CTD-processing/allCTD/CNV--homogene/2012_09-21_t9_s03_repeat2_cast161.cnv
* Sea-Bird SBE19plus Data File:
* FileName = C:\Documents and Settings\kris.holderied.local\My Documents\2012-CTD-DATA-new-files\2012-09-21-CTD-HomerSpit-tide-time-series-KBRRctd\2012-09-21-CTD-HomerSpit-tide-repeat2\2012-09-21-HomerSpit-tide-repeat2161.hex
* Software Version 1.54
* Temperature SN =  4141
* Conductivity SN =  4141
* System UpLoad Time = Oct 11 2012 18:33:54
** Kachemak Bay Homer Spit Line - Tidal repeat2
** Date:  2012-09-21
** Station: 9-03
** Start time (AKDT-24 hr): 1159
** Depth (ft): 310
** Comment:Brown turbid water
# nquan = 17
# nvalues = 625                         
# units = specified
# name 0 = scan: Scan Count
# name 1 = timeJ: Julian Days
# name 2 = timeH: Time, Elapsed [hours]
# name 3 = timeM: Time, Elapsed [minutes]
# name 4 = timeS: Time, Elapsed [seconds]
# name 5 = density00: Density [density, kg/m^3]
# name 6 = specc: Specific Conductance [uS/cm]
# name 7 = sal00: Salinity, Practical [PSU]
# name 8 = depSM: Depth [salt water, m], lat = 59.00
# name 9 = oxsolML/L: Oxygen Saturation, Garcia & Gordon [ml/l]
# name 10 = potemp090C: Potential Temperature [ITS-90, deg C]
# name 11 = tv290C: Temperature [ITS-90, deg C]
# name 12 = sigma-é00: Density [sigma-theta, kg/m^3]
# name 13 = n2satML/L: Nitrogen Saturation [ml/l]
# name 14 = par: PAR/Irradiance, Biospherical/Licor
# name 15 = prdM: Pressure, Strain Gauge [db]
# name 16 = flag:  0.000e+00
# span 0 =          1,        625       
# span 1 = 265.499664, 265.501470       
# span 2 =    0.00000,    0.04333       
# span 3 =     0.0000,     2.6000       
# span 4 =      0.000,    156.000       
# span 5 =  1007.8670,  1024.2219       
# span 6 =  17842.809,  48744.315       
# span 7 =    10.4388,    30.8558       
# span 8 =     -0.095,     88.852       
# span 9 =    6.54941,    7.43475       
# span 10 =     9.3777,     9.7749      
# span 11 =     9.3871,     9.7749      
# span 12 =     7.8673,    23.8160      
# span 13 =   11.83955,   13.57856      
# span 14 = 6.6614e-02, 1.5546e+03      
# span 15 =     -0.096,     89.710      
# span 16 = 0.0000e+00, 0.0000e+00      
# interval = seconds: 0.25
# start_time = Sep 21 2012 11:59:31 [Instrument's time stamp, header]
# bad_flag = -9.990e-29
*END*
[from data line 426]
        427 265.500897    0.02958     1.7750    106.500  1023.6292  48107.507    30.4641     34.633    6.55248     9.6358     9.6416    23.4703   11.84552 7.0505e-02     34.963 0.0000e+00
        428 265.500900    0.02965     1.7792    106.750  1023.6304  48107.615    30.4640     34.891    6.55263     9.6345     9.6407    23.4703   11.84576 7.0283e-02     35.223 0.0000e+00
        429 265.500903    0.02972     1.7833    107.000  1023.6320  48108.433    30.4643     35.151    6.55278     9.6335     9.6395    23.4708   11.84602 7.0052e-02     35.486 0.0000e+00
        430 265.500906    0.02979     1.7875    107.250  1023.6340  48109.842    30.4650     35.412    6.55293     9.6328     9.6383    23.4715   11.84625 6.9853e-02     35.749 0.0000e+00
        431 265.500909    0.02986     1.7917    107.500  1023.6360  48111.388    30.4659     35.672    6.55304     9.6323     9.6373    23.4723   11.84642 6.9721e-02     36.012 0.0000e+00
        432 265.500911    0.02993     1.7958    107.750  1023.6379  48112.751    30.4667     35.929    6.55311     9.6320     9.6366    23.4730   11.84652 6.9626e-02     36.272 0.0000e+00
        433 265.500914    0.03000     1.8000    108.000  1023.6397  48113.990    30.4674     36.185    6.55314     9.6319     9.6361    23.4737   11.84657 6.9524e-02     36.531 0.0000e+00
        434 265.500917    0.03007     1.8042    108.250  1023.6417  48115.531    30.4683     36.444    6.55314     9.6320     9.6359    23.4744   11.84656 6.9386e-02     36.791 0.0000e+00
        435 265.500920    0.03014     1.8083    108.500  1023.6442  48118.051    30.4700     36.707    6.55308     9.6325     9.6358    23.4757   11.84645 6.9220e-02     37.056 0.0000e+00
        436 265.500923    0.03021     1.8125    108.750  1023.6474  48121.953    30.4726     36.973    6.55295     9.6332     9.6360    23.4778   11.84620 6.9073e-02     37.325 0.0000e+00
        437 265.500926    0.03028     1.8167    109.000  1023.6513  48126.987    30.4761     37.240    6.55274     9.6341     9.6364    23.4804   11.84580 6.8960e-02     37.595 0.0000e+00
        438 265.500929    0.03035     1.8208    109.250  1023.6552  48132.133    30.4797     37.505    6.55247     9.6352     9.6372    23.4831   11.84532 6.8852e-02     37.863 0.0000e+00
        439 265.500932    0.03042     1.8250    109.500  1023.6584  48136.058    30.4824     37.768    6.55222     9.6363     9.6382    23.4851   11.84486 6.8739e-02     38.128 0.0000e+00
        440 265.500935    0.03049     1.8292    109.750  1023.6607  48138.365    30.4841     38.031    6.55199     9.6374     9.6392    23.4863   11.84446 6.8622e-02     38.393 0.0000e+00
        441 265.500938    0.03056     1.8333    110.000  1023.6624  48139.493    30.4849     38.300    6.55179     9.6383     9.6404    23.4867   11.84413 6.8490e-02     38.665 0.0000e+00
        442 265.500940    0.03062     1.8375    110.250  1023.6638  48139.960    30.4852     38.582    6.55162     9.6391     9.6415    23.4868   11.84384 6.8359e-02     38.949 0.0000e+00
        443 265.500943    0.03069     1.8417    110.500  1023.6652  48140.231    30.4854     38.879    6.55147     9.6399     9.6424    23.4868   11.84359 6.8224e-02     39.249 0.0000e+00
        444 265.500946    0.03076     1.8458    110.750  1023.6666  48140.474    30.4856     39.187    6.55134     9.6406     9.6433    23.4868   11.84336 6.8080e-02     39.561 0.0000e+00
        445 265.500949    0.03083     1.8500    111.000  1023.6680  48140.594    30.4856     39.498    6.55122     9.6410     9.6442    23.4868   11.84316 6.7990e-02     39.875 0.0000e+00
        446 265.500952    0.03090     1.8542    111.250  1023.6692  48140.607    30.4856     39.798    6.55112     9.6412     9.6448    23.4866   11.84300 6.7981e-02     40.178 0.0000e+00
        447 265.500955    0.03097     1.8583    111.500  1023.6704  48140.597    30.4855     40.078    6.55106     9.6413     9.6453    23.4865   11.84289 6.8011e-02     40.461 0.0000e+00
        448 265.500958    0.03104     1.8625    111.750  1023.6715  48140.568    30.4854     40.341    6.55102     9.6412     9.6455    23.4864   11.84284 6.8022e-02     40.726 0.0000e+00
        449 265.500961    0.03111     1.8667    112.000  1023.6726  48140.545    30.4853     40.598    6.55101     9.6409     9.6456    23.4863   11.84283 6.7976e-02     40.985 0.0000e+00
        450 265.500964    0.03118     1.8708    112.250  1023.6738  48140.663    30.4853     40.863    6.55103     9.6405     9.6455    23.4863   11.84285 6.7867e-02     41.253 0.0000e+00
        451 265.500966    0.03125     1.8750    112.500  1023.6752  48141.087    30.4854     41.146    6.55106     9.6402     9.6453    23.4865   11.84290 6.7712e-02     41.539 0.0000e+00
        452 265.500969    0.03132     1.8792    112.750  1023.6769  48141.752    30.4857     41.447    6.55110     9.6400     9.6449    23.4868   11.84296 6.7572e-02     41.843 0.0000e+00
        453 265.500972    0.03139     1.8833    113.000  1023.6786  48142.397    30.4860     41.759    6.55113     9.6398     9.6446    23.4870   11.84300 6.7512e-02     42.158 0.0000e+00
        454 265.500975    0.03146     1.8875    113.250  1023.6802  48142.889    30.4862     42.069    6.55114     9.6397     9.6445    23.4872   11.84303 6.7524e-02     42.471 0.0000e+00
        455 265.500978    0.03153     1.8917    113.500  1023.6818  48143.372    30.4864     42.370    6.55115     9.6395     9.6444    23.4874   11.84305 6.7571e-02     42.774 0.0000e+00
        456 265.500981    0.03160     1.8958    113.750  1023.6833  48143.933    30.4866     42.655    6.55116     9.6393     9.6442    23.4876   11.84306 6.7614e-02     43.062 0.0000e+00
        457 265.500984    0.03167     1.9000    114.000  1023.6847  48144.438    30.4869     42.927    6.55117     9.6391     9.6441    23.4878   11.84307 6.7620e-02     43.336 0.0000e+00
        458 265.500987    0.03174     1.9042    114.250  1023.6861  48144.919    30.4871     43.190    6.55119     9.6388     9.6439    23.4880   11.84309 6.7601e-02     43.603 0.0000e+00
        459 265.500990    0.03181     1.9083    114.500  1023.6876  48145.486    30.4874     43.454    6.55121     9.6386     9.6437    23.4882   11.84312 6.7574e-02     43.869 0.0000e+00
        460 265.500992    0.03188     1.9125    114.750  1023.6890  48146.039    30.4876     43.721    6.55123     9.6384     9.6435    23.4884   11.84315 6.7532e-02     44.139 0.0000e+00
        461 265.500995    0.03194     1.9167    115.000  1023.6904  48146.497    30.4878     43.992    6.55125     9.6381     9.6433    23.4886   11.84319 6.7486e-02     44.412 0.0000e+00
        462 265.500998    0.03201     1.9208    115.250  1023.6918  48146.829    30.4879     44.260    6.55127     9.6378     9.6431    23.4887   11.84323 6.7450e-02     44.683 0.0000e+00
        463 265.501001    0.03208     1.9250    115.500  1023.6930  48147.026    30.4879     44.523    6.55130     9.6375     9.6429    23.4888   11.84328 6.7424e-02     44.948 0.0000e+00
        464 265.501004    0.03215     1.9292    115.750  1023.6942  48147.144    30.4878     44.780    6.55134     9.6372     9.6426    23.4888   11.84335 6.7391e-02     45.207 0.0000e+00
        465 265.501007    0.03222     1.9333    116.000  1023.6954  48147.190    30.4877     45.038    6.55139     9.6368     9.6423    23.4887   11.84343 6.7347e-02     45.467 0.0000e+00
        466 265.501010    0.03229     1.9375    116.250  1023.6965  48147.078    30.4875     45.302    6.55145     9.6363     9.6420    23.4886   11.84353 6.7294e-02     45.734 0.0000e+00
        467 265.501013    0.03236     1.9417    116.500  1023.6974  48146.600    30.4870     45.578    6.55152     9.6356     9.6416    23.4883   11.84366 6.7239e-02     46.013 0.0000e+00
        468 265.501016    0.03243     1.9458    116.750  1023.6981  48145.470    30.4860     45.864    6.55163     9.6346     9.6411    23.4876   11.84385 6.7195e-02     46.302 0.0000e+00
        469 265.501019    0.03250     1.9500    117.000  1023.6982  48143.322    30.4843     46.155    6.55180     9.6332     9.6404    23.4864   11.84415 6.7180e-02     46.596 0.0000e+00
        470 265.501021    0.03257     1.9542    117.250  1023.6978  48140.325    30.4819     46.440    6.55204     9.6316     9.6395    23.4847   11.84458 6.7193e-02     46.884 0.0000e+00
        471 265.501024    0.03264     1.9583    117.500  1023.6972  48137.022    30.4793     46.710    6.55234     9.6296     9.6382    23.4829   11.84510 6.7217e-02     47.156 0.0000e+00
        472 265.501027    0.03271     1.9625    117.750  1023.6967  48133.996    30.4769     46.961    6.55268     9.6276     9.6365    23.4813   11.84570 6.7267e-02     47.410 0.0000e+00
        473 265.501030    0.03278     1.9667    118.000  1023.6969  48132.287    30.4753     47.200    6.55302     9.6255     9.6346    23.4804   11.84628 6.7317e-02     47.651 0.0000e+00
        474 265.501033    0.03285     1.9708    118.250  1023.6979  48131.977    30.4748     47.440    6.55334     9.6237     9.6326    23.4802   11.84681 6.7328e-02     47.893 0.0000e+00
        475 265.501036    0.03292     1.9750    118.500  1023.6992  48132.308    30.4746     47.691    6.55363     9.6220     9.6306    23.4804   11.84729 6.7311e-02     48.146 0.0000e+00
        476 265.501039    0.03299     1.9792    118.750  1023.7009  48133.115    30.4749     47.958    6.55389     9.6207     9.6288    23.4809   11.84772 6.7277e-02     48.416 0.0000e+00
        477 265.501042    0.03306     1.9833    119.000  1023.7029  48134.429    30.4755     48.239    6.55410     9.6196     9.6272    23.4816   11.84806 6.7242e-02     48.700 0.0000e+00
        478 265.501045    0.03313     1.9875    119.250  1023.7052  48136.231    30.4764     48.525    6.55425     9.6187     9.6258    23.4826   11.84829 6.7216e-02     48.989 0.0000e+00
        479 265.501047    0.03319     1.9917    119.500  1023.7076  48138.297    30.4776     48.809    6.55435     9.6180     9.6248    23.4837   11.84845 6.7187e-02     49.276 0.0000e+00
        480 265.501050    0.03326     1.9958    119.750  1023.7100  48140.417    30.4789     49.087    6.55443     9.6174     9.6239    23.4848   11.84856 6.7156e-02     49.557 0.0000e+00
        481 265.501053    0.03333     2.0000    120.000  1023.7124  48142.565    30.4802     49.357    6.55447     9.6170     9.6232    23.4860   11.84862 6.7137e-02     49.830 0.0000e+00
        482 265.501056    0.03340     2.0042    120.250  1023.7147  48144.570    30.4814     49.623    6.55449     9.6167     9.6227    23.4870   11.84864 6.7126e-02     50.098 0.0000e+00
        483 265.501059    0.03347     2.0083    120.500  1023.7168  48146.409    30.4825     49.888    6.55450     9.6166     9.6223    23.4879   11.84864 6.7123e-02     50.366 0.0000e+00
        484 265.501062    0.03354     2.0125    120.750  1023.7190  48148.249    30.4837     50.151    6.55448     9.6166     9.6221    23.4889   11.84860 6.7145e-02     50.631 0.0000e+00
        485 265.501065    0.03361     2.0167    121.000  1023.7212  48150.245    30.4850     50.410    6.55444     9.6166     9.6220    23.4899   11.84851 6.7185e-02     50.892 0.0000e+00
        486 265.501068    0.03368     2.0208    121.250  1023.7234  48152.412    30.4864     50.662    6.55438     9.6166     9.6220    23.4910   11.84840 6.7225e-02     51.147 0.0000e+00
        487 265.501071    0.03375     2.0250    121.500  1023.7257  48154.649    30.4879     50.911    6.55432     9.6166     9.6220    23.4922   11.84827 6.7270e-02     51.398 0.0000e+00
        488 265.501073    0.03382     2.0292    121.750  1023.7281  48157.087    30.4895     51.161    6.55425     9.6167     9.6221    23.4934   11.84814 6.7337e-02     51.651 0.0000e+00
        489 265.501076    0.03389     2.0333    122.000  1023.7307  48159.698    30.4912     51.421    6.55417     9.6169     9.6221    23.4948   11.84799 6.7411e-02     51.913 0.0000e+00
        490 265.501079    0.03396     2.0375    122.250  1023.7331  48162.097    30.4928     51.693    6.55409     9.6173     9.6222    23.4960   11.84783 6.7467e-02     52.188 0.0000e+00
        491 265.501082    0.03403     2.0417    122.500  1023.7355  48164.224    30.4942     51.977    6.55399     9.6179     9.6225    23.4971   11.84765 6.7537e-02     52.474 0.0000e+00
        492 265.501085    0.03410     2.0458    122.750  1023.7378  48166.145    30.4955     52.265    6.55388     9.6185     9.6229    23.4980   11.84745 6.7623e-02     52.765 0.0000e+00
        493 265.501088    0.03417     2.0500    123.000  1023.7398  48167.603    30.4965     52.550    6.55375     9.6192     9.6235    23.4987   11.84722 6.7688e-02     53.053 0.0000e+00
        494 265.501091    0.03424     2.0542    123.250  1023.7414  48168.586    30.4971     52.828    6.55362     9.6200     9.6242    23.4991   11.84700 6.7709e-02     53.333 0.0000e+00
        495 265.501094    0.03431     2.0583    123.500  1023.7430  48169.513    30.4978     53.099    6.55348     9.6207     9.6250    23.4995   11.84677 6.7666e-02     53.608 0.0000e+00
        496 265.501097    0.03438     2.0625    123.750  1023.7448  48170.748    30.4986     53.370    6.55334     9.6215     9.6257    23.5000   11.84652 6.7553e-02     53.881 0.0000e+00
        497 265.501100    0.03444     2.0667    124.000  1023.7469  48172.529    30.4998     53.644    6.55318     9.6226     9.6264    23.5009   11.84624 6.7403e-02     54.157 0.0000e+00
        498 265.501102    0.03451     2.0708    124.250  1023.7496  48175.300    30.5018     53.925    6.55297     9.6240     9.6273    23.5022   11.84587 6.7280e-02     54.441 0.0000e+00
        499 265.501105    0.03458     2.0750    124.500  1023.7531  48179.523    30.5047     54.214    6.55269     9.6260     9.6284    23.5044   11.84537 6.7219e-02     54.733 0.0000e+00
        500 265.501108    0.03465     2.0792    124.750  1023.7575  48185.448    30.5090     54.511    6.55230     9.6285     9.6299    23.5075   11.84467 6.7205e-02     55.033 0.0000e+00
        501 265.501111    0.03472     2.0833    125.000  1023.7628  48192.932    30.5144     54.814    6.55179     9.6313     9.6319    23.5114   11.84375 6.7204e-02     55.339 0.0000e+00
        502 265.501114    0.03479     2.0875    125.250  1023.7680  48200.256    30.5197     55.119    6.55119     9.6339     9.6344    23.5151   11.84271 6.7193e-02     55.646 0.0000e+00
        503 265.501117    0.03486     2.0917    125.500  1023.7719  48205.363    30.5235     55.422    6.55062     9.6357     9.6372    23.5177   11.84172 6.7173e-02     55.953 0.0000e+00
        504 265.501120    0.03493     2.0958    125.750  1023.7747  48208.446    30.5259     55.723    6.55014     9.6366     9.6398    23.5191   11.84090 6.7130e-02     56.257 0.0000e+00
        505 265.501123    0.03500     2.1000    126.000  1023.7773  48210.993    30.5278     56.019    6.54979     9.6365     9.6417    23.5203   11.84029 6.7070e-02     56.556 0.0000e+00
        506 265.501126    0.03507     2.1042    126.250  1023.7802  48214.233    30.5301     56.309    6.54956     9.6353     9.6427    23.5220   11.83988 6.7051e-02     56.848 0.0000e+00
        507 265.501128    0.03514     2.1083    126.500  1023.7841  48219.096    30.5333     56.593    6.54943     9.6329     9.6426    23.5245   11.83963 6.7118e-02     57.135 0.0000e+00
        508 265.501131    0.03521     2.1125    126.750  1023.7891  48225.876    30.5378     56.871    6.54941     9.6296     9.6414    23.5282   11.83955 6.7291e-02     57.416 0.0000e+00
        509 265.501134    0.03528     2.1167    127.000  1023.7949  48234.158    30.5432     57.149    6.54953     9.6255     9.6391    23.5328   11.83966 6.7505e-02     57.696 0.0000e+00
        510 265.501137    0.03535     2.1208    127.250  1023.8015  48243.528    30.5493     57.432    6.54975     9.6207     9.6358    23.5380   11.83996 6.7642e-02     57.982 0.0000e+00
