CTD-processing/allCTD/CNV--homogene/2012_08-26_t9_s09_cast044.cnv
* Sea-Bird SBE19plus Data File:
* FileName = C:\Documents and Settings\kris.holderied.local\My Documents\2012-CTD-DATA-new-files\2012-08-26-CTD-HomerSpit\2012-08-26-KBay-HomerSpitLine-cast044.hex
* Software Version 1.54
* Temperature SN =  5028
* Conductivity SN =  5028
* System UpLoad Time = Aug 26 2012 14:00:34
** Kachemak Bay Homer Spit CTD Mckeon Flat to Spit
** Date:  2012-08-26
** Station:  9-09
** Start time (AKDT-24 hr): 1206
** Depth (ft): 263
** Comment:None
# nquan = 17
# nvalues = 648                         
# units = specified
# name 0 = scan: Scan Count
# name 1 = timeJ: Julian Days
# name 2 = timeH: Time, Elapsed [hours]
# name 3 = timeM: Time, Elapsed [minutes]
# name 4 = timeS: Time, Elapsed [seconds]
# name 5 = density00: Density [density, kg/m^3]
# name 6 = specc: Specific Conductance [uS/cm]
# name 7 = sal00: Salinity, Practical [PSU]
# name 8 = depSM: Depth [salt water, m], lat = 59.00
# name 9 = oxsolML/L: Oxygen Saturation, Garcia & Gordon [ml/l]
# name 10 = potemp090C: Potential Temperature [ITS-90, deg C]
# name 11 = tv290C: Temperature [ITS-90, deg C]
# name 12 = sigma-é00: Density [sigma-theta, kg/m^3]
# name 13 = n2satML/L: Nitrogen Saturation [ml/l]
# name 14 = par: PAR/Irradiance, Biospherical/Licor [umol photons/m^2/sec]
# name 15 = prdM: Pressure, Strain Gauge [db]
# name 16 = flag:  0.000e+00
# span 0 =          1,        648       
# span 1 = 239.503646, 239.505518       
# span 2 =    0.00000,    0.04493       
# span 3 =     0.0000,     2.6958       
# span 4 =      0.000,    161.750       
# span 5 =  1000.0979,  1024.4298       
# span 6 =   1290.063,  49207.288       
# span 7 =     0.6431,    31.1164       
# span 8 =     -0.059,     72.111       
# span 9 =    6.42477,    7.74170       
# span 10 =     8.8669,    11.4457      
# span 11 =     8.8742,    11.4458      
# span 12 =     0.0982,    24.0985      
# span 13 =   11.66008,   14.22658      
# span 14 = 5.9809e-02, 1.2818e+02      
# span 15 =     -0.060,     72.804      
# span 16 = 0.0000e+00, 0.0000e+00      
# interval = seconds: 0.25
# start_time = Aug 26 2012 12:05:15 [Instrument's time stamp, header]
# bad_flag = -9.990e-29
*END*
          1 239.503646    0.00000     0.0000      0.000  1001.5099   4518.014     2.3792     -0.059    7.67505    10.5803    10.5813     1.5102   14.09502 9.1171e+01     -0.060 0.0000e+00
          2 239.503649    0.00007     0.0042      0.250  1001.3859   4231.403     2.2203     -0.059    7.68288    10.5796    10.5808     1.3862   14.11054 9.0987e+01     -0.060 0.0000e+00
          3 239.503652    0.00014     0.0083      0.500  1001.2445   3903.627     2.0391     -0.059    7.69182    10.5789    10.5803     1.2448   14.12827 9.0724e+01     -0.060 0.0000e+00
          4 239.503655    0.00021     0.0125      0.750  1001.1082   3586.224     1.8643     -0.059    7.70048    10.5780    10.5796     1.1085   14.14542 9.0340e+01     -0.060 0.0000e+00
          5 239.503657    0.00028     0.0167      1.000  1000.9877   3304.740     1.7100     -0.059    7.70816    10.5771    10.5789     0.9880   14.16063 8.9933e+01     -0.060 0.0000e+00
          6 239.503660    0.00035     0.0208      1.250  1000.8872   3068.812     1.5811     -0.059    7.71461    10.5762    10.5780     0.8875   14.17339 8.9723e+01     -0.060 0.0000e+00
          7 239.503663    0.00042     0.0250      1.500  1000.8048   2874.643     1.4755     -0.059    7.71994    10.5751    10.5771     0.8051   14.18393 8.9842e+01     -0.060 0.0000e+00
          8 239.503666    0.00049     0.0292      1.750  1000.7361   2712.096     1.3874     -0.059    7.72443    10.5740    10.5762     0.7363   14.19279 9.0227e+01     -0.060 0.0000e+00
          9 239.503669    0.00056     0.0333      2.000  1000.6775   2573.117     1.3124     -0.059    7.72829    10.5729    10.5751     0.6778   14.20041 9.0822e+01     -0.060 0.0000e+00
         10 239.503672    0.00063     0.0375      2.250  1000.6282   2455.572     1.2492     -0.059    7.73159    10.5717    10.5740     0.6285   14.20690 9.1543e+01     -0.060 0.0000e+00
         11 239.503675    0.00069     0.0417      2.500  1000.5874   2357.827     1.1968     -0.059    7.73437    10.5705    10.5729     0.5877   14.21235 9.2094e+01     -0.060 0.0000e+00
         12 239.503678    0.00076     0.0458      2.750  1000.5534   2276.213     1.1532     -0.059    7.73672    10.5693    10.5717     0.5537   14.21696 9.2351e+01     -0.060 0.0000e+00
         13 239.503681    0.00083     0.0500      3.000  1000.5259   2209.921     1.1179     -0.059    7.73867    10.5682    10.5705     0.5262   14.22077 9.2583e+01     -0.060 0.0000e+00
         14 239.503683    0.00090     0.0542      3.250  1000.5057   2160.708     1.0919     -0.059    7.74016    10.5673    10.5693     0.5060   14.22368 9.2876e+01     -0.060 0.0000e+00
         15 239.503686    0.00097     0.0583      3.500  1000.4931   2129.710     1.0757     -0.059    7.74116    10.5666    10.5682     0.4934   14.22560 9.3194e+01     -0.060 0.0000e+00
         16 239.503689    0.00104     0.0625      3.750  1000.4882   2116.662     1.0693     -0.059    7.74165    10.5663    10.5673     0.4884   14.22653 9.4086e+01     -0.060 0.0000e+00
         17 239.503692    0.00111     0.0667      4.000  1000.4897   2118.620     1.0712     -0.059    7.74170    10.5665    10.5666     0.4900   14.22658 9.6268e+01     -0.060 0.0000e+00
         18 239.503695    0.00118     0.0708      4.250  1000.4987   2137.518     1.0827     -0.059    7.74121    10.5677    10.5663     0.4989   14.22561 9.9705e+01     -0.060 0.0000e+00
         19 239.503698    0.00125     0.0750      4.500  1000.5235   2193.031     1.1146     -0.059    7.73964    10.5705    10.5665     0.5238   14.22251 1.0340e+02     -0.060 0.0000e+00
         20 239.503701    0.00132     0.0792      4.750  1000.5759   2312.559     1.1821     -0.058    7.73618    10.5759    10.5677     0.5762   14.21571 1.0656e+02     -0.059 0.0000e+00
         21 239.503704    0.00139     0.0833      5.000  1000.6588   2501.043     1.2888     -0.057    7.73056    10.5858    10.5705     0.6591   14.20470 1.0922e+02     -0.058 0.0000e+00
         22 239.503707    0.00146     0.0875      5.250  1000.7704   2751.277     1.4328     -0.055    7.72270    10.6031    10.5759     0.7707   14.18940 1.1114e+02     -0.056 0.0000e+00
         23 239.503709    0.00153     0.0917      5.500  1000.9231   3088.506     1.6303     -0.052    7.71153    10.6330    10.5858     0.9233   14.16780 1.1217e+02     -0.053 0.0000e+00
         24 239.503712    0.00160     0.0958      5.750  1001.1538   3593.741     1.9293     -0.046    7.69424    10.6837    10.6031     1.1540   14.13446 1.1263e+02     -0.047 0.0000e+00
         25 239.503715    0.00167     0.1000      6.000  1001.5316   4419.621     2.4191     -0.038    7.66568    10.7635    10.6330     1.5317   14.07945 1.1248e+02     -0.039 0.0000e+00
         26 239.503718    0.00174     0.1042      6.250  1002.1447   5757.266     3.2146     -0.027    7.61894    10.8662    10.6837     2.1449   13.98952 1.1136e+02     -0.028 0.0000e+00
         27 239.503721    0.00181     0.1083      6.500  1002.5438   6640.457     3.7384     -0.016    7.57987    10.9691    10.7635     2.5439   13.91629 1.0945e+02     -0.016 0.0000e+00
         28 239.503724    0.00187     0.1125      6.750  1002.1935   5911.550     3.3010     -0.012    7.58227    11.0534    10.8662     2.1935   13.92630 1.0805e+02     -0.012 0.0000e+00
         29 239.503727    0.00194     0.1167      7.000  1001.5457   4527.517     2.4814     -0.017    7.60286    11.1139    10.9691     1.5458   13.97237 1.0797e+02     -0.017 0.0000e+00
         30 239.503730    0.00201     0.1208      7.250  1001.0965   3559.799     1.9152     -0.025    7.61483    11.1541    11.0534     1.0967   14.00043 1.0808e+02     -0.026 0.0000e+00
         31 239.503733    0.00208     0.1250      7.500  1000.8165   2955.897     1.5634     -0.033    7.62086    11.1813    11.1139     0.8167   14.01548 1.0751e+02     -0.033 0.0000e+00
         32 239.503736    0.00215     0.1292      7.750  1000.6515   2601.062     1.3567     -0.038    7.62358    11.2029    11.1541     0.6517   14.02294 1.0705e+02     -0.038 0.0000e+00
         33 239.503738    0.00222     0.1333      8.000  1000.5703   2430.767     1.2558     -0.038    7.62357    11.2252    11.1813     0.5704   14.02431 1.0729e+02     -0.038 0.0000e+00
         34 239.503741    0.00229     0.1375      8.250  1000.5571   2414.160     1.2416     -0.036    7.62040    11.2491    11.2029     0.5572   14.01912 1.0762e+02     -0.036 0.0000e+00
         35 239.503744    0.00236     0.1417      8.500  1000.5498   2408.033     1.2351     -0.035    7.61676    11.2694    11.2252     0.5499   14.01303 1.0732e+02     -0.036 0.0000e+00
         36 239.503747    0.00243     0.1458      8.750  1000.4836   2260.064     1.1535     -0.039    7.61648    11.2821    11.2491     0.4837   14.01371 1.0690e+02     -0.039 0.0000e+00
         37 239.503750    0.00250     0.1500      9.000  1000.3950   2056.046     1.0427     -0.045    7.61823    11.2877    11.2694     0.3952   14.01825 1.0705e+02     -0.046 0.0000e+00
         38 239.503753    0.00257     0.1542      9.250  1000.3278   1899.497     0.9583     -0.050    7.62005    11.2882    11.2821     0.3280   14.02253 1.0730e+02     -0.051 0.0000e+00
         39 239.503756    0.00264     0.1583      9.500  1000.2815   1790.582     0.8998     -0.053    7.62188    11.2854    11.2877     0.2818   14.02645 1.0646e+02     -0.054 0.0000e+00
         40 239.503759    0.00271     0.1625      9.750  1000.2594   1738.140     0.8716     -0.055    7.62315    11.2805    11.2882     0.2597   14.02900 1.0445e+02     -0.056 0.0000e+00
         41 239.503762    0.00278     0.1667     10.000  1000.2615   1743.448     0.8739     -0.057    7.62353    11.2743    11.2853     0.2618   14.02962 1.0250e+02     -0.057 0.0000e+00
         42 239.503764    0.00285     0.1708     10.250  1000.2826   1794.324     0.9003     -0.058    7.62311    11.2675    11.2804     0.2829   14.02853 1.0102e+02     -0.058 0.0000e+00
         43 239.503767    0.00292     0.1750     10.500  1000.3129   1866.891     0.9382     -0.059    7.62236    11.2604    11.2743     0.3132   14.02671 9.9807e+01     -0.059 0.0000e+00
         44 239.503770    0.00299     0.1792     10.750  1000.3413   1934.395     0.9736     -0.059    7.62185    11.2531    11.2675     0.3416   14.02533 9.9381e+01     -0.060 0.0000e+00
         45 239.503773    0.00306     0.1833     11.000  1000.3638   1987.297     1.0014     -0.059    7.62176    11.2457    11.2604     0.3641   14.02479 1.0000e+02     -0.060 0.0000e+00
         46 239.503776    0.00313     0.1875     11.250  1000.3773   2018.169     1.0176     -0.059    7.62227    11.2384    11.2531     0.3775   14.02541 1.0161e+02     -0.060 0.0000e+00
         47 239.503779    0.00319     0.1917     11.500  1000.3786   2019.683     1.0183     -0.059    7.62352    11.2312    11.2457     0.3789   14.02752 1.0436e+02     -0.060 0.0000e+00
         48 239.503782    0.00326     0.1958     11.750  1000.3710   1999.451     1.0076     -0.059    7.62532    11.2240    11.2384     0.3713   14.03073 1.0761e+02     -0.060 0.0000e+00
         49 239.503785    0.00333     0.2000     12.000  1000.3586   1967.358     0.9907     -0.058    7.62741    11.2168    11.2312     0.3588   14.03450 1.1017e+02     -0.059 0.0000e+00
         50 239.503788    0.00340     0.2042     12.250  1000.3426   1926.860     0.9693     -0.058    7.62970    11.2098    11.2240     0.3429   14.03868 1.1174e+02     -0.059 0.0000e+00
         51 239.503791    0.00347     0.2083     12.500  1000.3231   1877.489     0.9433     -0.059    7.63221    11.2027    11.2168     0.3234   14.04329 1.1255e+02     -0.059 0.0000e+00
         52 239.503793    0.00354     0.2125     12.750  1000.2992   1817.428     0.9117     -0.059    7.63497    11.1956    11.2098     0.2995   14.04842 1.1272e+02     -0.060 0.0000e+00
         53 239.503796    0.00361     0.2167     13.000  1000.2704   1745.367     0.8739     -0.059    7.63803    11.1884    11.2027     0.2707   14.05415 1.1240e+02     -0.060 0.0000e+00
         54 239.503799    0.00368     0.2208     13.250  1000.2393   1667.412     0.8331     -0.059    7.64125    11.1813    11.1956     0.2396   14.06019 1.1209e+02     -0.060 0.0000e+00
         55 239.503802    0.00375     0.2250     13.500  1000.2097   1593.235     0.7944     -0.059    7.64438    11.1741    11.1884     0.2100   14.06604 1.1255e+02     -0.060 0.0000e+00
         56 239.503805    0.00382     0.2292     13.750  1000.1833   1526.456     0.7596     -0.059    7.64733    11.1670    11.1813     0.1836   14.07152 1.1443e+02     -0.060 0.0000e+00
         57 239.503808    0.00389     0.2333     14.000  1000.1604   1468.256     0.7293     -0.059    7.65005    11.1600    11.1741     0.1607   14.07657 1.1738e+02     -0.060 0.0000e+00
         58 239.503811    0.00396     0.2375     14.250  1000.1422   1421.606     0.7051     -0.059    7.65247    11.1532    11.1670     0.1425   14.08102 1.2029e+02     -0.060 0.0000e+00
         59 239.503814    0.00403     0.2417     14.500  1000.1292   1387.449     0.6875     -0.059    7.65455    11.1466    11.1600     0.1295   14.08479 1.2256e+02     -0.060 0.0000e+00
         60 239.503817    0.00410     0.2458     14.750  1000.1195   1361.455     0.6742     -0.059    7.65640    11.1400    11.1532     0.1198   14.08810 1.2421e+02     -0.060 0.0000e+00
         61 239.503819    0.00417     0.2500     15.000  1000.1119   1340.582     0.6637     -0.059    7.65808    11.1335    11.1466     0.1122   14.09111 1.2550e+02     -0.060 0.0000e+00
         62 239.503822    0.00424     0.2542     15.250  1000.1062   1323.696     0.6555     -0.059    7.65965    11.1269    11.1400     0.1065   14.09388 1.2668e+02     -0.060 0.0000e+00
         63 239.503825    0.00431     0.2583     15.500  1000.1014   1308.526     0.6486     -0.059    7.66116    11.1204    11.1335     0.1017   14.09654 1.2767e+02     -0.060 0.0000e+00
         64 239.503828    0.00438     0.2625     15.750  1000.0979   1295.240     0.6433     -0.059    7.66260    11.1140    11.1269     0.0982   14.09907 1.2818e+02     -0.060 0.0000e+00
         65 239.503831    0.00444     0.2667     16.000  1000.0984   1290.063     0.6431     -0.059    7.66380    11.1078    11.1204     0.0987   14.10112 1.2815e+02     -0.060 0.0000e+00
         66 239.503834    0.00451     0.2708     16.250  1000.1083   1305.295     0.6552     -0.058    7.66442    11.1019    11.1140     0.1086   14.10202 1.2795e+02     -0.059 0.0000e+00
         67 239.503837    0.00458     0.2750     16.500  1000.1340   1354.588     0.6877     -0.058    7.66407    11.0966    11.1078     0.1343   14.10102 1.2779e+02     -0.059 0.0000e+00
         68 239.503840    0.00465     0.2792     16.750  1000.1842   1456.094     0.7517     -0.057    7.66221    11.0921    11.1019     0.1845   14.09706 1.2757e+02     -0.058 0.0000e+00
         69 239.503843    0.00472     0.2833     17.000  1000.2747   1643.324     0.8676     -0.056    7.65790    11.0890    11.0966     0.2749   14.08824 1.2732e+02     -0.056 0.0000e+00
         70 239.503845    0.00479     0.2875     17.250  1000.4319   1972.863     1.0699     -0.053    7.64948    11.0885    11.0921     0.4322   14.07136 1.2706e+02     -0.054 0.0000e+00
         71 239.503848    0.00486     0.2917     17.500  1000.6999   2537.819     1.4149     -0.049    7.63427    11.0921    11.0890     0.7001   14.04110 1.2671e+02     -0.050 0.0000e+00
         72 239.503851    0.00493     0.2958     17.750  1001.1516   3493.413     1.9972     -0.043    7.60776    11.1025    11.0885     1.1518   13.98861 1.2636e+02     -0.043 0.0000e+00
         73 239.503854    0.00500     0.3000     18.000  1001.9093   5099.297     2.9744     -0.032    7.56247    11.1243    11.0921     1.9094   13.89913 1.2596e+02     -0.032 0.0000e+00
         74 239.503857    0.00507     0.3042     18.250  1003.1773   7790.107     4.6104     -0.014    7.48582    11.1618    11.1025     3.1774   13.74795 1.2533e+02     -0.014 0.0000e+00
         75 239.503860    0.00514     0.3083     18.500  1005.2314  12133.157     7.2617      0.014    7.36094    11.2121    11.1243     5.2313   13.50190 1.2430e+02      0.015 0.0000e+00
         76 239.503863    0.00521     0.3125     18.750  1007.9617  17840.981    10.7887      0.054    7.19456    11.2651    11.1618     7.9614   13.17470 1.2255e+02      0.054 0.0000e+00
         77 239.503866    0.00528     0.3167     19.000  1010.9515  23962.262    14.6549      0.103    7.01345    11.3131    11.2121    10.9510   12.81944 1.1971e+02      0.104 0.0000e+00
         78 239.503869    0.00535     0.3208     19.250  1013.8428  29765.532    18.3961      0.164    6.84019    11.3537    11.2651    13.8420   12.48026 1.1556e+02      0.166 0.0000e+00
         79 239.503872    0.00542     0.3250     19.500  1016.1150  34283.308    21.3379      0.242    6.70419    11.3867    11.3131    16.1139   12.21448 1.0992e+02      0.245 0.0000e+00
         80 239.503874    0.00549     0.3292     19.750  1017.5797  37185.358    23.2360      0.335    6.61543    11.4114    11.3537    17.5782   12.04146 1.0175e+02      0.338 0.0000e+00
         81 239.503877    0.00556     0.3333     20.000  1018.5033  39011.179    24.4342      0.432    6.55854    11.4281    11.3867    18.5013   11.93090 9.1836e+01      0.436 0.0000e+00
         82 239.503880    0.00562     0.3375     20.250  1019.0902  40168.263    25.1963      0.526    6.52194    11.4378    11.4114    19.0878   11.85993 8.3827e+01      0.531 0.0000e+00
         83 239.503883    0.00569     0.3417     20.500  1019.4549  40886.017    25.6699      0.614    6.49905    11.4422    11.4281    19.4521   11.81560 7.8820e+01      0.620 0.0000e+00
         84 239.503886    0.00576     0.3458     20.750  1019.6694  41308.303    25.9483      0.693    6.48559    11.4424    11.4379    19.6662   11.78954 7.5704e+01      0.699 0.0000e+00
         85 239.503889    0.00583     0.3500     21.000  1019.7871  41540.807    26.1007      0.757    6.47832    11.4396    11.4422    19.7836   11.77542 7.3806e+01      0.764 0.0000e+00
