CTD-processing/allCTD/CNV--homogene/2012_07-31_t4_s09_cast107.cnv
* Sea-Bird SBE19plus Data File:
* FileName = C:\Documents and Settings\kris.holderied.local\My Documents\2012-07-EVOS-CookInlet-Ocean\2012-07-CookInlet-Tran4-Barabara\2012-07-31-CookInlet-Tran4-cast107.hex
* Software Version 1.54
* Temperature SN =  4141
* Conductivity SN =  4141
* System UpLoad Time = Jul 31 2012 11:55:22
** Cook Inlet LTM Transect 4 - Barabara to Bluff Pt
** Date:  2012-07-31
** Station:  4-09
** Start time (AKDT-24 hr): 10:52
** Depth (m): 24
** Comment:
# nquan = 17
# nvalues = 361                         
# units = specified
# name 0 = scan: Scan Count
# name 1 = timeJ: Julian Days
# name 2 = timeH: Time, Elapsed [hours]
# name 3 = timeM: Time, Elapsed [minutes]
# name 4 = timeS: Time, Elapsed [seconds]
# name 5 = density00: Density [density, kg/m^3]
# name 6 = specc: Specific Conductance [uS/cm]
# name 7 = sal00: Salinity, Practical [PSU]
# name 8 = depSM: Depth [salt water, m], lat = 59.00
# name 9 = oxsolML/L: Oxygen Saturation, Garcia & Gordon [ml/l]
# name 10 = potemp090C: Potential Temperature [ITS-90, deg C]
# name 11 = tv290C: Temperature [ITS-90, deg C]
# name 12 = sigma-é00: Density [sigma-theta, kg/m^3]
# name 13 = n2satML/L: Nitrogen Saturation [ml/l]
# name 14 = par: PAR/Irradiance, Biospherical/Licor
# name 15 = prdM: Pressure, Strain Gauge [db]
# name 16 = flag:  0.000e+00
# span 0 =          1,        361       
# span 1 = 213.452824, 213.453866       
# span 2 =    0.00000,    0.02500       
# span 3 =     0.0000,     1.5000       
# span 4 =      0.000,     90.000       
# span 5 =  1000.1822,  1024.2348       
# span 6 =   1386.172,  49262.412       
# span 7 =     0.6943,    31.2122       
# span 8 =     -0.057,     21.871       
# span 9 =    6.42645,    7.73796       
# span 10 =     9.1256,    11.1619      
# span 11 =     9.1279,    11.1620      
# span 12 =     0.1825,    24.1343      
# span 13 =   11.65311,   14.22580      
# span 14 = 3.8385e-01, 6.4690e+02      
# span 15 =     -0.058,     22.079      
# span 16 = 0.0000e+00, 0.0000e+00      
# interval = seconds: 0.25
# start_time = Jul 31 2012 10:52:04 [Instrument's time stamp, header]
# bad_flag = -9.990e-29
*END*
[from data line 171]
        172 213.453319    0.01188     0.7125     42.750  1021.2750  44250.387    27.9394      1.339    6.45149    11.0926    11.0908    21.2689   11.70839 2.8038e+02      1.351 0.0000e+00
        173 213.453322    0.01194     0.7167     43.000  1021.2674  44236.434    27.9297      1.335    6.45177    11.0941    11.0916    21.2613   11.70897 2.8132e+02      1.347 0.0000e+00
        174 213.453325    0.01201     0.7208     43.250  1021.2540  44211.967    27.9127      1.333    6.45231    11.0960    11.0927    21.2479   11.71006 2.8251e+02      1.346 0.0000e+00
        175 213.453328    0.01208     0.7250     43.500  1021.2393  44185.119    27.8941      1.333    6.45285    11.0980    11.0943    21.2332   11.71119 2.8340e+02      1.346 0.0000e+00
        176 213.453330    0.01215     0.7292     43.750  1021.2272  44163.047    27.8789      1.336    6.45321    11.0996    11.0962    21.2211   11.71197 2.8352e+02      1.349 0.0000e+00
        177 213.453333    0.01222     0.7333     44.000  1021.2191  44148.551    27.8690      1.339    6.45334    11.1005    11.0981    21.2130   11.71230 2.8283e+02      1.351 0.0000e+00
        178 213.453336    0.01229     0.7375     44.250  1021.2155  44142.165    27.8647      1.341    6.45329    11.1006    11.0997    21.2094   11.71227 2.8153e+02      1.354 0.0000e+00
        179 213.453339    0.01236     0.7417     44.500  1021.2154  44142.096    27.8647      1.343    6.45316    11.1001    11.1006    21.2093   11.71206 2.8007e+02      1.356 0.0000e+00
        180 213.453342    0.01243     0.7458     44.750  1021.2164  44143.992    27.8660      1.343    6.45310    11.0993    11.1007    21.2103   11.71193 2.7930e+02      1.356 0.0000e+00
        181 213.453345    0.01250     0.7500     45.000  1021.2165  44143.972    27.8660      1.343    6.45317    11.0985    11.1002    21.2104   11.71205 2.7983e+02      1.356 0.0000e+00
        182 213.453348    0.01257     0.7542     45.250  1021.2151  44141.382    27.8641      1.343    6.45336    11.0979    11.0995    21.2090   11.71238 2.8106e+02      1.356 0.0000e+00
        183 213.453351    0.01264     0.7583     45.500  1021.2137  44138.518    27.8620      1.341    6.45355    11.0973    11.0987    21.2075   11.71273 2.8193e+02      1.354 0.0000e+00
        184 213.453354    0.01271     0.7625     45.750  1021.2135  44138.032    27.8616      1.339    6.45366    11.0967    11.0980    21.2073   11.71292 2.8198e+02      1.352 0.0000e+00
        185 213.453356    0.01278     0.7667     46.000  1021.2147  44140.356    27.8632      1.336    6.45368    11.0962    11.0974    21.2086   11.71293 2.8159e+02      1.349 0.0000e+00
        186 213.453359    0.01285     0.7708     46.250  1021.2162  44142.933    27.8649      1.333    6.45368    11.0957    11.0969    21.2101   11.71291 2.8127e+02      1.346 0.0000e+00
        187 213.453362    0.01292     0.7750     46.500  1021.2156  44141.707    27.8640      1.331    6.45379    11.0953    11.0963    21.2095   11.71311 2.8091e+02      1.343 0.0000e+00
        188 213.453365    0.01299     0.7792     46.750  1021.2114  44134.024    27.8586      1.330    6.45408    11.0951    11.0958    21.2053   11.71366 2.8033e+02      1.343 0.0000e+00
        189 213.453368    0.01306     0.7833     47.000  1021.2047  44121.448    27.8498      1.331    6.45450    11.0949    11.0954    21.1986   11.71446 2.7989e+02      1.344 0.0000e+00
        190 213.453371    0.01313     0.7875     47.250  1021.1979  44108.863    27.8410      1.333    6.45490    11.0948    11.0952    21.1918   11.71523 2.8010e+02      1.346 0.0000e+00
        191 213.453374    0.01319     0.7917     47.500  1021.1930  44099.868    27.8347      1.337    6.45518    11.0947    11.0950    21.1869   11.71576 2.8072e+02      1.349 0.0000e+00
        192 213.453377    0.01326     0.7958     47.750  1021.1905  44095.122    27.8314      1.340    6.45533    11.0943    11.0949    21.1844   11.71605 2.8121e+02      1.352 0.0000e+00
        193 213.453380    0.01333     0.8000     48.000  1021.1899  44094.077    27.8306      1.341    6.45538    11.0936    11.0948    21.1838   11.71615 2.8156e+02      1.354 0.0000e+00
        194 213.453383    0.01340     0.8042     48.250  1021.1908  44095.567    27.8316      1.342    6.45540    11.0928    11.0944    21.1846   11.71616 2.8195e+02      1.354 0.0000e+00
        195 213.453385    0.01347     0.8083     48.500  1021.1918  44097.365    27.8328      1.342    6.45543    11.0920    11.0938    21.1857   11.71621 2.8227e+02      1.354 0.0000e+00
        196 213.453388    0.01354     0.8125     48.750  1021.1918  44097.258    27.8327      1.341    6.45555    11.0912    11.0930    21.1857   11.71641 2.8240e+02      1.354 0.0000e+00
        197 213.453391    0.01361     0.8167     49.000  1021.1911  44095.773    27.8315      1.342    6.45571    11.0904    11.0921    21.1849   11.71670 2.8264e+02      1.355 0.0000e+00
        198 213.453394    0.01368     0.8208     49.250  1021.1912  44095.769    27.8315      1.344    6.45583    11.0896    11.0913    21.1850   11.71690 2.8313e+02      1.357 0.0000e+00
        199 213.453397    0.01375     0.8250     49.500  1021.1931  44099.017    27.8337      1.347    6.45585    11.0889    11.0905    21.1869   11.71690 2.8332e+02      1.360 0.0000e+00
        200 213.453400    0.01382     0.8292     49.750  1021.1969  44105.983    27.8384      1.350    6.45576    11.0883    11.0898    21.1907   11.71668 2.8285e+02      1.362 0.0000e+00
        201 213.453403    0.01389     0.8333     50.000  1021.2030  44117.045    27.8461      1.351    6.45554    11.0878    11.0891    21.1968   11.71623 2.8219e+02      1.363 0.0000e+00
        202 213.453406    0.01396     0.8375     50.250  1021.2106  44131.053    27.8558      1.349    6.45523    11.0875    11.0885    21.2044   11.71560 2.8191e+02      1.361 0.0000e+00
        203 213.453409    0.01403     0.8417     50.500  1021.2179  44144.525    27.8652      1.344    6.45492    11.0874    11.0879    21.2118   11.71497 2.8225e+02      1.356 0.0000e+00
        204 213.453411    0.01410     0.8458     50.750  1021.2228  44153.585    27.8715      1.337    6.45471    11.0874    11.0876    21.2167   11.71454 2.8327e+02      1.349 0.0000e+00
        205 213.453414    0.01417     0.8500     51.000  1021.2242  44156.076    27.8732      1.329    6.45465    11.0874    11.0876    21.2181   11.71442 2.8488e+02      1.342 0.0000e+00
        206 213.453417    0.01424     0.8542     51.250  1021.2218  44151.797    27.8702      1.323    6.45477    11.0873    11.0876    21.2158   11.71466 2.8651e+02      1.336 0.0000e+00
        207 213.453420    0.01431     0.8583     51.500  1021.2163  44141.643    27.8631      1.320    6.45506    11.0873    11.0876    21.2103   11.71522 2.8728e+02      1.333 0.0000e+00
        208 213.453423    0.01438     0.8625     51.750  1021.2088  44127.796    27.8535      1.320    6.45547    11.0874    11.0875    21.2028   11.71602 2.8669e+02      1.333 0.0000e+00
        209 213.453426    0.01444     0.8667     52.000  1021.2019  44115.067    27.8446      1.324    6.45584    11.0877    11.0874    21.1959   11.71675 2.8513e+02      1.337 0.0000e+00
        210 213.453429    0.01451     0.8708     52.250  1021.1983  44108.403    27.8399      1.331    6.45602    11.0882    11.0875    21.1922   11.71710 2.8344e+02      1.343 0.0000e+00
        211 213.453432    0.01458     0.8750     52.500  1021.1983  44108.383    27.8399      1.339    6.45598    11.0889    11.0878    21.1922   11.71703 2.8210e+02      1.351 0.0000e+00
        212 213.453435    0.01465     0.8792     52.750  1021.2004  44112.350    27.8428      1.346    6.45579    11.0895    11.0883    21.1943   11.71668 2.8134e+02      1.359 0.0000e+00
        213 213.453438    0.01472     0.8833     53.000  1021.2035  44118.076    27.8468      1.351    6.45552    11.0898    11.0890    21.1973   11.71619 2.8133e+02      1.364 0.0000e+00
        214 213.453440    0.01479     0.8875     53.250  1021.2072  44124.899    27.8516      1.353    6.45524    11.0898    11.0897    21.2010   11.71566 2.8217e+02      1.365 0.0000e+00
        215 213.453443    0.01486     0.8917     53.500  1021.2113  44132.660    27.8571      1.350    6.45497    11.0896    11.0900    21.2052   11.71515 2.8380e+02      1.363 0.0000e+00
        216 213.453446    0.01493     0.8958     53.750  1021.2154  44140.184    27.8623      1.346    6.45476    11.0895    11.0899    21.2093   11.71475 2.8572e+02      1.358 0.0000e+00
        217 213.453449    0.01500     0.9000     54.000  1021.2181  44145.124    27.8658      1.340    6.45465    11.0896    11.0897    21.2120   11.71452 2.8724e+02      1.352 0.0000e+00
        218 213.453452    0.01507     0.9042     54.250  1021.2183  44145.602    27.8661      1.336    6.45465    11.0901    11.0896    21.2122   11.71451 2.8780e+02      1.348 0.0000e+00
        219 213.453455    0.01514     0.9083     54.500  1021.2164  44142.134    27.8637      1.334    6.45473    11.0911    11.0898    21.2103   11.71467 2.8731e+02      1.347 0.0000e+00
        220 213.453458    0.01521     0.9125     54.750  1021.2143  44138.388    27.8611      1.337    6.45476    11.0927    11.0903    21.2083   11.71475 2.8624e+02      1.349 0.0000e+00
        221 213.453461    0.01528     0.9167     55.000  1021.2144  44138.623    27.8614      1.342    6.45461    11.0946    11.0913    21.2083   11.71450 2.8527e+02      1.354 0.0000e+00
        222 213.453464    0.01535     0.9208     55.250  1021.2167  44143.103    27.8647      1.347    6.45426    11.0965    11.0928    21.2106   11.71388 2.8471e+02      1.360 0.0000e+00
        223 213.453466    0.01542     0.9250     55.500  1021.2199  44149.208    27.8691      1.352    6.45380    11.0979    11.0948    21.2137   11.71308 2.8436e+02      1.364 0.0000e+00
        224 213.453469    0.01549     0.9292     55.750  1021.2232  44155.748    27.8739      1.354    6.45335    11.0988    11.0967    21.2171   11.71226 2.8410e+02      1.366 0.0000e+00
        225 213.453472    0.01556     0.9333     56.000  1021.2270  44162.857    27.8790      1.352    6.45294    11.0994    11.0981    21.2208   11.71153 2.8428e+02      1.365 0.0000e+00
        226 213.453475    0.01563     0.9375     56.250  1021.2306  44169.743    27.8839      1.348    6.45262    11.1000    11.0989    21.2244   11.71093 2.8535e+02      1.360 0.0000e+00
        227 213.453478    0.01569     0.9417     56.500  1021.2332  44174.661    27.8874      1.341    6.45238    11.1005    11.0996    21.2270   11.71050 2.8738e+02      1.353 0.0000e+00
        228 213.453481    0.01576     0.9458     56.750  1021.2342  44176.684    27.8888      1.334    6.45224    11.1008    11.1002    21.2281   11.71024 2.8988e+02      1.346 0.0000e+00
        229 213.453484    0.01583     0.9500     57.000  1021.2339  44176.302    27.8886      1.327    6.45218    11.1009    11.1007    21.2278   11.71013 2.9181e+02      1.340 0.0000e+00
        230 213.453487    0.01590     0.9542     57.250  1021.2328  44174.389    27.8873      1.322    6.45219    11.1008    11.1010    21.2267   11.71017 2.9255e+02      1.335 0.0000e+00
        231 213.453490    0.01597     0.9583     57.500  1021.2311  44171.314    27.8852      1.319    6.45227    11.1008    11.1011    21.2251   11.71033 2.9236e+02      1.332 0.0000e+00
        232 213.453492    0.01604     0.9625     57.750  1021.2288  44167.022    27.8822      1.318    6.45241    11.1011    11.1010    21.2228   11.71059 2.9161e+02      1.331 0.0000e+00
        233 213.453495    0.01611     0.9667     58.000  1021.2261  44161.998    27.8787      1.320    6.45255    11.1018    11.1009    21.2201   11.71087 2.9028e+02      1.333 0.0000e+00
        234 213.453498    0.01618     0.9708     58.250  1021.2241  44158.359    27.8761      1.326    6.45262    11.1031    11.1012    21.2181   11.71101 2.8849e+02      1.338 0.0000e+00
        235 213.453501    0.01625     0.9750     58.500  1021.2240  44158.304    27.8762      1.333    6.45251    11.1046    11.1020    21.2180   11.71083 2.8685e+02      1.346 0.0000e+00
        236 213.453504    0.01632     0.9792     58.750  1021.2255  44161.221    27.8783      1.341    6.45225    11.1061    11.1032    21.2194   11.71037 2.8601e+02      1.354 0.0000e+00
        237 213.453507    0.01639     0.9833     59.000  1021.2276  44165.203    27.8812      1.348    6.45192    11.1073    11.1047    21.2214   11.70978 2.8605e+02      1.361 0.0000e+00
        238 213.453510    0.01646     0.9875     59.250  1021.2300  44169.884    27.8846      1.352    6.45157    11.1080    11.1062    21.2238   11.70917 2.8661e+02      1.365 0.0000e+00
        239 213.453513    0.01653     0.9917     59.500  1021.2329  44175.519    27.8887      1.353    6.45125    11.1086    11.1074    21.2268   11.70858 2.8742e+02      1.365 0.0000e+00
        240 213.453516    0.01660     0.9958     59.750  1021.2359  44181.183    27.8927      1.350    6.45098    11.1093    11.1081    21.2298   11.70809 2.8849e+02      1.363 0.0000e+00
        241 213.453519    0.01667     1.0000     60.000  1021.2376  44184.364    27.8950      1.346    6.45080    11.1102    11.1087    21.2315   11.70777 2.8957e+02      1.359 0.0000e+00
        242 213.453521    0.01674     1.0042     60.250  1021.2366  44182.705    27.8939      1.343    6.45075    11.1115    11.1094    21.2305   11.70769 2.9015e+02      1.356 0.0000e+00
        243 213.453524    0.01681     1.0083     60.500  1021.2333  44176.758    27.8899      1.343    6.45078    11.1133    11.1104    21.2272   11.70778 2.9016e+02      1.355 0.0000e+00
        244 213.453527    0.01688     1.0125     60.750  1021.2295  44169.924    27.8852      1.346    6.45079    11.1156    11.1117    21.2234   11.70785 2.9008e+02      1.358 0.0000e+00
        245 213.453530    0.01694     1.0167     61.000  1021.2270  44165.660    27.8824      1.350    6.45066    11.1182    11.1135    21.2209   11.70768 2.9018e+02      1.363 0.0000e+00
        246 213.453533    0.01701     1.0208     61.250  1021.2268  44165.581    27.8826      1.355    6.45034    11.1207    11.1157    21.2206   11.70714 2.9012e+02      1.368 0.0000e+00
        247 213.453536    0.01708     1.0250     61.500  1021.2292  44170.398    27.8862      1.357    6.44981    11.1225    11.1184    21.2230   11.70623 2.8963e+02      1.370 0.0000e+00
        248 213.453539    0.01715     1.0292     61.750  1021.2344  44180.547    27.8935      1.355    6.44916    11.1235    11.1209    21.2283   11.70507 2.8918e+02      1.368 0.0000e+00
        249 213.453542    0.01722     1.0333     62.000  1021.2419  44194.659    27.9036      1.350    6.44851    11.1239    11.1226    21.2358   11.70386 2.8943e+02      1.363 0.0000e+00
        250 213.453545    0.01729     1.0375     62.250  1021.2498  44209.369    27.9139      1.341    6.44794    11.1235    11.1236    21.2436   11.70280 2.9058e+02      1.354 0.0000e+00
        251 213.453547    0.01736     1.0417     62.500  1021.2563  44221.640    27.9225      1.332    6.44754    11.1224    11.1240    21.2502   11.70202 2.9240e+02      1.345 0.0000e+00
        252 213.453550    0.01743     1.0458     62.750  1021.2611  44230.544    27.9287      1.322    6.44733    11.1207    11.1236    21.2551   11.70160 2.9456e+02      1.335 0.0000e+00
        253 213.453553    0.01750     1.0500     63.000  1021.2645  44236.690    27.9329      1.314    6.44732    11.1188    11.1225    21.2585   11.70153 2.9653e+02      1.327 0.0000e+00
        254 213.453556    0.01757     1.0542     63.250  1021.2669  44240.853    27.9356      1.306    6.44744    11.1168    11.1208    21.2610   11.70170 2.9789e+02      1.318 0.0000e+00
        255 213.453559    0.01764     1.0583     63.500  1021.2683  44243.156    27.9371      1.296    6.44766    11.1152    11.1189    21.2624   11.70205 2.9889e+02      1.309 0.0000e+00
