CTD-processing/allCTD/CNV--homogene/2012_09-21_t9_s05_repeat4_cast179.cnv
* Sea-Bird SBE19plus Data File:
* FileName = C:\Documents and Settings\kris.holderied.local\My Documents\2012-CTD-DATA-new-files\2012-09-21-CTD-HomerSpit-tide-time-series-KBRRctd\2012-09-21-CTD-HomerSpit-tide-repeat4\2012-09-21-HomerSpit-tide-repeat4-cast179.hex
* Software Version 1.54
* Temperature SN =  4141
* Conductivity SN =  4141
* System UpLoad Time = Oct 11 2012 19:25:53
** Kachemak Bay Homer Spit Line - Tidal repeat4
** Date:  2012-09-21
** Station: 9-05
** Start time (AKDT-24 hr): 1521
** Depth (ft): not available
** Comment: Fathometer not working.
# nquan = 17
# nvalues = 786                         
# units = specified
# name 0 = scan: Scan Count
# name 1 = timeJ: Julian Days
# name 2 = timeH: Time, Elapsed [hours]
# name 3 = timeM: Time, Elapsed [minutes]
# name 4 = timeS: Time, Elapsed [seconds]
# name 5 = density00: Density [density, kg/m^3]
# name 6 = specc: Specific Conductance [uS/cm]
# name 7 = sal00: Salinity, Practical [PSU]
# name 8 = depSM: Depth [salt water, m], lat = 59.00
# name 9 = oxsolML/L: Oxygen Saturation, Garcia & Gordon [ml/l]
# name 10 = potemp090C: Potential Temperature [ITS-90, deg C]
# name 11 = tv290C: Temperature [ITS-90, deg C]
# name 12 = sigma-é00: Density [sigma-theta, kg/m^3]
# name 13 = n2satML/L: Nitrogen Saturation [ml/l]
# name 14 = par: PAR/Irradiance, Biospherical/Licor
# name 15 = prdM: Pressure, Strain Gauge [db]
# name 16 = flag:  0.000e+00
# span 0 =          1,        786       
# span 1 = 265.639282, 265.641554       
# span 2 =    0.00000,    0.05451       
# span 3 =     0.0000,     3.2708       
# span 4 =      0.000,    196.250       
# span 5 =  1001.4605,  1024.2417       
# span 6 =   4212.700,  48735.740       
# span 7 =     2.2212,    30.8483       
# span 8 =     -0.141,     94.307       
# span 9 =    6.54292,    7.82320       
# span 10 =     9.2884,     9.8105      
# span 11 =     9.2885,     9.8105      
# span 12 =     1.4611,    23.8090      
# span 13 =   11.82849,   14.34760      
# span 14 = 6.6118e-02, 2.6091e+02      
# span 15 =     -0.143,     95.219      
# span 16 = 0.0000e+00, 0.0000e+00      
# interval = seconds: 0.25
# start_time = Sep 21 2012 15:20:34 [Instrument's time stamp, header]
# bad_flag = -9.990e-29
*END*
[from data line 766]
        767 265.641499    0.05319     3.1917    191.500  1024.2194  48732.242    30.8480     89.540    6.57113     9.3915     9.4013    23.8086   11.87177 6.6119e-02     90.405 0.0000e+00
        768 265.641502    0.05326     3.1958    191.750  1024.2209  48732.699    30.8481     89.842    6.57116     9.3914     9.4011    23.8087   11.87181 6.6118e-02     90.710 0.0000e+00
        769 265.641505    0.05333     3.2000    192.000  1024.2223  48732.942    30.8481     90.143    6.57117     9.3915     9.4010    23.8088   11.87183 6.6143e-02     91.014 0.0000e+00
        770 265.641508    0.05340     3.2042    192.250  1024.2236  48732.961    30.8480     90.443    6.57117     9.3916     9.4010    23.8087   11.87183 6.6215e-02     91.316 0.0000e+00
        771 265.641510    0.05347     3.2083    192.500  1024.2248  48732.771    30.8478     90.740    6.57117     9.3918     9.4011    23.8085   11.87183 6.6312e-02     91.616 0.0000e+00
        772 265.641513    0.05354     3.2125    192.750  1024.2259  48732.492    30.8475     91.035    6.57116     9.3920     9.4013    23.8082   11.87181 6.6406e-02     91.914 0.0000e+00
        773 265.641516    0.05361     3.2167    193.000  1024.2270  48732.249    30.8473     91.329    6.57113     9.3922     9.4015    23.8080   11.87178 6.6492e-02     92.211 0.0000e+00
        774 265.641519    0.05368     3.2208    193.250  1024.2282  48732.049    30.8470     91.623    6.57110     9.3923     9.4018    23.8077   11.87174 6.6568e-02     92.508 0.0000e+00
        775 265.641522    0.05375     3.2250    193.500  1024.2293  48731.896    30.8468     91.919    6.57108     9.3923     9.4020    23.8075   11.87170 6.6637e-02     92.807 0.0000e+00
        776 265.641525    0.05382     3.2292    193.750  1024.2306  48731.897    30.8467     92.220    6.57107     9.3922     9.4021    23.8074   11.87168 6.6649e-02     93.111 0.0000e+00
        777 265.641528    0.05389     3.2333    194.000  1024.2321  48732.150    30.8468     92.528    6.57107     9.3920     9.4021    23.8075   11.87168 6.6605e-02     93.422 0.0000e+00
        778 265.641531    0.05396     3.2375    194.250  1024.2337  48732.622    30.8469     92.845    6.57108     9.3917     9.4020    23.8076   11.87169 6.6581e-02     93.742 0.0000e+00
        779 265.641534    0.05403     3.2417    194.500  1024.2353  48733.171    30.8471     93.156    6.57109     9.3915     9.4018    23.8078   11.87171 6.6596e-02     94.057 0.0000e+00
        780 265.641536    0.05410     3.2458    194.750  1024.2368  48733.658    30.8473     93.433    6.57112     9.3912     9.4016    23.8080   11.87175 6.6632e-02     94.336 0.0000e+00
        781 265.641539    0.05417     3.2500    195.000  1024.2380  48734.059    30.8475     93.664    6.57114     9.3910     9.4014    23.8082   11.87179 6.6685e-02     94.569 0.0000e+00
        782 265.641542    0.05424     3.2542    195.250  1024.2390  48734.457    30.8477     93.860    6.57117     9.3908     9.4011    23.8084   11.87183 6.6752e-02     94.768 0.0000e+00
        783 265.641545    0.05431     3.2583    195.500  1024.2400  48734.900    30.8479     94.032    6.57119     9.3907     9.4009    23.8086   11.87187 6.6854e-02     94.941 0.0000e+00
        784 265.641548    0.05438     3.2625    195.750  1024.2409  48735.315    30.8481     94.175    6.57121     9.3906     9.4008    23.8088   11.87189 6.7028e-02     95.085 0.0000e+00
        785 265.641551    0.05444     3.2667    196.000  1024.2415  48735.620    30.8482     94.272    6.57122 -9.990e-29     9.4006    23.8089   11.87191 6.7186e-02     95.184 0.0000e+00
        786 265.641554    0.05451     3.2708    196.250  1024.2417  48735.740    30.8483     94.307    6.57123 -9.990e-29     9.4006    23.8090   11.87192 6.7234e-02     95.219 0.0000e+00
