CTD-processing/allCTD/CNV--homogene/2012_04-26_t9_s03_cast297.cnv
* Sea-Bird SBE19plus Data File:
* FileName = C:\Documents and Settings\glenn.seaman\My Documents\KHolderied-files\CTD-DATA-FILES\2011-KBay-CTD\2012-04-26-HomerSpit-CTD\2012-04-26-HomerSpit-cast297.hex
* Software Version 1.59
* Temperature SN =  5028
* Conductivity SN =  5028
* System UpLoad Time = Apr 29 2012 21:20:21
** Cruise: Homer Spit Transect
** Date: 04-26
** Station: 03
** Start time (AKDT): 18:30
** Depth (m): 94.2
# nquan = 17
# nvalues = 535                         
# units = specified
# name 0 = scan: Scan Count
# name 1 = timeJ: Julian Days
# name 2 = timeH: Time, Elapsed [hours]
# name 3 = timeM: Time, Elapsed [minutes]
# name 4 = timeS: Time, Elapsed [seconds]
# name 5 = density00: Density [density, kg/m^3]
# name 6 = specc: Specific Conductance [uS/cm]
# name 7 = sal00: Salinity, Practical [PSU]
# name 8 = depSM: Depth [salt water, m], lat = 59.00
# name 9 = oxsolML/L: Oxygen Saturation, Garcia & Gordon [ml/l]
# name 10 = potemp090C: Potential Temperature [ITS-90, deg C]
# name 11 = tv290C: Temperature [ITS-90, deg C]
# name 12 = sigma-é00: Density [sigma-theta, kg/m^3]
# name 13 = n2satML/L: Nitrogen Saturation [ml/l]
# name 14 = par: PAR/Irradiance, Biospherical/Licor [umol photons/m^2/sec]
# name 15 = prdM: Pressure, Strain Gauge [db]
# name 16 = flag:  0.000e+00
# span 0 =          1,        535       
# span 1 = 118.105729, 118.107274       
# span 2 =    0.00000,    0.03708       
# span 3 =     0.0000,     2.2250       
# span 4 =      0.000,    133.500       
# span 5 =  1002.2114,  1025.6936       
# span 6 =   5320.530,  51775.126       
# span 7 =     2.8335,    31.7838       
# span 8 =     -0.149,     84.571       
# span 9 =    7.06198,    8.66506       
# span 10 =     3.2540,     6.2791      
# span 11 =     3.2589,     6.2792      
# span 12 =     2.2122,    25.2956      
# span 13 =   12.68576,   15.75506      
# span 14 = 4.1782e-02, 1.0517e+03      
# span 15 =     -0.151,     85.387      
# span 16 = 0.0000e+00, 0.0000e+00      
# interval = seconds: 0.25
# start_time = Apr 27 2012 02:32:15 [Instrument's time stamp, header]
# bad_flag = -9.990e-29
*END*
[from data line 511]
        512 118.107208    0.03549     2.1292    127.750  1025.6455  51729.622    31.7711     77.094    7.52727     3.3208     3.3294    25.2805   13.44037 4.2040e-02     77.837 0.0000e+00
        513 118.107211    0.03556     2.1333    128.000  1025.6473  51730.488    31.7710     77.462    7.52763     3.3182     3.3275    25.2806   13.44096 4.2011e-02     78.208 0.0000e+00
        514 118.107214    0.03562     2.1375    128.250  1025.6489  51730.844    31.7705     77.830    7.52804     3.3147     3.3254    25.2804   13.44166 4.1995e-02     78.580 0.0000e+00
        515 118.107216    0.03569     2.1417    128.500  1025.6501  51730.705    31.7696     78.200    7.52858     3.3098     3.3228    25.2799   13.44256 4.1990e-02     78.953 0.0000e+00
        516 118.107219    0.03576     2.1458    128.750  1025.6510  51730.229    31.7681     78.569    7.52930     3.3034     3.3193    25.2790   13.44377 4.1986e-02     79.326 0.0000e+00
        517 118.107222    0.03583     2.1500    129.000  1025.6521  51730.378    31.7668     78.939    7.53027     3.2958     3.3145    25.2784   13.44538 4.1980e-02     79.700 0.0000e+00
        518 118.107225    0.03590     2.1542    129.250  1025.6543  51732.689    31.7665     79.310    7.53147     3.2881     3.3081    25.2787   13.44736 4.1973e-02     80.074 0.0000e+00
        519 118.107228    0.03597     2.1583    129.500  1025.6582  51738.643    31.7684     79.680    7.53278     3.2819     3.3005    25.2809   13.44950 4.1962e-02     80.448 0.0000e+00
        520 118.107231    0.03604     2.1625    129.750  1025.6642  51748.358    31.7728     80.050    7.53398     3.2778     3.2928    25.2851   13.45144 4.1948e-02     80.821 0.0000e+00
        521 118.107234    0.03611     2.1667    130.000  1025.6705  51758.577    31.7779     80.420    7.53489     3.2755     3.2866    25.2897   13.45287 4.1941e-02     81.195 0.0000e+00
        522 118.107237    0.03618     2.1708    130.250  1025.6754  51765.503    31.7814     80.789    7.53547     3.2740     3.2825    25.2928   13.45377 4.1941e-02     81.568 0.0000e+00
        523 118.107240    0.03625     2.1750    130.500  1025.6785  51768.900    31.7829     81.157    7.53582     3.2727     3.2802    25.2942   13.45433 4.1945e-02     81.940 0.0000e+00
        524 118.107242    0.03632     2.1792    130.750  1025.6807  51770.221    31.7832     81.525    7.53608     3.2712     3.2787    25.2946   13.45475 4.1948e-02     82.311 0.0000e+00
        525 118.107245    0.03639     2.1833    131.000  1025.6823  51770.516    31.7829     81.891    7.53632     3.2695     3.2775    25.2944   13.45516 4.1947e-02     82.680 0.0000e+00
        526 118.107248    0.03646     2.1875    131.250  1025.6840  51771.107    31.7828     82.254    7.53660     3.2677     3.2761    25.2944   13.45562 4.1939e-02     83.047 0.0000e+00
        527 118.107251    0.03653     2.1917    131.500  1025.6862  51772.725    31.7832     82.613    7.53690     3.2662     3.2743    25.2950   13.45611 4.1921e-02     83.410 0.0000e+00
        528 118.107254    0.03660     2.1958    131.750  1025.6885  51774.497    31.7838     82.967    7.53720     3.2646     3.2726    25.2956   13.45658 4.1896e-02     83.767 0.0000e+00
        529 118.107257    0.03667     2.2000    132.000  1025.6901  51775.126    31.7837     83.310    7.53749     3.2626     3.2711    25.2956   13.45707 4.1870e-02     84.114 0.0000e+00
        530 118.107260    0.03674     2.2042    132.250  1025.6910  51774.463    31.7826     83.638    7.53783     3.2600     3.2695    25.2949   13.45765 4.1846e-02     84.444 0.0000e+00
        531 118.107263    0.03681     2.2083    132.500  1025.6916  51773.636    31.7814     83.937    7.53827     3.2573     3.2675    25.2941   13.45838 4.1826e-02     84.747 0.0000e+00
        532 118.107266    0.03687     2.2125    132.750  1025.6923  51773.339    31.7804     84.195    7.53879     3.2550     3.2649    25.2935   13.45926 4.1810e-02     85.007 0.0000e+00
        533 118.107269    0.03694     2.2167    133.000  1025.6929  51773.467    31.7796     84.396    7.53934     3.2540     3.2622    25.2932   13.46017 4.1795e-02     85.210 0.0000e+00
        534 118.107271    0.03701     2.2208    133.250  1025.6934  51773.910    31.7793     84.526    7.53979 -9.990e-29     3.2599    25.2931   13.46092 4.1785e-02     85.341 0.0000e+00
        535 118.107274    0.03708     2.2250    133.500  1025.6936  51774.190    31.7792     84.571    7.53998 -9.990e-29     3.2589    25.2931   13.46123 4.1782e-02     85.387 0.0000e+00
