CTD-processing/allCTD/CNV--homogene/2012_09-21_t9_s07_repeat6_cast194.cnv
* Sea-Bird SBE19plus Data File:
* FileName = C:\Documents and Settings\kris.holderied.local\My Documents\2012-CTD-DATA-new-files\2012-09-21-CTD-HomerSpit-tide-time-series-KBRRctd\2012-09-21-CTD-HomerSpit-tide-repeat6\2012-09-21-HomerSpit-tide-repeat6-LTM-cast194.hex
* Software Version 1.54
* Temperature SN =  4141
* Conductivity SN =  4141
* System UpLoad Time = Oct 11 2012 22:06:25
** Kachemak Bay Homer Spit Line - Tidal repeat6 & LTM line
** Date:  2012-09-21
** Station: 9-07
** Start time (AKDT-24 hr): 1814
** Depth (ft): 343
** Comment:
# nquan = 17
# nvalues = 619                         
# units = specified
# name 0 = scan: Scan Count
# name 1 = timeJ: Julian Days
# name 2 = timeH: Time, Elapsed [hours]
# name 3 = timeM: Time, Elapsed [minutes]
# name 4 = timeS: Time, Elapsed [seconds]
# name 5 = density00: Density [density, kg/m^3]
# name 6 = specc: Specific Conductance [uS/cm]
# name 7 = sal00: Salinity, Practical [PSU]
# name 8 = depSM: Depth [salt water, m], lat = 59.00
# name 9 = oxsolML/L: Oxygen Saturation, Garcia & Gordon [ml/l]
# name 10 = potemp090C: Potential Temperature [ITS-90, deg C]
# name 11 = tv290C: Temperature [ITS-90, deg C]
# name 12 = sigma-é00: Density [sigma-theta, kg/m^3]
# name 13 = n2satML/L: Nitrogen Saturation [ml/l]
# name 14 = par: PAR/Irradiance, Biospherical/Licor
# name 15 = prdM: Pressure, Strain Gauge [db]
# name 16 = flag:  0.000e+00
# span 0 =          1,        619       
# span 1 = 265.759803, 265.761591       
# span 2 =    0.00000,    0.04292       
# span 3 =     0.0000,     2.5750       
# span 4 =      0.000,    154.500       
# span 5 =  1000.1811,  1024.2797       
# span 6 =   1230.955,  48812.415       
# span 7 =     0.6050,    30.8971       
# span 8 =     -0.193,     92.842       
# span 9 =    6.54735,    7.87674       
# span 10 =     9.3428,     9.9733      
# span 11 =     9.3428,     9.9733      
# span 12 =     0.1820,    23.8536      
# span 13 =   11.83590,   14.46159      
# span 14 = 6.6902e-02, 1.2535e+02      
# span 15 =     -0.195,     93.739      
# span 16 = 0.0000e+00, 0.0000e+00      
# interval = seconds: 0.25
# start_time = Sep 21 2012 18:14:07 [Instrument's time stamp, header]
# bad_flag = -9.990e-29
*END*
[from data line 596]
        597 265.761528    0.04139     2.4833    149.000  1024.2260  48765.317    30.8701     86.641    6.57274     9.3718     9.3838    23.8285   11.87417 6.7369e-02     87.477 0.0000e+00
        598 265.761531    0.04146     2.4875    149.250  1024.2289  48767.978    30.8717     86.946    6.57287     9.3702     9.3825    23.8299   11.87436 6.7337e-02     87.785 0.0000e+00
        599 265.761534    0.04153     2.4917    149.500  1024.2318  48770.886    30.8734     87.240    6.57301     9.3685     9.3810    23.8315   11.87456 6.7333e-02     88.082 0.0000e+00
        600 265.761536    0.04160     2.4958    149.750  1024.2349  48773.979    30.8752     87.533    6.57316     9.3668     9.3794    23.8332   11.87479 6.7322e-02     88.378 0.0000e+00
        601 265.761539    0.04167     2.5000    150.000  1024.2380  48777.164    30.8771     87.833    6.57332     9.3649     9.3778    23.8349   11.87504 6.7303e-02     88.681 0.0000e+00
        602 265.761542    0.04174     2.5042    150.250  1024.2412  48780.440    30.8790     88.147    6.57349     9.3630     9.3760    23.8367   11.87530 6.7283e-02     88.998 0.0000e+00
        603 265.761545    0.04181     2.5083    150.500  1024.2446  48783.880    30.8811     88.478    6.57367     9.3608     9.3742    23.8386   11.87557 6.7259e-02     89.333 0.0000e+00
        604 265.761548    0.04188     2.5125    150.750  1024.2482  48787.576    30.8832     88.827    6.57385     9.3585     9.3723    23.8406   11.87585 6.7271e-02     89.685 0.0000e+00
        605 265.761551    0.04194     2.5167    151.000  1024.2520  48791.571    30.8856     89.187    6.57406     9.3561     9.3702    23.8427   11.87617 6.7320e-02     90.048 0.0000e+00
        606 265.761554    0.04201     2.5208    151.250  1024.2560  48795.650    30.8880     89.549    6.57430     9.3541     9.3679    23.8450   11.87652 6.7328e-02     90.413 0.0000e+00
        607 265.761557    0.04208     2.5250    151.500  1024.2597  48799.422    30.8902     89.903    6.57453     9.3526     9.3656    23.8471   11.87689 6.7259e-02     90.771 0.0000e+00
        608 265.761560    0.04215     2.5292    151.750  1024.2629  48802.574    30.8920     90.242    6.57474     9.3514     9.3636    23.8488   11.87722 6.7186e-02     91.114 0.0000e+00
        609 265.761563    0.04222     2.5333    152.000  1024.2657  48804.994    30.8934     90.559    6.57491     9.3506     9.3621    23.8501   11.87748 6.7159e-02     91.434 0.0000e+00
        610 265.761565    0.04229     2.5375    152.250  1024.2680  48806.779    30.8943     90.851    6.57503     9.3500     9.3610    23.8510   11.87767 6.7146e-02     91.729 0.0000e+00
        611 265.761568    0.04236     2.5417    152.500  1024.2699  48808.086    30.8950     91.120    6.57511     9.3495     9.3602    23.8517   11.87780 6.7136e-02     92.000 0.0000e+00
        612 265.761571    0.04243     2.5458    152.750  1024.2715  48809.064    30.8955     91.375    6.57518     9.3491     9.3596    23.8521   11.87790 6.7138e-02     92.258 0.0000e+00
        613 265.761574    0.04250     2.5500    153.000  1024.2731  48809.873    30.8959     91.628    6.57523     9.3488     9.3592    23.8525   11.87797 6.7135e-02     92.513 0.0000e+00
        614 265.761577    0.04257     2.5542    153.250  1024.2746  48810.573    30.8963     91.890    6.57527     9.3485     9.3588    23.8529   11.87804 6.7102e-02     92.778 0.0000e+00
        615 265.761580    0.04264     2.5583    153.500  1024.2761  48811.139    30.8965     92.161    6.57530     9.3483     9.3585    23.8531   11.87809 6.7070e-02     93.051 0.0000e+00
        616 265.761583    0.04271     2.5625    153.750  1024.2774  48811.597    30.8967     92.423    6.57533     9.3482     9.3583    23.8533   11.87813 6.7089e-02     93.316 0.0000e+00
        617 265.761586    0.04278     2.5667    154.000  1024.2786  48811.989    30.8969     92.645    6.57535     9.3481     9.3581    23.8535   11.87816 6.7136e-02     93.540 0.0000e+00
        618 265.761589    0.04285     2.5708    154.250  1024.2794  48812.293    30.8970     92.792    6.57536 -9.990e-29     9.3580    23.8536   11.87818 6.7180e-02     93.688 0.0000e+00
        619 265.761591    0.04292     2.5750    154.500  1024.2797  48812.415    30.8971     92.842    6.57536 -9.990e-29     9.3579    23.8536   11.87819 6.7203e-02     93.739 0.0000e+00
