CTD-processing/allCTD/CNV--homogene/2012_05-31a_t9_s02a_cast003.cnv
* Sea-Bird SBE19plus Data File:
* FileName = C:\Documents and Settings\kris.holderied.local\My Documents\2012-KBRR-CTD-Kachemak-Bay\2012-KBRR-CTD-cast003.hex
* Software Version 1.54
* Temperature SN =  4141
* Conductivity SN =  4141
* System UpLoad Time = Jul 24 2012 19:57:14
** Kachemak Bay - Homer Spit Line CTD Survey
** Date:  2012-xx-xx   xxxx Tide (x of 2 lines)
** Station: 9-2
** Start time (AKDT-24 hr): 11:32
** Depth (m): 78.6
** Comments:  CTD time set wrong by 1 hour
# nquan = 17
# nvalues = 776                         
# units = specified
# name 0 = scan: Scan Count
# name 1 = timeJ: Julian Days
# name 2 = timeH: Time, Elapsed [hours]
# name 3 = timeM: Time, Elapsed [minutes]
# name 4 = timeS: Time, Elapsed [seconds]
# name 5 = density00: Density [density, kg/m^3]
# name 6 = specc: Specific Conductance [uS/cm]
# name 7 = sal00: Salinity, Practical [PSU]
# name 8 = depSM: Depth [salt water, m], lat = 59.00
# name 9 = oxsolML/L: Oxygen Saturation, Garcia & Gordon [ml/l]
# name 10 = potemp090C: Potential Temperature [ITS-90, deg C]
# name 11 = tv290C: Temperature [ITS-90, deg C]
# name 12 = sigma-é00: Density [sigma-theta, kg/m^3]
# name 13 = n2satML/L: Nitrogen Saturation [ml/l]
# name 14 = par: PAR/Irradiance, Biospherical/Licor
# name 15 = prdM: Pressure, Strain Gauge [db]
# name 16 = flag:  0.000e+00
# span 0 =          1,        776       
# span 1 = 152.524456, 152.526698       
# span 2 =    0.00000,    0.05382       
# span 3 =     0.0000,     3.2292       
# span 4 =      0.000,    193.750       
# span 5 =  1000.2359,  1025.4264       
# span 6 =    850.546,  51158.231       
# span 7 =     0.4070,    31.7019       
# span 8 =     -0.184,     69.422       
# span 9 =    7.03602,    8.51062       
# span 10 =     4.6347,     6.8330      
# span 11 =     4.6395,     6.8330      
# span 12 =     0.2368,    25.1001      
# span 13 =   12.64413,   15.53336      
# span 14 = 4.2507e-02, 2.4804e+02      
# span 15 =     -0.186,     70.089      
# span 16 = 0.0000e+00, 0.0000e+00      
# interval = seconds: 0.25
# start_time = May 31 2012 12:35:13 [Instrument's time stamp, header]
# bad_flag = -9.990e-29
*END*
[from data line 86]
         87 152.524705    0.00597     0.3583     21.500  1000.3570   1151.795     0.5580     -0.182    8.50726     6.7921     6.7915     0.3579   15.52533 2.1432e+02     -0.184 0.0000e+00
         88 152.524708    0.00604     0.3625     21.750  1000.3538   1143.737     0.5539     -0.182    8.50742     6.7924     6.7918     0.3547   15.52567 2.1509e+02     -0.184 0.0000e+00
         89 152.524711    0.00611     0.3667     22.000  1000.3513   1137.573     0.5508     -0.181    8.50753     6.7927     6.7921     0.3522   15.52590 2.1612e+02     -0.183 0.0000e+00
         90 152.524714    0.00618     0.3708     22.250  1000.3494   1132.951     0.5485     -0.181    8.50760     6.7929     6.7924     0.3503   15.52605 2.1736e+02     -0.183 0.0000e+00
         91 152.524716    0.00625     0.3750     22.500  1000.3479   1129.115     0.5466     -0.181    8.50765     6.7932     6.7927     0.3488   15.52617 2.1860e+02     -0.183 0.0000e+00
         92 152.524719    0.00632     0.3792     22.750  1000.3464   1125.507     0.5447     -0.181    8.50769     6.7934     6.7929     0.3473   15.52627 2.1981e+02     -0.183 0.0000e+00
         93 152.524722    0.00639     0.3833     23.000  1000.3449   1121.734     0.5428     -0.181    8.50775     6.7937     6.7932     0.3458   15.52639 2.2131e+02     -0.183 0.0000e+00
         94 152.524725    0.00646     0.3875     23.250  1000.3432   1117.515     0.5407     -0.181    8.50781     6.7939     6.7934     0.3441   15.52653 2.2313e+02     -0.183 0.0000e+00
         95 152.524728    0.00653     0.3917     23.500  1000.3414   1112.959     0.5384     -0.181    8.50789     6.7940     6.7937     0.3423   15.52671 2.2512e+02     -0.183 0.0000e+00
         96 152.524731    0.00660     0.3958     23.750  1000.3396   1108.534     0.5362     -0.181    8.50798     6.7942     6.7939     0.3405   15.52688 2.2722e+02     -0.183 0.0000e+00
         97 152.524734    0.00667     0.4000     24.000  1000.3381   1104.786     0.5343     -0.181    8.50804     6.7944     6.7940     0.3390   15.52702 2.2893e+02     -0.183 0.0000e+00
         98 152.524737    0.00674     0.4042     24.250  1000.3369   1101.910     0.5328     -0.182    8.50809     6.7946     6.7942     0.3378   15.52712 2.2966e+02     -0.184 0.0000e+00
         99 152.524740    0.00681     0.4083     24.500  1000.3359   1099.371     0.5316     -0.182    8.50812     6.7947     6.7944     0.3368   15.52720 2.2967e+02     -0.184 0.0000e+00
        100 152.524742    0.00688     0.4125     24.750  1000.3346   1096.180     0.5300     -0.182    8.50817     6.7949     6.7946     0.3355   15.52731 2.2951e+02     -0.184 0.0000e+00
        101 152.524745    0.00694     0.4167     25.000  1000.3328   1091.650     0.5277     -0.182    8.50826     6.7951     6.7947     0.3337   15.52750 2.2931e+02     -0.184 0.0000e+00
        102 152.524748    0.00701     0.4208     25.250  1000.3305   1085.880     0.5248     -0.182    8.50839     6.7953     6.7949     0.3313   15.52775 2.2903e+02     -0.184 0.0000e+00
        103 152.524751    0.00708     0.4250     25.500  1000.3280   1079.763     0.5217     -0.182    8.50852     6.7955     6.7951     0.3289   15.52802 2.2884e+02     -0.184 0.0000e+00
        104 152.524754    0.00715     0.4292     25.750  1000.3259   1074.607     0.5191     -0.182    8.50862     6.7957     6.7953     0.3268   15.52823 2.2889e+02     -0.184 0.0000e+00
        105 152.524757    0.00722     0.4333     26.000  1000.3246   1071.447     0.5175     -0.181    8.50867     6.7959     6.7955     0.3255   15.52834 2.2919e+02     -0.183 0.0000e+00
        106 152.524760    0.00729     0.4375     26.250  1000.3242   1070.398     0.5170     -0.181    8.50866     6.7961     6.7957     0.3251   15.52833 2.2958e+02     -0.183 0.0000e+00
        107 152.524763    0.00736     0.4417     26.500  1000.3243   1070.516     0.5171     -0.181    8.50862     6.7962     6.7959     0.3252   15.52826 2.2974e+02     -0.183 0.0000e+00
        108 152.524766    0.00743     0.4458     26.750  1000.3242   1070.470     0.5170     -0.181    8.50858     6.7964     6.7961     0.3251   15.52820 2.2975e+02     -0.183 0.0000e+00
        109 152.524769    0.00750     0.4500     27.000  1000.3239   1069.607     0.5166     -0.181    8.50857     6.7966     6.7962     0.3248   15.52819 2.2986e+02     -0.183 0.0000e+00
        110 152.524771    0.00757     0.4542     27.250  1000.3235   1068.586     0.5160     -0.181    8.50856     6.7968     6.7964     0.3244   15.52819 2.3005e+02     -0.183 0.0000e+00
        111 152.524774    0.00764     0.4583     27.500  1000.3236   1068.908     0.5162     -0.180    8.50851     6.7970     6.7966     0.3245   15.52810 2.3022e+02     -0.182 0.0000e+00
        112 152.524777    0.00771     0.4625     27.750  1000.3248   1071.830     0.5177     -0.180    8.50838     6.7972     6.7968     0.3256   15.52787 2.3026e+02     -0.182 0.0000e+00
        113 152.524780    0.00778     0.4667     28.000  1000.3272   1077.958     0.5208     -0.181    8.50817     6.7974     6.7970     0.3281   15.52746 2.3024e+02     -0.183 0.0000e+00
        114 152.524783    0.00785     0.4708     28.250  1000.3309   1087.318     0.5255     -0.181    8.50787     6.7976     6.7972     0.3318   15.52687 2.3037e+02     -0.183 0.0000e+00
        115 152.524786    0.00792     0.4750     28.500  1000.3357   1099.296     0.5316     -0.181    8.50749     6.7977     6.7974     0.3366   15.52614 2.3069e+02     -0.183 0.0000e+00
        116 152.524789    0.00799     0.4792     28.750  1000.3411   1112.668     0.5383     -0.181    8.50708     6.7979     6.7976     0.3420   15.52534 2.3107e+02     -0.183 0.0000e+00
        117 152.524792    0.00806     0.4833     29.000  1000.3464   1126.021     0.5450     -0.182    8.50666     6.7980     6.7977     0.3473   15.52454 2.3127e+02     -0.184 0.0000e+00
        118 152.524795    0.00813     0.4875     29.250  1000.3513   1138.281     0.5512     -0.182    8.50628     6.7982     6.7979     0.3522   15.52380 2.3111e+02     -0.184 0.0000e+00
        119 152.524797    0.00819     0.4917     29.500  1000.3556   1148.908     0.5566     -0.182    8.50595     6.7984     6.7980     0.3565   15.52315 2.3092e+02     -0.184 0.0000e+00
        120 152.524800    0.00826     0.4958     29.750  1000.3591   1157.563     0.5609     -0.182    8.50567     6.7986     6.7982     0.3600   15.52261 2.3102e+02     -0.184 0.0000e+00
        121 152.524803    0.00833     0.5000     30.000  1000.3616   1163.840     0.5641     -0.181    8.50545     6.7988     6.7984     0.3625   15.52220 2.3127e+02     -0.183 0.0000e+00
        122 152.524806    0.00840     0.5042     30.250  1000.3631   1167.616     0.5660     -0.181    8.50531     6.7990     6.7986     0.3640   15.52192 2.3159e+02     -0.183 0.0000e+00
        123 152.524809    0.00847     0.5083     30.500  1000.3638   1169.358     0.5669     -0.181    8.50521     6.7992     6.7988     0.3647   15.52175 2.3192e+02     -0.183 0.0000e+00
        124 152.524812    0.00854     0.5125     30.750  1000.3640   1169.955     0.5672     -0.181    8.50515     6.7993     6.7990     0.3649   15.52164 2.3212e+02     -0.183 0.0000e+00
        125 152.524815    0.00861     0.5167     31.000  1000.3642   1170.443     0.5675     -0.181    8.50510     6.7995     6.7992     0.3651   15.52155 2.3209e+02     -0.183 0.0000e+00
        126 152.524818    0.00868     0.5208     31.250  1000.3647   1171.672     0.5681     -0.181    8.50503     6.7997     6.7993     0.3656   15.52143 2.3184e+02     -0.183 0.0000e+00
        127 152.524821    0.00875     0.5250     31.500  1000.3656   1173.892     0.5692     -0.181    8.50494     6.7999     6.7995     0.3665   15.52124 2.3137e+02     -0.183 0.0000e+00
        128 152.524823    0.00882     0.5292     31.750  1000.3667   1176.573     0.5705     -0.181    8.50482     6.8001     6.7997     0.3675   15.52103 2.3072e+02     -0.183 0.0000e+00
        129 152.524826    0.00889     0.5333     32.000  1000.3675   1178.580     0.5715     -0.181    8.50473     6.8003     6.7999     0.3683   15.52085 2.2993e+02     -0.183 0.0000e+00
        130 152.524829    0.00896     0.5375     32.250  1000.3675   1178.621     0.5716     -0.181    8.50469     6.8004     6.8001     0.3683   15.52078 2.2907e+02     -0.183 0.0000e+00
        131 152.524832    0.00903     0.5417     32.500  1000.3664   1175.958     0.5702     -0.181    8.50472     6.8006     6.8003     0.3673   15.52086 2.2832e+02     -0.183 0.0000e+00
        132 152.524835    0.00910     0.5458     32.750  1000.3643   1170.758     0.5676     -0.181    8.50483     6.8008     6.8004     0.3652   15.52108 2.2781e+02     -0.183 0.0000e+00
        133 152.524838    0.00917     0.5500     33.000  1000.3615   1163.827     0.5641     -0.181    8.50498     6.8010     6.8006     0.3624   15.52141 2.2775e+02     -0.183 0.0000e+00
        134 152.524841    0.00924     0.5542     33.250  1000.3585   1156.345     0.5603     -0.181    8.50516     6.8011     6.8008     0.3594   15.52176 2.2819e+02     -0.183 0.0000e+00
        135 152.524844    0.00931     0.5583     33.500  1000.3558   1149.715     0.5570     -0.181    8.50531     6.8013     6.8010     0.3567   15.52206 2.2877e+02     -0.183 0.0000e+00
        136 152.524847    0.00937     0.5625     33.750  1000.3540   1145.219     0.5547     -0.181    8.50540     6.8015     6.8011     0.3549   15.52225 2.2917e+02     -0.183 0.0000e+00
        137 152.524850    0.00944     0.5667     34.000  1000.3533   1143.507     0.5538     -0.181    8.50541     6.8017     6.8013     0.3542   15.52228 2.2952e+02     -0.183 0.0000e+00
        138 152.524852    0.00951     0.5708     34.250  1000.3536   1144.217     0.5542     -0.180    8.50535     6.8019     6.8015     0.3545   15.52218 2.2998e+02     -0.182 0.0000e+00
        139 152.524855    0.00958     0.5750     34.500  1000.3543   1146.006     0.5551     -0.180    8.50526     6.8020     6.8017     0.3552   15.52202 2.3030e+02     -0.182 0.0000e+00
        140 152.524858    0.00965     0.5792     34.750  1000.3547   1147.031     0.5556     -0.181    8.50520     6.8022     6.8018     0.3556   15.52190 2.3023e+02     -0.183 0.0000e+00
        141 152.524861    0.00972     0.5833     35.000  1000.3541   1145.689     0.5550     -0.181    8.50520     6.8023     6.8020     0.3550   15.52191 2.2991e+02     -0.183 0.0000e+00
        142 152.524864    0.00979     0.5875     35.250  1000.3524   1141.410     0.5528     -0.181    8.50529     6.8025     6.8021     0.3533   15.52210 2.2959e+02     -0.183 0.0000e+00
        143 152.524867    0.00986     0.5917     35.500  1000.3499   1135.039     0.5496     -0.181    8.50543     6.8027     6.8023     0.3507   15.52239 2.2938e+02     -0.183 0.0000e+00
        144 152.524870    0.00993     0.5958     35.750  1000.3472   1128.410     0.5462     -0.181    8.50558     6.8028     6.8025     0.3481   15.52270 2.2931e+02     -0.183 0.0000e+00
        145 152.524873    0.01000     0.6000     36.000  1000.3451   1123.318     0.5437     -0.181    8.50569     6.8030     6.8027     0.3460   15.52291 2.2932e+02     -0.183 0.0000e+00
        146 152.524876    0.01007     0.6042     36.250  1000.3440   1120.482     0.5422     -0.181    8.50573     6.8032     6.8028     0.3449   15.52301 2.2924e+02     -0.183 0.0000e+00
        147 152.524878    0.01014     0.6083     36.500  1000.3435   1119.355     0.5416     -0.181    8.50573     6.8033     6.8030     0.3444   15.52301 2.2895e+02     -0.183 0.0000e+00
        148 152.524881    0.01021     0.6125     36.750  1000.3433   1118.826     0.5414     -0.181    8.50571     6.8035     6.8032     0.3442   15.52298 2.2857e+02     -0.183 0.0000e+00
        149 152.524884    0.01028     0.6167     37.000  1000.3430   1117.946     0.5409     -0.181    8.50570     6.8037     6.8033     0.3438   15.52297 2.2818e+02     -0.183 0.0000e+00
        150 152.524887    0.01035     0.6208     37.250  1000.3423   1116.203     0.5401     -0.181    8.50571     6.8038     6.8035     0.3431   15.52301 2.2776e+02     -0.183 0.0000e+00
        151 152.524890    0.01042     0.6250     37.500  1000.3412   1113.514     0.5387     -0.181    8.50575     6.8040     6.8037     0.3421   15.52310 2.2725e+02     -0.183 0.0000e+00
        152 152.524893    0.01049     0.6292     37.750  1000.3398   1110.043     0.5369     -0.181    8.50581     6.8041     6.8038     0.3407   15.52323 2.2691e+02     -0.183 0.0000e+00
        153 152.524896    0.01056     0.6333     38.000  1000.3381   1106.001     0.5349     -0.181    8.50589     6.8043     6.8040     0.3390   15.52339 2.2702e+02     -0.183 0.0000e+00
        154 152.524899    0.01063     0.6375     38.250  1000.3363   1101.587     0.5327     -0.181    8.50597     6.8045     6.8041     0.3372   15.52357 2.2739e+02     -0.183 0.0000e+00
        155 152.524902    0.01069     0.6417     38.500  1000.3345   1097.008     0.5304     -0.181    8.50607     6.8047     6.8043     0.3354   15.52377 2.2770e+02     -0.183 0.0000e+00
        156 152.524905    0.01076     0.6458     38.750  1000.3327   1092.451     0.5281     -0.181    8.50616     6.8048     6.8045     0.3336   15.52396 2.2797e+02     -0.183 0.0000e+00
        157 152.524907    0.01083     0.6500     39.000  1000.3309   1088.012     0.5258     -0.181    8.50625     6.8050     6.8047     0.3318   15.52414 2.2814e+02     -0.183 0.0000e+00
        158 152.524910    0.01090     0.6542     39.250  1000.3291   1083.720     0.5237     -0.181    8.50634     6.8052     6.8048     0.3300   15.52432 2.2823e+02     -0.183 0.0000e+00
        159 152.524913    0.01097     0.6583     39.500  1000.3275   1079.631     0.5216     -0.181    8.50642     6.8054     6.8050     0.3284   15.52449 2.2844e+02     -0.183 0.0000e+00
        160 152.524916    0.01104     0.6625     39.750  1000.3260   1075.813     0.5197     -0.181    8.50649     6.8055     6.8051     0.3269   15.52465 2.2875e+02     -0.183 0.0000e+00
        161 152.524919    0.01111     0.6667     40.000  1000.3246   1072.307     0.5179     -0.181    8.50656     6.8057     6.8053     0.3255   15.52478 2.2905e+02     -0.183 0.0000e+00
        162 152.524922    0.01118     0.6708     40.250  1000.3233   1069.080     0.5163     -0.181    8.50661     6.8058     6.8055     0.3242   15.52490 2.2945e+02     -0.183 0.0000e+00
        163 152.524925    0.01125     0.6750     40.500  1000.3220   1065.980     0.5148     -0.181    8.50666     6.8060     6.8056     0.3229   15.52501 2.2994e+02     -0.183 0.0000e+00
        164 152.524928    0.01132     0.6792     40.750  1000.3207   1062.687     0.5131     -0.181    8.50672     6.8062     6.8058     0.3216   15.52514 2.3036e+02     -0.183 0.0000e+00
        165 152.524931    0.01139     0.6833     41.000  1000.3191   1058.703     0.5111     -0.181    8.50679     6.8063     6.8060     0.3200   15.52529 2.3065e+02     -0.183 0.0000e+00
        166 152.524933    0.01146     0.6875     41.250  1000.3171   1053.594     0.5085     -0.181    8.50690     6.8065     6.8062     0.3179   15.52551 2.3091e+02     -0.183 0.0000e+00
        167 152.524936    0.01153     0.6917     41.500  1000.3145   1047.309     0.5054     -0.181    8.50704     6.8066     6.8063     0.3154   15.52580 2.3123e+02     -0.183 0.0000e+00
        168 152.524939    0.01160     0.6958     41.750  1000.3117   1040.205     0.5018     -0.181    8.50721     6.8068     6.8065     0.3126   15.52614 2.3157e+02     -0.183 0.0000e+00
        169 152.524942    0.01167     0.7000     42.000  1000.3087   1032.793     0.4981     -0.181    8.50739     6.8069     6.8066     0.3096   15.52650 2.3190e+02     -0.183 0.0000e+00
        170 152.524945    0.01174     0.7042     42.250  1000.3058   1025.586     0.4945     -0.181    8.50756     6.8071     6.8068     0.3067   15.52685 2.3226e+02     -0.183 0.0000e+00
