CTD-processing/allCTD/CNV--homogene/2012-10-28_t6-s10.cnv
* Sea-Bird SBE19plus Data File:
* FileName = C:\Documents and Settings\kris.holderied.local\My Documents\2012-10-CookInlet-Ocean-LTM\2012-10-28-EVOSTC-CookInletOcean-Tran6-Douglas\2012-10-28-CookInletOcean-Tran6-cast019.hex
* Software Version 1.54
* Temperature SN =  4141
* Conductivity SN =  4141
* System UpLoad Time = Oct 28 2012 19:46:47
** Cook Inlet EVOSTC Transect 6 Douglas line west to east
** Date:   28 Oct 2012
** Station:  6-10
** Start time (AKDT-24 hr):  1535
** Depth (m):  73
** Comment:
# nquan = 17
# nvalues = 785                         
# units = specified
# name 0 = scan: Scan Count
# name 1 = timeJ: Julian Days
# name 2 = timeH: Time, Elapsed [hours]
# name 3 = timeM: Time, Elapsed [minutes]
# name 4 = timeS: Time, Elapsed [seconds]
# name 5 = density00: Density [density, kg/m^3]
# name 6 = specc: Specific Conductance [uS/cm]
# name 7 = sal00: Salinity, Practical [PSU]
# name 8 = depSM: Depth [salt water, m], lat = 59.00
# name 9 = oxsolML/L: Oxygen Saturation, Garcia & Gordon [ml/l]
# name 10 = potemp090C: Potential Temperature [ITS-90, deg C]
# name 11 = tv290C: Temperature [ITS-90, deg C]
# name 12 = sigma-é00: Density [sigma-theta, kg/m^3]
# name 13 = n2satML/L: Nitrogen Saturation [ml/l]
# name 14 = par: PAR/Irradiance, Biospherical/Licor
# name 15 = prdM: Pressure, Strain Gauge [db]
# name 16 = flag:  0.000e+00
# span 0 =          1,        785       
# span 1 = 302.649572, 302.651840       
# span 2 =    0.00000,    0.05444       
# span 3 =     0.0000,     3.2667       
# span 4 =      0.000,    196.000       
# span 5 =  1000.6496,  1025.6334       
# span 6 =   1770.829,  51222.148       
# span 7 =     0.8703,    32.2708       
# span 8 =     -0.050,     88.128       
# span 9 =    6.73451,    8.74634       
# span 10 =     5.5870,     8.2728      
# span 11 =     5.5853,     8.2730      
# span 12 =     0.6498,    25.2314      
# span 13 =   12.13807,   15.92232      
# span 14 = 4.8822e-02, 2.7692e+02      
# span 15 =     -0.051,     88.978      
# span 16 = 0.0000e+00, 0.0000e+00      
# interval = seconds: 0.25
# start_time = Oct 28 2012 15:35:23 [Instrument's time stamp, header]
# bad_flag = -9.990e-29
*END*
[from data line 681]
        682 302.651542    0.04729     2.8375    170.250  1025.5257  51191.212    32.2515     66.149    6.83247     7.2585     7.2651    25.2194   12.28697 1.5685e-01     66.783 0.0000e+00
        683 302.651545    0.04736     2.8417    170.500  1025.5252  51188.933    32.2498     66.330    6.83257     7.2579     7.2650    25.2181   12.28715 1.7031e-01     66.967 0.0000e+00
        684 302.651548    0.04743     2.8458    170.750  1025.5254  51187.601    32.2487     66.556    6.83268     7.2574     7.2646    25.2173   12.28735 1.7624e-01     67.194 0.0000e+00
        685 302.651551    0.04750     2.8500    171.000  1025.5265  51187.518    32.2484     66.823    6.83278     7.2570     7.2641    25.2171   12.28752 1.7722e-01     67.464 0.0000e+00
        686 302.651554    0.04757     2.8542    171.250  1025.5282  51188.223    32.2486     67.122    6.83285     7.2566     7.2635    25.2174   12.28763 1.7483e-01     67.767 0.0000e+00
        687 302.651557    0.04764     2.8583    171.500  1025.5300  51189.101    32.2490     67.440    6.83290     7.2564     7.2631    25.2178   12.28770 1.7002e-01     68.088 0.0000e+00
        688 302.651560    0.04771     2.8625    171.750  1025.5317  51189.712    32.2493     67.759    6.83294     7.2562     7.2628    25.2180   12.28776 1.6304e-01     68.410 0.0000e+00
        689 302.651563    0.04778     2.8667    172.000  1025.5331  51190.044    32.2493     68.056    6.83297     7.2560     7.2626    25.2181   12.28782 1.5349e-01     68.710 0.0000e+00
        690 302.651565    0.04785     2.8708    172.250  1025.5344  51190.370    32.2493     68.317    6.83300     7.2559     7.2624    25.2182   12.28786 1.4016e-01     68.973 0.0000e+00
        691 302.651568    0.04792     2.8750    172.500  1025.5356  51190.792    32.2495     68.533    6.83301     7.2559     7.2623    25.2184   12.28788 1.2042e-01     69.191 0.0000e+00
        692 302.651571    0.04799     2.8792    172.750  1025.5365  51191.161    32.2497     68.704    6.83302     7.2559     7.2622    25.2185   12.28789 9.7854e-02     69.363 0.0000e+00
        693 302.651574    0.04806     2.8833    173.000  1025.5373  51191.436    32.2498     68.838    6.83302     7.2559     7.2621    25.2186   12.28789 8.3310e-02     69.499 0.0000e+00
        694 302.651577    0.04813     2.8875    173.250  1025.5380  51191.765    32.2500     68.956    6.83301     7.2560     7.2622    25.2187   12.28787 8.1280e-02     69.618 0.0000e+00
        695 302.651580    0.04819     2.8917    173.500  1025.5388  51192.257    32.2503     69.079    6.83299     7.2561     7.2622    25.2190   12.28783 9.1223e-02     69.742 0.0000e+00
        696 302.651583    0.04826     2.8958    173.750  1025.5398  51192.985    32.2507     69.228    6.83296     7.2564     7.2623    25.2193   12.28777 1.0880e-01     69.893 0.0000e+00
        697 302.651586    0.04833     2.9000    174.000  1025.5412  51194.130    32.2515     69.417    6.83290     7.2569     7.2624    25.2199   12.28767 1.2385e-01     70.084 0.0000e+00
        698 302.651589    0.04840     2.9042    174.250  1025.5432  51195.959    32.2527     69.650    6.83280     7.2578     7.2627    25.2208   12.28749 1.3186e-01     70.319 0.0000e+00
        699 302.651591    0.04847     2.9083    174.500  1025.5459  51198.773    32.2546     69.924    6.83263     7.2592     7.2632    25.2222   12.28719 1.3495e-01     70.596 0.0000e+00
        700 302.651594    0.04854     2.9125    174.750  1025.5490  51201.949    32.2569     70.231    6.83238     7.2609     7.2642    25.2238   12.28675 1.3509e-01     70.906 0.0000e+00
        701 302.651597    0.04861     2.9167    175.000  1025.5516  51204.194    32.2585     70.556    6.83209     7.2626     7.2656    25.2250   12.28624 1.3359e-01     71.235 0.0000e+00
        702 302.651600    0.04868     2.9208    175.250  1025.5536  51205.240    32.2594     70.883    6.83178     7.2641     7.2673    25.2254   12.28572 1.3135e-01     71.564 0.0000e+00
        703 302.651603    0.04875     2.9250    175.500  1025.5550  51205.374    32.2597     71.190    6.83150     7.2653     7.2690    25.2254   12.28525 1.2903e-01     71.874 0.0000e+00
        704 302.651606    0.04882     2.9292    175.750  1025.5559  51205.000    32.2595     71.458    6.83126     7.2664     7.2706    25.2251   12.28486 1.2705e-01     72.144 0.0000e+00
        705 302.651609    0.04889     2.9333    176.000  1025.5567  51204.747    32.2595     71.670    6.83106     7.2674     7.2719    25.2249   12.28453 1.2557e-01     72.359 0.0000e+00
        706 302.651612    0.04896     2.9375    176.250  1025.5574  51204.872    32.2597     71.823    6.83088     7.2684     7.2730    25.2249   12.28423 1.2458e-01     72.513 0.0000e+00
        707 302.651615    0.04903     2.9417    176.500  1025.5581  51205.340    32.2602     71.923    6.83070     7.2696     7.2740    25.2252   12.28393 1.2391e-01     72.615 0.0000e+00
        708 302.651617    0.04910     2.9458    176.750  1025.5588  51206.154    32.2609     71.992    6.83050     7.2709     7.2750    25.2256   12.28359 1.2338e-01     72.685 0.0000e+00
        709 302.651620    0.04917     2.9500    177.000  1025.5595  51207.019    32.2617     72.055    6.83029     7.2722     7.2762    25.2260   12.28323 1.2281e-01     72.748 0.0000e+00
        710 302.651623    0.04924     2.9542    177.250  1025.5599  51207.067    32.2619     72.134    6.83007     7.2731     7.2775    25.2260   12.28287 1.2197e-01     72.828 0.0000e+00
        711 302.651626    0.04931     2.9583    177.500  1025.5597  51205.750    32.2611     72.248    6.82990     7.2736     7.2788    25.2253   12.28260 1.2073e-01     72.942 0.0000e+00
        712 302.651629    0.04938     2.9625    177.750  1025.5594  51204.059    32.2600     72.404    6.82980     7.2739     7.2797    25.2243   12.28244 1.1913e-01     73.099 0.0000e+00
        713 302.651632    0.04944     2.9667    178.000  1025.5600  51203.526    32.2597     72.602    6.82973     7.2741     7.2803    25.2240   12.28234 1.1728e-01     73.300 0.0000e+00
        714 302.651635    0.04951     2.9708    178.250  1025.5610  51203.660    32.2597     72.837    6.82968     7.2742     7.2806    25.2240   12.28226 1.1524e-01     73.538 0.0000e+00
        715 302.651638    0.04958     2.9750    178.500  1025.5618  51203.121    32.2593     73.097    6.82967     7.2740     7.2808    25.2236   12.28223 1.1315e-01     73.800 0.0000e+00
        716 302.651641    0.04965     2.9792    178.750  1025.5628  51202.728    32.2589     73.367    6.82968     7.2737     7.2809    25.2232   12.28226 1.1106e-01     74.072 0.0000e+00
        717 302.651644    0.04972     2.9833    179.000  1025.5645  51203.741    32.2594     73.630    6.82968     7.2738     7.2807    25.2237   12.28226 1.0904e-01     74.338 0.0000e+00
        718 302.651646    0.04979     2.9875    179.250  1025.5666  51205.685    32.2606     73.870    6.82966     7.2742     7.2805    25.2247   12.28220 1.0725e-01     74.580 0.0000e+00
        719 302.651649    0.04986     2.9917    179.500  1025.5685  51207.513    32.2618     74.078    6.82959     7.2747     7.2806    25.2256   12.28208 1.0579e-01     74.790 0.0000e+00
        720 302.651652    0.04993     2.9958    179.750  1025.5698  51208.590    32.2626     74.252    6.82950     7.2752     7.2810    25.2261   12.28192 1.0467e-01     74.967 0.0000e+00
        721 302.651655    0.05000     3.0000    180.000  1025.5706  51208.843    32.2628     74.402    6.82940     7.2757     7.2815    25.2262   12.28176 1.0381e-01     75.118 0.0000e+00
        722 302.651658    0.05007     3.0042    180.250  1025.5710  51208.567    32.2626     74.542    6.82932     7.2759     7.2821    25.2260   12.28163 1.0304e-01     75.259 0.0000e+00
        723 302.651661    0.05014     3.0083    180.500  1025.5713  51207.956    32.2622     74.686    6.82928     7.2758     7.2825    25.2256   12.28156 1.0223e-01     75.405 0.0000e+00
        724 302.651664    0.05021     3.0125    180.750  1025.5714  51206.927    32.2614     74.848    6.82927     7.2754     7.2827    25.2250   12.28156 1.0127e-01     75.568 0.0000e+00
        725 302.651667    0.05028     3.0167    181.000  1025.5716  51205.730    32.2605     75.035    6.82933     7.2748     7.2826    25.2243   12.28166 1.0010e-01     75.757 0.0000e+00
        726 302.651670    0.05035     3.0208    181.250  1025.5721  51205.086    32.2599     75.251    6.82942     7.2742     7.2823    25.2238   12.28182 9.8701e-02     75.975 0.0000e+00
        727 302.651672    0.05042     3.0250    181.500  1025.5731  51204.971    32.2596     75.493    6.82952     7.2737     7.2817    25.2237   12.28199 9.7152e-02     76.219 0.0000e+00
        728 302.651675    0.05049     3.0292    181.750  1025.5742  51204.976    32.2593     75.755    6.82962     7.2732     7.2811    25.2236   12.28215 9.5545e-02     76.484 0.0000e+00
        729 302.651678    0.05056     3.0333    182.000  1025.5755  51205.170    32.2593     76.028    6.82970     7.2728     7.2806    25.2236   12.28229 9.3926e-02     76.759 0.0000e+00
        730 302.651681    0.05063     3.0375    182.250  1025.5769  51205.567    32.2593     76.302    6.82977     7.2725     7.2801    25.2237   12.28240 9.2309e-02     77.037 0.0000e+00
        731 302.651684    0.05069     3.0417    182.500  1025.5783  51206.117    32.2595     76.570    6.82982     7.2724     7.2797    25.2239   12.28248 9.0742e-02     77.307 0.0000e+00
        732 302.651687    0.05076     3.0458    182.750  1025.5798  51206.790    32.2598     76.824    6.82985     7.2724     7.2795    25.2242   12.28252 8.9286e-02     77.564 0.0000e+00
        733 302.651690    0.05083     3.0500    183.000  1025.5812  51207.549    32.2602     77.060    6.82985     7.2727     7.2794    25.2245   12.28252 8.7968e-02     77.801 0.0000e+00
        734 302.651693    0.05090     3.0542    183.250  1025.5826  51208.457    32.2608     77.276    6.82981     7.2733     7.2795    25.2250   12.28245 8.6774e-02     78.020 0.0000e+00
        735 302.651696    0.05097     3.0583    183.500  1025.5841  51209.655    32.2616     77.477    6.82973     7.2742     7.2798    25.2256   12.28231 8.5677e-02     78.223 0.0000e+00
        736 302.651698    0.05104     3.0625    183.750  1025.5859  51211.377    32.2628     77.672    6.82958     7.2758     7.2804    25.2264   12.28205 8.4650e-02     78.420 0.0000e+00
        737 302.651701    0.05111     3.0667    184.000  1025.5881  51213.839    32.2646     77.869    6.82935     7.2780     7.2814    25.2277   12.28164 8.3636e-02     78.619 0.0000e+00
        738 302.651704    0.05118     3.0708    184.250  1025.5907  51216.835    32.2669     78.076    6.82900     7.2809     7.2829    25.2293   12.28103 8.2562e-02     78.828 0.0000e+00
        739 302.651707    0.05125     3.0750    184.500  1025.5932  51219.599    32.2691     78.301    6.82854     7.2840     7.2852    25.2308   12.28026 8.1381e-02     79.055 0.0000e+00
        740 302.651710    0.05132     3.0792    184.750  1025.5949  51220.880    32.2704     78.544    6.82803     7.2868     7.2881    25.2314   12.27940 8.0075e-02     79.301 0.0000e+00
        741 302.651713    0.05139     3.0833    185.000  1025.5955  51219.895    32.2701     78.806    6.82755     7.2890     7.2912    25.2308   12.27861 7.8634e-02     79.565 0.0000e+00
        742 302.651716    0.05146     3.0875    185.250  1025.5953  51217.447    32.2688     79.079    6.82717     7.2904     7.2941    25.2293   12.27799 7.7085e-02     79.841 0.0000e+00
        743 302.651719    0.05153     3.0917    185.500  1025.5950  51214.876    32.2672     79.355    6.82690     7.2912     7.2962    25.2278   12.27756 7.5449e-02     80.120 0.0000e+00
        744 302.651722    0.05160     3.0958    185.750  1025.5951  51212.962    32.2660     79.622    6.82673     7.2917     7.2977    25.2267   12.27730 7.3692e-02     80.389 0.0000e+00
        745 302.651725    0.05167     3.1000    186.000  1025.5957  51211.990    32.2654     79.869    6.82662     7.2920     7.2985    25.2260   12.27713 7.1724e-02     80.639 0.0000e+00
        746 302.651727    0.05174     3.1042    186.250  1025.5965  51211.812    32.2652     80.091    6.82656     7.2922     7.2990    25.2259   12.27702 6.9364e-02     80.862 0.0000e+00
        747 302.651730    0.05181     3.1083    186.500  1025.5974  51211.979    32.2653     80.285    6.82650     7.2925     7.2993    25.2259   12.27693 6.6259e-02     81.058 0.0000e+00
        748 302.651733    0.05187     3.1125    186.750  1025.5983  51212.227    32.2655     80.456    6.82645     7.2928     7.2996    25.2259   12.27684 6.1751e-02     81.232 0.0000e+00
        749 302.651736    0.05194     3.1167    187.000  1025.5991  51212.520    32.2656     80.617    6.82640     7.2931     7.2999    25.2260   12.27675 5.5971e-02     81.394 0.0000e+00
        750 302.651739    0.05201     3.1208    187.250  1025.6000  51212.724    32.2658     80.782    6.82634     7.2934     7.3002    25.2261   12.27666 5.0979e-02     81.561 0.0000e+00
        751 302.651742    0.05208     3.1250    187.500  1025.6008  51212.815    32.2658     80.965    6.82629     7.2936     7.3005    25.2261   12.27657 4.8822e-02     81.745 0.0000e+00
        752 302.651745    0.05215     3.1292    187.750  1025.6018  51212.954    32.2659     81.172    6.82624     7.2939     7.3008    25.2261   12.27649 4.9982e-02     81.955 0.0000e+00
        753 302.651748    0.05222     3.1333    188.000  1025.6029  51213.196    32.2660     81.406    6.82619     7.2942     7.3011    25.2261   12.27641 5.3630e-02     82.191 0.0000e+00
        754 302.651751    0.05229     3.1375    188.250  1025.6041  51213.396    32.2660     81.660    6.82614     7.2944     7.3014    25.2262   12.27632 5.7620e-02     82.447 0.0000e+00
        755 302.651753    0.05236     3.1417    188.500  1025.6053  51213.520    32.2660     81.924    6.82609     7.2945     7.3017    25.2261   12.27625 6.0236e-02     82.713 0.0000e+00
        756 302.651756    0.05243     3.1458    188.750  1025.6064  51213.619    32.2660     82.183    6.82606     7.2945     7.3020    25.2261   12.27619 6.1491e-02     82.975 0.0000e+00
        757 302.651759    0.05250     3.1500    189.000  1025.6074  51213.548    32.2659     82.422    6.82604     7.2944     7.3021    25.2260   12.27616 6.1989e-02     83.217 0.0000e+00
        758 302.651762    0.05257     3.1542    189.250  1025.6081  51213.270    32.2656     82.628    6.82605     7.2942     7.3021    25.2257   12.27618 6.2139e-02     83.425 0.0000e+00
        759 302.651765    0.05264     3.1583    189.500  1025.6088  51213.143    32.2654     82.795    6.82608     7.2940     7.3020    25.2256   12.27622 6.2159e-02     83.594 0.0000e+00
        760 302.651768    0.05271     3.1625    189.750  1025.6095  51213.486    32.2656     82.927    6.82610     7.2939     7.3018    25.2258   12.27626 6.2134e-02     83.727 0.0000e+00
        761 302.651771    0.05278     3.1667    190.000  1025.6103  51214.124    32.2659     83.036    6.82611     7.2940     7.3016    25.2261   12.27628 6.2052e-02     83.837 0.0000e+00
        762 302.651774    0.05285     3.1708    190.250  1025.6111  51214.619    32.2662     83.142    6.82611     7.2941     7.3016    25.2263   12.27627 6.1871e-02     83.943 0.0000e+00
        763 302.651777    0.05292     3.1750    190.500  1025.6116  51214.764    32.2663     83.262    6.82610     7.2941     7.3016    25.2263   12.27625 6.1585e-02     84.065 0.0000e+00
        764 302.651780    0.05299     3.1792    190.750  1025.6122  51214.712    32.2662     83.412    6.82609     7.2941     7.3017    25.2262   12.27623 6.1188e-02     84.217 0.0000e+00
        765 302.651782    0.05306     3.1833    191.000  1025.6128  51214.348    32.2659     83.598    6.82609     7.2938     7.3018    25.2260   12.27624 6.0676e-02     84.404 0.0000e+00
