CTD-processing/allCTD/CNV--homogene/2012_04-10_t9_s03_cast287.cnv
* Sea-Bird SBE19plus Data File:
* FileName = C:\Documents and Settings\glenn.seaman\My Documents\KHolderied-files\CTD-DATA-FILES\2011-KBay-CTD\2012-04-10-HomerSpit-CTD\2012-04-10-HomerSpit-cast287.hex
* Software Version 1.59
* Temperature SN =  5028
* Conductivity SN =  5028
* System UpLoad Time = Apr 29 2012 20:48:06
** Cruise: Homer Spit Transect
** Date: 2012-04-10
** Station: 03
** Start time (AKDT): 1817
** Depth (feet): 310
# nquan = 17
# nvalues = 709                         
# units = specified
# name 0 = scan: Scan Count
# name 1 = timeJ: Julian Days
# name 2 = timeH: Time, Elapsed [hours]
# name 3 = timeM: Time, Elapsed [minutes]
# name 4 = timeS: Time, Elapsed [seconds]
# name 5 = density00: Density [density, kg/m^3]
# name 6 = specc: Specific Conductance [uS/cm]
# name 7 = sal00: Salinity, Practical [PSU]
# name 8 = depSM: Depth [salt water, m], lat = 59.00
# name 9 = oxsolML/L: Oxygen Saturation, Garcia & Gordon [ml/l]
# name 10 = potemp090C: Potential Temperature [ITS-90, deg C]
# name 11 = tv290C: Temperature [ITS-90, deg C]
# name 12 = sigma-é00: Density [sigma-theta, kg/m^3]
# name 13 = n2satML/L: Nitrogen Saturation [ml/l]
# name 14 = par: PAR/Irradiance, Biospherical/Licor [umol photons/m^2/sec]
# name 15 = prdM: Pressure, Strain Gauge [db]
# name 16 = flag:  0.000e+00
# span 0 =          1,        709       
# span 1 = 102.095787, 102.097836       
# span 2 =    0.00000,    0.04917       
# span 3 =     0.0000,     2.9500       
# span 4 =      0.000,    177.000       
# span 5 =   999.9694,  1025.7473       
# span 6 =      1.804,  51953.527       
# span 7 =     0.0015,    31.8091       
# span 8 =     -0.075,     84.649       
# span 9 =    7.57045,    9.39567       
# span 10 =     2.8967,     3.1549      
# span 11 =     2.8969,     3.1550      
# span 12 =    -0.0303,    25.3462      
# span 13 =   13.51201,   17.02618      
# span 14 = 3.7494e-02, 1.4579e+03      
# span 15 =     -0.075,     85.465      
# span 16 = 0.0000e+00, 0.0000e+00      
# interval = seconds: 0.25
# start_time = Apr 11 2012 02:17:56 [Instrument's time stamp, header]
# bad_flag = -9.990e-29
*END*
[from data line 426]
        427 102.097020    0.02958     1.7750    106.500  1025.0920  51373.118    31.5019      0.894    7.58972     3.0424     3.0696    25.0878   13.54697 2.9153e+02      0.902 0.0000e+00
        428 102.097023    0.02965     1.7792    106.750  1025.1001  51391.490    31.5105      0.894    7.59209     3.0336     3.0547    25.0958   13.55077 2.9900e+02      0.902 0.0000e+00
        429 102.097025    0.02972     1.7833    107.000  1025.1078  51408.637    31.5189      0.889    7.59396     3.0284     3.0425    25.1036   13.55374 2.7530e+02      0.897 0.0000e+00
        430 102.097028    0.02979     1.7875    107.250  1025.1146  51423.295    31.5265      0.882    7.59523     3.0263     3.0337    25.1104   13.55573 2.5289e+02      0.890 0.0000e+00
        431 102.097031    0.02986     1.7917    107.500  1025.1194  51433.510    31.5320      0.876    7.59592     3.0259     3.0284    25.1153   13.55680 2.5269e+02      0.884 0.0000e+00
        432 102.097034    0.02993     1.7958    107.750  1025.1216  51438.048    31.5345      0.873    7.59619     3.0256     3.0263    25.1175   13.55722 2.6793e+02      0.881 0.0000e+00
        433 102.097037    0.03000     1.8000    108.000  1025.1214  51437.773    31.5342      0.875    7.59628     3.0242     3.0259    25.1173   13.55736 2.9115e+02      0.883 0.0000e+00
        434 102.097040    0.03007     1.8042    108.250  1025.1199  51435.051    31.5323      0.880    7.59643     3.0212     3.0257    25.1158   13.55763 3.0689e+02      0.889 0.0000e+00
        435 102.097043    0.03014     1.8083    108.500  1025.1189  51433.372    31.5308      0.886    7.59678     3.0171     3.0242    25.1147   13.55824 3.0532e+02      0.894 0.0000e+00
        436 102.097046    0.03021     1.8125    108.750  1025.1189  51434.145    31.5306      0.889    7.59736     3.0118     3.0212    25.1147   13.55920 2.9048e+02      0.898 0.0000e+00
        437 102.097049    0.03028     1.8167    109.000  1025.1194  51435.958    31.5307      0.890    7.59813     3.0051     3.0171    25.1152   13.56047 2.7717e+02      0.898 0.0000e+00
        438 102.097052    0.03035     1.8208    109.250  1025.1197  51437.826    31.5306      0.887    7.59913     2.9964     3.0119    25.1155   13.56211 2.7928e+02      0.896 0.0000e+00
        439 102.097054    0.03042     1.8250    109.500  1025.1203  51440.468    31.5306      0.884    7.60041     2.9862     3.0051    25.1160   13.56422 2.8799e+02      0.892 0.0000e+00
        440 102.097057    0.03049     1.8292    109.750  1025.1219  51445.619    31.5318      0.882    7.60199     2.9755     2.9964    25.1177   13.56681 2.8991e+02      0.890 0.0000e+00
        441 102.097060    0.03056     1.8333    110.000  1025.1252  51454.100    31.5349      0.881    7.60375     2.9652     2.9862    25.1210   13.56969 2.8076e+02      0.889 0.0000e+00
        442 102.097063    0.03062     1.8375    110.250  1025.1296  51464.811    31.5393      0.882    7.60554     2.9558     2.9756    25.1254   13.57258 2.6165e+02      0.890 0.0000e+00
        443 102.097066    0.03069     1.8417    110.500  1025.1345  51476.392    31.5444      0.885    7.60723     2.9480     2.9653    25.1304   13.57529 2.4500e+02      0.893 0.0000e+00
        444 102.097069    0.03076     1.8458    110.750  1025.1397  51488.096    31.5498      0.886    7.60871     2.9420     2.9559    25.1355   13.57767 2.3707e+02      0.895 0.0000e+00
        445 102.097072    0.03083     1.8500    111.000  1025.1445  51498.958    31.5551      0.886    7.60992     2.9378     2.9480    25.1403   13.57960 2.3453e+02      0.895 0.0000e+00
        446 102.097075    0.03090     1.8542    111.250  1025.1486  51507.958    31.5596      0.885    7.61082     2.9351     2.9420    25.1444   13.58103 2.3472e+02      0.894 0.0000e+00
        447 102.097078    0.03097     1.8583    111.500  1025.1516  51514.513    31.5629      0.884    7.61144     2.9336     2.9379    25.1474   13.58200 2.3426e+02      0.892 0.0000e+00
        448 102.097080    0.03104     1.8625    111.750  1025.1534  51518.506    31.5649      0.883    7.61185     2.9327     2.9352    25.1492   13.58264 2.3597e+02      0.892 0.0000e+00
        449 102.097083    0.03111     1.8667    112.000  1025.1542  51520.440    31.5658      0.884    7.61210     2.9321     2.9336    25.1500   13.58304 2.4544e+02      0.892 0.0000e+00
        450 102.097086    0.03118     1.8708    112.250  1025.1544  51521.034    31.5660      0.885    7.61226     2.9315     2.9327    25.1502   13.58330 2.6009e+02      0.894 0.0000e+00
        451 102.097089    0.03125     1.8750    112.500  1025.1544  51521.035    31.5658      0.886    7.61237     2.9308     2.9322    25.1502   13.58350 2.6873e+02      0.894 0.0000e+00
        452 102.097092    0.03132     1.8792    112.750  1025.1545  51521.453    31.5660      0.885    7.61248     2.9302     2.9316    25.1503   13.58367 2.7445e+02      0.894 0.0000e+00
        453 102.097095    0.03139     1.8833    113.000  1025.1551  51522.662    31.5666      0.884    7.61258     2.9298     2.9309    25.1509   13.58383 2.9116e+02      0.892 0.0000e+00
        454 102.097098    0.03146     1.8875    113.250  1025.1558  51524.100    31.5674      0.882    7.61266     2.9294     2.9302    25.1516   13.58394 3.0752e+02      0.890 0.0000e+00
        455 102.097101    0.03153     1.8917    113.500  1025.1563  51525.316    31.5681      0.880    7.61271     2.9290     2.9298    25.1522   13.58401 3.0947e+02      0.888 0.0000e+00
        456 102.097104    0.03160     1.8958    113.750  1025.1569  51526.409    31.5688      0.878    7.61274     2.9287     2.9294    25.1527   13.58406 3.1120e+02      0.886 0.0000e+00
        457 102.097106    0.03167     1.9000    114.000  1025.1576  51527.912    31.5697      0.874    7.61277     2.9291     2.9290    25.1535   13.58409 3.2197e+02      0.883 0.0000e+00
        458 102.097109    0.03174     1.9042    114.250  1025.1589  51530.372    31.5713      0.867    7.61274     2.9312     2.9287    25.1548   13.58403 3.2995e+02      0.876 0.0000e+00
        459 102.097112    0.03181     1.9083    114.500  1025.1608  51533.866    31.5737      0.855    7.61255     2.9363     2.9291    25.1567   13.58367 3.3078e+02      0.864 0.0000e+00
        460 102.097115    0.03188     1.9125    114.750  1025.1631  51537.949    31.5770      0.836    7.61198     2.9449     2.9312    25.1592   13.58270 3.3236e+02      0.844 0.0000e+00
        461 102.097118    0.03194     1.9167    115.000  1025.1646  51539.626    31.5795      0.810    7.61089     2.9549     2.9363    25.1608   13.58086 3.3823e+02      0.818 0.0000e+00
        462 102.097121    0.03201     1.9208    115.250  1025.1622  51533.265    31.5775      0.781    7.60935     2.9626     2.9449    25.1585   13.57836 3.5432e+02      0.789 0.0000e+00
        463 102.097124    0.03208     1.9250    115.500  1025.1553  51518.480    31.5702      0.752    7.60784     2.9661     2.9550    25.1518   13.57595 3.6512e+02      0.759 0.0000e+00
        464 102.097127    0.03215     1.9292    115.750  1025.1478  51502.881    31.5617      0.725    7.60682     2.9662     2.9627    25.1444   13.57438 3.5130e+02      0.731 0.0000e+00
        465 102.097130    0.03222     1.9333    116.000  1025.1429  51493.161    31.5561      0.703    7.60645     2.9646     2.9662    25.1396   13.57384 3.3830e+02      0.709 0.0000e+00
        466 102.097133    0.03229     1.9375    116.250  1025.1411  51489.826    31.5539      0.692    7.60654     2.9621     2.9663    25.1378   13.57403 3.2865e+02      0.698 0.0000e+00
        467 102.097135    0.03236     1.9417    116.500  1025.1408  51489.624    31.5533      0.695    7.60689     2.9590     2.9646    25.1375   13.57461 3.0506e+02      0.702 0.0000e+00
        468 102.097138    0.03243     1.9458    116.750  1025.1410  51490.492    31.5532      0.719    7.60736     2.9557     2.9621    25.1376   13.57539 2.8402e+02      0.726 0.0000e+00
        469 102.097141    0.03250     1.9500    117.000  1025.1423  51493.174    31.5542      0.772    7.60790     2.9523     2.9590    25.1387   13.57626 2.6060e+02      0.779 0.0000e+00
        470 102.097144    0.03257     1.9542    117.250  1025.1444  51497.139    31.5559      0.865    7.60843     2.9477     2.9557    25.1403   13.57712 2.1557e+02      0.873 0.0000e+00
        471 102.097147    0.03264     1.9583    117.500  1025.1456  51498.973    31.5562      1.013    7.60904     2.9401     2.9524    25.1408   13.57813 1.6688e+02      1.023 0.0000e+00
        472 102.097150    0.03271     1.9625    117.750  1025.1465  51499.930    31.5555      1.224    7.60995     2.9303     2.9478    25.1406   13.57964 1.3272e+02      1.236 0.0000e+00
        473 102.097153    0.03278     1.9667    118.000  1025.1504  51506.954    31.5581      1.493    7.61125     2.9205     2.9402    25.1433   13.58175 1.1120e+02      1.507 0.0000e+00
        474 102.097156    0.03285     1.9708    118.250  1025.1582  51521.183    31.5650      1.809    7.61275     2.9119     2.9304    25.1496   13.58412 9.8796e+01      1.827 0.0000e+00
        475 102.097159    0.03292     1.9750    118.500  1025.1677  51538.209    31.5737      2.162    7.61416     2.9051     2.9206    25.1574   13.58633 9.2101e+01      2.183 0.0000e+00
        476 102.097161    0.03299     1.9792    118.750  1025.1773  51555.167    31.5827      2.540    7.61531     2.9003     2.9121    25.1653   13.58811 8.8628e+01      2.565 0.0000e+00
        477 102.097164    0.03306     1.9833    119.000  1025.1869  51571.270    31.5916      2.937    7.61613     2.8974     2.9053    25.1729   13.58935 8.6524e+01      2.965 0.0000e+00
        478 102.097167    0.03313     1.9875    119.250  1025.1965  51586.988    31.6007      3.344    7.61658     2.8967     2.9004    25.1806   13.58997 8.4313e+01      3.376 0.0000e+00
        479 102.097170    0.03319     1.9917    119.500  1025.2064  51602.815    31.6104      3.755    7.61662     2.8986     2.8975    25.1886   13.58991 8.0794e+01      3.791 0.0000e+00
        480 102.097173    0.03326     1.9958    119.750  1025.2166  51618.596    31.6207      4.164    7.61621     2.9033     2.8969    25.1969   13.58909 7.6231e+01      4.204 0.0000e+00
        481 102.097176    0.03333     2.0000    120.000  1025.2273  51634.561    31.6318      4.569    7.61527     2.9106     2.8988    25.2056   13.58739 7.1742e+01      4.613 0.0000e+00
        482 102.097179    0.03340     2.0042    120.250  1025.2368  51647.914    31.6419      4.972    7.61384     2.9188     2.9036    25.2132   13.58490 6.7227e+01      5.019 0.0000e+00
        483 102.097182    0.03347     2.0083    120.500  1025.2421  51652.629    31.6468      5.379    7.61220     2.9258     2.9109    25.2166   13.58212 6.2260e+01      5.430 0.0000e+00
        484 102.097185    0.03354     2.0125    120.750  1025.2428  51648.595    31.6460      5.792    7.61068     2.9307     2.9191    25.2153   13.57964 5.7256e+01      5.847 0.0000e+00
        485 102.097188    0.03361     2.0167    121.000  1025.2415  51641.094    31.6426      6.212    7.60952     2.9337     2.9262    25.2119   13.57777 5.2630e+01      6.271 0.0000e+00
        486 102.097190    0.03368     2.0208    121.250  1025.2403  51634.244    31.6391      6.634    7.60877     2.9353     2.9312    25.2087   13.57657 4.8357e+01      6.697 0.0000e+00
        487 102.097193    0.03375     2.0250    121.500  1025.2400  51629.638    31.6366      7.057    7.60833     2.9362     2.9341    25.2064   13.57589 4.4323e+01      7.124 0.0000e+00
        488 102.097196    0.03382     2.0292    121.750  1025.2406  51627.036    31.6350      7.479    7.60810     2.9366     2.9357    25.2051   13.57553 4.0463e+01      7.550 0.0000e+00
        489 102.097199    0.03389     2.0333    122.000  1025.2419  51625.807    31.6341      7.900    7.60798     2.9369     2.9366    25.2043   13.57535 3.6781e+01      7.975 0.0000e+00
        490 102.097202    0.03396     2.0375    122.250  1025.2436  51625.463    31.6338      8.318    7.60791     2.9372     2.9371    25.2040   13.57523 3.3331e+01      8.397 0.0000e+00
        491 102.097205    0.03403     2.0417    122.500  1025.2456  51625.930    31.6340      8.732    7.60784     2.9377     2.9374    25.2042   13.57512 3.0170e+01      8.815 0.0000e+00
        492 102.097208    0.03410     2.0458    122.750  1025.2481  51627.092    31.6346      9.141    7.60775     2.9384     2.9377    25.2047   13.57495 2.7328e+01      9.228 0.0000e+00
        493 102.097211    0.03417     2.0500    123.000  1025.2507  51628.624    31.6356      9.544    7.60761     2.9393     2.9382    25.2054   13.57470 2.4807e+01      9.634 0.0000e+00
        494 102.097214    0.03424     2.0542    123.250  1025.2533  51630.068    31.6366      9.939    7.60742     2.9404     2.9389    25.2061   13.57438 2.2586e+01     10.034 0.0000e+00
        495 102.097216    0.03431     2.0583    123.500  1025.2553  51630.500    31.6369     10.329    7.60722     2.9413     2.9399    25.2063   13.57405 2.0636e+01     10.428 0.0000e+00
        496 102.097219    0.03438     2.0625    123.750  1025.2570  51630.171    31.6368     10.716    7.60703     2.9422     2.9409    25.2061   13.57374 1.8929e+01     10.817 0.0000e+00
        497 102.097222    0.03444     2.0667    124.000  1025.2590  51630.589    31.6371     11.100    7.60684     2.9434     2.9419    25.2063   13.57342 1.7447e+01     11.205 0.0000e+00
        498 102.097225    0.03451     2.0708    124.250  1025.2618  51632.442    31.6384     11.483    7.60660     2.9452     2.9428    25.2072   13.57301 1.6164e+01     11.592 0.0000e+00
        499 102.097228    0.03458     2.0750    124.500  1025.2653  51635.497    31.6406     11.867    7.60625     2.9478     2.9440    25.2089   13.57241 1.5029e+01     11.979 0.0000e+00
        500 102.097231    0.03465     2.0792    124.750  1025.2695  51639.718    31.6438     12.251    7.60574     2.9515     2.9458    25.2112   13.57152 1.3988e+01     12.367 0.0000e+00
        501 102.097234    0.03472     2.0833    125.000  1025.2745  51645.281    31.6480     12.637    7.60502     2.9566     2.9485    25.2144   13.57027 1.3021e+01     12.756 0.0000e+00
        502 102.097237    0.03479     2.0875    125.250  1025.2803  51652.209    31.6535     13.023    7.60403     2.9635     2.9522    25.2185   13.56856 1.2123e+01     13.147 0.0000e+00
        503 102.097240    0.03486     2.0917    125.500  1025.2877  51661.614    31.6610     13.411    7.60268     2.9734     2.9573    25.2241   13.56625 1.1285e+01     13.538 0.0000e+00
        504 102.097242    0.03493     2.0958    125.750  1025.2983  51676.479    31.6727     13.800    7.60076     2.9869     2.9642    25.2328   13.56293 1.0501e+01     13.931 0.0000e+00
        505 102.097245    0.03500     2.1000    126.000  1025.3108  51694.243    31.6871     14.190    7.59814     3.0024     2.9742    25.2435   13.55841 9.7648e+00     14.324 0.0000e+00
        506 102.097248    0.03507     2.1042    126.250  1025.3196  51704.085    31.6972     14.580    7.59507     3.0168     2.9877    25.2504   13.55321 9.0746e+00     14.717 0.0000e+00
        507 102.097251    0.03514     2.1083    126.500  1025.3217  51701.204    31.6991     14.970    7.59205     3.0283     3.0032    25.2506   13.54821 8.4316e+00     15.112 0.0000e+00
        508 102.097254    0.03521     2.1125    126.750  1025.3198  51691.190    31.6959     15.362    7.58949     3.0366     3.0176    25.2469   13.54403 7.8377e+00     15.507 0.0000e+00
        509 102.097257    0.03528     2.1167    127.000  1025.3170  51680.195    31.6913     15.754    7.58756     3.0421     3.0291    25.2423   13.54090 7.2912e+00     15.903 0.0000e+00
        510 102.097260    0.03535     2.1208    127.250  1025.3149  51671.197    31.6872     16.146    7.58621     3.0457     3.0374    25.2383   13.53872 6.7863e+00     16.299 0.0000e+00
