CTD-processing/allCTD/CNV--homogene/2012-07-02-cookinlet-tran9-cast164-s01.cnv
* Sea-Bird SBE19plus Data File:
* FileName = C:\Documents and Settings\kris.holderied.local\My Documents\CTD-data-upload-2012-07-28\CTD5028-upload-2012-07-28-cast164.hex
* Software Version 1.54
* Temperature SN =  5028
* Conductivity SN =  5028
* System UpLoad Time = Jul 28 2012 12:08:51
** Kachemak Bay - CTD data - upload all 2012-07-28
** Date:  2012-07-02   xxxx Tide (x of 2 lines)
** Station:  9.01
** Start time (AKDT-24 hr):1407
** Depth (ft):230
** Comments: None
# nquan = 17
# nvalues = 698                         
# units = specified
# name 0 = scan: Scan Count
# name 1 = timeJ: Julian Days
# name 2 = timeH: Time, Elapsed [hours]
# name 3 = timeM: Time, Elapsed [minutes]
# name 4 = timeS: Time, Elapsed [seconds]
# name 5 = density00: Density [density, kg/m^3]
# name 6 = specc: Specific Conductance [uS/cm]
# name 7 = sal00: Salinity, Practical [PSU]
# name 8 = depSM: Depth [salt water, m], lat = 59.00
# name 9 = oxsolML/L: Oxygen Saturation, Garcia & Gordon [ml/l]
# name 10 = potemp090C: Potential Temperature [ITS-90, deg C]
# name 11 = tv290C: Temperature [ITS-90, deg C]
# name 12 = sigma-é00: Density [sigma-theta, kg/m^3]
# name 13 = n2satML/L: Nitrogen Saturation [ml/l]
# name 14 = par: PAR/Irradiance, Biospherical/Licor [umol photons/m^2/sec]
# name 15 = prdM: Pressure, Strain Gauge [db]
# name 16 = flag:  0.000e+00
# span 0 =          1,        698       
# span 1 = 184.589306, 184.591322       
# span 2 =    0.00000,    0.04840       
# span 3 =     0.0000,     2.9042       
# span 4 =      0.000,    174.250       
# span 5 =   999.8849,  1025.2382       
# span 6 =    635.317,  50714.206       
# span 7 =     0.3057,    31.6290       
# span 8 =     -0.078,     68.997       
# span 9 =    6.39752,    7.77009       
# span 10 =     5.7011,    11.3376      
# span 11 =     5.7064,    11.3378      
# span 12 =    -0.1148,    24.9233      
# span 13 =   11.61294,   14.28574      
# span 14 = 5.1269e-02, 6.5849e+02      
# span 15 =     -0.078,     69.660      
# span 16 = 0.0000e+00, 0.0000e+00      
# interval = seconds: 0.25
# start_time = Jul 02 2012 14:08:36 [Instrument's time stamp, header]
# bad_flag = -9.990e-29
*END*
[from data line 171]
        172 184.589800    0.01188     0.7125     42.750  1021.6147  44915.777    28.4259      1.043    6.40161    11.3103    11.3075    21.6099   11.61971 2.8149e+02      1.053 0.0000e+00
        173 184.589803    0.01194     0.7167     43.000  1021.6172  44920.379    28.4291      1.061    6.40138    11.3131    11.3082    21.6124   11.61929 2.7780e+02      1.072 0.0000e+00
        174 184.589806    0.01201     0.7208     43.250  1021.6178  44921.525    28.4301      1.104    6.40103    11.3154    11.3104    21.6128   11.61870 2.7225e+02      1.115 0.0000e+00
        175 184.589809    0.01208     0.7250     43.500  1021.6165  44919.203    28.4288      1.156    6.40070    11.3168    11.3132    21.6112   11.61817 2.6614e+02      1.167 0.0000e+00
        176 184.589812    0.01215     0.7292     43.750  1021.6140  44914.734    28.4258      1.200    6.40050    11.3169    11.3155    21.6085   11.61786 2.6193e+02      1.211 0.0000e+00
        177 184.589815    0.01222     0.7333     44.000  1021.6113  44909.858    28.4225      1.222    6.40044    11.3156    11.3169    21.6057   11.61780 2.6164e+02      1.234 0.0000e+00
        178 184.589818    0.01229     0.7375     44.250  1021.6096  44906.731    28.4204      1.216    6.40052    11.3133    11.3170    21.6040   11.61796 2.6452e+02      1.227 0.0000e+00
        179 184.589821    0.01236     0.7417     44.500  1021.6093  44906.092    28.4198      1.184    6.40072    11.3110    11.3157    21.6038   11.61830 2.6762e+02      1.195 0.0000e+00
        180 184.589823    0.01243     0.7458     44.750  1021.6099  44907.226    28.4204      1.139    6.40101    11.3093    11.3135    21.6046   11.61877 2.6926e+02      1.149 0.0000e+00
        181 184.589826    0.01250     0.7500     45.000  1021.6111  44909.416    28.4217      1.095    6.40128    11.3086    11.3111    21.6061   11.61921 2.6936e+02      1.105 0.0000e+00
        182 184.589829    0.01257     0.7542     45.250  1021.6127  44912.192    28.4235      1.067    6.40145    11.3091    11.3094    21.6078   11.61946 2.6697e+02      1.077 0.0000e+00
        183 184.589832    0.01264     0.7583     45.500  1021.6141  44914.781    28.4253      1.062    6.40147    11.3107    11.3087    21.6092   11.61947 2.6142e+02      1.072 0.0000e+00
        184 184.589835    0.01271     0.7625     45.750  1021.6150  44916.442    28.4265      1.081    6.40134    11.3129    11.3092    21.6101   11.61926 2.5536e+02      1.091 0.0000e+00
        185 184.589838    0.01278     0.7667     46.000  1021.6152  44916.769    28.4268      1.119    6.40111    11.3151    11.3108    21.6101   11.61886 2.5182e+02      1.130 0.0000e+00
        186 184.589841    0.01285     0.7708     46.250  1021.6142  44914.994    28.4258      1.165    6.40084    11.3167    11.3130    21.6089   11.61844 2.5029e+02      1.176 0.0000e+00
        187 184.589844    0.01292     0.7750     46.500  1021.6118  44910.643    28.4230      1.205    6.40065    11.3172    11.3152    21.6063   11.61816 2.4934e+02      1.216 0.0000e+00
        188 184.589847    0.01299     0.7792     46.750  1021.6086  44904.880    28.4191      1.226    6.40060    11.3163    11.3168    21.6030   11.61811 2.4979e+02      1.238 0.0000e+00
        189 184.589850    0.01306     0.7833     47.000  1021.6060  44900.078    28.4158      1.224    6.40067    11.3142    11.3173    21.6004   11.61827 2.5305e+02      1.235 0.0000e+00
        190 184.589852    0.01313     0.7875     47.250  1021.6050  44898.250    28.4144      1.199    6.40085    11.3118    11.3164    21.5995   11.61858 2.5792e+02      1.210 0.0000e+00
        191 184.589855    0.01319     0.7917     47.500  1021.6061  44900.223    28.4156      1.163    6.40109    11.3102    11.3143    21.6008   11.61897 2.6089e+02      1.174 0.0000e+00
        192 184.589858    0.01326     0.7958     47.750  1021.6089  44905.273    28.4189      1.131    6.40129    11.3101    11.3119    21.6038   11.61925 2.6019e+02      1.142 0.0000e+00
        193 184.589861    0.01333     0.8000     48.000  1021.6122  44911.120    28.4228      1.118    6.40134    11.3114    11.3103    21.6071   11.61930 2.5702e+02      1.128 0.0000e+00
        194 184.589864    0.01340     0.8042     48.250  1021.6146  44915.402    28.4258      1.128    6.40124    11.3134    11.3102    21.6094   11.61908 2.5344e+02      1.138 0.0000e+00
        195 184.589867    0.01347     0.8083     48.500  1021.6153  44916.663    28.4268      1.156    6.40102    11.3152    11.3115    21.6100   11.61870 2.5066e+02      1.166 0.0000e+00
        196 184.589870    0.01354     0.8125     48.750  1021.6138  44914.127    28.4252      1.186    6.40080    11.3159    11.3135    21.6084   11.61837 2.4900e+02      1.197 0.0000e+00
        197 184.589873    0.01361     0.8167     49.000  1021.6108  44908.671    28.4216      1.205    6.40071    11.3151    11.3153    21.6052   11.61826 2.4971e+02      1.216 0.0000e+00
        198 184.589876    0.01368     0.8208     49.250  1021.6078  44903.304    28.4179      1.202    6.40076    11.3131    11.3160    21.6023   11.61839 2.5451e+02      1.213 0.0000e+00
        199 184.589878    0.01375     0.8250     49.500  1021.6064  44900.911    28.4161      1.178    6.40093    11.3105    11.3153    21.6011   11.61870 2.6270e+02      1.189 0.0000e+00
        200 184.589881    0.01382     0.8292     49.750  1021.6072  44902.219    28.4169      1.142    6.40119    11.3083    11.3132    21.6020   11.61911 2.7078e+02      1.153 0.0000e+00
        201 184.589884    0.01389     0.8333     50.000  1021.6094  44906.146    28.4194      1.109    6.40144    11.3073    11.3106    21.6043   11.61951 2.7567e+02      1.120 0.0000e+00
        202 184.589887    0.01396     0.8375     50.250  1021.6123  44911.201    28.4227      1.094    6.40160    11.3080    11.3084    21.6073   11.61974 2.7650e+02      1.104 0.0000e+00
        203 184.589890    0.01403     0.8417     50.500  1021.6151  44916.104    28.4260      1.105    6.40160    11.3102    11.3075    21.6101   11.61970 2.7387e+02      1.116 0.0000e+00
        204 184.589893    0.01410     0.8458     50.750  1021.6171  44919.598    28.4285      1.145    6.40141    11.3131    11.3081    21.6119   11.61935 2.7011e+02      1.155 0.0000e+00
        205 184.589896    0.01417     0.8500     51.000  1021.6177  44920.505    28.4294      1.201    6.40108    11.3158    11.3103    21.6122   11.61878 2.6708e+02      1.212 0.0000e+00
        206 184.589899    0.01424     0.8542     51.250  1021.6164  44918.245    28.4280      1.257    6.40072    11.3173    11.3133    21.6107   11.61821 2.6443e+02      1.269 0.0000e+00
        207 184.589902    0.01431     0.8583     51.500  1021.6136  44913.249    28.4248      1.296    6.40049    11.3172    11.3159    21.6077   11.61786 2.6228e+02      1.307 0.0000e+00
        208 184.589905    0.01438     0.8625     51.750  1021.6104  44907.668    28.4210      1.303    6.40043    11.3154    11.3175    21.6045   11.61781 2.6243e+02      1.315 0.0000e+00
        209 184.589907    0.01444     0.8667     52.000  1021.6086  44904.575    28.4188      1.274    6.40054    11.3127    11.3174    21.6028   11.61800 2.6591e+02      1.286 0.0000e+00
        210 184.589910    0.01451     0.8708     52.250  1021.6088  44905.020    28.4190      1.218    6.40077    11.3101    11.3156    21.6033   11.61840 2.7129e+02      1.229 0.0000e+00
        211 184.589913    0.01458     0.8750     52.500  1021.6103  44907.828    28.4207      1.150    6.40108    11.3083    11.3129    21.6051   11.61889 2.7642e+02      1.161 0.0000e+00
        212 184.589916    0.01465     0.8792     52.750  1021.6124  44911.646    28.4232      1.091    6.40134    11.3078    11.3102    21.6074   11.61930 2.8008e+02      1.101 0.0000e+00
        213 184.589919    0.01472     0.8833     53.000  1021.6146  44915.658    28.4259      1.055    6.40148    11.3087    11.3084    21.6098   11.61949 2.8090e+02      1.065 0.0000e+00
        214 184.589922    0.01479     0.8875     53.250  1021.6167  44919.384    28.4284      1.053    6.40145    11.3112    11.3079    21.6118   11.61941 2.7809e+02      1.063 0.0000e+00
        215 184.589925    0.01486     0.8917     53.500  1021.6184  44922.560    28.4307      1.090    6.40123    11.3148    11.3088    21.6135   11.61901 2.7372e+02      1.100 0.0000e+00
        216 184.589928    0.01493     0.8958     53.750  1021.6195  44924.474    28.4323      1.161    6.40082    11.3187    11.3113    21.6143   11.61831 2.7030e+02      1.172 0.0000e+00
        217 184.589931    0.01500     0.9000     54.000  1021.6193  44923.910    28.4322      1.248    6.40032    11.3217    11.3150    21.6136   11.61748 2.6848e+02      1.260 0.0000e+00
        218 184.589933    0.01507     0.9042     54.250  1021.6175  44920.792    28.4304      1.325    6.39986    11.3235    11.3188    21.6115   11.61675 2.6900e+02      1.337 0.0000e+00
        219 184.589936    0.01514     0.9083     54.500  1021.6151  44916.507    28.4277      1.365    6.39955    11.3239    11.3219    21.6088   11.61627 2.7266e+02      1.378 0.0000e+00
        220 184.589939    0.01521     0.9125     54.750  1021.6128  44912.721    28.4252      1.356    6.39941    11.3235    11.3236    21.6066   11.61606 2.7921e+02      1.369 0.0000e+00
        221 184.589942    0.01528     0.9167     55.000  1021.6113  44910.459    28.4237      1.304    6.39941    11.3228    11.3241    21.6054   11.61608 2.8716e+02      1.316 0.0000e+00
        222 184.589945    0.01535     0.9208     55.250  1021.6108  44910.045    28.4234      1.228    6.39949    11.3224    11.3236    21.6052   11.61621 2.9365e+02      1.240 0.0000e+00
        223 184.589948    0.01542     0.9250     55.500  1021.6113  44911.274    28.4242      1.156    6.39955    11.3227    11.3229    21.6060   11.61630 2.9594e+02      1.167 0.0000e+00
        224 184.589951    0.01549     0.9292     55.750  1021.6122  44913.367    28.4256      1.108    6.39955    11.3236    11.3226    21.6072   11.61628 2.9469e+02      1.119 0.0000e+00
        225 184.589954    0.01556     0.9333     56.000  1021.6132  44915.315    28.4270      1.097    6.39946    11.3250    11.3228    21.6082   11.61611 2.9304e+02      1.108 0.0000e+00
        226 184.589957    0.01563     0.9375     56.250  1021.6138  44916.397    28.4279      1.121    6.39929    11.3265    11.3238    21.6087   11.61583 2.9142e+02      1.131 0.0000e+00
        227 184.589959    0.01569     0.9417     56.500  1021.6138  44916.193    28.4278      1.167    6.39910    11.3275    11.3252    21.6084   11.61551 2.8832e+02      1.178 0.0000e+00
        228 184.589962    0.01576     0.9458     56.750  1021.6130  44914.543    28.4268      1.219    6.39894    11.3280    11.3266    21.6074   11.61526 2.8489e+02      1.231 0.0000e+00
        229 184.589965    0.01583     0.9500     57.000  1021.6115  44911.755    28.4249      1.263    6.39887    11.3279    11.3276    21.6057   11.61517 2.8400e+02      1.275 0.0000e+00
        230 184.589968    0.01590     0.9542     57.250  1021.6100  44908.777    28.4229      1.286    6.39888    11.3271    11.3282    21.6041   11.61521 2.8656e+02      1.298 0.0000e+00
        231 184.589971    0.01597     0.9583     57.500  1021.6089  44906.777    28.4215      1.284    6.39895    11.3258    11.3280    21.6030   11.61535 2.9040e+02      1.296 0.0000e+00
        232 184.589974    0.01604     0.9625     57.750  1021.6085  44906.135    28.4209      1.260    6.39909    11.3244    11.3272    21.6027   11.61558 2.9337e+02      1.272 0.0000e+00
        233 184.589977    0.01611     0.9667     58.000  1021.6087  44906.552    28.4211      1.222    6.39926    11.3233    11.3259    21.6031   11.61586 2.9646e+02      1.234 0.0000e+00
        234 184.589980    0.01618     0.9708     58.250  1021.6093  44907.781    28.4219      1.181    6.39942    11.3228    11.3245    21.6039   11.61613 3.0093e+02      1.192 0.0000e+00
        235 184.589983    0.01625     0.9750     58.500  1021.6102  44909.480    28.4230      1.147    6.39953    11.3228    11.3234    21.6050   11.61629 3.0455e+02      1.158 0.0000e+00
        236 184.589986    0.01632     0.9792     58.750  1021.6110  44911.046    28.4240      1.128    6.39957    11.3234    11.3229    21.6059   11.61633 3.0420e+02      1.139 0.0000e+00
        237 184.589988    0.01639     0.9833     59.000  1021.6117  44912.236    28.4248      1.129    6.39953    11.3243    11.3229    21.6065   11.61626 3.0045e+02      1.140 0.0000e+00
        238 184.589991    0.01646     0.9875     59.250  1021.6121  44913.043    28.4255      1.150    6.39942    11.3254    11.3235    21.6069   11.61607 2.9619e+02      1.161 0.0000e+00
        239 184.589994    0.01653     0.9917     59.500  1021.6123  44913.197    28.4257      1.183    6.39928    11.3263    11.3245    21.6069   11.61584 2.9309e+02      1.195 0.0000e+00
        240 184.589997    0.01660     0.9958     59.750  1021.6118  44912.202    28.4251      1.219    6.39916    11.3269    11.3256    21.6062   11.61564 2.9169e+02      1.231 0.0000e+00
        241 184.590000    0.01667     1.0000     60.000  1021.6104  44909.667    28.4234      1.245    6.39910    11.3269    11.3265    21.6047   11.61556 2.9215e+02      1.257 0.0000e+00
        242 184.590003    0.01674     1.0042     60.250  1021.6086  44906.449    28.4212      1.254    6.39911    11.3262    11.3271    21.6029   11.61561 2.9399e+02      1.266 0.0000e+00
        243 184.590006    0.01681     1.0083     60.500  1021.6074  44904.260    28.4196      1.242    6.39918    11.3250    11.3270    21.6017   11.61574 2.9637e+02      1.254 0.0000e+00
        244 184.590009    0.01688     1.0125     60.750  1021.6072  44904.008    28.4194      1.216    6.39929    11.3240    11.3263    21.6017   11.61592 2.9860e+02      1.227 0.0000e+00
        245 184.590012    0.01694     1.0167     61.000  1021.6080  44905.524    28.4203      1.185    6.39940    11.3235    11.3252    21.6026   11.61610 3.0048e+02      1.196 0.0000e+00
        246 184.590014    0.01701     1.0208     61.250  1021.6092  44907.698    28.4218      1.161    6.39949    11.3237    11.3241    21.6039   11.61622 3.0176e+02      1.172 0.0000e+00
        247 184.590017    0.01708     1.0250     61.500  1021.6099  44909.101    28.4227      1.149    6.39952    11.3242    11.3236    21.6047   11.61626 3.0179e+02      1.159 0.0000e+00
        248 184.590020    0.01715     1.0292     61.750  1021.6098  44908.815    28.4225      1.148    6.39950    11.3249    11.3238    21.6046   11.61624 3.0111e+02      1.158 0.0000e+00
        249 184.590023    0.01722     1.0333     62.000  1021.6086  44906.783    28.4211      1.153    6.39947    11.3253    11.3244    21.6034   11.61621 3.0096e+02      1.164 0.0000e+00
        250 184.590026    0.01729     1.0375     62.250  1021.6072  44904.211    28.4194      1.161    6.39946    11.3255    11.3250    21.6019   11.61621 3.0096e+02      1.172 0.0000e+00
        251 184.590029    0.01736     1.0417     62.500  1021.6064  44902.655    28.4183      1.170    6.39944    11.3256    11.3255    21.6010   11.61619 2.9982e+02      1.182 0.0000e+00
        252 184.590032    0.01743     1.0458     62.750  1021.6065  44902.790    28.4185      1.184    6.39940    11.3258    11.3257    21.6011   11.61613 2.9747e+02      1.195 0.0000e+00
        253 184.590035    0.01750     1.0500     63.000  1021.6074  44904.322    28.4196      1.203    6.39935    11.3261    11.3257    21.6019   11.61602 2.9504e+02      1.214 0.0000e+00
        254 184.590038    0.01757     1.0542     63.250  1021.6083  44905.892    28.4207      1.224    6.39928    11.3263    11.3259    21.6027   11.61590 2.9330e+02      1.236 0.0000e+00
        255 184.590041    0.01764     1.0583     63.500  1021.6084  44905.954    28.4207      1.240    6.39924    11.3261    11.3262    21.6027   11.61583 2.9263e+02      1.252 0.0000e+00
