CTD-processing/allCTD/CNV--homogene/2012_10-28_t6_s14_cast015.cnv
* Sea-Bird SBE19plus Data File:
* FileName = C:\Documents and Settings\kris.holderied.local\My Documents\2012-10-CookInlet-Ocean-LTM\2012-10-28-EVOSTC-CookInletOcean-Tran6-Douglas\2012-10-28-CookInletOcean-Tran6-cast015.hex
* Software Version 1.54
* Temperature SN =  4141
* Conductivity SN =  4141
* System UpLoad Time = Oct 28 2012 19:42:03
** Cook Inlet EVOSTC Transect 6 Douglas line west to east
** Date:   28 Oct 2012
** Station:  6-14
** Start time (AKDT-24 hr):  1339
** Depth (m):  142
** Comment:Continued very clear water
# nquan = 17
# nvalues = 960                         
# units = specified
# name 0 = scan: Scan Count
# name 1 = timeJ: Julian Days
# name 2 = timeH: Time, Elapsed [hours]
# name 3 = timeM: Time, Elapsed [minutes]
# name 4 = timeS: Time, Elapsed [seconds]
# name 5 = density00: Density [density, kg/m^3]
# name 6 = specc: Specific Conductance [uS/cm]
# name 7 = sal00: Salinity, Practical [PSU]
# name 8 = depSM: Depth [salt water, m], lat = 59.00
# name 9 = oxsolML/L: Oxygen Saturation, Garcia & Gordon [ml/l]
# name 10 = potemp090C: Potential Temperature [ITS-90, deg C]
# name 11 = tv290C: Temperature [ITS-90, deg C]
# name 12 = sigma-é00: Density [sigma-theta, kg/m^3]
# name 13 = n2satML/L: Nitrogen Saturation [ml/l]
# name 14 = par: PAR/Irradiance, Biospherical/Licor
# name 15 = prdM: Pressure, Strain Gauge [db]
# name 16 = flag:  0.000e+00
# span 0 =          1,        960       
# span 1 = 302.569456, 302.572231       
# span 2 =    0.00000,    0.06660       
# span 3 =     0.0000,     3.9958       
# span 4 =      0.000,    239.750       
# span 5 =  1000.4736,  1026.0979       
# span 6 =   1350.039,  51828.660       
# span 7 =     0.6571,    32.5034       
# span 8 =     -0.041,    121.019       
# span 9 =    6.80040,    8.71437       
# span 10 =     5.8064,     7.6176      
# span 11 =     5.8064,     7.6196      
# span 12 =     0.4738,    25.5355      
# span 13 =   12.24037,   15.87206      
# span 14 = 3.6382e-02, 1.2715e+02      
# span 15 =     -0.042,    122.197      
# span 16 = 0.0000e+00, 0.0000e+00      
# interval = seconds: 0.25
# start_time = Oct 28 2012 13:40:01 [Instrument's time stamp, header]
# bad_flag = -9.990e-29
*END*
[from data line 256]
        257 302.570197    0.01778     1.0667     64.000  1024.4447  49726.329    31.2272      1.275    6.90926     7.0548     7.0716    24.4388   12.42667 4.4791e+01      1.287 0.0000e+00
        258 302.570200    0.01785     1.0708     64.250  1024.4503  49736.858    31.2333      1.245    6.91018     7.0469     7.0642    24.4446   12.42811 4.4740e+01      1.256 0.0000e+00
        259 302.570203    0.01792     1.0750     64.500  1024.4617  49757.926    31.2464      1.220    6.91106     7.0426     7.0549    24.4561   12.42940 4.5396e+01      1.231 0.0000e+00
        260 302.570205    0.01799     1.0792     64.750  1024.4764  49784.950    31.2638      1.206    6.91154     7.0432     7.0470    24.4708   12.42997 4.5940e+01      1.217 0.0000e+00
        261 302.570208    0.01806     1.0833     65.000  1024.4911  49811.984    31.2819      1.206    6.91139     7.0492     7.0427    24.4856   12.42950 4.5746e+01      1.217 0.0000e+00
        262 302.570211    0.01812     1.0875     65.250  1024.5032  49833.844    31.2972      1.219    6.91060     7.0599     7.0433    24.4975   12.42800 4.5196e+01      1.231 0.0000e+00
        263 302.570214    0.01819     1.0917     65.500  1024.5105  49847.078    31.3074      1.242    6.90918     7.0730     7.0493    24.5048   12.42553 4.4898e+01      1.254 0.0000e+00
        264 302.570217    0.01826     1.0958     65.750  1024.5118  49849.129    31.3107      1.269    6.90732     7.0854     7.0601    24.5060   12.42242 4.4782e+01      1.281 0.0000e+00
        265 302.570220    0.01833     1.1000     66.000  1024.5062  49838.611    31.3056      1.295    6.90548     7.0954     7.0731    24.5003   12.41943 4.4701e+01      1.308 0.0000e+00
        266 302.570223    0.01840     1.1042     66.250  1024.4941  49816.167    31.2921      1.315    6.90410     7.1020     7.0856    24.4880   12.41733 4.4894e+01      1.328 0.0000e+00
        267 302.570226    0.01847     1.1083     66.500  1024.4770  49784.776    31.2720      1.325    6.90342     7.1050     7.0956    24.4709   12.41646 4.5436e+01      1.337 0.0000e+00
        268 302.570229    0.01854     1.1125     66.750  1024.4586  49751.021    31.2496      1.322    6.90338     7.1041     7.1022    24.4524   12.41667 4.5931e+01      1.335 0.0000e+00
        269 302.570231    0.01861     1.1167     67.000  1024.4432  49723.006    31.2306      1.310    6.90377     7.0993     7.1052    24.4371   12.41754 4.6046e+01      1.322 0.0000e+00
        270 302.570234    0.01868     1.1208     67.250  1024.4342  49706.687    31.2191      1.292    6.90443     7.0919     7.1043    24.4282   12.41879 4.6091e+01      1.304 0.0000e+00
        271 302.570237    0.01875     1.1250     67.500  1024.4335  49705.635    31.2176      1.275    6.90527     7.0845     7.0994    24.4276   12.42019 4.6357e+01      1.287 0.0000e+00
        272 302.570240    0.01882     1.1292     67.750  1024.4409  49719.322    31.2259      1.263    6.90607     7.0790     7.0920    24.4351   12.42142 4.6614e+01      1.275 0.0000e+00
        273 302.570243    0.01889     1.1333     68.000  1024.4530  49741.488    31.2400      1.259    6.90662     7.0761     7.0846    24.4472   12.42215 4.6686e+01      1.271 0.0000e+00
        274 302.570246    0.01896     1.1375     68.250  1024.4648  49763.080    31.2541      1.262    6.90686     7.0753     7.0791    24.4590   12.42236 4.6729e+01      1.274 0.0000e+00
        275 302.570249    0.01903     1.1417     68.500  1024.4724  49776.914    31.2632      1.271    6.90691     7.0760     7.0762    24.4665   12.42233 4.7069e+01      1.283 0.0000e+00
        276 302.570252    0.01910     1.1458     68.750  1024.4741  49779.916    31.2652      1.282    6.90694     7.0771     7.0754    24.4682   12.42235 4.7665e+01      1.294 0.0000e+00
        277 302.570255    0.01917     1.1500     69.000  1024.4703  49772.894    31.2604      1.293    6.90705     7.0780     7.0761    24.4643   12.42261 4.7929e+01      1.305 0.0000e+00
        278 302.570258    0.01924     1.1542     69.250  1024.4633  49760.045    31.2517      1.303    6.90727     7.0784     7.0772    24.4573   12.42307 4.7488e+01      1.315 0.0000e+00
        279 302.570260    0.01931     1.1583     69.500  1024.4561  49746.748    31.2426      1.313    6.90754     7.0782     7.0781    24.4500   12.42363 4.6777e+01      1.325 0.0000e+00
        280 302.570263    0.01938     1.1625     69.750  1024.4504  49736.125    31.2352      1.322    6.90781     7.0775     7.0785    24.4442   12.42417 4.6609e+01      1.335 0.0000e+00
        281 302.570266    0.01944     1.1667     70.000  1024.4462  49728.444    31.2299      1.331    6.90808     7.0762     7.0783    24.4400   12.42468 4.7063e+01      1.344 0.0000e+00
        282 302.570269    0.01951     1.1708     70.250  1024.4431  49722.784    31.2258      1.338    6.90837     7.0740     7.0776    24.4369   12.42522 4.7361e+01      1.351 0.0000e+00
        283 302.570272    0.01958     1.1750     70.500  1024.4407  49718.309    31.2224      1.340    6.90873     7.0706     7.0763    24.4344   12.42586 4.6974e+01      1.352 0.0000e+00
        284 302.570275    0.01965     1.1792     70.750  1024.4386  49714.678    31.2195      1.333    6.90921     7.0656     7.0741    24.4324   12.42669 4.6376e+01      1.346 0.0000e+00
        285 302.570278    0.01972     1.1833     71.000  1024.4371  49712.045    31.2171      1.317    6.90986     7.0583     7.0707    24.4310   12.42780 4.6404e+01      1.330 0.0000e+00
        286 302.570281    0.01979     1.1875     71.250  1024.4369  49711.781    31.2161      1.293    6.91072     7.0488     7.0657    24.4308   12.42922 4.7193e+01      1.305 0.0000e+00
        287 302.570284    0.01986     1.1917     71.500  1024.4393  49716.472    31.2181      1.263    6.91179     7.0383     7.0584    24.4334   12.43097 4.8101e+01      1.275 0.0000e+00
        288 302.570286    0.01993     1.1958     71.750  1024.4453  49727.902    31.2244      1.233    6.91302     7.0288     7.0489    24.4396   12.43293 4.8315e+01      1.245 0.0000e+00
        289 302.570289    0.02000     1.2000     72.000  1024.4547  49745.431    31.2348      1.208    6.91423     7.0222     7.0384    24.4491   12.43479 4.7722e+01      1.219 0.0000e+00
        290 302.570292    0.02007     1.2042     72.250  1024.4662  49766.547    31.2478      1.192    6.91514     7.0190     7.0289    24.4606   12.43613 4.6855e+01      1.203 0.0000e+00
        291 302.570295    0.02014     1.2083     72.500  1024.4780  49788.280    31.2618      1.189    6.91557     7.0199     7.0223    24.4725   12.43666 4.6228e+01      1.200 0.0000e+00
        292 302.570298    0.02021     1.2125     72.750  1024.4884  49807.269    31.2744      1.199    6.91550     7.0254     7.0191    24.4829   12.43639 4.6265e+01      1.211 0.0000e+00
        293 302.570301    0.02028     1.2167     73.000  1024.4950  49819.203    31.2829      1.220    6.91497     7.0349     7.0200    24.4894   12.43541 4.6891e+01      1.232 0.0000e+00
        294 302.570304    0.02035     1.2208     73.250  1024.4956  49819.954    31.2843      1.244    6.91402     7.0458     7.0255    24.4898   12.43383 4.7511e+01      1.256 0.0000e+00
        295 302.570307    0.02042     1.2250     73.500  1024.4893  49808.185    31.2778      1.266    6.91281     7.0556     7.0350    24.4834   12.43191 4.7668e+01      1.278 0.0000e+00
        296 302.570310    0.02049     1.2292     73.750  1024.4777  49786.838    31.2648      1.281    6.91167     7.0634     7.0459    24.4718   12.43018 4.7306e+01      1.293 0.0000e+00
        297 302.570313    0.02056     1.2333     74.000  1024.4643  49762.185    31.2494      1.288    6.91080     7.0689     7.0557    24.4584   12.42893 4.6854e+01      1.300 0.0000e+00
        298 302.570315    0.02063     1.2375     74.250  1024.4524  49740.232    31.2355      1.289    6.91019     7.0717     7.0635    24.4464   12.42811 4.6856e+01      1.301 0.0000e+00
        299 302.570318    0.02069     1.2417     74.500  1024.4433  49723.580    31.2249      1.286    6.90979     7.0715     7.0690    24.4373   12.42758 4.7451e+01      1.298 0.0000e+00
        300 302.570321    0.02076     1.2458     74.750  1024.4373  49712.669    31.2178      1.280    6.90966     7.0687     7.0718    24.4314   12.42745 4.8225e+01      1.292 0.0000e+00
        301 302.570324    0.02083     1.2500     75.000  1024.4343  49707.348    31.2140      1.270    6.90986     7.0640     7.0716    24.4284   12.42783 4.8540e+01      1.282 0.0000e+00
        302 302.570327    0.02090     1.2542     75.250  1024.4339  49706.625    31.2131      1.259    6.91036     7.0581     7.0688    24.4280   12.42866 4.8341e+01      1.270 0.0000e+00
        303 302.570330    0.02097     1.2583     75.500  1024.4355  49709.646    31.2144      1.247    6.91104     7.0513     7.0641    24.4296   12.42977 4.8191e+01      1.258 0.0000e+00
        304 302.570333    0.02104     1.2625     75.750  1024.4393  49716.732    31.2183      1.237    6.91181     7.0448     7.0582    24.4335   12.43100 4.8421e+01      1.248 0.0000e+00
        305 302.570336    0.02111     1.2667     76.000  1024.4457  49728.544    31.2253      1.233    6.91257     7.0401     7.0514    24.4399   12.43217 4.8814e+01      1.244 0.0000e+00
        306 302.570339    0.02118     1.2708     76.250  1024.4543  49744.437    31.2352      1.237    6.91316     7.0383     7.0449    24.4486   12.43302 4.8954e+01      1.248 0.0000e+00
        307 302.570341    0.02125     1.2750     76.500  1024.4640  49762.002    31.2466      1.249    6.91340     7.0397     7.0402    24.4581   12.43326 4.8668e+01      1.260 0.0000e+00
        308 302.570344    0.02132     1.2792     76.750  1024.4727  49777.866    31.2573      1.268    6.91320     7.0442     7.0384    24.4668   12.43280 4.8133e+01      1.280 0.0000e+00
        309 302.570347    0.02139     1.2833     77.000  1024.4784  49788.055    31.2646      1.293    6.91264     7.0509     7.0398    24.4724   12.43179 4.7526e+01      1.305 0.0000e+00
        310 302.570350    0.02146     1.2875     77.250  1024.4787  49788.359    31.2656      1.316    6.91186     7.0575     7.0444    24.4726   12.43049 4.6978e+01      1.328 0.0000e+00
        311 302.570353    0.02153     1.2917     77.500  1024.4725  49776.804    31.2588      1.332    6.91111     7.0616     7.0511    24.4663   12.42933 4.6516e+01      1.345 0.0000e+00
        312 302.570356    0.02160     1.2958     77.750  1024.4618  49757.125    31.2462      1.335    6.91063     7.0617     7.0576    24.4556   12.42870 4.6043e+01      1.348 0.0000e+00
        313 302.570359    0.02167     1.3000     78.000  1024.4510  49737.482    31.2333      1.323    6.91056     7.0568     7.0618    24.4448   12.42874 4.5741e+01      1.335 0.0000e+00
        314 302.570362    0.02174     1.3042     78.250  1024.4446  49726.034    31.2253      1.296    6.91091     7.0480     7.0619    24.4386   12.42941 4.5989e+01      1.308 0.0000e+00
        315 302.570365    0.02181     1.3083     78.500  1024.4457  49728.306    31.2261      1.260    6.91167     7.0385     7.0569    24.4398   12.43066 4.6723e+01      1.272 0.0000e+00
        316 302.570367    0.02187     1.3125     78.750  1024.4546  49744.968    31.2362      1.224    6.91262     7.0316     7.0481    24.4489   12.43211 4.7197e+01      1.236 0.0000e+00
        317 302.570370    0.02194     1.3167     79.000  1024.4695  49772.556    31.2537      1.196    6.91332     7.0290     7.0386    24.4640   12.43306 4.6950e+01      1.208 0.0000e+00
        318 302.570373    0.02201     1.3208     79.250  1024.4877  49806.069    31.2758      1.184    6.91343     7.0320     7.0317    24.4823   12.43295 4.6421e+01      1.195 0.0000e+00
        319 302.570376    0.02208     1.3250     79.500  1024.5062  49839.721    31.2988      1.190    6.91281     7.0415     7.0290    24.5006   12.43163 4.6105e+01      1.202 0.0000e+00
        320 302.570379    0.02215     1.3292     79.750  1024.5217  49867.842    31.3188      1.215    6.91141     7.0563     7.0321    24.5160   12.42908 4.5979e+01      1.227 0.0000e+00
        321 302.570382    0.02222     1.3333     80.000  1024.5313  49885.060    31.3324      1.253    6.90928     7.0732     7.0416    24.5255   12.42539 4.5879e+01      1.265 0.0000e+00
        322 302.570385    0.02229     1.3375     80.250  1024.5327  49887.212    31.3365      1.295    6.90674     7.0892     7.0564    24.5267   12.42113 4.5827e+01      1.307 0.0000e+00
        323 302.570388    0.02236     1.3417     80.500  1024.5260  49874.585    31.3306      1.329    6.90430     7.1027     7.0733    24.5199   12.41718 4.5866e+01      1.342 0.0000e+00
        324 302.570391    0.02243     1.3458     80.750  1024.5135  49851.446    31.3172      1.348    6.90235     7.1134     7.0894    24.5073   12.41412 4.5869e+01      1.361 0.0000e+00
        325 302.570394    0.02250     1.3500     81.000  1024.4991  49824.871    31.3011      1.349    6.90094     7.1215     7.1029    24.4928   12.41198 4.5787e+01      1.361 0.0000e+00
        326 302.570396    0.02257     1.3542     81.250  1024.4888  49806.117    31.2899      1.330    6.89975     7.1279     7.1135    24.4826   12.41017 4.5871e+01      1.343 0.0000e+00
        327 302.570399    0.02264     1.3583     81.500  1024.4896  49807.908    31.2925      1.298    6.89835     7.1341     7.1216    24.4836   12.40781 4.6249e+01      1.310 0.0000e+00
        328 302.570402    0.02271     1.3625     81.750  1024.5010  49828.969    31.3082      1.260    6.89662     7.1412     7.1280    24.4952   12.40476 4.6603e+01      1.271 0.0000e+00
        329 302.570405    0.02278     1.3667     82.000  1024.5129  49851.008    31.3247      1.223    6.89488     7.1485     7.1342    24.5073   12.40168 4.6553e+01      1.234 0.0000e+00
        330 302.570408    0.02285     1.3708     82.250  1024.5196  49863.363    31.3345      1.196    6.89332     7.1555     7.1413    24.5141   12.39897 4.6177e+01      1.207 0.0000e+00
        331 302.570411    0.02292     1.3750     82.500  1024.5226  49868.855    31.3396      1.184    6.89193     7.1619     7.1486    24.5171   12.39660 4.6049e+01      1.194 0.0000e+00
        332 302.570414    0.02299     1.3792     82.750  1024.5235  49870.478    31.3419      1.190    6.89071     7.1672     7.1556    24.5180   12.39456 4.6386e+01      1.201 0.0000e+00
        333 302.570417    0.02306     1.3833     83.000  1024.5226  49868.663    31.3417      1.214    6.88970     7.1707     7.1620    24.5170   12.39290 4.6607e+01      1.225 0.0000e+00
        334 302.570420    0.02313     1.3875     83.250  1024.5201  49863.694    31.3392      1.252    6.88898     7.1720     7.1673    24.5143   12.39174 4.6271e+01      1.264 0.0000e+00
        335 302.570422    0.02319     1.3917     83.500  1024.5169  49857.582    31.3355      1.297    6.88859     7.1716     7.1708    24.5109   12.39114 4.5694e+01      1.309 0.0000e+00
        336 302.570425    0.02326     1.3958     83.750  1024.5148  49853.323    31.3327      1.340    6.88851     7.1705     7.1721    24.5086   12.39103 4.5512e+01      1.353 0.0000e+00
        337 302.570428    0.02333     1.4000     84.000  1024.5144  49852.197    31.3319      1.373    6.88860     7.1694     7.1717    24.5080   12.39121 4.5885e+01      1.386 0.0000e+00
        338 302.570431    0.02340     1.4042     84.250  1024.5150  49853.294    31.3325      1.390    6.88875     7.1688     7.1706    24.5085   12.39145 4.6309e+01      1.404 0.0000e+00
        339 302.570434    0.02347     1.4083     84.500  1024.5161  49855.252    31.3336      1.387    6.88887     7.1688     7.1696    24.5096   12.39162 4.6215e+01      1.400 0.0000e+00
        340 302.570437    0.02354     1.4125     84.750  1024.5170  49857.192    31.3349      1.362    6.88890     7.1693     7.1690    24.5107   12.39166 4.5558e+01      1.376 0.0000e+00
