CTD-processing/allCTD/CNV--homogene/2012_10-28_t6_s16_cast013.cnv
* Sea-Bird SBE19plus Data File:
* FileName = C:\Documents and Settings\kris.holderied.local\My Documents\2012-10-CookInlet-Ocean-LTM\2012-10-28-EVOSTC-CookInletOcean-Tran6-Douglas\2012-10-28-CookInletOcean-Tran6-cast013.hex
* Software Version 1.54
* Temperature SN =  4141
* Conductivity SN =  4141
* System UpLoad Time = Oct 28 2012 19:39:40
** Cook Inlet EVOSTC Transect 6 Douglas line west to east
** Date:   28 Oct 2012
** Station:  6-16
** Start time (AKDT-24 hr):  1254
** Depth (m):  157
** Comment:
# nquan = 17
# nvalues = 857                         
# units = specified
# name 0 = scan: Scan Count
# name 1 = timeJ: Julian Days
# name 2 = timeH: Time, Elapsed [hours]
# name 3 = timeM: Time, Elapsed [minutes]
# name 4 = timeS: Time, Elapsed [seconds]
# name 5 = density00: Density [density, kg/m^3]
# name 6 = specc: Specific Conductance [uS/cm]
# name 7 = sal00: Salinity, Practical [PSU]
# name 8 = depSM: Depth [salt water, m], lat = 59.00
# name 9 = oxsolML/L: Oxygen Saturation, Garcia & Gordon [ml/l]
# name 10 = potemp090C: Potential Temperature [ITS-90, deg C]
# name 11 = tv290C: Temperature [ITS-90, deg C]
# name 12 = sigma-é00: Density [sigma-theta, kg/m^3]
# name 13 = n2satML/L: Nitrogen Saturation [ml/l]
# name 14 = par: PAR/Irradiance, Biospherical/Licor
# name 15 = prdM: Pressure, Strain Gauge [db]
# name 16 = flag:  0.000e+00
# span 0 =          1,        857       
# span 1 = 302.538171, 302.540648       
# span 2 =    0.00000,    0.05944       
# span 3 =     0.0000,     3.5667       
# span 4 =      0.000,    214.000       
# span 5 =  1000.2604,  1026.1057       
# span 6 =    832.118,  51773.534       
# span 7 =     0.3966,    32.4349       
# span 8 =     -0.037,    130.718       
# span 9 =    6.80940,    8.69272       
# span 10 =     5.9097,     7.5310      
# span 11 =     5.9097,     7.5342      
# span 12 =     0.2605,    25.4978      
# span 13 =   12.25405,   15.83916      
# span 14 = 3.6382e-02, 1.0404e+02      
# span 15 =     -0.037,    131.994      
# span 16 = 0.0000e+00, 0.0000e+00      
# interval = seconds: 0.25
# start_time = Oct 28 2012 12:54:58 [Instrument's time stamp, header]
# bad_flag = -9.990e-29
*END*
[from data line 426]
        427 302.539404    0.02958     1.7750    106.500  1024.8822  50325.114    31.7048     26.906    6.82073     7.4937     7.4967    24.7576   12.27434 8.2854e+00     27.162 0.0000e+00
        428 302.539407    0.02965     1.7792    106.750  1024.8832  50325.310    31.7048     27.116    6.82077     7.4934     7.4965    24.7576   12.27441 8.1505e+00     27.373 0.0000e+00
        429 302.539410    0.02972     1.7833    107.000  1024.8842  50325.718    31.7049     27.314    6.82081     7.4932     7.4962    24.7578   12.27447 8.0278e+00     27.573 0.0000e+00
        430 302.539413    0.02979     1.7875    107.250  1024.8853  50326.224    31.7052     27.495    6.82085     7.4930     7.4959    24.7580   12.27452 7.9120e+00     27.756 0.0000e+00
        431 302.539416    0.02986     1.7917    107.500  1024.8862  50326.611    31.7053     27.655    6.82088     7.4928     7.4957    24.7582   12.27457 7.7980e+00     27.918 0.0000e+00
        432 302.539418    0.02993     1.7958    107.750  1024.8869  50326.882    31.7054     27.798    6.82090     7.4927     7.4955    24.7583   12.27461 7.6885e+00     28.062 0.0000e+00
        433 302.539421    0.03000     1.8000    108.000  1024.8876  50327.026    31.7054     27.927    6.82092     7.4926     7.4954    24.7583   12.27464 7.5818e+00     28.192 0.0000e+00
        434 302.539424    0.03007     1.8042    108.250  1024.8882  50327.121    31.7054     28.052    6.82094     7.4925     7.4952    24.7583   12.27467 7.4684e+00     28.319 0.0000e+00
        435 302.539427    0.03014     1.8083    108.500  1024.8888  50327.353    31.7055     28.183    6.82096     7.4924     7.4951    24.7584   12.27469 7.3435e+00     28.451 0.0000e+00
        436 302.539430    0.03021     1.8125    108.750  1024.8897  50327.773    31.7057     28.329    6.82096     7.4925     7.4951    24.7586   12.27469 7.2111e+00     28.598 0.0000e+00
        437 302.539433    0.03028     1.8167    109.000  1024.8907  50328.197    31.7059     28.497    6.82095     7.4925     7.4951    24.7587   12.27467 7.0777e+00     28.767 0.0000e+00
        438 302.539436    0.03035     1.8208    109.250  1024.8917  50328.637    31.7061     28.689    6.82093     7.4925     7.4951    24.7589   12.27464 6.9471e+00     28.961 0.0000e+00
        439 302.539439    0.03042     1.8250    109.500  1024.8930  50329.280    31.7065     28.903    6.82091     7.4926     7.4952    24.7592   12.27460 6.8180e+00     29.178 0.0000e+00
        440 302.539442    0.03049     1.8292    109.750  1024.8944  50330.022    31.7069     29.134    6.82088     7.4926     7.4952    24.7595   12.27455 6.6869e+00     29.411 0.0000e+00
        441 302.539444    0.03056     1.8333    110.000  1024.8959  50330.867    31.7074     29.376    6.82085     7.4928     7.4953    24.7599   12.27449 6.5551e+00     29.655 0.0000e+00
        442 302.539447    0.03062     1.8375    110.250  1024.8976  50332.059    31.7082     29.623    6.82080     7.4930     7.4954    24.7605   12.27440 6.4243e+00     29.904 0.0000e+00
        443 302.539450    0.03069     1.8417    110.500  1024.8994  50333.497    31.7091     29.869    6.82073     7.4933     7.4956    24.7612   12.27428 6.2929e+00     30.152 0.0000e+00
        444 302.539453    0.03076     1.8458    110.750  1024.9013  50334.921    31.7100     30.109    6.82065     7.4937     7.4958    24.7619   12.27414 6.1585e+00     30.396 0.0000e+00
        445 302.539456    0.03083     1.8500    111.000  1024.9031  50336.495    31.7110     30.344    6.82055     7.4942     7.4961    24.7626   12.27396 6.0185e+00     30.633 0.0000e+00
        446 302.539459    0.03090     1.8542    111.250  1024.9052  50338.513    31.7124     30.573    6.82042     7.4948     7.4965    24.7637   12.27374 5.8720e+00     30.864 0.0000e+00
        447 302.539462    0.03097     1.8583    111.500  1024.9075  50340.868    31.7140     30.799    6.82027     7.4956     7.4971    24.7649   12.27346 5.7198e+00     31.092 0.0000e+00
        448 302.539465    0.03104     1.8625    111.750  1024.9097  50343.246    31.7157     31.027    6.82010     7.4965     7.4977    24.7661   12.27315 5.5636e+00     31.322 0.0000e+00
        449 302.539468    0.03111     1.8667    112.000  1024.9121  50345.646    31.7174     31.263    6.81990     7.4975     7.4985    24.7673   12.27281 5.4063e+00     31.561 0.0000e+00
        450 302.539470    0.03118     1.8708    112.250  1024.9147  50348.522    31.7194     31.512    6.81967     7.4987     7.4994    24.7688   12.27240 5.2520e+00     31.811 0.0000e+00
        451 302.539473    0.03125     1.8750    112.500  1024.9182  50352.899    31.7225     31.774    6.81937     7.5005     7.5004    24.7711   12.27187 5.1047e+00     32.076 0.0000e+00
        452 302.539476    0.03132     1.8792    112.750  1024.9232  50359.841    31.7274     32.049    6.81896     7.5030     7.5017    24.7749   12.27112 4.9665e+00     32.354 0.0000e+00
        453 302.539479    0.03139     1.8833    113.000  1024.9293  50368.773    31.7338     32.333    6.81839     7.5060     7.5035    24.7797   12.27010 4.8377e+00     32.641 0.0000e+00
        454 302.539482    0.03146     1.8875    113.250  1024.9353  50377.572    31.7403     32.619    6.81772     7.5092     7.5060    24.7844   12.26890 4.7184e+00     32.930 0.0000e+00
        455 302.539485    0.03153     1.8917    113.500  1024.9406  50385.098    31.7459     32.899    6.81699     7.5123     7.5090    24.7884   12.26764 4.6092e+00     33.212 0.0000e+00
        456 302.539488    0.03160     1.8958    113.750  1024.9457  50392.260    31.7513     33.165    6.81625     7.5154     7.5122    24.7922   12.26634 4.5106e+00     33.480 0.0000e+00
        457 302.539491    0.03167     1.9000    114.000  1024.9512  50400.438    31.7575     33.412    6.81548     7.5185     7.5154    24.7965   12.26499 4.4215e+00     33.730 0.0000e+00
        458 302.539494    0.03174     1.9042    114.250  1024.9575  50410.184    31.7647     33.640    6.81467     7.5214     7.5185    24.8018   12.26356 4.3396e+00     33.960 0.0000e+00
        459 302.539497    0.03181     1.9083    114.500  1024.9645  50421.379    31.7729     33.849    6.81382     7.5241     7.5216    24.8079   12.26206 4.2617e+00     34.171 0.0000e+00
        460 302.539499    0.03188     1.9125    114.750  1024.9723  50434.015    31.7822     34.045    6.81295     7.5266     7.5246    24.8147   12.26050 4.1853e+00     34.369 0.0000e+00
        461 302.539502    0.03194     1.9167    115.000  1024.9806  50447.716    31.7921     34.233    6.81207     7.5286     7.5273    24.8222   12.25894 4.1083e+00     34.558 0.0000e+00
        462 302.539505    0.03201     1.9208    115.250  1024.9888  50461.149    31.8018     34.420    6.81126     7.5301     7.5298    24.8295   12.25746 4.0288e+00     34.747 0.0000e+00
        463 302.539508    0.03208     1.9250    115.500  1024.9965  50473.704    31.8109     34.613    6.81053     7.5309     7.5319    24.8363   12.25616 3.9463e+00     34.942 0.0000e+00
        464 302.539511    0.03215     1.9292    115.750  1025.0034  50484.756    31.8188     34.815    6.80995     7.5310     7.5334    24.8423   12.25509 3.8636e+00     35.146 0.0000e+00
        465 302.539514    0.03222     1.9333    116.000  1025.0086  50492.769    31.8244     35.024    6.80957     7.5301     7.5342    24.8466   12.25439 3.7837e+00     35.357 0.0000e+00
        466 302.539517    0.03229     1.9375    116.250  1025.0124  50498.084    31.8280     35.237    6.80940     7.5284     7.5342    24.8494   12.25407 3.7073e+00     35.572 0.0000e+00
        467 302.539520    0.03236     1.9417    116.500  1025.0157  50502.407    31.8308     35.451    6.80941     7.5260     7.5334    24.8517   12.25405 3.6348e+00     35.788 0.0000e+00
        468 302.539523    0.03243     1.9458    116.750  1025.0189  50506.561    31.8333     35.661    6.80955     7.5229     7.5318    24.8539   12.25426 3.5663e+00     36.001 0.0000e+00
        469 302.539525    0.03250     1.9500    117.000  1025.0221  50510.800    31.8358     35.866    6.80981     7.5192     7.5294    24.8562   12.25466 3.5014e+00     36.208 0.0000e+00
        470 302.539528    0.03257     1.9542    117.250  1025.0254  50515.228    31.8383     36.067    6.81018     7.5150     7.5263    24.8586   12.25523 3.4401e+00     36.410 0.0000e+00
        471 302.539531    0.03264     1.9583    117.500  1025.0288  50519.667    31.8406     36.266    6.81065     7.5105     7.5226    24.8609   12.25598 3.3802e+00     36.611 0.0000e+00
        472 302.539534    0.03271     1.9625    117.750  1025.0319  50523.757    31.8427     36.469    6.81121     7.5057     7.5184    24.8631   12.25687 3.3194e+00     36.816 0.0000e+00
        473 302.539537    0.03278     1.9667    118.000  1025.0347  50527.191    31.8442     36.682    6.81184     7.5005     7.5139    24.8650   12.25791 3.2573e+00     37.031 0.0000e+00
        474 302.539540    0.03285     1.9708    118.250  1025.0372  50529.889    31.8452     36.907    6.81255     7.4949     7.5090    24.8664   12.25907 3.1930e+00     37.258 0.0000e+00
        475 302.539543    0.03292     1.9750    118.500  1025.0393  50531.909    31.8457     37.146    6.81333     7.4887     7.5039    24.8674   12.26035 3.1262e+00     37.499 0.0000e+00
        476 302.539546    0.03299     1.9792    118.750  1025.0412  50533.322    31.8456     37.396    6.81420     7.4816     7.4983    24.8682   12.26179 3.0589e+00     37.752 0.0000e+00
        477 302.539549    0.03306     1.9833    119.000  1025.0430  50534.598    31.8453     37.653    6.81518     7.4735     7.4921    24.8688   12.26341 2.9923e+00     38.012 0.0000e+00
        478 302.539552    0.03313     1.9875    119.250  1025.0452  50536.378    31.8453     37.911    6.81628     7.4642     7.4851    24.8697   12.26523 2.9269e+00     38.272 0.0000e+00
        479 302.539554    0.03319     1.9917    119.500  1025.0485  50540.371    31.8466     38.163    6.81749     7.4544     7.4770    24.8719   12.26721 2.8645e+00     38.527 0.0000e+00
        480 302.539557    0.03326     1.9958    119.750  1025.0542  50548.896    31.8508     38.405    6.81874     7.4451     7.4677    24.8765   12.26923 2.8059e+00     38.771 0.0000e+00
        481 302.539560    0.03333     2.0000    120.000  1025.0622  50561.619    31.8579     38.633    6.81994     7.4364     7.4580    24.8834   12.27112 2.7510e+00     39.001 0.0000e+00
        482 302.539563    0.03340     2.0042    120.250  1025.0712  50576.204    31.8664     38.848    6.82102     7.4285     7.4486    24.8914   12.27280 2.6996e+00     39.218 0.0000e+00
        483 302.539566    0.03347     2.0083    120.500  1025.0802  50590.977    31.8752     39.053    6.82197     7.4214     7.4400    24.8994   12.27428 2.6513e+00     39.425 0.0000e+00
        484 302.539569    0.03354     2.0125    120.750  1025.0889  50605.228    31.8837     39.252    6.82283     7.4153     7.4321    24.9072   12.27558 2.6051e+00     39.626 0.0000e+00
        485 302.539572    0.03361     2.0167    121.000  1025.0970  50618.307    31.8915     39.451    6.82358     7.4098     7.4250    24.9143   12.27673 2.5603e+00     39.827 0.0000e+00
        486 302.539575    0.03368     2.0208    121.250  1025.1040  50629.520    31.8982     39.651    6.82424     7.4041     7.4189    24.9204   12.27773 2.5170e+00     40.030 0.0000e+00
        487 302.539578    0.03375     2.0250    121.500  1025.1100  50638.900    31.9038     39.854    6.82485     7.3975     7.4134    24.9255   12.27868 2.4758e+00     40.235 0.0000e+00
        488 302.539580    0.03382     2.0292    121.750  1025.1156  50647.453    31.9087     40.060    6.82551     7.3899     7.4077    24.9302   12.27971 2.4360e+00     40.443 0.0000e+00
        489 302.539583    0.03389     2.0333    122.000  1025.1223  50657.914    31.9147     40.269    6.82627     7.3825     7.4012    24.9359   12.28089 2.3972e+00     40.653 0.0000e+00
        490 302.539586    0.03396     2.0375    122.250  1025.1312  50672.580    31.9236     40.477    6.82706     7.3768     7.3936    24.9439   12.28208 2.3598e+00     40.863 0.0000e+00
        491 302.539589    0.03403     2.0417    122.500  1025.1413  50689.350    31.9339     40.679    6.82774     7.3733     7.3862    24.9530   12.28309 2.3241e+00     41.067 0.0000e+00
        492 302.539592    0.03410     2.0458    122.750  1025.1502  50704.124    31.9432     40.875    6.82821     7.3716     7.3806    24.9610   12.28374 2.2893e+00     41.265 0.0000e+00
        493 302.539595    0.03417     2.0500    123.000  1025.1571  50715.185    31.9502     41.066    6.82844     7.3711     7.3771    24.9670   12.28403 2.2544e+00     41.458 0.0000e+00
        494 302.539598    0.03424     2.0542    123.250  1025.1623  50723.073    31.9554     41.258    6.82848     7.3713     7.3754    24.9713   12.28403 2.2181e+00     41.651 0.0000e+00
        495 302.539601    0.03431     2.0583    123.500  1025.1664  50728.996    31.9593     41.454    6.82838     7.3720     7.3749    24.9745   12.28382 2.1791e+00     41.849 0.0000e+00
        496 302.539604    0.03438     2.0625    123.750  1025.1699  50733.787    31.9626     41.660    6.82820     7.3728     7.3751    24.9770   12.28348 2.1367e+00     42.057 0.0000e+00
        497 302.539606    0.03444     2.0667    124.000  1025.1729  50737.550    31.9652     41.879    6.82798     7.3736     7.3758    24.9790   12.28309 2.0919e+00     42.279 0.0000e+00
        498 302.539609    0.03451     2.0708    124.250  1025.1755  50740.461    31.9673     42.113    6.82776     7.3742     7.3766    24.9805   12.28269 2.0461e+00     42.514 0.0000e+00
        499 302.539612    0.03458     2.0750    124.500  1025.1780  50743.104    31.9692     42.360    6.82754     7.3745     7.3774    24.9819   12.28231 1.9994e+00     42.764 0.0000e+00
        500 302.539615    0.03465     2.0792    124.750  1025.1806  50745.849    31.9711     42.619    6.82736     7.3742     7.3781    24.9833   12.28198 1.9519e+00     43.025 0.0000e+00
        501 302.539618    0.03472     2.0833    125.000  1025.1834  50748.797    31.9731     42.886    6.82722     7.3731     7.3784    24.9848   12.28173 1.9043e+00     43.295 0.0000e+00
        502 302.539621    0.03479     2.0875    125.250  1025.1864  50752.223    31.9753     43.156    6.82715     7.3704     7.3782    24.9866   12.28159 1.8574e+00     43.568 0.0000e+00
        503 302.539624    0.03486     2.0917    125.500  1025.1895  50755.825    31.9775     43.423    6.82723     7.3655     7.3771    24.9885   12.28169 1.8125e+00     43.838 0.0000e+00
        504 302.539627    0.03493     2.0958    125.750  1025.1923  50758.926    31.9791     43.681    6.82757     7.3587     7.3744    24.9901   12.28225 1.7710e+00     44.098 0.0000e+00
        505 302.539630    0.03500     2.1000    126.000  1025.1958  50763.352    31.9812     43.924    6.82824     7.3514     7.3696    24.9925   12.28332 1.7335e+00     44.343 0.0000e+00
        506 302.539633    0.03507     2.1042    126.250  1025.2015  50771.866    31.9859     44.149    6.82909     7.3452     7.3628    24.9971   12.28466 1.7000e+00     44.570 0.0000e+00
        507 302.539635    0.03514     2.1083    126.500  1025.2087  50783.446    31.9926     44.354    6.82992     7.3406     7.3555    25.0033   12.28596 1.6705e+00     44.778 0.0000e+00
        508 302.539638    0.03521     2.1125    126.750  1025.2158  50794.789    31.9994     44.542    6.83059     7.3377     7.3493    25.0095   12.28699 1.6439e+00     44.968 0.0000e+00
        509 302.539641    0.03528     2.1167    127.000  1025.2216  50804.000    32.0050     44.718    6.83106     7.3361     7.3447    25.0145   12.28768 1.6190e+00     45.146 0.0000e+00
        510 302.539644    0.03535     2.1208    127.250  1025.2260  50810.843    32.0092     44.888    6.83132     7.3354     7.3418    25.0182   12.28807 1.5950e+00     45.317 0.0000e+00
