CTD-processing/allCTD/CNV--homogene/2012_07-31_t4_s05_cast103.cnv
* Sea-Bird SBE19plus Data File:
* FileName = C:\Documents and Settings\kris.holderied.local\My Documents\2012-07-EVOS-CookInlet-Ocean\2012-07-CookInlet-Tran4-Barabara\2012-07-31-CookInlet-Tran4-cast103.hex
* Software Version 1.54
* Temperature SN =  4141
* Conductivity SN =  4141
* System UpLoad Time = Jul 31 2012 11:52:41
** Cook Inlet LTM Transect 4 - Barabara to Bluff Pt
** Date:  2012-07-31
** Station:  4-05
** Start time (AKDT-24 hr): 09:52
** Depth (m): 75
** Comment:
# nquan = 17
# nvalues = 599                         
# units = specified
# name 0 = scan: Scan Count
# name 1 = timeJ: Julian Days
# name 2 = timeH: Time, Elapsed [hours]
# name 3 = timeM: Time, Elapsed [minutes]
# name 4 = timeS: Time, Elapsed [seconds]
# name 5 = density00: Density [density, kg/m^3]
# name 6 = specc: Specific Conductance [uS/cm]
# name 7 = sal00: Salinity, Practical [PSU]
# name 8 = depSM: Depth [salt water, m], lat = 59.00
# name 9 = oxsolML/L: Oxygen Saturation, Garcia & Gordon [ml/l]
# name 10 = potemp090C: Potential Temperature [ITS-90, deg C]
# name 11 = tv290C: Temperature [ITS-90, deg C]
# name 12 = sigma-é00: Density [sigma-theta, kg/m^3]
# name 13 = n2satML/L: Nitrogen Saturation [ml/l]
# name 14 = par: PAR/Irradiance, Biospherical/Licor
# name 15 = prdM: Pressure, Strain Gauge [db]
# name 16 = flag:  0.000e+00
# span 0 =          1,        599       
# span 1 = 213.410498, 213.412228       
# span 2 =    0.00000,    0.04153       
# span 3 =     0.0000,     2.4917       
# span 4 =      0.000,    149.500       
# span 5 =  1000.0619,  1024.7871       
# span 6 =    946.299,  49820.510       
# span 7 =     0.4856,    31.3865       
# span 8 =     -0.065,     70.289       
# span 9 =    6.52011,    7.83206       
# span 10 =     7.8144,    10.2309      
# span 11 =     7.8209,    10.2317      
# span 12 =     0.0622,    24.4634      
# span 13 =   11.78341,   14.38811      
# span 14 = 4.6253e-02, 2.8381e+02      
# span 15 =     -0.066,     70.965      
# span 16 = 0.0000e+00, 0.0000e+00      
# interval = seconds: 0.25
# start_time = Jul 31 2012 09:51:07 [Instrument's time stamp, header]
# bad_flag = -9.990e-29
*END*
[from data line 256]
        257 213.411238    0.01778     1.0667     64.000  1023.9611  48965.678    31.0780      1.795    6.53035     9.6103     9.6162    23.9528   11.80145 1.2250e+02      1.812 0.0000e+00
        258 213.411241    0.01785     1.0708     64.250  1023.9621  48967.111    31.0785      1.798    6.53080     9.6086     9.6129    23.9538   11.80218 1.2182e+02      1.815 0.0000e+00
        259 213.411244    0.01792     1.0750     64.500  1023.9629  48968.292    31.0791      1.803    6.53112     9.6074     9.6105    23.9546   11.80270 1.2175e+02      1.820 0.0000e+00
        260 213.411247    0.01799     1.0792     64.750  1023.9635  48969.226    31.0795      1.809    6.53134     9.6064     9.6088    23.9552   11.80307 1.2224e+02      1.826 0.0000e+00
        261 213.411250    0.01806     1.0833     65.000  1023.9640  48969.984    31.0799      1.816    6.53151     9.6057     9.6076    23.9557   11.80334 1.2280e+02      1.833 0.0000e+00
        262 213.411253    0.01812     1.0875     65.250  1023.9644  48970.602    31.0802      1.822    6.53164     9.6051     9.6066    23.9561   11.80355 1.2303e+02      1.839 0.0000e+00
        263 213.411256    0.01819     1.0917     65.500  1023.9647  48971.086    31.0804      1.826    6.53173     9.6047     9.6059    23.9564   11.80370 1.2286e+02      1.843 0.0000e+00
        264 213.411259    0.01826     1.0958     65.750  1023.9650  48971.490    31.0806      1.828    6.53180     9.6044     9.6053    23.9566   11.80382 1.2247e+02      1.845 0.0000e+00
        265 213.411262    0.01833     1.1000     66.000  1023.9652  48971.872    31.0808      1.828    6.53185     9.6043     9.6049    23.9569   11.80390 1.2223e+02      1.845 0.0000e+00
        266 213.411264    0.01840     1.1042     66.250  1023.9655  48972.278    31.0810      1.826    6.53188     9.6044     9.6046    23.9571   11.80394 1.2246e+02      1.843 0.0000e+00
        267 213.411267    0.01847     1.1083     66.500  1023.9657  48972.626    31.0813      1.824    6.53188     9.6045     9.6045    23.9573   11.80395 1.2312e+02      1.841 0.0000e+00
        268 213.411270    0.01854     1.1125     66.750  1023.9657  48972.771    31.0814      1.822    6.53187     9.6046     9.6046    23.9574   11.80393 1.2395e+02      1.839 0.0000e+00
        269 213.411273    0.01861     1.1167     67.000  1023.9657  48972.749    31.0814      1.820    6.53186     9.6047     9.6047    23.9573   11.80390 1.2471e+02      1.837 0.0000e+00
        270 213.411276    0.01868     1.1208     67.250  1023.9656  48972.593    31.0813      1.818    6.53185     9.6048     9.6048    23.9572   11.80388 1.2521e+02      1.835 0.0000e+00
        271 213.411279    0.01875     1.1250     67.500  1023.9654  48972.334    31.0811      1.815    6.53184     9.6048     9.6049    23.9571   11.80387 1.2524e+02      1.832 0.0000e+00
        272 213.411282    0.01882     1.1292     67.750  1023.9653  48972.076    31.0810      1.811    6.53183     9.6048     9.6050    23.9570   11.80387 1.2477e+02      1.828 0.0000e+00
        273 213.411285    0.01889     1.1333     68.000  1023.9651  48971.866    31.0808      1.805    6.53184     9.6048     9.6050    23.9569   11.80387 1.2421e+02      1.822 0.0000e+00
        274 213.411288    0.01896     1.1375     68.250  1023.9650  48971.713    31.0807      1.797    6.53184     9.6048     9.6050    23.9568   11.80388 1.2417e+02      1.814 0.0000e+00
        275 213.411291    0.01903     1.1417     68.500  1023.9649  48971.608    31.0806      1.785    6.53185     9.6049     9.6050    23.9567   11.80389 1.2490e+02      1.802 0.0000e+00
        276 213.411293    0.01910     1.1458     68.750  1023.9648  48971.600    31.0806      1.767    6.53185     9.6051     9.6050    23.9567   11.80389 1.2625e+02      1.784 0.0000e+00
        277 213.411296    0.01917     1.1500     69.000  1023.9648  48971.789    31.0808      1.740    6.53183     9.6056     9.6051    23.9568   11.80386 1.2813e+02      1.756 0.0000e+00
        278 213.411299    0.01924     1.1542     69.250  1023.9648  48972.193    31.0812      1.694    6.53178     9.6066     9.6053    23.9571   11.80378 1.3090e+02      1.710 0.0000e+00
        279 213.411302    0.01931     1.1583     69.500  1023.9649  48972.902    31.0818      1.623    6.53168     9.6080     9.6058    23.9575   11.80361 1.3504e+02      1.638 0.0000e+00
        280 213.411305    0.01938     1.1625     69.750  1023.9649  48973.868    31.0826      1.524    6.53151     9.6100     9.6067    23.9580   11.80332 1.4049e+02      1.538 0.0000e+00
        281 213.411308    0.01944     1.1667     70.000  1023.9647  48974.547    31.0833      1.406    6.53128     9.6123     9.6082    23.9583   11.80292 1.4689e+02      1.419 0.0000e+00
        282 213.411311    0.01951     1.1708     70.250  1023.9641  48974.607    31.0836      1.281    6.53098     9.6149     9.6101    23.9582   11.80242 1.5362e+02      1.293 0.0000e+00
        283 213.411314    0.01958     1.1750     70.500  1023.9632  48974.189    31.0837      1.162    6.53064     9.6175     9.6125    23.9579   11.80186 1.5980e+02      1.172 0.0000e+00
        284 213.411317    0.01965     1.1792     70.750  1023.9623  48973.664    31.0837      1.057    6.53028     9.6205     9.6150    23.9575   11.80126 1.6472e+02      1.067 0.0000e+00
        285 213.411319    0.01972     1.1833     71.000  1023.9618  48973.567    31.0840      0.976    6.52988     9.6240     9.6176    23.9573   11.80060 1.6812e+02      0.985 0.0000e+00
        286 213.411322    0.01979     1.1875     71.250  1023.9617  48974.097    31.0848      0.919    6.52943     9.6283     9.6206    23.9575   11.79984 1.7023e+02      0.928 0.0000e+00
        287 213.411325    0.01986     1.1917     71.500  1023.9619  48975.088    31.0860      0.884    6.52888     9.6336     9.6240    23.9578   11.79891 1.7162e+02      0.892 0.0000e+00
        288 213.411328    0.01993     1.1958     71.750  1023.9622  48976.188    31.0873      0.862    6.52820     9.6398     9.6284    23.9582   11.79777 1.7281e+02      0.870 0.0000e+00
        289 213.411331    0.02000     1.2000     72.000  1023.9621  48976.663    31.0884      0.850    6.52739     9.6464     9.6337    23.9582   11.79642 1.7381e+02      0.858 0.0000e+00
        290 213.411334    0.02007     1.2042     72.250  1023.9611  48975.576    31.0884      0.845    6.52650     9.6529     9.6399    23.9572   11.79494 1.7436e+02      0.853 0.0000e+00
        291 213.411337    0.02014     1.2083     72.500  1023.9591  48972.569    31.0872      0.846    6.52559     9.6584     9.6465    23.9552   11.79346 1.7443e+02      0.854 0.0000e+00
        292 213.411340    0.02021     1.2125     72.750  1023.9563  48968.185    31.0849      0.854    6.52476     9.6626     9.6530    23.9524   11.79211 1.7392e+02      0.862 0.0000e+00
        293 213.411343    0.02028     1.2167     73.000  1023.9534  48963.223    31.0821      0.871    6.52408     9.6653     9.6585    23.9494   11.79102 1.7278e+02      0.879 0.0000e+00
        294 213.411345    0.02035     1.2208     73.250  1023.9504  48958.042    31.0790      0.899    6.52361     9.6662     9.6628    23.9463   11.79027 1.7083e+02      0.908 0.0000e+00
        295 213.411348    0.02042     1.2250     73.500  1023.9475  48952.675    31.0755      0.947    6.52337     9.6649     9.6654    23.9432   11.78992 1.6706e+02      0.956 0.0000e+00
        296 213.411351    0.02049     1.2292     73.750  1023.9445  48946.817    31.0715      1.023    6.52341     9.6610     9.6663    23.9399   11.79004 1.6104e+02      1.033 0.0000e+00
        297 213.411354    0.02056     1.2333     74.000  1023.9415  48940.385    31.0668      1.132    6.52379     9.6546     9.6650    23.9364   11.79073 1.5368e+02      1.142 0.0000e+00
        298 213.411357    0.02063     1.2375     74.250  1023.9395  48935.320    31.0627      1.264    6.52452     9.6465     9.6612    23.9338   11.79198 1.4580e+02      1.276 0.0000e+00
        299 213.411360    0.02069     1.2417     74.500  1023.9396  48933.710    31.0606      1.410    6.52552     9.6374     9.6548    23.9332   11.79367 1.3793e+02      1.423 0.0000e+00
        300 213.411363    0.02076     1.2458     74.750  1023.9414  48934.911    31.0604      1.560    6.52671     9.6278     9.6466    23.9343   11.79563 1.3077e+02      1.575 0.0000e+00
        301 213.411366    0.02083     1.2500     75.000  1023.9440  48937.522    31.0610      1.710    6.52799     9.6180     9.6376    23.9362   11.79773 1.2452e+02      1.727 0.0000e+00
        302 213.411369    0.02090     1.2542     75.250  1023.9471  48940.945    31.0621      1.859    6.52931     9.6076     9.6281    23.9385   11.79992 1.1883e+02      1.877 0.0000e+00
        303 213.411372    0.02097     1.2583     75.500  1023.9501  48944.384    31.0631      2.006    6.53069     9.5963     9.6182    23.9409   11.80218 1.1331e+02      2.025 0.0000e+00
        304 213.411374    0.02104     1.2625     75.750  1023.9529  48947.257    31.0637      2.152    6.53215     9.5840     9.6079    23.9431   11.80459 1.0781e+02      2.172 0.0000e+00
        305 213.411377    0.02111     1.2667     76.000  1023.9561  48950.804    31.0647      2.296    6.53373     9.5713     9.5966    23.9456   11.80720 1.0248e+02      2.318 0.0000e+00
        306 213.411380    0.02118     1.2708     76.250  1023.9608  48957.063    31.0674      2.439    6.53539     9.5595     9.5843    23.9497   11.80992 9.7601e+01      2.462 0.0000e+00
        307 213.411383    0.02125     1.2750     76.500  1023.9669  48965.711    31.0718      2.580    6.53703     9.5490     9.5716    23.9551   11.81259 9.3239e+01      2.604 0.0000e+00
        308 213.411386    0.02132     1.2792     76.750  1023.9730  48974.542    31.0764      2.719    6.53854     9.5399     9.5598    23.9606   11.81504 8.9263e+01      2.745 0.0000e+00
        309 213.411389    0.02139     1.2833     77.000  1023.9783  48982.109    31.0803      2.861    6.53989     9.5317     9.5493    23.9653   11.81722 8.5426e+01      2.888 0.0000e+00
        310 213.411392    0.02146     1.2875     77.250  1023.9828  48988.065    31.0832      3.015    6.54108     9.5241     9.5402    23.9690   11.81916 8.1285e+01      3.043 0.0000e+00
        311 213.411395    0.02153     1.2917     77.500  1023.9864  48992.391    31.0851      3.192    6.54217     9.5163     9.5321    23.9718   11.82095 7.6668e+01      3.222 0.0000e+00
        312 213.411398    0.02160     1.2958     77.750  1023.9893  48995.351    31.0861      3.396    6.54323     9.5081     9.5244    23.9737   11.82269 7.1889e+01      3.428 0.0000e+00
        313 213.411400    0.02167     1.3000     78.000  1023.9918  48997.541    31.0865      3.616    6.54433     9.4992     9.5167    23.9753   11.82450 6.7287e+01      3.650 0.0000e+00
        314 213.411403    0.02174     1.3042     78.250  1023.9947  49000.120    31.0871      3.840    6.54549     9.4901     9.5085    23.9771   11.82642 6.3066e+01      3.876 0.0000e+00
        315 213.411406    0.02181     1.3083     78.500  1023.9985  49004.555    31.0890      4.061    6.54670     9.4817     9.4996    23.9799   11.82840 5.9236e+01      4.099 0.0000e+00
        316 213.411409    0.02187     1.3125     78.750  1024.0033  49010.532    31.0919      4.282    6.54788     9.4739     9.4906    23.9836   11.83031 5.5552e+01      4.322 0.0000e+00
        317 213.411412    0.02194     1.3167     79.000  1024.0077  49015.953    31.0945      4.513    6.54899     9.4663     9.4821    23.9870   11.83212 5.1924e+01      4.556 0.0000e+00
        318 213.411415    0.02201     1.3208     79.250  1024.0111  49019.572    31.0959      4.756    6.55006     9.4584     9.4744    23.9893   11.83387 4.8521e+01      4.801 0.0000e+00
        319 213.411418    0.02208     1.3250     79.500  1024.0140  49022.183    31.0966      5.003    6.55112     9.4503     9.4668    23.9910   11.83563 4.5429e+01      5.051 0.0000e+00
        320 213.411421    0.02215     1.3292     79.750  1024.0171  49025.131    31.0975      5.248    6.55222     9.4420     9.4589    23.9930   11.83744 4.2611e+01      5.298 0.0000e+00
        321 213.411424    0.02222     1.3333     80.000  1024.0204  49028.469    31.0987      5.490    6.55335     9.4337     9.4508    23.9952   11.83929 4.0029e+01      5.542 0.0000e+00
        322 213.411427    0.02229     1.3375     80.250  1024.0238  49031.995    31.0999      5.730    6.55449     9.4256     9.4426    23.9975   11.84115 3.7658e+01      5.785 0.0000e+00
        323 213.411429    0.02236     1.3417     80.500  1024.0277  49036.443    31.1019      5.968    6.55561     9.4180     9.4343    24.0003   11.84298 3.5482e+01      6.025 0.0000e+00
        324 213.411432    0.02243     1.3458     80.750  1024.0321  49041.883    31.1045      6.206    6.55667     9.4113     9.4262    24.0036   11.84471 3.3470e+01      6.265 0.0000e+00
        325 213.411435    0.02250     1.3500     81.000  1024.0365  49047.287    31.1072      6.446    6.55764     9.4053     9.4187    24.0069   11.84629 3.1597e+01      6.507 0.0000e+00
        326 213.411438    0.02257     1.3542     81.250  1024.0405  49052.098    31.1096      6.688    6.55851     9.3999     9.4120    24.0098   11.84771 2.9861e+01      6.751 0.0000e+00
        327 213.411441    0.02264     1.3583     81.500  1024.0444  49056.651    31.1119      6.933    6.55928     9.3954     9.4060    24.0126   11.84896 2.8255e+01      6.998 0.0000e+00
        328 213.411444    0.02271     1.3625     81.750  1024.0482  49061.211    31.1143      7.179    6.55995     9.3916     9.4007    24.0153   11.85004 2.6767e+01      7.247 0.0000e+00
        329 213.411447    0.02278     1.3667     82.000  1024.0519  49065.524    31.1166      7.426    6.56052     9.3887     9.3961    24.0178   11.85094 2.5396e+01      7.496 0.0000e+00
        330 213.411450    0.02285     1.3708     82.250  1024.0551  49069.153    31.1186      7.672    6.56098     9.3863     9.3924    24.0199   11.85168 2.4142e+01      7.745 0.0000e+00
        331 213.411453    0.02292     1.3750     82.500  1024.0578  49071.859    31.1200      7.916    6.56134     9.3843     9.3895    24.0215   11.85227 2.2997e+01      7.991 0.0000e+00
        332 213.411455    0.02299     1.3792     82.750  1024.0601  49073.941    31.1210      8.157    6.56164     9.3827     9.3872    24.0227   11.85274 2.1952e+01      8.235 0.0000e+00
        333 213.411458    0.02306     1.3833     83.000  1024.0623  49075.854    31.1220      8.394    6.56188     9.3814     9.3852    24.0238   11.85313 2.0999e+01      8.474 0.0000e+00
        334 213.411461    0.02313     1.3875     83.250  1024.0644  49077.717    31.1230      8.626    6.56207     9.3803     9.3836    24.0248   11.85344 2.0123e+01      8.708 0.0000e+00
        335 213.411464    0.02319     1.3917     83.500  1024.0663  49079.375    31.1239      8.855    6.56223     9.3794     9.3822    24.0257   11.85369 1.9313e+01      8.939 0.0000e+00
        336 213.411467    0.02326     1.3958     83.750  1024.0681  49080.752    31.1246      9.081    6.56236     9.3787     9.3812    24.0264   11.85389 1.8561e+01      9.167 0.0000e+00
        337 213.411470    0.02333     1.4000     84.000  1024.0697  49081.920    31.1252      9.306    6.56245     9.3782     9.3803    24.0270   11.85404 1.7854e+01      9.394 0.0000e+00
        338 213.411473    0.02340     1.4042     84.250  1024.0712  49082.828    31.1257      9.530    6.56252     9.3778     9.3797    24.0275   11.85415 1.7185e+01      9.620 0.0000e+00
        339 213.411476    0.02347     1.4083     84.500  1024.0725  49083.459    31.1260      9.754    6.56258     9.3776     9.3792    24.0278   11.85425 1.6552e+01      9.846 0.0000e+00
        340 213.411479    0.02354     1.4125     84.750  1024.0738  49083.969    31.1262      9.978    6.56262     9.3774     9.3789    24.0280   11.85431 1.5947e+01     10.072 0.0000e+00
