CTD-processing/allCTD/CNV--homogene/2012_05-02_t3_s15_cast012.cnv
* Sea-Bird SBE19plus Data File:
* FileName = C:\Documents and Settings\glenn.seaman\My Documents\KHolderied-files\CTD-DATA-FILES\2012-05-LTM-LowerCookInlet-CTD\Transect3-2012-05-02-AnchPt\2012-05-02-Transect3-AnchorPt012.hex
* Software Version 1.59
* Temperature SN =  5028
* Conductivity SN =  5028
* System UpLoad Time = May 03 2012 00:23:11
** LTM Transect3-AnchorPt
** Date: 2012-05-02
** Station:3-15
** Start time (AKDT-24hr):1808
** Depth (m, not incl. transducer):17.5
# nquan = 17
# nvalues = 434                         
# units = specified
# name 0 = scan: Scan Count
# name 1 = timeJ: Julian Days
# name 2 = timeH: Time, Elapsed [hours]
# name 3 = timeM: Time, Elapsed [minutes]
# name 4 = timeS: Time, Elapsed [seconds]
# name 5 = density00: Density [density, kg/m^3]
# name 6 = specc: Specific Conductance [uS/cm]
# name 7 = sal00: Salinity, Practical [PSU]
# name 8 = depSM: Depth [salt water, m], lat = 59.00
# name 9 = oxsolML/L: Oxygen Saturation, Garcia & Gordon [ml/l]
# name 10 = potemp090C: Potential Temperature [ITS-90, deg C]
# name 11 = tv290C: Temperature [ITS-90, deg C]
# name 12 = sigma-é00: Density [sigma-theta, kg/m^3]
# name 13 = n2satML/L: Nitrogen Saturation [ml/l]
# name 14 = par: PAR/Irradiance, Biospherical/Licor [umol photons/m^2/sec]
# name 15 = prdM: Pressure, Strain Gauge [db]
# name 16 = flag:  0.000e+00
# span 0 =          1,        434       
# span 1 = 123.754549, 123.755802       
# span 2 =    0.00000,    0.03007       
# span 3 =     0.0000,     1.8042       
# span 4 =      0.000,    108.250       
# span 5 =  1000.3133,  1024.7923       
# span 6 =    959.853,  50316.811       
# span 7 =     0.4597,    31.3090       
# span 8 =     -0.092,     18.069       
# span 9 =    7.18126,    8.70724       
# span 10 =     5.3550,     5.8931      
# span 11 =     5.3564,     5.8940      
# span 12 =     0.3138,    24.7097      
# span 13 =   12.87535,   15.86322      
# span 14 = 6.2945e-02, 9.0460e+01      
# span 15 =     -0.092,     18.241      
# span 16 = 0.0000e+00, 0.0000e+00      
# interval = seconds: 0.25
# start_time = May 02 2012 18:06:33 [Instrument's time stamp, header]
# bad_flag = -9.990e-29
*END*
[from data line 86]
         87 123.754797    0.00597     0.3583     21.500  1024.6999  50275.607    31.2921      1.351    7.18279     5.3950     5.3957    24.6935   12.87793 2.6919e+01      1.364 0.0000e+00
         88 123.754800    0.00604     0.3625     21.750  1024.7006  50276.879    31.2929      1.367    7.18279     5.3944     5.3955    24.6942   12.87792 2.6836e+01      1.381 0.0000e+00
         89 123.754803    0.00611     0.3667     22.000  1024.7012  50277.852    31.2935      1.378    7.18284     5.3937     5.3951    24.6947   12.87799 2.6972e+01      1.391 0.0000e+00
         90 123.754806    0.00618     0.3708     22.250  1024.7014  50278.248    31.2937      1.383    7.18293     5.3931     5.3945    24.6949   12.87814 2.7112e+01      1.396 0.0000e+00
         91 123.754809    0.00625     0.3750     22.500  1024.7015  50278.536    31.2937      1.383    7.18304     5.3925     5.3938    24.6950   12.87832 2.7225e+01      1.396 0.0000e+00
         92 123.754812    0.00632     0.3792     22.750  1024.7017  50278.963    31.2939      1.379    7.18314     5.3921     5.3932    24.6952   12.87849 2.7479e+01      1.392 0.0000e+00
         93 123.754815    0.00639     0.3833     23.000  1024.7018  50279.345    31.2940      1.374    7.18323     5.3920     5.3926    24.6954   12.87864 2.7925e+01      1.387 0.0000e+00
         94 123.754818    0.00646     0.3875     23.250  1024.7019  50279.570    31.2941      1.368    7.18329     5.3920     5.3922    24.6955   12.87873 2.8388e+01      1.381 0.0000e+00
         95 123.754821    0.00653     0.3917     23.500  1024.7019  50279.643    31.2941      1.361    7.18332     5.3922     5.3921    24.6956   12.87877 2.8733e+01      1.374 0.0000e+00
         96 123.754823    0.00660     0.3958     23.750  1024.7018  50279.536    31.2941      1.352    7.18332     5.3923     5.3921    24.6955   12.87877 2.8964e+01      1.364 0.0000e+00
         97 123.754826    0.00667     0.4000     24.000  1024.7016  50279.160    31.2939      1.341    7.18331     5.3925     5.3923    24.6953   12.87875 2.9126e+01      1.353 0.0000e+00
         98 123.754829    0.00674     0.4042     24.250  1024.7012  50278.570    31.2935      1.330    7.18329     5.3926     5.3924    24.6950   12.87873 2.9340e+01      1.342 0.0000e+00
         99 123.754832    0.00681     0.4083     24.500  1024.7009  50278.057    31.2932      1.320    7.18328     5.3928     5.3926    24.6947   12.87872 2.9619e+01      1.332 0.0000e+00
        100 123.754835    0.00688     0.4125     24.750  1024.7007  50277.736    31.2930      1.312    7.18326     5.3930     5.3927    24.6946   12.87870 2.9751e+01      1.325 0.0000e+00
        101 123.754838    0.00694     0.4167     25.000  1024.7005  50277.496    31.2928      1.307    7.18325     5.3932     5.3929    24.6945   12.87867 2.9623e+01      1.319 0.0000e+00
        102 123.754841    0.00701     0.4208     25.250  1024.7004  50277.177    31.2927      1.305    7.18323     5.3934     5.3931    24.6943   12.87863 2.9434e+01      1.317 0.0000e+00
        103 123.754844    0.00708     0.4250     25.500  1024.7001  50276.674    31.2924      1.305    7.18320     5.3937     5.3933    24.6940   12.87860 2.9419e+01      1.317 0.0000e+00
        104 123.754847    0.00715     0.4292     25.750  1024.6998  50276.135    31.2920      1.308    7.18318     5.3939     5.3935    24.6937   12.87856 2.9559e+01      1.321 0.0000e+00
        105 123.754850    0.00722     0.4333     26.000  1024.6997  50275.793    31.2919      1.314    7.18315     5.3942     5.3938    24.6936   12.87852 2.9633e+01      1.327 0.0000e+00
        106 123.754852    0.00729     0.4375     26.250  1024.6996  50275.622    31.2918      1.322    7.18311     5.3945     5.3940    24.6935   12.87845 2.9565e+01      1.335 0.0000e+00
        107 123.754855    0.00736     0.4417     26.500  1024.6996  50275.380    31.2917      1.331    7.18306     5.3949     5.3943    24.6933   12.87838 2.9526e+01      1.344 0.0000e+00
        108 123.754858    0.00743     0.4458     26.750  1024.6994  50274.974    31.2915      1.341    7.18301     5.3952     5.3946    24.6931   12.87830 2.9540e+01      1.354 0.0000e+00
        109 123.754861    0.00750     0.4500     27.000  1024.6993  50274.565    31.2912      1.352    7.18296     5.3956     5.3950    24.6929   12.87822 2.9360e+01      1.365 0.0000e+00
        110 123.754864    0.00757     0.4542     27.250  1024.6992  50274.295    31.2911      1.366    7.18291     5.3959     5.3953    24.6928   12.87813 2.8960e+01      1.379 0.0000e+00
        111 123.754867    0.00764     0.4583     27.500  1024.6991  50274.100    31.2910      1.381    7.18285     5.3965     5.3957    24.6927   12.87805 2.8697e+01      1.394 0.0000e+00
        112 123.754870    0.00771     0.4625     27.750  1024.6991  50273.871    31.2909      1.395    7.18279     5.3972     5.3960    24.6926   12.87795 2.8730e+01      1.408 0.0000e+00
        113 123.754873    0.00778     0.4667     28.000  1024.6990  50273.627    31.2909      1.403    7.18271     5.3982     5.3966    24.6925   12.87780 2.8859e+01      1.416 0.0000e+00
        114 123.754876    0.00785     0.4708     28.250  1024.6990  50273.500    31.2910      1.402    7.18258     5.3994     5.3973    24.6925   12.87759 2.8935e+01      1.415 0.0000e+00
        115 123.754878    0.00792     0.4750     28.500  1024.6990  50273.522    31.2912      1.393    7.18240     5.4004     5.3983    24.6925   12.87730 2.8983e+01      1.406 0.0000e+00
        116 123.754881    0.00799     0.4792     28.750  1024.6990  50273.535    31.2915      1.375    7.18219     5.4009     5.3995    24.6926   12.87694 2.9087e+01      1.388 0.0000e+00
        117 123.754884    0.00806     0.4833     29.000  1024.6990  50273.602    31.2917      1.352    7.18200     5.4006     5.4005    24.6927   12.87662 2.9301e+01      1.365 0.0000e+00
        118 123.754887    0.00813     0.4875     29.250  1024.6991  50273.913    31.2921      1.329    7.18190     5.3995     5.4010    24.6929   12.87646 2.9691e+01      1.342 0.0000e+00
        119 123.754890    0.00819     0.4917     29.500  1024.6994  50274.546    31.2925      1.312    7.18193     5.3979     5.4007    24.6932   12.87650 3.0286e+01      1.325 0.0000e+00
        120 123.754893    0.00826     0.4958     29.750  1024.6999  50275.698    31.2930      1.303    7.18209     5.3962     5.3996    24.6938   12.87675 3.0806e+01      1.316 0.0000e+00
        121 123.754896    0.00833     0.5000     30.000  1024.7007  50277.266    31.2938      1.304    7.18233     5.3948     5.3980    24.6946   12.87714 3.0856e+01      1.316 0.0000e+00
        122 123.754899    0.00840     0.5042     30.250  1024.7015  50278.908    31.2945      1.313    7.18258     5.3936     5.3963    24.6954   12.87755 3.0393e+01      1.325 0.0000e+00
        123 123.754902    0.00847     0.5083     30.500  1024.7024  50280.472    31.2953      1.328    7.18279     5.3928     5.3949    24.6962   12.87789 2.9718e+01      1.340 0.0000e+00
        124 123.754905    0.00854     0.5125     30.750  1024.7032  50281.933    31.2961      1.346    7.18295     5.3923     5.3937    24.6969   12.87814 2.9099e+01      1.359 0.0000e+00
        125 123.754907    0.00861     0.5167     31.000  1024.7040  50283.403    31.2969      1.364    7.18305     5.3923     5.3929    24.6976   12.87829 2.8673e+01      1.377 0.0000e+00
        126 123.754910    0.00868     0.5208     31.250  1024.7049  50285.056    31.2979      1.379    7.18308     5.3928     5.3924    24.6985   12.87832 2.8598e+01      1.392 0.0000e+00
        127 123.754913    0.00875     0.5250     31.500  1024.7060  50287.005    31.2993      1.386    7.18302     5.3938     5.3924    24.6995   12.87821 2.8834e+01      1.399 0.0000e+00
        128 123.754916    0.00882     0.5292     31.750  1024.7072  50289.175    31.3009      1.382    7.18287     5.3956     5.3929    24.7007   12.87793 2.9120e+01      1.395 0.0000e+00
        129 123.754919    0.00889     0.5333     32.000  1024.7082  50291.048    31.3024      1.368    7.18261     5.3980     5.3939    24.7018   12.87749 2.9389e+01      1.381 0.0000e+00
        130 123.754922    0.00896     0.5375     32.250  1024.7085  50291.498    31.3030      1.344    7.18227     5.4004     5.3957    24.7022   12.87692 2.9817e+01      1.357 0.0000e+00
        131 123.754925    0.00903     0.5417     32.500  1024.7075  50289.768    31.3023      1.316    7.18190     5.4024     5.3981    24.7014   12.87633 3.0496e+01      1.329 0.0000e+00
        132 123.754928    0.00910     0.5458     32.750  1024.7056  50286.333    31.3005      1.289    7.18158     5.4036     5.4005    24.6996   12.87581 3.1137e+01      1.302 0.0000e+00
        133 123.754931    0.00917     0.5500     33.000  1024.7034  50282.272    31.2981      1.268    7.18135     5.4037     5.4025    24.6975   12.87547 3.1356e+01      1.281 0.0000e+00
        134 123.754933    0.00924     0.5542     33.250  1024.7015  50278.712    31.2959      1.259    7.18126     5.4028     5.4036    24.6956   12.87535 3.1206e+01      1.271 0.0000e+00
        135 123.754936    0.00931     0.5583     33.500  1024.7003  50276.492    31.2944      1.264    7.18132     5.4012     5.4037    24.6944   12.87546 3.0891e+01      1.276 0.0000e+00
        136 123.754939    0.00937     0.5625     33.750  1024.7000  50275.773    31.2937      1.283    7.18150     5.3994     5.4029    24.6940   12.87578 3.0400e+01      1.295 0.0000e+00
        137 123.754942    0.00944     0.5667     34.000  1024.7003  50276.259    31.2937      1.312    7.18177     5.3976     5.4013    24.6942   12.87621 2.9719e+01      1.324 0.0000e+00
        138 123.754945    0.00951     0.5708     34.250  1024.7011  50277.598    31.2943      1.345    7.18205     5.3962     5.3995    24.6948   12.87668 2.8992e+01      1.358 0.0000e+00
        139 123.754948    0.00958     0.5750     34.500  1024.7023  50279.604    31.2953      1.378    7.18230     5.3954     5.3977    24.6958   12.87707 2.8406e+01      1.391 0.0000e+00
        140 123.754951    0.00965     0.5792     34.750  1024.7038  50282.273    31.2968      1.405    7.18246     5.3951     5.3963    24.6972   12.87732 2.8105e+01      1.419 0.0000e+00
        141 123.754954    0.00972     0.5833     35.000  1024.7055  50285.476    31.2988      1.423    7.18252     5.3954     5.3955    24.6989   12.87738 2.8193e+01      1.436 0.0000e+00
        142 123.754957    0.00979     0.5875     35.250  1024.7073  50288.716    31.3010      1.428    7.18246     5.3964     5.3952    24.7006   12.87727 2.8661e+01      1.441 0.0000e+00
        143 123.754959    0.00986     0.5917     35.500  1024.7085  50291.040    31.3026      1.420    7.18232     5.3981     5.3955    24.7019   12.87702 2.9390e+01      1.433 0.0000e+00
        144 123.754962    0.00993     0.5958     35.750  1024.7086  50291.276    31.3030      1.399    7.18213     5.3998     5.3966    24.7021   12.87669 3.0270e+01      1.413 0.0000e+00
        145 123.754965    0.01000     0.6000     36.000  1024.7074  50289.043    31.3019      1.371    7.18191     5.4013     5.3982    24.7010   12.87634 3.1101e+01      1.384 0.0000e+00
        146 123.754968    0.01007     0.6042     36.250  1024.7053  50285.315    31.2997      1.341    7.18172     5.4023     5.4000    24.6991   12.87605 3.1644e+01      1.353 0.0000e+00
        147 123.754971    0.01014     0.6083     36.500  1024.7032  50281.621    31.2975      1.313    7.18157     5.4027     5.4014    24.6971   12.87584 3.1871e+01      1.326 0.0000e+00
        148 123.754974    0.01021     0.6125     36.750  1024.7018  50279.026    31.2959      1.294    7.18148     5.4026     5.4024    24.6958   12.87570 3.1918e+01      1.306 0.0000e+00
        149 123.754977    0.01028     0.6167     37.000  1024.7012  50277.956    31.2952      1.285    7.18144     5.4020     5.4028    24.6952   12.87565 3.1855e+01      1.297 0.0000e+00
        150 123.754980    0.01035     0.6208     37.250  1024.7014  50278.227    31.2954      1.286    7.18146     5.4011     5.4027    24.6954   12.87568 3.1522e+01      1.297 0.0000e+00
        151 123.754983    0.01042     0.6250     37.500  1024.7020  50279.276    31.2960      1.295    7.18153     5.4001     5.4021    24.6959   12.87579 3.0878e+01      1.307 0.0000e+00
        152 123.754986    0.01049     0.6292     37.750  1024.7028  50280.716    31.2968      1.310    7.18164     5.3991     5.4012    24.6966   12.87597 3.0262e+01      1.323 0.0000e+00
        153 123.754988    0.01056     0.6333     38.000  1024.7036  50282.272    31.2976      1.328    7.18178     5.3985     5.4002    24.6974   12.87619 2.9877e+01      1.341 0.0000e+00
        154 123.754991    0.01063     0.6375     38.250  1024.7043  50283.544    31.2983      1.345    7.18191     5.3983     5.3992    24.6981   12.87639 2.9680e+01      1.358 0.0000e+00
        155 123.754994    0.01069     0.6417     38.500  1024.7047  50284.207    31.2986      1.359    7.18199     5.3983     5.3986    24.6984   12.87653 2.9693e+01      1.371 0.0000e+00
        156 123.754997    0.01076     0.6458     38.750  1024.7048  50284.250    31.2986      1.367    7.18204     5.3986     5.3984    24.6984   12.87660 2.9976e+01      1.379 0.0000e+00
        157 123.755000    0.01083     0.6500     39.000  1024.7046  50283.892    31.2983      1.369    7.18204     5.3990     5.3984    24.6982   12.87661 3.0540e+01      1.382 0.0000e+00
        158 123.755003    0.01090     0.6542     39.250  1024.7043  50283.366    31.2980      1.367    7.18201     5.3992     5.3987    24.6979   12.87655 3.1245e+01      1.379 0.0000e+00
        159 123.755006    0.01097     0.6583     39.500  1024.7040  50282.828    31.2978      1.363    7.18195     5.3991     5.3991    24.6976   12.87647 3.1742e+01      1.375 0.0000e+00
        160 123.755009    0.01104     0.6625     39.750  1024.7038  50282.408    31.2975      1.360    7.18193     5.3988     5.3993    24.6974   12.87643 3.1779e+01      1.372 0.0000e+00
        161 123.755012    0.01111     0.6667     40.000  1024.7037  50282.292    31.2974      1.360    7.18195     5.3984     5.3992    24.6973   12.87647 3.1423e+01      1.373 0.0000e+00
        162 123.755014    0.01118     0.6708     40.250  1024.7039  50282.570    31.2976      1.365    7.18200     5.3983     5.3989    24.6975   12.87655 3.0992e+01      1.378 0.0000e+00
        163 123.755017    0.01125     0.6750     40.500  1024.7042  50283.081    31.2978      1.373    7.18204     5.3984     5.3985    24.6977   12.87662 3.0783e+01      1.386 0.0000e+00
        164 123.755020    0.01132     0.6792     40.750  1024.7044  50283.540    31.2981      1.380    7.18206     5.3988     5.3984    24.6980   12.87664 3.0782e+01      1.393 0.0000e+00
        165 123.755023    0.01139     0.6833     41.000  1024.7046  50283.740    31.2983      1.382    7.18203     5.3995     5.3985    24.6981   12.87659 3.0862e+01      1.395 0.0000e+00
        166 123.755026    0.01146     0.6875     41.250  1024.7045  50283.528    31.2982      1.376    7.18196     5.4002     5.3989    24.6980   12.87647 3.0983e+01      1.389 0.0000e+00
        167 123.755029    0.01153     0.6917     41.500  1024.7040  50282.740    31.2978      1.362    7.18186     5.4007     5.3996    24.6976   12.87632 3.1170e+01      1.375 0.0000e+00
        168 123.755032    0.01160     0.6958     41.750  1024.7033  50281.526    31.2971      1.343    7.18177     5.4007     5.4003    24.6970   12.87618 3.1500e+01      1.356 0.0000e+00
        169 123.755035    0.01167     0.7000     42.000  1024.7027  50280.550    31.2965      1.324    7.18173     5.4004     5.4008    24.6965   12.87611 3.1905e+01      1.336 0.0000e+00
        170 123.755038    0.01174     0.7042     42.250  1024.7026  50280.404    31.2964      1.310    7.18172     5.4000     5.4008    24.6964   12.87610 3.2170e+01      1.323 0.0000e+00
