CTD-processing/allCTD/CNV--homogene/2012_05-31a_t4_s03a_cast074.cnv
* Sea-Bird SBE19plus Data File:
* FileName = C:\Documents and Settings\glenn.seaman\My Documents\KHolderied-files\CTD-DATA-FILES\2012-05-LTM-LowerCookInlet-CTD\Transect4-2012-05-31-Barabara\2012-05-31-Tran4-Barabara-cast074.hex
* Software Version 1.59
* Temperature SN =  5028
* Conductivity SN =  5028
* System UpLoad Time = May 31 2012 15:16:31
** LTM Transect4- Barabara to Bluff Pt
** Date: 2012-05-31
** Station:4-03a
** Start time (AKDT-24hr):1132
** Depth (ft):373
** Surface and bottom water samples for OA
# nquan = 17
# nvalues = 817                         
# units = specified
# name 0 = scan: Scan Count
# name 1 = timeJ: Julian Days
# name 2 = timeH: Time, Elapsed [hours]
# name 3 = timeM: Time, Elapsed [minutes]
# name 4 = timeS: Time, Elapsed [seconds]
# name 5 = density00: Density [density, kg/m^3]
# name 6 = specc: Specific Conductance [uS/cm]
# name 7 = sal00: Salinity, Practical [PSU]
# name 8 = depSM: Depth [salt water, m], lat = 59.00
# name 9 = oxsolML/L: Oxygen Saturation, Garcia & Gordon [ml/l]
# name 10 = potemp090C: Potential Temperature [ITS-90, deg C]
# name 11 = tv290C: Temperature [ITS-90, deg C]
# name 12 = sigma-é00: Density [sigma-theta, kg/m^3]
# name 13 = n2satML/L: Nitrogen Saturation [ml/l]
# name 14 = par: PAR/Irradiance, Biospherical/Licor [umol photons/m^2/sec]
# name 15 = prdM: Pressure, Strain Gauge [db]
# name 16 = flag:  0.000e+00
# span 0 =          1,        817       
# span 1 = 152.480347, 152.482708       
# span 2 =    0.00000,    0.05667       
# span 3 =     0.0000,     3.4000       
# span 4 =      0.000,    204.000       
# span 5 =   999.9826,  1025.6700       
# span 6 =    116.516,  51310.393       
# span 7 =     0.0533,    31.7710       
# span 8 =     -0.179,    108.175       
# span 9 =    7.01052,    8.69332       
# span 10 =     4.5521,     6.3579      
# span 11 =     4.5583,     6.3580      
# span 12 =    -0.0165,    25.1630      
# span 13 =   12.59014,   15.84624      
# span 14 = 3.9188e-02, 2.8628e+02      
# span 15 =     -0.180,    109.225      
# span 16 = 0.0000e+00, 0.0000e+00      
# interval = seconds: 0.25
# start_time = May 31 2012 11:31:42 [Instrument's time stamp, header]
# bad_flag = -9.990e-29
*END*
[from data line 171]
        172 152.480842    0.01188     0.7125     42.750  1024.7995  50401.259    31.5524      0.766    7.02304     6.2759     6.2761    24.7959   12.61067 1.9462e+02      0.773 0.0000e+00
        173 152.480845    0.01194     0.7167     43.000  1024.7983  50399.184    31.5509      0.760    7.02313     6.2759     6.2760    24.7948   12.61083 1.9561e+02      0.767 0.0000e+00
        174 152.480848    0.01201     0.7208     43.250  1024.7969  50396.645    31.5492      0.763    7.02322     6.2760     6.2759    24.7934   12.61100 1.9366e+02      0.770 0.0000e+00
        175 152.480851    0.01208     0.7250     43.500  1024.7962  50395.162    31.5482      0.772    7.02326     6.2761     6.2760    24.7926   12.61108 1.8929e+02      0.779 0.0000e+00
        176 152.480854    0.01215     0.7292     43.750  1024.7962  50395.211    31.5482      0.781    7.02324     6.2762     6.2761    24.7926   12.61105 1.8467e+02      0.788 0.0000e+00
        177 152.480856    0.01222     0.7333     44.000  1024.7972  50396.888    31.5494      0.787    7.02317     6.2762     6.2761    24.7935   12.61092 1.8286e+02      0.794 0.0000e+00
        178 152.480859    0.01229     0.7375     44.250  1024.7989  50399.974    31.5515      0.787    7.02306     6.2763     6.2762    24.7952   12.61071 1.8401e+02      0.794 0.0000e+00
        179 152.480862    0.01236     0.7417     44.500  1024.8008  50403.591    31.5540      0.782    7.02294     6.2765     6.2762    24.7971   12.61047 1.8435e+02      0.789 0.0000e+00
        180 152.480865    0.01243     0.7458     44.750  1024.8022  50406.142    31.5558      0.774    7.02284     6.2769     6.2763    24.7985   12.61029 1.8109e+02      0.781 0.0000e+00
        181 152.480868    0.01250     0.7500     45.000  1024.8022  50406.194    31.5559      0.767    7.02281     6.2774     6.2765    24.7986   12.61023 1.7747e+02      0.774 0.0000e+00
        182 152.480871    0.01257     0.7542     45.250  1024.8008  50403.771    31.5543      0.767    7.02281     6.2778     6.2769    24.7973   12.61026 1.7662e+02      0.773 0.0000e+00
        183 152.480874    0.01264     0.7583     45.500  1024.7990  50400.446    31.5521      0.772    7.02283     6.2780     6.2774    24.7955   12.61032 1.7623e+02      0.779 0.0000e+00
        184 152.480877    0.01271     0.7625     45.750  1024.7978  50398.078    31.5505      0.781    7.02283     6.2780     6.2779    24.7942   12.61035 1.7471e+02      0.788 0.0000e+00
        185 152.480880    0.01278     0.7667     46.000  1024.7977  50397.839    31.5504      0.787    7.02281     6.2780     6.2781    24.7941   12.61030 1.7376e+02      0.794 0.0000e+00
        186 152.480883    0.01285     0.7708     46.250  1024.7988  50399.928    31.5518      0.788    7.02274     6.2780     6.2781    24.7952   12.61017 1.7509e+02      0.795 0.0000e+00
        187 152.480885    0.01292     0.7750     46.500  1024.8006  50403.256    31.5541      0.782    7.02264     6.2783     6.2780    24.7970   12.60998 1.7738e+02      0.789 0.0000e+00
        188 152.480888    0.01299     0.7792     46.750  1024.8020  50405.747    31.5559      0.771    7.02255     6.2788     6.2781    24.7984   12.60981 1.7857e+02      0.779 0.0000e+00
        189 152.480891    0.01306     0.7833     47.000  1024.8019  50405.677    31.5559      0.761    7.02251     6.2794     6.2784    24.7984   12.60974 1.7970e+02      0.768 0.0000e+00
        190 152.480894    0.01313     0.7875     47.250  1024.8006  50403.225    31.5543      0.756    7.02250     6.2797     6.2789    24.7970   12.60974 1.7999e+02      0.763 0.0000e+00
        191 152.480897    0.01319     0.7917     47.500  1024.7990  50400.276    31.5523      0.758    7.02250     6.2799     6.2794    24.7954   12.60977 1.7721e+02      0.765 0.0000e+00
        192 152.480900    0.01326     0.7958     47.750  1024.7981  50398.578    31.5512      0.765    7.02249     6.2800     6.2798    24.7945   12.60976 1.7405e+02      0.772 0.0000e+00
        193 152.480903    0.01333     0.8000     48.000  1024.7984  50399.050    31.5516      0.772    7.02244     6.2801     6.2799    24.7948   12.60968 1.7291e+02      0.779 0.0000e+00
        194 152.480906    0.01340     0.8042     48.250  1024.7998  50401.582    31.5533      0.774    7.02235     6.2805     6.2800    24.7962   12.60951 1.7201e+02      0.781 0.0000e+00
        195 152.480909    0.01347     0.8083     48.500  1024.8015  50404.662    31.5555      0.769    7.02223     6.2812     6.2801    24.7979   12.60928 1.7129e+02      0.776 0.0000e+00
        196 152.480911    0.01354     0.8125     48.750  1024.8024  50406.476    31.5568      0.760    7.02210     6.2822     6.2805    24.7989   12.60906 1.7256e+02      0.767 0.0000e+00
        197 152.480914    0.01361     0.8167     49.000  1024.8023  50406.243    31.5568      0.750    7.02198     6.2832     6.2813    24.7988   12.60885 1.7427e+02      0.757 0.0000e+00
        198 152.480917    0.01368     0.8208     49.250  1024.8013  50404.455    31.5558      0.744    7.02186     6.2840     6.2823    24.7978   12.60867 1.7426e+02      0.751 0.0000e+00
        199 152.480920    0.01375     0.8250     49.500  1024.8002  50402.430    31.5546      0.744    7.02175     6.2846     6.2833    24.7967   12.60851 1.7333e+02      0.751 0.0000e+00
        200 152.480923    0.01382     0.8292     49.750  1024.7997  50401.359    31.5540      0.749    7.02165     6.2852     6.2841    24.7962   12.60835 1.7188e+02      0.756 0.0000e+00
        201 152.480926    0.01389     0.8333     50.000  1024.7999  50401.683    31.5543      0.757    7.02154     6.2860     6.2847    24.7964   12.60815 1.7064e+02      0.764 0.0000e+00
        202 152.480929    0.01396     0.8375     50.250  1024.8006  50402.874    31.5553      0.765    7.02140     6.2871     6.2853    24.7970   12.60791 1.7053e+02      0.772 0.0000e+00
        203 152.480932    0.01403     0.8417     50.500  1024.8011  50403.708    31.5560      0.769    7.02124     6.2886     6.2861    24.7975   12.60764 1.7096e+02      0.776 0.0000e+00
        204 152.480935    0.01410     0.8458     50.750  1024.8008  50403.167    31.5558      0.769    7.02106     6.2903     6.2872    24.7972   12.60735 1.7159e+02      0.776 0.0000e+00
        205 152.480938    0.01417     0.8500     51.000  1024.7995  50400.785    31.5545      0.765    7.02088     6.2920     6.2887    24.7960   12.60707 1.7174e+02      0.772 0.0000e+00
        206 152.480940    0.01424     0.8542     51.250  1024.7973  50396.687    31.5519      0.761    7.02071     6.2932     6.2904    24.7938   12.60682 1.7107e+02      0.768 0.0000e+00
        207 152.480943    0.01431     0.8583     51.500  1024.7948  50391.974    31.5490      0.759    7.02058     6.2940     6.2920    24.7913   12.60664 1.6986e+02      0.767 0.0000e+00
        208 152.480946    0.01438     0.8625     51.750  1024.7929  50388.384    31.5467      0.762    7.02048     6.2943     6.2933    24.7893   12.60650 1.6837e+02      0.769 0.0000e+00
        209 152.480949    0.01444     0.8667     52.000  1024.7921  50386.941    31.5459      0.767    7.02039     6.2944     6.2940    24.7886   12.60637 1.6755e+02      0.774 0.0000e+00
        210 152.480952    0.01451     0.8708     52.250  1024.7924  50387.507    31.5463      0.773    7.02031     6.2943     6.2944    24.7889   12.60623 1.6730e+02      0.780 0.0000e+00
        211 152.480955    0.01458     0.8750     52.500  1024.7935  50389.353    31.5476      0.778    7.02024     6.2942     6.2944    24.7899   12.60610 1.6624e+02      0.785 0.0000e+00
        212 152.480958    0.01465     0.8792     52.750  1024.7946  50391.485    31.5490      0.783    7.02019     6.2943     6.2943    24.7910   12.60600 1.6460e+02      0.790 0.0000e+00
        213 152.480961    0.01472     0.8833     53.000  1024.7955  50393.135    31.5502      0.785    7.02016     6.2946     6.2942    24.7919   12.60593 1.6420e+02      0.793 0.0000e+00
        214 152.480964    0.01479     0.8875     53.250  1024.7962  50394.277    31.5510      0.784    7.02011     6.2950     6.2943    24.7926   12.60583 1.6494e+02      0.792 0.0000e+00
        215 152.480966    0.01486     0.8917     53.500  1024.7967  50395.305    31.5518      0.780    7.02002     6.2954     6.2946    24.7931   12.60568 1.6593e+02      0.788 0.0000e+00
        216 152.480969    0.01493     0.8958     53.750  1024.7973  50396.334    31.5526      0.774    7.01992     6.2958     6.2950    24.7937   12.60551 1.6752e+02      0.782 0.0000e+00
        217 152.480972    0.01500     0.9000     54.000  1024.7976  50397.007    31.5531      0.769    7.01983     6.2962     6.2954    24.7941   12.60535 1.6890e+02      0.777 0.0000e+00
        218 152.480975    0.01507     0.9042     54.250  1024.7977  50397.072    31.5532      0.768    7.01976     6.2966     6.2958    24.7941   12.60524 1.6990e+02      0.775 0.0000e+00
        219 152.480978    0.01514     0.9083     54.500  1024.7975  50396.696    31.5531      0.771    7.01970     6.2970     6.2962    24.7939   12.60514 1.7136e+02      0.778 0.0000e+00
        220 152.480981    0.01521     0.9125     54.750  1024.7975  50396.541    31.5531      0.778    7.01963     6.2976     6.2967    24.7938   12.60503 1.7290e+02      0.785 0.0000e+00
        221 152.480984    0.01528     0.9167     55.000  1024.7982  50397.740    31.5540      0.787    7.01951     6.2984     6.2971    24.7945   12.60482 1.7396e+02      0.795 0.0000e+00
        222 152.480987    0.01535     0.9208     55.250  1024.7998  50400.564    31.5560      0.795    7.01933     6.2998     6.2976    24.7961   12.60449 1.7466e+02      0.803 0.0000e+00
        223 152.480990    0.01542     0.9250     55.500  1024.8017  50404.115    31.5586      0.800    7.01908     6.3021     6.2984    24.7980   12.60404 1.7622e+02      0.808 0.0000e+00
        224 152.480992    0.01549     0.9292     55.750  1024.8035  50407.297    31.5610      0.800    7.01874     6.3056     6.2998    24.7998   12.60345 1.7860e+02      0.808 0.0000e+00
        225 152.480995    0.01556     0.9333     56.000  1024.8045  50408.956    31.5626      0.796    7.01828     6.3101     6.3021    24.8008   12.60267 1.8039e+02      0.803 0.0000e+00
        226 152.480998    0.01563     0.9375     56.250  1024.8041  50408.231    31.5628      0.788    7.01770     6.3151     6.3056    24.8005   12.60171 1.8146e+02      0.796 0.0000e+00
        227 152.481001    0.01569     0.9417     56.500  1024.8025  50405.048    31.5615      0.782    7.01703     6.3201     6.3101    24.7988   12.60062 1.8306e+02      0.790 0.0000e+00
        228 152.481004    0.01576     0.9458     56.750  1024.7999  50400.131    31.5590      0.780    7.01633     6.3247     6.3151    24.7963   12.59948 1.8520e+02      0.788 0.0000e+00
        229 152.481007    0.01583     0.9500     57.000  1024.7972  50394.926    31.5563      0.785    7.01563     6.3288     6.3201    24.7935   12.59837 1.8554e+02      0.793 0.0000e+00
        230 152.481010    0.01590     0.9542     57.250  1024.7952  50390.866    31.5543      0.796    7.01496     6.3326     6.3247    24.7914   12.59729 1.8414e+02      0.804 0.0000e+00
        231 152.481013    0.01597     0.9583     57.500  1024.7942  50388.710    31.5536      0.810    7.01432     6.3364     6.3289    24.7904   12.59624 1.8374e+02      0.818 0.0000e+00
        232 152.481016    0.01604     0.9625     57.750  1024.7940  50388.185    31.5540      0.824    7.01369     6.3405     6.3326    24.7902   12.59519 1.8499e+02      0.832 0.0000e+00
        233 152.481019    0.01611     0.9667     58.000  1024.7940  50387.878    31.5545      0.833    7.01305     6.3451     6.3364    24.7901   12.59412 1.8759e+02      0.841 0.0000e+00
        234 152.481021    0.01618     0.9708     58.250  1024.7932  50386.317    31.5542      0.835    7.01238     6.3496     6.3406    24.7893   12.59302 1.9155e+02      0.843 0.0000e+00
        235 152.481024    0.01625     0.9750     58.500  1024.7915  50382.948    31.5527      0.832    7.01170     6.3534     6.3452    24.7876   12.59191 1.9545e+02      0.840 0.0000e+00
        236 152.481027    0.01632     0.9792     58.750  1024.7886  50377.408    31.5497      0.828    7.01110     6.3561     6.3497    24.7847   12.59097 1.9878e+02      0.836 0.0000e+00
        237 152.481030    0.01639     0.9833     59.000  1024.7841  50369.101    31.5446      0.828    7.01071     6.3575     6.3535    24.7802   12.59039 2.0264e+02      0.836 0.0000e+00
        238 152.481033    0.01646     0.9875     59.250  1024.7788  50359.265    31.5383      0.836    7.01056     6.3579     6.3562    24.7749   12.59022 2.0647e+02      0.844 0.0000e+00
        239 152.481036    0.01653     0.9917     59.500  1024.7748  50351.596    31.5333      0.851    7.01056     6.3574     6.3576    24.7708   12.59028 2.0893e+02      0.860 0.0000e+00
        240 152.481039    0.01660     0.9958     59.750  1024.7736  50349.359    31.5318      0.868    7.01058     6.3562     6.3580    24.7696   12.59032 2.1086e+02      0.877 0.0000e+00
        241 152.481042    0.01667     1.0000     60.000  1024.7757  50353.095    31.5343      0.879    7.01054     6.3547     6.3574    24.7716   12.59024 2.1425e+02      0.888 0.0000e+00
        242 152.481045    0.01674     1.0042     60.250  1024.7794  50359.987    31.5388      0.878    7.01052     6.3534     6.3563    24.7753   12.59014 2.1948e+02      0.886 0.0000e+00
        243 152.481047    0.01681     1.0083     60.500  1024.7823  50365.389    31.5423      0.865    7.01060     6.3522     6.3548    24.7783   12.59023 2.2537e+02      0.873 0.0000e+00
        244 152.481050    0.01688     1.0125     60.750  1024.7828  50366.552    31.5429      0.846    7.01080     6.3508     6.3534    24.7789   12.59055 2.3024e+02      0.853 0.0000e+00
        245 152.481053    0.01694     1.0167     61.000  1024.7817  50364.676    31.5414      0.829    7.01106     6.3485     6.3523    24.7778   12.59100 2.3311e+02      0.836 0.0000e+00
        246 152.481056    0.01701     1.0208     61.250  1024.7809  50363.340    31.5402      0.820    7.01135     6.3454     6.3508    24.7770   12.59150 2.3392e+02      0.828 0.0000e+00
        247 152.481059    0.01708     1.0250     61.500  1024.7818  50365.087    31.5410      0.818    7.01168     6.3417     6.3486    24.7779   12.59204 2.3357e+02      0.826 0.0000e+00
        248 152.481062    0.01715     1.0292     61.750  1024.7844  50370.028    31.5438      0.819    7.01206     6.3383     6.3454    24.7806   12.59264 2.3319e+02      0.826 0.0000e+00
        249 152.481065    0.01722     1.0333     62.000  1024.7881  50376.928    31.5479      0.816    7.01247     6.3357     6.3418    24.7843   12.59327 2.3257e+02      0.824 0.0000e+00
        250 152.481068    0.01729     1.0375     62.250  1024.7918  50384.029    31.5522      0.810    7.01284     6.3341     6.3384    24.7881   12.59381 2.3099e+02      0.818 0.0000e+00
        251 152.481071    0.01736     1.0417     62.500  1024.7948  50389.524    31.5555      0.804    7.01311     6.3335     6.3358    24.7910   12.59421 2.2903e+02      0.811 0.0000e+00
        252 152.481073    0.01743     1.0458     62.750  1024.7964  50392.668    31.5574      0.800    7.01327     6.3334     6.3342    24.7927   12.59446 2.2826e+02      0.807 0.0000e+00
        253 152.481076    0.01750     1.0500     63.000  1024.7972  50394.120    31.5583      0.800    7.01335     6.3337     6.3335    24.7935   12.59457 2.2797e+02      0.808 0.0000e+00
        254 152.481079    0.01757     1.0542     63.250  1024.7976  50394.872    31.5588      0.805    7.01334     6.3344     6.3334    24.7939   12.59456 2.2619e+02      0.813 0.0000e+00
        255 152.481082    0.01764     1.0583     63.500  1024.7981  50395.616    31.5593      0.812    7.01326     6.3355     6.3337    24.7943   12.59442 2.2451e+02      0.820 0.0000e+00
