CTD-processing/allCTD/CNV--homogene/2012-10-29-cookinlet-tran3-cast059-s14.cnv
* Sea-Bird SBE19plus Data File:
* FileName = C:\Documents and Settings\kris.holderied.local\My Documents\2012-CTD-DATA-new-files\2012-10-CookInlet-LTM\2012-10-29-LTM-CookInlet-Tran3-AnchorPt\2012-10-29-CookInlet-Tran3-cast059.hex
* Software Version 1.54
* Temperature SN =  4141
* Conductivity SN =  4141
* System UpLoad Time = Nov 20 2012 18:26:32
** Cook Inlet EVOSTC Transect 3 Anchor Pt west to east
** Date:  29 Oct 2012
** Station:  3-14
** Start time (AKDT-24 hr):  1258
** Depth (m):  34
** Comment:
# nquan = 17
# nvalues = 513                         
# units = specified
# name 0 = scan: Scan Count
# name 1 = timeJ: Julian Days
# name 2 = timeH: Time, Elapsed [hours]
# name 3 = timeM: Time, Elapsed [minutes]
# name 4 = timeS: Time, Elapsed [seconds]
# name 5 = density00: Density [density, kg/m^3]
# name 6 = specc: Specific Conductance [uS/cm]
# name 7 = sal00: Salinity, Practical [PSU]
# name 8 = depSM: Depth [salt water, m], lat = 59.00
# name 9 = oxsolML/L: Oxygen Saturation, Garcia & Gordon [ml/l]
# name 10 = potemp090C: Potential Temperature [ITS-90, deg C]
# name 11 = tv290C: Temperature [ITS-90, deg C]
# name 12 = sigma-é00: Density [sigma-theta, kg/m^3]
# name 13 = n2satML/L: Nitrogen Saturation [ml/l]
# name 14 = par: PAR/Irradiance, Biospherical/Licor
# name 15 = prdM: Pressure, Strain Gauge [db]
# name 16 = flag:  0.000e+00
# span 0 =          1,        513       
# span 1 = 303.540556, 303.542037       
# span 2 =    0.00000,    0.03556       
# span 3 =     0.0000,     2.1333       
# span 4 =      0.000,    128.000       
# span 5 =  1000.5041,  1024.0629       
# span 6 =   1373.824,  48881.353       
# span 7 =     0.6607,    30.5599       
# span 8 =     -0.099,     29.592       
# span 9 =    6.97306,    9.30487       
# span 10 =     3.2890,     6.8646      
# span 11 =     3.2890,     6.8654      
# span 12 =     0.5046,    23.9727      
# span 13 =   12.54064,   16.86282      
# span 14 = 1.8491e-01, 2.2350e+02      
# span 15 =     -0.100,     29.873      
# span 16 = 0.0000e+00, 0.0000e+00      
# interval = seconds: 0.25
# start_time = Oct 29 2012 12:58:24 [Instrument's time stamp, header]
# bad_flag = -9.990e-29
*END*
[from data line 341]
        342 303.541542    0.02368     1.4208     85.250  1023.9588  48827.364    30.5443      2.976    6.99529     6.7674     6.7314    23.9450   12.57754 3.4437e+01      3.005 0.0000e+00
        343 303.541545    0.02375     1.4250     85.500  1023.9535  48816.912    30.5403      3.005    6.99240     6.7820     6.7503    23.9395   12.57281 3.4554e+01      3.033 0.0000e+00
        344 303.541548    0.02382     1.4292     85.750  1023.9445  48799.801    30.5314      3.036    6.98999     6.7938     6.7677    23.9303   12.56893 3.4557e+01      3.065 0.0000e+00
        345 303.541551    0.02389     1.4333     86.000  1023.9360  48783.686    30.5228      3.065    6.98802     6.8044     6.7822    23.9217   12.56579 3.4378e+01      3.094 0.0000e+00
        346 303.541554    0.02396     1.4375     86.250  1023.9354  48782.244    30.5239      3.089    6.98605     6.8151     6.7941    23.9210   12.56251 3.4010e+01      3.119 0.0000e+00
        347 303.541557    0.02403     1.4417     86.500  1023.9447  48798.941    30.5372      3.106    6.98372     6.8260     6.8047    23.9302   12.55848 3.3516e+01      3.136 0.0000e+00
        348 303.541560    0.02410     1.4458     86.750  1023.9542  48816.139    30.5510      3.115    6.98135     6.8358     6.8154    23.9397   12.55439 3.3033e+01      3.145 0.0000e+00
        349 303.541563    0.02417     1.4500     87.000  1023.9577  48822.534    30.5573      3.116    6.97930     6.8436     6.8262    23.9433   12.55093 3.2725e+01      3.146 0.0000e+00
        350 303.541565    0.02424     1.4542     87.250  1023.9574  48821.809    30.5584      3.109    6.97766     6.8492     6.8360    23.9430   12.54820 3.2716e+01      3.139 0.0000e+00
        351 303.541568    0.02431     1.4583     87.500  1023.9556  48818.506    30.5575      3.095    6.97644     6.8530     6.8438    23.9412   12.54619 3.3010e+01      3.125 0.0000e+00
        352 303.541571    0.02438     1.4625     87.750  1023.9536  48814.956    30.5560      3.074    6.97560     6.8554     6.8494    23.9393   12.54482 3.3469e+01      3.104 0.0000e+00
        353 303.541574    0.02444     1.4667     88.000  1023.9520  48812.045    30.5547      3.048    6.97504     6.8569     6.8532    23.9378   12.54392 3.3923e+01      3.077 0.0000e+00
        354 303.541577    0.02451     1.4708     88.250  1023.9508  48810.067    30.5538      3.018    6.97469     6.8578     6.8556    23.9368   12.54335 3.4298e+01      3.046 0.0000e+00
        355 303.541580    0.02458     1.4750     88.500  1023.9501  48809.040    30.5533      2.989    6.97447     6.8584     6.8571    23.9362   12.54299 3.4574e+01      3.017 0.0000e+00
        356 303.541583    0.02465     1.4792     88.750  1023.9498  48808.684    30.5532      2.966    6.97434     6.8588     6.8580    23.9361   12.54276 3.4734e+01      2.994 0.0000e+00
        357 303.541586    0.02472     1.4833     89.000  1023.9498  48808.631    30.5533      2.953    6.97424     6.8592     6.8586    23.9360   12.54260 3.4809e+01      2.981 0.0000e+00
        358 303.541589    0.02479     1.4875     89.250  1023.9498  48808.729    30.5534      2.953    6.97416     6.8596     6.8591    23.9361   12.54247 3.4803e+01      2.980 0.0000e+00
        359 303.541591    0.02486     1.4917     89.500  1023.9499  48808.806    30.5535      2.965    6.97408     6.8600     6.8595    23.9361   12.54234 3.4675e+01      2.992 0.0000e+00
        360 303.541594    0.02493     1.4958     89.750  1023.9500  48808.710    30.5535      2.986    6.97401     6.8604     6.8599    23.9360   12.54223 3.4388e+01      3.014 0.0000e+00
        361 303.541597    0.02500     1.5000     90.000  1023.9500  48808.548    30.5535      3.013    6.97395     6.8607     6.8603    23.9359   12.54213 3.3954e+01      3.041 0.0000e+00
        362 303.541600    0.02507     1.5042     90.250  1023.9501  48808.454    30.5534      3.041    6.97390     6.8609     6.8606    23.9359   12.54204 3.3470e+01      3.070 0.0000e+00
        363 303.541603    0.02514     1.5083     90.500  1023.9502  48808.412    30.5535      3.068    6.97385     6.8611     6.8609    23.9359   12.54196 3.3070e+01      3.097 0.0000e+00
        364 303.541606    0.02521     1.5125     90.750  1023.9502  48808.370    30.5535      3.089    6.97381     6.8612     6.8612    23.9359   12.54190 3.2827e+01      3.118 0.0000e+00
        365 303.541609    0.02528     1.5167     91.000  1023.9502  48808.306    30.5534      3.101    6.97378     6.8613     6.8614    23.9358   12.54184 3.2790e+01      3.131 0.0000e+00
        366 303.541612    0.02535     1.5208     91.250  1023.9502  48808.150    30.5534      3.105    6.97376     6.8613     6.8615    23.9357   12.54181 3.2953e+01      3.134 0.0000e+00
        367 303.541615    0.02542     1.5250     91.500  1023.9500  48807.899    30.5532      3.097    6.97376     6.8612     6.8616    23.9356   12.54181 3.3201e+01      3.127 0.0000e+00
        368 303.541617    0.02549     1.5292     91.750  1023.9498  48807.697    30.5531      3.079    6.97376     6.8610     6.8616    23.9355   12.54182 3.3420e+01      3.108 0.0000e+00
        369 303.541620    0.02556     1.5333     92.000  1023.9497  48807.640    30.5530      3.052    6.97378     6.8608     6.8615    23.9355   12.54185 3.3575e+01      3.081 0.0000e+00
        370 303.541623    0.02562     1.5375     92.250  1023.9496  48807.769    30.5531      3.019    6.97381     6.8607     6.8613    23.9356   12.54189 3.3693e+01      3.048 0.0000e+00
        371 303.541626    0.02569     1.5417     92.500  1023.9496  48808.026    30.5533      2.988    6.97384     6.8606     6.8611    23.9357   12.54193 3.3876e+01      3.015 0.0000e+00
        372 303.541629    0.02576     1.5458     92.750  1023.9496  48808.287    30.5534      2.963    6.97385     6.8607     6.8609    23.9358   12.54196 3.4245e+01      2.991 0.0000e+00
        373 303.541632    0.02583     1.5500     93.000  1023.9497  48808.518    30.5536      2.952    6.97385     6.8608     6.8609    23.9360   12.54196 3.4790e+01      2.980 0.0000e+00
        374 303.541635    0.02590     1.5542     93.250  1023.9498  48808.703    30.5537      2.959    6.97384     6.8610     6.8610    23.9361   12.54194 3.5313e+01      2.987 0.0000e+00
        375 303.541638    0.02597     1.5583     93.500  1023.9500  48808.797    30.5538      2.984    6.97382     6.8611     6.8611    23.9361   12.54190 3.5601e+01      3.012 0.0000e+00
        376 303.541641    0.02604     1.5625     93.750  1023.9501  48808.751    30.5538      3.023    6.97379     6.8613     6.8612    23.9361   12.54186 3.5596e+01      3.051 0.0000e+00
        377 303.541644    0.02611     1.5667     94.000  1023.9503  48808.606    30.5537      3.070    6.97377     6.8614     6.8613    23.9360   12.54182 3.5367e+01      3.099 0.0000e+00
        378 303.541646    0.02618     1.5708     94.250  1023.9504  48808.498    30.5536      3.117    6.97375     6.8615     6.8615    23.9359   12.54178 3.5013e+01      3.146 0.0000e+00
        379 303.541649    0.02625     1.5750     94.500  1023.9505  48808.495    30.5536      3.154    6.97373     6.8616     6.8617    23.9358   12.54175 3.4657e+01      3.183 0.0000e+00
        380 303.541652    0.02632     1.5792     94.750  1023.9507  48808.542    30.5537      3.174    6.97371     6.8616     6.8618    23.9359   12.54172 3.4451e+01      3.204 0.0000e+00
        381 303.541655    0.02639     1.5833     95.000  1023.9507  48808.601    30.5537      3.174    6.97369     6.8616     6.8618    23.9359   12.54169 3.4492e+01      3.203 0.0000e+00
        382 303.541658    0.02646     1.5875     95.250  1023.9507  48808.710    30.5538      3.153    6.97368     6.8616     6.8619    23.9360   12.54168 3.4742e+01      3.182 0.0000e+00
        383 303.541661    0.02653     1.5917     95.500  1023.9506  48808.867    30.5539      3.117    6.97367     6.8617     6.8619    23.9361   12.54166 3.5062e+01      3.146 0.0000e+00
        384 303.541664    0.02660     1.5958     95.750  1023.9506  48809.067    30.5541      3.074    6.97366     6.8618     6.8619    23.9362   12.54164 3.5346e+01      3.103 0.0000e+00
        385 303.541667    0.02667     1.6000     96.000  1023.9505  48809.298    30.5542      3.037    6.97365     6.8619     6.8620    23.9364   12.54162 3.5567e+01      3.065 0.0000e+00
        386 303.541670    0.02674     1.6042     96.250  1023.9506  48809.550    30.5544      3.014    6.97363     6.8622     6.8620    23.9365   12.54158 3.5763e+01      3.043 0.0000e+00
        387 303.541672    0.02681     1.6083     96.500  1023.9507  48809.718    30.5546      3.013    6.97359     6.8624     6.8622    23.9366   12.54153 3.5982e+01      3.041 0.0000e+00
        388 303.541675    0.02688     1.6125     96.750  1023.9507  48809.709    30.5546      3.033    6.97355     6.8626     6.8624    23.9366   12.54146 3.6211e+01      3.062 0.0000e+00
        389 303.541678    0.02694     1.6167     97.000  1023.9508  48809.600    30.5546      3.073    6.97351     6.8628     6.8627    23.9365   12.54140 3.6413e+01      3.102 0.0000e+00
        390 303.541681    0.02701     1.6208     97.250  1023.9510  48809.453    30.5545      3.124    6.97348     6.8630     6.8629    23.9364   12.54134 3.6556e+01      3.154 0.0000e+00
        391 303.541684    0.02708     1.6250     97.500  1023.9511  48809.313    30.5544      3.178    6.97346     6.8631     6.8631    23.9363   12.54129 3.6601e+01      3.208 0.0000e+00
        392 303.541687    0.02715     1.6292     97.750  1023.9513  48809.259    30.5544      3.233    6.97344     6.8631     6.8632    23.9363   12.54126 3.6554e+01      3.264 0.0000e+00
        393 303.541690    0.02722     1.6333     98.000  1023.9516  48809.297    30.5544      3.295    6.97342     6.8632     6.8633    23.9363   12.54123 3.6457e+01      3.327 0.0000e+00
        394 303.541693    0.02729     1.6375     98.250  1023.9520  48809.340    30.5544      3.370    6.97341     6.8633     6.8634    23.9363   12.54121 3.6289e+01      3.402 0.0000e+00
        395 303.541696    0.02736     1.6417     98.500  1023.9524  48809.389    30.5544      3.461    6.97340     6.8633     6.8635    23.9363   12.54119 3.5974e+01      3.494 0.0000e+00
        396 303.541698    0.02743     1.6458     98.750  1023.9529  48809.460    30.5544      3.573    6.97338     6.8633     6.8636    23.9363   12.54117 3.5442e+01      3.607 0.0000e+00
        397 303.541701    0.02750     1.6500     99.000  1023.9535  48809.516    30.5544      3.707    6.97337     6.8633     6.8637    23.9362   12.54116 3.4632e+01      3.743 0.0000e+00
        398 303.541704    0.02757     1.6542     99.250  1023.9542  48809.603    30.5544      3.862    6.97336     6.8632     6.8637    23.9362   12.54115 3.3524e+01      3.898 0.0000e+00
        399 303.541707    0.02764     1.6583     99.500  1023.9550  48809.721    30.5544      4.032    6.97337     6.8631     6.8637    23.9362   12.54116 3.2193e+01      4.070 0.0000e+00
        400 303.541710    0.02771     1.6625     99.750  1023.9559  48809.852    30.5544      4.215    6.97338     6.8629     6.8636    23.9362   12.54117 3.0791e+01      4.255 0.0000e+00
        401 303.541713    0.02778     1.6667    100.000  1023.9569  48810.080    30.5544      4.408    6.97340     6.8627     6.8635    23.9363   12.54120 2.9473e+01      4.450 0.0000e+00
        402 303.541716    0.02785     1.6708    100.250  1023.9579  48810.439    30.5546      4.610    6.97341     6.8626     6.8633    23.9364   12.54123 2.8371e+01      4.653 0.0000e+00
        403 303.541719    0.02792     1.6750    100.500  1023.9591  48810.903    30.5548      4.818    6.97343     6.8625     6.8632    23.9366   12.54125 2.7592e+01      4.863 0.0000e+00
        404 303.541722    0.02799     1.6792    100.750  1023.9602  48811.363    30.5550      5.027    6.97344     6.8624     6.8631    23.9368   12.54127 2.7195e+01      5.074 0.0000e+00
        405 303.541725    0.02806     1.6833    101.000  1023.9613  48811.775    30.5552      5.234    6.97345     6.8625     6.8630    23.9370   12.54128 2.7193e+01      5.283 0.0000e+00
        406 303.541727    0.02813     1.6875    101.250  1023.9625  48812.264    30.5554      5.433    6.97344     6.8628     6.8630    23.9372   12.54126 2.7515e+01      5.484 0.0000e+00
        407 303.541730    0.02819     1.6917    101.500  1023.9635  48812.664    30.5556      5.617    6.97341     6.8631     6.8631    23.9373   12.54120 2.8025e+01      5.671 0.0000e+00
        408 303.541733    0.02826     1.6958    101.750  1023.9642  48812.636    30.5556      5.785    6.97337     6.8633     6.8633    23.9372   12.54114 2.8585e+01      5.840 0.0000e+00
        409 303.541736    0.02833     1.7000    102.000  1023.9647  48812.342    30.5553      5.938    6.97334     6.8635     6.8636    23.9370   12.54109 2.9017e+01      5.994 0.0000e+00
        410 303.541739    0.02840     1.7042    102.250  1023.9652  48812.259    30.5553      6.084    6.97330     6.8636     6.8638    23.9369   12.54103 2.9081e+01      6.141 0.0000e+00
        411 303.541742    0.02847     1.7083    102.500  1023.9660  48812.494    30.5554      6.231    6.97327     6.8638     6.8640    23.9370   12.54097 2.8583e+01      6.290 0.0000e+00
        412 303.541745    0.02854     1.7125    102.750  1023.9669  48812.786    30.5556      6.393    6.97323     6.8640     6.8642    23.9371   12.54091 2.7549e+01      6.453 0.0000e+00
        413 303.541748    0.02861     1.7167    103.000  1023.9677  48812.933    30.5556      6.578    6.97319     6.8642     6.8644    23.9372   12.54085 2.6243e+01      6.639 0.0000e+00
        414 303.541751    0.02868     1.7208    103.250  1023.9686  48812.920    30.5555      6.790    6.97316     6.8644     6.8646    23.9371   12.54079 2.4989e+01      6.853 0.0000e+00
        415 303.541753    0.02875     1.7250    103.500  1023.9696  48812.794    30.5554      7.028    6.97313     6.8645     6.8648    23.9369   12.54074 2.3983e+01      7.094 0.0000e+00
        416 303.541756    0.02882     1.7292    103.750  1023.9707  48812.658    30.5552      7.290    6.97311     6.8645     6.8650    23.9368   12.54071 2.3282e+01      7.359 0.0000e+00
        417 303.541759    0.02889     1.7333    104.000  1023.9719  48812.650    30.5551      7.569    6.97310     6.8646     6.8651    23.9366   12.54069 2.2855e+01      7.641 0.0000e+00
        418 303.541762    0.02896     1.7375    104.250  1023.9732  48812.803    30.5551      7.858    6.97309     6.8646     6.8652    23.9366   12.54068 2.2601e+01      7.932 0.0000e+00
        419 303.541765    0.02903     1.7417    104.500  1023.9746  48813.030    30.5551      8.148    6.97308     6.8646     6.8653    23.9366   12.54066 2.2390e+01      8.225 0.0000e+00
        420 303.541768    0.02910     1.7458    104.750  1023.9759  48813.198    30.5551      8.432    6.97307     6.8646     6.8653    23.9366   12.54065 2.2119e+01      8.511 0.0000e+00
        421 303.541771    0.02917     1.7500    105.000  1023.9771  48813.196    30.5550      8.707    6.97306     6.8646     6.8654    23.9365   12.54064 2.1698e+01      8.789 0.0000e+00
        422 303.541774    0.02924     1.7542    105.250  1023.9781  48813.065    30.5547      8.972    6.97307     6.8644     6.8654    23.9364   12.54065 2.1045e+01      9.056 0.0000e+00
        423 303.541777    0.02931     1.7583    105.500  1023.9792  48812.989    30.5546      9.227    6.97309     6.8643     6.8653    23.9362   12.54068 2.0120e+01      9.314 0.0000e+00
        424 303.541780    0.02937     1.7625    105.750  1023.9803  48813.086    30.5545      9.477    6.97311     6.8642     6.8652    23.9362   12.54071 1.8972e+01      9.566 0.0000e+00
        425 303.541782    0.02944     1.7667    106.000  1023.9815  48813.316    30.5545      9.724    6.97312     6.8641     6.8651    23.9362   12.54074 1.7720e+01      9.816 0.0000e+00
