CTD-processing/allCTD/CNV--homogene/2012_10-28_t6_s03_cast026.cnv
* Sea-Bird SBE19plus Data File:
* FileName = C:\Documents and Settings\kris.holderied.local\My Documents\2012-10-CookInlet-Ocean-LTM\2012-10-28-EVOSTC-CookInletOcean-Tran6-Douglas\2012-10-28-CookInletOcean-Tran6-cast026.hex
* Software Version 1.54
* Temperature SN =  4141
* Conductivity SN =  4141
* System UpLoad Time = Oct 28 2012 19:54:49
** Cook Inlet EVOSTC Transect 6 Douglas line west to east
** Date:   28 Oct 2012
** Station:  6-03
** Start time (AKDT-24 hr):  1828
** Depth (m):  102
** Comment:
# nquan = 17
# nvalues = 760                         
# units = specified
# name 0 = scan: Scan Count
# name 1 = timeJ: Julian Days
# name 2 = timeH: Time, Elapsed [hours]
# name 3 = timeM: Time, Elapsed [minutes]
# name 4 = timeS: Time, Elapsed [seconds]
# name 5 = density00: Density [density, kg/m^3]
# name 6 = specc: Specific Conductance [uS/cm]
# name 7 = sal00: Salinity, Practical [PSU]
# name 8 = depSM: Depth [salt water, m], lat = 59.00
# name 9 = oxsolML/L: Oxygen Saturation, Garcia & Gordon [ml/l]
# name 10 = potemp090C: Potential Temperature [ITS-90, deg C]
# name 11 = tv290C: Temperature [ITS-90, deg C]
# name 12 = sigma-é00: Density [sigma-theta, kg/m^3]
# name 13 = n2satML/L: Nitrogen Saturation [ml/l]
# name 14 = par: PAR/Irradiance, Biospherical/Licor
# name 15 = prdM: Pressure, Strain Gauge [db]
# name 16 = flag:  0.000e+00
# span 0 =          1,        760       
# span 1 = 302.769792, 302.771988       
# span 2 =    0.00000,    0.05271       
# span 3 =     0.0000,     3.1625       
# span 4 =      0.000,    189.750       
# span 5 =  1000.1082,  1024.8113       
# span 6 =    388.728,  49793.018       
# span 7 =     0.1828,    31.4003       
# span 8 =     -0.061,     80.297       
# span 9 =    6.74729,    8.86272       
# span 10 =     5.1608,     8.1511      
# span 11 =     5.1608,     8.1565      
# span 12 =     0.1084,    24.4406      
# span 13 =   12.15662,   16.12902      
# span 14 = 3.6382e-02, 1.2661e+01      
# span 15 =     -0.062,     81.071      
# span 16 = 0.0000e+00, 0.0000e+00      
# interval = seconds: 0.25
# start_time = Oct 28 2012 18:28:30 [Instrument's time stamp, header]
# bad_flag = -9.990e-29
*END*
[from data line 426]
        427 302.771024    0.02958     1.7750    106.500  1023.6457  48250.365    30.3077      3.735    6.84685     7.7410     7.7294    23.6284   12.33491 1.1354e+00      3.770 0.0000e+00
        428 302.771027    0.02965     1.7792    106.750  1023.6601  48275.253    30.3257      3.928    6.84531     7.7526     7.7341    23.6419   12.33214 1.1025e+00      3.965 0.0000e+00
        429 302.771030    0.02972     1.7833    107.000  1023.6833  48316.331    30.3552      4.133    6.84285     7.7695     7.7414    23.6641   12.32770 1.0705e+00      4.172 0.0000e+00
        430 302.771033    0.02979     1.7875    107.250  1023.7149  48372.967    30.3963      4.348    6.83921     7.7910     7.7530    23.6947   12.32116 1.0408e+00      4.389 0.0000e+00
        431 302.771036    0.02986     1.7917    107.500  1023.7465  48429.517    30.4382      4.570    6.83469     7.8139     7.7700    23.7253   12.31316 1.0144e+00      4.613 0.0000e+00
        432 302.771039    0.02993     1.7958    107.750  1023.7693  48470.145    30.4697      4.796    6.82995     7.8354     7.7914    23.7470   12.30492 9.9112e-01      4.842 0.0000e+00
        433 302.771042    0.03000     1.8000    108.000  1023.7833  48494.814    30.4903      5.024    6.82546     7.8543     7.8143    23.7600   12.29724 9.6990e-01      5.071 0.0000e+00
        434 302.771045    0.03007     1.8042    108.250  1023.7932  48511.688    30.5052      5.250    6.82144     7.8712     7.8358    23.7688   12.29040 9.5009e-01      5.299 0.0000e+00
        435 302.771047    0.03014     1.8083    108.500  1023.8042  48530.826    30.5214      5.471    6.81778     7.8873     7.8548    23.7789   12.28413 9.3206e-01      5.523 0.0000e+00
        436 302.771050    0.03021     1.8125    108.750  1023.8200  48558.546    30.5432      5.686    6.81418     7.9035     7.8717    23.7937   12.27792 9.1581e-01      5.740 0.0000e+00
        437 302.771053    0.03028     1.8167    109.000  1023.8379  48590.208    30.5676      5.894    6.81059     7.9193     7.8879    23.8106   12.27166 9.0061e-01      5.949 0.0000e+00
        438 302.771056    0.03035     1.8208    109.250  1023.8526  48616.168    30.5881      6.092    6.80716     7.9336     7.9042    23.8244   12.26573 8.8609e-01      6.149 0.0000e+00
        439 302.771059    0.03042     1.8250    109.500  1023.8619  48632.264    30.6017      6.282    6.80410     7.9456     7.9200    23.8329   12.26051 8.7214e-01      6.341 0.0000e+00
        440 302.771062    0.03049     1.8292    109.750  1023.8670  48640.511    30.6096      6.467    6.80154     7.9550     7.9343    23.8371   12.25617 8.5818e-01      6.528 0.0000e+00
        441 302.771065    0.03056     1.8333    110.000  1023.8692  48643.505    30.6134      6.653    6.79951     7.9620     7.9463    23.8384   12.25276 8.4371e-01      6.715 0.0000e+00
        442 302.771068    0.03062     1.8375    110.250  1023.8695  48642.916    30.6144      6.844    6.79801     7.9669     7.9557    23.8379   12.25026 8.2916e-01      6.908 0.0000e+00
        443 302.771071    0.03069     1.8417    110.500  1023.8690  48640.696    30.6138      7.046    6.79695     7.9703     7.9627    23.8365   12.24852 8.1482e-01      7.112 0.0000e+00
        444 302.771073    0.03076     1.8458    110.750  1023.8691  48639.206    30.6134      7.262    6.79621     7.9728     7.9676    23.8355   12.24729 8.0003e-01      7.331 0.0000e+00
        445 302.771076    0.03083     1.8500    111.000  1023.8705  48640.043    30.6144      7.496    6.79564     7.9750     7.9710    23.8358   12.24634 7.8461e-01      7.567 0.0000e+00
        446 302.771079    0.03090     1.8542    111.250  1023.8732  48643.243    30.6169      7.748    6.79513     7.9772     7.9736    23.8374   12.24547 7.6944e-01      7.821 0.0000e+00
        447 302.771082    0.03097     1.8583    111.500  1023.8767  48647.509    30.6201      8.017    6.79464     7.9794     7.9758    23.8396   12.24463 7.5541e-01      8.093 0.0000e+00
        448 302.771085    0.03104     1.8625    111.750  1023.8799  48651.337    30.6230      8.299    6.79417     7.9815     7.9780    23.8416   12.24381 7.4324e-01      8.377 0.0000e+00
        449 302.771088    0.03111     1.8667    112.000  1023.8828  48654.480    30.6254      8.587    6.79373     7.9835     7.9802    23.8431   12.24304 7.3352e-01      8.669 0.0000e+00
        450 302.771091    0.03118     1.8708    112.250  1023.8859  48657.893    30.6280      8.875    6.79329     7.9853     7.9823    23.8448   12.24228 7.2621e-01      8.959 0.0000e+00
        451 302.771094    0.03125     1.8750    112.500  1023.8887  48660.959    30.6303      9.153    6.79288     7.9868     7.9843    23.8464   12.24157 7.2116e-01      9.240 0.0000e+00
        452 302.771097    0.03132     1.8792    112.750  1023.8901  48661.400    30.6307      9.417    6.79257     7.9879     7.9862    23.8465   12.24105 7.1803e-01      9.507 0.0000e+00
        453 302.771100    0.03139     1.8833    113.000  1023.8906  48660.564    30.6303      9.662    6.79235     7.9888     7.9877    23.8459   12.24070 7.1554e-01      9.753 0.0000e+00
        454 302.771102    0.03146     1.8875    113.250  1023.8923  48661.875    30.6313      9.882    6.79214     7.9899     7.9888    23.8465   12.24034 7.1223e-01      9.976 0.0000e+00
        455 302.771105    0.03153     1.8917    113.500  1023.8945  48664.482    30.6331     10.078    6.79191     7.9909     7.9898    23.8479   12.23994 7.0713e-01     10.174 0.0000e+00
        456 302.771108    0.03160     1.8958    113.750  1023.8961  48666.007    30.6343     10.253    6.79170     7.9919     7.9908    23.8486   12.23957 6.9969e-01     10.350 0.0000e+00
        457 302.771111    0.03167     1.9000    114.000  1023.8974  48667.296    30.6353     10.413    6.79149     7.9930     7.9919    23.8493   12.23921 6.8991e-01     10.511 0.0000e+00
        458 302.771114    0.03174     1.9042    114.250  1023.8996  48670.067    30.6373     10.567    6.79125     7.9943     7.9929    23.8507   12.23879 6.7840e-01     10.666 0.0000e+00
        459 302.771117    0.03181     1.9083    114.500  1023.9025  48674.145    30.6402     10.724    6.79095     7.9959     7.9940    23.8529   12.23826 6.6564e-01     10.826 0.0000e+00
        460 302.771120    0.03188     1.9125    114.750  1023.9053  48677.981    30.6430     10.895    6.79062     7.9975     7.9953    23.8549   12.23767 6.5191e-01     10.998 0.0000e+00
        461 302.771123    0.03194     1.9167    115.000  1023.9074  48680.333    30.6448     11.086    6.79029     7.9989     7.9969    23.8561   12.23711 6.3812e-01     11.191 0.0000e+00
        462 302.771126    0.03201     1.9208    115.250  1023.9087  48681.180    30.6456     11.301    6.79001     7.9999     7.9985    23.8564   12.23663 6.2510e-01     11.407 0.0000e+00
        463 302.771128    0.03208     1.9250    115.500  1023.9097  48681.159    30.6457     11.540    6.78978     8.0006     7.9999    23.8563   12.23626 6.1254e-01     11.649 0.0000e+00
        464 302.771131    0.03215     1.9292    115.750  1023.9105  48680.663    30.6454     11.800    6.78963     8.0010     8.0010    23.8559   12.23601 5.9997e-01     11.912 0.0000e+00
        465 302.771134    0.03222     1.9333    116.000  1023.9112  48679.855    30.6448     12.075    6.78954     8.0012     8.0018    23.8554   12.23587 5.8730e-01     12.189 0.0000e+00
        466 302.771137    0.03229     1.9375    116.250  1023.9120  48679.149    30.6443     12.354    6.78950     8.0012     8.0022    23.8549   12.23581 5.7496e-01     12.471 0.0000e+00
        467 302.771140    0.03236     1.9417    116.500  1023.9130  48678.854    30.6440     12.627    6.78949     8.0012     8.0024    23.8546   12.23579 5.6361e-01     12.747 0.0000e+00
        468 302.771143    0.03243     1.9458    116.750  1023.9140  48678.666    30.6437     12.885    6.78949     8.0012     8.0024    23.8544   12.23580 5.5325e-01     13.007 0.0000e+00
        469 302.771146    0.03250     1.9500    117.000  1023.9148  48678.325    30.6434     13.121    6.78950     8.0012     8.0024    23.8542   12.23582 5.4391e-01     13.245 0.0000e+00
        470 302.771149    0.03257     1.9542    117.250  1023.9158  48678.323    30.6433     13.332    6.78950     8.0012     8.0024    23.8541   12.23583 5.3537e-01     13.459 0.0000e+00
        471 302.771152    0.03264     1.9583    117.500  1023.9170  48679.055    30.6437     13.522    6.78949     8.0014     8.0024    23.8544   12.23580 5.2693e-01     13.651 0.0000e+00
        472 302.771155    0.03271     1.9625    117.750  1023.9186  48680.639    30.6447     13.699    6.78943     8.0020     8.0024    23.8552   12.23570 5.1816e-01     13.829 0.0000e+00
        473 302.771157    0.03278     1.9667    118.000  1023.9208  48683.314    30.6466     13.872    6.78931     8.0030     8.0027    23.8566   12.23548 5.0896e-01     14.004 0.0000e+00
        474 302.771160    0.03285     1.9708    118.250  1023.9236  48686.987    30.6491     14.052    6.78911     8.0046     8.0033    23.8586   12.23511 4.9912e-01     14.185 0.0000e+00
        475 302.771163    0.03292     1.9750    118.500  1023.9270  48691.821    30.6526     14.250    6.78880     8.0069     8.0043    23.8611   12.23455 4.8836e-01     14.385 0.0000e+00
        476 302.771166    0.03299     1.9792    118.750  1023.9316  48698.441    30.6573     14.475    6.78834     8.0099     8.0060    23.8647   12.23373 4.7656e-01     14.612 0.0000e+00
        477 302.771169    0.03306     1.9833    119.000  1023.9364  48705.205    30.6623     14.734    6.78776     8.0131     8.0083    23.8682   12.23271 4.6403e-01     14.873 0.0000e+00
        478 302.771172    0.03313     1.9875    119.250  1023.9396  48708.965    30.6652     15.026    6.78716     8.0158     8.0113    23.8701   12.23168 4.5110e-01     15.169 0.0000e+00
        479 302.771175    0.03319     1.9917    119.500  1023.9413  48709.675    30.6661     15.347    6.78664     8.0180     8.0145    23.8703   12.23080 4.3755e-01     15.493 0.0000e+00
        480 302.771178    0.03326     1.9958    119.750  1023.9426  48709.379    30.6661     15.687    6.78620     8.0197     8.0173    23.8700   12.23009 4.2377e-01     15.836 0.0000e+00
        481 302.771181    0.03333     2.0000    120.000  1023.9439  48709.139    30.6662     16.033    6.78586     8.0211     8.0195    23.8697   12.22952 4.1074e-01     16.185 0.0000e+00
        482 302.771183    0.03340     2.0042    120.250  1023.9453  48709.260    30.6664     16.371    6.78558     8.0222     8.0212    23.8696   12.22906 3.9880e-01     16.526 0.0000e+00
        483 302.771186    0.03347     2.0083    120.500  1023.9469  48709.787    30.6668     16.683    6.78535     8.0233     8.0226    23.8698   12.22866 3.8806e-01     16.841 0.0000e+00
        484 302.771189    0.03354     2.0125    120.750  1023.9485  48710.586    30.6674     16.957    6.78514     8.0243     8.0238    23.8701   12.22831 3.7877e-01     17.118 0.0000e+00
        485 302.771192    0.03361     2.0167    121.000  1023.9500  48711.651    30.6682     17.187    6.78494     8.0252     8.0249    23.8706   12.22796 3.7115e-01     17.349 0.0000e+00
        486 302.771195    0.03368     2.0208    121.250  1023.9514  48712.797    30.6691     17.373    6.78475     8.0260     8.0259    23.8711   12.22763 3.6507e-01     17.537 0.0000e+00
        487 302.771198    0.03375     2.0250    121.500  1023.9524  48713.484    30.6697     17.523    6.78458     8.0267     8.0268    23.8714   12.22735 3.6007e-01     17.689 0.0000e+00
        488 302.771201    0.03382     2.0292    121.750  1023.9530  48713.500    30.6697     17.650    6.78444     8.0270     8.0277    23.8714   12.22713 3.5553e-01     17.818 0.0000e+00
        489 302.771204    0.03389     2.0333    122.000  1023.9534  48713.278    30.6696     17.772    6.78435     8.0273     8.0283    23.8712   12.22697 3.5077e-01     17.941 0.0000e+00
        490 302.771207    0.03396     2.0375    122.250  1023.9543  48713.960    30.6701     17.907    6.78427     8.0278     8.0287    23.8715   12.22683 3.4532e-01     18.077 0.0000e+00
        491 302.771209    0.03403     2.0417    122.500  1023.9563  48716.299    30.6717     18.070    6.78415     8.0285     8.0291    23.8727   12.22661 3.3882e-01     18.242 0.0000e+00
        492 302.771212    0.03410     2.0458    122.750  1023.9589  48719.485    30.6739     18.270    6.78398     8.0295     8.0296    23.8744   12.22630 3.3128e-01     18.444 0.0000e+00
        493 302.771215    0.03417     2.0500    123.000  1023.9618  48722.894    30.6763     18.507    6.78376     8.0305     8.0303    23.8762   12.22591 3.2282e-01     18.683 0.0000e+00
        494 302.771218    0.03424     2.0542    123.250  1023.9653  48727.323    30.6794     18.776    6.78348     8.0318     8.0312    23.8785   12.22540 3.1355e-01     18.954 0.0000e+00
        495 302.771221    0.03431     2.0583    123.500  1023.9697  48733.093    30.6835     19.066    6.78313     8.0331     8.0323    23.8815   12.22478 3.0389e-01     19.247 0.0000e+00
        496 302.771224    0.03438     2.0625    123.750  1023.9741  48738.818    30.6876     19.367    6.78275     8.0345     8.0336    23.8845   12.22410 2.9438e-01     19.550 0.0000e+00
        497 302.771227    0.03444     2.0667    124.000  1023.9776  48743.021    30.6906     19.664    6.78240     8.0357     8.0350    23.8867   12.22349 2.8509e-01     19.851 0.0000e+00
        498 302.771230    0.03451     2.0708    124.250  1023.9803  48745.661    30.6925     19.949    6.78210     8.0367     8.0364    23.8880   12.22297 2.7613e-01     20.138 0.0000e+00
        499 302.771233    0.03458     2.0750    124.500  1023.9823  48747.311    30.6937     20.214    6.78186     8.0374     8.0376    23.8888   12.22255 2.6806e-01     20.406 0.0000e+00
        500 302.771236    0.03465     2.0792    124.750  1023.9838  48748.334    30.6945     20.458    6.78167     8.0380     8.0386    23.8892   12.22223 2.6111e-01     20.652 0.0000e+00
        501 302.771238    0.03472     2.0833    125.000  1023.9851  48748.983    30.6949     20.681    6.78153     8.0385     8.0394    23.8895   12.22198 2.5512e-01     20.877 0.0000e+00
        502 302.771241    0.03479     2.0875    125.250  1023.9862  48749.395    30.6952     20.887    6.78142     8.0388     8.0400    23.8896   12.22180 2.4989e-01     21.085 0.0000e+00
        503 302.771244    0.03486     2.0917    125.500  1023.9873  48749.771    30.6955     21.083    6.78134     8.0390     8.0405    23.8898   12.22166 2.4502e-01     21.283 0.0000e+00
        504 302.771247    0.03493     2.0958    125.750  1023.9884  48750.323    30.6958     21.280    6.78127     8.0392     8.0408    23.8900   12.22155 2.4019e-01     21.482 0.0000e+00
        505 302.771250    0.03500     2.1000    126.000  1023.9897  48751.092    30.6963     21.486    6.78121     8.0394     8.0410    23.8904   12.22144 2.3525e-01     21.690 0.0000e+00
        506 302.771253    0.03507     2.1042    126.250  1023.9912  48752.038    30.6969     21.710    6.78115     8.0397     8.0413    23.8908   12.22133 2.3003e-01     21.916 0.0000e+00
        507 302.771256    0.03514     2.1083    126.500  1023.9928  48753.066    30.6975     21.955    6.78108     8.0399     8.0415    23.8913   12.22122 2.2447e-01     22.163 0.0000e+00
        508 302.771259    0.03521     2.1125    126.750  1023.9945  48754.162    30.6982     22.224    6.78102     8.0401     8.0418    23.8918   12.22110 2.1841e-01     22.434 0.0000e+00
        509 302.771262    0.03528     2.1167    127.000  1023.9963  48755.204    30.6988     22.511    6.78095     8.0403     8.0420    23.8922   12.22098 2.1199e-01     22.724 0.0000e+00
        510 302.771264    0.03535     2.1208    127.250  1023.9981  48756.111    30.6994     22.810    6.78088     8.0406     8.0423    23.8926   12.22087 2.0578e-01     23.026 0.0000e+00
