CTD-processing/allCTD/CNV--homogene/2012_10-28_t6_s24_cast005.cnv
* Sea-Bird SBE19plus Data File:
* FileName = C:\Documents and Settings\kris.holderied.local\My Documents\2012-10-CookInlet-Ocean-LTM\2012-10-28-EVOSTC-CookInletOcean-Tran6-Douglas\2012-10-28-CookInletOcean-Tran6-cast005.hex
* Software Version 1.54
* Temperature SN =  4141
* Conductivity SN =  4141
* System UpLoad Time = Oct 28 2012 19:29:14
** Cook Inlet EVOSTC Transect 6 Douglas line west to east
** Date:   28 Oct 2012
** Station:  6-24
** Start time (AKDT-24 hr):  0942
** Depth (m):  171
** Comment:
# nquan = 17
# nvalues = 978                         
# units = specified
# name 0 = scan: Scan Count
# name 1 = timeJ: Julian Days
# name 2 = timeH: Time, Elapsed [hours]
# name 3 = timeM: Time, Elapsed [minutes]
# name 4 = timeS: Time, Elapsed [seconds]
# name 5 = density00: Density [density, kg/m^3]
# name 6 = specc: Specific Conductance [uS/cm]
# name 7 = sal00: Salinity, Practical [PSU]
# name 8 = depSM: Depth [salt water, m], lat = 59.00
# name 9 = oxsolML/L: Oxygen Saturation, Garcia & Gordon [ml/l]
# name 10 = potemp090C: Potential Temperature [ITS-90, deg C]
# name 11 = tv290C: Temperature [ITS-90, deg C]
# name 12 = sigma-é00: Density [sigma-theta, kg/m^3]
# name 13 = n2satML/L: Nitrogen Saturation [ml/l]
# name 14 = par: PAR/Irradiance, Biospherical/Licor
# name 15 = prdM: Pressure, Strain Gauge [db]
# name 16 = flag:  0.000e+00
# span 0 =          1,        978       
# span 1 = 302.404502, 302.407329       
# span 2 =    0.00000,    0.06785       
# span 3 =     0.0000,     4.0708       
# span 4 =      0.000,    244.250       
# span 5 =  1000.3376,  1025.5320       
# span 6 =    957.596,  50859.369       
# span 7 =     0.4541,    32.1008       
# span 8 =     -0.032,    111.315       
# span 9 =    6.70134,    9.32935       
# span 10 =     3.1801,     8.3267      
# span 11 =     3.1764,     8.3332      
# span 12 =     0.3377,    25.0183      
# span 13 =   12.07922,   16.90685      
# span 14 = 3.6382e-02, 8.4619e+01      
# span 15 =     -0.032,    112.396      
# span 16 = 0.0000e+00, 0.0000e+00      
# interval = seconds: 0.25
# start_time = Oct 28 2012 09:42:29 [Instrument's time stamp, header]
# bad_flag = -9.990e-29
*END*
[from data line 341]
        342 302.405489    0.02368     1.4208     85.250  1023.1026  47262.315    29.4909      1.341    7.01830     6.8998     6.8886    23.0963   12.62896 1.7600e+01      1.353 0.0000e+00
        343 302.405492    0.02375     1.4250     85.500  1023.0782  47217.264    29.4611      1.328    7.01851     6.9010     6.8957    23.0720   12.62969 1.7219e+01      1.340 0.0000e+00
        344 302.405495    0.02382     1.4292     85.750  1023.0612  47186.126    29.4403      1.304    7.01878     6.9000     6.8999    23.0551   12.63041 1.7235e+01      1.316 0.0000e+00
        345 302.405498    0.02389     1.4333     86.000  1023.0562  47177.172    29.4343      1.276    7.01887     6.8985     6.9010    23.0502   12.63063 1.7665e+01      1.287 0.0000e+00
        346 302.405501    0.02396     1.4375     86.250  1023.0649  47193.491    29.4454      1.249    7.01852     6.8977     6.9000    23.0591   12.62990 1.8357e+01      1.261 0.0000e+00
        347 302.405503    0.02403     1.4417     86.500  1023.0848  47230.314    29.4706      1.231    7.01761     6.8991     6.8985    23.0791   12.62808 1.8928e+01      1.243 0.0000e+00
        348 302.405506    0.02410     1.4458     86.750  1023.1093  47275.550    29.5016      1.227    7.01630     6.9037     6.8977    23.1036   12.62552 1.9114e+01      1.238 0.0000e+00
        349 302.405509    0.02417     1.4500     87.000  1023.1311  47315.798    29.5296      1.237    7.01478     6.9107     6.8991    23.1254   12.62264 1.9311e+01      1.248 0.0000e+00
        350 302.405512    0.02424     1.4542     87.250  1023.1456  47342.239    29.5486      1.260    7.01316     6.9184     6.9037    23.1397   12.61972 1.9625e+01      1.271 0.0000e+00
        351 302.405515    0.02431     1.4583     87.500  1023.1511  47351.965    29.5564      1.291    7.01165     6.9253     6.9107    23.1450   12.61713 1.9683e+01      1.303 0.0000e+00
        352 302.405518    0.02438     1.4625     87.750  1023.1479  47345.857    29.5534      1.323    7.01053     6.9302     6.9185    23.1417   12.61531 1.9371e+01      1.336 0.0000e+00
        353 302.405521    0.02444     1.4667     88.000  1023.1371  47325.671    29.5406      1.351    7.01000     6.9328     6.9254    23.1308   12.61460 1.8791e+01      1.364 0.0000e+00
        354 302.405524    0.02451     1.4708     88.250  1023.1191  47292.278    29.5184      1.369    7.01022     6.9329     6.9303    23.1127   12.61525 1.8268e+01      1.382 0.0000e+00
        355 302.405527    0.02458     1.4750     88.500  1023.0957  47249.066    29.4890      1.373    7.01116     6.9304     6.9329    23.0893   12.61717 1.8226e+01      1.386 0.0000e+00
        356 302.405530    0.02465     1.4792     88.750  1023.0717  47204.814    29.4585      1.364    7.01255     6.9248     6.9330    23.0653   12.61986 1.8663e+01      1.377 0.0000e+00
        357 302.405532    0.02472     1.4833     89.000  1023.0526  47169.752    29.4340      1.342    7.01409     6.9161     6.9305    23.0463   12.62272 1.9155e+01      1.355 0.0000e+00
        358 302.405535    0.02479     1.4875     89.250  1023.0435  47153.273    29.4217      1.312    7.01557     6.9060     6.9249    23.0374   12.62532 1.9329e+01      1.324 0.0000e+00
        359 302.405538    0.02486     1.4917     89.500  1023.0488  47163.316    29.4272      1.279    7.01673     6.8978     6.9162    23.0428   12.62717 1.9160e+01      1.291 0.0000e+00
        360 302.405541    0.02493     1.4958     89.750  1023.0695  47201.785    29.4521      1.250    7.01723     6.8946     6.9061    23.0636   12.62769 1.8843e+01      1.262 0.0000e+00
        361 302.405544    0.02500     1.5000     90.000  1023.1014  47260.832    29.4915      1.233    7.01675     6.8977     6.8979    23.0956   12.62640 1.8454e+01      1.244 0.0000e+00
        362 302.405547    0.02507     1.5042     90.250  1023.1367  47326.051    29.5359      1.230    7.01522     6.9072     6.8947    23.1309   12.62330 1.8126e+01      1.242 0.0000e+00
        363 302.405550    0.02514     1.5083     90.500  1023.1689  47385.308    29.5773      1.245    7.01280     6.9220     6.8978    23.1631   12.61876 1.8068e+01      1.257 0.0000e+00
        364 302.405553    0.02521     1.5125     90.750  1023.1956  47434.251    29.6126      1.274    7.00963     6.9401     6.9073    23.1897   12.61306 1.8091e+01      1.286 0.0000e+00
        365 302.405556    0.02528     1.5167     91.000  1023.2162  47471.777    29.6408      1.311    7.00592     6.9589     6.9221    23.2101   12.60658 1.7934e+01      1.323 0.0000e+00
        366 302.405558    0.02535     1.5208     91.250  1023.2281  47493.300    29.6586      1.346    7.00216     6.9754     6.9402    23.2218   12.60012 1.7601e+01      1.358 0.0000e+00
        367 302.405561    0.02542     1.5250     91.500  1023.2299  47496.374    29.6638      1.370    6.99886     6.9877     6.9590    23.2235   12.59460 1.7128e+01      1.383 0.0000e+00
        368 302.405564    0.02549     1.5292     91.750  1023.2247  47486.550    29.6597      1.379    6.99636     6.9955     6.9755    23.2182   12.59051 1.6814e+01      1.392 0.0000e+00
        369 302.405567    0.02556     1.5333     92.000  1023.2168  47472.095    29.6518      1.371    6.99472     6.9994     6.9879    23.2104   12.58790 1.6987e+01      1.384 0.0000e+00
        370 302.405570    0.02562     1.5375     92.250  1023.2095  47458.735    29.6439      1.348    6.99383     7.0005     6.9956    23.2032   12.58653 1.7579e+01      1.361 0.0000e+00
        371 302.405573    0.02569     1.5417     92.500  1023.2038  47448.525    29.6375      1.316    6.99350     7.0002     6.9995    23.1977   12.58606 1.8288e+01      1.328 0.0000e+00
        372 302.405576    0.02576     1.5458     92.750  1023.2005  47442.749    29.6337      1.282    6.99349     6.9999     7.0006    23.1945   12.58608 1.8847e+01      1.294 0.0000e+00
        373 302.405579    0.02583     1.5500     93.000  1023.2004  47442.709    29.6336      1.252    6.99353     7.0004     7.0003    23.1945   12.58616 1.9058e+01      1.264 0.0000e+00
        374 302.405582    0.02590     1.5542     93.250  1023.2032  47448.112    29.6373      1.234    6.99343     7.0021     7.0000    23.1975   12.58594 1.8915e+01      1.245 0.0000e+00
        375 302.405584    0.02597     1.5583     93.500  1023.2067  47454.506    29.6418      1.230    6.99313     7.0041     7.0005    23.2009   12.58539 1.8814e+01      1.241 0.0000e+00
        376 302.405587    0.02604     1.5625     93.750  1023.2073  47455.491    29.6428      1.240    6.99281     7.0058     7.0022    23.2015   12.58485 1.8931e+01      1.252 0.0000e+00
        377 302.405590    0.02611     1.5667     94.000  1023.2051  47451.350    29.6402      1.262    6.99259     7.0067     7.0042    23.1992   12.58452 1.8937e+01      1.274 0.0000e+00
        378 302.405593    0.02618     1.5708     94.250  1023.2025  47446.324    29.6370      1.289    6.99248     7.0071     7.0059    23.1965   12.58437 1.8497e+01      1.301 0.0000e+00
        379 302.405596    0.02625     1.5750     94.500  1023.2002  47441.797    29.6340      1.317    6.99245     7.0070     7.0069    23.1941   12.58437 1.7676e+01      1.329 0.0000e+00
        380 302.405599    0.02632     1.5792     94.750  1023.1982  47437.912    29.6314      1.339    6.99251     7.0066     7.0073    23.1919   12.58450 1.7007e+01      1.351 0.0000e+00
        381 302.405602    0.02639     1.5833     95.000  1023.1970  47435.506    29.6297      1.352    6.99261     7.0061     7.0072    23.1906   12.58468 1.6865e+01      1.364 0.0000e+00
        382 302.405605    0.02646     1.5875     95.250  1023.1967  47435.000    29.6293      1.355    6.99269     7.0058     7.0068    23.1903   12.58483 1.7223e+01      1.368 0.0000e+00
        383 302.405608    0.02653     1.5917     95.500  1023.1971  47435.914    29.6298      1.347    6.99274     7.0057     7.0063    23.1908   12.58490 1.7846e+01      1.360 0.0000e+00
        384 302.405611    0.02660     1.5958     95.750  1023.1979  47437.480    29.6309      1.329    6.99274     7.0059     7.0060    23.1917   12.58490 1.8424e+01      1.342 0.0000e+00
        385 302.405613    0.02667     1.6000     96.000  1023.1987  47439.180    29.6320      1.303    6.99270     7.0062     7.0059    23.1926   12.58482 1.8779e+01      1.316 0.0000e+00
        386 302.405616    0.02674     1.6042     96.250  1023.1996  47440.982    29.6333      1.275    6.99263     7.0068     7.0060    23.1936   12.58467 1.8796e+01      1.287 0.0000e+00
        387 302.405619    0.02681     1.6083     96.500  1023.2003  47442.560    29.6345      1.250    6.99252     7.0075     7.0064    23.1945   12.58447 1.8665e+01      1.262 0.0000e+00
        388 302.405622    0.02688     1.6125     96.750  1023.2005  47443.078    29.6350      1.237    6.99240     7.0082     7.0069    23.1948   12.58428 1.8950e+01      1.248 0.0000e+00
        389 302.405625    0.02694     1.6167     97.000  1023.2001  47442.333    29.6346      1.240    6.99231     7.0087     7.0076    23.1944   12.58413 1.9981e+01      1.252 0.0000e+00
        390 302.405628    0.02701     1.6208     97.250  1023.1996  47441.162    29.6338      1.262    6.99224     7.0091     7.0083    23.1937   12.58402 2.1318e+01      1.273 0.0000e+00
        391 302.405631    0.02708     1.6250     97.500  1023.1989  47439.741    29.6329      1.292    6.99220     7.0092     7.0088    23.1930   12.58396 2.2190e+01      1.304 0.0000e+00
        392 302.405634    0.02715     1.6292     97.750  1023.1979  47437.652    29.6315      1.322    6.99220     7.0091     7.0092    23.1918   12.58398 2.2195e+01      1.334 0.0000e+00
        393 302.405637    0.02722     1.6333     98.000  1023.1969  47435.583    29.6301      1.344    6.99224     7.0088     7.0093    23.1907   12.58406 2.1185e+01      1.356 0.0000e+00
        394 302.405639    0.02729     1.6375     98.250  1023.1961  47434.119    29.6291      1.352    6.99230     7.0082     7.0092    23.1898   12.58418 1.9638e+01      1.365 0.0000e+00
        395 302.405642    0.02736     1.6417     98.500  1023.1956  47433.208    29.6284      1.346    6.99239     7.0076     7.0089    23.1893   12.58433 1.8353e+01      1.359 0.0000e+00
        396 302.405645    0.02743     1.6458     98.750  1023.1955  47433.116    29.6283      1.329    6.99249     7.0070     7.0083    23.1893   12.58449 1.7563e+01      1.342 0.0000e+00
        397 302.405648    0.02750     1.6500     99.000  1023.1958  47433.806    29.6286      1.308    6.99257     7.0067     7.0077    23.1897   12.58463 1.7376e+01      1.320 0.0000e+00
        398 302.405651    0.02757     1.6542     99.250  1023.1963  47434.832    29.6293      1.287    6.99263     7.0068     7.0071    23.1903   12.58472 1.7931e+01      1.299 0.0000e+00
        399 302.405654    0.02764     1.6583     99.500  1023.1969  47436.170    29.6302      1.270    6.99263     7.0073     7.0069    23.1910   12.58472 1.9073e+01      1.282 0.0000e+00
        400 302.405657    0.02771     1.6625     99.750  1023.1982  47438.634    29.6319      1.258    6.99254     7.0082     7.0069    23.1923   12.58455 2.0166e+01      1.270 0.0000e+00
        401 302.405660    0.02778     1.6667    100.000  1023.2009  47443.652    29.6354      1.252    6.99231     7.0100     7.0074    23.1951   12.58412 2.0313e+01      1.263 0.0000e+00
        402 302.405663    0.02785     1.6708    100.250  1023.2059  47452.868    29.6419      1.251    6.99186     7.0131     7.0083    23.2001   12.58329 1.9355e+01      1.263 0.0000e+00
        403 302.405666    0.02792     1.6750    100.500  1023.2146  47468.824    29.6532      1.257    6.99106     7.0185     7.0101    23.2087   12.58182 1.8074e+01      1.269 0.0000e+00
        404 302.405668    0.02799     1.6792    100.750  1023.2293  47495.827    29.6724      1.271    6.98967     7.0267     7.0132    23.2234   12.57928 1.7285e+01      1.283 0.0000e+00
        405 302.405671    0.02806     1.6833    101.000  1023.2496  47532.940    29.6988      1.292    6.98758     7.0370     7.0186    23.2435   12.57549 1.7120e+01      1.304 0.0000e+00
        406 302.405674    0.02813     1.6875    101.250  1023.2687  47567.936    29.7243      1.317    6.98508     7.0476     7.0268    23.2625   12.57103 1.7155e+01      1.330 0.0000e+00
        407 302.405677    0.02819     1.6917    101.500  1023.2801  47588.780    29.7404      1.341    6.98266     7.0563     7.0372    23.2738   12.56682 1.7033e+01      1.354 0.0000e+00
        408 302.405680    0.02826     1.6958    101.750  1023.2828  47593.611    29.7455      1.357    6.98072     7.0618     7.0478    23.2765   12.56355 1.6728e+01      1.370 0.0000e+00
        409 302.405683    0.02833     1.7000    102.000  1023.2789  47586.433    29.7419      1.359    6.97948     7.0637     7.0564    23.2726   12.56154 1.6458e+01      1.372 0.0000e+00
        410 302.405686    0.02840     1.7042    102.250  1023.2702  47570.370    29.7317      1.344    6.97906     7.0619     7.0619    23.2639   12.56097 1.6561e+01      1.357 0.0000e+00
        411 302.405689    0.02847     1.7083    102.500  1023.2566  47545.705    29.7150      1.313    6.97952     7.0567     7.0638    23.2505   12.56194 1.7149e+01      1.325 0.0000e+00
        412 302.405692    0.02854     1.7125    102.750  1023.2397  47514.926    29.6935      1.272    6.98080     7.0491     7.0620    23.2338   12.56433 1.7921e+01      1.284 0.0000e+00
        413 302.405694    0.02861     1.7167    103.000  1023.2236  47485.527    29.6724      1.229    6.98261     7.0406     7.0568    23.2178   12.56760 1.8409e+01      1.241 0.0000e+00
        414 302.405697    0.02868     1.7208    103.250  1023.2120  47464.396    29.6565      1.194    6.98458     7.0328     7.0492    23.2064   12.57105 1.8546e+01      1.206 0.0000e+00
        415 302.405700    0.02875     1.7250    103.500  1023.2060  47453.477    29.6476      1.177    6.98636     7.0264     7.0407    23.2004   12.57411 1.8757e+01      1.188 0.0000e+00
        416 302.405703    0.02882     1.7292    103.750  1023.2034  47448.796    29.6431      1.184    6.98782     7.0212     7.0329    23.1979   12.57660 1.9210e+01      1.195 0.0000e+00
        417 302.405706    0.02889     1.7333    104.000  1023.2011  47444.181    29.6389      1.219    6.98905     7.0171     7.0265    23.1954   12.57867 1.9900e+01      1.230 0.0000e+00
        418 302.405709    0.02896     1.7375    104.250  1023.1999  47441.660    29.6363      1.277    6.99000     7.0145     7.0214    23.1940   12.58028 2.0649e+01      1.289 0.0000e+00
        419 302.405712    0.02903     1.7417    104.500  1023.2037  47448.005    29.6400      1.345    6.99051     7.0138     7.0172    23.1974   12.58107 2.0879e+01      1.358 0.0000e+00
        420 302.405715    0.02910     1.7458    104.750  1023.2102  47459.483    29.6475      1.407    6.99058     7.0143     7.0146    23.2036   12.58110 2.0417e+01      1.420 0.0000e+00
        421 302.405718    0.02917     1.7500    105.000  1023.2144  47466.944    29.6525      1.448    6.99046     7.0149     7.0139    23.2077   12.58084 1.9661e+01      1.461 0.0000e+00
        422 302.405720    0.02924     1.7542    105.250  1023.2153  47468.573    29.6537      1.461    6.99033     7.0154     7.0144    23.2085   12.58061 1.8913e+01      1.474 0.0000e+00
        423 302.405723    0.02931     1.7583    105.500  1023.2162  47470.251    29.6550      1.450    6.99018     7.0168     7.0150    23.2094   12.58034 1.8130e+01      1.463 0.0000e+00
        424 302.405726    0.02937     1.7625    105.750  1023.2217  47480.515    29.6621      1.427    6.98976     7.0203     7.0155    23.2150   12.57956 1.7312e+01      1.441 0.0000e+00
        425 302.405729    0.02944     1.7667    106.000  1023.2339  47503.084    29.6779      1.414    6.98882     7.0274     7.0169    23.2273   12.57780 1.6522e+01      1.428 0.0000e+00
