CTD-processing/allCTD/CNV--homogene/2012_06-05b_t4_s04b_cast107.cnv
* Sea-Bird SBE19plus Data File:
* FileName = C:\Documents and Settings\glenn.seaman\My Documents\KHolderied-files\CTD-DATA-FILES\2012-CTD-KachemakBay\2012-06-05b-CTD-Tran4-Barabara-to-BluffPt\2012-06-05b-Tran4-Barabara-cast107.hex
* Software Version 1.59
* Temperature SN =  5028
* Conductivity SN =  5028
* System UpLoad Time = Jun 26 2012 23:49:26
** LTM-Transect4-BarabaraPt-to-BluffPt
** Date: 2012-06-05 High tide (2 of 2 lines)
** Station: 4-04b
** Start time (AKDT-24hr): 1608
** Depth (ft): 302
** Zooplankton vertical tow with bongo net to 50 meters.  Phytoplankton surface water grab, filtered 10 liters.  Winds/waves increasing.  2-3 ft seas with whitecaps.
# nquan = 17
# nvalues = 648                         
# units = specified
# name 0 = scan: Scan Count
# name 1 = timeJ: Julian Days
# name 2 = timeH: Time, Elapsed [hours]
# name 3 = timeM: Time, Elapsed [minutes]
# name 4 = timeS: Time, Elapsed [seconds]
# name 5 = density00: Density [density, kg/m^3]
# name 6 = specc: Specific Conductance [uS/cm]
# name 7 = sal00: Salinity, Practical [PSU]
# name 8 = depSM: Depth [salt water, m], lat = 59.00
# name 9 = oxsolML/L: Oxygen Saturation, Garcia & Gordon [ml/l]
# name 10 = potemp090C: Potential Temperature [ITS-90, deg C]
# name 11 = tv290C: Temperature [ITS-90, deg C]
# name 12 = sigma-é00: Density [sigma-theta, kg/m^3]
# name 13 = n2satML/L: Nitrogen Saturation [ml/l]
# name 14 = par: PAR/Irradiance, Biospherical/Licor [umol photons/m^2/sec]
# name 15 = prdM: Pressure, Strain Gauge [db]
# name 16 = flag:  0.000e+00
# span 0 =          1,        648       
# span 1 = 157.673102, 157.674974       
# span 2 =    0.00000,    0.04493       
# span 3 =     0.0000,     2.6958       
# span 4 =      0.000,    161.750       
# span 5 =  1000.1059,  1025.5090       
# span 6 =    527.856,  51114.447       
# span 7 =     0.2491,    31.7388       
# span 8 =     -0.058,     88.988       
# span 9 =    6.85182,    8.49649       
# span 10 =     4.9631,     7.3103      
# span 11 =     4.9693,     7.3104      
# span 12 =     0.1062,    25.0930      
# span 13 =   12.32626,   15.51210      
# span 14 = 4.3056e-02, 1.4974e+03      
# span 15 =     -0.059,     89.847      
# span 16 = 0.0000e+00, 0.0000e+00      
# interval = seconds: 0.25
# start_time = Jun 05 2012 16:09:16 [Instrument's time stamp, header]
# bad_flag = -9.990e-29
*END*
[from data line 426]
        427 157.674334    0.02958     1.7750    106.500  1025.0516  50710.753    31.6698     23.466    7.09086     5.7639     5.8337    24.9419   12.72123 9.1374e-01     23.688 0.0000e+00
        428 157.674337    0.02965     1.7792    106.750  1025.0607  50727.829    31.6747     23.737    7.09635     5.7335     5.7996    24.9498   12.73023 8.6019e-01     23.962 0.0000e+00
        429 157.674340    0.02972     1.7833    107.000  1025.0732  50751.060    31.6838     24.009    7.10158     5.7070     5.7658    24.9610   12.73875 8.1009e-01     24.237 0.0000e+00
        430 157.674343    0.02979     1.7875    107.250  1025.0846  50772.029    31.6921     24.293    7.10627     5.6837     5.7354    24.9710   12.74641 7.6132e-01     24.524 0.0000e+00
        431 157.674346    0.02986     1.7917    107.500  1025.0941  50788.997    31.6983     24.593    7.11042     5.6631     5.7090    24.9791   12.75318 7.1380e-01     24.826 0.0000e+00
        432 157.674349    0.02993     1.7958    107.750  1025.1026  50804.023    31.7038     24.902    7.11408     5.6452     5.6856    24.9862   12.75915 6.6859e-01     25.139 0.0000e+00
        433 157.674352    0.03000     1.8000    108.000  1025.1111  50818.783    31.7097     25.215    7.11726     5.6303     5.6650    24.9932   12.76434 6.2676e-01     25.455 0.0000e+00
        434 157.674355    0.03007     1.8042    108.250  1025.1195  50833.078    31.7158     25.522    7.11998     5.6183     5.6472    25.0001   12.76874 5.8895e-01     25.764 0.0000e+00
        435 157.674358    0.03014     1.8083    108.500  1025.1269  50845.519    31.7212     25.817    7.12222     5.6086     5.6323    25.0061   12.77237 5.5530e-01     26.062 0.0000e+00
        436 157.674361    0.03021     1.8125    108.750  1025.1328  50855.195    31.7253     26.102    7.12404     5.6006     5.6204    25.0108   12.77532 5.2520e-01     26.350 0.0000e+00
        437 157.674363    0.03028     1.8167    109.000  1025.1375  50862.269    31.7281     26.384    7.12553     5.5936     5.6107    25.0141   12.77776 4.9744e-01     26.635 0.0000e+00
        438 157.674366    0.03035     1.8208    109.250  1025.1411  50867.246    31.7298     26.671    7.12681     5.5872     5.6027    25.0163   12.77985 4.7080e-01     26.925 0.0000e+00
        439 157.674369    0.03042     1.8250    109.500  1025.1439  50870.675    31.7306     26.971    7.12794     5.5812     5.5957    25.0178   12.78171 4.4457e-01     27.227 0.0000e+00
        440 157.674372    0.03049     1.8292    109.750  1025.1464  50873.185    31.7309     27.286    7.12900     5.5754     5.5893    25.0188   12.78345 4.1877e-01     27.545 0.0000e+00
        441 157.674375    0.03056     1.8333    110.000  1025.1485  50875.153    31.7308     27.610    7.13001     5.5696     5.5833    25.0194   12.78512 3.9400e-01     27.873 0.0000e+00
        442 157.674378    0.03062     1.8375    110.250  1025.1506  50876.956    31.7307     27.933    7.13100     5.5639     5.5775    25.0200   12.78676 3.7114e-01     28.199 0.0000e+00
        443 157.674381    0.03069     1.8417    110.500  1025.1528  50878.919    31.7307     28.246    7.13197     5.5584     5.5717    25.0207   12.78836 3.5076e-01     28.514 0.0000e+00
        444 157.674384    0.03076     1.8458    110.750  1025.1550  50881.128    31.7310     28.544    7.13292     5.5532     5.5661    25.0215   12.78992 3.3282e-01     28.815 0.0000e+00
        445 157.674387    0.03083     1.8500    111.000  1025.1571  50883.300    31.7312     28.830    7.13382     5.5482     5.5607    25.0223   12.79141 3.1675e-01     29.104 0.0000e+00
        446 157.674389    0.03090     1.8542    111.250  1025.1591  50885.140    31.7313     29.112    7.13470     5.5434     5.5555    25.0230   12.79286 3.0172e-01     29.389 0.0000e+00
        447 157.674392    0.03097     1.8583    111.500  1025.1612  50887.119    31.7315     29.400    7.13553     5.5390     5.5505    25.0237   12.79423 2.8710e-01     29.680 0.0000e+00
        448 157.674395    0.03104     1.8625    111.750  1025.1636  50889.578    31.7321     29.699    7.13631     5.5351     5.5457    25.0247   12.79551 2.7267e-01     29.981 0.0000e+00
        449 157.674398    0.03111     1.8667    112.000  1025.1661  50892.033    31.7327     30.007    7.13702     5.5314     5.5413    25.0258   12.79668 2.5859e-01     30.292 0.0000e+00
        450 157.674401    0.03118     1.8708    112.250  1025.1683  50893.951    31.7331     30.320    7.13768     5.5277     5.5374    25.0265   12.79776 2.4519e-01     30.608 0.0000e+00
        451 157.674404    0.03125     1.8750    112.500  1025.1702  50895.291    31.7331     30.632    7.13830     5.5242     5.5337    25.0269   12.79879 2.3270e-01     30.924 0.0000e+00
        452 157.674407    0.03132     1.8792    112.750  1025.1722  50896.857    31.7333     30.940    7.13890     5.5210     5.5301    25.0275   12.79977 2.2124e-01     31.234 0.0000e+00
        453 157.674410    0.03139     1.8833    113.000  1025.1746  50899.262    31.7341     31.237    7.13946     5.5184     5.5266    25.0285   12.80068 2.1084e-01     31.535 0.0000e+00
        454 157.674413    0.03146     1.8875    113.250  1025.1771  50901.821    31.7350     31.525    7.13994     5.5162     5.5234    25.0296   12.80147 2.0136e-01     31.825 0.0000e+00
        455 157.674416    0.03153     1.8917    113.500  1025.1792  50903.754    31.7357     31.806    7.14035     5.5143     5.5208    25.0305   12.80215 1.9254e-01     32.109 0.0000e+00
        456 157.674418    0.03160     1.8958    113.750  1025.1811  50905.199    31.7361     32.088    7.14070     5.5126     5.5186    25.0310   12.80272 1.8411e-01     32.394 0.0000e+00
        457 157.674421    0.03167     1.9000    114.000  1025.1830  50906.518    31.7365     32.376    7.14100     5.5111     5.5167    25.0315   12.80321 1.7593e-01     32.684 0.0000e+00
        458 157.674424    0.03174     1.9042    114.250  1025.1847  50907.503    31.7367     32.671    7.14127     5.5097     5.5151    25.0319   12.80364 1.6798e-01     32.983 0.0000e+00
        459 157.674427    0.03181     1.9083    114.500  1025.1862  50907.945    31.7366     32.974    7.14152     5.5081     5.5137    25.0319   12.80406 1.6032e-01     33.288 0.0000e+00
        460 157.674430    0.03188     1.9125    114.750  1025.1876  50908.110    31.7362     33.279    7.14178     5.5064     5.5122    25.0318   12.80450 1.5306e-01     33.596 0.0000e+00
        461 157.674433    0.03194     1.9167    115.000  1025.1890  50908.429    31.7360     33.582    7.14206     5.5047     5.5107    25.0318   12.80496 1.4634e-01     33.902 0.0000e+00
        462 157.674436    0.03201     1.9208    115.250  1025.1906  50909.340    31.7361     33.879    7.14234     5.5034     5.5090    25.0321   12.80541 1.4023e-01     34.201 0.0000e+00
        463 157.674439    0.03208     1.9250    115.500  1025.1926  50910.760    31.7366     34.167    7.14259     5.5023     5.5074    25.0327   12.80582 1.3465e-01     34.492 0.0000e+00
        464 157.674442    0.03215     1.9292    115.750  1025.1944  50912.121    31.7371     34.449    7.14279     5.5015     5.5060    25.0333   12.80615 1.2951e-01     34.777 0.0000e+00
        465 157.674444    0.03222     1.9333    116.000  1025.1961  50913.076    31.7374     34.730    7.14296     5.5008     5.5050    25.0337   12.80641 1.2465e-01     35.061 0.0000e+00
        466 157.674447    0.03229     1.9375    116.250  1025.1976  50913.667    31.7375     35.016    7.14309     5.5002     5.5042    25.0338   12.80663 1.1995e-01     35.349 0.0000e+00
        467 157.674450    0.03236     1.9417    116.500  1025.1990  50914.004    31.7375     35.309    7.14320     5.4995     5.5035    25.0339   12.80682 1.1539e-01     35.645 0.0000e+00
        468 157.674453    0.03243     1.9458    116.750  1025.2003  50914.062    31.7372     35.607    7.14331     5.4986     5.5029    25.0338   12.80701 1.1105e-01     35.946 0.0000e+00
        469 157.674456    0.03250     1.9500    117.000  1025.2014  50913.753    31.7367     35.906    7.14345     5.4974     5.5023    25.0334   12.80724 1.0698e-01     36.248 0.0000e+00
        470 157.674459    0.03257     1.9542    117.250  1025.2022  50912.924    31.7359     36.204    7.14363     5.4956     5.5014    25.0328   12.80755 1.0320e-01     36.549 0.0000e+00
        471 157.674462    0.03264     1.9583    117.500  1025.2026  50911.433    31.7345     36.501    7.14390     5.4927     5.5002    25.0319   12.80802 9.9678e-02     36.849 0.0000e+00
        472 157.674465    0.03271     1.9625    117.750  1025.2026  50909.225    31.7324     36.800    7.14431     5.4884     5.4984    25.0305   12.80872 9.6371e-02     37.151 0.0000e+00
        473 157.674468    0.03278     1.9667    118.000  1025.2022  50906.410    31.7297     37.100    7.14493     5.4825     5.4955    25.0287   12.80977 9.3253e-02     37.453 0.0000e+00
        474 157.674470    0.03285     1.9708    118.250  1025.2018  50903.664    31.7268     37.400    7.14579     5.4751     5.4912    25.0268   12.81123 9.0312e-02     37.757 0.0000e+00
        475 157.674473    0.03292     1.9750    118.500  1025.2016  50901.380    31.7239     37.701    7.14691     5.4661     5.4854    25.0252   12.81313 8.7539e-02     38.061 0.0000e+00
        476 157.674476    0.03299     1.9792    118.750  1025.2015  50899.509    31.7209     38.005    7.14830     5.4560     5.4780    25.0237   12.81547 8.4927e-02     38.367 0.0000e+00
        477 157.674479    0.03306     1.9833    119.000  1025.2025  50899.671    31.7190     38.310    7.14992     5.4457     5.4691    25.0232   12.81816 8.2465e-02     38.676 0.0000e+00
        478 157.674482    0.03313     1.9875    119.250  1025.2052  50903.182    31.7192     38.619    7.15163     5.4358     5.4590    25.0245   12.82098 8.0143e-02     38.987 0.0000e+00
        479 157.674485    0.03319     1.9917    119.500  1025.2088  50908.310    31.7204     38.930    7.15332     5.4264     5.4487    25.0267   12.82376 7.7949e-02     39.301 0.0000e+00
        480 157.674488    0.03326     1.9958    119.750  1025.2124  50913.213    31.7216     39.241    7.15494     5.4173     5.4388    25.0287   12.82642 7.5871e-02     39.616 0.0000e+00
        481 157.674491    0.03333     2.0000    120.000  1025.2154  50917.294    31.7223     39.550    7.15651     5.4082     5.4294    25.0304   12.82899 7.3912e-02     39.928 0.0000e+00
        482 157.674494    0.03340     2.0042    120.250  1025.2178  50920.142    31.7222     39.853    7.15805     5.3988     5.4203    25.0313   12.83155 7.2114e-02     40.233 0.0000e+00
        483 157.674497    0.03347     2.0083    120.500  1025.2199  50922.457    31.7218     40.149    7.15962     5.3893     5.4112    25.0320   12.83414 7.0525e-02     40.533 0.0000e+00
        484 157.674499    0.03354     2.0125    120.750  1025.2222  50925.281    31.7216     40.442    7.16121     5.3798     5.4019    25.0329   12.83677 6.9084e-02     40.828 0.0000e+00
        485 157.674502    0.03361     2.0167    121.000  1025.2248  50928.624    31.7218     40.736    7.16281     5.3704     5.3924    25.0341   12.83942 6.7708e-02     41.125 0.0000e+00
        486 157.674505    0.03368     2.0208    121.250  1025.2276  50932.271    31.7222     41.035    7.16441     5.3612     5.3829    25.0355   12.84205 6.6360e-02     41.427 0.0000e+00
        487 157.674508    0.03375     2.0250    121.500  1025.2308  50936.529    31.7230     41.344    7.16598     5.3528     5.3735    25.0372   12.84462 6.5032e-02     41.738 0.0000e+00
        488 157.674511    0.03382     2.0292    121.750  1025.2345  50941.834    31.7246     41.660    7.16745     5.3454     5.3644    25.0395   12.84704 6.3739e-02     42.058 0.0000e+00
        489 157.674514    0.03389     2.0333    122.000  1025.2388  50947.956    31.7269     41.980    7.16878     5.3392     5.3559    25.0423   12.84921 6.2516e-02     42.380 0.0000e+00
        490 157.674517    0.03396     2.0375    122.250  1025.2431  50953.994    31.7294     42.296    7.16992     5.3341     5.3485    25.0451   12.85106 6.1389e-02     42.700 0.0000e+00
        491 157.674520    0.03403     2.0417    122.500  1025.2469  50959.119    31.7315     42.606    7.17086     5.3299     5.3424    25.0474   12.85259 6.0371e-02     43.013 0.0000e+00
        492 157.674523    0.03410     2.0458    122.750  1025.2501  50963.193    31.7331     42.907    7.17164     5.3264     5.3374    25.0492   12.85386 5.9456e-02     43.316 0.0000e+00
        493 157.674525    0.03417     2.0500    123.000  1025.2529  50966.457    31.7343     43.199    7.17230     5.3233     5.3332    25.0507   12.85493 5.8616e-02     43.611 0.0000e+00
        494 157.674528    0.03424     2.0542    123.250  1025.2554  50969.045    31.7352     43.490    7.17286     5.3207     5.3296    25.0518   12.85585 5.7817e-02     43.905 0.0000e+00
        495 157.674531    0.03431     2.0583    123.500  1025.2576  50971.001    31.7358     43.785    7.17335     5.3182     5.3266    25.0526   12.85665 5.7036e-02     44.203 0.0000e+00
        496 157.674534    0.03438     2.0625    123.750  1025.2595  50972.398    31.7360     44.090    7.17379     5.3158     5.3240    25.0531   12.85737 5.6269e-02     44.510 0.0000e+00
        497 157.674537    0.03444     2.0667    124.000  1025.2612  50973.305    31.7360     44.403    7.17420     5.3133     5.3216    25.0533   12.85805 5.5525e-02     44.826 0.0000e+00
        498 157.674540    0.03451     2.0708    124.250  1025.2627  50973.753    31.7356     44.719    7.17463     5.3106     5.3192    25.0533   12.85875 5.4821e-02     45.146 0.0000e+00
        499 157.674543    0.03458     2.0750    124.500  1025.2641  50974.105    31.7352     45.034    7.17508     5.3078     5.3167    25.0532   12.85950 5.4163e-02     45.464 0.0000e+00
        500 157.674546    0.03465     2.0792    124.750  1025.2658  50974.977    31.7351     45.342    7.17554     5.3051     5.3140    25.0534   12.86027 5.3552e-02     45.775 0.0000e+00
        501 157.674549    0.03472     2.0833    125.000  1025.2677  50976.500    31.7354     45.643    7.17600     5.3027     5.3112    25.0540   12.86102 5.2993e-02     46.078 0.0000e+00
        502 157.674552    0.03479     2.0875    125.250  1025.2698  50978.237    31.7359     45.936    7.17643     5.3004     5.3085    25.0547   12.86173 5.2477e-02     46.375 0.0000e+00
        503 157.674554    0.03486     2.0917    125.500  1025.2717  50979.694    31.7362     46.227    7.17683     5.2981     5.3061    25.0553   12.86239 5.1989e-02     46.668 0.0000e+00
        504 157.674557    0.03493     2.0958    125.750  1025.2733  50980.495    31.7361     46.520    7.17722     5.2956     5.3038    25.0555   12.86303 5.1529e-02     46.964 0.0000e+00
        505 157.674560    0.03500     2.1000    126.000  1025.2745  50980.642    31.7356     46.816    7.17763     5.2928     5.3016    25.0553   12.86371 5.1092e-02     47.263 0.0000e+00
        506 157.674563    0.03507     2.1042    126.250  1025.2758  50980.732    31.7350     47.119    7.17808     5.2896     5.2991    25.0551   12.86447 5.0672e-02     47.569 0.0000e+00
        507 157.674566    0.03514     2.1083    126.500  1025.2772  50981.194    31.7345     47.429    7.17858     5.2862     5.2963    25.0551   12.86530 5.0261e-02     47.882 0.0000e+00
        508 157.674569    0.03521     2.1125    126.750  1025.2787  50981.654    31.7341     47.744    7.17914     5.2825     5.2932    25.0550   12.86622 4.9868e-02     48.200 0.0000e+00
        509 157.674572    0.03528     2.1167    127.000  1025.2801  50982.047    31.7335     48.058    7.17975     5.2788     5.2898    25.0549   12.86723 4.9509e-02     48.517 0.0000e+00
        510 157.674575    0.03535     2.1208    127.250  1025.2819  50983.291    31.7334     48.366    7.18038     5.2753     5.2861    25.0553   12.86828 4.9192e-02     48.828 0.0000e+00
