CTD-processing/allCTD/CNV--homogene/2012_08-15_t9_s09_cast034.cnv
* Sea-Bird SBE19plus Data File:
* FileName = C:\Documents and Settings\kris.holderied.local\My Documents\2012-08-15-CTD-HomerSpit\2012-08-15-HomerSpitLine-cast034.hex
* Software Version 1.54
* Temperature SN =  5028
* Conductivity SN =  5028
* System UpLoad Time = Aug 23 2012 22:02:09
** Kachemak Bay Homer Spit Line CTD
** Date:  2012-08-15
** Station: 9-09
** Start time (AKDT-24 hr): 1539
** Depth (ft): 272
** Comment:None
# nquan = 17
# nvalues = 627                         
# units = specified
# name 0 = scan: Scan Count
# name 1 = timeJ: Julian Days
# name 2 = timeH: Time, Elapsed [hours]
# name 3 = timeM: Time, Elapsed [minutes]
# name 4 = timeS: Time, Elapsed [seconds]
# name 5 = density00: Density [density, kg/m^3]
# name 6 = specc: Specific Conductance [uS/cm]
# name 7 = sal00: Salinity, Practical [PSU]
# name 8 = depSM: Depth [salt water, m], lat = 59.00
# name 9 = oxsolML/L: Oxygen Saturation, Garcia & Gordon [ml/l]
# name 10 = potemp090C: Potential Temperature [ITS-90, deg C]
# name 11 = tv290C: Temperature [ITS-90, deg C]
# name 12 = sigma-é00: Density [sigma-theta, kg/m^3]
# name 13 = n2satML/L: Nitrogen Saturation [ml/l]
# name 14 = par: PAR/Irradiance, Biospherical/Licor [umol photons/m^2/sec]
# name 15 = prdM: Pressure, Strain Gauge [db]
# name 16 = flag:  0.000e+00
# span 0 =          1,        627       
# span 1 = 228.651759, 228.653571       
# span 2 =    0.00000,    0.04347       
# span 3 =     0.0000,     2.6083       
# span 4 =      0.000,    156.500       
# span 5 =  1002.5481,  1024.6172       
# span 6 =   7079.123,  49470.273       
# span 7 =     3.9338,    31.2310       
# span 8 =     -0.001,     78.423       
# span 9 =    6.31208,    7.35294       
# span 10 =     8.4135,    12.6429      
# span 11 =     8.4213,    12.6429      
# span 12 =     2.5479,    24.2558      
# span 13 =   11.48482,   13.52773      
# span 14 = 5.8805e-02, 4.0440e+02      
# span 15 =     -0.001,     79.178      
# span 16 = 0.0000e+00, 0.0000e+00      
# interval = seconds: 0.25
# start_time = Aug 15 2012 15:38:32 [Instrument's time stamp, header]
# bad_flag = -9.990e-29
*END*
[from data line 426]
        427 228.652992    0.02958     1.7750    106.500  1024.1164  49071.245    31.0708     18.064    6.61087     9.0514     9.0649    24.0334   11.93487 3.9213e+00     18.235 0.0000e+00
        428 228.652995    0.02965     1.7792    106.750  1024.1197  49074.621    31.0723     18.333    6.61168     9.0461     9.0590    24.0354   11.93620 3.7623e+00     18.506 0.0000e+00
        429 228.652998    0.02972     1.7833    107.000  1024.1229  49077.799    31.0736     18.608    6.61246     9.0411     9.0533    24.0373   11.93747 3.6080e+00     18.784 0.0000e+00
        430 228.653001    0.02979     1.7875    107.250  1024.1261  49080.984    31.0750     18.887    6.61318     9.0364     9.0480    24.0392   11.93864 3.4600e+00     19.066 0.0000e+00
        431 228.653003    0.02986     1.7917    107.500  1024.1292  49084.041    31.0763     19.165    6.61385     9.0318     9.0431    24.0410   11.93974 3.3204e+00     19.347 0.0000e+00
        432 228.653006    0.02993     1.7958    107.750  1024.1321  49086.931    31.0775     19.436    6.61448     9.0271     9.0384    24.0427   11.94078 3.1904e+00     19.620 0.0000e+00
        433 228.653009    0.03000     1.8000    108.000  1024.1352  49090.047    31.0790     19.699    6.61511     9.0229     9.0338    24.0446   11.94179 3.0674e+00     19.886 0.0000e+00
        434 228.653012    0.03007     1.8042    108.250  1024.1385  49093.680    31.0808     19.961    6.61571     9.0192     9.0292    24.0467   11.94276 2.9487e+00     20.150 0.0000e+00
        435 228.653015    0.03014     1.8083    108.500  1024.1418  49097.424    31.0827     20.223    6.61624     9.0161     9.0250    24.0488   11.94362 2.8353e+00     20.415 0.0000e+00
        436 228.653018    0.03021     1.8125    108.750  1024.1449  49100.803    31.0845     20.478    6.61670     9.0133     9.0214    24.0508   11.94436 2.7310e+00     20.672 0.0000e+00
        437 228.653021    0.03028     1.8167    109.000  1024.1476  49103.615    31.0859     20.716    6.61709     9.0105     9.0183    24.0524   11.94499 2.6383e+00     20.913 0.0000e+00
        438 228.653024    0.03035     1.8208    109.250  1024.1498  49105.815    31.0870     20.935    6.61746     9.0074     9.0155    24.0536   11.94559 2.5562e+00     21.134 0.0000e+00
        439 228.653027    0.03042     1.8250    109.500  1024.1520  49107.852    31.0879     21.141    6.61784     9.0039     9.0127    24.0548   11.94620 2.4804e+00     21.341 0.0000e+00
        440 228.653030    0.03049     1.8292    109.750  1024.1542  49110.116    31.0890     21.344    6.61825     9.0002     9.0096    24.0561   11.94687 2.4050e+00     21.547 0.0000e+00
        441 228.653032    0.03056     1.8333    110.000  1024.1568  49112.818    31.0903     21.559    6.61869     8.9964     9.0061    24.0577   11.94760 2.3250e+00     21.764 0.0000e+00
        442 228.653035    0.03062     1.8375    110.250  1024.1600  49116.511    31.0923     21.793    6.61916     8.9929     9.0024    24.0598   11.94835 2.2403e+00     22.000 0.0000e+00
        443 228.653038    0.03069     1.8417    110.500  1024.1637  49121.108    31.0949     22.045    6.61960     8.9896     8.9987    24.0624   11.94905 2.1540e+00     22.254 0.0000e+00
        444 228.653041    0.03076     1.8458    110.750  1024.1678  49126.181    31.0979     22.306    6.62000     8.9865     8.9951    24.0652   11.94966 2.0692e+00     22.518 0.0000e+00
        445 228.653044    0.03083     1.8500    111.000  1024.1722  49131.866    31.1013     22.568    6.62034     8.9838     8.9919    24.0684   11.95018 1.9880e+00     22.782 0.0000e+00
        446 228.653047    0.03090     1.8542    111.250  1024.1769  49138.208    31.1052     22.824    6.62062     8.9815     8.9888    24.0719   11.95060 1.9127e+00     23.041 0.0000e+00
        447 228.653050    0.03097     1.8583    111.500  1024.1816  49144.752    31.1093     23.063    6.62084     8.9798     8.9861    24.0755   11.95091 1.8468e+00     23.283 0.0000e+00
        448 228.653053    0.03104     1.8625    111.750  1024.1859  49150.691    31.1130     23.276    6.62101     8.9786     8.9839    24.0788   11.95115 1.7931e+00     23.497 0.0000e+00
        449 228.653056    0.03111     1.8667    112.000  1024.1893  49155.410    31.1160     23.454    6.62113     8.9780     8.9822    24.0814   11.95131 1.7526e+00     23.676 0.0000e+00
        450 228.653058    0.03118     1.8708    112.250  1024.1918  49158.774    31.1181     23.596    6.62121     8.9778     8.9811    24.0833   11.95141 1.7226e+00     23.820 0.0000e+00
        451 228.653061    0.03125     1.8750    112.500  1024.1934  49160.761    31.1194     23.716    6.62124     8.9777     8.9805    24.0843   11.95145 1.6962e+00     23.941 0.0000e+00
        452 228.653064    0.03132     1.8792    112.750  1024.1943  49161.442    31.1198     23.843    6.62126     8.9773     8.9802    24.0847   11.95147 1.6636e+00     24.069 0.0000e+00
        453 228.653067    0.03139     1.8833    113.000  1024.1950  49161.384    31.1197     24.009    6.62128     8.9764     8.9801    24.0846   11.95150 1.6188e+00     24.237 0.0000e+00
        454 228.653070    0.03146     1.8875    113.250  1024.1960  49161.528    31.1196     24.231    6.62133     8.9750     8.9798    24.0846   11.95159 1.5624e+00     24.461 0.0000e+00
        455 228.653073    0.03153     1.8917    113.500  1024.1977  49162.381    31.1200     24.503    6.62144     8.9729     8.9789    24.0850   11.95177 1.4984e+00     24.735 0.0000e+00
        456 228.653076    0.03160     1.8958    113.750  1024.1998  49163.652    31.1205     24.810    6.62162     8.9701     8.9775    24.0857   11.95207 1.4309e+00     25.045 0.0000e+00
        457 228.653079    0.03167     1.9000    114.000  1024.2019  49164.858    31.1210     25.138    6.62190     8.9666     8.9755    24.0863   11.95253 1.3634e+00     25.376 0.0000e+00
        458 228.653082    0.03174     1.9042    114.250  1024.2043  49166.404    31.1215     25.473    6.62229     8.9629     8.9727    24.0872   11.95316 1.2982e+00     25.714 0.0000e+00
        459 228.653084    0.03181     1.9083    114.500  1024.2074  49169.090    31.1228     25.802    6.62274     8.9594     8.9693    24.0887   11.95390 1.2379e+00     26.047 0.0000e+00
        460 228.653087    0.03188     1.9125    114.750  1024.2107  49172.470    31.1245     26.113    6.62321     8.9562     8.9656    24.0906   11.95466 1.1842e+00     26.361 0.0000e+00
        461 228.653090    0.03194     1.9167    115.000  1024.2139  49175.764    31.1262     26.404    6.62366     8.9535     8.9621    24.0925   11.95538 1.1359e+00     26.655 0.0000e+00
        462 228.653093    0.03201     1.9208    115.250  1024.2169  49178.833    31.1278     26.686    6.62406     8.9511     8.9589    24.0942   11.95602 1.0901e+00     26.940 0.0000e+00
        463 228.653096    0.03208     1.9250    115.500  1024.2194  49180.965    31.1288     26.972    6.62441     8.9484     8.9563    24.0954   11.95659 1.0454e+00     27.228 0.0000e+00
        464 228.653099    0.03215     1.9292    115.750  1024.2209  49181.207    31.1285     27.264    6.62477     8.9447     8.9539    24.0955   11.95718 1.0017e+00     27.523 0.0000e+00
        465 228.653102    0.03222     1.9333    116.000  1024.2219  49180.515    31.1275     27.561    6.62521     8.9405     8.9512    24.0951   11.95793 9.5954e-01     27.823 0.0000e+00
        466 228.653105    0.03229     1.9375    116.250  1024.2237  49181.211    31.1273     27.859    6.62575     8.9366     8.9476    24.0956   11.95883 9.1885e-01     28.124 0.0000e+00
        467 228.653108    0.03236     1.9417    116.500  1024.2266  49183.912    31.1285     28.159    6.62632     8.9335     8.9434    24.0971   11.95975 8.7960e-01     28.426 0.0000e+00
        468 228.653111    0.03243     1.9458    116.750  1024.2299  49187.155    31.1301     28.458    6.62682     8.9311     8.9395    24.0990   11.96057 8.4189e-01     28.728 0.0000e+00
        469 228.653113    0.03250     1.9500    117.000  1024.2327  49189.730    31.1313     28.757    6.62723     8.9292     8.9364    24.1004   11.96123 8.0564e-01     29.030 0.0000e+00
        470 228.653116    0.03257     1.9542    117.250  1024.2352  49191.682    31.1322     29.059    6.62754     8.9279     8.9340    24.1015   11.96173 7.7055e-01     29.335 0.0000e+00
        471 228.653119    0.03264     1.9583    117.500  1024.2375  49193.361    31.1330     29.364    6.62778     8.9269     8.9322    24.1024   11.96211 7.3654e-01     29.643 0.0000e+00
        472 228.653122    0.03271     1.9625    117.750  1024.2396  49194.724    31.1337     29.673    6.62795     8.9264     8.9309    24.1031   11.96238 7.0356e-01     29.955 0.0000e+00
        473 228.653125    0.03278     1.9667    118.000  1024.2415  49195.740    31.1341     29.986    6.62806     8.9261     8.9301    24.1036   11.96256 6.7162e-01     30.271 0.0000e+00
        474 228.653128    0.03285     1.9708    118.250  1024.2433  49196.483    31.1344     30.304    6.62812     8.9259     8.9295    24.1039   11.96266 6.4084e-01     30.592 0.0000e+00
        475 228.653131    0.03292     1.9750    118.500  1024.2449  49196.875    31.1345     30.625    6.62816     8.9258     8.9293    24.1040   11.96272 6.1130e-01     30.916 0.0000e+00
        476 228.653134    0.03299     1.9792    118.750  1024.2463  49196.937    31.1344     30.948    6.62818     8.9256     8.9291    24.1040   11.96276 5.8302e-01     31.242 0.0000e+00
        477 228.653137    0.03306     1.9833    119.000  1024.2477  49196.908    31.1342     31.272    6.62821     8.9253     8.9290    24.1039   11.96281 5.5603e-01     31.569 0.0000e+00
        478 228.653139    0.03313     1.9875    119.250  1024.2491  49196.930    31.1341     31.595    6.62824     8.9248     8.9288    24.1038   11.96286 5.3051e-01     31.896 0.0000e+00
        479 228.653142    0.03319     1.9917    119.500  1024.2505  49197.003    31.1340     31.915    6.62828     8.9241     8.9286    24.1037   11.96294 5.0666e-01     32.218 0.0000e+00
        480 228.653145    0.03326     1.9958    119.750  1024.2518  49196.964    31.1337     32.229    6.62836     8.9227     8.9281    24.1036   11.96306 4.8442e-01     32.535 0.0000e+00
        481 228.653148    0.03333     2.0000    120.000  1024.2530  49196.599    31.1332     32.539    6.62849     8.9205     8.9274    24.1033   11.96328 4.6346e-01     32.848 0.0000e+00
        482 228.653151    0.03340     2.0042    120.250  1024.2543  49196.455    31.1328     32.848    6.62871     8.9176     8.9260    24.1032   11.96365 4.4339e-01     33.160 0.0000e+00
        483 228.653154    0.03347     2.0083    120.500  1024.2562  49197.362    31.1330     33.159    6.62902     8.9144     8.9238    24.1037   11.96417 4.2401e-01     33.474 0.0000e+00
        484 228.653157    0.03354     2.0125    120.750  1024.2587  49199.226    31.1338     33.472    6.62941     8.9109     8.9210    24.1047   11.96480 4.0527e-01     33.791 0.0000e+00
        485 228.653160    0.03361     2.0167    121.000  1024.2614  49201.392    31.1347     33.786    6.62984     8.9069     8.9178    24.1059   11.96550 3.8729e-01     34.108 0.0000e+00
        486 228.653163    0.03368     2.0208    121.250  1024.2639  49203.363    31.1355     34.100    6.63032     8.9022     8.9143    24.1070   11.96629 3.7011e-01     34.425 0.0000e+00
        487 228.653166    0.03375     2.0250    121.500  1024.2662  49204.775    31.1357     34.415    6.63089     8.8963     8.9104    24.1079   11.96723 3.5368e-01     34.743 0.0000e+00
        488 228.653168    0.03382     2.0292    121.750  1024.2679  49205.071    31.1351     34.731    6.63160     8.8884     8.9058    24.1081   11.96842 3.3797e-01     35.062 0.0000e+00
        489 228.653171    0.03389     2.0333    122.000  1024.2689  49204.036    31.1334     35.046    6.63255     8.8789     8.8998    24.1077   11.97002 3.2307e-01     35.380 0.0000e+00
        490 228.653174    0.03396     2.0375    122.250  1024.2704  49203.712    31.1320     35.357    6.63377     8.8688     8.8920    24.1078   11.97205 3.0900e-01     35.694 0.0000e+00
        491 228.653177    0.03403     2.0417    122.500  1024.2735  49206.316    31.1323     35.662    6.63517     8.8592     8.8825    24.1095   11.97436 2.9569e-01     36.002 0.0000e+00
        492 228.653180    0.03410     2.0458    122.750  1024.2776  49210.766    31.1339     35.963    6.63659     8.8506     8.8724    24.1122   11.97670 2.8292e-01     36.306 0.0000e+00
        493 228.653183    0.03417     2.0500    123.000  1024.2820  49215.639    31.1358     36.263    6.63793     8.8432     8.8629    24.1151   11.97888 2.7048e-01     36.608 0.0000e+00
        494 228.653186    0.03424     2.0542    123.250  1024.2864  49220.812    31.1381     36.566    6.63910     8.8370     8.8543    24.1182   11.98079 2.5826e-01     36.914 0.0000e+00
        495 228.653189    0.03431     2.0583    123.500  1024.2908  49225.906    31.1405     36.872    6.64009     8.8317     8.8469    24.1212   11.98241 2.4633e-01     37.223 0.0000e+00
        496 228.653192    0.03438     2.0625    123.750  1024.2947  49230.135    31.1424     37.183    6.64093     8.8266     8.8408    24.1237   11.98376 2.3476e-01     37.537 0.0000e+00
        497 228.653194    0.03444     2.0667    124.000  1024.2975  49232.299    31.1430     37.497    6.64168     8.8211     8.8355    24.1250   11.98501 2.2364e-01     37.854 0.0000e+00
        498 228.653197    0.03451     2.0708    124.250  1024.2995  49233.288    31.1429     37.812    6.64244     8.8156     8.8304    24.1256   11.98627 2.1303e-01     38.172 0.0000e+00
        499 228.653200    0.03458     2.0750    124.500  1024.3026  49236.061    31.1439     38.126    6.64320     8.8109     8.8250    24.1272   11.98752 2.0300e-01     38.489 0.0000e+00
        500 228.653203    0.03465     2.0792    124.750  1024.3068  49240.900    31.1464     38.436    6.64391     8.8071     8.8195    24.1300   11.98865 1.9362e-01     38.802 0.0000e+00
        501 228.653206    0.03472     2.0833    125.000  1024.3110  49245.754    31.1490     38.743    6.64450     8.8043     8.8147    24.1327   11.98960 1.8483e-01     39.112 0.0000e+00
        502 228.653209    0.03479     2.0875    125.250  1024.3145  49249.564    31.1510     39.050    6.64496     8.8020     8.8110    24.1349   11.99034 1.7649e-01     39.422 0.0000e+00
        503 228.653212    0.03486     2.0917    125.500  1024.3173  49252.035    31.1522     39.361    6.64533     8.7996     8.8082    24.1362   11.99093 1.6855e-01     39.736 0.0000e+00
        504 228.653215    0.03493     2.0958    125.750  1024.3192  49252.872    31.1523     39.673    6.64567     8.7965     8.8060    24.1367   11.99149 1.6101e-01     40.052 0.0000e+00
        505 228.653218    0.03500     2.1000    126.000  1024.3202  49252.109    31.1513     39.989    6.64606     8.7920     8.8037    24.1362   11.99215 1.5385e-01     40.370 0.0000e+00
        506 228.653220    0.03507     2.1042    126.250  1024.3206  49249.958    31.1492     40.309    6.64660     8.7851     8.8006    24.1350   11.99307 1.4705e-01     40.693 0.0000e+00
        507 228.653223    0.03514     2.1083    126.500  1024.3202  49246.384    31.1459     40.633    6.64742     8.7750     8.7961    24.1331   11.99446 1.4061e-01     41.021 0.0000e+00
        508 228.653226    0.03521     2.1125    126.750  1024.3191  49241.368    31.1412     40.961    6.64864     8.7613     8.7892    24.1305   11.99654 1.3452e-01     41.352 0.0000e+00
        509 228.653229    0.03528     2.1167    127.000  1024.3183  49236.738    31.1364     41.289    6.65034     8.7451     8.7792    24.1283   11.99942 1.2880e-01     41.683 0.0000e+00
        510 228.653232    0.03535     2.1208    127.250  1024.3203  49236.872    31.1344     41.617    6.65246     8.7287     8.7655    24.1287   12.00295 1.2343e-01     42.014 0.0000e+00
