CTD-processing/allCTD/CNV--homogene/2012_09-21_t9_s01_repeat2_cast163.cnv
* Sea-Bird SBE19plus Data File:
* FileName = C:\Documents and Settings\kris.holderied.local\My Documents\2012-CTD-DATA-new-files\2012-09-21-CTD-HomerSpit-tide-time-series-KBRRctd\2012-09-21-CTD-HomerSpit-tide-repeat2\2012-09-21-HomerSpit-tide-repeat2163.hex
* Software Version 1.54
* Temperature SN =  4141
* Conductivity SN =  4141
* System UpLoad Time = Oct 11 2012 18:37:40
** Kachemak Bay Homer Spit Line - Tidal repeat2
** Date:  2012-09-21
** Station: 9-01
** Start time (AKDT-24 hr): 1214
** Depth (ft): 205
** Comment:Crossed strong front btwn 9-02 and this station. Now in very brown water. About 350 ft off station on GPS.
# nquan = 17
# nvalues = 812                         
# units = specified
# name 0 = scan: Scan Count
# name 1 = timeJ: Julian Days
# name 2 = timeH: Time, Elapsed [hours]
# name 3 = timeM: Time, Elapsed [minutes]
# name 4 = timeS: Time, Elapsed [seconds]
# name 5 = density00: Density [density, kg/m^3]
# name 6 = specc: Specific Conductance [uS/cm]
# name 7 = sal00: Salinity, Practical [PSU]
# name 8 = depSM: Depth [salt water, m], lat = 59.00
# name 9 = oxsolML/L: Oxygen Saturation, Garcia & Gordon [ml/l]
# name 10 = potemp090C: Potential Temperature [ITS-90, deg C]
# name 11 = tv290C: Temperature [ITS-90, deg C]
# name 12 = sigma-é00: Density [sigma-theta, kg/m^3]
# name 13 = n2satML/L: Nitrogen Saturation [ml/l]
# name 14 = par: PAR/Irradiance, Biospherical/Licor
# name 15 = prdM: Pressure, Strain Gauge [db]
# name 16 = flag:  0.000e+00
# span 0 =          1,        812       
# span 1 = 265.509711, 265.512057       
# span 2 =    0.00000,    0.05632       
# span 3 =     0.0000,     3.3792       
# span 4 =      0.000,    202.750       
# span 5 =  1001.9352,  1023.9777       
# span 6 =   5289.693,  48520.641       
# span 7 =     2.8053,    30.7251       
# span 8 =     -0.091,     61.409       
# span 9 =    6.55218,    7.87234       
# span 10 =     7.7690,     9.6447      
# span 11 =     7.7690,     9.6475      
# span 12 =     1.9357,    23.6959      
# span 13 =   11.84364,   14.38889      
# span 14 = 6.7055e-02, 6.6875e+02      
# span 15 =     -0.092,     61.997      
# span 16 = 0.0000e+00, 0.0000e+00      
# interval = seconds: 0.25
# start_time = Sep 21 2012 12:13:59 [Instrument's time stamp, header]
# bad_flag = -9.990e-29
*END*
[from data line 171]
        172 265.510205    0.01188     0.7125     42.750  1019.4265  40543.096    25.1750      0.916    6.86088     9.0979     9.1068    19.4223   12.42268 7.3819e+01      0.924 0.0000e+00
        173 265.510208    0.01194     0.7167     43.000  1019.4456  40578.511    25.1987      0.907    6.86064     9.0970     9.1016    19.4414   12.42198 7.5048e+01      0.916 0.0000e+00
        174 265.510211    0.01201     0.7208     43.250  1019.4646  40613.794    25.2224      0.902    6.86014     9.0993     9.0980    19.4605   12.42085 7.4496e+01      0.910 0.0000e+00
        175 265.510214    0.01208     0.7250     43.500  1019.4772  40637.146    25.2382      0.902    6.85958     9.1043     9.0970    19.4730   12.41973 7.2220e+01      0.910 0.0000e+00
        176 265.510217    0.01215     0.7292     43.750  1019.4779  40638.653    25.2395      0.907    6.85917     9.1095     9.0993    19.4736   12.41902 6.9129e+01      0.916 0.0000e+00
        177 265.510220    0.01222     0.7333     44.000  1019.4659  40616.706    25.2250      0.915    6.85903     9.1125     9.1043    19.4616   12.41898 6.6453e+01      0.923 0.0000e+00
        178 265.510223    0.01229     0.7375     44.250  1019.4478  40583.359    25.2028      0.922    6.85920     9.1123     9.1096    19.4435   12.41954 6.5138e+01      0.930 0.0000e+00
        179 265.510226    0.01236     0.7417     44.500  1019.4325  40554.963    25.1837      0.925    6.85959     9.1094     9.1125    19.4282   12.42043 6.5539e+01      0.934 0.0000e+00
        180 265.510229    0.01243     0.7458     44.750  1019.4254  40541.568    25.1746      0.923    6.86003     9.1054     9.1123    19.4211   12.42128 6.7369e+01      0.932 0.0000e+00
        181 265.510231    0.01250     0.7500     45.000  1019.4288  40547.670    25.1784      0.917    6.86030     9.1020     9.1095    19.4245   12.42168 6.9856e+01      0.926 0.0000e+00
        182 265.510234    0.01257     0.7542     45.250  1019.4417  40571.519    25.1943      0.909    6.86022     9.1003     9.1055    19.4375   12.42134 7.2045e+01      0.918 0.0000e+00
        183 265.510237    0.01264     0.7583     45.500  1019.4591  40603.838    25.2160      0.902    6.85979     9.1013     9.1020    19.4549   12.42035 7.3109e+01      0.911 0.0000e+00
        184 265.510240    0.01271     0.7625     45.750  1019.4749  40633.388    25.2361      0.900    6.85916     9.1049     9.1004    19.4707   12.41904 7.2626e+01      0.908 0.0000e+00
        185 265.510243    0.01278     0.7667     46.000  1019.4834  40649.411    25.2471      0.902    6.85852     9.1098     9.1014    19.4792   12.41785 7.0835e+01      0.911 0.0000e+00
        186 265.510246    0.01285     0.7708     46.250  1019.4796  40642.597    25.2428      0.909    6.85816     9.1135     9.1049    19.4754   12.41730 6.8616e+01      0.918 0.0000e+00
        187 265.510249    0.01292     0.7750     46.500  1019.4647  40615.019    25.2245      0.917    6.85821     9.1143     9.1098    19.4604   12.41762 6.7078e+01      0.926 0.0000e+00
        188 265.510252    0.01299     0.7792     46.750  1019.4470  40582.279    25.2025      0.922    6.85860     9.1119     9.1136    19.4427   12.41855 6.7057e+01      0.931 0.0000e+00
        189 265.510255    0.01306     0.7833     47.000  1019.4354  40560.475    25.1877      0.923    6.85913     9.1073     9.1144    19.4311   12.41962 6.8787e+01      0.931 0.0000e+00
        190 265.510258    0.01313     0.7875     47.250  1019.4347  40559.008    25.1864      0.918    6.85956     9.1025     9.1120    19.4304   12.42035 7.1772e+01      0.926 0.0000e+00
        191 265.510260    0.01319     0.7917     47.500  1019.4460  40579.726    25.2001      0.909    6.85967     9.0991     9.1074    19.4418   12.42035 7.5007e+01      0.917 0.0000e+00
        192 265.510263    0.01326     0.7958     47.750  1019.4646  40614.270    25.2232      0.899    6.85940     9.0977     9.1025    19.4605   12.41961 7.7612e+01      0.908 0.0000e+00
        193 265.510266    0.01333     0.8000     48.000  1019.4826  40647.627    25.2456      0.892    6.85894     9.0982     9.0991    19.4785   12.41855 7.9410e+01      0.900 0.0000e+00
        194 265.510269    0.01340     0.8042     48.250  1019.4925  40666.148    25.2581      0.888    6.85859     9.0995     9.0978    19.4884   12.41782 8.0973e+01      0.896 0.0000e+00
        195 265.510272    0.01347     0.8083     48.500  1019.4905  40662.425    25.2556      0.885    6.85863     9.1007     9.0982    19.4864   12.41792 8.3007e+01      0.894 0.0000e+00
        196 265.510275    0.01354     0.8125     48.750  1019.4798  40642.480    25.2422      0.882    6.85902     9.1012     9.0996    19.4757   12.41874 8.5505e+01      0.891 0.0000e+00
        197 265.510278    0.01361     0.8167     49.000  1019.4691  40622.547    25.2287      0.879    6.85943     9.1008     9.1008    19.4650   12.41959 8.7532e+01      0.888 0.0000e+00
        198 265.510281    0.01368     0.8208     49.250  1019.4648  40614.632    25.2233      0.876    6.85959     9.0998     9.1013    19.4607   12.41993 8.7905e+01      0.885 0.0000e+00
        199 265.510284    0.01375     0.8250     49.500  1019.4681  40620.782    25.2275      0.876    6.85946     9.0987     9.1009    19.4640   12.41966 8.6269e+01      0.884 0.0000e+00
        200 265.510286    0.01382     0.8292     49.750  1019.4748  40633.301    25.2359      0.879    6.85925     9.0979     9.0999    19.4708   12.41920 8.3540e+01      0.887 0.0000e+00
        201 265.510289    0.01389     0.8333     50.000  1019.4788  40640.586    25.2408      0.884    6.85921     9.0975     9.0987    19.4747   12.41907 8.1250e+01      0.892 0.0000e+00
        202 265.510292    0.01396     0.8375     50.250  1019.4765  40636.020    25.2376      0.888    6.85947     9.0973     9.0979    19.4723   12.41955 8.0558e+01      0.897 0.0000e+00
        203 265.510295    0.01403     0.8417     50.500  1019.4691  40622.125    25.2280      0.890    6.85995     9.0969     9.0975    19.4649   12.42047 8.1709e+01      0.899 0.0000e+00
        204 265.510298    0.01410     0.8458     50.750  1019.4618  40608.533    25.2187      0.888    6.86041     9.0965     9.0973    19.4577   12.42134 8.4086e+01      0.897 0.0000e+00
        205 265.510301    0.01417     0.8500     51.000  1019.4600  40605.112    25.2163      0.884    6.86056     9.0961     9.0970    19.4559   12.42163 8.6617e+01      0.892 0.0000e+00
        206 265.510304    0.01424     0.8542     51.250  1019.4658  40615.954    25.2237      0.879    6.86031     9.0960     9.0965    19.4617   12.42111 8.8248e+01      0.888 0.0000e+00
        207 265.510307    0.01431     0.8583     51.500  1019.4766  40636.175    25.2375      0.878    6.85976     9.0962     9.0961    19.4725   12.42003 8.8407e+01      0.887 0.0000e+00
        208 265.510310    0.01438     0.8625     51.750  1019.4864  40654.667    25.2501      0.880    6.85921     9.0966     9.0960    19.4824   12.41897 8.7346e+01      0.889 0.0000e+00
        209 265.510313    0.01444     0.8667     52.000  1019.4897  40660.777    25.2543      0.884    6.85899     9.0970     9.0963    19.4856   12.41854 8.6051e+01      0.893 0.0000e+00
        210 265.510315    0.01451     0.8708     52.250  1019.4840  40649.981    25.2469      0.889    6.85924     9.0971     9.0967    19.4798   12.41905 8.5754e+01      0.897 0.0000e+00
        211 265.510318    0.01458     0.8750     52.500  1019.4725  40628.500    25.2323      0.891    6.85984     9.0966     9.0971    19.4683   12.42022 8.7338e+01      0.899 0.0000e+00
        212 265.510321    0.01465     0.8792     52.750  1019.4620  40608.899    25.2189      0.888    6.86042     9.0958     9.0971    19.4579   12.42137 9.0931e+01      0.896 0.0000e+00
        213 265.510324    0.01472     0.8833     53.000  1019.4580  40601.372    25.2137      0.881    6.86072     9.0951     9.0967    19.4539   12.42193 9.5765e+01      0.889 0.0000e+00
        214 265.510327    0.01479     0.8875     53.250  1019.4633  40611.243    25.2204      0.871    6.86055     9.0952     9.0959    19.4592   12.42156 1.0025e+02      0.879 0.0000e+00
        215 265.510330    0.01486     0.8917     53.500  1019.4761  40635.163    25.2367      0.863    6.85994     9.0971     9.0952    19.4720   12.42034 1.0247e+02      0.871 0.0000e+00
        216 265.510333    0.01493     0.8958     53.750  1019.4902  40661.664    25.2548      0.859    6.85912     9.1017     9.0953    19.4861   12.41875 1.0146e+02      0.867 0.0000e+00
        217 265.510336    0.01500     0.9000     54.000  1019.4985  40677.508    25.2659      0.860    6.85833     9.1080     9.0972    19.4945   12.41729 9.8115e+01      0.868 0.0000e+00
        218 265.510339    0.01507     0.9042     54.250  1019.4952  40671.814    25.2625      0.866    6.85778     9.1133     9.1018    19.4912   12.41641 9.4574e+01      0.874 0.0000e+00
        219 265.510341    0.01514     0.9083     54.500  1019.4809  40645.537    25.2452      0.873    6.85758     9.1155     9.1081    19.4769   12.41630 9.2758e+01      0.881 0.0000e+00
        220 265.510344    0.01521     0.9125     54.750  1019.4635  40613.388    25.2237      0.877    6.85770     9.1143     9.1134    19.4594   12.41678 9.3417e+01      0.885 0.0000e+00
        221 265.510347    0.01528     0.9167     55.000  1019.4515  40591.170    25.2088      0.877    6.85802     9.1107     9.1156    19.4474   12.41749 9.6109e+01      0.886 0.0000e+00
        222 265.510350    0.01535     0.9208     55.250  1019.4500  40588.311    25.2067      0.873    6.85830     9.1066     9.1144    19.4459   12.41798 9.9620e+01      0.882 0.0000e+00
        223 265.510353    0.01542     0.9250     55.500  1019.4597  40606.092    25.2185      0.867    6.85834     9.1039     9.1108    19.4556   12.41790 1.0244e+02      0.875 0.0000e+00
        224 265.510356    0.01549     0.9292     55.750  1019.4759  40636.145    25.2386      0.861    6.85807     9.1032     9.1067    19.4719   12.41720 1.0351e+02      0.869 0.0000e+00
        225 265.510359    0.01556     0.9333     56.000  1019.4914  40664.960    25.2580      0.858    6.85764     9.1048     9.1040    19.4874   12.41623 1.0282e+02      0.866 0.0000e+00
        226 265.510362    0.01563     0.9375     56.250  1019.4995  40679.972    25.2682      0.860    6.85729     9.1081     9.1033    19.4955   12.41552 1.0133e+02      0.868 0.0000e+00
        227 265.510365    0.01569     0.9417     56.500  1019.4958  40673.170    25.2637      0.865    6.85723     9.1113     9.1049    19.4917   12.41549 1.0011e+02      0.873 0.0000e+00
        228 265.510367    0.01576     0.9458     56.750  1019.4829  40649.327    25.2478      0.870    6.85744     9.1130     9.1082    19.4788   12.41604 9.9627e+01      0.878 0.0000e+00
        229 265.510370    0.01583     0.9500     57.000  1019.4689  40623.534    25.2305      0.874    6.85770     9.1125     9.1114    19.4649   12.41669 9.9632e+01      0.882 0.0000e+00
        230 265.510373    0.01590     0.9542     57.250  1019.4603  40607.468    25.2197      0.876    6.85792     9.1102     9.1131    19.4563   12.41719 9.9493e+01      0.885 0.0000e+00
        231 265.510376    0.01597     0.9583     57.500  1019.4599  40606.624    25.2191      0.878    6.85802     9.1072     9.1126    19.4558   12.41738 9.8678e+01      0.886 0.0000e+00
        232 265.510379    0.01604     0.9625     57.750  1019.4669  40619.633    25.2277      0.880    6.85800     9.1043     9.1103    19.4629   12.41722 9.7214e+01      0.888 0.0000e+00
        233 265.510382    0.01611     0.9667     58.000  1019.4767  40637.511    25.2396      0.882    6.85794     9.1021     9.1073    19.4726   12.41699 9.5769e+01      0.890 0.0000e+00
        234 265.510385    0.01618     0.9708     58.250  1019.4843  40651.384    25.2487      0.883    6.85798     9.1006     9.1044    19.4801   12.41693 9.5178e+01      0.891 0.0000e+00
        235 265.510388    0.01625     0.9750     58.500  1019.4884  40658.956    25.2537      0.883    6.85810     9.0996     9.1022    19.4843   12.41707 9.5797e+01      0.891 0.0000e+00
        236 265.510391    0.01632     0.9792     58.750  1019.4907  40663.169    25.2564      0.881    6.85822     9.0991     9.1006    19.4866   12.41724 9.7218e+01      0.890 0.0000e+00
        237 265.510394    0.01639     0.9833     59.000  1019.4931  40667.465    25.2592      0.880    6.85825     9.0992     9.0996    19.4890   12.41724 9.8473e+01      0.888 0.0000e+00
        238 265.510396    0.01646     0.9875     59.250  1019.4957  40672.443    25.2626      0.880    6.85817     9.0997     9.0992    19.4917   12.41707 9.8713e+01      0.888 0.0000e+00
        239 265.510399    0.01653     0.9917     59.500  1019.4977  40676.124    25.2651      0.882    6.85804     9.1005     9.0993    19.4937   12.41683 9.7847e+01      0.890 0.0000e+00
        240 265.510402    0.01660     0.9958     59.750  1019.4979  40676.526    25.2654      0.886    6.85795     9.1014     9.0998    19.4939   12.41667 9.6533e+01      0.894 0.0000e+00
        241 265.510405    0.01667     1.0000     60.000  1019.4959  40672.807    25.2630      0.889    6.85794     9.1024     9.1006    19.4918   12.41668 9.5690e+01      0.898 0.0000e+00
        242 265.510408    0.01674     1.0042     60.250  1019.4922  40665.942    25.2584      0.891    6.85800     9.1033     9.1015    19.4881   12.41683 9.6048e+01      0.899 0.0000e+00
        243 265.510411    0.01681     1.0083     60.500  1019.4889  40659.851    25.2544      0.889    6.85804     9.1043     9.1025    19.4848   12.41694 9.7811e+01      0.898 0.0000e+00
        244 265.510414    0.01688     1.0125     60.750  1019.4900  40661.875    25.2559      0.885    6.85784     9.1058     9.1033    19.4859   12.41659 1.0038e+02      0.893 0.0000e+00
        245 265.510417    0.01694     1.0167     61.000  1019.4998  40680.381    25.2687      0.879    6.85712     9.1083     9.1043    19.4957   12.41523 1.0248e+02      0.887 0.0000e+00
        246 265.510420    0.01701     1.0208     61.250  1019.5203  40718.901    25.2952      0.875    6.85571     9.1125     9.1059    19.5162   12.41256 1.0295e+02      0.884 0.0000e+00
        247 265.510422    0.01708     1.0250     61.500  1019.5503  40775.413    25.3342      0.876    6.85360     9.1191     9.1084    19.5463   12.40858 1.0152e+02      0.884 0.0000e+00
        248 265.510425    0.01715     1.0292     61.750  1019.5893  40848.655    25.3849      0.881    6.85073     9.1286     9.1126    19.5852   12.40317 9.9014e+01      0.889 0.0000e+00
        249 265.510428    0.01722     1.0333     62.000  1019.6418  40947.389    25.4534      0.888    6.84671     9.1416     9.1192    19.6377   12.39562 9.6964e+01      0.896 0.0000e+00
        250 265.510431    0.01729     1.0375     62.250  1019.7249  41103.441    25.5615      0.894    6.84048     9.1600     9.1287    19.7208   12.38393 9.6942e+01      0.902 0.0000e+00
        251 265.510434    0.01736     1.0417     62.500  1019.8709  41377.444    25.7510      0.895    6.83016     9.1861     9.1417    19.8667   12.36440 9.9843e+01      0.903 0.0000e+00
        252 265.510437    0.01743     1.0458     62.750  1020.0835  41776.424    26.0268      0.889    6.81522     9.2180     9.1601    20.0793   12.33612 1.0533e+02      0.897 0.0000e+00
        253 265.510440    0.01750     1.0500     63.000  1020.2918  42168.120    26.2986      0.877    6.79929     9.2491     9.1862    20.2877   12.30625 1.1174e+02      0.886 0.0000e+00
        254 265.510443    0.01757     1.0542     63.250  1020.4289  42427.472    26.4803      0.864    6.78645     9.2756     9.2181    20.4249   12.28265 1.1652e+02      0.873 0.0000e+00
        255 265.510446    0.01764     1.0583     63.500  1020.5131  42587.937    26.5940      0.857    6.77672     9.2984     9.2492    20.5091   12.26506 1.1715e+02      0.865 0.0000e+00
