CTD-processing/allCTD/CNV--homogene/2012_10-29_t3_s01_cast046.cnv
* Sea-Bird SBE19plus Data File:
* FileName = C:\Documents and Settings\kris.holderied.local\My Documents\2012-CTD-DATA-new-files\2012-10-CookInlet-LTM\2012-10-29-LTM-CookInlet-Tran3-AnchorPt\2012-10-29-CookInlet-Tran3-cast046.hex
* Software Version 1.54
* Temperature SN =  4141
* Conductivity SN =  4141
* System UpLoad Time = Nov 20 2012 18:16:17
** Cook Inlet EVOSTC Transect 3 Anchor Pt west to east
** Date:  29 Oct 2012
** Station:  3-01
** Start time (AKDT-24 hr):  0852
** Depth (m):  19
** Comment:1st station of transect #3, relatively calm
# nquan = 17
# nvalues = 670                         
# units = specified
# name 0 = scan: Scan Count
# name 1 = timeJ: Julian Days
# name 2 = timeH: Time, Elapsed [hours]
# name 3 = timeM: Time, Elapsed [minutes]
# name 4 = timeS: Time, Elapsed [seconds]
# name 5 = density00: Density [density, kg/m^3]
# name 6 = specc: Specific Conductance [uS/cm]
# name 7 = sal00: Salinity, Practical [PSU]
# name 8 = depSM: Depth [salt water, m], lat = 59.00
# name 9 = oxsolML/L: Oxygen Saturation, Garcia & Gordon [ml/l]
# name 10 = potemp090C: Potential Temperature [ITS-90, deg C]
# name 11 = tv290C: Temperature [ITS-90, deg C]
# name 12 = sigma-é00: Density [sigma-theta, kg/m^3]
# name 13 = n2satML/L: Nitrogen Saturation [ml/l]
# name 14 = par: PAR/Irradiance, Biospherical/Licor
# name 15 = prdM: Pressure, Strain Gauge [db]
# name 16 = flag:  0.000e+00
# span 0 =          1,        670       
# span 1 = 303.371667, 303.373602       
# span 2 =    0.00000,    0.04646       
# span 3 =     0.0000,     2.7875       
# span 4 =      0.000,    167.250       
# span 5 =   999.6335,  1022.4621       
# span 6 =      0.606,  45960.876       
# span 7 =     0.0028,    28.6430       
# span 8 =     -0.074,     16.411       
# span 9 =    7.00119,    7.89224       
# span 10 =     6.7373,    10.7756      
# span 11 =     6.7373,    10.7793      
# span 12 =    -0.3662,    22.3866      
# span 13 =   12.61143,   14.49633      
# span 14 = 5.4819e-02, 7.8019e+00      
# span 15 =     -0.075,     16.567      
# span 16 = 0.0000e+00, 0.0000e+00      
# interval = seconds: 0.25
# start_time = Oct 29 2012 08:55:12 [Instrument's time stamp, header]
# bad_flag = -9.990e-29
*END*
[from data line 171]
        172 303.372161    0.01188     0.7125     42.750   999.6810      3.856     0.0061     -0.073    7.84637    10.2762    10.2813    -0.3187   14.41911 4.1349e+00     -0.074 0.0000e+00
        173 303.372164    0.01194     0.7167     43.000   999.6812      3.860     0.0061     -0.073    7.84684    10.2735    10.2788    -0.3184   14.41991 4.1605e+00     -0.074 0.0000e+00
        174 303.372167    0.01201     0.7208     43.250   999.6815      3.864     0.0061     -0.073    7.84732    10.2709    10.2762    -0.3182   14.42072 4.1986e+00     -0.074 0.0000e+00
        175 303.372170    0.01208     0.7250     43.500   999.6817      3.867     0.0061     -0.073    7.84780    10.2682    10.2735    -0.3179   14.42153 4.2309e+00     -0.074 0.0000e+00
        176 303.372173    0.01215     0.7292     43.750   999.6820      3.879     0.0061     -0.073    7.84829    10.2656    10.2709    -0.3177   14.42236 4.2484e+00     -0.074 0.0000e+00
        177 303.372176    0.01222     0.7333     44.000   999.6822      3.895     0.0061     -0.073    7.84878    10.2629    10.2682    -0.3174   14.42319 4.2602e+00     -0.074 0.0000e+00
        178 303.372179    0.01229     0.7375     44.250   999.6825      3.910     0.0061     -0.072    7.84927    10.2603    10.2656    -0.3172   14.42402 4.2633e+00     -0.073 0.0000e+00
        179 303.372182    0.01236     0.7417     44.500   999.6827      3.921     0.0061     -0.072    7.84976    10.2577    10.2629    -0.3169   14.42484 4.2549e+00     -0.073 0.0000e+00
        180 303.372185    0.01243     0.7458     44.750   999.6829      3.921     0.0061     -0.073    7.85024    10.2551    10.2603    -0.3167   14.42566 4.2408e+00     -0.074 0.0000e+00
        181 303.372188    0.01250     0.7500     45.000   999.6832      3.920     0.0061     -0.073    7.85072    10.2525    10.2577    -0.3165   14.42647 4.2111e+00     -0.074 0.0000e+00
        182 303.372190    0.01257     0.7542     45.250   999.6834      3.925     0.0061     -0.073    7.85120    10.2498    10.2551    -0.3163   14.42728 4.1563e+00     -0.074 0.0000e+00
        183 303.372193    0.01264     0.7583     45.500   999.6837      3.928     0.0061     -0.073    7.85169    10.2472    10.2524    -0.3160   14.42810 4.0731e+00     -0.074 0.0000e+00
        184 303.372196    0.01271     0.7625     45.750   999.6839      3.923     0.0061     -0.073    7.85217    10.2445    10.2498    -0.3158   14.42893 4.0518e+00     -0.074 0.0000e+00
        185 303.372199    0.01278     0.7667     46.000   999.6841      3.919     0.0061     -0.073    7.85266    10.2419    10.2471    -0.3155   14.42975 4.1736e+00     -0.074 0.0000e+00
        186 303.372202    0.01285     0.7708     46.250   999.6844      3.923     0.0061     -0.073    7.85315    10.2393    10.2445    -0.3153   14.43057 4.3440e+00     -0.074 0.0000e+00
        187 303.372205    0.01292     0.7750     46.500   999.6846      3.925     0.0061     -0.073    7.85363    10.2367    10.2419    -0.3150   14.43139 4.4893e+00     -0.074 0.0000e+00
        188 303.372208    0.01299     0.7792     46.750   999.6848      3.925     0.0061     -0.073    7.85411    10.2341    10.2392    -0.3148   14.43221 4.6024e+00     -0.074 0.0000e+00
        189 303.372211    0.01306     0.7833     47.000   999.6851      3.932     0.0061     -0.073    7.85459    10.2316    10.2366    -0.3146   14.43302 4.6794e+00     -0.074 0.0000e+00
        190 303.372214    0.01313     0.7875     47.250   999.6853      3.939     0.0061     -0.073    7.85507    10.2290    10.2341    -0.3143   14.43382 4.7382e+00     -0.074 0.0000e+00
        191 303.372216    0.01319     0.7917     47.500   999.6856      3.940     0.0061     -0.073    7.85554    10.2265    10.2315    -0.3141   14.43462 4.7862e+00     -0.074 0.0000e+00
        192 303.372219    0.01326     0.7958     47.750   999.6858      3.943     0.0061     -0.073    7.85600    10.2240    10.2290    -0.3139   14.43540 4.8261e+00     -0.074 0.0000e+00
        193 303.372222    0.01333     0.8000     48.000   999.6860      3.950     0.0061     -0.073    7.85647    10.2216    10.2265    -0.3136   14.43619 4.8584e+00     -0.074 0.0000e+00
        194 303.372225    0.01340     0.8042     48.250   999.6862      3.944     0.0061     -0.073    7.85693    10.2191    10.2240    -0.3134   14.43696 4.8684e+00     -0.074 0.0000e+00
        195 303.372228    0.01347     0.8083     48.500   999.6865      3.933     0.0061     -0.073    7.85738    10.2165    10.2215    -0.3132   14.43774 4.8407e+00     -0.074 0.0000e+00
        196 303.372231    0.01354     0.8125     48.750   999.6867      3.925     0.0061     -0.073    7.85784    10.2139    10.2190    -0.3130   14.43851 4.7813e+00     -0.074 0.0000e+00
        197 303.372234    0.01361     0.8167     49.000   999.6869      3.912     0.0061     -0.073    7.85831    10.2114    10.2165    -0.3127   14.43930 4.7029e+00     -0.074 0.0000e+00
        198 303.372237    0.01368     0.8208     49.250   999.6871      3.900     0.0061     -0.073    7.85878    10.2088    10.2139    -0.3125   14.44011 4.6261e+00     -0.074 0.0000e+00
        199 303.372240    0.01375     0.8250     49.500   999.6874      3.889     0.0060     -0.074    7.85926    10.2062    10.2114    -0.3123   14.44091 4.5526e+00     -0.075 0.0000e+00
        200 303.372242    0.01382     0.8292     49.750   999.6876      3.882     0.0060     -0.074    7.85973    10.2037    10.2088    -0.3121   14.44171 4.4416e+00     -0.075 0.0000e+00
        201 303.372245    0.01389     0.8333     50.000   999.6878      3.886     0.0060     -0.074    7.86021    10.2011    10.2062    -0.3118   14.44251 4.3403e+00     -0.075 0.0000e+00
        202 303.372248    0.01396     0.8375     50.250   999.6881      3.902     0.0060     -0.073    7.86068    10.1986    10.2037    -0.3116   14.44331 4.3215e+00     -0.074 0.0000e+00
        203 303.372251    0.01403     0.8417     50.500   999.6883      3.926     0.0061     -0.073    7.86115    10.1961    10.2011    -0.3113   14.44411 4.2996e+00     -0.074 0.0000e+00
        204 303.372254    0.01410     0.8458     50.750   999.6886      3.948     0.0061     -0.073    7.86162    10.1936    10.1986    -0.3111   14.44490 4.1898e+00     -0.074 0.0000e+00
        205 303.372257    0.01417     0.8500     51.000   999.6888      3.964     0.0061     -0.073    7.86208    10.1912    10.1961    -0.3109   14.44568 3.9903e+00     -0.074 0.0000e+00
        206 303.372260    0.01424     0.8542     51.250   999.6890      3.980     0.0061     -0.073    7.86253    10.1887    10.1936    -0.3107   14.44644 3.6994e+00     -0.074 0.0000e+00
        207 303.372263    0.01431     0.8583     51.500   999.6892      3.999     0.0061     -0.073    7.86298    10.1861    10.1912    -0.3104   14.44721 3.4810e+00     -0.074 0.0000e+00
        208 303.372266    0.01438     0.8625     51.750   999.6895      4.027     0.0061     -0.073    7.86345    10.1836    10.1887    -0.3102   14.44799 3.5186e+00     -0.074 0.0000e+00
        209 303.372269    0.01444     0.8667     52.000   999.6897      4.079     0.0061     -0.073    7.86391    10.1812    10.1861    -0.3100   14.44877 3.6569e+00     -0.074 0.0000e+00
        210 303.372271    0.01451     0.8708     52.250   999.6900      4.122     0.0061     -0.073    7.86437    10.1787    10.1836    -0.3097   14.44955 3.6953e+00     -0.074 0.0000e+00
        211 303.372274    0.01458     0.8750     52.500   999.6902      4.081     0.0061     -0.072    7.86483    10.1763    10.1812    -0.3095   14.45032 3.6200e+00     -0.073 0.0000e+00
        212 303.372277    0.01465     0.8792     52.750   999.6903      3.967     0.0061     -0.072    7.86528    10.1738    10.1787    -0.3093   14.45109 3.4360e+00     -0.073 0.0000e+00
        213 303.372280    0.01472     0.8833     53.000   999.6905      3.854     0.0060     -0.073    7.86574    10.1713    10.1763    -0.3091   14.45187 3.2510e+00     -0.074 0.0000e+00
        214 303.372283    0.01479     0.8875     53.250   999.6907      3.767     0.0060     -0.073    7.86620    10.1688    10.1738    -0.3089   14.45265 3.1823e+00     -0.074 0.0000e+00
        215 303.372286    0.01486     0.8917     53.500   999.6909      3.660     0.0059     -0.072    7.86667    10.1664    10.1713    -0.3087   14.45343 3.0444e+00     -0.073 0.0000e+00
        216 303.372289    0.01493     0.8958     53.750   999.6911      3.469     0.0059     -0.072    7.86713    10.1640    10.1688    -0.3085   14.45421 2.7089e+00     -0.073 0.0000e+00
        217 303.372292    0.01500     0.9000     54.000   999.6913      3.276     0.0058     -0.072    7.86758    10.1616    10.1664    -0.3083   14.45498 2.3139e+00     -0.073 0.0000e+00
        218 303.372295    0.01507     0.9042     54.250   999.6914      3.158     0.0058     -0.072    7.86803    10.1593    10.1640    -0.3082   14.45573 1.9363e+00     -0.073 0.0000e+00
        219 303.372297    0.01514     0.9083     54.500   999.6916      3.092     0.0058     -0.072    7.86847    10.1570    10.1616    -0.3080   14.45647 1.6526e+00     -0.073 0.0000e+00
        220 303.372300    0.01521     0.9125     54.750   999.6919      3.198     0.0058     -0.072    7.86890    10.1546    10.1593    -0.3077   14.45720 1.5735e+00     -0.073 0.0000e+00
        221 303.372303    0.01528     0.9167     55.000   999.6922      3.506     0.0059     -0.072    7.86932    10.1523    10.1570    -0.3075   14.45792 1.6007e+00     -0.073 0.0000e+00
        222 303.372306    0.01535     0.9208     55.250   999.6925      3.877     0.0060     -0.072    7.86974    10.1499    10.1546    -0.3072   14.45864 1.6021e+00     -0.073 0.0000e+00
        223 303.372309    0.01542     0.9250     55.500   999.6928      4.307     0.0061     -0.073    7.87017    10.1475    10.1523    -0.3068   14.45936 1.7079e+00     -0.074 0.0000e+00
        224 303.372312    0.01549     0.9292     55.750   999.6932      4.829     0.0063     -0.073    7.87061    10.1451    10.1499    -0.3065   14.46009 1.8654e+00     -0.074 0.0000e+00
        225 303.372315    0.01556     0.9333     56.000   999.6936      5.526     0.0066     -0.073    7.87104    10.1427    10.1475    -0.3061   14.46081 1.9010e+00     -0.074 0.0000e+00
        226 303.372318    0.01563     0.9375     56.250   999.6940      6.512     0.0069     -0.073    7.87146    10.1403    10.1451    -0.3056   14.46152 2.0307e+00     -0.074 0.0000e+00
        227 303.372321    0.01569     0.9417     56.500   999.6946      7.755     0.0074     -0.073    7.87188    10.1379    10.1427    -0.3050   14.46223 2.3069e+00     -0.074 0.0000e+00
        228 303.372323    0.01576     0.9458     56.750   999.6952      8.980     0.0078     -0.072    7.87231    10.1355    10.1403    -0.3044   14.46293 2.3553e+00     -0.073 0.0000e+00
        229 303.372326    0.01583     0.9500     57.000   999.6957      9.902     0.0081     -0.072    7.87273    10.1331    10.1379    -0.3039   14.46365 2.1194e+00     -0.073 0.0000e+00
        230 303.372329    0.01590     0.9542     57.250   999.6961     10.524     0.0083     -0.072    7.87317    10.1307    10.1355    -0.3035   14.46438 1.9755e+00     -0.073 0.0000e+00
        231 303.372332    0.01597     0.9583     57.500   999.6964     10.909     0.0085     -0.072    7.87360    10.1282    10.1331    -0.3032   14.46512 1.9476e+00     -0.073 0.0000e+00
        232 303.372335    0.01604     0.9625     57.750   999.6967     11.131     0.0086     -0.071    7.87405    10.1257    10.1307    -0.3029   14.46588 1.8375e+00     -0.072 0.0000e+00
        233 303.372338    0.01611     0.9667     58.000   999.6970     11.230     0.0086     -0.071    7.87451    10.1232    10.1282    -0.3027   14.46665 1.7437e+00     -0.072 0.0000e+00
        234 303.372341    0.01618     0.9708     58.250   999.6972     11.170     0.0086     -0.071    7.87498    10.1207    10.1257    -0.3025   14.46744 1.7442e+00     -0.072 0.0000e+00
        235 303.372344    0.01625     0.9750     58.500   999.6974     11.073     0.0086     -0.071    7.87544    10.1182    10.1232    -0.3023   14.46822 1.8712e+00     -0.072 0.0000e+00
        236 303.372347    0.01632     0.9792     58.750   999.6976     11.068     0.0086     -0.071    7.87591    10.1158    10.1207    -0.3021   14.46900 2.2359e+00     -0.072 0.0000e+00
        237 303.372350    0.01639     0.9833     59.000   999.6978     11.188     0.0086     -0.071    7.87636    10.1136    10.1182    -0.3018   14.46977 2.9363e+00     -0.072 0.0000e+00
        238 303.372352    0.01646     0.9875     59.250   999.6981     11.471     0.0087     -0.071    7.87679    10.1114    10.1158    -0.3015   14.47050 3.8538e+00     -0.072 0.0000e+00
        239 303.372355    0.01653     0.9917     59.500   999.6985     11.986     0.0089     -0.071    7.87720    10.1094    10.1135    -0.3012   14.47119 4.8775e+00     -0.072 0.0000e+00
        240 303.372358    0.01660     0.9958     59.750   999.6989     12.760     0.0092     -0.071    7.87759    10.1076    10.1114    -0.3007   14.47184 6.0509e+00     -0.072 0.0000e+00
        241 303.372361    0.01667     1.0000     60.000   999.6995     13.819     0.0097     -0.070    7.87795    10.1060    10.1094    -0.3002   14.47244 6.8674e+00     -0.071 0.0000e+00
        242 303.372364    0.01674     1.0042     60.250   999.7001     15.295     0.0103     -0.070    7.87825    10.1044    10.1076    -0.2996   14.47293 7.1759e+00     -0.071 0.0000e+00
        243 303.372367    0.01681     1.0083     60.500   999.7010     17.440     0.0111     -0.070    7.87850    10.1027    10.1060    -0.2987   14.47335 7.5336e+00     -0.071 0.0000e+00
        244 303.372370    0.01688     1.0125     60.750   999.7021     20.487     0.0124     -0.070    7.87873    10.1008    10.1044    -0.2976   14.47372 7.8019e+00     -0.071 0.0000e+00
        245 303.372373    0.01694     1.0167     61.000   999.7035     24.289     0.0139     -0.070    7.87897    10.0988    10.1027    -0.2962   14.47410 7.6384e+00     -0.071 0.0000e+00
        246 303.372376    0.01701     1.0208     61.250   999.7048     27.821     0.0154     -0.070    7.87925    10.0967    10.1008    -0.2949   14.47454 7.1324e+00     -0.070 0.0000e+00
        247 303.372378    0.01708     1.0250     61.500   999.7057     30.210     0.0164     -0.069    7.87957    10.0946    10.0988    -0.2940   14.47507 6.4678e+00     -0.070 0.0000e+00
        248 303.372381    0.01715     1.0292     61.750   999.7064     31.774     0.0170     -0.069    7.87992    10.0925    10.0967    -0.2933   14.47567 5.7956e+00     -0.069 0.0000e+00
        249 303.372384    0.01722     1.0333     62.000   999.7070     32.945     0.0175     -0.068    7.88029    10.0904    10.0946    -0.2927   14.47628 5.3202e+00     -0.069 0.0000e+00
        250 303.372387    0.01729     1.0375     62.250   999.7075     33.921     0.0179     -0.068    7.88066    10.0884    10.0925    -0.2922   14.47690 5.2872e+00     -0.068 0.0000e+00
        251 303.372390    0.01736     1.0417     62.500   999.7080     34.787     0.0183     -0.068    7.88102    10.0865    10.0904    -0.2917   14.47751 5.5498e+00     -0.069 0.0000e+00
        252 303.372393    0.01743     1.0458     62.750   999.7084     35.555     0.0186     -0.069    7.88138    10.0845    10.0884    -0.2913   14.47811 5.7050e+00     -0.069 0.0000e+00
        253 303.372396    0.01750     1.0500     63.000   999.7088     36.304     0.0189     -0.069    7.88173    10.0827    10.0865    -0.2908   14.47870 5.6101e+00     -0.069 0.0000e+00
        254 303.372399    0.01757     1.0542     63.250   999.7092     36.903     0.0192     -0.069    7.88208    10.0809    10.0845    -0.2905   14.47929 5.3326e+00     -0.070 0.0000e+00
        255 303.372402    0.01764     1.0583     63.500   999.7095     37.184     0.0193     -0.069    7.88242    10.0792    10.0827    -0.2902   14.47986 5.1051e+00     -0.070 0.0000e+00
