CTD-processing/allCTD/CNV--homogene/2012_09-21_t9_s06_repeat4_cast178.cnv
* Sea-Bird SBE19plus Data File:
* FileName = C:\Documents and Settings\kris.holderied.local\My Documents\2012-CTD-DATA-new-files\2012-09-21-CTD-HomerSpit-tide-time-series-KBRRctd\2012-09-21-CTD-HomerSpit-tide-repeat4\2012-09-21-HomerSpit-tide-repeat4-cast178.hex
* Software Version 1.54
* Temperature SN =  4141
* Conductivity SN =  4141
* System UpLoad Time = Oct 11 2012 19:24:41
** Kachemak Bay Homer Spit Line - Tidal repeat4
** Date:  2012-09-21
** Station: 9-06
** Start time (AKDT-24 hr): 1511
** Depth (ft): not available
** Comment:Depth sounder not working. Secchi disk=66 inches. Raining harder. ~1 ft chop. Drift to SW.
# nquan = 17
# nvalues = 807                         
# units = specified
# name 0 = scan: Scan Count
# name 1 = timeJ: Julian Days
# name 2 = timeH: Time, Elapsed [hours]
# name 3 = timeM: Time, Elapsed [minutes]
# name 4 = timeS: Time, Elapsed [seconds]
# name 5 = density00: Density [density, kg/m^3]
# name 6 = specc: Specific Conductance [uS/cm]
# name 7 = sal00: Salinity, Practical [PSU]
# name 8 = depSM: Depth [salt water, m], lat = 59.00
# name 9 = oxsolML/L: Oxygen Saturation, Garcia & Gordon [ml/l]
# name 10 = potemp090C: Potential Temperature [ITS-90, deg C]
# name 11 = tv290C: Temperature [ITS-90, deg C]
# name 12 = sigma-é00: Density [sigma-theta, kg/m^3]
# name 13 = n2satML/L: Nitrogen Saturation [ml/l]
# name 14 = par: PAR/Irradiance, Biospherical/Licor
# name 15 = prdM: Pressure, Strain Gauge [db]
# name 16 = flag:  0.000e+00
# span 0 =          1,        807       
# span 1 = 265.632384, 265.634716       
# span 2 =    0.00000,    0.05597       
# span 3 =     0.0000,     3.3583       
# span 4 =      0.000,    201.500       
# span 5 =  1001.8830,  1024.2443       
# span 6 =   5165.203,  48708.697       
# span 7 =     2.7443,    30.8300       
# span 8 =     -0.135,     98.594       
# span 9 =    6.54631,    7.82364       
# span 10 =     9.2936,     9.7640      
# span 11 =     9.2937,     9.7646      
# span 12 =     1.8836,    23.7922      
# span 13 =   11.83443,   14.34053      
# span 14 = 6.5765e-02, 3.0375e+02      
# span 15 =     -0.136,     99.548      
# span 16 = 0.0000e+00, 0.0000e+00      
# interval = seconds: 0.25
# start_time = Sep 21 2012 15:10:38 [Instrument's time stamp, header]
# bad_flag = -9.990e-29
*END*
[from data line 341]
        342 265.633371    0.02368     1.4208     85.250  1018.9664  39700.821    24.6198      0.829    6.85598     9.2969     9.2972    18.9626   12.42155 1.4939e+02      0.837 0.0000e+00
        343 265.633374    0.02375     1.4250     85.500  1018.9646  39697.404    24.6175      0.821    6.85610     9.2967     9.2971    18.9608   12.42178 1.4969e+02      0.828 0.0000e+00
        344 265.633377    0.02382     1.4292     85.750  1018.9628  39694.088    24.6152      0.817    6.85622     9.2964     9.2970    18.9590   12.42201 1.4941e+02      0.825 0.0000e+00
        345 265.633380    0.02389     1.4333     86.000  1018.9615  39691.662    24.6135      0.821    6.85632     9.2962     9.2968    18.9578   12.42220 1.4864e+02      0.828 0.0000e+00
        346 265.633383    0.02396     1.4375     86.250  1018.9615  39691.519    24.6134      0.831    6.85636     9.2961     9.2965    18.9577   12.42227 1.4759e+02      0.838 0.0000e+00
        347 265.633385    0.02403     1.4417     86.500  1018.9625  39693.213    24.6145      0.842    6.85634     9.2960     9.2963    18.9586   12.42223 1.4690e+02      0.850 0.0000e+00
        348 265.633388    0.02410     1.4458     86.750  1018.9637  39695.325    24.6160      0.849    6.85631     9.2960     9.2962    18.9598   12.42215 1.4684e+02      0.856 0.0000e+00
        349 265.633391    0.02417     1.4500     87.000  1018.9644  39696.703    24.6169      0.848    6.85628     9.2961     9.2961    18.9605   12.42209 1.4728e+02      0.856 0.0000e+00
        350 265.633394    0.02424     1.4542     87.250  1018.9646  39697.120    24.6172      0.842    6.85626     9.2961     9.2961    18.9607   12.42206 1.4824e+02      0.849 0.0000e+00
        351 265.633397    0.02431     1.4583     87.500  1018.9651  39698.143    24.6179      0.834    6.85622     9.2962     9.2962    18.9613   12.42199 1.4884e+02      0.842 0.0000e+00
        352 265.633400    0.02438     1.4625     87.750  1018.9668  39701.299    24.6201      0.831    6.85612     9.2964     9.2962    18.9629   12.42179 1.4821e+02      0.839 0.0000e+00
        353 265.633403    0.02444     1.4667     88.000  1018.9695  39706.453    24.6236      0.835    6.85595     9.2965     9.2963    18.9657   12.42146 1.4709e+02      0.842 0.0000e+00
        354 265.633406    0.02451     1.4708     88.250  1018.9727  39712.357    24.6276      0.843    6.85575     9.2967     9.2964    18.9688   12.42108 1.4656e+02      0.850 0.0000e+00
        355 265.633409    0.02458     1.4750     88.500  1018.9753  39717.147    24.6309      0.850    6.85558     9.2968     9.2966    18.9713   12.42076 1.4667e+02      0.858 0.0000e+00
        356 265.633411    0.02465     1.4792     88.750  1018.9764  39719.173    24.6323      0.853    6.85549     9.2969     9.2968    18.9724   12.42060 1.4709e+02      0.861 0.0000e+00
        357 265.633414    0.02472     1.4833     89.000  1018.9757  39718.040    24.6315      0.849    6.85550     9.2970     9.2969    18.9718   12.42063 1.4782e+02      0.857 0.0000e+00
        358 265.633417    0.02479     1.4875     89.250  1018.9742  39715.319    24.6297      0.841    6.85557     9.2970     9.2970    18.9704   12.42076 1.4833e+02      0.848 0.0000e+00
        359 265.633420    0.02486     1.4917     89.500  1018.9733  39713.610    24.6285      0.833    6.85562     9.2971     9.2971    18.9695   12.42085 1.4771e+02      0.840 0.0000e+00
        360 265.633423    0.02493     1.4958     89.750  1018.9741  39715.085    24.6295      0.831    6.85557     9.2973     9.2971    18.9702   12.42075 1.4644e+02      0.839 0.0000e+00
        361 265.633426    0.02500     1.5000     90.000  1018.9775  39721.399    24.6338      0.840    6.85536     9.2977     9.2972    18.9736   12.42036 1.4539e+02      0.848 0.0000e+00
        362 265.633429    0.02507     1.5042     90.250  1018.9834  39732.491    24.6414      0.856    6.85499     9.2984     9.2974    18.9794   12.41965 1.4448e+02      0.864 0.0000e+00
        363 265.633432    0.02514     1.5083     90.500  1018.9898  39744.314    24.6495      0.870    6.85457     9.2990     9.2978    18.9857   12.41884 1.4403e+02      0.878 0.0000e+00
        364 265.633435    0.02521     1.5125     90.750  1018.9925  39749.460    24.6531      0.873    6.85431     9.2993     9.2985    18.9884   12.41837 1.4480e+02      0.881 0.0000e+00
        365 265.633438    0.02528     1.5167     91.000  1018.9900  39744.938    24.6501      0.862    6.85435     9.2992     9.2991    18.9859   12.41846 1.4655e+02      0.870 0.0000e+00
        366 265.633440    0.02535     1.5208     91.250  1018.9854  39736.486    24.6444      0.844    6.85455     9.2988     9.2994    18.9814   12.41888 1.4817e+02      0.852 0.0000e+00
        367 265.633443    0.02542     1.5250     91.500  1018.9818  39729.817    24.6398      0.827    6.85477     9.2983     9.2993    18.9779   12.41930 1.4884e+02      0.835 0.0000e+00
        368 265.633446    0.02549     1.5292     91.750  1018.9795  39725.645    24.6369      0.820    6.85496     9.2979     9.2989    18.9757   12.41964 1.4856e+02      0.828 0.0000e+00
        369 265.633449    0.02556     1.5333     92.000  1018.9788  39724.231    24.6359      0.825    6.85507     9.2976     9.2984    18.9750   12.41985 1.4760e+02      0.833 0.0000e+00
        370 265.633452    0.02562     1.5375     92.250  1018.9798  39725.973    24.6371      0.838    6.85509     9.2973     9.2980    18.9759   12.41987 1.4627e+02      0.846 0.0000e+00
        371 265.633455    0.02569     1.5417     92.500  1018.9813  39728.622    24.6388      0.852    6.85507     9.2972     9.2977    18.9773   12.41981 1.4548e+02      0.860 0.0000e+00
        372 265.633458    0.02576     1.5458     92.750  1018.9816  39729.038    24.6391      0.860    6.85509     9.2970     9.2974    18.9776   12.41984 1.4588e+02      0.869 0.0000e+00
        373 265.633461    0.02583     1.5500     93.000  1018.9799  39725.817    24.6369      0.860    6.85522     9.2967     9.2973    18.9759   12.42007 1.4696e+02      0.868 0.0000e+00
        374 265.633464    0.02590     1.5542     93.250  1018.9763  39719.153    24.6323      0.853    6.85544     9.2964     9.2971    18.9723   12.42051 1.4763e+02      0.861 0.0000e+00
        375 265.633466    0.02597     1.5583     93.500  1018.9715  39710.221    24.6262      0.844    6.85575     9.2959     9.2968    18.9676   12.42110 1.4713e+02      0.852 0.0000e+00
        376 265.633469    0.02604     1.5625     93.750  1018.9660  39699.858    24.6191      0.838    6.85611     9.2954     9.2965    18.9621   12.42179 1.4641e+02      0.846 0.0000e+00
        377 265.633472    0.02611     1.5667     94.000  1018.9603  39689.055    24.6117      0.839    6.85651     9.2948     9.2960    18.9564   12.42255 1.4663e+02      0.847 0.0000e+00
        378 265.633475    0.02618     1.5708     94.250  1018.9558  39680.342    24.6057      0.846    6.85686     9.2942     9.2955    18.9518   12.42322 1.4670e+02      0.854 0.0000e+00
        379 265.633478    0.02625     1.5750     94.500  1018.9536  39676.055    24.6027      0.855    6.85709     9.2939     9.2949    18.9496   12.42363 1.4575e+02      0.863 0.0000e+00
        380 265.633481    0.02632     1.5792     94.750  1018.9536  39675.946    24.6025      0.861    6.85718     9.2937     9.2943    18.9495   12.42378 1.4511e+02      0.869 0.0000e+00
        381 265.633484    0.02639     1.5833     95.000  1018.9543  39677.261    24.6034      0.861    6.85720     9.2936     9.2940    18.9502   12.42380 1.4570e+02      0.869 0.0000e+00
        382 265.633487    0.02646     1.5875     95.250  1018.9545  39677.724    24.6037      0.855    6.85721     9.2936     9.2938    18.9505   12.42381 1.4645e+02      0.863 0.0000e+00
        383 265.633490    0.02653     1.5917     95.500  1018.9543  39677.448    24.6035      0.848    6.85723     9.2936     9.2937    18.9504   12.42385 1.4649e+02      0.856 0.0000e+00
        384 265.633492    0.02660     1.5958     95.750  1018.9543  39677.509    24.6036      0.841    6.85723     9.2937     9.2937    18.9504   12.42385 1.4635e+02      0.849 0.0000e+00
        385 265.633495    0.02667     1.6000     96.000  1018.9551  39679.123    24.6047      0.839    6.85718     9.2937     9.2937    18.9512   12.42375 1.4649e+02      0.847 0.0000e+00
        386 265.633498    0.02674     1.6042     96.250  1018.9574  39683.365    24.6076      0.840    6.85705     9.2938     9.2937    18.9535   12.42350 1.4674e+02      0.848 0.0000e+00
        387 265.633501    0.02681     1.6083     96.500  1018.9602  39688.493    24.6111      0.842    6.85689     9.2939     9.2938    18.9562   12.42319 1.4659e+02      0.850 0.0000e+00
        388 265.633504    0.02688     1.6125     96.750  1018.9613  39690.550    24.6125      0.845    6.85681     9.2940     9.2939    18.9573   12.42304 1.4590e+02      0.853 0.0000e+00
        389 265.633507    0.02694     1.6167     97.000  1018.9604  39688.889    24.6113      0.844    6.85684     9.2940     9.2940    18.9564   12.42311 1.4553e+02      0.852 0.0000e+00
        390 265.633510    0.02701     1.6208     97.250  1018.9591  39686.582    24.6098      0.842    6.85691     9.2940     9.2940    18.9552   12.42324 1.4542e+02      0.850 0.0000e+00
        391 265.633513    0.02708     1.6250     97.500  1018.9587  39685.875    24.6093      0.841    6.85693     9.2940     9.2940    18.9549   12.42328 1.4495e+02      0.849 0.0000e+00
        392 265.633516    0.02715     1.6292     97.750  1018.9592  39686.796    24.6099      0.841    6.85690     9.2941     9.2941    18.9554   12.42322 1.4492e+02      0.849 0.0000e+00
        393 265.633519    0.02722     1.6333     98.000  1018.9597  39687.697    24.6105      0.842    6.85686     9.2941     9.2941    18.9558   12.42315 1.4549e+02      0.850 0.0000e+00
        394 265.633521    0.02729     1.6375     98.250  1018.9593  39687.002    24.6101      0.841    6.85687     9.2941     9.2942    18.9554   12.42317 1.4563e+02      0.849 0.0000e+00
        395 265.633524    0.02736     1.6417     98.500  1018.9585  39685.360    24.6090      0.840    6.85691     9.2941     9.2942    18.9546   12.42325 1.4539e+02      0.847 0.0000e+00
        396 265.633527    0.02743     1.6458     98.750  1018.9579  39684.257    24.6082      0.838    6.85695     9.2941     9.2942    18.9540   12.42332 1.4556e+02      0.845 0.0000e+00
        397 265.633530    0.02750     1.6500     99.000  1018.9579  39684.295    24.6082      0.838    6.85695     9.2940     9.2942    18.9540   12.42333 1.4589e+02      0.845 0.0000e+00
        398 265.633533    0.02757     1.6542     99.250  1018.9583  39685.113    24.6088      0.838    6.85693     9.2940     9.2941    18.9544   12.42329 1.4563e+02      0.846 0.0000e+00
        399 265.633536    0.02764     1.6583     99.500  1018.9587  39685.909    24.6093      0.837    6.85691     9.2941     9.2941    18.9549   12.42324 1.4539e+02      0.845 0.0000e+00
        400 265.633539    0.02771     1.6625     99.750  1018.9589  39686.279    24.6096      0.833    6.85690     9.2941     9.2941    18.9551   12.42322 1.4607e+02      0.841 0.0000e+00
        401 265.633542    0.02778     1.6667    100.000  1018.9589  39686.338    24.6096      0.827    6.85689     9.2942     9.2942    18.9551   12.42322 1.4711e+02      0.835 0.0000e+00
        402 265.633545    0.02785     1.6708    100.250  1018.9588  39686.067    24.6095      0.822    6.85689     9.2942     9.2942    18.9550   12.42322 1.4729e+02      0.830 0.0000e+00
        403 265.633547    0.02792     1.6750    100.500  1018.9586  39685.708    24.6092      0.819    6.85690     9.2943     9.2942    18.9548   12.42323 1.4652e+02      0.827 0.0000e+00
        404 265.633550    0.02799     1.6792    100.750  1018.9588  39686.232    24.6096      0.822    6.85688     9.2943     9.2943    18.9550   12.42319 1.4595e+02      0.829 0.0000e+00
        405 265.633553    0.02806     1.6833    101.000  1018.9597  39687.893    24.6107      0.828    6.85682     9.2944     9.2943    18.9559   12.42308 1.4602e+02      0.836 0.0000e+00
        406 265.633556    0.02813     1.6875    101.250  1018.9608  39689.761    24.6120      0.837    6.85676     9.2944     9.2943    18.9569   12.42296 1.4549e+02      0.845 0.0000e+00
        407 265.633559    0.02819     1.6917    101.500  1018.9614  39690.889    24.6127      0.846    6.85672     9.2945     9.2944    18.9575   12.42288 1.4426e+02      0.854 0.0000e+00
        408 265.633562    0.02826     1.6958    101.750  1018.9614  39690.803    24.6127      0.851    6.85671     9.2945     9.2945    18.9575   12.42287 1.4419e+02      0.859 0.0000e+00
        409 265.633565    0.02833     1.7000    102.000  1018.9607  39689.407    24.6118      0.849    6.85675     9.2945     9.2945    18.9567   12.42293 1.4547e+02      0.857 0.0000e+00
        410 265.633568    0.02840     1.7042    102.250  1018.9594  39687.040    24.6102      0.841    6.85681     9.2945     9.2945    18.9554   12.42306 1.4643e+02      0.849 0.0000e+00
        411 265.633571    0.02847     1.7083    102.500  1018.9578  39684.250    24.6083      0.828    6.85689     9.2945     9.2946    18.9539   12.42322 1.4661e+02      0.836 0.0000e+00
        412 265.633573    0.02854     1.7125    102.750  1018.9564  39681.679    24.6065      0.816    6.85697     9.2944     9.2946    18.9526   12.42337 1.4703e+02      0.823 0.0000e+00
        413 265.633576    0.02861     1.7167    103.000  1018.9555  39679.967    24.6054      0.805    6.85702     9.2944     9.2945    18.9517   12.42348 1.4796e+02      0.813 0.0000e+00
        414 265.633579    0.02868     1.7208    103.250  1018.9548  39678.800    24.6046      0.798    6.85707     9.2943     9.2945    18.9511   12.42356 1.4855e+02      0.805 0.0000e+00
        415 265.633582    0.02875     1.7250    103.500  1018.9542  39677.653    24.6038      0.792    6.85711     9.2943     9.2944    18.9505   12.42365 1.4829e+02      0.799 0.0000e+00
        416 265.633585    0.02882     1.7292    103.750  1018.9539  39677.196    24.6035      0.789    6.85713     9.2943     9.2944    18.9502   12.42369 1.4776e+02      0.796 0.0000e+00
        417 265.633588    0.02889     1.7333    104.000  1018.9545  39678.301    24.6042      0.788    6.85710     9.2944     9.2944    18.9508   12.42363 1.4787e+02      0.796 0.0000e+00
        418 265.633591    0.02896     1.7375    104.250  1018.9560  39681.205    24.6062      0.790    6.85701     9.2946     9.2944    18.9523   12.42345 1.4816e+02      0.798 0.0000e+00
        419 265.633594    0.02903     1.7417    104.500  1018.9583  39685.457    24.6091      0.793    6.85687     9.2949     9.2945    18.9546   12.42318 1.4752e+02      0.801 0.0000e+00
        420 265.633597    0.02910     1.7458    104.750  1018.9607  39690.028    24.6122      0.797    6.85670     9.2952     9.2946    18.9570   12.42286 1.4637e+02      0.805 0.0000e+00
        421 265.633600    0.02917     1.7500    105.000  1018.9629  39694.158    24.6151      0.804    6.85654     9.2955     9.2949    18.9592   12.42255 1.4564e+02      0.812 0.0000e+00
        422 265.633602    0.02924     1.7542    105.250  1018.9651  39698.238    24.6179      0.815    6.85637     9.2959     9.2952    18.9614   12.42224 1.4485e+02      0.823 0.0000e+00
        423 265.633605    0.02931     1.7583    105.500  1018.9683  39704.043    24.6219      0.831    6.85614     9.2965     9.2956    18.9645   12.42181 1.4293e+02      0.838 0.0000e+00
        424 265.633608    0.02937     1.7625    105.750  1018.9738  39714.098    24.6288      0.854    6.85577     9.2976     9.2960    18.9698   12.42110 1.3966e+02      0.862 0.0000e+00
        425 265.633611    0.02944     1.7667    106.000  1018.9831  39731.455    24.6407      0.893    6.85515     9.2993     9.2966    18.9790   12.41992 1.3484e+02      0.901 0.0000e+00
