CTD-processing/allCTD/CNV--homogene/2012_08-15_alongbay_s01_outer_cast111.cnv
* Sea-Bird SBE19plus Data File:
* FileName = C:\Documents and Settings\kris.holderied.local\My Documents\2012-08-15-CTD-KBay-along-bay-outer\2012-08-15-KBay-along-bay-outer-cast111.hex
* Software Version 1.54
* Temperature SN =  4141
* Conductivity SN =  4141
* System UpLoad Time = Aug 23 2012 22:51:49
** Kachemak Bay Along Outer Bay CTD
** Date:  2012-08-15
** Station: KB-01
** Start time (AKDT-24 hr): 0932
** Depth (ft):230
** Comment:Entrance near Cook Inlet. Flat, no wind. Knot came undone on the weight. Had to retie. Very clear water. Phytoplankton
# nquan = 17
# nvalues = 590                         
# units = specified
# name 0 = scan: Scan Count
# name 1 = timeJ: Julian Days
# name 2 = timeH: Time, Elapsed [hours]
# name 3 = timeM: Time, Elapsed [minutes]
# name 4 = timeS: Time, Elapsed [seconds]
# name 5 = density00: Density [density, kg/m^3]
# name 6 = specc: Specific Conductance [uS/cm]
# name 7 = sal00: Salinity, Practical [PSU]
# name 8 = depSM: Depth [salt water, m], lat = 59.00
# name 9 = oxsolML/L: Oxygen Saturation, Garcia & Gordon [ml/l]
# name 10 = potemp090C: Potential Temperature [ITS-90, deg C]
# name 11 = tv290C: Temperature [ITS-90, deg C]
# name 12 = sigma-é00: Density [sigma-theta, kg/m^3]
# name 13 = n2satML/L: Nitrogen Saturation [ml/l]
# name 14 = par: PAR/Irradiance, Biospherical/Licor
# name 15 = prdM: Pressure, Strain Gauge [db]
# name 16 = flag:  0.000e+00
# span 0 =          1,        590       
# span 1 = 228.399502, 228.401207       
# span 2 =    0.00000,    0.04090       
# span 3 =     0.0000,     2.4542       
# span 4 =      0.000,    147.250       
# span 5 =   999.5892,  1024.5658       
# span 6 =    128.552,  49463.917       
# span 7 =     0.0610,    31.2587       
# span 8 =      0.037,     68.619       
# span 9 =    6.21643,    7.60300       
# span 10 =     8.6014,    12.1531      
# span 11 =     8.6083,    12.1532      
# span 12 =    -0.4111,    24.2499      
# span 13 =   11.29094,   14.00655      
# span 14 = 7.7644e-02, 1.1166e+02      
# span 15 =      0.038,     69.278      
# span 16 = 0.0000e+00, 0.0000e+00      
# interval = seconds: 0.25
# start_time = Aug 15 2012 09:35:17 [Instrument's time stamp, header]
# bad_flag = -9.990e-29
*END*
[from data line 171]
        172 228.399997    0.01188     0.7125     42.750  1023.0991  47724.063    30.4543      1.211    6.25102    11.8232    11.8212    23.0937   11.34578 8.9937e+01      1.222 0.0000e+00
        173 228.400000    0.01194     0.7167     43.000  1023.0987  47723.227    30.4538      1.229    6.25092    11.8244    11.8221    23.0931   11.34562 8.9546e+01      1.240 0.0000e+00
        174 228.400003    0.01201     0.7208     43.250  1023.0980  47722.208    30.4532      1.242    6.25078    11.8252    11.8233    23.0924   11.34540 8.9403e+01      1.254 0.0000e+00
        175 228.400006    0.01208     0.7250     43.500  1023.0974  47721.289    30.4526      1.243    6.25065    11.8254    11.8245    23.0918   11.34518 8.9570e+01      1.255 0.0000e+00
        176 228.400009    0.01215     0.7292     43.750  1023.0970  47720.773    30.4524      1.231    6.25055    11.8251    11.8253    23.0914   11.34502 8.9903e+01      1.243 0.0000e+00
        177 228.400012    0.01222     0.7333     44.000  1023.0969  47720.695    30.4524      1.213    6.25051    11.8246    11.8255    23.0913   11.34497 9.0167e+01      1.224 0.0000e+00
        178 228.400014    0.01229     0.7375     44.250  1023.0969  47720.894    30.4525      1.197    6.25055    11.8242    11.8252    23.0915   11.34503 9.0278e+01      1.208 0.0000e+00
        179 228.400017    0.01236     0.7417     44.500  1023.0971  47721.135    30.4526      1.190    6.25062    11.8240    11.8247    23.0917   11.34514 9.0432e+01      1.202 0.0000e+00
        180 228.400020    0.01243     0.7458     44.750  1023.0972  47721.284    30.4527      1.195    6.25067    11.8238    11.8243    23.0918   11.34522 9.0503e+01      1.206 0.0000e+00
        181 228.400023    0.01250     0.7500     45.000  1023.0974  47721.390    30.4527      1.204    6.25070    11.8236    11.8241    23.0919   11.34527 9.0049e+01      1.216 0.0000e+00
        182 228.400026    0.01257     0.7542     45.250  1023.0975  47721.641    30.4528      1.211    6.25071    11.8233    11.8239    23.0920   11.34529 8.9393e+01      1.223 0.0000e+00
        183 228.400029    0.01264     0.7583     45.500  1023.0978  47722.150    30.4532      1.212    6.25073    11.8230    11.8237    23.0923   11.34531 8.9242e+01      1.223 0.0000e+00
        184 228.400032    0.01271     0.7625     45.750  1023.0982  47722.750    30.4536      1.206    6.25075    11.8226    11.8234    23.0927   11.34534 8.9597e+01      1.217 0.0000e+00
        185 228.400035    0.01278     0.7667     46.000  1023.0984  47723.153    30.4539      1.197    6.25078    11.8223    11.8231    23.0930   11.34540 8.9853e+01      1.209 0.0000e+00
        186 228.400038    0.01285     0.7708     46.250  1023.0984  47723.221    30.4539      1.193    6.25083    11.8220    11.8228    23.0930   11.34547 8.9789e+01      1.204 0.0000e+00
        187 228.400041    0.01292     0.7750     46.500  1023.0984  47723.059    30.4537      1.195    6.25088    11.8217    11.8224    23.0930   11.34556 8.9754e+01      1.206 0.0000e+00
        188 228.400043    0.01299     0.7792     46.750  1023.0984  47722.972    30.4536      1.203    6.25092    11.8214    11.8222    23.0929   11.34563 8.9637e+01      1.214 0.0000e+00
        189 228.400046    0.01306     0.7833     47.000  1023.0987  47723.269    30.4538      1.211    6.25095    11.8209    11.8219    23.0931   11.34568 8.9218e+01      1.223 0.0000e+00
        190 228.400049    0.01313     0.7875     47.250  1023.0991  47724.043    30.4543      1.214    6.25098    11.8205    11.8215    23.0936   11.34572 8.8828e+01      1.226 0.0000e+00
        191 228.400052    0.01319     0.7917     47.500  1023.0997  47725.094    30.4550      1.210    6.25101    11.8202    11.8211    23.0942   11.34575 8.8698e+01      1.221 0.0000e+00
        192 228.400055    0.01326     0.7958     47.750  1023.1003  47726.056    30.4557      1.199    6.25103    11.8199    11.8207    23.0948   11.34579 8.8732e+01      1.210 0.0000e+00
        193 228.400058    0.01333     0.8000     48.000  1023.1005  47726.603    30.4560      1.186    6.25106    11.8197    11.8204    23.0951   11.34584 8.8841e+01      1.197 0.0000e+00
        194 228.400061    0.01340     0.8042     48.250  1023.1005  47726.594    30.4560      1.177    6.25110    11.8196    11.8201    23.0952   11.34590 8.9029e+01      1.188 0.0000e+00
        195 228.400064    0.01347     0.8083     48.500  1023.1003  47726.166    30.4557      1.174    6.25114    11.8195    11.8199    23.0950   11.34597 8.9191e+01      1.185 0.0000e+00
        196 228.400067    0.01354     0.8125     48.750  1023.1000  47725.600    30.4552      1.179    6.25117    11.8194    11.8197    23.0947   11.34603 8.9121e+01      1.190 0.0000e+00
        197 228.400069    0.01361     0.8167     49.000  1023.0998  47725.075    30.4548      1.187    6.25120    11.8193    11.8197    23.0944   11.34608 8.8801e+01      1.199 0.0000e+00
        198 228.400072    0.01368     0.8208     49.250  1023.0996  47724.709    30.4546      1.198    6.25122    11.8191    11.8196    23.0942   11.34612 8.8468e+01      1.209 0.0000e+00
        199 228.400075    0.01375     0.8250     49.500  1023.0996  47724.573    30.4545      1.207    6.25124    11.8189    11.8194    23.0941   11.34616 8.8346e+01      1.219 0.0000e+00
        200 228.400078    0.01382     0.8292     49.750  1023.0997  47724.610    30.4545      1.216    6.25127    11.8186    11.8192    23.0942   11.34620 8.8423e+01      1.228 0.0000e+00
        201 228.400081    0.01389     0.8333     50.000  1023.0998  47724.769    30.4546      1.226    6.25130    11.8182    11.8190    23.0943   11.34625 8.8580e+01      1.238 0.0000e+00
        202 228.400084    0.01396     0.8375     50.250  1023.1001  47725.077    30.4548      1.237    6.25133    11.8179    11.8187    23.0944   11.34630 8.8783e+01      1.249 0.0000e+00
        203 228.400087    0.01403     0.8417     50.500  1023.1004  47725.560    30.4551      1.249    6.25136    11.8175    11.8184    23.0947   11.34634 8.9014e+01      1.261 0.0000e+00
        204 228.400090    0.01410     0.8458     50.750  1023.1009  47726.244    30.4555      1.259    6.25139    11.8171    11.8180    23.0951   11.34639 8.9232e+01      1.271 0.0000e+00
        205 228.400093    0.01417     0.8500     51.000  1023.1014  47727.080    30.4561      1.265    6.25142    11.8169    11.8176    23.0956   11.34643 8.9522e+01      1.277 0.0000e+00
        206 228.400095    0.01424     0.8542     51.250  1023.1019  47727.902    30.4566      1.267    6.25144    11.8167    11.8173    23.0961   11.34646 8.9951e+01      1.279 0.0000e+00
        207 228.400098    0.01431     0.8583     51.500  1023.1023  47728.467    30.4570      1.267    6.25146    11.8166    11.8171    23.0965   11.34649 9.0326e+01      1.279 0.0000e+00
        208 228.400101    0.01438     0.8625     51.750  1023.1024  47728.600    30.4571      1.271    6.25148    11.8166    11.8169    23.0966   11.34652 9.0415e+01      1.283 0.0000e+00
        209 228.400104    0.01444     0.8667     52.000  1023.1023  47728.393    30.4569      1.282    6.25150    11.8165    11.8168    23.0965   11.34655 9.0292e+01      1.294 0.0000e+00
        210 228.400107    0.01451     0.8708     52.250  1023.1022  47728.135    30.4567      1.297    6.25151    11.8163    11.8168    23.0964   11.34658 9.0216e+01      1.309 0.0000e+00
        211 228.400110    0.01458     0.8750     52.500  1023.1023  47728.098    30.4566      1.313    6.25153    11.8161    11.8167    23.0963   11.34660 9.0223e+01      1.325 0.0000e+00
        212 228.400113    0.01465     0.8792     52.750  1023.1025  47728.440    30.4568      1.324    6.25155    11.8159    11.8165    23.0965   11.34662 9.0145e+01      1.337 0.0000e+00
        213 228.400116    0.01472     0.8833     53.000  1023.1029  47729.077    30.4573      1.328    6.25156    11.8158    11.8163    23.0969   11.34663 9.0098e+01      1.341 0.0000e+00
        214 228.400119    0.01479     0.8875     53.250  1023.1033  47729.723    30.4577      1.326    6.25156    11.8157    11.8161    23.0973   11.34664 9.0405e+01      1.338 0.0000e+00
        215 228.400122    0.01486     0.8917     53.500  1023.1035  47730.148    30.4580      1.320    6.25157    11.8156    11.8160    23.0975   11.34665 9.1050e+01      1.332 0.0000e+00
        216 228.400124    0.01493     0.8958     53.750  1023.1036  47730.297    30.4581      1.315    6.25157    11.8156    11.8159    23.0976   11.34666 9.1719e+01      1.327 0.0000e+00
        217 228.400127    0.01500     0.9000     54.000  1023.1035  47730.221    30.4581      1.311    6.25158    11.8156    11.8158    23.0976   11.34667 9.2032e+01      1.323 0.0000e+00
        218 228.400130    0.01507     0.9042     54.250  1023.1034  47730.024    30.4580      1.309    6.25159    11.8156    11.8158    23.0975   11.34669 9.1887e+01      1.321 0.0000e+00
        219 228.400133    0.01514     0.9083     54.500  1023.1033  47729.827    30.4578      1.309    6.25160    11.8156    11.8158    23.0974   11.34670 9.1626e+01      1.321 0.0000e+00
        220 228.400136    0.01521     0.9125     54.750  1023.1032  47729.648    30.4577      1.309    6.25160    11.8156    11.8158    23.0973   11.34671 9.1462e+01      1.321 0.0000e+00
        221 228.400139    0.01528     0.9167     55.000  1023.1031  47729.420    30.4575      1.310    6.25161    11.8156    11.8158    23.0971   11.34672 9.1320e+01      1.322 0.0000e+00
        222 228.400142    0.01535     0.9208     55.250  1023.1029  47729.132    30.4573      1.312    6.25162    11.8156    11.8158    23.0970   11.34674 9.1123e+01      1.324 0.0000e+00
        223 228.400145    0.01542     0.9250     55.500  1023.1028  47728.871    30.4571      1.315    6.25163    11.8156    11.8158    23.0968   11.34676 9.0968e+01      1.327 0.0000e+00
        224 228.400148    0.01549     0.9292     55.750  1023.1027  47728.750    30.4570      1.318    6.25163    11.8155    11.8158    23.0968   11.34677 9.1048e+01      1.330 0.0000e+00
        225 228.400150    0.01556     0.9333     56.000  1023.1028  47728.803    30.4570      1.318    6.25163    11.8155    11.8158    23.0968   11.34677 9.1249e+01      1.330 0.0000e+00
        226 228.400153    0.01563     0.9375     56.250  1023.1028  47728.949    30.4571      1.316    6.25163    11.8154    11.8157    23.0969   11.34677 9.1244e+01      1.328 0.0000e+00
        227 228.400156    0.01569     0.9417     56.500  1023.1029  47729.036    30.4572      1.313    6.25164    11.8154    11.8157    23.0969   11.34678 9.1019e+01      1.326 0.0000e+00
        228 228.400159    0.01576     0.9458     56.750  1023.1028  47728.898    30.4571      1.313    6.25165    11.8153    11.8156    23.0969   11.34680 9.0807e+01      1.325 0.0000e+00
        229 228.400162    0.01583     0.9500     57.000  1023.1026  47728.533    30.4568      1.316    6.25167    11.8151    11.8156    23.0967   11.34683 9.0851e+01      1.328 0.0000e+00
        230 228.400165    0.01590     0.9542     57.250  1023.1025  47728.211    30.4566      1.322    6.25169    11.8149    11.8155    23.0965   11.34687 9.1312e+01      1.334 0.0000e+00
        231 228.400168    0.01597     0.9583     57.500  1023.1025  47728.227    30.4566      1.329    6.25171    11.8146    11.8153    23.0965   11.34691 9.1988e+01      1.341 0.0000e+00
        232 228.400171    0.01604     0.9625     57.750  1023.1028  47728.682    30.4569      1.332    6.25173    11.8144    11.8151    23.0968   11.34693 9.2369e+01      1.345 0.0000e+00
        233 228.400174    0.01611     0.9667     58.000  1023.1032  47729.399    30.4574      1.331    6.25175    11.8142    11.8148    23.0972   11.34695 9.2158e+01      1.344 0.0000e+00
        234 228.400177    0.01618     0.9708     58.250  1023.1036  47730.040    30.4578      1.328    6.25176    11.8140    11.8146    23.0976   11.34697 9.1626e+01      1.340 0.0000e+00
        235 228.400179    0.01625     0.9750     58.500  1023.1038  47730.363    30.4580      1.325    6.25178    11.8139    11.8144    23.0978   11.34700 9.1391e+01      1.338 0.0000e+00
        236 228.400182    0.01632     0.9792     58.750  1023.1038  47730.379    30.4580      1.325    6.25180    11.8138    11.8142    23.0978   11.34703 9.1733e+01      1.338 0.0000e+00
        237 228.400185    0.01639     0.9833     59.000  1023.1038  47730.349    30.4580      1.327    6.25182    11.8138    11.8141    23.0978   11.34706 9.2290e+01      1.340 0.0000e+00
        238 228.400188    0.01646     0.9875     59.250  1023.1039  47730.543    30.4581      1.328    6.25182    11.8137    11.8140    23.0979   11.34707 9.2505e+01      1.341 0.0000e+00
        239 228.400191    0.01653     0.9917     59.500  1023.1042  47730.971    30.4584      1.326    6.25182    11.8137    11.8139    23.0982   11.34706 9.2213e+01      1.338 0.0000e+00
        240 228.400194    0.01660     0.9958     59.750  1023.1044  47731.353    30.4587      1.322    6.25182    11.8136    11.8138    23.0984   11.34706 9.1728e+01      1.335 0.0000e+00
        241 228.400197    0.01667     1.0000     60.000  1023.1044  47731.410    30.4587      1.321    6.25183    11.8135    11.8138    23.0984   11.34707 9.1408e+01      1.333 0.0000e+00
        242 228.400200    0.01674     1.0042     60.250  1023.1043  47731.178    30.4585      1.324    6.25184    11.8133    11.8137    23.0983   11.34710 9.1437e+01      1.336 0.0000e+00
        243 228.400203    0.01681     1.0083     60.500  1023.1043  47731.000    30.4584      1.331    6.25186    11.8129    11.8136    23.0982   11.34714 9.1794e+01      1.344 0.0000e+00
        244 228.400205    0.01688     1.0125     60.750  1023.1045  47731.244    30.4585      1.339    6.25188    11.8125    11.8134    23.0984   11.34717 9.2174e+01      1.351 0.0000e+00
        245 228.400208    0.01694     1.0167     61.000  1023.1050  47732.036    30.4590      1.342    6.25191    11.8122    11.8131    23.0988   11.34720 9.2177e+01      1.355 0.0000e+00
        246 228.400211    0.01701     1.0208     61.250  1023.1056  47733.148    30.4598      1.340    6.25193    11.8119    11.8127    23.0995   11.34723 9.1809e+01      1.353 0.0000e+00
        247 228.400214    0.01708     1.0250     61.500  1023.1061  47734.163    30.4605      1.335    6.25195    11.8118    11.8123    23.1001   11.34725 9.1527e+01      1.348 0.0000e+00
        248 228.400217    0.01715     1.0292     61.750  1023.1065  47734.763    30.4609      1.330    6.25197    11.8118    11.8121    23.1004   11.34728 9.1599e+01      1.343 0.0000e+00
        249 228.400220    0.01722     1.0333     62.000  1023.1065  47734.868    30.4610      1.328    6.25198    11.8119    11.8119    23.1005   11.34731 9.1823e+01      1.340 0.0000e+00
        250 228.400223    0.01729     1.0375     62.250  1023.1064  47734.675    30.4608      1.328    6.25199    11.8120    11.8119    23.1004   11.34732 9.1990e+01      1.341 0.0000e+00
        251 228.400226    0.01736     1.0417     62.500  1023.1063  47734.511    30.4607      1.329    6.25199    11.8121    11.8120    23.1003   11.34731 9.2103e+01      1.342 0.0000e+00
        252 228.400229    0.01743     1.0458     62.750  1023.1064  47734.604    30.4608      1.327    6.25196    11.8122    11.8121    23.1004   11.34727 9.2151e+01      1.340 0.0000e+00
        253 228.400231    0.01750     1.0500     63.000  1023.1065  47734.958    30.4611      1.323    6.25194    11.8123    11.8122    23.1005   11.34723 9.2109e+01      1.335 0.0000e+00
        254 228.400234    0.01757     1.0542     63.250  1023.1067  47735.300    30.4613      1.316    6.25191    11.8124    11.8124    23.1007   11.34718 9.2026e+01      1.328 0.0000e+00
        255 228.400237    0.01764     1.0583     63.500  1023.1066  47735.276    30.4613      1.312    6.25190    11.8124    11.8125    23.1007   11.34716 9.1911e+01      1.324 0.0000e+00
