CTD-processing/allCTD/CNV--homogene/2012_07-30_t6_s03_cast073.cnv
* Sea-Bird SBE19plus Data File:
* FileName = C:\Documents and Settings\kris.holderied.local\My Documents\2012-07-EVOS-CookInlet-Ocean\2012-07-CookInlet-Tran6-Douglas\2012-07-31-CookInlet-Tran6-cast073.hex
* Software Version 1.54
* Temperature SN =  4141
* Conductivity SN =  4141
* System UpLoad Time = Jul 31 2012 08:02:57
** Cook Inlet LTM Transect 6 (Douglas line)  East to West
** Date:  2012-07-30
** Station:  6-03
** Start time (AKDT-24 hr): 1528
** Depth (m): 104
** Comment: H2O really clear
# nquan = 17
# nvalues = 710                         
# units = specified
# name 0 = scan: Scan Count
# name 1 = timeJ: Julian Days
# name 2 = timeH: Time, Elapsed [hours]
# name 3 = timeM: Time, Elapsed [minutes]
# name 4 = timeS: Time, Elapsed [seconds]
# name 5 = density00: Density [density, kg/m^3]
# name 6 = specc: Specific Conductance [uS/cm]
# name 7 = sal00: Salinity, Practical [PSU]
# name 8 = depSM: Depth [salt water, m], lat = 59.00
# name 9 = oxsolML/L: Oxygen Saturation, Garcia & Gordon [ml/l]
# name 10 = potemp090C: Potential Temperature [ITS-90, deg C]
# name 11 = tv290C: Temperature [ITS-90, deg C]
# name 12 = sigma-é00: Density [sigma-theta, kg/m^3]
# name 13 = n2satML/L: Nitrogen Saturation [ml/l]
# name 14 = par: PAR/Irradiance, Biospherical/Licor
# name 15 = prdM: Pressure, Strain Gauge [db]
# name 16 = flag:  0.000e+00
# span 0 =          1,        710       
# span 1 = 212.644618, 212.646670       
# span 2 =    0.00000,    0.04924       
# span 3 =     0.0000,     2.9542       
# span 4 =      0.000,    177.250       
# span 5 =   999.8942,  1024.9704       
# span 6 =    496.942,  49967.301       
# span 7 =     0.2361,    31.5323       
# span 8 =     -0.090,     95.769       
# span 9 =    6.53115,    7.90104       
# span 10 =     8.1598,     9.9268      
# span 11 =     8.1691,     9.9268      
# span 12 =    -0.1053,    24.5287      
# span 13 =   11.81079,   14.50810      
# span 14 = 4.4708e-02, 2.5988e+02      
# span 15 =     -0.090,     96.696      
# span 16 = 0.0000e+00, 0.0000e+00      
# interval = seconds: 0.25
# start_time = Jul 30 2012 15:28:15 [Instrument's time stamp, header]
# bad_flag = -9.990e-29
*END*
[from data line 426]
        427 212.645851    0.02958     1.7750    106.500  1024.2760  49191.012    31.0958     36.645    6.66295     8.6368     8.7064    24.1072   12.02079 4.7787e-01     36.994 0.0000e+00
        428 212.645854    0.02965     1.7792    106.750  1024.3058  49241.605    31.1259     36.810    6.66712     8.6148     8.6697    24.1362   12.02732 4.6966e-01     37.160 0.0000e+00
        429 212.645856    0.02972     1.7833    107.000  1024.3296  49281.935    31.1498     36.973    6.67045     8.5986     8.6406    24.1593   12.03253 4.6139e-01     37.324 0.0000e+00
        430 212.645859    0.02979     1.7875    107.250  1024.3478  49312.256    31.1678     37.142    6.67297     8.5874     8.6185    24.1767   12.03648 4.5256e-01     37.495 0.0000e+00
        431 212.645862    0.02986     1.7917    107.500  1024.3613  49334.505    31.1809     37.323    6.67482     8.5804     8.6023    24.1894   12.03939 4.4278e-01     37.678 0.0000e+00
        432 212.645865    0.02993     1.7958    107.750  1024.3710  49349.933    31.1900     37.522    6.67610     8.5763     8.5911    24.1981   12.04140 4.3192e-01     37.879 0.0000e+00
        433 212.645868    0.03000     1.8000    108.000  1024.3774  49359.411    31.1956     37.742    6.67690     8.5735     8.5842    24.2035   12.04266 4.1999e-01     38.101 0.0000e+00
        434 212.645871    0.03007     1.8042    108.250  1024.3814  49364.661    31.1985     37.984    6.67738     8.5712     8.5801    24.2064   12.04341 4.0710e-01     38.346 0.0000e+00
        435 212.645874    0.03014     1.8083    108.500  1024.3845  49368.025    31.2004     38.247    6.67771     8.5701     8.5773    24.2083   12.04395 3.9343e-01     38.611 0.0000e+00
        436 212.645877    0.03021     1.8125    108.750  1024.3874  49371.052    31.2021     38.528    6.67798     8.5713     8.5751    24.2099   12.04437 3.7944e-01     38.895 0.0000e+00
        437 212.645880    0.03028     1.8167    109.000  1024.3898  49372.981    31.2031     38.822    6.67810     8.5745     8.5740    24.2109   12.04455 3.6568e-01     39.192 0.0000e+00
        438 212.645883    0.03035     1.8208    109.250  1024.3903  49371.605    31.2022     39.124    6.67795     8.5775     8.5752    24.2100   12.04432 3.5234e-01     39.497 0.0000e+00
        439 212.645885    0.03042     1.8250    109.500  1024.3889  49366.849    31.1992     39.428    6.67760     8.5786     8.5784    24.2072   12.04378 3.3944e-01     39.804 0.0000e+00
        440 212.645888    0.03049     1.8292    109.750  1024.3873  49361.716    31.1959     39.730    6.67728     8.5778     8.5815    24.2042   12.04328 3.2725e-01     40.109 0.0000e+00
        441 212.645891    0.03056     1.8333    110.000  1024.3872  49359.288    31.1943     40.028    6.67718     8.5767     8.5826    24.2028   12.04314 3.1592e-01     40.409 0.0000e+00
        442 212.645894    0.03062     1.8375    110.250  1024.3887  49359.850    31.1944     40.315    6.67729     8.5763     8.5819    24.2030   12.04332 3.0544e-01     40.700 0.0000e+00
        443 212.645897    0.03069     1.8417    110.500  1024.3904  49360.754    31.1948     40.592    6.67743     8.5755     8.5808    24.2034   12.04355 2.9578e-01     40.979 0.0000e+00
        444 212.645900    0.03076     1.8458    110.750  1024.3913  49360.228    31.1942     40.857    6.67752     8.5734     8.5804    24.2031   12.04371 2.8694e-01     41.247 0.0000e+00
        445 212.645903    0.03083     1.8500    111.000  1024.3922  49359.910    31.1938     41.112    6.67766     8.5707     8.5796    24.2028   12.04394 2.7892e-01     41.504 0.0000e+00
        446 212.645906    0.03090     1.8542    111.250  1024.3943  49361.647    31.1946     41.357    6.67793     8.5681     8.5776    24.2038   12.04437 2.7167e-01     41.751 0.0000e+00
        447 212.645909    0.03097     1.8583    111.500  1024.3972  49364.894    31.1964     41.595    6.67826     8.5662     8.5748    24.2056   12.04490 2.6499e-01     41.992 0.0000e+00
        448 212.645911    0.03104     1.8625    111.750  1024.4001  49368.236    31.1982     41.829    6.67856     8.5650     8.5723    24.2074   12.04538 2.5870e-01     42.228 0.0000e+00
        449 212.645914    0.03111     1.8667    112.000  1024.4026  49370.862    31.1997     42.060    6.67878     8.5643     8.5704    24.2088   12.04573 2.5259e-01     42.461 0.0000e+00
        450 212.645917    0.03118     1.8708    112.250  1024.4045  49372.526    31.2006     42.291    6.67892     8.5637     8.5692    24.2097   12.04595 2.4656e-01     42.695 0.0000e+00
        451 212.645920    0.03125     1.8750    112.500  1024.4061  49373.421    31.2010     42.524    6.67901     8.5628     8.5685    24.2102   12.04608 2.4065e-01     42.930 0.0000e+00
        452 212.645923    0.03132     1.8792    112.750  1024.4074  49374.037    31.2012     42.759    6.67908     8.5613     8.5679    24.2104   12.04620 2.3484e-01     43.167 0.0000e+00
        453 212.645926    0.03139     1.8833    113.000  1024.4089  49374.913    31.2016     42.995    6.67919     8.5591     8.5671    24.2108   12.04639 2.2915e-01     43.405 0.0000e+00
        454 212.645929    0.03146     1.8875    113.250  1024.4109  49376.532    31.2024     43.232    6.67938     8.5560     8.5656    24.2117   12.04668 2.2357e-01     43.645 0.0000e+00
        455 212.645932    0.03153     1.8917    113.500  1024.4135  49379.207    31.2039     43.468    6.67965     8.5521     8.5634    24.2131   12.04710 2.1812e-01     43.883 0.0000e+00
        456 212.645935    0.03160     1.8958    113.750  1024.4167  49383.182    31.2061     43.701    6.68001     8.5478     8.5604    24.2153   12.04767 2.1281e-01     44.118 0.0000e+00
        457 212.645938    0.03167     1.9000    114.000  1024.4208  49388.539    31.2092     43.930    6.68045     8.5436     8.5565    24.2183   12.04838 2.0764e-01     44.349 0.0000e+00
        458 212.645940    0.03174     1.9042    114.250  1024.4252  49394.625    31.2127     44.153    6.68094     8.5399     8.5522    24.2217   12.04915 2.0265e-01     44.575 0.0000e+00
        459 212.645943    0.03181     1.9083    114.500  1024.4295  49400.529    31.2161     44.372    6.68142     8.5368     8.5481    24.2250   12.04989 1.9787e-01     44.796 0.0000e+00
        460 212.645946    0.03188     1.9125    114.750  1024.4335  49405.910    31.2192     44.588    6.68185     8.5348     8.5443    24.2280   12.05056 1.9322e-01     45.014 0.0000e+00
        461 212.645949    0.03194     1.9167    115.000  1024.4370  49410.412    31.2218     44.804    6.68220     8.5344     8.5412    24.2305   12.05111 1.8861e-01     45.231 0.0000e+00
        462 212.645952    0.03201     1.9208    115.250  1024.4395  49413.230    31.2234     45.021    6.68241     8.5350     8.5393    24.2321   12.05145 1.8401e-01     45.451 0.0000e+00
        463 212.645955    0.03208     1.9250    115.500  1024.4409  49413.936    31.2238     45.243    6.68246     8.5360     8.5389    24.2324   12.05153 1.7944e-01     45.675 0.0000e+00
        464 212.645958    0.03215     1.9292    115.750  1024.4414  49413.086    31.2231     45.473    6.68240     8.5370     8.5395    24.2318   12.05143 1.7486e-01     45.908 0.0000e+00
        465 212.645961    0.03222     1.9333    116.000  1024.4415  49411.583    31.2221     45.713    6.68228     8.5378     8.5406    24.2309   12.05125 1.7021e-01     46.150 0.0000e+00
        466 212.645964    0.03229     1.9375    116.250  1024.4417  49409.967    31.2211     45.964    6.68217     8.5381     8.5416    24.2299   12.05107 1.6552e-01     46.403 0.0000e+00
        467 212.645966    0.03236     1.9417    116.500  1024.4420  49408.627    31.2202     46.228    6.68209     8.5379     8.5424    24.2291   12.05095 1.6078e-01     46.670 0.0000e+00
        468 212.645969    0.03243     1.9458    116.750  1024.4429  49408.012    31.2197     46.507    6.68206     8.5376     8.5428    24.2286   12.05091 1.5605e-01     46.951 0.0000e+00
        469 212.645972    0.03250     1.9500    117.000  1024.4442  49408.237    31.2197     46.794    6.68208     8.5373     8.5426    24.2286   12.05094 1.5138e-01     47.241 0.0000e+00
        470 212.645975    0.03257     1.9542    117.250  1024.4459  49408.889    31.2199     47.088    6.68211     8.5374     8.5423    24.2289   12.05099 1.4681e-01     47.538 0.0000e+00
        471 212.645978    0.03264     1.9583    117.500  1024.4475  49409.505    31.2202     47.382    6.68213     8.5377     8.5421    24.2292   12.05102 1.4248e-01     47.835 0.0000e+00
        472 212.645981    0.03271     1.9625    117.750  1024.4488  49409.728    31.2202     47.669    6.68212     8.5382     8.5422    24.2292   12.05100 1.3857e-01     48.125 0.0000e+00
        473 212.645984    0.03278     1.9667    118.000  1024.4498  49409.407    31.2199     47.942    6.68208     8.5385     8.5426    24.2289   12.05093 1.3513e-01     48.401 0.0000e+00
        474 212.645987    0.03285     1.9708    118.250  1024.4505  49408.873    31.2195     48.196    6.68202     8.5385     8.5430    24.2285   12.05085 1.3213e-01     48.657 0.0000e+00
        475 212.645990    0.03292     1.9750    118.500  1024.4513  49408.502    31.2192     48.427    6.68199     8.5380     8.5433    24.2282   12.05080 1.2959e-01     48.890 0.0000e+00
        476 212.645992    0.03299     1.9792    118.750  1024.4522  49408.471    31.2191     48.633    6.68200     8.5372     8.5433    24.2281   12.05082 1.2748e-01     49.099 0.0000e+00
        477 212.645995    0.03306     1.9833    119.000  1024.4533  49408.946    31.2193     48.818    6.68206     8.5361     8.5429    24.2284   12.05090 1.2570e-01     49.285 0.0000e+00
        478 212.645998    0.03313     1.9875    119.250  1024.4546  49409.992    31.2198     48.985    6.68215     8.5350     8.5421    24.2289   12.05105 1.2416e-01     49.453 0.0000e+00
        479 212.646001    0.03319     1.9917    119.500  1024.4561  49411.494    31.2206     49.140    6.68228     8.5339     8.5410    24.2297   12.05126 1.2276e-01     49.610 0.0000e+00
        480 212.646004    0.03326     1.9958    119.750  1024.4577  49413.111    31.2215     49.291    6.68241     8.5331     8.5398    24.2306   12.05147 1.2136e-01     49.762 0.0000e+00
        481 212.646007    0.03333     2.0000    120.000  1024.4591  49414.532    31.2223     49.445    6.68253     8.5325     8.5388    24.2313   12.05165 1.1988e-01     49.918 0.0000e+00
        482 212.646010    0.03340     2.0042    120.250  1024.4605  49415.665    31.2229     49.610    6.68262     8.5321     8.5381    24.2319   12.05180 1.1828e-01     50.084 0.0000e+00
        483 212.646013    0.03347     2.0083    120.500  1024.4617  49416.467    31.2233     49.790    6.68269     8.5318     8.5375    24.2323   12.05191 1.1652e-01     50.266 0.0000e+00
        484 212.646016    0.03354     2.0125    120.750  1024.4629  49417.016    31.2236     49.990    6.68274     8.5315     8.5371    24.2326   12.05198 1.1456e-01     50.468 0.0000e+00
        485 212.646019    0.03361     2.0167    121.000  1024.4642  49417.585    31.2238     50.212    6.68277     8.5314     8.5368    24.2328   12.05203 1.1242e-01     50.692 0.0000e+00
        486 212.646021    0.03368     2.0208    121.250  1024.4656  49418.302    31.2242     50.455    6.68279     8.5311     8.5366    24.2332   12.05207 1.1010e-01     50.938 0.0000e+00
        487 212.646024    0.03375     2.0250    121.500  1024.4671  49418.965    31.2245     50.717    6.68281     8.5304     8.5364    24.2334   12.05208 1.0763e-01     51.203 0.0000e+00
        488 212.646027    0.03382     2.0292    121.750  1024.4687  49419.603    31.2248     50.995    6.68283     8.5293     8.5362    24.2337   12.05211 1.0511e-01     51.483 0.0000e+00
        489 212.646030    0.03389     2.0333    122.000  1024.4705  49420.743    31.2254     51.282    6.68290     8.5280     8.5355    24.2342   12.05223 1.0261e-01     51.772 0.0000e+00
        490 212.646033    0.03396     2.0375    122.250  1024.4728  49422.543    31.2263     51.573    6.68303     8.5266     8.5344    24.2352   12.05243 1.0014e-01     52.066 0.0000e+00
        491 212.646036    0.03403     2.0417    122.500  1024.4751  49424.510    31.2274     51.864    6.68317     8.5249     8.5331    24.2362   12.05265 9.7732e-02     52.360 0.0000e+00
        492 212.646039    0.03410     2.0458    122.750  1024.4775  49426.542    31.2285     52.151    6.68332     8.5228     8.5318    24.2373   12.05289 9.5426e-02     52.650 0.0000e+00
        493 212.646042    0.03417     2.0500    123.000  1024.4801  49429.033    31.2298     52.432    6.68352     8.5206     8.5301    24.2386   12.05319 9.3249e-02     52.933 0.0000e+00
        494 212.646045    0.03424     2.0542    123.250  1024.4830  49432.088    31.2316     52.705    6.68375     8.5185     8.5280    24.2402   12.05357 9.1223e-02     53.209 0.0000e+00
        495 212.646047    0.03431     2.0583    123.500  1024.4861  49435.414    31.2335     52.970    6.68400     8.5168     8.5258    24.2420   12.05395 8.9344e-02     53.477 0.0000e+00
        496 212.646050    0.03438     2.0625    123.750  1024.4890  49438.628    31.2353     53.226    6.68422     8.5153     8.5238    24.2438   12.05430 8.7637e-02     53.736 0.0000e+00
        497 212.646053    0.03444     2.0667    124.000  1024.4917  49441.543    31.2370     53.474    6.68441     8.5138     8.5221    24.2453   12.05458 8.6104e-02     53.986 0.0000e+00
        498 212.646056    0.03451     2.0708    124.250  1024.4943  49444.276    31.2386     53.713    6.68456     8.5122     8.5206    24.2468   12.05482 8.4707e-02     54.227 0.0000e+00
        499 212.646059    0.03458     2.0750    124.500  1024.4969  49447.290    31.2404     53.941    6.68470     8.5106     8.5192    24.2484   12.05503 8.3432e-02     54.457 0.0000e+00
        500 212.646062    0.03465     2.0792    124.750  1024.4998  49450.787    31.2425     54.157    6.68485     8.5093     8.5176    24.2503   12.05524 8.2291e-02     54.675 0.0000e+00
        501 212.646065    0.03472     2.0833    125.000  1024.5027  49454.370    31.2447     54.359    6.68500     8.5087     8.5160    24.2523   12.05546 8.1290e-02     54.880 0.0000e+00
        502 212.646068    0.03479     2.0875    125.250  1024.5054  49457.646    31.2467     54.549    6.68510     8.5088     8.5147    24.2540   12.05560 8.0405e-02     55.071 0.0000e+00
        503 212.646071    0.03486     2.0917    125.500  1024.5075  49460.116    31.2483     54.726    6.68512     8.5094     8.5141    24.2553   12.05562 7.9624e-02     55.250 0.0000e+00
        504 212.646073    0.03493     2.0958    125.750  1024.5089  49461.369    31.2491     54.893    6.68506     8.5099     8.5143    24.2560   12.05551 7.8943e-02     55.418 0.0000e+00
        505 212.646076    0.03500     2.1000    126.000  1024.5098  49461.781    31.2494     55.053    6.68497     8.5102     8.5149    24.2561   12.05535 7.8315e-02     55.580 0.0000e+00
        506 212.646079    0.03507     2.1042    126.250  1024.5106  49462.082    31.2496     55.210    6.68487     8.5101     8.5154    24.2562   12.05519 7.7697e-02     55.739 0.0000e+00
        507 212.646082    0.03514     2.1083    126.500  1024.5117  49462.834    31.2501     55.370    6.68480     8.5096     8.5157    24.2566   12.05507 7.7082e-02     55.901 0.0000e+00
        508 212.646085    0.03521     2.1125    126.750  1024.5133  49464.417    31.2511     55.539    6.68477     8.5086     8.5156    24.2574   12.05500 7.6446e-02     56.072 0.0000e+00
        509 212.646088    0.03528     2.1167    127.000  1024.5154  49466.786    31.2526     55.722    6.68478     8.5074     8.5151    24.2586   12.05501 7.5758e-02     56.256 0.0000e+00
        510 212.646091    0.03535     2.1208    127.250  1024.5177  49469.507    31.2543     55.923    6.68486     8.5063     8.5141    24.2601   12.05511 7.4992e-02     56.459 0.0000e+00
