CTD-processing/allCTD/CNV--homogene/2012_07-29_t3_s13_cast045.cnv
* Sea-Bird SBE19plus Data File:
* FileName = C:\Documents and Settings\kris.holderied.local\My Documents\2012-07-EVOS-CookInlet-Ocean\2012-07-29-Tran3-CookInlet-LTM-cast045.hex
* Software Version 1.54
* Temperature SN =  4141
* Conductivity SN =  4141
* System UpLoad Time = Jul 29 2012 20:19:20
** Cook Inlet LTM Transect 3 from Anchor Pt west
** Date:  2012-07-29
** Station:  3-13
** Start time (AKDT-24 hr): 1445 (CTD time 1 hr later than AKDT.)
** Depth (m): 35
** Zooplankton sample with bongo, 333 um net to 50 m.  Phytoplankton surface grab and vertical tow to 10 m. Water grab for OA at 10 m.
# nquan = 17
# nvalues = 492                         
# units = specified
# name 0 = scan: Scan Count
# name 1 = timeJ: Julian Days
# name 2 = timeH: Time, Elapsed [hours]
# name 3 = timeM: Time, Elapsed [minutes]
# name 4 = timeS: Time, Elapsed [seconds]
# name 5 = density00: Density [density, kg/m^3]
# name 6 = specc: Specific Conductance [uS/cm]
# name 7 = sal00: Salinity, Practical [PSU]
# name 8 = depSM: Depth [salt water, m], lat = 59.00
# name 9 = oxsolML/L: Oxygen Saturation, Garcia & Gordon [ml/l]
# name 10 = potemp090C: Potential Temperature [ITS-90, deg C]
# name 11 = tv290C: Temperature [ITS-90, deg C]
# name 12 = sigma-é00: Density [sigma-theta, kg/m^3]
# name 13 = n2satML/L: Nitrogen Saturation [ml/l]
# name 14 = par: PAR/Irradiance, Biospherical/Licor
# name 15 = prdM: Pressure, Strain Gauge [db]
# name 16 = flag:  0.000e+00
# span 0 =          1,        492       
# span 1 = 211.656412, 211.657833       
# span 2 =    0.00000,    0.03410       
# span 3 =     0.0000,     2.0458       
# span 4 =      0.000,    122.750       
# span 5 =   999.8299,  1024.1811       
# span 6 =    460.693,  49178.066       
# span 7 =     0.2188,    31.2437       
# span 8 =     -0.030,     34.541       
# span 9 =    6.48065,    7.79904       
# span 10 =     9.6484,    10.4932      
# span 11 =     9.6511,    10.4932      
# span 12 =    -0.1699,    24.0632      
# span 13 =   11.71823,   14.33596      
# span 14 = 1.1312e-01, 3.2829e+02      
# span 15 =     -0.030,     34.870      
# span 16 = 0.0000e+00, 0.0000e+00      
# interval = seconds: 0.25
# start_time = Jul 29 2012 15:45:14 [Instrument's time stamp, header]
# bad_flag = -9.990e-29
*END*
[from data line 256]
        257 211.657153    0.01778     1.0667     64.000  1023.9857  49046.241    31.1723      1.257    6.48496     9.9105     9.9060    23.9800   11.72514 1.5534e+02      1.269 0.0000e+00
        258 211.657156    0.01785     1.0708     64.250  1023.9836  49042.577    31.1700      1.257    6.48471     9.9123     9.9084    23.9778   11.72474 1.5479e+02      1.269 0.0000e+00
        259 211.657159    0.01792     1.0750     64.500  1023.9812  49038.562    31.1675      1.262    6.48450     9.9137     9.9106    23.9755   11.72443 1.5435e+02      1.274 0.0000e+00
        260 211.657161    0.01799     1.0792     64.750  1023.9794  49035.407    31.1655      1.271    6.48433     9.9150     9.9124    23.9736   11.72416 1.5423e+02      1.284 0.0000e+00
        261 211.657164    0.01806     1.0833     65.000  1023.9786  49033.992    31.1646      1.282    6.48416     9.9164     9.9139    23.9727   11.72389 1.5410e+02      1.294 0.0000e+00
        262 211.657167    0.01812     1.0875     65.250  1023.9787  49034.207    31.1649      1.291    6.48396     9.9181     9.9151    23.9728   11.72357 1.5396e+02      1.303 0.0000e+00
        263 211.657170    0.01819     1.0917     65.500  1023.9791  49034.976    31.1657      1.296    6.48373     9.9203     9.9165    23.9731   11.72318 1.5411e+02      1.308 0.0000e+00
        264 211.657173    0.01826     1.0958     65.750  1023.9790  49035.161    31.1660      1.295    6.48347     9.9230     9.9182    23.9731   11.72275 1.5452e+02      1.307 0.0000e+00
        265 211.657176    0.01833     1.1000     66.000  1023.9783  49034.107    31.1655      1.290    6.48318     9.9260     9.9204    23.9724   11.72228 1.5479e+02      1.302 0.0000e+00
        266 211.657179    0.01840     1.1042     66.250  1023.9767  49031.595    31.1641      1.283    6.48286     9.9290     9.9231    23.9708   11.72176 1.5494e+02      1.295 0.0000e+00
        267 211.657182    0.01847     1.1083     66.500  1023.9745  49028.002    31.1620      1.276    6.48252     9.9317     9.9261    23.9687   11.72122 1.5537e+02      1.288 0.0000e+00
        268 211.657185    0.01854     1.1125     66.750  1023.9722  49024.116    31.1596      1.270    6.48220     9.9339     9.9291    23.9663   11.72071 1.5611e+02      1.282 0.0000e+00
        269 211.657187    0.01861     1.1167     67.000  1023.9700  49020.474    31.1574      1.266    6.48191     9.9358     9.9318    23.9642   11.72026 1.5669e+02      1.278 0.0000e+00
        270 211.657190    0.01868     1.1208     67.250  1023.9680  49017.207    31.1553      1.262    6.48167     9.9374     9.9340    23.9622   11.71989 1.5666e+02      1.274 0.0000e+00
        271 211.657193    0.01875     1.1250     67.500  1023.9663  49014.316    31.1535      1.259    6.48148     9.9385     9.9359    23.9605   11.71958 1.5598e+02      1.270 0.0000e+00
        272 211.657196    0.01882     1.1292     67.750  1023.9648  49011.801    31.1520      1.255    6.48133     9.9392     9.9375    23.9590   11.71935 1.5503e+02      1.266 0.0000e+00
        273 211.657199    0.01889     1.1333     68.000  1023.9635  49009.625    31.1506      1.252    6.48123     9.9394     9.9386    23.9578   11.71921 1.5421e+02      1.263 0.0000e+00
        274 211.657202    0.01896     1.1375     68.250  1023.9624  49007.672    31.1493      1.251    6.48119     9.9393     9.9393    23.9567   11.71916 1.5351e+02      1.263 0.0000e+00
        275 211.657205    0.01903     1.1417     68.500  1023.9614  49005.848    31.1480      1.253    6.48120     9.9391     9.9395    23.9556   11.71920 1.5273e+02      1.265 0.0000e+00
        276 211.657208    0.01910     1.1458     68.750  1023.9606  49004.308    31.1469      1.261    6.48126     9.9388     9.9394    23.9548   11.71930 1.5193e+02      1.273 0.0000e+00
        277 211.657211    0.01917     1.1500     69.000  1023.9602  49003.475    31.1463      1.272    6.48131     9.9387     9.9392    23.9543   11.71940 1.5145e+02      1.284 0.0000e+00
        278 211.657214    0.01924     1.1542     69.250  1023.9604  49003.819    31.1465      1.285    6.48134     9.9387     9.9390    23.9545   11.71945 1.5154e+02      1.298 0.0000e+00
        279 211.657216    0.01931     1.1583     69.500  1023.9615  49005.608    31.1477      1.296    6.48131     9.9390     9.9388    23.9555   11.71939 1.5192e+02      1.309 0.0000e+00
        280 211.657219    0.01938     1.1625     69.750  1023.9632  49008.622    31.1499      1.301    6.48122     9.9398     9.9388    23.9572   11.71921 1.5218e+02      1.314 0.0000e+00
        281 211.657222    0.01944     1.1667     70.000  1023.9649  49011.909    31.1522      1.297    6.48108     9.9410     9.9392    23.9590   11.71894 1.5265e+02      1.310 0.0000e+00
        282 211.657225    0.01951     1.1708     70.250  1023.9660  49013.997    31.1538      1.286    6.48090     9.9423     9.9400    23.9601   11.71862 1.5406e+02      1.298 0.0000e+00
        283 211.657228    0.01958     1.1750     70.500  1023.9656  49013.605    31.1537      1.269    6.48073     9.9428     9.9412    23.9598   11.71834 1.5603e+02      1.282 0.0000e+00
        284 211.657231    0.01965     1.1792     70.750  1023.9636  49010.240    31.1515      1.252    6.48065     9.9419     9.9424    23.9579   11.71823 1.5706e+02      1.264 0.0000e+00
        285 211.657234    0.01972     1.1833     71.000  1023.9603  49004.295    31.1474      1.240    6.48074     9.9387     9.9430    23.9545   11.71843 1.5657e+02      1.252 0.0000e+00
        286 211.657237    0.01979     1.1875     71.250  1023.9565  48997.348    31.1424      1.236    6.48109     9.9323     9.9420    23.9508   11.71907 1.5541e+02      1.248 0.0000e+00
        287 211.657240    0.01986     1.1917     71.500  1023.9535  48991.610    31.1379      1.243    6.48173     9.9213     9.9388    23.9478   11.72019 1.5421e+02      1.255 0.0000e+00
        288 211.657242    0.01993     1.1958     71.750  1023.9523  48988.430    31.1348      1.259    6.48277     9.9048     9.9324    23.9465   11.72194 1.5308e+02      1.271 0.0000e+00
        289 211.657245    0.02000     1.2000     72.000  1023.9527  48987.844    31.1330      1.279    6.48440     9.8838     9.9214    23.9469   11.72468 1.5222e+02      1.291 0.0000e+00
        290 211.657248    0.02007     1.2042     72.250  1023.9535  48987.178    31.1305      1.297    6.48685     9.8591     9.9050    23.9475   11.72877 1.5171e+02      1.309 0.0000e+00
        291 211.657251    0.02014     1.2083     72.500  1023.9502  48978.716    31.1218      1.308    6.49021     9.8305     9.8839    23.9442   11.73443 1.5137e+02      1.320 0.0000e+00
        292 211.657254    0.02021     1.2125     72.750  1023.9424  48961.821    31.1068      1.309    6.49435     9.7997     9.8593    23.9364   11.74147 1.5127e+02      1.321 0.0000e+00
        293 211.657257    0.02028     1.2167     73.000  1023.9389  48952.370    31.0964      1.299    6.49886     9.7714     9.8306    23.9330   11.74908 1.5150e+02      1.311 0.0000e+00
        294 211.657260    0.02035     1.2208     73.250  1023.9453  48960.592    31.0983      1.284    6.50318     9.7489     9.7999    23.9394   11.75620 1.5197e+02      1.296 0.0000e+00
        295 211.657263    0.02042     1.2250     73.500  1023.9569  48978.866    31.1076      1.267    6.50683     9.7325     9.7716    23.9511   11.76214 1.5270e+02      1.279 0.0000e+00
        296 211.657266    0.02049     1.2292     73.750  1023.9684  48997.393    31.1177      1.255    6.50963     9.7213     9.7490    23.9627   11.76665 1.5373e+02      1.267 0.0000e+00
        297 211.657269    0.02056     1.2333     74.000  1023.9776  49012.278    31.1261      1.251    6.51162     9.7138     9.7326    23.9719   11.76985 1.5464e+02      1.263 0.0000e+00
        298 211.657271    0.02063     1.2375     74.250  1023.9842  49022.983    31.1322      1.255    6.51297     9.7089     9.7214    23.9784   11.77202 1.5465e+02      1.267 0.0000e+00
        299 211.657274    0.02069     1.2417     74.500  1023.9886  49030.175    31.1363      1.264    6.51387     9.7058     9.7139    23.9828   11.77345 1.5357e+02      1.276 0.0000e+00
        300 211.657277    0.02076     1.2458     74.750  1023.9915  49034.849    31.1389      1.277    6.51445     9.7038     9.7091    23.9857   11.77438 1.5233e+02      1.289 0.0000e+00
        301 211.657280    0.02083     1.2500     75.000  1023.9934  49037.935    31.1407      1.288    6.51482     9.7025     9.7060    23.9875   11.77497 1.5186e+02      1.300 0.0000e+00
        302 211.657283    0.02090     1.2542     75.250  1023.9947  49039.993    31.1419      1.297    6.51506     9.7018     9.7040    23.9888   11.77535 1.5213e+02      1.309 0.0000e+00
        303 211.657286    0.02097     1.2583     75.500  1023.9955  49041.262    31.1426      1.300    6.51521     9.7013     9.7027    23.9896   11.77559 1.5256e+02      1.312 0.0000e+00
        304 211.657289    0.02104     1.2625     75.750  1023.9960  49042.021    31.1431      1.299    6.51530     9.7011     9.7019    23.9901   11.77574 1.5269e+02      1.311 0.0000e+00
        305 211.657292    0.02111     1.2667     76.000  1023.9962  49042.517    31.1434      1.294    6.51535     9.7010     9.7015    23.9904   11.77582 1.5264e+02      1.306 0.0000e+00
        306 211.657295    0.02118     1.2708     76.250  1023.9964  49042.810    31.1435      1.286    6.51538     9.7009     9.7012    23.9905   11.77587 1.5296e+02      1.298 0.0000e+00
        307 211.657297    0.02125     1.2750     76.500  1023.9964  49042.964    31.1436      1.275    6.51540     9.7009     9.7011    23.9906   11.77589 1.5389e+02      1.287 0.0000e+00
        308 211.657300    0.02132     1.2792     76.750  1023.9964  49043.092    31.1437      1.259    6.51541     9.7009     9.7010    23.9907   11.77590 1.5523e+02      1.271 0.0000e+00
        309 211.657303    0.02139     1.2833     77.000  1023.9964  49043.202    31.1438      1.233    6.51541     9.7009     9.7010    23.9908   11.77590 1.5701e+02      1.245 0.0000e+00
        310 211.657306    0.02146     1.2875     77.250  1023.9962  49043.175    31.1438      1.192    6.51540     9.7010     9.7010    23.9908   11.77590 1.6011e+02      1.204 0.0000e+00
        311 211.657309    0.02153     1.2917     77.500  1023.9958  49042.998    31.1437      1.129    6.51540     9.7012     9.7011    23.9907   11.77590 1.6530e+02      1.140 0.0000e+00
        312 211.657312    0.02160     1.2958     77.750  1023.9953  49042.768    31.1436      1.043    6.51539     9.7014     9.7012    23.9906   11.77588 1.7221e+02      1.053 0.0000e+00
        313 211.657315    0.02167     1.3000     78.000  1023.9946  49042.303    31.1433      0.942    6.51538     9.7016     9.7013    23.9903   11.77586 1.8008e+02      0.952 0.0000e+00
        314 211.657318    0.02174     1.3042     78.250  1023.9938  49041.621    31.1429      0.844    6.51536     9.7017     9.7016    23.9900   11.77584 1.8801e+02      0.852 0.0000e+00
        315 211.657321    0.02181     1.3083     78.500  1023.9932  49041.059    31.1426      0.764    6.51535     9.7017     9.7018    23.9897   11.77582 1.9299e+02      0.772 0.0000e+00
        316 211.657323    0.02187     1.3125     78.750  1023.9928  49040.689    31.1424      0.715    6.51535     9.7015     9.7018    23.9895   11.77582 1.9377e+02      0.722 0.0000e+00
        317 211.657326    0.02194     1.3167     79.000  1023.9927  49040.577    31.1423      0.697    6.51536     9.7012     9.7018    23.9894   11.77584 1.9210e+02      0.704 0.0000e+00
        318 211.657329    0.02201     1.3208     79.250  1023.9928  49040.711    31.1424      0.703    6.51538     9.7009     9.7016    23.9895   11.77588 1.8770e+02      0.710 0.0000e+00
        319 211.657332    0.02208     1.3250     79.500  1023.9930  49040.986    31.1425      0.724    6.51541     9.7006     9.7013    23.9897   11.77594 1.8200e+02      0.732 0.0000e+00
        320 211.657335    0.02215     1.3292     79.750  1023.9933  49041.332    31.1427      0.755    6.51545     9.7004     9.7010    23.9899   11.77599 1.7759e+02      0.763 0.0000e+00
        321 211.657338    0.02222     1.3333     80.000  1023.9937  49041.639    31.1429      0.795    6.51548     9.7003     9.7008    23.9900   11.77604 1.7438e+02      0.803 0.0000e+00
        322 211.657341    0.02229     1.3375     80.250  1023.9941  49041.859    31.1430      0.847    6.51550     9.7001     9.7006    23.9901   11.77608 1.7140e+02      0.855 0.0000e+00
        323 211.657344    0.02236     1.3417     80.500  1023.9944  49041.952    31.1430      0.917    6.51553     9.7000     9.7004    23.9902   11.77612 1.6768e+02      0.926 0.0000e+00
        324 211.657347    0.02243     1.3458     80.750  1023.9948  49042.009    31.1430      1.006    6.51555     9.6998     9.7002    23.9902   11.77615 1.6258e+02      1.016 0.0000e+00
        325 211.657350    0.02250     1.3500     81.000  1023.9954  49042.162    31.1430      1.119    6.51556     9.6997     9.7001    23.9903   11.77618 1.5624e+02      1.130 0.0000e+00
        326 211.657352    0.02257     1.3542     81.250  1023.9961  49042.367    31.1431      1.259    6.51558     9.6995     9.7000    23.9903   11.77621 1.4967e+02      1.271 0.0000e+00
        327 211.657355    0.02264     1.3583     81.500  1023.9969  49042.571    31.1431      1.422    6.51560     9.6994     9.6998    23.9904   11.77624 1.4325e+02      1.435 0.0000e+00
        328 211.657358    0.02271     1.3625     81.750  1023.9978  49042.774    31.1432      1.598    6.51562     9.6993     9.6997    23.9905   11.77626 1.3639e+02      1.613 0.0000e+00
        329 211.657361    0.02278     1.3667     82.000  1023.9988  49043.032    31.1433      1.783    6.51563     9.6992     9.6996    23.9906   11.77628 1.2877e+02      1.800 0.0000e+00
        330 211.657364    0.02285     1.3708     82.250  1023.9998  49043.371    31.1434      1.974    6.51564     9.6993     9.6995    23.9907   11.77629 1.2073e+02      1.993 0.0000e+00
        331 211.657367    0.02292     1.3750     82.500  1024.0008  49043.678    31.1435      2.169    6.51564     9.6994     9.6995    23.9908   11.77629 1.1270e+02      2.189 0.0000e+00
        332 211.657370    0.02299     1.3792     82.750  1024.0017  49043.868    31.1436      2.366    6.51562     9.6995     9.6995    23.9908   11.77627 1.0511e+02      2.389 0.0000e+00
        333 211.657373    0.02306     1.3833     83.000  1024.0026  49043.925    31.1436      2.567    6.51561     9.6996     9.6997    23.9908   11.77624 9.8206e+01      2.591 0.0000e+00
        334 211.657376    0.02313     1.3875     83.250  1024.0034  49043.853    31.1434      2.769    6.51559     9.6996     9.6998    23.9907   11.77622 9.1980e+01      2.796 0.0000e+00
        335 211.657378    0.02319     1.3917     83.500  1024.0042  49043.732    31.1433      2.973    6.51558     9.6995     9.6999    23.9905   11.77621 8.6281e+01      3.001 0.0000e+00
        336 211.657381    0.02326     1.3958     83.750  1024.0050  49043.692    31.1431      3.178    6.51558     9.6994     9.6999    23.9904   11.77621 8.1015e+01      3.208 0.0000e+00
        337 211.657384    0.02333     1.4000     84.000  1024.0060  49043.775    31.1431      3.385    6.51559     9.6992     9.6999    23.9904   11.77623 7.6157e+01      3.417 0.0000e+00
        338 211.657387    0.02340     1.4042     84.250  1024.0069  49043.907    31.1431      3.593    6.51561     9.6989     9.6998    23.9905   11.77626 7.1700e+01      3.627 0.0000e+00
        339 211.657390    0.02347     1.4083     84.500  1024.0079  49043.997    31.1431      3.804    6.51563     9.6986     9.6996    23.9905   11.77630 6.7600e+01      3.840 0.0000e+00
        340 211.657393    0.02354     1.4125     84.750  1024.0088  49043.980    31.1429      4.018    6.51567     9.6981     9.6994    23.9904   11.77636 6.3773e+01      4.056 0.0000e+00
