CTD-processing/allCTD/CNV--homogene/2012_06-05b_t4_s03b_cast106.cnv
* Sea-Bird SBE19plus Data File:
* FileName = C:\Documents and Settings\glenn.seaman\My Documents\KHolderied-files\CTD-DATA-FILES\2012-CTD-KachemakBay\2012-06-05b-CTD-Tran4-Barabara-to-BluffPt\2012-06-05b-Tran4-Barabara-cast106.hex
* Software Version 1.59
* Temperature SN =  5028
* Conductivity SN =  5028
* System UpLoad Time = Jun 26 2012 23:46:34
** LTM-Transect4-BarabaraPt-to-BluffPt
** Date: 2012-06-05 High tide (2 of 2 lines)
** Station: 4-03b
** Start time (AKDT-24hr): 1555
** Depth (ft): 371
** Wind increasing from west. 1-2 ft seas.
# nquan = 17
# nvalues = 722                         
# units = specified
# name 0 = scan: Scan Count
# name 1 = timeJ: Julian Days
# name 2 = timeH: Time, Elapsed [hours]
# name 3 = timeM: Time, Elapsed [minutes]
# name 4 = timeS: Time, Elapsed [seconds]
# name 5 = density00: Density [density, kg/m^3]
# name 6 = specc: Specific Conductance [uS/cm]
# name 7 = sal00: Salinity, Practical [PSU]
# name 8 = depSM: Depth [salt water, m], lat = 59.00
# name 9 = oxsolML/L: Oxygen Saturation, Garcia & Gordon [ml/l]
# name 10 = potemp090C: Potential Temperature [ITS-90, deg C]
# name 11 = tv290C: Temperature [ITS-90, deg C]
# name 12 = sigma-é00: Density [sigma-theta, kg/m^3]
# name 13 = n2satML/L: Nitrogen Saturation [ml/l]
# name 14 = par: PAR/Irradiance, Biospherical/Licor [umol photons/m^2/sec]
# name 15 = prdM: Pressure, Strain Gauge [db]
# name 16 = flag:  0.000e+00
# span 0 =          1,        722       
# span 1 = 157.664225, 157.666311       
# span 2 =    0.00000,    0.05007       
# span 3 =     0.0000,     3.0042       
# span 4 =      0.000,    180.250       
# span 5 =   999.9558,  1025.6185       
# span 6 =    200.444,  51158.355       
# span 7 =     0.0923,    31.7730       
# span 8 =     -0.058,    109.650       
# span 9 =    6.86251,    8.39734       
# span 10 =     4.9462,     7.4871      
# span 11 =     4.9541,     7.4871      
# span 12 =    -0.0439,    25.1077      
# span 13 =   12.34393,   15.34759      
# span 14 = 4.3823e-02, 1.5545e+03      
# span 15 =     -0.059,    110.714      
# span 16 = 0.0000e+00, 0.0000e+00      
# interval = seconds: 0.25
# start_time = Jun 05 2012 15:56:29 [Instrument's time stamp, header]
# bad_flag = -9.990e-29
*END*
[from data line 426]
        427 157.665457    0.02958     1.7750    106.500  1024.9269  50566.015    31.6772      9.029    7.00465     6.3360     6.3530    24.8849   12.57870 4.8571e+01      9.114 0.0000e+00
        428 157.665460    0.02965     1.7792    106.750  1024.9299  50568.918    31.6775      9.398    7.00596     6.3280     6.3449    24.8861   12.58086 4.3593e+01      9.487 0.0000e+00
        429 157.665463    0.02972     1.7833    107.000  1024.9329  50571.880    31.6779      9.775    7.00726     6.3205     6.3369    24.8874   12.58300 3.9327e+01      9.867 0.0000e+00
        430 157.665466    0.02979     1.7875    107.250  1024.9368  50576.367    31.6793     10.152    7.00850     6.3142     6.3289    24.8895   12.58503 3.5698e+01     10.247 0.0000e+00
        431 157.665469    0.02986     1.7917    107.500  1024.9415  50582.291    31.6818     10.523    7.00960     6.3092     6.3214    24.8924   12.58682 3.2524e+01     10.622 0.0000e+00
        432 157.665472    0.02993     1.7958    107.750  1024.9461  50588.236    31.6845     10.886    7.01051     6.3056     6.3151    24.8954   12.58829 2.9669e+01     10.988 0.0000e+00
        433 157.665475    0.03000     1.8000    108.000  1024.9502  50593.161    31.6868     11.244    7.01120     6.3028     6.3102    24.8978   12.58941 2.7054e+01     11.351 0.0000e+00
        434 157.665477    0.03007     1.8042    108.250  1024.9537  50596.822    31.6885     11.608    7.01172     6.3008     6.3065    24.8996   12.59024 2.4633e+01     11.718 0.0000e+00
        435 157.665480    0.03014     1.8083    108.500  1024.9566  50599.367    31.6896     11.981    7.01211     6.2991     6.3038    24.9008   12.59087 2.2386e+01     12.095 0.0000e+00
        436 157.665483    0.03021     1.8125    108.750  1024.9591  50601.037    31.6902     12.364    7.01242     6.2975     6.3018    24.9015   12.59137 2.0317e+01     12.481 0.0000e+00
        437 157.665486    0.03028     1.8167    109.000  1024.9613  50601.981    31.6904     12.751    7.01269     6.2958     6.3001    24.9018   12.59181 1.8434e+01     12.871 0.0000e+00
        438 157.665489    0.03035     1.8208    109.250  1024.9631  50602.387    31.6902     13.134    7.01295     6.2940     6.2986    24.9019   12.59225 1.6743e+01     13.258 0.0000e+00
        439 157.665492    0.03042     1.8250    109.500  1024.9648  50602.561    31.6898     13.509    7.01323     6.2920     6.2970    24.9018   12.59272 1.5241e+01     13.636 0.0000e+00
        440 157.665495    0.03049     1.8292    109.750  1024.9664  50602.728    31.6894     13.872    7.01355     6.2898     6.2952    24.9017   12.59325 1.3919e+01     14.003 0.0000e+00
        441 157.665498    0.03056     1.8333    110.000  1024.9681  50603.266    31.6892     14.225    7.01389     6.2877     6.2931    24.9018   12.59382 1.2754e+01     14.360 0.0000e+00
        442 157.665501    0.03062     1.8375    110.250  1024.9703  50604.580    31.6895     14.577    7.01423     6.2859     6.2910    24.9023   12.59437 1.1705e+01     14.715 0.0000e+00
        443 157.665503    0.03069     1.8417    110.500  1024.9728  50606.400    31.6902     14.939    7.01454     6.2846     6.2889    24.9031   12.59487 1.0728e+01     15.080 0.0000e+00
        444 157.665506    0.03076     1.8458    110.750  1024.9754  50608.258    31.6910     15.318    7.01478     6.2836     6.2872    24.9040   12.59526 9.7954e+00     15.463 0.0000e+00
        445 157.665509    0.03083     1.8500    111.000  1024.9779  50609.800    31.6916     15.715    7.01497     6.2827     6.2859    24.9047   12.59556 8.9007e+00     15.864 0.0000e+00
        446 157.665512    0.03090     1.8542    111.250  1024.9801  50610.612    31.6918     16.126    7.01511     6.2817     6.2849    24.9049   12.59580 8.0616e+00     16.279 0.0000e+00
        447 157.665515    0.03097     1.8583    111.500  1024.9818  50610.535    31.6914     16.536    7.01527     6.2801     6.2841    24.9047   12.59606 7.3059e+00     16.693 0.0000e+00
        448 157.665518    0.03104     1.8625    111.750  1024.9830  50609.769    31.6905     16.930    7.01547     6.2780     6.2831    24.9041   12.59641 6.6519e+00     17.090 0.0000e+00
        449 157.665521    0.03111     1.8667    112.000  1024.9842  50609.099    31.6895     17.299    7.01577     6.2755     6.2816    24.9036   12.59691 6.0939e+00     17.463 0.0000e+00
        450 157.665524    0.03118     1.8708    112.250  1024.9859  50609.480    31.6892     17.653    7.01613     6.2732     6.2795    24.9036   12.59751 5.6073e+00     17.820 0.0000e+00
        451 157.665527    0.03125     1.8750    112.500  1024.9881  50611.012    31.6897     18.004    7.01651     6.2711     6.2770    24.9042   12.59814 5.1643e+00     18.174 0.0000e+00
        452 157.665530    0.03132     1.8792    112.750  1024.9906  50612.735    31.6903     18.365    7.01686     6.2691     6.2747    24.9050   12.59872 4.7443e+00     18.539 0.0000e+00
        453 157.665532    0.03139     1.8833    113.000  1024.9927  50613.656    31.6903     18.745    7.01720     6.2670     6.2727    24.9053   12.59926 4.3401e+00     18.922 0.0000e+00
        454 157.665535    0.03146     1.8875    113.250  1024.9946  50614.174    31.6901     19.140    7.01753     6.2648     6.2707    24.9054   12.59982 3.9566e+00     19.321 0.0000e+00
        455 157.665538    0.03153     1.8917    113.500  1024.9968  50615.186    31.6902     19.538    7.01787     6.2628     6.2685    24.9057   12.60038 3.6050e+00     19.723 0.0000e+00
        456 157.665541    0.03160     1.8958    113.750  1024.9992  50616.624    31.6906     19.928    7.01820     6.2609     6.2664    24.9063   12.60092 3.2952e+00     20.116 0.0000e+00
        457 157.665544    0.03167     1.9000    114.000  1025.0015  50618.029    31.6910     20.299    7.01851     6.2591     6.2644    24.9069   12.60143 3.0284e+00     20.491 0.0000e+00
        458 157.665547    0.03174     1.9042    114.250  1025.0035  50618.992    31.6912     20.650    7.01881     6.2571     6.2626    24.9072   12.60191 2.7969e+00     20.846 0.0000e+00
        459 157.665550    0.03181     1.9083    114.500  1025.0051  50619.240    31.6909     20.992    7.01911     6.2547     6.2608    24.9072   12.60242 2.5889e+00     21.191 0.0000e+00
        460 157.665553    0.03188     1.9125    114.750  1025.0065  50619.238    31.6903     21.340    7.01947     6.2521     6.2588    24.9070   12.60301 2.3932e+00     21.543 0.0000e+00
        461 157.665556    0.03194     1.9167    115.000  1025.0082  50619.636    31.6900     21.707    7.01987     6.2492     6.2565    24.9070   12.60367 2.2030e+00     21.913 0.0000e+00
        462 157.665558    0.03201     1.9208    115.250  1025.0101  50620.243    31.6897     22.094    7.02030     6.2461     6.2539    24.9071   12.60440 2.0183e+00     22.304 0.0000e+00
        463 157.665561    0.03208     1.9250    115.500  1025.0121  50620.935    31.6895     22.494    7.02078     6.2429     6.2511    24.9073   12.60519 1.8439e+00     22.708 0.0000e+00
        464 157.665564    0.03215     1.9292    115.750  1025.0145  50622.190    31.6896     22.893    7.02128     6.2398     6.2480    24.9078   12.60601 1.6862e+00     23.110 0.0000e+00
        465 157.665567    0.03222     1.9333    116.000  1025.0169  50623.775    31.6899     23.277    7.02178     6.2367     6.2449    24.9084   12.60683 1.5483e+00     23.498 0.0000e+00
        466 157.665570    0.03229     1.9375    116.250  1025.0190  50624.981    31.6900     23.642    7.02228     6.2333     6.2418    24.9088   12.60766 1.4290e+00     23.866 0.0000e+00
        467 157.665573    0.03236     1.9417    116.500  1025.0209  50625.791    31.6898     23.992    7.02280     6.2296     6.2387    24.9091   12.60854 1.3234e+00     24.220 0.0000e+00
        468 157.665576    0.03243     1.9458    116.750  1025.0226  50626.385    31.6894     24.344    7.02337     6.2255     6.2353    24.9092   12.60948 1.2251e+00     24.575 0.0000e+00
        469 157.665579    0.03250     1.9500    117.000  1025.0243  50626.774    31.6887     24.712    7.02401     6.2208     6.2316    24.9091   12.61053 1.1304e+00     24.946 0.0000e+00
        470 157.665582    0.03257     1.9542    117.250  1025.0261  50627.115    31.6880     25.098    7.02472     6.2156     6.2275    24.9091   12.61171 1.0392e+00     25.337 0.0000e+00
        471 157.665584    0.03264     1.9583    117.500  1025.0280  50627.855    31.6874     25.495    7.02550     6.2101     6.2229    24.9092   12.61302 9.5355e-01     25.738 0.0000e+00
        472 157.665587    0.03271     1.9625    117.750  1025.0304  50629.405    31.6873     25.892    7.02636     6.2046     6.2177    24.9097   12.61443 8.7569e-01     26.139 0.0000e+00
        473 157.665590    0.03278     1.9667    118.000  1025.0333  50631.836    31.6878     26.280    7.02724     6.1992     6.2123    24.9108   12.61588 8.0667e-01     26.530 0.0000e+00
        474 157.665593    0.03285     1.9708    118.250  1025.0362  50634.650    31.6885     26.650    7.02811     6.1936     6.2068    24.9120   12.61732 7.4633e-01     26.903 0.0000e+00
        475 157.665596    0.03292     1.9750    118.500  1025.0387  50636.673    31.6887     26.998    7.02898     6.1874     6.2014    24.9129   12.61877 6.9385e-01     27.255 0.0000e+00
        476 157.665599    0.03299     1.9792    118.750  1025.0402  50637.094    31.6878     27.331    7.02993     6.1799     6.1959    24.9128   12.62034 6.4755e-01     27.591 0.0000e+00
        477 157.665602    0.03306     1.9833    119.000  1025.0409  50636.114    31.6858     27.660    7.03104     6.1703     6.1897    24.9119   12.62220 6.0516e-01     27.923 0.0000e+00
        478 157.665605    0.03313     1.9875    119.250  1025.0408  50633.821    31.6826     28.000    7.03243     6.1576     6.1822    24.9103   12.62454 5.6460e-01     28.266 0.0000e+00
        479 157.665608    0.03319     1.9917    119.500  1025.0396  50629.260    31.6774     28.359    7.03425     6.1397     6.1727    24.9074   12.62761 5.2481e-01     28.629 0.0000e+00
        480 157.665611    0.03326     1.9958    119.750  1025.0361  50620.633    31.6688     28.740    7.03676     6.1136     6.1599    24.9021   12.63186 4.8602e-01     29.014 0.0000e+00
        481 157.665613    0.03333     2.0000    120.000  1025.0293  50606.098    31.6551     29.134    7.04037     6.0759     6.1420    24.8935   12.63799 4.4925e-01     29.411 0.0000e+00
        482 157.665616    0.03340     2.0042    120.250  1025.0189  50585.634    31.6356     29.525    7.04559     6.0243     6.1160    24.8813   12.64687 4.1584e-01     29.806 0.0000e+00
        483 157.665619    0.03347     2.0083    120.500  1025.0079  50564.833    31.6137     29.899    7.05287     5.9617     6.0783    24.8685   12.65917 3.8663e-01     30.183 0.0000e+00
        484 157.665622    0.03354     2.0125    120.750  1025.0042  50558.288    31.5989     30.252    7.06211     5.8961     6.0268    24.8630   12.67462 3.6140e-01     30.540 0.0000e+00
        485 157.665625    0.03361     2.0167    121.000  1025.0145  50578.507    31.6004     30.593    7.07244     5.8355     5.9642    24.8717   12.69167 3.3909e-01     30.884 0.0000e+00
        486 157.665628    0.03368     2.0208    121.250  1025.0364  50620.245    31.6162     30.934    7.08262     5.7834     5.8985    24.8919   12.70830 3.1845e-01     31.229 0.0000e+00
        487 157.665631    0.03375     2.0250    121.500  1025.0609  50666.514    31.6360     31.288    7.09179     5.7389     5.8380    24.9148   12.72320 2.9871e-01     31.586 0.0000e+00
        488 157.665634    0.03382     2.0292    121.750  1025.0815  50704.910    31.6521     31.657    7.09974     5.7008     5.7859    24.9336   12.73613 2.7968e-01     31.958 0.0000e+00
        489 157.665637    0.03389     2.0333    122.000  1025.0990  50737.225    31.6654     32.034    7.10656     5.6696     5.7414    24.9493   12.74722 2.6162e-01     32.339 0.0000e+00
        490 157.665639    0.03396     2.0375    122.250  1025.1170  50770.107    31.6802     32.413    7.11225     5.6455     5.7033    24.9655   12.75642 2.4486e-01     32.721 0.0000e+00
        491 157.665642    0.03403     2.0417    122.500  1025.1340  50800.702    31.6949     32.787    7.11679     5.6271     5.6721    24.9808   12.76374 2.2958e-01     33.099 0.0000e+00
        492 157.665645    0.03410     2.0458    122.750  1025.1471  50823.696    31.7057     33.153    7.12031     5.6122     5.6480    24.9921   12.76942 2.1583e-01     33.469 0.0000e+00
        493 157.665648    0.03417     2.0500    123.000  1025.1558  50838.289    31.7119     33.511    7.12311     5.5988     5.6297    24.9991   12.77396 2.0345e-01     33.830 0.0000e+00
        494 157.665651    0.03424     2.0542    123.250  1025.1613  50846.710    31.7145     33.861    7.12549     5.5862     5.6148    25.0029   12.77787 1.9217e-01     34.184 0.0000e+00
        495 157.665654    0.03431     2.0583    123.500  1025.1659  50853.459    31.7163     34.211    7.12766     5.5746     5.6014    25.0059   12.78143 1.8166e-01     34.537 0.0000e+00
        496 157.665657    0.03438     2.0625    123.750  1025.1710  50861.042    31.7188     34.568    7.12966     5.5643     5.5888    25.0093   12.78470 1.7166e-01     34.897 0.0000e+00
        497 157.665660    0.03444     2.0667    124.000  1025.1760  50868.286    31.7212     34.937    7.13149     5.5546     5.5773    25.0126   12.78769 1.6203e-01     35.270 0.0000e+00
        498 157.665663    0.03451     2.0708    124.250  1025.1801  50873.626    31.7226     35.317    7.13317     5.5450     5.5670    25.0149   12.79045 1.5285e-01     35.653 0.0000e+00
        499 157.665666    0.03458     2.0750    124.500  1025.1830  50876.857    31.7227     35.700    7.13479     5.5351     5.5574    25.0161   12.79312 1.4433e-01     36.040 0.0000e+00
        500 157.665668    0.03465     2.0792    124.750  1025.1855  50879.098    31.7221     36.080    7.13643     5.5253     5.5478    25.0167   12.79584 1.3660e-01     36.424 0.0000e+00
        501 157.665671    0.03472     2.0833    125.000  1025.1889  50883.335    31.7228     36.452    7.13807     5.5170     5.5379    25.0184   12.79855 1.2964e-01     36.799 0.0000e+00
        502 157.665674    0.03479     2.0875    125.250  1025.1944  50891.370    31.7262     36.815    7.13957     5.5111     5.5281    25.0222   12.80097 1.2337e-01     37.165 0.0000e+00
        503 157.665677    0.03486     2.0917    125.500  1025.2008  50901.027    31.7310     37.173    7.14074     5.5074     5.5198    25.0269   12.80284 1.1761e-01     37.527 0.0000e+00
        504 157.665680    0.03493     2.0958    125.750  1025.2064  50908.995    31.7351     37.533    7.14154     5.5051     5.5140    25.0308   12.80411 1.1222e-01     37.890 0.0000e+00
        505 157.665683    0.03500     2.1000    126.000  1025.2102  50913.340    31.7371     37.901    7.14206     5.5029     5.5103    25.0329   12.80494 1.0710e-01     38.262 0.0000e+00
        506 157.665686    0.03507     2.1042    126.250  1025.2121  50914.031    31.7369     38.283    7.14247     5.5002     5.5080    25.0330   12.80562 1.0217e-01     38.647 0.0000e+00
        507 157.665689    0.03514     2.1083    126.500  1025.2132  50913.103    31.7357     38.679    7.14289     5.4973     5.5058    25.0322   12.80634 9.7435e-02     39.047 0.0000e+00
        508 157.665692    0.03521     2.1125    126.750  1025.2149  50913.258    31.7350     39.084    7.14337     5.4944     5.5032    25.0320   12.80713 9.2982e-02     39.457 0.0000e+00
        509 157.665694    0.03528     2.1167    127.000  1025.2172  50914.588    31.7352     39.485    7.14386     5.4910     5.5003    25.0325   12.80793 8.8948e-02     39.861 0.0000e+00
        510 157.665697    0.03535     2.1208    127.250  1025.2185  50914.194    31.7341     39.866    7.14439     5.4858     5.4974    25.0320   12.80883 8.5453e-02     40.245 0.0000e+00
