CTD-processing/allCTD/CNV--homogene/2012_08-26_t9_s06_cast041.cnv
* Sea-Bird SBE19plus Data File:
* FileName = C:\Documents and Settings\kris.holderied.local\My Documents\2012-CTD-DATA-new-files\2012-08-26-CTD-HomerSpit\2012-08-26-KBay-HomerSpitLine-cast041.hex
* Software Version 1.54
* Temperature SN =  5028
* Conductivity SN =  5028
* System UpLoad Time = Aug 26 2012 13:56:38
** Kachemak Bay Homer Spit CTD Mckeon Flat to Spit
** Date:  2012-08-26
** Station:  9-06
** Start time (AKDT-24 hr): 11:37
** Depth (ft): 328
** Comment:
# nquan = 17
# nvalues = 606                         
# units = specified
# name 0 = scan: Scan Count
# name 1 = timeJ: Julian Days
# name 2 = timeH: Time, Elapsed [hours]
# name 3 = timeM: Time, Elapsed [minutes]
# name 4 = timeS: Time, Elapsed [seconds]
# name 5 = density00: Density [density, kg/m^3]
# name 6 = specc: Specific Conductance [uS/cm]
# name 7 = sal00: Salinity, Practical [PSU]
# name 8 = depSM: Depth [salt water, m], lat = 59.00
# name 9 = oxsolML/L: Oxygen Saturation, Garcia & Gordon [ml/l]
# name 10 = potemp090C: Potential Temperature [ITS-90, deg C]
# name 11 = tv290C: Temperature [ITS-90, deg C]
# name 12 = sigma-é00: Density [sigma-theta, kg/m^3]
# name 13 = n2satML/L: Nitrogen Saturation [ml/l]
# name 14 = par: PAR/Irradiance, Biospherical/Licor [umol photons/m^2/sec]
# name 15 = prdM: Pressure, Strain Gauge [db]
# name 16 = flag:  0.000e+00
# span 0 =          1,        606       
# span 1 = 239.484514, 239.486264       
# span 2 =    0.00000,    0.04201       
# span 3 =     0.0000,     2.5208       
# span 4 =      0.000,    151.250       
# span 5 =  1003.2467,  1024.5719       
# span 6 =   8225.416,  49290.721       
# span 7 =     4.6066,    31.1524       
# span 8 =     -0.056,     93.851       
# span 9 =    6.44020,    7.57963       
# span 10 =     8.7739,    11.3411      
# span 11 =     8.7834,    11.3412      
# span 12 =     3.2469,    24.1406      
# span 13 =   11.67768,   13.90358      
# span 14 = 5.7843e-02, 1.0642e+02      
# span 15 =     -0.057,     94.759      
# span 16 = 0.0000e+00, 0.0000e+00      
# interval = seconds: 0.25
# start_time = Aug 26 2012 11:37:42 [Instrument's time stamp, header]
# bad_flag = -9.990e-29
*END*
[from data line 511]
        512 239.485992    0.03549     2.1292    127.750  1024.4310  49173.963    31.0976     77.081    6.63039     8.9128     8.9248    24.0765   11.96688 6.0383e-02     77.823 0.0000e+00
        513 239.485995    0.03556     2.1333    128.000  1024.4333  49175.480    31.0982     77.400    6.63068     8.9109     8.9227    24.0773   11.96734 6.0306e-02     78.145 0.0000e+00
        514 239.485998    0.03562     2.1375    128.250  1024.4355  49176.937    31.0988     77.717    6.63094     8.9091     8.9207    24.0781   11.96777 6.0227e-02     78.465 0.0000e+00
        515 239.486001    0.03569     2.1417    128.500  1024.4376  49178.138    31.0993     78.034    6.63119     8.9072     8.9189    24.0787   11.96818 6.0153e-02     78.785 0.0000e+00
        516 239.486004    0.03576     2.1458    128.750  1024.4396  49179.253    31.0996     78.351    6.63144     8.9052     8.9171    24.0793   11.96859 6.0089e-02     79.106 0.0000e+00
        517 239.486007    0.03583     2.1500    129.000  1024.4417  49180.469    31.1001     78.669    6.63170     8.9029     8.9152    24.0800   11.96901 6.0030e-02     79.427 0.0000e+00
        518 239.486010    0.03590     2.1542    129.250  1024.4438  49181.692    31.1005     78.987    6.63198     8.9003     8.9132    24.0806   11.96946 5.9971e-02     79.748 0.0000e+00
        519 239.486013    0.03597     2.1583    129.500  1024.4460  49182.920    31.1010     79.306    6.63229     8.8971     8.9110    24.0813   11.96997 5.9909e-02     80.070 0.0000e+00
        520 239.486016    0.03604     2.1625    129.750  1024.4482  49184.363    31.1015     79.624    6.63265     8.8932     8.9085    24.0821   11.97056 5.9849e-02     80.392 0.0000e+00
        521 239.486019    0.03611     2.1667    130.000  1024.4507  49186.162    31.1021     79.941    6.63308     8.8883     8.9053    24.0831   11.97127 5.9795e-02     80.712 0.0000e+00
        522 239.486021    0.03618     2.1708    130.250  1024.4536  49188.614    31.1031     80.257    6.63362     8.8830     8.9014    24.0845   11.97216 5.9743e-02     81.030 0.0000e+00
        523 239.486024    0.03625     2.1750    130.500  1024.4571  49192.249    31.1049     80.572    6.63426     8.8779     8.8966    24.0866   11.97319 5.9686e-02     81.348 0.0000e+00
        524 239.486027    0.03632     2.1792    130.750  1024.4613  49197.073    31.1074     80.886    6.63493     8.8734     8.8913    24.0893   11.97427 5.9631e-02     81.666 0.0000e+00
        525 239.486030    0.03639     2.1833    131.000  1024.4657  49202.251    31.1101     81.198    6.63557     8.8697     8.8862    24.0922   11.97529 5.9588e-02     81.981 0.0000e+00
        526 239.486033    0.03646     2.1875    131.250  1024.4697  49206.908    31.1126     81.507    6.63612     8.8665     8.8818    24.0949   11.97617 5.9555e-02     82.292 0.0000e+00
        527 239.486036    0.03653     2.1917    131.500  1024.4732  49210.683    31.1146     81.814    6.63658     8.8636     8.8781    24.0970   11.97691 5.9522e-02     82.603 0.0000e+00
        528 239.486039    0.03660     2.1958    131.750  1024.4763  49213.622    31.1161     82.121    6.63699     8.8605     8.8749    24.0986   11.97757 5.9483e-02     82.912 0.0000e+00
        529 239.486042    0.03667     2.2000    132.000  1024.4790  49216.011    31.1172     82.426    6.63738     8.8572     8.8720    24.0999   11.97820 5.9439e-02     83.221 0.0000e+00
        530 239.486045    0.03674     2.2042    132.250  1024.4816  49218.155    31.1182     82.732    6.63778     8.8533     8.8690    24.1011   11.97885 5.9395e-02     83.530 0.0000e+00
        531 239.486047    0.03681     2.2083    132.500  1024.4842  49220.196    31.1190     83.039    6.63824     8.8486     8.8657    24.1023   11.97959 5.9350e-02     83.840 0.0000e+00
        532 239.486050    0.03687     2.2125    132.750  1024.4868  49222.343    31.1198     83.347    6.63878     8.8430     8.8618    24.1035   11.98048 5.9303e-02     84.152 0.0000e+00
        533 239.486053    0.03694     2.2167    133.000  1024.4900  49225.464    31.1212     83.660    6.63942     8.8373     8.8571    24.1053   11.98152 5.9256e-02     84.467 0.0000e+00
        534 239.486056    0.03701     2.2208    133.250  1024.4943  49230.367    31.1237     83.977    6.64013     8.8324     8.8516    24.1081   11.98267 5.9208e-02     84.787 0.0000e+00
        535 239.486059    0.03708     2.2250    133.500  1024.4992  49236.404    31.1270     84.298    6.64082     8.8286     8.8460    24.1115   11.98377 5.9167e-02     85.111 0.0000e+00
        536 239.486062    0.03715     2.2292    133.750  1024.5039  49242.112    31.1302     84.622    6.64141     8.8258     8.8411    24.1147   11.98470 5.9136e-02     85.438 0.0000e+00
        537 239.486065    0.03722     2.2333    134.000  1024.5080  49246.681    31.1327     84.947    6.64186     8.8238     8.8373    24.1173   11.98542 5.9107e-02     85.766 0.0000e+00
        538 239.486068    0.03729     2.2375    134.250  1024.5113  49250.061    31.1345     85.271    6.64219     8.8224     8.8346    24.1191   11.98594 5.9080e-02     86.094 0.0000e+00
        539 239.486071    0.03736     2.2417    134.500  1024.5141  49252.479    31.1358     85.594    6.64243     8.8212     8.8326    24.1204   11.98633 5.9052e-02     86.420 0.0000e+00
        540 239.486073    0.03743     2.2458    134.750  1024.5165  49254.211    31.1366     85.915    6.64260     8.8203     8.8311    24.1213   11.98661 5.9015e-02     86.744 0.0000e+00
        541 239.486076    0.03750     2.2500    135.000  1024.5186  49255.471    31.1372     86.233    6.64274     8.8195     8.8300    24.1220   11.98683 5.8971e-02     87.065 0.0000e+00
        542 239.486079    0.03757     2.2542    135.250  1024.5205  49256.444    31.1376     86.548    6.64286     8.8186     8.8291    24.1224   11.98703 5.8934e-02     87.383 0.0000e+00
        543 239.486082    0.03764     2.2583    135.500  1024.5223  49257.246    31.1379     86.861    6.64297     8.8177     8.8283    24.1228   11.98721 5.8913e-02     87.699 0.0000e+00
        544 239.486085    0.03771     2.2625    135.750  1024.5240  49257.903    31.1381     87.171    6.64308     8.8167     8.8275    24.1231   11.98738 5.8898e-02     88.012 0.0000e+00
        545 239.486088    0.03778     2.2667    136.000  1024.5256  49258.402    31.1382     87.479    6.64320     8.8154     8.8266    24.1233   11.98758 5.8882e-02     88.324 0.0000e+00
        546 239.486091    0.03785     2.2708    136.250  1024.5272  49258.824    31.1382     87.788    6.64335     8.8138     8.8256    24.1235   11.98783 5.8863e-02     88.635 0.0000e+00
        547 239.486094    0.03792     2.2750    136.500  1024.5289  49259.431    31.1383     88.096    6.64354     8.8122     8.8243    24.1237   11.98813 5.8842e-02     88.946 0.0000e+00
        548 239.486097    0.03799     2.2792    136.750  1024.5308  49260.436    31.1387     88.400    6.64375     8.8105     8.8228    24.1242   11.98848 5.8816e-02     89.254 0.0000e+00
        549 239.486100    0.03806     2.2833    137.000  1024.5329  49261.770    31.1393     88.700    6.64396     8.8090     8.8212    24.1249   11.98883 5.8788e-02     89.557 0.0000e+00
        550 239.486102    0.03812     2.2875    137.250  1024.5350  49263.194    31.1399     88.998    6.64417     8.8076     8.8196    24.1257   11.98918 5.8757e-02     89.857 0.0000e+00
        551 239.486105    0.03819     2.2917    137.500  1024.5371  49264.494    31.1405     89.294    6.64437     8.8062     8.8181    24.1264   11.98950 5.8716e-02     90.157 0.0000e+00
        552 239.486108    0.03826     2.2958    137.750  1024.5390  49265.560    31.1409     89.590    6.64456     8.8047     8.8167    24.1269   11.98980 5.8677e-02     90.456 0.0000e+00
        553 239.486111    0.03833     2.3000    138.000  1024.5407  49266.358    31.1412     89.883    6.64475     8.8029     8.8153    24.1273   11.99011 5.8651e-02     90.751 0.0000e+00
        554 239.486114    0.03840     2.3042    138.250  1024.5424  49266.994    31.1413     90.172    6.64497     8.8008     8.8138    24.1276   11.99047 5.8632e-02     91.043 0.0000e+00
        555 239.486117    0.03847     2.3083    138.500  1024.5441  49267.757    31.1414     90.462    6.64522     8.7985     8.8121    24.1280   11.99089 5.8614e-02     91.336 0.0000e+00
        556 239.486120    0.03854     2.3125    138.750  1024.5461  49268.905    31.1418     90.756    6.64551     8.7962     8.8101    24.1286   11.99136 5.8594e-02     91.632 0.0000e+00
        557 239.486123    0.03861     2.3167    139.000  1024.5483  49270.474    31.1424     91.049    6.64582     8.7939     8.8078    24.1294   11.99187 5.8567e-02     91.929 0.0000e+00
        558 239.486126    0.03868     2.3208    139.250  1024.5506  49272.250    31.1432     91.340    6.64613     8.7919     8.8054    24.1304   11.99238 5.8536e-02     92.223 0.0000e+00
        559 239.486128    0.03875     2.3250    139.500  1024.5528  49273.939    31.1439     91.628    6.64643     8.7899     8.8032    24.1313   11.99286 5.8504e-02     92.514 0.0000e+00
        560 239.486131    0.03882     2.3292    139.750  1024.5549  49275.403    31.1445     91.915    6.64671     8.7879     8.8012    24.1321   11.99331 5.8473e-02     92.803 0.0000e+00
        561 239.486134    0.03889     2.3333    140.000  1024.5569  49276.727    31.1451     92.197    6.64697     8.7860     8.7993    24.1328   11.99374 5.8453e-02     93.088 0.0000e+00
        562 239.486137    0.03896     2.3375    140.250  1024.5589  49278.020    31.1456     92.471    6.64724     8.7840     8.7973    24.1335   11.99417 5.8436e-02     93.365 0.0000e+00
        563 239.486140    0.03903     2.3417    140.500  1024.5608  49279.333    31.1461     92.733    6.64750     8.7820     8.7954    24.1342   11.99461 5.8418e-02     93.629 0.0000e+00
        564 239.486143    0.03910     2.3458    140.750  1024.5627  49280.798    31.1468     92.973    6.64776     8.7802     8.7934    24.1350   11.99504 5.8410e-02     93.872 0.0000e+00
        565 239.486146    0.03917     2.3500    141.000  1024.5646  49282.515    31.1476     93.179    6.64802     8.7787     8.7915    24.1360   11.99544 5.8408e-02     94.080 0.0000e+00
        566 239.486149    0.03924     2.3542    141.250  1024.5664  49284.457    31.1486     93.340    6.64824     8.7777     8.7897    24.1370   11.99580 5.8399e-02     94.243 0.0000e+00
        567 239.486152    0.03931     2.3583    141.500  1024.5681  49286.482    31.1498     93.449    6.64842     8.7773     8.7882    24.1381   11.99608 5.8386e-02     94.352 0.0000e+00
        568 239.486155    0.03938     2.3625    141.750  1024.5694  49288.328    31.1509     93.507    6.64852     8.7775     8.7872    24.1392   11.99624 5.8372e-02     94.410 0.0000e+00
        569 239.486157    0.03944     2.3667    142.000  1024.5702  49289.737    31.1518     93.524    6.64854     8.7783     8.7868    24.1399   11.99626 5.8361e-02     94.428 0.0000e+00
        570 239.486160    0.03951     2.3708    142.250  1024.5706  49290.467    31.1523     93.517    6.64848     8.7793     8.7870    24.1403   11.99615 5.8352e-02     94.421 0.0000e+00
        571 239.486163    0.03958     2.3750    142.500  1024.5704  49290.430    31.1524     93.501    6.64836     8.7803     8.7878    24.1403   11.99596 5.8342e-02     94.405 0.0000e+00
        572 239.486166    0.03965     2.3792    142.750  1024.5700  49289.807    31.1522     93.485    6.64823     8.7811     8.7887    24.1399   11.99574 5.8332e-02     94.389 0.0000e+00
        573 239.486169    0.03972     2.3833    143.000  1024.5694  49288.885    31.1517     93.468    6.64810     8.7818     8.7897    24.1394   11.99553 5.8320e-02     94.372 0.0000e+00
        574 239.486172    0.03979     2.3875    143.250  1024.5688  49287.998    31.1512     93.445    6.64800     8.7824     8.7906    24.1389   11.99536 5.8303e-02     94.349 0.0000e+00
        575 239.486175    0.03986     2.3917    143.500  1024.5683  49287.412    31.1509     93.410    6.64791     8.7830     8.7913    24.1386   11.99522 5.8285e-02     94.313 0.0000e+00
        576 239.486178    0.03993     2.3958    143.750  1024.5678  49286.986    31.1507     93.360    6.64783     8.7834     8.7919    24.1383   11.99509 5.8269e-02     94.262 0.0000e+00
        577 239.486181    0.04000     2.4000    144.000  1024.5672  49286.381    31.1504     93.295    6.64776     8.7835     8.7924    24.1380   11.99498 5.8253e-02     94.197 0.0000e+00
        578 239.486183    0.04007     2.4042    144.250  1024.5664  49285.638    31.1499     93.220    6.64772     8.7834     8.7928    24.1376   11.99491 5.8236e-02     94.121 0.0000e+00
        579 239.486186    0.04014     2.4083    144.500  1024.5658  49285.079    31.1496     93.138    6.64772     8.7831     8.7929    24.1373   11.99491 5.8215e-02     94.038 0.0000e+00
        580 239.486189    0.04021     2.4125    144.750  1024.5653  49284.873    31.1495     93.057    6.64774     8.7828     8.7928    24.1372   11.99496 5.8195e-02     93.957 0.0000e+00
        581 239.486192    0.04028     2.4167    145.000  1024.5650  49284.900    31.1495     92.987    6.64778     8.7824     8.7925    24.1373   11.99502 5.8178e-02     93.886 0.0000e+00
        582 239.486195    0.04035     2.4208    145.250  1024.5648  49284.833    31.1494     92.935    6.64783     8.7819     8.7922    24.1373   11.99510 5.8167e-02     93.833 0.0000e+00
        583 239.486198    0.04042     2.4250    145.500  1024.5645  49284.421    31.1491     92.907    6.64789     8.7810     8.7919    24.1371   11.99522 5.8162e-02     93.805 0.0000e+00
        584 239.486201    0.04049     2.4292    145.750  1024.5642  49283.876    31.1487     92.903    6.64800     8.7799     8.7913    24.1368   11.99539 5.8157e-02     93.801 0.0000e+00
        585 239.486204    0.04056     2.4333    146.000  1024.5642  49283.773    31.1485     92.915    6.64813     8.7788     8.7905    24.1368   11.99562 5.8149e-02     93.813 0.0000e+00
        586 239.486207    0.04063     2.4375    146.250  1024.5647  49284.412    31.1487     92.932    6.64829     8.7780     8.7894    24.1371   11.99587 5.8131e-02     93.831 0.0000e+00
        587 239.486209    0.04069     2.4417    146.500  1024.5654  49285.501    31.1493     92.945    6.64842     8.7774     8.7883    24.1378   11.99609 5.8105e-02     93.844 0.0000e+00
        588 239.486212    0.04076     2.4458    146.750  1024.5660  49286.639    31.1500     92.949    6.64852     8.7773     8.7874    24.1384   11.99625 5.8084e-02     93.848 0.0000e+00
        589 239.486215    0.04083     2.4500    147.000  1024.5666  49287.611    31.1506     92.947    6.64857     8.7774     8.7869    24.1390   11.99632 5.8075e-02     93.845 0.0000e+00
        590 239.486218    0.04090     2.4542    147.250  1024.5669  49288.150    31.1510     92.949    6.64858     8.7775     8.7867    24.1393   11.99633 5.8068e-02     93.847 0.0000e+00
        591 239.486221    0.04097     2.4583    147.500  1024.5669  49288.050    31.1509     92.967    6.64857     8.7774     8.7868    24.1392   11.99632 5.8056e-02     93.866 0.0000e+00
        592 239.486224    0.04104     2.4625    147.750  1024.5668  49287.504    31.1505     93.013    6.64857     8.7771     8.7869    24.1389   11.99632 5.8041e-02     93.912 0.0000e+00
        593 239.486227    0.04111     2.4667    148.000  1024.5668  49286.971    31.1501     93.091    6.64860     8.7765     8.7868    24.1386   11.99637 5.8024e-02     93.991 0.0000e+00
        594 239.486230    0.04118     2.4708    148.250  1024.5672  49286.806    31.1499     93.197    6.64865     8.7759     8.7865    24.1385   11.99647 5.8006e-02     94.098 0.0000e+00
        595 239.486233    0.04125     2.4750    148.500  1024.5679  49287.077    31.1499     93.320    6.64873     8.7752     8.7860    24.1386   11.99660 5.7988e-02     94.222 0.0000e+00
