CTD-processing/allCTD/CNV--homogene/2012_05-31a_t4_s02a_cast073.cnv
* Sea-Bird SBE19plus Data File:
* FileName = C:\Documents and Settings\glenn.seaman\My Documents\KHolderied-files\CTD-DATA-FILES\2012-05-LTM-LowerCookInlet-CTD\Transect4-2012-05-31-Barabara\2012-05-31-Tran4-Barabara-cast073.hex
* Software Version 1.59
* Temperature SN =  5028
* Conductivity SN =  5028
* System UpLoad Time = May 31 2012 15:14:28
** LTM Transect4- Barabara to Bluff Pt
** Date: 2012-05-31
** Station:4-02a
** Start time (AKDT-24hr):1119
** Depth (ft):343
** Very clear water.
# nquan = 17
# nvalues = 816                         
# units = specified
# name 0 = scan: Scan Count
# name 1 = timeJ: Julian Days
# name 2 = timeH: Time, Elapsed [hours]
# name 3 = timeM: Time, Elapsed [minutes]
# name 4 = timeS: Time, Elapsed [seconds]
# name 5 = density00: Density [density, kg/m^3]
# name 6 = specc: Specific Conductance [uS/cm]
# name 7 = sal00: Salinity, Practical [PSU]
# name 8 = depSM: Depth [salt water, m], lat = 59.00
# name 9 = oxsolML/L: Oxygen Saturation, Garcia & Gordon [ml/l]
# name 10 = potemp090C: Potential Temperature [ITS-90, deg C]
# name 11 = tv290C: Temperature [ITS-90, deg C]
# name 12 = sigma-é00: Density [sigma-theta, kg/m^3]
# name 13 = n2satML/L: Nitrogen Saturation [ml/l]
# name 14 = par: PAR/Irradiance, Biospherical/Licor [umol photons/m^2/sec]
# name 15 = prdM: Pressure, Strain Gauge [db]
# name 16 = flag:  0.000e+00
# span 0 =          1,        816       
# span 1 = 152.471262, 152.473620       
# span 2 =    0.00000,    0.05660       
# span 3 =     0.0000,     3.3958       
# span 4 =      0.000,    203.750       
# span 5 =  1024.8385,  1025.6275       
# span 6 =  50476.602,  51282.513       
# span 7 =    31.5934,    31.7707       
# span 8 =      0.299,    100.597       
# span 9 =    7.02994,    7.29133       
# span 10 =     4.6286,     6.2172      
# span 11 =     4.6356,     6.2172      
# span 12 =    24.8355,    25.1552      
# span 13 =   12.62126,   13.05102      
# span 14 = 4.1803e-02, 3.4189e+02      
# span 15 =      0.302,    101.572      
# span 16 = 0.0000e+00, 0.0000e+00      
# interval = seconds: 0.25
# start_time = May 31 2012 11:18:37 [Instrument's time stamp, header]
# bad_flag = -9.990e-29
*END*
[from data line 256]
        257 152.472002    0.01778     1.0667     64.000  1024.8478  50493.930    31.6030      0.676    7.03246     6.2027     6.2045    24.8446   12.62558 3.0771e+02      0.682 0.0000e+00
        258 152.472005    0.01785     1.0708     64.250  1024.8483  50494.915    31.6035      0.688    7.03258     6.2020     6.2036    24.8451   12.62578 3.1216e+02      0.695 0.0000e+00
        259 152.472008    0.01792     1.0750     64.500  1024.8490  50496.075    31.6042      0.699    7.03269     6.2017     6.2028    24.8457   12.62595 3.1126e+02      0.706 0.0000e+00
        260 152.472011    0.01799     1.0792     64.750  1024.8496  50497.151    31.6048      0.704    7.03277     6.2016     6.2021    24.8463   12.62608 3.0833e+02      0.711 0.0000e+00
        261 152.472014    0.01806     1.0833     65.000  1024.8500  50497.926    31.6053      0.702    7.03281     6.2018     6.2017    24.8467   12.62614 3.0252e+02      0.709 0.0000e+00
        262 152.472017    0.01812     1.0875     65.250  1024.8501  50498.263    31.6055      0.697    7.03281     6.2023     6.2017    24.8469   12.62614 2.9516e+02      0.703 0.0000e+00
        263 152.472020    0.01819     1.0917     65.500  1024.8501  50498.251    31.6055      0.692    7.03277     6.2030     6.2019    24.8469   12.62607 2.9398e+02      0.698 0.0000e+00
        264 152.472023    0.01826     1.0958     65.750  1024.8499  50497.952    31.6054      0.688    7.03270     6.2037     6.2024    24.8467   12.62595 2.9402e+02      0.694 0.0000e+00
        265 152.472025    0.01833     1.1000     66.000  1024.8496  50497.363    31.6051      0.687    7.03260     6.2045     6.2030    24.8464   12.62579 2.9189e+02      0.693 0.0000e+00
        266 152.472028    0.01840     1.1042     66.250  1024.8492  50496.558    31.6047      0.689    7.03249     6.2051     6.2038    24.8460   12.62561 2.9085e+02      0.695 0.0000e+00
        267 152.472031    0.01847     1.1083     66.500  1024.8488  50495.652    31.6042      0.696    7.03239     6.2052     6.2046    24.8455   12.62545 2.9067e+02      0.703 0.0000e+00
        268 152.472034    0.01854     1.1125     66.750  1024.8484  50494.837    31.6038      0.706    7.03232     6.2049     6.2052    24.8451   12.62535 2.9339e+02      0.713 0.0000e+00
        269 152.472037    0.01861     1.1167     67.000  1024.8482  50494.423    31.6035      0.713    7.03231     6.2045     6.2053    24.8449   12.62533 3.0184e+02      0.720 0.0000e+00
        270 152.472040    0.01868     1.1208     67.250  1024.8483  50494.637    31.6036      0.712    7.03235     6.2042     6.2050    24.8450   12.62540 3.0998e+02      0.718 0.0000e+00
        271 152.472043    0.01875     1.1250     67.500  1024.8486  50495.226    31.6039      0.699    7.03240     6.2042     6.2046    24.8453   12.62548 3.1092e+02      0.706 0.0000e+00
        272 152.472046    0.01882     1.1292     67.750  1024.8487  50495.611    31.6042      0.681    7.03243     6.2043     6.2043    24.8455   12.62553 3.1025e+02      0.688 0.0000e+00
        273 152.472049    0.01889     1.1333     68.000  1024.8486  50495.512    31.6041      0.670    7.03244     6.2044     6.2043    24.8455   12.62555 3.1147e+02      0.676 0.0000e+00
        274 152.472052    0.01896     1.1375     68.250  1024.8484  50495.076    31.6038      0.675    7.03244     6.2045     6.2044    24.8452   12.62555 3.0877e+02      0.682 0.0000e+00
        275 152.472054    0.01903     1.1417     68.500  1024.8482  50494.591    31.6035      0.700    7.03245     6.2046     6.2044    24.8450   12.62556 3.0427e+02      0.706 0.0000e+00
        276 152.472057    0.01910     1.1458     68.750  1024.8481  50494.232    31.6032      0.729    7.03245     6.2048     6.2045    24.8447   12.62556 3.0421e+02      0.736 0.0000e+00
        277 152.472060    0.01917     1.1500     69.000  1024.8481  50493.993    31.6031      0.745    7.03243     6.2051     6.2046    24.8446   12.62554 3.0771e+02      0.752 0.0000e+00
        278 152.472063    0.01924     1.1542     69.250  1024.8479  50493.759    31.6030      0.738    7.03240     6.2055     6.2049    24.8445   12.62549 3.1295e+02      0.745 0.0000e+00
        279 152.472066    0.01931     1.1583     69.500  1024.8476  50493.443    31.6028      0.709    7.03236     6.2061     6.2052    24.8444   12.62541 3.1682e+02      0.716 0.0000e+00
        280 152.472069    0.01938     1.1625     69.750  1024.8473  50493.059    31.6027      0.674    7.03229     6.2067     6.2056    24.8442   12.62531 3.1335e+02      0.680 0.0000e+00
        281 152.472072    0.01944     1.1667     70.000  1024.8470  50492.586    31.6024      0.651    7.03222     6.2073     6.2062    24.8439   12.62519 3.0606e+02      0.657 0.0000e+00
        282 152.472075    0.01951     1.1708     70.250  1024.8466  50491.941    31.6021      0.654    7.03213     6.2079     6.2068    24.8436   12.62505 3.0180e+02      0.660 0.0000e+00
        283 152.472078    0.01958     1.1750     70.500  1024.8463  50491.052    31.6016      0.682    7.03205     6.2081     6.2074    24.8431   12.62492 2.9741e+02      0.689 0.0000e+00
        284 152.472080    0.01965     1.1792     70.750  1024.8460  50490.069    31.6010      0.722    7.03199     6.2081     6.2080    24.8426   12.62483 2.9473e+02      0.729 0.0000e+00
        285 152.472083    0.01972     1.1833     71.000  1024.8458  50489.437    31.6006      0.756    7.03196     6.2079     6.2082    24.8422   12.62480 3.0073e+02      0.763 0.0000e+00
        286 152.472086    0.01979     1.1875     71.250  1024.8458  50489.409    31.6006      0.769    7.03197     6.2078     6.2082    24.8422   12.62481 3.1168e+02      0.777 0.0000e+00
        287 152.472089    0.01986     1.1917     71.500  1024.8459  50489.736    31.6008      0.757    7.03199     6.2078     6.2080    24.8424   12.62484 3.1914e+02      0.764 0.0000e+00
        288 152.472092    0.01993     1.1958     71.750  1024.8459  50489.963    31.6009      0.725    7.03199     6.2077     6.2079    24.8425   12.62484 3.2087e+02      0.732 0.0000e+00
        289 152.472095    0.02000     1.2000     72.000  1024.8457  50489.916    31.6009      0.687    7.03199     6.2073     6.2079    24.8425   12.62484 3.1943e+02      0.694 0.0000e+00
        290 152.472098    0.02007     1.2042     72.250  1024.8455  50489.779    31.6008      0.661    7.03202     6.2064     6.2078    24.8424   12.62489 3.1627e+02      0.667 0.0000e+00
        291 152.472101    0.02014     1.2083     72.500  1024.8455  50489.852    31.6008      0.654    7.03209     6.2050     6.2074    24.8425   12.62501 3.1365e+02      0.660 0.0000e+00
        292 152.472104    0.02021     1.2125     72.750  1024.8460  50490.572    31.6011      0.667    7.03223     6.2034     6.2065    24.8428   12.62522 3.1352e+02      0.673 0.0000e+00
        293 152.472106    0.02028     1.2167     73.000  1024.8470  50492.291    31.6020      0.690    7.03241     6.2019     6.2051    24.8437   12.62552 3.1293e+02      0.696 0.0000e+00
        294 152.472109    0.02035     1.2208     73.250  1024.8483  50494.745    31.6034      0.710    7.03261     6.2008     6.2035    24.8450   12.62584 3.1067e+02      0.716 0.0000e+00
        295 152.472112    0.02042     1.2250     73.500  1024.8497  50497.246    31.6048      0.721    7.03280     6.2001     6.2020    24.8463   12.62612 3.0843e+02      0.727 0.0000e+00
        296 152.472115    0.02049     1.2292     73.750  1024.8507  50499.254    31.6060      0.720    7.03293     6.1998     6.2008    24.8474   12.62632 3.0776e+02      0.726 0.0000e+00
        297 152.472118    0.02056     1.2333     74.000  1024.8514  50500.556    31.6068      0.712    7.03301     6.1999     6.2001    24.8481   12.62644 3.1307e+02      0.718 0.0000e+00
        298 152.472121    0.02063     1.2375     74.250  1024.8517  50501.224    31.6072      0.700    7.03303     6.2002     6.1999    24.8484   12.62647 3.1984e+02      0.707 0.0000e+00
        299 152.472124    0.02069     1.2417     74.500  1024.8518  50501.441    31.6074      0.691    7.03301     6.2008     6.2000    24.8486   12.62643 3.1863e+02      0.697 0.0000e+00
        300 152.472127    0.02076     1.2458     74.750  1024.8517  50501.305    31.6073      0.687    7.03295     6.2015     6.2003    24.8485   12.62634 3.1539e+02      0.694 0.0000e+00
        301 152.472130    0.02083     1.2500     75.000  1024.8515  50500.825    31.6071      0.689    7.03287     6.2023     6.2008    24.8483   12.62622 3.1766e+02      0.695 0.0000e+00
        302 152.472133    0.02090     1.2542     75.250  1024.8510  50499.989    31.6066      0.693    7.03278     6.2032     6.2015    24.8478   12.62607 3.2012e+02      0.700 0.0000e+00
        303 152.472135    0.02097     1.2583     75.500  1024.8504  50498.778    31.6059      0.696    7.03268     6.2043     6.2023    24.8472   12.62592 3.1995e+02      0.702 0.0000e+00
        304 152.472138    0.02104     1.2625     75.750  1024.8496  50497.214    31.6050      0.695    7.03256     6.2055     6.2033    24.8464   12.62573 3.2190e+02      0.702 0.0000e+00
        305 152.472141    0.02111     1.2667     76.000  1024.8486  50495.386    31.6040      0.694    7.03243     6.2067     6.2044    24.8454   12.62552 3.2443e+02      0.700 0.0000e+00
        306 152.472144    0.02118     1.2708     76.250  1024.8476  50493.409    31.6029      0.693    7.03229     6.2078     6.2056    24.8444   12.62530 3.2585e+02      0.699 0.0000e+00
        307 152.472147    0.02125     1.2750     76.500  1024.8465  50491.483    31.6018      0.692    7.03214     6.2087     6.2068    24.8434   12.62507 3.3114e+02      0.698 0.0000e+00
        308 152.472150    0.02132     1.2792     76.750  1024.8457  50489.867    31.6008      0.687    7.03200     6.2094     6.2079    24.8425   12.62486 3.3663e+02      0.693 0.0000e+00
        309 152.472153    0.02139     1.2833     77.000  1024.8450  50488.694    31.6002      0.676    7.03188     6.2099     6.2088    24.8419   12.62467 3.3407e+02      0.683 0.0000e+00
        310 152.472156    0.02146     1.2875     77.250  1024.8446  50487.972    31.5999      0.663    7.03179     6.2102     6.2095    24.8415   12.62451 3.2810e+02      0.669 0.0000e+00
        311 152.472159    0.02153     1.2917     77.500  1024.8443  50487.623    31.5997      0.651    7.03172     6.2105     6.2100    24.8413   12.62439 3.2657e+02      0.658 0.0000e+00
        312 152.472161    0.02160     1.2958     77.750  1024.8443  50487.495    31.5997      0.649    7.03166     6.2109     6.2103    24.8413   12.62430 3.2870e+02      0.655 0.0000e+00
        313 152.472164    0.02167     1.3000     78.000  1024.8443  50487.380    31.5997      0.658    7.03161     6.2113     6.2106    24.8412   12.62422 3.2875e+02      0.664 0.0000e+00
        314 152.472167    0.02174     1.3042     78.250  1024.8442  50487.047    31.5995      0.673    7.03156     6.2117     6.2110    24.8410   12.62413 3.2442e+02      0.679 0.0000e+00
        315 152.472170    0.02181     1.3083     78.500  1024.8440  50486.558    31.5993      0.685    7.03150     6.2121     6.2114    24.8408   12.62405 3.2419e+02      0.692 0.0000e+00
        316 152.472173    0.02187     1.3125     78.750  1024.8438  50486.145    31.5991      0.686    7.03145     6.2124     6.2118    24.8405   12.62396 3.3166e+02      0.692 0.0000e+00
        317 152.472176    0.02194     1.3167     79.000  1024.8436  50485.858    31.5989      0.671    7.03139     6.2127     6.2122    24.8404   12.62387 3.3660e+02      0.677 0.0000e+00
        318 152.472179    0.02201     1.3208     79.250  1024.8434  50485.659    31.5989      0.646    7.03134     6.2129     6.2125    24.8403   12.62378 3.3495e+02      0.652 0.0000e+00
        319 152.472182    0.02208     1.3250     79.500  1024.8432  50485.494    31.5988      0.622    7.03130     6.2132     6.2128    24.8403   12.62371 3.3211e+02      0.628 0.0000e+00
        320 152.472185    0.02215     1.3292     79.750  1024.8430  50485.238    31.5987      0.610    7.03126     6.2133     6.2130    24.8401   12.62365 3.2745e+02      0.616 0.0000e+00
        321 152.472187    0.02222     1.3333     80.000  1024.8427  50484.724    31.5984      0.614    7.03124     6.2132     6.2132    24.8399   12.62362 3.1937e+02      0.620 0.0000e+00
        322 152.472190    0.02229     1.3375     80.250  1024.8424  50484.081    31.5979      0.632    7.03124     6.2131     6.2133    24.8395   12.62364 3.1253e+02      0.639 0.0000e+00
        323 152.472193    0.02236     1.3417     80.500  1024.8423  50483.711    31.5977      0.655    7.03126     6.2130     6.2133    24.8393   12.62368 3.1176e+02      0.661 0.0000e+00
        324 152.472196    0.02243     1.3458     80.750  1024.8424  50483.716    31.5976      0.670    7.03129     6.2130     6.2132    24.8393   12.62371 3.1820e+02      0.676 0.0000e+00
        325 152.472199    0.02250     1.3500     81.000  1024.8425  50483.869    31.5977      0.669    7.03130     6.2130     6.2131    24.8394   12.62373 3.2540e+02      0.676 0.0000e+00
        326 152.472202    0.02257     1.3542     81.250  1024.8425  50484.017    31.5978      0.654    7.03130     6.2131     6.2131    24.8395   12.62373 3.2701e+02      0.660 0.0000e+00
        327 152.472205    0.02264     1.3583     81.500  1024.8425  50484.144    31.5979      0.632    7.03128     6.2133     6.2131    24.8395   12.62371 3.2846e+02      0.638 0.0000e+00
        328 152.472208    0.02271     1.3625     81.750  1024.8424  50484.192    31.5980      0.615    7.03126     6.2136     6.2132    24.8396   12.62367 3.3494e+02      0.621 0.0000e+00
        329 152.472211    0.02278     1.3667     82.000  1024.8423  50484.050    31.5979      0.610    7.03123     6.2140     6.2134    24.8395   12.62362 3.4151e+02      0.615 0.0000e+00
        330 152.472214    0.02285     1.3708     82.250  1024.8422  50483.664    31.5977      0.617    7.03120     6.2143     6.2137    24.8393   12.62357 3.4189e+02      0.623 0.0000e+00
        331 152.472216    0.02292     1.3750     82.500  1024.8419  50483.120    31.5974      0.634    7.03115     6.2145     6.2140    24.8390   12.62351 3.3501e+02      0.640 0.0000e+00
        332 152.472219    0.02299     1.3792     82.750  1024.8417  50482.523    31.5970      0.656    7.03112     6.2147     6.2143    24.8386   12.62345 3.2564e+02      0.663 0.0000e+00
        333 152.472222    0.02306     1.3833     83.000  1024.8415  50481.940    31.5967      0.675    7.03109     6.2148     6.2146    24.8383   12.62341 3.2108e+02      0.681 0.0000e+00
        334 152.472225    0.02313     1.3875     83.250  1024.8413  50481.548    31.5964      0.682    7.03108     6.2148     6.2148    24.8381   12.62339 3.2277e+02      0.688 0.0000e+00
        335 152.472228    0.02319     1.3917     83.500  1024.8412  50481.428    31.5964      0.675    7.03107     6.2148     6.2149    24.8381   12.62337 3.2377e+02      0.681 0.0000e+00
        336 152.472231    0.02326     1.3958     83.750  1024.8412  50481.467    31.5964      0.658    7.03107     6.2148     6.2149    24.8381   12.62336 3.2241e+02      0.665 0.0000e+00
        337 152.472234    0.02333     1.4000     84.000  1024.8411  50481.565    31.5965      0.640    7.03107     6.2149     6.2149    24.8382   12.62336 3.2268e+02      0.646 0.0000e+00
        338 152.472237    0.02340     1.4042     84.250  1024.8411  50481.659    31.5966      0.627    7.03106     6.2150     6.2149    24.8382   12.62335 3.2396e+02      0.633 0.0000e+00
        339 152.472240    0.02347     1.4083     84.500  1024.8411  50481.649    31.5966      0.621    7.03104     6.2151     6.2149    24.8382   12.62333 3.2434e+02      0.627 0.0000e+00
        340 152.472242    0.02354     1.4125     84.750  1024.8410  50481.491    31.5965      0.619    7.03103     6.2151     6.2150    24.8381   12.62330 3.1987e+02      0.625 0.0000e+00
