CTD-processing/allCTD/CNV--homogene/2012_07-29_t3_s14_cast044.cnv
* Sea-Bird SBE19plus Data File:
* FileName = C:\Documents and Settings\kris.holderied.local\My Documents\2012-07-EVOS-CookInlet-Ocean\2012-07-29-Tran3-CookInlet-LTM-cast044.hex
* Software Version 1.54
* Temperature SN =  4141
* Conductivity SN =  4141
* System UpLoad Time = Jul 29 2012 20:17:02
** Cook Inlet LTM Transect 3 from Anchor Pt west
** Date:  2012-07-29
** Station:  3-14
** Start time (AKDT-24 hr): 1428
** Depth (m): 31
** Depth includes 3 m transducer depth. CTD time 1hr later than AKDT.
# nquan = 17
# nvalues = 437                         
# units = specified
# name 0 = scan: Scan Count
# name 1 = timeJ: Julian Days
# name 2 = timeH: Time, Elapsed [hours]
# name 3 = timeM: Time, Elapsed [minutes]
# name 4 = timeS: Time, Elapsed [seconds]
# name 5 = density00: Density [density, kg/m^3]
# name 6 = specc: Specific Conductance [uS/cm]
# name 7 = sal00: Salinity, Practical [PSU]
# name 8 = depSM: Depth [salt water, m], lat = 59.00
# name 9 = oxsolML/L: Oxygen Saturation, Garcia & Gordon [ml/l]
# name 10 = potemp090C: Potential Temperature [ITS-90, deg C]
# name 11 = tv290C: Temperature [ITS-90, deg C]
# name 12 = sigma-é00: Density [sigma-theta, kg/m^3]
# name 13 = n2satML/L: Nitrogen Saturation [ml/l]
# name 14 = par: PAR/Irradiance, Biospherical/Licor
# name 15 = prdM: Pressure, Strain Gauge [db]
# name 16 = flag:  0.000e+00
# span 0 =          1,        437       
# span 1 = 211.647118, 211.648380       
# span 2 =    0.00000,    0.03028       
# span 3 =     0.0000,     1.8167       
# span 4 =      0.000,    109.000       
# span 5 =   999.8560,  1024.1726       
# span 6 =    533.993,  49271.847       
# span 7 =     0.2547,    31.3094       
# span 8 =     -0.042,     26.332       
# span 9 =    6.49579,    7.79333       
# span 10 =     9.6701,    10.5048      
# span 11 =     9.6729,    10.5050      
# span 12 =    -0.1438,    24.1144      
# span 13 =   11.74220,   14.32579      
# span 14 = 9.1665e-01, 3.5254e+02      
# span 15 =     -0.042,     26.582      
# span 16 = 0.0000e+00, 0.0000e+00      
# interval = seconds: 0.25
# start_time = Jul 29 2012 15:31:51 [Instrument's time stamp, header]
# bad_flag = -9.990e-29
*END*
          1 211.647118    0.00000     0.0000      0.000   999.8691    568.240     0.2715     -0.037    7.79225    10.5048    10.5050    -0.1307   14.32372 3.1446e+02     -0.037 0.0000e+00
          2 211.647121    0.00007     0.0042      0.250   999.8689    567.845     0.2713     -0.038    7.79228    10.5047    10.5049    -0.1309   14.32377 3.1731e+02     -0.038 0.0000e+00
          3 211.647124    0.00014     0.0083      0.500   999.8677    564.669     0.2697     -0.039    7.79238    10.5046    10.5048    -0.1321   14.32396 3.2128e+02     -0.039 0.0000e+00
          4 211.647127    0.00021     0.0125      0.750   999.8658    559.767     0.2673     -0.040    7.79252    10.5046    10.5047    -0.1340   14.32423 3.2553e+02     -0.040 0.0000e+00
          5 211.647130    0.00028     0.0167      1.000   999.8639    554.953     0.2649     -0.040    7.79265    10.5045    10.5046    -0.1359   14.32448 3.2896e+02     -0.040 0.0000e+00
          6 211.647133    0.00035     0.0208      1.250   999.8624    550.912     0.2630     -0.040    7.79276    10.5044    10.5046    -0.1374   14.32470 3.3171e+02     -0.040 0.0000e+00
          7 211.647135    0.00042     0.0250      1.500   999.8612    547.760     0.2614     -0.041    7.79284    10.5044    10.5045    -0.1386   14.32487 3.3474e+02     -0.041 0.0000e+00
          8 211.647138    0.00049     0.0292      1.750   999.8602    545.259     0.2602     -0.041    7.79292    10.5043    10.5044    -0.1396   14.32501 3.3846e+02     -0.041 0.0000e+00
          9 211.647141    0.00056     0.0333      2.000   999.8594    543.238     0.2592     -0.041    7.79298    10.5042    10.5044    -0.1404   14.32513 3.4263e+02     -0.041 0.0000e+00
         10 211.647144    0.00063     0.0375      2.250   999.8589    541.692     0.2584     -0.041    7.79303    10.5041    10.5043    -0.1409   14.32522 3.4660e+02     -0.041 0.0000e+00
         11 211.647147    0.00069     0.0417      2.500   999.8584    540.528     0.2578     -0.041    7.79307    10.5040    10.5042    -0.1414   14.32530 3.4976e+02     -0.041 0.0000e+00
         12 211.647150    0.00076     0.0458      2.750   999.8580    539.443     0.2573     -0.041    7.79311    10.5040    10.5041    -0.1418   14.32537 3.5183e+02     -0.041 0.0000e+00
         13 211.647153    0.00083     0.0500      3.000   999.8576    538.297     0.2567     -0.041    7.79315    10.5039    10.5040    -0.1422   14.32545 3.5254e+02     -0.041 0.0000e+00
         14 211.647156    0.00090     0.0542      3.250   999.8572    537.260     0.2562     -0.041    7.79319    10.5039    10.5040    -0.1426   14.32553 3.5226e+02     -0.041 0.0000e+00
         15 211.647159    0.00097     0.0583      3.500   999.8569    536.445     0.2558     -0.041    7.79322    10.5038    10.5039    -0.1429   14.32559 3.5175e+02     -0.041 0.0000e+00
         16 211.647161    0.00104     0.0625      3.750   999.8566    535.742     0.2555     -0.041    7.79325    10.5037    10.5039    -0.1432   14.32564 3.5124e+02     -0.041 0.0000e+00
         17 211.647164    0.00111     0.0667      4.000   999.8563    535.058     0.2552     -0.041    7.79327    10.5037    10.5038    -0.1435   14.32568 3.5064e+02     -0.041 0.0000e+00
         18 211.647167    0.00118     0.0708      4.250   999.8561    534.433     0.2549     -0.042    7.79330    10.5036    10.5037    -0.1437   14.32573 3.5003e+02     -0.042 0.0000e+00
         19 211.647170    0.00125     0.0750      4.500   999.8560    534.015     0.2547     -0.042    7.79332    10.5035    10.5037    -0.1438   14.32577 3.4977e+02     -0.042 0.0000e+00
         20 211.647173    0.00132     0.0792      4.750   999.8561    533.993     0.2548     -0.042    7.79333    10.5035    10.5036    -0.1437   14.32579 3.4989e+02     -0.042 0.0000e+00
         21 211.647176    0.00139     0.0833      5.000   999.8564    534.561     0.2552     -0.041    7.79332    10.5035    10.5035    -0.1434   14.32577 3.4988e+02     -0.041 0.0000e+00
         22 211.647179    0.00146     0.0875      5.250   999.8571    535.976     0.2561     -0.041    7.79329    10.5034    10.5035    -0.1427   14.32570 3.4970e+02     -0.041 0.0000e+00
         23 211.647182    0.00153     0.0917      5.500   999.8583    538.558     0.2577     -0.041    7.79323    10.5032    10.5035    -0.1415   14.32557 3.4955e+02     -0.041 0.0000e+00
         24 211.647185    0.00160     0.0958      5.750   999.8604    542.832     0.2603     -0.042    7.79313    10.5031    10.5034    -0.1394   14.32536 3.4947e+02     -0.042 0.0000e+00
         25 211.647188    0.00167     0.1000      6.000   999.8638    549.866     0.2647     -0.042    7.79295    10.5029    10.5032    -0.1360   14.32501 3.4950e+02     -0.042 0.0000e+00
         26 211.647190    0.00174     0.1042      6.250   999.8695    561.500     0.2719     -0.041    7.79264    10.5026    10.5031    -0.1303   14.32440 3.4950e+02     -0.041 0.0000e+00
         27 211.647193    0.00181     0.1083      6.500   999.8788    580.640     0.2839     -0.041    7.79212    10.5023    10.5029    -0.1210   14.32338 3.4906e+02     -0.041 0.0000e+00
         28 211.647196    0.00187     0.1125      6.750   999.8941    612.008     0.3035     -0.040    7.79127    10.5017    10.5026    -0.1057   14.32168 3.4778e+02     -0.040 0.0000e+00
         29 211.647199    0.00194     0.1167      7.000   999.9194    663.733     0.3359     -0.040    7.78985    10.5006    10.5023    -0.0804   14.31887 3.4564e+02     -0.040 0.0000e+00
         30 211.647202    0.00201     0.1208      7.250   999.9614    749.636     0.3898     -0.039    7.78749    10.4990    10.5017    -0.0384   14.31419 3.4293e+02     -0.039 0.0000e+00
         31 211.647205    0.00208     0.1250      7.500  1000.0313    892.549     0.4796     -0.038    7.78356    10.4962    10.5006     0.0315   14.30640 3.3984e+02     -0.038 0.0000e+00
         32 211.647208    0.00215     0.1292      7.750  1000.1476   1130.282     0.6289     -0.036    7.77701    10.4916    10.4990     0.1478   14.29343 3.3657e+02     -0.036 0.0000e+00
         33 211.647211    0.00222     0.1333      8.000  1000.3414   1525.978     0.8775     -0.032    7.76611    10.4841    10.4962     0.3415   14.27183 3.3343e+02     -0.032 0.0000e+00
         34 211.647214    0.00229     0.1375      8.250  1000.6641   2185.045     1.2916     -0.025    7.74794    10.4716    10.4916     0.6642   14.23584 3.2997e+02     -0.025 0.0000e+00
         35 211.647216    0.00236     0.1417      8.500  1001.2017   3282.984     1.9816     -0.013    7.71765    10.4507    10.4841     1.2018   14.17587 3.2533e+02     -0.013 0.0000e+00
         36 211.647219    0.00243     0.1458      8.750  1002.0975   5112.263     3.1312      0.005    7.66719    10.4160    10.4716     2.0975   14.07593 3.1869e+02      0.006 0.0000e+00
         37 211.647222    0.00250     0.1500      9.000  1003.5908   8161.575     5.0476      0.036    7.58307    10.3583    10.4507     3.5907   13.90933 3.0963e+02      0.037 0.0000e+00
         38 211.647225    0.00257     0.1542      9.250  1006.0790  13242.280     8.2407      0.088    7.44290    10.2698    10.4160     6.0786   13.63172 2.9797e+02      0.089 0.0000e+00
         39 211.647228    0.00264     0.1583      9.500  1010.0012  21188.110    13.2748      0.169    7.22332    10.1583    10.3583    10.0004   13.19691 2.8204e+02      0.171 0.0000e+00
         40 211.647231    0.00271     0.1625      9.750  1014.6229  30455.827    19.2039      0.280    6.96907    10.0464    10.2698    14.6216   12.69283 2.5856e+02      0.283 0.0000e+00
         41 211.647234    0.00278     0.1667     10.000  1018.2718  37723.098    23.8765      0.408    6.77537     9.9521    10.1584    18.2699   12.30703 2.2449e+02      0.411 0.0000e+00
         42 211.647237    0.00285     0.1708     10.250  1020.5303  42203.586    26.7591      0.538    6.66225     9.8805    10.0465    20.5279   12.07974 1.8611e+02      0.543 0.0000e+00
         43 211.647240    0.00292     0.1750     10.500  1021.9217  44954.473    28.5293      0.664    6.59656     9.8294     9.9522    21.9187   11.94649 1.5790e+02      0.670 0.0000e+00
         44 211.647242    0.00299     0.1792     10.750  1022.7715  46630.223    29.6072      0.781    6.55862     9.7941     9.8806    22.7680   11.86880 1.4474e+02      0.789 0.0000e+00
         45 211.647245    0.00306     0.1833     11.000  1023.2914  47652.640    30.2649      0.885    6.53657     9.7703     9.8294    23.2873   11.82324 1.4266e+02      0.893 0.0000e+00
         46 211.647248    0.00313     0.1875     11.250  1023.6097  48277.130    30.6667      0.966    6.52370     9.7548     9.7942    23.6053   11.79640 1.4736e+02      0.975 0.0000e+00
         47 211.647251    0.00319     0.1917     11.500  1023.8023  48654.242    30.9091      1.020    6.51628     9.7450     9.7704    23.7976   11.78080 1.5344e+02      1.029 0.0000e+00
         48 211.647254    0.00326     0.1958     11.750  1023.9149  48875.136    31.0506      1.051    6.51218     9.7386     9.7549    23.9101   11.77205 1.5800e+02      1.061 0.0000e+00
         49 211.647257    0.00333     0.2000     12.000  1023.9793  49001.881    31.1314      1.068    6.50998     9.7344     9.7451    23.9744   11.76728 1.6136e+02      1.078 0.0000e+00
         50 211.647260    0.00340     0.2042     12.250  1024.0169  49076.083    31.1784      1.076    6.50877     9.7315     9.7387    24.0120   11.76463 1.6411e+02      1.086 0.0000e+00
         51 211.647263    0.00347     0.2083     12.500  1024.0398  49121.064    31.2070      1.079    6.50809     9.7293     9.7345    24.0348   11.76312 1.6653e+02      1.089 0.0000e+00
         52 211.647266    0.00354     0.2125     12.750  1024.0540  49148.999    31.2247      1.077    6.50772     9.7277     9.7316    24.0491   11.76225 1.6830e+02      1.087 0.0000e+00
         53 211.647269    0.00361     0.2167     13.000  1024.0631  49166.680    31.2360      1.072    6.50752     9.7265     9.7294    24.0582   11.76177 1.6927e+02      1.082 0.0000e+00
         54 211.647271    0.00368     0.2208     13.250  1024.0688  49177.729    31.2430      1.064    6.50744     9.7256     9.7278    24.0639   11.76154 1.6990e+02      1.074 0.0000e+00
         55 211.647274    0.00375     0.2250     13.500  1024.0722  49184.331    31.2472      1.055    6.50743     9.7250     9.7266    24.0673   11.76146 1.7045e+02      1.065 0.0000e+00
         56 211.647277    0.00382     0.2292     13.750  1024.0740  49187.941    31.2494      1.047    6.50745     9.7243     9.7257    24.0692   11.76147 1.7074e+02      1.057 0.0000e+00
         57 211.647280    0.00389     0.2333     14.000  1024.0747  49189.412    31.2502      1.044    6.50751     9.7233     9.7251    24.0699   11.76155 1.7058e+02      1.054 0.0000e+00
         58 211.647283    0.00396     0.2375     14.250  1024.0747  49189.345    31.2500      1.046    6.50762     9.7218     9.7244    24.0699   11.76173 1.7039e+02      1.055 0.0000e+00
         59 211.647286    0.00403     0.2417     14.500  1024.0740  49188.102    31.2489      1.053    6.50780     9.7198     9.7234    24.0692   11.76204 1.7061e+02      1.063 0.0000e+00
         60 211.647289    0.00410     0.2458     14.750  1024.0729  49185.852    31.2471      1.063    6.50808     9.7173     9.7219    24.0680   11.76253 1.7137e+02      1.073 0.0000e+00
         61 211.647292    0.00417     0.2500     15.000  1024.0715  49183.106    31.2449      1.072    6.50846     9.7145     9.7199    24.0666   11.76319 1.7236e+02      1.082 0.0000e+00
         62 211.647295    0.00424     0.2542     15.250  1024.0703  49180.630    31.2428      1.077    6.50891     9.7117     9.7174    24.0654   11.76396 1.7291e+02      1.087 0.0000e+00
         63 211.647297    0.00431     0.2583     15.500  1024.0694  49178.751    31.2411      1.074    6.50938     9.7092     9.7146    24.0645   11.76476 1.7297e+02      1.084 0.0000e+00
         64 211.647300    0.00438     0.2625     15.750  1024.0690  49177.719    31.2401      1.064    6.50982     9.7071     9.7118    24.0641   11.76550 1.7293e+02      1.074 0.0000e+00
         65 211.647303    0.00444     0.2667     16.000  1024.0691  49177.804    31.2398      1.048    6.51019     9.7055     9.7093    24.0643   11.76612 1.7289e+02      1.058 0.0000e+00
         66 211.647306    0.00451     0.2708     16.250  1024.0695  49178.530    31.2400      1.030    6.51048     9.7043     9.7072    24.0649   11.76660 1.7266e+02      1.040 0.0000e+00
         67 211.647309    0.00458     0.2750     16.500  1024.0699  49179.200    31.2403      1.014    6.51070     9.7035     9.7056    24.0653   11.76696 1.7212e+02      1.023 0.0000e+00
         68 211.647312    0.00465     0.2792     16.750  1024.0702  49179.610    31.2404      1.003    6.51087     9.7028     9.7044    24.0656   11.76722 1.7178e+02      1.012 0.0000e+00
         69 211.647315    0.00472     0.2833     17.000  1024.0704  49179.953    31.2406      1.000    6.51099     9.7022     9.7036    24.0659   11.76742 1.7209e+02      1.010 0.0000e+00
         70 211.647318    0.00479     0.2875     17.250  1024.0709  49180.610    31.2410      1.008    6.51107     9.7017     9.7029    24.0663   11.76755 1.7228e+02      1.017 0.0000e+00
         71 211.647321    0.00486     0.2917     17.500  1024.0716  49181.721    31.2417      1.024    6.51112     9.7013     9.7023    24.0669   11.76763 1.7135e+02      1.034 0.0000e+00
         72 211.647323    0.00493     0.2958     17.750  1024.0724  49182.926    31.2424      1.045    6.51116     9.7012     9.7018    24.0676   11.76769 1.6905e+02      1.055 0.0000e+00
         73 211.647326    0.00500     0.3000     18.000  1024.0729  49183.649    31.2429      1.067    6.51119     9.7014     9.7014    24.0680   11.76774 1.6678e+02      1.078 0.0000e+00
         74 211.647329    0.00507     0.3042     18.250  1024.0729  49183.512    31.2428      1.088    6.51121     9.7017     9.7013    24.0679   11.76777 1.6641e+02      1.098 0.0000e+00
         75 211.647332    0.00514     0.3083     18.500  1024.0725  49182.589    31.2421      1.105    6.51122     9.7021     9.7015    24.0674   11.76780 1.6774e+02      1.115 0.0000e+00
         76 211.647335    0.00521     0.3125     18.750  1024.0718  49181.325    31.2413      1.115    6.51122     9.7025     9.7018    24.0667   11.76780 1.6937e+02      1.126 0.0000e+00
         77 211.647338    0.00528     0.3167     19.000  1024.0711  49180.181    31.2405      1.119    6.51119     9.7028     9.7022    24.0660   11.76776 1.7079e+02      1.130 0.0000e+00
         78 211.647341    0.00535     0.3208     19.250  1024.0707  49179.371    31.2400      1.117    6.51115     9.7030     9.7026    24.0656   11.76771 1.7213e+02      1.128 0.0000e+00
         79 211.647344    0.00542     0.3250     19.500  1024.0703  49178.792    31.2396      1.111    6.51112     9.7030     9.7029    24.0652   11.76766 1.7320e+02      1.122 0.0000e+00
         80 211.647347    0.00549     0.3292     19.750  1024.0699  49178.183    31.2392      1.102    6.51111     9.7028     9.7031    24.0649   11.76765 1.7383e+02      1.112 0.0000e+00
         81 211.647350    0.00556     0.3333     20.000  1024.0694  49177.301    31.2386      1.090    6.51114     9.7023     9.7031    24.0644   11.76769 1.7414e+02      1.100 0.0000e+00
         82 211.647352    0.00562     0.3375     20.250  1024.0687  49176.147    31.2378      1.077    6.51120     9.7016     9.7029    24.0638   11.76781 1.7429e+02      1.087 0.0000e+00
         83 211.647355    0.00569     0.3417     20.500  1024.0682  49175.168    31.2370      1.065    6.51130     9.7008     9.7024    24.0633   11.76797 1.7440e+02      1.075 0.0000e+00
         84 211.647358    0.00576     0.3458     20.750  1024.0681  49174.964    31.2368      1.056    6.51140     9.7000     9.7018    24.0632   11.76816 1.7472e+02      1.066 0.0000e+00
         85 211.647361    0.00583     0.3500     21.000  1024.0685  49175.795    31.2373      1.052    6.51150     9.6992     9.7009    24.0637   11.76832 1.7520e+02      1.062 0.0000e+00
