CTD-processing/allCTD/CNV--homogene/2012_09-21_t9_s10_repeat2_cast154.cnv
* Sea-Bird SBE19plus Data File:
* FileName = C:\Documents and Settings\kris.holderied.local\My Documents\2012-CTD-DATA-new-files\2012-09-21-CTD-HomerSpit-tide-time-series-KBRRctd\2012-09-21-CTD-HomerSpit-tide-repeat2\2012-09-21-HomerSpit-tide-repeat2154.hex
* Software Version 1.54
* Temperature SN =  4141
* Conductivity SN =  4141
* System UpLoad Time = Oct 11 2012 18:19:59
** Kachemak Bay Homer Spit Line - Tidal repeat2
** Date:  2012-09-21
** Station: 9-10
** Start time (AKDT-24 hr): 1107
** Depth (ft): 203
** Comment:Still light winds and flat seas.
# nquan = 17
# nvalues = 628                         
# units = specified
# name 0 = scan: Scan Count
# name 1 = timeJ: Julian Days
# name 2 = timeH: Time, Elapsed [hours]
# name 3 = timeM: Time, Elapsed [minutes]
# name 4 = timeS: Time, Elapsed [seconds]
# name 5 = density00: Density [density, kg/m^3]
# name 6 = specc: Specific Conductance [uS/cm]
# name 7 = sal00: Salinity, Practical [PSU]
# name 8 = depSM: Depth [salt water, m], lat = 59.00
# name 9 = oxsolML/L: Oxygen Saturation, Garcia & Gordon [ml/l]
# name 10 = potemp090C: Potential Temperature [ITS-90, deg C]
# name 11 = tv290C: Temperature [ITS-90, deg C]
# name 12 = sigma-é00: Density [sigma-theta, kg/m^3]
# name 13 = n2satML/L: Nitrogen Saturation [ml/l]
# name 14 = par: PAR/Irradiance, Biospherical/Licor
# name 15 = prdM: Pressure, Strain Gauge [db]
# name 16 = flag:  0.000e+00
# span 0 =          1,        628       
# span 1 = 265.462975, 265.464789       
# span 2 =    0.00000,    0.04354       
# span 3 =     0.0000,     2.6125       
# span 4 =      0.000,    156.750       
# span 5 =  1000.4877,  1023.9775       
# span 6 =   1937.917,  48526.680       
# span 7 =     0.9737,    30.7276       
# span 8 =     -0.093,     60.383       
# span 9 =    6.55725,    7.89365       
# span 10 =     9.3100,     9.7593      
# span 11 =     9.3101,     9.7710      
# span 12 =     0.4882,    23.7005      
# span 13 =   11.85242,   14.48443      
# span 14 = 6.5528e-02, 4.4647e+02      
# span 15 =     -0.094,     60.962      
# span 16 = 0.0000e+00, 0.0000e+00      
# interval = seconds: 0.25
# start_time = Sep 21 2012 11:06:41 [Instrument's time stamp, header]
# bad_flag = -9.990e-29
*END*
[from data line 256]
        257 265.463715    0.01778     1.0667     64.000  1019.6292  40949.905    25.4786      0.750    6.81124     9.3302     9.3424    19.6257   12.33636 2.5491e+02      0.757 0.0000e+00
        258 265.463718    0.01785     1.0708     64.250  1019.6078  40909.204    25.4500      0.737    6.81351     9.3260     9.3357    19.6044   12.34050 2.5836e+02      0.744 0.0000e+00
        259 265.463721    0.01792     1.0750     64.500  1019.5936  40882.009    25.4308      0.727    6.81519     9.3229     9.3303    19.5902   12.34353 2.6138e+02      0.734 0.0000e+00
        260 265.463724    0.01799     1.0792     64.750  1019.5848  40865.104    25.4188      0.725    6.81637     9.3205     9.3260    19.5814   12.34564 2.6189e+02      0.731 0.0000e+00
        261 265.463727    0.01806     1.0833     65.000  1019.5797  40855.296    25.4117      0.730    6.81716     9.3188     9.3229    19.5764   12.34704 2.6105e+02      0.736 0.0000e+00
        262 265.463730    0.01812     1.0875     65.250  1019.5767  40849.199    25.4073      0.739    6.81771     9.3174     9.3206    19.5732   12.34801 2.6113e+02      0.745 0.0000e+00
        263 265.463733    0.01819     1.0917     65.500  1019.5746  40845.019    25.4042      0.746    6.81811     9.3165     9.3188    19.5711   12.34872 2.6165e+02      0.753 0.0000e+00
        264 265.463736    0.01826     1.0958     65.750  1019.5729  40841.737    25.4018      0.750    6.81842     9.3158     9.3175    19.5694   12.34926 2.6152e+02      0.757 0.0000e+00
        265 265.463738    0.01833     1.1000     66.000  1019.5708  40837.741    25.3990      0.750    6.81870     9.3154     9.3165    19.5674   12.34975 2.6243e+02      0.757 0.0000e+00
        266 265.463741    0.01840     1.1042     66.250  1019.5690  40834.296    25.3965      0.747    6.81891     9.3152     9.3159    19.5656   12.35013 2.6607e+02      0.754 0.0000e+00
        267 265.463744    0.01847     1.1083     66.500  1019.5687  40833.710    25.3961      0.744    6.81899     9.3152     9.3155    19.5653   12.35027 2.7114e+02      0.751 0.0000e+00
        268 265.463747    0.01854     1.1125     66.750  1019.5694  40835.037    25.3970      0.742    6.81897     9.3153     9.3153    19.5660   12.35023 2.7429e+02      0.749 0.0000e+00
        269 265.463750    0.01861     1.1167     67.000  1019.5702  40836.404    25.3979      0.741    6.81893     9.3154     9.3153    19.5668   12.35015 2.7587e+02      0.748 0.0000e+00
        270 265.463753    0.01868     1.1208     67.250  1019.5706  40837.250    25.3985      0.742    6.81889     9.3154     9.3154    19.5672   12.35008 2.7666e+02      0.749 0.0000e+00
        271 265.463756    0.01875     1.1250     67.500  1019.5707  40837.373    25.3986      0.744    6.81887     9.3153     9.3155    19.5673   12.35005 2.7478e+02      0.751 0.0000e+00
        272 265.463759    0.01882     1.1292     67.750  1019.5701  40836.257    25.3978      0.746    6.81890     9.3150     9.3155    19.5667   12.35012 2.7172e+02      0.753 0.0000e+00
        273 265.463762    0.01889     1.1333     68.000  1019.5687  40833.574    25.3960      0.747    6.81900     9.3147     9.3154    19.5652   12.35031 2.7085e+02      0.754 0.0000e+00
        274 265.463764    0.01896     1.1375     68.250  1019.5663  40829.096    25.3929      0.746    6.81918     9.3143     9.3151    19.5628   12.35064 2.7289e+02      0.753 0.0000e+00
        275 265.463767    0.01903     1.1417     68.500  1019.5629  40822.565    25.3884      0.742    6.81943     9.3139     9.3148    19.5594   12.35111 2.7698e+02      0.749 0.0000e+00
        276 265.463770    0.01910     1.1458     68.750  1019.5592  40815.686    25.3836      0.739    6.81970     9.3135     9.3144    19.5557   12.35161 2.8018e+02      0.746 0.0000e+00
        277 265.463773    0.01917     1.1500     69.000  1019.5572  40812.028    25.3811      0.737    6.81987     9.3133     9.3140    19.5538   12.35193 2.8023e+02      0.744 0.0000e+00
        278 265.463776    0.01924     1.1542     69.250  1019.5577  40812.914    25.3817      0.739    6.81990     9.3131     9.3136    19.5543   12.35197 2.7811e+02      0.746 0.0000e+00
        279 265.463779    0.01931     1.1583     69.500  1019.5593  40815.882    25.3837      0.742    6.81985     9.3129     9.3134    19.5559   12.35186 2.7468e+02      0.749 0.0000e+00
        280 265.463782    0.01938     1.1625     69.750  1019.5599  40816.840    25.3843      0.744    6.81985     9.3127     9.3132    19.5564   12.35186 2.7279e+02      0.751 0.0000e+00
        281 265.463785    0.01944     1.1667     70.000  1019.5576  40812.581    25.3814      0.744    6.82001     9.3124     9.3130    19.5542   12.35216 2.7359e+02      0.751 0.0000e+00
        282 265.463788    0.01951     1.1708     70.250  1019.5528  40803.610    25.3752      0.741    6.82032     9.3120     9.3128    19.5494   12.35275 2.7442e+02      0.748 0.0000e+00
        283 265.463791    0.01958     1.1750     70.500  1019.5481  40794.695    25.3691      0.739    6.82064     9.3116     9.3125    19.5446   12.35336 2.7224e+02      0.745 0.0000e+00
        284 265.463793    0.01965     1.1792     70.750  1019.5461  40791.042    25.3665      0.739    6.82081     9.3114     9.3121    19.5427   12.35367 2.6589e+02      0.746 0.0000e+00
        285 265.463796    0.01972     1.1833     71.000  1019.5473  40793.148    25.3679      0.743    6.82080     9.3113     9.3117    19.5438   12.35364 2.5938e+02      0.750 0.0000e+00
        286 265.463799    0.01979     1.1875     71.250  1019.5501  40798.420    25.3715      0.749    6.82068     9.3113     9.3115    19.5467   12.35340 2.5597e+02      0.756 0.0000e+00
        287 265.463802    0.01986     1.1917     71.500  1019.5530  40803.662    25.3751      0.753    6.82054     9.3113     9.3114    19.5495   12.35311 2.5405e+02      0.760 0.0000e+00
        288 265.463805    0.01993     1.1958     71.750  1019.5530  40803.764    25.3751      0.752    6.82054     9.3112     9.3114    19.5495   12.35311 2.5201e+02      0.759 0.0000e+00
        289 265.463808    0.02000     1.2000     72.000  1019.5499  40798.020    25.3712      0.746    6.82071     9.3111     9.3114    19.5464   12.35344 2.5204e+02      0.753 0.0000e+00
        290 265.463811    0.02007     1.2042     72.250  1019.5467  40792.024    25.3671      0.740    6.82090     9.3110     9.3113    19.5432   12.35381 2.5305e+02      0.746 0.0000e+00
        291 265.463814    0.02014     1.2083     72.500  1019.5467  40792.049    25.3671      0.736    6.82092     9.3110     9.3112    19.5433   12.35385 2.5060e+02      0.742 0.0000e+00
        292 265.463817    0.02021     1.2125     72.750  1019.5508  40799.756    25.3724      0.737    6.82071     9.3112     9.3110    19.5474   12.35343 2.4542e+02      0.744 0.0000e+00
        293 265.463819    0.02028     1.2167     73.000  1019.5564  40810.086    25.3795      0.742    6.82039     9.3114     9.3111    19.5529   12.35281 2.4097e+02      0.749 0.0000e+00
        294 265.463822    0.02035     1.2208     73.250  1019.5606  40817.929    25.3849      0.749    6.82013     9.3116     9.3112    19.5571   12.35231 2.3908e+02      0.756 0.0000e+00
        295 265.463825    0.02042     1.2250     73.500  1019.5625  40821.513    25.3873      0.753    6.81999     9.3117     9.3114    19.5590   12.35204 2.3812e+02      0.760 0.0000e+00
        296 265.463828    0.02049     1.2292     73.750  1019.5622  40820.941    25.3870      0.753    6.81998     9.3117     9.3116    19.5587   12.35203 2.3503e+02      0.760 0.0000e+00
        297 265.463831    0.02056     1.2333     74.000  1019.5605  40817.780    25.3848      0.751    6.82005     9.3117     9.3117    19.5570   12.35219 2.3027e+02      0.758 0.0000e+00
        298 265.463834    0.02063     1.2375     74.250  1019.5586  40814.298    25.3825      0.749    6.82015     9.3117     9.3118    19.5552   12.35238 2.2653e+02      0.756 0.0000e+00
        299 265.463837    0.02069     1.2417     74.500  1019.5574  40812.080    25.3809      0.748    6.82022     9.3117     9.3118    19.5540   12.35250 2.2559e+02      0.755 0.0000e+00
        300 265.463840    0.02076     1.2458     74.750  1019.5568  40810.941    25.3801      0.748    6.82025     9.3118     9.3118    19.5534   12.35257 2.2545e+02      0.755 0.0000e+00
        301 265.463843    0.02083     1.2500     75.000  1019.5563  40810.004    25.3795      0.747    6.82028     9.3118     9.3118    19.5529   12.35262 2.2279e+02      0.755 0.0000e+00
        302 265.463845    0.02090     1.2542     75.250  1019.5557  40808.740    25.3786      0.747    6.82031     9.3119     9.3118    19.5522   12.35269 2.1947e+02      0.754 0.0000e+00
        303 265.463848    0.02097     1.2583     75.500  1019.5548  40807.221    25.3776      0.747    6.82035     9.3119     9.3119    19.5514   12.35277 2.1842e+02      0.754 0.0000e+00
        304 265.463851    0.02104     1.2625     75.750  1019.5541  40805.831    25.3766      0.747    6.82038     9.3119     9.3119    19.5506   12.35284 2.1929e+02      0.755 0.0000e+00
        305 265.463854    0.02111     1.2667     76.000  1019.5534  40804.555    25.3758      0.749    6.82041     9.3119     9.3119    19.5500   12.35291 2.1973e+02      0.756 0.0000e+00
        306 265.463857    0.02118     1.2708     76.250  1019.5526  40803.057    25.3747      0.749    6.82045     9.3119     9.3120    19.5492   12.35298 2.1857e+02      0.757 0.0000e+00
        307 265.463860    0.02125     1.2750     76.500  1019.5515  40800.891    25.3732      0.749    6.82052     9.3118     9.3120    19.5480   12.35311 2.1846e+02      0.756 0.0000e+00
        308 265.463863    0.02132     1.2792     76.750  1019.5502  40798.513    25.3716      0.748    6.82060     9.3118     9.3119    19.5467   12.35326 2.2056e+02      0.755 0.0000e+00
        309 265.463866    0.02139     1.2833     77.000  1019.5500  40798.183    25.3714      0.749    6.82062     9.3118     9.3119    19.5465   12.35329 2.2070e+02      0.756 0.0000e+00
        310 265.463869    0.02146     1.2875     77.250  1019.5515  40800.993    25.3733      0.751    6.82054     9.3118     9.3118    19.5480   12.35315 2.1688e+02      0.758 0.0000e+00
        311 265.463872    0.02153     1.2917     77.500  1019.5535  40804.665    25.3758      0.754    6.82043     9.3119     9.3118    19.5500   12.35293 2.1287e+02      0.761 0.0000e+00
        312 265.463874    0.02160     1.2958     77.750  1019.5543  40806.172    25.3769      0.755    6.82038     9.3119     9.3119    19.5508   12.35283 2.1115e+02      0.762 0.0000e+00
        313 265.463877    0.02167     1.3000     78.000  1019.5530  40803.813    25.3753      0.753    6.82044     9.3119     9.3119    19.5495   12.35295 2.1196e+02      0.760 0.0000e+00
        314 265.463880    0.02174     1.3042     78.250  1019.5500  40798.248    25.3715      0.748    6.82060     9.3118     9.3120    19.5465   12.35327 2.1529e+02      0.755 0.0000e+00
        315 265.463883    0.02181     1.3083     78.500  1019.5472  40792.925    25.3678      0.743    6.82077     9.3118     9.3120    19.5437   12.35358 2.2009e+02      0.750 0.0000e+00
        316 265.463886    0.02187     1.3125     78.750  1019.5464  40791.516    25.3668      0.741    6.82082     9.3117     9.3119    19.5430   12.35368 2.2366e+02      0.748 0.0000e+00
        317 265.463889    0.02194     1.3167     79.000  1019.5480  40794.537    25.3689      0.744    6.82074     9.3118     9.3118    19.5446   12.35353 2.2279e+02      0.751 0.0000e+00
        318 265.463892    0.02201     1.3208     79.250  1019.5506  40799.229    25.3721      0.750    6.82061     9.3119     9.3118    19.5471   12.35326 2.1840e+02      0.757 0.0000e+00
        319 265.463895    0.02208     1.3250     79.500  1019.5524  40802.637    25.3745      0.756    6.82049     9.3120     9.3118    19.5489   12.35304 2.1501e+02      0.763 0.0000e+00
        320 265.463898    0.02215     1.3292     79.750  1019.5528  40803.379    25.3750      0.759    6.82045     9.3120     9.3120    19.5493   12.35297 2.1571e+02      0.766 0.0000e+00
        321 265.463900    0.02222     1.3333     80.000  1019.5516  40801.178    25.3735      0.758    6.82050     9.3120     9.3121    19.5481   12.35307 2.1951e+02      0.765 0.0000e+00
        322 265.463903    0.02229     1.3375     80.250  1019.5491  40796.519    25.3703      0.753    6.82063     9.3119     9.3121    19.5456   12.35333 2.2263e+02      0.760 0.0000e+00
        323 265.463906    0.02236     1.3417     80.500  1019.5462  40791.090    25.3665      0.748    6.82080     9.3118     9.3121    19.5427   12.35365 2.2290e+02      0.755 0.0000e+00
        324 265.463909    0.02243     1.3458     80.750  1019.5442  40787.251    25.3639      0.744    6.82093     9.3117     9.3120    19.5407   12.35390 2.2148e+02      0.751 0.0000e+00
        325 265.463912    0.02250     1.3500     81.000  1019.5437  40786.426    25.3633      0.743    6.82098     9.3116     9.3119    19.5403   12.35399 2.1984e+02      0.750 0.0000e+00
        326 265.463915    0.02257     1.3542     81.250  1019.5448  40788.484    25.3647      0.744    6.82094     9.3115     9.3117    19.5414   12.35390 2.1790e+02      0.751 0.0000e+00
        327 265.463918    0.02264     1.3583     81.500  1019.5468  40792.052    25.3672      0.748    6.82084     9.3115     9.3116    19.5433   12.35372 2.1588e+02      0.755 0.0000e+00
        328 265.463921    0.02271     1.3625     81.750  1019.5486  40795.401    25.3695      0.752    6.82075     9.3114     9.3116    19.5451   12.35354 2.1482e+02      0.760 0.0000e+00
        329 265.463924    0.02278     1.3667     82.000  1019.5499  40797.771    25.3711      0.757    6.82068     9.3114     9.3115    19.5464   12.35341 2.1457e+02      0.765 0.0000e+00
        330 265.463927    0.02285     1.3708     82.250  1019.5507  40799.268    25.3721      0.762    6.82064     9.3114     9.3115    19.5472   12.35333 2.1466e+02      0.769 0.0000e+00
        331 265.463929    0.02292     1.3750     82.500  1019.5508  40799.485    25.3722      0.763    6.82064     9.3114     9.3115    19.5473   12.35332 2.1470e+02      0.771 0.0000e+00
        332 265.463932    0.02299     1.3792     82.750  1019.5498  40797.559    25.3709      0.761    6.82070     9.3114     9.3115    19.5462   12.35344 2.1506e+02      0.768 0.0000e+00
        333 265.463935    0.02306     1.3833     83.000  1019.5475  40793.334    25.3680      0.755    6.82083     9.3114     9.3114    19.5440   12.35369 2.1705e+02      0.763 0.0000e+00
        334 265.463938    0.02313     1.3875     83.250  1019.5444  40787.747    25.3642      0.748    6.82100     9.3114     9.3114    19.5410   12.35402 2.1957e+02      0.756 0.0000e+00
        335 265.463941    0.02319     1.3917     83.500  1019.5416  40782.390    25.3605      0.744    6.82116     9.3113     9.3115    19.5382   12.35433 2.2051e+02      0.751 0.0000e+00
        336 265.463944    0.02326     1.3958     83.750  1019.5400  40779.418    25.3585      0.744    6.82125     9.3113     9.3115    19.5366   12.35451 2.1942e+02      0.751 0.0000e+00
        337 265.463947    0.02333     1.4000     84.000  1019.5403  40779.944    25.3589      0.749    6.82124     9.3112     9.3114    19.5368   12.35449 2.1720e+02      0.756 0.0000e+00
        338 265.463950    0.02340     1.4042     84.250  1019.5415  40782.116    25.3603      0.755    6.82118     9.3111     9.3114    19.5380   12.35437 2.1550e+02      0.762 0.0000e+00
        339 265.463953    0.02347     1.4083     84.500  1019.5422  40783.442    25.3612      0.760    6.82115     9.3110     9.3113    19.5387   12.35432 2.1568e+02      0.767 0.0000e+00
        340 265.463955    0.02354     1.4125     84.750  1019.5421  40783.239    25.3611      0.761    6.82118     9.3109     9.3112    19.5386   12.35436 2.1716e+02      0.768 0.0000e+00
