CTD-processing/allCTD/CNV--homogene/2012-07-30-cookinlet-tran6-cast074-s04.cnv
* Sea-Bird SBE19plus Data File:
* FileName = C:\Documents and Settings\kris.holderied.local\My Documents\2012-07-EVOS-CookInlet-Ocean\2012-07-CookInlet-Tran6-Douglas\2012-07-31-CookInlet-Tran6-cast074.hex
* Software Version 1.54
* Temperature SN =  4141
* Conductivity SN =  4141
* System UpLoad Time = Jul 31 2012 08:03:56
** Cook Inlet LTM Transect 6 (Douglas line)  East to West
** Date:  2012-07-30
** Station:  6-04
** Start time (AKDT-24 hr): 1541
** Depth (m): 106
** Comment:
# nquan = 17
# nvalues = 738                         
# units = specified
# name 0 = scan: Scan Count
# name 1 = timeJ: Julian Days
# name 2 = timeH: Time, Elapsed [hours]
# name 3 = timeM: Time, Elapsed [minutes]
# name 4 = timeS: Time, Elapsed [seconds]
# name 5 = density00: Density [density, kg/m^3]
# name 6 = specc: Specific Conductance [uS/cm]
# name 7 = sal00: Salinity, Practical [PSU]
# name 8 = depSM: Depth [salt water, m], lat = 59.00
# name 9 = oxsolML/L: Oxygen Saturation, Garcia & Gordon [ml/l]
# name 10 = potemp090C: Potential Temperature [ITS-90, deg C]
# name 11 = tv290C: Temperature [ITS-90, deg C]
# name 12 = sigma-é00: Density [sigma-theta, kg/m^3]
# name 13 = n2satML/L: Nitrogen Saturation [ml/l]
# name 14 = par: PAR/Irradiance, Biospherical/Licor
# name 15 = prdM: Pressure, Strain Gauge [db]
# name 16 = flag:  0.000e+00
# span 0 =          1,        738       
# span 1 = 212.653981, 212.656114       
# span 2 =    0.00000,    0.05118       
# span 3 =     0.0000,     3.0708       
# span 4 =      0.000,    184.250       
# span 5 =   999.9903,  1025.1359       
# span 6 =    721.241,  50283.875       
# span 7 =     0.3467,    31.7143       
# span 8 =     -0.082,     92.668       
# span 9 =    6.50519,    7.91451       
# span 10 =     7.9034,    10.0262      
# span 11 =     7.9122,    10.0264      
# span 12 =    -0.0093,    24.7081      
# span 13 =   11.76943,   14.52923      
# span 14 = 4.4693e-02, 2.3357e+02      
# span 15 =     -0.083,     93.563      
# span 16 = 0.0000e+00, 0.0000e+00      
# interval = seconds: 0.25
# start_time = Jul 30 2012 15:41:44 [Instrument's time stamp, header]
# bad_flag = -9.990e-29
*END*
          1 212.653981    0.00000     0.0000      0.000   999.9903    721.241     0.3467     -0.080    7.91451     9.8216     9.8217    -0.0093   14.52923 1.9793e+02     -0.081 0.0000e+00
          2 212.653984    0.00007     0.0042      0.250   999.9913    723.842     0.3480     -0.081    7.91445     9.8216     9.8217    -0.0083   14.52911 1.9917e+02     -0.082 0.0000e+00
          3 212.653987    0.00014     0.0083      0.500   999.9915    724.141     0.3483     -0.081    7.91445     9.8216     9.8216    -0.0081   14.52910 2.0240e+02     -0.082 0.0000e+00
          4 212.653990    0.00021     0.0125      0.750   999.9912    723.142     0.3479     -0.081    7.91448     9.8215     9.8216    -0.0084   14.52916 2.0816e+02     -0.082 0.0000e+00
          5 212.653993    0.00028     0.0167      1.000   999.9911    722.664     0.3479     -0.081    7.91449     9.8215     9.8216    -0.0085   14.52919 2.1445e+02     -0.082 0.0000e+00
          6 212.653996    0.00035     0.0208      1.250   999.9913    722.402     0.3481     -0.081    7.91450     9.8215     9.8215    -0.0083   14.52919 2.1951e+02     -0.082 0.0000e+00
          7 212.653999    0.00042     0.0250      1.500   999.9916    722.187     0.3485     -0.082    7.91449     9.8215     9.8215    -0.0080   14.52918 2.2370e+02     -0.083 0.0000e+00
          8 212.654002    0.00049     0.0292      1.750   999.9929    723.815     0.3501     -0.082    7.91443     9.8215     9.8215    -0.0067   14.52905 2.2696e+02     -0.083 0.0000e+00
          9 212.654005    0.00056     0.0333      2.000   999.9965    730.276     0.3548     -0.082    7.91422     9.8216     9.8215    -0.0031   14.52864 2.2924e+02     -0.083 0.0000e+00
         10 212.654008    0.00063     0.0375      2.250  1000.0040    744.892     0.3644     -0.081    7.91377     9.8218     9.8215     0.0044   14.52775 2.3112e+02     -0.082 0.0000e+00
         11 212.654010    0.00069     0.0417      2.500  1000.0178    772.583     0.3822     -0.081    7.91292     9.8220     9.8216     0.0182   14.52610 2.3239e+02     -0.082 0.0000e+00
         12 212.654013    0.00076     0.0458      2.750  1000.0421    822.138     0.4134     -0.080    7.91143     9.8223     9.8218     0.0425   14.52318 2.3318e+02     -0.081 0.0000e+00
         13 212.654016    0.00083     0.0500      3.000  1000.0841    908.332     0.4674     -0.079    7.90887     9.8228     9.8220     0.0845   14.51815 2.3357e+02     -0.080 0.0000e+00
         14 212.654019    0.00090     0.0542      3.250  1000.1553   1055.228     0.5589     -0.078    7.90453     9.8235     9.8223     0.1557   14.50963 2.3318e+02     -0.079 0.0000e+00
         15 212.654022    0.00097     0.0583      3.500  1000.2749   1302.391     0.7125     -0.076    7.89725     9.8248     9.8228     0.2753   14.49531 2.3234e+02     -0.077 0.0000e+00
         16 212.654025    0.00104     0.0625      3.750  1000.4748   1715.698     0.9693     -0.073    7.88508     9.8270     9.8235     0.4751   14.47138 2.3120e+02     -0.073 0.0000e+00
         17 212.654028    0.00111     0.0667      4.000  1000.8085   2405.961     1.3980     -0.067    7.86475     9.8305     9.8248     0.8088   14.43143 2.2946e+02     -0.067 0.0000e+00
         18 212.654031    0.00118     0.0708      4.250  1001.3656   3558.963     2.1138     -0.056    7.83081     9.8365     9.8270     1.3659   14.36472 2.2704e+02     -0.057 0.0000e+00
         19 212.654034    0.00125     0.0750      4.500  1002.2952   5483.070     3.3079     -0.040    7.77419     9.8464     9.8305     2.2954   14.25342 2.2377e+02     -0.040 0.0000e+00
         20 212.654036    0.00132     0.0792      4.750  1003.8455   8692.621     5.2995     -0.012    7.67974     9.8626     9.8365     3.8456   14.06777 2.1916e+02     -0.013 0.0000e+00
         21 212.654039    0.00139     0.0833      5.000  1006.4303  14044.328     8.6199      0.033    7.52226     9.8857     9.8464     6.4301   13.75823 2.1271e+02      0.033 0.0000e+00
         22 212.654042    0.00146     0.0875      5.250  1010.1368  21652.113    13.3825      0.105    7.29749     9.9122     9.8626    10.1363   13.31680 2.0356e+02      0.106 0.0000e+00
         23 212.654045    0.00153     0.0917      5.500  1014.2032  29848.054    18.6098      0.211    7.05340     9.9375     9.8857    14.2022   12.83834 1.8965e+02      0.213 0.0000e+00
         24 212.654048    0.00160     0.0958      5.750  1017.6075  36594.944    22.9875      0.354    6.85075     9.9586     9.9123    17.6058   12.44198 1.6767e+02      0.357 0.0000e+00
         25 212.654051    0.00167     0.1000      6.000  1019.8907  41091.733    25.9244      0.533    6.71451     9.9749     9.9376    19.8882   12.17598 1.3936e+02      0.538 0.0000e+00
         26 212.654054    0.00174     0.1042      6.250  1021.2561  43781.458    27.6814      0.743    6.63213     9.9868     9.9587    21.2527   12.01539 1.1431e+02      0.750 0.0000e+00
         27 212.654057    0.00181     0.1083      6.500  1022.0728  45390.284    28.7325      0.974    6.58231     9.9951     9.9750    22.0683   11.91842 9.8107e+01      0.984 0.0000e+00
         28 212.654060    0.00187     0.1125      6.750  1022.5616  46352.852    29.3615      1.217    6.55219    10.0005     9.9869    22.5561   11.85988 8.8738e+01      1.229 0.0000e+00
         29 212.654063    0.00194     0.1167      7.000  1022.8546  46929.150    29.7381      1.459    6.53398    10.0039     9.9952    22.8479   11.82454 8.3343e+01      1.473 0.0000e+00
         30 212.654065    0.00201     0.1208      7.250  1023.0305  47274.659    29.9639      1.682    6.52299    10.0058    10.0007    23.0228   11.80324 8.0451e+01      1.698 0.0000e+00
         31 212.654068    0.00208     0.1250      7.500  1023.1365  47482.230    30.0995      1.868    6.51638    10.0070    10.0041    23.1279   11.79042 7.9225e+01      1.886 0.0000e+00
         32 212.654071    0.00215     0.1292      7.750  1023.2003  47607.005    30.1811      2.004    6.51241    10.0078    10.0061    23.1910   11.78272 7.8899e+01      2.023 0.0000e+00
         33 212.654074    0.00222     0.1333      8.000  1023.2383  47681.497    30.2297      2.088    6.51004    10.0082    10.0073    23.2287   11.77812 7.9040e+01      2.108 0.0000e+00
         34 212.654077    0.00229     0.1375      8.250  1023.2606  47725.194    30.2582      2.128    6.50864    10.0083    10.0081    23.2508   11.77541 7.9653e+01      2.149 0.0000e+00
         35 212.654080    0.00236     0.1417      8.500  1023.2733  47750.383    30.2746      2.136    6.50783    10.0082    10.0085    23.2635   11.77385 8.1035e+01      2.156 0.0000e+00
         36 212.654083    0.00243     0.1458      8.750  1023.2806  47765.033    30.2841      2.121    6.50739    10.0080    10.0086    23.2709   11.77298 8.3447e+01      2.141 0.0000e+00
         37 212.654086    0.00250     0.1500      9.000  1023.2849  47773.853    30.2898      2.093    6.50715    10.0078    10.0084    23.2753   11.77250 8.6725e+01      2.113 0.0000e+00
         38 212.654089    0.00257     0.1542      9.250  1023.2875  47779.282    30.2933      2.058    6.50702    10.0078    10.0082    23.2781   11.77224 9.0190e+01      2.078 0.0000e+00
         39 212.654091    0.00264     0.1583      9.500  1023.2890  47782.538    30.2954      2.022    6.50695    10.0078    10.0080    23.2797   11.77210 9.3180e+01      2.041 0.0000e+00
         40 212.654094    0.00271     0.1625      9.750  1023.2897  47784.227    30.2965      1.988    6.50691    10.0080    10.0080    23.2806   11.77201 9.5470e+01      2.006 0.0000e+00
         41 212.654097    0.00278     0.1667     10.000  1023.2899  47784.845    30.2969      1.956    6.50688    10.0083    10.0080    23.2809   11.77196 9.7153e+01      1.975 0.0000e+00
         42 212.654100    0.00285     0.1708     10.250  1023.2897  47784.903    30.2970      1.929    6.50685    10.0088    10.0082    23.2809   11.77191 9.8508e+01      1.947 0.0000e+00
         43 212.654103    0.00292     0.1750     10.500  1023.2895  47784.656    30.2968      1.908    6.50681    10.0094    10.0085    23.2807   11.77185 9.9677e+01      1.925 0.0000e+00
         44 212.654106    0.00299     0.1792     10.750  1023.2890  47784.035    30.2964      1.892    6.50676    10.0101    10.0090    23.2804   11.77177 1.0029e+02      1.909 0.0000e+00
         45 212.654109    0.00306     0.1833     11.000  1023.2883  47782.790    30.2956      1.883    6.50671    10.0109    10.0096    23.2796   11.77169 9.9800e+01      1.901 0.0000e+00
         46 212.654112    0.00313     0.1875     11.250  1023.2873  47781.140    30.2945      1.884    6.50665    10.0116    10.0104    23.2787   11.77160 9.8133e+01      1.902 0.0000e+00
         47 212.654115    0.00319     0.1917     11.500  1023.2867  47779.998    30.2938      1.896    6.50657    10.0122    10.0111    23.2780   11.77149 9.5825e+01      1.913 0.0000e+00
         48 212.654117    0.00326     0.1958     11.750  1023.2866  47779.745    30.2937      1.917    6.50647    10.0129    10.0118    23.2778   11.77133 9.3747e+01      1.934 0.0000e+00
         49 212.654120    0.00333     0.2000     12.000  1023.2867  47779.805    30.2938      1.943    6.50637    10.0136    10.0124    23.2778   11.77116 9.2596e+01      1.961 0.0000e+00
         50 212.654123    0.00340     0.2042     12.250  1023.2866  47779.521    30.2937      1.970    6.50628    10.0143    10.0131    23.2776   11.77100 9.2325e+01      1.989 0.0000e+00
         51 212.654126    0.00347     0.2083     12.500  1023.2862  47778.712    30.2932      1.992    6.50620    10.0148    10.0138    23.2771   11.77088 9.2291e+01      2.011 0.0000e+00
         52 212.654129    0.00354     0.2125     12.750  1023.2856  47777.502    30.2924      2.005    6.50614    10.0151    10.0145    23.2764   11.77078 9.1906e+01      2.024 0.0000e+00
         53 212.654132    0.00361     0.2167     13.000  1023.2848  47776.142    30.2915      2.009    6.50610    10.0153    10.0150    23.2756   11.77073 9.0920e+01      2.028 0.0000e+00
         54 212.654135    0.00368     0.2208     13.250  1023.2841  47774.925    30.2907      2.008    6.50608    10.0152    10.0153    23.2749   11.77071 8.9647e+01      2.027 0.0000e+00
         55 212.654138    0.00375     0.2250     13.500  1023.2835  47773.959    30.2900      2.006    6.50609    10.0150    10.0155    23.2743   11.77073 8.8816e+01      2.025 0.0000e+00
         56 212.654141    0.00382     0.2292     13.750  1023.2832  47773.297    30.2896      2.010    6.50612    10.0147    10.0154    23.2740   11.77079 8.8749e+01      2.029 0.0000e+00
         57 212.654144    0.00389     0.2333     14.000  1023.2831  47772.945    30.2893      2.025    6.50616    10.0143    10.0152    23.2738   11.77086 8.9065e+01      2.044 0.0000e+00
         58 212.654146    0.00396     0.2375     14.250  1023.2831  47772.707    30.2891      2.051    6.50622    10.0140    10.0149    23.2737   11.77095 8.9264e+01      2.070 0.0000e+00
         59 212.654149    0.00403     0.2417     14.500  1023.2830  47772.315    30.2887      2.084    6.50628    10.0138    10.0146    23.2735   11.77106 8.9174e+01      2.104 0.0000e+00
         60 212.654152    0.00410     0.2458     14.750  1023.2828  47771.525    30.2881      2.117    6.50635    10.0136    10.0143    23.2731   11.77119 8.8972e+01      2.137 0.0000e+00
         61 212.654155    0.00417     0.2500     15.000  1023.2824  47770.583    30.2874      2.145    6.50642    10.0135    10.0140    23.2726   11.77130 8.9128e+01      2.165 0.0000e+00
         62 212.654158    0.00424     0.2542     15.250  1023.2822  47770.093    30.2870      2.160    6.50646    10.0134    10.0138    23.2723   11.77138 9.0019e+01      2.180 0.0000e+00
         63 212.654161    0.00431     0.2583     15.500  1023.2822  47770.043    30.2870      2.159    6.50648    10.0134    10.0137    23.2723   11.77141 9.1572e+01      2.180 0.0000e+00
         64 212.654164    0.00438     0.2625     15.750  1023.2820  47769.839    30.2869      2.141    6.50649    10.0133    10.0136    23.2722   11.77144 9.3381e+01      2.162 0.0000e+00
         65 212.654167    0.00444     0.2667     16.000  1023.2814  47768.990    30.2863      2.108    6.50652    10.0132    10.0136    23.2717   11.77150 9.4943e+01      2.128 0.0000e+00
         66 212.654170    0.00451     0.2708     16.250  1023.2803  47767.331    30.2851      2.064    6.50658    10.0131    10.0135    23.2708   11.77160 9.5893e+01      2.084 0.0000e+00
         67 212.654172    0.00458     0.2750     16.500  1023.2792  47765.766    30.2840      2.017    6.50664    10.0128    10.0134    23.2700   11.77171 9.6400e+01      2.036 0.0000e+00
         68 212.654175    0.00465     0.2792     16.750  1023.2788  47765.216    30.2836      1.975    6.50668    10.0126    10.0133    23.2697   11.77179 9.7004e+01      1.994 0.0000e+00
         69 212.654178    0.00472     0.2833     17.000  1023.2785  47764.898    30.2834      1.944    6.50672    10.0123    10.0130    23.2696   11.77186 9.7613e+01      1.963 0.0000e+00
         70 212.654181    0.00479     0.2875     17.250  1023.2781  47764.324    30.2830      1.927    6.50677    10.0121    10.0128    23.2693   11.77195 9.7566e+01      1.946 0.0000e+00
         71 212.654184    0.00486     0.2917     17.500  1023.2778  47763.805    30.2826      1.923    6.50682    10.0120    10.0126    23.2690   11.77204 9.6692e+01      1.941 0.0000e+00
         72 212.654187    0.00493     0.2958     17.750  1023.2778  47763.593    30.2824      1.927    6.50686    10.0120    10.0124    23.2689   11.77210 9.5465e+01      1.945 0.0000e+00
         73 212.654190    0.00500     0.3000     18.000  1023.2782  47764.224    30.2828      1.935    6.50686    10.0120    10.0122    23.2692   11.77210 9.4367e+01      1.954 0.0000e+00
         74 212.654193    0.00507     0.3042     18.250  1023.2788  47765.355    30.2836      1.944    6.50684    10.0120    10.0122    23.2699   11.77205 9.3557e+01      1.963 0.0000e+00
         75 212.654196    0.00514     0.3083     18.500  1023.2792  47766.027    30.2841      1.951    6.50682    10.0122    10.0122    23.2702   11.77201 9.3080e+01      1.970 0.0000e+00
         76 212.654198    0.00521     0.3125     18.750  1023.2794  47766.266    30.2843      1.956    6.50680    10.0123    10.0123    23.2704   11.77198 9.2968e+01      1.975 0.0000e+00
         77 212.654201    0.00528     0.3167     19.000  1023.2795  47766.567    30.2845      1.958    6.50677    10.0125    10.0124    23.2705   11.77193 9.3185e+01      1.977 0.0000e+00
         78 212.654204    0.00535     0.3208     19.250  1023.2797  47766.920    30.2847      1.959    6.50674    10.0126    10.0125    23.2707   11.77188 9.3447e+01      1.978 0.0000e+00
         79 212.654207    0.00542     0.3250     19.500  1023.2798  47767.180    30.2849      1.961    6.50671    10.0127    10.0127    23.2708   11.77183 9.3160e+01      1.980 0.0000e+00
         80 212.654210    0.00549     0.3292     19.750  1023.2801  47767.538    30.2852      1.968    6.50668    10.0127    10.0128    23.2710   11.77178 9.2279e+01      1.986 0.0000e+00
         81 212.654213    0.00556     0.3333     20.000  1023.2805  47768.228    30.2857      1.980    6.50665    10.0127    10.0129    23.2714   11.77172 9.1672e+01      1.999 0.0000e+00
         82 212.654216    0.00562     0.3375     20.250  1023.2811  47769.221    30.2864      2.001    6.50662    10.0128    10.0129    23.2719   11.77166 9.1798e+01      2.019 0.0000e+00
         83 212.654219    0.00569     0.3417     20.500  1023.2819  47770.438    30.2872      2.026    6.50658    10.0130    10.0129    23.2726   11.77158 9.2170e+01      2.045 0.0000e+00
         84 212.654222    0.00576     0.3458     20.750  1023.2827  47771.761    30.2882      2.049    6.50653    10.0135    10.0130    23.2733   11.77149 9.2259e+01      2.068 0.0000e+00
         85 212.654225    0.00583     0.3500     21.000  1023.2833  47772.781    30.2889      2.064    6.50647    10.0141    10.0133    23.2738   11.77137 9.1821e+01      2.084 0.0000e+00
