CTD-processing/allCTD/CNV--homogene/2012_08-15_alongbay_s12_inner-cast017.cnv
* Sea-Bird SBE19plus Data File:
* FileName = C:\Documents and Settings\kris.holderied.local\My Documents\2012-08-15-KBay-along-bay-inner\2012-08-15-Kbay-along-bay-inner-cast017.hex
* Software Version 1.54
* Temperature SN =  5028
* Conductivity SN =  5028
* System UpLoad Time = Aug 23 2012 21:28:54
** Kachemak Bay - Along-bay CTD survey, inner bay
** Date:  2012-08-15
** Station: KB-12
** Start time (AKDT-24 hr): 1112
** Depth (ft): 251
** Comment:Released drifter 0006. Touched bottom. Clear water
# nquan = 17
# nvalues = 556                         
# units = specified
# name 0 = scan: Scan Count
# name 1 = timeJ: Julian Days
# name 2 = timeH: Time, Elapsed [hours]
# name 3 = timeM: Time, Elapsed [minutes]
# name 4 = timeS: Time, Elapsed [seconds]
# name 5 = density00: Density [density, kg/m^3]
# name 6 = specc: Specific Conductance [uS/cm]
# name 7 = sal00: Salinity, Practical [PSU]
# name 8 = depSM: Depth [salt water, m], lat = 59.00
# name 9 = oxsolML/L: Oxygen Saturation, Garcia & Gordon [ml/l]
# name 10 = potemp090C: Potential Temperature [ITS-90, deg C]
# name 11 = tv290C: Temperature [ITS-90, deg C]
# name 12 = sigma-é00: Density [sigma-theta, kg/m^3]
# name 13 = n2satML/L: Nitrogen Saturation [ml/l]
# name 14 = par: PAR/Irradiance, Biospherical/Licor [umol photons/m^2/sec]
# name 15 = prdM: Pressure, Strain Gauge [db]
# name 16 = flag:  0.000e+00
# span 0 =          1,        556       
# span 1 = 228.466412, 228.468018       
# span 2 =    0.00000,    0.03854       
# span 3 =     0.0000,     2.3125       
# span 4 =      0.000,    138.750       
# span 5 =  1000.3216,  1024.5860       
# span 6 =   2122.856,  49434.317       
# span 7 =     1.1387,    31.1860       
# span 8 =      0.014,     75.989       
# span 9 =    6.24001,    7.40178       
# span 10 =     8.2681,    14.3584      
# span 11 =     8.2755,    14.3585      
# span 12 =     0.3216,    24.2413      
# span 13 =   11.39274,   13.65091      
# span 14 = 6.0456e-02, 1.3590e+02      
# span 15 =      0.014,     76.720      
# span 16 = 0.0000e+00, 0.0000e+00      
# interval = seconds: 0.25
# start_time = Aug 15 2012 11:11:38 [Instrument's time stamp, header]
# bad_flag = -9.990e-29
*END*
[from data line 341]
        342 228.467399    0.02368     1.4208     85.250  1024.1285  49085.811    31.0562     17.219    6.63805     8.8736     8.8851    24.0492   11.98005 1.7512e+00     17.382 0.0000e+00
        343 228.467402    0.02375     1.4250     85.500  1024.1314  49088.164    31.0571     17.552    6.63870     8.8680     8.8805    24.0506   11.98113 1.6684e+00     17.718 0.0000e+00
        344 228.467405    0.02382     1.4292     85.750  1024.1341  49090.117    31.0576     17.883    6.63942     8.8611     8.8755    24.0518   11.98231 1.5902e+00     18.052 0.0000e+00
        345 228.467407    0.02389     1.4333     86.000  1024.1365  49091.501    31.0576     18.213    6.64026     8.8523     8.8698    24.0526   11.98369 1.5161e+00     18.386 0.0000e+00
        346 228.467410    0.02396     1.4375     86.250  1024.1387  49092.416    31.0571     18.542    6.64129     8.8410     8.8630    24.0533   11.98541 1.4458e+00     18.718 0.0000e+00
        347 228.467413    0.02403     1.4417     86.500  1024.1411  49093.654    31.0566     18.870    6.64262     8.8270     8.8542    24.0542   11.98761 1.3791e+00     19.049 0.0000e+00
        348 228.467416    0.02410     1.4458     86.750  1024.1445  49096.557    31.0569     19.195    6.64428     8.8113     8.8429    24.0561   11.99036 1.3158e+00     19.377 0.0000e+00
        349 228.467419    0.02417     1.4500     87.000  1024.1499  49102.936    31.0593     19.517    6.64625     8.7958     8.8290    24.0601   11.99359 1.2557e+00     19.702 0.0000e+00
        350 228.467422    0.02424     1.4542     87.250  1024.1579  49113.849    31.0645     19.837    6.64835     8.7821     8.8133    24.0666   11.99700 1.1983e+00     20.025 0.0000e+00
        351 228.467425    0.02431     1.4583     87.500  1024.1673  49127.415    31.0717     20.153    6.65035     8.7708     8.7978    24.0745   12.00022 1.1438e+00     20.344 0.0000e+00
        352 228.467428    0.02438     1.4625     87.750  1024.1764  49140.624    31.0789     20.467    6.65207     8.7619     8.7842    24.0822   12.00299 1.0917e+00     20.661 0.0000e+00
        353 228.467431    0.02444     1.4667     88.000  1024.1843  49151.732    31.0849     20.781    6.65348     8.7546     8.7730    24.0886   12.00525 1.0416e+00     20.978 0.0000e+00
        354 228.467433    0.02451     1.4708     88.250  1024.1906  49160.283    31.0895     21.096    6.65461     8.7482     8.7640    24.0935   12.00706 9.9345e-01     21.296 0.0000e+00
        355 228.467436    0.02458     1.4750     88.500  1024.1957  49166.582    31.0927     21.412    6.65556     8.7423     8.7567    24.0971   12.00859 9.4752e-01     21.616 0.0000e+00
        356 228.467439    0.02465     1.4792     88.750  1024.1999  49171.231    31.0949     21.729    6.65640     8.7364     8.7504    24.0998   12.00996 9.0411e-01     21.936 0.0000e+00
        357 228.467442    0.02472     1.4833     89.000  1024.2035  49174.998    31.0966     22.046    6.65721     8.7304     8.7445    24.1020   12.01128 8.6367e-01     22.256 0.0000e+00
        358 228.467445    0.02479     1.4875     89.250  1024.2070  49178.565    31.0981     22.364    6.65802     8.7245     8.7387    24.1041   12.01260 8.2661e-01     22.576 0.0000e+00
        359 228.467448    0.02486     1.4917     89.500  1024.2107  49182.380    31.0998     22.682    6.65883     8.7187     8.7327    24.1063   12.01393 7.9350e-01     22.897 0.0000e+00
        360 228.467451    0.02493     1.4958     89.750  1024.2144  49186.299    31.1015     23.003    6.65964     8.7129     8.7268    24.1085   12.01524 7.6399e-01     23.221 0.0000e+00
        361 228.467454    0.02500     1.5000     90.000  1024.2179  49189.659    31.1029     23.326    6.66043     8.7067     8.7211    24.1105   12.01654 7.3606e-01     23.547 0.0000e+00
        362 228.467457    0.02507     1.5042     90.250  1024.2209  49192.223    31.1037     23.648    6.66126     8.6996     8.7153    24.1120   12.01789 7.0801e-01     23.872 0.0000e+00
        363 228.467459    0.02514     1.5083     90.500  1024.2239  49194.878    31.1045     23.969    6.66215     8.6923     8.7091    24.1136   12.01936 6.7972e-01     24.197 0.0000e+00
        364 228.467462    0.02521     1.5125     90.750  1024.2278  49199.019    31.1063     24.290    6.66312     8.6857     8.7021    24.1160   12.02094 6.5152e-01     24.521 0.0000e+00
        365 228.467465    0.02528     1.5167     91.000  1024.2326  49204.799    31.1092     24.612    6.66408     8.6801     8.6948    24.1193   12.02249 6.2362e-01     24.846 0.0000e+00
        366 228.467468    0.02535     1.5208     91.250  1024.2376  49210.886    31.1123     24.937    6.66494     8.6756     8.6882    24.1227   12.02387 5.9615e-01     25.174 0.0000e+00
        367 228.467471    0.02542     1.5250     91.500  1024.2421  49216.156    31.1151     25.263    6.66565     8.6720     8.6826    24.1257   12.02502 5.6930e-01     25.503 0.0000e+00
        368 228.467474    0.02549     1.5292     91.750  1024.2460  49220.335    31.1172     25.591    6.66622     8.6691     8.6782    24.1281   12.02594 5.4329e-01     25.835 0.0000e+00
        369 228.467477    0.02556     1.5333     92.000  1024.2492  49223.455    31.1187     25.921    6.66668     8.6664     8.6746    24.1298   12.02669 5.1820e-01     26.167 0.0000e+00
        370 228.467480    0.02562     1.5375     92.250  1024.2519  49225.682    31.1197     26.252    6.66708     8.6639     8.6717    24.1310   12.02733 4.9406e-01     26.502 0.0000e+00
        371 228.467483    0.02569     1.5417     92.500  1024.2543  49227.312    31.1204     26.583    6.66744     8.6612     8.6691    24.1319   12.02792 4.7097e-01     26.836 0.0000e+00
        372 228.467486    0.02576     1.5458     92.750  1024.2565  49228.570    31.1207     26.915    6.66780     8.6584     8.6665    24.1326   12.02851 4.4897e-01     27.171 0.0000e+00
        373 228.467488    0.02583     1.5500     93.000  1024.2586  49229.555    31.1209     27.247    6.66818     8.6552     8.6639    24.1331   12.02914 4.2810e-01     27.505 0.0000e+00
        374 228.467491    0.02590     1.5542     93.250  1024.2606  49230.507    31.1210     27.578    6.66860     8.6516     8.6611    24.1336   12.02983 4.0836e-01     27.840 0.0000e+00
        375 228.467494    0.02597     1.5583     93.500  1024.2628  49231.679    31.1213     27.910    6.66907     8.6478     8.6579    24.1342   12.03060 3.8962e-01     28.175 0.0000e+00
        376 228.467497    0.02604     1.5625     93.750  1024.2650  49232.966    31.1215     28.242    6.66958     8.6435     8.6545    24.1349   12.03145 3.7174e-01     28.510 0.0000e+00
        377 228.467500    0.02611     1.5667     94.000  1024.2672  49234.170    31.1216     28.574    6.67014     8.6388     8.6507    24.1356   12.03238 3.5468e-01     28.846 0.0000e+00
        378 228.467503    0.02618     1.5708     94.250  1024.2697  49235.731    31.1219     28.906    6.67076     8.6341     8.6464    24.1365   12.03340 3.3842e-01     29.181 0.0000e+00
        379 228.467506    0.02625     1.5750     94.500  1024.2728  49238.572    31.1231     29.240    6.67141     8.6299     8.6417    24.1381   12.03446 3.2290e-01     29.518 0.0000e+00
        380 228.467509    0.02632     1.5792     94.750  1024.2767  49242.815    31.1252     29.574    6.67201     8.6267     8.6371    24.1405   12.03544 3.0805e-01     29.855 0.0000e+00
        381 228.467512    0.02639     1.5833     95.000  1024.2809  49247.511    31.1278     29.907    6.67252     8.6242     8.6330    24.1431   12.03624 2.9397e-01     30.192 0.0000e+00
        382 228.467514    0.02646     1.5875     95.250  1024.2847  49251.715    31.1301     30.240    6.67291     8.6223     8.6297    24.1454   12.03685 2.8070e-01     30.528 0.0000e+00
        383 228.467517    0.02653     1.5917     95.500  1024.2880  49254.908    31.1319     30.574    6.67319     8.6203     8.6273    24.1472   12.03730 2.6819e-01     30.865 0.0000e+00
        384 228.467520    0.02660     1.5958     95.750  1024.2905  49256.760    31.1327     30.910    6.67344     8.6177     8.6253    24.1481   12.03771 2.5632e-01     31.204 0.0000e+00
        385 228.467523    0.02667     1.6000     96.000  1024.2923  49257.253    31.1326     31.248    6.67374     8.6140     8.6234    24.1483   12.03820 2.4506e-01     31.546 0.0000e+00
        386 228.467526    0.02674     1.6042     96.250  1024.2938  49257.116    31.1320     31.591    6.67415     8.6093     8.6208    24.1482   12.03889 2.3436e-01     31.892 0.0000e+00
        387 228.467529    0.02681     1.6083     96.500  1024.2958  49257.741    31.1318     31.941    6.67471     8.6040     8.6172    24.1486   12.03981 2.2407e-01     32.245 0.0000e+00
        388 228.467532    0.02688     1.6125     96.750  1024.2987  49259.988    31.1325     32.303    6.67538     8.5987     8.6125    24.1498   12.04091 2.1400e-01     32.611 0.0000e+00
        389 228.467535    0.02694     1.6167     97.000  1024.3024  49263.437    31.1340     32.686    6.67610     8.5941     8.6073    24.1518   12.04209 2.0391e-01     32.997 0.0000e+00
        390 228.467538    0.02701     1.6208     97.250  1024.3062  49267.077    31.1356     33.081    6.67681     8.5902     8.6021    24.1538   12.04325 1.9399e-01     33.396 0.0000e+00
        391 228.467541    0.02708     1.6250     97.500  1024.3098  49270.290    31.1370     33.463    6.67744     8.5870     8.5975    24.1556   12.04427 1.8486e-01     33.782 0.0000e+00
        392 228.467543    0.02715     1.6292     97.750  1024.3129  49272.940    31.1381     33.824    6.67797     8.5842     8.5936    24.1571   12.04513 1.7669e-01     34.146 0.0000e+00
        393 228.467546    0.02722     1.6333     98.000  1024.3157  49275.021    31.1390     34.172    6.67841     8.5817     8.5904    24.1582   12.04586 1.6927e-01     34.498 0.0000e+00
        394 228.467549    0.02729     1.6375     98.250  1024.3181  49276.681    31.1396     34.513    6.67880     8.5794     8.5876    24.1591   12.04649 1.6245e-01     34.842 0.0000e+00
        395 228.467552    0.02736     1.6417     98.500  1024.3205  49278.191    31.1401     34.849    6.67914     8.5773     8.5852    24.1599   12.04706 1.5615e-01     35.181 0.0000e+00
        396 228.467555    0.02743     1.6458     98.750  1024.3228  49279.695    31.1407     35.183    6.67946     8.5754     8.5829    24.1607   12.04757 1.5029e-01     35.518 0.0000e+00
        397 228.467558    0.02750     1.6500     99.000  1024.3251  49281.148    31.1413     35.516    6.67974     8.5735     8.5809    24.1615   12.04804 1.4483e-01     35.854 0.0000e+00
        398 228.467561    0.02757     1.6542     99.250  1024.3272  49282.382    31.1417     35.848    6.68001     8.5716     8.5790    24.1621   12.04847 1.3975e-01     36.189 0.0000e+00
        399 228.467564    0.02764     1.6583     99.500  1024.3292  49283.317    31.1419     36.178    6.68027     8.5694     8.5771    24.1626   12.04890 1.3503e-01     36.523 0.0000e+00
        400 228.467567    0.02771     1.6625     99.750  1024.3311  49283.973    31.1420     36.508    6.68056     8.5666     8.5752    24.1629   12.04937 1.3062e-01     36.856 0.0000e+00
        401 228.467569    0.02778     1.6667    100.000  1024.3328  49284.428    31.1418     36.837    6.68090     8.5631     8.5730    24.1631   12.04994 1.2650e-01     37.188 0.0000e+00
        402 228.467572    0.02785     1.6708    100.250  1024.3346  49284.925    31.1416     37.165    6.68132     8.5590     8.5702    24.1633   12.05064 1.2265e-01     37.519 0.0000e+00
        403 228.467575    0.02792     1.6750    100.500  1024.3365  49285.736    31.1415     37.492    6.68183     8.5542     8.5668    24.1638   12.05149 1.1904e-01     37.849 0.0000e+00
        404 228.467578    0.02799     1.6792    100.750  1024.3387  49286.903    31.1416     37.817    6.68244     8.5486     8.5627    24.1644   12.05250 1.1568e-01     38.177 0.0000e+00
        405 228.467581    0.02806     1.6833    101.000  1024.3410  49288.254    31.1417     38.140    6.68316     8.5426     8.5580    24.1652   12.05368 1.1254e-01     38.503 0.0000e+00
        406 228.467584    0.02813     1.6875    101.250  1024.3437  49290.332    31.1422     38.461    6.68396     8.5368     8.5525    24.1664   12.05500 1.0960e-01     38.827 0.0000e+00
        407 228.467587    0.02819     1.6917    101.500  1024.3472  49293.949    31.1437     38.783    6.68479     8.5317     8.5465    24.1685   12.05636 1.0683e-01     39.153 0.0000e+00
        408 228.467590    0.02826     1.6958    101.750  1024.3513  49298.411    31.1458     39.110    6.68557     8.5272     8.5407    24.1710   12.05762 1.0424e-01     39.483 0.0000e+00
        409 228.467593    0.02833     1.7000    102.000  1024.3549  49302.197    31.1476     39.439    6.68626     8.5231     8.5356    24.1732   12.05874 1.0188e-01     39.815 0.0000e+00
        410 228.467595    0.02840     1.7042    102.250  1024.3577  49304.433    31.1484     39.770    6.68689     8.5190     8.5312    24.1744   12.05977 9.9835e-02     40.149 0.0000e+00
        411 228.467598    0.02847     1.7083    102.500  1024.3599  49305.731    31.1485     40.102    6.68750     8.5152     8.5271    24.1751   12.06078 9.7884e-02     40.485 0.0000e+00
        412 228.467601    0.02854     1.7125    102.750  1024.3626  49307.734    31.1492     40.435    6.68808     8.5120     8.5230    24.1762   12.06173 9.5714e-02     40.821 0.0000e+00
        413 228.467604    0.02861     1.7167    103.000  1024.3658  49310.833    31.1507     40.769    6.68859     8.5096     8.5193    24.1779   12.06255 9.3488e-02     41.158 0.0000e+00
        414 228.467607    0.02868     1.7208    103.250  1024.3691  49313.954    31.1522     41.103    6.68899     8.5077     8.5161    24.1796   12.06319 9.1434e-02     41.495 0.0000e+00
        415 228.467610    0.02875     1.7250    103.500  1024.3719  49316.428    31.1534     41.437    6.68929     8.5062     8.5137    24.1810   12.06369 8.9545e-02     41.832 0.0000e+00
        416 228.467613    0.02882     1.7292    103.750  1024.3746  49318.667    31.1546     41.769    6.68952     8.5050     8.5118    24.1821   12.06406 8.7812e-02     42.167 0.0000e+00
        417 228.467616    0.02889     1.7333    104.000  1024.3776  49321.370    31.1561     42.101    6.68969     8.5042     8.5103    24.1835   12.06431 8.6213e-02     42.503 0.0000e+00
        418 228.467619    0.02896     1.7375    104.250  1024.3807  49324.417    31.1579     42.433    6.68978     8.5038     8.5092    24.1851   12.06444 8.4724e-02     42.838 0.0000e+00
        419 228.467622    0.02903     1.7417    104.500  1024.3836  49327.001    31.1595     42.767    6.68982     8.5036     8.5085    24.1865   12.06449 8.3335e-02     43.175 0.0000e+00
        420 228.467624    0.02910     1.7458    104.750  1024.3860  49328.774    31.1605     43.100    6.68983     8.5033     8.5081    24.1874   12.06449 8.2049e-02     43.512 0.0000e+00
        421 228.467627    0.02917     1.7500    105.000  1024.3882  49330.082    31.1613     43.433    6.68983     8.5030     8.5079    24.1880   12.06449 8.0864e-02     43.848 0.0000e+00
        422 228.467630    0.02924     1.7542    105.250  1024.3902  49331.221    31.1619     43.766    6.68984     8.5025     8.5076    24.1885   12.06449 7.9770e-02     44.183 0.0000e+00
        423 228.467633    0.02931     1.7583    105.500  1024.3921  49332.186    31.1624     44.098    6.68987     8.5018     8.5073    24.1889   12.06453 7.8755e-02     44.519 0.0000e+00
        424 228.467636    0.02937     1.7625    105.750  1024.3940  49333.009    31.1627     44.430    6.68992     8.5009     8.5069    24.1893   12.06462 7.7810e-02     44.854 0.0000e+00
        425 228.467639    0.02944     1.7667    106.000  1024.3959  49333.712    31.1630     44.761    6.69001     8.4998     8.5062    24.1896   12.06476 7.6931e-02     45.188 0.0000e+00
