CTD-processing/allCTD/CNV--homogene/2012_05-03_t6_s24_cast068.cnv
* Sea-Bird SBE19plus Data File:
* FileName = C:\Documents and Settings\glenn.seaman\My Documents\KHolderied-files\CTD-DATA-FILES\2012-05-LTM-LowerCookInlet-CTD\Transect6-2012-05-Douglas\2012-05-03-04-LTM-Tran6-cast068.hex
* Software Version 1.59
* Temperature SN =  5028
* Conductivity SN =  5028
* System UpLoad Time = May 31 2012 03:03:58
** LTM Transect6- Pt Adam to Cape Douglas
** Date: 05-03
** Station: 6-24
** Start time (AKDT-24hr): 00:40
** Depth (m): 170
** check sta no, add time/z from log
# nquan = 17
# nvalues = 1089                        
# units = specified
# name 0 = scan: Scan Count
# name 1 = timeJ: Julian Days
# name 2 = timeH: Time, Elapsed [hours]
# name 3 = timeM: Time, Elapsed [minutes]
# name 4 = timeS: Time, Elapsed [seconds]
# name 5 = density00: Density [density, kg/m^3]
# name 6 = specc: Specific Conductance [uS/cm]
# name 7 = sal00: Salinity, Practical [PSU]
# name 8 = depSM: Depth [salt water, m], lat = 59.00
# name 9 = oxsolML/L: Oxygen Saturation, Garcia & Gordon [ml/l]
# name 10 = potemp090C: Potential Temperature [ITS-90, deg C]
# name 11 = tv290C: Temperature [ITS-90, deg C]
# name 12 = sigma-é00: Density [sigma-theta, kg/m^3]
# name 13 = n2satML/L: Nitrogen Saturation [ml/l]
# name 14 = par: PAR/Irradiance, Biospherical/Licor [umol photons/m^2/sec]
# name 15 = prdM: Pressure, Strain Gauge [db]
# name 16 = flag:  0.000e+00
# span 0 =          1,       1089       
# span 1 = 125.028079, 125.031227       
# span 2 =    0.00000,    0.07556       
# span 3 =     0.0000,     4.5333       
# span 4 =      0.000,    272.000       
# span 5 =  1000.2206,  1026.4088       
# span 6 =    656.105,  52236.374       
# span 7 =     0.3058,    32.4006       
# span 8 =     -0.124,    161.292       
# span 9 =    7.23746,    9.23060       
# span 10 =     3.6798,     4.8478      
# span 11 =     3.6798,     4.8557      
# span 12 =     0.2212,    25.6526      
# span 13 =   12.95799,   16.74434      
# span 14 = 3.7490e-02, 1.3182e+00      
# span 15 =     -0.126,    162.879      
# span 16 = 0.0000e+00, 0.0000e+00      
# interval = seconds: 0.25
# start_time = May 04 2012 00:40:26 [Instrument's time stamp, header]
# bad_flag = -9.990e-29
*END*
[from data line 256]
        257 125.028819    0.01778     1.0667     64.000  1024.7321  50533.221    31.1395      1.412    7.45354     3.8939     3.9042    24.7255   13.32701 4.2492e-02      1.426 0.0000e+00
        258 125.028822    0.01785     1.0708     64.250  1024.7348  50539.359    31.1425      1.391    7.45433     3.8895     3.8991    24.7283   13.32827 4.0703e-02      1.404 0.0000e+00
        259 125.028825    0.01792     1.0750     64.500  1024.7382  50546.621    31.1462      1.361    7.45506     3.8863     3.8940    24.7317   13.32944 3.9770e-02      1.374 0.0000e+00
        260 125.028828    0.01799     1.0792     64.750  1024.7419  50554.527    31.1506      1.328    7.45565     3.8848     3.8896    24.7356   13.33035 3.9445e-02      1.340 0.0000e+00
        261 125.028831    0.01806     1.0833     65.000  1024.7457  50562.471    31.1553      1.297    7.45599     3.8852     3.8864    24.7396   13.33085 3.9641e-02      1.310 0.0000e+00
        262 125.028834    0.01812     1.0875     65.250  1024.7492  50569.391    31.1596      1.277    7.45605     3.8877     3.8849    24.7432   13.33089 4.0411e-02      1.289 0.0000e+00
        263 125.028837    0.01819     1.0917     65.500  1024.7516  50573.645    31.1626      1.273    7.45583     3.8926     3.8853    24.7455   13.33048 4.1960e-02      1.285 0.0000e+00
        264 125.028840    0.01826     1.0958     65.750  1024.7522  50574.304    31.1637      1.286    7.45531     3.8992     3.8878    24.7461   13.32962 4.4701e-02      1.298 0.0000e+00
        265 125.028843    0.01833     1.1000     66.000  1024.7511  50571.204    31.1627      1.312    7.45447     3.9061     3.8927    24.7449   13.32825 4.8968e-02      1.325 0.0000e+00
        266 125.028845    0.01840     1.1042     66.250  1024.7478  50563.707    31.1591      1.345    7.45345     3.9117     3.8993    24.7415   13.32660 5.3314e-02      1.358 0.0000e+00
        267 125.028848    0.01847     1.1083     66.500  1024.7421  50551.624    31.1525      1.377    7.45252     3.9150     3.9062    24.7356   13.32516 5.4414e-02      1.390 0.0000e+00
        268 125.028851    0.01854     1.1125     66.750  1024.7348  50537.010    31.1439      1.401    7.45193     3.9154     3.9118    24.7282   13.32430 5.1360e-02      1.415 0.0000e+00
        269 125.028854    0.01861     1.1167     67.000  1024.7281  50523.801    31.1357      1.416    7.45174     3.9127     3.9151    24.7214   13.32410 4.6868e-02      1.430 0.0000e+00
        270 125.028857    0.01868     1.1208     67.250  1024.7239  50515.994    31.1305      1.421    7.45194     3.9077     3.9155    24.7172   13.32450 4.3270e-02      1.434 0.0000e+00
        271 125.028860    0.01875     1.1250     67.500  1024.7234  50515.595    31.1295      1.417    7.45248     3.9020     3.9128    24.7167   13.32540 4.0958e-02      1.430 0.0000e+00
        272 125.028863    0.01882     1.1292     67.750  1024.7259  50521.128    31.1321      1.407    7.45326     3.8966     3.9078    24.7192   13.32665 3.9571e-02      1.420 0.0000e+00
        273 125.028866    0.01889     1.1333     68.000  1024.7296  50529.212    31.1363      1.396    7.45409     3.8920     3.9021    24.7231   13.32797 3.8738e-02      1.409 0.0000e+00
        274 125.028869    0.01896     1.1375     68.250  1024.7335  50537.358    31.1405      1.385    7.45486     3.8881     3.8967    24.7270   13.32918 3.8239e-02      1.398 0.0000e+00
        275 125.028872    0.01903     1.1417     68.500  1024.7370  50544.612    31.1444      1.378    7.45551     3.8847     3.8921    24.7305   13.33020 3.7939e-02      1.391 0.0000e+00
        276 125.028874    0.01910     1.1458     68.750  1024.7400  50550.886    31.1477      1.376    7.45606     3.8818     3.8882    24.7335   13.33106 3.7760e-02      1.389 0.0000e+00
        277 125.028877    0.01917     1.1500     69.000  1024.7425  50556.243    31.1506      1.376    7.45653     3.8795     3.8848    24.7360   13.33180 3.7652e-02      1.389 0.0000e+00
        278 125.028880    0.01924     1.1542     69.250  1024.7447  50560.647    31.1529      1.378    7.45694     3.8776     3.8819    24.7381   13.33244 3.7587e-02      1.391 0.0000e+00
        279 125.028883    0.01931     1.1583     69.500  1024.7463  50564.104    31.1547      1.379    7.45728     3.8761     3.8796    24.7398   13.33298 3.7548e-02      1.392 0.0000e+00
        280 125.028886    0.01938     1.1625     69.750  1024.7475  50566.751    31.1560      1.379    7.45755     3.8748     3.8777    24.7411   13.33342 3.7525e-02      1.392 0.0000e+00
        281 125.028889    0.01944     1.1667     70.000  1024.7485  50568.815    31.1570      1.377    7.45778     3.8739     3.8762    24.7420   13.33378 3.7511e-02      1.390 0.0000e+00
        282 125.028892    0.01951     1.1708     70.250  1024.7493  50570.617    31.1580      1.374    7.45796     3.8734     3.8749    24.7429   13.33407 3.7503e-02      1.387 0.0000e+00
        283 125.028895    0.01958     1.1750     70.500  1024.7502  50572.487    31.1590      1.371    7.45808     3.8737     3.8740    24.7438   13.33425 3.7498e-02      1.384 0.0000e+00
        284 125.028898    0.01965     1.1792     70.750  1024.7514  50574.764    31.1605      1.368    7.45809     3.8753     3.8735    24.7450   13.33425 3.7495e-02      1.381 0.0000e+00
        285 125.028900    0.01972     1.1833     71.000  1024.7531  50577.879    31.1627      1.366    7.45792     3.8787     3.8738    24.7467   13.33394 3.7493e-02      1.379 0.0000e+00
        286 125.028903    0.01979     1.1875     71.250  1024.7557  50582.271    31.1661      1.368    7.45747     3.8851     3.8754    24.7492   13.33315 3.7493e-02      1.381 0.0000e+00
        287 125.028906    0.01986     1.1917     71.500  1024.7592  50588.102    31.1708      1.374    7.45660     3.8955     3.8788    24.7527   13.33165 3.7493e-02      1.388 0.0000e+00
        288 125.028909    0.01993     1.1958     71.750  1024.7630  50594.004    31.1763      1.383    7.45516     3.9089     3.8852    24.7565   13.32920 3.7494e-02      1.397 0.0000e+00
        289 125.028912    0.02000     1.2000     72.000  1024.7645  50594.958    31.1794      1.392    7.45311     3.9225     3.8956    24.7580   13.32578 3.7496e-02      1.405 0.0000e+00
        290 125.028915    0.02007     1.2042     72.250  1024.7615  50586.902    31.1771      1.396    7.45077     3.9338     3.9090    24.7549   13.32195 3.7499e-02      1.409 0.0000e+00
        291 125.028918    0.02014     1.2083     72.500  1024.7553  50573.211    31.1711      1.392    7.44860     3.9420     3.9226    24.7488   13.31845 3.7505e-02      1.406 0.0000e+00
        292 125.028921    0.02021     1.2125     72.750  1024.7491  50559.788    31.1646      1.380    7.44688     3.9476     3.9339    24.7426   13.31570 3.7515e-02      1.393 0.0000e+00
        293 125.028924    0.02028     1.2167     73.000  1024.7441  50549.263    31.1594      1.360    7.44565     3.9513     3.9421    24.7377   13.31373 3.7531e-02      1.374 0.0000e+00
        294 125.028927    0.02035     1.2208     73.250  1024.7406  50541.900    31.1557      1.338    7.44481     3.9536     3.9477    24.7342   13.31240 3.7558e-02      1.351 0.0000e+00
        295 125.028929    0.02042     1.2250     73.500  1024.7382  50537.091    31.1533      1.317    7.44426     3.9551     3.9513    24.7320   13.31152 3.7604e-02      1.330 0.0000e+00
        296 125.028932    0.02049     1.2292     73.750  1024.7368  50534.102    31.1518      1.305    7.44391     3.9560     3.9537    24.7306   13.31096 3.7680e-02      1.317 0.0000e+00
        297 125.028935    0.02056     1.2333     74.000  1024.7360  50532.320    31.1510      1.305    7.44369     3.9566     3.9552    24.7298   13.31060 3.7806e-02      1.318 0.0000e+00
        298 125.028938    0.02063     1.2375     74.250  1024.7355  50531.214    31.1504      1.322    7.44354     3.9569     3.9561    24.7293   13.31037 3.8017e-02      1.334 0.0000e+00
        299 125.028941    0.02069     1.2417     74.500  1024.7353  50530.420    31.1500      1.354    7.44346     3.9572     3.9567    24.7289   13.31024 3.8369e-02      1.367 0.0000e+00
        300 125.028944    0.02076     1.2458     74.750  1024.7352  50529.827    31.1497      1.396    7.44341     3.9573     3.9570    24.7286   13.31016 3.8955e-02      1.410 0.0000e+00
        301 125.028947    0.02083     1.2500     75.000  1024.7352  50529.387    31.1494      1.442    7.44338     3.9574     3.9572    24.7283   13.31012 3.9931e-02      1.456 0.0000e+00
        302 125.028950    0.02090     1.2542     75.250  1024.7352  50529.043    31.1492      1.481    7.44337     3.9574     3.9574    24.7281   13.31009 4.1371e-02      1.495 0.0000e+00
        303 125.028953    0.02097     1.2583     75.500  1024.7351  50528.808    31.1490      1.506    7.44336     3.9575     3.9575    24.7280   13.31008 4.3210e-02      1.520 0.0000e+00
        304 125.028955    0.02104     1.2625     75.750  1024.7351  50528.689    31.1489      1.512    7.44335     3.9575     3.9575    24.7280   13.31008 4.5666e-02      1.527 0.0000e+00
        305 125.028958    0.02111     1.2667     76.000  1024.7350  50528.667    31.1489      1.497    7.44335     3.9575     3.9576    24.7280   13.31007 4.7968e-02      1.512 0.0000e+00
        306 125.028961    0.02118     1.2708     76.250  1024.7349  50528.730    31.1490      1.464    7.44334     3.9575     3.9576    24.7280   13.31006 4.8337e-02      1.479 0.0000e+00
        307 125.028964    0.02125     1.2750     76.500  1024.7348  50528.901    31.1492      1.419    7.44334     3.9575     3.9576    24.7281   13.31004 4.6579e-02      1.433 0.0000e+00
        308 125.028967    0.02132     1.2792     76.750  1024.7347  50529.163    31.1494      1.371    7.44333     3.9574     3.9576    24.7283   13.31003 4.3874e-02      1.384 0.0000e+00
        309 125.028970    0.02139     1.2833     77.000  1024.7347  50529.434    31.1496      1.334    7.44332     3.9574     3.9576    24.7284   13.31002 4.1456e-02      1.346 0.0000e+00
        310 125.028973    0.02146     1.2875     77.250  1024.7348  50529.680    31.1497      1.317    7.44332     3.9573     3.9575    24.7286   13.31001 3.9883e-02      1.329 0.0000e+00
        311 125.028976    0.02153     1.2917     77.500  1024.7350  50529.920    31.1499      1.329    7.44332     3.9573     3.9575    24.7287   13.31001 3.8949e-02      1.341 0.0000e+00
        312 125.028979    0.02160     1.2958     77.750  1024.7353  50530.139    31.1500      1.371    7.44332     3.9574     3.9574    24.7288   13.31001 3.8403e-02      1.384 0.0000e+00
        313 125.028981    0.02167     1.3000     78.000  1024.7357  50530.279    31.1501      1.445    7.44332     3.9574     3.9574    24.7288   13.31001 3.8101e-02      1.458 0.0000e+00
        314 125.028984    0.02174     1.3042     78.250  1024.7362  50530.392    31.1501      1.554    7.44331     3.9575     3.9575    24.7289   13.31000 3.7961e-02      1.568 0.0000e+00
        315 125.028987    0.02181     1.3083     78.500  1024.7370  50530.628    31.1502      1.700    7.44330     3.9576     3.9575    24.7289   13.30997 3.7947e-02      1.716 0.0000e+00
        316 125.028990    0.02187     1.3125     78.750  1024.7380  50531.097    31.1504      1.877    7.44328     3.9577     3.9576    24.7291   13.30993 3.8055e-02      1.896 0.0000e+00
        317 125.028993    0.02194     1.3167     79.000  1024.7393  50531.838    31.1509      2.077    7.44323     3.9580     3.9577    24.7295   13.30985 3.8314e-02      2.097 0.0000e+00
        318 125.028996    0.02201     1.3208     79.250  1024.7408  50532.877    31.1515      2.287    7.44317     3.9584     3.9579    24.7300   13.30973 3.8793e-02      2.309 0.0000e+00
        319 125.028999    0.02208     1.3250     79.500  1024.7425  50534.412    31.1525      2.499    7.44307     3.9590     3.9581    24.7307   13.30955 3.9619e-02      2.522 0.0000e+00
        320 125.029002    0.02215     1.3292     79.750  1024.7446  50536.409    31.1539      2.706    7.44292     3.9598     3.9586    24.7318   13.30929 4.1013e-02      2.731 0.0000e+00
        321 125.029005    0.02222     1.3333     80.000  1024.7465  50538.364    31.1552      2.902    7.44274     3.9604     3.9592    24.7328   13.30897 4.3346e-02      2.930 0.0000e+00
        322 125.029008    0.02229     1.3375     80.250  1024.7480  50539.515    31.1561      3.085    7.44256     3.9607     3.9599    24.7335   13.30867 4.6556e-02      3.114 0.0000e+00
        323 125.029010    0.02236     1.3417     80.500  1024.7487  50539.363    31.1560      3.254    7.44245     3.9608     3.9606    24.7334   13.30849 4.9636e-02      3.285 0.0000e+00
        324 125.029013    0.02243     1.3458     80.750  1024.7490  50538.566    31.1555      3.416    7.44241     3.9607     3.9609    24.7329   13.30843 5.1718e-02      3.449 0.0000e+00
        325 125.029016    0.02250     1.3500     81.000  1024.7495  50538.198    31.1552      3.577    7.44241     3.9604     3.9610    24.7326   13.30844 5.2829e-02      3.611 0.0000e+00
        326 125.029019    0.02257     1.3542     81.250  1024.7503  50538.370    31.1552      3.739    7.44243     3.9601     3.9609    24.7327   13.30847 5.3240e-02      3.774 0.0000e+00
        327 125.029022    0.02264     1.3583     81.500  1024.7512  50538.694    31.1553      3.905    7.44247     3.9596     3.9607    24.7328   13.30852 5.3139e-02      3.942 0.0000e+00
        328 125.029025    0.02271     1.3625     81.750  1024.7522  50539.262    31.1555      4.079    7.44252     3.9588     3.9603    24.7330   13.30860 5.2741e-02      4.117 0.0000e+00
        329 125.029028    0.02278     1.3667     82.000  1024.7535  50540.284    31.1560      4.260    7.44258     3.9579     3.9598    24.7334   13.30871 5.2230e-02      4.300 0.0000e+00
        330 125.029031    0.02285     1.3708     82.250  1024.7550  50541.766    31.1567      4.445    7.44267     3.9570     3.9591    24.7341   13.30885 5.1688e-02      4.487 0.0000e+00
        331 125.029034    0.02292     1.3750     82.500  1024.7566  50543.429    31.1576      4.630    7.44280     3.9563     3.9582    24.7348   13.30904 5.1152e-02      4.673 0.0000e+00
        332 125.029036    0.02299     1.3792     82.750  1024.7580  50544.704    31.1581      4.809    7.44293     3.9558     3.9573    24.7353   13.30926 5.0638e-02      4.854 0.0000e+00
        333 125.029039    0.02306     1.3833     83.000  1024.7591  50545.523    31.1584      4.976    7.44305     3.9553     3.9566    24.7356   13.30944 5.0123e-02      5.023 0.0000e+00
        334 125.029042    0.02313     1.3875     83.250  1024.7599  50545.976    31.1586      5.126    7.44314     3.9547     3.9561    24.7358   13.30959 4.9582e-02      5.174 0.0000e+00
        335 125.029045    0.02319     1.3917     83.500  1024.7604  50545.984    31.1584      5.250    7.44324     3.9539     3.9556    24.7357   13.30977 4.9037e-02      5.299 0.0000e+00
        336 125.029048    0.02326     1.3958     83.750  1024.7609  50546.063    31.1583      5.348    7.44335     3.9526     3.9550    24.7356   13.30995 4.8551e-02      5.399 0.0000e+00
        337 125.029051    0.02333     1.4000     84.000  1024.7617  50547.068    31.1587      5.429    7.44347     3.9503     3.9542    24.7361   13.31013 4.8175e-02      5.481 0.0000e+00
        338 125.029054    0.02340     1.4042     84.250  1024.7633  50549.672    31.1601      5.509    7.44364     3.9462     3.9529    24.7373   13.31039 4.7909e-02      5.561 0.0000e+00
        339 125.029057    0.02347     1.4083     84.500  1024.7662  50554.749    31.1630      5.602    7.44392     3.9392     3.9506    24.7398   13.31082 4.7690e-02      5.655 0.0000e+00
        340 125.029060    0.02354     1.4125     84.750  1024.7712  50563.703    31.1680      5.721    7.44441     3.9273     3.9465    24.7442   13.31156 4.7435e-02      5.775 0.0000e+00
