CTD-processing/allCTD/CNV--homogene/2012-08-15-kbaysubbays-cast022-hcb.cnv
* Sea-Bird SBE19plus Data File:
* FileName = C:\Documents and Settings\kris.holderied.local\My Documents\2012-08-15-KBay-inner-subbays\2012-08-15-KBay-inner-subbays-cast022.hex
* Software Version 1.54
* Temperature SN =  5028
* Conductivity SN =  5028
* System UpLoad Time = Aug 23 2012 21:43:11
** Kachemak Bay Sub-bay CTD survey , inner bays
** Date:  2012-08-15
** Station: Halibut Cove B
** Start time (AKDT-24 hr): 1245
** Depth (ft): 166
** Comment:Till from glacier. Did not sample. Made short stop in Halibut Cove.
# nquan = 17
# nvalues = 404                         
# units = specified
# name 0 = scan: Scan Count
# name 1 = timeJ: Julian Days
# name 2 = timeH: Time, Elapsed [hours]
# name 3 = timeM: Time, Elapsed [minutes]
# name 4 = timeS: Time, Elapsed [seconds]
# name 5 = density00: Density [density, kg/m^3]
# name 6 = specc: Specific Conductance [uS/cm]
# name 7 = sal00: Salinity, Practical [PSU]
# name 8 = depSM: Depth [salt water, m], lat = 59.00
# name 9 = oxsolML/L: Oxygen Saturation, Garcia & Gordon [ml/l]
# name 10 = potemp090C: Potential Temperature [ITS-90, deg C]
# name 11 = tv290C: Temperature [ITS-90, deg C]
# name 12 = sigma-é00: Density [sigma-theta, kg/m^3]
# name 13 = n2satML/L: Nitrogen Saturation [ml/l]
# name 14 = par: PAR/Irradiance, Biospherical/Licor [umol photons/m^2/sec]
# name 15 = prdM: Pressure, Strain Gauge [db]
# name 16 = flag:  0.000e+00
# span 0 =          1,        404       
# span 1 = 228.531215, 228.532381       
# span 2 =    0.00000,    0.02799       
# span 3 =     0.0000,     1.6792       
# span 4 =      0.000,    100.750       
# span 5 =  1008.6350,  1024.3594       
# span 6 =  19941.489,  49280.673       
# span 7 =    11.7319,    31.1249       
# span 8 =      0.116,     43.699       
# span 9 =    6.24949,    7.05982       
# span 10 =     8.4805,    12.7445      
# span 11 =     8.4848,    12.7446      
# span 12 =     8.6344,    24.1620      
# span 13 =   11.37893,   12.92977      
# span 14 = 7.1043e-02, 2.2240e+02      
# span 15 =      0.117,     44.116      
# span 16 = 0.0000e+00, 0.0000e+00      
# interval = seconds: 0.25
# start_time = Aug 15 2012 12:44:57 [Instrument's time stamp, header]
# bad_flag = -9.990e-29
*END*
          1 228.531215    0.00000     0.0000      0.000  1008.6350  19941.489    11.7319      0.116    7.05982    11.5519    11.6590     8.6344   12.92977 2.2230e+02      0.117 0.0000e+00
          2 228.531218    0.00007     0.0042      0.250  1009.1879  21031.631    12.4378      0.131    7.03682    11.5010    11.6080     9.1873   12.88202 2.2240e+02      0.133 0.0000e+00
          3 228.531221    0.00014     0.0083      0.500  1010.1504  22941.746    13.6723      0.153    6.99126    11.4579    11.5519    10.1497   12.78949 2.2219e+02      0.154 0.0000e+00
          4 228.531224    0.00021     0.0125      0.750  1011.3480  25315.197    15.2115      0.181    6.93160    11.4220    11.5010    11.3471   12.66941 2.2098e+02      0.183 0.0000e+00
          5 228.531227    0.00028     0.0167      1.000  1012.5141  27612.335    16.7110      0.217    6.87276    11.3930    11.4580    12.5130   12.55141 2.1820e+02      0.219 0.0000e+00
          6 228.531230    0.00035     0.0208      1.250  1013.5580  29655.376    18.0536      0.262    6.81997    11.3733    11.4220    13.5568   12.44575 2.1374e+02      0.265 0.0000e+00
          7 228.531233    0.00042     0.0250      1.500  1014.4382  31368.327    19.1854      0.315    6.77547    11.3655    11.3931    14.4367   12.35680 2.0818e+02      0.317 0.0000e+00
          8 228.531236    0.00049     0.0292      1.750  1015.1529  32752.611    20.1049      0.372    6.73892    11.3697    11.3734    15.1512   12.28399 2.0197e+02      0.375 0.0000e+00
          9 228.531238    0.00056     0.0333      2.000  1015.7383  33882.530    20.8595      0.432    6.70784    11.3836    11.3656    15.7363   12.22250 1.9321e+02      0.436 0.0000e+00
         10 228.531241    0.00063     0.0375      2.250  1016.2131  34797.084    21.4736      0.491    6.68111    11.4048    11.3698    16.2109   12.17011 1.7815e+02      0.496 0.0000e+00
         11 228.531244    0.00069     0.0417      2.500  1016.6100  35560.291    21.9888      0.549    6.65727    11.4318    11.3837    16.6075   12.12386 1.5809e+02      0.555 0.0000e+00
         12 228.531247    0.00076     0.0458      2.750  1016.9637  36239.446    22.4496      0.606    6.63475    11.4622    11.4049    16.9609   12.08053 1.4042e+02      0.612 0.0000e+00
         13 228.531250    0.00083     0.0500      3.000  1017.2674  36822.530    22.8471      0.660    6.61414    11.4929    11.4319    17.2643   12.04121 1.2869e+02      0.667 0.0000e+00
         14 228.531253    0.00090     0.0542      3.250  1017.4959  37262.344    23.1482      0.710    6.59714    11.5220    11.4623    17.4926   12.00913 1.2159e+02      0.717 0.0000e+00
         15 228.531256    0.00097     0.0583      3.500  1017.6452  37551.389    23.3471      0.753    6.58443    11.5502    11.4930    17.6417   11.98546 1.1793e+02      0.761 0.0000e+00
         16 228.531259    0.00104     0.0625      3.750  1017.7539  37762.740    23.4935      0.788    6.57416    11.5797    11.5221    17.7503   11.96655 1.1678e+02      0.795 0.0000e+00
         17 228.531262    0.00111     0.0667      4.000  1017.8992  38042.312    23.6870      0.812    6.56213    11.6142    11.5503    17.8955   11.94413 1.1698e+02      0.820 0.0000e+00
         18 228.531264    0.00118     0.0708      4.250  1018.1116  38447.982    23.9674      0.829    6.54634    11.6558    11.5798    18.1077   11.91439 1.1767e+02      0.837 0.0000e+00
         19 228.531267    0.00125     0.0750      4.500  1018.3558  38914.051    24.2900      0.841    6.52815    11.7020    11.6143    18.3519   11.88013 1.1869e+02      0.849 0.0000e+00
         20 228.531270    0.00132     0.0792      4.750  1018.5959  39373.407    24.6090      0.849    6.50915    11.7473    11.6559    18.5920   11.84460 1.1990e+02      0.857 0.0000e+00
         21 228.531273    0.00139     0.0833      5.000  1018.8031  39771.358    24.8865      0.854    6.49127    11.7874    11.7021    18.7992   11.81143 1.2103e+02      0.862 0.0000e+00
         22 228.531276    0.00146     0.0875      5.250  1018.9594  40073.352    25.0981      0.858    6.47625    11.8200    11.7474    18.9555   11.78384 1.2185e+02      0.866 0.0000e+00
         23 228.531279    0.00153     0.0917      5.500  1019.0682  40285.237    25.2473      0.860    6.46454    11.8442    11.7875    19.0643   11.76254 1.2222e+02      0.868 0.0000e+00
         24 228.531282    0.00160     0.0958      5.750  1019.1395  40425.226    25.3464      0.862    6.45594    11.8605    11.8201    19.1356   11.74702 1.2215e+02      0.870 0.0000e+00
         25 228.531285    0.00167     0.1000      6.000  1019.1802  40506.386    25.4043      0.863    6.45020    11.8702    11.8443    19.1763   11.73675 1.2170e+02      0.872 0.0000e+00
         26 228.531288    0.00174     0.1042      6.250  1019.1978  40542.702    25.4306      0.865    6.44686    11.8749    11.8606    19.1939   11.73086 1.2102e+02      0.873 0.0000e+00
         27 228.531291    0.00181     0.1083      6.500  1019.2022  40552.979    25.4384      0.866    6.44519    11.8760    11.8703    19.1983   11.72798 1.2052e+02      0.874 0.0000e+00
         28 228.531293    0.00187     0.1125      6.750  1019.2012  40552.042    25.4381      0.866    6.44454    11.8744    11.8750    19.1972   11.72691 1.2041e+02      0.874 0.0000e+00
         29 228.531296    0.00194     0.1167      7.000  1019.1967  40543.969    25.4325      0.866    6.44461    11.8711    11.8761    19.1927   11.72709 1.2056e+02      0.874 0.0000e+00
         30 228.531299    0.00201     0.1208      7.250  1019.1868  40525.172    25.4194      0.865    6.44536    11.8667    11.8745    19.1828   11.72849 1.2079e+02      0.873 0.0000e+00
         31 228.531302    0.00208     0.1250      7.500  1019.1718  40496.481    25.3993      0.865    6.44663    11.8616    11.8712    19.1678   11.73086 1.2101e+02      0.873 0.0000e+00
         32 228.531305    0.00215     0.1292      7.750  1019.1584  40470.492    25.3810      0.865    6.44797    11.8554    11.8668    19.1544   11.73332 1.2137e+02      0.873 0.0000e+00
         33 228.531308    0.00222     0.1333      8.000  1019.1520  40457.583    25.3716      0.865    6.44906    11.8473    11.8617    19.1480   11.73525 1.2218e+02      0.874 0.0000e+00
         34 228.531311    0.00229     0.1375      8.250  1019.1507  40453.921    25.3686      0.866    6.45005    11.8366    11.8555    19.1467   11.73692 1.2354e+02      0.874 0.0000e+00
         35 228.531314    0.00236     0.1417      8.500  1019.1484  40447.989    25.3639      0.865    6.45136    11.8226    11.8474    19.1444   11.73916 1.2546e+02      0.874 0.0000e+00
         36 228.531317    0.00243     0.1458      8.750  1019.1397  40429.569    25.3503      0.864    6.45341    11.8057    11.8367    19.1358   11.74273 1.2803e+02      0.872 0.0000e+00
         37 228.531319    0.00250     0.1500      9.000  1019.1220  40393.602    25.3243      0.863    6.45640    11.7867    11.8227    19.1180   11.74803 1.3120e+02      0.871 0.0000e+00
         38 228.531322    0.00257     0.1542      9.250  1019.0954  40340.531    25.2863      0.862    6.46030    11.7664    11.8058    19.0915   11.75498 1.3460e+02      0.870 0.0000e+00
         39 228.531325    0.00264     0.1583      9.500  1019.0619  40274.179    25.2390      0.861    6.46488    11.7456    11.7868    19.0580   11.76318 1.3773e+02      0.869 0.0000e+00
         40 228.531328    0.00271     0.1625      9.750  1019.0234  40198.095    25.1848      0.862    6.46992    11.7255    11.7665    19.0195   11.77222 1.4038e+02      0.870 0.0000e+00
         41 228.531331    0.00278     0.1667     10.000  1018.9809  40114.371    25.1253      0.863    6.47524    11.7067    11.7457    18.9769   11.78180 1.4254e+02      0.871 0.0000e+00
         42 228.531334    0.00285     0.1708     10.250  1018.9352  40024.816    25.0619      0.864    6.48064    11.6892    11.7256    18.9312   11.79156 1.4425e+02      0.872 0.0000e+00
         43 228.531337    0.00292     0.1750     10.500  1018.8863  39929.484    24.9946      0.864    6.48602    11.6726    11.7068    18.8823   11.80133 1.4560e+02      0.872 0.0000e+00
         44 228.531340    0.00299     0.1792     10.750  1018.8333  39826.718    24.9224      0.863    6.49143    11.6570    11.6893    18.8293   11.81122 1.4653e+02      0.871 0.0000e+00
         45 228.531343    0.00306     0.1833     11.000  1018.7745  39713.382    24.8429      0.862    6.49700    11.6425    11.6727    18.7705   11.82147 1.4695e+02      0.870 0.0000e+00
         46 228.531345    0.00313     0.1875     11.250  1018.7086  39586.926    24.7545      0.860    6.50282    11.6298    11.6571    18.7047   11.83223 1.4671e+02      0.868 0.0000e+00
         47 228.531348    0.00319     0.1917     11.500  1018.6381  39451.839    24.6603      0.859    6.50872    11.6194    11.6426    18.6342   11.84320 1.4584e+02      0.868 0.0000e+00
         48 228.531351    0.00326     0.1958     11.750  1018.5685  39318.886    24.5678      0.859    6.51431    11.6114    11.6299    18.5646   11.85364 1.4448e+02      0.868 0.0000e+00
         49 228.531354    0.00333     0.2000     12.000  1018.5062  39199.850    24.4851      0.860    6.51917    11.6053    11.6195    18.5022   11.86275 1.4277e+02      0.868 0.0000e+00
         50 228.531357    0.00340     0.2042     12.250  1018.4535  39099.465    24.4154      0.862    6.52317    11.6005    11.6115    18.4496   11.87025 1.4080e+02      0.870 0.0000e+00
         51 228.531360    0.00347     0.2083     12.500  1018.4077  39012.282    24.3549      0.863    6.52652    11.5964    11.6054    18.4038   11.87656 1.3878e+02      0.872 0.0000e+00
         52 228.531363    0.00354     0.2125     12.750  1018.3657  38932.273    24.2995      0.865    6.52949    11.5931    11.6006    18.3617   11.88218 1.3683e+02      0.873 0.0000e+00
         53 228.531366    0.00361     0.2167     13.000  1018.3264  38857.693    24.2479      0.866    6.53218    11.5904    11.5965    18.3224   11.88730 1.3493e+02      0.875 0.0000e+00
         54 228.531369    0.00368     0.2208     13.250  1018.2898  38788.352    24.2000      0.867    6.53463    11.5884    11.5932    18.2859   11.89197 1.3316e+02      0.876 0.0000e+00
         55 228.531372    0.00375     0.2250     13.500  1018.2564  38725.037    24.1563      0.867    6.53681    11.5871    11.5905    18.2525   11.89614 1.3163e+02      0.876 0.0000e+00
         56 228.531374    0.00382     0.2292     13.750  1018.2269  38669.175    24.1178      0.867    6.53868    11.5865    11.5885    18.2230   11.89972 1.3039e+02      0.876 0.0000e+00
         57 228.531377    0.00389     0.2333     14.000  1018.2013  38620.719    24.0844      0.867    6.54025    11.5866    11.5872    18.1973   11.90273 1.2932e+02      0.875 0.0000e+00
         58 228.531380    0.00396     0.2375     14.250  1018.1787  38578.219    24.0551      0.867    6.54154    11.5874    11.5866    18.1748   11.90525 1.2834e+02      0.875 0.0000e+00
         59 228.531383    0.00403     0.2417     14.500  1018.1590  38541.078    24.0296      0.867    6.54259    11.5889    11.5867    18.1550   11.90731 1.2743e+02      0.875 0.0000e+00
         60 228.531386    0.00410     0.2458     14.750  1018.1423  38509.811    24.0082      0.867    6.54336    11.5908    11.5875    18.1383   11.90885 1.2650e+02      0.875 0.0000e+00
         61 228.531389    0.00417     0.2500     15.000  1018.1291  38485.332    23.9916      0.869    6.54383    11.5928    11.5890    18.1252   11.90985 1.2547e+02      0.877 0.0000e+00
         62 228.531392    0.00424     0.2542     15.250  1018.1201  38468.628    23.9803      0.871    6.54403    11.5947    11.5909    18.1161   11.91031 1.2433e+02      0.879 0.0000e+00
         63 228.531395    0.00431     0.2583     15.500  1018.1150  38459.495    23.9742      0.872    6.54399    11.5963    11.5929    18.1110   11.91033 1.2304e+02      0.880 0.0000e+00
         64 228.531398    0.00438     0.2625     15.750  1018.1127  38455.488    23.9716      0.873    6.54383    11.5976    11.5948    18.1087   11.91009 1.2170e+02      0.881 0.0000e+00
         65 228.531400    0.00444     0.2667     16.000  1018.1110  38452.685    23.9698      0.872    6.54368    11.5986    11.5964    18.1070   11.90985 1.2041e+02      0.880 0.0000e+00
         66 228.531403    0.00451     0.2708     16.250  1018.1083  38447.796    23.9665      0.871    6.54363    11.5991    11.5977    18.1043   11.90981 1.1913e+02      0.879 0.0000e+00
         67 228.531406    0.00458     0.2750     16.500  1018.1041  38440.204    23.9613      0.868    6.54371    11.5992    11.5987    18.1001   11.91001 1.1785e+02      0.877 0.0000e+00
         68 228.531409    0.00465     0.2792     16.750  1018.0997  38432.022    23.9558      0.866    6.54387    11.5990    11.5992    18.0957   11.91034 1.1659e+02      0.875 0.0000e+00
         69 228.531412    0.00472     0.2833     17.000  1018.0966  38426.140    23.9518      0.865    6.54402    11.5984    11.5993    18.0926   11.91064 1.1535e+02      0.873 0.0000e+00
         70 228.531415    0.00479     0.2875     17.250  1018.0957  38424.439    23.9506      0.864    6.54410    11.5977    11.5991    18.0917   11.91079 1.1425e+02      0.872 0.0000e+00
         71 228.531418    0.00486     0.2917     17.500  1018.0973  38427.344    23.9526      0.864    6.54409    11.5970    11.5985    18.0933   11.91076 1.1329e+02      0.872 0.0000e+00
         72 228.531421    0.00493     0.2958     17.750  1018.1012  38434.487    23.9574      0.864    6.54399    11.5963    11.5978    18.0972   11.91053 1.1240e+02      0.872 0.0000e+00
         73 228.531424    0.00500     0.3000     18.000  1018.1071  38445.423    23.9648      0.865    6.54379    11.5956    11.5971    18.1031   11.91010 1.1147e+02      0.873 0.0000e+00
         74 228.531427    0.00507     0.3042     18.250  1018.1142  38458.673    23.9739      0.866    6.54352    11.5950    11.5964    18.1102   11.90954 1.1050e+02      0.874 0.0000e+00
         75 228.531429    0.00514     0.3083     18.500  1018.1210  38471.360    23.9825      0.868    6.54326    11.5945    11.5957    18.1170   11.90900 1.0966e+02      0.876 0.0000e+00
         76 228.531432    0.00521     0.3125     18.750  1018.1266  38481.741    23.9896      0.870    6.54305    11.5942    11.5951    18.1226   11.90857 1.0899e+02      0.878 0.0000e+00
         77 228.531435    0.00528     0.3167     19.000  1018.1311  38490.027    23.9952      0.871    6.54289    11.5941    11.5946    18.1270   11.90823 1.0844e+02      0.879 0.0000e+00
         78 228.531438    0.00535     0.3208     19.250  1018.1345  38496.510    23.9997      0.871    6.54275    11.5941    11.5943    18.1305   11.90794 1.0796e+02      0.879 0.0000e+00
         79 228.531441    0.00542     0.3250     19.500  1018.1369  38501.003    24.0027      0.871    6.54263    11.5941    11.5942    18.1329   11.90771 1.0748e+02      0.879 0.0000e+00
         80 228.531444    0.00549     0.3292     19.750  1018.1384  38503.848    24.0047      0.870    6.54254    11.5940    11.5942    18.1344   11.90754 1.0684e+02      0.879 0.0000e+00
         81 228.531447    0.00556     0.3333     20.000  1018.1396  38506.138    24.0062      0.870    6.54248    11.5937    11.5942    18.1356   11.90741 1.0600e+02      0.879 0.0000e+00
         82 228.531450    0.00562     0.3375     20.250  1018.1405  38507.845    24.0074      0.871    6.54245    11.5931    11.5941    18.1365   11.90735 1.0504e+02      0.880 0.0000e+00
         83 228.531453    0.00569     0.3417     20.500  1018.1403  38507.290    24.0070      0.873    6.54251    11.5926    11.5938    18.1363   11.90746 1.0403e+02      0.882 0.0000e+00
         84 228.531455    0.00576     0.3458     20.750  1018.1384  38503.552    24.0044      0.876    6.54269    11.5921    11.5932    18.1344   11.90780 1.0305e+02      0.885 0.0000e+00
         85 228.531458    0.00583     0.3500     21.000  1018.1353  38497.714    24.0003      0.880    6.54294    11.5917    11.5927    18.1313   11.90826 1.0236e+02      0.888 0.0000e+00
