CTD-processing/allCTD/CNV--homogene/2012_05-02_t4_s03_cast003.cnv
* Sea-Bird SBE19plus Data File:
* FileName = C:\Documents and Settings\glenn.seaman\My Documents\KHolderied-files\CTD-DATA-FILES\2012-05-LTM-LowerCookInlet-CTD\Transect4-2012-05-02\2012-05-02-LTM-Tran4-003.hex
* Software Version 1.59
* Temperature SN =  5028
* Conductivity SN =  5028
* System UpLoad Time = May 02 2012 16:17:41
** LTM Transect4-Barabara Pt to Bluff Pt
** Date: 2012-05-02
** Station:4-3
** Start time (AKDT-24hr):1357
** Depth (m):108
# nquan = 17
# nvalues = 626                         
# units = specified
# name 0 = scan: Scan Count
# name 1 = timeJ: Julian Days
# name 2 = timeH: Time, Elapsed [hours]
# name 3 = timeM: Time, Elapsed [minutes]
# name 4 = timeS: Time, Elapsed [seconds]
# name 5 = density00: Density [density, kg/m^3]
# name 6 = specc: Specific Conductance [uS/cm]
# name 7 = sal00: Salinity, Practical [PSU]
# name 8 = depSM: Depth [salt water, m], lat = 59.00
# name 9 = oxsolML/L: Oxygen Saturation, Garcia & Gordon [ml/l]
# name 10 = potemp090C: Potential Temperature [ITS-90, deg C]
# name 11 = tv290C: Temperature [ITS-90, deg C]
# name 12 = sigma-é00: Density [sigma-theta, kg/m^3]
# name 13 = n2satML/L: Nitrogen Saturation [ml/l]
# name 14 = par: PAR/Irradiance, Biospherical/Licor [umol photons/m^2/sec]
# name 15 = prdM: Pressure, Strain Gauge [db]
# name 16 = flag:  0.000e+00
# span 0 =          1,        626       
# span 1 = 123.579919, 123.581727       
# span 2 =    0.00000,    0.04340       
# span 3 =     0.0000,     2.6042       
# span 4 =      0.000,    156.250       
# span 5 =  1002.9191,  1025.7944       
# span 6 =   6239.565,  51758.274       
# span 7 =     3.7296,    31.8040       
# span 8 =     -0.086,    105.133       
# span 9 =    7.21202,    8.70285       
# span 10 =     3.4310,     5.2240      
# span 11 =     3.4374,     5.2240      
# span 12 =     2.9195,    25.2971      
# span 13 =   12.92035,   15.80973      
# span 14 = 3.7490e-02, 2.4938e+02      
# span 15 =     -0.087,    106.152      
# span 16 = 0.0000e+00, 0.0000e+00      
# interval = seconds: 0.25
# start_time = May 02 2012 13:55:05 [Instrument's time stamp, header]
# bad_flag = -9.990e-29
*END*
          1 123.579919    0.00000     0.0000      0.000  1002.9191   6239.565     3.7296     -0.086    8.70285     5.1215     5.1237     2.9195   15.80973 2.3887e+02     -0.087 0.0000e+00
          2 123.579922    0.00007     0.0042      0.250  1004.7820  10111.329     6.0828     -0.072    8.57429     5.1160     5.1236     4.7824   15.56013 2.3785e+02     -0.073 0.0000e+00
          3 123.579925    0.00014     0.0083      0.500  1007.8388  16444.669     9.9446     -0.049    8.36400     5.1073     5.1215     7.8391   15.15183 2.3672e+02     -0.050 0.0000e+00
          4 123.579928    0.00021     0.0125      0.750  1012.0100  24994.583    15.2157     -0.018    8.07976     5.0977     5.1160    12.0101   14.60017 2.3624e+02     -0.019 0.0000e+00
          5 123.579931    0.00028     0.0167      1.000  1016.2076  33460.206    20.5214      0.012    7.79821     5.0896     5.1073    16.2076   14.05432 2.3720e+02      0.012 0.0000e+00
          6 123.579933    0.00035     0.0208      1.250  1019.3847  39783.589    24.5374      0.033    7.58833     5.0855     5.0977    19.3846   13.64777 2.3972e+02      0.033 0.0000e+00
          7 123.579936    0.00042     0.0250      1.500  1021.3132  43613.226    26.9746      0.043    7.46168     5.0881     5.0896    21.3130   13.40239 2.4292e+02      0.043 0.0000e+00
          8 123.579939    0.00049     0.0292      1.750  1022.2316  45458.297    28.1352      0.046    7.40072     5.0982     5.0855    22.2314   13.28415 2.4603e+02      0.046 0.0000e+00
          9 123.579942    0.00056     0.0333      2.000  1022.4083  45853.510    28.3588      0.052    7.38707     5.1110     5.0881    22.4080   13.25760 2.4858e+02      0.052 0.0000e+00
         10 123.579945    0.00063     0.0375      2.250  1022.3023  45671.550    28.2257      0.065    7.39145     5.1205     5.0982    22.3020   13.26641 2.4938e+02      0.065 0.0000e+00
         11 123.579948    0.00069     0.0417      2.500  1022.2249  45499.247    28.1289      0.075    7.39510     5.1259     5.1110    22.2246   13.27427 2.4745e+02      0.075 0.0000e+00
         12 123.579951    0.00076     0.0458      2.750  1021.7535  44542.466    27.5329      0.068    7.42577     5.1324     5.1205    21.7531   13.33427 2.4313e+02      0.069 0.0000e+00
         13 123.579954    0.00083     0.0500      3.000  1020.3991  41868.799    25.8195      0.041    7.51487     5.1459     5.1259    20.3989   13.50695 2.3766e+02      0.041 0.0000e+00
         14 123.579957    0.00090     0.0542      3.250  1017.7947  36753.866    22.5245     -0.000    7.68587     5.1670     5.1324    17.7947   13.83794 2.3214e+02     -0.000 0.0000e+00
         15 123.579959    0.00097     0.0583      3.500  1014.0274  29321.496    17.7588     -0.037    7.93347     5.1890     5.1459    14.0276   14.31762 2.2768e+02     -0.037 0.0000e+00
         16 123.579962    0.00104     0.0625      3.750  1010.2877  21865.871    13.0287     -0.060    8.18021     5.2059     5.1670    10.2880   14.79655 2.2512e+02     -0.060 0.0000e+00
         17 123.579965    0.00111     0.0667      4.000  1007.6252  16499.829     9.6619     -0.071    8.35606     5.2166     5.1890     7.6255   15.13863 2.2311e+02     -0.071 0.0000e+00
         18 123.579968    0.00118     0.0708      4.250  1006.0305  13251.570     7.6464     -0.073    8.46135     5.2224     5.2059     6.0309   15.34381 2.2008e+02     -0.074 0.0000e+00
         19 123.579971    0.00125     0.0750      4.500  1005.2029  11529.928     6.6013     -0.067    8.51635     5.2240     5.2166     5.2033   15.45129 2.1708e+02     -0.068 0.0000e+00
         20 123.579974    0.00132     0.0792      4.750  1005.0568  11177.813     6.4180     -0.052    8.52632     5.2216     5.2224     5.0570   15.47119 2.1465e+02     -0.052 0.0000e+00
         21 123.579977    0.00139     0.0833      5.000  1005.6562  12333.683     7.1777     -0.022    8.48652     5.2142     5.2240     5.6563   15.39438 2.1041e+02     -0.023 0.0000e+00
         22 123.579980    0.00146     0.0875      5.250  1007.2285  15459.469     9.1675      0.029    8.38155     5.1997     5.2217     7.2284   15.19095 2.0183e+02      0.029 0.0000e+00
         23 123.579983    0.00153     0.0917      5.500  1010.2646  21553.616    13.0083      0.115    8.17823     5.1773     5.2142    10.2640   14.79654 1.8734e+02      0.116 0.0000e+00
         24 123.579986    0.00160     0.0958      5.750  1014.5088  30062.628    18.3761      0.247    7.89558     5.1509     5.1997    14.5077   14.24816 1.6387e+02      0.249 0.0000e+00
         25 123.579988    0.00167     0.1000      6.000  1018.4293  37863.706    23.3325      0.417    7.63831     5.1268     5.1774    18.4273   13.74897 1.3417e+02      0.421 0.0000e+00
         26 123.579991    0.00174     0.1042      6.250  1021.0563  43059.689    26.6518      0.594    7.46912     5.1087     5.1510    21.0535   13.42030 1.0973e+02      0.599 0.0000e+00
         27 123.579994    0.00181     0.1083      6.500  1022.6302  46173.373    28.6389      0.750    7.36924     5.0969     5.1269    22.6267   13.22588 9.6008e+01      0.757 0.0000e+00
         28 123.579997    0.00187     0.1125      6.750  1023.5583  48011.988    29.8101      0.871    7.31097     5.0898     5.1088    23.5542   13.11223 9.0083e+01      0.879 0.0000e+00
         29 123.580000    0.00194     0.1167      7.000  1024.0786  49047.715    30.4664      0.957    7.27842     5.0854     5.0970    24.0741   13.04863 8.8982e+01      0.965 0.0000e+00
         30 123.580003    0.00201     0.1208      7.250  1024.3244  49546.881    30.7763      1.014    7.26296     5.0823     5.0899    24.3196   13.01826 9.1001e+01      1.023 0.0000e+00
         31 123.580006    0.00208     0.1250      7.500  1024.3774  49672.440    30.8429      1.046    7.25949     5.0796     5.0855    24.3725   13.01118 9.4341e+01      1.055 0.0000e+00
         32 123.580009    0.00215     0.1292      7.750  1024.3566  49651.002    30.8164      1.055    7.26072     5.0770     5.0824    24.3516   13.01326 9.7459e+01      1.065 0.0000e+00
         33 123.580012    0.00222     0.1333      8.000  1024.3932  49728.922    30.8625      1.044    7.25858     5.0745     5.0797    24.3883   13.00896 1.0019e+02      1.054 0.0000e+00
         34 123.580014    0.00229     0.1375      8.250  1024.5234  49975.257    31.0268      1.017    7.25084     5.0721     5.0771    24.5187   12.99394 1.0301e+02      1.026 0.0000e+00
         35 123.580017    0.00236     0.1417      8.500  1024.6945  50294.426    31.2428      0.981    7.24068     5.0702     5.0746    24.6899   12.97430 1.0611e+02      0.990 0.0000e+00
         36 123.580020    0.00243     0.1458      8.750  1024.8295  50545.681    31.4133      0.943    7.23275     5.0687     5.0722    24.8250   12.95896 1.0857e+02      0.952 0.0000e+00
         37 123.580023    0.00250     0.1500      9.000  1024.9064  50689.020    31.5103      0.911    7.22834     5.0676     5.0702    24.9021   12.95040 1.0961e+02      0.919 0.0000e+00
         38 123.580026    0.00257     0.1542      9.250  1024.9458  50762.698    31.5601      0.883    7.22616     5.0669     5.0687    24.9416   12.94614 1.0968e+02      0.891 0.0000e+00
         39 123.580029    0.00264     0.1583      9.500  1024.9625  50794.128    31.5812      0.859    7.22531     5.0664     5.0677    24.9585   12.94446 1.0893e+02      0.867 0.0000e+00
         40 123.580032    0.00271     0.1625      9.750  1024.9647  50798.379    31.5840      0.834    7.22530     5.0661     5.0670    24.9608   12.94441 1.0745e+02      0.842 0.0000e+00
         41 123.580035    0.00278     0.1667     10.000  1024.9463  50764.513    31.5608      0.810    7.22652     5.0659     5.0665    24.9425   12.94672 1.0600e+02      0.818 0.0000e+00
         42 123.580038    0.00285     0.1708     10.250  1024.8949  50669.530    31.4960      0.789    7.22974     5.0659     5.0662    24.8912   12.95290 1.0462e+02      0.796 0.0000e+00
         43 123.580041    0.00292     0.1750     10.500  1024.7952  50485.128    31.3701      0.776    7.23592     5.0661     5.0660    24.7916   12.96476 1.0275e+02      0.783 0.0000e+00
         44 123.580043    0.00299     0.1792     10.750  1024.6232  50166.703    31.1528      0.775    7.24655     5.0664     5.0660    24.6196   12.98516 1.0069e+02      0.783 0.0000e+00
         45 123.580046    0.00306     0.1833     11.000  1024.3372  49636.932    30.7913      0.788    7.26419     5.0669     5.0662    24.3335   13.01904 9.9397e+01      0.795 0.0000e+00
         46 123.580049    0.00313     0.1875     11.250  1024.0793  49159.679    30.4655      0.808    7.28004     5.0679     5.0665    24.0755   13.04949 9.9330e+01      0.816 0.0000e+00
         47 123.580052    0.00319     0.1917     11.500  1024.0291  49067.310    30.4020      0.830    7.28301     5.0697     5.0670    24.0252   13.05520 1.0032e+02      0.839 0.0000e+00
         48 123.580055    0.00326     0.1958     11.750  1024.0134  49038.490    30.3822      0.848    7.28378     5.0723     5.0680    24.0094   13.05672 1.0172e+02      0.856 0.0000e+00
         49 123.580058    0.00333     0.2000     12.000  1023.8965  48820.759    30.2347      0.858    7.29072     5.0747     5.0698    23.8925   13.07014 1.0273e+02      0.866 0.0000e+00
         50 123.580061    0.00340     0.2042     12.250  1023.9272  48875.734    30.2737      0.859    7.28844     5.0759     5.0724    23.9232   13.06589 1.0350e+02      0.868 0.0000e+00
         51 123.580064    0.00347     0.2083     12.500  1024.2398  49453.793    30.6689      0.856    7.26873     5.0756     5.0748    24.2357   13.02816 1.0445e+02      0.864 0.0000e+00
         52 123.580067    0.00354     0.2125     12.750  1024.5760  50076.686    31.0940      0.851    7.24773     5.0741     5.0760    24.5720   12.98791 1.0561e+02      0.859 0.0000e+00
         53 123.580069    0.00361     0.2167     13.000  1024.7784  50451.756    31.3497      0.849    7.23529     5.0723     5.0756    24.7744   12.96400 1.0724e+02      0.857 0.0000e+00
         54 123.580072    0.00368     0.2208     13.250  1024.9012  50679.438    31.5047      0.851    7.22796     5.0705     5.0741    24.8973   12.94986 1.0835e+02      0.859 0.0000e+00
         55 123.580075    0.00375     0.2250     13.500  1024.9770  50819.864    31.6001      0.856    7.22362     5.0690     5.0723    24.9730   12.94144 1.0764e+02      0.864 0.0000e+00
         56 123.580078    0.00382     0.2292     13.750  1025.0241  50907.194    31.6594      0.863    7.22103     5.0678     5.0705    25.0201   12.93639 1.0577e+02      0.871 0.0000e+00
         57 123.580081    0.00389     0.2333     14.000  1025.0527  50960.332    31.6953      0.871    7.21953     5.0669     5.0690    25.0487   12.93344 1.0382e+02      0.879 0.0000e+00
         58 123.580084    0.00396     0.2375     14.250  1025.0686  50989.847    31.7152      0.881    7.21876     5.0661     5.0679    25.0645   12.93191 1.0236e+02      0.889 0.0000e+00
         59 123.580087    0.00403     0.2417     14.500  1025.0758  51003.210    31.7240      0.897    7.21849     5.0655     5.0669    25.0717   12.93134 1.0179e+02      0.905 0.0000e+00
         60 123.580090    0.00410     0.2458     14.750  1025.0784  51007.953    31.7270      0.920    7.21847     5.0652     5.0662    25.0741   12.93127 1.0150e+02      0.928 0.0000e+00
         61 123.580093    0.00417     0.2500     15.000  1025.0796  51010.003    31.7283      0.951    7.21850     5.0652     5.0656    25.0752   12.93130 1.0080e+02      0.960 0.0000e+00
         62 123.580095    0.00424     0.2542     15.250  1025.0814  51013.080    31.7303      0.988    7.21845     5.0653     5.0653    25.0768   12.93120 1.0023e+02      0.997 0.0000e+00
         63 123.580098    0.00431     0.2583     15.500  1025.0853  51019.975    31.7350      1.027    7.21824     5.0657     5.0653    25.0805   12.93078 1.0035e+02      1.036 0.0000e+00
         64 123.580101    0.00438     0.2625     15.750  1025.0925  51032.923    31.7439      1.060    7.21778     5.0665     5.0654    25.0875   12.92991 1.0156e+02      1.070 0.0000e+00
         65 123.580104    0.00444     0.2667     16.000  1025.1035  51052.771    31.7576      1.079    7.21705     5.0678     5.0658    25.0984   12.92852 1.0387e+02      1.089 0.0000e+00
         66 123.580107    0.00451     0.2708     16.250  1025.1146  51073.157    31.7718      1.080    7.21623     5.0696     5.0666    25.1095   12.92699 1.0589e+02      1.090 0.0000e+00
         67 123.580110    0.00458     0.2750     16.500  1025.1198  51082.636    31.7786      1.059    7.21568     5.0714     5.0679    25.1148   12.92599 1.0676e+02      1.069 0.0000e+00
         68 123.580113    0.00465     0.2792     16.750  1025.1160  51075.870    31.7744      1.019    7.21557     5.0725     5.0697    25.1112   12.92586 1.0841e+02      1.029 0.0000e+00
         69 123.580116    0.00472     0.2833     17.000  1025.1060  51057.766    31.7624      0.966    7.21584     5.0725     5.0715    25.1015   12.92647 1.1186e+02      0.975 0.0000e+00
         70 123.580119    0.00479     0.2875     17.250  1025.0956  51039.037    31.7497      0.907    7.21627     5.0717     5.0726    25.0914   12.92733 1.1389e+02      0.916 0.0000e+00
         71 123.580122    0.00486     0.2917     17.500  1025.0888  51026.904    31.7414      0.849    7.21666     5.0706     5.0726    25.0848   12.92809 1.1301e+02      0.857 0.0000e+00
         72 123.580124    0.00493     0.2958     17.750  1025.0856  51021.506    31.7376      0.796    7.21698     5.0694     5.0718    25.0818   12.92868 1.1246e+02      0.804 0.0000e+00
         73 123.580127    0.00500     0.3000     18.000  1025.0845  51020.093    31.7364      0.753    7.21724     5.0684     5.0706    25.0810   12.92912 1.1311e+02      0.760 0.0000e+00
         74 123.580130    0.00507     0.3042     18.250  1025.0845  51020.513    31.7364      0.722    7.21744     5.0677     5.0695    25.0812   12.92944 1.1256e+02      0.729 0.0000e+00
         75 123.580133    0.00514     0.3083     18.500  1025.0856  51022.660    31.7376      0.705    7.21755     5.0671     5.0685    25.0823   12.92961 1.1017e+02      0.712 0.0000e+00
         76 123.580136    0.00521     0.3125     18.750  1025.0881  51027.332    31.7407      0.700    7.21753     5.0668     5.0677    25.0848   12.92954 1.0687e+02      0.707 0.0000e+00
         77 123.580139    0.00528     0.3167     19.000  1025.0919  51034.469    31.7455      0.706    7.21739     5.0666     5.0672    25.0886   12.92925 1.0364e+02      0.712 0.0000e+00
         78 123.580142    0.00535     0.3208     19.250  1025.0967  51043.150    31.7514      0.718    7.21717     5.0664     5.0669    25.0933   12.92880 1.0054e+02      0.725 0.0000e+00
         79 123.580145    0.00542     0.3250     19.500  1025.1008  51050.594    31.7565      0.736    7.21696     5.0662     5.0666    25.0974   12.92840 9.7965e+01      0.743 0.0000e+00
         80 123.580148    0.00549     0.3292     19.750  1025.1015  51051.667    31.7572      0.760    7.21696     5.0658     5.0665    25.0979   12.92838 9.7363e+01      0.767 0.0000e+00
         81 123.580150    0.00556     0.3333     20.000  1025.0979  51044.942    31.7525      0.792    7.21722     5.0652     5.0662    25.0942   12.92888 9.8034e+01      0.800 0.0000e+00
         82 123.580153    0.00562     0.3375     20.250  1025.0935  51036.451    31.7466      0.833    7.21757     5.0644     5.0658    25.0896   12.92953 9.8549e+01      0.840 0.0000e+00
         83 123.580156    0.00569     0.3417     20.500  1025.0917  51032.853    31.7439      0.879    7.21780     5.0635     5.0652    25.0876   12.92995 9.8902e+01      0.887 0.0000e+00
         84 123.580159    0.00576     0.3458     20.750  1025.0940  51036.817    31.7464      0.928    7.21782     5.0626     5.0644    25.0897   12.92995 9.8923e+01      0.936 0.0000e+00
         85 123.580162    0.00583     0.3500     21.000  1025.1009  51049.195    31.7547      0.974    7.21758     5.0619     5.0635    25.0963   12.92944 9.8573e+01      0.983 0.0000e+00
