CTD-processing/allCTD/CNV--homogene/2012_06-27_t9_s08_cast139.cnv
* Sea-Bird SBE19plus Data File:
* FileName = C:\Documents and Settings\glenn.seaman\My Documents\KHolderied-files\CTD-DATA-FILES\2012-CTD-KachemakBay\2012-06-27-CTD-HomerSpit\2012-06-27-HomerSpit-cast139.hex
* Software Version 1.59
* Temperature SN =  5028
* Conductivity SN =  5028
* System UpLoad Time = Jun 30 2012 12:03:17
** Homer Spit Transect, near neap, high tide
** Date: 2012-06-27
** Station: 08
** Start time (AKDT-24hr): 0852
** Depth (ft): 305
** Water still turbid.
# nquan = 17
# nvalues = 567                         
# units = specified
# name 0 = scan: Scan Count
# name 1 = timeJ: Julian Days
# name 2 = timeH: Time, Elapsed [hours]
# name 3 = timeM: Time, Elapsed [minutes]
# name 4 = timeS: Time, Elapsed [seconds]
# name 5 = density00: Density [density, kg/m^3]
# name 6 = specc: Specific Conductance [uS/cm]
# name 7 = sal00: Salinity, Practical [PSU]
# name 8 = depSM: Depth [salt water, m], lat = 59.00
# name 9 = oxsolML/L: Oxygen Saturation, Garcia & Gordon [ml/l]
# name 10 = potemp090C: Potential Temperature [ITS-90, deg C]
# name 11 = tv290C: Temperature [ITS-90, deg C]
# name 12 = sigma-é00: Density [sigma-theta, kg/m^3]
# name 13 = n2satML/L: Nitrogen Saturation [ml/l]
# name 14 = par: PAR/Irradiance, Biospherical/Licor [umol photons/m^2/sec]
# name 15 = prdM: Pressure, Strain Gauge [db]
# name 16 = flag:  0.000e+00
# span 0 =          1,        567       
# span 1 = 179.369201, 179.370839       
# span 2 =    0.00000,    0.03931       
# span 3 =     0.0000,     2.3583       
# span 4 =      0.000,    141.500       
# span 5 =   999.9972,  1025.3275       
# span 6 =    637.356,  50796.715       
# span 7 =     0.3046,    31.6760       
# span 8 =     -0.116,     84.336       
# span 9 =    6.47100,    8.00786       
# span 10 =     5.5666,    10.6473      
# span 11 =     5.5724,    10.6474      
# span 12 =    -0.0023,    24.9615      
# span 13 =   11.72525,   14.68751      
# span 14 = 5.2699e-02, 7.7124e+02      
# span 15 =     -0.117,     85.150      
# span 16 = 0.0000e+00, 0.0000e+00      
# interval = seconds: 0.25
# start_time = Jun 27 2012 08:51:39 [Instrument's time stamp, header]
# bad_flag = -9.990e-29
*END*
[from data line 171]
        172 179.369696    0.01188     0.7125     42.750  1021.4257  44429.251    27.9977      0.799    6.54203    10.4459    10.4332    21.4221   11.85806 2.7404e+02      0.806 0.0000e+00
        173 179.369699    0.01194     0.7167     43.000  1021.4323  44441.759    28.0068      0.812    6.54115    10.4564    10.4367    21.4285   11.85648 2.7060e+02      0.820 0.0000e+00
        174 179.369702    0.01201     0.7208     43.250  1021.4230  44425.916    27.9967      0.822    6.54024    10.4633    10.4460    21.4192   11.85510 2.6761e+02      0.830 0.0000e+00
        175 179.369705    0.01208     0.7250     43.500  1021.4022  44389.131    27.9722      0.826    6.53976    10.4640    10.4565    21.3985   11.85459 2.6524e+02      0.834 0.0000e+00
        176 179.369708    0.01215     0.7292     43.750  1021.3809  44350.836    27.9462      0.823    6.53985    10.4578    10.4634    21.3772   11.85505 2.6433e+02      0.831 0.0000e+00
        177 179.369711    0.01222     0.7333     44.000  1021.3693  44329.440    27.9314      0.818    6.54037    10.4469    10.4641    21.3655   11.85610 2.6577e+02      0.826 0.0000e+00
        178 179.369714    0.01229     0.7375     44.250  1021.3721  44333.829    27.9338      0.814    6.54116    10.4355    10.4579    21.3684   11.85737 2.6965e+02      0.822 0.0000e+00
        179 179.369716    0.01236     0.7417     44.500  1021.3881  44361.775    27.9521      0.815    6.54195    10.4273    10.4470    21.3844   11.85847 2.7367e+02      0.823 0.0000e+00
        180 179.369719    0.01243     0.7458     44.750  1021.4105  44401.224    27.9784      0.822    6.54249    10.4238    10.4356    21.4067   11.85905 2.7499e+02      0.830 0.0000e+00
        181 179.369722    0.01250     0.7500     45.000  1021.4302  44436.285    28.0020      0.833    6.54269    10.4246    10.4274    21.4263   11.85909 2.7320e+02      0.841 0.0000e+00
        182 179.369725    0.01257     0.7542     45.250  1021.4398  44453.481    28.0136      0.844    6.54270    10.4270    10.4239    21.4359   11.85896 2.7044e+02      0.852 0.0000e+00
        183 179.369728    0.01264     0.7583     45.500  1021.4357  44446.028    28.0085      0.850    6.54280    10.4277    10.4247    21.4318   11.85920 2.6876e+02      0.859 0.0000e+00
        184 179.369731    0.01271     0.7625     45.750  1021.4224  44421.811    27.9918      0.849    6.54314    10.4240    10.4271    21.4185   11.85997 2.6921e+02      0.857 0.0000e+00
        185 179.369734    0.01278     0.7667     46.000  1021.4110  44400.915    27.9773      0.840    6.54365    10.4162    10.4278    21.4071   11.86099 2.7201e+02      0.848 0.0000e+00
        186 179.369737    0.01285     0.7708     46.250  1021.4107  44400.013    27.9763      0.826    6.54422    10.4085    10.4241    21.4069   11.86195 2.7513e+02      0.834 0.0000e+00
        187 179.369740    0.01292     0.7750     46.500  1021.4257  44426.489    27.9940      0.813    6.54461    10.4065    10.4163    21.4219   11.86238 2.7637e+02      0.821 0.0000e+00
        188 179.369742    0.01299     0.7792     46.750  1021.4531  44476.080    28.0277      0.810    6.54430    10.4141    10.4086    21.4493   11.86146 2.7531e+02      0.818 0.0000e+00
        189 179.369745    0.01306     0.7833     47.000  1021.4852  44534.925    28.0685      0.820    6.54289    10.4324    10.4066    21.4814   11.85862 2.7149e+02      0.828 0.0000e+00
        190 179.369748    0.01313     0.7875     47.250  1021.5154  44591.480    28.1087      0.840    6.54013    10.4582    10.4141    21.5115   11.85355 2.6534e+02      0.848 0.0000e+00
        191 179.369751    0.01319     0.7917     47.500  1021.5360  44631.980    28.1389      0.863    6.53624    10.4838    10.4325    21.5320   11.84674 2.5887e+02      0.871 0.0000e+00
        192 179.369754    0.01326     0.7958     47.750  1021.5329  44629.969    28.1402      0.881    6.53250    10.5021    10.4583    21.5288   11.84051 2.5410e+02      0.890 0.0000e+00
        193 179.369757    0.01333     0.8000     48.000  1021.5001  44573.164    28.1033      0.889    6.53039    10.5091    10.4839    21.4960   11.83744 2.5265e+02      0.897 0.0000e+00
        194 179.369760    0.01340     0.8042     48.250  1021.4552  44493.025    28.0493      0.884    6.53002    10.5041    10.5022    21.4511   11.83748 2.5473e+02      0.892 0.0000e+00
        195 179.369763    0.01347     0.8083     48.500  1021.4257  44439.805    28.0130      0.868    6.53053    10.4914    10.5092    21.4217   11.83877 2.5888e+02      0.876 0.0000e+00
        196 179.369766    0.01354     0.8125     48.750  1021.4271  44441.671    28.0138      0.848    6.53122    10.4789    10.5042    21.4232   11.83990 2.6244e+02      0.856 0.0000e+00
        197 179.369769    0.01361     0.8167     49.000  1021.4595  44499.694    28.0529      0.834    6.53139    10.4728    10.4915    21.4556   11.83971 2.6260e+02      0.842 0.0000e+00
        198 179.369771    0.01368     0.8208     49.250  1021.5109  44592.765    28.1165      0.833    6.53052    10.4764    10.4790    21.5071   11.83751 2.5875e+02      0.841 0.0000e+00
        199 179.369774    0.01375     0.8250     49.500  1021.5608  44683.718    28.1792      0.846    6.52878    10.4890    10.4729    21.5569   11.83385 2.5250e+02      0.854 0.0000e+00
        200 179.369777    0.01382     0.8292     49.750  1021.5941  44745.552    28.2227      0.870    6.52646    10.5056    10.4765    21.5902   11.82946 2.4604e+02      0.878 0.0000e+00
        201 179.369780    0.01389     0.8333     50.000  1021.6033  44764.195    28.2370      0.896    6.52407    10.5199    10.4891    21.5993   11.82532 2.4154e+02      0.904 0.0000e+00
        202 179.369783    0.01396     0.8375     50.250  1021.5816  44726.376    28.2124      0.915    6.52273    10.5271    10.5057    21.5774   11.82340 2.4112e+02      0.924 0.0000e+00
        203 179.369786    0.01403     0.8417     50.500  1021.5366  44645.461    28.1575      0.923    6.52298    10.5245    10.5200    21.5324   11.82449 2.4533e+02      0.932 0.0000e+00
        204 179.369789    0.01410     0.8458     50.750  1021.4938  44567.533    28.1039      0.917    6.52419    10.5133    10.5272    21.4895   11.82714 2.5224e+02      0.926 0.0000e+00
        205 179.369792    0.01417     0.8500     51.000  1021.4744  44531.557    28.0785      0.902    6.52561    10.4993    10.5246    21.4702   11.82980 2.5940e+02      0.911 0.0000e+00
        206 179.369795    0.01424     0.8542     51.250  1021.4852  44549.881    28.0901      0.887    6.52673    10.4887    10.5134    21.4811   11.83152 2.6451e+02      0.896 0.0000e+00
        207 179.369797    0.01431     0.8583     51.500  1021.5188  44609.921    28.1305      0.880    6.52704    10.4847    10.4994    21.5147   11.83155 2.6470e+02      0.889 0.0000e+00
        208 179.369800    0.01438     0.8625     51.750  1021.5578  44680.260    28.1785      0.885    6.52655    10.4881    10.4888    21.5537   11.83016 2.5910e+02      0.893 0.0000e+00
        209 179.369803    0.01444     0.8667     52.000  1021.5860  44731.635    28.2139      0.899    6.52564    10.4970    10.4848    21.5819   11.82822 2.5087e+02      0.907 0.0000e+00
        210 179.369806    0.01451     0.8708     52.250  1021.5960  44750.428    28.2273      0.916    6.52460    10.5068    10.4882    21.5918   11.82632 2.4559e+02      0.924 0.0000e+00
        211 179.369809    0.01458     0.8750     52.500  1021.5851  44731.611    28.2151      0.929    6.52384    10.5131    10.4971    21.5809   11.82522 2.4665e+02      0.937 0.0000e+00
        212 179.369812    0.01465     0.8792     52.750  1021.5578  44682.553    28.1820      0.932    6.52382    10.5131    10.5069    21.5535   11.82559 2.5315e+02      0.941 0.0000e+00
        213 179.369815    0.01472     0.8833     53.000  1021.5288  44630.139    28.1461      0.926    6.52442    10.5062    10.5132    21.5246   11.82702 2.6222e+02      0.934 0.0000e+00
        214 179.369818    0.01479     0.8875     53.250  1021.5133  44601.550    28.1262      0.912    6.52525    10.4953    10.5132    21.5091   11.82863 2.7059e+02      0.920 0.0000e+00
        215 179.369821    0.01486     0.8917     53.500  1021.5175  44608.376    28.1302      0.897    6.52606    10.4855    10.5063    21.5133   11.82993 2.7503e+02      0.905 0.0000e+00
        216 179.369823    0.01493     0.8958     53.750  1021.5392  44646.868    28.1559      0.887    6.52654    10.4803    10.4954    21.5351   11.83042 2.7439e+02      0.895 0.0000e+00
        217 179.369826    0.01500     0.9000     54.000  1021.5695  44701.333    28.1928      0.886    6.52641    10.4809    10.4856    21.5654   11.82974 2.7070e+02      0.894 0.0000e+00
        218 179.369829    0.01507     0.9042     54.250  1021.5971  44751.474    28.2272      0.894    6.52571    10.4866    10.4804    21.5930   11.82817 2.6562e+02      0.902 0.0000e+00
        219 179.369832    0.01514     0.9083     54.500  1021.6130  44780.717    28.2477      0.907    6.52477    10.4952    10.4810    21.6089   11.82637 2.5977e+02      0.915 0.0000e+00
        220 179.369835    0.01521     0.9125     54.750  1021.6122  44779.869    28.2477      0.921    6.52396    10.5036    10.4867    21.6079   11.82502 2.5529e+02      0.930 0.0000e+00
        221 179.369838    0.01528     0.9167     55.000  1021.5954  44750.169    28.2279      0.931    6.52357    10.5097    10.4953    21.5911   11.82461 2.5504e+02      0.940 0.0000e+00
        222 179.369841    0.01535     0.9208     55.250  1021.5711  44706.552    28.1984      0.936    6.52360    10.5125    10.5037    21.5668   11.82502 2.5948e+02      0.944 0.0000e+00
        223 179.369844    0.01542     0.9250     55.500  1021.5491  44666.858    28.1713      0.935    6.52386    10.5122    10.5098    21.5448   11.82578 2.6622e+02      0.943 0.0000e+00
        224 179.369847    0.01549     0.9292     55.750  1021.5344  44640.195    28.1530      0.931    6.52422    10.5098    10.5126    21.5301   11.82659 2.7202e+02      0.939 0.0000e+00
        225 179.369850    0.01556     0.9333     56.000  1021.5285  44629.471    28.1455      0.927    6.52457    10.5067    10.5123    21.5243   11.82727 2.7475e+02      0.935 0.0000e+00
        226 179.369852    0.01563     0.9375     56.250  1021.5303  44632.351    28.1473      0.925    6.52483    10.5034    10.5099    21.5260   11.82768 2.7444e+02      0.933 0.0000e+00
        227 179.369855    0.01569     0.9417     56.500  1021.5348  44640.147    28.1524      0.925    6.52507    10.4999    10.5068    21.5305   11.82801 2.7252e+02      0.933 0.0000e+00
        228 179.369858    0.01576     0.9458     56.750  1021.5369  44643.644    28.1544      0.926    6.52546    10.4962    10.5035    21.5326   11.82864 2.6999e+02      0.934 0.0000e+00
        229 179.369861    0.01583     0.9500     57.000  1021.5347  44638.938    28.1508      0.926    6.52611    10.4923    10.5000    21.5304   11.82976 2.6717e+02      0.934 0.0000e+00
        230 179.369864    0.01590     0.9542     57.250  1021.5287  44627.331    28.1423      0.926    6.52699    10.4883    10.4963    21.5244   11.83132 2.6502e+02      0.934 0.0000e+00
        231 179.369867    0.01597     0.9583     57.500  1021.5215  44613.500    28.1323      0.924    6.52796    10.4845    10.4924    21.5172   11.83306 2.6442e+02      0.932 0.0000e+00
        232 179.369870    0.01604     0.9625     57.750  1021.5160  44602.880    28.1244      0.922    6.52885    10.4808    10.4884    21.5118   11.83463 2.6498e+02      0.930 0.0000e+00
        233 179.369873    0.01611     0.9667     58.000  1021.5136  44597.841    28.1205      0.921    6.52956    10.4771    10.4846    21.5094   11.83586 2.6684e+02      0.929 0.0000e+00
        234 179.369876    0.01618     0.9708     58.250  1021.5141  44598.350    28.1205      0.921    6.53009    10.4737    10.4809    21.5099   11.83674 2.7018e+02      0.930 0.0000e+00
        235 179.369878    0.01625     0.9750     58.500  1021.5171  44603.239    28.1235      0.924    6.53048    10.4705    10.4772    21.5129   11.83735 2.7343e+02      0.933 0.0000e+00
        236 179.369881    0.01632     0.9792     58.750  1021.5207  44609.377    28.1274      0.928    6.53081    10.4674    10.4738    21.5165   11.83785 2.7509e+02      0.937 0.0000e+00
        237 179.369884    0.01639     0.9833     59.000  1021.5228  44612.712    28.1294      0.933    6.53118    10.4639    10.4706    21.5186   11.83845 2.7559e+02      0.942 0.0000e+00
        238 179.369887    0.01646     0.9875     59.250  1021.5218  44610.517    28.1275      0.937    6.53171    10.4595    10.4675    21.5176   11.83934 2.7673e+02      0.946 0.0000e+00
        239 179.369890    0.01653     0.9917     59.500  1021.5187  44604.145    28.1227      0.938    6.53241    10.4541    10.4640    21.5144   11.84056 2.7941e+02      0.947 0.0000e+00
        240 179.369893    0.01660     0.9958     59.750  1021.5157  44598.090    28.1180      0.937    6.53323    10.4481    10.4596    21.5115   11.84198 2.8173e+02      0.946 0.0000e+00
        241 179.369896    0.01667     1.0000     60.000  1021.5146  44595.217    28.1155      0.934    6.53410    10.4418    10.4542    21.5103   11.84346 2.8179e+02      0.943 0.0000e+00
        242 179.369899    0.01674     1.0042     60.250  1021.5151  44595.285    28.1149      0.932    6.53499    10.4352    10.4482    21.5108   11.84493 2.8116e+02      0.941 0.0000e+00
        243 179.369902    0.01681     1.0083     60.500  1021.5168  44597.439    28.1157      0.930    6.53586    10.4289    10.4419    21.5125   11.84638 2.8068e+02      0.938 0.0000e+00
        244 179.369905    0.01688     1.0125     60.750  1021.5194  44601.365    28.1178      0.928    6.53671    10.4233    10.4353    21.5152   11.84776 2.7905e+02      0.937 0.0000e+00
        245 179.369907    0.01694     1.0167     61.000  1021.5226  44606.412    28.1206      0.928    6.53749    10.4185    10.4290    21.5184   11.84902 2.7771e+02      0.937 0.0000e+00
        246 179.369910    0.01701     1.0208     61.250  1021.5259  44611.721    28.1237      0.928    6.53817    10.4145    10.4234    21.5217   11.85011 2.7834e+02      0.937 0.0000e+00
        247 179.369913    0.01708     1.0250     61.500  1021.5293  44617.215    28.1270      0.929    6.53872    10.4113    10.4186    21.5251   11.85098 2.7935e+02      0.937 0.0000e+00
        248 179.369916    0.01715     1.0292     61.750  1021.5330  44623.564    28.1310      0.931    6.53912    10.4092    10.4146    21.5288   11.85161 2.7890e+02      0.939 0.0000e+00
        249 179.369919    0.01722     1.0333     62.000  1021.5374  44631.071    28.1359      0.934    6.53937    10.4081    10.4114    21.5331   11.85195 2.7619e+02      0.942 0.0000e+00
        250 179.369922    0.01729     1.0375     62.250  1021.5415  44638.311    28.1408      0.937    6.53947    10.4074    10.4093    21.5372   11.85207 2.7209e+02      0.946 0.0000e+00
        251 179.369925    0.01736     1.0417     62.500  1021.5438  44642.445    28.1435      0.940    6.53953    10.4066    10.4082    21.5395   11.85212 2.6901e+02      0.949 0.0000e+00
        252 179.369928    0.01743     1.0458     62.750  1021.5434  44641.581    28.1428      0.941    6.53964    10.4048    10.4075    21.5391   11.85232 2.6748e+02      0.950 0.0000e+00
        253 179.369931    0.01750     1.0500     63.000  1021.5410  44637.011    28.1396      0.938    6.53990    10.4019    10.4067    21.5367   11.85279 2.6652e+02      0.947 0.0000e+00
        254 179.369933    0.01757     1.0542     63.250  1021.5391  44633.225    28.1367      0.933    6.54027    10.3979    10.4049    21.5348   11.85344 2.6690e+02      0.942 0.0000e+00
        255 179.369936    0.01764     1.0583     63.500  1021.5401  44634.779    28.1375      0.928    6.54066    10.3935    10.4020    21.5359   11.85408 2.6798e+02      0.937 0.0000e+00
