CTD-processing/allCTD/CNV--homogene/2012_08-15_subbays_chinapoota_inner_cast025.cnv
* Sea-Bird SBE19plus Data File:
* FileName = C:\Documents and Settings\kris.holderied.local\My Documents\2012-08-15-KBay-inner-subbays\2012-08-15-KBay-inner-subbays-cast025.hex
* Software Version 1.54
* Temperature SN =  5028
* Conductivity SN =  5028
* System UpLoad Time = Aug 23 2012 21:45:38
** Kachemak Bay Sub-bay CTD survey , inner bays
** Date:  2012-08-15
** Station: China Poot A
** Start time (AKDT-24 hr): 1357
** Depth (ft): 94
** Comment:None
# nquan = 17
# nvalues = 337                         
# units = specified
# name 0 = scan: Scan Count
# name 1 = timeJ: Julian Days
# name 2 = timeH: Time, Elapsed [hours]
# name 3 = timeM: Time, Elapsed [minutes]
# name 4 = timeS: Time, Elapsed [seconds]
# name 5 = density00: Density [density, kg/m^3]
# name 6 = specc: Specific Conductance [uS/cm]
# name 7 = sal00: Salinity, Practical [PSU]
# name 8 = depSM: Depth [salt water, m], lat = 59.00
# name 9 = oxsolML/L: Oxygen Saturation, Garcia & Gordon [ml/l]
# name 10 = potemp090C: Potential Temperature [ITS-90, deg C]
# name 11 = tv290C: Temperature [ITS-90, deg C]
# name 12 = sigma-é00: Density [sigma-theta, kg/m^3]
# name 13 = n2satML/L: Nitrogen Saturation [ml/l]
# name 14 = par: PAR/Irradiance, Biospherical/Licor [umol photons/m^2/sec]
# name 15 = prdM: Pressure, Strain Gauge [db]
# name 16 = flag:  0.000e+00
# span 0 =          1,        337       
# span 1 = 228.580521, 228.581493       
# span 2 =    0.00000,    0.02333       
# span 3 =     0.0000,     1.4000       
# span 4 =      0.000,     84.000       
# span 5 =  1001.8411,  1024.1345       
# span 6 =   5591.404,  49068.958       
# span 7 =     3.0112,    31.0743       
# span 8 =      0.007,     24.625       
# span 9 =    6.27745,    7.39906       
# span 10 =     9.0923,    12.7269      
# span 11 =     9.0940,    12.7270      
# span 12 =     1.8411,    24.0316      
# span 13 =   11.42916,   13.61991      
# span 14 = 2.0334e+00, 2.8805e+02      
# span 15 =      0.007,     24.859      
# span 16 = 0.0000e+00, 0.0000e+00      
# interval = seconds: 0.25
# start_time = Aug 15 2012 13:55:57 [Instrument's time stamp, header]
# bad_flag = -9.990e-29
*END*
[from data line 256]
        257 228.581262    0.01778     1.0667     64.000  1021.0946  44101.123    27.9239      0.822    6.32024    12.0703    12.0536    21.0908   11.49045 1.4961e+02      0.830 0.0000e+00
        258 228.581264    0.01785     1.0708     64.250  1021.0818  44079.284    27.9093      0.809    6.31978    12.0716    12.0615    21.0781   11.48985 1.4984e+02      0.816 0.0000e+00
        259 228.581267    0.01792     1.0750     64.500  1021.0730  44065.012    27.9000      0.809    6.31897    12.0563    12.0703    21.0692   11.48862 1.4907e+02      0.817 0.0000e+00
        260 228.581270    0.01799     1.0792     64.750  1021.0772  44073.045    27.9056      0.835    6.31859    12.0139    12.0717    21.0733   11.48791 1.4497e+02      0.843 0.0000e+00
        261 228.581273    0.01806     1.0833     65.000  1021.1039  44119.150    27.9363      0.894    6.31946    11.9315    12.0564    21.0998   11.48900 1.3665e+02      0.902 0.0000e+00
        262 228.581276    0.01812     1.0875     65.250  1021.1631  44219.593    28.0027      0.992    6.32259    11.7977    12.0140    21.1586   11.49340 1.2619e+02      1.001 0.0000e+00
        263 228.581279    0.01819     1.0917     65.500  1021.2635  44387.842    28.1128      1.133    6.32939    11.6128    11.9316    21.2583   11.50339 1.1589e+02      1.143 0.0000e+00
        264 228.581282    0.01826     1.0958     65.750  1021.4123  44635.188    28.2736      1.320    6.34115    11.3885    11.7978    21.4063   11.52103 1.0683e+02      1.332 0.0000e+00
        265 228.581285    0.01833     1.1000     66.000  1021.6103  44963.753    28.4862      1.550    6.35783    11.1385    11.6130    21.6033   11.54621 9.8101e+01      1.564 0.0000e+00
        266 228.581288    0.01840     1.1042     66.250  1021.8465  45355.980    28.7393      1.817    6.37836    10.8809    11.3887    21.8383   11.57729 8.9019e+01      1.834 0.0000e+00
        267 228.581291    0.01847     1.1083     66.500  1022.1013  45778.851    29.0107      2.115    6.40179    10.6384    11.1388    22.0917   11.61296 8.0271e+01      2.134 0.0000e+00
        268 228.581293    0.01854     1.1125     66.750  1022.3514  46193.171    29.2747      2.434    6.42673    10.4283    10.8812    22.3403   11.65120 7.2508e+01      2.456 0.0000e+00
        269 228.581296    0.01861     1.1167     67.000  1022.5777  46567.452    29.5114      2.766    6.45081    10.2564    10.6387    22.5650   11.68835 6.5892e+01      2.792 0.0000e+00
        270 228.581299    0.01868     1.1208     67.250  1022.7710  46887.660    29.7131      3.103    6.47194    10.1184    10.4286    22.7568   11.72100 6.0297e+01      3.132 0.0000e+00
        271 228.581302    0.01875     1.1250     67.500  1022.9312  47153.689    29.8805      3.439    6.48922    10.0038    10.2568    22.9155   11.74765 5.5638e+01      3.472 0.0000e+00
        272 228.581305    0.01882     1.1292     67.750  1023.0637  47374.548    30.0196      3.770    6.50294     9.9001    10.1189    23.0464   11.76873 5.1827e+01      3.805 0.0000e+00
        273 228.581308    0.01889     1.1333     68.000  1023.1782  47566.474    30.1408      4.094    6.51415     9.7975    10.0043    23.1595   11.78588 4.8676e+01      4.132 0.0000e+00
        274 228.581311    0.01896     1.1375     68.250  1023.2856  47747.246    30.2552      4.416    6.52417     9.6948     9.9006    23.2654   11.80111 4.5967e+01      4.458 0.0000e+00
        275 228.581314    0.01903     1.1417     68.500  1023.3911  47925.245    30.3676      4.741    6.53416     9.5984     9.7980    23.3694   11.81631 4.3549e+01      4.785 0.0000e+00
        276 228.581317    0.01910     1.1458     68.750  1023.4923  48095.800    30.4744      5.071    6.54444     9.5153     9.6953    23.4691   11.83206 4.1339e+01      5.119 0.0000e+00
        277 228.581319    0.01917     1.1500     69.000  1023.5834  48248.898    30.5696      5.407    6.55433     9.4483     9.5990    23.5586   11.84729 3.9286e+01      5.458 0.0000e+00
        278 228.581322    0.01924     1.1542     69.250  1023.6602  48377.508    30.6492      5.747    6.56298     9.3964     9.5159    23.6338   11.86066 3.7350e+01      5.802 0.0000e+00
        279 228.581325    0.01931     1.1583     69.500  1023.7216  48479.941    30.7124      6.090    6.57000     9.3557     9.4490    23.6937   11.87154 3.5494e+01      6.148 0.0000e+00
        280 228.581328    0.01938     1.1625     69.750  1023.7693  48559.059    30.7610      6.434    6.57547     9.3206     9.3971    23.7398   11.88001 3.3689e+01      6.495 0.0000e+00
        281 228.581331    0.01944     1.1667     70.000  1023.8071  48621.166    30.7991      6.778    6.57978     9.2867     9.3564    23.7759   11.88668 3.1933e+01      6.842 0.0000e+00
        282 228.581334    0.01951     1.1708     70.250  1023.8395  48674.178    30.8316      7.122    6.58350     9.2522     9.3214    23.8067   11.89245 3.0237e+01      7.189 0.0000e+00
        283 228.581337    0.01958     1.1750     70.500  1023.8705  48724.960    30.8626      7.465    6.58712     9.2184     9.2875    23.8362   11.89808 2.8617e+01      7.536 0.0000e+00
        284 228.581340    0.01965     1.1792     70.750  1023.9020  48776.531    30.8940      7.808    6.59082     9.1872     9.2531    23.8661   11.90383 2.7083e+01      7.882 0.0000e+00
        285 228.581343    0.01972     1.1833     71.000  1023.9333  48827.849    30.9254      8.152    6.59443     9.1602     9.2193    23.8958   11.90942 2.5638e+01      8.229 0.0000e+00
        286 228.581345    0.01979     1.1875     71.250  1023.9630  48876.488    30.9552      8.498    6.59772     9.1383     9.1882    23.9239   11.91450 2.4277e+01      8.578 0.0000e+00
        287 228.581348    0.01986     1.1917     71.500  1023.9897  48920.113    30.9820      8.844    6.60053     9.1220     9.1611    23.9490   11.91884 2.2996e+01      8.928 0.0000e+00
        288 228.581351    0.01993     1.1958     71.750  1024.0123  48956.649    31.0045      9.191    6.60278     9.1106     9.1393    23.9700   11.92228 2.1791e+01      9.277 0.0000e+00
        289 228.581354    0.02000     1.2000     72.000  1024.0302  48985.181    31.0221      9.538    6.60442     9.1032     9.1229    23.9863   11.92479 2.0656e+01      9.628 0.0000e+00
        290 228.581357    0.02007     1.2042     72.250  1024.0436  49006.054    31.0351      9.887    6.60553     9.0987     9.1116    23.9982   11.92647 1.9580e+01      9.980 0.0000e+00
        291 228.581360    0.02014     1.2083     72.500  1024.0533  49020.344    31.0440     10.238    6.60623     9.0960     9.1043    24.0062   11.92752 1.8552e+01     10.335 0.0000e+00
        292 228.581363    0.02021     1.2125     72.750  1024.0603  49029.942    31.0499     10.593    6.60663     9.0945     9.0998    24.0116   11.92812 1.7568e+01     10.694 0.0000e+00
        293 228.581366    0.02028     1.2167     73.000  1024.0659  49037.047    31.0544     10.951    6.60683     9.0939     9.0971    24.0155   11.92839 1.6630e+01     11.055 0.0000e+00
        294 228.581369    0.02035     1.2208     73.250  1024.0709  49043.331    31.0584     11.310    6.60687     9.0939     9.0957    24.0189   11.92841 1.5742e+01     11.417 0.0000e+00
        295 228.581372    0.02042     1.2250     73.500  1024.0756  49049.096    31.0623     11.667    6.60679     9.0943     9.0951    24.0219   11.92823 1.4908e+01     11.778 0.0000e+00
        296 228.581374    0.02049     1.2292     73.750  1024.0796  49053.611    31.0653     12.023    6.60666     9.0948     9.0952    24.0243   11.92797 1.4123e+01     12.137 0.0000e+00
        297 228.581377    0.02056     1.2333     74.000  1024.0827  49056.579    31.0673     12.376    6.60651     9.0953     9.0956    24.0258   11.92770 1.3384e+01     12.493 0.0000e+00
        298 228.581380    0.02063     1.2375     74.250  1024.0852  49058.397    31.0685     12.727    6.60637     9.0956     9.0962    24.0267   11.92747 1.2685e+01     12.848 0.0000e+00
        299 228.581383    0.02069     1.2417     74.500  1024.0873  49059.654    31.0693     13.077    6.60627     9.0956     9.0967    24.0273   11.92728 1.2022e+01     13.201 0.0000e+00
        300 228.581386    0.02076     1.2458     74.750  1024.0894  49060.789    31.0700     13.425    6.60619     9.0954     9.0970    24.0278   11.92714 1.1393e+01     13.553 0.0000e+00
        301 228.581389    0.02083     1.2500     75.000  1024.0917  49062.200    31.0708     13.774    6.60615     9.0949     9.0970    24.0284   11.92706 1.0795e+01     13.905 0.0000e+00
        302 228.581392    0.02090     1.2542     75.250  1024.0942  49063.918    31.0718     14.124    6.60614     9.0944     9.0968    24.0293   11.92702 1.0227e+01     14.258 0.0000e+00
        303 228.581395    0.02097     1.2583     75.500  1024.0965  49065.436    31.0727     14.472    6.60616     9.0939     9.0964    24.0300   11.92705 9.6873e+00     14.609 0.0000e+00
        304 228.581398    0.02104     1.2625     75.750  1024.0986  49066.603    31.0733     14.818    6.60621     9.0934     9.0959    24.0306   11.92712 9.1754e+00     14.958 0.0000e+00
        305 228.581400    0.02111     1.2667     76.000  1024.1007  49067.583    31.0738     15.160    6.60626     9.0929     9.0954    24.0310   11.92720 8.6928e+00     15.304 0.0000e+00
        306 228.581403    0.02118     1.2708     76.250  1024.1026  49068.435    31.0742     15.499    6.60631     9.0926     9.0950    24.0314   11.92728 8.2380e+00     15.645 0.0000e+00
        307 228.581406    0.02125     1.2750     76.500  1024.1043  49068.958    31.0743     15.834    6.60636     9.0924     9.0945    24.0316   11.92737 7.8089e+00     15.984 0.0000e+00
        308 228.581409    0.02132     1.2792     76.750  1024.1057  49068.911    31.0741     16.168    6.60642     9.0923     9.0942    24.0314   11.92746 7.4043e+00     16.321 0.0000e+00
        309 228.581412    0.02139     1.2833     77.000  1024.1070  49068.523    31.0736     16.500    6.60646     9.0924     9.0940    24.0311   11.92754 7.0229e+00     16.656 0.0000e+00
        310 228.581415    0.02146     1.2875     77.250  1024.1081  49068.071    31.0732     16.833    6.60648     9.0924     9.0940    24.0308   11.92758 6.6616e+00     16.992 0.0000e+00
        311 228.581418    0.02153     1.2917     77.500  1024.1093  49067.624    31.0727     17.167    6.60649     9.0924     9.0941    24.0304   11.92760 6.3185e+00     17.330 0.0000e+00
        312 228.581421    0.02160     1.2958     77.750  1024.1105  49067.231    31.0723     17.502    6.60650     9.0924     9.0942    24.0301   11.92762 5.9929e+00     17.668 0.0000e+00
        313 228.581424    0.02167     1.3000     78.000  1024.1117  49066.840    31.0719     17.838    6.60651     9.0924     9.0943    24.0298   11.92764 5.6835e+00     18.008 0.0000e+00
        314 228.581427    0.02174     1.3042     78.250  1024.1129  49066.435    31.0715     18.176    6.60652     9.0925     9.0943    24.0294   11.92767 5.3897e+00     18.348 0.0000e+00
        315 228.581429    0.02181     1.3083     78.500  1024.1142  49066.034    31.0711     18.514    6.60653     9.0927     9.0944    24.0291   11.92769 5.1120e+00     18.690 0.0000e+00
        316 228.581432    0.02187     1.3125     78.750  1024.1154  49065.606    31.0706     18.852    6.60653     9.0928     9.0945    24.0287   11.92769 4.8507e+00     19.031 0.0000e+00
        317 228.581435    0.02194     1.3167     79.000  1024.1166  49065.228    31.0702     19.188    6.60652     9.0927     9.0947    24.0284   11.92767 4.6050e+00     19.370 0.0000e+00
        318 228.581438    0.02201     1.3208     79.250  1024.1179  49065.065    31.0700     19.523    6.60651     9.0926     9.0948    24.0282   11.92766 4.3735e+00     19.708 0.0000e+00
        319 228.581441    0.02208     1.3250     79.500  1024.1194  49065.121    31.0699     19.856    6.60652     9.0925     9.0948    24.0281   11.92767 4.1553e+00     20.044 0.0000e+00
        320 228.581444    0.02215     1.3292     79.750  1024.1208  49065.153    31.0698     20.186    6.60653     9.0925     9.0947    24.0280   11.92771 3.9503e+00     20.378 0.0000e+00
        321 228.581447    0.02222     1.3333     80.000  1024.1221  49064.974    31.0695     20.513    6.60655     9.0926     9.0947    24.0278   11.92775 3.7580e+00     20.708 0.0000e+00
        322 228.581450    0.02229     1.3375     80.250  1024.1233  49064.612    31.0691     20.837    6.60656     9.0927     9.0947    24.0275   11.92777 3.5774e+00     21.035 0.0000e+00
        323 228.581453    0.02236     1.3417     80.500  1024.1245  49064.221    31.0687     21.157    6.60656     9.0928     9.0948    24.0272   11.92777 3.4074e+00     21.358 0.0000e+00
        324 228.581455    0.02243     1.3458     80.750  1024.1258  49064.082    31.0685     21.475    6.60655     9.0927     9.0950    24.0270   11.92775 3.2469e+00     21.679 0.0000e+00
        325 228.581458    0.02250     1.3500     81.000  1024.1273  49064.380    31.0686     21.790    6.60654     9.0926     9.0950    24.0271   11.92773 3.0948e+00     21.997 0.0000e+00
        326 228.581461    0.02257     1.3542     81.250  1024.1288  49064.823    31.0687     22.103    6.60653     9.0926     9.0950    24.0272   11.92772 2.9505e+00     22.313 0.0000e+00
        327 228.581464    0.02264     1.3583     81.500  1024.1302  49064.903    31.0687     22.414    6.60654     9.0927     9.0950    24.0272   11.92774 2.8134e+00     22.627 0.0000e+00
        328 228.581467    0.02271     1.3625     81.750  1024.1312  49064.431    31.0682     22.721    6.60656     9.0928     9.0949    24.0268   11.92778 2.6844e+00     22.937 0.0000e+00
        329 228.581470    0.02278     1.3667     82.000  1024.1320  49063.450    31.0674     23.021    6.60659     9.0930     9.0950    24.0262   11.92783 2.5656e+00     23.239 0.0000e+00
        330 228.581473    0.02285     1.3708     82.250  1024.1324  49061.987    31.0663     23.307    6.60661     9.0934     9.0952    24.0253   11.92788 2.4585e+00     23.528 0.0000e+00
        331 228.581476    0.02292     1.3750     82.500  1024.1326  49060.253    31.0650     23.577    6.60662     9.0937     9.0955    24.0242   11.92792 2.3618e+00     23.800 0.0000e+00
        332 228.581479    0.02299     1.3792     82.750  1024.1328  49058.680    31.0638     23.832    6.60662     9.0940     9.0958    24.0233   11.92793 2.2728e+00     24.058 0.0000e+00
        333 228.581481    0.02306     1.3833     83.000  1024.1331  49057.450    31.0629     24.073    6.60661     9.0942     9.0962    24.0225   11.92792 2.1921e+00     24.301 0.0000e+00
        334 228.581484    0.02313     1.3875     83.250  1024.1335  49056.532    31.0622     24.290    6.60660     9.0943     9.0964    24.0219   11.92791 2.1238e+00     24.521 0.0000e+00
        335 228.581487    0.02319     1.3917     83.500  1024.1340  49055.956    31.0617     24.467    6.60659     9.0943     9.0966    24.0215   11.92790 2.0730e+00     24.700 0.0000e+00
        336 228.581490    0.02326     1.3958     83.750  1024.1343  49055.721    31.0615     24.584    6.60658 -9.990e-29     9.0968    24.0213   11.92789 2.0430e+00     24.818 0.0000e+00
        337 228.581493    0.02333     1.4000     84.000  1024.1345  49055.684    31.0615     24.625    6.60658 -9.990e-29     9.0968    24.0213   11.92788 2.0334e+00     24.859 0.0000e+00
