CTD-processing/allCTD/CNV--homogene/2012_10-29_t3_s05_cast050.cnv
* Sea-Bird SBE19plus Data File:
* FileName = C:\Documents and Settings\kris.holderied.local\My Documents\2012-CTD-DATA-new-files\2012-10-CookInlet-LTM\2012-10-29-LTM-CookInlet-Tran3-AnchorPt\2012-10-29-CookInlet-Tran3-cast050.hex
* Software Version 1.54
* Temperature SN =  4141
* Conductivity SN =  4141
* System UpLoad Time = Nov 20 2012 18:19:17
** Cook Inlet EVOSTC Transect 3 Anchor Pt west to east
** Date:  29 Oct 2012
** Station:  3-05
** Start time (AKDT-24 hr):  0951
** Depth (m):  25
** Comment:Very turbid. CDT not visible until at surface. Wind increased with steep waves over shallow Jar. Waves 3-5 ft Whitecaps.
# nquan = 17
# nvalues = 544                         
# units = specified
# name 0 = scan: Scan Count
# name 1 = timeJ: Julian Days
# name 2 = timeH: Time, Elapsed [hours]
# name 3 = timeM: Time, Elapsed [minutes]
# name 4 = timeS: Time, Elapsed [seconds]
# name 5 = density00: Density [density, kg/m^3]
# name 6 = specc: Specific Conductance [uS/cm]
# name 7 = sal00: Salinity, Practical [PSU]
# name 8 = depSM: Depth [salt water, m], lat = 59.00
# name 9 = oxsolML/L: Oxygen Saturation, Garcia & Gordon [ml/l]
# name 10 = potemp090C: Potential Temperature [ITS-90, deg C]
# name 11 = tv290C: Temperature [ITS-90, deg C]
# name 12 = sigma-é00: Density [sigma-theta, kg/m^3]
# name 13 = n2satML/L: Nitrogen Saturation [ml/l]
# name 14 = par: PAR/Irradiance, Biospherical/Licor
# name 15 = prdM: Pressure, Strain Gauge [db]
# name 16 = flag:  0.000e+00
# span 0 =          1,        544       
# span 1 = 303.411019, 303.412590       
# span 2 =    0.00000,    0.03771       
# span 3 =     0.0000,     2.2625       
# span 4 =      0.000,    135.750       
# span 5 =  1000.2781,  1022.4741       
# span 6 =    800.382,  45900.872       
# span 7 =     0.3769,    28.5851       
# span 8 =     -0.087,     27.494       
# span 9 =    7.01461,    9.12049       
# span 10 =     4.1170,     7.1665      
# span 11 =     4.1170,     7.1688      
# span 12 =     0.2785,    22.3597      
# span 13 =   12.63445,   16.55846      
# span 14 = 3.6382e-02, 4.7040e+01      
# span 15 =     -0.088,     27.755      
# span 16 = 0.0000e+00, 0.0000e+00      
# interval = seconds: 0.25
# start_time = Oct 29 2012 09:51:52 [Instrument's time stamp, header]
# bad_flag = -9.990e-29
*END*
[from data line 86]
         87 303.411267    0.00597     0.3583     21.500  1000.5939   1575.410     0.7706     -0.086    9.08737     4.1617     4.1564     0.5943   16.49641 3.9291e+01     -0.087 0.0000e+00
         88 303.411270    0.00604     0.3625     21.750  1000.7432   1938.394     0.9569     -0.086    9.07541     4.1643     4.1590     0.7436   16.47326 3.8492e+01     -0.087 0.0000e+00
         89 303.411273    0.00611     0.3667     22.000  1000.9133   2349.478     1.1691     -0.085    9.06186     4.1667     4.1617     0.9137   16.44701 3.7755e+01     -0.086 0.0000e+00
         90 303.411276    0.00618     0.3708     22.250  1001.0786   2746.252     1.3755     -0.084    9.04869     4.1687     4.1643     1.0791   16.42150 3.7027e+01     -0.085 0.0000e+00
         91 303.411279    0.00625     0.3750     22.500  1001.2372   3123.948     1.5736     -0.084    9.03610     4.1704     4.1667     1.2377   16.39711 3.6487e+01     -0.084 0.0000e+00
         92 303.411282    0.00632     0.3792     22.750  1001.3711   3441.440     1.7409     -0.084    9.02546     4.1719     4.1687     1.3715   16.37651 3.6004e+01     -0.084 0.0000e+00
         93 303.411285    0.00639     0.3833     23.000  1001.4463   3620.134     1.8349     -0.084    9.01935     4.1732     4.1704     1.4467   16.36471 3.5481e+01     -0.084 0.0000e+00
         94 303.411288    0.00646     0.3875     23.250  1001.4634   3662.046     1.8563     -0.085    9.01770     4.1744     4.1719     1.4639   16.36159 3.5014e+01     -0.085 0.0000e+00
         95 303.411291    0.00653     0.3917     23.500  1001.4463   3623.060     1.8348     -0.085    9.01868     4.1754     4.1732     1.4468   16.36358 3.4686e+01     -0.085 0.0000e+00
         96 303.411293    0.00660     0.3958     23.750  1001.4090   3536.036     1.7881     -0.086    9.02123     4.1761     4.1744     1.4094   16.36862 3.4580e+01     -0.086 0.0000e+00
         97 303.411296    0.00667     0.4000     24.000  1001.3566   3413.263     1.7225     -0.086    9.02496     4.1767     4.1754     1.3570   16.37596 3.4655e+01     -0.086 0.0000e+00
         98 303.411299    0.00674     0.4042     24.250  1001.2920   3261.401     1.6418     -0.086    9.02967     4.1770     4.1761     1.2924   16.38519 3.4711e+01     -0.086 0.0000e+00
         99 303.411302    0.00681     0.4083     24.500  1001.2222   3096.842     1.5546     -0.085    9.03483     4.1771     4.1767     1.2226   16.39529 3.4614e+01     -0.086 0.0000e+00
        100 303.411305    0.00688     0.4125     24.750  1001.1644   2960.361     1.4824     -0.085    9.03914     4.1771     4.1770     1.1648   16.40371 3.4394e+01     -0.085 0.0000e+00
        101 303.411308    0.00694     0.4167     25.000  1001.1300   2878.931     1.4393     -0.085    9.04173     4.1771     4.1771     1.1304   16.40876 3.4114e+01     -0.085 0.0000e+00
        102 303.411311    0.00701     0.4208     25.250  1001.1081   2827.237     1.4120     -0.085    9.04339     4.1772     4.1771     1.1086   16.41199 3.3869e+01     -0.085 0.0000e+00
        103 303.411314    0.00708     0.4250     25.500  1001.0806   2761.743     1.3776     -0.085    9.04548     4.1772     4.1771     1.0810   16.41606 3.3731e+01     -0.085 0.0000e+00
        104 303.411317    0.00715     0.4292     25.750  1001.0404   2666.061     1.3275     -0.085    9.04851     4.1772     4.1772     1.0409   16.42197 3.3677e+01     -0.085 0.0000e+00
        105 303.411319    0.00722     0.4333     26.000  1000.9967   2561.560     1.2728     -0.085    9.05182     4.1772     4.1772     0.9971   16.42842 3.3641e+01     -0.085 0.0000e+00
        106 303.411322    0.00729     0.4375     26.250  1000.9608   2475.831     1.2281     -0.086    9.05453     4.1769     4.1772     0.9613   16.43372 3.3758e+01     -0.086 0.0000e+00
        107 303.411325    0.00736     0.4417     26.500  1000.9326   2408.096     1.1929     -0.086    9.05670     4.1764     4.1772     0.9331   16.43794 3.4309e+01     -0.086 0.0000e+00
        108 303.411328    0.00743     0.4458     26.750  1000.9045   2340.207     1.1578     -0.086    9.05890     4.1756     4.1769     0.9049   16.44221 3.5199e+01     -0.086 0.0000e+00
        109 303.411331    0.00750     0.4500     27.000  1000.8721   2261.569     1.1174     -0.086    9.06149     4.1742     4.1764     0.8725   16.44723 3.6385e+01     -0.086 0.0000e+00
        110 303.411334    0.00757     0.4542     27.250  1000.8378   2177.956     1.0746     -0.085    9.06431     4.1722     4.1756     0.8382   16.45268 3.7853e+01     -0.086 0.0000e+00
        111 303.411337    0.00764     0.4583     27.500  1000.8072   2102.586     1.0365     -0.085    9.06698     4.1696     4.1742     0.8077   16.45780 3.9093e+01     -0.085 0.0000e+00
        112 303.411340    0.00771     0.4625     27.750  1000.7834   2042.338     1.0070     -0.085    9.06933     4.1666     4.1722     0.7839   16.46224 3.9836e+01     -0.085 0.0000e+00
        113 303.411343    0.00778     0.4667     28.000  1000.7670   1998.126     0.9867     -0.084    9.07130     4.1640     4.1696     0.7675   16.46593 4.0217e+01     -0.084 0.0000e+00
        114 303.411345    0.00785     0.4708     28.250  1000.7598   1973.078     0.9781     -0.083    9.07271     4.1627     4.1666     0.7603   16.46849 4.0238e+01     -0.084 0.0000e+00
        115 303.411348    0.00792     0.4750     28.500  1000.7669   1977.461     0.9875     -0.083    9.07305     4.1636     4.1640     0.7673   16.46901 3.9830e+01     -0.083 0.0000e+00
        116 303.411351    0.00799     0.4792     28.750  1000.7967   2028.768     1.0257     -0.082    9.07155     4.1683     4.1627     0.7971   16.46603 3.9062e+01     -0.082 0.0000e+00
        117 303.411354    0.00806     0.4833     29.000  1000.8641   2157.314     1.1115     -0.080    9.06695     4.1790     4.1636     0.8646   16.45716 3.7988e+01     -0.080 0.0000e+00
        118 303.411357    0.00813     0.4875     29.250  1000.9953   2417.256     1.2779     -0.076    9.05709     4.1989     4.1683     0.9957   16.43832 3.6683e+01     -0.076 0.0000e+00
        119 303.411360    0.00819     0.4917     29.500  1001.2318   2894.448     1.5776     -0.069    9.03860     4.2332     4.1790     1.2322   16.40309 3.5256e+01     -0.069 0.0000e+00
        120 303.411363    0.00826     0.4958     29.750  1001.6418   3728.249     2.0967     -0.057    9.00610     4.2902     4.1989     1.6420   16.34123 3.3844e+01     -0.058 0.0000e+00
        121 303.411366    0.00833     0.5000     30.000  1002.3398   5154.306     2.9803     -0.039    8.95057     4.3845     4.2332     2.3400   16.23553 3.2535e+01     -0.039 0.0000e+00
        122 303.411369    0.00840     0.5042     30.250  1003.5162   7562.693     4.4692     -0.009    8.85704     4.5405     4.2902     3.5163   16.05746 3.0973e+01     -0.009 0.0000e+00
        123 303.411372    0.00847     0.5083     30.500  1005.4841  11594.448     6.9597      0.040    8.70078     4.7964     4.3845     5.4839   15.75991 2.8750e+01      0.041 0.0000e+00
        124 303.411374    0.00854     0.5125     30.750  1008.7653  18317.808    11.1124      0.122    8.44051     5.1681     4.5405     8.7648   15.26421 2.5824e+01      0.123 0.0000e+00
        125 303.411377    0.00861     0.5167     31.000  1013.0862  27130.916    16.5877      0.248    8.08984     5.5998     4.7964    13.0850   14.59882 2.2052e+01      0.250 0.0000e+00
        126 303.411380    0.00868     0.5208     31.250  1016.8914  34828.334    21.4291      0.409    7.75617     6.0007     5.1681    16.8895   13.97227 1.7680e+01      0.413 0.0000e+00
        127 303.411383    0.00875     0.5250     31.500  1019.2703  39617.889    24.4823      0.577    7.51185     6.3171     5.5998    19.2676   13.52123 1.4003e+01      0.582 0.0000e+00
        128 303.411386    0.00882     0.5292     31.750  1020.5715  42251.093    26.1746      0.725    7.34787     6.5417     6.0007    20.5681   13.22365 1.1958e+01      0.731 0.0000e+00
        129 303.411389    0.00889     0.5333     32.000  1021.2782  43691.825    27.1072      0.841    7.24069     6.6897     6.3172    21.2743   13.03160 1.1353e+01      0.849 0.0000e+00
        130 303.411392    0.00896     0.5375     32.250  1021.6690  44494.262    27.6299      0.927    7.17236     6.7846     6.5418    21.6647   12.91020 1.1456e+01      0.936 0.0000e+00
        131 303.411395    0.00903     0.5417     32.500  1021.8979  44965.132    27.9383      0.996    7.12941     6.8498     6.6898    21.8933   12.83419 1.1329e+01      1.005 0.0000e+00
        132 303.411398    0.00910     0.5458     32.750  1022.0458  45266.905    28.1375      1.071    7.10199     6.9022     6.7846    22.0408   12.78568 1.0440e+01      1.080 0.0000e+00
        133 303.411400    0.00917     0.5500     33.000  1022.1447  45466.423    28.2709      1.172    7.08352     6.9472     6.8499    22.1393   12.75304 9.1128e+00      1.182 0.0000e+00
        134 303.411403    0.00924     0.5542     33.250  1022.1989  45576.021    28.3460      1.299    7.07050     6.9835     6.9023    22.1929   12.73030 7.9684e+00      1.311 0.0000e+00
        135 303.411406    0.00931     0.5583     33.500  1022.2147  45610.296    28.3716      1.432    7.06136     7.0093     6.9473    22.2080   12.71472 7.2357e+00      1.446 0.0000e+00
        136 303.411409    0.00937     0.5625     33.750  1022.2052  45595.510    28.3641      1.551    7.05540     7.0245     6.9836    22.1980   12.70487 6.8689e+00      1.566 0.0000e+00
        137 303.411412    0.00944     0.5667     34.000  1022.1812  45552.574    28.3369      1.639    7.05222     7.0300     7.0095    22.1736   12.69991 6.8521e+00      1.654 0.0000e+00
        138 303.411415    0.00951     0.5708     34.250  1022.1549  45504.742    28.3053      1.684    7.05106     7.0279     7.0247    22.1470   12.69837 7.2063e+00      1.700 0.0000e+00
        139 303.411418    0.00958     0.5750     34.500  1022.1398  45477.544    28.2869      1.682    7.05094     7.0229     7.0302    22.1319   12.69839 7.9128e+00      1.698 0.0000e+00
        140 303.411421    0.00965     0.5792     34.750  1022.1428  45484.031    28.2907      1.634    7.05107     7.0206     7.0280    22.1352   12.69855 8.8654e+00      1.649 0.0000e+00
        141 303.411424    0.00972     0.5833     35.000  1022.1638  45523.703    28.3169      1.553    7.05065     7.0236     7.0230    22.1565   12.69752 9.8710e+00      1.567 0.0000e+00
        142 303.411427    0.00979     0.5875     35.250  1022.1935  45579.710    28.3549      1.462    7.04925     7.0311     7.0207    22.1866   12.69472 1.0645e+01      1.476 0.0000e+00
        143 303.411429    0.00986     0.5917     35.500  1022.2192  45628.131    28.3886      1.392    7.04719     7.0410     7.0237    22.2127   12.69087 1.0950e+01      1.405 0.0000e+00
        144 303.411432    0.00993     0.5958     35.750  1022.2349  45657.529    28.4099      1.364    7.04497     7.0513     7.0312    22.2286   12.68692 1.0799e+01      1.377 0.0000e+00
        145 303.411435    0.01000     0.6000     36.000  1022.2405  45667.694    28.4183      1.384    7.04295     7.0603     7.0411    22.2340   12.68346 1.0348e+01      1.397 0.0000e+00
        146 303.411438    0.01007     0.6042     36.250  1022.2382  45663.096    28.4167      1.439    7.04134     7.0671     7.0514    22.2314   12.68081 9.7650e+00      1.452 0.0000e+00
        147 303.411441    0.01014     0.6083     36.500  1022.2315  45650.291    28.4093      1.509    7.04021     7.0718     7.0604    22.2245   12.67904 9.2263e+00      1.524 0.0000e+00
        148 303.411444    0.01021     0.6125     36.750  1022.2234  45634.714    28.3996      1.575    7.03954     7.0747     7.0673    22.2160   12.67804 8.8651e+00      1.591 0.0000e+00
        149 303.411447    0.01028     0.6167     37.000  1022.2154  45619.535    28.3899      1.623    7.03922     7.0764     7.0720    22.2078   12.67763 8.7430e+00      1.639 0.0000e+00
        150 303.411450    0.01035     0.6208     37.250  1022.2092  45607.898    28.3823      1.642    7.03909     7.0774     7.0749    22.2015   12.67753 8.8678e+00      1.658 0.0000e+00
        151 303.411453    0.01042     0.6250     37.500  1022.2071  45604.125    28.3800      1.630    7.03893     7.0778     7.0765    22.1995   12.67728 9.1849e+00      1.646 0.0000e+00
        152 303.411455    0.01049     0.6292     37.750  1022.2095  45608.989    28.3835      1.593    7.03861     7.0777     7.0775    22.2021   12.67671 9.5964e+00      1.609 0.0000e+00
        153 303.411458    0.01056     0.6333     38.000  1022.2141  45617.852    28.3896      1.543    7.03825     7.0775     7.0779    22.2069   12.67604 9.9868e+00      1.558 0.0000e+00
        154 303.411461    0.01063     0.6375     38.250  1022.2183  45626.092    28.3953      1.493    7.03800     7.0775     7.0778    22.2114   12.67556 1.0242e+01      1.507 0.0000e+00
        155 303.411464    0.01069     0.6417     38.500  1022.2208  45630.887    28.3986      1.456    7.03788     7.0776     7.0776    22.2140   12.67532 1.0314e+01      1.470 0.0000e+00
        156 303.411467    0.01076     0.6458     38.750  1022.2204  45630.328    28.3982      1.438    7.03790     7.0778     7.0776    22.2137   12.67535 1.0240e+01      1.452 0.0000e+00
        157 303.411470    0.01083     0.6500     39.000  1022.2173  45624.519    28.3943      1.440    7.03807     7.0778     7.0777    22.2105   12.67567 1.0079e+01      1.454 0.0000e+00
        158 303.411473    0.01090     0.6542     39.250  1022.2130  45616.544    28.3888      1.457    7.03830     7.0778     7.0779    22.2062   12.67613 9.8783e+00      1.471 0.0000e+00
        159 303.411476    0.01097     0.6583     39.500  1022.2103  45611.268    28.3852      1.481    7.03845     7.0777     7.0779    22.2034   12.67644 9.6639e+00      1.495 0.0000e+00
        160 303.411479    0.01104     0.6625     39.750  1022.2107  45611.831    28.3855      1.506    7.03844     7.0776     7.0779    22.2037   12.67640 9.4619e+00      1.521 0.0000e+00
        161 303.411481    0.01111     0.6667     40.000  1022.2136  45616.980    28.3891      1.527    7.03829     7.0773     7.0778    22.2064   12.67611 9.3252e+00      1.541 0.0000e+00
        162 303.411484    0.01118     0.6708     40.250  1022.2166  45622.473    28.3928      1.538    7.03814     7.0770     7.0777    22.2094   12.67583 9.3036e+00      1.552 0.0000e+00
        163 303.411487    0.01125     0.6750     40.500  1022.2183  45625.695    28.3950      1.537    7.03809     7.0770     7.0774    22.2111   12.67570 9.4029e+00      1.552 0.0000e+00
        164 303.411490    0.01132     0.6792     40.750  1022.2191  45627.144    28.3959      1.524    7.03808     7.0773     7.0772    22.2119   12.67568 9.5917e+00      1.539 0.0000e+00
        165 303.411493    0.01139     0.6833     41.000  1022.2199  45628.901    28.3971      1.502    7.03803     7.0776     7.0771    22.2129   12.67558 9.8411e+00      1.516 0.0000e+00
        166 303.411496    0.01146     0.6875     41.250  1022.2217  45632.471    28.3996      1.473    7.03788     7.0778     7.0774    22.2148   12.67529 1.0148e+01      1.487 0.0000e+00
        167 303.411499    0.01153     0.6917     41.500  1022.2240  45636.977    28.4028      1.443    7.03767     7.0775     7.0778    22.2173   12.67491 1.0483e+01      1.457 0.0000e+00
        168 303.411502    0.01160     0.6958     41.750  1022.2257  45640.342    28.4051      1.420    7.03754     7.0769     7.0779    22.2191   12.67466 1.0729e+01      1.434 0.0000e+00
        169 303.411505    0.01167     0.7000     42.000  1022.2263  45641.405    28.4058      1.410    7.03755     7.0763     7.0776    22.2196   12.67468 1.0754e+01      1.424 0.0000e+00
        170 303.411508    0.01174     0.7042     42.250  1022.2254  45639.747    28.4046      1.418    7.03770     7.0754     7.0771    22.2187   12.67494 1.0525e+01      1.431 0.0000e+00
