CTD-processing/allCTD/CNV--homogene/2012-10-29-cookinlet-tran4-cast062-s10.cnv
* Sea-Bird SBE19plus Data File:
* FileName = C:\Documents and Settings\kris.holderied.local\My Documents\2012-CTD-DATA-new-files\2012-10-CookInlet-LTM\2012-10-29-LTM-CookInlet-Tran4-Barabara\2012-10-29-CookInlet-Tran4-Barabara-cast062.hex
* Software Version 1.54
* Temperature SN =  4141
* Conductivity SN =  4141
* System UpLoad Time = Nov 20 2012 18:42:39
** Cook Inlet EVOSTC Transect 4 Barabara north to south
** Date:  29 Oct 2012
** Station:  4-10
** Start time (AKDT-24 hr):  1545
** Depth (m):  23
** Comment:
# nquan = 17
# nvalues = 595                         
# units = specified
# name 0 = scan: Scan Count
# name 1 = timeJ: Julian Days
# name 2 = timeH: Time, Elapsed [hours]
# name 3 = timeM: Time, Elapsed [minutes]
# name 4 = timeS: Time, Elapsed [seconds]
# name 5 = density00: Density [density, kg/m^3]
# name 6 = specc: Specific Conductance [uS/cm]
# name 7 = sal00: Salinity, Practical [PSU]
# name 8 = depSM: Depth [salt water, m], lat = 59.00
# name 9 = oxsolML/L: Oxygen Saturation, Garcia & Gordon [ml/l]
# name 10 = potemp090C: Potential Temperature [ITS-90, deg C]
# name 11 = tv290C: Temperature [ITS-90, deg C]
# name 12 = sigma-é00: Density [sigma-theta, kg/m^3]
# name 13 = n2satML/L: Nitrogen Saturation [ml/l]
# name 14 = par: PAR/Irradiance, Biospherical/Licor
# name 15 = prdM: Pressure, Strain Gauge [db]
# name 16 = flag:  0.000e+00
# span 0 =          1,        595       
# span 1 = 303.656563, 303.658281       
# span 2 =    0.00000,    0.04125       
# span 3 =     0.0000,     2.4750       
# span 4 =      0.000,    148.500       
# span 5 =  1000.6572,  1024.2140       
# span 6 =   1744.825,  49153.999       
# span 7 =     0.8484,    30.8491       
# span 8 =     -0.117,     21.603       
# span 9 =    6.89380,    9.20560       
# span 10 =     3.6348,     7.2756      
# span 11 =     3.6348,     7.2768      
# span 12 =     0.6578,    24.1262      
# span 13 =   12.40583,   16.69331      
# span 14 = 2.2094e+00, 5.1882e+02      
# span 15 =     -0.118,     21.808      
# span 16 = 0.0000e+00, 0.0000e+00      
# interval = seconds: 0.25
# start_time = Oct 29 2012 15:45:27 [Instrument's time stamp, header]
# bad_flag = -9.990e-29
*END*
[from data line 426]
        427 303.657795    0.02958     1.7750    106.500  1024.1179  49125.269    30.8422      1.615    6.89578     7.2663     7.2661    24.1105   12.40920 1.4072e+02      1.630 0.0000e+00
        428 303.657798    0.02965     1.7792    106.750  1024.1183  49125.885    30.8426      1.617    6.89576     7.2668     7.2661    24.1108   12.40915 1.5295e+02      1.633 0.0000e+00
        429 303.657801    0.02972     1.7833    107.000  1024.1186  49126.287    30.8430      1.644    6.89570     7.2674     7.2664    24.1110   12.40905 1.6421e+02      1.660 0.0000e+00
        430 303.657804    0.02979     1.7875    107.250  1024.1189  49126.466    30.8432      1.690    6.89561     7.2681     7.2669    24.1111   12.40890 1.7339e+02      1.706 0.0000e+00
        431 303.657807    0.02986     1.7917    107.500  1024.1190  49126.296    30.8432      1.739    6.89551     7.2687     7.2675    24.1110   12.40874 1.8266e+02      1.755 0.0000e+00
        432 303.657810    0.02993     1.7958    107.750  1024.1189  49125.748    30.8429      1.776    6.89542     7.2690     7.2682    24.1107   12.40859 1.9016e+02      1.792 0.0000e+00
        433 303.657812    0.03000     1.8000    108.000  1024.1186  49125.004    30.8424      1.792    6.89535     7.2692     7.2688    24.1102   12.40848 1.9288e+02      1.809 0.0000e+00
        434 303.657815    0.03007     1.8042    108.250  1024.1182  49124.335    30.8420      1.787    6.89530     7.2692     7.2692    24.1099   12.40841 1.8822e+02      1.804 0.0000e+00
        435 303.657818    0.03014     1.8083    108.500  1024.1178  49123.811    30.8417      1.766    6.89529     7.2689     7.2693    24.1096   12.40840 1.7572e+02      1.783 0.0000e+00
        436 303.657821    0.03021     1.8125    108.750  1024.1175  49123.425    30.8415      1.742    6.89531     7.2687     7.2693    24.1094   12.40843 1.5524e+02      1.758 0.0000e+00
        437 303.657824    0.03028     1.8167    109.000  1024.1175  49123.534    30.8415      1.731    6.89534     7.2686     7.2691    24.1094   12.40848 1.3304e+02      1.747 0.0000e+00
        438 303.657827    0.03035     1.8208    109.250  1024.1180  49124.365    30.8420      1.748    6.89536     7.2688     7.2688    24.1099   12.40850 1.1895e+02      1.765 0.0000e+00
        439 303.657830    0.03042     1.8250    109.500  1024.1188  49125.391    30.8427      1.793    6.89534     7.2692     7.2687    24.1104   12.40846 1.1246e+02      1.811 0.0000e+00
        440 303.657833    0.03049     1.8292    109.750  1024.1193  49125.845    30.8430      1.850    6.89529     7.2697     7.2690    24.1107   12.40838 1.0821e+02      1.867 0.0000e+00
        441 303.657836    0.03056     1.8333    110.000  1024.1193  49125.639    30.8429      1.894    6.89523     7.2700     7.2694    24.1106   12.40827 1.0567e+02      1.912 0.0000e+00
        442 303.657839    0.03062     1.8375    110.250  1024.1191  49125.098    30.8426      1.910    6.89517     7.2701     7.2698    24.1103   12.40818 1.0742e+02      1.929 0.0000e+00
        443 303.657841    0.03069     1.8417    110.500  1024.1187  49124.392    30.8422      1.895    6.89513     7.2700     7.2702    24.1099   12.40813 1.1346e+02      1.913 0.0000e+00
        444 303.657844    0.03076     1.8458    110.750  1024.1181  49123.666    30.8417      1.851    6.89514     7.2696     7.2703    24.1095   12.40814 1.2105e+02      1.869 0.0000e+00
        445 303.657847    0.03083     1.8500    111.000  1024.1175  49123.192    30.8414      1.789    6.89518     7.2692     7.2702    24.1092   12.40821 1.3004e+02      1.806 0.0000e+00
        446 303.657850    0.03090     1.8542    111.250  1024.1173  49123.222    30.8414      1.721    6.89523     7.2689     7.2698    24.1093   12.40830 1.4076e+02      1.738 0.0000e+00
        447 303.657853    0.03097     1.8583    111.500  1024.1173  49123.698    30.8417      1.663    6.89529     7.2689     7.2694    24.1095   12.40839 1.5146e+02      1.679 0.0000e+00
        448 303.657856    0.03104     1.8625    111.750  1024.1175  49124.374    30.8421      1.625    6.89531     7.2690     7.2691    24.1099   12.40843 1.6222e+02      1.641 0.0000e+00
        449 303.657859    0.03111     1.8667    112.000  1024.1178  49124.985    30.8425      1.615    6.89531     7.2692     7.2690    24.1103   12.40841 1.7384e+02      1.630 0.0000e+00
        450 303.657862    0.03118     1.8708    112.250  1024.1181  49125.364    30.8428      1.630    6.89528     7.2696     7.2691    24.1105   12.40836 1.8521e+02      1.645 0.0000e+00
        451 303.657865    0.03125     1.8750    112.500  1024.1183  49125.558    30.8429      1.662    6.89523     7.2699     7.2694    24.1106   12.40828 1.9087e+02      1.678 0.0000e+00
        452 303.657867    0.03132     1.8792    112.750  1024.1185  49125.556    30.8430      1.702    6.89517     7.2702     7.2697    24.1106   12.40818 1.8392e+02      1.718 0.0000e+00
        453 303.657870    0.03139     1.8833    113.000  1024.1185  49125.278    30.8428      1.738    6.89513     7.2703     7.2701    24.1104   12.40810 1.6844e+02      1.755 0.0000e+00
        454 303.657873    0.03146     1.8875    113.250  1024.1183  49124.755    30.8425      1.763    6.89510     7.2703     7.2703    24.1101   12.40806 1.5559e+02      1.779 0.0000e+00
        455 303.657876    0.03153     1.8917    113.500  1024.1179  49124.040    30.8420      1.770    6.89510     7.2700     7.2705    24.1097   12.40807 1.4869e+02      1.787 0.0000e+00
        456 303.657879    0.03160     1.8958    113.750  1024.1176  49123.403    30.8416      1.761    6.89513     7.2696     7.2704    24.1094   12.40813 1.4641e+02      1.778 0.0000e+00
        457 303.657882    0.03167     1.9000    114.000  1024.1174  49123.191    30.8414      1.744    6.89518     7.2693     7.2701    24.1092   12.40821 1.4970e+02      1.761 0.0000e+00
        458 303.657885    0.03174     1.9042    114.250  1024.1175  49123.480    30.8415      1.730    6.89523     7.2692     7.2698    24.1094   12.40829 1.5774e+02      1.747 0.0000e+00
        459 303.657888    0.03181     1.9083    114.500  1024.1179  49124.183    30.8420      1.731    6.89526     7.2693     7.2695    24.1098   12.40833 1.6456e+02      1.747 0.0000e+00
        460 303.657891    0.03188     1.9125    114.750  1024.1184  49125.076    30.8425      1.752    6.89525     7.2696     7.2694    24.1103   12.40832 1.6590e+02      1.768 0.0000e+00
        461 303.657894    0.03194     1.9167    115.000  1024.1189  49125.715    30.8430      1.791    6.89522     7.2700     7.2695    24.1106   12.40825 1.6878e+02      1.808 0.0000e+00
        462 303.657896    0.03201     1.9208    115.250  1024.1192  49125.754    30.8431      1.838    6.89516     7.2703     7.2698    24.1107   12.40815 1.7938e+02      1.855 0.0000e+00
        463 303.657899    0.03208     1.9250    115.500  1024.1192  49125.412    30.8429      1.879    6.89511     7.2705     7.2702    24.1105   12.40807 1.9183e+02      1.896 0.0000e+00
        464 303.657902    0.03215     1.9292    115.750  1024.1191  49125.142    30.8427      1.902    6.89506     7.2705     7.2705    24.1103   12.40800 2.0376e+02      1.920 0.0000e+00
        465 303.657905    0.03222     1.9333    116.000  1024.1190  49124.959    30.8426      1.899    6.89504     7.2704     7.2707    24.1102   12.40797 2.1821e+02      1.917 0.0000e+00
        466 303.657908    0.03229     1.9375    116.250  1024.1187  49124.631    30.8424      1.867    6.89505     7.2701     7.2707    24.1100   12.40798 2.2820e+02      1.885 0.0000e+00
        467 303.657911    0.03236     1.9417    116.500  1024.1182  49124.170    30.8421      1.812    6.89508     7.2698     7.2706    24.1098   12.40804 2.3035e+02      1.829 0.0000e+00
        468 303.657914    0.03243     1.9458    116.750  1024.1177  49123.785    30.8419      1.742    6.89513     7.2694     7.2703    24.1096   12.40813 2.3497e+02      1.758 0.0000e+00
        469 303.657917    0.03250     1.9500    117.000  1024.1174  49123.790    30.8418      1.675    6.89519     7.2691     7.2700    24.1096   12.40823 2.3463e+02      1.691 0.0000e+00
        470 303.657920    0.03257     1.9542    117.250  1024.1175  49124.416    30.8422      1.631    6.89524     7.2690     7.2696    24.1100   12.40830 2.1450e+02      1.647 0.0000e+00
        471 303.657922    0.03264     1.9583    117.500  1024.1181  49125.412    30.8428      1.627    6.89525     7.2691     7.2693    24.1105   12.40832 1.8618e+02      1.642 0.0000e+00
        472 303.657925    0.03271     1.9625    117.750  1024.1187  49126.216    30.8434      1.667    6.89524     7.2694     7.2692    24.1110   12.40830 1.6523e+02      1.683 0.0000e+00
        473 303.657928    0.03278     1.9667    118.000  1024.1192  49126.548    30.8436      1.745    6.89521     7.2696     7.2693    24.1111   12.40825 1.5230e+02      1.762 0.0000e+00
        474 303.657931    0.03285     1.9708    118.250  1024.1196  49126.464    30.8435      1.850    6.89518     7.2698     7.2696    24.1110   12.40819 1.4462e+02      1.868 0.0000e+00
        475 303.657934    0.03292     1.9750    118.500  1024.1199  49126.127    30.8433      1.970    6.89515     7.2698     7.2698    24.1108   12.40814 1.4128e+02      1.989 0.0000e+00
        476 303.657937    0.03299     1.9792    118.750  1024.1203  49125.759    30.8430      2.093    6.89514     7.2698     7.2700    24.1106   12.40813 1.3878e+02      2.113 0.0000e+00
        477 303.657940    0.03306     1.9833    119.000  1024.1206  49125.488    30.8428      2.210    6.89514     7.2697     7.2700    24.1104   12.40813 1.3429e+02      2.231 0.0000e+00
        478 303.657943    0.03313     1.9875    119.250  1024.1210  49125.304    30.8426      2.312    6.89515     7.2696     7.2700    24.1102   12.40815 1.2929e+02      2.334 0.0000e+00
        479 303.657946    0.03319     1.9917    119.500  1024.1213  49125.277    30.8425      2.396    6.89516     7.2696     7.2700    24.1102   12.40817 1.2505e+02      2.418 0.0000e+00
        480 303.657948    0.03326     1.9958    119.750  1024.1217  49125.463    30.8426      2.463    6.89517     7.2695     7.2699    24.1103   12.40818 1.2132e+02      2.486 0.0000e+00
        481 303.657951    0.03333     2.0000    120.000  1024.1221  49125.775    30.8428      2.523    6.89517     7.2695     7.2699    24.1104   12.40818 1.1736e+02      2.546 0.0000e+00
        482 303.657954    0.03340     2.0042    120.250  1024.1226  49126.082    30.8430      2.586    6.89516     7.2695     7.2698    24.1106   12.40817 1.1254e+02      2.610 0.0000e+00
        483 303.657957    0.03347     2.0083    120.500  1024.1231  49126.351    30.8431      2.663    6.89516     7.2695     7.2698    24.1107   12.40816 1.0727e+02      2.688 0.0000e+00
        484 303.657960    0.03354     2.0125    120.750  1024.1237  49126.660    30.8433      2.765    6.89516     7.2695     7.2697    24.1108   12.40816 1.0248e+02      2.791 0.0000e+00
        485 303.657963    0.03361     2.0167    121.000  1024.1243  49126.808    30.8433      2.898    6.89516     7.2695     7.2698    24.1108   12.40815 9.9021e+01      2.925 0.0000e+00
        486 303.657966    0.03368     2.0208    121.250  1024.1248  49126.538    30.8431      3.059    6.89516     7.2694     7.2698    24.1106   12.40816 9.6842e+01      3.088 0.0000e+00
        487 303.657969    0.03375     2.0250    121.500  1024.1254  49126.148    30.8427      3.243    6.89517     7.2693     7.2698    24.1104   12.40818 9.4859e+01      3.274 0.0000e+00
        488 303.657972    0.03382     2.0292    121.750  1024.1262  49126.028    30.8425      3.439    6.89519     7.2691     7.2698    24.1102   12.40822 9.2210e+01      3.471 0.0000e+00
        489 303.657975    0.03389     2.0333    122.000  1024.1271  49126.131    30.8425      3.637    6.89522     7.2689     7.2696    24.1102   12.40826 8.8253e+01      3.671 0.0000e+00
        490 303.657977    0.03396     2.0375    122.250  1024.1280  49126.320    30.8425      3.828    6.89525     7.2687     7.2695    24.1103   12.40831 8.3076e+01      3.864 0.0000e+00
        491 303.657980    0.03403     2.0417    122.500  1024.1289  49126.469    30.8425      4.005    6.89527     7.2686     7.2693    24.1103   12.40835 7.7579e+01      4.043 0.0000e+00
        492 303.657983    0.03410     2.0458    122.750  1024.1295  49126.374    30.8423      4.169    6.89530     7.2684     7.2691    24.1102   12.40840 7.2410e+01      4.208 0.0000e+00
        493 303.657986    0.03417     2.0500    123.000  1024.1300  49126.025    30.8420      4.319    6.89534     7.2682     7.2690    24.1099   12.40846 6.7676e+01      4.360 0.0000e+00
        494 303.657989    0.03424     2.0542    123.250  1024.1304  49125.657    30.8417      4.461    6.89538     7.2679     7.2688    24.1097   12.40854 6.3225e+01      4.503 0.0000e+00
        495 303.657992    0.03431     2.0583    123.500  1024.1308  49125.459    30.8414      4.595    6.89542     7.2677     7.2686    24.1095   12.40861 5.9116e+01      4.639 0.0000e+00
        496 303.657995    0.03438     2.0625    123.750  1024.1314  49125.479    30.8413      4.728    6.89546     7.2675     7.2684    24.1095   12.40868 5.5579e+01      4.772 0.0000e+00
        497 303.657998    0.03444     2.0667    124.000  1024.1320  49125.518    30.8413      4.865    6.89550     7.2673     7.2682    24.1094   12.40874 5.2597e+01      4.910 0.0000e+00
        498 303.658001    0.03451     2.0708    124.250  1024.1324  49125.130    30.8409      5.010    6.89554     7.2670     7.2680    24.1092   12.40882 5.0149e+01      5.057 0.0000e+00
        499 303.658003    0.03458     2.0750    124.500  1024.1327  49124.370    30.8403      5.169    6.89560     7.2666     7.2678    24.1087   12.40893 4.8469e+01      5.217 0.0000e+00
        500 303.658006    0.03465     2.0792    124.750  1024.1333  49124.106    30.8399      5.342    6.89567     7.2663     7.2675    24.1085   12.40904 4.7542e+01      5.393 0.0000e+00
        501 303.658009    0.03472     2.0833    125.000  1024.1344  49124.624    30.8401      5.529    6.89572     7.2661     7.2671    24.1087   12.40913 4.6853e+01      5.581 0.0000e+00
        502 303.658012    0.03479     2.0875    125.250  1024.1355  49125.168    30.8404      5.726    6.89576     7.2659     7.2668    24.1090   12.40919 4.6001e+01      5.780 0.0000e+00
        503 303.658015    0.03486     2.0917    125.500  1024.1364  49125.226    30.8403      5.926    6.89580     7.2656     7.2666    24.1089   12.40925 4.5024e+01      5.982 0.0000e+00
        504 303.658018    0.03493     2.0958    125.750  1024.1371  49124.795    30.8399      6.127    6.89585     7.2652     7.2664    24.1086   12.40934 4.3885e+01      6.184 0.0000e+00
        505 303.658021    0.03500     2.1000    126.000  1024.1376  49124.228    30.8393      6.326    6.89591     7.2649     7.2661    24.1082   12.40945 4.2412e+01      6.386 0.0000e+00
        506 303.658024    0.03507     2.1042    126.250  1024.1384  49124.088    30.8391      6.521    6.89597     7.2647     7.2658    24.1081   12.40955 4.0616e+01      6.583 0.0000e+00
        507 303.658027    0.03514     2.1083    126.500  1024.1394  49124.523    30.8393      6.709    6.89601     7.2646     7.2655    24.1083   12.40961 3.8609e+01      6.773 0.0000e+00
        508 303.658030    0.03521     2.1125    126.750  1024.1405  49125.089    30.8396      6.890    6.89603     7.2645     7.2653    24.1085   12.40965 3.6543e+01      6.956 0.0000e+00
        509 303.658032    0.03528     2.1167    127.000  1024.1415  49125.426    30.8397      7.069    6.89604     7.2645     7.2652    24.1087   12.40967 3.4574e+01      7.136 0.0000e+00
        510 303.658035    0.03535     2.1208    127.250  1024.1425  49125.851    30.8399      7.250    6.89604     7.2647     7.2651    24.1088   12.40966 3.2753e+01      7.319 0.0000e+00
