CTD-processing/allCTD/CNV--homogene/2012_10-28_t6_s07_cast022.cnv
* Sea-Bird SBE19plus Data File:
* FileName = C:\Documents and Settings\kris.holderied.local\My Documents\2012-10-CookInlet-Ocean-LTM\2012-10-28-EVOSTC-CookInletOcean-Tran6-Douglas\2012-10-28-CookInletOcean-Tran6-cast022.hex
* Software Version 1.54
* Temperature SN =  4141
* Conductivity SN =  4141
* System UpLoad Time = Oct 28 2012 19:50:19
** Cook Inlet EVOSTC Transect 6 Douglas line west to east
** Date:   28 Oct 2012
** Station:  6-07
** Start time (AKDT-24 hr):  1641
** Depth (m):  133
** Comment:
# nquan = 17
# nvalues = 697                         
# units = specified
# name 0 = scan: Scan Count
# name 1 = timeJ: Julian Days
# name 2 = timeH: Time, Elapsed [hours]
# name 3 = timeM: Time, Elapsed [minutes]
# name 4 = timeS: Time, Elapsed [seconds]
# name 5 = density00: Density [density, kg/m^3]
# name 6 = specc: Specific Conductance [uS/cm]
# name 7 = sal00: Salinity, Practical [PSU]
# name 8 = depSM: Depth [salt water, m], lat = 59.00
# name 9 = oxsolML/L: Oxygen Saturation, Garcia & Gordon [ml/l]
# name 10 = potemp090C: Potential Temperature [ITS-90, deg C]
# name 11 = tv290C: Temperature [ITS-90, deg C]
# name 12 = sigma-é00: Density [sigma-theta, kg/m^3]
# name 13 = n2satML/L: Nitrogen Saturation [ml/l]
# name 14 = par: PAR/Irradiance, Biospherical/Licor
# name 15 = prdM: Pressure, Strain Gauge [db]
# name 16 = flag:  0.000e+00
# span 0 =          1,        697       
# span 1 = 302.694699, 302.696713       
# span 2 =    0.00000,    0.04833       
# span 3 =     0.0000,     2.9000       
# span 4 =      0.000,    174.000       
# span 5 =  1000.3725,  1025.6030       
# span 6 =   1094.077,  50982.142       
# span 7 =     0.5314,    32.1597       
# span 8 =     -0.055,    111.677       
# span 9 =    6.64657,    8.71711       
# span 10 =     5.7370,     8.7849      
# span 11 =     5.7370,     8.7867      
# span 12 =     0.3727,    25.0873      
# span 13 =   11.99131,   15.87867      
# span 14 = 3.6382e-02, 1.3416e+02      
# span 15 =     -0.056,    112.761      
# span 16 = 0.0000e+00, 0.0000e+00      
# interval = seconds: 0.25
# start_time = Oct 28 2012 16:40:22 [Instrument's time stamp, header]
# bad_flag = -9.990e-29
*END*
[from data line 341]
        342 302.695686    0.02368     1.4208     85.250  1023.6319  48257.276    30.4012      2.598    6.75221     8.3132     8.3151    23.6200   12.17709 9.5415e+01      2.623 0.0000e+00
        343 302.695689    0.02375     1.4250     85.500  1023.6316  48256.922    30.4009      2.558    6.75235     8.3124     8.3143    23.6198   12.17733 9.9191e+01      2.582 0.0000e+00
        344 302.695692    0.02382     1.4292     85.750  1023.6314  48257.124    30.4009      2.480    6.75248     8.3117     8.3134    23.6200   12.17754 1.0520e+02      2.503 0.0000e+00
        345 302.695694    0.02389     1.4333     86.000  1023.6312  48257.426    30.4010      2.381    6.75259     8.3111     8.3126    23.6202   12.17773 1.1220e+02      2.403 0.0000e+00
        346 302.695697    0.02396     1.4375     86.250  1023.6308  48257.391    30.4010      2.283    6.75270     8.3106     8.3119    23.6202   12.17791 1.1811e+02      2.304 0.0000e+00
        347 302.695700    0.02403     1.4417     86.500  1023.6303  48257.116    30.4007      2.207    6.75281     8.3100     8.3113    23.6201   12.17809 1.2075e+02      2.228 0.0000e+00
        348 302.695703    0.02410     1.4458     86.750  1023.6301  48256.949    30.4005      2.170    6.75290     8.3095     8.3108    23.6200   12.17825 1.1880e+02      2.190 0.0000e+00
        349 302.695706    0.02417     1.4500     87.000  1023.6302  48257.014    30.4005      2.185    6.75299     8.3092     8.3102    23.6201   12.17840 1.1262e+02      2.205 0.0000e+00
        350 302.695709    0.02424     1.4542     87.250  1023.6307  48257.258    30.4006      2.258    6.75306     8.3090     8.3097    23.6202   12.17851 1.0444e+02      2.279 0.0000e+00
        351 302.695712    0.02431     1.4583     87.500  1023.6315  48257.684    30.4008      2.389    6.75311     8.3089     8.3094    23.6204   12.17858 9.6344e+01      2.412 0.0000e+00
        352 302.695715    0.02438     1.4625     87.750  1023.6325  48258.081    30.4010      2.568    6.75313     8.3089     8.3092    23.6206   12.17861 8.9174e+01      2.593 0.0000e+00
        353 302.695718    0.02444     1.4667     88.000  1023.6334  48258.051    30.4008      2.781    6.75314     8.3088     8.3092    23.6205   12.17863 8.3513e+01      2.807 0.0000e+00
        354 302.695720    0.02451     1.4708     88.250  1023.6341  48257.623    30.4004      3.010    6.75316     8.3086     8.3091    23.6202   12.17867 7.9058e+01      3.038 0.0000e+00
        355 302.695723    0.02458     1.4750     88.500  1023.6348  48257.130    30.3999      3.239    6.75319     8.3083     8.3091    23.6199   12.17873 7.5030e+01      3.269 0.0000e+00
        356 302.695726    0.02465     1.4792     88.750  1023.6353  48256.373    30.3993      3.455    6.75324     8.3078     8.3089    23.6194   12.17882 7.1844e+01      3.487 0.0000e+00
        357 302.695729    0.02472     1.4833     89.000  1023.6356  48255.285    30.3984      3.652    6.75332     8.3072     8.3087    23.6187   12.17896 7.0226e+01      3.687 0.0000e+00
        358 302.695732    0.02479     1.4875     89.250  1023.6360  48254.639    30.3978      3.830    6.75342     8.3068     8.3082    23.6183   12.17913 6.9920e+01      3.866 0.0000e+00
        359 302.695735    0.02486     1.4917     89.500  1023.6369  48254.868    30.3978      3.991    6.75350     8.3065     8.3076    23.6184   12.17927 7.0160e+01      4.029 0.0000e+00
        360 302.695738    0.02493     1.4958     89.750  1023.6381  48255.857    30.3984      4.143    6.75355     8.3066     8.3072    23.6189   12.17934 7.0111e+01      4.182 0.0000e+00
        361 302.695741    0.02500     1.5000     90.000  1023.6397  48257.521    30.3994      4.297    6.75354     8.3071     8.3069    23.6198   12.17931 6.9375e+01      4.338 0.0000e+00
        362 302.695744    0.02507     1.5042     90.250  1023.6417  48259.858    30.4010      4.466    6.75345     8.3080     8.3070    23.6210   12.17915 6.8287e+01      4.508 0.0000e+00
        363 302.695747    0.02514     1.5083     90.500  1023.6443  48263.189    30.4033      4.661    6.75328     8.3098     8.3075    23.6228   12.17883 6.6798e+01      4.705 0.0000e+00
        364 302.695749    0.02521     1.5125     90.750  1023.6481  48268.382    30.4070      4.893    6.75296     8.3127     8.3085    23.6255   12.17827 6.4100e+01      4.939 0.0000e+00
        365 302.695752    0.02528     1.5167     91.000  1023.6534  48276.135    30.4125      5.167    6.75245     8.3169     8.3103    23.6296   12.17735 6.0002e+01      5.216 0.0000e+00
        366 302.695755    0.02535     1.5208     91.250  1023.6599  48285.564    30.4194      5.488    6.75170     8.3223     8.3132    23.6345   12.17603 5.5069e+01      5.539 0.0000e+00
        367 302.695758    0.02542     1.5250     91.500  1023.6666  48295.241    30.4266      5.845    6.75074     8.3289     8.3174    23.6396   12.17435 4.9902e+01      5.900 0.0000e+00
        368 302.695761    0.02549     1.5292     91.750  1023.6739  48305.896    30.4347      6.223    6.74956     8.3370     8.3229    23.6451   12.17230 4.5322e+01      6.281 0.0000e+00
        369 302.695764    0.02556     1.5333     92.000  1023.6821  48318.218    30.4441      6.606    6.74813     8.3463     8.3295    23.6516   12.16981 4.1908e+01      6.668 0.0000e+00
        370 302.695767    0.02562     1.5375     92.250  1023.6901  48330.336    30.4535      6.982    6.74648     8.3562     8.3377    23.6578   12.16695 3.9647e+01      7.048 0.0000e+00
        371 302.695770    0.02569     1.5417     92.500  1023.6963  48339.438    30.4611      7.338    6.74472     8.3652     8.3471    23.6624   12.16394 3.8017e+01      7.407 0.0000e+00
        372 302.695773    0.02576     1.5458     92.750  1023.6992  48342.745    30.4647      7.668    6.74306     8.3723     8.3569    23.6638   12.16115 3.6378e+01      7.740 0.0000e+00
        373 302.695775    0.02583     1.5500     93.000  1023.6983  48339.268    30.4634      7.967    6.74173     8.3766     8.3660    23.6615   12.15897 3.4672e+01      8.043 0.0000e+00
        374 302.695778    0.02590     1.5542     93.250  1023.6948  48331.163    30.4587      8.237    6.74086     8.3785     8.3730    23.6568   12.15759 3.3181e+01      8.315 0.0000e+00
        375 302.695781    0.02597     1.5583     93.500  1023.6910  48322.398    30.4531      8.480    6.74044     8.3787     8.3774    23.6518   12.15696 3.1971e+01      8.560 0.0000e+00
        376 302.695784    0.02604     1.5625     93.750  1023.6887  48316.538    30.4492      8.704    6.74032     8.3784     8.3793    23.6485   12.15681 3.0991e+01      8.786 0.0000e+00
        377 302.695787    0.02611     1.5667     94.000  1023.6895  48316.332    30.4490      8.919    6.74030     8.3790     8.3795    23.6483   12.15678 3.0252e+01      9.004 0.0000e+00
        378 302.695790    0.02618     1.5708     94.250  1023.6947  48324.159    30.4544      9.137    6.74012     8.3819     8.3792    23.6525   12.15641 2.9689e+01      9.224 0.0000e+00
        379 302.695793    0.02625     1.5750     94.500  1023.7050  48341.191    30.4663      9.371    6.73951     8.3882     8.3799    23.6617   12.15524 2.9131e+01      9.459 0.0000e+00
        380 302.695796    0.02632     1.5792     94.750  1023.7207  48368.008    30.4853      9.631    6.73823     8.3995     8.3828    23.6762   12.15290 2.8389e+01      9.722 0.0000e+00
        381 302.695799    0.02639     1.5833     95.000  1023.7447  48410.044    30.5154      9.926    6.73594     8.4181     8.3892    23.6989   12.14875 2.7324e+01     10.020 0.0000e+00
        382 302.695802    0.02646     1.5875     95.250  1023.7812  48474.761    30.5621     10.261    6.73218     8.4444     8.4005    23.7338   12.14195 2.5965e+01     10.358 0.0000e+00
        383 302.695804    0.02653     1.5917     95.500  1023.8241  48551.417    30.6182     10.631    6.72691     8.4753     8.4192    23.7751   12.13253 2.4466e+01     10.732 0.0000e+00
        384 302.695807    0.02660     1.5958     95.750  1023.8599  48615.219    30.6664     11.028    6.72081     8.5067     8.4455    23.8090   12.12184 2.2973e+01     11.132 0.0000e+00
        385 302.695810    0.02667     1.6000     96.000  1023.8853  48660.291    30.7022     11.437    6.71458     8.5372     8.4764    23.8326   12.11108 2.1579e+01     11.545 0.0000e+00
        386 302.695813    0.02674     1.6042     96.250  1023.9068  48698.179    30.7331     11.842    6.70848     8.5671     8.5079    23.8522   12.10060 2.0336e+01     11.954 0.0000e+00
        387 302.695816    0.02681     1.6083     96.500  1023.9285  48736.664    30.7643     12.227    6.70252     8.5983     8.5384    23.8721   12.09036 1.9286e+01     12.342 0.0000e+00
        388 302.695819    0.02688     1.6125     96.750  1023.9538  48781.946    30.8001     12.581    6.69645     8.6305     8.5684    23.8958   12.07986 1.8408e+01     12.700 0.0000e+00
        389 302.695822    0.02694     1.6167     97.000  1023.9834  48835.446    30.8419     12.906    6.68994     8.6601     8.5996    23.9240   12.06857 1.7623e+01     13.028 0.0000e+00
        390 302.695825    0.02701     1.6208     97.250  1024.0112  48885.798    30.8817     13.203    6.68337     8.6851     8.6318    23.9503   12.05722 1.6907e+01     13.328 0.0000e+00
        391 302.695828    0.02708     1.6250     97.500  1024.0318  48923.165    30.9120     13.474    6.67761     8.7059     8.6615    23.9697   12.04731 1.6281e+01     13.601 0.0000e+00
        392 302.695830    0.02715     1.6292     97.750  1024.0470  48950.544    30.9347     13.738    6.67289     8.7236     8.6865    23.9837   12.03921 1.5731e+01     13.868 0.0000e+00
        393 302.695833    0.02722     1.6333     98.000  1024.0612  48975.678    30.9551     14.018    6.66888     8.7392     8.7074    23.9966   12.03232 1.5220e+01     14.151 0.0000e+00
        394 302.695836    0.02729     1.6375     98.250  1024.0763  49001.972    30.9760     14.328    6.66533     8.7530     8.7251    24.0103   12.02619 1.4710e+01     14.463 0.0000e+00
        395 302.695839    0.02736     1.6417     98.500  1024.0912  49027.496    30.9959     14.668    6.66214     8.7646     8.7406    24.0236   12.02067 1.4183e+01     14.806 0.0000e+00
        396 302.695842    0.02743     1.6458     98.750  1024.1044  49049.619    31.0132     15.031    6.65933     8.7735     8.7545    24.0351   12.01580 1.3632e+01     15.174 0.0000e+00
        397 302.695845    0.02750     1.6500     99.000  1024.1158  49068.344    31.0279     15.407    6.65695     8.7796     8.7662    24.0449   12.01169 1.3061e+01     15.553 0.0000e+00
        398 302.695848    0.02757     1.6542     99.250  1024.1267  49085.923    31.0413     15.782    6.65504     8.7831     8.7751    24.0540   12.00836 1.2492e+01     15.932 0.0000e+00
        399 302.695851    0.02764     1.6583     99.500  1024.1388  49105.529    31.0558     16.151    6.65351     8.7848     8.7812    24.0644   12.00566 1.1956e+01     16.305 0.0000e+00
        400 302.695854    0.02771     1.6625     99.750  1024.1532  49129.252    31.0727     16.509    6.65224     8.7849     8.7848    24.0772   12.00335 1.1464e+01     16.666 0.0000e+00
        401 302.695856    0.02778     1.6667    100.000  1024.1696  49156.612    31.0920     16.854    6.65116     8.7841     8.7865    24.0920   12.00132 1.1004e+01     17.014 0.0000e+00
        402 302.695859    0.02785     1.6708    100.250  1024.1873  49186.241    31.1127     17.187    6.65024     8.7827     8.7867    24.1082   11.99955 1.0567e+01     17.350 0.0000e+00
        403 302.695862    0.02792     1.6750    100.500  1024.2054  49216.633    31.1337     17.516    6.64945     8.7809     8.7859    24.1248   11.99798 1.0156e+01     17.682 0.0000e+00
        404 302.695865    0.02799     1.6792    100.750  1024.2224  49244.921    31.1532     17.850    6.64881     8.7787     8.7845    24.1402   11.99669 9.7702e+00     18.019 0.0000e+00
        405 302.695868    0.02806     1.6833    101.000  1024.2374  49269.463    31.1700     18.196    6.64836     8.7760     8.7827    24.1537   11.99573 9.3990e+00     18.369 0.0000e+00
        406 302.695871    0.02813     1.6875    101.250  1024.2516  49292.209    31.1855     18.562    6.64802     8.7731     8.7805    24.1661   11.99498 9.0344e+00     18.738 0.0000e+00
        407 302.695874    0.02819     1.6917    101.500  1024.2666  49316.438    31.2019     18.949    6.64769     8.7701     8.7780    24.1794   11.99424 8.6782e+00     19.129 0.0000e+00
        408 302.695877    0.02826     1.6958    101.750  1024.2830  49342.962    31.2199     19.353    6.64734     8.7666     8.7751    24.1939   11.99344 8.3413e+00     19.537 0.0000e+00
        409 302.695880    0.02833     1.7000    102.000  1024.2996  49369.675    31.2381     19.768    6.64701     8.7626     8.7721    24.2086   11.99267 8.0319e+00     19.955 0.0000e+00
        410 302.695883    0.02840     1.7042    102.250  1024.3159  49395.988    31.2558     20.185    6.64675     8.7575     8.7687    24.2230   11.99202 7.7435e+00     20.376 0.0000e+00
        411 302.695885    0.02847     1.7083    102.500  1024.3325  49422.791    31.2738     20.596    6.64657     8.7512     8.7647    24.2377   11.99151 7.4617e+00     20.791 0.0000e+00
        412 302.695888    0.02854     1.7125    102.750  1024.3484  49448.450    31.2909     20.993    6.64658     8.7433     8.7597    24.2519   11.99131 7.1811e+00     21.192 0.0000e+00
        413 302.695891    0.02861     1.7167    103.000  1024.3621  49470.020    31.3050     21.372    6.64691     8.7330     8.7534    24.2638   11.99168 6.9079e+00     21.575 0.0000e+00
        414 302.695894    0.02868     1.7208    103.250  1024.3727  49485.835    31.3148     21.735    6.64766     8.7196     8.7455    24.2726   11.99282 6.6502e+00     21.941 0.0000e+00
        415 302.695897    0.02875     1.7250    103.500  1024.3805  49496.733    31.3208     22.086    6.64894     8.7037     8.7352    24.2789   11.99485 6.4111e+00     22.295 0.0000e+00
        416 302.695900    0.02882     1.7292    103.750  1024.3883  49507.326    31.3262     22.428    6.65069     8.6873     8.7219    24.2851   11.99769 6.1845e+00     22.641 0.0000e+00
        417 302.695903    0.02889     1.7333    104.000  1024.3981  49521.625    31.3338     22.769    6.65273     8.6725     8.7060    24.2934   12.00097 5.9600e+00     22.986 0.0000e+00
        418 302.695906    0.02896     1.7375    104.250  1024.4093  49538.162    31.3428     23.117    6.65477     8.6599     8.6897    24.3029   12.00424 5.7309e+00     23.337 0.0000e+00
        419 302.695909    0.02903     1.7417    104.500  1024.4197  49553.378    31.3512     23.481    6.65662     8.6493     8.6749    24.3117   12.00719 5.4940e+00     23.704 0.0000e+00
        420 302.695911    0.02910     1.7458    104.750  1024.4287  49565.865    31.3579     23.870    6.65821     8.6403     8.6623    24.3188   12.00974 5.2489e+00     24.097 0.0000e+00
        421 302.695914    0.02917     1.7500    105.000  1024.4363  49575.807    31.3631     24.289    6.65955     8.6321     8.6517    24.3245   12.01190 5.0005e+00     24.519 0.0000e+00
        422 302.695917    0.02924     1.7542    105.250  1024.4425  49582.918    31.3666     24.738    6.66074     8.6239     8.6427    24.3286   12.01383 4.7543e+00     24.973 0.0000e+00
        423 302.695920    0.02931     1.7583    105.500  1024.4467  49586.438    31.3677     25.215    6.66190     8.6142     8.6347    24.3306   12.01573 4.5135e+00     25.455 0.0000e+00
        424 302.695923    0.02937     1.7625    105.750  1024.4489  49586.095    31.3660     25.714    6.66319     8.6020     8.6265    24.3305   12.01790 4.2822e+00     25.958 0.0000e+00
        425 302.695926    0.02944     1.7667    106.000  1024.4499  49583.261    31.3624     26.226    6.66479     8.5868     8.6168    24.3291   12.02059 4.0642e+00     26.475 0.0000e+00
