CTD-processing/allCTD/CNV--homogene/2012_09-21_t9_s01_repeat3_cast173.cnv
* Sea-Bird SBE19plus Data File:
* FileName = C:\Documents and Settings\kris.holderied.local\My Documents\2012-CTD-DATA-new-files\2012-09-21-CTD-HomerSpit-tide-time-series-KBRRctd\2012-09-21-CTD-HomerSpit-tide-repeat3\2012-09-21-HomerSpit-tide-repeat3-cast173.hex
* Software Version 1.54
* Temperature SN =  4141
* Conductivity SN =  4141
* System UpLoad Time = Oct 11 2012 19:12:24
** Kachemak Bay Homer Spit Line - Tidal repeat3
** Date:  2012-09-21
** Station: 9-01
** Start time (AKDT-24 hr): 1341
** Depth (ft): 210
** Comment:Phytoplankton sample. Sfc 20 liter bucket, filtered. Fathometer not working well.
# nquan = 17
# nvalues = 610                         
# units = specified
# name 0 = scan: Scan Count
# name 1 = timeJ: Julian Days
# name 2 = timeH: Time, Elapsed [hours]
# name 3 = timeM: Time, Elapsed [minutes]
# name 4 = timeS: Time, Elapsed [seconds]
# name 5 = density00: Density [density, kg/m^3]
# name 6 = specc: Specific Conductance [uS/cm]
# name 7 = sal00: Salinity, Practical [PSU]
# name 8 = depSM: Depth [salt water, m], lat = 59.00
# name 9 = oxsolML/L: Oxygen Saturation, Garcia & Gordon [ml/l]
# name 10 = potemp090C: Potential Temperature [ITS-90, deg C]
# name 11 = tv290C: Temperature [ITS-90, deg C]
# name 12 = sigma-é00: Density [sigma-theta, kg/m^3]
# name 13 = n2satML/L: Nitrogen Saturation [ml/l]
# name 14 = par: PAR/Irradiance, Biospherical/Licor
# name 15 = prdM: Pressure, Strain Gauge [db]
# name 16 = flag:  0.000e+00
# span 0 =          1,        610       
# span 1 = 265.569896, 265.571658       
# span 2 =    0.00000,    0.04229       
# span 3 =     0.0000,     2.5375       
# span 4 =      0.000,    152.250       
# span 5 =  1013.3632,  1023.8858       
# span 6 =  28942.687,  48378.033       
# span 7 =    17.4157,    30.6364       
# span 8 =     -0.111,     59.231       
# span 9 =    6.54860,    7.20034       
# span 10 =     8.9271,     9.7516      
# span 11 =     8.9272,     9.7533      
# span 12 =    13.3627,    23.6140      
# span 13 =   11.83807,   13.08681      
# span 14 = 6.6670e-02, 3.4305e+02      
# span 15 =     -0.112,     59.798      
# span 16 = 0.0000e+00, 0.0000e+00      
# interval = seconds: 0.25
# start_time = Sep 21 2012 13:40:39 [Instrument's time stamp, header]
# bad_flag = -9.990e-29
*END*
[from data line 171]
        172 265.570391    0.01188     0.7125     42.750  1019.4372  40562.335    25.1863      0.800    6.86300     9.0899     9.0898    19.4335   12.42607 6.4789e+01      0.808 0.0000e+00
        173 265.570394    0.01194     0.7167     43.000  1019.4376  40563.223    25.1870      0.791    6.86295     9.0896     9.0899    19.4339   12.42597 6.6731e+01      0.799 0.0000e+00
        174 265.570396    0.01201     0.7208     43.250  1019.4410  40569.520    25.1913      0.784    6.86275     9.0886     9.0900    19.4373   12.42559 6.7350e+01      0.791 0.0000e+00
        175 265.570399    0.01208     0.7250     43.500  1019.4465  40579.830    25.1983      0.782    6.86250     9.0871     9.0896    19.4428   12.42508 6.6444e+01      0.789 0.0000e+00
        176 265.570402    0.01215     0.7292     43.750  1019.4514  40588.972    25.2044      0.785    6.86237     9.0853     9.0887    19.4477   12.42478 6.4528e+01      0.792 0.0000e+00
        177 265.570405    0.01222     0.7333     44.000  1019.4531  40591.928    25.2063      0.793    6.86252     9.0839     9.0872    19.4494   12.42501 6.2509e+01      0.800 0.0000e+00
        178 265.570408    0.01229     0.7375     44.250  1019.4504  40586.551    25.2024      0.801    6.86297     9.0835     9.0854    19.4466   12.42580 6.1156e+01      0.808 0.0000e+00
        179 265.570411    0.01236     0.7417     44.500  1019.4442  40574.725    25.1942      0.805    6.86355     9.0847     9.0840    19.4404   12.42688 6.0924e+01      0.813 0.0000e+00
        180 265.570414    0.01243     0.7458     44.750  1019.4369  40561.172    25.1849      0.804    6.86402     9.0873     9.0836    19.4332   12.42778 6.2034e+01      0.812 0.0000e+00
        181 265.570417    0.01250     0.7500     45.000  1019.4313  40550.790    25.1779      0.797    6.86415     9.0905     9.0848    19.4276   12.42809 6.4573e+01      0.805 0.0000e+00
        182 265.570420    0.01257     0.7542     45.250  1019.4292  40547.159    25.1757      0.784    6.86385     9.0934     9.0874    19.4255   12.42761 6.8592e+01      0.792 0.0000e+00
        183 265.570422    0.01264     0.7583     45.500  1019.4308  40550.640    25.1785      0.767    6.86323     9.0954     9.0906    19.4272   12.42654 7.4084e+01      0.774 0.0000e+00
        184 265.570425    0.01271     0.7625     45.750  1019.4347  40558.498    25.1842      0.747    6.86253     9.0962     9.0935    19.4313   12.42531 8.0649e+01      0.754 0.0000e+00
        185 265.570428    0.01278     0.7667     46.000  1019.4398  40568.422    25.1912      0.727    6.86191     9.0958     9.0955    19.4364   12.42419 8.7030e+01      0.733 0.0000e+00
        186 265.570431    0.01285     0.7708     46.250  1019.4459  40580.129    25.1993      0.710    6.86142     9.0939     9.0963    19.4426   12.42328 9.1512e+01      0.716 0.0000e+00
        187 265.570434    0.01292     0.7750     46.500  1019.4526  40592.756    25.2079      0.700    6.86111     9.0904     9.0959    19.4494   12.42265 9.3134e+01      0.706 0.0000e+00
        188 265.570437    0.01299     0.7792     46.750  1019.4582  40602.976    25.2146      0.698    6.86111     9.0863     9.0939    19.4550   12.42257 9.2225e+01      0.705 0.0000e+00
        189 265.570440    0.01306     0.7833     47.000  1019.4605  40606.959    25.2170      0.703    6.86154     9.0831     9.0904    19.4573   12.42325 8.9838e+01      0.709 0.0000e+00
        190 265.570443    0.01313     0.7875     47.250  1019.4586  40602.781    25.2137      0.710    6.86232     9.0818     9.0864    19.4553   12.42458 8.7116e+01      0.717 0.0000e+00
        191 265.570446    0.01319     0.7917     47.500  1019.4532  40592.387    25.2062      0.715    6.86314     9.0827     9.0832    19.4499   12.42604 8.5151e+01      0.722 0.0000e+00
        192 265.570448    0.01326     0.7958     47.750  1019.4470  40580.582    25.1980      0.715    6.86372     9.0856     9.0818    19.4437   12.42710 8.4858e+01      0.722 0.0000e+00
        193 265.570451    0.01333     0.8000     48.000  1019.4424  40572.002    25.1922      0.709    6.86384     9.0893     9.0827    19.4390   12.42738 8.6420e+01      0.716 0.0000e+00
        194 265.570454    0.01340     0.8042     48.250  1019.4415  40570.854    25.1918      0.700    6.86341     9.0921     9.0856    19.4383   12.42667 8.8710e+01      0.706 0.0000e+00
        195 265.570457    0.01347     0.8083     48.500  1019.4457  40579.204    25.1979      0.691    6.86257     9.0930     9.0893    19.4425   12.42519 8.9704e+01      0.697 0.0000e+00
        196 265.570460    0.01354     0.8125     48.750  1019.4540  40594.959    25.2090      0.688    6.86163     9.0914     9.0921    19.4508   12.42350 8.8061e+01      0.694 0.0000e+00
        197 265.570463    0.01361     0.8167     49.000  1019.4635  40612.813    25.2213      0.693    6.86095     9.0873     9.0930    19.4603   12.42221 8.4290e+01      0.700 0.0000e+00
        198 265.570466    0.01368     0.8208     49.250  1019.4709  40626.488    25.2304      0.706    6.86080     9.0820     9.0914    19.4676   12.42184 8.0090e+01      0.712 0.0000e+00
        199 265.570469    0.01375     0.8250     49.500  1019.4738  40631.401    25.2333      0.721    6.86130     9.0771     9.0873    19.4705   12.42264 7.6897e+01      0.728 0.0000e+00
        200 265.570472    0.01382     0.8292     49.750  1019.4719  40627.206    25.2299      0.735    6.86227     9.0741     9.0820    19.4685   12.42430 7.5330e+01      0.741 0.0000e+00
        201 265.570475    0.01389     0.8333     50.000  1019.4678  40618.993    25.2237      0.742    6.86330     9.0735     9.0772    19.4644   12.42608 7.5454e+01      0.749 0.0000e+00
        202 265.570477    0.01396     0.8375     50.250  1019.4649  40613.176    25.2194      0.743    6.86396     9.0746     9.0742    19.4614   12.42723 7.6936e+01      0.750 0.0000e+00
        203 265.570480    0.01403     0.8417     50.500  1019.4652  40613.660    25.2197      0.738    6.86404     9.0762     9.0735    19.4617   12.42737 7.9135e+01      0.745 0.0000e+00
        204 265.570483    0.01410     0.8458     50.750  1019.4693  40621.495    25.2252      0.731    6.86362     9.0770     9.0747    19.4659   12.42660 8.1324e+01      0.738 0.0000e+00
        205 265.570486    0.01417     0.8500     51.000  1019.4760  40634.229    25.2341      0.725    6.86299     9.0770     9.0762    19.4726   12.42544 8.2835e+01      0.732 0.0000e+00
        206 265.570489    0.01424     0.8542     51.250  1019.4830  40647.616    25.2433      0.722    6.86245     9.0763     9.0770    19.4797   12.42443 8.3165e+01      0.729 0.0000e+00
        207 265.570492    0.01431     0.8583     51.500  1019.4881  40657.027    25.2497      0.723    6.86218     9.0756     9.0770    19.4847   12.42389 8.2196e+01      0.730 0.0000e+00
        208 265.570495    0.01438     0.8625     51.750  1019.4885  40657.816    25.2502      0.727    6.86225     9.0753     9.0764    19.4852   12.42401 8.0402e+01      0.734 0.0000e+00
        209 265.570498    0.01444     0.8667     52.000  1019.4841  40649.310    25.2443      0.732    6.86262     9.0756     9.0757    19.4807   12.42469 7.8755e+01      0.739 0.0000e+00
        210 265.570501    0.01451     0.8708     52.250  1019.4773  40636.572    25.2356      0.736    6.86306     9.0767     9.0754    19.4739   12.42554 7.8153e+01      0.743 0.0000e+00
        211 265.570503    0.01458     0.8750     52.500  1019.4716  40625.855    25.2283      0.737    6.86334     9.0788     9.0756    19.4682   12.42610 7.8761e+01      0.743 0.0000e+00
        212 265.570506    0.01465     0.8792     52.750  1019.4694  40621.852    25.2256      0.734    6.86327     9.0812     9.0768    19.4660   12.42601 7.9830e+01      0.741 0.0000e+00
        213 265.570509    0.01472     0.8833     53.000  1019.4719  40626.802    25.2292      0.730    6.86279     9.0834     9.0789    19.4685   12.42517 8.0255e+01      0.737 0.0000e+00
        214 265.570512    0.01479     0.8875     53.250  1019.4775  40637.602    25.2369      0.728    6.86208     9.0850     9.0813    19.4741   12.42389 7.9505e+01      0.735 0.0000e+00
        215 265.570515    0.01486     0.8917     53.500  1019.4827  40647.513    25.2439      0.728    6.86144     9.0860     9.0834    19.4793   12.42274 7.8046e+01      0.735 0.0000e+00
        216 265.570518    0.01493     0.8958     53.750  1019.4842  40650.554    25.2461      0.730    6.86109     9.0865     9.0850    19.4808   12.42213 7.6846e+01      0.737 0.0000e+00
        217 265.570521    0.01500     0.9000     54.000  1019.4807  40644.042    25.2418      0.732    6.86113     9.0871     9.0860    19.4773   12.42226 7.6563e+01      0.739 0.0000e+00
        218 265.570524    0.01507     0.9042     54.250  1019.4739  40631.369    25.2332      0.733    6.86143     9.0880     9.0866    19.4705   12.42285 7.7249e+01      0.740 0.0000e+00
        219 265.570527    0.01514     0.9083     54.500  1019.4673  40619.146    25.2249      0.731    6.86170     9.0893     9.0872    19.4639   12.42341 7.8567e+01      0.738 0.0000e+00
        220 265.570530    0.01521     0.9125     54.750  1019.4635  40612.048    25.2202      0.728    6.86177     9.0907     9.0881    19.4601   12.42359 8.0097e+01      0.735 0.0000e+00
        221 265.570532    0.01528     0.9167     55.000  1019.4637  40612.619    25.2207      0.725    6.86155     9.0918     9.0894    19.4603   12.42321 8.1456e+01      0.732 0.0000e+00
        222 265.570535    0.01535     0.9208     55.250  1019.4673  40619.494    25.2256      0.724    6.86112     9.0926     9.0907    19.4639   12.42244 8.2303e+01      0.730 0.0000e+00
        223 265.570538    0.01542     0.9250     55.500  1019.4716  40627.657    25.2313      0.724    6.86070     9.0931     9.0918    19.4682   12.42166 8.2378e+01      0.730 0.0000e+00
        224 265.570541    0.01549     0.9292     55.750  1019.4742  40632.678    25.2348      0.726    6.86042     9.0933     9.0926    19.4709   12.42116 8.1642e+01      0.733 0.0000e+00
        225 265.570544    0.01556     0.9333     56.000  1019.4735  40631.398    25.2339      0.730    6.86039     9.0934     9.0931    19.4701   12.42111 8.0439e+01      0.737 0.0000e+00
        226 265.570547    0.01563     0.9375     56.250  1019.4693  40623.482    25.2285      0.734    6.86059     9.0935     9.0933    19.4659   12.42152 7.9419e+01      0.740 0.0000e+00
        227 265.570550    0.01569     0.9417     56.500  1019.4636  40612.689    25.2212      0.735    6.86090     9.0938     9.0934    19.4601   12.42212 7.9088e+01      0.741 0.0000e+00
        228 265.570553    0.01576     0.9458     56.750  1019.4589  40604.016    25.2153      0.733    6.86114     9.0942     9.0936    19.4555   12.42260 7.9404e+01      0.740 0.0000e+00
        229 265.570556    0.01583     0.9500     57.000  1019.4578  40601.922    25.2139      0.729    6.86115     9.0946     9.0939    19.4544   12.42265 7.9824e+01      0.736 0.0000e+00
        230 265.570558    0.01590     0.9542     57.250  1019.4612  40608.397    25.2184      0.725    6.86089     9.0946     9.0943    19.4578   12.42214 7.9732e+01      0.731 0.0000e+00
        231 265.570561    0.01597     0.9583     57.500  1019.4677  40620.592    25.2267      0.723    6.86046     9.0942     9.0947    19.4643   12.42133 7.8934e+01      0.729 0.0000e+00
        232 265.570564    0.01604     0.9625     57.750  1019.4741  40632.589    25.2349      0.724    6.86010     9.0934     9.0947    19.4707   12.42062 7.7885e+01      0.731 0.0000e+00
        233 265.570567    0.01611     0.9667     58.000  1019.4775  40638.886    25.2392      0.728    6.85997     9.0923     9.0943    19.4741   12.42036 7.7325e+01      0.735 0.0000e+00
        234 265.570570    0.01618     0.9708     58.250  1019.4769  40637.631    25.2383      0.733    6.86014     9.0911     9.0935    19.4734   12.42065 7.7579e+01      0.740 0.0000e+00
        235 265.570573    0.01625     0.9750     58.500  1019.4746  40633.279    25.2352      0.737    6.86044     9.0897     9.0924    19.4712   12.42119 7.8255e+01      0.744 0.0000e+00
        236 265.570576    0.01632     0.9792     58.750  1019.4745  40632.836    25.2347      0.739    6.86065     9.0878     9.0912    19.4710   12.42154 7.8624e+01      0.746 0.0000e+00
        237 265.570579    0.01639     0.9833     59.000  1019.4788  40640.881    25.2401      0.741    6.86063     9.0848     9.0898    19.4754   12.42144 7.8279e+01      0.748 0.0000e+00
        238 265.570582    0.01646     0.9875     59.250  1019.4895  40660.630    25.2534      0.743    6.86033     9.0794     9.0879    19.4860   12.42077 7.7381e+01      0.750 0.0000e+00
        239 265.570584    0.01653     0.9917     59.500  1019.5083  40695.462    25.2769      0.745    6.85976     9.0704     9.0848    19.5048   12.41953 7.6441e+01      0.752 0.0000e+00
        240 265.570587    0.01660     0.9958     59.750  1019.5383  40751.109    25.3143      0.745    6.85893     9.0564     9.0795    19.5348   12.41767 7.5844e+01      0.752 0.0000e+00
        241 265.570590    0.01667     1.0000     60.000  1019.5789  40826.285    25.3647      0.745    6.85810     9.0387     9.0705    19.5754   12.41566 7.5524e+01      0.752 0.0000e+00
        242 265.570593    0.01674     1.0042     60.250  1019.6203  40902.539    25.4154      0.744    6.85803     9.0209     9.0565    19.6169   12.41490 7.5187e+01      0.751 0.0000e+00
        243 265.570596    0.01681     1.0083     60.500  1019.6538  40963.479    25.4551      0.743    6.85901     9.0059     9.0388    19.6504   12.41603 7.4735e+01      0.750 0.0000e+00
        244 265.570599    0.01688     1.0125     60.750  1019.6786  41008.229    25.4838      0.744    6.86050     8.9946     9.0210    19.6752   12.41815 7.4396e+01      0.751 0.0000e+00
        245 265.570602    0.01694     1.0167     61.000  1019.6968  41040.835    25.5045      0.745    6.86190     8.9868     9.0060    19.6934   12.42022 7.4479e+01      0.752 0.0000e+00
        246 265.570605    0.01701     1.0208     61.250  1019.7102  41064.774    25.5196      0.745    6.86297     8.9815     8.9947    19.7068   12.42181 7.4908e+01      0.752 0.0000e+00
        247 265.570608    0.01708     1.0250     61.500  1019.7204  41082.933    25.5312      0.746    6.86368     8.9781     8.9869    19.7169   12.42284 7.5113e+01      0.753 0.0000e+00
        248 265.570611    0.01715     1.0292     61.750  1019.7281  41096.892    25.5401      0.747    6.86411     8.9759     8.9816    19.7247   12.42342 7.4581e+01      0.754 0.0000e+00
        249 265.570613    0.01722     1.0333     62.000  1019.7337  41107.075    25.5467      0.748    6.86434     8.9746     8.9782    19.7303   12.42373 7.3436e+01      0.755 0.0000e+00
        250 265.570616    0.01729     1.0375     62.250  1019.7372  41113.277    25.5507      0.750    6.86449     8.9737     8.9760    19.7337   12.42394 7.2339e+01      0.758 0.0000e+00
        251 265.570619    0.01736     1.0417     62.500  1019.7387  41115.991    25.5524      0.752    6.86463     8.9730     8.9747    19.7352   12.42413 7.1907e+01      0.759 0.0000e+00
        252 265.570622    0.01743     1.0458     62.750  1019.7389  41116.308    25.5526      0.752    6.86477     8.9724     8.9738    19.7354   12.42436 7.2352e+01      0.759 0.0000e+00
        253 265.570625    0.01750     1.0500     63.000  1019.7382  41114.885    25.5515      0.749    6.86492     8.9720     8.9731    19.7347   12.42463 7.3459e+01      0.756 0.0000e+00
        254 265.570628    0.01757     1.0542     63.250  1019.7367  41112.067    25.5495      0.746    6.86509     8.9716     8.9725    19.7333   12.42494 7.4707e+01      0.753 0.0000e+00
        255 265.570631    0.01764     1.0583     63.500  1019.7349  41108.720    25.5472      0.743    6.86527     8.9712     8.9720    19.7315   12.42527 7.5481e+01      0.750 0.0000e+00
