CTD-processing/allCTD/CNV--homogene/2012-07-02-kbaysubays-cast151-tuc.cnv
* Sea-Bird SBE19plus Data File:
* FileName = C:\Documents and Settings\kris.holderied.local\My Documents\CTD-data-upload-2012-07-28\CTD5028-upload-2012-07-28-cast151.hex
* Software Version 1.54
* Temperature SN =  5028
* Conductivity SN =  5028
* System UpLoad Time = Jul 28 2012 11:58:07
** Kachemak Bay - CTD data - upload all 2012-07-28
** Date:  2012-07-02   xxxx Tide (x of 2 lines)
** Station: Tutka C
** Start time (AKDT-24 hr):0903
** Depth (ft):138
** Comments: None
# nquan = 17
# nvalues = 369                         
# units = specified
# name 0 = scan: Scan Count
# name 1 = timeJ: Julian Days
# name 2 = timeH: Time, Elapsed [hours]
# name 3 = timeM: Time, Elapsed [minutes]
# name 4 = timeS: Time, Elapsed [seconds]
# name 5 = density00: Density [density, kg/m^3]
# name 6 = specc: Specific Conductance [uS/cm]
# name 7 = sal00: Salinity, Practical [PSU]
# name 8 = depSM: Depth [salt water, m], lat = 59.00
# name 9 = oxsolML/L: Oxygen Saturation, Garcia & Gordon [ml/l]
# name 10 = potemp090C: Potential Temperature [ITS-90, deg C]
# name 11 = tv290C: Temperature [ITS-90, deg C]
# name 12 = sigma-é00: Density [sigma-theta, kg/m^3]
# name 13 = n2satML/L: Nitrogen Saturation [ml/l]
# name 14 = par: PAR/Irradiance, Biospherical/Licor [umol photons/m^2/sec]
# name 15 = prdM: Pressure, Strain Gauge [db]
# name 16 = flag:  0.000e+00
# span 0 =          1,        369       
# span 1 = 184.378461, 184.379525       
# span 2 =    0.00000,    0.02556       
# span 3 =     0.0000,     1.5333       
# span 4 =      0.000,     92.000       
# span 5 =  1000.4709,  1024.7014       
# span 6 =   1669.088,  49996.787       
# span 7 =     0.8280,    31.4078       
# span 8 =     -0.067,     26.612       
# span 9 =    6.64764,    8.27552       
# span 10 =     6.1154,     9.9873      
# span 11 =     6.1154,     9.9874      
# span 12 =     0.4712,    24.5780      
# span 13 =   12.01216,   15.05394      
# span 14 = 3.5084e-01, 2.4326e+02      
# span 15 =     -0.068,     26.865      
# span 16 = 0.0000e+00, 0.0000e+00      
# interval = seconds: 0.25
# start_time = Jul 02 2012 09:04:59 [Instrument's time stamp, header]
# bad_flag = -9.990e-29
*END*
[from data line 171]
        172 184.378955    0.01188     0.7125     42.750  1010.0297  22153.825    12.9374      0.690    7.67036     7.7309     7.7193    10.0265   13.93607 9.7721e+01      0.696 0.0000e+00
        173 184.378958    0.01194     0.7167     43.000  1010.0302  22155.322    12.9387      0.684    7.66923     7.7377     7.7251    10.0269   13.93417 9.7973e+01      0.691 0.0000e+00
        174 184.378961    0.01201     0.7208     43.250  1010.0348  22165.341    12.9454      0.681    7.66783     7.7459     7.7310    10.0316   13.93173 9.7992e+01      0.687 0.0000e+00
        175 184.378964    0.01208     0.7250     43.500  1010.0426  22181.694    12.9562      0.681    7.66606     7.7562     7.7377    10.0394   13.92862 9.7579e+01      0.687 0.0000e+00
        176 184.378967    0.01215     0.7292     43.750  1010.0514  22200.197    12.9684      0.685    7.66395     7.7700     7.7459    10.0482   13.92493 9.6715e+01      0.692 0.0000e+00
        177 184.378970    0.01222     0.7333     44.000  1010.0594  22217.145    12.9798      0.692    7.66151     7.7885     7.7563    10.0561   13.92068 9.5888e+01      0.698 0.0000e+00
        178 184.378973    0.01229     0.7375     44.250  1010.0644  22228.393    12.9878      0.698    7.65861     7.8107     7.7701    10.0611   13.91572 9.5439e+01      0.705 0.0000e+00
        179 184.378976    0.01236     0.7417     44.500  1010.0651  22231.429    12.9909      0.702    7.65511     7.8333     7.7886    10.0617   13.90983 9.5350e+01      0.709 0.0000e+00
        180 184.378979    0.01243     0.7458     44.750  1010.0648  22232.966    12.9934      0.701    7.65099     7.8548     7.8108    10.0615   13.90291 9.5855e+01      0.708 0.0000e+00
        181 184.378981    0.01250     0.7500     45.000  1010.0724  22250.108    13.0059      0.694    7.64632     7.8778     7.8334    10.0691   13.89493 9.6857e+01      0.701 0.0000e+00
        182 184.378984    0.01257     0.7542     45.250  1010.0975  22302.482    13.0408      0.683    7.64078     7.9086     7.8549    10.0943   13.88519 9.7730e+01      0.689 0.0000e+00
        183 184.378987    0.01264     0.7583     45.500  1010.1501  22410.153    13.1113      0.672    7.63327     7.9564     7.8779    10.1470   13.87166 9.8106e+01      0.678 0.0000e+00
        184 184.378990    0.01271     0.7625     45.750  1010.2435  22600.068    13.2349      0.664    7.62184     8.0360     7.9087    10.2403   13.85084 9.7683e+01      0.670 0.0000e+00
        185 184.378993    0.01278     0.7667     46.000  1010.3980  22914.102    13.4392      0.664    7.60351     8.1681     7.9565    10.3949   13.81736 9.6495e+01      0.670 0.0000e+00
        186 184.378996    0.01285     0.7708     46.250  1010.6466  23419.315    13.7682      0.670    7.57354     8.3604     8.0361    10.6434   13.76270 9.5116e+01      0.676 0.0000e+00
        187 184.378999    0.01292     0.7750     46.500  1011.0332  24205.187    14.2808      0.681    7.52549     8.5880     8.1682    11.0299   13.67528 9.3953e+01      0.687 0.0000e+00
        188 184.379002    0.01299     0.7792     46.750  1011.5320  25220.742    14.9458      0.691    7.45968     8.8112     8.3605    11.5287   13.55611 9.3213e+01      0.698 0.0000e+00
        189 184.379005    0.01306     0.7833     47.000  1012.0086  26194.811    15.5879      0.697    7.38929     9.0057     8.5881    12.0052   13.42962 9.3118e+01      0.704 0.0000e+00
        190 184.379008    0.01313     0.7875     47.250  1012.3659  26930.806    16.0777      0.697    7.32749     9.1657     8.8113    12.3626   13.31965 9.3731e+01      0.703 0.0000e+00
        191 184.379010    0.01319     0.7917     47.500  1012.6216  27461.511    16.4340      0.690    7.27742     9.2949     9.0058    12.6184   13.23113 9.4728e+01      0.696 0.0000e+00
        192 184.379013    0.01326     0.7958     47.750  1012.8362  27905.559    16.7331      0.680    7.23628     9.3996     9.1658    12.8330   13.15835 9.5669e+01      0.687 0.0000e+00
        193 184.379016    0.01333     0.8000     48.000  1013.0590  28360.763    17.0388      0.672    7.20034     9.4846     9.2950    13.0558   13.09419 9.6256e+01      0.678 0.0000e+00
        194 184.379019    0.01340     0.8042     48.250  1013.2974  28842.446    17.3612      0.667    7.16797     9.5520     9.3997    13.2943   13.03580 9.6118e+01      0.673 0.0000e+00
        195 184.379022    0.01347     0.8083     48.500  1013.5117  29273.287    17.6498      0.668    7.14060     9.6027     9.4847    13.5085   12.98624 9.5165e+01      0.674 0.0000e+00
        196 184.379025    0.01354     0.8125     48.750  1013.6489  29550.566    17.8368      0.675    7.12090     9.6368     9.5521    13.6458   12.95086 9.3975e+01      0.681 0.0000e+00
        197 184.379028    0.01361     0.8167     49.000  1013.6656  29589.494    17.8661      0.685    7.11124     9.6539     9.6028    13.6624   12.93434 9.3086e+01      0.692 0.0000e+00
        198 184.379031    0.01368     0.8208     49.250  1013.5211  29311.179    17.6857      0.694    7.11389     9.6531     9.6369    13.5179   12.94116 9.2795e+01      0.701 0.0000e+00
        199 184.379034    0.01375     0.8250     49.500  1013.2135  28711.194    17.2928      0.698    7.12902     9.6326     9.6540    13.2103   12.97165 9.3230e+01      0.704 0.0000e+00
        200 184.379036    0.01382     0.8292     49.750  1012.8423  27983.223    16.8153      0.694    7.15098     9.5901     9.6532    12.8391   13.01467 9.4149e+01      0.701 0.0000e+00
        201 184.379039    0.01389     0.8333     50.000  1012.5513  27408.737    16.4377      0.684    7.17162     9.5298     9.6327    12.5481   13.05420 9.4998e+01      0.690 0.0000e+00
        202 184.379042    0.01396     0.8375     50.250  1012.4303  27164.874    16.2753      0.672    7.18603     9.4686     9.5901    12.4272   13.08044 9.5369e+01      0.678 0.0000e+00
        203 184.379045    0.01403     0.8417     50.500  1012.5096  27312.471    16.3677      0.662    7.19164     9.4250     9.5298    12.5065   13.08856 9.5240e+01      0.668 0.0000e+00
        204 184.379048    0.01410     0.8458     50.750  1012.7501  27776.820    16.6671      0.658    7.18785     9.4057     9.4686    12.7470   13.07823 9.4371e+01      0.664 0.0000e+00
        205 184.379051    0.01417     0.8500     51.000  1013.0499  28359.362    17.0453      0.661    7.17754     9.4062     9.4251    13.0468   13.05595 9.2900e+01      0.667 0.0000e+00
        206 184.379054    0.01424     0.8542     51.250  1013.2958  28839.062    17.3583      0.669    7.16627     9.4173     9.4058    13.2927   13.03295 9.1511e+01      0.675 0.0000e+00
        207 184.379057    0.01431     0.8583     51.500  1013.4073  29057.844    17.5016      0.677    7.15958     9.4287     9.4062    13.4041   13.01987 9.0632e+01      0.684 0.0000e+00
        208 184.379060    0.01438     0.8625     51.750  1013.3612  28969.644    17.4441      0.683    7.16040     9.4327     9.4173    13.3580   13.02200 9.0451e+01      0.690 0.0000e+00
        209 184.379063    0.01444     0.8667     52.000  1013.2044  28664.818    17.2445      0.684    7.16772     9.4255     9.4287    13.2012   13.03687 9.0879e+01      0.691 0.0000e+00
        210 184.379065    0.01451     0.8708     52.250  1013.0313  28326.834    17.0228      0.679    7.17727     9.4052     9.4327    13.0281   13.05577 9.1681e+01      0.686 0.0000e+00
        211 184.379068    0.01458     0.8750     52.500  1012.9077  28083.800    16.8628      0.670    7.18582     9.3734     9.4255    12.9046   13.07219 9.2533e+01      0.677 0.0000e+00
        212 184.379071    0.01465     0.8792     52.750  1012.8548  27977.492    16.7917      0.661    7.19245     9.3372     9.4052    12.8517   13.08421 9.3025e+01      0.667 0.0000e+00
        213 184.379074    0.01472     0.8833     53.000  1012.8799  28022.484    16.8190      0.654    7.19643     9.3053     9.3734    12.8768   13.09049 9.3021e+01      0.660 0.0000e+00
        214 184.379077    0.01479     0.8875     53.250  1012.9661  28186.725    16.9240      0.651    7.19753     9.2829     9.3372    12.9631   13.09092 9.2623e+01      0.657 0.0000e+00
        215 184.379080    0.01486     0.8917     53.500  1013.0787  28403.198    17.0637      0.653    7.19632     9.2703     9.3053    13.0757   13.08704 9.2014e+01      0.659 0.0000e+00
        216 184.379083    0.01493     0.8958     53.750  1013.1794  28597.335    17.1894      0.659    7.19420     9.2640     9.2830    13.1763   13.08181 9.1534e+01      0.665 0.0000e+00
        217 184.379086    0.01500     0.9000     54.000  1013.2209  28676.781    17.2407      0.664    7.19392     9.2594     9.2703    13.2178   13.08066 9.1381e+01      0.670 0.0000e+00
        218 184.379089    0.01507     0.9042     54.250  1013.1720  28579.957    17.1769      0.668    7.19791     9.2528     9.2640    13.1689   13.08819 9.1610e+01      0.674 0.0000e+00
        219 184.379091    0.01514     0.9083     54.500  1013.0568  28353.485    17.0282      0.667    7.20557     9.2418     9.2594    13.0537   13.10296 9.2312e+01      0.673 0.0000e+00
        220 184.379094    0.01521     0.9125     54.750  1012.9297  28103.230    16.8639      0.663    7.21427     9.2250     9.2529    12.9266   13.11969 9.3216e+01      0.669 0.0000e+00
        221 184.379097    0.01528     0.9167     55.000  1012.8312  27908.416    16.7357      0.657    7.22205     9.2046     9.2419    12.8281   13.13440 9.3920e+01      0.663 0.0000e+00
        222 184.379100    0.01535     0.9208     55.250  1012.7906  27826.445    16.6810      0.651    7.22738     9.1851     9.2250    12.7875   13.14404 9.4261e+01      0.657 0.0000e+00
        223 184.379103    0.01542     0.9250     55.500  1012.8207  27883.035    16.7166      0.648    7.22910     9.1688     9.2047    12.8176   13.14644 9.4277e+01      0.654 0.0000e+00
        224 184.379106    0.01549     0.9292     55.750  1012.8999  28036.106    16.8153      0.648    7.22775     9.1554     9.1851    12.8969   13.14287 9.3961e+01      0.654 0.0000e+00
        225 184.379109    0.01556     0.9333     56.000  1012.9853  28201.633    16.9224      0.651    7.22548     9.1442     9.1688    12.9823   13.13762 9.3177e+01      0.657 0.0000e+00
        226 184.379112    0.01563     0.9375     56.250  1013.0426  28312.286    16.9939      0.655    7.22437     9.1352     9.1555    13.0395   13.13481 9.2208e+01      0.662 0.0000e+00
        227 184.379115    0.01569     0.9417     56.500  1013.0514  28327.908    17.0033      0.660    7.22579     9.1277     9.1443    13.0483   13.13706 9.1473e+01      0.666 0.0000e+00
        228 184.379117    0.01576     0.9458     56.750  1013.0060  28237.660    16.9437      0.662    7.23008     9.1207     9.1352    13.0029   13.14502 9.1293e+01      0.668 0.0000e+00
        229 184.379120    0.01583     0.9500     57.000  1012.9249  28077.288    16.8384      0.660    7.23623     9.1127     9.1278    12.9217   13.15670 9.1734e+01      0.667 0.0000e+00
        230 184.379123    0.01590     0.9542     57.250  1012.8395  27908.727    16.7277      0.657    7.24256     9.1027     9.1207    12.8364   13.16877 9.2395e+01      0.663 0.0000e+00
        231 184.379126    0.01597     0.9583     57.500  1012.7819  27794.448    16.6525      0.652    7.24740     9.0912     9.1127    12.7788   13.17787 9.3037e+01      0.658 0.0000e+00
        232 184.379129    0.01604     0.9625     57.750  1012.7755  27780.653    16.6429      0.648    7.24951     9.0808     9.1028    12.7725   13.18152 9.3371e+01      0.654 0.0000e+00
        233 184.379132    0.01611     0.9667     58.000  1012.8230  27872.563    16.7021      0.647    7.24867     9.0741     9.0913    12.8200   13.17931 9.3129e+01      0.653 0.0000e+00
        234 184.379135    0.01618     0.9708     58.250  1012.9007  28023.933    16.8003      0.650    7.24581     9.0712     9.0809    12.8977   13.17323 9.2636e+01      0.656 0.0000e+00
        235 184.379138    0.01625     0.9750     58.500  1012.9714  28161.876    16.8900      0.654    7.24274     9.0701     9.0742    12.9684   13.16690 9.2163e+01      0.660 0.0000e+00
        236 184.379141    0.01632     0.9792     58.750  1013.0044  28226.260    16.9319      0.658    7.24129     9.0689     9.0712    13.0013   13.16390 9.1829e+01      0.664 0.0000e+00
        237 184.379144    0.01639     0.9833     59.000  1012.9873  28192.461    16.9097      0.661    7.24250     9.0664     9.0701    12.9842   13.16622 9.1822e+01      0.667 0.0000e+00
        238 184.379146    0.01646     0.9875     59.250  1012.9301  28080.029    16.8361      0.662    7.24614     9.0628     9.0689    12.9270   13.17329 9.2261e+01      0.668 0.0000e+00
        239 184.379149    0.01653     0.9917     59.500  1012.8562  27934.410    16.7408      0.660    7.25101     9.0585     9.0665    12.8531   13.18270 9.3036e+01      0.666 0.0000e+00
        240 184.379152    0.01660     0.9958     59.750  1012.7909  27805.686    16.6565      0.657    7.25555     9.0537     9.0629    12.7878   13.19142 9.3604e+01      0.663 0.0000e+00
        241 184.379155    0.01667     1.0000     60.000  1012.7584  27741.228    16.6142      0.654    7.25824     9.0488     9.0586    12.7553   13.19649 9.3752e+01      0.660 0.0000e+00
        242 184.379158    0.01674     1.0042     60.250  1012.7697  27762.911    16.6280      0.652    7.25841     9.0451     9.0537    12.7666   13.19659 9.3597e+01      0.659 0.0000e+00
        243 184.379161    0.01681     1.0083     60.500  1012.8149  27851.253    16.6853      0.653    7.25655     9.0432     9.0488    12.8119   13.19270 9.3096e+01      0.659 0.0000e+00
        244 184.379164    0.01688     1.0125     60.750  1012.8677  27954.481    16.7524      0.655    7.25402     9.0426     9.0451    12.8647   13.18758 9.2395e+01      0.662 0.0000e+00
        245 184.379167    0.01694     1.0167     61.000  1012.9009  28019.448    16.7947      0.659    7.25236     9.0419     9.0433    12.8978   13.18423 9.1838e+01      0.665 0.0000e+00
        246 184.379170    0.01701     1.0208     61.250  1012.9008  28019.085    16.7945      0.662    7.25247     9.0398     9.0427    12.8977   13.18442 9.1624e+01      0.668 0.0000e+00
        247 184.379172    0.01708     1.0250     61.500  1012.8678  27954.158    16.7520      0.664    7.25457     9.0358     9.0420    12.8647   13.18851 9.1681e+01      0.670 0.0000e+00
        248 184.379175    0.01715     1.0292     61.750  1012.8127  27845.603    16.6810      0.664    7.25825     9.0303     9.0399    12.8096   13.19561 9.1706e+01      0.670 0.0000e+00
        249 184.379178    0.01722     1.0333     62.000  1012.7536  27728.811    16.6045      0.662    7.26250     9.0241     9.0358    12.7505   13.20375 9.1623e+01      0.668 0.0000e+00
        250 184.379181    0.01729     1.0375     62.250  1012.7098  27641.971    16.5474      0.659    7.26610     9.0183     9.0303    12.7067   13.21052 9.1717e+01      0.665 0.0000e+00
        251 184.379184    0.01736     1.0417     62.500  1012.6917  27605.614    16.5233      0.657    7.26826     9.0139     9.0242    12.6886   13.21445 9.1934e+01      0.663 0.0000e+00
        252 184.379187    0.01743     1.0458     62.750  1012.6976  27616.549    16.5301      0.656    7.26892     9.0114     9.0184    12.6945   13.21546 9.1961e+01      0.662 0.0000e+00
        253 184.379190    0.01750     1.0500     63.000  1012.7180  27655.950    16.5555      0.656    7.26848     9.0106     9.0139    12.7149   13.21438 9.1817e+01      0.662 0.0000e+00
        254 184.379193    0.01757     1.0542     63.250  1012.7396  27698.001    16.5828      0.656    7.26763     9.0111     9.0114    12.7364   13.21259 9.1646e+01      0.663 0.0000e+00
        255 184.379196    0.01764     1.0583     63.500  1012.7514  27720.934    16.5979      0.657    7.26706     9.0122     9.0106    12.7482   13.21144 9.1546e+01      0.664 0.0000e+00
