CTD-processing/allCTD/CNV--homogene/2012_07-02_subbays_sadieb_cast155.cnv
* Sea-Bird SBE19plus Data File:
* FileName = C:\Documents and Settings\kris.holderied.local\My Documents\CTD-data-upload-2012-07-28\CTD5028-upload-2012-07-28-cast155.hex
* Software Version 1.54
* Temperature SN =  5028
* Conductivity SN =  5028
* System UpLoad Time = Jul 28 2012 12:01:50
** Kachemak Bay - CTD data - upload all 2012-07-28
** Date:  2012-07-02   xxxx Tide (x of 2 lines)
** Station:  Sadie B
** Start time (AKDT-24 hr):1011
** Depth (ft):106
** Comments: None
# nquan = 17
# nvalues = 346                         
# units = specified
# name 0 = scan: Scan Count
# name 1 = timeJ: Julian Days
# name 2 = timeH: Time, Elapsed [hours]
# name 3 = timeM: Time, Elapsed [minutes]
# name 4 = timeS: Time, Elapsed [seconds]
# name 5 = density00: Density [density, kg/m^3]
# name 6 = specc: Specific Conductance [uS/cm]
# name 7 = sal00: Salinity, Practical [PSU]
# name 8 = depSM: Depth [salt water, m], lat = 59.00
# name 9 = oxsolML/L: Oxygen Saturation, Garcia & Gordon [ml/l]
# name 10 = potemp090C: Potential Temperature [ITS-90, deg C]
# name 11 = tv290C: Temperature [ITS-90, deg C]
# name 12 = sigma-é00: Density [sigma-theta, kg/m^3]
# name 13 = n2satML/L: Nitrogen Saturation [ml/l]
# name 14 = par: PAR/Irradiance, Biospherical/Licor [umol photons/m^2/sec]
# name 15 = prdM: Pressure, Strain Gauge [db]
# name 16 = flag:  0.000e+00
# span 0 =          1,        346       
# span 1 = 184.425150, 184.426149       
# span 2 =    0.00000,    0.02396       
# span 3 =     0.0000,     1.4375       
# span 4 =      0.000,     86.250       
# span 5 =  1000.0484,  1024.7696       
# span 6 =    911.768,  50128.295       
# span 7 =     0.4437,    31.4959       
# span 8 =     -0.075,     25.767       
# span 9 =    6.47328,    7.87148       
# span 10 =     7.0704,    11.0052      
# span 11 =     7.0727,    11.0053      
# span 12 =     0.0487,    24.6501      
# span 13 =   11.74063,   14.45509      
# span 14 = 1.8720e+00, 5.5412e+02      
# span 15 =     -0.076,     26.012      
# span 16 = 0.0000e+00, 0.0000e+00      
# interval = seconds: 0.25
# start_time = Jul 02 2012 10:12:13 [Instrument's time stamp, header]
# bad_flag = -9.990e-29
*END*
[from data line 86]
         87 184.425399    0.00597     0.3583     21.500  1020.8904  43526.113    27.4235      0.657    6.48879    10.9709    10.9758    20.8874   11.77657 1.7781e+02      0.663 0.0000e+00
         88 184.425402    0.00604     0.3625     21.750  1020.8820  43510.095    27.4121      0.663    6.48953    10.9665    10.9739    20.8789   11.77793 1.7641e+02      0.669 0.0000e+00
         89 184.425405    0.00611     0.3667     22.000  1020.8735  43494.008    27.4007      0.667    6.49042    10.9607    10.9710    20.8705   11.77955 1.7551e+02      0.673 0.0000e+00
         90 184.425408    0.00618     0.3708     22.250  1020.8696  43485.911    27.3946      0.669    6.49129    10.9544    10.9666    20.8665   11.78107 1.7499e+02      0.675 0.0000e+00
         91 184.425411    0.00625     0.3750     22.500  1020.8718  43489.142    27.3963      0.669    6.49204    10.9486    10.9608    20.8687   11.78229 1.7505e+02      0.675 0.0000e+00
         92 184.425414    0.00632     0.3792     22.750  1020.8788  43501.013    27.4040      0.668    6.49262    10.9441    10.9544    20.8757   11.78316 1.7549e+02      0.674 0.0000e+00
         93 184.425417    0.00639     0.3833     23.000  1020.8868  43514.810    27.4130      0.668    6.49306    10.9407    10.9487    20.8837   11.78378 1.7532e+02      0.674 0.0000e+00
         94 184.425420    0.00646     0.3875     23.250  1020.8919  43523.519    27.4186      0.670    6.49347    10.9380    10.9441    20.8888   11.78440 1.7480e+02      0.676 0.0000e+00
         95 184.425422    0.00653     0.3917     23.500  1020.8920  43523.148    27.4180      0.673    6.49396    10.9354    10.9408    20.8889   11.78523 1.7479e+02      0.679 0.0000e+00
         96 184.425425    0.00660     0.3958     23.750  1020.8882  43515.510    27.4125      0.676    6.49457    10.9327    10.9381    20.8851   11.78631 1.7480e+02      0.682 0.0000e+00
         97 184.425428    0.00667     0.4000     24.000  1020.8840  43507.313    27.4065      0.678    6.49519    10.9297    10.9355    20.8809   11.78740 1.7416e+02      0.684 0.0000e+00
         98 184.425431    0.00674     0.4042     24.250  1020.8828  43504.675    27.4044      0.679    6.49566    10.9266    10.9328    20.8797   11.78821 1.7328e+02      0.685 0.0000e+00
         99 184.425434    0.00681     0.4083     24.500  1020.8855  43509.200    27.4073      0.679    6.49596    10.9238    10.9298    20.8824   11.78868 1.7273e+02      0.686 0.0000e+00
        100 184.425437    0.00688     0.4125     24.750  1020.8901  43517.270    27.4126      0.682    6.49618    10.9215    10.9267    20.8870   11.78898 1.7215e+02      0.688 0.0000e+00
        101 184.425440    0.00694     0.4167     25.000  1020.8929  43521.911    27.4155      0.686    6.49644    10.9191    10.9239    20.8898   11.78938 1.7111e+02      0.693 0.0000e+00
        102 184.425443    0.00701     0.4208     25.250  1020.8915  43518.875    27.4132      0.692    6.49687    10.9164    10.9216    20.8883   11.79011 1.7017e+02      0.699 0.0000e+00
        103 184.425446    0.00708     0.4250     25.500  1020.8875  43510.932    27.4074      0.698    6.49745    10.9131    10.9192    20.8843   11.79114 1.7006e+02      0.704 0.0000e+00
        104 184.425448    0.00715     0.4292     25.750  1020.8838  43503.722    27.4021      0.701    6.49806    10.9091    10.9164    20.8806   11.79222 1.7023e+02      0.708 0.0000e+00
        105 184.425451    0.00722     0.4333     26.000  1020.8824  43500.624    27.3996      0.701    6.49862    10.9046    10.9131    20.8792   11.79319 1.7051e+02      0.708 0.0000e+00
        106 184.425454    0.00729     0.4375     26.250  1020.8841  43503.058    27.4009      0.698    6.49914    10.9006    10.9091    20.8809   11.79403 1.7177e+02      0.705 0.0000e+00
        107 184.425457    0.00736     0.4417     26.500  1020.8885  43510.634    27.4058      0.693    6.49957    10.8977    10.9046    20.8854   11.79469 1.7264e+02      0.700 0.0000e+00
        108 184.425460    0.00743     0.4458     26.750  1020.8941  43520.297    27.4121      0.689    6.49987    10.8957    10.9007    20.8910   11.79511 1.7217e+02      0.695 0.0000e+00
        109 184.425463    0.00750     0.4500     27.000  1020.8987  43528.207    27.4174      0.687    6.50006    10.8941    10.8978    20.8955   11.79537 1.7157e+02      0.694 0.0000e+00
        110 184.425466    0.00757     0.4542     27.250  1020.9011  43532.305    27.4200      0.689    6.50023    10.8926    10.8958    20.8979   11.79562 1.7064e+02      0.696 0.0000e+00
        111 184.425469    0.00764     0.4583     27.500  1020.9010  43531.983    27.4196      0.692    6.50047    10.8908    10.8942    20.8978   11.79602 1.7008e+02      0.699 0.0000e+00
        112 184.425472    0.00771     0.4625     27.750  1020.8991  43528.125    27.4168      0.696    6.50080    10.8884    10.8927    20.8959   11.79660 1.7066e+02      0.703 0.0000e+00
        113 184.425475    0.00778     0.4667     28.000  1020.8970  43523.904    27.4137      0.698    6.50119    10.8853    10.8909    20.8938   11.79728 1.6999e+02      0.705 0.0000e+00
        114 184.425477    0.00785     0.4708     28.250  1020.8966  43522.887    27.4128      0.696    6.50156    10.8817    10.8885    20.8934   11.79792 1.6803e+02      0.703 0.0000e+00
        115 184.425480    0.00792     0.4750     28.500  1020.8991  43527.033    27.4154      0.692    6.50189    10.8785    10.8854    20.8960   11.79844 1.6759e+02      0.699 0.0000e+00
        116 184.425483    0.00799     0.4792     28.750  1020.9042  43535.914    27.4212      0.688    6.50216    10.8764    10.8818    20.9011   11.79880 1.6879e+02      0.695 0.0000e+00
        117 184.425486    0.00806     0.4833     29.000  1020.9102  43546.327    27.4281      0.685    6.50232    10.8753    10.8786    20.9070   11.79900 1.6929e+02      0.692 0.0000e+00
        118 184.425489    0.00813     0.4875     29.250  1020.9141  43553.243    27.4327      0.686    6.50244    10.8748    10.8765    20.9109   11.79913 1.6845e+02      0.692 0.0000e+00
        119 184.425492    0.00819     0.4917     29.500  1020.9144  43553.605    27.4329      0.688    6.50258    10.8740    10.8754    20.9112   11.79936 1.6810e+02      0.695 0.0000e+00
        120 184.425495    0.00826     0.4958     29.750  1020.9124  43549.858    27.4302      0.690    6.50276    10.8722    10.8749    20.9092   11.79970 1.6931e+02      0.697 0.0000e+00
        121 184.425498    0.00833     0.5000     30.000  1020.9110  43547.048    27.4282      0.691    6.50296    10.8697    10.8741    20.9078   11.80006 1.7024e+02      0.698 0.0000e+00
        122 184.425501    0.00840     0.5042     30.250  1020.9118  43548.384    27.4289      0.690    6.50317    10.8670    10.8723    20.9086   11.80040 1.6890e+02      0.697 0.0000e+00
        123 184.425503    0.00847     0.5083     30.500  1020.9154  43554.610    27.4330      0.689    6.50337    10.8652    10.8698    20.9122   11.80068 1.6678e+02      0.695 0.0000e+00
        124 184.425506    0.00854     0.5125     30.750  1020.9204  43563.501    27.4389      0.688    6.50350    10.8646    10.8671    20.9173   11.80082 1.6641e+02      0.694 0.0000e+00
        125 184.425509    0.00861     0.5167     31.000  1020.9243  43570.409    27.4436      0.688    6.50356    10.8651    10.8653    20.9212   11.80087 1.6716e+02      0.694 0.0000e+00
        126 184.425512    0.00868     0.5208     31.250  1020.9249  43571.385    27.4442      0.689    6.50362    10.8660    10.8647    20.9217   11.80096 1.6624e+02      0.696 0.0000e+00
        127 184.425515    0.00875     0.5250     31.500  1020.9227  43567.323    27.4414      0.690    6.50368    10.8668    10.8651    20.9195   11.80109 1.6417e+02      0.697 0.0000e+00
        128 184.425518    0.00882     0.5292     31.750  1020.9204  43563.222    27.4386      0.690    6.50366    10.8673    10.8661    20.9172   11.80109 1.6413e+02      0.696 0.0000e+00
        129 184.425521    0.00889     0.5333     32.000  1020.9201  43562.930    27.4385      0.689    6.50355    10.8678    10.8669    20.9170   11.80091 1.6524e+02      0.696 0.0000e+00
        130 184.425524    0.00896     0.5375     32.250  1020.9220  43566.398    27.4410      0.690    6.50338    10.8690    10.8673    20.9188   11.80060 1.6513e+02      0.697 0.0000e+00
        131 184.425527    0.00903     0.5417     32.500  1020.9235  43569.330    27.4431      0.693    6.50321    10.8706    10.8679    20.9204   11.80030 1.6498e+02      0.700 0.0000e+00
        132 184.425530    0.00910     0.5458     32.750  1020.9222  43567.086    27.4416      0.697    6.50310    10.8718    10.8691    20.9191   11.80013 1.6508e+02      0.703 0.0000e+00
        133 184.425532    0.00917     0.5500     33.000  1020.9187  43560.751    27.4374      0.699    6.50306    10.8719    10.8707    20.9155   11.80010 1.6381e+02      0.705 0.0000e+00
        134 184.425535    0.00924     0.5542     33.250  1020.9156  43555.213    27.4336      0.698    6.50304    10.8705    10.8719    20.9124   11.80012 1.6279e+02      0.705 0.0000e+00
        135 184.425538    0.00931     0.5583     33.500  1020.9145  43553.280    27.4323      0.696    6.50309    10.8682    10.8719    20.9113   11.80022 1.6416e+02      0.702 0.0000e+00
        136 184.425541    0.00937     0.5625     33.750  1020.9154  43554.683    27.4331      0.693    6.50325    10.8658    10.8706    20.9122   11.80047 1.6623e+02      0.700 0.0000e+00
        137 184.425544    0.00944     0.5667     34.000  1020.9169  43557.043    27.4345      0.693    6.50351    10.8635    10.8683    20.9137   11.80089 1.6692e+02      0.700 0.0000e+00
        138 184.425547    0.00951     0.5708     34.250  1020.9177  43558.052    27.4350      0.693    6.50384    10.8613    10.8659    20.9145   11.80143 1.6767e+02      0.700 0.0000e+00
        139 184.425550    0.00958     0.5750     34.500  1020.9176  43557.534    27.4344      0.694    6.50419    10.8594    10.8635    20.9144   11.80202 1.6932e+02      0.701 0.0000e+00
        140 184.425553    0.00965     0.5792     34.750  1020.9174  43556.868    27.4337      0.694    6.50452    10.8577    10.8614    20.9142   11.80258 1.6963e+02      0.701 0.0000e+00
        141 184.425556    0.00972     0.5833     35.000  1020.9177  43557.105    27.4337      0.693    6.50479    10.8560    10.8595    20.9145   11.80303 1.6916e+02      0.700 0.0000e+00
        142 184.425558    0.00979     0.5875     35.250  1020.9184  43558.099    27.4343      0.692    6.50502    10.8542    10.8578    20.9152   11.80339 1.6985e+02      0.699 0.0000e+00
        143 184.425561    0.00986     0.5917     35.500  1020.9190  43559.054    27.4348      0.691    6.50523    10.8520    10.8561    20.9158   11.80375 1.6945e+02      0.698 0.0000e+00
        144 184.425564    0.00993     0.5958     35.750  1020.9196  43559.793    27.4351      0.691    6.50547    10.8494    10.8543    20.9164   11.80415 1.6664e+02      0.698 0.0000e+00
        145 184.425567    0.01000     0.6000     36.000  1020.9207  43561.495    27.4361      0.690    6.50575    10.8470    10.8521    20.9175   11.80459 1.6431e+02      0.697 0.0000e+00
        146 184.425570    0.01007     0.6042     36.250  1020.9228  43564.959    27.4383      0.689    6.50602    10.8449    10.8495    20.9196   11.80501 1.6452e+02      0.696 0.0000e+00
        147 184.425573    0.01014     0.6083     36.500  1020.9254  43569.418    27.4411      0.690    6.50625    10.8434    10.8471    20.9222   11.80536 1.6572e+02      0.697 0.0000e+00
        148 184.425576    0.01021     0.6125     36.750  1020.9275  43573.004    27.4434      0.693    6.50644    10.8421    10.8450    20.9244   11.80566 1.6593e+02      0.700 0.0000e+00
        149 184.425579    0.01028     0.6167     37.000  1020.9283  43574.102    27.4440      0.695    6.50664    10.8407    10.8435    20.9251   11.80597 1.6560e+02      0.702 0.0000e+00
        150 184.425582    0.01035     0.6208     37.250  1020.9280  43573.330    27.4433      0.696    6.50685    10.8392    10.8421    20.9248   11.80634 1.6533e+02      0.702 0.0000e+00
        151 184.425584    0.01042     0.6250     37.500  1020.9277  43572.610    27.4427      0.695    6.50707    10.8374    10.8408    20.9245   11.80670 1.6516e+02      0.701 0.0000e+00
        152 184.425587    0.01049     0.6292     37.750  1020.9279  43572.829    27.4427      0.693    6.50728    10.8352    10.8393    20.9248   11.80706 1.6546e+02      0.700 0.0000e+00
        153 184.425590    0.01056     0.6333     38.000  1020.9286  43573.768    27.4432      0.692    6.50753    10.8328    10.8374    20.9254   11.80746 1.6526e+02      0.699 0.0000e+00
        154 184.425593    0.01063     0.6375     38.250  1020.9293  43574.813    27.4437      0.692    6.50781    10.8304    10.8353    20.9262   11.80792 1.6333e+02      0.699 0.0000e+00
        155 184.425596    0.01069     0.6417     38.500  1020.9301  43575.751    27.4441      0.692    6.50812    10.8279    10.8329    20.9269   11.80844 1.6198e+02      0.699 0.0000e+00
        156 184.425599    0.01076     0.6458     38.750  1020.9309  43576.926    27.4447      0.692    6.50845    10.8255    10.8304    20.9278   11.80898 1.6327e+02      0.699 0.0000e+00
        157 184.425602    0.01083     0.6500     39.000  1020.9320  43578.457    27.4455      0.692    6.50877    10.8233    10.8279    20.9288   11.80949 1.6473e+02      0.699 0.0000e+00
        158 184.425605    0.01090     0.6542     39.250  1020.9332  43580.256    27.4465      0.693    6.50907    10.8213    10.8255    20.9300   11.80997 1.6410e+02      0.699 0.0000e+00
        159 184.425608    0.01097     0.6583     39.500  1020.9344  43582.195    27.4477      0.693    6.50934    10.8197    10.8233    20.9312   11.81041 1.6268e+02      0.700 0.0000e+00
        160 184.425611    0.01104     0.6625     39.750  1020.9356  43583.998    27.4487      0.695    6.50958    10.8184    10.8213    20.9324   11.81080 1.6276e+02      0.701 0.0000e+00
        161 184.425613    0.01111     0.6667     40.000  1020.9365  43585.521    27.4496      0.696    6.50977    10.8175    10.8197    20.9333   11.81111 1.6324e+02      0.702 0.0000e+00
        162 184.425616    0.01118     0.6708     40.250  1020.9375  43587.094    27.4506      0.696    6.50990    10.8169    10.8185    20.9343   11.81131 1.6280e+02      0.702 0.0000e+00
        163 184.425619    0.01125     0.6750     40.500  1020.9387  43589.179    27.4519      0.694    6.50997    10.8164    10.8176    20.9355   11.81141 1.6298e+02      0.701 0.0000e+00
        164 184.425622    0.01132     0.6792     40.750  1020.9399  43591.438    27.4535      0.691    6.51000    10.8163    10.8170    20.9368   11.81145 1.6333e+02      0.698 0.0000e+00
        165 184.425625    0.01139     0.6833     41.000  1020.9409  43593.094    27.4546      0.691    6.51002    10.8163    10.8165    20.9377   11.81146 1.6287e+02      0.697 0.0000e+00
        166 184.425628    0.01146     0.6875     41.250  1020.9414  43594.097    27.4553      0.693    6.51001    10.8165    10.8164    20.9383   11.81144 1.6302e+02      0.700 0.0000e+00
        167 184.425631    0.01153     0.6917     41.500  1020.9417  43594.640    27.4556      0.698    6.50999    10.8168    10.8164    20.9386   11.81139 1.6340e+02      0.704 0.0000e+00
        168 184.425634    0.01160     0.6958     41.750  1020.9417  43594.507    27.4556      0.702    6.50996    10.8170    10.8166    20.9385   11.81136 1.6184e+02      0.708 0.0000e+00
        169 184.425637    0.01167     0.7000     42.000  1020.9414  43593.976    27.4552      0.702    6.50995    10.8171    10.8169    20.9382   11.81134 1.5946e+02      0.708 0.0000e+00
        170 184.425639    0.01174     0.7042     42.250  1020.9413  43593.863    27.4551      0.699    6.50992    10.8173    10.8171    20.9381   11.81129 1.5911e+02      0.705 0.0000e+00
