CTD-processing/allCTD/CNV--homogene/2012_06-05b_t9_s03b_cast024.cnv
* Sea-Bird SBE19plus Data File:
* FileName = C:\Documents and Settings\kris.holderied.local\My Documents\2012-KBRR-CTD-Kachemak-Bay\2012-KBRR-CTD-cast024.hex
* Software Version 1.54
* Temperature SN =  4141
* Conductivity SN =  4141
* System UpLoad Time = Jul 24 2012 20:23:01
** Kachemak Bay - Homer Spit Line CTD Survey
** Date:  2012-xx-xx   xxxx Tide (x of 2 lines)
** Station: 9-03
** Start time (AKDT-24 hr): 09:48
** Depth (m): 85.6
** Comments:  CTD time set wrong by 1 hour
# nquan = 17
# nvalues = 658                         
# units = specified
# name 0 = scan: Scan Count
# name 1 = timeJ: Julian Days
# name 2 = timeH: Time, Elapsed [hours]
# name 3 = timeM: Time, Elapsed [minutes]
# name 4 = timeS: Time, Elapsed [seconds]
# name 5 = density00: Density [density, kg/m^3]
# name 6 = specc: Specific Conductance [uS/cm]
# name 7 = sal00: Salinity, Practical [PSU]
# name 8 = depSM: Depth [salt water, m], lat = 59.00
# name 9 = oxsolML/L: Oxygen Saturation, Garcia & Gordon [ml/l]
# name 10 = potemp090C: Potential Temperature [ITS-90, deg C]
# name 11 = tv290C: Temperature [ITS-90, deg C]
# name 12 = sigma-é00: Density [sigma-theta, kg/m^3]
# name 13 = n2satML/L: Nitrogen Saturation [ml/l]
# name 14 = par: PAR/Irradiance, Biospherical/Licor
# name 15 = prdM: Pressure, Strain Gauge [db]
# name 16 = flag:  0.000e+00
# span 0 =          1,        658       
# span 1 = 157.450162, 157.452063       
# span 2 =    0.00000,    0.04562       
# span 3 =     0.0000,     2.7375       
# span 4 =      0.000,    164.250       
# span 5 =  1000.6013,  1025.3974       
# span 6 =   1708.044,  51065.586       
# span 7 =     0.8476,    31.6123       
# span 8 =     -0.046,     78.385       
# span 9 =    6.88956,    8.56492       
# span 10 =     4.4812,     7.4288      
# span 11 =     4.4855,     7.4289      
# span 12 =     0.6015,    25.0398      
# span 13 =   12.40355,   15.61712      
# span 14 = 3.6580e-02, 1.5423e+03      
# span 15 =     -0.047,     79.140      
# span 16 = 0.0000e+00, 0.0000e+00      
# interval = seconds: 0.25
# start_time = Jun 05 2012 10:48:14 [Instrument's time stamp, header]
# bad_flag = -9.990e-29
*END*
[from data line 86]
         87 157.450411    0.00597     0.3583     21.500  1001.1925   2918.572     1.6013     -0.035    8.51646     6.5244     6.4939     1.1927   15.52599 7.9694e+02     -0.035 0.0000e+00
         88 157.450414    0.00604     0.3625     21.750  1001.6105   3775.593     2.1337     -0.028    8.48688     6.5554     6.5055     1.6106   15.46893 8.4724e+02     -0.029 0.0000e+00
         89 157.450417    0.00611     0.3667     22.000  1002.2968   5178.744     3.0082     -0.018    8.43843     6.6067     6.5244     2.2969   15.37548 9.0744e+02     -0.018 0.0000e+00
         90 157.450420    0.00618     0.3708     22.250  1003.4309   7493.613     4.4535     -0.001    8.35845     6.6905     6.5554     3.4310   15.22121 9.5900e+02     -0.001 0.0000e+00
         91 157.450422    0.00625     0.3750     22.500  1005.3199  11348.529     6.8606      0.028    8.22531     6.8108     6.6067     5.3198   14.96439 9.9297e+02      0.028 0.0000e+00
         92 157.450425    0.00632     0.3792     22.750  1008.4716  17781.656    10.8767      0.073    8.00358     6.9513     6.6905     8.4713   14.53657 1.0062e+03      0.073 0.0000e+00
         93 157.450428    0.00639     0.3833     23.000  1012.7933  26545.014    16.3857      0.137    7.70061     7.0872     6.8108    12.7927   13.95253 9.9552e+02      0.138 0.0000e+00
         94 157.450431    0.00646     0.3875     23.250  1016.9272  34833.999    21.6607      0.217    7.40961     7.2029     6.9513    16.9262   13.39317 9.6520e+02      0.219 0.0000e+00
         95 157.450434    0.00653     0.3917     23.500  1019.7613  40477.167    25.2842      0.306    7.20472     7.2918     7.0872    19.7599   13.00127 9.1913e+02      0.309 0.0000e+00
         96 157.450437    0.00660     0.3958     23.750  1021.4309  43806.237    27.4244      0.398    7.07792     7.3540     7.2029    21.4290   12.76014 8.5369e+02      0.402 0.0000e+00
         97 157.450440    0.00667     0.4000     24.000  1022.4102  45762.584    28.6831      0.484    6.99988     7.3937     7.2918    22.4080   12.61255 7.7922e+02      0.488 0.0000e+00
         98 157.450443    0.00674     0.4042     24.250  1022.9832  46909.514    29.4212      0.556    6.95244     7.4165     7.3540    22.9806   12.52318 7.1626e+02      0.561 0.0000e+00
         99 157.450446    0.00681     0.4083     24.500  1023.3201  47585.072    29.8556      0.612    6.92398     7.4273     7.3937    23.3173   12.46968 6.7613e+02      0.618 0.0000e+00
        100 157.450448    0.00688     0.4125     24.750  1023.5222  47990.116    30.1159      0.655    6.90707     7.4288     7.4165    23.5191   12.43786 6.4407e+02      0.661 0.0000e+00
        101 157.450451    0.00694     0.4167     25.000  1023.6472  48239.876    30.2763      0.690    6.89720     7.4227     7.4273    23.6439   12.41917 5.9274e+02      0.696 0.0000e+00
        102 157.450454    0.00701     0.4208     25.250  1023.7261  48396.910    30.3767      0.722    6.89186     7.4104     7.4289    23.7227   12.40887 5.4241e+02      0.729 0.0000e+00
        103 157.450457    0.00708     0.4250     25.500  1023.7766  48496.678    30.4396      0.754    6.88966     7.3943     7.4227    23.7731   12.40430 5.1970e+02      0.761 0.0000e+00
        104 157.450460    0.00715     0.4292     25.750  1023.8107  48563.184    30.4806      0.788    6.88956     7.3771     7.4104    23.8070   12.40355 5.1460e+02      0.795 0.0000e+00
        105 157.450463    0.00722     0.4333     26.000  1023.8359  48611.714    30.5098      0.823    6.89067     7.3610     7.3943    23.8321   12.40497 5.0944e+02      0.830 0.0000e+00
        106 157.450466    0.00729     0.4375     26.250  1023.8559  48649.474    30.5321      0.856    6.89230     7.3471     7.3772    23.8519   12.40737 4.8635e+02      0.864 0.0000e+00
        107 157.450469    0.00736     0.4417     26.500  1023.8716  48678.945    30.5492      0.883    6.89404     7.3355     7.3611    23.8675   12.41001 4.5763e+02      0.891 0.0000e+00
        108 157.450472    0.00743     0.4458     26.750  1023.8836  48701.179    30.5620      0.899    6.89564     7.3257     7.3472    23.8794   12.41249 4.4491e+02      0.908 0.0000e+00
        109 157.450475    0.00750     0.4500     27.000  1023.8924  48717.519    30.5712      0.907    6.89705     7.3176     7.3356    23.8882   12.41471 4.4546e+02      0.915 0.0000e+00
        110 157.450477    0.00757     0.4542     27.250  1023.8990  48729.722    30.5779      0.908    6.89828     7.3110     7.3258    23.8948   12.41665 4.4058e+02      0.917 0.0000e+00
        111 157.450480    0.00764     0.4583     27.500  1023.9042  48739.458    30.5832      0.906    6.89932     7.3057     7.3177    23.9000   12.41830 4.1503e+02      0.915 0.0000e+00
        112 157.450483    0.00771     0.4625     27.750  1023.9086  48747.563    30.5877      0.904    6.90017     7.3017     7.3111    23.9044   12.41964 3.7975e+02      0.913 0.0000e+00
        113 157.450486    0.00778     0.4667     28.000  1023.9123  48754.237    30.5915      0.906    6.90083     7.2986     7.3058    23.9081   12.42069 3.4713e+02      0.914 0.0000e+00
        114 157.450489    0.00785     0.4708     28.250  1023.9153  48759.577    30.5945      0.911    6.90134     7.2963     7.3018    23.9110   12.42150 3.2427e+02      0.919 0.0000e+00
        115 157.450492    0.00792     0.4750     28.500  1023.9175  48763.699    30.5968      0.919    6.90172     7.2946     7.2987    23.9133   12.42209 3.1780e+02      0.928 0.0000e+00
        116 157.450495    0.00799     0.4792     28.750  1023.9194  48767.031    30.5988      0.927    6.90199     7.2933     7.2964    23.9151   12.42251 3.2431e+02      0.936 0.0000e+00
        117 157.450498    0.00806     0.4833     29.000  1023.9211  48770.176    30.6007      0.934    6.90217     7.2925     7.2947    23.9168   12.42279 3.3519e+02      0.943 0.0000e+00
        118 157.450501    0.00813     0.4875     29.250  1023.9228  48773.237    30.6026      0.937    6.90229     7.2921     7.2934    23.9185   12.42296 3.4228e+02      0.946 0.0000e+00
        119 157.450503    0.00819     0.4917     29.500  1023.9242  48775.750    30.6042      0.939    6.90235     7.2922     7.2926    23.9198   12.42305 3.4324e+02      0.948 0.0000e+00
        120 157.450506    0.00826     0.4958     29.750  1023.9251  48777.386    30.6053      0.941    6.90236     7.2926     7.2922    23.9207   12.42305 3.4385e+02      0.949 0.0000e+00
        121 157.450509    0.00833     0.5000     30.000  1023.9255  48778.177    30.6058      0.944    6.90232     7.2930     7.2923    23.9212   12.42298 3.4873e+02      0.953 0.0000e+00
        122 157.450512    0.00840     0.5042     30.250  1023.9256  48778.271    30.6059      0.951    6.90226     7.2933     7.2927    23.9212   12.42288 3.5713e+02      0.960 0.0000e+00
        123 157.450515    0.00847     0.5083     30.500  1023.9255  48777.969    30.6058      0.961    6.90220     7.2934     7.2931    23.9210   12.42278 3.6988e+02      0.970 0.0000e+00
        124 157.450518    0.00854     0.5125     30.750  1023.9254  48777.714    30.6057      0.974    6.90216     7.2934     7.2934    23.9209   12.42271 3.8321e+02      0.983 0.0000e+00
        125 157.450521    0.00861     0.5167     31.000  1023.9254  48777.763    30.6057      0.987    6.90214     7.2932     7.2935    23.9209   12.42268 3.9140e+02      0.996 0.0000e+00
        126 157.450524    0.00868     0.5208     31.250  1023.9256  48778.020    30.6059      0.999    6.90214     7.2929     7.2934    23.9211   12.42268 3.9706e+02      1.008 0.0000e+00
        127 157.450527    0.00875     0.5250     31.500  1023.9258  48778.285    30.6060      1.008    6.90217     7.2925     7.2932    23.9212   12.42272 4.0648e+02      1.017 0.0000e+00
        128 157.450530    0.00882     0.5292     31.750  1023.9260  48778.561    30.6061      1.014    6.90221     7.2921     7.2930    23.9214   12.42278 4.1510e+02      1.023 0.0000e+00
        129 157.450532    0.00889     0.5333     32.000  1023.9263  48779.011    30.6064      1.014    6.90225     7.2916     7.2926    23.9216   12.42285 4.2000e+02      1.024 0.0000e+00
        130 157.450535    0.00896     0.5375     32.250  1023.9267  48779.717    30.6068      1.012    6.90230     7.2912     7.2922    23.9220   12.42293 4.3485e+02      1.022 0.0000e+00
        131 157.450538    0.00903     0.5417     32.500  1023.9271  48780.555    30.6073      1.008    6.90235     7.2907     7.2917    23.9224   12.42300 4.6840e+02      1.018 0.0000e+00
        132 157.450541    0.00910     0.5458     32.750  1023.9275  48781.291    30.6078      1.006    6.90240     7.2903     7.2912    23.9228   12.42309 5.1919e+02      1.016 0.0000e+00
        133 157.450544    0.00917     0.5500     33.000  1023.9278  48781.761    30.6080      1.007    6.90246     7.2898     7.2908    23.9231   12.42318 5.8196e+02      1.017 0.0000e+00
        134 157.450547    0.00924     0.5542     33.250  1023.9279  48781.894    30.6081      1.012    6.90253     7.2893     7.2903    23.9232   12.42330 6.3544e+02      1.022 0.0000e+00
        135 157.450550    0.00931     0.5583     33.500  1023.9279  48781.787    30.6079      1.020    6.90261     7.2886     7.2899    23.9231   12.42343 6.5336e+02      1.030 0.0000e+00
        136 157.450553    0.00937     0.5625     33.750  1023.9279  48781.709    30.6077      1.030    6.90270     7.2879     7.2894    23.9231   12.42358 6.4807e+02      1.039 0.0000e+00
        137 157.450556    0.00944     0.5667     34.000  1023.9280  48781.853    30.6077      1.039    6.90280     7.2870     7.2887    23.9231   12.42375 6.6397e+02      1.049 0.0000e+00
        138 157.450558    0.00951     0.5708     34.250  1023.9282  48782.276    30.6079      1.047    6.90292     7.2863     7.2880    23.9234   12.42394 7.2691e+02      1.057 0.0000e+00
        139 157.450561    0.00958     0.5750     34.500  1023.9286  48782.953    30.6082      1.052    6.90304     7.2856     7.2871    23.9237   12.42413 7.8683e+02      1.062 0.0000e+00
        140 157.450564    0.00965     0.5792     34.750  1023.9291  48783.765    30.6087      1.054    6.90314     7.2851     7.2864    23.9242   12.42430 7.6560e+02      1.064 0.0000e+00
        141 157.450567    0.00972     0.5833     35.000  1023.9295  48784.543    30.6091      1.056    6.90323     7.2848     7.2857    23.9246   12.42443 6.9161e+02      1.066 0.0000e+00
        142 157.450570    0.00979     0.5875     35.250  1023.9298  48785.072    30.6094      1.059    6.90329     7.2846     7.2852    23.9249   12.42453 6.4315e+02      1.069 0.0000e+00
        143 157.450573    0.00986     0.5917     35.500  1023.9298  48785.178    30.6094      1.062    6.90334     7.2846     7.2849    23.9249   12.42461 6.4160e+02      1.072 0.0000e+00
        144 157.450576    0.00993     0.5958     35.750  1023.9297  48784.860    30.6092      1.066    6.90338     7.2846     7.2847    23.9248   12.42468 6.7971e+02      1.076 0.0000e+00
        145 157.450579    0.01000     0.6000     36.000  1023.9294  48784.262    30.6087      1.069    6.90340     7.2847     7.2847    23.9244   12.42472 7.3822e+02      1.079 0.0000e+00
        146 157.450582    0.01007     0.6042     36.250  1023.9290  48783.588    30.6083      1.071    6.90342     7.2848     7.2847    23.9241   12.42476 7.7557e+02      1.081 0.0000e+00
        147 157.450584    0.01014     0.6083     36.500  1023.9287  48783.020    30.6079      1.072    6.90342     7.2848     7.2848    23.9238   12.42477 7.6405e+02      1.082 0.0000e+00
        148 157.450587    0.01021     0.6125     36.750  1023.9285  48782.619    30.6076      1.073    6.90342     7.2848     7.2849    23.9235   12.42478 7.2104e+02      1.083 0.0000e+00
        149 157.450590    0.01028     0.6167     37.000  1023.9283  48782.268    30.6074      1.075    6.90343     7.2848     7.2849    23.9233   12.42479 6.7181e+02      1.085 0.0000e+00
        150 157.450593    0.01035     0.6208     37.250  1023.9280  48781.713    30.6070      1.077    6.90344     7.2849     7.2849    23.9230   12.42482 6.3112e+02      1.087 0.0000e+00
        151 157.450596    0.01042     0.6250     37.500  1023.9276  48780.880    30.6064      1.080    6.90347     7.2850     7.2849    23.9226   12.42487 6.1763e+02      1.090 0.0000e+00
        152 157.450599    0.01049     0.6292     37.750  1023.9271  48780.005    30.6058      1.083    6.90349     7.2852     7.2850    23.9221   12.42490 6.3013e+02      1.094 0.0000e+00
        153 157.450602    0.01056     0.6333     38.000  1023.9268  48779.361    30.6054      1.087    6.90349     7.2853     7.2851    23.9218   12.42491 6.3439e+02      1.097 0.0000e+00
        154 157.450605    0.01063     0.6375     38.250  1023.9265  48778.900    30.6051      1.090    6.90347     7.2855     7.2853    23.9215   12.42489 6.2004e+02      1.101 0.0000e+00
        155 157.450608    0.01069     0.6417     38.500  1023.9262  48778.228    30.6046      1.095    6.90346     7.2855     7.2854    23.9212   12.42488 6.0985e+02      1.105 0.0000e+00
        156 157.450611    0.01076     0.6458     38.750  1023.9256  48777.071    30.6039      1.099    6.90348     7.2855     7.2856    23.9205   12.42492 6.0816e+02      1.109 0.0000e+00
        157 157.450613    0.01083     0.6500     39.000  1023.9247  48775.450    30.6027      1.101    6.90352     7.2855     7.2856    23.9196   12.42501 6.1684e+02      1.112 0.0000e+00
        158 157.450616    0.01090     0.6542     39.250  1023.9237  48773.530    30.6014      1.102    6.90358     7.2855     7.2856    23.9186   12.42512 6.2887e+02      1.113 0.0000e+00
        159 157.450619    0.01097     0.6583     39.500  1023.9226  48771.524    30.6000      1.102    6.90365     7.2854     7.2856    23.9175   12.42525 6.2322e+02      1.112 0.0000e+00
        160 157.450622    0.01104     0.6625     39.750  1023.9216  48769.635    30.5987      1.101    6.90371     7.2853     7.2856    23.9164   12.42537 6.1208e+02      1.111 0.0000e+00
        161 157.450625    0.01111     0.6667     40.000  1023.9207  48767.991    30.5976      1.100    6.90377     7.2850     7.2855    23.9155   12.42549 6.0504e+02      1.111 0.0000e+00
        162 157.450628    0.01118     0.6708     40.250  1023.9199  48766.507    30.5965      1.101    6.90384     7.2847     7.2854    23.9147   12.42562 5.9504e+02      1.112 0.0000e+00
        163 157.450631    0.01125     0.6750     40.500  1023.9191  48765.028    30.5954      1.104    6.90393     7.2843     7.2851    23.9139   12.42577 5.9009e+02      1.114 0.0000e+00
        164 157.450634    0.01132     0.6792     40.750  1023.9182  48763.495    30.5943      1.108    6.90403     7.2838     7.2848    23.9131   12.42596 5.9845e+02      1.118 0.0000e+00
        165 157.450637    0.01139     0.6833     41.000  1023.9174  48761.901    30.5931      1.113    6.90415     7.2833     7.2844    23.9123   12.42617 6.2921e+02      1.124 0.0000e+00
        166 157.450639    0.01146     0.6875     41.250  1023.9165  48760.244    30.5919      1.119    6.90429     7.2827     7.2839    23.9114   12.42640 6.8000e+02      1.130 0.0000e+00
        167 157.450642    0.01153     0.6917     41.500  1023.9155  48758.309    30.5905      1.126    6.90443     7.2821     7.2834    23.9103   12.42666 7.2362e+02      1.136 0.0000e+00
        168 157.450645    0.01160     0.6958     41.750  1023.9139  48755.331    30.5883      1.132    6.90462     7.2812     7.2828    23.9087   12.42699 7.5519e+02      1.142 0.0000e+00
        169 157.450648    0.01167     0.7000     42.000  1023.9112  48750.352    30.5847      1.135    6.90489     7.2802     7.2822    23.9059   12.42748 7.8926e+02      1.146 0.0000e+00
        170 157.450651    0.01174     0.7042     42.250  1023.9075  48743.668    30.5800      1.136    6.90524     7.2792     7.2813    23.9023   12.42813 7.8571e+02      1.146 0.0000e+00
