CTD-processing/allCTD/CNV--homogene/2012_06-05a_t9_s10a_cast041.cnv
* Sea-Bird SBE19plus Data File:
* FileName = C:\Documents and Settings\kris.holderied.local\My Documents\2012-KBRR-CTD-Kachemak-Bay\2012-KBRR-CTD-cast041.hex
* Software Version 1.54
* Temperature SN =  4141
* Conductivity SN =  4141
* System UpLoad Time = Jul 24 2012 22:06:50
** Kachemak Bay - Homer Spit Line CTD Survey
** Date:  2012-xx-xx   xxxx Tide (x of 2 lines)
** Station: 9-10
** Start time (AKDT-24 hr): 17:35
** Depth (m): 62.2
** Comments:  CTD time set wrong by 1 hour
# nquan = 17
# nvalues = 626                         
# units = specified
# name 0 = scan: Scan Count
# name 1 = timeJ: Julian Days
# name 2 = timeH: Time, Elapsed [hours]
# name 3 = timeM: Time, Elapsed [minutes]
# name 4 = timeS: Time, Elapsed [seconds]
# name 5 = density00: Density [density, kg/m^3]
# name 6 = specc: Specific Conductance [uS/cm]
# name 7 = sal00: Salinity, Practical [PSU]
# name 8 = depSM: Depth [salt water, m], lat = 59.00
# name 9 = oxsolML/L: Oxygen Saturation, Garcia & Gordon [ml/l]
# name 10 = potemp090C: Potential Temperature [ITS-90, deg C]
# name 11 = tv290C: Temperature [ITS-90, deg C]
# name 12 = sigma-é00: Density [sigma-theta, kg/m^3]
# name 13 = n2satML/L: Nitrogen Saturation [ml/l]
# name 14 = par: PAR/Irradiance, Biospherical/Licor
# name 15 = prdM: Pressure, Strain Gauge [db]
# name 16 = flag:  0.000e+00
# span 0 =          1,        626       
# span 1 = 157.774907, 157.776716       
# span 2 =    0.00000,    0.04340       
# span 3 =     0.0000,     2.6042       
# span 4 =      0.000,    156.250       
# span 5 =  1000.5555,  1025.2630       
# span 6 =   1702.798,  50898.551       
# span 7 =     0.8414,    31.5930       
# span 8 =     -0.067,     60.051       
# span 9 =    6.96752,    8.37677       
# span 10 =     4.8964,     7.3449      
# span 11 =     4.9007,     7.3449      
# span 12 =     0.5558,    24.9812      
# span 13 =   12.52706,   15.30124      
# span 14 = 4.5180e-02, 8.8909e+02      
# span 15 =     -0.067,     60.627      
# span 16 = 0.0000e+00, 0.0000e+00      
# interval = seconds: 0.25
# start_time = Jun 05 2012 18:35:52 [Instrument's time stamp, header]
# bad_flag = -9.990e-29
*END*
[from data line 596]
        597 157.776632    0.04139     2.4833    149.000  1025.2469  50878.469    31.5826     58.221    7.24706     4.9358     4.9414    24.9736   12.98034 4.5275e-02     58.779 0.0000e+00
        598 157.776635    0.04146     2.4875    149.250  1025.2485  50881.826    31.5846     58.205    7.24715     4.9364     4.9403    24.9753   12.98046 4.5248e-02     58.762 0.0000e+00
        599 157.776638    0.04153     2.4917    149.500  1025.2496  50883.907    31.5860     58.186    7.24713     4.9369     4.9400    24.9765   12.98040 4.5236e-02     58.743 0.0000e+00
        600 157.776641    0.04160     2.4958    149.750  1025.2491  50883.034    31.5856     58.177    7.24706     4.9367     4.9405    24.9760   12.98030 4.5227e-02     58.734 0.0000e+00
        601 157.776644    0.04167     2.5000    150.000  1025.2478  50880.622    31.5840     58.185    7.24705     4.9356     4.9410    24.9747   12.98030 4.5207e-02     58.742 0.0000e+00
        602 157.776646    0.04174     2.5042    150.250  1025.2466  50878.255    31.5823     58.207    7.24716     4.9339     4.9409    24.9734   12.98051 4.5184e-02     58.765 0.0000e+00
        603 157.776649    0.04181     2.5083    150.500  1025.2461  50877.170    31.5813     58.237    7.24739     4.9321     4.9398    24.9728   12.98090 4.5180e-02     58.795 0.0000e+00
        604 157.776652    0.04188     2.5125    150.750  1025.2465  50877.890    31.5814     58.264    7.24768     4.9303     4.9381    24.9730   12.98138 4.5188e-02     58.823 0.0000e+00
        605 157.776655    0.04194     2.5167    151.000  1025.2472  50879.205    31.5819     58.283    7.24798     4.9288     4.9362    24.9736   12.98186 4.5202e-02     58.842 0.0000e+00
        606 157.776658    0.04201     2.5208    151.250  1025.2479  50880.718    31.5826     58.293    7.24825     4.9278     4.9345    24.9744   12.98230 4.5251e-02     58.852 0.0000e+00
        607 157.776661    0.04208     2.5250    151.500  1025.2490  50882.864    31.5837     58.300    7.24846     4.9272     4.9330    24.9754   12.98263 4.5374e-02     58.859 0.0000e+00
        608 157.776664    0.04215     2.5292    151.750  1025.2502  50885.062    31.5850     58.310    7.24858     4.9271     4.9319    24.9765   12.98282 4.5598e-02     58.868 0.0000e+00
        609 157.776667    0.04222     2.5333    152.000  1025.2511  50886.674    31.5860     58.328    7.24863     4.9273     4.9314    24.9774   12.98288 4.5982e-02     58.886 0.0000e+00
        610 157.776670    0.04229     2.5375    152.250  1025.2516  50887.277    31.5863     58.360    7.24863     4.9274     4.9313    24.9777   12.98287 4.6631e-02     58.919 0.0000e+00
        611 157.776672    0.04236     2.5417    152.500  1025.2515  50886.705    31.5859     58.412    7.24862     4.9272     4.9314    24.9774   12.98286 4.7712e-02     58.972 0.0000e+00
        612 157.776675    0.04243     2.5458    152.750  1025.2511  50885.287    31.5850     58.486    7.24865     4.9264     4.9315    24.9766   12.98292 4.9512e-02     59.046 0.0000e+00
        613 157.776678    0.04250     2.5500    153.000  1025.2503  50883.168    31.5834     58.581    7.24876     4.9244     4.9313    24.9754   12.98313 5.1651e-02     59.143 0.0000e+00
        614 157.776681    0.04257     2.5542    153.250  1025.2489  50879.782    31.5809     58.697    7.24903     4.9209     4.9305    24.9734   12.98360 5.2926e-02     59.259 0.0000e+00
        615 157.776684    0.04264     2.5583    153.500  1025.2473  50876.110    31.5779     58.826    7.24951     4.9163     4.9286    24.9713   12.98443 5.2943e-02     59.390 0.0000e+00
        616 157.776687    0.04271     2.5625    153.750  1025.2469  50874.709    31.5761     58.964    7.25019     4.9113     4.9252    24.9702   12.98559 5.2270e-02     59.529 0.0000e+00
        617 157.776690    0.04278     2.5667    154.000  1025.2480  50876.198    31.5760     59.108    7.25100     4.9066     4.9205    24.9707   12.98693 5.1409e-02     59.674 0.0000e+00
        618 157.776693    0.04285     2.5708    154.250  1025.2504  50879.981    31.5775     59.260    7.25180     4.9029     4.9156    24.9723   12.98822 5.0581e-02     59.828 0.0000e+00
        619 157.776696    0.04292     2.5750    154.500  1025.2537  50885.181    31.5799     59.420    7.25248     4.9003     4.9109    24.9748   12.98932 4.9831e-02     59.990 0.0000e+00
        620 157.776698    0.04299     2.5792    154.750  1025.2569  50890.226    31.5825     59.576    7.25300     4.8987     4.9072    24.9772   12.99015 4.9180e-02     60.148 0.0000e+00
        621 157.776701    0.04306     2.5833    155.000  1025.2593  50893.989    31.5844     59.714    7.25336     4.8977     4.9046    24.9790   12.99071 4.8660e-02     60.287 0.0000e+00
        622 157.776704    0.04312     2.5875    155.250  1025.2609  50896.264    31.5856     59.828    7.25358     4.8970     4.9030    24.9801   12.99107 4.8265e-02     60.402 0.0000e+00
        623 157.776707    0.04319     2.5917    155.500  1025.2618  50897.361    31.5861     59.919    7.25374     4.8966     4.9020    24.9806   12.99132 4.7970e-02     60.494 0.0000e+00
        624 157.776710    0.04326     2.5958    155.750  1025.2624  50897.864    31.5863     59.989    7.25385     4.8964     4.9013    24.9808   12.99150 4.7746e-02     60.564 0.0000e+00
        625 157.776713    0.04333     2.6000    156.000  1025.2628  50898.306    31.5865     60.035    7.25392 -9.990e-29     4.9009    24.9810   12.99161 4.7577e-02     60.611 0.0000e+00
        626 157.776716    0.04340     2.6042    156.250  1025.2630  50898.551    31.5866     60.051    7.25395 -9.990e-29     4.9007    24.9811   12.99165 4.7505e-02     60.627 0.0000e+00
