CTD-processing/allCTD/CNV--homogene/2012_08-03_t9_s05_cast005.cnv
* Sea-Bird SBE19plus Data File:
* FileName = C:\Documents and Settings\kris.holderied.local\My Documents\2012-08-03-CTD-HomerSpit\2012-08-03-KachemakBay-HomerSpit-cast005.hex
* Software Version 1.54
* Temperature SN =  5028
* Conductivity SN =  5028
* System UpLoad Time = Aug 15 2012 01:12:34
** Kachemak Bay Homer Spit CTD Survey Mckeon Flat to Spit
** Date:  2012-08-03
** Station:  9-05
** Start time (AKDT-24 hr): 1601
** Depth (ft): 309
** Comment:None
# nquan = 17
# nvalues = 610                         
# units = specified
# name 0 = scan: Scan Count
# name 1 = timeJ: Julian Days
# name 2 = timeH: Time, Elapsed [hours]
# name 3 = timeM: Time, Elapsed [minutes]
# name 4 = timeS: Time, Elapsed [seconds]
# name 5 = density00: Density [density, kg/m^3]
# name 6 = specc: Specific Conductance [uS/cm]
# name 7 = sal00: Salinity, Practical [PSU]
# name 8 = depSM: Depth [salt water, m], lat = 59.00
# name 9 = oxsolML/L: Oxygen Saturation, Garcia & Gordon [ml/l]
# name 10 = potemp090C: Potential Temperature [ITS-90, deg C]
# name 11 = tv290C: Temperature [ITS-90, deg C]
# name 12 = sigma-é00: Density [sigma-theta, kg/m^3]
# name 13 = n2satML/L: Nitrogen Saturation [ml/l]
# name 14 = par: PAR/Irradiance, Biospherical/Licor [umol photons/m^2/sec]
# name 15 = prdM: Pressure, Strain Gauge [db]
# name 16 = flag:  0.000e+00
# span 0 =          1,        610       
# span 1 = 216.666019, 216.667781       
# span 2 =    0.00000,    0.04229       
# span 3 =     0.0000,     2.5375       
# span 4 =      0.000,    152.250       
# span 5 =  1000.6240,  1024.8761       
# span 6 =   2472.160,  49836.230       
# span 7 =     1.2666,    31.3834       
# span 8 =      0.026,     88.808       
# span 9 =    6.45794,    7.69879       
# span 10 =     7.7803,    10.9473      
# span 11 =     7.7887,    10.9474      
# span 12 =     0.6238,    24.4657      
# span 13 =   11.71433,   14.15127      
# span 14 = 6.0657e-02, 9.7163e+02      
# span 15 =      0.026,     89.665      
# span 16 = 0.0000e+00, 0.0000e+00      
# interval = seconds: 0.25
# start_time = Aug 03 2012 15:59:04 [Instrument's time stamp, header]
# bad_flag = -9.990e-29
*END*
[from data line 426]
        427 216.667251    0.02958     1.7750    106.500  1024.0669  48899.172    30.9858     32.035    6.56969     9.3570     9.3712    23.9199   11.86771 2.7848e-01     32.340 0.0000e+00
        428 216.667254    0.02965     1.7792    106.750  1024.0679  48897.938    30.9842     32.358    6.57041     9.3490     9.3667    23.9193   11.86893 2.6661e-01     32.666 0.0000e+00
        429 216.667257    0.02972     1.7833    107.000  1024.0685  48896.050    30.9819     32.678    6.57141     9.3395     9.3605    23.9185   11.87061 2.5553e-01     32.989 0.0000e+00
        430 216.667260    0.02979     1.7875    107.250  1024.0699  48895.369    30.9802     32.995    6.57265     9.3292     9.3525    23.9184   11.87268 2.4507e-01     33.310 0.0000e+00
        431 216.667263    0.02986     1.7917    107.500  1024.0724  48896.677    30.9797     33.312    6.57403     9.3184     9.3431    23.9195   11.87498 2.3511e-01     33.629 0.0000e+00
        432 216.667266    0.02993     1.7958    107.750  1024.0764  48900.455    30.9808     33.629    6.57548     9.3076     9.3328    23.9220   11.87737 2.2557e-01     33.949 0.0000e+00
        433 216.667269    0.03000     1.8000    108.000  1024.0819  48907.033    30.9838     33.947    6.57692     9.2972     9.3220    23.9261   11.87972 2.1642e-01     34.270 0.0000e+00
        434 216.667271    0.03007     1.8042    108.250  1024.0890  48916.437    30.9888     34.266    6.57829     9.2880     9.3112    23.9317   11.88192 2.0769e-01     34.592 0.0000e+00
        435 216.667274    0.03014     1.8083    108.500  1024.0971  48927.848    30.9953     34.586    6.57952     9.2802     9.3008    23.9383   11.88388 1.9941e-01     34.915 0.0000e+00
        436 216.667277    0.03021     1.8125    108.750  1024.1057  48940.067    31.0025     34.907    6.58056     9.2740     9.2916    23.9454   11.88552 1.9161e-01     35.239 0.0000e+00
        437 216.667280    0.03028     1.8167    109.000  1024.1140  48951.947    31.0097     35.228    6.58138     9.2689     9.2839    23.9522   11.88679 1.8430e-01     35.563 0.0000e+00
        438 216.667283    0.03035     1.8208    109.250  1024.1214  48962.397    31.0161     35.548    6.58201     9.2643     9.2778    23.9581   11.88775 1.7744e-01     35.886 0.0000e+00
        439 216.667286    0.03042     1.8250    109.500  1024.1277  48971.002    31.0213     35.868    6.58253     9.2595     9.2727    23.9630   11.88854 1.7102e-01     36.209 0.0000e+00
        440 216.667289    0.03049     1.8292    109.750  1024.1332  48978.156    31.0255     36.188    6.58303     9.2541     9.2681    23.9670   11.88931 1.6504e-01     36.532 0.0000e+00
        441 216.667292    0.03056     1.8333    110.000  1024.1383  48984.476    31.0292     36.507    6.58356     9.2475     9.2633    23.9706   11.89016 1.5944e-01     36.855 0.0000e+00
        442 216.667295    0.03062     1.8375    110.250  1024.1432  48990.399    31.0325     36.827    6.58420     9.2391     9.2580    23.9740   11.89118 1.5417e-01     37.177 0.0000e+00
        443 216.667297    0.03069     1.8417    110.500  1024.1480  48996.074    31.0354     37.146    6.58503     9.2284     9.2514    23.9774   11.89252 1.4926e-01     37.500 0.0000e+00
        444 216.667300    0.03076     1.8458    110.750  1024.1530  49002.080    31.0384     37.466    6.58613     9.2156     9.2431    23.9810   11.89430 1.4473e-01     37.822 0.0000e+00
        445 216.667303    0.03083     1.8500    111.000  1024.1591  49009.754    31.0422     37.785    6.58754     9.2017     9.2324    23.9856   11.89658 1.4058e-01     38.144 0.0000e+00
        446 216.667306    0.03090     1.8542    111.250  1024.1667  49019.916    31.0474     38.103    6.58918     9.1880     9.2196    23.9917   11.89924 1.3686e-01     38.466 0.0000e+00
        447 216.667309    0.03097     1.8583    111.500  1024.1755  49032.211    31.0540     38.421    6.59093     9.1756     9.2057    23.9990   11.90205 1.3362e-01     38.787 0.0000e+00
        448 216.667312    0.03104     1.8625    111.750  1024.1847  49045.398    31.0613     38.738    6.59262     9.1647     9.1921    24.0067   11.90477 1.3098e-01     39.107 0.0000e+00
        449 216.667315    0.03111     1.8667    112.000  1024.1934  49057.698    31.0681     39.053    6.59415     9.1550     9.1796    24.0140   11.90722 1.2918e-01     39.425 0.0000e+00
        450 216.667318    0.03118     1.8708    112.250  1024.2008  49067.759    31.0735     39.366    6.59551     9.1456     9.1688    24.0199   11.90940 1.2726e-01     39.741 0.0000e+00
        451 216.667321    0.03125     1.8750    112.500  1024.2067  49075.246    31.0773     39.676    6.59677     9.1360     9.1591    24.0244   11.91144 1.2389e-01     40.054 0.0000e+00
        452 216.667323    0.03132     1.8792    112.750  1024.2116  49081.025    31.0799     39.982    6.59802     9.1261     9.1498    24.0279   11.91348 1.1995e-01     40.363 0.0000e+00
        453 216.667326    0.03139     1.8833    113.000  1024.2163  49086.497    31.0823     40.285    6.59932     9.1158     9.1402    24.0312   11.91561 1.1647e-01     40.670 0.0000e+00
        454 216.667329    0.03146     1.8875    113.250  1024.2210  49091.948    31.0847     40.590    6.60068     9.1053     9.1303    24.0346   11.91784 1.1337e-01     40.977 0.0000e+00
        455 216.667332    0.03153     1.8917    113.500  1024.2255  49096.875    31.0866     40.898    6.60210     9.0942     9.1201    24.0376   11.92016 1.1054e-01     41.288 0.0000e+00
        456 216.667335    0.03160     1.8958    113.750  1024.2301  49101.877    31.0885     41.208    6.60356     9.0830     9.1096    24.0407   11.92256 1.0794e-01     41.601 0.0000e+00
        457 216.667338    0.03167     1.9000    114.000  1024.2356  49108.645    31.0916     41.517    6.60505     9.0722     9.0985    24.0448   11.92499 1.0554e-01     41.913 0.0000e+00
        458 216.667341    0.03174     1.9042    114.250  1024.2421  49117.185    31.0959     41.823    6.60651     9.0617     9.0873    24.0499   11.92735 1.0329e-01     42.222 0.0000e+00
        459 216.667344    0.03181     1.9083    114.500  1024.2483  49125.249    31.0999     42.127    6.60792     9.0512     9.0765    24.0547   11.92964 1.0117e-01     42.529 0.0000e+00
        460 216.667347    0.03188     1.9125    114.750  1024.2535  49131.524    31.1027     42.430    6.60933     9.0401     9.0661    24.0585   11.93194 9.9183e-02     42.835 0.0000e+00
        461 216.667350    0.03194     1.9167    115.000  1024.2578  49136.066    31.1043     42.733    6.61080     9.0276     9.0556    24.0614   11.93436 9.7325e-02     43.141 0.0000e+00
        462 216.667352    0.03201     1.9208    115.250  1024.2613  49139.207    31.1048     43.038    6.61242     9.0136     9.0445    24.0635   11.93703 9.5585e-02     43.449 0.0000e+00
        463 216.667355    0.03208     1.9250    115.500  1024.2650  49142.530    31.1053     43.344    6.61422     8.9983     9.0321    24.0657   11.94001 9.3944e-02     43.758 0.0000e+00
        464 216.667358    0.03215     1.9292    115.750  1024.2701  49148.190    31.1072     43.652    6.61621     8.9828     9.0181    24.0693   11.94328 9.2383e-02     44.068 0.0000e+00
        465 216.667361    0.03222     1.9333    116.000  1024.2770  49157.275    31.1113     43.960    6.61829     8.9685     9.0028    24.0749   11.94667 9.0895e-02     44.379 0.0000e+00
        466 216.667364    0.03229     1.9375    116.250  1024.2857  49169.450    31.1175     44.268    6.62031     8.9567     8.9873    24.0821   11.94994 8.9487e-02     44.691 0.0000e+00
        467 216.667367    0.03236     1.9417    116.500  1024.2948  49182.588    31.1246     44.578    6.62210     8.9472     8.9732    24.0898   11.95281 8.8146e-02     45.004 0.0000e+00
        468 216.667370    0.03243     1.9458    116.750  1024.3029  49193.901    31.1307     44.890    6.62358     8.9388     8.9614    24.0964   11.95519 8.6855e-02     45.318 0.0000e+00
        469 216.667373    0.03250     1.9500    117.000  1024.3089  49201.663    31.1347     45.201    6.62481     8.9295     8.9519    24.1010   11.95718 8.5613e-02     45.633 0.0000e+00
        470 216.667376    0.03257     1.9542    117.250  1024.3127  49205.546    31.1361     45.513    6.62600     8.9177     8.9435    24.1033   11.95912 8.4423e-02     45.948 0.0000e+00
        471 216.667378    0.03264     1.9583    117.500  1024.3155  49207.677    31.1361     45.825    6.62737     8.9039     8.9342    24.1048   11.96139 8.3280e-02     46.263 0.0000e+00
        472 216.667381    0.03271     1.9625    117.750  1024.3202  49212.785    31.1379     46.139    6.62903     8.8903     8.9224    24.1080   11.96411 8.2192e-02     46.580 0.0000e+00
        473 216.667384    0.03278     1.9667    118.000  1024.3278  49223.267    31.1432     46.455    6.63084     8.8788     8.9086    24.1142   11.96705 8.1173e-02     46.899 0.0000e+00
        474 216.667387    0.03285     1.9708    118.250  1024.3367  49235.999    31.1501     46.772    6.63255     8.8695     8.8951    24.1216   11.96979 8.0215e-02     47.219 0.0000e+00
        475 216.667390    0.03292     1.9750    118.500  1024.3447  49247.132    31.1561     47.090    6.63399     8.8618     8.8836    24.1281   11.97210 7.9309e-02     47.540 0.0000e+00
        476 216.667393    0.03299     1.9792    118.750  1024.3511  49255.706    31.1606     47.408    6.63516     8.8551     8.8744    24.1331   11.97400 7.8449e-02     47.862 0.0000e+00
        477 216.667396    0.03306     1.9833    119.000  1024.3563  49262.093    31.1639     47.728    6.63615     8.8488     8.8667    24.1368   11.97560 7.7635e-02     48.185 0.0000e+00
        478 216.667399    0.03313     1.9875    119.250  1024.3604  49266.702    31.1660     48.050    6.63705     8.8424     8.8601    24.1394   11.97706 7.6861e-02     48.509 0.0000e+00
        479 216.667402    0.03319     1.9917    119.500  1024.3640  49270.205    31.1675     48.373    6.63792     8.8356     8.8538    24.1415   11.97848 7.6125e-02     48.836 0.0000e+00
        480 216.667405    0.03326     1.9958    119.750  1024.3674  49273.455    31.1687     48.697    6.63882     8.8283     8.8474    24.1434   11.97995 7.5434e-02     49.163 0.0000e+00
        481 216.667407    0.03333     2.0000    120.000  1024.3708  49276.614    31.1698     49.020    6.63977     8.8203     8.8406    24.1453   11.98152 7.4791e-02     49.489 0.0000e+00
        482 216.667410    0.03340     2.0042    120.250  1024.3741  49279.612    31.1707     49.342    6.64081     8.8114     8.8334    24.1471   11.98323 7.4186e-02     49.814 0.0000e+00
        483 216.667413    0.03347     2.0083    120.500  1024.3775  49282.621    31.1716     49.663    6.64196     8.8014     8.8254    24.1489   11.98512 7.3616e-02     50.138 0.0000e+00
        484 216.667416    0.03354     2.0125    120.750  1024.3808  49285.523    31.1722     49.984    6.64325     8.7902     8.8165    24.1508   11.98725 7.3084e-02     50.462 0.0000e+00
        485 216.667419    0.03361     2.0167    121.000  1024.3844  49289.040    31.1731     50.304    6.64470     8.7786     8.8065    24.1530   11.98964 7.2582e-02     50.786 0.0000e+00
        486 216.667422    0.03368     2.0208    121.250  1024.3893  49294.680    31.1753     50.627    6.64626     8.7676     8.7953    24.1564   11.99220 7.2110e-02     51.111 0.0000e+00
        487 216.667425    0.03375     2.0250    121.500  1024.3954  49302.425    31.1789     50.951    6.64782     8.7578     8.7838    24.1609   11.99474 7.1665e-02     51.439 0.0000e+00
        488 216.667428    0.03382     2.0292    121.750  1024.4019  49310.969    31.1831     51.278    6.64927     8.7496     8.7728    24.1659   11.99709 7.1224e-02     51.769 0.0000e+00
        489 216.667431    0.03389     2.0333    122.000  1024.4082  49319.204    31.1874     51.606    6.65054     8.7429     8.7630    24.1707   11.99914 7.0792e-02     52.100 0.0000e+00
        490 216.667433    0.03396     2.0375    122.250  1024.4139  49326.482    31.1912     51.934    6.65160     8.7376     8.7548    24.1749   12.00084 7.0389e-02     52.431 0.0000e+00
        491 216.667436    0.03403     2.0417    122.500  1024.4189  49332.642    31.1944     52.263    6.65245     8.7335     8.7482    24.1784   12.00220 7.0008e-02     52.763 0.0000e+00
        492 216.667439    0.03410     2.0458    122.750  1024.4233  49337.597    31.1969     52.593    6.65312     8.7301     8.7429    24.1812   12.00329 6.9636e-02     53.096 0.0000e+00
        493 216.667442    0.03417     2.0500    123.000  1024.4268  49341.214    31.1987     52.923    6.65365     8.7273     8.7388    24.1833   12.00415 6.9278e-02     53.429 0.0000e+00
        494 216.667445    0.03424     2.0542    123.250  1024.4298  49343.774    31.1999     53.252    6.65409     8.7248     8.7356    24.1847   12.00486 6.8934e-02     53.761 0.0000e+00
        495 216.667448    0.03431     2.0583    123.500  1024.4323  49345.713    31.2007     53.580    6.65447     8.7223     8.7328    24.1857   12.00548 6.8605e-02     54.092 0.0000e+00
        496 216.667451    0.03438     2.0625    123.750  1024.4346  49347.147    31.2012     53.907    6.65483     8.7197     8.7302    24.1865   12.00606 6.8299e-02     54.423 0.0000e+00
        497 216.667454    0.03444     2.0667    124.000  1024.4366  49348.072    31.2014     54.234    6.65518     8.7168     8.7278    24.1870   12.00664 6.8016e-02     54.753 0.0000e+00
        498 216.667457    0.03451     2.0708    124.250  1024.4384  49348.620    31.2012     54.557    6.65557     8.7134     8.7252    24.1872   12.00728 6.7739e-02     55.079 0.0000e+00
        499 216.667459    0.03458     2.0750    124.500  1024.4401  49349.024    31.2010     54.879    6.65601     8.7093     8.7224    24.1875   12.00802 6.7472e-02     55.404 0.0000e+00
        500 216.667462    0.03465     2.0792    124.750  1024.4417  49349.278    31.2005     55.199    6.65653     8.7043     8.7190    24.1876   12.00889 6.7232e-02     55.727 0.0000e+00
        501 216.667465    0.03472     2.0833    125.000  1024.4432  49349.253    31.1998     55.518    6.65717     8.6982     8.7150    24.1877   12.00995 6.7017e-02     56.049 0.0000e+00
        502 216.667468    0.03479     2.0875    125.250  1024.4448  49349.376    31.1990     55.834    6.65795     8.6912     8.7099    24.1878   12.01126 6.6815e-02     56.369 0.0000e+00
        503 216.667471    0.03486     2.0917    125.500  1024.4470  49350.537    31.1988     56.149    6.65887     8.6840     8.7038    24.1885   12.01278 6.6623e-02     56.687 0.0000e+00
        504 216.667474    0.03493     2.0958    125.750  1024.4502  49353.455    31.1997     56.462    6.65986     8.6775     8.6969    24.1903   12.01441 6.6438e-02     57.003 0.0000e+00
        505 216.667477    0.03500     2.1000    126.000  1024.4544  49358.151    31.2018     56.773    6.66083     8.6721     8.6898    24.1930   12.01599 6.6257e-02     57.317 0.0000e+00
        506 216.667480    0.03507     2.1042    126.250  1024.4589  49363.622    31.2045     57.084    6.66169     8.6679     8.6833    24.1961   12.01737 6.6076e-02     57.631 0.0000e+00
        507 216.667483    0.03514     2.1083    126.500  1024.4632  49368.596    31.2071     57.396    6.66238     8.6647     8.6779    24.1989   12.01848 6.5896e-02     57.946 0.0000e+00
        508 216.667486    0.03521     2.1125    126.750  1024.4668  49372.392    31.2090     57.709    6.66292     8.6620     8.6737    24.2010   12.01935 6.5721e-02     58.262 0.0000e+00
        509 216.667488    0.03528     2.1167    127.000  1024.4695  49374.796    31.2101     58.022    6.66335     8.6592     8.6705    24.2024   12.02005 6.5555e-02     58.578 0.0000e+00
        510 216.667491    0.03535     2.1208    127.250  1024.4716  49376.003    31.2104     58.334    6.66374     8.6562     8.6678    24.2030   12.02070 6.5396e-02     58.893 0.0000e+00
