CTD-processing/allCTD/CNV--homogene/2012-08-15-kbay-along-bay-inner-cast015-s10.cnv
* Sea-Bird SBE19plus Data File:
* FileName = C:\Documents and Settings\kris.holderied.local\My Documents\2012-08-15-KBay-along-bay-inner\2012-08-15-Kbay-along-bay-inner-cast015.hex
* Software Version 1.54
* Temperature SN =  5028
* Conductivity SN =  5028
* System UpLoad Time = Aug 23 2012 21:26:53
** Kachemak Bay - Along-bay CTD survey, inner bay
** Date:  2012-08-15
** Station:  KB-10
** Start time (AKDT-24 hr): 1046
** Depth (ft): 199
** Comment:Lots of till. Crossed front ~1nm from station. Crossed side front also 1/10 mile NW of station
# nquan = 17
# nvalues = 442                         
# units = specified
# name 0 = scan: Scan Count
# name 1 = timeJ: Julian Days
# name 2 = timeH: Time, Elapsed [hours]
# name 3 = timeM: Time, Elapsed [minutes]
# name 4 = timeS: Time, Elapsed [seconds]
# name 5 = density00: Density [density, kg/m^3]
# name 6 = specc: Specific Conductance [uS/cm]
# name 7 = sal00: Salinity, Practical [PSU]
# name 8 = depSM: Depth [salt water, m], lat = 59.00
# name 9 = oxsolML/L: Oxygen Saturation, Garcia & Gordon [ml/l]
# name 10 = potemp090C: Potential Temperature [ITS-90, deg C]
# name 11 = tv290C: Temperature [ITS-90, deg C]
# name 12 = sigma-é00: Density [sigma-theta, kg/m^3]
# name 13 = n2satML/L: Nitrogen Saturation [ml/l]
# name 14 = par: PAR/Irradiance, Biospherical/Licor [umol photons/m^2/sec]
# name 15 = prdM: Pressure, Strain Gauge [db]
# name 16 = flag:  0.000e+00
# span 0 =          1,        442       
# span 1 = 228.448495, 228.449771       
# span 2 =    0.00000,    0.03062       
# span 3 =     0.0000,     1.8375       
# span 4 =      0.000,    110.250       
# span 5 =  1000.1437,  1024.4486       
# span 6 =   1674.782,  49366.013       
# span 7 =     0.8420,    31.1813       
# span 8 =      0.002,     52.913       
# span 9 =    6.29923,    7.48225       
# span 10 =     8.4962,    13.8026      
# span 11 =     8.5014,    13.8027      
# span 12 =     0.1436,    24.2047      
# span 13 =   11.47131,   13.79096      
# span 14 = 6.2241e-02, 1.7606e+02      
# span 15 =      0.002,     53.419      
# span 16 = 0.0000e+00, 0.0000e+00      
# interval = seconds: 0.25
# start_time = Aug 15 2012 10:45:50 [Instrument's time stamp, header]
# bad_flag = -9.990e-29
*END*
[from data line 256]
        257 228.449236    0.01778     1.0667     64.000  1017.4665  37591.050    23.4860      0.844    6.34672    13.1177    13.1690    17.4627   11.58727 7.4840e+01      0.853 0.0000e+00
        258 228.449239    0.01785     1.0708     64.250  1017.5301  37703.682    23.5615      0.845    6.34780    13.1053    13.1385    17.5263   11.58817 7.4803e+01      0.853 0.0000e+00
        259 228.449242    0.01792     1.0750     64.500  1017.5686  37771.045    23.6065      0.846    6.34880    13.0980    13.1178    17.5647   11.58930 7.4709e+01      0.854 0.0000e+00
        260 228.449245    0.01799     1.0792     64.750  1017.5923  37812.760    23.6344      0.848    6.34935    13.0910    13.1054    17.5885   11.58989 7.4671e+01      0.856 0.0000e+00
        261 228.449248    0.01806     1.0833     65.000  1017.6112  37846.476    23.6571      0.849    6.34944    13.0813    13.0981    17.6073   11.58976 7.4762e+01      0.857 0.0000e+00
        262 228.449251    0.01812     1.0875     65.250  1017.6299  37880.013    23.6798      0.848    6.34947    13.0698    13.0911    17.6260   11.58955 7.4838e+01      0.856 0.0000e+00
        263 228.449253    0.01819     1.0917     65.500  1017.6471  37910.101    23.6999      0.846    6.34997    13.0598    13.0814    17.6432   11.59015 7.4802e+01      0.854 0.0000e+00
        264 228.449256    0.01826     1.0958     65.750  1017.6594  37930.498    23.7132      0.843    6.35099    13.0545    13.0699    17.6556   11.59169 7.4864e+01      0.851 0.0000e+00
        265 228.449259    0.01833     1.1000     66.000  1017.6646  37937.799    23.7176      0.839    6.35216    13.0555    13.0599    17.6607   11.59358 7.5421e+01      0.847 0.0000e+00
        266 228.449262    0.01840     1.1042     66.250  1017.6611  37929.954    23.7118      0.834    6.35310    13.0632    13.0546    17.6572   11.59521 7.6566e+01      0.842 0.0000e+00
        267 228.449265    0.01847     1.1083     66.500  1017.6479  37905.496    23.6950      0.828    6.35363    13.0762    13.0556    17.6441   11.59630 7.8061e+01      0.836 0.0000e+00
        268 228.449268    0.01854     1.1125     66.750  1017.6277  37869.407    23.6707      0.820    6.35356    13.0915    13.0633    17.6240   11.59648 7.9894e+01      0.828 0.0000e+00
        269 228.449271    0.01861     1.1167     67.000  1017.6046  37829.153    23.6438      0.808    6.35289    13.1078    13.0763    17.6009   11.59567 8.2276e+01      0.816 0.0000e+00
        270 228.449274    0.01868     1.1208     67.250  1017.5784  37783.521    23.6134      0.792    6.35204    13.1267    13.0916    17.5747   11.59463 8.5508e+01      0.800 0.0000e+00
        271 228.449277    0.01875     1.1250     67.500  1017.5448  37724.390    23.5737      0.774    6.35143    13.1512    13.1079    17.5412   11.59408 8.9777e+01      0.781 0.0000e+00
        272 228.449280    0.01882     1.1292     67.750  1017.4985  37642.051    23.5183      0.752    6.35109    13.1834    13.1268    17.4951   11.59418 9.4778e+01      0.760 0.0000e+00
        273 228.449282    0.01889     1.1333     68.000  1017.4352  37528.875    23.4420      0.730    6.35083    13.2207    13.1513    17.4319   11.59466 9.9418e+01      0.737 0.0000e+00
        274 228.449285    0.01896     1.1375     68.250  1017.3662  37406.831    23.3601      0.713    6.34975    13.2531    13.1835    17.3630   11.59384 1.0186e+02      0.720 0.0000e+00
        275 228.449288    0.01903     1.1417     68.500  1017.3211  37330.999    23.3103      0.710    6.34674    13.2699    13.2208    17.3179   11.58941 1.0068e+02      0.717 0.0000e+00
        276 228.449291    0.01910     1.1458     68.750  1017.3210  37338.680    23.3176      0.728    6.34212    13.2649    13.2532    17.3177   11.58162 9.5424e+01      0.735 0.0000e+00
        277 228.449294    0.01917     1.1500     69.000  1017.3714  37437.332    23.3867      0.771    6.33714    13.2346    13.2700    17.3679   11.57248 8.6693e+01      0.778 0.0000e+00
        278 228.449297    0.01924     1.1542     69.250  1017.4746  37629.475    23.5189      0.840    6.33259    13.1784    13.2650    17.4707   11.56331 7.6551e+01      0.848 0.0000e+00
        279 228.449300    0.01931     1.1583     69.500  1017.6329  37918.551    23.7164      0.933    6.32884    13.1000    13.2347    17.6286   11.55470 6.6633e+01      0.942 0.0000e+00
        280 228.449303    0.01938     1.1625     69.750  1017.8533  38317.491    23.9883      1.054    6.32559    13.0055    13.1785    17.8485   11.54605 5.6987e+01      1.064 0.0000e+00
        281 228.449306    0.01944     1.1667     70.000  1018.1538  38860.413    24.3586      1.210    6.32143    12.9027    13.1002    18.1483   11.53472 4.7526e+01      1.221 0.0000e+00
        282 228.449308    0.01951     1.1708     70.250  1018.5365  39552.467    24.8312      1.405    6.31537    12.7995    13.0056    18.5302   11.51902 3.8706e+01      1.418 0.0000e+00
        283 228.449311    0.01958     1.1750     70.500  1018.9557  40309.614    25.3489      1.638    6.30864    12.7005    12.9029    18.9483   11.50165 3.1045e+01      1.653 0.0000e+00
        284 228.449314    0.01965     1.1792     70.750  1019.3535  41025.463    25.8384      1.902    6.30307    12.6066    12.7997    19.3448   11.48658 2.4819e+01      1.920 0.0000e+00
        285 228.449317    0.01972     1.1833     71.000  1019.6968  41639.887    26.2581      2.192    6.29969    12.5169    12.7008    19.6868   11.47598 2.0008e+01      2.213 0.0000e+00
        286 228.449320    0.01979     1.1875     71.250  1019.9691  42122.758    26.5869      2.501    6.29923    12.4330    12.6068    19.9578   11.47131 1.6389e+01      2.525 0.0000e+00
        287 228.449323    0.01986     1.1917     71.500  1020.1732  42479.524    26.8283      2.823    6.30165    12.3565    12.5172    20.1604   11.47249 1.3686e+01      2.850 0.0000e+00
        288 228.449326    0.01993     1.1958     71.750  1020.3272  42744.395    27.0061      3.155    6.30582    12.2846    12.4334    20.3129   11.47731 1.1648e+01      3.185 0.0000e+00
        289 228.449329    0.02000     1.2000     72.000  1020.4510  42954.783    27.1465      3.493    6.31049    12.2096    12.3570    20.4351   11.48341 1.0081e+01      3.526 0.0000e+00
        290 228.449332    0.02007     1.2042     72.250  1020.5647  43147.410    27.2749      3.835    6.31505    12.1199    12.2851    20.5473   11.48947 8.8438e+00      3.871 0.0000e+00
        291 228.449334    0.02014     1.2083     72.500  1020.6891  43359.109    27.4163      4.181    6.31953    11.9993    12.2100    20.6700   11.49526 7.8387e+00      4.220 0.0000e+00
        292 228.449337    0.02021     1.2125     72.750  1020.8487  43633.197    27.6000      4.529    6.32433    11.8279    12.1205    20.8280   11.50106 6.9977e+00      4.572 0.0000e+00
        293 228.449340    0.02028     1.2167     73.000  1021.0665  44008.849    27.8519      4.880    6.33064    11.5987    11.9998    21.0443   11.50857 6.2757e+00      4.926 0.0000e+00
        294 228.449343    0.02035     1.2208     73.250  1021.3420  44481.256    28.1667      5.234    6.34135    11.3322    11.8284    21.3182   11.52262 5.6421e+00      5.283 0.0000e+00
        295 228.449346    0.02042     1.2250     73.500  1021.6475  44998.443    28.5073      5.591    6.35894    11.0618    11.5993    21.6220   11.54778 5.0788e+00      5.644 0.0000e+00
        296 228.449349    0.02049     1.2292     73.750  1021.9510  45506.233    28.8373      5.952    6.38213    10.8060    11.3329    21.9238   11.58238 4.5775e+00      6.008 0.0000e+00
        297 228.449352    0.02056     1.2333     74.000  1022.2316  45972.556    29.1370      6.316    6.40724    10.5676    11.0625    22.2027   11.62050 4.1328e+00      6.376 0.0000e+00
        298 228.449355    0.02063     1.2375     74.250  1022.4829  46389.430    29.4027      6.680    6.43187    10.3510    10.8068    22.4524   11.65821 3.7404e+00      6.744 0.0000e+00
        299 228.449358    0.02069     1.2417     74.500  1022.7078  46762.162    29.6385      7.041    6.45548    10.1654    10.5684    22.6756   11.69456 3.3973e+00      7.108 0.0000e+00
        300 228.449361    0.02076     1.2458     74.750  1022.9054  47089.596    29.8442      7.396    6.47740    10.0140    10.3518    22.8715   11.72847 3.0998e+00      7.466 0.0000e+00
        301 228.449363    0.02083     1.2500     75.000  1023.0714  47364.799    30.0162      7.744    6.49647     9.8935    10.1663    23.0359   11.75803 2.8420e+00      7.817 0.0000e+00
        302 228.449366    0.02090     1.2542     75.250  1023.2056  47587.436    30.1548      8.088    6.51216     9.7993    10.0149    23.1685   11.78238 2.6170e+00      8.164 0.0000e+00
        303 228.449369    0.02097     1.2583     75.500  1023.3118  47763.455    30.2640      8.429    6.52475     9.7267     9.8944    23.2732   11.80195 2.4191e+00      8.509 0.0000e+00
        304 228.449372    0.02104     1.2625     75.750  1023.3944  47900.114    30.3485      8.766    6.53465     9.6702     9.8003    23.3542   11.81735 2.2444e+00      8.849 0.0000e+00
        305 228.449375    0.02111     1.2667     76.000  1023.4582  48005.343    30.4134      9.097    6.54233     9.6245     9.7277    23.4165   11.82929 2.0908e+00      9.183 0.0000e+00
        306 228.449378    0.02118     1.2708     76.250  1023.5080  48087.341    30.4639      9.417    6.54831     9.5852     9.6712    23.4649   11.83860 1.9564e+00      9.506 0.0000e+00
        307 228.449381    0.02125     1.2750     76.500  1023.5486  48153.821    30.5048      9.726    6.55316     9.5492     9.6256    23.5040   11.84614 1.8384e+00      9.818 0.0000e+00
        308 228.449384    0.02132     1.2792     76.750  1023.5836  48211.019    30.5399     10.029    6.55734     9.5140     9.5863    23.5376   11.85265 1.7325e+00     10.124 0.0000e+00
        309 228.449387    0.02139     1.2833     77.000  1023.6158  48263.575    30.5720     10.336    6.56119     9.4783     9.5503    23.5684   11.85864 1.6338e+00     10.434 0.0000e+00
        310 228.449389    0.02146     1.2875     77.250  1023.6472  48314.745    30.6033     10.654    6.56497     9.4426     9.5151    23.5983   11.86453 1.5401e+00     10.755 0.0000e+00
        311 228.449392    0.02153     1.2917     77.500  1023.6783  48365.215    30.6340     10.985    6.56885     9.4071     9.4795    23.6278   11.87057 1.4516e+00     11.089 0.0000e+00
        312 228.449395    0.02160     1.2958     77.750  1023.7082  48413.563    30.6631     11.326    6.57281     9.3710     9.4438    23.6562   11.87678 1.3685e+00     11.434 0.0000e+00
        313 228.449398    0.02167     1.3000     78.000  1023.7369  48459.710    30.6907     11.676    6.57680     9.3332     9.4083    23.6833   11.88306 1.2905e+00     11.786 0.0000e+00
        314 228.449401    0.02174     1.3042     78.250  1023.7657  48506.193    30.7184     12.032    6.58087     9.2935     9.3723    23.7105   11.88947 1.2170e+00     12.147 0.0000e+00
        315 228.449404    0.02181     1.3083     78.500  1023.7963  48555.633    30.7479     12.395    6.58513     9.2536     9.3345    23.7394   11.89616 1.1481e+00     12.512 0.0000e+00
        316 228.449407    0.02187     1.3125     78.750  1023.8289  48608.469    30.7795     12.761    6.58958     9.2158     9.2949    23.7703   11.90314 1.0840e+00     12.882 0.0000e+00
        317 228.449410    0.02194     1.3167     79.000  1023.8617  48661.865    30.8115     13.129    6.59405     9.1813     9.2550    23.8014   11.91016 1.0249e+00     13.254 0.0000e+00
        318 228.449413    0.02201     1.3208     79.250  1023.8925  48711.665    30.8412     13.500    6.59832     9.1513     9.2172    23.8305   11.91688 9.7052e-01     13.628 0.0000e+00
        319 228.449416    0.02208     1.3250     79.500  1023.9200  48755.796    30.8674     13.871    6.60224     9.1265     9.1828    23.8562   11.92306 9.2013e-01     14.003 0.0000e+00
        320 228.449418    0.02215     1.3292     79.750  1023.9438  48793.647    30.8897     14.242    6.60569     9.1067     9.1528    23.8783   11.92849 8.7323e-01     14.377 0.0000e+00
        321 228.449421    0.02222     1.3333     80.000  1023.9636  48824.738    30.9080     14.612    6.60856     9.0915     9.1279    23.8964   11.93302 8.2945e-01     14.751 0.0000e+00
        322 228.449424    0.02229     1.3375     80.250  1023.9794  48849.017    30.9222     14.980    6.61084     9.0796     9.1083    23.9105   11.93664 7.8856e-01     15.122 0.0000e+00
        323 228.449427    0.02236     1.3417     80.500  1023.9914  48866.949    30.9325     15.343    6.61263     9.0694     9.0931    23.9209   11.93947 7.5048e-01     15.489 0.0000e+00
        324 228.449430    0.02243     1.3458     80.750  1024.0005  48879.728    30.9397     15.699    6.61408     9.0596     9.0813    23.9283   11.94177 7.1507e-01     15.848 0.0000e+00
        325 228.449433    0.02250     1.3500     81.000  1024.0076  48889.111    30.9447     16.047    6.61535     9.0487     9.0711    23.9338   11.94382 6.8206e-01     16.199 0.0000e+00
        326 228.449436    0.02257     1.3542     81.250  1024.0137  48896.837    30.9486     16.388    6.61663     9.0361     9.0613    23.9384   11.94590 6.5125e-01     16.543 0.0000e+00
        327 228.449439    0.02264     1.3583     81.500  1024.0200  48904.727    30.9525     16.720    6.61806     9.0221     9.0504    23.9431   11.94822 6.2252e-01     16.878 0.0000e+00
        328 228.449442    0.02271     1.3625     81.750  1024.0273  48914.549    30.9576     17.042    6.61970     9.0076     9.0379    23.9489   11.95087 5.9585e-01     17.204 0.0000e+00
        329 228.449444    0.02278     1.3667     82.000  1024.0361  48927.027    30.9642     17.355    6.62148     8.9938     9.0239    23.9563   11.95373 5.7105e-01     17.520 0.0000e+00
        330 228.449447    0.02285     1.3708     82.250  1024.0458  48941.184    30.9720     17.662    6.62328     8.9811     9.0094    23.9646   11.95661 5.4729e-01     17.830 0.0000e+00
        331 228.449450    0.02292     1.3750     82.500  1024.0553  48954.935    30.9796     17.972    6.62499     8.9693     8.9956    23.9726   11.95936 5.2394e-01     18.142 0.0000e+00
        332 228.449453    0.02299     1.3792     82.750  1024.0637  48966.825    30.9861     18.287    6.62658     8.9579     8.9829    23.9796   11.96192 5.0111e-01     18.460 0.0000e+00
        333 228.449456    0.02306     1.3833     83.000  1024.0712  48977.090    30.9915     18.608    6.62809     8.9467     8.9712    23.9856   11.96435 4.7888e-01     18.784 0.0000e+00
        334 228.449459    0.02313     1.3875     83.250  1024.0785  48986.878    30.9966     18.934    6.62955     8.9358     8.9598    23.9913   11.96671 4.5727e-01     19.113 0.0000e+00
        335 228.449462    0.02319     1.3917     83.500  1024.0858  48996.885    31.0019     19.263    6.63097     8.9257     8.9486    23.9972   11.96900 4.3646e-01     19.446 0.0000e+00
        336 228.449465    0.02326     1.3958     83.750  1024.0932  49006.862    31.0073     19.595    6.63234     8.9162     8.9378    24.0030   11.97120 4.1655e-01     19.781 0.0000e+00
        337 228.449468    0.02333     1.4000     84.000  1024.1002  49016.276    31.0123     19.928    6.63362     8.9074     8.9277    24.0085   11.97327 3.9757e-01     20.117 0.0000e+00
        338 228.449470    0.02340     1.4042     84.250  1024.1067  49024.921    31.0169     20.261    6.63482     8.8990     8.9183    24.0135   11.97519 3.7958e-01     20.453 0.0000e+00
        339 228.449473    0.02347     1.4083     84.500  1024.1129  49032.880    31.0211     20.592    6.63594     8.8909     8.9095    24.0181   11.97699 3.6260e-01     20.788 0.0000e+00
        340 228.449476    0.02354     1.4125     84.750  1024.1188  49040.439    31.0250     20.921    6.63702     8.8831     8.9011    24.0225   11.97872 3.4663e-01     21.120 0.0000e+00
