CTD-processing/allCTD/CNV--homogene/2012_05-02_t3_s08_cast019.cnv
* Sea-Bird SBE19plus Data File:
* FileName = C:\Documents and Settings\glenn.seaman\My Documents\KHolderied-files\CTD-DATA-FILES\2012-05-LTM-LowerCookInlet-CTD\Transect3-2012-05-02-AnchPt\2012-05-02-Transect3-AnchorPt019.hex
* Software Version 1.59
* Temperature SN =  5028
* Conductivity SN =  5028
* System UpLoad Time = May 03 2012 00:33:38
** LTM Transect3-AnchorPt
** Date: 2012-05-02
** Station:3-8
** Start time (AKDT-24hr):2200
** Depth (m, not incl. transducer):76
** Zooplankton (50m), phytoplankton (sfc), water grab (1 m)
# nquan = 17
# nvalues = 705                         
# units = specified
# name 0 = scan: Scan Count
# name 1 = timeJ: Julian Days
# name 2 = timeH: Time, Elapsed [hours]
# name 3 = timeM: Time, Elapsed [minutes]
# name 4 = timeS: Time, Elapsed [seconds]
# name 5 = density00: Density [density, kg/m^3]
# name 6 = specc: Specific Conductance [uS/cm]
# name 7 = sal00: Salinity, Practical [PSU]
# name 8 = depSM: Depth [salt water, m], lat = 59.00
# name 9 = oxsolML/L: Oxygen Saturation, Garcia & Gordon [ml/l]
# name 10 = potemp090C: Potential Temperature [ITS-90, deg C]
# name 11 = tv290C: Temperature [ITS-90, deg C]
# name 12 = sigma-é00: Density [sigma-theta, kg/m^3]
# name 13 = n2satML/L: Nitrogen Saturation [ml/l]
# name 14 = par: PAR/Irradiance, Biospherical/Licor [umol photons/m^2/sec]
# name 15 = prdM: Pressure, Strain Gauge [db]
# name 16 = flag:  0.000e+00
# span 0 =          1,        705       
# span 1 = 123.915648, 123.917685       
# span 2 =    0.00000,    0.04889       
# span 3 =     0.0000,     2.9333       
# span 4 =      0.000,    176.000       
# span 5 =  1000.2962,  1025.1991       
# span 6 =    864.926,  50838.264       
# span 7 =     0.4063,    31.2712       
# span 8 =     -0.101,     74.825       
# span 9 =    7.42713,    9.38159       
# span 10 =     3.0431,     4.1187      
# span 11 =     3.0431,     4.1187      
# span 12 =     0.2967,    24.8454      
# span 13 =   13.28652,   16.99566      
# span 14 = 3.7490e-02, 7.9181e+00      
# span 15 =     -0.102,     75.544      
# span 16 = 0.0000e+00, 0.0000e+00      
# interval = seconds: 0.25
# start_time = May 02 2012 21:58:32 [Instrument's time stamp, header]
# bad_flag = -9.990e-29
*END*
          1 123.915648    0.00000     0.0000      0.000  1000.2962    864.926     0.4063     -0.100    9.38159     3.0453     3.0455     0.2967   16.99566 5.5923e+00     -0.101 0.0000e+00
          2 123.915651    0.00007     0.0042      0.250  1000.3175    918.451     0.4327     -0.100    9.37994     3.0451     3.0454     0.3180   16.99244 5.6402e+00     -0.101 0.0000e+00
          3 123.915654    0.00014     0.0083      0.500  1000.3480    994.989     0.4704     -0.100    9.37757     3.0449     3.0453     0.3485   16.98784 5.6670e+00     -0.101 0.0000e+00
          4 123.915657    0.00021     0.0125      0.750  1000.3865   1091.252     0.5181     -0.100    9.37459     3.0448     3.0451     0.3870   16.98203 5.6697e+00     -0.101 0.0000e+00
          5 123.915660    0.00028     0.0167      1.000  1000.4316   1203.847     0.5740     -0.100    9.37108     3.0446     3.0449     0.4321   16.97520 5.6789e+00     -0.101 0.0000e+00
          6 123.915663    0.00035     0.0208      1.250  1000.4829   1331.175     0.6375     -0.100    9.36709     3.0444     3.0448     0.4834   16.96744 5.7760e+00     -0.101 0.0000e+00
          7 123.915666    0.00042     0.0250      1.500  1000.5372   1465.765     0.7049     -0.101    9.36286     3.0442     3.0446     0.5377   16.95921 5.9831e+00     -0.102 0.0000e+00
          8 123.915668    0.00049     0.0292      1.750  1000.5893   1594.238     0.7694     -0.101    9.35882     3.0440     3.0444     0.5898   16.95133 6.1788e+00     -0.102 0.0000e+00
          9 123.915671    0.00056     0.0333      2.000  1000.6334   1702.756     0.8241     -0.101    9.35539     3.0438     3.0442     0.6339   16.94466 6.2774e+00     -0.102 0.0000e+00
         10 123.915674    0.00063     0.0375      2.250  1000.6605   1769.412     0.8577     -0.100    9.35331     3.0436     3.0440     0.6610   16.94059 6.3813e+00     -0.101 0.0000e+00
         11 123.915677    0.00069     0.0417      2.500  1000.6641   1778.512     0.8622     -0.100    9.35307     3.0434     3.0438     0.6646   16.94012 6.5994e+00     -0.101 0.0000e+00
         12 123.915680    0.00076     0.0458      2.750  1000.6493   1742.379     0.8438     -0.100    9.35428     3.0432     3.0436     0.6498   16.94247 6.8858e+00     -0.101 0.0000e+00
         13 123.915683    0.00083     0.0500      3.000  1000.6251   1683.085     0.8138     -0.100    9.35624     3.0431     3.0434     0.6256   16.94625 7.1505e+00     -0.101 0.0000e+00
         14 123.915686    0.00090     0.0542      3.250  1000.5957   1611.034     0.7774     -0.100    9.35859     3.0431     3.0432     0.5962   16.95082 7.3720e+00     -0.101 0.0000e+00
         15 123.915689    0.00097     0.0583      3.500  1000.5626   1529.431     0.7364     -0.100    9.36124     3.0433     3.0431     0.5631   16.95594 7.5552e+00     -0.101 0.0000e+00
         16 123.915692    0.00104     0.0625      3.750  1000.5282   1444.338     0.6937     -0.100    9.36395     3.0439     3.0431     0.5287   16.96122 7.6803e+00     -0.101 0.0000e+00
         17 123.915694    0.00111     0.0667      4.000  1000.4960   1364.313     0.6538     -0.100    9.36644     3.0451     3.0433     0.4965   16.96606 7.7562e+00     -0.101 0.0000e+00
         18 123.915697    0.00118     0.0708      4.250  1000.4672   1292.316     0.6181     -0.100    9.36857     3.0473     3.0439     0.4677   16.97024 7.8253e+00     -0.101 0.0000e+00
         19 123.915700    0.00125     0.0750      4.500  1000.4413   1227.035     0.5860     -0.100    9.37032     3.0512     3.0451     0.4418   16.97374 7.8782e+00     -0.101 0.0000e+00
         20 123.915703    0.00132     0.0792      4.750  1000.4201   1172.697     0.5598     -0.100    9.37147     3.0577     3.0473     0.4206   16.97611 7.8818e+00     -0.101 0.0000e+00
         21 123.915706    0.00139     0.0833      5.000  1000.4070   1137.390     0.5436     -0.100    9.37156     3.0667     3.0512     0.4075   16.97655 7.8641e+00     -0.101 0.0000e+00
         22 123.915709    0.00146     0.0875      5.250  1000.4041   1125.706     0.5400     -0.099    9.37022     3.0766     3.0577     0.4045   16.97441 7.8609e+00     -0.100 0.0000e+00
         23 123.915712    0.00153     0.0917      5.500  1000.4123   1139.044     0.5503     -0.099    9.36745     3.0861     3.0667     0.4128   16.96964 7.8637e+00     -0.100 0.0000e+00
         24 123.915715    0.00160     0.0958      5.750  1000.4338   1180.978     0.5773     -0.098    9.36347     3.0950     3.0766     0.4343   16.96260 7.8615e+00     -0.099 0.0000e+00
         25 123.915718    0.00167     0.1000      6.000  1000.4744   1262.787     0.6282     -0.098    9.35820     3.1034     3.0861     0.4749   16.95304 7.8661e+00     -0.099 0.0000e+00
         26 123.915720    0.00174     0.1042      6.250  1000.5451   1406.829     0.7169     -0.097    9.35094     3.1121     3.0950     0.5456   16.93959 7.8822e+00     -0.098 0.0000e+00
         27 123.915723    0.00181     0.1083      6.500  1000.6647   1652.079     0.8671     -0.094    9.34026     3.1223     3.1034     0.6652   16.91951 7.8988e+00     -0.095 0.0000e+00
         28 123.915726    0.00187     0.1125      6.750  1000.8665   2066.739     1.1205     -0.090    9.32362     3.1357     3.1121     0.8669   16.88794 7.9129e+00     -0.091 0.0000e+00
         29 123.915729    0.00194     0.1167      7.000  1001.2063   2767.017     1.5472     -0.084    9.29669     3.1554     3.1223     1.2067   16.83659 7.9181e+00     -0.085 0.0000e+00
         30 123.915732    0.00201     0.1208      7.250  1001.7774   3946.078     2.2643     -0.073    9.25230     3.1861     3.1357     1.7777   16.75173 7.8832e+00     -0.074 0.0000e+00
         31 123.915735    0.00208     0.1250      7.500  1002.7344   5924.675     3.4661     -0.056    9.17858     3.2356     3.1554     2.7347   16.61062 7.7787e+00     -0.057 0.0000e+00
         32 123.915738    0.00215     0.1292      7.750  1004.3349   9235.914     5.4757     -0.027    9.05583     3.3163     3.1861     4.3351   16.37552 7.5997e+00     -0.028 0.0000e+00
         33 123.915741    0.00222     0.1333      8.000  1007.0071  14766.411     8.8309      0.021    8.85130     3.4362     3.2356     7.0070   15.98368 7.3347e+00      0.021 0.0000e+00
         34 123.915744    0.00229     0.1375      8.250  1011.0528  23068.802    13.9134      0.096    8.54233     3.5808     3.3163    11.0523   15.39242 6.9093e+00      0.097 0.0000e+00
         35 123.915747    0.00236     0.1417      8.500  1015.6140  32306.997    19.6496      0.196    8.19159     3.7197     3.4362    15.6131   14.72323 6.1872e+00      0.197 0.0000e+00
         36 123.915749    0.00243     0.1458      8.750  1019.1547  39410.871    24.1091      0.302    7.91121     3.8323     3.5808    19.1533   14.19104 5.2634e+00      0.305 0.0000e+00
         37 123.915752    0.00250     0.1500      9.000  1021.3004  43703.262    26.8171      0.397    7.73166     3.9151     3.7198    21.2985   13.85261 4.5270e+00      0.401 0.0000e+00
         38 123.915755    0.00257     0.1542      9.250  1022.5636  46228.754    28.4149      0.472    7.61995     3.9731     3.8324    22.5614   13.64333 4.1626e+00      0.476 0.0000e+00
         39 123.915758    0.00264     0.1583      9.500  1023.3245  47746.927    29.3791      0.524    7.54988     4.0129     3.9151    23.3220   13.51267 4.0497e+00      0.529 0.0000e+00
         40 123.915761    0.00271     0.1625      9.750  1023.7903  48673.523    29.9702      0.553    7.50569     4.0402     3.9731    23.7877   13.43055 4.0554e+00      0.558 0.0000e+00
         41 123.915764    0.00278     0.1667     10.000  1024.0762  49240.625    30.3336      0.561    7.47782     4.0593     4.0129    24.0735   13.37893 4.0805e+00      0.566 0.0000e+00
         42 123.915767    0.00285     0.1708     10.250  1024.2530  49590.159    30.5587      0.556    7.46013     4.0728     4.0402    24.2504   13.34627 4.0403e+00      0.562 0.0000e+00
         43 123.915770    0.00292     0.1750     10.500  1024.3597  49800.550    30.6948      0.547    7.44897     4.0822     4.0593    24.3571   13.32576 3.9417e+00      0.553 0.0000e+00
         44 123.915773    0.00299     0.1792     10.750  1024.4193  49918.392    30.7713      0.539    7.44216     4.0882     4.0729    24.4168   13.31333 3.8457e+00      0.544 0.0000e+00
         45 123.915775    0.00306     0.1833     11.000  1024.4491  49977.994    30.8099      0.532    7.43821     4.0916     4.0822    24.4467   13.30619 3.8185e+00      0.537 0.0000e+00
         46 123.915778    0.00313     0.1875     11.250  1024.4613  50003.014    30.8259      0.524    7.43613     4.0930     4.0882    24.4589   13.30248 3.8907e+00      0.529 0.0000e+00
         47 123.915781    0.00319     0.1917     11.500  1024.4655  50012.515    30.8316      0.512    7.43511     4.0935     4.0916    24.4632   13.30069 4.0408e+00      0.517 0.0000e+00
         48 123.915784    0.00326     0.1958     11.750  1024.4693  50020.682    30.8366      0.493    7.43453     4.0937     4.0930    24.4670   13.29964 4.3223e+00      0.497 0.0000e+00
         49 123.915787    0.00333     0.2000     12.000  1024.4745  50031.182    30.8434      0.466    7.43407     4.0940     4.0935    24.4723   13.29878 4.8256e+00      0.470 0.0000e+00
         50 123.915790    0.00340     0.2042     12.250  1024.4788  50039.730    30.8489      0.432    7.43373     4.0945     4.0937    24.4767   13.29813 5.4530e+00      0.436 0.0000e+00
         51 123.915793    0.00347     0.2083     12.500  1024.4808  50043.976    30.8517      0.396    7.43352     4.0954     4.0940    24.4789   13.29775 5.9976e+00      0.400 0.0000e+00
         52 123.915796    0.00354     0.2125     12.750  1024.4817  50045.870    30.8530      0.369    7.43335     4.0968     4.0945    24.4799   13.29744 6.3679e+00      0.372 0.0000e+00
         53 123.915799    0.00361     0.2167     13.000  1024.4822  50046.966    30.8539      0.357    7.43314     4.0985     4.0954    24.4805   13.29708 6.4850e+00      0.360 0.0000e+00
         54 123.915802    0.00368     0.2208     13.250  1024.4825  50047.186    30.8544      0.366    7.43287     4.1001     4.0968    24.4807   13.29663 6.2644e+00      0.369 0.0000e+00
         55 123.915804    0.00375     0.2250     13.500  1024.4820  50045.822    30.8538      0.395    7.43259     4.1015     4.0985    24.4801   13.29618 5.6804e+00      0.399 0.0000e+00
         56 123.915807    0.00382     0.2292     13.750  1024.4800  50041.522    30.8512      0.438    7.43241     4.1023     4.1002    24.4779   13.29592 4.9234e+00      0.443 0.0000e+00
         57 123.915810    0.00389     0.2333     14.000  1024.4763  50034.109    30.8465      0.487    7.43241     4.1025     4.1015    24.4740   13.29598 4.3425e+00      0.492 0.0000e+00
         58 123.915813    0.00396     0.2375     14.250  1024.4725  50026.481    30.8414      0.533    7.43252     4.1023     4.1023    24.4699   13.29622 4.0179e+00      0.538 0.0000e+00
         59 123.915816    0.00403     0.2417     14.500  1024.4710  50023.375    30.8393      0.570    7.43259     4.1020     4.1025    24.4683   13.29636 3.8559e+00      0.575 0.0000e+00
         60 123.915819    0.00410     0.2458     14.750  1024.4744  50029.639    30.8435      0.594    7.43241     4.1016     4.1023    24.4716   13.29601 3.8110e+00      0.599 0.0000e+00
         61 123.915822    0.00417     0.2500     15.000  1024.4832  50045.864    30.8545      0.605    7.43191     4.1011     4.1020    24.4804   13.29504 3.8334e+00      0.610 0.0000e+00
         62 123.915825    0.00424     0.2542     15.250  1024.4937  50065.332    30.8677      0.603    7.43131     4.1007     4.1017    24.4908   13.29388 3.8554e+00      0.609 0.0000e+00
         63 123.915828    0.00431     0.2583     15.500  1024.5023  50081.370    30.8785      0.590    7.43086     4.1007     4.1012    24.4995   13.29299 3.8491e+00      0.596 0.0000e+00
         64 123.915830    0.00438     0.2625     15.750  1024.5079  50091.964    30.8856      0.571    7.43058     4.1014     4.1007    24.5052   13.29245 3.8490e+00      0.577 0.0000e+00
         65 123.915833    0.00444     0.2667     16.000  1024.5101  50096.323    30.8886      0.549    7.43043     4.1026     4.1007    24.5076   13.29216 3.8901e+00      0.554 0.0000e+00
         66 123.915836    0.00451     0.2708     16.250  1024.5086  50093.546    30.8869      0.525    7.43039     4.1038     4.1014    24.5061   13.29212 4.0081e+00      0.530 0.0000e+00
         67 123.915839    0.00458     0.2750     16.500  1024.5033  50083.820    30.8805      0.502    7.43050     4.1049     4.1026    24.5010   13.29238 4.2245e+00      0.507 0.0000e+00
         68 123.915842    0.00465     0.2792     16.750  1024.4953  50069.075    30.8707      0.479    7.43076     4.1057     4.1038    24.4931   13.29294 4.5371e+00      0.483 0.0000e+00
         69 123.915845    0.00472     0.2833     17.000  1024.4865  50052.760    30.8599      0.455    7.43111     4.1063     4.1049    24.4844   13.29365 4.9640e+00      0.459 0.0000e+00
         70 123.915848    0.00479     0.2875     17.250  1024.4788  50038.599    30.8505      0.431    7.43144     4.1071     4.1057    24.4768   13.29432 5.4739e+00      0.434 0.0000e+00
         71 123.915851    0.00486     0.2917     17.500  1024.4736  50028.913    30.8441      0.409    7.43165     4.1080     4.1064    24.4717   13.29475 5.9630e+00      0.412 0.0000e+00
         72 123.915854    0.00493     0.2958     17.750  1024.4712  50024.541    30.8413      0.394    7.43165     4.1091     4.1071    24.4694   13.29480 6.3162e+00      0.397 0.0000e+00
         73 123.915856    0.00500     0.3000     18.000  1024.4707  50023.514    30.8408      0.393    7.43150     4.1101     4.1080    24.4689   13.29456 6.4251e+00      0.397 0.0000e+00
         74 123.915859    0.00507     0.3042     18.250  1024.4697  50021.262    30.8395      0.414    7.43137     4.1107     4.1091    24.4678   13.29436 6.2218e+00      0.418 0.0000e+00
         75 123.915862    0.00514     0.3083     18.500  1024.4671  50015.803    30.8360      0.459    7.43137     4.1110     4.1101    24.4649   13.29440 5.6625e+00      0.463 0.0000e+00
         76 123.915865    0.00521     0.3125     18.750  1024.4636  50008.772    30.8313      0.524    7.43149     4.1111     4.1107    24.4611   13.29467 4.8953e+00      0.529 0.0000e+00
         77 123.915868    0.00528     0.3167     19.000  1024.4605  50002.415    30.8270      0.603    7.43166     4.1112     4.1110    24.4576   13.29500 4.2604e+00      0.609 0.0000e+00
         78 123.915871    0.00535     0.3208     19.250  1024.4590  49998.974    30.8246      0.687    7.43176     4.1115     4.1111    24.4557   13.29520 3.8854e+00      0.694 0.0000e+00
         79 123.915874    0.00542     0.3250     19.500  1024.4601  50000.347    30.8256      0.765    7.43169     4.1120     4.1112    24.4565   13.29507 3.6931e+00      0.772 0.0000e+00
         80 123.915877    0.00549     0.3292     19.750  1024.4645  50007.864    30.8307      0.827    7.43138     4.1129     4.1115    24.4605   13.29449 3.6223e+00      0.834 0.0000e+00
         81 123.915880    0.00556     0.3333     20.000  1024.4726  50022.544    30.8408      0.866    7.43078     4.1142     4.1120    24.4685   13.29337 3.6301e+00      0.875 0.0000e+00
         82 123.915883    0.00562     0.3375     20.250  1024.4839  50043.211    30.8550      0.881    7.42991     4.1158     4.1129    24.4797   13.29174 3.6807e+00      0.890 0.0000e+00
         83 123.915885    0.00569     0.3417     20.500  1024.4958  50065.088    30.8702      0.871    7.42890     4.1172     4.1142    24.4917   13.28988 3.7483e+00      0.880 0.0000e+00
         84 123.915888    0.00576     0.3458     20.750  1024.5050  50081.967    30.8821      0.842    7.42802     4.1183     4.1158    24.5010   13.28827 3.8226e+00      0.850 0.0000e+00
         85 123.915891    0.00583     0.3500     21.000  1024.5087  50088.902    30.8872      0.802    7.42751     4.1187     4.1173    24.5049   13.28735 3.8754e+00      0.809 0.0000e+00
