CTD-processing/allCTD/CNV--homogene/2012_08-03_t9_s04_cast004.cnv
* Sea-Bird SBE19plus Data File:
* FileName = C:\Documents and Settings\kris.holderied.local\My Documents\2012-08-03-CTD-HomerSpit\2012-08-03-KachemakBay-HomerSpit-cast004.hex
* Software Version 1.54
* Temperature SN =  5028
* Conductivity SN =  5028
* System UpLoad Time = Aug 15 2012 01:11:18
** Kachemak Bay Homer Spit CTD Survey Mckeon Flat to Spit
** Date:  2012-08-03
** Station: 9-04
** Start time (AKDT-24 hr): 1550
** Depth (m): 309
** Comment:None
# nquan = 17
# nvalues = 572                         
# units = specified
# name 0 = scan: Scan Count
# name 1 = timeJ: Julian Days
# name 2 = timeH: Time, Elapsed [hours]
# name 3 = timeM: Time, Elapsed [minutes]
# name 4 = timeS: Time, Elapsed [seconds]
# name 5 = density00: Density [density, kg/m^3]
# name 6 = specc: Specific Conductance [uS/cm]
# name 7 = sal00: Salinity, Practical [PSU]
# name 8 = depSM: Depth [salt water, m], lat = 59.00
# name 9 = oxsolML/L: Oxygen Saturation, Garcia & Gordon [ml/l]
# name 10 = potemp090C: Potential Temperature [ITS-90, deg C]
# name 11 = tv290C: Temperature [ITS-90, deg C]
# name 12 = sigma-é00: Density [sigma-theta, kg/m^3]
# name 13 = n2satML/L: Nitrogen Saturation [ml/l]
# name 14 = par: PAR/Irradiance, Biospherical/Licor [umol photons/m^2/sec]
# name 15 = prdM: Pressure, Strain Gauge [db]
# name 16 = flag:  0.000e+00
# span 0 =          1,        572       
# span 1 = 216.659387, 216.661039       
# span 2 =    0.00000,    0.03965       
# span 3 =     0.0000,     2.3792       
# span 4 =      0.000,    142.750       
# span 5 =  1000.2779,  1024.7996       
# span 6 =   1613.519,  49731.840       
# span 7 =     0.8048,    31.3362       
# span 8 =      0.034,     84.709       
# span 9 =    6.45810,    7.74790       
# span 10 =     7.8972,    10.9577      
# span 11 =     7.9053,    10.9578      
# span 12 =     0.2777,    24.4082      
# span 13 =   11.71496,   14.24093      
# span 14 = 6.3884e-02, 1.0916e+03      
# span 15 =      0.034,     85.527      
# span 16 = 0.0000e+00, 0.0000e+00      
# interval = seconds: 0.25
# start_time = Aug 03 2012 15:49:31 [Instrument's time stamp, header]
# bad_flag = -9.990e-29
*END*
[from data line 341]
        342 216.660373    0.02368     1.4208     85.250  1023.6247  48257.735    30.5527     11.645    6.57861     9.4364     9.4357    23.5712   11.88775 1.2535e+01     11.755 0.0000e+00
        343 216.660376    0.02375     1.4250     85.500  1023.6272  48259.960    30.5542     11.958    6.57842     9.4377     9.4366    23.5723   11.88741 1.1580e+01     12.071 0.0000e+00
        344 216.660379    0.02382     1.4292     85.750  1023.6297  48262.198    30.5558     12.265    6.57820     9.4391     9.4377    23.5734   11.88701 1.0731e+01     12.381 0.0000e+00
        345 216.660382    0.02389     1.4333     86.000  1023.6322  48264.455    30.5574     12.570    6.57794     9.4403     9.4390    23.5745   11.88657 9.9643e+00     12.689 0.0000e+00
        346 216.660385    0.02396     1.4375     86.250  1023.6344  48266.317    30.5588     12.875    6.57768     9.4412     9.4404    23.5753   11.88612 9.2599e+00     12.997 0.0000e+00
        347 216.660388    0.02403     1.4417     86.500  1023.6363  48267.473    30.5596     13.182    6.57745     9.4416     9.4417    23.5758   11.88574 8.6049e+00     13.307 0.0000e+00
        348 216.660391    0.02410     1.4458     86.750  1023.6380  48268.321    30.5602     13.492    6.57730     9.4414     9.4426    23.5761   11.88547 7.9907e+00     13.620 0.0000e+00
        349 216.660394    0.02417     1.4500     87.000  1023.6402  48269.917    30.5612     13.805    6.57720     9.4408     9.4430    23.5768   11.88529 7.4136e+00     13.936 0.0000e+00
        350 216.660396    0.02424     1.4542     87.250  1023.6435  48273.385    30.5635     14.118    6.57713     9.4396     9.4429    23.5786   11.88514 6.8730e+00     14.252 0.0000e+00
        351 216.660399    0.02431     1.4583     87.500  1023.6481  48279.366    30.5675     14.430    6.57705     9.4379     9.4423    23.5819   11.88496 6.3683e+00     14.567 0.0000e+00
        352 216.660402    0.02438     1.4625     87.750  1023.6546  48288.643    30.5737     14.741    6.57694     9.4353     9.4412    23.5869   11.88471 5.9005e+00     14.881 0.0000e+00
        353 216.660405    0.02444     1.4667     88.000  1023.6637  48302.745    30.5833     15.049    6.57678     9.4317     9.4395    23.5946   11.88434 5.4723e+00     15.192 0.0000e+00
        354 216.660408    0.02451     1.4708     88.250  1023.6760  48322.489    30.5967     15.355    6.57659     9.4269     9.4369    23.6055   11.88385 5.0826e+00     15.500 0.0000e+00
        355 216.660411    0.02458     1.4750     88.500  1023.6912  48347.641    30.6137     15.659    6.57639     9.4207     9.4333    23.6193   11.88331 4.7272e+00     15.808 0.0000e+00
        356 216.660414    0.02465     1.4792     88.750  1023.7101  48379.249    30.6352     15.964    6.57617     9.4128     9.4286    23.6368   11.88270 4.4026e+00     16.115 0.0000e+00
        357 216.660417    0.02472     1.4833     89.000  1023.7333  48418.598    30.6619     16.270    6.57594     9.4033     9.4224    23.6586   11.88199 4.1058e+00     16.424 0.0000e+00
        358 216.660420    0.02479     1.4875     89.250  1023.7600  48464.115    30.6926     16.577    6.57578     9.3929     9.4145    23.6839   11.88135 3.8344e+00     16.734 0.0000e+00
        359 216.660422    0.02486     1.4917     89.500  1023.7880  48511.852    30.7248     16.885    6.57579     9.3828     9.4051    23.7105   11.88099 3.5866e+00     17.045 0.0000e+00
        360 216.660425    0.02493     1.4958     89.750  1023.8148  48557.322    30.7552     17.193    6.57601     9.3739     9.3947    23.7359   11.88099 3.3604e+00     17.356 0.0000e+00
        361 216.660428    0.02500     1.5000     90.000  1023.8380  48596.328    30.7811     17.499    6.57639     9.3669     9.3846    23.7577   11.88130 3.1532e+00     17.665 0.0000e+00
        362 216.660431    0.02507     1.5042     90.250  1023.8566  48626.873    30.8012     17.804    6.57683     9.3621     9.3757    23.7748   11.88178 2.9630e+00     17.973 0.0000e+00
        363 216.660434    0.02514     1.5083     90.500  1023.8709  48649.942    30.8164     18.106    6.57719     9.3589     9.3688    23.7877   11.88219 2.7885e+00     18.278 0.0000e+00
        364 216.660437    0.02521     1.5125     90.750  1023.8822  48667.823    30.8282     18.405    6.57739     9.3569     9.3640    23.7977   11.88238 2.6273e+00     18.579 0.0000e+00
        365 216.660440    0.02528     1.5167     91.000  1023.8921  48683.381    30.8385     18.700    6.57741     9.3554     9.3609    23.8063   11.88228 2.4774e+00     18.878 0.0000e+00
        366 216.660443    0.02535     1.5208     91.250  1023.9017  48698.261    30.8486     18.995    6.57728     9.3541     9.3589    23.8144   11.88194 2.3374e+00     19.176 0.0000e+00
        367 216.660446    0.02542     1.5250     91.500  1023.9104  48711.763    30.8578     19.291    6.57710     9.3526     9.3575    23.8218   11.88153 2.2057e+00     19.474 0.0000e+00
        368 216.660448    0.02549     1.5292     91.750  1023.9181  48723.272    30.8656     19.591    6.57695     9.3505     9.3562    23.8281   11.88120 2.0811e+00     19.777 0.0000e+00
        369 216.660451    0.02556     1.5333     92.000  1023.9249  48733.204    30.8722     19.894    6.57689     9.3479     9.3547    23.8335   11.88102 1.9638e+00     20.083 0.0000e+00
        370 216.660454    0.02562     1.5375     92.250  1023.9312  48742.173    30.8781     20.201    6.57694     9.3449     9.3527    23.8384   11.88102 1.8546e+00     20.393 0.0000e+00
        371 216.660457    0.02569     1.5417     92.500  1023.9373  48750.584    30.8835     20.506    6.57708     9.3417     9.3501    23.8431   11.88119 1.7552e+00     20.701 0.0000e+00
        372 216.660460    0.02576     1.5458     92.750  1023.9430  48758.415    30.8885     20.809    6.57731     9.3388     9.3471    23.8475   11.88151 1.6651e+00     21.007 0.0000e+00
        373 216.660463    0.02583     1.5500     93.000  1023.9483  48765.453    30.8929     21.109    6.57758     9.3364     9.3439    23.8514   11.88191 1.5812e+00     21.310 0.0000e+00
        374 216.660466    0.02590     1.5542     93.250  1023.9531  48771.532    30.8966     21.407    6.57784     9.3344     9.3410    23.8548   11.88230 1.5015e+00     21.610 0.0000e+00
        375 216.660469    0.02597     1.5583     93.500  1023.9573  48776.629    30.8998     21.704    6.57806     9.3328     9.3386    23.8576   11.88262 1.4257e+00     21.910 0.0000e+00
        376 216.660472    0.02604     1.5625     93.750  1023.9610  48780.868    30.9024     22.003    6.57823     9.3315     9.3367    23.8599   11.88287 1.3533e+00     22.212 0.0000e+00
        377 216.660475    0.02611     1.5667     94.000  1023.9643  48784.411    30.9045     22.304    6.57837     9.3304     9.3352    23.8619   11.88307 1.2840e+00     22.516 0.0000e+00
        378 216.660477    0.02618     1.5708     94.250  1023.9673  48787.400    30.9063     22.607    6.57848     9.3294     9.3339    23.8635   11.88324 1.2178e+00     22.821 0.0000e+00
        379 216.660480    0.02625     1.5750     94.500  1023.9701  48790.060    30.9079     22.910    6.57857     9.3284     9.3328    23.8649   11.88336 1.1553e+00     23.127 0.0000e+00
        380 216.660483    0.02632     1.5792     94.750  1023.9729  48792.707    30.9095     23.211    6.57864     9.3273     9.3318    23.8663   11.88346 1.0967e+00     23.431 0.0000e+00
        381 216.660486    0.02639     1.5833     95.000  1023.9758  48795.736    30.9114     23.506    6.57870     9.3260     9.3309    23.8679   11.88354 1.0427e+00     23.729 0.0000e+00
        382 216.660489    0.02646     1.5875     95.250  1023.9792  48799.593    30.9138     23.792    6.57875     9.3246     9.3298    23.8700   11.88360 9.9310e-01     24.018 0.0000e+00
        383 216.660492    0.02653     1.5917     95.500  1023.9831  48804.455    30.9169     24.070    6.57881     9.3233     9.3285    23.8726   11.88364 9.4767e-01     24.298 0.0000e+00
        384 216.660495    0.02660     1.5958     95.750  1023.9875  48810.260    30.9207     24.341    6.57884     9.3222     9.3272    23.8757   11.88366 9.0568e-01     24.572 0.0000e+00
        385 216.660498    0.02667     1.6000     96.000  1023.9926  48817.266    30.9253     24.607    6.57883     9.3212     9.3259    23.8796   11.88358 8.6641e-01     24.841 0.0000e+00
        386 216.660501    0.02674     1.6042     96.250  1023.9982  48825.356    30.9307     24.869    6.57876     9.3203     9.3248    23.8840   11.88341 8.2947e-01     25.105 0.0000e+00
        387 216.660503    0.02681     1.6083     96.500  1024.0039  48833.650    30.9363     25.127    6.57867     9.3194     9.3238    23.8885   11.88318 7.9452e-01     25.365 0.0000e+00
        388 216.660506    0.02688     1.6125     96.750  1024.0095  48841.745    30.9418     25.383    6.57857     9.3185     9.3229    23.8929   11.88295 7.6101e-01     25.624 0.0000e+00
        389 216.660509    0.02694     1.6167     97.000  1024.0149  48849.466    30.9470     25.642    6.57847     9.3176     9.3221    23.8971   11.88273 7.2847e-01     25.885 0.0000e+00
        390 216.660512    0.02701     1.6208     97.250  1024.0198  48856.324    30.9516     25.907    6.57841     9.3166     9.3212    23.9009   11.88257 6.9661e-01     26.153 0.0000e+00
        391 216.660515    0.02708     1.6250     97.500  1024.0241  48862.033    30.9553     26.177    6.57837     9.3157     9.3203    23.9040   11.88247 6.6544e-01     26.426 0.0000e+00
        392 216.660518    0.02715     1.6292     97.750  1024.0279  48866.655    30.9583     26.452    6.57838     9.3147     9.3194    23.9065   11.88243 6.3527e-01     26.703 0.0000e+00
        393 216.660521    0.02722     1.6333     98.000  1024.0312  48870.354    30.9607     26.731    6.57841     9.3138     9.3185    23.9085   11.88246 6.0647e-01     26.984 0.0000e+00
        394 216.660524    0.02729     1.6375     98.250  1024.0340  48873.218    30.9624     27.009    6.57847     9.3131     9.3175    23.9100   11.88254 5.7930e-01     27.266 0.0000e+00
        395 216.660527    0.02736     1.6417     98.500  1024.0364  48875.350    30.9637     27.285    6.57855     9.3126     9.3167    23.9111   11.88265 5.5399e-01     27.544 0.0000e+00
        396 216.660530    0.02743     1.6458     98.750  1024.0384  48876.972    30.9646     27.553    6.57861     9.3123     9.3160    23.9119   11.88275 5.3066e-01     27.815 0.0000e+00
        397 216.660532    0.02750     1.6500     99.000  1024.0403  48878.287    30.9654     27.811    6.57864     9.3122     9.3155    23.9126   11.88280 5.0935e-01     28.075 0.0000e+00
        398 216.660535    0.02757     1.6542     99.250  1024.0419  48879.334    30.9660     28.059    6.57865     9.3122     9.3153    23.9131   11.88280 4.8989e-01     28.325 0.0000e+00
        399 216.660538    0.02764     1.6583     99.500  1024.0433  48880.031    30.9664     28.299    6.57865     9.3121     9.3152    23.9134   11.88280 4.7176e-01     28.568 0.0000e+00
        400 216.660541    0.02771     1.6625     99.750  1024.0445  48880.343    30.9665     28.539    6.57865     9.3121     9.3152    23.9135   11.88279 4.5442e-01     28.810 0.0000e+00
        401 216.660544    0.02778     1.6667    100.000  1024.0457  48880.596    30.9666     28.783    6.57865     9.3120     9.3152    23.9136   11.88279 4.3750e-01     29.056 0.0000e+00
        402 216.660547    0.02785     1.6708    100.250  1024.0472  48881.366    30.9670     29.033    6.57864     9.3119     9.3151    23.9139   11.88276 4.2100e-01     29.309 0.0000e+00
        403 216.660550    0.02792     1.6750    100.500  1024.0492  48883.098    30.9681     29.289    6.57860     9.3117     9.3151    23.9148   11.88268 4.0499e-01     29.567 0.0000e+00
        404 216.660553    0.02799     1.6792    100.750  1024.0520  48885.996    30.9700     29.552    6.57853     9.3113     9.3150    23.9163   11.88255 3.8937e-01     29.833 0.0000e+00
        405 216.660556    0.02806     1.6833    101.000  1024.0554  48889.989    30.9727     29.826    6.57845     9.3106     9.3148    23.9184   11.88237 3.7394e-01     30.109 0.0000e+00
        406 216.660558    0.02813     1.6875    101.250  1024.0590  48894.331    30.9756     30.108    6.57838     9.3094     9.3144    23.9207   11.88222 3.5864e-01     30.394 0.0000e+00
        407 216.660561    0.02819     1.6917    101.500  1024.0622  48897.926    30.9779     30.397    6.57838     9.3075     9.3138    23.9226   11.88220 3.4366e-01     30.686 0.0000e+00
        408 216.660564    0.02826     1.6958    101.750  1024.0649  48900.495    30.9794     30.688    6.57848     9.3047     9.3126    23.9240   11.88235 3.2925e-01     30.980 0.0000e+00
        409 216.660567    0.02833     1.7000    102.000  1024.0672  48902.333    30.9803     30.978    6.57871     9.3008     9.3108    23.9250   11.88272 3.1558e-01     31.273 0.0000e+00
        410 216.660570    0.02840     1.7042    102.250  1024.0692  48903.425    30.9806     31.266    6.57910     9.2954     9.3080    23.9257   11.88336 3.0264e-01     31.563 0.0000e+00
        411 216.660573    0.02847     1.7083    102.500  1024.0707  48903.479    30.9800     31.555    6.57970     9.2883     9.3041    23.9258   11.88436 2.9029e-01     31.855 0.0000e+00
        412 216.660576    0.02854     1.7125    102.750  1024.0719  48902.942    30.9787     31.846    6.58054     9.2799     9.2987    23.9257   11.88576 2.7842e-01     32.149 0.0000e+00
        413 216.660579    0.02861     1.7167    103.000  1024.0740  48903.793    30.9782     32.143    6.58159     9.2713     9.2916    23.9264   11.88751 2.6698e-01     32.449 0.0000e+00
        414 216.660582    0.02868     1.7208    103.250  1024.0779  48907.759    30.9798     32.448    6.58274     9.2634     9.2833    23.9289   11.88941 2.5588e-01     32.757 0.0000e+00
        415 216.660584    0.02875     1.7250    103.500  1024.0832  48914.224    30.9830     32.763    6.58386     9.2568     9.2747    23.9327   11.89122 2.4504e-01     33.075 0.0000e+00
        416 216.660587    0.02882     1.7292    103.750  1024.0888  48921.200    30.9867     33.089    6.58484     9.2513     9.2669    23.9368   11.89280 2.3447e-01     33.404 0.0000e+00
        417 216.660590    0.02889     1.7333    104.000  1024.0939  48927.365    30.9900     33.423    6.58566     9.2465     9.2603    23.9404   11.89412 2.2431e-01     33.741 0.0000e+00
        418 216.660593    0.02896     1.7375    104.250  1024.0985  48932.501    30.9927     33.763    6.58634     9.2419     9.2548    23.9434   11.89521 2.1467e-01     34.085 0.0000e+00
        419 216.660596    0.02903     1.7417    104.500  1024.1026  48936.854    30.9950     34.106    6.58695     9.2372     9.2501    23.9459   11.89618 2.0562e-01     34.431 0.0000e+00
        420 216.660599    0.02910     1.7458    104.750  1024.1064  48940.779    30.9970     34.449    6.58753     9.2323     9.2455    23.9482   11.89712 1.9712e-01     34.777 0.0000e+00
        421 216.660602    0.02917     1.7500    105.000  1024.1103  48944.828    30.9990     34.791    6.58813     9.2276     9.2408    23.9505   11.89809 1.8916e-01     35.122 0.0000e+00
        422 216.660605    0.02924     1.7542    105.250  1024.1144  48949.226    31.0013     35.130    6.58873     9.2232     9.2360    23.9531   11.89906 1.8179e-01     35.464 0.0000e+00
        423 216.660608    0.02931     1.7583    105.500  1024.1184  48953.442    31.0035     35.467    6.58932     9.2187     9.2313    23.9555   11.90001 1.7495e-01     35.805 0.0000e+00
        424 216.660611    0.02937     1.7625    105.750  1024.1219  48956.867    31.0051     35.803    6.58990     9.2137     9.2269    23.9575   11.90095 1.6857e-01     36.144 0.0000e+00
        425 216.660613    0.02944     1.7667    106.000  1024.1252  48959.780    31.0064     36.138    6.59050     9.2080     9.2224    23.9592   11.90194 1.6257e-01     36.482 0.0000e+00
