CTD-processing/allCTD/CNV--homogene/2012_05-31a_t4_s07a_cast078.cnv
* Sea-Bird SBE19plus Data File:
* FileName = C:\Documents and Settings\glenn.seaman\My Documents\KHolderied-files\CTD-DATA-FILES\2012-05-LTM-LowerCookInlet-CTD\Transect4-2012-05-31-Barabara\2012-05-31-Tran4-Barabara-cast078.hex
* Software Version 1.59
* Temperature SN =  5028
* Conductivity SN =  5028
* System UpLoad Time = May 31 2012 15:24:46
** LTM Transect4- Barabara to Bluff Pt
** Date: 2012-05-31
** Station:4-07a
** Start time (AKDT-24hr):1220
** Depth (ft):126
# nquan = 17
# nvalues = 505                         
# units = specified
# name 0 = scan: Scan Count
# name 1 = timeJ: Julian Days
# name 2 = timeH: Time, Elapsed [hours]
# name 3 = timeM: Time, Elapsed [minutes]
# name 4 = timeS: Time, Elapsed [seconds]
# name 5 = density00: Density [density, kg/m^3]
# name 6 = specc: Specific Conductance [uS/cm]
# name 7 = sal00: Salinity, Practical [PSU]
# name 8 = depSM: Depth [salt water, m], lat = 59.00
# name 9 = oxsolML/L: Oxygen Saturation, Garcia & Gordon [ml/l]
# name 10 = potemp090C: Potential Temperature [ITS-90, deg C]
# name 11 = tv290C: Temperature [ITS-90, deg C]
# name 12 = sigma-é00: Density [sigma-theta, kg/m^3]
# name 13 = n2satML/L: Nitrogen Saturation [ml/l]
# name 14 = par: PAR/Irradiance, Biospherical/Licor [umol photons/m^2/sec]
# name 15 = prdM: Pressure, Strain Gauge [db]
# name 16 = flag:  0.000e+00
# span 0 =          1,        505       
# span 1 = 152.513160, 152.514618       
# span 2 =    0.00000,    0.03500       
# span 3 =     0.0000,     2.1000       
# span 4 =      0.000,    126.000       
# span 5 =  1000.3469,  1025.2554       
# span 6 =   1065.884,  51034.548       
# span 7 =     0.5154,    31.7570       
# span 8 =     -0.174,     37.144       
# span 9 =    6.98976,    8.63650       
# span 10 =     5.1847,     6.4493      
# span 11 =     5.1874,     6.4493      
# span 12 =     0.3478,    25.0837      
# span 13 =   12.55421,   15.74342      
# span 14 = 2.7462e-01, 2.2759e+02      
# span 15 =     -0.176,     37.498      
# span 16 = 0.0000e+00, 0.0000e+00      
# interval = seconds: 0.25
# start_time = May 31 2012 12:18:57 [Instrument's time stamp, header]
# bad_flag = -9.990e-29
*END*
[from data line 86]
         87 152.513409    0.00597     0.3583     21.500  1024.8801  50542.260    31.6755      0.825    6.99522     6.4122     6.4112    24.8763   12.56313 2.1364e+02      0.833 0.0000e+00
         88 152.513411    0.00604     0.3625     21.750  1024.8794  50541.051    31.6748      0.797    6.99516     6.4123     6.4118    24.8757   12.56303 2.1516e+02      0.805 0.0000e+00
         89 152.513414    0.00611     0.3667     22.000  1024.8784  50539.539    31.6739      0.768    6.99512     6.4120     6.4122    24.8749   12.56299 2.1580e+02      0.775 0.0000e+00
         90 152.513417    0.00618     0.3708     22.250  1024.8778  50538.448    31.6732      0.751    6.99513     6.4115     6.4124    24.8743   12.56302 2.1635e+02      0.758 0.0000e+00
         91 152.513420    0.00625     0.3750     22.500  1024.8776  50538.169    31.6729      0.752    6.99519     6.4110     6.4121    24.8741   12.56311 2.1714e+02      0.759 0.0000e+00
         92 152.513423    0.00632     0.3792     22.750  1024.8780  50538.897    31.6733      0.767    6.99525     6.4107     6.4116    24.8745   12.56321 2.1652e+02      0.774 0.0000e+00
         93 152.513426    0.00639     0.3833     23.000  1024.8790  50540.517    31.6743      0.785    6.99529     6.4108     6.4111    24.8753   12.56326 2.1462e+02      0.792 0.0000e+00
         94 152.513429    0.00646     0.3875     23.250  1024.8801  50542.343    31.6755      0.796    6.99528     6.4113     6.4108    24.8763   12.56323 2.1449e+02      0.803 0.0000e+00
         95 152.513432    0.00653     0.3917     23.500  1024.8805  50543.245    31.6762      0.791    6.99523     6.4120     6.4109    24.8768   12.56315 2.1734e+02      0.798 0.0000e+00
         96 152.513435    0.00660     0.3958     23.750  1024.8800  50542.504    31.6758      0.769    6.99518     6.4126     6.4113    24.8764   12.56306 2.2086e+02      0.776 0.0000e+00
         97 152.513438    0.00667     0.4000     24.000  1024.8788  50540.390    31.6744      0.736    6.99513     6.4129     6.4120    24.8753   12.56299 2.2280e+02      0.743 0.0000e+00
         98 152.513440    0.00674     0.4042     24.250  1024.8774  50538.076    31.6730      0.706    6.99509     6.4129     6.4126    24.8741   12.56295 2.2343e+02      0.712 0.0000e+00
         99 152.513443    0.00681     0.4083     24.500  1024.8766  50536.727    31.6721      0.691    6.99508     6.4126     6.4130    24.8733   12.56295 2.2305e+02      0.697 0.0000e+00
        100 152.513446    0.00688     0.4125     24.750  1024.8766  50536.584    31.6720      0.702    6.99510     6.4124     6.4129    24.8732   12.56297 2.2059e+02      0.708 0.0000e+00
        101 152.513449    0.00694     0.4167     25.000  1024.8771  50537.324    31.6724      0.735    6.99512     6.4124     6.4126    24.8736   12.56301 2.1596e+02      0.742 0.0000e+00
        102 152.513452    0.00701     0.4208     25.250  1024.8780  50538.694    31.6733      0.776    6.99511     6.4128     6.4124    24.8744   12.56299 2.1152e+02      0.783 0.0000e+00
        103 152.513455    0.00708     0.4250     25.500  1024.8789  50540.138    31.6743      0.805    6.99506     6.4135     6.4125    24.8751   12.56288 2.1123e+02      0.812 0.0000e+00
        104 152.513458    0.00715     0.4292     25.750  1024.8792  50540.604    31.6747      0.806    6.99497     6.4143     6.4129    24.8754   12.56274 2.1633e+02      0.814 0.0000e+00
        105 152.513461    0.00722     0.4333     26.000  1024.8786  50539.698    31.6743      0.779    6.99488     6.4148     6.4136    24.8750   12.56259 2.2209e+02      0.787 0.0000e+00
        106 152.513464    0.00729     0.4375     26.250  1024.8775  50537.984    31.6732      0.737    6.99481     6.4150     6.4143    24.8741   12.56248 2.2336e+02      0.743 0.0000e+00
        107 152.513466    0.00736     0.4417     26.500  1024.8764  50536.364    31.6722      0.700    6.99477     6.4148     6.4148    24.8732   12.56243 2.2014e+02      0.706 0.0000e+00
        108 152.513469    0.00743     0.4458     26.750  1024.8759  50535.425    31.6716      0.690    6.99478     6.4145     6.4150    24.8727   12.56245 2.1520e+02      0.696 0.0000e+00
        109 152.513472    0.00750     0.4500     27.000  1024.8759  50535.246    31.6714      0.713    6.99482     6.4143     6.4148    24.8726   12.56252 2.1172e+02      0.720 0.0000e+00
        110 152.513475    0.00757     0.4542     27.250  1024.8763  50535.630    31.6716      0.758    6.99485     6.4142     6.4145    24.8728   12.56258 2.1035e+02      0.765 0.0000e+00
        111 152.513478    0.00764     0.4583     27.500  1024.8768  50536.245    31.6720      0.799    6.99487     6.4142     6.4143    24.8731   12.56260 2.0863e+02      0.806 0.0000e+00
        112 152.513481    0.00771     0.4625     27.750  1024.8771  50536.780    31.6723      0.813    6.99487     6.4143     6.4142    24.8734   12.56259 2.0731e+02      0.821 0.0000e+00
        113 152.513484    0.00778     0.4667     28.000  1024.8771  50536.785    31.6723      0.796    6.99487     6.4143     6.4142    24.8734   12.56258 2.0909e+02      0.803 0.0000e+00
        114 152.513487    0.00785     0.4708     28.250  1024.8765  50536.132    31.6719      0.758    6.99487     6.4144     6.4143    24.8730   12.56260 2.1253e+02      0.765 0.0000e+00
        115 152.513490    0.00792     0.4750     28.500  1024.8760  50535.428    31.6715      0.721    6.99488     6.4144     6.4144    24.8727   12.56262 2.1422e+02      0.728 0.0000e+00
        116 152.513492    0.00799     0.4792     28.750  1024.8758  50535.245    31.6714      0.706    6.99488     6.4144     6.4145    24.8726   12.56262 2.1400e+02      0.712 0.0000e+00
        117 152.513495    0.00806     0.4833     29.000  1024.8761  50535.610    31.6716      0.719    6.99487     6.4144     6.4145    24.8728   12.56261 2.1355e+02      0.725 0.0000e+00
        118 152.513498    0.00813     0.4875     29.250  1024.8766  50536.210    31.6720      0.750    6.99485     6.4145     6.4145    24.8731   12.56257 2.1264e+02      0.758 0.0000e+00
        119 152.513501    0.00819     0.4917     29.500  1024.8770  50536.794    31.6724      0.783    6.99482     6.4146     6.4145    24.8734   12.56252 2.1157e+02      0.791 0.0000e+00
        120 152.513504    0.00826     0.4958     29.750  1024.8774  50537.229    31.6727      0.801    6.99479     6.4146     6.4146    24.8737   12.56247 2.1228e+02      0.809 0.0000e+00
        121 152.513507    0.00833     0.5000     30.000  1024.8774  50537.231    31.6727      0.798    6.99478     6.4147     6.4147    24.8737   12.56245 2.1452e+02      0.805 0.0000e+00
        122 152.513510    0.00840     0.5042     30.250  1024.8769  50536.621    31.6723      0.777    6.99479     6.4146     6.4147    24.8733   12.56247 2.1620e+02      0.784 0.0000e+00
        123 152.513513    0.00847     0.5083     30.500  1024.8763  50535.665    31.6716      0.751    6.99481     6.4145     6.4148    24.8728   12.56252 2.1604e+02      0.759 0.0000e+00
        124 152.513516    0.00854     0.5125     30.750  1024.8758  50534.936    31.6711      0.737    6.99484     6.4142     6.4147    24.8724   12.56258 2.1451e+02      0.744 0.0000e+00
        125 152.513519    0.00861     0.5167     31.000  1024.8758  50534.860    31.6711      0.740    6.99488     6.4139     6.4145    24.8724   12.56263 2.1349e+02      0.747 0.0000e+00
        126 152.513521    0.00868     0.5208     31.250  1024.8763  50535.558    31.6715      0.757    6.99490     6.4138     6.4142    24.8727   12.56267 2.1290e+02      0.764 0.0000e+00
        127 152.513524    0.00875     0.5250     31.500  1024.8769  50536.668    31.6722      0.774    6.99491     6.4137     6.4140    24.8733   12.56267 2.1185e+02      0.782 0.0000e+00
        128 152.513527    0.00882     0.5292     31.750  1024.8774  50537.529    31.6728      0.781    6.99491     6.4137     6.4138    24.8738   12.56266 2.1175e+02      0.789 0.0000e+00
        129 152.513530    0.00889     0.5333     32.000  1024.8776  50537.856    31.6730      0.774    6.99491     6.4137     6.4138    24.8740   12.56266 2.1302e+02      0.781 0.0000e+00
        130 152.513533    0.00896     0.5375     32.250  1024.8774  50537.709    31.6729      0.759    6.99492     6.4137     6.4138    24.8739   12.56266 2.1368e+02      0.766 0.0000e+00
        131 152.513536    0.00903     0.5417     32.500  1024.8772  50537.305    31.6726      0.750    6.99492     6.4134     6.4138    24.8737   12.56268 2.1303e+02      0.756 0.0000e+00
        132 152.513539    0.00910     0.5458     32.750  1024.8771  50537.084    31.6725      0.759    6.99494     6.4130     6.4138    24.8736   12.56271 2.1222e+02      0.766 0.0000e+00
        133 152.513542    0.00917     0.5500     33.000  1024.8774  50537.352    31.6726      0.789    6.99497     6.4125     6.4135    24.8737   12.56277 2.1172e+02      0.797 0.0000e+00
        134 152.513545    0.00924     0.5542     33.250  1024.8779  50538.065    31.6730      0.830    6.99502     6.4121     6.4131    24.8740   12.56284 2.1107e+02      0.838 0.0000e+00
        135 152.513547    0.00931     0.5583     33.500  1024.8787  50539.295    31.6737      0.865    6.99506     6.4119     6.4126    24.8747   12.56290 2.1011e+02      0.873 0.0000e+00
        136 152.513550    0.00937     0.5625     33.750  1024.8796  50540.826    31.6747      0.882    6.99509     6.4120     6.4122    24.8755   12.56293 2.0935e+02      0.890 0.0000e+00
        137 152.513553    0.00944     0.5667     34.000  1024.8801  50541.792    31.6753      0.877    6.99510     6.4124     6.4120    24.8760   12.56293 2.0964e+02      0.885 0.0000e+00
        138 152.513556    0.00951     0.5708     34.250  1024.8800  50541.699    31.6753      0.856    6.99508     6.4128     6.4121    24.8760   12.56291 2.1098e+02      0.864 0.0000e+00
        139 152.513559    0.00958     0.5750     34.500  1024.8793  50540.654    31.6746      0.831    6.99505     6.4130     6.4125    24.8754   12.56287 2.1289e+02      0.839 0.0000e+00
        140 152.513562    0.00965     0.5792     34.750  1024.8784  50539.085    31.6736      0.813    6.99504     6.4129     6.4129    24.8746   12.56286 2.1508e+02      0.820 0.0000e+00
        141 152.513565    0.00972     0.5833     35.000  1024.8777  50537.803    31.6728      0.806    6.99504     6.4125     6.4131    24.8739   12.56287 2.1599e+02      0.814 0.0000e+00
        142 152.513568    0.00979     0.5875     35.250  1024.8774  50537.326    31.6725      0.813    6.99507     6.4119     6.4130    24.8736   12.56293 2.1417e+02      0.820 0.0000e+00
        143 152.513571    0.00986     0.5917     35.500  1024.8776  50537.444    31.6725      0.830    6.99513     6.4114     6.4126    24.8737   12.56303 2.1097e+02      0.838 0.0000e+00
        144 152.513573    0.00993     0.5958     35.750  1024.8779  50537.856    31.6726      0.852    6.99521     6.4109     6.4120    24.8739   12.56316 2.0814e+02      0.860 0.0000e+00
        145 152.513576    0.01000     0.6000     36.000  1024.8783  50538.579    31.6730      0.873    6.99529     6.4105     6.4115    24.8743   12.56328 2.0642e+02      0.882 0.0000e+00
        146 152.513579    0.01007     0.6042     36.250  1024.8790  50539.751    31.6737      0.887    6.99534     6.4103     6.4109    24.8749   12.56336 2.0721e+02      0.896 0.0000e+00
        147 152.513582    0.01014     0.6083     36.500  1024.8798  50541.233    31.6747      0.889    6.99536     6.4103     6.4105    24.8757   12.56338 2.1023e+02      0.897 0.0000e+00
        148 152.513585    0.01021     0.6125     36.750  1024.8805  50542.526    31.6755      0.878    6.99535     6.4105     6.4103    24.8764   12.56336 2.1242e+02      0.886 0.0000e+00
        149 152.513588    0.01028     0.6167     37.000  1024.8807  50543.057    31.6759      0.859    6.99533     6.4108     6.4103    24.8767   12.56332 2.1248e+02      0.868 0.0000e+00
        150 152.513591    0.01035     0.6208     37.250  1024.8803  50542.480    31.6756      0.844    6.99531     6.4108     6.4106    24.8764   12.56328 2.1157e+02      0.852 0.0000e+00
        151 152.513594    0.01042     0.6250     37.500  1024.8796  50541.201    31.6747      0.840    6.99530     6.4106     6.4109    24.8757   12.56328 2.1017e+02      0.848 0.0000e+00
        152 152.513597    0.01049     0.6292     37.750  1024.8791  50540.233    31.6741      0.850    6.99532     6.4102     6.4109    24.8752   12.56332 2.0890e+02      0.858 0.0000e+00
        153 152.513600    0.01056     0.6333     38.000  1024.8793  50540.455    31.6742      0.866    6.99536     6.4097     6.4107    24.8753   12.56338 2.0884e+02      0.874 0.0000e+00
        154 152.513602    0.01063     0.6375     38.250  1024.8802  50541.973    31.6751      0.876    6.99539     6.4096     6.4102    24.8761   12.56342 2.0952e+02      0.884 0.0000e+00
        155 152.513605    0.01069     0.6417     38.500  1024.8812  50543.896    31.6764      0.870    6.99540     6.4099     6.4098    24.8772   12.56343 2.1004e+02      0.879 0.0000e+00
        156 152.513608    0.01076     0.6458     38.750  1024.8817  50545.012    31.6772      0.850    6.99539     6.4103     6.4096    24.8778   12.56339 2.1020e+02      0.858 0.0000e+00
        157 152.513611    0.01083     0.6500     39.000  1024.8814  50544.661    31.6770      0.824    6.99536     6.4106     6.4099    24.8776   12.56333 2.1031e+02      0.832 0.0000e+00
        158 152.513614    0.01090     0.6542     39.250  1024.8805  50543.068    31.6760      0.807    6.99533     6.4105     6.4104    24.8767   12.56330 2.1054e+02      0.815 0.0000e+00
        159 152.513617    0.01097     0.6583     39.500  1024.8795  50541.232    31.6748      0.807    6.99533     6.4099     6.4107    24.8757   12.56333 2.1010e+02      0.815 0.0000e+00
        160 152.513620    0.01104     0.6625     39.750  1024.8790  50540.200    31.6740      0.824    6.99539     6.4091     6.4106    24.8752   12.56343 2.0926e+02      0.832 0.0000e+00
        161 152.513623    0.01111     0.6667     40.000  1024.8792  50540.491    31.6741      0.848    6.99549     6.4084     6.4100    24.8753   12.56359 2.0891e+02      0.856 0.0000e+00
        162 152.513626    0.01118     0.6708     40.250  1024.8802  50542.104    31.6750      0.868    6.99558     6.4080     6.4091    24.8762   12.56374 2.0877e+02      0.876 0.0000e+00
        163 152.513628    0.01125     0.6750     40.500  1024.8815  50544.463    31.6765      0.876    6.99563     6.4082     6.4084    24.8774   12.56380 2.0873e+02      0.884 0.0000e+00
        164 152.513631    0.01132     0.6792     40.750  1024.8824  50546.218    31.6777      0.869    6.99563     6.4087     6.4080    24.8784   12.56378 2.0942e+02      0.877 0.0000e+00
        165 152.513634    0.01139     0.6833     41.000  1024.8823  50546.110    31.6776      0.855    6.99560     6.4092     6.4082    24.8783   12.56374 2.1067e+02      0.863 0.0000e+00
        166 152.513637    0.01146     0.6875     41.250  1024.8811  50544.100    31.6763      0.841    6.99558     6.4095     6.4087    24.8773   12.56372 2.1131e+02      0.849 0.0000e+00
        167 152.513640    0.01153     0.6917     41.500  1024.8797  50541.441    31.6746      0.834    6.99558     6.4094     6.4092    24.8758   12.56373 2.1075e+02      0.842 0.0000e+00
        168 152.513643    0.01160     0.6958     41.750  1024.8788  50539.804    31.6735      0.835    6.99558     6.4089     6.4095    24.8749   12.56375 2.0998e+02      0.843 0.0000e+00
        169 152.513646    0.01167     0.7000     42.000  1024.8789  50539.882    31.6736      0.839    6.99559     6.4083     6.4094    24.8750   12.56378 2.1040e+02      0.847 0.0000e+00
        170 152.513649    0.01174     0.7042     42.250  1024.8796  50541.202    31.6744      0.844    6.99563     6.4078     6.4090    24.8757   12.56382 2.1155e+02      0.852 0.0000e+00
