CTD-processing/allCTD/CNV--homogene/2012_07-29_t3_s15_cast043.cnv
* Sea-Bird SBE19plus Data File:
* FileName = C:\Documents and Settings\kris.holderied.local\My Documents\2012-07-EVOS-CookInlet-Ocean\2012-07-29-Tran3-CookInlet-LTM-cast043.hex
* Software Version 1.54
* Temperature SN =  4141
* Conductivity SN =  4141
* System UpLoad Time = Jul 29 2012 20:15:36
** Cook Inlet LTM Transect 3 from Anchor Pt west
** Date:  2012-07-29
** Station:  3-15
** Start time (AKDT-24 hr): 1414
** Depth (m): 23
** Depth includes 3 m transducer depth. CTD time 1 hr later than AKDT.
# nquan = 17
# nvalues = 560                         
# units = specified
# name 0 = scan: Scan Count
# name 1 = timeJ: Julian Days
# name 2 = timeH: Time, Elapsed [hours]
# name 3 = timeM: Time, Elapsed [minutes]
# name 4 = timeS: Time, Elapsed [seconds]
# name 5 = density00: Density [density, kg/m^3]
# name 6 = specc: Specific Conductance [uS/cm]
# name 7 = sal00: Salinity, Practical [PSU]
# name 8 = depSM: Depth [salt water, m], lat = 59.00
# name 9 = oxsolML/L: Oxygen Saturation, Garcia & Gordon [ml/l]
# name 10 = potemp090C: Potential Temperature [ITS-90, deg C]
# name 11 = tv290C: Temperature [ITS-90, deg C]
# name 12 = sigma-é00: Density [sigma-theta, kg/m^3]
# name 13 = n2satML/L: Nitrogen Saturation [ml/l]
# name 14 = par: PAR/Irradiance, Biospherical/Licor
# name 15 = prdM: Pressure, Strain Gauge [db]
# name 16 = flag:  0.000e+00
# span 0 =          1,        560       
# span 1 = 211.637199, 211.638817       
# span 2 =    0.00000,    0.03882       
# span 3 =     0.0000,     2.3292       
# span 4 =      0.000,    139.750       
# span 5 =   999.9644,  1024.2232       
# span 6 =   1001.431,  49453.497       
# span 7 =     0.4892,    31.4307       
# span 8 =     -0.035,     22.975       
# span 9 =    6.47634,    7.64776       
# span 10 =     9.6063,    11.2654      
# span 11 =     9.6083,    11.2654      
# span 12 =    -0.0354,    24.2174      
# span 13 =   11.70943,   14.07614      
# span 14 = 9.8693e-01, 3.0827e+02      
# span 15 =     -0.036,     23.193      
# span 16 = 0.0000e+00, 0.0000e+00      
# interval = seconds: 0.25
# start_time = Jul 29 2012 15:17:34 [Instrument's time stamp, header]
# bad_flag = -9.990e-29
*END*
[from data line 171]
        172 211.637694    0.01188     0.7125     42.750  1024.1442  49306.666    31.3228      1.229    6.51525     9.6504     9.6498    24.1386   11.77349 1.3925e+02      1.241 0.0000e+00
        173 211.637697    0.01194     0.7167     43.000  1024.1476  49312.645    31.3270      1.245    6.51501     9.6506     9.6502    24.1418   11.77305 1.3835e+02      1.257 0.0000e+00
        174 211.637700    0.01201     0.7208     43.250  1024.1510  49318.713    31.3313      1.261    6.51479     9.6505     9.6505    24.1452   11.77263 1.3727e+02      1.273 0.0000e+00
        175 211.637703    0.01208     0.7250     43.500  1024.1542  49324.394    31.3353      1.277    6.51460     9.6503     9.6507    24.1483   11.77227 1.3668e+02      1.289 0.0000e+00
        176 211.637705    0.01215     0.7292     43.750  1024.1570  49329.377    31.3388      1.290    6.51446     9.6500     9.6506    24.1510   11.77200 1.3682e+02      1.302 0.0000e+00
        177 211.637708    0.01222     0.7333     44.000  1024.1594  49333.744    31.3419      1.299    6.51437     9.6497     9.6504    24.1534   11.77180 1.3724e+02      1.312 0.0000e+00
        178 211.637711    0.01229     0.7375     44.250  1024.1616  49337.697    31.3446      1.303    6.51429     9.6493     9.6501    24.1556   11.77164 1.3773e+02      1.316 0.0000e+00
        179 211.637714    0.01236     0.7417     44.500  1024.1635  49341.088    31.3470      1.302    6.51424     9.6490     9.6498    24.1575   11.77153 1.3853e+02      1.315 0.0000e+00
        180 211.637717    0.01243     0.7458     44.750  1024.1647  49343.348    31.3485      1.295    6.51422     9.6486     9.6494    24.1588   11.77148 1.3987e+02      1.308 0.0000e+00
        181 211.637720    0.01250     0.7500     45.000  1024.1649  49343.672    31.3487      1.285    6.51427     9.6482     9.6491    24.1590   11.77155 1.4142e+02      1.298 0.0000e+00
        182 211.637723    0.01257     0.7542     45.250  1024.1637  49341.641    31.3472      1.273    6.51438     9.6479     9.6487    24.1579   11.77176 1.4253e+02      1.286 0.0000e+00
        183 211.637726    0.01264     0.7583     45.500  1024.1617  49337.944    31.3446      1.262    6.51455     9.6476     9.6484    24.1559   11.77207 1.4308e+02      1.274 0.0000e+00
        184 211.637729    0.01271     0.7625     45.750  1024.1594  49333.883    31.3417      1.252    6.51472     9.6475     9.6480    24.1537   11.77239 1.4361e+02      1.264 0.0000e+00
        185 211.637731    0.01278     0.7667     46.000  1024.1575  49330.404    31.3392      1.246    6.51486     9.6479     9.6478    24.1518   11.77265 1.4420e+02      1.258 0.0000e+00
        186 211.637734    0.01285     0.7708     46.250  1024.1562  49328.179    31.3376      1.243    6.51493     9.6487     9.6477    24.1505   11.77279 1.4394e+02      1.255 0.0000e+00
        187 211.637737    0.01292     0.7750     46.500  1024.1561  49328.007    31.3376      1.243    6.51489     9.6499     9.6480    24.1504   11.77272 1.4238e+02      1.255 0.0000e+00
        188 211.637740    0.01299     0.7792     46.750  1024.1577  49330.925    31.3397      1.246    6.51469     9.6518     9.6488    24.1520   11.77236 1.4087e+02      1.258 0.0000e+00
        189 211.637743    0.01306     0.7833     47.000  1024.1616  49338.188    31.3450      1.251    6.51429     9.6543     9.6500    24.1559   11.77163 1.4072e+02      1.263 0.0000e+00
        190 211.637746    0.01313     0.7875     47.250  1024.1688  49351.340    31.3545      1.256    6.51363     9.6577     9.6519    24.1630   11.77043 1.4136e+02      1.268 0.0000e+00
        191 211.637749    0.01319     0.7917     47.500  1024.1798  49371.558    31.3691      1.260    6.51265     9.6620     9.6544    24.1740   11.76864 1.4156e+02      1.272 0.0000e+00
        192 211.637752    0.01326     0.7958     47.750  1024.1932  49396.264    31.3870      1.260    6.51141     9.6674     9.6579    24.1874   11.76636 1.4114e+02      1.272 0.0000e+00
        193 211.637755    0.01333     0.8000     48.000  1024.2057  49419.356    31.4038      1.258    6.51009     9.6743     9.6622    24.1999   11.76397 1.4072e+02      1.270 0.0000e+00
        194 211.637758    0.01340     0.8042     48.250  1024.2152  49437.207    31.4171      1.255    6.50877     9.6832     9.6675    24.2094   11.76163 1.4094e+02      1.267 0.0000e+00
        195 211.637760    0.01347     0.8083     48.500  1024.2212  49448.889    31.4262      1.251    6.50740     9.6937     9.6745    24.2154   11.75924 1.4196e+02      1.263 0.0000e+00
        196 211.637763    0.01354     0.8125     48.750  1024.2232  49453.497    31.4306      1.250    6.50594     9.7048     9.6834    24.2174   11.75677 1.4290e+02      1.262 0.0000e+00
        197 211.637766    0.01361     0.8167     49.000  1024.2216  49451.633    31.4307      1.251    6.50443     9.7152     9.6939    24.2158   11.75428 1.4267e+02      1.263 0.0000e+00
        198 211.637769    0.01368     0.8208     49.250  1024.2177  49445.780    31.4280      1.255    6.50296     9.7244     9.7049    24.2119   11.75188 1.4166e+02      1.267 0.0000e+00
        199 211.637772    0.01375     0.8250     49.500  1024.2133  49438.697    31.4244      1.262    6.50162     9.7323     9.7153    24.2074   11.74970 1.4119e+02      1.274 0.0000e+00
        200 211.637775    0.01382     0.8292     49.750  1024.2093  49432.470    31.4212      1.269    6.50045     9.7396     9.7245    24.2035   11.74779 1.4163e+02      1.281 0.0000e+00
        201 211.637778    0.01389     0.8333     50.000  1024.2065  49428.141    31.4192      1.274    6.49940     9.7473     9.7324    24.2006   11.74609 1.4224e+02      1.286 0.0000e+00
        202 211.637781    0.01396     0.8375     50.250  1024.2043  49424.903    31.4179      1.276    6.49842     9.7564     9.7397    24.1984   11.74447 1.4263e+02      1.288 0.0000e+00
        203 211.637784    0.01403     0.8417     50.500  1024.2012  49420.144    31.4155      1.273    6.49742     9.7680     9.7474    24.1953   11.74284 1.4296e+02      1.285 0.0000e+00
        204 211.637786    0.01410     0.8458     50.750  1024.1957  49411.258    31.4104      1.264    6.49632     9.7823     9.7566    24.1899   11.74109 1.4348e+02      1.276 0.0000e+00
        205 211.637789    0.01417     0.8500     51.000  1024.1870  49396.821    31.4017      1.250    6.49503     9.7981     9.7681    24.1813   11.73906 1.4414e+02      1.261 0.0000e+00
        206 211.637792    0.01424     0.8542     51.250  1024.1752  49377.029    31.3896      1.233    6.49349     9.8131     9.7825    24.1696   11.73666 1.4457e+02      1.244 0.0000e+00
        207 211.637795    0.01431     0.8583     51.500  1024.1615  49354.083    31.3755      1.216    6.49182     9.8251     9.7983    24.1560   11.73407 1.4485e+02      1.227 0.0000e+00
        208 211.637798    0.01438     0.8625     51.750  1024.1478  49330.974    31.3612      1.203    6.49029     9.8330     9.8132    24.1424   11.73170 1.4503e+02      1.214 0.0000e+00
        209 211.637801    0.01444     0.8667     52.000  1024.1350  49309.072    31.3473      1.198    6.48917     9.8365     9.8252    24.1296   11.73001 1.4456e+02      1.209 0.0000e+00
        210 211.637804    0.01451     0.8708     52.250  1024.1232  49288.397    31.3338      1.200    6.48860     9.8346     9.8332    24.1177   11.72922 1.4353e+02      1.212 0.0000e+00
        211 211.637807    0.01458     0.8750     52.500  1024.1130  49270.244    31.3214      1.212    6.48862     9.8264     9.8366    24.1075   11.72941 1.4230e+02      1.223 0.0000e+00
        212 211.637810    0.01465     0.8792     52.750  1024.1062  49257.464    31.3121      1.230    6.48927     9.8122     9.8347    24.1005   11.73061 1.4052e+02      1.242 0.0000e+00
        213 211.637813    0.01472     0.8833     53.000  1024.1044  49253.053    31.3079      1.255    6.49062     9.7950     9.8265    24.0986   11.73288 1.3866e+02      1.267 0.0000e+00
        214 211.637815    0.01479     0.8875     53.250  1024.1088  49259.192    31.3104      1.281    6.49254     9.7788     9.8123    24.1028   11.73602 1.3804e+02      1.293 0.0000e+00
        215 211.637818    0.01486     0.8917     53.500  1024.1196  49276.747    31.3205      1.305    6.49458     9.7671     9.7951    24.1135   11.73928 1.3874e+02      1.318 0.0000e+00
        216 211.637821    0.01493     0.8958     53.750  1024.1361  49304.899    31.3383      1.322    6.49614     9.7613     9.7789    24.1300   11.74165 1.3976e+02      1.335 0.0000e+00
        217 211.637824    0.01500     0.9000     54.000  1024.1550  49337.902    31.3601      1.328    6.49690     9.7623     9.7672    24.1489   11.74265 1.4069e+02      1.341 0.0000e+00
        218 211.637827    0.01507     0.9042     54.250  1024.1705  49365.549    31.3788      1.322    6.49694     9.7706     9.7614    24.1645   11.74250 1.4177e+02      1.334 0.0000e+00
        219 211.637830    0.01514     0.9083     54.500  1024.1781  49379.591    31.3888      1.303    6.49638     9.7838     9.7624    24.1721   11.74146 1.4300e+02      1.316 0.0000e+00
        220 211.637833    0.01521     0.9125     54.750  1024.1759  49376.763    31.3879      1.275    6.49525     9.7978     9.7707    24.1701   11.73959 1.4454e+02      1.288 0.0000e+00
        221 211.637836    0.01528     0.9167     55.000  1024.1656  49359.690    31.3776      1.243    6.49378     9.8091     9.7839    24.1599   11.73729 1.4678e+02      1.255 0.0000e+00
        222 211.637839    0.01535     0.9208     55.250  1024.1505  49334.048    31.3614      1.213    6.49246     9.8154     9.7979    24.1449   11.73529 1.4862e+02      1.225 0.0000e+00
        223 211.637841    0.01542     0.9250     55.500  1024.1337  49304.962    31.3423      1.191    6.49165     9.8155     9.8092    24.1283   11.73418 1.4855e+02      1.203 0.0000e+00
        224 211.637844    0.01549     0.9292     55.750  1024.1184  49277.806    31.3240      1.181    6.49152     9.8090     9.8155    24.1130   11.73418 1.4698e+02      1.192 0.0000e+00
        225 211.637847    0.01556     0.9333     56.000  1024.1073  49257.619    31.3098      1.184    6.49210     9.7966     9.8156    24.1019   11.73531 1.4543e+02      1.195 0.0000e+00
        226 211.637850    0.01563     0.9375     56.250  1024.1018  49246.879    31.3014      1.199    6.49337     9.7806     9.8091    24.0963   11.73752 1.4426e+02      1.210 0.0000e+00
        227 211.637853    0.01569     0.9417     56.500  1024.1020  49245.669    31.2989      1.222    6.49524     9.7644     9.7967    24.0964   11.74064 1.4273e+02      1.233 0.0000e+00
        228 211.637856    0.01576     0.9458     56.750  1024.1077  49254.022    31.3027      1.247    6.49736     9.7509     9.7808    24.1020   11.74411 1.4073e+02      1.259 0.0000e+00
        229 211.637859    0.01583     0.9500     57.000  1024.1190  49272.642    31.3137      1.272    6.49921     9.7416     9.7645    24.1132   11.74705 1.3919e+02      1.284 0.0000e+00
        230 211.637862    0.01590     0.9542     57.250  1024.1357  49301.514    31.3323      1.291    6.50037     9.7373     9.7510    24.1298   11.74875 1.3907e+02      1.303 0.0000e+00
        231 211.637865    0.01597     0.9583     57.500  1024.1557  49336.612    31.3558      1.302    6.50071     9.7387     9.7417    24.1497   11.74902 1.4020e+02      1.315 0.0000e+00
        232 211.637867    0.01604     0.9625     57.750  1024.1741  49369.692    31.3786      1.303    6.50038     9.7475     9.7374    24.1682   11.74821 1.4156e+02      1.316 0.0000e+00
        233 211.637870    0.01611     0.9667     58.000  1024.1866  49392.647    31.3950      1.295    6.49949     9.7637     9.7388    24.1807   11.74654 1.4283e+02      1.307 0.0000e+00
        234 211.637873    0.01618     0.9708     58.250  1024.1898  49399.414    31.4009      1.277    6.49799     9.7843     9.7476    24.1839   11.74398 1.4447e+02      1.289 0.0000e+00
        235 211.637876    0.01625     0.9750     58.500  1024.1824  49388.020    31.3950      1.255    6.49593     9.8049     9.7638    24.1767   11.74063 1.4618e+02      1.267 0.0000e+00
        236 211.637879    0.01632     0.9792     58.750  1024.1669  49362.147    31.3794      1.233    6.49363     9.8217     9.7845    24.1612   11.73701 1.4702e+02      1.245 0.0000e+00
        237 211.637882    0.01639     0.9833     59.000  1024.1468  49328.123    31.3581      1.217    6.49159     9.8325     9.8050    24.1413   11.73389 1.4693e+02      1.229 0.0000e+00
        238 211.637885    0.01646     0.9875     59.250  1024.1263  49292.641    31.3352      1.211    6.49016     9.8368     9.8218    24.1207   11.73179 1.4641e+02      1.223 0.0000e+00
        239 211.637888    0.01653     0.9917     59.500  1024.1092  49262.630    31.3155      1.216    6.48944     9.8350     9.8326    24.1036   11.73083 1.4557e+02      1.228 0.0000e+00
        240 211.637891    0.01660     0.9958     59.750  1024.0986  49243.887    31.3028      1.230    6.48934     9.8278     9.8370    24.0930   11.73082 1.4431e+02      1.242 0.0000e+00
        241 211.637894    0.01667     1.0000     60.000  1024.0964  49239.476    31.2995      1.249    6.48974     9.8175     9.8352    24.0907   11.73153 1.4309e+02      1.260 0.0000e+00
        242 211.637896    0.01674     1.0042     60.250  1024.1024  49249.585    31.3057      1.266    6.49051     9.8076     9.8279    24.0967   11.73273 1.4251e+02      1.278 0.0000e+00
        243 211.637899    0.01681     1.0083     60.500  1024.1151  49271.456    31.3198      1.279    6.49139     9.8006     9.8177    24.1093   11.73401 1.4236e+02      1.291 0.0000e+00
        244 211.637902    0.01688     1.0125     60.750  1024.1306  49298.417    31.3375      1.284    6.49206     9.7982     9.8078    24.1248   11.73491 1.4213e+02      1.297 0.0000e+00
        245 211.637905    0.01694     1.0167     61.000  1024.1442  49322.430    31.3535      1.281    6.49238     9.8015     9.8008    24.1384   11.73527 1.4227e+02      1.294 0.0000e+00
        246 211.637908    0.01701     1.0208     61.250  1024.1528  49337.832    31.3641      1.272    6.49229     9.8092     9.7984    24.1470   11.73498 1.4332e+02      1.284 0.0000e+00
        247 211.637911    0.01708     1.0250     61.500  1024.1546  49341.412    31.3670      1.260    6.49171     9.8183     9.8016    24.1488   11.73398 1.4460e+02      1.272 0.0000e+00
        248 211.637914    0.01715     1.0292     61.750  1024.1498  49333.690    31.3626      1.249    6.49079     9.8257     9.8093    24.1441   11.73251 1.4530e+02      1.260 0.0000e+00
        249 211.637917    0.01722     1.0333     62.000  1024.1414  49319.365    31.3537      1.242    6.48986     9.8300     9.8184    24.1357   11.73108 1.4556e+02      1.253 0.0000e+00
        250 211.637920    0.01729     1.0375     62.250  1024.1327  49304.477    31.3441      1.239    6.48921     9.8314     9.8258    24.1270   11.73011 1.4555e+02      1.251 0.0000e+00
        251 211.637922    0.01736     1.0417     62.500  1024.1264  49293.597    31.3370      1.240    6.48891     9.8313     9.8301    24.1208   11.72969 1.4515e+02      1.252 0.0000e+00
        252 211.637925    0.01743     1.0458     62.750  1024.1234  49288.262    31.3334      1.243    6.48885     9.8311     9.8315    24.1177   11.72965 1.4468e+02      1.255 0.0000e+00
        253 211.637928    0.01750     1.0500     63.000  1024.1231  49287.559    31.3329      1.246    6.48888     9.8314     9.8314    24.1174   11.72969 1.4457e+02      1.258 0.0000e+00
        254 211.637931    0.01757     1.0542     63.250  1024.1245  49290.041    31.3346      1.249    6.48883     9.8321     9.8312    24.1188   11.72960 1.4459e+02      1.261 0.0000e+00
        255 211.637934    0.01764     1.0583     63.500  1024.1271  49294.801    31.3380      1.251    6.48865     9.8332     9.8315    24.1214   11.72926 1.4487e+02      1.262 0.0000e+00
