CTD-processing/allCTD/CNV--homogene/2012_09-21_t9_s06_repeat2_cast158.cnv
* Sea-Bird SBE19plus Data File:
* FileName = C:\Documents and Settings\kris.holderied.local\My Documents\2012-CTD-DATA-new-files\2012-09-21-CTD-HomerSpit-tide-time-series-KBRRctd\2012-09-21-CTD-HomerSpit-tide-repeat2\2012-09-21-HomerSpit-tide-repeat2158.hex
* Software Version 1.54
* Temperature SN =  4141
* Conductivity SN =  4141
* System UpLoad Time = Oct 11 2012 18:28:49
** Kachemak Bay Homer Spit Line - Tidal repeat2
** Date:  2012-09-21
** Station: 9-06
** Start time (AKDT-24 hr): 1136
** Depth (ft): 335
** Comment:Still turbid water.  Collection of debris nearby with weak indication of front to NE.
# nquan = 17
# nvalues = 693                         
# units = specified
# name 0 = scan: Scan Count
# name 1 = timeJ: Julian Days
# name 2 = timeH: Time, Elapsed [hours]
# name 3 = timeM: Time, Elapsed [minutes]
# name 4 = timeS: Time, Elapsed [seconds]
# name 5 = density00: Density [density, kg/m^3]
# name 6 = specc: Specific Conductance [uS/cm]
# name 7 = sal00: Salinity, Practical [PSU]
# name 8 = depSM: Depth [salt water, m], lat = 59.00
# name 9 = oxsolML/L: Oxygen Saturation, Garcia & Gordon [ml/l]
# name 10 = potemp090C: Potential Temperature [ITS-90, deg C]
# name 11 = tv290C: Temperature [ITS-90, deg C]
# name 12 = sigma-é00: Density [sigma-theta, kg/m^3]
# name 13 = n2satML/L: Nitrogen Saturation [ml/l]
# name 14 = par: PAR/Irradiance, Biospherical/Licor
# name 15 = prdM: Pressure, Strain Gauge [db]
# name 16 = flag:  0.000e+00
# span 0 =          1,        693       
# span 1 = 265.483125, 265.485127       
# span 2 =    0.00000,    0.04806       
# span 3 =     0.0000,     2.8833       
# span 4 =      0.000,    173.000       
# span 5 =  1013.3639,  1024.2163       
# span 6 =  28853.322,  48673.547       
# span 7 =    17.4896,    30.8076       
# span 8 =     -0.089,     97.150       
# span 9 =    6.55322,    7.12367       
# span 10 =     9.3299,     9.7083      
# span 11 =     9.3300,     9.7103      
# span 12 =    13.3643,    23.7728      
# span 13 =   11.84573,   12.96255      
# span 14 = 6.8716e-02, 2.0309e+03      
# span 15 =     -0.090,     98.090      
# span 16 = 0.0000e+00, 0.0000e+00      
# interval = seconds: 0.25
# start_time = Sep 21 2012 11:35:42 [Instrument's time stamp, header]
# bad_flag = -9.990e-29
*END*
[from data line 256]
        257 265.483866    0.01778     1.0667     64.000  1020.1247  41874.186    26.1119      0.839    6.78472     9.3367     9.3345    20.1208   12.28435 9.3479e+01      0.847 0.0000e+00
        258 265.483869    0.01785     1.0708     64.250  1020.1235  41872.015    26.1105      0.853    6.78462     9.3379     9.3356    20.1196   12.28420 9.2888e+01      0.861 0.0000e+00
        259 265.483872    0.01792     1.0750     64.500  1020.1204  41866.229    26.1067      0.863    6.78460     9.3388     9.3368    20.1164   12.28422 9.2688e+01      0.871 0.0000e+00
        260 265.483874    0.01799     1.0792     64.750  1020.1164  41858.920    26.1018      0.867    6.78464     9.3396     9.3380    20.1124   12.28435 9.2691e+01      0.875 0.0000e+00
        261 265.483877    0.01806     1.0833     65.000  1020.1135  41853.685    26.0983      0.863    6.78464     9.3400     9.3389    20.1095   12.28440 9.2936e+01      0.871 0.0000e+00
        262 265.483880    0.01812     1.0875     65.250  1020.1115  41850.108    26.0959      0.852    6.78464     9.3401     9.3397    20.1076   12.28442 9.3623e+01      0.860 0.0000e+00
        263 265.483883    0.01819     1.0917     65.500  1020.1095  41846.586    26.0935      0.838    6.78468     9.3400     9.3401    20.1057   12.28451 9.4546e+01      0.846 0.0000e+00
        264 265.483886    0.01826     1.0958     65.750  1020.1077  41843.338    26.0913      0.824    6.78476     9.3398     9.3402    20.1039   12.28467 9.5119e+01      0.832 0.0000e+00
        265 265.483889    0.01833     1.1000     66.000  1020.1065  41841.081    26.0898      0.814    6.78485     9.3397     9.3401    20.1027   12.28484 9.5184e+01      0.822 0.0000e+00
        266 265.483892    0.01840     1.1042     66.250  1020.1061  41840.275    26.0892      0.811    6.78491     9.3401     9.3399    20.1023   12.28494 9.5001e+01      0.819 0.0000e+00
        267 265.483895    0.01847     1.1083     66.500  1020.1064  41840.934    26.0896      0.816    6.78489     9.3408     9.3398    20.1026   12.28491 9.4480e+01      0.824 0.0000e+00
        268 265.483898    0.01854     1.1125     66.750  1020.1074  41842.718    26.0909      0.829    6.78478     9.3417     9.3401    20.1036   12.28472 9.3637e+01      0.836 0.0000e+00
        269 265.483900    0.01861     1.1167     67.000  1020.1082  41844.077    26.0919      0.844    6.78463     9.3427     9.3409    20.1042   12.28446 9.2881e+01      0.852 0.0000e+00
        270 265.483903    0.01868     1.1208     67.250  1020.1084  41844.474    26.0923      0.858    6.78447     9.3437     9.3418    20.1044   12.28418 9.2421e+01      0.866 0.0000e+00
        271 265.483906    0.01875     1.1250     67.500  1020.1088  41845.313    26.0929      0.865    6.78429     9.3446     9.3428    20.1048   12.28388 9.2173e+01      0.873 0.0000e+00
        272 265.483909    0.01882     1.1292     67.750  1020.1093  41846.302    26.0937      0.863    6.78411     9.3454     9.3438    20.1053   12.28357 9.2231e+01      0.871 0.0000e+00
        273 265.483912    0.01889     1.1333     68.000  1020.1092  41846.387    26.0939      0.853    6.78397     9.3459     9.3447    20.1053   12.28332 9.2855e+01      0.860 0.0000e+00
        274 265.483915    0.01896     1.1375     68.250  1020.1088  41845.746    26.0936      0.839    6.78386     9.3462     9.3455    20.1049   12.28315 9.3591e+01      0.846 0.0000e+00
        275 265.483918    0.01903     1.1417     68.500  1020.1083  41844.972    26.0931      0.826    6.78380     9.3466     9.3460    20.1044   12.28306 9.3660e+01      0.833 0.0000e+00
        276 265.483921    0.01910     1.1458     68.750  1020.1080  41844.551    26.0928      0.819    6.78376     9.3471     9.3463    20.1042   12.28299 9.3140e+01      0.827 0.0000e+00
        277 265.483924    0.01917     1.1500     69.000  1020.1078  41844.111    26.0926      0.820    6.78371     9.3474     9.3467    20.1039   12.28292 9.2478e+01      0.828 0.0000e+00
        278 265.483927    0.01924     1.1542     69.250  1020.1071  41842.819    26.0917      0.827    6.78368     9.3473     9.3472    20.1032   12.28288 9.1924e+01      0.835 0.0000e+00
        279 265.483929    0.01931     1.1583     69.500  1020.1061  41840.963    26.0905      0.837    6.78369     9.3470     9.3475    20.1022   12.28291 9.1645e+01      0.845 0.0000e+00
        280 265.483932    0.01938     1.1625     69.750  1020.1053  41839.462    26.0894      0.844    6.78374     9.3467     9.3474    20.1014   12.28300 9.1494e+01      0.853 0.0000e+00
        281 265.483935    0.01944     1.1667     70.000  1020.1049  41838.721    26.0889      0.847    6.78381     9.3466     9.3471    20.1010   12.28313 9.1418e+01      0.856 0.0000e+00
        282 265.483938    0.01951     1.1708     70.250  1020.1050  41838.910    26.0890      0.845    6.78386     9.3467     9.3468    20.1011   12.28320 9.1667e+01      0.854 0.0000e+00
        283 265.483941    0.01958     1.1750     70.500  1020.1054  41839.677    26.0895      0.840    6.78385     9.3471     9.3467    20.1016   12.28318 9.2036e+01      0.849 0.0000e+00
        284 265.483944    0.01965     1.1792     70.750  1020.1057  41840.183    26.0899      0.836    6.78381     9.3474     9.3468    20.1018   12.28312 9.2124e+01      0.844 0.0000e+00
        285 265.483947    0.01972     1.1833     71.000  1020.1056  41840.065    26.0898      0.835    6.78377     9.3477     9.3471    20.1017   12.28304 9.1844e+01      0.843 0.0000e+00
        286 265.483950    0.01979     1.1875     71.250  1020.1053  41839.453    26.0895      0.838    6.78373     9.3478     9.3475    20.1014   12.28298 9.1190e+01      0.846 0.0000e+00
        287 265.483953    0.01986     1.1917     71.500  1020.1048  41838.533    26.0889      0.842    6.78371     9.3477     9.3478    20.1009   12.28296 9.0545e+01      0.850 0.0000e+00
        288 265.483955    0.01993     1.1958     71.750  1020.1043  41837.609    26.0883      0.845    6.78372     9.3474     9.3479    20.1004   12.28298 9.0356e+01      0.853 0.0000e+00
        289 265.483958    0.02000     1.2000     72.000  1020.1041  41837.160    26.0879      0.845    6.78375     9.3470     9.3478    20.1001   12.28304 9.0440e+01      0.853 0.0000e+00
        290 265.483961    0.02007     1.2042     72.250  1020.1042  41837.402    26.0881      0.844    6.78379     9.3466     9.3475    20.1003   12.28310 9.0420e+01      0.852 0.0000e+00
        291 265.483964    0.02014     1.2083     72.500  1020.1045  41837.869    26.0883      0.844    6.78384     9.3459     9.3471    20.1006   12.28318 9.0004e+01      0.852 0.0000e+00
        292 265.483967    0.02021     1.2125     72.750  1020.1046  41838.033    26.0884      0.848    6.78391     9.3448     9.3466    20.1007   12.28329 8.9308e+01      0.856 0.0000e+00
        293 265.483970    0.02028     1.2167     73.000  1020.1048  41838.250    26.0885      0.857    6.78401     9.3432     9.3459    20.1008   12.28346 8.8591e+01      0.866 0.0000e+00
        294 265.483973    0.02035     1.2208     73.250  1020.1060  41840.144    26.0897      0.874    6.78413     9.3413     9.3448    20.1019   12.28364 8.7361e+01      0.882 0.0000e+00
        295 265.483976    0.02042     1.2250     73.500  1020.1096  41846.617    26.0939      0.898    6.78418     9.3395     9.3432    20.1055   12.28368 8.5294e+01      0.907 0.0000e+00
        296 265.483979    0.02049     1.2292     73.750  1020.1178  41861.209    26.1037      0.935    6.78403     9.3381     9.3414    20.1135   12.28331 8.2305e+01      0.944 0.0000e+00
        297 265.483981    0.02056     1.2333     74.000  1020.1323  41887.656    26.1217      0.994    6.78351     9.3371     9.3397    20.1278   12.28223 7.7568e+01      1.003 0.0000e+00
        298 265.483984    0.02063     1.2375     74.250  1020.1567  41932.263    26.1523      1.083    6.78240     9.3371     9.3382    20.1518   12.28001 7.0876e+01      1.094 0.0000e+00
        299 265.483987    0.02069     1.2417     74.500  1020.1985  42008.859    26.2048      1.205    6.78026     9.3397     9.3372    20.1929   12.27579 6.3285e+01      1.217 0.0000e+00
        300 265.483990    0.02076     1.2458     74.750  1020.2685  42137.991    26.2937      1.354    6.77639     9.3475     9.3373    20.2622   12.26826 5.5752e+01      1.367 0.0000e+00
        301 265.483993    0.02083     1.2500     75.000  1020.3780  42340.883    26.4336      1.521    6.76990     9.3617     9.3399    20.3709   12.25573 4.8757e+01      1.535 0.0000e+00
        302 265.483996    0.02090     1.2542     75.250  1020.5168  42598.714    26.6120      1.697    6.76097     9.3812     9.3477    20.5089   12.23867 4.2586e+01      1.712 0.0000e+00
        303 265.483999    0.02097     1.2583     75.500  1020.6488  42844.462    26.7829      1.874    6.75139     9.4037     9.3619    20.6401   12.22062 3.7325e+01      1.892 0.0000e+00
        304 265.484002    0.02104     1.2625     75.750  1020.7526  43038.323    26.9186      2.050    6.74254     9.4272     9.3814    20.7431   12.20423 3.2916e+01      2.069 0.0000e+00
        305 265.484005    0.02111     1.2667     76.000  1020.8282  43179.965    27.0188      2.222    6.73479     9.4498     9.4040    20.8179   12.19013 2.9229e+01      2.243 0.0000e+00
        306 265.484008    0.02118     1.2708     76.250  1020.8793  43276.158    27.0877      2.393    6.72826     9.4701     9.4275    20.8682   12.17843 2.6117e+01      2.416 0.0000e+00
        307 265.484010    0.02125     1.2750     76.500  1020.9141  43341.963    27.1356      2.566    6.72279     9.4879     9.4501    20.9023   12.16876 2.3426e+01      2.590 0.0000e+00
        308 265.484013    0.02132     1.2792     76.750  1020.9425  43395.457    27.1748      2.746    6.71805     9.5039     9.4704    20.9298   12.16039 2.1022e+01      2.771 0.0000e+00
        309 265.484016    0.02139     1.2833     77.000  1020.9731  43452.762    27.2163      2.938    6.71358     9.5193     9.4882    20.9596   12.15246 1.8834e+01      2.965 0.0000e+00
        310 265.484019    0.02146     1.2875     77.250  1021.0132  43527.177    27.2695      3.142    6.70889     9.5353     9.5042    20.9986   12.14401 1.6863e+01      3.172 0.0000e+00
        311 265.484022    0.02153     1.2917     77.500  1021.0669  43626.809    27.3401      3.354    6.70354     9.5521     9.5196    21.0514   12.13427 1.5154e+01      3.386 0.0000e+00
        312 265.484025    0.02160     1.2958     77.750  1021.1302  43744.223    27.4231      3.562    6.69758     9.5684     9.5356    21.1137   12.12334 1.3743e+01      3.595 0.0000e+00
        313 265.484028    0.02167     1.3000     78.000  1021.1924  43859.822    27.5050      3.755    6.69155     9.5828     9.5525    21.1750   12.11232 1.2621e+01      3.791 0.0000e+00
        314 265.484031    0.02174     1.3042     78.250  1021.2524  43971.308    27.5840      3.932    6.68572     9.5953     9.5688    21.2342   12.10167 1.1726e+01      3.970 0.0000e+00
        315 265.484034    0.02181     1.3083     78.500  1021.3202  44097.039    27.6727      4.099    6.67977     9.6072     9.5832    21.3012   12.09069 1.0966e+01      4.138 0.0000e+00
        316 265.484036    0.02187     1.3125     78.750  1021.4036  44251.351    27.7810      4.268    6.67326     9.6196     9.5958    21.3838   12.07855 1.0260e+01      4.308 0.0000e+00
        317 265.484039    0.02194     1.3167     79.000  1021.5000  44429.528    27.9059      4.452    6.66614     9.6322     9.6077    21.4794   12.06520 9.5671e+00      4.495 0.0000e+00
        318 265.484042    0.02201     1.3208     79.250  1021.5961  44606.895    28.0304      4.659    6.65897     9.6436     9.6201    21.5746   12.05178 8.8886e+00      4.703 0.0000e+00
        319 265.484045    0.02208     1.3250     79.500  1021.6804  44762.325    28.1397      4.884    6.65244     9.6527     9.6327    21.6579   12.03958 8.2584e+00      4.930 0.0000e+00
        320 265.484048    0.02215     1.3292     79.750  1021.7559  44901.232    28.2374      5.117    6.64658     9.6594     9.6441    21.7324   12.02867 7.7109e+00      5.165 0.0000e+00
        321 265.484051    0.02222     1.3333     80.000  1021.8314  45039.622    28.3346      5.344    6.64109     9.6640     9.6532    21.8067   12.01836 7.2503e+00      5.395 0.0000e+00
        322 265.484054    0.02229     1.3375     80.250  1021.9105  45184.577    28.4361      5.556    6.63577     9.6673     9.6599    21.8849   12.00829 6.8617e+00      5.608 0.0000e+00
        323 265.484057    0.02236     1.3417     80.500  1021.9898  45329.721    28.5375      5.748    6.63075     9.6699     9.6646    21.9633   11.99872 6.5241e+00      5.802 0.0000e+00
        324 265.484060    0.02243     1.3458     80.750  1022.0621  45461.997    28.6299      5.925    6.62632     9.6719     9.6680    22.0348   11.99025 6.2080e+00      5.982 0.0000e+00
        325 265.484062    0.02250     1.3500     81.000  1022.1261  45578.945    28.7115      6.098    6.62247     9.6735     9.6705    22.0981   11.98286 5.8804e+00      6.156 0.0000e+00
        326 265.484065    0.02257     1.3542     81.250  1022.1849  45685.913    28.7862      6.279    6.61900     9.6747     9.6725    22.1560   11.97618 5.5197e+00      6.338 0.0000e+00
        327 265.484068    0.02264     1.3583     81.500  1022.2386  45783.466    28.8543      6.475    6.61587     9.6754     9.6741    22.2088   11.97016 5.1236e+00      6.537 0.0000e+00
        328 265.484071    0.02271     1.3625     81.750  1022.2863  45869.597    28.9144      6.689    6.61314     9.6757     9.6753    22.2555   11.96489 4.7078e+00      6.753 0.0000e+00
        329 265.484074    0.02278     1.3667     82.000  1022.3271  45942.936    28.9655      6.915    6.61085     9.6758     9.6761    22.2953   11.96048 4.2983e+00      6.980 0.0000e+00
        330 265.484077    0.02285     1.3708     82.250  1022.3606  46002.784    29.0072      7.142    6.60903     9.6758     9.6765    22.3278   11.95694 3.9209e+00      7.210 0.0000e+00
        331 265.484080    0.02292     1.3750     82.500  1022.3874  46050.388    29.0403      7.362    6.60760     9.6758     9.6766    22.3536   11.95418 3.5914e+00      7.431 0.0000e+00
        332 265.484083    0.02299     1.3792     82.750  1022.4084  46087.308    29.0660      7.568    6.60651     9.6758     9.6766    22.3736   11.95205 3.3105e+00      7.640 0.0000e+00
        333 265.484086    0.02306     1.3833     83.000  1022.4244  46115.222    29.0854      7.762    6.60568     9.6759     9.6767    22.3887   11.95044 3.0680e+00      7.835 0.0000e+00
        334 265.484089    0.02313     1.3875     83.250  1022.4369  46136.780    29.1003      7.947    6.60504     9.6759     9.6767    22.4004   11.94920 2.8510e+00      8.022 0.0000e+00
        335 265.484091    0.02319     1.3917     83.500  1022.4475  46154.796    29.1128      8.130    6.60451     9.6760     9.6767    22.4101   11.94816 2.6480e+00      8.207 0.0000e+00
        336 265.484094    0.02326     1.3958     83.750  1022.4575  46171.599    29.1245      8.318    6.60401     9.6761     9.6768    22.4192   11.94718 2.4515e+00      8.396 0.0000e+00
        337 265.484097    0.02333     1.4000     84.000  1022.4675  46188.425    29.1362      8.514    6.60350     9.6763     9.6769    22.4283   11.94620 2.2598e+00      8.594 0.0000e+00
        338 265.484100    0.02340     1.4042     84.250  1022.4777  46205.638    29.1481      8.717    6.60297     9.6767     9.6770    22.4376   11.94517 2.0755e+00      8.800 0.0000e+00
        339 265.484103    0.02347     1.4083     84.500  1022.4882  46223.219    29.1603      8.927    6.60241     9.6773     9.6773    22.4471   11.94410 1.9019e+00      9.011 0.0000e+00
        340 265.484106    0.02354     1.4125     84.750  1022.4988  46241.080    29.1727      9.139    6.60182     9.6779     9.6777    22.4567   11.94297 1.7417e+00      9.225 0.0000e+00
