CTD-processing/allCTD/CNV--homogene/2012_05-03_t6_s06_cast050.cnv
* Sea-Bird SBE19plus Data File:
* FileName = C:\Documents and Settings\glenn.seaman\My Documents\KHolderied-files\CTD-DATA-FILES\2012-05-LTM-LowerCookInlet-CTD\Transect6-2012-05-Douglas\2012-05-03-04-LTM-Tran6-cast050.hex
* Software Version 1.59
* Temperature SN =  5028
* Conductivity SN =  5028
* System UpLoad Time = May 31 2012 02:16:12
** LTM Transect6- Pt Adam to Cape Douglas
** Date: 05-03
** Station:6-06
** Start time (AKDT-24hr): 18:55
** Depth (m): 141
** check sta no, add time/depth from log
# nquan = 17
# nvalues = 903                         
# units = specified
# name 0 = scan: Scan Count
# name 1 = timeJ: Julian Days
# name 2 = timeH: Time, Elapsed [hours]
# name 3 = timeM: Time, Elapsed [minutes]
# name 4 = timeS: Time, Elapsed [seconds]
# name 5 = density00: Density [density, kg/m^3]
# name 6 = specc: Specific Conductance [uS/cm]
# name 7 = sal00: Salinity, Practical [PSU]
# name 8 = depSM: Depth [salt water, m], lat = 59.00
# name 9 = oxsolML/L: Oxygen Saturation, Garcia & Gordon [ml/l]
# name 10 = potemp090C: Potential Temperature [ITS-90, deg C]
# name 11 = tv290C: Temperature [ITS-90, deg C]
# name 12 = sigma-é00: Density [sigma-theta, kg/m^3]
# name 13 = n2satML/L: Nitrogen Saturation [ml/l]
# name 14 = par: PAR/Irradiance, Biospherical/Licor [umol photons/m^2/sec]
# name 15 = prdM: Pressure, Strain Gauge [db]
# name 16 = flag:  0.000e+00
# span 0 =          1,        903       
# span 1 = 124.788947, 124.791557       
# span 2 =    0.00000,    0.06264       
# span 3 =     0.0000,     3.7583       
# span 4 =      0.000,    225.500       
# span 5 =  1000.8163,  1025.9506       
# span 6 =   2000.575,  51579.736       
# span 7 =     1.0515,    31.9723       
# span 8 =     -0.138,    136.979       
# span 9 =    7.26317,    9.12643       
# span 10 =     3.9410,     4.7832      
# span 11 =     3.9299,     4.7835      
# span 12 =     0.8170,    25.3082      
# span 13 =   13.00390,   16.55808      
# span 14 = 3.7490e-02, 1.5530e+02      
# span 15 =     -0.140,    138.318      
# span 16 = 0.0000e+00, 0.0000e+00      
# interval = seconds: 0.25
# start_time = May 03 2012 18:56:05 [Instrument's time stamp, header]
# bad_flag = -9.990e-29
*END*
[from data line 596]
        597 124.790671    0.04139     2.4833    149.000  1025.5942  51473.379    31.9220     68.379    7.28043     4.6508     4.6553    25.2730   13.03106 4.9753e-02     69.035 0.0000e+00
        598 124.790674    0.04146     2.4875    149.250  1025.5960  51474.210    31.9225     68.693    7.28039     4.6509     4.6555    25.2733   13.03098 4.9187e-02     69.352 0.0000e+00
        599 124.790677    0.04153     2.4917    149.500  1025.5978  51474.918    31.9228     69.008    7.28035     4.6510     4.6556    25.2736   13.03090 4.8645e-02     69.671 0.0000e+00
        600 124.790680    0.04160     2.4958    149.750  1025.5994  51475.435    31.9231     69.318    7.28031     4.6511     4.6557    25.2738   13.03083 4.8138e-02     69.984 0.0000e+00
        601 124.790683    0.04167     2.5000    150.000  1025.6009  51475.767    31.9232     69.615    7.28027     4.6512     4.6559    25.2739   13.03077 4.7665e-02     70.284 0.0000e+00
        602 124.790686    0.04174     2.5042    150.250  1025.6022  51475.910    31.9232     69.896    7.28025     4.6513     4.6561    25.2739   13.03073 4.7224e-02     70.568 0.0000e+00
        603 124.790689    0.04181     2.5083    150.500  1025.6034  51475.986    31.9231     70.160    7.28023     4.6513     4.6562    25.2738   13.03071 4.6823e-02     70.835 0.0000e+00
        604 124.790692    0.04188     2.5125    150.750  1025.6046  51476.181    31.9232     70.410    7.28022     4.6514     4.6562    25.2738   13.03069 4.6463e-02     71.086 0.0000e+00
        605 124.790694    0.04194     2.5167    151.000  1025.6058  51476.554    31.9233     70.647    7.28020     4.6516     4.6563    25.2739   13.03065 4.6135e-02     71.325 0.0000e+00
        606 124.790697    0.04201     2.5208    151.250  1025.6071  51477.067    31.9236     70.875    7.28017     4.6517     4.6564    25.2741   13.03060 4.5824e-02     71.556 0.0000e+00
        607 124.790700    0.04208     2.5250    151.500  1025.6083  51477.573    31.9238     71.099    7.28013     4.6518     4.6566    25.2744   13.03053 4.5524e-02     71.783 0.0000e+00
        608 124.790703    0.04215     2.5292    151.750  1025.6095  51477.959    31.9240     71.323    7.28009     4.6520     4.6567    25.2745   13.03047 4.5234e-02     72.008 0.0000e+00
        609 124.790706    0.04222     2.5333    152.000  1025.6107  51478.354    31.9242     71.549    7.28005     4.6522     4.6569    25.2746   13.03040 4.4948e-02     72.237 0.0000e+00
        610 124.790709    0.04229     2.5375    152.250  1025.6120  51478.845    31.9245     71.780    7.28001     4.6524     4.6570    25.2748   13.03033 4.4665e-02     72.470 0.0000e+00
        611 124.790712    0.04236     2.5417    152.500  1025.6133  51479.362    31.9247     72.015    7.27997     4.6526     4.6572    25.2750   13.03025 4.4385e-02     72.708 0.0000e+00
        612 124.790715    0.04243     2.5458    152.750  1025.6147  51479.988    31.9251     72.255    7.27991     4.6529     4.6574    25.2752   13.03016 4.4111e-02     72.950 0.0000e+00
        613 124.790718    0.04250     2.5500    153.000  1025.6162  51480.831    31.9256     72.499    7.27985     4.6531     4.6577    25.2756   13.03005 4.3853e-02     73.196 0.0000e+00
        614 124.790720    0.04257     2.5542    153.250  1025.6177  51481.586    31.9260     72.745    7.27978     4.6534     4.6580    25.2760   13.02992 4.3602e-02     73.444 0.0000e+00
        615 124.790723    0.04264     2.5583    153.500  1025.6189  51481.805    31.9261     72.995    7.27972     4.6535     4.6583    25.2760   13.02983 4.3347e-02     73.696 0.0000e+00
        616 124.790726    0.04271     2.5625    153.750  1025.6198  51481.496    31.9259     73.250    7.27969     4.6534     4.6585    25.2758   13.02978 4.3087e-02     73.954 0.0000e+00
        617 124.790729    0.04278     2.5667    154.000  1025.6206  51480.876    31.9254     73.513    7.27969     4.6533     4.6586    25.2754   13.02979 4.2824e-02     74.220 0.0000e+00
        618 124.790732    0.04285     2.5708    154.250  1025.6215  51480.306    31.9248     73.786    7.27972     4.6532     4.6586    25.2749   13.02984 4.2559e-02     74.495 0.0000e+00
        619 124.790735    0.04292     2.5750    154.500  1025.6228  51480.384    31.9247     74.067    7.27975     4.6532     4.6585    25.2748   13.02989 4.2293e-02     74.779 0.0000e+00
        620 124.790738    0.04299     2.5792    154.750  1025.6245  51481.269    31.9252     74.353    7.27975     4.6534     4.6584    25.2752   13.02988 4.2031e-02     75.069 0.0000e+00
        621 124.790741    0.04306     2.5833    155.000  1025.6266  51482.808    31.9261     74.641    7.27970     4.6538     4.6584    25.2759   13.02979 4.1784e-02     75.359 0.0000e+00
        622 124.790744    0.04312     2.5875    155.250  1025.6289  51484.883    31.9274     74.924    7.27959     4.6544     4.6586    25.2770   13.02960 4.1554e-02     75.645 0.0000e+00
        623 124.790747    0.04319     2.5917    155.500  1025.6313  51487.109    31.9289     75.196    7.27944     4.6552     4.6591    25.2781   13.02933 4.1336e-02     75.919 0.0000e+00
        624 124.790749    0.04326     2.5958    155.750  1025.6333  51488.699    31.9300     75.452    7.27927     4.6558     4.6597    25.2789   13.02904 4.1136e-02     76.178 0.0000e+00
        625 124.790752    0.04333     2.6000    156.000  1025.6345  51488.865    31.9302     75.691    7.27914     4.6560     4.6605    25.2790   13.02881 4.0958e-02     76.419 0.0000e+00
        626 124.790755    0.04340     2.6042    156.250  1025.6348  51487.475    31.9292     75.914    7.27908     4.6559     4.6611    25.2782   13.02872 4.0798e-02     76.644 0.0000e+00
        627 124.790758    0.04347     2.6083    156.500  1025.6344  51485.098    31.9276     76.124    7.27911     4.6554     4.6614    25.2768   13.02879 4.0652e-02     76.857 0.0000e+00
        628 124.790761    0.04354     2.6125    156.750  1025.6341  51482.889    31.9259     76.328    7.27921     4.6549     4.6612    25.2755   13.02899 4.0511e-02     77.063 0.0000e+00
        629 124.790764    0.04361     2.6167    157.000  1025.6345  51482.148    31.9252     76.530    7.27932     4.6545     4.6608    25.2750   13.02919 4.0366e-02     77.267 0.0000e+00
        630 124.790767    0.04368     2.6208    157.250  1025.6357  51482.706    31.9253     76.738    7.27941     4.6542     4.6603    25.2752   13.02932 4.0220e-02     77.476 0.0000e+00
        631 124.790770    0.04375     2.6250    157.500  1025.6370  51483.446    31.9257     76.955    7.27947     4.6541     4.6599    25.2755   13.02941 4.0076e-02     77.695 0.0000e+00
        632 124.790773    0.04382     2.6292    157.750  1025.6383  51484.018    31.9259     77.183    7.27950     4.6541     4.6596    25.2757   13.02946 3.9926e-02     77.925 0.0000e+00
        633 124.790775    0.04389     2.6333    158.000  1025.6396  51484.521    31.9261     77.423    7.27950     4.6542     4.6595    25.2759   13.02947 3.9769e-02     78.168 0.0000e+00
        634 124.790778    0.04396     2.6375    158.250  1025.6412  51485.556    31.9267     77.675    7.27947     4.6545     4.6595    25.2763   13.02941 3.9613e-02     78.423 0.0000e+00
        635 124.790781    0.04403     2.6417    158.500  1025.6434  51487.666    31.9280     77.935    7.27938     4.6552     4.6597    25.2774   13.02925 3.9461e-02     78.685 0.0000e+00
        636 124.790784    0.04410     2.6458    158.750  1025.6461  51490.438    31.9299     78.199    7.27923     4.6560     4.6600    25.2788   13.02897 3.9312e-02     78.952 0.0000e+00
        637 124.790787    0.04417     2.6500    159.000  1025.6488  51493.284    31.9318     78.461    7.27902     4.6571     4.6607    25.2803   13.02860 3.9170e-02     79.217 0.0000e+00
        638 124.790790    0.04424     2.6542    159.250  1025.6516  51496.108    31.9339     78.719    7.27877     4.6583     4.6616    25.2818   13.02815 3.9031e-02     79.477 0.0000e+00
        639 124.790793    0.04431     2.6583    159.500  1025.6543  51498.947    31.9359     78.971    7.27847     4.6596     4.6627    25.2833   13.02764 3.8900e-02     79.731 0.0000e+00
        640 124.790796    0.04437     2.6625    159.750  1025.6567  51501.285    31.9377     79.216    7.27817     4.6608     4.6639    25.2846   13.02711 3.8786e-02     79.979 0.0000e+00
        641 124.790799    0.04444     2.6667    160.000  1025.6585  51502.515    31.9387     79.455    7.27789     4.6617     4.6652    25.2853   13.02664 3.8683e-02     80.220 0.0000e+00
        642 124.790802    0.04451     2.6708    160.250  1025.6596  51502.569    31.9389     79.689    7.27767     4.6623     4.6664    25.2853   13.02628 3.8586e-02     80.457 0.0000e+00
        643 124.790804    0.04458     2.6750    160.500  1025.6603  51501.867    31.9385     79.921    7.27753     4.6626     4.6673    25.2849   13.02605 3.8490e-02     80.691 0.0000e+00
        644 124.790807    0.04465     2.6792    160.750  1025.6608  51500.812    31.9378     80.153    7.27745     4.6626     4.6679    25.2843   13.02593 3.8391e-02     80.926 0.0000e+00
        645 124.790810    0.04472     2.6833    161.000  1025.6609  51499.249    31.9367     80.387    7.27745     4.6623     4.6683    25.2834   13.02594 3.8293e-02     81.162 0.0000e+00
        646 124.790813    0.04479     2.6875    161.250  1025.6610  51497.520    31.9354     80.623    7.27752     4.6619     4.6683    25.2823   13.02607 3.8195e-02     81.400 0.0000e+00
        647 124.790816    0.04486     2.6917    161.500  1025.6614  51496.486    31.9345     80.860    7.27761     4.6614     4.6680    25.2816   13.02623 3.8103e-02     81.639 0.0000e+00
        648 124.790819    0.04493     2.6958    161.750  1025.6622  51496.176    31.9341     81.097    7.27770     4.6610     4.6675    25.2813   13.02640 3.8015e-02     81.879 0.0000e+00
        649 124.790822    0.04500     2.7000    162.000  1025.6632  51496.154    31.9338     81.332    7.27779     4.6607     4.6671    25.2812   13.02654 3.7930e-02     82.116 0.0000e+00
        650 124.790825    0.04507     2.7042    162.250  1025.6642  51496.190    31.9336     81.565    7.27786     4.6604     4.6668    25.2811   13.02666 3.7848e-02     82.351 0.0000e+00
        651 124.790828    0.04514     2.7083    162.500  1025.6652  51496.264    31.9335     81.796    7.27792     4.6603     4.6665    25.2811   13.02676 3.7773e-02     82.584 0.0000e+00
        652 124.790830    0.04521     2.7125    162.750  1025.6664  51496.571    31.9336     82.027    7.27796     4.6603     4.6662    25.2811   13.02683 3.7707e-02     82.818 0.0000e+00
        653 124.790833    0.04528     2.7167    163.000  1025.6679  51497.523    31.9341     82.261    7.27797     4.6605     4.6661    25.2815   13.02683 3.7652e-02     83.054 0.0000e+00
        654 124.790836    0.04535     2.7208    163.250  1025.6699  51499.403    31.9352     82.498    7.27792     4.6609     4.6660    25.2825   13.02673 3.7605e-02     83.293 0.0000e+00
        655 124.790839    0.04542     2.7250    163.500  1025.6723  51501.802    31.9368     82.742    7.27780     4.6615     4.6662    25.2837   13.02652 3.7567e-02     83.539 0.0000e+00
        656 124.790842    0.04549     2.7292    163.750  1025.6745  51503.824    31.9382     82.993    7.27766     4.6621     4.6667    25.2847   13.02626 3.7540e-02     83.792 0.0000e+00
        657 124.790845    0.04556     2.7333    164.000  1025.6763  51505.009    31.9390     83.251    7.27751     4.6627     4.6673    25.2852   13.02600 3.7521e-02     84.053 0.0000e+00
        658 124.790848    0.04562     2.7375    164.250  1025.6777  51505.511    31.9394     83.514    7.27737     4.6631     4.6680    25.2855   13.02578 3.7508e-02     84.319 0.0000e+00
        659 124.790851    0.04569     2.7417    164.500  1025.6789  51505.436    31.9393     83.780    7.27727     4.6634     4.6686    25.2854   13.02561 3.7501e-02     84.588 0.0000e+00
        660 124.790854    0.04576     2.7458    164.750  1025.6799  51505.104    31.9390     84.046    7.27720     4.6635     4.6690    25.2852   13.02550 3.7497e-02     84.856 0.0000e+00
        661 124.790856    0.04583     2.7500    165.000  1025.6810  51504.967    31.9389     84.309    7.27716     4.6636     4.6693    25.2850   13.02544 3.7494e-02     85.121 0.0000e+00
        662 124.790859    0.04590     2.7542    165.250  1025.6821  51504.839    31.9387     84.565    7.27715     4.6636     4.6695    25.2849   13.02541 3.7493e-02     85.381 0.0000e+00
        663 124.790862    0.04597     2.7583    165.500  1025.6829  51504.455    31.9383     84.813    7.27715     4.6635     4.6695    25.2846   13.02542 3.7492e-02     85.631 0.0000e+00
        664 124.790865    0.04604     2.7625    165.750  1025.6837  51504.099    31.9380     85.050    7.27717     4.6634     4.6695    25.2843   13.02546 3.7491e-02     85.871 0.0000e+00
        665 124.790868    0.04611     2.7667    166.000  1025.6848  51504.203    31.9379     85.280    7.27718     4.6634     4.6695    25.2842   13.02548 3.7491e-02     86.103 0.0000e+00
        666 124.790871    0.04618     2.7708    166.250  1025.6860  51504.788    31.9382     85.506    7.27718     4.6634     4.6694    25.2844   13.02548 3.7490e-02     86.331 0.0000e+00
        667 124.790874    0.04625     2.7750    166.500  1025.6875  51505.604    31.9386     85.733    7.27716     4.6636     4.6694    25.2848   13.02544 3.7490e-02     86.560 0.0000e+00
        668 124.790877    0.04632     2.7792    166.750  1025.6889  51506.402    31.9391     85.966    7.27712     4.6637     4.6695    25.2851   13.02537 3.7490e-02     86.795 0.0000e+00
        669 124.790880    0.04639     2.7833    167.000  1025.6903  51507.036    31.9394     86.208    7.27708     4.6639     4.6696    25.2854   13.02530 3.7490e-02     87.039 0.0000e+00
        670 124.790883    0.04646     2.7875    167.250  1025.6917  51507.588    31.9397     86.460    7.27703     4.6641     4.6698    25.2856   13.02522 3.7490e-02     87.294 0.0000e+00
        671 124.790885    0.04653     2.7917    167.500  1025.6932  51508.241    31.9401     86.721    7.27698     4.6643     4.6700    25.2858   13.02513 3.7490e-02     87.558 0.0000e+00
        672 124.790888    0.04660     2.7958    167.750  1025.6948  51509.071    31.9406     86.990    7.27692     4.6646     4.6702    25.2862   13.02502 3.7490e-02     87.830 0.0000e+00
        673 124.790891    0.04667     2.8000    168.000  1025.6964  51509.980    31.9411     87.261    7.27686     4.6649     4.6704    25.2866   13.02490 3.7490e-02     88.103 0.0000e+00
        674 124.790894    0.04674     2.8042    168.250  1025.6981  51510.816    31.9416     87.528    7.27678     4.6652     4.6707    25.2870   13.02477 3.7490e-02     88.372 0.0000e+00
        675 124.790897    0.04681     2.8083    168.500  1025.6995  51511.359    31.9419     87.787    7.27671     4.6654     4.6711    25.2872   13.02464 3.7490e-02     88.634 0.0000e+00
        676 124.790900    0.04688     2.8125    168.750  1025.7007  51511.404    31.9419     88.037    7.27665     4.6656     4.6714    25.2872   13.02455 3.7490e-02     88.888 0.0000e+00
        677 124.790903    0.04694     2.8167    169.000  1025.7016  51511.102    31.9416     88.279    7.27662     4.6656     4.6716    25.2870   13.02450 3.7490e-02     89.132 0.0000e+00
        678 124.790906    0.04701     2.8208    169.250  1025.7024  51510.822    31.9413     88.510    7.27661     4.6656     4.6718    25.2867   13.02448 3.7490e-02     89.365 0.0000e+00
        679 124.790909    0.04708     2.8250    169.500  1025.7034  51510.757    31.9412     88.732    7.27660     4.6656     4.6719    25.2866   13.02447 3.7490e-02     89.589 0.0000e+00
        680 124.790911    0.04715     2.8292    169.750  1025.7044  51510.942    31.9412     88.948    7.27659     4.6657     4.6719    25.2866   13.02447 3.7490e-02     89.807 0.0000e+00
