CTD-processing/allCTD/CNV--homogene/2012-07-21-cookinlet-tran9-cast186-s01.cnv
* Sea-Bird SBE19plus Data File:
* FileName = C:\Documents and Settings\kris.holderied.local\My Documents\CTD-data-upload-2012-07-28\CTD5028-upload-2012-07-28-cast186.hex
* Software Version 1.54
* Temperature SN =  5028
* Conductivity SN =  5028
* System UpLoad Time = Jul 28 2012 12:33:21
** Kachemak Bay - CTD data - upload all 2012-07-28
** Date:  2012-07-21   high Tide (x of 2 lines)
** Station: 9.01
** Start time (AKDT-24 hr):1638
** Depth (ft):232
** Comments:  Very clear water. Small knot in rope caused delay
# nquan = 17
# nvalues = 536                         
# units = specified
# name 0 = scan: Scan Count
# name 1 = timeJ: Julian Days
# name 2 = timeH: Time, Elapsed [hours]
# name 3 = timeM: Time, Elapsed [minutes]
# name 4 = timeS: Time, Elapsed [seconds]
# name 5 = density00: Density [density, kg/m^3]
# name 6 = specc: Specific Conductance [uS/cm]
# name 7 = sal00: Salinity, Practical [PSU]
# name 8 = depSM: Depth [salt water, m], lat = 59.00
# name 9 = oxsolML/L: Oxygen Saturation, Garcia & Gordon [ml/l]
# name 10 = potemp090C: Potential Temperature [ITS-90, deg C]
# name 11 = tv290C: Temperature [ITS-90, deg C]
# name 12 = sigma-é00: Density [sigma-theta, kg/m^3]
# name 13 = n2satML/L: Nitrogen Saturation [ml/l]
# name 14 = par: PAR/Irradiance, Biospherical/Licor [umol photons/m^2/sec]
# name 15 = prdM: Pressure, Strain Gauge [db]
# name 16 = flag:  0.000e+00
# span 0 =          1,        536       
# span 1 = 203.695463, 203.697011       
# span 2 =    0.00000,    0.03715       
# span 3 =     0.0000,     2.2292       
# span 4 =      0.000,    133.750       
# span 5 =   999.3294,  1024.8697       
# span 6 =      1.631,  49977.618       
# span 7 =     0.0075,    31.4525       
# span 8 =     -0.085,     68.576       
# span 9 =    6.48023,    7.30345       
# span 10 =     7.5464,    13.4258      
# span 11 =     7.5527,    13.4258      
# span 12 =    -0.6702,    24.5523      
# span 13 =   11.73738,   13.49951      
# span 14 = 6.5983e-02, 2.6101e+02      
# span 15 =     -0.085,     69.234      
# span 16 = 0.0000e+00, 0.0000e+00      
# interval = seconds: 0.25
# start_time = Jul 21 2012 16:41:28 [Instrument's time stamp, header]
# bad_flag = -9.990e-29
*END*
[from data line 511]
        512 203.696942    0.03549     2.1292    127.750  1024.7936  49905.073    31.4304     60.442    6.80088     7.6783     7.7031    24.5140   12.24491 6.7438e-02     61.022 0.0000e+00
        513 203.696944    0.03556     2.1333    128.000  1024.8001  49913.589    31.4344     60.833    6.80235     7.6707     7.6924    24.5187   12.24729 6.7367e-02     61.416 0.0000e+00
        514 203.696947    0.03562     2.1375    128.250  1024.8045  49918.429    31.4362     61.223    6.80358     7.6634     7.6840    24.5213   12.24931 6.7290e-02     61.810 0.0000e+00
        515 203.696950    0.03569     2.1417    128.500  1024.8083  49922.173    31.4374     61.613    6.80471     7.6568     7.6764    24.5233   12.25115 6.7219e-02     62.204 0.0000e+00
        516 203.696953    0.03576     2.1458    128.750  1024.8126  49926.783    31.4393     62.003    6.80575     7.6512     7.6692    24.5258   12.25285 6.7145e-02     62.598 0.0000e+00
        517 203.696956    0.03583     2.1500    129.000  1024.8172  49931.997    31.4417     62.393    6.80667     7.6466     7.6626    24.5285   12.25434 6.7075e-02     62.991 0.0000e+00
        518 203.696959    0.03590     2.1542    129.250  1024.8212  49936.290    31.4436     62.783    6.80744     7.6425     7.6570    24.5308   12.25559 6.7020e-02     63.385 0.0000e+00
        519 203.696962    0.03597     2.1583    129.500  1024.8243  49938.789    31.4444     63.172    6.80811     7.6382     7.6525    24.5321   12.25668 6.6963e-02     63.778 0.0000e+00
        520 203.696965    0.03604     2.1625    129.750  1024.8268  49940.226    31.4445     63.561    6.80875     7.6341     7.6484    24.5328   12.25773 6.6890e-02     64.171 0.0000e+00
        521 203.696968    0.03611     2.1667    130.000  1024.8296  49942.150    31.4450     63.950    6.80938     7.6303     7.6442    24.5337   12.25877 6.6820e-02     64.563 0.0000e+00
        522 203.696970    0.03618     2.1708    130.250  1024.8328  49944.781    31.4460     64.338    6.80997     7.6267     7.6400    24.5351   12.25974 6.6759e-02     64.956 0.0000e+00
        523 203.696973    0.03625     2.1750    130.500  1024.8355  49946.658    31.4465     64.727    6.81052     7.6226     7.6363    24.5360   12.26066 6.6697e-02     65.348 0.0000e+00
        524 203.696976    0.03632     2.1792    130.750  1024.8373  49946.851    31.4459     65.115    6.81111     7.6177     7.6327    24.5360   12.26163 6.6636e-02     65.740 0.0000e+00
        525 203.696979    0.03639     2.1833    131.000  1024.8389  49946.663    31.4449     65.501    6.81178     7.6124     7.6287    24.5358   12.26275 6.6577e-02     66.131 0.0000e+00
        526 203.696982    0.03646     2.1875    131.250  1024.8411  49947.714    31.4447     65.886    6.81255     7.6066     7.6239    24.5363   12.26402 6.6509e-02     66.519 0.0000e+00
        527 203.696985    0.03653     2.1917    131.500  1024.8435  49949.005    31.4445     66.268    6.81338     7.5997     7.6185    24.5369   12.26541 6.6434e-02     66.904 0.0000e+00
        528 203.696988    0.03660     2.1958    131.750  1024.8449  49948.466    31.4430     66.644    6.81434     7.5913     7.6128    24.5366   12.26701 6.6363e-02     67.284 0.0000e+00
        529 203.696991    0.03667     2.2000    132.000  1024.8459  49947.304    31.4409     67.012    6.81550     7.5816     7.6060    24.5358   12.26894 6.6306e-02     67.656 0.0000e+00
        530 203.696994    0.03674     2.2042    132.250  1024.8479  49948.021    31.4399     67.368    6.81686     7.5715     7.5975    24.5362   12.27121 6.6251e-02     68.014 0.0000e+00
        531 203.696997    0.03681     2.2083    132.500  1024.8509  49950.662    31.4400     67.701    6.81835     7.5618     7.5879    24.5376   12.27368 6.6176e-02     68.351 0.0000e+00
        532 203.696999    0.03687     2.2125    132.750  1024.8547  49955.126    31.4413     67.999    6.81987     7.5536     7.5778    24.5400   12.27616 6.6102e-02     68.651 0.0000e+00
        533 203.697002    0.03694     2.2167    133.000  1024.8595  49961.793    31.4442     68.245    6.82125     7.5483     7.5681    24.5436   12.27842 6.6054e-02     68.900 0.0000e+00
        534 203.697005    0.03701     2.2208    133.250  1024.8645  49969.386    31.4480     68.427    6.82235     7.5464     7.5599    24.5478   12.28019 6.6020e-02     69.084 0.0000e+00
        535 203.697008    0.03708     2.2250    133.500  1024.8683  49975.366    31.4513     68.538    6.82304 -9.990e-29     7.5546    24.5511   12.28129 6.5993e-02     69.196 0.0000e+00
        536 203.697011    0.03715     2.2292    133.750  1024.8697  49977.618    31.4525     68.576    6.82328 -9.990e-29     7.5527    24.5523   12.28167 6.5983e-02     69.234 0.0000e+00
