CTD-processing/allCTD/CNV--homogene/2012_09-21_t9_s01_repeat4_cast183.cnv
* Sea-Bird SBE19plus Data File:
* FileName = C:\Documents and Settings\kris.holderied.local\My Documents\2012-CTD-DATA-new-files\2012-09-21-CTD-HomerSpit-tide-time-series-KBRRctd\2012-09-21-CTD-HomerSpit-tide-repeat4\2012-09-21-HomerSpit-tide-repeat4-cast183.hex
* Software Version 1.54
* Temperature SN =  4141
* Conductivity SN =  4141
* System UpLoad Time = Oct 11 2012 19:34:37
** Kachemak Bay Homer Spit Line - Tidal repeat4
** Date:  2012-09-21
** Station: 9-01
** Start time (AKDT-24 hr): 1550
** Depth (ft): 176
** Comment:Secchi disk depth= 26 inches. Very turbid with large debris now dispersed over large area.
# nquan = 17
# nvalues = 586                         
# units = specified
# name 0 = scan: Scan Count
# name 1 = timeJ: Julian Days
# name 2 = timeH: Time, Elapsed [hours]
# name 3 = timeM: Time, Elapsed [minutes]
# name 4 = timeS: Time, Elapsed [seconds]
# name 5 = density00: Density [density, kg/m^3]
# name 6 = specc: Specific Conductance [uS/cm]
# name 7 = sal00: Salinity, Practical [PSU]
# name 8 = depSM: Depth [salt water, m], lat = 59.00
# name 9 = oxsolML/L: Oxygen Saturation, Garcia & Gordon [ml/l]
# name 10 = potemp090C: Potential Temperature [ITS-90, deg C]
# name 11 = tv290C: Temperature [ITS-90, deg C]
# name 12 = sigma-é00: Density [sigma-theta, kg/m^3]
# name 13 = n2satML/L: Nitrogen Saturation [ml/l]
# name 14 = par: PAR/Irradiance, Biospherical/Licor
# name 15 = prdM: Pressure, Strain Gauge [db]
# name 16 = flag:  0.000e+00
# span 0 =          1,        586       
# span 1 = 265.659410, 265.661102       
# span 2 =    0.00000,    0.04063       
# span 3 =     0.0000,     2.4375       
# span 4 =      0.000,    146.250       
# span 5 =  1000.0693,  1023.9504       
# span 6 =    887.555,  48518.931       
# span 7 =     0.4309,    30.7268       
# span 8 =     -0.149,     55.265       
# span 9 =    6.54871,    7.93889       
# span 10 =     8.6354,     9.6712      
# span 11 =     8.6354,     9.6712      
# span 12 =     0.0699,    23.6968      
# span 13 =   11.83905,   14.56915      
# span 14 = 6.7827e-02, 1.5092e+02      
# span 15 =     -0.150,     55.794      
# span 16 = 0.0000e+00, 0.0000e+00      
# interval = seconds: 0.25
# start_time = Sep 21 2012 15:49:33 [Instrument's time stamp, header]
# bad_flag = -9.990e-29
*END*
[from data line 341]
        342 265.660396    0.02368     1.4208     85.250  1020.3093  42198.950    26.3163      1.012    6.80163     9.1762     9.1650    20.3046   12.30989 3.3291e+01      1.022 0.0000e+00
        343 265.660399    0.02375     1.4250     85.500  1020.3425  42261.134    26.3595      1.020    6.79912     9.1836     9.1691    20.3377   12.30516 3.2742e+01      1.030 0.0000e+00
        344 265.660402    0.02382     1.4292     85.750  1020.3553  42285.843    26.3773      1.023    6.79723     9.1879     9.1763    20.3506   12.30180 3.2859e+01      1.033 0.0000e+00
        345 265.660405    0.02389     1.4333     86.000  1020.3460  42269.187    26.3667      1.019    6.79657     9.1878     9.1837    20.3412   12.30085 3.3552e+01      1.029 0.0000e+00
        346 265.660408    0.02396     1.4375     86.250  1020.3231  42227.012    26.3382      1.011    6.79716     9.1842     9.1880    20.3184   12.30218 3.4322e+01      1.021 0.0000e+00
        347 265.660411    0.02403     1.4417     86.500  1020.2980  42180.301    26.3060      1.004    6.79858     9.1797     9.1879    20.2933   12.30493 3.4618e+01      1.014 0.0000e+00
        348 265.660414    0.02410     1.4458     86.750  1020.2860  42157.637    26.2900      1.003    6.79983     9.1774     9.1843    20.2813   12.30721 3.4214e+01      1.012 0.0000e+00
        349 265.660417    0.02417     1.4500     87.000  1020.2980  42179.544    26.3046      1.007    6.79988     9.1796     9.1798    20.2933   12.30712 3.3403e+01      1.016 0.0000e+00
        350 265.660420    0.02424     1.4542     87.250  1020.3304  42239.634    26.3457      1.016    6.79843     9.1858     9.1775    20.3257   12.30419 3.2729e+01      1.025 0.0000e+00
        351 265.660422    0.02431     1.4583     87.500  1020.3651  42304.470    26.3905      1.023    6.79614     9.1936     9.1797    20.3604   12.29982 3.2534e+01      1.032 0.0000e+00
        352 265.660425    0.02438     1.4625     87.750  1020.3870  42345.914    26.4197      1.027    6.79391     9.1995     9.1859    20.3823   12.29576 3.2791e+01      1.036 0.0000e+00
        353 265.660428    0.02444     1.4667     88.000  1020.3842  42341.433    26.4175      1.024    6.79281     9.2001     9.1937    20.3794   12.29396 3.3267e+01      1.034 0.0000e+00
        354 265.660431    0.02451     1.4708     88.250  1020.3573  42291.933    26.3841      1.018    6.79338     9.1949     9.1996    20.3526   12.29533 3.3730e+01      1.028 0.0000e+00
        355 265.660434    0.02458     1.4750     88.500  1020.3201  42222.718    26.3366      1.011    6.79537     9.1858     9.2002    20.3154   12.29923 3.4071e+01      1.020 0.0000e+00
        356 265.660437    0.02465     1.4792     88.750  1020.2840  42154.961    26.2894      1.005    6.79823     9.1757     9.1950    20.2793   12.30457 3.4276e+01      1.014 0.0000e+00
        357 265.660440    0.02472     1.4833     89.000  1020.2601  42109.551    26.2572      1.001    6.80104     9.1677     9.1859    20.2555   12.30964 3.4302e+01      1.010 0.0000e+00
        358 265.660443    0.02479     1.4875     89.250  1020.2538  42096.699    26.2473      1.002    6.80301     9.1635     9.1758    20.2491   12.31304 3.4047e+01      1.011 0.0000e+00
        359 265.660446    0.02486     1.4917     89.500  1020.2641  42114.995    26.2590      1.007    6.80373     9.1644     9.1678    20.2594   12.31409 3.3445e+01      1.016 0.0000e+00
        360 265.660448    0.02493     1.4958     89.750  1020.2929  42168.125    26.2950      1.017    6.80279     9.1713     9.1636    20.2881   12.31207 3.2559e+01      1.027 0.0000e+00
        361 265.660451    0.02500     1.5000     90.000  1020.3427  42260.977    26.3590      1.030    6.79985     9.1838     9.1645    20.3379   12.30638 3.1585e+01      1.040 0.0000e+00
        362 265.660454    0.02507     1.5042     90.250  1020.4011  42370.326    26.4350      1.043    6.79546     9.1986     9.1715    20.3962   12.29814 3.0778e+01      1.053 0.0000e+00
        363 265.660457    0.02514     1.5083     90.500  1020.4440  42451.519    26.4922      1.054    6.79105     9.2118     9.1839    20.4391   12.29011 3.0338e+01      1.064 0.0000e+00
        364 265.660460    0.02521     1.5125     90.750  1020.4625  42487.254    26.5185      1.063    6.78765     9.2210     9.1987    20.4575   12.28412 3.0236e+01      1.073 0.0000e+00
        365 265.660463    0.02528     1.5167     91.000  1020.4628  42488.999    26.5213      1.075    6.78552     9.2273     9.2120    20.4578   12.28056 3.0054e+01      1.085 0.0000e+00
        366 265.660466    0.02535     1.5208     91.250  1020.4690  42501.197    26.5309      1.101    6.78372     9.2363     9.2211    20.4639   12.27746 2.8994e+01      1.111 0.0000e+00
        367 265.660469    0.02542     1.5250     91.500  1020.5185  42593.284    26.5952      1.156    6.77998     9.2560     9.2274    20.5132   12.27045 2.6216e+01      1.167 0.0000e+00
        368 265.660472    0.02549     1.5292     91.750  1020.6417  42822.275    26.7541      1.253    6.77170     9.2911     9.2365    20.6358   12.25471 2.1787e+01      1.265 0.0000e+00
        369 265.660475    0.02556     1.5333     92.000  1020.8248  43163.574    26.9917      1.392    6.75838     9.3382     9.2562    20.8183   12.22964 1.6899e+01      1.405 0.0000e+00
        370 265.660477    0.02562     1.5375     92.250  1021.0026  43496.201    27.2252      1.560    6.74292     9.3885     9.2913    20.9954   12.20107 1.2574e+01      1.575 0.0000e+00
        371 265.660480    0.02569     1.5417     92.500  1021.1383  43751.708    27.4069      1.742    6.72793     9.4347     9.3384    21.1303   12.17394 9.1006e+00      1.758 0.0000e+00
        372 265.660483    0.02576     1.5458     92.750  1021.2445  43952.384    27.5513      1.928    6.71413     9.4735     9.3886    21.2356   12.14924 6.4640e+00      1.946 0.0000e+00
        373 265.660486    0.02583     1.5500     93.000  1021.3329  44119.774    27.6724      2.115    6.70196     9.5038     9.4349    21.3232   12.12754 4.5400e+00      2.135 0.0000e+00
        374 265.660489    0.02590     1.5542     93.250  1021.4144  44273.213    27.7832      2.302    6.69138     9.5266     9.4737    21.4038   12.10862 3.1698e+00      2.324 0.0000e+00
        375 265.660492    0.02597     1.5583     93.500  1021.5085  44449.060    27.9086      2.493    6.68147     9.5446     9.5040    21.4970   12.09062 2.2099e+00      2.517 0.0000e+00
        376 265.660495    0.02604     1.5625     93.750  1021.6264  44667.696    28.0629      2.692    6.67144     9.5600     9.5269    21.6140   12.07208 1.5431e+00      2.718 0.0000e+00
        377 265.660498    0.02611     1.5667     94.000  1021.7595  44913.608    28.2358      2.902    6.66136     9.5740     9.5449    21.7461   12.05323 1.0803e+00      2.930 0.0000e+00
        378 265.660501    0.02618     1.5708     94.250  1021.8980  45168.934    28.4150      3.124    6.65141     9.5869     9.5603    21.8836   12.03451 7.5958e-01      3.154 0.0000e+00
        379 265.660503    0.02625     1.5750     94.500  1022.0447  45439.017    28.6045      3.354    6.64125     9.5992     9.5743    22.0293   12.01533 5.4070e-01      3.386 0.0000e+00
        380 265.660506    0.02632     1.5792     94.750  1022.2108  45744.350    28.8186      3.584    6.63021     9.6116     9.5872    22.1944   11.99441 3.9370e-01      3.619 0.0000e+00
        381 265.660509    0.02639     1.5833     95.000  1022.4008  46093.246    29.0633      3.810    6.61797     9.6237     9.5996    22.3833   11.97112 2.9534e-01      3.847 0.0000e+00
        382 265.660512    0.02646     1.5875     95.250  1022.5878  46436.518    29.3042      4.028    6.60591     9.6344     9.6120    22.5693   11.94818 2.2969e-01      4.066 0.0000e+00
        383 265.660515    0.02653     1.5917     95.500  1022.7342  46705.029    29.4929      4.237    6.59612     9.6429     9.6241    22.7147   11.92963 1.8612e-01      4.277 0.0000e+00
        384 265.660518    0.02660     1.5958     95.750  1022.8382  46895.520    29.6272      4.443    6.58884     9.6492     9.6349    22.8178   11.91594 1.5748e-01      4.484 0.0000e+00
        385 265.660521    0.02667     1.6000     96.000  1022.9167  47038.909    29.7283      4.649    6.58331     9.6536     9.6435    22.8953   11.90553 1.3879e-01      4.692 0.0000e+00
        386 265.660524    0.02674     1.6042     96.250  1022.9753  47145.459    29.8035      4.861    6.57921     9.6565     9.6497    22.9530   11.89782 1.2648e-01      4.906 0.0000e+00
        387 265.660527    0.02681     1.6083     96.500  1023.0156  47218.155    29.8547      5.083    6.57639     9.6583     9.6541    22.9923   11.89253 1.1805e-01      5.131 0.0000e+00
        388 265.660530    0.02688     1.6125     96.750  1023.0421  47265.152    29.8879      5.320    6.57456     9.6594     9.6571    23.0177   11.88909 1.1202e-01      5.370 0.0000e+00
        389 265.660532    0.02694     1.6167     97.000  1023.0597  47295.569    29.9093      5.573    6.57339     9.6600     9.6589    23.0341   11.88687 1.0748e-01      5.625 0.0000e+00
        390 265.660535    0.02701     1.6208     97.250  1023.0718  47315.804    29.9235      5.833    6.57263     9.6602     9.6600    23.0450   11.88544 1.0392e-01      5.889 0.0000e+00
        391 265.660538    0.02708     1.6250     97.500  1023.0805  47329.834    29.9332      6.082    6.57213     9.6604     9.6606    23.0525   11.88450 1.0107e-01      6.139 0.0000e+00
        392 265.660541    0.02715     1.6292     97.750  1023.0871  47340.194    29.9404      6.313    6.57178     9.6605     9.6609    23.0581   11.88384 9.8615e-02      6.373 0.0000e+00
        393 265.660544    0.02722     1.6333     98.000  1023.0925  47348.269    29.9460      6.535    6.57152     9.6605     9.6611    23.0625   11.88334 9.6378e-02      6.597 0.0000e+00
        394 265.660547    0.02729     1.6375     98.250  1023.0967  47354.339    29.9502      6.755    6.57132     9.6605     9.6612    23.0657   11.88297 9.4312e-02      6.819 0.0000e+00
        395 265.660550    0.02736     1.6417     98.500  1023.0999  47358.447    29.9530      6.977    6.57119     9.6604     9.6612    23.0679   11.88272 9.2390e-02      7.042 0.0000e+00
        396 265.660553    0.02743     1.6458     98.750  1023.1023  47361.033    29.9547      7.201    6.57112     9.6602     9.6612    23.0692   11.88258 9.0616e-02      7.269 0.0000e+00
        397 265.660556    0.02750     1.6500     99.000  1023.1042  47362.814    29.9558      7.427    6.57108     9.6599     9.6612    23.0701   11.88250 8.9049e-02      7.497 0.0000e+00
        398 265.660558    0.02757     1.6542     99.250  1023.1062  47364.687    29.9570      7.650    6.57106     9.6595     9.6610    23.0711   11.88244 8.7734e-02      7.722 0.0000e+00
        399 265.660561    0.02764     1.6583     99.500  1023.1086  47367.354    29.9588      7.871    6.57102     9.6590     9.6608    23.0725   11.88237 8.6593e-02      7.945 0.0000e+00
        400 265.660564    0.02771     1.6625     99.750  1023.1114  47370.618    29.9609      8.092    6.57099     9.6585     9.6604    23.0742   11.88229 8.5514e-02      8.168 0.0000e+00
        401 265.660567    0.02778     1.6667    100.000  1023.1141  47373.815    29.9630      8.317    6.57098     9.6582     9.6599    23.0759   11.88224 8.4383e-02      8.396 0.0000e+00
        402 265.660570    0.02785     1.6708    100.250  1023.1168  47376.871    29.9650      8.551    6.57096     9.6579     9.6594    23.0776   11.88218 8.3135e-02      8.632 0.0000e+00
        403 265.660573    0.02792     1.6750    100.500  1023.1195  47379.865    29.9669      8.793    6.57093     9.6577     9.6591    23.0792   11.88210 8.1885e-02      8.876 0.0000e+00
        404 265.660576    0.02799     1.6792    100.750  1023.1221  47382.538    29.9687      9.037    6.57088     9.6574     9.6589    23.0806   11.88201 8.0724e-02      9.122 0.0000e+00
        405 265.660579    0.02806     1.6833    101.000  1023.1243  47384.749    29.9701      9.276    6.57085     9.6568     9.6587    23.0817   11.88193 7.9648e-02      9.364 0.0000e+00
        406 265.660582    0.02813     1.6875    101.250  1023.1264  47386.659    29.9713      9.507    6.57084     9.6558     9.6584    23.0827   11.88190 7.8672e-02      9.598 0.0000e+00
        407 265.660584    0.02819     1.6917    101.500  1023.1286  47388.929    29.9728      9.728    6.57086     9.6543     9.6578    23.0839   11.88192 7.7802e-02      9.820 0.0000e+00
        408 265.660587    0.02826     1.6958    101.750  1023.1316  47392.752    29.9752      9.938    6.57090     9.6524     9.6569    23.0860   11.88195 7.7034e-02     10.033 0.0000e+00
        409 265.660590    0.02833     1.7000    102.000  1023.1361  47399.300    29.9795     10.142    6.57093     9.6503     9.6554    23.0896   11.88195 7.6324e-02     10.239 0.0000e+00
        410 265.660593    0.02840     1.7042    102.250  1023.1426  47409.318    29.9862     10.345    6.57092     9.6485     9.6535    23.0951   11.88185 7.5661e-02     10.443 0.0000e+00
        411 265.660596    0.02847     1.7083    102.500  1023.1512  47423.246    29.9956     10.553    6.57081     9.6469     9.6515    23.1028   11.88156 7.5075e-02     10.653 0.0000e+00
        412 265.660599    0.02854     1.7125    102.750  1023.1623  47441.667    30.0082     10.772    6.57054     9.6457     9.6496    23.1129   11.88097 7.4536e-02     10.874 0.0000e+00
        413 265.660602    0.02861     1.7167    103.000  1023.1761  47464.973    30.0243     11.002    6.57009     9.6448     9.6481    23.1256   11.88002 7.3997e-02     11.106 0.0000e+00
        414 265.660605    0.02868     1.7208    103.250  1023.1916  47491.175    30.0424     11.242    6.56950     9.6441     9.6469    23.1400   11.87883 7.3419e-02     11.348 0.0000e+00
        415 265.660608    0.02875     1.7250    103.500  1023.2060  47515.676    30.0593     11.482    6.56892     9.6437     9.6460    23.1533   11.87765 7.2794e-02     11.591 0.0000e+00
        416 265.660611    0.02882     1.7292    103.750  1023.2177  47535.134    30.0728     11.715    6.56845     9.6434     9.6454    23.1639   11.87670 7.2203e-02     11.826 0.0000e+00
        417 265.660613    0.02889     1.7333    104.000  1023.2265  47549.409    30.0827     11.936    6.56809     9.6431     9.6449    23.1717   11.87600 7.1735e-02     12.049 0.0000e+00
        418 265.660616    0.02896     1.7375    104.250  1023.2333  47560.081    30.0900     12.145    6.56782     9.6430     9.6447    23.1775   11.87547 7.1389e-02     12.260 0.0000e+00
        419 265.660619    0.02903     1.7417    104.500  1023.2390  47569.001    30.0962     12.349    6.56759     9.6428     9.6445    23.1823   11.87501 7.1093e-02     12.466 0.0000e+00
        420 265.660622    0.02910     1.7458    104.750  1023.2446  47577.639    30.1021     12.555    6.56736     9.6427     9.6443    23.1870   11.87456 7.0800e-02     12.674 0.0000e+00
        421 265.660625    0.02917     1.7500    105.000  1023.2507  47587.124    30.1086     12.765    6.56710     9.6425     9.6442    23.1921   11.87405 7.0481e-02     12.886 0.0000e+00
        422 265.660628    0.02924     1.7542    105.250  1023.2580  47598.769    30.1167     12.980    6.56678     9.6423     9.6440    23.1984   11.87342 7.0137e-02     13.103 0.0000e+00
        423 265.660631    0.02931     1.7583    105.500  1023.2673  47614.086    30.1273     13.198    6.56635     9.6420     9.6439    23.2067   11.87258 6.9847e-02     13.323 0.0000e+00
        424 265.660634    0.02937     1.7625    105.750  1023.2796  47634.835    30.1417     13.413    6.56578     9.6415     9.6437    23.2180   11.87145 6.9657e-02     13.540 0.0000e+00
        425 265.660637    0.02944     1.7667    106.000  1023.2955  47662.258    30.1608     13.623    6.56501     9.6410     9.6434    23.2330   11.86995 6.9534e-02     13.752 0.0000e+00
