CTD-processing/allCTD/CNV--homogene/2012_08-15_subbays_tutkaa_outer_cast120.cnv
* Sea-Bird SBE19plus Data File:
* FileName = C:\Documents and Settings\kris.holderied.local\My Documents\2012-08-15-CTD-KBay-outer-subbays\2012-08-15-KBay-outer-subbays-cast120.hex
* Software Version 1.54
* Temperature SN =  4141
* Conductivity SN =  4141
* System UpLoad Time = Aug 23 2012 23:05:02
** Kachemak Bay Outer Subbays
** Date:  08-15
** Station:  Tutka A
** Start time (AKDT-24 hr): 13:12
** Depth (m): 27
** Comment:
# nquan = 17
# nvalues = 372                         
# units = specified
# name 0 = scan: Scan Count
# name 1 = timeJ: Julian Days
# name 2 = timeH: Time, Elapsed [hours]
# name 3 = timeM: Time, Elapsed [minutes]
# name 4 = timeS: Time, Elapsed [seconds]
# name 5 = density00: Density [density, kg/m^3]
# name 6 = specc: Specific Conductance [uS/cm]
# name 7 = sal00: Salinity, Practical [PSU]
# name 8 = depSM: Depth [salt water, m], lat = 59.00
# name 9 = oxsolML/L: Oxygen Saturation, Garcia & Gordon [ml/l]
# name 10 = potemp090C: Potential Temperature [ITS-90, deg C]
# name 11 = tv290C: Temperature [ITS-90, deg C]
# name 12 = sigma-é00: Density [sigma-theta, kg/m^3]
# name 13 = n2satML/L: Nitrogen Saturation [ml/l]
# name 14 = par: PAR/Irradiance, Biospherical/Licor
# name 15 = prdM: Pressure, Strain Gauge [db]
# name 16 = flag:  0.000e+00
# span 0 =          1,        372       
# span 1 = 228.550567, 228.551641       
# span 2 =    0.00000,    0.02576       
# span 3 =     0.0000,     1.5458       
# span 4 =      0.000,     92.750       
# span 5 =   999.5667,  1024.1057       
# span 6 =    253.915,  49026.429       
# span 7 =     0.1212,    31.1030       
# span 8 =      0.022,     27.177       
# span 9 =    6.31101,    7.49497       
# span 10 =     9.5613,    12.2422      
# span 11 =     9.5643,    12.2422      
# span 12 =    -0.4334,    23.9811      
# span 13 =   11.44419,   13.82270      
# span 14 = 2.1560e-01, 6.0086e+02      
# span 15 =      0.023,     27.435      
# span 16 = 0.0000e+00, 0.0000e+00      
# interval = seconds: 0.25
# start_time = Aug 15 2012 13:12:49 [Instrument's time stamp, header]
# bad_flag = -9.990e-29
*END*
[from data line 86]
         87 228.550816    0.00597     0.3583     21.500  1023.5253  48319.054    30.7586      0.941    6.38644    10.7354    10.7306    23.5210   11.56681 3.6366e+02      0.950 0.0000e+00
         88 228.550819    0.00604     0.3625     21.750  1023.5277  48323.883    30.7623      0.943    6.38595    10.7374    10.7331    23.5234   11.56594 3.6241e+02      0.952 0.0000e+00
         89 228.550822    0.00611     0.3667     22.000  1023.5296  48327.593    30.7652      0.943    6.38550    10.7389    10.7355    23.5253   11.56517 3.6262e+02      0.952 0.0000e+00
         90 228.550825    0.00618     0.3708     22.250  1023.5296  48327.963    30.7657      0.943    6.38520    10.7402    10.7375    23.5253   11.56467 3.6361e+02      0.952 0.0000e+00
         91 228.550828    0.00625     0.3750     22.500  1023.5278  48324.877    30.7637      0.944    6.38507    10.7415    10.7391    23.5235   11.56447 3.6439e+02      0.953 0.0000e+00
         92 228.550830    0.00632     0.3792     22.750  1023.5259  48321.573    30.7615      0.948    6.38498    10.7431    10.7403    23.5216   11.56435 3.6491e+02      0.957 0.0000e+00
         93 228.550833    0.00639     0.3833     23.000  1023.5251  48320.327    30.7608      0.953    6.38483    10.7451    10.7416    23.5208   11.56411 3.6427e+02      0.962 0.0000e+00
         94 228.550836    0.00646     0.3875     23.250  1023.5253  48320.915    30.7614      0.957    6.38458    10.7473    10.7433    23.5210   11.56369 3.6331e+02      0.966 0.0000e+00
         95 228.550839    0.00653     0.3917     23.500  1023.5261  48322.586    30.7628      0.958    6.38425    10.7494    10.7453    23.5217   11.56312 3.6502e+02      0.967 0.0000e+00
         96 228.550842    0.00660     0.3958     23.750  1023.5269  48324.503    30.7644      0.957    6.38388    10.7512    10.7474    23.5226   11.56249 3.6746e+02      0.966 0.0000e+00
         97 228.550845    0.00667     0.4000     24.000  1023.5274  48325.664    30.7655      0.953    6.38355    10.7525    10.7495    23.5231   11.56194 3.6547e+02      0.962 0.0000e+00
         98 228.550848    0.00674     0.4042     24.250  1023.5269  48325.072    30.7653      0.949    6.38332    10.7538    10.7513    23.5226   11.56156 3.6200e+02      0.958 0.0000e+00
         99 228.550851    0.00681     0.4083     24.500  1023.5261  48323.882    30.7646      0.948    6.38316    10.7554    10.7526    23.5218   11.56130 3.6291e+02      0.957 0.0000e+00
        100 228.550854    0.00688     0.4125     24.750  1023.5276  48326.660    30.7667      0.949    6.38290    10.7579    10.7539    23.5232   11.56084 3.6484e+02      0.958 0.0000e+00
        101 228.550856    0.00694     0.4167     25.000  1023.5338  48338.283    30.7751      0.953    6.38234    10.7621    10.7555    23.5295   11.55982 3.6316e+02      0.962 0.0000e+00
        102 228.550859    0.00701     0.4208     25.250  1023.5458  48360.382    30.7910      0.958    6.38134    10.7684    10.7580    23.5414   11.55797 3.6126e+02      0.966 0.0000e+00
        103 228.550862    0.00708     0.4250     25.500  1023.5604  48387.506    30.8106      0.960    6.37997    10.7780    10.7622    23.5560   11.55546 3.6233e+02      0.968 0.0000e+00
        104 228.550865    0.00715     0.4292     25.750  1023.5723  48410.083    30.8273      0.958    6.37842    10.7920    10.7685    23.5679   11.55270 3.6390e+02      0.967 0.0000e+00
        105 228.550868    0.00722     0.4333     26.000  1023.5784  48422.641    30.8372      0.955    6.37670    10.8101    10.7781    23.5740   11.54972 3.6416e+02      0.964 0.0000e+00
        106 228.550871    0.00729     0.4375     26.250  1023.5777  48423.544    30.8395      0.951    6.37468    10.8303    10.7921    23.5734   11.54635 3.6417e+02      0.960 0.0000e+00
        107 228.550874    0.00736     0.4417     26.500  1023.5707  48413.478    30.8344      0.948    6.37239    10.8499    10.8102    23.5663   11.54262 3.6470e+02      0.957 0.0000e+00
        108 228.550877    0.00743     0.4458     26.750  1023.5592  48395.749    30.8242      0.946    6.37004    10.8678    10.8304    23.5549   11.53883 3.6545e+02      0.955 0.0000e+00
        109 228.550880    0.00750     0.4500     27.000  1023.5457  48374.134    30.8111      0.945    6.36787    10.8839    10.8500    23.5414   11.53539 3.6625e+02      0.954 0.0000e+00
        110 228.550883    0.00757     0.4542     27.250  1023.5315  48350.985    30.7968      0.943    6.36600    10.8987    10.8679    23.5272   11.53246 3.6739e+02      0.952 0.0000e+00
        111 228.550885    0.00764     0.4583     27.500  1023.5172  48327.341    30.7819      0.940    6.36438    10.9111    10.8840    23.5129   11.52996 3.6824e+02      0.949 0.0000e+00
        112 228.550888    0.00771     0.4625     27.750  1023.5034  48304.636    30.7675      0.936    6.36295    10.9204    10.8988    23.4992   11.52775 3.6745e+02      0.945 0.0000e+00
        113 228.550891    0.00778     0.4667     28.000  1023.4918  48285.344    30.7553      0.932    6.36173    10.9265    10.9112    23.4875   11.52588 3.6595e+02      0.940 0.0000e+00
        114 228.550894    0.00785     0.4708     28.250  1023.4834  48271.657    30.7466      0.926    6.36081    10.9305    10.9205    23.4792   11.52445 3.6645e+02      0.935 0.0000e+00
        115 228.550897    0.00792     0.4750     28.500  1023.4786  48263.873    30.7418      0.920    6.36016    10.9334    10.9266    23.4744   11.52344 3.6834e+02      0.929 0.0000e+00
        116 228.550900    0.00799     0.4792     28.750  1023.4764  48260.534    30.7399      0.914    6.35970    10.9364    10.9306    23.4723   11.52269 3.6898e+02      0.922 0.0000e+00
        117 228.550903    0.00806     0.4833     29.000  1023.4757  48259.682    30.7396      0.908    6.35931    10.9400    10.9335    23.4715   11.52204 3.6812e+02      0.916 0.0000e+00
        118 228.550906    0.00813     0.4875     29.250  1023.4754  48259.769    30.7400      0.903    6.35888    10.9440    10.9365    23.4713   11.52133 3.6642e+02      0.912 0.0000e+00
        119 228.550909    0.00819     0.4917     29.500  1023.4753  48260.033    30.7406      0.901    6.35837    10.9479    10.9401    23.4712   11.52047 3.6547e+02      0.910 0.0000e+00
        120 228.550911    0.00826     0.4958     29.750  1023.4751  48260.417    30.7413      0.902    6.35779    10.9514    10.9441    23.4710   11.51951 3.6594e+02      0.911 0.0000e+00
        121 228.550914    0.00833     0.5000     30.000  1023.4752  48261.133    30.7423      0.905    6.35722    10.9545    10.9480    23.4711   11.51854 3.6510e+02      0.914 0.0000e+00
        122 228.550917    0.00840     0.5042     30.250  1023.4755  48262.175    30.7434      0.911    6.35670    10.9576    10.9515    23.4714   11.51767 3.6229e+02      0.920 0.0000e+00
        123 228.550920    0.00847     0.5083     30.500  1023.4758  48263.041    30.7444      0.917    6.35623    10.9612    10.9546    23.4716   11.51688 3.6088e+02      0.926 0.0000e+00
        124 228.550923    0.00854     0.5125     30.750  1023.4755  48262.971    30.7447      0.922    6.35579    10.9658    10.9577    23.4713   11.51615 3.6200e+02      0.931 0.0000e+00
        125 228.550926    0.00861     0.5167     31.000  1023.4742  48261.304    30.7439      0.924    6.35533    10.9719    10.9613    23.4700   11.51539 3.6392e+02      0.933 0.0000e+00
        126 228.550929    0.00868     0.5208     31.250  1023.4719  48257.718    30.7418      0.922    6.35477    10.9789    10.9659    23.4677   11.51450 3.6554e+02      0.931 0.0000e+00
        127 228.550932    0.00875     0.5250     31.500  1023.4685  48252.553    30.7389      0.917    6.35407    10.9862    10.9720    23.4643   11.51336 3.6554e+02      0.926 0.0000e+00
        128 228.550935    0.00882     0.5292     31.750  1023.4647  48246.709    30.7355      0.913    6.35324    10.9931    10.9790    23.4605   11.51202 3.6514e+02      0.922 0.0000e+00
        129 228.550938    0.00889     0.5333     32.000  1023.4609  48241.085    30.7324      0.912    6.35237    10.9994    10.9863    23.4568   11.51062 3.6687e+02      0.920 0.0000e+00
        130 228.550940    0.00896     0.5375     32.250  1023.4577  48236.157    30.7297      0.913    6.35153    11.0050    10.9932    23.4535   11.50927 3.6810e+02      0.921 0.0000e+00
        131 228.550943    0.00903     0.5417     32.500  1023.4548  48231.831    30.7273      0.915    6.35078    11.0101    10.9995    23.4506   11.50805 3.6666e+02      0.924 0.0000e+00
        132 228.550946    0.00910     0.5458     32.750  1023.4518  48227.259    30.7247      0.918    6.35012    11.0147    11.0051    23.4476   11.50698 3.6539e+02      0.927 0.0000e+00
        133 228.550949    0.00917     0.5500     33.000  1023.4484  48221.875    30.7214      0.922    6.34955    11.0187    11.0102    23.4442   11.50608 3.6522e+02      0.930 0.0000e+00
        134 228.550952    0.00924     0.5542     33.250  1023.4450  48216.481    30.7181      0.925    6.34905    11.0220    11.0148    23.4408   11.50529 3.6544e+02      0.933 0.0000e+00
        135 228.550955    0.00931     0.5583     33.500  1023.4423  48212.054    30.7154      0.928    6.34861    11.0245    11.0188    23.4380   11.50459 3.6664e+02      0.937 0.0000e+00
        136 228.550958    0.00937     0.5625     33.750  1023.4402  48208.866    30.7136      0.931    6.34824    11.0261    11.0221    23.4360   11.50399 3.6654e+02      0.940 0.0000e+00
        137 228.550961    0.00944     0.5667     34.000  1023.4390  48206.973    30.7125      0.934    6.34795    11.0273    11.0246    23.4347   11.50352 3.6384e+02      0.943 0.0000e+00
        138 228.550964    0.00951     0.5708     34.250  1023.4386  48206.430    30.7123      0.936    6.34773    11.0281    11.0262    23.4343   11.50316 3.6188e+02      0.945 0.0000e+00
        139 228.550966    0.00958     0.5750     34.500  1023.4389  48207.136    30.7129      0.937    6.34755    11.0289    11.0274    23.4346   11.50286 3.6229e+02      0.946 0.0000e+00
        140 228.550969    0.00965     0.5792     34.750  1023.4397  48208.733    30.7141      0.939    6.34738    11.0297    11.0282    23.4354   11.50256 3.6357e+02      0.948 0.0000e+00
        141 228.550972    0.00972     0.5833     35.000  1023.4406  48210.617    30.7155      0.940    6.34722    11.0311    11.0290    23.4363   11.50229 3.6347e+02      0.949 0.0000e+00
        142 228.550975    0.00979     0.5875     35.250  1023.4414  48212.049    30.7166      0.941    6.34707    11.0334    11.0298    23.4371   11.50201 3.6161e+02      0.950 0.0000e+00
        143 228.550978    0.00986     0.5917     35.500  1023.4414  48212.277    30.7169      0.942    6.34686    11.0366    11.0312    23.4371   11.50167 3.6082e+02      0.951 0.0000e+00
        144 228.550981    0.00993     0.5958     35.750  1023.4404  48210.844    30.7162      0.944    6.34657    11.0400    11.0335    23.4361   11.50120 3.6265e+02      0.953 0.0000e+00
        145 228.550984    0.01000     0.6000     36.000  1023.4385  48207.896    30.7145      0.946    6.34621    11.0432    11.0367    23.4342   11.50063 3.6451e+02      0.955 0.0000e+00
        146 228.550987    0.01007     0.6042     36.250  1023.4360  48203.865    30.7120      0.948    6.34585    11.0461    11.0401    23.4317   11.50006 3.6396e+02      0.957 0.0000e+00
        147 228.550990    0.01014     0.6083     36.500  1023.4332  48199.327    30.7091      0.949    6.34552    11.0487    11.0433    23.4289   11.49955 3.6184e+02      0.958 0.0000e+00
        148 228.550992    0.01021     0.6125     36.750  1023.4307  48195.108    30.7065      0.950    6.34523    11.0509    11.0462    23.4263   11.49909 3.5994e+02      0.959 0.0000e+00
        149 228.550995    0.01028     0.6167     37.000  1023.4286  48191.798    30.7044      0.951    6.34496    11.0526    11.0488    23.4243   11.49867 3.5915e+02      0.960 0.0000e+00
        150 228.550998    0.01035     0.6208     37.250  1023.4272  48189.499    30.7030      0.951    6.34472    11.0539    11.0510    23.4228   11.49830 3.5993e+02      0.960 0.0000e+00
        151 228.551001    0.01042     0.6250     37.500  1023.4262  48188.058    30.7022      0.952    6.34453    11.0550    11.0527    23.4219   11.49797 3.6095e+02      0.961 0.0000e+00
        152 228.551004    0.01049     0.6292     37.750  1023.4256  48187.150    30.7017      0.952    6.34436    11.0562    11.0540    23.4212   11.49771 3.6079e+02      0.961 0.0000e+00
        153 228.551007    0.01056     0.6333     38.000  1023.4251  48186.489    30.7014      0.953    6.34422    11.0574    11.0552    23.4208   11.49747 3.6094e+02      0.962 0.0000e+00
        154 228.551010    0.01063     0.6375     38.250  1023.4247  48185.981    30.7011      0.954    6.34407    11.0587    11.0564    23.4204   11.49723 3.6195e+02      0.963 0.0000e+00
        155 228.551013    0.01069     0.6417     38.500  1023.4244  48185.472    30.7009      0.955    6.34391    11.0598    11.0576    23.4200   11.49697 3.6229e+02      0.964 0.0000e+00
        156 228.551016    0.01076     0.6458     38.750  1023.4239  48184.705    30.7005      0.957    6.34376    11.0610    11.0588    23.4195   11.49673 3.6244e+02      0.966 0.0000e+00
        157 228.551019    0.01083     0.6500     39.000  1023.4231  48183.540    30.6998      0.958    6.34364    11.0625    11.0599    23.4187   11.49653 3.6288e+02      0.967 0.0000e+00
        158 228.551021    0.01090     0.6542     39.250  1023.4222  48181.989    30.6988      0.959    6.34351    11.0643    11.0611    23.4178   11.49633 3.6301e+02      0.968 0.0000e+00
        159 228.551024    0.01097     0.6583     39.500  1023.4211  48180.148    30.6977      0.958    6.34335    11.0661    11.0626    23.4167   11.49608 3.6301e+02      0.968 0.0000e+00
        160 228.551027    0.01104     0.6625     39.750  1023.4199  48178.271    30.6966      0.957    6.34315    11.0677    11.0644    23.4155   11.49577 3.6274e+02      0.966 0.0000e+00
        161 228.551030    0.01111     0.6667     40.000  1023.4188  48176.718    30.6957      0.954    6.34295    11.0691    11.0662    23.4144   11.49543 3.6261e+02      0.964 0.0000e+00
        162 228.551033    0.01118     0.6708     40.250  1023.4181  48175.628    30.6951      0.951    6.34275    11.0707    11.0678    23.4137   11.49512 3.6362e+02      0.960 0.0000e+00
        163 228.551036    0.01125     0.6750     40.500  1023.4175  48174.814    30.6947      0.947    6.34257    11.0724    11.0692    23.4131   11.49482 3.6383e+02      0.956 0.0000e+00
        164 228.551039    0.01132     0.6792     40.750  1023.4169  48174.028    30.6943      0.944    6.34238    11.0740    11.0708    23.4126   11.49450 3.6126e+02      0.953 0.0000e+00
        165 228.551042    0.01139     0.6833     41.000  1023.4163  48173.175    30.6938      0.941    6.34216    11.0755    11.0725    23.4120   11.49415 3.5960e+02      0.950 0.0000e+00
        166 228.551045    0.01146     0.6875     41.250  1023.4156  48172.304    30.6934      0.940    6.34195    11.0767    11.0742    23.4113   11.49381 3.6143e+02      0.949 0.0000e+00
        167 228.551047    0.01153     0.6917     41.500  1023.4151  48171.517    30.6930      0.939    6.34176    11.0778    11.0757    23.4108   11.49351 3.6214e+02      0.948 0.0000e+00
        168 228.551050    0.01160     0.6958     41.750  1023.4146  48170.890    30.6927      0.939    6.34161    11.0786    11.0769    23.4103   11.49325 3.6089e+02      0.948 0.0000e+00
        169 228.551053    0.01167     0.7000     42.000  1023.4143  48170.437    30.6925      0.940    6.34148    11.0795    11.0779    23.4100   11.49304 3.6177e+02      0.949 0.0000e+00
        170 228.551056    0.01174     0.7042     42.250  1023.4140  48170.106    30.6923      0.940    6.34137    11.0806    11.0788    23.4097   11.49286 3.6381e+02      0.949 0.0000e+00
