CTD-processing/allCTD/CNV--homogene/2012_06-27_t9_s04_cast143.cnv
* Sea-Bird SBE19plus Data File:
* FileName = C:\Documents and Settings\glenn.seaman\My Documents\KHolderied-files\CTD-DATA-FILES\2012-CTD-KachemakBay\2012-06-27-CTD-HomerSpit\2012-06-27-HomerSpit-cast143.hex
* Software Version 1.59
* Temperature SN =  5028
* Conductivity SN =  5028
* System UpLoad Time = Jun 30 2012 12:10:20
** Homer Spit Transect, near neap, high tide
** Date: 2012-06-27
** Station: 04
** Start time (AKDT-24hr): 0929
** Depth (ft): 309
** Surface water is less turbid than earlier stations.
# nquan = 17
# nvalues = 597                         
# units = specified
# name 0 = scan: Scan Count
# name 1 = timeJ: Julian Days
# name 2 = timeH: Time, Elapsed [hours]
# name 3 = timeM: Time, Elapsed [minutes]
# name 4 = timeS: Time, Elapsed [seconds]
# name 5 = density00: Density [density, kg/m^3]
# name 6 = specc: Specific Conductance [uS/cm]
# name 7 = sal00: Salinity, Practical [PSU]
# name 8 = depSM: Depth [salt water, m], lat = 59.00
# name 9 = oxsolML/L: Oxygen Saturation, Garcia & Gordon [ml/l]
# name 10 = potemp090C: Potential Temperature [ITS-90, deg C]
# name 11 = tv290C: Temperature [ITS-90, deg C]
# name 12 = sigma-é00: Density [sigma-theta, kg/m^3]
# name 13 = n2satML/L: Nitrogen Saturation [ml/l]
# name 14 = par: PAR/Irradiance, Biospherical/Licor [umol photons/m^2/sec]
# name 15 = prdM: Pressure, Strain Gauge [db]
# name 16 = flag:  0.000e+00
# span 0 =          1,        597       
# span 1 = 179.395289, 179.397014       
# span 2 =    0.00000,    0.04139       
# span 3 =     0.0000,     2.4833       
# span 4 =      0.000,    149.000       
# span 5 =  1000.0415,  1025.3488       
# span 6 =    773.852,  50788.717       
# span 7 =     0.3786,    31.6492       
# span 8 =     -0.125,     85.042       
# span 9 =    6.36797,    7.97240       
# span 10 =     5.5998,    11.7271      
# span 11 =     5.6064,    11.7272      
# span 12 =     0.0421,    24.9520      
# span 13 =   11.56928,   14.62658      
# span 14 = 4.7826e-02, 3.7665e+02      
# span 15 =     -0.126,     85.863      
# span 16 = 0.0000e+00, 0.0000e+00      
# interval = seconds: 0.25
# start_time = Jun 27 2012 09:29:13 [Instrument's time stamp, header]
# bad_flag = -9.990e-29
*END*
[from data line 511]
        512 179.396768    0.03549     2.1292    127.750  1025.1323  50493.305    31.5777     66.830    7.02787     6.1966     6.2396    24.8209   12.61832 4.9713e-02     67.471 0.0000e+00
        513 179.396771    0.03556     2.1333    128.000  1025.1394  50504.323    31.5814     67.193    7.03090     6.1791     6.2201    24.8263   12.62328 4.9640e-02     67.837 0.0000e+00
        514 179.396774    0.03562     2.1375    128.250  1025.1445  50511.765    31.5829     67.556    7.03380     6.1601     6.2021    24.8297   12.62805 4.9586e-02     68.204 0.0000e+00
        515 179.396777    0.03569     2.1417    128.500  1025.1463  50513.031    31.5803     67.920    7.03680     6.1375     6.1846    24.8297   12.63304 4.9537e-02     68.571 0.0000e+00
        516 179.396780    0.03576     2.1458    128.750  1025.1453  50509.351    31.5739     68.285    7.04023     6.1110     6.1656    24.8270   12.63879 4.9487e-02     68.941 0.0000e+00
        517 179.396782    0.03583     2.1500    129.000  1025.1450  50507.186    31.5679     68.653    7.04424     6.0820     6.1431    24.8249   12.64550 4.9446e-02     69.313 0.0000e+00
        518 179.396785    0.03590     2.1542    129.250  1025.1476  50510.512    31.5649     69.024    7.04875     6.0511     6.1166    24.8258   12.65299 4.9420e-02     69.687 0.0000e+00
        519 179.396788    0.03597     2.1583    129.500  1025.1511  50515.594    31.5627     69.397    7.05366     6.0179     6.0877    24.8275   12.66112 4.9401e-02     70.063 0.0000e+00
        520 179.396791    0.03604     2.1625    129.750  1025.1546  50520.771    31.5600     69.768    7.05891     5.9836     6.0567    24.8292   12.66984 4.9374e-02     70.438 0.0000e+00
        521 179.396794    0.03611     2.1667    130.000  1025.1601  50529.961    31.5597     70.139    7.06442     5.9497     6.0236    24.8329   12.67894 4.9336e-02     70.813 0.0000e+00
        522 179.396797    0.03618     2.1708    130.250  1025.1684  50544.164    31.5627     70.509    7.06998     5.9173     5.9893    24.8393   12.68809 4.9294e-02     71.186 0.0000e+00
        523 179.396800    0.03625     2.1750    130.500  1025.1779  50560.826    31.5674     70.878    7.07539     5.8872     5.9554    24.8471   12.69698 4.9249e-02     71.559 0.0000e+00
        524 179.396803    0.03632     2.1792    130.750  1025.1880  50578.594    31.5731     71.246    7.08051     5.8602     5.9230    24.8555   12.70536 4.9209e-02     71.931 0.0000e+00
        525 179.396806    0.03639     2.1833    131.000  1025.1991  50597.871    31.5803     71.614    7.08519     5.8373     5.8929    24.8647   12.71301 4.9171e-02     72.302 0.0000e+00
        526 179.396808    0.03646     2.1875    131.250  1025.2110  50618.738    31.5892     71.981    7.08928     5.8192     5.8659    24.8749   12.71965 4.9129e-02     72.673 0.0000e+00
        527 179.396811    0.03653     2.1917    131.500  1025.2230  50639.399    31.5988     72.348    7.09265     5.8055     5.8430    24.8852   12.72508 4.9089e-02     73.043 0.0000e+00
        528 179.396814    0.03660     2.1958    131.750  1025.2336  50657.079    31.6072     72.715    7.09527     5.7951     5.8249    24.8940   12.72931 4.9060e-02     73.414 0.0000e+00
        529 179.396817    0.03667     2.2000    132.000  1025.2418  50670.204    31.6134     73.082    7.09726     5.7869     5.8112    24.9005   12.73253 4.9040e-02     73.785 0.0000e+00
        530 179.396820    0.03674     2.2042    132.250  1025.2477  50678.759    31.6170     73.450    7.09882     5.7795     5.8009    24.9046   12.73505 4.9012e-02     74.156 0.0000e+00
        531 179.396823    0.03681     2.2083    132.500  1025.2515  50683.487    31.6185     73.817    7.10013     5.7720     5.7927    24.9067   12.73719 4.8977e-02     74.527 0.0000e+00
        532 179.396826    0.03687     2.2125    132.750  1025.2537  50685.178    31.6180     74.183    7.10138     5.7634     5.7853    24.9072   12.73927 4.8938e-02     74.897 0.0000e+00
        533 179.396829    0.03694     2.2167    133.000  1025.2547  50684.611    31.6159     74.549    7.10274     5.7531     5.7778    24.9065   12.74154 4.8897e-02     75.266 0.0000e+00
        534 179.396832    0.03701     2.2208    133.250  1025.2551  50683.176    31.6130     74.914    7.10432     5.7409     5.7692    24.9052   12.74418 4.8852e-02     75.635 0.0000e+00
        535 179.396834    0.03708     2.2250    133.500  1025.2558  50682.307    31.6102     75.278    7.10618     5.7269     5.7590    24.9042   12.74729 4.8810e-02     76.003 0.0000e+00
        536 179.396837    0.03715     2.2292    133.750  1025.2573  50683.218    31.6082     75.641    7.10832     5.7118     5.7468    24.9040   12.75086 4.8781e-02     76.369 0.0000e+00
        537 179.396840    0.03722     2.2333    134.000  1025.2606  50687.410    31.6081     76.004    7.11067     5.6969     5.7328    24.9055   12.75474 4.8757e-02     76.735 0.0000e+00
        538 179.396843    0.03729     2.2375    134.250  1025.2657  50695.037    31.6102     76.366    7.11310     5.6828     5.7178    24.9089   12.75873 4.8736e-02     77.101 0.0000e+00
        539 179.396846    0.03736     2.2417    134.500  1025.2716  50704.198    31.6133     76.728    7.11546     5.6699     5.7028    24.9131   12.76258 4.8722e-02     77.467 0.0000e+00
        540 179.396849    0.03743     2.2458    134.750  1025.2778  50713.706    31.6168     77.090    7.11766     5.6585     5.6888    24.9176   12.76617 4.8709e-02     77.832 0.0000e+00
        541 179.396852    0.03750     2.2500    135.000  1025.2842  50723.599    31.6209     77.451    7.11963     5.6490     5.6759    24.9223   12.76937 4.8696e-02     78.197 0.0000e+00
        542 179.396855    0.03757     2.2542    135.250  1025.2907  50733.575    31.6253     77.814    7.12132     5.6416     5.6646    24.9271   12.77211 4.8679e-02     78.563 0.0000e+00
        543 179.396858    0.03764     2.2583    135.500  1025.2971  50743.074    31.6297     78.176    7.12270     5.6361     5.6551    24.9317   12.77434 4.8659e-02     78.929 0.0000e+00
        544 179.396861    0.03771     2.2625    135.750  1025.3028  50751.380    31.6338     78.538    7.12377     5.6322     5.6477    24.9357   12.77605 4.8643e-02     79.294 0.0000e+00
        545 179.396863    0.03778     2.2667    136.000  1025.3076  50757.745    31.6369     78.899    7.12454     5.6293     5.6422    24.9388   12.77728 4.8631e-02     79.659 0.0000e+00
        546 179.396866    0.03785     2.2708    136.250  1025.3111  50761.660    31.6386     79.261    7.12510     5.6266     5.6384    24.9407   12.77819 4.8617e-02     80.024 0.0000e+00
        547 179.396869    0.03792     2.2750    136.500  1025.3136  50763.506    31.6392     79.623    7.12556     5.6239     5.6355    24.9414   12.77895 4.8598e-02     80.389 0.0000e+00
        548 179.396872    0.03799     2.2792    136.750  1025.3157  50764.778    31.6393     79.984    7.12600     5.6210     5.6329    24.9419   12.77968 4.8573e-02     80.755 0.0000e+00
        549 179.396875    0.03806     2.2833    137.000  1025.3178  50765.950    31.6394     80.347    7.12646     5.6179     5.6301    24.9422   12.78044 4.8543e-02     81.121 0.0000e+00
        550 179.396878    0.03812     2.2875    137.250  1025.3198  50767.039    31.6394     80.711    7.12695     5.6149     5.6272    24.9426   12.78124 4.8509e-02     81.489 0.0000e+00
        551 179.396881    0.03819     2.2917    137.500  1025.3224  50769.258    31.6401     81.076    7.12743     5.6126     5.6242    24.9435   12.78202 4.8476e-02     81.857 0.0000e+00
        552 179.396884    0.03826     2.2958    137.750  1025.3257  50772.643    31.6417     81.441    7.12785     5.6111     5.6212    24.9451   12.78269 4.8439e-02     82.226 0.0000e+00
        553 179.396887    0.03833     2.3000    138.000  1025.3289  50775.675    31.6431     81.806    7.12817     5.6099     5.6190    24.9465   12.78319 4.8399e-02     82.594 0.0000e+00
        554 179.396889    0.03840     2.3042    138.250  1025.3313  50777.468    31.6439     82.169    7.12839     5.6089     5.6174    24.9473   12.78356 4.8369e-02     82.961 0.0000e+00
        555 179.396892    0.03847     2.3083    138.500  1025.3333  50778.375    31.6441     82.530    7.12857     5.6079     5.6163    24.9476   12.78385 4.8351e-02     83.326 0.0000e+00
        556 179.396895    0.03854     2.3125    138.750  1025.3352  50779.057    31.6442     82.888    7.12873     5.6069     5.6153    24.9478   12.78412 4.8338e-02     83.688 0.0000e+00
        557 179.396898    0.03861     2.3167    139.000  1025.3370  50779.701    31.6443     83.242    7.12889     5.6060     5.6143    24.9479   12.78438 4.8331e-02     84.045 0.0000e+00
        558 179.396901    0.03868     2.3208    139.250  1025.3388  50780.413    31.6444     83.586    7.12904     5.6052     5.6134    24.9481   12.78463 4.8321e-02     84.392 0.0000e+00
        559 179.396904    0.03875     2.3250    139.500  1025.3407  50781.433    31.6447     83.908    7.12918     5.6045     5.6125    24.9485   12.78485 4.8304e-02     84.717 0.0000e+00
        560 179.396907    0.03882     2.3292    139.750  1025.3426  50782.655    31.6453     84.196    7.12929     5.6040     5.6117    24.9490   12.78502 4.8287e-02     85.008 0.0000e+00
        561 179.396910    0.03889     2.3333    140.000  1025.3442  50783.735    31.6458     84.439    7.12937     5.6037     5.6110    24.9495   12.78515 4.8271e-02     85.253 0.0000e+00
        562 179.396913    0.03896     2.3375    140.250  1025.3454  50784.542    31.6461     84.631    7.12943     5.6036     5.6106    24.9499   12.78524 4.8256e-02     85.448 0.0000e+00
        563 179.396916    0.03903     2.3417    140.500  1025.3463  50785.125    31.6464     84.771    7.12947     5.6037     5.6103    24.9501   12.78530 4.8243e-02     85.589 0.0000e+00
        564 179.396918    0.03910     2.3458    140.750  1025.3472  50785.999    31.6469     84.856    7.12947     5.6043     5.6101    24.9505   12.78530 4.8237e-02     85.675 0.0000e+00
        565 179.396921    0.03917     2.3500    141.000  1025.3482  50787.504    31.6480     84.891    7.12941     5.6056     5.6102    24.9513   12.78518 4.8230e-02     85.710 0.0000e+00
        566 179.396924    0.03924     2.3542    141.250  1025.3488  50788.717    31.6490     84.884    7.12925     5.6072     5.6109    24.9520   12.78491 4.8215e-02     85.703 0.0000e+00
        567 179.396927    0.03931     2.3583    141.500  1025.3487  50788.579    31.6492     84.850    7.12903     5.6087     5.6122    24.9520   12.78454 4.8197e-02     85.669 0.0000e+00
        568 179.396930    0.03938     2.3625    141.750  1025.3478  50787.167    31.6485     84.805    7.12879     5.6098     5.6138    24.9513   12.78416 4.8188e-02     85.623 0.0000e+00
        569 179.396933    0.03944     2.3667    142.000  1025.3466  50785.208    31.6475     84.764    7.12859     5.6104     5.6152    24.9503   12.78384 4.8186e-02     85.582 0.0000e+00
        570 179.396936    0.03951     2.3708    142.250  1025.3455  50783.239    31.6464     84.737    7.12846     5.6105     5.6163    24.9493   12.78364 4.8182e-02     85.555 0.0000e+00
        571 179.396939    0.03958     2.3750    142.500  1025.3445  50781.495    31.6453     84.729    7.12840     5.6103     5.6169    24.9484   12.78356 4.8173e-02     85.547 0.0000e+00
        572 179.396942    0.03965     2.3792    142.750  1025.3438  50780.187    31.6445     84.734    7.12842     5.6097     5.6171    24.9477   12.78360 4.8160e-02     85.552 0.0000e+00
        573 179.396944    0.03972     2.3833    143.000  1025.3436  50779.648    31.6440     84.741    7.12849     5.6093     5.6168    24.9474   12.78372 4.8150e-02     85.559 0.0000e+00
        574 179.396947    0.03979     2.3875    143.250  1025.3438  50780.074    31.6442     84.740    7.12857     5.6092     5.6163    24.9476   12.78384 4.8142e-02     85.558 0.0000e+00
        575 179.396950    0.03986     2.3917    143.500  1025.3443  50781.227    31.6449     84.725    7.12861     5.6094     5.6158    24.9482   12.78391 4.8135e-02     85.542 0.0000e+00
        576 179.396953    0.03993     2.3958    143.750  1025.3447  50782.237    31.6456     84.700    7.12859     5.6098     5.6157    24.9488   12.78388 4.8127e-02     85.517 0.0000e+00
        577 179.396956    0.04000     2.4000    144.000  1025.3445  50782.060    31.6455     84.674    7.12855     5.6096     5.6160    24.9487   12.78381 4.8117e-02     85.491 0.0000e+00
        578 179.396959    0.04007     2.4042    144.250  1025.3436  50780.472    31.6445     84.658    7.12854     5.6086     5.6163    24.9479   12.78381 4.8100e-02     85.475 0.0000e+00
        579 179.396962    0.04014     2.4083    144.500  1025.3423  50778.077    31.6428     84.657    7.12865     5.6068     5.6162    24.9466   12.78400 4.8077e-02     85.474 0.0000e+00
        580 179.396965    0.04021     2.4125    144.750  1025.3412  50776.156    31.6413     84.670    7.12889     5.6045     5.6152    24.9455   12.78441 4.8058e-02     85.487 0.0000e+00
        581 179.396968    0.04028     2.4167    145.000  1025.3411  50775.953    31.6408     84.692    7.12922     5.6024     5.6134    24.9453   12.78497 4.8046e-02     85.509 0.0000e+00
        582 179.396970    0.04035     2.4208    145.250  1025.3420  50777.515    31.6414     84.714    7.12957     5.6009     5.6111    24.9460   12.78554 4.8035e-02     85.531 0.0000e+00
        583 179.396973    0.04042     2.4250    145.500  1025.3433  50779.906    31.6426     84.731    7.12987     5.6000     5.6090    24.9472   12.78602 4.8019e-02     85.548 0.0000e+00
        584 179.396976    0.04049     2.4292    145.750  1025.3445  50782.167    31.6438     84.743    7.13007     5.5998     5.6074    24.9484   12.78634 4.7997e-02     85.561 0.0000e+00
        585 179.396979    0.04056     2.4333    146.000  1025.3455  50783.938    31.6449     84.753    7.13017     5.6001     5.6066    24.9493   12.78648 4.7976e-02     85.571 0.0000e+00
        586 179.396982    0.04063     2.4375    146.250  1025.3462  50785.154    31.6457     84.764    7.13017     5.6009     5.6064    24.9499   12.78647 4.7958e-02     85.582 0.0000e+00
        587 179.396985    0.04069     2.4417    146.500  1025.3465  50785.658    31.6461     84.780    7.13009     5.6018     5.6067    24.9502   12.78633 4.7943e-02     85.598 0.0000e+00
        588 179.396988    0.04076     2.4458    146.750  1025.3466  50785.517    31.6461     84.801    7.12997     5.6028     5.6074    24.9501   12.78613 4.7928e-02     85.620 0.0000e+00
        589 179.396991    0.04083     2.4500    147.000  1025.3465  50785.017    31.6459     84.830    7.12982     5.6038     5.6084    24.9499   12.78589 4.7918e-02     85.648 0.0000e+00
        590 179.396994    0.04090     2.4542    147.250  1025.3462  50784.289    31.6456     84.863    7.12966     5.6047     5.6094    24.9496   12.78563 4.7912e-02     85.682 0.0000e+00
        591 179.396997    0.04097     2.4583    147.500  1025.3459  50783.379    31.6452     84.898    7.12952     5.6053     5.6104    24.9491   12.78540 4.7903e-02     85.718 0.0000e+00
        592 179.396999    0.04104     2.4625    147.750  1025.3457  50782.516    31.6448     84.932    7.12940     5.6058     5.6112    24.9486   12.78521 4.7886e-02     85.752 0.0000e+00
        593 179.397002    0.04111     2.4667    148.000  1025.3455  50781.917    31.6445     84.965    7.12930     5.6062     5.6118    24.9483   12.78506 4.7858e-02     85.784 0.0000e+00
        594 179.397005    0.04118     2.4708    148.250  1025.3454  50781.579    31.6443     84.994    7.12922     5.6066     5.6124    24.9482   12.78493 4.7834e-02     85.814 0.0000e+00
        595 179.397008    0.04125     2.4750    148.500  1025.3455  50781.445    31.6443     85.019    7.12915     5.6067     5.6128    24.9481   12.78482 4.7826e-02     85.839 0.0000e+00
