CTD-processing/allCTD/CNV--homogene/2012_06-27_t9_s07_cast140.cnv
* Sea-Bird SBE19plus Data File:
* FileName = C:\Documents and Settings\glenn.seaman\My Documents\KHolderied-files\CTD-DATA-FILES\2012-CTD-KachemakBay\2012-06-27-CTD-HomerSpit\2012-06-27-HomerSpit-cast140.hex
* Software Version 1.59
* Temperature SN =  5028
* Conductivity SN =  5028
* System UpLoad Time = Jun 30 2012 12:04:56
** Homer Spit Transect, near neap, high tide
** Date: 2012-06-27
** Station: 07
** Start time (AKDT-24hr): 0900
** Depth (ft): 328
** Water still turbid.
# nquan = 17
# nvalues = 739                         
# units = specified
# name 0 = scan: Scan Count
# name 1 = timeJ: Julian Days
# name 2 = timeH: Time, Elapsed [hours]
# name 3 = timeM: Time, Elapsed [minutes]
# name 4 = timeS: Time, Elapsed [seconds]
# name 5 = density00: Density [density, kg/m^3]
# name 6 = specc: Specific Conductance [uS/cm]
# name 7 = sal00: Salinity, Practical [PSU]
# name 8 = depSM: Depth [salt water, m], lat = 59.00
# name 9 = oxsolML/L: Oxygen Saturation, Garcia & Gordon [ml/l]
# name 10 = potemp090C: Potential Temperature [ITS-90, deg C]
# name 11 = tv290C: Temperature [ITS-90, deg C]
# name 12 = sigma-é00: Density [sigma-theta, kg/m^3]
# name 13 = n2satML/L: Nitrogen Saturation [ml/l]
# name 14 = par: PAR/Irradiance, Biospherical/Licor [umol photons/m^2/sec]
# name 15 = prdM: Pressure, Strain Gauge [db]
# name 16 = flag:  0.000e+00
# span 0 =          1,        739       
# span 1 = 179.375197, 179.377332       
# span 2 =    0.00000,    0.05125       
# span 3 =     0.0000,     3.0750       
# span 4 =      0.000,    184.500       
# span 5 =   999.9644,  1025.3976       
# span 6 =    509.455,  50766.701       
# span 7 =     0.2430,    31.6316       
# span 8 =     -0.118,     98.961       
# span 9 =    6.46666,    8.04988       
# span 10 =     5.6234,    10.6512      
# span 11 =     5.6310,    10.6514      
# span 12 =    -0.0350,    24.9359      
# span 13 =   11.71956,   14.75938      
# span 14 = 4.9362e-02, 3.2081e+02      
# span 15 =     -0.119,     99.919      
# span 16 = 0.0000e+00, 0.0000e+00      
# interval = seconds: 0.25
# start_time = Jun 27 2012 09:00:17 [Instrument's time stamp, header]
# bad_flag = -9.990e-29
*END*
[from data line 341]
        342 179.376183    0.02368     1.4208     85.250  1022.2157  45912.744    29.0565      1.011    6.46800    10.6458    10.6454    22.2111   11.72238 3.0424e+02      1.021 0.0000e+00
        343 179.376186    0.02375     1.4250     85.500  1022.2163  45913.739    29.0572      1.014    6.46794    10.6461    10.6456    22.2117   11.72228 3.1039e+02      1.024 0.0000e+00
        344 179.376189    0.02382     1.4292     85.750  1022.2166  45914.331    29.0577      1.017    6.46788    10.6464    10.6459    22.2120   11.72218 3.1224e+02      1.027 0.0000e+00
        345 179.376192    0.02389     1.4333     86.000  1022.2166  45914.319    29.0577      1.020    6.46784    10.6465    10.6462    22.2119   11.72210 3.0807e+02      1.029 0.0000e+00
        346 179.376195    0.02396     1.4375     86.250  1022.2163  45913.789    29.0574      1.021    6.46782    10.6464    10.6465    22.2116   11.72207 3.0219e+02      1.031 0.0000e+00
        347 179.376198    0.02403     1.4417     86.500  1022.2159  45913.135    29.0569      1.022    6.46782    10.6463    10.6466    22.2112   11.72207 2.9874e+02      1.031 0.0000e+00
        348 179.376201    0.02410     1.4458     86.750  1022.2156  45912.503    29.0565      1.022    6.46783    10.6462    10.6466    22.2109   11.72211 2.9828e+02      1.032 0.0000e+00
        349 179.376204    0.02417     1.4500     87.000  1022.2153  45911.965    29.0561      1.023    6.46786    10.6461    10.6465    22.2106   11.72216 3.0091e+02      1.032 0.0000e+00
        350 179.376207    0.02424     1.4542     87.250  1022.2152  45911.742    29.0559      1.023    6.46788    10.6461    10.6464    22.2105   11.72220 3.0481e+02      1.032 0.0000e+00
        351 179.376209    0.02431     1.4583     87.500  1022.2153  45911.857    29.0560      1.024    6.46789    10.6463    10.6463    22.2106   11.72221 3.0786e+02      1.033 0.0000e+00
        352 179.376212    0.02438     1.4625     87.750  1022.2155  45912.241    29.0562      1.026    6.46788    10.6465    10.6463    22.2108   11.72219 3.0902e+02      1.036 0.0000e+00
        353 179.376215    0.02444     1.4667     88.000  1022.2158  45912.885    29.0567      1.030    6.46785    10.6470    10.6464    22.2111   11.72213 3.0706e+02      1.039 0.0000e+00
        354 179.376218    0.02451     1.4708     88.250  1022.2161  45913.455    29.0571      1.033    6.46780    10.6475    10.6467    22.2114   11.72203 3.0269e+02      1.043 0.0000e+00
        355 179.376221    0.02458     1.4750     88.500  1022.2160  45913.306    29.0571      1.034    6.46774    10.6477    10.6471    22.2113   11.72194 2.9916e+02      1.044 0.0000e+00
        356 179.376224    0.02465     1.4792     88.750  1022.2152  45912.030    29.0563      1.031    6.46770    10.6475    10.6476    22.2105   11.72189 2.9891e+02      1.041 0.0000e+00
        357 179.376227    0.02472     1.4833     89.000  1022.2141  45909.985    29.0549      1.024    6.46772    10.6469    10.6478    22.2094   11.72194 2.9992e+02      1.034 0.0000e+00
        358 179.376230    0.02479     1.4875     89.250  1022.2130  45907.957    29.0534      1.016    6.46782    10.6461    10.6476    22.2083   11.72211 3.0117e+02      1.026 0.0000e+00
        359 179.376233    0.02486     1.4917     89.500  1022.2123  45906.614    29.0524      1.011    6.46795    10.6457    10.6470    22.2076   11.72234 3.0491e+02      1.020 0.0000e+00
        360 179.376236    0.02493     1.4958     89.750  1022.2123  45906.580    29.0523      1.010    6.46805    10.6458    10.6462    22.2077   11.72252 3.0705e+02      1.020 0.0000e+00
        361 179.376238    0.02500     1.5000     90.000  1022.2133  45908.279    29.0535      1.016    6.46807    10.6468    10.6458    22.2086   11.72254 3.0251e+02      1.026 0.0000e+00
        362 179.376241    0.02507     1.5042     90.250  1022.2148  45910.951    29.0553      1.026    6.46797    10.6485    10.6460    22.2101   11.72234 2.9549e+02      1.036 0.0000e+00
        363 179.376244    0.02514     1.5083     90.500  1022.2158  45912.790    29.0567      1.037    6.46777    10.6502    10.6470    22.2110   11.72200 2.9183e+02      1.047 0.0000e+00
        364 179.376247    0.02521     1.5125     90.750  1022.2156  45912.717    29.0569      1.045    6.46754    10.6512    10.6486    22.2108   11.72161 2.9397e+02      1.055 0.0000e+00
        365 179.376250    0.02528     1.5167     91.000  1022.2145  45910.964    29.0558      1.048    6.46734    10.6512    10.6503    22.2098   11.72130 3.0132e+02      1.058 0.0000e+00
        366 179.376253    0.02535     1.5208     91.250  1022.2131  45908.530    29.0542      1.045    6.46726    10.6503    10.6514    22.2084   11.72118 3.0989e+02      1.054 0.0000e+00
        367 179.376256    0.02542     1.5250     91.500  1022.2120  45906.649    29.0529      1.038    6.46732    10.6491    10.6514    22.2073   11.72129 3.1498e+02      1.048 0.0000e+00
        368 179.376259    0.02549     1.5292     91.750  1022.2118  45906.064    29.0524      1.032    6.46746    10.6481    10.6505    22.2071   11.72153 3.1587e+02      1.042 0.0000e+00
        369 179.376262    0.02556     1.5333     92.000  1022.2123  45906.876    29.0528      1.030    6.46761    10.6477    10.6492    22.2076   11.72178 3.1371e+02      1.040 0.0000e+00
        370 179.376264    0.02562     1.5375     92.250  1022.2134  45908.656    29.0539      1.033    6.46771    10.6478    10.6482    22.2087   11.72193 3.0726e+02      1.042 0.0000e+00
        371 179.376267    0.02569     1.5417     92.500  1022.2144  45910.338    29.0551      1.037    6.46772    10.6482    10.6478    22.2096   11.72194 2.9762e+02      1.047 0.0000e+00
        372 179.376270    0.02576     1.5458     92.750  1022.2147  45911.008    29.0556      1.040    6.46768    10.6484    10.6479    22.2100   11.72187 2.8909e+02      1.049 0.0000e+00
        373 179.376273    0.02583     1.5500     93.000  1022.2146  45910.724    29.0554      1.039    6.46763    10.6484    10.6483    22.2098   11.72179 2.8468e+02      1.049 0.0000e+00
        374 179.376276    0.02590     1.5542     93.250  1022.2141  45909.990    29.0549      1.038    6.46762    10.6480    10.6486    22.2093   11.72176 2.8387e+02      1.047 0.0000e+00
        375 179.376279    0.02597     1.5583     93.500  1022.2138  45909.310    29.0544      1.040    6.46765    10.6475    10.6485    22.2090   11.72182 2.8454e+02      1.050 0.0000e+00
        376 179.376282    0.02604     1.5625     93.750  1022.2140  45909.591    29.0546      1.052    6.46769    10.6475    10.6481    22.2091   11.72190 2.8386e+02      1.062 0.0000e+00
        377 179.376285    0.02611     1.5667     94.000  1022.2151  45911.371    29.0558      1.076    6.46770    10.6479    10.6477    22.2101   11.72190 2.7979e+02      1.086 0.0000e+00
        378 179.376288    0.02618     1.5708     94.250  1022.2165  45913.734    29.0574      1.110    6.46765    10.6485    10.6476    22.2114   11.72179 2.7331e+02      1.121 0.0000e+00
        379 179.376291    0.02625     1.5750     94.500  1022.2179  45915.950    29.0590      1.156    6.46753    10.6492    10.6480    22.2126   11.72157 2.6675e+02      1.167 0.0000e+00
        380 179.376293    0.02632     1.5792     94.750  1022.2195  45918.486    29.0608      1.213    6.46736    10.6498    10.6487    22.2139   11.72128 2.5986e+02      1.224 0.0000e+00
        381 179.376296    0.02639     1.5833     95.000  1022.2214  45921.619    29.0631      1.284    6.46717    10.6497    10.6494    22.2155   11.72093 2.4936e+02      1.296 0.0000e+00
        382 179.376299    0.02646     1.5875     95.250  1022.2240  45925.675    29.0659      1.377    6.46697    10.6482    10.6499    22.2177   11.72057 2.3339e+02      1.390 0.0000e+00
        383 179.376302    0.02653     1.5917     95.500  1022.2280  45932.202    29.0704      1.496    6.46680    10.6444    10.6499    22.2212   11.72023 2.1256e+02      1.510 0.0000e+00
        384 179.376305    0.02660     1.5958     95.750  1022.2351  45943.739    29.0783      1.643    6.46669    10.6373    10.6484    22.2276   11.71995 1.8988e+02      1.658 0.0000e+00
        385 179.376308    0.02667     1.6000     96.000  1022.2470  45963.684    29.0918      1.817    6.46666    10.6252    10.6446    22.2387   11.71974 1.6849e+02      1.834 0.0000e+00
        386 179.376311    0.02674     1.6042     96.250  1022.2665  45996.943    29.1143      2.015    6.46673    10.6061    10.6375    22.2573   11.71959 1.4927e+02      2.034 0.0000e+00
        387 179.376314    0.02681     1.6083     96.500  1022.2971  46049.537    29.1497      2.234    6.46697    10.5782    10.6255    22.2869   11.71956 1.3247e+02      2.255 0.0000e+00
        388 179.376317    0.02688     1.6125     96.750  1022.3406  46124.713    29.2002      2.472    6.46759    10.5402    10.6064    22.3293   11.71997 1.1793e+02      2.495 0.0000e+00
        389 179.376319    0.02694     1.6167     97.000  1022.3974  46222.815    29.2658      2.725    6.46881    10.4903    10.5785    22.3849   11.72122 1.0497e+02      2.750 0.0000e+00
        390 179.376322    0.02701     1.6208     97.250  1022.4665  46342.118    29.3451      2.992    6.47091    10.4253    10.5405    22.4528   11.72374 9.2991e+01      3.020 0.0000e+00
        391 179.376325    0.02708     1.6250     97.500  1022.5443  46475.487    29.4329      3.271    6.47434    10.3410    10.4906    22.5293   11.72838 8.1821e+01      3.302 0.0000e+00
        392 179.376328    0.02715     1.6292     97.750  1022.6238  46610.084    29.5198      3.560    6.47995    10.2367    10.4256    22.6075   11.73664 7.1489e+01      3.594 0.0000e+00
        393 179.376331    0.02722     1.6333     98.000  1022.7012  46738.136    29.5998      3.858    6.48860    10.1190    10.3414    22.6835   11.75002 6.2106e+01      3.894 0.0000e+00
        394 179.376334    0.02729     1.6375     98.250  1022.7797  46865.765    29.6771      4.163    6.50023     9.9974    10.2371    22.7606   11.76837 5.3791e+01      4.202 0.0000e+00
        395 179.376337    0.02736     1.6417     98.500  1022.8611  46997.243    29.7554      4.473    6.51375     9.8787    10.1195    22.8406   11.78984 4.6575e+01      4.515 0.0000e+00
        396 179.376340    0.02743     1.6458     98.750  1022.9425  47128.527    29.8329      4.786    6.52791     9.7668     9.9979    22.9205   11.81240 4.0403e+01      4.831 0.0000e+00
        397 179.376343    0.02750     1.6500     99.000  1023.0209  47255.347    29.9074      5.102    6.54183     9.6611     9.8792    22.9975   11.83458 3.5169e+01      5.150 0.0000e+00
        398 179.376345    0.02757     1.6542     99.250  1023.0935  47372.693    29.9758      5.420    6.55508     9.5581     9.7673    23.0686   11.85571 3.0734e+01      5.471 0.0000e+00
        399 179.376348    0.02764     1.6583     99.500  1023.1595  47479.167    30.0372      5.739    6.56777     9.4530     9.6617    23.1332   11.87601 2.6955e+01      5.793 0.0000e+00
        400 179.376351    0.02771     1.6625     99.750  1023.2210  47578.031    30.0934      6.058    6.58036     9.3413     9.5587    23.1931   11.89620 2.3710e+01      6.115 0.0000e+00
        401 179.376354    0.02778     1.6667    100.000  1023.2806  47673.871    30.1470      6.377    6.59341     9.2236     9.4537    23.2513   11.91717 2.0915e+01      6.437 0.0000e+00
        402 179.376357    0.02785     1.6708    100.250  1023.3447  47777.721    30.2052      6.694    6.60729     9.1105     9.3420    23.3140   11.93946 1.8514e+01      6.757 0.0000e+00
        403 179.376360    0.02792     1.6750    100.500  1023.4180  47898.283    30.2741      7.010    6.62163     9.0134     9.2243    23.3858   11.96237 1.6461e+01      7.076 0.0000e+00
        404 179.376363    0.02799     1.6792    100.750  1023.4940  48024.479    30.3473      7.323    6.63516     8.9364     9.1112    23.4602   11.98390 1.4704e+01      7.393 0.0000e+00
        405 179.376366    0.02806     1.6833    101.000  1023.5614  48137.017    30.4130      7.633    6.64668     8.8760     9.0142    23.5263   12.00218 1.3190e+01      7.706 0.0000e+00
        406 179.376369    0.02813     1.6875    101.250  1023.6152  48226.489    30.4650      7.939    6.65585     8.8255     8.9372    23.5786   12.01674 1.1866e+01      8.014 0.0000e+00
        407 179.376372    0.02819     1.6917    101.500  1023.6559  48293.654    30.5036      8.241    6.66316     8.7767     8.8768    23.6179   12.02836 1.0693e+01      8.320 0.0000e+00
        408 179.376374    0.02826     1.6958    101.750  1023.6871  48344.641    30.5322      8.542    6.66945     8.7203     8.8264    23.6478   12.03843 9.6478e+00      8.623 0.0000e+00
        409 179.376377    0.02833     1.7000    102.000  1023.7136  48387.162    30.5550      8.842    6.67576     8.6466     8.7776    23.6729   12.04860 8.7163e+00      8.926 0.0000e+00
        410 179.376380    0.02840     1.7042    102.250  1023.7408  48430.798    30.5773      9.142    6.68324     8.5483     8.7212    23.6987   12.06072 7.8907e+00      9.229 0.0000e+00
        411 179.376383    0.02847     1.7083    102.500  1023.7772  48490.274    30.6082      9.443    6.69299     8.4289     8.6476    23.7336   12.07648 7.1642e+00      9.533 0.0000e+00
        412 179.376386    0.02854     1.7125    102.750  1023.8368  48590.962    30.6642      9.747    6.70538     8.3070     8.5493    23.7919   12.09630 6.5308e+00      9.839 0.0000e+00
        413 179.376389    0.02861     1.7167    103.000  1023.9259  48744.451    30.7539     10.052    6.71952     8.2031     8.4299    23.8795   12.11860 5.9831e+00     10.147 0.0000e+00
        414 179.376392    0.02868     1.7208    103.250  1024.0268  48919.933    30.8584     10.359    6.73343     8.1257     8.3080    23.9790   12.14035 5.5082e+00     10.457 0.0000e+00
        415 179.376395    0.02875     1.7250    103.500  1024.1169  49076.804    30.9524     10.667    6.74509     8.0727     8.2041    24.0677   12.15850 5.0902e+00     10.768 0.0000e+00
        416 179.376398    0.02882     1.7292    103.750  1024.1862  49197.137    31.0248     10.977    6.75369     8.0379     8.1268    24.1355   12.17183 4.7152e+00     11.081 0.0000e+00
        417 179.376400    0.02889     1.7333    104.000  1024.2348  49281.016    31.0752     11.289    6.75954     8.0155     8.0738    24.1827   12.18090 4.3732e+00     11.396 0.0000e+00
        418 179.376403    0.02896     1.7375    104.250  1024.2680  49337.540    31.1093     11.605    6.76335     8.0014     8.0390    24.2144   12.18677 4.0572e+00     11.716 0.0000e+00
        419 179.376406    0.02903     1.7417    104.500  1024.2914  49376.797    31.1332     11.927    6.76571     7.9932     8.0166    24.2363   12.19040 3.7614e+00     12.041 0.0000e+00
        420 179.376409    0.02910     1.7458    104.750  1024.3091  49405.863    31.1513     12.260    6.76707     7.9894     8.0025    24.2525   12.19242 3.4798e+00     12.376 0.0000e+00
        421 179.376412    0.02917     1.7500    105.000  1024.3239  49429.712    31.1665     12.607    6.76764     7.9891     7.9944    24.2656   12.19318 3.2087e+00     12.727 0.0000e+00
        422 179.376415    0.02924     1.7542    105.250  1024.3378  49452.059    31.1814     12.970    6.76755     7.9910     7.9907    24.2778   12.19284 2.9482e+00     13.093 0.0000e+00
        423 179.376418    0.02931     1.7583    105.500  1024.3520  49475.099    31.1973     13.345    6.76689     7.9941     7.9903    24.2903   12.19156 2.7015e+00     13.471 0.0000e+00
        424 179.376421    0.02937     1.7625    105.750  1024.3679  49501.222    31.2157     13.728    6.76578     7.9970     7.9923    24.3045   12.18949 2.4719e+00     13.858 0.0000e+00
        425 179.376424    0.02944     1.7667    106.000  1024.3867  49532.587    31.2379     14.117    6.76432     7.9983     7.9954    24.3215   12.18680 2.2605e+00     14.251 0.0000e+00
