CTD-processing/allCTD/CNV--homogene/2012_07-29_t3_s06_cast052.cnv
* Sea-Bird SBE19plus Data File:
* FileName = C:\Documents and Settings\kris.holderied.local\My Documents\2012-07-EVOS-CookInlet-Ocean\2012-07-29-Tran3-CookInlet-LTM-cast052.hex
* Software Version 1.54
* Temperature SN =  4141
* Conductivity SN =  4141
* System UpLoad Time = Jul 29 2012 20:32:09
** Cook Inlet LTM Transect 3 from Anchor Pt west
** Date:  2012-07-29
** Station:  3-06
** Start time (AKDT-24 hr): 1802
** Depth (m): 50
** CTD time 1 hr later than AKDT. Secchi depth=2.9m
# nquan = 17
# nvalues = 553                         
# units = specified
# name 0 = scan: Scan Count
# name 1 = timeJ: Julian Days
# name 2 = timeH: Time, Elapsed [hours]
# name 3 = timeM: Time, Elapsed [minutes]
# name 4 = timeS: Time, Elapsed [seconds]
# name 5 = density00: Density [density, kg/m^3]
# name 6 = specc: Specific Conductance [uS/cm]
# name 7 = sal00: Salinity, Practical [PSU]
# name 8 = depSM: Depth [salt water, m], lat = 59.00
# name 9 = oxsolML/L: Oxygen Saturation, Garcia & Gordon [ml/l]
# name 10 = potemp090C: Potential Temperature [ITS-90, deg C]
# name 11 = tv290C: Temperature [ITS-90, deg C]
# name 12 = sigma-é00: Density [sigma-theta, kg/m^3]
# name 13 = n2satML/L: Nitrogen Saturation [ml/l]
# name 14 = par: PAR/Irradiance, Biospherical/Licor
# name 15 = prdM: Pressure, Strain Gauge [db]
# name 16 = flag:  0.000e+00
# span 0 =          1,        553       
# span 1 = 211.794410, 211.796007       
# span 2 =    0.00000,    0.03833       
# span 3 =     0.0000,     2.3000       
# span 4 =      0.000,    138.000       
# span 5 =   999.6449,  1023.6677       
# span 6 =    141.367,  48102.961       
# span 7 =     0.0681,    30.4594       
# span 8 =     -0.051,     45.030       
# span 9 =    6.43321,    7.68628       
# span 10 =     9.6534,    11.1505      
# span 11 =     9.6580,    11.1505      
# span 12 =    -0.3548,    23.4641      
# span 13 =   11.66277,   14.14744      
# span 14 = 4.4820e-02, 1.0823e+02      
# span 15 =     -0.051,     45.460      
# span 16 = 0.0000e+00, 0.0000e+00      
# interval = seconds: 0.25
# start_time = Jul 29 2012 19:03:57 [Instrument's time stamp, header]
# bad_flag = -9.990e-29
*END*
[from data line 511]
        512 211.795888    0.03549     2.1292    127.750  1023.6233  48073.621    30.4432     38.066    6.54857     9.6652     9.6749    23.4487   11.83929 4.5253e-02     38.429 0.0000e+00
        513 211.795891    0.03556     2.1333    128.000  1023.6272  48078.853    30.4464     38.268    6.54884     9.6626     9.6720    23.4517   11.83970 4.5126e-02     38.632 0.0000e+00
        514 211.795894    0.03562     2.1375    128.250  1023.6309  48083.728    30.4494     38.461    6.54911     9.6604     9.6693    23.4545   11.84011 4.5074e-02     38.827 0.0000e+00
        515 211.795897    0.03569     2.1417    128.500  1023.6342  48088.064    30.4520     38.646    6.54938     9.6587     9.6667    23.4569   11.84051 4.5096e-02     39.014 0.0000e+00
        516 211.795900    0.03576     2.1458    128.750  1023.6370  48091.584    30.4541     38.822    6.54960     9.6574     9.6645    23.4589   11.84086 4.5145e-02     39.192 0.0000e+00
        517 211.795903    0.03583     2.1500    129.000  1023.6393  48094.174    30.4556     38.992    6.54978     9.6566     9.6628    23.4604   11.84114 4.5180e-02     39.364 0.0000e+00
        518 211.795906    0.03590     2.1542    129.250  1023.6410  48095.927    30.4566     39.160    6.54991     9.6561     9.6616    23.4614   11.84135 4.5190e-02     39.533 0.0000e+00
        519 211.795909    0.03597     2.1583    129.500  1023.6424  48097.069    30.4573     39.327    6.55000     9.6557     9.6608    23.4620   11.84149 4.5142e-02     39.702 0.0000e+00
        520 211.795911    0.03604     2.1625    129.750  1023.6436  48097.845    30.4577     39.497    6.55007     9.6554     9.6603    23.4624   11.84159 4.5082e-02     39.873 0.0000e+00
        521 211.795914    0.03611     2.1667    130.000  1023.6447  48098.403    30.4579     39.672    6.55011     9.6551     9.6599    23.4627   11.84166 4.5064e-02     40.050 0.0000e+00
        522 211.795917    0.03618     2.1708    130.250  1023.6457  48098.823    30.4581     39.852    6.55014     9.6549     9.6596    23.4629   11.84171 4.5048e-02     40.232 0.0000e+00
        523 211.795920    0.03625     2.1750    130.500  1023.6467  48099.178    30.4583     40.039    6.55017     9.6547     9.6594    23.4630   11.84175 4.5030e-02     40.420 0.0000e+00
        524 211.795923    0.03632     2.1792    130.750  1023.6478  48099.538    30.4584     40.229    6.55019     9.6545     9.6592    23.4631   11.84178 4.5032e-02     40.613 0.0000e+00
        525 211.795926    0.03639     2.1833    131.000  1023.6488  48099.912    30.4586     40.423    6.55021     9.6543     9.6590    23.4633   11.84181 4.5049e-02     40.808 0.0000e+00
        526 211.795929    0.03646     2.1875    131.250  1023.6498  48100.256    30.4587     40.618    6.55022     9.6542     9.6589    23.4635   11.84184 4.5118e-02     41.005 0.0000e+00
        527 211.795932    0.03653     2.1917    131.500  1023.6508  48100.555    30.4588     40.814    6.55024     9.6541     9.6587    23.4636   11.84187 4.5196e-02     41.203 0.0000e+00
        528 211.795935    0.03660     2.1958    131.750  1023.6518  48100.796    30.4589     41.009    6.55025     9.6540     9.6586    23.4636   11.84189 4.5194e-02     41.400 0.0000e+00
        529 211.795938    0.03667     2.2000    132.000  1023.6527  48100.918    30.4589     41.204    6.55026     9.6540     9.6586    23.4637   11.84190 4.5155e-02     41.597 0.0000e+00
        530 211.795940    0.03674     2.2042    132.250  1023.6535  48100.980    30.4589     41.397    6.55027     9.6539     9.6585    23.4637   11.84192 4.5100e-02     41.792 0.0000e+00
        531 211.795943    0.03681     2.2083    132.500  1023.6544  48101.109    30.4589     41.588    6.55028     9.6538     9.6584    23.4637   11.84193 4.5009e-02     41.985 0.0000e+00
        532 211.795946    0.03687     2.2125    132.750  1023.6553  48101.287    30.4589     41.777    6.55028     9.6538     9.6584    23.4637   11.84194 4.4977e-02     42.176 0.0000e+00
        533 211.795949    0.03694     2.2167    133.000  1023.6562  48101.444    30.4589     41.965    6.55029     9.6537     9.6583    23.4637   11.84195 4.5055e-02     42.365 0.0000e+00
        534 211.795952    0.03701     2.2208    133.250  1023.6571  48101.585    30.4589     42.150    6.55030     9.6536     9.6583    23.4638   11.84196 4.5180e-02     42.552 0.0000e+00
        535 211.795955    0.03708     2.2250    133.500  1023.6580  48101.738    30.4590     42.333    6.55030     9.6535     9.6582    23.4638   11.84197 4.5310e-02     42.737 0.0000e+00
        536 211.795958    0.03715     2.2292    133.750  1023.6589  48101.950    30.4590     42.514    6.55031     9.6535     9.6582    23.4639   11.84198 4.5425e-02     42.920 0.0000e+00
        537 211.795961    0.03722     2.2333    134.000  1023.6598  48102.208    30.4591     42.693    6.55032     9.6534     9.6581    23.4639   11.84198 4.5450e-02     43.100 0.0000e+00
        538 211.795964    0.03729     2.2375    134.250  1023.6606  48102.440    30.4592     42.869    6.55032     9.6534     9.6581    23.4640   11.84199 4.5368e-02     43.278 0.0000e+00
        539 211.795966    0.03736     2.2417    134.500  1023.6615  48102.646    30.4593     43.044    6.55032     9.6534     9.6580    23.4640   11.84199 4.5283e-02     43.454 0.0000e+00
        540 211.795969    0.03743     2.2458    134.750  1023.6624  48102.832    30.4594     43.218    6.55032     9.6534     9.6580    23.4641   11.84199 4.5265e-02     43.630 0.0000e+00
        541 211.795972    0.03750     2.2500    135.000  1023.6632  48102.961    30.4594     43.391    6.55032     9.6534     9.6580    23.4641   11.84199 4.5344e-02     43.805 0.0000e+00
        542 211.795975    0.03757     2.2542    135.250  1023.6639  48102.919    30.4593     43.564    6.55032     9.6536     9.6580    23.4641   11.84200 4.5518e-02     43.980 0.0000e+00
        543 211.795978    0.03764     2.2583    135.500  1023.6644  48102.511    30.4589     43.737    6.55033     9.6538     9.6581    23.4638   11.84201 4.5699e-02     44.154 0.0000e+00
        544 211.795981    0.03771     2.2625    135.750  1023.6647  48101.699    30.4583     43.909    6.55033     9.6541     9.6583    23.4633   11.84202 4.5779e-02     44.328 0.0000e+00
        545 211.795984    0.03778     2.2667    136.000  1023.6649  48100.734    30.4576     44.080    6.55032     9.6545     9.6585    23.4627   11.84202 4.5752e-02     44.501 0.0000e+00
        546 211.795987    0.03785     2.2708    136.250  1023.6651  48099.889    30.4569     44.247    6.55029     9.6548     9.6589    23.4621   11.84198 4.5693e-02     44.670 0.0000e+00
        547 211.795990    0.03792     2.2750    136.500  1023.6654  48099.279    30.4565     44.410    6.55026     9.6550     9.6593    23.4617   11.84193 4.5597e-02     44.833 0.0000e+00
        548 211.795992    0.03799     2.2792    136.750  1023.6659  48098.929    30.4562     44.565    6.55022     9.6552     9.6596    23.4615   11.84187 4.5475e-02     44.990 0.0000e+00
        549 211.795995    0.03806     2.2833    137.000  1023.6664  48098.766    30.4561     44.709    6.55019     9.6552     9.6598    23.4613   11.84182 4.5393e-02     45.136 0.0000e+00
        550 211.795998    0.03812     2.2875    137.250  1023.6669  48098.687    30.4560     44.837    6.55018     9.6552     9.6600    23.4613   11.84180 4.5391e-02     45.265 0.0000e+00
        551 211.796001    0.03819     2.2917    137.500  1023.6673  48098.652    30.4559     44.940    6.55017     9.6552     9.6600    23.4612   11.84179 4.5437e-02     45.369 0.0000e+00
        552 211.796004    0.03826     2.2958    137.750  1023.6676  48098.651    30.4559     45.007    6.55018 -9.990e-29     9.6600    23.4612   11.84180 4.5463e-02     45.437 0.0000e+00
        553 211.796007    0.03833     2.3000    138.000  1023.6677  48098.659    30.4559     45.030    6.55018 -9.990e-29     9.6600    23.4612   11.84180 4.5465e-02     45.460 0.0000e+00
