CTD-processing/allCTD/CNV--homogene/2012_07-31_t4_s06_cast104.cnv
* Sea-Bird SBE19plus Data File:
* FileName = C:\Documents and Settings\kris.holderied.local\My Documents\2012-07-EVOS-CookInlet-Ocean\2012-07-CookInlet-Tran4-Barabara\2012-07-31-CookInlet-Tran4-cast104.hex
* Software Version 1.54
* Temperature SN =  4141
* Conductivity SN =  4141
* System UpLoad Time = Jul 31 2012 11:53:30
** Cook Inlet LTM Transect 4 - Barabara to Bluff Pt
** Date:  2012-07-31
** Station:  4-06
** Start time (AKDT-24 hr): 10:11
** Depth (m): 56
** Comment:
# nquan = 17
# nvalues = 500                         
# units = specified
# name 0 = scan: Scan Count
# name 1 = timeJ: Julian Days
# name 2 = timeH: Time, Elapsed [hours]
# name 3 = timeM: Time, Elapsed [minutes]
# name 4 = timeS: Time, Elapsed [seconds]
# name 5 = density00: Density [density, kg/m^3]
# name 6 = specc: Specific Conductance [uS/cm]
# name 7 = sal00: Salinity, Practical [PSU]
# name 8 = depSM: Depth [salt water, m], lat = 59.00
# name 9 = oxsolML/L: Oxygen Saturation, Garcia & Gordon [ml/l]
# name 10 = potemp090C: Potential Temperature [ITS-90, deg C]
# name 11 = tv290C: Temperature [ITS-90, deg C]
# name 12 = sigma-é00: Density [sigma-theta, kg/m^3]
# name 13 = n2satML/L: Nitrogen Saturation [ml/l]
# name 14 = par: PAR/Irradiance, Biospherical/Licor
# name 15 = prdM: Pressure, Strain Gauge [db]
# name 16 = flag:  0.000e+00
# span 0 =          1,        500       
# span 1 = 213.424792, 213.426236       
# span 2 =    0.00000,    0.03465       
# span 3 =     0.0000,     2.0792       
# span 4 =      0.000,    124.750       
# span 5 =  1000.4701,  1024.6159       
# span 6 =   2000.010,  49676.084       
# span 7 =     1.0069,    31.3589       
# span 8 =     -0.057,     50.768       
# span 9 =    6.47392,    7.80272       
# span 10 =     8.2167,    10.2482      
# span 11 =     8.2217,    10.2482      
# span 12 =     0.4704,    24.3829      
# span 13 =   11.70766,   14.33064      
# span 14 = 6.0067e-02, 3.8740e+02      
# span 15 =     -0.058,     51.254      
# span 16 = 0.0000e+00, 0.0000e+00      
# interval = seconds: 0.25
# start_time = Jul 31 2012 10:11:42 [Instrument's time stamp, header]
# bad_flag = -9.990e-29
*END*
          1 213.424792    0.00000     0.0000      0.000  1000.6160   2353.564     1.1930     -0.056    7.79371    10.2468    10.2464     0.6163   14.31266 3.8026e+02     -0.057 0.0000e+00
          2 213.424795    0.00007     0.0042      0.250  1000.5940   2300.506     1.1649     -0.056    7.79507    10.2470    10.2465     0.5942   14.31538 3.8061e+02     -0.057 0.0000e+00
          3 213.424797    0.00014     0.0083      0.500  1000.5642   2228.907     1.1269     -0.057    7.79692    10.2473    10.2468     0.5645   14.31906 3.8234e+02     -0.058 0.0000e+00
          4 213.424800    0.00021     0.0125      0.750  1000.5324   2152.199     1.0863     -0.057    7.79889    10.2475    10.2470     0.5327   14.32298 3.8465e+02     -0.058 0.0000e+00
          5 213.424803    0.00028     0.0167      1.000  1000.5031   2081.141     1.0489     -0.057    7.80070    10.2477    10.2473     0.5034   14.32659 3.8645e+02     -0.058 0.0000e+00
          6 213.424806    0.00035     0.0208      1.250  1000.4800   2024.997     1.0196     -0.057    7.80212    10.2479    10.2475     0.4803   14.32943 3.8740e+02     -0.058 0.0000e+00
          7 213.424809    0.00042     0.0250      1.500  1000.4701   2000.010     1.0069     -0.057    7.80272    10.2481    10.2477     0.4704   14.33064 3.8739e+02     -0.058 0.0000e+00
          8 213.424812    0.00049     0.0292      1.750  1000.4778   2017.218     1.0168     -0.057    7.80222    10.2482    10.2479     0.4781   14.32965 3.8609e+02     -0.058 0.0000e+00
          9 213.424815    0.00056     0.0333      2.000  1000.5018   2072.623     1.0475     -0.056    7.80070    10.2482    10.2481     0.5021   14.32665 3.8369e+02     -0.057 0.0000e+00
         10 213.424818    0.00063     0.0375      2.250  1000.5387   2157.443     1.0948     -0.056    7.79839    10.2482    10.2482     0.5390   14.32208 3.8132e+02     -0.057 0.0000e+00
         11 213.424821    0.00069     0.0417      2.500  1000.5866   2265.738     1.1561     -0.055    7.79543    10.2480    10.2482     0.5869   14.31622 3.7999e+02     -0.056 0.0000e+00
         12 213.424823    0.00076     0.0458      2.750  1000.6446   2393.322     1.2303     -0.055    7.79189    10.2476    10.2482     0.6449   14.30924 3.7958e+02     -0.055 0.0000e+00
         13 213.424826    0.00083     0.0500      3.000  1000.7163   2546.168     1.3224     -0.054    7.78760    10.2469    10.2480     0.7166   14.30076 3.7909e+02     -0.054 0.0000e+00
         14 213.424829    0.00090     0.0542      3.250  1000.8151   2750.715     1.4491     -0.052    7.78178    10.2455    10.2476     0.8153   14.28929 3.7797e+02     -0.053 0.0000e+00
         15 213.424832    0.00097     0.0583      3.500  1000.9673   3062.053     1.6447     -0.050    7.77289    10.2431    10.2469     0.9676   14.27175 3.7600e+02     -0.050 0.0000e+00
         16 213.424835    0.00104     0.0625      3.750  1001.2142   3564.168     1.9619     -0.046    7.75853    10.2390    10.2455     1.2144   14.24343 3.7273e+02     -0.047 0.0000e+00
         17 213.424838    0.00111     0.0667      4.000  1001.6167   4379.810     2.4791     -0.040    7.73519    10.2319    10.2431     1.6169   14.19738 3.6803e+02     -0.041 0.0000e+00
         18 213.424841    0.00118     0.0708      4.250  1002.2815   5724.414     3.3333     -0.031    7.69670    10.2200    10.2390     2.2816   14.12145 3.6235e+02     -0.031 0.0000e+00
         19 213.424844    0.00125     0.0750      4.500  1003.3921   7971.729     4.7604     -0.014    7.63241    10.2000    10.2319     3.3922   13.99461 3.5601e+02     -0.015 0.0000e+00
         20 213.424847    0.00132     0.0792      4.750  1005.2497  11733.113     7.1473      0.013    7.52486    10.1670    10.2200     5.2497   13.78243 3.4857e+02      0.013 0.0000e+00
         21 213.424850    0.00139     0.0833      5.000  1008.3523  18017.762    11.1338      0.058    7.34523    10.1185    10.2000     8.3521   13.42802 3.3903e+02      0.058 0.0000e+00
         22 213.424852    0.00146     0.0875      5.250  1012.6088  26584.052    16.6015      0.129    7.10104    10.0606    10.1670    12.6082   12.94629 3.2611e+02      0.130 0.0000e+00
         23 213.424855    0.00153     0.0917      5.500  1016.6987  34718.648    21.8512      0.224    6.87133    10.0033    10.1185    16.6976   12.49281 3.0764e+02      0.226 0.0000e+00
         24 213.424858    0.00160     0.0958      5.750  1019.5507  40340.951    25.5065      0.338    6.71598     9.9537    10.0606    19.5491   12.18528 2.7999e+02      0.341 0.0000e+00
         25 213.424861    0.00167     0.1000      6.000  1021.2831  43749.887    27.7219      0.463    6.62504     9.9144    10.0034    21.2810   12.00426 2.4514e+02      0.467 0.0000e+00
         26 213.424864    0.00174     0.1042      6.250  1022.3353  45816.120    29.0639      0.594    6.57211     9.8852     9.9538    22.3325   11.89821 2.1294e+02      0.600 0.0000e+00
         27 213.424867    0.00181     0.1083      6.500  1022.9753  47070.205    29.8779      0.728    6.54134     9.8643     9.9145    22.9719   11.83610 1.8874e+02      0.735 0.0000e+00
         28 213.424870    0.00187     0.1125      6.750  1023.3649  47831.877    30.3721      0.864    6.52344     9.8495     9.8853    23.3610   11.79970 1.7111e+02      0.872 0.0000e+00
         29 213.424873    0.00194     0.1167      7.000  1023.6025  48294.995    30.6725      0.998    6.51301     9.8381     9.8644    23.5979   11.77833 1.5800e+02      1.007 0.0000e+00
         30 213.424876    0.00201     0.1208      7.250  1023.7473  48576.270    30.8549      1.126    6.50700     9.8280     9.8496    23.7421   11.76589 1.4811e+02      1.137 0.0000e+00
         31 213.424878    0.00208     0.1250      7.500  1023.8362  48748.133    30.9661      1.246    6.50367     9.8190     9.8382    23.8305   11.75886 1.4077e+02      1.258 0.0000e+00
         32 213.424881    0.00215     0.1292      7.750  1023.8940  48858.797    31.0377      1.351    6.50192     9.8115     9.8282    23.8878   11.75500 1.3554e+02      1.364 0.0000e+00
         33 213.424884    0.00222     0.1333      8.000  1023.9349  48935.922    31.0879      1.435    6.50101     9.8058     9.8192    23.9283   11.75283 1.3221e+02      1.448 0.0000e+00
         34 213.424887    0.00229     0.1375      8.250  1023.9623  48987.088    31.1211      1.494    6.50063     9.8016     9.8117    23.9554   11.75176 1.3060e+02      1.508 0.0000e+00
         35 213.424890    0.00236     0.1417      8.500  1023.9759  49012.623    31.1373      1.531    6.50072     9.7984     9.8060    23.9689   11.75169 1.3055e+02      1.546 0.0000e+00
         36 213.424893    0.00243     0.1458      8.750  1023.9792  49018.989    31.1406      1.554    6.50115     9.7959     9.8018    23.9721   11.75235 1.3155e+02      1.569 0.0000e+00
         37 213.424896    0.00250     0.1500      9.000  1023.9783  49017.391    31.1387      1.568    6.50167     9.7942     9.7986    23.9711   11.75323 1.3279e+02      1.582 0.0000e+00
         38 213.424899    0.00257     0.1542      9.250  1023.9769  49014.934    31.1364      1.574    6.50211     9.7933     9.7961    23.9697   11.75399 1.3377e+02      1.589 0.0000e+00
         39 213.424902    0.00264     0.1583      9.500  1023.9756  49012.635    31.1344      1.575    6.50243     9.7931     9.7944    23.9685   11.75454 1.3449e+02      1.590 0.0000e+00
         40 213.424905    0.00271     0.1625      9.750  1023.9740  49009.757    31.1322      1.573    6.50265     9.7934     9.7935    23.9669   11.75492 1.3530e+02      1.588 0.0000e+00
         41 213.424907    0.00278     0.1667     10.000  1023.9721  49006.266    31.1296      1.568    6.50279     9.7942     9.7933    23.9649   11.75518 1.3665e+02      1.583 0.0000e+00
         42 213.424910    0.00285     0.1708     10.250  1023.9701  49002.828    31.1272      1.563    6.50285     9.7955     9.7936    23.9630   11.75530 1.3849e+02      1.578 0.0000e+00
         43 213.424913    0.00292     0.1750     10.500  1023.9685  49000.032    31.1253      1.559    6.50281     9.7972     9.7944    23.9614   11.75526 1.4018e+02      1.574 0.0000e+00
         44 213.424916    0.00299     0.1792     10.750  1023.9672  48997.893    31.1240      1.557    6.50268     9.7993     9.7957    23.9601   11.75507 1.4109e+02      1.572 0.0000e+00
         45 213.424919    0.00306     0.1833     11.000  1023.9661  48996.086    31.1229      1.556    6.50248     9.8015     9.7974    23.9590   11.75474 1.4121e+02      1.571 0.0000e+00
         46 213.424922    0.00313     0.1875     11.250  1023.9650  48994.260    31.1219      1.557    6.50222     9.8036     9.7995    23.9579   11.75434 1.4098e+02      1.572 0.0000e+00
         47 213.424925    0.00319     0.1917     11.500  1023.9638  48992.269    31.1207      1.559    6.50196     9.8057     9.8017    23.9567   11.75391 1.4070e+02      1.574 0.0000e+00
         48 213.424928    0.00326     0.1958     11.750  1023.9626  48990.262    31.1196      1.563    6.50170     9.8077     9.8038    23.9554   11.75350 1.4046e+02      1.578 0.0000e+00
         49 213.424931    0.00333     0.2000     12.000  1023.9615  48988.477    31.1186      1.568    6.50146     9.8096     9.8058    23.9543   11.75310 1.4027e+02      1.583 0.0000e+00
         50 213.424933    0.00340     0.2042     12.250  1023.9606  48986.972    31.1178      1.574    6.50121     9.8116     9.8078    23.9534   11.75270 1.4005e+02      1.588 0.0000e+00
         51 213.424936    0.00347     0.2083     12.500  1023.9597  48985.636    31.1171      1.580    6.50095     9.8133     9.8098    23.9525   11.75229 1.3968e+02      1.595 0.0000e+00
         52 213.424939    0.00354     0.2125     12.750  1023.9589  48984.294    31.1164      1.586    6.50071     9.8148     9.8117    23.9516   11.75189 1.3903e+02      1.601 0.0000e+00
         53 213.424942    0.00361     0.2167     13.000  1023.9580  48982.877    31.1157      1.591    6.50049     9.8160     9.8134    23.9507   11.75154 1.3824e+02      1.606 0.0000e+00
         54 213.424945    0.00368     0.2208     13.250  1023.9572  48981.558    31.1149      1.596    6.50031     9.8172     9.8149    23.9499   11.75125 1.3769e+02      1.611 0.0000e+00
         55 213.424948    0.00375     0.2250     13.500  1023.9566  48980.557    31.1144      1.600    6.50016     9.8182     9.8162    23.9493   11.75100 1.3761e+02      1.615 0.0000e+00
         56 213.424951    0.00382     0.2292     13.750  1023.9562  48979.810    31.1140      1.602    6.50001     9.8192     9.8174    23.9488   11.75076 1.3777e+02      1.618 0.0000e+00
         57 213.424954    0.00389     0.2333     14.000  1023.9557  48979.116    31.1136      1.604    6.49987     9.8202     9.8184    23.9484   11.75054 1.3780e+02      1.619 0.0000e+00
         58 213.424957    0.00396     0.2375     14.250  1023.9553  48978.467    31.1133      1.604    6.49974     9.8211     9.8194    23.9480   11.75033 1.3774e+02      1.619 0.0000e+00
         59 213.424959    0.00403     0.2417     14.500  1023.9549  48977.903    31.1130      1.603    6.49962     9.8219     9.8203    23.9476   11.75013 1.3785e+02      1.618 0.0000e+00
         60 213.424962    0.00410     0.2458     14.750  1023.9546  48977.367    31.1127      1.601    6.49950     9.8226     9.8212    23.9473   11.74994 1.3813e+02      1.616 0.0000e+00
         61 213.424965    0.00417     0.2500     15.000  1023.9542  48976.778    31.1124      1.600    6.49940     9.8233     9.8221    23.9469   11.74977 1.3828e+02      1.615 0.0000e+00
         62 213.424968    0.00424     0.2542     15.250  1023.9538  48976.182    31.1121      1.598    6.49930     9.8240     9.8228    23.9465   11.74961 1.3826e+02      1.613 0.0000e+00
         63 213.424971    0.00431     0.2583     15.500  1023.9535  48975.710    31.1119      1.597    6.49921     9.8245     9.8235    23.9462   11.74947 1.3837e+02      1.612 0.0000e+00
         64 213.424974    0.00438     0.2625     15.750  1023.9532  48975.367    31.1117      1.594    6.49913     9.8251     9.8241    23.9460   11.74933 1.3870e+02      1.609 0.0000e+00
         65 213.424977    0.00444     0.2667     16.000  1023.9530  48975.087    31.1116      1.592    6.49905     9.8257     9.8247    23.9458   11.74920 1.3883e+02      1.607 0.0000e+00
         66 213.424980    0.00451     0.2708     16.250  1023.9529  48974.889    31.1115      1.590    6.49897     9.8263     9.8253    23.9456   11.74907 1.3845e+02      1.605 0.0000e+00
         67 213.424983    0.00458     0.2750     16.500  1023.9529  48974.815    31.1116      1.588    6.49889     9.8269     9.8259    23.9456   11.74894 1.3780e+02      1.603 0.0000e+00
         68 213.424986    0.00465     0.2792     16.750  1023.9528  48974.821    31.1117      1.588    6.49880     9.8274     9.8265    23.9455   11.74879 1.3723e+02      1.603 0.0000e+00
         69 213.424988    0.00472     0.2833     17.000  1023.9528  48974.883    31.1118      1.589    6.49871     9.8279     9.8271    23.9455   11.74864 1.3684e+02      1.604 0.0000e+00
         70 213.424991    0.00479     0.2875     17.250  1023.9529  48975.085    31.1120      1.590    6.49863     9.8283     9.8276    23.9456   11.74849 1.3651e+02      1.605 0.0000e+00
         71 213.424994    0.00486     0.2917     17.500  1023.9531  48975.463    31.1123      1.591    6.49854     9.8286     9.8281    23.9457   11.74835 1.3628e+02      1.606 0.0000e+00
         72 213.424997    0.00493     0.2958     17.750  1023.9533  48975.933    31.1127      1.592    6.49847     9.8288     9.8285    23.9460   11.74822 1.3610e+02      1.607 0.0000e+00
         73 213.425000    0.00500     0.3000     18.000  1023.9535  48976.366    31.1131      1.592    6.49841     9.8289     9.8288    23.9462   11.74812 1.3576e+02      1.607 0.0000e+00
         74 213.425003    0.00507     0.3042     18.250  1023.9537  48976.727    31.1133      1.591    6.49837     9.8287     9.8290    23.9464   11.74805 1.3526e+02      1.606 0.0000e+00
         75 213.425006    0.00514     0.3083     18.500  1023.9539  48977.171    31.1136      1.590    6.49836     9.8284     9.8290    23.9467   11.74802 1.3506e+02      1.605 0.0000e+00
         76 213.425009    0.00521     0.3125     18.750  1023.9543  48977.913    31.1141      1.591    6.49836     9.8279     9.8289    23.9471   11.74802 1.3542e+02      1.606 0.0000e+00
         77 213.425012    0.00528     0.3167     19.000  1023.9550  48979.129    31.1149      1.592    6.49837     9.8273     9.8285    23.9478   11.74804 1.3591e+02      1.607 0.0000e+00
         78 213.425014    0.00535     0.3208     19.250  1023.9561  48980.948    31.1161      1.595    6.49839     9.8267     9.8280    23.9488   11.74805 1.3597e+02      1.610 0.0000e+00
         79 213.425017    0.00542     0.3250     19.500  1023.9575  48983.328    31.1177      1.599    6.49841     9.8260     9.8275    23.9502   11.74806 1.3569e+02      1.614 0.0000e+00
         80 213.425020    0.00549     0.3292     19.750  1023.9590  48985.982    31.1195      1.602    6.49843     9.8253     9.8268    23.9517   11.74807 1.3553e+02      1.617 0.0000e+00
         81 213.425023    0.00556     0.3333     20.000  1023.9605  48988.532    31.1213      1.605    6.49845     9.8245     9.8261    23.9531   11.74810 1.3577e+02      1.620 0.0000e+00
         82 213.425026    0.00562     0.3375     20.250  1023.9617  48990.645    31.1227      1.605    6.49850     9.8236     9.8254    23.9543   11.74815 1.3640e+02      1.620 0.0000e+00
         83 213.425029    0.00569     0.3417     20.500  1023.9625  48992.052    31.1236      1.605    6.49857     9.8226     9.8246    23.9551   11.74826 1.3718e+02      1.620 0.0000e+00
         84 213.425032    0.00576     0.3458     20.750  1023.9629  48992.814    31.1240      1.603    6.49867     9.8214     9.8238    23.9556   11.74843 1.3774e+02      1.618 0.0000e+00
         85 213.425035    0.00583     0.3500     21.000  1023.9634  48993.509    31.1243      1.602    6.49880     9.8201     9.8228    23.9560   11.74863 1.3778e+02      1.617 0.0000e+00
