CTD-processing/allCTD/CNV--homogene/2012_06-05b_t4_s05b_cast108.cnv
* Sea-Bird SBE19plus Data File:
* FileName = C:\Documents and Settings\glenn.seaman\My Documents\KHolderied-files\CTD-DATA-FILES\2012-CTD-KachemakBay\2012-06-05b-CTD-Tran4-Barabara-to-BluffPt\2012-06-05b-Tran4-Barabara-cast108.hex
* Software Version 1.59
* Temperature SN =  5028
* Conductivity SN =  5028
* System UpLoad Time = Jun 26 2012 23:51:36
** LTM-Transect4-BarabaraPt-to-BluffPt
** Date: 2012-06-05 High tide (2 of 2 lines)
** Station: 4-05b
** Start time (AKDT-24hr): 1630
** Depth (ft): 271
** Westerly wind.  Seas 1-2 ft.
# nquan = 17
# nvalues = 662                         
# units = specified
# name 0 = scan: Scan Count
# name 1 = timeJ: Julian Days
# name 2 = timeH: Time, Elapsed [hours]
# name 3 = timeM: Time, Elapsed [minutes]
# name 4 = timeS: Time, Elapsed [seconds]
# name 5 = density00: Density [density, kg/m^3]
# name 6 = specc: Specific Conductance [uS/cm]
# name 7 = sal00: Salinity, Practical [PSU]
# name 8 = depSM: Depth [salt water, m], lat = 59.00
# name 9 = oxsolML/L: Oxygen Saturation, Garcia & Gordon [ml/l]
# name 10 = potemp090C: Potential Temperature [ITS-90, deg C]
# name 11 = tv290C: Temperature [ITS-90, deg C]
# name 12 = sigma-é00: Density [sigma-theta, kg/m^3]
# name 13 = n2satML/L: Nitrogen Saturation [ml/l]
# name 14 = par: PAR/Irradiance, Biospherical/Licor [umol photons/m^2/sec]
# name 15 = prdM: Pressure, Strain Gauge [db]
# name 16 = flag:  0.000e+00
# span 0 =          1,        662       
# span 1 = 157.686250, 157.688163       
# span 2 =    0.00000,    0.04590       
# span 3 =     0.0000,     2.7542       
# span 4 =      0.000,    165.250       
# span 5 =   999.9665,  1025.4382       
# span 6 =    186.977,  51022.714       
# span 7 =     0.0857,    31.7363       
# span 8 =     -0.061,     80.372       
# span 9 =    6.84915,    8.46476       
# span 10 =     5.2331,     7.3252      
# span 11 =     5.2387,     7.3252      
# span 12 =    -0.0332,    25.0626      
# span 13 =   12.32175,   15.46115      
# span 14 = 4.1348e-02, 1.2392e+03      
# span 15 =     -0.062,     81.147      
# span 16 = 0.0000e+00, 0.0000e+00      
# interval = seconds: 0.25
# start_time = Jun 05 2012 16:28:12 [Instrument's time stamp, header]
# bad_flag = -9.990e-29
*END*
[from data line 86]
         87 157.686499    0.00597     0.3583     21.500  1000.1763    734.528     0.3502     -0.060    8.44626     7.1370     7.1354     0.1766   15.42594 6.4205e+02     -0.061 0.0000e+00
         88 157.686502    0.00604     0.3625     21.750  1000.1787    740.852     0.3533     -0.059    8.44593     7.1379     7.1361     0.1790   15.42533 6.3789e+02     -0.060 0.0000e+00
         89 157.686505    0.00611     0.3667     22.000  1000.1857    758.597     0.3621     -0.059    8.44527     7.1388     7.1370     0.1860   15.42408 6.2717e+02     -0.060 0.0000e+00
         90 157.686508    0.00618     0.3708     22.250  1000.1916    773.690     0.3696     -0.059    8.44467     7.1396     7.1379     0.1919   15.42295 6.1061e+02     -0.060 0.0000e+00
         91 157.686510    0.00625     0.3750     22.500  1000.1949    781.920     0.3738     -0.060    8.44425     7.1404     7.1388     0.1952   15.42218 5.8850e+02     -0.061 0.0000e+00
         92 157.686513    0.00632     0.3792     22.750  1000.1983    790.442     0.3782     -0.060    8.44383     7.1412     7.1396     0.1986   15.42141 5.7044e+02     -0.061 0.0000e+00
         93 157.686516    0.00639     0.3833     23.000  1000.2053    807.563     0.3870     -0.060    8.44318     7.1420     7.1404     0.2056   15.42018 5.5546e+02     -0.061 0.0000e+00
         94 157.686519    0.00646     0.3875     23.250  1000.2203    844.764     0.4060     -0.060    8.44197     7.1429     7.1412     0.2206   15.41784 5.3998e+02     -0.060 0.0000e+00
         95 157.686522    0.00653     0.3917     23.500  1000.2498    918.164     0.4432     -0.059    8.43975     7.1438     7.1420     0.2501   15.41351 5.5692e+02     -0.060 0.0000e+00
         96 157.686525    0.00660     0.3958     23.750  1000.3026   1049.474     0.5098     -0.059    8.43589     7.1449     7.1429     0.3029   15.40597 6.1871e+02     -0.060 0.0000e+00
         97 157.686528    0.00667     0.4000     24.000  1000.3818   1246.371     0.6098     -0.059    8.43018     7.1458     7.1438     0.3821   15.39479 7.3063e+02     -0.060 0.0000e+00
         98 157.686531    0.00674     0.4042     24.250  1000.4670   1457.290     0.7171     -0.060    8.42405     7.1467     7.1449     0.4673   15.38279 8.8837e+02     -0.060 0.0000e+00
         99 157.686534    0.00681     0.4083     24.500  1000.5302   1613.681     0.7968     -0.060    8.41945     7.1476     7.1458     0.5305   15.37380 1.0303e+03     -0.061 0.0000e+00
        100 157.686536    0.00688     0.4125     24.750  1000.5671   1704.921     0.8434     -0.060    8.41670     7.1486     7.1467     0.5674   15.36844 1.1256e+03     -0.061 0.0000e+00
        101 157.686539    0.00694     0.4167     25.000  1000.5807   1738.799     0.8606     -0.060    8.41557     7.1497     7.1476     0.5810   15.36627 1.1874e+03     -0.060 0.0000e+00
        102 157.686542    0.00701     0.4208     25.250  1000.5720   1717.998     0.8498     -0.059    8.41597     7.1510     7.1486     0.5723   15.36712 1.2234e+03     -0.060 0.0000e+00
        103 157.686545    0.00708     0.4250     25.500  1000.5517   1668.284     0.8242     -0.059    8.41716     7.1524     7.1497     0.5520   15.36952 1.2392e+03     -0.060 0.0000e+00
        104 157.686548    0.00715     0.4292     25.750  1000.5325   1620.790     0.8000     -0.059    8.41823     7.1539     7.1510     0.5328   15.37170 1.2323e+03     -0.060 0.0000e+00
        105 157.686551    0.00722     0.4333     26.000  1000.5146   1575.838     0.7776     -0.059    8.41918     7.1553     7.1524     0.5149   15.37367 1.1904e+03     -0.060 0.0000e+00
        106 157.686554    0.00729     0.4375     26.250  1000.4927   1519.821     0.7501     -0.060    8.42042     7.1568     7.1539     0.4930   15.37621 1.1120e+03     -0.060 0.0000e+00
        107 157.686557    0.00736     0.4417     26.500  1000.4697   1459.382     0.7213     -0.060    8.42176     7.1582     7.1553     0.4700   15.37893 1.0607e+03     -0.060 0.0000e+00
        108 157.686560    0.00743     0.4458     26.750  1000.4512   1407.164     0.6982     -0.059    8.42282     7.1596     7.1568     0.4515   15.38112 1.0781e+03     -0.060 0.0000e+00
        109 157.686563    0.00750     0.4500     27.000  1000.4410   1370.796     0.6858     -0.059    8.42336     7.1610     7.1582     0.4412   15.38230 1.0840e+03     -0.060 0.0000e+00
        110 157.686565    0.00757     0.4542     27.250  1000.4467   1366.260     0.6937     -0.058    8.42288     7.1623     7.1596     0.4470   15.38149 1.0680e+03     -0.059 0.0000e+00
        111 157.686568    0.00764     0.4583     27.500  1000.4818   1421.393     0.7388     -0.056    8.42054     7.1633     7.1610     0.4820   15.37704 1.0862e+03     -0.057 0.0000e+00
        112 157.686571    0.00771     0.4625     27.750  1000.5672   1580.526     0.8480     -0.054    8.41497     7.1641     7.1623     0.5675   15.36629 1.0836e+03     -0.055 0.0000e+00
        113 157.686574    0.00778     0.4667     28.000  1000.7381   1916.749     1.0659     -0.049    8.40394     7.1646     7.1633     0.7384   15.34487 1.0655e+03     -0.050 0.0000e+00
        114 157.686577    0.00785     0.4708     28.250  1001.0484   2540.672     1.4610     -0.041    8.38399     7.1646     7.1641     1.0486   15.30602 1.0962e+03     -0.042 0.0000e+00
        115 157.686580    0.00792     0.4750     28.500  1001.5838   3626.168     2.1425     -0.028    8.34966     7.1641     7.1646     1.5839   15.23910 1.1241e+03     -0.029 0.0000e+00
        116 157.686583    0.00799     0.4792     28.750  1002.4889   5467.380     3.2943     -0.007    8.29171     7.1625     7.1647     2.4889   15.12607 1.0960e+03     -0.007 0.0000e+00
        117 157.686586    0.00806     0.4833     29.000  1004.0068   8559.629     5.2258      0.029    8.19460     7.1593     7.1641     4.0067   14.93664 1.0081e+03      0.029 0.0000e+00
        118 157.686589    0.00813     0.4875     29.250  1006.5427  13728.570     8.4525      0.088    8.03248     7.1538     7.1625     6.5423   14.62032 9.0597e+02      0.089 0.0000e+00
        119 157.686591    0.00819     0.4917     29.500  1010.5808  21905.782    13.5919      0.183    7.77540     7.1471     7.1593    10.5800   14.11888 8.3192e+02      0.184 0.0000e+00
        120 157.686594    0.00826     0.4958     29.750  1015.3769  31538.703    19.6975      0.314    7.47171     7.1416     7.1539    15.3755   13.52677 7.0637e+02      0.316 0.0000e+00
        121 157.686597    0.00833     0.5000     30.000  1019.1351  39054.860    24.4818      0.464    7.23476     7.1397     7.1472    19.1330   13.06479 5.0860e+02      0.468 0.0000e+00
        122 157.686600    0.00840     0.5042     30.250  1021.4006  43583.348    27.3652      0.612    7.09223     7.1414     7.1417    21.3978   12.78685 3.3947e+02      0.618 0.0000e+00
        123 157.686603    0.00847     0.5083     30.500  1022.7631  46305.949    29.0993      0.744    7.00632     7.1452     7.1398    22.7597   12.61938 2.3573e+02      0.750 0.0000e+00
        124 157.686606    0.00854     0.5125     30.750  1023.5813  47940.494    30.1410      0.848    6.95428     7.1497     7.1415    23.5774   12.51806 1.7339e+02      0.856 0.0000e+00
        125 157.686609    0.00861     0.5167     31.000  1024.0718  48920.381    30.7658      0.923    6.92261     7.1540     7.1453    24.0675   12.45654 1.3590e+02      0.932 0.0000e+00
        126 157.686612    0.00868     0.5208     31.250  1024.3661  49508.244    31.1411      0.977    6.90323     7.1573     7.1498    24.3616   12.41900 1.1310e+02      0.986 0.0000e+00
        127 157.686615    0.00875     0.5250     31.500  1024.5435  49862.355    31.3675      1.022    6.89132     7.1597     7.1541    24.5388   12.39598 9.9201e+01      1.032 0.0000e+00
        128 157.686617    0.00882     0.5292     31.750  1024.6512  50076.996    31.5050      1.065    6.88397     7.1614     7.1574    24.6463   12.38182 9.0418e+01      1.075 0.0000e+00
        129 157.686620    0.00889     0.5333     32.000  1024.7171  50207.975    31.5891      1.104    6.87942     7.1629     7.1598    24.7120   12.37308 8.4128e+01      1.114 0.0000e+00
        130 157.686623    0.00896     0.5375     32.250  1024.7573  50287.832    31.6405      1.132    6.87660     7.1643     7.1615    24.7521   12.36767 7.9413e+01      1.143 0.0000e+00
        131 157.686626    0.00903     0.5417     32.500  1024.7812  50335.337    31.6711      1.144    6.87486     7.1658     7.1630    24.7759   12.36435 7.6268e+01      1.155 0.0000e+00
        132 157.686629    0.00910     0.5458     32.750  1024.7941  50361.316    31.6878      1.135    6.87381     7.1676     7.1644    24.7888   12.36236 7.4958e+01      1.146 0.0000e+00
        133 157.686632    0.00917     0.5500     33.000  1024.7990  50371.784    31.6944      1.108    6.87321     7.1697     7.1659    24.7938   12.36128 7.5198e+01      1.118 0.0000e+00
        134 157.686635    0.00924     0.5542     33.250  1024.7984  50371.876    31.6942      1.069    6.87291     7.1719     7.1677    24.7934   12.36076 7.5638e+01      1.079 0.0000e+00
        135 157.686638    0.00931     0.5583     33.500  1024.7959  50368.126    31.6916      1.032    6.87269     7.1745     7.1698    24.7911   12.36042 7.5366e+01      1.041 0.0000e+00
        136 157.686641    0.00937     0.5625     33.750  1024.7940  50365.089    31.6896      1.007    6.87241     7.1772     7.1720    24.7893   12.35997 7.5018e+01      1.016 0.0000e+00
        137 157.686644    0.00944     0.5667     34.000  1024.7930  50363.467    31.6888      1.003    6.87204     7.1800     7.1746    24.7883   12.35937 7.5340e+01      1.013 0.0000e+00
        138 157.686646    0.00951     0.5708     34.250  1024.7928  50363.090    31.6889      1.022    6.87161     7.1829     7.1773    24.7880   12.35865 7.6034e+01      1.032 0.0000e+00
        139 157.686649    0.00958     0.5750     34.500  1024.7935  50364.205    31.6901      1.056    6.87110     7.1859     7.1801    24.7886   12.35779 7.6708e+01      1.066 0.0000e+00
        140 157.686652    0.00965     0.5792     34.750  1024.7952  50367.124    31.6926      1.094    6.87052     7.1889     7.1831    24.7902   12.35680 7.7393e+01      1.104 0.0000e+00
        141 157.686655    0.00972     0.5833     35.000  1024.7975  50371.009    31.6958      1.119    6.86990     7.1922     7.1860    24.7923   12.35575 7.7963e+01      1.130 0.0000e+00
        142 157.686658    0.00979     0.5875     35.250  1024.7984  50372.693    31.6975      1.120    6.86935     7.1954     7.1891    24.7932   12.35481 7.8199e+01      1.131 0.0000e+00
        143 157.686661    0.00986     0.5917     35.500  1024.7965  50369.319    31.6957      1.096    6.86892     7.1978     7.1923    24.7914   12.35411 7.8222e+01      1.107 0.0000e+00
        144 157.686664    0.00993     0.5958     35.750  1024.7922  50361.772    31.6910      1.056    6.86862     7.1992     7.1955    24.7872   12.35369 7.7955e+01      1.066 0.0000e+00
        145 157.686667    0.01000     0.6000     36.000  1024.7877  50353.952    31.6860      1.013    6.86846     7.1997     7.1979    24.7830   12.35348 7.7103e+01      1.023 0.0000e+00
        146 157.686670    0.01007     0.6042     36.250  1024.7849  50349.078    31.6829      0.985    6.86839     7.1999     7.1993    24.7803   12.35340 7.6140e+01      0.995 0.0000e+00
        147 157.686672    0.01014     0.6083     36.500  1024.7842  50347.820    31.6821      0.981    6.86834     7.2003     7.1998    24.7796   12.35333 7.5770e+01      0.990 0.0000e+00
        148 157.686675    0.01021     0.6125     36.750  1024.7853  50349.653    31.6834      1.002    6.86825     7.2012     7.2000    24.7806   12.35316 7.6131e+01      1.011 0.0000e+00
        149 157.686678    0.01028     0.6167     37.000  1024.7879  50354.205    31.6866      1.039    6.86805     7.2029     7.2004    24.7831   12.35278 7.6706e+01      1.049 0.0000e+00
        150 157.686681    0.01035     0.6208     37.250  1024.7913  50360.129    31.6909      1.076    6.86771     7.2057     7.2013    24.7863   12.35218 7.6841e+01      1.086 0.0000e+00
        151 157.686684    0.01042     0.6250     37.500  1024.7935  50363.879    31.6938      1.097    6.86731     7.2092     7.2030    24.7884   12.35148 7.6645e+01      1.108 0.0000e+00
        152 157.686687    0.01049     0.6292     37.750  1024.7927  50362.449    31.6933      1.093    6.86689     7.2122     7.2058    24.7876   12.35079 7.6540e+01      1.104 0.0000e+00
        153 157.686690    0.01056     0.6333     38.000  1024.7891  50356.069    31.6894      1.068    6.86652     7.2135     7.2093    24.7841   12.35023 7.6633e+01      1.078 0.0000e+00
        154 157.686693    0.01063     0.6375     38.250  1024.7842  50347.456    31.6840      1.032    6.86630     7.2127     7.2122    24.7794   12.34994 7.6727e+01      1.043 0.0000e+00
        155 157.686696    0.01069     0.6417     38.500  1024.7799  50339.804    31.6789      1.004    6.86631     7.2100     7.2136    24.7753   12.35003 7.6847e+01      1.014 0.0000e+00
        156 157.686698    0.01076     0.6458     38.750  1024.7777  50335.727    31.6759      0.993    6.86658     7.2069     7.2127    24.7730   12.35050 7.7257e+01      1.002 0.0000e+00
        157 157.686701    0.01083     0.6500     39.000  1024.7785  50337.127    31.6764      1.001    6.86697     7.2043     7.2101    24.7738   12.35114 7.7615e+01      1.011 0.0000e+00
        158 157.686704    0.01090     0.6542     39.250  1024.7823  50343.975    31.6807      1.023    6.86728     7.2030     7.2070    24.7775   12.35160 7.7540e+01      1.033 0.0000e+00
        159 157.686707    0.01097     0.6583     39.500  1024.7876  50353.534    31.6869      1.046    6.86740     7.2032     7.2044    24.7827   12.35173 7.7328e+01      1.056 0.0000e+00
        160 157.686710    0.01104     0.6625     39.750  1024.7918  50360.985    31.6918      1.060    6.86739     7.2043     7.2031    24.7868   12.35163 7.7161e+01      1.070 0.0000e+00
        161 157.686713    0.01111     0.6667     40.000  1024.7926  50362.592    31.6930      1.057    6.86731     7.2049     7.2033    24.7877   12.35149 7.6748e+01      1.067 0.0000e+00
        162 157.686716    0.01118     0.6708     40.250  1024.7902  50358.341    31.6902      1.041    6.86726     7.2035     7.2044    24.7854   12.35145 7.5953e+01      1.051 0.0000e+00
        163 157.686719    0.01125     0.6750     40.500  1024.7861  50350.998    31.6852      1.020    6.86738     7.1987     7.2050    24.7814   12.35172 7.5012e+01      1.029 0.0000e+00
        164 157.686722    0.01132     0.6792     40.750  1024.7823  50344.182    31.6802      1.005    6.86783     7.1903     7.2036    24.7776   12.35252 7.4634e+01      1.014 0.0000e+00
        165 157.686725    0.01139     0.6833     41.000  1024.7809  50341.675    31.6776      1.006    6.86870     7.1795     7.1988    24.7762   12.35398 7.5135e+01      1.015 0.0000e+00
        166 157.686727    0.01146     0.6875     41.250  1024.7842  50347.553    31.6803      1.025    6.86991     7.1692     7.1904    24.7794   12.35595 7.5638e+01      1.035 0.0000e+00
        167 157.686730    0.01153     0.6917     41.500  1024.7933  50364.043    31.6899      1.053    6.87118     7.1631     7.1796    24.7884   12.35793 7.5559e+01      1.063 0.0000e+00
        168 157.686733    0.01160     0.6958     41.750  1024.8056  50386.370    31.7036      1.076    6.87219     7.1631     7.1693    24.8006   12.35943 7.5204e+01      1.086 0.0000e+00
        169 157.686736    0.01167     0.7000     42.000  1024.8143  50402.089    31.7135      1.080    6.87272     7.1674     7.1632    24.8092   12.36018 7.4834e+01      1.090 0.0000e+00
        170 157.686739    0.01174     0.7042     42.250  1024.8143  50402.224    31.7136      1.062    6.87271     7.1716     7.1632    24.8093   12.36016 7.4481e+01      1.072 0.0000e+00
