CTD-processing/allCTD/CNV--homogene/2012_06-25_subbays_beara_cast115.cnv
* Sea-Bird SBE19plus Data File:
* FileName = C:\Documents and Settings\glenn.seaman\My Documents\KHolderied-files\CTD-DATA-FILES\2012-CTD-KachemakBay\2012-06-25-CTD-KachemakBay-subbays\2012-06-25-KBay-subbays-cast115.hex
* Software Version 1.59
* Temperature SN =  5028
* Conductivity SN =  5028
* System UpLoad Time = Jun 27 2012 00:10:27
** KachemakBay-Subbay-Survey
** Date: 2012-06-25
** Station: Bear Cove A - near mouth
** Start time (AKDT-24hr): 1454
** Depth (ft): 142
** Lat: 59d 44.010m N
** Long: 151d 03.422m W
# nquan = 17
# nvalues = 484                         
# units = specified
# name 0 = scan: Scan Count
# name 1 = timeJ: Julian Days
# name 2 = timeH: Time, Elapsed [hours]
# name 3 = timeM: Time, Elapsed [minutes]
# name 4 = timeS: Time, Elapsed [seconds]
# name 5 = density00: Density [density, kg/m^3]
# name 6 = specc: Specific Conductance [uS/cm]
# name 7 = sal00: Salinity, Practical [PSU]
# name 8 = depSM: Depth [salt water, m], lat = 59.00
# name 9 = oxsolML/L: Oxygen Saturation, Garcia & Gordon [ml/l]
# name 10 = potemp090C: Potential Temperature [ITS-90, deg C]
# name 11 = tv290C: Temperature [ITS-90, deg C]
# name 12 = sigma-é00: Density [sigma-theta, kg/m^3]
# name 13 = n2satML/L: Nitrogen Saturation [ml/l]
# name 14 = par: PAR/Irradiance, Biospherical/Licor [umol photons/m^2/sec]
# name 15 = prdM: Pressure, Strain Gauge [db]
# name 16 = flag:  0.000e+00
# span 0 =          1,        484       
# span 1 = 177.621250, 177.622648       
# span 2 =    0.00000,    0.03354       
# span 3 =     0.0000,     2.0125       
# span 4 =      0.000,    120.750       
# span 5 =   999.7140,  1024.9884       
# span 6 =     73.170,  50515.213       
# span 7 =     0.0351,    31.4221       
# span 8 =     -0.148,     39.033       
# span 9 =    6.35730,    7.86816       
# span 10 =     5.3128,    12.5632      
# span 11 =     5.3157,    12.5633      
# span 12 =    -0.2853,    24.8055      
# span 13 =   11.57683,   14.45543      
# span 14 = 4.4721e-02, 1.6811e+02      
# span 15 =     -0.150,     39.405      
# span 16 = 0.0000e+00, 0.0000e+00      
# interval = seconds: 0.25
# start_time = Jun 25 2012 14:54:36 [Instrument's time stamp, header]
# bad_flag = -9.990e-29
*END*
[from data line 171]
        172 177.621745    0.01188     0.7125     42.750  1018.1107  38651.388    24.1736      0.599    6.40680    12.5210    12.5214    18.1079   11.67924 7.5497e+01      0.605 0.0000e+00
        173 177.621748    0.01194     0.7167     43.000  1018.1095  38649.144    24.1720      0.597    6.40690    12.5217    12.5211    18.1068   11.67943 7.5890e+01      0.603 0.0000e+00
        174 177.621751    0.01201     0.7208     43.250  1018.1122  38654.183    24.1755      0.591    6.40677    12.5229    12.5210    18.1095   11.67917 7.6340e+01      0.597 0.0000e+00
        175 177.621753    0.01208     0.7250     43.500  1018.1188  38666.858    24.1843      0.584    6.40632    12.5240    12.5217    18.1162   11.67832 7.6662e+01      0.590 0.0000e+00
        176 177.621756    0.01215     0.7292     43.750  1018.1267  38681.891    24.1947      0.580    6.40573    12.5244    12.5230    18.1240   11.67721 7.6359e+01      0.585 0.0000e+00
        177 177.621759    0.01222     0.7333     44.000  1018.1325  38693.185    24.2026      0.580    6.40527    12.5242    12.5241    18.1299   11.67635 7.5663e+01      0.585 0.0000e+00
        178 177.621762    0.01229     0.7375     44.250  1018.1354  38698.616    24.2063      0.584    6.40506    12.5238    12.5244    18.1327   11.67596 7.5146e+01      0.589 0.0000e+00
        179 177.621765    0.01236     0.7417     44.500  1018.1353  38698.445    24.2062      0.591    6.40510    12.5235    12.5242    18.1327   11.67602 7.4813e+01      0.596 0.0000e+00
        180 177.621768    0.01243     0.7458     44.750  1018.1329  38693.794    24.2030      0.598    6.40528    12.5233    12.5239    18.1302   11.67636 7.4531e+01      0.603 0.0000e+00
        181 177.621771    0.01250     0.7500     45.000  1018.1290  38686.289    24.1978      0.602    6.40553    12.5232    12.5236    18.1263   11.67683 7.4610e+01      0.608 0.0000e+00
        182 177.621774    0.01257     0.7542     45.250  1018.1247  38678.102    24.1921      0.603    6.40578    12.5233    12.5234    18.1220   11.67732 7.5018e+01      0.609 0.0000e+00
        183 177.621777    0.01264     0.7583     45.500  1018.1214  38671.969    24.1879      0.600    6.40597    12.5236    12.5233    18.1187   11.67768 7.5369e+01      0.606 0.0000e+00
        184 177.621780    0.01271     0.7625     45.750  1018.1206  38670.598    24.1870      0.593    6.40600    12.5241    12.5234    18.1180   11.67774 7.5597e+01      0.599 0.0000e+00
        185 177.621782    0.01278     0.7667     46.000  1018.1231  38675.364    24.1903      0.586    6.40582    12.5245    12.5237    18.1205   11.67741 7.5729e+01      0.592 0.0000e+00
        186 177.621785    0.01285     0.7708     46.250  1018.1271  38683.113    24.1956      0.582    6.40553    12.5241    12.5242    18.1246   11.67686 7.5507e+01      0.587 0.0000e+00
        187 177.621788    0.01292     0.7750     46.500  1018.1290  38686.646    24.1981      0.582    6.40538    12.5228    12.5246    18.1264   11.67658 7.4990e+01      0.587 0.0000e+00
        188 177.621791    0.01299     0.7792     46.750  1018.1257  38680.442    24.1938      0.585    6.40560    12.5209    12.5242    18.1231   11.67701 7.4569e+01      0.591 0.0000e+00
        189 177.621794    0.01306     0.7833     47.000  1018.1159  38661.685    24.1808      0.591    6.40630    12.5186    12.5229    18.1133   11.67832 7.4400e+01      0.596 0.0000e+00
        190 177.621797    0.01313     0.7875     47.250  1018.1007  38632.577    24.1606      0.595    6.40738    12.5170    12.5209    18.0980   11.68037 7.4683e+01      0.601 0.0000e+00
        191 177.621800    0.01319     0.7917     47.500  1018.0865  38605.252    24.1416      0.596    6.40845    12.5164    12.5187    18.0838   11.68238 7.5325e+01      0.602 0.0000e+00
        192 177.621803    0.01326     0.7958     47.750  1018.0806  38593.862    24.1337      0.594    6.40899    12.5165    12.5171    18.0779   11.68338 7.5859e+01      0.600 0.0000e+00
        193 177.621806    0.01333     0.8000     48.000  1018.0857  38603.379    24.1402      0.589    6.40881    12.5171    12.5164    18.0831   11.68301 7.6225e+01      0.595 0.0000e+00
        194 177.621808    0.01340     0.8042     48.250  1018.0984  38627.358    24.1567      0.584    6.40813    12.5180    12.5166    18.0958   11.68167 7.6529e+01      0.589 0.0000e+00
        195 177.621811    0.01347     0.8083     48.500  1018.1117  38652.432    24.1740      0.580    6.40735    12.5185    12.5172    18.1090   11.68016 7.6710e+01      0.586 0.0000e+00
        196 177.621814    0.01354     0.8125     48.750  1018.1202  38668.598    24.1852      0.579    6.40678    12.5184    12.5181    18.1175   11.67909 7.6627e+01      0.584 0.0000e+00
        197 177.621817    0.01361     0.8167     49.000  1018.1229  38673.788    24.1888      0.580    6.40657    12.5176    12.5186    18.1202   11.67868 7.6315e+01      0.585 0.0000e+00
        198 177.621820    0.01368     0.8208     49.250  1018.1208  38669.863    24.1861      0.583    6.40669    12.5162    12.5185    18.1182   11.67892 7.6197e+01      0.588 0.0000e+00
        199 177.621823    0.01375     0.8250     49.500  1018.1149  38658.630    24.1783      0.586    6.40711    12.5138    12.5177    18.1123   11.67971 7.6271e+01      0.591 0.0000e+00
        200 177.621826    0.01382     0.8292     49.750  1018.1057  38640.915    24.1660      0.587    6.40781    12.5104    12.5163    18.1030   11.68101 7.6225e+01      0.593 0.0000e+00
        201 177.621829    0.01389     0.8333     50.000  1018.0950  38620.251    24.1516      0.586    6.40871    12.5068    12.5139    18.0923   11.68269 7.6359e+01      0.592 0.0000e+00
        202 177.621832    0.01396     0.8375     50.250  1018.0863  38603.244    24.1396      0.582    6.40965    12.5040    12.5105    18.0837   11.68440 7.6824e+01      0.588 0.0000e+00
        203 177.621834    0.01403     0.8417     50.500  1018.0816  38593.589    24.1327      0.576    6.41041    12.5023    12.5069    18.0790   11.68576 7.7137e+01      0.581 0.0000e+00
        204 177.621837    0.01410     0.8458     50.750  1018.0808  38591.518    24.1311      0.570    6.41087    12.5016    12.5040    18.0782   11.68654 7.7033e+01      0.575 0.0000e+00
        205 177.621840    0.01417     0.8500     51.000  1018.0837  38596.582    24.1345      0.568    6.41097    12.5014    12.5023    18.0811   11.68666 7.6794e+01      0.573 0.0000e+00
        206 177.621843    0.01424     0.8542     51.250  1018.0884  38605.150    24.1404      0.569    6.41083    12.5008    12.5016    18.0858   11.68636 7.6593e+01      0.574 0.0000e+00
        207 177.621846    0.01431     0.8583     51.500  1018.0906  38609.223    24.1432      0.574    6.41073    12.4983    12.5015    18.0880   11.68618 7.6214e+01      0.579 0.0000e+00
        208 177.621849    0.01438     0.8625     51.750  1018.0870  38602.277    24.1383      0.579    6.41101    12.4930    12.5008    18.0843   11.68670 7.5894e+01      0.584 0.0000e+00
        209 177.621852    0.01444     0.8667     52.000  1018.0777  38584.309    24.1258      0.582    6.41186    12.4851    12.4984    18.0750   11.68826 7.6066e+01      0.588 0.0000e+00
        210 177.621855    0.01451     0.8708     52.250  1018.0659  38560.956    24.1093      0.583    6.41324    12.4741    12.4931    18.0632   11.69076 7.6539e+01      0.589 0.0000e+00
        211 177.621858    0.01458     0.8750     52.500  1018.0556  38539.684    24.0941      0.581    6.41494    12.4579    12.4852    18.0529   11.69377 7.6923e+01      0.587 0.0000e+00
        212 177.621861    0.01465     0.8792     52.750  1018.0495  38525.913    24.0839      0.577    6.41685    12.4336    12.4742    18.0469   11.69708 7.6945e+01      0.582 0.0000e+00
        213 177.621863    0.01472     0.8833     53.000  1018.0503  38523.774    24.0813      0.571    6.41918    12.4027    12.4579    18.0477   11.70100 7.6881e+01      0.576 0.0000e+00
        214 177.621866    0.01479     0.8875     53.250  1018.0607  38537.909    24.0893      0.566    6.42219    12.3719    12.4336    18.0581   11.70592 7.6819e+01      0.572 0.0000e+00
        215 177.621869    0.01486     0.8917     53.500  1018.0805  38568.171    24.1080      0.565    6.42567    12.3475    12.4027    18.0779   11.71149 7.6356e+01      0.571 0.0000e+00
        216 177.621872    0.01493     0.8958     53.750  1018.1039  38605.238    24.1314      0.568    6.42895    12.3310    12.3719    18.1013   11.71668 7.5976e+01      0.574 0.0000e+00
        217 177.621875    0.01500     0.9000     54.000  1018.1231  38635.799    24.1507      0.574    6.43152    12.3203    12.3475    18.1205   11.72072 7.5961e+01      0.579 0.0000e+00
        218 177.621878    0.01507     0.9042     54.250  1018.1333  38651.199    24.1602      0.579    6.43341    12.3127    12.3310    18.1306   11.72376 7.5895e+01      0.584 0.0000e+00
        219 177.621881    0.01514     0.9083     54.500  1018.1347  38651.472    24.1596      0.582    6.43490    12.3067    12.3203    18.1320   11.72626 7.5906e+01      0.587 0.0000e+00
        220 177.621884    0.01521     0.9125     54.750  1018.1312  38643.289    24.1535      0.582    6.43619    12.3018    12.3127    18.1286   11.72849 7.6241e+01      0.588 0.0000e+00
        221 177.621887    0.01528     0.9167     55.000  1018.1270  38634.058    24.1467      0.581    6.43729    12.2972    12.3067    18.1243   11.73040 7.6468e+01      0.586 0.0000e+00
        222 177.621889    0.01535     0.9208     55.250  1018.1242  38627.602    24.1419      0.578    6.43816    12.2923    12.3018    18.1215   11.73190 7.6239e+01      0.584 0.0000e+00
        223 177.621892    0.01542     0.9250     55.500  1018.1234  38625.265    24.1400      0.576    6.43886    12.2872    12.2973    18.1208   11.73310 7.5924e+01      0.582 0.0000e+00
        224 177.621895    0.01549     0.9292     55.750  1018.1249  38627.028    24.1408      0.576    6.43950    12.2819    12.2924    18.1223   11.73415 7.5803e+01      0.581 0.0000e+00
        225 177.621898    0.01556     0.9333     56.000  1018.1270  38629.751    24.1423      0.577    6.44015    12.2761    12.2872    18.1243   11.73522 7.5746e+01      0.582 0.0000e+00
        226 177.621901    0.01563     0.9375     56.250  1018.1273  38629.131    24.1415      0.577    6.44091    12.2691    12.2819    18.1246   11.73649 7.5701e+01      0.583 0.0000e+00
        227 177.621904    0.01569     0.9417     56.500  1018.1259  38625.331    24.1385      0.577    6.44183    12.2609    12.2761    18.1233   11.73806 7.5770e+01      0.583 0.0000e+00
        228 177.621907    0.01576     0.9458     56.750  1018.1252  38622.316    24.1359      0.576    6.44289    12.2511    12.2692    18.1225   11.73986 7.5956e+01      0.582 0.0000e+00
        229 177.621910    0.01583     0.9500     57.000  1018.1264  38622.771    24.1356      0.576    6.44403    12.2387    12.2610    18.1237   11.74177 7.6050e+01      0.581 0.0000e+00
        230 177.621913    0.01590     0.9542     57.250  1018.1301  38627.591    24.1383      0.575    6.44528    12.2226    12.2512    18.1274   11.74383 7.5895e+01      0.581 0.0000e+00
        231 177.621916    0.01597     0.9583     57.500  1018.1370  38637.888    24.1445      0.575    6.44674    12.2019    12.2388    18.1343   11.74618 7.5726e+01      0.581 0.0000e+00
        232 177.621918    0.01604     0.9625     57.750  1018.1480  38655.102    24.1552      0.574    6.44854    12.1772    12.2226    18.1453   11.74905 7.5763e+01      0.580 0.0000e+00
        233 177.621921    0.01611     0.9667     58.000  1018.1632  38679.186    24.1703      0.573    6.45078    12.1506    12.2019    18.1606   11.75260 7.5793e+01      0.578 0.0000e+00
        234 177.621924    0.01618     0.9708     58.250  1018.1812  38707.650    24.1881      0.570    6.45347    12.1254    12.1773    18.1786   11.75686 7.5682e+01      0.576 0.0000e+00
        235 177.621927    0.01625     0.9750     58.500  1018.1997  38736.654    24.2061      0.568    6.45642    12.1042    12.1507    18.1971   11.76156 7.5688e+01      0.574 0.0000e+00
        236 177.621930    0.01632     0.9792     58.750  1018.2162  38762.348    24.2220      0.568    6.45926    12.0874    12.1254    18.2136   11.76611 7.5659e+01      0.574 0.0000e+00
        237 177.621933    0.01639     0.9833     59.000  1018.2294  38782.581    24.2344      0.571    6.46169    12.0738    12.1042    18.2268   11.77001 7.5452e+01      0.576 0.0000e+00
        238 177.621936    0.01646     0.9875     59.250  1018.2395  38797.872    24.2437      0.574    6.46364    12.0620    12.0874    18.2369   11.77315 7.5332e+01      0.580 0.0000e+00
        239 177.621939    0.01653     0.9917     59.500  1018.2476  38810.226    24.2512      0.577    6.46523    12.0511    12.0738    18.2450   11.77570 7.5273e+01      0.583 0.0000e+00
        240 177.621942    0.01660     0.9958     59.750  1018.2553  38822.011    24.2584      0.579    6.46656    12.0410    12.0621    18.2526   11.77784 7.5368e+01      0.584 0.0000e+00
        241 177.621944    0.01667     1.0000     60.000  1018.2634  38834.993    24.2666      0.577    6.46774    12.0320    12.0512    18.2608   11.77969 7.5778e+01      0.582 0.0000e+00
        242 177.621947    0.01674     1.0042     60.250  1018.2719  38848.845    24.2754      0.573    6.46878    12.0245    12.0411    18.2693   11.78133 7.6150e+01      0.578 0.0000e+00
        243 177.621950    0.01681     1.0083     60.500  1018.2797  38861.673    24.2835      0.568    6.46971    12.0190    12.0320    18.2771   11.78277 7.6191e+01      0.573 0.0000e+00
        244 177.621953    0.01688     1.0125     60.750  1018.2860  38871.909    24.2900      0.563    6.47048    12.0151    12.0246    18.2834   11.78398 7.6336e+01      0.569 0.0000e+00
        245 177.621956    0.01694     1.0167     61.000  1018.2907  38879.528    24.2949      0.561    6.47105    12.0121    12.0191    18.2881   11.78487 7.6649e+01      0.566 0.0000e+00
        246 177.621959    0.01701     1.0208     61.250  1018.2948  38886.425    24.2994      0.560    6.47140    12.0090    12.0152    18.2922   11.78541 7.6586e+01      0.565 0.0000e+00
        247 177.621962    0.01708     1.0250     61.500  1018.2996  38894.820    24.3049      0.559    6.47160    12.0059    12.0121    18.2971   11.78567 7.6299e+01      0.564 0.0000e+00
        248 177.621965    0.01715     1.0292     61.750  1018.3052  38904.761    24.3115      0.559    6.47175    12.0031    12.0091    18.3027   11.78584 7.6250e+01      0.564 0.0000e+00
        249 177.621968    0.01722     1.0333     62.000  1018.3105  38914.047    24.3177      0.558    6.47194    12.0011    12.0060    18.3080   11.78608 7.6523e+01      0.564 0.0000e+00
        250 177.621970    0.01729     1.0375     62.250  1018.3146  38921.178    24.3224      0.559    6.47214    12.0002    12.0031    18.3121   11.78635 7.6773e+01      0.564 0.0000e+00
        251 177.621973    0.01736     1.0417     62.500  1018.3178  38926.792    24.3261      0.560    6.47226    12.0005    12.0012    18.3153   11.78651 7.6745e+01      0.565 0.0000e+00
        252 177.621976    0.01743     1.0458     62.750  1018.3208  38932.066    24.3297      0.561    6.47224    12.0026    12.0003    18.3182   11.78643 7.6804e+01      0.566 0.0000e+00
        253 177.621979    0.01750     1.0500     63.000  1018.3234  38937.109    24.3331      0.560    6.47206    12.0074    12.0005    18.3209   11.78609 7.7026e+01      0.565 0.0000e+00
        254 177.621982    0.01757     1.0542     63.250  1018.3246  38939.895    24.3352      0.558    6.47169    12.0148    12.0026    18.3221   11.78544 7.7186e+01      0.563 0.0000e+00
        255 177.621985    0.01764     1.0583     63.500  1018.3229  38937.630    24.3340      0.555    6.47107    12.0233    12.0074    18.3204   11.78442 7.7354e+01      0.560 0.0000e+00
