CTD-processing/allCTD/CNV--homogene/2012-08-15-cookinlet-tran4-cast125-s03.cnv
* Sea-Bird SBE19plus Data File:
* FileName = C:\Documents and Settings\kris.holderied.local\My Documents\2012-08-15-CTD-KBay-Transect4\2012-08-15-CookInlet-Tran4-cast125.hex
* Software Version 1.54
* Temperature SN =  4141
* Conductivity SN =  4141
* System UpLoad Time = Aug 23 2012 23:12:44
** Cook Inlet LTM Transect 4 Barabara Pt to Bluff Pt
** Date:  2012-08-15
** Station:  4-03
** Start time (AKDT-24 hr): 1451
** Depth (m): 112
** Comment:
# nquan = 17
# nvalues = 714                         
# units = specified
# name 0 = scan: Scan Count
# name 1 = timeJ: Julian Days
# name 2 = timeH: Time, Elapsed [hours]
# name 3 = timeM: Time, Elapsed [minutes]
# name 4 = timeS: Time, Elapsed [seconds]
# name 5 = density00: Density [density, kg/m^3]
# name 6 = specc: Specific Conductance [uS/cm]
# name 7 = sal00: Salinity, Practical [PSU]
# name 8 = depSM: Depth [salt water, m], lat = 59.00
# name 9 = oxsolML/L: Oxygen Saturation, Garcia & Gordon [ml/l]
# name 10 = potemp090C: Potential Temperature [ITS-90, deg C]
# name 11 = tv290C: Temperature [ITS-90, deg C]
# name 12 = sigma-é00: Density [sigma-theta, kg/m^3]
# name 13 = n2satML/L: Nitrogen Saturation [ml/l]
# name 14 = par: PAR/Irradiance, Biospherical/Licor
# name 15 = prdM: Pressure, Strain Gauge [db]
# name 16 = flag:  0.000e+00
# span 0 =          1,        714       
# span 1 = 228.620509, 228.622572       
# span 2 =    0.00000,    0.04951       
# span 3 =     0.0000,     2.9708       
# span 4 =      0.000,    178.250       
# span 5 =   999.7362,  1024.8274       
# span 6 =    319.074,  49614.901       
# span 7 =     0.1505,    31.3050       
# span 8 =      0.016,    108.575       
# span 9 =    6.36540,    7.72814       
# span 10 =     8.3160,    11.0879      
# span 11 =     8.3267,    11.0879      
# span 12 =    -0.2639,    24.3277      
# span 13 =   11.53337,   14.21706      
# span 14 = 5.0865e-02, 4.0950e+02      
# span 15 =      0.017,    109.629      
# span 16 = 0.0000e+00, 0.0000e+00      
# interval = seconds: 0.25
# start_time = Aug 15 2012 14:53:32 [Instrument's time stamp, header]
# bad_flag = -9.990e-29
*END*
[from data line 86]
         87 228.620758    0.00597     0.3583     21.500  1023.6704  48568.262    30.9260      1.474    6.38979    10.6584    10.6571    23.6637   11.57037 2.6577e+02      1.488 0.0000e+00
         88 228.620761    0.00604     0.3625     21.750  1023.6698  48567.307    30.9254      1.472    6.38971    10.6591    10.6578    23.6631   11.57025 2.6239e+02      1.486 0.0000e+00
         89 228.620764    0.00611     0.3667     22.000  1023.6694  48566.700    30.9251      1.468    6.38962    10.6600    10.6585    23.6627   11.57011 2.5957e+02      1.482 0.0000e+00
         90 228.620767    0.00618     0.3708     22.250  1023.6692  48566.390    30.9250      1.461    6.38952    10.6609    10.6593    23.6625   11.56994 2.5891e+02      1.475 0.0000e+00
         91 228.620770    0.00625     0.3750     22.500  1023.6690  48566.219    30.9249      1.454    6.38941    10.6616    10.6601    23.6623   11.56975 2.5953e+02      1.468 0.0000e+00
         92 228.620773    0.00632     0.3792     22.750  1023.6689  48566.276    30.9251      1.446    6.38928    10.6621    10.6610    23.6623   11.56955 2.5949e+02      1.460 0.0000e+00
         93 228.620775    0.00639     0.3833     23.000  1023.6691  48566.834    30.9255      1.438    6.38916    10.6625    10.6617    23.6625   11.56934 2.5825e+02      1.452 0.0000e+00
         94 228.620778    0.00646     0.3875     23.250  1023.6700  48568.552    30.9268      1.432    6.38904    10.6627    10.6623    23.6634   11.56911 2.5738e+02      1.446 0.0000e+00
         95 228.620781    0.00653     0.3917     23.500  1023.6722  48572.705    30.9298      1.426    6.38887    10.6630    10.6627    23.6657   11.56879 2.5905e+02      1.439 0.0000e+00
         96 228.620784    0.00660     0.3958     23.750  1023.6767  48580.893    30.9356      1.414    6.38859    10.6636    10.6629    23.6702   11.56827 2.6427e+02      1.428 0.0000e+00
         97 228.620787    0.00667     0.4000     24.000  1023.6823  48591.355    30.9431      1.389    6.38825    10.6646    10.6632    23.6759   11.56762 2.7204e+02      1.402 0.0000e+00
         98 228.620790    0.00674     0.4042     24.250  1023.6852  48597.008    30.9472      1.346    6.38801    10.6659    10.6638    23.6790   11.56717 2.8053e+02      1.359 0.0000e+00
         99 228.620793    0.00681     0.4083     24.500  1023.6826  48592.957    30.9444      1.291    6.38798    10.6671    10.6648    23.6767   11.56715 2.8861e+02      1.303 0.0000e+00
        100 228.620796    0.00688     0.4125     24.750  1023.6768  48582.921    30.9375      1.237    6.38809    10.6683    10.6660    23.6711   11.56742 2.9612e+02      1.249 0.0000e+00
        101 228.620799    0.00694     0.4167     25.000  1023.6717  48574.232    30.9315      1.192    6.38817    10.6697    10.6672    23.6663   11.56762 3.0309e+02      1.203 0.0000e+00
        102 228.620802    0.00701     0.4208     25.250  1023.6688  48569.363    30.9282      1.158    6.38813    10.6714    10.6684    23.6635   11.56760 3.0862e+02      1.169 0.0000e+00
        103 228.620804    0.00708     0.4250     25.500  1023.6671  48566.625    30.9265      1.135    6.38801    10.6733    10.6698    23.6619   11.56742 3.1186e+02      1.146 0.0000e+00
        104 228.620807    0.00715     0.4292     25.750  1023.6662  48565.351    30.9258      1.121    6.38781    10.6754    10.6715    23.6611   11.56709 3.1390e+02      1.131 0.0000e+00
        105 228.620810    0.00722     0.4333     26.000  1023.6666  48566.447    30.9268      1.110    6.38751    10.6777    10.6734    23.6615   11.56658 3.1691e+02      1.121 0.0000e+00
        106 228.620813    0.00729     0.4375     26.250  1023.6684  48570.166    30.9297      1.096    6.38709    10.6802    10.6755    23.6634   11.56586 3.2117e+02      1.107 0.0000e+00
        107 228.620816    0.00736     0.4417     26.500  1023.6694  48572.443    30.9316      1.075    6.38669    10.6826    10.6779    23.6645   11.56517 3.2447e+02      1.086 0.0000e+00
        108 228.620819    0.00743     0.4458     26.750  1023.6676  48569.744    30.9299      1.051    6.38641    10.6847    10.6803    23.6628   11.56473 3.2581e+02      1.061 0.0000e+00
        109 228.620822    0.00750     0.4500     27.000  1023.6650  48565.468    30.9272      1.027    6.38620    10.6865    10.6827    23.6603   11.56441 3.2681e+02      1.037 0.0000e+00
        110 228.620825    0.00757     0.4542     27.250  1023.6628  48562.026    30.9250      1.007    6.38599    10.6880    10.6848    23.6582   11.56410 3.2765e+02      1.017 0.0000e+00
        111 228.620828    0.00764     0.4583     27.500  1023.6602  48557.668    30.9221      0.992    6.38587    10.6894    10.6866    23.6556   11.56392 3.2709e+02      1.001 0.0000e+00
        112 228.620830    0.00771     0.4625     27.750  1023.6569  48552.007    30.9183      0.985    6.38581    10.6907    10.6881    23.6524   11.56387 3.2515e+02      0.994 0.0000e+00
        113 228.620833    0.00778     0.4667     28.000  1023.6539  48546.656    30.9147      0.985    6.38577    10.6922    10.6895    23.6494   11.56385 3.2251e+02      0.994 0.0000e+00
        114 228.620836    0.00785     0.4708     28.250  1023.6521  48543.471    30.9126      0.992    6.38567    10.6937    10.6908    23.6475   11.56370 3.1992e+02      1.001 0.0000e+00
        115 228.620839    0.00792     0.4750     28.500  1023.6520  48543.477    30.9128      1.001    6.38547    10.6952    10.6923    23.6474   11.56336 3.1856e+02      1.010 0.0000e+00
        116 228.620842    0.00799     0.4792     28.750  1023.6538  48546.958    30.9154      1.006    6.38515    10.6966    10.6938    23.6492   11.56281 3.1868e+02      1.016 0.0000e+00
        117 228.620845    0.00806     0.4833     29.000  1023.6570  48553.037    30.9199      1.005    6.38476    10.6978    10.6953    23.6524   11.56211 3.1871e+02      1.015 0.0000e+00
        118 228.620848    0.00813     0.4875     29.250  1023.6599  48558.498    30.9239      0.996    6.38441    10.6989    10.6967    23.6553   11.56147 3.1850e+02      1.005 0.0000e+00
        119 228.620851    0.00819     0.4917     29.500  1023.6600  48559.046    30.9245      0.980    6.38421    10.7002    10.6979    23.6555   11.56115 3.1850e+02      0.989 0.0000e+00
        120 228.620854    0.00826     0.4958     29.750  1023.6567  48553.433    30.9206      0.965    6.38421    10.7017    10.6991    23.6524   11.56118 3.1846e+02      0.974 0.0000e+00
        121 228.620856    0.00833     0.5000     30.000  1023.6520  48545.139    30.9149      0.954    6.38427    10.7036    10.7003    23.6477   11.56135 3.1933e+02      0.963 0.0000e+00
        122 228.620859    0.00840     0.5042     30.250  1023.6484  48538.690    30.9105      0.953    6.38424    10.7059    10.7018    23.6441   11.56136 3.2023e+02      0.962 0.0000e+00
        123 228.620862    0.00847     0.5083     30.500  1023.6470  48536.381    30.9091      0.960    6.38404    10.7085    10.7037    23.6426   11.56104 3.1912e+02      0.970 0.0000e+00
        124 228.620865    0.00854     0.5125     30.750  1023.6482  48538.958    30.9111      0.972    6.38363    10.7115    10.7060    23.6439   11.56034 3.1784e+02      0.982 0.0000e+00
        125 228.620868    0.00861     0.5167     31.000  1023.6522  48546.391    30.9167      0.984    6.38304    10.7150    10.7086    23.6477   11.55930 3.1855e+02      0.994 0.0000e+00
        126 228.620871    0.00868     0.5208     31.250  1023.6573  48555.978    30.9238      0.990    6.38234    10.7193    10.7116    23.6528   11.55805 3.2000e+02      1.000 0.0000e+00
        127 228.620874    0.00875     0.5250     31.500  1023.6607  48562.687    30.9290      0.988    6.38165    10.7240    10.7151    23.6562   11.55684 3.2115e+02      0.998 0.0000e+00
        128 228.620877    0.00882     0.5292     31.750  1023.6606  48563.312    30.9299      0.979    6.38103    10.7285    10.7194    23.6562   11.55580 3.2273e+02      0.989 0.0000e+00
        129 228.620880    0.00889     0.5333     32.000  1023.6572  48557.777    30.9266      0.967    6.38051    10.7318    10.7241    23.6527   11.55498 3.2509e+02      0.977 0.0000e+00
        130 228.620883    0.00896     0.5375     32.250  1023.6516  48548.379    30.9204      0.957    6.38013    10.7336    10.7286    23.6472   11.55443 3.2695e+02      0.966 0.0000e+00
        131 228.620885    0.00903     0.5417     32.500  1023.6464  48539.449    30.9145      0.953    6.37992    10.7343    10.7319    23.6420   11.55414 3.2639e+02      0.962 0.0000e+00
        132 228.620888    0.00910     0.5458     32.750  1023.6439  48535.172    30.9117      0.956    6.37978    10.7345    10.7337    23.6395   11.55396 3.2408e+02      0.965 0.0000e+00
        133 228.620891    0.00917     0.5500     33.000  1023.6450  48537.252    30.9132      0.965    6.37963    10.7351    10.7344    23.6406   11.55369 3.2308e+02      0.974 0.0000e+00
        134 228.620894    0.00924     0.5542     33.250  1023.6490  48544.449    30.9183      0.977    6.37939    10.7369    10.7346    23.6445   11.55323 3.2305e+02      0.986 0.0000e+00
        135 228.620897    0.00931     0.5583     33.500  1023.6536  48552.918    30.9244      0.986    6.37906    10.7401    10.7352    23.6491   11.55261 3.2141e+02      0.996 0.0000e+00
        136 228.620900    0.00937     0.5625     33.750  1023.6566  48558.492    30.9285      0.991    6.37865    10.7445    10.7370    23.6521   11.55189 3.1984e+02      1.000 0.0000e+00
        137 228.620903    0.00944     0.5667     34.000  1023.6568  48559.290    30.9294      0.989    6.37817    10.7491    10.7402    23.6523   11.55108 3.1984e+02      0.998 0.0000e+00
        138 228.620906    0.00951     0.5708     34.250  1023.6543  48555.468    30.9273      0.982    6.37765    10.7527    10.7446    23.6498   11.55024 3.1956e+02      0.991 0.0000e+00
        139 228.620909    0.00958     0.5750     34.500  1023.6501  48548.514    30.9229      0.973    6.37720    10.7546    10.7492    23.6456   11.54954 3.1902e+02      0.982 0.0000e+00
        140 228.620911    0.00965     0.5792     34.750  1023.6456  48541.051    30.9180      0.966    6.37691    10.7551    10.7528    23.6412   11.54912 3.1866e+02      0.975 0.0000e+00
        141 228.620914    0.00972     0.5833     35.000  1023.6428  48536.137    30.9148      0.964    6.37678    10.7548    10.7547    23.6383   11.54894 3.1821e+02      0.973 0.0000e+00
        142 228.620917    0.00979     0.5875     35.250  1023.6427  48536.037    30.9147      0.968    6.37671    10.7543    10.7552    23.6382   11.54882 3.1803e+02      0.977 0.0000e+00
        143 228.620920    0.00986     0.5917     35.500  1023.6454  48540.897    30.9181      0.974    6.37660    10.7540    10.7549    23.6409   11.54861 3.1771e+02      0.983 0.0000e+00
        144 228.620923    0.00993     0.5958     35.750  1023.6496  48548.460    30.9234      0.982    6.37645    10.7541    10.7544    23.6451   11.54830 3.1749e+02      0.991 0.0000e+00
        145 228.620926    0.01000     0.6000     36.000  1023.6536  48555.606    30.9285      0.987    6.37630    10.7550    10.7541    23.6491   11.54799 3.1782e+02      0.996 0.0000e+00
        146 228.620929    0.01007     0.6042     36.250  1023.6563  48560.440    30.9319      0.989    6.37615    10.7567    10.7542    23.6518   11.54770 3.1859e+02      0.999 0.0000e+00
        147 228.620932    0.01014     0.6083     36.500  1023.6572  48562.270    30.9333      0.988    6.37597    10.7584    10.7551    23.6527   11.54737 3.2031e+02      0.998 0.0000e+00
        148 228.620935    0.01021     0.6125     36.750  1023.6563  48560.857    30.9325      0.984    6.37577    10.7597    10.7568    23.6518   11.54706 3.2225e+02      0.994 0.0000e+00
        149 228.620938    0.01028     0.6167     37.000  1023.6537  48556.379    30.9295      0.979    6.37566    10.7603    10.7585    23.6492   11.54690 3.2233e+02      0.989 0.0000e+00
        150 228.620940    0.01035     0.6208     37.250  1023.6495  48549.108    30.9245      0.974    6.37568    10.7600    10.7598    23.6451   11.54701 3.2102e+02      0.984 0.0000e+00
        151 228.620943    0.01042     0.6250     37.500  1023.6446  48540.223    30.9183      0.973    6.37584    10.7583    10.7604    23.6402   11.54735 3.2075e+02      0.983 0.0000e+00
        152 228.620946    0.01049     0.6292     37.750  1023.6407  48533.067    30.9132      0.978    6.37609    10.7552    10.7601    23.6362   11.54781 3.2214e+02      0.988 0.0000e+00
        153 228.620949    0.01056     0.6333     38.000  1023.6401  48531.576    30.9120      0.987    6.37638    10.7517    10.7584    23.6355   11.54830 3.2349e+02      0.996 0.0000e+00
        154 228.620952    0.01063     0.6375     38.250  1023.6435  48537.230    30.9156      0.995    6.37665    10.7485    10.7554    23.6389   11.54871 3.2253e+02      1.005 0.0000e+00
        155 228.620955    0.01069     0.6417     38.500  1023.6498  48548.155    30.9229      1.000    6.37683    10.7459    10.7519    23.6452   11.54893 3.2006e+02      1.010 0.0000e+00
        156 228.620958    0.01076     0.6458     38.750  1023.6568  48560.473    30.9313      1.000    6.37694    10.7443    10.7486    23.6522   11.54901 3.1854e+02      1.010 0.0000e+00
        157 228.620961    0.01083     0.6500     39.000  1023.6627  48570.789    30.9383      0.998    6.37701    10.7438    10.7460    23.6581   11.54904 3.1818e+02      1.007 0.0000e+00
        158 228.620964    0.01090     0.6542     39.250  1023.6666  48577.728    30.9430      0.995    6.37704    10.7443    10.7444    23.6621   11.54904 3.1810e+02      1.004 0.0000e+00
        159 228.620966    0.01097     0.6583     39.500  1023.6687  48581.449    30.9456      0.993    6.37700    10.7450    10.7439    23.6642   11.54894 3.1792e+02      1.002 0.0000e+00
        160 228.620969    0.01104     0.6625     39.750  1023.6696  48583.181    30.9468      0.992    6.37690    10.7458    10.7444    23.6651   11.54875 3.1729e+02      1.002 0.0000e+00
        161 228.620972    0.01111     0.6667     40.000  1023.6703  48584.620    30.9479      0.992    6.37675    10.7468    10.7451    23.6658   11.54849 3.1690e+02      1.002 0.0000e+00
        162 228.620975    0.01118     0.6708     40.250  1023.6714  48586.595    30.9494      0.992    6.37657    10.7479    10.7459    23.6668   11.54818 3.1790e+02      1.002 0.0000e+00
        163 228.620978    0.01125     0.6750     40.500  1023.6725  48588.746    30.9510      0.992    6.37638    10.7490    10.7469    23.6679   11.54784 3.1867e+02      1.001 0.0000e+00
        164 228.620981    0.01132     0.6792     40.750  1023.6732  48590.302    30.9523      0.992    6.37617    10.7500    10.7480    23.6687   11.54749 3.1805e+02      1.002 0.0000e+00
        165 228.620984    0.01139     0.6833     41.000  1023.6735  48590.857    30.9528      0.994    6.37599    10.7506    10.7491    23.6689   11.54719 3.1772e+02      1.003 0.0000e+00
        166 228.620987    0.01146     0.6875     41.250  1023.6732  48590.524    30.9527      0.996    6.37586    10.7509    10.7501    23.6686   11.54698 3.1809e+02      1.006 0.0000e+00
        167 228.620990    0.01153     0.6917     41.500  1023.6728  48589.877    30.9523      0.999    6.37580    10.7509    10.7507    23.6682   11.54687 3.1836e+02      1.009 0.0000e+00
        168 228.620992    0.01160     0.6958     41.750  1023.6729  48590.120    30.9525      1.002    6.37575    10.7510    10.7510    23.6684   11.54680 3.1895e+02      1.012 0.0000e+00
        169 228.620995    0.01167     0.7000     42.000  1023.6741  48592.334    30.9540      1.004    6.37569    10.7514    10.7510    23.6696   11.54667 3.1977e+02      1.013 0.0000e+00
        170 228.620998    0.01174     0.7042     42.250  1023.6762  48596.027    30.9567      1.003    6.37557    10.7524    10.7511    23.6716   11.54644 3.1973e+02      1.012 0.0000e+00
