CTD-processing/allCTD/CNV--homogene/2012-10-29-cookinlet-tran3-cast060-s15.cnv
* Sea-Bird SBE19plus Data File:
* FileName = C:\Documents and Settings\kris.holderied.local\My Documents\2012-CTD-DATA-new-files\2012-10-CookInlet-LTM\2012-10-29-LTM-CookInlet-Tran3-AnchorPt\2012-10-29-CookInlet-Tran3-cast060.hex
* Software Version 1.54
* Temperature SN =  4141
* Conductivity SN =  4141
* System UpLoad Time = Nov 20 2012 18:27:28
** Cook Inlet EVOSTC Transect 3 Anchor Pt west to east
** Date:  29 Oct 2012
** Station:  3-15
** Start time (AKDT-24 hr):  1315
** Depth (m):  23
** Comment:
# nquan = 17
# nvalues = 464                         
# units = specified
# name 0 = scan: Scan Count
# name 1 = timeJ: Julian Days
# name 2 = timeH: Time, Elapsed [hours]
# name 3 = timeM: Time, Elapsed [minutes]
# name 4 = timeS: Time, Elapsed [seconds]
# name 5 = density00: Density [density, kg/m^3]
# name 6 = specc: Specific Conductance [uS/cm]
# name 7 = sal00: Salinity, Practical [PSU]
# name 8 = depSM: Depth [salt water, m], lat = 59.00
# name 9 = oxsolML/L: Oxygen Saturation, Garcia & Gordon [ml/l]
# name 10 = potemp090C: Potential Temperature [ITS-90, deg C]
# name 11 = tv290C: Temperature [ITS-90, deg C]
# name 12 = sigma-é00: Density [sigma-theta, kg/m^3]
# name 13 = n2satML/L: Nitrogen Saturation [ml/l]
# name 14 = par: PAR/Irradiance, Biospherical/Licor
# name 15 = prdM: Pressure, Strain Gauge [db]
# name 16 = flag:  0.000e+00
# span 0 =          1,        464       
# span 1 = 303.552292, 303.553631       
# span 2 =    0.00000,    0.03215       
# span 3 =     0.0000,     1.9292       
# span 4 =      0.000,    115.750       
# span 5 =  1000.3639,  1024.0341       
# span 6 =   1019.374,  48965.840       
# span 7 =     0.4836,    30.6196       
# span 8 =     -0.106,     18.036       
# span 9 =    6.96662,    9.22108       
# span 10 =     3.6724,     6.8977      
# span 11 =     3.6724,     6.8979      
# span 12 =     0.3645,    24.0191      
# span 13 =   12.52964,   16.72538      
# span 14 = 3.3292e+00, 3.3180e+02      
# span 15 =     -0.107,     18.207      
# span 16 = 0.0000e+00, 0.0000e+00      
# interval = seconds: 0.25
# start_time = Oct 29 2012 13:15:18 [Instrument's time stamp, header]
# bad_flag = -9.990e-29
*END*
          1 303.552292    0.00000     0.0000      0.000  1000.8499   2211.166     1.0879     -0.098    9.17711     3.7016     3.7013     0.8504   16.64154 1.3311e+02     -0.099 0.0000e+00
          2 303.552295    0.00007     0.0042      0.250  1000.9109   2358.010     1.1640     -0.098    9.17238     3.7018     3.7014     0.9114   16.63233 1.3167e+02     -0.099 0.0000e+00
          3 303.552297    0.00014     0.0083      0.500  1000.9782   2519.434     1.2477     -0.098    9.16716     3.7019     3.7016     0.9787   16.62218 1.2985e+02     -0.099 0.0000e+00
          4 303.552300    0.00021     0.0125      0.750  1001.0360   2658.032     1.3198     -0.099    9.16266     3.7021     3.7018     1.0365   16.61343 1.2633e+02     -0.100 0.0000e+00
          5 303.552303    0.00028     0.0167      1.000  1001.0781   2758.645     1.3722     -0.099    9.15938     3.7022     3.7019     1.0786   16.60706 1.2162e+02     -0.100 0.0000e+00
          6 303.552306    0.00035     0.0208      1.250  1001.1025   2817.005     1.4026     -0.100    9.15747     3.7023     3.7021     1.1030   16.60334 1.1789e+02     -0.101 0.0000e+00
          7 303.552309    0.00042     0.0250      1.500  1001.1113   2838.108     1.4136     -0.101    9.15675     3.7023     3.7022     1.1118   16.60196 1.1526e+02     -0.102 0.0000e+00
          8 303.552312    0.00049     0.0292      1.750  1001.1152   2847.315     1.4185     -0.101    9.15643     3.7022     3.7023     1.1157   16.60134 1.1284e+02     -0.102 0.0000e+00
          9 303.552315    0.00056     0.0333      2.000  1001.1307   2884.156     1.4379     -0.102    9.15523     3.7020     3.7023     1.1313   16.59901 1.1090e+02     -0.103 0.0000e+00
         10 303.552318    0.00063     0.0375      2.250  1001.1675   2971.264     1.4837     -0.102    9.15243     3.7018     3.7022     1.1680   16.59354 1.1001e+02     -0.103 0.0000e+00
         11 303.552321    0.00069     0.0417      2.500  1001.2139   3081.135     1.5416     -0.102    9.14890     3.7015     3.7020     1.2144   16.58667 1.0953e+02     -0.103 0.0000e+00
         12 303.552323    0.00076     0.0458      2.750  1001.2429   3149.869     1.5778     -0.102    9.14673     3.7012     3.7018     1.2435   16.58242 1.0803e+02     -0.103 0.0000e+00
         13 303.552326    0.00083     0.0500      3.000  1001.2375   3136.978     1.5710     -0.101    9.14721     3.7008     3.7015     1.2380   16.58335 1.0530e+02     -0.102 0.0000e+00
         14 303.552329    0.00090     0.0542      3.250  1001.2046   3059.233     1.5300     -0.101    9.14982     3.7002     3.7012     1.2051   16.58841 1.0269e+02     -0.102 0.0000e+00
         15 303.552332    0.00097     0.0583      3.500  1001.1720   2981.970     1.4893     -0.101    9.15244     3.6993     3.7008     1.1725   16.59347 1.0117e+02     -0.102 0.0000e+00
         16 303.552335    0.00104     0.0625      3.750  1001.1614   2957.069     1.4761     -0.100    9.15339     3.6980     3.7002     1.1619   16.59529 1.0114e+02     -0.101 0.0000e+00
         17 303.552338    0.00111     0.0667      4.000  1001.1655   2966.825     1.4811     -0.100    9.15329     3.6964     3.6993     1.1659   16.59504 1.0271e+02     -0.101 0.0000e+00
         18 303.552341    0.00118     0.0708      4.250  1001.1666   2969.446     1.4825     -0.101    9.15352     3.6945     3.6980     1.1671   16.59539 1.0558e+02     -0.102 0.0000e+00
         19 303.552344    0.00125     0.0750      4.500  1001.1530   2937.110     1.4656     -0.101    9.15496     3.6926     3.6964     1.1535   16.59809 1.0976e+02     -0.102 0.0000e+00
         20 303.552347    0.00132     0.0792      4.750  1001.1184   2854.770     1.4225     -0.101    9.15807     3.6906     3.6945     1.1189   16.60403 1.1549e+02     -0.102 0.0000e+00
         21 303.552350    0.00139     0.0833      5.000  1001.0673   2732.980     1.3588     -0.101    9.16248     3.6888     3.6926     1.0678   16.61247 1.2288e+02     -0.102 0.0000e+00
         22 303.552352    0.00146     0.0875      5.250  1001.0103   2596.703     1.2877     -0.101    9.16734     3.6872     3.6906     1.0108   16.62180 1.3144e+02     -0.102 0.0000e+00
         23 303.552355    0.00153     0.0917      5.500  1000.9551   2464.570     1.2190     -0.101    9.17203     3.6857     3.6888     0.9556   16.63081 1.3913e+02     -0.102 0.0000e+00
         24 303.552358    0.00160     0.0958      5.750  1000.9037   2341.349     1.1550     -0.101    9.17638     3.6843     3.6872     0.9042   16.63918 1.4423e+02     -0.102 0.0000e+00
         25 303.552361    0.00167     0.1000      6.000  1000.8546   2223.091     1.0938     -0.101    9.18054     3.6831     3.6857     0.8551   16.64717 1.4740e+02     -0.102 0.0000e+00
         26 303.552364    0.00174     0.1042      6.250  1000.8070   2108.105     1.0345     -0.101    9.18454     3.6820     3.6843     0.8075   16.65487 1.4993e+02     -0.102 0.0000e+00
         27 303.552367    0.00181     0.1083      6.500  1000.7618   1998.855     0.9783     -0.101    9.18832     3.6810     3.6831     0.7623   16.66214 1.5195e+02     -0.102 0.0000e+00
         28 303.552370    0.00187     0.1125      6.750  1000.7204   1898.460     0.9268     -0.101    9.19177     3.6801     3.6820     0.7209   16.66880 1.5329e+02     -0.102 0.0000e+00
         29 303.552373    0.00194     0.1167      7.000  1000.6837   1809.018     0.8811     -0.102    9.19485     3.6793     3.6810     0.6842   16.67472 1.5451e+02     -0.103 0.0000e+00
         30 303.552376    0.00201     0.1208      7.250  1000.6518   1731.345     0.8414     -0.102    9.19752     3.6785     3.6801     0.6523   16.67987 1.5608e+02     -0.103 0.0000e+00
         31 303.552378    0.00208     0.1250      7.500  1000.6247   1665.217     0.8077     -0.102    9.19981     3.6778     3.6793     0.6253   16.68427 1.5789e+02     -0.103 0.0000e+00
         32 303.552381    0.00215     0.1292      7.750  1000.6019   1609.237     0.7793     -0.101    9.20176     3.6771     3.6785     0.6024   16.68802 1.5981e+02     -0.102 0.0000e+00
         33 303.552384    0.00222     0.1333      8.000  1000.5820   1560.446     0.7545     -0.101    9.20347     3.6765     3.6778     0.5825   16.69131 1.6183e+02     -0.102 0.0000e+00
         34 303.552387    0.00229     0.1375      8.250  1000.5639   1516.068     0.7320     -0.100    9.20504     3.6759     3.6771     0.5644   16.69431 1.6419e+02     -0.101 0.0000e+00
         35 303.552390    0.00236     0.1417      8.500  1000.5473   1475.100     0.7113     -0.100    9.20648     3.6754     3.6765     0.5478   16.69707 1.6694e+02     -0.101 0.0000e+00
         36 303.552393    0.00243     0.1458      8.750  1000.5321   1437.621     0.6924     -0.100    9.20779     3.6750     3.6759     0.5326   16.69959 1.6999e+02     -0.101 0.0000e+00
         37 303.552396    0.00250     0.1500      9.000  1000.5186   1404.460     0.6757     -0.100    9.20895     3.6746     3.6754     0.5191   16.70181 1.7310e+02     -0.101 0.0000e+00
         38 303.552399    0.00257     0.1542      9.250  1000.5076   1377.182     0.6620     -0.100    9.20990     3.6743     3.6750     0.5080   16.70364 1.7611e+02     -0.101 0.0000e+00
         39 303.552402    0.00264     0.1583      9.500  1000.4992   1356.405     0.6516     -0.100    9.21064     3.6741     3.6746     0.4996   16.70504 1.7934e+02     -0.101 0.0000e+00
         40 303.552405    0.00271     0.1625      9.750  1000.4932   1341.677     0.6442     -0.101    9.21116     3.6740     3.6743     0.4937   16.70605 1.8273e+02     -0.102 0.0000e+00
         41 303.552407    0.00278     0.1667     10.000  1000.4895   1332.477     0.6395     -0.101    9.21150     3.6738     3.6741     0.4900   16.70669 1.8555e+02     -0.102 0.0000e+00
         42 303.552410    0.00285     0.1708     10.250  1000.4871   1326.497     0.6365     -0.101    9.21173     3.6737     3.6740     0.4876   16.70713 1.8767e+02     -0.102 0.0000e+00
         43 303.552413    0.00292     0.1750     10.500  1000.4841   1319.274     0.6329     -0.101    9.21199     3.6736     3.6738     0.4847   16.70762 1.8970e+02     -0.102 0.0000e+00
         44 303.552416    0.00299     0.1792     10.750  1000.4790   1306.442     0.6265     -0.100    9.21242     3.6735     3.6737     0.4795   16.70845 1.9201e+02     -0.101 0.0000e+00
         45 303.552419    0.00306     0.1833     11.000  1000.4710   1286.547     0.6166     -0.099    9.21306     3.6735     3.6736     0.4715   16.70970 1.9458e+02     -0.100 0.0000e+00
         46 303.552422    0.00313     0.1875     11.250  1000.4606   1260.785     0.6037     -0.098    9.21388     3.6735     3.6735     0.4611   16.71129 1.9739e+02     -0.099 0.0000e+00
         47 303.552425    0.00319     0.1917     11.500  1000.4486   1230.744     0.5887     -0.097    9.21482     3.6735     3.6735     0.4491   16.71313 1.9995e+02     -0.098 0.0000e+00
         48 303.552428    0.00326     0.1958     11.750  1000.4361   1199.620     0.5732     -0.096    9.21579     3.6735     3.6735     0.4366   16.71501 2.0181e+02     -0.097 0.0000e+00
         49 303.552431    0.00333     0.2000     12.000  1000.4246   1171.055     0.5589     -0.096    9.21667     3.6735     3.6735     0.4251   16.71672 2.0330e+02     -0.096 0.0000e+00
         50 303.552433    0.00340     0.2042     12.250  1000.4144   1145.491     0.5462     -0.095    9.21745     3.6736     3.6735     0.4149   16.71825 2.0449e+02     -0.096 0.0000e+00
         51 303.552436    0.00347     0.2083     12.500  1000.4048   1121.706     0.5344     -0.095    9.21818     3.6736     3.6735     0.4053   16.71967 2.0482e+02     -0.096 0.0000e+00
         52 303.552439    0.00354     0.2125     12.750  1000.3962   1100.139     0.5237     -0.095    9.21884     3.6737     3.6736     0.3967   16.72095 2.0419e+02     -0.096 0.0000e+00
         53 303.552442    0.00361     0.2167     13.000  1000.3890   1081.977     0.5146     -0.095    9.21939     3.6738     3.6736     0.3894   16.72203 2.0325e+02     -0.096 0.0000e+00
         54 303.552445    0.00368     0.2208     13.250  1000.3831   1067.239     0.5073     -0.096    9.21983     3.6738     3.6737     0.3835   16.72289 2.0237e+02     -0.097 0.0000e+00
         55 303.552448    0.00375     0.2250     13.500  1000.3784   1055.661     0.5016     -0.096    9.22017     3.6739     3.6738     0.3789   16.72355 2.0115e+02     -0.097 0.0000e+00
         56 303.552451    0.00382     0.2292     13.750  1000.3753   1047.739     0.4977     -0.097    9.22039     3.6740     3.6738     0.3757   16.72400 1.9900e+02     -0.098 0.0000e+00
         57 303.552454    0.00389     0.2333     14.000  1000.3736   1043.654     0.4956     -0.098    9.22050     3.6741     3.6739     0.3741   16.72421 1.9579e+02     -0.099 0.0000e+00
         58 303.552457    0.00396     0.2375     14.250  1000.3729   1041.815     0.4947     -0.100    9.22054     3.6741     3.6740     0.3734   16.72429 1.9183e+02     -0.101 0.0000e+00
         59 303.552459    0.00403     0.2417     14.500  1000.3721   1039.861     0.4937     -0.101    9.22058     3.6742     3.6741     0.3726   16.72437 1.8875e+02     -0.102 0.0000e+00
         60 303.552462    0.00410     0.2458     14.750  1000.3707   1036.268     0.4920     -0.102    9.22067     3.6744     3.6741     0.3712   16.72455 1.8835e+02     -0.103 0.0000e+00
         61 303.552465    0.00417     0.2500     15.000  1000.3686   1031.054     0.4894     -0.103    9.22080     3.6745     3.6742     0.3691   16.72482 1.9077e+02     -0.104 0.0000e+00
         62 303.552468    0.00424     0.2542     15.250  1000.3665   1025.732     0.4867     -0.103    9.22094     3.6746     3.6744     0.3670   16.72509 1.9758e+02     -0.104 0.0000e+00
         63 303.552471    0.00431     0.2583     15.500  1000.3648   1021.538     0.4847     -0.104    9.22104     3.6747     3.6745     0.3653   16.72530 2.0452e+02     -0.105 0.0000e+00
         64 303.552474    0.00438     0.2625     15.750  1000.3639   1019.374     0.4836     -0.104    9.22108     3.6748     3.6746     0.3645   16.72538 2.0607e+02     -0.105 0.0000e+00
         65 303.552477    0.00444     0.2667     16.000  1000.3643   1020.294     0.4841     -0.104    9.22103     3.6749     3.6747     0.3648   16.72529 2.0572e+02     -0.105 0.0000e+00
         66 303.552480    0.00451     0.2708     16.250  1000.3663   1025.250     0.4865     -0.104    9.22085     3.6749     3.6748     0.3668   16.72495 2.0113e+02     -0.105 0.0000e+00
         67 303.552483    0.00458     0.2750     16.500  1000.3702   1034.959     0.4914     -0.104    9.22053     3.6750     3.6749     0.3707   16.72433 1.9087e+02     -0.105 0.0000e+00
         68 303.552486    0.00465     0.2792     16.750  1000.3753   1047.863     0.4978     -0.103    9.22011     3.6751     3.6749     0.3759   16.72352 1.8200e+02     -0.104 0.0000e+00
         69 303.552488    0.00472     0.2833     17.000  1000.3810   1062.010     0.5048     -0.103    9.21965     3.6752     3.6750     0.3816   16.72263 1.7679e+02     -0.104 0.0000e+00
         70 303.552491    0.00479     0.2875     17.250  1000.3881   1079.700     0.5137     -0.104    9.21908     3.6753     3.6751     0.3887   16.72153 1.7557e+02     -0.105 0.0000e+00
         71 303.552494    0.00486     0.2917     17.500  1000.3980   1104.421     0.5260     -0.104    9.21829     3.6754     3.6752     0.3986   16.72000 1.8051e+02     -0.105 0.0000e+00
         72 303.552497    0.00493     0.2958     17.750  1000.4120   1138.954     0.5433     -0.104    9.21720     3.6754     3.6753     0.4125   16.71787 1.9291e+02     -0.105 0.0000e+00
         73 303.552500    0.00500     0.3000     18.000  1000.4322   1188.928     0.5684     -0.104    9.21562     3.6755     3.6754     0.4327   16.71480 2.1432e+02     -0.105 0.0000e+00
         74 303.552503    0.00507     0.3042     18.250  1000.4620   1262.629     0.6055     -0.105    9.21330     3.6756     3.6754     0.4625   16.71029 2.4870e+02     -0.106 0.0000e+00
         75 303.552506    0.00514     0.3083     18.500  1000.5058   1370.805     0.6599     -0.105    9.20990     3.6757     3.6755     0.5063   16.70367 2.9065e+02     -0.106 0.0000e+00
         76 303.552509    0.00521     0.3125     18.750  1000.5659   1518.934     0.7347     -0.106    9.20524     3.6757     3.6756     0.5664   16.69461 3.2118e+02     -0.107 0.0000e+00
         77 303.552512    0.00528     0.3167     19.000  1000.6295   1675.338     0.8138     -0.106    9.20031     3.6758     3.6757     0.6301   16.68502 3.3180e+02     -0.107 0.0000e+00
         78 303.552514    0.00535     0.3208     19.250  1000.6746   1786.062     0.8699     -0.105    9.19682     3.6758     3.6757     0.6752   16.67822 3.2807e+02     -0.106 0.0000e+00
         79 303.552517    0.00542     0.3250     19.500  1000.6974   1842.154     0.8982     -0.105    9.19505     3.6758     3.6758     0.6980   16.67478 3.1665e+02     -0.106 0.0000e+00
         80 303.552520    0.00549     0.3292     19.750  1000.7102   1873.383     0.9141     -0.104    9.19406     3.6757     3.6758     0.7108   16.67286 3.0008e+02     -0.105 0.0000e+00
         81 303.552523    0.00556     0.3333     20.000  1000.7225   1903.207     0.9294     -0.104    9.19313     3.6755     3.6758     0.7231   16.67104 2.8643e+02     -0.105 0.0000e+00
         82 303.552526    0.00562     0.3375     20.250  1000.7386   1941.951     0.9495     -0.103    9.19192     3.6751     3.6757     0.7392   16.66869 2.9009e+02     -0.104 0.0000e+00
         83 303.552529    0.00569     0.3417     20.500  1000.7595   1991.883     0.9756     -0.103    9.19038     3.6744     3.6755     0.7601   16.66567 3.0236e+02     -0.104 0.0000e+00
         84 303.552532    0.00576     0.3458     20.750  1000.7857   2053.823     1.0083     -0.103    9.18850     3.6735     3.6751     0.7863   16.66197 3.1201e+02     -0.104 0.0000e+00
         85 303.552535    0.00583     0.3500     21.000  1000.8177   2128.756     1.0482     -0.104    9.18625     3.6727     3.6744     0.8183   16.65756 3.2110e+02     -0.105 0.0000e+00
