CTD-processing/allCTD/CNV--homogene/2012_08-15_subbays_tutkac_outer_cast122.cnv
* Sea-Bird SBE19plus Data File:
* FileName = C:\Documents and Settings\kris.holderied.local\My Documents\2012-08-15-CTD-KBay-outer-subbays\2012-08-15-KBay-outer-subbays-cast122.hex
* Software Version 1.54
* Temperature SN =  4141
* Conductivity SN =  4141
* System UpLoad Time = Aug 23 2012 23:06:49
** Kachemak Bay Outer Subbays
** Date:  08-15
** Station:  Tutka C
** Start time (AKDT-24 hr): 13:53
** Depth (m): 52
** Comment:
# nquan = 17
# nvalues = 580                         
# units = specified
# name 0 = scan: Scan Count
# name 1 = timeJ: Julian Days
# name 2 = timeH: Time, Elapsed [hours]
# name 3 = timeM: Time, Elapsed [minutes]
# name 4 = timeS: Time, Elapsed [seconds]
# name 5 = density00: Density [density, kg/m^3]
# name 6 = specc: Specific Conductance [uS/cm]
# name 7 = sal00: Salinity, Practical [PSU]
# name 8 = depSM: Depth [salt water, m], lat = 59.00
# name 9 = oxsolML/L: Oxygen Saturation, Garcia & Gordon [ml/l]
# name 10 = potemp090C: Potential Temperature [ITS-90, deg C]
# name 11 = tv290C: Temperature [ITS-90, deg C]
# name 12 = sigma-é00: Density [sigma-theta, kg/m^3]
# name 13 = n2satML/L: Nitrogen Saturation [ml/l]
# name 14 = par: PAR/Irradiance, Biospherical/Licor
# name 15 = prdM: Pressure, Strain Gauge [db]
# name 16 = flag:  0.000e+00
# span 0 =          1,        580       
# span 1 = 228.578738, 228.580414       
# span 2 =    0.00000,    0.04021       
# span 3 =     0.0000,     2.4125       
# span 4 =      0.000,    144.750       
# span 5 =   999.7944,  1024.5992       
# span 6 =    833.134,  49623.258       
# span 7 =     0.4061,    31.2840       
# span 8 =      0.020,     52.136       
# span 9 =    6.37217,    7.48897       
# span 10 =     7.9896,    12.1968      
# span 11 =     7.9946,    12.1968      
# span 12 =    -0.2058,    24.3583      
# span 13 =   11.55022,   13.80850      
# span 14 = 5.6702e-02, 2.6901e+02      
# span 15 =      0.020,     52.635      
# span 16 = 0.0000e+00, 0.0000e+00      
# interval = seconds: 0.25
# start_time = Aug 15 2012 13:53:23 [Instrument's time stamp, header]
# bad_flag = -9.990e-29
*END*
[from data line 256]
        257 228.579479    0.01778     1.0667     64.000  1022.3122  46167.515    29.2867      0.935    6.39054    11.1369    11.1344    22.3079   11.59108 2.6025e+02      0.944 0.0000e+00
        258 228.579482    0.01785     1.0708     64.250  1022.3039  46152.553    29.2764      0.933    6.39079    11.1382    11.1356    22.2997   11.59161 2.6102e+02      0.942 0.0000e+00
        259 228.579485    0.01792     1.0750     64.500  1022.2994  46144.608    29.2709      0.928    6.39083    11.1395    11.1370    22.2952   11.59174 2.6191e+02      0.937 0.0000e+00
        260 228.579488    0.01799     1.0792     64.750  1022.2989  46143.913    29.2706      0.922    6.39065    11.1406    11.1383    22.2947   11.59146 2.6267e+02      0.931 0.0000e+00
        261 228.579491    0.01806     1.0833     65.000  1022.3008  46147.658    29.2733      0.919    6.39037    11.1418    11.1396    22.2966   11.59095 2.6319e+02      0.928 0.0000e+00
        262 228.579494    0.01812     1.0875     65.250  1022.3031  46152.002    29.2765      0.920    6.39008    11.1431    11.1407    22.2989   11.59043 2.6347e+02      0.929 0.0000e+00
        263 228.579497    0.01819     1.0917     65.500  1022.3042  46154.315    29.2782      0.924    6.38984    11.1443    11.1419    22.3000   11.59002 2.6346e+02      0.932 0.0000e+00
        264 228.579499    0.01826     1.0958     65.750  1022.3034  46153.031    29.2775      0.929    6.38970    11.1457    11.1432    22.2992   11.58980 2.6348e+02      0.937 0.0000e+00
        265 228.579502    0.01833     1.1000     66.000  1022.3004  46147.735    29.2739      0.932    6.38967    11.1473    11.1444    22.2962   11.58979 2.6385e+02      0.941 0.0000e+00
        266 228.579505    0.01840     1.1042     66.250  1022.2935  46135.169    29.2652      0.933    6.38984    11.1489    11.1458    22.2893   11.59016 2.6432e+02      0.941 0.0000e+00
        267 228.579508    0.01847     1.1083     66.500  1022.2817  46113.750    29.2503      0.931    6.39023    11.1507    11.1474    22.2774   11.59100 2.6474e+02      0.939 0.0000e+00
        268 228.579511    0.01854     1.1125     66.750  1022.2684  46089.683    29.2336      0.927    6.39068    11.1525    11.1490    22.2641   11.59194 2.6493e+02      0.936 0.0000e+00
        269 228.579514    0.01861     1.1167     67.000  1022.2569  46068.937    29.2192      0.925    6.39102    11.1541    11.1508    22.2527   11.59267 2.6464e+02      0.934 0.0000e+00
        270 228.579517    0.01868     1.1208     67.250  1022.2472  46051.530    29.2071      0.924    6.39126    11.1556    11.1526    22.2430   11.59322 2.6401e+02      0.933 0.0000e+00
        271 228.579520    0.01875     1.1250     67.500  1022.2380  46035.005    29.1957      0.925    6.39150    11.1571    11.1542    22.2338   11.59375 2.6332e+02      0.934 0.0000e+00
        272 228.579523    0.01882     1.1292     67.750  1022.2276  46016.119    29.1826      0.928    6.39182    11.1586    11.1557    22.2233   11.59444 2.6266e+02      0.937 0.0000e+00
        273 228.579525    0.01889     1.1333     68.000  1022.2133  45990.156    29.1645      0.930    6.39235    11.1599    11.1572    22.2090   11.59554 2.6211e+02      0.939 0.0000e+00
        274 228.579528    0.01896     1.1375     68.250  1022.1940  45954.921    29.1399      0.930    6.39315    11.1611    11.1587    22.1897   11.59716 2.6183e+02      0.939 0.0000e+00
        275 228.579531    0.01903     1.1417     68.500  1022.1722  45915.239    29.1122      0.928    6.39409    11.1622    11.1600    22.1680   11.59904 2.6161e+02      0.937 0.0000e+00
        276 228.579534    0.01910     1.1458     68.750  1022.1525  45879.341    29.0871      0.924    6.39494    11.1633    11.1613    22.1483   11.60075 2.6130e+02      0.933 0.0000e+00
        277 228.579537    0.01917     1.1500     69.000  1022.1376  45852.217    29.0682      0.921    6.39555    11.1643    11.1624    22.1334   11.60200 2.6114e+02      0.930 0.0000e+00
        278 228.579540    0.01924     1.1542     69.250  1022.1267  45832.413    29.0544      0.918    6.39597    11.1653    11.1634    22.1225   11.60285 2.6104e+02      0.927 0.0000e+00
        279 228.579543    0.01931     1.1583     69.500  1022.1172  45815.161    29.0424      0.916    6.39631    11.1663    11.1645    22.1130   11.60357 2.6105e+02      0.925 0.0000e+00
        280 228.579546    0.01938     1.1625     69.750  1022.1067  45796.077    29.0291      0.913    6.39672    11.1674    11.1654    22.1025   11.60440 2.6151e+02      0.922 0.0000e+00
        281 228.579549    0.01944     1.1667     70.000  1022.0937  45772.581    29.0127      0.909    6.39725    11.1686    11.1664    22.0896   11.60547 2.6216e+02      0.918 0.0000e+00
        282 228.579552    0.01951     1.1708     70.250  1022.0792  45746.054    28.9942      0.904    6.39785    11.1699    11.1675    22.0750   11.60669 2.6289e+02      0.913 0.0000e+00
        283 228.579554    0.01958     1.1750     70.500  1022.0651  45720.470    28.9764      0.899    6.39841    11.1714    11.1687    22.0610   11.60783 2.6359e+02      0.908 0.0000e+00
        284 228.579557    0.01965     1.1792     70.750  1022.0528  45698.156    28.9608      0.895    6.39885    11.1729    11.1700    22.0487   11.60875 2.6398e+02      0.904 0.0000e+00
        285 228.579560    0.01972     1.1833     71.000  1022.0421  45678.800    28.9474      0.892    6.39920    11.1743    11.1715    22.0380   11.60949 2.6422e+02      0.901 0.0000e+00
        286 228.579563    0.01979     1.1875     71.250  1022.0326  45661.680    28.9355      0.891    6.39947    11.1752    11.1730    22.0286   11.61008 2.6434e+02      0.900 0.0000e+00
        287 228.579566    0.01986     1.1917     71.500  1022.0246  45647.064    28.9254      0.891    6.39968    11.1752    11.1744    22.0205   11.61056 2.6449e+02      0.899 0.0000e+00
        288 228.579569    0.01993     1.1958     71.750  1022.0193  45637.461    28.9188      0.891    6.39983    11.1736    11.1753    22.0152   11.61087 2.6467e+02      0.899 0.0000e+00
        289 228.579572    0.02000     1.2000     72.000  1022.0214  45641.280    28.9216      0.891    6.39972    11.1697    11.1753    22.0174   11.61067 2.6463e+02      0.899 0.0000e+00
        290 228.579575    0.02007     1.2042     72.250  1022.0412  45677.238    28.9468      0.890    6.39892    11.1620    11.1737    22.0372   11.60904 2.6449e+02      0.898 0.0000e+00
        291 228.579578    0.02014     1.2083     72.500  1022.0961  45776.977    29.0165      0.889    6.39664    11.1483    11.1698    22.0920   11.60443 2.6416e+02      0.897 0.0000e+00
        292 228.579580    0.02021     1.2125     72.750  1022.2103  45984.826    29.1619      0.888    6.39181    11.1262    11.1621    22.2062   11.59468 2.6377e+02      0.896 0.0000e+00
        293 228.579583    0.02028     1.2167     73.000  1022.3893  46310.315    29.3893      0.888    6.38449    11.0969    11.1484    22.3852   11.57982 2.6342e+02      0.896 0.0000e+00
        294 228.579586    0.02035     1.2208     73.250  1022.5854  46665.608    29.6368      0.889    6.37751    11.0667    11.1263    22.5813   11.56530 2.6290e+02      0.897 0.0000e+00
        295 228.579589    0.02042     1.2250     73.500  1022.7407  46944.934    29.8302      0.890    6.37369    11.0413    11.0970    22.7366   11.55666 2.6251e+02      0.898 0.0000e+00
        296 228.579592    0.02049     1.2292     73.750  1022.8454  47131.533    29.9583      0.891    6.37264    11.0229    11.0668    22.8413   11.55341 2.6237e+02      0.899 0.0000e+00
        297 228.579595    0.02056     1.2333     74.000  1022.9145  47253.764    30.0416      0.892    6.37275    11.0111    11.0414    22.9104   11.55259 2.6229e+02      0.900 0.0000e+00
        298 228.579598    0.02063     1.2375     74.250  1022.9587  47331.706    30.0945      0.892    6.37313    11.0042    11.0230    22.9547   11.55259 2.6227e+02      0.900 0.0000e+00
        299 228.579601    0.02069     1.2417     74.500  1022.9861  47379.849    30.1272      0.891    6.37342    11.0003    11.0112    22.9820   11.55270 2.6236e+02      0.899 0.0000e+00
        300 228.579604    0.02076     1.2458     74.750  1023.0025  47408.693    30.1467      0.890    6.37358    10.9984    11.0043    22.9984   11.55273 2.6261e+02      0.898 0.0000e+00
        301 228.579606    0.02083     1.2500     75.000  1023.0123  47426.069    30.1586      0.889    6.37364    10.9981    11.0004    23.0083   11.55268 2.6304e+02      0.897 0.0000e+00
        302 228.579609    0.02090     1.2542     75.250  1023.0185  47437.083    30.1661      0.888    6.37359    10.9987    10.9985    23.0145   11.55251 2.6353e+02      0.897 0.0000e+00
        303 228.579612    0.02097     1.2583     75.500  1023.0223  47444.027    30.1709      0.888    6.37344    10.9992    10.9982    23.0183   11.55220 2.6405e+02      0.897 0.0000e+00
        304 228.579615    0.02104     1.2625     75.750  1023.0243  47447.715    30.1736      0.889    6.37325    10.9988    10.9988    23.0203   11.55185 2.6453e+02      0.898 0.0000e+00
        305 228.579618    0.02111     1.2667     76.000  1023.0252  47449.354    30.1748      0.891    6.37313    10.9975    10.9993    23.0211   11.55165 2.6495e+02      0.899 0.0000e+00
        306 228.579621    0.02118     1.2708     76.250  1023.0258  47450.510    30.1756      0.892    6.37316    10.9962    10.9989    23.0218   11.55168 2.6540e+02      0.900 0.0000e+00
        307 228.579624    0.02125     1.2750     76.500  1023.0267  47451.930    30.1764      0.894    6.37329    10.9956    10.9977    23.0226   11.55190 2.6563e+02      0.902 0.0000e+00
        308 228.579627    0.02132     1.2792     76.750  1023.0275  47453.160    30.1772      0.894    6.37345    10.9966    10.9963    23.0234   11.55215 2.6559e+02      0.902 0.0000e+00
        309 228.579630    0.02139     1.2833     77.000  1023.0275  47453.070    30.1770      0.893    6.37354    10.9996    10.9957    23.0234   11.55229 2.6562e+02      0.902 0.0000e+00
        310 228.579633    0.02146     1.2875     77.250  1023.0263  47450.977    30.1757      0.892    6.37346    11.0040    10.9967    23.0222   11.55218 2.6555e+02      0.901 0.0000e+00
        311 228.579635    0.02153     1.2917     77.500  1023.0234  47446.181    30.1726      0.891    6.37316    11.0081    10.9997    23.0193   11.55173 2.6509e+02      0.900 0.0000e+00
        312 228.579638    0.02160     1.2958     77.750  1023.0191  47438.999    30.1680      0.891    6.37274    11.0103    11.0042    23.0150   11.55109 2.6447e+02      0.899 0.0000e+00
        313 228.579641    0.02167     1.3000     78.000  1023.0150  47432.118    30.1636      0.891    6.37237    11.0105    11.0082    23.0109   11.55051 2.6381e+02      0.900 0.0000e+00
        314 228.579644    0.02174     1.3042     78.250  1023.0124  47427.853    30.1608      0.893    6.37217    11.0090    11.0105    23.0083   11.55022 2.6308e+02      0.902 0.0000e+00
        315 228.579647    0.02181     1.3083     78.500  1023.0117  47426.541    30.1599      0.896    6.37218    11.0061    11.0106    23.0076   11.55025 2.6234e+02      0.905 0.0000e+00
        316 228.579650    0.02187     1.3125     78.750  1023.0122  47427.235    30.1603      0.900    6.37237    11.0012    11.0091    23.0081   11.55056 2.6157e+02      0.909 0.0000e+00
        317 228.579653    0.02194     1.3167     79.000  1023.0136  47429.177    30.1613      0.905    6.37273    10.9938    11.0062    23.0094   11.55115 2.6093e+02      0.914 0.0000e+00
        318 228.579656    0.02201     1.3208     79.250  1023.0160  47432.823    30.1634      0.910    6.37332    10.9841    11.0013    23.0119   11.55210 2.6045e+02      0.919 0.0000e+00
        319 228.579659    0.02208     1.3250     79.500  1023.0200  47438.923    30.1669      0.915    6.37420    10.9733    10.9939    23.0159   11.55351 2.6010e+02      0.924 0.0000e+00
        320 228.579661    0.02215     1.3292     79.750  1023.0258  47447.850    30.1721      0.921    6.37531    10.9620    10.9842    23.0216   11.55530 2.5982e+02      0.930 0.0000e+00
        321 228.579664    0.02222     1.3333     80.000  1023.0325  47458.373    30.1783      0.929    6.37656    10.9494    10.9734    23.0283   11.55729 2.5937e+02      0.938 0.0000e+00
        322 228.579667    0.02229     1.3375     80.250  1023.0387  47467.742    30.1837      0.939    6.37789    10.9333    10.9621    23.0344   11.55944 2.5900e+02      0.948 0.0000e+00
        323 228.579670    0.02236     1.3417     80.500  1023.0441  47475.632    30.1879      0.951    6.37945    10.9123    10.9495    23.0398   11.56198 2.5903e+02      0.960 0.0000e+00
        324 228.579673    0.02243     1.3458     80.750  1023.0510  47485.684    30.1932      0.960    6.38146    10.8871    10.9334    23.0467   11.56524 2.5938e+02      0.969 0.0000e+00
        325 228.579676    0.02250     1.3500     81.000  1023.0613  47501.190    30.2018      0.965    6.38400    10.8604    10.9124    23.0570   11.56935 2.6033e+02      0.974 0.0000e+00
        326 228.579679    0.02257     1.3542     81.250  1023.0754  47523.065    30.2145      0.964    6.38695    10.8366    10.8872    23.0711   11.57410 2.6195e+02      0.973 0.0000e+00
        327 228.579682    0.02264     1.3583     81.500  1023.0929  47550.787    30.2311      0.956    6.38997    10.8211    10.8605    23.0885   11.57891 2.6387e+02      0.965 0.0000e+00
        328 228.579685    0.02271     1.3625     81.750  1023.1111  47580.556    30.2495      0.942    6.39251    10.8173    10.8367    23.1069   11.58290 2.6598e+02      0.951 0.0000e+00
        329 228.579688    0.02278     1.3667     82.000  1023.1260  47605.365    30.2653      0.924    6.39400    10.8246    10.8212    23.1218   11.58519 2.6793e+02      0.933 0.0000e+00
        330 228.579690    0.02285     1.3708     82.250  1023.1337  47618.979    30.2745      0.908    6.39416    10.8386    10.8174    23.1296   11.58534 2.6901e+02      0.916 0.0000e+00
        331 228.579693    0.02292     1.3750     82.500  1023.1330  47619.020    30.2753      0.896    6.39311    10.8531    10.8247    23.1290   11.58360 2.6882e+02      0.905 0.0000e+00
        332 228.579696    0.02299     1.3792     82.750  1023.1261  47608.564    30.2695      0.893    6.39142    10.8629    10.8387    23.1221   11.58086 2.6751e+02      0.902 0.0000e+00
        333 228.579699    0.02306     1.3833     83.000  1023.1165  47593.249    30.2603      0.897    6.38978    10.8650    10.8532    23.1125   11.57825 2.6557e+02      0.906 0.0000e+00
        334 228.579702    0.02313     1.3875     83.250  1023.1080  47579.111    30.2514      0.903    6.38880    10.8616    10.8630    23.1039   11.57672 2.6360e+02      0.912 0.0000e+00
        335 228.579705    0.02319     1.3917     83.500  1023.1046  47573.288    30.2475      0.908    6.38866    10.8585    10.8651    23.1005   11.57654 2.6208e+02      0.917 0.0000e+00
        336 228.579708    0.02326     1.3958     83.750  1023.1079  47578.755    30.2510      0.907    6.38899    10.8614    10.8617    23.1038   11.57704 2.6095e+02      0.916 0.0000e+00
        337 228.579711    0.02333     1.4000     84.000  1023.1143  47589.987    30.2586      0.902    6.38911    10.8723    10.8586    23.1102   11.57715 2.5997e+02      0.910 0.0000e+00
        338 228.579714    0.02340     1.4042     84.250  1023.1183  47597.736    30.2644      0.893    6.38848    10.8898    10.8615    23.1142   11.57605 2.5920e+02      0.902 0.0000e+00
        339 228.579716    0.02347     1.4083     84.500  1023.1166  47596.290    30.2645      0.886    6.38697    10.9105    10.8724    23.1125   11.57354 2.5842e+02      0.895 0.0000e+00
        340 228.579719    0.02354     1.4125     84.750  1023.1086  47584.436    30.2581      0.882    6.38481    10.9304    10.8899    23.1045   11.57004 2.5776e+02      0.891 0.0000e+00
