CTD-processing/allCTD/CNV--homogene/2012-07-02-kbaysubbays-cast161-haa.cnv
* Sea-Bird SBE19plus Data File:
* FileName = C:\Documents and Settings\kris.holderied.local\My Documents\CTD-data-upload-2012-07-28\CTD5028-upload-2012-07-28-cast161.hex
* Software Version 1.54
* Temperature SN =  5028
* Conductivity SN =  5028
* System UpLoad Time = Jul 28 2012 12:05:59
** Kachemak Bay - CTD data - upload all 2012-07-28
** Date:  2012-07-02   xxxx Tide (x of 2 lines)
** Station:  Halibut A
** Start time (AKDT-24 hr):1253
** Depth (ft):237
** Comments: Vertical and Hortizontal tow for visuals. 10L bucket surface grab - filtered. Secchi 3.5m tow 4m.
# nquan = 17
# nvalues = 471                         
# units = specified
# name 0 = scan: Scan Count
# name 1 = timeJ: Julian Days
# name 2 = timeH: Time, Elapsed [hours]
# name 3 = timeM: Time, Elapsed [minutes]
# name 4 = timeS: Time, Elapsed [seconds]
# name 5 = density00: Density [density, kg/m^3]
# name 6 = specc: Specific Conductance [uS/cm]
# name 7 = sal00: Salinity, Practical [PSU]
# name 8 = depSM: Depth [salt water, m], lat = 59.00
# name 9 = oxsolML/L: Oxygen Saturation, Garcia & Gordon [ml/l]
# name 10 = potemp090C: Potential Temperature [ITS-90, deg C]
# name 11 = tv290C: Temperature [ITS-90, deg C]
# name 12 = sigma-é00: Density [sigma-theta, kg/m^3]
# name 13 = n2satML/L: Nitrogen Saturation [ml/l]
# name 14 = par: PAR/Irradiance, Biospherical/Licor [umol photons/m^2/sec]
# name 15 = prdM: Pressure, Strain Gauge [db]
# name 16 = flag:  0.000e+00
# span 0 =          1,        471       
# span 1 = 184.538137, 184.539497       
# span 2 =    0.00000,    0.03264       
# span 3 =     0.0000,     1.9583       
# span 4 =      0.000,    117.500       
# span 5 =   999.7309,  1025.0690       
# span 6 =    668.343,  50425.357       
# span 7 =     0.3236,    31.5048       
# span 8 =     -0.076,     61.756       
# span 9 =    6.33640,    7.49477       
# span 10 =     6.0867,    12.2397      
# span 11 =     6.0917,    12.2398      
# span 12 =    -0.2688,    24.7813      
# span 13 =   11.52958,   13.81950      
# span 14 = 6.8103e-02, 1.3074e+03      
# span 15 =     -0.077,     62.348      
# span 16 = 0.0000e+00, 0.0000e+00      
# interval = seconds: 0.25
# start_time = Jul 02 2012 12:54:55 [Instrument's time stamp, header]
# bad_flag = -9.990e-29
*END*
[from data line 171]
        172 184.538631    0.01188     0.7125     42.750  1020.2916  42642.100    26.9142      0.830    6.34412    12.1734    12.1749    20.2877   11.54212 5.4666e+02      0.838 0.0000e+00
        173 184.538634    0.01194     0.7167     43.000  1020.2916  42641.931    26.9141      0.853    6.34420    12.1725    12.1744    20.2877   11.54226 5.7212e+02      0.861 0.0000e+00
        174 184.538637    0.01201     0.7208     43.250  1020.2925  42643.239    26.9149      0.874    6.34428    12.1720    12.1735    20.2885   11.54238 5.9275e+02      0.883 0.0000e+00
        175 184.538640    0.01208     0.7250     43.500  1020.2941  42645.940    26.9167      0.885    6.34433    12.1722    12.1726    20.2900   11.54244 6.1644e+02      0.893 0.0000e+00
        176 184.538643    0.01215     0.7292     43.750  1020.2957  42648.827    26.9187      0.879    6.34432    12.1732    12.1721    20.2917   11.54240 6.4752e+02      0.888 0.0000e+00
        177 184.538646    0.01222     0.7333     44.000  1020.2964  42650.214    26.9197      0.860    6.34425    12.1747    12.1723    20.2924   11.54228 6.6819e+02      0.868 0.0000e+00
        178 184.538649    0.01229     0.7375     44.250  1020.2954  42648.867    26.9188      0.834    6.34414    12.1757    12.1733    20.2916   11.54211 6.6722e+02      0.841 0.0000e+00
        179 184.538652    0.01236     0.7417     44.500  1020.2931  42645.095    26.9163      0.813    6.34405    12.1759    12.1748    20.2894   11.54198 6.6569e+02      0.821 0.0000e+00
        180 184.538655    0.01243     0.7458     44.750  1020.2906  42640.744    26.9134      0.808    6.34402    12.1753    12.1758    20.2869   11.54197 6.6856e+02      0.816 0.0000e+00
        181 184.538657    0.01250     0.7500     45.000  1020.2889  42637.454    26.9111      0.823    6.34408    12.1742    12.1760    20.2851   11.54211 6.6674e+02      0.831 0.0000e+00
        182 184.538660    0.01257     0.7542     45.250  1020.2882  42635.892    26.9100      0.852    6.34422    12.1733    12.1754    20.2844   11.54235 6.7762e+02      0.860 0.0000e+00
        183 184.538663    0.01264     0.7583     45.500  1020.2887  42636.376    26.9102      0.882    6.34435    12.1729    12.1743    20.2847   11.54257 7.1882e+02      0.891 0.0000e+00
        184 184.538666    0.01271     0.7625     45.750  1020.2900  42638.457    26.9116      0.900    6.34442    12.1733    12.1734    20.2859   11.54266 7.6908e+02      0.909 0.0000e+00
        185 184.538669    0.01278     0.7667     46.000  1020.2913  42640.652    26.9131      0.897    6.34441    12.1743    12.1730    20.2872   11.54263 8.0331e+02      0.906 0.0000e+00
        186 184.538672    0.01285     0.7708     46.250  1020.2916  42641.460    26.9137      0.875    6.34434    12.1755    12.1734    20.2876   11.54250 8.2938e+02      0.884 0.0000e+00
        187 184.538675    0.01292     0.7750     46.500  1020.2908  42640.509    26.9131      0.845    6.34423    12.1766    12.1744    20.2870   11.54232 8.4667e+02      0.853 0.0000e+00
        188 184.538678    0.01299     0.7792     46.750  1020.2895  42638.478    26.9118      0.822    6.34411    12.1772    12.1756    20.2857   11.54214 8.3933e+02      0.830 0.0000e+00
        189 184.538681    0.01306     0.7833     47.000  1020.2882  42636.447    26.9105      0.818    6.34402    12.1774    12.1767    20.2845   11.54201 8.1219e+02      0.826 0.0000e+00
        190 184.538683    0.01313     0.7875     47.250  1020.2875  42635.136    26.9096      0.834    6.34397    12.1774    12.1773    20.2837   11.54194 7.8929e+02      0.842 0.0000e+00
        191 184.538686    0.01319     0.7917     47.500  1020.2874  42634.691    26.9093      0.862    6.34395    12.1772    12.1775    20.2835   11.54191 7.9327e+02      0.870 0.0000e+00
        192 184.538689    0.01326     0.7958     47.750  1020.2878  42635.164    26.9096      0.889    6.34395    12.1770    12.1775    20.2837   11.54189 8.2505e+02      0.897 0.0000e+00
        193 184.538692    0.01333     0.8000     48.000  1020.2885  42636.350    26.9104      0.904    6.34394    12.1770    12.1773    20.2844   11.54187 8.7263e+02      0.912 0.0000e+00
        194 184.538695    0.01340     0.8042     48.250  1020.2892  42637.599    26.9113      0.903    6.34393    12.1772    12.1771    20.2851   11.54185 9.2908e+02      0.912 0.0000e+00
        195 184.538698    0.01347     0.8083     48.500  1020.2894  42638.081    26.9116      0.891    6.34392    12.1775    12.1771    20.2853   11.54183 9.8726e+02      0.900 0.0000e+00
        196 184.538701    0.01354     0.8125     48.750  1020.2890  42637.468    26.9112      0.874    6.34391    12.1776    12.1773    20.2850   11.54181 1.0289e+03      0.883 0.0000e+00
        197 184.538704    0.01361     0.8167     49.000  1020.2883  42636.343    26.9105      0.858    6.34391    12.1776    12.1776    20.2844   11.54181 1.0255e+03      0.866 0.0000e+00
        198 184.538707    0.01368     0.8208     49.250  1020.2877  42635.396    26.9098      0.846    6.34391    12.1774    12.1777    20.2838   11.54183 9.9313e+02      0.854 0.0000e+00
        199 184.538709    0.01375     0.8250     49.500  1020.2873  42634.797    26.9094      0.840    6.34393    12.1770    12.1777    20.2835   11.54186 9.6262e+02      0.848 0.0000e+00
        200 184.538712    0.01382     0.8292     49.750  1020.2873  42634.594    26.9092      0.843    6.34396    12.1762    12.1775    20.2834   11.54192 9.3547e+02      0.851 0.0000e+00
        201 184.538715    0.01389     0.8333     50.000  1020.2875  42634.937    26.9094      0.854    6.34401    12.1750    12.1771    20.2836   11.54200 9.1269e+02      0.862 0.0000e+00
        202 184.538718    0.01396     0.8375     50.250  1020.2882  42635.927    26.9101      0.873    6.34409    12.1733    12.1763    20.2843   11.54213 8.8924e+02      0.880 0.0000e+00
        203 184.538721    0.01403     0.8417     50.500  1020.2893  42637.599    26.9111      0.892    6.34421    12.1716    12.1751    20.2853   11.54232 8.7803e+02      0.900 0.0000e+00
        204 184.538724    0.01410     0.8458     50.750  1020.2909  42639.976    26.9126      0.906    6.34437    12.1703    12.1735    20.2868   11.54257 8.8703e+02      0.914 0.0000e+00
        205 184.538727    0.01417     0.8500     51.000  1020.2926  42642.765    26.9144      0.906    6.34454    12.1697    12.1717    20.2885   11.54282 9.0489e+02      0.914 0.0000e+00
        206 184.538730    0.01424     0.8542     51.250  1020.2939  42645.026    26.9159      0.891    6.34466    12.1696    12.1704    20.2899   11.54301 9.1765e+02      0.900 0.0000e+00
        207 184.538733    0.01431     0.8583     51.500  1020.2943  42645.812    26.9164      0.868    6.34472    12.1695    12.1697    20.2904   11.54310 9.2313e+02      0.876 0.0000e+00
        208 184.538736    0.01438     0.8625     51.750  1020.2938  42645.095    26.9159      0.845    6.34475    12.1689    12.1697    20.2900   11.54316 9.4089e+02      0.853 0.0000e+00
        209 184.538738    0.01444     0.8667     52.000  1020.2930  42643.749    26.9149      0.832    6.34480    12.1674    12.1696    20.2893   11.54325 9.8549e+02      0.839 0.0000e+00
        210 184.538741    0.01451     0.8708     52.250  1020.2927  42642.899    26.9143      0.831    6.34491    12.1648    12.1690    20.2889   11.54344 1.0872e+03      0.838 0.0000e+00
        211 184.538744    0.01458     0.8750     52.500  1020.2931  42643.297    26.9145      0.841    6.34511    12.1618    12.1674    20.2893   11.54378 1.2295e+03      0.849 0.0000e+00
        212 184.538747    0.01465     0.8792     52.750  1020.2945  42645.235    26.9156      0.859    6.34541    12.1590    12.1649    20.2906   11.54426 1.3074e+03      0.867 0.0000e+00
        213 184.538750    0.01472     0.8833     53.000  1020.2967  42648.583    26.9177      0.876    6.34574    12.1572    12.1619    20.2927   11.54477 1.2717e+03      0.884 0.0000e+00
        214 184.538753    0.01479     0.8875     53.250  1020.2992  42652.536    26.9202      0.886    6.34600    12.1566    12.1592    20.2952   11.54519 1.1785e+03      0.895 0.0000e+00
        215 184.538756    0.01486     0.8917     53.500  1020.3013  42656.069    26.9225      0.888    6.34616    12.1571    12.1574    20.2973   11.54541 1.0884e+03      0.896 0.0000e+00
        216 184.538759    0.01493     0.8958     53.750  1020.3025  42658.171    26.9240      0.881    6.34619    12.1584    12.1567    20.2985   11.54544 1.0256e+03      0.889 0.0000e+00
        217 184.538762    0.01500     0.9000     54.000  1020.3023  42657.990    26.9239      0.870    6.34611    12.1596    12.1573    20.2983   11.54533 1.0058e+03      0.878 0.0000e+00
        218 184.538764    0.01507     0.9042     54.250  1020.3009  42655.724    26.9224      0.860    6.34600    12.1602    12.1585    20.2970   11.54516 1.0136e+03      0.868 0.0000e+00
        219 184.538767    0.01514     0.9083     54.500  1020.2991  42652.712    26.9204      0.856    6.34592    12.1603    12.1597    20.2952   11.54504 9.9249e+02      0.864 0.0000e+00
        220 184.538770    0.01521     0.9125     54.750  1020.2978  42650.504    26.9189      0.858    6.34590    12.1600    12.1603    20.2939   11.54503 9.4445e+02      0.866 0.0000e+00
        221 184.538773    0.01528     0.9167     55.000  1020.2975  42649.805    26.9184      0.864    6.34591    12.1598    12.1604    20.2936   11.54506 9.0821e+02      0.872 0.0000e+00
        222 184.538776    0.01535     0.9208     55.250  1020.2978  42650.316    26.9188      0.873    6.34593    12.1598    12.1601    20.2939   11.54509 8.8986e+02      0.881 0.0000e+00
        223 184.538779    0.01542     0.9250     55.500  1020.2985  42651.442    26.9195      0.881    6.34593    12.1599    12.1599    20.2945   11.54507 8.9896e+02      0.889 0.0000e+00
        224 184.538782    0.01549     0.9292     55.750  1020.2992  42652.743    26.9204      0.885    6.34590    12.1604    12.1599    20.2952   11.54501 9.0956e+02      0.894 0.0000e+00
        225 184.538785    0.01556     0.9333     56.000  1020.2999  42653.903    26.9213      0.885    6.34584    12.1611    12.1600    20.2958   11.54491 8.9063e+02      0.894 0.0000e+00
        226 184.538788    0.01563     0.9375     56.250  1020.3002  42654.635    26.9218      0.882    6.34576    12.1621    12.1605    20.2961   11.54477 8.7868e+02      0.890 0.0000e+00
        227 184.538791    0.01569     0.9417     56.500  1020.3001  42654.606    26.9218      0.876    6.34566    12.1630    12.1612    20.2960   11.54459 8.9086e+02      0.884 0.0000e+00
        228 184.538793    0.01576     0.9458     56.750  1020.2994  42653.707    26.9213      0.870    6.34555    12.1637    12.1622    20.2954   11.54442 9.1037e+02      0.879 0.0000e+00
        229 184.538796    0.01583     0.9500     57.000  1020.2986  42652.424    26.9205      0.866    6.34546    12.1642    12.1631    20.2946   11.54428 9.3200e+02      0.874 0.0000e+00
        230 184.538799    0.01590     0.9542     57.250  1020.2980  42651.380    26.9198      0.862    6.34539    12.1645    12.1638    20.2940   11.54417 9.2900e+02      0.871 0.0000e+00
        231 184.538802    0.01597     0.9583     57.500  1020.2975  42650.707    26.9194      0.862    6.34534    12.1647    12.1643    20.2936   11.54409 8.9634e+02      0.870 0.0000e+00
        232 184.538805    0.01604     0.9625     57.750  1020.2972  42650.171    26.9190      0.864    6.34531    12.1648    12.1646    20.2933   11.54405 8.7341e+02      0.873 0.0000e+00
        233 184.538808    0.01611     0.9667     58.000  1020.2970  42649.714    26.9187      0.869    6.34530    12.1651    12.1648    20.2930   11.54404 8.6376e+02      0.877 0.0000e+00
        234 184.538811    0.01618     0.9708     58.250  1020.2969  42649.616    26.9187      0.873    6.34528    12.1656    12.1649    20.2929   11.54401 8.6341e+02      0.881 0.0000e+00
        235 184.538814    0.01625     0.9750     58.500  1020.2971  42649.974    26.9189      0.872    6.34524    12.1665    12.1652    20.2931   11.54393 8.8455e+02      0.881 0.0000e+00
        236 184.538817    0.01632     0.9792     58.750  1020.2971  42650.207    26.9191      0.866    6.34515    12.1677    12.1657    20.2932   11.54379 9.0659e+02      0.875 0.0000e+00
        237 184.538819    0.01639     0.9833     59.000  1020.2966  42649.546    26.9188      0.859    6.34505    12.1687    12.1666    20.2927   11.54362 9.0527e+02      0.867 0.0000e+00
        238 184.538822    0.01646     0.9875     59.250  1020.2956  42647.890    26.9177      0.855    6.34494    12.1694    12.1678    20.2917   11.54345 8.8831e+02      0.863 0.0000e+00
        239 184.538825    0.01653     0.9917     59.500  1020.2944  42645.972    26.9164      0.856    6.34485    12.1696    12.1688    20.2905   11.54331 8.8236e+02      0.865 0.0000e+00
        240 184.538828    0.01660     0.9958     59.750  1020.2937  42644.695    26.9156      0.863    6.34479    12.1697    12.1695    20.2898   11.54323 9.0130e+02      0.872 0.0000e+00
        241 184.538831    0.01667     1.0000     60.000  1020.2935  42644.224    26.9153      0.872    6.34477    12.1697    12.1697    20.2895   11.54320 9.1438e+02      0.880 0.0000e+00
        242 184.538834    0.01674     1.0042     60.250  1020.2936  42644.474    26.9155      0.876    6.34476    12.1698    12.1698    20.2896   11.54317 8.9214e+02      0.885 0.0000e+00
        243 184.538837    0.01681     1.0083     60.500  1020.2941  42645.404    26.9161      0.875    6.34473    12.1701    12.1698    20.2901   11.54312 8.6317e+02      0.883 0.0000e+00
        244 184.538840    0.01688     1.0125     60.750  1020.2945  42646.256    26.9167      0.869    6.34469    12.1707    12.1699    20.2906   11.54305 8.5419e+02      0.877 0.0000e+00
        245 184.538843    0.01694     1.0167     61.000  1020.2945  42646.305    26.9168      0.862    6.34464    12.1714    12.1703    20.2905   11.54296 8.5927e+02      0.870 0.0000e+00
        246 184.538845    0.01701     1.0208     61.250  1020.2940  42645.567    26.9163      0.856    6.34458    12.1718    12.1709    20.2901   11.54286 8.6512e+02      0.864 0.0000e+00
        247 184.538848    0.01708     1.0250     61.500  1020.2933  42644.329    26.9155      0.855    6.34453    12.1721    12.1715    20.2893   11.54279 8.7154e+02      0.863 0.0000e+00
        248 184.538851    0.01715     1.0292     61.750  1020.2925  42642.904    26.9145      0.859    6.34451    12.1721    12.1719    20.2885   11.54277 8.8253e+02      0.866 0.0000e+00
        249 184.538854    0.01722     1.0333     62.000  1020.2918  42641.674    26.9137      0.867    6.34451    12.1722    12.1722    20.2878   11.54278 8.9414e+02      0.874 0.0000e+00
        250 184.538857    0.01729     1.0375     62.250  1020.2916  42641.123    26.9133      0.877    6.34451    12.1723    12.1722    20.2875   11.54279 8.9524e+02      0.884 0.0000e+00
        251 184.538860    0.01736     1.0417     62.500  1020.2917  42641.350    26.9135      0.885    6.34450    12.1724    12.1723    20.2876   11.54277 8.7435e+02      0.893 0.0000e+00
        252 184.538863    0.01743     1.0458     62.750  1020.2920  42641.919    26.9139      0.889    6.34448    12.1727    12.1724    20.2879   11.54272 8.5007e+02      0.897 0.0000e+00
        253 184.538866    0.01750     1.0500     63.000  1020.2923  42642.465    26.9143      0.887    6.34444    12.1733    12.1725    20.2882   11.54265 8.4018e+02      0.895 0.0000e+00
        254 184.538869    0.01757     1.0542     63.250  1020.2924  42642.766    26.9145      0.879    6.34438    12.1739    12.1728    20.2883   11.54256 8.3579e+02      0.887 0.0000e+00
        255 184.538872    0.01764     1.0583     63.500  1020.2921  42642.559    26.9144      0.868    6.34431    12.1746    12.1734    20.2882   11.54245 8.2729e+02      0.876 0.0000e+00
