CTD-processing/allCTD/CNV--homogene/2012_05-03_t6_s26_cast070.cnv
* Sea-Bird SBE19plus Data File:
* FileName = C:\Documents and Settings\glenn.seaman\My Documents\KHolderied-files\CTD-DATA-FILES\2012-05-LTM-LowerCookInlet-CTD\Transect6-2012-05-Douglas\2012-05-03-04-LTM-Tran6-cast070.hex
* Software Version 1.59
* Temperature SN =  5028
* Conductivity SN =  5028
* System UpLoad Time = May 31 2012 03:19:36
** LTM Transect6- Pt Adam to Cape Douglas
** Date: 05-03
** Station: 6-26
** Start time (AKDT-24hr): 01:21
** Depth (m): 173
** check sta no, add time/z from log
# nquan = 17
# nvalues = 1111                        
# units = specified
# name 0 = scan: Scan Count
# name 1 = timeJ: Julian Days
# name 2 = timeH: Time, Elapsed [hours]
# name 3 = timeM: Time, Elapsed [minutes]
# name 4 = timeS: Time, Elapsed [seconds]
# name 5 = density00: Density [density, kg/m^3]
# name 6 = specc: Specific Conductance [uS/cm]
# name 7 = sal00: Salinity, Practical [PSU]
# name 8 = depSM: Depth [salt water, m], lat = 59.00
# name 9 = oxsolML/L: Oxygen Saturation, Garcia & Gordon [ml/l]
# name 10 = potemp090C: Potential Temperature [ITS-90, deg C]
# name 11 = tv290C: Temperature [ITS-90, deg C]
# name 12 = sigma-é00: Density [sigma-theta, kg/m^3]
# name 13 = n2satML/L: Nitrogen Saturation [ml/l]
# name 14 = par: PAR/Irradiance, Biospherical/Licor [umol photons/m^2/sec]
# name 15 = prdM: Pressure, Strain Gauge [db]
# name 16 = flag:  0.000e+00
# span 0 =          1,       1111       
# span 1 = 125.056863, 125.060075       
# span 2 =    0.00000,    0.07708       
# span 3 =     0.0000,     4.6250       
# span 4 =      0.000,    277.500       
# span 5 =  1000.1175,  1026.2558       
# span 6 =    391.869,  52009.841       
# span 7 =     0.1791,    32.2968       
# span 8 =     -0.115,    150.981       
# span 9 =    7.21323,    9.27895       
# span 10 =     3.5154,     4.9489      
# span 11 =     3.5154,     4.9593      
# span 12 =     0.1181,    25.5483      
# span 13 =   12.91631,   16.82753      
# span 14 = 3.7490e-02, 1.1228e+00      
# span 15 =     -0.116,    152.463      
# span 16 = 0.0000e+00, 0.0000e+00      
# interval = seconds: 0.25
# start_time = May 04 2012 01:21:53 [Instrument's time stamp, header]
# bad_flag = -9.990e-29
*END*
          1 125.056863    0.00000     0.0000      0.000  1000.1175    391.869     0.1791     -0.113    9.27895     3.5158     3.5160     0.1181   16.82753 9.8810e-02     -0.114 0.0000e+00
          2 125.056866    0.00007     0.0042      0.250  1000.1237    407.802     0.1869     -0.114    9.27850     3.5156     3.5159     0.1243   16.82664 1.3969e-01     -0.115 0.0000e+00
          3 125.056869    0.00014     0.0083      0.500  1000.1330    431.426     0.1984     -0.114    9.27782     3.5155     3.5158     0.1336   16.82531 2.0782e-01     -0.115 0.0000e+00
          4 125.056872    0.00021     0.0125      0.750  1000.1451    462.008     0.2134     -0.114    9.27692     3.5154     3.5156     0.1457   16.82356 2.9422e-01     -0.115 0.0000e+00
          5 125.056875    0.00028     0.0167      1.000  1000.1593    497.523     0.2310     -0.114    9.27586     3.5154     3.5155     0.1599   16.82149 3.7211e-01     -0.115 0.0000e+00
          6 125.056878    0.00035     0.0208      1.250  1000.1739    532.874     0.2491     -0.114    9.27477     3.5156     3.5154     0.1745   16.81936 4.1892e-01     -0.115 0.0000e+00
          7 125.056881    0.00042     0.0250      1.500  1000.1868    562.410     0.2652     -0.114    9.27379     3.5160     3.5154     0.1874   16.81746 4.4703e-01     -0.115 0.0000e+00
          8 125.056884    0.00049     0.0292      1.750  1000.2000    590.237     0.2819     -0.113    9.27276     3.5168     3.5156     0.2006   16.81547 4.7425e-01     -0.115 0.0000e+00
          9 125.056887    0.00056     0.0333      2.000  1000.2207    632.933     0.3079     -0.113    9.27112     3.5183     3.5160     0.2213   16.81233 4.5907e-01     -0.114 0.0000e+00
         10 125.056889    0.00063     0.0375      2.250  1000.2593    714.961     0.3564     -0.112    9.26803     3.5209     3.5168     0.2599   16.80640 4.1456e-01     -0.114 0.0000e+00
         11 125.056892    0.00069     0.0417      2.500  1000.3312    870.929     0.4466     -0.111    9.26229     3.5254     3.5183     0.3317   16.79535 4.1943e-01     -0.113 0.0000e+00
         12 125.056895    0.00076     0.0458      2.750  1000.4592   1152.359     0.6070     -0.110    9.25204     3.5330     3.5209     0.4597   16.77564 4.8180e-01     -0.111 0.0000e+00
         13 125.056898    0.00083     0.0500      3.000  1000.6793   1639.206     0.8829     -0.108    9.23440     3.5458     3.5254     0.6798   16.74169 5.5649e-01     -0.109 0.0000e+00
         14 125.056901    0.00090     0.0542      3.250  1001.0501   2460.432     1.3473     -0.105    9.20466     3.5674     3.5330     1.0505   16.68447 6.2529e-01     -0.106 0.0000e+00
         15 125.056904    0.00097     0.0583      3.500  1001.6676   3828.365     2.1210     -0.100    9.15508     3.6033     3.5458     1.6681   16.58909 7.0887e-01     -0.101 0.0000e+00
         16 125.056907    0.00104     0.0625      3.750  1002.6920   6095.399     3.4044     -0.091    9.07280     3.6584     3.5674     2.6924   16.43082 8.1673e-01     -0.092 0.0000e+00
         17 125.056910    0.00111     0.0667      4.000  1004.1925   9386.786     5.2856     -0.078    8.95161     3.7267     3.6033     4.1929   16.19803 9.2048e-01     -0.079 0.0000e+00
         18 125.056913    0.00118     0.0708      4.250  1005.6121  12469.276     7.0668     -0.065    8.83247     3.7932     3.6584     5.6123   15.97049 9.9224e-01     -0.065 0.0000e+00
         19 125.056916    0.00125     0.0750      4.500  1005.9623  13247.338     7.5063     -0.062    8.78990     3.8458     3.7267     5.9625   15.89218 1.0302e+00     -0.063 0.0000e+00
         20 125.056918    0.00132     0.0792      4.750  1005.0494  11317.074     6.3593     -0.074    8.84154     3.8815     3.7932     5.0497   15.99637 1.0413e+00     -0.074 0.0000e+00
         21 125.056921    0.00139     0.0833      5.000  1003.6837   8383.307     4.6443     -0.090    8.93047     3.9030     3.8458     3.6841   16.17214 1.0280e+00     -0.090 0.0000e+00
         22 125.056924    0.00146     0.0875      5.250  1002.6035   6038.997     3.2886     -0.101    9.00253     3.9148     3.8815     2.6040   16.31422 9.6686e-01     -0.102 0.0000e+00
         23 125.056927    0.00153     0.0917      5.500  1001.9195   4544.870     2.4304     -0.107    9.04850     3.9203     3.9030     1.9200   16.40481 8.8353e-01     -0.108 0.0000e+00
         24 125.056930    0.00160     0.0958      5.750  1001.4938   3608.625     1.8966     -0.111    9.07755     3.9218     3.9148     1.4944   16.46196 8.3423e-01     -0.112 0.0000e+00
         25 125.056933    0.00167     0.1000      6.000  1001.2439   3055.184     1.5833     -0.113    9.09499     3.9209     3.9203     1.2445   16.49615 7.8323e-01     -0.114 0.0000e+00
         26 125.056936    0.00174     0.1042      6.250  1001.1233   2785.520     1.4323     -0.114    9.10372     3.9188     3.9218     1.1239   16.51320 7.1270e-01     -0.115 0.0000e+00
         27 125.056939    0.00181     0.1083      6.500  1001.1100   2752.325     1.4158     -0.115    9.10500     3.9164     3.9209     1.1106   16.51564 6.5182e-01     -0.116 0.0000e+00
         28 125.056942    0.00187     0.1125      6.750  1001.2045   2956.756     1.5345     -0.114    9.09853     3.9147     3.9188     1.2051   16.50294 6.3229e-01     -0.115 0.0000e+00
         29 125.056944    0.00194     0.1167      7.000  1001.4332   3456.186     1.8216     -0.112    9.08211     3.9153     3.9164     1.4338   16.47092 6.8383e-01     -0.113 0.0000e+00
         30 125.056947    0.00201     0.1208      7.250  1001.8579   4385.556     2.3546     -0.108    9.05093     3.9203     3.9147     1.8584   16.41026 7.8404e-01     -0.109 0.0000e+00
         31 125.056950    0.00208     0.1250      7.500  1002.5912   5991.626     3.2750     -0.101    8.99623     3.9320     3.9153     2.5917   16.30410 8.9352e-01     -0.102 0.0000e+00
         32 125.056953    0.00215     0.1292      7.750  1003.6686   8331.958     4.6280     -0.091    8.91513     3.9485     3.9203     3.6690   16.14702 9.8334e-01     -0.092 0.0000e+00
         33 125.056956    0.00222     0.1333      8.000  1004.4299   9978.252     5.5844     -0.082    8.85599     3.9632     3.9320     4.4303   16.03298 1.0454e+00     -0.083 0.0000e+00
         34 125.056959    0.00229     0.1375      8.250  1004.1039   9280.476     5.1748     -0.081    8.87615     3.9713     3.9485     4.1043   16.07311 1.0917e+00     -0.082 0.0000e+00
         35 125.056962    0.00236     0.1417      8.500  1003.1813   7273.213     4.0161     -0.087    8.94136     3.9742     3.9632     3.1817   16.20065 1.1228e+00     -0.088 0.0000e+00
         36 125.056965    0.00243     0.1458      8.750  1002.5087   5780.253     3.1723     -0.091    8.99012     3.9751     3.9713     2.5092   16.29596 1.1133e+00     -0.092 0.0000e+00
         37 125.056968    0.00250     0.1500      9.000  1002.2513   5174.087     2.8504     -0.089    9.00968     3.9756     3.9742     2.2518   16.33429 1.0305e+00     -0.090 0.0000e+00
         38 125.056970    0.00257     0.1542      9.250  1002.3691   5361.945     3.0002     -0.083    9.00249     3.9769     3.9751     2.3696   16.32068 8.6959e-01     -0.084 0.0000e+00
         39 125.056973    0.00264     0.1583      9.500  1002.9121   6438.518     3.6846     -0.071    8.96485     3.9802     3.9756     2.9125   16.24814 6.7119e-01     -0.071 0.0000e+00
         40 125.056976    0.00271     0.1625      9.750  1004.0334   8711.506     5.0969     -0.049    8.88589     3.9873     3.9769     4.0337   16.09568 4.9858e-01     -0.049 0.0000e+00
         41 125.056979    0.00278     0.1667     10.000  1006.0382  12801.478     7.6210     -0.011    8.74386     4.0008     3.9802     6.0383   15.82142 3.8405e-01     -0.011 0.0000e+00
         42 125.056982    0.00285     0.1708     10.250  1009.4377  19743.582    11.9012      0.051    8.50244     4.0212     3.9873     9.4375   15.35527 3.2266e-01      0.051 0.0000e+00
         43 125.056985    0.00292     0.1750     10.500  1013.9031  28819.189    17.5240      0.145    8.18582     4.0451     4.0008    13.9024   14.74439 2.9249e-01      0.146 0.0000e+00
         44 125.056988    0.00299     0.1792     10.750  1017.8632  36803.239    22.5117      0.266    7.90558     4.0673     4.0213    17.8619   14.20455 2.6608e-01      0.269 0.0000e+00
         45 125.056991    0.00306     0.1833     11.000  1020.4539  41995.541    25.7756      0.405    7.72132     4.0852     4.0451    20.4520   13.85032 2.3474e-01      0.409 0.0000e+00
         46 125.056994    0.00313     0.1875     11.250  1022.0013  45096.200    27.7257      0.547    7.60973     4.0978     4.0673    21.9987   13.63617 2.0993e-01      0.553 0.0000e+00
         47 125.056997    0.00319     0.1917     11.500  1022.9235  46943.855    28.8882      0.683    7.54234     4.1054     4.0852    22.9203   13.50708 1.9622e-01      0.690 0.0000e+00
         48 125.056999    0.00326     0.1958     11.750  1023.4709  48040.931    29.5782      0.804    7.50194     4.1085     4.0978    23.4671   13.42976 1.8977e-01      0.812 0.0000e+00
         49 125.057002    0.00333     0.2000     12.000  1023.7938  48688.753    29.9852      0.903    7.47804     4.1076     4.1054    23.7896   13.38403 1.8794e-01      0.912 0.0000e+00
         50 125.057005    0.00340     0.2042     12.250  1023.9842  49071.325    30.2248      0.975    7.46419     4.1038     4.1086    23.9796   13.35746 1.8662e-01      0.984 0.0000e+00
         51 125.057008    0.00347     0.2083     12.500  1024.0999  49303.975    30.3701      1.018    7.45633     4.1000     4.1076    24.0951   13.34224 1.8603e-01      1.027 0.0000e+00
         52 125.057011    0.00354     0.2125     12.750  1024.1748  49454.285    30.4638      1.038    7.45186     4.0986     4.1038    24.1699   13.33343 1.8543e-01      1.048 0.0000e+00
         53 125.057014    0.00361     0.2167     13.000  1024.2262  49556.839    30.5281      1.047    7.44906     4.1001     4.1000    24.2213   13.32783 1.7375e-01      1.057 0.0000e+00
         54 125.057017    0.00368     0.2208     13.250  1024.2625  49628.154    30.5735      1.054    7.44685     4.1034     4.0987    24.2575   13.32352 1.4581e-01      1.064 0.0000e+00
         55 125.057020    0.00375     0.2250     13.500  1024.2874  49676.436    30.6050      1.061    7.44490     4.1074     4.1002    24.2824   13.31985 1.1597e-01      1.071 0.0000e+00
         56 125.057023    0.00382     0.2292     13.750  1024.3033  49706.724    30.6254      1.069    7.44323     4.1114     4.1034    24.2983   13.31679 9.5872e-02      1.079 0.0000e+00
         57 125.057025    0.00389     0.2333     14.000  1024.3124  49723.657    30.6372      1.075    7.44188     4.1150     4.1074    24.3073   13.31440 8.3146e-02      1.085 0.0000e+00
         58 125.057028    0.00396     0.2375     14.250  1024.3170  49732.182    30.6436      1.075    7.44082     4.1181     4.1114    24.3119   13.31255 7.4540e-02      1.085 0.0000e+00
         59 125.057031    0.00403     0.2417     14.500  1024.3198  49737.008    30.6475      1.067    7.43995     4.1207     4.1151    24.3147   13.31105 6.8706e-02      1.077 0.0000e+00
         60 125.057034    0.00410     0.2458     14.750  1024.3224  49741.725    30.6513      1.050    7.43918     4.1228     4.1182    24.3174   13.30973 6.3380e-02      1.060 0.0000e+00
         61 125.057037    0.00417     0.2500     15.000  1024.3256  49747.626    30.6558      1.026    7.43848     4.1243     4.1208    24.3208   13.30851 5.6626e-02      1.035 0.0000e+00
         62 125.057040    0.00424     0.2542     15.250  1024.3290  49753.830    30.6604      0.998    7.43788     4.1253     4.1228    24.3243   13.30745 4.9899e-02      1.007 0.0000e+00
         63 125.057043    0.00431     0.2583     15.500  1024.3313  49758.088    30.6637      0.973    7.43744     4.1258     4.1243    24.3267   13.30669 4.5050e-02      0.982 0.0000e+00
         64 125.057046    0.00438     0.2625     15.750  1024.3312  49757.878    30.6638      0.958    7.43726     4.1262     4.1253    24.3266   13.30638 4.2027e-02      0.967 0.0000e+00
         65 125.057049    0.00444     0.2667     16.000  1024.3279  49751.672    30.6597      0.959    7.43735     4.1264     4.1259    24.3233   13.30659 4.0215e-02      0.968 0.0000e+00
         66 125.057052    0.00451     0.2708     16.250  1024.3213  49739.286    30.6513      0.976    7.43770     4.1264     4.1263    24.3167   13.30728 3.9129e-02      0.984 0.0000e+00
         67 125.057054    0.00458     0.2750     16.500  1024.3128  49723.303    30.6405      1.006    7.43821     4.1263     4.1265    24.3081   13.30826 3.8481e-02      1.015 0.0000e+00
         68 125.057057    0.00465     0.2792     16.750  1024.3061  49710.526    30.6318      1.046    7.43864     4.1264     4.1265    24.3011   13.30910 3.8096e-02      1.056 0.0000e+00
         69 125.057060    0.00472     0.2833     17.000  1024.3034  49705.257    30.6282      1.092    7.43884     4.1266     4.1264    24.2983   13.30946 3.7874e-02      1.102 0.0000e+00
         70 125.057063    0.00479     0.2875     17.250  1024.3032  49704.551    30.6277      1.138    7.43885     4.1270     4.1265    24.2979   13.30950 3.7754e-02      1.149 0.0000e+00
         71 125.057066    0.00486     0.2917     17.500  1024.3035  49704.713    30.6278      1.180    7.43880     4.1273     4.1267    24.2980   13.30942 3.7704e-02      1.191 0.0000e+00
         72 125.057069    0.00493     0.2958     17.750  1024.3035  49704.376    30.6276      1.212    7.43875     4.1277     4.1271    24.2978   13.30933 3.7712e-02      1.224 0.0000e+00
         73 125.057072    0.00500     0.3000     18.000  1024.3031  49703.510    30.6271      1.229    7.43870     4.1279     4.1274    24.2974   13.30926 3.7779e-02      1.241 0.0000e+00
         74 125.057075    0.00507     0.3042     18.250  1024.3034  49704.026    30.6276      1.226    7.43862     4.1281     4.1278    24.2977   13.30912 3.7923e-02      1.238 0.0000e+00
         75 125.057078    0.00514     0.3083     18.500  1024.3059  49708.649    30.6308      1.204    7.43842     4.1283     4.1280    24.3002   13.30874 3.8183e-02      1.216 0.0000e+00
         76 125.057080    0.00521     0.3125     18.750  1024.3107  49717.962    30.6372      1.165    7.43806     4.1283     4.1282    24.3053   13.30807 3.8539e-02      1.176 0.0000e+00
         77 125.057083    0.00528     0.3167     19.000  1024.3165  49729.041    30.6447      1.114    7.43765     4.1282     4.1284    24.3113   13.30729 3.8993e-02      1.125 0.0000e+00
         78 125.057086    0.00535     0.3208     19.250  1024.3213  49738.404    30.6511      1.058    7.43732     4.1280     4.1284    24.3163   13.30666 3.9218e-02      1.068 0.0000e+00
         79 125.057089    0.00542     0.3250     19.500  1024.3245  49744.742    30.6554      1.004    7.43713     4.1278     4.1283    24.3198   13.30628 3.8844e-02      1.014 0.0000e+00
         80 125.057092    0.00549     0.3292     19.750  1024.3261  49748.172    30.6577      0.957    7.43705     4.1276     4.1281    24.3216   13.30612 3.8306e-02      0.967 0.0000e+00
         81 125.057095    0.00556     0.3333     20.000  1024.3266  49749.321    30.6585      0.922    7.43705     4.1274     4.1279    24.3223   13.30611 3.7986e-02      0.931 0.0000e+00
         82 125.057098    0.00562     0.3375     20.250  1024.3264  49749.139    30.6584      0.902    7.43709     4.1271     4.1277    24.3222   13.30617 3.7798e-02      0.911 0.0000e+00
         83 125.057101    0.00569     0.3417     20.500  1024.3260  49748.489    30.6579      0.898    7.43715     4.1266     4.1275    24.3218   13.30628 3.7692e-02      0.907 0.0000e+00
         84 125.057104    0.00576     0.3458     20.750  1024.3256  49747.547    30.6572      0.914    7.43724     4.1256     4.1272    24.3213   13.30644 3.7640e-02      0.923 0.0000e+00
         85 125.057106    0.00583     0.3500     21.000  1024.3244  49745.145    30.6554      0.950    7.43743     4.1238     4.1266    24.3199   13.30677 3.7628e-02      0.959 0.0000e+00
