CTD-processing/allCTD/CNV--homogene/2012-07-02-kbaysubays-cast156-saa.cnv
* Sea-Bird SBE19plus Data File:
* FileName = C:\Documents and Settings\kris.holderied.local\My Documents\CTD-data-upload-2012-07-28\CTD5028-upload-2012-07-28-cast156.hex
* Software Version 1.54
* Temperature SN =  5028
* Conductivity SN =  5028
* System UpLoad Time = Jul 28 2012 12:02:28
** Kachemak Bay - CTD data - upload all 2012-07-28
** Date:  2012-07-02   xxxx Tide (x of 2 lines)
** Station: Sadie A
** Start time (AKDT-24 hr):1022
** Depth (ft):114
** Comments: None
# nquan = 17
# nvalues = 363                         
# units = specified
# name 0 = scan: Scan Count
# name 1 = timeJ: Julian Days
# name 2 = timeH: Time, Elapsed [hours]
# name 3 = timeM: Time, Elapsed [minutes]
# name 4 = timeS: Time, Elapsed [seconds]
# name 5 = density00: Density [density, kg/m^3]
# name 6 = specc: Specific Conductance [uS/cm]
# name 7 = sal00: Salinity, Practical [PSU]
# name 8 = depSM: Depth [salt water, m], lat = 59.00
# name 9 = oxsolML/L: Oxygen Saturation, Garcia & Gordon [ml/l]
# name 10 = potemp090C: Potential Temperature [ITS-90, deg C]
# name 11 = tv290C: Temperature [ITS-90, deg C]
# name 12 = sigma-é00: Density [sigma-theta, kg/m^3]
# name 13 = n2satML/L: Nitrogen Saturation [ml/l]
# name 14 = par: PAR/Irradiance, Biospherical/Licor [umol photons/m^2/sec]
# name 15 = prdM: Pressure, Strain Gauge [db]
# name 16 = flag:  0.000e+00
# span 0 =          1,        363       
# span 1 = 184.432766, 184.433814       
# span 2 =    0.00000,    0.02514       
# span 3 =     0.0000,     1.5083       
# span 4 =      0.000,     90.500       
# span 5 =  1000.1959,  1024.7357       
# span 6 =   1318.931,  50033.083       
# span 7 =     0.6510,    31.4926       
# span 8 =     -0.073,     30.035       
# span 9 =    6.52058,    7.82989       
# span 10 =     7.4520,    10.6175      
# span 11 =     7.4548,    10.6176      
# span 12 =     0.1962,    24.5966      
# span 13 =   11.82213,   14.38176      
# span 14 = 1.4468e-01, 3.1015e+02      
# span 15 =     -0.074,     30.320      
# span 16 = 0.0000e+00, 0.0000e+00      
# interval = seconds: 0.25
# start_time = Jul 02 2012 10:23:11 [Instrument's time stamp, header]
# bad_flag = -9.990e-29
*END*
[from data line 341]
        342 184.433753    0.02368     1.4208     85.250  1024.6639  49958.283    31.4632     23.016    6.81967     7.5574     7.5727    24.5573   12.27558 4.7695e-01     23.234 0.0000e+00
        343 184.433756    0.02375     1.4250     85.500  1024.6698  49965.848    31.4671     23.412    6.82063     7.5531     7.5655    24.5614   12.27712 4.4160e-01     23.635 0.0000e+00
        344 184.433759    0.02382     1.4292     85.750  1024.6758  49973.510    31.4713     23.809    6.82137     7.5500     7.5596    24.5655   12.27828 4.0912e-01     24.035 0.0000e+00
        345 184.433762    0.02389     1.4333     86.000  1024.6809  49979.764    31.4748     24.207    6.82188     7.5476     7.5553    24.5688   12.27908 3.7913e-01     24.437 0.0000e+00
        346 184.433764    0.02396     1.4375     86.250  1024.6847  49983.491    31.4767     24.608    6.82226     7.5450     7.5523    24.5708   12.27969 3.5129e-01     24.841 0.0000e+00
        347 184.433767    0.02403     1.4417     86.500  1024.6874  49985.195    31.4773     25.010    6.82261     7.5420     7.5499    24.5716   12.28027 3.2556e-01     25.247 0.0000e+00
        348 184.433770    0.02410     1.4458     86.750  1024.6894  49985.734    31.4770     25.412    6.82301     7.5381     7.5474    24.5717   12.28093 3.0204e-01     25.653 0.0000e+00
        349 184.433773    0.02417     1.4500     87.000  1024.6910  49985.472    31.4762     25.811    6.82352     7.5330     7.5444    24.5715   12.28177 2.8084e-01     26.056 0.0000e+00
        350 184.433776    0.02424     1.4542     87.250  1024.6927  49985.499    31.4754     26.206    6.82416     7.5270     7.5405    24.5714   12.28284 2.6187e-01     26.455 0.0000e+00
        351 184.433779    0.02431     1.4583     87.500  1024.6951  49986.746    31.4752     26.596    6.82494     7.5205     7.5355    24.5720   12.28415 2.4481e-01     26.849 0.0000e+00
        352 184.433782    0.02438     1.4625     87.750  1024.6983  49989.438    31.4759     26.984    6.82585     7.5139     7.5295    24.5734   12.28563 2.2926e-01     27.241 0.0000e+00
        353 184.433785    0.02444     1.4667     88.000  1024.7020  49993.161    31.4773     27.370    6.82680     7.5073     7.5230    24.5753   12.28719 2.1499e-01     27.631 0.0000e+00
        354 184.433788    0.02451     1.4708     88.250  1024.7059  49997.305    31.4789     27.753    6.82776     7.5008     7.5164    24.5775   12.28875 2.0188e-01     28.017 0.0000e+00
        355 184.433791    0.02458     1.4750     88.500  1024.7098  50001.325    31.4805     28.130    6.82870     7.4941     7.5099    24.5796   12.29030 1.8992e-01     28.398 0.0000e+00
        356 184.433793    0.02465     1.4792     88.750  1024.7132  50004.461    31.4814     28.500    6.82967     7.4864     7.5035    24.5812   12.29188 1.7916e-01     28.770 0.0000e+00
        357 184.433796    0.02472     1.4833     89.000  1024.7156  50005.982    31.4812     28.855    6.83072     7.4775     7.4968    24.5820   12.29363 1.6963e-01     29.129 0.0000e+00
        358 184.433799    0.02479     1.4875     89.250  1024.7176  50006.920    31.4804     29.189    6.83195     7.4680     7.4891    24.5824   12.29567 1.6146e-01     29.466 0.0000e+00
        359 184.433802    0.02486     1.4917     89.500  1024.7208  50010.395    31.4812     29.485    6.83332     7.4598     7.4802    24.5842   12.29792 1.5486e-01     29.765 0.0000e+00
        360 184.433805    0.02493     1.4958     89.750  1024.7255  50017.056    31.4842     29.727    6.83466     7.4541     7.4707    24.5878   12.30010 1.5001e-01     30.009 0.0000e+00
        361 184.433808    0.02500     1.5000     90.000  1024.7304  50024.586    31.4880     29.901    6.83578     7.4520     7.4625    24.5919   12.30191 1.4687e-01     30.185 0.0000e+00
        362 184.433811    0.02507     1.5042     90.250  1024.7342  50030.672    31.4913     30.002    6.83652 -9.990e-29     7.4568    24.5953   12.30310 1.4519e-01     30.287 0.0000e+00
        363 184.433814    0.02514     1.5083     90.500  1024.7357  50033.083    31.4926     30.035    6.83678 -9.990e-29     7.4548    24.5966   12.30351 1.4468e-01     30.320 0.0000e+00
