CTD-processing/allCTD/CNV--homogene/2012_09-21_t9_s02_repeat3_cast172.cnv
* Sea-Bird SBE19plus Data File:
* FileName = C:\Documents and Settings\kris.holderied.local\My Documents\2012-CTD-DATA-new-files\2012-09-21-CTD-HomerSpit-tide-time-series-KBRRctd\2012-09-21-CTD-HomerSpit-tide-repeat3\2012-09-21-HomerSpit-tide-repeat3-cast172.hex
* Software Version 1.54
* Temperature SN =  4141
* Conductivity SN =  4141
* System UpLoad Time = Oct 11 2012 19:09:37
** Kachemak Bay Homer Spit Line - Tidal repeat3
** Date:  2012-09-21
** Station: 9-02
** Start time (AKDT-24 hr): 1334
** Depth (ft): 250
** Comment:On inshore (south) side of strong front. Very turbid water with glacial till. Less than 0.25 m. No drift at this station.
# nquan = 17
# nvalues = 650                         
# units = specified
# name 0 = scan: Scan Count
# name 1 = timeJ: Julian Days
# name 2 = timeH: Time, Elapsed [hours]
# name 3 = timeM: Time, Elapsed [minutes]
# name 4 = timeS: Time, Elapsed [seconds]
# name 5 = density00: Density [density, kg/m^3]
# name 6 = specc: Specific Conductance [uS/cm]
# name 7 = sal00: Salinity, Practical [PSU]
# name 8 = depSM: Depth [salt water, m], lat = 59.00
# name 9 = oxsolML/L: Oxygen Saturation, Garcia & Gordon [ml/l]
# name 10 = potemp090C: Potential Temperature [ITS-90, deg C]
# name 11 = tv290C: Temperature [ITS-90, deg C]
# name 12 = sigma-é00: Density [sigma-theta, kg/m^3]
# name 13 = n2satML/L: Nitrogen Saturation [ml/l]
# name 14 = par: PAR/Irradiance, Biospherical/Licor
# name 15 = prdM: Pressure, Strain Gauge [db]
# name 16 = flag:  0.000e+00
# span 0 =          1,        650       
# span 1 = 265.565150, 265.567028       
# span 2 =    0.00000,    0.04507       
# span 3 =     0.0000,     2.7042       
# span 4 =      0.000,    162.250       
# span 5 =  1002.9892,  1024.0006       
# span 6 =   7670.867,  48479.369       
# span 7 =     4.2067,    30.6946       
# span 8 =     -0.106,     72.386       
# span 9 =    6.54793,    7.70238       
# span 10 =     9.1156,    10.0872      
# span 11 =     9.1156,    10.0876      
# span 12 =     2.9897,    23.6686      
# span 13 =   11.83706,   14.08534      
# span 14 = 6.6359e-02, 6.0605e+02      
# span 15 =     -0.107,     73.082      
# span 16 = 0.0000e+00, 0.0000e+00      
# interval = seconds: 0.25
# start_time = Sep 21 2012 13:33:49 [Instrument's time stamp, header]
# bad_flag = -9.990e-29
*END*
[from data line 511]
        512 265.566629    0.03549     2.1292    127.750  1023.6400  48099.857    30.4583     38.267    6.55155     9.6472     9.6498    23.4645   11.84404 6.6739e-02     38.631 0.0000e+00
        513 265.566632    0.03556     2.1333    128.000  1023.6422  48101.904    30.4597     38.512    6.55139     9.6483     9.6505    23.4655   11.84376 6.6760e-02     38.879 0.0000e+00
        514 265.566635    0.03562     2.1375    128.250  1023.6446  48104.616    30.4616     38.756    6.55119     9.6497     9.6513    23.4669   11.84340 6.6744e-02     39.126 0.0000e+00
        515 265.566638    0.03569     2.1417    128.500  1023.6473  48107.754    30.4638     38.993    6.55093     9.6514     9.6525    23.4684   11.84295 6.6714e-02     39.365 0.0000e+00
        516 265.566641    0.03576     2.1458    128.750  1023.6498  48110.713    30.4660     39.221    6.55063     9.6532     9.6539    23.4699   11.84244 6.6693e-02     39.595 0.0000e+00
        517 265.566644    0.03583     2.1500    129.000  1023.6523  48113.773    30.4683     39.438    6.55029     9.6552     9.6556    23.4714   11.84185 6.6686e-02     39.814 0.0000e+00
        518 265.566646    0.03590     2.1542    129.250  1023.6552  48117.512    30.4710     39.650    6.54991     9.6572     9.6574    23.4733   11.84117 6.6692e-02     40.028 0.0000e+00
        519 265.566649    0.03597     2.1583    129.500  1023.6583  48121.651    30.4741     39.863    6.54949     9.6591     9.6594    23.4754   11.84044 6.6667e-02     40.244 0.0000e+00
        520 265.566652    0.03604     2.1625    129.750  1023.6613  48125.741    30.4771     40.083    6.54907     9.6606     9.6615    23.4774   11.83971 6.6591e-02     40.466 0.0000e+00
        521 265.566655    0.03611     2.1667    130.000  1023.6642  48129.472    30.4799     40.312    6.54868     9.6617     9.6634    23.4793   11.83902 6.6499e-02     40.696 0.0000e+00
        522 265.566658    0.03618     2.1708    130.250  1023.6668  48132.409    30.4821     40.548    6.54836     9.6621     9.6650    23.4807   11.83847 6.6439e-02     40.935 0.0000e+00
        523 265.566661    0.03625     2.1750    130.500  1023.6689  48134.486    30.4836     40.790    6.54815     9.6622     9.6660    23.4817   11.83810 6.6441e-02     41.179 0.0000e+00
        524 265.566664    0.03632     2.1792    130.750  1023.6707  48136.043    30.4846     41.034    6.54803     9.6619     9.6665    23.4825   11.83789 6.6488e-02     41.426 0.0000e+00
        525 265.566667    0.03639     2.1833    131.000  1023.6724  48137.252    30.4854     41.280    6.54798     9.6613     9.6666    23.4831   11.83781 6.6530e-02     41.674 0.0000e+00
        526 265.566670    0.03646     2.1875    131.250  1023.6740  48138.209    30.4859     41.527    6.54800     9.6605     9.6663    23.4835   11.83784 6.6558e-02     41.923 0.0000e+00
        527 265.566672    0.03653     2.1917    131.500  1023.6757  48139.213    30.4865     41.774    6.54807     9.6596     9.6657    23.4840   11.83793 6.6594e-02     42.173 0.0000e+00
        528 265.566675    0.03660     2.1958    131.750  1023.6775  48140.528    30.4872     42.022    6.54815     9.6586     9.6649    23.4847   11.83806 6.6645e-02     42.423 0.0000e+00
        529 265.566678    0.03667     2.2000    132.000  1023.6795  48142.145    30.4881     42.269    6.54824     9.6577     9.6640    23.4856   11.83819 6.6680e-02     42.672 0.0000e+00
        530 265.566681    0.03674     2.2042    132.250  1023.6816  48143.935    30.4891     42.515    6.54832     9.6569     9.6631    23.4865   11.83832 6.6667e-02     42.920 0.0000e+00
        531 265.566684    0.03681     2.2083    132.500  1023.6837  48145.852    30.4903     42.759    6.54840     9.6562     9.6623    23.4876   11.83843 6.6624e-02     43.166 0.0000e+00
        532 265.566687    0.03687     2.2125    132.750  1023.6859  48147.908    30.4915     43.000    6.54846     9.6554     9.6615    23.4887   11.83852 6.6558e-02     43.410 0.0000e+00
        533 265.566690    0.03694     2.2167    133.000  1023.6881  48150.056    30.4928     43.239    6.54851     9.6547     9.6608    23.4898   11.83859 6.6477e-02     43.651 0.0000e+00
        534 265.566693    0.03701     2.2208    133.250  1023.6903  48152.137    30.4941     43.479    6.54856     9.6540     9.6601    23.4909   11.83865 6.6418e-02     43.894 0.0000e+00
        535 265.566696    0.03708     2.2250    133.500  1023.6924  48153.989    30.4952     43.722    6.54861     9.6534     9.6594    23.4919   11.83873 6.6411e-02     44.139 0.0000e+00
        536 265.566698    0.03715     2.2292    133.750  1023.6944  48155.625    30.4962     43.969    6.54867     9.6527     9.6587    23.4928   11.83881 6.6454e-02     44.388 0.0000e+00
        537 265.566701    0.03722     2.2333    134.000  1023.6964  48157.239    30.4971     44.216    6.54872     9.6520     9.6581    23.4936   11.83889 6.6477e-02     44.637 0.0000e+00
        538 265.566704    0.03729     2.2375    134.250  1023.6985  48159.124    30.4983     44.460    6.54876     9.6513     9.6575    23.4946   11.83894 6.6452e-02     44.884 0.0000e+00
        539 265.566707    0.03736     2.2417    134.500  1023.7009  48161.491    30.4997     44.698    6.54880     9.6505     9.6568    23.4959   11.83898 6.6413e-02     45.125 0.0000e+00
        540 265.566710    0.03743     2.2458    134.750  1023.7035  48164.335    30.5016     44.931    6.54882     9.6497     9.6561    23.4974   11.83900 6.6384e-02     45.360 0.0000e+00
        541 265.566713    0.03750     2.2500    135.000  1023.7063  48167.602    30.5037     45.159    6.54884     9.6489     9.6554    23.4992   11.83900 6.6370e-02     45.591 0.0000e+00
        542 265.566716    0.03757     2.2542    135.250  1023.7093  48171.202    30.5060     45.387    6.54885     9.6481     9.6546    23.5011   11.83899 6.6359e-02     45.820 0.0000e+00
        543 265.566719    0.03764     2.2583    135.500  1023.7124  48174.983    30.5084     45.617    6.54887     9.6474     9.6538    23.5031   11.83899 6.6363e-02     46.052 0.0000e+00
        544 265.566722    0.03771     2.2625    135.750  1023.7157  48179.015    30.5111     45.850    6.54887     9.6471     9.6530    23.5053   11.83897 6.6402e-02     46.288 0.0000e+00
        545 265.566725    0.03778     2.2667    136.000  1023.7189  48183.077    30.5137     46.088    6.54886     9.6470     9.6523    23.5075   11.83890 6.6452e-02     46.528 0.0000e+00
        546 265.566727    0.03785     2.2708    136.250  1023.7218  48186.436    30.5159     46.327    6.54881     9.6472     9.6520    23.5093   11.83880 6.6477e-02     46.770 0.0000e+00
        547 265.566730    0.03792     2.2750    136.500  1023.7242  48189.065    30.5177     46.566    6.54874     9.6475     9.6520    23.5106   11.83866 6.6485e-02     47.011 0.0000e+00
        548 265.566733    0.03799     2.2792    136.750  1023.7267  48191.752    30.5195     46.803    6.54863     9.6481     9.6522    23.5120   11.83846 6.6489e-02     47.250 0.0000e+00
        549 265.566736    0.03806     2.2833    137.000  1023.7293  48194.770    30.5216     47.037    6.54849     9.6486     9.6526    23.5136   11.83820 6.6497e-02     47.487 0.0000e+00
        550 265.566739    0.03812     2.2875    137.250  1023.7318  48197.488    30.5235     47.270    6.54833     9.6490     9.6531    23.5150   11.83792 6.6534e-02     47.722 0.0000e+00
        551 265.566742    0.03819     2.2917    137.500  1023.7339  48199.516    30.5249     47.501    6.54819     9.6489     9.6537    23.5160   11.83766 6.6601e-02     47.955 0.0000e+00
        552 265.566745    0.03826     2.2958    137.750  1023.7359  48201.426    30.5261     47.731    6.54808     9.6484     9.6540    23.5169   11.83747 6.6652e-02     48.187 0.0000e+00
        553 265.566748    0.03833     2.3000    138.000  1023.7382  48203.968    30.5278     47.959    6.54802     9.6477     9.6540    23.5183   11.83735 6.6665e-02     48.417 0.0000e+00
        554 265.566751    0.03840     2.3042    138.250  1023.7412  48207.554    30.5302     48.186    6.54798     9.6467     9.6536    23.5202   11.83726 6.6663e-02     48.646 0.0000e+00
        555 265.566753    0.03847     2.3083    138.500  1023.7448  48212.265    30.5333     48.413    6.54795     9.6454     9.6529    23.5227   11.83717 6.6632e-02     48.876 0.0000e+00
        556 265.566756    0.03854     2.3125    138.750  1023.7490  48217.957    30.5371     48.644    6.54793     9.6438     9.6519    23.5258   11.83710 6.6566e-02     49.108 0.0000e+00
        557 265.566759    0.03861     2.3167    139.000  1023.7536  48224.483    30.5414     48.877    6.54794     9.6422     9.6506    23.5294   11.83706 6.6530e-02     49.344 0.0000e+00
        558 265.566762    0.03868     2.3208    139.250  1023.7585  48231.435    30.5460     49.112    6.54797     9.6408     9.6490    23.5332   11.83706 6.6521e-02     49.581 0.0000e+00
        559 265.566765    0.03875     2.3250    139.500  1023.7633  48238.079    30.5503     49.348    6.54802     9.6398     9.6474    23.5369   11.83708 6.6503e-02     49.820 0.0000e+00
        560 265.566768    0.03882     2.3292    139.750  1023.7674  48243.722    30.5540     49.585    6.54805     9.6391     9.6461    23.5400   11.83709 6.6492e-02     50.059 0.0000e+00
        561 265.566771    0.03889     2.3333    140.000  1023.7709  48248.026    30.5568     49.822    6.54807     9.6386     9.6451    23.5423   11.83709 6.6468e-02     50.298 0.0000e+00
        562 265.566774    0.03896     2.3375    140.250  1023.7736  48251.178    30.5589     50.060    6.54808     9.6381     9.6445    23.5440   11.83709 6.6416e-02     50.539 0.0000e+00
        563 265.566777    0.03903     2.3417    140.500  1023.7761  48253.706    30.5605     50.298    6.54809     9.6377     9.6440    23.5453   11.83708 6.6383e-02     50.779 0.0000e+00
        564 265.566780    0.03910     2.3458    140.750  1023.7783  48255.948    30.5619     50.532    6.54810     9.6373     9.6435    23.5465   11.83707 6.6384e-02     51.015 0.0000e+00
        565 265.566782    0.03917     2.3500    141.000  1023.7804  48257.884    30.5631     50.760    6.54811     9.6369     9.6431    23.5476   11.83708 6.6421e-02     51.245 0.0000e+00
        566 265.566785    0.03924     2.3542    141.250  1023.7822  48259.432    30.5640     50.981    6.54813     9.6366     9.6427    23.5484   11.83709 6.6481e-02     51.469 0.0000e+00
        567 265.566788    0.03931     2.3583    141.500  1023.7838  48260.630    30.5647     51.197    6.54815     9.6363     9.6424    23.5490   11.83711 6.6529e-02     51.687 0.0000e+00
        568 265.566791    0.03938     2.3625    141.750  1023.7853  48261.592    30.5653     51.412    6.54816     9.6361     9.6421    23.5494   11.83714 6.6560e-02     51.904 0.0000e+00
        569 265.566794    0.03944     2.3667    142.000  1023.7867  48262.414    30.5657     51.633    6.54818     9.6359     9.6418    23.5498   11.83716 6.6570e-02     52.127 0.0000e+00
        570 265.566797    0.03951     2.3708    142.250  1023.7881  48263.178    30.5661     51.863    6.54819     9.6357     9.6416    23.5502   11.83717 6.6535e-02     52.359 0.0000e+00
        571 265.566800    0.03958     2.3750    142.500  1023.7895  48263.961    30.5666     52.105    6.54820     9.6354     9.6415    23.5506   11.83718 6.6479e-02     52.603 0.0000e+00
        572 265.566803    0.03965     2.3792    142.750  1023.7911  48264.851    30.5671     52.355    6.54821     9.6351     9.6413    23.5510   11.83719 6.6460e-02     52.856 0.0000e+00
        573 265.566806    0.03972     2.3833    143.000  1023.7928  48265.875    30.5677     52.610    6.54822     9.6347     9.6410    23.5515   11.83720 6.6473e-02     53.113 0.0000e+00
        574 265.566808    0.03979     2.3875    143.250  1023.7944  48266.936    30.5683     52.863    6.54823     9.6342     9.6408    23.5520   11.83722 6.6490e-02     53.369 0.0000e+00
        575 265.566811    0.03986     2.3917    143.500  1023.7961  48268.007    30.5689     53.114    6.54826     9.6337     9.6404    23.5525   11.83725 6.6512e-02     53.622 0.0000e+00
        576 265.566814    0.03993     2.3958    143.750  1023.7979  48269.189    30.5695     53.363    6.54829     9.6332     9.6400    23.5531   11.83730 6.6562e-02     53.874 0.0000e+00
        577 265.566817    0.04000     2.4000    144.000  1023.7997  48270.541    30.5703     53.616    6.54833     9.6327     9.6395    23.5538   11.83734 6.6641e-02     54.129 0.0000e+00
        578 265.566820    0.04007     2.4042    144.250  1023.8017  48272.096    30.5712     53.878    6.54836     9.6322     9.6390    23.5546   11.83738 6.6704e-02     54.393 0.0000e+00
        579 265.566823    0.04014     2.4083    144.500  1023.8039  48273.883    30.5723     54.151    6.54838     9.6317     9.6386    23.5556   11.83741 6.6738e-02     54.669 0.0000e+00
        580 265.566826    0.04021     2.4125    144.750  1023.8062  48275.771    30.5735     54.434    6.54840     9.6311     9.6381    23.5565   11.83743 6.6757e-02     54.954 0.0000e+00
        581 265.566829    0.04028     2.4167    145.000  1023.8084  48277.566    30.5746     54.721    6.54843     9.6305     9.6376    23.5574   11.83746 6.6785e-02     55.245 0.0000e+00
        582 265.566832    0.04035     2.4208    145.250  1023.8105  48279.140    30.5755     55.006    6.54847     9.6300     9.6370    23.5582   11.83752 6.6834e-02     55.533 0.0000e+00
        583 265.566834    0.04042     2.4250    145.500  1023.8125  48280.478    30.5762     55.282    6.54852     9.6295     9.6365    23.5589   11.83759 6.6854e-02     55.811 0.0000e+00
        584 265.566837    0.04049     2.4292    145.750  1023.8143  48281.668    30.5769     55.546    6.54857     9.6291     9.6359    23.5595   11.83766 6.6867e-02     56.078 0.0000e+00
        585 265.566840    0.04056     2.4333    146.000  1023.8160  48282.703    30.5774     55.798    6.54861     9.6288     9.6355    23.5600   11.83772 6.6907e-02     56.333 0.0000e+00
        586 265.566843    0.04063     2.4375    146.250  1023.8175  48283.572    30.5779     56.043    6.54864     9.6286     9.6351    23.5605   11.83777 6.6950e-02     56.580 0.0000e+00
        587 265.566846    0.04069     2.4417    146.500  1023.8189  48284.316    30.5783     56.285    6.54866     9.6284     9.6349    23.5608   11.83781 6.6993e-02     56.824 0.0000e+00
        588 265.566849    0.04076     2.4458    146.750  1023.8203  48284.942    30.5786     56.529    6.54867     9.6283     9.6347    23.5611   11.83782 6.7025e-02     57.070 0.0000e+00
        589 265.566852    0.04083     2.4500    147.000  1023.8217  48285.530    30.5789     56.779    6.54868     9.6281     9.6345    23.5613   11.83783 6.7037e-02     57.323 0.0000e+00
        590 265.566855    0.04090     2.4542    147.250  1023.8233  48286.264    30.5793     57.040    6.54868     9.6279     9.6344    23.5617   11.83783 6.7045e-02     57.586 0.0000e+00
        591 265.566858    0.04097     2.4583    147.500  1023.8250  48287.283    30.5798     57.314    6.54868     9.6277     9.6342    23.5622   11.83782 6.7071e-02     57.863 0.0000e+00
        592 265.566861    0.04104     2.4625    147.750  1023.8269  48288.524    30.5806     57.598    6.54868     9.6276     9.6341    23.5628   11.83780 6.7062e-02     58.150 0.0000e+00
        593 265.566863    0.04111     2.4667    148.000  1023.8288  48289.718    30.5813     57.888    6.54867     9.6274     9.6339    23.5633   11.83779 6.6980e-02     58.442 0.0000e+00
        594 265.566866    0.04118     2.4708    148.250  1023.8306  48290.692    30.5818     58.177    6.54866     9.6272     9.6338    23.5638   11.83777 6.6939e-02     58.734 0.0000e+00
        595 265.566869    0.04125     2.4750    148.500  1023.8322  48291.513    30.5822     58.457    6.54866     9.6270     9.6337    23.5641   11.83776 6.7009e-02     59.018 0.0000e+00
