CTD-processing/allCTD/CNV--homogene/2012-10-28_t6-s12.cnv
* Sea-Bird SBE19plus Data File:
* FileName = C:\Documents and Settings\kris.holderied.local\My Documents\2012-10-CookInlet-Ocean-LTM\2012-10-28-EVOSTC-CookInletOcean-Tran6-Douglas\2012-10-28-CookInletOcean-Tran6-cast017.hex
* Software Version 1.54
* Temperature SN =  4141
* Conductivity SN =  4141
* System UpLoad Time = Oct 28 2012 19:44:22
** Cook Inlet EVOSTC Transect 6 Douglas line west to east
** Date:   28 Oct 2012
** Station:  6-12
** Start time (AKDT-24 hr):  1428
** Depth (m):  147
** Comment:
# nquan = 17
# nvalues = 914                         
# units = specified
# name 0 = scan: Scan Count
# name 1 = timeJ: Julian Days
# name 2 = timeH: Time, Elapsed [hours]
# name 3 = timeM: Time, Elapsed [minutes]
# name 4 = timeS: Time, Elapsed [seconds]
# name 5 = density00: Density [density, kg/m^3]
# name 6 = specc: Specific Conductance [uS/cm]
# name 7 = sal00: Salinity, Practical [PSU]
# name 8 = depSM: Depth [salt water, m], lat = 59.00
# name 9 = oxsolML/L: Oxygen Saturation, Garcia & Gordon [ml/l]
# name 10 = potemp090C: Potential Temperature [ITS-90, deg C]
# name 11 = tv290C: Temperature [ITS-90, deg C]
# name 12 = sigma-é00: Density [sigma-theta, kg/m^3]
# name 13 = n2satML/L: Nitrogen Saturation [ml/l]
# name 14 = par: PAR/Irradiance, Biospherical/Licor
# name 15 = prdM: Pressure, Strain Gauge [db]
# name 16 = flag:  0.000e+00
# span 0 =          1,        914       
# span 1 = 302.602720, 302.605362       
# span 2 =    0.00000,    0.06340       
# span 3 =     0.0000,     3.8042       
# span 4 =      0.000,    228.250       
# span 5 =  1000.2307,  1026.0920       
# span 6 =    749.733,  51798.035       
# span 7 =     0.3567,    32.4673       
# span 8 =     -0.039,    123.992       
# span 9 =    6.77775,    8.70846       
# span 10 =     5.8888,     7.7585      
# span 11 =     5.8888,     7.7586      
# span 12 =     0.2308,    25.5156      
# span 13 =   12.19801,   15.86696      
# span 14 = 3.6382e-02, 1.4725e+02      
# span 15 =     -0.040,    125.201      
# span 16 = 0.0000e+00, 0.0000e+00      
# interval = seconds: 0.25
# start_time = Oct 28 2012 14:27:55 [Instrument's time stamp, header]
# bad_flag = -9.990e-29
*END*
[from data line 86]
         87 302.602969    0.00597     0.3583     21.500  1024.6869  50167.306    31.6396      1.892    6.79221     7.7005     7.6991    24.6782   12.22798 4.2280e+01      1.910 0.0000e+00
         88 302.602972    0.00604     0.3625     21.750  1024.6856  50164.569    31.6378      1.928    6.79219     7.7017     7.6997    24.6767   12.22797 4.2359e+01      1.946 0.0000e+00
         89 302.602975    0.00611     0.3667     22.000  1024.6831  50159.753    31.6345      1.975    6.79218     7.7028     7.7007    24.6740   12.22799 4.1926e+01      1.993 0.0000e+00
         90 302.602977    0.00618     0.3708     22.250  1024.6796  50153.026    31.6300      2.021    6.79220     7.7037     7.7019    24.6703   12.22808 4.1223e+01      2.040 0.0000e+00
         91 302.602980    0.00625     0.3750     22.500  1024.6755  50145.294    31.6248      2.057    6.79226     7.7043     7.7030    24.6660   12.22824 4.0676e+01      2.076 0.0000e+00
         92 302.602983    0.00632     0.3792     22.750  1024.6719  50138.610    31.6203      2.074    6.79232     7.7045     7.7039    24.6623   12.22840 4.0538e+01      2.094 0.0000e+00
         93 302.602986    0.00639     0.3833     23.000  1024.6701  50135.398    31.6181      2.070    6.79232     7.7042     7.7045    24.6606   12.22843 4.0891e+01      2.090 0.0000e+00
         94 302.602989    0.00646     0.3875     23.250  1024.6707  50136.664    31.6190      2.047    6.79225     7.7034     7.7047    24.6613   12.22830 4.1559e+01      2.066 0.0000e+00
         95 302.602992    0.00653     0.3917     23.500  1024.6732  50141.432    31.6223      2.009    6.79215     7.7023     7.7044    24.6639   12.22809 4.2215e+01      2.028 0.0000e+00
         96 302.602995    0.00660     0.3958     23.750  1024.6763  50147.387    31.6264      1.965    6.79209     7.7010     7.7036    24.6672   12.22794 4.2647e+01      1.983 0.0000e+00
         97 302.602998    0.00667     0.4000     24.000  1024.6787  50152.071    31.6295      1.923    6.79213     7.6999     7.7025    24.6698   12.22797 4.2604e+01      1.941 0.0000e+00
         98 302.603001    0.00674     0.4042     24.250  1024.6797  50154.101    31.6307      1.891    6.79227     7.6991     7.7012    24.6709   12.22818 4.1906e+01      1.909 0.0000e+00
         99 302.603003    0.00681     0.4083     24.500  1024.6792  50153.285    31.6300      1.874    6.79248     7.6985     7.7001    24.6705   12.22854 4.0935e+01      1.892 0.0000e+00
        100 302.603006    0.00688     0.4125     24.750  1024.6774  50150.028    31.6276      1.871    6.79272     7.6983     7.6992    24.6687   12.22896 4.0345e+01      1.890 0.0000e+00
        101 302.603009    0.00694     0.4167     25.000  1024.6745  50144.708    31.6237      1.881    6.79297     7.6983     7.6987    24.6658   12.22943 4.0442e+01      1.899 0.0000e+00
        102 302.603012    0.00701     0.4208     25.250  1024.6705  50137.325    31.6185      1.898    6.79324     7.6985     7.6984    24.6617   12.22994 4.0980e+01      1.916 0.0000e+00
        103 302.603015    0.00708     0.4250     25.500  1024.6654  50127.822    31.6119      1.918    6.79353     7.6987     7.6984    24.6565   12.23051 4.1516e+01      1.936 0.0000e+00
        104 302.603018    0.00715     0.4292     25.750  1024.6594  50116.682    31.6041      1.935    6.79385     7.6990     7.6986    24.6504   12.23112 4.1776e+01      1.953 0.0000e+00
        105 302.603021    0.00722     0.4333     26.000  1024.6531  50105.165    31.5961      1.947    6.79416     7.6994     7.6989    24.6441   12.23174 4.1488e+01      1.965 0.0000e+00
        106 302.603024    0.00729     0.4375     26.250  1024.6476  50095.213    31.5892      1.954    6.79442     7.6999     7.6992    24.6386   12.23226 4.0689e+01      1.972 0.0000e+00
        107 302.603027    0.00736     0.4417     26.500  1024.6438  50088.235    31.5844      1.955    6.79458     7.7003     7.6996    24.6348   12.23257 4.0017e+01      1.973 0.0000e+00
        108 302.603030    0.00743     0.4458     26.750  1024.6405  50082.237    31.5803      1.951    6.79468     7.7001     7.7001    24.6315   12.23280 3.9976e+01      1.970 0.0000e+00
        109 302.603032    0.00750     0.4500     27.000  1024.6346  50071.502    31.5729      1.942    6.79496     7.6992     7.7004    24.6256   12.23335 4.0389e+01      1.961 0.0000e+00
        110 302.603035    0.00757     0.4542     27.250  1024.6226  50049.731    31.5576      1.925    6.79566     7.6977     7.7003    24.6137   12.23469 4.0880e+01      1.944 0.0000e+00
        111 302.603038    0.00764     0.4583     27.500  1024.6045  50017.007    31.5346      1.897    6.79682     7.6961     7.6994    24.5957   12.23690 4.1218e+01      1.915 0.0000e+00
        112 302.603041    0.00771     0.4625     27.750  1024.5868  49985.122    31.5121      1.852    6.79804     7.6941     7.6979    24.5783   12.23920 4.1394e+01      1.870 0.0000e+00
        113 302.603044    0.00778     0.4667     28.000  1024.5767  49967.008    31.4992      1.792    6.79888     7.6916     7.6963    24.5684   12.24074 4.1664e+01      1.809 0.0000e+00
        114 302.603047    0.00785     0.4708     28.250  1024.5764  49967.097    31.4990      1.722    6.79920     7.6889     7.6943    24.5684   12.24127 4.2168e+01      1.738 0.0000e+00
        115 302.603050    0.00792     0.4750     28.500  1024.5866  49986.210    31.5120      1.650    6.79901     7.6868     7.6917    24.5790   12.24081 4.2802e+01      1.666 0.0000e+00
        116 302.603053    0.00799     0.4792     28.750  1024.6040  50018.304    31.5340      1.586    6.79844     7.6856     7.6891    24.5966   12.23959 4.3406e+01      1.601 0.0000e+00
        117 302.603056    0.00806     0.4833     29.000  1024.6195  50046.977    31.5537      1.536    6.79789     7.6852     7.6870    24.6124   12.23844 4.3844e+01      1.550 0.0000e+00
        118 302.603058    0.00813     0.4875     29.250  1024.6291  50064.617    31.5659      1.501    6.79756     7.6858     7.6857    24.6221   12.23773 4.4253e+01      1.516 0.0000e+00
        119 302.603061    0.00819     0.4917     29.500  1024.6361  50077.510    31.5748      1.484    6.79722     7.6868     7.6853    24.6292   12.23706 4.4808e+01      1.499 0.0000e+00
        120 302.603064    0.00826     0.4958     29.750  1024.6412  50086.933    31.5815      1.487    6.79683     7.6872     7.6859    24.6344   12.23634 4.5257e+01      1.501 0.0000e+00
        121 302.603067    0.00833     0.5000     30.000  1024.6419  50088.117    31.5825      1.507    6.79662     7.6858     7.6870    24.6350   12.23599 4.5284e+01      1.522 0.0000e+00
        122 302.603070    0.00840     0.5042     30.250  1024.6365  50077.906    31.5754      1.541    6.79688     7.6817     7.6874    24.6294   12.23649 4.4828e+01      1.556 0.0000e+00
        123 302.603073    0.00847     0.5083     30.500  1024.6243  50055.479    31.5595      1.579    6.79780     7.6740     7.6860    24.6171   12.23821 4.4003e+01      1.594 0.0000e+00
        124 302.603076    0.00854     0.5125     30.750  1024.6076  50024.694    31.5373      1.611    6.79943     7.6614     7.6819    24.6002   12.24117 4.3219e+01      1.626 0.0000e+00
        125 302.603079    0.00861     0.5167     31.000  1024.5919  49995.809    31.5158      1.627    6.80158     7.6426     7.6742    24.5844   12.24499 4.3005e+01      1.642 0.0000e+00
        126 302.603082    0.00868     0.5208     31.250  1024.5841  49981.279    31.5036      1.624    6.80407     7.6186     7.6616    24.5766   12.24926 4.3524e+01      1.639 0.0000e+00
        127 302.603084    0.00875     0.5250     31.500  1024.5885  49989.245    31.5061      1.601    6.80688     7.5942     7.6428    24.5811   12.25389 4.4425e+01      1.616 0.0000e+00
        128 302.603087    0.00882     0.5292     31.750  1024.6050  50019.180    31.5230      1.565    6.80986     7.5745     7.6188    24.5978   12.25860 4.5179e+01      1.579 0.0000e+00
        129 302.603090    0.00889     0.5333     32.000  1024.6294  50063.642    31.5501      1.524    6.81244     7.5624     7.5944    24.6224   12.26254 4.5615e+01      1.538 0.0000e+00
        130 302.603093    0.00896     0.5375     32.250  1024.6571  50114.097    31.5821      1.490    6.81408     7.5596     7.5746    24.6502   12.26485 4.5901e+01      1.504 0.0000e+00
        131 302.603096    0.00903     0.5417     32.500  1024.6832  50161.631    31.6133      1.471    6.81457     7.5662     7.5626    24.6764   12.26527 4.5962e+01      1.484 0.0000e+00
        132 302.603099    0.00910     0.5458     32.750  1024.7034  50198.453    31.6385      1.470    6.81389     7.5803     7.5597    24.6966   12.26383 4.5626e+01      1.484 0.0000e+00
        133 302.603102    0.00917     0.5500     33.000  1024.7154  50220.313    31.6549      1.487    6.81212     7.5979     7.5664    24.7086   12.26071 4.5149e+01      1.500 0.0000e+00
        134 302.603105    0.00924     0.5542     33.250  1024.7178  50224.654    31.6603      1.514    6.80969     7.6151     7.5805    24.7108   12.25663 4.4941e+01      1.528 0.0000e+00
        135 302.603108    0.00931     0.5583     33.500  1024.7103  50211.009    31.6537      1.544    6.80726     7.6296     7.5980    24.7032   12.25268 4.5091e+01      1.559 0.0000e+00
        136 302.603111    0.00937     0.5625     33.750  1024.6944  50182.103    31.6363      1.570    6.80535     7.6400     7.6153    24.6872   12.24974 4.5343e+01      1.584 0.0000e+00
        137 302.603113    0.00944     0.5667     34.000  1024.6723  50141.900    31.6106      1.584    6.80425     7.6466     7.6297    24.6650   12.24825 4.5502e+01      1.599 0.0000e+00
        138 302.603116    0.00951     0.5708     34.250  1024.6472  50096.225    31.5804      1.585    6.80397     7.6496     7.6402    24.6399   12.24815 4.5696e+01      1.600 0.0000e+00
        139 302.603119    0.00958     0.5750     34.500  1024.6240  50054.061    31.5521      1.574    6.80421     7.6485     7.6468    24.6167   12.24890 4.6013e+01      1.589 0.0000e+00
        140 302.603122    0.00965     0.5792     34.750  1024.6065  50022.388    31.5305      1.553    6.80470     7.6427     7.6498    24.5993   12.24998 4.6258e+01      1.568 0.0000e+00
        141 302.603125    0.00972     0.5833     35.000  1024.5964  50004.182    31.5176      1.528    6.80545     7.6333     7.6487    24.5893   12.25138 4.6300e+01      1.542 0.0000e+00
        142 302.603128    0.00979     0.5875     35.250  1024.5952  50002.133    31.5152      1.504    6.80645     7.6232     7.6429    24.5882   12.25307 4.6177e+01      1.518 0.0000e+00
        143 302.603131    0.00986     0.5917     35.500  1024.6033  50016.947    31.5240      1.486    6.80752     7.6154     7.6335    24.5965   12.25472 4.5925e+01      1.501 0.0000e+00
        144 302.603134    0.00993     0.5958     35.750  1024.6186  50044.637    31.5417      1.481    6.80831     7.6116     7.6233    24.6118   12.25580 4.5623e+01      1.495 0.0000e+00
        145 302.603137    0.01000     0.6000     36.000  1024.6366  50077.211    31.5631      1.488    6.80857     7.6123     7.6155    24.6297   12.25597 4.5352e+01      1.502 0.0000e+00
        146 302.603139    0.01007     0.6042     36.250  1024.6521  50105.399    31.5822      1.507    6.80830     7.6170     7.6117    24.6452   12.25530 4.5157e+01      1.522 0.0000e+00
        147 302.603142    0.01014     0.6083     36.500  1024.6612  50121.785    31.5937      1.533    6.80768     7.6237     7.6124    24.6542   12.25412 4.5002e+01      1.548 0.0000e+00
        148 302.603145    0.01021     0.6125     36.750  1024.6612  50121.680    31.5944      1.560    6.80693     7.6298     7.6171    24.6541   12.25286 4.4701e+01      1.575 0.0000e+00
        149 302.603148    0.01028     0.6167     37.000  1024.6514  50103.723    31.5830      1.582    6.80640     7.6334     7.6238    24.6441   12.25213 4.4147e+01      1.596 0.0000e+00
        150 302.603151    0.01035     0.6208     37.250  1024.6339  50071.725    31.5616      1.592    6.80640     7.6334     7.6299    24.6265   12.25240 4.3537e+01      1.606 0.0000e+00
        151 302.603154    0.01042     0.6250     37.500  1024.6142  50035.935    31.5372      1.587    6.80692     7.6286     7.6335    24.6069   12.25357 4.3263e+01      1.602 0.0000e+00
        152 302.603157    0.01049     0.6292     37.750  1024.5985  50007.452    31.5173      1.569    6.80780     7.6181     7.6336    24.5913   12.25527 4.3552e+01      1.584 0.0000e+00
        153 302.603160    0.01056     0.6333     38.000  1024.5906  49993.247    31.5066      1.539    6.80902     7.6034     7.6288    24.5835   12.25742 4.4214e+01      1.554 0.0000e+00
        154 302.603163    0.01063     0.6375     38.250  1024.5932  49998.106    31.5083      1.504    6.81059     7.5886     7.6182    24.5863   12.26000 4.4841e+01      1.519 0.0000e+00
        155 302.603166    0.01069     0.6417     38.500  1024.6068  50022.844    31.5232      1.471    6.81222     7.5782     7.6035    24.6000   12.26250 4.5345e+01      1.485 0.0000e+00
        156 302.603168    0.01076     0.6458     38.750  1024.6289  50063.199    31.5490      1.445    6.81336     7.5744     7.5887    24.6222   12.26408 4.5975e+01      1.459 0.0000e+00
        157 302.603171    0.01083     0.6500     39.000  1024.6559  50112.267    31.5815      1.434    6.81354     7.5782     7.5783    24.6492   12.26397 4.6694e+01      1.447 0.0000e+00
        158 302.603174    0.01090     0.6542     39.250  1024.6828  50161.310    31.6151      1.441    6.81262     7.5893     7.5745    24.6762   12.26203 4.7159e+01      1.455 0.0000e+00
        159 302.603177    0.01097     0.6583     39.500  1024.7048  50201.153    31.6436      1.469    6.81076     7.6053     7.5784    24.6980   12.25861 4.7286e+01      1.483 0.0000e+00
        160 302.603180    0.01104     0.6625     39.750  1024.7169  50223.100    31.6607      1.515    6.80828     7.6226     7.5894    24.7099   12.25430 4.7320e+01      1.529 0.0000e+00
        161 302.603183    0.01111     0.6667     40.000  1024.7161  50221.377    31.6621      1.570    6.80572     7.6372     7.6055    24.7088   12.25005 4.7291e+01      1.585 0.0000e+00
        162 302.603186    0.01118     0.6708     40.250  1024.7025  50196.399    31.6475      1.622    6.80369     7.6463     7.6227    24.6950   12.24687 4.6889e+01      1.637 0.0000e+00
        163 302.603189    0.01125     0.6750     40.500  1024.6781  50151.886    31.6188      1.658    6.80270     7.6480     7.6373    24.6704   12.24559 4.6032e+01      1.674 0.0000e+00
        164 302.603192    0.01132     0.6792     40.750  1024.6477  50096.637    31.5817      1.672    6.80294     7.6407     7.6464    24.6400   12.24643 4.5174e+01      1.688 0.0000e+00
        165 302.603194    0.01139     0.6833     41.000  1024.6208  50047.746    31.5478      1.658    6.80418     7.6246     7.6482    24.6131   12.24890 4.5043e+01      1.674 0.0000e+00
        166 302.603197    0.01146     0.6875     41.250  1024.6063  50021.384    31.5282      1.620    6.80618     7.6029     7.6409    24.5987   12.25246 4.6013e+01      1.635 0.0000e+00
        167 302.603200    0.01153     0.6917     41.500  1024.6075  50023.747    31.5272      1.563    6.80874     7.5813     7.6247    24.6002   12.25670 4.8007e+01      1.578 0.0000e+00
        168 302.603203    0.01160     0.6958     41.750  1024.6218  50049.987    31.5420      1.498    6.81144     7.5640     7.6031    24.6148   12.26099 5.0298e+01      1.512 0.0000e+00
        169 302.603206    0.01167     0.7000     42.000  1024.6438  50090.369    31.5667      1.435    6.81372     7.5533     7.5814    24.6372   12.26444 5.1551e+01      1.449 0.0000e+00
        170 302.603209    0.01174     0.7042     42.250  1024.6692  50136.674    31.5962      1.386    6.81509     7.5504     7.5641    24.6627   12.26634 5.1123e+01      1.399 0.0000e+00
