CTD-processing/allCTD/CNV--homogene/2012-07-30-cookinlet-tran6-cast075-s05.cnv
* Sea-Bird SBE19plus Data File:
* FileName = C:\Documents and Settings\kris.holderied.local\My Documents\2012-07-EVOS-CookInlet-Ocean\2012-07-CookInlet-Tran6-Douglas\2012-07-31-CookInlet-Tran6-cast075.hex
* Software Version 1.54
* Temperature SN =  4141
* Conductivity SN =  4141
* System UpLoad Time = Jul 31 2012 08:05:00
** Cook Inlet LTM Transect 6 (Douglas line)  East to West
** Date:  2012-07-30
** Station:  6-05
** Start time (AKDT-24 hr): 1603
** Depth (m): 104
** Comment: Tow time 78sec
# nquan = 17
# nvalues = 720                         
# units = specified
# name 0 = scan: Scan Count
# name 1 = timeJ: Julian Days
# name 2 = timeH: Time, Elapsed [hours]
# name 3 = timeM: Time, Elapsed [minutes]
# name 4 = timeS: Time, Elapsed [seconds]
# name 5 = density00: Density [density, kg/m^3]
# name 6 = specc: Specific Conductance [uS/cm]
# name 7 = sal00: Salinity, Practical [PSU]
# name 8 = depSM: Depth [salt water, m], lat = 59.00
# name 9 = oxsolML/L: Oxygen Saturation, Garcia & Gordon [ml/l]
# name 10 = potemp090C: Potential Temperature [ITS-90, deg C]
# name 11 = tv290C: Temperature [ITS-90, deg C]
# name 12 = sigma-é00: Density [sigma-theta, kg/m^3]
# name 13 = n2satML/L: Nitrogen Saturation [ml/l]
# name 14 = par: PAR/Irradiance, Biospherical/Licor
# name 15 = prdM: Pressure, Strain Gauge [db]
# name 16 = flag:  0.000e+00
# span 0 =          1,        720       
# span 1 = 212.669988, 212.672069       
# span 2 =    0.00000,    0.04993       
# span 3 =     0.0000,     2.9958       
# span 4 =      0.000,    179.750       
# span 5 =   999.7687,  1025.3454       
# span 6 =    213.876,  50664.580       
# span 7 =     0.1001,    31.9260       
# span 8 =     -0.087,     91.874       
# span 9 =    6.49877,    7.86923       
# span 10 =     7.5723,    10.1321      
# span 11 =     7.5809,    10.1321      
# span 12 =    -0.2309,    24.9207      
# span 13 =   11.75719,   14.45637      
# span 14 = 4.4760e-02, 2.0685e+02      
# span 15 =     -0.087,     92.762      
# span 16 = 0.0000e+00, 0.0000e+00      
# interval = seconds: 0.25
# start_time = Jul 30 2012 16:04:47 [Instrument's time stamp, header]
# bad_flag = -9.990e-29
*END*
          1 212.669988    0.00000     0.0000      0.000   999.7687    213.876     0.1001     -0.083    7.86923    10.1319    10.1319    -0.2309   14.45637 1.6224e+02     -0.084 0.0000e+00
          2 212.669991    0.00007     0.0042      0.250   999.7720    222.421     0.1043     -0.083    7.86903    10.1318    10.1319    -0.2276   14.45597 1.6334e+02     -0.084 0.0000e+00
          3 212.669994    0.00014     0.0083      0.500   999.7771    235.903     0.1108     -0.084    7.86871    10.1318    10.1319    -0.2225   14.45533 1.6573e+02     -0.085 0.0000e+00
          4 212.669997    0.00021     0.0125      0.750   999.7850    256.542     0.1209     -0.085    7.86821    10.1317    10.1318    -0.2146   14.45434 1.7090e+02     -0.086 0.0000e+00
          5 212.670000    0.00028     0.0167      1.000   999.7971    288.013     0.1363     -0.085    7.86745    10.1316    10.1318    -0.2025   14.45283 1.7868e+02     -0.086 0.0000e+00
          6 212.670003    0.00035     0.0208      1.250   999.8159    336.788     0.1602     -0.086    7.86627    10.1316    10.1317    -0.1837   14.45048 1.8720e+02     -0.086 0.0000e+00
          7 212.670006    0.00042     0.0250      1.500   999.8449    411.942     0.1971     -0.086    7.86443    10.1315    10.1316    -0.1546   14.44683 1.9445e+02     -0.086 0.0000e+00
          8 212.670009    0.00049     0.0292      1.750   999.8882    523.658     0.2522     -0.085    7.86169    10.1315    10.1315    -0.1113   14.44138 1.9950e+02     -0.086 0.0000e+00
          9 212.670012    0.00056     0.0333      2.000   999.9489    679.257     0.3293     -0.085    7.85784    10.1315    10.1314    -0.0506   14.43374 2.0283e+02     -0.085 0.0000e+00
         10 212.670014    0.00063     0.0375      2.250  1000.0165    851.808     0.4152     -0.085    7.85355    10.1315    10.1314     0.0169   14.42521 2.0536e+02     -0.085 0.0000e+00
         11 212.670017    0.00069     0.0417      2.500  1000.0674    981.747     0.4800     -0.085    7.85030    10.1316    10.1314     0.0678   14.41876 2.0683e+02     -0.085 0.0000e+00
         12 212.670020    0.00076     0.0458      2.750  1000.0922   1045.145     0.5115     -0.085    7.84871    10.1318    10.1315     0.0926   14.41561 2.0685e+02     -0.085 0.0000e+00
         13 212.670023    0.00083     0.0500      3.000  1000.0998   1065.205     0.5212     -0.085    7.84820    10.1319    10.1316     0.1002   14.41461 2.0601e+02     -0.086 0.0000e+00
         14 212.670026    0.00090     0.0542      3.250  1000.1020   1071.192     0.5240     -0.086    7.84804    10.1320    10.1318     0.1024   14.41429 2.0494e+02     -0.086 0.0000e+00
         15 212.670029    0.00097     0.0583      3.500  1000.1063   1081.916     0.5294     -0.086    7.84775    10.1321    10.1319     0.1067   14.41373 2.0387e+02     -0.087 0.0000e+00
         16 212.670032    0.00104     0.0625      3.750  1000.1148   1103.173     0.5404     -0.087    7.84719    10.1321    10.1320     0.1152   14.41262 2.0293e+02     -0.087 0.0000e+00
         17 212.670035    0.00111     0.0667      4.000  1000.1262   1131.051     0.5549     -0.087    7.84646    10.1320    10.1321     0.1266   14.41118 2.0218e+02     -0.087 0.0000e+00
         18 212.670038    0.00118     0.0708      4.250  1000.1397   1163.566     0.5720     -0.087    7.84561    10.1319    10.1321     0.1401   14.40950 2.0148e+02     -0.087 0.0000e+00
         19 212.670041    0.00125     0.0750      4.500  1000.1578   1206.951     0.5952     -0.086    7.84448    10.1318    10.1320     0.1582   14.40726 2.0091e+02     -0.087 0.0000e+00
         20 212.670043    0.00132     0.0792      4.750  1000.1837   1268.168     0.6281     -0.086    7.84289    10.1317    10.1319     0.1841   14.40409 2.0053e+02     -0.086 0.0000e+00
         21 212.670046    0.00139     0.0833      5.000  1000.2178   1348.012     0.6718     -0.085    7.84078    10.1316    10.1318     0.2182   14.39991 2.0047e+02     -0.086 0.0000e+00
         22 212.670049    0.00146     0.0875      5.250  1000.2589   1441.597     0.7243     -0.085    7.83826    10.1315    10.1317     0.2593   14.39493 2.0074e+02     -0.085 0.0000e+00
         23 212.670052    0.00153     0.0917      5.500  1000.3082   1550.123     0.7875     -0.084    7.83528    10.1312    10.1316     0.3086   14.38903 2.0092e+02     -0.085 0.0000e+00
         24 212.670055    0.00160     0.0958      5.750  1000.3753   1693.665     0.8736     -0.083    7.83125    10.1308    10.1315     0.3757   14.38108 2.0085e+02     -0.084 0.0000e+00
         25 212.670058    0.00167     0.1000      6.000  1000.4778   1909.572     1.0051     -0.081    7.82514    10.1302    10.1312     0.4782   14.36903 2.0044e+02     -0.082 0.0000e+00
         26 212.670061    0.00174     0.1042      6.250  1000.6411   2250.793     1.2147     -0.078    7.81543    10.1291    10.1308     0.6414   14.34988 1.9921e+02     -0.078 0.0000e+00
         27 212.670064    0.00181     0.1083      6.500  1000.9073   2804.769     1.5565     -0.072    7.79963    10.1273    10.1302     0.9076   14.31872 1.9681e+02     -0.072 0.0000e+00
         28 212.670067    0.00187     0.1125      6.750  1001.3410   3703.727     2.1135     -0.062    7.77392    10.1243    10.1291     1.3413   14.26804 1.9407e+02     -0.063 0.0000e+00
         29 212.670069    0.00194     0.1167      7.000  1002.0419   5147.933     3.0137     -0.046    7.73247    10.1194    10.1273     2.0421   14.18634 1.9139e+02     -0.047 0.0000e+00
         30 212.670072    0.00201     0.1208      7.250  1003.1874   7499.573     4.4853     -0.020    7.66483    10.1113    10.1244     3.1875   14.05303 1.8752e+02     -0.020 0.0000e+00
         31 212.670075    0.00208     0.1250      7.500  1005.0815  11382.118     6.9187      0.023    7.55305    10.0983    10.1195     5.0814   13.83273 1.8158e+02      0.024 0.0000e+00
         32 212.670078    0.00215     0.1292      7.750  1008.1567  17658.815    10.8701      0.095    7.37192    10.0806    10.1113     8.1563   13.47586 1.7274e+02      0.096 0.0000e+00
         33 212.670081    0.00222     0.1333      8.000  1012.2994  26020.164    16.1934      0.206    7.13011    10.0609    10.0983    12.2984   12.99972 1.5883e+02      0.208 0.0000e+00
         34 212.670084    0.00229     0.1375      8.250  1016.3016  33989.197    21.3352      0.363    6.89981    10.0421    10.0806    16.2999   12.54652 1.3676e+02      0.366 0.0000e+00
         35 212.670087    0.00236     0.1417      8.500  1019.1161  39547.085    24.9490      0.560    6.74010    10.0262    10.0609    19.1135   12.23213 1.0853e+02      0.565 0.0000e+00
         36 212.670090    0.00243     0.1458      8.750  1020.8166  42901.797    27.1304      0.785    6.64471    10.0140    10.0422    20.8130   12.04407 8.4372e+01      0.792 0.0000e+00
         37 212.670093    0.00250     0.1500      9.000  1021.8418  44922.013    28.4439      1.020    6.58793    10.0050    10.0264    21.8371   11.93192 7.0040e+01      1.030 0.0000e+00
         38 212.670095    0.00257     0.1542      9.250  1022.4603  46139.440    29.2353      1.250    6.55411     9.9986    10.0142    22.4546   11.86501 6.2016e+01      1.262 0.0000e+00
         39 212.670098    0.00264     0.1583      9.500  1022.8343  46874.450    29.7131      1.462    6.53393     9.9947    10.0051    22.8276   11.82502 5.7247e+01      1.476 0.0000e+00
         40 212.670101    0.00271     0.1625      9.750  1023.0612  47319.453    30.0025      1.642    6.52185     9.9930     9.9988    23.0537   11.80104 5.5137e+01      1.658 0.0000e+00
         41 212.670104    0.00278     0.1667     10.000  1023.1988  47588.909    30.1778      1.781    6.51455     9.9931     9.9949    23.1907   11.78653 5.5106e+01      1.798 0.0000e+00
         42 212.670107    0.00285     0.1708     10.250  1023.2815  47750.649    30.2832      1.880    6.51006     9.9937     9.9932    23.2729   11.77765 5.6786e+01      1.898 0.0000e+00
         43 212.670110    0.00292     0.1750     10.500  1023.3300  47845.840    30.3452      1.950    6.50727     9.9940     9.9933    23.3211   11.77217 5.9800e+01      1.969 0.0000e+00
         44 212.670113    0.00299     0.1792     10.750  1023.3578  47900.460    30.3807      2.001    6.50557     9.9936     9.9939    23.3486   11.76888 6.3402e+01      2.020 0.0000e+00
         45 212.670116    0.00306     0.1833     11.000  1023.3735  47931.394    30.4007      2.037    6.50462     9.9927     9.9942    23.3641   11.76703 6.7082e+01      2.056 0.0000e+00
         46 212.670119    0.00313     0.1875     11.250  1023.3826  47949.327    30.4122      2.060    6.50416     9.9916     9.9938    23.3731   11.76610 7.0540e+01      2.079 0.0000e+00
         47 212.670122    0.00319     0.1917     11.500  1023.3881  47960.101    30.4190      2.068    6.50398     9.9907     9.9929    23.3786   11.76571 7.3413e+01      2.088 0.0000e+00
         48 212.670124    0.00326     0.1958     11.750  1023.3912  47966.312    30.4229      2.064    6.50396     9.9901     9.9918    23.3818   11.76561 7.5717e+01      2.084 0.0000e+00
         49 212.670127    0.00333     0.2000     12.000  1023.3927  47969.420    30.4247      2.049    6.50400     9.9900     9.9909    23.3833   11.76566 7.7756e+01      2.068 0.0000e+00
         50 212.670130    0.00340     0.2042     12.250  1023.3932  47970.611    30.4254      2.024    6.50405     9.9902     9.9903    23.3839   11.76573 7.9669e+01      2.044 0.0000e+00
         51 212.670133    0.00347     0.2083     12.500  1023.3929  47970.409    30.4251      1.994    6.50408     9.9907     9.9902    23.3838   11.76578 8.1228e+01      2.014 0.0000e+00
         52 212.670136    0.00354     0.2125     12.750  1023.3921  47969.251    30.4243      1.964    6.50408     9.9914     9.9904    23.3831   11.76578 8.2264e+01      1.983 0.0000e+00
         53 212.670139    0.00361     0.2167     13.000  1023.3911  47967.676    30.4232      1.938    6.50404     9.9922     9.9909    23.3822   11.76574 8.3001e+01      1.957 0.0000e+00
         54 212.670142    0.00368     0.2208     13.250  1023.3900  47965.960    30.4221      1.920    6.50399     9.9933     9.9916    23.3812   11.76567 8.3660e+01      1.939 0.0000e+00
         55 212.670145    0.00375     0.2250     13.500  1023.3889  47964.219    30.4210      1.911    6.50392     9.9948     9.9925    23.3802   11.76556 8.4110e+01      1.929 0.0000e+00
         56 212.670148    0.00382     0.2292     13.750  1023.3879  47962.395    30.4198      1.910    6.50381     9.9969     9.9936    23.3791   11.76539 8.4082e+01      1.929 0.0000e+00
         57 212.670150    0.00389     0.2333     14.000  1023.3866  47960.233    30.4185      1.916    6.50366     9.9993     9.9951    23.3778   11.76515 8.3545e+01      1.935 0.0000e+00
         58 212.670153    0.00396     0.2375     14.250  1023.3850  47957.486    30.4168      1.927    6.50344    10.0021     9.9971    23.3762   11.76481 8.2713e+01      1.945 0.0000e+00
         59 212.670156    0.00403     0.2417     14.500  1023.3831  47954.137    30.4147      1.940    6.50317    10.0049     9.9995    23.3742   11.76439 8.1848e+01      1.959 0.0000e+00
         60 212.670159    0.00410     0.2458     14.750  1023.3809  47950.395    30.4124      1.953    6.50288    10.0076    10.0023    23.3719   11.76393 8.1260e+01      1.972 0.0000e+00
         61 212.670162    0.00417     0.2500     15.000  1023.3786  47946.577    30.4101      1.966    6.50257    10.0101    10.0051    23.3696   11.76345 8.1256e+01      1.985 0.0000e+00
         62 212.670165    0.00424     0.2542     15.250  1023.3765  47942.946    30.4079      1.977    6.50228    10.0123    10.0078    23.3675   11.76300 8.1833e+01      1.996 0.0000e+00
         63 212.670168    0.00431     0.2583     15.500  1023.3746  47939.577    30.4058      1.985    6.50202    10.0142    10.0103    23.3655   11.76259 8.2595e+01      2.004 0.0000e+00
         64 212.670171    0.00438     0.2625     15.750  1023.3727  47936.438    30.4039      1.987    6.50178    10.0159    10.0125    23.3636   11.76222 8.3035e+01      2.006 0.0000e+00
         65 212.670174    0.00444     0.2667     16.000  1023.3710  47933.508    30.4020      1.986    6.50158    10.0172    10.0144    23.3619   11.76191 8.2836e+01      2.005 0.0000e+00
         66 212.670177    0.00451     0.2708     16.250  1023.3693  47930.745    30.4003      1.982    6.50142    10.0182    10.0161    23.3602   11.76167 8.2146e+01      2.001 0.0000e+00
         67 212.670179    0.00458     0.2750     16.500  1023.3679  47928.296    30.3987      1.980    6.50130    10.0189    10.0174    23.3588   11.76148 8.1564e+01      1.998 0.0000e+00
         68 212.670182    0.00465     0.2792     16.750  1023.3668  47926.465    30.3976      1.980    6.50120    10.0194    10.0184    23.3577   11.76133 8.1550e+01      1.999 0.0000e+00
         69 212.670185    0.00472     0.2833     17.000  1023.3661  47925.219    30.3968      1.986    6.50113    10.0196    10.0192    23.3570   11.76123 8.1903e+01      2.005 0.0000e+00
         70 212.670188    0.00479     0.2875     17.250  1023.3656  47924.340    30.3962      1.996    6.50109    10.0196    10.0196    23.3565   11.76117 8.2218e+01      2.015 0.0000e+00
         71 212.670191    0.00486     0.2917     17.500  1023.3654  47923.796    30.3959      2.009    6.50108    10.0194    10.0198    23.3562   11.76115 8.2440e+01      2.028 0.0000e+00
         72 212.670194    0.00493     0.2958     17.750  1023.3653  47923.537    30.3957      2.022    6.50109    10.0189    10.0198    23.3560   11.76117 8.2568e+01      2.041 0.0000e+00
         73 212.670197    0.00500     0.3000     18.000  1023.3653  47923.345    30.3955      2.032    6.50113    10.0183    10.0196    23.3559   11.76124 8.2407e+01      2.051 0.0000e+00
         74 212.670200    0.00507     0.3042     18.250  1023.3651  47923.027    30.3952      2.037    6.50120    10.0176    10.0191    23.3558   11.76136 8.1856e+01      2.056 0.0000e+00
         75 212.670203    0.00514     0.3083     18.500  1023.3649  47922.589    30.3948      2.037    6.50130    10.0168    10.0185    23.3556   11.76153 8.1213e+01      2.056 0.0000e+00
         76 212.670205    0.00521     0.3125     18.750  1023.3649  47922.419    30.3946      2.032    6.50141    10.0162    10.0178    23.3556   11.76172 8.0921e+01      2.051 0.0000e+00
         77 212.670208    0.00528     0.3167     19.000  1023.3650  47922.658    30.3947      2.022    6.50151    10.0157    10.0171    23.3558   11.76189 8.1221e+01      2.041 0.0000e+00
         78 212.670211    0.00535     0.3208     19.250  1023.3653  47923.222    30.3951      2.009    6.50159    10.0153    10.0164    23.3561   11.76201 8.2181e+01      2.028 0.0000e+00
         79 212.670214    0.00542     0.3250     19.500  1023.3659  47924.497    30.3959      1.993    6.50163    10.0150    10.0159    23.3568   11.76207 8.3646e+01      2.012 0.0000e+00
         80 212.670217    0.00549     0.3292     19.750  1023.3668  47926.171    30.3970      1.974    6.50164    10.0148    10.0155    23.3578   11.76208 8.5175e+01      1.993 0.0000e+00
         81 212.670220    0.00556     0.3333     20.000  1023.3674  47927.493    30.3979      1.953    6.50164    10.0147    10.0152    23.3585   11.76207 8.6284e+01      1.971 0.0000e+00
         82 212.670223    0.00562     0.3375     20.250  1023.3679  47928.447    30.3986      1.931    6.50164    10.0147    10.0150    23.3590   11.76206 8.6897e+01      1.949 0.0000e+00
         83 212.670226    0.00569     0.3417     20.500  1023.3682  47929.197    30.3991      1.910    6.50163    10.0147    10.0149    23.3595   11.76204 8.7221e+01      1.928 0.0000e+00
         84 212.670229    0.00576     0.3458     20.750  1023.3685  47929.770    30.3995      1.892    6.50162    10.0148    10.0149    23.3598   11.76201 8.7221e+01      1.910 0.0000e+00
         85 212.670231    0.00583     0.3500     21.000  1023.3687  47930.262    30.3999      1.880    6.50160    10.0149    10.0149    23.3601   11.76197 8.6868e+01      1.898 0.0000e+00
