CTD-processing/allCTD/CNV--homogene/2012_07-30_t7_s16_cast066.cnv
* Sea-Bird SBE19plus Data File:
* FileName = C:\Documents and Settings\kris.holderied.local\My Documents\2012-07-EVOS-CookInlet-Ocean\2012-07-CookInlet-Tran7-Augustine\2012-07-30-CookInlet-Tran7-cast066.hex
* Software Version 1.54
* Temperature SN =  4141
* Conductivity SN =  4141
* System UpLoad Time = Jul 31 2012 07:53:34
** Cook Inlet LTM Transect 7 -partial, East to West
** Date:  2012-07-30
** Station:  7-16
** Start time (AKDT-24 hr): 0858
** Depth (m): 83.2
** Comment: None
# nquan = 17
# nvalues = 626                         
# units = specified
# name 0 = scan: Scan Count
# name 1 = timeJ: Julian Days
# name 2 = timeH: Time, Elapsed [hours]
# name 3 = timeM: Time, Elapsed [minutes]
# name 4 = timeS: Time, Elapsed [seconds]
# name 5 = density00: Density [density, kg/m^3]
# name 6 = specc: Specific Conductance [uS/cm]
# name 7 = sal00: Salinity, Practical [PSU]
# name 8 = depSM: Depth [salt water, m], lat = 59.00
# name 9 = oxsolML/L: Oxygen Saturation, Garcia & Gordon [ml/l]
# name 10 = potemp090C: Potential Temperature [ITS-90, deg C]
# name 11 = tv290C: Temperature [ITS-90, deg C]
# name 12 = sigma-é00: Density [sigma-theta, kg/m^3]
# name 13 = n2satML/L: Nitrogen Saturation [ml/l]
# name 14 = par: PAR/Irradiance, Biospherical/Licor
# name 15 = prdM: Pressure, Strain Gauge [db]
# name 16 = flag:  0.000e+00
# span 0 =          1,        626       
# span 1 = 212.373657, 212.375466       
# span 2 =    0.00000,    0.04340       
# span 3 =     0.0000,     2.6042       
# span 4 =      0.000,    156.250       
# span 5 =   999.8286,  1024.4657       
# span 6 =    244.258,  49244.284       
# span 7 =     0.1140,    31.2116       
# span 8 =     -0.101,     79.354       
# span 9 =    6.57450,    7.97473       
# span 10 =     9.2140,     9.5646      
# span 11 =     9.2188,     9.5646      
# span 12 =    -0.1709,    24.1175      
# span 13 =   11.87322,   14.63441      
# span 14 = 4.1207e-02, 8.3109e+01      
# span 15 =     -0.102,     80.119      
# span 16 = 0.0000e+00, 0.0000e+00      
# interval = seconds: 0.25
# start_time = Jul 30 2012 08:58:04 [Instrument's time stamp, header]
# bad_flag = -9.990e-29
*END*
[from data line 596]
        597 212.375382    0.04139     2.4833    149.000  1024.4430  49241.600    31.1878     74.349    6.58284     9.2143     9.2221    24.1016   11.88705 4.1427e-02     75.065 0.0000e+00
        598 212.375385    0.04146     2.4875    149.250  1024.4439  49241.570    31.1877     74.575    6.58284     9.2143     9.2221    24.1015   11.88705 4.1420e-02     75.293 0.0000e+00
        599 212.375388    0.04153     2.4917    149.500  1024.4447  49241.420    31.1875     74.797    6.58285     9.2143     9.2222    24.1014   11.88706 4.1408e-02     75.517 0.0000e+00
        600 212.375391    0.04160     2.4958    149.750  1024.4456  49241.324    31.1873     75.014    6.58285     9.2142     9.2222    24.1012   11.88707 4.1401e-02     75.736 0.0000e+00
        601 212.375394    0.04167     2.5000    150.000  1024.4465  49241.340    31.1872     75.228    6.58286     9.2142     9.2222    24.1012   11.88708 4.1405e-02     75.952 0.0000e+00
        602 212.375396    0.04174     2.5042    150.250  1024.4474  49241.359    31.1872     75.439    6.58286     9.2142     9.2222    24.1011   11.88709 4.1408e-02     76.165 0.0000e+00
        603 212.375399    0.04181     2.5083    150.500  1024.4484  49241.441    31.1871     75.649    6.58287     9.2141     9.2222    24.1011   11.88710 4.1409e-02     76.377 0.0000e+00
        604 212.375402    0.04188     2.5125    150.750  1024.4493  49241.541    31.1871     75.858    6.58287     9.2141     9.2221    24.1011   11.88710 4.1417e-02     76.589 0.0000e+00
        605 212.375405    0.04194     2.5167    151.000  1024.4503  49241.616    31.1871     76.067    6.58288     9.2140     9.2221    24.1010   11.88711 4.1422e-02     76.799 0.0000e+00
        606 212.375408    0.04201     2.5208    151.250  1024.4512  49241.743    31.1871     76.274    6.58288     9.2140     9.2221    24.1010   11.88712 4.1423e-02     77.008 0.0000e+00
        607 212.375411    0.04208     2.5250    151.500  1024.4522  49241.895    31.1871     76.480    6.58288     9.2141     9.2220    24.1011   11.88712 4.1429e-02     77.216 0.0000e+00
        608 212.375414    0.04215     2.5292    151.750  1024.4532  49242.090    31.1871     76.688    6.58288     9.2141     9.2220    24.1011   11.88711 4.1442e-02     77.426 0.0000e+00
        609 212.375417    0.04222     2.5333    152.000  1024.4542  49242.260    31.1871     76.898    6.58287     9.2141     9.2221    24.1011   11.88711 4.1455e-02     77.638 0.0000e+00
        610 212.375420    0.04229     2.5375    152.250  1024.4551  49242.282    31.1871     77.113    6.58287     9.2141     9.2221    24.1011   11.88710 4.1461e-02     77.855 0.0000e+00
        611 212.375422    0.04236     2.5417    152.500  1024.4560  49242.260    31.1870     77.334    6.58286     9.2141     9.2222    24.1010   11.88710 4.1465e-02     78.079 0.0000e+00
        612 212.375425    0.04243     2.5458    152.750  1024.4570  49242.316    31.1869     77.560    6.58286     9.2141     9.2222    24.1009   11.88709 4.1460e-02     78.307 0.0000e+00
        613 212.375428    0.04250     2.5500    153.000  1024.4580  49242.435    31.1869     77.788    6.58286     9.2142     9.2223    24.1009   11.88708 4.1441e-02     78.537 0.0000e+00
        614 212.375431    0.04257     2.5542    153.250  1024.4590  49242.527    31.1869     78.012    6.58285     9.2142     9.2223    24.1009   11.88707 4.1420e-02     78.764 0.0000e+00
        615 212.375434    0.04264     2.5583    153.500  1024.4600  49242.594    31.1868     78.227    6.58285     9.2142     9.2224    24.1009   11.88707 4.1416e-02     78.980 0.0000e+00
        616 212.375437    0.04271     2.5625    153.750  1024.4609  49242.740    31.1869     78.425    6.58284     9.2142     9.2224    24.1009   11.88706 4.1429e-02     79.181 0.0000e+00
        617 212.375440    0.04278     2.5667    154.000  1024.4618  49242.976    31.1870     78.602    6.58284     9.2141     9.2224    24.1010   11.88705 4.1441e-02     79.359 0.0000e+00
        618 212.375443    0.04285     2.5708    154.250  1024.4626  49243.237    31.1871     78.757    6.58283     9.2141     9.2224    24.1011   11.88703 4.1450e-02     79.515 0.0000e+00
        619 212.375446    0.04292     2.5750    154.500  1024.4633  49243.458    31.1872     78.890    6.58283     9.2141     9.2224    24.1012   11.88703 4.1452e-02     79.650 0.0000e+00
        620 212.375448    0.04299     2.5792    154.750  1024.4639  49243.599    31.1872     79.005    6.58283     9.2141     9.2224    24.1012   11.88703 4.1433e-02     79.766 0.0000e+00
        621 212.375451    0.04306     2.5833    155.000  1024.4643  49243.631    31.1872     79.105    6.58282     9.2142     9.2224    24.1012   11.88703 4.1380e-02     79.867 0.0000e+00
        622 212.375454    0.04312     2.5875    155.250  1024.4647  49243.627    31.1872     79.191    6.58282     9.2142     9.2224    24.1011   11.88703 4.1278e-02     79.954 0.0000e+00
        623 212.375457    0.04319     2.5917    155.500  1024.4650  49243.752    31.1872     79.262    6.58281     9.2143     9.2225    24.1012   11.88701 4.1207e-02     80.026 0.0000e+00
        624 212.375460    0.04326     2.5958    155.750  1024.4654  49244.014    31.1874     79.313    6.58280     9.2143     9.2225    24.1013   11.88698 4.1234e-02     80.078 0.0000e+00
        625 212.375463    0.04333     2.6000    156.000  1024.4656  49244.223    31.1876     79.344    6.58278 -9.990e-29     9.2226    24.1014   11.88696 4.1264e-02     80.108 0.0000e+00
        626 212.375466    0.04340     2.6042    156.250  1024.4657  49244.284    31.1876     79.354    6.58278 -9.990e-29     9.2226    24.1014   11.88695 4.1261e-02     80.119 0.0000e+00
