CTD-processing/allCTD/CNV--homogene/2012-07-30-cookinlet-tran6-cast088-s18.cnv
* Sea-Bird SBE19plus Data File:
* FileName = C:\Documents and Settings\kris.holderied.local\My Documents\2012-07-EVOS-CookInlet-Ocean\2012-07-CookInlet-Tran6-Douglas\2012-07-31-CookInlet-Tran6-cast088.hex
* Software Version 1.54
* Temperature SN =  4141
* Conductivity SN =  4141
* System UpLoad Time = Jul 31 2012 08:20:26
** Cook Inlet LTM Transect 6 (Douglas line)  East to West
** Date:  2012-07-30
** Station:  6-18
** Start time (AKDT-24 hr): 2110
** Depth (m): 174
** Comment: 506-0.2km Fin whale
# nquan = 17
# nvalues = 1039                        
# units = specified
# name 0 = scan: Scan Count
# name 1 = timeJ: Julian Days
# name 2 = timeH: Time, Elapsed [hours]
# name 3 = timeM: Time, Elapsed [minutes]
# name 4 = timeS: Time, Elapsed [seconds]
# name 5 = density00: Density [density, kg/m^3]
# name 6 = specc: Specific Conductance [uS/cm]
# name 7 = sal00: Salinity, Practical [PSU]
# name 8 = depSM: Depth [salt water, m], lat = 59.00
# name 9 = oxsolML/L: Oxygen Saturation, Garcia & Gordon [ml/l]
# name 10 = potemp090C: Potential Temperature [ITS-90, deg C]
# name 11 = tv290C: Temperature [ITS-90, deg C]
# name 12 = sigma-é00: Density [sigma-theta, kg/m^3]
# name 13 = n2satML/L: Nitrogen Saturation [ml/l]
# name 14 = par: PAR/Irradiance, Biospherical/Licor
# name 15 = prdM: Pressure, Strain Gauge [db]
# name 16 = flag:  0.000e+00
# span 0 =          1,       1039       
# span 1 = 212.882211, 212.885214       
# span 2 =    0.00000,    0.07208       
# span 3 =     0.0000,     4.3250       
# span 4 =      0.000,    259.500       
# span 5 =   999.8406,  1026.1592       
# span 6 =    282.238,  51629.437       
# span 7 =     0.1329,    32.2671       
# span 8 =     -0.079,    163.608       
# span 9 =    6.53889,    7.96700       
# span 10 =     5.9629,     9.6045      
# span 11 =     5.9763,     9.6044      
# span 12 =    -0.1591,    25.3975      
# span 13 =   11.81024,   14.62108      
# span 14 = 4.2248e-02, 3.9742e+02      
# span 15 =     -0.079,    165.218      
# span 16 = 0.0000e+00, 0.0000e+00      
# interval = seconds: 0.25
# start_time = Jul 30 2012 21:10:23 [Instrument's time stamp, header]
# bad_flag = -9.990e-29
*END*
[from data line 171]
        172 212.882705    0.01188     0.7125     42.750  1024.3602  49667.125    31.5398      1.904    6.54556     9.3832     9.3761    24.3514   11.82107 8.3659e+01      1.922 0.0000e+00
        173 212.882708    0.01194     0.7167     43.000  1024.3600  49667.378    31.5404      1.871    6.54513     9.3884     9.3789    24.3514   11.82035 8.7900e+01      1.889 0.0000e+00
        174 212.882711    0.01201     0.7208     43.250  1024.3572  49663.047    31.5379      1.812    6.54459     9.3935     9.3833    24.3489   11.81949 9.3566e+01      1.829 0.0000e+00
        175 212.882714    0.01208     0.7250     43.500  1024.3526  49655.970    31.5337      1.728    6.54402     9.3976     9.3886    24.3447   11.81859 9.8285e+01      1.744 0.0000e+00
        176 212.882717    0.01215     0.7292     43.750  1024.3479  49648.645    31.5293      1.621    6.54347     9.4004     9.3936    24.3405   11.81774 9.8858e+01      1.636 0.0000e+00
        177 212.882720    0.01222     0.7333     44.000  1024.3436  49642.114    31.5253      1.500    6.54305     9.4018     9.3977    24.3367   11.81709 9.8806e+01      1.514 0.0000e+00
        178 212.882723    0.01229     0.7375     44.250  1024.3392  49635.408    31.5210      1.375    6.54283     9.4018     9.4005    24.3329   11.81677 1.0061e+02      1.387 0.0000e+00
        179 212.882726    0.01236     0.7417     44.500  1024.3343  49627.474    31.5156      1.261    6.54285     9.4001     9.4019    24.3285   11.81687 1.0469e+02      1.272 0.0000e+00
        180 212.882729    0.01243     0.7458     44.750  1024.3292  49618.930    31.5097      1.177    6.54310     9.3967     9.4019    24.3238   11.81737 1.1280e+02      1.188 0.0000e+00
        181 212.882731    0.01250     0.7500     45.000  1024.3252  49611.763    31.5044      1.141    6.54356     9.3921     9.4002    24.3200   11.81820 1.2231e+02      1.152 0.0000e+00
        182 212.882734    0.01257     0.7542     45.250  1024.3235  49608.268    31.5015      1.161    6.54418     9.3874     9.3968    24.3182   11.81925 1.2866e+02      1.172 0.0000e+00
        183 212.882737    0.01264     0.7583     45.500  1024.3249  49609.780    31.5019      1.231    6.54482     9.3834     9.3922    24.3193   11.82031 1.2749e+02      1.243 0.0000e+00
        184 212.882740    0.01271     0.7625     45.750  1024.3285  49614.975    31.5048      1.333    6.54538     9.3806     9.3875    24.3224   11.82120 1.1826e+02      1.345 0.0000e+00
        185 212.882743    0.01278     0.7667     46.000  1024.3323  49620.720    31.5083      1.442    6.54581     9.3787     9.3836    24.3257   11.82186 1.0851e+02      1.456 0.0000e+00
        186 212.882746    0.01285     0.7708     46.250  1024.3355  49625.464    31.5112      1.541    6.54610     9.3778     9.3807    24.3284   11.82231 1.0252e+02      1.556 0.0000e+00
        187 212.882749    0.01292     0.7750     46.500  1024.3385  49630.284    31.5143      1.619    6.54623     9.3776     9.3789    24.3311   11.82249 9.7777e+01      1.635 0.0000e+00
        188 212.882752    0.01299     0.7792     46.750  1024.3419  49635.910    31.5181      1.670    6.54621     9.3782     9.3780    24.3342   11.82242 9.1855e+01      1.686 0.0000e+00
        189 212.882755    0.01306     0.7833     47.000  1024.3448  49641.083    31.5217      1.692    6.54608     9.3796     9.3778    24.3371   11.82216 8.5671e+01      1.708 0.0000e+00
        190 212.882758    0.01313     0.7875     47.250  1024.3465  49644.298    31.5241      1.687    6.54589     9.3814     9.3784    24.3388   11.82181 8.2818e+01      1.703 0.0000e+00
        191 212.882760    0.01319     0.7917     47.500  1024.3467  49644.935    31.5248      1.663    6.54566     9.3831     9.3798    24.3391   11.82143 8.6099e+01      1.679 0.0000e+00
        192 212.882763    0.01326     0.7958     47.750  1024.3456  49643.413    31.5239      1.631    6.54545     9.3846     9.3815    24.3382   11.82108 9.5033e+01      1.647 0.0000e+00
        193 212.882766    0.01333     0.8000     48.000  1024.3437  49640.343    31.5220      1.600    6.54528     9.3856     9.3833    24.3365   11.82082 1.0493e+02      1.615 0.0000e+00
        194 212.882769    0.01340     0.8042     48.250  1024.3415  49636.563    31.5195      1.576    6.54517     9.3861     9.3847    24.3343   11.82067 1.0956e+02      1.591 0.0000e+00
        195 212.882772    0.01347     0.8083     48.500  1024.3397  49633.517    31.5175      1.564    6.54510     9.3861     9.3857    24.3326   11.82059 1.0658e+02      1.579 0.0000e+00
        196 212.882775    0.01354     0.8125     48.750  1024.3389  49632.159    31.5167      1.564    6.54506     9.3855     9.3862    24.3318   11.82053 1.0009e+02      1.579 0.0000e+00
        197 212.882778    0.01361     0.8167     49.000  1024.3393  49632.734    31.5171      1.575    6.54505     9.3844     9.3862    24.3321   11.82050 9.4166e+01      1.591 0.0000e+00
        198 212.882781    0.01368     0.8208     49.250  1024.3404  49634.496    31.5182      1.598    6.54508     9.3829     9.3857    24.3331   11.82054 8.9589e+01      1.613 0.0000e+00
        199 212.882784    0.01375     0.8250     49.500  1024.3417  49636.421    31.5194      1.627    6.54519     9.3813     9.3846    24.3342   11.82071 8.6522e+01      1.642 0.0000e+00
        200 212.882786    0.01382     0.8292     49.750  1024.3430  49638.491    31.5207      1.654    6.54535     9.3801     9.3831    24.3354   11.82097 8.4380e+01      1.670 0.0000e+00
        201 212.882789    0.01389     0.8333     50.000  1024.3448  49641.400    31.5225      1.674    6.54550     9.3793     9.3815    24.3370   11.82119 8.3207e+01      1.690 0.0000e+00
        202 212.882792    0.01396     0.8375     50.250  1024.3473  49645.801    31.5254      1.680    6.54556     9.3793     9.3803    24.3395   11.82125 8.3933e+01      1.696 0.0000e+00
        203 212.882795    0.01403     0.8417     50.500  1024.3502  49651.170    31.5291      1.667    6.54552     9.3802     9.3795    24.3426   11.82113 8.6713e+01      1.683 0.0000e+00
        204 212.882798    0.01410     0.8458     50.750  1024.3528  49656.084    31.5326      1.635    6.54538     9.3821     9.3795    24.3453   11.82086 9.0584e+01      1.651 0.0000e+00
        205 212.882801    0.01417     0.8500     51.000  1024.3541  49659.019    31.5348      1.585    6.54516     9.3847     9.3803    24.3469   11.82047 9.4556e+01      1.600 0.0000e+00
        206 212.882804    0.01424     0.8542     51.250  1024.3534  49658.482    31.5347      1.521    6.54489     9.3874     9.3822    24.3465   11.82002 9.8730e+01      1.535 0.0000e+00
        207 212.882807    0.01431     0.8583     51.500  1024.3506  49654.143    31.5320      1.451    6.54462     9.3893     9.3849    24.3440   11.81960 1.0218e+02      1.464 0.0000e+00
        208 212.882810    0.01438     0.8625     51.750  1024.3464  49647.212    31.5275      1.383    6.54442     9.3899     9.3876    24.3401   11.81933 1.0388e+02      1.396 0.0000e+00
        209 212.882813    0.01444     0.8667     52.000  1024.3420  49639.714    31.5225      1.329    6.54435     9.3890     9.3895    24.3359   11.81928 1.0344e+02      1.342 0.0000e+00
        210 212.882815    0.01451     0.8708     52.250  1024.3382  49633.227    31.5181      1.299    6.54445     9.3867     9.3901    24.3323   11.81950 1.0006e+02      1.311 0.0000e+00
        211 212.882818    0.01458     0.8750     52.500  1024.3358  49628.702    31.5148      1.297    6.54473     9.3835     9.3892    24.3298   11.81999 9.6638e+01      1.309 0.0000e+00
        212 212.882821    0.01465     0.8792     52.750  1024.3352  49627.243    31.5134      1.321    6.54513     9.3802     9.3868    24.3291   11.82067 9.5556e+01      1.334 0.0000e+00
        213 212.882824    0.01472     0.8833     53.000  1024.3365  49628.857    31.5141      1.365    6.54556     9.3773     9.3836    24.3302   11.82138 9.3790e+01      1.378 0.0000e+00
        214 212.882827    0.01479     0.8875     53.250  1024.3387  49632.104    31.5159      1.421    6.54596     9.3749     9.3803    24.3321   11.82202 8.9720e+01      1.435 0.0000e+00
        215 212.882830    0.01486     0.8917     53.500  1024.3411  49635.781    31.5181      1.483    6.54629     9.3732     9.3774    24.3342   11.82255 8.5865e+01      1.498 0.0000e+00
        216 212.882833    0.01493     0.8958     53.750  1024.3434  49639.362    31.5202      1.546    6.54654     9.3719     9.3750    24.3363   11.82293 8.4931e+01      1.561 0.0000e+00
        217 212.882836    0.01500     0.9000     54.000  1024.3456  49642.604    31.5223      1.606    6.54671     9.3711     9.3733    24.3382   11.82319 8.6592e+01      1.622 0.0000e+00
        218 212.882839    0.01507     0.9042     54.250  1024.3474  49645.484    31.5241      1.663    6.54681     9.3707     9.3721    24.3398   11.82333 8.9141e+01      1.679 0.0000e+00
        219 212.882841    0.01514     0.9083     54.500  1024.3492  49648.176    31.5259      1.714    6.54685     9.3708     9.3713    24.3413   11.82337 9.2050e+01      1.730 0.0000e+00
        220 212.882844    0.01521     0.9125     54.750  1024.3510  49651.073    31.5278      1.755    6.54682     9.3713     9.3709    24.3429   11.82330 9.5193e+01      1.772 0.0000e+00
        221 212.882847    0.01528     0.9167     55.000  1024.3530  49654.538    31.5303      1.781    6.54671     9.3725     9.3710    24.3448   11.82309 9.9045e+01      1.798 0.0000e+00
        222 212.882850    0.01535     0.9208     55.250  1024.3549  49658.037    31.5328      1.785    6.54652     9.3744     9.3715    24.3467   11.82275 1.0259e+02      1.802 0.0000e+00
        223 212.882853    0.01542     0.9250     55.500  1024.3558  49659.941    31.5343      1.764    6.54629     9.3772     9.3727    24.3477   11.82235 1.0414e+02      1.781 0.0000e+00
        224 212.882856    0.01549     0.9292     55.750  1024.3550  49658.987    31.5339      1.718    6.54602     9.3801     9.3746    24.3471   11.82191 1.0416e+02      1.734 0.0000e+00
        225 212.882859    0.01556     0.9333     56.000  1024.3527  49655.587    31.5319      1.652    6.54571     9.3826     9.3774    24.3451   11.82142 1.0266e+02      1.667 0.0000e+00
        226 212.882862    0.01563     0.9375     56.250  1024.3498  49651.166    31.5292      1.572    6.54540     9.3844     9.3803    24.3425   11.82093 9.9085e+01      1.587 0.0000e+00
        227 212.882865    0.01569     0.9417     56.500  1024.3467  49646.481    31.5263      1.488    6.54517     9.3851     9.3828    24.3399   11.82058 9.5542e+01      1.502 0.0000e+00
        228 212.882867    0.01576     0.9458     56.750  1024.3436  49641.567    31.5231      1.412    6.54505     9.3848     9.3845    24.3371   11.82043 9.5319e+01      1.426 0.0000e+00
        229 212.882870    0.01583     0.9500     57.000  1024.3408  49636.918    31.5200      1.358    6.54507     9.3832     9.3852    24.3345   11.82051 9.9617e+01      1.371 0.0000e+00
        230 212.882873    0.01590     0.9542     57.250  1024.3387  49633.243    31.5173      1.337    6.54524     9.3806     9.3849    24.3325   11.82081 1.0717e+02      1.350 0.0000e+00
        231 212.882876    0.01597     0.9583     57.500  1024.3377  49631.259    31.5157      1.351    6.54554     9.3776     9.3833    24.3315   11.82133 1.1557e+02      1.364 0.0000e+00
        232 212.882879    0.01604     0.9625     57.750  1024.3383  49631.728    31.5157      1.394    6.54591     9.3747     9.3807    24.3319   11.82195 1.1979e+02      1.407 0.0000e+00
        233 212.882882    0.01611     0.9667     58.000  1024.3402  49634.490    31.5172      1.454    6.54628     9.3722     9.3777    24.3335   11.82254 1.1592e+02      1.468 0.0000e+00
        234 212.882885    0.01618     0.9708     58.250  1024.3429  49638.708    31.5197      1.517    6.54660     9.3703     9.3748    24.3360   11.82303 1.0852e+02      1.532 0.0000e+00
        235 212.882888    0.01625     0.9750     58.500  1024.3462  49643.899    31.5230      1.572    6.54681     9.3692     9.3724    24.3389   11.82334 1.0188e+02      1.587 0.0000e+00
        236 212.882891    0.01632     0.9792     58.750  1024.3497  49649.867    31.5270      1.610    6.54691     9.3689     9.3705    24.3423   11.82346 9.6496e+01      1.625 0.0000e+00
        237 212.882894    0.01639     0.9833     59.000  1024.3531  49655.764    31.5310      1.627    6.54690     9.3694     9.3694    24.3456   11.82340 9.3317e+01      1.642 0.0000e+00
        238 212.882896    0.01646     0.9875     59.250  1024.3554  49659.973    31.5339      1.622    6.54683     9.3707     9.3691    24.3479   11.82324 9.2125e+01      1.638 0.0000e+00
        239 212.882899    0.01653     0.9917     59.500  1024.3560  49661.311    31.5349      1.599    6.54671     9.3722     9.3696    24.3487   11.82303 9.3730e+01      1.615 0.0000e+00
        240 212.882902    0.01660     0.9958     59.750  1024.3549  49659.689    31.5340      1.566    6.54657     9.3735     9.3709    24.3477   11.82281 1.0048e+02      1.581 0.0000e+00
        241 212.882905    0.01667     1.0000     60.000  1024.3526  49655.943    31.5316      1.530    6.54645     9.3740     9.3724    24.3456   11.82264 1.1088e+02      1.545 0.0000e+00
        242 212.882908    0.01674     1.0042     60.250  1024.3500  49651.405    31.5286      1.502    6.54640     9.3739     9.3736    24.3430   11.82259 1.1851e+02      1.517 0.0000e+00
        243 212.882911    0.01681     1.0083     60.500  1024.3476  49647.359    31.5258      1.487    6.54643     9.3733     9.3742    24.3408   11.82268 1.1951e+02      1.501 0.0000e+00
        244 212.882914    0.01688     1.0125     60.750  1024.3461  49644.538    31.5238      1.486    6.54653     9.3724     9.3741    24.3392   11.82287 1.1719e+02      1.501 0.0000e+00
        245 212.882917    0.01694     1.0167     61.000  1024.3453  49643.093    31.5227      1.497    6.54667     9.3715     9.3734    24.3385   11.82312 1.1590e+02      1.511 0.0000e+00
        246 212.882920    0.01701     1.0208     61.250  1024.3454  49642.938    31.5224      1.512    6.54681     9.3709     9.3725    24.3384   11.82335 1.1449e+02      1.527 0.0000e+00
        247 212.882922    0.01708     1.0250     61.500  1024.3460  49643.868    31.5230      1.526    6.54691     9.3707     9.3717    24.3390   11.82352 1.1080e+02      1.541 0.0000e+00
        248 212.882925    0.01715     1.0292     61.750  1024.3470  49645.726    31.5242      1.529    6.54695     9.3708     9.3711    24.3401   11.82357 1.0666e+02      1.544 0.0000e+00
        249 212.882928    0.01722     1.0333     62.000  1024.3485  49648.584    31.5262      1.512    6.54690     9.3716     9.3708    24.3416   11.82347 1.0477e+02      1.527 0.0000e+00
        250 212.882931    0.01729     1.0375     62.250  1024.3502  49652.025    31.5286      1.467    6.54677     9.3730     9.3710    24.3435   11.82322 1.0654e+02      1.481 0.0000e+00
        251 212.882934    0.01736     1.0417     62.500  1024.3511  49654.317    31.5304      1.389    6.54659     9.3749     9.3717    24.3448   11.82289 1.1470e+02      1.403 0.0000e+00
        252 212.882937    0.01743     1.0458     62.750  1024.3503  49653.725    31.5302      1.285    6.54639     9.3767     9.3731    24.3444   11.82257 1.2878e+02      1.298 0.0000e+00
        253 212.882940    0.01750     1.0500     63.000  1024.3477  49650.112    31.5280      1.170    6.54621     9.3779     9.3750    24.3424   11.82230 1.4101e+02      1.181 0.0000e+00
        254 212.882943    0.01757     1.0542     63.250  1024.3443  49644.820    31.5245      1.063    6.54610     9.3780     9.3768    24.3394   11.82216 1.4732e+02      1.073 0.0000e+00
        255 212.882946    0.01764     1.0583     63.500  1024.3410  49639.612    31.5210      0.980    6.54609     9.3771     9.3779    24.3365   11.82217 1.5183e+02      0.989 0.0000e+00
