CTD-processing/allCTD/CNV--homogene/2012_06-05a_t4_s03a_cast096.cnv
* Sea-Bird SBE19plus Data File:
* FileName = C:\Documents and Settings\glenn.seaman\My Documents\KHolderied-files\CTD-DATA-FILES\2012-May-Jun-KachemakBay\Transect4-2012-06-05a-Barabara-to-Bluff\Tran4-2012-06-05a-Barabara-cast096.hex
* Software Version 1.59
* Temperature SN =  5028
* Conductivity SN =  5028
* System UpLoad Time = Jun 05 2012 13:56:23
** LTM Transect4- Barabara Pt to Bluff Pt
** Date: 2012-06-05  Low tide (1 of 2 lines)
** Station:4-03a
** Start time (AKDT-24hr):0951
** Depth (ft):345`
** Lots of small plankton in water.
# nquan = 17
# nvalues = 787                         
# units = specified
# name 0 = scan: Scan Count
# name 1 = timeJ: Julian Days
# name 2 = timeH: Time, Elapsed [hours]
# name 3 = timeM: Time, Elapsed [minutes]
# name 4 = timeS: Time, Elapsed [seconds]
# name 5 = density00: Density [density, kg/m^3]
# name 6 = specc: Specific Conductance [uS/cm]
# name 7 = sal00: Salinity, Practical [PSU]
# name 8 = depSM: Depth [salt water, m], lat = 59.00
# name 9 = oxsolML/L: Oxygen Saturation, Garcia & Gordon [ml/l]
# name 10 = potemp090C: Potential Temperature [ITS-90, deg C]
# name 11 = tv290C: Temperature [ITS-90, deg C]
# name 12 = sigma-é00: Density [sigma-theta, kg/m^3]
# name 13 = n2satML/L: Nitrogen Saturation [ml/l]
# name 14 = par: PAR/Irradiance, Biospherical/Licor [umol photons/m^2/sec]
# name 15 = prdM: Pressure, Strain Gauge [db]
# name 16 = flag:  0.000e+00
# span 0 =          1,        787       
# span 1 = 157.410185, 157.412459       
# span 2 =    0.00000,    0.05458       
# span 3 =     0.0000,     3.2750       
# span 4 =      0.000,    196.500       
# span 5 =  1000.1243,  1025.5845       
# span 6 =    552.126,  51174.842       
# span 7 =     0.2612,    31.7301       
# span 8 =     -0.036,    102.193       
# span 9 =    6.94759,    8.53696       
# span 10 =     4.7429,     6.7942      
# span 11 =     4.7498,     6.7942      
# span 12 =     0.1244,    25.1047      
# span 13 =   12.48476,   15.58001      
# span 14 = 3.9973e-02, 1.2635e+03      
# span 15 =     -0.036,    103.183      
# span 16 = 0.0000e+00, 0.0000e+00      
# interval = seconds: 0.25
# start_time = Jun 05 2012 09:50:40 [Instrument's time stamp, header]
# bad_flag = -9.990e-29
*END*
[from data line 511]
        512 157.411664    0.03549     2.1292    127.750  1024.9781  50615.271    31.6666     16.050    7.04073     6.1204     6.1364    24.9032   12.63844 1.4904e+01     16.202 0.0000e+00
        513 157.411667    0.03556     2.1333    128.000  1024.9829  50622.057    31.6696     16.367    7.04191     6.1151     6.1283    24.9066   12.64036 1.4002e+01     16.522 0.0000e+00
        514 157.411670    0.03562     2.1375    128.250  1024.9876  50628.401    31.6726     16.693    7.04287     6.1112     6.1217    24.9097   12.64190 1.3122e+01     16.851 0.0000e+00
        515 157.411672    0.03569     2.1417    128.500  1024.9917  50633.679    31.6751     17.028    7.04361     6.1078     6.1165    24.9123   12.64310 1.2276e+01     17.189 0.0000e+00
        516 157.411675    0.03576     2.1458    128.750  1024.9946  50636.563    31.6762     17.366    7.04421     6.1043     6.1126    24.9136   12.64408 1.1481e+01     17.531 0.0000e+00
        517 157.411678    0.03583     2.1500    129.000  1024.9961  50636.850    31.6756     17.705    7.04478     6.1000     6.1093    24.9136   12.64503 1.0745e+01     17.873 0.0000e+00
        518 157.411681    0.03590     2.1542    129.250  1024.9972  50636.366    31.6744     18.039    7.04542     6.0952     6.1057    24.9131   12.64610 1.0072e+01     18.210 0.0000e+00
        519 157.411684    0.03597     2.1583    129.500  1024.9988  50637.029    31.6738     18.368    7.04615     6.0902     6.1015    24.9132   12.64731 9.4567e+00     18.542 0.0000e+00
        520 157.411687    0.03604     2.1625    129.750  1025.0010  50638.800    31.6740     18.689    7.04693     6.0851     6.0967    24.9139   12.64860 8.8921e+00     18.866 0.0000e+00
        521 157.411690    0.03611     2.1667    130.000  1025.0031  50640.430    31.6740     19.003    7.04774     6.0792     6.0918    24.9145   12.64994 8.3697e+00     19.183 0.0000e+00
        522 157.411693    0.03618     2.1708    130.250  1025.0045  50640.834    31.6732     19.311    7.04863     6.0723     6.0867    24.9144   12.65142 7.8807e+00     19.494 0.0000e+00
        523 157.411696    0.03625     2.1750    130.500  1025.0054  50640.476    31.6717     19.616    7.04966     6.0646     6.0809    24.9139   12.65315 7.4175e+00     19.803 0.0000e+00
        524 157.411698    0.03632     2.1792    130.750  1025.0072  50641.734    31.6710     19.922    7.05084     6.0569     6.0739    24.9143   12.65510 6.9733e+00     20.111 0.0000e+00
        525 157.411701    0.03639     2.1833    131.000  1025.0105  50645.818    31.6722     20.232    7.05207     6.0500     6.0662    24.9161   12.65711 6.5425e+00     20.425 0.0000e+00
        526 157.411704    0.03646     2.1875    131.250  1025.0147  50651.530    31.6745     20.550    7.05323     6.0441     6.0585    24.9189   12.65900 6.1216e+00     20.746 0.0000e+00
        527 157.411707    0.03653     2.1917    131.500  1025.0190  50657.085    31.6769     20.878    7.05426     6.0388     6.0517    24.9216   12.66067 5.7114e+00     21.077 0.0000e+00
        528 157.411710    0.03660     2.1958    131.750  1025.0225  50661.221    31.6784     21.214    7.05516     6.0336     6.0458    24.9235   12.66214 5.3175e+00     21.415 0.0000e+00
        529 157.411713    0.03667     2.2000    132.000  1025.0251  50663.664    31.6789     21.553    7.05600     6.0279     6.0405    24.9245   12.66353 4.9477e+00     21.757 0.0000e+00
        530 157.411716    0.03674     2.2042    132.250  1025.0271  50664.918    31.6786     21.886    7.05687     6.0216     6.0353    24.9249   12.66498 4.6091e+00     22.094 0.0000e+00
        531 157.411719    0.03681     2.2083    132.500  1025.0290  50666.295    31.6783     22.208    7.05782     6.0152     6.0297    24.9254   12.66655 4.3052e+00     22.419 0.0000e+00
        532 157.411722    0.03687     2.2125    132.750  1025.0317  50669.197    31.6789     22.518    7.05882     6.0094     6.0235    24.9266   12.66819 4.0335e+00     22.731 0.0000e+00
        533 157.411725    0.03694     2.2167    133.000  1025.0352  50673.653    31.6806     22.818    7.05980     6.0043     6.0171    24.9287   12.66978 3.7868e+00     23.035 0.0000e+00
        534 157.411727    0.03701     2.2208    133.250  1025.0389  50678.422    31.6827     23.119    7.06068     5.9999     6.0113    24.9310   12.67120 3.5567e+00     23.339 0.0000e+00
        535 157.411730    0.03708     2.2250    133.500  1025.0422  50682.296    31.6842     23.430    7.06144     5.9958     6.0062    24.9328   12.67244 3.3367e+00     23.653 0.0000e+00
        536 157.411733    0.03715     2.2292    133.750  1025.0448  50684.754    31.6849     23.756    7.06213     5.9915     6.0019    24.9339   12.67357 3.1256e+00     23.982 0.0000e+00
        537 157.411736    0.03722     2.2333    134.000  1025.0468  50685.932    31.6847     24.093    7.06282     5.9867     5.9977    24.9343   12.67472 2.9267e+00     24.322 0.0000e+00
        538 157.411739    0.03729     2.2375    134.250  1025.0487  50687.019    31.6845     24.433    7.06356     5.9818     5.9934    24.9346   12.67593 2.7430e+00     24.665 0.0000e+00
        539 157.411742    0.03736     2.2417    134.500  1025.0511  50689.183    31.6849     24.767    7.06432     5.9771     5.9886    24.9355   12.67720 2.5763e+00     25.003 0.0000e+00
        540 157.411745    0.03743     2.2458    134.750  1025.0540  50692.195    31.6858     25.092    7.06509     5.9727     5.9838    24.9369   12.67845 2.4264e+00     25.330 0.0000e+00
        541 157.411748    0.03750     2.2500    135.000  1025.0568  50695.205    31.6869     25.409    7.06581     5.9685     5.9791    24.9382   12.67963 2.2912e+00     25.650 0.0000e+00
        542 157.411751    0.03757     2.2542    135.250  1025.0594  50697.656    31.6876     25.723    7.06650     5.9642     5.9748    24.9393   12.68076 2.1675e+00     25.968 0.0000e+00
        543 157.411753    0.03764     2.2583    135.500  1025.0615  50699.372    31.6878     26.041    7.06719     5.9594     5.9706    24.9400   12.68190 2.0539e+00     26.288 0.0000e+00
        544 157.411756    0.03771     2.2625    135.750  1025.0631  50700.014    31.6872     26.365    7.06792     5.9538     5.9663    24.9401   12.68312 1.9512e+00     26.615 0.0000e+00
        545 157.411759    0.03778     2.2667    136.000  1025.0645  50700.254    31.6863     26.695    7.06876     5.9477     5.9615    24.9399   12.68452 1.8633e+00     26.948 0.0000e+00
        546 157.411762    0.03785     2.2708    136.250  1025.0667  50702.112    31.6863     27.028    7.06969     5.9417     5.9559    24.9406   12.68605 1.7976e+00     27.284 0.0000e+00
        547 157.411765    0.03792     2.2750    136.500  1025.0698  50705.613    31.6874     27.358    7.07065     5.9362     5.9498    24.9422   12.68763 1.7402e+00     27.618 0.0000e+00
        548 157.411768    0.03799     2.2792    136.750  1025.0731  50709.487    31.6888     27.682    7.07158     5.9313     5.9439    24.9439   12.68914 1.6618e+00     27.945 0.0000e+00
        549 157.411771    0.03806     2.2833    137.000  1025.0766  50713.736    31.6905     27.999    7.07241     5.9273     5.9384    24.9459   12.69049 1.5658e+00     28.265 0.0000e+00
        550 157.411774    0.03812     2.2875    137.250  1025.0802  50718.149    31.6924     28.312    7.07312     5.9242     5.9336    24.9480   12.69164 1.4704e+00     28.581 0.0000e+00
        551 157.411777    0.03819     2.2917    137.500  1025.0834  50721.858    31.6940     28.624    7.07371     5.9216     5.9296    24.9498   12.69258 1.3805e+00     28.896 0.0000e+00
        552 157.411780    0.03826     2.2958    137.750  1025.0862  50724.589    31.6952     28.939    7.07418     5.9194     5.9265    24.9511   12.69335 1.2970e+00     29.214 0.0000e+00
        553 157.411782    0.03833     2.3000    138.000  1025.0886  50726.579    31.6959     29.259    7.07457     5.9173     5.9239    24.9519   12.69399 1.2199e+00     29.537 0.0000e+00
        554 157.411785    0.03840     2.3042    138.250  1025.0907  50728.159    31.6964     29.583    7.07492     5.9155     5.9217    24.9526   12.69455 1.1489e+00     29.865 0.0000e+00
        555 157.411788    0.03847     2.3083    138.500  1025.0928  50729.569    31.6968     29.910    7.07523     5.9137     5.9197    24.9532   12.69507 1.0837e+00     30.195 0.0000e+00
        556 157.411791    0.03854     2.3125    138.750  1025.0948  50730.881    31.6972     30.236    7.07552     5.9120     5.9179    24.9537   12.69554 1.0241e+00     30.523 0.0000e+00
        557 157.411794    0.03861     2.3167    139.000  1025.0968  50731.987    31.6974     30.559    7.07579     5.9103     5.9162    24.9541   12.69599 9.6948e-01     30.849 0.0000e+00
        558 157.411797    0.03868     2.3208    139.250  1025.0985  50732.720    31.6975     30.878    7.07606     5.9082     5.9145    24.9543   12.69644 9.1914e-01     31.172 0.0000e+00
        559 157.411800    0.03875     2.3250    139.500  1025.1000  50733.019    31.6972     31.198    7.07636     5.9056     5.9128    24.9543   12.69694 8.7231e-01     31.495 0.0000e+00
        560 157.411803    0.03882     2.3292    139.750  1025.1011  50732.778    31.6964     31.519    7.07673     5.9023     5.9108    24.9540   12.69756 8.2838e-01     31.820 0.0000e+00
        561 157.411806    0.03889     2.3333    140.000  1025.1022  50732.282    31.6954     31.843    7.07721     5.8982     5.9082    24.9535   12.69836 7.8693e-01     32.147 0.0000e+00
        562 157.411808    0.03896     2.3375    140.250  1025.1036  50732.603    31.6948     32.168    7.07780     5.8939     5.9048    24.9534   12.69933 7.4795e-01     32.474 0.0000e+00
        563 157.411811    0.03903     2.3417    140.500  1025.1059  50734.362    31.6951     32.493    7.07845     5.8897     5.9008    24.9541   12.70041 7.1138e-01     32.802 0.0000e+00
        564 157.411814    0.03910     2.3458    140.750  1025.1085  50736.863    31.6958     32.818    7.07913     5.8856     5.8965    24.9552   12.70152 6.7698e-01     33.131 0.0000e+00
        565 157.411817    0.03917     2.3500    141.000  1025.1111  50739.397    31.6966     33.143    7.07979     5.8817     5.8923    24.9563   12.70261 6.4462e-01     33.459 0.0000e+00
        566 157.411820    0.03924     2.3542    141.250  1025.1138  50742.106    31.6975     33.465    7.08043     5.8781     5.8883    24.9575   12.70365 6.1425e-01     33.784 0.0000e+00
        567 157.411823    0.03931     2.3583    141.500  1025.1166  50745.091    31.6986     33.783    7.08103     5.8749     5.8844    24.9589   12.70462 5.8569e-01     34.105 0.0000e+00
        568 157.411826    0.03938     2.3625    141.750  1025.1194  50747.998    31.6998     34.101    7.08157     5.8721     5.8808    24.9602   12.70550 5.5851e-01     34.426 0.0000e+00
        569 157.411829    0.03944     2.3667    142.000  1025.1221  50750.597    31.7008     34.422    7.08205     5.8695     5.8776    24.9614   12.70628 5.3231e-01     34.750 0.0000e+00
        570 157.411832    0.03951     2.3708    142.250  1025.1246  50752.838    31.7017     34.746    7.08248     5.8671     5.8748    24.9624   12.70697 5.0697e-01     35.077 0.0000e+00
        571 157.411834    0.03958     2.3750    142.500  1025.1269  50754.694    31.7023     35.073    7.08287     5.8648     5.8723    24.9632   12.70762 4.8270e-01     35.407 0.0000e+00
        572 157.411837    0.03965     2.3792    142.750  1025.1292  50756.442    31.7029     35.398    7.08324     5.8625     5.8699    24.9639   12.70822 4.5972e-01     35.735 0.0000e+00
        573 157.411840    0.03972     2.3833    143.000  1025.1316  50758.411    31.7036     35.718    7.08359     5.8604     5.8676    24.9648   12.70880 4.3813e-01     36.059 0.0000e+00
        574 157.411843    0.03979     2.3875    143.250  1025.1340  50760.553    31.7045     36.033    7.08392     5.8585     5.8654    24.9658   12.70933 4.1783e-01     36.377 0.0000e+00
        575 157.411846    0.03986     2.3917    143.500  1025.1364  50762.648    31.7054     36.346    7.08422     5.8567     5.8633    24.9667   12.70982 3.9862e-01     36.692 0.0000e+00
        576 157.411849    0.03993     2.3958    143.750  1025.1388  50764.602    31.7062     36.659    7.08450     5.8552     5.8614    24.9676   12.71027 3.8021e-01     37.008 0.0000e+00
        577 157.411852    0.04000     2.4000    144.000  1025.1410  50766.355    31.7069     36.976    7.08475     5.8537     5.8597    24.9684   12.71068 3.6238e-01     37.328 0.0000e+00
        578 157.411855    0.04007     2.4042    144.250  1025.1431  50767.689    31.7074     37.298    7.08499     5.8522     5.8582    24.9689   12.71106 3.4513e-01     37.654 0.0000e+00
        579 157.411858    0.04014     2.4083    144.500  1025.1449  50768.562    31.7075     37.624    7.08522     5.8505     5.8567    24.9692   12.71144 3.2861e-01     37.982 0.0000e+00
        580 157.411861    0.04021     2.4125    144.750  1025.1466  50769.262    31.7075     37.950    7.08547     5.8487     5.8552    24.9694   12.71186 3.1294e-01     38.311 0.0000e+00
        581 157.411863    0.04028     2.4167    145.000  1025.1483  50769.988    31.7076     38.275    7.08575     5.8467     5.8536    24.9697   12.71231 2.9812e-01     38.640 0.0000e+00
        582 157.411866    0.04035     2.4208    145.250  1025.1501  50770.844    31.7077     38.600    7.08605     5.8447     5.8518    24.9699   12.71280 2.8408e-01     38.968 0.0000e+00
        583 157.411869    0.04042     2.4250    145.500  1025.1520  50771.890    31.7078     38.927    7.08636     5.8426     5.8498    24.9703   12.71332 2.7070e-01     39.298 0.0000e+00
        584 157.411872    0.04049     2.4292    145.750  1025.1539  50772.949    31.7080     39.258    7.08669     5.8403     5.8478    24.9706   12.71385 2.5790e-01     39.632 0.0000e+00
        585 157.411875    0.04056     2.4333    146.000  1025.1557  50773.708    31.7079     39.594    7.08703     5.8375     5.8458    24.9708   12.71442 2.4572e-01     39.971 0.0000e+00
        586 157.411878    0.04063     2.4375    146.250  1025.1571  50773.760    31.7073     39.932    7.08743     5.8337     5.8435    24.9706   12.71510 2.3415e-01     40.313 0.0000e+00
        587 157.411881    0.04069     2.4417    146.500  1025.1578  50772.552    31.7058     40.273    7.08797     5.8281     5.8407    24.9697   12.71600 2.2318e-01     40.657 0.0000e+00
        588 157.411884    0.04076     2.4458    146.750  1025.1575  50769.648    31.7029     40.613    7.08875     5.8197     5.8369    24.9679   12.71731 2.1286e-01     41.000 0.0000e+00
        589 157.411887    0.04083     2.4500    147.000  1025.1563  50765.077    31.6984     40.951    7.08990     5.8075     5.8313    24.9650   12.71927 2.0323e-01     41.342 0.0000e+00
        590 157.411889    0.04090     2.4542    147.250  1025.1540  50758.818    31.6923     41.287    7.09159     5.7904     5.8230    24.9611   12.72214 1.9427e-01     41.681 0.0000e+00
        591 157.411892    0.04097     2.4583    147.500  1025.1510  50751.602    31.6847     41.621    7.09399     5.7692     5.8108    24.9566   12.72621 1.8598e-01     42.018 0.0000e+00
        592 157.411895    0.04104     2.4625    147.750  1025.1501  50748.544    31.6790     41.948    7.09711     5.7467     5.7937    24.9541   12.73143 1.7839e-01     42.349 0.0000e+00
        593 157.411898    0.04111     2.4667    148.000  1025.1543  50755.227    31.6792     42.269    7.10065     5.7257     5.7726    24.9567   12.73727 1.7145e-01     42.673 0.0000e+00
        594 157.411901    0.04118     2.4708    148.250  1025.1625  50769.470    31.6843     42.585    7.10418     5.7073     5.7501    24.9634   12.74304 1.6505e-01     42.992 0.0000e+00
        595 157.411904    0.04125     2.4750    148.500  1025.1713  50784.840    31.6906     42.898    7.10740     5.6910     5.7291    24.9708   12.74829 1.5910e-01     43.308 0.0000e+00
