CTD-processing/allCTD/CNV--homogene/2012-07-02-kbaysubays-cast153-tua.cnv
* Sea-Bird SBE19plus Data File:
* FileName = C:\Documents and Settings\kris.holderied.local\My Documents\CTD-data-upload-2012-07-28\CTD5028-upload-2012-07-28-cast153.hex
* Software Version 1.54
* Temperature SN =  5028
* Conductivity SN =  5028
* System UpLoad Time = Jul 28 2012 12:00:35
** Kachemak Bay - CTD data - upload all 2012-07-28
** Date:  2012-07-02   xxxx Tide (x of 2 lines)
** Station: Tutka A
** Start time (AKDT-24 hr): 0941
** Depth (ft): 76
** Comments: At mouth
# nquan = 17
# nvalues = 431                         
# units = specified
# name 0 = scan: Scan Count
# name 1 = timeJ: Julian Days
# name 2 = timeH: Time, Elapsed [hours]
# name 3 = timeM: Time, Elapsed [minutes]
# name 4 = timeS: Time, Elapsed [seconds]
# name 5 = density00: Density [density, kg/m^3]
# name 6 = specc: Specific Conductance [uS/cm]
# name 7 = sal00: Salinity, Practical [PSU]
# name 8 = depSM: Depth [salt water, m], lat = 59.00
# name 9 = oxsolML/L: Oxygen Saturation, Garcia & Gordon [ml/l]
# name 10 = potemp090C: Potential Temperature [ITS-90, deg C]
# name 11 = tv290C: Temperature [ITS-90, deg C]
# name 12 = sigma-é00: Density [sigma-theta, kg/m^3]
# name 13 = n2satML/L: Nitrogen Saturation [ml/l]
# name 14 = par: PAR/Irradiance, Biospherical/Licor [umol photons/m^2/sec]
# name 15 = prdM: Pressure, Strain Gauge [db]
# name 16 = flag:  0.000e+00
# span 0 =          1,        431       
# span 1 = 184.404699, 184.405943       
# span 2 =    0.00000,    0.02986       
# span 3 =     0.0000,     1.7917       
# span 4 =      0.000,    107.500       
# span 5 =  1000.4476,  1024.7548       
# span 6 =   1779.249,  50144.055       
# span 7 =     0.8890,    31.5561       
# span 8 =     -0.075,     20.273       
# span 9 =    6.61633,    7.95559       
# span 10 =     7.2661,     9.5148      
# span 11 =     7.2679,     9.5148      
# span 12 =     0.4480,    24.6612      
# span 13 =   11.96134,   14.59052      
# span 14 = 2.2944e+00, 2.6549e+02      
# span 15 =     -0.076,     20.466      
# span 16 = 0.0000e+00, 0.0000e+00      
# interval = seconds: 0.25
# start_time = Jul 02 2012 09:42:46 [Instrument's time stamp, header]
# bad_flag = -9.990e-29
*END*
[from data line 341]
        342 184.405686    0.02368     1.4208     85.250  1024.3195  49463.279    31.2186      8.227    6.73878     8.0529     8.1685    24.2815   12.14479 3.1688e+01      8.304 0.0000e+00
        343 184.405689    0.02375     1.4250     85.500  1024.3757  49559.637    31.2756      8.654    6.74635     8.0236     8.1024    24.3357   12.15660 2.7985e+01      8.736 0.0000e+00
        344 184.405692    0.02382     1.4292     85.750  1024.4269  49647.685    31.3295      9.081    6.75139     8.0096     8.0537    24.3850   12.16428 2.4761e+01      9.167 0.0000e+00
        345 184.405694    0.02389     1.4333     86.000  1024.4667  49715.732    31.3724      9.511    6.75397     8.0032     8.0245    24.4228   12.16801 2.1946e+01      9.601 0.0000e+00
        346 184.405697    0.02396     1.4375     86.250  1024.4917  49757.285    31.3992      9.942    6.75492     7.9967     8.0105    24.4458   12.16926 1.9489e+01     10.036 0.0000e+00
        347 184.405700    0.02403     1.4417     86.500  1024.5034  49775.033    31.4104     10.374    6.75539     7.9859     8.0042    24.4555   12.16990 1.7349e+01     10.472 0.0000e+00
        348 184.405703    0.02410     1.4458     86.750  1024.5090  49781.473    31.4137     10.805    6.75622     7.9709     7.9977    24.4590   12.17124 1.5484e+01     10.908 0.0000e+00
        349 184.405706    0.02417     1.4500     87.000  1024.5154  49789.411    31.4174     11.237    6.75771     7.9535     7.9869    24.4635   12.17366 1.3854e+01     11.344 0.0000e+00
        350 184.405709    0.02424     1.4542     87.250  1024.5243  49801.933    31.4236     11.668    6.75974     7.9351     7.9719    24.4705   12.17693 1.2423e+01     11.779 0.0000e+00
        351 184.405712    0.02431     1.4583     87.500  1024.5343  49816.249    31.4307     12.099    6.76209     7.9161     7.9546    24.4785   12.18072 1.1167e+01     12.214 0.0000e+00
        352 184.405715    0.02438     1.4625     87.750  1024.5440  49829.877    31.4371     12.529    6.76462     7.8966     7.9362    24.4861   12.18484 1.0067e+01     12.648 0.0000e+00
        353 184.405718    0.02444     1.4667     88.000  1024.5530  49842.435    31.4427     12.958    6.76729     7.8772     7.9173    24.4931   12.18919 9.1056e+00     13.081 0.0000e+00
        354 184.405720    0.02451     1.4708     88.250  1024.5624  49855.604    31.4486     13.386    6.77002     7.8579     7.8979    24.5005   12.19363 8.2634e+00     13.512 0.0000e+00
        355 184.405723    0.02458     1.4750     88.500  1024.5716  49868.532    31.4544     13.810    6.77274     7.8374     7.8785    24.5078   12.19807 7.5214e+00     13.941 0.0000e+00
        356 184.405726    0.02465     1.4792     88.750  1024.5791  49878.388    31.4580     14.232    6.77555     7.8149     7.8592    24.5133   12.20266 6.8626e+00     14.367 0.0000e+00
        357 184.405729    0.02472     1.4833     89.000  1024.5859  49887.037    31.4605     14.650    6.77858     7.7916     7.8388    24.5182   12.20765 6.2751e+00     14.789 0.0000e+00
        358 184.405732    0.02479     1.4875     89.250  1024.5948  49899.291    31.4653     15.067    6.78183     7.7692     7.8163    24.5251   12.21298 5.7508e+00     15.210 0.0000e+00
        359 184.405735    0.02486     1.4917     89.500  1024.6052  49914.459    31.4720     15.482    6.78513     7.7477     7.7931    24.5336   12.21834 5.2818e+00     15.629 0.0000e+00
        360 184.405738    0.02493     1.4958     89.750  1024.6143  49927.310    31.4771     15.896    6.78835     7.7252     7.7708    24.5408   12.22360 4.8591e+00     16.047 0.0000e+00
        361 184.405741    0.02500     1.5000     90.000  1024.6202  49934.373    31.4784     16.309    6.79162     7.6993     7.7492    24.5448   12.22900 4.4755e+00     16.464 0.0000e+00
        362 184.405744    0.02507     1.5042     90.250  1024.6227  49935.135    31.4751     16.722    6.79525     7.6682     7.7267    24.5453   12.23505 4.1257e+00     16.880 0.0000e+00
        363 184.405747    0.02514     1.5083     90.500  1024.6224  49930.975    31.4678     17.134    6.79958     7.6304     7.7009    24.5432   12.24229 3.8055e+00     17.297 0.0000e+00
        364 184.405749    0.02521     1.5125     90.750  1024.6207  49924.081    31.4577     17.544    6.80486     7.5864     7.6698    24.5395   12.25116 3.5155e+00     17.710 0.0000e+00
        365 184.405752    0.02528     1.5167     91.000  1024.6203  49919.562    31.4482     17.946    6.81116     7.5397     7.6320    24.5372   12.26169 3.2605e+00     18.116 0.0000e+00
        366 184.405755    0.02535     1.5208     91.250  1024.6260  49926.111    31.4453     18.338    6.81812     7.4951     7.5881    24.5410   12.27324 3.0408e+00     18.511 0.0000e+00
        367 184.405758    0.02542     1.5250     91.500  1024.6390  49946.405    31.4516     18.714    6.82511     7.4557     7.5414    24.5524   12.28472 2.8513e+00     18.891 0.0000e+00
        368 184.405761    0.02549     1.5292     91.750  1024.6554  49973.045    31.4626     19.067    6.83157     7.4214     7.4969    24.5671   12.29527 2.6884e+00     19.248 0.0000e+00
        369 184.405764    0.02556     1.5333     92.000  1024.6702  49997.073    31.4727     19.385    6.83728     7.3906     7.4575    24.5804   12.30458 2.5554e+00     19.569 0.0000e+00
        370 184.405767    0.02562     1.5375     92.250  1024.6809  50014.187    31.4788     19.652    6.84236     7.3626     7.4232    24.5899   12.31291 2.4565e+00     19.838 0.0000e+00
        371 184.405770    0.02569     1.5417     92.500  1024.6904  50029.571    31.4842     19.854    6.84695     7.3404     7.3924    24.5984   12.32043 2.3902e+00     20.042 0.0000e+00
        372 184.405773    0.02576     1.5458     92.750  1024.7041  50053.357    31.4961     19.992    6.85081     7.3272     7.3644    24.6115   12.32667 2.3490e+00     20.182 0.0000e+00
        373 184.405775    0.02583     1.5500     93.000  1024.7213  50083.950    31.5136     20.082    6.85351     7.3231     7.3422    24.6283   12.33091 2.3236e+00     20.272 0.0000e+00
        374 184.405778    0.02590     1.5542     93.250  1024.7358  50109.811    31.5294     20.140    6.85487     7.3256     7.3290    24.6424   12.33295 2.3075e+00     20.331 0.0000e+00
        375 184.405781    0.02597     1.5583     93.500  1024.7451  50126.535    31.5403     20.177    6.85502     7.3331     7.3249    24.6516   12.33308 2.2982e+00     20.369 0.0000e+00
        376 184.405784    0.02604     1.5625     93.750  1024.7511  50137.396    31.5483     20.200    6.85426     7.3442     7.3274    24.6576   12.33172 2.2944e+00     20.392 0.0000e+00
        377 184.405787    0.02611     1.5667     94.000  1024.7546  50143.630    31.5539     20.210    6.85283     7.3571     7.3349    24.6610   12.32928 2.2947e+00     20.402 0.0000e+00
        378 184.405790    0.02618     1.5708     94.250  1024.7548  50144.055    31.5561     20.210    6.85099     7.3702     7.3460    24.6612   12.32621 2.2984e+00     20.402 0.0000e+00
        379 184.405793    0.02625     1.5750     94.500  1024.7524  50139.767    31.5553     20.202    6.84900     7.3825     7.3589    24.6588   12.32293 2.3065e+00     20.394 0.0000e+00
        380 184.405796    0.02632     1.5792     94.750  1024.7489  50133.514    31.5532     20.183    6.84705     7.3938     7.3720    24.6554   12.31973 2.3212e+00     20.374 0.0000e+00
        381 184.405799    0.02639     1.5833     95.000  1024.7450  50126.837    31.5506     20.147    6.84523     7.4039     7.3843    24.6517   12.31676 2.3438e+00     20.338 0.0000e+00
        382 184.405802    0.02646     1.5875     95.250  1024.7409  50119.880    31.5477     20.094    6.84358     7.4123     7.3956    24.6479   12.31407 2.3730e+00     20.284 0.0000e+00
        383 184.405804    0.02653     1.5917     95.500  1024.7364  50112.195    31.5441     20.028    6.84216     7.4187     7.4057    24.6437   12.31177 2.4049e+00     20.218 0.0000e+00
        384 184.405807    0.02660     1.5958     95.750  1024.7314  50103.752    31.5397     19.959    6.84104     7.4225     7.4141    24.6390   12.30996 2.4332e+00     20.148 0.0000e+00
        385 184.405810    0.02667     1.6000     96.000  1024.7263  50094.916    31.5346     19.900    6.84027     7.4234     7.4205    24.6342   12.30875 2.4527e+00     20.088 0.0000e+00
        386 184.405813    0.02674     1.6042     96.250  1024.7212  50085.933    31.5290     19.860    6.83992     7.4214     7.4243    24.6292   12.30825 2.4628e+00     20.048 0.0000e+00
        387 184.405816    0.02681     1.6083     96.500  1024.7165  50077.561    31.5233     19.838    6.84003     7.4170     7.4252    24.6247   12.30850 2.4676e+00     20.027 0.0000e+00
        388 184.405819    0.02688     1.6125     96.750  1024.7138  50072.622    31.5195     19.827    6.84052     7.4121     7.4232    24.6220   12.30936 2.4715e+00     20.016 0.0000e+00
        389 184.405822    0.02694     1.6167     97.000  1024.7140  50073.106    31.5191     19.820    6.84122     7.4077     7.4188    24.6223   12.31052 2.4751e+00     20.008 0.0000e+00
        390 184.405825    0.02701     1.6208     97.250  1024.7156  50075.949    31.5203     19.816    6.84194     7.4035     7.4139    24.6238   12.31170 2.4767e+00     20.004 0.0000e+00
        391 184.405828    0.02708     1.6250     97.500  1024.7165  50077.527    31.5206     19.817    6.84262     7.3993     7.4095    24.6247   12.31282 2.4764e+00     20.005 0.0000e+00
        392 184.405830    0.02715     1.6292     97.750  1024.7170  50078.395    31.5205     19.820    6.84328     7.3954     7.4053    24.6252   12.31391 2.4761e+00     20.008 0.0000e+00
        393 184.405833    0.02722     1.6333     98.000  1024.7181  50080.334    31.5212     19.822    6.84391     7.3923     7.4011    24.6263   12.31495 2.4775e+00     20.010 0.0000e+00
        394 184.405836    0.02729     1.6375     98.250  1024.7197  50083.197    31.5225     19.821    6.84446     7.3901     7.3972    24.6278   12.31583 2.4811e+00     20.009 0.0000e+00
        395 184.405839    0.02736     1.6417     98.500  1024.7211  50085.821    31.5239     19.815    6.84488     7.3884     7.3941    24.6293   12.31652 2.4862e+00     20.002 0.0000e+00
        396 184.405842    0.02743     1.6458     98.750  1024.7220  50087.587    31.5247     19.806    6.84520     7.3872     7.3919    24.6303   12.31702 2.4911e+00     19.993 0.0000e+00
        397 184.405845    0.02750     1.6500     99.000  1024.7227  50088.908    31.5254     19.797    6.84543     7.3864     7.3902    24.6310   12.31740 2.4943e+00     19.985 0.0000e+00
        398 184.405848    0.02757     1.6542     99.250  1024.7235  50090.281    31.5261     19.793    6.84559     7.3860     7.3890    24.6318   12.31766 2.4944e+00     19.981 0.0000e+00
        399 184.405851    0.02764     1.6583     99.500  1024.7240  50091.158    31.5266     19.796    6.84568     7.3855     7.3882    24.6322   12.31781 2.4914e+00     19.984 0.0000e+00
        400 184.405854    0.02771     1.6625     99.750  1024.7238  50090.735    31.5262     19.805    6.84577     7.3845     7.3878    24.6320   12.31795 2.4861e+00     19.993 0.0000e+00
        401 184.405856    0.02778     1.6667    100.000  1024.7232  50089.490    31.5252     19.819    6.84589     7.3830     7.3873    24.6313   12.31817 2.4797e+00     20.007 0.0000e+00
        402 184.405859    0.02785     1.6708    100.250  1024.7227  50088.482    31.5244     19.836    6.84609     7.3810     7.3863    24.6308   12.31850 2.4728e+00     20.024 0.0000e+00
        403 184.405862    0.02792     1.6750    100.500  1024.7223  50087.594    31.5235     19.854    6.84636     7.3783     7.3848    24.6303   12.31896 2.4655e+00     20.042 0.0000e+00
        404 184.405865    0.02799     1.6792    100.750  1024.7216  50086.227    31.5222     19.872    6.84673     7.3745     7.3828    24.6295   12.31958 2.4571e+00     20.061 0.0000e+00
        405 184.405868    0.02806     1.6833    101.000  1024.7205  50083.931    31.5201     19.894    6.84725     7.3686     7.3801    24.6282   12.32046 2.4462e+00     20.082 0.0000e+00
        406 184.405871    0.02813     1.6875    101.250  1024.7182  50079.635    31.5165     19.921    6.84801     7.3597     7.3763    24.6259   12.32178 2.4315e+00     20.109 0.0000e+00
        407 184.405874    0.02819     1.6917    101.500  1024.7146  50072.681    31.5106     19.956    6.84919     7.3472     7.3704    24.6221   12.32380 2.4128e+00     20.145 0.0000e+00
        408 184.405877    0.02826     1.6958    101.750  1024.7111  50065.953    31.5044     20.001    6.85088     7.3320     7.3615    24.6184   12.32668 2.3908e+00     20.190 0.0000e+00
        409 184.405880    0.02833     1.7000    102.000  1024.7096  50062.657    31.5000     20.051    6.85304     7.3150     7.3490    24.6166   12.33031 2.3673e+00     20.242 0.0000e+00
        410 184.405883    0.02840     1.7042    102.250  1024.7097  50062.448    31.4972     20.104    6.85556     7.2978     7.3338    24.6165   12.33451 2.3455e+00     20.295 0.0000e+00
        411 184.405885    0.02847     1.7083    102.500  1024.7120  50066.267    31.4970     20.152    6.85824     7.2828     7.3168    24.6186   12.33894 2.3285e+00     20.344 0.0000e+00
        412 184.405888    0.02854     1.7125    102.750  1024.7179  50076.784    31.5014     20.190    6.86075     7.2722     7.2996    24.6244   12.34303 2.3181e+00     20.381 0.0000e+00
        413 184.405891    0.02861     1.7167    103.000  1024.7270  50093.155    31.5102     20.213    6.86272     7.2670     7.2846    24.6334   12.34619 2.3130e+00     20.405 0.0000e+00
        414 184.405894    0.02868     1.7208    103.250  1024.7363  50109.923    31.5201     20.226    6.86394     7.2661     7.2740    24.6425   12.34808 2.3105e+00     20.418 0.0000e+00
        415 184.405897    0.02875     1.7250    103.500  1024.7426  50121.296    31.5271     20.233    6.86444     7.2674     7.2688    24.6488   12.34882 2.3094e+00     20.425 0.0000e+00
        416 184.405900    0.02882     1.7292    103.750  1024.7453  50126.133    31.5303     20.236    6.86445     7.2698     7.2679    24.6514   12.34879 2.3095e+00     20.428 0.0000e+00
        417 184.405903    0.02889     1.7333    104.000  1024.7461  50127.677    31.5316     20.238    6.86418     7.2726     7.2692    24.6522   12.34833 2.3092e+00     20.430 0.0000e+00
        418 184.405906    0.02896     1.7375    104.250  1024.7461  50127.721    31.5321     20.241    6.86378     7.2750     7.2716    24.6523   12.34766 2.3079e+00     20.433 0.0000e+00
        419 184.405909    0.02903     1.7417    104.500  1024.7449  50125.383    31.5309     20.246    6.86338     7.2764     7.2745    24.6510   12.34702 2.3060e+00     20.437 0.0000e+00
        420 184.405911    0.02910     1.7458    104.750  1024.7429  50121.758    31.5288     20.252    6.86310     7.2768     7.2768    24.6490   12.34658 2.3041e+00     20.443 0.0000e+00
        421 184.405914    0.02917     1.7500    105.000  1024.7412  50118.618    31.5268     20.257    6.86297     7.2768     7.2782    24.6473   12.34639 2.3034e+00     20.449 0.0000e+00
        422 184.405917    0.02924     1.7542    105.250  1024.7402  50116.808    31.5257     20.259    6.86295     7.2770     7.2787    24.6463   12.34638 2.3043e+00     20.451 0.0000e+00
        423 184.405920    0.02931     1.7583    105.500  1024.7408  50117.808    31.5264     20.258    6.86293     7.2785     7.2786    24.6468   12.34634 2.3064e+00     20.450 0.0000e+00
        424 184.405923    0.02937     1.7625    105.750  1024.7425  50120.972    31.5286     20.254    6.86279     7.2812     7.2789    24.6485   12.34607 2.3088e+00     20.446 0.0000e+00
        425 184.405926    0.02944     1.7667    106.000  1024.7438  50123.542    31.5306     20.249    6.86247     7.2846     7.2803    24.6500   12.34551 2.3103e+00     20.441 0.0000e+00
