CTD-processing/allCTD/CNV--homogene/2012_06-25_subbays_kbayb_cast119.cnv
* Sea-Bird SBE19plus Data File:
* FileName = C:\Documents and Settings\glenn.seaman\My Documents\KHolderied-files\CTD-DATA-FILES\2012-CTD-KachemakBay\2012-06-25-CTD-KachemakBay-subbays\2012-06-25-KBay-subbays-cast119.hex
* Software Version 1.59
* Temperature SN =  5028
* Conductivity SN =  5028
* System UpLoad Time = Jun 27 2012 00:19:34
** KachemakBay-Subbay-Survey
** Date: 2012-06-25
** Station: Kasitsna Bay B - near KBL dock
** Start time (AKDT-24hr): 1641
** Depth (ft): 32
** Lat: 59d 28.144m N
** Long: 151d 33.192m W
# nquan = 17
# nvalues = 402                         
# units = specified
# name 0 = scan: Scan Count
# name 1 = timeJ: Julian Days
# name 2 = timeH: Time, Elapsed [hours]
# name 3 = timeM: Time, Elapsed [minutes]
# name 4 = timeS: Time, Elapsed [seconds]
# name 5 = density00: Density [density, kg/m^3]
# name 6 = specc: Specific Conductance [uS/cm]
# name 7 = sal00: Salinity, Practical [PSU]
# name 8 = depSM: Depth [salt water, m], lat = 59.00
# name 9 = oxsolML/L: Oxygen Saturation, Garcia & Gordon [ml/l]
# name 10 = potemp090C: Potential Temperature [ITS-90, deg C]
# name 11 = tv290C: Temperature [ITS-90, deg C]
# name 12 = sigma-é00: Density [sigma-theta, kg/m^3]
# name 13 = n2satML/L: Nitrogen Saturation [ml/l]
# name 14 = par: PAR/Irradiance, Biospherical/Licor [umol photons/m^2/sec]
# name 15 = prdM: Pressure, Strain Gauge [db]
# name 16 = flag:  0.000e+00
# span 0 =          1,        402       
# span 1 = 177.694687, 177.695848       
# span 2 =    0.00000,    0.02785       
# span 3 =     0.0000,     1.6708       
# span 4 =      0.000,    100.250       
# span 5 =   999.9381,  1024.5848       
# span 6 =    354.543,  49923.128       
# span 7 =     0.1661,    31.5081       
# span 8 =     -0.168,     10.235       
# span 9 =    6.55456,    8.14526       
# span 10 =     7.9653,     9.6653      
# span 11 =     7.9663,     9.6654      
# span 12 =    -0.0611,    24.5375      
# span 13 =   11.85055,   14.92149      
# span 14 = 5.1099e+00, 1.8351e+02      
# span 15 =     -0.170,     10.332      
# span 16 = 0.0000e+00, 0.0000e+00      
# interval = seconds: 0.25
# start_time = Jun 25 2012 16:40:21 [Instrument's time stamp, header]
# bad_flag = -9.990e-29
*END*
[from data line 341]
        342 177.695674    0.02368     1.4208     85.250  1023.3921  47915.104    30.3125      0.707    6.59395     9.4569     9.4006    23.3889   11.91607 7.9706e+01      0.713 0.0000e+00
        343 177.695677    0.02375     1.4250     85.500  1023.4152  47959.510    30.3464      0.709    6.58930     9.5014     9.4226    23.4120   11.90795 7.9443e+01      0.715 0.0000e+00
        344 177.695680    0.02382     1.4292     85.750  1023.4360  48000.863    30.3798      0.711    6.58288     9.5465     9.4570    23.4327   11.89690 7.9395e+01      0.717 0.0000e+00
        345 177.695683    0.02389     1.4333     86.000  1023.4388  48010.482    30.3923      0.712    6.57587     9.5837     9.5015    23.4355   11.88513 7.9425e+01      0.719 0.0000e+00
        346 177.695686    0.02396     1.4375     86.250  1023.4265  47992.559    30.3855      0.713    6.56961     9.6109     9.5466    23.4232   11.87484 7.9306e+01      0.719 0.0000e+00
        347 177.695689    0.02403     1.4417     86.500  1023.4110  47968.048    30.3731      0.712    6.56473     9.6296     9.5837    23.4077   11.86691 7.9229e+01      0.718 0.0000e+00
        348 177.695692    0.02410     1.4458     86.750  1023.3977  47946.563    30.3615      0.710    6.56127     9.6419     9.6110    23.3944   11.86131 7.9378e+01      0.716 0.0000e+00
        349 177.695694    0.02417     1.4500     87.000  1023.3877  47930.409    30.3526      0.708    6.55893     9.6499     9.6296    23.3845   11.85755 7.9413e+01      0.714 0.0000e+00
        350 177.695697    0.02424     1.4542     87.250  1023.3809  47919.147    30.3462      0.708    6.55741     9.6551     9.6420    23.3776   11.85511 7.9141e+01      0.714 0.0000e+00
        351 177.695700    0.02431     1.4583     87.500  1023.3763  47911.702    30.3420      0.709    6.55643     9.6584     9.6500    23.3731   11.85353 7.9024e+01      0.716 0.0000e+00
        352 177.695703    0.02438     1.4625     87.750  1023.3735  47907.019    30.3394      0.713    6.55579     9.6605     9.6551    23.3702   11.85251 7.9224e+01      0.720 0.0000e+00
        353 177.695706    0.02444     1.4667     88.000  1023.3717  47904.117    30.3378      0.719    6.55538     9.6618     9.6584    23.3684   11.85185 7.9329e+01      0.726 0.0000e+00
        354 177.695709    0.02451     1.4708     88.250  1023.3706  47902.200    30.3367      0.725    6.55512     9.6628     9.6605    23.3672   11.85143 7.9306e+01      0.732 0.0000e+00
        355 177.695712    0.02458     1.4750     88.500  1023.3698  47900.816    30.3359      0.729    6.55495     9.6635     9.6619    23.3664   11.85117 7.9495e+01      0.736 0.0000e+00
        356 177.695715    0.02465     1.4792     88.750  1023.3691  47899.728    30.3352      0.730    6.55485     9.6640     9.6629    23.3658   11.85100 7.9783e+01      0.737 0.0000e+00
        357 177.695718    0.02472     1.4833     89.000  1023.3686  47898.767    30.3347      0.729    6.55477     9.6645     9.6635    23.3652   11.85088 7.9963e+01      0.736 0.0000e+00
        358 177.695720    0.02479     1.4875     89.250  1023.3680  47897.897    30.3341      0.727    6.55472     9.6648     9.6641    23.3647   11.85080 8.0135e+01      0.734 0.0000e+00
        359 177.695723    0.02486     1.4917     89.500  1023.3676  47897.179    30.3337      0.725    6.55467     9.6651     9.6645    23.3643   11.85073 8.0402e+01      0.732 0.0000e+00
        360 177.695726    0.02493     1.4958     89.750  1023.3673  47896.661    30.3334      0.723    6.55464     9.6652     9.6648    23.3640   11.85067 8.0635e+01      0.730 0.0000e+00
        361 177.695729    0.02500     1.5000     90.000  1023.3671  47896.388    30.3332      0.723    6.55461     9.6653     9.6651    23.3638   11.85062 8.0515e+01      0.730 0.0000e+00
        362 177.695732    0.02507     1.5042     90.250  1023.3671  47896.310    30.3332      0.724    6.55458     9.6653     9.6653    23.3637   11.85058 8.0343e+01      0.731 0.0000e+00
        363 177.695735    0.02514     1.5083     90.500  1023.3671  47896.326    30.3332      0.726    6.55457     9.6652     9.6654    23.3637   11.85056 8.0465e+01      0.733 0.0000e+00
        364 177.695738    0.02521     1.5125     90.750  1023.3672  47896.431    30.3332      0.730    6.55456     9.6650     9.6654    23.3638   11.85055 8.0398e+01      0.737 0.0000e+00
        365 177.695741    0.02528     1.5167     91.000  1023.3673  47896.702    30.3334      0.735    6.55457     9.6645     9.6653    23.3640   11.85056 7.9962e+01      0.742 0.0000e+00
        366 177.695744    0.02535     1.5208     91.250  1023.3677  47897.235    30.3338      0.742    6.55459     9.6638     9.6651    23.3643   11.85059 7.9577e+01      0.749 0.0000e+00
        367 177.695747    0.02542     1.5250     91.500  1023.3682  47898.143    30.3343      0.751    6.55463     9.6624     9.6646    23.3648   11.85065 7.9190e+01      0.758 0.0000e+00
        368 177.695749    0.02549     1.5292     91.750  1023.3692  47899.667    30.3353      0.765    6.55470     9.6601     9.6639    23.3657   11.85075 7.8457e+01      0.772 0.0000e+00
        369 177.695752    0.02556     1.5333     92.000  1023.3708  47902.292    30.3370      0.787    6.55482     9.6562     9.6625    23.3672   11.85093 7.7148e+01      0.795 0.0000e+00
        370 177.695755    0.02562     1.5375     92.250  1023.3735  47906.753    30.3398      0.825    6.55504     9.6495     9.6602    23.3697   11.85126 7.5117e+01      0.833 0.0000e+00
        371 177.695758    0.02569     1.5417     92.500  1023.3779  47914.023    30.3443      0.883    6.55543     9.6388     9.6563    23.3739   11.85185 7.2402e+01      0.891 0.0000e+00
        372 177.695761    0.02576     1.5458     92.750  1023.3847  47925.117    30.3512      0.967    6.55611     9.6220     9.6496    23.3803   11.85290 6.8965e+01      0.976 0.0000e+00
        373 177.695764    0.02583     1.5500     93.000  1023.3946  47941.277    30.3611      1.079    6.55726     9.5958     9.6389    23.3896   11.85468 6.4995e+01      1.089 0.0000e+00
        374 177.695767    0.02590     1.5542     93.250  1023.4090  47964.952    30.3754      1.222    6.55911     9.5547     9.6221    23.4034   11.85758 6.0743e+01      1.234 0.0000e+00
        375 177.695770    0.02597     1.5583     93.500  1023.4307  48000.844    30.3970      1.403    6.56203     9.4895     9.5959    23.4243   11.86215 5.6099e+01      1.416 0.0000e+00
        376 177.695773    0.02604     1.5625     93.750  1023.4643  48056.642    30.4305      1.624    6.56663     9.3863     9.5548    23.4568   11.86936 5.1140e+01      1.640 0.0000e+00
        377 177.695775    0.02611     1.5667     94.000  1023.5156  48142.514    30.4819      1.886    6.57401     9.2322     9.4897    23.5069   11.88096 4.6129e+01      1.904 0.0000e+00
        378 177.695778    0.02618     1.5708     94.250  1023.5907  48268.261    30.5560      2.185    6.58602     9.0353     9.3864    23.5807   11.89994 4.1252e+01      2.206 0.0000e+00
        379 177.695781    0.02625     1.5750     94.500  1023.6969  48446.234    30.6597      2.515    6.60425     8.8285     9.2324    23.6853   11.92888 3.6688e+01      2.539 0.0000e+00
        380 177.695784    0.02632     1.5792     94.750  1023.8333  48676.185    30.7938      2.868    6.62755     8.6428     9.0357    23.8200   11.96583 3.2592e+01      2.895 0.0000e+00
        381 177.695787    0.02639     1.5833     95.000  1023.9797  48924.576    30.9389      3.236    6.65195     8.4919     8.8289    23.9648   12.00447 2.9048e+01      3.266 0.0000e+00
        382 177.695790    0.02646     1.5875     95.250  1024.1137  49152.819    31.0724      3.612    6.67383     8.3773     8.6431    24.0970   12.03906 2.6035e+01      3.647 0.0000e+00
        383 177.695793    0.02653     1.5917     95.500  1024.2250  49342.818    31.1836      3.994    6.69155     8.2937     8.4923    24.2066   12.06703 2.3467e+01      4.032 0.0000e+00
        384 177.695796    0.02660     1.5958     95.750  1024.3106  49488.795    31.2691      4.379    6.70501     8.2329     8.3778    24.2904   12.08826 2.1247e+01      4.420 0.0000e+00
        385 177.695799    0.02667     1.6000     96.000  1024.3722  49593.077    31.3296      4.765    6.71494     8.1879     8.2941    24.3502   12.10396 1.9293e+01      4.810 0.0000e+00
        386 177.695802    0.02674     1.6042     96.250  1024.4152  49665.127    31.3709      5.151    6.72228     8.1532     8.2334    24.3914   12.11560 1.7547e+01      5.200 0.0000e+00
        387 177.695804    0.02681     1.6083     96.500  1024.4457  49715.385    31.3992      5.538    6.72784     8.1250     8.1884    24.4202   12.12446 1.5972e+01      5.590 0.0000e+00
        388 177.695807    0.02688     1.6125     96.750  1024.4678  49750.921    31.4187      5.924    6.73223     8.1012     8.1537    24.4405   12.13149 1.4546e+01      5.980 0.0000e+00
        389 177.695810    0.02694     1.6167     97.000  1024.4853  49778.422    31.4335      6.310    6.73585     8.0813     8.1255    24.4562   12.13730 1.3249e+01      6.369 0.0000e+00
        390 177.695813    0.02701     1.6208     97.250  1024.5012  49803.383    31.4471      6.696    6.73886     8.0653     8.1018    24.4703   12.14211 1.2068e+01      6.759 0.0000e+00
        391 177.695816    0.02708     1.6250     97.500  1024.5158  49826.137    31.4598      7.082    6.74132     8.0520     8.0820    24.4831   12.14601 1.0988e+01      7.149 0.0000e+00
        392 177.695819    0.02715     1.6292     97.750  1024.5278  49844.292    31.4699      7.467    6.74332     8.0402     8.0660    24.4933   12.14920 9.9961e+00      7.537 0.0000e+00
        393 177.695822    0.02722     1.6333     98.000  1024.5370  49857.543    31.4769      7.850    6.74502     8.0291     8.0527    24.5007   12.15194 9.0859e+00      7.924 0.0000e+00
        394 177.695825    0.02729     1.6375     98.250  1024.5444  49867.754    31.4821      8.230    6.74659     8.0183     8.0410    24.5064   12.15448 8.2567e+00      8.308 0.0000e+00
        395 177.695828    0.02736     1.6417     98.500  1024.5508  49876.035    31.4860      8.606    6.74811     8.0075     8.0299    24.5111   12.15694 7.5104e+00      8.687 0.0000e+00
        396 177.695830    0.02743     1.6458     98.750  1024.5562  49882.509    31.4886      8.971    6.74964     7.9962     8.0192    24.5147   12.15943 6.8502e+00      9.056 0.0000e+00
        397 177.695833    0.02750     1.6500     99.000  1024.5607  49887.669    31.4904      9.319    6.75121     7.9847     8.0084    24.5176   12.16202 6.2824e+00      9.407 0.0000e+00
        398 177.695836    0.02757     1.6542     99.250  1024.5655  49893.492    31.4925      9.635    6.75285     7.9746     7.9971    24.5209   12.16469 5.8167e+00      9.726 0.0000e+00
        399 177.695839    0.02764     1.6583     99.500  1024.5715  49902.053    31.4966      9.900    6.75442     7.9677     7.9857    24.5258   12.16724 5.4708e+00      9.994 0.0000e+00
        400 177.695842    0.02771     1.6625     99.750  1024.5780  49912.153    31.5020     10.091    6.75573     7.9653     7.9756    24.5314   12.16933 5.2535e+00     10.187 0.0000e+00
        401 177.695845    0.02778     1.6667    100.000  1024.5830  49920.138    31.5064     10.201    6.75658 -9.990e-29     7.9687    24.5358   12.17069 5.1431e+00     10.297 0.0000e+00
        402 177.695848    0.02785     1.6708    100.250  1024.5848  49923.128    31.5081     10.235    6.75688 -9.990e-29     7.9663    24.5375   12.17116 5.1099e+00     10.332 0.0000e+00
