CTD-processing/allCTD/CNV--homogene/2012-10-28_t6-s28.cnv
* Sea-Bird SBE19plus Data File:
* FileName = C:\Documents and Settings\kris.holderied.local\My Documents\2012-10-CookInlet-Ocean-LTM\2012-10-28-EVOSTC-CookInletOcean-Tran6-Douglas\2012-10-28-CookInletOcean-Tran6-cast001.hex
* Software Version 1.54
* Temperature SN =  4141
* Conductivity SN =  4141
* System UpLoad Time = Oct 28 2012 19:21:12
** Cook Inlet EVOSTC Transect 6 Douglas line west to east
** Date:   28 Oct 2012
** Station:  6-28
** Start time (AKDT-24 hr):  0754
** Depth (m):  104
** Comment:1.7knots current, Clrea sky and Bright Moon. 1SEDT foraging at distance.
# nquan = 17
# nvalues = 821                         
# units = specified
# name 0 = scan: Scan Count
# name 1 = timeJ: Julian Days
# name 2 = timeH: Time, Elapsed [hours]
# name 3 = timeM: Time, Elapsed [minutes]
# name 4 = timeS: Time, Elapsed [seconds]
# name 5 = density00: Density [density, kg/m^3]
# name 6 = specc: Specific Conductance [uS/cm]
# name 7 = sal00: Salinity, Practical [PSU]
# name 8 = depSM: Depth [salt water, m], lat = 59.00
# name 9 = oxsolML/L: Oxygen Saturation, Garcia & Gordon [ml/l]
# name 10 = potemp090C: Potential Temperature [ITS-90, deg C]
# name 11 = tv290C: Temperature [ITS-90, deg C]
# name 12 = sigma-é00: Density [sigma-theta, kg/m^3]
# name 13 = n2satML/L: Nitrogen Saturation [ml/l]
# name 14 = par: PAR/Irradiance, Biospherical/Licor
# name 15 = prdM: Pressure, Strain Gauge [db]
# name 16 = flag:  0.000e+00
# span 0 =          1,        821       
# span 1 = 302.329306, 302.331678       
# span 2 =    0.00000,    0.05694       
# span 3 =     0.0000,     3.4167       
# span 4 =      0.000,    205.000       
# span 5 =   999.9737,  1025.0950       
# span 6 =      1.847,  50268.345       
# span 7 =     0.0020,    31.7447       
# span 8 =     -0.032,     86.195       
# span 9 =    6.70732,    9.04256       
# span 10 =     4.5470,     8.3007      
# span 11 =     4.5427,     8.3076      
# span 12 =    -0.0262,    24.6976      
# span 13 =   12.08985,   16.43398      
# span 14 = 3.6556e-02, 7.7786e+00      
# span 15 =     -0.032,     87.027      
# span 16 = 0.0000e+00, 0.0000e+00      
# interval = seconds: 0.25
# start_time = Oct 28 2012 07:54:12 [Instrument's time stamp, header]
# bad_flag = -9.990e-29
*END*
          1 302.329306    0.00000     0.0000      0.000   999.9739      1.985     0.0020     -0.032    9.04256     4.5470     4.5427    -0.0259   16.43398 6.0768e+00     -0.032 0.0000e+00
          2 302.329308    0.00007     0.0042      0.250   999.9739      1.984     0.0020     -0.031    9.04208     4.5493     4.5447    -0.0260   16.43318 4.8186e+00     -0.031 0.0000e+00
          3 302.329311    0.00014     0.0083      0.500   999.9739      1.977     0.0020     -0.031    9.04154     4.5514     4.5470    -0.0260   16.43227 3.4443e+00     -0.031 0.0000e+00
          4 302.329314    0.00021     0.0125      0.750   999.9739      1.970     0.0020     -0.031    9.04101     4.5535     4.5493    -0.0260   16.43138 2.4344e+00     -0.031 0.0000e+00
          5 302.329317    0.00028     0.0167      1.000   999.9739      1.967     0.0020     -0.031    9.04050     4.5554     4.5514    -0.0260   16.43053 1.8350e+00     -0.031 0.0000e+00
          6 302.329320    0.00035     0.0208      1.250   999.9739      1.960     0.0020     -0.031    9.04002     4.5569     4.5535    -0.0260   16.42972 1.4514e+00     -0.031 0.0000e+00
          7 302.329323    0.00042     0.0250      1.500   999.9738      1.951     0.0020     -0.031    9.03958     4.5581     4.5554    -0.0260   16.42898 1.1983e+00     -0.031 0.0000e+00
          8 302.329326    0.00049     0.0292      1.750   999.9738      1.950     0.0020     -0.030    9.03921     4.5589     4.5569    -0.0261   16.42836 1.0573e+00     -0.030 0.0000e+00
          9 302.329329    0.00056     0.0333      2.000   999.9738      1.955     0.0020     -0.030    9.03893     4.5595     4.5581    -0.0261   16.42790 1.0259e+00     -0.030 0.0000e+00
         10 302.329332    0.00063     0.0375      2.250   999.9738      1.961     0.0020     -0.031    9.03874     4.5599     4.5589    -0.0261   16.42758 1.0275e+00     -0.031 0.0000e+00
         11 302.329334    0.00069     0.0417      2.500   999.9738      1.961     0.0020     -0.031    9.03861     4.5603     4.5595    -0.0261   16.42735 9.5953e-01     -0.031 0.0000e+00
         12 302.329337    0.00076     0.0458      2.750   999.9738      1.950     0.0020     -0.031    9.03850     4.5607     4.5599    -0.0261   16.42718 8.4535e-01     -0.031 0.0000e+00
         13 302.329340    0.00083     0.0500      3.000   999.9738      1.940     0.0020     -0.031    9.03841     4.5610     4.5603    -0.0261   16.42703 7.5407e-01     -0.031 0.0000e+00
         14 302.329343    0.00090     0.0542      3.250   999.9738      1.946     0.0020     -0.031    9.03833     4.5613     4.5607    -0.0261   16.42689 7.0477e-01     -0.031 0.0000e+00
         15 302.329346    0.00097     0.0583      3.500   999.9738      1.953     0.0020     -0.031    9.03826     4.5615     4.5610    -0.0261   16.42677 7.0274e-01     -0.031 0.0000e+00
         16 302.329349    0.00104     0.0625      3.750   999.9738      1.947     0.0020     -0.031    9.03819     4.5618     4.5613    -0.0261   16.42666 7.5203e-01     -0.031 0.0000e+00
         17 302.329352    0.00111     0.0667      4.000   999.9738      1.932     0.0020     -0.031    9.03813     4.5623     4.5615    -0.0261   16.42655 8.5352e-01     -0.031 0.0000e+00
         18 302.329355    0.00118     0.0708      4.250   999.9738      1.910     0.0020     -0.031    9.03805     4.5629     4.5618    -0.0261   16.42642 9.8050e-01     -0.031 0.0000e+00
         19 302.329358    0.00125     0.0750      4.500   999.9737      1.887     0.0020     -0.031    9.03795     4.5637     4.5623    -0.0261   16.42624 1.0484e+00     -0.031 0.0000e+00
         20 302.329361    0.00132     0.0792      4.750   999.9737      1.875     0.0020     -0.031    9.03780     4.5645     4.5629    -0.0261   16.42600 1.0082e+00     -0.031 0.0000e+00
         21 302.329363    0.00139     0.0833      5.000   999.9737      1.869     0.0020     -0.031    9.03762     4.5653     4.5637    -0.0261   16.42569 9.3998e-01     -0.031 0.0000e+00
         22 302.329366    0.00146     0.0875      5.250   999.9737      1.856     0.0020     -0.031    9.03742     4.5660     4.5645    -0.0262   16.42536 9.3984e-01     -0.031 0.0000e+00
         23 302.329369    0.00153     0.0917      5.500   999.9737      1.847     0.0020     -0.031    9.03723     4.5664     4.5653    -0.0262   16.42504 1.0382e+00     -0.031 0.0000e+00
         24 302.329372    0.00160     0.0958      5.750   999.9737      1.848     0.0020     -0.031    9.03708     4.5664     4.5660    -0.0262   16.42479 1.1437e+00     -0.031 0.0000e+00
         25 302.329375    0.00167     0.1000      6.000   999.9737      1.861     0.0020     -0.031    9.03699     4.5662     4.5664    -0.0262   16.42465 1.0987e+00     -0.031 0.0000e+00
         26 302.329378    0.00174     0.1042      6.250   999.9737      1.879     0.0020     -0.031    9.03698     4.5658     4.5664    -0.0261   16.42462 9.3015e-01     -0.031 0.0000e+00
         27 302.329381    0.00181     0.1083      6.500   999.9737      1.886     0.0020     -0.031    9.03702     4.5653     4.5662    -0.0261   16.42469 7.8082e-01     -0.031 0.0000e+00
         28 302.329384    0.00187     0.1125      6.750   999.9737      1.884     0.0020     -0.031    9.03712     4.5649     4.5658    -0.0261   16.42485 7.0019e-01     -0.031 0.0000e+00
         29 302.329387    0.00194     0.1167      7.000   999.9737      1.894     0.0020     -0.031    9.03724     4.5647     4.5653    -0.0261   16.42505 6.7883e-01     -0.031 0.0000e+00
         30 302.329389    0.00201     0.1208      7.250   999.9737      1.917     0.0020     -0.031    9.03733     4.5650     4.5649    -0.0261   16.42521 7.0980e-01     -0.031 0.0000e+00
         31 302.329392    0.00208     0.1250      7.500   999.9738      1.939     0.0020     -0.031    9.03737     4.5657     4.5647    -0.0261   16.42527 7.9068e-01     -0.031 0.0000e+00
         32 302.329395    0.00215     0.1292      7.750   999.9738      1.951     0.0020     -0.031    9.03731     4.5667     4.5650    -0.0261   16.42517 9.0617e-01     -0.031 0.0000e+00
         33 302.329398    0.00222     0.1333      8.000   999.9737      1.949     0.0020     -0.031    9.03714     4.5679     4.5657    -0.0261   16.42490 1.0268e+00     -0.031 0.0000e+00
         34 302.329401    0.00229     0.1375      8.250   999.9737      1.945     0.0020     -0.031    9.03690     4.5691     4.5667    -0.0261   16.42449 1.1713e+00     -0.031 0.0000e+00
         35 302.329404    0.00236     0.1417      8.500   999.9737      1.948     0.0020     -0.031    9.03662     4.5701     4.5679    -0.0261   16.42401 1.3460e+00     -0.031 0.0000e+00
         36 302.329407    0.00243     0.1458      8.750   999.9737      1.947     0.0020     -0.031    9.03634     4.5707     4.5691    -0.0262   16.42355 1.4502e+00     -0.031 0.0000e+00
         37 302.329410    0.00250     0.1500      9.000   999.9737      1.947     0.0020     -0.030    9.03611     4.5710     4.5701    -0.0262   16.42316 1.3776e+00     -0.030 0.0000e+00
         38 302.329413    0.00257     0.1542      9.250   999.9737      1.954     0.0020     -0.030    9.03596     4.5711     4.5707    -0.0262   16.42291 1.1605e+00     -0.030 0.0000e+00
         39 302.329416    0.00264     0.1583      9.500   999.9737      1.952     0.0020     -0.030    9.03589     4.5709     4.5710    -0.0262   16.42279 9.5006e-01     -0.030 0.0000e+00
         40 302.329418    0.00271     0.1625      9.750   999.9737      1.940     0.0020     -0.031    9.03589     4.5707     4.5710    -0.0262   16.42278 8.2787e-01     -0.031 0.0000e+00
         41 302.329421    0.00278     0.1667     10.000   999.9737      1.917     0.0020     -0.031    9.03592     4.5705     4.5709    -0.0262   16.42284 7.8462e-01     -0.031 0.0000e+00
         42 302.329424    0.00285     0.1708     10.250   999.9737      1.891     0.0020     -0.031    9.03598     4.5703     4.5707    -0.0262   16.42293 8.1099e-01     -0.031 0.0000e+00
         43 302.329427    0.00292     0.1750     10.500   999.9737      1.881     0.0020     -0.031    9.03603     4.5703     4.5705    -0.0262   16.42302 8.5836e-01     -0.031 0.0000e+00
         44 302.329430    0.00299     0.1792     10.750   999.9737      1.881     0.0020     -0.031    9.03606     4.5703     4.5703    -0.0262   16.42308 8.9017e-01     -0.031 0.0000e+00
         45 302.329433    0.00306     0.1833     11.000   999.9737      1.882     0.0020     -0.031    9.03607     4.5704     4.5703    -0.0262   16.42310 9.6651e-01     -0.031 0.0000e+00
         46 302.329436    0.00313     0.1875     11.250   999.9737      1.883     0.0020     -0.031    9.03607     4.5705     4.5703    -0.0262   16.42308 1.1420e+00     -0.031 0.0000e+00
         47 302.329439    0.00319     0.1917     11.500   999.9737      1.892     0.0020     -0.031    9.03605     4.5707     4.5704    -0.0262   16.42305 1.4219e+00     -0.031 0.0000e+00
         48 302.329442    0.00326     0.1958     11.750   999.9737      1.911     0.0020     -0.031    9.03602     4.5708     4.5705    -0.0262   16.42300 1.7451e+00     -0.031 0.0000e+00
         49 302.329444    0.00333     0.2000     12.000   999.9737      1.938     0.0020     -0.031    9.03598     4.5708     4.5707    -0.0262   16.42294 1.9394e+00     -0.031 0.0000e+00
         50 302.329447    0.00340     0.2042     12.250   999.9737      1.974     0.0020     -0.031    9.03595     4.5707     4.5708    -0.0262   16.42289 1.8566e+00     -0.031 0.0000e+00
         51 302.329450    0.00347     0.2083     12.500   999.9737      2.012     0.0021     -0.031    9.03594     4.5705     4.5708    -0.0261   16.42287 1.5940e+00     -0.031 0.0000e+00
         52 302.329453    0.00354     0.2125     12.750   999.9738      2.069     0.0021     -0.031    9.03596     4.5702     4.5707    -0.0261   16.42290 1.4162e+00     -0.031 0.0000e+00
         53 302.329456    0.00361     0.2167     13.000   999.9738      2.176     0.0022     -0.031    9.03601     4.5697     4.5705    -0.0260   16.42298 1.4399e+00     -0.031 0.0000e+00
         54 302.329459    0.00368     0.2208     13.250   999.9739      2.372     0.0023     -0.031    9.03608     4.5692     4.5702    -0.0259   16.42309 1.6409e+00     -0.031 0.0000e+00
         55 302.329462    0.00375     0.2250     13.500   999.9740      2.729     0.0025     -0.031    9.03616     4.5687     4.5697    -0.0258   16.42324 1.9264e+00     -0.031 0.0000e+00
         56 302.329465    0.00382     0.2292     13.750   999.9743      3.325     0.0028     -0.031    9.03626     4.5680     4.5692    -0.0255   16.42340 2.1505e+00     -0.031 0.0000e+00
         57 302.329468    0.00389     0.2333     14.000   999.9748      4.274     0.0034     -0.031    9.03637     4.5674     4.5687    -0.0250   16.42357 2.3569e+00     -0.031 0.0000e+00
         58 302.329470    0.00396     0.2375     14.250   999.9756      5.812     0.0043     -0.031    9.03647     4.5667     4.5680    -0.0242   16.42372 2.8156e+00     -0.031 0.0000e+00
         59 302.329473    0.00403     0.2417     14.500   999.9768      8.375     0.0059     -0.031    9.03654     4.5660     4.5674    -0.0230   16.42381 3.7301e+00     -0.031 0.0000e+00
         60 302.329476    0.00410     0.2458     14.750   999.9788     12.671     0.0085     -0.031    9.03655     4.5653     4.5667    -0.0210   16.42380 5.0528e+00     -0.031 0.0000e+00
         61 302.329479    0.00417     0.2500     15.000   999.9823     19.834     0.0128     -0.031    9.03647     4.5645     4.5660    -0.0175   16.42360 6.4714e+00     -0.031 0.0000e+00
         62 302.329482    0.00424     0.2542     15.250   999.9880     31.766     0.0200     -0.031    9.03624     4.5638     4.5653    -0.0118   16.42311 7.4915e+00     -0.031 0.0000e+00
         63 302.329485    0.00431     0.2583     15.500   999.9975     51.646     0.0320     -0.031    9.03575     4.5630     4.5645    -0.0023   16.42212 7.7786e+00     -0.031 0.0000e+00
         64 302.329488    0.00438     0.2625     15.750  1000.0134     84.778     0.0521     -0.031    9.03483     4.5624     4.5638     0.0136   16.42028 7.3964e+00     -0.031 0.0000e+00
         65 302.329491    0.00444     0.2667     16.000  1000.0398    140.006     0.0854     -0.030    9.03316     4.5619     4.5630     0.0400   16.41700 6.6544e+00     -0.030 0.0000e+00
         66 302.329494    0.00451     0.2708     16.250  1000.0839    232.078     0.1411     -0.029    9.03024     4.5618     4.5624     0.0841   16.41130 5.7831e+00     -0.029 0.0000e+00
         67 302.329497    0.00458     0.2750     16.500  1000.1574    385.555     0.2338     -0.028    9.02524     4.5626     4.5619     0.1576   16.40155 4.8938e+00     -0.028 0.0000e+00
         68 302.329499    0.00465     0.2792     16.750  1000.2799    641.366     0.3883     -0.025    9.01673     4.5652     4.5618     0.2800   16.38503 4.2359e+00     -0.025 0.0000e+00
         69 302.329502    0.00472     0.2833     17.000  1000.4840   1067.715     0.6458     -0.021    9.00231     4.5710     4.5626     0.4841   16.35710 4.1205e+00     -0.021 0.0000e+00
         70 302.329505    0.00479     0.2875     17.250  1000.8241   1778.287     1.0751     -0.015    8.97799     4.5825     4.5652     0.8242   16.31005 4.4808e+00     -0.015 0.0000e+00
         71 302.329508    0.00486     0.2917     17.500  1001.3910   2962.584     1.7905     -0.004    8.93708     4.6033     4.5710     1.3911   16.23103 4.8313e+00     -0.004 0.0000e+00
         72 302.329511    0.00493     0.2958     17.750  1002.3358   4936.429     2.9828      0.014    8.86851     4.6396     4.5825     2.3358   16.09866 4.8637e+00      0.014 0.0000e+00
         73 302.329514    0.00500     0.3000     18.000  1003.9105   8226.143     4.9700      0.043    8.75383     4.7015     4.6033     3.9103   15.87740 4.5802e+00      0.044 0.0000e+00
         74 302.329517    0.00507     0.3042     18.250  1006.5349  13708.946     8.2819      0.093    8.56231     4.7951     4.6396     6.5345   15.50795 3.9332e+00      0.094 0.0000e+00
         75 302.329520    0.00514     0.3083     18.500  1010.4000  21709.228    13.1623      0.171    8.28026     4.9075     4.7015    10.3992   14.96468 2.9342e+00      0.173 0.0000e+00
         76 302.329523    0.00521     0.3125     18.750  1014.5651  30210.712    18.4272      0.276    7.97402     5.0138     4.7951    14.5637   14.37665 1.9081e+00      0.279 0.0000e+00
         77 302.329525    0.00528     0.3167     19.000  1017.6839  36519.930    22.3758      0.398    7.73812     5.0979     4.9075    17.6820   13.92598 1.1776e+00      0.402 0.0000e+00
         78 302.329528    0.00535     0.3208     19.250  1019.5713  40331.462    24.7698      0.528    7.58840     5.1574     5.0138    19.5687   13.64173 7.4297e-01      0.533 0.0000e+00
         79 302.329531    0.00542     0.3250     19.500  1020.7155  42638.137    26.2234      0.661    7.49411     5.1957     5.0980    20.7123   13.46357 4.8560e-01      0.667 0.0000e+00
         80 302.329534    0.00549     0.3292     19.750  1021.4107  44037.116    27.1074      0.784    7.43537     5.2175     5.1575    21.4069   13.35292 3.3138e-01      0.792 0.0000e+00
         81 302.329537    0.00556     0.3333     20.000  1021.8229  44867.001    27.6318      0.884    7.39996     5.2283     5.1957    21.8187   13.28635 2.3843e-01      0.893 0.0000e+00
         82 302.329540    0.00562     0.3375     20.250  1022.0690  45362.621    27.9447      0.958    7.37899     5.2325     5.2176    22.0645   13.24689 1.8287e-01      0.967 0.0000e+00
         83 302.329543    0.00569     0.3417     20.500  1022.2226  45671.179    28.1395      1.011    7.36648     5.2332     5.2283    22.2178   13.22323 1.5136e-01      1.020 0.0000e+00
         84 302.329546    0.00576     0.3458     20.750  1022.3235  45872.756    28.2672      1.047    7.35884     5.2323     5.2326    22.3186   13.20868 1.3813e-01      1.056 0.0000e+00
         85 302.329549    0.00583     0.3500     21.000  1022.3924  46009.386    28.3541      1.071    7.35407     5.2316     5.2333    22.3873   13.19950 1.3850e-01      1.080 0.0000e+00
