CTD-processing/allCTD/CNV--homogene/2012_05-02_t4_s09_cast009.cnv
* Sea-Bird SBE19plus Data File:
* FileName = C:\Documents and Settings\glenn.seaman\My Documents\KHolderied-files\CTD-DATA-FILES\2012-05-LTM-LowerCookInlet-CTD\Transect4-2012-05-02\2012-05-02-LTM-Tran4-009.hex
* Software Version 1.59
* Temperature SN =  5028
* Conductivity SN =  5028
* System UpLoad Time = May 02 2012 16:28:21
** LTM Transect4-Barabara Pt to Bluff Pt
** Date: 2012-05-02
** Station:4-9
** Start time (AKDT-24hr):1521
** Depth (m):25
# nquan = 17
# nvalues = 443                         
# units = specified
# name 0 = scan: Scan Count
# name 1 = timeJ: Julian Days
# name 2 = timeH: Time, Elapsed [hours]
# name 3 = timeM: Time, Elapsed [minutes]
# name 4 = timeS: Time, Elapsed [seconds]
# name 5 = density00: Density [density, kg/m^3]
# name 6 = specc: Specific Conductance [uS/cm]
# name 7 = sal00: Salinity, Practical [PSU]
# name 8 = depSM: Depth [salt water, m], lat = 59.00
# name 9 = oxsolML/L: Oxygen Saturation, Garcia & Gordon [ml/l]
# name 10 = potemp090C: Potential Temperature [ITS-90, deg C]
# name 11 = tv290C: Temperature [ITS-90, deg C]
# name 12 = sigma-é00: Density [sigma-theta, kg/m^3]
# name 13 = n2satML/L: Nitrogen Saturation [ml/l]
# name 14 = par: PAR/Irradiance, Biospherical/Licor [umol photons/m^2/sec]
# name 15 = prdM: Pressure, Strain Gauge [db]
# name 16 = flag:  0.000e+00
# span 0 =          1,        443       
# span 1 = 123.639271, 123.640550       
# span 2 =    0.00000,    0.03069       
# span 3 =     0.0000,     1.8417       
# span 4 =      0.000,    110.500       
# span 5 =  1000.2610,  1025.3004       
# span 6 =    752.266,  51343.985       
# span 7 =     0.3556,    31.7369       
# span 8 =     -0.100,     26.154       
# span 9 =    7.34362,    9.20229       
# span 10 =     3.7847,     4.3631      
# span 11 =     3.7846,     4.3633      
# span 12 =     0.2615,    25.1771      
# span 13 =   13.13842,   16.69606      
# span 14 = 6.8268e-02, 8.6972e+02      
# span 15 =     -0.100,     26.402      
# span 16 = 0.0000e+00, 0.0000e+00      
# interval = seconds: 0.25
# start_time = May 02 2012 15:20:33 [Instrument's time stamp, header]
# bad_flag = -9.990e-29
*END*
[from data line 341]
        342 123.640258    0.02368     1.4208     85.250  1025.1277  51178.180    31.6860      2.653    7.34371     4.3629     4.3627    25.1152   13.13856 3.0435e+01      2.678 0.0000e+00
        343 123.640260    0.02375     1.4250     85.500  1025.1284  51178.165    31.6860      2.809    7.34367     4.3631     4.3629    25.1152   13.13850 2.8585e+01      2.836 0.0000e+00
        344 123.640263    0.02382     1.4292     85.750  1025.1291  51178.113    31.6860      2.976    7.34364     4.3631     4.3631    25.1151   13.13845 2.6807e+01      3.003 0.0000e+00
        345 123.640266    0.02389     1.4333     86.000  1025.1298  51177.849    31.6857      3.154    7.34362     4.3630     4.3633    25.1149   13.13842 2.5102e+01      3.183 0.0000e+00
        346 123.640269    0.02396     1.4375     86.250  1025.1304  51177.501    31.6854      3.343    7.34362     4.3628     4.3633    25.1146   13.13843 2.3460e+01      3.374 0.0000e+00
        347 123.640272    0.02403     1.4417     86.500  1025.1312  51177.371    31.6852      3.537    7.34365     4.3624     4.3632    25.1145   13.13848 2.1857e+01      3.570 0.0000e+00
        348 123.640275    0.02410     1.4458     86.750  1025.1319  51177.153    31.6849      3.733    7.34371     4.3618     4.3630    25.1143   13.13857 2.0288e+01      3.768 0.0000e+00
        349 123.640278    0.02417     1.4500     87.000  1025.1323  51176.542    31.6843      3.927    7.34380     4.3608     4.3627    25.1139   13.13873 1.8785e+01      3.964 0.0000e+00
        350 123.640281    0.02424     1.4542     87.250  1025.1327  51175.736    31.6835      4.120    7.34395     4.3595     4.3621    25.1133   13.13898 1.7393e+01      4.159 0.0000e+00
        351 123.640284    0.02431     1.4583     87.500  1025.1332  51175.303    31.6829      4.313    7.34415     4.3582     4.3611    25.1129   13.13932 1.6134e+01      4.354 0.0000e+00
        352 123.640286    0.02438     1.4625     87.750  1025.1343  51175.924    31.6829      4.510    7.34437     4.3571     4.3598    25.1130   13.13970 1.5006e+01      4.553 0.0000e+00
        353 123.640289    0.02444     1.4667     88.000  1025.1359  51177.566    31.6836      4.714    7.34457     4.3565     4.3585    25.1137   13.14002 1.3999e+01      4.758 0.0000e+00
        354 123.640292    0.02451     1.4708     88.250  1025.1378  51179.384    31.6845      4.927    7.34471     4.3561     4.3575    25.1145   13.14024 1.3103e+01      4.973 0.0000e+00
        355 123.640295    0.02458     1.4750     88.500  1025.1393  51180.568    31.6850      5.152    7.34480     4.3558     4.3568    25.1150   13.14038 1.2303e+01      5.200 0.0000e+00
        356 123.640298    0.02465     1.4792     88.750  1025.1404  51180.789    31.6850      5.389    7.34487     4.3552     4.3565    25.1150   13.14049 1.1577e+01      5.440 0.0000e+00
        357 123.640301    0.02472     1.4833     89.000  1025.1413  51180.383    31.6845      5.640    7.34495     4.3544     4.3561    25.1147   13.14063 1.0906e+01      5.693 0.0000e+00
        358 123.640304    0.02479     1.4875     89.250  1025.1422  51180.061    31.6840      5.901    7.34507     4.3533     4.3556    25.1144   13.14083 1.0281e+01      5.956 0.0000e+00
        359 123.640307    0.02486     1.4917     89.500  1025.1433  51180.086    31.6837      6.166    7.34523     4.3520     4.3548    25.1142   13.14110 9.7004e+00      6.224 0.0000e+00
        360 123.640310    0.02493     1.4958     89.750  1025.1444  51180.202    31.6834      6.429    7.34543     4.3504     4.3537    25.1141   13.14144 9.1703e+00      6.490 0.0000e+00
        361 123.640312    0.02500     1.5000     90.000  1025.1454  51180.297    31.6831      6.684    7.34569     4.3485     4.3524    25.1139   13.14187 8.6979e+00      6.747 0.0000e+00
        362 123.640315    0.02507     1.5042     90.250  1025.1466  51180.683    31.6829      6.928    7.34598     4.3465     4.3508    25.1139   13.14236 8.2855e+00      6.994 0.0000e+00
        363 123.640318    0.02514     1.5083     90.500  1025.1481  51181.984    31.6832      7.160    7.34630     4.3449     4.3489    25.1144   13.14288 7.9300e+00      7.227 0.0000e+00
        364 123.640321    0.02521     1.5125     90.750  1025.1501  51184.228    31.6842      7.378    7.34659     4.3438     4.3470    25.1153   13.14335 7.6241e+00      7.448 0.0000e+00
        365 123.640324    0.02528     1.5167     91.000  1025.1520  51186.337    31.6851      7.584    7.34682     4.3429     4.3455    25.1163   13.14371 7.3562e+00      7.656 0.0000e+00
        366 123.640327    0.02535     1.5208     91.250  1025.1535  51187.590    31.6856      7.783    7.34700     4.3421     4.3443    25.1168   13.14400 7.1138e+00      7.856 0.0000e+00
        367 123.640330    0.02542     1.5250     91.500  1025.1547  51188.339    31.6858      7.979    7.34715     4.3413     4.3434    25.1170   13.14424 6.8853e+00      8.054 0.0000e+00
        368 123.640333    0.02549     1.5292     91.750  1025.1558  51188.983    31.6860      8.178    7.34728     4.3404     4.3426    25.1172   13.14446 6.6569e+00      8.256 0.0000e+00
        369 123.640336    0.02556     1.5333     92.000  1025.1568  51189.331    31.6860      8.387    7.34742     4.3394     4.3418    25.1173   13.14469 6.4150e+00      8.466 0.0000e+00
        370 123.640339    0.02562     1.5375     92.250  1025.1577  51189.375    31.6857      8.608    7.34758     4.3382     4.3410    25.1172   13.14496 6.1528e+00      8.690 0.0000e+00
        371 123.640341    0.02569     1.5417     92.500  1025.1588  51189.597    31.6855      8.843    7.34777     4.3370     4.3400    25.1171   13.14528 5.8683e+00      8.928 0.0000e+00
        372 123.640344    0.02576     1.5458     92.750  1025.1601  51190.270    31.6855      9.093    7.34797     4.3358     4.3388    25.1173   13.14562 5.5624e+00      9.179 0.0000e+00
        373 123.640347    0.02583     1.5500     93.000  1025.1617  51191.275    31.6858      9.352    7.34818     4.3349     4.3376    25.1176   13.14595 5.2415e+00      9.441 0.0000e+00
        374 123.640350    0.02590     1.5542     93.250  1025.1635  51192.676    31.6864      9.616    7.34836     4.3344     4.3364    25.1182   13.14624 4.9179e+00      9.707 0.0000e+00
        375 123.640353    0.02597     1.5583     93.500  1025.1656  51194.745    31.6874      9.877    7.34848     4.3346     4.3355    25.1191   13.14642 4.6057e+00      9.971 0.0000e+00
        376 123.640356    0.02604     1.5625     93.750  1025.1679  51196.916    31.6887     10.132    7.34850     4.3353     4.3350    25.1202   13.14644 4.3166e+00     10.228 0.0000e+00
        377 123.640359    0.02611     1.5667     94.000  1025.1697  51198.252    31.6895     10.374    7.34842     4.3363     4.3353    25.1208   13.14629 4.0577e+00     10.473 0.0000e+00
        378 123.640362    0.02618     1.5708     94.250  1025.1708  51198.441    31.6897     10.604    7.34827     4.3373     4.3360    25.1209   13.14605 3.8309e+00     10.704 0.0000e+00
        379 123.640365    0.02625     1.5750     94.500  1025.1715  51197.830    31.6894     10.819    7.34811     4.3380     4.3370    25.1205   13.14578 3.6347e+00     10.922 0.0000e+00
        380 123.640367    0.02632     1.5792     94.750  1025.1719  51196.828    31.6889     11.024    7.34797     4.3384     4.3380    25.1200   13.14556 3.4648e+00     11.128 0.0000e+00
        381 123.640370    0.02639     1.5833     95.000  1025.1721  51195.481    31.6880     11.220    7.34787     4.3381     4.3387    25.1192   13.14542 3.3149e+00     11.327 0.0000e+00
        382 123.640373    0.02646     1.5875     95.250  1025.1721  51193.860    31.6869     11.415    7.34786     4.3370     4.3391    25.1183   13.14541 3.1771e+00     11.523 0.0000e+00
        383 123.640376    0.02653     1.5917     95.500  1025.1718  51191.792    31.6853     11.613    7.34798     4.3346     4.3389    25.1171   13.14562 3.0433e+00     11.723 0.0000e+00
        384 123.640379    0.02660     1.5958     95.750  1025.1713  51189.443    31.6834     11.819    7.34827     4.3312     4.3378    25.1157   13.14614 2.9069e+00     11.931 0.0000e+00
        385 123.640382    0.02667     1.6000     96.000  1025.1717  51188.687    31.6822     12.038    7.34875     4.3279     4.3354    25.1150   13.14694 2.7640e+00     12.152 0.0000e+00
        386 123.640385    0.02674     1.6042     96.250  1025.1737  51191.039    31.6829     12.272    7.34931     4.3253     4.3321    25.1159   13.14785 2.6133e+00     12.388 0.0000e+00
        387 123.640388    0.02681     1.6083     96.500  1025.1767  51195.175    31.6848     12.520    7.34980     4.3235     4.3288    25.1178   13.14865 2.4549e+00     12.638 0.0000e+00
        388 123.640391    0.02688     1.6125     96.750  1025.1795  51198.579    31.6864     12.779    7.35018     4.3217     4.3262    25.1193   13.14925 2.2916e+00     12.900 0.0000e+00
        389 123.640394    0.02694     1.6167     97.000  1025.1811  51199.715    31.6866     13.044    7.35050     4.3192     4.3244    25.1196   13.14977 2.1286e+00     13.167 0.0000e+00
        390 123.640396    0.02701     1.6208     97.250  1025.1817  51198.979    31.6856     13.307    7.35086     4.3159     4.3226    25.1190   13.15039 1.9716e+00     13.433 0.0000e+00
        391 123.640399    0.02708     1.6250     97.500  1025.1823  51198.489    31.6846     13.562    7.35136     4.3119     4.3201    25.1184   13.15121 1.8261e+00     13.690 0.0000e+00
        392 123.640402    0.02715     1.6292     97.750  1025.1835  51199.385    31.6843     13.807    7.35197     4.3075     4.3167    25.1185   13.15223 1.6956e+00     13.937 0.0000e+00
        393 123.640405    0.02722     1.6333     98.000  1025.1849  51200.739    31.6842     14.040    7.35268     4.3023     4.3128    25.1188   13.15340 1.5811e+00     14.172 0.0000e+00
        394 123.640408    0.02729     1.6375     98.250  1025.1860  51201.581    31.6836     14.259    7.35350     4.2965     4.3084    25.1188   13.15475 1.4824e+00     14.394 0.0000e+00
        395 123.640411    0.02736     1.6417     98.500  1025.1871  51202.887    31.6832     14.465    7.35443     4.2907     4.3032    25.1190   13.15631 1.3984e+00     14.602 0.0000e+00
        396 123.640414    0.02743     1.6458     98.750  1025.1897  51206.903    31.6845     14.659    7.35541     4.2861     4.2974    25.1206   13.15791 1.3263e+00     14.798 0.0000e+00
        397 123.640417    0.02750     1.6500     99.000  1025.1935  51213.375    31.6875     14.846    7.35629     4.2830     4.2917    25.1236   13.15931 1.2628e+00     14.987 0.0000e+00
        398 123.640420    0.02757     1.6542     99.250  1025.1975  51220.078    31.6909     15.031    7.35694     4.2817     4.2871    25.1267   13.16035 1.2047e+00     15.174 0.0000e+00
        399 123.640422    0.02764     1.6583     99.500  1025.2013  51226.044    31.6942     15.218    7.35732     4.2819     4.2840    25.1296   13.16092 1.1494e+00     15.362 0.0000e+00
        400 123.640425    0.02771     1.6625     99.750  1025.2043  51230.309    31.6967     15.410    7.35742     4.2825     4.2828    25.1318   13.16106 1.0944e+00     15.556 0.0000e+00
        401 123.640428    0.02778     1.6667    100.000  1025.2056  51230.907    31.6971     15.612    7.35737     4.2822     4.2830    25.1320   13.16098 1.0376e+00     15.760 0.0000e+00
        402 123.640431    0.02785     1.6708    100.250  1025.2051  51228.187    31.6952     15.826    7.35735     4.2808     4.2836    25.1305   13.16097 9.7789e-01     15.976 0.0000e+00
        403 123.640434    0.02792     1.6750    100.500  1025.2046  51225.562    31.6933     16.056    7.35749     4.2786     4.2833    25.1290   13.16123 9.1522e-01     16.208 0.0000e+00
        404 123.640437    0.02799     1.6792    100.750  1025.2052  51225.038    31.6924     16.303    7.35779     4.2762     4.2819    25.1285   13.16173 8.5051e-01     16.456 0.0000e+00
        405 123.640440    0.02806     1.6833    101.000  1025.2068  51226.245    31.6926     16.564    7.35817     4.2740     4.2797    25.1288   13.16234 7.8541e-01     16.721 0.0000e+00
        406 123.640443    0.02813     1.6875    101.250  1025.2089  51228.238    31.6933     16.838    7.35855     4.2717     4.2774    25.1296   13.16297 7.2200e-01     16.997 0.0000e+00
        407 123.640446    0.02819     1.6917    101.500  1025.2107  51229.695    31.6936     17.118    7.35893     4.2690     4.2752    25.1301   13.16359 6.6229e-01     17.280 0.0000e+00
        408 123.640448    0.02826     1.6958    101.750  1025.2118  51229.822    31.6930     17.399    7.35936     4.2652     4.2729    25.1299   13.16431 6.0777e-01     17.564 0.0000e+00
        409 123.640451    0.02833     1.7000    102.000  1025.2124  51229.039    31.6917     17.676    7.35992     4.2605     4.2702    25.1291   13.16524 5.5908e-01     17.843 0.0000e+00
        410 123.640454    0.02840     1.7042    102.250  1025.2132  51229.023    31.6907     17.946    7.36064     4.2553     4.2664    25.1286   13.16644 5.1611e-01     18.116 0.0000e+00
        411 123.640457    0.02847     1.7083    102.500  1025.2151  51231.098    31.6909     18.208    7.36147     4.2501     4.2617    25.1292   13.16781 4.7828e-01     18.381 0.0000e+00
        412 123.640460    0.02854     1.7125    102.750  1025.2174  51234.074    31.6916     18.466    7.36235     4.2446     4.2566    25.1303   13.16926 4.4472e-01     18.641 0.0000e+00
        413 123.640463    0.02861     1.7167    103.000  1025.2193  51236.453    31.6919     18.721    7.36327     4.2388     4.2513    25.1311   13.17077 4.1441e-01     18.898 0.0000e+00
        414 123.640466    0.02868     1.7208    103.250  1025.2215  51239.418    31.6925     18.977    7.36423     4.2335     4.2458    25.1321   13.17235 3.8638e-01     19.157 0.0000e+00
        415 123.640469    0.02875     1.7250    103.500  1025.2249  51244.522    31.6945     19.236    7.36515     4.2293     4.2401    25.1343   13.17385 3.5992e-01     19.419 0.0000e+00
        416 123.640472    0.02882     1.7292    103.750  1025.2289  51250.682    31.6973     19.501    7.36595     4.2261     4.2348    25.1370   13.17512 3.3464e-01     19.686 0.0000e+00
        417 123.640475    0.02889     1.7333    104.000  1025.2327  51256.085    31.6999     19.773    7.36657     4.2236     4.2306    25.1395   13.17612 3.1031e-01     19.961 0.0000e+00
        418 123.640477    0.02896     1.7375    104.250  1025.2358  51260.183    31.7018     20.053    7.36705     4.2213     4.2274    25.1414   13.17688 2.8701e-01     20.243 0.0000e+00
        419 123.640480    0.02903     1.7417    104.500  1025.2385  51263.124    31.7031     20.339    7.36744     4.2189     4.2249    25.1426   13.17751 2.6505e-01     20.532 0.0000e+00
        420 123.640483    0.02910     1.7458    104.750  1025.2406  51265.204    31.7038     20.625    7.36780     4.2157     4.2226    25.1434   13.17810 2.4478e-01     20.821 0.0000e+00
        421 123.640486    0.02917     1.7500    105.000  1025.2425  51266.738    31.7042     20.906    7.36822     4.2112     4.2202    25.1439   13.17878 2.2660e-01     21.104 0.0000e+00
        422 123.640489    0.02924     1.7542    105.250  1025.2442  51268.355    31.7044     21.178    7.36877     4.2053     4.2171    25.1444   13.17970 2.1070e-01     21.379 0.0000e+00
        423 123.640492    0.02931     1.7583    105.500  1025.2464  51271.056    31.7051     21.440    7.36953     4.1983     4.2126    25.1454   13.18095 1.9698e-01     21.643 0.0000e+00
        424 123.640495    0.02937     1.7625    105.750  1025.2497  51276.039    31.7070     21.690    7.37050     4.1913     4.2067    25.1475   13.18252 1.8525e-01     21.896 0.0000e+00
        425 123.640498    0.02944     1.7667    106.000  1025.2542  51283.648    31.7104     21.929    7.37158     4.1852     4.1997    25.1509   13.18426 1.7523e-01     22.137 0.0000e+00
