CTD-processing/allCTD/CNV--homogene/2012_05-31a_t4_s10a_cast081.cnv
* Sea-Bird SBE19plus Data File:
* FileName = C:\Documents and Settings\glenn.seaman\My Documents\KHolderied-files\CTD-DATA-FILES\2012-05-LTM-LowerCookInlet-CTD\Transect4-2012-05-31-Barabara\2012-05-31-Tran4-Barabara-cast081.hex
* Software Version 1.59
* Temperature SN =  5028
* Conductivity SN =  5028
* System UpLoad Time = May 31 2012 15:29:43
** LTM Transect4- Barabara to Bluff Pt
** Date: 2012-05-31
** Station:4-10a
** Start time (AKDT-24hr):1246
** Depth (ft):75.5
** Station set at 10 fathom chart contour along line. Surface and bottom water samples taken
# nquan = 17
# nvalues = 716                         
# units = specified
# name 0 = scan: Scan Count
# name 1 = timeJ: Julian Days
# name 2 = timeH: Time, Elapsed [hours]
# name 3 = timeM: Time, Elapsed [minutes]
# name 4 = timeS: Time, Elapsed [seconds]
# name 5 = density00: Density [density, kg/m^3]
# name 6 = specc: Specific Conductance [uS/cm]
# name 7 = sal00: Salinity, Practical [PSU]
# name 8 = depSM: Depth [salt water, m], lat = 59.00
# name 9 = oxsolML/L: Oxygen Saturation, Garcia & Gordon [ml/l]
# name 10 = potemp090C: Potential Temperature [ITS-90, deg C]
# name 11 = tv290C: Temperature [ITS-90, deg C]
# name 12 = sigma-é00: Density [sigma-theta, kg/m^3]
# name 13 = n2satML/L: Nitrogen Saturation [ml/l]
# name 14 = par: PAR/Irradiance, Biospherical/Licor [umol photons/m^2/sec]
# name 15 = prdM: Pressure, Strain Gauge [db]
# name 16 = flag:  0.000e+00
# span 0 =          1,        716       
# span 1 = 152.529722, 152.531791       
# span 2 =    0.00000,    0.04965       
# span 3 =     0.0000,     2.9792       
# span 4 =      0.000,    178.750       
# span 5 =  1000.1325,  1025.0107       
# span 6 =    627.851,  50651.223       
# span 7 =     0.2976,    31.6599       
# span 8 =     -0.179,     20.541       
# span 9 =    6.80630,    8.44317       
# span 10 =     5.9708,     8.0534      
# span 11 =     5.9723,     8.0537      
# span 12 =     0.1333,    24.9175      
# span 13 =   12.27046,   15.42155      
# span 14 = 8.5882e-01, 2.6813e+02      
# span 15 =     -0.181,     20.736      
# span 16 = 0.0000e+00, 0.0000e+00      
# interval = seconds: 0.25
# start_time = May 31 2012 12:42:48 [Instrument's time stamp, header]
# bad_flag = -9.990e-29
*END*
          1 152.529722    0.00000     0.0000      0.000  1000.1623    704.207     0.3351     -0.179    8.44122     7.1636     7.1634     0.1632   15.41769 1.8562e+02     -0.181 0.0000e+00
          2 152.529725    0.00007     0.0042      0.250  1000.1513    676.136     0.3213     -0.179    8.44196     7.1638     7.1635     0.1522   15.41915 1.8454e+02     -0.181 0.0000e+00
          3 152.529728    0.00014     0.0083      0.500  1000.1412    650.211     0.3085     -0.179    8.44264     7.1640     7.1636     0.1421   15.42049 1.8402e+02     -0.181 0.0000e+00
          4 152.529731    0.00021     0.0125      0.750  1000.1351    634.485     0.3008     -0.179    8.44304     7.1641     7.1638     0.1359   15.42128 1.8351e+02     -0.181 0.0000e+00
          5 152.529734    0.00028     0.0167      1.000  1000.1326    628.224     0.2977     -0.179    8.44317     7.1643     7.1640     0.1335   15.42155 1.8227e+02     -0.181 0.0000e+00
          6 152.529737    0.00035     0.0208      1.250  1000.1325    627.851     0.2976     -0.178    8.44314     7.1644     7.1641     0.1333   15.42151 1.8157e+02     -0.180 0.0000e+00
          7 152.529740    0.00042     0.0250      1.500  1000.1350    634.213     0.3007     -0.178    8.44293     7.1645     7.1643     0.1359   15.42111 1.8339e+02     -0.180 0.0000e+00
          8 152.529742    0.00049     0.0292      1.750  1000.1423    652.757     0.3099     -0.178    8.44239     7.1646     7.1644     0.1432   15.42006 1.8782e+02     -0.180 0.0000e+00
          9 152.529745    0.00056     0.0333      2.000  1000.1550    685.141     0.3259     -0.178    8.44148     7.1647     7.1645     0.1559   15.41827 1.9312e+02     -0.180 0.0000e+00
         10 152.529748    0.00063     0.0375      2.250  1000.1713    726.383     0.3464     -0.178    8.44033     7.1647     7.1646     0.1722   15.41601 1.9730e+02     -0.180 0.0000e+00
         11 152.529751    0.00069     0.0417      2.500  1000.1905    775.058     0.3707     -0.178    8.43898     7.1647     7.1647     0.1914   15.41336 1.9915e+02     -0.180 0.0000e+00
         12 152.529754    0.00076     0.0458      2.750  1000.2153    837.436     0.4019     -0.178    8.43725     7.1647     7.1647     0.2162   15.40996 1.9807e+02     -0.180 0.0000e+00
         13 152.529757    0.00083     0.0500      3.000  1000.2491    922.069     0.4445     -0.178    8.43491     7.1647     7.1647     0.2500   15.40535 1.9396e+02     -0.180 0.0000e+00
         14 152.529760    0.00090     0.0542      3.250  1000.2944   1035.392     0.5016     -0.178    8.43177     7.1646     7.1647     0.2953   15.39916 1.8857e+02     -0.180 0.0000e+00
         15 152.529763    0.00097     0.0583      3.500  1000.3489   1170.949     0.5703     -0.178    8.42799     7.1646     7.1647     0.3498   15.39173 1.8506e+02     -0.180 0.0000e+00
         16 152.529766    0.00104     0.0625      3.750  1000.4049   1309.539     0.6408     -0.178    8.42412     7.1645     7.1646     0.4057   15.38410 1.8495e+02     -0.180 0.0000e+00
         17 152.529769    0.00111     0.0667      4.000  1000.4636   1454.030     0.7148     -0.178    8.42006     7.1644     7.1646     0.4644   15.37612 1.8721e+02     -0.180 0.0000e+00
         18 152.529771    0.00118     0.0708      4.250  1000.5214   1595.773     0.7877     -0.178    8.41607     7.1643     7.1645     0.5222   15.36826 1.9061e+02     -0.180 0.0000e+00
         19 152.529774    0.00125     0.0750      4.500  1000.5539   1675.237     0.8286     -0.178    8.41385     7.1641     7.1644     0.5547   15.36388 1.9395e+02     -0.180 0.0000e+00
         20 152.529777    0.00132     0.0792      4.750  1000.5553   1678.329     0.8304     -0.178    8.41379     7.1638     7.1643     0.5561   15.36377 1.9569e+02     -0.180 0.0000e+00
         21 152.529780    0.00139     0.0833      5.000  1000.5486   1660.548     0.8220     -0.178    8.41433     7.1636     7.1641     0.5494   15.36481 1.9619e+02     -0.180 0.0000e+00
         22 152.529783    0.00146     0.0875      5.250  1000.5528   1668.175     0.8274     -0.178    8.41412     7.1635     7.1638     0.5537   15.36440 1.9654e+02     -0.180 0.0000e+00
         23 152.529786    0.00153     0.0917      5.500  1000.5720   1710.418     0.8518     -0.177    8.41290     7.1635     7.1636     0.5729   15.36200 1.9658e+02     -0.179 0.0000e+00
         24 152.529789    0.00160     0.0958      5.750  1000.5988   1767.691     0.8858     -0.177    8.41119     7.1638     7.1635     0.5997   15.35864 1.9572e+02     -0.179 0.0000e+00
         25 152.529792    0.00167     0.1000      6.000  1000.6292   1828.267     0.9245     -0.177    8.40927     7.1647     7.1635     0.6300   15.35489 1.9417e+02     -0.179 0.0000e+00
         26 152.529795    0.00174     0.1042      6.250  1000.6713   1908.469     0.9785     -0.176    8.40659     7.1665     7.1638     0.6721   15.34969 1.9286e+02     -0.178 0.0000e+00
         27 152.529797    0.00181     0.1083      6.500  1000.7445   2049.497     1.0722     -0.174    8.40185     7.1697     7.1647     0.7454   15.34049 1.9229e+02     -0.176 0.0000e+00
         28 152.529800    0.00187     0.1125      6.750  1000.8831   2324.958     1.2492     -0.172    8.39273     7.1755     7.1665     0.8840   15.32279 1.9277e+02     -0.174 0.0000e+00
         29 152.529803    0.00194     0.1167      7.000  1001.1349   2835.100     1.5705     -0.168    8.37602     7.1854     7.1697     1.1358   15.29035 1.9364e+02     -0.170 0.0000e+00
         30 152.529806    0.00201     0.1208      7.250  1001.5643   3709.008     2.1182     -0.163    8.34744     7.2022     7.1755     1.5651   15.23484 1.9345e+02     -0.164 0.0000e+00
         31 152.529809    0.00208     0.1250      7.500  1002.2792   5164.067     3.0303     -0.153    8.29978     7.2305     7.1854     2.2800   15.14231 1.9358e+02     -0.155 0.0000e+00
         32 152.529812    0.00215     0.1292      7.750  1003.4716   7591.063     4.5515     -0.137    8.22023     7.2780     7.2022     3.4723   14.98787 1.9630e+02     -0.139 0.0000e+00
         33 152.529815    0.00222     0.1333      8.000  1005.4615  11642.410     7.0901     -0.110    8.08741     7.3552     7.2305     5.4621   14.73002 2.0076e+02     -0.112 0.0000e+00
         34 152.529818    0.00229     0.1375      8.250  1008.7816  18403.472    11.3256     -0.066    7.86574     7.4642     7.2780     8.7820   14.29969 2.0742e+02     -0.067 0.0000e+00
         35 152.529821    0.00236     0.1417      8.500  1013.1594  27282.960    16.9129     -0.002    7.57209     7.5866     7.3552    13.1594   13.73053 2.1859e+02     -0.002 0.0000e+00
         36 152.529823    0.00243     0.1458      8.750  1017.0547  35123.672    21.8912      0.072    7.30598     7.6991     7.4642    17.0544   13.21689 2.3319e+02      0.073 0.0000e+00
         37 152.529826    0.00250     0.1500      9.000  1019.5859  40192.934    25.1348      0.145    7.12529     7.7894     7.5866    19.5852   12.87054 2.4512e+02      0.146 0.0000e+00
         38 152.529829    0.00257     0.1542      9.250  1021.0741  43179.449    27.0487      0.210    7.01221     7.8562     7.6991    21.0731   12.65540 2.4791e+02      0.212 0.0000e+00
         39 152.529832    0.00264     0.1583      9.500  1021.9486  44938.243    28.1775      0.272    6.94166     7.9030     7.7894    21.9474   12.52209 2.3919e+02      0.274 0.0000e+00
         40 152.529835    0.00271     0.1625      9.750  1022.4641  45976.717    28.8450      0.334    6.89780     7.9349     7.8562    22.4626   12.43970 2.2017e+02      0.337 0.0000e+00
         41 152.529838    0.00278     0.1667     10.000  1022.7706  46594.705    29.2430      0.406    6.87056     7.9565     7.9030    22.7687   12.38875 1.9936e+02      0.410 0.0000e+00
         42 152.529841    0.00285     0.1708     10.250  1022.9549  46966.086    29.4827      0.493    6.85358     7.9710     7.9349    22.9526   12.35713 1.8546e+02      0.497 0.0000e+00
         43 152.529844    0.00292     0.1750     10.500  1023.0657  47189.017    29.6269      0.592    6.84299     7.9798     7.9565    23.0630   12.33748 1.7812e+02      0.598 0.0000e+00
         44 152.529847    0.00299     0.1792     10.750  1023.1305  47319.257    29.7112      0.697    6.83650     7.9831     7.9710    23.1272   12.32550 1.7397e+02      0.704 0.0000e+00
         45 152.529850    0.00306     0.1833     11.000  1023.1658  47390.722    29.7572      0.795    6.83279     7.9807     7.9798    23.1621   12.31867 1.7073e+02      0.803 0.0000e+00
         46 152.529852    0.00313     0.1875     11.250  1023.1858  47431.065    29.7827      0.875    6.83096     7.9741     7.9832    23.1817   12.31525 1.6847e+02      0.884 0.0000e+00
         47 152.529855    0.00319     0.1917     11.500  1023.2025  47463.759    29.8032      0.935    6.83030     7.9675     7.9808    23.1982   12.31387 1.6810e+02      0.944 0.0000e+00
         48 152.529858    0.00326     0.1958     11.750  1023.2209  47498.427    29.8252      0.980    6.83028     7.9657     7.9742    23.2164   12.31354 1.6825e+02      0.990 0.0000e+00
         49 152.529861    0.00333     0.2000     12.000  1023.2414  47536.254    29.8499      1.021    6.83018     7.9704     7.9676    23.2366   12.31304 1.6771e+02      1.031 0.0000e+00
         50 152.529864    0.00340     0.2042     12.250  1023.2620  47574.313    29.8756      1.067    6.82930     7.9800     7.9657    23.2571   12.31126 1.6710e+02      1.077 0.0000e+00
         51 152.529867    0.00347     0.2083     12.500  1023.2782  47604.052    29.8967      1.119    6.82760     7.9912     7.9705    23.2730   12.30818 1.6728e+02      1.130 0.0000e+00
         52 152.529870    0.00354     0.2125     12.750  1023.2875  47621.275    29.9100      1.175    6.82552     8.0019     7.9801    23.2820   12.30457 1.6844e+02      1.187 0.0000e+00
         53 152.529873    0.00361     0.2167     13.000  1023.2914  47628.588    29.9166      1.230    6.82348     8.0113     7.9913    23.2856   12.30111 1.7049e+02      1.242 0.0000e+00
         54 152.529876    0.00368     0.2208     13.250  1023.2919  47629.624    29.9189      1.278    6.82171     8.0191     8.0020    23.2859   12.29815 1.7328e+02      1.290 0.0000e+00
         55 152.529878    0.00375     0.2250     13.500  1023.2906  47627.361    29.9186      1.314    6.82026     8.0249     8.0115    23.2844   12.29574 1.7737e+02      1.327 0.0000e+00
         56 152.529881    0.00382     0.2292     13.750  1023.2885  47623.692    29.9172      1.334    6.81912     8.0287     8.0192    23.2822   12.29387 1.8375e+02      1.347 0.0000e+00
         57 152.529884    0.00389     0.2333     14.000  1023.2865  47620.307    29.9157      1.335    6.81827     8.0304     8.0250    23.2803   12.29250 1.9230e+02      1.348 0.0000e+00
         58 152.529887    0.00396     0.2375     14.250  1023.2845  47616.925    29.9139      1.317    6.81776     8.0295     8.0289    23.2784   12.29166 2.0180e+02      1.330 0.0000e+00
         59 152.529890    0.00403     0.2417     14.500  1023.2812  47611.306    29.9103      1.281    6.81766     8.0264     8.0305    23.2753   12.29155 2.1107e+02      1.293 0.0000e+00
         60 152.529893    0.00410     0.2458     14.750  1023.2803  47609.980    29.9092      1.231    6.81784     8.0229     8.0297    23.2746   12.29186 2.1861e+02      1.242 0.0000e+00
         61 152.529896    0.00417     0.2500     15.000  1023.2861  47620.932    29.9164      1.183    6.81801     8.0203     8.0266    23.2806   12.29204 2.2325e+02      1.194 0.0000e+00
         62 152.529899    0.00424     0.2542     15.250  1023.2930  47633.771    29.9248      1.147    6.81818     8.0175     8.0230    23.2877   12.29222 2.2625e+02      1.158 0.0000e+00
         63 152.529902    0.00431     0.2583     15.500  1023.2946  47636.826    29.9265      1.118    6.81851     8.0138     8.0204    23.2895   12.29275 2.2859e+02      1.128 0.0000e+00
         64 152.529905    0.00438     0.2625     15.750  1023.2941  47635.891    29.9255      1.091    6.81900     8.0098     8.0176    23.2890   12.29357 2.2918e+02      1.101 0.0000e+00
         65 152.529907    0.00444     0.2667     16.000  1023.2938  47635.454    29.9247      1.068    6.81960     8.0052     8.0139    23.2889   12.29458 2.2887e+02      1.078 0.0000e+00
         66 152.529910    0.00451     0.2708     16.250  1023.2922  47632.521    29.9221      1.046    6.82033     7.9994     8.0099    23.2874   12.29583 2.2919e+02      1.055 0.0000e+00
         67 152.529913    0.00458     0.2750     16.500  1023.2907  47629.777    29.9195      1.020    6.82118     7.9937     8.0053    23.2860   12.29725 2.2999e+02      1.029 0.0000e+00
         68 152.529916    0.00465     0.2792     16.750  1023.2916  47631.275    29.9197      0.993    6.82206     7.9899     7.9995    23.2869   12.29872 2.3115e+02      1.003 0.0000e+00
         69 152.529919    0.00472     0.2833     17.000  1023.2945  47636.590    29.9225      0.973    6.82282     7.9894     7.9938    23.2900   12.29994 2.3223e+02      0.982 0.0000e+00
         70 152.529922    0.00479     0.2875     17.250  1023.2984  47643.669    29.9269      0.963    6.82322     7.9925     7.9900    23.2939   12.30055 2.3169e+02      0.973 0.0000e+00
         71 152.529925    0.00486     0.2917     17.500  1023.3014  47649.129    29.9306      0.966    6.82312     7.9975     7.9895    23.2969   12.30033 2.2924e+02      0.976 0.0000e+00
         72 152.529928    0.00493     0.2958     17.750  1023.3009  47648.339    29.9305      0.979    6.82264     8.0024     7.9926    23.2964   12.29955 2.2709e+02      0.989 0.0000e+00
         73 152.529931    0.00500     0.3000     18.000  1023.2956  47638.637    29.9245      0.995    6.82213     8.0055     7.9976    23.2910   12.29877 2.2668e+02      1.005 0.0000e+00
         74 152.529933    0.00507     0.3042     18.250  1023.2872  47623.292    29.9146      1.006    6.82182     8.0062     8.0025    23.2825   12.29838 2.2769e+02      1.016 0.0000e+00
         75 152.529936    0.00514     0.3083     18.500  1023.2798  47609.813    29.9057      1.004    6.82173     8.0043     8.0056    23.2751   12.29834 2.3060e+02      1.014 0.0000e+00
         76 152.529939    0.00521     0.3125     18.750  1023.2767  47604.422    29.9020      0.986    6.82178     8.0011     8.0063    23.2722   12.29848 2.3628e+02      0.996 0.0000e+00
         77 152.529942    0.00528     0.3167     19.000  1023.2795  47609.743    29.9055      0.953    6.82193     7.9991     8.0044    23.2751   12.29867 2.4323e+02      0.962 0.0000e+00
         78 152.529945    0.00535     0.3208     19.250  1023.2857  47621.197    29.9130      0.912    6.82209     7.9994     8.0012    23.2815   12.29885 2.4906e+02      0.921 0.0000e+00
         79 152.529948    0.00542     0.3250     19.500  1023.2912  47631.681    29.9200      0.871    6.82209     8.0012     7.9992    23.2872   12.29876 2.5284e+02      0.879 0.0000e+00
         80 152.529951    0.00549     0.3292     19.750  1023.2962  47641.138    29.9266      0.837    6.82175     8.0036     7.9995    23.2924   12.29812 2.5519e+02      0.845 0.0000e+00
         81 152.529954    0.00556     0.3333     20.000  1023.2992  47646.871    29.9309      0.816    6.82128     8.0050     8.0013    23.2954   12.29728 2.5788e+02      0.824 0.0000e+00
         82 152.529957    0.00562     0.3375     20.250  1023.2974  47643.776    29.9291      0.803    6.82098     8.0037     8.0037    23.2937   12.29681 2.6025e+02      0.811 0.0000e+00
         83 152.529959    0.00569     0.3417     20.500  1023.2933  47636.362    29.9241      0.788    6.82100     8.0000     8.0050    23.2896   12.29690 2.6050e+02      0.795 0.0000e+00
         84 152.529962    0.00576     0.3458     20.750  1023.2907  47631.709    29.9207      0.767    6.82135     7.9956     8.0037    23.2871   12.29752 2.6037e+02      0.774 0.0000e+00
         85 152.529965    0.00583     0.3500     21.000  1023.2911  47632.508    29.9207      0.741    6.82193     7.9928     8.0000    23.2877   12.29848 2.6219e+02      0.748 0.0000e+00
