CTD-processing/allCTD/CNV--homogene/2012_06-25_subbays_chinapootb_cast133.cnv
* Sea-Bird SBE19plus Data File:
* FileName = C:\Documents and Settings\glenn.seaman\My Documents\KHolderied-files\CTD-DATA-FILES\2012-CTD-KachemakBay\2012-06-25-CTD-KachemakBay-subbays\2012-06-25-KBay-subbays-cast133.hex
* Software Version 1.59
* Temperature SN =  5028
* Conductivity SN =  5028
* System UpLoad Time = Jun 27 2012 00:57:21
** KachemakBay-Subbay-Survey
** Date: 2012-06-25
** Station: China Poot Bay B - in lagoon
** Start time (AKDT-24hr): 2103
** Depth (ft): 45
** Lat: 59d 33.747m N
** Long: 151d 14.877m W
** 1 ft waves.
# nquan = 17
# nvalues = 481                         
# units = specified
# name 0 = scan: Scan Count
# name 1 = timeJ: Julian Days
# name 2 = timeH: Time, Elapsed [hours]
# name 3 = timeM: Time, Elapsed [minutes]
# name 4 = timeS: Time, Elapsed [seconds]
# name 5 = density00: Density [density, kg/m^3]
# name 6 = specc: Specific Conductance [uS/cm]
# name 7 = sal00: Salinity, Practical [PSU]
# name 8 = depSM: Depth [salt water, m], lat = 59.00
# name 9 = oxsolML/L: Oxygen Saturation, Garcia & Gordon [ml/l]
# name 10 = potemp090C: Potential Temperature [ITS-90, deg C]
# name 11 = tv290C: Temperature [ITS-90, deg C]
# name 12 = sigma-é00: Density [sigma-theta, kg/m^3]
# name 13 = n2satML/L: Nitrogen Saturation [ml/l]
# name 14 = par: PAR/Irradiance, Biospherical/Licor [umol photons/m^2/sec]
# name 15 = prdM: Pressure, Strain Gauge [db]
# name 16 = flag:  0.000e+00
# span 0 =          1,        481       
# span 1 = 177.877581, 177.878970       
# span 2 =    0.00000,    0.03333       
# span 3 =     0.0000,     2.0000       
# span 4 =      0.000,    120.000       
# span 5 =   999.9401,  1023.4160       
# span 6 =    421.089,  47842.648       
# span 7 =     0.1985,    30.2115       
# span 8 =     -0.191,     11.238       
# span 9 =    6.51891,    8.08062       
# span 10 =     8.9767,    10.8784      
# span 11 =     8.9766,    10.8784      
# span 12 =    -0.0590,    23.3642      
# span 13 =   11.80665,   14.81191      
# span 14 = 5.1399e-02, 1.5486e+01      
# span 15 =     -0.193,     11.345      
# span 16 = 0.0000e+00, 0.0000e+00      
# interval = seconds: 0.25
# start_time = Jun 25 2012 21:03:43 [Instrument's time stamp, header]
# bad_flag = -9.990e-29
*END*
[from data line 86]
         87 177.877830    0.00597     0.3583     21.500  1019.0912  40161.640    25.0851      0.574    6.60071    10.8764    10.8729    19.0886   11.99115 1.2293e+01      0.579 0.0000e+00
         88 177.877833    0.00604     0.3625     21.750  1019.0871  40154.306    25.0802      0.573    6.60063    10.8777    10.8749    19.0845   11.99108 1.2268e+01      0.579 0.0000e+00
         89 177.877836    0.00611     0.3667     22.000  1019.0816  40144.386    25.0735      0.573    6.60067    10.8784    10.8765    19.0790   11.99123 1.2231e+01      0.579 0.0000e+00
         90 177.877839    0.00618     0.3708     22.250  1019.0752  40132.577    25.0655      0.575    6.60083    10.8783    10.8778    19.0726   11.99159 1.2113e+01      0.581 0.0000e+00
         91 177.877841    0.00625     0.3750     22.500  1019.0685  40120.020    25.0569      0.581    6.60109    10.8774    10.8784    19.0659   11.99214 1.1986e+01      0.587 0.0000e+00
         92 177.877844    0.00632     0.3792     22.750  1019.0611  40106.030    25.0473      0.590    6.60150    10.8759    10.8784    19.0584   11.99294 1.1902e+01      0.596 0.0000e+00
         93 177.877847    0.00639     0.3833     23.000  1019.0539  40092.339    25.0378      0.599    6.60203    10.8746    10.8775    19.0511   11.99393 1.1848e+01      0.604 0.0000e+00
         94 177.877850    0.00646     0.3875     23.250  1019.0512  40086.972    25.0339      0.604    6.60240    10.8737    10.8760    19.0484   11.99459 1.1819e+01      0.610 0.0000e+00
         95 177.877853    0.00653     0.3917     23.500  1019.0552  40094.241    25.0388      0.606    6.60239    10.8732    10.8746    19.0524   11.99452 1.1783e+01      0.612 0.0000e+00
         96 177.877856    0.00660     0.3958     23.750  1019.0631  40108.790    25.0488      0.606    6.60210    10.8725    10.8738    19.0603   11.99391 1.1743e+01      0.612 0.0000e+00
         97 177.877859    0.00667     0.4000     24.000  1019.0709  40123.413    25.0588      0.605    6.60176    10.8715    10.8732    19.0681   11.99322 1.1745e+01      0.611 0.0000e+00
         98 177.877862    0.00674     0.4042     24.250  1019.0769  40134.425    25.0663      0.605    6.60154    10.8706    10.8725    19.0741   11.99277 1.1790e+01      0.610 0.0000e+00
         99 177.877865    0.00681     0.4083     24.500  1019.0804  40140.922    25.0707      0.606    6.60150    10.8701    10.8715    19.0776   11.99265 1.1771e+01      0.611 0.0000e+00
        100 177.877867    0.00688     0.4125     24.750  1019.0818  40143.249    25.0722      0.608    6.60157    10.8698    10.8706    19.0789   11.99274 1.1664e+01      0.614 0.0000e+00
        101 177.877870    0.00694     0.4167     25.000  1019.0810  40141.796    25.0712      0.612    6.60169    10.8695    10.8701    19.0782   11.99295 1.1651e+01      0.618 0.0000e+00
        102 177.877873    0.00701     0.4208     25.250  1019.0783  40136.588    25.0676      0.617    6.60187    10.8688    10.8699    19.0755   11.99330 1.1771e+01      0.622 0.0000e+00
        103 177.877876    0.00708     0.4250     25.500  1019.0743  40128.963    25.0623      0.619    6.60215    10.8681    10.8695    19.0714   11.99382 1.1839e+01      0.624 0.0000e+00
        104 177.877879    0.00715     0.4292     25.750  1019.0718  40124.228    25.0589      0.617    6.60239    10.8680    10.8688    19.0690   11.99427 1.1788e+01      0.623 0.0000e+00
        105 177.877882    0.00722     0.4333     26.000  1019.0732  40126.812    25.0606      0.613    6.60242    10.8685    10.8681    19.0704   11.99430 1.1747e+01      0.619 0.0000e+00
        106 177.877885    0.00729     0.4375     26.250  1019.0762  40132.479    25.0645      0.610    6.60226    10.8688    10.8680    19.0734   11.99399 1.1773e+01      0.616 0.0000e+00
        107 177.877888    0.00736     0.4417     26.500  1019.0765  40133.130    25.0650      0.610    6.60217    10.8685    10.8685    19.0737   11.99383 1.1785e+01      0.616 0.0000e+00
        108 177.877891    0.00743     0.4458     26.750  1019.0722  40125.034    25.0595      0.611    6.60236    10.8679    10.8689    19.0694   11.99421 1.1828e+01      0.616 0.0000e+00
        109 177.877894    0.00750     0.4500     27.000  1019.0648  40111.171    25.0499      0.610    6.60281    10.8678    10.8686    19.0620   11.99507 1.1899e+01      0.616 0.0000e+00
        110 177.877896    0.00757     0.4542     27.250  1019.0599  40101.787    25.0434      0.608    6.60317    10.8686    10.8680    19.0571   11.99575 1.1914e+01      0.613 0.0000e+00
        111 177.877899    0.00764     0.4583     27.500  1019.0612  40104.224    25.0451      0.606    6.60311    10.8696    10.8679    19.0584   11.99564 1.1924e+01      0.611 0.0000e+00
        112 177.877902    0.00771     0.4625     27.750  1019.0653  40112.073    25.0506      0.606    6.60277    10.8699    10.8687    19.0625   11.99500 1.1912e+01      0.611 0.0000e+00
        113 177.877905    0.00778     0.4667     28.000  1019.0659  40113.477    25.0516      0.610    6.60257    10.8685    10.8697    19.0631   11.99466 1.1866e+01      0.615 0.0000e+00
        114 177.877908    0.00785     0.4708     28.250  1019.0598  40101.996    25.0438      0.614    6.60287    10.8655    10.8699    19.0570   11.99525 1.1835e+01      0.619 0.0000e+00
        115 177.877911    0.00792     0.4750     28.500  1019.0491  40081.841    25.0298      0.615    6.60364    10.8608    10.8686    19.0464   11.99672 1.1833e+01      0.620 0.0000e+00
        116 177.877914    0.00799     0.4792     28.750  1019.0420  40067.917    25.0199      0.611    6.60451    10.8559    10.8655    19.0392   11.99827 1.1860e+01      0.616 0.0000e+00
        117 177.877917    0.00806     0.4833     29.000  1019.0447  40072.239    25.0225      0.604    6.60508    10.8531    10.8608    19.0420   11.99920 1.1870e+01      0.610 0.0000e+00
        118 177.877920    0.00813     0.4875     29.250  1019.0549  40090.511    25.0346      0.600    6.60528    10.8530    10.8559    19.0522   11.99938 1.1881e+01      0.605 0.0000e+00
        119 177.877922    0.00819     0.4917     29.500  1019.0634  40105.987    25.0450      0.601    6.60524    10.8541    10.8532    19.0607   11.99919 1.1922e+01      0.606 0.0000e+00
        120 177.877925    0.00826     0.4958     29.750  1019.0631  40105.433    25.0446      0.603    6.60526    10.8547    10.8531    19.0604   11.99923 1.1917e+01      0.609 0.0000e+00
        121 177.877928    0.00833     0.5000     30.000  1019.0547  40089.892    25.0340      0.604    6.60556    10.8540    10.8542    19.0520   11.99985 1.1860e+01      0.610 0.0000e+00
        122 177.877931    0.00840     0.5042     30.250  1019.0458  40073.355    25.0227      0.601    6.60595    10.8524    10.8548    19.0431   12.00064 1.1882e+01      0.607 0.0000e+00
        123 177.877934    0.00847     0.5083     30.500  1019.0443  40070.398    25.0206      0.597    6.60613    10.8511    10.8541    19.0416   12.00096 1.1955e+01      0.603 0.0000e+00
        124 177.877937    0.00854     0.5125     30.750  1019.0507  40082.034    25.0285      0.594    6.60604    10.8513    10.8525    19.0479   12.00071 1.1904e+01      0.600 0.0000e+00
        125 177.877940    0.00861     0.5167     31.000  1019.0578  40095.094    25.0374      0.595    6.60585    10.8524    10.8512    19.0550   12.00028 1.1769e+01      0.601 0.0000e+00
        126 177.877943    0.00868     0.5208     31.250  1019.0581  40095.612    25.0377      0.599    6.60580    10.8528    10.8514    19.0553   12.00020 1.1707e+01      0.604 0.0000e+00
        127 177.877946    0.00875     0.5250     31.500  1019.0505  40081.602    25.0282      0.602    6.60604    10.8517    10.8525    19.0477   12.00073 1.1745e+01      0.608 0.0000e+00
        128 177.877948    0.00882     0.5292     31.750  1019.0413  40064.573    25.0165      0.602    6.60647    10.8492    10.8529    19.0385   12.00157 1.1852e+01      0.608 0.0000e+00
        129 177.877951    0.00889     0.5333     32.000  1019.0386  40059.222    25.0128      0.599    6.60678    10.8470    10.8518    19.0358   12.00215 1.1938e+01      0.605 0.0000e+00
        130 177.877954    0.00896     0.5375     32.250  1019.0442  40069.449    25.0196      0.597    6.60686    10.8467    10.8493    19.0414   12.00219 1.1925e+01      0.603 0.0000e+00
        131 177.877957    0.00903     0.5417     32.500  1019.0521  40083.868    25.0293      0.597    6.60677    10.8476    10.8471    19.0493   12.00192 1.1893e+01      0.603 0.0000e+00
        132 177.877960    0.00910     0.5458     32.750  1019.0536  40086.582    25.0311      0.600    6.60675    10.8480    10.8468    19.0508   12.00186 1.1834e+01      0.606 0.0000e+00
        133 177.877963    0.00917     0.5500     33.000  1019.0466  40073.596    25.0222      0.603    6.60699    10.8468    10.8477    19.0438   12.00238 1.1680e+01      0.609 0.0000e+00
        134 177.877966    0.00924     0.5542     33.250  1019.0373  40056.258    25.0104      0.602    6.60742    10.8437    10.8481    19.0345   12.00324 1.1540e+01      0.608 0.0000e+00
        135 177.877969    0.00931     0.5583     33.500  1019.0338  40049.360    25.0055      0.598    6.60781    10.8404    10.8469    19.0310   12.00394 1.1513e+01      0.604 0.0000e+00
        136 177.877972    0.00937     0.5625     33.750  1019.0389  40058.418    25.0115      0.594    6.60800    10.8391    10.8438    19.0361   12.00420 1.1524e+01      0.600 0.0000e+00
        137 177.877975    0.00944     0.5667     34.000  1019.0486  40076.125    25.0234      0.592    6.60798    10.8400    10.8405    19.0458   12.00401 1.1509e+01      0.598 0.0000e+00
        138 177.877977    0.00951     0.5708     34.250  1019.0559  40089.619    25.0326      0.594    6.60779    10.8418    10.8391    19.0532   12.00359 1.1467e+01      0.600 0.0000e+00
        139 177.877980    0.00958     0.5750     34.500  1019.0565  40090.904    25.0335      0.599    6.60762    10.8425    10.8401    19.0538   12.00329 1.1393e+01      0.605 0.0000e+00
        140 177.877983    0.00965     0.5792     34.750  1019.0501  40079.083    25.0255      0.604    6.60770    10.8407    10.8418    19.0473   12.00351 1.1382e+01      0.610 0.0000e+00
        141 177.877986    0.00972     0.5833     35.000  1019.0389  40058.282    25.0113      0.607    6.60820    10.8358    10.8425    19.0362   12.00451 1.1470e+01      0.613 0.0000e+00
        142 177.877989    0.00979     0.5875     35.250  1019.0278  40037.111    24.9965      0.607    6.60906    10.8270    10.8408    19.0250   12.00614 1.1553e+01      0.613 0.0000e+00
        143 177.877992    0.00986     0.5917     35.500  1019.0214  40024.304    24.9873      0.605    6.61016    10.8151    10.8359    19.0186   12.00809 1.1603e+01      0.611 0.0000e+00
        144 177.877995    0.00993     0.5958     35.750  1019.0224  40024.735    24.9869      0.602    6.61145    10.8026    10.8271    19.0196   12.01023 1.1600e+01      0.608 0.0000e+00
        145 177.877998    0.01000     0.6000     36.000  1019.0309  40038.792    24.9955      0.603    6.61282    10.7923    10.8152    19.0282   12.01240 1.1500e+01      0.609 0.0000e+00
        146 177.878001    0.01007     0.6042     36.250  1019.0429  40059.141    25.0084      0.607    6.61409    10.7852    10.8026    19.0402   12.01436 1.1432e+01      0.613 0.0000e+00
        147 177.878003    0.01014     0.6083     36.500  1019.0510  40072.400    25.0166      0.613    6.61523    10.7802    10.7924    19.0482   12.01616 1.1419e+01      0.619 0.0000e+00
        148 177.878006    0.01021     0.6125     36.750  1019.0512  40071.615    25.0154      0.617    6.61630    10.7751    10.7853    19.0484   12.01795 1.1352e+01      0.622 0.0000e+00
        149 177.878009    0.01028     0.6167     37.000  1019.0473  40063.471    25.0094      0.616    6.61728    10.7686    10.7803    19.0445   12.01966 1.1301e+01      0.622 0.0000e+00
        150 177.878012    0.01035     0.6208     37.250  1019.0457  40059.565    25.0062      0.612    6.61815    10.7609    10.7752    19.0429   12.02114 1.1296e+01      0.618 0.0000e+00
        151 177.878015    0.01042     0.6250     37.500  1019.0494  40065.533    25.0097      0.608    6.61896    10.7541    10.7687    19.0467   12.02244 1.1295e+01      0.614 0.0000e+00
        152 177.878018    0.01049     0.6292     37.750  1019.0567  40078.029    25.0177      0.608    6.61973    10.7494    10.7610    19.0540   12.02363 1.1324e+01      0.613 0.0000e+00
        153 177.878021    0.01056     0.6333     38.000  1019.0628  40088.166    25.0240      0.610    6.62045    10.7467    10.7542    19.0600   12.02475 1.1311e+01      0.615 0.0000e+00
        154 177.878024    0.01063     0.6375     38.250  1019.0639  40089.494    25.0245      0.612    6.62111    10.7456    10.7495    19.0611   12.02585 1.1261e+01      0.618 0.0000e+00
        155 177.878027    0.01069     0.6417     38.500  1019.0613  40084.166    25.0206      0.613    6.62167    10.7458    10.7468    19.0585   12.02682 1.1291e+01      0.619 0.0000e+00
        156 177.878030    0.01076     0.6458     38.750  1019.0590  40079.553    25.0174      0.614    6.62197    10.7470    10.7457    19.0562   12.02736 1.1322e+01      0.620 0.0000e+00
        157 177.878032    0.01083     0.6500     39.000  1019.0587  40079.121    25.0171      0.616    6.62195    10.7486    10.7459    19.0559   12.02733 1.1299e+01      0.622 0.0000e+00
        158 177.878035    0.01090     0.6542     39.250  1019.0585  40078.765    25.0170      0.620    6.62178    10.7496    10.7471    19.0556   12.02705 1.1319e+01      0.626 0.0000e+00
        159 177.878038    0.01097     0.6583     39.500  1019.0549  40072.394    25.0127      0.623    6.62173    10.7484    10.7487    19.0521   12.02701 1.1370e+01      0.629 0.0000e+00
        160 177.878041    0.01104     0.6625     39.750  1019.0490  40061.516    25.0053      0.622    6.62189    10.7436    10.7497    19.0462   12.02737 1.1364e+01      0.628 0.0000e+00
        161 177.878044    0.01111     0.6667     40.000  1019.0455  40054.717    25.0006      0.618    6.62227    10.7360    10.7485    19.0426   12.02806 1.1331e+01      0.624 0.0000e+00
        162 177.878047    0.01118     0.6708     40.250  1019.0478  40058.395    25.0027      0.614    6.62287    10.7281    10.7437    19.0450   12.02904 1.1305e+01      0.620 0.0000e+00
        163 177.878050    0.01125     0.6750     40.500  1019.0557  40071.852    25.0112      0.613    6.62362    10.7223    10.7361    19.0529   12.03018 1.1245e+01      0.619 0.0000e+00
        164 177.878053    0.01132     0.6792     40.750  1019.0647  40087.377    25.0212      0.616    6.62435    10.7192    10.7281    19.0619   12.03128 1.1197e+01      0.622 0.0000e+00
        165 177.878056    0.01139     0.6833     41.000  1019.0697  40095.750    25.0265      0.620    6.62497    10.7181    10.7223    19.0669   12.03225 1.1212e+01      0.626 0.0000e+00
        166 177.878058    0.01146     0.6875     41.250  1019.0686  40093.130    25.0244      0.623    6.62550    10.7177    10.7193    19.0658   12.03315 1.1200e+01      0.629 0.0000e+00
        167 177.878061    0.01153     0.6917     41.500  1019.0635  40083.353    25.0176      0.624    6.62595    10.7167    10.7182    19.0606   12.03398 1.1171e+01      0.630 0.0000e+00
        168 177.878064    0.01160     0.6958     41.750  1019.0583  40073.592    25.0108      0.622    6.62630    10.7141    10.7178    19.0554   12.03465 1.1199e+01      0.628 0.0000e+00
        169 177.878067    0.01167     0.7000     42.000  1019.0554  40068.057    25.0069      0.621    6.62662    10.7104    10.7167    19.0526   12.03523 1.1217e+01      0.627 0.0000e+00
        170 177.878070    0.01174     0.7042     42.250  1019.0554  40067.534    25.0063      0.620    6.62702    10.7072    10.7141    19.0525   12.03590 1.1181e+01      0.626 0.0000e+00
