CTD-processing/allCTD/CNV--homogene/2012-10-29-cookinlet-tran3-cast061-s16.cnv
* Sea-Bird SBE19plus Data File:
* FileName = C:\Documents and Settings\kris.holderied.local\My Documents\2012-CTD-DATA-new-files\2012-10-CookInlet-LTM\2012-10-29-LTM-CookInlet-Tran3-AnchorPt\2012-10-29-CookInlet-Tran3-cast061.hex
* Software Version 1.54
* Temperature SN =  4141
* Conductivity SN =  4141
* System UpLoad Time = Nov 20 2012 18:28:03
** Cook Inlet EVOSTC Transect 3 Anchor Pt west to east
** Date:  29 Oct 2012
** Station:  3-16
** Start time (AKDT-24 hr):  1330
** Depth (m):  15
** Comment:Last station on this transect.
# nquan = 17
# nvalues = 448                         
# units = specified
# name 0 = scan: Scan Count
# name 1 = timeJ: Julian Days
# name 2 = timeH: Time, Elapsed [hours]
# name 3 = timeM: Time, Elapsed [minutes]
# name 4 = timeS: Time, Elapsed [seconds]
# name 5 = density00: Density [density, kg/m^3]
# name 6 = specc: Specific Conductance [uS/cm]
# name 7 = sal00: Salinity, Practical [PSU]
# name 8 = depSM: Depth [salt water, m], lat = 59.00
# name 9 = oxsolML/L: Oxygen Saturation, Garcia & Gordon [ml/l]
# name 10 = potemp090C: Potential Temperature [ITS-90, deg C]
# name 11 = tv290C: Temperature [ITS-90, deg C]
# name 12 = sigma-é00: Density [sigma-theta, kg/m^3]
# name 13 = n2satML/L: Nitrogen Saturation [ml/l]
# name 14 = par: PAR/Irradiance, Biospherical/Licor
# name 15 = prdM: Pressure, Strain Gauge [db]
# name 16 = flag:  0.000e+00
# span 0 =          1,        448       
# span 1 = 303.562766, 303.564060       
# span 2 =    0.00000,    0.03104       
# span 3 =     0.0000,     1.8625       
# span 4 =      0.000,    111.750       
# span 5 =  1000.6872,  1024.0590       
# span 6 =   1825.087,  49009.847       
# span 7 =     0.8873,    30.6947       
# span 8 =     -0.100,     11.814       
# span 9 =    6.93050,    9.27744       
# span 10 =     3.3155,     7.0942      
# span 11 =     3.3155,     7.0951      
# span 12 =     0.6877,    24.0458      
# span 13 =   12.46868,   16.81302      
# span 14 = 1.7379e+01, 3.1969e+02      
# span 15 =     -0.101,     11.926      
# span 16 = 0.0000e+00, 0.0000e+00      
# interval = seconds: 0.25
# start_time = Oct 29 2012 13:30:23 [Instrument's time stamp, header]
# bad_flag = -9.990e-29
*END*
[from data line 86]
         87 303.563015    0.00597     0.3583     21.500  1000.8077   2116.494     1.0369     -0.096    9.26231     3.3633     3.3653     0.8082   16.78514 1.4654e+02     -0.097 0.0000e+00
         88 303.563018    0.00604     0.3625     21.750  1000.7711   2027.918     0.9914     -0.097    9.26544     3.3627     3.3642     0.7716   16.79115 1.4933e+02     -0.098 0.0000e+00
         89 303.563021    0.00611     0.3667     22.000  1000.7482   1972.473     0.9629     -0.098    9.26744     3.3623     3.3633     0.7487   16.79499 1.5195e+02     -0.099 0.0000e+00
         90 303.563024    0.00618     0.3708     22.250  1000.7407   1954.215     0.9536     -0.099    9.26819     3.3622     3.3627     0.7412   16.79639 1.5396e+02     -0.100 0.0000e+00
         91 303.563027    0.00625     0.3750     22.500  1000.7498   1976.104     0.9650     -0.100    9.26758     3.3623     3.3623     0.7504   16.79518 1.5523e+02     -0.101 0.0000e+00
         92 303.563030    0.00632     0.3792     22.750  1000.7717   2028.573     0.9922     -0.100    9.26592     3.3627     3.3622     0.7722   16.79196 1.5581e+02     -0.101 0.0000e+00
         93 303.563032    0.00639     0.3833     23.000  1000.7955   2085.112     1.0218     -0.100    9.26407     3.3633     3.3623     0.7960   16.78837 1.5590e+02     -0.101 0.0000e+00
         94 303.563035    0.00646     0.3875     23.250  1000.8125   2124.364     1.0430     -0.099    9.26270     3.3642     3.3627     0.8130   16.78574 1.5549e+02     -0.100 0.0000e+00
         95 303.563038    0.00653     0.3917     23.500  1000.8226   2145.696     1.0558     -0.098    9.26184     3.3657     3.3633     0.8231   16.78411 1.5464e+02     -0.099 0.0000e+00
         96 303.563041    0.00660     0.3958     23.750  1000.8315   2161.822     1.0671     -0.097    9.26104     3.3680     3.3642     0.8320   16.78262 1.5374e+02     -0.098 0.0000e+00
         97 303.563044    0.00667     0.4000     24.000  1000.8463   2188.586     1.0859     -0.096    9.25974     3.3716     3.3657     0.8468   16.78021 1.5316e+02     -0.097 0.0000e+00
         98 303.563047    0.00674     0.4042     24.250  1000.8750   2243.008     1.1223     -0.094    9.25731     3.3773     3.3680     0.8755   16.77565 1.5303e+02     -0.095 0.0000e+00
         99 303.563050    0.00681     0.4083     24.500  1000.9288   2348.291     1.1905     -0.092    9.25283     3.3865     3.3716     0.9293   16.76721 1.5311e+02     -0.093 0.0000e+00
        100 303.563053    0.00688     0.4125     24.750  1001.0278   2546.126     1.3156     -0.091    9.24472     3.4015     3.3773     1.0283   16.75187 1.5268e+02     -0.091 0.0000e+00
        101 303.563056    0.00694     0.4167     25.000  1001.2030   2900.486     1.5367     -0.089    9.23049     3.4263     3.3865     1.2035   16.72490 1.5158e+02     -0.089 0.0000e+00
        102 303.563058    0.00701     0.4208     25.250  1001.5002   3503.937     1.9118     -0.086    9.20644     3.4671     3.4015     1.5007   16.67928 1.5024e+02     -0.086 0.0000e+00
        103 303.563061    0.00708     0.4250     25.500  1001.9975   4514.303     2.5393     -0.080    9.16628     3.5349     3.4263     1.9979   16.60309 1.4854e+02     -0.081 0.0000e+00
        104 303.563064    0.00715     0.4292     25.750  1002.8265   6198.785     3.5855     -0.071    9.09941     3.6476     3.4671     2.8269   16.47621 1.4650e+02     -0.071 0.0000e+00
        105 303.563067    0.00722     0.4333     26.000  1004.2056   8999.995     5.3259     -0.054    8.98825     3.8350     3.5349     4.2059   16.26526 1.4426e+02     -0.054 0.0000e+00
        106 303.563070    0.00729     0.4375     26.250  1006.4900  13634.458     8.2090     -0.025    8.80417     4.1419     3.6476     6.4901   15.91597 1.4118e+02     -0.025 0.0000e+00
        107 303.563073    0.00736     0.4417     26.500  1010.2609  21270.870    12.9690      0.023    8.50028     4.5827     3.8350    10.2607   15.33946 1.3682e+02      0.024 0.0000e+00
        108 303.563076    0.00743     0.4458     26.750  1015.0394  30912.629    19.0100      0.094    8.10328     5.0906     4.1419    15.0389   14.58947 1.3137e+02      0.095 0.0000e+00
        109 303.563079    0.00750     0.4500     27.000  1018.9668  38793.190    23.9998      0.181    7.74338     5.5706     4.5828    18.9660   13.91757 1.2520e+02      0.183 0.0000e+00
        110 303.563082    0.00757     0.4542     27.250  1021.2776  43412.943    26.9687      0.283    7.48631     5.9713     5.0906    21.2763   13.44678 1.1815e+02      0.286 0.0000e+00
        111 303.563084    0.00764     0.4583     27.500  1022.5275  45919.977    28.6025      0.404    7.30956     6.2826     5.5706    22.5256   13.12899 1.0887e+02      0.408 0.0000e+00
        112 303.563087    0.00771     0.4625     27.750  1023.1925  47262.146    29.4919      0.550    7.18909     6.5134     5.9713    23.1899   12.91565 9.5662e+01      0.556 0.0000e+00
        113 303.563090    0.00778     0.4667     28.000  1023.5401  47970.063    29.9709      0.724    7.10774     6.6786     6.2827    23.5367   12.77333 8.0717e+01      0.731 0.0000e+00
        114 303.563093    0.00785     0.4708     28.250  1023.7139  48329.483    30.2208      0.916    7.05350     6.7925     6.5135    23.7097   12.67944 6.9015e+01      0.925 0.0000e+00
        115 303.563096    0.00792     0.4750     28.500  1023.7887  48489.820    30.3370      1.109    7.01818     6.8676     6.6787    23.7835   12.61894 6.1616e+01      1.120 0.0000e+00
        116 303.563099    0.00799     0.4792     28.750  1023.8094  48540.947    30.3780      1.293    6.99592     6.9148     6.7926    23.8034   12.58122 5.6675e+01      1.305 0.0000e+00
        117 303.563102    0.00806     0.4833     29.000  1023.8076  48545.023    30.3853      1.464    6.98226     6.9429     6.8677    23.8008   12.55832 5.2755e+01      1.478 0.0000e+00
        118 303.563105    0.00813     0.4875     29.250  1023.8038  48541.952    30.3862      1.623    6.97389     6.9586     6.9149    23.7962   12.54433 4.9325e+01      1.638 0.0000e+00
        119 303.563108    0.00819     0.4917     29.500  1023.8054  48546.954    30.3914      1.768    6.96868     6.9666     6.9430    23.7972   12.53556 4.6597e+01      1.785 0.0000e+00
        120 303.563111    0.00826     0.4958     29.750  1023.8098  48555.832    30.3984      1.899    6.96555     6.9705     6.9588    23.8010   12.53026 4.4639e+01      1.916 0.0000e+00
        121 303.563113    0.00833     0.5000     30.000  1023.8155  48566.652    30.4061      2.011    6.96374     6.9727     6.9668    23.8062   12.52714 4.3303e+01      2.029 0.0000e+00
        122 303.563116    0.00840     0.5042     30.250  1023.8250  48583.961    30.4181      2.104    6.96248     6.9748     6.9707    23.8152   12.52488 4.2267e+01      2.123 0.0000e+00
        123 303.563119    0.00847     0.5083     30.500  1023.8370  48605.774    30.4332      2.179    6.96137     6.9775     6.9729    23.8269   12.52285 4.1278e+01      2.199 0.0000e+00
        124 303.563122    0.00854     0.5125     30.750  1023.8495  48628.588    30.4491      2.238    6.96027     6.9813     6.9750    23.8391   12.52082 4.0435e+01      2.259 0.0000e+00
        125 303.563125    0.00861     0.5167     31.000  1023.8617  48650.636    30.4646      2.282    6.95910     6.9862     6.9777    23.8510   12.51869 3.9963e+01      2.304 0.0000e+00
        126 303.563128    0.00868     0.5208     31.250  1023.8716  48668.752    30.4777      2.311    6.95788     6.9917     6.9815    23.8609   12.51650 3.9858e+01      2.333 0.0000e+00
        127 303.563131    0.00875     0.5250     31.500  1023.8780  48680.300    30.4865      2.325    6.95668     6.9965     6.9864    23.8671   12.51440 3.9874e+01      2.347 0.0000e+00
        128 303.563134    0.00882     0.5292     31.750  1023.8802  48684.421    30.4902      2.325    6.95562     6.9999     6.9919    23.8694   12.51261 3.9699e+01      2.347 0.0000e+00
        129 303.563137    0.00889     0.5333     32.000  1023.8794  48683.032    30.4901      2.315    6.95485     7.0017     6.9967    23.8686   12.51132 3.9206e+01      2.337 0.0000e+00
        130 303.563139    0.00896     0.5375     32.250  1023.8777  48679.989    30.4885      2.299    6.95438     7.0025     7.0001    23.8670   12.51057 3.8565e+01      2.321 0.0000e+00
        131 303.563142    0.00903     0.5417     32.500  1023.8769  48678.615    30.4879      2.282    6.95412     7.0028     7.0019    23.8663   12.51015 3.8034e+01      2.304 0.0000e+00
        132 303.563145    0.00910     0.5458     32.750  1023.8775  48679.844    30.4889      2.265    6.95395     7.0028     7.0027    23.8669   12.50984 3.7702e+01      2.287 0.0000e+00
        133 303.563148    0.00917     0.5500     33.000  1023.8790  48682.789    30.4910      2.249    6.95381     7.0028     7.0030    23.8685   12.50959 3.7495e+01      2.271 0.0000e+00
        134 303.563151    0.00924     0.5542     33.250  1023.8809  48686.399    30.4935      2.233    6.95369     7.0027     7.0030    23.8705   12.50936 3.7350e+01      2.254 0.0000e+00
        135 303.563154    0.00931     0.5583     33.500  1023.8828  48690.068    30.4960      2.213    6.95357     7.0024     7.0030    23.8725   12.50914 3.7317e+01      2.234 0.0000e+00
        136 303.563157    0.00937     0.5625     33.750  1023.8849  48694.138    30.4988      2.190    6.95344     7.0018     7.0029    23.8748   12.50890 3.7581e+01      2.211 0.0000e+00
        137 303.563160    0.00944     0.5667     34.000  1023.8881  48700.078    30.5029      2.166    6.95331     7.0014     7.0026    23.8780   12.50863 3.8303e+01      2.187 0.0000e+00
        138 303.563163    0.00951     0.5708     34.250  1023.8926  48708.546    30.5087      2.145    6.95315     7.0016     7.0020    23.8827   12.50828 3.9356e+01      2.165 0.0000e+00
        139 303.563166    0.00958     0.5750     34.500  1023.8974  48717.471    30.5148      2.132    6.95294     7.0028     7.0015    23.8875   12.50785 4.0440e+01      2.152 0.0000e+00
        140 303.563168    0.00965     0.5792     34.750  1023.9007  48723.501    30.5190      2.131    6.95271     7.0046     7.0018    23.8908   12.50742 4.1280e+01      2.152 0.0000e+00
        141 303.563171    0.00972     0.5833     35.000  1023.9018  48725.437    30.5205      2.145    6.95246     7.0068     7.0029    23.8919   12.50698 4.1667e+01      2.166 0.0000e+00
        142 303.563174    0.00979     0.5875     35.250  1023.9011  48724.017    30.5199      2.175    6.95219     7.0088     7.0048    23.8911   12.50655 4.1477e+01      2.196 0.0000e+00
        143 303.563177    0.00986     0.5917     35.500  1023.8989  48719.495    30.5171      2.219    6.95197     7.0103     7.0069    23.8886   12.50623 4.0591e+01      2.240 0.0000e+00
        144 303.563180    0.00993     0.5958     35.750  1023.8949  48711.868    30.5121      2.272    6.95187     7.0113     7.0089    23.8844   12.50613 3.9166e+01      2.294 0.0000e+00
        145 303.563183    0.01000     0.6000     36.000  1023.8893  48701.014    30.5048      2.326    6.95196     7.0116     7.0105    23.8785   12.50636 3.7703e+01      2.347 0.0000e+00
        146 303.563186    0.01007     0.6042     36.250  1023.8815  48686.310    30.4948      2.366    6.95226     7.0115     7.0115    23.8704   12.50699 3.6632e+01      2.388 0.0000e+00
        147 303.563189    0.01014     0.6083     36.500  1023.8712  48667.345    30.4817      2.382    6.95279     7.0112     7.0118    23.8601   12.50804 3.6105e+01      2.404 0.0000e+00
        148 303.563192    0.01021     0.6125     36.750  1023.8604  48647.695    30.4681      2.362    6.95343     7.0113     7.0117    23.8494   12.50927 3.5969e+01      2.384 0.0000e+00
        149 303.563194    0.01028     0.6167     37.000  1023.8534  48635.262    30.4595      2.304    6.95387     7.0117     7.0114    23.8427   12.51010 3.5929e+01      2.325 0.0000e+00
        150 303.563197    0.01035     0.6208     37.250  1023.8539  48636.803    30.4606      2.215    6.95382     7.0119     7.0115    23.8435   12.51000 3.5654e+01      2.236 0.0000e+00
        151 303.563200    0.01042     0.6250     37.500  1023.8608  48650.336    30.4700      2.112    6.95333     7.0114     7.0119    23.8510   12.50906 3.4792e+01      2.131 0.0000e+00
        152 303.563203    0.01049     0.6292     37.750  1023.8703  48668.655    30.4828      2.013    6.95270     7.0100     7.0121    23.8610   12.50787 3.3235e+01      2.032 0.0000e+00
        153 303.563206    0.01056     0.6333     38.000  1023.8811  48688.910    30.4968      1.943    6.95215     7.0076     7.0116    23.8720   12.50677 3.1116e+01      1.962 0.0000e+00
        154 303.563209    0.01063     0.6375     38.250  1023.8902  48705.727    30.5082      1.925    6.95186     7.0035     7.0102    23.8812   12.50615 2.8624e+01      1.943 0.0000e+00
        155 303.563212    0.01069     0.6417     38.500  1023.8922  48709.076    30.5101      1.967    6.95217     6.9953     7.0077    23.8830   12.50664 2.6156e+01      1.986 0.0000e+00
        156 303.563215    0.01076     0.6458     38.750  1023.8820  48689.765    30.4960      2.057    6.95348     6.9789     7.0036    23.8724   12.50898 2.4054e+01      2.076 0.0000e+00
        157 303.563218    0.01083     0.6500     39.000  1023.8592  48647.170    30.4650      2.164    6.95620     6.9503     6.9955    23.8491   12.51388 2.2287e+01      2.184 0.0000e+00
        158 303.563220    0.01090     0.6542     39.250  1023.8383  48608.327    30.4353      2.256    6.96020     6.9115     6.9791    23.8278   12.52087 2.0801e+01      2.277 0.0000e+00
        159 303.563223    0.01097     0.6583     39.500  1023.8382  48607.954    30.4302      2.309    6.96506     6.8729     6.9505    23.8274   12.52898 1.9723e+01      2.331 0.0000e+00
        160 303.563226    0.01104     0.6625     39.750  1023.8589  48646.369    30.4502      2.315    6.97042     6.8453     6.9116    23.8481   12.53758 1.9029e+01      2.337 0.0000e+00
        161 303.563229    0.01111     0.6667     40.000  1023.8896  48703.541    30.4832      2.276    6.97514     6.8340     6.8730    23.8790   12.54498 1.8502e+01      2.298 0.0000e+00
        162 303.563232    0.01118     0.6708     40.250  1023.9221  48764.106    30.5205      2.205    6.97789     6.8397     6.8454    23.9118   12.54906 1.7972e+01      2.226 0.0000e+00
        163 303.563235    0.01125     0.6750     40.500  1023.9502  48816.486    30.5548      2.121    6.97814     6.8584     6.8342    23.9403   12.54903 1.7488e+01      2.141 0.0000e+00
        164 303.563238    0.01132     0.6792     40.750  1023.9677  48848.991    30.5783      2.050    6.97614     6.8829     6.8398    23.9581   12.54543 1.7379e+01      2.069 0.0000e+00
        165 303.563241    0.01139     0.6833     41.000  1023.9679  48849.348    30.5818      2.014    6.97295     6.9062     6.8585    23.9585   12.54011 1.8028e+01      2.033 0.0000e+00
        166 303.563244    0.01146     0.6875     41.250  1023.9492  48814.617    30.5620      2.019    6.96989     6.9239     6.8831    23.9398   12.53530 1.9404e+01      2.038 0.0000e+00
        167 303.563247    0.01153     0.6917     41.500  1023.9156  48752.422    30.5229      2.055    6.96792     6.9342     6.9063    23.9060   12.53254 2.0970e+01      2.074 0.0000e+00
        168 303.563249    0.01160     0.6958     41.750  1023.8724  48672.574    30.4706      2.103    6.96745     6.9359     6.9241    23.8626   12.53242 2.2325e+01      2.123 0.0000e+00
        169 303.563252    0.01167     0.7000     42.000  1023.8289  48592.329    30.4168      2.148    6.96826     6.9282     6.9344    23.8190   12.53443 2.3635e+01      2.169 0.0000e+00
        170 303.563255    0.01174     0.7042     42.250  1023.7974  48534.235    30.3769      2.178    6.96981     6.9123     6.9361    23.7873   12.53751 2.5297e+01      2.199 0.0000e+00
