CTD-processing/allCTD/CNV--homogene/2012_07-31_t4_s03_cast101.cnv
* Sea-Bird SBE19plus Data File:
* FileName = C:\Documents and Settings\kris.holderied.local\My Documents\2012-07-EVOS-CookInlet-Ocean\2012-07-CookInlet-Tran4-Barabara\2012-07-31-CookInlet-Tran4-cast101.hex
* Software Version 1.54
* Temperature SN =  4141
* Conductivity SN =  4141
* System UpLoad Time = Jul 31 2012 11:50:45
** Cook Inlet LTM Transect 4 - Barabara to Bluff Pt
** Date:  2012-07-31
** Station:  4-03
** Start time (AKDT-24 hr): 09:14
** Depth (m): 103
** Comment: None
# nquan = 17
# nvalues = 743                         
# units = specified
# name 0 = scan: Scan Count
# name 1 = timeJ: Julian Days
# name 2 = timeH: Time, Elapsed [hours]
# name 3 = timeM: Time, Elapsed [minutes]
# name 4 = timeS: Time, Elapsed [seconds]
# name 5 = density00: Density [density, kg/m^3]
# name 6 = specc: Specific Conductance [uS/cm]
# name 7 = sal00: Salinity, Practical [PSU]
# name 8 = depSM: Depth [salt water, m], lat = 59.00
# name 9 = oxsolML/L: Oxygen Saturation, Garcia & Gordon [ml/l]
# name 10 = potemp090C: Potential Temperature [ITS-90, deg C]
# name 11 = tv290C: Temperature [ITS-90, deg C]
# name 12 = sigma-é00: Density [sigma-theta, kg/m^3]
# name 13 = n2satML/L: Nitrogen Saturation [ml/l]
# name 14 = par: PAR/Irradiance, Biospherical/Licor
# name 15 = prdM: Pressure, Strain Gauge [db]
# name 16 = flag:  0.000e+00
# span 0 =          1,        743       
# span 1 = 213.385440, 213.387587       
# span 2 =    0.00000,    0.05153       
# span 3 =     0.0000,     3.0917       
# span 4 =      0.000,    185.500       
# span 5 =  1000.1423,  1024.9820       
# span 6 =   1159.257,  49959.967       
# span 7 =     0.5683,    31.4463       
# span 8 =     -0.051,     97.359       
# span 9 =    6.53762,    7.85665       
# span 10 =     7.6596,    10.0741      
# span 11 =     7.6687,    10.0741      
# span 12 =     0.1426,    24.5318      
# span 13 =   11.81297,   14.42819      
# span 14 = 4.7608e-02, 3.9920e+02      
# span 15 =     -0.051,     98.301      
# span 16 = 0.0000e+00, 0.0000e+00      
# interval = seconds: 0.25
# start_time = Jul 31 2012 09:15:02 [Instrument's time stamp, header]
# bad_flag = -9.990e-29
*END*
[from data line 426]
        427 213.386672    0.02958     1.7750    106.500  1024.2665  49267.110    31.1909     27.051    6.61996     8.9660     8.9684    24.1421   11.94846 3.0567e+00     27.308 0.0000e+00
        428 213.386675    0.02965     1.7792    106.750  1024.2680  49267.837    31.1913     27.308    6.61991     8.9661     8.9685    24.1424   11.94839 2.9611e+00     27.567 0.0000e+00
        429 213.386678    0.02972     1.7833    107.000  1024.2693  49268.284    31.1916     27.567    6.61987     8.9661     8.9688    24.1426   11.94831 2.8686e+00     27.829 0.0000e+00
        430 213.386681    0.02979     1.7875    107.250  1024.2707  49268.682    31.1918     27.828    6.61984     8.9661     8.9689    24.1427   11.94826 2.7784e+00     28.092 0.0000e+00
        431 213.386684    0.02986     1.7917    107.500  1024.2721  49269.157    31.1920     28.091    6.61982     8.9659     8.9690    24.1429   11.94822 2.6898e+00     28.358 0.0000e+00
        432 213.386687    0.02993     1.7958    107.750  1024.2735  49269.693    31.1922     28.355    6.61981     8.9658     8.9690    24.1431   11.94821 2.6037e+00     28.625 0.0000e+00
        433 213.386690    0.03000     1.8000    108.000  1024.2748  49270.082    31.1924     28.619    6.61982     8.9656     8.9689    24.1432   11.94822 2.5204e+00     28.891 0.0000e+00
        434 213.386693    0.03007     1.8042    108.250  1024.2759  49269.950    31.1921     28.882    6.61985     8.9651     8.9688    24.1431   11.94826 2.4399e+00     29.157 0.0000e+00
        435 213.386696    0.03014     1.8083    108.500  1024.2765  49269.007    31.1913     29.145    6.61991     8.9643     8.9686    24.1425   11.94838 2.3622e+00     29.422 0.0000e+00
        436 213.386698    0.03021     1.8125    108.750  1024.2769  49267.635    31.1902     29.407    6.62003     8.9631     8.9681    24.1417   11.94859 2.2871e+00     29.687 0.0000e+00
        437 213.386701    0.03028     1.8167    109.000  1024.2776  49266.683    31.1893     29.670    6.62019     8.9616     8.9673    24.1411   11.94887 2.2140e+00     29.952 0.0000e+00
        438 213.386704    0.03035     1.8208    109.250  1024.2786  49266.410    31.1888     29.933    6.62038     8.9601     8.9661    24.1409   11.94919 2.1427e+00     30.218 0.0000e+00
        439 213.386707    0.03042     1.8250    109.500  1024.2799  49266.649    31.1887     30.198    6.62059     8.9585     8.9647    24.1410   11.94955 2.0733e+00     30.486 0.0000e+00
        440 213.386710    0.03049     1.8292    109.750  1024.2815  49267.336    31.1888     30.464    6.62081     8.9571     8.9632    24.1413   11.94991 2.0058e+00     30.755 0.0000e+00
        441 213.386713    0.03056     1.8333    110.000  1024.2832  49268.353    31.1892     30.733    6.62102     8.9558     8.9617    24.1419   11.95024 1.9407e+00     31.026 0.0000e+00
        442 213.386716    0.03062     1.8375    110.250  1024.2851  49269.547    31.1897     31.004    6.62120     8.9547     8.9603    24.1425   11.95054 1.8779e+00     31.299 0.0000e+00
        443 213.386719    0.03069     1.8417    110.500  1024.2871  49270.877    31.1903     31.276    6.62136     8.9536     8.9590    24.1432   11.95080 1.8170e+00     31.574 0.0000e+00
        444 213.386722    0.03076     1.8458    110.750  1024.2891  49272.341    31.1911     31.549    6.62150     8.9527     8.9579    24.1440   11.95101 1.7578e+00     31.849 0.0000e+00
        445 213.386725    0.03083     1.8500    111.000  1024.2910  49273.732    31.1918     31.822    6.62162     8.9517     8.9569    24.1447   11.95120 1.7006e+00     32.125 0.0000e+00
        446 213.386727    0.03090     1.8542    111.250  1024.2928  49274.730    31.1923     32.096    6.62174     8.9506     8.9560    24.1452   11.95139 1.6456e+00     32.402 0.0000e+00
        447 213.386730    0.03097     1.8583    111.500  1024.2943  49275.324    31.1925     32.370    6.62187     8.9493     8.9550    24.1454   11.95160 1.5925e+00     32.678 0.0000e+00
        448 213.386733    0.03104     1.8625    111.750  1024.2958  49275.763    31.1925     32.643    6.62202     8.9476     8.9540    24.1456   11.95186 1.5410e+00     32.954 0.0000e+00
        449 213.386736    0.03111     1.8667    112.000  1024.2972  49276.199    31.1925     32.917    6.62221     8.9455     8.9527    24.1458   11.95218 1.4915e+00     33.230 0.0000e+00
        450 213.386739    0.03118     1.8708    112.250  1024.2989  49276.889    31.1926     33.190    6.62245     8.9429     8.9510    24.1462   11.95257 1.4437e+00     33.506 0.0000e+00
        451 213.386742    0.03125     1.8750    112.500  1024.3007  49277.873    31.1929     33.462    6.62275     8.9398     8.9489    24.1467   11.95305 1.3975e+00     33.781 0.0000e+00
        452 213.386745    0.03132     1.8792    112.750  1024.3023  49278.496    31.1929     33.734    6.62312     8.9358     8.9464    24.1471   11.95368 1.3530e+00     34.055 0.0000e+00
        453 213.386748    0.03139     1.8833    113.000  1024.3033  49278.051    31.1920     34.005    6.62362     8.9306     8.9433    24.1469   11.95452 1.3099e+00     34.329 0.0000e+00
        454 213.386751    0.03146     1.8875    113.250  1024.3038  49276.491    31.1902     34.276    6.62429     8.9242     8.9393    24.1461   11.95564 1.2680e+00     34.603 0.0000e+00
        455 213.386753    0.03153     1.8917    113.500  1024.3042  49274.871    31.1882     34.546    6.62513     8.9169     8.9341    24.1454   11.95706 1.2273e+00     34.876 0.0000e+00
        456 213.386756    0.03160     1.8958    113.750  1024.3054  49274.508    31.1869     34.815    6.62613     8.9093     8.9278    24.1453   11.95873 1.1882e+00     35.147 0.0000e+00
        457 213.386759    0.03167     1.9000    114.000  1024.3076  49275.731    31.1867     35.084    6.62721     8.9016     8.9205    24.1462   11.96053 1.1506e+00     35.419 0.0000e+00
        458 213.386762    0.03174     1.9042    114.250  1024.3104  49278.189    31.1872     35.354    6.62831     8.8941     8.9129    24.1478   11.96235 1.1145e+00     35.691 0.0000e+00
        459 213.386765    0.03181     1.9083    114.500  1024.3136  49281.424    31.1882     35.623    6.62940     8.8868     8.9053    24.1498   11.96413 1.0800e+00     35.962 0.0000e+00
        460 213.386768    0.03188     1.9125    114.750  1024.3170  49284.938    31.1895     35.892    6.63045     8.8796     8.8978    24.1519   11.96585 1.0469e+00     36.234 0.0000e+00
        461 213.386771    0.03194     1.9167    115.000  1024.3203  49288.301    31.1907     36.161    6.63147     8.8721     8.8905    24.1540   11.96754 1.0148e+00     36.505 0.0000e+00
        462 213.386774    0.03201     1.9208    115.250  1024.3234  49291.322    31.1917     36.428    6.63250     8.8642     8.8833    24.1558   11.96922 9.8395e-01     36.775 0.0000e+00
        463 213.386777    0.03208     1.9250    115.500  1024.3264  49294.198    31.1926     36.696    6.63356     8.8557     8.8759    24.1576   11.97097 9.5408e-01     37.045 0.0000e+00
        464 213.386780    0.03215     1.9292    115.750  1024.3296  49297.439    31.1936     36.963    6.63469     8.8468     8.8680    24.1596   11.97282 9.2514e-01     37.315 0.0000e+00
        465 213.386782    0.03222     1.9333    116.000  1024.3334  49301.546    31.1952     37.229    6.63588     8.8381     8.8595    24.1621   11.97477 8.9742e-01     37.584 0.0000e+00
        466 213.386785    0.03229     1.9375    116.250  1024.3378  49306.906    31.1975     37.493    6.63708     8.8298     8.8507    24.1653   11.97673 8.7090e-01     37.850 0.0000e+00
        467 213.386788    0.03236     1.9417    116.500  1024.3428  49313.423    31.2007     37.756    6.63824     8.8226     8.8419    24.1691   11.97861 8.4513e-01     38.115 0.0000e+00
        468 213.386791    0.03243     1.9458    116.750  1024.3481  49320.404    31.2043     38.015    6.63930     8.8165     8.8337    24.1732   11.98033 8.2022e-01     38.378 0.0000e+00
        469 213.386794    0.03250     1.9500    117.000  1024.3531  49327.086    31.2079     38.272    6.64023     8.8116     8.8265    24.1770   11.98182 7.9636e-01     38.636 0.0000e+00
        470 213.386797    0.03257     1.9542    117.250  1024.3576  49332.870    31.2110     38.525    6.64100     8.8076     8.8204    24.1804   11.98305 7.7338e-01     38.892 0.0000e+00
        471 213.386800    0.03264     1.9583    117.500  1024.3614  49337.543    31.2134     38.777    6.64162     8.8044     8.8155    24.1830   11.98405 7.5132e-01     39.147 0.0000e+00
        472 213.386803    0.03271     1.9625    117.750  1024.3647  49341.196    31.2153     39.028    6.64212     8.8016     8.8116    24.1851   11.98486 7.2999e-01     39.399 0.0000e+00
        473 213.386806    0.03278     1.9667    118.000  1024.3674  49343.984    31.2167     39.277    6.64254     8.7991     8.8083    24.1867   11.98553 7.0915e-01     39.651 0.0000e+00
        474 213.386808    0.03285     1.9708    118.250  1024.3698  49346.168    31.2177     39.525    6.64290     8.7967     8.8056    24.1879   11.98612 6.8894e-01     39.901 0.0000e+00
        475 213.386811    0.03292     1.9750    118.500  1024.3719  49347.962    31.2185     39.774    6.64324     8.7943     8.8031    24.1889   11.98666 6.6952e-01     40.153 0.0000e+00
        476 213.386814    0.03299     1.9792    118.750  1024.3739  49349.546    31.2192     40.025    6.64356     8.7919     8.8008    24.1898   11.98719 6.5064e-01     40.406 0.0000e+00
        477 213.386817    0.03306     1.9833    119.000  1024.3759  49351.119    31.2198     40.279    6.64389     8.7894     8.7984    24.1906   11.98772 6.3200e-01     40.663 0.0000e+00
        478 213.386820    0.03313     1.9875    119.250  1024.3780  49352.638    31.2204     40.535    6.64422     8.7868     8.7960    24.1915   11.98827 6.1374e-01     40.922 0.0000e+00
        479 213.386823    0.03319     1.9917    119.500  1024.3799  49353.990    31.2209     40.794    6.64457     8.7840     8.7935    24.1922   11.98884 5.9586e-01     41.183 0.0000e+00
        480 213.386826    0.03326     1.9958    119.750  1024.3818  49355.240    31.2213     41.054    6.64494     8.7811     8.7909    24.1929   11.98944 5.7817e-01     41.445 0.0000e+00
        481 213.386829    0.03333     2.0000    120.000  1024.3838  49356.589    31.2217     41.314    6.64532     8.7782     8.7882    24.1937   11.99007 5.6082e-01     41.708 0.0000e+00
        482 213.386832    0.03340     2.0042    120.250  1024.3860  49358.348    31.2224     41.574    6.64572     8.7755     8.7853    24.1947   11.99072 5.4418e-01     41.971 0.0000e+00
        483 213.386834    0.03347     2.0083    120.500  1024.3884  49360.594    31.2235     41.833    6.64610     8.7731     8.7825    24.1959   11.99134 5.2830e-01     42.233 0.0000e+00
        484 213.386837    0.03354     2.0125    120.750  1024.3910  49363.022    31.2247     42.092    6.64644     8.7711     8.7798    24.1973   11.99190 5.1293e-01     42.494 0.0000e+00
        485 213.386840    0.03361     2.0167    121.000  1024.3934  49365.289    31.2258     42.349    6.64675     8.7694     8.7774    24.1985   11.99239 4.9802e-01     42.753 0.0000e+00
        486 213.386843    0.03368     2.0208    121.250  1024.3956  49367.165    31.2268     42.606    6.64700     8.7680     8.7754    24.1995   11.99279 4.8371e-01     43.012 0.0000e+00
        487 213.386846    0.03375     2.0250    121.500  1024.3975  49368.510    31.2274     42.862    6.64722     8.7667     8.7738    24.2002   11.99314 4.6997e-01     43.271 0.0000e+00
        488 213.386849    0.03382     2.0292    121.750  1024.3991  49369.429    31.2277     43.117    6.64741     8.7653     8.7724    24.2007   11.99346 4.5654e-01     43.529 0.0000e+00
        489 213.386852    0.03389     2.0333    122.000  1024.4007  49370.193    31.2279     43.372    6.64760     8.7639     8.7711    24.2011   11.99376 4.4342e-01     43.786 0.0000e+00
        490 213.386855    0.03396     2.0375    122.250  1024.4023  49371.037    31.2282     43.628    6.64778     8.7625     8.7698    24.2015   11.99406 4.3093e-01     44.044 0.0000e+00
        491 213.386858    0.03403     2.0417    122.500  1024.4040  49372.068    31.2286     43.882    6.64797     8.7612     8.7684    24.2021   11.99437 4.1899e-01     44.301 0.0000e+00
        492 213.386861    0.03410     2.0458    122.750  1024.4058  49373.185    31.2291     44.136    6.64816     8.7599     8.7670    24.2027   11.99468 4.0737e-01     44.558 0.0000e+00
        493 213.386863    0.03417     2.0500    123.000  1024.4075  49374.211    31.2295     44.390    6.64834     8.7588     8.7657    24.2032   11.99496 3.9601e-01     44.813 0.0000e+00
        494 213.386866    0.03424     2.0542    123.250  1024.4090  49375.040    31.2298     44.642    6.64850     8.7576     8.7645    24.2036   11.99523 3.8483e-01     45.068 0.0000e+00
        495 213.386869    0.03431     2.0583    123.500  1024.4106  49375.758    31.2300     44.894    6.64866     8.7564     8.7633    24.2040   11.99550 3.7384e-01     45.322 0.0000e+00
        496 213.386872    0.03438     2.0625    123.750  1024.4121  49376.533    31.2303     45.144    6.64883     8.7551     8.7621    24.2043   11.99577 3.6328e-01     45.575 0.0000e+00
        497 213.386875    0.03444     2.0667    124.000  1024.4137  49377.414    31.2306     45.393    6.64899     8.7539     8.7609    24.2048   11.99604 3.5328e-01     45.827 0.0000e+00
        498 213.386878    0.03451     2.0708    124.250  1024.4153  49378.327    31.2310     45.642    6.64915     8.7527     8.7597    24.2052   11.99630 3.4367e-01     46.078 0.0000e+00
        499 213.386881    0.03458     2.0750    124.500  1024.4169  49379.161    31.2313     45.891    6.64932     8.7516     8.7585    24.2057   11.99657 3.3426e-01     46.329 0.0000e+00
        500 213.386884    0.03465     2.0792    124.750  1024.4184  49379.994    31.2316     46.141    6.64947     8.7506     8.7574    24.2061   11.99682 3.2509e-01     46.581 0.0000e+00
        501 213.386887    0.03472     2.0833    125.000  1024.4201  49380.950    31.2320     46.391    6.64962     8.7496     8.7563    24.2065   11.99706 3.1618e-01     46.834 0.0000e+00
        502 213.386889    0.03479     2.0875    125.250  1024.4217  49381.861    31.2323     46.643    6.64976     8.7486     8.7553    24.2070   11.99728 3.0747e-01     47.088 0.0000e+00
        503 213.386892    0.03486     2.0917    125.500  1024.4232  49382.514    31.2325     46.897    6.64989     8.7475     8.7543    24.2073   11.99750 2.9903e-01     47.345 0.0000e+00
        504 213.386895    0.03493     2.0958    125.750  1024.4245  49382.931    31.2326     47.154    6.65003     8.7461     8.7533    24.2075   11.99774 2.9088e-01     47.605 0.0000e+00
        505 213.386898    0.03500     2.1000    126.000  1024.4259  49383.259    31.2326     47.413    6.65019     8.7444     8.7523    24.2076   11.99801 2.8285e-01     47.866 0.0000e+00
        506 213.386901    0.03507     2.1042    126.250  1024.4272  49383.548    31.2325     47.673    6.65039     8.7422     8.7510    24.2078   11.99834 2.7488e-01     48.129 0.0000e+00
        507 213.386904    0.03514     2.1083    126.500  1024.4285  49383.719    31.2322     47.933    6.65066     8.7392     8.7493    24.2078   11.99877 2.6713e-01     48.391 0.0000e+00
        508 213.386907    0.03521     2.1125    126.750  1024.4297  49383.845    31.2319     48.191    6.65100     8.7355     8.7471    24.2079   11.99934 2.5977e-01     48.652 0.0000e+00
        509 213.386910    0.03528     2.1167    127.000  1024.4312  49384.435    31.2317     48.445    6.65144     8.7313     8.7441    24.2082   12.00008 2.5279e-01     48.908 0.0000e+00
        510 213.386913    0.03535     2.1208    127.250  1024.4334  49386.161    31.2323     48.693    6.65197     8.7268     8.7404    24.2092   12.00094 2.4608e-01     49.159 0.0000e+00
