CTD-processing/allCTD/CNV--homogene/2012_04-10_t9_s02_cast286.cnv
* Sea-Bird SBE19plus Data File:
* FileName = C:\Documents and Settings\glenn.seaman\My Documents\KHolderied-files\CTD-DATA-FILES\2011-KBay-CTD\2012-04-10-HomerSpit-CTD\2012-04-10-HomerSpit-cast286.hex
* Software Version 1.59
* Temperature SN =  5028
* Conductivity SN =  5028
* System UpLoad Time = Apr 29 2012 20:45:56
** Cruise: Homer Spit Transect
** Date: 2012-04-10
** Station: 02
** Start time (AKDT): 1809
** Depth (feet): 260
# nquan = 17
# nvalues = 591                         
# units = specified
# name 0 = scan: Scan Count
# name 1 = timeJ: Julian Days
# name 2 = timeH: Time, Elapsed [hours]
# name 3 = timeM: Time, Elapsed [minutes]
# name 4 = timeS: Time, Elapsed [seconds]
# name 5 = density00: Density [density, kg/m^3]
# name 6 = specc: Specific Conductance [uS/cm]
# name 7 = sal00: Salinity, Practical [PSU]
# name 8 = depSM: Depth [salt water, m], lat = 59.00
# name 9 = oxsolML/L: Oxygen Saturation, Garcia & Gordon [ml/l]
# name 10 = potemp090C: Potential Temperature [ITS-90, deg C]
# name 11 = tv290C: Temperature [ITS-90, deg C]
# name 12 = sigma-é00: Density [sigma-theta, kg/m^3]
# name 13 = n2satML/L: Nitrogen Saturation [ml/l]
# name 14 = par: PAR/Irradiance, Biospherical/Licor [umol photons/m^2/sec]
# name 15 = prdM: Pressure, Strain Gauge [db]
# name 16 = flag:  0.000e+00
# span 0 =          1,        591       
# span 1 = 102.090081, 102.091788       
# span 2 =    0.00000,    0.04097       
# span 3 =     0.0000,     2.4583       
# span 4 =      0.000,    147.500       
# span 5 =   999.9694,  1025.6752       
# span 6 =      0.075,  51907.536       
# span 7 =     0.0003,    31.7929       
# span 8 =     -0.057,     72.682       
# span 9 =    7.57549,    9.38110       
# span 10 =     2.8586,     3.1852      
# span 11 =     2.8590,     3.1852      
# span 12 =    -0.0303,    25.3308      
# span 13 =   13.52010,   17.00179      
# span 14 = 4.0781e-02, 9.4248e+02      
# span 15 =     -0.058,     73.381      
# span 16 = 0.0000e+00, 0.0000e+00      
# interval = seconds: 0.25
# start_time = Apr 11 2012 02:09:43 [Instrument's time stamp, header]
# bad_flag = -9.990e-29
*END*
[from data line 511]
        512 102.091560    0.03549     2.1292    127.750  1025.5872  51880.272    31.7811     55.949    7.60026     2.9310     2.9372    25.3217   13.56066 4.5746e-02     56.485 0.0000e+00
        513 102.091562    0.03556     2.1333    128.000  1025.5894  51881.470    31.7813     56.353    7.60053     2.9299     2.9357    25.3220   13.56109 4.5378e-02     56.893 0.0000e+00
        514 102.091565    0.03562     2.1375    128.250  1025.5925  51884.212    31.7825     56.757    7.60076     2.9295     2.9342    25.3231   13.56145 4.5033e-02     57.300 0.0000e+00
        515 102.091568    0.03569     2.1417    128.500  1025.5957  51887.203    31.7840     57.161    7.60088     2.9297     2.9331    25.3244   13.56164 4.4725e-02     57.708 0.0000e+00
        516 102.091571    0.03576     2.1458    128.750  1025.5989  51889.959    31.7855     57.564    7.60087     2.9304     2.9327    25.3257   13.56161 4.4454e-02     58.115 0.0000e+00
        517 102.091574    0.03583     2.1500    129.000  1025.6021  51892.665    31.7872     57.967    7.60075     2.9316     2.9329    25.3270   13.56137 4.4205e-02     58.522 0.0000e+00
        518 102.091577    0.03590     2.1542    129.250  1025.6055  51895.552    31.7891     58.370    7.60051     2.9330     2.9337    25.3285   13.56095 4.3971e-02     58.930 0.0000e+00
        519 102.091580    0.03597     2.1583    129.500  1025.6088  51898.094    31.7910     58.773    7.60019     2.9343     2.9348    25.3298   13.56041 4.3760e-02     59.337 0.0000e+00
        520 102.091583    0.03604     2.1625    129.750  1025.6114  51899.335    31.7920     59.175    7.59987     2.9353     2.9362    25.3305   13.55987 4.3579e-02     59.742 0.0000e+00
        521 102.091586    0.03611     2.1667    130.000  1025.6133  51899.427    31.7922     59.576    7.59961     2.9360     2.9376    25.3306   13.55944 4.3400e-02     60.147 0.0000e+00
        522 102.091589    0.03618     2.1708    130.250  1025.6151  51899.222    31.7921     59.977    7.59942     2.9365     2.9386    25.3305   13.55912 4.3203e-02     60.552 0.0000e+00
        523 102.091591    0.03625     2.1750    130.500  1025.6168  51899.090    31.7920     60.377    7.59928     2.9368     2.9394    25.3303   13.55891 4.3015e-02     60.956 0.0000e+00
        524 102.091594    0.03632     2.1792    130.750  1025.6186  51899.074    31.7919     60.776    7.59920     2.9370     2.9398    25.3302   13.55876 4.2849e-02     61.359 0.0000e+00
        525 102.091597    0.03639     2.1833    131.000  1025.6205  51899.219    31.7919     61.175    7.59914     2.9373     2.9402    25.3301   13.55866 4.2699e-02     61.762 0.0000e+00
        526 102.091600    0.03646     2.1875    131.250  1025.6223  51899.416    31.7919     61.574    7.59909     2.9376     2.9404    25.3301   13.55857 4.2563e-02     62.165 0.0000e+00
        527 102.091603    0.03653     2.1917    131.500  1025.6241  51899.361    31.7918     61.973    7.59904     2.9377     2.9407    25.3299   13.55850 4.2438e-02     62.568 0.0000e+00
        528 102.091606    0.03660     2.1958    131.750  1025.6257  51899.014    31.7914     62.372    7.59900     2.9378     2.9410    25.3296   13.55844 4.2320e-02     62.970 0.0000e+00
        529 102.091609    0.03667     2.2000    132.000  1025.6272  51898.669    31.7910     62.771    7.59898     2.9379     2.9412    25.3293   13.55841 4.2220e-02     63.373 0.0000e+00
        530 102.091612    0.03674     2.2042    132.250  1025.6289  51898.655    31.7908     63.170    7.59897     2.9380     2.9414    25.3291   13.55840 4.2138e-02     63.775 0.0000e+00
        531 102.091615    0.03681     2.2083    132.500  1025.6309  51899.036    31.7908     63.568    7.59896     2.9381     2.9414    25.3292   13.55837 4.2051e-02     64.178 0.0000e+00
        532 102.091617    0.03687     2.2125    132.750  1025.6329  51899.567    31.7910     63.967    7.59893     2.9382     2.9415    25.3293   13.55833 4.1959e-02     64.581 0.0000e+00
        533 102.091620    0.03694     2.2167    133.000  1025.6348  51899.937    31.7911     64.367    7.59890     2.9383     2.9416    25.3294   13.55828 4.1874e-02     64.985 0.0000e+00
        534 102.091623    0.03701     2.2208    133.250  1025.6367  51900.088    31.7910     64.768    7.59888     2.9384     2.9418    25.3293   13.55823 4.1800e-02     65.390 0.0000e+00
        535 102.091626    0.03708     2.2250    133.500  1025.6384  51900.129    31.7908     65.171    7.59886     2.9384     2.9419    25.3292   13.55820 4.1732e-02     65.796 0.0000e+00
        536 102.091629    0.03715     2.2292    133.750  1025.6401  51899.988    31.7906     65.574    7.59885     2.9383     2.9420    25.3290   13.55820 4.1667e-02     66.203 0.0000e+00
        537 102.091632    0.03722     2.2333    134.000  1025.6417  51899.654    31.7901     65.978    7.59887     2.9381     2.9420    25.3286   13.55824 4.1605e-02     66.611 0.0000e+00
        538 102.091635    0.03729     2.2375    134.250  1025.6434  51899.543    31.7898     66.383    7.59890     2.9381     2.9420    25.3284   13.55829 4.1547e-02     67.020 0.0000e+00
        539 102.091638    0.03736     2.2417    134.500  1025.6455  51900.184    31.7900     66.788    7.59891     2.9381     2.9419    25.3285   13.55831 4.1491e-02     67.430 0.0000e+00
        540 102.091641    0.03743     2.2458    134.750  1025.6480  51901.553    31.7907     67.194    7.59889     2.9383     2.9418    25.3291   13.55826 4.1434e-02     67.839 0.0000e+00
        541 102.091644    0.03750     2.2500    135.000  1025.6506  51903.019    31.7915     67.599    7.59883     2.9386     2.9419    25.3297   13.55816 4.1375e-02     68.248 0.0000e+00
        542 102.091646    0.03757     2.2542    135.250  1025.6530  51904.185    31.7922     68.004    7.59875     2.9389     2.9421    25.3302   13.55802 4.1314e-02     68.657 0.0000e+00
        543 102.091649    0.03764     2.2583    135.500  1025.6552  51905.048    31.7926     68.407    7.59867     2.9391     2.9425    25.3306   13.55788 4.1256e-02     69.064 0.0000e+00
        544 102.091652    0.03771     2.2625    135.750  1025.6573  51905.595    31.7928     68.809    7.59860     2.9393     2.9428    25.3307   13.55776 4.1206e-02     69.470 0.0000e+00
        545 102.091655    0.03778     2.2667    136.000  1025.6592  51905.890    31.7929     69.209    7.59855     2.9394     2.9430    25.3308   13.55768 4.1154e-02     69.874 0.0000e+00
        546 102.091658    0.03785     2.2708    136.250  1025.6610  51906.057    31.7928     69.607    7.59852     2.9394     2.9432    25.3307   13.55763 4.1102e-02     70.276 0.0000e+00
        547 102.091661    0.03792     2.2750    136.500  1025.6628  51906.196    31.7928     70.002    7.59850     2.9394     2.9433    25.3306   13.55760 4.1063e-02     70.675 0.0000e+00
        548 102.091664    0.03799     2.2792    136.750  1025.6646  51906.371    31.7927     70.390    7.59850     2.9394     2.9433    25.3306   13.55759 4.1038e-02     71.067 0.0000e+00
        549 102.091667    0.03806     2.2833    137.000  1025.6664  51906.563    31.7926     70.768    7.59849     2.9394     2.9433    25.3305   13.55758 4.1010e-02     71.448 0.0000e+00
        550 102.091670    0.03812     2.2875    137.250  1025.6680  51906.709    31.7925     71.126    7.59849     2.9395     2.9434    25.3305   13.55758 4.0984e-02     71.810 0.0000e+00
        551 102.091672    0.03819     2.2917    137.500  1025.6695  51906.819    31.7924     71.452    7.59849     2.9395     2.9434    25.3304   13.55758 4.0966e-02     72.139 0.0000e+00
        552 102.091675    0.03826     2.2958    137.750  1025.6708  51906.970    31.7924     71.736    7.59849     2.9396     2.9435    25.3304   13.55757 4.0951e-02     72.426 0.0000e+00
        553 102.091678    0.03833     2.3000    138.000  1025.6719  51907.096    31.7924     71.974    7.59848     2.9398     2.9435    25.3303   13.55756 4.0933e-02     72.666 0.0000e+00
        554 102.091681    0.03840     2.3042    138.250  1025.6727  51907.051    31.7923     72.163    7.59846     2.9400     2.9436    25.3302   13.55753 4.0914e-02     72.857 0.0000e+00
        555 102.091684    0.03847     2.3083    138.500  1025.6732  51906.848    31.7921     72.306    7.59844     2.9402     2.9438    25.3301   13.55750 4.0894e-02     73.002 0.0000e+00
        556 102.091687    0.03854     2.3125    138.750  1025.6735  51906.617    31.7920     72.407    7.59841     2.9403     2.9440    25.3300   13.55745 4.0879e-02     73.103 0.0000e+00
        557 102.091690    0.03861     2.3167    139.000  1025.6737  51906.473    31.7919     72.466    7.59837     2.9405     2.9442    25.3299   13.55740 4.0867e-02     73.163 0.0000e+00
        558 102.091693    0.03868     2.3208    139.250  1025.6739  51906.500    31.7919     72.486    7.59834     2.9406     2.9444    25.3299   13.55734 4.0860e-02     73.183 0.0000e+00
        559 102.091696    0.03875     2.3250    139.500  1025.6739  51906.668    31.7921     72.471    7.59830     2.9407     2.9445    25.3300   13.55728 4.0859e-02     73.168 0.0000e+00
        560 102.091698    0.03882     2.3292    139.750  1025.6738  51906.815    31.7923     72.427    7.59827     2.9408     2.9446    25.3301   13.55722 4.0866e-02     73.124 0.0000e+00
        561 102.091701    0.03889     2.3333    140.000  1025.6736  51906.820    31.7924     72.364    7.59824     2.9409     2.9447    25.3302   13.55718 4.0883e-02     73.060 0.0000e+00
        562 102.091704    0.03896     2.3375    140.250  1025.6732  51906.730    31.7924     72.291    7.59822     2.9409     2.9448    25.3302   13.55715 4.0901e-02     72.986 0.0000e+00
        563 102.091707    0.03903     2.3417    140.500  1025.6729  51906.659    31.7924     72.216    7.59821     2.9409     2.9449    25.3302   13.55712 4.0908e-02     72.910 0.0000e+00
        564 102.091710    0.03910     2.3458    140.750  1025.6726  51906.628    31.7924     72.147    7.59820     2.9409     2.9450    25.3302   13.55711 4.0900e-02     72.841 0.0000e+00
        565 102.091713    0.03917     2.3500    141.000  1025.6723  51906.587    31.7924     72.089    7.59820     2.9409     2.9450    25.3302   13.55711 4.0891e-02     72.782 0.0000e+00
        566 102.091716    0.03924     2.3542    141.250  1025.6720  51906.553    31.7924     72.039    7.59821     2.9408     2.9449    25.3302   13.55712 4.0886e-02     72.732 0.0000e+00
        567 102.091719    0.03931     2.3583    141.500  1025.6718  51906.546    31.7924     71.998    7.59822     2.9407     2.9449    25.3302   13.55714 4.0884e-02     72.690 0.0000e+00
        568 102.091722    0.03938     2.3625    141.750  1025.6717  51906.562    31.7924     71.967    7.59823     2.9406     2.9448    25.3302   13.55716 4.0884e-02     72.658 0.0000e+00
        569 102.091725    0.03944     2.3667    142.000  1025.6716  51906.623    31.7924     71.947    7.59825     2.9405     2.9447    25.3302   13.55719 4.0885e-02     72.638 0.0000e+00
        570 102.091727    0.03951     2.3708    142.250  1025.6716  51906.716    31.7925     71.938    7.59827     2.9404     2.9446    25.3303   13.55722 4.0882e-02     72.630 0.0000e+00
        571 102.091730    0.03958     2.3750    142.500  1025.6717  51906.799    31.7925     71.938    7.59828     2.9403     2.9445    25.3303   13.55725 4.0873e-02     72.630 0.0000e+00
        572 102.091733    0.03965     2.3792    142.750  1025.6717  51906.864    31.7925     71.943    7.59830     2.9403     2.9444    25.3303   13.55727 4.0861e-02     72.635 0.0000e+00
        573 102.091736    0.03972     2.3833    143.000  1025.6718  51906.933    31.7925     71.951    7.59832     2.9402     2.9443    25.3303   13.55730 4.0855e-02     72.642 0.0000e+00
        574 102.091739    0.03979     2.3875    143.250  1025.6718  51907.022    31.7926     71.959    7.59833     2.9402     2.9443    25.3304   13.55731 4.0859e-02     72.650 0.0000e+00
        575 102.091742    0.03986     2.3917    143.500  1025.6719  51907.112    31.7926     71.967    7.59833     2.9402     2.9442    25.3304   13.55733 4.0868e-02     72.658 0.0000e+00
        576 102.091745    0.03993     2.3958    143.750  1025.6720  51907.218    31.7927     71.973    7.59834     2.9402     2.9442    25.3305   13.55733 4.0873e-02     72.665 0.0000e+00
        577 102.091748    0.04000     2.4000    144.000  1025.6721  51907.342    31.7928     71.977    7.59833     2.9403     2.9442    25.3305   13.55732 4.0877e-02     72.669 0.0000e+00
        578 102.091751    0.04007     2.4042    144.250  1025.6722  51907.451    31.7929     71.979    7.59832     2.9404     2.9442    25.3306   13.55730 4.0880e-02     72.671 0.0000e+00
        579 102.091753    0.04014     2.4083    144.500  1025.6722  51907.536    31.7929     71.983    7.59830     2.9405     2.9443    25.3306   13.55727 4.0875e-02     72.675 0.0000e+00
        580 102.091756    0.04021     2.4125    144.750  1025.6723  51907.536    31.7929     71.996    7.59829     2.9406     2.9444    25.3306   13.55724 4.0866e-02     72.688 0.0000e+00
        581 102.091759    0.04028     2.4167    145.000  1025.6724  51907.362    31.7928     72.024    7.59827     2.9405     2.9445    25.3306   13.55722 4.0859e-02     72.716 0.0000e+00
        582 102.091762    0.04035     2.4208    145.250  1025.6724  51907.044    31.7926     72.070    7.59827     2.9404     2.9446    25.3304   13.55722 4.0855e-02     72.763 0.0000e+00
        583 102.091765    0.04042     2.4250    145.500  1025.6725  51906.778    31.7924     72.134    7.59829     2.9402     2.9445    25.3302   13.55725 4.0853e-02     72.828 0.0000e+00
        584 102.091768    0.04049     2.4292    145.750  1025.6728  51906.716    31.7923     72.211    7.59831     2.9401     2.9444    25.3302   13.55729 4.0849e-02     72.906 0.0000e+00
        585 102.091771    0.04056     2.4333    146.000  1025.6732  51906.830    31.7923     72.295    7.59835     2.9399     2.9443    25.3302   13.55734 4.0841e-02     72.990 0.0000e+00
        586 102.091774    0.04063     2.4375    146.250  1025.6737  51907.044    31.7923     72.381    7.59838     2.9398     2.9441    25.3302   13.55739 4.0830e-02     73.077 0.0000e+00
        587 102.091777    0.04069     2.4417    146.500  1025.6741  51907.260    31.7924     72.466    7.59840     2.9397     2.9440    25.3303   13.55743 4.0819e-02     73.163 0.0000e+00
        588 102.091780    0.04076     2.4458    146.750  1025.6746  51907.403    31.7924     72.546    7.59842     2.9397     2.9439    25.3303   13.55746 4.0806e-02     73.244 0.0000e+00
        589 102.091782    0.04083     2.4500    147.000  1025.6749  51907.455    31.7924     72.616    7.59843     2.9397     2.9438    25.3303   13.55748 4.0793e-02     73.314 0.0000e+00
        590 102.091785    0.04090     2.4542    147.250  1025.6751  51907.461    31.7924     72.664    7.59844 -9.990e-29     2.9438    25.3303   13.55749 4.0784e-02     73.363 0.0000e+00
        591 102.091788    0.04097     2.4583    147.500  1025.6752  51907.463    31.7924     72.682    7.59844 -9.990e-29     2.9438    25.3303   13.55749 4.0781e-02     73.381 0.0000e+00
