CTD-processing/allCTD/CNV--homogene/2012_08-15_alongbay_s03_outer_cast113.cnv
* Sea-Bird SBE19plus Data File:
* FileName = C:\Documents and Settings\kris.holderied.local\My Documents\2012-08-15-CTD-KBay-along-bay-outer\2012-08-15-KBay-along-bay-outer-cast113.hex
* Software Version 1.54
* Temperature SN =  4141
* Conductivity SN =  4141
* System UpLoad Time = Aug 23 2012 22:53:53
** Kachemak Bay Along Outer Bay CTD
** Date:  2012-08-15
** Station:  KB-03
** Start time (AKDT-24 hr): 1018
** Depth (ft): 351
** Comment: Flat water. Phytoplankton
# nquan = 17
# nvalues = 748                         
# units = specified
# name 0 = scan: Scan Count
# name 1 = timeJ: Julian Days
# name 2 = timeH: Time, Elapsed [hours]
# name 3 = timeM: Time, Elapsed [minutes]
# name 4 = timeS: Time, Elapsed [seconds]
# name 5 = density00: Density [density, kg/m^3]
# name 6 = specc: Specific Conductance [uS/cm]
# name 7 = sal00: Salinity, Practical [PSU]
# name 8 = depSM: Depth [salt water, m], lat = 59.00
# name 9 = oxsolML/L: Oxygen Saturation, Garcia & Gordon [ml/l]
# name 10 = potemp090C: Potential Temperature [ITS-90, deg C]
# name 11 = tv290C: Temperature [ITS-90, deg C]
# name 12 = sigma-é00: Density [sigma-theta, kg/m^3]
# name 13 = n2satML/L: Nitrogen Saturation [ml/l]
# name 14 = par: PAR/Irradiance, Biospherical/Licor
# name 15 = prdM: Pressure, Strain Gauge [db]
# name 16 = flag:  0.000e+00
# span 0 =          1,        748       
# span 1 = 228.431308, 228.433469       
# span 2 =    0.00000,    0.05187       
# span 3 =     0.0000,     3.1125       
# span 4 =      0.000,    186.750       
# span 5 =   999.8355,  1024.7591       
# span 6 =    771.990,  49527.054       
# span 7 =     0.3740,    31.2757       
# span 8 =      0.024,    105.182       
# span 9 =    6.22917,    7.59005       
# span 10 =     8.5231,    12.0875      
# span 11 =     8.5336,    12.0875      
# span 12 =    -0.1646,    24.2748      
# span 13 =   11.31221,   13.98014      
# span 14 = 8.1852e-02, 1.6965e+02      
# span 15 =      0.024,    106.201      
# span 16 = 0.0000e+00, 0.0000e+00      
# interval = seconds: 0.25
# start_time = Aug 15 2012 10:21:05 [Instrument's time stamp, header]
# bad_flag = -9.990e-29
*END*
          1 228.431308    0.00000     0.0000      0.000   999.8355    771.990     0.3740      0.028    7.59005    11.6139    11.6145    -0.1646   13.98014 6.9637e+01      0.029 0.0000e+00
          2 228.431311    0.00007     0.0042      0.250   999.8518    813.220     0.3948      0.028    7.58911    11.6136    11.6143    -0.1484   13.97824 7.0913e+01      0.029 0.0000e+00
          3 228.431314    0.00014     0.0083      0.500   999.8724    865.401     0.4211      0.028    7.58791    11.6133    11.6140    -0.1277   13.97583 7.0207e+01      0.029 0.0000e+00
          4 228.431317    0.00021     0.0125      0.750   999.8946    921.305     0.4495      0.028    7.58661    11.6130    11.6136    -0.1055   13.97322 6.6452e+01      0.029 0.0000e+00
          5 228.431319    0.00028     0.0167      1.000   999.9130    967.394     0.4730      0.028    7.58554    11.6128    11.6133    -0.0871   13.97107 6.1799e+01      0.029 0.0000e+00
          6 228.431322    0.00035     0.0208      1.250   999.9241    994.905     0.4872      0.029    7.58491    11.6125    11.6130    -0.0760   13.96981 5.8958e+01      0.030 0.0000e+00
          7 228.431325    0.00042     0.0250      1.500   999.9303   1009.653     0.4951      0.029    7.58458    11.6123    11.6128    -0.0698   13.96913 5.8226e+01      0.030 0.0000e+00
          8 228.431328    0.00049     0.0292      1.750   999.9381   1027.665     0.5051      0.029    7.58415    11.6121    11.6125    -0.0620   13.96827 5.8691e+01      0.030 0.0000e+00
          9 228.431331    0.00056     0.0333      2.000   999.9571   1072.722     0.5294      0.029    7.58304    11.6119    11.6123    -0.0430   13.96604 5.9893e+01      0.030 0.0000e+00
         10 228.431334    0.00063     0.0375      2.250   999.9975   1170.226     0.5812      0.028    7.58061    11.6117    11.6121    -0.0026   13.96120 6.1628e+01      0.029 0.0000e+00
         11 228.431337    0.00069     0.0417      2.500  1000.0687   1342.425     0.6725      0.028    7.57631    11.6115    11.6119     0.0686   13.95262 6.3896e+01      0.029 0.0000e+00
         12 228.431340    0.00076     0.0458      2.750  1000.1809   1613.127     0.8164      0.027    7.56950    11.6113    11.6117     0.1808   13.93906 6.7066e+01      0.028 0.0000e+00
         13 228.431343    0.00083     0.0500      3.000  1000.3461   2009.772     1.0283      0.027    7.55947    11.6110    11.6115     0.3460   13.91907 7.1437e+01      0.027 0.0000e+00
         14 228.431345    0.00090     0.0542      3.250  1000.5801   2567.925     1.3286      0.026    7.54526    11.6106    11.6113     0.5800   13.89076 7.7203e+01      0.026 0.0000e+00
         15 228.431348    0.00097     0.0583      3.500  1000.8647   3242.302     1.6940      0.026    7.52799    11.6102    11.6110     0.8646   13.85635 8.4499e+01      0.026 0.0000e+00
         16 228.431351    0.00104     0.0625      3.750  1001.1194   3842.321     2.0210      0.025    7.51256    11.6098    11.6106     1.1193   13.82561 9.2303e+01      0.025 0.0000e+00
         17 228.431354    0.00111     0.0667      4.000  1001.2637   4182.519     2.2063      0.025    7.50385    11.6095    11.6102     1.2636   13.80826 9.8881e+01      0.025 0.0000e+00
         18 228.431357    0.00118     0.0708      4.250  1001.2784   4221.236     2.2251      0.024    7.50302    11.6094    11.6098     1.2783   13.80657 1.0385e+02      0.024 0.0000e+00
         19 228.431360    0.00125     0.0750      4.500  1001.2113   4068.836     2.1386      0.024    7.50715    11.6095    11.6095     1.2112   13.81478 1.0768e+02      0.024 0.0000e+00
         20 228.431363    0.00132     0.0792      4.750  1001.1345   3892.013     2.0398      0.024    7.51185    11.6099    11.6094     1.1344   13.82413 1.1068e+02      0.024 0.0000e+00
         21 228.431366    0.00139     0.0833      5.000  1001.0944   3798.676     1.9883      0.024    7.51429    11.6104    11.6095     1.0943   13.82899 1.1368e+02      0.024 0.0000e+00
         22 228.431369    0.00146     0.0875      5.250  1001.1066   3825.030     2.0041      0.024    7.51354    11.6111    11.6099     1.1065   13.82751 1.1754e+02      0.024 0.0000e+00
         23 228.431372    0.00153     0.0917      5.500  1001.1646   3955.196     2.0788      0.024    7.51000    11.6120    11.6104     1.1645   13.82051 1.2316e+02      0.024 0.0000e+00
         24 228.431374    0.00160     0.0958      5.750  1001.2484   4141.557     2.1869      0.024    7.50491    11.6135    11.6111     1.2483   13.81044 1.3114e+02      0.024 0.0000e+00
         25 228.431377    0.00167     0.1000      6.000  1001.3423   4344.799     2.3080      0.025    7.49926    11.6157    11.6120     1.3421   13.79927 1.3967e+02      0.025 0.0000e+00
         26 228.431380    0.00174     0.1042      6.250  1001.4260   4515.014     2.4164      0.026    7.49429    11.6193    11.6135     1.4258   13.78951 1.4570e+02      0.026 0.0000e+00
         27 228.431383    0.00181     0.1083      6.500  1001.5089   4668.295     2.5244      0.027    7.48946    11.6251    11.6157     1.5088   13.78012 1.4844e+02      0.027 0.0000e+00
         28 228.431386    0.00187     0.1125      6.750  1001.6708   4978.389     2.7347      0.030    7.47999    11.6344    11.6193     1.6707   13.76165 1.4936e+02      0.030 0.0000e+00
         29 228.431389    0.00194     0.1167      7.000  1002.0072   5648.942     3.1707      0.034    7.46021    11.6494    11.6251     2.0070   13.72286 1.4962e+02      0.034 0.0000e+00
         30 228.431392    0.00201     0.1208      7.250  1002.6200   6887.311     3.9645      0.041    7.42414    11.6738    11.6344     2.6198   13.65202 1.4952e+02      0.041 0.0000e+00
         31 228.431395    0.00208     0.1250      7.500  1003.6500   8970.757     5.2984      0.052    7.36359    11.7138    11.6494     3.6497   13.53307 1.4957e+02      0.053 0.0000e+00
         32 228.431398    0.00215     0.1292      7.750  1005.3567  12420.209     7.5088      0.071    7.26340    11.7771    11.6738     5.3564   13.33622 1.5090e+02      0.072 0.0000e+00
         33 228.431400    0.00222     0.1333      8.000  1008.2220  18217.347    11.2194      0.102    7.09525    11.8614    11.7138     8.2215   13.00582 1.5402e+02      0.103 0.0000e+00
         34 228.431403    0.00229     0.1375      8.250  1012.1978  26214.635    16.3698      0.148    6.86208    11.9482    11.7771    12.1971   12.54821 1.5862e+02      0.149 0.0000e+00
         35 228.431406    0.00236     0.1417      8.500  1016.0742  33928.497    21.3964      0.207    6.63370    12.0176    11.8614    16.0733   12.10137 1.6432e+02      0.208 0.0000e+00
         36 228.431409    0.00243     0.1458      8.750  1018.7980  39312.071    24.9344      0.275    6.47040    12.0614    11.9482    18.7967   11.78315 1.6913e+02      0.277 0.0000e+00
         37 228.431412    0.00250     0.1500      9.000  1020.4345  42549.463    27.0640      0.351    6.36985    12.0820    12.0177    20.4329   11.58788 1.6965e+02      0.353 0.0000e+00
         38 228.431415    0.00257     0.1542      9.250  1021.4125  44485.114    28.3371      0.429    6.30942    12.0875    12.0615    21.4106   11.47060 1.6390e+02      0.433 0.0000e+00
         39 228.431418    0.00264     0.1583      9.500  1022.0023  45650.392    29.1032      0.508    6.27382    12.0851    12.0821    22.0000   11.40131 1.5281e+02      0.512 0.0000e+00
         40 228.431421    0.00271     0.1625      9.750  1022.3605  46355.943    29.5667      0.582    6.25322    12.0794    12.0875    22.3578   11.36095 1.4130e+02      0.588 0.0000e+00
         41 228.431424    0.00278     0.1667     10.000  1022.5788  46784.178    29.8477      0.651    6.24148    12.0720    12.0852    22.5758   11.33773 1.3337e+02      0.657 0.0000e+00
         42 228.431427    0.00285     0.1708     10.250  1022.7124  47044.846    30.0185      0.713    6.23493    12.0637    12.0795    22.7092   11.32458 1.2832e+02      0.720 0.0000e+00
         43 228.431429    0.00292     0.1750     10.500  1022.7950  47204.759    30.1231      0.771    6.23142    12.0542    12.0722    22.7915   11.31737 1.2477e+02      0.779 0.0000e+00
         44 228.431432    0.00299     0.1792     10.750  1022.8475  47305.054    30.1886      0.826    6.22972    12.0428    12.0639    22.8437   11.31369 1.2192e+02      0.834 0.0000e+00
         45 228.431435    0.00306     0.1833     11.000  1022.8825  47370.678    30.2313      0.885    6.22917    12.0290    12.0544    22.8785   11.31221 1.1876e+02      0.894 0.0000e+00
         46 228.431438    0.00313     0.1875     11.250  1022.9076  47416.057    30.2606      0.955    6.22944    12.0124    12.0430    22.9033   11.31228 1.1491e+02      0.964 0.0000e+00
         47 228.431441    0.00319     0.1917     11.500  1022.9273  47450.077    30.2823      1.035    6.23037    11.9934    12.0291    22.9226   11.31354 1.1092e+02      1.045 0.0000e+00
         48 228.431444    0.00326     0.1958     11.750  1022.9446  47478.655    30.3002      1.118    6.23182    11.9730    12.0125    22.9396   11.31574 1.0767e+02      1.128 0.0000e+00
         49 228.431447    0.00333     0.2000     12.000  1022.9614  47505.459    30.3170      1.191    6.23365    11.9527    11.9935    22.9560   11.31858 1.0549e+02      1.202 0.0000e+00
         50 228.431450    0.00340     0.2042     12.250  1022.9781  47531.861    30.3334      1.251    6.23568    11.9329    11.9732    22.9725   11.32174 1.0406e+02      1.263 0.0000e+00
         51 228.431453    0.00347     0.2083     12.500  1022.9945  47557.546    30.3495      1.305    6.23772    11.9135    11.9529    22.9886   11.32494 1.0276e+02      1.317 0.0000e+00
         52 228.431455    0.00354     0.2125     12.750  1023.0103  47582.225    30.3649      1.360    6.23973    11.8948    11.9331    23.0041   11.32809 1.0128e+02      1.373 0.0000e+00
         53 228.431458    0.00361     0.2167     13.000  1023.0256  47605.940    30.3797      1.418    6.24170    11.8772    11.9138    23.0191   11.33120 9.9693e+01      1.432 0.0000e+00
         54 228.431461    0.00368     0.2208     13.250  1023.0401  47628.464    30.3938      1.478    6.24363    11.8609    11.8950    23.0334   11.33423 9.8169e+01      1.492 0.0000e+00
         55 228.431464    0.00375     0.2250     13.500  1023.0536  47649.355    30.4068      1.534    6.24545    11.8461    11.8774    23.0467   11.33710 9.6732e+01      1.549 0.0000e+00
         56 228.431467    0.00382     0.2292     13.750  1023.0660  47668.413    30.4187      1.585    6.24714    11.8332    11.8611    23.0588   11.33977 9.5386e+01      1.601 0.0000e+00
         57 228.431470    0.00389     0.2333     14.000  1023.0772  47685.669    30.4294      1.632    6.24867    11.8220    11.8463    23.0698   11.34218 9.4122e+01      1.648 0.0000e+00
         58 228.431473    0.00396     0.2375     14.250  1023.0871  47700.880    30.4389      1.679    6.25001    11.8119    11.8334    23.0795   11.34429 9.2742e+01      1.695 0.0000e+00
         59 228.431476    0.00403     0.2417     14.500  1023.0956  47713.778    30.4469      1.733    6.25118    11.8019    11.8222    23.0877   11.34614 9.0995e+01      1.749 0.0000e+00
         60 228.431479    0.00410     0.2458     14.750  1023.1029  47724.655    30.4536      1.801    6.25225    11.7905    11.8122    23.0947   11.34783 8.8827e+01      1.818 0.0000e+00
         61 228.431481    0.00417     0.2500     15.000  1023.1098  47734.637    30.4596      1.883    6.25334    11.7771    11.8021    23.1012   11.34958 8.6595e+01      1.901 0.0000e+00
         62 228.431484    0.00424     0.2542     15.250  1023.1171  47745.235    30.4659      1.970    6.25460    11.7611    11.7908    23.1082   11.35159 8.4780e+01      1.988 0.0000e+00
         63 228.431487    0.00431     0.2583     15.500  1023.1253  47756.968    30.4728      2.049    6.25612    11.7424    11.7773    23.1160   11.35402 8.3557e+01      2.069 0.0000e+00
         64 228.431490    0.00438     0.2625     15.750  1023.1342  47769.742    30.4803      2.119    6.25794    11.7211    11.7614    23.1246   11.35697 8.2993e+01      2.139 0.0000e+00
         65 228.431493    0.00444     0.2667     16.000  1023.1444  47784.335    30.4887      2.178    6.26009    11.6982    11.7427    23.1345   11.36044 8.3253e+01      2.199 0.0000e+00
         66 228.431496    0.00451     0.2708     16.250  1023.1566  47802.218    30.4992      2.227    6.26252    11.6752    11.7214    23.1464   11.36434 8.4344e+01      2.248 0.0000e+00
         67 228.431499    0.00458     0.2750     16.500  1023.1707  47823.476    30.5119      2.264    6.26507    11.6531    11.6984    23.1604   11.36843 8.6008e+01      2.286 0.0000e+00
         68 228.431502    0.00465     0.2792     16.750  1023.1855  47845.915    30.5254      2.289    6.26760    11.6321    11.6755    23.1750   11.37246 8.7985e+01      2.311 0.0000e+00
         69 228.431505    0.00472     0.2833     17.000  1023.1998  47867.830    30.5387      2.304    6.27002    11.6124    11.6534    23.1893   11.37632 9.0123e+01      2.326 0.0000e+00
         70 228.431508    0.00479     0.2875     17.250  1023.2135  47888.996    30.5515      2.310    6.27231    11.5943    11.6324    23.2030   11.37998 9.2311e+01      2.332 0.0000e+00
         71 228.431510    0.00486     0.2917     17.500  1023.2264  47908.913    30.5636      2.308    6.27446    11.5779    11.6127    23.2159   11.38339 9.4447e+01      2.330 0.0000e+00
         72 228.431513    0.00493     0.2958     17.750  1023.2381  47927.000    30.5746      2.300    6.27645    11.5639    11.5946    23.2276   11.38657 9.6478e+01      2.322 0.0000e+00
         73 228.431516    0.00500     0.3000     18.000  1023.2486  47943.262    30.5845      2.287    6.27825    11.5529    11.5782    23.2382   11.38943 9.8425e+01      2.309 0.0000e+00
         74 228.431519    0.00507     0.3042     18.250  1023.2578  47957.592    30.5932      2.271    6.27978    11.5451    11.5642    23.2475   11.39187 1.0024e+02      2.292 0.0000e+00
         75 228.431522    0.00514     0.3083     18.500  1023.2653  47969.519    30.6005      2.254    6.28096    11.5406    11.5532    23.2551   11.39375 1.0178e+02      2.275 0.0000e+00
         76 228.431525    0.00521     0.3125     18.750  1023.2711  47978.861    30.6063      2.240    6.28177    11.5388    11.5454    23.2610   11.39502 1.0297e+02      2.261 0.0000e+00
         77 228.431528    0.00528     0.3167     19.000  1023.2753  47985.751    30.6107      2.231    6.28220    11.5391    11.5409    23.2652   11.39569 1.0380e+02      2.252 0.0000e+00
         78 228.431531    0.00535     0.3208     19.250  1023.2780  47990.246    30.6137      2.225    6.28232    11.5407    11.5391    23.2679   11.39585 1.0420e+02      2.246 0.0000e+00
         79 228.431534    0.00542     0.3250     19.500  1023.2790  47992.138    30.6150      2.221    6.28223    11.5428    11.5394    23.2689   11.39568 1.0418e+02      2.242 0.0000e+00
         80 228.431536    0.00549     0.3292     19.750  1023.2784  47991.481    30.6147      2.221    6.28203    11.5451    11.5409    23.2684   11.39535 1.0380e+02      2.242 0.0000e+00
         81 228.431539    0.00556     0.3333     20.000  1023.2771  47989.392    30.6135      2.227    6.28178    11.5469    11.5431    23.2670   11.39496 1.0322e+02      2.248 0.0000e+00
         82 228.431542    0.00562     0.3375     20.250  1023.2759  47987.449    30.6123      2.242    6.28153    11.5481    11.5454    23.2657   11.39456 1.0250e+02      2.263 0.0000e+00
         83 228.431545    0.00569     0.3417     20.500  1023.2756  47986.985    30.6122      2.264    6.28128    11.5485    11.5472    23.2652   11.39415 1.0165e+02      2.285 0.0000e+00
         84 228.431548    0.00576     0.3458     20.750  1023.2767  47989.096    30.6138      2.285    6.28107    11.5482    11.5484    23.2663   11.39377 1.0079e+02      2.306 0.0000e+00
         85 228.431551    0.00583     0.3500     21.000  1023.2791  47993.480    30.6169      2.298    6.28089    11.5475    11.5487    23.2687   11.39345 1.0012e+02      2.320 0.0000e+00
