CTD-processing/allCTD/CNV--homogene/2012_04-10_t9_s10_cast294.cnv
* Sea-Bird SBE19plus Data File:
* FileName = C:\Documents and Settings\glenn.seaman\My Documents\KHolderied-files\CTD-DATA-FILES\2011-KBay-CTD\2012-04-10-HomerSpit-CTD\2012-04-10-HomerSpit-cast294.hex
* Software Version 1.59
* Temperature SN =  5028
* Conductivity SN =  5028
* System UpLoad Time = Apr 29 2012 21:01:29
** Cruise: Homer Spit Transect
** Date: 2012-04-10
** Station: 10
** Start time (AKDT): 1915
** Depth (feet): 206
# nquan = 17
# nvalues = 513                         
# units = specified
# name 0 = scan: Scan Count
# name 1 = timeJ: Julian Days
# name 2 = timeH: Time, Elapsed [hours]
# name 3 = timeM: Time, Elapsed [minutes]
# name 4 = timeS: Time, Elapsed [seconds]
# name 5 = density00: Density [density, kg/m^3]
# name 6 = specc: Specific Conductance [uS/cm]
# name 7 = sal00: Salinity, Practical [PSU]
# name 8 = depSM: Depth [salt water, m], lat = 59.00
# name 9 = oxsolML/L: Oxygen Saturation, Garcia & Gordon [ml/l]
# name 10 = potemp090C: Potential Temperature [ITS-90, deg C]
# name 11 = tv290C: Temperature [ITS-90, deg C]
# name 12 = sigma-é00: Density [sigma-theta, kg/m^3]
# name 13 = n2satML/L: Nitrogen Saturation [ml/l]
# name 14 = par: PAR/Irradiance, Biospherical/Licor [umol photons/m^2/sec]
# name 15 = prdM: Pressure, Strain Gauge [db]
# name 16 = flag:  0.000e+00
# span 0 =          1,        513       
# span 1 = 102.136840, 102.138322       
# span 2 =    0.00000,    0.03556       
# span 3 =     0.0000,     2.1333       
# span 4 =      0.000,    128.000       
# span 5 =  1003.2821,  1025.5512       
# span 6 =   7786.132,  51800.979       
# span 7 =     4.1257,    31.7379       
# span 8 =     -0.086,     58.467       
# span 9 =    7.59048,    9.14011       
# span 10 =     2.8384,     3.0928      
# span 11 =     2.8384,     3.0928      
# span 12 =     3.2824,    25.2841      
# span 13 =   13.54523,   16.52891      
# span 14 = 3.7490e-02, 1.0994e+03      
# span 15 =     -0.087,     59.027      
# span 16 = 0.0000e+00, 0.0000e+00      
# interval = seconds: 0.25
# start_time = Apr 11 2012 03:17:03 [Instrument's time stamp, header]
# bad_flag = -9.990e-29
*END*
[from data line 171]
        172 102.137335    0.01188     0.7125     42.750  1024.9330  51125.413    31.2829      0.776    7.63841     2.8738     2.8726    24.9293   13.63021 2.5804e+02      0.783 0.0000e+00
        173 102.137338    0.01194     0.7167     43.000  1024.9319  51123.151    31.2815      0.780    7.63835     2.8743     2.8733    24.9281   13.63013 2.5218e+02      0.788 0.0000e+00
        174 102.137341    0.01201     0.7208     43.250  1024.9311  51121.494    31.2806      0.786    7.63829     2.8747     2.8738    24.9273   13.63003 2.3935e+02      0.794 0.0000e+00
        175 102.137344    0.01208     0.7250     43.500  1024.9311  51121.371    31.2806      0.792    7.63819     2.8751     2.8743    24.9273   13.62987 2.2489e+02      0.799 0.0000e+00
        176 102.137347    0.01215     0.7292     43.750  1024.9319  51122.725    31.2816      0.795    7.63806     2.8753     2.8748    24.9281   13.62964 2.1395e+02      0.802 0.0000e+00
        177 102.137350    0.01222     0.7333     44.000  1024.9329  51124.612    31.2830      0.796    7.63792     2.8756     2.8751    24.9291   13.62940 2.1425e+02      0.803 0.0000e+00
        178 102.137352    0.01229     0.7375     44.250  1024.9338  51126.221    31.2842      0.794    7.63781     2.8758     2.8754    24.9300   13.62919 2.2331e+02      0.802 0.0000e+00
        179 102.137355    0.01236     0.7417     44.500  1024.9345  51127.376    31.2850      0.792    7.63771     2.8760     2.8757    24.9307   13.62903 2.2397e+02      0.800 0.0000e+00
        180 102.137358    0.01243     0.7458     44.750  1024.9350  51128.188    31.2856      0.790    7.63764     2.8761     2.8759    24.9312   13.62890 2.1671e+02      0.798 0.0000e+00
        181 102.137361    0.01250     0.7500     45.000  1024.9353  51128.737    31.2860      0.789    7.63758     2.8763     2.8760    24.9315   13.62881 2.1700e+02      0.797 0.0000e+00
        182 102.137364    0.01257     0.7542     45.250  1024.9355  51129.113    31.2863      0.788    7.63754     2.8765     2.8762    24.9317   13.62873 2.2660e+02      0.795 0.0000e+00
        183 102.137367    0.01264     0.7583     45.500  1024.9357  51129.484    31.2866      0.786    7.63750     2.8767     2.8763    24.9320   13.62865 2.4398e+02      0.794 0.0000e+00
        184 102.137370    0.01271     0.7625     45.750  1024.9359  51129.888    31.2870      0.783    7.63745     2.8769     2.8765    24.9322   13.62857 2.6441e+02      0.791 0.0000e+00
        185 102.137373    0.01278     0.7667     46.000  1024.9360  51130.051    31.2871      0.780    7.63740     2.8771     2.8767    24.9323   13.62848 2.7867e+02      0.787 0.0000e+00
        186 102.137376    0.01285     0.7708     46.250  1024.9357  51129.499    31.2868      0.776    7.63737     2.8773     2.8770    24.9321   13.62844 2.8408e+02      0.784 0.0000e+00
        187 102.137378    0.01292     0.7750     46.500  1024.9349  51127.871    31.2858      0.775    7.63738     2.8775     2.8772    24.9312   13.62847 2.7013e+02      0.783 0.0000e+00
        188 102.137381    0.01299     0.7792     46.750  1024.9335  51125.165    31.2840      0.778    7.63744     2.8776     2.8774    24.9298   13.62859 2.4117e+02      0.786 0.0000e+00
        189 102.137384    0.01306     0.7833     47.000  1024.9318  51121.930    31.2818      0.786    7.63752     2.8776     2.8775    24.9280   13.62876 2.1998e+02      0.794 0.0000e+00
        190 102.137387    0.01313     0.7875     47.250  1024.9305  51119.388    31.2801      0.797    7.63760     2.8776     2.8776    24.9267   13.62890 2.1061e+02      0.804 0.0000e+00
        191 102.137390    0.01319     0.7917     47.500  1024.9302  51118.791    31.2797      0.806    7.63762     2.8778     2.8776    24.9264   13.62894 2.0825e+02      0.813 0.0000e+00
        192 102.137393    0.01326     0.7958     47.750  1024.9310  51120.354    31.2808      0.810    7.63756     2.8784     2.8776    24.9272   13.62883 2.1259e+02      0.818 0.0000e+00
        193 102.137396    0.01333     0.8000     48.000  1024.9324  51122.846    31.2825      0.807    7.63743     2.8795     2.8778    24.9286   13.62859 2.1830e+02      0.815 0.0000e+00
        194 102.137399    0.01340     0.8042     48.250  1024.9333  51124.404    31.2837      0.797    7.63725     2.8811     2.8784    24.9295   13.62828 2.1966e+02      0.805 0.0000e+00
        195 102.137402    0.01347     0.8083     48.500  1024.9330  51123.628    31.2835      0.784    7.63704     2.8828     2.8796    24.9292   13.62794 2.1622e+02      0.791 0.0000e+00
        196 102.137405    0.01354     0.8125     48.750  1024.9312  51120.011    31.2815      0.772    7.63684     2.8839     2.8812    24.9275   13.62764 2.1180e+02      0.779 0.0000e+00
        197 102.137407    0.01361     0.8167     49.000  1024.9282  51114.236    31.2781      0.764    7.63670     2.8841     2.8828    24.9246   13.62746 2.0867e+02      0.771 0.0000e+00
        198 102.137410    0.01368     0.8208     49.250  1024.9250  51108.062    31.2742      0.765    7.63669     2.8832     2.8840    24.9214   13.62748 2.0473e+02      0.772 0.0000e+00
        199 102.137413    0.01375     0.8250     49.500  1024.9228  51103.734    31.2713      0.773    7.63680     2.8813     2.8842    24.9191   13.62771 2.0360e+02      0.781 0.0000e+00
        200 102.137416    0.01382     0.8292     49.750  1024.9224  51103.158    31.2707      0.787    7.63701     2.8790     2.8833    24.9187   13.62806 2.0528e+02      0.794 0.0000e+00
        201 102.137419    0.01389     0.8333     50.000  1024.9242  51106.956    31.2728      0.799    7.63727     2.8771     2.8813    24.9205   13.62846 2.0593e+02      0.807 0.0000e+00
        202 102.137422    0.01396     0.8375     50.250  1024.9276  51113.688    31.2767      0.808    7.63750     2.8761     2.8790    24.9238   13.62880 2.0816e+02      0.815 0.0000e+00
        203 102.137425    0.01403     0.8417     50.500  1024.9311  51120.579    31.2809      0.810    7.63764     2.8761     2.8772    24.9273   13.62897 2.1288e+02      0.817 0.0000e+00
        204 102.137428    0.01410     0.8458     50.750  1024.9337  51125.662    31.2840      0.806    7.63766     2.8767     2.8762    24.9299   13.62896 2.1998e+02      0.813 0.0000e+00
        205 102.137431    0.01417     0.8500     51.000  1024.9351  51128.445    31.2859      0.799    7.63758     2.8777     2.8761    24.9314   13.62879 2.2583e+02      0.806 0.0000e+00
        206 102.137433    0.01424     0.8542     51.250  1024.9356  51129.241    31.2866      0.791    7.63742     2.8789     2.8768    24.9319   13.62853 2.2468e+02      0.798 0.0000e+00
        207 102.137436    0.01431     0.8583     51.500  1024.9354  51128.625    31.2864      0.783    7.63723     2.8802     2.8778    24.9317   13.62822 2.2001e+02      0.790 0.0000e+00
        208 102.137439    0.01438     0.8625     51.750  1024.9346  51127.005    31.2857      0.775    7.63704     2.8812     2.8790    24.9310   13.62792 2.1698e+02      0.782 0.0000e+00
        209 102.137442    0.01444     0.8667     52.000  1024.9334  51124.559    31.2844      0.769    7.63688     2.8820     2.8802    24.9298   13.62766 2.1455e+02      0.776 0.0000e+00
        210 102.137445    0.01451     0.8708     52.250  1024.9319  51121.372    31.2825      0.766    7.63677     2.8821     2.8813    24.9282   13.62751 2.1494e+02      0.773 0.0000e+00
        211 102.137448    0.01458     0.8750     52.500  1024.9299  51117.525    31.2801      0.770    7.63676     2.8815     2.8820    24.9263   13.62752 2.2108e+02      0.777 0.0000e+00
        212 102.137451    0.01465     0.8792     52.750  1024.9278  51113.459    31.2774      0.780    7.63687     2.8802     2.8821    24.9241   13.62775 2.2868e+02      0.787 0.0000e+00
        213 102.137454    0.01472     0.8833     53.000  1024.9262  51110.463    31.2752      0.796    7.63710     2.8783     2.8815    24.9224   13.62814 2.3743e+02      0.804 0.0000e+00
        214 102.137457    0.01479     0.8875     53.250  1024.9260  51110.327    31.2747      0.814    7.63737     2.8765     2.8802    24.9221   13.62860 2.5062e+02      0.822 0.0000e+00
        215 102.137459    0.01486     0.8917     53.500  1024.9278  51114.024    31.2767      0.826    7.63762     2.8757     2.8784    24.9238   13.62900 2.6083e+02      0.834 0.0000e+00
        216 102.137462    0.01493     0.8958     53.750  1024.9309  51120.152    31.2804      0.828    7.63778     2.8766     2.8766    24.9269   13.62920 2.6497e+02      0.836 0.0000e+00
        217 102.137465    0.01500     0.9000     54.000  1024.9335  51125.231    31.2836      0.817    7.63776     2.8790     2.8758    24.9295   13.62912 2.7400e+02      0.824 0.0000e+00
        218 102.137468    0.01507     0.9042     54.250  1024.9340  51126.103    31.2844      0.795    7.63755     2.8819     2.8767    24.9301   13.62877 2.8253e+02      0.802 0.0000e+00
        219 102.137471    0.01514     0.9083     54.500  1024.9318  51121.706    31.2821      0.769    7.63722     2.8841     2.8790    24.9281   13.62826 2.7717e+02      0.776 0.0000e+00
        220 102.137474    0.01521     0.9125     54.750  1024.9276  51113.287    31.2772      0.747    7.63692     2.8848     2.8819    24.9240   13.62784 2.6467e+02      0.754 0.0000e+00
        221 102.137477    0.01528     0.9167     55.000  1024.9226  51103.571    31.2713      0.738    7.63681     2.8833     2.8841    24.9190   13.62773 2.5235e+02      0.745 0.0000e+00
        222 102.137480    0.01535     0.9208     55.250  1024.9184  51095.652    31.2661      0.746    7.63696     2.8798     2.8848    24.9148   13.62804 2.3918e+02      0.753 0.0000e+00
        223 102.137483    0.01542     0.9250     55.500  1024.9163  51091.933    31.2632      0.768    7.63740     2.8753     2.8833    24.9126   13.62880 2.2823e+02      0.775 0.0000e+00
        224 102.137486    0.01549     0.9292     55.750  1024.9170  51093.906    31.2636      0.795    7.63805     2.8713     2.8798    24.9132   13.62987 2.2618e+02      0.803 0.0000e+00
        225 102.137488    0.01556     0.9333     56.000  1024.9209  51102.062    31.2679      0.819    7.63868     2.8689     2.8753    24.9170   13.63085 2.3607e+02      0.827 0.0000e+00
        226 102.137491    0.01563     0.9375     56.250  1024.9269  51114.033    31.2749      0.831    7.63908     2.8688     2.8713    24.9229   13.63141 2.5487e+02      0.839 0.0000e+00
        227 102.137494    0.01569     0.9417     56.500  1024.9323  51124.670    31.2814      0.828    7.63919     2.8711     2.8689    24.9284   13.63151 2.7702e+02      0.836 0.0000e+00
        228 102.137497    0.01576     0.9458     56.750  1024.9348  51129.432    31.2846      0.811    7.63903     2.8747     2.8688    24.9309   13.63121 3.0107e+02      0.819 0.0000e+00
        229 102.137500    0.01583     0.9500     57.000  1024.9336  51126.837    31.2835      0.787    7.63865     2.8783     2.8711    24.9298   13.63059 3.0941e+02      0.794 0.0000e+00
        230 102.137503    0.01590     0.9542     57.250  1024.9295  51118.545    31.2789      0.763    7.63820     2.8807     2.8748    24.9259   13.62991 2.8706e+02      0.770 0.0000e+00
        231 102.137506    0.01597     0.9583     57.500  1024.9241  51107.837    31.2726      0.748    7.63785     2.8815     2.8783    24.9206   13.62942 2.6069e+02      0.754 0.0000e+00
        232 102.137509    0.01604     0.9625     57.750  1024.9192  51098.160    31.2667      0.745    7.63770     2.8806     2.8807    24.9157   13.62925 2.4900e+02      0.752 0.0000e+00
        233 102.137512    0.01611     0.9667     58.000  1024.9161  51092.125    31.2628      0.756    7.63774     2.8783     2.8816    24.9125   13.62938 2.4180e+02      0.762 0.0000e+00
        234 102.137514    0.01618     0.9708     58.250  1024.9153  51090.741    31.2616      0.777    7.63797     2.8751     2.8807    24.9116   13.62977 2.3311e+02      0.784 0.0000e+00
        235 102.137517    0.01625     0.9750     58.500  1024.9167  51093.662    31.2630      0.802    7.63835     2.8720     2.8783    24.9129   13.63038 2.2697e+02      0.810 0.0000e+00
        236 102.137520    0.01632     0.9792     58.750  1024.9199  51100.180    31.2665      0.826    7.63878     2.8700     2.8751    24.9160   13.63103 2.2599e+02      0.834 0.0000e+00
        237 102.137523    0.01639     0.9833     59.000  1024.9244  51109.045    31.2717      0.842    7.63908     2.8696     2.8721    24.9204   13.63147 2.2762e+02      0.850 0.0000e+00
        238 102.137526    0.01646     0.9875     59.250  1024.9287  51117.622    31.2769      0.846    7.63919     2.8708     2.8701    24.9247   13.63158 2.2715e+02      0.853 0.0000e+00
        239 102.137529    0.01653     0.9917     59.500  1024.9315  51122.868    31.2804      0.838    7.63911     2.8732     2.8696    24.9275   13.63139 2.2575e+02      0.845 0.0000e+00
        240 102.137532    0.01660     0.9958     59.750  1024.9317  51123.060    31.2808      0.823    7.63885     2.8757     2.8708    24.9277   13.63097 2.2545e+02      0.830 0.0000e+00
        241 102.137535    0.01667     1.0000     60.000  1024.9295  51118.482    31.2784      0.808    7.63852     2.8775     2.8732    24.9256   13.63045 2.2365e+02      0.815 0.0000e+00
        242 102.137538    0.01674     1.0042     60.250  1024.9257  51110.961    31.2740      0.799    7.63826     2.8781     2.8757    24.9219   13.63009 2.2706e+02      0.806 0.0000e+00
        243 102.137541    0.01681     1.0083     60.500  1024.9217  51103.120    31.2692      0.802    7.63817     2.8771     2.8775    24.9179   13.63000 2.3389e+02      0.810 0.0000e+00
        244 102.137543    0.01688     1.0125     60.750  1024.9190  51097.716    31.2656      0.820    7.63825     2.8751     2.8781    24.9151   13.63018 2.3655e+02      0.828 0.0000e+00
        245 102.137546    0.01694     1.0167     61.000  1024.9183  51096.526    31.2646      0.846    7.63849     2.8727     2.8772    24.9143   13.63058 2.3784e+02      0.854 0.0000e+00
        246 102.137549    0.01701     1.0208     61.250  1024.9200  51099.968    31.2664      0.873    7.63878     2.8709     2.8751    24.9158   13.63105 2.3543e+02      0.882 0.0000e+00
        247 102.137552    0.01708     1.0250     61.500  1024.9236  51107.079    31.2705      0.892    7.63901     2.8704     2.8728    24.9194   13.63137 2.2803e+02      0.901 0.0000e+00
        248 102.137555    0.01715     1.0292     61.750  1024.9277  51115.068    31.2755      0.897    7.63910     2.8715     2.8710    24.9235   13.63144 2.2091e+02      0.906 0.0000e+00
        249 102.137558    0.01722     1.0333     62.000  1024.9305  51120.450    31.2790      0.889    7.63901     2.8739     2.8705    24.9263   13.63125 2.1760e+02      0.898 0.0000e+00
        250 102.137561    0.01729     1.0375     62.250  1024.9310  51121.193    31.2798      0.872    7.63876     2.8765     2.8716    24.9268   13.63083 2.1874e+02      0.881 0.0000e+00
        251 102.137564    0.01736     1.0417     62.500  1024.9293  51117.650    31.2780      0.851    7.63840     2.8788     2.8739    24.9252   13.63027 2.2124e+02      0.860 0.0000e+00
        252 102.137567    0.01743     1.0458     62.750  1024.9263  51111.625    31.2746      0.833    7.63807     2.8804     2.8766    24.9223   13.62976 2.2023e+02      0.841 0.0000e+00
        253 102.137569    0.01750     1.0500     63.000  1024.9229  51104.907    31.2707      0.820    7.63784     2.8811     2.8789    24.9190   13.62944 2.1858e+02      0.828 0.0000e+00
        254 102.137572    0.01757     1.0542     63.250  1024.9198  51098.667    31.2669      0.815    7.63775     2.8812     2.8804    24.9159   13.62933 2.1984e+02      0.823 0.0000e+00
        255 102.137575    0.01764     1.0583     63.500  1024.9170  51093.375    31.2635      0.820    7.63778     2.8806     2.8812    24.9131   13.62943 2.2321e+02      0.828 0.0000e+00
