CTD-processing/allCTD/CNV--homogene/2012_07-29_t3_s07_cast051.cnv
* Sea-Bird SBE19plus Data File:
* FileName = C:\Documents and Settings\kris.holderied.local\My Documents\2012-07-EVOS-CookInlet-Ocean\2012-07-29-Tran3-CookInlet-LTM-cast051.hex
* Software Version 1.54
* Temperature SN =  4141
* Conductivity SN =  4141
* System UpLoad Time = Jul 29 2012 20:30:23
** Cook Inlet LTM Transect 3 from Anchor Pt west
** Date:  2012-07-29
** Station:  3-07
** Start time (AKDT-24 hr): 1737
** Depth (m): 110
** CTD time 1 hr later than AKDT.  Secchi depth=3.1m
# nquan = 17
# nvalues = 689                         
# units = specified
# name 0 = scan: Scan Count
# name 1 = timeJ: Julian Days
# name 2 = timeH: Time, Elapsed [hours]
# name 3 = timeM: Time, Elapsed [minutes]
# name 4 = timeS: Time, Elapsed [seconds]
# name 5 = density00: Density [density, kg/m^3]
# name 6 = specc: Specific Conductance [uS/cm]
# name 7 = sal00: Salinity, Practical [PSU]
# name 8 = depSM: Depth [salt water, m], lat = 59.00
# name 9 = oxsolML/L: Oxygen Saturation, Garcia & Gordon [ml/l]
# name 10 = potemp090C: Potential Temperature [ITS-90, deg C]
# name 11 = tv290C: Temperature [ITS-90, deg C]
# name 12 = sigma-é00: Density [sigma-theta, kg/m^3]
# name 13 = n2satML/L: Nitrogen Saturation [ml/l]
# name 14 = par: PAR/Irradiance, Biospherical/Licor
# name 15 = prdM: Pressure, Strain Gauge [db]
# name 16 = flag:  0.000e+00
# span 0 =          1,        689       
# span 1 = 211.777095, 211.779086       
# span 2 =    0.00000,    0.04778       
# span 3 =     0.0000,     2.8667       
# span 4 =      0.000,    172.000       
# span 5 =  1000.1672,  1024.0112       
# span 6 =   1290.345,  48475.305       
# span 7 =     0.7698,    30.6912       
# span 8 =     -0.044,     75.453       
# span 9 =    6.41495,    7.61709       
# span 10 =     9.5266,    11.3589      
# span 11 =     9.5346,    11.3628      
# span 12 =     0.1674,    23.6651      
# span 13 =   11.63990,   14.02131      
# span 14 = 4.4847e-02, 1.6680e+02      
# span 15 =     -0.044,     76.179      
# span 16 = 0.0000e+00, 0.0000e+00      
# interval = seconds: 0.25
# start_time = Jul 29 2012 18:39:01 [Instrument's time stamp, header]
# bad_flag = -9.990e-29
*END*
[from data line 341]
        342 211.778082    0.02368     1.4208     85.250  1022.6712  46618.134    29.5229     13.644    6.47833    10.4324    10.4355    22.6087   11.73391 1.4143e+00     13.773 0.0000e+00
        343 211.778084    0.02375     1.4250     85.500  1022.6725  46618.817    29.5232     13.837    6.47841    10.4314    10.4348    22.6091   11.73405 1.3294e+00     13.968 0.0000e+00
        344 211.778087    0.02382     1.4292     85.750  1022.6738  46619.700    29.5237     14.031    6.47851    10.4303    10.4340    22.6096   11.73421 1.2468e+00     14.164 0.0000e+00
        345 211.778090    0.02389     1.4333     86.000  1022.6754  46620.815    29.5243     14.228    6.47862    10.4291    10.4330    22.6102   11.73439 1.1668e+00     14.363 0.0000e+00
        346 211.778093    0.02396     1.4375     86.250  1022.6771  46622.214    29.5251     14.427    6.47875    10.4279    10.4319    22.6110   11.73459 1.0906e+00     14.564 0.0000e+00
        347 211.778096    0.02403     1.4417     86.500  1022.6789  46623.846    29.5260     14.627    6.47887    10.4268    10.4307    22.6119   11.73478 1.0187e+00     14.766 0.0000e+00
        348 211.778099    0.02410     1.4458     86.750  1022.6809  46625.708    29.5271     14.825    6.47899    10.4256    10.4296    22.6130   11.73496 9.5167e-01     14.966 0.0000e+00
        349 211.778102    0.02417     1.4500     87.000  1022.6831  46628.039    29.5285     15.022    6.47909    10.4241    10.4285    22.6143   11.73511 8.8998e-01     15.165 0.0000e+00
        350 211.778105    0.02424     1.4542     87.250  1022.6857  46631.097    29.5305     15.217    6.47918    10.4223    10.4273    22.6160   11.73524 8.3370e-01     15.362 0.0000e+00
        351 211.778108    0.02431     1.4583     87.500  1022.6887  46634.840    29.5328     15.409    6.47929    10.4202    10.4258    22.6181   11.73539 7.8268e-01     15.555 0.0000e+00
        352 211.778111    0.02438     1.4625     87.750  1022.6919  46639.098    29.5355     15.598    6.47943    10.4181    10.4240    22.6205   11.73559 7.3634e-01     15.746 0.0000e+00
        353 211.778113    0.02444     1.4667     88.000  1022.6954  46643.726    29.5385     15.784    6.47959    10.4160    10.4220    22.6231   11.73583 6.9441e-01     15.933 0.0000e+00
        354 211.778116    0.02451     1.4708     88.250  1022.6990  46648.549    29.5416     15.968    6.47976    10.4138    10.4198    22.6259   11.73608 6.5639e-01     16.120 0.0000e+00
        355 211.778119    0.02458     1.4750     88.500  1022.7026  46653.358    29.5446     16.152    6.47994    10.4119    10.4177    22.6286   11.73633 6.2135e-01     16.306 0.0000e+00
        356 211.778122    0.02465     1.4792     88.750  1022.7060  46657.868    29.5475     16.337    6.48012    10.4102    10.4156    22.6312   11.73660 5.8852e-01     16.492 0.0000e+00
        357 211.778125    0.02472     1.4833     89.000  1022.7090  46661.753    29.5499     16.523    6.48029    10.4089    10.4137    22.6334   11.73685 5.5705e-01     16.679 0.0000e+00
        358 211.778128    0.02479     1.4875     89.250  1022.7117  46664.941    29.5519     16.711    6.48044    10.4078    10.4121    22.6352   11.73707 5.2671e-01     16.869 0.0000e+00
        359 211.778131    0.02486     1.4917     89.500  1022.7141  46667.618    29.5535     16.902    6.48056    10.4068    10.4108    22.6367   11.73725 4.9791e-01     17.062 0.0000e+00
        360 211.778134    0.02493     1.4958     89.750  1022.7163  46669.928    29.5549     17.095    6.48065    10.4059    10.4097    22.6380   11.73739 4.7077e-01     17.256 0.0000e+00
        361 211.778137    0.02500     1.5000     90.000  1022.7183  46672.049    29.5562     17.285    6.48073    10.4050    10.4088    22.6392   11.73750 4.4526e-01     17.448 0.0000e+00
        362 211.778139    0.02507     1.5042     90.250  1022.7204  46674.249    29.5576     17.471    6.48079    10.4040    10.4079    22.6404   11.73759 4.2127e-01     17.636 0.0000e+00
        363 211.778142    0.02514     1.5083     90.500  1022.7226  46676.718    29.5592     17.654    6.48086    10.4026    10.4070    22.6417   11.73768 3.9847e-01     17.821 0.0000e+00
        364 211.778145    0.02521     1.5125     90.750  1022.7250  46679.712    29.5611     17.832    6.48092    10.4007    10.4060    22.6434   11.73776 3.7679e-01     18.001 0.0000e+00
        365 211.778148    0.02528     1.5167     91.000  1022.7281  46683.730    29.5637     18.006    6.48101    10.3979    10.4046    22.6457   11.73787 3.5632e-01     18.177 0.0000e+00
        366 211.778151    0.02535     1.5208     91.250  1022.7320  46689.383    29.5674     18.177    6.48112    10.3941    10.4027    22.6488   11.73802 3.3713e-01     18.350 0.0000e+00
        367 211.778154    0.02542     1.5250     91.500  1022.7371  46697.027    29.5724     18.347    6.48131    10.3896    10.3999    22.6532   11.73827 3.1920e-01     18.521 0.0000e+00
        368 211.778157    0.02549     1.5292     91.750  1022.7431  46706.135    29.5783     18.518    6.48160    10.3849    10.3962    22.6584   11.73868 3.0242e-01     18.694 0.0000e+00
        369 211.778160    0.02556     1.5333     92.000  1022.7494  46715.554    29.5843     18.691    6.48199    10.3805    10.3917    22.6638   11.73925 2.8641e-01     18.869 0.0000e+00
        370 211.778163    0.02562     1.5375     92.250  1022.7555  46724.656    29.5901     18.869    6.48241    10.3763    10.3870    22.6691   11.73987 2.7075e-01     19.048 0.0000e+00
        371 211.778166    0.02569     1.5417     92.500  1022.7614  46733.537    29.5957     19.050    6.48279    10.3720    10.3826    22.6742   11.74044 2.5550e-01     19.231 0.0000e+00
        372 211.778168    0.02576     1.5458     92.750  1022.7675  46742.540    29.6015     19.238    6.48314    10.3671    10.3784    22.6794   11.74096 2.4117e-01     19.420 0.0000e+00
        373 211.778171    0.02583     1.5500     93.000  1022.7740  46752.313    29.6078     19.430    6.48349    10.3611    10.3741    22.6850   11.74147 2.2807e-01     19.615 0.0000e+00
        374 211.778174    0.02590     1.5542     93.250  1022.7816  46764.042    29.6154     19.627    6.48387    10.3532    10.3693    22.6917   11.74199 2.1593e-01     19.814 0.0000e+00
        375 211.778177    0.02597     1.5583     93.500  1022.7910  46778.874    29.6250     19.827    6.48432    10.3436    10.3632    22.7002   11.74263 2.0437e-01     20.015 0.0000e+00
        376 211.778180    0.02604     1.5625     93.750  1022.8023  46796.946    29.6367     20.029    6.48494    10.3332    10.3554    22.7106   11.74351 1.9355e-01     20.219 0.0000e+00
        377 211.778183    0.02611     1.5667     94.000  1022.8147  46816.854    29.6495     20.231    6.48577    10.3232    10.3458    22.7221   11.74474 1.8361e-01     20.423 0.0000e+00
        378 211.778186    0.02618     1.5708     94.250  1022.8270  46836.239    29.6618     20.431    6.48674    10.3148    10.3354    22.7334   11.74620 1.7441e-01     20.625 0.0000e+00
        379 211.778189    0.02625     1.5750     94.500  1022.8378  46853.206    29.6725     20.626    6.48770    10.3081    10.3255    22.7433   11.74767 1.6586e-01     20.822 0.0000e+00
        380 211.778192    0.02632     1.5792     94.750  1022.8467  46866.933    29.6811     20.816    6.48854    10.3030    10.3170    22.7514   11.74895 1.5794e-01     21.014 0.0000e+00
        381 211.778194    0.02639     1.5833     95.000  1022.8538  46877.496    29.6877     21.000    6.48921    10.2992    10.3104    22.7576   11.74998 1.5071e-01     21.199 0.0000e+00
        382 211.778197    0.02646     1.5875     95.250  1022.8593  46885.442    29.6926     21.179    6.48972    10.2962    10.3053    22.7623   11.75078 1.4413e-01     21.379 0.0000e+00
        383 211.778200    0.02653     1.5917     95.500  1022.8636  46891.402    29.6963     21.353    6.49011    10.2939    10.3015    22.7657   11.75138 1.3803e-01     21.555 0.0000e+00
        384 211.778203    0.02660     1.5958     95.750  1022.8670  46895.993    29.6991     21.524    6.49041    10.2919    10.2986    22.7684   11.75184 1.3227e-01     21.728 0.0000e+00
        385 211.778206    0.02667     1.6000     96.000  1022.8699  46899.768    29.7014     21.693    6.49064    10.2901    10.2962    22.7706   11.75220 1.2679e-01     21.898 0.0000e+00
        386 211.778209    0.02674     1.6042     96.250  1022.8727  46903.190    29.7035     21.861    6.49082    10.2881    10.2943    22.7726   11.75248 1.2157e-01     22.069 0.0000e+00
        387 211.778212    0.02681     1.6083     96.500  1022.8754  46906.632    29.7056     22.033    6.49099    10.2858    10.2925    22.7745   11.75273 1.1666e-01     22.242 0.0000e+00
        388 211.778215    0.02688     1.6125     96.750  1022.8784  46910.448    29.7080     22.212    6.49117    10.2831    10.2906    22.7767   11.75299 1.1193e-01     22.423 0.0000e+00
        389 211.778218    0.02694     1.6167     97.000  1022.8819  46914.952    29.7109     22.406    6.49138    10.2804    10.2883    22.7793   11.75331 1.0713e-01     22.619 0.0000e+00
        390 211.778220    0.02701     1.6208     97.250  1022.8857  46919.940    29.7140     22.613    6.49164    10.2779    10.2856    22.7821   11.75369 1.0230e-01     22.828 0.0000e+00
        391 211.778223    0.02708     1.6250     97.500  1022.8894  46924.738    29.7169     22.823    6.49190    10.2756    10.2829    22.7849   11.75409 9.7863e-02     23.039 0.0000e+00
        392 211.778226    0.02715     1.6292     97.750  1022.8929  46929.053    29.7196     23.033    6.49214    10.2736    10.2804    22.7874   11.75446 9.3948e-02     23.251 0.0000e+00
        393 211.778229    0.02722     1.6333     98.000  1022.8961  46932.963    29.7220     23.246    6.49236    10.2718    10.2782    22.7896   11.75479 9.0373e-02     23.466 0.0000e+00
        394 211.778232    0.02729     1.6375     98.250  1022.8991  46936.494    29.7241     23.462    6.49255    10.2703    10.2762    22.7916   11.75508 8.6960e-02     23.684 0.0000e+00
        395 211.778235    0.02736     1.6417     98.500  1022.9019  46939.700    29.7261     23.678    6.49271    10.2689    10.2744    22.7934   11.75534 8.3749e-02     23.903 0.0000e+00
        396 211.778238    0.02743     1.6458     98.750  1022.9045  46942.679    29.7279     23.893    6.49285    10.2676    10.2729    22.7951   11.75555 8.0852e-02     24.119 0.0000e+00
        397 211.778241    0.02750     1.6500     99.000  1022.9071  46945.532    29.7297     24.101    6.49297    10.2661    10.2715    22.7967   11.75572 7.8215e-02     24.329 0.0000e+00
        398 211.778244    0.02757     1.6542     99.250  1022.9096  46948.481    29.7315     24.299    6.49308    10.2644    10.2702    22.7984   11.75588 7.5867e-02     24.530 0.0000e+00
        399 211.778247    0.02764     1.6583     99.500  1022.9124  46951.835    29.7336     24.487    6.49319    10.2621    10.2688    22.8002   11.75604 7.3843e-02     24.719 0.0000e+00
        400 211.778249    0.02771     1.6625     99.750  1022.9155  46955.922    29.7362     24.665    6.49333    10.2592    10.2671    22.8025   11.75624 7.2034e-02     24.899 0.0000e+00
        401 211.778252    0.02778     1.6667    100.000  1022.9192  46960.954    29.7394     24.834    6.49352    10.2559    10.2649    22.8054   11.75651 7.0379e-02     25.069 0.0000e+00
        402 211.778255    0.02785     1.6708    100.250  1022.9232  46966.753    29.7431     24.993    6.49377    10.2525    10.2620    22.8087   11.75689 6.8889e-02     25.230 0.0000e+00
        403 211.778258    0.02792     1.6750    100.500  1022.9274  46972.831    29.7469     25.146    6.49408    10.2492    10.2587    22.8122   11.75736 6.7543e-02     25.385 0.0000e+00
        404 211.778261    0.02799     1.6792    100.750  1022.9316  46978.805    29.7507     25.298    6.49441    10.2461    10.2553    22.8157   11.75786 6.6278e-02     25.539 0.0000e+00
        405 211.778264    0.02806     1.6833    101.000  1022.9356  46984.424    29.7541     25.456    6.49474    10.2434    10.2520    22.8189   11.75835 6.5028e-02     25.698 0.0000e+00
        406 211.778267    0.02813     1.6875    101.250  1022.9393  46989.525    29.7573     25.621    6.49504    10.2410    10.2489    22.8219   11.75881 6.3736e-02     25.864 0.0000e+00
        407 211.778270    0.02819     1.6917    101.500  1022.9427  46994.076    29.7601     25.794    6.49530    10.2389    10.2462    22.8246   11.75922 6.2475e-02     26.039 0.0000e+00
        408 211.778273    0.02826     1.6958    101.750  1022.9459  46998.137    29.7626     25.978    6.49554    10.2370    10.2439    22.8269   11.75958 6.1330e-02     26.225 0.0000e+00
        409 211.778275    0.02833     1.7000    102.000  1022.9489  47001.806    29.7649     26.173    6.49574    10.2353    10.2418    22.8290   11.75988 6.0241e-02     26.422 0.0000e+00
        410 211.778278    0.02840     1.7042    102.250  1022.9517  47005.200    29.7670     26.377    6.49591    10.2337    10.2399    22.8309   11.76015 5.9216e-02     26.627 0.0000e+00
        411 211.778281    0.02847     1.7083    102.500  1022.9545  47008.433    29.7690     26.587    6.49607    10.2321    10.2382    22.8327   11.76039 5.8268e-02     26.840 0.0000e+00
        412 211.778284    0.02854     1.7125    102.750  1022.9572  47011.523    29.7709     26.802    6.49622    10.2304    10.2366    22.8345   11.76062 5.7339e-02     27.056 0.0000e+00
        413 211.778287    0.02861     1.7167    103.000  1022.9599  47014.540    29.7727     27.017    6.49637    10.2287    10.2351    22.8362   11.76084 5.6436e-02     27.274 0.0000e+00
        414 211.778290    0.02868     1.7208    103.250  1022.9627  47017.687    29.7746     27.230    6.49652    10.2267    10.2334    22.8380   11.76107 5.5618e-02     27.489 0.0000e+00
        415 211.778293    0.02875     1.7250    103.500  1022.9656  47021.196    29.7768     27.438    6.49668    10.2244    10.2317    22.8399   11.76130 5.4928e-02     27.699 0.0000e+00
        416 211.778296    0.02882     1.7292    103.750  1022.9689  47025.393    29.7794     27.640    6.49684    10.2215    10.2298    22.8423   11.76154 5.4313e-02     27.902 0.0000e+00
        417 211.778299    0.02889     1.7333    104.000  1022.9727  47030.570    29.7827     27.836    6.49703    10.2180    10.2275    22.8452   11.76181 5.3742e-02     28.101 0.0000e+00
        418 211.778302    0.02896     1.7375    104.250  1022.9772  47036.836    29.7867     28.029    6.49726    10.2140    10.2246    22.8488   11.76216 5.3249e-02     28.296 0.0000e+00
        419 211.778304    0.02903     1.7417    104.500  1022.9822  47044.071    29.7913     28.219    6.49757    10.2098    10.2211    22.8529   11.76261 5.2761e-02     28.487 0.0000e+00
        420 211.778307    0.02910     1.7458    104.750  1022.9875  47051.721    29.7961     28.408    6.49794    10.2058    10.2171    22.8574   11.76316 5.2189e-02     28.678 0.0000e+00
        421 211.778310    0.02917     1.7500    105.000  1022.9926  47059.137    29.8007     28.597    6.49834    10.2021    10.2130    22.8617   11.76377 5.1615e-02     28.869 0.0000e+00
        422 211.778313    0.02924     1.7542    105.250  1022.9975  47066.033    29.8050     28.789    6.49873    10.1989    10.2090    22.8657   11.76437 5.1136e-02     29.062 0.0000e+00
        423 211.778316    0.02931     1.7583    105.500  1023.0021  47072.323    29.8089     28.985    6.49909    10.1959    10.2053    22.8693   11.76491 5.0731e-02     29.260 0.0000e+00
        424 211.778319    0.02937     1.7625    105.750  1023.0063  47078.123    29.8125     29.186    6.49940    10.1929    10.2021    22.8726   11.76539 5.0390e-02     29.464 0.0000e+00
        425 211.778322    0.02944     1.7667    106.000  1023.0105  47083.837    29.8161     29.394    6.49967    10.1896    10.1991    22.8759   11.76579 5.0089e-02     29.674 0.0000e+00
