CTD-processing/allCTD/CNV--homogene/2013_11-06_t6_s05_cast137.cnv
* Sea-Bird SBE19plus Data File:
* FileName = C:\Users\kris.holderied\Documents\kasitsna\Research-Projects-and-Data\Oceanography-AK\CTD-CookInlet-GulfWatchAK\2013-10-11-EVOSTC-CookInlet-Ocean\2013-11-06-CookInlet-Tran6-Douglas\2013-11-06-CookInlet-Tran6-cast137.hex
* Software Version 1.59
* Temperature SN =  5028
* Conductivity SN =  5028
* System UpLoad Time = Feb 14 2014 17:11:40
** Cook Inlet Transect 6 (Douglas) east to west
** Date: 2013-11-06
** Station: 6-05
** Start time: 09:02
** Depth (m): 102
** Comment:  CTD instrument time is AK Daylight time *1 hour off*
** Comment:
# nquan = 17
# nvalues = 617                         
# units = specified
# name 0 = scan: Scan Count
# name 1 = timeJ: Julian Days
# name 2 = timeH: Time, Elapsed [hours]
# name 3 = timeM: Time, Elapsed [minutes]
# name 4 = timeS: Time, Elapsed [seconds]
# name 5 = density00: Density [density, kg/m^3]
# name 6 = specc: Specific Conductance [uS/cm]
# name 7 = sal00: Salinity, Practical [PSU]
# name 8 = depSM: Depth [salt water, m], lat = 59.00
# name 9 = oxsolML/L: Oxygen Saturation, Garcia & Gordon [ml/l]
# name 10 = potemp090C: Potential Temperature [ITS-90, deg C]
# name 11 = tv290C: Temperature [ITS-90, deg C]
# name 12 = sigma-é00: Density [sigma-theta, kg/m^3]
# name 13 = n2satML/L: Nitrogen Saturation [ml/l]
# name 14 = par: PAR/Irradiance, Biospherical/Licor
# name 15 = prdM: Pressure, Strain Gauge [db]
# name 16 = flag:  0.000e+00
# span 0 =          1,        617       
# span 1 = 310.418229, 310.420012       
# span 2 =    0.00000,    0.04278       
# span 3 =     0.0000,     2.5667       
# span 4 =      0.000,    154.000       
# span 5 =  1000.0429,  1025.0728       
# span 6 =    212.917,  50191.948       
# span 7 =     0.0965,    31.7058       
# span 8 =     -0.002,     91.413       
# span 9 =    6.67350,    8.95285       
# span 10 =     4.8282,     8.6851      
# span 11 =     4.8282,     8.6915      
# span 12 =     0.0429,    24.6515      
# span 13 =   12.04015,   16.27928      
# span 14 = 4.0619e-02, 5.4758e+01      
# span 15 =     -0.002,     92.296      
# span 16 = 0.0000e+00, 0.0000e+00      
# interval = seconds: 0.25
# start_time = Nov 06 2013 10:02:15 [Instrument's time stamp, header]
# bad_flag = -9.990e-29
*END*
[from data line 256]
        257 310.418970    0.01778     1.0667     64.000  1023.9740  48868.039    30.7175      1.301    6.84909     7.6274     7.5979    23.9680   12.33352 1.4177e+01      1.313 0.0000e+00
        258 310.418973    0.01785     1.0708     64.250  1023.9696  48860.253    30.7145      1.295    6.84694     7.6426     7.6125    23.9636   12.33000 1.5207e+01      1.307 0.0000e+00
        259 310.418976    0.01792     1.0750     64.500  1023.9650  48852.055    30.7112      1.304    6.84474     7.6572     7.6275    23.9590   12.32639 1.6807e+01      1.317 0.0000e+00
        260 310.418979    0.01799     1.0792     64.750  1023.9605  48843.914    30.7079      1.329    6.84250     7.6705     7.6428    23.9543   12.32272 1.8605e+01      1.342 0.0000e+00
        261 310.418981    0.01806     1.0833     65.000  1023.9570  48837.412    30.7057      1.371    6.84031     7.6826     7.6574    23.9506   12.31913 1.9955e+01      1.384 0.0000e+00
        262 310.418984    0.01812     1.0875     65.250  1023.9554  48834.415    30.7057      1.427    6.83824     7.6960     7.6706    23.9488   12.31571 2.0451e+01      1.441 0.0000e+00
        263 310.418987    0.01819     1.0917     65.500  1023.9565  48836.101    30.7087      1.496    6.83620     7.7135     7.6828    23.9495   12.31231 2.0131e+01      1.510 0.0000e+00
        264 310.418990    0.01826     1.0958     65.750  1023.9597  48841.802    30.7148      1.572    6.83385     7.7367     7.6961    23.9524   12.30834 1.9033e+01      1.586 0.0000e+00
        265 310.418993    0.01833     1.1000     66.000  1023.9636  48848.739    30.7223      1.647    6.83079     7.7652     7.7136    23.9559   12.30318 1.7331e+01      1.662 0.0000e+00
        266 310.418996    0.01840     1.1042     66.250  1023.9663  48853.843    30.7295      1.716    6.82687     7.7977     7.7368    23.9583   12.29660 1.5535e+01      1.732 0.0000e+00
        267 310.418999    0.01847     1.1083     66.500  1023.9671  48855.633    30.7352      1.775    6.82218     7.8325     7.7654    23.9589   12.28876 1.4008e+01      1.792 0.0000e+00
        268 310.419002    0.01854     1.1125     66.750  1023.9664  48854.908    30.7397      1.820    6.81694     7.8697     7.7978    23.9580   12.28004 1.2870e+01      1.838 0.0000e+00
        269 310.419005    0.01861     1.1167     67.000  1023.9655  48854.140    30.7446      1.850    6.81132     7.9111     7.8327    23.9569   12.27068 1.2197e+01      1.868 0.0000e+00
        270 310.419008    0.01868     1.1208     67.250  1023.9662  48856.411    30.7519      1.862    6.80525     7.9609     7.8699    23.9575   12.26054 1.2027e+01      1.880 0.0000e+00
        271 310.419010    0.01875     1.1250     67.500  1023.9694  48863.828    30.7635      1.855    6.79836     8.0253     7.9113    23.9608   12.24899 1.2330e+01      1.873 0.0000e+00
        272 310.419013    0.01882     1.1292     67.750  1023.9760  48878.085    30.7810      1.831    6.78991     8.1107     7.9611    23.9676   12.23479 1.3010e+01      1.848 0.0000e+00
        273 310.419016    0.01889     1.1333     68.000  1023.9916  48909.492    30.8128      1.790    6.77863     8.2151     8.0255    23.9833   12.21573 1.3986e+01      1.807 0.0000e+00
        274 310.419019    0.01896     1.1375     68.250  1024.0052  48938.260    30.8458      1.737    6.76408     8.3211     8.1109    23.9971   12.19125 1.5062e+01      1.753 0.0000e+00
        275 310.419022    0.01903     1.1417     68.500  1023.9888  48913.506    30.8442      1.673    6.74819     8.4104     8.2153    23.9810   12.16496 1.5843e+01      1.689 0.0000e+00
        276 310.419025    0.01910     1.1458     68.750  1023.9457  48840.386    30.8090      1.604    6.73357     8.4770     8.3213    23.9383   12.14119 1.6151e+01      1.619 0.0000e+00
        277 310.419028    0.01917     1.1500     69.000  1023.9002  48762.352    30.7678      1.530    6.72179     8.5235     8.4105    23.8931   12.12220 1.6049e+01      1.545 0.0000e+00
        278 310.419031    0.01924     1.1542     69.250  1023.8634  48699.188    30.7335      1.456    6.71317     8.5545     8.4771    23.8567   12.10836 1.5526e+01      1.470 0.0000e+00
        279 310.419034    0.01931     1.1583     69.500  1023.8365  48653.075    30.7082      1.384    6.70723     8.5746     8.5236    23.8301   12.09883 1.4701e+01      1.398 0.0000e+00
        280 310.419036    0.01938     1.1625     69.750  1023.8177  48620.878    30.6903      1.318    6.70330     8.5871     8.5546    23.8116   12.09256 1.3836e+01      1.330 0.0000e+00
        281 310.419039    0.01944     1.1667     70.000  1023.8049  48599.090    30.6780      1.260    6.70080     8.5948     8.5747    23.7991   12.08856 1.3176e+01      1.272 0.0000e+00
        282 310.419042    0.01951     1.1708     70.250  1023.7965  48584.771    30.6699      1.217    6.69925     8.5993     8.5872    23.7909   12.08610 1.2911e+01      1.229 0.0000e+00
        283 310.419045    0.01958     1.1750     70.500  1023.7910  48575.367    30.6644      1.196    6.69832     8.6019     8.5949    23.7855   12.08463 1.3058e+01      1.207 0.0000e+00
        284 310.419048    0.01965     1.1792     70.750  1023.7876  48569.171    30.6608      1.205    6.69780     8.6033     8.5994    23.7820   12.08380 1.3483e+01      1.216 0.0000e+00
        285 310.419051    0.01972     1.1833     71.000  1023.7858  48565.694    30.6587      1.248    6.69750     8.6043     8.6020    23.7800   12.08333 1.3953e+01      1.260 0.0000e+00
        286 310.419054    0.01979     1.1875     71.250  1023.7855  48564.679    30.6582      1.324    6.69730     8.6053     8.6035    23.7794   12.08301 1.4347e+01      1.336 0.0000e+00
        287 310.419057    0.01986     1.1917     71.500  1023.7865  48565.886    30.6591      1.426    6.69712     8.6066     8.6045    23.7800   12.08269 1.4853e+01      1.439 0.0000e+00
        288 310.419060    0.01993     1.1958     71.750  1023.7886  48568.907    30.6613      1.542    6.69687     8.6084     8.6054    23.7816   12.08227 1.5681e+01      1.556 0.0000e+00
        289 310.419063    0.02000     1.2000     72.000  1023.7910  48572.401    30.6639      1.657    6.69656     8.6103     8.6068    23.7834   12.08172 1.6542e+01      1.672 0.0000e+00
        290 310.419065    0.02007     1.2042     72.250  1023.7928  48575.084    30.6660      1.757    6.69620     8.6121     8.6085    23.7848   12.08111 1.6818e+01      1.774 0.0000e+00
        291 310.419068    0.02014     1.2083     72.500  1023.7939  48576.631    30.6673      1.829    6.69585     8.6137     8.6104    23.7855   12.08051 1.6342e+01      1.847 0.0000e+00
        292 310.419071    0.02021     1.2125     72.750  1023.7943  48577.150    30.6679      1.865    6.69555     8.6148     8.6123    23.7857   12.07999 1.5399e+01      1.883 0.0000e+00
        293 310.419074    0.02028     1.2167     73.000  1023.7942  48576.967    30.6680      1.863    6.69531     8.6154     8.6139    23.7856   12.07960 1.4333e+01      1.880 0.0000e+00
        294 310.419077    0.02035     1.2208     73.250  1023.7936  48576.336    30.6677      1.826    6.69516     8.6156     8.6150    23.7852   12.07935 1.3511e+01      1.843 0.0000e+00
        295 310.419080    0.02042     1.2250     73.500  1023.7928  48575.412    30.6672      1.764    6.69509     8.6156     8.6156    23.7847   12.07924 1.3191e+01      1.780 0.0000e+00
        296 310.419083    0.02049     1.2292     73.750  1023.7921  48574.622    30.6667      1.698    6.69508     8.6154     8.6158    23.7843   12.07923 1.3349e+01      1.713 0.0000e+00
        297 310.419086    0.02056     1.2333     74.000  1023.7916  48574.076    30.6663      1.651    6.69510     8.6151     8.6157    23.7840   12.07928 1.3756e+01      1.667 0.0000e+00
        298 310.419089    0.02063     1.2375     74.250  1023.7911  48573.104    30.6656      1.645    6.69516     8.6145     8.6155    23.7835   12.07938 1.4256e+01      1.660 0.0000e+00
        299 310.419091    0.02069     1.2417     74.500  1023.7900  48570.750    30.6639      1.685    6.69528     8.6132     8.6153    23.7822   12.07960 1.4909e+01      1.700 0.0000e+00
        300 310.419094    0.02076     1.2458     74.750  1023.7881  48566.540    30.6609      1.770    6.69551     8.6112     8.6146    23.7799   12.08001 1.5616e+01      1.787 0.0000e+00
        301 310.419097    0.02083     1.2500     75.000  1023.7860  48561.627    30.6572      1.899    6.69585     8.6088     8.6134    23.7772   12.08063 1.5842e+01      1.917 0.0000e+00
        302 310.419100    0.02090     1.2542     75.250  1023.7849  48558.149    30.6544      2.071    6.69627     8.6064     8.6114    23.7753   12.08136 1.5172e+01      2.091 0.0000e+00
        303 310.419103    0.02097     1.2583     75.500  1023.7853  48556.976    30.6531      2.291    6.69669     8.6047     8.6090    23.7747   12.08206 1.3798e+01      2.312 0.0000e+00
        304 310.419106    0.02104     1.2625     75.750  1023.7872  48558.359    30.6536      2.561    6.69701     8.6040     8.6067    23.7754   12.08259 1.2224e+01      2.585 0.0000e+00
        305 310.419109    0.02111     1.2667     76.000  1023.7905  48561.805    30.6557      2.880    6.69717     8.6041     8.6050    23.7773   12.08283 1.0779e+01      2.906 0.0000e+00
        306 310.419112    0.02118     1.2708     76.250  1023.7938  48564.926    30.6576      3.238    6.69718     8.6045     8.6044    23.7789   12.08283 9.5066e+00      3.268 0.0000e+00
        307 310.419115    0.02125     1.2750     76.500  1023.7963  48566.522    30.6586      3.623    6.69712     8.6049     8.6045    23.7796   12.08272 8.3780e+00      3.657 0.0000e+00
        308 310.419117    0.02132     1.2792     76.750  1023.7986  48567.620    30.6592      4.023    6.69704     8.6053     8.6049    23.7801   12.08256 7.4102e+00      4.060 0.0000e+00
        309 310.419120    0.02139     1.2833     77.000  1023.8015  48569.634    30.6605      4.427    6.69692     8.6062     8.6053    23.7810   12.08236 6.6164e+00      4.469 0.0000e+00
        310 310.419123    0.02146     1.2875     77.250  1023.8053  48573.599    30.6632      4.828    6.69674     8.6078     8.6058    23.7831   12.08202 5.9943e+00      4.873 0.0000e+00
        311 310.419126    0.02153     1.2917     77.500  1023.8102  48579.597    30.6674      5.217    6.69642     8.6102     8.6067    23.7862   12.08144 5.5295e+00      5.266 0.0000e+00
        312 310.419129    0.02160     1.2958     77.750  1023.8156  48586.639    30.6724      5.590    6.69596     8.6130     8.6083    23.7899   12.08061 5.1923e+00      5.644 0.0000e+00
        313 310.419132    0.02167     1.3000     78.000  1023.8205  48592.949    30.6770      5.949    6.69540     8.6158     8.6107    23.7931   12.07963 4.9456e+00      6.005 0.0000e+00
        314 310.419135    0.02174     1.3042     78.250  1023.8243  48597.311    30.6803      6.296    6.69482     8.6185     8.6136    23.7953   12.07864 4.7559e+00      6.355 0.0000e+00
        315 310.419138    0.02181     1.3083     78.500  1023.8273  48600.296    30.6826      6.635    6.69429     8.6210     8.6165    23.7967   12.07772 4.6031e+00      6.697 0.0000e+00
        316 310.419141    0.02187     1.3125     78.750  1023.8307  48604.110    30.6855      6.969    6.69376     8.6237     8.6191    23.7986   12.07681 4.4770e+00      7.035 0.0000e+00
        317 310.419144    0.02194     1.3167     79.000  1023.8354  48610.219    30.6900      7.303    6.69318     8.6269     8.6217    23.8017   12.07580 4.3693e+00      7.372 0.0000e+00
        318 310.419146    0.02201     1.3208     79.250  1023.8410  48618.070    30.6957      7.640    6.69251     8.6305     8.6245    23.8058   12.07462 4.2682e+00      7.712 0.0000e+00
        319 310.419149    0.02208     1.3250     79.500  1023.8470  48626.495    30.7019      7.981    6.69176     8.6343     8.6277    23.8102   12.07330 4.1617e+00      8.056 0.0000e+00
        320 310.419152    0.02215     1.3292     79.750  1023.8520  48633.239    30.7070      8.326    6.69099     8.6376     8.6313    23.8137   12.07196 4.0434e+00      8.404 0.0000e+00
        321 310.419155    0.02222     1.3333     80.000  1023.8551  48636.309    30.7096      8.671    6.69031     8.6401     8.6351    23.8151   12.07080 3.9162e+00      8.753 0.0000e+00
        322 310.419158    0.02229     1.3375     80.250  1023.8567  48636.839    30.7103      9.015    6.68978     8.6419     8.6385    23.8151   12.06992 3.7878e+00      9.100 0.0000e+00
        323 310.419161    0.02236     1.3417     80.500  1023.8581  48636.854    30.7105      9.353    6.68938     8.6432     8.6410    23.8149   12.06926 3.6618e+00      9.441 0.0000e+00
        324 310.419164    0.02243     1.3458     80.750  1023.8596  48637.094    30.7108      9.686    6.68909     8.6442     8.6429    23.8149   12.06878 3.5376e+00      9.777 0.0000e+00
        325 310.419167    0.02250     1.3500     81.000  1023.8612  48637.566    30.7112     10.014    6.68888     8.6450     8.6442    23.8150   12.06841 3.4141e+00     10.108 0.0000e+00
        326 310.419170    0.02257     1.3542     81.250  1023.8628  48638.001    30.7115     10.339    6.68871     8.6455     8.6452    23.8151   12.06814 3.2918e+00     10.437 0.0000e+00
        327 310.419172    0.02264     1.3583     81.500  1023.8643  48638.323    30.7117     10.666    6.68858     8.6459     8.6460    23.8152   12.06793 3.1711e+00     10.767 0.0000e+00
        328 310.419175    0.02271     1.3625     81.750  1023.8658  48638.517    30.7118     10.998    6.68849     8.6462     8.6466    23.8152   12.06777 3.0517e+00     11.102 0.0000e+00
        329 310.419178    0.02278     1.3667     82.000  1023.8674  48638.650    30.7118     11.340    6.68842     8.6464     8.6470    23.8151   12.06766 2.9331e+00     11.447 0.0000e+00
        330 310.419181    0.02285     1.3708     82.250  1023.8690  48638.813    30.7118     11.696    6.68837     8.6465     8.6473    23.8151   12.06758 2.8157e+00     11.807 0.0000e+00
        331 310.419184    0.02292     1.3750     82.500  1023.8706  48638.925    30.7117     12.068    6.68834     8.6465     8.6476    23.8150   12.06753 2.7002e+00     12.183 0.0000e+00
        332 310.419187    0.02299     1.3792     82.750  1023.8724  48639.044    30.7116     12.459    6.68832     8.6466     8.6477    23.8149   12.06750 2.5867e+00     12.577 0.0000e+00
        333 310.419190    0.02306     1.3833     83.000  1023.8742  48639.257    30.7116     12.864    6.68831     8.6466     8.6478    23.8149   12.06748 2.4753e+00     12.986 0.0000e+00
        334 310.419193    0.02313     1.3875     83.250  1023.8761  48639.508    30.7116     13.277    6.68830     8.6466     8.6479    23.8149   12.06746 2.3674e+00     13.403 0.0000e+00
        335 310.419196    0.02319     1.3917     83.500  1023.8780  48639.767    30.7117     13.688    6.68829     8.6466     8.6479    23.8149   12.06745 2.2652e+00     13.818 0.0000e+00
        336 310.419198    0.02326     1.3958     83.750  1023.8798  48640.029    30.7117     14.087    6.68829     8.6466     8.6480    23.8149   12.06744 2.1705e+00     14.220 0.0000e+00
        337 310.419201    0.02333     1.4000     84.000  1023.8816  48640.298    30.7117     14.466    6.68828     8.6466     8.6480    23.8149   12.06742 2.0843e+00     14.603 0.0000e+00
        338 310.419204    0.02340     1.4042     84.250  1023.8833  48640.638    30.7118     14.821    6.68827     8.6466     8.6480    23.8150   12.06741 2.0071e+00     14.961 0.0000e+00
        339 310.419207    0.02347     1.4083     84.500  1023.8850  48641.127    30.7120     15.151    6.68826     8.6466     8.6481    23.8152   12.06739 1.9382e+00     15.295 0.0000e+00
        340 310.419210    0.02354     1.4125     84.750  1023.8867  48641.788    30.7123     15.462    6.68824     8.6466     8.6481    23.8154   12.06735 1.8756e+00     15.609 0.0000e+00
