CTD-processing/allCTD/CNV--homogene/2013_09-25_t9_s09_cast101.cnv
* Sea-Bird SBE19plus Data File:
* FileName = C:\Users\kris.holderied\Documents\kasitsna\Research-Projects-and-Data\Oceanography-AK\CTD-CookInlet-GulfWatchAK\2013-09-25-CookInlet-Tran9-HomerSpit\2013-09-25-CookInlet-Tran9-HomerSpit-cast101.hex
* Software Version 1.59
* Temperature SN =  5028
* Conductivity SN =  5028
* System UpLoad Time = Apr 09 2014 19:52:25
** Cook Inlet LTM Homer Spit Line - Monthly
** Date: 2013-09-25
** Station: 9-09
** Start time: 13:50
** Depth (m): 91.4
** CoComment:
** Comment:
# nquan = 17
# nvalues = 669                         
# units = specified
# name 0 = scan: Scan Count
# name 1 = timeJ: Julian Days
# name 2 = timeH: Time, Elapsed [hours]
# name 3 = timeM: Time, Elapsed [minutes]
# name 4 = timeS: Time, Elapsed [seconds]
# name 5 = density00: Density [density, kg/m^3]
# name 6 = specc: Specific Conductance [uS/cm]
# name 7 = sal00: Salinity, Practical [PSU]
# name 8 = depSM: Depth [salt water, m], lat = 59.00
# name 9 = oxsolML/L: Oxygen Saturation, Garcia & Gordon [ml/l]
# name 10 = potemp090C: Potential Temperature [ITS-90, deg C]
# name 11 = tv290C: Temperature [ITS-90, deg C]
# name 12 = sigma-é00: Density [sigma-theta, kg/m^3]
# name 13 = n2satML/L: Nitrogen Saturation [ml/l]
# name 14 = par: PAR/Irradiance, Biospherical/Licor
# name 15 = prdM: Pressure, Strain Gauge [db]
# name 16 = flag:  0.000e+00
# span 0 =          1,        669       
# span 1 = 268.577106, 268.579039       
# span 2 =    0.00000,    0.04639       
# span 3 =     0.0000,     2.7833       
# span 4 =      0.000,    167.000       
# span 5 =  1021.8259,  1024.4831       
# span 6 =  45032.998,  49222.908       
# span 7 =    28.3053,    31.0681       
# span 8 =      0.338,     79.257       
# span 9 =    6.60299,    6.69626       
# span 10 =     8.4842,     9.4886      
# span 11 =     8.4920,     9.4887      
# span 12 =    21.8225,    24.1179      
# span 13 =   11.93438,   12.08345      
# span 14 = 5.7841e-02, 3.5876e+02      
# span 15 =      0.341,     80.020      
# span 16 = 0.0000e+00, 0.0000e+00      
# interval = seconds: 0.25
# start_time = Sep 25 2013 13:51:02 [Instrument's time stamp, header]
# bad_flag = -9.990e-29
*END*
[from data line 426]
        427 268.578339    0.02958     1.7750    106.500  1023.8725  48566.491    30.7047     25.046    6.63635     8.9860     8.9984    23.7573   11.98152 9.5675e-01     25.284 0.0000e+00
        428 268.578342    0.02965     1.7792    106.750  1023.8754  48569.506    30.7060     25.288    6.63698     8.9809     8.9938    23.7591   11.98255 9.2197e-01     25.528 0.0000e+00
        429 268.578345    0.02972     1.7833    107.000  1023.8789  48573.545    30.7081     25.527    6.63766     8.9762     8.9886    23.7615   11.98365 8.8857e-01     25.769 0.0000e+00
        430 268.578348    0.02979     1.7875    107.250  1023.8823  48577.424    30.7100     25.765    6.63832     8.9717     8.9835    23.7637   11.98473 8.5629e-01     26.009 0.0000e+00
        431 268.578351    0.02986     1.7917    107.500  1023.8854  48580.831    30.7116     26.003    6.63896     8.9675     8.9788    23.7657   11.98576 8.2481e-01     26.250 0.0000e+00
        432 268.578354    0.02993     1.7958    107.750  1023.8885  48584.231    30.7133     26.245    6.63955     8.9637     8.9743    23.7677   11.98672 7.9392e-01     26.494 0.0000e+00
        433 268.578356    0.03000     1.8000    108.000  1023.8916  48587.690    30.7150     26.490    6.64009     8.9605     8.9702    23.7697   11.98759 7.6353e-01     26.742 0.0000e+00
        434 268.578359    0.03007     1.8042    108.250  1023.8947  48591.102    30.7168     26.739    6.64056     8.9579     8.9665    23.7716   11.98835 7.3376e-01     26.993 0.0000e+00
        435 268.578362    0.03014     1.8083    108.500  1023.8977  48594.443    30.7185     26.989    6.64096     8.9559     8.9633    23.7735   11.98900 7.0504e-01     27.245 0.0000e+00
        436 268.578365    0.03021     1.8125    108.750  1023.9003  48596.928    30.7198     27.236    6.64129     8.9537     8.9607    23.7749   11.98952 6.7770e-01     27.495 0.0000e+00
        437 268.578368    0.03028     1.8167    109.000  1023.9019  48597.938    30.7202     27.481    6.64158     8.9510     8.9586    23.7755   11.99000 6.5179e-01     27.742 0.0000e+00
        438 268.578371    0.03035     1.8208    109.250  1023.9032  48598.289    30.7200     27.723    6.64191     8.9481     8.9565    23.7757   11.99054 6.2713e-01     27.986 0.0000e+00
        439 268.578374    0.03042     1.8250    109.500  1023.9048  48599.044    30.7200     27.965    6.64230     8.9454     8.9538    23.7761   11.99119 6.0338e-01     28.230 0.0000e+00
        440 268.578377    0.03049     1.8292    109.750  1023.9066  48600.215    30.7204     28.209    6.64271     8.9432     8.9509    23.7768   11.99187 5.8026e-01     28.477 0.0000e+00
        441 268.578380    0.03056     1.8333    110.000  1023.9085  48601.478    30.7208     28.456    6.64309     8.9415     8.9483    23.7775   11.99248 5.5776e-01     28.727 0.0000e+00
        442 268.578383    0.03062     1.8375    110.250  1023.9104  48602.751    30.7213     28.707    6.64339     8.9403     8.9461    23.7782   11.99297 5.3609e-01     28.980 0.0000e+00
        443 268.578385    0.03069     1.8417    110.500  1023.9122  48603.996    30.7218     28.958    6.64361     8.9395     8.9445    23.7789   11.99334 5.1542e-01     29.234 0.0000e+00
        444 268.578388    0.03076     1.8458    110.750  1023.9140  48605.210    30.7224     29.206    6.64376     8.9390     8.9433    23.7795   11.99359 4.9587e-01     29.484 0.0000e+00
        445 268.578391    0.03083     1.8500    111.000  1023.9155  48605.996    30.7227     29.450    6.64387     8.9387     8.9425    23.7799   11.99375 4.7748e-01     29.730 0.0000e+00
        446 268.578394    0.03090     1.8542    111.250  1023.9165  48605.977    30.7225     29.689    6.64394     8.9385     8.9420    23.7798   11.99388 4.6015e-01     29.971 0.0000e+00
        447 268.578397    0.03097     1.8583    111.500  1023.9173  48605.698    30.7222     29.924    6.64399     8.9383     8.9417    23.7796   11.99397 4.4371e-01     30.209 0.0000e+00
        448 268.578400    0.03104     1.8625    111.750  1023.9184  48605.848    30.7222     30.157    6.64403     8.9382     8.9415    23.7796   11.99403 4.2802e-01     30.444 0.0000e+00
        449 268.578403    0.03111     1.8667    112.000  1023.9198  48606.469    30.7225     30.388    6.64404     8.9383     8.9413    23.7799   11.99405 4.1306e-01     30.677 0.0000e+00
        450 268.578406    0.03118     1.8708    112.250  1023.9211  48607.166    30.7228     30.615    6.64404     8.9385     8.9413    23.7802   11.99404 3.9895e-01     30.906 0.0000e+00
        451 268.578409    0.03125     1.8750    112.500  1023.9222  48607.498    30.7230     30.834    6.64401     8.9386     8.9414    23.7803   11.99399 3.8589e-01     31.127 0.0000e+00
        452 268.578411    0.03132     1.8792    112.750  1023.9230  48607.226    30.7228     31.043    6.64399     8.9383     8.9416    23.7801   11.99396 3.7392e-01     31.339 0.0000e+00
        453 268.578414    0.03139     1.8833    113.000  1023.9234  48606.371    30.7221     31.244    6.64400     8.9375     8.9417    23.7796   11.99399 3.6277e-01     31.542 0.0000e+00
        454 268.578417    0.03146     1.8875    113.250  1023.9237  48605.373    30.7213     31.441    6.64408     8.9362     8.9415    23.7790   11.99412 3.5203e-01     31.741 0.0000e+00
        455 268.578420    0.03153     1.8917    113.500  1023.9242  48604.765    30.7207     31.639    6.64422     8.9343     8.9407    23.7786   11.99436 3.4151e-01     31.940 0.0000e+00
        456 268.578423    0.03160     1.8958    113.750  1023.9252  48604.810    30.7204     31.840    6.64442     8.9320     8.9394    23.7786   11.99470 3.3122e-01     32.143 0.0000e+00
        457 268.578426    0.03167     1.9000    114.000  1023.9267  48605.892    30.7208     32.044    6.64469     8.9298     8.9375    23.7792   11.99513 3.2125e-01     32.349 0.0000e+00
        458 268.578429    0.03174     1.9042    114.250  1023.9290  48608.284    30.7221     32.249    6.64497     8.9278     8.9352    23.7805   11.99558 3.1164e-01     32.555 0.0000e+00
        459 268.578432    0.03181     1.9083    114.500  1023.9317  48611.467    30.7239     32.453    6.64522     8.9260     8.9330    23.7823   11.99597 3.0232e-01     32.761 0.0000e+00
        460 268.578435    0.03188     1.9125    114.750  1023.9343  48614.512    30.7257     32.658    6.64543     8.9244     8.9311    23.7840   11.99630 2.9318e-01     32.968 0.0000e+00
        461 268.578438    0.03194     1.9167    115.000  1023.9367  48617.035    30.7272     32.867    6.64562     8.9228     8.9294    23.7854   11.99660 2.8411e-01     33.180 0.0000e+00
        462 268.578440    0.03201     1.9208    115.250  1023.9389  48619.225    30.7284     33.084    6.64581     8.9214     8.9277    23.7866   11.99690 2.7502e-01     33.399 0.0000e+00
        463 268.578443    0.03208     1.9250    115.500  1023.9410  48621.221    30.7295     33.312    6.64600     8.9201     8.9262    23.7877   11.99719 2.6585e-01     33.629 0.0000e+00
        464 268.578446    0.03215     1.9292    115.750  1023.9431  48623.068    30.7305     33.549    6.64616     8.9188     8.9248    23.7887   11.99745 2.5669e-01     33.869 0.0000e+00
        465 268.578449    0.03222     1.9333    116.000  1023.9452  48624.861    30.7314     33.795    6.64630     8.9173     8.9236    23.7896   11.99768 2.4767e-01     34.117 0.0000e+00
        466 268.578452    0.03229     1.9375    116.250  1023.9473  48626.656    30.7324     34.045    6.64645     8.9153     8.9223    23.7906   11.99791 2.3895e-01     34.370 0.0000e+00
        467 268.578455    0.03236     1.9417    116.500  1023.9494  48628.434    30.7333     34.296    6.64664     8.9126     8.9207    23.7915   11.99821 2.3063e-01     34.622 0.0000e+00
        468 268.578458    0.03243     1.9458    116.750  1023.9516  48630.419    30.7343     34.543    6.64689     8.9095     8.9187    23.7926   11.99861 2.2279e-01     34.872 0.0000e+00
        469 268.578461    0.03250     1.9500    117.000  1023.9543  48633.150    30.7357     34.787    6.64721     8.9062     8.9161    23.7942   11.99913 2.1542e-01     35.118 0.0000e+00
        470 268.578464    0.03257     1.9542    117.250  1023.9574  48636.772    30.7377     35.030    6.64758     8.9028     8.9130    23.7962   11.99972 2.0839e-01     35.364 0.0000e+00
        471 268.578466    0.03264     1.9583    117.500  1023.9609  48640.863    30.7400     35.275    6.64797     8.8991     8.9098    23.7985   12.00034 2.0157e-01     35.611 0.0000e+00
        472 268.578469    0.03271     1.9625    117.750  1023.9644  48645.185    30.7425     35.525    6.64837     8.8944     8.9064    23.8009   12.00096 1.9492e-01     35.863 0.0000e+00
        473 268.578472    0.03278     1.9667    118.000  1023.9684  48650.051    30.7453     35.779    6.64880     8.8884     8.9027    23.8036   12.00165 1.8843e-01     36.120 0.0000e+00
        474 268.578475    0.03285     1.9708    118.250  1023.9730  48656.181    30.7488     36.039    6.64934     8.8808     8.8981    23.8071   12.00249 1.8210e-01     36.382 0.0000e+00
        475 268.578478    0.03292     1.9750    118.500  1023.9789  48664.421    30.7536     36.304    6.65002     8.8713     8.8921    23.8118   12.00356 1.7595e-01     36.649 0.0000e+00
        476 268.578481    0.03299     1.9792    118.750  1023.9864  48675.403    30.7601     36.573    6.65086     8.8592     8.8845    23.8180   12.00488 1.7003e-01     36.921 0.0000e+00
        477 268.578484    0.03306     1.9833    119.000  1023.9958  48689.703    30.7687     36.845    6.65191     8.8439     8.8750    23.8261   12.00651 1.6438e-01     37.196 0.0000e+00
        478 268.578487    0.03313     1.9875    119.250  1024.0075  48708.115    30.7798     37.121    6.65323     8.8256     8.8629    23.8366   12.00856 1.5900e-01     37.474 0.0000e+00
        479 268.578490    0.03319     1.9917    119.500  1024.0219  48731.203    30.7937     37.400    6.65489     8.8043     8.8477    23.8497   12.01114 1.5390e-01     37.756 0.0000e+00
        480 268.578492    0.03326     1.9958    119.750  1024.0389  48758.626    30.8101     37.681    6.65692     8.7805     8.8294    23.8654   12.01430 1.4910e-01     38.040 0.0000e+00
        481 268.578495    0.03333     2.0000    120.000  1024.0579  48789.509    30.8286     37.964    6.65928     8.7549     8.8081    23.8830   12.01799 1.4459e-01     38.325 0.0000e+00
        482 268.578498    0.03340     2.0042    120.250  1024.0784  48823.115    30.8487     38.248    6.66197     8.7291     8.7843    23.9023   12.02219 1.4031e-01     38.612 0.0000e+00
        483 268.578501    0.03347     2.0083    120.500  1024.1000  48858.523    30.8697     38.532    6.66489     8.7056     8.7587    23.9225   12.02676 1.3628e-01     38.899 0.0000e+00
        484 268.578504    0.03354     2.0125    120.750  1024.1215  48893.739    30.8905     38.814    6.66782     8.6861     8.7330    23.9427   12.03137 1.3252e-01     39.183 0.0000e+00
        485 268.578507    0.03361     2.0167    121.000  1024.1410  48925.753    30.9095     39.090    6.67051     8.6709     8.7095    23.9610   12.03559 1.2907e-01     39.463 0.0000e+00
        486 268.578510    0.03368     2.0208    121.250  1024.1574  48952.254    30.9251     39.361    6.67276     8.6596     8.6900    23.9761   12.03911 1.2590e-01     39.736 0.0000e+00
        487 268.578513    0.03375     2.0250    121.500  1024.1703  48972.656    30.9371     39.626    6.67451     8.6515     8.6748    23.9878   12.04187 1.2296e-01     40.003 0.0000e+00
        488 268.578516    0.03382     2.0292    121.750  1024.1800  48987.574    30.9458     39.886    6.67581     8.6458     8.6636    23.9963   12.04392 1.2023e-01     40.266 0.0000e+00
        489 268.578519    0.03389     2.0333    122.000  1024.1872  48998.090    30.9519     40.142    6.67675     8.6418     8.6555    24.0022   12.04540 1.1767e-01     40.525 0.0000e+00
        490 268.578521    0.03396     2.0375    122.250  1024.1925  49005.354    30.9560     40.397    6.67742     8.6390     8.6498    24.0063   12.04646 1.1525e-01     40.782 0.0000e+00
        491 268.578524    0.03403     2.0417    122.500  1024.1964  49010.353    30.9589     40.652    6.67790     8.6369     8.6459    24.0091   12.04721 1.1293e-01     41.040 0.0000e+00
        492 268.578527    0.03410     2.0458    122.750  1024.1994  49013.701    30.9607     40.908    6.67824     8.6353     8.6431    24.0110   12.04775 1.1073e-01     41.298 0.0000e+00
        493 268.578530    0.03417     2.0500    123.000  1024.2018  49015.875    30.9618     41.163    6.67849     8.6339     8.6410    24.0122   12.04815 1.0865e-01     41.556 0.0000e+00
        494 268.578533    0.03424     2.0542    123.250  1024.2038  49017.407    30.9626     41.417    6.67870     8.6327     8.6394    24.0130   12.04849 1.0668e-01     41.812 0.0000e+00
        495 268.578536    0.03431     2.0583    123.500  1024.2056  49018.707    30.9632     41.670    6.67888     8.6317     8.6381    24.0137   12.04878 1.0481e-01     42.068 0.0000e+00
        496 268.578539    0.03438     2.0625    123.750  1024.2074  49019.851    30.9637     41.925    6.67903     8.6308     8.6369    24.0143   12.04903 1.0298e-01     42.325 0.0000e+00
        497 268.578542    0.03444     2.0667    124.000  1024.2090  49020.741    30.9641     42.183    6.67917     8.6299     8.6359    24.0147   12.04924 1.0119e-01     42.586 0.0000e+00
        498 268.578545    0.03451     2.0708    124.250  1024.2106  49021.500    30.9644     42.447    6.67929     8.6290     8.6350    24.0151   12.04944 9.9455e-02     42.852 0.0000e+00
        499 268.578547    0.03458     2.0750    124.500  1024.2122  49022.295    30.9647     42.714    6.67941     8.6281     8.6342    24.0154   12.04963 9.7788e-02     43.122 0.0000e+00
        500 268.578550    0.03465     2.0792    124.750  1024.2138  49023.124    30.9650     42.986    6.67952     8.6272     8.6333    24.0158   12.04982 9.6173e-02     43.396 0.0000e+00
        501 268.578553    0.03472     2.0833    125.000  1024.2155  49023.997    30.9653     43.262    6.67963     8.6264     8.6324    24.0162   12.05000 9.4603e-02     43.675 0.0000e+00
        502 268.578556    0.03479     2.0875    125.250  1024.2173  49024.940    30.9657     43.541    6.67974     8.6256     8.6316    24.0167   12.05018 9.3090e-02     43.957 0.0000e+00
        503 268.578559    0.03486     2.0917    125.500  1024.2190  49025.912    30.9662     43.823    6.67985     8.6248     8.6307    24.0172   12.05035 9.1652e-02     44.242 0.0000e+00
        504 268.578562    0.03493     2.0958    125.750  1024.2208  49026.828    30.9666     44.108    6.67995     8.6241     8.6299    24.0176   12.05050 9.0270e-02     44.529 0.0000e+00
        505 268.578565    0.03500     2.1000    126.000  1024.2225  49027.651    30.9669     44.394    6.68004     8.6232     8.6292    24.0180   12.05065 8.8918e-02     44.818 0.0000e+00
        506 268.578568    0.03507     2.1042    126.250  1024.2241  49028.408    30.9672     44.682    6.68014     8.6222     8.6285    24.0183   12.05081 8.7621e-02     45.108 0.0000e+00
        507 268.578571    0.03514     2.1083    126.500  1024.2258  49029.187    30.9675     44.970    6.68024     8.6210     8.6277    24.0186   12.05099 8.6402e-02     45.400 0.0000e+00
        508 268.578573    0.03521     2.1125    126.750  1024.2276  49030.085    30.9679     45.259    6.68037     8.6193     8.6268    24.0191   12.05120 8.5244e-02     45.692 0.0000e+00
        509 268.578576    0.03528     2.1167    127.000  1024.2294  49031.103    30.9683     45.548    6.68054     8.6171     8.6255    24.0196   12.05147 8.4140e-02     45.984 0.0000e+00
        510 268.578579    0.03535     2.1208    127.250  1024.2314  49032.248    30.9687     45.836    6.68076     8.6142     8.6239    24.0202   12.05183 8.3086e-02     46.275 0.0000e+00
