CTD-processing/allCTD/CNV--homogene/2013_07-18_t7_s23_cast001.cnv
* Sea-Bird SBE19plus Data File:
* FileName = C:\Documents and Settings\kris.holderied.local\My Documents\2012-2013-CTD-DATA-new-files\2013-07-CookInlet-EVOSTC-LTM\2013-07-18-CookInlet-Tran7-Augustine\2013-07-18-CookInlet-Tran7-Augustine-cast001.hex
* Software Version 1.54
* Temperature SN =  5028
* Conductivity SN =  5028
* System UpLoad Time = Jul 18 2013 22:01:03
** Cook Inlet LTM Ocean - Tran7 Augustine Line, East to West
** Date: 2013-07-18
** Station:  7-23
** Start time (AKDT-24 hr): 12:35
** Depth (m): 51
** Comment:
** Comment:
# nquan = 17
# nvalues = 441                         
# units = specified
# name 0 = scan: Scan Count
# name 1 = timeJ: Julian Days
# name 2 = timeH: Time, Elapsed [hours]
# name 3 = timeM: Time, Elapsed [minutes]
# name 4 = timeS: Time, Elapsed [seconds]
# name 5 = density00: Density [density, kg/m^3]
# name 6 = specc: Specific Conductance [uS/cm]
# name 7 = sal00: Salinity, Practical [PSU]
# name 8 = depSM: Depth [salt water, m], lat = 59.00
# name 9 = oxsolML/L: Oxygen Saturation, Garcia & Gordon [ml/l]
# name 10 = potemp090C: Potential Temperature [ITS-90, deg C]
# name 11 = tv290C: Temperature [ITS-90, deg C]
# name 12 = sigma-é00: Density [sigma-theta, kg/m^3]
# name 13 = n2satML/L: Nitrogen Saturation [ml/l]
# name 14 = par: PAR/Irradiance, Biospherical/Licor
# name 15 = prdM: Pressure, Strain Gauge [db]
# name 16 = flag:  0.000e+00
# span 0 =          1,        441       
# span 1 = 199.525220, 199.526493       
# span 2 =    0.00000,    0.03056       
# span 3 =     0.0000,     1.8333       
# span 4 =      0.000,    110.000       
# span 5 =   999.6654,  1024.9577       
# span 6 =    699.396,  50279.693       
# span 7 =     0.4335,    31.8380       
# span 8 =      0.054,     52.366       
# span 9 =    6.34345,    7.29173       
# span 10 =     8.0708,    13.3305      
# span 11 =     8.0759,    13.3813      
# span 12 =    -0.3348,    24.7169      
# span 13 =   11.48388,   13.47427      
# span 14 = 1.0228e-01, 1.5930e+02      
# span 15 =      0.055,     52.867      
# span 16 = 0.0000e+00, 0.0000e+00      
# interval = seconds: 0.25
# start_time = Jul 18 2013 12:36:19 [Instrument's time stamp, header]
# bad_flag = -9.990e-29
*END*
[from data line 171]
        172 199.525715    0.01188     0.7125     42.750  1024.2756  49662.734    31.6979      1.600    6.36153    10.6898    10.6346    24.2683   11.51443 6.4542e+01      1.615 0.0000e+00
        173 199.525718    0.01194     0.7167     43.000  1024.2546  49628.752    31.6770      1.564    6.35870    10.7194    10.6614    24.2475   11.50998 6.5193e+01      1.579 0.0000e+00
        174 199.525720    0.01201     0.7208     43.250  1024.2306  49589.637    31.6527      1.524    6.35576    10.7473    10.6900    24.2237   11.50539 6.5292e+01      1.538 0.0000e+00
        175 199.525723    0.01208     0.7250     43.500  1024.2051  49547.866    31.6266      1.483    6.35276    10.7704    10.7196    24.1983   11.50073 6.5354e+01      1.497 0.0000e+00
        176 199.525726    0.01215     0.7292     43.750  1024.1807  49507.947    31.6016      1.445    6.34994    10.7865    10.7475    24.1741   11.49635 6.5242e+01      1.459 0.0000e+00
        177 199.525729    0.01222     0.7333     44.000  1024.1601  49474.132    31.5804      1.417    6.34764    10.7954    10.7706    24.1536   11.49279 6.4614e+01      1.430 0.0000e+00
        178 199.525732    0.01229     0.7375     44.250  1024.1441  49447.680    31.5636      1.400    6.34611    10.7968    10.7867    24.1377   11.49045 6.3546e+01      1.413 0.0000e+00
        179 199.525735    0.01236     0.7417     44.500  1024.1323  49427.654    31.5504      1.398    6.34544    10.7898    10.7956    24.1260   11.48949 6.2044e+01      1.411 0.0000e+00
        180 199.525738    0.01243     0.7458     44.750  1024.1245  49413.636    31.5406      1.410    6.34564    10.7729    10.7970    24.1181   11.48995 6.0138e+01      1.423 0.0000e+00
        181 199.525741    0.01250     0.7500     45.000  1024.1212  49406.512    31.5347      1.434    6.34683    10.7454    10.7900    24.1147   11.49198 5.8188e+01      1.448 0.0000e+00
        182 199.525744    0.01257     0.7542     45.250  1024.1234  49407.634    31.5335      1.470    6.34920    10.7100    10.7731    24.1167   11.49592 5.6617e+01      1.484 0.0000e+00
        183 199.525747    0.01264     0.7583     45.500  1024.1316  49418.279    31.5378      1.514    6.35280    10.6723    10.7456    24.1247   11.50183 5.5684e+01      1.528 0.0000e+00
        184 199.525749    0.01271     0.7625     45.750  1024.1464  49439.624    31.5487      1.563    6.35721    10.6381    10.7102    24.1393   11.50902 5.5188e+01      1.577 0.0000e+00
        185 199.525752    0.01278     0.7667     46.000  1024.1675  49472.060    31.5672      1.611    6.36164    10.6115    10.6725    24.1601   11.51613 5.4802e+01      1.627 0.0000e+00
        186 199.525755    0.01285     0.7708     46.250  1024.1938  49514.472    31.5932      1.656    6.36529    10.5951    10.6383    24.1862   11.52187 5.4622e+01      1.671 0.0000e+00
        187 199.525758    0.01292     0.7750     46.500  1024.2232  49563.740    31.6249      1.691    6.36765    10.5902    10.6117    24.2154   11.52541 5.4974e+01      1.707 0.0000e+00
        188 199.525761    0.01299     0.7792     46.750  1024.2511  49611.894    31.6571      1.713    6.36860    10.5982    10.5953    24.2433   11.52660 5.6104e+01      1.730 0.0000e+00
        189 199.525764    0.01306     0.7833     47.000  1024.2713  49647.721    31.6819      1.721    6.36827    10.6207    10.5904    24.2634   11.52577 5.8001e+01      1.737 0.0000e+00
        190 199.525767    0.01313     0.7875     47.250  1024.2780  49661.067    31.6923      1.711    6.36674    10.6547    10.5984    24.2702   11.52311 6.0310e+01      1.727 0.0000e+00
        191 199.525770    0.01319     0.7917     47.500  1024.2674  49645.248    31.6838      1.683    6.36400    10.6924    10.6209    24.2597   11.51866 6.2378e+01      1.699 0.0000e+00
        192 199.525773    0.01326     0.7958     47.750  1024.2422  49604.680    31.6591      1.641    6.36032    10.7265    10.6549    24.2347   11.51287 6.3785e+01      1.657 0.0000e+00
        193 199.525775    0.01333     0.8000     48.000  1024.2107  49553.308    31.6272      1.590    6.35644    10.7531    10.6926    24.2034   11.50682 6.4811e+01      1.605 0.0000e+00
        194 199.525778    0.01340     0.8042     48.250  1024.1797  49502.583    31.5953      1.535    6.35305    10.7705    10.7267    24.1727   11.50158 6.5658e+01      1.549 0.0000e+00
        195 199.525781    0.01347     0.8083     48.500  1024.1526  49457.648    31.5666      1.484    6.35057    10.7780    10.7533    24.1458   11.49780 6.5847e+01      1.498 0.0000e+00
        196 199.525784    0.01354     0.8125     48.750  1024.1303  49420.094    31.5421      1.443    6.34917    10.7745    10.7707    24.1237   11.49578 6.5087e+01      1.456 0.0000e+00
        197 199.525787    0.01361     0.8167     49.000  1024.1138  49391.414    31.5227      1.416    6.34893    10.7579    10.7782    24.1073   11.49561 6.3720e+01      1.430 0.0000e+00
        198 199.525790    0.01368     0.8208     49.250  1024.1044  49373.903    31.5098      1.408    6.34994    10.7278    10.7747    24.0980   11.49742 6.2549e+01      1.421 0.0000e+00
        199 199.525793    0.01375     0.8250     49.500  1024.1029  49368.747    31.5042      1.417    6.35244    10.6886    10.7581    24.0964   11.50164 6.1908e+01      1.430 0.0000e+00
        200 199.525796    0.01382     0.8292     49.750  1024.1099  49376.967    31.5065      1.442    6.35648    10.6477    10.7279    24.1033   11.50831 6.1198e+01      1.455 0.0000e+00
        201 199.525799    0.01389     0.8333     50.000  1024.1257  49399.775    31.5180      1.478    6.36140    10.6107    10.6888    24.1190   11.51632 6.0201e+01      1.492 0.0000e+00
        202 199.525802    0.01396     0.8375     50.250  1024.1487  49435.259    31.5383      1.520    6.36620    10.5808    10.6478    24.1418   11.52404 5.9129e+01      1.534 0.0000e+00
        203 199.525804    0.01403     0.8417     50.500  1024.1757  49478.738    31.5647      1.562    6.37022    10.5598    10.6108    24.1686   11.53039 5.8239e+01      1.577 0.0000e+00
        204 199.525807    0.01410     0.8458     50.750  1024.2044  49526.156    31.5947      1.599    6.37312    10.5488    10.5809    24.1971   11.53483 5.7992e+01      1.614 0.0000e+00
        205 199.525810    0.01417     0.8500     51.000  1024.2328  49574.555    31.6264      1.626    6.37471    10.5482    10.5600    24.2254   11.53709 5.8503e+01      1.642 0.0000e+00
        206 199.525813    0.01424     0.8542     51.250  1024.2577  49617.995    31.6559      1.640    6.37502    10.5589    10.5490    24.2502   11.53726 5.9373e+01      1.656 0.0000e+00
        207 199.525816    0.01431     0.8583     51.500  1024.2739  49647.372    31.6766      1.640    6.37426    10.5810    10.5484    24.2665   11.53575 6.0154e+01      1.656 0.0000e+00
        208 199.525819    0.01438     0.8625     51.750  1024.2771  49654.777    31.6832      1.627    6.37252    10.6104    10.5591    24.2698   11.53280 6.0487e+01      1.642 0.0000e+00
        209 199.525822    0.01444     0.8667     52.000  1024.2652  49636.395    31.6728      1.604    6.36990    10.6394    10.5812    24.2579   11.52858 6.0298e+01      1.619 0.0000e+00
        210 199.525825    0.01451     0.8708     52.250  1024.2410  49596.766    31.6482      1.578    6.36686    10.6612    10.6105    24.2338   11.52383 6.0167e+01      1.593 0.0000e+00
        211 199.525828    0.01458     0.8750     52.500  1024.2117  49548.006    31.6172      1.554    6.36413    10.6724    10.6395    24.2047   11.51968 6.0619e+01      1.569 0.0000e+00
        212 199.525830    0.01465     0.8792     52.750  1024.1857  49504.014    31.5886      1.536    6.36228    10.6718    10.6613    24.1787   11.51696 6.1411e+01      1.551 0.0000e+00
        213 199.525833    0.01472     0.8833     53.000  1024.1692  49475.694    31.5699      1.526    6.36151    10.6606    10.6725    24.1622   11.51589 6.1850e+01      1.540 0.0000e+00
        214 199.525836    0.01479     0.8875     53.250  1024.1648  49467.663    31.5641      1.521    6.36182    10.6423    10.6719    24.1579   11.51648 6.1437e+01      1.536 0.0000e+00
        215 199.525839    0.01486     0.8917     53.500  1024.1711  49477.616    31.5699      1.521    6.36313    10.6210    10.6607    24.1642   11.51858 6.0396e+01      1.536 0.0000e+00
        216 199.525842    0.01493     0.8958     53.750  1024.1842  49498.633    31.5826      1.524    6.36512    10.5992    10.6425    24.1772   11.52172 5.9367e+01      1.539 0.0000e+00
        217 199.525845    0.01500     0.9000     54.000  1024.1996  49523.594    31.5977      1.530    6.36744    10.5786    10.6212    24.1927   11.52539 5.8754e+01      1.544 0.0000e+00
        218 199.525848    0.01507     0.9042     54.250  1024.2149  49548.182    31.6125      1.537    6.36985    10.5606    10.5993    24.2079   11.52921 5.8648e+01      1.551 0.0000e+00
        219 199.525851    0.01514     0.9083     54.500  1024.2292  49571.153    31.6263      1.546    6.37213    10.5462    10.5787    24.2222   11.53282 5.8909e+01      1.561 0.0000e+00
        220 199.525854    0.01521     0.9125     54.750  1024.2427  49592.982    31.6396      1.555    6.37407    10.5358    10.5607    24.2356   11.53587 5.9317e+01      1.570 0.0000e+00
        221 199.525856    0.01528     0.9167     55.000  1024.2554  49614.049    31.6528      1.562    6.37551    10.5293    10.5464    24.2483   11.53811 5.9666e+01      1.577 0.0000e+00
        222 199.525859    0.01535     0.9208     55.250  1024.2670  49633.634    31.6654      1.566    6.37642    10.5258    10.5360    24.2599   11.53947 5.9817e+01      1.581 0.0000e+00
        223 199.525862    0.01542     0.9250     55.500  1024.2764  49649.704    31.6760      1.567    6.37689    10.5239    10.5295    24.2692   11.54012 5.9946e+01      1.582 0.0000e+00
        224 199.525865    0.01549     0.9292     55.750  1024.2823  49659.935    31.6829      1.568    6.37709    10.5220    10.5260    24.2751   11.54038 6.0363e+01      1.582 0.0000e+00
        225 199.525868    0.01556     0.9333     56.000  1024.2843  49663.306    31.6850      1.568    6.37728    10.5194    10.5241    24.2771   11.54066 6.0893e+01      1.582 0.0000e+00
        226 199.525871    0.01563     0.9375     56.250  1024.2830  49660.729    31.6829      1.569    6.37762    10.5159    10.5222    24.2759   11.54125 6.1099e+01      1.583 0.0000e+00
        227 199.525874    0.01569     0.9417     56.500  1024.2802  49655.235    31.6787      1.571    6.37815    10.5122    10.5196    24.2730   11.54218 6.1003e+01      1.586 0.0000e+00
        228 199.525877    0.01576     0.9458     56.750  1024.2782  49651.129    31.6754      1.576    6.37877    10.5100    10.5161    24.2710   11.54325 6.0845e+01      1.591 0.0000e+00
        229 199.525880    0.01583     0.9500     57.000  1024.2790  49651.985    31.6755      1.582    6.37928    10.5112    10.5124    24.2718   11.54408 6.0724e+01      1.597 0.0000e+00
        230 199.525883    0.01590     0.9542     57.250  1024.2834  49659.555    31.6806      1.587    6.37938    10.5179    10.5102    24.2761   11.54419 6.0788e+01      1.602 0.0000e+00
        231 199.525885    0.01597     0.9583     57.500  1024.2902  49672.185    31.6897      1.588    6.37884    10.5321    10.5114    24.2830   11.54318 6.1188e+01      1.603 0.0000e+00
        232 199.525888    0.01604     0.9625     57.750  1024.2956  49682.866    31.6981      1.582    6.37757    10.5553    10.5181    24.2884   11.54099 6.1761e+01      1.597 0.0000e+00
        233 199.525891    0.01611     0.9667     58.000  1024.2933  49680.687    31.6983      1.568    6.37561    10.5857    10.5323    24.2861   11.53774 6.2076e+01      1.583 0.0000e+00
        234 199.525894    0.01618     0.9708     58.250  1024.2783  49656.939    31.6843      1.546    6.37297    10.6164    10.5555    24.2712   11.53353 6.1855e+01      1.560 0.0000e+00
        235 199.525897    0.01625     0.9750     58.500  1024.2514  49612.582    31.6565      1.521    6.36992    10.6399    10.5859    24.2444   11.52881 6.1185e+01      1.535 0.0000e+00
        236 199.525900    0.01632     0.9792     58.750  1024.2190  49558.269    31.6217      1.498    6.36710    10.6512    10.6166    24.2121   11.52455 6.0593e+01      1.513 0.0000e+00
        237 199.525903    0.01639     0.9833     59.000  1024.1891  49507.533    31.5886      1.486    6.36521    10.6479    10.6401    24.1823   11.52180 6.0404e+01      1.501 0.0000e+00
        238 199.525906    0.01646     0.9875     59.250  1024.1678  49470.494    31.5637      1.489    6.36467    10.6317    10.6514    24.1610   11.52120 6.0316e+01      1.504 0.0000e+00
        239 199.525909    0.01653     0.9917     59.500  1024.1579  49451.980    31.5502      1.507    6.36567    10.6088    10.6481    24.1510   11.52302 6.0240e+01      1.522 0.0000e+00
        240 199.525911    0.01660     0.9958     59.750  1024.1607  49454.538    31.5501      1.536    6.36792    10.5864    10.6318    24.1537   11.52674 6.0363e+01      1.551 0.0000e+00
        241 199.525914    0.01667     1.0000     60.000  1024.1755  49477.792    31.5638      1.568    6.37051    10.5693    10.6089    24.1683   11.53088 6.0475e+01      1.583 0.0000e+00
        242 199.525917    0.01674     1.0042     60.250  1024.1983  49515.905    31.5881      1.594    6.37260    10.5598    10.5865    24.1911   11.53406 6.0228e+01      1.609 0.0000e+00
        243 199.525920    0.01681     1.0083     60.500  1024.2227  49557.543    31.6156      1.609    6.37384    10.5593    10.5694    24.2153   11.53579 5.9603e+01      1.624 0.0000e+00
        244 199.525923    0.01688     1.0125     60.750  1024.2405  49588.478    31.6363      1.612    6.37430    10.5668    10.5600    24.2331   11.53630 5.8796e+01      1.627 0.0000e+00
        245 199.525926    0.01694     1.0167     61.000  1024.2456  49597.793    31.6429      1.604    6.37411    10.5768    10.5595    24.2383   11.53591 5.8072e+01      1.619 0.0000e+00
        246 199.525929    0.01701     1.0208     61.250  1024.2362  49581.787    31.6324      1.589    6.37350    10.5818    10.5670    24.2289   11.53503 5.7761e+01      1.604 0.0000e+00
        247 199.525932    0.01708     1.0250     61.500  1024.2153  49545.503    31.6079      1.574    6.37312    10.5764    10.5770    24.2081   11.53468 5.8083e+01      1.588 0.0000e+00
        248 199.525935    0.01715     1.0292     61.750  1024.1897  49499.826    31.5762      1.565    6.37372    10.5594    10.5820    24.1825   11.53605 5.8827e+01      1.579 0.0000e+00
        249 199.525938    0.01722     1.0333     62.000  1024.1677  49459.278    31.5468      1.566    6.37565    10.5345    10.5766    24.1606   11.53959 5.9547e+01      1.580 0.0000e+00
        250 199.525940    0.01729     1.0375     62.250  1024.1584  49439.978    31.5311      1.576    6.37864    10.5089    10.5596    24.1512   11.54474 5.9859e+01      1.591 0.0000e+00
        251 199.525943    0.01736     1.0417     62.500  1024.1633  49445.273    31.5318      1.592    6.38205    10.4877    10.5347    24.1560   11.55037 5.9567e+01      1.607 0.0000e+00
        252 199.525946    0.01743     1.0458     62.750  1024.1749  49462.630    31.5410      1.609    6.38521    10.4718    10.5091    24.1675   11.55550 5.9128e+01      1.624 0.0000e+00
        253 199.525949    0.01750     1.0500     63.000  1024.1863  49480.438    31.5511      1.622    6.38774    10.4607    10.4879    24.1789   11.55957 5.9294e+01      1.637 0.0000e+00
        254 199.525952    0.01757     1.0542     63.250  1024.1955  49494.797    31.5593      1.627    6.38959    10.4532    10.4720    24.1880   11.56254 6.0292e+01      1.642 0.0000e+00
        255 199.525955    0.01764     1.0583     63.500  1024.2020  49505.192    31.5653      1.621    6.39088    10.4480    10.4609    24.1946   11.56461 6.1766e+01      1.636 0.0000e+00
