CTD-processing/allCTD/CNV--homogene/2013_02-12_t4_s06_cast028.cnv
* Sea-Bird SBE19plus Data File:
* FileName = C:\Documents and Settings\kris.holderied.local\My Documents\2012-2013-CTD-DATA-new-files\2013-02-EVOSTC-CookInlet\2013-02-12-CookInlet-Barabara-to-BluffPt-Tran4\2013-02-12-CookInletOcean-Tran4-cast028.hex
* Software Version 1.54
* Temperature SN =  5028
* Conductivity SN =  5028
* System UpLoad Time = Feb 12 2013 14:24:33
** Cook Inlet Ocean Transect 4 Barabara to Bluff Pt
** Date:  12 Feb 2013
** Station:4-06
** Start time (AKDT-24 hr):1226
** Depth (m):68
** Comment:
# nquan = 17
# nvalues = 578                         
# units = specified
# name 0 = scan: Scan Count
# name 1 = timeJ: Julian Days
# name 2 = timeH: Time, Elapsed [hours]
# name 3 = timeM: Time, Elapsed [minutes]
# name 4 = timeS: Time, Elapsed [seconds]
# name 5 = density00: Density [density, kg/m^3]
# name 6 = specc: Specific Conductance [uS/cm]
# name 7 = sal00: Salinity, Practical [PSU]
# name 8 = depSM: Depth [salt water, m], lat = 59.00
# name 9 = oxsolML/L: Oxygen Saturation, Garcia & Gordon [ml/l]
# name 10 = potemp090C: Potential Temperature [ITS-90, deg C]
# name 11 = tv290C: Temperature [ITS-90, deg C]
# name 12 = sigma-é00: Density [sigma-theta, kg/m^3]
# name 13 = n2satML/L: Nitrogen Saturation [ml/l]
# name 14 = par: PAR/Irradiance, Biospherical/Licor
# name 15 = prdM: Pressure, Strain Gauge [db]
# name 16 = flag:  0.000e+00
# span 0 =          1,        578       
# span 1 =  43.601817,  43.603487       
# span 2 =    0.00000,    0.04007       
# span 3 =     0.0000,     2.4042       
# span 4 =      0.000,    144.250       
# span 5 =   999.9656,  1025.4886       
# span 6 =      4.619,  51512.490       
# span 7 =     0.0018,    31.7656       
# span 8 =     -0.106,     62.189       
# span 9 =    7.40401,    9.45556       
# span 10 =     2.8556,     4.0064      
# span 11 =     2.8551,     4.0104      
# span 12 =    -0.0338,    25.2377      
# span 13 =   13.23735,   17.12651      
# span 14 = 4.5869e-02, 2.1948e+02      
# span 15 =     -0.107,     62.785      
# span 16 = 0.0000e+00, 0.0000e+00      
# interval = seconds: 0.25
# start_time = Feb 12 2013 14:26:37 [Instrument's time stamp, header]
# bad_flag = -9.990e-29
*END*
[from data line 426]
        427  43.603050    0.02958     1.7750    106.500  1025.2959  51381.423    31.7004     26.002    7.42846     3.8853     3.8870    25.1731   13.27827 2.5303e+00     26.249 0.0000e+00
        428  43.603053    0.02965     1.7792    106.750  1025.2974  51381.903    31.7005     26.286    7.42846     3.8854     3.8869    25.1733   13.27827 2.4385e+00     26.536 0.0000e+00
        429  43.603056    0.02972     1.7833    107.000  1025.2988  51382.352    31.7007     26.562    7.42845     3.8855     3.8870    25.1734   13.27824 2.3539e+00     26.815 0.0000e+00
        430  43.603058    0.02979     1.7875    107.250  1025.3001  51382.691    31.7008     26.825    7.42842     3.8857     3.8871    25.1735   13.27820 2.2768e+00     27.080 0.0000e+00
        431  43.603061    0.02986     1.7917    107.500  1025.3013  51382.854    31.7008     27.074    7.42839     3.8858     3.8872    25.1735   13.27815 2.2062e+00     27.331 0.0000e+00
        432  43.603064    0.02993     1.7958    107.750  1025.3024  51382.875    31.7008     27.312    7.42837     3.8858     3.8874    25.1734   13.27811 2.1403e+00     27.571 0.0000e+00
        433  43.603067    0.03000     1.8000    108.000  1025.3034  51382.852    31.7007     27.545    7.42835     3.8858     3.8875    25.1733   13.27808 2.0770e+00     27.806 0.0000e+00
        434  43.603070    0.03007     1.8042    108.250  1025.3044  51382.860    31.7006     27.778    7.42835     3.8857     3.8875    25.1732   13.27808 2.0144e+00     28.042 0.0000e+00
        435  43.603073    0.03014     1.8083    108.500  1025.3055  51382.940    31.7005     28.017    7.42836     3.8856     3.8875    25.1732   13.27809 1.9510e+00     28.284 0.0000e+00
        436  43.603076    0.03021     1.8125    108.750  1025.3066  51383.135    31.7005     28.267    7.42837     3.8854     3.8875    25.1732   13.27811 1.8866e+00     28.536 0.0000e+00
        437  43.603079    0.03028     1.8167    109.000  1025.3079  51383.453    31.7005     28.530    7.42839     3.8853     3.8874    25.1732   13.27815 1.8213e+00     28.802 0.0000e+00
        438  43.603082    0.03035     1.8208    109.250  1025.3093  51383.810    31.7006     28.806    7.42841     3.8852     3.8872    25.1733   13.27818 1.7562e+00     29.080 0.0000e+00
        439  43.603084    0.03042     1.8250    109.500  1025.3107  51384.116    31.7006     29.091    7.42843     3.8851     3.8871    25.1733   13.27820 1.6921e+00     29.368 0.0000e+00
        440  43.603087    0.03049     1.8292    109.750  1025.3121  51384.372    31.7006     29.380    7.42844     3.8851     3.8870    25.1733   13.27822 1.6297e+00     29.659 0.0000e+00
        441  43.603090    0.03056     1.8333    110.000  1025.3134  51384.588    31.7006     29.668    7.42845     3.8851     3.8870    25.1733   13.27823 1.5703e+00     29.950 0.0000e+00
        442  43.603093    0.03062     1.8375    110.250  1025.3147  51384.803    31.7006     29.950    7.42845     3.8851     3.8870    25.1733   13.27824 1.5148e+00     30.235 0.0000e+00
        443  43.603096    0.03069     1.8417    110.500  1025.3161  51385.088    31.7007     30.224    7.42845     3.8852     3.8870    25.1734   13.27824 1.4633e+00     30.511 0.0000e+00
        444  43.603099    0.03076     1.8458    110.750  1025.3174  51385.401    31.7008     30.487    7.42844     3.8853     3.8870    25.1734   13.27822 1.4156e+00     30.777 0.0000e+00
        445  43.603102    0.03083     1.8500    111.000  1025.3186  51385.640    31.7008     30.740    7.42842     3.8853     3.8871    25.1735   13.27818 1.3710e+00     31.032 0.0000e+00
        446  43.603105    0.03090     1.8542    111.250  1025.3198  51385.777    31.7008     30.984    7.42840     3.8854     3.8873    25.1735   13.27815 1.3289e+00     31.279 0.0000e+00
        447  43.603108    0.03097     1.8583    111.500  1025.3209  51385.889    31.7008     31.226    7.42838     3.8854     3.8874    25.1734   13.27812 1.2880e+00     31.523 0.0000e+00
        448  43.603111    0.03104     1.8625    111.750  1025.3220  51386.042    31.7008     31.470    7.42836     3.8854     3.8874    25.1734   13.27810 1.2475e+00     31.769 0.0000e+00
        449  43.603113    0.03111     1.8667    112.000  1025.3232  51386.245    31.7009     31.719    7.42835     3.8855     3.8875    25.1735   13.27808 1.2071e+00     32.021 0.0000e+00
        450  43.603116    0.03118     1.8708    112.250  1025.3245  51386.502    31.7009     31.974    7.42835     3.8855     3.8875    25.1735   13.27807 1.1671e+00     32.278 0.0000e+00
        451  43.603119    0.03125     1.8750    112.500  1025.3258  51386.803    31.7010     32.233    7.42834     3.8856     3.8875    25.1736   13.27805 1.1279e+00     32.540 0.0000e+00
        452  43.603122    0.03132     1.8792    112.750  1025.3270  51387.089    31.7010     32.493    7.42833     3.8857     3.8876    25.1736   13.27803 1.0902e+00     32.802 0.0000e+00
        453  43.603125    0.03139     1.8833    113.000  1025.3282  51387.291    31.7011     32.749    7.42831     3.8857     3.8876    25.1736   13.27801 1.0548e+00     33.060 0.0000e+00
        454  43.603128    0.03146     1.8875    113.250  1025.3294  51387.439    31.7011     32.997    7.42830     3.8858     3.8877    25.1736   13.27799 1.0219e+00     33.310 0.0000e+00
        455  43.603131    0.03153     1.8917    113.500  1025.3305  51387.605    31.7011     33.234    7.42828     3.8858     3.8878    25.1736   13.27796 9.9155e-01     33.550 0.0000e+00
        456  43.603134    0.03160     1.8958    113.750  1025.3317  51387.856    31.7011     33.460    7.42826     3.8859     3.8879    25.1737   13.27793 9.6342e-01     33.779 0.0000e+00
        457  43.603137    0.03167     1.9000    114.000  1025.3328  51388.220    31.7013     33.678    7.42824     3.8861     3.8880    25.1738   13.27789 9.3705e-01     33.999 0.0000e+00
        458  43.603139    0.03174     1.9042    114.250  1025.3340  51388.716    31.7015     33.894    7.42821     3.8863     3.8881    25.1740   13.27784 9.1156e-01     34.217 0.0000e+00
        459  43.603142    0.03181     1.9083    114.500  1025.3354  51389.407    31.7019     34.115    7.42816     3.8867     3.8882    25.1743   13.27775 8.8554e-01     34.440 0.0000e+00
        460  43.603145    0.03188     1.9125    114.750  1025.3369  51390.270    31.7025     34.349    7.42809     3.8871     3.8885    25.1747   13.27762 8.5812e-01     34.676 0.0000e+00
        461  43.603148    0.03194     1.9167    115.000  1025.3385  51391.082    31.7030     34.601    7.42799     3.8876     3.8888    25.1750   13.27746 8.2935e-01     34.931 0.0000e+00
        462  43.603151    0.03201     1.9208    115.250  1025.3400  51391.582    31.7033     34.874    7.42789     3.8880     3.8893    25.1752   13.27729 7.9942e-01     35.206 0.0000e+00
        463  43.603154    0.03208     1.9250    115.500  1025.3414  51391.775    31.7034     35.166    7.42780     3.8883     3.8898    25.1753   13.27713 7.6879e-01     35.501 0.0000e+00
        464  43.603157    0.03215     1.9292    115.750  1025.3428  51391.915    31.7034     35.471    7.42772     3.8886     3.8903    25.1753   13.27700 7.3837e-01     35.809 0.0000e+00
        465  43.603160    0.03222     1.9333    116.000  1025.3443  51392.116    31.7035     35.783    7.42765     3.8888     3.8906    25.1753   13.27689 7.0916e-01     36.123 0.0000e+00
        466  43.603163    0.03229     1.9375    116.250  1025.3457  51392.319    31.7035     36.089    7.42760     3.8889     3.8909    25.1753   13.27681 6.8216e-01     36.432 0.0000e+00
        467  43.603166    0.03236     1.9417    116.500  1025.3471  51392.558    31.7036     36.378    7.42756     3.8891     3.8911    25.1753   13.27674 6.5805e-01     36.725 0.0000e+00
        468  43.603168    0.03243     1.9458    116.750  1025.3484  51392.836    31.7037     36.645    7.42752     3.8892     3.8913    25.1754   13.27667 6.3684e-01     36.994 0.0000e+00
        469  43.603171    0.03250     1.9500    117.000  1025.3496  51393.092    31.7038     36.888    7.42748     3.8894     3.8914    25.1755   13.27661 6.1808e-01     37.240 0.0000e+00
        470  43.603174    0.03257     1.9542    117.250  1025.3508  51393.323    31.7039     37.112    7.42745     3.8895     3.8916    25.1755   13.27656 6.0108e-01     37.466 0.0000e+00
        471  43.603177    0.03264     1.9583    117.500  1025.3518  51393.544    31.7039     37.324    7.42742     3.8896     3.8917    25.1756   13.27651 5.8512e-01     37.680 0.0000e+00
        472  43.603180    0.03271     1.9625    117.750  1025.3528  51393.789    31.7040     37.531    7.42739     3.8898     3.8919    25.1756   13.27645 5.6959e-01     37.889 0.0000e+00
        473  43.603183    0.03278     1.9667    118.000  1025.3539  51394.063    31.7042     37.742    7.42736     3.8900     3.8920    25.1757   13.27639 5.5400e-01     38.102 0.0000e+00
        474  43.603186    0.03285     1.9708    118.250  1025.3550  51394.327    31.7043     37.960    7.42732     3.8902     3.8922    25.1758   13.27633 5.3816e-01     38.322 0.0000e+00
        475  43.603189    0.03292     1.9750    118.500  1025.3561  51394.550    31.7044     38.188    7.42728     3.8903     3.8924    25.1758   13.27626 5.2205e-01     38.552 0.0000e+00
        476  43.603192    0.03299     1.9792    118.750  1025.3573  51394.697    31.7044     38.426    7.42724     3.8905     3.8926    25.1758   13.27620 5.0574e-01     38.792 0.0000e+00
        477  43.603194    0.03306     1.9833    119.000  1025.3584  51394.806    31.7044     38.674    7.42721     3.8907     3.8928    25.1758   13.27615 4.8943e-01     39.043 0.0000e+00
        478  43.603197    0.03313     1.9875    119.250  1025.3596  51395.003    31.7044     38.929    7.42718     3.8909     3.8930    25.1758   13.27609 4.7336e-01     39.300 0.0000e+00
        479  43.603200    0.03319     1.9917    119.500  1025.3610  51395.356    31.7046     39.188    7.42714     3.8911     3.8931    25.1759   13.27602 4.5771e-01     39.561 0.0000e+00
        480  43.603203    0.03326     1.9958    119.750  1025.3624  51395.798    31.7048     39.447    7.42709     3.8913     3.8933    25.1761   13.27594 4.4267e-01     39.823 0.0000e+00
        481  43.603206    0.03333     2.0000    120.000  1025.3637  51396.174    31.7050     39.705    7.42704     3.8915     3.8936    25.1762   13.27586 4.2841e-01     40.084 0.0000e+00
        482  43.603209    0.03340     2.0042    120.250  1025.3649  51396.375    31.7051     39.959    7.42699     3.8917     3.8938    25.1762   13.27578 4.1490e-01     40.341 0.0000e+00
        483  43.603212    0.03347     2.0083    120.500  1025.3661  51396.520    31.7051     40.210    7.42695     3.8919     3.8941    25.1762   13.27570 4.0201e-01     40.594 0.0000e+00
        484  43.603215    0.03354     2.0125    120.750  1025.3673  51396.782    31.7052     40.459    7.42690     3.8922     3.8943    25.1763   13.27562 3.8960e-01     40.845 0.0000e+00
        485  43.603218    0.03361     2.0167    121.000  1025.3686  51397.126    31.7053     40.709    7.42685     3.8924     3.8945    25.1764   13.27553 3.7753e-01     41.097 0.0000e+00
        486  43.603220    0.03368     2.0208    121.250  1025.3699  51397.486    31.7055     40.961    7.42679     3.8927     3.8948    25.1765   13.27544 3.6570e-01     41.351 0.0000e+00
        487  43.603223    0.03375     2.0250    121.500  1025.3712  51397.872    31.7057     41.217    7.42674     3.8930     3.8950    25.1767   13.27535 3.5410e-01     41.610 0.0000e+00
        488  43.603226    0.03382     2.0292    121.750  1025.3726  51398.214    31.7059     41.477    7.42668     3.8932     3.8953    25.1768   13.27525 3.4275e-01     41.872 0.0000e+00
        489  43.603229    0.03389     2.0333    122.000  1025.3739  51398.482    31.7060     41.737    7.42662     3.8935     3.8956    25.1768   13.27515 3.3180e-01     42.136 0.0000e+00
        490  43.603232    0.03396     2.0375    122.250  1025.3752  51398.786    31.7061     41.994    7.42656     3.8939     3.8959    25.1769   13.27505 3.2145e-01     42.395 0.0000e+00
        491  43.603235    0.03403     2.0417    122.500  1025.3765  51399.170    31.7063     42.243    7.42649     3.8942     3.8962    25.1771   13.27494 3.1178e-01     42.646 0.0000e+00
        492  43.603238    0.03410     2.0458    122.750  1025.3778  51399.512    31.7065     42.483    7.42642     3.8946     3.8965    25.1772   13.27482 3.0274e-01     42.888 0.0000e+00
        493  43.603241    0.03417     2.0500    123.000  1025.3790  51399.764    31.7067     42.716    7.42635     3.8949     3.8969    25.1773   13.27470 2.9419e-01     43.123 0.0000e+00
        494  43.603244    0.03424     2.0542    123.250  1025.3801  51400.018    31.7068     42.944    7.42628     3.8953     3.8973    25.1774   13.27457 2.8597e-01     43.354 0.0000e+00
        495  43.603247    0.03431     2.0583    123.500  1025.3813  51400.334    31.7070     43.171    7.42620     3.8958     3.8977    25.1775   13.27443 2.7795e-01     43.583 0.0000e+00
        496  43.603249    0.03438     2.0625    123.750  1025.3825  51400.715    31.7073     43.401    7.42611     3.8963     3.8981    25.1777   13.27428 2.7007e-01     43.815 0.0000e+00
        497  43.603252    0.03444     2.0667    124.000  1025.3837  51401.014    31.7075     43.634    7.42601     3.8968     3.8986    25.1778   13.27412 2.6230e-01     44.051 0.0000e+00
        498  43.603255    0.03451     2.0708    124.250  1025.3848  51400.943    31.7074     43.872    7.42591     3.8971     3.8991    25.1777   13.27396 2.5461e-01     44.291 0.0000e+00
        499  43.603258    0.03458     2.0750    124.500  1025.3857  51400.580    31.7072     44.113    7.42584     3.8972     3.8996    25.1774   13.27385 2.4707e-01     44.534 0.0000e+00
        500  43.603261    0.03465     2.0792    124.750  1025.3866  51400.239    31.7069     44.356    7.42580     3.8973     3.8999    25.1772   13.27379 2.3978e-01     44.779 0.0000e+00
        501  43.603264    0.03472     2.0833    125.000  1025.3874  51399.887    31.7066     44.597    7.42578     3.8971     3.9000    25.1769   13.27376 2.3281e-01     45.023 0.0000e+00
        502  43.603267    0.03479     2.0875    125.250  1025.3882  51399.421    31.7061     44.833    7.42579     3.8968     3.9001    25.1766   13.27379 2.2621e-01     45.261 0.0000e+00
        503  43.603270    0.03486     2.0917    125.500  1025.3890  51399.008    31.7057     45.063    7.42584     3.8965     3.8999    25.1762   13.27387 2.2001e-01     45.493 0.0000e+00
        504  43.603273    0.03493     2.0958    125.750  1025.3899  51399.008    31.7055     45.285    7.42590     3.8963     3.8997    25.1761   13.27397 2.1417e-01     45.718 0.0000e+00
        505  43.603275    0.03500     2.1000    126.000  1025.3911  51399.552    31.7057     45.502    7.42595     3.8962     3.8994    25.1763   13.27405 2.0857e-01     45.937 0.0000e+00
        506  43.603278    0.03507     2.1042    126.250  1025.3924  51400.308    31.7061     45.719    7.42597     3.8962     3.8992    25.1766   13.27408 2.0306e-01     46.156 0.0000e+00
        507  43.603281    0.03514     2.1083    126.500  1025.3937  51400.966    31.7064     45.943    7.42597     3.8963     3.8991    25.1768   13.27407 1.9752e-01     46.382 0.0000e+00
        508  43.603284    0.03521     2.1125    126.750  1025.3951  51401.547    31.7067     46.179    7.42595     3.8966     3.8992    25.1771   13.27403 1.9183e-01     46.620 0.0000e+00
        509  43.603287    0.03528     2.1167    127.000  1025.3966  51402.272    31.7071     46.430    7.42590     3.8971     3.8993    25.1774   13.27395 1.8600e-01     46.874 0.0000e+00
        510  43.603290    0.03535     2.1208    127.250  1025.3983  51403.303    31.7077     46.696    7.42582     3.8979     3.8995    25.1779   13.27381 1.8006e-01     47.143 0.0000e+00
