CTD-processing/allCTD/CNV--homogene/2013_04-20_t3_s02_cast120.cnv
* Sea-Bird SBE19plus Data File:
* FileName = C:\Documents and Settings\kris.holderied.local\My Documents\2012-2013-CTD-DATA-new-files\2013-04-EVOSTC-CookInlet-Ocean\2013-04-CookInlet-Tran3-AnchorPt\2013-04-20-CookInlet-Tran3-cast120.hex
* Software Version 1.54
* Temperature SN =  5028
* Conductivity SN =  5028
* System UpLoad Time = Apr 20 2013 23:42:21
** Cook Inlet LTM Transect 3 (Anchor Pt) East to West
** Date:  2013-04-20
** Station:  3-02
** Start time (AKDT-24 hr):  2227
** Depth (m): 28
** Comment:
# nquan = 17
# nvalues = 587                         
# units = specified
# name 0 = scan: Scan Count
# name 1 = timeJ: Julian Days
# name 2 = timeH: Time, Elapsed [hours]
# name 3 = timeM: Time, Elapsed [minutes]
# name 4 = timeS: Time, Elapsed [seconds]
# name 5 = density00: Density [density, kg/m^3]
# name 6 = specc: Specific Conductance [uS/cm]
# name 7 = sal00: Salinity, Practical [PSU]
# name 8 = depSM: Depth [salt water, m], lat = 59.00
# name 9 = oxsolML/L: Oxygen Saturation, Garcia & Gordon [ml/l]
# name 10 = potemp090C: Potential Temperature [ITS-90, deg C]
# name 11 = tv290C: Temperature [ITS-90, deg C]
# name 12 = sigma-é00: Density [sigma-theta, kg/m^3]
# name 13 = n2satML/L: Nitrogen Saturation [ml/l]
# name 14 = par: PAR/Irradiance, Biospherical/Licor
# name 15 = prdM: Pressure, Strain Gauge [db]
# name 16 = flag:  0.000e+00
# span 0 =          1,        587       
# span 1 = 110.936609, 110.938304       
# span 2 =    0.00000,    0.04069       
# span 3 =     0.0000,     2.4417       
# span 4 =      0.000,    146.500       
# span 5 =   999.9311,  1024.6934       
# span 6 =     35.471,  50839.404       
# span 7 =     0.0135,    30.7128       
# span 8 =      0.107,     27.854       
# span 9 =    7.92873,    9.84407       
# span 10 =     1.3545,     1.5522      
# span 11 =     1.3545,     1.5528      
# span 12 =    -0.0695,    24.5686      
# span 13 =   14.11692,   17.77622      
# span 14 = 3.7912e-02, 1.5838e+00      
# span 15 =      0.108,     28.119      
# span 16 = 0.0000e+00, 0.0000e+00      
# interval = seconds: 0.25
# start_time = Apr 20 2013 22:28:43 [Instrument's time stamp, header]
# bad_flag = -9.990e-29
*END*
[from data line 86]
         87 110.936858    0.00597     0.3583     21.500  1024.5552  50798.519    30.6895      1.148    7.93332     1.5306     1.5341    24.5497   14.12469 9.7550e-02      1.159 0.0000e+00
         88 110.936861    0.00604     0.3625     21.750  1024.5562  50801.000    30.6905      1.161    7.93368     1.5301     1.5321    24.5506   14.12528 9.1616e-02      1.172 0.0000e+00
         89 110.936863    0.00611     0.3667     22.000  1024.5571  50803.178    30.6915      1.173    7.93391     1.5303     1.5307    24.5515   14.12563 8.9218e-02      1.184 0.0000e+00
         90 110.936866    0.00618     0.3708     22.250  1024.5580  50804.898    30.6925      1.185    7.93397     1.5314     1.5301    24.5523   14.12572 9.0581e-02      1.197 0.0000e+00
         91 110.936869    0.00625     0.3750     22.500  1024.5586  50805.795    30.6932      1.200    7.93388     1.5329     1.5304    24.5529   14.12556 9.5895e-02      1.212 0.0000e+00
         92 110.936872    0.00632     0.3792     22.750  1024.5588  50805.710    30.6934      1.218    7.93366     1.5346     1.5314    24.5530   14.12518 1.0513e-01      1.230 0.0000e+00
         93 110.936875    0.00639     0.3833     23.000  1024.5587  50804.918    30.6933      1.238    7.93335     1.5363     1.5330    24.5528   14.12467 1.1795e-01      1.250 0.0000e+00
         94 110.936878    0.00646     0.3875     23.250  1024.5584  50803.528    30.6929      1.259    7.93302     1.5377     1.5347    24.5524   14.12414 1.3304e-01      1.271 0.0000e+00
         95 110.936881    0.00653     0.3917     23.500  1024.5578  50801.706    30.6921      1.278    7.93272     1.5388     1.5363    24.5517   14.12366 1.4888e-01      1.290 0.0000e+00
         96 110.936884    0.00660     0.3958     23.750  1024.5571  50799.786    30.6913      1.293    7.93248     1.5396     1.5378    24.5509   14.12328 1.6443e-01      1.305 0.0000e+00
         97 110.936887    0.00667     0.4000     24.000  1024.5564  50797.983    30.6904      1.302    7.93231     1.5402     1.5389    24.5501   14.12300 1.7903e-01      1.314 0.0000e+00
         98 110.936889    0.00674     0.4042     24.250  1024.5557  50796.550    30.6897      1.303    7.93218     1.5407     1.5397    24.5495   14.12279 1.9091e-01      1.316 0.0000e+00
         99 110.936892    0.00681     0.4083     24.500  1024.5553  50795.653    30.6893      1.296    7.93208     1.5410     1.5403    24.5492   14.12263 1.9849e-01      1.308 0.0000e+00
        100 110.936895    0.00688     0.4125     24.750  1024.5552  50795.298    30.6892      1.280    7.93199     1.5413     1.5408    24.5491   14.12249 2.0160e-01      1.292 0.0000e+00
        101 110.936898    0.00694     0.4167     25.000  1024.5552  50795.322    30.6893      1.258    7.93191     1.5415     1.5411    24.5491   14.12236 1.9932e-01      1.269 0.0000e+00
        102 110.936901    0.00701     0.4208     25.250  1024.5551  50795.393    30.6895      1.231    7.93185     1.5416     1.5414    24.5492   14.12226 1.9213e-01      1.242 0.0000e+00
        103 110.936904    0.00708     0.4250     25.500  1024.5550  50795.374    30.6895      1.202    7.93181     1.5416     1.5415    24.5492   14.12219 1.8254e-01      1.214 0.0000e+00
        104 110.936907    0.00715     0.4292     25.750  1024.5549  50795.368    30.6895      1.176    7.93179     1.5417     1.5416    24.5493   14.12216 1.7072e-01      1.187 0.0000e+00
        105 110.936910    0.00722     0.4333     26.000  1024.5548  50795.357    30.6896      1.156    7.93178     1.5417     1.5417    24.5493   14.12214 1.5341e-01      1.167 0.0000e+00
        106 110.936913    0.00729     0.4375     26.250  1024.5547  50795.191    30.6895      1.144    7.93178     1.5418     1.5417    24.5492   14.12214 1.3114e-01      1.154 0.0000e+00
        107 110.936916    0.00736     0.4417     26.500  1024.5544  50794.717    30.6892      1.140    7.93178     1.5418     1.5418    24.5490   14.12215 1.0958e-01      1.150 0.0000e+00
        108 110.936918    0.00743     0.4458     26.750  1024.5540  50793.872    30.6887      1.143    7.93180     1.5418     1.5418    24.5485   14.12219 9.2626e-02      1.153 0.0000e+00
        109 110.936921    0.00750     0.4500     27.000  1024.5534  50792.680    30.6879      1.152    7.93183     1.5418     1.5419    24.5479   14.12225 8.0999e-02      1.162 0.0000e+00
        110 110.936924    0.00757     0.4542     27.250  1024.5527  50791.222    30.6869      1.165    7.93189     1.5417     1.5419    24.5471   14.12235 7.3888e-02      1.176 0.0000e+00
        111 110.936927    0.00764     0.4583     27.500  1024.5520  50789.800    30.6859      1.179    7.93195     1.5415     1.5418    24.5463   14.12247 7.0130e-02      1.191 0.0000e+00
        112 110.936930    0.00771     0.4625     27.750  1024.5516  50789.027    30.6854      1.194    7.93200     1.5415     1.5417    24.5459   14.12257 6.8930e-02      1.206 0.0000e+00
        113 110.936933    0.00778     0.4667     28.000  1024.5518  50789.271    30.6855      1.209    7.93203     1.5415     1.5416    24.5460   14.12260 7.0098e-02      1.220 0.0000e+00
        114 110.936936    0.00785     0.4708     28.250  1024.5524  50790.225    30.6861      1.222    7.93201     1.5416     1.5415    24.5465   14.12257 7.3987e-02      1.234 0.0000e+00
        115 110.936939    0.00792     0.4750     28.500  1024.5530  50791.376    30.6869      1.235    7.93196     1.5418     1.5416    24.5471   14.12247 8.1058e-02      1.246 0.0000e+00
        116 110.936942    0.00799     0.4792     28.750  1024.5536  50792.290    30.6875      1.246    7.93189     1.5420     1.5417    24.5476   14.12235 9.1660e-02      1.258 0.0000e+00
        117 110.936944    0.00806     0.4833     29.000  1024.5539  50792.684    30.6878      1.257    7.93183     1.5422     1.5419    24.5479   14.12225 1.0612e-01      1.269 0.0000e+00
        118 110.936947    0.00813     0.4875     29.250  1024.5539  50792.539    30.6878      1.268    7.93179     1.5423     1.5421    24.5478   14.12218 1.2404e-01      1.280 0.0000e+00
        119 110.936950    0.00819     0.4917     29.500  1024.5536  50791.895    30.6874      1.278    7.93178     1.5423     1.5423    24.5475   14.12217 1.4305e-01      1.290 0.0000e+00
        120 110.936953    0.00826     0.4958     29.750  1024.5530  50790.623    30.6866      1.286    7.93181     1.5422     1.5424    24.5468   14.12223 1.5958e-01      1.299 0.0000e+00
        121 110.936956    0.00833     0.5000     30.000  1024.5519  50788.551    30.6852      1.291    7.93189     1.5419     1.5424    24.5457   14.12237 1.7221e-01      1.304 0.0000e+00
        122 110.936959    0.00840     0.5042     30.250  1024.5504  50785.860    30.6833      1.292    7.93202     1.5415     1.5422    24.5443   14.12261 1.8080e-01      1.304 0.0000e+00
        123 110.936962    0.00847     0.5083     30.500  1024.5489  50783.097    30.6814      1.286    7.93218     1.5412     1.5419    24.5427   14.12291 1.8380e-01      1.298 0.0000e+00
        124 110.936965    0.00854     0.5125     30.750  1024.5475  50780.724    30.6797      1.273    7.93235     1.5409     1.5416    24.5414   14.12321 1.8189e-01      1.285 0.0000e+00
        125 110.936968    0.00861     0.5167     31.000  1024.5464  50778.860    30.6784      1.256    7.93249     1.5408     1.5412    24.5404   14.12346 1.7714e-01      1.268 0.0000e+00
        126 110.936970    0.00868     0.5208     31.250  1024.5456  50777.551    30.6775      1.236    7.93259     1.5407     1.5410    24.5396   14.12364 1.6837e-01      1.248 0.0000e+00
        127 110.936973    0.00875     0.5250     31.500  1024.5452  50777.053    30.6771      1.215    7.93264     1.5406     1.5408    24.5393   14.12373 1.5477e-01      1.227 0.0000e+00
        128 110.936976    0.00882     0.5292     31.750  1024.5454  50777.688    30.6775      1.197    7.93264     1.5406     1.5407    24.5397   14.12372 1.3774e-01      1.208 0.0000e+00
        129 110.936979    0.00889     0.5333     32.000  1024.5462  50779.321    30.6785      1.182    7.93259     1.5406     1.5406    24.5406   14.12363 1.1896e-01      1.193 0.0000e+00
        130 110.936982    0.00896     0.5375     32.250  1024.5471  50781.061    30.6797      1.171    7.93253     1.5407     1.5406    24.5415   14.12352 1.0167e-01      1.182 0.0000e+00
        131 110.936985    0.00903     0.5417     32.500  1024.5476  50782.051    30.6804      1.165    7.93249     1.5407     1.5406    24.5420   14.12344 8.8332e-02      1.176 0.0000e+00
        132 110.936988    0.00910     0.5458     32.750  1024.5476  50782.054    30.6804      1.163    7.93248     1.5406     1.5407    24.5420   14.12342 7.8880e-02      1.174 0.0000e+00
        133 110.936991    0.00917     0.5500     33.000  1024.5471  50781.080    30.6798      1.163    7.93252     1.5404     1.5407    24.5415   14.12349 7.2705e-02      1.174 0.0000e+00
        134 110.936994    0.00924     0.5542     33.250  1024.5462  50779.368    30.6786      1.165    7.93260     1.5401     1.5406    24.5406   14.12363 6.9269e-02      1.176 0.0000e+00
        135 110.936997    0.00931     0.5583     33.500  1024.5451  50777.421    30.6772      1.169    7.93271     1.5398     1.5404    24.5395   14.12383 6.8338e-02      1.180 0.0000e+00
        136 110.936999    0.00937     0.5625     33.750  1024.5441  50775.541    30.6759      1.175    7.93284     1.5395     1.5402    24.5384   14.12407 6.9978e-02      1.187 0.0000e+00
        137 110.937002    0.00944     0.5667     34.000  1024.5431  50773.760    30.6746      1.184    7.93297     1.5392     1.5398    24.5374   14.12431 7.4361e-02      1.195 0.0000e+00
        138 110.937005    0.00951     0.5708     34.250  1024.5422  50772.054    30.6734      1.194    7.93310     1.5389     1.5395    24.5365   14.12454 8.1795e-02      1.206 0.0000e+00
        139 110.937008    0.00958     0.5750     34.500  1024.5413  50770.394    30.6722      1.206    7.93323     1.5387     1.5392    24.5355   14.12476 9.2432e-02      1.217 0.0000e+00
        140 110.937011    0.00965     0.5792     34.750  1024.5405  50768.833    30.6711      1.218    7.93334     1.5386     1.5390    24.5346   14.12496 1.0591e-01      1.229 0.0000e+00
        141 110.937014    0.00972     0.5833     35.000  1024.5398  50767.453    30.6701      1.228    7.93343     1.5384     1.5388    24.5339   14.12513 1.2245e-01      1.240 0.0000e+00
        142 110.937017    0.00979     0.5875     35.250  1024.5392  50766.280    30.6693      1.238    7.93351     1.5381     1.5386    24.5332   14.12528 1.4249e-01      1.249 0.0000e+00
        143 110.937020    0.00986     0.5917     35.500  1024.5387  50765.381    30.6686      1.246    7.93359     1.5377     1.5384    24.5327   14.12541 1.6308e-01      1.257 0.0000e+00
        144 110.937023    0.00993     0.5958     35.750  1024.5383  50764.837    30.6682      1.253    7.93367     1.5370     1.5382    24.5324   14.12555 1.7965e-01      1.264 0.0000e+00
        145 110.937025    0.01000     0.6000     36.000  1024.5382  50764.740    30.6680      1.259    7.93377     1.5360     1.5377    24.5322   14.12571 1.9126e-01      1.270 0.0000e+00
        146 110.937028    0.01007     0.6042     36.250  1024.5384  50765.307    30.6682      1.263    7.93389     1.5345     1.5371    24.5324   14.12591 1.9960e-01      1.275 0.0000e+00
        147 110.937031    0.01014     0.6083     36.500  1024.5391  50766.816    30.6689      1.265    7.93406     1.5325     1.5361    24.5330   14.12618 2.0622e-01      1.276 0.0000e+00
        148 110.937034    0.01021     0.6125     36.750  1024.5403  50769.578    30.6703      1.263    7.93429     1.5299     1.5346    24.5343   14.12653 2.1077e-01      1.274 0.0000e+00
        149 110.937037    0.01028     0.6167     37.000  1024.5421  50773.736    30.6725      1.256    7.93458     1.5270     1.5325    24.5361   14.12699 2.1310e-01      1.268 0.0000e+00
        150 110.937040    0.01035     0.6208     37.250  1024.5444  50779.009    30.6752      1.246    7.93496     1.5241     1.5299    24.5385   14.12758 2.1392e-01      1.258 0.0000e+00
        151 110.937043    0.01042     0.6250     37.500  1024.5469  50784.757    30.6782      1.234    7.93539     1.5215     1.5270    24.5410   14.12824 2.1204e-01      1.246 0.0000e+00
        152 110.937046    0.01049     0.6292     37.750  1024.5493  50790.232    30.6810      1.221    7.93582     1.5194     1.5241    24.5435   14.12892 2.0462e-01      1.233 0.0000e+00
        153 110.937049    0.01056     0.6333     38.000  1024.5513  50794.890    30.6833      1.210    7.93622     1.5176     1.5216    24.5455   14.12954 1.9049e-01      1.221 0.0000e+00
        154 110.937052    0.01063     0.6375     38.250  1024.5528  50798.609    30.6851      1.201    7.93655     1.5161     1.5194    24.5471   14.13007 1.7241e-01      1.212 0.0000e+00
        155 110.937054    0.01069     0.6417     38.500  1024.5542  50801.715    30.6867      1.196    7.93683     1.5149     1.5176    24.5484   14.13050 1.5223e-01      1.207 0.0000e+00
        156 110.937057    0.01076     0.6458     38.750  1024.5554  50804.578    30.6881      1.195    7.93704     1.5138     1.5162    24.5497   14.13084 1.3153e-01      1.206 0.0000e+00
        157 110.937060    0.01083     0.6500     39.000  1024.5566  50807.164    30.6895      1.198    7.93722     1.5129     1.5149    24.5508   14.13112 1.1436e-01      1.209 0.0000e+00
        158 110.937063    0.01090     0.6542     39.250  1024.5575  50809.172    30.6905      1.204    7.93738     1.5122     1.5139    24.5517   14.13137 1.0260e-01      1.216 0.0000e+00
        159 110.937066    0.01097     0.6583     39.500  1024.5580  50810.351    30.6910      1.212    7.93753     1.5116     1.5130    24.5522   14.13161 9.5546e-02      1.224 0.0000e+00
        160 110.937069    0.01104     0.6625     39.750  1024.5581  50810.788    30.6911      1.220    7.93767     1.5110     1.5123    24.5523   14.13184 9.2061e-02      1.231 0.0000e+00
        161 110.937072    0.01111     0.6667     40.000  1024.5582  50811.028    30.6911      1.225    7.93780     1.5103     1.5117    24.5523   14.13205 9.1340e-02      1.237 0.0000e+00
        162 110.937075    0.01118     0.6708     40.250  1024.5585  50811.739    30.6914      1.228    7.93790     1.5094     1.5111    24.5526   14.13222 9.2886e-02      1.239 0.0000e+00
        163 110.937078    0.01125     0.6750     40.500  1024.5592  50813.303    30.6922      1.226    7.93800     1.5085     1.5104    24.5533   14.13237 9.6415e-02      1.237 0.0000e+00
        164 110.937080    0.01132     0.6792     40.750  1024.5603  50815.667    30.6935      1.220    7.93810     1.5076     1.5095    24.5544   14.13251 1.0249e-01      1.231 0.0000e+00
        165 110.937083    0.01139     0.6833     41.000  1024.5615  50818.349    30.6950      1.211    7.93821     1.5069     1.5086    24.5557   14.13268 1.1168e-01      1.222 0.0000e+00
        166 110.937086    0.01146     0.6875     41.250  1024.5625  50820.637    30.6963      1.202    7.93833     1.5062     1.5077    24.5568   14.13284 1.2413e-01      1.213 0.0000e+00
        167 110.937089    0.01153     0.6917     41.500  1024.5631  50822.152    30.6971      1.195    7.93843     1.5057     1.5069    24.5574   14.13300 1.3963e-01      1.207 0.0000e+00
        168 110.937092    0.01160     0.6958     41.750  1024.5636  50823.204    30.6976      1.194    7.93853     1.5053     1.5063    24.5579   14.13316 1.5588e-01      1.205 0.0000e+00
        169 110.937095    0.01167     0.7000     42.000  1024.5641  50824.276    30.6982      1.199    7.93861     1.5052     1.5058    24.5583   14.13329 1.7009e-01      1.210 0.0000e+00
        170 110.937098    0.01174     0.7042     42.250  1024.5646  50825.271    30.6987      1.210    7.93866     1.5056     1.5054    24.5588   14.13336 1.8136e-01      1.222 0.0000e+00
