CTD-processing/allCTD/CNV--homogene/2013_07-18_t7_s06_cast018.cnv
* Sea-Bird SBE19plus Data File:
* FileName = C:\Documents and Settings\kris.holderied.local\My Documents\2012-2013-CTD-DATA-new-files\2013-07-CookInlet-EVOSTC-LTM\2013-07-18-CookInlet-Tran7-Augustine\2013-07-18-CookInlet-Tran7-Augustine-cast018.hex
* Software Version 1.54
* Temperature SN =  5028
* Conductivity SN =  5028
* System UpLoad Time = Jul 18 2013 22:20:23
** Cook Inlet LTM Ocean - Tran7 Augustine Line, East to West
** Date: 2013-07-18
** Station: 7-06
** Start time (AKDT-24 hr): 18:27
** Depth (m): 54
** Comment:
** Comment:
# nquan = 17
# nvalues = 518                         
# units = specified
# name 0 = scan: Scan Count
# name 1 = timeJ: Julian Days
# name 2 = timeH: Time, Elapsed [hours]
# name 3 = timeM: Time, Elapsed [minutes]
# name 4 = timeS: Time, Elapsed [seconds]
# name 5 = density00: Density [density, kg/m^3]
# name 6 = specc: Specific Conductance [uS/cm]
# name 7 = sal00: Salinity, Practical [PSU]
# name 8 = depSM: Depth [salt water, m], lat = 59.00
# name 9 = oxsolML/L: Oxygen Saturation, Garcia & Gordon [ml/l]
# name 10 = potemp090C: Potential Temperature [ITS-90, deg C]
# name 11 = tv290C: Temperature [ITS-90, deg C]
# name 12 = sigma-é00: Density [sigma-theta, kg/m^3]
# name 13 = n2satML/L: Nitrogen Saturation [ml/l]
# name 14 = par: PAR/Irradiance, Biospherical/Licor
# name 15 = prdM: Pressure, Strain Gauge [db]
# name 16 = flag:  0.000e+00
# span 0 =          1,        518       
# span 1 = 199.769491, 199.770987       
# span 2 =    0.00000,    0.03590       
# span 3 =     0.0000,     2.1542       
# span 4 =      0.000,    129.250       
# span 5 =   999.5864,  1025.1860       
# span 6 =    340.925,  50663.588       
# span 7 =     0.1619,    31.8772       
# span 8 =      0.025,     54.416       
# span 9 =    6.30072,    7.47555       
# span 10 =     7.1945,    12.3883      
# span 11 =     7.1994,    12.3884      
# span 12 =    -0.4138,    24.9338      
# span 13 =   11.43352,   13.78921      
# span 14 = 6.1166e-02, 1.0062e+03      
# span 15 =      0.025,     54.937      
# span 16 = 0.0000e+00, 0.0000e+00      
# interval = seconds: 0.25
# start_time = Jul 18 2013 18:28:04 [Instrument's time stamp, header]
# bad_flag = -9.990e-29
*END*
[from data line 86]
         87 199.769740    0.00597     0.3583     21.500  1022.8147  47157.668    30.0278      1.306    6.30239    11.5573    11.5633    22.8088   11.43602 2.9773e+02      1.318 0.0000e+00
         88 199.769742    0.00604     0.3625     21.750  1022.8284  47181.858    30.0442      1.276    6.30255    11.5636    11.5572    22.8226   11.43610 3.0293e+02      1.288 0.0000e+00
         89 199.769745    0.00611     0.3667     22.000  1022.8324  47189.305    30.0495      1.253    6.30230    11.5711    11.5575    22.8267   11.43561 3.0135e+02      1.265 0.0000e+00
         90 199.769748    0.00618     0.3708     22.250  1022.8245  47176.158    30.0409      1.237    6.30180    11.5740    11.5637    22.8189   11.43489 2.8191e+02      1.249 0.0000e+00
         91 199.769751    0.00625     0.3750     22.500  1022.8089  47149.121    30.0226      1.233    6.30151    11.5690    11.5713    22.8033   11.43463 2.5876e+02      1.244 0.0000e+00
         92 199.769754    0.00632     0.3792     22.750  1022.7948  47123.699    30.0049      1.244    6.30184    11.5577    11.5742    22.7891   11.43537 2.4347e+02      1.255 0.0000e+00
         93 199.769757    0.00639     0.3833     23.000  1022.7909  47115.581    29.9987      1.272    6.30276    11.5454    11.5692    22.7851   11.43697 2.3614e+02      1.283 0.0000e+00
         94 199.769760    0.00646     0.3875     23.250  1022.8020  47133.512    30.0102      1.312    6.30381    11.5373    11.5579    22.7960   11.43858 2.3612e+02      1.324 0.0000e+00
         95 199.769763    0.00653     0.3917     23.500  1022.8234  47169.951    30.0346      1.359    6.30450    11.5368    11.5455    22.8172   11.43944 2.3898e+02      1.371 0.0000e+00
         96 199.769766    0.00660     0.3958     23.750  1022.8422  47202.454    30.0567      1.406    6.30471    11.5434    11.5374    22.8358   11.43952 2.4006e+02      1.419 0.0000e+00
         97 199.769769    0.00667     0.4000     24.000  1022.8479  47212.262    30.0636      1.453    6.30449    11.5514    11.5370    22.8412   11.43909 2.3904e+02      1.467 0.0000e+00
         98 199.769771    0.00674     0.4042     24.250  1022.8386  47196.186    30.0529      1.500    6.30403    11.5544    11.5435    22.8317   11.43846 2.3574e+02      1.514 0.0000e+00
         99 199.769774    0.00681     0.4083     24.500  1022.8225  47167.966    30.0338      1.545    6.30371    11.5501    11.5516    22.8155   11.43815 2.2993e+02      1.559 0.0000e+00
        100 199.769777    0.00688     0.4125     24.750  1022.8119  47148.760    30.0205      1.589    6.30384    11.5418    11.5546    22.8047   11.43852 2.2480e+02      1.604 0.0000e+00
        101 199.769780    0.00694     0.4167     25.000  1022.8139  47151.369    30.0219      1.628    6.30436    11.5346    11.5503    22.8065   11.43936 2.2193e+02      1.643 0.0000e+00
        102 199.769783    0.00701     0.4208     25.250  1022.8282  47175.869    30.0383      1.655    6.30483    11.5332    11.5420    22.8207   11.43995 2.2235e+02      1.671 0.0000e+00
        103 199.769786    0.00708     0.4250     25.500  1022.8478  47210.288    30.0619      1.664    6.30485    11.5401    11.5348    22.8403   11.43971 2.2496e+02      1.680 0.0000e+00
        104 199.769789    0.00715     0.4292     25.750  1022.8619  47235.688    30.0797      1.651    6.30434    11.5538    11.5334    22.8544   11.43864 2.2496e+02      1.667 0.0000e+00
        105 199.769792    0.00722     0.4333     26.000  1022.8626  47238.550    30.0825      1.615    6.30330    11.5685    11.5402    22.8553   11.43689 2.2047e+02      1.630 0.0000e+00
        106 199.769795    0.00729     0.4375     26.250  1022.8491  47216.850    30.0686      1.556    6.30201    11.5781    11.5540    22.8421   11.43491 2.1727e+02      1.571 0.0000e+00
        107 199.769797    0.00736     0.4417     26.500  1022.8267  47179.133    30.0434      1.482    6.30103    11.5791    11.5687    22.8200   11.43358 2.1953e+02      1.496 0.0000e+00
        108 199.769800    0.00743     0.4458     26.750  1022.8040  47139.983    30.0168      1.402    6.30080    11.5706    11.5783    22.7976   11.43352 2.2445e+02      1.416 0.0000e+00
        109 199.769803    0.00750     0.4500     27.000  1022.7881  47111.799    29.9970      1.327    6.30146    11.5547    11.5793    22.7820   11.43484 2.3176e+02      1.340 0.0000e+00
        110 199.769806    0.00757     0.4542     27.250  1022.7827  47100.867    29.9884      1.265    6.30295    11.5360    11.5708    22.7769   11.43742 2.3907e+02      1.278 0.0000e+00
        111 199.769809    0.00764     0.4583     27.500  1022.7888  47109.603    29.9930      1.222    6.30491    11.5185    11.5548    22.7833   11.44062 2.4358e+02      1.234 0.0000e+00
        112 199.769812    0.00771     0.4625     27.750  1022.8049  47135.830    30.0097      1.197    6.30676    11.5035    11.5361    22.7995   11.44349 2.5091e+02      1.208 0.0000e+00
        113 199.769815    0.00778     0.4667     28.000  1022.8241  47167.738    30.0304      1.190    6.30830    11.4907    11.5186    22.8187   11.44579 2.5924e+02      1.201 0.0000e+00
        114 199.769818    0.00785     0.4708     28.250  1022.8369  47188.291    30.0434      1.198    6.30980    11.4800    11.5036    22.8314   11.44814 2.5985e+02      1.209 0.0000e+00
        115 199.769821    0.00792     0.4750     28.500  1022.8385  47188.700    30.0424      1.220    6.31156    11.4707    11.4908    22.8329   11.45106 2.5780e+02      1.232 0.0000e+00
        116 199.769823    0.00799     0.4792     28.750  1022.8317  47174.129    30.0310      1.255    6.31346    11.4627    11.4801    22.8259   11.45436 2.5720e+02      1.267 0.0000e+00
        117 199.769826    0.00806     0.4833     29.000  1022.8237  47157.705    30.0184      1.300    6.31521    11.4560    11.4709    22.8178   11.45740 2.5038e+02      1.312 0.0000e+00
        118 199.769829    0.00813     0.4875     29.250  1022.8202  47149.412    30.0117      1.353    6.31656    11.4510    11.4629    22.8140   11.45972 2.3975e+02      1.366 0.0000e+00
        119 199.769832    0.00819     0.4917     29.500  1022.8222  47151.372    30.0124      1.410    6.31743    11.4477    11.4562    22.8157   11.46116 2.3338e+02      1.424 0.0000e+00
        120 199.769835    0.00826     0.4958     29.750  1022.8285  47161.521    30.0191      1.467    6.31784    11.4459    11.4512    22.8218   11.46177 2.2941e+02      1.481 0.0000e+00
        121 199.769838    0.00833     0.5000     30.000  1022.8372  47176.492    30.0293      1.518    6.31788    11.4455    11.4479    22.8303   11.46172 2.2245e+02      1.533 0.0000e+00
        122 199.769841    0.00840     0.5042     30.250  1022.8468  47193.350    30.0410      1.563    6.31766    11.4464    11.4461    22.8397   11.46120 2.1180e+02      1.578 0.0000e+00
        123 199.769844    0.00847     0.5083     30.500  1022.8577  47212.942    30.0548      1.598    6.31717    11.4491    11.4457    22.8504   11.46022 2.0376e+02      1.613 0.0000e+00
        124 199.769847    0.00854     0.5125     30.750  1022.8720  47239.071    30.0733      1.621    6.31630    11.4546    11.4466    22.8647   11.45856 2.0322e+02      1.636 0.0000e+00
        125 199.769850    0.00861     0.5167     31.000  1022.8888  47269.989    30.0954      1.629    6.31505    11.4639    11.4493    22.8814   11.45623 2.1002e+02      1.645 0.0000e+00
        126 199.769852    0.00868     0.5208     31.250  1022.9021  47295.414    30.1139      1.620    6.31357    11.4774    11.4547    22.8948   11.45356 2.2049e+02      1.635 0.0000e+00
        127 199.769855    0.00875     0.5250     31.500  1022.9057  47303.797    30.1208      1.590    6.31203    11.4925    11.4641    22.8985   11.45093 2.2668e+02      1.605 0.0000e+00
        128 199.769858    0.00882     0.5292     31.750  1022.8957  47288.269    30.1112      1.540    6.31060    11.5048    11.4775    22.8887   11.44867 2.2598e+02      1.554 0.0000e+00
        129 199.769861    0.00889     0.5333     32.000  1022.8731  47250.191    30.0859      1.474    6.30958    11.5110    11.4926    22.8664   11.44727 2.2529e+02      1.488 0.0000e+00
        130 199.769864    0.00896     0.5375     32.250  1022.8440  47200.034    30.0518      1.400    6.30928    11.5099    11.5049    22.8377   11.44718 2.2960e+02      1.414 0.0000e+00
        131 199.769867    0.00903     0.5417     32.500  1022.8170  47152.440    30.0188      1.330    6.30977    11.5027    11.5111    22.8110   11.44837 2.3437e+02      1.342 0.0000e+00
        132 199.769870    0.00910     0.5458     32.750  1022.7983  47118.518    29.9948      1.271    6.31087    11.4921    11.5100    22.7925   11.45048 2.3675e+02      1.283 0.0000e+00
        133 199.769873    0.00917     0.5500     33.000  1022.7897  47101.872    29.9823      1.231    6.31234    11.4810    11.5029    22.7841   11.45306 2.4199e+02      1.242 0.0000e+00
        134 199.769876    0.00924     0.5542     33.250  1022.7900  47100.718    29.9804      1.208    6.31385    11.4712    11.4922    22.7845   11.45559 2.4745e+02      1.220 0.0000e+00
        135 199.769878    0.00931     0.5583     33.500  1022.7964  47110.426    29.9862      1.202    6.31512    11.4633    11.4811    22.7909   11.45764 2.4441e+02      1.214 0.0000e+00
        136 199.769881    0.00937     0.5625     33.750  1022.8048  47123.983    29.9947      1.210    6.31610    11.4570    11.4713    22.7993   11.45917 2.3425e+02      1.221 0.0000e+00
        137 199.769884    0.00944     0.5667     34.000  1022.8107  47133.097    30.0003      1.229    6.31694    11.4515    11.4634    22.8051   11.46048 2.2691e+02      1.240 0.0000e+00
        138 199.769887    0.00951     0.5708     34.250  1022.8118  47133.937    30.0003      1.258    6.31779    11.4462    11.4572    22.8061   11.46189 2.2684e+02      1.270 0.0000e+00
        139 199.769890    0.00958     0.5750     34.500  1022.8101  47129.549    29.9966      1.297    6.31868    11.4411    11.4516    22.8042   11.46342 2.2874e+02      1.310 0.0000e+00
        140 199.769893    0.00965     0.5792     34.750  1022.8084  47125.039    29.9928      1.347    6.31955    11.4367    11.4463    22.8023   11.46490 2.2878e+02      1.360 0.0000e+00
        141 199.769896    0.00972     0.5833     35.000  1022.8090  47124.873    29.9922      1.406    6.32025    11.4333    11.4413    22.8026   11.46608 2.2565e+02      1.419 0.0000e+00
        142 199.769899    0.00979     0.5875     35.250  1022.8136  47131.944    29.9967      1.469    6.32067    11.4311    11.4369    22.8069   11.46672 2.2141e+02      1.482 0.0000e+00
        143 199.769902    0.00986     0.5917     35.500  1022.8231  47148.085    30.0078      1.531    6.32069    11.4305    11.4335    22.8161   11.46662 2.2141e+02      1.545 0.0000e+00
        144 199.769905    0.00993     0.5958     35.750  1022.8383  47175.107    30.0266      1.585    6.32023    11.4317    11.4313    22.8311   11.46563 2.2311e+02      1.600 0.0000e+00
        145 199.769907    0.01000     0.6000     36.000  1022.8576  47209.868    30.0511      1.626    6.31933    11.4350    11.4307    22.8502   11.46386 2.2320e+02      1.641 0.0000e+00
        146 199.769910    0.01007     0.6042     36.250  1022.8753  47242.163    30.0740      1.649    6.31826    11.4404    11.4319    22.8678   11.46180 2.2456e+02      1.664 0.0000e+00
        147 199.769913    0.01014     0.6083     36.500  1022.8853  47261.068    30.0876      1.651    6.31726    11.4469    11.4352    22.8778   11.45999 2.2731e+02      1.667 0.0000e+00
        148 199.769916    0.01021     0.6125     36.750  1022.8840  47259.697    30.0872      1.632    6.31655    11.4524    11.4406    22.8765   11.45881 2.3066e+02      1.647 0.0000e+00
        149 199.769919    0.01028     0.6167     37.000  1022.8721  47239.568    30.0737      1.592    6.31622    11.4555    11.4471    22.8649   11.45842 2.3429e+02      1.607 0.0000e+00
        150 199.769922    0.01035     0.6208     37.250  1022.8555  47210.572    30.0538      1.538    6.31626    11.4554    11.4526    22.8485   11.45873 2.3701e+02      1.552 0.0000e+00
        151 199.769925    0.01042     0.6250     37.500  1022.8401  47183.551    30.0351      1.473    6.31660    11.4529    11.4557    22.8334   11.45951 2.4210e+02      1.487 0.0000e+00
        152 199.769928    0.01049     0.6292     37.750  1022.8299  47165.556    30.0224      1.405    6.31711    11.4491    11.4556    22.8236   11.46052 2.5315e+02      1.418 0.0000e+00
        153 199.769931    0.01056     0.6333     38.000  1022.8264  47159.083    30.0176      1.339    6.31765    11.4450    11.4531    22.8203   11.46146 2.6808e+02      1.352 0.0000e+00
        154 199.769933    0.01063     0.6375     38.250  1022.8286  47162.922    30.0199      1.282    6.31808    11.4413    11.4492    22.8227   11.46214 2.8319e+02      1.294 0.0000e+00
        155 199.769936    0.01069     0.6417     38.500  1022.8335  47171.497    30.0256      1.236    6.31840    11.4378    11.4452    22.8278   11.46261 2.9198e+02      1.247 0.0000e+00
        156 199.769939    0.01076     0.6458     38.750  1022.8354  47174.605    30.0274      1.205    6.31882    11.4339    11.4415    22.8299   11.46329 2.9414e+02      1.216 0.0000e+00
        157 199.769942    0.01083     0.6500     39.000  1022.8303  47164.779    30.0201      1.192    6.31959    11.4294    11.4380    22.8248   11.46465 2.9504e+02      1.203 0.0000e+00
        158 199.769945    0.01090     0.6542     39.250  1022.8200  47145.143    30.0059      1.198    6.32069    11.4248    11.4341    22.8145   11.46664 2.9563e+02      1.210 0.0000e+00
        159 199.769948    0.01097     0.6583     39.500  1022.8096  47125.345    29.9914      1.224    6.32187    11.4205    11.4296    22.8040   11.46877 2.9478e+02      1.236 0.0000e+00
        160 199.769951    0.01104     0.6625     39.750  1022.8031  47112.209    29.9817      1.269    6.32288    11.4169    11.4250    22.7973   11.47057 2.8972e+02      1.281 0.0000e+00
        161 199.769954    0.01111     0.6667     40.000  1022.8011  47107.320    29.9778      1.328    6.32362    11.4140    11.4207    22.7950   11.47183 2.8519e+02      1.341 0.0000e+00
        162 199.769957    0.01118     0.6708     40.250  1022.8033  47110.138    29.9793      1.396    6.32404    11.4119    11.4171    22.7969   11.47252 2.8350e+02      1.409 0.0000e+00
        163 199.769959    0.01125     0.6750     40.500  1022.8096  47120.651    29.9864      1.466    6.32415    11.4108    11.4142    22.8029   11.47262 2.8001e+02      1.479 0.0000e+00
        164 199.769962    0.01132     0.6792     40.750  1022.8208  47140.252    30.0000      1.530    6.32389    11.4110    11.4121    22.8138   11.47203 2.7441e+02      1.544 0.0000e+00
        165 199.769965    0.01139     0.6833     41.000  1022.8372  47169.606    30.0206      1.581    6.32321    11.4127    11.4110    22.8300   11.47065 2.6743e+02      1.596 0.0000e+00
        166 199.769968    0.01146     0.6875     41.250  1022.8553  47202.441    30.0438      1.612    6.32226    11.4162    11.4112    22.8480   11.46880 2.6308e+02      1.627 0.0000e+00
        167 199.769971    0.01153     0.6917     41.500  1022.8683  47226.368    30.0609      1.619    6.32135    11.4211    11.4129    22.8609   11.46709 2.6484e+02      1.634 0.0000e+00
        168 199.769974    0.01160     0.6958     41.750  1022.8709  47231.880    30.0651      1.600    6.32070    11.4264    11.4164    22.8636   11.46597 2.6849e+02      1.616 0.0000e+00
        169 199.769977    0.01167     0.7000     42.000  1022.8615  47215.917    30.0544      1.559    6.32046    11.4301    11.4213    22.8544   11.46570 2.6830e+02      1.574 0.0000e+00
        170 199.769980    0.01174     0.7042     42.250  1022.8428  47183.125    30.0318      1.502    6.32066    11.4307    11.4266    22.8360   11.46629 2.6255e+02      1.516 0.0000e+00
