CTD-processing/allCTD/CNV--homogene/2013_07-05_t9andtutka_s05_cast209.cnv
* Sea-Bird SBE19plus Data File:
* FileName = C:\Documents and Settings\kbayadmin\My Documents\CTD data\2013-07-05 Kachemak Bay Homer Spit Line and Tutka Bay\2013-07-05 Kachemak Bay Homer Spit Line and Tutka Bay cast209.hex
* Software Version 1.59
* Temperature SN =  5028
* Conductivity SN =  5028
* System UpLoad Time = Jul 06 2013 11:55:48
** Kachemak Bay Homer Spit Line and Tutka Bay
** 2013-07-05
** Station:9.05
** N':59 34.733
** W':-151 22.794
** Start Time:1529
** Depth(ft):320
# nquan = 17
# nvalues = 712                         
# units = specified
# name 0 = scan: Scan Count
# name 1 = timeJ: Julian Days
# name 2 = timeH: Time, Elapsed [hours]
# name 3 = timeM: Time, Elapsed [minutes]
# name 4 = timeS: Time, Elapsed [seconds]
# name 5 = density00: Density [density, kg/m^3]
# name 6 = specc: Specific Conductance [uS/cm]
# name 7 = sal00: Salinity, Practical [PSU]
# name 8 = depSM: Depth [salt water, m], lat = 59.00
# name 9 = oxsolML/L: Oxygen Saturation, Garcia & Gordon [ml/l]
# name 10 = potemp090C: Potential Temperature [ITS-90, deg C]
# name 11 = tv290C: Temperature [ITS-90, deg C]
# name 12 = sigma-é00: Density [sigma-theta, kg/m^3]
# name 13 = n2satML/L: Nitrogen Saturation [ml/l]
# name 14 = par: PAR/Irradiance, Biospherical/Licor
# name 15 = prdM: Pressure, Strain Gauge [db]
# name 16 = flag:  0.000e+00
# span 0 =          1,        712       
# span 1 = 186.643843, 186.645900       
# span 2 =    0.00000,    0.04938       
# span 3 =     0.0000,     2.9625       
# span 4 =      0.000,    177.750       
# span 5 =  1000.3935,  1025.4427       
# span 6 =   1619.001,  50916.320       
# span 7 =     0.8369,    31.7822       
# span 8 =     -0.004,     89.258       
# span 9 =    6.61528,    7.93109       
# span 10 =     5.7355,    11.0376      
# span 11 =     5.7425,    11.0376      
# span 12 =     0.3935,    25.0259      
# span 13 =   11.99120,   14.55000      
# span 14 = 4.5837e-02, 4.8151e+02      
# span 15 =     -0.004,     90.120      
# span 16 = 0.0000e+00, 0.0000e+00      
# interval = seconds: 0.25
# start_time = Jul 05 2013 15:27:08 [Instrument's time stamp, header]
# bad_flag = -9.990e-29
*END*
[from data line 86]
         87 186.644091    0.00597     0.3583     21.500  1020.8838  43374.750    27.2250      0.712    6.62944    10.0505    10.0540    20.8805   12.01263 3.1553e+02      0.719 0.0000e+00
         88 186.644094    0.00604     0.3625     21.750  1020.8973  43399.640    27.2420      0.708    6.62900    10.0500    10.0521    20.8941   12.01169 3.1469e+02      0.715 0.0000e+00
         89 186.644097    0.00611     0.3667     22.000  1020.9040  43411.849    27.2503      0.711    6.62886    10.0510    10.0506    20.9008   12.01136 3.1279e+02      0.718 0.0000e+00
         90 186.644100    0.00618     0.3708     22.250  1020.9004  43404.994    27.2455      0.721    6.62914    10.0536    10.0501    20.8971   12.01188 3.1033e+02      0.728 0.0000e+00
         91 186.644103    0.00625     0.3750     22.500  1020.8827  43372.199    27.2229      0.734    6.62996    10.0575    10.0511    20.8794   12.01352 3.0841e+02      0.741 0.0000e+00
         92 186.644106    0.00632     0.3792     22.750  1020.8494  43310.715    27.1806      0.746    6.63138    10.0629    10.0536    20.8460   12.01640 3.0823e+02      0.753 0.0000e+00
         93 186.644109    0.00639     0.3833     23.000  1020.8076  43233.579    27.1276      0.751    6.63306    10.0703    10.0576    20.8041   12.01984 3.1025e+02      0.758 0.0000e+00
         94 186.644112    0.00646     0.3875     23.250  1020.7712  43166.814    27.0819      0.747    6.63420    10.0794    10.0630    20.7677   12.02231 3.1347e+02      0.754 0.0000e+00
         95 186.644115    0.00653     0.3917     23.500  1020.7514  43131.290    27.0581      0.737    6.63413    10.0886    10.0704    20.7481   12.02248 3.1600e+02      0.744 0.0000e+00
         96 186.644117    0.00660     0.3958     23.750  1020.7509  43131.619    27.0592      0.726    6.63274    10.0953    10.0795    20.7476   12.02016 3.1650e+02      0.733 0.0000e+00
         97 186.644120    0.00667     0.4000     24.000  1020.7633  43155.897    27.0770      0.719    6.63065    10.0982    10.0887    20.7600   12.01647 3.1526e+02      0.726 0.0000e+00
         98 186.644123    0.00674     0.4042     24.250  1020.7772  43182.603    27.0962      0.720    6.62886    10.0980    10.0954    20.7739   12.01325 3.1359e+02      0.727 0.0000e+00
         99 186.644126    0.00681     0.4083     24.500  1020.7835  43194.618    27.1048      0.727    6.62805    10.0962    10.0983    20.7801   12.01181 3.1201e+02      0.734 0.0000e+00
        100 186.644129    0.00688     0.4125     24.750  1020.7798  43187.627    27.1000      0.734    6.62830    10.0945    10.0981    20.7764   12.01228 3.1056e+02      0.741 0.0000e+00
        101 186.644132    0.00694     0.4167     25.000  1020.7702  43169.635    27.0873      0.739    6.62910    10.0938    10.0963    20.7668   12.01377 3.0989e+02      0.746 0.0000e+00
        102 186.644135    0.00701     0.4208     25.250  1020.7619  43153.984    27.0763      0.740    6.62981    10.0942    10.0946    20.7585   12.01508 3.1034e+02      0.747 0.0000e+00
        103 186.644138    0.00708     0.4250     25.500  1020.7586  43147.800    27.0719      0.740    6.63009    10.0951    10.0939    20.7552   12.01560 3.1119e+02      0.747 0.0000e+00
        104 186.644141    0.00715     0.4292     25.750  1020.7594  43149.293    27.0730      0.739    6.63000    10.0963    10.0942    20.7560   12.01544 3.1144e+02      0.746 0.0000e+00
        105 186.644144    0.00722     0.4333     26.000  1020.7609  43152.201    27.0751      0.737    6.62977    10.0976    10.0952    20.7575   12.01503 3.1132e+02      0.744 0.0000e+00
        106 186.644146    0.00729     0.4375     26.250  1020.7605  43151.741    27.0749      0.734    6.62960    10.0987    10.0964    20.7571   12.01474 3.1183e+02      0.741 0.0000e+00
        107 186.644149    0.00736     0.4417     26.500  1020.7585  43148.294    27.0727      0.729    6.62951    10.0994    10.0977    20.7552   12.01462 3.1301e+02      0.736 0.0000e+00
        108 186.644152    0.00743     0.4458     26.750  1020.7577  43146.848    27.0718      0.725    6.62940    10.0996    10.0987    20.7543   12.01444 3.1393e+02      0.732 0.0000e+00
        109 186.644155    0.00750     0.4500     27.000  1020.7613  43153.713    27.0767      0.723    6.62909    10.0993    10.0994    20.7580   12.01387 3.1405e+02      0.730 0.0000e+00
        110 186.644158    0.00757     0.4542     27.250  1020.7703  43170.437    27.0883      0.724    6.62856    10.0983    10.0997    20.7670   12.01285 3.1346e+02      0.731 0.0000e+00
        111 186.644161    0.00764     0.4583     27.500  1020.7814  43190.969    27.1024      0.731    6.62801    10.0967    10.0993    20.7781   12.01176 3.1185e+02      0.738 0.0000e+00
        112 186.644164    0.00771     0.4625     27.750  1020.7898  43206.275    27.1129      0.740    6.62771    10.0949    10.0983    20.7864   12.01113 3.0992e+02      0.747 0.0000e+00
        113 186.644167    0.00778     0.4667     28.000  1020.7922  43210.343    27.1156      0.748    6.62783    10.0937    10.0967    20.7887   12.01130 3.0984e+02      0.755 0.0000e+00
        114 186.644170    0.00785     0.4708     28.250  1020.7879  43202.117    27.1097      0.752    6.62834    10.0939    10.0950    20.7844   12.01222 3.1203e+02      0.759 0.0000e+00
        115 186.644172    0.00792     0.4750     28.500  1020.7803  43187.948    27.0998      0.747    6.62893    10.0960    10.0938    20.7768   12.01333 3.1507e+02      0.754 0.0000e+00
        116 186.644175    0.00799     0.4792     28.750  1020.7757  43179.577    27.0940      0.735    6.62915    10.0993    10.0940    20.7723   12.01376 3.1754e+02      0.742 0.0000e+00
        117 186.644178    0.00806     0.4833     29.000  1020.7788  43185.611    27.0984      0.721    6.62866    10.1018    10.0961    20.7754   12.01290 3.1844e+02      0.728 0.0000e+00
        118 186.644181    0.00813     0.4875     29.250  1020.7897  43206.398    27.1131      0.713    6.62755    10.1018    10.0994    20.7864   12.01088 3.1759e+02      0.720 0.0000e+00
        119 186.644184    0.00819     0.4917     29.500  1020.8043  43233.764    27.1324      0.716    6.62637    10.0998    10.1019    20.8010   12.00868 3.1554e+02      0.723 0.0000e+00
        120 186.644187    0.00826     0.4958     29.750  1020.8160  43255.386    27.1473      0.729    6.62573    10.0976    10.1019    20.8126   12.00743 3.1295e+02      0.736 0.0000e+00
        121 186.644190    0.00833     0.5000     30.000  1020.8189  43260.320    27.1505      0.745    6.62589    10.0971    10.0999    20.8154   12.00765 3.1083e+02      0.752 0.0000e+00
        122 186.644193    0.00840     0.5042     30.250  1020.8114  43246.082    27.1404      0.756    6.62664    10.0995    10.0977    20.8079   12.00902 3.1042e+02      0.763 0.0000e+00
        123 186.644196    0.00847     0.5083     30.500  1020.7991  43223.106    27.1245      0.756    6.62739    10.1049    10.0972    20.7955   12.01046 3.1222e+02      0.763 0.0000e+00
        124 186.644198    0.00854     0.5125     30.750  1020.7887  43204.329    27.1117      0.744    6.62758    10.1119    10.0995    20.7852   12.01094 3.1534e+02      0.751 0.0000e+00
        125 186.644201    0.00861     0.5167     31.000  1020.7839  43196.290    27.1067      0.727    6.62700    10.1179    10.1050    20.7805   12.01003 3.1808e+02      0.734 0.0000e+00
        126 186.644204    0.00868     0.5208     31.250  1020.7854  43200.201    27.1101      0.711    6.62583    10.1209    10.1120    20.7821   12.00805 3.1938e+02      0.718 0.0000e+00
        127 186.644207    0.00875     0.5250     31.500  1020.7916  43212.531    27.1193      0.702    6.62457    10.1201    10.1179    20.7883   12.00585 3.1908e+02      0.708 0.0000e+00
        128 186.644210    0.00882     0.5292     31.750  1020.7997  43227.871    27.1303      0.703    6.62367    10.1157    10.1209    20.7964   12.00421 3.1725e+02      0.709 0.0000e+00
        129 186.644213    0.00889     0.5333     32.000  1020.8080  43243.165    27.1408      0.714    6.62334    10.1093    10.1202    20.8047   12.00353 3.1435e+02      0.721 0.0000e+00
        130 186.644216    0.00896     0.5375     32.250  1020.8156  43256.648    27.1496      0.734    6.62361    10.1032    10.1157    20.8123   12.00387 3.1150e+02      0.740 0.0000e+00
        131 186.644219    0.00903     0.5417     32.500  1020.8194  43262.550    27.1531      0.754    6.62440    10.0996    10.1093    20.8159   12.00515 3.0949e+02      0.761 0.0000e+00
        132 186.644222    0.00910     0.5458     32.750  1020.8154  43254.164    27.1466      0.769    6.62555    10.0999    10.1033    20.8119   12.00714 3.0904e+02      0.776 0.0000e+00
        133 186.644225    0.00917     0.5500     33.000  1020.8047  43233.807    27.1321      0.772    6.62670    10.1044    10.0997    20.8012   12.00922 3.1035e+02      0.780 0.0000e+00
        134 186.644227    0.00924     0.5542     33.250  1020.7926  43211.475    27.1167      0.762    6.62731    10.1116    10.0999    20.7891   12.01043 3.1291e+02      0.770 0.0000e+00
        135 186.644230    0.00931     0.5583     33.500  1020.7844  43197.043    27.1072      0.743    6.62705    10.1184    10.1045    20.7810   12.01012 3.1579e+02      0.750 0.0000e+00
        136 186.644233    0.00937     0.5625     33.750  1020.7837  43196.949    27.1079      0.722    6.62597    10.1221    10.1117    20.7804   12.00832 3.1711e+02      0.728 0.0000e+00
        137 186.644236    0.00944     0.5667     34.000  1020.7901  43209.749    27.1175      0.705    6.62458    10.1218    10.1184    20.7868   12.00589 3.1691e+02      0.712 0.0000e+00
        138 186.644239    0.00951     0.5708     34.250  1020.7991  43227.023    27.1298      0.699    6.62350    10.1176    10.1222    20.7958   12.00395 3.1622e+02      0.706 0.0000e+00
        139 186.644242    0.00958     0.5750     34.500  1020.8079  43243.256    27.1411      0.702    6.62307    10.1108    10.1219    20.8046   12.00308 3.1401e+02      0.709 0.0000e+00
        140 186.644245    0.00965     0.5792     34.750  1020.8163  43258.240    27.1510      0.714    6.62326    10.1036    10.1177    20.8130   12.00329 3.1144e+02      0.721 0.0000e+00
        141 186.644248    0.00972     0.5833     35.000  1020.8237  43270.838    27.1590      0.730    6.62392    10.0976    10.1109    20.8203   12.00428 3.1056e+02      0.737 0.0000e+00
        142 186.644251    0.00979     0.5875     35.250  1020.8277  43277.242    27.1627      0.747    6.62482    10.0936    10.1036    20.8243   12.00573 3.1017e+02      0.755 0.0000e+00
        143 186.644253    0.00986     0.5917     35.500  1020.8263  43273.644    27.1595      0.761    6.62584    10.0921    10.0976    20.8228   12.00745 3.0998e+02      0.769 0.0000e+00
        144 186.644256    0.00993     0.5958     35.750  1020.8191  43259.708    27.1495      0.768    6.62685    10.0934    10.0936    20.8155   12.00925 3.1075e+02      0.776 0.0000e+00
        145 186.644259    0.01000     0.6000     36.000  1020.8084  43239.666    27.1354      0.767    6.62766    10.0977    10.0921    20.8048   12.01078 3.1212e+02      0.774 0.0000e+00
        146 186.644262    0.01007     0.6042     36.250  1020.7972  43219.121    27.1213      0.757    6.62807    10.1040    10.0934    20.7937   12.01163 3.1429e+02      0.764 0.0000e+00
        147 186.644265    0.01014     0.6083     36.500  1020.7883  43203.394    27.1109      0.740    6.62788    10.1101    10.0977    20.7849   12.01144 3.1623e+02      0.747 0.0000e+00
        148 186.644268    0.01021     0.6125     36.750  1020.7849  43198.048    27.1078      0.721    6.62709    10.1140    10.1041    20.7815   12.01016 3.1623e+02      0.728 0.0000e+00
        149 186.644271    0.01028     0.6167     37.000  1020.7887  43206.099    27.1141      0.706    6.62593    10.1148    10.1102    20.7854   12.00816 3.1522e+02      0.713 0.0000e+00
        150 186.644274    0.01035     0.6208     37.250  1020.7985  43224.765    27.1274      0.699    6.62480    10.1130    10.1140    20.7952   12.00612 3.1387e+02      0.706 0.0000e+00
        151 186.644277    0.01042     0.6250     37.500  1020.8102  43246.621    27.1426      0.702    6.62403    10.1088    10.1149    20.8069   12.00465 3.1229e+02      0.709 0.0000e+00
        152 186.644280    0.01049     0.6292     37.750  1020.8199  43264.213    27.1546      0.713    6.62379    10.1035    10.1131    20.8166   12.00411 3.1116e+02      0.720 0.0000e+00
        153 186.644282    0.01056     0.6333     38.000  1020.8254  43273.814    27.1608      0.728    6.62413    10.0987    10.1089    20.8221   12.00461 3.0995e+02      0.735 0.0000e+00
        154 186.644285    0.01063     0.6375     38.250  1020.8260  43274.100    27.1605      0.743    6.62492    10.0952    10.1036    20.8226   12.00592 3.0972e+02      0.750 0.0000e+00
        155 186.644288    0.01069     0.6417     38.500  1020.8222  43266.212    27.1545      0.754    6.62588    10.0934    10.0987    20.8187   12.00759 3.1122e+02      0.761 0.0000e+00
        156 186.644291    0.01076     0.6458     38.750  1020.8162  43254.562    27.1460      0.761    6.62674    10.0935    10.0953    20.8127   12.00912 3.1184e+02      0.768 0.0000e+00
        157 186.644294    0.01083     0.6500     39.000  1020.8096  43242.226    27.1373      0.763    6.62738    10.0957    10.0935    20.8061   12.01028 3.1203e+02      0.770 0.0000e+00
        158 186.644297    0.01090     0.6542     39.250  1020.8021  43228.346    27.1277      0.759    6.62777    10.0999    10.0936    20.7986   12.01106 3.1333e+02      0.766 0.0000e+00
        159 186.644300    0.01097     0.6583     39.500  1020.7931  43211.987    27.1166      0.749    6.62793    10.1056    10.0958    20.7896   12.01145 3.1429e+02      0.756 0.0000e+00
        160 186.644303    0.01104     0.6625     39.750  1020.7840  43195.796    27.1058      0.735    6.62778    10.1121    10.0999    20.7806   12.01133 3.1534e+02      0.742 0.0000e+00
        161 186.644306    0.01111     0.6667     40.000  1020.7773  43184.338    27.0985      0.718    6.62725    10.1181    10.1057    20.7740   12.01055 3.1698e+02      0.725 0.0000e+00
        162 186.644308    0.01118     0.6708     40.250  1020.7754  43181.794    27.0974      0.703    6.62634    10.1222    10.1122    20.7722   12.00905 3.1763e+02      0.710 0.0000e+00
        163 186.644311    0.01125     0.6750     40.500  1020.7796  43190.481    27.1041      0.695    6.62518    10.1239    10.1182    20.7764   12.00705 3.1706e+02      0.702 0.0000e+00
        164 186.644314    0.01132     0.6792     40.750  1020.7892  43208.813    27.1172      0.699    6.62402    10.1231    10.1223    20.7860   12.00496 3.1485e+02      0.705 0.0000e+00
        165 186.644317    0.01139     0.6833     41.000  1020.8014  43231.411    27.1330      0.715    6.62310    10.1201    10.1240    20.7981   12.00323 3.1084e+02      0.721 0.0000e+00
        166 186.644320    0.01146     0.6875     41.250  1020.8120  43250.830    27.1464      0.741    6.62266    10.1162    10.1232    20.8086   12.00233 3.0741e+02      0.747 0.0000e+00
        167 186.644323    0.01153     0.6917     41.500  1020.8166  43258.707    27.1516      0.769    6.62288    10.1134    10.1202    20.8131   12.00263 3.0578e+02      0.775 0.0000e+00
        168 186.644326    0.01160     0.6958     41.750  1020.8114  43248.350    27.1440      0.789    6.62377    10.1139    10.1163    20.8078   12.00421 3.0652e+02      0.796 0.0000e+00
        169 186.644329    0.01167     0.7000     42.000  1020.7978  43222.750    27.1259      0.795    6.62494    10.1185    10.1135    20.7942   12.00638 3.0996e+02      0.802 0.0000e+00
        170 186.644332    0.01174     0.7042     42.250  1020.7834  43196.292    27.1077      0.782    6.62565    10.1253    10.1140    20.7799   12.00778 3.1455e+02      0.790 0.0000e+00
