CTD-processing/allCTD/CNV--homogene/2013_07-05_t9andtutka_s01_cast213.cnv
* Sea-Bird SBE19plus Data File:
* FileName = C:\Documents and Settings\kbayadmin\My Documents\CTD data\2013-07-05 Kachemak Bay Homer Spit Line and Tutka Bay\2013-07-05 Kachemak Bay Homer Spit Line and Tutka Bay cast213.hex
* Software Version 1.59
* Temperature SN =  5028
* Conductivity SN =  5028
* System UpLoad Time = Jul 06 2013 12:01:23
** Kachemak Bay Homer Spit Line and Tutka Bay
** 2013-07-05
** Station:9.01
** N':59 34.205
** W':-151 21.540
** Start Time:1603
** Depth(ft):240
# nquan = 17
# nvalues = 661                         
# units = specified
# name 0 = scan: Scan Count
# name 1 = timeJ: Julian Days
# name 2 = timeH: Time, Elapsed [hours]
# name 3 = timeM: Time, Elapsed [minutes]
# name 4 = timeS: Time, Elapsed [seconds]
# name 5 = density00: Density [density, kg/m^3]
# name 6 = specc: Specific Conductance [uS/cm]
# name 7 = sal00: Salinity, Practical [PSU]
# name 8 = depSM: Depth [salt water, m], lat = 59.00
# name 9 = oxsolML/L: Oxygen Saturation, Garcia & Gordon [ml/l]
# name 10 = potemp090C: Potential Temperature [ITS-90, deg C]
# name 11 = tv290C: Temperature [ITS-90, deg C]
# name 12 = sigma-é00: Density [sigma-theta, kg/m^3]
# name 13 = n2satML/L: Nitrogen Saturation [ml/l]
# name 14 = par: PAR/Irradiance, Biospherical/Licor
# name 15 = prdM: Pressure, Strain Gauge [db]
# name 16 = flag:  0.000e+00
# span 0 =          1,        661       
# span 1 = 186.668183, 186.670093       
# span 2 =    0.00000,    0.04583       
# span 3 =     0.0000,     2.7500       
# span 4 =      0.000,    165.000       
# span 5 =  1000.1302,  1025.2748       
# span 6 =    833.485,  50742.978       
# span 7 =     0.4024,    31.7497       
# span 8 =     -0.005,     68.699       
# span 9 =    6.60697,    8.14543       
# span 10 =     6.1667,    11.0748      
# span 11 =     6.1724,    11.0749      
# span 12 =     0.1302,    24.9547      
# span 13 =   11.99970,   14.91818      
# span 14 = 5.0026e-02, 3.7879e+02      
# span 15 =     -0.005,     69.359      
# span 16 = 0.0000e+00, 0.0000e+00      
# interval = seconds: 0.25
# start_time = Jul 05 2013 16:02:11 [Instrument's time stamp, header]
# bad_flag = -9.990e-29
*END*
[from data line 426]
        427 186.669416    0.02958     1.7750    106.500  1024.9000  50419.736    31.7110     18.872    6.87873     7.1145     7.1259    24.8124   12.37014 6.0417e+00     19.051 0.0000e+00
        428 186.669418    0.02965     1.7792    106.750  1024.9001  50418.485    31.7093     19.067    6.87948     7.1081     7.1216    24.8116   12.37141 5.8780e+00     19.248 0.0000e+00
        429 186.669421    0.02972     1.7833    107.000  1024.9007  50418.092    31.7080     19.260    6.88040     7.1015     7.1162    24.8113   12.37295 5.7226e+00     19.443 0.0000e+00
        430 186.669424    0.02979     1.7875    107.250  1024.9024  50419.721    31.7080     19.448    6.88141     7.0955     7.1098    24.8121   12.37462 5.5753e+00     19.633 0.0000e+00
        431 186.669427    0.02986     1.7917    107.500  1024.9053  50423.713    31.7095     19.633    6.88239     7.0908     7.1032    24.8142   12.37621 5.4337e+00     19.819 0.0000e+00
        432 186.669430    0.02993     1.7958    107.750  1024.9091  50429.247    31.7122     19.816    6.88321     7.0877     7.0972    24.8172   12.37754 5.2937e+00     20.005 0.0000e+00
        433 186.669433    0.03000     1.8000    108.000  1024.9130  50434.981    31.7153     20.005    6.88381     7.0859     7.0926    24.8202   12.37849 5.1518e+00     20.194 0.0000e+00
        434 186.669436    0.03007     1.8042    108.250  1024.9167  50440.227    31.7183     20.201    6.88417     7.0856     7.0894    24.8230   12.37905 5.0064e+00     20.392 0.0000e+00
        435 186.669439    0.03014     1.8083    108.500  1024.9204  50445.340    31.7215     20.406    6.88430     7.0868     7.0877    24.8257   12.37922 4.8580e+00     20.600 0.0000e+00
        436 186.669442    0.03021     1.8125    108.750  1024.9243  50450.748    31.7251     20.620    6.88418     7.0892     7.0875    24.8286   12.37898 4.7089e+00     20.815 0.0000e+00
        437 186.669444    0.03028     1.8167    109.000  1024.9279  50455.595    31.7286     20.840    6.88384     7.0923     7.0886    24.8312   12.37837 4.5611e+00     21.038 0.0000e+00
        438 186.669447    0.03035     1.8208    109.250  1024.9304  50458.451    31.7309     21.064    6.88335     7.0954     7.0911    24.8327   12.37754 4.4158e+00     21.264 0.0000e+00
        439 186.669450    0.03042     1.8250    109.500  1024.9318  50459.126    31.7318     21.291    6.88281     7.0981     7.0942    24.8330   12.37664 4.2737e+00     21.493 0.0000e+00
        440 186.669453    0.03049     1.8292    109.750  1024.9324  50458.478    31.7318     21.520    6.88231     7.1002     7.0974    24.8326   12.37581 4.1359e+00     21.724 0.0000e+00
        441 186.669456    0.03056     1.8333    110.000  1024.9328  50457.301    31.7314     21.750    6.88189     7.1016     7.1001    24.8319   12.37513 4.0031e+00     21.956 0.0000e+00
        442 186.669459    0.03062     1.8375    110.250  1024.9332  50456.261    31.7309     21.979    6.88158     7.1025     7.1022    24.8313   12.37462 3.8752e+00     22.187 0.0000e+00
        443 186.669462    0.03069     1.8417    110.500  1024.9340  50455.826    31.7307     22.207    6.88136     7.1031     7.1036    24.8310   12.37426 3.7515e+00     22.418 0.0000e+00
        444 186.669465    0.03076     1.8458    110.750  1024.9350  50455.951    31.7309     22.437    6.88121     7.1035     7.1045    24.8310   12.37401 3.6316e+00     22.650 0.0000e+00
        445 186.669468    0.03083     1.8500    111.000  1024.9362  50456.385    31.7311     22.666    6.88111     7.1039     7.1051    24.8311   12.37382 3.5158e+00     22.882 0.0000e+00
        446 186.669470    0.03090     1.8542    111.250  1024.9375  50456.966    31.7315     22.894    6.88102     7.1042     7.1056    24.8314   12.37367 3.4049e+00     23.111 0.0000e+00
        447 186.669473    0.03097     1.8583    111.500  1024.9388  50457.545    31.7319     23.118    6.88094     7.1045     7.1060    24.8316   12.37354 3.2991e+00     23.338 0.0000e+00
        448 186.669476    0.03104     1.8625    111.750  1024.9400  50457.953    31.7321     23.339    6.88088     7.1046     7.1063    24.8317   12.37343 3.1986e+00     23.561 0.0000e+00
        449 186.669479    0.03111     1.8667    112.000  1024.9410  50458.083    31.7322     23.556    6.88083     7.1045     7.1066    24.8317   12.37336 3.1037e+00     23.780 0.0000e+00
        450 186.669482    0.03118     1.8708    112.250  1024.9418  50457.888    31.7320     23.769    6.88082     7.1042     7.1067    24.8315   12.37334 3.0140e+00     23.994 0.0000e+00
        451 186.669485    0.03125     1.8750    112.500  1024.9424  50457.362    31.7315     23.977    6.88085     7.1035     7.1067    24.8312   12.37339 2.9288e+00     24.204 0.0000e+00
        452 186.669488    0.03132     1.8792    112.750  1024.9428  50456.459    31.7307     24.183    6.88093     7.1023     7.1064    24.8306   12.37354 2.8468e+00     24.412 0.0000e+00
        453 186.669491    0.03139     1.8833    113.000  1024.9429  50455.069    31.7295     24.390    6.88108     7.1003     7.1057    24.8298   12.37381 2.7664e+00     24.622 0.0000e+00
        454 186.669494    0.03146     1.8875    113.250  1024.9427  50452.958    31.7277     24.601    6.88135     7.0973     7.1045    24.8285   12.37428 2.6863e+00     24.835 0.0000e+00
        455 186.669497    0.03153     1.8917    113.500  1024.9422  50450.431    31.7255     24.818    6.88177     7.0933     7.1025    24.8271   12.37499 2.6067e+00     25.054 0.0000e+00
        456 186.669499    0.03160     1.8958    113.750  1024.9422  50448.679    31.7237     25.038    6.88233     7.0889     7.0995    24.8260   12.37594 2.5283e+00     25.276 0.0000e+00
        457 186.669502    0.03167     1.9000    114.000  1024.9433  50449.059    31.7232     25.260    6.88298     7.0847     7.0956    24.8261   12.37703 2.4520e+00     25.500 0.0000e+00
        458 186.669505    0.03174     1.9042    114.250  1024.9454  50451.270    31.7238     25.482    6.88364     7.0807     7.0912    24.8272   12.37812 2.3784e+00     25.724 0.0000e+00
        459 186.669508    0.03181     1.9083    114.500  1024.9476  50453.482    31.7245     25.702    6.88428     7.0768     7.0870    24.8283   12.37916 2.3076e+00     25.946 0.0000e+00
        460 186.669511    0.03188     1.9125    114.750  1024.9496  50455.528    31.7251     25.920    6.88488     7.0733     7.0830    24.8293   12.38015 2.2396e+00     26.166 0.0000e+00
        461 186.669514    0.03194     1.9167    115.000  1024.9519  50458.064    31.7261     26.135    6.88545     7.0703     7.0792    24.8306   12.38107 2.1744e+00     26.383 0.0000e+00
        462 186.669517    0.03201     1.9208    115.250  1024.9542  50460.739    31.7273     26.347    6.88595     7.0677     7.0757    24.8320   12.38188 2.1120e+00     26.597 0.0000e+00
        463 186.669520    0.03208     1.9250    115.500  1024.9565  50463.165    31.7284     26.557    6.88638     7.0656     7.0726    24.8332   12.38258 2.0519e+00     26.809 0.0000e+00
        464 186.669523    0.03215     1.9292    115.750  1024.9584  50465.036    31.7291     26.766    6.88675     7.0637     7.0701    24.8342   12.38318 1.9940e+00     27.020 0.0000e+00
        465 186.669525    0.03222     1.9333    116.000  1024.9599  50466.326    31.7295     26.975    6.88707     7.0623     7.0679    24.8348   12.38370 1.9380e+00     27.231 0.0000e+00
        466 186.669528    0.03229     1.9375    116.250  1024.9617  50467.891    31.7302     27.184    6.88733     7.0614     7.0661    24.8356   12.38412 1.8835e+00     27.442 0.0000e+00
        467 186.669531    0.03236     1.9417    116.500  1024.9639  50470.287    31.7315     27.392    6.88750     7.0612     7.0647    24.8368   12.38439 1.8309e+00     27.652 0.0000e+00
        468 186.669534    0.03243     1.9458    116.750  1024.9663  50473.093    31.7332     27.597    6.88756     7.0618     7.0638    24.8383   12.38448 1.7809e+00     27.859 0.0000e+00
        469 186.669537    0.03250     1.9500    117.000  1024.9684  50475.369    31.7347     27.798    6.88752     7.0627     7.0637    24.8394   12.38438 1.7334e+00     28.062 0.0000e+00
        470 186.669540    0.03257     1.9542    117.250  1024.9698  50476.371    31.7354     27.996    6.88739     7.0635     7.0643    24.8399   12.38416 1.6874e+00     28.262 0.0000e+00
        471 186.669543    0.03264     1.9583    117.500  1024.9709  50476.740    31.7357     28.194    6.88723     7.0640     7.0652    24.8400   12.38389 1.6423e+00     28.461 0.0000e+00
        472 186.669546    0.03271     1.9625    117.750  1024.9720  50477.197    31.7361     28.393    6.88708     7.0643     7.0660    24.8402   12.38365 1.5980e+00     28.662 0.0000e+00
        473 186.669549    0.03278     1.9667    118.000  1024.9731  50477.642    31.7364     28.594    6.88698     7.0644     7.0666    24.8404   12.38347 1.5545e+00     28.866 0.0000e+00
        474 186.669552    0.03285     1.9708    118.250  1024.9743  50478.294    31.7368     28.796    6.88691     7.0643     7.0669    24.8407   12.38336 1.5123e+00     29.070 0.0000e+00
        475 186.669554    0.03292     1.9750    118.500  1024.9757  50479.281    31.7374     28.998    6.88687     7.0640     7.0670    24.8412   12.38328 1.4715e+00     29.274 0.0000e+00
        476 186.669557    0.03299     1.9792    118.750  1024.9770  50480.116    31.7379     29.199    6.88687     7.0633     7.0669    24.8416   12.38326 1.4320e+00     29.477 0.0000e+00
        477 186.669560    0.03306     1.9833    119.000  1024.9781  50480.524    31.7381     29.399    6.88691     7.0623     7.0666    24.8417   12.38332 1.3934e+00     29.679 0.0000e+00
        478 186.669563    0.03313     1.9875    119.250  1024.9790  50480.532    31.7379     29.601    6.88702     7.0607     7.0660    24.8417   12.38350 1.3554e+00     29.883 0.0000e+00
        479 186.669566    0.03319     1.9917    119.500  1024.9796  50480.139    31.7373     29.806    6.88721     7.0585     7.0649    24.8414   12.38383 1.3181e+00     30.089 0.0000e+00
        480 186.669569    0.03326     1.9958    119.750  1024.9803  50479.670    31.7366     30.012    6.88749     7.0558     7.0633    24.8410   12.38431 1.2814e+00     30.297 0.0000e+00
        481 186.669572    0.03333     2.0000    120.000  1024.9809  50479.155    31.7358     30.222    6.88787     7.0522     7.0612    24.8406   12.38495 1.2452e+00     30.509 0.0000e+00
        482 186.669575    0.03340     2.0042    120.250  1024.9811  50477.936    31.7343     30.436    6.88837     7.0474     7.0584    24.8398   12.38579 1.2092e+00     30.725 0.0000e+00
        483 186.669578    0.03347     2.0083    120.500  1024.9809  50475.923    31.7322     30.654    6.88903     7.0411     7.0549    24.8386   12.38691 1.1733e+00     30.946 0.0000e+00
        484 186.669580    0.03354     2.0125    120.750  1024.9806  50473.625    31.7297     30.878    6.88991     7.0335     7.0501    24.8373   12.38839 1.1377e+00     31.171 0.0000e+00
        485 186.669583    0.03361     2.0167    121.000  1024.9806  50472.002    31.7273     31.103    6.89101     7.0252     7.0438    24.8363   12.39023 1.1030e+00     31.399 0.0000e+00
        486 186.669586    0.03368     2.0208    121.250  1024.9820  50472.909    31.7265     31.327    6.89225     7.0170     7.0362    24.8366   12.39230 1.0698e+00     31.625 0.0000e+00
        487 186.669589    0.03375     2.0250    121.500  1024.9847  50476.229    31.7273     31.549    6.89353     7.0093     7.0280    24.8383   12.39441 1.0380e+00     31.849 0.0000e+00
        488 186.669592    0.03382     2.0292    121.750  1024.9879  50480.414    31.7286     31.769    6.89477     7.0026     7.0198    24.8405   12.39644 1.0074e+00     32.071 0.0000e+00
        489 186.669595    0.03389     2.0333    122.000  1024.9917  50485.755    31.7309     31.987    6.89589     6.9974     7.0121    24.8433   12.39826 9.7783e-01     32.291 0.0000e+00
        490 186.669598    0.03396     2.0375    122.250  1024.9959  50491.856    31.7339     32.204    6.89681     6.9935     7.0054    24.8465   12.39975 9.4911e-01     32.510 0.0000e+00
        491 186.669601    0.03403     2.0417    122.500  1024.9996  50496.940    31.7364     32.423    6.89753     6.9906     7.0002    24.8491   12.40091 9.2094e-01     32.731 0.0000e+00
        492 186.669604    0.03410     2.0458    122.750  1025.0024  50500.402    31.7380     32.645    6.89807     6.9885     6.9963    24.8509   12.40179 8.9313e-01     32.956 0.0000e+00
        493 186.669606    0.03417     2.0500    123.000  1025.0049  50503.221    31.7393     32.872    6.89847     6.9871     6.9934    24.8524   12.40243 8.6565e-01     33.184 0.0000e+00
        494 186.669609    0.03424     2.0542    123.250  1025.0074  50505.919    31.7407     33.102    6.89874     6.9863     6.9914    24.8537   12.40285 8.3869e-01     33.417 0.0000e+00
        495 186.669612    0.03431     2.0583    123.500  1025.0092  50507.545    31.7415     33.334    6.89891     6.9856     6.9901    24.8545   12.40313 8.1245e-01     33.652 0.0000e+00
        496 186.669615    0.03438     2.0625    123.750  1025.0103  50507.720    31.7414     33.566    6.89905     6.9846     6.9892    24.8545   12.40335 7.8705e-01     33.886 0.0000e+00
        497 186.669618    0.03444     2.0667    124.000  1025.0109  50506.966    31.7406     33.798    6.89920     6.9832     6.9885    24.8540   12.40361 7.6248e-01     34.120 0.0000e+00
        498 186.669621    0.03451     2.0708    124.250  1025.0111  50505.530    31.7394     34.030    6.89940     6.9811     6.9876    24.8532   12.40396 7.3861e-01     34.354 0.0000e+00
        499 186.669624    0.03458     2.0750    124.500  1025.0108  50503.200    31.7374     34.262    6.89971     6.9778     6.9862    24.8518   12.40450 7.1540e-01     34.589 0.0000e+00
        500 186.669627    0.03465     2.0792    124.750  1025.0097  50499.393    31.7343     34.496    6.90019     6.9735     6.9841    24.8496   12.40532 6.9284e-01     34.825 0.0000e+00
        501 186.669630    0.03472     2.0833    125.000  1025.0087  50495.749    31.7311     34.731    6.90085     6.9688     6.9809    24.8475   12.40646 6.7096e-01     35.062 0.0000e+00
        502 186.669633    0.03479     2.0875    125.250  1025.0095  50495.393    31.7299     34.967    6.90159     6.9645     6.9766    24.8472   12.40770 6.4974e-01     35.300 0.0000e+00
        503 186.669635    0.03486     2.0917    125.500  1025.0116  50497.342    31.7303     35.204    6.90232     6.9608     6.9719    24.8481   12.40890 6.2913e-01     35.539 0.0000e+00
        504 186.669638    0.03493     2.0958    125.750  1025.0137  50499.422    31.7309     35.443    6.90297     6.9578     6.9676    24.8492   12.40997 6.0906e-01     35.781 0.0000e+00
        505 186.669641    0.03500     2.1000    126.000  1025.0161  50502.022    31.7320     35.685    6.90351     6.9556     6.9639    24.8505   12.41085 5.8949e-01     36.025 0.0000e+00
        506 186.669644    0.03507     2.1042    126.250  1025.0190  50505.425    31.7337     35.929    6.90391     6.9543     6.9609    24.8522   12.41149 5.7038e-01     36.271 0.0000e+00
        507 186.669647    0.03514     2.1083    126.500  1025.0219  50508.914    31.7356     36.174    6.90417     6.9540     6.9588    24.8540   12.41189 5.5177e-01     36.518 0.0000e+00
        508 186.669650    0.03521     2.1125    126.750  1025.0248  50512.256    31.7376     36.419    6.90427     6.9544     6.9576    24.8557   12.41204 5.3374e-01     36.766 0.0000e+00
        509 186.669653    0.03528     2.1167    127.000  1025.0272  50514.800    31.7392     36.663    6.90424     6.9547     6.9573    24.8570   12.41197 5.1646e-01     37.012 0.0000e+00
        510 186.669656    0.03535     2.1208    127.250  1025.0279  50514.179    31.7387     36.902    6.90420     6.9544     6.9576    24.8566   12.41191 5.0018e-01     37.254 0.0000e+00
