CTD-processing/allCTD/CNV--homogene/2013_05-21_t9_s07_cast145.cnv
* Sea-Bird SBE19plus Data File:
* FileName = C:\Documents and Settings\kris.holderied.local\My Documents\2012-2013-CTD-DATA-new-files\2013-05-21-CTD-HomerSpitLine-LTM\2013-05-21-Tran9-HomerSpit-cast145.hex
* Software Version 1.54
* Temperature SN =  5028
* Conductivity SN =  5028
* System UpLoad Time = Jun 05 2013 20:24:38
** Cook Inlet LTM Transect 9 (Homer Spit) Monthly
** Date:  2013-05-21
** Station: 9-07
** Start time (AKDT-24 hr): 1244
** Depth (ft): 352
** Comment: None
** Comment:
# nquan = 17
# nvalues = 776                         
# units = specified
# name 0 = scan: Scan Count
# name 1 = timeJ: Julian Days
# name 2 = timeH: Time, Elapsed [hours]
# name 3 = timeM: Time, Elapsed [minutes]
# name 4 = timeS: Time, Elapsed [seconds]
# name 5 = density00: Density [density, kg/m^3]
# name 6 = specc: Specific Conductance [uS/cm]
# name 7 = sal00: Salinity, Practical [PSU]
# name 8 = depSM: Depth [salt water, m], lat = 59.00
# name 9 = oxsolML/L: Oxygen Saturation, Garcia & Gordon [ml/l]
# name 10 = potemp090C: Potential Temperature [ITS-90, deg C]
# name 11 = tv290C: Temperature [ITS-90, deg C]
# name 12 = sigma-é00: Density [sigma-theta, kg/m^3]
# name 13 = n2satML/L: Nitrogen Saturation [ml/l]
# name 14 = par: PAR/Irradiance, Biospherical/Licor
# name 15 = prdM: Pressure, Strain Gauge [db]
# name 16 = flag:  0.000e+00
# span 0 =          1,        776       
# span 1 = 141.530266, 141.532509       
# span 2 =    0.00000,    0.05382       
# span 3 =     0.0000,     3.2292       
# span 4 =      0.000,    193.750       
# span 5 =   999.9540,  1025.7748       
# span 6 =      0.373,  51673.170       
# span 7 =     0.0024,    31.9123       
# span 8 =      0.136,     96.048       
# span 9 =    7.09204,    8.77464       
# span 10 =     4.0818,     6.0867      
# span 11 =     4.0881,     6.0868      
# span 12 =    -0.0467,    25.3226      
# span 13 =   12.73438,   15.98393      
# span 14 = 3.9742e-02, 5.7107e+02      
# span 15 =      0.138,     96.977      
# span 16 = 0.0000e+00, 0.0000e+00      
# interval = seconds: 0.25
# start_time = May 21 2013 12:43:35 [Instrument's time stamp, header]
# bad_flag = -9.990e-29
*END*
[from data line 596]
        597 141.531991    0.04139     2.4833    149.000  1025.5179  51473.658    31.8461     57.144    7.34686     4.2981     4.3005    25.2488   13.14169 3.9875e-02     57.691 0.0000e+00
        598 141.531994    0.04146     2.4875    149.250  1025.5243  51483.477    31.8525     57.404    7.34665     4.3011     4.2999    25.2540   13.14126 3.9879e-02     57.955 0.0000e+00
        599 141.531997    0.04153     2.4917    149.500  1025.5270  51486.162    31.8547     57.665    7.34618     4.3032     4.3019    25.2556   13.14045 3.9882e-02     58.218 0.0000e+00
        600 141.531999    0.04160     2.4958    149.750  1025.5265  51482.584    31.8528     57.925    7.34573     4.3033     4.3050    25.2538   13.13974 3.9883e-02     58.481 0.0000e+00
        601 141.532002    0.04167     2.5000    150.000  1025.5243  51476.099    31.8487     58.186    7.34556     4.3008     4.3071    25.2503   13.13951 3.9882e-02     58.744 0.0000e+00
        602 141.532005    0.04174     2.5042    150.250  1025.5212  51468.358    31.8433     58.448    7.34580     4.2959     4.3072    25.2460   13.13998 3.9878e-02     59.008 0.0000e+00
        603 141.532008    0.04181     2.5083    150.500  1025.5185  51461.636    31.8380     58.712    7.34650     4.2891     4.3048    25.2421   13.14119 3.9872e-02     59.275 0.0000e+00
        604 141.532011    0.04188     2.5125    150.750  1025.5172  51457.908    31.8342     58.978    7.34756     4.2811     4.2999    25.2395   13.14300 3.9862e-02     59.543 0.0000e+00
        605 141.532014    0.04194     2.5167    151.000  1025.5172  51456.778    31.8317     59.246    7.34889     4.2725     4.2931    25.2382   13.14523 3.9850e-02     59.813 0.0000e+00
        606 141.532017    0.04201     2.5208    151.250  1025.5183  51457.955    31.8305     59.513    7.35038     4.2638     4.2851    25.2380   13.14771 3.9834e-02     60.083 0.0000e+00
        607 141.532020    0.04208     2.5250    151.500  1025.5203  51460.867    31.8303     59.781    7.35192     4.2553     4.2765    25.2388   13.15025 3.9809e-02     60.353 0.0000e+00
        608 141.532023    0.04215     2.5292    151.750  1025.5224  51463.992    31.8303     60.047    7.35346     4.2469     4.2679    25.2396   13.15279 3.9786e-02     60.622 0.0000e+00
        609 141.532025    0.04222     2.5333    152.000  1025.5245  51467.049    31.8303     60.312    7.35497     4.2389     4.2594    25.2404   13.15529 3.9774e-02     60.890 0.0000e+00
        610 141.532028    0.04229     2.5375    152.250  1025.5271  51471.174    31.8310     60.576    7.35644     4.2318     4.2509    25.2418   13.15770 3.9764e-02     61.157 0.0000e+00
        611 141.532031    0.04236     2.5417    152.500  1025.5309  51477.273    31.8331     60.840    7.35777     4.2261     4.2429    25.2443   13.15986 3.9753e-02     61.424 0.0000e+00
        612 141.532034    0.04243     2.5458    152.750  1025.5351  51484.101    31.8360     61.105    7.35889     4.2217     4.2359    25.2473   13.16167 3.9747e-02     61.691 0.0000e+00
        613 141.532037    0.04250     2.5500    153.000  1025.5387  51489.554    31.8383     61.369    7.35979     4.2179     4.2302    25.2497   13.16312 3.9750e-02     61.957 0.0000e+00
        614 141.532040    0.04257     2.5542    153.250  1025.5414  51493.062    31.8395     61.631    7.36052     4.2145     4.2258    25.2511   13.16431 3.9755e-02     62.222 0.0000e+00
        615 141.532043    0.04264     2.5583    153.500  1025.5433  51495.080    31.8398     61.890    7.36116     4.2111     4.2221    25.2517   13.16537 3.9756e-02     62.483 0.0000e+00
        616 141.532046    0.04271     2.5625    153.750  1025.5445  51495.902    31.8395     62.143    7.36179     4.2075     4.2187    25.2518   13.16640 3.9757e-02     62.739 0.0000e+00
        617 141.532049    0.04278     2.5667    154.000  1025.5452  51495.842    31.8385     62.389    7.36244     4.2034     4.2153    25.2513   13.16749 3.9758e-02     62.988 0.0000e+00
        618 141.532052    0.04285     2.5708    154.250  1025.5457  51495.365    31.8372     62.627    7.36316     4.1988     4.2116    25.2507   13.16870 3.9755e-02     63.228 0.0000e+00
        619 141.532054    0.04292     2.5750    154.500  1025.5462  51495.212    31.8360     62.860    7.36395     4.1941     4.2075    25.2501   13.17002 3.9749e-02     63.463 0.0000e+00
        620 141.532057    0.04299     2.5792    154.750  1025.5473  51496.174    31.8355     63.089    7.36479     4.1894     4.2030    25.2502   13.17141 3.9743e-02     63.694 0.0000e+00
        621 141.532060    0.04306     2.5833    155.000  1025.5486  51497.501    31.8351     63.317    7.36564     4.1844     4.1983    25.2504   13.17282 3.9742e-02     63.925 0.0000e+00
        622 141.532063    0.04312     2.5875    155.250  1025.5497  51498.401    31.8345     63.548    7.36652     4.1792     4.1936    25.2503   13.17428 3.9744e-02     64.158 0.0000e+00
        623 141.532066    0.04319     2.5917    155.500  1025.5507  51499.176    31.8338     63.783    7.36744     4.1735     4.1886    25.2502   13.17581 3.9742e-02     64.395 0.0000e+00
        624 141.532069    0.04326     2.5958    155.750  1025.5515  51499.555    31.8327     64.021    7.36843     4.1669     4.1834    25.2499   13.17745 3.9743e-02     64.635 0.0000e+00
        625 141.532072    0.04333     2.6000    156.000  1025.5518  51499.203    31.8309     64.262    7.36953     4.1596     4.1777    25.2491   13.17931 3.9757e-02     64.879 0.0000e+00
        626 141.532075    0.04340     2.6042    156.250  1025.5525  51499.558    31.8295     64.504    7.37078     4.1523     4.1711    25.2486   13.18138 3.9776e-02     65.123 0.0000e+00
        627 141.532078    0.04347     2.6083    156.500  1025.5546  51502.812    31.8298     64.747    7.37207     4.1457     4.1638    25.2496   13.18350 3.9785e-02     65.368 0.0000e+00
        628 141.532080    0.04354     2.6125    156.750  1025.5582  51508.552    31.8319     64.990    7.37328     4.1403     4.1565    25.2519   13.18547 3.9785e-02     65.614 0.0000e+00
        629 141.532083    0.04361     2.6167    157.000  1025.5620  51514.744    31.8344     65.232    7.37432     4.1359     4.1500    25.2546   13.18716 3.9787e-02     65.859 0.0000e+00
        630 141.532086    0.04368     2.6208    157.250  1025.5656  51520.267    31.8368     65.475    7.37517     4.1323     4.1445    25.2570   13.18854 3.9799e-02     66.103 0.0000e+00
        631 141.532089    0.04375     2.6250    157.500  1025.5686  51524.599    31.8386     65.718    7.37586     4.1291     4.1402    25.2589   13.18966 3.9806e-02     66.349 0.0000e+00
        632 141.532092    0.04382     2.6292    157.750  1025.5709  51527.481    31.8396     65.963    7.37645     4.1259     4.1366    25.2600   13.19062 3.9801e-02     66.597 0.0000e+00
        633 141.532095    0.04389     2.6333    158.000  1025.5725  51529.142    31.8399     66.211    7.37701     4.1223     4.1334    25.2605   13.19153 3.9790e-02     66.847 0.0000e+00
        634 141.532098    0.04396     2.6375    158.250  1025.5742  51530.845    31.8401     66.461    7.37759     4.1189     4.1302    25.2610   13.19248 3.9775e-02     67.099 0.0000e+00
        635 141.532101    0.04403     2.6417    158.500  1025.5767  51533.965    31.8413     66.711    7.37817     4.1159     4.1267    25.2623   13.19341 3.9764e-02     67.352 0.0000e+00
        636 141.532104    0.04410     2.6458    158.750  1025.5798  51538.279    31.8433     66.962    7.37869     4.1136     4.1232    25.2642   13.19424 3.9765e-02     67.605 0.0000e+00
        637 141.532106    0.04417     2.6500    159.000  1025.5830  51542.756    31.8455     67.214    7.37911     4.1120     4.1203    25.2663   13.19491 3.9772e-02     67.860 0.0000e+00
        638 141.532109    0.04424     2.6542    159.250  1025.5861  51546.703    31.8475     67.469    7.37941     4.1109     4.1180    25.2681   13.19539 3.9779e-02     68.116 0.0000e+00
        639 141.532112    0.04431     2.6583    159.500  1025.5887  51549.868    31.8492     67.725    7.37962     4.1102     4.1164    25.2696   13.19571 3.9788e-02     68.375 0.0000e+00
        640 141.532115    0.04437     2.6625    159.750  1025.5912  51552.434    31.8505     67.982    7.37974     4.1099     4.1153    25.2708   13.19589 3.9796e-02     68.635 0.0000e+00
        641 141.532118    0.04444     2.6667    160.000  1025.5935  51554.680    31.8518     68.240    7.37979     4.1098     4.1147    25.2718   13.19596 3.9804e-02     68.895 0.0000e+00
        642 141.532121    0.04451     2.6708    160.250  1025.5957  51556.764    31.8530     68.497    7.37979     4.1097     4.1144    25.2728   13.19594 3.9813e-02     69.155 0.0000e+00
        643 141.532124    0.04458     2.6750    160.500  1025.5979  51558.811    31.8542     68.753    7.37975     4.1098     4.1143    25.2738   13.19586 3.9818e-02     69.413 0.0000e+00
        644 141.532127    0.04465     2.6792    160.750  1025.6001  51560.941    31.8556     69.004    7.37968     4.1099     4.1143    25.2749   13.19573 3.9818e-02     69.667 0.0000e+00
        645 141.532130    0.04472     2.6833    161.000  1025.6024  51563.175    31.8570     69.251    7.37960     4.1101     4.1144    25.2760   13.19558 3.9816e-02     69.916 0.0000e+00
        646 141.532133    0.04479     2.6875    161.250  1025.6047  51565.547    31.8585     69.495    7.37949     4.1105     4.1145    25.2772   13.19539 3.9809e-02     70.163 0.0000e+00
        647 141.532135    0.04486     2.6917    161.500  1025.6072  51568.194    31.8602     69.738    7.37936     4.1110     4.1148    25.2786   13.19515 3.9804e-02     70.408 0.0000e+00
        648 141.532138    0.04493     2.6958    161.750  1025.6100  51571.259    31.8623     69.981    7.37919     4.1118     4.1151    25.2801   13.19484 3.9805e-02     70.653 0.0000e+00
        649 141.532141    0.04500     2.7000    162.000  1025.6129  51574.609    31.8646     70.225    7.37898     4.1127     4.1157    25.2819   13.19446 3.9805e-02     70.899 0.0000e+00
        650 141.532144    0.04507     2.7042    162.250  1025.6157  51577.671    31.8667     70.470    7.37874     4.1139     4.1165    25.2836   13.19403 3.9801e-02     71.147 0.0000e+00
        651 141.532147    0.04514     2.7083    162.500  1025.6181  51579.942    31.8684     70.717    7.37848     4.1151     4.1174    25.2848   13.19358 3.9799e-02     71.397 0.0000e+00
        652 141.532150    0.04521     2.7125    162.750  1025.6201  51581.503    31.8696     70.965    7.37822     4.1163     4.1185    25.2857   13.19313 3.9802e-02     71.648 0.0000e+00
        653 141.532153    0.04528     2.7167    163.000  1025.6219  51582.657    31.8706     71.215    7.37795     4.1176     4.1197    25.2863   13.19268 3.9808e-02     71.899 0.0000e+00
        654 141.532156    0.04535     2.7208    163.250  1025.6236  51583.614    31.8714     71.463    7.37769     4.1190     4.1210    25.2868   13.19222 3.9813e-02     72.150 0.0000e+00
        655 141.532159    0.04542     2.7250    163.500  1025.6253  51584.654    31.8723     71.709    7.37740     4.1207     4.1223    25.2874   13.19175 3.9819e-02     72.399 0.0000e+00
        656 141.532161    0.04549     2.7292    163.750  1025.6272  51585.937    31.8734     71.952    7.37709     4.1226     4.1238    25.2881   13.19122 3.9827e-02     72.644 0.0000e+00
        657 141.532164    0.04556     2.7333    164.000  1025.6291  51587.252    31.8746     72.191    7.37673     4.1247     4.1255    25.2889   13.19061 3.9832e-02     72.885 0.0000e+00
        658 141.532167    0.04562     2.7375    164.250  1025.6308  51588.239    31.8756     72.428    7.37633     4.1269     4.1274    25.2895   13.18994 3.9835e-02     73.125 0.0000e+00
        659 141.532170    0.04569     2.7417    164.500  1025.6324  51588.896    31.8764     72.665    7.37591     4.1293     4.1295    25.2900   13.18923 3.9841e-02     73.364 0.0000e+00
        660 141.532173    0.04576     2.7458    164.750  1025.6342  51590.044    31.8776     72.903    7.37545     4.1322     4.1317    25.2907   13.18846 3.9848e-02     73.604 0.0000e+00
        661 141.532176    0.04583     2.7500    165.000  1025.6367  51592.236    31.8796     73.142    7.37492     4.1353     4.1341    25.2920   13.18757 3.9859e-02     73.846 0.0000e+00
        662 141.532179    0.04590     2.7542    165.250  1025.6390  51594.127    31.8814     73.384    7.37432     4.1383     4.1370    25.2932   13.18655 3.9876e-02     74.090 0.0000e+00
        663 141.532182    0.04597     2.7583    165.500  1025.6403  51594.091    31.8820     73.628    7.37372     4.1406     4.1402    25.2934   13.18555 3.9895e-02     74.336 0.0000e+00
        664 141.532185    0.04604     2.7625    165.750  1025.6407  51592.346    31.8814     73.872    7.37321     4.1420     4.1432    25.2926   13.18471 3.9913e-02     74.583 0.0000e+00
        665 141.532187    0.04611     2.7667    166.000  1025.6409  51590.362    31.8805     74.118    7.37284     4.1427     4.1455    25.2916   13.18411 3.9926e-02     74.831 0.0000e+00
        666 141.532190    0.04618     2.7708    166.250  1025.6416  51589.488    31.8801     74.365    7.37260     4.1430     4.1469    25.2912   13.18373 3.9933e-02     75.081 0.0000e+00
        667 141.532193    0.04625     2.7750    166.500  1025.6429  51589.722    31.8803     74.614    7.37246     4.1428     4.1476    25.2913   13.18350 3.9937e-02     75.331 0.0000e+00
        668 141.532196    0.04632     2.7792    166.750  1025.6439  51589.625    31.8802     74.863    7.37241     4.1417     4.1479    25.2912   13.18342 3.9935e-02     75.583 0.0000e+00
        669 141.532199    0.04639     2.7833    167.000  1025.6442  51588.197    31.8790     75.112    7.37250     4.1397     4.1478    25.2903   13.18359 3.9928e-02     75.835 0.0000e+00
        670 141.532202    0.04646     2.7875    167.250  1025.6444  51586.780    31.8777     75.361    7.37276     4.1374     4.1467    25.2893   13.18403 3.9925e-02     76.087 0.0000e+00
        671 141.532205    0.04653     2.7917    167.500  1025.6456  51587.392    31.8775     75.611    7.37312     4.1354     4.1448    25.2894   13.18462 3.9932e-02     76.339 0.0000e+00
        672 141.532208    0.04660     2.7958    167.750  1025.6479  51589.950    31.8786     75.861    7.37348     4.1339     4.1425    25.2905   13.18520 3.9948e-02     76.592 0.0000e+00
        673 141.532211    0.04667     2.8000    168.000  1025.6506  51593.255    31.8802     76.112    7.37376     4.1331     4.1404    25.2920   13.18564 3.9970e-02     76.845 0.0000e+00
        674 141.532214    0.04674     2.8042    168.250  1025.6534  51596.630    31.8821     76.362    7.37392     4.1329     4.1390    25.2936   13.18589 3.9990e-02     77.097 0.0000e+00
        675 141.532216    0.04681     2.8083    168.500  1025.6561  51599.803    31.8839     76.610    7.37398     4.1333     4.1382    25.2951   13.18595 4.0001e-02     77.347 0.0000e+00
        676 141.532219    0.04688     2.8125    168.750  1025.6587  51602.666    31.8857     76.856    7.37392     4.1342     4.1380    25.2966   13.18583 4.0001e-02     77.595 0.0000e+00
        677 141.532222    0.04694     2.8167    169.000  1025.6611  51605.076    31.8873     77.099    7.37377     4.1356     4.1384    25.2978   13.18556 3.9996e-02     77.841 0.0000e+00
        678 141.532225    0.04701     2.8208    169.250  1025.6631  51606.737    31.8886     77.341    7.37354     4.1371     4.1394    25.2987   13.18517 3.9995e-02     78.086 0.0000e+00
        679 141.532228    0.04708     2.8250    169.500  1025.6650  51608.155    31.8898     77.582    7.37324     4.1388     4.1407    25.2995   13.18466 3.9999e-02     78.329 0.0000e+00
        680 141.532231    0.04715     2.8292    169.750  1025.6672  51610.053    31.8913     77.821    7.37288     4.1405     4.1423    25.3006   13.18404 4.0004e-02     78.570 0.0000e+00
