CTD-processing/allCTD/CNV--homogene/2013_11-06_t6_s11_cast141.cnv
* Sea-Bird SBE19plus Data File:
* FileName = C:\Users\kris.holderied\Documents\kasitsna\Research-Projects-and-Data\Oceanography-AK\CTD-CookInlet-GulfWatchAK\2013-10-11-EVOSTC-CookInlet-Ocean\2013-11-06-CookInlet-Tran6-Douglas\2013-11-06-CookInlet-Tran6-cast141.hex
* Software Version 1.59
* Temperature SN =  5028
* Conductivity SN =  5028
* System UpLoad Time = Feb 14 2014 17:20:25
** Cook Inlet Transect 6 (Douglas) east to west
** Date: 2013-11-06
** Station: 6-11
** Start time: 11:32
** Depth (m): 114
** Comment:  CTD instrument time is AK Daylight time *1 hour off*
** Comment:
# nquan = 17
# nvalues = 734                         
# units = specified
# name 0 = scan: Scan Count
# name 1 = timeJ: Julian Days
# name 2 = timeH: Time, Elapsed [hours]
# name 3 = timeM: Time, Elapsed [minutes]
# name 4 = timeS: Time, Elapsed [seconds]
# name 5 = density00: Density [density, kg/m^3]
# name 6 = specc: Specific Conductance [uS/cm]
# name 7 = sal00: Salinity, Practical [PSU]
# name 8 = depSM: Depth [salt water, m], lat = 59.00
# name 9 = oxsolML/L: Oxygen Saturation, Garcia & Gordon [ml/l]
# name 10 = potemp090C: Potential Temperature [ITS-90, deg C]
# name 11 = tv290C: Temperature [ITS-90, deg C]
# name 12 = sigma-é00: Density [sigma-theta, kg/m^3]
# name 13 = n2satML/L: Nitrogen Saturation [ml/l]
# name 14 = par: PAR/Irradiance, Biospherical/Licor
# name 15 = prdM: Pressure, Strain Gauge [db]
# name 16 = flag:  0.000e+00
# span 0 =          1,        734       
# span 1 = 310.521111, 310.523232       
# span 2 =    0.00000,    0.05090       
# span 3 =     0.0000,     3.0542       
# span 4 =      0.000,    183.250       
# span 5 =  1000.2342,  1025.7297       
# span 6 =    773.478,  51218.559       
# span 7 =     0.3676,    32.2634       
# span 8 =     -0.019,    110.449       
# span 9 =    6.66418,    8.68731       
# span 10 =     5.8855,     8.7082      
# span 11 =     5.8854,     8.7124      
# span 12 =     0.2342,    25.2188      
# span 13 =   12.02221,   15.82706      
# span 14 = 4.3832e-02, 2.8838e+02      
# span 15 =     -0.019,    111.521      
# span 16 = 0.0000e+00, 0.0000e+00      
# interval = seconds: 0.25
# start_time = Nov 06 2013 12:30:24 [Instrument's time stamp, header]
# bad_flag = -9.990e-29
*END*
[from data line 596]
        597 310.522836    0.04139     2.4833    149.000  1025.2941  50747.679    32.0184     69.490    6.77162     7.7072     7.7237    24.9730   12.18925 7.6271e-02     70.157 0.0000e+00
        598 310.522839    0.04146     2.4875    149.250  1025.2984  50753.030    32.0211     69.803    6.77231     7.7033     7.7184    24.9759   12.19035 7.5180e-02     70.473 0.0000e+00
        599 310.522841    0.04153     2.4917    149.500  1025.3027  50758.046    32.0237     70.146    6.77290     7.7002     7.7138    24.9786   12.19130 7.4022e-02     70.820 0.0000e+00
        600 310.522844    0.04160     2.4958    149.750  1025.3067  50762.331    32.0259     70.516    6.77339     7.6976     7.7100    24.9808   12.19209 7.2830e-02     71.194 0.0000e+00
        601 310.522847    0.04167     2.5000    150.000  1025.3102  50765.655    32.0275     70.910    6.77380     7.6951     7.7069    24.9826   12.19274 7.1635e-02     71.592 0.0000e+00
        602 310.522850    0.04174     2.5042    150.250  1025.3132  50767.878    32.0284     71.324    6.77415     7.6921     7.7043    24.9837   12.19332 7.0449e-02     72.010 0.0000e+00
        603 310.522853    0.04181     2.5083    150.500  1025.3157  50769.116    32.0287     71.750    6.77452     7.6880     7.7019    24.9842   12.19392 6.9282e-02     72.440 0.0000e+00
        604 310.522856    0.04188     2.5125    150.750  1025.3180  50769.738    32.0284     72.181    6.77498     7.6821     7.6990    24.9844   12.19469 6.8167e-02     72.875 0.0000e+00
        605 310.522859    0.04194     2.5167    151.000  1025.3202  50770.468    32.0281     72.607    6.77563     7.6742     7.6949    24.9847   12.19576 6.7139e-02     73.305 0.0000e+00
        606 310.522862    0.04201     2.5208    151.250  1025.3231  50772.490    32.0283     73.015    6.77653     7.6646     7.6890    24.9857   12.19724 6.6219e-02     73.718 0.0000e+00
        607 310.522865    0.04208     2.5250    151.500  1025.3272  50776.755    32.0298     73.391    6.77768     7.6544     7.6811    24.9880   12.19912 6.5430e-02     74.097 0.0000e+00
        608 310.522867    0.04215     2.5292    151.750  1025.3326  50783.889    32.0330     73.721    6.77901     7.6451     7.6716    24.9919   12.20128 6.4792e-02     74.430 0.0000e+00
        609 310.522870    0.04222     2.5333    152.000  1025.3395  50794.223    32.0384     73.995    6.78035     7.6384     7.6614    24.9976   12.20344 6.4300e-02     74.707 0.0000e+00
        610 310.522873    0.04229     2.5375    152.250  1025.3472  50806.358    32.0452     74.218    6.78148     7.6351     7.6521    25.0042   12.20522 6.3929e-02     74.932 0.0000e+00
        611 310.522876    0.04236     2.5417    152.500  1025.3540  50817.152    32.0516     74.398    6.78223     7.6346     7.6454    25.0102   12.20638 6.3632e-02     75.114 0.0000e+00
        612 310.522879    0.04243     2.5458    152.750  1025.3584  50823.990    32.0557     74.553    6.78255     7.6356     7.6421    25.0139   12.20686 6.3367e-02     75.270 0.0000e+00
        613 310.522882    0.04250     2.5500    153.000  1025.3603  50826.317    32.0572     74.700    6.78256     7.6367     7.6416    25.0151   12.20686 6.3107e-02     75.418 0.0000e+00
        614 310.522885    0.04257     2.5542    153.250  1025.3605  50825.366    32.0566     74.860    6.78243     7.6369     7.6426    25.0145   12.20665 6.2802e-02     75.580 0.0000e+00
        615 310.522888    0.04264     2.5583    153.500  1025.3598  50822.670    32.0549     75.053    6.78233     7.6352     7.6438    25.0130   12.20651 6.2419e-02     75.775 0.0000e+00
        616 310.522891    0.04271     2.5625    153.750  1025.3589  50819.101    32.0523     75.291    6.78240     7.6312     7.6440    25.0109   12.20666 6.1957e-02     76.015 0.0000e+00
        617 310.522894    0.04278     2.5667    154.000  1025.3587  50816.629    32.0502     75.579    6.78276     7.6257     7.6423    25.0095   12.20728 6.1427e-02     76.306 0.0000e+00
        618 310.522896    0.04285     2.5708    154.250  1025.3609  50817.935    32.0503     75.914    6.78337     7.6198     7.6383    25.0101   12.20829 6.0838e-02     76.645 0.0000e+00
        619 310.522899    0.04292     2.5750    154.500  1025.3652  50822.599    32.0524     76.289    6.78413     7.6143     7.6328    25.0126   12.20951 6.0196e-02     77.024 0.0000e+00
        620 310.522902    0.04299     2.5792    154.750  1025.3700  50828.198    32.0552     76.694    6.78490     7.6093     7.6271    25.0156   12.21075 5.9509e-02     77.433 0.0000e+00
        621 310.522905    0.04306     2.5833    155.000  1025.3748  50833.576    32.0578     77.117    6.78562     7.6046     7.6216    25.0184   12.21192 5.8805e-02     77.860 0.0000e+00
        622 310.522908    0.04312     2.5875    155.250  1025.3795  50838.676    32.0603     77.544    6.78629     7.6002     7.6166    25.0211   12.21299 5.8139e-02     78.290 0.0000e+00
        623 310.522911    0.04319     2.5917    155.500  1025.3837  50843.144    32.0625     77.959    6.78691     7.5953     7.6120    25.0234   12.21399 5.7550e-02     78.709 0.0000e+00
        624 310.522914    0.04326     2.5958    155.750  1025.3870  50846.168    32.0637     78.342    6.78753     7.5890     7.6076    25.0250   12.21501 5.7057e-02     79.097 0.0000e+00
        625 310.522917    0.04333     2.6000    156.000  1025.3896  50848.203    32.0641     78.672    6.78827     7.5814     7.6027    25.0260   12.21622 5.6676e-02     79.430 0.0000e+00
        626 310.522920    0.04340     2.6042    156.250  1025.3928  50851.759    32.0654     78.935    6.78919     7.5739     7.5964    25.0279   12.21772 5.6408e-02     79.696 0.0000e+00
        627 310.522922    0.04347     2.6083    156.500  1025.3974  50858.504    32.0688     79.130    6.79022     7.5677     7.5888    25.0316   12.21938 5.6231e-02     79.893 0.0000e+00
        628 310.522925    0.04354     2.6125    156.750  1025.4027  50866.964    32.0734     79.272    6.79118     7.5630     7.5813    25.0362   12.22091 5.6113e-02     80.036 0.0000e+00
        629 310.522928    0.04361     2.6167    157.000  1025.4073  50874.510    32.0775     79.382    6.79196     7.5596     7.5751    25.0404   12.22215 5.6004e-02     80.147 0.0000e+00
        630 310.522931    0.04368     2.6208    157.250  1025.4108  50879.976    32.0805     79.486    6.79254     7.5571     7.5705    25.0434   12.22307 5.5869e-02     80.252 0.0000e+00
        631 310.522934    0.04375     2.6250    157.500  1025.4134  50883.749    32.0825     79.608    6.79297     7.5553     7.5671    25.0454   12.22376 5.5699e-02     80.375 0.0000e+00
        632 310.522937    0.04382     2.6292    157.750  1025.4156  50886.484    32.0840     79.768    6.79329     7.5539     7.5647    25.0469   12.22427 5.5484e-02     80.537 0.0000e+00
        633 310.522940    0.04389     2.6333    158.000  1025.4177  50888.632    32.0851     79.983    6.79353     7.5527     7.5628    25.0480   12.22465 5.5220e-02     80.753 0.0000e+00
        634 310.522943    0.04396     2.6375    158.250  1025.4199  50890.373    32.0859     80.257    6.79371     7.5516     7.5614    25.0489   12.22494 5.4907e-02     81.029 0.0000e+00
        635 310.522946    0.04403     2.6417    158.500  1025.4221  50891.889    32.0866     80.586    6.79385     7.5506     7.5602    25.0496   12.22517 5.4542e-02     81.362 0.0000e+00
        636 310.522948    0.04410     2.6458    158.750  1025.4246  50893.583    32.0874     80.959    6.79398     7.5498     7.5591    25.0504   12.22537 5.4124e-02     81.739 0.0000e+00
        637 310.522951    0.04417     2.6500    159.000  1025.4273  50895.246    32.0882     81.363    6.79409     7.5491     7.5582    25.0512   12.22554 5.3668e-02     82.147 0.0000e+00
        638 310.522954    0.04424     2.6542    159.250  1025.4298  50896.541    32.0888     81.787    6.79417     7.5482     7.5575    25.0517   12.22568 5.3203e-02     82.575 0.0000e+00
        639 310.522957    0.04431     2.6583    159.500  1025.4323  50897.665    32.0893     82.215    6.79426     7.5469     7.5568    25.0522   12.22581 5.2780e-02     83.007 0.0000e+00
        640 310.522960    0.04437     2.6625    159.750  1025.4347  50898.928    32.0898     82.634    6.79436     7.5453     7.5560    25.0527   12.22598 5.2426e-02     83.430 0.0000e+00
        641 310.522963    0.04444     2.6667    160.000  1025.4375  50900.876    32.0908     83.027    6.79451     7.5438     7.5547    25.0537   12.22621 5.2129e-02     83.827 0.0000e+00
        642 310.522966    0.04451     2.6708    160.250  1025.4405  50903.696    32.0923     83.377    6.79469     7.5425     7.5532    25.0551   12.22649 5.1891e-02     84.181 0.0000e+00
        643 310.522969    0.04458     2.6750    160.500  1025.4435  50906.882    32.0941     83.672    6.79485     7.5415     7.5516    25.0568   12.22673 5.1695e-02     84.479 0.0000e+00
        644 310.522972    0.04465     2.6792    160.750  1025.4463  50909.955    32.0960     83.912    6.79497     7.5408     7.5503    25.0584   12.22690 5.1522e-02     84.722 0.0000e+00
        645 310.522975    0.04472     2.6833    161.000  1025.4487  50912.761    32.0977     84.115    6.79504     7.5402     7.5494    25.0599   12.22700 5.1373e-02     84.926 0.0000e+00
        646 310.522977    0.04479     2.6875    161.250  1025.4509  50915.301    32.0993     84.300    6.79508     7.5396     7.5487    25.0612   12.22705 5.1239e-02     85.113 0.0000e+00
        647 310.522980    0.04486     2.6917    161.500  1025.4529  50917.497    32.1006     84.489    6.79511     7.5389     7.5481    25.0623   12.22708 5.1105e-02     85.305 0.0000e+00
        648 310.522983    0.04493     2.6958    161.750  1025.4548  50919.294    32.1017     84.701    6.79516     7.5380     7.5475    25.0632   12.22714 5.0951e-02     85.518 0.0000e+00
        649 310.522986    0.04500     2.7000    162.000  1025.4566  50920.773    32.1025     84.945    6.79523     7.5367     7.5468    25.0640   12.22725 5.0769e-02     85.764 0.0000e+00
        650 310.522989    0.04507     2.7042    162.250  1025.4586  50922.082    32.1031     85.226    6.79534     7.5349     7.5459    25.0646   12.22742 5.0563e-02     86.047 0.0000e+00
        651 310.522992    0.04514     2.7083    162.500  1025.4607  50923.494    32.1038     85.539    6.79550     7.5325     7.5446    25.0653   12.22769 5.0345e-02     86.364 0.0000e+00
        652 310.522995    0.04521     2.7125    162.750  1025.4631  50925.276    32.1046     85.880    6.79574     7.5297     7.5429    25.0661   12.22807 5.0118e-02     86.709 0.0000e+00
        653 310.522998    0.04528     2.7167    163.000  1025.4660  50927.633    32.1056     86.242    6.79605     7.5267     7.5406    25.0673   12.22857 4.9884e-02     87.074 0.0000e+00
        654 310.523001    0.04535     2.7208    163.250  1025.4693  50930.787    32.1072     86.615    6.79642     7.5237     7.5378    25.0689   12.22915 4.9653e-02     87.451 0.0000e+00
        655 310.523003    0.04542     2.7250    163.500  1025.4730  50934.558    32.1091     86.990    6.79680     7.5208     7.5348    25.0709   12.22976 4.9433e-02     87.830 0.0000e+00
        656 310.523006    0.04549     2.7292    163.750  1025.4767  50938.365    32.1111     87.357    6.79717     7.5180     7.5318    25.0728   12.23035 4.9233e-02     88.201 0.0000e+00
        657 310.523009    0.04556     2.7333    164.000  1025.4801  50941.844    32.1129     87.706    6.79753     7.5147     7.5290    25.0746   12.23091 4.9056e-02     88.552 0.0000e+00
        658 310.523012    0.04562     2.7375    164.250  1025.4832  50945.033    32.1145     88.029    6.79789     7.5105     7.5262    25.0763   12.23150 4.8896e-02     88.879 0.0000e+00
        659 310.523015    0.04569     2.7417    164.500  1025.4863  50948.339    32.1161     88.327    6.79833     7.5052     7.5229    25.0780   12.23219 4.8755e-02     89.180 0.0000e+00
        660 310.523018    0.04576     2.7458    164.750  1025.4898  50952.521    32.1182     88.605    6.79888     7.4993     7.5188    25.0802   12.23308 4.8628e-02     89.461 0.0000e+00
        661 310.523021    0.04583     2.7500    165.000  1025.4941  50958.183    32.1211     88.869    6.79956     7.4932     7.5135    25.0833   12.23417 4.8501e-02     89.727 0.0000e+00
        662 310.523024    0.04590     2.7542    165.250  1025.4990  50964.992    32.1247     89.126    6.80032     7.4873     7.5076    25.0870   12.23538 4.8371e-02     89.987 0.0000e+00
        663 310.523027    0.04597     2.7583    165.500  1025.5040  50972.018    32.1285     89.385    6.80110     7.4818     7.5015    25.0908   12.23663 4.8241e-02     90.248 0.0000e+00
        664 310.523030    0.04604     2.7625    165.750  1025.5090  50978.960    32.1322     89.652    6.80185     7.4770     7.4956    25.0945   12.23783 4.8111e-02     90.518 0.0000e+00
        665 310.523032    0.04611     2.7667    166.000  1025.5140  50985.922    32.1360     89.931    6.80253     7.4733     7.4901    25.0982   12.23891 4.7987e-02     90.799 0.0000e+00
        666 310.523035    0.04618     2.7708    166.250  1025.5188  50992.402    32.1396     90.222    6.80310     7.4705     7.4854    25.1017   12.23981 4.7866e-02     91.093 0.0000e+00
        667 310.523038    0.04625     2.7750    166.500  1025.5231  50997.779    32.1426     90.524    6.80354     7.4685     7.4817    25.1045   12.24050 4.7745e-02     91.399 0.0000e+00
        668 310.523041    0.04632     2.7792    166.750  1025.5268  51001.991    32.1449     90.837    6.80386     7.4671     7.4790    25.1067   12.24100 4.7623e-02     91.715 0.0000e+00
        669 310.523044    0.04639     2.7833    167.000  1025.5299  51005.261    32.1467     91.158    6.80409     7.4660     7.4770    25.1084   12.24135 4.7505e-02     92.038 0.0000e+00
        670 310.523047    0.04646     2.7875    167.250  1025.5327  51007.793    32.1480     91.484    6.80425     7.4652     7.4756    25.1097   12.24160 4.7388e-02     92.368 0.0000e+00
        671 310.523050    0.04653     2.7917    167.500  1025.5352  51009.740    32.1491     91.813    6.80437     7.4646     7.4745    25.1107   12.24179 4.7258e-02     92.701 0.0000e+00
        672 310.523053    0.04660     2.7958    167.750  1025.5374  51011.234    32.1498     92.142    6.80446     7.4642     7.4738    25.1114   12.24192 4.7124e-02     93.033 0.0000e+00
        673 310.523056    0.04667     2.8000    168.000  1025.5395  51012.396    32.1504     92.468    6.80452     7.4639     7.4732    25.1119   12.24201 4.6999e-02     93.361 0.0000e+00
        674 310.523058    0.04674     2.8042    168.250  1025.5413  51013.349    32.1509     92.786    6.80456     7.4637     7.4728    25.1123   12.24207 4.6884e-02     93.683 0.0000e+00
        675 310.523061    0.04681     2.8083    168.500  1025.5431  51014.151    32.1512     93.096    6.80458     7.4635     7.4725    25.1127   12.24211 4.6780e-02     93.996 0.0000e+00
        676 310.523064    0.04688     2.8125    168.750  1025.5447  51014.815    32.1515     93.393    6.80460     7.4633     7.4723    25.1129   12.24214 4.6693e-02     94.295 0.0000e+00
        677 310.523067    0.04694     2.8167    169.000  1025.5463  51015.399    32.1518     93.675    6.80462     7.4630     7.4722    25.1131   12.24217 4.6625e-02     94.580 0.0000e+00
        678 310.523070    0.04701     2.8208    169.250  1025.5477  51015.969    32.1520     93.943    6.80464     7.4628     7.4720    25.1133   12.24219 4.6561e-02     94.851 0.0000e+00
        679 310.523073    0.04708     2.8250    169.500  1025.5491  51016.584    32.1523     94.198    6.80466     7.4624     7.4718    25.1136   12.24222 4.6491e-02     95.109 0.0000e+00
        680 310.523076    0.04715     2.8292    169.750  1025.5506  51017.337    32.1527     94.445    6.80468     7.4619     7.4716    25.1139   12.24225 4.6423e-02     95.358 0.0000e+00
