CTD-processing/allCTD/CNV--homogene/2013_01-04_t9_s07_cast007.cnv
* Sea-Bird SBE19plus Data File:
* FileName = C:\Documents and Settings\kris.holderied.local\My Documents\2012-2013-CTD-DATA-new-files\2013-01-04-CTD-HomerSpitLine\2013-01-04-HomerSpitLine-cast007.hex
* Software Version 1.54
* Temperature SN =  5028
* Conductivity SN =  5028
* System UpLoad Time = Feb 11 2013 18:54:54
** Kachemak Bay Spit Line South to North
** Date:  4 Jan 2013
** Station:  9-07
** Start time (AKDT-24 hr):  17:42
** Depth (m):  102
** Comment: After wave buoy rescue.
** Comment: CTD time set wrong by 2 hours
# nquan = 17
# nvalues = 915                         
# units = specified
# name 0 = scan: Scan Count
# name 1 = timeJ: Julian Days
# name 2 = timeH: Time, Elapsed [hours]
# name 3 = timeM: Time, Elapsed [minutes]
# name 4 = timeS: Time, Elapsed [seconds]
# name 5 = density00: Density [density, kg/m^3]
# name 6 = specc: Specific Conductance [uS/cm]
# name 7 = sal00: Salinity, Practical [PSU]
# name 8 = depSM: Depth [salt water, m], lat = 59.00
# name 9 = oxsolML/L: Oxygen Saturation, Garcia & Gordon [ml/l]
# name 10 = potemp090C: Potential Temperature [ITS-90, deg C]
# name 11 = tv290C: Temperature [ITS-90, deg C]
# name 12 = sigma-é00: Density [sigma-theta, kg/m^3]
# name 13 = n2satML/L: Nitrogen Saturation [ml/l]
# name 14 = par: PAR/Irradiance, Biospherical/Licor
# name 15 = prdM: Pressure, Strain Gauge [db]
# name 16 = flag:  0.000e+00
# span 0 =          1,        915       
# span 1 =   4.821806,   4.824450       
# span 2 =    0.00000,    0.06347       
# span 3 =     0.0000,     3.8083       
# span 4 =      0.000,    228.500       
# span 5 =  1000.3295,  1025.5518       
# span 6 =    946.234,  51227.099       
# span 7 =     0.4512,    31.7457       
# span 8 =     -0.089,     89.981       
# span 9 =    7.28321,    9.42566       
# span 10 =     2.1797,     4.6852      
# span 11 =     2.1798,     4.6915      
# span 12 =     0.3299,    25.1319      
# span 13 =   13.03805,   17.06874      
# span 14 = 3.7912e-02, 3.8103e+00      
# span 15 =     -0.089,     90.850      
# span 16 = 0.0000e+00, 0.0000e+00      
# interval = seconds: 0.25
# start_time = Jan 04 2013 19:43:24 [Instrument's time stamp, header]
# bad_flag = -9.990e-29
*END*
[from data line 426]
        427   4.823038    0.02958     1.7750    106.500  1024.7776  50620.185    31.0647     13.611    7.55426     3.3804     3.3789    24.7131   13.49424 3.7912e-02     13.740 0.0000e+00
        428   4.823041    0.02965     1.7792    106.750  1024.7782  50620.075    31.0648     13.724    7.55402     3.3811     3.3801    24.7131   13.49385 3.7912e-02     13.853 0.0000e+00
        429   4.823044    0.02972     1.7833    107.000  1024.7783  50619.208    31.0645     13.821    7.55384     3.3815     3.3811    24.7127   13.49355 3.7912e-02     13.952 0.0000e+00
        430   4.823047    0.02979     1.7875    107.250  1024.7780  50617.816    31.0637     13.905    7.55373     3.3815     3.3819    24.7120   13.49339 3.7912e-02     14.037 0.0000e+00
        431   4.823050    0.02986     1.7917    107.500  1024.7777  50616.591    31.0629     13.980    7.55370     3.3813     3.3823    24.7114   13.49335 3.7912e-02     14.112 0.0000e+00
        432   4.823053    0.02993     1.7958    107.750  1024.7777  50616.095    31.0625     14.052    7.55371     3.3812     3.3823    24.7111   13.49338 3.7912e-02     14.185 0.0000e+00
        433   4.823056    0.03000     1.8000    108.000  1024.7782  50616.292    31.0626     14.128    7.55374     3.3811     3.3821    24.7112   13.49343 3.7912e-02     14.262 0.0000e+00
        434   4.823058    0.03007     1.8042    108.250  1024.7789  50616.921    31.0629     14.214    7.55375     3.3814     3.3820    24.7115   13.49344 3.7912e-02     14.348 0.0000e+00
        435   4.823061    0.03014     1.8083    108.500  1024.7799  50618.058    31.0636     14.312    7.55373     3.3820     3.3819    24.7120   13.49338 3.7912e-02     14.447 0.0000e+00
        436   4.823064    0.03021     1.8125    108.750  1024.7814  50619.846    31.0648     14.422    7.55362     3.3829     3.3822    24.7130   13.49319 3.7912e-02     14.558 0.0000e+00
        437   4.823067    0.03028     1.8167    109.000  1024.7829  50621.688    31.0662     14.542    7.55344     3.3841     3.3828    24.7140   13.49287 3.7912e-02     14.679 0.0000e+00
        438   4.823070    0.03035     1.8208    109.250  1024.7842  50622.825    31.0671     14.666    7.55321     3.3853     3.3838    24.7147   13.49248 3.7912e-02     14.804 0.0000e+00
        439   4.823073    0.03042     1.8250    109.500  1024.7851  50623.282    31.0677     14.788    7.55296     3.3865     3.3850    24.7150   13.49207 3.7912e-02     14.927 0.0000e+00
        440   4.823076    0.03049     1.8292    109.750  1024.7860  50623.843    31.0683     14.901    7.55270     3.3880     3.3862    24.7154   13.49163 3.7912e-02     15.042 0.0000e+00
        441   4.823079    0.03056     1.8333    110.000  1024.7875  50625.436    31.0696     15.002    7.55241     3.3897     3.3874    24.7163   13.49112 3.7912e-02     15.144 0.0000e+00
        442   4.823082    0.03062     1.8375    110.250  1024.7892  50627.764    31.0715     15.088    7.55205     3.3916     3.3888    24.7177   13.49050 3.7912e-02     15.231 0.0000e+00
        443   4.823084    0.03069     1.8417    110.500  1024.7905  50629.230    31.0729     15.159    7.55165     3.3934     3.3905    24.7187   13.48983 3.7912e-02     15.302 0.0000e+00
        444   4.823087    0.03076     1.8458    110.750  1024.7909  50629.093    31.0733     15.218    7.55127     3.3948     3.3925    24.7188   13.48921 3.7912e-02     15.362 0.0000e+00
        445   4.823090    0.03083     1.8500    111.000  1024.7909  50628.318    31.0732     15.271    7.55095     3.3959     3.3942    24.7185   13.48868 3.7912e-02     15.416 0.0000e+00
        446   4.823093    0.03090     1.8542    111.250  1024.7912  50628.033    31.0733     15.325    7.55068     3.3970     3.3956    24.7185   13.48824 3.7912e-02     15.470 0.0000e+00
        447   4.823096    0.03097     1.8583    111.500  1024.7919  50628.688    31.0740     15.385    7.55043     3.3983     3.3968    24.7190   13.48782 3.7912e-02     15.531 0.0000e+00
        448   4.823099    0.03104     1.8625    111.750  1024.7931  50630.152    31.0752     15.455    7.55016     3.3997     3.3979    24.7199   13.48735 3.7912e-02     15.602 0.0000e+00
        449   4.823102    0.03111     1.8667    112.000  1024.7943  50631.388    31.0763     15.537    7.54987     3.4010     3.3992    24.7207   13.48684 3.7912e-02     15.684 0.0000e+00
        450   4.823105    0.03118     1.8708    112.250  1024.7949  50631.542    31.0768     15.629    7.54958     3.4021     3.4006    24.7209   13.48637 3.7912e-02     15.777 0.0000e+00
        451   4.823108    0.03125     1.8750    112.500  1024.7954  50631.344    31.0769     15.727    7.54933     3.4032     3.4019    24.7209   13.48595 3.7912e-02     15.876 0.0000e+00
        452   4.823111    0.03132     1.8792    112.750  1024.7962  50631.767    31.0774     15.828    7.54910     3.4042     3.4030    24.7212   13.48556 3.7912e-02     15.979 0.0000e+00
        453   4.823113    0.03139     1.8833    113.000  1024.7972  50632.626    31.0782     15.929    7.54887     3.4052     3.4041    24.7217   13.48517 3.7912e-02     16.080 0.0000e+00
        454   4.823116    0.03146     1.8875    113.250  1024.7981  50633.219    31.0788     16.025    7.54864     3.4061     3.4051    24.7221   13.48479 3.7912e-02     16.177 0.0000e+00
        455   4.823119    0.03153     1.8917    113.500  1024.7987  50633.349    31.0791     16.116    7.54843     3.4068     3.4061    24.7222   13.48444 3.7912e-02     16.268 0.0000e+00
        456   4.823122    0.03160     1.8958    113.750  1024.7992  50633.404    31.0793     16.202    7.54826     3.4075     3.4070    24.7223   13.48414 3.7912e-02     16.356 0.0000e+00
        457   4.823125    0.03167     1.9000    114.000  1024.7998  50633.727    31.0797     16.289    7.54810     3.4082     3.4078    24.7225   13.48387 3.7912e-02     16.443 0.0000e+00
        458   4.823128    0.03174     1.9042    114.250  1024.8007  50634.442    31.0803     16.382    7.54794     3.4090     3.4084    24.7230   13.48360 3.7912e-02     16.537 0.0000e+00
        459   4.823131    0.03181     1.9083    114.500  1024.8018  50635.601    31.0812     16.487    7.54776     3.4099     3.4091    24.7236   13.48331 3.7912e-02     16.644 0.0000e+00
        460   4.823134    0.03188     1.9125    114.750  1024.8032  50637.016    31.0823     16.609    7.54756     3.4108     3.4099    24.7244   13.48296 3.7912e-02     16.767 0.0000e+00
        461   4.823137    0.03194     1.9167    115.000  1024.8044  50638.080    31.0831     16.745    7.54735     3.4118     3.4108    24.7250   13.48260 3.7912e-02     16.904 0.0000e+00
        462   4.823139    0.03201     1.9208    115.250  1024.8055  50638.647    31.0837     16.890    7.54713     3.4127     3.4118    24.7254   13.48224 3.7912e-02     17.050 0.0000e+00
        463   4.823142    0.03208     1.9250    115.500  1024.8065  50639.142    31.0842     17.039    7.54693     3.4135     3.4128    24.7257   13.48189 3.7912e-02     17.200 0.0000e+00
        464   4.823145    0.03215     1.9292    115.750  1024.8075  50639.541    31.0846     17.190    7.54674     3.4143     3.4137    24.7259   13.48157 3.7912e-02     17.353 0.0000e+00
        465   4.823148    0.03222     1.9333    116.000  1024.8083  50639.708    31.0849     17.339    7.54656     3.4150     3.4146    24.7261   13.48128 3.7912e-02     17.504 0.0000e+00
        466   4.823151    0.03229     1.9375    116.250  1024.8090  50639.705    31.0850     17.485    7.54641     3.4156     3.4154    24.7261   13.48102 3.7912e-02     17.650 0.0000e+00
        467   4.823154    0.03236     1.9417    116.500  1024.8097  50639.629    31.0850     17.625    7.54627     3.4162     3.4161    24.7261   13.48080 3.7912e-02     17.792 0.0000e+00
        468   4.823157    0.03243     1.9458    116.750  1024.8104  50639.809    31.0852     17.761    7.54615     3.4168     3.4167    24.7262   13.48059 3.7912e-02     17.929 0.0000e+00
        469   4.823160    0.03250     1.9500    117.000  1024.8114  50640.491    31.0858     17.893    7.54602     3.4176     3.4172    24.7266   13.48037 3.7912e-02     18.062 0.0000e+00
        470   4.823163    0.03257     1.9542    117.250  1024.8125  50641.402    31.0865     18.023    7.54586     3.4185     3.4179    24.7271   13.48010 3.7912e-02     18.194 0.0000e+00
        471   4.823166    0.03264     1.9583    117.500  1024.8136  50642.062    31.0871     18.155    7.54568     3.4193     3.4187    24.7275   13.47980 3.7912e-02     18.327 0.0000e+00
        472   4.823168    0.03271     1.9625    117.750  1024.8145  50642.518    31.0875     18.290    7.54550     3.4202     3.4195    24.7278   13.47949 3.7912e-02     18.464 0.0000e+00
        473   4.823171    0.03278     1.9667    118.000  1024.8156  50643.306    31.0882     18.431    7.54531     3.4213     3.4204    24.7282   13.47916 3.7912e-02     18.606 0.0000e+00
        474   4.823174    0.03285     1.9708    118.250  1024.8172  50644.815    31.0894     18.577    7.54508     3.4226     3.4213    24.7291   13.47877 3.7912e-02     18.753 0.0000e+00
        475   4.823177    0.03292     1.9750    118.500  1024.8190  50646.710    31.0908     18.728    7.54480     3.4240     3.4224    24.7302   13.47829 3.7912e-02     18.905 0.0000e+00
        476   4.823180    0.03299     1.9792    118.750  1024.8205  50648.028    31.0920     18.882    7.54450     3.4254     3.4237    24.7310   13.47777 3.7912e-02     19.061 0.0000e+00
        477   4.823183    0.03306     1.9833    119.000  1024.8215  50648.286    31.0924     19.036    7.54420     3.4264     3.4251    24.7313   13.47729 3.7912e-02     19.216 0.0000e+00
        478   4.823186    0.03313     1.9875    119.250  1024.8220  50647.754    31.0923     19.187    7.54396     3.4270     3.4265    24.7311   13.47689 3.7912e-02     19.369 0.0000e+00
        479   4.823189    0.03319     1.9917    119.500  1024.8222  50646.765    31.0918     19.334    7.54379     3.4273     3.4275    24.7306   13.47662 3.7912e-02     19.517 0.0000e+00
        480   4.823192    0.03326     1.9958    119.750  1024.8224  50645.973    31.0914     19.475    7.54370     3.4276     3.4281    24.7301   13.47647 3.7912e-02     19.659 0.0000e+00
        481   4.823194    0.03333     2.0000    120.000  1024.8233  50646.406    31.0917     19.611    7.54362     3.4280     3.4284    24.7304   13.47634 3.7912e-02     19.797 0.0000e+00
        482   4.823197    0.03340     2.0042    120.250  1024.8248  50648.059    31.0928     19.743    7.54352     3.4287     3.4287    24.7312   13.47615 3.7912e-02     19.930 0.0000e+00
        483   4.823200    0.03347     2.0083    120.500  1024.8263  50649.712    31.0939     19.874    7.54338     3.4295     3.4291    24.7321   13.47590 3.7912e-02     20.062 0.0000e+00
        484   4.823203    0.03354     2.0125    120.750  1024.8274  50650.545    31.0946     20.005    7.54322     3.4303     3.4298    24.7326   13.47562 3.7912e-02     20.195 0.0000e+00
        485   4.823206    0.03361     2.0167    121.000  1024.8282  50650.764    31.0949     20.139    7.54305     3.4311     3.4307    24.7328   13.47534 3.7912e-02     20.330 0.0000e+00
        486   4.823209    0.03368     2.0208    121.250  1024.8290  50651.092    31.0953     20.278    7.54288     3.4320     3.4315    24.7330   13.47506 3.7912e-02     20.470 0.0000e+00
        487   4.823212    0.03375     2.0250    121.500  1024.8304  50652.298    31.0962     20.422    7.54268     3.4335     3.4323    24.7336   13.47472 3.7912e-02     20.615 0.0000e+00
        488   4.823215    0.03382     2.0292    121.750  1024.8326  50654.905    31.0982     20.570    7.54241     3.4355     3.4332    24.7351   13.47424 3.7912e-02     20.765 0.0000e+00
        489   4.823218    0.03389     2.0333    122.000  1024.8352  50658.331    31.1008     20.722    7.54201     3.4379     3.4347    24.7371   13.47355 3.7912e-02     20.918 0.0000e+00
        490   4.823220    0.03396     2.0375    122.250  1024.8374  50660.735    31.1028     20.876    7.54152     3.4403     3.4367    24.7385   13.47272 3.7912e-02     21.074 0.0000e+00
        491   4.823223    0.03403     2.0417    122.500  1024.8386  50661.188    31.1036     21.029    7.54103     3.4423     3.4392    24.7389   13.47189 3.7912e-02     21.229 0.0000e+00
        492   4.823226    0.03410     2.0458    122.750  1024.8392  50660.617    31.1037     21.181    7.54058     3.4439     3.4415    24.7388   13.47116 3.7912e-02     21.382 0.0000e+00
        493   4.823229    0.03417     2.0500    123.000  1024.8400  50660.457    31.1040     21.330    7.54019     3.4455     3.4435    24.7389   13.47052 3.7912e-02     21.532 0.0000e+00
        494   4.823232    0.03424     2.0542    123.250  1024.8414  50661.586    31.1052     21.473    7.53982     3.4473     3.4452    24.7397   13.46989 3.7912e-02     21.677 0.0000e+00
        495   4.823235    0.03431     2.0583    123.500  1024.8436  50664.280    31.1073     21.612    7.53941     3.4494     3.4468    24.7412   13.46919 3.7912e-02     21.817 0.0000e+00
        496   4.823238    0.03438     2.0625    123.750  1024.8464  50667.987    31.1102     21.748    7.53893     3.4519     3.4486    24.7434   13.46835 3.7912e-02     21.954 0.0000e+00
        497   4.823241    0.03444     2.0667    124.000  1024.8491  50671.557    31.1131     21.883    7.53839     3.4545     3.4507    24.7455   13.46741 3.7912e-02     22.091 0.0000e+00
        498   4.823244    0.03451     2.0708    124.250  1024.8518  50674.901    31.1159     22.019    7.53779     3.4573     3.4532    24.7475   13.46639 3.7912e-02     22.228 0.0000e+00
        499   4.823247    0.03458     2.0750    124.500  1024.8549  50678.952    31.1192     22.158    7.53713     3.4605     3.4558    24.7499   13.46526 3.7912e-02     22.368 0.0000e+00
        500   4.823249    0.03465     2.0792    124.750  1024.8589  50684.634    31.1237     22.301    7.53638     3.4644     3.4586    24.7533   13.46395 3.7912e-02     22.512 0.0000e+00
        501   4.823252    0.03472     2.0833    125.000  1024.8641  50692.412    31.1297     22.448    7.53547     3.4692     3.4618    24.7578   13.46238 3.7912e-02     22.660 0.0000e+00
        502   4.823255    0.03479     2.0875    125.250  1024.8704  50702.127    31.1372     22.599    7.53436     3.4751     3.4658    24.7634   13.46045 3.7912e-02     22.813 0.0000e+00
        503   4.823258    0.03486     2.0917    125.500  1024.8778  50713.705    31.1461     22.752    7.53301     3.4822     3.4706    24.7701   13.45810 3.7912e-02     22.967 0.0000e+00
        504   4.823261    0.03493     2.0958    125.750  1024.8860  50726.511    31.1562     22.905    7.53140     3.4900     3.4765    24.7776   13.45530 3.7912e-02     23.122 0.0000e+00
        505   4.823264    0.03500     2.1000    126.000  1024.8937  50738.004    31.1657     23.055    7.52961     3.4978     3.4835    24.7845   13.45222 3.7912e-02     23.274 0.0000e+00
        506   4.823267    0.03507     2.1042    126.250  1024.8991  50745.268    31.1724     23.201    7.52781     3.5047     3.4913    24.7892   13.44917 3.7912e-02     23.421 0.0000e+00
        507   4.823270    0.03514     2.1083    126.500  1024.9018  50747.579    31.1759     23.342    7.52619     3.5103     3.4991    24.7912   13.44645 3.7912e-02     23.563 0.0000e+00
        508   4.823273    0.03521     2.1125    126.750  1024.9025  50746.388    31.1767     23.478    7.52485     3.5145     3.5061    24.7913   13.44423 3.7912e-02     23.701 0.0000e+00
        509   4.823275    0.03528     2.1167    127.000  1024.9022  50743.725    31.1762     23.611    7.52383     3.5174     3.5117    24.7904   13.44256 3.7912e-02     23.835 0.0000e+00
        510   4.823278    0.03535     2.1208    127.250  1024.9018  50741.067    31.1754     23.742    7.52311     3.5193     3.5159    24.7893   13.44137 3.7912e-02     23.967 0.0000e+00
