CTD-processing/allCTD/CNV--homogene/2013_11-08_t3_s11_cast158.cnv
* Sea-Bird SBE19plus Data File:
* FileName = C:\Users\kris.holderied\Documents\kasitsna\Research-Projects-and-Data\Oceanography-AK\CTD-CookInlet-GulfWatchAK\2013-10-11-EVOSTC-CookInlet-Ocean\2013-11-08-CookInlet-Tran3-AnchorPt\2013-11-08-CookInlet-Tran3-cast158.hex
* Software Version 1.59
* Temperature SN =  5028
* Conductivity SN =  5028
* System UpLoad Time = Feb 14 2014 16:49:12
** Cook Inlet Transect 3 (Anchor Pt) east to west
** Date: 2013-11-08
** Station: 3-11
** Start time: 12:33
** Depth (m): 35
** Comment:  CTD instrument time is AK Daylight time - 1 hr off
** Comment:
# nquan = 17
# nvalues = 409                         
# units = specified
# name 0 = scan: Scan Count
# name 1 = timeJ: Julian Days
# name 2 = timeH: Time, Elapsed [hours]
# name 3 = timeM: Time, Elapsed [minutes]
# name 4 = timeS: Time, Elapsed [seconds]
# name 5 = density00: Density [density, kg/m^3]
# name 6 = specc: Specific Conductance [uS/cm]
# name 7 = sal00: Salinity, Practical [PSU]
# name 8 = depSM: Depth [salt water, m], lat = 59.00
# name 9 = oxsolML/L: Oxygen Saturation, Garcia & Gordon [ml/l]
# name 10 = potemp090C: Potential Temperature [ITS-90, deg C]
# name 11 = tv290C: Temperature [ITS-90, deg C]
# name 12 = sigma-é00: Density [sigma-theta, kg/m^3]
# name 13 = n2satML/L: Nitrogen Saturation [ml/l]
# name 14 = par: PAR/Irradiance, Biospherical/Licor
# name 15 = prdM: Pressure, Strain Gauge [db]
# name 16 = flag:  0.000e+00
# span 0 =          1,        409       
# span 1 = 312.564583, 312.565764       
# span 2 =    0.00000,    0.02833       
# span 3 =     0.0000,     1.7000       
# span 4 =      0.000,    102.000       
# span 5 =   999.9857,  1023.5153       
# span 6 =    182.367,  47769.561       
# span 7 =     0.0832,    29.9941       
# span 8 =      0.012,     35.947       
# span 9 =    6.82773,    8.56240       
# span 10 =     6.6618,     7.9400      
# span 11 =     6.6576,     7.9434      
# span 12 =    -0.0143,    23.3650      
# span 13 =   12.30724,   15.62566      
# span 14 = 7.4145e-02, 5.0619e+02      
# span 15 =      0.012,     36.290      
# span 16 = 0.0000e+00, 0.0000e+00      
# interval = seconds: 0.25
# start_time = Nov 08 2013 13:33:00 [Instrument's time stamp, header]
# bad_flag = -9.990e-29
*END*
          1 312.564583    0.00000     0.0000      0.000   999.9857    182.367     0.0832      0.020    8.56240     6.6618     6.6576    -0.0143   15.62566 1.3974e+02      0.020 0.0000e+00
          2 312.564586    0.00007     0.0042      0.250   999.9858    182.729     0.0834      0.020    8.56202     6.6649     6.6593    -0.0143   15.62501 1.4211e+02      0.020 0.0000e+00
          3 312.564589    0.00014     0.0083      0.500   999.9858    183.175     0.0837      0.019    8.56148     6.6680     6.6618    -0.0142   15.62410 1.4506e+02      0.019 0.0000e+00
          4 312.564592    0.00021     0.0125      0.750   999.9860    183.939     0.0840      0.018    8.56081     6.6708     6.6649    -0.0140   15.62297 1.5048e+02      0.018 0.0000e+00
          5 312.564595    0.00028     0.0167      1.000   999.9865    185.439     0.0848      0.017    8.56010     6.6731     6.6680    -0.0135   15.62176 1.6153e+02      0.017 0.0000e+00
          6 312.564598    0.00035     0.0208      1.250   999.9874    188.118     0.0861      0.015    8.55942     6.6749     6.6708    -0.0126   15.62059 1.8185e+02      0.016 0.0000e+00
          7 312.564601    0.00042     0.0250      1.500   999.9889    192.496     0.0882      0.014    8.55880     6.6762     6.6731    -0.0111   15.61952 2.1594e+02      0.014 0.0000e+00
          8 312.564604    0.00049     0.0292      1.750   999.9915    199.343     0.0915      0.012    8.55823     6.6772     6.6749    -0.0085   15.61851 2.5724e+02      0.012 0.0000e+00
          9 312.564606    0.00056     0.0333      2.000   999.9955    209.835     0.0965      0.012    8.55767     6.6778     6.6762    -0.0045   15.61748 2.9672e+02      0.012 0.0000e+00
         10 312.564609    0.00063     0.0375      2.250  1000.0016    225.673     0.1042      0.012    8.55705     6.6783     6.6772     0.0016   15.61631 3.3207e+02      0.012 0.0000e+00
         11 312.564612    0.00069     0.0417      2.500  1000.0110    249.917     0.1160      0.012    8.55624     6.6786     6.6778     0.0109   15.61477 3.5317e+02      0.012 0.0000e+00
         12 312.564615    0.00076     0.0458      2.750  1000.0257    287.896     0.1345      0.012    8.55510     6.6785     6.6783     0.0257   15.61255 3.5649e+02      0.012 0.0000e+00
         13 312.564618    0.00083     0.0500      3.000  1000.0490    347.847     0.1639      0.012    8.55339     6.6779     6.6786     0.0490   15.60922 3.4362e+02      0.012 0.0000e+00
         14 312.564621    0.00090     0.0542      3.250  1000.0856    441.481     0.2098      0.012    8.55083     6.6767     6.6785     0.0856   15.60419 3.1852e+02      0.013 0.0000e+00
         15 312.564624    0.00097     0.0583      3.500  1000.1420    585.084     0.2806      0.012    8.54700     6.6752     6.6779     0.1420   15.59661 2.9195e+02      0.013 0.0000e+00
         16 312.564627    0.00104     0.0625      3.750  1000.2223    788.514     0.3813      0.012    8.54161     6.6738     6.6767     0.2222   15.58595 2.6890e+02      0.012 0.0000e+00
         17 312.564630    0.00111     0.0667      4.000  1000.3157   1023.383     0.4986      0.012    8.53539     6.6731     6.6752     0.3156   15.57363 2.5680e+02      0.012 0.0000e+00
         18 312.564633    0.00118     0.0708      4.250  1000.4030   1240.903     0.6084      0.012    8.52955     6.6730     6.6738     0.4029   15.56208 2.6458e+02      0.012 0.0000e+00
         19 312.564635    0.00125     0.0750      4.500  1000.4797   1429.550     0.7049      0.012    8.52434     6.6735     6.6731     0.4796   15.55179 2.8790e+02      0.012 0.0000e+00
         20 312.564638    0.00132     0.0792      4.750  1000.5513   1602.920     0.7952      0.012    8.51937     6.6744     6.6730     0.5513   15.54203 3.1706e+02      0.012 0.0000e+00
         21 312.564641    0.00139     0.0833      5.000  1000.6219   1770.009     0.8843      0.013    8.51440     6.6758     6.6735     0.6218   15.53231 3.4746e+02      0.013 0.0000e+00
         22 312.564644    0.00146     0.0875      5.250  1000.6989   1947.699     0.9816      0.013    8.50895     6.6778     6.6744     0.6988   15.52167 3.7713e+02      0.013 0.0000e+00
         23 312.564647    0.00153     0.0917      5.500  1000.7879   2147.318     1.0945      0.014    8.50265     6.6809     6.6758     0.7878   15.50941 4.0829e+02      0.014 0.0000e+00
         24 312.564650    0.00160     0.0958      5.750  1000.8896   2365.901     1.2236      0.015    8.49550     6.6857     6.6778     0.8895   15.49554 4.3989e+02      0.015 0.0000e+00
         25 312.564653    0.00167     0.1000      6.000  1001.0165   2626.873     1.3854      0.017    8.48663     6.6933     6.6809     1.0164   15.47842 4.6870e+02      0.017 0.0000e+00
         26 312.564656    0.00174     0.1042      6.250  1001.2045   3004.362     1.6252      0.021    8.47360     6.7056     6.6857     1.2044   15.45327 4.9225e+02      0.021 0.0000e+00
         27 312.564659    0.00181     0.1083      6.500  1001.5187   3635.252     2.0260      0.027    8.45191     6.7259     6.6933     1.5186   15.41138 5.0502e+02      0.027 0.0000e+00
         28 312.564661    0.00187     0.1125      6.750  1002.0643   4739.780     2.7217      0.037    8.41427     6.7595     6.7056     2.0641   15.33864 5.0619e+02      0.037 0.0000e+00
         29 312.564664    0.00194     0.1167      7.000  1003.0037   6653.339     3.9189      0.053    8.34948     6.8152     6.7259     3.0034   15.21336 4.9739e+02      0.053 0.0000e+00
         30 312.564667    0.00201     0.1208      7.250  1004.5976   9911.613     5.9501      0.079    8.23955     6.9073     6.7595     4.5972   15.00070 4.7673e+02      0.080 0.0000e+00
         31 312.564670    0.00208     0.1250      7.500  1007.2803  15405.575     9.3683      0.124    8.05459     7.0478     6.8152     7.2797   14.64281 4.4051e+02      0.125 0.0000e+00
         32 312.564673    0.00215     0.1292      7.750  1011.2830  23539.089    14.4707      0.197    7.77868     7.2246     6.9073    11.2820   14.10970 3.8790e+02      0.198 0.0000e+00
         33 312.564676    0.00222     0.1333      8.000  1015.6184  32246.952    20.0057      0.302    7.47540     7.4029     7.0478    15.6170   13.52603 3.1969e+02      0.304 0.0000e+00
         34 312.564679    0.00229     0.1375      8.250  1018.8125  38626.030    24.0961      0.433    7.24049     7.5539     7.2246    18.8104   13.07729 2.4355e+02      0.436 0.0000e+00
         35 312.564682    0.00236     0.1417      8.500  1020.6764  42357.543    26.4954      0.575    7.09058     7.6674     7.4030    20.6737   12.79389 1.8143e+02      0.581 0.0000e+00
         36 312.564685    0.00243     0.1458      8.750  1021.7555  44524.795    27.8920      0.716    6.99563     7.7453     7.5540    21.7521   12.61612 1.4598e+02      0.723 0.0000e+00
         37 312.564687    0.00250     0.1500      9.000  1022.3774  45778.609    28.7011      0.842    6.93637     7.7944     7.6675    22.3735   12.50601 1.3060e+02      0.850 0.0000e+00
         38 312.564690    0.00257     0.1542      9.250  1022.7347  46502.074    29.1681      0.944    6.90010     7.8221     7.7454    22.7304   12.43900 1.2640e+02      0.953 0.0000e+00
         39 312.564693    0.00264     0.1583      9.500  1022.9415  46922.065    29.4389      1.013    6.87840     7.8367     7.7945    22.9368   12.39902 1.2820e+02      1.023 0.0000e+00
         40 312.564696    0.00271     0.1625      9.750  1023.0641  47171.412    29.5992      1.052    6.86574     7.8450     7.8222    23.0593   12.37564 1.3101e+02      1.063 0.0000e+00
         41 312.564699    0.00278     0.1667     10.000  1023.1400  47325.259    29.6981      1.068    6.85835     7.8513     7.8368    23.1351   12.36193 1.3182e+02      1.079 0.0000e+00
         42 312.564702    0.00285     0.1708     10.250  1023.1880  47422.091    29.7605      1.066    6.85384     7.8571     7.8451    23.1830   12.35354 1.3328e+02      1.076 0.0000e+00
         43 312.564705    0.00292     0.1750     10.500  1023.2163  47479.461    29.7976      1.048    6.85094     7.8624     7.8514    23.2114   12.34819 1.3979e+02      1.058 0.0000e+00
         44 312.564708    0.00299     0.1792     10.750  1023.2306  47509.257    29.8170      1.019    6.84902     7.8669     7.8572    23.2259   12.34472 1.5118e+02      1.029 0.0000e+00
         45 312.564711    0.00306     0.1833     11.000  1023.2366  47522.523    29.8257      0.983    6.84771     7.8706     7.8625    23.2320   12.34242 1.6287e+02      0.992 0.0000e+00
         46 312.564714    0.00313     0.1875     11.250  1023.2391  47528.691    29.8299      0.943    6.84677     7.8738     7.8670    23.2347   12.34078 1.6908e+02      0.952 0.0000e+00
         47 312.564716    0.00319     0.1917     11.500  1023.2424  47535.823    29.8349      0.904    6.84594     7.8767     7.8707    23.2382   12.33933 1.6760e+02      0.912 0.0000e+00
         48 312.564719    0.00326     0.1958     11.750  1023.2485  47547.913    29.8435      0.871    6.84504     7.8790     7.8739    23.2445   12.33772 1.6458e+02      0.879 0.0000e+00
         49 312.564722    0.00333     0.2000     12.000  1023.2562  47562.448    29.8539      0.853    6.84411     7.8802     7.8768    23.2522   12.33605 1.6343e+02      0.861 0.0000e+00
         50 312.564725    0.00340     0.2042     12.250  1023.2631  47575.404    29.8631      0.859    6.84334     7.8798     7.8791    23.2591   12.33465 1.5712e+02      0.866 0.0000e+00
         51 312.564728    0.00347     0.2083     12.500  1023.2691  47586.139    29.8707      0.897    6.84282     7.8768     7.8802    23.2649   12.33369 1.4268e+02      0.905 0.0000e+00
         52 312.564731    0.00354     0.2125     12.750  1023.2726  47592.180    29.8747      0.972    6.84269     7.8685     7.8799    23.2682   12.33343 1.2966e+02      0.982 0.0000e+00
         53 312.564734    0.00361     0.2167     13.000  1023.2695  47585.529    29.8696      1.077    6.84338     7.8520     7.8769    23.2645   12.33464 1.2306e+02      1.088 0.0000e+00
         54 312.564737    0.00368     0.2208     13.250  1023.2613  47569.201    29.8570      1.190    6.84524     7.8286     7.8686    23.2557   12.33787 1.1945e+02      1.201 0.0000e+00
         55 312.564740    0.00375     0.2250     13.500  1023.2576  47561.076    29.8488      1.292    6.84818     7.8039     7.8522    23.2516   12.34284 1.1670e+02      1.303 0.0000e+00
         56 312.564742    0.00382     0.2292     13.750  1023.2624  47568.515    29.8504      1.378    6.85178     7.7837     7.8287    23.2561   12.34878 1.1300e+02      1.391 0.0000e+00
         57 312.564745    0.00389     0.2333     14.000  1023.2714  47583.749    29.8572      1.454    6.85533     7.7706     7.8040    23.2648   12.35458 1.0723e+02      1.468 0.0000e+00
         58 312.564748    0.00396     0.2375     14.250  1023.2798  47597.987    29.8640      1.521    6.85819     7.7649     7.7838    23.2728   12.35923 1.0283e+02      1.535 0.0000e+00
         59 312.564751    0.00403     0.2417     14.500  1023.2842  47605.104    29.8670      1.580    6.86011     7.7651     7.7707    23.2769   12.36236 1.0294e+02      1.594 0.0000e+00
         60 312.564754    0.00410     0.2458     14.750  1023.2826  47601.710    29.8637      1.628    6.86114     7.7682     7.7651    23.2751   12.36411 1.0663e+02      1.643 0.0000e+00
         61 312.564757    0.00417     0.2500     15.000  1023.2753  47587.878    29.8541      1.664    6.86154     7.7718     7.7653    23.2676   12.36489 1.1568e+02      1.679 0.0000e+00
         62 312.564760    0.00424     0.2542     15.250  1023.2655  47569.773    29.8420      1.684    6.86159     7.7748     7.7684    23.2577   12.36512 1.2876e+02      1.699 0.0000e+00
         63 312.564763    0.00431     0.2583     15.500  1023.2586  47557.323    29.8339      1.686    6.86140     7.7780     7.7719    23.2508   12.36491 1.4079e+02      1.701 0.0000e+00
         64 312.564766    0.00438     0.2625     15.750  1023.2583  47556.949    29.8341      1.669    6.86091     7.7834     7.7750    23.2506   12.36410 1.5033e+02      1.685 0.0000e+00
         65 312.564769    0.00444     0.2667     16.000  1023.2655  47570.486    29.8440      1.636    6.85996     7.7930     7.7782    23.2579   12.36241 1.5552e+02      1.652 0.0000e+00
         66 312.564771    0.00451     0.2708     16.250  1023.2779  47593.707    29.8610      1.591    6.85836     7.8069     7.7836    23.2705   12.35955 1.6017e+02      1.606 0.0000e+00
         67 312.564774    0.00458     0.2750     16.500  1023.2896  47615.846    29.8778      1.538    6.85610     7.8228     7.7932    23.2824   12.35560 1.6290e+02      1.553 0.0000e+00
         68 312.564777    0.00465     0.2792     16.750  1023.2953  47627.260    29.8878      1.485    6.85349     7.8383     7.8071    23.2884   12.35114 1.5403e+02      1.500 0.0000e+00
         69 312.564780    0.00472     0.2833     17.000  1023.2938  47625.525    29.8890      1.437    6.85094     7.8519     7.8230    23.2872   12.34691 1.4313e+02      1.451 0.0000e+00
         70 312.564783    0.00479     0.2875     17.250  1023.2870  47613.733    29.8832      1.400    6.84877     7.8627     7.8385    23.2805   12.34339 1.4260e+02      1.413 0.0000e+00
         71 312.564786    0.00486     0.2917     17.500  1023.2769  47595.888    29.8729      1.376    6.84712     7.8705     7.8520    23.2705   12.34078 1.4469e+02      1.389 0.0000e+00
         72 312.564789    0.00493     0.2958     17.750  1023.2651  47574.707    29.8598      1.366    6.84601     7.8756     7.8628    23.2588   12.33912 1.3973e+02      1.379 0.0000e+00
         73 312.564792    0.00500     0.3000     18.000  1023.2524  47551.587    29.8450      1.370    6.84545     7.8782     7.8706    23.2460   12.33837 1.2990e+02      1.383 0.0000e+00
         74 312.564795    0.00507     0.3042     18.250  1023.2394  47527.749    29.8292      1.385    6.84536     7.8790     7.8757    23.2330   12.33842 1.2097e+02      1.398 0.0000e+00
         75 312.564797    0.00514     0.3083     18.500  1023.2279  47506.493    29.8148      1.405    6.84559     7.8790     7.8783    23.2213   12.33898 1.1552e+02      1.419 0.0000e+00
         76 312.564800    0.00521     0.3125     18.750  1023.2207  47493.000    29.8056      1.430    6.84589     7.8793     7.8791    23.2140   12.33959 1.1448e+02      1.444 0.0000e+00
         77 312.564803    0.00528     0.3167     19.000  1023.2195  47490.580    29.8039      1.457    6.84597     7.8809     7.8791    23.2126   12.33974 1.1787e+02      1.471 0.0000e+00
         78 312.564806    0.00535     0.3208     19.250  1023.2232  47497.259    29.8085      1.484    6.84570     7.8837     7.8794    23.2163   12.33924 1.2489e+02      1.499 0.0000e+00
         79 312.564809    0.00542     0.3250     19.500  1023.2288  47507.411    29.8158      1.513    6.84513     7.8873     7.8810    23.2218   12.33821 1.3433e+02      1.527 0.0000e+00
         80 312.564812    0.00549     0.3292     19.750  1023.2342  47517.107    29.8229      1.541    6.84438     7.8911     7.8838    23.2270   12.33688 1.4009e+02      1.555 0.0000e+00
         81 312.564815    0.00556     0.3333     20.000  1023.2386  47525.226    29.8290      1.568    6.84355     7.8948     7.8874    23.2313   12.33542 1.3872e+02      1.583 0.0000e+00
         82 312.564818    0.00562     0.3375     20.250  1023.2421  47531.519    29.8340      1.593    6.84273     7.8979     7.8912    23.2346   12.33400 1.3504e+02      1.609 0.0000e+00
         83 312.564821    0.00569     0.3417     20.500  1023.2444  47535.756    29.8375      1.617    6.84200     7.9001     7.8949    23.2369   12.33275 1.3323e+02      1.633 0.0000e+00
         84 312.564823    0.00576     0.3458     20.750  1023.2452  47537.084    29.8389      1.639    6.84145     7.9012     7.8981    23.2375   12.33182 1.3104e+02      1.655 0.0000e+00
         85 312.564826    0.00583     0.3500     21.000  1023.2437  47534.370    29.8373      1.656    6.84117     7.9009     7.9003    23.2360   12.33138 1.2340e+02      1.672 0.0000e+00
