CTD-processing/allCTD/CNV--homogene/2013_05-21_t9_s10_cast142.cnv
* Sea-Bird SBE19plus Data File:
* FileName = C:\Documents and Settings\kris.holderied.local\My Documents\2012-2013-CTD-DATA-new-files\2013-05-21-CTD-HomerSpitLine-LTM\2013-05-21-Tran9-HomerSpit-cast142.hex
* Software Version 1.54
* Temperature SN =  5028
* Conductivity SN =  5028
* System UpLoad Time = Jun 05 2013 20:20:45
** Cook Inlet LTM Transect 9 (Homer Spit) Monthly
** Date:  2013-05-21
** Station:9-10
** Start time (AKDT-24 hr): 1206
** Depth (ft): 220
** Comment:flow meter start 0099446 end 0101371 Good zooplankton tow-straight
** Comment:
# nquan = 17
# nvalues = 609                         
# units = specified
# name 0 = scan: Scan Count
# name 1 = timeJ: Julian Days
# name 2 = timeH: Time, Elapsed [hours]
# name 3 = timeM: Time, Elapsed [minutes]
# name 4 = timeS: Time, Elapsed [seconds]
# name 5 = density00: Density [density, kg/m^3]
# name 6 = specc: Specific Conductance [uS/cm]
# name 7 = sal00: Salinity, Practical [PSU]
# name 8 = depSM: Depth [salt water, m], lat = 59.00
# name 9 = oxsolML/L: Oxygen Saturation, Garcia & Gordon [ml/l]
# name 10 = potemp090C: Potential Temperature [ITS-90, deg C]
# name 11 = tv290C: Temperature [ITS-90, deg C]
# name 12 = sigma-é00: Density [sigma-theta, kg/m^3]
# name 13 = n2satML/L: Nitrogen Saturation [ml/l]
# name 14 = par: PAR/Irradiance, Biospherical/Licor
# name 15 = prdM: Pressure, Strain Gauge [db]
# name 16 = flag:  0.000e+00
# span 0 =          1,        609       
# span 1 = 141.505000, 141.506759       
# span 2 =    0.00000,    0.04222       
# span 3 =     0.0000,     2.5333       
# span 4 =      0.000,    152.000       
# span 5 =  1024.0109,  1025.5574       
# span 6 =  48941.179,  51538.646       
# span 7 =    30.6237,    31.8377       
# span 8 =      0.766,     62.445       
# span 9 =    6.86982,    7.38513       
# span 10 =     4.0849,     7.3462      
# span 11 =     4.0890,     7.3462      
# span 12 =    24.0069,    25.2631      
# span 13 =   12.36192,   13.20496      
# span 14 = 6.5617e-02, 4.5442e+02      
# span 15 =      0.773,     63.044      
# span 16 = 0.0000e+00, 0.0000e+00      
# interval = seconds: 0.25
# start_time = May 21 2013 12:07:12 [Instrument's time stamp, header]
# bad_flag = -9.990e-29
*END*
[from data line 171]
        172 141.505495    0.01188     0.7125     42.750  1024.5433  49910.226    31.3597      0.794    6.89914     7.1350     7.0975    24.5396   12.40828 4.1082e+02      0.802 0.0000e+00
        173 141.505498    0.01194     0.7167     43.000  1024.4840  49801.658    31.2882      0.791    6.89874     7.1292     7.1204    24.4803   12.40852 4.0659e+02      0.798 0.0000e+00
        174 141.505501    0.01201     0.7208     43.250  1024.4200  49684.509    31.2092      0.793    6.89998     7.1019     7.1351    24.4163   12.41155 3.9984e+02      0.801 0.0000e+00
        175 141.505503    0.01208     0.7250     43.500  1024.3846  49619.908    31.1632      0.801    6.90299     7.0615     7.1293    24.3809   12.41710 3.9517e+02      0.809 0.0000e+00
        176 141.505506    0.01215     0.7292     43.750  1024.3926  49634.532    31.1687      0.813    6.90710     7.0226     7.1019    24.3888   12.42383 3.9291e+02      0.820 0.0000e+00
        177 141.505509    0.01222     0.7333     44.000  1024.4408  49722.971    31.2232      0.824    6.91106     6.9967     7.0615    24.4370   12.42971 3.9243e+02      0.832 0.0000e+00
        178 141.505512    0.01229     0.7375     44.250  1024.5112  49852.053    31.3063      0.831    6.91349     6.9889     7.0226    24.5074   12.43268 3.9356e+02      0.839 0.0000e+00
        179 141.505515    0.01236     0.7417     44.500  1024.5783  49974.822    31.3871      0.831    6.91395     7.0016     6.9967    24.5744   12.43243 3.9555e+02      0.839 0.0000e+00
        180 141.505518    0.01243     0.7458     44.750  1024.6222  50055.270    31.4417      0.825    6.91272     7.0318     6.9889    24.6184   12.42970 3.9777e+02      0.833 0.0000e+00
        181 141.505521    0.01250     0.7500     45.000  1024.6315  50072.030    31.4556      0.818    6.91005     7.0684     7.0017    24.6276   12.42512 4.0024e+02      0.825 0.0000e+00
        182 141.505524    0.01257     0.7542     45.250  1024.6022  50018.326    31.4235      0.812    6.90669     7.0984     7.0319    24.5984   12.41997 4.0262e+02      0.819 0.0000e+00
        183 141.505527    0.01264     0.7583     45.500  1024.5430  49909.792    31.3544      0.810    6.90400     7.1126     7.0685    24.5392   12.41638 4.0174e+02      0.817 0.0000e+00
        184 141.505530    0.01271     0.7625     45.750  1024.4738  49782.985    31.2714      0.813    6.90299     7.1062     7.0985    24.4700   12.41575 3.9702e+02      0.820 0.0000e+00
        185 141.505532    0.01278     0.7667     46.000  1024.4205  49685.415    31.2060      0.821    6.90370     7.0821     7.1126    24.4167   12.41774 3.9318e+02      0.828 0.0000e+00
        186 141.505535    0.01285     0.7708     46.250  1024.4075  49661.582    31.1883      0.834    6.90553     7.0540     7.1062    24.4036   12.42099 3.9311e+02      0.841 0.0000e+00
        187 141.505538    0.01292     0.7750     46.500  1024.4435  49727.516    31.2300      0.844    6.90748     7.0391     7.0821    24.4396   12.42368 3.9513e+02      0.851 0.0000e+00
        188 141.505541    0.01299     0.7792     46.750  1024.5077  49845.136    31.3069      0.846    6.90846     7.0498     7.0541    24.5038   12.42433 3.9783e+02      0.854 0.0000e+00
        189 141.505544    0.01306     0.7833     47.000  1024.5609  49942.552    31.3720      0.840    6.90787     7.0850     7.0392    24.5570   12.42255 4.0179e+02      0.848 0.0000e+00
        190 141.505547    0.01313     0.7875     47.250  1024.5728  49964.420    31.3891      0.830    6.90540     7.1257     7.0499    24.5690   12.41826 4.0558e+02      0.837 0.0000e+00
        191 141.505550    0.01319     0.7917     47.500  1024.5375  49899.649    31.3501      0.819    6.90158     7.1500     7.0850    24.5337   12.41242 4.0700e+02      0.826 0.0000e+00
        192 141.505553    0.01326     0.7958     47.750  1024.4732  49781.866    31.2752      0.811    6.89850     7.1481     7.1257    24.4694   12.40827 4.0549e+02      0.818 0.0000e+00
        193 141.505556    0.01333     0.8000     48.000  1024.4072  49661.200    31.1955      0.808    6.89824     7.1215     7.1501    24.4035   12.40885 4.0100e+02      0.815 0.0000e+00
        194 141.505558    0.01340     0.8042     48.250  1024.3589  49572.762    31.1337      0.810    6.90135     7.0781     7.1482    24.3551   12.41477 3.9448e+02      0.817 0.0000e+00
        195 141.505561    0.01347     0.8083     48.500  1024.3383  49535.275    31.1031      0.817    6.90697     7.0288     7.1216    24.3345   12.42444 3.8952e+02      0.824 0.0000e+00
        196 141.505564    0.01354     0.8125     48.750  1024.3521  49560.545    31.1132      0.829    6.91342     6.9850     7.0782    24.3482   12.43498 3.8821e+02      0.837 0.0000e+00
        197 141.505567    0.01361     0.8167     49.000  1024.4004  49649.285    31.1664      0.841    6.91887     6.9542     7.0289    24.3965   12.44331 3.8887e+02      0.849 0.0000e+00
        198 141.505570    0.01368     0.8208     49.250  1024.4709  49778.668    31.2487      0.848    6.92212     6.9402     6.9851    24.4670   12.44766 3.9063e+02      0.855 0.0000e+00
        199 141.505573    0.01375     0.8250     49.500  1024.5391  49903.588    31.3302      0.846    6.92333     6.9453     6.9543    24.5351   12.44865 3.9302e+02      0.854 0.0000e+00
        200 141.505576    0.01382     0.8292     49.750  1024.5777  49974.471    31.3771      0.840    6.92344     6.9639     6.9403    24.5738   12.44824 3.9450e+02      0.848 0.0000e+00
        201 141.505579    0.01389     0.8333     50.000  1024.5697  49959.707    31.3677      0.834    6.92304     6.9806     6.9454    24.5658   12.44769 3.9425e+02      0.841 0.0000e+00
        202 141.505582    0.01396     0.8375     50.250  1024.5202  49868.954    31.3079      0.831    6.92279     6.9822     6.9640    24.5163   12.44803 3.9190e+02      0.839 0.0000e+00
        203 141.505584    0.01403     0.8417     50.500  1024.4547  49748.923    31.2274      0.835    6.92378     6.9646     6.9807    24.4508   12.45068 3.8802e+02      0.843 0.0000e+00
        204 141.505587    0.01410     0.8458     50.750  1024.4023  49652.968    31.1610      0.846    6.92656     6.9334     6.9823    24.3983   12.45610 3.8432e+02      0.855 0.0000e+00
        205 141.505590    0.01417     0.8500     51.000  1024.3859  49623.154    31.1372      0.862    6.93046     6.9020     6.9647    24.3819   12.46285 3.8240e+02      0.870 0.0000e+00
        206 141.505593    0.01424     0.8542     51.250  1024.4182  49682.505    31.1730      0.877    6.93385     6.8856     6.9334    24.4141   12.46800 3.8305e+02      0.886 0.0000e+00
        207 141.505596    0.01431     0.8583     51.500  1024.4898  49814.050    31.2588      0.885    6.93496     6.8950     6.9021    24.4857   12.46876 3.8582e+02      0.894 0.0000e+00
        208 141.505599    0.01438     0.8625     51.750  1024.5670  49955.483    31.3541      0.883    6.93325     6.9367     6.8857    24.5628   12.46475 3.8947e+02      0.892 0.0000e+00
        209 141.505602    0.01444     0.8667     52.000  1024.6136  50040.866    31.4150      0.871    6.92898     7.0059     6.8951    24.6095   12.45692 3.9293e+02      0.880 0.0000e+00
        210 141.505605    0.01451     0.8708     52.250  1024.6102  50034.353    31.4177      0.853    6.92220     7.0823     6.9367    24.6062   12.44567 3.9502e+02      0.861 0.0000e+00
        211 141.505608    0.01458     0.8750     52.500  1024.5547  49932.263    31.3588      0.835    6.91382     7.1409     7.0060    24.5508   12.43257 3.9690e+02      0.843 0.0000e+00
        212 141.505611    0.01465     0.8792     52.750  1024.4619  49761.947    31.2536      0.821    6.90642     7.1654     7.0824    24.4581   12.42164 3.9910e+02      0.829 0.0000e+00
        213 141.505613    0.01472     0.8833     53.000  1024.3609  49576.962    31.1351      0.816    6.90246     7.1506     7.1410    24.3571   12.41657 3.9702e+02      0.824 0.0000e+00
        214 141.505616    0.01479     0.8875     53.250  1024.2856  49438.954    31.0433      0.821    6.90271     7.1034     7.1655    24.2818   12.41814 3.9125e+02      0.829 0.0000e+00
        215 141.505619    0.01486     0.8917     53.500  1024.2592  49390.577    31.0072      0.834    6.90670     7.0435     7.1507    24.2553   12.42519 3.8777e+02      0.842 0.0000e+00
        216 141.505622    0.01493     0.8958     53.750  1024.2880  49443.426    31.0359      0.850    6.91293     6.9941     7.1035    24.2841   12.43513 3.8777e+02      0.858 0.0000e+00
        217 141.505625    0.01500     0.9000     54.000  1024.3611  49577.396    31.1188      0.861    6.91872     6.9716     7.0436    24.3571   12.44366 3.8999e+02      0.870 0.0000e+00
        218 141.505628    0.01507     0.9042     54.250  1024.4479  49736.591    31.2209      0.863    6.92196     6.9851     6.9942    24.4439   12.44774 3.9413e+02      0.872 0.0000e+00
        219 141.505631    0.01514     0.9083     54.500  1024.5098  49850.062    31.2958      0.857    6.92213     7.0307     6.9717    24.5058   12.44710 4.0012e+02      0.865 0.0000e+00
        220 141.505634    0.01521     0.9125     54.750  1024.5200  49868.736    31.3112      0.845    6.91928     7.0860     6.9852    24.5161   12.44219 4.0710e+02      0.853 0.0000e+00
        221 141.505637    0.01528     0.9167     55.000  1024.4734  49783.048    31.2595      0.833    6.91436     7.1249     7.0307    24.4695   12.43469 4.1080e+02      0.841 0.0000e+00
        222 141.505639    0.01535     0.9208     55.250  1024.3890  49628.337    31.1615      0.827    6.90998     7.1336     7.0860    24.3852   12.42869 4.0761e+02      0.834 0.0000e+00
        223 141.505642    0.01542     0.9250     55.500  1024.3029  49470.490    31.0585      0.828    6.90847     7.1119     7.1249    24.2991   12.42747 4.0051e+02      0.836 0.0000e+00
        224 141.505645    0.01549     0.9292     55.750  1024.2481  49369.996    30.9902      0.839    6.91017     7.0689     7.1336    24.2442   12.43114 3.9372e+02      0.847 0.0000e+00
        225 141.505648    0.01556     0.9333     56.000  1024.2413  49357.655    30.9779      0.856    6.91419     7.0215     7.1119    24.2374   12.43794 3.8914e+02      0.864 0.0000e+00
        226 141.505651    0.01563     0.9375     56.250  1024.2842  49436.242    31.0252      0.872    6.91890     6.9875     7.0689    24.2802   12.44515 3.8804e+02      0.880 0.0000e+00
        227 141.505654    0.01569     0.9417     56.500  1024.3608  49576.622    31.1146      0.880    6.92240     6.9795     7.0216    24.3567   12.44981 3.8938e+02      0.889 0.0000e+00
        228 141.505657    0.01576     0.9458     56.750  1024.4372  49716.830    31.2061      0.878    6.92367     7.0029     6.9876    24.4331   12.45076 3.9104e+02      0.887 0.0000e+00
        229 141.505660    0.01583     0.9500     57.000  1024.4805  49796.138    31.2598      0.868    6.92250     7.0483     6.9796    24.4764   12.44815 3.9209e+02      0.876 0.0000e+00
        230 141.505663    0.01590     0.9542     57.250  1024.4734  49783.134    31.2548      0.854    6.91900     7.0928     7.0030    24.4694   12.44242 3.9175e+02      0.862 0.0000e+00
        231 141.505666    0.01597     0.9583     57.500  1024.4186  49682.619    31.1928      0.841    6.91458     7.1148     7.0483    24.4147   12.43590 3.8936e+02      0.849 0.0000e+00
        232 141.505668    0.01604     0.9625     57.750  1024.3397  49538.021    31.1000      0.836    6.91170     7.1032     7.0928    24.3359   12.43230 3.8563e+02      0.844 0.0000e+00
        233 141.505671    0.01611     0.9667     58.000  1024.2709  49411.916    31.0161      0.841    6.91201     7.0597     7.1148    24.2670   12.43385 3.8183e+02      0.849 0.0000e+00
        234 141.505674    0.01618     0.9708     58.250  1024.2374  49350.543    30.9715      0.856    6.91588     6.9988     7.1033    24.2334   12.44082 3.7861e+02      0.864 0.0000e+00
        235 141.505677    0.01625     0.9750     58.500  1024.2478  49369.847    30.9774      0.875    6.92256     6.9404     7.0598    24.2438   12.45179 3.7693e+02      0.883 0.0000e+00
        236 141.505680    0.01632     0.9792     58.750  1024.2979  49461.963    31.0310      0.892    6.92987     6.8990     6.9989    24.2938   12.46322 3.7713e+02      0.901 0.0000e+00
        237 141.505683    0.01639     0.9833     59.000  1024.3655  49586.196    31.1072      0.903    6.93576     6.8815     6.9405    24.3614   12.47199 3.7881e+02      0.911 0.0000e+00
        238 141.505686    0.01646     0.9875     59.250  1024.4124  49672.406    31.1599      0.905    6.94000     6.8832     6.8991    24.4082   12.47835 3.8208e+02      0.913 0.0000e+00
        239 141.505689    0.01653     0.9917     59.500  1024.4018  49653.154    31.1436      0.898    6.94357     6.8774     6.8816    24.3976   12.48446 3.8538e+02      0.906 0.0000e+00
        240 141.505692    0.01660     0.9958     59.750  1024.3105  49486.108    31.0281      0.884    6.94863     6.8291     6.8833    24.3064   12.49427 3.8600e+02      0.892 0.0000e+00
        241 141.505694    0.01667     1.0000     60.000  1024.1639  49218.026    30.8410      0.870    6.95818     6.7327     6.8774    24.1598   12.51243 3.8401e+02      0.878 0.0000e+00
        242 141.505697    0.01674     1.0042     60.250  1024.0462  49003.645    30.6839      0.861    6.97324     6.6174     6.8291    24.0422   12.53931 3.8127e+02      0.869 0.0000e+00
        243 141.505700    0.01681     1.0083     60.500  1024.0109  48941.179    30.6237      0.859    6.99167     6.5130     6.7327    24.0069   12.57055 3.7881e+02      0.867 0.0000e+00
        244 141.505703    0.01688     1.0125     60.750  1024.0331  48984.689    30.6335      0.864    7.00997     6.4309     6.6174    24.0290   12.60069 3.7674e+02      0.872 0.0000e+00
        245 141.505706    0.01694     1.0167     61.000  1024.0728  49060.432    30.6674      0.875    7.02545     6.3721     6.5130    24.0687   12.62585 3.7476e+02      0.883 0.0000e+00
        246 141.505709    0.01701     1.0208     61.250  1024.1127  49136.032    30.7050      0.887    7.03713     6.3336     6.4309    24.1086   12.64469 3.7409e+02      0.895 0.0000e+00
        247 141.505712    0.01708     1.0250     61.500  1024.1465  49199.966    30.7387      0.895    7.04520     6.3110     6.3721    24.1424   12.65760 3.7599e+02      0.903 0.0000e+00
        248 141.505715    0.01715     1.0292     61.750  1024.1724  49248.759    30.7655      0.895    7.05027     6.3005     6.3336    24.1682   12.66565 3.7937e+02      0.903 0.0000e+00
        249 141.505718    0.01722     1.0333     62.000  1024.1910  49283.734    30.7856      0.884    7.05303     6.2982     6.3110    24.1869   12.66995 3.8221e+02      0.892 0.0000e+00
        250 141.505720    0.01729     1.0375     62.250  1024.2029  49305.923    30.7991      0.868    7.05413     6.3002     6.3005    24.1988   12.67159 3.8424e+02      0.876 0.0000e+00
        251 141.505723    0.01736     1.0417     62.500  1024.2075  49314.529    30.8047      0.856    7.05422     6.3022     6.2983    24.2035   12.67168 3.8498e+02      0.864 0.0000e+00
        252 141.505726    0.01743     1.0458     62.750  1024.2057  49311.161    30.8027      0.858    7.05398     6.3013     6.3002    24.2017   12.67131 3.8181e+02      0.866 0.0000e+00
        253 141.505729    0.01750     1.0500     63.000  1024.2004  49301.046    30.7961      0.876    7.05396     6.2973     6.3022    24.1963   12.67136 3.7466e+02      0.885 0.0000e+00
        254 141.505732    0.01757     1.0542     63.250  1024.1959  49292.597    30.7901      0.911    7.05438     6.2924     6.3014    24.1917   12.67213 3.6586e+02      0.919 0.0000e+00
        255 141.505735    0.01764     1.0583     63.500  1024.1963  49293.118    30.7897      0.953    7.05506     6.2895     6.2973    24.1918   12.67326 3.5843e+02      0.962 0.0000e+00
