CTD-processing/allCTD/CNV--homogene/2013_06-06_alongbay_tutkaa_outer_cast106.cnv
* Sea-Bird SBE19plus Data File:
* FileName = C:\Documents and Settings\kbayadmin\My Documents\CTD data\2013-06-06 Kachemak Bay all bay inner bay Nuka\2013-06-06 Kachemak Bay All Bay Outer Bay cast106.hex
* Software Version 1.59
* Temperature SN =  4141
* Conductivity SN =  4141
* System UpLoad Time = Jun 18 2013 16:36:57
** Kachemak Bay All Bay Outer Bay
** 2013-06-06
** Station: Tutka A
** N': 59 28.9494
** W': 151 29.091
** Start Time: 1747
** Depth(ft): 79
# nquan = 17
# nvalues = 433                         
# units = specified
# name 0 = scan: Scan Count
# name 1 = timeJ: Julian Days
# name 2 = timeH: Time, Elapsed [hours]
# name 3 = timeM: Time, Elapsed [minutes]
# name 4 = timeS: Time, Elapsed [seconds]
# name 5 = density00: Density [density, kg/m^3]
# name 6 = specc: Specific Conductance [uS/cm]
# name 7 = sal00: Salinity, Practical [PSU]
# name 8 = depSM: Depth [salt water, m], lat = 59.00
# name 9 = oxsolML/L: Oxygen Saturation, Garcia & Gordon [ml/l]
# name 10 = potemp090C: Potential Temperature [ITS-90, deg C]
# name 11 = tv290C: Temperature [ITS-90, deg C]
# name 12 = sigma-é00: Density [sigma-theta, kg/m^3]
# name 13 = n2satML/L: Nitrogen Saturation [ml/l]
# name 14 = par: PAR/Irradiance, Biospherical/Licor
# name 15 = prdM: Pressure, Strain Gauge [db]
# name 16 = flag:  0.000e+00
# span 0 =          1,        433       
# span 1 = 157.740521, 157.741771       
# span 2 =    0.00000,    0.03000       
# span 3 =     0.0000,     1.8000       
# span 4 =      0.000,    108.000       
# span 5 =   999.8639,  1025.2023       
# span 6 =    180.808,  51030.216       
# span 7 =     0.0838,    31.7932       
# span 8 =     -0.112,     23.889       
# span 9 =    6.59149,    8.12397       
# span 10 =     5.3257,    10.0400      
# span 11 =     5.3273,    10.0400      
# span 12 =    -0.1355,    25.0940      
# span 13 =   11.93648,   14.88683      
# span 14 = 2.3185e-01, 9.5906e+01      
# span 15 =     -0.113,     24.115      
# span 16 = 0.0000e+00, 0.0000e+00      
# interval = seconds: 0.25
# start_time = Jun 06 2013 17:46:21 [Instrument's time stamp, header]
# bad_flag = -9.990e-29
*END*
[from data line 341]
        342 157.741508    0.02368     1.4208     85.250  1023.5915  48187.672    30.3524      2.977    6.75188     7.9085     8.3355    23.5777   12.17710 2.4381e+01      3.005 0.0000e+00
        343 157.741510    0.02375     1.4250     85.500  1023.7471  48460.463    30.5099      3.176    6.77870     7.7343     8.1151    23.7324   12.21955 2.3553e+01      3.205 0.0000e+00
        344 157.741513    0.02382     1.4292     85.750  1023.8946  48720.434    30.6598      3.370    6.80382     7.5927     7.9089    23.8790   12.25928 2.2392e+01      3.402 0.0000e+00
        345 157.741516    0.02389     1.4333     86.000  1024.0171  48937.095    30.7839      3.567    6.82526     7.4738     7.7347    24.0006   12.29323 2.1476e+01      3.601 0.0000e+00
        346 157.741519    0.02396     1.4375     86.250  1024.1108  49102.957    30.8771      3.772    6.84312     7.3623     7.5931    24.0933   12.32162 2.0503e+01      3.808 0.0000e+00
        347 157.741522    0.02403     1.4417     86.500  1024.1781  49221.897    30.9408      3.986    6.85887     7.2428     7.4741    24.1595   12.34689 1.9338e+01      4.024 0.0000e+00
        348 157.741525    0.02410     1.4458     86.750  1024.2265  49307.422    30.9821      4.209    6.87456     7.1078     7.3627    24.2069   12.37232 1.8200e+01      4.249 0.0000e+00
        349 157.741528    0.02417     1.4500     87.000  1024.2707  49385.998    31.0167      4.436    6.89190     6.9633     7.2432    24.2500   12.40058 1.7258e+01      4.478 0.0000e+00
        350 157.741531    0.02424     1.4542     87.250  1024.3255  49484.846    31.0625      4.664    6.91129     6.8220     7.1083    24.3038   12.43207 1.6520e+01      4.708 0.0000e+00
        351 157.741534    0.02431     1.4583     87.500  1024.3939  49609.531    31.1241      4.889    6.93156     6.6943     6.9638    24.3712   12.46482 1.5854e+01      4.936 0.0000e+00
        352 157.741536    0.02438     1.4625     87.750  1024.4684  49746.016    31.1942      5.114    6.95102     6.5850     6.8225    24.4446   12.49612 1.5093e+01      5.163 0.0000e+00
        353 157.741539    0.02444     1.4667     88.000  1024.5405  49878.645    31.2636      5.338    6.96841     6.4940     6.6948    24.5156   12.52399 1.4156e+01      5.389 0.0000e+00
        354 157.741542    0.02451     1.4708     88.250  1024.6040  49995.863    31.3254      5.563    6.98324     6.4181     6.5855    24.5781   12.54773 1.3138e+01      5.616 0.0000e+00
        355 157.741545    0.02458     1.4750     88.500  1024.6563  50092.322    31.3758      5.789    6.99567     6.3542     6.4945    24.6293   12.56764 1.2191e+01      5.844 0.0000e+00
        356 157.741548    0.02465     1.4792     88.750  1024.6995  50172.127    31.4172      6.014    7.00610     6.3011     6.4187    24.6715   12.58436 1.1399e+01      6.071 0.0000e+00
        357 157.741551    0.02472     1.4833     89.000  1024.7372  50241.722    31.4536      6.233    7.01483     6.2585     6.3548    24.7082   12.59833 1.0793e+01      6.292 0.0000e+00
        358 157.741554    0.02479     1.4875     89.250  1024.7701  50302.475    31.4857      6.444    7.02202     6.2255     6.3017    24.7401   12.60980 1.0346e+01      6.505 0.0000e+00
        359 157.741557    0.02486     1.4917     89.500  1024.7975  50352.834    31.5126      6.647    7.02774     6.2002     6.2591    24.7665   12.61893 1.0000e+01      6.710 0.0000e+00
        360 157.741560    0.02493     1.4958     89.750  1024.8189  50391.777    31.5333      6.846    7.03219     6.1805     6.2261    24.7869   12.62603 9.6810e+00      6.910 0.0000e+00
        361 157.741562    0.02500     1.5000     90.000  1024.8345  50419.975    31.5480      7.046    7.03565     6.1640     6.2008    24.8016   12.63156 9.3137e+00      7.113 0.0000e+00
        362 157.741565    0.02507     1.5042     90.250  1024.8455  50439.402    31.5576      7.256    7.03844     6.1480     6.1811    24.8116   12.63605 8.8587e+00      7.325 0.0000e+00
        363 157.741568    0.02514     1.5083     90.500  1024.8529  50451.996    31.5631      7.480    7.04092     6.1301     6.1646    24.8180   12.64007 8.3582e+00      7.551 0.0000e+00
        364 157.741571    0.02521     1.5125     90.750  1024.8575  50459.434    31.5650      7.718    7.04345     6.1074     6.1486    24.8215   12.64423 7.8727e+00      7.791 0.0000e+00
        365 157.741574    0.02528     1.5167     91.000  1024.8604  50463.754    31.5645      7.963    7.04644     6.0779     6.1307    24.8232   12.64918 7.4011e+00      8.039 0.0000e+00
        366 157.741577    0.02535     1.5208     91.250  1024.8633  50468.450    31.5632      8.210    7.05024     6.0415     6.1081    24.8250   12.65548 6.9651e+00      8.288 0.0000e+00
        367 157.741580    0.02542     1.5250     91.500  1024.8697  50480.101    31.5655      8.451    7.05502     6.0011     6.0786    24.8303   12.66335 6.6071e+00      8.531 0.0000e+00
        368 157.741583    0.02549     1.5292     91.750  1024.8826  50504.172    31.5750      8.684    7.06062     5.9606     6.0422    24.8421   12.67247 6.3346e+00      8.766 0.0000e+00
        369 157.741586    0.02556     1.5333     92.000  1024.9006  50537.716    31.5902      8.909    7.06661     5.9225     6.0018    24.8590   12.68218 6.1327e+00      8.994 0.0000e+00
        370 157.741589    0.02562     1.5375     92.250  1024.9198  50573.766    31.6071      9.132    7.07256     5.8884     5.9613    24.8772   12.69178 5.9735e+00      9.218 0.0000e+00
        371 157.741591    0.02569     1.5417     92.500  1024.9385  50608.796    31.6238      9.354    7.07810     5.8590     5.9232    24.8949   12.70073 5.8259e+00      9.443 0.0000e+00
        372 157.741594    0.02576     1.5458     92.750  1024.9557  50640.700    31.6390      9.580    7.08305     5.8342     5.8892    24.9110   12.70872 5.6650e+00      9.671 0.0000e+00
        373 157.741597    0.02583     1.5500     93.000  1024.9705  50668.028    31.6520      9.812    7.08734     5.8136     5.8598    24.9247   12.71564 5.4852e+00      9.905 0.0000e+00
        374 157.741600    0.02590     1.5542     93.250  1024.9833  50691.185    31.6630     10.053    7.09096     5.7965     5.8350    24.9363   12.72148 5.2994e+00     10.149 0.0000e+00
        375 157.741603    0.02597     1.5583     93.500  1024.9940  50710.338    31.6721     10.300    7.09398     5.7823     5.8144    24.9459   12.72635 5.1234e+00     10.398 0.0000e+00
        376 157.741606    0.02604     1.5625     93.750  1025.0026  50725.445    31.6790     10.549    7.09650     5.7701     5.7974    24.9534   12.73043 4.9626e+00     10.648 0.0000e+00
        377 157.741609    0.02611     1.5667     94.000  1025.0098  50737.630    31.6845     10.796    7.09862     5.7598     5.7831    24.9594   12.73387 4.8114e+00     10.898 0.0000e+00
        378 157.741612    0.02618     1.5708     94.250  1025.0163  50748.360    31.6893     11.044    7.10042     5.7509     5.7710    24.9647   12.73678 4.6600e+00     11.148 0.0000e+00
        379 157.741615    0.02625     1.5750     94.500  1025.0221  50757.853    31.6937     11.292    7.10194     5.7430     5.7607    24.9693   12.73924 4.4995e+00     11.398 0.0000e+00
        380 157.741617    0.02632     1.5792     94.750  1025.0270  50765.436    31.6970     11.543    7.10327     5.7355     5.7518    24.9730   12.74138 4.3299e+00     11.652 0.0000e+00
        381 157.741620    0.02639     1.5833     95.000  1025.0309  50771.190    31.6993     11.796    7.10448     5.7278     5.7440    24.9757   12.74335 4.1643e+00     11.907 0.0000e+00
        382 157.741623    0.02646     1.5875     95.250  1025.0343  50776.071    31.7010     12.050    7.10567     5.7202     5.7364    24.9780   12.74529 4.0154e+00     12.164 0.0000e+00
        383 157.741626    0.02653     1.5917     95.500  1025.0377  50780.857    31.7027     12.302    7.10686     5.7125     5.7288    24.9802   12.74725 3.8844e+00     12.418 0.0000e+00
        384 157.741629    0.02660     1.5958     95.750  1025.0408  50785.140    31.7040     12.551    7.10808     5.7047     5.7212    24.9821   12.74925 3.7668e+00     12.669 0.0000e+00
        385 157.741632    0.02667     1.6000     96.000  1025.0429  50787.690    31.7041     12.796    7.10936     5.6959     5.7135    24.9831   12.75135 3.6525e+00     12.917 0.0000e+00
        386 157.741635    0.02674     1.6042     96.250  1025.0437  50787.754    31.7025     13.042    7.11076     5.6857     5.7057    24.9827   12.75369 3.5295e+00     13.165 0.0000e+00
        387 157.741638    0.02681     1.6083     96.500  1025.0438  50786.761    31.6999     13.290    7.11235     5.6747     5.6969    24.9817   12.75635 3.3955e+00     13.416 0.0000e+00
        388 157.741641    0.02688     1.6125     96.750  1025.0458  50789.252    31.6994     13.544    7.11408     5.6641     5.6868    24.9825   12.75921 3.2570e+00     13.673 0.0000e+00
        389 157.741644    0.02694     1.6167     97.000  1025.0514  50798.354    31.7034     13.801    7.11575     5.6550     5.6757    24.9869   12.76192 3.1249e+00     13.932 0.0000e+00
        390 157.741646    0.02701     1.6208     97.250  1025.0582  50809.673    31.7089     14.054    7.11725     5.6464     5.6652    24.9925   12.76433 3.0078e+00     14.187 0.0000e+00
        391 157.741649    0.02708     1.6250     97.500  1025.0621  50815.659    31.7111     14.298    7.11869     5.6369     5.6561    24.9953   12.76667 2.9096e+00     14.434 0.0000e+00
        392 157.741652    0.02715     1.6292     97.750  1025.0624  50815.047    31.7088     14.534    7.12024     5.6256     5.6475    24.9945   12.76927 2.8301e+00     14.672 0.0000e+00
        393 157.741655    0.02722     1.6333     98.000  1025.0612  50811.795    31.7045     14.762    7.12204     5.6125     5.6380    24.9922   12.77230 2.7652e+00     14.902 0.0000e+00
        394 157.741658    0.02729     1.6375     98.250  1025.0596  50808.054    31.6995     14.986    7.12417     5.5974     5.6268    24.9896   12.77588 2.7063e+00     15.128 0.0000e+00
        395 157.741661    0.02736     1.6417     98.500  1025.0576  50803.660    31.6937     15.211    7.12666     5.5800     5.6137    24.9865   12.78006 2.6425e+00     15.355 0.0000e+00
        396 157.741664    0.02743     1.6458     98.750  1025.0555  50799.135    31.6874     15.445    7.12952     5.5607     5.5985    24.9832   12.78487 2.5687e+00     15.591 0.0000e+00
        397 157.741667    0.02750     1.6500     99.000  1025.0546  50797.066    31.6823     15.690    7.13270     5.5408     5.5812    24.9812   12.79018 2.4886e+00     15.839 0.0000e+00
        398 157.741670    0.02757     1.6542     99.250  1025.0564  50800.086    31.6804     15.944    7.13603     5.5211     5.5620    24.9818   12.79572 2.4075e+00     16.095 0.0000e+00
        399 157.741672    0.02764     1.6583     99.500  1025.0603  50806.834    31.6808     16.203    7.13939     5.5024     5.5420    24.9845   12.80125 2.3290e+00     16.357 0.0000e+00
        400 157.741675    0.02771     1.6625     99.750  1025.0653  50815.634    31.6827     16.460    7.14262     5.4856     5.5223    24.9882   12.80657 2.2591e+00     16.616 0.0000e+00
        401 157.741678    0.02778     1.6667    100.000  1025.0718  50827.276    31.6868     16.707    7.14559     5.4714     5.5037    24.9936   12.81141 2.2023e+00     16.866 0.0000e+00
        402 157.741681    0.02785     1.6708    100.250  1025.0794  50840.808    31.6925     16.942    7.14816     5.4601     5.4868    25.0000   12.81559 2.1564e+00     17.103 0.0000e+00
        403 157.741684    0.02792     1.6750    100.500  1025.0870  50854.316    31.6988     17.166    7.15026     5.4517     5.4727    25.0066   12.81898 2.1145e+00     17.329 0.0000e+00
        404 157.741687    0.02799     1.6792    100.750  1025.0943  50867.027    31.7051     17.389    7.15187     5.4459     5.4614    25.0129   12.82156 2.0691e+00     17.554 0.0000e+00
        405 157.741690    0.02806     1.6833    101.000  1025.1010  50878.183    31.7110     17.619    7.15301     5.4422     5.4531    25.0185   12.82337 2.0135e+00     17.786 0.0000e+00
        406 157.741693    0.02813     1.6875    101.250  1025.1067  50887.274    31.7160     17.865    7.15376     5.4400     5.4473    25.0230   12.82454 1.9447e+00     18.034 0.0000e+00
        407 157.741696    0.02819     1.6917    101.500  1025.1116  50894.507    31.7201     18.128    7.15420     5.4389     5.4435    25.0267   12.82521 1.8644e+00     18.299 0.0000e+00
        408 157.741698    0.02826     1.6958    101.750  1025.1158  50900.217    31.7234     18.403    7.15441     5.4384     5.4414    25.0296   12.82552 1.7776e+00     18.578 0.0000e+00
        409 157.741701    0.02833     1.7000    102.000  1025.1194  50904.799    31.7262     18.681    7.15446     5.4381     5.4403    25.0320   12.82557 1.6925e+00     18.858 0.0000e+00
        410 157.741704    0.02840     1.7042    102.250  1025.1221  50907.649    31.7279     18.949    7.15445     5.4371     5.4398    25.0334   12.82552 1.6177e+00     19.128 0.0000e+00
        411 157.741707    0.02847     1.7083    102.500  1025.1229  50907.179    31.7274     19.198    7.15452     5.4345     5.4396    25.0331   12.82565 1.5559e+00     19.379 0.0000e+00
        412 157.741710    0.02854     1.7125    102.750  1025.1219  50903.549    31.7246     19.428    7.15483     5.4298     5.4386    25.0309   12.82619 1.5034e+00     19.612 0.0000e+00
        413 157.741713    0.02861     1.7167    103.000  1025.1198  50898.307    31.7203     19.645    7.15547     5.4228     5.4360    25.0279   12.82730 1.4561e+00     19.832 0.0000e+00
        414 157.741716    0.02868     1.7208    103.250  1025.1173  50892.443    31.7152     19.857    7.15650     5.4133     5.4313    25.0244   12.82908 1.4106e+00     20.045 0.0000e+00
        415 157.741719    0.02875     1.7250    103.500  1025.1147  50886.733    31.7097     20.070    7.15796     5.4015     5.4243    25.0208   12.83156 1.3629e+00     20.260 0.0000e+00
        416 157.741722    0.02882     1.7292    103.750  1025.1130  50882.626    31.7048     20.293    7.15980     5.3880     5.4149    25.0180   12.83467 1.3098e+00     20.485 0.0000e+00
        417 157.741725    0.02889     1.7333    104.000  1025.1131  50882.035    31.7019     20.528    7.16195     5.3739     5.4031    25.0170   12.83825 1.2498e+00     20.723 0.0000e+00
        418 157.741727    0.02896     1.7375    104.250  1025.1157  50886.147    31.7018     20.773    7.16425     5.3600     5.3896    25.0184   12.84204 1.1824e+00     20.970 0.0000e+00
        419 157.741730    0.02903     1.7417    104.500  1025.1205  50894.284    31.7043     21.023    7.16654     5.3470     5.3754    25.0220   12.84579 1.1080e+00     21.222 0.0000e+00
        420 157.741733    0.02910     1.7458    104.750  1025.1269  50905.380    31.7089     21.271    7.16868     5.3360     5.3616    25.0272   12.84927 1.0283e+00     21.473 0.0000e+00
        421 157.741736    0.02917     1.7500    105.000  1025.1355  50920.564    31.7165     21.515    7.17052     5.3284     5.3486    25.0347   12.85222 9.4403e-01     21.719 0.0000e+00
        422 157.741739    0.02924     1.7542    105.250  1025.1470  50940.946    31.7282     21.751    7.17185     5.3257     5.3376    25.0451   12.85426 8.5732e-01     21.957 0.0000e+00
        423 157.741742    0.02931     1.7583    105.500  1025.1611  50965.691    31.7435     21.981    7.17241     5.3285     5.3300    25.0581   12.85498 7.7255e-01     22.189 0.0000e+00
        424 157.741745    0.02937     1.7625    105.750  1025.1760  50991.468    31.7606     22.208    7.17205     5.3362     5.3273    25.0720   12.85417 6.9119e-01     22.418 0.0000e+00
        425 157.741748    0.02944     1.7667    106.000  1025.1887  51012.767    31.7758     22.435    7.17084     5.3469     5.3302    25.0837   12.85198 6.1168e-01     22.648 0.0000e+00
