CTD-processing/allCTD/CNV--homogene/2013_08-30_t9_s09_cast096.cnv
* Sea-Bird SBE19plus Data File:
* FileName = C:\Users\kris.holderied\Documents\kasitsna\Research-Projects-and-Data\Oceanography-AK\CTD-Data-ALL-to-2013-06-17\2013-CTD-KachBay-CookInlet\2013-08-30-CTD-HomerSpitLine-Tran9-LTM\2013-08-30-CookInlet-Tran9-HomerSpit-cast096.hex
* Software Version 1.59
* Temperature SN =  5028
* Conductivity SN =  5028
* System UpLoad Time = Apr 02 2014 16:15:02
** Cook Inlet LTM Transect 9 (Homer Spit) monthly
** Date: 30 Aug 2013
** Station: 9-09
** Start time: 12:45
** Depth (m): 79.2
** Comment:  CTD instrument time is AK Daylight time
** Comment:
# nquan = 17
# nvalues = 538                         
# units = specified
# name 0 = scan: Scan Count
# name 1 = timeJ: Julian Days
# name 2 = timeH: Time, Elapsed [hours]
# name 3 = timeM: Time, Elapsed [minutes]
# name 4 = timeS: Time, Elapsed [seconds]
# name 5 = density00: Density [density, kg/m^3]
# name 6 = specc: Specific Conductance [uS/cm]
# name 7 = sal00: Salinity, Practical [PSU]
# name 8 = depSM: Depth [salt water, m], lat = 59.00
# name 9 = oxsolML/L: Oxygen Saturation, Garcia & Gordon [ml/l]
# name 10 = potemp090C: Potential Temperature [ITS-90, deg C]
# name 11 = tv290C: Temperature [ITS-90, deg C]
# name 12 = sigma-é00: Density [sigma-theta, kg/m^3]
# name 13 = n2satML/L: Nitrogen Saturation [ml/l]
# name 14 = par: PAR/Irradiance, Biospherical/Licor
# name 15 = prdM: Pressure, Strain Gauge [db]
# name 16 = flag:  0.000e+00
# span 0 =          1,        538       
# span 1 = 242.532292, 242.533845       
# span 2 =    0.00000,    0.03729       
# span 3 =     0.0000,     2.2375       
# span 4 =      0.000,    134.250       
# span 5 =  1000.5270,  1024.4122       
# span 6 =   2353.275,  49192.159       
# span 7 =     1.2006,    31.1525       
# span 8 =     -0.035,     73.424       
# span 9 =    6.39446,    7.62508       
# span 10 =     9.2075,    11.5850      
# span 11 =     9.2152,    11.5852      
# span 12 =     0.5272,    24.0751      
# span 13 =   11.61199,   14.02758      
# span 14 = 5.9996e-02, 5.0787e+02      
# span 15 =     -0.036,     74.130      
# span 16 = 0.0000e+00, 0.0000e+00      
# interval = seconds: 0.25
# start_time = Aug 30 2013 12:46:30 [Instrument's time stamp, header]
# bad_flag = -9.990e-29
*END*
          1 242.532292    0.00000     0.0000      0.000  1004.1384  10481.840     5.8631     -0.016    7.38565    11.2974    11.2966     4.1384   13.55755 3.4053e+02     -0.016 0.0000e+00
          2 242.532295    0.00007     0.0042      0.250  1003.6474   9414.794     5.2303     -0.016    7.41509    11.2952    11.2976     3.6474   13.61602 3.4086e+02     -0.016 0.0000e+00
          3 242.532297    0.00014     0.0083      0.500  1003.2399   8526.316     4.7049     -0.016    7.43973    11.2906    11.2974     3.2399   13.66492 3.4349e+02     -0.016 0.0000e+00
          4 242.532300    0.00021     0.0125      0.750  1003.0648   8143.872     4.4789     -0.016    7.45070    11.2834    11.2952     3.0649   13.68659 3.4027e+02     -0.016 0.0000e+00
          5 242.532303    0.00028     0.0167      1.000  1003.1239   8273.187     4.5544     -0.018    7.44794    11.2740    11.2906     3.1240   13.68087 3.1904e+02     -0.018 0.0000e+00
          6 242.532306    0.00035     0.0208      1.250  1003.3065   8668.403     4.7887     -0.020    7.43820    11.2630    11.2834     3.3066   13.66118 2.8445e+02     -0.020 0.0000e+00
          7 242.532309    0.00042     0.0250      1.500  1003.5097   9100.292     5.0494     -0.022    7.42771    11.2513    11.2739     3.5098   13.63990 2.4877e+02     -0.022 0.0000e+00
          8 242.532312    0.00049     0.0292      1.750  1003.5456   9166.685     5.0945     -0.023    7.42758    11.2398    11.2630     3.5457   13.63912 2.1789e+02     -0.024 0.0000e+00
          9 242.532315    0.00056     0.0333      2.000  1003.2194   8451.002     4.6724     -0.024    7.44939    11.2302    11.2512     3.2196   13.68181 1.9621e+02     -0.025 0.0000e+00
         10 242.532318    0.00063     0.0375      2.250  1002.7312   7381.219     4.0415     -0.025    7.48095    11.2233    11.2397     2.7313   13.74386 1.8432e+02     -0.026 0.0000e+00
         11 242.532321    0.00069     0.0417      2.500  1002.3597   6563.014     3.5615     -0.026    7.50515    11.2186    11.2302     2.3598   13.79141 1.7886e+02     -0.026 0.0000e+00
         12 242.532323    0.00076     0.0458      2.750  1002.1455   6091.933     3.2846     -0.026    7.51934    11.2153    11.2233     2.1456   13.81923 1.7803e+02     -0.027 0.0000e+00
         13 242.532326    0.00083     0.0500      3.000  1002.0323   5843.693     3.1380     -0.027    7.52702    11.2129    11.2186     2.0324   13.83425 1.8253e+02     -0.028 0.0000e+00
         14 242.532329    0.00090     0.0542      3.250  1001.9559   5675.097     3.0390     -0.028    7.53224    11.2110    11.2153     1.9560   13.84444 1.9431e+02     -0.029 0.0000e+00
         15 242.532332    0.00097     0.0583      3.500  1001.9019   5555.043     2.9692     -0.029    7.53595    11.2093    11.2129     1.9021   13.85168 2.1475e+02     -0.029 0.0000e+00
         16 242.532335    0.00104     0.0625      3.750  1001.8840   5515.149     2.9459     -0.029    7.53737    11.2079    11.2110     1.8842   13.85440 2.4205e+02     -0.030 0.0000e+00
         17 242.532338    0.00111     0.0667      4.000  1001.8994   5549.278     2.9655     -0.030    7.53672    11.2065    11.2093     1.8996   13.85302 2.6933e+02     -0.030 0.0000e+00
         18 242.532341    0.00118     0.0708      4.250  1001.9021   5553.365     2.9687     -0.030    7.53682    11.2050    11.2079     1.9022   13.85316 2.9069e+02     -0.030 0.0000e+00
         19 242.532344    0.00125     0.0750      4.500  1001.8171   5358.124     2.8594     -0.029    7.54229    11.2036    11.2065     1.8173   13.86395 3.0790e+02     -0.029 0.0000e+00
         20 242.532347    0.00132     0.0792      4.750  1001.6323   4935.571     2.6217     -0.029    7.55387    11.2021    11.2050     1.6325   13.88690 3.2451e+02     -0.029 0.0000e+00
         21 242.532350    0.00139     0.0833      5.000  1001.4184   4445.060     2.3466     -0.028    7.56725    11.2007    11.2036     1.4186   13.91341 3.3989e+02     -0.028 0.0000e+00
         22 242.532352    0.00146     0.0875      5.250  1001.2267   4003.011     2.1001     -0.027    7.57928    11.1993    11.2021     1.2268   13.93725 3.5375e+02     -0.027 0.0000e+00
         23 242.532355    0.00153     0.0917      5.500  1001.0636   3624.914     1.8905     -0.027    7.58955    11.1979    11.2007     1.0637   13.95761 3.6727e+02     -0.027 0.0000e+00
         24 242.532358    0.00160     0.0958      5.750  1000.9291   3311.536     1.7177     -0.028    7.59807    11.1965    11.1993     0.9293   13.97448 3.8046e+02     -0.028 0.0000e+00
         25 242.532361    0.00167     0.1000      6.000  1000.8218   3060.212     1.5798     -0.029    7.60493    11.1951    11.1979     0.8220   13.98804 3.9474e+02     -0.029 0.0000e+00
         26 242.532364    0.00174     0.1042      6.250  1000.7371   2860.903     1.4710     -0.029    7.61039    11.1936    11.1965     0.7373   13.99883 4.1163e+02     -0.029 0.0000e+00
         27 242.532367    0.00181     0.1083      6.500  1000.6741   2711.827     1.3899     -0.030    7.61453    11.1921    11.1951     0.6742   14.00700 4.2996e+02     -0.030 0.0000e+00
         28 242.532370    0.00187     0.1125      6.750  1000.6325   2613.001     1.3364     -0.030    7.61736    11.1905    11.1936     0.6327   14.01255 4.4616e+02     -0.030 0.0000e+00
         29 242.532373    0.00194     0.1167      7.000  1000.6023   2540.280     1.2974     -0.031    7.61951    11.1889    11.1921     0.6024   14.01675 4.5627e+02     -0.031 0.0000e+00
         30 242.532376    0.00201     0.1208      7.250  1000.5705   2463.080     1.2565     -0.032    7.62176    11.1872    11.1905     0.5706   14.02115 4.5873e+02     -0.032 0.0000e+00
         31 242.532378    0.00208     0.1250      7.500  1000.5396   2387.030     1.2168     -0.033    7.62398    11.1856    11.1889     0.5398   14.02547 4.5375e+02     -0.033 0.0000e+00
         32 242.532381    0.00215     0.1292      7.750  1000.5270   2353.275     1.2006     -0.034    7.62508    11.1841    11.1872     0.5272   14.02758 4.4200e+02     -0.034 0.0000e+00
         33 242.532384    0.00222     0.1333      8.000  1000.5563   2418.151     1.2380     -0.035    7.62361    11.1827    11.1856     0.5564   14.02458 4.2378e+02     -0.035 0.0000e+00
         34 242.532387    0.00229     0.1375      8.250  1000.6434   2618.664     1.3496     -0.035    7.61859    11.1815    11.1841     0.6435   14.01452 3.9967e+02     -0.036 0.0000e+00
         35 242.532390    0.00236     0.1417      8.500  1000.7770   2925.589     1.5210     -0.035    7.61071    11.1807    11.1827     0.7771   13.99881 3.7336e+02     -0.036 0.0000e+00
         36 242.532393    0.00243     0.1458      8.750  1000.9330   3278.086     1.7214     -0.035    7.60148    11.1805    11.1815     0.9332   13.98042 3.5113e+02     -0.036 0.0000e+00
         37 242.532396    0.00250     0.1500      9.000  1001.1111   3670.136     1.9505     -0.033    7.59095    11.1813    11.1807     1.1112   13.95949 3.3768e+02     -0.034 0.0000e+00
         38 242.532399    0.00257     0.1542      9.250  1001.3421   4167.756     2.2481     -0.029    7.57724    11.1836    11.1805     1.3423   13.93233 3.3284e+02     -0.030 0.0000e+00
         39 242.532402    0.00264     0.1583      9.500  1001.6813   4888.482     2.6856     -0.022    7.55703    11.1886    11.1813     1.6814   13.89234 3.3348e+02     -0.023 0.0000e+00
         40 242.532405    0.00271     0.1625      9.750  1002.2127   6009.691     3.3713     -0.011    7.52524    11.1981    11.1836     2.2128   13.82953 3.3965e+02     -0.011 0.0000e+00
         41 242.532407    0.00278     0.1667     10.000  1003.0748   7822.933     4.4841      0.009    7.47351    11.2144    11.1886     3.0748   13.72738 3.5529e+02      0.009 0.0000e+00
         42 242.532410    0.00285     0.1708     10.250  1004.5049  10829.264     6.3303      0.041    7.38750    11.2335    11.1981     4.5047   13.55761 3.8021e+02      0.041 0.0000e+00
         43 242.532413    0.00292     0.1750     10.500  1006.7014  15420.737     9.1669      0.091    7.25548    11.2454    11.2144     6.7010   13.29721 4.0766e+02      0.092 0.0000e+00
         44 242.532416    0.00299     0.1792     10.750  1009.3232  20842.221    12.5538      0.159    7.09893    11.2492    11.2335     9.3225   12.98860 4.2322e+02      0.160 0.0000e+00
         45 242.532419    0.00306     0.1833     11.000  1011.6536  25602.211    15.5640      0.233    6.96174    11.2517    11.2455    11.6526   12.71817 4.1454e+02      0.236 0.0000e+00
         46 242.532422    0.00313     0.1875     11.250  1013.3619  29056.189    17.7697      0.306    6.86277    11.2549    11.2492    13.3605   12.52302 3.8783e+02      0.309 0.0000e+00
         47 242.532425    0.00319     0.1917     11.500  1014.4543  31258.428    19.1802      0.373    6.79962    11.2568    11.2518    14.4526   12.39853 3.5160e+02      0.376 0.0000e+00
         48 242.532428    0.00326     0.1958     11.750  1015.0403  32447.290    19.9371      0.434    6.76528    11.2567    11.2550    15.0384   12.33088 3.1036e+02      0.438 0.0000e+00
         49 242.532431    0.00333     0.2000     12.000  1015.3499  33080.021    20.3368      0.488    6.74700    11.2558    11.2568    15.3477   12.29486 2.7690e+02      0.493 0.0000e+00
         50 242.532433    0.00340     0.2042     12.250  1015.5749  33534.331    20.6271      0.530    6.73407    11.2548    11.2568    15.5725   12.26932 2.5840e+02      0.535 0.0000e+00
         51 242.532436    0.00347     0.2083     12.500  1015.8010  33980.762    20.9186      0.559    6.72145    11.2533    11.2559    15.7984   12.24443 2.4820e+02      0.565 0.0000e+00
         52 242.532439    0.00354     0.2125     12.750  1016.0473  34459.747    21.2362      0.579    6.70790    11.2511    11.2548    16.0446   12.21772 2.4088e+02      0.585 0.0000e+00
         53 242.532442    0.00361     0.2167     13.000  1016.2629  34876.461    21.5142      0.592    6.69617    11.2479    11.2534    16.2601   12.19460 2.3672e+02      0.598 0.0000e+00
         54 242.532445    0.00368     0.2208     13.250  1016.4134  35166.449    21.7080      0.600    6.68820    11.2441    11.2511    16.4106   12.17884 2.3534e+02      0.606 0.0000e+00
         55 242.532448    0.00375     0.2250     13.500  1016.5320  35393.996    21.8605      0.604    6.68215    11.2399    11.2480    16.5292   12.16682 2.3531e+02      0.610 0.0000e+00
         56 242.532451    0.00382     0.2292     13.750  1016.6472  35613.828    22.0084      0.606    6.67641    11.2353    11.2442    16.6444   12.15538 2.3564e+02      0.612 0.0000e+00
         57 242.532454    0.00389     0.2333     14.000  1016.7657  35839.160    22.1605      0.608    6.67058    11.2303    11.2399    16.7629   12.14375 2.3568e+02      0.613 0.0000e+00
         58 242.532457    0.00396     0.2375     14.250  1016.8881  36071.374    22.3176      0.609    6.66461    11.2251    11.2353    16.8853   12.13184 2.3485e+02      0.615 0.0000e+00
         59 242.532459    0.00403     0.2417     14.500  1017.0114  36304.761    22.4757      0.611    6.65866    11.2203    11.2303    17.0086   12.11995 2.3326e+02      0.617 0.0000e+00
         60 242.532462    0.00410     0.2458     14.750  1017.1306  36530.013    22.6285      0.614    6.65296    11.2160    11.2252    17.1278   12.10854 2.3147e+02      0.620 0.0000e+00
         61 242.532465    0.00417     0.2500     15.000  1017.2424  36741.151    22.7718      0.617    6.64763    11.2123    11.2203    17.2396   12.09787 2.2985e+02      0.623 0.0000e+00
         62 242.532468    0.00424     0.2542     15.250  1017.3467  36938.035    22.9055      0.622    6.64263    11.2093    11.2160    17.3439   12.08787 2.2869e+02      0.628 0.0000e+00
         63 242.532471    0.00431     0.2583     15.500  1017.4449  37123.212    23.0314      0.628    6.63786    11.2070    11.2124    17.4420   12.07836 2.2814e+02      0.634 0.0000e+00
         64 242.532474    0.00438     0.2625     15.750  1017.5359  37294.669    23.1481      0.634    6.63339    11.2056    11.2094    17.5329   12.06947 2.2814e+02      0.640 0.0000e+00
         65 242.532477    0.00444     0.2667     16.000  1017.6176  37448.817    23.2531      0.640    6.62932    11.2057    11.2070    17.6146   12.06138 2.2834e+02      0.646 0.0000e+00
         66 242.532480    0.00451     0.2708     16.250  1017.6919  37588.913    23.3486      0.644    6.62550    11.2077    11.2057    17.6889   12.05384 2.2834e+02      0.650 0.0000e+00
         67 242.532483    0.00458     0.2750     16.500  1017.7617  37720.813    23.4387      0.646    6.62171    11.2119    11.2058    17.7587   12.04640 2.2781e+02      0.652 0.0000e+00
         68 242.532486    0.00465     0.2792     16.750  1017.8277  37845.811    23.5243      0.648    6.61782    11.2176    11.2078    17.8247   12.03887 2.2641e+02      0.654 0.0000e+00
         69 242.532488    0.00472     0.2833     17.000  1017.8879  37960.067    23.6027      0.649    6.61393    11.2240    11.2120    17.8849   12.03142 2.2441e+02      0.655 0.0000e+00
         70 242.532491    0.00479     0.2875     17.250  1017.9382  38055.995    23.6687      0.651    6.61034    11.2302    11.2177    17.9351   12.02462 2.2251e+02      0.657 0.0000e+00
         71 242.532494    0.00486     0.2917     17.500  1017.9751  38126.875    23.7177      0.654    6.60737    11.2359    11.2240    17.9721   12.01907 2.2123e+02      0.660 0.0000e+00
         72 242.532497    0.00493     0.2958     17.750  1017.9982  38171.477    23.7488      0.657    6.60517    11.2407    11.2303    17.9951   12.01502 2.2101e+02      0.663 0.0000e+00
         73 242.532500    0.00500     0.3000     18.000  1018.0096  38194.176    23.7647      0.661    6.60369    11.2447    11.2360    18.0066   12.01235 2.2193e+02      0.667 0.0000e+00
         74 242.532503    0.00507     0.3042     18.250  1018.0130  38201.412    23.7700      0.665    6.60277    11.2480    11.2408    18.0100   12.01076 2.2330e+02      0.671 0.0000e+00
         75 242.532506    0.00514     0.3083     18.500  1018.0115  38199.293    23.7689      0.669    6.60225    11.2508    11.2447    18.0084   12.00990 2.2471e+02      0.675 0.0000e+00
         76 242.532509    0.00521     0.3125     18.750  1018.0112  38199.205    23.7691      0.674    6.60176    11.2532    11.2480    18.0080   12.00909 2.2655e+02      0.680 0.0000e+00
         77 242.532512    0.00528     0.3167     19.000  1018.0161  38209.014    23.7760      0.679    6.60107    11.2554    11.2508    18.0130   12.00785 2.2905e+02      0.686 0.0000e+00
         78 242.532514    0.00535     0.3208     19.250  1018.0252  38226.582    23.7882      0.685    6.60021    11.2579    11.2533    18.0221   12.00626 2.3177e+02      0.692 0.0000e+00
         79 242.532517    0.00542     0.3250     19.500  1018.0408  38256.228    23.8087      0.690    6.59903    11.2611    11.2555    18.0376   12.00405 2.3427e+02      0.696 0.0000e+00
         80 242.532520    0.00549     0.3292     19.750  1018.0642  38300.808    23.8394      0.692    6.59740    11.2654    11.2579    18.0610   12.00095 2.3628e+02      0.698 0.0000e+00
         81 242.532523    0.00556     0.3333     20.000  1018.0907  38351.496    23.8744      0.692    6.59548    11.2710    11.2611    18.0876   11.99733 2.3740e+02      0.698 0.0000e+00
         82 242.532526    0.00562     0.3375     20.250  1018.1162  38400.259    23.9082      0.689    6.59345    11.2777    11.2654    18.1131   11.99353 2.3722e+02      0.696 0.0000e+00
         83 242.532529    0.00569     0.3417     20.500  1018.1384  38443.026    23.9379      0.687    6.59140    11.2851    11.2710    18.1352   11.98976 2.3554e+02      0.693 0.0000e+00
         84 242.532532    0.00576     0.3458     20.750  1018.1568  38478.893    23.9630      0.686    6.58940    11.2927    11.2777    18.1536   11.98611 2.3274e+02      0.692 0.0000e+00
         85 242.532535    0.00583     0.3500     21.000  1018.1689  38502.971    23.9801      0.689    6.58762    11.3000    11.2851    18.1657   11.98294 2.2959e+02      0.696 0.0000e+00
