CTD-processing/allCTD/CNV--homogene/2013-04-19-cookinlet-tran6-cast072-s11.cnv
* Sea-Bird SBE19plus Data File:
* FileName = C:\Documents and Settings\kris.holderied.local\My Documents\2012-2013-CTD-DATA-new-files\2013-04-EVOSTC-CookInlet-Ocean\2013-04-19-CookInlet-Tran6-Douglas\2013-04-19-CookInlet-Tran6-cast072.hex
* Software Version 1.54
* Temperature SN =  5028
* Conductivity SN =  5028
* System UpLoad Time = Apr 19 2013 22:40:25
** Cook Inlet LTM Transect 6 (Douglas line) West to East
** Date:  2013-04-19
** Station:  6-11
** Start time (AKDT-24 hr):  1703
** Depth (m): 115
** Comment:  CTD time set wrong
** Comment:Pulled on Daviot w/ motor-meca Botter, Filtered samples, 1surface sample/50m sample
# nquan = 17
# nvalues = 824                         
# units = specified
# name 0 = scan: Scan Count
# name 1 = timeJ: Julian Days
# name 2 = timeH: Time, Elapsed [hours]
# name 3 = timeM: Time, Elapsed [minutes]
# name 4 = timeS: Time, Elapsed [seconds]
# name 5 = density00: Density [density, kg/m^3]
# name 6 = specc: Specific Conductance [uS/cm]
# name 7 = sal00: Salinity, Practical [PSU]
# name 8 = depSM: Depth [salt water, m], lat = 59.00
# name 9 = oxsolML/L: Oxygen Saturation, Garcia & Gordon [ml/l]
# name 10 = potemp090C: Potential Temperature [ITS-90, deg C]
# name 11 = tv290C: Temperature [ITS-90, deg C]
# name 12 = sigma-é00: Density [sigma-theta, kg/m^3]
# name 13 = n2satML/L: Nitrogen Saturation [ml/l]
# name 14 = par: PAR/Irradiance, Biospherical/Licor
# name 15 = prdM: Pressure, Strain Gauge [db]
# name 16 = flag:  0.000e+00
# span 0 =          1,        824       
# span 1 = 109.710833, 109.713215       
# span 2 =    0.00000,    0.05715       
# span 3 =     0.0000,     3.4292       
# span 4 =      0.000,    205.750       
# span 5 =  1000.0179,  1026.0441       
# span 6 =    123.818,  52350.967       
# span 7 =     0.0549,    32.4224       
# span 8 =      0.083,    113.893       
# span 9 =    7.33426,    9.08156       
# span 10 =     3.8288,     4.5521      
# span 11 =     3.8361,     4.5524      
# span 12 =     0.0174,    25.7281      
# span 13 =   13.11876,   16.49760      
# span 14 = 4.8557e-02, 9.5666e+02      
# span 15 =      0.083,    114.999      
# span 16 = 0.0000e+00, 0.0000e+00      
# interval = seconds: 0.25
# start_time = Apr 19 2013 17:03:36 [Instrument's time stamp, header]
# bad_flag = -9.990e-29
*END*
[from data line 596]
        597 109.712558    0.04139     2.4833    149.000  1025.6877  51751.105    31.9493     68.660    7.40199     3.9598     3.9643    25.3639   13.23133 7.1674e-01     69.319 0.0000e+00
        598 109.712561    0.04146     2.4875    149.250  1025.6883  51751.304    31.9494     68.779    7.40200     3.9598     3.9642    25.3640   13.23134 7.0924e-01     69.439 0.0000e+00
        599 109.712564    0.04153     2.4917    149.500  1025.6890  51751.467    31.9495     68.901    7.40200     3.9598     3.9642    25.3640   13.23135 7.0133e-01     69.563 0.0000e+00
        600 109.712567    0.04160     2.4958    149.750  1025.6896  51751.616    31.9495     69.037    7.40200     3.9598     3.9642    25.3640   13.23134 6.9269e-01     69.700 0.0000e+00
        601 109.712569    0.04167     2.5000    150.000  1025.6904  51751.772    31.9495     69.193    7.40200     3.9598     3.9642    25.3641   13.23134 6.8302e-01     69.857 0.0000e+00
        602 109.712572    0.04174     2.5042    150.250  1025.6912  51751.906    31.9495     69.377    7.40200     3.9597     3.9642    25.3641   13.23134 6.7201e-01     70.044 0.0000e+00
        603 109.712575    0.04181     2.5083    150.500  1025.6922  51752.026    31.9495     69.594    7.40200     3.9597     3.9642    25.3640   13.23134 6.5969e-01     70.263 0.0000e+00
        604 109.712578    0.04188     2.5125    150.750  1025.6934  51752.183    31.9494     69.842    7.40200     3.9597     3.9642    25.3640   13.23135 6.4638e-01     70.513 0.0000e+00
        605 109.712581    0.04194     2.5167    151.000  1025.6947  51752.406    31.9494     70.114    7.40200     3.9597     3.9642    25.3640   13.23135 6.3249e-01     70.787 0.0000e+00
        606 109.712584    0.04201     2.5208    151.250  1025.6961  51752.657    31.9495     70.399    7.40200     3.9597     3.9642    25.3641   13.23134 6.1839e-01     71.076 0.0000e+00
        607 109.712587    0.04208     2.5250    151.500  1025.6974  51752.877    31.9495     70.690    7.40200     3.9597     3.9643    25.3641   13.23133 6.0449e-01     71.370 0.0000e+00
        608 109.712590    0.04215     2.5292    151.750  1025.6988  51753.064    31.9495     70.978    7.40199     3.9598     3.9643    25.3641   13.23132 5.9113e-01     71.660 0.0000e+00
        609 109.712593    0.04222     2.5333    152.000  1025.7001  51753.244    31.9495     71.253    7.40198     3.9598     3.9644    25.3641   13.23131 5.7873e-01     71.938 0.0000e+00
        610 109.712595    0.04229     2.5375    152.250  1025.7013  51753.413    31.9495     71.508    7.40197     3.9598     3.9644    25.3641   13.23129 5.6765e-01     72.196 0.0000e+00
        611 109.712598    0.04236     2.5417    152.500  1025.7024  51753.562    31.9495     71.738    7.40196     3.9599     3.9645    25.3641   13.23128 5.5801e-01     72.428 0.0000e+00
        612 109.712601    0.04243     2.5458    152.750  1025.7033  51753.693    31.9495     71.940    7.40195     3.9599     3.9645    25.3641   13.23126 5.4972e-01     72.632 0.0000e+00
        613 109.712604    0.04250     2.5500    153.000  1025.7041  51753.791    31.9494     72.115    7.40195     3.9599     3.9645    25.3640   13.23125 5.4262e-01     72.808 0.0000e+00
        614 109.712607    0.04257     2.5542    153.250  1025.7048  51753.871    31.9494     72.267    7.40194     3.9599     3.9646    25.3640   13.23125 5.3633e-01     72.962 0.0000e+00
        615 109.712610    0.04264     2.5583    153.500  1025.7055  51753.981    31.9494     72.406    7.40194     3.9599     3.9646    25.3640   13.23124 5.3043e-01     73.102 0.0000e+00
        616 109.712613    0.04271     2.5625    153.750  1025.7061  51754.124    31.9495     72.540    7.40194     3.9599     3.9645    25.3641   13.23124 5.2457e-01     73.237 0.0000e+00
        617 109.712616    0.04278     2.5667    154.000  1025.7068  51754.253    31.9495     72.679    7.40194     3.9599     3.9645    25.3641   13.23124 5.1840e-01     73.378 0.0000e+00
        618 109.712619    0.04285     2.5708    154.250  1025.7075  51754.343    31.9494     72.830    7.40194     3.9599     3.9645    25.3640   13.23124 5.1179e-01     73.531 0.0000e+00
        619 109.712622    0.04292     2.5750    154.500  1025.7083  51754.408    31.9494     73.000    7.40194     3.9599     3.9646    25.3640   13.23124 5.0465e-01     73.702 0.0000e+00
        620 109.712624    0.04299     2.5792    154.750  1025.7092  51754.509    31.9494     73.192    7.40193     3.9600     3.9646    25.3640   13.23123 4.9686e-01     73.896 0.0000e+00
        621 109.712627    0.04306     2.5833    155.000  1025.7102  51754.684    31.9494     73.404    7.40192     3.9601     3.9647    25.3640   13.23121 4.8847e-01     74.110 0.0000e+00
        622 109.712630    0.04312     2.5875    155.250  1025.7113  51754.872    31.9495     73.634    7.40190     3.9602     3.9648    25.3640   13.23118 4.7961e-01     74.343 0.0000e+00
        623 109.712633    0.04319     2.5917    155.500  1025.7124  51755.006    31.9495     73.878    7.40189     3.9602     3.9649    25.3640   13.23116 4.7041e-01     74.589 0.0000e+00
        624 109.712636    0.04326     2.5958    155.750  1025.7136  51755.109    31.9494     74.132    7.40187     3.9603     3.9650    25.3640   13.23113 4.6099e-01     74.845 0.0000e+00
        625 109.712639    0.04333     2.6000    156.000  1025.7148  51755.210    31.9494     74.391    7.40186     3.9603     3.9650    25.3639   13.23111 4.5156e-01     75.106 0.0000e+00
        626 109.712642    0.04340     2.6042    156.250  1025.7159  51755.309    31.9493     74.652    7.40185     3.9603     3.9651    25.3639   13.23109 4.4238e-01     75.370 0.0000e+00
        627 109.712645    0.04347     2.6083    156.500  1025.7171  51755.436    31.9493     74.913    7.40184     3.9603     3.9652    25.3638   13.23108 4.3354e-01     75.634 0.0000e+00
        628 109.712648    0.04354     2.6125    156.750  1025.7183  51755.598    31.9493     75.172    7.40184     3.9604     3.9652    25.3638   13.23107 4.2498e-01     75.896 0.0000e+00
        629 109.712650    0.04361     2.6167    157.000  1025.7195  51755.764    31.9493     75.431    7.40183     3.9604     3.9652    25.3638   13.23107 4.1669e-01     76.157 0.0000e+00
        630 109.712653    0.04368     2.6208    157.250  1025.7207  51755.923    31.9493     75.686    7.40183     3.9604     3.9652    25.3638   13.23106 4.0870e-01     76.415 0.0000e+00
        631 109.712656    0.04375     2.6250    157.500  1025.7219  51756.074    31.9493     75.937    7.40183     3.9603     3.9653    25.3638   13.23106 4.0098e-01     76.668 0.0000e+00
        632 109.712659    0.04382     2.6292    157.750  1025.7230  51756.217    31.9492     76.182    7.40183     3.9603     3.9653    25.3637   13.23106 3.9352e-01     76.916 0.0000e+00
        633 109.712662    0.04389     2.6333    158.000  1025.7241  51756.327    31.9492     76.420    7.40183     3.9602     3.9653    25.3637   13.23107 3.8638e-01     77.156 0.0000e+00
        634 109.712665    0.04396     2.6375    158.250  1025.7251  51756.392    31.9491     76.650    7.40184     3.9601     3.9652    25.3636   13.23108 3.7961e-01     77.388 0.0000e+00
        635 109.712668    0.04403     2.6417    158.500  1025.7261  51756.427    31.9490     76.872    7.40185     3.9600     3.9652    25.3636   13.23111 3.7326e-01     77.612 0.0000e+00
        636 109.712671    0.04410     2.6458    158.750  1025.7270  51756.400    31.9488     77.084    7.40188     3.9598     3.9651    25.3635   13.23115 3.6735e-01     77.826 0.0000e+00
        637 109.712674    0.04417     2.6500    159.000  1025.7279  51756.402    31.9487     77.287    7.40191     3.9595     3.9650    25.3634   13.23120 3.6191e-01     78.031 0.0000e+00
        638 109.712677    0.04424     2.6542    159.250  1025.7288  51756.711    31.9487     77.477    7.40194     3.9592     3.9647    25.3635   13.23126 3.5691e-01     78.223 0.0000e+00
        639 109.712679    0.04431     2.6583    159.500  1025.7299  51757.327    31.9490     77.656    7.40198     3.9590     3.9644    25.3637   13.23132 3.5223e-01     78.404 0.0000e+00
        640 109.712682    0.04437     2.6625    159.750  1025.7310  51757.951    31.9493     77.829    7.40201     3.9589     3.9642    25.3639   13.23137 3.4767e-01     78.579 0.0000e+00
        641 109.712685    0.04444     2.6667    160.000  1025.7320  51758.405    31.9495     78.001    7.40203     3.9589     3.9641    25.3641   13.23139 3.4312e-01     78.752 0.0000e+00
        642 109.712688    0.04451     2.6708    160.250  1025.7329  51758.691    31.9496     78.180    7.40204     3.9588     3.9640    25.3642   13.23141 3.3835e-01     78.933 0.0000e+00
        643 109.712691    0.04458     2.6750    160.500  1025.7338  51758.874    31.9496     78.374    7.40205     3.9586     3.9639    25.3642   13.23143 3.3310e-01     79.130 0.0000e+00
        644 109.712694    0.04465     2.6792    160.750  1025.7348  51759.038    31.9495     78.593    7.40207     3.9585     3.9638    25.3642   13.23145 3.2729e-01     79.351 0.0000e+00
        645 109.712697    0.04472     2.6833    161.000  1025.7360  51759.238    31.9495     78.842    7.40209     3.9583     3.9637    25.3642   13.23148 3.2092e-01     79.602 0.0000e+00
        646 109.712700    0.04479     2.6875    161.250  1025.7373  51759.530    31.9495     79.123    7.40211     3.9581     3.9636    25.3642   13.23152 3.1405e-01     79.885 0.0000e+00
        647 109.712703    0.04486     2.6917    161.500  1025.7388  51759.935    31.9496     79.430    7.40214     3.9579     3.9634    25.3643   13.23157 3.0676e-01     80.196 0.0000e+00
        648 109.712705    0.04493     2.6958    161.750  1025.7405  51760.399    31.9497     79.758    7.40216     3.9577     3.9632    25.3644   13.23161 2.9931e-01     80.526 0.0000e+00
        649 109.712708    0.04500     2.7000    162.000  1025.7422  51760.871    31.9498     80.093    7.40219     3.9575     3.9630    25.3645   13.23165 2.9198e-01     80.865 0.0000e+00
        650 109.712711    0.04507     2.7042    162.250  1025.7439  51761.320    31.9499     80.424    7.40221     3.9574     3.9629    25.3646   13.23169 2.8498e-01     81.198 0.0000e+00
        651 109.712714    0.04514     2.7083    162.500  1025.7454  51761.708    31.9500     80.737    7.40224     3.9573     3.9627    25.3647   13.23173 2.7861e-01     81.515 0.0000e+00
        652 109.712717    0.04521     2.7125    162.750  1025.7468  51761.984    31.9500     81.019    7.40226     3.9571     3.9626    25.3647   13.23177 2.7318e-01     81.800 0.0000e+00
        653 109.712720    0.04528     2.7167    163.000  1025.7479  51762.194    31.9500     81.261    7.40228     3.9570     3.9625    25.3647   13.23180 2.6881e-01     82.044 0.0000e+00
        654 109.712723    0.04535     2.7208    163.250  1025.7488  51762.444    31.9500     81.457    7.40230     3.9570     3.9624    25.3648   13.23183 2.6540e-01     82.242 0.0000e+00
        655 109.712726    0.04542     2.7250    163.500  1025.7496  51762.724    31.9501     81.608    7.40232     3.9569     3.9623    25.3649   13.23186 2.6294e-01     82.394 0.0000e+00
        656 109.712729    0.04549     2.7292    163.750  1025.7503  51762.975    31.9502     81.719    7.40232     3.9569     3.9622    25.3649   13.23187 2.6138e-01     82.507 0.0000e+00
        657 109.712731    0.04556     2.7333    164.000  1025.7507  51763.116    31.9503     81.803    7.40232     3.9569     3.9622    25.3650   13.23187 2.6007e-01     82.591 0.0000e+00
        658 109.712734    0.04562     2.7375    164.250  1025.7510  51763.084    31.9502     81.875    7.40233     3.9567     3.9622    25.3649   13.23188 2.5820e-01     82.664 0.0000e+00
        659 109.712737    0.04569     2.7417    164.500  1025.7512  51762.941    31.9501     81.953    7.40235     3.9565     3.9621    25.3648   13.23191 2.5557e-01     82.743 0.0000e+00
        660 109.712740    0.04576     2.7458    164.750  1025.7516  51762.786    31.9499     82.057    7.40238     3.9561     3.9620    25.3646   13.23196 2.5206e-01     82.848 0.0000e+00
        661 109.712743    0.04583     2.7500    165.000  1025.7522  51762.706    31.9497     82.203    7.40244     3.9556     3.9618    25.3645   13.23205 2.4801e-01     82.996 0.0000e+00
        662 109.712746    0.04590     2.7542    165.250  1025.7530  51762.773    31.9496     82.403    7.40251     3.9550     3.9614    25.3645   13.23218 2.4399e-01     83.197 0.0000e+00
        663 109.712749    0.04597     2.7583    165.500  1025.7542  51763.054    31.9495     82.654    7.40260     3.9544     3.9609    25.3645   13.23233 2.3955e-01     83.451 0.0000e+00
        664 109.712752    0.04604     2.7625    165.750  1025.7557  51763.622    31.9496     82.947    7.40270     3.9538     3.9604    25.3646   13.23249 2.3438e-01     83.747 0.0000e+00
        665 109.712755    0.04611     2.7667    166.000  1025.7574  51764.297    31.9497     83.267    7.40280     3.9532     3.9598    25.3648   13.23265 2.2895e-01     84.070 0.0000e+00
        666 109.712758    0.04618     2.7708    166.250  1025.7591  51764.785    31.9497     83.595    7.40290     3.9525     3.9592    25.3648   13.23282 2.2371e-01     84.401 0.0000e+00
        667 109.712760    0.04625     2.7750    166.500  1025.7606  51765.229    31.9497     83.915    7.40300     3.9518     3.9586    25.3649   13.23300 2.1883e-01     84.725 0.0000e+00
        668 109.712763    0.04632     2.7792    166.750  1025.7623  51765.955    31.9499     84.213    7.40312     3.9512     3.9579    25.3651   13.23318 2.1440e-01     85.025 0.0000e+00
        669 109.712766    0.04639     2.7833    167.000  1025.7639  51766.905    31.9503     84.479    7.40322     3.9507     3.9572    25.3654   13.23335 2.1054e-01     85.294 0.0000e+00
        670 109.712769    0.04646     2.7875    167.250  1025.7653  51767.854    31.9507     84.708    7.40331     3.9504     3.9566    25.3658   13.23348 2.0725e-01     85.525 0.0000e+00
        671 109.712772    0.04653     2.7917    167.500  1025.7665  51768.665    31.9510     84.901    7.40337     3.9502     3.9562    25.3661   13.23358 2.0452e-01     85.721 0.0000e+00
        672 109.712775    0.04660     2.7958    167.750  1025.7675  51769.232    31.9512     85.065    7.40342     3.9501     3.9559    25.3663   13.23365 2.0232e-01     85.886 0.0000e+00
        673 109.712778    0.04667     2.8000    168.000  1025.7683  51769.542    31.9513     85.206    7.40345     3.9500     3.9557    25.3664   13.23370 2.0044e-01     86.029 0.0000e+00
        674 109.712781    0.04674     2.8042    168.250  1025.7689  51769.701    31.9513     85.338    7.40347     3.9499     3.9556    25.3664   13.23374 1.9854e-01     86.162 0.0000e+00
        675 109.712784    0.04681     2.8083    168.500  1025.7695  51769.828    31.9513     85.474    7.40348     3.9498     3.9555    25.3665   13.23376 1.9638e-01     86.298 0.0000e+00
        676 109.712786    0.04688     2.8125    168.750  1025.7703  51769.965    31.9513     85.625    7.40350     3.9497     3.9554    25.3665   13.23378 1.9391e-01     86.451 0.0000e+00
        677 109.712789    0.04694     2.8167    169.000  1025.7711  51770.084    31.9513     85.802    7.40351     3.9495     3.9554    25.3665   13.23381 1.9117e-01     86.630 0.0000e+00
        678 109.712792    0.04701     2.8208    169.250  1025.7720  51770.146    31.9512     86.008    7.40353     3.9493     3.9553    25.3664   13.23384 1.8815e-01     86.838 0.0000e+00
        679 109.712795    0.04708     2.8250    169.500  1025.7730  51770.137    31.9510     86.241    7.40357     3.9489     3.9551    25.3663   13.23390 1.8491e-01     87.073 0.0000e+00
        680 109.712798    0.04715     2.8292    169.750  1025.7740  51770.083    31.9508     86.493    7.40362     3.9483     3.9549    25.3661   13.23400 1.8146e-01     87.328 0.0000e+00
