CTD-processing/allCTD/CNV--homogene/2013_04-19_t6_s10_cast073.cnv
* Sea-Bird SBE19plus Data File:
* FileName = C:\Documents and Settings\kris.holderied.local\My Documents\2012-2013-CTD-DATA-new-files\2013-04-EVOSTC-CookInlet-Ocean\2013-04-19-CookInlet-Tran6-Douglas\2013-04-19-CookInlet-Tran6-cast073.hex
* Software Version 1.54
* Temperature SN =  5028
* Conductivity SN =  5028
* System UpLoad Time = Apr 19 2013 22:41:39
** Cook Inlet LTM Transect 6 (Douglas line) West to East
** Date:  2013-04-19
** Station:  6-10
** Start time (AKDT-24 hr):  17:55
** Depth (m): 95
** Comment:  CTD time set wrong
** Comment:
# nquan = 17
# nvalues = 748                         
# units = specified
# name 0 = scan: Scan Count
# name 1 = timeJ: Julian Days
# name 2 = timeH: Time, Elapsed [hours]
# name 3 = timeM: Time, Elapsed [minutes]
# name 4 = timeS: Time, Elapsed [seconds]
# name 5 = density00: Density [density, kg/m^3]
# name 6 = specc: Specific Conductance [uS/cm]
# name 7 = sal00: Salinity, Practical [PSU]
# name 8 = depSM: Depth [salt water, m], lat = 59.00
# name 9 = oxsolML/L: Oxygen Saturation, Garcia & Gordon [ml/l]
# name 10 = potemp090C: Potential Temperature [ITS-90, deg C]
# name 11 = tv290C: Temperature [ITS-90, deg C]
# name 12 = sigma-é00: Density [sigma-theta, kg/m^3]
# name 13 = n2satML/L: Nitrogen Saturation [ml/l]
# name 14 = par: PAR/Irradiance, Biospherical/Licor
# name 15 = prdM: Pressure, Strain Gauge [db]
# name 16 = flag:  0.000e+00
# span 0 =          1,        748       
# span 1 = 109.747454, 109.749615       
# span 2 =    0.00000,    0.05187       
# span 3 =     0.0000,     3.1125       
# span 4 =      0.000,    186.750       
# span 5 =  1000.0804,  1025.8326       
# span 6 =    345.735,  51923.235       
# span 7 =     0.1594,    32.1440       
# span 8 =      0.084,     93.619       
# span 9 =    7.34751,    8.77430       
# span 10 =     3.9412,     5.6820      
# span 11 =     3.9473,     5.6820      
# span 12 =     0.0800,    25.5011      
# span 13 =   13.14060,   15.97975      
# span 14 = 7.7207e-02, 5.5516e+02      
# span 15 =      0.085,     94.524      
# span 16 = 0.0000e+00, 0.0000e+00      
# interval = seconds: 0.25
# start_time = Apr 19 2013 17:56:20 [Instrument's time stamp, header]
# bad_flag = -9.990e-29
*END*
[from data line 426]
        427 109.748686    0.02958     1.7750    106.500  1025.4465  51688.280    31.9553     18.514    7.38454     4.0581     4.0596    25.3591   13.20245 4.2959e+01     18.689 0.0000e+00
        428 109.748689    0.02965     1.7792    106.750  1025.4477  51688.435    31.9552     18.771    7.38456     4.0580     4.0595    25.3591   13.20248 4.1796e+01     18.949 0.0000e+00
        429 109.748692    0.02972     1.7833    107.000  1025.4488  51688.530    31.9551     19.018    7.38458     4.0578     4.0594    25.3591   13.20252 4.0495e+01     19.199 0.0000e+00
        430 109.748695    0.02979     1.7875    107.250  1025.4499  51688.675    31.9551     19.264    7.38461     4.0577     4.0592    25.3590   13.20257 3.9127e+01     19.446 0.0000e+00
        431 109.748698    0.02986     1.7917    107.500  1025.4511  51688.916    31.9551     19.514    7.38463     4.0576     4.0591    25.3591   13.20261 3.7758e+01     19.699 0.0000e+00
        432 109.748701    0.02993     1.7958    107.750  1025.4523  51689.227    31.9551     19.775    7.38465     4.0576     4.0590    25.3591   13.20264 3.6464e+01     19.963 0.0000e+00
        433 109.748704    0.03000     1.8000    108.000  1025.4537  51689.641    31.9553     20.050    7.38465     4.0577     4.0589    25.3592   13.20265 3.5300e+01     20.241 0.0000e+00
        434 109.748707    0.03007     1.8042    108.250  1025.4552  51690.182    31.9555     20.342    7.38464     4.0578     4.0589    25.3594   13.20263 3.4292e+01     20.535 0.0000e+00
        435 109.748709    0.03014     1.8083    108.500  1025.4568  51690.583    31.9556     20.648    7.38462     4.0579     4.0590    25.3595   13.20258 3.3443e+01     20.845 0.0000e+00
        436 109.748712    0.03021     1.8125    108.750  1025.4582  51690.546    31.9555     20.969    7.38460     4.0578     4.0592    25.3594   13.20255 3.2733e+01     21.168 0.0000e+00
        437 109.748715    0.03028     1.8167    109.000  1025.4595  51690.250    31.9551     21.301    7.38460     4.0576     4.0593    25.3591   13.20255 3.2116e+01     21.503 0.0000e+00
        438 109.748718    0.03035     1.8208    109.250  1025.4609  51690.077    31.9548     21.639    7.38463     4.0572     4.0592    25.3588   13.20260 3.1503e+01     21.844 0.0000e+00
        439 109.748721    0.03042     1.8250    109.500  1025.4623  51690.017    31.9545     21.975    7.38468     4.0566     4.0590    25.3586   13.20270 3.0812e+01     22.184 0.0000e+00
        440 109.748724    0.03049     1.8292    109.750  1025.4636  51689.918    31.9542     22.305    7.38477     4.0559     4.0586    25.3584   13.20285 3.0000e+01     22.517 0.0000e+00
        441 109.748727    0.03056     1.8333    110.000  1025.4650  51689.943    31.9539     22.626    7.38488     4.0552     4.0580    25.3582   13.20303 2.9045e+01     22.841 0.0000e+00
        442 109.748730    0.03062     1.8375    110.250  1025.4664  51690.333    31.9539     22.935    7.38500     4.0545     4.0574    25.3583   13.20324 2.7980e+01     23.153 0.0000e+00
        443 109.748733    0.03069     1.8417    110.500  1025.4681  51691.130    31.9541     23.234    7.38512     4.0541     4.0567    25.3585   13.20343 2.6866e+01     23.455 0.0000e+00
        444 109.748736    0.03076     1.8458    110.750  1025.4698  51692.088    31.9545     23.527    7.38521     4.0538     4.0561    25.3589   13.20357 2.5786e+01     23.751 0.0000e+00
        445 109.748738    0.03083     1.8500    111.000  1025.4714  51692.888    31.9548     23.818    7.38527     4.0535     4.0556    25.3591   13.20367 2.4796e+01     24.044 0.0000e+00
        446 109.748741    0.03090     1.8542    111.250  1025.4729  51693.356    31.9549     24.110    7.38532     4.0532     4.0554    25.3592   13.20374 2.3897e+01     24.339 0.0000e+00
        447 109.748744    0.03097     1.8583    111.500  1025.4742  51693.462    31.9547     24.406    7.38536     4.0528     4.0551    25.3592   13.20382 2.3072e+01     24.638 0.0000e+00
        448 109.748747    0.03104     1.8625    111.750  1025.4754  51693.271    31.9544     24.707    7.38543     4.0521     4.0549    25.3589   13.20393 2.2312e+01     24.942 0.0000e+00
        449 109.748750    0.03111     1.8667    112.000  1025.4764  51692.674    31.9537     25.019    7.38554     4.0509     4.0545    25.3584   13.20412 2.1606e+01     25.256 0.0000e+00
        450 109.748753    0.03118     1.8708    112.250  1025.4773  51691.876    31.9528     25.342    7.38571     4.0495     4.0537    25.3578   13.20442 2.0949e+01     25.583 0.0000e+00
        451 109.748756    0.03125     1.8750    112.500  1025.4786  51691.757    31.9523     25.679    7.38594     4.0481     4.0526    25.3575   13.20480 2.0333e+01     25.923 0.0000e+00
        452 109.748759    0.03132     1.8792    112.750  1025.4805  51692.746    31.9525     26.026    7.38618     4.0469     4.0512    25.3578   13.20520 1.9746e+01     26.274 0.0000e+00
        453 109.748762    0.03139     1.8833    113.000  1025.4827  51694.193    31.9529     26.378    7.38640     4.0459     4.0498    25.3583   13.20556 1.9174e+01     26.628 0.0000e+00
        454 109.748764    0.03146     1.8875    113.250  1025.4847  51695.293    31.9532     26.730    7.38660     4.0448     4.0487    25.3586   13.20588 1.8600e+01     26.984 0.0000e+00
        455 109.748767    0.03153     1.8917    113.500  1025.4863  51695.732    31.9531     27.079    7.38679     4.0435     4.0476    25.3586   13.20619 1.8019e+01     27.337 0.0000e+00
        456 109.748770    0.03160     1.8958    113.750  1025.4876  51695.476    31.9525     27.423    7.38701     4.0418     4.0466    25.3583   13.20656 1.7438e+01     27.684 0.0000e+00
        457 109.748773    0.03167     1.9000    114.000  1025.4885  51694.747    31.9515     27.758    7.38729     4.0395     4.0453    25.3576   13.20704 1.6867e+01     28.022 0.0000e+00
        458 109.748776    0.03174     1.9042    114.250  1025.4893  51694.119    31.9505     28.079    7.38765     4.0371     4.0436    25.3570   13.20765 1.6317e+01     28.346 0.0000e+00
        459 109.748779    0.03181     1.9083    114.500  1025.4907  51694.507    31.9501     28.386    7.38807     4.0347     4.0413    25.3568   13.20835 1.5796e+01     28.656 0.0000e+00
        460 109.748782    0.03188     1.9125    114.750  1025.4927  51696.308    31.9505     28.682    7.38849     4.0328     4.0389    25.3575   13.20904 1.5304e+01     28.955 0.0000e+00
        461 109.748785    0.03194     1.9167    115.000  1025.4951  51698.799    31.9515     28.967    7.38886     4.0314     4.0365    25.3585   13.20963 1.4841e+01     29.243 0.0000e+00
        462 109.748788    0.03201     1.9208    115.250  1025.4973  51701.051    31.9525     29.241    7.38915     4.0304     4.0347    25.3594   13.21010 1.4405e+01     29.520 0.0000e+00
        463 109.748791    0.03208     1.9250    115.500  1025.4992  51702.763    31.9532     29.505    7.38937     4.0297     4.0333    25.3601   13.21045 1.3992e+01     29.786 0.0000e+00
        464 109.748793    0.03215     1.9292    115.750  1025.5010  51704.109    31.9537     29.760    7.38952     4.0292     4.0323    25.3606   13.21069 1.3602e+01     30.043 0.0000e+00
        465 109.748796    0.03222     1.9333    116.000  1025.5026  51705.204    31.9542     30.008    7.38962     4.0288     4.0316    25.3611   13.21086 1.3231e+01     30.293 0.0000e+00
        466 109.748799    0.03229     1.9375    116.250  1025.5040  51706.038    31.9545     30.252    7.38969     4.0286     4.0311    25.3614   13.21097 1.2883e+01     30.539 0.0000e+00
        467 109.748802    0.03236     1.9417    116.500  1025.5054  51706.674    31.9547     30.497    7.38974     4.0285     4.0308    25.3616   13.21103 1.2567e+01     30.787 0.0000e+00
        468 109.748805    0.03243     1.9458    116.750  1025.5067  51707.151    31.9549     30.750    7.38976     4.0285     4.0307    25.3617   13.21107 1.2285e+01     31.043 0.0000e+00
        469 109.748808    0.03250     1.9500    117.000  1025.5080  51707.441    31.9549     31.017    7.38977     4.0284     4.0306    25.3618   13.21109 1.2023e+01     31.312 0.0000e+00
        470 109.748811    0.03257     1.9542    117.250  1025.5093  51707.590    31.9549     31.300    7.38979     4.0283     4.0305    25.3617   13.21112 1.1764e+01     31.598 0.0000e+00
        471 109.748814    0.03264     1.9583    117.500  1025.5106  51707.675    31.9548     31.599    7.38980     4.0281     4.0304    25.3617   13.21115 1.1489e+01     31.900 0.0000e+00
        472 109.748817    0.03271     1.9625    117.750  1025.5121  51707.793    31.9547     31.916    7.38983     4.0278     4.0303    25.3616   13.21119 1.1183e+01     32.220 0.0000e+00
        473 109.748819    0.03278     1.9667    118.000  1025.5137  51708.071    31.9546     32.253    7.38986     4.0276     4.0302    25.3616   13.21125 1.0844e+01     32.560 0.0000e+00
        474 109.748822    0.03285     1.9708    118.250  1025.5155  51708.557    31.9547     32.609    7.38989     4.0275     4.0300    25.3617   13.21130 1.0476e+01     32.919 0.0000e+00
        475 109.748825    0.03292     1.9750    118.500  1025.5174  51709.146    31.9549     32.980    7.38992     4.0274     4.0298    25.3618   13.21134 1.0086e+01     33.294 0.0000e+00
        476 109.748828    0.03299     1.9792    118.750  1025.5193  51709.644    31.9550     33.359    7.38993     4.0274     4.0297    25.3619   13.21136 9.6836e+00     33.677 0.0000e+00
        477 109.748831    0.03306     1.9833    119.000  1025.5211  51710.010    31.9551     33.736    7.38993     4.0275     4.0296    25.3620   13.21136 9.2857e+00     34.057 0.0000e+00
        478 109.748834    0.03313     1.9875    119.250  1025.5228  51710.272    31.9551     34.103    7.38993     4.0275     4.0297    25.3620   13.21135 8.9084e+00     34.428 0.0000e+00
        479 109.748837    0.03319     1.9917    119.500  1025.5244  51710.404    31.9550     34.454    7.38992     4.0274     4.0297    25.3619   13.21134 8.5662e+00     34.782 0.0000e+00
        480 109.748840    0.03326     1.9958    119.750  1025.5258  51710.487    31.9549     34.781    7.38992     4.0274     4.0297    25.3618   13.21134 8.2684e+00     35.112 0.0000e+00
        481 109.748843    0.03333     2.0000    120.000  1025.5272  51710.662    31.9548     35.080    7.38993     4.0273     4.0297    25.3618   13.21135 8.0155e+00     35.414 0.0000e+00
        482 109.748845    0.03340     2.0042    120.250  1025.5286  51710.942    31.9549     35.354    7.38993     4.0273     4.0297    25.3618   13.21136 7.7995e+00     35.691 0.0000e+00
        483 109.748848    0.03347     2.0083    120.500  1025.5298  51711.251    31.9550     35.607    7.38993     4.0273     4.0296    25.3619   13.21136 7.6119e+00     35.947 0.0000e+00
        484 109.748851    0.03354     2.0125    120.750  1025.5310  51711.506    31.9550     35.844    7.38993     4.0273     4.0296    25.3620   13.21136 7.4487e+00     36.185 0.0000e+00
        485 109.748854    0.03361     2.0167    121.000  1025.5320  51711.625    31.9550     36.068    7.38993     4.0272     4.0296    25.3619   13.21136 7.3052e+00     36.411 0.0000e+00
        486 109.748857    0.03368     2.0208    121.250  1025.5329  51711.542    31.9548     36.286    7.38994     4.0270     4.0296    25.3618   13.21138 7.1703e+00     36.631 0.0000e+00
        487 109.748860    0.03375     2.0250    121.500  1025.5337  51711.250    31.9545     36.504    7.38997     4.0267     4.0296    25.3615   13.21143 7.0371e+00     36.852 0.0000e+00
        488 109.748863    0.03382     2.0292    121.750  1025.5345  51711.026    31.9542     36.724    7.39002     4.0263     4.0294    25.3613   13.21151 6.9048e+00     37.074 0.0000e+00
        489 109.748866    0.03389     2.0333    122.000  1025.5355  51711.168    31.9541     36.950    7.39008     4.0259     4.0290    25.3613   13.21162 6.7718e+00     37.302 0.0000e+00
        490 109.748869    0.03396     2.0375    122.250  1025.5367  51711.510    31.9541     37.192    7.39015     4.0254     4.0287    25.3613   13.21173 6.6363e+00     37.546 0.0000e+00
        491 109.748872    0.03403     2.0417    122.500  1025.5379  51711.733    31.9540     37.455    7.39023     4.0248     4.0283    25.3613   13.21186 6.4949e+00     37.811 0.0000e+00
        492 109.748874    0.03410     2.0458    122.750  1025.5391  51711.742    31.9537     37.742    7.39032     4.0241     4.0278    25.3611   13.21201 6.3425e+00     38.101 0.0000e+00
        493 109.748877    0.03417     2.0500    123.000  1025.5404  51711.761    31.9535     38.052    7.39043     4.0234     4.0273    25.3610   13.21220 6.1763e+00     38.415 0.0000e+00
        494 109.748880    0.03424     2.0542    123.250  1025.5420  51712.142    31.9534     38.383    7.39055     4.0227     4.0266    25.3610   13.21240 5.9969e+00     38.749 0.0000e+00
        495 109.748883    0.03431     2.0583    123.500  1025.5438  51712.958    31.9536     38.726    7.39067     4.0222     4.0259    25.3612   13.21260 5.8077e+00     39.095 0.0000e+00
        496 109.748886    0.03438     2.0625    123.750  1025.5458  51713.917    31.9539     39.072    7.39077     4.0218     4.0253    25.3615   13.21276 5.6141e+00     39.445 0.0000e+00
        497 109.748889    0.03444     2.0667    124.000  1025.5477  51714.713    31.9542     39.413    7.39085     4.0215     4.0248    25.3618   13.21289 5.4232e+00     39.789 0.0000e+00
        498 109.748892    0.03451     2.0708    124.250  1025.5494  51715.355    31.9543     39.737    7.39091     4.0213     4.0244    25.3620   13.21298 5.2462e+00     40.116 0.0000e+00
        499 109.748895    0.03458     2.0750    124.500  1025.5510  51716.029    31.9546     40.030    7.39096     4.0212     4.0241    25.3622   13.21305 5.0941e+00     40.411 0.0000e+00
        500 109.748898    0.03465     2.0792    124.750  1025.5524  51716.657    31.9548     40.283    7.39098     4.0211     4.0239    25.3624   13.21309 4.9666e+00     40.667 0.0000e+00
        501 109.748900    0.03472     2.0833    125.000  1025.5535  51716.994    31.9549     40.496    7.39099     4.0210     4.0238    25.3625   13.21311 4.8567e+00     40.882 0.0000e+00
        502 109.748903    0.03479     2.0875    125.250  1025.5543  51717.140    31.9549     40.671    7.39100     4.0210     4.0237    25.3625   13.21312 4.7611e+00     41.059 0.0000e+00
        503 109.748906    0.03486     2.0917    125.500  1025.5551  51717.362    31.9550     40.816    7.39100     4.0211     4.0237    25.3625   13.21312 4.6782e+00     41.205 0.0000e+00
        504 109.748909    0.03493     2.0958    125.750  1025.5558  51717.665    31.9552     40.940    7.39099     4.0212     4.0237    25.3626   13.21310 4.6071e+00     41.331 0.0000e+00
        505 109.748912    0.03500     2.1000    126.000  1025.5564  51717.908    31.9553     41.058    7.39097     4.0214     4.0238    25.3627   13.21307 4.5448e+00     41.450 0.0000e+00
        506 109.748915    0.03507     2.1042    126.250  1025.5570  51718.083    31.9554     41.183    7.39095     4.0217     4.0239    25.3628   13.21302 4.4854e+00     41.576 0.0000e+00
        507 109.748918    0.03514     2.1083    126.500  1025.5578  51718.272    31.9555     41.329    7.39091     4.0219     4.0241    25.3629   13.21296 4.4226e+00     41.724 0.0000e+00
        508 109.748921    0.03521     2.1125    126.750  1025.5586  51718.350    31.9555     41.507    7.39086     4.0221     4.0244    25.3629   13.21288 4.3533e+00     41.903 0.0000e+00
        509 109.748924    0.03528     2.1167    127.000  1025.5595  51718.232    31.9554     41.722    7.39082     4.0223     4.0246    25.3628   13.21281 4.2766e+00     42.120 0.0000e+00
        510 109.748927    0.03535     2.1208    127.250  1025.5605  51718.115    31.9552     41.973    7.39079     4.0223     4.0249    25.3626   13.21276 4.1924e+00     42.374 0.0000e+00
