CTD-processing/allCTD/CNV--homogene/2013_02-12_alongbay_skb09_cast041.cnv
* Sea-Bird SBE19plus Data File:
* FileName = C:\Documents and Settings\kris.holderied.local\My Documents\2012-2013-CTD-DATA-new-files\2013-02-EVOSTC-CookInlet\2013-02-12-along-KBay-line\2012-02-12-Along-KBay-line-cast041.hex
* Software Version 1.54
* Temperature SN =  5028
* Conductivity SN =  5028
* System UpLoad Time = Mar 14 2013 23:54:03
** Kachemak Bay - along-bay transect, west to east
** Date:  12 Feb 2013
** Station: KB-08
** Start time (AKDT-24 hr): 20:15
** Depth (m): 77
** Comment: CTD time set wrong by 2 hours
** Comment: Supplement to Gulf Watch sampling
# nquan = 17
# nvalues = 931                         
# units = specified
# name 0 = scan: Scan Count
# name 1 = timeJ: Julian Days
# name 2 = timeH: Time, Elapsed [hours]
# name 3 = timeM: Time, Elapsed [minutes]
# name 4 = timeS: Time, Elapsed [seconds]
# name 5 = density00: Density [density, kg/m^3]
# name 6 = specc: Specific Conductance [uS/cm]
# name 7 = sal00: Salinity, Practical [PSU]
# name 8 = depSM: Depth [salt water, m], lat = 59.00
# name 9 = oxsolML/L: Oxygen Saturation, Garcia & Gordon [ml/l]
# name 10 = potemp090C: Potential Temperature [ITS-90, deg C]
# name 11 = tv290C: Temperature [ITS-90, deg C]
# name 12 = sigma-é00: Density [sigma-theta, kg/m^3]
# name 13 = n2satML/L: Nitrogen Saturation [ml/l]
# name 14 = par: PAR/Irradiance, Biospherical/Licor
# name 15 = prdM: Pressure, Strain Gauge [db]
# name 16 = flag:  0.000e+00
# span 0 =          1,        931       
# span 1 =  43.926933,  43.929624       
# span 2 =    0.00000,    0.06458       
# span 3 =     0.0000,     3.8750       
# span 4 =      0.000,    232.500       
# span 5 =   999.9367,  1025.4776       
# span 6 =     12.210,  51402.284       
# span 7 =     0.0048,    31.6002       
# span 8 =     -0.134,     74.485       
# span 9 =    7.50232,    9.74860       
# span 10 =     1.6290,     3.5084      
# span 11 =     1.6290,     3.5117      
# span 12 =    -0.0627,    25.1284      
# span 13 =   13.40149,   17.61697      
# span 14 = 3.7912e-02, 5.6067e+00      
# span 15 =     -0.135,     75.201      
# span 16 = 0.0000e+00, 0.0000e+00      
# interval = seconds: 0.25
# start_time = Feb 12 2013 22:14:47 [Instrument's time stamp, header]
# bad_flag = -9.990e-29
*END*
[from data line 511]
        512  43.928411    0.03549     2.1292    127.750  1025.2670  51358.603    31.5760     32.468    7.51294     3.4593     3.4604    25.1132   13.41930 3.7912e-02     32.776 0.0000e+00
        513  43.928414    0.03556     2.1333    128.000  1025.2681  51359.246    31.5764     32.642    7.51286     3.4599     3.4607    25.1136   13.41917 3.7912e-02     32.952 0.0000e+00
        514  43.928417    0.03562     2.1375    128.250  1025.2694  51360.259    31.5771     32.816    7.51274     3.4609     3.4612    25.1141   13.41896 3.7912e-02     33.128 0.0000e+00
        515  43.928420    0.03569     2.1417    128.500  1025.2710  51361.679    31.5782     32.988    7.51257     3.4624     3.4619    25.1149   13.41866 3.7912e-02     33.302 0.0000e+00
        516  43.928423    0.03576     2.1458    128.750  1025.2728  51363.482    31.5796     33.152    7.51230     3.4643     3.4629    25.1159   13.41820 3.7912e-02     33.467 0.0000e+00
        517  43.928426    0.03583     2.1500    129.000  1025.2745  51365.044    31.5809     33.305    7.51196     3.4662     3.4644    25.1168   13.41761 3.7912e-02     33.622 0.0000e+00
        518  43.928429    0.03590     2.1542    129.250  1025.2753  51364.935    31.5813     33.447    7.51159     3.4679     3.4663    25.1169   13.41701 3.7912e-02     33.765 0.0000e+00
        519  43.928432    0.03597     2.1583    129.500  1025.2755  51363.932    31.5810     33.579    7.51125     3.4697     3.4682    25.1165   13.41645 3.7912e-02     33.899 0.0000e+00
        520  43.928435    0.03604     2.1625    129.750  1025.2764  51364.286    31.5816     33.705    7.51091     3.4717     3.4699    25.1169   13.41588 3.7912e-02     34.026 0.0000e+00
        521  43.928438    0.03611     2.1667    130.000  1025.2779  51365.715    31.5829     33.828    7.51052     3.4740     3.4717    25.1178   13.41521 3.7912e-02     34.150 0.0000e+00
        522  43.928440    0.03618     2.1708    130.250  1025.2791  51366.422    31.5839     33.954    7.51008     3.4763     3.4737    25.1184   13.41448 3.7912e-02     34.277 0.0000e+00
        523  43.928443    0.03625     2.1750    130.500  1025.2797  51365.990    31.5841     34.085    7.50963     3.4784     3.4760    25.1184   13.41374 3.7912e-02     34.409 0.0000e+00
        524  43.928446    0.03632     2.1792    130.750  1025.2801  51365.107    31.5840     34.223    7.50921     3.4803     3.4783    25.1181   13.41305 3.7912e-02     34.549 0.0000e+00
        525  43.928449    0.03639     2.1833    131.000  1025.2805  51364.237    31.5838     34.367    7.50883     3.4819     3.4804    25.1178   13.41242 3.7912e-02     34.695 0.0000e+00
        526  43.928452    0.03646     2.1875    131.250  1025.2809  51363.543    31.5838     34.516    7.50849     3.4834     3.4823    25.1176   13.41186 3.7912e-02     34.844 0.0000e+00
        527  43.928455    0.03653     2.1917    131.500  1025.2815  51363.021    31.5838     34.664    7.50819     3.4847     3.4839    25.1174   13.41136 3.7912e-02     34.994 0.0000e+00
        528  43.928458    0.03660     2.1958    131.750  1025.2819  51362.341    31.5836     34.807    7.50793     3.4858     3.4854    25.1171   13.41093 3.7912e-02     35.138 0.0000e+00
        529  43.928461    0.03667     2.2000    132.000  1025.2821  51361.407    31.5832     34.942    7.50770     3.4866     3.4867    25.1167   13.41057 3.7912e-02     35.274 0.0000e+00
        530  43.928464    0.03674     2.2042    132.250  1025.2823  51360.496    31.5828     35.067    7.50752     3.4872     3.4878    25.1163   13.41028 3.7912e-02     35.401 0.0000e+00
        531  43.928466    0.03681     2.2083    132.500  1025.2825  51359.821    31.5825     35.185    7.50739     3.4877     3.4886    25.1160   13.41006 3.7912e-02     35.520 0.0000e+00
        532  43.928469    0.03687     2.2125    132.750  1025.2829  51359.529    31.5824     35.298    7.50728     3.4882     3.4893    25.1159   13.40988 3.7912e-02     35.634 0.0000e+00
        533  43.928472    0.03694     2.2167    133.000  1025.2835  51359.703    31.5826     35.411    7.50717     3.4888     3.4898    25.1160   13.40971 3.7912e-02     35.748 0.0000e+00
        534  43.928475    0.03701     2.2208    133.250  1025.2844  51360.314    31.5831     35.527    7.50705     3.4896     3.4903    25.1163   13.40950 3.7912e-02     35.865 0.0000e+00
        535  43.928478    0.03708     2.2250    133.500  1025.2855  51361.264    31.5838     35.648    7.50690     3.4906     3.4909    25.1168   13.40924 3.7912e-02     35.987 0.0000e+00
        536  43.928481    0.03715     2.2292    133.750  1025.2867  51362.321    31.5847     35.773    7.50671     3.4917     3.4918    25.1174   13.40890 3.7912e-02     36.113 0.0000e+00
        537  43.928484    0.03722     2.2333    134.000  1025.2878  51363.038    31.5853     35.897    7.50648     3.4927     3.4928    25.1179   13.40853 3.7912e-02     36.239 0.0000e+00
        538  43.928487    0.03729     2.2375    134.250  1025.2885  51363.068    31.5856     36.017    7.50627     3.4934     3.4939    25.1179   13.40817 3.7912e-02     36.360 0.0000e+00
        539  43.928490    0.03736     2.2417    134.500  1025.2888  51362.603    31.5854     36.130    7.50609     3.4938     3.4948    25.1177   13.40789 3.7912e-02     36.475 0.0000e+00
        540  43.928492    0.03743     2.2458    134.750  1025.2890  51362.117    31.5852     36.235    7.50597     3.4940     3.4955    25.1175   13.40769 3.7912e-02     36.580 0.0000e+00
        541  43.928495    0.03750     2.2500    135.000  1025.2894  51361.866    31.5851     36.332    7.50590     3.4941     3.4960    25.1174   13.40758 3.7912e-02     36.678 0.0000e+00
        542  43.928498    0.03757     2.2542    135.250  1025.2898  51361.857    31.5851     36.425    7.50587     3.4941     3.4962    25.1174   13.40751 3.7912e-02     36.772 0.0000e+00
        543  43.928501    0.03764     2.2583    135.500  1025.2903  51361.978    31.5852     36.519    7.50585     3.4941     3.4963    25.1174   13.40748 3.7912e-02     36.867 0.0000e+00
        544  43.928504    0.03771     2.2625    135.750  1025.2908  51362.154    31.5853     36.616    7.50584     3.4941     3.4963    25.1175   13.40747 3.7912e-02     36.965 0.0000e+00
        545  43.928507    0.03778     2.2667    136.000  1025.2913  51362.388    31.5854     36.718    7.50583     3.4941     3.4963    25.1176   13.40745 3.7912e-02     37.068 0.0000e+00
        546  43.928510    0.03785     2.2708    136.250  1025.2920  51362.652    31.5855     36.826    7.50582     3.4943     3.4963    25.1177   13.40744 3.7912e-02     37.178 0.0000e+00
        547  43.928513    0.03792     2.2750    136.500  1025.2926  51362.859    31.5856     36.938    7.50581     3.4944     3.4964    25.1177   13.40741 3.7912e-02     37.290 0.0000e+00
        548  43.928516    0.03799     2.2792    136.750  1025.2931  51362.863    31.5856     37.050    7.50578     3.4946     3.4965    25.1177   13.40737 3.7912e-02     37.404 0.0000e+00
        549  43.928519    0.03806     2.2833    137.000  1025.2935  51362.649    31.5854     37.161    7.50576     3.4946     3.4967    25.1175   13.40733 3.7912e-02     37.515 0.0000e+00
        550  43.928521    0.03812     2.2875    137.250  1025.2938  51362.427    31.5852     37.266    7.50574     3.4946     3.4968    25.1174   13.40731 3.7912e-02     37.621 0.0000e+00
        551  43.928524    0.03819     2.2917    137.500  1025.2942  51362.350    31.5852     37.362    7.50574     3.4945     3.4969    25.1173   13.40730 3.7912e-02     37.719 0.0000e+00
        552  43.928527    0.03826     2.2958    137.750  1025.2946  51362.378    31.5851     37.449    7.50574     3.4944     3.4969    25.1173   13.40731 3.7912e-02     37.806 0.0000e+00
        553  43.928530    0.03833     2.3000    138.000  1025.2950  51362.436    31.5851     37.527    7.50575     3.4942     3.4968    25.1173   13.40733 3.7912e-02     37.884 0.0000e+00
        554  43.928533    0.03840     2.3042    138.250  1025.2953  51362.554    31.5851     37.597    7.50577     3.4940     3.4967    25.1173   13.40736 3.7912e-02     37.956 0.0000e+00
        555  43.928536    0.03847     2.3083    138.500  1025.2957  51362.796    31.5852     37.667    7.50580     3.4938     3.4965    25.1174   13.40740 3.7912e-02     38.026 0.0000e+00
        556  43.928539    0.03854     2.3125    138.750  1025.2962  51363.111    31.5853     37.741    7.50583     3.4936     3.4963    25.1175   13.40745 3.7912e-02     38.101 0.0000e+00
        557  43.928542    0.03861     2.3167    139.000  1025.2967  51363.372    31.5854     37.824    7.50586     3.4934     3.4961    25.1176   13.40750 3.7912e-02     38.185 0.0000e+00
        558  43.928545    0.03868     2.3208    139.250  1025.2972  51363.576    31.5854     37.919    7.50590     3.4933     3.4959    25.1177   13.40756 3.7912e-02     38.281 0.0000e+00
        559  43.928547    0.03875     2.3250    139.500  1025.2977  51363.818    31.5855     38.027    7.50593     3.4931     3.4957    25.1177   13.40761 3.7912e-02     38.390 0.0000e+00
        560  43.928550    0.03882     2.3292    139.750  1025.2984  51364.122    31.5856     38.146    7.50595     3.4930     3.4956    25.1178   13.40765 3.7912e-02     38.510 0.0000e+00
        561  43.928553    0.03889     2.3333    140.000  1025.2991  51364.430    31.5857     38.271    7.50598     3.4929     3.4954    25.1179   13.40769 3.7912e-02     38.636 0.0000e+00
        562  43.928556    0.03896     2.3375    140.250  1025.2997  51364.690    31.5858     38.394    7.50599     3.4928     3.4953    25.1180   13.40772 3.7912e-02     38.760 0.0000e+00
        563  43.928559    0.03903     2.3417    140.500  1025.3003  51364.888    31.5859     38.510    7.50601     3.4927     3.4952    25.1181   13.40774 3.7912e-02     38.877 0.0000e+00
        564  43.928562    0.03910     2.3458    140.750  1025.3009  51365.029    31.5859     38.616    7.50603     3.4926     3.4951    25.1181   13.40777 3.7912e-02     38.984 0.0000e+00
        565  43.928565    0.03917     2.3500    141.000  1025.3013  51365.154    31.5859     38.710    7.50605     3.4925     3.4950    25.1181   13.40780 3.7912e-02     39.079 0.0000e+00
        566  43.928568    0.03924     2.3542    141.250  1025.3018  51365.308    31.5859     38.795    7.50606     3.4924     3.4949    25.1181   13.40783 3.7912e-02     39.165 0.0000e+00
        567  43.928571    0.03931     2.3583    141.500  1025.3022  51365.496    31.5860     38.875    7.50607     3.4924     3.4948    25.1182   13.40784 3.7912e-02     39.245 0.0000e+00
        568  43.928573    0.03938     2.3625    141.750  1025.3027  51365.679    31.5861     38.953    7.50608     3.4924     3.4947    25.1182   13.40785 3.7912e-02     39.324 0.0000e+00
        569  43.928576    0.03944     2.3667    142.000  1025.3031  51365.832    31.5861     39.035    7.50608     3.4924     3.4947    25.1183   13.40785 3.7912e-02     39.407 0.0000e+00
        570  43.928579    0.03951     2.3708    142.250  1025.3035  51365.953    31.5862     39.125    7.50607     3.4925     3.4947    25.1183   13.40785 3.7912e-02     39.498 0.0000e+00
        571  43.928582    0.03958     2.3750    142.500  1025.3040  51366.035    31.5862     39.225    7.50607     3.4925     3.4948    25.1183   13.40784 3.7912e-02     39.599 0.0000e+00
        572  43.928585    0.03965     2.3792    142.750  1025.3046  51366.103    31.5862     39.335    7.50606     3.4925     3.4948    25.1183   13.40783 3.7912e-02     39.710 0.0000e+00
        573  43.928588    0.03972     2.3833    143.000  1025.3051  51366.174    31.5862     39.451    7.50606     3.4925     3.4948    25.1183   13.40782 3.7912e-02     39.827 0.0000e+00
        574  43.928591    0.03979     2.3875    143.250  1025.3056  51366.206    31.5862     39.570    7.50606     3.4924     3.4948    25.1183   13.40781 3.7912e-02     39.947 0.0000e+00
        575  43.928594    0.03986     2.3917    143.500  1025.3061  51366.223    31.5861     39.687    7.50606     3.4924     3.4948    25.1182   13.40781 3.7912e-02     40.066 0.0000e+00
        576  43.928597    0.03993     2.3958    143.750  1025.3067  51366.297    31.5861     39.799    7.50606     3.4923     3.4948    25.1182   13.40782 3.7912e-02     40.179 0.0000e+00
        577  43.928600    0.04000     2.4000    144.000  1025.3072  51366.417    31.5861     39.905    7.50607     3.4923     3.4948    25.1183   13.40784 3.7912e-02     40.285 0.0000e+00
        578  43.928602    0.04007     2.4042    144.250  1025.3077  51366.551    31.5861     40.004    7.50608     3.4922     3.4947    25.1183   13.40785 3.7912e-02     40.385 0.0000e+00
        579  43.928605    0.04014     2.4083    144.500  1025.3081  51366.697    31.5861     40.097    7.50609     3.4922     3.4947    25.1183   13.40787 3.7912e-02     40.479 0.0000e+00
        580  43.928608    0.04021     2.4125    144.750  1025.3086  51366.853    31.5862     40.188    7.50609     3.4922     3.4946    25.1184   13.40788 3.7912e-02     40.571 0.0000e+00
        581  43.928611    0.04028     2.4167    145.000  1025.3091  51367.012    31.5862     40.281    7.50610     3.4921     3.4946    25.1184   13.40789 3.7912e-02     40.665 0.0000e+00
        582  43.928614    0.04035     2.4208    145.250  1025.3096  51367.163    31.5863     40.378    7.50610     3.4921     3.4946    25.1185   13.40789 3.7912e-02     40.763 0.0000e+00
        583  43.928617    0.04042     2.4250    145.500  1025.3101  51367.298    31.5863     40.482    7.50610     3.4921     3.4945    25.1185   13.40789 3.7912e-02     40.868 0.0000e+00
        584  43.928620    0.04049     2.4292    145.750  1025.3106  51367.402    31.5864     40.592    7.50610     3.4921     3.4945    25.1185   13.40789 3.7912e-02     40.978 0.0000e+00
        585  43.928623    0.04056     2.4333    146.000  1025.3112  51367.467    31.5864     40.706    7.50610     3.4921     3.4946    25.1185   13.40789 3.7912e-02     41.093 0.0000e+00
        586  43.928626    0.04063     2.4375    146.250  1025.3117  51367.494    31.5863     40.821    7.50610     3.4921     3.4946    25.1185   13.40789 3.7912e-02     41.210 0.0000e+00
        587  43.928628    0.04069     2.4417    146.500  1025.3122  51367.501    31.5863     40.935    7.50610     3.4921     3.4946    25.1184   13.40789 3.7912e-02     41.325 0.0000e+00
        588  43.928631    0.04076     2.4458    146.750  1025.3127  51367.525    31.5862     41.045    7.50611     3.4920     3.4946    25.1184   13.40790 3.7912e-02     41.436 0.0000e+00
        589  43.928634    0.04083     2.4500    147.000  1025.3131  51367.573    31.5862     41.150    7.50612     3.4920     3.4945    25.1184   13.40792 3.7912e-02     41.542 0.0000e+00
        590  43.928637    0.04090     2.4542    147.250  1025.3136  51367.648    31.5862     41.249    7.50613     3.4919     3.4945    25.1184   13.40793 3.7912e-02     41.642 0.0000e+00
        591  43.928640    0.04097     2.4583    147.500  1025.3141  51367.778    31.5862     41.345    7.50613     3.4919     3.4944    25.1184   13.40794 3.7912e-02     41.739 0.0000e+00
        592  43.928643    0.04104     2.4625    147.750  1025.3146  51367.986    31.5862     41.438    7.50614     3.4918     3.4944    25.1185   13.40795 3.7912e-02     41.833 0.0000e+00
        593  43.928646    0.04111     2.4667    148.000  1025.3151  51368.238    31.5864     41.529    7.50614     3.4918     3.4943    25.1186   13.40795 3.7912e-02     41.926 0.0000e+00
        594  43.928649    0.04118     2.4708    148.250  1025.3156  51368.454    31.5865     41.622    7.50614     3.4918     3.4943    25.1186   13.40795 3.7912e-02     42.020 0.0000e+00
        595  43.928652    0.04125     2.4750    148.500  1025.3161  51368.600    31.5865     41.719    7.50614     3.4917     3.4943    25.1187   13.40796 3.7912e-02     42.117 0.0000e+00
