CTD-processing/allCTD/CNV--homogene/2013_09-25_t9_s10_cast100.cnv
* Sea-Bird SBE19plus Data File:
* FileName = C:\Users\kris.holderied\Documents\kasitsna\Research-Projects-and-Data\Oceanography-AK\CTD-CookInlet-GulfWatchAK\2013-09-25-CookInlet-Tran9-HomerSpit\2013-09-25-CookInlet-Tran9-HomerSpit-cast100.hex
* Software Version 1.59
* Temperature SN =  5028
* Conductivity SN =  5028
* System UpLoad Time = Apr 09 2014 19:51:13
** Cook Inlet LTM Homer Spit Line - Monthly
** Date: 2013-09-25
** Station: 9-10
** Start time: 13:34
** Depth (m): 67.1
** CoComment:
** Comment:
# nquan = 17
# nvalues = 532                         
# units = specified
# name 0 = scan: Scan Count
# name 1 = timeJ: Julian Days
# name 2 = timeH: Time, Elapsed [hours]
# name 3 = timeM: Time, Elapsed [minutes]
# name 4 = timeS: Time, Elapsed [seconds]
# name 5 = density00: Density [density, kg/m^3]
# name 6 = specc: Specific Conductance [uS/cm]
# name 7 = sal00: Salinity, Practical [PSU]
# name 8 = depSM: Depth [salt water, m], lat = 59.00
# name 9 = oxsolML/L: Oxygen Saturation, Garcia & Gordon [ml/l]
# name 10 = potemp090C: Potential Temperature [ITS-90, deg C]
# name 11 = tv290C: Temperature [ITS-90, deg C]
# name 12 = sigma-é00: Density [sigma-theta, kg/m^3]
# name 13 = n2satML/L: Nitrogen Saturation [ml/l]
# name 14 = par: PAR/Irradiance, Biospherical/Licor
# name 15 = prdM: Pressure, Strain Gauge [db]
# name 16 = flag:  0.000e+00
# span 0 =          1,        532       
# span 1 = 268.566690, 268.568226       
# span 2 =    0.00000,    0.03687       
# span 3 =     0.0000,     2.2125       
# span 4 =      0.000,    132.750       
# span 5 =   999.2282,  1024.3322       
# span 6 =      3.201,  49105.355       
# span 7 =     0.0091,    31.0073       
# span 8 =     -0.186,     59.684       
# span 9 =    6.46792,    7.18415       
# span 10 =     8.5734,    14.1745      
# span 11 =     8.5793,    14.1745      
# span 12 =    -0.7709,    24.0572      
# span 13 =   11.72026,   13.29698      
# span 14 = 7.9104e-02, 3.3883e+02      
# span 15 =     -0.187,     60.256      
# span 16 = 0.0000e+00, 0.0000e+00      
# interval = seconds: 0.25
# start_time = Sep 25 2013 13:36:02 [Instrument's time stamp, header]
# bad_flag = -9.990e-29
*END*
          1 268.566690    0.00000     0.0000      0.000   999.2282      3.201     0.0091     -0.186    7.18415    14.1745    14.1713    -0.7709   13.29698 3.3839e+02     -0.187 0.0000e+00
          2 268.566693    0.00007     0.0042      0.250   999.2288      5.129     0.0102     -0.186    7.18378    14.1743    14.1733    -0.7703   13.29634 3.3883e+02     -0.187 0.0000e+00
          3 268.566696    0.00014     0.0083      0.500   999.2301      8.328     0.0122     -0.186    7.18351    14.1731    14.1745    -0.7690   13.29585 3.3797e+02     -0.187 0.0000e+00
          4 268.566698    0.00021     0.0125      0.750   999.2327     13.647     0.0154     -0.186    7.18341    14.1718    14.1743    -0.7664   13.29564 3.3444e+02     -0.187 0.0000e+00
          5 268.566701    0.00028     0.0167      1.000   999.2370     22.505     0.0208     -0.186    7.18336    14.1704    14.1731    -0.7621   13.29547 3.2741e+02     -0.187 0.0000e+00
          6 268.566704    0.00035     0.0208      1.250   999.2442     37.262     0.0298     -0.186    7.18317    14.1687    14.1718    -0.7549   13.29504 3.1826e+02     -0.187 0.0000e+00
          7 268.566707    0.00042     0.0250      1.500   999.2560     61.854     0.0449     -0.185    7.18273    14.1655    14.1704    -0.7431   13.29409 3.0947e+02     -0.186 0.0000e+00
          8 268.566710    0.00049     0.0292      1.750   999.2756    102.839     0.0699     -0.185    7.18190    14.1591    14.1687    -0.7235   13.29237 3.0396e+02     -0.186 0.0000e+00
          9 268.566713    0.00056     0.0333      2.000   999.3083    171.146     0.1117     -0.184    7.18056    14.1461    14.1655    -0.6908   13.28956 3.0433e+02     -0.185 0.0000e+00
         10 268.566716    0.00063     0.0375      2.250   999.3631    284.991     0.1812     -0.184    7.17852    14.1213    14.1591    -0.6361   13.28521 3.1073e+02     -0.185 0.0000e+00
         11 268.566719    0.00069     0.0417      2.500   999.4546    474.727     0.2972     -0.183    7.17546    14.0764    14.1460    -0.5445   13.27856 3.1848e+02     -0.184 0.0000e+00
         12 268.566722    0.00076     0.0458      2.750   999.6076    790.940     0.4904     -0.181    7.17086    13.9984    14.1212    -0.3916   13.26829 3.2226e+02     -0.182 0.0000e+00
         13 268.566725    0.00083     0.0500      3.000   999.8630   1317.954     0.8125     -0.178    7.16375    13.8660    14.0763    -0.1361   13.25212 3.2033e+02     -0.180 0.0000e+00
         14 268.566727    0.00090     0.0542      3.250  1000.2892   2196.310     1.3493     -0.174    7.15241    13.6440    13.9983     0.2901   13.22603 3.1380e+02     -0.176 0.0000e+00
         15 268.566730    0.00097     0.0583      3.500  1000.9999   3660.233     2.2440     -0.168    7.13388    13.2819    13.8660     1.0007   13.18318 3.0621e+02     -0.169 0.0000e+00
         16 268.566733    0.00104     0.0625      3.750  1002.1846   6100.101     3.7351     -0.157    7.10320    12.7552    13.6440     2.1853   13.11212 2.9993e+02     -0.158 0.0000e+00
         17 268.566736    0.00111     0.0667      4.000  1004.1579  10166.555     6.2203     -0.139    7.05081    12.1280    13.2819     4.1585   12.99156 2.9536e+02     -0.141 0.0000e+00
         18 268.566739    0.00118     0.0708      4.250  1007.1378  16253.542     9.9764     -0.113    6.96853    11.5183    12.7552     7.1383   12.80435 2.9268e+02     -0.114 0.0000e+00
         19 268.566742    0.00125     0.0750      4.500  1010.9500  23884.998    14.7880     -0.076    6.85612    11.0006    12.1280    10.9504   12.55361 2.9224e+02     -0.077 0.0000e+00
         20 268.566745    0.00132     0.0792      4.750  1014.7856  31425.620    19.6289     -0.031    6.73971    10.5899    11.5183    14.7858   12.29655 2.9428e+02     -0.032 0.0000e+00
         21 268.566748    0.00139     0.0833      5.000  1017.6658  37031.937    23.2492      0.018    6.66137    10.2750    11.0006    17.6658   12.11904 2.9794e+02      0.019 0.0000e+00
         22 268.566751    0.00146     0.0875      5.250  1019.4736  40528.217    25.5029      0.073    6.62528    10.0383    10.5899    19.4733   12.02967 3.0153e+02      0.074 0.0000e+00
         23 268.566753    0.00153     0.0917      5.500  1020.6209  42732.308    26.9216      0.133    6.61072     9.8658    10.2750    20.6203   11.98700 3.0323e+02      0.134 0.0000e+00
         24 268.566756    0.00160     0.0958      5.750  1021.3704  44161.069    27.8413      0.193    6.60602     9.7478    10.0383    21.3695   11.96727 3.0072e+02      0.195 0.0000e+00
         25 268.566759    0.00167     0.1000      6.000  1021.8698  45106.130    28.4508      0.248    6.60521     9.6747     9.8658    21.8687   11.95805 2.9083e+02      0.250 0.0000e+00
         26 268.566762    0.00174     0.1042      6.250  1022.1974  45722.643    28.8493      0.290    6.60544     9.6355     9.7479    22.1961   11.95331 2.7035e+02      0.293 0.0000e+00
         27 268.566765    0.00181     0.1083      6.500  1022.4020  46107.083    29.0983      0.318    6.60550     9.6207     9.6747    22.4006   11.95022 2.4871e+02      0.321 0.0000e+00
         28 268.566768    0.00187     0.1125      6.750  1022.5260  46340.475    29.2501      0.334    6.60475     9.6197     9.6355    22.5245   11.94703 2.3576e+02      0.337 0.0000e+00
         29 268.566771    0.00194     0.1167      7.000  1022.6058  46491.401    29.3499      0.345    6.60265     9.6187     9.6207    22.6042   11.94228 2.2281e+02      0.349 0.0000e+00
         30 268.566774    0.00201     0.1208      7.250  1022.6582  46591.104    29.4172      0.362    6.59994     9.6101     9.6197    22.6566   11.93694 2.0655e+02      0.366 0.0000e+00
         31 268.566777    0.00208     0.1250      7.500  1022.6955  46661.376    29.4648      0.394    6.59806     9.5965     9.6187    22.6937   11.93322 1.8923e+02      0.398 0.0000e+00
         32 268.566780    0.00215     0.1292      7.750  1022.7291  46722.880    29.5059      0.445    6.59757     9.5855     9.6101    22.7270   11.93189 1.7315e+02      0.449 0.0000e+00
         33 268.566782    0.00222     0.1333      8.000  1022.7618  46781.685    29.5448      0.510    6.59790     9.5858     9.5966    22.7594   11.93195 1.6547e+02      0.515 0.0000e+00
         34 268.566785    0.00229     0.1375      8.250  1022.7940  46839.611    29.5835      0.580    6.59787     9.6058     9.5856    22.7913   11.93142 1.6414e+02      0.585 0.0000e+00
         35 268.566788    0.00236     0.1417      8.500  1022.8221  46890.991    29.6192      0.640    6.59632     9.6492     9.5859    22.8191   11.92842 1.6344e+02      0.646 0.0000e+00
         36 268.566791    0.00243     0.1458      8.750  1022.8352  46917.177    29.6399      0.680    6.59252     9.7073     9.6059    22.8321   11.92187 1.6295e+02      0.687 0.0000e+00
         37 268.566794    0.00250     0.1500      9.000  1022.8223  46898.224    29.6318      0.698    6.58656     9.7596     9.6493    22.8191   11.91208 1.6344e+02      0.705 0.0000e+00
         38 268.566797    0.00257     0.1542      9.250  1022.7852  46836.800    29.5959      0.698    6.57963     9.7844     9.7074    22.7820   11.90104 1.6479e+02      0.704 0.0000e+00
         39 268.566800    0.00264     0.1583      9.500  1022.7390  46758.151    29.5472      0.691    6.57409     9.7736     9.7597    22.7358   11.89244 1.6679e+02      0.698 0.0000e+00
         40 268.566803    0.00271     0.1625      9.750  1022.7099  46707.622    29.5149      0.696    6.57186     9.7385     9.7845    22.7067   11.88912 1.6713e+02      0.703 0.0000e+00
         41 268.566806    0.00278     0.1667     10.000  1022.7200  46724.683    29.5255      0.720    6.57296     9.6987     9.7737    22.7167   11.89082 1.6289e+02      0.727 0.0000e+00
         42 268.566808    0.00285     0.1708     10.250  1022.7630  46799.202    29.5734      0.758    6.57603     9.6693     9.7386    22.7596   11.89533 1.5714e+02      0.765 0.0000e+00
         43 268.566811    0.00292     0.1750     10.500  1022.8179  46894.958    29.6356      0.800    6.57918     9.6574     9.6988    22.8143   11.89980 1.5481e+02      0.807 0.0000e+00
         44 268.566814    0.00299     0.1792     10.750  1022.8661  46979.668    29.6913      0.833    6.58109     9.6602     9.6694    22.8623   11.90229 1.5525e+02      0.841 0.0000e+00
         45 268.566817    0.00306     0.1833     11.000  1022.8947  47030.492    29.7254      0.852    6.58138     9.6660     9.6574    22.8908   11.90236 1.5608e+02      0.860 0.0000e+00
         46 268.566820    0.00313     0.1875     11.250  1022.9023  47044.684    29.7357      0.856    6.58053     9.6632     9.6602    22.8984   11.90083 1.5760e+02      0.863 0.0000e+00
         47 268.566823    0.00319     0.1917     11.500  1022.8989  47039.129    29.7325      0.847    6.57981     9.6489     9.6661    22.8950   11.89967 1.5999e+02      0.855 0.0000e+00
         48 268.566826    0.00326     0.1958     11.750  1022.8990  47039.041    29.7321      0.833    6.58025     9.6288     9.6632    22.8951   11.90040 1.6216e+02      0.841 0.0000e+00
         49 268.566829    0.00333     0.2000     12.000  1022.9111  47059.727    29.7448      0.821    6.58179     9.6093     9.6489    22.9073   11.90280 1.6264e+02      0.829 0.0000e+00
         50 268.566832    0.00340     0.2042     12.250  1022.9325  47096.924    29.7684      0.817    6.58371     9.5943     9.6288    22.9288   11.90571 1.6027e+02      0.825 0.0000e+00
         51 268.566834    0.00347     0.2083     12.500  1022.9554  47136.741    29.7938      0.826    6.58547     9.5867     9.6094    22.9517   11.90832 1.5624e+02      0.834 0.0000e+00
         52 268.566837    0.00354     0.2125     12.750  1022.9772  47174.769    29.8185      0.847    6.58662     9.5906     9.5943    22.9733   11.90991 1.5283e+02      0.854 0.0000e+00
         53 268.566840    0.00361     0.2167     13.000  1023.0015  47218.256    29.8480      0.872    6.58647     9.6101     9.5868    22.9975   11.90931 1.5147e+02      0.880 0.0000e+00
         54 268.566843    0.00368     0.2208     13.250  1023.0239  47259.689    29.8774      0.892    6.58467     9.6473     9.5906    23.0199   11.90597 1.5257e+02      0.900 0.0000e+00
         55 268.566846    0.00375     0.2250     13.500  1023.0292  47271.450    29.8881      0.899    6.58138     9.6944     9.6102    23.0251   11.90039 1.5477e+02      0.907 0.0000e+00
         56 268.566849    0.00382     0.2292     13.750  1023.0081  47236.980    29.8686      0.890    6.57680     9.7335     9.6474    23.0041   11.89303 1.5579e+02      0.898 0.0000e+00
         57 268.566852    0.00389     0.2333     14.000  1022.9658  47164.823    29.8239      0.871    6.57185     9.7493     9.6945    22.9618   11.88536 1.5672e+02      0.879 0.0000e+00
         58 268.566855    0.00396     0.2375     14.250  1022.9177  47081.360    29.7703      0.852    6.56844     9.7399     9.7336    22.9138   11.88036 1.5952e+02      0.859 0.0000e+00
         59 268.566858    0.00403     0.2417     14.500  1022.8849  47023.021    29.7314      0.842    6.56779     9.7181     9.7494    22.8810   11.87976 1.6063e+02      0.850 0.0000e+00
         60 268.566861    0.00410     0.2458     14.750  1022.8838  47019.940    29.7281      0.846    6.56928     9.7009     9.7400    22.8800   11.88227 1.5788e+02      0.853 0.0000e+00
         61 268.566863    0.00417     0.2500     15.000  1022.9144  47073.295    29.7628      0.858    6.57098     9.7002     9.7182    22.9105   11.88467 1.5532e+02      0.865 0.0000e+00
         62 268.566866    0.00424     0.2542     15.250  1022.9563  47147.978    29.8130      0.870    6.57135     9.7197     9.7010    22.9523   11.88467 1.5587e+02      0.878 0.0000e+00
         63 268.566869    0.00431     0.2583     15.500  1022.9826  47196.046    29.8465      0.877    6.57004     9.7521     9.7003    22.9786   11.88209 1.5861e+02      0.885 0.0000e+00
         64 268.566872    0.00438     0.2625     15.750  1022.9793  47192.180    29.8462      0.877    6.56723     9.7805     9.7198    22.9753   11.87744 1.6171e+02      0.885 0.0000e+00
         65 268.566875    0.00444     0.2667     16.000  1022.9503  47142.786    29.8156      0.871    6.56384     9.7903     9.7522    22.9463   11.87218 1.6344e+02      0.879 0.0000e+00
         66 268.566878    0.00451     0.2708     16.250  1022.9117  47075.514    29.7719      0.865    6.56156     9.7774     9.7806    22.9078   11.86894 1.6389e+02      0.873 0.0000e+00
         67 268.566881    0.00458     0.2750     16.500  1022.8824  47022.947    29.7363      0.865    6.56164     9.7497     9.7904    22.8785   11.86950 1.6388e+02      0.873 0.0000e+00
         68 268.566884    0.00465     0.2792     16.750  1022.8763  47010.046    29.7257      0.873    6.56395     9.7222     9.7775    22.8722   11.87346 1.6175e+02      0.881 0.0000e+00
         69 268.566887    0.00472     0.2833     17.000  1022.8994  47049.192    29.7497      0.887    6.56695     9.7077     9.7498    22.8954   11.87813 1.5751e+02      0.895 0.0000e+00
         70 268.566889    0.00479     0.2875     17.250  1022.9415  47123.099    29.7981      0.897    6.56890     9.7133     9.7223    22.9374   11.88078 1.5586e+02      0.906 0.0000e+00
         71 268.566892    0.00486     0.2917     17.500  1022.9782  47188.684    29.8423      0.899    6.56913     9.7372     9.7078    22.9741   11.88064 1.5880e+02      0.907 0.0000e+00
         72 268.566895    0.00493     0.2958     17.750  1022.9901  47211.190    29.8587      0.888    6.56762     9.7659     9.7134    22.9861   11.87793 1.6262e+02      0.896 0.0000e+00
         73 268.566898    0.00500     0.3000     18.000  1022.9725  47181.766    29.8411      0.868    6.56491     9.7821     9.7373    22.9685   11.87365 1.6430e+02      0.876 0.0000e+00
         74 268.566901    0.00507     0.3042     18.250  1022.9358  47117.950    29.7999      0.848    6.56250     9.7760     9.7660    22.9319   11.87015 1.6310e+02      0.856 0.0000e+00
         75 268.566904    0.00514     0.3083     18.500  1022.8989  47052.306    29.7559      0.838    6.56200     9.7501     9.7822    22.8950   11.86986 1.5898e+02      0.846 0.0000e+00
         76 268.566907    0.00521     0.3125     18.750  1022.8779  47013.093    29.7277      0.843    6.56407     9.7174     9.7761    22.8740   11.87364 1.5388e+02      0.852 0.0000e+00
         77 268.566910    0.00528     0.3167     19.000  1022.8824  47018.380    29.7282      0.866    6.56780     9.6935     9.7502    22.8785   11.87981 1.5044e+02      0.875 0.0000e+00
         78 268.566913    0.00535     0.3208     19.250  1022.9141  47072.517    29.7621      0.900    6.57111     9.6906     9.7175    22.9100   11.88489 1.4932e+02      0.909 0.0000e+00
         79 268.566916    0.00542     0.3250     19.500  1022.9574  47148.954    29.8126      0.932    6.57245     9.7148     9.6936    22.9532   11.88650 1.4948e+02      0.941 0.0000e+00
         80 268.566918    0.00549     0.3292     19.750  1022.9835  47196.207    29.8454      0.947    6.57148     9.7583     9.6907    22.9792   11.88450 1.4963e+02      0.956 0.0000e+00
         81 268.566921    0.00556     0.3333     20.000  1022.9752  47183.810    29.8397      0.942    6.56822     9.8010     9.7149    22.9709   11.87916 1.5027e+02      0.951 0.0000e+00
         82 268.566924    0.00562     0.3375     20.250  1022.9398  47124.050    29.8031      0.921    6.56346     9.8239     9.7584    22.9356   11.87171 1.5243e+02      0.930 0.0000e+00
         83 268.566927    0.00569     0.3417     20.500  1022.8974  47051.520    29.7576      0.898    6.55922     9.8209     9.8010    22.8934   11.86523 1.5491e+02      0.906 0.0000e+00
         84 268.566930    0.00576     0.3458     20.750  1022.8673  46999.048    29.7236      0.886    6.55732     9.8012     9.8240    22.8633   11.86250 1.5617e+02      0.894 0.0000e+00
         85 268.566933    0.00583     0.3500     21.000  1022.8624  46989.674    29.7167      0.892    6.55805     9.7830     9.8210    22.8583   11.86378 1.5595e+02      0.900 0.0000e+00
