CTD-processing/allCTD/CNV--homogene/2013-04-21-cookinlet-tran9-cast140-s02.cnv
* Sea-Bird SBE19plus Data File:
* FileName = C:\Documents and Settings\kris.holderied.local\My Documents\2012-2013-CTD-DATA-new-files\2013-04-EVOSTC-CookInlet-Ocean\2013-04-21-CookInlet-Tran9-cast140.hex
* Software Version 1.54
* Temperature SN =  5028
* Conductivity SN =  5028
* System UpLoad Time = May 21 2013 10:09:00
** Cook Inlet LTM Transect 9 (Homer Spit)
** Date:  2013-04-21
** Station:  9-02
** Start time (AKDT-24 hr):  1609
** Depth (m): 95
** Comment:None
** Comment:
# nquan = 17
# nvalues = 532                         
# units = specified
# name 0 = scan: Scan Count
# name 1 = timeJ: Julian Days
# name 2 = timeH: Time, Elapsed [hours]
# name 3 = timeM: Time, Elapsed [minutes]
# name 4 = timeS: Time, Elapsed [seconds]
# name 5 = density00: Density [density, kg/m^3]
# name 6 = specc: Specific Conductance [uS/cm]
# name 7 = sal00: Salinity, Practical [PSU]
# name 8 = depSM: Depth [salt water, m], lat = 59.00
# name 9 = oxsolML/L: Oxygen Saturation, Garcia & Gordon [ml/l]
# name 10 = potemp090C: Potential Temperature [ITS-90, deg C]
# name 11 = tv290C: Temperature [ITS-90, deg C]
# name 12 = sigma-é00: Density [sigma-theta, kg/m^3]
# name 13 = n2satML/L: Nitrogen Saturation [ml/l]
# name 14 = par: PAR/Irradiance, Biospherical/Licor
# name 15 = prdM: Pressure, Strain Gauge [db]
# name 16 = flag:  0.000e+00
# span 0 =          1,        532       
# span 1 = 111.673981, 111.675518       
# span 2 =    0.00000,    0.03687       
# span 3 =     0.0000,     2.2125       
# span 4 =      0.000,    132.750       
# span 5 =  1000.0849,  1025.7270       
# span 6 =    296.649,  51903.034       
# span 7 =     0.1410,    31.9082       
# span 8 =      0.068,     73.943       
# span 9 =    7.49108,    9.34612       
# span 10 =     3.2575,     3.5066      
# span 11 =     3.2548,     3.5067      
# span 12 =     0.0845,    25.3847      
# span 13 =   13.37978,   16.94077      
# span 14 = 3.7912e-02, 4.1663e+02      
# span 15 =      0.069,     74.655      
# span 16 = 0.0000e+00, 0.0000e+00      
# interval = seconds: 0.25
# start_time = Apr 21 2013 16:10:32 [Instrument's time stamp, header]
# bad_flag = -9.990e-29
*END*
[from data line 171]
        172 111.674476    0.01188     0.7125     42.750  1025.3164  51695.433    31.8282      1.060    7.49496     3.4839     3.4883    25.3114   13.38632 2.1127e+02      1.070 0.0000e+00
        173 111.674479    0.01194     0.7167     43.000  1025.3176  51698.152    31.8295      1.049    7.49527     3.4819     3.4862    25.3127   13.38681 2.1065e+02      1.059 0.0000e+00
        174 111.674482    0.01201     0.7208     43.250  1025.3192  51701.683    31.8313      1.036    7.49558     3.4805     3.4840    25.3143   13.38731 2.0676e+02      1.046 0.0000e+00
        175 111.674485    0.01208     0.7250     43.500  1025.3209  51705.255    31.8333      1.025    7.49585     3.4796     3.4820    25.3160   13.38772 2.0382e+02      1.034 0.0000e+00
        176 111.674488    0.01215     0.7292     43.750  1025.3224  51708.312    31.8350      1.019    7.49604     3.4793     3.4805    25.3175   13.38801 2.0463e+02      1.028 0.0000e+00
        177 111.674491    0.01222     0.7333     44.000  1025.3234  51710.478    31.8363      1.022    7.49614     3.4795     3.4796    25.3186   13.38815 2.0668e+02      1.031 0.0000e+00
        178 111.674494    0.01229     0.7375     44.250  1025.3240  51711.535    31.8369      1.032    7.49616     3.4801     3.4793    25.3191   13.38818 2.0709e+02      1.042 0.0000e+00
        179 111.674497    0.01236     0.7417     44.500  1025.3240  51711.362    31.8368      1.049    7.49612     3.4809     3.4796    25.3191   13.38812 2.0665e+02      1.058 0.0000e+00
        180 111.674499    0.01243     0.7458     44.750  1025.3235  51710.141    31.8361      1.067    7.49604     3.4815     3.4802    25.3185   13.38799 2.0783e+02      1.077 0.0000e+00
        181 111.674502    0.01250     0.7500     45.000  1025.3227  51708.435    31.8351      1.082    7.49595     3.4819     3.4810    25.3176   13.38785 2.1093e+02      1.092 0.0000e+00
        182 111.674505    0.01257     0.7542     45.250  1025.3220  51706.868    31.8342      1.092    7.49587     3.4819     3.4816    25.3168   13.38774 2.1384e+02      1.102 0.0000e+00
        183 111.674508    0.01264     0.7583     45.500  1025.3215  51705.854    31.8336      1.092    7.49584     3.4816     3.4820    25.3163   13.38770 2.1513e+02      1.102 0.0000e+00
        184 111.674511    0.01271     0.7625     45.750  1025.3213  51705.552    31.8334      1.082    7.49585     3.4812     3.4820    25.3162   13.38772 2.1534e+02      1.093 0.0000e+00
        185 111.674514    0.01278     0.7667     46.000  1025.3214  51705.895    31.8336      1.064    7.49589     3.4806     3.4817    25.3163   13.38777 2.1537e+02      1.074 0.0000e+00
        186 111.674517    0.01285     0.7708     46.250  1025.3217  51706.694    31.8341      1.040    7.49595     3.4799     3.4813    25.3167   13.38787 2.1565e+02      1.050 0.0000e+00
        187 111.674520    0.01292     0.7750     46.500  1025.3221  51707.771    31.8347      1.013    7.49604     3.4794     3.4806    25.3172   13.38800 2.1605e+02      1.023 0.0000e+00
        188 111.674523    0.01299     0.7792     46.750  1025.3225  51708.954    31.8353      0.988    7.49613     3.4792     3.4799    25.3178   13.38815 2.1484e+02      0.997 0.0000e+00
        189 111.674525    0.01306     0.7833     47.000  1025.3230  51710.076    31.8359      0.967    7.49619     3.4795     3.4794    25.3184   13.38824 2.1027e+02      0.976 0.0000e+00
        190 111.674528    0.01313     0.7875     47.250  1025.3234  51710.995    31.8365      0.956    7.49619     3.4802     3.4793    25.3188   13.38824 2.0372e+02      0.965 0.0000e+00
        191 111.674531    0.01319     0.7917     47.500  1025.3237  51711.544    31.8370      0.956    7.49612     3.4813     3.4795    25.3192   13.38812 1.9944e+02      0.966 0.0000e+00
        192 111.674534    0.01326     0.7958     47.750  1025.3239  51711.572    31.8372      0.970    7.49598     3.4823     3.4803    25.3193   13.38787 1.9877e+02      0.980 0.0000e+00
        193 111.674537    0.01333     0.8000     48.000  1025.3238  51710.994    31.8370      0.996    7.49579     3.4830     3.4813    25.3191   13.38757 1.9825e+02      1.005 0.0000e+00
        194 111.674540    0.01340     0.8042     48.250  1025.3234  51709.771    31.8364      1.028    7.49563     3.4832     3.4823    25.3185   13.38731 1.9557e+02      1.038 0.0000e+00
        195 111.674543    0.01347     0.8083     48.500  1025.3228  51708.331    31.8356      1.062    7.49554     3.4829     3.4830    25.3178   13.38717 1.9249e+02      1.072 0.0000e+00
        196 111.674546    0.01354     0.8125     48.750  1025.3226  51707.674    31.8352      1.091    7.49551     3.4822     3.4833    25.3175   13.38714 1.9269e+02      1.101 0.0000e+00
        197 111.674549    0.01361     0.8167     49.000  1025.3232  51708.595    31.8358      1.111    7.49554     3.4813     3.4830    25.3179   13.38718 1.9614e+02      1.122 0.0000e+00
        198 111.674552    0.01368     0.8208     49.250  1025.3245  51711.065    31.8373      1.120    7.49561     3.4808     3.4822    25.3192   13.38728 1.9850e+02      1.130 0.0000e+00
        199 111.674554    0.01375     0.8250     49.500  1025.3261  51714.289    31.8392      1.115    7.49567     3.4808     3.4813    25.3208   13.38735 1.9855e+02      1.126 0.0000e+00
        200 111.674557    0.01382     0.8292     49.750  1025.3276  51717.295    31.8411      1.099    7.49567     3.4813     3.4808    25.3224   13.38732 1.9923e+02      1.110 0.0000e+00
        201 111.674560    0.01389     0.8333     50.000  1025.3286  51719.356    31.8426      1.075    7.49559     3.4821     3.4809    25.3235   13.38717 2.0118e+02      1.085 0.0000e+00
        202 111.674563    0.01396     0.8375     50.250  1025.3290  51720.273    31.8433      1.046    7.49545     3.4830     3.4814    25.3241   13.38693 2.0207e+02      1.056 0.0000e+00
        203 111.674566    0.01403     0.8417     50.500  1025.3291  51720.388    31.8436      1.017    7.49528     3.4838     3.4822    25.3243   13.38665 2.0052e+02      1.026 0.0000e+00
        204 111.674569    0.01410     0.8458     50.750  1025.3289  51720.090    31.8436      0.991    7.49512     3.4846     3.4831    25.3242   13.38639 1.9693e+02      1.000 0.0000e+00
        205 111.674572    0.01417     0.8500     51.000  1025.3286  51719.509    31.8435      0.969    7.49498     3.4854     3.4839    25.3240   13.38615 1.9344e+02      0.978 0.0000e+00
        206 111.674575    0.01424     0.8542     51.250  1025.3282  51718.714    31.8432      0.956    7.49484     3.4861     3.4847    25.3237   13.38593 1.9284e+02      0.965 0.0000e+00
        207 111.674578    0.01431     0.8583     51.500  1025.3278  51717.893    31.8428      0.953    7.49472     3.4868     3.4855    25.3233   13.38573 1.9528e+02      0.962 0.0000e+00
        208 111.674580    0.01438     0.8625     51.750  1025.3275  51717.204    31.8425      0.962    7.49461     3.4873     3.4862    25.3230   13.38555 1.9694e+02      0.971 0.0000e+00
        209 111.674583    0.01444     0.8667     52.000  1025.3274  51716.653    31.8423      0.982    7.49451     3.4878     3.4868    25.3228   13.38538 1.9596e+02      0.991 0.0000e+00
        210 111.674586    0.01451     0.8708     52.250  1025.3274  51716.259    31.8421      1.012    7.49441     3.4883     3.4874    25.3226   13.38523 1.9592e+02      1.021 0.0000e+00
        211 111.674589    0.01458     0.8750     52.500  1025.3275  51716.105    31.8421      1.046    7.49432     3.4888     3.4879    25.3226   13.38507 1.9823e+02      1.056 0.0000e+00
        212 111.674592    0.01465     0.8792     52.750  1025.3277  51716.202    31.8423      1.079    7.49422     3.4892     3.4884    25.3227   13.38491 1.9966e+02      1.090 0.0000e+00
        213 111.674595    0.01472     0.8833     53.000  1025.3281  51716.520    31.8426      1.105    7.49412     3.4896     3.4888    25.3229   13.38474 1.9937e+02      1.116 0.0000e+00
        214 111.674598    0.01479     0.8875     53.250  1025.3284  51716.939    31.8430      1.118    7.49402     3.4901     3.4892    25.3231   13.38458 1.9960e+02      1.129 0.0000e+00
        215 111.674601    0.01486     0.8917     53.500  1025.3286  51717.220    31.8433      1.116    7.49393     3.4906     3.4897    25.3233   13.38441 2.0088e+02      1.127 0.0000e+00
        216 111.674604    0.01493     0.8958     53.750  1025.3287  51717.323    31.8435      1.099    7.49382     3.4911     3.4902    25.3234   13.38424 2.0089e+02      1.109 0.0000e+00
        217 111.674606    0.01500     0.9000     54.000  1025.3287  51717.402    31.8437      1.071    7.49372     3.4915     3.4907    25.3235   13.38406 1.9780e+02      1.081 0.0000e+00
        218 111.674609    0.01507     0.9042     54.250  1025.3285  51717.323    31.8438      1.039    7.49363     3.4919     3.4912    25.3236   13.38392 1.9485e+02      1.049 0.0000e+00
        219 111.674612    0.01514     0.9083     54.500  1025.3281  51716.692    31.8435      1.011    7.49357     3.4923     3.4916    25.3233   13.38381 1.9626e+02      1.021 0.0000e+00
        220 111.674615    0.01521     0.9125     54.750  1025.3273  51715.358    31.8427      0.992    7.49353     3.4925     3.4920    25.3226   13.38377 1.9893e+02      1.001 0.0000e+00
        221 111.674618    0.01528     0.9167     55.000  1025.3263  51713.576    31.8416      0.986    7.49353     3.4925     3.4923    25.3217   13.38378 1.9768e+02      0.995 0.0000e+00
        222 111.674621    0.01535     0.9208     55.250  1025.3255  51711.966    31.8405      0.993    7.49355     3.4925     3.4925    25.3209   13.38382 1.9423e+02      1.002 0.0000e+00
        223 111.674624    0.01542     0.9250     55.500  1025.3252  51711.266    31.8400      1.010    7.49356     3.4925     3.4926    25.3205   13.38384 1.9291e+02      1.020 0.0000e+00
        224 111.674627    0.01549     0.9292     55.750  1025.3257  51711.914    31.8405      1.034    7.49353     3.4926     3.4926    25.3208   13.38380 1.9407e+02      1.044 0.0000e+00
        225 111.674630    0.01556     0.9333     56.000  1025.3268  51713.787    31.8417      1.060    7.49347     3.4929     3.4926    25.3218   13.38367 1.9631e+02      1.070 0.0000e+00
        226 111.674633    0.01563     0.9375     56.250  1025.3281  51716.096    31.8433      1.081    7.49337     3.4935     3.4927    25.3231   13.38349 1.9874e+02      1.091 0.0000e+00
        227 111.674635    0.01569     0.9417     56.500  1025.3292  51717.868    31.8446      1.093    7.49325     3.4944     3.4930    25.3241   13.38327 2.0037e+02      1.104 0.0000e+00
        228 111.674638    0.01576     0.9458     56.750  1025.3297  51718.622    31.8453      1.094    7.49310     3.4955     3.4936    25.3245   13.38302 2.0187e+02      1.105 0.0000e+00
        229 111.674641    0.01583     0.9500     57.000  1025.3297  51718.516    31.8454      1.083    7.49292     3.4966     3.4945    25.3246   13.38273 2.0487e+02      1.093 0.0000e+00
        230 111.674644    0.01590     0.9542     57.250  1025.3295  51718.014    31.8454      1.062    7.49273     3.4977     3.4956    25.3244   13.38242 2.0759e+02      1.071 0.0000e+00
        231 111.674647    0.01597     0.9583     57.500  1025.3291  51717.364    31.8452      1.033    7.49254     3.4988     3.4967    25.3242   13.38210 2.0702e+02      1.042 0.0000e+00
        232 111.674650    0.01604     0.9625     57.750  1025.3286  51716.447    31.8449      1.003    7.49236     3.5000     3.4978    25.3239   13.38180 2.0453e+02      1.012 0.0000e+00
        233 111.674653    0.01611     0.9667     58.000  1025.3279  51715.104    31.8443      0.976    7.49218     3.5010     3.4989    25.3233   13.38152 2.0318e+02      0.985 0.0000e+00
        234 111.674656    0.01618     0.9708     58.250  1025.3270  51713.447    31.8435      0.958    7.49201     3.5019     3.5000    25.3225   13.38125 2.0342e+02      0.967 0.0000e+00
        235 111.674659    0.01625     0.9750     58.500  1025.3262  51711.777    31.8426      0.952    7.49186     3.5027     3.5011    25.3217   13.38102 2.0342e+02      0.960 0.0000e+00
        236 111.674661    0.01632     0.9792     58.750  1025.3256  51710.347    31.8418      0.958    7.49173     3.5033     3.5020    25.3211   13.38081 2.0081e+02      0.967 0.0000e+00
        237 111.674664    0.01639     0.9833     59.000  1025.3252  51709.265    31.8413      0.976    7.49162     3.5039     3.5028    25.3206   13.38063 1.9596e+02      0.986 0.0000e+00
        238 111.674667    0.01646     0.9875     59.250  1025.3250  51708.540    31.8409      1.004    7.49152     3.5043     3.5034    25.3202   13.38047 1.9286e+02      1.014 0.0000e+00
        239 111.674670    0.01653     0.9917     59.500  1025.3249  51708.150    31.8408      1.034    7.49143     3.5047     3.5039    25.3201   13.38033 1.9336e+02      1.044 0.0000e+00
        240 111.674673    0.01660     0.9958     59.750  1025.3250  51708.045    31.8408      1.062    7.49135     3.5050     3.5043    25.3201   13.38020 1.9390e+02      1.072 0.0000e+00
        241 111.674676    0.01667     1.0000     60.000  1025.3252  51708.083    31.8409      1.081    7.49128     3.5054     3.5047    25.3201   13.38008 1.9151e+02      1.091 0.0000e+00
        242 111.674679    0.01674     1.0042     60.250  1025.3252  51707.946    31.8409      1.088    7.49122     3.5058     3.5050    25.3200   13.37998 1.8818e+02      1.098 0.0000e+00
        243 111.674682    0.01681     1.0083     60.500  1025.3248  51707.303    31.8406      1.080    7.49117     3.5063     3.5054    25.3197   13.37990 1.8710e+02      1.091 0.0000e+00
        244 111.674685    0.01688     1.0125     60.750  1025.3242  51706.104    31.8399      1.060    7.49112     3.5065     3.5059    25.3191   13.37982 1.8930e+02      1.071 0.0000e+00
        245 111.674688    0.01694     1.0167     61.000  1025.3233  51704.523    31.8389      1.032    7.49108     3.5066     3.5063    25.3183   13.37978 1.9363e+02      1.043 0.0000e+00
        246 111.674690    0.01701     1.0208     61.250  1025.3222  51702.705    31.8378      1.002    7.49109     3.5064     3.5066    25.3174   13.37981 1.9721e+02      1.012 0.0000e+00
        247 111.674693    0.01708     1.0250     61.500  1025.3210  51700.823    31.8365      0.977    7.49115     3.5060     3.5067    25.3164   13.37991 1.9773e+02      0.986 0.0000e+00
        248 111.674696    0.01715     1.0292     61.750  1025.3201  51699.182    31.8354      0.962    7.49124     3.5055     3.5065    25.3155   13.38009 1.9609e+02      0.971 0.0000e+00
        249 111.674699    0.01722     1.0333     62.000  1025.3194  51698.125    31.8346      0.960    7.49135     3.5048     3.5061    25.3149   13.38028 1.9471e+02      0.969 0.0000e+00
        250 111.674702    0.01729     1.0375     62.250  1025.3193  51697.965    31.8343      0.973    7.49147     3.5039     3.5055    25.3147   13.38047 1.9371e+02      0.983 0.0000e+00
        251 111.674705    0.01736     1.0417     62.500  1025.3199  51698.873    31.8347      0.998    7.49157     3.5028     3.5048    25.3151   13.38064 1.9236e+02      1.008 0.0000e+00
        252 111.674708    0.01743     1.0458     62.750  1025.3209  51700.740    31.8357      1.030    7.49169     3.5017     3.5039    25.3160   13.38081 1.9173e+02      1.040 0.0000e+00
        253 111.674711    0.01750     1.0500     63.000  1025.3222  51703.116    31.8371      1.061    7.49182     3.5007     3.5028    25.3172   13.38102 1.9197e+02      1.071 0.0000e+00
        254 111.674714    0.01757     1.0542     63.250  1025.3235  51705.591    31.8385      1.087    7.49195     3.5000     3.5017    25.3184   13.38122 1.9148e+02      1.098 0.0000e+00
        255 111.674716    0.01764     1.0583     63.500  1025.3249  51708.103    31.8399      1.104    7.49205     3.4996     3.5008    25.3197   13.38137 1.9068e+02      1.115 0.0000e+00
