CTD-processing/allCTD/CNV--homogene/2013-04-20-cookinlet-trans7-cast092-s11.cnv
* Sea-Bird SBE19plus Data File:
* FileName = C:\Documents and Settings\kris.holderied.local\My Documents\2012-2013-CTD-DATA-new-files\2013-04-EVOSTC-CookInlet-Ocean\2013-04-CookInlet-Tran7-Augustine\2013-04-20-CookInlet-Trans7-Cast092.hex
* Software Version 1.54
* Temperature SN =  5028
* Conductivity SN =  5028
* System UpLoad Time = Apr 20 2013 14:57:16
** Cook Inlet LTM Tran7 Augustine to Flat Island
** Date:  2013-04-20
** Station:  7-11
** Start time (AKDT-24 hr):  1002
** Depth (m): 69
** Comment:
** Comment:
# nquan = 17
# nvalues = 595                         
# units = specified
# name 0 = scan: Scan Count
# name 1 = timeJ: Julian Days
# name 2 = timeH: Time, Elapsed [hours]
# name 3 = timeM: Time, Elapsed [minutes]
# name 4 = timeS: Time, Elapsed [seconds]
# name 5 = density00: Density [density, kg/m^3]
# name 6 = specc: Specific Conductance [uS/cm]
# name 7 = sal00: Salinity, Practical [PSU]
# name 8 = depSM: Depth [salt water, m], lat = 59.00
# name 9 = oxsolML/L: Oxygen Saturation, Garcia & Gordon [ml/l]
# name 10 = potemp090C: Potential Temperature [ITS-90, deg C]
# name 11 = tv290C: Temperature [ITS-90, deg C]
# name 12 = sigma-é00: Density [sigma-theta, kg/m^3]
# name 13 = n2satML/L: Nitrogen Saturation [ml/l]
# name 14 = par: PAR/Irradiance, Biospherical/Licor
# name 15 = prdM: Pressure, Strain Gauge [db]
# name 16 = flag:  0.000e+00
# span 0 =          1,        595       
# span 1 = 110.418414, 110.420133       
# span 2 =    0.00000,    0.04125       
# span 3 =     0.0000,     2.4750       
# span 4 =      0.000,    148.500       
# span 5 =   999.9842,  1025.7952       
# span 6 =     23.750,  52168.807       
# span 7 =     0.0113,    32.0281       
# span 8 =      0.104,     69.673       
# span 9 =    7.55626,    9.23533       
# span 10 =     2.9721,     3.7353      
# span 11 =     2.9726,     3.7366      
# span 12 =    -0.0164,    25.5115      
# span 13 =   13.48566,   16.75724      
# span 14 = 3.8231e-02, 8.1539e+02      
# span 15 =      0.105,     70.342      
# span 16 = 0.0000e+00, 0.0000e+00      
# interval = seconds: 0.25
# start_time = Apr 20 2013 10:02:31 [Instrument's time stamp, header]
# bad_flag = -9.990e-29
*END*
          1 110.418414    0.00000     0.0000      0.000   999.9842     23.750     0.0113      0.113    9.23533     3.7353     3.7366    -0.0164   16.75724 2.2732e+02      0.114 0.0000e+00
          2 110.418417    0.00007     0.0042      0.250   999.9875     31.787     0.0155      0.113    9.23523     3.7345     3.7360    -0.0131   16.75700 2.9389e+02      0.114 0.0000e+00
          3 110.418420    0.00014     0.0083      0.500   999.9931     45.208     0.0224      0.114    9.23498     3.7338     3.7353    -0.0075   16.75647 3.9925e+02      0.115 0.0000e+00
          4 110.418423    0.00021     0.0125      0.750  1000.0024     67.612     0.0340      0.114    9.23445     3.7332     3.7345     0.0018   16.75539 5.6428e+02      0.115 0.0000e+00
          5 110.418426    0.00028     0.0167      1.000  1000.0179    104.985     0.0533      0.114    9.23343     3.7326     3.7338     0.0173   16.75336 7.3310e+02      0.115 0.0000e+00
          6 110.418429    0.00035     0.0208      1.250  1000.0437    167.284     0.0855      0.113    9.23160     3.7320     3.7332     0.0431   16.74976 7.8229e+02      0.115 0.0000e+00
          7 110.418432    0.00042     0.0250      1.500  1000.0868    271.087     0.1391      0.113    9.22844     3.7314     3.7326     0.0862   16.74356 7.2686e+02      0.114 0.0000e+00
          8 110.418435    0.00049     0.0292      1.750  1000.1585    444.038     0.2285      0.112    9.22306     3.7308     3.7320     0.1579   16.73306 6.9098e+02      0.113 0.0000e+00
          9 110.418438    0.00056     0.0333      2.000  1000.2780    732.194     0.3774      0.111    9.21402     3.7299     3.7314     0.2774   16.71542 7.4037e+02      0.112 0.0000e+00
         10 110.418440    0.00063     0.0375      2.250  1000.4771   1212.292     0.6255      0.110    9.19888     3.7287     3.7308     0.4765   16.68591 8.1539e+02      0.111 0.0000e+00
         11 110.418443    0.00069     0.0417      2.500  1000.8089   2012.257     1.0389      0.109    9.17359     3.7269     3.7299     0.8083   16.63664 7.8497e+02      0.110 0.0000e+00
         12 110.418446    0.00076     0.0458      2.750  1001.2813   3145.038     1.6277      0.108    9.13761     3.7242     3.7287     1.2807   16.56652 6.6457e+02      0.109 0.0000e+00
         13 110.418449    0.00083     0.0500      3.000  1001.7717   4310.150     2.2395      0.108    9.10041     3.7203     3.7269     1.7712   16.49400 5.8220e+02      0.109 0.0000e+00
         14 110.418452    0.00090     0.0542      3.250  1002.1140   5120.091     2.6665      0.107    9.07480     3.7152     3.7242     2.1135   16.44398 5.6514e+02      0.108 0.0000e+00
         15 110.418455    0.00097     0.0583      3.500  1002.2624   5477.412     2.8513      0.106    9.06432     3.7095     3.7203     2.2619   16.42334 5.9130e+02      0.107 0.0000e+00
         16 110.418458    0.00104     0.0625      3.750  1002.3152   5610.082     2.9169      0.106    9.06146     3.7039     3.7152     2.3147   16.41743 6.4008e+02      0.107 0.0000e+00
         17 110.418461    0.00111     0.0667      4.000  1002.3561   5710.404     2.9677      0.105    9.05968     3.6991     3.7095     2.3556   16.41359 6.5174e+02      0.106 0.0000e+00
         18 110.418464    0.00118     0.0708      4.250  1002.3581   5719.319     2.9701      0.105    9.06084     3.6951     3.7039     2.3576   16.41548 6.1608e+02      0.106 0.0000e+00
         19 110.418466    0.00125     0.0750      4.500  1002.2871   5560.140     2.8811      0.105    9.06741     3.6920     3.6991     2.2866   16.42796 5.6521e+02      0.106 0.0000e+00
         20 110.418469    0.00132     0.0792      4.750  1002.1770   5310.705     2.7433      0.105    9.07677     3.6895     3.6951     2.1765   16.44589 5.1258e+02      0.106 0.0000e+00
         21 110.418472    0.00139     0.0833      5.000  1002.0734   5074.816     2.6137      0.104    9.08545     3.6874     3.6920     2.0729   16.46256 4.9047e+02      0.105 0.0000e+00
         22 110.418475    0.00146     0.0875      5.250  1001.9804   4861.930     2.4974      0.104    9.09317     3.6856     3.6895     1.9798   16.47743 5.2766e+02      0.105 0.0000e+00
         23 110.418478    0.00153     0.0917      5.500  1001.8849   4642.284     2.3780      0.105    9.10099     3.6841     3.6874     1.8844   16.49251 6.0520e+02      0.106 0.0000e+00
         24 110.418481    0.00160     0.0958      5.750  1001.7851   4411.631     2.2533      0.105    9.10908     3.6827     3.6856     1.7846   16.50812 6.7203e+02      0.106 0.0000e+00
         25 110.418484    0.00167     0.1000      6.000  1001.6887   4187.953     2.1329      0.105    9.11686     3.6814     3.6841     1.6882   16.52316 6.8645e+02      0.106 0.0000e+00
         26 110.418487    0.00174     0.1042      6.250  1001.5987   3978.049     2.0206      0.105    9.12412     3.6802     3.6827     1.5982   16.53719 6.3220e+02      0.106 0.0000e+00
         27 110.418490    0.00181     0.1083      6.500  1001.5117   3773.759     1.9121      0.105    9.13114     3.6789     3.6814     1.5112   16.55077 5.2104e+02      0.106 0.0000e+00
         28 110.418492    0.00187     0.1125      6.750  1001.4293   3578.425     1.8093      0.105    9.13782     3.6777     3.6802     1.4288   16.56370 4.0266e+02      0.106 0.0000e+00
         29 110.418495    0.00194     0.1167      7.000  1001.3589   3408.800     1.7215      0.106    9.14361     3.6763     3.6789     1.3584   16.57491 3.1567e+02      0.107 0.0000e+00
         30 110.418498    0.00201     0.1208      7.250  1001.3091   3284.131     1.6595      0.106    9.14788     3.6746     3.6777     1.3085   16.58317 2.5508e+02      0.107 0.0000e+00
         31 110.418501    0.00208     0.1250      7.500  1001.2872   3220.145     1.6327      0.107    9.15011     3.6726     3.6763     1.2867   16.58746 2.1343e+02      0.108 0.0000e+00
         32 110.418504    0.00215     0.1292      7.750  1001.3024   3234.943     1.6522      0.108    9.14969     3.6699     3.6746     1.3019   16.58662 1.8817e+02      0.109 0.0000e+00
         33 110.418507    0.00222     0.1333      8.000  1001.3725   3365.162     1.7405      0.110    9.14538     3.6659     3.6726     1.3719   16.57825 1.7269e+02      0.111 0.0000e+00
         34 110.418510    0.00229     0.1375      8.250  1001.5247   3665.934     1.9319      0.112    9.13533     3.6600     3.6699     1.5241   16.55874 1.6258e+02      0.113 0.0000e+00
         35 110.418513    0.00236     0.1417      8.500  1001.7987   4215.576     2.2763      0.115    9.11685     3.6505     3.6659     1.7981   16.52292 1.5535e+02      0.116 0.0000e+00
         36 110.418516    0.00243     0.1458      8.750  1002.2684   5162.337     2.8666      0.122    9.08493     3.6352     3.6600     2.2677   16.46104 1.4984e+02      0.123 0.0000e+00
         37 110.418519    0.00250     0.1500      9.000  1003.0647   6772.332     3.8672      0.132    9.03056     3.6100     3.6505     3.0640   16.35567 1.4549e+02      0.134 0.0000e+00
         38 110.418521    0.00257     0.1542      9.250  1004.4081   9494.095     5.5550      0.150    8.93858     3.5685     3.6352     4.4073   16.17747 1.4202e+02      0.152 0.0000e+00
         39 110.418524    0.00264     0.1583      9.500  1006.6665  14076.991     8.3923      0.180    8.78369     3.5023     3.6100     6.6657   15.87736 1.3920e+02      0.182 0.0000e+00
         40 110.418527    0.00271     0.1625      9.750  1010.4237  21698.902    13.1125      0.229    8.52597     3.4118     3.5685    10.4226   15.37806 1.3658e+02      0.231 0.0000e+00
         41 110.418530    0.00278     0.1667     10.000  1015.1797  31326.114    19.0860      0.301    8.20307     3.3141     3.5023    15.1782   14.75190 1.3320e+02      0.304 0.0000e+00
         42 110.418533    0.00285     0.1708     10.250  1019.1380  39315.122    24.0536      0.391    7.94219     3.2277     3.4118    19.1361   14.24428 1.2776e+02      0.395 0.0000e+00
         43 110.418536    0.00292     0.1750     10.500  1021.6238  44323.368    27.1685      0.485    7.78688     3.1605     3.3141    21.6215   13.93993 1.1847e+02      0.490 0.0000e+00
         44 110.418539    0.00299     0.1792     10.750  1023.1400  47379.802    29.0651      0.579    7.69745     3.1122     3.2278    23.1372   13.76315 1.0551e+02      0.585 0.0000e+00
         45 110.418542    0.00306     0.1833     11.000  1024.0645  49244.455    30.2198      0.675    7.64580     3.0794     3.1606    24.0613   13.66019 9.3618e+01      0.681 0.0000e+00
         46 110.418545    0.00313     0.1875     11.250  1024.6287  50382.250    30.9234      0.772    7.61576     3.0585     3.1122    24.6251   13.59983 8.5706e+01      0.779 0.0000e+00
         47 110.418547    0.00319     0.1917     11.500  1024.9745  51079.084    31.3542      0.865    7.59802     3.0466     3.0794    24.9704   13.56396 8.0312e+01      0.873 0.0000e+00
         48 110.418550    0.00326     0.1958     11.750  1025.1879  51508.062    31.6196      0.943    7.58723     3.0413     3.0585    25.1834   13.54212 7.7189e+01      0.952 0.0000e+00
         49 110.418553    0.00333     0.2000     12.000  1025.3186  51770.319    31.7824      0.997    7.58046     3.0397     3.0466    25.3139   13.52847 7.6379e+01      1.006 0.0000e+00
         50 110.418556    0.00340     0.2042     12.250  1025.3972  51927.422    31.8803      1.030    7.57605     3.0396     3.0413    25.3922   13.51971 7.6840e+01      1.039 0.0000e+00
         51 110.418559    0.00347     0.2083     12.500  1025.4434  52019.691    31.9382      1.048    7.57314     3.0395     3.0397    25.4384   13.51402 7.7689e+01      1.057 0.0000e+00
         52 110.418562    0.00354     0.2125     12.750  1025.4696  52072.068    31.9711      1.054    7.57133     3.0385     3.0396    25.4646   13.51053 7.7692e+01      1.064 0.0000e+00
         53 110.418565    0.00361     0.2167     13.000  1025.4827  52098.751    31.9876      1.054    7.57042     3.0363     3.0395    25.4778   13.50877 7.6221e+01      1.063 0.0000e+00
         54 110.418568    0.00368     0.2208     13.250  1025.4870  52108.363    31.9930      1.050    7.57029     3.0332     3.0385    25.4821   13.50844 7.4850e+01      1.059 0.0000e+00
         55 110.418571    0.00375     0.2250     13.500  1025.4863  52108.423    31.9919      1.047    7.57072     3.0297     3.0363    25.4814   13.50916 7.4409e+01      1.057 0.0000e+00
         56 110.418573    0.00382     0.2292     13.750  1025.4844  52106.039    31.9891      1.048    7.57143     3.0263     3.0332    25.4794   13.51036 7.3259e+01      1.058 0.0000e+00
         57 110.418576    0.00389     0.2333     14.000  1025.4835  52105.408    31.9876      1.054    7.57214     3.0231     3.0298    25.4785   13.51155 7.1925e+01      1.064 0.0000e+00
         58 110.418579    0.00396     0.2375     14.250  1025.4842  52107.560    31.9880      1.063    7.57275     3.0203     3.0264    25.4791   13.51255 7.1955e+01      1.073 0.0000e+00
         59 110.418582    0.00403     0.2417     14.500  1025.4865  52112.662    31.9905      1.075    7.57322     3.0180     3.0232    25.4814   13.51329 7.1900e+01      1.085 0.0000e+00
         60 110.418585    0.00410     0.2458     14.750  1025.4905  52120.795    31.9952      1.088    7.57351     3.0165     3.0204    25.4854   13.51370 7.1429e+01      1.098 0.0000e+00
         61 110.418588    0.00417     0.2500     15.000  1025.4962  52131.747    32.0020      1.100    7.57359     3.0156     3.0181    25.4910   13.51374 7.1771e+01      1.110 0.0000e+00
         62 110.418591    0.00424     0.2542     15.250  1025.5026  52143.980    32.0099      1.109    7.57347     3.0150     3.0166    25.4974   13.51344 7.2261e+01      1.120 0.0000e+00
         63 110.418594    0.00431     0.2583     15.500  1025.5074  52152.944    32.0157      1.115    7.57334     3.0143     3.0157    25.5021   13.51314 7.2564e+01      1.126 0.0000e+00
         64 110.418597    0.00438     0.2625     15.750  1025.5082  52154.542    32.0166      1.117    7.57340     3.0135     3.0151    25.5029   13.51324 7.2998e+01      1.127 0.0000e+00
         65 110.418600    0.00444     0.2667     16.000  1025.5056  52150.066    32.0134      1.115    7.57369     3.0126     3.0144    25.5004   13.51376 7.3423e+01      1.126 0.0000e+00
         66 110.418602    0.00451     0.2708     16.250  1025.5021  52143.805    32.0089      1.111    7.57408     3.0120     3.0136    25.4969   13.51445 7.3963e+01      1.122 0.0000e+00
         67 110.418605    0.00458     0.2750     16.500  1025.4992  52138.666    32.0052      1.109    7.57443     3.0117     3.0127    25.4940   13.51508 7.3662e+01      1.120 0.0000e+00
         68 110.418608    0.00465     0.2792     16.750  1025.4976  52135.863    32.0032      1.109    7.57466     3.0119     3.0121    25.4924   13.51549 7.2078e+01      1.120 0.0000e+00
         69 110.418611    0.00472     0.2833     17.000  1025.4978  52136.125    32.0033      1.115    7.57471     3.0123     3.0118    25.4925   13.51556 7.1514e+01      1.125 0.0000e+00
         70 110.418614    0.00479     0.2875     17.250  1025.5001  52140.393    32.0062      1.124    7.57454     3.0129     3.0119    25.4948   13.51524 7.3051e+01      1.135 0.0000e+00
         71 110.418617    0.00486     0.2917     17.500  1025.5049  52149.068    32.0122      1.135    7.57415     3.0138     3.0123    25.4996   13.51453 7.4529e+01      1.146 0.0000e+00
         72 110.418620    0.00493     0.2958     17.750  1025.5101  52158.434    32.0187      1.143    7.57369     3.0148     3.0130    25.5047   13.51367 7.4311e+01      1.154 0.0000e+00
         73 110.418623    0.00500     0.3000     18.000  1025.5120  52161.640    32.0211      1.145    7.57340     3.0158     3.0139    25.5066   13.51317 7.3216e+01      1.156 0.0000e+00
         74 110.418626    0.00507     0.3042     18.250  1025.5088  52155.580    32.0172      1.141    7.57341     3.0166     3.0148    25.5034   13.51325 7.2495e+01      1.152 0.0000e+00
         75 110.418628    0.00514     0.3083     18.500  1025.5023  52143.397    32.0093      1.136    7.57363     3.0170     3.0159    25.4970   13.51370 7.2168e+01      1.147 0.0000e+00
         76 110.418631    0.00521     0.3125     18.750  1025.4960  52131.528    32.0014      1.133    7.57388     3.0169     3.0167    25.4906   13.51421 7.1933e+01      1.144 0.0000e+00
         77 110.418634    0.00528     0.3167     19.000  1025.4921  52124.184    31.9965      1.132    7.57407     3.0165     3.0171    25.4867   13.51460 7.1746e+01      1.143 0.0000e+00
         78 110.418637    0.00535     0.3208     19.250  1025.4904  52121.065    31.9944      1.132    7.57420     3.0160     3.0169    25.4850   13.51485 7.1533e+01      1.142 0.0000e+00
         79 110.418640    0.00542     0.3250     19.500  1025.4897  52119.945    31.9936      1.130    7.57431     3.0152     3.0166    25.4843   13.51503 7.1322e+01      1.141 0.0000e+00
         80 110.418643    0.00549     0.3292     19.750  1025.4891  52118.871    31.9927      1.127    7.57445     3.0142     3.0160    25.4837   13.51528 7.1137e+01      1.138 0.0000e+00
         81 110.418646    0.00556     0.3333     20.000  1025.4882  52117.528    31.9916      1.123    7.57466     3.0133     3.0152    25.4829   13.51564 7.0828e+01      1.134 0.0000e+00
         82 110.418649    0.00562     0.3375     20.250  1025.4879  52117.098    31.9910      1.122    7.57487     3.0127     3.0142    25.4825   13.51600 7.0383e+01      1.133 0.0000e+00
         83 110.418652    0.00569     0.3417     20.500  1025.4884  52118.241    31.9915      1.124    7.57502     3.0125     3.0133    25.4830   13.51623 7.0013e+01      1.134 0.0000e+00
         84 110.418655    0.00576     0.3458     20.750  1025.4895  52120.486    31.9929      1.128    7.57506     3.0124     3.0128    25.4841   13.51628 6.9569e+01      1.138 0.0000e+00
         85 110.418657    0.00583     0.3500     21.000  1025.4909  52123.081    31.9946      1.136    7.57501     3.0122     3.0126    25.4855   13.51618 6.9153e+01      1.146 0.0000e+00
