CTD-processing/allCTD/CNV--homogene/2013_07-21_t6_s12_cast066.cnv
* Sea-Bird SBE19plus Data File:
* FileName = C:\Users\kris.holderied\Documents\kasitsna\Research-Projects-and-Data\Oceanography-AK\CTD-CookInlet-GulfWatchAK\2013-07-EVOSTC-CookInlet-Ocean\2013-07-21-22-CookInlet-Tran6-Douglas\2013-07-21-22-CookInlet-Tran6-Douglas-cast066.hex
* Software Version 1.59
* Temperature SN =  5028
* Conductivity SN =  5028
* System UpLoad Time = Apr 09 2014 21:09:45
** Cook Inlet LTM Transect 6 (Douglas) west to east
** Date: 2013-07-21/22
** Station: 6-12
** Start time: 23:44
** Depth (m): 143
** CoComment:
** Comment:
# nquan = 17
# nvalues = 1133                        
# units = specified
# name 0 = scan: Scan Count
# name 1 = timeJ: Julian Days
# name 2 = timeH: Time, Elapsed [hours]
# name 3 = timeM: Time, Elapsed [minutes]
# name 4 = timeS: Time, Elapsed [seconds]
# name 5 = density00: Density [density, kg/m^3]
# name 6 = specc: Specific Conductance [uS/cm]
# name 7 = sal00: Salinity, Practical [PSU]
# name 8 = depSM: Depth [salt water, m], lat = 59.00
# name 9 = oxsolML/L: Oxygen Saturation, Garcia & Gordon [ml/l]
# name 10 = potemp090C: Potential Temperature [ITS-90, deg C]
# name 11 = tv290C: Temperature [ITS-90, deg C]
# name 12 = sigma-é00: Density [sigma-theta, kg/m^3]
# name 13 = n2satML/L: Nitrogen Saturation [ml/l]
# name 14 = par: PAR/Irradiance, Biospherical/Licor
# name 15 = prdM: Pressure, Strain Gauge [db]
# name 16 = flag:  0.000e+00
# span 0 =          1,       1133       
# span 1 = 202.990012, 202.993287       
# span 2 =    0.00000,    0.07861       
# span 3 =     0.0000,     4.7167       
# span 4 =      0.000,    283.000       
# span 5 =   999.8405,  1025.9812       
# span 6 =    475.670,  51560.436       
# span 7 =     0.2270,    32.1901       
# span 8 =     -0.033,    133.197       
# span 9 =    6.46354,    7.80709       
# span 10 =     5.7519,    10.5388      
# span 11 =     5.7624,    10.5388      
# span 12 =    -0.1595,    25.3625      
# span 13 =   11.68515,   14.34939      
# span 14 = 4.4442e-02, 1.0074e+00      
# span 15 =     -0.034,    134.498      
# span 16 = 0.0000e+00, 0.0000e+00      
# interval = seconds: 0.25
# start_time = Jul 21 2013 23:45:37 [Instrument's time stamp, header]
# bad_flag = -9.990e-29
*END*
[from data line 171]
        172 202.990506    0.01188     0.7125     42.750  1024.2920  49594.964    31.5493      1.104    6.48058     9.8250     9.8264    24.2869   11.71337 5.5123e-01      1.114 0.0000e+00
        173 202.990509    0.01194     0.7167     43.000  1024.2881  49587.960    31.5443      1.083    6.48088     9.8245     9.8258    24.2831   11.71393 5.7144e-01      1.093 0.0000e+00
        174 202.990512    0.01201     0.7208     43.250  1024.2851  49582.617    31.5404      1.063    6.48114     9.8242     9.8252    24.2802   11.71439 5.7812e-01      1.073 0.0000e+00
        175 202.990515    0.01208     0.7250     43.500  1024.2847  49581.951    31.5399      1.049    6.48124     9.8243     9.8246    24.2799   11.71457 5.5874e-01      1.059 0.0000e+00
        176 202.990518    0.01215     0.7292     43.750  1024.2877  49587.291    31.5436      1.042    6.48113     9.8249     9.8243    24.2829   11.71434 5.4211e-01      1.052 0.0000e+00
        177 202.990521    0.01222     0.7333     44.000  1024.2933  49597.547    31.5508      1.042    6.48081     9.8261     9.8244    24.2885   11.71373 5.3615e-01      1.052 0.0000e+00
        178 202.990524    0.01229     0.7375     44.250  1024.2994  49608.667    31.5587      1.046    6.48039     9.8281     9.8250    24.2946   11.71294 5.2646e-01      1.056 0.0000e+00
        179 202.990527    0.01236     0.7417     44.500  1024.3032  49615.725    31.5639      1.054    6.48000     9.8305     9.8263    24.2984   11.71223 5.1686e-01      1.064 0.0000e+00
        180 202.990530    0.01243     0.7458     44.750  1024.3030  49615.495    31.5640      1.063    6.47972     9.8327     9.8282    24.2982   11.71177 5.0803e-01      1.073 0.0000e+00
        181 202.990532    0.01250     0.7500     45.000  1024.2987  49607.774    31.5589      1.074    6.47960     9.8340     9.8306    24.2938   11.71162 5.0775e-01      1.084 0.0000e+00
        182 202.990535    0.01257     0.7542     45.250  1024.2921  49596.047    31.5509      1.087    6.47961     9.8342     9.8328    24.2872   11.71174 5.1814e-01      1.097 0.0000e+00
        183 202.990538    0.01264     0.7583     45.500  1024.2865  49585.758    31.5438      1.104    6.47972     9.8336     9.8341    24.2815   11.71200 5.3228e-01      1.114 0.0000e+00
        184 202.990541    0.01271     0.7625     45.750  1024.2840  49581.166    31.5405      1.122    6.47982     9.8329     9.8343    24.2789   11.71221 5.5054e-01      1.132 0.0000e+00
        185 202.990544    0.01278     0.7667     46.000  1024.2857  49584.101    31.5425      1.140    6.47982     9.8328     9.8338    24.2805   11.71219 5.7009e-01      1.150 0.0000e+00
        186 202.990547    0.01285     0.7708     46.250  1024.2911  49593.572    31.5491      1.153    6.47965     9.8336     9.8331    24.2858   11.71183 5.9176e-01      1.163 0.0000e+00
        187 202.990550    0.01292     0.7750     46.500  1024.2974  49604.975    31.5571      1.159    6.47934     9.8358     9.8329    24.2921   11.71122 6.0695e-01      1.169 0.0000e+00
        188 202.990553    0.01299     0.7792     46.750  1024.3013  49612.236    31.5624      1.156    6.47900     9.8391     9.8338    24.2960   11.71059 5.9904e-01      1.166 0.0000e+00
        189 202.990556    0.01306     0.7833     47.000  1024.3006  49611.299    31.5620      1.144    6.47870     9.8422     9.8360    24.2953   11.71011 5.8156e-01      1.155 0.0000e+00
        190 202.990558    0.01313     0.7875     47.250  1024.2950  49601.511    31.5555      1.126    6.47851     9.8437     9.8392    24.2897   11.70986 5.8051e-01      1.137 0.0000e+00
        191 202.990561    0.01319     0.7917     47.500  1024.2862  49586.159    31.5451      1.106    6.47850     9.8432     9.8423    24.2811   11.70997 5.7722e-01      1.117 0.0000e+00
        192 202.990564    0.01326     0.7958     47.750  1024.2777  49570.885    31.5345      1.089    6.47872     9.8408     9.8439    24.2726   11.71046 5.4046e-01      1.099 0.0000e+00
        193 202.990567    0.01333     0.8000     48.000  1024.2717  49560.038    31.5268      1.080    6.47912     9.8375     9.8433    24.2667   11.71122 4.9514e-01      1.090 0.0000e+00
        194 202.990570    0.01340     0.8042     48.250  1024.2690  49555.027    31.5229      1.079    6.47962     9.8341     9.8410    24.2641   11.71208 4.7787e-01      1.089 0.0000e+00
        195 202.990573    0.01347     0.8083     48.500  1024.2695  49555.486    31.5228      1.087    6.48009     9.8312     9.8377    24.2645   11.71287 4.8166e-01      1.097 0.0000e+00
        196 202.990576    0.01354     0.8125     48.750  1024.2726  49560.620    31.5260      1.102    6.48044     9.8290     9.8343    24.2676   11.71342 4.8898e-01      1.112 0.0000e+00
        197 202.990579    0.01361     0.8167     49.000  1024.2779  49569.649    31.5320      1.122    6.48061     9.8273     9.8313    24.2727   11.71362 4.9712e-01      1.133 0.0000e+00
        198 202.990582    0.01368     0.8208     49.250  1024.2847  49581.539    31.5401      1.147    6.48059     9.8261     9.8291    24.2794   11.71350 5.0539e-01      1.158 0.0000e+00
        199 202.990584    0.01375     0.8250     49.500  1024.2919  49594.311    31.5489      1.173    6.48046     9.8252     9.8274    24.2865   11.71317 5.1095e-01      1.184 0.0000e+00
        200 202.990587    0.01382     0.8292     49.750  1024.2982  49605.561    31.5567      1.197    6.48031     9.8244     9.8262    24.2928   11.71283 5.1363e-01      1.208 0.0000e+00
        201 202.990590    0.01389     0.8333     50.000  1024.3030  49613.968    31.5625      1.215    6.48020     9.8239     9.8253    24.2975   11.71258 5.1614e-01      1.226 0.0000e+00
        202 202.990593    0.01396     0.8375     50.250  1024.3060  49619.269    31.5661      1.221    6.48015     9.8236     9.8245    24.3004   11.71246 5.2654e-01      1.232 0.0000e+00
        203 202.990596    0.01403     0.8417     50.500  1024.3071  49621.175    31.5674      1.211    6.48017     9.8235     9.8240    24.3015   11.71247 5.5762e-01      1.223 0.0000e+00
        204 202.990599    0.01410     0.8458     50.750  1024.3058  49619.139    31.5659      1.186    6.48027     9.8234     9.8237    24.3004   11.71266 5.9937e-01      1.197 0.0000e+00
        205 202.990602    0.01417     0.8500     51.000  1024.3022  49612.915    31.5615      1.144    6.48048     9.8231     9.8236    24.2970   11.71305 6.0941e-01      1.155 0.0000e+00
        206 202.990605    0.01424     0.8542     51.250  1024.2965  49603.004    31.5545      1.091    6.48079     9.8228     9.8235    24.2916   11.71365 5.7567e-01      1.101 0.0000e+00
        207 202.990608    0.01431     0.8583     51.500  1024.2896  49590.875    31.5460      1.034    6.48118     9.8223     9.8232    24.2849   11.71439 5.4283e-01      1.044 0.0000e+00
        208 202.990611    0.01438     0.8625     51.750  1024.2827  49578.609    31.5373      0.983    6.48159     9.8218     9.8229    24.2782   11.71518 5.3938e-01      0.993 0.0000e+00
        209 202.990613    0.01444     0.8667     52.000  1024.2767  49567.967    31.5297      0.950    6.48197     9.8213     9.8224    24.2724   11.71591 5.5610e-01      0.959 0.0000e+00
        210 202.990616    0.01451     0.8708     52.250  1024.2723  49559.957    31.5240      0.941    6.48229     9.8211     9.8218    24.2680   11.71649 5.7756e-01      0.950 0.0000e+00
        211 202.990619    0.01458     0.8750     52.500  1024.2695  49554.699    31.5202      0.957    6.48251     9.8209     9.8214    24.2652   11.71690 5.9213e-01      0.966 0.0000e+00
        212 202.990622    0.01465     0.8792     52.750  1024.2681  49551.725    31.5181      0.992    6.48263     9.8208     9.8212    24.2635   11.71714 5.9846e-01      1.002 0.0000e+00
        213 202.990625    0.01472     0.8833     53.000  1024.2676  49550.440    31.5171      1.039    6.48269     9.8208     9.8210    24.2628   11.71725 5.8301e-01      1.050 0.0000e+00
        214 202.990628    0.01479     0.8875     53.250  1024.2677  49550.259    31.5170      1.090    6.48271     9.8208     9.8209    24.2627   11.71728 5.4378e-01      1.101 0.0000e+00
        215 202.990631    0.01486     0.8917     53.500  1024.2682  49550.779    31.5173      1.139    6.48270     9.8208     9.8209    24.2630   11.71726 5.1789e-01      1.150 0.0000e+00
        216 202.990634    0.01493     0.8958     53.750  1024.2689  49551.760    31.5180      1.182    6.48267     9.8208     9.8209    24.2635   11.71721 5.1900e-01      1.193 0.0000e+00
        217 202.990637    0.01500     0.9000     54.000  1024.2697  49552.972    31.5189      1.216    6.48263     9.8208     9.8209    24.2642   11.71713 5.2983e-01      1.228 0.0000e+00
        218 202.990639    0.01507     0.9042     54.250  1024.2705  49554.295    31.5198      1.240    6.48259     9.8208     9.8209    24.2649   11.71705 5.4873e-01      1.252 0.0000e+00
        219 202.990642    0.01514     0.9083     54.500  1024.2714  49555.723    31.5208      1.254    6.48255     9.8207     9.8209    24.2656   11.71698 5.8737e-01      1.265 0.0000e+00
        220 202.990645    0.01521     0.9125     54.750  1024.2723  49557.306    31.5219      1.256    6.48251     9.8207     9.8209    24.2665   11.71690 6.1953e-01      1.267 0.0000e+00
        221 202.990648    0.01528     0.9167     55.000  1024.2733  49559.242    31.5233      1.247    6.48246     9.8207     9.8208    24.2676   11.71679 6.1227e-01      1.259 0.0000e+00
        222 202.990651    0.01535     0.9208     55.250  1024.2747  49561.836    31.5251      1.229    6.48239     9.8209     9.8208    24.2690   11.71665 5.9335e-01      1.241 0.0000e+00
        223 202.990654    0.01542     0.9250     55.500  1024.2765  49565.325    31.5276      1.203    6.48228     9.8211     9.8209    24.2710   11.71643 5.8049e-01      1.214 0.0000e+00
        224 202.990657    0.01549     0.9292     55.750  1024.2787  49569.665    31.5307      1.169    6.48213     9.8213     9.8210    24.2734   11.71615 5.6848e-01      1.180 0.0000e+00
        225 202.990660    0.01556     0.9333     56.000  1024.2810  49574.164    31.5339      1.130    6.48197     9.8215     9.8212    24.2758   11.71585 5.6138e-01      1.141 0.0000e+00
        226 202.990663    0.01563     0.9375     56.250  1024.2825  49577.185    31.5360      1.091    6.48185     9.8217     9.8215    24.2775   11.71562 5.6034e-01      1.102 0.0000e+00
        227 202.990666    0.01569     0.9417     56.500  1024.2820  49576.642    31.5357      1.055    6.48183     9.8217     9.8217    24.2772   11.71560 5.7410e-01      1.065 0.0000e+00
        228 202.990668    0.01576     0.9458     56.750  1024.2792  49571.729    31.5322      1.026    6.48195     9.8216     9.8218    24.2745   11.71585 6.0933e-01      1.035 0.0000e+00
        229 202.990671    0.01583     0.9500     57.000  1024.2750  49564.361    31.5270      1.004    6.48217     9.8215     9.8218    24.2704   11.71627 6.4411e-01      1.014 0.0000e+00
        230 202.990674    0.01590     0.9542     57.250  1024.2712  49557.560    31.5222      0.992    6.48239     9.8213     9.8217    24.2667   11.71668 6.4896e-01      1.001 0.0000e+00
        231 202.990677    0.01597     0.9583     57.500  1024.2686  49552.755    31.5188      0.988    6.48255     9.8210     9.8216    24.2641   11.71699 6.3246e-01      0.997 0.0000e+00
        232 202.990680    0.01604     0.9625     57.750  1024.2669  49549.696    31.5166      0.992    6.48266     9.8207     9.8214    24.2624   11.71721 6.1331e-01      1.001 0.0000e+00
        233 202.990683    0.01611     0.9667     58.000  1024.2659  49547.673    31.5152      1.005    6.48276     9.8204     9.8211    24.2613   11.71738 5.9705e-01      1.014 0.0000e+00
        234 202.990686    0.01618     0.9708     58.250  1024.2652  49546.141    31.5141      1.029    6.48284     9.8202     9.8208    24.2604   11.71753 5.7631e-01      1.039 0.0000e+00
        235 202.990689    0.01625     0.9750     58.500  1024.2647  49545.059    31.5133      1.066    6.48292     9.8200     9.8205    24.2598   11.71767 5.5568e-01      1.076 0.0000e+00
        236 202.990692    0.01632     0.9792     58.750  1024.2649  49544.970    31.5131      1.117    6.48296     9.8200     9.8203    24.2598   11.71774 5.6577e-01      1.127 0.0000e+00
        237 202.990694    0.01639     0.9833     59.000  1024.2661  49546.622    31.5143      1.176    6.48294     9.8203     9.8201    24.2607   11.71768 5.8418e-01      1.187 0.0000e+00
        238 202.990697    0.01646     0.9875     59.250  1024.2686  49550.729    31.5171      1.237    6.48281     9.8212     9.8202    24.2629   11.71745 5.6620e-01      1.249 0.0000e+00
        239 202.990700    0.01653     0.9917     59.500  1024.2729  49558.244    31.5225      1.289    6.48255     9.8229     9.8205    24.2670   11.71695 5.3526e-01      1.301 0.0000e+00
        240 202.990703    0.01660     0.9958     59.750  1024.2793  49569.628    31.5306      1.324    6.48209     9.8262     9.8213    24.2732   11.71609 5.2840e-01      1.337 0.0000e+00
        241 202.990706    0.01667     1.0000     60.000  1024.2862  49582.212    31.5397      1.338    6.48146     9.8316     9.8231    24.2800   11.71493 5.4153e-01      1.351 0.0000e+00
        242 202.990709    0.01674     1.0042     60.250  1024.2903  49590.093    31.5457      1.329    6.48074     9.8385     9.8264    24.2842   11.71367 5.5328e-01      1.341 0.0000e+00
        243 202.990712    0.01681     1.0083     60.500  1024.2893  49589.014    31.5456      1.298    6.47998     9.8455     9.8318    24.2833   11.71242 5.4494e-01      1.311 0.0000e+00
        244 202.990715    0.01688     1.0125     60.750  1024.2834  49579.548    31.5399      1.253    6.47923     9.8509     9.8387    24.2777   11.71125 5.2085e-01      1.265 0.0000e+00
        245 202.990718    0.01694     1.0167     61.000  1024.2751  49565.596    31.5309      1.200    6.47861     9.8540     9.8457    24.2696   11.71033 5.0436e-01      1.211 0.0000e+00
        246 202.990720    0.01701     1.0208     61.250  1024.2671  49552.203    31.5222      1.146    6.47821     9.8547     9.8511    24.2619   11.70976 5.0118e-01      1.156 0.0000e+00
        247 202.990723    0.01708     1.0250     61.500  1024.2620  49543.540    31.5165      1.096    6.47801     9.8537     9.8541    24.2570   11.70950 4.9931e-01      1.106 0.0000e+00
        248 202.990726    0.01715     1.0292     61.750  1024.2604  49541.082    31.5149      1.053    6.47798     9.8519     9.8548    24.2556   11.70947 4.9387e-01      1.062 0.0000e+00
        249 202.990729    0.01722     1.0333     62.000  1024.2617  49543.696    31.5166      1.015    6.47805     9.8501     9.8538    24.2571   11.70957 4.9243e-01      1.025 0.0000e+00
        250 202.990732    0.01729     1.0375     62.250  1024.2644  49548.586    31.5199      0.986    6.47817     9.8483     9.8520    24.2599   11.70973 4.8387e-01      0.995 0.0000e+00
        251 202.990735    0.01736     1.0417     62.500  1024.2665  49552.385    31.5223      0.967    6.47833     9.8467     9.8502    24.2621   11.70997 4.5834e-01      0.976 0.0000e+00
        252 202.990738    0.01743     1.0458     62.750  1024.2666  49552.356    31.5221      0.963    6.47859     9.8445     9.8484    24.2622   11.71039 4.3259e-01      0.972 0.0000e+00
        253 202.990741    0.01750     1.0500     63.000  1024.2640  49547.299    31.5183      0.979    6.47899     9.8412     9.8468    24.2595   11.71109 4.1981e-01      0.988 0.0000e+00
        254 202.990744    0.01757     1.0542     63.250  1024.2597  49538.912    31.5121      1.017    6.47955     9.8365     9.8446    24.2550   11.71210 4.2795e-01      1.027 0.0000e+00
        255 202.990747    0.01764     1.0583     63.500  1024.2561  49531.609    31.5065      1.075    6.48025     9.8314     9.8413    24.2512   11.71334 4.4993e-01      1.085 0.0000e+00
