CTD-processing/allCTD/CNV--homogene/2013_11-08_t3_s01_cast168.cnv
* Sea-Bird SBE19plus Data File:
* FileName = C:\Users\kris.holderied\Documents\kasitsna\Research-Projects-and-Data\Oceanography-AK\CTD-CookInlet-GulfWatchAK\2013-10-11-EVOSTC-CookInlet-Ocean\2013-11-08-CookInlet-Tran3-AnchorPt\2013-11-08-CookInlet-Tran3-cast168.hex
* Software Version 1.59
* Temperature SN =  5028
* Conductivity SN =  5028
* System UpLoad Time = Feb 14 2014 16:55:52
** Cook Inlet Transect 3 (Anchor Pt) east to west
** Date: 2013-11-08
** Station: 3-01
** Start time: 15:35
** Depth (m): 19
** Comment:  CTD instrument time is AK Daylight time - 1 hr off
** Comment:
# nquan = 17
# nvalues = 351                         
# units = specified
# name 0 = scan: Scan Count
# name 1 = timeJ: Julian Days
# name 2 = timeH: Time, Elapsed [hours]
# name 3 = timeM: Time, Elapsed [minutes]
# name 4 = timeS: Time, Elapsed [seconds]
# name 5 = density00: Density [density, kg/m^3]
# name 6 = specc: Specific Conductance [uS/cm]
# name 7 = sal00: Salinity, Practical [PSU]
# name 8 = depSM: Depth [salt water, m], lat = 59.00
# name 9 = oxsolML/L: Oxygen Saturation, Garcia & Gordon [ml/l]
# name 10 = potemp090C: Potential Temperature [ITS-90, deg C]
# name 11 = tv290C: Temperature [ITS-90, deg C]
# name 12 = sigma-é00: Density [sigma-theta, kg/m^3]
# name 13 = n2satML/L: Nitrogen Saturation [ml/l]
# name 14 = par: PAR/Irradiance, Biospherical/Licor
# name 15 = prdM: Pressure, Strain Gauge [db]
# name 16 = flag:  0.000e+00
# span 0 =          1,        351       
# span 1 = 312.691053, 312.692066       
# span 2 =    0.00000,    0.02431       
# span 3 =     0.0000,     1.4583       
# span 4 =      0.000,     87.500       
# span 5 =  1000.3273,  1022.0845       
# span 6 =    969.855,  45233.355       
# span 7 =     0.4678,    28.1598       
# span 8 =      0.017,     20.056       
# span 9 =    7.00371,    8.75970       
# span 10 =     5.6420,     7.3537      
# span 11 =     5.6420,     7.3554      
# span 12 =     0.3272,    21.9922      
# span 13 =   12.62176,   15.95128      
# span 14 = 3.9841e-02, 6.8781e+01      
# span 15 =      0.017,     20.246      
# span 16 = 0.0000e+00, 0.0000e+00      
# interval = seconds: 0.25
# start_time = Nov 08 2013 16:35:07 [Instrument's time stamp, header]
# bad_flag = -9.990e-29
*END*
          1 312.691053    0.00000     0.0000      0.000  1000.3273    969.855     0.4678      0.033    8.75970     5.6549     5.6558     0.3272   15.95128 4.7263e+01      0.034 0.0000e+00
          2 312.691056    0.00007     0.0042      0.250  1000.3963   1139.709     0.5544      0.033    8.75477     5.6543     5.6554     0.3962   15.94161 5.0978e+01      0.033 0.0000e+00
          3 312.691059    0.00014     0.0083      0.500  1000.5080   1414.009     0.6943      0.031    8.74678     5.6538     5.6549     0.5078   15.92592 5.4599e+01      0.031 0.0000e+00
          4 312.691062    0.00021     0.0125      0.750  1000.6449   1749.957     0.8660      0.029    8.73696     5.6532     5.6543     0.6447   15.90664 5.6306e+01      0.029 0.0000e+00
          5 312.691065    0.00028     0.0167      1.000  1000.7664   2046.886     1.0183      0.027    8.72826     5.6526     5.6538     0.7662   15.88958 5.5507e+01      0.028 0.0000e+00
          6 312.691068    0.00035     0.0208      1.250  1000.8689   2295.690     1.1470      0.026    8.72095     5.6520     5.6532     0.8688   15.87522 5.3490e+01      0.026 0.0000e+00
          7 312.691071    0.00042     0.0250      1.500  1000.9558   2505.166     1.2561      0.025    8.71478     5.6514     5.6526     0.9557   15.86310 5.2468e+01      0.025 0.0000e+00
          8 312.691073    0.00049     0.0292      1.750  1001.0268   2675.278     1.3452      0.025    8.70977     5.6507     5.6520     1.0267   15.85325 5.3424e+01      0.025 0.0000e+00
          9 312.691076    0.00056     0.0333      2.000  1001.1086   2869.584     1.4480      0.024    8.70399     5.6500     5.6514     1.1085   15.84189 5.5287e+01      0.024 0.0000e+00
         10 312.691079    0.00063     0.0375      2.250  1001.2155   3122.308     1.5823      0.023    8.69640     5.6492     5.6507     1.2154   15.82698 5.6852e+01      0.024 0.0000e+00
         11 312.691082    0.00069     0.0417      2.500  1001.3321   3396.995     1.7289      0.023    8.68811     5.6483     5.6500     1.3320   15.81072 5.7940e+01      0.023 0.0000e+00
         12 312.691085    0.00076     0.0458      2.750  1001.4281   3622.595     1.8496      0.023    8.68134     5.6472     5.6492     1.4280   15.79740 5.8981e+01      0.023 0.0000e+00
         13 312.691088    0.00083     0.0500      3.000  1001.4793   3742.898     1.9139      0.022    8.67784     5.6460     5.6483     1.4792   15.79049 6.0612e+01      0.022 0.0000e+00
         14 312.691091    0.00090     0.0542      3.250  1001.4930   3775.536     1.9311      0.021    8.67708     5.6447     5.6472     1.4929   15.78895 6.2872e+01      0.021 0.0000e+00
         15 312.691094    0.00097     0.0583      3.500  1001.4953   3781.375     1.9340      0.020    8.67719     5.6434     5.6460     1.4953   15.78908 6.5336e+01      0.020 0.0000e+00
         16 312.691097    0.00104     0.0625      3.750  1001.5012   3795.038     1.9414      0.019    8.67706     5.6425     5.6447     1.5012   15.78875 6.7527e+01      0.019 0.0000e+00
         17 312.691100    0.00111     0.0667      4.000  1001.5112   3817.752     1.9539      0.018    8.67663     5.6420     5.6434     1.5111   15.78783 6.8781e+01      0.018 0.0000e+00
         18 312.691102    0.00118     0.0708      4.250  1001.5289   3858.013     1.9761      0.017    8.67558     5.6421     5.6425     1.5288   15.78572 6.8644e+01      0.017 0.0000e+00
         19 312.691105    0.00125     0.0750      4.500  1001.5634   3936.663     2.0196      0.017    8.67324     5.6430     5.6420     1.5633   15.78110 6.7418e+01      0.017 0.0000e+00
         20 312.691108    0.00132     0.0792      4.750  1001.6143   4052.623     2.0838      0.017    8.66959     5.6452     5.6421     1.6142   15.77397 6.6403e+01      0.017 0.0000e+00
         21 312.691111    0.00139     0.0833      5.000  1001.6666   4170.156     2.1499      0.018    8.66569     5.6495     5.6430     1.6665   15.76641 6.6266e+01      0.018 0.0000e+00
         22 312.691114    0.00146     0.0875      5.250  1001.7106   4265.847     2.2056      0.019    8.66217     5.6571     5.6452     1.7105   15.75966 6.6483e+01      0.020 0.0000e+00
         23 312.691117    0.00153     0.0917      5.500  1001.7430   4330.522     2.2470      0.021    8.65913     5.6702     5.6495     1.7429   15.75399 6.6688e+01      0.022 0.0000e+00
         24 312.691120    0.00160     0.0958      5.750  1001.7630   4359.901     2.2733      0.024    8.65642     5.6923     5.6571     1.7629   15.74917 6.6937e+01      0.025 0.0000e+00
         25 312.691123    0.00167     0.1000      6.000  1001.7980   4412.467     2.3192      0.029    8.65169     5.7296     5.6702     1.7978   15.74077 6.7325e+01      0.030 0.0000e+00
         26 312.691126    0.00174     0.1042      6.250  1001.9012   4604.372     2.4522      0.038    8.64048     5.7920     5.6923     1.9010   15.72026 6.7565e+01      0.038 0.0000e+00
         27 312.691128    0.00181     0.1083      6.500  1002.1392   5077.572     2.7570      0.051    8.61694     5.8895     5.7296     2.1390   15.67662 6.7321e+01      0.051 0.0000e+00
         28 312.691131    0.00187     0.1125      6.750  1002.5962   6006.675     3.3408      0.068    8.57327     6.0148     5.7920     2.5959   15.59520 6.6504e+01      0.068 0.0000e+00
         29 312.691134    0.00194     0.1167      7.000  1003.3891   7627.636     4.3530      0.091    8.49971     6.1450     5.8895     3.3887   15.45757 6.4993e+01      0.091 0.0000e+00
         30 312.691137    0.00201     0.1208      7.250  1004.7254  10361.489     6.0570      0.124    8.38426     6.2703     6.0148     4.7249   15.23992 6.2454e+01      0.125 0.0000e+00
         31 312.691140    0.00208     0.1250      7.500  1006.9909  15002.486     8.9419      0.181    8.20649     6.3997     6.1450     6.9901   14.90107 5.8333e+01      0.183 0.0000e+00
         32 312.691143    0.00215     0.1292      7.750  1010.4748  22095.291    13.3759      0.278    7.95085     6.5339     6.2703    10.4735   14.41029 5.1941e+01      0.281 0.0000e+00
         33 312.691146    0.00222     0.1333      8.000  1014.3826  29976.615    18.3526      0.425    7.66926     6.6558     6.3997    14.3807   13.86933 4.3128e+01      0.429 0.0000e+00
         34 312.691149    0.00229     0.1375      8.250  1017.3330  35897.076    22.1161      0.610    7.45124     6.7499     6.5339    17.3301   13.45219 3.3615e+01      0.616 0.0000e+00
         35 312.691152    0.00236     0.1417      8.500  1019.0764  39398.482    24.3458      0.810    7.31483     6.8123     6.6558    19.0726   13.19300 2.6094e+01      0.818 0.0000e+00
         36 312.691155    0.00243     0.1458      8.750  1020.0968  41450.926    25.6538      0.993    7.23090     6.8472     6.7499    20.0921   13.03442 2.1407e+01      1.002 0.0000e+00
         37 312.691157    0.00250     0.1500      9.000  1020.6933  42652.983    26.4194      1.132    7.18045     6.8638     6.8123    20.6880   12.93937 1.8604e+01      1.143 0.0000e+00
         38 312.691160    0.00257     0.1542      9.250  1021.0438  43360.231    26.8688      1.224    7.15105     6.8715     6.8473    21.0381   12.88392 1.6823e+01      1.236 0.0000e+00
         39 312.691163    0.00264     0.1583      9.500  1021.2512  43779.145    27.1340      1.283    7.13435     6.8766     6.8639    21.2452   12.85226 1.5671e+01      1.295 0.0000e+00
         40 312.691166    0.00271     0.1625      9.750  1021.3724  44024.524    27.2888      1.319    7.12491     6.8815     6.8716    21.3662   12.83427 1.4939e+01      1.331 0.0000e+00
         41 312.691169    0.00278     0.1667     10.000  1021.4400  44162.099    27.3751      1.339    7.11947     6.8868     6.8767    21.4336   12.82394 1.4504e+01      1.352 0.0000e+00
         42 312.691172    0.00285     0.1708     10.250  1021.4762  44236.675    27.4218      1.351    7.11614     6.8925     6.8816    21.4698   12.81769 1.4271e+01      1.364 0.0000e+00
         43 312.691175    0.00292     0.1750     10.500  1021.4970  44279.615    27.4489      1.357    7.11379     6.8985     6.8869    21.4906   12.81338 1.4168e+01      1.370 0.0000e+00
         44 312.691178    0.00299     0.1792     10.750  1021.5106  44307.668    27.4671      1.360    7.11187     6.9045     6.8926    21.5042   12.80993 1.4154e+01      1.373 0.0000e+00
         45 312.691181    0.00306     0.1833     11.000  1021.5190  44324.774    27.4786      1.363    7.11026     6.9102     6.8986    21.5126   12.80709 1.4237e+01      1.376 0.0000e+00
         46 312.691183    0.00313     0.1875     11.250  1021.5223  44331.923    27.4837      1.367    7.10898     6.9154     6.9046    21.5159   12.80488 1.4443e+01      1.380 0.0000e+00
         47 312.691186    0.00319     0.1917     11.500  1021.5226  44333.020    27.4849      1.371    7.10795     6.9202     6.9103    21.5162   12.80315 1.4774e+01      1.384 0.0000e+00
         48 312.691189    0.00326     0.1958     11.750  1021.5223  44332.712    27.4853      1.377    7.10705     6.9245     6.9155    21.5158   12.80165 1.5188e+01      1.390 0.0000e+00
         49 312.691192    0.00333     0.2000     12.000  1021.5230  44334.153    27.4868      1.384    7.10618     6.9286     6.9203    21.5165   12.80018 1.5590e+01      1.398 0.0000e+00
         50 312.691195    0.00340     0.2042     12.250  1021.5251  44338.093    27.4901      1.394    7.10530     6.9327     6.9246    21.5185   12.79868 1.5872e+01      1.407 0.0000e+00
         51 312.691198    0.00347     0.2083     12.500  1021.5280  44343.628    27.4944      1.405    7.10442     6.9367     6.9287    21.5215   12.79716 1.5993e+01      1.418 0.0000e+00
         52 312.691201    0.00354     0.2125     12.750  1021.5308  44348.676    27.4984      1.418    7.10356     6.9406     6.9328    21.5242   12.79568 1.6022e+01      1.431 0.0000e+00
         53 312.691204    0.00361     0.2167     13.000  1021.5324  44351.620    27.5010      1.431    7.10277     6.9441     6.9369    21.5257   12.79433 1.6044e+01      1.444 0.0000e+00
         54 312.691207    0.00368     0.2208     13.250  1021.5326  44352.011    27.5019      1.440    7.10209     6.9473     6.9407    21.5259   12.79319 1.6071e+01      1.453 0.0000e+00
         55 312.691209    0.00375     0.2250     13.500  1021.5312  44349.406    27.5006      1.445    7.10156     6.9501     6.9442    21.5245   12.79234 1.6091e+01      1.458 0.0000e+00
         56 312.691212    0.00382     0.2292     13.750  1021.5280  44343.341    27.4969      1.445    7.10121     6.9527     6.9474    21.5212   12.79180 1.6120e+01      1.458 0.0000e+00
         57 312.691215    0.00389     0.2333     14.000  1021.5229  44334.040    27.4910      1.440    7.10102     6.9549     6.9502    21.5162   12.79156 1.6181e+01      1.453 0.0000e+00
         58 312.691218    0.00396     0.2375     14.250  1021.5176  44324.105    27.4846      1.431    7.10089     6.9570     6.9528    21.5109   12.79144 1.6266e+01      1.445 0.0000e+00
         59 312.691221    0.00403     0.2417     14.500  1021.5134  44316.450    27.4797      1.421    7.10074     6.9588     6.9551    21.5068   12.79125 1.6318e+01      1.434 0.0000e+00
         60 312.691224    0.00410     0.2458     14.750  1021.5098  44309.840    27.4755      1.411    7.10059     6.9599     6.9572    21.5032   12.79106 1.6285e+01      1.424 0.0000e+00
         61 312.691227    0.00417     0.2500     15.000  1021.5045  44299.964    27.4690      1.405    7.10061     6.9601     6.9589    21.4979   12.79117 1.6175e+01      1.418 0.0000e+00
         62 312.691230    0.00424     0.2542     15.250  1021.4956  44283.492    27.4580      1.402    7.10094     6.9593     6.9600    21.4890   12.79186 1.6034e+01      1.415 0.0000e+00
         63 312.691233    0.00431     0.2583     15.500  1021.4831  44260.188    27.4421      1.401    7.10164     6.9576     6.9603    21.4765   12.79323 1.5905e+01      1.414 0.0000e+00
         64 312.691236    0.00438     0.2625     15.750  1021.4700  44235.888    27.4253      1.402    7.10256     6.9558     6.9594    21.4635   12.79497 1.5831e+01      1.415 0.0000e+00
         65 312.691238    0.00444     0.2667     16.000  1021.4631  44222.928    27.4162      1.403    7.10327     6.9548     6.9577    21.4565   12.79626 1.5853e+01      1.416 0.0000e+00
         66 312.691241    0.00451     0.2708     16.250  1021.4674  44230.851    27.4214      1.403    7.10333     6.9549     6.9559    21.4608   12.79629 1.5945e+01      1.416 0.0000e+00
         67 312.691244    0.00458     0.2750     16.500  1021.4810  44256.301    27.4386      1.403    7.10269     6.9560     6.9549    21.4744   12.79501 1.6010e+01      1.416 0.0000e+00
         68 312.691247    0.00465     0.2792     16.750  1021.4971  44286.209    27.4591      1.404    7.10171     6.9571     6.9550    21.4905   12.79312 1.5987e+01      1.417 0.0000e+00
         69 312.691250    0.00472     0.2833     17.000  1021.5091  44308.569    27.4745      1.406    7.10082     6.9576     6.9561    21.5025   12.79144 1.5919e+01      1.419 0.0000e+00
         70 312.691253    0.00479     0.2875     17.250  1021.5133  44316.267    27.4799      1.409    7.10038     6.9574     6.9572    21.5066   12.79065 1.5905e+01      1.422 0.0000e+00
         71 312.691256    0.00486     0.2917     17.500  1021.5079  44306.339    27.4732      1.410    7.10060     6.9565     6.9577    21.5013   12.79111 1.6022e+01      1.423 0.0000e+00
         72 312.691259    0.00493     0.2958     17.750  1021.4947  44281.831    27.4564      1.408    7.10142     6.9557     6.9575    21.4881   12.79269 1.6280e+01      1.421 0.0000e+00
         73 312.691262    0.00500     0.3000     18.000  1021.4821  44258.280    27.4402      1.401    7.10232     6.9556     6.9566    21.4755   12.79439 1.6630e+01      1.415 0.0000e+00
         74 312.691264    0.00507     0.3042     18.250  1021.4822  44258.479    27.4402      1.391    7.10247     6.9565     6.9558    21.4756   12.79462 1.6983e+01      1.405 0.0000e+00
         75 312.691267    0.00514     0.3083     18.500  1021.4979  44287.865    27.4603      1.381    7.10155     6.9582     6.9557    21.4914   12.79284 1.7217e+01      1.394 0.0000e+00
         76 312.691270    0.00521     0.3125     18.750  1021.5201  44329.240    27.4887      1.374    7.10007     6.9601     6.9566    21.5136   12.79003 1.7201e+01      1.387 0.0000e+00
         77 312.691273    0.00528     0.3167     19.000  1021.5386  44363.776    27.5125      1.374    7.09867     6.9617     6.9583    21.5322   12.78741 1.6900e+01      1.387 0.0000e+00
         78 312.691276    0.00535     0.3208     19.250  1021.5484  44381.940    27.5252      1.383    7.09776     6.9625     6.9602    21.5419   12.78574 1.6398e+01      1.396 0.0000e+00
         79 312.691279    0.00542     0.3250     19.500  1021.5479  44380.849    27.5247      1.399    7.09753     6.9621     6.9618    21.5414   12.78536 1.5795e+01      1.413 0.0000e+00
         80 312.691282    0.00549     0.3292     19.750  1021.5367  44359.824    27.5105      1.420    7.09807     6.9602     6.9626    21.5301   12.78642 1.5170e+01      1.434 0.0000e+00
         81 312.691285    0.00556     0.3333     20.000  1021.5155  44320.133    27.4833      1.442    7.09939     6.9565     6.9622    21.5087   12.78897 1.4624e+01      1.455 0.0000e+00
         82 312.691288    0.00562     0.3375     20.250  1021.4902  44272.943    27.4508      1.461    7.10123     6.9509     6.9603    21.4834   12.79244 1.4264e+01      1.474 0.0000e+00
         83 312.691291    0.00569     0.3417     20.500  1021.4711  44237.357    27.4259      1.473    7.10300     6.9431     6.9566    21.4643   12.79568 1.4156e+01      1.487 0.0000e+00
         84 312.691293    0.00576     0.3458     20.750  1021.4648  44225.504    27.4170      1.477    7.10434     6.9347     6.9510    21.4579   12.79803 1.4332e+01      1.491 0.0000e+00
         85 312.691296    0.00583     0.3500     21.000  1021.4729  44240.543    27.4261      1.473    7.10522     6.9290     6.9432    21.4660   12.79935 1.4772e+01      1.486 0.0000e+00
