CTD-processing/allCTD/CNV--homogene/2013_11-06_t6_s14_cast143.cnv
* Sea-Bird SBE19plus Data File:
* FileName = C:\Users\kris.holderied\Documents\kasitsna\Research-Projects-and-Data\Oceanography-AK\CTD-CookInlet-GulfWatchAK\2013-10-11-EVOSTC-CookInlet-Ocean\2013-11-06-CookInlet-Tran6-Douglas\2013-11-06-CookInlet-Tran6-cast143.hex
* Software Version 1.59
* Temperature SN =  5028
* Conductivity SN =  5028
* System UpLoad Time = Feb 14 2014 17:22:17
** Cook Inlet Transect 6 (Douglas) east to west
** Date: 2013-11-06
** Station: 6-14
** Start time: 12:32
** Depth (m): 138
** Comment:  CTD instrument time is AK Daylight time *1 hour off*
** Comment:
# nquan = 17
# nvalues = 717                         
# units = specified
# name 0 = scan: Scan Count
# name 1 = timeJ: Julian Days
# name 2 = timeH: Time, Elapsed [hours]
# name 3 = timeM: Time, Elapsed [minutes]
# name 4 = timeS: Time, Elapsed [seconds]
# name 5 = density00: Density [density, kg/m^3]
# name 6 = specc: Specific Conductance [uS/cm]
# name 7 = sal00: Salinity, Practical [PSU]
# name 8 = depSM: Depth [salt water, m], lat = 59.00
# name 9 = oxsolML/L: Oxygen Saturation, Garcia & Gordon [ml/l]
# name 10 = potemp090C: Potential Temperature [ITS-90, deg C]
# name 11 = tv290C: Temperature [ITS-90, deg C]
# name 12 = sigma-é00: Density [sigma-theta, kg/m^3]
# name 13 = n2satML/L: Nitrogen Saturation [ml/l]
# name 14 = par: PAR/Irradiance, Biospherical/Licor
# name 15 = prdM: Pressure, Strain Gauge [db]
# name 16 = flag:  0.000e+00
# span 0 =          1,        717       
# span 1 = 310.563403, 310.565475       
# span 2 =    0.00000,    0.04972       
# span 3 =     0.0000,     2.9833       
# span 4 =      0.000,    179.000       
# span 5 =  1000.0695,  1025.7934       
# span 6 =    295.040,  51315.335       
# span 7 =     0.1350,    32.2914       
# span 8 =     -0.026,    113.017       
# span 9 =    6.70948,    8.85892       
# span 10 =     5.2959,     8.4740      
# span 11 =     5.2959,     8.4750      
# span 12 =     0.0696,    25.2701      
# span 13 =   12.10111,   16.12340      
# span 14 = 3.9478e-02, 2.0177e+02      
# span 15 =     -0.026,    114.115      
# span 16 = 0.0000e+00, 0.0000e+00      
# interval = seconds: 0.25
# start_time = Nov 06 2013 13:31:18 [Instrument's time stamp, header]
# bad_flag = -9.990e-29
*END*
[from data line 681]
        682 310.565373    0.04729     2.8375    170.250  1025.7557  51303.593    32.2873    105.693    6.85205     7.1204     7.1302    25.2663   12.31888 4.0119e-02    106.717 0.0000e+00
        683 310.565376    0.04736     2.8417    170.500  1025.7571  51304.102    32.2875    105.945    6.85206     7.1203     7.1301    25.2665   12.31888 4.0082e-02    106.972 0.0000e+00
        684 310.565379    0.04743     2.8458    170.750  1025.7585  51304.644    32.2878    106.197    6.85206     7.1202     7.1300    25.2667   12.31889 4.0049e-02    107.227 0.0000e+00
        685 310.565382    0.04750     2.8500    171.000  1025.7598  51305.119    32.2880    106.450    6.85207     7.1201     7.1299    25.2669   12.31890 4.0027e-02    107.482 0.0000e+00
        686 310.565385    0.04757     2.8542    171.250  1025.7611  51305.504    32.2881    106.702    6.85208     7.1200     7.1299    25.2670   12.31891 4.0014e-02    107.737 0.0000e+00
        687 310.565388    0.04764     2.8583    171.500  1025.7624  51305.843    32.2882    106.952    6.85208     7.1199     7.1298    25.2671   12.31892 4.0003e-02    107.990 0.0000e+00
        688 310.565391    0.04771     2.8625    171.750  1025.7636  51306.186    32.2883    107.202    6.85209     7.1199     7.1297    25.2672   12.31893 3.9988e-02    108.242 0.0000e+00
        689 310.565394    0.04778     2.8667    172.000  1025.7649  51306.580    32.2885    107.451    6.85209     7.1198     7.1297    25.2674   12.31893 3.9970e-02    108.494 0.0000e+00
        690 310.565396    0.04785     2.8708    172.250  1025.7662  51307.010    32.2886    107.700    6.85209     7.1198     7.1296    25.2675   12.31893 3.9951e-02    108.745 0.0000e+00
        691 310.565399    0.04792     2.8750    172.500  1025.7675  51307.414    32.2888    107.950    6.85209     7.1198     7.1296    25.2676   12.31892 3.9930e-02    108.998 0.0000e+00
        692 310.565402    0.04799     2.8792    172.750  1025.7687  51307.773    32.2889    108.203    6.85208     7.1198     7.1296    25.2677   12.31891 3.9906e-02    109.253 0.0000e+00
        693 310.565405    0.04806     2.8833    173.000  1025.7700  51308.122    32.2891    108.459    6.85207     7.1198     7.1296    25.2678   12.31889 3.9879e-02    109.512 0.0000e+00
        694 310.565408    0.04813     2.8875    173.250  1025.7713  51308.461    32.2892    108.720    6.85206     7.1198     7.1296    25.2679   12.31887 3.9848e-02    109.775 0.0000e+00
        695 310.565411    0.04819     2.8917    173.500  1025.7726  51308.766    32.2893    108.987    6.85205     7.1198     7.1297    25.2680   12.31886 3.9819e-02    110.045 0.0000e+00
        696 310.565414    0.04826     2.8958    173.750  1025.7740  51309.038    32.2893    109.260    6.85204     7.1198     7.1297    25.2680   12.31885 3.9791e-02    110.320 0.0000e+00
        697 310.565417    0.04833     2.9000    174.000  1025.7753  51309.292    32.2894    109.539    6.85204     7.1198     7.1297    25.2681   12.31883 3.9757e-02    110.603 0.0000e+00
        698 310.565420    0.04840     2.9042    174.250  1025.7767  51309.540    32.2894    109.824    6.85203     7.1198     7.1298    25.2681   12.31882 3.9724e-02    110.890 0.0000e+00
        699 310.565422    0.04847     2.9083    174.500  1025.7780  51309.789    32.2895    110.111    6.85202     7.1199     7.1298    25.2681   12.31880 3.9698e-02    111.180 0.0000e+00
        700 310.565425    0.04854     2.9125    174.750  1025.7794  51310.030    32.2895    110.396    6.85201     7.1199     7.1299    25.2682   12.31879 3.9672e-02    111.468 0.0000e+00
        701 310.565428    0.04861     2.9167    175.000  1025.7807  51310.274    32.2896    110.674    6.85200     7.1199     7.1299    25.2682   12.31877 3.9646e-02    111.749 0.0000e+00
        702 310.565431    0.04868     2.9208    175.250  1025.7819  51310.537    32.2896    110.938    6.85199     7.1198     7.1300    25.2683   12.31876 3.9628e-02    112.015 0.0000e+00
        703 310.565434    0.04875     2.9250    175.500  1025.7831  51310.814    32.2897    111.184    6.85199     7.1197     7.1300    25.2683   12.31875 3.9615e-02    112.264 0.0000e+00
        704 310.565437    0.04882     2.9292    175.750  1025.7843  51311.121    32.2898    111.409    6.85200     7.1196     7.1299    25.2684   12.31876 3.9600e-02    112.491 0.0000e+00
        705 310.565440    0.04889     2.9333    176.000  1025.7853  51311.433    32.2899    111.613    6.85201     7.1195     7.1298    25.2685   12.31877 3.9585e-02    112.697 0.0000e+00
        706 310.565443    0.04896     2.9375    176.250  1025.7862  51311.666    32.2899    111.797    6.85202     7.1195     7.1297    25.2686   12.31879 3.9575e-02    112.883 0.0000e+00
        707 310.565446    0.04903     2.9417    176.500  1025.7870  51311.770    32.2899    111.965    6.85202     7.1195     7.1297    25.2686   12.31880 3.9572e-02    113.053 0.0000e+00
        708 310.565448    0.04910     2.9458    176.750  1025.7877  51311.801    32.2899    112.120    6.85202     7.1195     7.1297    25.2685   12.31880 3.9574e-02    113.210 0.0000e+00
        709 310.565451    0.04917     2.9500    177.000  1025.7884  51311.870    32.2899    112.267    6.85202     7.1193     7.1297    25.2685   12.31879 3.9577e-02    113.358 0.0000e+00
        710 310.565454    0.04924     2.9542    177.250  1025.7890  51312.018    32.2899    112.407    6.85202     7.1191     7.1297    25.2685   12.31880 3.9572e-02    113.499 0.0000e+00
        711 310.565457    0.04931     2.9583    177.500  1025.7897  51312.251    32.2900    112.534    6.85204     7.1187     7.1295    25.2686   12.31882 3.9558e-02    113.628 0.0000e+00
        712 310.565460    0.04938     2.9625    177.750  1025.7903  51312.591    32.2901    112.645    6.85207     7.1183     7.1293    25.2688   12.31887 3.9547e-02    113.740 0.0000e+00
        713 310.565463    0.04944     2.9667    178.000  1025.7910  51313.013    32.2903    112.743    6.85212     7.1176     7.1290    25.2690   12.31895 3.9543e-02    113.839 0.0000e+00
        714 310.565466    0.04951     2.9708    178.250  1025.7917  51313.526    32.2905    112.837    6.85218     7.1169     7.1285    25.2692   12.31906 3.9539e-02    113.934 0.0000e+00
        715 310.565469    0.04958     2.9750    178.500  1025.7924  51314.199    32.2909    112.925    6.85227     7.1165     7.1278    25.2695   12.31920 3.9523e-02    114.022 0.0000e+00
        716 310.565472    0.04965     2.9792    178.750  1025.7931  51314.958    32.2912    112.992    6.85237 -9.990e-29     7.1271    25.2699   12.31936 3.9495e-02    114.089 0.0000e+00
        717 310.565475    0.04972     2.9833    179.000  1025.7934  51315.335    32.2914    113.017    6.85242 -9.990e-29     7.1267    25.2701   12.31944 3.9478e-02    114.115 0.0000e+00
