CTD-processing/allCTD/CNV--homogene/2013_04-20_t7_s07_cast088.cnv
* Sea-Bird SBE19plus Data File:
* FileName = C:\Documents and Settings\kris.holderied.local\My Documents\2012-2013-CTD-DATA-new-files\2013-04-EVOSTC-CookInlet-Ocean\2013-04-CookInlet-Tran7-Augustine\2013-04-20-CookInlet-Trans7-Cast088.hex
* Software Version 1.54
* Temperature SN =  5028
* Conductivity SN =  5028
* System UpLoad Time = Apr 20 2013 14:53:23
** Cook Inlet LTM Tran7 Augustine to Flat Island
** Date:  2013-04-20
** Station:  7-07
** Start time (AKDT-24 hr):  826
** Depth (m): 60
** Comment:
** Comment:
# nquan = 17
# nvalues = 589                         
# units = specified
# name 0 = scan: Scan Count
# name 1 = timeJ: Julian Days
# name 2 = timeH: Time, Elapsed [hours]
# name 3 = timeM: Time, Elapsed [minutes]
# name 4 = timeS: Time, Elapsed [seconds]
# name 5 = density00: Density [density, kg/m^3]
# name 6 = specc: Specific Conductance [uS/cm]
# name 7 = sal00: Salinity, Practical [PSU]
# name 8 = depSM: Depth [salt water, m], lat = 59.00
# name 9 = oxsolML/L: Oxygen Saturation, Garcia & Gordon [ml/l]
# name 10 = potemp090C: Potential Temperature [ITS-90, deg C]
# name 11 = tv290C: Temperature [ITS-90, deg C]
# name 12 = sigma-é00: Density [sigma-theta, kg/m^3]
# name 13 = n2satML/L: Nitrogen Saturation [ml/l]
# name 14 = par: PAR/Irradiance, Biospherical/Licor
# name 15 = prdM: Pressure, Strain Gauge [db]
# name 16 = flag:  0.000e+00
# span 0 =          1,        589       
# span 1 = 110.353252, 110.354954       
# span 2 =    0.00000,    0.04083       
# span 3 =     0.0000,     2.4500       
# span 4 =      0.000,    147.000       
# span 5 =   999.9707,  1025.7446       
# span 6 =     75.009,  52069.123       
# span 7 =     0.0351,    31.9998       
# span 8 =      0.108,     58.765       
# span 9 =    7.52196,    9.68522       
# span 10 =     1.9511,     3.2934      
# span 11 =     1.9511,     3.2965      
# span 12 =    -0.0299,    25.4665      
# span 13 =   13.42867,   17.51040      
# span 14 = 3.7912e-02, 9.7085e+01      
# span 15 =      0.109,     59.328      
# span 16 = 0.0000e+00, 0.0000e+00      
# interval = seconds: 0.25
# start_time = Apr 20 2013 08:28:41 [Instrument's time stamp, header]
# bad_flag = -9.990e-29
*END*
          1 110.353252    0.00000     0.0000      0.000   999.9707     75.009     0.0351      0.114    9.68522     1.9613     1.9614    -0.0299   17.51040 4.9486e+01      0.115 0.0000e+00
          2 110.353255    0.00007     0.0042      0.250   999.9885    120.090     0.0571      0.114    9.68379     1.9612     1.9614    -0.0121   17.50763 5.6736e+01      0.115 0.0000e+00
          3 110.353258    0.00014     0.0083      0.500  1000.0182    195.215     0.0937      0.113    9.68139     1.9610     1.9613     0.0176   17.50298 6.5137e+01      0.114 0.0000e+00
          4 110.353261    0.00021     0.0125      0.750  1000.0677    320.435     0.1547      0.113    9.67739     1.9607     1.9612     0.0671   17.49522 7.3245e+01      0.114 0.0000e+00
          5 110.353264    0.00028     0.0167      1.000  1000.1502    529.136     0.2564      0.113    9.67071     1.9604     1.9610     0.1496   17.48229 8.0657e+01      0.114 0.0000e+00
          6 110.353267    0.00035     0.0208      1.250  1000.2877    876.820     0.4258      0.114    9.65959     1.9599     1.9607     0.2871   17.46072 8.7028e+01      0.115 0.0000e+00
          7 110.353270    0.00042     0.0250      1.500  1000.4706   1338.261     0.6513      0.114    9.64478     1.9593     1.9604     0.4700   17.43202 9.1339e+01      0.115 0.0000e+00
          8 110.353273    0.00049     0.0292      1.750  1000.6364   1754.123     0.8557      0.114    9.63140     1.9588     1.9599     0.6358   17.40608 9.3461e+01      0.115 0.0000e+00
          9 110.353275    0.00056     0.0333      2.000  1000.7577   2055.469     1.0054      0.114    9.62168     1.9582     1.9593     0.7571   17.38721 9.4428e+01      0.115 0.0000e+00
         10 110.353278    0.00063     0.0375      2.250  1000.8793   2352.852     1.1556      0.114    9.61193     1.9577     1.9588     0.8787   17.36831 9.5012e+01      0.115 0.0000e+00
         11 110.353281    0.00069     0.0417      2.500  1000.9946   2633.507     1.2982      0.114    9.60268     1.9572     1.9582     0.9941   17.35037 9.5512e+01      0.115 0.0000e+00
         12 110.353284    0.00076     0.0458      2.750  1001.0386   2742.966     1.3525      0.114    9.59922     1.9563     1.9577     1.0381   17.34364 9.5879e+01      0.115 0.0000e+00
         13 110.353287    0.00083     0.0500      3.000  1001.0228   2708.223     1.3328      0.113    9.60066     1.9553     1.9571     1.0222   17.34638 9.5548e+01      0.114 0.0000e+00
         14 110.353290    0.00090     0.0542      3.250  1000.9943   2641.776     1.2975      0.112    9.60319     1.9541     1.9563     0.9937   17.35122 9.3855e+01      0.113 0.0000e+00
         15 110.353293    0.00097     0.0583      3.500  1000.9603   2561.112     1.2554      0.111    9.60623     1.9531     1.9553     0.9597   17.35703 9.1021e+01      0.112 0.0000e+00
         16 110.353296    0.00104     0.0625      3.750  1000.9207   2466.345     1.2065      0.110    9.60975     1.9522     1.9541     0.9201   17.36376 8.8006e+01      0.111 0.0000e+00
         17 110.353299    0.00111     0.0667      4.000  1000.8867   2384.628     1.1646      0.109    9.61279     1.9515     1.9530     0.8862   17.36956 8.5471e+01      0.110 0.0000e+00
         18 110.353302    0.00118     0.0708      4.250  1000.8761   2358.693     1.1516      0.108    9.61389     1.9512     1.9521     0.8756   17.37163 8.3432e+01      0.109 0.0000e+00
         19 110.353304    0.00125     0.0750      4.500  1000.9086   2436.495     1.1918      0.108    9.61141     1.9511     1.9515     0.9081   17.36680 8.2045e+01      0.109 0.0000e+00
         20 110.353307    0.00132     0.0792      4.750  1000.9793   2606.484     1.2793      0.108    9.60575     1.9513     1.9512     0.9788   17.35582 8.2133e+01      0.109 0.0000e+00
         21 110.353310    0.00139     0.0833      5.000  1001.0399   2751.845     1.3541      0.108    9.60084     1.9515     1.9511     1.0394   17.34632 8.4255e+01      0.109 0.0000e+00
         22 110.353313    0.00146     0.0875      5.250  1001.0525   2782.083     1.3697      0.108    9.59979     1.9517     1.9513     1.0520   17.34428 8.7625e+01      0.109 0.0000e+00
         23 110.353316    0.00153     0.0917      5.500  1001.0281   2723.383     1.3396      0.108    9.60172     1.9518     1.9515     1.0276   17.34804 9.0483e+01      0.109 0.0000e+00
         24 110.353319    0.00160     0.0958      5.750  1000.9910   2633.188     1.2937      0.108    9.60471     1.9520     1.9517     0.9905   17.35385 9.2368e+01      0.109 0.0000e+00
         25 110.353322    0.00167     0.1000      6.000  1000.9582   2552.161     1.2532      0.108    9.60739     1.9521     1.9518     0.9577   17.35905 9.3887e+01      0.109 0.0000e+00
         26 110.353325    0.00174     0.1042      6.250  1000.9508   2530.546     1.2442      0.108    9.60804     1.9524     1.9520     0.9503   17.36032 9.5052e+01      0.109 0.0000e+00
         27 110.353328    0.00181     0.1083      6.500  1000.9839   2603.806     1.2853      0.109    9.60542     1.9530     1.9521     0.9834   17.35529 9.5898e+01      0.110 0.0000e+00
         28 110.353330    0.00187     0.1125      6.750  1001.0471   2745.228     1.3639      0.109    9.60040     1.9540     1.9524     1.0466   17.34563 9.6590e+01      0.110 0.0000e+00
         29 110.353333    0.00194     0.1167      7.000  1001.1156   2892.142     1.4493      0.110    9.59502     1.9557     1.9530     1.1151   17.33530 9.7085e+01      0.111 0.0000e+00
         30 110.353336    0.00201     0.1208      7.250  1001.1907   3042.915     1.5432      0.111    9.58921     1.9585     1.9540     1.1902   17.32421 9.7072e+01      0.112 0.0000e+00
         31 110.353339    0.00208     0.1250      7.500  1001.3111   3282.670     1.6940      0.113    9.57990     1.9629     1.9557     1.3106   17.30646 9.6166e+01      0.114 0.0000e+00
         32 110.353342    0.00215     0.1292      7.750  1001.5282   3721.495     1.9655      0.116    9.56307     1.9700     1.9585     1.5277   17.27431 9.4506e+01      0.117 0.0000e+00
         33 110.353345    0.00222     0.1333      8.000  1001.9107   4502.324     2.4436      0.121    9.53339     1.9816     1.9629     1.9101   17.21757 9.2539e+01      0.122 0.0000e+00
         34 110.353348    0.00229     0.1375      8.250  1002.5788   5877.765     3.2783      0.130    9.48148     2.0009     1.9700     2.5782   17.11827 9.0662e+01      0.131 0.0000e+00
         35 110.353351    0.00236     0.1417      8.500  1003.7354   8274.452     4.7228      0.145    9.39152     2.0323     1.9817     3.7347   16.94608 8.9040e+01      0.147 0.0000e+00
         36 110.353354    0.00243     0.1458      8.750  1005.7106  12384.067     7.1889      0.170    9.23776     2.0772     2.0009     5.7097   16.65169 8.7427e+01      0.172 0.0000e+00
         37 110.353356    0.00250     0.1500      9.000  1008.8568  18901.047    11.1183      0.210    8.99344     2.1295     2.0323     8.8558   16.18409 8.5507e+01      0.212 0.0000e+00
         38 110.353359    0.00257     0.1542      9.250  1013.1044  27569.537    16.4270      0.267    8.66697     2.1815     2.0772    13.1031   15.56004 8.3017e+01      0.269 0.0000e+00
         39 110.353362    0.00264     0.1583      9.500  1017.4040  36216.210    21.8043      0.340    8.33939     2.2286     2.1295    17.4024   14.93494 7.9483e+01      0.343 0.0000e+00
         40 110.353365    0.00271     0.1625      9.750  1020.5290  42456.113    25.7146      0.427    8.09999     2.2684     2.1815    20.5270   14.47908 7.3902e+01      0.431 0.0000e+00
         41 110.353368    0.00278     0.1667     10.000  1022.3974  46182.757    28.0537      0.526    7.95363     2.2996     2.2287    22.3949   14.20117 6.4787e+01      0.531 0.0000e+00
         42 110.353371    0.00285     0.1708     10.250  1023.5101  48399.779    29.4476      0.627    7.86409     2.3222     2.2684    23.5072   14.03171 5.4224e+01      0.633 0.0000e+00
         43 110.353374    0.00292     0.1750     10.500  1024.1692  49711.723    30.2737      0.722    7.80948     2.3373     2.2996    24.1658   13.92870 4.7627e+01      0.729 0.0000e+00
         44 110.353377    0.00299     0.1792     10.750  1024.5565  50482.430    30.7594      0.798    7.77646     2.3459     2.3223    24.5527   13.86662 4.5700e+01      0.805 0.0000e+00
         45 110.353380    0.00306     0.1833     11.000  1024.7820  50931.694    31.0424      0.847    7.75683     2.3499     2.3373    24.7780   13.82978 4.5523e+01      0.855 0.0000e+00
         46 110.353383    0.00313     0.1875     11.250  1024.9131  51193.550    31.2069      0.868    7.74541     2.3513     2.3459    24.9090   13.80833 4.6220e+01      0.877 0.0000e+00
         47 110.353385    0.00319     0.1917     11.500  1024.9919  51351.396    31.3058      0.869    7.73878     2.3523     2.3499    24.9878   13.79584 4.7806e+01      0.877 0.0000e+00
         48 110.353388    0.00326     0.1958     11.750  1025.0457  51458.598    31.3732      0.859    7.73455     2.3536     2.3514    25.0417   13.78781 4.9260e+01      0.867 0.0000e+00
         49 110.353391    0.00333     0.2000     12.000  1025.0852  51536.346    31.4227      0.848    7.73152     2.3552     2.3523    25.0812   13.78206 4.9550e+01      0.856 0.0000e+00
         50 110.353394    0.00340     0.2042     12.250  1025.1104  51585.542    31.4544      0.845    7.72944     2.3560     2.3537    25.1064   13.77816 4.8773e+01      0.853 0.0000e+00
         51 110.353397    0.00347     0.2083     12.500  1025.1227  51609.412    31.4698      0.852    7.72824     2.3551     2.3553    25.1186   13.77594 4.7609e+01      0.860 0.0000e+00
         52 110.353400    0.00354     0.2125     12.750  1025.1259  51616.123    31.4739      0.865    7.72782     2.3519     2.3561    25.1218   13.77516 4.6476e+01      0.874 0.0000e+00
         53 110.353403    0.00361     0.2167     13.000  1025.1256  51616.267    31.4733      0.881    7.72799     2.3464     2.3552    25.1215   13.77544 4.5250e+01      0.890 0.0000e+00
         54 110.353406    0.00368     0.2208     13.250  1025.1268  51619.493    31.4744      0.894    7.72855     2.3400     2.3520    25.1225   13.77634 4.3962e+01      0.903 0.0000e+00
         55 110.353409    0.00375     0.2250     13.500  1025.1312  51629.483    31.4794      0.903    7.72934     2.3348     2.3464    25.1269   13.77758 4.3040e+01      0.912 0.0000e+00
         56 110.353411    0.00382     0.2292     13.750  1025.1386  51645.082    31.4880      0.906    7.73012     2.3326     2.3400    25.1343   13.77875 4.2640e+01      0.915 0.0000e+00
         57 110.353414    0.00389     0.2333     14.000  1025.1475  51663.173    31.4986      0.906    7.73056     2.3343     2.3348    25.1432   13.77933 4.2581e+01      0.915 0.0000e+00
         58 110.353417    0.00396     0.2375     14.250  1025.1559  51679.342    31.5089      0.904    7.73044     2.3389     2.3326    25.1515   13.77900 4.2644e+01      0.913 0.0000e+00
         59 110.353420    0.00403     0.2417     14.500  1025.1612  51688.883    31.5157      0.904    7.72976     2.3448     2.3343    25.1569   13.77779 4.2856e+01      0.913 0.0000e+00
         60 110.353423    0.00410     0.2458     14.750  1025.1622  51689.421    31.5174      0.907    7.72876     2.3504     2.3390    25.1579   13.77612 4.3196e+01      0.916 0.0000e+00
         61 110.353426    0.00417     0.2500     15.000  1025.1598  51683.331    31.5149      0.914    7.72775     2.3552     2.3448    25.1555   13.77448 4.3212e+01      0.923 0.0000e+00
         62 110.353429    0.00424     0.2542     15.250  1025.1564  51675.252    31.5110      0.921    7.72686     2.3593     2.3504    25.1520   13.77307 4.2768e+01      0.930 0.0000e+00
         63 110.353432    0.00431     0.2583     15.500  1025.1536  51668.612    31.5079      0.929    7.72609     2.3629     2.3552    25.1491   13.77185 4.2218e+01      0.938 0.0000e+00
         64 110.353435    0.00438     0.2625     15.750  1025.1521  51664.739    31.5064      0.935    7.72538     2.3661     2.3593    25.1477   13.77069 4.1798e+01      0.944 0.0000e+00
         65 110.353438    0.00444     0.2667     16.000  1025.1512  51662.019    31.5056      0.939    7.72473     2.3689     2.3629    25.1467   13.76962 4.1604e+01      0.948 0.0000e+00
         66 110.353440    0.00451     0.2708     16.250  1025.1491  51657.306    31.5033      0.940    7.72422     2.3712     2.3661    25.1447   13.76882 4.1786e+01      0.949 0.0000e+00
         67 110.353443    0.00458     0.2750     16.500  1025.1449  51648.623    31.4983      0.940    7.72395     2.3730     2.3689    25.1404   13.76843 4.2419e+01      0.949 0.0000e+00
         68 110.353446    0.00465     0.2792     16.750  1025.1383  51635.759    31.4903      0.941    7.72393     2.3743     2.3712    25.1339   13.76850 4.3162e+01      0.950 0.0000e+00
         69 110.353449    0.00472     0.2833     17.000  1025.1310  51621.590    31.4812      0.942    7.72406     2.3756     2.3730    25.1265   13.76885 4.3438e+01      0.951 0.0000e+00
         70 110.353452    0.00479     0.2875     17.250  1025.1260  51611.879    31.4751      0.944    7.72412     2.3767     2.3744    25.1215   13.76902 4.3047e+01      0.953 0.0000e+00
         71 110.353455    0.00486     0.2917     17.500  1025.1255  51610.711    31.4747      0.947    7.72390     2.3776     2.3757    25.1211   13.76866 4.2308e+01      0.956 0.0000e+00
         72 110.353458    0.00493     0.2958     17.750  1025.1290  51616.863    31.4791      0.952    7.72344     2.3783     2.3768    25.1245   13.76785 4.1776e+01      0.961 0.0000e+00
         73 110.353461    0.00500     0.3000     18.000  1025.1336  51624.999    31.4849      0.957    7.72296     2.3786     2.3777    25.1290   13.76698 4.1859e+01      0.966 0.0000e+00
         74 110.353464    0.00507     0.3042     18.250  1025.1365  51630.325    31.4886      0.963    7.72263     2.3784     2.3783    25.1320   13.76639 4.2530e+01      0.972 0.0000e+00
         75 110.353466    0.00514     0.3083     18.500  1025.1369  51630.858    31.4891      0.968    7.72256     2.3779     2.3786    25.1323   13.76626 4.3265e+01      0.978 0.0000e+00
         76 110.353469    0.00521     0.3125     18.750  1025.1346  51626.572    31.4861      0.973    7.72274     2.3772     2.3785    25.1300   13.76660 4.3521e+01      0.983 0.0000e+00
         77 110.353472    0.00528     0.3167     19.000  1025.1310  51619.938    31.4815      0.978    7.72308     2.3766     2.3780    25.1263   13.76722 4.3281e+01      0.987 0.0000e+00
         78 110.353475    0.00535     0.3208     19.250  1025.1288  51615.940    31.4787      0.981    7.72336     2.3763     2.3773    25.1241   13.76773 4.2882e+01      0.991 0.0000e+00
         79 110.353478    0.00542     0.3250     19.500  1025.1302  51618.668    31.4803      0.985    7.72339     2.3761     2.3767    25.1255   13.76775 4.2611e+01      0.995 0.0000e+00
         80 110.353481    0.00549     0.3292     19.750  1025.1348  51627.389    31.4861      0.988    7.72315     2.3758     2.3764    25.1301   13.76729 4.2653e+01      0.998 0.0000e+00
         81 110.353484    0.00556     0.3333     20.000  1025.1401  51637.302    31.4927      0.990    7.72285     2.3755     2.3761    25.1354   13.76669 4.3177e+01      1.000 0.0000e+00
         82 110.353487    0.00562     0.3375     20.250  1025.1441  51644.752    31.4976      0.990    7.72263     2.3749     2.3759    25.1394   13.76627 4.4057e+01      1.000 0.0000e+00
         83 110.353490    0.00569     0.3417     20.500  1025.1463  51649.114    31.5005      0.988    7.72255     2.3744     2.3755    25.1416   13.76610 4.4712e+01      0.997 0.0000e+00
         84 110.353492    0.00576     0.3458     20.750  1025.1473  51651.027    31.5016      0.983    7.72260     2.3740     2.3750    25.1426   13.76616 4.4670e+01      0.993 0.0000e+00
         85 110.353495    0.00583     0.3500     21.000  1025.1475  51651.605    31.5018      0.977    7.72269     2.3737     2.3744    25.1428   13.76631 4.4083e+01      0.987 0.0000e+00
