CTD-processing/allCTD/CNV--homogene/2013_04-21_t9_s05_cast137.cnv
* Sea-Bird SBE19plus Data File:
* FileName = C:\Documents and Settings\kris.holderied.local\My Documents\2012-2013-CTD-DATA-new-files\2013-04-EVOSTC-CookInlet-Ocean\2013-04-21-CookInlet-Tran9-cast137.hex
* Software Version 1.54
* Temperature SN =  5028
* Conductivity SN =  5028
* System UpLoad Time = May 21 2013 10:06:22
** Cook Inlet LTM Transect 9 (Homer Spit)
** Date:  2013-04-21
** Station:  9-05
** Start time (AKDT-24 hr): 1546
** Depth (m): 96
** Comment:None
** Comment:
# nquan = 17
# nvalues = 638                         
# units = specified
# name 0 = scan: Scan Count
# name 1 = timeJ: Julian Days
# name 2 = timeH: Time, Elapsed [hours]
# name 3 = timeM: Time, Elapsed [minutes]
# name 4 = timeS: Time, Elapsed [seconds]
# name 5 = density00: Density [density, kg/m^3]
# name 6 = specc: Specific Conductance [uS/cm]
# name 7 = sal00: Salinity, Practical [PSU]
# name 8 = depSM: Depth [salt water, m], lat = 59.00
# name 9 = oxsolML/L: Oxygen Saturation, Garcia & Gordon [ml/l]
# name 10 = potemp090C: Potential Temperature [ITS-90, deg C]
# name 11 = tv290C: Temperature [ITS-90, deg C]
# name 12 = sigma-é00: Density [sigma-theta, kg/m^3]
# name 13 = n2satML/L: Nitrogen Saturation [ml/l]
# name 14 = par: PAR/Irradiance, Biospherical/Licor
# name 15 = prdM: Pressure, Strain Gauge [db]
# name 16 = flag:  0.000e+00
# span 0 =          1,        638       
# span 1 = 111.657454, 111.659297       
# span 2 =    0.00000,    0.04424       
# span 3 =     0.0000,     2.6542       
# span 4 =      0.000,    159.250       
# span 5 =   999.9722,  1025.8395       
# span 6 =      2.759,  51939.235       
# span 7 =     0.0014,    31.9178       
# span 8 =      0.066,     94.420       
# span 9 =    7.50465,    9.35717       
# span 10 =     3.2458,     3.4350      
# span 11 =     3.2457,     3.4350      
# span 12 =    -0.0282,    25.3929      
# span 13 =   13.40225,   16.96167      
# span 14 = 3.7912e-02, 2.0242e+02      
# span 15 =      0.067,     95.333      
# span 16 = 0.0000e+00, 0.0000e+00      
# interval = seconds: 0.25
# start_time = Apr 21 2013 15:46:44 [Instrument's time stamp, header]
# bad_flag = -9.990e-29
*END*
[from data line 256]
        257 111.658194    0.01778     1.0667     64.000  1025.3225  51718.472    31.8267      1.321    7.50740     3.4231     3.4213    25.3162   13.40685 8.8209e+01      1.333 0.0000e+00
        258 111.658197    0.01785     1.0708     64.250  1025.3214  51716.020    31.8253      1.339    7.50726     3.4233     3.4224    25.3150   13.40665 8.8446e+01      1.352 0.0000e+00
        259 111.658200    0.01792     1.0750     64.500  1025.3203  51713.771    31.8239      1.354    7.50720     3.4230     3.4232    25.3138   13.40656 8.8359e+01      1.367 0.0000e+00
        260 111.658203    0.01799     1.0792     64.750  1025.3196  51712.280    31.8230      1.364    7.50721     3.4222     3.4234    25.3131   13.40659 8.8028e+01      1.377 0.0000e+00
        261 111.658206    0.01806     1.0833     65.000  1025.3193  51711.922    31.8227      1.368    7.50728     3.4209     3.4231    25.3128   13.40671 8.8218e+01      1.381 0.0000e+00
        262 111.658209    0.01812     1.0875     65.250  1025.3197  51712.828    31.8231      1.366    7.50741     3.4196     3.4223    25.3132   13.40693 8.9092e+01      1.379 0.0000e+00
        263 111.658212    0.01819     1.0917     65.500  1025.3205  51714.700    31.8240      1.359    7.50759     3.4183     3.4210    25.3141   13.40721 8.9896e+01      1.372 0.0000e+00
        264 111.658215    0.01826     1.0958     65.750  1025.3215  51716.925    31.8252      1.348    7.50778     3.4174     3.4197    25.3152   13.40751 9.0342e+01      1.361 0.0000e+00
        265 111.658218    0.01833     1.1000     66.000  1025.3225  51719.045    31.8264      1.335    7.50795     3.4167     3.4184    25.3162   13.40778 9.0810e+01      1.348 0.0000e+00
        266 111.658220    0.01840     1.1042     66.250  1025.3233  51720.780    31.8273      1.320    7.50808     3.4162     3.4175    25.3170   13.40799 9.1397e+01      1.333 0.0000e+00
        267 111.658223    0.01847     1.1083     66.500  1025.3238  51722.057    31.8280      1.305    7.50818     3.4160     3.4168    25.3177   13.40813 9.1783e+01      1.317 0.0000e+00
        268 111.658226    0.01854     1.1125     66.750  1025.3242  51723.027    31.8285      1.291    7.50823     3.4160     3.4163    25.3181   13.40821 9.1693e+01      1.303 0.0000e+00
        269 111.658229    0.01861     1.1167     67.000  1025.3246  51723.867    31.8290      1.281    7.50825     3.4162     3.4161    25.3186   13.40823 9.1253e+01      1.293 0.0000e+00
        270 111.658232    0.01868     1.1208     67.250  1025.3250  51724.637    31.8296      1.277    7.50822     3.4167     3.4161    25.3190   13.40818 9.0505e+01      1.289 0.0000e+00
        271 111.658235    0.01875     1.1250     67.500  1025.3253  51725.154    31.8300      1.282    7.50816     3.4176     3.4163    25.3193   13.40808 8.9305e+01      1.294 0.0000e+00
        272 111.658238    0.01882     1.1292     67.750  1025.3254  51725.144    31.8301      1.297    7.50806     3.4190     3.4168    25.3193   13.40791 8.8149e+01      1.309 0.0000e+00
        273 111.658241    0.01889     1.1333     68.000  1025.3252  51724.397    31.8298      1.320    7.50791     3.4205     3.4177    25.3190   13.40766 8.7627e+01      1.332 0.0000e+00
        274 111.658244    0.01896     1.1375     68.250  1025.3246  51722.759    31.8290      1.347    7.50770     3.4218     3.4191    25.3182   13.40732 8.7520e+01      1.360 0.0000e+00
        275 111.658247    0.01903     1.1417     68.500  1025.3235  51720.212    31.8277      1.371    7.50748     3.4226     3.4206    25.3170   13.40698 8.7446e+01      1.385 0.0000e+00
        276 111.658249    0.01910     1.1458     68.750  1025.3222  51717.309    31.8260      1.387    7.50733     3.4227     3.4219    25.3156   13.40675 8.7431e+01      1.400 0.0000e+00
        277 111.658252    0.01917     1.1500     69.000  1025.3211  51715.132    31.8247      1.391    7.50725     3.4222     3.4227    25.3145   13.40664 8.7789e+01      1.404 0.0000e+00
        278 111.658255    0.01924     1.1542     69.250  1025.3207  51714.471    31.8243      1.382    7.50725     3.4214     3.4228    25.3142   13.40665 8.8779e+01      1.395 0.0000e+00
        279 111.658258    0.01931     1.1583     69.500  1025.3211  51715.440    31.8248      1.363    7.50731     3.4207     3.4223    25.3146   13.40675 9.0134e+01      1.376 0.0000e+00
        280 111.658261    0.01938     1.1625     69.750  1025.3221  51717.589    31.8261      1.338    7.50739     3.4204     3.4215    25.3157   13.40686 9.1313e+01      1.351 0.0000e+00
        281 111.658264    0.01944     1.1667     70.000  1025.3234  51720.394    31.8279      1.313    7.50743     3.4206     3.4208    25.3172   13.40690 9.2188e+01      1.325 0.0000e+00
        282 111.658267    0.01951     1.1708     70.250  1025.3250  51723.597    31.8300      1.291    7.50739     3.4215     3.4205    25.3189   13.40680 9.2525e+01      1.303 0.0000e+00
        283 111.658270    0.01958     1.1750     70.500  1025.3269  51727.107    31.8324      1.277    7.50723     3.4233     3.4207    25.3208   13.40650 9.1827e+01      1.289 0.0000e+00
        284 111.658273    0.01965     1.1792     70.750  1025.3288  51730.545    31.8350      1.271    7.50692     3.4258     3.4216    25.3228   13.40597 9.0653e+01      1.283 0.0000e+00
        285 111.658275    0.01972     1.1833     71.000  1025.3301  51732.554    31.8368      1.275    7.50649     3.4282     3.4234    25.3241   13.40524 8.9923e+01      1.287 0.0000e+00
        286 111.658278    0.01979     1.1875     71.250  1025.3302  51732.151    31.8371      1.286    7.50602     3.4303     3.4259    25.3241   13.40446 8.9284e+01      1.298 0.0000e+00
        287 111.658281    0.01986     1.1917     71.500  1025.3295  51730.222    31.8364      1.302    7.50560     3.4318     3.4283    25.3234   13.40377 8.8245e+01      1.314 0.0000e+00
        288 111.658284    0.01993     1.1958     71.750  1025.3287  51728.084    31.8355      1.320    7.50528     3.4328     3.4304    25.3224   13.40324 8.7163e+01      1.333 0.0000e+00
        289 111.658287    0.02000     1.2000     72.000  1025.3280  51726.308    31.8346      1.337    7.50504     3.4334     3.4319    25.3216   13.40287 8.6323e+01      1.350 0.0000e+00
        290 111.658290    0.02007     1.2042     72.250  1025.3275  51725.038    31.8340      1.352    7.50489     3.4338     3.4329    25.3210   13.40262 8.5868e+01      1.365 0.0000e+00
        291 111.658293    0.02014     1.2083     72.500  1025.3271  51724.226    31.8336      1.364    7.50479     3.4340     3.4335    25.3207   13.40246 8.6138e+01      1.377 0.0000e+00
        292 111.658296    0.02021     1.2125     72.750  1025.3270  51723.754    31.8334      1.372    7.50473     3.4341     3.4339    25.3205   13.40236 8.7134e+01      1.385 0.0000e+00
        293 111.658299    0.02028     1.2167     73.000  1025.3269  51723.483    31.8333      1.377    7.50470     3.4342     3.4341    25.3204   13.40231 8.8295e+01      1.390 0.0000e+00
        294 111.658302    0.02035     1.2208     73.250  1025.3268  51723.328    31.8332      1.378    7.50468     3.4342     3.4342    25.3203   13.40229 8.9191e+01      1.391 0.0000e+00
        295 111.658304    0.02042     1.2250     73.500  1025.3268  51723.265    31.8332      1.375    7.50467     3.4342     3.4343    25.3202   13.40227 8.9866e+01      1.388 0.0000e+00
        296 111.658307    0.02049     1.2292     73.750  1025.3268  51723.281    31.8332      1.368    7.50467     3.4343     3.4343    25.3202   13.40226 9.0521e+01      1.381 0.0000e+00
        297 111.658310    0.02056     1.2333     74.000  1025.3267  51723.325    31.8333      1.358    7.50466     3.4343     3.4343    25.3203   13.40226 9.1109e+01      1.371 0.0000e+00
        298 111.658313    0.02063     1.2375     74.250  1025.3267  51723.323    31.8333      1.346    7.50466     3.4343     3.4343    25.3203   13.40225 9.1250e+01      1.359 0.0000e+00
        299 111.658316    0.02069     1.2417     74.500  1025.3266  51723.289    31.8332      1.334    7.50466     3.4343     3.4343    25.3203   13.40225 9.0807e+01      1.347 0.0000e+00
        300 111.658319    0.02076     1.2458     74.750  1025.3266  51723.297    31.8332      1.324    7.50466     3.4343     3.4343    25.3203   13.40225 9.0382e+01      1.337 0.0000e+00
        301 111.658322    0.02083     1.2500     75.000  1025.3266  51723.337    31.8333      1.317    7.50466     3.4343     3.4343    25.3203   13.40225 9.0372e+01      1.330 0.0000e+00
        302 111.658325    0.02090     1.2542     75.250  1025.3266  51723.341    31.8333      1.315    7.50465     3.4342     3.4343    25.3203   13.40225 9.0198e+01      1.327 0.0000e+00
        303 111.658328    0.02097     1.2583     75.500  1025.3265  51723.302    31.8333      1.314    7.50465     3.4342     3.4343    25.3203   13.40225 8.9481e+01      1.327 0.0000e+00
        304 111.658330    0.02104     1.2625     75.750  1025.3265  51723.243    31.8333      1.315    7.50466     3.4341     3.4343    25.3203   13.40225 8.8700e+01      1.328 0.0000e+00
        305 111.658333    0.02111     1.2667     76.000  1025.3265  51723.197    31.8332      1.317    7.50467     3.4340     3.4343    25.3202   13.40227 8.8176e+01      1.329 0.0000e+00
        306 111.658336    0.02118     1.2708     76.250  1025.3265  51723.209    31.8332      1.320    7.50469     3.4338     3.4342    25.3202   13.40230 8.7551e+01      1.332 0.0000e+00
        307 111.658339    0.02125     1.2750     76.500  1025.3265  51723.277    31.8332      1.326    7.50471     3.4336     3.4341    25.3203   13.40234 8.6791e+01      1.338 0.0000e+00
        308 111.658342    0.02132     1.2792     76.750  1025.3266  51723.377    31.8332      1.337    7.50474     3.4334     3.4339    25.3203   13.40239 8.6425e+01      1.349 0.0000e+00
        309 111.658345    0.02139     1.2833     77.000  1025.3267  51723.495    31.8332      1.352    7.50477     3.4332     3.4337    25.3203   13.40244 8.6544e+01      1.365 0.0000e+00
        310 111.658348    0.02146     1.2875     77.250  1025.3268  51723.612    31.8333      1.370    7.50480     3.4330     3.4335    25.3204   13.40250 8.6684e+01      1.383 0.0000e+00
        311 111.658351    0.02153     1.2917     77.500  1025.3270  51723.749    31.8333      1.389    7.50484     3.4329     3.4333    25.3204   13.40256 8.6601e+01      1.402 0.0000e+00
        312 111.658354    0.02160     1.2958     77.750  1025.3271  51723.932    31.8334      1.403    7.50488     3.4327     3.4331    25.3205   13.40261 8.6602e+01      1.416 0.0000e+00
        313 111.658356    0.02167     1.3000     78.000  1025.3272  51724.125    31.8334      1.411    7.50491     3.4326     3.4329    25.3205   13.40266 8.7093e+01      1.424 0.0000e+00
        314 111.658359    0.02174     1.3042     78.250  1025.3273  51724.275    31.8335      1.413    7.50493     3.4325     3.4328    25.3206   13.40271 8.7969e+01      1.426 0.0000e+00
        315 111.658362    0.02181     1.3083     78.500  1025.3273  51724.378    31.8335      1.412    7.50496     3.4324     3.4326    25.3206   13.40274 8.8586e+01      1.425 0.0000e+00
        316 111.658365    0.02187     1.3125     78.750  1025.3274  51724.475    31.8336      1.415    7.50497     3.4323     3.4325    25.3207   13.40277 8.8426e+01      1.428 0.0000e+00
        317 111.658368    0.02194     1.3167     79.000  1025.3275  51724.587    31.8336      1.434    7.50499     3.4322     3.4324    25.3207   13.40279 8.7287e+01      1.448 0.0000e+00
        318 111.658371    0.02201     1.3208     79.250  1025.3278  51724.717    31.8337      1.482    7.50500     3.4321     3.4323    25.3208   13.40281 8.5246e+01      1.496 0.0000e+00
        319 111.658374    0.02208     1.3250     79.500  1025.3282  51724.839    31.8337      1.562    7.50502     3.4320     3.4323    25.3208   13.40283 8.2554e+01      1.577 0.0000e+00
        320 111.658377    0.02215     1.3292     79.750  1025.3287  51724.942    31.8337      1.673    7.50503     3.4318     3.4322    25.3208   13.40286 7.9244e+01      1.689 0.0000e+00
        321 111.658380    0.02222     1.3333     80.000  1025.3294  51725.096    31.8337      1.810    7.50506     3.4315     3.4321    25.3208   13.40290 7.5353e+01      1.827 0.0000e+00
        322 111.658383    0.02229     1.3375     80.250  1025.3302  51725.360    31.8337      1.970    7.50509     3.4313     3.4319    25.3209   13.40295 7.1234e+01      1.988 0.0000e+00
        323 111.658385    0.02236     1.3417     80.500  1025.3311  51725.715    31.8338      2.147    7.50512     3.4310     3.4317    25.3210   13.40301 6.7213e+01      2.168 0.0000e+00
        324 111.658388    0.02243     1.3458     80.750  1025.3321  51726.073    31.8339      2.338    7.50516     3.4308     3.4314    25.3210   13.40307 6.3413e+01      2.360 0.0000e+00
        325 111.658391    0.02250     1.3500     81.000  1025.3331  51726.392    31.8339      2.536    7.50520     3.4305     3.4312    25.3211   13.40314 5.9927e+01      2.560 0.0000e+00
        326 111.658394    0.02257     1.3542     81.250  1025.3342  51726.716    31.8340      2.736    7.50524     3.4303     3.4309    25.3211   13.40321 5.6805e+01      2.762 0.0000e+00
        327 111.658397    0.02264     1.3583     81.500  1025.3352  51727.102    31.8341      2.935    7.50529     3.4300     3.4307    25.3212   13.40328 5.4055e+01      2.963 0.0000e+00
        328 111.658400    0.02271     1.3625     81.750  1025.3362  51727.587    31.8342      3.129    7.50533     3.4298     3.4304    25.3214   13.40334 5.1645e+01      3.159 0.0000e+00
        329 111.658403    0.02278     1.3667     82.000  1025.3373  51728.115    31.8344      3.316    7.50537     3.4296     3.4302    25.3216   13.40340 4.9499e+01      3.348 0.0000e+00
        330 111.658406    0.02285     1.3708     82.250  1025.3383  51728.583    31.8346      3.495    7.50539     3.4295     3.4300    25.3218   13.40344 4.7559e+01      3.529 0.0000e+00
        331 111.658409    0.02292     1.3750     82.500  1025.3393  51728.967    31.8348      3.670    7.50541     3.4295     3.4299    25.3219   13.40347 4.5741e+01      3.705 0.0000e+00
        332 111.658411    0.02299     1.3792     82.750  1025.3402  51729.284    31.8349      3.844    7.50542     3.4295     3.4298    25.3220   13.40348 4.3919e+01      3.880 0.0000e+00
        333 111.658414    0.02306     1.3833     83.000  1025.3411  51729.549    31.8350      4.024    7.50542     3.4296     3.4298    25.3220   13.40348 4.1989e+01      4.062 0.0000e+00
        334 111.658417    0.02313     1.3875     83.250  1025.3421  51729.788    31.8350      4.215    7.50541     3.4296     3.4298    25.3221   13.40347 3.9904e+01      4.255 0.0000e+00
        335 111.658420    0.02319     1.3917     83.500  1025.3431  51730.011    31.8351      4.423    7.50539     3.4297     3.4299    25.3222   13.40345 3.7706e+01      4.465 0.0000e+00
        336 111.658423    0.02326     1.3958     83.750  1025.3442  51730.237    31.8351      4.650    7.50538     3.4298     3.4299    25.3222   13.40342 3.5506e+01      4.694 0.0000e+00
        337 111.658426    0.02333     1.4000     84.000  1025.3454  51730.459    31.8352      4.895    7.50536     3.4300     3.4300    25.3222   13.40338 3.3386e+01      4.941 0.0000e+00
        338 111.658429    0.02340     1.4042     84.250  1025.3466  51730.625    31.8352      5.153    7.50533     3.4302     3.4302    25.3222   13.40334 3.1403e+01      5.202 0.0000e+00
        339 111.658432    0.02347     1.4083     84.500  1025.3478  51730.689    31.8351      5.418    7.50530     3.4303     3.4303    25.3222   13.40329 2.9615e+01      5.469 0.0000e+00
        340 111.658435    0.02354     1.4125     84.750  1025.3490  51730.681    31.8350      5.681    7.50528     3.4303     3.4305    25.3221   13.40326 2.8058e+01      5.735 0.0000e+00
