CTD-processing/allCTD/CNV--homogene/2013_10-29_t4_s07_cast129.cnv
* Sea-Bird SBE19plus Data File:
* FileName = C:\Users\kris.holderied\Documents\kasitsna\Research-Projects-and-Data\Oceanography-AK\CTD-CookInlet-GulfWatchAK\2013-10-11-EVOSTC-CookInlet-Ocean\2013-10-29-CookInlet-Tran4-Barabara\2013-10-29-CookInlet-Tran4-cast129.hex
* Software Version 1.59
* Temperature SN =  5028
* Conductivity SN =  5028
* System UpLoad Time = Feb 14 2014 21:29:54
** Cook Inlet Transect 4 (Barabara) north to south
** Date: 2013-10-29
** Station: 4-07
** Start time: 13:59
** Depth (m): 35
** Comment:  CTD instrument time is AK Daylight time
** Comment:
# nquan = 17
# nvalues = 464                         
# units = specified
# name 0 = scan: Scan Count
# name 1 = timeJ: Julian Days
# name 2 = timeH: Time, Elapsed [hours]
# name 3 = timeM: Time, Elapsed [minutes]
# name 4 = timeS: Time, Elapsed [seconds]
# name 5 = density00: Density [density, kg/m^3]
# name 6 = specc: Specific Conductance [uS/cm]
# name 7 = sal00: Salinity, Practical [PSU]
# name 8 = depSM: Depth [salt water, m], lat = 59.00
# name 9 = oxsolML/L: Oxygen Saturation, Garcia & Gordon [ml/l]
# name 10 = potemp090C: Potential Temperature [ITS-90, deg C]
# name 11 = tv290C: Temperature [ITS-90, deg C]
# name 12 = sigma-é00: Density [sigma-theta, kg/m^3]
# name 13 = n2satML/L: Nitrogen Saturation [ml/l]
# name 14 = par: PAR/Irradiance, Biospherical/Licor
# name 15 = prdM: Pressure, Strain Gauge [db]
# name 16 = flag:  0.000e+00
# span 0 =          1,        464       
# span 1 = 302.583935, 302.585275       
# span 2 =    0.00000,    0.03215       
# span 3 =     0.0000,     1.9292       
# span 4 =      0.000,    115.750       
# span 5 =   999.8994,  1023.6254       
# span 6 =    235.653,  48016.836       
# span 7 =     0.1094,    30.2803       
# span 8 =     -0.189,     35.035       
# span 9 =    6.69296,    8.16609       
# span 10 =     8.5740,     8.7609      
# span 11 =     8.5740,     8.7612      
# span 12 =    -0.0997,    23.4639      
# span 13 =   12.08048,   14.95750      
# span 14 = 1.1789e+00, 1.8916e+02      
# span 15 =     -0.191,     35.369      
# span 16 = 0.0000e+00, 0.0000e+00      
# interval = seconds: 0.25
# start_time = Oct 29 2013 14:00:52 [Instrument's time stamp, header]
# bad_flag = -9.990e-29
*END*
[from data line 86]
         87 302.584184    0.00597     0.3583     21.500  1023.1845  47479.107    29.9195      0.697    6.70885     8.7421     8.7399    23.1813   12.11123 8.3715e+01      0.703 0.0000e+00
         88 302.584187    0.00604     0.3625     21.750  1023.1807  47472.121    29.9148      0.708    6.70884     8.7423     8.7413    23.1775   12.11127 8.4573e+01      0.714 0.0000e+00
         89 302.584190    0.00611     0.3667     22.000  1023.1753  47462.265    29.9081      0.712    6.70901     8.7418     8.7421    23.1720   12.11163 8.5369e+01      0.719 0.0000e+00
         90 302.584193    0.00618     0.3708     22.250  1023.1708  47453.925    29.9023      0.710    6.70923     8.7410     8.7423    23.1675   12.11206 8.5072e+01      0.716 0.0000e+00
         91 302.584196    0.00625     0.3750     22.500  1023.1695  47451.673    29.9007      0.700    6.70937     8.7401     8.7419    23.1663   12.11231 8.4821e+01      0.707 0.0000e+00
         92 302.584198    0.00632     0.3792     22.750  1023.1722  47456.564    29.9040      0.687    6.70936     8.7397     8.7410    23.1690   12.11225 8.5729e+01      0.693 0.0000e+00
         93 302.584201    0.00639     0.3833     23.000  1023.1767  47464.994    29.9097      0.674    6.70923     8.7400     8.7402    23.1736   12.11197 8.7143e+01      0.680 0.0000e+00
         94 302.584204    0.00646     0.3875     23.250  1023.1803  47471.514    29.9142      0.665    6.70909     8.7405     8.7398    23.1772   12.11168 8.7850e+01      0.672 0.0000e+00
         95 302.584207    0.00653     0.3917     23.500  1023.1810  47472.937    29.9153      0.661    6.70901     8.7407     8.7400    23.1780   12.11154 8.8244e+01      0.668 0.0000e+00
         96 302.584210    0.00660     0.3958     23.750  1023.1787  47468.603    29.9123      0.661    6.70906     8.7403     8.7406    23.1756   12.11166 8.9286e+01      0.667 0.0000e+00
         97 302.584213    0.00667     0.4000     24.000  1023.1741  47460.243    29.9065      0.661    6.70927     8.7389     8.7408    23.1710   12.11208 8.9972e+01      0.668 0.0000e+00
         98 302.584216    0.00674     0.4042     24.250  1023.1697  47452.149    29.9008      0.661    6.70958     8.7364     8.7404    23.1666   12.11267 8.8847e+01      0.667 0.0000e+00
         99 302.584219    0.00681     0.4083     24.500  1023.1680  47448.957    29.8984      0.658    6.70990     8.7335     8.7390    23.1649   12.11323 8.6576e+01      0.664 0.0000e+00
        100 302.584222    0.00688     0.4125     24.750  1023.1708  47453.908    29.9015      0.654    6.71014     8.7315     8.7365    23.1677   12.11359 8.4969e+01      0.660 0.0000e+00
        101 302.584225    0.00694     0.4167     25.000  1023.1780  47466.955    29.9102      0.653    6.71020     8.7312     8.7336    23.1750   12.11357 8.4352e+01      0.659 0.0000e+00
        102 302.584227    0.00701     0.4208     25.250  1023.1871  47483.489    29.9215      0.657    6.71002     8.7328     8.7315    23.1841   12.11313 8.4208e+01      0.663 0.0000e+00
        103 302.584230    0.00708     0.4250     25.500  1023.1950  47497.769    29.9314      0.669    6.70962     8.7356     8.7313    23.1918   12.11235 8.4159e+01      0.675 0.0000e+00
        104 302.584233    0.00715     0.4292     25.750  1023.1999  47506.854    29.9379      0.685    6.70909     8.7386     8.7329    23.1967   12.11140 8.4043e+01      0.691 0.0000e+00
        105 302.584236    0.00722     0.4333     26.000  1023.2018  47510.379    29.9407      0.702    6.70856     8.7413     8.7357    23.1986   12.11047 8.4304e+01      0.708 0.0000e+00
        106 302.584239    0.00729     0.4375     26.250  1023.2011  47509.151    29.9403      0.717    6.70812     8.7433     8.7387    23.1978   12.10976 8.5327e+01      0.723 0.0000e+00
        107 302.584242    0.00736     0.4417     26.500  1023.1986  47504.648    29.9375      0.726    6.70785     8.7447     8.7414    23.1952   12.10933 8.6529e+01      0.733 0.0000e+00
        108 302.584245    0.00743     0.4458     26.750  1023.1955  47499.166    29.9340      0.729    6.70770     8.7458     8.7434    23.1921   12.10913 8.6980e+01      0.736 0.0000e+00
        109 302.584248    0.00750     0.4500     27.000  1023.1933  47495.228    29.9314      0.725    6.70759     8.7467     8.7448    23.1899   12.10899 8.7338e+01      0.732 0.0000e+00
        110 302.584251    0.00757     0.4542     27.250  1023.1920  47493.012    29.9300      0.716    6.70749     8.7474     8.7459    23.1887   12.10885 8.8898e+01      0.723 0.0000e+00
        111 302.584253    0.00764     0.4583     27.500  1023.1905  47490.439    29.9284      0.704    6.70743     8.7481     8.7467    23.1873   12.10877 9.0657e+01      0.711 0.0000e+00
        112 302.584256    0.00771     0.4625     27.750  1023.1881  47486.238    29.9256      0.691    6.70744     8.7486     8.7475    23.1850   12.10881 9.1493e+01      0.698 0.0000e+00
        113 302.584259    0.00778     0.4667     28.000  1023.1850  47480.651    29.9218      0.678    6.70751     8.7489     8.7482    23.1819   12.10896 9.2043e+01      0.685 0.0000e+00
        114 302.584262    0.00785     0.4708     28.250  1023.1818  47474.873    29.9178      0.666    6.70760     8.7492     8.7487    23.1787   12.10917 9.2285e+01      0.673 0.0000e+00
        115 302.584265    0.00792     0.4750     28.500  1023.1795  47470.771    29.9150      0.655    6.70767     8.7494     8.7490    23.1764   12.10933 9.1787e+01      0.662 0.0000e+00
        116 302.584268    0.00799     0.4792     28.750  1023.1788  47469.688    29.9142      0.646    6.70767     8.7496     8.7492    23.1758   12.10933 9.1006e+01      0.653 0.0000e+00
        117 302.584271    0.00806     0.4833     29.000  1023.1797  47471.323    29.9154      0.640    6.70759     8.7498     8.7494    23.1767   12.10919 9.0116e+01      0.646 0.0000e+00
        118 302.584274    0.00813     0.4875     29.250  1023.1811  47473.947    29.9173      0.636    6.70748     8.7501     8.7496    23.1782   12.10898 8.8868e+01      0.642 0.0000e+00
        119 302.584277    0.00819     0.4917     29.500  1023.1820  47475.635    29.9185      0.636    6.70739     8.7503     8.7498    23.1791   12.10882 8.7761e+01      0.642 0.0000e+00
        120 302.584280    0.00826     0.4958     29.750  1023.1816  47474.861    29.9180      0.639    6.70737     8.7503     8.7501    23.1786   12.10880 8.7229e+01      0.645 0.0000e+00
        121 302.584282    0.00833     0.5000     30.000  1023.1796  47471.163    29.9154      0.644    6.70745     8.7502     8.7503    23.1766   12.10896 8.6562e+01      0.650 0.0000e+00
        122 302.584285    0.00840     0.5042     30.250  1023.1772  47466.653    29.9123      0.651    6.70758     8.7500     8.7503    23.1741   12.10921 8.5033e+01      0.657 0.0000e+00
        123 302.584288    0.00847     0.5083     30.500  1023.1763  47464.951    29.9111      0.659    6.70765     8.7496     8.7502    23.1732   12.10934 8.3062e+01      0.665 0.0000e+00
        124 302.584291    0.00854     0.5125     30.750  1023.1781  47468.255    29.9133      0.669    6.70759     8.7492     8.7500    23.1750   12.10921 8.1329e+01      0.675 0.0000e+00
        125 302.584294    0.00861     0.5167     31.000  1023.1824  47476.019    29.9187      0.683    6.70741     8.7489     8.7497    23.1793   12.10884 8.0710e+01      0.689 0.0000e+00
        126 302.584297    0.00868     0.5208     31.250  1023.1872  47484.570    29.9246      0.700    6.70721     8.7486     8.7493    23.1839   12.10844 8.1901e+01      0.706 0.0000e+00
        127 302.584300    0.00875     0.5250     31.500  1023.1897  47488.988    29.9276      0.716    6.70713     8.7481     8.7489    23.1863   12.10827 8.3333e+01      0.723 0.0000e+00
        128 302.584303    0.00882     0.5292     31.750  1023.1887  47487.131    29.9263      0.727    6.70724     8.7475     8.7486    23.1853   12.10847 8.3413e+01      0.734 0.0000e+00
        129 302.584306    0.00889     0.5333     32.000  1023.1859  47481.949    29.9226      0.731    6.70746     8.7465     8.7482    23.1825   12.10889 8.2995e+01      0.738 0.0000e+00
        130 302.584308    0.00896     0.5375     32.250  1023.1844  47479.128    29.9206      0.728    6.70765     8.7453     8.7476    23.1810   12.10922 8.2670e+01      0.735 0.0000e+00
        131 302.584311    0.00903     0.5417     32.500  1023.1861  47482.258    29.9226      0.722    6.70770     8.7442     8.7466    23.1828   12.10928 8.2494e+01      0.729 0.0000e+00
        132 302.584314    0.00910     0.5458     32.750  1023.1904  47490.009    29.9279      0.718    6.70765     8.7432     8.7454    23.1870   12.10913 8.3662e+01      0.725 0.0000e+00
        133 302.584317    0.00917     0.5500     33.000  1023.1940  47496.605    29.9323      0.719    6.70763     8.7421     8.7443    23.1907   12.10904 8.6002e+01      0.726 0.0000e+00
        134 302.584320    0.00924     0.5542     33.250  1023.1939  47496.344    29.9320      0.720    6.70779     8.7400     8.7433    23.1906   12.10931 8.7110e+01      0.726 0.0000e+00
        135 302.584323    0.00931     0.5583     33.500  1023.1899  47488.967    29.9267      0.713    6.70820     8.7363     8.7421    23.1866   12.11005 8.6365e+01      0.720 0.0000e+00
        136 302.584326    0.00937     0.5625     33.750  1023.1854  47480.762    29.9207      0.696    6.70877     8.7311     8.7400    23.1822   12.11108 8.5202e+01      0.702 0.0000e+00
        137 302.584329    0.00944     0.5667     34.000  1023.1849  47479.826    29.9195      0.668    6.70938     8.7260     8.7364    23.1819   12.11210 8.4538e+01      0.675 0.0000e+00
        138 302.584332    0.00951     0.5708     34.250  1023.1904  47489.717    29.9257      0.637    6.70988     8.7228     8.7312    23.1875   12.11286 8.4543e+01      0.643 0.0000e+00
        139 302.584334    0.00958     0.5750     34.500  1023.1996  47506.415    29.9367      0.611    6.71018     8.7227     8.7261    23.1968   12.11322 8.4344e+01      0.617 0.0000e+00
        140 302.584337    0.00965     0.5792     34.750  1023.2083  47522.133    29.9472      0.599    6.71021     8.7253     8.7229    23.2055   12.11313 8.3052e+01      0.605 0.0000e+00
        141 302.584340    0.00972     0.5833     35.000  1023.2136  47531.857    29.9540      0.603    6.70994     8.7293     8.7227    23.2108   12.11260 8.1783e+01      0.608 0.0000e+00
        142 302.584343    0.00979     0.5875     35.250  1023.2147  47533.965    29.9558      0.618    6.70947     8.7333     8.7253    23.2118   12.11180 8.1839e+01      0.624 0.0000e+00
        143 302.584346    0.00986     0.5917     35.500  1023.2117  47528.559    29.9526      0.638    6.70900     8.7367     8.7293    23.2087   12.11107 8.1749e+01      0.644 0.0000e+00
        144 302.584349    0.00993     0.5958     35.750  1023.2057  47517.706    29.9455      0.659    6.70870     8.7393     8.7333    23.2027   12.11065 8.0694e+01      0.665 0.0000e+00
        145 302.584352    0.01000     0.6000     36.000  1023.1992  47505.854    29.9377      0.677    6.70852     8.7410     8.7367    23.1961   12.11046 8.0526e+01      0.684 0.0000e+00
        146 302.584355    0.01007     0.6042     36.250  1023.1947  47497.618    29.9323      0.693    6.70837     8.7419     8.7393    23.1915   12.11027 8.1861e+01      0.700 0.0000e+00
        147 302.584358    0.01014     0.6083     36.500  1023.1927  47494.122    29.9301      0.708    6.70821     8.7419     8.7410    23.1895   12.11003 8.3470e+01      0.715 0.0000e+00
        148 302.584361    0.01021     0.6125     36.750  1023.1919  47492.606    29.9292      0.721    6.70812     8.7410     8.7419    23.1886   12.10989 8.4142e+01      0.728 0.0000e+00
        149 302.584363    0.01028     0.6167     37.000  1023.1902  47489.321    29.9269      0.731    6.70821     8.7391     8.7420    23.1868   12.11007 8.3515e+01      0.738 0.0000e+00
        150 302.584366    0.01035     0.6208     37.250  1023.1871  47483.674    29.9228      0.733    6.70852     8.7358     8.7411    23.1838   12.11063 8.3304e+01      0.740 0.0000e+00
        151 302.584369    0.01042     0.6250     37.500  1023.1846  47478.968    29.9193      0.726    6.70896     8.7311     8.7392    23.1813   12.11141 8.4786e+01      0.733 0.0000e+00
        152 302.584372    0.01049     0.6292     37.750  1023.1847  47479.043    29.9189      0.713    6.70948     8.7262     8.7359    23.1815   12.11228 8.5994e+01      0.719 0.0000e+00
        153 302.584375    0.01056     0.6333     38.000  1023.1885  47485.773    29.9229      0.696    6.71001     8.7225     8.7312    23.1853   12.11310 8.6043e+01      0.703 0.0000e+00
        154 302.584378    0.01063     0.6375     38.250  1023.1951  47497.666    29.9306      0.682    6.71042     8.7211     8.7263    23.1920   12.11368 8.6384e+01      0.688 0.0000e+00
        155 302.584381    0.01069     0.6417     38.500  1023.2018  47509.730    29.9385      0.674    6.71063     8.7217     8.7226    23.1987   12.11393 8.7963e+01      0.680 0.0000e+00
        156 302.584384    0.01076     0.6458     38.750  1023.2057  47516.678    29.9432      0.672    6.71065     8.7234     8.7211    23.2026   12.11391 9.0805e+01      0.679 0.0000e+00
        157 302.584387    0.01083     0.6500     39.000  1023.2054  47516.215    29.9429      0.673    6.71057     8.7249     8.7217    23.2023   12.11378 9.3075e+01      0.679 0.0000e+00
        158 302.584389    0.01090     0.6542     39.250  1023.2019  47509.989    29.9388      0.671    6.71049     8.7254     8.7234    23.1988   12.11370 9.3188e+01      0.678 0.0000e+00
        159 302.584392    0.01097     0.6583     39.500  1023.1980  47502.827    29.9341      0.667    6.71046     8.7245     8.7250    23.1948   12.11371 9.2294e+01      0.673 0.0000e+00
        160 302.584395    0.01104     0.6625     39.750  1023.1962  47499.687    29.9319      0.660    6.71048     8.7228     8.7255    23.1931   12.11377 9.2139e+01      0.666 0.0000e+00
        161 302.584398    0.01111     0.6667     40.000  1023.1977  47502.540    29.9338      0.654    6.71054     8.7218     8.7245    23.1947   12.11385 9.3104e+01      0.660 0.0000e+00
        162 302.584401    0.01118     0.6708     40.250  1023.2013  47508.921    29.9380      0.654    6.71061     8.7219     8.7229    23.1983   12.11391 9.4300e+01      0.660 0.0000e+00
        163 302.584404    0.01125     0.6750     40.500  1023.2040  47513.730    29.9412      0.658    6.71062     8.7229     8.7218    23.2009   12.11390 9.3941e+01      0.664 0.0000e+00
        164 302.584407    0.01132     0.6792     40.750  1023.2039  47513.564    29.9411      0.665    6.71060     8.7239     8.7220    23.2008   12.11387 9.2013e+01      0.671 0.0000e+00
        165 302.584410    0.01139     0.6833     41.000  1023.2015  47509.244    29.9382      0.669    6.71058     8.7243     8.7229    23.1984   12.11387 9.0894e+01      0.675 0.0000e+00
        166 302.584413    0.01146     0.6875     41.250  1023.1989  47504.458    29.9350      0.671    6.71057     8.7240     8.7239    23.1958   12.11389 9.0706e+01      0.677 0.0000e+00
        167 302.584416    0.01153     0.6917     41.500  1023.1979  47502.639    29.9338      0.671    6.71056     8.7233     8.7244    23.1948   12.11388 9.0058e+01      0.677 0.0000e+00
        168 302.584418    0.01160     0.6958     41.750  1023.1995  47505.505    29.9357      0.672    6.71053     8.7231     8.7240    23.1964   12.11381 8.8759e+01      0.678 0.0000e+00
        169 302.584421    0.01167     0.7000     42.000  1023.2033  47512.416    29.9404      0.677    6.71043     8.7242     8.7233    23.2002   12.11358 8.6420e+01      0.684 0.0000e+00
        170 302.584424    0.01174     0.7042     42.250  1023.2077  47520.377    29.9460      0.690    6.71022     8.7268     8.7231    23.2045   12.11316 8.4237e+01      0.697 0.0000e+00
