CTD-processing/allCTD/CNV--homogene/2013_06-06_alongbay_skb05_outer_cast100.cnv
* Sea-Bird SBE19plus Data File:
* FileName = C:\Documents and Settings\kbayadmin\My Documents\CTD data\2013-06-06 Kachemak Bay all bay inner bay Nuka\2013-06-06 Kachemak Bay All Bay Outer Bay cast100.hex
* Software Version 1.59
* Temperature SN =  4141
* Conductivity SN =  4141
* System UpLoad Time = Jun 18 2013 16:29:54
** Kachemak Bay All Bay Outer Bay
** 2013-06-06
** Station: KBay 5
** N': 59 33.7806
** W': 151 27.585
** Start Time: 1334
** Depth(ft): 587
# nquan = 17
# nvalues = 1051                        
# units = specified
# name 0 = scan: Scan Count
# name 1 = timeJ: Julian Days
# name 2 = timeH: Time, Elapsed [hours]
# name 3 = timeM: Time, Elapsed [minutes]
# name 4 = timeS: Time, Elapsed [seconds]
# name 5 = density00: Density [density, kg/m^3]
# name 6 = specc: Specific Conductance [uS/cm]
# name 7 = sal00: Salinity, Practical [PSU]
# name 8 = depSM: Depth [salt water, m], lat = 59.00
# name 9 = oxsolML/L: Oxygen Saturation, Garcia & Gordon [ml/l]
# name 10 = potemp090C: Potential Temperature [ITS-90, deg C]
# name 11 = tv290C: Temperature [ITS-90, deg C]
# name 12 = sigma-é00: Density [sigma-theta, kg/m^3]
# name 13 = n2satML/L: Nitrogen Saturation [ml/l]
# name 14 = par: PAR/Irradiance, Biospherical/Licor
# name 15 = prdM: Pressure, Strain Gauge [db]
# name 16 = flag:  0.000e+00
# span 0 =          1,       1051       
# span 1 = 157.564931, 157.567969       
# span 2 =    0.00000,    0.07292       
# span 3 =     0.0000,     4.3750       
# span 4 =      0.000,    262.500       
# span 5 =   999.9613,  1025.9936       
# span 6 =    341.953,  51495.209       
# span 7 =     0.1600,    31.8907       
# span 8 =     -0.094,    158.548       
# span 9 =    6.57341,    8.22688       
# span 10 =     4.6391,     9.7570      
# span 11 =     4.6503,     9.7571      
# span 12 =    -0.0382,    25.2493      
# span 13 =   11.88588,   15.05925      
# span 14 = 3.6382e-02, 5.8793e+01      
# span 15 =     -0.095,    160.106      
# span 16 = 0.0000e+00, 0.0000e+00      
# interval = seconds: 0.25
# start_time = Jun 06 2013 13:33:30 [Instrument's time stamp, header]
# bad_flag = -9.990e-29
*END*
[from data line 86]
         87 157.565179    0.00597     0.3583     21.500  1023.3804  47846.353    30.1978      1.160    6.67250     8.8966     8.9019    23.3751   12.04759 2.3219e+01      1.171 0.0000e+00
         88 157.565182    0.00604     0.3625     21.750  1023.3802  47845.808    30.1972      1.156    6.67280     8.8923     8.9001    23.3749   12.04809 2.5150e+01      1.168 0.0000e+00
         89 157.565185    0.00611     0.3667     22.000  1023.3810  47847.110    30.1977      1.149    6.67329     8.8882     8.8967    23.3757   12.04891 2.7051e+01      1.160 0.0000e+00
         90 157.565188    0.00618     0.3708     22.250  1023.3826  47849.793    30.1990      1.140    6.67388     8.8850     8.8924    23.3774   12.04985 2.7462e+01      1.151 0.0000e+00
         91 157.565191    0.00625     0.3750     22.500  1023.3845  47853.048    30.2007      1.134    6.67442     8.8833     8.8883    23.3793   12.05073 2.6843e+01      1.145 0.0000e+00
         92 157.565194    0.00632     0.3792     22.750  1023.3863  47856.081    30.2023      1.134    6.67482     8.8828     8.8851    23.3811   12.05137 2.7671e+01      1.144 0.0000e+00
         93 157.565197    0.00639     0.3833     23.000  1023.3876  47858.320    30.2037      1.138    6.67502     8.8830     8.8834    23.3824   12.05169 2.9481e+01      1.148 0.0000e+00
         94 157.565200    0.00646     0.3875     23.250  1023.3883  47859.522    30.2044      1.142    6.67505     8.8832     8.8829    23.3831   12.05173 3.0978e+01      1.153 0.0000e+00
         95 157.565203    0.00653     0.3917     23.500  1023.3885  47859.771    30.2046      1.143    6.67501     8.8831     8.8831    23.3832   12.05167 3.1656e+01      1.154 0.0000e+00
         96 157.565205    0.00660     0.3958     23.750  1023.3883  47859.456    30.2044      1.138    6.67499     8.8823     8.8833    23.3830   12.05163 3.4298e+01      1.148 0.0000e+00
         97 157.565208    0.00667     0.4000     24.000  1023.3880  47859.065    30.2041      1.129    6.67502     8.8808     8.8832    23.3828   12.05169 3.9985e+01      1.139 0.0000e+00
         98 157.565211    0.00674     0.4042     24.250  1023.3880  47858.970    30.2040      1.120    6.67514     8.8789     8.8825    23.3828   12.05189 4.4142e+01      1.130 0.0000e+00
         99 157.565214    0.00681     0.4083     24.500  1023.3884  47859.660    30.2043      1.115    6.67535     8.8771     8.8810    23.3832   12.05224 4.4016e+01      1.126 0.0000e+00
        100 157.565217    0.00688     0.4125     24.750  1023.3894  47861.381    30.2052      1.116    6.67560     8.8758     8.8790    23.3843   12.05263 4.1821e+01      1.126 0.0000e+00
        101 157.565220    0.00694     0.4167     25.000  1023.3908  47863.705    30.2066      1.120    6.67580     8.8750     8.8772    23.3856   12.05296 4.1809e+01      1.131 0.0000e+00
        102 157.565223    0.00701     0.4208     25.250  1023.3921  47866.065    30.2081      1.125    6.67593     8.8744     8.8759    23.3870   12.05316 4.2385e+01      1.136 0.0000e+00
        103 157.565226    0.00708     0.4250     25.500  1023.3933  47868.016    30.2093      1.129    6.67601     8.8739     8.8751    23.3881   12.05327 4.0529e+01      1.140 0.0000e+00
        104 157.565229    0.00715     0.4292     25.750  1023.3938  47868.882    30.2098      1.132    6.67608     8.8738     8.8745    23.3886   12.05337 3.6781e+01      1.142 0.0000e+00
        105 157.565231    0.00722     0.4333     26.000  1023.3935  47868.393    30.2094      1.132    6.67616     8.8739     8.8740    23.3883   12.05351 2.9951e+01      1.142 0.0000e+00
        106 157.565234    0.00729     0.4375     26.250  1023.3929  47867.213    30.2086      1.131    6.67622     8.8741     8.8739    23.3877   12.05363 2.1636e+01      1.142 0.0000e+00
        107 157.565237    0.00736     0.4417     26.500  1023.3922  47866.023    30.2078      1.130    6.67624     8.8743     8.8740    23.3870   12.05367 1.6073e+01      1.141 0.0000e+00
        108 157.565240    0.00743     0.4458     26.750  1023.3917  47865.180    30.2072      1.129    6.67623     8.8742     8.8742    23.3865   12.05366 1.3664e+01      1.140 0.0000e+00
        109 157.565243    0.00750     0.4500     27.000  1023.3916  47864.874    30.2070      1.128    6.67622     8.8739     8.8744    23.3864   12.05363 1.3212e+01      1.139 0.0000e+00
        110 157.565246    0.00757     0.4542     27.250  1023.3917  47865.057    30.2071      1.129    6.67622     8.8735     8.8743    23.3865   12.05364 1.3785e+01      1.140 0.0000e+00
        111 157.565249    0.00764     0.4583     27.500  1023.3920  47865.522    30.2074      1.130    6.67626     8.8731     8.8740    23.3868   12.05369 1.4724e+01      1.140 0.0000e+00
        112 157.565252    0.00771     0.4625     27.750  1023.3923  47866.045    30.2077      1.131    6.67630     8.8727     8.8736    23.3871   12.05376 1.5065e+01      1.141 0.0000e+00
        113 157.565255    0.00778     0.4667     28.000  1023.3925  47866.528    30.2080      1.132    6.67635     8.8724     8.8732    23.3873   12.05384 1.3680e+01      1.143 0.0000e+00
        114 157.565258    0.00785     0.4708     28.250  1023.3928  47866.990    30.2083      1.134    6.67639     8.8721     8.8728    23.3876   12.05391 1.2196e+01      1.145 0.0000e+00
        115 157.565260    0.00792     0.4750     28.500  1023.3931  47867.450    30.2086      1.137    6.67643     8.8718     8.8725    23.3878   12.05397 1.2179e+01      1.147 0.0000e+00
        116 157.565263    0.00799     0.4792     28.750  1023.3934  47867.947    30.2089      1.139    6.67646     8.8717     8.8722    23.3881   12.05402 1.4461e+01      1.150 0.0000e+00
        117 157.565266    0.00806     0.4833     29.000  1023.3938  47868.678    30.2093      1.142    6.67648     8.8716     8.8719    23.3885   12.05403 1.8663e+01      1.153 0.0000e+00
        118 157.565269    0.00813     0.4875     29.250  1023.3945  47869.982    30.2102      1.146    6.67646     8.8715     8.8718    23.3893   12.05400 2.2650e+01      1.156 0.0000e+00
        119 157.565272    0.00819     0.4917     29.500  1023.3959  47872.386    30.2119      1.148    6.67641     8.8713     8.8717    23.3906   12.05388 2.6668e+01      1.159 0.0000e+00
        120 157.565275    0.00826     0.4958     29.750  1023.3980  47876.302    30.2146      1.148    6.67631     8.8711     8.8716    23.3927   12.05369 2.9830e+01      1.159 0.0000e+00
        121 157.565278    0.00833     0.5000     30.000  1023.4006  47880.972    30.2179      1.144    6.67620     8.8709     8.8714    23.3953   12.05347 3.0638e+01      1.155 0.0000e+00
        122 157.565281    0.00840     0.5042     30.250  1023.4023  47884.153    30.2201      1.137    6.67613     8.8708     8.8712    23.3971   12.05334 3.1485e+01      1.148 0.0000e+00
        123 157.565284    0.00847     0.5083     30.500  1023.4022  47884.124    30.2200      1.132    6.67616     8.8708     8.8710    23.3971   12.05337 3.1689e+01      1.142 0.0000e+00
        124 157.565286    0.00854     0.5125     30.750  1023.4010  47881.811    30.2184      1.130    6.67624     8.8707     8.8709    23.3958   12.05353 3.0271e+01      1.140 0.0000e+00
        125 157.565289    0.00861     0.5167     31.000  1023.3999  47879.881    30.2170      1.132    6.67630     8.8706     8.8709    23.3947   12.05366 3.0995e+01      1.142 0.0000e+00
        126 157.565292    0.00868     0.5208     31.250  1023.4002  47880.317    30.2173      1.136    6.67630     8.8704     8.8708    23.3950   12.05365 3.5035e+01      1.146 0.0000e+00
        127 157.565295    0.00875     0.5250     31.500  1023.4019  47883.404    30.2195      1.140    6.67623     8.8702     8.8707    23.3967   12.05351 3.6539e+01      1.150 0.0000e+00
        128 157.565298    0.00882     0.5292     31.750  1023.4043  47887.765    30.2225      1.142    6.67613     8.8701     8.8705    23.3991   12.05330 3.0524e+01      1.153 0.0000e+00
        129 157.565301    0.00889     0.5333     32.000  1023.4062  47891.192    30.2248      1.144    6.67605     8.8699     8.8703    23.4010   12.05314 2.2911e+01      1.155 0.0000e+00
        130 157.565304    0.00896     0.5375     32.250  1023.4068  47892.292    30.2256      1.146    6.67604     8.8696     8.8702    23.4016   12.05311 1.8829e+01      1.157 0.0000e+00
        131 157.565307    0.00903     0.5417     32.500  1023.4064  47891.577    30.2251      1.149    6.67609     8.8693     8.8700    23.4012   12.05320 1.7059e+01      1.160 0.0000e+00
        132 157.565310    0.00910     0.5458     32.750  1023.4062  47891.045    30.2247      1.154    6.67615     8.8689     8.8697    23.4009   12.05330 1.7752e+01      1.165 0.0000e+00
        133 157.565313    0.00917     0.5500     33.000  1023.4072  47892.797    30.2258      1.158    6.67615     8.8685     8.8694    23.4018   12.05329 2.1710e+01      1.169 0.0000e+00
        134 157.565315    0.00924     0.5542     33.250  1023.4098  47897.652    30.2292      1.159    6.67607     8.8681     8.8690    23.4045   12.05311 2.5785e+01      1.170 0.0000e+00
        135 157.565318    0.00931     0.5583     33.500  1023.4135  47904.251    30.2337      1.156    6.67593     8.8677     8.8686    23.4081   12.05284 2.5520e+01      1.167 0.0000e+00
        136 157.565321    0.00937     0.5625     33.750  1023.4164  47909.655    30.2375      1.149    6.67583     8.8674     8.8682    23.4111   12.05262 2.2765e+01      1.160 0.0000e+00
        137 157.565324    0.00944     0.5667     34.000  1023.4174  47911.593    30.2388      1.142    6.67582     8.8672     8.8678    23.4122   12.05259 2.1123e+01      1.153 0.0000e+00
        138 157.565327    0.00951     0.5708     34.250  1023.4168  47910.415    30.2379      1.137    6.67590     8.8669     8.8675    23.4115   12.05274 2.1622e+01      1.148 0.0000e+00
        139 157.565330    0.00958     0.5750     34.500  1023.4159  47908.751    30.2367      1.136    6.67599     8.8667     8.8673    23.4106   12.05290 2.3091e+01      1.147 0.0000e+00
        140 157.565333    0.00965     0.5792     34.750  1023.4162  47909.248    30.2370      1.136    6.67602     8.8663     8.8670    23.4109   12.05294 2.4542e+01      1.147 0.0000e+00
        141 157.565336    0.00972     0.5833     35.000  1023.4180  47912.577    30.2393      1.136    6.67596     8.8659     8.8668    23.4128   12.05281 2.5405e+01      1.147 0.0000e+00
        142 157.565339    0.00979     0.5875     35.250  1023.4203  47916.810    30.2422      1.137    6.67588     8.8656     8.8664    23.4151   12.05265 2.4074e+01      1.148 0.0000e+00
        143 157.565341    0.00986     0.5917     35.500  1023.4215  47918.962    30.2437      1.138    6.67588     8.8654     8.8660    23.4163   12.05263 2.2596e+01      1.149 0.0000e+00
        144 157.565344    0.00993     0.5958     35.750  1023.4209  47917.839    30.2429      1.143    6.67597     8.8657     8.8657    23.4157   12.05278 2.4521e+01      1.153 0.0000e+00
        145 157.565347    0.01000     0.6000     36.000  1023.4196  47915.389    30.2411      1.151    6.67606     8.8663     8.8656    23.4144   12.05296 3.0117e+01      1.162 0.0000e+00
        146 157.565350    0.01007     0.6042     36.250  1023.4196  47915.305    30.2411      1.160    6.67603     8.8676     8.8658    23.4143   12.05290 3.3817e+01      1.171 0.0000e+00
        147 157.565353    0.01014     0.6083     36.500  1023.4222  47919.953    30.2444      1.166    6.67578     8.8696     8.8665    23.4168   12.05245 3.2202e+01      1.177 0.0000e+00
        148 157.565356    0.01021     0.6125     36.750  1023.4264  47927.795    30.2501      1.165    6.67536     8.8728     8.8677    23.4210   12.05168 2.9492e+01      1.176 0.0000e+00
        149 157.565359    0.01028     0.6167     37.000  1023.4297  47933.989    30.2547      1.158    6.67486     8.8773     8.8698    23.4243   12.05079 2.6173e+01      1.169 0.0000e+00
        150 157.565362    0.01035     0.6208     37.250  1023.4296  47934.188    30.2553      1.149    6.67435     8.8821     8.8730    23.4243   12.04994 2.2075e+01      1.159 0.0000e+00
        151 157.565365    0.01042     0.6250     37.500  1023.4258  47927.639    30.2513      1.142    6.67385     8.8859     8.8775    23.4205   12.04917 2.0253e+01      1.152 0.0000e+00
        152 157.565367    0.01049     0.6292     37.750  1023.4202  47917.705    30.2450      1.140    6.67341     8.8882     8.8822    23.4149   12.04851 1.9801e+01      1.150 0.0000e+00
        153 157.565370    0.01056     0.6333     38.000  1023.4156  47909.598    30.2398      1.142    6.67306     8.8894     8.8860    23.4103   12.04801 1.8749e+01      1.152 0.0000e+00
        154 157.565373    0.01063     0.6375     38.250  1023.4138  47906.600    30.2381      1.146    6.67279     8.8900     8.8883    23.4086   12.04759 1.7502e+01      1.157 0.0000e+00
        155 157.565376    0.01069     0.6417     38.500  1023.4148  47908.433    30.2395      1.152    6.67255     8.8903     8.8895    23.4095   12.04717 1.6983e+01      1.163 0.0000e+00
        156 157.565379    0.01076     0.6458     38.750  1023.4172  47912.803    30.2427      1.159    6.67232     8.8906     8.8901    23.4119   12.04675 1.6595e+01      1.170 0.0000e+00
        157 157.565382    0.01083     0.6500     39.000  1023.4201  47917.983    30.2463      1.166    6.67212     8.8916     8.8904    23.4147   12.04637 1.5214e+01      1.177 0.0000e+00
        158 157.565385    0.01090     0.6542     39.250  1023.4230  47923.336    30.2501      1.171    6.67191     8.8940     8.8908    23.4176   12.04597 1.4160e+01      1.182 0.0000e+00
        159 157.565388    0.01097     0.6583     39.500  1023.4254  47927.807    30.2533      1.172    6.67163     8.8985     8.8917    23.4200   12.04547 1.3896e+01      1.183 0.0000e+00
        160 157.565391    0.01104     0.6625     39.750  1023.4262  47929.497    30.2548      1.169    6.67121     8.9050     8.8941    23.4208   12.04475 1.4067e+01      1.180 0.0000e+00
        161 157.565394    0.01111     0.6667     40.000  1023.4247  47927.092    30.2538      1.162    6.67058     8.9120     8.8987    23.4193   12.04372 1.5074e+01      1.173 0.0000e+00
        162 157.565396    0.01118     0.6708     40.250  1023.4211  47921.094    30.2505      1.153    6.66976     8.9183     8.9051    23.4158   12.04240 1.5876e+01      1.164 0.0000e+00
        163 157.565399    0.01125     0.6750     40.500  1023.4165  47913.281    30.2460      1.146    6.66890     8.9235     8.9121    23.4112   12.04105 1.5833e+01      1.157 0.0000e+00
        164 157.565402    0.01132     0.6792     40.750  1023.4120  47905.499    30.2414      1.142    6.66816     8.9276     8.9184    23.4067   12.03986 1.5422e+01      1.153 0.0000e+00
        165 157.565405    0.01139     0.6833     41.000  1023.4083  47899.234    30.2378      1.141    6.66754     8.9307     8.9236    23.4031   12.03889 1.4892e+01      1.152 0.0000e+00
        166 157.565408    0.01146     0.6875     41.250  1023.4060  47895.296    30.2356      1.144    6.66703     8.9331     8.9277    23.4008   12.03807 1.4451e+01      1.155 0.0000e+00
        167 157.565411    0.01153     0.6917     41.500  1023.4050  47893.651    30.2348      1.150    6.66660     8.9355     8.9308    23.3997   12.03737 1.3847e+01      1.161 0.0000e+00
        168 157.565414    0.01160     0.6958     41.750  1023.4050  47893.719    30.2352      1.157    6.66622     8.9384     8.9332    23.3997   12.03673 1.2841e+01      1.168 0.0000e+00
        169 157.565417    0.01167     0.7000     42.000  1023.4053  47894.541    30.2361      1.165    6.66583     8.9425     8.9356    23.4000   12.03608 1.2143e+01      1.176 0.0000e+00
        170 157.565420    0.01174     0.7042     42.250  1023.4055  47895.084    30.2369      1.171    6.66535     8.9477     8.9385    23.4001   12.03527 1.2145e+01      1.182 0.0000e+00
