CTD-processing/allCTD/CNV--homogene/2013_06-28_t9andtutka_tutkaa_cast191.cnv
* Sea-Bird SBE19plus Data File:
* FileName = C:\Documents and Settings\kbayadmin\My Documents\CTD data\2013-06-28 Kachemak Bay Homer Spit Line and Tutka Bay\2013-06-28 Kachemak Bay Homer Spit Line and Tutka Bay cast191.hex
* Software Version 1.59
* Temperature SN =  5028
* Conductivity SN =  5028
* System UpLoad Time = Jun 29 2013 13:11:46
** Kachemak Bay Homer Spit Line and Tutka Bay
** 2013-06-28
** Station: Tutka A
** N': 59 28.946
** W': -151 29.141
** Start Time: 1252
** Depth(ft): 89
# nquan = 17
# nvalues = 434                         
# units = specified
# name 0 = scan: Scan Count
# name 1 = timeJ: Julian Days
# name 2 = timeH: Time, Elapsed [hours]
# name 3 = timeM: Time, Elapsed [minutes]
# name 4 = timeS: Time, Elapsed [seconds]
# name 5 = density00: Density [density, kg/m^3]
# name 6 = specc: Specific Conductance [uS/cm]
# name 7 = sal00: Salinity, Practical [PSU]
# name 8 = depSM: Depth [salt water, m], lat = 59.00
# name 9 = oxsolML/L: Oxygen Saturation, Garcia & Gordon [ml/l]
# name 10 = potemp090C: Potential Temperature [ITS-90, deg C]
# name 11 = tv290C: Temperature [ITS-90, deg C]
# name 12 = sigma-é00: Density [sigma-theta, kg/m^3]
# name 13 = n2satML/L: Nitrogen Saturation [ml/l]
# name 14 = par: PAR/Irradiance, Biospherical/Licor
# name 15 = prdM: Pressure, Strain Gauge [db]
# name 16 = flag:  0.000e+00
# span 0 =          1,        434       
# span 1 = 179.537083, 179.538336       
# span 2 =    0.00000,    0.03007       
# span 3 =     0.0000,     1.8042       
# span 4 =      0.000,    108.250       
# span 5 =  1000.1940,  1025.0142       
# span 6 =   1341.761,  50595.993       
# span 7 =     0.6755,    31.7331       
# span 8 =      0.068,     25.546       
# span 9 =    6.73207,    7.78722       
# span 10 =     6.4670,    10.4254      
# span 11 =     6.4682,    10.4254      
# span 12 =     0.1936,    24.9018      
# span 13 =   12.13721,   14.30941      
# span 14 = 1.6213e+00, 7.8966e+02      
# span 15 =      0.068,     25.789      
# span 16 = 0.0000e+00, 0.0000e+00      
# interval = seconds: 0.25
# start_time = Jun 28 2013 12:53:24 [Instrument's time stamp, header]
# bad_flag = -9.990e-29
*END*
[from data line 171]
        172 179.537578    0.01188     0.7125     42.750  1024.1969  49295.344    31.0980      0.770    6.75089     8.1213     8.1234    24.1934   12.16630 4.2697e+02      0.778 0.0000e+00
        173 179.537581    0.01194     0.7167     43.000  1024.1972  49295.686    31.0981      0.780    6.75102     8.1205     8.1225    24.1936   12.16652 4.2748e+02      0.787 0.0000e+00
        174 179.537584    0.01201     0.7208     43.250  1024.1998  49300.288    31.1011      0.791    6.75105     8.1209     8.1214    24.1961   12.16654 4.2706e+02      0.799 0.0000e+00
        175 179.537587    0.01208     0.7250     43.500  1024.2034  49306.792    31.1056      0.801    6.75097     8.1233     8.1206    24.1997   12.16635 4.2867e+02      0.809 0.0000e+00
        176 179.537590    0.01215     0.7292     43.750  1024.2049  49309.558    31.1076      0.806    6.75082     8.1277     8.1210    24.2012   12.16608 4.3055e+02      0.814 0.0000e+00
        177 179.537593    0.01222     0.7333     44.000  1024.2021  49304.484    31.1044      0.807    6.75061     8.1329     8.1233    24.1984   12.16576 4.3097e+02      0.815 0.0000e+00
        178 179.537595    0.01229     0.7375     44.250  1024.1939  49289.737    31.0947      0.804    6.75035     8.1360     8.1278    24.1902   12.16546 4.3164e+02      0.812 0.0000e+00
        179 179.537598    0.01236     0.7417     44.500  1024.1817  49267.643    31.0801      0.800    6.75020     8.1346     8.1330    24.1780   12.16538 4.3260e+02      0.808 0.0000e+00
        180 179.537601    0.01243     0.7458     44.750  1024.1705  49247.333    31.0664      0.797    6.75033     8.1289     8.1361    24.1668   12.16577 4.3325e+02      0.805 0.0000e+00
        181 179.537604    0.01250     0.7500     45.000  1024.1664  49239.852    31.0609      0.796    6.75079     8.1221     8.1347    24.1627   12.16660 4.3255e+02      0.804 0.0000e+00
        182 179.537607    0.01257     0.7542     45.250  1024.1717  49249.267    31.0666      0.799    6.75141     8.1181     8.1290    24.1680   12.16755 4.3090e+02      0.807 0.0000e+00
        183 179.537610    0.01264     0.7583     45.500  1024.1829  49269.292    31.0796      0.803    6.75189     8.1194     8.1221    24.1791   12.16819 4.3004e+02      0.811 0.0000e+00
        184 179.537613    0.01271     0.7625     45.750  1024.1932  49287.933    31.0920      0.808    6.75195     8.1268     8.1182    24.1894   12.16813 4.2920e+02      0.816 0.0000e+00
        185 179.537616    0.01278     0.7667     46.000  1024.1973  49295.556    31.0975      0.811    6.75151     8.1388     8.1195    24.1936   12.16732 4.2803e+02      0.819 0.0000e+00
        186 179.537619    0.01285     0.7708     46.250  1024.1932  49288.408    31.0936      0.810    6.75055     8.1511     8.1269    24.1895   12.16579 4.2852e+02      0.818 0.0000e+00
        187 179.537622    0.01292     0.7750     46.500  1024.1820  49268.366    31.0815      0.807    6.74925     8.1597     8.1389    24.1782   12.16379 4.3128e+02      0.815 0.0000e+00
        188 179.537624    0.01299     0.7792     46.750  1024.1673  49242.235    31.0651      0.800    6.74808     8.1630     8.1512    24.1636   12.16206 4.3340e+02      0.808 0.0000e+00
        189 179.537627    0.01306     0.7833     47.000  1024.1538  49217.924    31.0494      0.793    6.74746     8.1608     8.1598    24.1501   12.16123 4.3329e+02      0.801 0.0000e+00
        190 179.537630    0.01313     0.7875     47.250  1024.1448  49201.614    31.0385      0.787    6.74743     8.1533     8.1631    24.1411   12.16132 4.3248e+02      0.795 0.0000e+00
        191 179.537633    0.01319     0.7917     47.500  1024.1430  49198.274    31.0359      0.783    6.74789     8.1433     8.1609    24.1394   12.16210 4.3106e+02      0.791 0.0000e+00
        192 179.537636    0.01326     0.7958     47.750  1024.1498  49210.399    31.0432      0.783    6.74870     8.1353     8.1534    24.1462   12.16336 4.2917e+02      0.791 0.0000e+00
        193 179.537639    0.01333     0.8000     48.000  1024.1629  49233.884    31.0581      0.786    6.74959     8.1326     8.1434    24.1593   12.16464 4.2760e+02      0.794 0.0000e+00
        194 179.537642    0.01340     0.8042     48.250  1024.1764  49258.272    31.0739      0.790    6.75012     8.1362     8.1353    24.1728   12.16533 4.2717e+02      0.798 0.0000e+00
        195 179.537645    0.01347     0.8083     48.500  1024.1849  49273.534    31.0841      0.794    6.75007     8.1450     8.1327    24.1812   12.16513 4.2717e+02      0.801 0.0000e+00
        196 179.537648    0.01354     0.8125     48.750  1024.1853  49274.392    31.0853      0.794    6.74948     8.1554     8.1362    24.1816   12.16413 4.2669e+02      0.802 0.0000e+00
        197 179.537650    0.01361     0.8167     49.000  1024.1773  49260.131    31.0767      0.791    6.74852     8.1628     8.1450    24.1736   12.16264 4.2716e+02      0.798 0.0000e+00
        198 179.537653    0.01368     0.8208     49.250  1024.1635  49235.410    31.0610      0.784    6.74760     8.1644     8.1555    24.1598   12.16132 4.2731e+02      0.792 0.0000e+00
        199 179.537656    0.01375     0.8250     49.500  1024.1494  49210.032    31.0444      0.777    6.74720     8.1596     8.1629    24.1458   12.16086 4.2643e+02      0.784 0.0000e+00
        200 179.537659    0.01382     0.8292     49.750  1024.1407  49194.264    31.0336      0.770    6.74743     8.1494     8.1645    24.1371   12.16138 4.2648e+02      0.777 0.0000e+00
        201 179.537662    0.01389     0.8333     50.000  1024.1409  49194.472    31.0330      0.766    6.74820     8.1375     8.1596    24.1373   12.16266 4.2514e+02      0.773 0.0000e+00
        202 179.537665    0.01396     0.8375     50.250  1024.1502  49211.110    31.0431      0.764    6.74932     8.1285     8.1494    24.1467   12.16439 4.2171e+02      0.772 0.0000e+00
        203 179.537668    0.01403     0.8417     50.500  1024.1650  49237.720    31.0598      0.766    6.75040     8.1249     8.1375    24.1615   12.16597 4.2083e+02      0.773 0.0000e+00
        204 179.537671    0.01410     0.8458     50.750  1024.1800  49264.584    31.0772      0.770    6.75101     8.1277     8.1285    24.1764   12.16676 4.2212e+02      0.777 0.0000e+00
        205 179.537674    0.01417     0.8500     51.000  1024.1910  49284.511    31.0906      0.777    6.75097     8.1373     8.1250    24.1874   12.16652 4.2331e+02      0.784 0.0000e+00
        206 179.537677    0.01424     0.8542     51.250  1024.1952  49292.223    31.0964      0.783    6.75029     8.1520     8.1277    24.1916   12.16533 4.2530e+02      0.790 0.0000e+00
        207 179.537679    0.01431     0.8583     51.500  1024.1896  49282.356    31.0910      0.783    6.74905     8.1667     8.1374    24.1859   12.16336 4.2744e+02      0.791 0.0000e+00
        208 179.537682    0.01438     0.8625     51.750  1024.1741  49254.672    31.0739      0.779    6.74757     8.1769     8.1520    24.1704   12.16111 4.2970e+02      0.786 0.0000e+00
        209 179.537685    0.01444     0.8667     52.000  1024.1532  49217.340    31.0501      0.772    6.74637     8.1800     8.1667    24.1496   12.15942 4.3165e+02      0.779 0.0000e+00
        210 179.537688    0.01451     0.8708     52.250  1024.1339  49182.530    31.0273      0.767    6.74582     8.1748     8.1769    24.1303   12.15878 4.3227e+02      0.774 0.0000e+00
        211 179.537691    0.01458     0.8750     52.500  1024.1223  49161.581    31.0131      0.764    6.74597     8.1627     8.1800    24.1188   12.15920 4.3070e+02      0.771 0.0000e+00
        212 179.537694    0.01465     0.8792     52.750  1024.1225  49161.655    31.0124      0.764    6.74679     8.1485     8.1749    24.1190   12.16058 4.2647e+02      0.772 0.0000e+00
        213 179.537697    0.01472     0.8833     53.000  1024.1342  49182.412    31.0251      0.768    6.74808     8.1376     8.1628    24.1306   12.16256 4.2192e+02      0.775 0.0000e+00
        214 179.537700    0.01479     0.8875     53.250  1024.1523  49214.907    31.0456      0.775    6.74934     8.1330     8.1486    24.1487   12.16439 4.1913e+02      0.782 0.0000e+00
        215 179.537703    0.01486     0.8917     53.500  1024.1702  49246.887    31.0663      0.785    6.75009     8.1364     8.1377    24.1665   12.16537 4.1856e+02      0.792 0.0000e+00
        216 179.537705    0.01493     0.8958     53.750  1024.1822  49268.613    31.0807      0.795    6.75016     8.1482     8.1331    24.1785   12.16531 4.1953e+02      0.802 0.0000e+00
        217 179.537708    0.01500     0.9000     54.000  1024.1836  49271.309    31.0831      0.800    6.74953     8.1649     8.1365    24.1799   12.16424 4.2203e+02      0.807 0.0000e+00
        218 179.537711    0.01507     0.9042     54.250  1024.1718  49250.214    31.0702      0.799    6.74831     8.1824     8.1482    24.1681   12.16238 4.2477e+02      0.807 0.0000e+00
        219 179.537714    0.01514     0.9083     54.500  1024.1507  49212.422    31.0464      0.795    6.74679     8.1977     8.1650    24.1470   12.16016 4.2646e+02      0.802 0.0000e+00
        220 179.537717    0.01521     0.9125     54.750  1024.1283  49172.434    31.0211      0.789    6.74524     8.2092     8.1825    24.1247   12.15790 4.2832e+02      0.796 0.0000e+00
        221 179.537720    0.01528     0.9167     55.000  1024.1112  49141.910    31.0021      0.784    6.74374     8.2163     8.1978    24.1076   12.15565 4.2932e+02      0.792 0.0000e+00
        222 179.537723    0.01535     0.9208     55.250  1024.1024  49126.405    30.9930      0.782    6.74239     8.2204     8.2093    24.0988   12.15354 4.2870e+02      0.789 0.0000e+00
        223 179.537726    0.01542     0.9250     55.500  1024.1016  49125.264    30.9933      0.782    6.74128     8.2228     8.2164    24.0980   12.15170 4.2831e+02      0.789 0.0000e+00
        224 179.537729    0.01549     0.9292     55.750  1024.1054  49132.360    30.9989      0.784    6.74042     8.2244     8.2205    24.1018   12.15021 4.2747e+02      0.791 0.0000e+00
        225 179.537731    0.01556     0.9333     56.000  1024.1099  49140.550    31.0050      0.788    6.73979     8.2257     8.2229    24.1062   12.14909 4.2608e+02      0.795 0.0000e+00
        226 179.537734    0.01563     0.9375     56.250  1024.1128  49145.809    31.0089      0.792    6.73938     8.2272     8.2245    24.1091   12.14836 4.2582e+02      0.800 0.0000e+00
        227 179.537737    0.01569     0.9417     56.500  1024.1136  49147.443    31.0102      0.796    6.73911     8.2288     8.2258    24.1099   12.14790 4.2618e+02      0.803 0.0000e+00
        228 179.537740    0.01576     0.9458     56.750  1024.1132  49146.697    31.0099      0.797    6.73891     8.2304     8.2273    24.1095   12.14756 4.2705e+02      0.804 0.0000e+00
        229 179.537743    0.01583     0.9500     57.000  1024.1117  49144.070    31.0083      0.796    6.73873     8.2313     8.2289    24.1080   12.14729 4.2805e+02      0.803 0.0000e+00
        230 179.537746    0.01590     0.9542     57.250  1024.1081  49137.689    31.0041      0.793    6.73867     8.2302     8.2305    24.1045   12.14724 4.2842e+02      0.800 0.0000e+00
        231 179.537749    0.01597     0.9583     57.500  1024.1020  49126.600    30.9965      0.789    6.73886     8.2263     8.2314    24.0984   12.14765 4.2810e+02      0.796 0.0000e+00
        232 179.537752    0.01604     0.9625     57.750  1024.0958  49115.266    30.9884      0.786    6.73938     8.2199     8.2303    24.0922   12.14861 4.2745e+02      0.793 0.0000e+00
        233 179.537755    0.01611     0.9667     58.000  1024.0940  49111.743    30.9854      0.785    6.74012     8.2133     8.2264    24.0904   12.14988 4.2636e+02      0.792 0.0000e+00
        234 179.537758    0.01618     0.9708     58.250  1024.0992  49120.948    30.9908      0.787    6.74085     8.2095     8.2200    24.0956   12.15101 4.2472e+02      0.794 0.0000e+00
        235 179.537760    0.01625     0.9750     58.500  1024.1097  49139.732    31.0029      0.790    6.74132     8.2110     8.2134    24.1060   12.15164 4.2495e+02      0.797 0.0000e+00
        236 179.537763    0.01632     0.9792     58.750  1024.1196  49157.642    31.0148      0.793    6.74139     8.2195     8.2095    24.1159   12.15161 4.2620e+02      0.800 0.0000e+00
        237 179.537766    0.01639     0.9833     59.000  1024.1222  49162.413    31.0184      0.794    6.74100     8.2333     8.2111    24.1185   12.15092 4.2600e+02      0.801 0.0000e+00
        238 179.537769    0.01646     0.9875     59.250  1024.1131  49146.181    31.0084      0.792    6.74015     8.2487     8.2196    24.1094   12.14963 4.2691e+02      0.800 0.0000e+00
        239 179.537772    0.01653     0.9917     59.500  1024.0939  49111.793    30.9864      0.789    6.73900     8.2623     8.2334    24.0902   12.14800 4.2918e+02      0.796 0.0000e+00
        240 179.537775    0.01660     0.9958     59.750  1024.0714  49071.490    30.9606      0.785    6.73779     8.2727     8.2487    24.0677   12.14632 4.2988e+02      0.792 0.0000e+00
        241 179.537778    0.01667     1.0000     60.000  1024.0524  49037.463    30.9389      0.782    6.73666     8.2793     8.2624    24.0487   12.14472 4.2988e+02      0.789 0.0000e+00
        242 179.537781    0.01674     1.0042     60.250  1024.0410  49017.167    30.9262      0.781    6.73564     8.2832     8.2728    24.0373   12.14319 4.2926e+02      0.788 0.0000e+00
        243 179.537784    0.01681     1.0083     60.500  1024.0383  49012.679    30.9241      0.782    6.73473     8.2858     8.2794    24.0347   12.14171 4.2645e+02      0.790 0.0000e+00
        244 179.537786    0.01688     1.0125     60.750  1024.0421  49019.748    30.9296      0.785    6.73391     8.2883     8.2832    24.0385   12.14027 4.2379e+02      0.793 0.0000e+00
        245 179.537789    0.01694     1.0167     61.000  1024.0477  49029.981    30.9371      0.789    6.73318     8.2913     8.2858    24.0440   12.13898 4.2343e+02      0.796 0.0000e+00
        246 179.537792    0.01701     1.0208     61.250  1024.0508  49035.719    30.9415      0.791    6.73260     8.2946     8.2884    24.0471   12.13797 4.2424e+02      0.799 0.0000e+00
        247 179.537795    0.01708     1.0250     61.500  1024.0490  49032.655    30.9398      0.791    6.73222     8.2966     8.2914    24.0454   12.13735 4.2551e+02      0.799 0.0000e+00
        248 179.537798    0.01715     1.0292     61.750  1024.0423  49020.562    30.9318      0.790    6.73207     8.2961     8.2947    24.0387   12.13721 4.2581e+02      0.797 0.0000e+00
        249 179.537801    0.01722     1.0333     62.000  1024.0331  49003.905    30.9205      0.786    6.73227     8.2931     8.2967    24.0295   12.13767 4.2537e+02      0.793 0.0000e+00
        250 179.537804    0.01729     1.0375     62.250  1024.0257  48990.373    30.9110      0.783    6.73276     8.2885     8.2962    24.0221   12.13860 4.2697e+02      0.790 0.0000e+00
        251 179.537807    0.01736     1.0417     62.500  1024.0241  48987.367    30.9084      0.781    6.73333     8.2838     8.2931    24.0205   12.13957 4.2891e+02      0.788 0.0000e+00
        252 179.537810    0.01743     1.0458     62.750  1024.0297  48997.346    30.9147      0.779    6.73374     8.2798     8.2886    24.0261   12.14018 4.2837e+02      0.786 0.0000e+00
        253 179.537813    0.01750     1.0500     63.000  1024.0395  49015.084    30.9264      0.779    6.73394     8.2769     8.2839    24.0359   12.14037 4.2602e+02      0.786 0.0000e+00
        254 179.537815    0.01757     1.0542     63.250  1024.0489  49031.943    30.9376      0.779    6.73407     8.2759     8.2799    24.0453   12.14045 4.2489e+02      0.786 0.0000e+00
        255 179.537818    0.01764     1.0583     63.500  1024.0544  49041.859    30.9441      0.780    6.73421     8.2762     8.2770    24.0508   12.14061 4.2509e+02      0.787 0.0000e+00
