CTD-processing/allCTD/CNV--homogene/2013_07-05_t9andtutka_tutkaa_cast214.cnv
* Sea-Bird SBE19plus Data File:
* FileName = C:\Documents and Settings\kbayadmin\My Documents\CTD data\2013-07-05 Kachemak Bay Homer Spit Line and Tutka Bay\2013-07-05 Kachemak Bay Homer Spit Line and Tutka Bay cast214.hex
* Software Version 1.59
* Temperature SN =  5028
* Conductivity SN =  5028
* System UpLoad Time = Jul 06 2013 12:02:36
** Kachemak Bay Homer Spit Line and Tutka Bay
** 2013-07-05
** Station:Tutka A
** N':59 28.877
** W':-151 27.648
** Start Time:1707
** Depth(ft):180
# nquan = 17
# nvalues = 563                         
# units = specified
# name 0 = scan: Scan Count
# name 1 = timeJ: Julian Days
# name 2 = timeH: Time, Elapsed [hours]
# name 3 = timeM: Time, Elapsed [minutes]
# name 4 = timeS: Time, Elapsed [seconds]
# name 5 = density00: Density [density, kg/m^3]
# name 6 = specc: Specific Conductance [uS/cm]
# name 7 = sal00: Salinity, Practical [PSU]
# name 8 = depSM: Depth [salt water, m], lat = 59.00
# name 9 = oxsolML/L: Oxygen Saturation, Garcia & Gordon [ml/l]
# name 10 = potemp090C: Potential Temperature [ITS-90, deg C]
# name 11 = tv290C: Temperature [ITS-90, deg C]
# name 12 = sigma-é00: Density [sigma-theta, kg/m^3]
# name 13 = n2satML/L: Nitrogen Saturation [ml/l]
# name 14 = par: PAR/Irradiance, Biospherical/Licor
# name 15 = prdM: Pressure, Strain Gauge [db]
# name 16 = flag:  0.000e+00
# span 0 =          1,        563       
# span 1 = 186.713229, 186.714855       
# span 2 =    0.00000,    0.03903       
# span 3 =     0.0000,     2.3417       
# span 4 =      0.000,    140.500       
# span 5 =  1000.1273,  1025.0999       
# span 6 =   1142.941,  50542.212       
# span 7 =     0.5601,    31.6622       
# span 8 =     -0.010,     51.753       
# span 9 =    6.74104,    7.83924       
# span 10 =     6.4652,    10.1716      
# span 11 =     6.4695,    10.1716      
# span 12 =     0.1273,    24.8590      
# span 13 =   12.16196,   14.39890      
# span 14 = 5.1808e-02, 1.4372e+02      
# span 15 =     -0.010,     52.248      
# span 16 = 0.0000e+00, 0.0000e+00      
# interval = seconds: 0.25
# start_time = Jul 05 2013 17:07:03 [Instrument's time stamp, header]
# bad_flag = -9.990e-29
*END*
[from data line 86]
         87 186.713478    0.00597     0.3583     21.500  1023.4019  47852.466    30.1268      0.829    6.75686     8.4009     8.3636    23.3981   12.18818 2.8331e+01      0.837 0.0000e+00
         88 186.713481    0.00604     0.3625     21.750  1023.3865  47825.383    30.1106      0.819    6.75482     8.4162     8.3816    23.3827   12.18500 2.8656e+01      0.826 0.0000e+00
         89 186.713484    0.00611     0.3667     22.000  1023.3629  47783.369    30.0841      0.804    6.75303     8.4236     8.4009    23.3592   12.18238 2.9061e+01      0.811 0.0000e+00
         90 186.713487    0.00618     0.3708     22.250  1023.3359  47734.865    30.0525      0.790    6.75209     8.4238     8.4162    23.3323   12.18120 2.9425e+01      0.797 0.0000e+00
         91 186.713490    0.00625     0.3750     22.500  1023.3136  47694.445    30.0254      0.782    6.75215     8.4204     8.4237    23.3100   12.18163 2.9710e+01      0.789 0.0000e+00
         92 186.713492    0.00632     0.3792     22.750  1023.3028  47674.664    30.0116      0.783    6.75272     8.4170     8.4239    23.2992   12.18274 2.9852e+01      0.790 0.0000e+00
         93 186.713495    0.00639     0.3833     23.000  1023.3052  47678.775    30.0140      0.791    6.75313     8.4163     8.4205    23.3016   12.18340 2.9854e+01      0.799 0.0000e+00
         94 186.713498    0.00646     0.3875     23.250  1023.3178  47701.443    30.0293      0.803    6.75297     8.4196     8.4171    23.3140   12.18294 2.9826e+01      0.811 0.0000e+00
         95 186.713501    0.00653     0.3917     23.500  1023.3336  47730.270    30.0493      0.813    6.75220     8.4273     8.4164    23.3298   12.18142 2.9901e+01      0.821 0.0000e+00
         96 186.713504    0.00660     0.3958     23.750  1023.3435  47748.721    30.0626      0.816    6.75112     8.4382     8.4197    23.3397   12.17947 3.0232e+01      0.824 0.0000e+00
         97 186.713507    0.00667     0.4000     24.000  1023.3410  47744.639    30.0609      0.810    6.75001     8.4477     8.4274    23.3373   12.17766 3.0813e+01      0.818 0.0000e+00
         98 186.713510    0.00674     0.4042     24.250  1023.3251  47716.197    30.0426      0.799    6.74917     8.4512     8.4382    23.3214   12.17649 3.1460e+01      0.807 0.0000e+00
         99 186.713513    0.00681     0.4083     24.500  1023.3028  47675.951    30.0159      0.787    6.74889     8.4476     8.4477    23.2992   12.17636 3.2002e+01      0.795 0.0000e+00
        100 186.713516    0.00688     0.4125     24.750  1023.2849  47643.495    29.9938      0.779    6.74932     8.4393     8.4513    23.2814   12.17735 3.2364e+01      0.787 0.0000e+00
        101 186.713519    0.00694     0.4167     25.000  1023.2782  47630.956    29.9846      0.776    6.75028     8.4300     8.4477    23.2746   12.17904 3.2619e+01      0.784 0.0000e+00
        102 186.713521    0.00701     0.4208     25.250  1023.2833  47639.804    29.9895      0.779    6.75132     8.4220     8.4394    23.2797   12.18070 3.2891e+01      0.787 0.0000e+00
        103 186.713524    0.00708     0.4250     25.500  1023.2972  47664.641    30.0055      0.785    6.75204     8.4156     8.4301    23.2935   12.18170 3.3184e+01      0.792 0.0000e+00
        104 186.713527    0.00715     0.4292     25.750  1023.3143  47695.388    30.0258      0.791    6.75238     8.4102     8.4220    23.3106   12.18200 3.3412e+01      0.799 0.0000e+00
        105 186.713530    0.00722     0.4333     26.000  1023.3281  47720.412    30.0423      0.797    6.75262     8.4052     8.4157    23.3244   12.18221 3.3552e+01      0.804 0.0000e+00
        106 186.713533    0.00729     0.4375     26.250  1023.3349  47732.495    30.0500      0.800    6.75311     8.4004     8.4103    23.3312   12.18292 3.3692e+01      0.808 0.0000e+00
        107 186.713536    0.00736     0.4417     26.500  1023.3348  47732.047    30.0489      0.801    6.75391     8.3956     8.4053    23.3311   12.18426 3.3963e+01      0.808 0.0000e+00
        108 186.713539    0.00743     0.4458     26.750  1023.3307  47724.269    30.0428      0.798    6.75492     8.3907     8.4004    23.3270   12.18601 3.4489e+01      0.805 0.0000e+00
        109 186.713542    0.00750     0.4500     27.000  1023.3252  47714.072    30.0350      0.793    6.75600     8.3860     8.3956    23.3216   12.18789 3.5200e+01      0.801 0.0000e+00
        110 186.713545    0.00757     0.4542     27.250  1023.3207  47705.441    30.0283      0.789    6.75702     8.3814     8.3908    23.3170   12.18967 3.5662e+01      0.797 0.0000e+00
        111 186.713547    0.00764     0.4583     27.500  1023.3192  47702.454    30.0256      0.788    6.75787     8.3774     8.3860    23.3156   12.19111 3.5493e+01      0.795 0.0000e+00
        112 186.713550    0.00771     0.4625     27.750  1023.3226  47708.440    30.0291      0.790    6.75842     8.3748     8.3814    23.3190   12.19197 3.4832e+01      0.797 0.0000e+00
        113 186.713553    0.00778     0.4667     28.000  1023.3321  47725.479    30.0404      0.794    6.75853     8.3736     8.3775    23.3284   12.19201 3.4149e+01      0.802 0.0000e+00
        114 186.713556    0.00785     0.4708     28.250  1023.3465  47751.713    30.0583      0.799    6.75814     8.3729     8.3749    23.3428   12.19115 3.3791e+01      0.807 0.0000e+00
        115 186.713559    0.00792     0.4750     28.500  1023.3607  47777.627    30.0762      0.803    6.75753     8.3714     8.3737    23.3570   12.18991 3.3834e+01      0.810 0.0000e+00
        116 186.713562    0.00799     0.4792     28.750  1023.3679  47790.801    30.0852      0.804    6.75725     8.3692     8.3730    23.3642   12.18934 3.4111e+01      0.812 0.0000e+00
        117 186.713565    0.00806     0.4833     29.000  1023.3654  47786.159    30.0818      0.804    6.75762     8.3665     8.3715    23.3617   12.19000 3.4262e+01      0.811 0.0000e+00
        118 186.713568    0.00813     0.4875     29.250  1023.3570  47770.648    30.0707      0.804    6.75845     8.3636     8.3693    23.3533   12.19150 3.4065e+01      0.811 0.0000e+00
        119 186.713571    0.00819     0.4917     29.500  1023.3502  47758.088    30.0615      0.805    6.75927     8.3614     8.3666    23.3465   12.19297 3.3623e+01      0.812 0.0000e+00
        120 186.713573    0.00826     0.4958     29.750  1023.3501  47757.628    30.0608      0.807    6.75973     8.3605     8.3637    23.3464   12.19376 3.3150e+01      0.815 0.0000e+00
        121 186.713576    0.00833     0.5000     30.000  1023.3573  47770.638    30.0695      0.810    6.75969     8.3608     8.3615    23.3535   12.19357 3.2810e+01      0.818 0.0000e+00
        122 186.713579    0.00840     0.5042     30.250  1023.3702  47794.247    30.0858      0.812    6.75911     8.3614     8.3606    23.3664   12.19242 3.2723e+01      0.819 0.0000e+00
        123 186.713582    0.00847     0.5083     30.500  1023.3851  47821.597    30.1049      0.811    6.75823     8.3610     8.3609    23.3814   12.19072 3.2874e+01      0.818 0.0000e+00
        124 186.713585    0.00854     0.5125     30.750  1023.3978  47844.934    30.1213      0.808    6.75743     8.3596     8.3615    23.3941   12.18919 3.3099e+01      0.816 0.0000e+00
        125 186.713588    0.00861     0.5167     31.000  1023.4063  47860.471    30.1321      0.805    6.75701     8.3577     8.3611    23.4026   12.18837 3.3210e+01      0.813 0.0000e+00
        126 186.713591    0.00868     0.5208     31.250  1023.4101  47867.443    30.1367      0.803    6.75702     8.3555     8.3597    23.4064   12.18833 3.3111e+01      0.811 0.0000e+00
        127 186.713594    0.00875     0.5250     31.500  1023.4098  47866.809    30.1360      0.804    6.75735     8.3530     8.3578    23.4061   12.18887 3.2766e+01      0.812 0.0000e+00
        128 186.713597    0.00882     0.5292     31.750  1023.4087  47864.577    30.1342      0.807    6.75776     8.3504     8.3556    23.4049   12.18958 3.2229e+01      0.815 0.0000e+00
        129 186.713600    0.00889     0.5333     32.000  1023.4117  47870.054    30.1376      0.811    6.75799     8.3488     8.3531    23.4080   12.18992 3.1720e+01      0.818 0.0000e+00
        130 186.713602    0.00896     0.5375     32.250  1023.4213  47887.383    30.1493      0.813    6.75788     8.3491     8.3505    23.4175   12.18959 3.1467e+01      0.821 0.0000e+00
        131 186.713605    0.00903     0.5417     32.500  1023.4343  47911.040    30.1655      0.813    6.75741     8.3512     8.3489    23.4305   12.18861 3.1510e+01      0.821 0.0000e+00
        132 186.713608    0.00910     0.5458     32.750  1023.4450  47930.672    30.1793      0.811    6.75676     8.3549     8.3492    23.4412   12.18736 3.1653e+01      0.819 0.0000e+00
        133 186.713611    0.00917     0.5500     33.000  1023.4499  47939.891    30.1860      0.808    6.75614     8.3594     8.3513    23.4461   12.18625 3.1623e+01      0.815 0.0000e+00
        134 186.713614    0.00924     0.5542     33.250  1023.4489  47938.183    30.1853      0.805    6.75560     8.3636     8.3550    23.4451   12.18537 3.1322e+01      0.813 0.0000e+00
        135 186.713617    0.00931     0.5583     33.500  1023.4438  47929.106    30.1797      0.806    6.75516     8.3665     8.3595    23.4400   12.18470 3.0814e+01      0.813 0.0000e+00
        136 186.713620    0.00937     0.5625     33.750  1023.4389  47920.340    30.1742      0.808    6.75477     8.3688     8.3636    23.4351   12.18414 3.0235e+01      0.816 0.0000e+00
        137 186.713623    0.00944     0.5667     34.000  1023.4386  47919.951    30.1743      0.811    6.75432     8.3716     8.3666    23.4348   12.18339 2.9774e+01      0.819 0.0000e+00
        138 186.713626    0.00951     0.5708     34.250  1023.4438  47929.747    30.1815      0.813    6.75365     8.3747     8.3689    23.4401   12.18218 2.9527e+01      0.821 0.0000e+00
        139 186.713628    0.00958     0.5750     34.500  1023.4515  47943.865    30.1917      0.812    6.75278     8.3773     8.3717    23.4477   12.18062 2.9353e+01      0.820 0.0000e+00
        140 186.713631    0.00965     0.5792     34.750  1023.4577  47955.406    30.2002      0.811    6.75193     8.3792     8.3748    23.4539   12.17911 2.9054e+01      0.819 0.0000e+00
        141 186.713634    0.00972     0.5833     35.000  1023.4615  47962.471    30.2055      0.809    6.75129     8.3806     8.3774    23.4577   12.17799 2.8704e+01      0.817 0.0000e+00
        142 186.713637    0.00979     0.5875     35.250  1023.4638  47966.793    30.2088      0.806    6.75086     8.3818     8.3793    23.4600   12.17723 2.8536e+01      0.814 0.0000e+00
        143 186.713640    0.00986     0.5917     35.500  1023.4652  47969.571    30.2109      0.804    6.75056     8.3826     8.3807    23.4615   12.17671 2.8623e+01      0.812 0.0000e+00
        144 186.713643    0.00993     0.5958     35.750  1023.4650  47969.268    30.2109      0.803    6.75039     8.3827     8.3818    23.4613   12.17642 2.8770e+01      0.811 0.0000e+00
        145 186.713646    0.01000     0.6000     36.000  1023.4616  47963.087    30.2067      0.803    6.75044     8.3813     8.3827    23.4579   12.17656 2.8694e+01      0.811 0.0000e+00
        146 186.713649    0.01007     0.6042     36.250  1023.4556  47951.998    30.1990      0.805    6.75076     8.3782     8.3828    23.4518   12.17720 2.8347e+01      0.813 0.0000e+00
        147 186.713652    0.01014     0.6083     36.500  1023.4509  47943.379    30.1928      0.809    6.75125     8.3743     8.3814    23.4472   12.17808 2.7919e+01      0.817 0.0000e+00
        148 186.713655    0.01021     0.6125     36.750  1023.4523  47945.680    30.1939      0.814    6.75167     8.3715     8.3783    23.4485   12.17876 2.7604e+01      0.821 0.0000e+00
        149 186.713657    0.01028     0.6167     37.000  1023.4606  47960.699    30.2038      0.816    6.75183     8.3706     8.3744    23.4568   12.17889 2.7498e+01      0.824 0.0000e+00
        150 186.713660    0.01035     0.6208     37.250  1023.4721  47981.698    30.2181      0.815    6.75164     8.3714     8.3716    23.4684   12.17840 2.7565e+01      0.823 0.0000e+00
        151 186.713663    0.01042     0.6250     37.500  1023.4818  47999.336    30.2302      0.812    6.75125     8.3738     8.3706    23.4780   12.17760 2.7654e+01      0.819 0.0000e+00
        152 186.713666    0.01049     0.6292     37.750  1023.4868  48008.619    30.2368      0.807    6.75084     8.3777     8.3714    23.4831   12.17684 2.7660e+01      0.815 0.0000e+00
        153 186.713669    0.01056     0.6333     38.000  1023.4865  48008.239    30.2369      0.803    6.75046     8.3815     8.3739    23.4828   12.17622 2.7588e+01      0.811 0.0000e+00
        154 186.713672    0.01063     0.6375     38.250  1023.4810  47998.349    30.2305      0.801    6.75015     8.3833     8.3778    23.4773   12.17578 2.7476e+01      0.809 0.0000e+00
        155 186.713675    0.01069     0.6417     38.500  1023.4720  47982.098    30.2198      0.802    6.75004     8.3826     8.3816    23.4683   12.17574 2.7326e+01      0.809 0.0000e+00
        156 186.713678    0.01076     0.6458     38.750  1023.4632  47966.039    30.2088      0.805    6.75023     8.3800     8.3834    23.4595   12.17619 2.7147e+01      0.813 0.0000e+00
        157 186.713681    0.01083     0.6500     39.000  1023.4585  47957.396    30.2027      0.810    6.75062     8.3777     8.3826    23.4548   12.17691 2.6963e+01      0.818 0.0000e+00
        158 186.713683    0.01090     0.6542     39.250  1023.4601  47960.166    30.2042      0.815    6.75094     8.3778     8.3801    23.4564   12.17743 2.6796e+01      0.823 0.0000e+00
        159 186.713686    0.01097     0.6583     39.500  1023.4672  47972.932    30.2128      0.818    6.75093     8.3816     8.3777    23.4634   12.17730 2.6741e+01      0.826 0.0000e+00
        160 186.713689    0.01104     0.6625     39.750  1023.4758  47988.825    30.2239      0.817    6.75042     8.3892     8.3778    23.4721   12.17632 2.6859e+01      0.825 0.0000e+00
        161 186.713692    0.01111     0.6667     40.000  1023.4813  47999.046    30.2316      0.812    6.74951     8.4011     8.3816    23.4775   12.17471 2.7151e+01      0.820 0.0000e+00
        162 186.713695    0.01118     0.6708     40.250  1023.4802  47997.623    30.2317      0.805    6.74834     8.4157     8.3893    23.4765   12.17277 2.7593e+01      0.813 0.0000e+00
        163 186.713698    0.01125     0.6750     40.500  1023.4709  47981.290    30.2220      0.798    6.74696     8.4287     8.4012    23.4673   12.17061 2.8080e+01      0.806 0.0000e+00
        164 186.713701    0.01132     0.6792     40.750  1023.4538  47950.787    30.2029      0.795    6.74557     8.4357     8.4158    23.4502   12.16854 2.8437e+01      0.802 0.0000e+00
        165 186.713704    0.01139     0.6833     41.000  1023.4334  47914.184    30.1792      0.797    6.74463     8.4354     8.4288    23.4298   12.16728 2.8443e+01      0.804 0.0000e+00
        166 186.713707    0.01146     0.6875     41.250  1023.4169  47884.296    30.1594      0.805    6.74443     8.4296     8.4358    23.4132   12.16720 2.8082e+01      0.812 0.0000e+00
        167 186.713709    0.01153     0.6917     41.500  1023.4109  47873.080    30.1515      0.816    6.74482     8.4233     8.4354    23.4071   12.16795 2.7690e+01      0.823 0.0000e+00
        168 186.713712    0.01160     0.6958     41.750  1023.4173  47884.473    30.1586      0.824    6.74539     8.4217     8.4297    23.4135   12.16879 2.7665e+01      0.832 0.0000e+00
        169 186.713715    0.01167     0.7000     42.000  1023.4307  47908.513    30.1745      0.826    6.74564     8.4281     8.4234    23.4268   12.16902 2.8240e+01      0.834 0.0000e+00
        170 186.713718    0.01174     0.7042     42.250  1023.4408  47927.096    30.1872      0.821    6.74533     8.4421     8.4218    23.4370   12.16835 2.9295e+01      0.829 0.0000e+00
