CTD-processing/allCTD/CNV--homogene/2013_01-04_t9_s06_cast006.cnv
* Sea-Bird SBE19plus Data File:
* FileName = C:\Documents and Settings\kris.holderied.local\My Documents\2012-2013-CTD-DATA-new-files\2013-01-04-CTD-HomerSpitLine\2013-01-04-HomerSpitLine-cast006.hex
* Software Version 1.54
* Temperature SN =  5028
* Conductivity SN =  5028
* System UpLoad Time = Feb 11 2013 18:53:37
** Kachemak Bay Spit Line South to North
** Date:  4 Jan 2013
** Station:  9-06
** Start time (AKDT-24 hr):  17:17
** Depth (m):  102
** Comment: After wave buoy rescue.
** Comment: CTD time set wrong by 2 hours
# nquan = 17
# nvalues = 1035                        
# units = specified
# name 0 = scan: Scan Count
# name 1 = timeJ: Julian Days
# name 2 = timeH: Time, Elapsed [hours]
# name 3 = timeM: Time, Elapsed [minutes]
# name 4 = timeS: Time, Elapsed [seconds]
# name 5 = density00: Density [density, kg/m^3]
# name 6 = specc: Specific Conductance [uS/cm]
# name 7 = sal00: Salinity, Practical [PSU]
# name 8 = depSM: Depth [salt water, m], lat = 59.00
# name 9 = oxsolML/L: Oxygen Saturation, Garcia & Gordon [ml/l]
# name 10 = potemp090C: Potential Temperature [ITS-90, deg C]
# name 11 = tv290C: Temperature [ITS-90, deg C]
# name 12 = sigma-é00: Density [sigma-theta, kg/m^3]
# name 13 = n2satML/L: Nitrogen Saturation [ml/l]
# name 14 = par: PAR/Irradiance, Biospherical/Licor
# name 15 = prdM: Pressure, Strain Gauge [db]
# name 16 = flag:  0.000e+00
# span 0 =          1,       1035       
# span 1 =   4.804595,   4.807587       
# span 2 =    0.00000,    0.07181       
# span 3 =     0.0000,     4.3083       
# span 4 =      0.000,    258.500       
# span 5 =   999.9743,  1025.5429       
# span 6 =     16.286,  51204.033       
# span 7 =     0.0066,    31.7298       
# span 8 =     -0.062,     90.229       
# span 9 =    7.28707,    9.38631       
# span 10 =     2.3527,     4.6648      
# span 11 =     2.3527,     4.6711      
# span 12 =    -0.0254,    25.1192      
# span 13 =   13.04449,   17.01029      
# span 14 = 3.7912e-02, 4.2219e+00      
# span 15 =     -0.062,     91.101      
# span 16 = 0.0000e+00, 0.0000e+00      
# interval = seconds: 0.25
# start_time = Jan 04 2013 19:18:37 [Instrument's time stamp, header]
# bad_flag = -9.990e-29
*END*
[from data line 426]
        427   4.805828    0.02958     1.7750    106.500  1024.7583  50662.684    31.0464      9.076    7.59195     3.2304     3.1828    24.7152   13.55670 3.7933e-02      9.162 0.0000e+00
        428   4.805830    0.02965     1.7792    106.750  1024.7618  50662.779    31.0525      9.221    7.58712     3.2502     3.2068    24.7180   13.54864 3.7924e-02      9.308 0.0000e+00
        429   4.805833    0.02972     1.7833    107.000  1024.7569  50647.371    31.0481      9.351    7.58282     3.2651     3.2309    24.7125   13.54161 3.7919e-02      9.439 0.0000e+00
        430   4.805836    0.02979     1.7875    107.250  1024.7504  50630.195    31.0414      9.468    7.57943     3.2758     3.2507    24.7055   13.53611 3.7916e-02      9.557 0.0000e+00
        431   4.805839    0.02986     1.7917    107.500  1024.7453  50616.596    31.0359      9.576    7.57693     3.2835     3.2656    24.6999   13.53204 3.7915e-02      9.666 0.0000e+00
        432   4.805842    0.02993     1.7958    107.750  1024.7422  50607.630    31.0325      9.682    7.57510     3.2895     3.2763    24.6963   13.52907 3.7914e-02      9.773 0.0000e+00
        433   4.805845    0.03000     1.8000    108.000  1024.7410  50602.933    31.0312      9.792    7.57371     3.2946     3.2841    24.6946   13.52679 3.7913e-02      9.885 0.0000e+00
        434   4.805848    0.03007     1.8042    108.250  1024.7414  50601.448    31.0317      9.913    7.57256     3.2992     3.2901    24.6944   13.52489 3.7913e-02     10.007 0.0000e+00
        435   4.805851    0.03014     1.8083    108.500  1024.7428  50601.701    31.0331     10.050    7.57154     3.3036     3.2951    24.6951   13.52319 3.7914e-02     10.144 0.0000e+00
        436   4.805854    0.03021     1.8125    108.750  1024.7448  50603.270    31.0352     10.202    7.57056     3.3081     3.2998    24.6964   13.52154 3.7914e-02     10.298 0.0000e+00
        437   4.805856    0.03028     1.8167    109.000  1024.7479  50606.847    31.0387     10.368    7.56955     3.3129     3.3042    24.6988   13.51984 3.7916e-02     10.466 0.0000e+00
        438   4.805859    0.03035     1.8208    109.250  1024.7520  50612.074    31.0432     10.544    7.56847     3.3182     3.3087    24.7020   13.51799 3.7919e-02     10.644 0.0000e+00
        439   4.805862    0.03042     1.8250    109.500  1024.7567  50618.244    31.0485     10.725    7.56730     3.3239     3.3136    24.7058   13.51598 3.7923e-02     10.827 0.0000e+00
        440   4.805865    0.03049     1.8292    109.750  1024.7616  50624.732    31.0541     10.904    7.56602     3.3298     3.3188    24.7098   13.51380 3.7931e-02     11.008 0.0000e+00
        441   4.805868    0.03056     1.8333    110.000  1024.7659  50630.175    31.0592     11.076    7.56469     3.3357     3.3245    24.7134   13.51155 3.7943e-02     11.180 0.0000e+00
        442   4.805871    0.03062     1.8375    110.250  1024.7697  50634.729    31.0637     11.236    7.56336     3.3418     3.3305    24.7164   13.50928 3.7964e-02     11.342 0.0000e+00
        443   4.805874    0.03069     1.8417    110.500  1024.7742  50640.593    31.0690     11.385    7.56197     3.3487     3.3364    24.7202   13.50692 3.7999e-02     11.493 0.0000e+00
        444   4.805877    0.03076     1.8458    110.750  1024.7805  50649.927    31.0768     11.527    7.56043     3.3569     3.3425    24.7259   13.50427 3.8058e-02     11.636 0.0000e+00
        445   4.805880    0.03083     1.8500    111.000  1024.7887  50662.459    31.0869     11.667    7.55863     3.3664     3.3493    24.7334   13.50117 3.8155e-02     11.778 0.0000e+00
        446   4.805883    0.03090     1.8542    111.250  1024.7971  50675.164    31.0975     11.812    7.55656     3.3768     3.3575    24.7411   13.49761 3.8317e-02     11.924 0.0000e+00
        447   4.805885    0.03097     1.8583    111.500  1024.8048  50686.167    31.1072     11.969    7.55428     3.3877     3.3670    24.7480   13.49373 3.8586e-02     12.083 0.0000e+00
        448   4.805888    0.03104     1.8625    111.750  1024.8113  50694.691    31.1155     12.140    7.55190     3.3982     3.3775    24.7537   13.48969 3.9036e-02     12.256 0.0000e+00
        449   4.805891    0.03111     1.8667    112.000  1024.8159  50699.465    31.1213     12.326    7.54957     3.4081     3.3884    24.7574   13.48577 3.9785e-02     12.443 0.0000e+00
        450   4.805894    0.03118     1.8708    112.250  1024.8196  50702.568    31.1260     12.522    7.54737     3.4175     3.3989    24.7602   13.48207 4.1034e-02     12.641 0.0000e+00
        451   4.805897    0.03125     1.8750    112.500  1024.8239  50706.933    31.1313     12.726    7.54526     3.4270     3.4088    24.7636   13.47852 4.2364e-02     12.847 0.0000e+00
        452   4.805900    0.03132     1.8792    112.750  1024.8289  50712.499    31.1373     12.936    7.54319     3.4371     3.4183    24.7676   13.47502 4.2768e-02     13.059 0.0000e+00
        453   4.805903    0.03139     1.8833    113.000  1024.8348  50719.920    31.1446     13.147    7.54106     3.4487     3.4277    24.7725   13.47140 4.2498e-02     13.272 0.0000e+00
        454   4.805906    0.03146     1.8875    113.250  1024.8429  50731.061    31.1546     13.357    7.53867     3.4620     3.4378    24.7796   13.46733 4.2842e-02     13.484 0.0000e+00
        455   4.805909    0.03153     1.8917    113.500  1024.8512  50742.525    31.1651     13.564    7.53597     3.4753     3.4495    24.7869   13.46273 4.4501e-02     13.692 0.0000e+00
        456   4.805911    0.03160     1.8958    113.750  1024.8559  50746.794    31.1712     13.766    7.53318     3.4864     3.4628    24.7906   13.45805 4.7917e-02     13.896 0.0000e+00
        457   4.805914    0.03167     1.9000    114.000  1024.8561  50742.917    31.1718     13.964    7.53067     3.4942     3.4761    24.7899   13.45390 5.4001e-02     14.096 0.0000e+00
        458   4.805917    0.03174     1.9042    114.250  1024.8542  50735.645    31.1695     14.157    7.52873     3.4990     3.4872    24.7871   13.45073 6.1602e-02     14.291 0.0000e+00
        459   4.805920    0.03181     1.9083    114.500  1024.8520  50728.560    31.1665     14.347    7.52743     3.5018     3.4950    24.7841   13.44862 6.4985e-02     14.483 0.0000e+00
        460   4.805923    0.03188     1.9125    114.750  1024.8506  50723.358    31.1641     14.536    7.52665     3.5035     3.4999    24.7817   13.44736 6.1936e-02     14.674 0.0000e+00
        461   4.805926    0.03194     1.9167    115.000  1024.8507  50721.428    31.1634     14.727    7.52616     3.5048     3.5027    24.7809   13.44657 5.6775e-02     14.866 0.0000e+00
        462   4.805929    0.03201     1.9208    115.250  1024.8524  50722.716    31.1646     14.921    7.52579     3.5058     3.5044    24.7817   13.44594 5.1808e-02     15.062 0.0000e+00
        463   4.805932    0.03208     1.9250    115.500  1024.8543  50724.450    31.1660     15.119    7.52548     3.5065     3.5057    24.7827   13.44542 4.7624e-02     15.262 0.0000e+00
        464   4.805935    0.03215     1.9292    115.750  1024.8558  50725.278    31.1667     15.320    7.52525     3.5071     3.5067    24.7832   13.44503 4.4914e-02     15.465 0.0000e+00
        465   4.805938    0.03222     1.9333    116.000  1024.8570  50725.852    31.1672     15.523    7.52509     3.5076     3.5075    24.7835   13.44475 4.3058e-02     15.670 0.0000e+00
        466   4.805940    0.03229     1.9375    116.250  1024.8583  50726.481    31.1677     15.726    7.52495     3.5082     3.5080    24.7838   13.44452 4.1500e-02     15.874 0.0000e+00
        467   4.805943    0.03236     1.9417    116.500  1024.8595  50727.008    31.1681     15.926    7.52483     3.5087     3.5086    24.7841   13.44432 4.0266e-02     16.077 0.0000e+00
        468   4.805946    0.03243     1.9458    116.750  1024.8604  50727.001    31.1681     16.123    7.52472     3.5091     3.5092    24.7841   13.44413 3.9398e-02     16.276 0.0000e+00
        469   4.805949    0.03250     1.9500    117.000  1024.8611  50726.557    31.1678     16.315    7.52464     3.5092     3.5097    24.7838   13.44400 3.8828e-02     16.469 0.0000e+00
        470   4.805952    0.03257     1.9542    117.250  1024.8618  50726.312    31.1676     16.501    7.52459     3.5093     3.5101    24.7837   13.44391 3.8501e-02     16.658 0.0000e+00
        471   4.805955    0.03264     1.9583    117.500  1024.8627  50726.530    31.1677     16.683    7.52455     3.5095     3.5102    24.7837   13.44385 3.8332e-02     16.841 0.0000e+00
        472   4.805958    0.03271     1.9625    117.750  1024.8637  50726.862    31.1679     16.861    7.52451     3.5096     3.5104    24.7838   13.44379 3.8231e-02     17.020 0.0000e+00
        473   4.805961    0.03278     1.9667    118.000  1024.8645  50726.947    31.1679     17.038    7.52449     3.5095     3.5105    24.7838   13.44375 3.8129e-02     17.199 0.0000e+00
        474   4.805964    0.03285     1.9708    118.250  1024.8652  50726.768    31.1677     17.216    7.52448     3.5091     3.5106    24.7837   13.44374 3.8042e-02     17.379 0.0000e+00
        475   4.805966    0.03292     1.9750    118.500  1024.8659  50726.513    31.1674     17.397    7.52451     3.5086     3.5105    24.7835   13.44379 3.7990e-02     17.562 0.0000e+00
        476   4.805969    0.03299     1.9792    118.750  1024.8666  50726.431    31.1672     17.583    7.52458     3.5079     3.5102    24.7833   13.44392 3.7959e-02     17.749 0.0000e+00
        477   4.805972    0.03306     1.9833    119.000  1024.8675  50726.726    31.1672     17.772    7.52469     3.5072     3.5096    24.7833   13.44409 3.7940e-02     17.940 0.0000e+00
        478   4.805975    0.03313     1.9875    119.250  1024.8687  50727.372    31.1673     17.966    7.52481     3.5064     3.5089    24.7835   13.44428 3.7929e-02     18.136 0.0000e+00
        479   4.805978    0.03319     1.9917    119.500  1024.8697  50727.941    31.1675     18.164    7.52493     3.5056     3.5082    24.7837   13.44449 3.7922e-02     18.336 0.0000e+00
        480   4.805981    0.03326     1.9958    119.750  1024.8707  50728.332    31.1674     18.363    7.52507     3.5048     3.5075    24.7837   13.44472 3.7918e-02     18.537 0.0000e+00
        481   4.805984    0.03333     2.0000    120.000  1024.8719  50729.048    31.1676     18.562    7.52521     3.5041     3.5067    24.7840   13.44495 3.7916e-02     18.738 0.0000e+00
        482   4.805987    0.03340     2.0042    120.250  1024.8732  50730.162    31.1681     18.759    7.52534     3.5037     3.5059    24.7844   13.44515 3.7914e-02     18.937 0.0000e+00
        483   4.805990    0.03347     2.0083    120.500  1024.8746  50731.308    31.1686     18.951    7.52543     3.5034     3.5052    24.7849   13.44529 3.7914e-02     19.131 0.0000e+00
        484   4.805992    0.03354     2.0125    120.750  1024.8759  50732.267    31.1690     19.139    7.52548     3.5033     3.5048    24.7853   13.44538 3.7913e-02     19.320 0.0000e+00
        485   4.805995    0.03361     2.0167    121.000  1024.8771  50733.121    31.1694     19.320    7.52551     3.5033     3.5045    24.7856   13.44542 3.7913e-02     19.503 0.0000e+00
        486   4.805998    0.03368     2.0208    121.250  1024.8784  50734.044    31.1700     19.495    7.52551     3.5034     3.5044    24.7860   13.44540 3.7912e-02     19.680 0.0000e+00
        487   4.806001    0.03375     2.0250    121.500  1024.8796  50734.868    31.1704     19.665    7.52548     3.5035     3.5044    24.7864   13.44535 3.7912e-02     19.853 0.0000e+00
        488   4.806004    0.03382     2.0292    121.750  1024.8806  50735.367    31.1707     19.833    7.52545     3.5037     3.5045    24.7866   13.44530 3.7912e-02     20.022 0.0000e+00
        489   4.806007    0.03389     2.0333    122.000  1024.8815  50735.709    31.1709     20.000    7.52541     3.5039     3.5047    24.7867   13.44523 3.7912e-02     20.191 0.0000e+00
        490   4.806010    0.03396     2.0375    122.250  1024.8825  50736.167    31.1712     20.168    7.52537     3.5041     3.5048    24.7869   13.44516 3.7912e-02     20.360 0.0000e+00
        491   4.806013    0.03403     2.0417    122.500  1024.8836  50736.776    31.1715     20.336    7.52531     3.5044     3.5050    24.7872   13.44506 3.7912e-02     20.530 0.0000e+00
        492   4.806016    0.03410     2.0458    122.750  1024.8847  50737.425    31.1719     20.505    7.52525     3.5047     3.5053    24.7875   13.44494 3.7912e-02     20.700 0.0000e+00
        493   4.806019    0.03417     2.0500    123.000  1024.8858  50738.111    31.1724     20.674    7.52517     3.5051     3.5056    24.7879   13.44481 3.7912e-02     20.870 0.0000e+00
        494   4.806021    0.03424     2.0542    123.250  1024.8869  50738.797    31.1729     20.839    7.52508     3.5054     3.5059    24.7882   13.44466 3.7912e-02     21.036 0.0000e+00
        495   4.806024    0.03431     2.0583    123.500  1024.8878  50739.031    31.1730     20.998    7.52500     3.5056     3.5063    24.7883   13.44453 3.7912e-02     21.197 0.0000e+00
        496   4.806027    0.03438     2.0625    123.750  1024.8882  50738.459    31.1726     21.148    7.52496     3.5055     3.5066    24.7880   13.44446 3.7912e-02     21.349 0.0000e+00
        497   4.806030    0.03444     2.0667    124.000  1024.8883  50737.515    31.1720     21.286    7.52496     3.5053     3.5068    24.7874   13.44447 3.7912e-02     21.488 0.0000e+00
        498   4.806033    0.03451     2.0708    124.250  1024.8884  50736.791    31.1714     21.412    7.52500     3.5049     3.5068    24.7870   13.44455 3.7912e-02     21.615 0.0000e+00
        499   4.806036    0.03458     2.0750    124.500  1024.8885  50736.197    31.1709     21.527    7.52507     3.5045     3.5065    24.7866   13.44466 3.7912e-02     21.732 0.0000e+00
        500   4.806039    0.03465     2.0792    124.750  1024.8887  50735.656    31.1704     21.637    7.52516     3.5040     3.5062    24.7862   13.44482 3.7912e-02     21.842 0.0000e+00
        501   4.806042    0.03472     2.0833    125.000  1024.8890  50735.398    31.1701     21.745    7.52526     3.5034     3.5057    24.7860   13.44499 3.7912e-02     21.951 0.0000e+00
        502   4.806045    0.03479     2.0875    125.250  1024.8893  50735.279    31.1698     21.857    7.52537     3.5029     3.5052    24.7858   13.44517 3.7912e-02     22.064 0.0000e+00
        503   4.806047    0.03486     2.0917    125.500  1024.8896  50734.979    31.1694     21.974    7.52548     3.5024     3.5047    24.7856   13.44537 3.7912e-02     22.183 0.0000e+00
        504   4.806050    0.03493     2.0958    125.750  1024.8899  50734.560    31.1689     22.099    7.52560     3.5018     3.5042    24.7852   13.44557 3.7912e-02     22.309 0.0000e+00
        505   4.806053    0.03500     2.1000    126.000  1024.8903  50734.311    31.1685     22.232    7.52572     3.5013     3.5037    24.7850   13.44577 3.7912e-02     22.443 0.0000e+00
        506   4.806056    0.03507     2.1042    126.250  1024.8909  50734.397    31.1684     22.371    7.52583     3.5009     3.5031    24.7849   13.44595 3.7912e-02     22.583 0.0000e+00
        507   4.806059    0.03514     2.1083    126.500  1024.8917  50734.953    31.1686     22.514    7.52591     3.5007     3.5026    24.7851   13.44608 3.7912e-02     22.728 0.0000e+00
        508   4.806062    0.03521     2.1125    126.750  1024.8928  50735.886    31.1690     22.661    7.52595     3.5008     3.5023    24.7855   13.44614 3.7912e-02     22.876 0.0000e+00
        509   4.806065    0.03528     2.1167    127.000  1024.8941  50737.181    31.1698     22.806    7.52594     3.5011     3.5021    24.7861   13.44612 3.7912e-02     23.023 0.0000e+00
        510   4.806068    0.03535     2.1208    127.250  1024.8956  50738.689    31.1708     22.947    7.52588     3.5017     3.5022    24.7869   13.44601 3.7912e-02     23.165 0.0000e+00
