CTD-processing/allCTD/CNV--homogene/2013_07-18_t7_s01_cast023.cnv
* Sea-Bird SBE19plus Data File:
* FileName = C:\Documents and Settings\kris.holderied.local\My Documents\2012-2013-CTD-DATA-new-files\2013-07-CookInlet-EVOSTC-LTM\2013-07-18-CookInlet-Tran7-Augustine\2013-07-18-CookInlet-Tran7-Augustine-cast023.hex
* Software Version 1.54
* Temperature SN =  5028
* Conductivity SN =  5028
* System UpLoad Time = Jul 18 2013 22:23:34
** Cook Inlet LTM Ocean - Tran7 Augustine Line, East to West
** Date: 2013-07-18
** Station:  7-01
** Start time (AKDT-24 hr): 19:56
** Depth (m): 25
** Comment:
** Comment:
# nquan = 17
# nvalues = 378                         
# units = specified
# name 0 = scan: Scan Count
# name 1 = timeJ: Julian Days
# name 2 = timeH: Time, Elapsed [hours]
# name 3 = timeM: Time, Elapsed [minutes]
# name 4 = timeS: Time, Elapsed [seconds]
# name 5 = density00: Density [density, kg/m^3]
# name 6 = specc: Specific Conductance [uS/cm]
# name 7 = sal00: Salinity, Practical [PSU]
# name 8 = depSM: Depth [salt water, m], lat = 59.00
# name 9 = oxsolML/L: Oxygen Saturation, Garcia & Gordon [ml/l]
# name 10 = potemp090C: Potential Temperature [ITS-90, deg C]
# name 11 = tv290C: Temperature [ITS-90, deg C]
# name 12 = sigma-é00: Density [sigma-theta, kg/m^3]
# name 13 = n2satML/L: Nitrogen Saturation [ml/l]
# name 14 = par: PAR/Irradiance, Biospherical/Licor
# name 15 = prdM: Pressure, Strain Gauge [db]
# name 16 = flag:  0.000e+00
# span 0 =          1,        378       
# span 1 = 199.831227, 199.832318       
# span 2 =    0.00000,    0.02618       
# span 3 =     0.0000,     1.5708       
# span 4 =      0.000,     94.250       
# span 5 =   999.7994,  1023.3524       
# span 6 =   1238.550,  47747.506       
# span 7 =     0.6140,    30.2914       
# span 8 =      0.031,     26.145       
# span 9 =    6.10823,    7.27295       
# span 10 =    10.1953,    13.4506      
# span 11 =    10.1982,    13.4506      
# span 12 =    -0.2009,    23.2393      
# span 13 =   11.11238,   13.43940      
# span 14 = 1.9133e-01, 1.7586e+02      
# span 15 =      0.031,     26.394      
# span 16 = 0.0000e+00, 0.0000e+00      
# interval = seconds: 0.25
# start_time = Jul 18 2013 19:56:58 [Instrument's time stamp, header]
# bad_flag = -9.990e-29
*END*
[from data line 341]
        342 199.832214    0.02368     1.4208     85.250  1023.3109  47738.739    30.2874     16.718    6.47288    10.2409    10.2503    23.2343   11.71571 2.0121e+00     16.876 0.0000e+00
        343 199.832216    0.02375     1.4250     85.500  1023.3147  47742.670    30.2895     17.018    6.47343    10.2391    10.2458    23.2367   11.71660 1.8595e+00     17.179 0.0000e+00
        344 199.832219    0.02382     1.4292     85.750  1023.3175  47745.133    30.2907     17.315    6.47379    10.2379    10.2429    23.2382   11.71718 1.7203e+00     17.479 0.0000e+00
        345 199.832222    0.02389     1.4333     86.000  1023.3196  47746.474    30.2913     17.610    6.47402    10.2371    10.2410    23.2390   11.71756 1.5925e+00     17.777 0.0000e+00
        346 199.832225    0.02396     1.4375     86.250  1023.3212  47746.985    30.2914     17.905    6.47418    10.2364    10.2399    23.2393   11.71782 1.4742e+00     18.075 0.0000e+00
        347 199.832228    0.02403     1.4417     86.500  1023.3226  47746.989    30.2912     18.200    6.47430    10.2357    10.2391    23.2392   11.71802 1.3643e+00     18.373 0.0000e+00
        348 199.832231    0.02410     1.4458     86.750  1023.3238  47746.791    30.2909     18.495    6.47441    10.2350    10.2384    23.2391   11.71820 1.2630e+00     18.670 0.0000e+00
        349 199.832234    0.02417     1.4500     87.000  1023.3249  47746.577    30.2905     18.784    6.47451    10.2343    10.2378    23.2389   11.71838 1.1709e+00     18.961 0.0000e+00
        350 199.832237    0.02424     1.4542     87.250  1023.3261  47746.437    30.2902     19.062    6.47462    10.2336    10.2371    23.2388   11.71856 1.0888e+00     19.242 0.0000e+00
        351 199.832240    0.02431     1.4583     87.500  1023.3273  47746.538    30.2901     19.324    6.47472    10.2330    10.2364    23.2389   11.71874 1.0169e+00     19.507 0.0000e+00
        352 199.832242    0.02438     1.4625     87.750  1023.3287  47746.978    30.2902     19.570    6.47481    10.2327    10.2357    23.2391   11.71889 9.5435e-01     19.756 0.0000e+00
        353 199.832245    0.02444     1.4667     88.000  1023.3299  47747.438    30.2904     19.801    6.47488    10.2326    10.2352    23.2393   11.71899 8.9978e-01     19.989 0.0000e+00
        354 199.832248    0.02451     1.4708     88.250  1023.3309  47747.506    30.2903     20.020    6.47492    10.2323    10.2349    23.2393   11.71906 8.5113e-01     20.211 0.0000e+00
        355 199.832251    0.02458     1.4750     88.500  1023.3316  47747.067    30.2899     20.234    6.47496    10.2319    10.2348    23.2390   11.71913 8.0597e-01     20.426 0.0000e+00
        356 199.832254    0.02465     1.4792     88.750  1023.3321  47746.262    30.2892     20.448    6.47502    10.2313    10.2346    23.2385   11.71923 7.6209e-01     20.642 0.0000e+00
        357 199.832257    0.02472     1.4833     89.000  1023.3326  47745.490    30.2886     20.671    6.47510    10.2306    10.2342    23.2380   11.71938 7.1801e-01     20.868 0.0000e+00
        358 199.832260    0.02479     1.4875     89.250  1023.3335  47745.166    30.2882     20.911    6.47520    10.2300    10.2336    23.2378   11.71955 6.7304e-01     21.110 0.0000e+00
        359 199.832263    0.02486     1.4917     89.500  1023.3347  47745.240    30.2881     21.173    6.47529    10.2295    10.2330    23.2378   11.71971 6.2708e-01     21.375 0.0000e+00
        360 199.832266    0.02493     1.4958     89.750  1023.3360  47745.325    30.2879     21.461    6.47538    10.2291    10.2324    23.2378   11.71985 5.8081e-01     21.665 0.0000e+00
        361 199.832269    0.02500     1.5000     90.000  1023.3374  47745.281    30.2877     21.772    6.47545    10.2285    10.2319    23.2377   11.71997 5.3546e-01     21.979 0.0000e+00
        362 199.832271    0.02507     1.5042     90.250  1023.3388  47745.219    30.2875     22.099    6.47552    10.2279    10.2315    23.2376   11.72009 4.9226e-01     22.309 0.0000e+00
        363 199.832274    0.02514     1.5083     90.500  1023.3401  47745.049    30.2871     22.434    6.47560    10.2269    10.2310    23.2375   11.72023 4.5226e-01     22.647 0.0000e+00
        364 199.832277    0.02521     1.5125     90.750  1023.3413  47744.410    30.2865     22.767    6.47572    10.2254    10.2304    23.2371   11.72043 4.1615e-01     22.984 0.0000e+00
        365 199.832280    0.02528     1.5167     91.000  1023.3422  47743.485    30.2856     23.092    6.47589    10.2236    10.2295    23.2365   11.72073 3.8425e-01     23.312 0.0000e+00
        366 199.832283    0.02535     1.5208     91.250  1023.3434  47743.001    30.2849     23.402    6.47612    10.2215    10.2280    23.2363   11.72112 3.5664e-01     23.625 0.0000e+00
        367 199.832286    0.02542     1.5250     91.500  1023.3447  47742.876    30.2845     23.695    6.47639    10.2189    10.2262    23.2363   11.72158 3.3294e-01     23.920 0.0000e+00
        368 199.832289    0.02549     1.5292     91.750  1023.3457  47742.271    30.2837     23.973    6.47672    10.2160    10.2241    23.2360   11.72213 3.1234e-01     24.200 0.0000e+00
        369 199.832292    0.02556     1.5333     92.000  1023.3467  47741.661    30.2829     24.239    6.47711    10.2131    10.2216    23.2358   11.72278 2.9397e-01     24.469 0.0000e+00
        370 199.832295    0.02562     1.5375     92.250  1023.3484  47742.434    30.2830     24.498    6.47752    10.2106    10.2187    23.2363   11.72346 2.7721e-01     24.730 0.0000e+00
        371 199.832297    0.02569     1.5417     92.500  1023.3504  47743.739    30.2835     24.754    6.47791    10.2083    10.2158    23.2372   11.72410 2.6158e-01     24.988 0.0000e+00
        372 199.832300    0.02576     1.5458     92.750  1023.3517  47743.669    30.2830     25.011    6.47828    10.2056    10.2134    23.2372   11.72471 2.4678e-01     25.248 0.0000e+00
        373 199.832303    0.02583     1.5500     93.000  1023.3522  47742.287    30.2817     25.268    6.47866    10.2027    10.2111    23.2365   11.72536 2.3279e-01     25.508 0.0000e+00
        374 199.832306    0.02590     1.5542     93.250  1023.3524  47740.468    30.2800     25.519    6.47910    10.1996    10.2085    23.2356   11.72610 2.1982e-01     25.762 0.0000e+00
        375 199.832309    0.02597     1.5583     93.500  1023.3522  47737.893    30.2777     25.754    6.47960    10.1967    10.2056    23.2343   11.72697 2.0839e-01     25.999 0.0000e+00
        376 199.832312    0.02604     1.5625     93.750  1023.3513  47734.144    30.2746     25.954    6.48016    10.1953    10.2025    23.2324   11.72794 1.9928e-01     26.201 0.0000e+00
        377 199.832315    0.02611     1.5667     94.000  1023.3501  47730.637    30.2718     26.094    6.48070 -9.990e-29    10.1996    23.2307   11.72886 1.9337e-01     26.342 0.0000e+00
        378 199.832318    0.02618     1.5708     94.250  1023.3497  47729.259    30.2706     26.145    6.48094 -9.990e-29    10.1982    23.2300   11.72927 1.9133e-01     26.394 0.0000e+00
