CTD-processing/allCTD/CNV--homogene/2013_07-18_t7_s17_cast007.cnv
* Sea-Bird SBE19plus Data File:
* FileName = C:\Documents and Settings\kris.holderied.local\My Documents\2012-2013-CTD-DATA-new-files\2013-07-CookInlet-EVOSTC-LTM\2013-07-18-CookInlet-Tran7-Augustine\2013-07-18-CookInlet-Tran7-Augustine-cast007.hex
* Software Version 1.54
* Temperature SN =  5028
* Conductivity SN =  5028
* System UpLoad Time = Jul 18 2013 22:05:48
** Cook Inlet LTM Ocean - Tran7 Augustine Line, East to West
** Date: 2013-07-18
** Station:  7-17
** Start time (AKDT-24 hr): 14:31
** Depth (m): 85
** Comment:
** Comment:
# nquan = 17
# nvalues = 622                         
# units = specified
# name 0 = scan: Scan Count
# name 1 = timeJ: Julian Days
# name 2 = timeH: Time, Elapsed [hours]
# name 3 = timeM: Time, Elapsed [minutes]
# name 4 = timeS: Time, Elapsed [seconds]
# name 5 = density00: Density [density, kg/m^3]
# name 6 = specc: Specific Conductance [uS/cm]
# name 7 = sal00: Salinity, Practical [PSU]
# name 8 = depSM: Depth [salt water, m], lat = 59.00
# name 9 = oxsolML/L: Oxygen Saturation, Garcia & Gordon [ml/l]
# name 10 = potemp090C: Potential Temperature [ITS-90, deg C]
# name 11 = tv290C: Temperature [ITS-90, deg C]
# name 12 = sigma-é00: Density [sigma-theta, kg/m^3]
# name 13 = n2satML/L: Nitrogen Saturation [ml/l]
# name 14 = par: PAR/Irradiance, Biospherical/Licor
# name 15 = prdM: Pressure, Strain Gauge [db]
# name 16 = flag:  0.000e+00
# span 0 =          1,        622       
# span 1 = 199.605012, 199.606808       
# span 2 =    0.00000,    0.04312       
# span 3 =     0.0000,     2.5875       
# span 4 =      0.000,    155.250       
# span 5 =   999.7641,  1025.3712       
# span 6 =    446.291,  50778.074       
# span 7 =     0.2123,    32.1543       
# span 8 =      0.036,     83.061       
# span 9 =    6.41529,    7.68863       
# span 10 =     7.2399,    11.1019      
# span 11 =     7.2474,    11.1020      
# span 12 =    -0.2361,    24.9865      
# span 13 =   11.60113,   14.14929      
# span 14 = 5.3341e-02, 6.1132e+02      
# span 15 =      0.036,     83.862      
# span 16 = 0.0000e+00, 0.0000e+00      
# interval = seconds: 0.25
# start_time = Jul 18 2013 14:31:13 [Instrument's time stamp, header]
# bad_flag = -9.990e-29
*END*
[from data line 171]
        172 199.605506    0.01188     0.7125     42.750  1024.5352  50069.861    31.9244      1.273    6.42191    10.1380    10.1325    24.5294   11.61174 2.8141e+02      1.285 0.0000e+00
        173 199.605509    0.01194     0.7167     43.000  1024.5438  50085.573    31.9355      1.263    6.42146    10.1487    10.1324    24.5381   11.61087 2.8553e+02      1.275 0.0000e+00
        174 199.605512    0.01201     0.7208     43.250  1024.5465  50091.266    31.9403      1.249    6.42048    10.1627    10.1381    24.5408   11.60917 2.8807e+02      1.261 0.0000e+00
        175 199.605515    0.01208     0.7250     43.500  1024.5427  50085.813    31.9378      1.230    6.41909    10.1771    10.1488    24.5371   11.60690 2.8780e+02      1.242 0.0000e+00
        176 199.605518    0.01215     0.7292     43.750  1024.5328  50069.640    31.9281      1.211    6.41753    10.1886    10.1628    24.5273   11.60444 2.8717e+02      1.223 0.0000e+00
        177 199.605521    0.01222     0.7333     44.000  1024.5185  50045.659    31.9130      1.195    6.41614    10.1943    10.1772    24.5131   11.60232 2.8533e+02      1.206 0.0000e+00
        178 199.605524    0.01229     0.7375     44.250  1024.5021  50017.441    31.8945      1.187    6.41529    10.1917    10.1888    24.4967   11.60113 2.8018e+02      1.199 0.0000e+00
        179 199.605527    0.01236     0.7417     44.500  1024.4858  49988.577    31.8747      1.193    6.41531    10.1781    10.1944    24.4804   11.60139 2.7352e+02      1.205 0.0000e+00
        180 199.605530    0.01243     0.7458     44.750  1024.4726  49964.085    31.8570      1.216    6.41641    10.1510    10.1918    24.4670   11.60343 2.6608e+02      1.227 0.0000e+00
        181 199.605532    0.01250     0.7500     45.000  1024.4652  49948.899    31.8445      1.254    6.41883    10.1109    10.1782    24.4595   11.60758 2.5615e+02      1.266 0.0000e+00
        182 199.605535    0.01257     0.7542     45.250  1024.4646  49944.077    31.8376      1.308    6.42291    10.0629    10.1511    24.4586   11.61443 2.4420e+02      1.320 0.0000e+00
        183 199.605538    0.01264     0.7583     45.500  1024.4697  49948.021    31.8352      1.372    6.42862    10.0128    10.1111    24.4634   11.62391 2.3311e+02      1.384 0.0000e+00
        184 199.605541    0.01271     0.7625     45.750  1024.4802  49960.741    31.8381      1.442    6.43524     9.9657    10.0631    24.4735   11.63484 2.2441e+02      1.456 0.0000e+00
        185 199.605544    0.01278     0.7667     46.000  1024.4965  49983.938    31.8480      1.514    6.44187     9.9259    10.0130    24.4895   11.64570 2.1762e+02      1.529 0.0000e+00
        186 199.605547    0.01285     0.7708     46.250  1024.5195  50019.635    31.8672      1.584    6.44770     9.8965     9.9659    24.5122   11.65513 2.1289e+02      1.600 0.0000e+00
        187 199.605550    0.01292     0.7750     46.500  1024.5503  50070.405    31.8979      1.647    6.45204     9.8807     9.9261    24.5427   11.66195 2.1225e+02      1.662 0.0000e+00
        188 199.605553    0.01299     0.7792     46.750  1024.5903  50139.254    31.9428      1.694    6.45432     9.8814     9.8967    24.5825   11.66520 2.1699e+02      1.710 0.0000e+00
        189 199.605556    0.01306     0.7833     47.000  1024.6363  50220.488    31.9982      1.717    6.45427     9.9019     9.8809    24.6284   11.66444 2.2592e+02      1.733 0.0000e+00
        190 199.605558    0.01313     0.7875     47.250  1024.6739  50288.891    32.0467      1.708    6.45216     9.9424     9.8816    24.6661   11.66037 2.3831e+02      1.724 0.0000e+00
        191 199.605561    0.01319     0.7917     47.500  1024.6848  50311.384    32.0653      1.659    6.44851     9.9942     9.9020    24.6773   11.65410 2.5435e+02      1.675 0.0000e+00
        192 199.605564    0.01326     0.7958     47.750  1024.6623  50275.844    32.0454      1.572    6.44363    10.0421     9.9425    24.6551   11.64625 2.7352e+02      1.587 0.0000e+00
        193 199.605567    0.01333     0.8000     48.000  1024.6184  50203.200    32.0008      1.453    6.43818    10.0755     9.9943    24.6118   11.63777 2.9422e+02      1.466 0.0000e+00
        194 199.605570    0.01340     0.8042     48.250  1024.5709  50123.644    31.9508      1.314    6.43351    10.0913    10.0423    24.5649   11.63063 3.1586e+02      1.327 0.0000e+00
        195 199.605573    0.01347     0.8083     48.500  1024.5302  50054.973    31.9065      1.173    6.43063    10.0892    10.0757    24.5249   11.62640 3.3488e+02      1.184 0.0000e+00
        196 199.605576    0.01354     0.8125     48.750  1024.5024  50007.444    31.8750      1.048    6.42972    10.0701    10.0914    24.4977   11.62526 3.4330e+02      1.057 0.0000e+00
        197 199.605579    0.01361     0.8167     49.000  1024.4896  49984.705    31.8587      0.952    6.43069    10.0371    10.0893    24.4853   11.62707 3.3984e+02      0.961 0.0000e+00
        198 199.605582    0.01368     0.8208     49.250  1024.4883  49980.501    31.8533      0.898    6.43361     9.9957    10.0702    24.4842   11.63195 3.3011e+02      0.906 0.0000e+00
        199 199.605584    0.01375     0.8250     49.500  1024.4926  49984.558    31.8519      0.887    6.43830     9.9515    10.0372    24.4886   11.63975 3.1622e+02      0.896 0.0000e+00
        200 199.605587    0.01382     0.8292     49.750  1024.4972  49987.785    31.8488      0.919    6.44425     9.9080     9.9958    24.4930   11.64963 2.9931e+02      0.927 0.0000e+00
        201 199.605590    0.01389     0.8333     50.000  1024.5001  49987.513    31.8429      0.986    6.45072     9.8676     9.9516    24.4956   11.66042 2.8216e+02      0.996 0.0000e+00
        202 199.605593    0.01396     0.8375     50.250  1024.5047  49990.216    31.8391      1.082    6.45701     9.8321     9.9081    24.4998   11.67088 2.6328e+02      1.093 0.0000e+00
        203 199.605596    0.01403     0.8417     50.500  1024.5146  50002.695    31.8425      1.198    6.46258     9.8032     9.8677    24.5091   11.68006 2.4287e+02      1.209 0.0000e+00
        204 199.605599    0.01410     0.8458     50.750  1024.5301  50025.987    31.8543      1.323    6.46711     9.7818     9.8322    24.5241   11.68742 2.2570e+02      1.335 0.0000e+00
        205 199.605602    0.01417     0.8500     51.000  1024.5501  50058.055    31.8731      1.443    6.47042     9.7679     9.8033    24.5435   11.69268 2.1480e+02      1.457 0.0000e+00
        206 199.605605    0.01424     0.8542     51.250  1024.5731  50096.685    31.8976      1.547    6.47244     9.7609     9.7819    24.5660   11.69572 2.0964e+02      1.562 0.0000e+00
        207 199.605608    0.01431     0.8583     51.500  1024.5991  50141.592    31.9275      1.624    6.47317     9.7605     9.7680    24.5916   11.69657 2.0805e+02      1.640 0.0000e+00
        208 199.605611    0.01438     0.8625     51.750  1024.6254  50188.167    31.9595      1.672    6.47282     9.7669     9.7610    24.6178   11.69562 2.0978e+02      1.687 0.0000e+00
        209 199.605613    0.01444     0.8667     52.000  1024.6455  50224.288    31.9850      1.689    6.47181     9.7795     9.7607    24.6377   11.69364 2.1531e+02      1.704 0.0000e+00
        210 199.605616    0.01451     0.8708     52.250  1024.6542  50240.822    31.9976      1.678    6.47037     9.7954     9.7671    24.6465   11.69111 2.2348e+02      1.694 0.0000e+00
        211 199.605619    0.01458     0.8750     52.500  1024.6511  50236.867    31.9965      1.646    6.46863     9.8106     9.7797    24.6435   11.68824 2.3287e+02      1.662 0.0000e+00
        212 199.605622    0.01465     0.8792     52.750  1024.6396  50217.975    31.9852      1.599    6.46685     9.8223     9.7956    24.6322   11.68543 2.4267e+02      1.614 0.0000e+00
        213 199.605625    0.01472     0.8833     53.000  1024.6251  50193.831    31.9702      1.541    6.46533     9.8300     9.8107    24.6180   11.68309 2.5278e+02      1.556 0.0000e+00
        214 199.605628    0.01479     0.8875     53.250  1024.6132  50173.935    31.9577      1.479    6.46419     9.8346     9.8225    24.6063   11.68134 2.6344e+02      1.494 0.0000e+00
        215 199.605631    0.01486     0.8917     53.500  1024.6066  50163.446    31.9513      1.416    6.46336     9.8378     9.8302    24.6001   11.68005 2.7412e+02      1.430 0.0000e+00
        216 199.605634    0.01493     0.8958     53.750  1024.6056  50162.589    31.9513      1.355    6.46271     9.8411     9.8347    24.5994   11.67898 2.8359e+02      1.368 0.0000e+00
        217 199.605637    0.01500     0.9000     54.000  1024.6088  50169.144    31.9564      1.299    6.46206     9.8458     9.8379    24.6028   11.67783 2.9140e+02      1.311 0.0000e+00
        218 199.605639    0.01507     0.9042     54.250  1024.6141  50179.471    31.9641      1.249    6.46126     9.8528     9.8412    24.6083   11.67643 2.9868e+02      1.261 0.0000e+00
        219 199.605642    0.01514     0.9083     54.500  1024.6188  50188.824    31.9714      1.208    6.46030     9.8637     9.8459    24.6132   11.67475 3.0514e+02      1.219 0.0000e+00
        220 199.605645    0.01521     0.9125     54.750  1024.6202  50192.448    31.9749      1.176    6.45916     9.8786     9.8529    24.6148   11.67281 3.0840e+02      1.187 0.0000e+00
        221 199.605648    0.01528     0.9167     55.000  1024.6163  50186.797    31.9723      1.153    6.45773     9.8958     9.8638    24.6110   11.67048 3.0810e+02      1.164 0.0000e+00
        222 199.605651    0.01535     0.9208     55.250  1024.6073  50172.175    31.9640      1.140    6.45596     9.9124     9.8787    24.6021   11.66765 3.0630e+02      1.151 0.0000e+00
        223 199.605654    0.01542     0.9250     55.500  1024.5961  50153.847    31.9533      1.138    6.45398     9.9270     9.8959    24.5909   11.66450 3.0465e+02      1.148 0.0000e+00
        224 199.605657    0.01549     0.9292     55.750  1024.5861  50137.520    31.9439      1.145    6.45202     9.9391     9.9125    24.5809   11.66137 3.0141e+02      1.155 0.0000e+00
        225 199.605660    0.01556     0.9333     56.000  1024.5774  50123.377    31.9358      1.160    6.45030     9.9483     9.9271    24.5722   11.65861 2.9455e+02      1.170 0.0000e+00
        226 199.605663    0.01563     0.9375     56.250  1024.5678  50107.032    31.9258      1.184    6.44900     9.9541     9.9392    24.5624   11.65659 2.8543e+02      1.195 0.0000e+00
        227 199.605666    0.01569     0.9417     56.500  1024.5558  50085.992    31.9121      1.220    6.44826     9.9554     9.9485    24.5502   11.65552 2.7493e+02      1.231 0.0000e+00
        228 199.605668    0.01576     0.9458     56.750  1024.5432  50063.464    31.8969      1.271    6.44807     9.9511     9.9543    24.5374   11.65539 2.6329e+02      1.283 0.0000e+00
        229 199.605671    0.01583     0.9500     57.000  1024.5344  50047.097    31.8855      1.338    6.44836     9.9405     9.9556    24.5282   11.65601 2.5130e+02      1.350 0.0000e+00
        230 199.605674    0.01590     0.9542     57.250  1024.5327  50042.938    31.8819      1.415    6.44912     9.9255     9.9513    24.5262   11.65731 2.3972e+02      1.429 0.0000e+00
        231 199.605677    0.01597     0.9583     57.500  1024.5391  50052.844    31.8875      1.495    6.45038     9.9104     9.9407    24.5323   11.65933 2.3012e+02      1.509 0.0000e+00
        232 199.605680    0.01604     0.9625     57.750  1024.5540  50077.496    31.9030      1.567    6.45187     9.9002     9.9256    24.5468   11.66161 2.2390e+02      1.582 0.0000e+00
        233 199.605683    0.01611     0.9667     58.000  1024.5761  50115.519    31.9279      1.624    6.45296     9.8983     9.9106    24.5687   11.66312 2.2114e+02      1.639 0.0000e+00
        234 199.605686    0.01618     0.9708     58.250  1024.6011  50159.278    31.9575      1.659    6.45317     9.9069     9.9004    24.5935   11.66311 2.2167e+02      1.674 0.0000e+00
        235 199.605689    0.01625     0.9750     58.500  1024.6213  50195.671    31.9830      1.668    6.45238     9.9260     9.8985    24.6137   11.66150 2.2569e+02      1.684 0.0000e+00
        236 199.605692    0.01632     0.9792     58.750  1024.6297  50212.042    31.9957      1.653    6.45064     9.9513     9.9071    24.6222   11.65847 2.3320e+02      1.668 0.0000e+00
        237 199.605694    0.01639     0.9833     59.000  1024.6237  50203.533    31.9922      1.614    6.44810     9.9767     9.9262    24.6163   11.65430 2.4307e+02      1.629 0.0000e+00
        238 199.605697    0.01646     0.9875     59.250  1024.6071  50176.778    31.9766      1.558    6.44518     9.9980     9.9515    24.6000   11.64966 2.5312e+02      1.573 0.0000e+00
        239 199.605700    0.01653     0.9917     59.500  1024.5867  50143.321    31.9562      1.491    6.44244    10.0134     9.9769    24.5799   11.64536 2.6343e+02      1.506 0.0000e+00
        240 199.605703    0.01660     0.9958     59.750  1024.5677  50111.782    31.9367      1.422    6.44025    10.0229     9.9982    24.5612   11.64197 2.7487e+02      1.436 0.0000e+00
        241 199.605706    0.01667     1.0000     60.000  1024.5523  50086.077    31.9206      1.355    6.43876    10.0277    10.0136    24.5461   11.63969 2.8444e+02      1.368 0.0000e+00
        242 199.605709    0.01674     1.0042     60.250  1024.5403  50066.010    31.9076      1.296    6.43795    10.0291    10.0231    24.5344   11.63851 2.9096e+02      1.309 0.0000e+00
        243 199.605712    0.01681     1.0083     60.500  1024.5310  50050.067    31.8970      1.249    6.43772    10.0287    10.0278    24.5253   11.63826 2.9606e+02      1.261 0.0000e+00
        244 199.605715    0.01688     1.0125     60.750  1024.5246  50038.826    31.8892      1.216    6.43784    10.0279    10.0293    24.5190   11.63855 2.9840e+02      1.228 0.0000e+00
        245 199.605718    0.01694     1.0167     61.000  1024.5224  50034.828    31.8863      1.197    6.43802    10.0276    10.0289    24.5169   11.63887 2.9777e+02      1.209 0.0000e+00
        246 199.605720    0.01701     1.0208     61.250  1024.5247  50038.970    31.8892      1.191    6.43801    10.0283    10.0281    24.5192   11.63883 2.9579e+02      1.203 0.0000e+00
        247 199.605723    0.01708     1.0250     61.500  1024.5296  50047.817    31.8954      1.194    6.43780    10.0304    10.0278    24.5241   11.63840 2.9270e+02      1.205 0.0000e+00
        248 199.605726    0.01715     1.0292     61.750  1024.5337  50055.323    31.9008      1.202    6.43748    10.0342    10.0285    24.5282   11.63781 2.8906e+02      1.213 0.0000e+00
        249 199.605729    0.01722     1.0333     62.000  1024.5346  50057.155    31.9023      1.213    6.43712    10.0386    10.0306    24.5291   11.63718 2.8584e+02      1.225 0.0000e+00
        250 199.605732    0.01729     1.0375     62.250  1024.5316  50052.128    31.8992      1.227    6.43672    10.0417    10.0343    24.5260   11.63655 2.8287e+02      1.239 0.0000e+00
        251 199.605735    0.01736     1.0417     62.500  1024.5253  50040.953    31.8919      1.245    6.43640    10.0413    10.0387    24.5196   11.63612 2.7869e+02      1.257 0.0000e+00
        252 199.605738    0.01743     1.0458     62.750  1024.5166  50025.420    31.8813      1.269    6.43641    10.0357    10.0418    24.5108   11.63626 2.7220e+02      1.281 0.0000e+00
        253 199.605741    0.01750     1.0500     63.000  1024.5078  50009.278    31.8698      1.301    6.43694    10.0232    10.0414    24.5019   11.63727 2.6451e+02      1.314 0.0000e+00
        254 199.605744    0.01757     1.0542     63.250  1024.5024  49998.442    31.8614      1.343    6.43807    10.0022    10.0359    24.4962   11.63925 2.5765e+02      1.356 0.0000e+00
        255 199.605747    0.01764     1.0583     63.500  1024.5033  49998.362    31.8597      1.393    6.43989     9.9730    10.0234    24.4969   11.64228 2.5155e+02      1.406 0.0000e+00
