CTD-processing/allCTD/CNV--homogene/2013_10-29_t9_s06_cast118.cnv
* Sea-Bird SBE19plus Data File:
* FileName = C:\Users\kris.holderied\Documents\kasitsna\Research-Projects-and-Data\Oceanography-AK\CTD-CookInlet-GulfWatchAK\2013-10-11-EVOSTC-CookInlet-Ocean\2013-10-29-CookInlet-Tran9-HomerSpit\2013-10-29-CookInlet-Tran9-cast118.hex
* Software Version 1.59
* Temperature SN =  5028
* Conductivity SN =  5028
* System UpLoad Time = Feb 14 2014 21:17:17
** Cook Inlet Transect 9 (Homer Spit) south to north
** Date: 2013-10-29
** Station: 9-06
** Start time: 10:06
** Depth (m): 102
** Comment:  CTD instrument time is AK Daylight time
** Comment:
# nquan = 17
# nvalues = 929                         
# units = specified
# name 0 = scan: Scan Count
# name 1 = timeJ: Julian Days
# name 2 = timeH: Time, Elapsed [hours]
# name 3 = timeM: Time, Elapsed [minutes]
# name 4 = timeS: Time, Elapsed [seconds]
# name 5 = density00: Density [density, kg/m^3]
# name 6 = specc: Specific Conductance [uS/cm]
# name 7 = sal00: Salinity, Practical [PSU]
# name 8 = depSM: Depth [salt water, m], lat = 59.00
# name 9 = oxsolML/L: Oxygen Saturation, Garcia & Gordon [ml/l]
# name 10 = potemp090C: Potential Temperature [ITS-90, deg C]
# name 11 = tv290C: Temperature [ITS-90, deg C]
# name 12 = sigma-é00: Density [sigma-theta, kg/m^3]
# name 13 = n2satML/L: Nitrogen Saturation [ml/l]
# name 14 = par: PAR/Irradiance, Biospherical/Licor
# name 15 = prdM: Pressure, Strain Gauge [db]
# name 16 = flag:  0.000e+00
# span 0 =          1,        929       
# span 1 = 302.421273, 302.423958       
# span 2 =    0.00000,    0.06444       
# span 3 =     0.0000,     3.8667       
# span 4 =      0.000,    232.000       
# span 5 =  1000.3809,  1024.1306       
# span 6 =   1391.164,  48453.351       
# span 7 =     0.6837,    30.5690       
# span 8 =     -0.170,     98.013       
# span 9 =    6.66883,    8.21609       
# span 10 =     7.9097,     8.8332      
# span 11 =     7.9098,     8.8393      
# span 12 =     0.3817,    23.6793      
# span 13 =   12.03710,   15.03302      
# span 14 = 4.7557e-02, 4.2527e+01      
# span 15 =     -0.171,     98.961      
# span 16 = 0.0000e+00, 0.0000e+00      
# interval = seconds: 0.25
# start_time = Oct 29 2013 10:06:38 [Instrument's time stamp, header]
# bad_flag = -9.990e-29
*END*
[from data line 426]
        427 302.422506    0.02958     1.7750    106.500  1023.2876  47508.574    29.9244     20.476    6.71659     8.6844     8.6871    23.1931   12.12398 1.9717e-01     20.671 0.0000e+00
        428 302.422509    0.02965     1.7792    106.750  1023.2888  47509.387    29.9248     20.644    6.71663     8.6841     8.6867    23.1935   12.12404 1.9339e-01     20.840 0.0000e+00
        429 302.422512    0.02972     1.7833    107.000  1023.2898  47509.965    29.9251     20.810    6.71666     8.6838     8.6864    23.1938   12.12409 1.8973e-01     21.007 0.0000e+00
        430 302.422514    0.02979     1.7875    107.250  1023.2908  47510.345    29.9253     20.974    6.71670     8.6836     8.6861    23.1940   12.12415 1.8622e-01     21.173 0.0000e+00
        431 302.422517    0.02986     1.7917    107.500  1023.2917  47510.713    29.9254     21.137    6.71673     8.6834     8.6859    23.1942   12.12419 1.8284e-01     21.338 0.0000e+00
        432 302.422520    0.02993     1.7958    107.750  1023.2926  47511.214    29.9257     21.299    6.71675     8.6833     8.6857    23.1944   12.12422 1.7962e-01     21.501 0.0000e+00
        433 302.422523    0.03000     1.8000    108.000  1023.2936  47511.748    29.9260     21.459    6.71676     8.6831     8.6856    23.1946   12.12425 1.7656e-01     21.663 0.0000e+00
        434 302.422526    0.03007     1.8042    108.250  1023.2946  47512.185    29.9262     21.617    6.71677     8.6830     8.6854    23.1948   12.12427 1.7363e-01     21.822 0.0000e+00
        435 302.422529    0.03014     1.8083    108.500  1023.2954  47512.508    29.9263     21.773    6.71679     8.6828     8.6853    23.1950   12.12429 1.7080e-01     21.980 0.0000e+00
        436 302.422532    0.03021     1.8125    108.750  1023.2962  47512.754    29.9264     21.928    6.71680     8.6827     8.6851    23.1951   12.12431 1.6807e-01     22.137 0.0000e+00
        437 302.422535    0.03028     1.8167    109.000  1023.2970  47512.976    29.9265     22.083    6.71682     8.6824     8.6850    23.1951   12.12434 1.6539e-01     22.293 0.0000e+00
        438 302.422538    0.03035     1.8208    109.250  1023.2978  47513.221    29.9266     22.238    6.71684     8.6822     8.6848    23.1952   12.12437 1.6271e-01     22.449 0.0000e+00
        439 302.422541    0.03042     1.8250    109.500  1023.2987  47513.501    29.9267     22.395    6.71687     8.6819     8.6846    23.1953   12.12441 1.6000e-01     22.608 0.0000e+00
        440 302.422543    0.03049     1.8292    109.750  1023.2995  47513.814    29.9268     22.556    6.71690     8.6815     8.6844    23.1954   12.12446 1.5724e-01     22.770 0.0000e+00
        441 302.422546    0.03056     1.8333    110.000  1023.3004  47514.197    29.9269     22.721    6.71694     8.6811     8.6841    23.1956   12.12452 1.5442e-01     22.936 0.0000e+00
        442 302.422549    0.03062     1.8375    110.250  1023.3014  47514.668    29.9271     22.891    6.71698     8.6807     8.6838    23.1958   12.12459 1.5157e-01     23.108 0.0000e+00
        443 302.422552    0.03069     1.8417    110.500  1023.3025  47515.222    29.9274     23.065    6.71702     8.6804     8.6834    23.1961   12.12466 1.4878e-01     23.284 0.0000e+00
        444 302.422555    0.03076     1.8458    110.750  1023.3036  47515.823    29.9277     23.242    6.71707     8.6801     8.6830    23.1964   12.12473 1.4607e-01     23.462 0.0000e+00
        445 302.422558    0.03083     1.8500    111.000  1023.3047  47516.367    29.9279     23.419    6.71711     8.6798     8.6827    23.1966   12.12479 1.4348e-01     23.641 0.0000e+00
        446 302.422561    0.03090     1.8542    111.250  1023.3057  47516.806    29.9281     23.594    6.71714     8.6796     8.6824    23.1968   12.12485 1.4106e-01     23.818 0.0000e+00
        447 302.422564    0.03097     1.8583    111.500  1023.3067  47517.174    29.9283     23.766    6.71716     8.6795     8.6822    23.1970   12.12489 1.3882e-01     23.992 0.0000e+00
        448 302.422567    0.03104     1.8625    111.750  1023.3076  47517.511    29.9284     23.931    6.71718     8.6793     8.6820    23.1971   12.12492 1.3677e-01     24.158 0.0000e+00
        449 302.422569    0.03111     1.8667    112.000  1023.3084  47517.843    29.9286     24.090    6.71720     8.6792     8.6819    23.1973   12.12495 1.3490e-01     24.319 0.0000e+00
        450 302.422572    0.03118     1.8708    112.250  1023.3093  47518.163    29.9287     24.243    6.71722     8.6790     8.6817    23.1974   12.12497 1.3317e-01     24.473 0.0000e+00
        451 302.422575    0.03125     1.8750    112.500  1023.3101  47518.471    29.9289     24.392    6.71723     8.6789     8.6816    23.1975   12.12499 1.3153e-01     24.624 0.0000e+00
        452 302.422578    0.03132     1.8792    112.750  1023.3109  47518.800    29.9290     24.539    6.71724     8.6788     8.6814    23.1977   12.12501 1.2993e-01     24.772 0.0000e+00
        453 302.422581    0.03139     1.8833    113.000  1023.3118  47519.203    29.9292     24.688    6.71725     8.6787     8.6813    23.1978   12.12502 1.2832e-01     24.922 0.0000e+00
        454 302.422584    0.03146     1.8875    113.250  1023.3127  47519.740    29.9295     24.841    6.71725     8.6786     8.6812    23.1981   12.12502 1.2664e-01     25.077 0.0000e+00
        455 302.422587    0.03153     1.8917    113.500  1023.3138  47520.431    29.9299     25.001    6.71725     8.6785     8.6812    23.1984   12.12500 1.2486e-01     25.239 0.0000e+00
        456 302.422590    0.03160     1.8958    113.750  1023.3150  47521.304    29.9304     25.170    6.71724     8.6783     8.6811    23.1988   12.12498 1.2298e-01     25.409 0.0000e+00
        457 302.422593    0.03167     1.9000    114.000  1023.3164  47522.428    29.9311     25.346    6.71723     8.6781     8.6809    23.1994   12.12496 1.2104e-01     25.587 0.0000e+00
        458 302.422595    0.03174     1.9042    114.250  1023.3179  47523.850    29.9320     25.527    6.71721     8.6779     8.6808    23.2001   12.12492 1.1908e-01     25.770 0.0000e+00
        459 302.422598    0.03181     1.9083    114.500  1023.3197  47525.677    29.9332     25.711    6.71718     8.6777     8.6806    23.2011   12.12486 1.1715e-01     25.955 0.0000e+00
        460 302.422601    0.03188     1.9125    114.750  1023.3218  47528.006    29.9347     25.894    6.71714     8.6775     8.6804    23.2023   12.12478 1.1532e-01     26.140 0.0000e+00
        461 302.422604    0.03194     1.9167    115.000  1023.3239  47530.489    29.9364     26.074    6.71710     8.6774     8.6803    23.2036   12.12469 1.1361e-01     26.321 0.0000e+00
        462 302.422607    0.03201     1.9208    115.250  1023.3258  47532.587    29.9377     26.246    6.71707     8.6773     8.6801    23.2047   12.12462 1.1204e-01     26.496 0.0000e+00
        463 302.422610    0.03208     1.9250    115.500  1023.3274  47534.181    29.9387     26.411    6.71705     8.6772     8.6800    23.2055   12.12456 1.1061e-01     26.662 0.0000e+00
        464 302.422613    0.03215     1.9292    115.750  1023.3287  47535.389    29.9395     26.566    6.71703     8.6772     8.6799    23.2061   12.12452 1.0933e-01     26.818 0.0000e+00
        465 302.422616    0.03222     1.9333    116.000  1023.3298  47536.296    29.9401     26.713    6.71701     8.6772     8.6798    23.2066   12.12448 1.0817e-01     26.967 0.0000e+00
        466 302.422619    0.03229     1.9375    116.250  1023.3308  47537.013    29.9405     26.853    6.71699     8.6772     8.6798    23.2069   12.12445 1.0710e-01     27.108 0.0000e+00
        467 302.422622    0.03236     1.9417    116.500  1023.3317  47537.631    29.9409     26.989    6.71697     8.6772     8.6798    23.2072   12.12441 1.0608e-01     27.245 0.0000e+00
        468 302.422624    0.03243     1.9458    116.750  1023.3326  47538.188    29.9412     27.123    6.71695     8.6773     8.6799    23.2075   12.12438 1.0507e-01     27.381 0.0000e+00
        469 302.422627    0.03250     1.9500    117.000  1023.3335  47538.739    29.9415     27.261    6.71693     8.6774     8.6799    23.2077   12.12434 1.0401e-01     27.520 0.0000e+00
        470 302.422630    0.03257     1.9542    117.250  1023.3345  47539.387    29.9419     27.405    6.71691     8.6775     8.6800    23.2081   12.12429 1.0285e-01     27.666 0.0000e+00
        471 302.422633    0.03264     1.9583    117.500  1023.3356  47540.323    29.9425     27.559    6.71686     8.6777     8.6801    23.2085   12.12421 1.0159e-01     27.822 0.0000e+00
        472 302.422636    0.03271     1.9625    117.750  1023.3371  47541.744    29.9435     27.724    6.71680     8.6780     8.6803    23.2092   12.12410 1.0027e-01     27.988 0.0000e+00
        473 302.422639    0.03278     1.9667    118.000  1023.3389  47543.616    29.9447     27.899    6.71671     8.6785     8.6805    23.2102   12.12394 9.8926e-02     28.164 0.0000e+00
        474 302.422642    0.03285     1.9708    118.250  1023.3409  47545.824    29.9462     28.083    6.71660     8.6791     8.6808    23.2113   12.12373 9.7580e-02     28.349 0.0000e+00
        475 302.422645    0.03292     1.9750    118.500  1023.3431  47548.505    29.9481     28.271    6.71645     8.6801     8.6813    23.2127   12.12346 9.6261e-02     28.539 0.0000e+00
        476 302.422648    0.03299     1.9792    118.750  1023.3456  47551.690    29.9503     28.458    6.71624     8.6814     8.6820    23.2143   12.12309 9.5012e-02     28.729 0.0000e+00
        477 302.422650    0.03306     1.9833    119.000  1023.3483  47555.170    29.9528     28.641    6.71598     8.6831     8.6830    23.2161   12.12263 9.3866e-02     28.913 0.0000e+00
        478 302.422653    0.03313     1.9875    119.250  1023.3510  47558.977    29.9556     28.814    6.71566     8.6850     8.6843    23.2181   12.12206 9.2846e-02     29.088 0.0000e+00
        479 302.422656    0.03319     1.9917    119.500  1023.3540  47563.288    29.9587     28.976    6.71528     8.6873     8.6859    23.2203   12.12138 9.1953e-02     29.252 0.0000e+00
        480 302.422659    0.03326     1.9958    119.750  1023.3574  47568.329    29.9624     29.128    6.71482     8.6899     8.6879    23.2229   12.12058 9.1173e-02     29.406 0.0000e+00
        481 302.422662    0.03333     2.0000    120.000  1023.3609  47573.919    29.9666     29.271    6.71430     8.6925     8.6901    23.2259   12.11966 9.0483e-02     29.550 0.0000e+00
        482 302.422665    0.03340     2.0042    120.250  1023.3642  47578.933    29.9704     29.407    6.71374     8.6949     8.6927    23.2285   12.11869 8.9849e-02     29.687 0.0000e+00
        483 302.422668    0.03347     2.0083    120.500  1023.3667  47582.617    29.9733     29.541    6.71321     8.6969     8.6954    23.2303   12.11778 8.9234e-02     29.822 0.0000e+00
        484 302.422671    0.03354     2.0125    120.750  1023.3687  47585.464    29.9755     29.678    6.71275     8.6983     8.6979    23.2318   12.11698 8.8589e-02     29.961 0.0000e+00
        485 302.422674    0.03361     2.0167    121.000  1023.3708  47588.393    29.9778     29.823    6.71235     8.6991     8.6998    23.2333   12.11630 8.7879e-02     30.107 0.0000e+00
        486 302.422677    0.03368     2.0208    121.250  1023.3736  47592.370    29.9807     29.979    6.71201     8.6995     8.7012    23.2353   12.11571 8.7091e-02     30.264 0.0000e+00
        487 302.422679    0.03375     2.0250    121.500  1023.3774  47598.050    29.9847     30.146    6.71171     8.6996     8.7021    23.2383   12.11516 8.6230e-02     30.433 0.0000e+00
        488 302.422682    0.03382     2.0292    121.750  1023.3819  47604.835    29.9894     30.325    6.71144     8.6995     8.7025    23.2420   12.11466 8.5311e-02     30.614 0.0000e+00
        489 302.422685    0.03389     2.0333    122.000  1023.3861  47611.219    29.9938     30.513    6.71124     8.6993     8.7026    23.2454   12.11426 8.4352e-02     30.803 0.0000e+00
        490 302.422688    0.03396     2.0375    122.250  1023.3898  47616.357    29.9973     30.707    6.71110     8.6991     8.7026    23.2481   12.11398 8.3389e-02     30.999 0.0000e+00
        491 302.422691    0.03403     2.0417    122.500  1023.3928  47620.345    30.0000     30.901    6.71100     8.6988     8.7024    23.2502   12.11380 8.2469e-02     31.195 0.0000e+00
        492 302.422694    0.03410     2.0458    122.750  1023.3953  47623.520    30.0021     31.090    6.71094     8.6985     8.7022    23.2519   12.11367 8.1623e-02     31.386 0.0000e+00
        493 302.422697    0.03417     2.0500    123.000  1023.3976  47626.220    30.0039     31.272    6.71090     8.6982     8.7019    23.2533   12.11359 8.0861e-02     31.570 0.0000e+00
        494 302.422700    0.03424     2.0542    123.250  1023.3997  47628.696    30.0055     31.443    6.71088     8.6978     8.7016    23.2546   12.11352 8.0192e-02     31.742 0.0000e+00
        495 302.422703    0.03431     2.0583    123.500  1023.4017  47631.126    30.0071     31.602    6.71086     8.6974     8.7013    23.2559   12.11347 7.9617e-02     31.903 0.0000e+00
        496 302.422705    0.03438     2.0625    123.750  1023.4037  47633.573    30.0087     31.750    6.71084     8.6969     8.7009    23.2572   12.11343 7.9123e-02     32.052 0.0000e+00
        497 302.422708    0.03444     2.0667    124.000  1023.4056  47635.915    30.0102     31.889    6.71084     8.6964     8.7005    23.2585   12.11341 7.8661e-02     32.192 0.0000e+00
        498 302.422711    0.03451     2.0708    124.250  1023.4074  47638.119    30.0116     32.022    6.71085     8.6958     8.7000    23.2597   12.11340 7.8173e-02     32.327 0.0000e+00
        499 302.422714    0.03458     2.0750    124.500  1023.4091  47640.293    30.0130     32.154    6.71087     8.6952     8.6995    23.2608   12.11341 7.7674e-02     32.460 0.0000e+00
        500 302.422717    0.03465     2.0792    124.750  1023.4109  47642.499    30.0144     32.288    6.71089     8.6946     8.6990    23.2620   12.11343 7.7195e-02     32.595 0.0000e+00
        501 302.422720    0.03472     2.0833    125.000  1023.4128  47644.779    30.0158     32.427    6.71091     8.6938     8.6984    23.2632   12.11345 7.6710e-02     32.736 0.0000e+00
        502 302.422723    0.03479     2.0875    125.250  1023.4148  47647.293    30.0174     32.575    6.71094     8.6930     8.6978    23.2646   12.11348 7.6187e-02     32.885 0.0000e+00
        503 302.422726    0.03486     2.0917    125.500  1023.4172  47650.252    30.0193     32.734    6.71097     8.6922     8.6970    23.2662   12.11350 7.5622e-02     33.046 0.0000e+00
        504 302.422729    0.03493     2.0958    125.750  1023.4198  47653.650    30.0215     32.904    6.71099     8.6913     8.6962    23.2680   12.11352 7.5021e-02     33.218 0.0000e+00
        505 302.422731    0.03500     2.1000    126.000  1023.4225  47657.200    30.0238     33.084    6.71102     8.6905     8.6954    23.2699   12.11353 7.4393e-02     33.399 0.0000e+00
        506 302.422734    0.03507     2.1042    126.250  1023.4252  47660.659    30.0260     33.269    6.71104     8.6897     8.6946    23.2718   12.11355 7.3758e-02     33.586 0.0000e+00
        507 302.422737    0.03514     2.1083    126.500  1023.4278  47663.956    30.0281     33.457    6.71107     8.6890     8.6938    23.2736   12.11357 7.3129e-02     33.776 0.0000e+00
        508 302.422740    0.03521     2.1125    126.750  1023.4303  47666.958    30.0300     33.644    6.71111     8.6886     8.6930    23.2752   12.11360 7.2522e-02     33.964 0.0000e+00
        509 302.422743    0.03528     2.1167    127.000  1023.4325  47669.509    30.0316     33.827    6.71113     8.6883     8.6924    23.2765   12.11363 7.1959e-02     34.149 0.0000e+00
        510 302.422746    0.03535     2.1208    127.250  1023.4344  47671.591    30.0330     34.002    6.71114     8.6881     8.6919    23.2776   12.11363 7.1444e-02     34.325 0.0000e+00
