CTD-processing/allCTD/CNV--homogene/2013-04-20-cookinlet-tran3-cast110-s12.cnv
* Sea-Bird SBE19plus Data File:
* FileName = C:\Documents and Settings\kris.holderied.local\My Documents\2012-2013-CTD-DATA-new-files\2013-04-EVOSTC-CookInlet-Ocean\2013-04-CookInlet-Tran3-AnchorPt\2013-04-20-CookInlet-Tran3-cast110.hex
* Software Version 1.54
* Temperature SN =  5028
* Conductivity SN =  5028
* System UpLoad Time = Apr 20 2013 23:33:31
** Cook Inlet LTM Transect 3 (Anchor Pt) East to West
** Date:  2013-04-20
** Station:  3-12
** Start time (AKDT-24 hr):  1908
** Depth (m): 32
** Comment:H2O Clean
# nquan = 17
# nvalues = 519                         
# units = specified
# name 0 = scan: Scan Count
# name 1 = timeJ: Julian Days
# name 2 = timeH: Time, Elapsed [hours]
# name 3 = timeM: Time, Elapsed [minutes]
# name 4 = timeS: Time, Elapsed [seconds]
# name 5 = density00: Density [density, kg/m^3]
# name 6 = specc: Specific Conductance [uS/cm]
# name 7 = sal00: Salinity, Practical [PSU]
# name 8 = depSM: Depth [salt water, m], lat = 59.00
# name 9 = oxsolML/L: Oxygen Saturation, Garcia & Gordon [ml/l]
# name 10 = potemp090C: Potential Temperature [ITS-90, deg C]
# name 11 = tv290C: Temperature [ITS-90, deg C]
# name 12 = sigma-é00: Density [sigma-theta, kg/m^3]
# name 13 = n2satML/L: Nitrogen Saturation [ml/l]
# name 14 = par: PAR/Irradiance, Biospherical/Licor
# name 15 = prdM: Pressure, Strain Gauge [db]
# name 16 = flag:  0.000e+00
# span 0 =          1,        519       
# span 1 = 110.797755, 110.799253       
# span 2 =    0.00000,    0.03597       
# span 3 =     0.0000,     2.1583       
# span 4 =      0.000,    129.500       
# span 5 =   999.9813,  1025.5437       
# span 6 =     32.134,  51921.391       
# span 7 =     0.0133,    31.9429       
# span 8 =      0.111,     33.194       
# span 9 =    7.50673,    9.37273       
# span 10 =     3.1740,     3.4010      
# span 11 =     3.1740,     3.4011      
# span 12 =    -0.0194,    25.4163      
# span 13 =   13.40461,   16.98752      
# span 14 = 7.2015e-01, 6.9743e+02      
# span 15 =      0.112,     33.510      
# span 16 = 0.0000e+00, 0.0000e+00      
# interval = seconds: 0.25
# start_time = Apr 20 2013 19:08:46 [Instrument's time stamp, header]
# bad_flag = -9.990e-29
*END*
[from data line 86]
         87 110.798003    0.00597     0.3583     21.500  1025.3346  51750.046    31.8379      1.068    7.51613     3.3701     3.3719    25.3296   13.42117 2.8714e+02      1.078 0.0000e+00
         88 110.798006    0.00604     0.3625     21.750  1025.3471  51774.787    31.8534      1.073    7.51556     3.3718     3.3703    25.3420   13.42002 2.8349e+02      1.083 0.0000e+00
         89 110.798009    0.00611     0.3667     22.000  1025.3568  51793.580    31.8656      1.075    7.51493     3.3749     3.3702    25.3517   13.41879 2.6653e+02      1.085 0.0000e+00
         90 110.798012    0.00618     0.3708     22.250  1025.3638  51806.610    31.8746      1.076    7.51414     3.3786     3.3719    25.3587   13.41736 2.4450e+02      1.086 0.0000e+00
         91 110.798015    0.00625     0.3750     22.500  1025.3682  51814.462    31.8805      1.075    7.51325     3.3823     3.3750    25.3632   13.41581 2.3451e+02      1.086 0.0000e+00
         92 110.798018    0.00632     0.3792     22.750  1025.3708  51818.506    31.8841      1.075    7.51237     3.3855     3.3787    25.3657   13.41431 2.2909e+02      1.086 0.0000e+00
         93 110.798021    0.00639     0.3833     23.000  1025.3720  51819.985    31.8859      1.078    7.51159     3.3882     3.3824    25.3669   13.41301 2.1845e+02      1.088 0.0000e+00
         94 110.798024    0.00646     0.3875     23.250  1025.3722  51819.678    31.8865      1.083    7.51096     3.3903     3.3856    25.3670   13.41196 2.1174e+02      1.094 0.0000e+00
         95 110.798027    0.00653     0.3917     23.500  1025.3717  51818.126    31.8861      1.092    7.51049     3.3920     3.3883    25.3665   13.41118 2.1364e+02      1.103 0.0000e+00
         96 110.798030    0.00660     0.3958     23.750  1025.3706  51815.652    31.8850      1.103    7.51015     3.3932     3.3904    25.3654   13.41064 2.2089e+02      1.114 0.0000e+00
         97 110.798032    0.00667     0.4000     24.000  1025.3690  51812.334    31.8831      1.115    7.50994     3.3940     3.3920    25.3637   13.41032 2.2855e+02      1.125 0.0000e+00
         98 110.798035    0.00674     0.4042     24.250  1025.3670  51808.188    31.8806      1.126    7.50985     3.3945     3.3932    25.3616   13.41019 2.3678e+02      1.137 0.0000e+00
         99 110.798038    0.00681     0.4083     24.500  1025.3645  51803.488    31.8776      1.136    7.50985     3.3948     3.3940    25.3592   13.41023 2.4914e+02      1.147 0.0000e+00
        100 110.798041    0.00688     0.4125     24.750  1025.3621  51798.856    31.8746      1.144    7.50991     3.3949     3.3946    25.3567   13.41037 2.5727e+02      1.155 0.0000e+00
        101 110.798044    0.00694     0.4167     25.000  1025.3600  51794.946    31.8720      1.150    7.50999     3.3951     3.3948    25.3546   13.41054 2.5604e+02      1.161 0.0000e+00
        102 110.798047    0.00701     0.4208     25.250  1025.3587  51792.360    31.8702      1.153    7.51005     3.3952     3.3950    25.3532   13.41066 2.4915e+02      1.164 0.0000e+00
        103 110.798050    0.00708     0.4250     25.500  1025.3582  51791.327    31.8696      1.154    7.51006     3.3954     3.3951    25.3527   13.41068 2.3680e+02      1.165 0.0000e+00
        104 110.798053    0.00715     0.4292     25.750  1025.3581  51791.149    31.8695      1.153    7.51003     3.3955     3.3953    25.3526   13.41064 2.2045e+02      1.163 0.0000e+00
        105 110.798056    0.00722     0.4333     26.000  1025.3580  51791.039    31.8694      1.148    7.51000     3.3957     3.3954    25.3526   13.41060 2.0514e+02      1.159 0.0000e+00
        106 110.798058    0.00729     0.4375     26.250  1025.3580  51791.062    31.8695      1.139    7.50997     3.3959     3.3956    25.3527   13.41054 1.9162e+02      1.150 0.0000e+00
        107 110.798061    0.00736     0.4417     26.500  1025.3584  51791.854    31.8701      1.127    7.50991     3.3961     3.3958    25.3531   13.41044 1.8031e+02      1.137 0.0000e+00
        108 110.798064    0.00743     0.4458     26.750  1025.3596  51794.073    31.8717      1.111    7.50980     3.3962     3.3959    25.3543   13.41023 1.7542e+02      1.121 0.0000e+00
        109 110.798067    0.00750     0.4500     27.000  1025.3615  51797.644    31.8742      1.094    7.50964     3.3964     3.3961    25.3563   13.40993 1.8096e+02      1.104 0.0000e+00
        110 110.798070    0.00757     0.4542     27.250  1025.3635  51801.492    31.8768      1.079    7.50947     3.3964     3.3963    25.3584   13.40961 1.9248e+02      1.089 0.0000e+00
        111 110.798073    0.00764     0.4583     27.500  1025.3650  51804.365    31.8788      1.070    7.50934     3.3964     3.3964    25.3599   13.40938 1.9942e+02      1.080 0.0000e+00
        112 110.798076    0.00771     0.4625     27.750  1025.3657  51805.663    31.8797      1.067    7.50929     3.3963     3.3965    25.3607   13.40928 2.0337e+02      1.077 0.0000e+00
        113 110.798079    0.00778     0.4667     28.000  1025.3657  51805.545    31.8796      1.069    7.50930     3.3963     3.3965    25.3606   13.40930 2.1186e+02      1.080 0.0000e+00
        114 110.798082    0.00785     0.4708     28.250  1025.3652  51804.616    31.8790      1.076    7.50934     3.3962     3.3964    25.3601   13.40938 2.1966e+02      1.087 0.0000e+00
        115 110.798084    0.00792     0.4750     28.500  1025.3647  51803.606    31.8783      1.086    7.50939     3.3962     3.3964    25.3595   13.40947 2.1809e+02      1.096 0.0000e+00
        116 110.798087    0.00799     0.4792     28.750  1025.3644  51803.056    31.8779      1.097    7.50942     3.3962     3.3963    25.3592   13.40952 2.1040e+02      1.107 0.0000e+00
        117 110.798090    0.00806     0.4833     29.000  1025.3644  51803.067    31.8779      1.107    7.50943     3.3962     3.3963    25.3592   13.40953 2.0177e+02      1.118 0.0000e+00
        118 110.798093    0.00813     0.4875     29.250  1025.3647  51803.418    31.8781      1.116    7.50941     3.3962     3.3963    25.3594   13.40950 1.9258e+02      1.127 0.0000e+00
        119 110.798096    0.00819     0.4917     29.500  1025.3650  51803.983    31.8785      1.122    7.50939     3.3962     3.3963    25.3597   13.40946 1.8553e+02      1.133 0.0000e+00
        120 110.798099    0.00826     0.4958     29.750  1025.3655  51804.752    31.8790      1.126    7.50936     3.3962     3.3963    25.3601   13.40941 1.8233e+02      1.137 0.0000e+00
        121 110.798102    0.00833     0.5000     30.000  1025.3659  51805.621    31.8796      1.128    7.50934     3.3962     3.3963    25.3606   13.40935 1.8196e+02      1.138 0.0000e+00
        122 110.798105    0.00840     0.5042     30.250  1025.3664  51806.451    31.8801      1.128    7.50931     3.3962     3.3963    25.3610   13.40931 1.8820e+02      1.139 0.0000e+00
        123 110.798108    0.00847     0.5083     30.500  1025.3667  51807.072    31.8806      1.128    7.50929     3.3961     3.3963    25.3614   13.40927 2.0751e+02      1.139 0.0000e+00
        124 110.798111    0.00854     0.5125     30.750  1025.3668  51807.220    31.8807      1.130    7.50929     3.3961     3.3963    25.3614   13.40927 2.3102e+02      1.140 0.0000e+00
        125 110.798113    0.00861     0.5167     31.000  1025.3665  51806.635    31.8803      1.132    7.50931     3.3962     3.3962    25.3611   13.40931 2.4010e+02      1.143 0.0000e+00
        126 110.798116    0.00868     0.5208     31.250  1025.3658  51805.296    31.8794      1.134    7.50935     3.3962     3.3962    25.3604   13.40940 2.3721e+02      1.145 0.0000e+00
        127 110.798119    0.00875     0.5250     31.500  1025.3648  51803.488    31.8781      1.136    7.50941     3.3962     3.3962    25.3594   13.40951 2.3540e+02      1.147 0.0000e+00
        128 110.798122    0.00882     0.5292     31.750  1025.3638  51801.558    31.8768      1.136    7.50947     3.3963     3.3963    25.3584   13.40962 2.3723e+02      1.147 0.0000e+00
        129 110.798125    0.00889     0.5333     32.000  1025.3628  51799.786    31.8756      1.134    7.50953     3.3963     3.3963    25.3574   13.40973 2.4482e+02      1.144 0.0000e+00
        130 110.798128    0.00896     0.5375     32.250  1025.3621  51798.405    31.8747      1.128    7.50957     3.3964     3.3964    25.3567   13.40980 2.5911e+02      1.139 0.0000e+00
        131 110.798131    0.00903     0.5417     32.500  1025.3617  51797.847    31.8743      1.120    7.50958     3.3964     3.3964    25.3564   13.40983 2.7202e+02      1.130 0.0000e+00
        132 110.798134    0.00910     0.5458     32.750  1025.3621  51798.715    31.8749      1.108    7.50954     3.3965     3.3965    25.3569   13.40976 2.7843e+02      1.118 0.0000e+00
        133 110.798137    0.00917     0.5500     33.000  1025.3634  51801.185    31.8766      1.094    7.50945     3.3966     3.3965    25.3582   13.40958 2.8468e+02      1.105 0.0000e+00
        134 110.798139    0.00924     0.5542     33.250  1025.3650  51804.264    31.8788      1.081    7.50933     3.3965     3.3966    25.3599   13.40935 3.0077e+02      1.091 0.0000e+00
        135 110.798142    0.00931     0.5583     33.500  1025.3660  51806.243    31.8801      1.071    7.50925     3.3964     3.3966    25.3610   13.40920 3.1985e+02      1.081 0.0000e+00
        136 110.798145    0.00937     0.5625     33.750  1025.3662  51806.518    31.8803      1.063    7.50924     3.3962     3.3966    25.3612   13.40919 3.2876e+02      1.073 0.0000e+00
        137 110.798148    0.00944     0.5667     34.000  1025.3659  51806.075    31.8800      1.059    7.50929     3.3961     3.3964    25.3609   13.40927 3.2728e+02      1.069 0.0000e+00
        138 110.798151    0.00951     0.5708     34.250  1025.3658  51805.902    31.8798      1.059    7.50933     3.3960     3.3962    25.3608   13.40935 3.2684e+02      1.069 0.0000e+00
        139 110.798154    0.00958     0.5750     34.500  1025.3656  51805.562    31.8795      1.064    7.50937     3.3960     3.3961    25.3606   13.40942 3.3159e+02      1.074 0.0000e+00
        140 110.798157    0.00965     0.5792     34.750  1025.3645  51803.407    31.8780      1.073    7.50945     3.3959     3.3961    25.3594   13.40957 3.2504e+02      1.083 0.0000e+00
        141 110.798160    0.00972     0.5833     35.000  1025.3615  51797.868    31.8743      1.086    7.50965     3.3957     3.3961    25.3564   13.40994 3.1124e+02      1.096 0.0000e+00
        142 110.798163    0.00979     0.5875     35.250  1025.3570  51789.384    31.8685      1.100    7.50996     3.3955     3.3960    25.3518   13.41053 3.0442e+02      1.110 0.0000e+00
        143 110.798166    0.00986     0.5917     35.500  1025.3522  51780.438    31.8624      1.113    7.51031     3.3951     3.3958    25.3469   13.41119 3.0187e+02      1.124 0.0000e+00
        144 110.798168    0.00993     0.5958     35.750  1025.3480  51772.606    31.8570      1.124    7.51063     3.3945     3.3955    25.3426   13.41179 3.0125e+02      1.135 0.0000e+00
        145 110.798171    0.01000     0.6000     36.000  1025.3441  51765.441    31.8520      1.132    7.51095     3.3935     3.3951    25.3387   13.41239 3.0181e+02      1.143 0.0000e+00
        146 110.798174    0.01007     0.6042     36.250  1025.3403  51758.599    31.8472      1.137    7.51130     3.3918     3.3945    25.3349   13.41304 3.0494e+02      1.147 0.0000e+00
        147 110.798177    0.01014     0.6083     36.500  1025.3371  51752.875    31.8431      1.137    7.51170     3.3891     3.3935    25.3317   13.41375 3.1563e+02      1.148 0.0000e+00
        148 110.798180    0.01021     0.6125     36.750  1025.3351  51749.554    31.8404      1.135    7.51215     3.3855     3.3918    25.3297   13.41453 3.1844e+02      1.145 0.0000e+00
        149 110.798183    0.01028     0.6167     37.000  1025.3349  51749.734    31.8398      1.131    7.51268     3.3814     3.3891    25.3295   13.41541 2.9938e+02      1.142 0.0000e+00
        150 110.798186    0.01035     0.6208     37.250  1025.3362  51752.883    31.8410      1.126    7.51330     3.3773     3.3855    25.3308   13.41640 2.8415e+02      1.137 0.0000e+00
        151 110.798189    0.01042     0.6250     37.500  1025.3378  51756.892    31.8427      1.122    7.51397     3.3733     3.3814    25.3325   13.41749 2.7887e+02      1.133 0.0000e+00
        152 110.798192    0.01049     0.6292     37.750  1025.3393  51760.495    31.8441      1.117    7.51465     3.3695     3.3773    25.3340   13.41860 2.6447e+02      1.128 0.0000e+00
        153 110.798194    0.01056     0.6333     38.000  1025.3407  51764.011    31.8455      1.113    7.51531     3.3658     3.3734    25.3354   13.41968 2.4912e+02      1.123 0.0000e+00
        154 110.798197    0.01063     0.6375     38.250  1025.3424  51768.013    31.8472      1.108    7.51593     3.3620     3.3695    25.3371   13.42067 2.4686e+02      1.119 0.0000e+00
        155 110.798200    0.01069     0.6417     38.500  1025.3445  51772.662    31.8494      1.104    7.51652     3.3582     3.3658    25.3392   13.42161 2.5295e+02      1.115 0.0000e+00
        156 110.798203    0.01076     0.6458     38.750  1025.3469  51777.958    31.8521      1.101    7.51708     3.3545     3.3620    25.3417   13.42250 2.5960e+02      1.111 0.0000e+00
        157 110.798206    0.01083     0.6500     39.000  1025.3497  51784.043    31.8552      1.098    7.51763     3.3513     3.3582    25.3445   13.42336 2.6801e+02      1.108 0.0000e+00
        158 110.798209    0.01090     0.6542     39.250  1025.3530  51790.966    31.8590      1.096    7.51812     3.3488     3.3545    25.3478   13.42412 2.7206e+02      1.106 0.0000e+00
        159 110.798212    0.01097     0.6583     39.500  1025.3567  51798.359    31.8632      1.096    7.51850     3.3471     3.3513    25.3515   13.42470 2.6353e+02      1.107 0.0000e+00
        160 110.798215    0.01104     0.6625     39.750  1025.3603  51805.673    31.8675      1.099    7.51874     3.3463     3.3488    25.3552   13.42504 2.5420e+02      1.109 0.0000e+00
        161 110.798218    0.01111     0.6667     40.000  1025.3635  51811.831    31.8712      1.102    7.51886     3.3462     3.3472    25.3583   13.42518 2.5747e+02      1.113 0.0000e+00
        162 110.798220    0.01118     0.6708     40.250  1025.3652  51815.262    31.8734      1.105    7.51890     3.3467     3.3463    25.3600   13.42523 2.7067e+02      1.115 0.0000e+00
        163 110.798223    0.01125     0.6750     40.500  1025.3655  51815.757    31.8737      1.105    7.51890     3.3477     3.3463    25.3603   13.42521 2.8500e+02      1.116 0.0000e+00
        164 110.798226    0.01132     0.6792     40.750  1025.3653  51815.293    31.8735      1.104    7.51881     3.3491     3.3468    25.3601   13.42507 3.0117e+02      1.115 0.0000e+00
        165 110.798229    0.01139     0.6833     41.000  1025.3657  51815.830    31.8741      1.103    7.51860     3.3510     3.3478    25.3605   13.42472 3.1236e+02      1.114 0.0000e+00
        166 110.798232    0.01146     0.6875     41.250  1025.3664  51816.885    31.8752      1.102    7.51829     3.3534     3.3492    25.3612   13.42419 3.1053e+02      1.113 0.0000e+00
        167 110.798235    0.01153     0.6917     41.500  1025.3663  51816.268    31.8752      1.102    7.51793     3.3559     3.3511    25.3611   13.42359 3.1937e+02      1.113 0.0000e+00
        168 110.798238    0.01160     0.6958     41.750  1025.3648  51812.850    31.8735      1.103    7.51758     3.3586     3.3535    25.3596   13.42304 3.5593e+02      1.114 0.0000e+00
        169 110.798241    0.01167     0.7000     42.000  1025.3625  51808.154    31.8710      1.103    7.51723     3.3613     3.3560    25.3573   13.42249 3.7626e+02      1.114 0.0000e+00
        170 110.798244    0.01174     0.7042     42.250  1025.3612  51805.071    31.8696      1.105    7.51682     3.3645     3.3587    25.3559   13.42183 3.4431e+02      1.116 0.0000e+00
