CTD-processing/allCTD/CNV--homogene/2013_07-19_t4_s10_cast040.cnv
* Sea-Bird SBE19plus Data File:
* FileName = C:\Documents and Settings\kris.holderied.local\My Documents\2012-2013-CTD-DATA-new-files\2013-07-CookInlet-EVOSTC-LTM\2013-07-19-CookInlet-Tran4-Barabara\2013-07-19-CookInlet-Tran4-Barabara-cast040.hex
* Software Version 1.54
* Temperature SN =  5028
* Conductivity SN =  5028
* System UpLoad Time = Jul 19 2013 21:54:56
** Cook Inlet LTM Ocean - Tran4 - Barabara, North to South
** Date: 2013-07-19
** Station: 4-10
** Start time (AKDT-24 hr): 17:50
** Depth (m): 13
** Comment:
** Comment:
# nquan = 17
# nvalues = 328                         
# units = specified
# name 0 = scan: Scan Count
# name 1 = timeJ: Julian Days
# name 2 = timeH: Time, Elapsed [hours]
# name 3 = timeM: Time, Elapsed [minutes]
# name 4 = timeS: Time, Elapsed [seconds]
# name 5 = density00: Density [density, kg/m^3]
# name 6 = specc: Specific Conductance [uS/cm]
# name 7 = sal00: Salinity, Practical [PSU]
# name 8 = depSM: Depth [salt water, m], lat = 59.00
# name 9 = oxsolML/L: Oxygen Saturation, Garcia & Gordon [ml/l]
# name 10 = potemp090C: Potential Temperature [ITS-90, deg C]
# name 11 = tv290C: Temperature [ITS-90, deg C]
# name 12 = sigma-é00: Density [sigma-theta, kg/m^3]
# name 13 = n2satML/L: Nitrogen Saturation [ml/l]
# name 14 = par: PAR/Irradiance, Biospherical/Licor
# name 15 = prdM: Pressure, Strain Gauge [db]
# name 16 = flag:  0.000e+00
# span 0 =          1,        328       
# span 1 = 200.743669, 200.744615       
# span 2 =    0.00000,    0.02271       
# span 3 =     0.0000,     1.3625       
# span 4 =      0.000,     81.750       
# span 5 =   998.9808,  1024.5273       
# span 6 =    187.120,  49859.033       
# span 7 =     0.0910,    31.6419       
# span 8 =      0.067,     14.067       
# span 9 =    6.33590,    6.97715       
# span 10 =     9.1745,    16.2552      
# span 11 =     9.1759,    16.2552      
# span 12 =    -1.0195,    24.4627      
# span 13 =   11.48169,   12.76599      
# span 14 = 3.8286e+00, 8.5395e+02      
# span 15 =      0.067,     14.201      
# span 16 = 0.0000e+00, 0.0000e+00      
# interval = seconds: 0.25
# start_time = Jul 19 2013 17:50:53 [Instrument's time stamp, header]
# bad_flag = -9.990e-29
*END*
[from data line 171]
        172 200.744164    0.01188     0.7125     42.750  1023.6929  48537.710    30.8419      1.624    6.46653    10.1404    10.1328    23.6855   11.69855 2.3541e+02      1.639 0.0000e+00
        173 200.744167    0.01194     0.7167     43.000  1023.6940  48539.107    30.8432      1.753    6.46609    10.1478    10.1355    23.6860   11.69781 2.2785e+02      1.769 0.0000e+00
        174 200.744170    0.01201     0.7208     43.250  1023.6943  48539.339    30.8439      1.879    6.46533    10.1574    10.1406    23.6858   11.69654 2.2330e+02      1.897 0.0000e+00
        175 200.744172    0.01208     0.7250     43.500  1023.6964  48543.049    30.8474      1.998    6.46415    10.1693    10.1480    23.6873   11.69455 2.2135e+02      2.016 0.0000e+00
        176 200.744175    0.01215     0.7292     43.750  1023.7016  48552.954    30.8555      2.099    6.46245    10.1832    10.1577    23.6920   11.69164 2.2001e+02      2.118 0.0000e+00
        177 200.744178    0.01222     0.7333     44.000  1023.7085  48566.377    30.8664      2.173    6.46033    10.1998    10.1695    23.6985   11.68799 2.1869e+02      2.193 0.0000e+00
        178 200.744181    0.01229     0.7375     44.250  1023.7126  48575.276    30.8744      2.209    6.45804    10.2195    10.1835    23.7025   11.68409 2.1858e+02      2.230 0.0000e+00
        179 200.744184    0.01236     0.7417     44.500  1023.7103  48573.389    30.8750      2.204    6.45568    10.2412    10.2000    23.7003   11.68017 2.2216e+02      2.225 0.0000e+00
        180 200.744187    0.01243     0.7458     44.750  1023.7020  48561.169    30.8688      2.160    6.45316    10.2623    10.2197    23.6922   11.67607 2.3146e+02      2.181 0.0000e+00
        181 200.744190    0.01250     0.7500     45.000  1023.6905  48543.486    30.8590      2.081    6.45051    10.2799    10.2414    23.6810   11.67180 2.4549e+02      2.101 0.0000e+00
        182 200.744193    0.01257     0.7542     45.250  1023.6789  48525.913    30.8492      1.976    6.44796    10.2923    10.2625    23.6699   11.66768 2.6024e+02      1.995 0.0000e+00
        183 200.744196    0.01264     0.7583     45.500  1023.6697  48512.389    30.8418      1.850    6.44578    10.2986    10.2801    23.6612   11.66417 2.7476e+02      1.867 0.0000e+00
        184 200.744198    0.01271     0.7625     45.750  1023.6637  48504.181    30.8376      1.710    6.44422    10.2988    10.2925    23.6559   11.66163 2.9283e+02      1.726 0.0000e+00
        185 200.744201    0.01278     0.7667     46.000  1023.6598  48499.032    30.8348      1.563    6.44345    10.2927    10.2987    23.6526   11.66039 3.1364e+02      1.577 0.0000e+00
        186 200.744204    0.01285     0.7708     46.250  1023.6561  48493.569    30.8311      1.414    6.44358    10.2802    10.2989    23.6496   11.66066 3.3052e+02      1.427 0.0000e+00
        187 200.744207    0.01292     0.7750     46.500  1023.6528  48487.849    30.8264      1.271    6.44463    10.2623    10.2928    23.6470   11.66245 3.4157e+02      1.282 0.0000e+00
        188 200.744210    0.01299     0.7792     46.750  1023.6504  48482.960    30.8215      1.140    6.44659    10.2411    10.2803    23.6452   11.66576 3.5086e+02      1.150 0.0000e+00
        189 200.744213    0.01306     0.7833     47.000  1023.6481  48477.178    30.8153      1.030    6.44937    10.2187    10.2624    23.6434   11.67043 3.6071e+02      1.040 0.0000e+00
        190 200.744216    0.01313     0.7875     47.250  1023.6451  48469.602    30.8074      0.951    6.45268    10.1970    10.2411    23.6407   11.67602 3.6601e+02      0.960 0.0000e+00
        191 200.744219    0.01319     0.7917     47.500  1023.6428  48462.917    30.8000      0.914    6.45614    10.1774    10.2188    23.6387   11.68183 3.6093e+02      0.923 0.0000e+00
        192 200.744222    0.01326     0.7958     47.750  1023.6426  48459.631    30.7950      0.933    6.45939    10.1608    10.1971    23.6384   11.68729 3.4837e+02      0.942 0.0000e+00
        193 200.744225    0.01333     0.8000     48.000  1023.6443  48459.530    30.7925      1.017    6.46226    10.1480    10.1775    23.6396   11.69207 3.2948e+02      1.027 0.0000e+00
        194 200.744227    0.01340     0.8042     48.250  1023.6474  48461.945    30.7921      1.166    6.46462    10.1398    10.1609    23.6421   11.69598 3.0225e+02      1.177 0.0000e+00
        195 200.744230    0.01347     0.8083     48.500  1023.6516  48466.542    30.7938      1.360    6.46635    10.1372    10.1481    23.6454   11.69883 2.7177e+02      1.373 0.0000e+00
        196 200.744233    0.01354     0.8125     48.750  1023.6560  48471.901    30.7965      1.572    6.46738    10.1409    10.1400    23.6488   11.70051 2.4434e+02      1.587 0.0000e+00
        197 200.744236    0.01361     0.8167     49.000  1023.6592  48475.697    30.7987      1.777    6.46765    10.1492    10.1375    23.6510   11.70093 2.2128e+02      1.793 0.0000e+00
        198 200.744239    0.01368     0.8208     49.250  1023.6599  48476.097    30.7994      1.953    6.46711    10.1589    10.1411    23.6510   11.70002 2.0343e+02      1.972 0.0000e+00
        199 200.744242    0.01375     0.8250     49.500  1023.6588  48474.121    30.7989      2.094    6.46595    10.1679    10.1494    23.6493   11.69811 1.9257e+02      2.114 0.0000e+00
        200 200.744245    0.01382     0.8292     49.750  1023.6581  48473.163    30.7994      2.197    6.46456    10.1766    10.1591    23.6480   11.69580 1.8890e+02      2.217 0.0000e+00
        201 200.744248    0.01389     0.8333     50.000  1023.6582  48474.100    30.8011      2.257    6.46321    10.1859    10.1682    23.6479   11.69354 1.9123e+02      2.278 0.0000e+00
        202 200.744251    0.01396     0.8375     50.250  1023.6576  48473.927    30.8021      2.270    6.46195    10.1958    10.1768    23.6472   11.69145 1.9845e+02      2.291 0.0000e+00
        203 200.744253    0.01403     0.8417     50.500  1023.6547  48470.232    30.8006      2.231    6.46070    10.2049    10.1861    23.6446   11.68939 2.1051e+02      2.252 0.0000e+00
        204 200.744256    0.01410     0.8458     50.750  1023.6503  48464.135    30.7975      2.141    6.45943    10.2113    10.1960    23.6406   11.68731 2.2733e+02      2.162 0.0000e+00
        205 200.744259    0.01417     0.8500     51.000  1023.6461  48458.521    30.7947      2.008    6.45827    10.2141    10.2051    23.6369   11.68543 2.4791e+02      2.027 0.0000e+00
        206 200.744262    0.01424     0.8542     51.250  1023.6430  48455.095    30.7932      1.845    6.45743    10.2123    10.2115    23.6346   11.68406 2.7067e+02      1.862 0.0000e+00
        207 200.744265    0.01431     0.8583     51.500  1023.6407  48452.652    30.7918      1.667    6.45711    10.2052    10.2142    23.6331   11.68353 2.9553e+02      1.683 0.0000e+00
        208 200.744268    0.01438     0.8625     51.750  1023.6378  48448.343    30.7887      1.492    6.45749    10.1923    10.2125    23.6309   11.68421 3.2331e+02      1.506 0.0000e+00
        209 200.744271    0.01444     0.8667     52.000  1023.6346  48442.792    30.7840      1.342    6.45869    10.1752    10.2053    23.6284   11.68625 3.4381e+02      1.354 0.0000e+00
        210 200.744274    0.01451     0.8708     52.250  1023.6344  48441.655    30.7816      1.234    6.46061    10.1573    10.1924    23.6287   11.68946 3.4719e+02      1.246 0.0000e+00
        211 200.744277    0.01458     0.8750     52.500  1023.6393  48448.829    30.7847      1.180    6.46290    10.1412    10.1753    23.6339   11.69322 3.4143e+02      1.191 0.0000e+00
        212 200.744280    0.01465     0.8792     52.750  1023.6479  48462.313    30.7920      1.177    6.46513    10.1286    10.1574    23.6425   11.69682 3.3088e+02      1.188 0.0000e+00
        213 200.744282    0.01472     0.8833     53.000  1023.6579  48478.121    30.8012      1.215    6.46701    10.1199    10.1414    23.6523   11.69983 3.1383e+02      1.226 0.0000e+00
        214 200.744285    0.01479     0.8875     53.250  1023.6674  48493.356    30.8103      1.279    6.46841    10.1147    10.1288    23.6615   11.70204 2.9451e+02      1.291 0.0000e+00
        215 200.744288    0.01486     0.8917     53.500  1023.6752  48505.997    30.8182      1.358    6.46931    10.1120    10.1201    23.6690   11.70344 2.7568e+02      1.371 0.0000e+00
        216 200.744291    0.01493     0.8958     53.750  1023.6812  48515.517    30.8242      1.440    6.46980    10.1108    10.1149    23.6746   11.70417 2.5915e+02      1.454 0.0000e+00
        217 200.744294    0.01500     0.9000     54.000  1023.6859  48523.115    30.8292      1.521    6.46997    10.1107    10.1122    23.6789   11.70441 2.4745e+02      1.536 0.0000e+00
        218 200.744297    0.01507     0.9042     54.250  1023.6898  48529.508    30.8335      1.599    6.46995    10.1116    10.1110    23.6825   11.70432 2.4106e+02      1.614 0.0000e+00
        219 200.744300    0.01514     0.9083     54.500  1023.6926  48533.961    30.8366      1.673    6.46983    10.1138    10.1109    23.6849   11.70409 2.3714e+02      1.688 0.0000e+00
        220 200.744303    0.01521     0.9125     54.750  1023.6939  48535.943    30.8381      1.746    6.46964    10.1173    10.1118    23.6859   11.70376 2.3171e+02      1.762 0.0000e+00
        221 200.744306    0.01528     0.9167     55.000  1023.6942  48536.246    30.8385      1.820    6.46931    10.1219    10.1140    23.6859   11.70321 2.2455e+02      1.837 0.0000e+00
        222 200.744308    0.01535     0.9208     55.250  1023.6946  48536.720    30.8393      1.893    6.46878    10.1272    10.1176    23.6859   11.70232 2.1873e+02      1.912 0.0000e+00
        223 200.744311    0.01542     0.9250     55.500  1023.6962  48539.794    30.8420      1.960    6.46803    10.1337    10.1221    23.6873   11.70104 2.1524e+02      1.979 0.0000e+00
        224 200.744314    0.01549     0.9292     55.750  1023.7003  48547.476    30.8480      2.009    6.46703    10.1423    10.1274    23.6911   11.69931 2.1361e+02      2.028 0.0000e+00
        225 200.744317    0.01556     0.9333     56.000  1023.7052  48557.048    30.8555      2.028    6.46580    10.1539    10.1339    23.6959   11.69719 2.1608e+02      2.047 0.0000e+00
        226 200.744320    0.01563     0.9375     56.250  1023.7066  48560.855    30.8592      2.010    6.46444    10.1677    10.1425    23.6974   11.69488 2.2583e+02      2.029 0.0000e+00
        227 200.744323    0.01569     0.9417     56.500  1023.7020  48554.418    30.8561      1.955    6.46293    10.1813    10.1541    23.6931   11.69242 2.4456e+02      1.973 0.0000e+00
        228 200.744326    0.01576     0.9458     56.750  1023.6929  48540.163    30.8478      1.867    6.46132    10.1920    10.1679    23.6843   11.68985 2.7210e+02      1.885 0.0000e+00
        229 200.744329    0.01583     0.9500     57.000  1023.6827  48524.285    30.8384      1.755    6.45979    10.1983    10.1816    23.6747   11.68743 3.0698e+02      1.772 0.0000e+00
        230 200.744332    0.01590     0.9542     57.250  1023.6744  48511.491    30.8307      1.632    6.45860    10.1998    10.1922    23.6669   11.68555 3.4472e+02      1.647 0.0000e+00
        231 200.744334    0.01597     0.9583     57.500  1023.6679  48501.346    30.8244      1.513    6.45798    10.1965    10.1985    23.6610   11.68460 3.7449e+02      1.527 0.0000e+00
        232 200.744337    0.01604     0.9625     57.750  1023.6617  48491.003    30.8173      1.417    6.45806    10.1875    10.2000    23.6552   11.68481 3.8841e+02      1.430 0.0000e+00
        233 200.744340    0.01611     0.9667     58.000  1023.6551  48479.046    30.8085      1.356    6.45890    10.1731    10.1967    23.6489   11.68630 3.8798e+02      1.369 0.0000e+00
        234 200.744343    0.01618     0.9708     58.250  1023.6496  48467.905    30.7995      1.342    6.46053    10.1555    10.1877    23.6434   11.68912 3.7620e+02      1.355 0.0000e+00
        235 200.744346    0.01625     0.9750     58.500  1023.6485  48463.877    30.7949      1.376    6.46276    10.1386    10.1732    23.6422   11.69287 3.5487e+02      1.389 0.0000e+00
        236 200.744349    0.01632     0.9792     58.750  1023.6538  48470.689    30.7976      1.449    6.46513    10.1256    10.1557    23.6471   11.69676 3.2789e+02      1.462 0.0000e+00
        237 200.744352    0.01639     0.9833     59.000  1023.6637  48485.966    30.8062      1.545    6.46716    10.1178    10.1388    23.6567   11.70001 3.0179e+02      1.559 0.0000e+00
        238 200.744355    0.01646     0.9875     59.250  1023.6755  48504.963    30.8180      1.644    6.46851    10.1153    10.1258    23.6680   11.70211 2.7982e+02      1.660 0.0000e+00
        239 200.744358    0.01653     0.9917     59.500  1023.6870  48524.358    30.8307      1.732    6.46908    10.1172    10.1180    23.6791   11.70291 2.6093e+02      1.748 0.0000e+00
        240 200.744361    0.01660     0.9958     59.750  1023.6967  48541.051    30.8421      1.797    6.46896    10.1222    10.1155    23.6884   11.70258 2.4522e+02      1.814 0.0000e+00
        241 200.744363    0.01667     1.0000     60.000  1023.7024  48551.435    30.8496      1.835    6.46839    10.1287    10.1173    23.6940   11.70153 2.3578e+02      1.853 0.0000e+00
        242 200.744366    0.01674     1.0042     60.250  1023.7045  48555.844    30.8533      1.847    6.46753    10.1352    10.1223    23.6961   11.70007 2.3397e+02      1.864 0.0000e+00
        243 200.744369    0.01681     1.0083     60.500  1023.7054  48558.357    30.8559      1.837    6.46650    10.1407    10.1289    23.6970   11.69833 2.3758e+02      1.854 0.0000e+00
        244 200.744372    0.01688     1.0125     60.750  1023.7069  48562.022    30.8593      1.815    6.46544    10.1451    10.1354    23.6986   11.69654 2.4452e+02      1.832 0.0000e+00
        245 200.744375    0.01694     1.0167     61.000  1023.7092  48567.124    30.8636      1.786    6.46449    10.1488    10.1408    23.7010   11.69492 2.5302e+02      1.803 0.0000e+00
        246 200.744378    0.01701     1.0208     61.250  1023.7118  48572.679    30.8680      1.756    6.46368    10.1521    10.1453    23.7038   11.69352 2.6168e+02      1.772 0.0000e+00
        247 200.744381    0.01708     1.0250     61.500  1023.7143  48577.991    30.8723      1.723    6.46298    10.1550    10.1490    23.7065   11.69230 2.7007e+02      1.740 0.0000e+00
        248 200.744384    0.01715     1.0292     61.750  1023.7165  48582.525    30.8759      1.689    6.46237    10.1577    10.1523    23.7088   11.69125 2.7718e+02      1.705 0.0000e+00
        249 200.744387    0.01722     1.0333     62.000  1023.7176  48585.133    30.8781      1.654    6.46186    10.1600    10.1552    23.7100   11.69039 2.8324e+02      1.670 0.0000e+00
        250 200.744389    0.01729     1.0375     62.250  1023.7166  48584.021    30.8776      1.621    6.46151    10.1620    10.1578    23.7092   11.68981 2.9063e+02      1.636 0.0000e+00
        251 200.744392    0.01736     1.0417     62.500  1023.7124  48576.844    30.8729      1.593    6.46138    10.1635    10.1602    23.7051   11.68964 2.9877e+02      1.608 0.0000e+00
        252 200.744395    0.01743     1.0458     62.750  1023.7043  48562.402    30.8630      1.574    6.46151    10.1645    10.1621    23.6971   11.68998 3.0495e+02      1.589 0.0000e+00
        253 200.744398    0.01750     1.0500     63.000  1023.6933  48542.715    30.8493      1.567    6.46186    10.1650    10.1636    23.6861   11.69072 3.0461e+02      1.582 0.0000e+00
        254 200.744401    0.01757     1.0542     63.250  1023.6809  48520.211    30.8335      1.578    6.46237    10.1646    10.1647    23.6737   11.69175 2.9593e+02      1.593 0.0000e+00
        255 200.744404    0.01764     1.0583     63.500  1023.6676  48495.804    30.8164      1.606    6.46301    10.1634    10.1652    23.6603   11.69303 2.8465e+02      1.621 0.0000e+00
