CTD-processing/allCTD/CNV--homogene/2013_08-07_t9_s04_cast114.cnv
* Sea-Bird SBE19plus Data File:
* FileName = C:\Users\kris.holderied\Documents\kasitsna\Research-Projects-and-Data\Oceanography-AK\CTD-Data-ALL-to-2014-03\2013-CTD-KachBay-CookInlet\2013-08-07-CookInlet-CTD4141\2013-08-07-CookInlet-Tran9-cast114.hex
* Software Version 1.59
* Temperature SN =  4141
* Conductivity SN =  4141
* System UpLoad Time = May 27 2014 20:06:34
** Cook Inlet LTM Transect 9 (Homer Spit) Extra??
** Date: 2013-08-07
** Station: 9-04
** Start time: 15:49
** Depth (m): 95.7
** Comment:
** Comment:
# nquan = 17
# nvalues = 721                         
# units = specified
# name 0 = scan: Scan Count
# name 1 = timeJ: Julian Days
# name 2 = timeH: Time, Elapsed [hours]
# name 3 = timeM: Time, Elapsed [minutes]
# name 4 = timeS: Time, Elapsed [seconds]
# name 5 = density00: Density [density, kg/m^3]
# name 6 = specc: Specific Conductance [uS/cm]
# name 7 = sal00: Salinity, Practical [PSU]
# name 8 = depSM: Depth [salt water, m], lat = 59.00
# name 9 = oxsolML/L: Oxygen Saturation, Garcia & Gordon [ml/l]
# name 10 = potemp090C: Potential Temperature [ITS-90, deg C]
# name 11 = tv290C: Temperature [ITS-90, deg C]
# name 12 = sigma-é00: Density [sigma-theta, kg/m^3]
# name 13 = n2satML/L: Nitrogen Saturation [ml/l]
# name 14 = par: PAR/Irradiance, Biospherical/Licor
# name 15 = prdM: Pressure, Strain Gauge [db]
# name 16 = flag:  0.000e+00
# span 0 =          1,        721       
# span 1 = 219.658970, 219.661053       
# span 2 =    0.00000,    0.05000       
# span 3 =     0.0000,     3.0000       
# span 4 =      0.000,    180.000       
# span 5 =   999.7307,  1025.1711       
# span 6 =    274.322,  50400.956       
# span 7 =     0.1290,    31.7684       
# span 8 =     -0.113,     85.244       
# span 9 =    6.43497,    7.75141       
# span 10 =     7.7140,    11.4928      
# span 11 =     7.7220,    11.4929      
# span 12 =    -0.2688,    24.7772      
# span 13 =   11.64331,   14.25669      
# span 14 = 3.6382e-02, 6.1476e+02      
# span 15 =     -0.115,     86.066      
# span 16 = 0.0000e+00, 0.0000e+00      
# interval = seconds: 0.25
# start_time = Aug 07 2013 15:48:55 [Instrument's time stamp, header]
# bad_flag = -9.990e-29
*END*
[from data line 511]
        512 219.660448    0.03549     2.1292    127.750  1024.3188  49414.939    31.3968     29.232    6.50141     9.7095     9.7249    24.1849   11.74968 3.6382e-02     29.510 0.0000e+00
        513 219.660451    0.03556     2.1333    128.000  1024.3219  49418.084    31.3982     29.475    6.50218     9.7021     9.7191    24.1869   11.75094 3.6382e-02     29.756 0.0000e+00
        514 219.660454    0.03562     2.1375    128.250  1024.3247  49420.632    31.3991     29.719    6.50305     9.6933     9.7127    24.1886   11.75239 3.6382e-02     30.002 0.0000e+00
        515 219.660457    0.03569     2.1417    128.500  1024.3275  49423.070    31.3997     29.964    6.50408     9.6833     9.7053    24.1903   11.75408 3.6382e-02     30.249 0.0000e+00
        516 219.660460    0.03576     2.1458    128.750  1024.3310  49426.537    31.4009     30.210    6.50528     9.6724     9.6966    24.1926   11.75605 3.6382e-02     30.497 0.0000e+00
        517 219.660463    0.03583     2.1500    129.000  1024.3356  49431.965    31.4033     30.457    6.50662     9.6614     9.6866    24.1961   11.75824 3.6382e-02     30.746 0.0000e+00
        518 219.660466    0.03590     2.1542    129.250  1024.3411  49438.920    31.4066     30.703    6.50803     9.6503     9.6758    24.2005   11.76053 3.6382e-02     30.994 0.0000e+00
        519 219.660469    0.03597     2.1583    129.500  1024.3466  49445.818    31.4099     30.945    6.50946     9.6384     9.6648    24.2048   11.76286 3.6382e-02     31.239 0.0000e+00
        520 219.660472    0.03604     2.1625    129.750  1024.3512  49451.187    31.4122     31.182    6.51096     9.6249     9.6537    24.2083   11.76531 3.6382e-02     31.478 0.0000e+00
        521 219.660475    0.03611     2.1667    130.000  1024.3549  49454.992    31.4132     31.415    6.51262     9.6092     9.6418    24.2110   11.76805 3.6382e-02     31.713 0.0000e+00
        522 219.660477    0.03618     2.1708    130.250  1024.3586  49458.567    31.4138     31.644    6.51453     9.5918     9.6283    24.2136   11.77121 3.6382e-02     31.945 0.0000e+00
        523 219.660480    0.03625     2.1750    130.500  1024.3634  49463.790    31.4153     31.871    6.51671     9.5739     9.6126    24.2173   11.77480 3.6382e-02     32.174 0.0000e+00
        524 219.660483    0.03632     2.1792    130.750  1024.3703  49472.945    31.4194     32.095    6.51904     9.5574     9.5952    24.2232   11.77862 3.6382e-02     32.401 0.0000e+00
        525 219.660486    0.03639     2.1833    131.000  1024.3797  49486.497    31.4264     32.318    6.52132     9.5436     9.5773    24.2316   11.78230 3.6382e-02     32.625 0.0000e+00
        526 219.660489    0.03646     2.1875    131.250  1024.3897  49501.325    31.4346     32.538    6.52334     9.5323     9.5609    24.2406   11.78555 3.6382e-02     32.848 0.0000e+00
        527 219.660492    0.03653     2.1917    131.500  1024.3982  49513.635    31.4413     32.756    6.52504     9.5227     9.5471    24.2480   11.78828 3.6382e-02     33.068 0.0000e+00
        528 219.660495    0.03660     2.1958    131.750  1024.4045  49522.336    31.4458     32.974    6.52647     9.5141     9.5359    24.2534   11.79058 3.6382e-02     33.288 0.0000e+00
        529 219.660498    0.03667     2.2000    132.000  1024.4096  49528.877    31.4491     33.193    6.52771     9.5064     9.5263    24.2574   11.79260 3.6382e-02     33.509 0.0000e+00
        530 219.660501    0.03674     2.2042    132.250  1024.4143  49534.918    31.4521     33.416    6.52881     9.4995     9.5177    24.2611   11.79440 3.6382e-02     33.734 0.0000e+00
        531 219.660503    0.03681     2.2083    132.500  1024.4193  49541.417    31.4555     33.643    6.52979     9.4939     9.5099    24.2651   11.79597 3.6382e-02     33.963 0.0000e+00
        532 219.660506    0.03687     2.2125    132.750  1024.4247  49548.775    31.4597     33.874    6.53059     9.4897     9.5032    24.2694   11.79725 3.6382e-02     34.196 0.0000e+00
        533 219.660509    0.03694     2.2167    133.000  1024.4304  49556.840    31.4645     34.107    6.53119     9.4868     9.4976    24.2741   11.79818 3.6382e-02     34.432 0.0000e+00
        534 219.660512    0.03701     2.2208    133.250  1024.4362  49565.108    31.4697     34.343    6.53158     9.4849     9.4934    24.2788   11.79877 3.6382e-02     34.669 0.0000e+00
        535 219.660515    0.03708     2.2250    133.500  1024.4415  49572.756    31.4746     34.579    6.53179     9.4840     9.4905    24.2830   11.79906 3.6382e-02     34.908 0.0000e+00
        536 219.660518    0.03715     2.2292    133.750  1024.4461  49579.028    31.4787     34.815    6.53188     9.4835     9.4887    24.2865   11.79916 3.6382e-02     35.146 0.0000e+00
        537 219.660521    0.03722     2.2333    134.000  1024.4498  49583.840    31.4818     35.052    6.53188     9.4833     9.4878    24.2891   11.79912 3.6382e-02     35.386 0.0000e+00
        538 219.660524    0.03729     2.2375    134.250  1024.4529  49587.588    31.4843     35.290    6.53184     9.4829     9.4873    24.2911   11.79902 3.6382e-02     35.627 0.0000e+00
        539 219.660527    0.03736     2.2417    134.500  1024.4556  49590.639    31.4863     35.531    6.53178     9.4824     9.4871    24.2927   11.79892 3.6382e-02     35.870 0.0000e+00
        540 219.660530    0.03743     2.2458    134.750  1024.4581  49593.291    31.4880     35.774    6.53175     9.4816     9.4868    24.2941   11.79885 3.6382e-02     36.115 0.0000e+00
        541 219.660532    0.03750     2.2500    135.000  1024.4606  49595.866    31.4897     36.019    6.53176     9.4805     9.4863    24.2955   11.79883 3.6382e-02     36.363 0.0000e+00
        542 219.660535    0.03757     2.2542    135.250  1024.4632  49598.658    31.4914     36.265    6.53180     9.4791     9.4855    24.2970   11.79887 3.6382e-02     36.611 0.0000e+00
        543 219.660538    0.03764     2.2583    135.500  1024.4661  49601.835    31.4934     36.512    6.53186     9.4773     9.4844    24.2987   11.79896 3.6382e-02     36.860 0.0000e+00
        544 219.660541    0.03771     2.2625    135.750  1024.4692  49605.460    31.4957     36.759    6.53197     9.4749     9.4831    24.3007   11.79910 3.6382e-02     37.110 0.0000e+00
        545 219.660544    0.03778     2.2667    136.000  1024.4725  49609.475    31.4982     37.007    6.53213     9.4719     9.4813    24.3030   11.79934 3.6382e-02     37.360 0.0000e+00
        546 219.660547    0.03785     2.2708    136.250  1024.4760  49613.527    31.5006     37.257    6.53237     9.4680     9.4789    24.3052   11.79970 3.6382e-02     37.612 0.0000e+00
        547 219.660550    0.03792     2.2750    136.500  1024.4792  49617.190    31.5027     37.508    6.53271     9.4632     9.4759    24.3073   11.80025 3.6382e-02     37.865 0.0000e+00
        548 219.660553    0.03799     2.2792    136.750  1024.4823  49620.452    31.5043     37.759    6.53319     9.4576     9.4721    24.3092   11.80102 3.6382e-02     38.118 0.0000e+00
        549 219.660556    0.03806     2.2833    137.000  1024.4855  49623.872    31.5060     38.008    6.53381     9.4515     9.4673    24.3113   11.80202 3.6382e-02     38.370 0.0000e+00
        550 219.660558    0.03812     2.2875    137.250  1024.4892  49628.102    31.5081     38.257    6.53453     9.4453     9.4617    24.3138   11.80319 3.6382e-02     38.621 0.0000e+00
        551 219.660561    0.03819     2.2917    137.500  1024.4934  49633.203    31.5107     38.504    6.53530     9.4393     9.4556    24.3168   11.80444 3.6382e-02     38.871 0.0000e+00
        552 219.660564    0.03826     2.2958    137.750  1024.4978  49638.754    31.5137     38.749    6.53607     9.4338     9.4494    24.3201   11.80567 3.6382e-02     39.118 0.0000e+00
        553 219.660567    0.03833     2.3000    138.000  1024.5022  49644.284    31.5167     38.989    6.53679     9.4287     9.4435    24.3234   11.80684 3.6382e-02     39.360 0.0000e+00
        554 219.660570    0.03840     2.3042    138.250  1024.5063  49649.451    31.5195     39.223    6.53747     9.4239     9.4380    24.3265   11.80793 3.6382e-02     39.596 0.0000e+00
        555 219.660573    0.03847     2.3083    138.500  1024.5101  49654.153    31.5220     39.452    6.53810     9.4194     9.4329    24.3292   11.80894 3.6382e-02     39.827 0.0000e+00
        556 219.660576    0.03854     2.3125    138.750  1024.5136  49658.311    31.5242     39.677    6.53870     9.4150     9.4281    24.3317   11.80990 3.6382e-02     40.054 0.0000e+00
        557 219.660579    0.03861     2.3167    139.000  1024.5167  49661.791    31.5259     39.899    6.53927     9.4106     9.4236    24.3338   11.81083 3.6382e-02     40.279 0.0000e+00
        558 219.660582    0.03868     2.3208    139.250  1024.5195  49664.793    31.5273     40.120    6.53984     9.4061     9.4192    24.3356   11.81176 3.6382e-02     40.502 0.0000e+00
        559 219.660584    0.03875     2.3250    139.500  1024.5224  49667.912    31.5288     40.343    6.54042     9.4019     9.4148    24.3375   11.81269 3.6382e-02     40.727 0.0000e+00
        560 219.660587    0.03882     2.3292    139.750  1024.5255  49671.408    31.5306     40.570    6.54098     9.3980     9.4104    24.3395   11.81360 3.6382e-02     40.957 0.0000e+00
        561 219.660590    0.03889     2.3333    140.000  1024.5287  49674.979    31.5324     40.803    6.54151     9.3944     9.4062    24.3416   11.81446 3.6382e-02     41.192 0.0000e+00
        562 219.660593    0.03896     2.3375    140.250  1024.5318  49678.302    31.5341     41.042    6.54201     9.3911     9.4023    24.3436   11.81525 3.6382e-02     41.433 0.0000e+00
        563 219.660596    0.03903     2.3417    140.500  1024.5346  49681.305    31.5357     41.283    6.54246     9.3881     9.3987    24.3453   11.81599 3.6382e-02     41.677 0.0000e+00
        564 219.660599    0.03910     2.3458    140.750  1024.5374  49684.137    31.5371     41.527    6.54287     9.3854     9.3954    24.3470   11.81666 3.6382e-02     41.923 0.0000e+00
        565 219.660602    0.03917     2.3500    141.000  1024.5400  49686.647    31.5383     41.773    6.54325     9.3829     9.3925    24.3484   11.81726 3.6382e-02     42.171 0.0000e+00
        566 219.660605    0.03924     2.3542    141.250  1024.5421  49688.433    31.5391     42.021    6.54359     9.3805     9.3899    24.3495   11.81783 3.6382e-02     42.422 0.0000e+00
        567 219.660608    0.03931     2.3583    141.500  1024.5440  49689.648    31.5396     42.272    6.54393     9.3779     9.3875    24.3502   11.81838 3.6382e-02     42.676 0.0000e+00
        568 219.660611    0.03938     2.3625    141.750  1024.5458  49690.657    31.5398     42.525    6.54427     9.3752     9.3850    24.3508   11.81894 3.6382e-02     42.931 0.0000e+00
        569 219.660613    0.03944     2.3667    142.000  1024.5475  49691.625    31.5401     42.780    6.54463     9.3724     9.3824    24.3514   11.81954 3.6382e-02     43.189 0.0000e+00
        570 219.660616    0.03951     2.3708    142.250  1024.5493  49692.612    31.5403     43.038    6.54501     9.3694     9.3797    24.3519   11.82016 3.6382e-02     43.449 0.0000e+00
        571 219.660619    0.03958     2.3750    142.500  1024.5510  49693.432    31.5403     43.299    6.54541     9.3662     9.3770    24.3524   11.82082 3.6382e-02     43.712 0.0000e+00
        572 219.660622    0.03965     2.3792    142.750  1024.5525  49693.773    31.5401     43.561    6.54585     9.3622     9.3741    24.3527   11.82154 3.6382e-02     43.977 0.0000e+00
        573 219.660625    0.03972     2.3833    143.000  1024.5536  49693.441    31.5393     43.823    6.54635     9.3575     9.3708    24.3526   11.82238 3.6382e-02     44.241 0.0000e+00
        574 219.660628    0.03979     2.3875    143.250  1024.5546  49692.899    31.5383     44.082    6.54696     9.3520     9.3669    24.3524   11.82340 3.6382e-02     44.503 0.0000e+00
        575 219.660631    0.03986     2.3917    143.500  1024.5559  49693.000    31.5376     44.340    6.54767     9.3459     9.3622    24.3526   11.82459 3.6382e-02     44.763 0.0000e+00
        576 219.660634    0.03993     2.3958    143.750  1024.5576  49693.604    31.5371     44.595    6.54848     9.3391     9.3567    24.3532   11.82594 3.6382e-02     45.021 0.0000e+00
        577 219.660637    0.04000     2.4000    144.000  1024.5590  49693.612    31.5362     44.850    6.54940     9.3310     9.3506    24.3534   11.82748 3.6382e-02     45.278 0.0000e+00
        578 219.660639    0.04007     2.4042    144.250  1024.5598  49692.335    31.5342     45.104    6.55047     9.3211     9.3438    24.3529   11.82927 3.6382e-02     45.535 0.0000e+00
        579 219.660642    0.04014     2.4083    144.500  1024.5601  49690.130    31.5315     45.360    6.55175     9.3092     9.3358    24.3520   11.83142 3.6382e-02     45.793 0.0000e+00
        580 219.660645    0.04021     2.4125    144.750  1024.5604  49687.886    31.5284     45.615    6.55330     9.2953     9.3260    24.3511   11.83403 3.6382e-02     46.050 0.0000e+00
        581 219.660648    0.04028     2.4167    145.000  1024.5617  49687.208    31.5262     45.869    6.55513     9.2806     9.3140    24.3513   11.83708 3.6382e-02     46.307 0.0000e+00
        582 219.660651    0.04035     2.4208    145.250  1024.5649  49689.882    31.5261     46.125    6.55714     9.2660     9.3002    24.3533   11.84042 3.6382e-02     46.565 0.0000e+00
        583 219.660654    0.04042     2.4250    145.500  1024.5696  49695.105    31.5276     46.381    6.55922     9.2515     9.2855    24.3568   11.84383 3.6382e-02     46.824 0.0000e+00
        584 219.660657    0.04049     2.4292    145.750  1024.5739  49699.589    31.5286     46.639    6.56130     9.2360     9.2709    24.3599   11.84725 3.6382e-02     47.084 0.0000e+00
        585 219.660660    0.04056     2.4333    146.000  1024.5762  49700.522    31.5271     46.896    6.56346     9.2181     9.2565    24.3610   11.85085 3.6382e-02     47.343 0.0000e+00
        586 219.660663    0.04063     2.4375    146.250  1024.5764  49697.636    31.5228     47.152    6.56588     9.1964     9.2411    24.3601   11.85492 3.6382e-02     47.603 0.0000e+00
        587 219.660666    0.04069     2.4417    146.500  1024.5760  49693.298    31.5172     47.409    6.56874     9.1713     9.2231    24.3584   11.85972 3.6382e-02     47.862 0.0000e+00
        588 219.660668    0.04076     2.4458    146.750  1024.5773  49691.733    31.5129     47.669    6.57207     9.1441     9.2015    24.3585   11.86529 3.6382e-02     48.124 0.0000e+00
        589 219.660671    0.04083     2.4500    147.000  1024.5821  49696.410    31.5126     47.931    6.57576     9.1170     9.1763    24.3621   11.87139 3.6382e-02     48.389 0.0000e+00
        590 219.660674    0.04090     2.4542    147.250  1024.5901  49706.488    31.5158     48.196    6.57958     9.0912     9.1492    24.3688   11.87768 3.6382e-02     48.657 0.0000e+00
        591 219.660677    0.04097     2.4583    147.500  1024.5995  49719.396    31.5209     48.465    6.58333     9.0677     9.1221    24.3770   11.88381 3.6382e-02     48.928 0.0000e+00
        592 219.660680    0.04104     2.4625    147.750  1024.6100  49734.288    31.5276     48.737    6.58681     9.0472     9.0963    24.3862   11.88950 3.6382e-02     49.202 0.0000e+00
        593 219.660683    0.04111     2.4667    148.000  1024.6212  49750.552    31.5356     49.011    6.58991     9.0304     9.0728    24.3961   11.89454 3.6382e-02     49.480 0.0000e+00
        594 219.660686    0.04118     2.4708    148.250  1024.6322  49766.808    31.5440     49.288    6.59254     9.0174     9.0524    24.4059   11.89880 3.6382e-02     49.760 0.0000e+00
        595 219.660689    0.04125     2.4750    148.500  1024.6424  49781.749    31.5520     49.569    6.59466     9.0078     9.0356    24.4147   11.90220 3.6382e-02     50.043 0.0000e+00
