CTD-processing/allCTD/CNV--homogene/2013_06-19_t9_s01_cast179.cnv
* Sea-Bird SBE19plus Data File:
* FileName = C:\Documents and Settings\kbayadmin\My Documents\CTD data\2013-06-19 Kachemak Bay Homer Spit Line\2013-06-06 Kachemak Bay Homer Spit Line cast179.hex
* Software Version 1.59
* Temperature SN =  5028
* Conductivity SN =  5028
* System UpLoad Time = Jun 19 2013 15:37:28
** Kachemak Bay Homer Spit Line
** 2013-06-19
** Station: 9-01
** N': 59 34.207
** W': 151 21.519
** Start Time: 1049
** Depth(ft): 223
# nquan = 17
# nvalues = 750                         
# units = specified
# name 0 = scan: Scan Count
# name 1 = timeJ: Julian Days
# name 2 = timeH: Time, Elapsed [hours]
# name 3 = timeM: Time, Elapsed [minutes]
# name 4 = timeS: Time, Elapsed [seconds]
# name 5 = density00: Density [density, kg/m^3]
# name 6 = specc: Specific Conductance [uS/cm]
# name 7 = sal00: Salinity, Practical [PSU]
# name 8 = depSM: Depth [salt water, m], lat = 59.00
# name 9 = oxsolML/L: Oxygen Saturation, Garcia & Gordon [ml/l]
# name 10 = potemp090C: Potential Temperature [ITS-90, deg C]
# name 11 = tv290C: Temperature [ITS-90, deg C]
# name 12 = sigma-é00: Density [sigma-theta, kg/m^3]
# name 13 = n2satML/L: Nitrogen Saturation [ml/l]
# name 14 = par: PAR/Irradiance, Biospherical/Licor
# name 15 = prdM: Pressure, Strain Gauge [db]
# name 16 = flag:  0.000e+00
# span 0 =          1,        750       
# span 1 = 170.450220, 170.452387       
# span 2 =    0.00000,    0.05201       
# span 3 =     0.0000,     3.1208       
# span 4 =      0.000,    187.250       
# span 5 =  1000.6197,  1025.3942       
# span 6 =   2198.012,  51097.402       
# span 7 =     1.3458,    31.7814       
# span 8 =     -0.076,     61.515       
# span 9 =    6.14872,    7.60512       
# span 10 =     5.1684,    13.4772      
# span 11 =     5.1729,    13.4773      
# span 12 =     0.6201,    25.1059      
# span 13 =   11.20962,   13.99363      
# span 14 = 4.1612e-02, 2.0151e+02      
# span 15 =     -0.076,     62.105      
# span 16 = 0.0000e+00, 0.0000e+00      
# interval = seconds: 0.25
# start_time = Jun 19 2013 10:48:19 [Instrument's time stamp, header]
# bad_flag = -9.990e-29
*END*
[from data line 511]
        512 170.451698    0.03549     2.1292    127.750  1024.9010  50430.584    31.5988     19.668    6.99032     6.4567     6.4630    24.8095   12.55601 1.5449e+00     19.854 0.0000e+00
        513 170.451701    0.03556     2.1333    128.000  1024.9050  50437.487    31.6029     19.722    6.99069     6.4567     6.4595    24.8132   12.55657 1.5290e+00     19.909 0.0000e+00
        514 170.451704    0.03562     2.1375    128.250  1024.9069  50440.451    31.6047     19.787    6.99081     6.4564     6.4583    24.8147   12.55674 1.5079e+00     19.974 0.0000e+00
        515 170.451707    0.03569     2.1417    128.500  1024.9065  50439.094    31.6037     19.873    6.99085     6.4543     6.4583    24.8140   12.55681 1.4800e+00     20.062 0.0000e+00
        516 170.451710    0.03576     2.1458    128.750  1024.9047  50434.921    31.6007     19.987    6.99104     6.4502     6.4580    24.8116   12.55717 1.4456e+00     20.176 0.0000e+00
        517 170.451713    0.03583     2.1500    129.000  1024.9035  50431.638    31.5980     20.128    6.99150     6.4449     6.4559    24.8097   12.55797 1.4060e+00     20.318 0.0000e+00
        518 170.451716    0.03590     2.1542    129.250  1024.9042  50431.808    31.5972     20.290    6.99220     6.4391     6.4519    24.8097   12.55913 1.3631e+00     20.482 0.0000e+00
        519 170.451719    0.03597     2.1583    129.500  1024.9061  50434.232    31.5979     20.466    6.99302     6.4325     6.4466    24.8108   12.56049 1.3188e+00     20.660 0.0000e+00
        520 170.451722    0.03604     2.1625    129.750  1024.9083  50436.852    31.5985     20.652    6.99394     6.4243     6.4409    24.8121   12.56198 1.2743e+00     20.847 0.0000e+00
        521 170.451725    0.03611     2.1667    130.000  1024.9102  50439.223    31.5988     20.841    6.99500     6.4135     6.4343    24.8132   12.56373 1.2307e+00     21.039 0.0000e+00
        522 170.451727    0.03618     2.1708    130.250  1024.9123  50441.860    31.5990     21.030    6.99633     6.3986     6.4261    24.8143   12.56593 1.1896e+00     21.230 0.0000e+00
        523 170.451730    0.03625     2.1750    130.500  1024.9146  50445.138    31.5992     21.217    6.99809     6.3784     6.4153    24.8158   12.56884 1.1516e+00     21.419 0.0000e+00
        524 170.451733    0.03632     2.1792    130.750  1024.9181  50450.759    31.6002     21.400    7.00047     6.3545     6.4004    24.8185   12.57276 1.1159e+00     21.603 0.0000e+00
        525 170.451736    0.03639     2.1833    131.000  1024.9257  50464.134    31.6056     21.577    7.00351     6.3310     6.3802    24.8252   12.57772 1.0817e+00     21.781 0.0000e+00
        526 170.451739    0.03646     2.1875    131.250  1024.9389  50487.896    31.6175     21.749    7.00688     6.3116     6.3563    24.8375   12.58313 1.0487e+00     21.955 0.0000e+00
        527 170.451742    0.03653     2.1917    131.500  1024.9545  50516.217    31.6327     21.919    7.01002     6.2972     6.3328    24.8524   12.58813 1.0162e+00     22.127 0.0000e+00
        528 170.451745    0.03660     2.1958    131.750  1024.9688  50541.818    31.6467     22.094    7.01255     6.2872     6.3134    24.8658   12.59214 9.8358e-01     22.304 0.0000e+00
        529 170.451748    0.03667     2.2000    132.000  1024.9801  50561.712    31.6576     22.277    7.01439     6.2805     6.2990    24.8763   12.59505 9.5069e-01     22.488 0.0000e+00
        530 170.451751    0.03674     2.2042    132.250  1024.9885  50576.099    31.6656     22.467    7.01566     6.2763     6.2890    24.8838   12.59704 9.1767e-01     22.681 0.0000e+00
        531 170.451753    0.03681     2.2083    132.500  1024.9948  50586.337    31.6714     22.664    7.01648     6.2738     6.2824    24.8892   12.59832 8.8523e-01     22.879 0.0000e+00
        532 170.451756    0.03687     2.2125    132.750  1024.9994  50593.428    31.6754     22.861    7.01698     6.2722     6.2782    24.8929   12.59909 8.5454e-01     23.078 0.0000e+00
        533 170.451759    0.03694     2.2167    133.000  1025.0023  50597.393    31.6776     23.053    7.01729     6.2706     6.2757    24.8949   12.59958 8.2634e-01     23.272 0.0000e+00
        534 170.451762    0.03701     2.2208    133.250  1025.0037  50598.572    31.6780     23.236    7.01754     6.2688     6.2741    24.8954   12.59999 8.0086e-01     23.457 0.0000e+00
        535 170.451765    0.03708     2.2250    133.500  1025.0047  50599.098    31.6780     23.408    7.01780     6.2673     6.2725    24.8956   12.60041 7.7799e-01     23.631 0.0000e+00
        536 170.451768    0.03715     2.2292    133.750  1025.0062  50600.722    31.6787     23.569    7.01804     6.2661     6.2708    24.8964   12.60081 7.5736e-01     23.793 0.0000e+00
        537 170.451771    0.03722     2.2333    134.000  1025.0080  50602.927    31.6799     23.720    7.01825     6.2652     6.2692    24.8975   12.60113 7.3839e-01     23.946 0.0000e+00
        538 170.451774    0.03729     2.2375    134.250  1025.0095  50604.569    31.6807     23.866    7.01841     6.2645     6.2680    24.8984   12.60138 7.2027e-01     24.093 0.0000e+00
        539 170.451777    0.03736     2.2417    134.500  1025.0106  50605.366    31.6810     24.011    7.01854     6.2639     6.2671    24.8987   12.60159 7.0217e-01     24.240 0.0000e+00
        540 170.451780    0.03743     2.2458    134.750  1025.0114  50605.783    31.6811     24.163    7.01864     6.2636     6.2665    24.8989   12.60177 6.8343e-01     24.393 0.0000e+00
        541 170.451782    0.03750     2.2500    135.000  1025.0125  50606.618    31.6815     24.323    7.01871     6.2636     6.2659    24.8993   12.60187 6.6380e-01     24.554 0.0000e+00
        542 170.451785    0.03757     2.2542    135.250  1025.0141  50608.090    31.6824     24.494    7.01872     6.2640     6.2656    24.9000   12.60187 6.4344e-01     24.726 0.0000e+00
        543 170.451788    0.03764     2.2583    135.500  1025.0156  50609.490    31.6833     24.675    7.01867     6.2646     6.2657    24.9007   12.60179 6.2251e-01     24.909 0.0000e+00
        544 170.451791    0.03771     2.2625    135.750  1025.0170  50610.521    31.6840     24.867    7.01858     6.2656     6.2661    24.9012   12.60163 6.0124e-01     25.103 0.0000e+00
        545 170.451794    0.03778     2.2667    136.000  1025.0185  50611.707    31.6848     25.067    7.01843     6.2673     6.2667    24.9018   12.60137 5.8012e-01     25.305 0.0000e+00
        546 170.451797    0.03785     2.2708    136.250  1025.0205  50613.709    31.6863     25.271    7.01820     6.2700     6.2677    24.9028   12.60097 5.5962e-01     25.511 0.0000e+00
        547 170.451800    0.03792     2.2750    136.500  1025.0234  50617.196    31.6890     25.475    7.01780     6.2743     6.2694    24.9047   12.60029 5.3996e-01     25.717 0.0000e+00
        548 170.451803    0.03799     2.2792    136.750  1025.0271  50622.269    31.6929     25.678    7.01717     6.2801     6.2721    24.9074   12.59919 5.2105e-01     25.922 0.0000e+00
        549 170.451806    0.03806     2.2833    137.000  1025.0304  50626.590    31.6966     25.882    7.01628     6.2863     6.2764    24.9098   12.59767 5.0269e-01     26.128 0.0000e+00
        550 170.451808    0.03812     2.2875    137.250  1025.0317  50627.028    31.6979     26.087    7.01527     6.2918     6.2823    24.9102   12.59598 4.8484e-01     26.335 0.0000e+00
        551 170.451811    0.03819     2.2917    137.500  1025.0311  50624.101    31.6970     26.293    7.01429     6.2962     6.2885    24.9087   12.59438 4.6759e-01     26.543 0.0000e+00
        552 170.451814    0.03826     2.2958    137.750  1025.0303  50620.662    31.6955     26.498    7.01346     6.2996     6.2940    24.9068   12.59302 4.5100e-01     26.750 0.0000e+00
        553 170.451817    0.03833     2.3000    138.000  1025.0297  50617.727    31.6942     26.701    7.01279     6.3022     6.2984    24.9053   12.59193 4.3516e-01     26.955 0.0000e+00
        554 170.451820    0.03840     2.3042    138.250  1025.0294  50615.423    31.6932     26.899    7.01228     6.3042     6.3018    24.9040   12.59110 4.2038e-01     27.155 0.0000e+00
        555 170.451823    0.03847     2.3083    138.500  1025.0297  50614.450    31.6929     27.087    7.01187     6.3062     6.3044    24.9035   12.59043 4.0726e-01     27.344 0.0000e+00
        556 170.451826    0.03854     2.3125    138.750  1025.0309  50615.077    31.6937     27.259    7.01150     6.3087     6.3064    24.9038   12.58981 3.9620e-01     27.518 0.0000e+00
        557 170.451829    0.03861     2.3167    139.000  1025.0325  50616.755    31.6951     27.413    7.01109     6.3113     6.3085    24.9047   12.58912 3.8685e-01     27.674 0.0000e+00
        558 170.451832    0.03868     2.3208    139.250  1025.0333  50617.137    31.6958     27.550    7.01066     6.3135     6.3110    24.9050   12.58839 3.7871e-01     27.812 0.0000e+00
        559 170.451834    0.03875     2.3250    139.500  1025.0328  50615.081    31.6948     27.674    7.01027     6.3151     6.3136    24.9039   12.58776 3.7143e-01     27.937 0.0000e+00
        560 170.451837    0.03882     2.3292    139.750  1025.0320  50612.689    31.6935     27.790    7.00997     6.3163     6.3158    24.9026   12.58728 3.6464e-01     28.054 0.0000e+00
        561 170.451840    0.03889     2.3333    140.000  1025.0316  50610.916    31.6926     27.906    7.00975     6.3170     6.3174    24.9016   12.58693 3.5781e-01     28.171 0.0000e+00
        562 170.451843    0.03896     2.3375    140.250  1025.0313  50609.284    31.6916     28.026    7.00961     6.3176     6.3186    24.9007   12.58671 3.5053e-01     28.292 0.0000e+00
        563 170.451846    0.03903     2.3417    140.500  1025.0318  50609.225    31.6917     28.155    7.00949     6.3188     6.3193    24.9006   12.58651 3.4269e-01     28.422 0.0000e+00
        564 170.451849    0.03910     2.3458    140.750  1025.0337  50611.524    31.6933     28.296    7.00931     6.3209     6.3199    24.9019   12.58619 3.3430e-01     28.564 0.0000e+00
        565 170.451852    0.03917     2.3500    141.000  1025.0358  50614.097    31.6952     28.451    7.00901     6.3236     6.3212    24.9033   12.58568 3.2540e-01     28.721 0.0000e+00
        566 170.451855    0.03924     2.3542    141.250  1025.0375  50615.867    31.6968     28.618    7.00860     6.3267     6.3233    24.9042   12.58498 3.1625e-01     28.889 0.0000e+00
        567 170.451858    0.03931     2.3583    141.500  1025.0391  50617.287    31.6982     28.791    7.00810     6.3302     6.3260    24.9050   12.58413 3.0721e-01     29.065 0.0000e+00
        568 170.451861    0.03938     2.3625    141.750  1025.0401  50617.704    31.6990     28.966    7.00754     6.3333     6.3291    24.9052   12.58320 2.9846e-01     29.242 0.0000e+00
        569 170.451863    0.03944     2.3667    142.000  1025.0401  50616.127    31.6984     29.140    7.00700     6.3355     6.3326    24.9044   12.58231 2.9003e-01     29.417 0.0000e+00
        570 170.451866    0.03951     2.3708    142.250  1025.0392  50613.054    31.6968     29.311    7.00657     6.3367     6.3357    24.9027   12.58161 2.8202e-01     29.590 0.0000e+00
        571 170.451869    0.03958     2.3750    142.500  1025.0382  50609.628    31.6948     29.481    7.00629     6.3368     6.3380    24.9009   12.58117 2.7440e-01     29.761 0.0000e+00
        572 170.451872    0.03965     2.3792    142.750  1025.0371  50606.208    31.6926     29.650    7.00618     6.3356     6.3392    24.8990   12.58103 2.6693e-01     29.932 0.0000e+00
        573 170.451875    0.03972     2.3833    143.000  1025.0358  50602.409    31.6899     29.823    7.00629     6.3327     6.3393    24.8968   12.58124 2.5954e-01     30.106 0.0000e+00
        574 170.451878    0.03979     2.3875    143.250  1025.0338  50597.462    31.6862     30.002    7.00666     6.3279     6.3381    24.8940   12.58190 2.5207e-01     30.287 0.0000e+00
        575 170.451881    0.03986     2.3917    143.500  1025.0316  50592.078    31.6818     30.190    7.00734     6.3217     6.3352    24.8910   12.58308 2.4450e-01     30.477 0.0000e+00
        576 170.451884    0.03993     2.3958    143.750  1025.0308  50589.301    31.6789     30.386    7.00827     6.3154     6.3304    24.8893   12.58465 2.3695e-01     30.676 0.0000e+00
        577 170.451887    0.04000     2.4000    144.000  1025.0322  50590.477    31.6784     30.590    7.00930     6.3096     6.3242    24.8897   12.58636 2.2951e-01     30.881 0.0000e+00
        578 170.451889    0.04007     2.4042    144.250  1025.0345  50593.375    31.6791     30.795    7.01030     6.3046     6.3179    24.8910   12.58801 2.2227e-01     31.088 0.0000e+00
        579 170.451892    0.04014     2.4083    144.500  1025.0366  50595.969    31.6797     30.999    7.01121     6.3004     6.3122    24.8922   12.58950 2.1533e-01     31.294 0.0000e+00
        580 170.451895    0.04021     2.4125    144.750  1025.0391  50599.219    31.6809     31.196    7.01198     6.2978     6.3072    24.8938   12.59076 2.0885e-01     31.493 0.0000e+00
        581 170.451898    0.04028     2.4167    145.000  1025.0428  50604.793    31.6839     31.384    7.01252     6.2974     6.3030    24.8966   12.59162 2.0300e-01     31.682 0.0000e+00
        582 170.451901    0.04035     2.4208    145.250  1025.0477  50612.458    31.6887     31.560    7.01273     6.2993     6.3004    24.9007   12.59189 1.9772e-01     31.861 0.0000e+00
        583 170.451904    0.04042     2.4250    145.500  1025.0520  50618.994    31.6931     31.727    7.01257     6.3016     6.3001    24.9042   12.59158 1.9287e-01     32.029 0.0000e+00
        584 170.451907    0.04049     2.4292    145.750  1025.0529  50619.304    31.6935     31.887    7.01225     6.3025     6.3019    24.9043   12.59104 1.8836e-01     32.190 0.0000e+00
        585 170.451910    0.04056     2.4333    146.000  1025.0507  50613.938    31.6902     32.043    7.01203     6.3018     6.3042    24.9014   12.59072 1.8415e-01     32.348 0.0000e+00
        586 170.451913    0.04063     2.4375    146.250  1025.0486  50608.879    31.6868     32.198    7.01203     6.3001     6.3052    24.8986   12.59077 1.8009e-01     32.505 0.0000e+00
        587 170.451916    0.04069     2.4417    146.500  1025.0479  50606.454    31.6849     32.356    7.01224     6.2979     6.3045    24.8972   12.59113 1.7601e-01     32.664 0.0000e+00
        588 170.451918    0.04076     2.4458    146.750  1025.0481  50605.601    31.6839     32.517    7.01256     6.2958     6.3028    24.8967   12.59168 1.7190e-01     32.827 0.0000e+00
        589 170.451921    0.04083     2.4500    147.000  1025.0490  50605.899    31.6836     32.682    7.01292     6.2936     6.3007    24.8967   12.59228 1.6780e-01     32.993 0.0000e+00
        590 170.451924    0.04090     2.4542    147.250  1025.0500  50606.542    31.6836     32.847    7.01328     6.2913     6.2985    24.8969   12.59287 1.6373e-01     33.160 0.0000e+00
        591 170.451927    0.04097     2.4583    147.500  1025.0505  50606.354    31.6830     33.012    7.01365     6.2887     6.2964    24.8967   12.59350 1.5975e-01     33.326 0.0000e+00
        592 170.451930    0.04104     2.4625    147.750  1025.0509  50605.867    31.6821     33.177    7.01407     6.2862     6.2941    24.8963   12.59420 1.5596e-01     33.493 0.0000e+00
        593 170.451933    0.04111     2.4667    148.000  1025.0520  50606.675    31.6821     33.342    7.01449     6.2842     6.2915    24.8966   12.59489 1.5246e-01     33.659 0.0000e+00
        594 170.451936    0.04118     2.4708    148.250  1025.0539  50608.994    31.6831     33.506    7.01485     6.2830     6.2890    24.8978   12.59548 1.4920e-01     33.826 0.0000e+00
        595 170.451939    0.04125     2.4750    148.500  1025.0562  50612.011    31.6848     33.673    7.01510     6.2828     6.2870    24.8993   12.59587 1.4602e-01     33.994 0.0000e+00
