CTD-processing/allCTD/CNV--homogene/2013_04-20_t7_s21_cast102.cnv
* Sea-Bird SBE19plus Data File:
* FileName = C:\Documents and Settings\kris.holderied.local\My Documents\2012-2013-CTD-DATA-new-files\2013-04-EVOSTC-CookInlet-Ocean\2013-04-CookInlet-Tran7-Augustine\2013-04-20-CookInlet-Trans7-Cast102.hex
* Software Version 1.54
* Temperature SN =  5028
* Conductivity SN =  5028
* System UpLoad Time = Apr 20 2013 15:08:36
** Cook Inlet LTM Tran7 Augustine to Flat Island
** Date:  2013-04-20
** Station:  7-21
** Start time (AKDT-24 hr):  1328
** Depth (m): 72
** Comment:
** Comment:
# nquan = 17
# nvalues = 665                         
# units = specified
# name 0 = scan: Scan Count
# name 1 = timeJ: Julian Days
# name 2 = timeH: Time, Elapsed [hours]
# name 3 = timeM: Time, Elapsed [minutes]
# name 4 = timeS: Time, Elapsed [seconds]
# name 5 = density00: Density [density, kg/m^3]
# name 6 = specc: Specific Conductance [uS/cm]
# name 7 = sal00: Salinity, Practical [PSU]
# name 8 = depSM: Depth [salt water, m], lat = 59.00
# name 9 = oxsolML/L: Oxygen Saturation, Garcia & Gordon [ml/l]
# name 10 = potemp090C: Potential Temperature [ITS-90, deg C]
# name 11 = tv290C: Temperature [ITS-90, deg C]
# name 12 = sigma-é00: Density [sigma-theta, kg/m^3]
# name 13 = n2satML/L: Nitrogen Saturation [ml/l]
# name 14 = par: PAR/Irradiance, Biospherical/Licor
# name 15 = prdM: Pressure, Strain Gauge [db]
# name 16 = flag:  0.000e+00
# span 0 =          1,        665       
# span 1 = 110.561319, 110.563241       
# span 2 =    0.00000,    0.04611       
# span 3 =     0.0000,     2.7667       
# span 4 =      0.000,    166.000       
# span 5 =  1000.2727,  1025.7058       
# span 6 =    790.102,  51860.183       
# span 7 =     0.3729,    32.0846       
# span 8 =      0.112,     73.540       
# span 9 =    7.35671,    9.01256       
# span 10 =     3.9395,     4.6672      
# span 11 =     3.9436,     4.6672      
# span 12 =     0.2720,    25.4606      
# span 13 =   13.15635,   16.37747      
# span 14 = 8.5531e-02, 1.5140e+03      
# span 15 =      0.113,     74.248      
# span 16 = 0.0000e+00, 0.0000e+00      
# interval = seconds: 0.25
# start_time = Apr 20 2013 13:28:18 [Instrument's time stamp, header]
# bad_flag = -9.990e-29
*END*
          1 110.561319    0.00000     0.0000      0.000  1000.2844    819.772     0.3874      0.130    9.01224     4.5740     4.5727     0.2838   16.37671 4.9633e+01      0.131 0.0000e+00
          2 110.561322    0.00007     0.0042      0.250  1000.2814    812.062     0.3837      0.129    9.01233     4.5751     4.5732     0.2807   16.37693 5.3482e+01      0.131 0.0000e+00
          3 110.561325    0.00014     0.0083      0.500  1000.2764    799.569     0.3775      0.129    9.01252     4.5764     4.5740     0.2758   16.37733 5.7993e+01      0.131 0.0000e+00
          4 110.561328    0.00021     0.0125      0.750  1000.2727    790.102     0.3729      0.128    9.01256     4.5779     4.5751     0.2720   16.37747 6.2264e+01      0.130 0.0000e+00
          5 110.561331    0.00028     0.0167      1.000  1000.2734    792.084     0.3739      0.127    9.01219     4.5795     4.5764     0.2728   16.37685 6.5834e+01      0.129 0.0000e+00
          6 110.561334    0.00035     0.0208      1.250  1000.2788    805.822     0.3806      0.127    9.01143     4.5811     4.5779     0.2782   16.37545 6.8790e+01      0.128 0.0000e+00
          7 110.561337    0.00042     0.0250      1.500  1000.2872    827.149     0.3911      0.126    9.01041     4.5826     4.5795     0.2866   16.37357 7.1471e+01      0.127 0.0000e+00
          8 110.561340    0.00049     0.0292      1.750  1000.2967    851.130     0.4029      0.125    9.00932     4.5840     4.5811     0.2961   16.37155 7.4055e+01      0.126 0.0000e+00
          9 110.561343    0.00056     0.0333      2.000  1000.3056    873.632     0.4140      0.125    9.00830     4.5853     4.5826     0.3050   16.36965 7.6528e+01      0.126 0.0000e+00
         10 110.561345    0.00063     0.0375      2.250  1000.3131    892.550     0.4233      0.124    9.00741     4.5864     4.5840     0.3125   16.36801 7.8888e+01      0.125 0.0000e+00
         11 110.561348    0.00069     0.0417      2.500  1000.3190    907.652     0.4308      0.124    9.00667     4.5874     4.5853     0.3184   16.36664 8.1226e+01      0.125 0.0000e+00
         12 110.561351    0.00076     0.0458      2.750  1000.3240    920.171     0.4370      0.124    9.00604     4.5883     4.5864     0.3234   16.36549 8.3782e+01      0.125 0.0000e+00
         13 110.561354    0.00083     0.0500      3.000  1000.3287    932.091     0.4429      0.124    9.00546     4.5892     4.5874     0.3281   16.36441 8.7048e+01      0.125 0.0000e+00
         14 110.561357    0.00090     0.0542      3.250  1000.3338    944.917     0.4492      0.124    9.00486     4.5901     4.5883     0.3332   16.36329 9.1604e+01      0.125 0.0000e+00
         15 110.561360    0.00097     0.0583      3.500  1000.3393    958.775     0.4561      0.124    9.00423     4.5910     4.5892     0.3387   16.36212 9.7890e+01      0.125 0.0000e+00
         16 110.561363    0.00104     0.0625      3.750  1000.3448    972.584     0.4630      0.124    9.00361     4.5919     4.5901     0.3442   16.36096 1.0631e+02      0.125 0.0000e+00
         17 110.561366    0.00111     0.0667      4.000  1000.3499    985.258     0.4693      0.123    9.00302     4.5927     4.5910     0.3493   16.35987 1.1743e+02      0.124 0.0000e+00
         18 110.561369    0.00118     0.0708      4.250  1000.3544    996.411     0.4749      0.123    9.00248     4.5936     4.5919     0.3538   16.35887 1.3227e+02      0.124 0.0000e+00
         19 110.561372    0.00125     0.0750      4.500  1000.3577   1004.552     0.4791      0.122    9.00202     4.5945     4.5927     0.3571   16.35804 1.5217e+02      0.123 0.0000e+00
         20 110.561374    0.00132     0.0792      4.750  1000.3586   1006.461     0.4802      0.122    9.00175     4.5955     4.5936     0.3580   16.35756 1.7745e+02      0.123 0.0000e+00
         21 110.561377    0.00139     0.0833      5.000  1000.3562    999.919     0.4772      0.121    9.00171     4.5964     4.5945     0.3556   16.35755 2.0639e+02      0.122 0.0000e+00
         22 110.561380    0.00146     0.0875      5.250  1000.3516    987.466     0.4716      0.121    9.00183     4.5974     4.5955     0.3510   16.35785 2.3557e+02      0.122 0.0000e+00
         23 110.561383    0.00153     0.0917      5.500  1000.3488    978.913     0.4682      0.120    9.00182     4.5984     4.5964     0.3482   16.35788 2.6199e+02      0.121 0.0000e+00
         24 110.561386    0.00160     0.0958      5.750  1000.3544    990.267     0.4752      0.120    9.00117     4.5995     4.5974     0.3538   16.35668 2.8591e+02      0.121 0.0000e+00
         25 110.561389    0.00167     0.1000      6.000  1000.3775   1044.221     0.5042      0.120    8.99920     4.6005     4.5984     0.3769   16.35290 3.1078e+02      0.121 0.0000e+00
         26 110.561392    0.00174     0.1042      6.250  1000.4328   1176.519     0.5735      0.121    8.99482     4.6016     4.5995     0.4322   16.34440 3.4040e+02      0.122 0.0000e+00
         27 110.561395    0.00181     0.1083      6.500  1000.5428   1442.147     0.7110      0.121    8.98633     4.6027     4.6005     0.5422   16.32791 3.7281e+02      0.122 0.0000e+00
         28 110.561398    0.00187     0.1125      6.750  1000.7340   1904.879     0.9499      0.121    8.97176     4.6038     4.6016     0.7334   16.29953 4.0268e+02      0.122 0.0000e+00
         29 110.561400    0.00194     0.1167      7.000  1000.9745   2485.919     1.2505      0.121    8.95349     4.6050     4.6027     0.9739   16.26394 4.2855e+02      0.122 0.0000e+00
         30 110.561403    0.00201     0.1208      7.250  1001.1766   2972.570     1.5032      0.121    8.93810     4.6063     4.6038     1.1760   16.23396 4.5007e+02      0.122 0.0000e+00
         31 110.561406    0.00208     0.1250      7.500  1001.2919   3250.318     1.6474      0.121    8.92919     4.6079     4.6050     1.2914   16.21664 4.6413e+02      0.122 0.0000e+00
         32 110.561409    0.00215     0.1292      7.750  1001.3123   3302.195     1.6728      0.121    8.92735     4.6100     4.6063     1.3118   16.21313 4.6304e+02      0.122 0.0000e+00
         33 110.561412    0.00222     0.1333      8.000  1001.2555   3170.909     1.6016      0.121    8.93121     4.6126     4.6079     1.2550   16.22077 4.4769e+02      0.122 0.0000e+00
         34 110.561415    0.00229     0.1375      8.250  1001.1604   2947.615     1.4826      0.121    8.93784     4.6156     4.6100     1.1599   16.23383 4.3092e+02      0.122 0.0000e+00
         35 110.561418    0.00236     0.1417      8.500  1001.0578   2704.834     1.3542      0.122    8.94491     4.6187     4.6126     1.0572   16.24780 4.1871e+02      0.123 0.0000e+00
         36 110.561421    0.00243     0.1458      8.750  1000.9647   2483.156     1.2378      0.122    8.95118     4.6219     4.6156     0.9641   16.26023 4.1614e+02      0.123 0.0000e+00
         37 110.561424    0.00250     0.1500      9.000  1000.8939   2313.578     1.1493      0.122    8.95575     4.6248     4.6187     0.8933   16.26934 4.3052e+02      0.123 0.0000e+00
         38 110.561427    0.00257     0.1542      9.250  1000.8677   2250.595     1.1166      0.121    8.95698     4.6275     4.6219     0.8671   16.27194 4.6391e+02      0.122 0.0000e+00
         39 110.561429    0.00264     0.1583      9.500  1000.8990   2325.386     1.1558      0.120    8.95395     4.6299     4.6248     0.8984   16.26622 5.1893e+02      0.121 0.0000e+00
         40 110.561432    0.00271     0.1625      9.750  1000.9828   2525.402     1.2606      0.119    8.94706     4.6320     4.6275     0.9822   16.25294 5.9086e+02      0.120 0.0000e+00
         41 110.561435    0.00278     0.1667     10.000  1001.1106   2829.669     1.4207      0.117    8.93694     4.6339     4.6299     1.1100   16.23334 6.7141e+02      0.118 0.0000e+00
         42 110.561438    0.00285     0.1708     10.250  1001.2466   3152.372     1.5909      0.116    8.92628     4.6356     4.6320     1.2460   16.21267 7.5621e+02      0.117 0.0000e+00
         43 110.561441    0.00292     0.1750     10.500  1001.3349   3362.078     1.7015      0.116    8.91924     4.6373     4.6339     1.3343   16.19904 8.3704e+02      0.117 0.0000e+00
         44 110.561444    0.00299     0.1792     10.750  1001.3605   3423.836     1.7336      0.115    8.91692     4.6389     4.6356     1.3600   16.19461 9.0555e+02      0.116 0.0000e+00
         45 110.561447    0.00306     0.1833     11.000  1001.3556   3413.283     1.7274      0.114    8.91690     4.6407     4.6373     1.3550   16.19468 9.6022e+02      0.115 0.0000e+00
         46 110.561450    0.00313     0.1875     11.250  1001.3580   3419.543     1.7305      0.113    8.91633     4.6427     4.6390     1.3575   16.19367 1.0056e+03      0.114 0.0000e+00
         47 110.561453    0.00319     0.1917     11.500  1001.3694   3446.410     1.7447      0.112    8.91506     4.6448     4.6407     1.3689   16.19132 1.0458e+03      0.114 0.0000e+00
         48 110.561455    0.00326     0.1958     11.750  1001.3579   3419.522     1.7304      0.112    8.91546     4.6470     4.6427     1.3574   16.19223 1.0831e+03      0.113 0.0000e+00
         49 110.561458    0.00333     0.2000     12.000  1001.3128   3313.289     1.6739      0.112    8.91835     4.6492     4.6448     1.3122   16.19800 1.1173e+03      0.113 0.0000e+00
         50 110.561461    0.00340     0.2042     12.250  1001.2467   3157.521     1.5912      0.112    8.92277     4.6515     4.6470     1.2462   16.20677 1.1464e+03      0.113 0.0000e+00
         51 110.561464    0.00347     0.2083     12.500  1001.1679   2970.986     1.4925      0.112    8.92814     4.6536     4.6493     1.1673   16.21739 1.1732e+03      0.114 0.0000e+00
         52 110.561467    0.00354     0.2125     12.750  1001.0892   2784.399     1.3940      0.113    8.93351     4.6555     4.6515     1.0886   16.22801 1.2023e+03      0.114 0.0000e+00
         53 110.561470    0.00361     0.2167     13.000  1001.0283   2639.783     1.3179      0.113    8.93757     4.6572     4.6536     1.0277   16.23607 1.2325e+03      0.114 0.0000e+00
         54 110.561473    0.00368     0.2208     13.250  1000.9806   2526.256     1.2583      0.112    8.94068     4.6587     4.6555     0.9800   16.24227 1.2566e+03      0.114 0.0000e+00
         55 110.561476    0.00375     0.2250     13.500  1000.9284   2401.383     1.1930      0.112    8.94418     4.6601     4.6572     0.9278   16.24922 1.2706e+03      0.114 0.0000e+00
         56 110.561479    0.00382     0.2292     13.750  1000.8726   2267.545     1.1232      0.112    8.94800     4.6613     4.6587     0.8721   16.25677 1.2775e+03      0.113 0.0000e+00
         57 110.561481    0.00389     0.2333     14.000  1000.8261   2155.608     1.0651      0.112    8.95116     4.6624     4.6601     0.8256   16.26303 1.2810e+03      0.113 0.0000e+00
         58 110.561484    0.00396     0.2375     14.250  1000.7926   2074.563     1.0232      0.112    8.95339     4.6635     4.6613     0.7920   16.26746 1.2863e+03      0.113 0.0000e+00
         59 110.561487    0.00403     0.2417     14.500  1000.7649   2007.394     0.9887      0.112    8.95520     4.6644     4.6624     0.7644   16.27107 1.3010e+03      0.113 0.0000e+00
         60 110.561490    0.00410     0.2458     14.750  1000.7377   1940.743     0.9547      0.112    8.95700     4.6653     4.6635     0.7372   16.27466 1.3256e+03      0.113 0.0000e+00
         61 110.561493    0.00417     0.2500     15.000  1000.7105   1873.251     0.9207      0.112    8.95883     4.6660     4.6644     0.7099   16.27830 1.3547e+03      0.113 0.0000e+00
         62 110.561496    0.00424     0.2542     15.250  1000.6850   1809.049     0.8890      0.113    8.96057     4.6666     4.6653     0.6845   16.28175 1.3845e+03      0.114 0.0000e+00
         63 110.561499    0.00431     0.2583     15.500  1000.6665   1759.883     0.8659      0.113    8.96184     4.6670     4.6660     0.6659   16.28430 1.4128e+03      0.114 0.0000e+00
         64 110.561502    0.00438     0.2625     15.750  1000.6601   1737.814     0.8582      0.114    8.96227     4.6672     4.6666     0.6595   16.28519 1.4387e+03      0.115 0.0000e+00
         65 110.561505    0.00444     0.2667     16.000  1000.6705   1752.170     0.8714      0.115    8.96154     4.6670     4.6670     0.6698   16.28382 1.4628e+03      0.116 0.0000e+00
         66 110.561508    0.00451     0.2708     16.250  1000.7051   1818.599     0.9152      0.116    8.95914     4.6662     4.6672     0.7045   16.27919 1.4848e+03      0.117 0.0000e+00
         67 110.561510    0.00458     0.2750     16.500  1000.7772   1964.208     1.0061      0.118    8.95418     4.6645     4.6670     0.7766   16.26960 1.5018e+03      0.119 0.0000e+00
         68 110.561513    0.00465     0.2792     16.750  1000.9007   2215.368     1.1619      0.120    8.94577     4.6612     4.6662     0.9001   16.25328 1.5111e+03      0.121 0.0000e+00
         69 110.561516    0.00472     0.2833     17.000  1001.1014   2621.044     1.4149      0.123    8.93225     4.6552     4.6645     1.1007   16.22703 1.5140e+03      0.125 0.0000e+00
         70 110.561519    0.00479     0.2875     17.250  1001.4402   3308.059     1.8422      0.128    8.90949     4.6449     4.6612     1.4396   16.18281 1.5124e+03      0.130 0.0000e+00
         71 110.561522    0.00486     0.2917     17.500  1002.0218   4494.414     2.5752      0.138    8.87040     4.6274     4.6552     2.0211   16.10680 1.5037e+03      0.140 0.0000e+00
         72 110.561525    0.00493     0.2958     17.750  1003.0091   6515.949     3.8195      0.155    8.80397     4.5980     4.6449     3.0083   15.97762 1.4841e+03      0.157 0.0000e+00
         73 110.561528    0.00500     0.3000     18.000  1004.6703   9924.044     5.9129      0.182    8.69213     4.5490     4.6274     4.6695   15.76012 1.4478e+03      0.184 0.0000e+00
         74 110.561531    0.00507     0.3042     18.250  1007.4548  15642.870     9.4215      0.228    8.50464     4.4750     4.5980     7.4537   15.39545 1.3836e+03      0.231 0.0000e+00
         75 110.561534    0.00514     0.3083     18.500  1011.6481  24186.469    14.7061      0.303    8.22498     4.3843     4.5490    11.6466   14.85161 1.2720e+03      0.307 0.0000e+00
         76 110.561536    0.00521     0.3125     18.750  1016.2980  33548.474    20.5658      0.411    7.92143     4.2953     4.4751    16.2961   14.26082 1.0829e+03      0.416 0.0000e+00
         77 110.561539    0.00528     0.3167     19.000  1019.8516  40653.744    25.0401      0.540    7.69720     4.2217     4.3844    19.8490   13.82290 8.4908e+02      0.546 0.0000e+00
         78 110.561542    0.00535     0.3208     19.250  1022.0303  45007.843    27.7787      0.669    7.56618     4.1679     4.2954    22.0272   13.56524 6.7375e+02      0.676 0.0000e+00
         79 110.561545    0.00542     0.3250     19.500  1023.3588  47662.402    29.4458      0.780    7.48998     4.1326     4.2218    23.3551   13.41432 5.9342e+02      0.787 0.0000e+00
         80 110.561548    0.00549     0.3292     19.750  1024.1688  49280.270    30.4610      0.863    7.44523     4.1116     4.1680    24.1647   13.32518 5.6866e+02      0.871 0.0000e+00
         81 110.561551    0.00556     0.3333     20.000  1024.6611  50263.160    31.0777      0.915    7.41857     4.1002     4.1327    24.6567   13.27191 5.6531e+02      0.923 0.0000e+00
         82 110.561554    0.00562     0.3375     20.250  1024.9572  50854.265    31.4487      0.938    7.40249     4.0933     4.1117    24.9527   13.23978 5.8158e+02      0.947 0.0000e+00
         83 110.561557    0.00569     0.3417     20.500  1025.1318  51203.221    31.6677      0.947    7.39280     4.0876     4.1003    25.1273   13.22050 6.1731e+02      0.956 0.0000e+00
         84 110.561560    0.00576     0.3458     20.750  1025.2334  51406.615    31.7950      0.957    7.38719     4.0820     4.0934    25.2288   13.20932 6.3354e+02      0.966 0.0000e+00
         85 110.561562    0.00583     0.3500     21.000  1025.2946  51529.296    31.8714      0.981    7.38412     4.0773     4.0876    25.2899   13.20309 6.0978e+02      0.990 0.0000e+00
