CTD-processing/allCTD/CNV--homogene/2013_07-22_t9_s10_cast087.cnv
* Sea-Bird SBE19plus Data File:
* FileName = C:\Users\kris.holderied\Documents\kasitsna\Research-Projects-and-Data\Oceanography-AK\CTD-CookInlet-GulfWatchAK\2013-07-EVOSTC-CookInlet-Ocean\2013-07-22-CookInlet-Tran9-HomerSpit\2013-07-22-CookInlet-Tran9-HomerSpit-cast087.hex
* Software Version 1.59
* Temperature SN =  5028
* Conductivity SN =  5028
* System UpLoad Time = Apr 09 2014 19:24:38
** Cook Inlet LTM  Transect 9 (Homer Spit)  south to north
** Date: 2013-07-22
** Station: 9-10
** Start time: 10:15
** Depth (m): 57
** Comment:  CTD instrument time is AK Daylight.
** Comment:
# nquan = 17
# nvalues = 550                         
# units = specified
# name 0 = scan: Scan Count
# name 1 = timeJ: Julian Days
# name 2 = timeH: Time, Elapsed [hours]
# name 3 = timeM: Time, Elapsed [minutes]
# name 4 = timeS: Time, Elapsed [seconds]
# name 5 = density00: Density [density, kg/m^3]
# name 6 = specc: Specific Conductance [uS/cm]
# name 7 = sal00: Salinity, Practical [PSU]
# name 8 = depSM: Depth [salt water, m], lat = 59.00
# name 9 = oxsolML/L: Oxygen Saturation, Garcia & Gordon [ml/l]
# name 10 = potemp090C: Potential Temperature [ITS-90, deg C]
# name 11 = tv290C: Temperature [ITS-90, deg C]
# name 12 = sigma-é00: Density [sigma-theta, kg/m^3]
# name 13 = n2satML/L: Nitrogen Saturation [ml/l]
# name 14 = par: PAR/Irradiance, Biospherical/Licor
# name 15 = prdM: Pressure, Strain Gauge [db]
# name 16 = flag:  0.000e+00
# span 0 =          1,        550       
# span 1 = 203.427905, 203.429494       
# span 2 =    0.00000,    0.03812       
# span 3 =     0.0000,     2.2875       
# span 4 =      0.000,    137.250       
# span 5 =  1000.4359,  1024.8419       
# span 6 =   2106.296,  50042.558       
# span 7 =     1.0646,    31.5170       
# span 8 =     -0.002,     55.182       
# span 9 =    6.25760,    7.65608       
# span 10 =     7.6208,    13.9154      
# span 11 =     7.6258,    13.9155      
# span 12 =     0.4358,    24.5924      
# span 13 =   11.38958,   14.08185      
# span 14 = 5.9219e-02, 1.0773e+03      
# span 15 =     -0.002,     55.710      
# span 16 = 0.0000e+00, 0.0000e+00      
# interval = seconds: 0.25
# start_time = Jul 22 2013 10:16:11 [Instrument's time stamp, header]
# bad_flag = -9.990e-29
*END*
[from data line 426]
        427 203.429138    0.02958     1.7750    106.500  1024.3496  49369.047    31.2221     30.938    6.65856     8.6951     8.6991    24.2072   12.01199 9.7345e-01     31.233 0.0000e+00
        428 203.429141    0.02965     1.7792    106.750  1024.3524  49372.408    31.2243     31.156    6.65860     8.6959     8.6982    24.2090   12.01202 9.3898e-01     31.452 0.0000e+00
        429 203.429144    0.02972     1.7833    107.000  1024.3551  49375.535    31.2264     31.375    6.65850     8.6973     8.6983    24.2106   12.01184 9.0558e-01     31.674 0.0000e+00
        430 203.429146    0.02979     1.7875    107.250  1024.3575  49378.237    31.2283     31.596    6.65830     8.6990     8.6991    24.2120   12.01147 8.7356e-01     31.897 0.0000e+00
        431 203.429149    0.02986     1.7917    107.500  1024.3599  49380.978    31.2303     31.817    6.65800     8.7006     8.7005    24.2134   12.01096 8.4293e-01     32.120 0.0000e+00
        432 203.429152    0.02993     1.7958    107.750  1024.3616  49382.466    31.2315     32.037    6.65769     8.7014     8.7022    24.2141   12.01044 8.1389e-01     32.341 0.0000e+00
        433 203.429155    0.03000     1.8000    108.000  1024.3620  49381.620    31.2311     32.252    6.65748     8.7010     8.7038    24.2135   12.01009 7.8679e-01     32.559 0.0000e+00
        434 203.429158    0.03007     1.8042    108.250  1024.3613  49378.882    31.2292     32.462    6.65744     8.6996     8.7046    24.2119   12.01004 7.6150e-01     32.771 0.0000e+00
        435 203.429161    0.03014     1.8083    108.500  1024.3602  49375.198    31.2264     32.667    6.65760     8.6971     8.7043    24.2098   12.01034 7.3779e-01     32.978 0.0000e+00
        436 203.429164    0.03021     1.8125    108.750  1024.3589  49371.217    31.2233     32.867    6.65795     8.6936     8.7028    24.2076   12.01096 7.1544e-01     33.180 0.0000e+00
        437 203.429167    0.03028     1.8167    109.000  1024.3575  49366.895    31.2199     33.062    6.65847     8.6895     8.7004    24.2053   12.01186 6.9420e-01     33.376 0.0000e+00
        438 203.429170    0.03035     1.8208    109.250  1024.3566  49363.531    31.2169     33.252    6.65911     8.6854     8.6970    24.2035   12.01295 6.7387e-01     33.568 0.0000e+00
        439 203.429172    0.03042     1.8250    109.500  1024.3571  49362.753    31.2157     33.439    6.65977     8.6818     8.6928    24.2031   12.01407 6.5425e-01     33.758 0.0000e+00
        440 203.429175    0.03049     1.8292    109.750  1024.3586  49363.783    31.2158     33.625    6.66038     8.6786     8.6887    24.2038   12.01508 6.3510e-01     33.946 0.0000e+00
        441 203.429178    0.03056     1.8333    110.000  1024.3601  49364.923    31.2160     33.812    6.66091     8.6755     8.6852    24.2044   12.01595 6.1628e-01     34.134 0.0000e+00
        442 203.429181    0.03062     1.8375    110.250  1024.3614  49365.685    31.2160     33.999    6.66138     8.6725     8.6820    24.2049   12.01672 5.9772e-01     34.323 0.0000e+00
        443 203.429184    0.03069     1.8417    110.500  1024.3630  49366.766    31.2162     34.188    6.66182     8.6700     8.6790    24.2055   12.01745 5.7939e-01     34.513 0.0000e+00
        444 203.429187    0.03076     1.8458    110.750  1024.3650  49368.740    31.2171     34.378    6.66223     8.6681     8.6760    24.2067   12.01811 5.6135e-01     34.705 0.0000e+00
        445 203.429190    0.03083     1.8500    111.000  1024.3672  49371.204    31.2183     34.570    6.66256     8.6670     8.6735    24.2081   12.01864 5.4375e-01     34.899 0.0000e+00
        446 203.429193    0.03090     1.8542    111.250  1024.3693  49373.293    31.2194     34.762    6.66278     8.6662     8.6716    24.2092   12.01900 5.2662e-01     35.093 0.0000e+00
        447 203.429196    0.03097     1.8583    111.500  1024.3707  49374.361    31.2199     34.954    6.66293     8.6654     8.6705    24.2098   12.01924 5.0995e-01     35.287 0.0000e+00
        448 203.429198    0.03104     1.8625    111.750  1024.3717  49374.749    31.2200     35.147    6.66304     8.6648     8.6697    24.2099   12.01942 4.9383e-01     35.482 0.0000e+00
        449 203.429201    0.03111     1.8667    112.000  1024.3730  49375.427    31.2203     35.340    6.66313     8.6641     8.6690    24.2103   12.01958 4.7836e-01     35.677 0.0000e+00
        450 203.429204    0.03118     1.8708    112.250  1024.3741  49376.005    31.2205     35.533    6.66322     8.6625     8.6684    24.2105   12.01971 4.6350e-01     35.871 0.0000e+00
        451 203.429207    0.03125     1.8750    112.500  1024.3746  49375.248    31.2198     35.724    6.66335     8.6594     8.6677    24.2101   12.01995 4.4923e-01     36.065 0.0000e+00
        452 203.429210    0.03132     1.8792    112.750  1024.3746  49373.766    31.2184     35.915    6.66364     8.6544     8.6662    24.2093   12.02044 4.3559e-01     36.257 0.0000e+00
        453 203.429213    0.03139     1.8833    113.000  1024.3752  49373.070    31.2174     36.103    6.66415     8.6476     8.6630    24.2089   12.02129 4.2255e-01     36.447 0.0000e+00
        454 203.429216    0.03146     1.8875    113.250  1024.3766  49373.821    31.2171     36.292    6.66490     8.6392     8.6581    24.2095   12.02254 4.0996e-01     36.638 0.0000e+00
        455 203.429219    0.03153     1.8917    113.500  1024.3790  49376.404    31.2179     36.481    6.66588     8.6296     8.6513    24.2110   12.02416 3.9770e-01     36.829 0.0000e+00
        456 203.429222    0.03160     1.8958    113.750  1024.3827  49381.011    31.2198     36.671    6.66706     8.6192     8.6429    24.2138   12.02608 3.8575e-01     37.021 0.0000e+00
        457 203.429225    0.03167     1.9000    114.000  1024.3872  49387.117    31.2226     36.863    6.66837     8.6079     8.6333    24.2174   12.02821 3.7410e-01     37.214 0.0000e+00
        458 203.429227    0.03174     1.9042    114.250  1024.3922  49394.127    31.2259     37.057    6.66978     8.5961     8.6229    24.2215   12.03051 3.6273e-01     37.409 0.0000e+00
        459 203.429230    0.03181     1.9083    114.500  1024.3978  49402.229    31.2298     37.251    6.67129     8.5843     8.6117    24.2263   12.03296 3.5161e-01     37.606 0.0000e+00
        460 203.429233    0.03188     1.9125    114.750  1024.4043  49411.831    31.2347     37.448    6.67285     8.5736     8.5999    24.2319   12.03548 3.4072e-01     37.804 0.0000e+00
        461 203.429236    0.03194     1.9167    115.000  1024.4117  49422.973    31.2407     37.645    6.67435     8.5652     8.5881    24.2383   12.03789 3.3005e-01     38.004 0.0000e+00
        462 203.429239    0.03201     1.9208    115.250  1024.4197  49435.277    31.2477     37.844    6.67565     8.5600     8.5774    24.2453   12.03997 3.1961e-01     38.205 0.0000e+00
        463 203.429242    0.03208     1.9250    115.500  1024.4272  49446.986    31.2546     38.045    6.67661     8.5575     8.5690    24.2520   12.04147 3.0944e-01     38.408 0.0000e+00
        464 203.429245    0.03215     1.9292    115.750  1024.4329  49455.309    31.2595     38.249    6.67718     8.5557     8.5638    24.2566   12.04234 2.9954e-01     38.614 0.0000e+00
        465 203.429248    0.03222     1.9333    116.000  1024.4355  49458.356    31.2612     38.454    6.67747     8.5513     8.5613    24.2583   12.04281 2.8994e-01     38.820 0.0000e+00
        466 203.429251    0.03229     1.9375    116.250  1024.4351  49455.984    31.2592     38.659    6.67782     8.5416     8.5596    24.2570   12.04341 2.8070e-01     39.027 0.0000e+00
        467 203.429253    0.03236     1.9417    116.500  1024.4340  49452.086    31.2557     38.864    6.67863     8.5268     8.5552    24.2549   12.04479 2.7188e-01     39.234 0.0000e+00
        468 203.429256    0.03243     1.9458    116.750  1024.4360  49453.666    31.2553     39.068    6.68011     8.5091     8.5455    24.2560   12.04725 2.6347e-01     39.440 0.0000e+00
        469 203.429259    0.03250     1.9500    117.000  1024.4420  49462.063    31.2589     39.272    6.68218     8.4889     8.5307    24.2610   12.05062 2.5540e-01     39.646 0.0000e+00
        470 203.429262    0.03257     1.9542    117.250  1024.4493  49472.752    31.2636     39.476    6.68463     8.4658     8.5130    24.2673   12.05462 2.4763e-01     39.852 0.0000e+00
        471 203.429265    0.03264     1.9583    117.500  1024.4570  49484.182    31.2685     39.680    6.68744     8.4396     8.4929    24.2741   12.05921 2.4011e-01     40.059 0.0000e+00
        472 203.429268    0.03271     1.9625    117.750  1024.4660  49497.627    31.2744     39.887    6.69066     8.4108     8.4698    24.2821   12.06447 2.3275e-01     40.267 0.0000e+00
        473 203.429271    0.03278     1.9667    118.000  1024.4769  49514.408    31.2821     40.097    6.69428     8.3813     8.4435    24.2920   12.07036 2.2550e-01     40.479 0.0000e+00
        474 203.429274    0.03285     1.9708    118.250  1024.4906  49536.207    31.2930     40.310    6.69815     8.3536     8.4147    24.3047   12.07663 2.1839e-01     40.695 0.0000e+00
        475 203.429277    0.03292     1.9750    118.500  1024.5063  49561.655    31.3063     40.528    6.70201     8.3285     8.3853    24.3194   12.08286 2.1144e-01     40.914 0.0000e+00
        476 203.429280    0.03299     1.9792    118.750  1024.5212  49585.565    31.3188     40.747    6.70564     8.3049     8.3576    24.3332   12.08872 2.0469e-01     41.136 0.0000e+00
        477 203.429282    0.03306     1.9833    119.000  1024.5337  49605.348    31.3287     40.968    6.70901     8.2818     8.3325    24.3447   12.09416 1.9820e-01     41.359 0.0000e+00
        478 203.429285    0.03313     1.9875    119.250  1024.5449  49622.923    31.3373     41.188    6.71219     8.2591     8.3089    24.3549   12.09933 1.9203e-01     41.581 0.0000e+00
        479 203.429288    0.03319     1.9917    119.500  1024.5558  49640.050    31.3457     41.406    6.71531     8.2369     8.2859    24.3648   12.10439 1.8621e-01     41.801 0.0000e+00
        480 203.429291    0.03326     1.9958    119.750  1024.5662  49656.193    31.3534     41.620    6.71842     8.2150     8.2632    24.3742   12.10943 1.8070e-01     42.018 0.0000e+00
        481 203.429294    0.03333     2.0000    120.000  1024.5758  49671.012    31.3603     41.833    6.72149     8.1938     8.2409    24.3828   12.11443 1.7547e-01     42.232 0.0000e+00
        482 203.429297    0.03340     2.0042    120.250  1024.5852  49685.623    31.3671     42.043    6.72451     8.1737     8.2191    24.3912   12.11933 1.7049e-01     42.444 0.0000e+00
        483 203.429300    0.03347     2.0083    120.500  1024.5946  49700.129    31.3738     42.251    6.72743     8.1547     8.1979    24.3996   12.12408 1.6575e-01     42.654 0.0000e+00
        484 203.429303    0.03354     2.0125    120.750  1024.6033  49713.504    31.3800     42.458    6.73021     8.1362     8.1778    24.4073   12.12862 1.6121e-01     42.863 0.0000e+00
        485 203.429306    0.03361     2.0167    121.000  1024.6108  49724.742    31.3849     42.666    6.73289     8.1170     8.1589    24.4138   12.13298 1.5677e-01     43.073 0.0000e+00
        486 203.429308    0.03368     2.0208    121.250  1024.6169  49733.487    31.3880     42.877    6.73556     8.0958     8.1404    24.4190   12.13737 1.5241e-01     43.286 0.0000e+00
        487 203.429311    0.03375     2.0250    121.500  1024.6221  49740.620    31.3899     43.092    6.73841     8.0714     8.1212    24.4232   12.14206 1.4812e-01     43.503 0.0000e+00
        488 203.429314    0.03382     2.0292    121.750  1024.6266  49746.147    31.3904     43.311    6.74162     8.0441     8.1000    24.4266   12.14738 1.4393e-01     43.724 0.0000e+00
        489 203.429317    0.03389     2.0333    122.000  1024.6324  49754.059    31.3920     43.534    6.74528     8.0161     8.0756    24.4314   12.15340 1.3983e-01     43.949 0.0000e+00
        490 203.429320    0.03396     2.0375    122.250  1024.6422  49769.227    31.3982     43.761    6.74918     7.9895     8.0483    24.4401   12.15977 1.3582e-01     44.178 0.0000e+00
        491 203.429323    0.03403     2.0417    122.500  1024.6544  49788.701    31.4073     43.990    6.75306     7.9664     8.0203    24.4513   12.16608 1.3195e-01     44.410 0.0000e+00
        492 203.429326    0.03410     2.0458    122.750  1024.6679  49810.598    31.4183     44.221    6.75663     7.9483     7.9937    24.4637   12.17186 1.2823e-01     44.643 0.0000e+00
        493 203.429329    0.03417     2.0500    123.000  1024.6818  49833.253    31.4304     44.450    6.75964     7.9352     7.9706    24.4764   12.17668 1.2470e-01     44.875 0.0000e+00
        494 203.429332    0.03424     2.0542    123.250  1024.6936  49852.467    31.4409     44.678    6.76195     7.9263     7.9525    24.4872   12.18037 1.2140e-01     45.105 0.0000e+00
        495 203.429334    0.03431     2.0583    123.500  1024.7030  49867.423    31.4492     44.902    6.76359     7.9205     7.9394    24.4955   12.18299 1.1832e-01     45.331 0.0000e+00
        496 203.429337    0.03438     2.0625    123.750  1024.7096  49877.358    31.4547     45.122    6.76471     7.9158     7.9306    24.5011   12.18477 1.1542e-01     45.553 0.0000e+00
        497 203.429340    0.03444     2.0667    124.000  1024.7129  49881.524    31.4566     45.338    6.76551     7.9101     7.9248    24.5034   12.18608 1.1269e-01     45.771 0.0000e+00
        498 203.429343    0.03451     2.0708    124.250  1024.7138  49881.349    31.4556     45.551    6.76627     7.9025     7.9201    24.5033   12.18735 1.1013e-01     45.986 0.0000e+00
        499 203.429346    0.03458     2.0750    124.500  1024.7141  49880.114    31.4537     45.761    6.76722     7.8939     7.9145    24.5026   12.18894 1.0769e-01     46.198 0.0000e+00
        500 203.429349    0.03465     2.0792    124.750  1024.7165  49882.590    31.4541     45.969    6.76837     7.8866     7.9069    24.5041   12.19084 1.0535e-01     46.408 0.0000e+00
        501 203.429352    0.03472     2.0833    125.000  1024.7219  49890.632    31.4583     46.178    6.76951     7.8820     7.8983    24.5085   12.19267 1.0310e-01     46.619 0.0000e+00
        502 203.429355    0.03479     2.0875    125.250  1024.7282  49900.323    31.4638     46.389    6.77039     7.8793     7.8910    24.5139   12.19405 1.0092e-01     46.832 0.0000e+00
        503 203.429358    0.03486     2.0917    125.500  1024.7323  49905.960    31.4669     46.601    6.77095     7.8772     7.8864    24.5170   12.19495 9.8811e-02     47.046 0.0000e+00
        504 203.429361    0.03493     2.0958    125.750  1024.7344  49907.994    31.4678     46.815    6.77132     7.8752     7.8838    24.5181   12.19555 9.6775e-02     47.262 0.0000e+00
        505 203.429363    0.03500     2.1000    126.000  1024.7361  49909.467    31.4684     47.029    6.77163     7.8732     7.8816    24.5188   12.19604 9.4806e-02     47.479 0.0000e+00
        506 203.429366    0.03507     2.1042    126.250  1024.7370  49909.222    31.4678     47.245    6.77194     7.8703     7.8797    24.5187   12.19657 9.2902e-02     47.696 0.0000e+00
        507 203.429369    0.03514     2.1083    126.500  1024.7368  49907.059    31.4659     47.462    6.77233     7.8659     7.8777    24.5174   12.19725 9.1081e-02     47.915 0.0000e+00
        508 203.429372    0.03521     2.1125    126.750  1024.7365  49904.747    31.4637     47.678    6.77288     7.8595     7.8748    24.5161   12.19817 8.9351e-02     48.133 0.0000e+00
        509 203.429375    0.03528     2.1167    127.000  1024.7365  49902.965    31.4616     47.894    6.77365     7.8505     7.8704    24.5151   12.19948 8.7709e-02     48.351 0.0000e+00
        510 203.429378    0.03535     2.1208    127.250  1024.7366  49901.278    31.4593     48.108    6.77474     7.8383     7.8640    24.5142   12.20131 8.6150e-02     48.568 0.0000e+00
