CTD-processing/allCTD/CNV--homogene/2013_07-05_t9andtutka_tutkab_cast215.cnv
* Sea-Bird SBE19plus Data File:
* FileName = C:\Documents and Settings\kbayadmin\My Documents\CTD data\2013-07-05 Kachemak Bay Homer Spit Line and Tutka Bay\2013-07-05 Kachemak Bay Homer Spit Line and Tutka Bay cast215.hex
* Software Version 1.59
* Temperature SN =  5028
* Conductivity SN =  5028
* System UpLoad Time = Jul 06 2013 12:03:48
** Kachemak Bay Homer Spit Line and Tutka Bay
** 2013-07-05
** Station:Tutka B
** N':59 22.510
** W':-151 25.320
** Start Time:1736
** Depth(ft):500
# nquan = 17
# nvalues = 962                         
# units = specified
# name 0 = scan: Scan Count
# name 1 = timeJ: Julian Days
# name 2 = timeH: Time, Elapsed [hours]
# name 3 = timeM: Time, Elapsed [minutes]
# name 4 = timeS: Time, Elapsed [seconds]
# name 5 = density00: Density [density, kg/m^3]
# name 6 = specc: Specific Conductance [uS/cm]
# name 7 = sal00: Salinity, Practical [PSU]
# name 8 = depSM: Depth [salt water, m], lat = 59.00
# name 9 = oxsolML/L: Oxygen Saturation, Garcia & Gordon [ml/l]
# name 10 = potemp090C: Potential Temperature [ITS-90, deg C]
# name 11 = tv290C: Temperature [ITS-90, deg C]
# name 12 = sigma-é00: Density [sigma-theta, kg/m^3]
# name 13 = n2satML/L: Nitrogen Saturation [ml/l]
# name 14 = par: PAR/Irradiance, Biospherical/Licor
# name 15 = prdM: Pressure, Strain Gauge [db]
# name 16 = flag:  0.000e+00
# span 0 =          1,        962       
# span 1 = 186.721655, 186.724436       
# span 2 =    0.00000,    0.06674       
# span 3 =     0.0000,     4.0042       
# span 4 =      0.000,    240.250       
# span 5 =  1000.1099,  1025.5785       
# span 6 =    853.772,  50767.838       
# span 7 =     0.4120,    31.6608       
# span 8 =     -0.008,    138.666       
# span 9 =    6.84112,    8.07061       
# span 10 =     5.8496,     9.0380      
# span 11 =     5.8604,     9.0385      
# span 12 =     0.1100,    24.9321      
# span 13 =   12.33602,   14.79168      
# span 14 = 4.5390e-02, 1.2318e+02      
# span 15 =     -0.008,    140.022      
# span 16 = 0.0000e+00, 0.0000e+00      
# interval = seconds: 0.25
# start_time = Jul 05 2013 17:19:11 [Instrument's time stamp, header]
# bad_flag = -9.990e-29
*END*
[from data line 426]
        427 186.722888    0.02958     1.7750    106.500  1024.7328  50201.288    31.5480      7.898    6.90063     7.0098     7.0344    24.6962   12.40839 7.6775e+00      7.973 0.0000e+00
        428 186.722891    0.02965     1.7792    106.750  1024.7406  50213.919    31.5544      8.107    6.90244     7.0002     7.0213    24.7029   12.41130 7.3942e+00      8.184 0.0000e+00
        429 186.722894    0.02972     1.7833    107.000  1024.7464  50223.043    31.5588      8.316    6.90395     6.9907     7.0105    24.7078   12.41373 7.1194e+00      8.395 0.0000e+00
        430 186.722896    0.02979     1.7875    107.250  1024.7510  50229.869    31.5618      8.525    6.90533     6.9807     7.0010    24.7114   12.41599 6.8562e+00      8.606 0.0000e+00
        431 186.722899    0.02986     1.7917    107.500  1024.7553  50236.202    31.5644      8.737    6.90672     6.9704     6.9915    24.7147   12.41826 6.6016e+00      8.819 0.0000e+00
        432 186.722902    0.02993     1.7958    107.750  1024.7603  50243.827    31.5678      8.954    6.90816     6.9607     6.9815    24.7187   12.42059 6.3509e+00      9.039 0.0000e+00
        433 186.722905    0.03000     1.8000    108.000  1024.7662  50253.073    31.5724      9.181    6.90958     6.9519     6.9712    24.7236   12.42289 6.1013e+00      9.268 0.0000e+00
        434 186.722908    0.03007     1.8042    108.250  1024.7726  50262.970    31.5774      9.419    6.91091     6.9445     6.9615    24.7289   12.42502 5.8509e+00      9.508 0.0000e+00
        435 186.722911    0.03014     1.8083    108.500  1024.7787  50272.279    31.5823      9.669    6.91209     6.9383     6.9528    24.7338   12.42690 5.6008e+00      9.761 0.0000e+00
        436 186.722914    0.03021     1.8125    108.750  1024.7841  50280.257    31.5864      9.927    6.91308     6.9331     6.9454    24.7380   12.42850 5.3567e+00     10.021 0.0000e+00
        437 186.722917    0.03028     1.8167    109.000  1024.7889  50287.085    31.5899     10.187    6.91391     6.9288     6.9392    24.7416   12.42981 5.1244e+00     10.284 0.0000e+00
        438 186.722920    0.03035     1.8208    109.250  1024.7934  50293.271    31.5932     10.445    6.91458     6.9252     6.9340    24.7449   12.43089 4.9055e+00     10.544 0.0000e+00
        439 186.722922    0.03042     1.8250    109.500  1024.7977  50299.119    31.5964     10.701    6.91513     6.9226     6.9297    24.7479   12.43176 4.6975e+00     10.802 0.0000e+00
        440 186.722925    0.03049     1.8292    109.750  1024.8016  50304.431    31.5994     10.955    6.91555     6.9207     6.9262    24.7507   12.43242 4.4990e+00     11.059 0.0000e+00
        441 186.722928    0.03056     1.8333    110.000  1024.8049  50308.569    31.6017     11.207    6.91587     6.9191     6.9236    24.7529   12.43291 4.3108e+00     11.313 0.0000e+00
        442 186.722931    0.03062     1.8375    110.250  1024.8075  50311.319    31.6031     11.454    6.91611     6.9175     6.9217    24.7543   12.43328 4.1343e+00     11.563 0.0000e+00
        443 186.722934    0.03069     1.8417    110.500  1024.8094  50312.978    31.6039     11.694    6.91632     6.9156     6.9201    24.7551   12.43362 3.9708e+00     11.805 0.0000e+00
        444 186.722937    0.03076     1.8458    110.750  1024.8109  50313.905    31.6041     11.925    6.91656     6.9131     6.9185    24.7555   12.43401 3.8207e+00     12.038 0.0000e+00
        445 186.722940    0.03083     1.8500    111.000  1024.8123  50314.675    31.6042     12.147    6.91686     6.9102     6.9166    24.7559   12.43452 3.6830e+00     12.262 0.0000e+00
        446 186.722943    0.03090     1.8542    111.250  1024.8138  50315.867    31.6045     12.362    6.91724     6.9067     6.9141    24.7564   12.43514 3.5554e+00     12.479 0.0000e+00
        447 186.722946    0.03097     1.8583    111.500  1024.8155  50317.368    31.6050     12.571    6.91769     6.9028     6.9112    24.7571   12.43588 3.4352e+00     12.690 0.0000e+00
        448 186.722948    0.03104     1.8625    111.750  1024.8172  50318.923    31.6053     12.779    6.91822     6.8984     6.9078    24.7579   12.43675 3.3191e+00     12.900 0.0000e+00
        449 186.722951    0.03111     1.8667    112.000  1024.8193  50321.194    31.6061     12.988    6.91881     6.8940     6.9039    24.7590   12.43772 3.2062e+00     13.111 0.0000e+00
        450 186.722954    0.03118     1.8708    112.250  1024.8222  50324.864    31.6078     13.199    6.91944     6.8901     6.8995    24.7609   12.43873 3.0964e+00     13.324 0.0000e+00
        451 186.722957    0.03125     1.8750    112.500  1024.8255  50329.400    31.6100     13.412    6.92003     6.8866     6.8951    24.7632   12.43968 2.9895e+00     13.539 0.0000e+00
        452 186.722960    0.03132     1.8792    112.750  1024.8287  50333.672    31.6122     13.628    6.92055     6.8832     6.8912    24.7654   12.44053 2.8844e+00     13.757 0.0000e+00
        453 186.722963    0.03139     1.8833    113.000  1024.8315  50337.100    31.6139     13.848    6.92103     6.8797     6.8878    24.7672   12.44130 2.7803e+00     13.979 0.0000e+00
        454 186.722966    0.03146     1.8875    113.250  1024.8341  50340.037    31.6152     14.074    6.92151     6.8760     6.8844    24.7687   12.44207 2.6770e+00     14.207 0.0000e+00
        455 186.722969    0.03153     1.8917    113.500  1024.8366  50342.944    31.6165     14.305    6.92201     6.8721     6.8809    24.7702   12.44288 2.5757e+00     14.440 0.0000e+00
        456 186.722972    0.03160     1.8958    113.750  1024.8390  50345.545    31.6176     14.537    6.92255     6.8679     6.8773    24.7715   12.44375 2.4797e+00     14.674 0.0000e+00
        457 186.722975    0.03167     1.9000    114.000  1024.8412  50347.827    31.6184     14.761    6.92313     6.8635     6.8734    24.7726   12.44471 2.3919e+00     14.900 0.0000e+00
        458 186.722977    0.03174     1.9042    114.250  1024.8437  50350.821    31.6196     14.971    6.92374     6.8596     6.8692    24.7741   12.44571 2.3136e+00     15.113 0.0000e+00
        459 186.722980    0.03181     1.9083    114.500  1024.8470  50355.502    31.6220     15.162    6.92433     6.8567     6.8649    24.7766   12.44665 2.2466e+00     15.306 0.0000e+00
        460 186.722983    0.03188     1.9125    114.750  1024.8508  50361.204    31.6252     15.326    6.92481     6.8549     6.8610    24.7796   12.44740 2.1922e+00     15.472 0.0000e+00
        461 186.722986    0.03194     1.9167    115.000  1024.8540  50366.022    31.6279     15.461    6.92515     6.8539     6.8581    24.7821   12.44793 2.1493e+00     15.608 0.0000e+00
        462 186.722989    0.03201     1.9208    115.250  1024.8561  50369.101    31.6297     15.572    6.92536     6.8534     6.8562    24.7838   12.44826 2.1148e+00     15.720 0.0000e+00
        463 186.722992    0.03208     1.9250    115.500  1024.8574  50370.798    31.6307     15.665    6.92548     6.8533     6.8552    24.7847   12.44843 2.0843e+00     15.814 0.0000e+00
        464 186.722995    0.03215     1.9292    115.750  1024.8582  50371.456    31.6310     15.752    6.92553     6.8531     6.8548    24.7850   12.44852 2.0537e+00     15.902 0.0000e+00
        465 186.722998    0.03222     1.9333    116.000  1024.8585  50371.254    31.6308     15.843    6.92557     6.8527     6.8546    24.7849   12.44858 2.0209e+00     15.993 0.0000e+00
        466 186.723001    0.03229     1.9375    116.250  1024.8585  50370.544    31.6302     15.941    6.92562     6.8520     6.8545    24.7844   12.44867 1.9862e+00     16.092 0.0000e+00
        467 186.723003    0.03236     1.9417    116.500  1024.8587  50370.092    31.6298     16.046    6.92570     6.8512     6.8541    24.7841   12.44881 1.9504e+00     16.198 0.0000e+00
        468 186.723006    0.03243     1.9458    116.750  1024.8593  50370.303    31.6298     16.157    6.92582     6.8504     6.8534    24.7842   12.44900 1.9142e+00     16.310 0.0000e+00
        469 186.723009    0.03250     1.9500    117.000  1024.8600  50370.718    31.6299     16.271    6.92594     6.8496     6.8526    24.7844   12.44921 1.8782e+00     16.425 0.0000e+00
        470 186.723012    0.03257     1.9542    117.250  1024.8606  50370.940    31.6298     16.385    6.92608     6.8489     6.8518    24.7844   12.44943 1.8441e+00     16.541 0.0000e+00
        471 186.723015    0.03264     1.9583    117.500  1024.8611  50371.109    31.6297     16.494    6.92621     6.8482     6.8510    24.7845   12.44964 1.8139e+00     16.651 0.0000e+00
        472 186.723018    0.03271     1.9625    117.750  1024.8617  50371.358    31.6297     16.593    6.92632     6.8476     6.8503    24.7846   12.44983 1.7883e+00     16.750 0.0000e+00
        473 186.723021    0.03278     1.9667    118.000  1024.8622  50371.703    31.6298     16.678    6.92642     6.8473     6.8496    24.7847   12.45000 1.7664e+00     16.837 0.0000e+00
        474 186.723024    0.03285     1.9708    118.250  1024.8629  50372.313    31.6301     16.754    6.92650     6.8473     6.8491    24.7850   12.45012 1.7465e+00     16.913 0.0000e+00
        475 186.723027    0.03292     1.9750    118.500  1024.8636  50373.130    31.6306     16.827    6.92653     6.8474     6.8488    24.7855   12.45016 1.7252e+00     16.987 0.0000e+00
        476 186.723030    0.03299     1.9792    118.750  1024.8643  50373.720    31.6309     16.913    6.92652     6.8477     6.8487    24.7858   12.45014 1.6983e+00     17.073 0.0000e+00
        477 186.723032    0.03306     1.9833    119.000  1024.8648  50373.743    31.6309     17.024    6.92649     6.8479     6.8489    24.7857   12.45009 1.6635e+00     17.185 0.0000e+00
        478 186.723035    0.03313     1.9875    119.250  1024.8652  50373.389    31.6307     17.167    6.92646     6.8480     6.8492    24.7855   12.45005 1.6212e+00     17.330 0.0000e+00
        479 186.723038    0.03319     1.9917    119.500  1024.8658  50373.025    31.6304     17.340    6.92644     6.8479     6.8494    24.7852   12.45002 1.5739e+00     17.505 0.0000e+00
        480 186.723041    0.03326     1.9958    119.750  1024.8663  50372.401    31.6299     17.539    6.92644     6.8473     6.8495    24.7848   12.45003 1.5229e+00     17.706 0.0000e+00
        481 186.723044    0.03333     2.0000    120.000  1024.8666  50371.260    31.6290     17.759    6.92649     6.8463     6.8494    24.7841   12.45013 1.4687e+00     17.928 0.0000e+00
        482 186.723047    0.03340     2.0042    120.250  1024.8671  50370.260    31.6280     17.996    6.92662     6.8450     6.8489    24.7835   12.45035 1.4128e+00     18.167 0.0000e+00
        483 186.723050    0.03347     2.0083    120.500  1024.8681  50370.219    31.6277     18.244    6.92680     6.8436     6.8479    24.7834   12.45065 1.3573e+00     18.418 0.0000e+00
        484 186.723053    0.03354     2.0125    120.750  1024.8695  50370.803    31.6278     18.498    6.92700     6.8421     6.8466    24.7836   12.45098 1.3035e+00     18.674 0.0000e+00
        485 186.723056    0.03361     2.0167    121.000  1024.8707  50371.105    31.6277     18.752    6.92722     6.8402     6.8453    24.7837   12.45135 1.2524e+00     18.930 0.0000e+00
        486 186.723058    0.03368     2.0208    121.250  1024.8715  50370.649    31.6270     19.001    6.92749     6.8377     6.8438    24.7833   12.45180 1.2044e+00     19.181 0.0000e+00
        487 186.723061    0.03375     2.0250    121.500  1024.8720  50369.581    31.6258     19.243    6.92785     6.8344     6.8419    24.7826   12.45240 1.1597e+00     19.425 0.0000e+00
        488 186.723064    0.03382     2.0292    121.750  1024.8725  50368.691    31.6246     19.479    6.92830     6.8306     6.8394    24.7820   12.45317 1.1173e+00     19.664 0.0000e+00
        489 186.723067    0.03389     2.0333    122.000  1024.8735  50368.659    31.6239     19.715    6.92886     6.8265     6.8361    24.7818   12.45410 1.0766e+00     19.902 0.0000e+00
        490 186.723070    0.03396     2.0375    122.250  1024.8750  50369.648    31.6238     19.952    6.92947     6.8224     6.8324    24.7822   12.45511 1.0372e+00     20.141 0.0000e+00
        491 186.723073    0.03403     2.0417    122.500  1024.8768  50371.311    31.6241     20.191    6.93010     6.8181     6.8283    24.7830   12.45615 9.9926e-01     20.382 0.0000e+00
        492 186.723076    0.03410     2.0458    122.750  1024.8787  50372.872    31.6243     20.430    6.93075     6.8134     6.8242    24.7837   12.45723 9.6293e-01     20.624 0.0000e+00
        493 186.723079    0.03417     2.0500    123.000  1024.8801  50373.640    31.6240     20.671    6.93145     6.8075     6.8199    24.7840   12.45839 9.2808e-01     20.867 0.0000e+00
        494 186.723082    0.03424     2.0542    123.250  1024.8807  50372.970    31.6225     20.910    6.93228     6.7997     6.8152    24.7835   12.45978 8.9460e-01     21.109 0.0000e+00
        495 186.723084    0.03431     2.0583    123.500  1024.8807  50371.179    31.6201     21.150    6.93333     6.7896     6.8094    24.7823   12.46155 8.6244e-01     21.350 0.0000e+00
        496 186.723087    0.03438     2.0625    123.750  1024.8807  50369.614    31.6175     21.390    6.93469     6.7771     6.8016    24.7813   12.46383 8.3133e-01     21.593 0.0000e+00
        497 186.723090    0.03444     2.0667    124.000  1024.8819  50369.991    31.6159     21.632    6.93639     6.7634     6.7915    24.7813   12.46666 8.0087e-01     21.838 0.0000e+00
        498 186.723093    0.03451     2.0708    124.250  1024.8857  50375.319    31.6172     21.880    6.93834     6.7502     6.7790    24.7840   12.46986 7.7069e-01     22.088 0.0000e+00
        499 186.723096    0.03458     2.0750    124.500  1024.8924  50385.915    31.6220     22.136    6.94032     6.7381     6.7653    24.7895   12.47308 7.4078e-01     22.346 0.0000e+00
        500 186.723099    0.03465     2.0792    124.750  1024.8989  50396.118    31.6266     22.398    6.94223     6.7263     6.7521    24.7948   12.47617 7.1155e-01     22.610 0.0000e+00
        501 186.723102    0.03472     2.0833    125.000  1024.9031  50401.885    31.6283     22.663    6.94409     6.7141     6.7401    24.7977   12.47923 6.8333e-01     22.878 0.0000e+00
        502 186.723105    0.03479     2.0875    125.250  1024.9059  50405.301    31.6284     22.928    6.94599     6.7017     6.7282    24.7993   12.48237 6.5625e-01     23.145 0.0000e+00
        503 186.723108    0.03486     2.0917    125.500  1024.9087  50408.539    31.6283     23.190    6.94795     6.6889     6.7161    24.8008   12.48561 6.3051e-01     23.411 0.0000e+00
        504 186.723111    0.03493     2.0958    125.750  1024.9110  50411.179    31.6278     23.450    6.94998     6.6756     6.7037    24.8020   12.48897 6.0619e-01     23.673 0.0000e+00
        505 186.723113    0.03500     2.1000    126.000  1024.9131  50413.395    31.6269     23.708    6.95208     6.6624     6.6909    24.8029   12.49245 5.8299e-01     23.933 0.0000e+00
        506 186.723116    0.03507     2.1042    126.250  1024.9160  50416.916    31.6268     23.967    6.95421     6.6497     6.6777    24.8045   12.49598 5.6050e-01     24.194 0.0000e+00
        507 186.723119    0.03514     2.1083    126.500  1024.9197  50422.099    31.6278     24.228    6.95631     6.6380     6.6645    24.8071   12.49942 5.3854e-01     24.459 0.0000e+00
        508 186.723122    0.03521     2.1125    126.750  1024.9235  50427.377    31.6291     24.493    6.95829     6.6272     6.6518    24.8096   12.50269 5.1709e-01     24.726 0.0000e+00
        509 186.723125    0.03528     2.1167    127.000  1024.9272  50432.376    31.6303     24.760    6.96014     6.6173     6.6401    24.8121   12.50572 4.9630e-01     24.996 0.0000e+00
        510 186.723128    0.03535     2.1208    127.250  1024.9308  50437.248    31.6315     25.031    6.96182     6.6079     6.6293    24.8144   12.50849 4.7628e-01     25.269 0.0000e+00
