CTD-processing/allCTD/CNV--homogene/2013_07-21_t6_s07_cast071.cnv
* Sea-Bird SBE19plus Data File:
* FileName = C:\Users\kris.holderied\Documents\kasitsna\Research-Projects-and-Data\Oceanography-AK\CTD-CookInlet-GulfWatchAK\2013-07-EVOSTC-CookInlet-Ocean\2013-07-21-22-CookInlet-Tran6-Douglas\2013-07-21-22-CookInlet-Tran6-Douglas-cast071.hex
* Software Version 1.59
* Temperature SN =  5028
* Conductivity SN =  5028
* System UpLoad Time = Apr 09 2014 21:16:21
** Cook Inlet LTM Transect 6 (Douglas) west to east
** Date: 2013-07-21/22
** Station: 6-07
** Start time: 01:57
** Depth (m): 128
** CoComment:
** Comment:
# nquan = 17
# nvalues = 1211                        
# units = specified
# name 0 = scan: Scan Count
# name 1 = timeJ: Julian Days
# name 2 = timeH: Time, Elapsed [hours]
# name 3 = timeM: Time, Elapsed [minutes]
# name 4 = timeS: Time, Elapsed [seconds]
# name 5 = density00: Density [density, kg/m^3]
# name 6 = specc: Specific Conductance [uS/cm]
# name 7 = sal00: Salinity, Practical [PSU]
# name 8 = depSM: Depth [salt water, m], lat = 59.00
# name 9 = oxsolML/L: Oxygen Saturation, Garcia & Gordon [ml/l]
# name 10 = potemp090C: Potential Temperature [ITS-90, deg C]
# name 11 = tv290C: Temperature [ITS-90, deg C]
# name 12 = sigma-é00: Density [sigma-theta, kg/m^3]
# name 13 = n2satML/L: Nitrogen Saturation [ml/l]
# name 14 = par: PAR/Irradiance, Biospherical/Licor
# name 15 = prdM: Pressure, Strain Gauge [db]
# name 16 = flag:  0.000e+00
# span 0 =          1,       1211       
# span 1 = 203.081806, 203.085307       
# span 2 =    0.00000,    0.08403       
# span 3 =     0.0000,     5.0417       
# span 4 =      0.000,    302.500       
# span 5 =  1000.1007,  1025.8345       
# span 6 =    917.404,  51330.553       
# span 7 =     0.4461,    32.1427       
# span 8 =     -0.040,    123.573       
# span 9 =    6.51119,    7.98097       
# span 10 =     6.2909,     9.5540      
# span 11 =     6.3013,     9.5542      
# span 12 =     0.1008,    25.2597      
# span 13 =   11.76153,   14.63999      
# span 14 = 4.1665e-02, 9.5439e-01      
# span 15 =     -0.041,    124.777      
# span 16 = 0.0000e+00, 0.0000e+00      
# interval = seconds: 0.25
# start_time = Jul 22 2013 01:57:48 [Instrument's time stamp, header]
# bad_flag = -9.990e-29
*END*
[from data line 937]
        938 203.084517    0.06507     3.9042    234.250  1025.5964  51262.643    32.1253     76.403    6.98636     6.3217     6.3380    25.2409   12.54283 4.1838e-02     77.138 0.0000e+00
        939 203.084520    0.06514     3.9083    234.500  1025.6016  51270.890    32.1298     76.605    6.98713     6.3193     6.3320    25.2452   12.54405 4.1835e-02     77.342 0.0000e+00
        940 203.084523    0.06521     3.9125    234.750  1025.6053  51276.298    32.1327     76.798    6.98763     6.3178     6.3281    25.2480   12.54483 4.1831e-02     77.537 0.0000e+00
        941 203.084525    0.06528     3.9167    235.000  1025.6078  51279.427    32.1344     76.980    6.98794     6.3167     6.3257    25.2496   12.54532 4.1829e-02     77.721 0.0000e+00
        942 203.084528    0.06535     3.9208    235.250  1025.6095  51281.260    32.1352     77.152    6.98814     6.3159     6.3242    25.2505   12.54565 4.1837e-02     77.895 0.0000e+00
        943 203.084531    0.06542     3.9250    235.500  1025.6108  51282.534    32.1358     77.318    6.98829     6.3154     6.3231    25.2511   12.54589 4.1842e-02     78.062 0.0000e+00
        944 203.084534    0.06549     3.9292    235.750  1025.6120  51283.483    32.1363     77.478    6.98840     6.3151     6.3224    25.2515   12.54605 4.1836e-02     78.224 0.0000e+00
        945 203.084537    0.06556     3.9333    236.000  1025.6131  51284.252    32.1366     77.635    6.98846     6.3151     6.3219    25.2519   12.54616 4.1835e-02     78.382 0.0000e+00
        946 203.084540    0.06563     3.9375    236.250  1025.6141  51284.885    32.1369     77.791    6.98849     6.3152     6.3216    25.2521   12.54620 4.1846e-02     78.540 0.0000e+00
        947 203.084543    0.06569     3.9417    236.500  1025.6150  51285.335    32.1372     77.949    6.98848     6.3156     6.3216    25.2523   12.54618 4.1850e-02     78.700 0.0000e+00
        948 203.084546    0.06576     3.9458    236.750  1025.6158  51285.549    32.1373     78.110    6.98845     6.3160     6.3218    25.2524   12.54612 4.1846e-02     78.862 0.0000e+00
        949 203.084549    0.06583     3.9500    237.000  1025.6165  51285.491    32.1372     78.275    6.98840     6.3164     6.3222    25.2523   12.54604 4.1855e-02     79.029 0.0000e+00
        950 203.084552    0.06590     3.9542    237.250  1025.6172  51285.348    32.1371     78.446    6.98833     6.3169     6.3226    25.2522   12.54594 4.1873e-02     79.202 0.0000e+00
        951 203.084554    0.06597     3.9583    237.500  1025.6178  51285.134    32.1370     78.625    6.98826     6.3174     6.3230    25.2520   12.54582 4.1884e-02     79.382 0.0000e+00
        952 203.084557    0.06604     3.9625    237.750  1025.6184  51284.660    32.1367     78.810    6.98819     6.3176     6.3235    25.2517   12.54571 4.1889e-02     79.569 0.0000e+00
        953 203.084560    0.06611     3.9667    238.000  1025.6189  51284.057    32.1362     79.001    6.98814     6.3176     6.3240    25.2513   12.54563 4.1894e-02     79.762 0.0000e+00
        954 203.084563    0.06618     3.9708    238.250  1025.6195  51283.578    32.1358     79.197    6.98812     6.3175     6.3242    25.2510   12.54559 4.1892e-02     79.960 0.0000e+00
        955 203.084566    0.06625     3.9750    238.500  1025.6202  51283.264    32.1355     79.398    6.98812     6.3171     6.3243    25.2507   12.54560 4.1884e-02     80.163 0.0000e+00
        956 203.084569    0.06632     3.9792    238.750  1025.6209  51282.983    32.1352     79.600    6.98815     6.3164     6.3242    25.2505   12.54566 4.1879e-02     80.367 0.0000e+00
        957 203.084572    0.06639     3.9833    239.000  1025.6215  51282.671    32.1348     79.803    6.98823     6.3152     6.3238    25.2503   12.54580 4.1884e-02     80.572 0.0000e+00
        958 203.084575    0.06646     3.9875    239.250  1025.6223  51282.513    32.1345     80.004    6.98837     6.3137     6.3231    25.2501   12.54603 4.1898e-02     80.775 0.0000e+00
        959 203.084578    0.06653     3.9917    239.500  1025.6234  51283.025    32.1345     80.203    6.98856     6.3122     6.3219    25.2502   12.54635 4.1918e-02     80.976 0.0000e+00
        960 203.084580    0.06660     3.9958    239.750  1025.6250  51284.477    32.1351     80.398    6.98878     6.3110     6.3204    25.2509   12.54669 4.1938e-02     81.173 0.0000e+00
        961 203.084583    0.06667     4.0000    240.000  1025.6268  51286.342    32.1361     80.588    6.98897     6.3102     6.3189    25.2518   12.54700 4.1954e-02     81.365 0.0000e+00
        962 203.084586    0.06674     4.0042    240.250  1025.6285  51287.980    32.1369     80.774    6.98912     6.3097     6.3178    25.2526   12.54724 4.1968e-02     81.553 0.0000e+00
        963 203.084589    0.06681     4.0083    240.500  1025.6299  51289.133    32.1374     80.958    6.98922     6.3093     6.3170    25.2532   12.54740 4.1979e-02     81.738 0.0000e+00
        964 203.084592    0.06688     4.0125    240.750  1025.6310  51289.789    32.1377     81.141    6.98929     6.3090     6.3165    25.2534   12.54751 4.1994e-02     81.923 0.0000e+00
        965 203.084595    0.06694     4.0167    241.000  1025.6320  51290.197    32.1379     81.325    6.98934     6.3088     6.3162    25.2536   12.54759 4.2011e-02     82.108 0.0000e+00
        966 203.084598    0.06701     4.0208    241.250  1025.6330  51290.633    32.1380     81.509    6.98938     6.3088     6.3159    25.2538   12.54765 4.2025e-02     82.295 0.0000e+00
        967 203.084601    0.06708     4.0250    241.500  1025.6340  51291.044    32.1382     81.695    6.98940     6.3088     6.3157    25.2539   12.54769 4.2037e-02     82.482 0.0000e+00
        968 203.084604    0.06715     4.0292    241.750  1025.6350  51291.311    32.1383     81.880    6.98941     6.3088     6.3156    25.2540   12.54770 4.2050e-02     82.669 0.0000e+00
        969 203.084606    0.06722     4.0333    242.000  1025.6358  51291.424    32.1383     82.064    6.98940     6.3089     6.3157    25.2540   12.54769 4.2059e-02     82.855 0.0000e+00
        970 203.084609    0.06729     4.0375    242.250  1025.6366  51291.402    32.1382     82.244    6.98939     6.3088     6.3157    25.2539   12.54768 4.2063e-02     83.037 0.0000e+00
        971 203.084612    0.06736     4.0417    242.500  1025.6373  51291.314    32.1380     82.420    6.98939     6.3087     6.3158    25.2538   12.54768 4.2060e-02     83.214 0.0000e+00
        972 203.084615    0.06743     4.0458    242.750  1025.6379  51291.211    32.1379     82.590    6.98940     6.3084     6.3157    25.2537   12.54770 4.2052e-02     83.386 0.0000e+00
        973 203.084618    0.06750     4.0500    243.000  1025.6386  51291.190    32.1378     82.754    6.98943     6.3080     6.3156    25.2536   12.54775 4.2051e-02     83.553 0.0000e+00
        974 203.084621    0.06757     4.0542    243.250  1025.6394  51291.390    32.1378     82.913    6.98948     6.3076     6.3153    25.2536   12.54782 4.2066e-02     83.713 0.0000e+00
        975 203.084624    0.06764     4.0583    243.500  1025.6403  51291.843    32.1380     83.067    6.98953     6.3072     6.3150    25.2538   12.54791 4.2085e-02     83.869 0.0000e+00
        976 203.084627    0.06771     4.0625    243.750  1025.6412  51292.401    32.1382     83.218    6.98959     6.3069     6.3146    25.2540   12.54800 4.2105e-02     84.021 0.0000e+00
        977 203.084630    0.06778     4.0667    244.000  1025.6421  51292.889    32.1384     83.367    6.98964     6.3066     6.3142    25.2542   12.54808 4.2128e-02     84.171 0.0000e+00
        978 203.084633    0.06785     4.0708    244.250  1025.6430  51293.342    32.1386     83.516    6.98968     6.3063     6.3139    25.2544   12.54815 4.2150e-02     84.322 0.0000e+00
        979 203.084635    0.06792     4.0750    244.500  1025.6439  51293.781    32.1387     83.667    6.98972     6.3061     6.3136    25.2546   12.54821 4.2176e-02     84.474 0.0000e+00
        980 203.084638    0.06799     4.0792    244.750  1025.6447  51294.039    32.1388     83.823    6.98975     6.3058     6.3133    25.2547   12.54827 4.2207e-02     84.631 0.0000e+00
        981 203.084641    0.06806     4.0833    245.000  1025.6455  51294.179    32.1388     83.987    6.98979     6.3056     6.3131    25.2547   12.54833 4.2242e-02     84.797 0.0000e+00
        982 203.084644    0.06813     4.0875    245.250  1025.6464  51294.433    32.1388     84.163    6.98983     6.3053     6.3129    25.2548   12.54839 4.2277e-02     84.975 0.0000e+00
        983 203.084647    0.06819     4.0917    245.500  1025.6473  51294.616    32.1388     84.354    6.98987     6.3050     6.3127    25.2548   12.54846 4.2302e-02     85.167 0.0000e+00
        984 203.084650    0.06826     4.0958    245.750  1025.6481  51294.584    32.1387     84.558    6.98992     6.3044     6.3124    25.2547   12.54854 4.2320e-02     85.374 0.0000e+00
        985 203.084653    0.06833     4.1000    246.000  1025.6491  51294.642    32.1385     84.775    6.98998     6.3037     6.3121    25.2546   12.54864 4.2338e-02     85.593 0.0000e+00
        986 203.084656    0.06840     4.1042    246.250  1025.6502  51295.012    32.1386     85.000    6.99007     6.3030     6.3115    25.2547   12.54879 4.2365e-02     85.820 0.0000e+00
        987 203.084659    0.06847     4.1083    246.500  1025.6516  51295.775    32.1389     85.229    6.99017     6.3024     6.3108    25.2550   12.54895 4.2404e-02     86.051 0.0000e+00
        988 203.084661    0.06854     4.1125    246.750  1025.6531  51296.754    32.1393     85.454    6.99026     6.3020     6.3101    25.2555   12.54910 4.2447e-02     86.279 0.0000e+00
        989 203.084664    0.06861     4.1167    247.000  1025.6544  51297.580    32.1397     85.671    6.99033     6.3017     6.3096    25.2558   12.54921 4.2488e-02     86.498 0.0000e+00
        990 203.084667    0.06868     4.1208    247.250  1025.6556  51298.148    32.1399     85.874    6.99038     6.3013     6.3092    25.2560   12.54930 4.2528e-02     86.703 0.0000e+00
        991 203.084670    0.06875     4.1250    247.500  1025.6566  51298.570    32.1400     86.060    6.99043     6.3010     6.3089    25.2562   12.54937 4.2567e-02     86.890 0.0000e+00
        992 203.084673    0.06882     4.1292    247.750  1025.6575  51298.919    32.1401     86.228    6.99048     6.3005     6.3086    25.2563   12.54944 4.2608e-02     87.060 0.0000e+00
        993 203.084676    0.06889     4.1333    248.000  1025.6583  51299.242    32.1402     86.378    6.99053     6.3000     6.3082    25.2565   12.54953 4.2650e-02     87.211 0.0000e+00
        994 203.084679    0.06896     4.1375    248.250  1025.6591  51299.653    32.1404     86.512    6.99059     6.2996     6.3077    25.2566   12.54964 4.2692e-02     87.347 0.0000e+00
        995 203.084682    0.06903     4.1417    248.500  1025.6599  51300.177    32.1406     86.633    6.99066     6.2992     6.3073    25.2569   12.54975 4.2731e-02     87.469 0.0000e+00
        996 203.084685    0.06910     4.1458    248.750  1025.6607  51300.699    32.1408     86.747    6.99072     6.2989     6.3068    25.2571   12.54984 4.2760e-02     87.584 0.0000e+00
        997 203.084688    0.06917     4.1500    249.000  1025.6614  51301.133    32.1410     86.862    6.99077     6.2986     6.3065    25.2573   12.54993 4.2775e-02     87.701 0.0000e+00
        998 203.084690    0.06924     4.1542    249.250  1025.6621  51301.479    32.1411     86.987    6.99082     6.2984     6.3062    25.2574   12.55000 4.2781e-02     87.826 0.0000e+00
        999 203.084693    0.06931     4.1583    249.500  1025.6629  51301.828    32.1412     87.128    6.99086     6.2983     6.3059    25.2575   12.55006 4.2800e-02     87.969 0.0000e+00
       1000 203.084696    0.06938     4.1625    249.750  1025.6639  51302.261    32.1413     87.293    6.99088     6.2984     6.3057    25.2577   12.55010 4.2839e-02     88.136 0.0000e+00
       1001 203.084699    0.06944     4.1667    250.000  1025.6649  51302.690    32.1415     87.482    6.99088     6.2986     6.3056    25.2578   12.55010 4.2882e-02     88.327 0.0000e+00
       1002 203.084702    0.06951     4.1708    250.250  1025.6659  51302.951    32.1416     87.695    6.99086     6.2988     6.3057    25.2579   12.55007 4.2926e-02     88.542 0.0000e+00
       1003 203.084705    0.06958     4.1750    250.500  1025.6669  51302.988    32.1416     87.926    6.99083     6.2990     6.3059    25.2579   12.55002 4.2973e-02     88.775 0.0000e+00
       1004 203.084708    0.06965     4.1792    250.750  1025.6679  51302.908    32.1415     88.167    6.99080     6.2991     6.3061    25.2577   12.54997 4.3020e-02     89.018 0.0000e+00
       1005 203.084711    0.06972     4.1833    251.000  1025.6689  51302.828    32.1413     88.408    6.99078     6.2992     6.3063    25.2576   12.54993 4.3062e-02     89.262 0.0000e+00
       1006 203.084714    0.06979     4.1875    251.250  1025.6699  51302.803    32.1412     88.641    6.99076     6.2993     6.3065    25.2575   12.54989 4.3094e-02     89.498 0.0000e+00
       1007 203.084716    0.06986     4.1917    251.500  1025.6709  51302.844    32.1412     88.858    6.99074     6.2993     6.3066    25.2575   12.54987 4.3112e-02     89.716 0.0000e+00
       1008 203.084719    0.06993     4.1958    251.750  1025.6718  51302.912    32.1412     89.052    6.99073     6.2993     6.3067    25.2574   12.54984 4.3114e-02     89.912 0.0000e+00
       1009 203.084722    0.07000     4.2000    252.000  1025.6725  51302.983    32.1411     89.221    6.99072     6.2993     6.3068    25.2574   12.54983 4.3106e-02     90.082 0.0000e+00
       1010 203.084725    0.07007     4.2042    252.250  1025.6732  51303.054    32.1411     89.364    6.99072     6.2993     6.3068    25.2574   12.54983 4.3096e-02     90.227 0.0000e+00
       1011 203.084728    0.07014     4.2083    252.500  1025.6738  51303.159    32.1411     89.485    6.99072     6.2993     6.3068    25.2574   12.54983 4.3091e-02     90.349 0.0000e+00
       1012 203.084731    0.07021     4.2125    252.750  1025.6743  51303.300    32.1412     89.592    6.99072     6.2993     6.3068    25.2575   12.54983 4.3090e-02     90.457 0.0000e+00
       1013 203.084734    0.07028     4.2167    253.000  1025.6748  51303.367    32.1412     89.695    6.99071     6.2993     6.3068    25.2575   12.54982 4.3093e-02     90.561 0.0000e+00
       1014 203.084737    0.07035     4.2208    253.250  1025.6752  51303.310    32.1411     89.802    6.99071     6.2993     6.3068    25.2574   12.54982 4.3092e-02     90.669 0.0000e+00
       1015 203.084740    0.07042     4.2250    253.500  1025.6757  51303.240    32.1410     89.922    6.99072     6.2992     6.3068    25.2573   12.54983 4.3078e-02     90.790 0.0000e+00
       1016 203.084742    0.07049     4.2292    253.750  1025.6763  51303.277    32.1409     90.060    6.99072     6.2992     6.3068    25.2573   12.54984 4.3051e-02     90.930 0.0000e+00
       1017 203.084745    0.07056     4.2333    254.000  1025.6771  51303.427    32.1410     90.217    6.99073     6.2992     6.3068    25.2573   12.54985 4.3020e-02     91.089 0.0000e+00
       1018 203.084748    0.07062     4.2375    254.250  1025.6779  51303.605    32.1410     90.391    6.99073     6.2992     6.3068    25.2573   12.54985 4.3009e-02     91.265 0.0000e+00
       1019 203.084751    0.07069     4.2417    254.500  1025.6788  51303.760    32.1410     90.576    6.99072     6.2993     6.3068    25.2573   12.54984 4.3027e-02     91.451 0.0000e+00
       1020 203.084754    0.07076     4.2458    254.750  1025.6796  51303.898    32.1411     90.762    6.99071     6.2995     6.3069    25.2573   12.54982 4.3044e-02     91.638 0.0000e+00
       1021 203.084757    0.07083     4.2500    255.000  1025.6805  51304.040    32.1411     90.943    6.99069     6.2997     6.3070    25.2574   12.54978 4.3041e-02     91.821 0.0000e+00
