CTD-processing/allCTD/CNV--homogene/2013_08-07_t9_s05_cast115.cnv
* Sea-Bird SBE19plus Data File:
* FileName = C:\Users\kris.holderied\Documents\kasitsna\Research-Projects-and-Data\Oceanography-AK\CTD-Data-ALL-to-2014-03\2013-CTD-KachBay-CookInlet\2013-08-07-CookInlet-CTD4141\2013-08-07-CookInlet-Tran9-cast115.hex
* Software Version 1.59
* Temperature SN =  4141
* Conductivity SN =  4141
* System UpLoad Time = May 27 2014 20:07:59
** Cook Inlet LTM Transect 9 (Homer Spit) Extra??
** Date: 2013-08-07
** Station: 9-05
** Start time: 15:57
** Depth (m): 97.2
** Comment:
** Comment:
# nquan = 17
# nvalues = 699                         
# units = specified
# name 0 = scan: Scan Count
# name 1 = timeJ: Julian Days
# name 2 = timeH: Time, Elapsed [hours]
# name 3 = timeM: Time, Elapsed [minutes]
# name 4 = timeS: Time, Elapsed [seconds]
# name 5 = density00: Density [density, kg/m^3]
# name 6 = specc: Specific Conductance [uS/cm]
# name 7 = sal00: Salinity, Practical [PSU]
# name 8 = depSM: Depth [salt water, m], lat = 59.00
# name 9 = oxsolML/L: Oxygen Saturation, Garcia & Gordon [ml/l]
# name 10 = potemp090C: Potential Temperature [ITS-90, deg C]
# name 11 = tv290C: Temperature [ITS-90, deg C]
# name 12 = sigma-é00: Density [sigma-theta, kg/m^3]
# name 13 = n2satML/L: Nitrogen Saturation [ml/l]
# name 14 = par: PAR/Irradiance, Biospherical/Licor
# name 15 = prdM: Pressure, Strain Gauge [db]
# name 16 = flag:  0.000e+00
# span 0 =          1,        699       
# span 1 = 219.665185, 219.667205       
# span 2 =    0.00000,    0.04847       
# span 3 =     0.0000,     2.9083       
# span 4 =      0.000,    174.500       
# span 5 =  1001.8018,  1025.2024       
# span 6 =   5277.413,  50414.243       
# span 7 =     2.8239,    31.7707       
# span 8 =     -0.111,     90.909       
# span 9 =    6.43502,    7.56467       
# span 10 =     7.6836,    11.4259      
# span 11 =     7.6920,    11.4260      
# span 12 =     1.8023,    24.7829      
# span 13 =   11.64283,   13.90241      
# span 14 = 3.6382e-02, 3.9426e+01      
# span 15 =     -0.112,     91.787      
# span 16 = 0.0000e+00, 0.0000e+00      
# interval = seconds: 0.25
# start_time = Aug 07 2013 15:57:52 [Instrument's time stamp, header]
# bad_flag = -9.990e-29
*END*
[from data line 511]
        512 219.666664    0.03549     2.1292    127.750  1024.7475  49895.968    31.5920     57.071    6.63077     8.7747     8.7790    24.4851   11.96148 3.6382e-02     57.617 0.0000e+00
        513 219.666667    0.03556     2.1333    128.000  1024.7491  49896.584    31.5924     57.368    6.63063     8.7754     8.7798    24.4853   11.96125 3.6382e-02     57.918 0.0000e+00
        514 219.666670    0.03562     2.1375    128.250  1024.7505  49896.774    31.5925     57.668    6.63051     8.7760     8.7806    24.4853   11.96104 3.6382e-02     58.220 0.0000e+00
        515 219.666672    0.03569     2.1417    128.500  1024.7517  49896.808    31.5925     57.967    6.63040     8.7766     8.7813    24.4852   11.96086 3.6382e-02     58.522 0.0000e+00
        516 219.666675    0.03576     2.1458    128.750  1024.7529  49896.742    31.5924     58.265    6.63031     8.7770     8.7820    24.4850   11.96071 3.6382e-02     58.823 0.0000e+00
        517 219.666678    0.03583     2.1500    129.000  1024.7541  49896.589    31.5923     58.562    6.63023     8.7774     8.7825    24.4848   11.96059 3.6382e-02     59.123 0.0000e+00
        518 219.666681    0.03590     2.1542    129.250  1024.7553  49896.574    31.5922     58.859    6.63016     8.7778     8.7830    24.4847   11.96048 3.6382e-02     59.422 0.0000e+00
        519 219.666684    0.03597     2.1583    129.500  1024.7566  49896.641    31.5922     59.155    6.63010     8.7781     8.7835    24.4846   11.96037 3.6382e-02     59.721 0.0000e+00
        520 219.666687    0.03604     2.1625    129.750  1024.7578  49896.520    31.5920     59.451    6.63005     8.7782     8.7839    24.4844   11.96028 3.6382e-02     60.021 0.0000e+00
        521 219.666690    0.03611     2.1667    130.000  1024.7589  49896.234    31.5917     59.749    6.63001     8.7781     8.7842    24.4842   11.96023 3.6382e-02     60.321 0.0000e+00
        522 219.666693    0.03618     2.1708    130.250  1024.7600  49895.926    31.5914     60.047    6.63001     8.7777     8.7843    24.4839   11.96023 3.6382e-02     60.623 0.0000e+00
        523 219.666696    0.03625     2.1750    130.500  1024.7611  49895.605    31.5910     60.346    6.63004     8.7769     8.7842    24.4836   11.96028 3.6382e-02     60.924 0.0000e+00
        524 219.666698    0.03632     2.1792    130.750  1024.7622  49895.246    31.5906     60.644    6.63011     8.7757     8.7839    24.4833   11.96040 3.6382e-02     61.225 0.0000e+00
        525 219.666701    0.03639     2.1833    131.000  1024.7633  49894.966    31.5901     60.943    6.63023     8.7740     8.7832    24.4831   11.96061 3.6382e-02     61.527 0.0000e+00
        526 219.666704    0.03646     2.1875    131.250  1024.7646  49894.814    31.5897     61.242    6.63042     8.7716     8.7820    24.4830   11.96093 3.6382e-02     61.829 0.0000e+00
        527 219.666707    0.03653     2.1917    131.500  1024.7658  49894.657    31.5892     61.540    6.63069     8.7685     8.7803    24.4828   11.96139 3.6382e-02     62.130 0.0000e+00
        528 219.666710    0.03660     2.1958    131.750  1024.7671  49894.533    31.5887     61.837    6.63107     8.7644     8.7780    24.4827   11.96202 3.6382e-02     62.430 0.0000e+00
        529 219.666713    0.03667     2.2000    132.000  1024.7686  49894.676    31.5882     62.134    6.63156     8.7593     8.7748    24.4828   11.96284 3.6382e-02     62.729 0.0000e+00
        530 219.666716    0.03674     2.2042    132.250  1024.7700  49894.762    31.5875     62.431    6.63219     8.7527     8.7708    24.4829   11.96388 3.6382e-02     63.030 0.0000e+00
        531 219.666719    0.03681     2.2083    132.500  1024.7709  49893.756    31.5859     62.730    6.63300     8.7436     8.7657    24.4824   11.96525 3.6382e-02     63.332 0.0000e+00
        532 219.666722    0.03687     2.2125    132.750  1024.7710  49891.086    31.5830     63.030    6.63411     8.7307     8.7591    24.4811   11.96711 3.6382e-02     63.635 0.0000e+00
        533 219.666725    0.03694     2.2167    133.000  1024.7700  49886.363    31.5782     63.331    6.63566     8.7123     8.7500    24.4787   11.96975 3.6382e-02     63.939 0.0000e+00
        534 219.666727    0.03701     2.2208    133.250  1024.7680  49879.512    31.5713     63.631    6.63788     8.6871     8.7371    24.4753   11.97350 3.6382e-02     64.242 0.0000e+00
        535 219.666730    0.03708     2.2250    133.500  1024.7654  49871.349    31.5627     63.931    6.64097     8.6539     8.7188    24.4713   11.97872 3.6382e-02     64.545 0.0000e+00
        536 219.666733    0.03715     2.2292    133.750  1024.7629  49862.781    31.5529     64.230    6.64515     8.6126     8.6937    24.4673   11.98575 3.6382e-02     64.847 0.0000e+00
        537 219.666736    0.03722     2.2333    134.000  1024.7619  49856.639    31.5435     64.529    6.65050     8.5659     8.6604    24.4649   11.99472 3.6382e-02     65.148 0.0000e+00
        538 219.666739    0.03729     2.2375    134.250  1024.7666  49860.399    31.5398     64.827    6.65682     8.5186     8.6191    24.4682   12.00522 3.6382e-02     65.450 0.0000e+00
        539 219.666742    0.03736     2.2417    134.500  1024.7798  49879.213    31.5459     65.125    6.66353     8.4749     8.5724    24.4799   12.01626 3.6382e-02     65.750 0.0000e+00
        540 219.666745    0.03743     2.2458    134.750  1024.7980  49907.284    31.5583     65.422    6.67006     8.4359     8.5252    24.4967   12.02690 3.6382e-02     66.050 0.0000e+00
        541 219.666748    0.03750     2.2500    135.000  1024.8159  49935.222    31.5712     65.718    6.67605     8.4007     8.4815    24.5132   12.03665 3.6382e-02     66.349 0.0000e+00
        542 219.666751    0.03757     2.2542    135.250  1024.8313  49958.801    31.5817     66.012    6.68145     8.3680     8.4425    24.5272   12.04546 3.6382e-02     66.646 0.0000e+00
        543 219.666753    0.03764     2.2583    135.500  1024.8436  49976.953    31.5890     66.305    6.68641     8.3367     8.4073    24.5381   12.05358 3.6382e-02     66.941 0.0000e+00
        544 219.666756    0.03771     2.2625    135.750  1024.8542  49992.328    31.5947     66.595    6.69109     8.3074     8.3745    24.5473   12.06126 3.6382e-02     67.234 0.0000e+00
        545 219.666759    0.03778     2.2667    136.000  1024.8656  50009.399    31.6017     66.882    6.69549     8.2806     8.3433    24.5574   12.06846 3.6382e-02     67.524 0.0000e+00
        546 219.666762    0.03785     2.2708    136.250  1024.8775  50027.240    31.6096     67.168    6.69957     8.2560     8.3140    24.5679   12.07511 3.6382e-02     67.813 0.0000e+00
        547 219.666765    0.03792     2.2750    136.500  1024.8883  50043.455    31.6167     67.453    6.70331     8.2333     8.2872    24.5774   12.08120 3.6382e-02     68.101 0.0000e+00
        548 219.666768    0.03799     2.2792    136.750  1024.8983  50058.279    31.6232     67.737    6.70673     8.2127     8.2626    24.5860   12.08679 3.6382e-02     68.388 0.0000e+00
        549 219.666771    0.03806     2.2833    137.000  1024.9079  50072.570    31.6295     68.021    6.70988     8.1947     8.2400    24.5943   12.09192 3.6382e-02     68.674 0.0000e+00
        550 219.666774    0.03812     2.2875    137.250  1024.9179  50087.671    31.6368     68.302    6.71268     8.1801     8.2193    24.6030   12.09647 3.6382e-02     68.958 0.0000e+00
        551 219.666777    0.03819     2.2917    137.500  1024.9282  50103.504    31.6449     68.581    6.71505     8.1692     8.2014    24.6120   12.10029 3.6382e-02     69.240 0.0000e+00
        552 219.666780    0.03826     2.2958    137.750  1024.9377  50117.841    31.6526     68.861    6.71691     8.1611     8.1869    24.6201   12.10328 3.6382e-02     69.522 0.0000e+00
        553 219.666782    0.03833     2.3000    138.000  1024.9449  50128.429    31.6582     69.143    6.71833     8.1547     8.1759    24.6260   12.10554 3.6382e-02     69.807 0.0000e+00
        554 219.666785    0.03840     2.3042    138.250  1024.9500  50135.138    31.6615     69.429    6.71941     8.1493     8.1678    24.6298   12.10729 3.6382e-02     70.096 0.0000e+00
        555 219.666788    0.03847     2.3083    138.500  1024.9540  50139.871    31.6637     69.719    6.72028     8.1449     8.1614    24.6324   12.10871 3.6382e-02     70.389 0.0000e+00
        556 219.666791    0.03854     2.3125    138.750  1024.9577  50144.064    31.6656     70.015    6.72101     8.1414     8.1561    24.6348   12.10988 3.6382e-02     70.688 0.0000e+00
        557 219.666794    0.03861     2.3167    139.000  1024.9611  50147.789    31.6674     70.315    6.72159     8.1386     8.1518    24.6368   12.11083 3.6382e-02     70.991 0.0000e+00
        558 219.666797    0.03868     2.3208    139.250  1024.9641  50150.655    31.6687     70.618    6.72205     8.1360     8.1483    24.6384   12.11158 3.6382e-02     71.297 0.0000e+00
        559 219.666800    0.03875     2.3250    139.500  1024.9663  50152.124    31.6692     70.923    6.72245     8.1329     8.1456    24.6391   12.11223 3.6382e-02     71.605 0.0000e+00
        560 219.666803    0.03882     2.3292    139.750  1024.9675  50151.933    31.6685     71.229    6.72287     8.1284     8.1430    24.6390   12.11294 3.6382e-02     71.914 0.0000e+00
        561 219.666806    0.03889     2.3333    140.000  1024.9678  50149.977    31.6665     71.535    6.72343     8.1220     8.1399    24.6378   12.11388 3.6382e-02     72.223 0.0000e+00
        562 219.666808    0.03896     2.3375    140.250  1024.9676  50147.083    31.6636     71.842    6.72424     8.1135     8.1354    24.6362   12.11525 3.6382e-02     72.533 0.0000e+00
        563 219.666811    0.03903     2.3417    140.500  1024.9681  50145.257    31.6612     72.149    6.72532     8.1033     8.1290    24.6353   12.11707 3.6382e-02     72.843 0.0000e+00
        564 219.666814    0.03910     2.3458    140.750  1024.9697  50145.449    31.6599     72.457    6.72667     8.0916     8.1205    24.6354   12.11931 3.6382e-02     73.154 0.0000e+00
        565 219.666817    0.03917     2.3500    141.000  1024.9720  50146.868    31.6591     72.765    6.72824     8.0780     8.1104    24.6363   12.12192 3.6382e-02     73.465 0.0000e+00
        566 219.666820    0.03924     2.3542    141.250  1024.9744  50148.376    31.6582     73.074    6.73006     8.0622     8.0987    24.6373   12.12495 3.6382e-02     73.777 0.0000e+00
        567 219.666823    0.03931     2.3583    141.500  1024.9768  50149.822    31.6569     73.383    6.73219     8.0434     8.0851    24.6382   12.12848 3.6382e-02     74.089 0.0000e+00
        568 219.666826    0.03938     2.3625    141.750  1024.9791  50150.987    31.6551     73.693    6.73468     8.0207     8.0693    24.6390   12.13263 3.6382e-02     74.402 0.0000e+00
        569 219.666829    0.03944     2.3667    142.000  1024.9807  50150.982    31.6520     74.003    6.73768     7.9932     8.0505    24.6393   12.13763 3.6382e-02     74.715 0.0000e+00
        570 219.666832    0.03951     2.3708    142.250  1024.9825  50150.934    31.6482     74.311    6.74132     7.9608     8.0278    24.6395   12.14370 3.6382e-02     75.026 0.0000e+00
        571 219.666834    0.03958     2.3750    142.500  1024.9849  50152.002    31.6444     74.617    6.74568     7.9242     8.0004    24.6405   12.15096 3.6382e-02     75.335 0.0000e+00
        572 219.666837    0.03965     2.3792    142.750  1024.9901  50158.144    31.6433     74.920    6.75069     7.8871     7.9680    24.6443   12.15926 3.6382e-02     75.641 0.0000e+00
        573 219.666840    0.03972     2.3833    143.000  1025.0023  50176.876    31.6504     75.220    6.75598     7.8532     7.9314    24.6550   12.16791 3.6382e-02     75.944 0.0000e+00
        574 219.666843    0.03979     2.3875    143.250  1025.0195  50204.830    31.6638     75.517    6.76107     7.8237     7.8943    24.6708   12.17617 3.6382e-02     76.244 0.0000e+00
        575 219.666846    0.03986     2.3917    143.500  1025.0365  50232.574    31.6776     75.810    6.76566     7.7987     7.8604    24.6864   12.18360 3.6382e-02     76.540 0.0000e+00
        576 219.666849    0.03993     2.3958    143.750  1025.0524  50258.429    31.6908     76.098    6.76961     7.7786     7.8309    24.7009   12.18997 3.6382e-02     76.830 0.0000e+00
        577 219.666852    0.04000     2.4000    144.000  1025.0675  50283.021    31.7038     76.381    6.77288     7.7635     7.8060    24.7146   12.19521 3.6382e-02     77.116 0.0000e+00
        578 219.666855    0.04007     2.4042    144.250  1025.0809  50304.803    31.7156     76.658    6.77544     7.7528     7.7859    24.7267   12.19930 3.6382e-02     77.396 0.0000e+00
        579 219.666858    0.04014     2.4083    144.500  1025.0920  50322.502    31.7254     76.933    6.77733     7.7456     7.7708    24.7365   12.20230 3.6382e-02     77.673 0.0000e+00
        580 219.666861    0.04021     2.4125    144.750  1025.1006  50335.899    31.7329     77.204    6.77864     7.7408     7.7601    24.7439   12.20439 3.6382e-02     77.948 0.0000e+00
        581 219.666863    0.04028     2.4167    145.000  1025.1072  50345.515    31.7383     77.476    6.77952     7.7377     7.7529    24.7492   12.20577 3.6382e-02     78.222 0.0000e+00
        582 219.666866    0.04035     2.4208    145.250  1025.1121  50352.183    31.7421     77.749    6.78009     7.7356     7.7481    24.7528   12.20666 3.6382e-02     78.497 0.0000e+00
        583 219.666869    0.04042     2.4250    145.500  1025.1157  50356.598    31.7445     78.024    6.78045     7.7341     7.7450    24.7552   12.20724 3.6382e-02     78.776 0.0000e+00
        584 219.666872    0.04049     2.4292    145.750  1025.1185  50359.548    31.7461     78.303    6.78070     7.7329     7.7430    24.7567   12.20762 3.6382e-02     79.058 0.0000e+00
        585 219.666875    0.04056     2.4333    146.000  1025.1210  50361.722    31.7473     78.586    6.78087     7.7318     7.7416    24.7578   12.20790 3.6382e-02     79.343 0.0000e+00
        586 219.666878    0.04063     2.4375    146.250  1025.1231  50363.419    31.7481     78.871    6.78101     7.7308     7.7404    24.7586   12.20812 3.6382e-02     79.630 0.0000e+00
        587 219.666881    0.04069     2.4417    146.500  1025.1251  50364.854    31.7488     79.157    6.78114     7.7299     7.7394    24.7593   12.20832 3.6382e-02     79.919 0.0000e+00
        588 219.666884    0.04076     2.4458    146.750  1025.1271  50366.255    31.7495     79.443    6.78127     7.7290     7.7384    24.7600   12.20852 3.6382e-02     80.208 0.0000e+00
        589 219.666887    0.04083     2.4500    147.000  1025.1291  50367.640    31.7502     79.727    6.78138     7.7283     7.7374    24.7607   12.20870 3.6382e-02     80.495 0.0000e+00
        590 219.666889    0.04090     2.4542    147.250  1025.1311  50368.962    31.7509     80.009    6.78148     7.7277     7.7366    24.7614   12.20885 3.6382e-02     80.780 0.0000e+00
        591 219.666892    0.04097     2.4583    147.500  1025.1330  50370.177    31.7515     80.290    6.78156     7.7271     7.7359    24.7620   12.20898 3.6382e-02     81.064 0.0000e+00
        592 219.666895    0.04104     2.4625    147.750  1025.1347  50371.147    31.7519     80.571    6.78163     7.7266     7.7353    24.7624   12.20910 3.6382e-02     81.347 0.0000e+00
        593 219.666898    0.04111     2.4667    148.000  1025.1363  50371.932    31.7522     80.851    6.78170     7.7260     7.7348    24.7627   12.20920 3.6382e-02     81.630 0.0000e+00
        594 219.666901    0.04118     2.4708    148.250  1025.1380  50372.743    31.7526     81.132    6.78177     7.7256     7.7342    24.7631   12.20930 3.6382e-02     81.914 0.0000e+00
        595 219.666904    0.04125     2.4750    148.500  1025.1397  50373.596    31.7530     81.412    6.78183     7.7252     7.7337    24.7634   12.20940 3.6382e-02     82.197 0.0000e+00
