CTD-processing/allCTD/CNV--homogene/2013_06-06_t4_s01_cast093.cnv
* Sea-Bird SBE19plus Data File:
* FileName = C:\Documents and Settings\kbayadmin\My Documents\CTD data\2013-06-06 Kachemak Bay all bay inner bay Nuka\2013-06-06 Kachemak Bay All Bay Inner Bay cast093.hex
* Software Version 1.59
* Temperature SN =  4141
* Conductivity SN =  4141
* System UpLoad Time = Jun 18 2013 16:22:42
** Kachemak Bay All Bay Inner Bay
** 2013-06-06
** Station: 4-01
** N': 59 29.454
** W': 151 38.9706
** Start Time: 1115
** Depth(ft): 52
# nquan = 17
# nvalues = 384                         
# units = specified
# name 0 = scan: Scan Count
# name 1 = timeJ: Julian Days
# name 2 = timeH: Time, Elapsed [hours]
# name 3 = timeM: Time, Elapsed [minutes]
# name 4 = timeS: Time, Elapsed [seconds]
# name 5 = density00: Density [density, kg/m^3]
# name 6 = specc: Specific Conductance [uS/cm]
# name 7 = sal00: Salinity, Practical [PSU]
# name 8 = depSM: Depth [salt water, m], lat = 59.00
# name 9 = oxsolML/L: Oxygen Saturation, Garcia & Gordon [ml/l]
# name 10 = potemp090C: Potential Temperature [ITS-90, deg C]
# name 11 = tv290C: Temperature [ITS-90, deg C]
# name 12 = sigma-é00: Density [sigma-theta, kg/m^3]
# name 13 = n2satML/L: Nitrogen Saturation [ml/l]
# name 14 = par: PAR/Irradiance, Biospherical/Licor
# name 15 = prdM: Pressure, Strain Gauge [db]
# name 16 = flag:  0.000e+00
# span 0 =          1,        384       
# span 1 = 157.469375, 157.470483       
# span 2 =    0.00000,    0.02660       
# span 3 =     0.0000,     1.5958       
# span 4 =      0.000,     95.750       
# span 5 =  1000.5264,  1024.9763       
# span 6 =   1710.611,  50612.408       
# span 7 =     0.8477,    31.6738       
# span 8 =     -0.087,     15.689       
# span 9 =    6.97875,    8.25650       
# span 10 =     6.1814,     7.9309      
# span 11 =     6.1827,     7.9309      
# span 12 =     0.5268,    24.9032      
# span 13 =   12.53957,   15.09859      
# span 14 = 1.0906e+00, 6.3064e+01      
# span 15 =     -0.088,     15.838      
# span 16 = 0.0000e+00, 0.0000e+00      
# interval = seconds: 0.25
# start_time = Jun 06 2013 11:15:54 [Instrument's time stamp, header]
# bad_flag = -9.990e-29
*END*
[from data line 86]
         87 157.469624    0.00597     0.3583     21.500  1024.6336  50087.056    31.3739      0.968    6.99676     6.4892     6.4872    24.6290   12.56948 4.6528e+01      0.977 0.0000e+00
         88 157.469627    0.00604     0.3625     21.750  1024.6348  50089.330    31.3756      0.972    6.99652     6.4903     6.4882    24.6303   12.56907 3.9699e+01      0.981 0.0000e+00
         89 157.469630    0.00611     0.3667     22.000  1024.6362  50091.839    31.3776      0.973    6.99625     6.4913     6.4893    24.6317   12.56860 3.6701e+01      0.982 0.0000e+00
         90 157.469633    0.00618     0.3708     22.250  1024.6369  50092.977    31.3786      0.970    6.99603     6.4920     6.4904    24.6323   12.56821 3.4497e+01      0.979 0.0000e+00
         91 157.469635    0.00625     0.3750     22.500  1024.6358  50091.096    31.3775      0.966    6.99592     6.4927     6.4914    24.6313   12.56805 2.9606e+01      0.975 0.0000e+00
         92 157.469638    0.00632     0.3792     22.750  1024.6335  50086.763    31.3746      0.962    6.99593     6.4935     6.4921    24.6290   12.56810 2.7631e+01      0.971 0.0000e+00
         93 157.469641    0.00639     0.3833     23.000  1024.6314  50082.931    31.3721      0.960    6.99594     6.4946     6.4928    24.6269   12.56815 3.1408e+01      0.969 0.0000e+00
         94 157.469644    0.00646     0.3875     23.250  1024.6308  50081.858    31.3715      0.961    6.99584     6.4962     6.4936    24.6263   12.56799 3.6565e+01      0.970 0.0000e+00
         95 157.469647    0.00653     0.3917     23.500  1024.6319  50083.862    31.3731      0.962    6.99558     6.4980     6.4947    24.6274   12.56755 4.2307e+01      0.971 0.0000e+00
         96 157.469650    0.00660     0.3958     23.750  1024.6341  50087.743    31.3760      0.963    6.99519     6.4999     6.4962    24.6296   12.56686 4.6006e+01      0.972 0.0000e+00
         97 157.469653    0.00667     0.4000     24.000  1024.6362  50091.551    31.3790      0.962    6.99475     6.5013     6.4981    24.6317   12.56609 4.2220e+01      0.971 0.0000e+00
         98 157.469656    0.00674     0.4042     24.250  1024.6374  50093.799    31.3809      0.962    6.99436     6.5024     6.5000    24.6330   12.56542 3.6536e+01      0.971 0.0000e+00
         99 157.469659    0.00681     0.4083     24.500  1024.6386  50095.901    31.3826      0.963    6.99404     6.5036     6.5014    24.6341   12.56487 3.4146e+01      0.972 0.0000e+00
        100 157.469661    0.00688     0.4125     24.750  1024.6428  50103.429    31.3881      0.965    6.99361     6.5053     6.5025    24.6383   12.56410 3.1132e+01      0.974 0.0000e+00
        101 157.469664    0.00694     0.4167     25.000  1024.6520  50120.199    31.3999      0.967    6.99287     6.5080     6.5037    24.6475   12.56273 2.5153e+01      0.976 0.0000e+00
        102 157.469667    0.00701     0.4208     25.250  1024.6625  50139.419    31.4136      0.966    6.99196     6.5118     6.5054    24.6580   12.56105 2.0291e+01      0.975 0.0000e+00
        103 157.469670    0.00708     0.4250     25.500  1024.6668  50147.257    31.4195      0.961    6.99125     6.5158     6.5081    24.6624   12.55980 1.9742e+01      0.970 0.0000e+00
        104 157.469673    0.00715     0.4292     25.750  1024.6615  50137.410    31.4133      0.956    6.99093     6.5187     6.5119    24.6571   12.55934 2.3909e+01      0.965 0.0000e+00
        105 157.469676    0.00722     0.4333     26.000  1024.6508  50117.633    31.4004      0.955    6.99087     6.5202     6.5159    24.6463   12.55942 2.9162e+01      0.964 0.0000e+00
        106 157.469679    0.00729     0.4375     26.250  1024.6428  50102.986    31.3908      0.959    6.99083     6.5209     6.5188    24.6384   12.55948 2.9807e+01      0.968 0.0000e+00
        107 157.469682    0.00736     0.4417     26.500  1024.6433  50103.768    31.3916      0.966    6.99056     6.5219     6.5203    24.6388   12.55901 2.7451e+01      0.975 0.0000e+00
        108 157.469685    0.00743     0.4458     26.750  1024.6522  50119.997    31.4029      0.970    6.98991     6.5238     6.5210    24.6477   12.55780 2.6477e+01      0.979 0.0000e+00
        109 157.469687    0.00750     0.4500     27.000  1024.6642  50141.972    31.4183      0.970    6.98905     6.5271     6.5220    24.6597   12.55617 2.7529e+01      0.979 0.0000e+00
        110 157.469690    0.00757     0.4542     27.250  1024.6722  50156.465    31.4287      0.966    6.98826     6.5313     6.5239    24.6677   12.55473 3.0091e+01      0.975 0.0000e+00
        111 157.469693    0.00764     0.4583     27.500  1024.6720  50155.927    31.4290      0.961    6.98771     6.5350     6.5272    24.6675   12.55382 3.1877e+01      0.970 0.0000e+00
        112 157.469696    0.00771     0.4625     27.750  1024.6644  50141.972    31.4201      0.959    6.98744     6.5375     6.5314    24.6599   12.55349 3.0338e+01      0.968 0.0000e+00
        113 157.469699    0.00778     0.4667     28.000  1024.6549  50124.510    31.4086      0.963    6.98736     6.5389     6.5351    24.6505   12.55349 2.9010e+01      0.972 0.0000e+00
        114 157.469702    0.00785     0.4708     28.250  1024.6499  50115.139    31.4026      0.970    6.98723     6.5401     6.5376    24.6454   12.55336 2.8075e+01      0.979 0.0000e+00
        115 157.469705    0.00792     0.4750     28.500  1024.6525  50119.753    31.4060      0.977    6.98685     6.5423     6.5390    24.6479   12.55270 2.5836e+01      0.987 0.0000e+00
        116 157.469708    0.00799     0.4792     28.750  1024.6612  50135.748    31.4173      0.980    6.98613     6.5466     6.5402    24.6567   12.55137 2.4383e+01      0.990 0.0000e+00
        117 157.469711    0.00806     0.4833     29.000  1024.6710  50153.523    31.4301      0.976    6.98518     6.5536     6.5424    24.6664   12.54963 2.4052e+01      0.985 0.0000e+00
        118 157.469714    0.00813     0.4875     29.250  1024.6760  50162.731    31.4373      0.966    6.98415     6.5626     6.5467    24.6715   12.54784 2.5316e+01      0.974 0.0000e+00
        119 157.469716    0.00819     0.4917     29.500  1024.6729  50156.775    31.4345      0.953    6.98315     6.5715     6.5537    24.6684   12.54623 2.4862e+01      0.962 0.0000e+00
        120 157.469719    0.00826     0.4958     29.750  1024.6608  50134.546    31.4207      0.947    6.98232     6.5776     6.5627    24.6564   12.54502 2.0465e+01      0.955 0.0000e+00
        121 157.469722    0.00833     0.5000     30.000  1024.6442  50103.721    31.4009      0.951    6.98178     6.5797     6.5716    24.6397   12.54439 1.7266e+01      0.960 0.0000e+00
        122 157.469725    0.00840     0.5042     30.250  1024.6306  50078.559    31.3846      0.964    6.98155     6.5787     6.5776    24.6261   12.54421 1.7527e+01      0.973 0.0000e+00
        123 157.469728    0.00847     0.5083     30.500  1024.6267  50071.210    31.3798      0.980    6.98143     6.5770     6.5797    24.6221   12.54407 1.9912e+01      0.989 0.0000e+00
        124 157.469731    0.00854     0.5125     30.750  1024.6338  50084.298    31.3887      0.988    6.98117     6.5771     6.5787    24.6292   12.54354 2.2237e+01      0.997 0.0000e+00
        125 157.469734    0.00861     0.5167     31.000  1024.6465  50107.529    31.4045      0.982    6.98072     6.5809     6.5771    24.6419   12.54259 2.1919e+01      0.992 0.0000e+00
        126 157.469737    0.00868     0.5208     31.250  1024.6557  50124.443    31.4163      0.966    6.98015     6.5879     6.5772    24.6512   12.54150 2.0496e+01      0.975 0.0000e+00
        127 157.469740    0.00875     0.5250     31.500  1024.6553  50123.772    31.4166      0.946    6.97953     6.5949     6.5810    24.6509   12.54046 2.0579e+01      0.955 0.0000e+00
        128 157.469742    0.00882     0.5292     31.750  1024.6445  50103.914    31.4041      0.932    6.97897     6.5985     6.5880    24.6401   12.53969 2.0456e+01      0.941 0.0000e+00
        129 157.469745    0.00889     0.5333     32.000  1024.6280  50073.596    31.3843      0.930    6.97875     6.5972     6.5950    24.6237   12.53957 1.8098e+01      0.939 0.0000e+00
        130 157.469748    0.00896     0.5375     32.250  1024.6137  50047.207    31.3666      0.941    6.97898     6.5920     6.5985    24.6093   12.54018 1.6914e+01      0.950 0.0000e+00
        131 157.469751    0.00903     0.5417     32.500  1024.6075  50035.789    31.3585      0.958    6.97956     6.5849     6.5973    24.6031   12.54124 2.0232e+01      0.968 0.0000e+00
        132 157.469754    0.00910     0.5458     32.750  1024.6118  50043.677    31.3630      0.975    6.98020     6.5781     6.5921    24.6073   12.54224 2.5221e+01      0.984 0.0000e+00
        133 157.469757    0.00917     0.5500     33.000  1024.6247  50067.401    31.3781      0.984    6.98065     6.5728     6.5850    24.6201   12.54280 2.9499e+01      0.993 0.0000e+00
        134 157.469760    0.00924     0.5542     33.250  1024.6397  50095.094    31.3961      0.983    6.98093     6.5698     6.5782    24.6351   12.54304 3.3161e+01      0.993 0.0000e+00
        135 157.469763    0.00931     0.5583     33.500  1024.6500  50114.191    31.4084      0.977    6.98122     6.5684     6.5729    24.6455   12.54336 3.2932e+01      0.986 0.0000e+00
        136 157.469766    0.00937     0.5625     33.750  1024.6529  50119.655    31.4116      0.970    6.98156     6.5671     6.5699    24.6484   12.54388 3.0299e+01      0.979 0.0000e+00
        137 157.469769    0.00944     0.5667     34.000  1024.6501  50114.532    31.4078      0.967    6.98196     6.5651     6.5685    24.6456   12.54459 3.2194e+01      0.976 0.0000e+00
        138 157.469771    0.00951     0.5708     34.250  1024.6456  50106.254    31.4018      0.969    6.98245     6.5627     6.5672    24.6411   12.54547 3.4982e+01      0.979 0.0000e+00
        139 157.469774    0.00958     0.5750     34.500  1024.6429  50101.503    31.3982      0.975    6.98294     6.5602     6.5652    24.6384   12.54633 3.1454e+01      0.984 0.0000e+00
        140 157.469777    0.00965     0.5792     34.750  1024.6440  50103.549    31.3992      0.979    6.98330     6.5581     6.5627    24.6395   12.54691 2.6743e+01      0.989 0.0000e+00
        141 157.469780    0.00972     0.5833     35.000  1024.6483  50111.438    31.4042      0.981    6.98347     6.5566     6.5602    24.6438   12.54714 2.3994e+01      0.990 0.0000e+00
        142 157.469783    0.00979     0.5875     35.250  1024.6529  50119.951    31.4097      0.979    6.98355     6.5550     6.5582    24.6484   12.54719 1.9861e+01      0.988 0.0000e+00
        143 157.469786    0.00986     0.5917     35.500  1024.6545  50122.918    31.4115      0.976    6.98372     6.5526     6.5567    24.6500   12.54745 1.7128e+01      0.985 0.0000e+00
        144 157.469789    0.00993     0.5958     35.750  1024.6523  50118.946    31.4084      0.974    6.98412     6.5494     6.5551    24.6478   12.54815 1.6394e+01      0.983 0.0000e+00
        145 157.469792    0.01000     0.6000     36.000  1024.6491  50113.213    31.4040      0.975    6.98470     6.5456     6.5527    24.6446   12.54917 1.4902e+01      0.984 0.0000e+00
        146 157.469795    0.01007     0.6042     36.250  1024.6486  50112.365    31.4029      0.976    6.98529     6.5419     6.5495    24.6441   12.55015 1.3734e+01      0.985 0.0000e+00
        147 157.469797    0.01014     0.6083     36.500  1024.6516  50117.961    31.4061      0.975    6.98575     6.5387     6.5457    24.6471   12.55089 1.2752e+01      0.985 0.0000e+00
        148 157.469800    0.01021     0.6125     36.750  1024.6548  50123.954    31.4095      0.972    6.98618     6.5356     6.5420    24.6503   12.55155 1.1339e+01      0.981 0.0000e+00
        149 157.469803    0.01028     0.6167     37.000  1024.6534  50121.612    31.4073      0.969    6.98681     6.5320     6.5388    24.6489   12.55261 1.1368e+01      0.978 0.0000e+00
        150 157.469806    0.01035     0.6208     37.250  1024.6468  50109.547    31.3984      0.969    6.98774     6.5281     6.5357    24.6423   12.55426 1.4285e+01      0.978 0.0000e+00
        151 157.469809    0.01042     0.6250     37.500  1024.6395  50096.230    31.3885      0.975    6.98878     6.5246     6.5321    24.6349   12.55611 1.6900e+01      0.984 0.0000e+00
        152 157.469812    0.01049     0.6292     37.750  1024.6370  50091.817    31.3847      0.985    6.98959     6.5224     6.5282    24.6324   12.55750 1.5809e+01      0.994 0.0000e+00
        153 157.469815    0.01056     0.6333     38.000  1024.6424  50101.670    31.3909      0.992    6.98987     6.5217     6.5247    24.6377   12.55788 1.3271e+01      1.001 0.0000e+00
        154 157.469818    0.01063     0.6375     38.250  1024.6536  50122.402    31.4049      0.990    6.98959     6.5224     6.5225    24.6490   12.55724 1.0501e+01      1.000 0.0000e+00
        155 157.469821    0.01069     0.6417     38.500  1024.6643  50142.028    31.4184      0.980    6.98908     6.5243     6.5218    24.6597   12.55623 7.6448e+00      0.990 0.0000e+00
        156 157.469823    0.01076     0.6458     38.750  1024.6678  50148.476    31.4230      0.967    6.98875     6.5264     6.5225    24.6633   12.55562 6.1438e+00      0.976 0.0000e+00
        157 157.469826    0.01083     0.6500     39.000  1024.6618  50137.478    31.4157      0.958    6.98878     6.5276     6.5244    24.6573   12.55577 6.2498e+00      0.967 0.0000e+00
        158 157.469829    0.01090     0.6542     39.250  1024.6496  50115.081    31.4005      0.960    6.98914     6.5275     6.5264    24.6451   12.55655 8.0018e+00      0.969 0.0000e+00
        159 157.469832    0.01097     0.6583     39.500  1024.6380  50093.743    31.3860      0.971    6.98962     6.5264     6.5276    24.6335   12.55752 1.1338e+01      0.980 0.0000e+00
        160 157.469835    0.01104     0.6625     39.750  1024.6330  50084.435    31.3795      0.988    6.98993     6.5254     6.5275    24.6284   12.55813 1.6586e+01      0.997 0.0000e+00
        161 157.469838    0.01111     0.6667     40.000  1024.6370  50091.778    31.3844      1.001    6.98987     6.5250     6.5265    24.6324   12.55797 2.2339e+01      1.010 0.0000e+00
        162 157.469841    0.01118     0.6708     40.250  1024.6485  50112.755    31.3987      1.006    6.98938     6.5253     6.5255    24.6438   12.55697 2.7341e+01      1.016 0.0000e+00
        163 157.469844    0.01125     0.6750     40.500  1024.6620  50137.536    31.4158      1.002    6.98867     6.5270     6.5250    24.6574   12.55558 3.5272e+01      1.011 0.0000e+00
        164 157.469847    0.01132     0.6792     40.750  1024.6721  50156.099    31.4288      0.990    6.98801     6.5298     6.5254    24.6675   12.55433 4.4399e+01      1.000 0.0000e+00
        165 157.469850    0.01139     0.6833     41.000  1024.6758  50162.894    31.4338      0.977    6.98751     6.5324     6.5271    24.6713   12.55343 4.5709e+01      0.986 0.0000e+00
        166 157.469852    0.01146     0.6875     41.250  1024.6716  50155.204    31.4290      0.967    6.98727     6.5337     6.5298    24.6671   12.55311 4.0536e+01      0.976 0.0000e+00
        167 157.469855    0.01153     0.6917     41.500  1024.6608  50135.323    31.4157      0.965    6.98746     6.5334     6.5325    24.6563   12.55358 3.4683e+01      0.974 0.0000e+00
        168 157.469858    0.01160     0.6958     41.750  1024.6479  50111.632    31.3995      0.972    6.98799     6.5320     6.5338    24.6434   12.55467 2.7539e+01      0.981 0.0000e+00
        169 157.469861    0.01167     0.7000     42.000  1024.6384  50094.150    31.3873      0.985    6.98860     6.5304     6.5335    24.6338   12.55584 2.2461e+01      0.994 0.0000e+00
        170 157.469864    0.01174     0.7042     42.250  1024.6363  50090.341    31.3844      0.998    6.98896     6.5295     6.5321    24.6317   12.55647 2.2736e+01      1.007 0.0000e+00
