CTD-processing/allCTD/CNV--homogene/2013_06-06_alongbay_seldoviab_outer_cast095.cnv
* Sea-Bird SBE19plus Data File:
* FileName = C:\Documents and Settings\kbayadmin\My Documents\CTD data\2013-06-06 Kachemak Bay all bay inner bay Nuka\2013-06-06 Kachemak Bay All Bay Inner Bay cast095.hex
* Software Version 1.59
* Temperature SN =  4141
* Conductivity SN =  4141
* System UpLoad Time = Jun 18 2013 16:23:43
** Kachemak Bay All Bay Inner Bay
** 2013-06-06
** Station: Seldovia B
** N': 59 25.8006
** W': 151 43.6872
** Start Time: 1138
** Depth(ft): 66
# nquan = 17
# nvalues = 409                         
# units = specified
# name 0 = scan: Scan Count
# name 1 = timeJ: Julian Days
# name 2 = timeH: Time, Elapsed [hours]
# name 3 = timeM: Time, Elapsed [minutes]
# name 4 = timeS: Time, Elapsed [seconds]
# name 5 = density00: Density [density, kg/m^3]
# name 6 = specc: Specific Conductance [uS/cm]
# name 7 = sal00: Salinity, Practical [PSU]
# name 8 = depSM: Depth [salt water, m], lat = 59.00
# name 9 = oxsolML/L: Oxygen Saturation, Garcia & Gordon [ml/l]
# name 10 = potemp090C: Potential Temperature [ITS-90, deg C]
# name 11 = tv290C: Temperature [ITS-90, deg C]
# name 12 = sigma-é00: Density [sigma-theta, kg/m^3]
# name 13 = n2satML/L: Nitrogen Saturation [ml/l]
# name 14 = par: PAR/Irradiance, Biospherical/Licor
# name 15 = prdM: Pressure, Strain Gauge [db]
# name 16 = flag:  0.000e+00
# span 0 =          1,        409       
# span 1 = 157.485266, 157.486447       
# span 2 =    0.00000,    0.02833       
# span 3 =     0.0000,     1.7000       
# span 4 =      0.000,    102.000       
# span 5 =  1000.2035,  1024.9217       
# span 6 =    811.949,  50494.023       
# span 7 =     0.3900,    31.6046       
# span 8 =     -0.078,     17.569       
# span 9 =    6.96858,    8.42600       
# span 10 =     6.2526,     7.3811      
# span 11 =     6.2540,     7.3811      
# span 12 =     0.2039,    24.8399      
# span 13 =   12.53660,   15.39120      
# span 14 = 3.6382e-02, 4.8682e+01      
# span 15 =     -0.079,     17.736      
# span 16 = 0.0000e+00, 0.0000e+00      
# interval = seconds: 0.25
# start_time = Jun 06 2013 11:38:47 [Instrument's time stamp, header]
# bad_flag = -9.990e-29
*END*
[from data line 341]
        342 157.486253    0.02368     1.4208     85.250  1024.6238  50045.883    31.3393      4.051    7.00243     6.4576     6.4623    24.6049   12.57930 8.1860e+00      4.089 0.0000e+00
        343 157.486256    0.02375     1.4250     85.500  1024.6271  50050.183    31.3417      4.271    7.00273     6.4562     6.4598    24.6071   12.57975 8.5215e+00      4.311 0.0000e+00
        344 157.486259    0.02382     1.4292     85.750  1024.6297  50053.359    31.3435      4.488    7.00294     6.4552     6.4580    24.6087   12.58009 8.8353e+00      4.530 0.0000e+00
        345 157.486262    0.02389     1.4333     86.000  1024.6319  50055.814    31.3448      4.702    7.00310     6.4542     6.4566    24.6100   12.58032 9.1041e+00      4.746 0.0000e+00
        346 157.486264    0.02396     1.4375     86.250  1024.6339  50057.890    31.3460      4.911    7.00321     6.4531     6.4556    24.6110   12.58050 9.2937e+00      4.958 0.0000e+00
        347 157.486267    0.02403     1.4417     86.500  1024.6360  50060.007    31.3472      5.118    7.00331     6.4520     6.4546    24.6121   12.58065 9.4098e+00      5.166 0.0000e+00
        348 157.486270    0.02410     1.4458     86.750  1024.6382  50062.623    31.3487      5.324    7.00341     6.4507     6.4536    24.6134   12.58079 9.4878e+00      5.374 0.0000e+00
        349 157.486273    0.02417     1.4500     87.000  1024.6409  50066.064    31.3508      5.531    7.00350     6.4493     6.4525    24.6152   12.58091 9.4925e+00      5.583 0.0000e+00
        350 157.486276    0.02424     1.4542     87.250  1024.6442  50070.503    31.3535      5.741    7.00358     6.4477     6.4512    24.6175   12.58101 9.3480e+00      5.795 0.0000e+00
        351 157.486279    0.02431     1.4583     87.500  1024.6479  50075.612    31.3567      5.956    7.00366     6.4462     6.4498    24.6202   12.58111 9.0707e+00      6.012 0.0000e+00
        352 157.486282    0.02438     1.4625     87.750  1024.6515  50080.498    31.3597      6.173    7.00378     6.4448     6.4483    24.6227   12.58126 8.7334e+00      6.231 0.0000e+00
        353 157.486285    0.02444     1.4667     88.000  1024.6547  50084.685    31.3622      6.387    7.00392     6.4437     6.4467    24.6249   12.58145 8.3602e+00      6.447 0.0000e+00
        354 157.486288    0.02451     1.4708     88.250  1024.6574  50088.097    31.3642      6.597    7.00404     6.4429     6.4453    24.6267   12.58164 7.9515e+00      6.659 0.0000e+00
        355 157.486291    0.02458     1.4750     88.500  1024.6597  50090.734    31.3658      6.803    7.00415     6.4422     6.4443    24.6280   12.58179 7.5477e+00      6.867 0.0000e+00
        356 157.486293    0.02465     1.4792     88.750  1024.6618  50092.925    31.3671      7.006    7.00422     6.4418     6.4435    24.6291   12.58190 7.1833e+00      7.072 0.0000e+00
        357 157.486296    0.02472     1.4833     89.000  1024.6638  50095.061    31.3683      7.205    7.00426     6.4414     6.4429    24.6302   12.58195 6.8375e+00      7.274 0.0000e+00
        358 157.486299    0.02479     1.4875     89.250  1024.6659  50097.421    31.3698      7.405    7.00426     6.4412     6.4424    24.6314   12.58194 6.4946e+00      7.475 0.0000e+00
        359 157.486302    0.02486     1.4917     89.500  1024.6683  50100.180    31.3716      7.606    7.00424     6.4411     6.4421    24.6329   12.58187 6.1516e+00      7.678 0.0000e+00
        360 157.486305    0.02493     1.4958     89.750  1024.6711  50103.721    31.3739      7.808    7.00417     6.4410     6.4418    24.6347   12.58173 5.8028e+00      7.882 0.0000e+00
        361 157.486308    0.02500     1.5000     90.000  1024.6749  50109.068    31.3775      8.013    7.00402     6.4411     6.4417    24.6376   12.58144 5.4561e+00      8.089 0.0000e+00
        362 157.486311    0.02507     1.5042     90.250  1024.6804  50117.605    31.3833      8.220    7.00376     6.4412     6.4417    24.6422   12.58092 5.1161e+00      8.298 0.0000e+00
        363 157.486314    0.02514     1.5083     90.500  1024.6882  50130.200    31.3919      8.430    7.00335     6.4417     6.4418    24.6490   12.58014 4.7842e+00      8.510 0.0000e+00
        364 157.486317    0.02521     1.5125     90.750  1024.6976  50145.586    31.4025      8.642    7.00283     6.4428     6.4420    24.6573   12.57914 4.4529e+00      8.724 0.0000e+00
        365 157.486319    0.02528     1.5167     91.000  1024.7067  50160.609    31.4129      8.856    7.00226     6.4444     6.4425    24.6655   12.57807 4.1139e+00      8.940 0.0000e+00
        366 157.486322    0.02535     1.5208     91.250  1024.7143  50172.876    31.4215      9.072    7.00168     6.4463     6.4436    24.6721   12.57701 3.7736e+00      9.158 0.0000e+00
        367 157.486325    0.02542     1.5250     91.500  1024.7202  50181.793    31.4279      9.290    7.00112     6.4480     6.4453    24.6769   12.57600 3.4438e+00      9.378 0.0000e+00
        368 157.486328    0.02549     1.5292     91.750  1024.7243  50187.608    31.4322      9.509    7.00061     6.4491     6.4472    24.6800   12.57510 3.1296e+00      9.599 0.0000e+00
        369 157.486331    0.02556     1.5333     92.000  1024.7269  50190.439    31.4344      9.727    7.00023     6.4492     6.4489    24.6815   12.57445 2.8292e+00      9.819 0.0000e+00
        370 157.486334    0.02562     1.5375     92.250  1024.7282  50191.206    31.4350      9.944    7.00003     6.4488     6.4499    24.6819   12.57412 2.5455e+00     10.038 0.0000e+00
        371 157.486337    0.02569     1.5417     92.500  1024.7294  50191.541    31.4351     10.161    6.99999     6.4483     6.4501    24.6820   12.57405 2.2791e+00     10.257 0.0000e+00
        372 157.486340    0.02576     1.5458     92.750  1024.7306  50192.076    31.4353     10.376    7.00004     6.4477     6.4497    24.6822   12.57413 2.0274e+00     10.475 0.0000e+00
        373 157.486343    0.02583     1.5500     93.000  1024.7319  50192.832    31.4357     10.592    7.00011     6.4469     6.4492    24.6825   12.57424 1.7868e+00     10.693 0.0000e+00
        374 157.486345    0.02590     1.5542     93.250  1024.7334  50193.874    31.4362     10.809    7.00018     6.4458     6.4486    24.6830   12.57435 1.5575e+00     10.911 0.0000e+00
        375 157.486348    0.02597     1.5583     93.500  1024.7350  50195.194    31.4368     11.025    7.00027     6.4440     6.4479    24.6836   12.57450 1.3467e+00     11.130 0.0000e+00
        376 157.486351    0.02604     1.5625     93.750  1024.7368  50196.873    31.4377     11.240    7.00041     6.4413     6.4468    24.6845   12.57472 1.1544e+00     11.347 0.0000e+00
        377 157.486354    0.02611     1.5667     94.000  1024.7389  50199.067    31.4388     11.453    7.00065     6.4377     6.4450    24.6856   12.57510 9.7828e-01     11.561 0.0000e+00
        378 157.486357    0.02618     1.5708     94.250  1024.7413  50201.969    31.4402     11.662    7.00102     6.4329     6.4423    24.6870   12.57569 8.1706e-01     11.773 0.0000e+00
        379 157.486360    0.02625     1.5750     94.500  1024.7442  50205.736    31.4421     11.871    7.00153     6.4268     6.4387    24.6889   12.57651 6.6678e-01     11.984 0.0000e+00
        380 157.486363    0.02632     1.5792     94.750  1024.7476  50210.499    31.4444     12.081    7.00219     6.4190     6.4339    24.6913   12.57758 5.2464e-01     12.196 0.0000e+00
        381 157.486366    0.02639     1.5833     95.000  1024.7517  50216.516    31.4473     12.294    7.00305     6.4090     6.4278    24.6944   12.57896 3.9015e-01     12.411 0.0000e+00
        382 157.486369    0.02646     1.5875     95.250  1024.7567  50224.342    31.4512     12.511    7.00416     6.3968     6.4200    24.6984   12.58073 2.7180e-01     12.630 0.0000e+00
        383 157.486372    0.02653     1.5917     95.500  1024.7630  50234.515    31.4563     12.730    7.00554     6.3819     6.4101    24.7037   12.58296 1.8220e-01     12.850 0.0000e+00
        384 157.486374    0.02660     1.5958     95.750  1024.7709  50247.830    31.4631     12.948    7.00723     6.3649     6.3979    24.7106   12.58566 1.2394e-01     13.070 0.0000e+00
        385 157.486377    0.02667     1.6000     96.000  1024.7814  50265.966    31.4728     13.163    7.00921     6.3475     6.3830    24.7201   12.58881 8.8916e-02     13.288 0.0000e+00
        386 157.486380    0.02674     1.6042     96.250  1024.7945  50288.914    31.4854     13.378    7.01140     6.3312     6.3661    24.7321   12.59227 6.7902e-02     13.505 0.0000e+00
        387 157.486383    0.02681     1.6083     96.500  1024.8083  50313.226    31.4989     13.592    7.01363     6.3168     6.3486    24.7449   12.59578 5.5294e-02     13.721 0.0000e+00
        388 157.486386    0.02688     1.6125     96.750  1024.8219  50337.138    31.5124     13.806    7.01567     6.3041     6.3324    24.7575   12.59898 4.7729e-02     13.937 0.0000e+00
        389 157.486389    0.02694     1.6167     97.000  1024.8353  50360.638    31.5258     14.020    7.01740     6.2927     6.3180    24.7699   12.60168 4.3190e-02     14.153 0.0000e+00
        390 157.486392    0.02701     1.6208     97.250  1024.8490  50384.621    31.5399     14.233    7.01883     6.2827     6.3053    24.7826   12.60386 4.0467e-02     14.368 0.0000e+00
        391 157.486395    0.02708     1.6250     97.500  1024.8638  50410.586    31.5557     14.444    7.01996     6.2743     6.2939    24.7964   12.60553 3.8833e-02     14.581 0.0000e+00
        392 157.486398    0.02715     1.6292     97.750  1024.8775  50434.504    31.5703     14.652    7.02092     6.2678     6.2839    24.8091   12.60693 3.7853e-02     14.791 0.0000e+00
        393 157.486400    0.02722     1.6333     98.000  1024.8882  50452.866    31.5813     14.856    7.02179     6.2629     6.2756    24.8189   12.60822 3.7264e-02     14.997 0.0000e+00
        394 157.486403    0.02729     1.6375     98.250  1024.8963  50466.552    31.5895     15.059    7.02249     6.2593     6.2690    24.8261   12.60927 3.6911e-02     15.201 0.0000e+00
        395 157.486406    0.02736     1.6417     98.500  1024.9024  50476.368    31.5952     15.262    7.02302     6.2567     6.2641    24.8313   12.61008 3.6700e-02     15.406 0.0000e+00
        396 157.486409    0.02743     1.6458     98.750  1024.9069  50483.146    31.5992     15.467    7.02342     6.2548     6.2606    24.8349   12.61069 3.6573e-02     15.613 0.0000e+00
        397 157.486412    0.02750     1.6500     99.000  1024.9103  50487.757    31.6018     15.673    7.02372     6.2535     6.2579    24.8372   12.61117 3.6496e-02     15.822 0.0000e+00
        398 157.486415    0.02757     1.6542     99.250  1024.9128  50490.753    31.6034     15.881    7.02396     6.2528     6.2561    24.8387   12.61153 3.6450e-02     16.032 0.0000e+00
        399 157.486418    0.02764     1.6583     99.500  1024.9144  50492.219    31.6041     16.090    7.02413     6.2526     6.2549    24.8394   12.61181 3.6423e-02     16.243 0.0000e+00
        400 157.486421    0.02771     1.6625     99.750  1024.9154  50492.358    31.6040     16.299    7.02424     6.2529     6.2542    24.8394   12.61200 3.6407e-02     16.453 0.0000e+00
        401 157.486424    0.02778     1.6667    100.000  1024.9159  50491.663    31.6033     16.505    7.02429     6.2533     6.2540    24.8390   12.61210 3.6397e-02     16.661 0.0000e+00
        402 157.486427    0.02785     1.6708    100.250  1024.9162  50490.602    31.6026     16.705    7.02429     6.2538     6.2543    24.8383   12.61210 3.6391e-02     16.863 0.0000e+00
        403 157.486429    0.02792     1.6750    100.500  1024.9165  50489.630    31.6019     16.894    7.02424     6.2541     6.2547    24.8377   12.61203 3.6387e-02     17.054 0.0000e+00
        404 157.486432    0.02799     1.6792    100.750  1024.9169  50489.093    31.6015     17.066    7.02418     6.2542     6.2552    24.8374   12.61193 3.6385e-02     17.228 0.0000e+00
        405 157.486435    0.02806     1.6833    101.000  1024.9176  50489.224    31.6016     17.220    7.02413     6.2539     6.2555    24.8374   12.61184 3.6384e-02     17.383 0.0000e+00
        406 157.486438    0.02813     1.6875    101.250  1024.9188  50490.205    31.6022     17.355    7.02409     6.2535     6.2556    24.8379   12.61177 3.6383e-02     17.520 0.0000e+00
        407 157.486441    0.02819     1.6917    101.500  1024.9201  50491.799    31.6032     17.467    7.02408     6.2533     6.2553    24.8387   12.61175 3.6383e-02     17.633 0.0000e+00
        408 157.486444    0.02826     1.6958    101.750  1024.9212  50493.350    31.6042     17.543    7.02410 -9.990e-29     6.2549    24.8395   12.61177 3.6382e-02     17.709 0.0000e+00
        409 157.486447    0.02833     1.7000    102.000  1024.9217  50494.023    31.6046     17.569    7.02412 -9.990e-29     6.2547    24.8399   12.61179 3.6382e-02     17.736 0.0000e+00
