CTD-processing/allCTD/CNV--homogene/2013_04-19_t6_s08_cast074.cnv
* Sea-Bird SBE19plus Data File:
* FileName = C:\Documents and Settings\kris.holderied.local\My Documents\2012-2013-CTD-DATA-new-files\2013-04-EVOSTC-CookInlet-Ocean\2013-04-19-CookInlet-Tran6-Douglas\2013-04-19-CookInlet-Tran6-cast074.hex
* Software Version 1.54
* Temperature SN =  5028
* Conductivity SN =  5028
* System UpLoad Time = Apr 19 2013 22:42:42
** Cook Inlet LTM Transect 6 (Douglas line) West to East
** Date:  2013-04-19
** Station:  6-8
** Start time (AKDT-24 hr):  18:29
** Depth (m): 135
** Comment:  CTD time set wrong
** Comment:
# nquan = 17
# nvalues = 846                         
# units = specified
# name 0 = scan: Scan Count
# name 1 = timeJ: Julian Days
# name 2 = timeH: Time, Elapsed [hours]
# name 3 = timeM: Time, Elapsed [minutes]
# name 4 = timeS: Time, Elapsed [seconds]
# name 5 = density00: Density [density, kg/m^3]
# name 6 = specc: Specific Conductance [uS/cm]
# name 7 = sal00: Salinity, Practical [PSU]
# name 8 = depSM: Depth [salt water, m], lat = 59.00
# name 9 = oxsolML/L: Oxygen Saturation, Garcia & Gordon [ml/l]
# name 10 = potemp090C: Potential Temperature [ITS-90, deg C]
# name 11 = tv290C: Temperature [ITS-90, deg C]
# name 12 = sigma-é00: Density [sigma-theta, kg/m^3]
# name 13 = n2satML/L: Nitrogen Saturation [ml/l]
# name 14 = par: PAR/Irradiance, Biospherical/Licor
# name 15 = prdM: Pressure, Strain Gauge [db]
# name 16 = flag:  0.000e+00
# span 0 =          1,        846       
# span 1 = 109.770752, 109.773197       
# span 2 =    0.00000,    0.05868       
# span 3 =     0.0000,     3.5208       
# span 4 =      0.000,    211.250       
# span 5 =   999.9069,  1026.0679       
# span 6 =    137.863,  52477.002       
# span 7 =     0.0635,    32.5296       
# span 8 =      0.081,    132.493       
# span 9 =    7.28563,    8.30207       
# span 10 =     3.8317,     7.9179      
# span 11 =     3.8402,     7.9179      
# span 12 =    -0.0935,    25.8049      
# span 13 =   13.03722,   15.18750      
# span 14 = 4.1751e-02, 3.1949e+02      
# span 15 =      0.082,    133.786      
# span 16 = 0.0000e+00, 0.0000e+00      
# interval = seconds: 0.25
# start_time = Apr 19 2013 18:29:53 [Instrument's time stamp, header]
# bad_flag = -9.990e-29
*END*
[from data line 766]
        767 109.772969    0.05319     3.1917    191.500  1025.9677  51950.498    32.0333    111.308    7.41988     3.8351     3.8422    25.4426   13.25975 4.6469e-02    112.389 0.0000e+00
        768 109.772972    0.05326     3.1958    191.750  1025.9695  51950.775    32.0333    111.696    7.41988     3.8351     3.8422    25.4426   13.25974 4.6361e-02    112.781 0.0000e+00
        769 109.772975    0.05333     3.2000    192.000  1025.9713  51951.054    32.0333    112.072    7.41987     3.8350     3.8422    25.4426   13.25973 4.6269e-02    113.161 0.0000e+00
        770 109.772977    0.05340     3.2042    192.250  1025.9730  51951.302    32.0333    112.431    7.41986     3.8350     3.8422    25.4426   13.25973 4.6083e-02    113.524 0.0000e+00
        771 109.772980    0.05347     3.2083    192.500  1025.9745  51951.475    32.0333    112.771    7.41986     3.8349     3.8422    25.4426   13.25973 4.5833e-02    113.867 0.0000e+00
        772 109.772983    0.05354     3.2125    192.750  1025.9760  51951.603    32.0332    113.090    7.41987     3.8348     3.8422    25.4425   13.25974 4.5685e-02    114.189 0.0000e+00
        773 109.772986    0.05361     3.2167    193.000  1025.9773  51951.737    32.0331    113.389    7.41988     3.8347     3.8422    25.4425   13.25976 4.5658e-02    114.491 0.0000e+00
        774 109.772989    0.05368     3.2208    193.250  1025.9787  51951.930    32.0331    113.672    7.41990     3.8345     3.8421    25.4425   13.25979 4.5678e-02    114.777 0.0000e+00
        775 109.772992    0.05375     3.2250    193.500  1025.9800  51952.223    32.0331    113.945    7.41993     3.8344     3.8420    25.4425   13.25983 4.5721e-02    115.053 0.0000e+00
        776 109.772995    0.05382     3.2292    193.750  1025.9813  51952.578    32.0332    114.213    7.41994     3.8344     3.8419    25.4426   13.25986 4.5773e-02    115.324 0.0000e+00
        777 109.772998    0.05389     3.2333    194.000  1025.9826  51952.933    32.0332    114.480    7.41995     3.8344     3.8418    25.4426   13.25987 4.5792e-02    115.593 0.0000e+00
        778 109.773001    0.05396     3.2375    194.250  1025.9840  51953.247    32.0333    114.751    7.41995     3.8345     3.8418    25.4427   13.25987 4.5733e-02    115.867 0.0000e+00
        779 109.773003    0.05403     3.2417    194.500  1025.9853  51953.501    32.0334    115.033    7.41994     3.8346     3.8418    25.4428   13.25985 4.5585e-02    116.152 0.0000e+00
        780 109.773006    0.05410     3.2458    194.750  1025.9867  51953.690    32.0334    115.323    7.41993     3.8346     3.8419    25.4428   13.25983 4.5382e-02    116.444 0.0000e+00
        781 109.773009    0.05417     3.2500    195.000  1025.9880  51953.825    32.0333    115.605    7.41992     3.8346     3.8419    25.4427   13.25981 4.5184e-02    116.730 0.0000e+00
        782 109.773012    0.05424     3.2542    195.250  1025.9892  51953.925    32.0333    115.881    7.41991     3.8346     3.8420    25.4427   13.25980 4.5035e-02    117.008 0.0000e+00
        783 109.773015    0.05431     3.2583    195.500  1025.9905  51953.988    32.0332    116.160    7.41991     3.8345     3.8420    25.4426   13.25980 4.4945e-02    117.289 0.0000e+00
        784 109.773018    0.05438     3.2625    195.750  1025.9918  51954.101    32.0331    116.452    7.41992     3.8344     3.8420    25.4425   13.25981 4.4858e-02    117.584 0.0000e+00
        785 109.773021    0.05444     3.2667    196.000  1025.9932  51954.321    32.0331    116.762    7.41993     3.8343     3.8420    25.4425   13.25984 4.4728e-02    117.898 0.0000e+00
        786 109.773024    0.05451     3.2708    196.250  1025.9948  51954.630    32.0331    117.093    7.41994     3.8342     3.8419    25.4425   13.25986 4.4579e-02    118.232 0.0000e+00
        787 109.773027    0.05458     3.2750    196.500  1025.9965  51954.986    32.0332    117.443    7.41995     3.8342     3.8418    25.4426   13.25988 4.4401e-02    118.585 0.0000e+00
        788 109.773030    0.05465     3.2792    196.750  1025.9983  51955.354    32.0332    117.807    7.41996     3.8341     3.8418    25.4426   13.25989 4.4126e-02    118.953 0.0000e+00
        789 109.773032    0.05472     3.2833    197.000  1026.0001  51955.761    32.0333    118.178    7.41996     3.8341     3.8417    25.4427   13.25989 4.3825e-02    119.329 0.0000e+00
        790 109.773035    0.05479     3.2875    197.250  1026.0019  51956.190    32.0334    118.548    7.41996     3.8341     3.8417    25.4428   13.25988 4.3626e-02    119.702 0.0000e+00
        791 109.773038    0.05486     3.2917    197.500  1026.0037  51956.543    32.0334    118.907    7.41996     3.8341     3.8417    25.4428   13.25987 4.3542e-02    120.065 0.0000e+00
        792 109.773041    0.05493     3.2958    197.750  1026.0052  51956.769    32.0334    119.243    7.41995     3.8341     3.8417    25.4428   13.25986 4.3541e-02    120.404 0.0000e+00
        793 109.773044    0.05500     3.3000    198.000  1026.0066  51956.895    32.0334    119.546    7.41995     3.8341     3.8418    25.4427   13.25986 4.3545e-02    120.710 0.0000e+00
        794 109.773047    0.05507     3.3042    198.250  1026.0078  51957.012    32.0333    119.812    7.41995     3.8340     3.8418    25.4427   13.25987 4.3503e-02    120.978 0.0000e+00
        795 109.773050    0.05514     3.3083    198.500  1026.0089  51957.147    32.0333    120.041    7.41996     3.8339     3.8417    25.4427   13.25988 4.3507e-02    121.209 0.0000e+00
        796 109.773053    0.05521     3.3125    198.750  1026.0098  51957.216    32.0332    120.237    7.41998     3.8338     3.8417    25.4426   13.25991 4.3587e-02    121.408 0.0000e+00
        797 109.773056    0.05528     3.3167    199.000  1026.0105  51957.213    32.0331    120.409    7.41999     3.8337     3.8416    25.4425   13.25994 4.3620e-02    121.581 0.0000e+00
        798 109.773058    0.05535     3.3208    199.250  1026.0112  51957.238    32.0330    120.564    7.42001     3.8336     3.8415    25.4425   13.25997 4.3555e-02    121.738 0.0000e+00
        799 109.773061    0.05542     3.3250    199.500  1026.0119  51957.377    32.0330    120.714    7.42003     3.8334     3.8414    25.4425   13.26000 4.3434e-02    121.889 0.0000e+00
        800 109.773064    0.05549     3.3292    199.750  1026.0126  51957.628    32.0331    120.867    7.42005     3.8333     3.8413    25.4426   13.26004 4.3325e-02    122.043 0.0000e+00
        801 109.773067    0.05556     3.3333    200.000  1026.0135  51957.926    32.0332    121.031    7.42007     3.8332     3.8412    25.4427   13.26007 4.3285e-02    122.209 0.0000e+00
        802 109.773070    0.05563     3.3375    200.250  1026.0144  51958.209    32.0332    121.212    7.42009     3.8332     3.8411    25.4427   13.26009 4.3242e-02    122.391 0.0000e+00
        803 109.773073    0.05569     3.3417    200.500  1026.0154  51958.462    32.0333    121.413    7.42009     3.8331     3.8410    25.4428   13.26010 4.3151e-02    122.595 0.0000e+00
        804 109.773076    0.05576     3.3458    200.750  1026.0165  51958.717    32.0333    121.637    7.42010     3.8331     3.8410    25.4428   13.26011 4.3065e-02    122.821 0.0000e+00
        805 109.773079    0.05583     3.3500    201.000  1026.0177  51958.986    32.0334    121.882    7.42010     3.8331     3.8409    25.4429   13.26011 4.3025e-02    123.069 0.0000e+00
        806 109.773082    0.05590     3.3542    201.250  1026.0190  51959.229    32.0334    122.147    7.42010     3.8331     3.8409    25.4429   13.26011 4.3009e-02    123.336 0.0000e+00
        807 109.773084    0.05597     3.3583    201.500  1026.0203  51959.422    32.0334    122.425    7.42010     3.8330     3.8409    25.4429   13.26011 4.2973e-02    123.618 0.0000e+00
        808 109.773087    0.05604     3.3625    201.750  1026.0216  51959.601    32.0334    122.714    7.42011     3.8330     3.8409    25.4429   13.26012 4.2928e-02    123.909 0.0000e+00
        809 109.773090    0.05611     3.3667    202.000  1026.0230  51959.779    32.0333    123.007    7.42011     3.8330     3.8409    25.4428   13.26013 4.2894e-02    124.205 0.0000e+00
        810 109.773093    0.05618     3.3708    202.250  1026.0244  51959.946    32.0333    123.303    7.42011     3.8329     3.8409    25.4428   13.26013 4.2834e-02    124.504 0.0000e+00
        811 109.773096    0.05625     3.3750    202.500  1026.0258  51960.142    32.0333    123.599    7.42012     3.8329     3.8409    25.4428   13.26014 4.2752e-02    124.804 0.0000e+00
        812 109.773099    0.05632     3.3792    202.750  1026.0272  51960.388    32.0333    123.897    7.42012     3.8329     3.8409    25.4428   13.26014 4.2756e-02    125.105 0.0000e+00
        813 109.773102    0.05639     3.3833    203.000  1026.0286  51960.666    32.0333    124.195    7.42012     3.8328     3.8409    25.4428   13.26014 4.2854e-02    125.406 0.0000e+00
        814 109.773105    0.05646     3.3875    203.250  1026.0300  51960.951    32.0334    124.494    7.42012     3.8328     3.8408    25.4429   13.26014 4.2926e-02    125.708 0.0000e+00
        815 109.773108    0.05653     3.3917    203.500  1026.0315  51961.242    32.0334    124.794    7.42012     3.8328     3.8408    25.4429   13.26014 4.2989e-02    126.010 0.0000e+00
        816 109.773111    0.05660     3.3958    203.750  1026.0329  51961.531    32.0334    125.093    7.42011     3.8329     3.8408    25.4429   13.26013 4.3068e-02    126.313 0.0000e+00
        817 109.773113    0.05667     3.4000    204.000  1026.0344  51961.801    32.0335    125.392    7.42011     3.8329     3.8409    25.4430   13.26012 4.3152e-02    126.615 0.0000e+00
        818 109.773116    0.05674     3.4042    204.250  1026.0358  51962.074    32.0335    125.687    7.42010     3.8330     3.8409    25.4430   13.26011 4.3220e-02    126.913 0.0000e+00
        819 109.773119    0.05681     3.4083    204.500  1026.0372  51962.345    32.0336    125.977    7.42009     3.8330     3.8410    25.4431   13.26009 4.3230e-02    127.205 0.0000e+00
        820 109.773122    0.05688     3.4125    204.750  1026.0385  51962.555    32.0336    126.257    7.42007     3.8331     3.8410    25.4431   13.26006 4.3060e-02    127.488 0.0000e+00
        821 109.773125    0.05694     3.4167    205.000  1026.0397  51962.692    32.0336    126.525    7.42005     3.8332     3.8411    25.4430   13.26003 4.2506e-02    127.759 0.0000e+00
        822 109.773128    0.05701     3.4208    205.250  1026.0409  51962.780    32.0335    126.780    7.42003     3.8333     3.8413    25.4430   13.26000 4.1917e-02    128.016 0.0000e+00
        823 109.773131    0.05708     3.4250    205.500  1026.0420  51962.843    32.0335    127.021    7.42001     3.8334     3.8414    25.4429   13.25997 4.1751e-02    128.259 0.0000e+00
        824 109.773134    0.05715     3.4292    205.750  1026.0430  51962.893    32.0334    127.250    7.42000     3.8334     3.8415    25.4429   13.25995 4.1804e-02    128.491 0.0000e+00
        825 109.773137    0.05722     3.4333    206.000  1026.0440  51962.907    32.0333    127.470    7.41999     3.8333     3.8415    25.4428   13.25994 4.1852e-02    128.713 0.0000e+00
        826 109.773139    0.05729     3.4375    206.250  1026.0449  51962.917    32.0332    127.685    7.41999     3.8333     3.8416    25.4427   13.25994 4.1876e-02    128.930 0.0000e+00
        827 109.773142    0.05736     3.4417    206.500  1026.0459  51962.978    32.0331    127.899    7.41999     3.8332     3.8416    25.4427   13.25995 4.1855e-02    129.146 0.0000e+00
        828 109.773145    0.05743     3.4458    206.750  1026.0469  51963.121    32.0331    128.115    7.42000     3.8331     3.8415    25.4427   13.25996 4.1853e-02    129.365 0.0000e+00
        829 109.773148    0.05750     3.4500    207.000  1026.0480  51963.351    32.0332    128.338    7.42002     3.8331     3.8414    25.4427   13.25998 4.1920e-02    129.590 0.0000e+00
        830 109.773151    0.05757     3.4542    207.250  1026.0491  51963.622    32.0332    128.569    7.42003     3.8330     3.8414    25.4427   13.26000 4.2014e-02    129.823 0.0000e+00
        831 109.773154    0.05764     3.4583    207.500  1026.0502  51963.840    32.0332    128.809    7.42004     3.8329     3.8413    25.4427   13.26001 4.2093e-02    130.065 0.0000e+00
        832 109.773157    0.05771     3.4625    207.750  1026.0514  51963.971    32.0332    129.058    7.42005     3.8328     3.8413    25.4427   13.26003 4.2157e-02    130.317 0.0000e+00
        833 109.773160    0.05778     3.4667    208.000  1026.0525  51964.071    32.0331    129.316    7.42006     3.8327     3.8412    25.4426   13.26006 4.2215e-02    130.577 0.0000e+00
        834 109.773163    0.05785     3.4708    208.250  1026.0537  51964.224    32.0331    129.584    7.42008     3.8326     3.8411    25.4426   13.26009 4.2265e-02    130.848 0.0000e+00
        835 109.773166    0.05792     3.4750    208.500  1026.0550  51964.487    32.0331    129.861    7.42010     3.8325     3.8410    25.4426   13.26012 4.2305e-02    131.128 0.0000e+00
        836 109.773168    0.05799     3.4792    208.750  1026.0564  51964.808    32.0331    130.147    7.42012     3.8324     3.8409    25.4427   13.26015 4.2334e-02    131.417 0.0000e+00
        837 109.773171    0.05806     3.4833    209.000  1026.0579  51965.116    32.0331    130.440    7.42014     3.8322     3.8408    25.4427   13.26017 4.2350e-02    131.713 0.0000e+00
        838 109.773174    0.05813     3.4875    209.250  1026.0593  51965.409    32.0332    130.739    7.42015     3.8321     3.8407    25.4427   13.26019 4.2358e-02    132.015 0.0000e+00
        839 109.773177    0.05819     3.4917    209.500  1026.0608  51965.686    32.0332    131.042    7.42017     3.8320     3.8406    25.4428   13.26022 4.2347e-02    132.321 0.0000e+00
        840 109.773180    0.05826     3.4958    209.750  1026.0622  51965.928    32.0331    131.345    7.42019     3.8319     3.8405    25.4428   13.26026 4.2332e-02    132.627 0.0000e+00
        841 109.773183    0.05833     3.5000    210.000  1026.0636  51966.176    32.0331    131.638    7.42020     3.8318     3.8404    25.4428   13.26029 4.2329e-02    132.924 0.0000e+00
        842 109.773186    0.05840     3.5042    210.250  1026.0650  51966.485    32.0332    131.914    7.42021     3.8318     3.8404    25.4428   13.26031 4.2335e-02    133.202 0.0000e+00
        843 109.773189    0.05847     3.5083    210.500  1026.0662  51966.792    32.0332    132.155    7.42022     3.8317     3.8403    25.4429   13.26032 4.2369e-02    133.446 0.0000e+00
        844 109.773192    0.05854     3.5125    210.750  1026.0671  51967.045    32.0333    132.342    7.42022     3.8317     3.8403    25.4430   13.26032 4.2444e-02    133.634 0.0000e+00
        845 109.773194    0.05861     3.5167    211.000  1026.0677  51967.247    32.0334    132.456    7.42022 -9.990e-29     3.8402    25.4431   13.26032 4.2507e-02    133.748 0.0000e+00
        846 109.773197    0.05868     3.5208    211.250  1026.0679  51967.333    32.0334    132.493    7.42022 -9.990e-29     3.8402    25.4431   13.26032 4.2522e-02    133.786 0.0000e+00
