CTD-processing/allCTD/CNV--homogene/2013_04-20_t7_s19_cast100.cnv
* Sea-Bird SBE19plus Data File:
* FileName = C:\Documents and Settings\kris.holderied.local\My Documents\2012-2013-CTD-DATA-new-files\2013-04-EVOSTC-CookInlet-Ocean\2013-04-CookInlet-Tran7-Augustine\2013-04-20-CookInlet-Trans7-Cast100.hex
* Software Version 1.54
* Temperature SN =  5028
* Conductivity SN =  5028
* System UpLoad Time = Apr 20 2013 15:03:58
** Cook Inlet LTM Tran7 Augustine to Flat Island
** Date:  2013-04-20
** Station:  7-19
** Start time (AKDT-24 hr):  1243
** Depth (m): 79
** Comment:
** Comment:
# nquan = 17
# nvalues = 616                         
# units = specified
# name 0 = scan: Scan Count
# name 1 = timeJ: Julian Days
# name 2 = timeH: Time, Elapsed [hours]
# name 3 = timeM: Time, Elapsed [minutes]
# name 4 = timeS: Time, Elapsed [seconds]
# name 5 = density00: Density [density, kg/m^3]
# name 6 = specc: Specific Conductance [uS/cm]
# name 7 = sal00: Salinity, Practical [PSU]
# name 8 = depSM: Depth [salt water, m], lat = 59.00
# name 9 = oxsolML/L: Oxygen Saturation, Garcia & Gordon [ml/l]
# name 10 = potemp090C: Potential Temperature [ITS-90, deg C]
# name 11 = tv290C: Temperature [ITS-90, deg C]
# name 12 = sigma-é00: Density [sigma-theta, kg/m^3]
# name 13 = n2satML/L: Nitrogen Saturation [ml/l]
# name 14 = par: PAR/Irradiance, Biospherical/Licor
# name 15 = prdM: Pressure, Strain Gauge [db]
# name 16 = flag:  0.000e+00
# span 0 =          1,        616       
# span 1 = 110.531134, 110.532914       
# span 2 =    0.00000,    0.04271       
# span 3 =     0.0000,     2.5625       
# span 4 =      0.000,    153.750       
# span 5 =  1000.1395,  1025.7561       
# span 6 =    443.765,  51791.627       
# span 7 =     0.2070,    31.9970       
# span 8 =      0.112,     79.717       
# span 9 =    7.34514,    9.02869       
# span 10 =     3.9453,     4.5627      
# span 11 =     3.9503,     4.5627      
# span 12 =     0.1389,    25.3801      
# span 13 =   13.13730,   16.40730      
# span 14 = 1.1524e-01, 2.2085e+03      
# span 15 =      0.113,     80.485      
# span 16 = 0.0000e+00, 0.0000e+00      
# interval = seconds: 0.25
# start_time = Apr 20 2013 12:44:50 [Instrument's time stamp, header]
# bad_flag = -9.990e-29
*END*
[from data line 511]
        512 110.532613    0.03549     2.1292    127.750  1025.6211  51765.664    31.9657     51.583    7.40286     3.9513     3.9550    25.3778   13.23255 1.6019e+00     52.076 0.0000e+00
        513 110.532616    0.03556     2.1333    128.000  1025.6229  51766.133    31.9658     51.942    7.40288     3.9513     3.9548    25.3779   13.23258 1.5638e+00     52.439 0.0000e+00
        514 110.532619    0.03562     2.1375    128.250  1025.6246  51766.578    31.9659     52.291    7.40290     3.9512     3.9547    25.3780   13.23260 1.5289e+00     52.792 0.0000e+00
        515 110.532622    0.03569     2.1417    128.500  1025.6263  51766.930    31.9660     52.626    7.40290     3.9512     3.9546    25.3780   13.23262 1.4978e+00     53.129 0.0000e+00
        516 110.532624    0.03576     2.1458    128.750  1025.6278  51767.206    31.9660     52.940    7.40291     3.9511     3.9546    25.3780   13.23262 1.4698e+00     53.447 0.0000e+00
        517 110.532627    0.03583     2.1500    129.000  1025.6292  51767.463    31.9661     53.235    7.40291     3.9511     3.9546    25.3780   13.23263 1.4440e+00     53.745 0.0000e+00
        518 110.532630    0.03590     2.1542    129.250  1025.6305  51767.732    31.9661     53.514    7.40291     3.9510     3.9546    25.3781   13.23263 1.4197e+00     54.026 0.0000e+00
        519 110.532633    0.03597     2.1583    129.500  1025.6318  51768.019    31.9661     53.777    7.40292     3.9510     3.9545    25.3781   13.23263 1.3965e+00     54.292 0.0000e+00
        520 110.532636    0.03604     2.1625    129.750  1025.6330  51768.304    31.9662     54.029    7.40292     3.9510     3.9545    25.3782   13.23264 1.3744e+00     54.546 0.0000e+00
        521 110.532639    0.03611     2.1667    130.000  1025.6342  51768.553    31.9662     54.271    7.40292     3.9509     3.9545    25.3782   13.23264 1.3535e+00     54.791 0.0000e+00
        522 110.532642    0.03618     2.1708    130.250  1025.6353  51768.756    31.9663     54.507    7.40293     3.9509     3.9545    25.3782   13.23265 1.3335e+00     55.029 0.0000e+00
        523 110.532645    0.03625     2.1750    130.500  1025.6364  51768.931    31.9663     54.739    7.40293     3.9509     3.9544    25.3782   13.23265 1.3138e+00     55.263 0.0000e+00
        524 110.532648    0.03632     2.1792    130.750  1025.6375  51769.103    31.9663     54.970    7.40293     3.9509     3.9544    25.3782   13.23266 1.2935e+00     55.497 0.0000e+00
        525 110.532650    0.03639     2.1833    131.000  1025.6386  51769.276    31.9663     55.204    7.40293     3.9509     3.9544    25.3782   13.23266 1.2723e+00     55.733 0.0000e+00
        526 110.532653    0.03646     2.1875    131.250  1025.6397  51769.428    31.9662     55.442    7.40293     3.9509     3.9544    25.3782   13.23266 1.2505e+00     55.973 0.0000e+00
        527 110.532656    0.03653     2.1917    131.500  1025.6409  51769.575    31.9662     55.686    7.40293     3.9510     3.9545    25.3782   13.23265 1.2281e+00     56.219 0.0000e+00
        528 110.532659    0.03660     2.1958    131.750  1025.6420  51769.763    31.9662     55.938    7.40292     3.9511     3.9545    25.3782   13.23264 1.2050e+00     56.474 0.0000e+00
        529 110.532662    0.03667     2.2000    132.000  1025.6433  51769.986    31.9663     56.200    7.40290     3.9512     3.9546    25.3782   13.23261 1.1807e+00     56.738 0.0000e+00
        530 110.532665    0.03674     2.2042    132.250  1025.6446  51770.235    31.9663     56.474    7.40288     3.9514     3.9547    25.3783   13.23257 1.1551e+00     57.015 0.0000e+00
        531 110.532668    0.03681     2.2083    132.500  1025.6460  51770.504    31.9664     56.760    7.40285     3.9516     3.9548    25.3783   13.23252 1.1283e+00     57.303 0.0000e+00
        532 110.532671    0.03687     2.2125    132.750  1025.6475  51770.736    31.9664     57.057    7.40281     3.9519     3.9550    25.3783   13.23245 1.1005e+00     57.604 0.0000e+00
        533 110.532674    0.03694     2.2167    133.000  1025.6489  51770.878    31.9664     57.368    7.40276     3.9523     3.9553    25.3783   13.23237 1.0723e+00     57.917 0.0000e+00
        534 110.532677    0.03701     2.2208    133.250  1025.6503  51770.896    31.9664     57.689    7.40270     3.9526     3.9557    25.3782   13.23228 1.0439e+00     58.241 0.0000e+00
        535 110.532679    0.03708     2.2250    133.500  1025.6518  51770.828    31.9662     58.017    7.40264     3.9528     3.9560    25.3781   13.23219 1.0154e+00     58.572 0.0000e+00
        536 110.532682    0.03715     2.2292    133.750  1025.6532  51770.737    31.9661     58.349    7.40259     3.9531     3.9563    25.3779   13.23211 9.8671e-01     58.907 0.0000e+00
        537 110.532685    0.03722     2.2333    134.000  1025.6546  51770.636    31.9659     58.681    7.40255     3.9532     3.9566    25.3778   13.23204 9.5846e-01     59.243 0.0000e+00
        538 110.532688    0.03729     2.2375    134.250  1025.6560  51770.575    31.9657     59.012    7.40251     3.9533     3.9568    25.3776   13.23198 9.3088e-01     59.577 0.0000e+00
        539 110.532691    0.03736     2.2417    134.500  1025.6574  51770.590    31.9656     59.338    7.40249     3.9534     3.9570    25.3775   13.23193 9.0421e-01     59.907 0.0000e+00
        540 110.532694    0.03743     2.2458    134.750  1025.6588  51770.622    31.9655     59.655    7.40247     3.9534     3.9572    25.3774   13.23191 8.7892e-01     60.227 0.0000e+00
        541 110.532697    0.03750     2.2500    135.000  1025.6601  51770.627    31.9654     59.961    7.40247     3.9532     3.9572    25.3773   13.23190 8.5523e-01     60.536 0.0000e+00
        542 110.532700    0.03757     2.2542    135.250  1025.6614  51770.642    31.9652     60.256    7.40248     3.9530     3.9572    25.3772   13.23192 8.3303e-01     60.833 0.0000e+00
        543 110.532703    0.03764     2.2583    135.500  1025.6627  51770.766    31.9651     60.537    7.40250     3.9527     3.9571    25.3772   13.23196 8.1215e-01     61.118 0.0000e+00
        544 110.532705    0.03771     2.2625    135.750  1025.6640  51771.055    31.9652     60.806    7.40254     3.9525     3.9569    25.3772   13.23202 7.9239e-01     61.389 0.0000e+00
        545 110.532708    0.03778     2.2667    136.000  1025.6653  51771.414    31.9652     61.063    7.40257     3.9522     3.9567    25.3772   13.23208 7.7374e-01     61.649 0.0000e+00
        546 110.532711    0.03785     2.2708    136.250  1025.6665  51771.751    31.9653     61.312    7.40261     3.9519     3.9564    25.3773   13.23215 7.5602e-01     61.900 0.0000e+00
        547 110.532714    0.03792     2.2750    136.500  1025.6677  51772.100    31.9654     61.555    7.40266     3.9516     3.9562    25.3774   13.23222 7.3875e-01     62.145 0.0000e+00
        548 110.532717    0.03799     2.2792    136.750  1025.6690  51772.534    31.9655     61.797    7.40270     3.9515     3.9559    25.3775   13.23229 7.2153e-01     62.390 0.0000e+00
        549 110.532720    0.03806     2.2833    137.000  1025.6703  51773.092    31.9656     62.045    7.40274     3.9514     3.9556    25.3777   13.23235 7.0423e-01     62.640 0.0000e+00
        550 110.532723    0.03812     2.2875    137.250  1025.6717  51773.678    31.9659     62.300    7.40276     3.9514     3.9555    25.3779   13.23238 6.8701e-01     62.898 0.0000e+00
        551 110.532726    0.03819     2.2917    137.500  1025.6731  51774.100    31.9660     62.564    7.40277     3.9514     3.9554    25.3780   13.23239 6.6987e-01     63.164 0.0000e+00
        552 110.532729    0.03826     2.2958    137.750  1025.6744  51774.327    31.9660     62.838    7.40276     3.9515     3.9554    25.3780   13.23238 6.5266e-01     63.440 0.0000e+00
        553 110.532731    0.03833     2.3000    138.000  1025.6757  51774.458    31.9660     63.121    7.40275     3.9514     3.9555    25.3780   13.23237 6.3547e-01     63.727 0.0000e+00
        554 110.532734    0.03840     2.3042    138.250  1025.6770  51774.451    31.9658     63.415    7.40275     3.9512     3.9556    25.3778   13.23236 6.1848e-01     64.023 0.0000e+00
        555 110.532737    0.03847     2.3083    138.500  1025.6782  51774.391    31.9656     63.718    7.40276     3.9509     3.9555    25.3777   13.23239 6.0160e-01     64.329 0.0000e+00
        556 110.532740    0.03854     2.3125    138.750  1025.6797  51774.592    31.9655     64.030    7.40280     3.9505     3.9553    25.3776   13.23245 5.8478e-01     64.645 0.0000e+00
        557 110.532743    0.03861     2.3167    139.000  1025.6813  51775.040    31.9656     64.351    7.40285     3.9501     3.9550    25.3777   13.23253 5.6807e-01     64.968 0.0000e+00
        558 110.532746    0.03868     2.3208    139.250  1025.6829  51775.479    31.9657     64.681    7.40291     3.9497     3.9547    25.3778   13.23263 5.5147e-01     65.302 0.0000e+00
        559 110.532749    0.03875     2.3250    139.500  1025.6845  51775.895    31.9657     65.022    7.40298     3.9491     3.9543    25.3779   13.23274 5.3500e-01     65.646 0.0000e+00
        560 110.532752    0.03882     2.3292    139.750  1025.6863  51776.415    31.9657     65.370    7.40306     3.9485     3.9538    25.3780   13.23288 5.1872e-01     65.997 0.0000e+00
        561 110.532755    0.03889     2.3333    140.000  1025.6881  51777.069    31.9659     65.720    7.40315     3.9479     3.9533    25.3781   13.23302 5.0264e-01     66.351 0.0000e+00
        562 110.532758    0.03896     2.3375    140.250  1025.6900  51777.866    31.9661     66.069    7.40324     3.9474     3.9527    25.3784   13.23317 4.8680e-01     66.703 0.0000e+00
        563 110.532760    0.03903     2.3417    140.500  1025.6919  51778.812    31.9665     66.412    7.40333     3.9471     3.9522    25.3787   13.23330 4.7138e-01     67.050 0.0000e+00
        564 110.532763    0.03910     2.3458    140.750  1025.6938  51779.784    31.9668     66.749    7.40339     3.9468     3.9517    25.3790   13.23340 4.5658e-01     67.390 0.0000e+00
        565 110.532766    0.03917     2.3500    141.000  1025.6956  51780.581    31.9671     67.077    7.40344     3.9467     3.9514    25.3793   13.23348 4.4248e-01     67.721 0.0000e+00
        566 110.532769    0.03924     2.3542    141.250  1025.6973  51781.094    31.9672     67.391    7.40347     3.9465     3.9512    25.3794   13.23353 4.2907e-01     68.038 0.0000e+00
        567 110.532772    0.03931     2.3583    141.500  1025.6987  51781.382    31.9672     67.690    7.40349     3.9464     3.9511    25.3795   13.23357 4.1630e-01     68.340 0.0000e+00
        568 110.532775    0.03938     2.3625    141.750  1025.7000  51781.633    31.9672     67.973    7.40351     3.9462     3.9509    25.3795   13.23361 4.0411e-01     68.626 0.0000e+00
        569 110.532778    0.03944     2.3667    142.000  1025.7014  51781.971    31.9673     68.240    7.40354     3.9461     3.9508    25.3795   13.23365 3.9234e-01     68.896 0.0000e+00
        570 110.532781    0.03951     2.3708    142.250  1025.7027  51782.358    31.9674     68.497    7.40356     3.9460     3.9506    25.3796   13.23368 3.8085e-01     69.155 0.0000e+00
        571 110.532784    0.03958     2.3750    142.500  1025.7039  51782.707    31.9675     68.746    7.40358     3.9459     3.9505    25.3797   13.23370 3.6961e-01     69.406 0.0000e+00
        572 110.532786    0.03965     2.3792    142.750  1025.7051  51783.017    31.9676     68.991    7.40359     3.9459     3.9504    25.3798   13.23372 3.5865e-01     69.654 0.0000e+00
        573 110.532789    0.03972     2.3833    143.000  1025.7064  51783.321    31.9676     69.234    7.40359     3.9459     3.9504    25.3798   13.23373 3.4798e-01     69.899 0.0000e+00
        574 110.532792    0.03979     2.3875    143.250  1025.7076  51783.598    31.9677     69.477    7.40360     3.9459     3.9503    25.3799   13.23374 3.3754e-01     70.144 0.0000e+00
        575 110.532795    0.03986     2.3917    143.500  1025.7087  51783.822    31.9677     69.722    7.40360     3.9459     3.9503    25.3799   13.23374 3.2724e-01     70.392 0.0000e+00
        576 110.532798    0.03993     2.3958    143.750  1025.7099  51783.984    31.9677     69.972    7.40360     3.9459     3.9503    25.3799   13.23373 3.1710e-01     70.645 0.0000e+00
        577 110.532801    0.04000     2.4000    144.000  1025.7111  51784.110    31.9676     70.227    7.40359     3.9459     3.9504    25.3798   13.23372 3.0717e-01     70.902 0.0000e+00
        578 110.532804    0.04007     2.4042    144.250  1025.7123  51784.266    31.9676     70.486    7.40358     3.9459     3.9504    25.3798   13.23371 2.9748e-01     71.163 0.0000e+00
        579 110.532807    0.04014     2.4083    144.500  1025.7135  51784.480    31.9676     70.750    7.40357     3.9460     3.9505    25.3798   13.23370 2.8805e-01     71.430 0.0000e+00
        580 110.532810    0.04021     2.4125    144.750  1025.7148  51784.709    31.9677     71.019    7.40356     3.9460     3.9505    25.3799   13.23368 2.7882e-01     71.702 0.0000e+00
        581 110.532813    0.04028     2.4167    145.000  1025.7161  51784.910    31.9677     71.295    7.40356     3.9460     3.9506    25.3799   13.23367 2.6980e-01     71.980 0.0000e+00
        582 110.532815    0.04035     2.4208    145.250  1025.7174  51785.090    31.9677     71.577    7.40355     3.9460     3.9506    25.3799   13.23367 2.6102e-01     72.265 0.0000e+00
        583 110.532818    0.04042     2.4250    145.500  1025.7188  51785.252    31.9676     71.865    7.40355     3.9460     3.9506    25.3798   13.23366 2.5247e-01     72.556 0.0000e+00
        584 110.532821    0.04049     2.4292    145.750  1025.7201  51785.410    31.9676     72.157    7.40355     3.9460     3.9506    25.3798   13.23366 2.4428e-01     72.851 0.0000e+00
        585 110.532824    0.04056     2.4333    146.000  1025.7215  51785.579    31.9676     72.451    7.40355     3.9459     3.9506    25.3798   13.23366 2.3648e-01     73.148 0.0000e+00
        586 110.532827    0.04063     2.4375    146.250  1025.7228  51785.766    31.9676     72.744    7.40355     3.9459     3.9507    25.3798   13.23365 2.2902e-01     73.444 0.0000e+00
        587 110.532830    0.04069     2.4417    146.500  1025.7242  51786.002    31.9676     73.032    7.40355     3.9458     3.9507    25.3798   13.23365 2.2192e-01     73.734 0.0000e+00
        588 110.532833    0.04076     2.4458    146.750  1025.7256  51786.279    31.9676     73.313    7.40355     3.9458     3.9506    25.3798   13.23366 2.1516e-01     74.018 0.0000e+00
        589 110.532836    0.04083     2.4500    147.000  1025.7269  51786.540    31.9676     73.586    7.40355     3.9458     3.9506    25.3798   13.23367 2.0876e-01     74.293 0.0000e+00
        590 110.532839    0.04090     2.4542    147.250  1025.7281  51786.759    31.9677     73.847    7.40356     3.9458     3.9506    25.3799   13.23368 2.0281e-01     74.557 0.0000e+00
        591 110.532841    0.04097     2.4583    147.500  1025.7293  51786.944    31.9677     74.095    7.40356     3.9457     3.9506    25.3799   13.23368 1.9732e-01     74.808 0.0000e+00
        592 110.532844    0.04104     2.4625    147.750  1025.7304  51787.109    31.9676     74.334    7.40356     3.9457     3.9506    25.3798   13.23369 1.9220e-01     75.049 0.0000e+00
        593 110.532847    0.04111     2.4667    148.000  1025.7315  51787.278    31.9676     74.567    7.40357     3.9457     3.9506    25.3798   13.23369 1.8735e-01     75.285 0.0000e+00
        594 110.532850    0.04118     2.4708    148.250  1025.7326  51787.459    31.9676     74.798    7.40357     3.9456     3.9505    25.3798   13.23369 1.8268e-01     75.518 0.0000e+00
        595 110.532853    0.04125     2.4750    148.500  1025.7337  51787.665    31.9676     75.032    7.40357     3.9456     3.9505    25.3799   13.23369 1.7812e-01     75.754 0.0000e+00
