CTD-processing/allCTD/CNV--homogene/2013_02-12_alongbay_skb13_cast045.cnv
* Sea-Bird SBE19plus Data File:
* FileName = C:\Documents and Settings\kris.holderied.local\My Documents\2012-2013-CTD-DATA-new-files\2013-02-EVOSTC-CookInlet\2013-02-12-along-KBay-line\2012-02-12-Along-KBay-line-cast045.hex
* Software Version 1.54
* Temperature SN =  5028
* Conductivity SN =  5028
* System UpLoad Time = Mar 14 2013 23:58:00
** Kachemak Bay - along-bay transect, west to east
** Date:  12 Feb 2013
** Station:KB-12
** Start time (AKDT-24 hr):21:59
** Depth (m): 75
** Comment: CTD time set wrong by 2 hours
** Comment: Supplement to Gulf Watch sampling
# nquan = 17
# nvalues = 958                         
# units = specified
# name 0 = scan: Scan Count
# name 1 = timeJ: Julian Days
# name 2 = timeH: Time, Elapsed [hours]
# name 3 = timeM: Time, Elapsed [minutes]
# name 4 = timeS: Time, Elapsed [seconds]
# name 5 = density00: Density [density, kg/m^3]
# name 6 = specc: Specific Conductance [uS/cm]
# name 7 = sal00: Salinity, Practical [PSU]
# name 8 = depSM: Depth [salt water, m], lat = 59.00
# name 9 = oxsolML/L: Oxygen Saturation, Garcia & Gordon [ml/l]
# name 10 = potemp090C: Potential Temperature [ITS-90, deg C]
# name 11 = tv290C: Temperature [ITS-90, deg C]
# name 12 = sigma-é00: Density [sigma-theta, kg/m^3]
# name 13 = n2satML/L: Nitrogen Saturation [ml/l]
# name 14 = par: PAR/Irradiance, Biospherical/Licor
# name 15 = prdM: Pressure, Strain Gauge [db]
# name 16 = flag:  0.000e+00
# span 0 =          1,        958       
# span 1 =  43.999572,  44.002341       
# span 2 =    0.00000,    0.06646       
# span 3 =     0.0000,     3.9875       
# span 4 =      0.000,    239.250       
# span 5 =  1000.4658,  1025.4490       
# span 6 =   1583.294,  51608.313       
# span 7 =     0.7468,    31.6026       
# span 8 =     -0.118,     68.917       
# span 9 =    7.48822,   10.13131       
# span 10 =     0.1477,     3.5829      
# span 11 =     0.1477,     3.5871      
# span 12 =     0.4664,    25.1383      
# span 13 =   13.37816,   18.24277      
# span 14 = 3.7912e-02, 5.7933e+00      
# span 15 =     -0.119,     69.579      
# span 16 = 0.0000e+00, 0.0000e+00      
# interval = seconds: 0.25
# start_time = Feb 12 2013 23:59:23 [Instrument's time stamp, header]
# bad_flag = -9.990e-29
*END*
[from data line 341]
        342  44.000558    0.02368     1.4208     85.250  1025.0741  51251.634    31.4949      3.686    7.53423     3.3679     3.3680    25.0567   13.45550 3.4002e-01      3.720 0.0000e+00
        343  44.000561    0.02375     1.4250     85.500  1025.0747  51251.412    31.4947      3.829    7.53421     3.3677     3.3681    25.0565   13.45547 3.1474e-01      3.865 0.0000e+00
        344  44.000564    0.02382     1.4292     85.750  1025.0753  51251.395    31.4946      3.981    7.53422     3.3674     3.3681    25.0564   13.45549 2.8906e-01      4.018 0.0000e+00
        345  44.000567    0.02389     1.4333     86.000  1025.0762  51251.672    31.4947      4.139    7.53426     3.3672     3.3679    25.0565   13.45554 2.6619e-01      4.178 0.0000e+00
        346  44.000570    0.02396     1.4375     86.250  1025.0771  51252.209    31.4949      4.300    7.53429     3.3671     3.3676    25.0567   13.45560 2.4735e-01      4.340 0.0000e+00
        347  44.000573    0.02403     1.4417     86.500  1025.0781  51252.821    31.4952      4.457    7.53432     3.3671     3.3674    25.0569   13.45564 2.3187e-01      4.499 0.0000e+00
        348  44.000576    0.02410     1.4458     86.750  1025.0790  51253.337    31.4955      4.607    7.53433     3.3671     3.3673    25.0571   13.45566 2.1859e-01      4.650 0.0000e+00
        349  44.000579    0.02417     1.4500     87.000  1025.0798  51253.685    31.4956      4.745    7.53432     3.3672     3.3673    25.0573   13.45564 2.0586e-01      4.790 0.0000e+00
        350  44.000582    0.02424     1.4542     87.250  1025.0805  51253.857    31.4957      4.874    7.53431     3.3672     3.3673    25.0573   13.45562 1.9285e-01      4.920 0.0000e+00
        351  44.000584    0.02431     1.4583     87.500  1025.0810  51253.903    31.4957      4.996    7.53430     3.3672     3.3674    25.0573   13.45560 1.8067e-01      5.043 0.0000e+00
        352  44.000587    0.02438     1.4625     87.750  1025.0816  51253.918    31.4956      5.115    7.53429     3.3672     3.3675    25.0573   13.45559 1.7026e-01      5.163 0.0000e+00
        353  44.000590    0.02444     1.4667     88.000  1025.0821  51253.980    31.4956      5.235    7.53429     3.3671     3.3675    25.0573   13.45559 1.6125e-01      5.285 0.0000e+00
        354  44.000593    0.02451     1.4708     88.250  1025.0827  51254.121    31.4957      5.354    7.53429     3.3670     3.3674    25.0573   13.45560 1.5317e-01      5.405 0.0000e+00
        355  44.000596    0.02458     1.4750     88.500  1025.0833  51254.309    31.4957      5.467    7.53430     3.3669     3.3674    25.0574   13.45561 1.4622e-01      5.519 0.0000e+00
        356  44.000599    0.02465     1.4792     88.750  1025.0839  51254.520    31.4957      5.570    7.53431     3.3668     3.3673    25.0575   13.45563 1.4042e-01      5.623 0.0000e+00
        357  44.000602    0.02472     1.4833     89.000  1025.0844  51254.816    31.4959      5.662    7.53432     3.3668     3.3672    25.0576   13.45565 1.3535e-01      5.716 0.0000e+00
        358  44.000605    0.02479     1.4875     89.250  1025.0850  51255.213    31.4961      5.745    7.53433     3.3668     3.3672    25.0577   13.45565 1.3070e-01      5.799 0.0000e+00
        359  44.000608    0.02486     1.4917     89.500  1025.0855  51255.609    31.4963      5.821    7.53432     3.3669     3.3671    25.0579   13.45564 1.2650e-01      5.876 0.0000e+00
        360  44.000611    0.02493     1.4958     89.750  1025.0860  51255.935    31.4965      5.895    7.53431     3.3670     3.3672    25.0581   13.45561 1.2267e-01      5.951 0.0000e+00
        361  44.000613    0.02500     1.5000     90.000  1025.0865  51256.180    31.4967      5.973    7.53428     3.3670     3.3673    25.0582   13.45557 1.1850e-01      6.030 0.0000e+00
        362  44.000616    0.02507     1.5042     90.250  1025.0869  51256.309    31.4967      6.060    7.53426     3.3671     3.3673    25.0582   13.45554 1.1352e-01      6.117 0.0000e+00
        363  44.000619    0.02514     1.5083     90.500  1025.0874  51256.332    31.4967      6.154    7.53425     3.3670     3.3674    25.0582   13.45552 1.0846e-01      6.213 0.0000e+00
        364  44.000622    0.02521     1.5125     90.750  1025.0878  51256.300    31.4967      6.255    7.53425     3.3669     3.3674    25.0581   13.45552 1.0392e-01      6.314 0.0000e+00
        365  44.000625    0.02528     1.5167     91.000  1025.0882  51256.193    31.4965      6.355    7.53426     3.3667     3.3674    25.0580   13.45554 9.9894e-02      6.416 0.0000e+00
        366  44.000628    0.02535     1.5208     91.250  1025.0885  51256.007    31.4963      6.451    7.53429     3.3663     3.3673    25.0579   13.45559 9.6499e-02      6.512 0.0000e+00
        367  44.000631    0.02542     1.5250     91.500  1025.0887  51255.835    31.4961      6.540    7.53434     3.3659     3.3670    25.0577   13.45568 9.3687e-02      6.601 0.0000e+00
        368  44.000634    0.02549     1.5292     91.750  1025.0890  51255.776    31.4959      6.622    7.53441     3.3655     3.3667    25.0576   13.45580 9.1103e-02      6.684 0.0000e+00
        369  44.000637    0.02556     1.5333     92.000  1025.0894  51255.921    31.4959      6.702    7.53449     3.3650     3.3663    25.0576   13.45593 8.8343e-02      6.766 0.0000e+00
        370  44.000639    0.02562     1.5375     92.250  1025.0899  51256.313    31.4960      6.787    7.53457     3.3647     3.3658    25.0577   13.45605 8.5280e-02      6.852 0.0000e+00
        371  44.000642    0.02569     1.5417     92.500  1025.0905  51256.822    31.4962      6.881    7.53464     3.3644     3.3654    25.0579   13.45616 8.2166e-02      6.947 0.0000e+00
        372  44.000645    0.02576     1.5458     92.750  1025.0912  51257.321    31.4964      6.983    7.53470     3.3642     3.3651    25.0581   13.45625 7.9323e-02      7.050 0.0000e+00
        373  44.000648    0.02583     1.5500     93.000  1025.0919  51257.771    31.4965      7.091    7.53474     3.3641     3.3648    25.0582   13.45632 7.6825e-02      7.159 0.0000e+00
        374  44.000651    0.02590     1.5542     93.250  1025.0925  51258.113    31.4967      7.198    7.53477     3.3640     3.3646    25.0584   13.45637 7.4503e-02      7.267 0.0000e+00
        375  44.000654    0.02597     1.5583     93.500  1025.0931  51258.365    31.4968      7.298    7.53478     3.3640     3.3645    25.0585   13.45639 7.2184e-02      7.368 0.0000e+00
        376  44.000657    0.02604     1.5625     93.750  1025.0936  51258.540    31.4968      7.389    7.53479     3.3639     3.3645    25.0585   13.45640 6.9889e-02      7.459 0.0000e+00
        377  44.000660    0.02611     1.5667     94.000  1025.0940  51258.636    31.4968      7.474    7.53480     3.3638     3.3644    25.0585   13.45641 6.7728e-02      7.545 0.0000e+00
        378  44.000663    0.02618     1.5708     94.250  1025.0944  51258.737    31.4968      7.560    7.53481     3.3637     3.3644    25.0585   13.45643 6.5668e-02      7.631 0.0000e+00
        379  44.000666    0.02625     1.5750     94.500  1025.0949  51258.899    31.4969      7.657    7.53482     3.3635     3.3643    25.0586   13.45646 6.3547e-02      7.730 0.0000e+00
        380  44.000668    0.02632     1.5792     94.750  1025.0955  51259.155    31.4969      7.775    7.53485     3.3634     3.3642    25.0586   13.45649 6.1271e-02      7.849 0.0000e+00
        381  44.000671    0.02639     1.5833     95.000  1025.0963  51259.604    31.4971      7.916    7.53487     3.3633     3.3640    25.0588   13.45652 5.8893e-02      7.991 0.0000e+00
        382  44.000674    0.02646     1.5875     95.250  1025.0973  51260.168    31.4974      8.078    7.53487     3.3633     3.3639    25.0591   13.45653 5.6507e-02      8.154 0.0000e+00
        383  44.000677    0.02653     1.5917     95.500  1025.0983  51260.616    31.4976      8.250    7.53487     3.3634     3.3638    25.0592   13.45653 5.4200e-02      8.328 0.0000e+00
        384  44.000680    0.02660     1.5958     95.750  1025.0994  51261.096    31.4978      8.423    7.53486     3.3637     3.3638    25.0594   13.45650 5.2065e-02      8.503 0.0000e+00
        385  44.000683    0.02667     1.6000     96.000  1025.1004  51261.732    31.4982      8.591    7.53482     3.3642     3.3639    25.0597   13.45644 5.0170e-02      8.672 0.0000e+00
        386  44.000686    0.02674     1.6042     96.250  1025.1014  51262.162    31.4985      8.748    7.53475     3.3647     3.3642    25.0599   13.45632 4.8518e-02      8.831 0.0000e+00
        387  44.000689    0.02681     1.6083     96.500  1025.1021  51262.242    31.4986      8.897    7.53466     3.3653     3.3647    25.0600   13.45617 4.7071e-02      8.981 0.0000e+00
        388  44.000692    0.02688     1.6125     96.750  1025.1027  51262.116    31.4986      9.044    7.53456     3.3658     3.3652    25.0599   13.45600 4.5738e-02      9.129 0.0000e+00
        389  44.000694    0.02694     1.6167     97.000  1025.1032  51261.729    31.4984      9.199    7.53447     3.3661     3.3658    25.0597   13.45585 4.4422e-02      9.286 0.0000e+00
        390  44.000697    0.02701     1.6208     97.250  1025.1037  51261.059    31.4980      9.372    7.53439     3.3660     3.3663    25.0593   13.45573 4.3080e-02      9.461 0.0000e+00
        391  44.000700    0.02708     1.6250     97.500  1025.1042  51260.306    31.4974      9.562    7.53436     3.3656     3.3666    25.0589   13.45569 4.1774e-02      9.653 0.0000e+00
        392  44.000703    0.02715     1.6292     97.750  1025.1048  51259.880    31.4970      9.754    7.53438     3.3650     3.3666    25.0585   13.45573 4.0624e-02      9.846 0.0000e+00
        393  44.000706    0.02722     1.6333     98.000  1025.1057  51260.199    31.4971      9.939    7.53445     3.3644     3.3662    25.0586   13.45585 3.9696e-02     10.033 0.0000e+00
        394  44.000709    0.02729     1.6375     98.250  1025.1069  51261.147    31.4975     10.120    7.53454     3.3639     3.3656    25.0589   13.45599 3.9015e-02     10.216 0.0000e+00
        395  44.000712    0.02736     1.6417     98.500  1025.1082  51262.245    31.4980     10.298    7.53463     3.3635     3.3650    25.0594   13.45612 3.8574e-02     10.395 0.0000e+00
        396  44.000715    0.02743     1.6458     98.750  1025.1095  51263.293    31.4985     10.472    7.53470     3.3632     3.3645    25.0599   13.45623 3.8309e-02     10.571 0.0000e+00
        397  44.000718    0.02750     1.6500     99.000  1025.1107  51264.267    31.4989     10.644    7.53475     3.3631     3.3641    25.0603   13.45630 3.8150e-02     10.744 0.0000e+00
        398  44.000720    0.02757     1.6542     99.250  1025.1119  51265.165    31.4994     10.813    7.53477     3.3630     3.3639    25.0606   13.45634 3.8055e-02     10.916 0.0000e+00
        399  44.000723    0.02764     1.6583     99.500  1025.1131  51266.066    31.4999     10.983    7.53478     3.3631     3.3637    25.0610   13.45634 3.7998e-02     11.086 0.0000e+00
        400  44.000726    0.02771     1.6625     99.750  1025.1143  51266.910    31.5003     11.153    7.53476     3.3631     3.3636    25.0614   13.45631 3.7964e-02     11.258 0.0000e+00
        401  44.000729    0.02778     1.6667    100.000  1025.1153  51267.501    31.5007     11.325    7.53474     3.3632     3.3637    25.0617   13.45626 3.7943e-02     11.432 0.0000e+00
        402  44.000732    0.02785     1.6708    100.250  1025.1162  51267.727    31.5008     11.500    7.53471     3.3632     3.3638    25.0617   13.45622 3.7930e-02     11.608 0.0000e+00
        403  44.000735    0.02792     1.6750    100.500  1025.1170  51267.639    31.5006     11.678    7.53470     3.3631     3.3639    25.0616   13.45621 3.7923e-02     11.788 0.0000e+00
        404  44.000738    0.02799     1.6792    100.750  1025.1176  51267.315    31.5003     11.859    7.53472     3.3628     3.3639    25.0614   13.45624 3.7919e-02     11.971 0.0000e+00
        405  44.000741    0.02806     1.6833    101.000  1025.1181  51266.882    31.4999     12.042    7.53476     3.3625     3.3638    25.0611   13.45632 3.7916e-02     12.156 0.0000e+00
        406  44.000744    0.02813     1.6875    101.250  1025.1187  51266.516    31.4995     12.224    7.53483     3.3622     3.3635    25.0608   13.45643 3.7915e-02     12.340 0.0000e+00
        407  44.000747    0.02819     1.6917    101.500  1025.1193  51266.323    31.4992     12.402    7.53490     3.3619     3.3632    25.0605   13.45656 3.7914e-02     12.520 0.0000e+00
        408  44.000749    0.02826     1.6958    101.750  1025.1201  51266.398    31.4991     12.573    7.53497     3.3616     3.3629    25.0604   13.45667 3.7913e-02     12.692 0.0000e+00
        409  44.000752    0.02833     1.7000    102.000  1025.1209  51266.699    31.4991     12.738    7.53502     3.3615     3.3626    25.0605   13.45676 3.7913e-02     12.859 0.0000e+00
        410  44.000755    0.02840     1.7042    102.250  1025.1218  51267.073    31.4992     12.899    7.53506     3.3614     3.3624    25.0606   13.45681 3.7912e-02     13.021 0.0000e+00
        411  44.000758    0.02847     1.7083    102.500  1025.1227  51267.451    31.4993     13.059    7.53508     3.3613     3.3623    25.0607   13.45685 3.7912e-02     13.183 0.0000e+00
        412  44.000761    0.02854     1.7125    102.750  1025.1236  51267.846    31.4995     13.224    7.53509     3.3612     3.3622    25.0609   13.45686 3.7912e-02     13.350 0.0000e+00
        413  44.000764    0.02861     1.7167    103.000  1025.1245  51268.264    31.4997     13.399    7.53509     3.3612     3.3621    25.0610   13.45686 3.7912e-02     13.526 0.0000e+00
        414  44.000767    0.02868     1.7208    103.250  1025.1255  51268.590    31.4998     13.584    7.53509     3.3612     3.3620    25.0611   13.45686 3.7912e-02     13.712 0.0000e+00
        415  44.000770    0.02875     1.7250    103.500  1025.1264  51268.759    31.4998     13.776    7.53509     3.3612     3.3620    25.0612   13.45686 3.7912e-02     13.907 0.0000e+00
        416  44.000773    0.02882     1.7292    103.750  1025.1273  51268.862    31.4998     13.971    7.53510     3.3611     3.3620    25.0611   13.45687 3.7912e-02     14.104 0.0000e+00
        417  44.000775    0.02889     1.7333    104.000  1025.1281  51268.857    31.4997     14.161    7.53510     3.3611     3.3620    25.0610   13.45688 3.7912e-02     14.295 0.0000e+00
        418  44.000778    0.02896     1.7375    104.250  1025.1288  51268.723    31.4995     14.339    7.53512     3.3611     3.3620    25.0609   13.45691 3.7912e-02     14.475 0.0000e+00
        419  44.000781    0.02903     1.7417    104.500  1025.1295  51268.646    31.4994     14.503    7.53513     3.3611     3.3620    25.0608   13.45692 3.7912e-02     14.641 0.0000e+00
        420  44.000784    0.02910     1.7458    104.750  1025.1302  51268.712    31.4993     14.656    7.53513     3.3611     3.3620    25.0608   13.45693 3.7912e-02     14.795 0.0000e+00
        421  44.000787    0.02917     1.7500    105.000  1025.1309  51268.859    31.4993     14.802    7.53512     3.3611     3.3620    25.0608   13.45692 3.7912e-02     14.943 0.0000e+00
        422  44.000790    0.02924     1.7542    105.250  1025.1317  51269.061    31.4994     14.950    7.53512     3.3611     3.3620    25.0608   13.45692 3.7912e-02     15.092 0.0000e+00
        423  44.000793    0.02931     1.7583    105.500  1025.1325  51269.350    31.4995     15.106    7.53511     3.3612     3.3620    25.0609   13.45691 3.7912e-02     15.249 0.0000e+00
        424  44.000796    0.02937     1.7625    105.750  1025.1335  51269.737    31.4997     15.273    7.53510     3.3613     3.3620    25.0611   13.45688 3.7912e-02     15.418 0.0000e+00
        425  44.000799    0.02944     1.7667    106.000  1025.1345  51270.232    31.4999     15.452    7.53508     3.3614     3.3621    25.0613   13.45684 3.7912e-02     15.598 0.0000e+00
