CTD-processing/allCTD/CNV--homogene/2013_07-22_t9_s01_cast078.cnv
* Sea-Bird SBE19plus Data File:
* FileName = C:\Users\kris.holderied\Documents\kasitsna\Research-Projects-and-Data\Oceanography-AK\CTD-CookInlet-GulfWatchAK\2013-07-EVOSTC-CookInlet-Ocean\2013-07-22-CookInlet-Tran9-HomerSpit\2013-07-22-CookInlet-Tran9-HomerSpit-cast078.hex
* Software Version 1.59
* Temperature SN =  5028
* Conductivity SN =  5028
* System UpLoad Time = Apr 09 2014 19:17:18
** Cook Inlet LTM  Transect 9 (Homer Spit)  south to north
** Date: 2013-07-22
** Station: 9-01
** Start time: 09:00
** Depth (m): 65
** Comment:  CTD instrument time is AK Daylight.
** Comment:
# nquan = 17
# nvalues = 585                         
# units = specified
# name 0 = scan: Scan Count
# name 1 = timeJ: Julian Days
# name 2 = timeH: Time, Elapsed [hours]
# name 3 = timeM: Time, Elapsed [minutes]
# name 4 = timeS: Time, Elapsed [seconds]
# name 5 = density00: Density [density, kg/m^3]
# name 6 = specc: Specific Conductance [uS/cm]
# name 7 = sal00: Salinity, Practical [PSU]
# name 8 = depSM: Depth [salt water, m], lat = 59.00
# name 9 = oxsolML/L: Oxygen Saturation, Garcia & Gordon [ml/l]
# name 10 = potemp090C: Potential Temperature [ITS-90, deg C]
# name 11 = tv290C: Temperature [ITS-90, deg C]
# name 12 = sigma-é00: Density [sigma-theta, kg/m^3]
# name 13 = n2satML/L: Nitrogen Saturation [ml/l]
# name 14 = par: PAR/Irradiance, Biospherical/Licor
# name 15 = prdM: Pressure, Strain Gauge [db]
# name 16 = flag:  0.000e+00
# span 0 =          1,        585       
# span 1 = 203.375868, 203.377558       
# span 2 =    0.00000,    0.04056       
# span 3 =     0.0000,     2.4333       
# span 4 =      0.000,    146.000       
# span 5 =   999.4824,  1025.0928       
# span 6 =    224.941,  50413.257       
# span 7 =     0.1064,    31.6567       
# span 8 =     -0.022,     64.933       
# span 9 =    6.23276,    7.39540       
# span 10 =     6.9593,    13.8383      
# span 11 =     6.9651,    13.8386      
# span 12 =    -0.5176,    24.7914      
# span 13 =   11.36308,   13.65410      
# span 14 = 5.3003e-02, 1.4517e+03      
# span 15 =     -0.022,     65.557      
# span 16 = 0.0000e+00, 0.0000e+00      
# interval = seconds: 0.25
# start_time = Jul 22 2013 09:01:15 [Instrument's time stamp, header]
# bad_flag = -9.990e-29
*END*
[from data line 256]
        257 203.376609    0.01778     1.0667     64.000  1017.4143  37602.715    23.5197      1.156    6.28741    13.6163    13.6059    17.4091   11.48788 4.7972e+01      1.167 0.0000e+00
        258 203.376612    0.01785     1.0708     64.250  1017.4104  37596.739    23.5159      1.168    6.28686    13.6202    13.6112    17.4052   11.48700 4.7796e+01      1.179 0.0000e+00
        259 203.376615    0.01792     1.0750     64.500  1017.4073  37592.167    23.5131      1.180    6.28629    13.6224    13.6165    17.4020   11.48607 4.7807e+01      1.191 0.0000e+00
        260 203.376617    0.01799     1.0792     64.750  1017.4058  37590.115    23.5119      1.189    6.28581    13.6231    13.6204    17.4003   11.48529 4.7933e+01      1.200 0.0000e+00
        261 203.376620    0.01806     1.0833     65.000  1017.4059  37590.852    23.5125      1.197    6.28550    13.6229    13.6226    17.4004   11.48477 4.8053e+01      1.208 0.0000e+00
        262 203.376623    0.01812     1.0875     65.250  1017.4072  37593.493    23.5144      1.202    6.28534    13.6224    13.6233    17.4018   11.48447 4.8123e+01      1.213 0.0000e+00
        263 203.376626    0.01819     1.0917     65.500  1017.4089  37596.596    23.5165      1.204    6.28527    13.6216    13.6231    17.4034   11.48434 4.8248e+01      1.215 0.0000e+00
        264 203.376629    0.01826     1.0958     65.750  1017.4102  37599.036    23.5182      1.203    6.28527    13.6205    13.6226    17.4048   11.48432 4.8527e+01      1.214 0.0000e+00
        265 203.376632    0.01833     1.1000     66.000  1017.4108  37599.967    23.5188      1.199    6.28536    13.6197    13.6217    17.4054   11.48447 4.8862e+01      1.211 0.0000e+00
        266 203.376635    0.01840     1.1042     66.250  1017.4101  37598.364    23.5176      1.194    6.28555    13.6201    13.6206    17.4047   11.48481 4.9036e+01      1.205 0.0000e+00
        267 203.376638    0.01847     1.1083     66.500  1017.4075  37593.292    23.5140      1.187    6.28579    13.6223    13.6198    17.4021   11.48525 4.8927e+01      1.198 0.0000e+00
        268 203.376641    0.01854     1.1125     66.750  1017.4026  37584.263    23.5078      1.179    6.28598    13.6270    13.6202    17.3973   11.48564 4.8640e+01      1.190 0.0000e+00
        269 203.376644    0.01861     1.1167     67.000  1017.3951  37570.802    23.4987      1.171    6.28604    13.6344    13.6225    17.3898   11.48585 4.8427e+01      1.182 0.0000e+00
        270 203.376646    0.01868     1.1208     67.250  1017.3843  37551.574    23.4858      1.165    6.28594    13.6451    13.6272    17.3790   11.48583 4.8418e+01      1.176 0.0000e+00
        271 203.376649    0.01875     1.1250     67.500  1017.3684  37523.765    23.4670      1.159    6.28570    13.6584    13.6346    17.3632   11.48564 4.8455e+01      1.171 0.0000e+00
        272 203.376652    0.01882     1.1292     67.750  1017.3477  37487.488    23.4427      1.154    6.28525    13.6725    13.6452    17.3425   11.48518 4.8320e+01      1.166 0.0000e+00
        273 203.376655    0.01889     1.1333     68.000  1017.3256  37449.383    23.4172      1.149    6.28450    13.6849    13.6585    17.3204   11.48422 4.8012e+01      1.160 0.0000e+00
        274 203.376658    0.01896     1.1375     68.250  1017.3059  37415.949    23.3950      1.144    6.28351    13.6941    13.6726    17.3007   11.48284 4.7664e+01      1.154 0.0000e+00
        275 203.376661    0.01903     1.1417     68.500  1017.2896  37388.525    23.3768      1.138    6.28259    13.7001    13.6850    17.2844   11.48152 4.7379e+01      1.149 0.0000e+00
        276 203.376664    0.01910     1.1458     68.750  1017.2761  37365.655    23.3616      1.134    6.28197    13.7035    13.6942    17.2710   11.48067 4.7223e+01      1.145 0.0000e+00
        277 203.376667    0.01917     1.1500     69.000  1017.2646  37345.543    23.3481      1.132    6.28171    13.7050    13.7002    17.2595   11.48039 4.7185e+01      1.142 0.0000e+00
        278 203.376670    0.01924     1.1542     69.250  1017.2541  37326.639    23.3352      1.133    6.28176    13.7051    13.7036    17.2490   11.48063 4.7134e+01      1.143 0.0000e+00
        279 203.376672    0.01931     1.1583     69.500  1017.2432  37306.450    23.3214      1.137    6.28211    13.7042    13.7051    17.2381   11.48137 4.6960e+01      1.148 0.0000e+00
        280 203.376675    0.01938     1.1625     69.750  1017.2305  37282.451    23.3049      1.145    6.28273    13.7025    13.7052    17.2253   11.48262 4.6684e+01      1.156 0.0000e+00
        281 203.376678    0.01944     1.1667     70.000  1017.2165  37255.664    23.2864      1.156    6.28357    13.7004    13.7043    17.2113   11.48424 4.6467e+01      1.166 0.0000e+00
        282 203.376681    0.01951     1.1708     70.250  1017.2032  37229.962    23.2686      1.168    6.28449    13.6983    13.7027    17.1979   11.48597 4.6463e+01      1.178 0.0000e+00
        283 203.376684    0.01958     1.1750     70.500  1017.1922  37208.647    23.2538      1.179    6.28534    13.6964    13.7006    17.1869   11.48757 4.6621e+01      1.190 0.0000e+00
        284 203.376687    0.01965     1.1792     70.750  1017.1844  37193.236    23.2431      1.188    6.28604    13.6949    13.6984    17.1790   11.48887 4.6797e+01      1.199 0.0000e+00
        285 203.376690    0.01972     1.1833     71.000  1017.1798  37183.956    23.2366      1.194    6.28654    13.6939    13.6965    17.1744   11.48979 4.6910e+01      1.205 0.0000e+00
        286 203.376693    0.01979     1.1875     71.250  1017.1781  37180.305    23.2340      1.196    6.28684    13.6933    13.6950    17.1726   11.49031 4.6917e+01      1.207 0.0000e+00
        287 203.376696    0.01986     1.1917     71.500  1017.1781  37180.169    23.2338      1.195    6.28698    13.6930    13.6940    17.1727   11.49055 4.6849e+01      1.206 0.0000e+00
        288 203.376698    0.01993     1.1958     71.750  1017.1790  37181.650    23.2348      1.192    6.28702    13.6930    13.6934    17.1736   11.49060 4.6815e+01      1.203 0.0000e+00
        289 203.376701    0.02000     1.2000     72.000  1017.1805  37184.414    23.2367      1.188    6.28698    13.6932    13.6931    17.1751   11.49052 4.6897e+01      1.199 0.0000e+00
        290 203.376704    0.02007     1.2042     72.250  1017.1824  37188.003    23.2392      1.183    6.28689    13.6936    13.6931    17.1770   11.49032 4.7062e+01      1.194 0.0000e+00
        291 203.376707    0.02014     1.2083     72.500  1017.1844  37191.981    23.2420      1.178    6.28675    13.6940    13.6934    17.1791   11.49006 4.7200e+01      1.189 0.0000e+00
        292 203.376710    0.02021     1.2125     72.750  1017.1861  37195.214    23.2442      1.173    6.28662    13.6944    13.6937    17.1807   11.48981 4.7199e+01      1.184 0.0000e+00
        293 203.376713    0.02028     1.2167     73.000  1017.1862  37195.600    23.2445      1.166    6.28655    13.6948    13.6941    17.1809   11.48970 4.7091e+01      1.177 0.0000e+00
        294 203.376716    0.02035     1.2208     73.250  1017.1841  37191.794    23.2419      1.157    6.28660    13.6951    13.6945    17.1788   11.48981 4.7043e+01      1.168 0.0000e+00
        295 203.376719    0.02042     1.2250     73.500  1017.1796  37183.525    23.2363      1.147    6.28677    13.6956    13.6949    17.1743   11.49017 4.7094e+01      1.158 0.0000e+00
        296 203.376722    0.02049     1.2292     73.750  1017.1731  37171.416    23.2280      1.137    6.28705    13.6965    13.6952    17.1679   11.49073 4.7096e+01      1.148 0.0000e+00
        297 203.376725    0.02056     1.2333     74.000  1017.1657  37157.635    23.2185      1.129    6.28736    13.6983    13.6957    17.1605   11.49136 4.6976e+01      1.140 0.0000e+00
        298 203.376727    0.02063     1.2375     74.250  1017.1575  37142.555    23.2081      1.124    6.28765    13.7016    13.6966    17.1524   11.49196 4.6786e+01      1.135 0.0000e+00
        299 203.376730    0.02069     1.2417     74.500  1017.1465  37122.100    23.1942      1.125    6.28795    13.7074    13.6984    17.1413   11.49264 4.6524e+01      1.136 0.0000e+00
        300 203.376733    0.02076     1.2458     74.750  1017.1301  37091.992    23.1737      1.133    6.28831    13.7166    13.7018    17.1249   11.49348 4.6165e+01      1.144 0.0000e+00
        301 203.376736    0.02083     1.2500     75.000  1017.1080  37051.606    23.1462      1.151    6.28863    13.7294    13.7076    17.1027   11.49433 4.5697e+01      1.161 0.0000e+00
        302 203.376739    0.02090     1.2542     75.250  1017.0813  37003.460    23.1136      1.181    6.28870    13.7456    13.7167    17.0759   11.49483 4.5016e+01      1.192 0.0000e+00
        303 203.376742    0.02097     1.2583     75.500  1017.0507  36948.628    23.0766      1.227    6.28845    13.7646    13.7295    17.0451   11.49486 4.3963e+01      1.238 0.0000e+00
        304 203.376745    0.02104     1.2625     75.750  1017.0143  36883.682    23.0329      1.293    6.28803    13.7858    13.7458    17.0084   11.49467 4.2517e+01      1.305 0.0000e+00
        305 203.376748    0.02111     1.2667     76.000  1016.9695  36803.226    22.9786      1.386    6.28764    13.8073    13.7648    16.9632   11.49467 4.0845e+01      1.399 0.0000e+00
        306 203.376751    0.02118     1.2708     76.250  1016.9237  36721.354    22.9236      1.503    6.28700    13.8253    13.7860    16.9169   11.49426 3.9127e+01      1.518 0.0000e+00
        307 203.376753    0.02125     1.2750     76.500  1016.8984  36677.978    22.8950      1.640    6.28530    13.8364    13.8075    16.8909   11.49176 3.7337e+01      1.656 0.0000e+00
        308 203.376756    0.02132     1.2792     76.750  1016.9085  36700.589    22.9116      1.793    6.28229    13.8383    13.8255    16.9004   11.48653 3.5378e+01      1.810 0.0000e+00
        309 203.376759    0.02139     1.2833     77.000  1016.9566  36792.821    22.9758      1.961    6.27834    13.8294    13.8366    16.9477   11.47919 3.3329e+01      1.979 0.0000e+00
        310 203.376762    0.02146     1.2875     77.250  1017.0516  36970.878    23.0986      2.143    6.27331    13.8079    13.8386    17.0419   11.46934 3.1344e+01      2.164 0.0000e+00
        311 203.376765    0.02153     1.2917     77.500  1017.2109  37267.059    23.3022      2.336    6.26655    13.7748    13.8297    17.2003   11.45566 2.9531e+01      2.358 0.0000e+00
        312 203.376768    0.02160     1.2958     77.750  1017.4397  37690.369    23.5930      2.536    6.25808    13.7323    13.8082    17.4281   11.43808 2.7917e+01      2.560 0.0000e+00
        313 203.376771    0.02167     1.3000     78.000  1017.7188  38205.008    23.9463      2.740    6.24868    13.6799    13.7751    17.7063   11.41823 2.6482e+01      2.766 0.0000e+00
        314 203.376774    0.02174     1.3042     78.250  1018.0021  38724.444    24.3027      2.948    6.24039    13.6182    13.7327    17.9886   11.40019 2.5220e+01      2.976 0.0000e+00
        315 203.376777    0.02181     1.3083     78.500  1018.2500  39174.252    24.6107      3.159    6.23527    13.5498    13.6804    18.2356   11.38802 2.4113e+01      3.189 0.0000e+00
        316 203.376780    0.02187     1.3125     78.750  1018.4670  39563.246    24.8763      3.374    6.23300    13.4785    13.6187    18.4517   11.38111 2.3125e+01      3.406 0.0000e+00
        317 203.376782    0.02194     1.3167     79.000  1018.6625  39909.634    25.1121      3.592    6.23276    13.4105    13.5503    18.6462   11.37794 2.2216e+01      3.626 0.0000e+00
        318 203.376785    0.02201     1.3208     79.250  1018.8293  40201.447    25.3099      3.812    6.23437    13.3497    13.4789    18.8120   11.37830 2.1346e+01      3.848 0.0000e+00
        319 203.376788    0.02208     1.3250     79.500  1018.9754  40455.126    25.4817      4.035    6.23656    13.2947    13.4110    18.9570   11.37993 2.0496e+01      4.073 0.0000e+00
        320 203.376791    0.02215     1.3292     79.750  1019.1157  40699.750    25.6477      4.262    6.23803    13.2423    13.3503    19.0963   11.38043 1.9666e+01      4.303 0.0000e+00
        321 203.376794    0.02222     1.3333     80.000  1019.2562  40945.811    25.8151      4.495    6.23870    13.1901    13.2952    19.2357   11.37958 1.8864e+01      4.538 0.0000e+00
        322 203.376797    0.02229     1.3375     80.250  1019.4001  41198.871    25.9877      4.735    6.23882    13.1340    13.2429    19.3786   11.37775 1.8098e+01      4.780 0.0000e+00
        323 203.376800    0.02236     1.3417     80.500  1019.5597  41480.743    26.1805      4.982    6.23813    13.0703    13.1907    19.5371   11.37435 1.7369e+01      5.029 0.0000e+00
        324 203.376803    0.02243     1.3458     80.750  1019.7465  41812.109    26.4077      5.235    6.23661    13.0016    13.1347    19.7228   11.36916 1.6679e+01      5.285 0.0000e+00
        325 203.376806    0.02250     1.3500     81.000  1019.9456  42164.117    26.6487      5.493    6.23556    12.9366    13.0710    19.9206   11.36459 1.6046e+01      5.545 0.0000e+00
        326 203.376808    0.02257     1.3542     81.250  1020.1255  42479.297    26.8638      5.753    6.23617    12.8811    13.0023    20.0994   11.36308 1.5501e+01      5.807 0.0000e+00
        327 203.376811    0.02264     1.3583     81.500  1020.2677  42725.520    27.0310      6.015    6.23816    12.8350    12.9373    20.2404   11.36443 1.5051e+01      6.072 0.0000e+00
        328 203.376814    0.02271     1.3625     81.750  1020.3709  42901.434    27.1497      6.280    6.24080    12.7956    12.8819    20.3423   11.36743 1.4684e+01      6.339 0.0000e+00
        329 203.376817    0.02278     1.3667     82.000  1020.4414  43019.153    27.2284      6.544    6.24377    12.7597    12.8359    20.4116   11.37144 1.4375e+01      6.606 0.0000e+00
        330 203.376820    0.02285     1.3708     82.250  1020.4875  43093.389    27.2772      6.806    6.24703    12.7249    12.7965    20.4566   11.37630 1.4102e+01      6.870 0.0000e+00
        331 203.376823    0.02292     1.3750     82.500  1020.5175  43138.590    27.3059      7.062    6.25063    12.6918    12.7606    20.4854   11.38195 1.3850e+01      7.129 0.0000e+00
        332 203.376826    0.02299     1.3792     82.750  1020.5400  43170.461    27.3254      7.314    6.25443    12.6635    12.7258    20.5068   11.38805 1.3605e+01      7.383 0.0000e+00
        333 203.376829    0.02306     1.3833     83.000  1020.5613  43200.399    27.3437      7.560    6.25807    12.6420    12.6928    20.5270   11.39389 1.3358e+01      7.632 0.0000e+00
        334 203.376832    0.02313     1.3875     83.250  1020.5811  43228.636    27.3612      7.802    6.26111    12.6266    12.6645    20.5456   11.39875 1.3098e+01      7.876 0.0000e+00
        335 203.376834    0.02319     1.3917     83.500  1020.5972  43251.651    27.3755      8.039    6.26339    12.6153    12.6430    20.5606   11.40237 1.2818e+01      8.116 0.0000e+00
        336 203.376837    0.02326     1.3958     83.750  1020.6093  43268.720    27.3861      8.276    6.26500    12.6049    12.6276    20.5717   11.40492 1.2520e+01      8.354 0.0000e+00
        337 203.376840    0.02333     1.4000     84.000  1020.6181  43280.577    27.3934      8.513    6.26621    12.5918    12.6163    20.5794   11.40685 1.2208e+01      8.594 0.0000e+00
        338 203.376843    0.02340     1.4042     84.250  1020.6244  43288.067    27.3977      8.755    6.26742    12.5722    12.6060    20.5846   11.40881 1.1888e+01      8.838 0.0000e+00
        339 203.376846    0.02347     1.4083     84.500  1020.6302  43294.022    27.4007      9.001    6.26903    12.5420    12.5930    20.5893   11.41146 1.1561e+01      9.086 0.0000e+00
        340 203.376849    0.02354     1.4125     84.750  1020.6394  43304.848    27.4066      9.253    6.27142    12.4973    12.5733    20.5973   11.41536 1.1231e+01      9.340 0.0000e+00
