CTD-processing/allCTD/CNV--homogene/2013_07-18_t7_s19_cast005.cnv
* Sea-Bird SBE19plus Data File:
* FileName = C:\Documents and Settings\kris.holderied.local\My Documents\2012-2013-CTD-DATA-new-files\2013-07-CookInlet-EVOSTC-LTM\2013-07-18-CookInlet-Tran7-Augustine\2013-07-18-CookInlet-Tran7-Augustine-cast005.hex
* Software Version 1.54
* Temperature SN =  5028
* Conductivity SN =  5028
* System UpLoad Time = Jul 18 2013 22:04:04
** Cook Inlet LTM Ocean - Tran7 Augustine Line, East to West
** Date: 2013-07-18
** Station: 7-19
** Start time (AKDT-24 hr): 13:49
** Depth (m): 78
** Comment:
** Comment:
# nquan = 17
# nvalues = 796                         
# units = specified
# name 0 = scan: Scan Count
# name 1 = timeJ: Julian Days
# name 2 = timeH: Time, Elapsed [hours]
# name 3 = timeM: Time, Elapsed [minutes]
# name 4 = timeS: Time, Elapsed [seconds]
# name 5 = density00: Density [density, kg/m^3]
# name 6 = specc: Specific Conductance [uS/cm]
# name 7 = sal00: Salinity, Practical [PSU]
# name 8 = depSM: Depth [salt water, m], lat = 59.00
# name 9 = oxsolML/L: Oxygen Saturation, Garcia & Gordon [ml/l]
# name 10 = potemp090C: Potential Temperature [ITS-90, deg C]
# name 11 = tv290C: Temperature [ITS-90, deg C]
# name 12 = sigma-é00: Density [sigma-theta, kg/m^3]
# name 13 = n2satML/L: Nitrogen Saturation [ml/l]
# name 14 = par: PAR/Irradiance, Biospherical/Licor
# name 15 = prdM: Pressure, Strain Gauge [db]
# name 16 = flag:  0.000e+00
# span 0 =          1,        796       
# span 1 = 199.576528, 199.578828       
# span 2 =    0.00000,    0.05521       
# span 3 =     0.0000,     3.3125       
# span 4 =      0.000,    198.750       
# span 5 =   999.5998,  1025.3890       
# span 6 =    239.858,  50864.842       
# span 7 =     0.1135,    32.0684       
# span 8 =      0.046,     76.298       
# span 9 =    6.42274,    7.55306       
# span 10 =     7.0161,    11.9012      
# span 11 =     7.0229,    11.9012      
# span 12 =    -0.4004,    25.0353      
# span 13 =   11.61537,   13.92122      
# span 14 = 8.7373e-02, 7.2287e+02      
# span 15 =      0.046,     77.033      
# span 16 = 0.0000e+00, 0.0000e+00      
# interval = seconds: 0.25
# start_time = Jul 18 2013 13:50:12 [Instrument's time stamp, header]
# bad_flag = -9.990e-29
*END*
[from data line 596]
        597 199.578252    0.04139     2.4833    149.000  1025.2482  50832.903    31.9694     47.445    6.88151     7.0301     7.0346    25.0282   12.37152 6.7724e-01     47.898 0.0000e+00
        598 199.578255    0.04146     2.4875    149.250  1025.2486  50832.784    31.9693     47.563    6.88152     7.0297     7.0346    25.0281   12.37154 6.6997e-01     48.017 0.0000e+00
        599 199.578258    0.04153     2.4917    149.500  1025.2491  50832.853    31.9693     47.657    6.88155     7.0293     7.0344    25.0281   12.37159 6.6426e-01     48.111 0.0000e+00
        600 199.578261    0.04160     2.4958    149.750  1025.2496  50833.164    31.9694     47.731    6.88160     7.0287     7.0340    25.0282   12.37168 6.5955e-01     48.186 0.0000e+00
        601 199.578264    0.04167     2.5000    150.000  1025.2501  50833.656    31.9696     47.793    6.88167     7.0281     7.0335    25.0285   12.37178 6.5537e-01     48.250 0.0000e+00
        602 199.578267    0.04174     2.5042    150.250  1025.2507  50834.285    31.9699     47.853    6.88174     7.0273     7.0330    25.0288   12.37190 6.5116e-01     48.310 0.0000e+00
        603 199.578270    0.04181     2.5083    150.500  1025.2514  50835.054    31.9703     47.918    6.88183     7.0266     7.0323    25.0292   12.37204 6.4642e-01     48.376 0.0000e+00
        604 199.578273    0.04188     2.5125    150.750  1025.2522  50835.890    31.9707     47.995    6.88192     7.0260     7.0316    25.0296   12.37219 6.4096e-01     48.454 0.0000e+00
        605 199.578275    0.04194     2.5167    151.000  1025.2531  50836.680    31.9711     48.088    6.88201     7.0256     7.0309    25.0300   12.37233 6.3478e-01     48.547 0.0000e+00
        606 199.578278    0.04201     2.5208    151.250  1025.2539  50837.361    31.9714     48.199    6.88209     7.0252     7.0303    25.0304   12.37246 6.2783e-01     48.659 0.0000e+00
        607 199.578281    0.04208     2.5250    151.500  1025.2548  50837.957    31.9717     48.329    6.88215     7.0248     7.0299    25.0306   12.37255 6.2008e-01     48.790 0.0000e+00
        608 199.578284    0.04215     2.5292    151.750  1025.2557  50838.547    31.9720     48.477    6.88220     7.0245     7.0295    25.0309   12.37263 6.1155e-01     48.940 0.0000e+00
        609 199.578287    0.04222     2.5333    152.000  1025.2568  50839.125    31.9723     48.643    6.88224     7.0243     7.0292    25.0312   12.37270 6.0238e-01     49.107 0.0000e+00
        610 199.578290    0.04229     2.5375    152.250  1025.2578  50839.634    31.9725     48.823    6.88228     7.0241     7.0289    25.0314   12.37276 5.9271e-01     49.290 0.0000e+00
        611 199.578293    0.04236     2.5417    152.500  1025.2589  50840.070    31.9726     49.017    6.88231     7.0239     7.0286    25.0315   12.37280 5.8266e-01     49.485 0.0000e+00
        612 199.578296    0.04243     2.5458    152.750  1025.2600  50840.472    31.9728     49.221    6.88233     7.0239     7.0284    25.0317   12.37284 5.7233e-01     49.691 0.0000e+00
        613 199.578299    0.04250     2.5500    153.000  1025.2611  50840.823    31.9729     49.433    6.88235     7.0239     7.0283    25.0318   12.37286 5.6190e-01     49.906 0.0000e+00
        614 199.578302    0.04257     2.5542    153.250  1025.2621  50841.102    31.9730     49.649    6.88235     7.0239     7.0282    25.0319   12.37287 5.5157e-01     50.124 0.0000e+00
        615 199.578304    0.04264     2.5583    153.500  1025.2632  50841.305    31.9730     49.866    6.88235     7.0241     7.0283    25.0319   12.37286 5.4157e-01     50.342 0.0000e+00
        616 199.578307    0.04271     2.5625    153.750  1025.2641  50841.412    31.9730     50.078    6.88233     7.0243     7.0284    25.0319   12.37284 5.3211e-01     50.556 0.0000e+00
        617 199.578310    0.04278     2.5667    154.000  1025.2650  50841.403    31.9729     50.282    6.88231     7.0245     7.0285    25.0318   12.37280 5.2333e-01     50.763 0.0000e+00
        618 199.578313    0.04285     2.5708    154.250  1025.2658  50841.278    31.9728     50.476    6.88228     7.0246     7.0287    25.0317   12.37276 5.1528e-01     50.959 0.0000e+00
        619 199.578316    0.04292     2.5750    154.500  1025.2665  50841.130    31.9726     50.660    6.88226     7.0248     7.0289    25.0315   12.37272 5.0786e-01     51.145 0.0000e+00
        620 199.578319    0.04299     2.5792    154.750  1025.2672  50841.003    31.9725     50.834    6.88223     7.0250     7.0291    25.0314   12.37268 5.0093e-01     51.320 0.0000e+00
        621 199.578322    0.04306     2.5833    155.000  1025.2678  50840.826    31.9723     50.999    6.88221     7.0253     7.0293    25.0313   12.37264 4.9439e-01     51.486 0.0000e+00
        622 199.578325    0.04312     2.5875    155.250  1025.2683  50840.570    31.9721     51.157    6.88218     7.0255     7.0296    25.0311   12.37260 4.8812e-01     51.645 0.0000e+00
        623 199.578328    0.04319     2.5917    155.500  1025.2688  50840.268    31.9719     51.309    6.88215     7.0255     7.0298    25.0308   12.37255 4.8193e-01     51.799 0.0000e+00
        624 199.578330    0.04326     2.5958    155.750  1025.2693  50840.036    31.9717     51.457    6.88213     7.0255     7.0300    25.0306   12.37252 4.7571e-01     51.949 0.0000e+00
        625 199.578333    0.04333     2.6000    156.000  1025.2699  50839.939    31.9715     51.601    6.88212     7.0254     7.0301    25.0305   12.37250 4.6952e-01     52.095 0.0000e+00
        626 199.578336    0.04340     2.6042    156.250  1025.2705  50839.967    31.9715     51.743    6.88213     7.0251     7.0301    25.0305   12.37251 4.6339e-01     52.238 0.0000e+00
        627 199.578339    0.04347     2.6083    156.500  1025.2712  50840.176    31.9716     51.883    6.88215     7.0248     7.0300    25.0306   12.37254 4.5730e-01     52.379 0.0000e+00
        628 199.578342    0.04354     2.6125    156.750  1025.2720  50840.556    31.9717     52.020    6.88218     7.0245     7.0297    25.0307   12.37259 4.5130e-01     52.518 0.0000e+00
        629 199.578345    0.04361     2.6167    157.000  1025.2728  50841.032    31.9719     52.157    6.88221     7.0242     7.0294    25.0309   12.37265 4.4541e-01     52.656 0.0000e+00
        630 199.578348    0.04368     2.6208    157.250  1025.2736  50841.524    31.9721     52.292    6.88225     7.0239     7.0291    25.0312   12.37271 4.3961e-01     52.792 0.0000e+00
        631 199.578351    0.04375     2.6250    157.500  1025.2744  50841.970    31.9723     52.425    6.88229     7.0236     7.0288    25.0314   12.37277 4.3394e-01     52.927 0.0000e+00
        632 199.578354    0.04382     2.6292    157.750  1025.2752  50842.364    31.9725     52.556    6.88232     7.0234     7.0286    25.0315   12.37283 4.2842e-01     53.059 0.0000e+00
        633 199.578356    0.04389     2.6333    158.000  1025.2760  50842.702    31.9727     52.685    6.88236     7.0232     7.0283    25.0317   12.37289 4.2311e-01     53.188 0.0000e+00
        634 199.578359    0.04396     2.6375    158.250  1025.2767  50842.980    31.9728     52.811    6.88239     7.0230     7.0281    25.0318   12.37294 4.1803e-01     53.316 0.0000e+00
        635 199.578362    0.04403     2.6417    158.500  1025.2773  50843.220    31.9728     52.937    6.88242     7.0228     7.0279    25.0319   12.37299 4.1313e-01     53.443 0.0000e+00
        636 199.578365    0.04410     2.6458    158.750  1025.2780  50843.457    31.9729     53.061    6.88245     7.0226     7.0277    25.0319   12.37304 4.0842e-01     53.568 0.0000e+00
        637 199.578368    0.04417     2.6500    159.000  1025.2786  50843.700    31.9730     53.185    6.88248     7.0225     7.0275    25.0320   12.37308 4.0392e-01     53.693 0.0000e+00
        638 199.578371    0.04424     2.6542    159.250  1025.2793  50843.909    31.9730     53.309    6.88250     7.0224     7.0273    25.0321   12.37311 3.9949e-01     53.819 0.0000e+00
        639 199.578374    0.04431     2.6583    159.500  1025.2799  50844.038    31.9730     53.434    6.88251     7.0223     7.0272    25.0321   12.37313 3.9510e-01     53.946 0.0000e+00
        640 199.578377    0.04437     2.6625    159.750  1025.2805  50844.106    31.9730     53.562    6.88253     7.0222     7.0271    25.0321   12.37316 3.9077e-01     54.075 0.0000e+00
        641 199.578380    0.04444     2.6667    160.000  1025.2811  50844.174    31.9730     53.692    6.88255     7.0221     7.0270    25.0321   12.37319 3.8653e-01     54.207 0.0000e+00
        642 199.578383    0.04451     2.6708    160.250  1025.2817  50844.266    31.9730     53.826    6.88256     7.0220     7.0270    25.0321   12.37321 3.8238e-01     54.342 0.0000e+00
        643 199.578385    0.04458     2.6750    160.500  1025.2824  50844.357    31.9730     53.963    6.88257     7.0219     7.0269    25.0321   12.37323 3.7821e-01     54.480 0.0000e+00
        644 199.578388    0.04465     2.6792    160.750  1025.2830  50844.431    31.9729     54.105    6.88258     7.0218     7.0268    25.0321   12.37325 3.7385e-01     54.624 0.0000e+00
        645 199.578391    0.04472     2.6833    161.000  1025.2837  50844.534    31.9729     54.255    6.88259     7.0217     7.0268    25.0321   12.37327 3.6923e-01     54.774 0.0000e+00
        646 199.578394    0.04479     2.6875    161.250  1025.2845  50844.688    31.9730     54.411    6.88261     7.0216     7.0267    25.0321   12.37329 3.6439e-01     54.932 0.0000e+00
        647 199.578397    0.04486     2.6917    161.500  1025.2853  50844.896    31.9730     54.573    6.88262     7.0216     7.0266    25.0322   12.37331 3.5946e-01     55.095 0.0000e+00
        648 199.578400    0.04493     2.6958    161.750  1025.2861  50845.136    31.9731     54.737    6.88262     7.0215     7.0266    25.0322   12.37332 3.5453e-01     55.262 0.0000e+00
        649 199.578403    0.04500     2.7000    162.000  1025.2869  50845.348    31.9731     54.903    6.88263     7.0215     7.0265    25.0323   12.37333 3.4958e-01     55.429 0.0000e+00
        650 199.578406    0.04507     2.7042    162.250  1025.2877  50845.528    31.9732     55.069    6.88263     7.0215     7.0265    25.0324   12.37333 3.4463e-01     55.596 0.0000e+00
        651 199.578409    0.04514     2.7083    162.500  1025.2885  50845.714    31.9732     55.235    6.88263     7.0216     7.0265    25.0324   12.37333 3.3973e-01     55.763 0.0000e+00
        652 199.578411    0.04521     2.7125    162.750  1025.2893  50845.874    31.9733     55.400    6.88262     7.0216     7.0265    25.0324   12.37332 3.3488e-01     55.930 0.0000e+00
        653 199.578414    0.04528     2.7167    163.000  1025.2901  50845.953    31.9733     55.564    6.88261     7.0217     7.0266    25.0324   12.37330 3.3010e-01     56.095 0.0000e+00
        654 199.578417    0.04535     2.7208    163.250  1025.2908  50845.942    31.9732     55.727    6.88261     7.0217     7.0266    25.0323   12.37329 3.2539e-01     56.260 0.0000e+00
        655 199.578420    0.04542     2.7250    163.500  1025.2915  50845.907    31.9731     55.889    6.88260     7.0217     7.0267    25.0322   12.37328 3.2077e-01     56.424 0.0000e+00
        656 199.578423    0.04549     2.7292    163.750  1025.2922  50845.945    31.9731     56.051    6.88260     7.0217     7.0267    25.0322   12.37327 3.1625e-01     56.588 0.0000e+00
        657 199.578426    0.04556     2.7333    164.000  1025.2929  50846.057    31.9731     56.212    6.88259     7.0217     7.0267    25.0322   12.37327 3.1186e-01     56.750 0.0000e+00
        658 199.578429    0.04562     2.7375    164.250  1025.2936  50846.189    31.9731     56.370    6.88259     7.0217     7.0267    25.0322   12.37326 3.0764e-01     56.909 0.0000e+00
        659 199.578432    0.04569     2.7417    164.500  1025.2944  50846.316    31.9731     56.523    6.88258     7.0218     7.0268    25.0322   12.37325 3.0369e-01     57.064 0.0000e+00
        660 199.578435    0.04576     2.7458    164.750  1025.2951  50846.431    31.9731     56.669    6.88258     7.0218     7.0268    25.0323   12.37324 3.0009e-01     57.212 0.0000e+00
        661 199.578438    0.04583     2.7500    165.000  1025.2957  50846.518    31.9731     56.807    6.88257     7.0218     7.0268    25.0323   12.37323 2.9694e-01     57.351 0.0000e+00
        662 199.578440    0.04590     2.7542    165.250  1025.2963  50846.573    31.9731     56.935    6.88257     7.0219     7.0269    25.0323   12.37322 2.9416e-01     57.481 0.0000e+00
        663 199.578443    0.04597     2.7583    165.500  1025.2968  50846.604    31.9730     57.055    6.88256     7.0220     7.0269    25.0322   12.37321 2.9158e-01     57.602 0.0000e+00
        664 199.578446    0.04604     2.7625    165.750  1025.2973  50846.611    31.9730     57.169    6.88255     7.0221     7.0270    25.0322   12.37319 2.8915e-01     57.717 0.0000e+00
        665 199.578449    0.04611     2.7667    166.000  1025.2978  50846.628    31.9730     57.280    6.88254     7.0222     7.0271    25.0321   12.37317 2.8684e-01     57.829 0.0000e+00
        666 199.578452    0.04618     2.7708    166.250  1025.2983  50846.665    31.9730     57.392    6.88252     7.0222     7.0272    25.0321   12.37315 2.8452e-01     57.942 0.0000e+00
        667 199.578455    0.04625     2.7750    166.500  1025.2988  50846.696    31.9730     57.507    6.88251     7.0223     7.0273    25.0321   12.37312 2.8211e-01     58.058 0.0000e+00
        668 199.578458    0.04632     2.7792    166.750  1025.2993  50846.761    31.9730     57.629    6.88249     7.0224     7.0274    25.0321   12.37310 2.7954e-01     58.182 0.0000e+00
        669 199.578461    0.04639     2.7833    167.000  1025.3000  50846.895    31.9730     57.761    6.88248     7.0224     7.0275    25.0321   12.37307 2.7676e-01     58.314 0.0000e+00
        670 199.578464    0.04646     2.7875    167.250  1025.3007  50847.054    31.9731     57.904    6.88246     7.0225     7.0276    25.0321   12.37305 2.7369e-01     58.459 0.0000e+00
        671 199.578466    0.04653     2.7917    167.500  1025.3014  50847.146    31.9731     58.062    6.88245     7.0225     7.0276    25.0321   12.37303 2.7027e-01     58.618 0.0000e+00
        672 199.578469    0.04660     2.7958    167.750  1025.3021  50847.161    31.9730     58.233    6.88244     7.0225     7.0277    25.0321   12.37302 2.6647e-01     58.791 0.0000e+00
        673 199.578472    0.04667     2.8000    168.000  1025.3029  50847.172    31.9730     58.418    6.88244     7.0225     7.0277    25.0321   12.37301 2.6234e-01     58.977 0.0000e+00
        674 199.578475    0.04674     2.8042    168.250  1025.3038  50847.217    31.9729     58.614    6.88243     7.0225     7.0277    25.0320   12.37300 2.5801e-01     59.176 0.0000e+00
        675 199.578478    0.04681     2.8083    168.500  1025.3048  50847.321    31.9729     58.818    6.88243     7.0226     7.0278    25.0320   12.37300 2.5365e-01     59.382 0.0000e+00
        676 199.578481    0.04688     2.8125    168.750  1025.3057  50847.476    31.9729     59.025    6.88243     7.0226     7.0278    25.0320   12.37299 2.4940e-01     59.590 0.0000e+00
        677 199.578484    0.04694     2.8167    169.000  1025.3067  50847.645    31.9730     59.227    6.88242     7.0227     7.0279    25.0320   12.37297 2.4532e-01     59.795 0.0000e+00
        678 199.578487    0.04701     2.8208    169.250  1025.3076  50847.827    31.9730     59.420    6.88240     7.0228     7.0279    25.0321   12.37295 2.4153e-01     59.990 0.0000e+00
        679 199.578490    0.04708     2.8250    169.500  1025.3085  50848.003    31.9731     59.599    6.88239     7.0229     7.0280    25.0321   12.37293 2.3817e-01     60.170 0.0000e+00
        680 199.578492    0.04715     2.8292    169.750  1025.3092  50848.078    31.9731     59.760    6.88237     7.0230     7.0281    25.0320   12.37291 2.3526e-01     60.333 0.0000e+00
