CTD-processing/allCTD/CNV--homogene/2013_03-15_t9_s03_cast050.cnv
* Sea-Bird SBE19plus Data File:
* FileName = C:\Documents and Settings\kris.holderied.local\My Documents\2012-2013-CTD-DATA-new-files\2013-03-15-CTD-HomerSpitLine-LTM\2013-03-15-HomerSpitLine-cast050.hex
* Software Version 1.54
* Temperature SN =  5028
* Conductivity SN =  5028
* System UpLoad Time = Apr 19 2013 01:06:24
** Kachemak Bay - Spit Line LTM monthly transect
** Date:  2013-03-15
** Station:  9-03
** Start time (AKDT-24 hr): 1730
** Depth (ft): 310
** Comment:  CTD time set wrong
** Comment: Clear Water
# nquan = 17
# nvalues = 784                         
# units = specified
# name 0 = scan: Scan Count
# name 1 = timeJ: Julian Days
# name 2 = timeH: Time, Elapsed [hours]
# name 3 = timeM: Time, Elapsed [minutes]
# name 4 = timeS: Time, Elapsed [seconds]
# name 5 = density00: Density [density, kg/m^3]
# name 6 = specc: Specific Conductance [uS/cm]
# name 7 = sal00: Salinity, Practical [PSU]
# name 8 = depSM: Depth [salt water, m], lat = 59.00
# name 9 = oxsolML/L: Oxygen Saturation, Garcia & Gordon [ml/l]
# name 10 = potemp090C: Potential Temperature [ITS-90, deg C]
# name 11 = tv290C: Temperature [ITS-90, deg C]
# name 12 = sigma-é00: Density [sigma-theta, kg/m^3]
# name 13 = n2satML/L: Nitrogen Saturation [ml/l]
# name 14 = par: PAR/Irradiance, Biospherical/Licor
# name 15 = prdM: Pressure, Strain Gauge [db]
# name 16 = flag:  0.000e+00
# span 0 =          1,        784       
# span 1 =  74.770590,  74.772856       
# span 2 =    0.00000,    0.05438       
# span 3 =     0.0000,     3.2625       
# span 4 =      0.000,    195.750       
# span 5 =  1000.6404,  1025.6648       
# span 6 =   1727.129,  51554.563       
# span 7 =     0.8360,    31.7287       
# span 8 =     -0.094,     94.992       
# span 9 =    7.46681,    9.40208       
# span 10 =     2.8439,     3.6689      
# span 11 =     2.8439,     3.6734      
# span 12 =     0.6408,    25.2165      
# span 13 =   13.34139,   17.02264      
# span 14 = 3.7912e-02, 3.6586e+02      
# span 15 =     -0.095,     95.911      
# span 16 = 0.0000e+00, 0.0000e+00      
# interval = seconds: 0.25
# start_time = Mar 15 2013 18:29:39 [Instrument's time stamp, header]
# bad_flag = -9.990e-29
*END*
[from data line 766]
        767  74.772807    0.05319     3.1917    191.500  1025.6598  51554.009    31.7287     93.798    7.46735     3.6602     3.6660    25.2165   13.34206 3.7912e-02     94.704 0.0000e+00
        768  74.772810    0.05326     3.1958    191.750  1025.6605  51554.154    31.7287     93.951    7.46735     3.6602     3.6660    25.2165   13.34206 3.7912e-02     94.859 0.0000e+00
        769  74.772813    0.05333     3.2000    192.000  1025.6612  51554.241    31.7286     94.099    7.46735     3.6601     3.6660    25.2165   13.34206 3.7912e-02     95.009 0.0000e+00
        770  74.772815    0.05340     3.2042    192.250  1025.6618  51554.298    31.7286     94.246    7.46735     3.6601     3.6660    25.2165   13.34206 3.7912e-02     95.157 0.0000e+00
        771  74.772818    0.05347     3.2083    192.500  1025.6625  51554.343    31.7286     94.392    7.46735     3.6600     3.6660    25.2165   13.34207 3.7912e-02     95.305 0.0000e+00
        772  74.772821    0.05354     3.2125    192.750  1025.6631  51554.405    31.7285     94.534    7.46735     3.6600     3.6659    25.2165   13.34208 3.7912e-02     95.448 0.0000e+00
        773  74.772824    0.05361     3.2167    193.000  1025.6637  51554.485    31.7285     94.665    7.46736     3.6599     3.6659    25.2165   13.34210 3.7912e-02     95.580 0.0000e+00
        774  74.772827    0.05368     3.2208    193.250  1025.6642  51554.545    31.7284     94.775    7.46738     3.6599     3.6658    25.2165   13.34212 3.7912e-02     95.692 0.0000e+00
        775  74.772830    0.05375     3.2250    193.500  1025.6645  51554.563    31.7284     94.855    7.46739     3.6599     3.6658    25.2164   13.34214 3.7912e-02     95.772 0.0000e+00
        776  74.772833    0.05382     3.2292    193.750  1025.6647  51554.532    31.7284     94.903    7.46740     3.6599     3.6658    25.2164   13.34215 3.7912e-02     95.821 0.0000e+00
        777  74.772836    0.05389     3.2333    194.000  1025.6648  51554.438    31.7283     94.930    7.46740     3.6598     3.6658    25.2163   13.34216 3.7912e-02     95.848 0.0000e+00
        778  74.772839    0.05396     3.2375    194.250  1025.6648  51554.268    31.7281     94.944    7.46741     3.6598     3.6657    25.2162   13.34217 3.7912e-02     95.862 0.0000e+00
        779  74.772841    0.05403     3.2417    194.500  1025.6647  51554.020    31.7280     94.955    7.46742     3.6599     3.6657    25.2161   13.34219 3.7912e-02     95.873 0.0000e+00
        780  74.772844    0.05410     3.2458    194.750  1025.6646  51553.672    31.7277     94.967    7.46743     3.6599     3.6657    25.2159   13.34222 3.7912e-02     95.886 0.0000e+00
        781  74.772847    0.05417     3.2500    195.000  1025.6643  51553.161    31.7274     94.979    7.46745     3.6599     3.6657    25.2156   13.34225 3.7912e-02     95.898 0.0000e+00
        782  74.772850    0.05424     3.2542    195.250  1025.6640  51552.517    31.7269     94.987    7.46747     3.6599     3.6658    25.2152   13.34228 3.7912e-02     95.906 0.0000e+00
        783  74.772853    0.05431     3.2583    195.500  1025.6638  51552.016    31.7266     94.991    7.46748 -9.990e-29     3.6658    25.2150   13.34232 3.7912e-02     95.910 0.0000e+00
        784  74.772856    0.05438     3.2625    195.750  1025.6637  51551.851    31.7265     94.992    7.46749 -9.990e-29     3.6658    25.2149   13.34233 3.7912e-02     95.911 0.0000e+00
