CTD-processing/allCTD/CNV--homogene/2013_11-06_t6_s04_cast136.cnv
* Sea-Bird SBE19plus Data File:
* FileName = C:\Users\kris.holderied\Documents\kasitsna\Research-Projects-and-Data\Oceanography-AK\CTD-CookInlet-GulfWatchAK\2013-10-11-EVOSTC-CookInlet-Ocean\2013-11-06-CookInlet-Tran6-Douglas\2013-11-06-CookInlet-Tran6-cast136.hex
* Software Version 1.59
* Temperature SN =  5028
* Conductivity SN =  5028
* System UpLoad Time = Feb 14 2014 17:10:51
** Cook Inlet Transect 6 (Douglas) east to west
** Date: 2013-11-06
** Station: 6-04
** Start time: 08:44
** Depth (m): 102
** Comment:  CTD instrument time is AK Daylight time *1 hour off*
** Comment:
# nquan = 17
# nvalues = 614                         
# units = specified
# name 0 = scan: Scan Count
# name 1 = timeJ: Julian Days
# name 2 = timeH: Time, Elapsed [hours]
# name 3 = timeM: Time, Elapsed [minutes]
# name 4 = timeS: Time, Elapsed [seconds]
# name 5 = density00: Density [density, kg/m^3]
# name 6 = specc: Specific Conductance [uS/cm]
# name 7 = sal00: Salinity, Practical [PSU]
# name 8 = depSM: Depth [salt water, m], lat = 59.00
# name 9 = oxsolML/L: Oxygen Saturation, Garcia & Gordon [ml/l]
# name 10 = potemp090C: Potential Temperature [ITS-90, deg C]
# name 11 = tv290C: Temperature [ITS-90, deg C]
# name 12 = sigma-é00: Density [sigma-theta, kg/m^3]
# name 13 = n2satML/L: Nitrogen Saturation [ml/l]
# name 14 = par: PAR/Irradiance, Biospherical/Licor
# name 15 = prdM: Pressure, Strain Gauge [db]
# name 16 = flag:  0.000e+00
# span 0 =          1,        614       
# span 1 = 310.404294, 310.406068       
# span 2 =    0.00000,    0.04257       
# span 3 =     0.0000,     2.5542       
# span 4 =      0.000,    153.250       
# span 5 =  1000.1435,  1024.9616       
# span 6 =    473.086,  49924.724       
# span 7 =     0.2205,    31.5365       
# span 8 =      0.002,    100.606       
# span 9 =    6.67568,    8.92107       
# span 10 =     4.9755,     8.6374      
# span 11 =     4.9755,     8.6425      
# span 12 =     0.1435,    24.4982      
# span 13 =   12.04080,   16.22563      
# span 14 = 4.3522e-02, 1.1159e+01      
# span 15 =      0.002,    101.581      
# span 16 = 0.0000e+00, 0.0000e+00      
# interval = seconds: 0.25
# start_time = Nov 06 2013 09:42:11 [Instrument's time stamp, header]
# bad_flag = -9.990e-29
*END*
[from data line 511]
        512 310.405773    0.03549     2.1292    127.750  1024.3117  48992.360    30.9327     69.849    6.67986     8.6325     8.6403    23.9899   12.05078 4.4536e-02     70.521 0.0000e+00
        513 310.405775    0.03556     2.1333    128.000  1024.3125  48992.032    30.9323     70.091    6.67993     8.6321     8.6399    23.9896   12.05090 4.4546e-02     70.764 0.0000e+00
        514 310.405778    0.03562     2.1375    128.250  1024.3137  48992.216    30.9323     70.334    6.68000     8.6319     8.6395    23.9897   12.05101 4.4601e-02     71.010 0.0000e+00
        515 310.405781    0.03569     2.1417    128.500  1024.3152  48992.957    30.9326     70.587    6.68003     8.6319     8.6392    23.9900   12.05107 4.4664e-02     71.266 0.0000e+00
        516 310.405784    0.03576     2.1458    128.750  1024.3168  48993.716    30.9330     70.861    6.68004     8.6318     8.6390    23.9903   12.05108 4.4661e-02     71.543 0.0000e+00
        517 310.405787    0.03583     2.1500    129.000  1024.3182  48993.861    30.9330     71.163    6.68005     8.6316     8.6390    23.9903   12.05110 4.4564e-02     71.847 0.0000e+00
        518 310.405790    0.03590     2.1542    129.250  1024.3193  48993.254    30.9324     71.497    6.68008     8.6312     8.6389    23.9899   12.05115 4.4433e-02     72.185 0.0000e+00
        519 310.405793    0.03597     2.1583    129.500  1024.3203  48992.189    30.9315     71.866    6.68014     8.6305     8.6388    23.9892   12.05127 4.4311e-02     72.557 0.0000e+00
        520 310.405796    0.03604     2.1625    129.750  1024.3213  48990.853    30.9303     72.266    6.68025     8.6296     8.6384    23.9884   12.05146 4.4210e-02     72.961 0.0000e+00
        521 310.405799    0.03611     2.1667    130.000  1024.3223  48989.306    30.9290     72.692    6.68041     8.6286     8.6377    23.9874   12.05173 4.4157e-02     73.391 0.0000e+00
        522 310.405802    0.03618     2.1708    130.250  1024.3236  48988.233    30.9279     73.136    6.68058     8.6277     8.6369    23.9867   12.05203 4.4172e-02     73.839 0.0000e+00
        523 310.405804    0.03625     2.1750    130.500  1024.3255  48988.213    30.9275     73.587    6.68074     8.6270     8.6360    23.9866   12.05230 4.4215e-02     74.295 0.0000e+00
        524 310.405807    0.03632     2.1792    130.750  1024.3278  48988.841    30.9277     74.033    6.68086     8.6265     8.6351    23.9868   12.05250 4.4221e-02     74.745 0.0000e+00
        525 310.405810    0.03639     2.1833    131.000  1024.3300  48989.554    30.9279     74.457    6.68095     8.6262     8.6345    23.9870   12.05264 4.4186e-02     75.174 0.0000e+00
        526 310.405813    0.03646     2.1875    131.250  1024.3320  48990.131    30.9281     74.846    6.68100     8.6260     8.6340    23.9872   12.05273 4.4147e-02     75.566 0.0000e+00
        527 310.405816    0.03653     2.1917    131.500  1024.3337  48990.600    30.9282     75.188    6.68104     8.6259     8.6338    23.9874   12.05279 4.4132e-02     75.912 0.0000e+00
        528 310.405819    0.03660     2.1958    131.750  1024.3352  48991.019    30.9284     75.482    6.68106     8.6258     8.6336    23.9876   12.05281 4.4168e-02     76.208 0.0000e+00
        529 310.405822    0.03667     2.2000    132.000  1024.3365  48991.303    30.9284     75.729    6.68107     8.6257     8.6335    23.9876   12.05283 4.4230e-02     76.458 0.0000e+00
        530 310.405825    0.03674     2.2042    132.250  1024.3374  48991.469    30.9284     75.936    6.68108     8.6256     8.6335    23.9876   12.05284 4.4256e-02     76.666 0.0000e+00
        531 310.405828    0.03681     2.2083    132.500  1024.3383  48991.723    30.9285     76.112    6.68109     8.6255     8.6334    23.9877   12.05286 4.4229e-02     76.844 0.0000e+00
        532 310.405830    0.03687     2.2125    132.750  1024.3393  48992.212    30.9288     76.271    6.68110     8.6255     8.6332    23.9880   12.05287 4.4208e-02     77.005 0.0000e+00
        533 310.405833    0.03694     2.2167    133.000  1024.3404  48992.931    30.9292     76.429    6.68109     8.6257     8.6332    23.9883   12.05285 4.4249e-02     77.165 0.0000e+00
        534 310.405836    0.03701     2.2208    133.250  1024.3416  48993.803    30.9298     76.601    6.68106     8.6259     8.6332    23.9887   12.05280 4.4301e-02     77.338 0.0000e+00
        535 310.405839    0.03708     2.2250    133.500  1024.3427  48994.372    30.9301     76.798    6.68102     8.6259     8.6333    23.9890   12.05273 4.4316e-02     77.537 0.0000e+00
        536 310.405842    0.03715     2.2292    133.750  1024.3435  48993.999    30.9298     77.029    6.68100     8.6257     8.6335    23.9887   12.05271 4.4326e-02     77.770 0.0000e+00
        537 310.405845    0.03722     2.2333    134.000  1024.3443  48993.270    30.9292     77.298    6.68102     8.6255     8.6336    23.9882   12.05274 4.4288e-02     78.042 0.0000e+00
        538 310.405848    0.03729     2.2375    134.250  1024.3457  48993.490    30.9292     77.606    6.68104     8.6254     8.6334    23.9882   12.05278 4.4191e-02     78.353 0.0000e+00
        539 310.405851    0.03736     2.2417    134.500  1024.3477  48994.571    30.9297     77.948    6.68105     8.6255     8.6332    23.9887   12.05278 4.4144e-02     78.698 0.0000e+00
        540 310.405854    0.03743     2.2458    134.750  1024.3500  48995.714    30.9303     78.319    6.68103     8.6256     8.6332    23.9892   12.05274 4.4144e-02     79.074 0.0000e+00
        541 310.405856    0.03750     2.2500    135.000  1024.3521  48996.550    30.9308     78.714    6.68099     8.6258     8.6333    23.9895   12.05268 4.4135e-02     79.472 0.0000e+00
        542 310.405859    0.03757     2.2542    135.250  1024.3541  48997.038    30.9310     79.123    6.68096     8.6259     8.6335    23.9897   12.05261 4.4127e-02     79.885 0.0000e+00
        543 310.405862    0.03764     2.2583    135.500  1024.3562  48997.724    30.9313     79.533    6.68091     8.6260     8.6337    23.9899   12.05253 4.4126e-02     80.300 0.0000e+00
        544 310.405865    0.03771     2.2625    135.750  1024.3586  48998.933    30.9320     79.935    6.68086     8.6260     8.6339    23.9904   12.05243 4.4127e-02     80.705 0.0000e+00
        545 310.405868    0.03778     2.2667    136.000  1024.3612  49000.693    30.9331     80.319    6.68079     8.6260     8.6340    23.9912   12.05231 4.4134e-02     81.093 0.0000e+00
        546 310.405871    0.03785     2.2708    136.250  1024.3643  49003.584    30.9349     80.684    6.68070     8.6261     8.6341    23.9927   12.05214 4.4125e-02     81.461 0.0000e+00
        547 310.405874    0.03792     2.2750    136.500  1024.3680  49007.552    30.9375     81.027    6.68057     8.6260     8.6342    23.9948   12.05190 4.4107e-02     81.808 0.0000e+00
        548 310.405877    0.03799     2.2792    136.750  1024.3717  49011.899    30.9404     81.347    6.68044     8.6255     8.6342    23.9970   12.05163 4.4115e-02     82.131 0.0000e+00
        549 310.405880    0.03806     2.2833    137.000  1024.3759  49017.246    30.9440     81.644    6.68030     8.6247     8.6341    23.9999   12.05135 4.4109e-02     82.430 0.0000e+00
        550 310.405883    0.03812     2.2875    137.250  1024.3812  49024.777    30.9491     81.918    6.68014     8.6238     8.6337    24.0039   12.05104 4.4073e-02     82.708 0.0000e+00
        551 310.405885    0.03819     2.2917    137.500  1024.3880  49035.121    30.9562     82.173    6.67995     8.6231     8.6329    24.0095   12.05064 4.4066e-02     82.965 0.0000e+00
        552 310.405888    0.03826     2.2958    137.750  1024.3965  49048.613    30.9654     82.413    6.67969     8.6225     8.6321    24.0169   12.05009 4.4081e-02     83.208 0.0000e+00
        553 310.405891    0.03833     2.3000    138.000  1024.4066  49065.263    30.9768     82.644    6.67931     8.6222     8.6313    24.0259   12.04932 4.4104e-02     83.441 0.0000e+00
        554 310.405894    0.03840     2.3042    138.250  1024.4181  49084.447    30.9901     82.874    6.67881     8.6217     8.6308    24.0364   12.04833 4.4141e-02     83.673 0.0000e+00
        555 310.405897    0.03847     2.3083    138.500  1024.4305  49105.187    31.0045     83.112    6.67823     8.6209     8.6305    24.0477   12.04720 4.4159e-02     83.913 0.0000e+00
        556 310.405900    0.03854     2.3125    138.750  1024.4431  49126.277    31.0191     83.364    6.67766     8.6193     8.6301    24.0592   12.04608 4.4145e-02     84.169 0.0000e+00
        557 310.405903    0.03861     2.3167    139.000  1024.4552  49146.147    31.0327     83.637    6.67719     8.6169     8.6293    24.0700   12.04514 4.4099e-02     84.444 0.0000e+00
        558 310.405906    0.03868     2.3208    139.250  1024.4669  49165.174    31.0457     83.932    6.67686     8.6133     8.6277    24.0804   12.04443 4.4049e-02     84.742 0.0000e+00
        559 310.405909    0.03875     2.3250    139.500  1024.4800  49186.358    31.0600     84.249    6.67660     8.6077     8.6253    24.0920   12.04382 4.4054e-02     85.062 0.0000e+00
        560 310.405911    0.03882     2.3292    139.750  1024.4969  49214.485    31.0790     84.584    6.67631     8.5992     8.6217    24.1074   12.04312 4.4085e-02     85.399 0.0000e+00
        561 310.405914    0.03889     2.3333    140.000  1024.5205  49254.487    31.1061     84.930    6.67597     8.5863     8.6162    24.1294   12.04221 4.4103e-02     85.750 0.0000e+00
        562 310.405917    0.03896     2.3375    140.250  1024.5518  49308.365    31.1424     85.282    6.67568     8.5685     8.6077    24.1591   12.04129 4.4113e-02     86.105 0.0000e+00
        563 310.405920    0.03903     2.3417    140.500  1024.5896  49373.862    31.1862     85.634    6.67571     8.5467     8.5948    24.1953   12.04080 4.4086e-02     86.460 0.0000e+00
        564 310.405923    0.03910     2.3458    140.750  1024.6310  49445.593    31.2336     85.980    6.67632     8.5233     8.5770    24.2351   12.04123 4.4015e-02     86.809 0.0000e+00
        565 310.405926    0.03917     2.3500    141.000  1024.6728  49517.872    31.2808     86.316    6.67753     8.5009     8.5553    24.2753   12.04266 4.3968e-02     87.148 0.0000e+00
        566 310.405929    0.03924     2.3542    141.250  1024.7118  49585.092    31.3243     86.641    6.67915     8.4815     8.5319    24.3127   12.04481 4.3963e-02     87.477 0.0000e+00
        567 310.405932    0.03931     2.3583    141.500  1024.7456  49643.130    31.3614     86.957    6.68089     8.4655     8.5096    24.3451   12.04724 4.3963e-02     87.797 0.0000e+00
        568 310.405935    0.03938     2.3625    141.750  1024.7741  49691.532    31.3923     87.268    6.68247     8.4527     8.4902    24.3722   12.04948 4.3958e-02     88.111 0.0000e+00
        569 310.405937    0.03944     2.3667    142.000  1024.7974  49730.779    31.4173     87.578    6.68379     8.4428     8.4742    24.3941   12.05135 4.3946e-02     88.423 0.0000e+00
        570 310.405940    0.03951     2.3708    142.250  1024.8157  49760.884    31.4363     87.890    6.68488     8.4355     8.4614    24.4109   12.05293 4.3946e-02     88.738 0.0000e+00
        571 310.405943    0.03958     2.3750    142.500  1024.8293  49782.733    31.4499     88.203    6.68577     8.4304     8.4515    24.4230   12.05423 4.3990e-02     89.054 0.0000e+00
        572 310.405946    0.03965     2.3792    142.750  1024.8391  49797.807    31.4593     88.519    6.68646     8.4269     8.4442    24.4314   12.05526 4.4032e-02     89.373 0.0000e+00
        573 310.405949    0.03972     2.3833    143.000  1024.8464  49808.301    31.4657     88.834    6.68694     8.4242     8.4392    24.4372   12.05597 4.4013e-02     89.691 0.0000e+00
        574 310.405952    0.03979     2.3875    143.250  1024.8526  49816.949    31.4711     89.142    6.68723     8.4216     8.4357    24.4419   12.05638 4.3954e-02     90.003 0.0000e+00
        575 310.405955    0.03986     2.3917    143.500  1024.8589  49826.042    31.4769     89.438    6.68738     8.4187     8.4331    24.4469   12.05655 4.3897e-02     90.302 0.0000e+00
        576 310.405958    0.03993     2.3958    143.750  1024.8658  49836.343    31.4836     89.717    6.68748     8.4157     8.4305    24.4525   12.05663 4.3853e-02     90.584 0.0000e+00
        577 310.405961    0.04000     2.4000    144.000  1024.8727  49846.630    31.4903     89.979    6.68762     8.4129     8.4276    24.4582   12.05679 4.3830e-02     90.848 0.0000e+00
        578 310.405964    0.04007     2.4042    144.250  1024.8787  49855.483    31.4959     90.228    6.68783     8.4108     8.4246    24.4630   12.05706 4.3827e-02     91.099 0.0000e+00
        579 310.405966    0.04014     2.4083    144.500  1024.8835  49862.233    31.5001     90.470    6.68805     8.4093     8.4219    24.4667   12.05738 4.3839e-02     91.344 0.0000e+00
        580 310.405969    0.04021     2.4125    144.750  1024.8870  49866.596    31.5028     90.715    6.68826     8.4085     8.4197    24.4691   12.05769 4.3851e-02     91.591 0.0000e+00
        581 310.405972    0.04028     2.4167    145.000  1024.8893  49868.756    31.5040     90.971    6.68842     8.4083     8.4183    24.4703   12.05794 4.3855e-02     91.849 0.0000e+00
        582 310.405975    0.04035     2.4208    145.250  1024.8908  49869.307    31.5041     91.246    6.68852     8.4085     8.4176    24.4705   12.05811 4.3873e-02     92.127 0.0000e+00
        583 310.405978    0.04042     2.4250    145.500  1024.8918  49868.736    31.5036     91.543    6.68857     8.4088     8.4175    24.4701   12.05821 4.3901e-02     92.428 0.0000e+00
        584 310.405981    0.04049     2.4292    145.750  1024.8926  49867.807    31.5028     91.864    6.68858     8.4090     8.4176    24.4695   12.05823 4.3913e-02     92.752 0.0000e+00
        585 310.405984    0.04056     2.4333    146.000  1024.8939  49867.549    31.5025     92.206    6.68854     8.4090     8.4180    24.4692   12.05817 4.3914e-02     93.097 0.0000e+00
        586 310.405987    0.04063     2.4375    146.250  1024.8957  49867.929    31.5027     92.562    6.68850     8.4087     8.4182    24.4693   12.05810 4.3911e-02     93.456 0.0000e+00
        587 310.405990    0.04069     2.4417    146.500  1024.8977  49868.848    31.5031     92.925    6.68848     8.4081     8.4182    24.4697   12.05806 4.3866e-02     93.824 0.0000e+00
        588 310.405992    0.04076     2.4458    146.750  1024.9008  49871.533    31.5048     93.287    6.68843     8.4069     8.4180    24.4710   12.05796 4.3810e-02     94.189 0.0000e+00
        589 310.405995    0.04083     2.4500    147.000  1024.9050  49876.579    31.5081     93.639    6.68838     8.4052     8.4174    24.4737   12.05783 4.3804e-02     94.544 0.0000e+00
        590 310.405998    0.04090     2.4542    147.250  1024.9098  49882.613    31.5120     93.976    6.68839     8.4036     8.4162    24.4769   12.05780 4.3817e-02     94.884 0.0000e+00
        591 310.406001    0.04097     2.4583    147.500  1024.9142  49887.980    31.5154     94.295    6.68848     8.4024     8.4146    24.4798   12.05792 4.3830e-02     95.207 0.0000e+00
        592 310.406004    0.04104     2.4625    147.750  1024.9177  49891.937    31.5178     94.598    6.68862     8.4015     8.4130    24.4819   12.05811 4.3843e-02     95.512 0.0000e+00
        593 310.406007    0.04111     2.4667    148.000  1024.9205  49894.743    31.5194     94.888    6.68873     8.4009     8.4118    24.4834   12.05827 4.3849e-02     95.805 0.0000e+00
        594 310.406010    0.04118     2.4708    148.250  1024.9230  49897.057    31.5208     95.170    6.68879     8.4003     8.4110    24.4846   12.05836 4.3861e-02     96.090 0.0000e+00
        595 310.406013    0.04125     2.4750    148.500  1024.9254  49899.227    31.5221     95.450    6.68883     8.3996     8.4103    24.4857   12.05841 4.3874e-02     96.373 0.0000e+00
