CTD-processing/allCTD/CNV--homogene/2013_06-06_alongbay_skb12_inner_cast168.cnv
* Sea-Bird SBE19plus Data File:
* FileName = C:\Documents and Settings\kbayadmin\My Documents\CTD data\2013-06-06 Kachemak Bay all bay inner bay\2013-06-06 Kachemak Bay All Bay Inner Bay cast168.hex
* Software Version 1.59
* Temperature SN =  5028
* Conductivity SN =  5028
* System UpLoad Time = Jun 18 2013 15:58:47
** Kachemak Bay All Bay Inner Bay
** 2013-06-06
** Station: KB-12
** N': 59 42.731
** W': 151 6.956
** Start Time: 1323
** Depth(ft): 206
# nquan = 17
# nvalues = 605                         
# units = specified
# name 0 = scan: Scan Count
# name 1 = timeJ: Julian Days
# name 2 = timeH: Time, Elapsed [hours]
# name 3 = timeM: Time, Elapsed [minutes]
# name 4 = timeS: Time, Elapsed [seconds]
# name 5 = density00: Density [density, kg/m^3]
# name 6 = specc: Specific Conductance [uS/cm]
# name 7 = sal00: Salinity, Practical [PSU]
# name 8 = depSM: Depth [salt water, m], lat = 59.00
# name 9 = oxsolML/L: Oxygen Saturation, Garcia & Gordon [ml/l]
# name 10 = potemp090C: Potential Temperature [ITS-90, deg C]
# name 11 = tv290C: Temperature [ITS-90, deg C]
# name 12 = sigma-é00: Density [sigma-theta, kg/m^3]
# name 13 = n2satML/L: Nitrogen Saturation [ml/l]
# name 14 = par: PAR/Irradiance, Biospherical/Licor
# name 15 = prdM: Pressure, Strain Gauge [db]
# name 16 = flag:  0.000e+00
# span 0 =          1,        605       
# span 1 = 157.558796, 157.560544       
# span 2 =    0.00000,    0.04194       
# span 3 =     0.0000,     2.5167       
# span 4 =      0.000,    151.000       
# span 5 =   999.8131,  1025.4814       
# span 6 =      7.168,  51260.158       
# span 7 =     0.0067,    31.7222       
# span 8 =     -0.084,     73.102       
# span 9 =    6.50661,    8.15613       
# span 10 =     4.4239,    10.4749      
# span 11 =     4.4289,    10.4750      
# span 12 =    -0.1865,    25.1374      
# span 13 =   11.79069,   14.94225      
# span 14 = 4.5610e-02, 1.9894e+03      
# span 15 =     -0.085,     73.805      
# span 16 = 0.0000e+00, 0.0000e+00      
# interval = seconds: 0.25
# start_time = Jun 06 2013 13:24:40 [Instrument's time stamp, header]
# bad_flag = -9.990e-29
*END*
          1 157.558796    0.00000     0.0000      0.000   999.8131      7.168     0.0067     -0.077    8.15613     8.6596     8.6544    -0.1865   14.94225 1.4330e+02     -0.078 0.0000e+00
          2 157.558799    0.00007     0.0042      0.250   999.8134      8.404     0.0073     -0.077    8.15562     8.6625     8.6568    -0.1862   14.94139 1.5621e+02     -0.078 0.0000e+00
          3 157.558802    0.00014     0.0083      0.500   999.8141     10.465     0.0084     -0.077    8.15501     8.6655     8.6596    -0.1855   14.94034 1.7920e+02     -0.078 0.0000e+00
          4 157.558805    0.00021     0.0125      0.750   999.8153     13.891     0.0103     -0.077    8.15434     8.6690     8.6625    -0.1843   14.93918 2.1914e+02     -0.078 0.0000e+00
          5 157.558808    0.00028     0.0167      1.000   999.8175     19.587     0.0133     -0.078    8.15358     8.6729     8.6655    -0.1821   14.93786 2.8127e+02     -0.078 0.0000e+00
          6 157.558811    0.00035     0.0208      1.250   999.8213     29.087     0.0184     -0.078    8.15265     8.6772     8.6690    -0.1783   14.93621 3.7026e+02     -0.079 0.0000e+00
          7 157.558814    0.00042     0.0250      1.500   999.8277     44.940     0.0269     -0.079    8.15144     8.6817     8.6729    -0.1719   14.93404 4.9716e+02     -0.079 0.0000e+00
          8 157.558817    0.00049     0.0292      1.750   999.8385     71.368     0.0410     -0.079    8.14985     8.6859     8.6772    -0.1611   14.93115 6.8729e+02     -0.079 0.0000e+00
          9 157.558819    0.00056     0.0333      2.000   999.8567    115.412     0.0646     -0.079    8.14776     8.6899     8.6817    -0.1429   14.92727 8.8501e+02     -0.079 0.0000e+00
         10 157.558822    0.00063     0.0375      2.250   999.8872    188.807     0.1038     -0.079    8.14488     8.6936     8.6859    -0.1124   14.92184 9.4989e+02     -0.080 0.0000e+00
         11 157.558825    0.00069     0.0417      2.500   999.9384    311.109     0.1692     -0.080    8.14071     8.6973     8.6899    -0.0612   14.91382 9.0945e+02     -0.080 0.0000e+00
         12 157.558828    0.00076     0.0458      2.750  1000.0239    514.937     0.2782     -0.081    8.13433     8.7012     8.6936     0.0243   14.90143 9.3672e+02     -0.081 0.0000e+00
         13 157.558831    0.00083     0.0500      3.000  1000.1665    854.661     0.4599     -0.082    8.12419     8.7060     8.6973     0.1669   14.88161 1.1310e+03     -0.082 0.0000e+00
         14 157.558834    0.00090     0.0542      3.250  1000.4044   1420.859     0.7627     -0.083    8.10772     8.7123     8.7012     0.4048   14.84930 1.4266e+03     -0.083 0.0000e+00
         15 157.558837    0.00097     0.0583      3.500  1000.8009   2364.373     1.2673     -0.084    8.08064     8.7217     8.7060     0.8013   14.79608 1.6348e+03     -0.084 0.0000e+00
         16 157.558840    0.00104     0.0625      3.750  1001.3369   3633.177     1.9496     -0.084    8.04408     8.7364     8.7123     1.3373   14.72423 1.7495e+03     -0.084 0.0000e+00
         17 157.558843    0.00111     0.0667      4.000  1001.7764   4670.538     2.5096     -0.084    8.01336     8.7588     8.7217     1.7768   14.66407 1.8867e+03     -0.085 0.0000e+00
         18 157.558845    0.00118     0.0708      4.250  1001.9396   5063.143     2.7184     -0.084    7.99989     8.7891     8.7364     1.9400   14.63830 1.9894e+03     -0.085 0.0000e+00
         19 157.558848    0.00125     0.0750      4.500  1001.9497   5091.793     2.7335     -0.084    7.99515     8.8245     8.7588     1.9500   14.63021 1.9829e+03     -0.084 0.0000e+00
         20 157.558851    0.00132     0.0792      4.750  1001.9859   5159.800     2.7834     -0.083    7.98746     8.8629     8.7891     1.9863   14.61676 1.8608e+03     -0.083 0.0000e+00
         21 157.558854    0.00139     0.0833      5.000  1002.1205   5426.096     2.9602     -0.080    7.97276     8.9049     8.8245     2.1209   14.58982 1.5888e+03     -0.081 0.0000e+00
         22 157.558857    0.00146     0.0875      5.250  1002.3873   5955.070     3.3073     -0.076    7.94959     8.9542     8.8629     2.3877   14.54638 1.2285e+03     -0.077 0.0000e+00
         23 157.558860    0.00153     0.0917      5.500  1002.8605   6892.947     3.9200     -0.070    7.91344     9.0179     8.9049     2.8608   14.47766 9.6701e+02     -0.070 0.0000e+00
         24 157.558863    0.00160     0.0958      5.750  1003.7181   8609.021     5.0271     -0.059    7.85274     9.1074     8.9542     3.7183   14.36109 8.9180e+02     -0.059 0.0000e+00
         25 157.558866    0.00167     0.1000      6.000  1005.2601  11725.868     7.0140     -0.040    7.74782     9.2412     9.0179     5.2603   14.15835 9.9507e+02     -0.040 0.0000e+00
         26 157.558869    0.00174     0.1042      6.250  1007.9513  17199.567    10.4783     -0.009    7.56824     9.4293     9.1075     7.9514   13.81022 1.1717e+03     -0.009 0.0000e+00
         27 157.558872    0.00181     0.1083      6.500  1011.7809  24955.855    15.4098      0.040    7.31322     9.6492     9.2413    11.7807   13.31627 1.2191e+03      0.040 0.0000e+00
         28 157.558874    0.00187     0.1125      6.750  1015.5586  32537.490    20.2862      0.104    7.05503     9.8618     9.4293    15.5582   12.81888 1.1637e+03      0.105 0.0000e+00
         29 157.558877    0.00194     0.1167      7.000  1018.1428  37709.021    23.6400      0.176    6.86479    10.0421     9.6493    18.1420   12.45611 1.2150e+03      0.177 0.0000e+00
         30 157.558880    0.00201     0.1208      7.250  1019.6280  40701.587    25.5845      0.245    6.74182    10.1816     9.8619    19.6268   12.22463 1.3562e+03      0.248 0.0000e+00
         31 157.558883    0.00208     0.1250      7.500  1020.5355  42534.262    26.7830      0.312    6.65911    10.2808    10.0422    20.5340   12.07054 1.3876e+03      0.315 0.0000e+00
         32 157.558886    0.00215     0.1292      7.750  1021.0965  43668.572    27.5296      0.372    6.60383    10.3454    10.1817    21.0948   11.96835 1.2962e+03      0.376 0.0000e+00
         33 157.558889    0.00222     0.1333      8.000  1021.4210  44328.859    27.9651      0.424    6.56897    10.3834    10.2808    21.4191   11.90439 1.2171e+03      0.428 0.0000e+00
         34 157.558892    0.00229     0.1375      8.250  1021.6072  44710.077    28.2165      0.463    6.54774    10.4030    10.3454    21.6051   11.86561 1.2031e+03      0.467 0.0000e+00
         35 157.558895    0.00236     0.1417      8.500  1021.7159  44933.014    28.3632      0.490    6.53529    10.4124    10.3834    21.7137   11.84287 1.2326e+03      0.495 0.0000e+00
         36 157.558898    0.00243     0.1458      8.750  1021.7800  45064.295    28.4491      0.511    6.52835    10.4176    10.4030    21.7777   11.83013 1.2398e+03      0.516 0.0000e+00
         37 157.558900    0.00250     0.1500      9.000  1021.8185  45142.850    28.5003      0.532    6.52454    10.4208    10.4125    21.8161   11.82308 1.2008e+03      0.538 0.0000e+00
         38 157.558903    0.00257     0.1542      9.250  1021.8410  45188.509    28.5299      0.554    6.52236    10.4214    10.4177    21.8384   11.81905 1.1599e+03      0.560 0.0000e+00
         39 157.558906    0.00264     0.1583      9.500  1021.8520  45211.385    28.5445      0.573    6.52118    10.4184    10.4208    21.8494   11.81688 1.1483e+03      0.579 0.0000e+00
         40 157.558909    0.00271     0.1625      9.750  1021.8577  45223.264    28.5518      0.586    6.52071    10.4106    10.4215    21.8550   11.81598 1.1582e+03      0.591 0.0000e+00
         41 157.558912    0.00278     0.1667     10.000  1021.8634  45234.163    28.5585      0.590    6.52082    10.3967    10.4185    21.8607   11.81606 1.1612e+03      0.596 0.0000e+00
         42 157.558915    0.00285     0.1708     10.250  1021.8731  45251.438    28.5694      0.588    6.52146    10.3756    10.4107    21.8704   11.81700 1.1721e+03      0.594 0.0000e+00
         43 157.558918    0.00292     0.1750     10.500  1021.8905  45281.843    28.5889      0.584    6.52261    10.3458    10.3968    21.8878   11.81866 1.2334e+03      0.590 0.0000e+00
         44 157.558921    0.00299     0.1792     10.750  1021.9147  45323.617    28.6156      0.583    6.52450    10.3094    10.3757    21.9120   11.82147 1.3568e+03      0.589 0.0000e+00
         45 157.558924    0.00306     0.1833     11.000  1021.9418  45369.338    28.6442      0.585    6.52757    10.2733    10.3458    21.9391   11.82622 1.4753e+03      0.591 0.0000e+00
         46 157.558927    0.00313     0.1875     11.250  1021.9694  45414.994    28.6721      0.590    6.53160    10.2431    10.3095    21.9666   11.83257 1.5860e+03      0.595 0.0000e+00
         47 157.558929    0.00319     0.1917     11.500  1021.9950  45457.136    28.6975      0.593    6.53571    10.2212    10.2734    21.9922   11.83907 1.6819e+03      0.599 0.0000e+00
         48 157.558932    0.00326     0.1958     11.750  1022.0167  45493.007    28.7192      0.593    6.53912    10.2077    10.2432    22.0140   11.84448 1.6521e+03      0.599 0.0000e+00
         49 157.558935    0.00333     0.2000     12.000  1022.0343  45522.401    28.7373      0.591    6.54151    10.2020    10.2212    22.0316   11.84821 1.5672e+03      0.597 0.0000e+00
         50 157.558938    0.00340     0.2042     12.250  1022.0469  45543.762    28.7507      0.590    6.54287    10.2025    10.2078    22.0442   11.85032 1.5066e+03      0.595 0.0000e+00
         51 157.558941    0.00347     0.2083     12.500  1022.0530  45554.199    28.7573      0.590    6.54342    10.2068    10.2020    22.0503   11.85115 1.4666e+03      0.595 0.0000e+00
         52 157.558944    0.00354     0.2125     12.750  1022.0520  45552.436    28.7561      0.592    6.54340    10.2126    10.2025    22.0493   11.85113 1.4907e+03      0.597 0.0000e+00
         53 157.558947    0.00361     0.2167     13.000  1022.0455  45540.986    28.7486      0.593    6.54309    10.2189    10.2069    22.0428   11.85070 1.5137e+03      0.599 0.0000e+00
         54 157.558950    0.00368     0.2208     13.250  1022.0377  45527.443    28.7398      0.593    6.54262    10.2257    10.2127    22.0350   11.85004 1.4965e+03      0.598 0.0000e+00
         55 157.558953    0.00375     0.2250     13.500  1022.0319  45517.694    28.7337      0.591    6.54198    10.2323    10.2189    22.0292   11.84905 1.5057e+03      0.597 0.0000e+00
         56 157.558955    0.00382     0.2292     13.750  1022.0267  45509.060    28.7284      0.591    6.54123    10.2374    10.2257    22.0240   11.84786 1.5031e+03      0.597 0.0000e+00
         57 157.558958    0.00389     0.2333     14.000  1022.0195  45496.579    28.7205      0.593    6.54061    10.2408    10.2324    22.0168   11.84693 1.4441e+03      0.599 0.0000e+00
         58 157.558961    0.00396     0.2375     14.250  1022.0109  45481.390    28.7104      0.595    6.54029    10.2435    10.2375    22.0081   11.84652 1.3760e+03      0.601 0.0000e+00
         59 157.558964    0.00403     0.2417     14.500  1022.0041  45469.385    28.7024      0.596    6.54014    10.2469    10.2409    22.0013   11.84637 1.2765e+03      0.602 0.0000e+00
         60 157.558967    0.00410     0.2458     14.750  1022.0013  45464.531    28.6993      0.595    6.53989    10.2534    10.2435    21.9985   11.84599 1.1288e+03      0.601 0.0000e+00
         61 157.558970    0.00417     0.2500     15.000  1022.0020  45466.390    28.7010      0.594    6.53932    10.2653    10.2470    21.9993   11.84503 9.4138e+02      0.600 0.0000e+00
         62 157.558973    0.00424     0.2542     15.250  1022.0034  45469.826    28.7041      0.594    6.53827    10.2823    10.2535    22.0007   11.84324 7.0313e+02      0.599 0.0000e+00
         63 157.558976    0.00431     0.2583     15.500  1022.0007  45466.532    28.7031      0.594    6.53661    10.3013    10.2653    21.9980   11.84050 4.8219e+02      0.600 0.0000e+00
         64 157.558979    0.00438     0.2625     15.750  1021.9919  45452.687    28.6953      0.594    6.53450    10.3197    10.2824    21.9892   11.83710 3.3453e+02      0.600 0.0000e+00
         65 157.558981    0.00444     0.2667     16.000  1021.9801  45433.559    28.6841      0.592    6.53225    10.3381    10.3014    21.9774   11.83350 2.4446e+02      0.598 0.0000e+00
         66 157.558984    0.00451     0.2708     16.250  1021.9697  45417.086    28.6746      0.590    6.53001    10.3574    10.3198    21.9670   11.82989 1.8999e+02      0.595 0.0000e+00
         67 157.558987    0.00458     0.2750     16.500  1021.9616  45404.728    28.6680      0.588    6.52766    10.3760    10.3382    21.9589   11.82607 1.5642e+02      0.594 0.0000e+00
         68 157.558990    0.00465     0.2792     16.750  1021.9530  45391.497    28.6608      0.590    6.52521    10.3913    10.3574    21.9502   11.82209 1.3631e+02      0.596 0.0000e+00
         69 157.558993    0.00472     0.2833     17.000  1021.9413  45372.576    28.6497      0.594    6.52301    10.4017    10.3761    21.9385   11.81858 1.2589e+02      0.600 0.0000e+00
         70 157.558996    0.00479     0.2875     17.250  1021.9274  45349.279    28.6351      0.596    6.52143    10.4077    10.3914    21.9247   11.81614 1.2134e+02      0.602 0.0000e+00
         71 157.558999    0.00486     0.2917     17.500  1021.9160  45329.639    28.6225      0.593    6.52047    10.4112    10.4018    21.9132   11.81470 1.1973e+02      0.599 0.0000e+00
         72 157.559002    0.00493     0.2958     17.750  1021.9112  45321.767    28.6176      0.587    6.51982    10.4152    10.4078    21.9085   11.81368 1.1813e+02      0.592 0.0000e+00
         73 157.559005    0.00500     0.3000     18.000  1021.9133  45326.232    28.6211      0.581    6.51918    10.4212    10.4113    21.9106   11.81256 1.1389e+02      0.587 0.0000e+00
         74 157.559008    0.00507     0.3042     18.250  1021.9168  45333.112    28.6264      0.583    6.51839    10.4268    10.4153    21.9141   11.81118 1.0931e+02      0.588 0.0000e+00
         75 157.559010    0.00514     0.3083     18.500  1021.9144  45329.542    28.6245      0.589    6.51762    10.4291    10.4212    21.9117   11.80994 1.0681e+02      0.595 0.0000e+00
         76 157.559013    0.00521     0.3125     18.750  1021.9064  45315.633    28.6154      0.595    6.51719    10.4268    10.4268    21.9037   11.80934 1.0517e+02      0.601 0.0000e+00
         77 157.559016    0.00528     0.3167     19.000  1021.9004  45304.871    28.6081      0.597    6.51717    10.4224    10.4291    21.8976   11.80938 1.0359e+02      0.603 0.0000e+00
         78 157.559019    0.00535     0.3208     19.250  1021.9017  45306.959    28.6093      0.595    6.51744    10.4207    10.4268    21.8989   11.80983 1.0227e+02      0.601 0.0000e+00
         79 157.559022    0.00542     0.3250     19.500  1021.9080  45317.890    28.6165      0.594    6.51777    10.4235    10.4224    21.9052   11.81029 1.0149e+02      0.600 0.0000e+00
         80 157.559025    0.00549     0.3292     19.750  1021.9117  45324.400    28.6209      0.597    6.51783    10.4280    10.4207    21.9089   11.81033 1.0142e+02      0.603 0.0000e+00
         81 157.559028    0.00556     0.3333     20.000  1021.9082  45318.454    28.6170      0.600    6.51760    10.4308    10.4235    21.9055   11.80999 1.0128e+02      0.606 0.0000e+00
         82 157.559031    0.00562     0.3375     20.250  1021.9011  45305.978    28.6088      0.600    6.51730    10.4309    10.4280    21.8984   11.80959 1.0061e+02      0.606 0.0000e+00
         83 157.559034    0.00569     0.3417     20.500  1021.8970  45298.867    28.6042      0.596    6.51709    10.4301    10.4309    21.8943   11.80929 1.0021e+02      0.602 0.0000e+00
         84 157.559036    0.00576     0.3458     20.750  1021.8993  45303.099    28.6071      0.592    6.51696    10.4318    10.4309    21.8965   11.80905 1.0005e+02      0.598 0.0000e+00
         85 157.559039    0.00583     0.3500     21.000  1021.9050  45313.547    28.6143      0.591    6.51676    10.4358    10.4302    21.9023   11.80863 9.9880e+01      0.597 0.0000e+00
