CTD-processing/allCTD/CNV--homogene/2013-03-15-cookinlet-tran9-cast054-s07.cnv
* Sea-Bird SBE19plus Data File:
* FileName = C:\Documents and Settings\kris.holderied.local\My Documents\2012-2013-CTD-DATA-new-files\2013-03-15-CTD-HomerSpitLine-LTM\2013-03-15-HomerSpitLine-cast054.hex
* Software Version 1.54
* Temperature SN =  5028
* Conductivity SN =  5028
* System UpLoad Time = Apr 19 2013 01:13:23
** Kachemak Bay - Spit Line LTM monthly transect
** Date:  2013-03-15
** Station: 9-07
** Start time (AKDT-24 hr): 1835
** Depth (ft): 333
** Comment:  CTD time set wrong
** Comment: None
# nquan = 17
# nvalues = 934                         
# units = specified
# name 0 = scan: Scan Count
# name 1 = timeJ: Julian Days
# name 2 = timeH: Time, Elapsed [hours]
# name 3 = timeM: Time, Elapsed [minutes]
# name 4 = timeS: Time, Elapsed [seconds]
# name 5 = density00: Density [density, kg/m^3]
# name 6 = specc: Specific Conductance [uS/cm]
# name 7 = sal00: Salinity, Practical [PSU]
# name 8 = depSM: Depth [salt water, m], lat = 59.00
# name 9 = oxsolML/L: Oxygen Saturation, Garcia & Gordon [ml/l]
# name 10 = potemp090C: Potential Temperature [ITS-90, deg C]
# name 11 = tv290C: Temperature [ITS-90, deg C]
# name 12 = sigma-é00: Density [sigma-theta, kg/m^3]
# name 13 = n2satML/L: Nitrogen Saturation [ml/l]
# name 14 = par: PAR/Irradiance, Biospherical/Licor
# name 15 = prdM: Pressure, Strain Gauge [db]
# name 16 = flag:  0.000e+00
# span 0 =          1,        934       
# span 1 =  74.819769,  74.822468       
# span 2 =    0.00000,    0.06479       
# span 3 =     0.0000,     3.8875       
# span 4 =      0.000,    233.250       
# span 5 =   999.9365,  1025.6938       
# span 6 =      1.984,  51558.520       
# span 7 =     0.0001,    31.7284       
# span 8 =     -0.143,    101.105       
# span 9 =    7.46651,    9.72170       
# span 10 =     1.8328,     3.6670      
# span 11 =     1.8328,     3.6719      
# span 12 =    -0.0628,    25.2163      
# span 13 =   13.34074,   17.57204      
# span 14 = 3.7912e-02, 1.3841e+02      
# span 15 =     -0.144,    102.084      
# span 16 = 0.0000e+00, 0.0000e+00      
# interval = seconds: 0.25
# start_time = Mar 15 2013 19:40:28 [Instrument's time stamp, header]
# bad_flag = -9.990e-29
*END*
[from data line 256]
        257  74.820509    0.01778     1.0667     64.000  1025.0363  51273.163    31.4296      0.980    7.59686     3.0324     3.0516    25.0316   13.55970 4.8439e+01      0.989 0.0000e+00
        258  74.820512    0.01785     1.0708     64.250  1025.0402  51282.315    31.4338      0.974    7.59811     3.0230     3.0438    25.0356   13.56171 4.8741e+01      0.983 0.0000e+00
        259  74.820515    0.01792     1.0750     64.500  1025.0541  51310.848    31.4501      0.966    7.59942     3.0184     3.0324    25.0495   13.56366 4.8947e+01      0.975 0.0000e+00
        260  74.820518    0.01799     1.0792     64.750  1025.0701  51342.776    31.4692      0.957    7.60020     3.0185     3.0230    25.0656   13.56469 4.8891e+01      0.966 0.0000e+00
        261  74.820521    0.01806     1.0833     65.000  1025.0826  51367.046    31.4844      0.949    7.60029     3.0224     3.0184    25.0781   13.56464 4.8689e+01      0.958 0.0000e+00
        262  74.820524    0.01812     1.0875     65.250  1025.0901  51380.953    31.4939      0.944    7.59978     3.0291     3.0185    25.0856   13.56366 4.8607e+01      0.953 0.0000e+00
        263  74.820527    0.01819     1.0917     65.500  1025.0937  51386.756    31.4988      0.944    7.59877     3.0375     3.0225    25.0893   13.56194 4.8682e+01      0.953 0.0000e+00
        264  74.820530    0.01826     1.0958     65.750  1025.0950  51387.569    31.5011      0.948    7.59739     3.0466     3.0291    25.0905   13.55964 4.8663e+01      0.957 0.0000e+00
        265  74.820532    0.01833     1.1000     66.000  1025.0948  51385.116    31.5016      0.955    7.59579     3.0558     3.0375    25.0902   13.55698 4.8267e+01      0.964 0.0000e+00
        266  74.820535    0.01840     1.1042     66.250  1025.0925  51378.733    31.4997      0.963    7.59416     3.0644     3.0467    25.0879   13.55432 4.7751e+01      0.972 0.0000e+00
        267  74.820538    0.01847     1.1083     66.500  1025.0868  51365.951    31.4935      0.969    7.59275     3.0714     3.0558    25.0822   13.55208 4.7587e+01      0.979 0.0000e+00
        268  74.820541    0.01854     1.1125     66.750  1025.0761  51344.004    31.4809      0.974    7.59178     3.0748     3.0645    25.0715   13.55064 4.7735e+01      0.984 0.0000e+00
        269  74.820544    0.01861     1.1167     67.000  1025.0611  51314.671    31.4628      0.977    7.59140     3.0732     3.0714    25.0565   13.55026 4.7916e+01      0.987 0.0000e+00
        270  74.820547    0.01868     1.1208     67.250  1025.0467  51287.163    31.4451      0.975    7.59167     3.0664     3.0749    25.0421   13.55093 4.8061e+01      0.984 0.0000e+00
        271  74.820550    0.01875     1.1250     67.500  1025.0393  51273.852    31.4357      0.965    7.59246     3.0568     3.0733    25.0347   13.55236 4.8210e+01      0.974 0.0000e+00
        272  74.820553    0.01882     1.1292     67.750  1025.0438  51283.898    31.4408      0.950    7.59349     3.0492     3.0664    25.0393   13.55399 4.8368e+01      0.959 0.0000e+00
        273  74.820556    0.01889     1.1333     68.000  1025.0603  51316.924    31.4606      0.937    7.59427     3.0477     3.0569    25.0559   13.55501 4.8415e+01      0.945 0.0000e+00
        274  74.820558    0.01896     1.1375     68.250  1025.0836  51361.921    31.4891      0.932    7.59424     3.0549     3.0492    25.0792   13.55459 4.8212e+01      0.941 0.0000e+00
        275  74.820561    0.01903     1.1417     68.500  1025.1060  51403.648    31.5169      0.940    7.59309     3.0712     3.0477    25.1015   13.55232 4.7890e+01      0.948 0.0000e+00
        276  74.820564    0.01910     1.1458     68.750  1025.1212  51430.159    31.5367      0.956    7.59071     3.0937     3.0549    25.1167   13.54813 4.7550e+01      0.965 0.0000e+00
        277  74.820567    0.01917     1.1500     69.000  1025.1260  51435.058    31.5442      0.974    7.58723     3.1177     3.0713    25.1214   13.54230 4.7213e+01      0.983 0.0000e+00
        278  74.820570    0.01924     1.1542     69.250  1025.1218  51422.032    31.5413      0.989    7.58316     3.1409     3.0938    25.1171   13.53562 4.7119e+01      0.998 0.0000e+00
        279  74.820573    0.01931     1.1583     69.500  1025.1211  51415.158    31.5429      0.994    7.57856     3.1635     3.1178    25.1164   13.52801 4.7349e+01      1.004 0.0000e+00
        280  74.820576    0.01938     1.1625     69.750  1025.1336  51433.141    31.5611      0.987    7.57327     3.1853     3.1410    25.1289   13.51904 4.7680e+01      0.997 0.0000e+00
        281  74.820579    0.01944     1.1667     70.000  1025.1493  51457.291    31.5833      0.970    7.56789     3.2044     3.1636    25.1447   13.50987 4.7879e+01      0.979 0.0000e+00
        282  74.820582    0.01951     1.1708     70.250  1025.1561  51465.069    31.5943      0.949    7.56323     3.2191     3.1854    25.1516   13.50205 4.7807e+01      0.958 0.0000e+00
        283  74.820584    0.01958     1.1750     70.500  1025.1554  51459.577    31.5955      0.933    7.55959     3.2296     3.2045    25.1509   13.49602 4.7546e+01      0.942 0.0000e+00
        284  74.820587    0.01965     1.1792     70.750  1025.1523  51450.598    31.5932      0.932    7.55694     3.2366     3.2192    25.1479   13.49168 4.7332e+01      0.941 0.0000e+00
        285  74.820590    0.01972     1.1833     71.000  1025.1493  51442.685    31.5905      0.946    7.55513     3.2413     3.2297    25.1449   13.48873 4.7201e+01      0.955 0.0000e+00
        286  74.820593    0.01979     1.1875     71.250  1025.1473  51437.112    31.5886      0.968    7.55392     3.2445     3.2367    25.1427   13.48676 4.7017e+01      0.977 0.0000e+00
        287  74.820596    0.01986     1.1917     71.500  1025.1460  51433.511    31.5873      0.990    7.55311     3.2468     3.2414    25.1413   13.48543 4.6856e+01      0.999 0.0000e+00
        288  74.820599    0.01993     1.1958     71.750  1025.1452  51431.234    31.5866      1.006    7.55254     3.2484     3.2446    25.1405   13.48450 4.6933e+01      1.015 0.0000e+00
        289  74.820602    0.02000     1.2000     72.000  1025.1445  51429.452    31.5860      1.008    7.55214     3.2495     3.2469    25.1398   13.48385 4.7263e+01      1.018 0.0000e+00
        290  74.820605    0.02007     1.2042     72.250  1025.1439  51427.945    31.5854      0.996    7.55187     3.2501     3.2485    25.1391   13.48341 4.7641e+01      1.005 0.0000e+00
        291  74.820608    0.02014     1.2083     72.500  1025.1433  51426.956    31.5850      0.971    7.55169     3.2506     3.2495    25.1387   13.48312 4.7903e+01      0.981 0.0000e+00
        292  74.820611    0.02021     1.2125     72.750  1025.1432  51426.735    31.5851      0.944    7.55157     3.2511     3.2502    25.1387   13.48292 4.7993e+01      0.953 0.0000e+00
        293  74.820613    0.02028     1.2167     73.000  1025.1437  51427.708    31.5859      0.924    7.55145     3.2522     3.2506    25.1393   13.48271 4.7751e+01      0.933 0.0000e+00
        294  74.820616    0.02035     1.2208     73.250  1025.1449  51429.908    31.5875      0.919    7.55126     3.2541     3.2511    25.1405   13.48239 4.7184e+01      0.927 0.0000e+00
        295  74.820619    0.02042     1.2250     73.500  1025.1468  51433.053    31.5899      0.928    7.55094     3.2569     3.2522    25.1424   13.48182 4.6698e+01      0.936 0.0000e+00
        296  74.820622    0.02049     1.2292     73.750  1025.1488  51436.187    31.5925      0.947    7.55045     3.2603     3.2541    25.1443   13.48098 4.6502e+01      0.956 0.0000e+00
        297  74.820625    0.02056     1.2333     74.000  1025.1499  51437.399    31.5940      0.968    7.54984     3.2634     3.2569    25.1453   13.47995 4.6358e+01      0.977 0.0000e+00
        298  74.820628    0.02063     1.2375     74.250  1025.1495  51435.784    31.5938      0.985    7.54923     3.2658     3.2603    25.1448   13.47894 4.6209e+01      0.994 0.0000e+00
        299  74.820631    0.02069     1.2417     74.500  1025.1480  51432.389    31.5923      0.994    7.54871     3.2671     3.2635    25.1433   13.47811 4.6396e+01      1.004 0.0000e+00
        300  74.820634    0.02076     1.2458     74.750  1025.1462  51428.585    31.5903      0.995    7.54837     3.2674     3.2659    25.1416   13.47758 4.7076e+01      1.004 0.0000e+00
        301  74.820637    0.02083     1.2500     75.000  1025.1445  51425.192    31.5884      0.986    7.54823     3.2670     3.2672    25.1399   13.47736 4.7897e+01      0.995 0.0000e+00
        302  74.820639    0.02090     1.2542     75.250  1025.1431  51422.637    31.5867      0.969    7.54825     3.2660     3.2675    25.1385   13.47742 4.8295e+01      0.978 0.0000e+00
        303  74.820642    0.02097     1.2583     75.500  1025.1422  51421.187    31.5856      0.949    7.54839     3.2647     3.2670    25.1377   13.47768 4.8092e+01      0.958 0.0000e+00
        304  74.820645    0.02104     1.2625     75.750  1025.1419  51420.994    31.5852      0.933    7.54860     3.2637     3.2660    25.1375   13.47803 4.7684e+01      0.941 0.0000e+00
        305  74.820648    0.02111     1.2667     76.000  1025.1424  51422.237    31.5858      0.926    7.54881     3.2632     3.2648    25.1380   13.47836 4.7463e+01      0.935 0.0000e+00
        306  74.820651    0.02118     1.2708     76.250  1025.1438  51425.001    31.5874      0.930    7.54892     3.2636     3.2637    25.1394   13.47852 4.7329e+01      0.939 0.0000e+00
        307  74.820654    0.02125     1.2750     76.500  1025.1456  51428.316    31.5895      0.944    7.54890     3.2647     3.2633    25.1411   13.47845 4.7069e+01      0.953 0.0000e+00
        308  74.820657    0.02132     1.2792     76.750  1025.1471  51430.811    31.5913      0.962    7.54873     3.2662     3.2637    25.1425   13.47816 4.6796e+01      0.971 0.0000e+00
        309  74.820660    0.02139     1.2833     77.000  1025.1478  51431.806    31.5922      0.978    7.54848     3.2676     3.2648    25.1432   13.47773 4.6739e+01      0.987 0.0000e+00
        310  74.820663    0.02146     1.2875     77.250  1025.1474  51430.710    31.5918      0.987    7.54822     3.2682     3.2663    25.1427   13.47731 4.6871e+01      0.996 0.0000e+00
        311  74.820666    0.02153     1.2917     77.500  1025.1459  51427.676    31.5901      0.985    7.54805     3.2680     3.2676    25.1412   13.47706 4.7005e+01      0.994 0.0000e+00
        312  74.820668    0.02160     1.2958     77.750  1025.1442  51424.363    31.5881      0.970    7.54804     3.2671     3.2682    25.1395   13.47706 4.7067e+01      0.979 0.0000e+00
        313  74.820671    0.02167     1.3000     78.000  1025.1430  51422.394    31.5867      0.946    7.54816     3.2660     3.2680    25.1385   13.47727 4.7175e+01      0.954 0.0000e+00
        314  74.820674    0.02174     1.3042     78.250  1025.1426  51422.088    31.5863      0.920    7.54834     3.2649     3.2671    25.1382   13.47759 4.7381e+01      0.929 0.0000e+00
        315  74.820677    0.02181     1.3083     78.500  1025.1429  51423.133    31.5867      0.906    7.54853     3.2644     3.2660    25.1386   13.47789 4.7479e+01      0.914 0.0000e+00
        316  74.820680    0.02187     1.3125     78.750  1025.1439  51425.171    31.5878      0.909    7.54866     3.2645     3.2650    25.1396   13.47809 4.7263e+01      0.917 0.0000e+00
        317  74.820683    0.02194     1.3167     79.000  1025.1455  51427.970    31.5895      0.927    7.54868     3.2656     3.2644    25.1411   13.47809 4.6767e+01      0.936 0.0000e+00
        318  74.820686    0.02201     1.3208     79.250  1025.1472  51430.971    31.5916      0.953    7.54854     3.2672     3.2646    25.1427   13.47784 4.6268e+01      0.962 0.0000e+00
        319  74.820689    0.02208     1.3250     79.500  1025.1483  51432.586    31.5930      0.976    7.54827     3.2688     3.2657    25.1437   13.47738 4.6047e+01      0.986 0.0000e+00
        320  74.820692    0.02215     1.3292     79.750  1025.1481  51431.794    31.5928      0.990    7.54797     3.2698     3.2673    25.1435   13.47688 4.6206e+01      1.000 0.0000e+00
        321  74.820694    0.02222     1.3333     80.000  1025.1469  51429.194    31.5915      0.988    7.54774     3.2699     3.2689    25.1422   13.47652 4.6681e+01      0.997 0.0000e+00
        322  74.820697    0.02229     1.3375     80.250  1025.1453  51426.173    31.5897      0.965    7.54766     3.2693     3.2699    25.1407   13.47641 4.7332e+01      0.974 0.0000e+00
        323  74.820700    0.02236     1.3417     80.500  1025.1439  51423.957    31.5882      0.927    7.54771     3.2683     3.2700    25.1396   13.47651 4.7892e+01      0.936 0.0000e+00
        324  74.820703    0.02243     1.3458     80.750  1025.1431  51422.899    31.5874      0.888    7.54786     3.2672     3.2694    25.1390   13.47677 4.8073e+01      0.896 0.0000e+00
        325  74.820706    0.02250     1.3500     81.000  1025.1428  51422.752    31.5871      0.863    7.54807     3.2662     3.2684    25.1388   13.47712 4.8018e+01      0.870 0.0000e+00
        326  74.820709    0.02257     1.3542     81.250  1025.1432  51423.733    31.5874      0.860    7.54826     3.2659     3.2672    25.1391   13.47744 4.7908e+01      0.868 0.0000e+00
        327  74.820712    0.02264     1.3583     81.500  1025.1447  51426.554    31.5891      0.878    7.54836     3.2667     3.2663    25.1405   13.47757 4.7509e+01      0.886 0.0000e+00
        328  74.820715    0.02271     1.3625     81.750  1025.1469  51430.512    31.5917      0.909    7.54828     3.2683     3.2660    25.1426   13.47741 4.6810e+01      0.917 0.0000e+00
        329  74.820718    0.02278     1.3667     82.000  1025.1486  51433.142    31.5937      0.936    7.54803     3.2699     3.2667    25.1441   13.47698 4.6295e+01      0.945 0.0000e+00
        330  74.820720    0.02285     1.3708     82.250  1025.1485  51432.673    31.5938      0.950    7.54773     3.2708     3.2683    25.1441   13.47648 4.6373e+01      0.959 0.0000e+00
        331  74.820723    0.02292     1.3750     82.500  1025.1469  51429.415    31.5920      0.945    7.54752     3.2706     3.2700    25.1425   13.47614 4.6807e+01      0.954 0.0000e+00
        332  74.820726    0.02299     1.3792     82.750  1025.1447  51425.217    31.5894      0.920    7.54748     3.2695     3.2709    25.1404   13.47611 4.6998e+01      0.928 0.0000e+00
        333  74.820729    0.02306     1.3833     83.000  1025.1428  51422.140    31.5872      0.882    7.54763     3.2678     3.2707    25.1387   13.47639 4.6772e+01      0.891 0.0000e+00
        334  74.820732    0.02313     1.3875     83.250  1025.1419  51420.890    31.5861      0.850    7.54790     3.2661     3.2695    25.1379   13.47686 4.6555e+01      0.858 0.0000e+00
        335  74.820735    0.02319     1.3917     83.500  1025.1416  51420.873    31.5857      0.838    7.54823     3.2645     3.2678    25.1377   13.47741 4.6642e+01      0.846 0.0000e+00
        336  74.820738    0.02326     1.3958     83.750  1025.1421  51421.970    31.5860      0.850    7.54855     3.2636     3.2661    25.1380   13.47793 4.6548e+01      0.858 0.0000e+00
        337  74.820741    0.02333     1.4000     84.000  1025.1434  51424.459    31.5872      0.882    7.54877     3.2633     3.2645    25.1392   13.47828 4.5868e+01      0.891 0.0000e+00
        338  74.820744    0.02340     1.4042     84.250  1025.1449  51427.147    31.5888      0.921    7.54887     3.2634     3.2636    25.1405   13.47842 4.5079e+01      0.930 0.0000e+00
        339  74.820747    0.02347     1.4083     84.500  1025.1456  51428.194    31.5894      0.952    7.54888     3.2634     3.2633    25.1411   13.47844 4.4804e+01      0.962 0.0000e+00
        340  74.820749    0.02354     1.4125     84.750  1025.1455  51427.995    31.5893      0.968    7.54888     3.2634     3.2634    25.1410   13.47843 4.5169e+01      0.978 0.0000e+00
