CTD-processing/allCTD/CNV--homogene/2013_04-20_t7_s14_cast095.cnv
* Sea-Bird SBE19plus Data File:
* FileName = C:\Documents and Settings\kris.holderied.local\My Documents\2012-2013-CTD-DATA-new-files\2013-04-EVOSTC-CookInlet-Ocean\2013-04-CookInlet-Tran7-Augustine\2013-04-20-CookInlet-Trans7-Cast095.hex
* Software Version 1.54
* Temperature SN =  5028
* Conductivity SN =  5028
* System UpLoad Time = Apr 20 2013 14:59:42
** Cook Inlet LTM Tran7 Augustine to Flat Island
** Date:  2013-04-20
** Station:  7-14
** Start time (AKDT-24 hr):  1103
** Depth (m): 71
** Comment:
** Comment:
# nquan = 17
# nvalues = 722                         
# units = specified
# name 0 = scan: Scan Count
# name 1 = timeJ: Julian Days
# name 2 = timeH: Time, Elapsed [hours]
# name 3 = timeM: Time, Elapsed [minutes]
# name 4 = timeS: Time, Elapsed [seconds]
# name 5 = density00: Density [density, kg/m^3]
# name 6 = specc: Specific Conductance [uS/cm]
# name 7 = sal00: Salinity, Practical [PSU]
# name 8 = depSM: Depth [salt water, m], lat = 59.00
# name 9 = oxsolML/L: Oxygen Saturation, Garcia & Gordon [ml/l]
# name 10 = potemp090C: Potential Temperature [ITS-90, deg C]
# name 11 = tv290C: Temperature [ITS-90, deg C]
# name 12 = sigma-é00: Density [sigma-theta, kg/m^3]
# name 13 = n2satML/L: Nitrogen Saturation [ml/l]
# name 14 = par: PAR/Irradiance, Biospherical/Licor
# name 15 = prdM: Pressure, Strain Gauge [db]
# name 16 = flag:  0.000e+00
# span 0 =          1,        722       
# span 1 = 110.462431, 110.464517       
# span 2 =    0.00000,    0.05007       
# span 3 =     0.0000,     3.0042       
# span 4 =      0.000,    180.250       
# span 5 =   999.9784,  1025.7998       
# span 6 =      7.589,  52039.936       
# span 7 =     0.0038,    32.1641       
# span 8 =      0.107,     71.334       
# span 9 =    7.38922,    9.14019       
# span 10 =     3.8070,     4.1727      
# span 11 =     3.8096,     4.1727      
# span 12 =    -0.0222,    25.5410      
# span 13 =   13.20870,   16.59779      
# span 14 = 2.4668e-01, 1.3574e+03      
# span 15 =      0.108,     72.020      
# span 16 = 0.0000e+00, 0.0000e+00      
# interval = seconds: 0.25
# start_time = Apr 20 2013 11:05:54 [Instrument's time stamp, header]
# bad_flag = -9.990e-29
*END*
[from data line 426]
        427 110.463663    0.02958     1.7750    106.500  1025.4671  51901.344    32.0599      1.096    7.41628     3.8547     3.8546    25.4619   13.25347 5.8783e+01      1.106 0.0000e+00
        428 110.463666    0.02965     1.7792    106.750  1025.4671  51901.404    32.0600      1.079    7.41628     3.8547     3.8547    25.4620   13.25346 5.9404e+01      1.089 0.0000e+00
        429 110.463669    0.02972     1.7833    107.000  1025.4671  51901.444    32.0600      1.068    7.41627     3.8548     3.8547    25.4620   13.25344 5.9860e+01      1.078 0.0000e+00
        430 110.463672    0.02979     1.7875    107.250  1025.4670  51901.433    32.0600      1.061    7.41626     3.8549     3.8548    25.4620   13.25343 6.0092e+01      1.071 0.0000e+00
        431 110.463675    0.02986     1.7917    107.500  1025.4670  51901.389    32.0600      1.058    7.41625     3.8550     3.8548    25.4620   13.25341 5.9870e+01      1.067 0.0000e+00
        432 110.463678    0.02993     1.7958    107.750  1025.4670  51901.330    32.0600      1.057    7.41623     3.8551     3.8549    25.4620   13.25338 5.9242e+01      1.067 0.0000e+00
        433 110.463681    0.03000     1.8000    108.000  1025.4670  51901.265    32.0600      1.061    7.41622     3.8551     3.8550    25.4619   13.25336 5.8503e+01      1.071 0.0000e+00
        434 110.463683    0.03007     1.8042    108.250  1025.4670  51901.222    32.0600      1.070    7.41620     3.8552     3.8551    25.4619   13.25333 5.7862e+01      1.081 0.0000e+00
        435 110.463686    0.03014     1.8083    108.500  1025.4670  51901.207    32.0600      1.088    7.41619     3.8552     3.8552    25.4619   13.25331 5.7517e+01      1.098 0.0000e+00
        436 110.463689    0.03021     1.8125    108.750  1025.4671  51901.185    32.0600      1.113    7.41618     3.8553     3.8552    25.4619   13.25329 5.7393e+01      1.123 0.0000e+00
        437 110.463692    0.03028     1.8167    109.000  1025.4673  51901.135    32.0599      1.145    7.41617     3.8553     3.8553    25.4619   13.25328 5.6979e+01      1.155 0.0000e+00
        438 110.463695    0.03035     1.8208    109.250  1025.4674  51901.118    32.0599      1.183    7.41616     3.8554     3.8554    25.4618   13.25326 5.6158e+01      1.193 0.0000e+00
        439 110.463698    0.03042     1.8250    109.500  1025.4677  51901.206    32.0599      1.226    7.41615     3.8554     3.8554    25.4619   13.25325 5.5315e+01      1.237 0.0000e+00
        440 110.463701    0.03049     1.8292    109.750  1025.4680  51901.378    32.0600      1.278    7.41613     3.8556     3.8554    25.4620   13.25322 5.4530e+01      1.290 0.0000e+00
        441 110.463704    0.03056     1.8333    110.000  1025.4684  51901.578    32.0602      1.342    7.41611     3.8558     3.8555    25.4621   13.25318 5.3508e+01      1.355 0.0000e+00
        442 110.463707    0.03062     1.8375    110.250  1025.4688  51901.738    32.0603      1.420    7.41608     3.8561     3.8557    25.4621   13.25312 5.2348e+01      1.433 0.0000e+00
        443 110.463709    0.03069     1.8417    110.500  1025.4693  51901.802    32.0603      1.508    7.41603     3.8564     3.8559    25.4622   13.25304 5.1318e+01      1.522 0.0000e+00
        444 110.463712    0.03076     1.8458    110.750  1025.4697  51901.782    32.0603      1.603    7.41598     3.8567     3.8562    25.4621   13.25296 5.0224e+01      1.618 0.0000e+00
        445 110.463715    0.03083     1.8500    111.000  1025.4701  51901.702    32.0603      1.702    7.41593     3.8569     3.8565    25.4621   13.25287 4.8996e+01      1.718 0.0000e+00
        446 110.463718    0.03090     1.8542    111.250  1025.4704  51901.504    32.0602      1.802    7.41588     3.8571     3.8568    25.4620   13.25280 4.7945e+01      1.819 0.0000e+00
        447 110.463721    0.03097     1.8583    111.500  1025.4707  51901.170    32.0600      1.902    7.41585     3.8571     3.8570    25.4618   13.25275 4.7249e+01      1.920 0.0000e+00
        448 110.463724    0.03104     1.8625    111.750  1025.4710  51900.803    32.0597      2.002    7.41583     3.8570     3.8572    25.4615   13.25273 4.6772e+01      2.021 0.0000e+00
        449 110.463727    0.03111     1.8667    112.000  1025.4713  51900.549    32.0595      2.101    7.41584     3.8568     3.8572    25.4613   13.25274 4.6270e+01      2.121 0.0000e+00
        450 110.463730    0.03118     1.8708    112.250  1025.4717  51900.496    32.0594      2.200    7.41586     3.8566     3.8571    25.4613   13.25278 4.5614e+01      2.221 0.0000e+00
        451 110.463733    0.03125     1.8750    112.500  1025.4721  51900.568    32.0593      2.298    7.41589     3.8564     3.8570    25.4612   13.25283 4.4720e+01      2.320 0.0000e+00
        452 110.463736    0.03132     1.8792    112.750  1025.4725  51900.639    32.0593      2.399    7.41593     3.8561     3.8568    25.4612   13.25290 4.3557e+01      2.421 0.0000e+00
        453 110.463738    0.03139     1.8833    113.000  1025.4730  51900.707    32.0592      2.505    7.41598     3.8558     3.8565    25.4612   13.25297 4.2223e+01      2.528 0.0000e+00
        454 110.463741    0.03146     1.8875    113.250  1025.4735  51900.723    32.0591      2.619    7.41603     3.8554     3.8563    25.4611   13.25306 4.0837e+01      2.644 0.0000e+00
        455 110.463744    0.03153     1.8917    113.500  1025.4739  51900.582    32.0589      2.743    7.41610     3.8548     3.8560    25.4610   13.25318 3.9549e+01      2.769 0.0000e+00
        456 110.463747    0.03160     1.8958    113.750  1025.4744  51900.392    32.0586      2.879    7.41619     3.8542     3.8556    25.4608   13.25333 3.8527e+01      2.907 0.0000e+00
        457 110.463750    0.03167     1.9000    114.000  1025.4749  51900.252    32.0583      3.030    7.41630     3.8534     3.8551    25.4606   13.25351 3.7771e+01      3.059 0.0000e+00
        458 110.463753    0.03174     1.9042    114.250  1025.4753  51899.810    32.0577      3.197    7.41644     3.8522     3.8544    25.4602   13.25375 3.7049e+01      3.227 0.0000e+00
        459 110.463756    0.03181     1.9083    114.500  1025.4756  51899.034    32.0569      3.382    7.41663     3.8507     3.8536    25.4597   13.25408 3.6144e+01      3.414 0.0000e+00
        460 110.463759    0.03188     1.9125    114.750  1025.4762  51898.805    32.0564      3.583    7.41687     3.8493     3.8524    25.4593   13.25448 3.5008e+01      3.617 0.0000e+00
        461 110.463762    0.03194     1.9167    115.000  1025.4774  51899.435    32.0563      3.798    7.41713     3.8480     3.8510    25.4595   13.25490 3.3712e+01      3.834 0.0000e+00
        462 110.463764    0.03201     1.9208    115.250  1025.4787  51900.290    32.0564      4.022    7.41738     3.8467     3.8496    25.4597   13.25532 3.2375e+01      4.060 0.0000e+00
        463 110.463767    0.03208     1.9250    115.500  1025.4798  51900.884    32.0564      4.250    7.41762     3.8453     3.8483    25.4598   13.25572 3.1149e+01      4.290 0.0000e+00
        464 110.463770    0.03215     1.9292    115.750  1025.4808  51901.031    32.0561      4.477    7.41787     3.8439     3.8470    25.4596   13.25614 3.0152e+01      4.519 0.0000e+00
        465 110.463773    0.03222     1.9333    116.000  1025.4816  51901.005    32.0556      4.699    7.41813     3.8424     3.8456    25.4594   13.25658 2.9402e+01      4.743 0.0000e+00
        466 110.463776    0.03229     1.9375    116.250  1025.4825  51901.316    32.0554      4.912    7.41841     3.8408     3.8442    25.4593   13.25703 2.8857e+01      4.958 0.0000e+00
        467 110.463779    0.03236     1.9417    116.500  1025.4831  51901.121    32.0548      5.114    7.41870     3.8382     3.8427    25.4590   13.25753 2.8483e+01      5.162 0.0000e+00
        468 110.463782    0.03243     1.9458    116.750  1025.4824  51898.624    32.0525      5.306    7.41912     3.8343     3.8411    25.4574   13.25824 2.8269e+01      5.356 0.0000e+00
        469 110.463785    0.03250     1.9500    117.000  1025.4809  51894.757    32.0492      5.491    7.41974     3.8292     3.8385    25.4550   13.25931 2.8198e+01      5.542 0.0000e+00
        470 110.463788    0.03257     1.9542    117.250  1025.4805  51893.358    32.0471      5.670    7.42056     3.8241     3.8346    25.4537   13.26069 2.8255e+01      5.723 0.0000e+00
        471 110.463791    0.03264     1.9583    117.500  1025.4823  51896.173    32.0477      5.846    7.42145     3.8199     3.8295    25.4547   13.26216 2.8440e+01      5.902 0.0000e+00
        472 110.463793    0.03271     1.9625    117.750  1025.4853  51901.314    32.0499      6.022    7.42226     3.8169     3.8244    25.4569   13.26347 2.8759e+01      6.079 0.0000e+00
        473 110.463796    0.03278     1.9667    118.000  1025.4885  51906.507    32.0523      6.199    7.42289     3.8150     3.8203    25.4592   13.26448 2.9208e+01      6.258 0.0000e+00
        474 110.463799    0.03285     1.9708    118.250  1025.4913  51910.881    32.0545      6.378    7.42333     3.8140     3.8173    25.4612   13.26516 2.9760e+01      6.439 0.0000e+00
        475 110.463802    0.03292     1.9750    118.500  1025.4937  51914.231    32.0562      6.561    7.42359     3.8135     3.8154    25.4627   13.26556 3.0375e+01      6.623 0.0000e+00
        476 110.463805    0.03299     1.9792    118.750  1025.4956  51916.406    32.0573      6.748    7.42372     3.8133     3.8144    25.4637   13.26576 3.1041e+01      6.813 0.0000e+00
        477 110.463808    0.03306     1.9833    119.000  1025.4969  51917.445    32.0578      6.942    7.42377     3.8132     3.8140    25.4642   13.26585 3.1849e+01      7.008 0.0000e+00
        478 110.463811    0.03313     1.9875    119.250  1025.4979  51917.551    32.0578      7.142    7.42380     3.8129     3.8138    25.4641   13.26590 3.2994e+01      7.210 0.0000e+00
        479 110.463814    0.03319     1.9917    119.500  1025.4986  51917.236    32.0574      7.351    7.42384     3.8125     3.8137    25.4639   13.26597 3.4658e+01      7.421 0.0000e+00
        480 110.463817    0.03326     1.9958    119.750  1025.4994  51917.075    32.0571      7.568    7.42391     3.8120     3.8134    25.4637   13.26608 3.6970e+01      7.640 0.0000e+00
        481 110.463819    0.03333     2.0000    120.000  1025.5003  51917.049    32.0569      7.793    7.42399     3.8114     3.8130    25.4635   13.26623 4.0111e+01      7.867 0.0000e+00
        482 110.463822    0.03340     2.0042    120.250  1025.5013  51917.109    32.0567      8.024    7.42410     3.8108     3.8125    25.4634   13.26640 4.4245e+01      8.100 0.0000e+00
        483 110.463825    0.03347     2.0083    120.500  1025.5024  51917.495    32.0567      8.260    7.42420     3.8103     3.8119    25.4634   13.26657 4.9171e+01      8.338 0.0000e+00
        484 110.463828    0.03354     2.0125    120.750  1025.5038  51918.170    32.0569      8.499    7.42429     3.8100     3.8113    25.4636   13.26672 5.4200e+01      8.579 0.0000e+00
        485 110.463831    0.03361     2.0167    121.000  1025.5052  51918.907    32.0571      8.737    7.42436     3.8099     3.8109    25.4639   13.26683 5.8895e+01      8.820 0.0000e+00
        486 110.463834    0.03368     2.0208    121.250  1025.5065  51919.619    32.0574      8.974    7.42440     3.8098     3.8106    25.4642   13.26689 6.3498e+01      9.058 0.0000e+00
        487 110.463837    0.03375     2.0250    121.500  1025.5079  51920.353    32.0578      9.205    7.42441     3.8099     3.8104    25.4645   13.26690 6.7957e+01      9.292 0.0000e+00
        488 110.463840    0.03382     2.0292    121.750  1025.5093  51921.203    32.0582      9.429    7.42439     3.8102     3.8104    25.4648   13.26686 7.1958e+01      9.518 0.0000e+00
        489 110.463843    0.03389     2.0333    122.000  1025.5108  51922.123    32.0588      9.644    7.42434     3.8107     3.8106    25.4653   13.26677 7.5775e+01      9.735 0.0000e+00
        490 110.463845    0.03396     2.0375    122.250  1025.5120  51922.599    32.0591      9.851    7.42426     3.8111     3.8109    25.4655   13.26664 7.9462e+01      9.944 0.0000e+00
        491 110.463848    0.03403     2.0417    122.500  1025.5126  51922.059    32.0587     10.048    7.42419     3.8111     3.8114    25.4651   13.26653 8.2618e+01     10.143 0.0000e+00
        492 110.463851    0.03410     2.0458    122.750  1025.5128  51920.898    32.0579     10.237    7.42417     3.8109     3.8117    25.4645   13.26650 8.5785e+01     10.333 0.0000e+00
        493 110.463854    0.03417     2.0500    123.000  1025.5132  51920.129    32.0573     10.417    7.42419     3.8106     3.8118    25.4640   13.26654 9.0274e+01     10.516 0.0000e+00
        494 110.463857    0.03424     2.0542    123.250  1025.5139  51920.079    32.0571     10.591    7.42424     3.8103     3.8116    25.4639   13.26662 9.5462e+01     10.692 0.0000e+00
        495 110.463860    0.03431     2.0583    123.500  1025.5147  51920.284    32.0571     10.761    7.42429     3.8100     3.8113    25.4639   13.26671 9.8971e+01     10.863 0.0000e+00
        496 110.463863    0.03438     2.0625    123.750  1025.5155  51920.444    32.0570     10.930    7.42434     3.8097     3.8110    25.4639   13.26681 1.0005e+02     11.033 0.0000e+00
        497 110.463866    0.03444     2.0667    124.000  1025.5163  51920.689    32.0570     11.100    7.42440     3.8095     3.8107    25.4639   13.26690 9.9856e+01     11.205 0.0000e+00
        498 110.463869    0.03451     2.0708    124.250  1025.5172  51921.057    32.0571     11.273    7.42444     3.8093     3.8104    25.4640   13.26697 9.9221e+01     11.380 0.0000e+00
        499 110.463872    0.03458     2.0750    124.500  1025.5182  51921.425    32.0572     11.452    7.42448     3.8092     3.8102    25.4641   13.26703 9.7771e+01     11.560 0.0000e+00
        500 110.463874    0.03465     2.0792    124.750  1025.5191  51921.759    32.0573     11.638    7.42450     3.8091     3.8100    25.4642   13.26707 9.5579e+01     11.748 0.0000e+00
        501 110.463877    0.03472     2.0833    125.000  1025.5201  51922.059    32.0574     11.833    7.42452     3.8090     3.8099    25.4643   13.26709 9.3799e+01     11.945 0.0000e+00
        502 110.463880    0.03479     2.0875    125.250  1025.5212  51922.299    32.0575     12.037    7.42453     3.8090     3.8098    25.4643   13.26711 9.3030e+01     12.151 0.0000e+00
        503 110.463883    0.03486     2.0917    125.500  1025.5222  51922.498    32.0575     12.250    7.42454     3.8090     3.8098    25.4643   13.26713 9.2387e+01     12.366 0.0000e+00
        504 110.463886    0.03493     2.0958    125.750  1025.5233  51922.702    32.0575     12.471    7.42454     3.8090     3.8098    25.4644   13.26713 9.1043e+01     12.588 0.0000e+00
        505 110.463889    0.03500     2.1000    126.000  1025.5243  51922.893    32.0575     12.697    7.42454     3.8089     3.8098    25.4644   13.26713 8.9061e+01     12.817 0.0000e+00
        506 110.463892    0.03507     2.1042    126.250  1025.5254  51923.035    32.0575     12.928    7.42454     3.8089     3.8098    25.4643   13.26713 8.6474e+01     13.050 0.0000e+00
        507 110.463895    0.03514     2.1083    126.500  1025.5265  51923.170    32.0575     13.162    7.42454     3.8089     3.8098    25.4643   13.26713 8.3533e+01     13.287 0.0000e+00
        508 110.463898    0.03521     2.1125    126.750  1025.5276  51923.334    32.0575     13.398    7.42454     3.8089     3.8098    25.4643   13.26713 8.0929e+01     13.525 0.0000e+00
        509 110.463900    0.03528     2.1167    127.000  1025.5287  51923.515    32.0575     13.635    7.42454     3.8089     3.8098    25.4643   13.26712 7.9110e+01     13.764 0.0000e+00
        510 110.463903    0.03535     2.1208    127.250  1025.5298  51923.716    32.0575     13.869    7.42454     3.8089     3.8098    25.4643   13.26712 7.7754e+01     14.000 0.0000e+00
