CTD-processing/allCTD/CNV--homogene/2013_10-29_t9_s01_cast113.cnv
* Sea-Bird SBE19plus Data File:
* FileName = C:\Users\kris.holderied\Documents\kasitsna\Research-Projects-and-Data\Oceanography-AK\CTD-CookInlet-GulfWatchAK\2013-10-11-EVOSTC-CookInlet-Ocean\2013-10-29-CookInlet-Tran9-HomerSpit\2013-10-29-CookInlet-Tran9-cast113.hex
* Software Version 1.59
* Temperature SN =  5028
* Conductivity SN =  5028
* System UpLoad Time = Feb 14 2014 21:12:30
** Cook Inlet Transect 9 (Homer Spit) south to north
** Date: 2013-10-29
** Station: 9-01
** Start time: 09:07
** Depth (m): 61
** Comment:  CTD instrument time is AK Daylight time
** Comment:
# nquan = 17
# nvalues = 609                         
# units = specified
# name 0 = scan: Scan Count
# name 1 = timeJ: Julian Days
# name 2 = timeH: Time, Elapsed [hours]
# name 3 = timeM: Time, Elapsed [minutes]
# name 4 = timeS: Time, Elapsed [seconds]
# name 5 = density00: Density [density, kg/m^3]
# name 6 = specc: Specific Conductance [uS/cm]
# name 7 = sal00: Salinity, Practical [PSU]
# name 8 = depSM: Depth [salt water, m], lat = 59.00
# name 9 = oxsolML/L: Oxygen Saturation, Garcia & Gordon [ml/l]
# name 10 = potemp090C: Potential Temperature [ITS-90, deg C]
# name 11 = tv290C: Temperature [ITS-90, deg C]
# name 12 = sigma-é00: Density [sigma-theta, kg/m^3]
# name 13 = n2satML/L: Nitrogen Saturation [ml/l]
# name 14 = par: PAR/Irradiance, Biospherical/Licor
# name 15 = prdM: Pressure, Strain Gauge [db]
# name 16 = flag:  0.000e+00
# span 0 =          1,        609       
# span 1 = 302.381192, 302.382951       
# span 2 =    0.00000,    0.04222       
# span 3 =     0.0000,     2.5333       
# span 4 =      0.000,    152.000       
# span 5 =  1002.0538,  1023.7099       
# span 6 =   5148.312,  47970.527       
# span 7 =     2.8871,    30.2409       
# span 8 =     -0.133,     60.908       
# span 9 =    6.69036,    7.95664       
# span 10 =     8.2484,     8.8919      
# span 11 =     8.2485,     8.9334      
# span 12 =     2.0545,    23.4292      
# span 13 =   12.07664,   14.56475      
# span 14 = 5.2985e-02, 1.7915e+00      
# span 15 =     -0.135,     61.492      
# span 16 = 0.0000e+00, 0.0000e+00      
# interval = seconds: 0.25
# start_time = Oct 29 2013 09:08:55 [Instrument's time stamp, header]
# bad_flag = -9.990e-29
*END*
[from data line 596]
        597 302.382917    0.04139     2.4833    149.000  1023.6943  47958.144    30.2326     58.801    6.69133     8.7611     8.7661    23.4233   12.07834 6.6726e-02     59.364 0.0000e+00
        598 302.382920    0.04146     2.4875    149.250  1023.6964  47960.394    30.2342     59.001    6.69120     8.7616     8.7665    23.4244   12.07811 6.6656e-02     59.566 0.0000e+00
        599 302.382922    0.04153     2.4917    149.500  1023.6988  47963.248    30.2361     59.198    6.69104     8.7622     8.7670    23.4259   12.07783 6.6603e-02     59.766 0.0000e+00
        600 302.382925    0.04160     2.4958    149.750  1023.7009  47965.563    30.2377     59.397    6.69088     8.7628     8.7676    23.4271   12.07754 6.6555e-02     59.966 0.0000e+00
        601 302.382928    0.04167     2.5000    150.000  1023.7025  47967.053    30.2388     59.600    6.69074     8.7632     8.7682    23.4278   12.07730 6.6500e-02     60.171 0.0000e+00
        602 302.382931    0.04174     2.5042    150.250  1023.7039  47967.986    30.2394     59.808    6.69063     8.7635     8.7688    23.4282   12.07711 6.6439e-02     60.381 0.0000e+00
        603 302.382934    0.04181     2.5083    150.500  1023.7052  47968.654    30.2399     60.020    6.69055     8.7637     8.7692    23.4285   12.07696 6.6369e-02     60.595 0.0000e+00
        604 302.382937    0.04188     2.5125    150.750  1023.7063  47969.175    30.2402     60.231    6.69049     8.7639     8.7695    23.4287   12.07686 6.6291e-02     60.809 0.0000e+00
        605 302.382940    0.04194     2.5167    151.000  1023.7074  47969.601    30.2404     60.435    6.69044     8.7640     8.7697    23.4289   12.07678 6.6200e-02     61.014 0.0000e+00
        606 302.382943    0.04201     2.5208    151.250  1023.7084  47970.008    30.2406     60.621    6.69041     8.7641     8.7699    23.4290   12.07672 6.6105e-02     61.202 0.0000e+00
        607 302.382946    0.04208     2.5250    151.500  1023.7092  47970.332    30.2408     60.773    6.69038     8.7641     8.7700    23.4292   12.07668 6.6022e-02     61.355 0.0000e+00
        608 302.382948    0.04215     2.5292    151.750  1023.7097  47970.490    30.2409     60.873    6.69037 -9.990e-29     8.7701    23.4292   12.07665 6.5964e-02     61.457 0.0000e+00
        609 302.382951    0.04222     2.5333    152.000  1023.7099  47970.527    30.2409     60.908    6.69036 -9.990e-29     8.7701    23.4292   12.07664 6.5943e-02     61.492 0.0000e+00
