CTD-processing/allCTD/CNV--homogene/2013_07-21_t6_s13_cast065.cnv
* Sea-Bird SBE19plus Data File:
* FileName = C:\Users\kris.holderied\Documents\kasitsna\Research-Projects-and-Data\Oceanography-AK\CTD-CookInlet-GulfWatchAK\2013-07-EVOSTC-CookInlet-Ocean\2013-07-21-22-CookInlet-Tran6-Douglas\2013-07-21-22-CookInlet-Tran6-Douglas-cast065.hex
* Software Version 1.59
* Temperature SN =  5028
* Conductivity SN =  5028
* System UpLoad Time = Apr 09 2014 21:08:28
** Cook Inlet LTM Transect 6 (Douglas) west to east
** Date: 2013-07-21/22
** Station: 6-13
** Start time: 23:22
** Depth (m): 133
** CoComment:
** Comment:
# nquan = 17
# nvalues = 1044                        
# units = specified
# name 0 = scan: Scan Count
# name 1 = timeJ: Julian Days
# name 2 = timeH: Time, Elapsed [hours]
# name 3 = timeM: Time, Elapsed [minutes]
# name 4 = timeS: Time, Elapsed [seconds]
# name 5 = density00: Density [density, kg/m^3]
# name 6 = specc: Specific Conductance [uS/cm]
# name 7 = sal00: Salinity, Practical [PSU]
# name 8 = depSM: Depth [salt water, m], lat = 59.00
# name 9 = oxsolML/L: Oxygen Saturation, Garcia & Gordon [ml/l]
# name 10 = potemp090C: Potential Temperature [ITS-90, deg C]
# name 11 = tv290C: Temperature [ITS-90, deg C]
# name 12 = sigma-é00: Density [sigma-theta, kg/m^3]
# name 13 = n2satML/L: Nitrogen Saturation [ml/l]
# name 14 = par: PAR/Irradiance, Biospherical/Licor
# name 15 = prdM: Pressure, Strain Gauge [db]
# name 16 = flag:  0.000e+00
# span 0 =          1,       1044       
# span 1 = 202.974329, 202.977347       
# span 2 =    0.00000,    0.07243       
# span 3 =     0.0000,     4.3458       
# span 4 =      0.000,    260.750       
# span 5 =   999.7923,  1026.0614       
# span 6 =    359.291,  51751.970       
# span 7 =     0.1701,    32.2401       
# span 8 =     -0.037,    131.533       
# span 9 =    6.40041,    7.80279       
# span 10 =     5.3485,    10.5340      
# span 11 =     5.3586,    10.5340      
# span 12 =    -0.2076,    25.4469      
# span 13 =   11.58214,   14.34298      
# span 14 = 4.3697e-02, 2.6896e+00      
# span 15 =     -0.037,    132.817      
# span 16 = 0.0000e+00, 0.0000e+00      
# interval = seconds: 0.25
# start_time = Jul 21 2013 23:23:02 [Instrument's time stamp, header]
# bad_flag = -9.990e-29
*END*
[from data line 341]
        342 202.975315    0.02368     1.4208     85.250  1024.1161  49274.036    31.3723      7.664    6.42944    10.2068    10.2409    24.0811   11.63077 7.9445e-02      7.737 0.0000e+00
        343 202.975318    0.02375     1.4250     85.500  1024.1216  49280.345    31.3747      7.891    6.43152    10.1882    10.2254    24.0856   11.63419 7.6991e-02      7.966 0.0000e+00
        344 202.975321    0.02382     1.4292     85.750  1024.1293  49290.477    31.3796      8.101    6.43379    10.1692    10.2077    24.0923   11.63790 7.4914e-02      8.177 0.0000e+00
        345 202.975324    0.02389     1.4333     86.000  1024.1378  49301.933    31.3853      8.294    6.43616    10.1501    10.1891    24.0999   11.64175 7.3131e-02      8.373 0.0000e+00
        346 202.975327    0.02396     1.4375     86.250  1024.1470  49314.820    31.3920      8.477    6.43856    10.1318    10.1701    24.1082   11.64564 7.1589e-02      8.558 0.0000e+00
        347 202.975330    0.02403     1.4417     86.500  1024.1570  49329.266    31.3997      8.656    6.44091    10.1150    10.1510    24.1174   11.64946 7.0203e-02      8.739 0.0000e+00
        348 202.975333    0.02410     1.4458     86.750  1024.1673  49344.338    31.4080      8.840    6.44314    10.1001    10.1328    24.1269   11.65305 6.8884e-02      8.925 0.0000e+00
        349 202.975336    0.02417     1.4500     87.000  1024.1773  49358.859    31.4161      9.037    6.44516    10.0869    10.1160    24.1359   11.65630 6.7604e-02      9.123 0.0000e+00
        350 202.975339    0.02424     1.4542     87.250  1024.1861  49371.462    31.4230      9.252    6.44697    10.0744    10.1011    24.1438   11.65921 6.6367e-02      9.340 0.0000e+00
        351 202.975341    0.02431     1.4583     87.500  1024.1934  49381.250    31.4282      9.488    6.44861    10.0614    10.0879    24.1500   11.66188 6.5153e-02      9.578 0.0000e+00
        352 202.975344    0.02438     1.4625     87.750  1024.1994  49388.620    31.4317      9.743    6.45023    10.0469    10.0754    24.1548   11.66451 6.3930e-02      9.835 0.0000e+00
        353 202.975347    0.02444     1.4667     88.000  1024.2047  49394.705    31.4343     10.009    6.45195    10.0297    10.0625    24.1589   11.66732 6.2757e-02     10.104 0.0000e+00
        354 202.975350    0.02451     1.4708     88.250  1024.2098  49400.251    31.4362     10.278    6.45392    10.0096    10.0480    24.1628   11.67055 6.1711e-02     10.375 0.0000e+00
        355 202.975353    0.02458     1.4750     88.500  1024.2158  49407.128    31.4388     10.538    6.45622     9.9878    10.0309    24.1676   11.67434 6.0759e-02     10.638 0.0000e+00
        356 202.975356    0.02465     1.4792     88.750  1024.2242  49418.132    31.4439     10.783    6.45884     9.9662    10.0108    24.1749   11.67862 5.9834e-02     10.885 0.0000e+00
        357 202.975359    0.02472     1.4833     89.000  1024.2352  49433.773    31.4521     11.006    6.46159     9.9465     9.9890    24.1849   11.68308 5.9016e-02     11.111 0.0000e+00
        358 202.975362    0.02479     1.4875     89.250  1024.2474  49451.748    31.4619     11.207    6.46423     9.9294     9.9674    24.1961   11.68733 5.8428e-02     11.313 0.0000e+00
        359 202.975365    0.02486     1.4917     89.500  1024.2590  49469.196    31.4716     11.386    6.46661     9.9146     9.9478    24.2069   11.69115 5.7973e-02     11.494 0.0000e+00
        360 202.975367    0.02493     1.4958     89.750  1024.2691  49484.382    31.4801     11.548    6.46867     9.9014     9.9307    24.2163   11.69447 5.7501e-02     11.658 0.0000e+00
        361 202.975370    0.02500     1.5000     90.000  1024.2777  49497.041    31.4871     11.702    6.47048     9.8893     9.9159    24.2242   11.69739 5.7057e-02     11.813 0.0000e+00
        362 202.975373    0.02507     1.5042     90.250  1024.2850  49507.712    31.4929     11.856    6.47211     9.8778     9.9027    24.2308   11.70001 5.6728e-02     11.968 0.0000e+00
        363 202.975376    0.02514     1.5083     90.500  1024.2916  49517.087    31.4979     12.019    6.47361     9.8668     9.8906    24.2366   11.70245 5.6451e-02     12.132 0.0000e+00
        364 202.975379    0.02521     1.5125     90.750  1024.2978  49525.712    31.5024     12.196    6.47505     9.8559     9.8792    24.2420   11.70477 5.6134e-02     12.311 0.0000e+00
        365 202.975382    0.02528     1.5167     91.000  1024.3036  49533.443    31.5063     12.389    6.47644     9.8443     9.8682    24.2469   11.70703 5.5780e-02     12.507 0.0000e+00
        366 202.975385    0.02535     1.5208     91.250  1024.3086  49539.584    31.5092     12.598    6.47787     9.8309     9.8573    24.2509   11.70936 5.5415e-02     12.718 0.0000e+00
        367 202.975388    0.02542     1.5250     91.500  1024.3127  49544.112    31.5108     12.818    6.47945     9.8149     9.8457    24.2540   11.71195 5.5037e-02     12.939 0.0000e+00
        368 202.975391    0.02549     1.5292     91.750  1024.3169  49548.468    31.5120     13.041    6.48130     9.7968     9.8323    24.2572   11.71501 5.4633e-02     13.164 0.0000e+00
        369 202.975394    0.02556     1.5333     92.000  1024.3223  49554.844    31.5143     13.261    6.48347     9.7776     9.8163    24.2616   11.71857 5.4242e-02     13.387 0.0000e+00
        370 202.975396    0.02562     1.5375     92.250  1024.3294  49564.235    31.5185     13.472    6.48587     9.7582     9.7982    24.2678   11.72250 5.3934e-02     13.600 0.0000e+00
        371 202.975399    0.02569     1.5417     92.500  1024.3379  49575.993    31.5242     13.671    6.48837     9.7392     9.7790    24.2753   11.72657 5.3697e-02     13.800 0.0000e+00
        372 202.975402    0.02576     1.5458     92.750  1024.3471  49589.160    31.5309     13.856    6.49086     9.7210     9.7596    24.2837   11.73060 5.3471e-02     13.988 0.0000e+00
        373 202.975405    0.02583     1.5500     93.000  1024.3562  49602.378    31.5377     14.029    6.49327     9.7036     9.7407    24.2920   11.73452 5.3264e-02     14.162 0.0000e+00
        374 202.975408    0.02590     1.5542     93.250  1024.3648  49614.678    31.5439     14.193    6.49560     9.6870     9.7226    24.2998   11.73831 5.3115e-02     14.327 0.0000e+00
        375 202.975411    0.02597     1.5583     93.500  1024.3729  49626.305    31.5497     14.353    6.49784     9.6711     9.7052    24.3071   11.74194 5.3000e-02     14.489 0.0000e+00
        376 202.975414    0.02604     1.5625     93.750  1024.3805  49637.113    31.5551     14.514    6.49999     9.6556     9.6886    24.3140   11.74544 5.2875e-02     14.652 0.0000e+00
        377 202.975417    0.02611     1.5667     94.000  1024.3870  49646.114    31.5593     14.684    6.50209     9.6393     9.6727    24.3198   11.74886 5.2723e-02     14.823 0.0000e+00
        378 202.975420    0.02618     1.5708     94.250  1024.3920  49652.046    31.5613     14.866    6.50422     9.6202     9.6572    24.3239   11.75236 5.2555e-02     15.007 0.0000e+00
        379 202.975422    0.02625     1.5750     94.500  1024.3951  49654.493    31.5608     15.061    6.50658     9.5968     9.6409    24.3261   11.75628 5.2377e-02     15.204 0.0000e+00
        380 202.975425    0.02632     1.5792     94.750  1024.3975  49655.269    31.5587     15.273    6.50939     9.5678     9.6219    24.3275   11.76096 5.2178e-02     15.417 0.0000e+00
        381 202.975428    0.02639     1.5833     95.000  1024.4006  49656.941    31.5566     15.500    6.51284     9.5338     9.5984    24.3296   11.76670 5.1960e-02     15.647 0.0000e+00
        382 202.975431    0.02646     1.5875     95.250  1024.4061  49662.101    31.5563     15.743    6.51701     9.4970     9.5695    24.3339   11.77360 5.1751e-02     15.892 0.0000e+00
        383 202.975434    0.02653     1.5917     95.500  1024.4158  49674.333    31.5602     16.002    6.52173     9.4614     9.5355    24.3424   11.78137 5.1560e-02     16.153 0.0000e+00
        384 202.975437    0.02660     1.5958     95.750  1024.4307  49695.726    31.5702     16.273    6.52660     9.4309     9.4987    24.3561   11.78932 5.1362e-02     16.428 0.0000e+00
        385 202.975440    0.02667     1.6000     96.000  1024.4491  49723.492    31.5848     16.556    6.53111     9.4070     9.4632    24.3732   11.79660 5.1119e-02     16.713 0.0000e+00
        386 202.975443    0.02674     1.6042     96.250  1024.4671  49751.061    31.6000     16.849    6.53486     9.3893     9.4327    24.3898   11.80263 5.0865e-02     17.009 0.0000e+00
        387 202.975446    0.02681     1.6083     96.500  1024.4820  49773.466    31.6125     17.149    6.53777     9.3760     9.4089    24.4033   11.80730 5.0681e-02     17.311 0.0000e+00
        388 202.975448    0.02688     1.6125     96.750  1024.4930  49789.400    31.6212     17.449    6.53996     9.3655     9.3912    24.4129   11.81083 5.0553e-02     17.613 0.0000e+00
        389 202.975451    0.02694     1.6167     97.000  1024.5002  49799.047    31.6260     17.742    6.54166     9.3562     9.3780    24.4188   11.81359 5.0423e-02     17.910 0.0000e+00
        390 202.975454    0.02701     1.6208     97.250  1024.5044  49803.479    31.6276     18.023    6.54311     9.3471     9.3675    24.4217   11.81597 5.0295e-02     18.194 0.0000e+00
        391 202.975457    0.02708     1.6250     97.500  1024.5069  49805.120    31.6273     18.289    6.54447     9.3381     9.3581    24.4229   11.81822 5.0196e-02     18.462 0.0000e+00
        392 202.975460    0.02715     1.6292     97.750  1024.5093  49806.807    31.6272     18.538    6.54579     9.3297     9.3490    24.4242   11.82041 5.0119e-02     18.713 0.0000e+00
        393 202.975463    0.02722     1.6333     98.000  1024.5124  49809.801    31.6279     18.770    6.54706     9.3220     9.3401    24.4263   11.82249 5.0042e-02     18.948 0.0000e+00
        394 202.975466    0.02729     1.6375     98.250  1024.5158  49813.536    31.6293     18.989    6.54822     9.3151     9.3317    24.4287   11.82440 4.9962e-02     19.170 0.0000e+00
        395 202.975469    0.02736     1.6417     98.500  1024.5192  49817.332    31.6309     19.204    6.54926     9.3090     9.3241    24.4311   11.82610 4.9880e-02     19.386 0.0000e+00
        396 202.975472    0.02743     1.6458     98.750  1024.5226  49821.160    31.6325     19.421    6.55018     9.3038     9.3172    24.4334   11.82761 4.9788e-02     19.605 0.0000e+00
        397 202.975475    0.02750     1.6500     99.000  1024.5260  49825.067    31.6344     19.649    6.55098     9.2992     9.3112    24.4358   11.82891 4.9672e-02     19.835 0.0000e+00
        398 202.975477    0.02757     1.6542     99.250  1024.5293  49828.760    31.6361     19.895    6.55167     9.2953     9.3059    24.4380   11.83003 4.9512e-02     20.083 0.0000e+00
        399 202.975480    0.02764     1.6583     99.500  1024.5325  49831.972    31.6377     20.165    6.55225     9.2917     9.3014    24.4399   11.83098 4.9281e-02     20.356 0.0000e+00
        400 202.975483    0.02771     1.6625     99.750  1024.5355  49834.896    31.6390     20.465    6.55276     9.2884     9.2975    24.4416   11.83180 4.9056e-02     20.659 0.0000e+00
        401 202.975486    0.02778     1.6667    100.000  1024.5388  49837.878    31.6405     20.793    6.55321     9.2851     9.2940    24.4433   11.83253 4.8958e-02     20.990 0.0000e+00
        402 202.975489    0.02785     1.6708    100.250  1024.5421  49840.852    31.6420     21.146    6.55363     9.2812     9.2907    24.4450   11.83320 4.8930e-02     21.346 0.0000e+00
        403 202.975492    0.02792     1.6750    100.500  1024.5447  49842.553    31.6426     21.518    6.55408     9.2759     9.2874    24.4460   11.83394 4.8883e-02     21.722 0.0000e+00
        404 202.975495    0.02799     1.6792    100.750  1024.5461  49841.726    31.6413     21.898    6.55469     9.2685     9.2836    24.4456   11.83497 4.8811e-02     22.106 0.0000e+00
        405 202.975498    0.02806     1.6833    101.000  1024.5467  49839.523    31.6388     22.273    6.55556     9.2590     9.2783    24.4445   11.83644 4.8726e-02     22.485 0.0000e+00
        406 202.975501    0.02813     1.6875    101.250  1024.5478  49838.076    31.6366     22.628    6.55673     9.2479     9.2709    24.4439   11.83840 4.8636e-02     22.843 0.0000e+00
        407 202.975503    0.02819     1.6917    101.500  1024.5495  49837.856    31.6350     22.948    6.55817     9.2352     9.2615    24.4442   11.84080 4.8561e-02     23.166 0.0000e+00
        408 202.975506    0.02826     1.6958    101.750  1024.5515  49838.467    31.6338     23.223    6.55984     9.2213     9.2503    24.4449   11.84358 4.8504e-02     23.443 0.0000e+00
        409 202.975509    0.02833     1.7000    102.000  1024.5544  49840.869    31.6336     23.449    6.56169     9.2072     9.2376    24.4468   11.84665 4.8449e-02     23.672 0.0000e+00
        410 202.975512    0.02840     1.7042    102.250  1024.5590  49846.636    31.6356     23.632    6.56361     9.1938     9.2238    24.4505   11.84980 4.8401e-02     23.857 0.0000e+00
        411 202.975515    0.02847     1.7083    102.500  1024.5651  49855.279    31.6397     23.781    6.56548     9.1812     9.2097    24.4559   11.85286 4.8372e-02     24.007 0.0000e+00
        412 202.975518    0.02854     1.7125    102.750  1024.5710  49863.935    31.6439     23.907    6.56726     9.1674     9.1963    24.4612   11.85575 4.8358e-02     24.134 0.0000e+00
        413 202.975521    0.02861     1.7167    103.000  1024.5741  49867.718    31.6447     24.027    6.56907     9.1484     9.1837    24.4638   11.85874 4.8343e-02     24.256 0.0000e+00
        414 202.975524    0.02868     1.7208    103.250  1024.5727  49862.904    31.6393     24.161    6.57132     9.1195     9.1699    24.4618   11.86251 4.8307e-02     24.391 0.0000e+00
        415 202.975527    0.02875     1.7250    103.500  1024.5676  49850.918    31.6281     24.327    6.57457     9.0780     9.1509    24.4559   11.86803 4.8245e-02     24.558 0.0000e+00
        416 202.975530    0.02882     1.7292    103.750  1024.5632  49839.003    31.6155     24.537    6.57933     9.0248     9.1220    24.4505   11.87606 4.8166e-02     24.771 0.0000e+00
        417 202.975532    0.02889     1.7333    104.000  1024.5651  49837.049    31.6081     24.797    6.58573     8.9643     9.0805    24.4511   11.88674 4.8078e-02     25.033 0.0000e+00
        418 202.975535    0.02896     1.7375    104.250  1024.5766  49851.665    31.6107     25.098    6.59342     8.9035     9.0273    24.4613   11.89944 4.7990e-02     25.336 0.0000e+00
        419 202.975538    0.02903     1.7417    104.500  1024.5990  49885.275    31.6255     25.423    6.60166     8.8483     8.9669    24.4822   11.91289 4.7914e-02     25.664 0.0000e+00
        420 202.975541    0.02910     1.7458    104.750  1024.6284  49931.670    31.6492     25.755    6.60959     8.8006     8.9061    24.5100   11.92574 4.7837e-02     25.999 0.0000e+00
        421 202.975544    0.02917     1.7500    105.000  1024.6566  49976.451    31.6726     26.076    6.61672     8.7590     8.8509    24.5367   11.93725 4.7738e-02     26.324 0.0000e+00
        422 202.975547    0.02924     1.7542    105.250  1024.6793  50012.069    31.6906     26.372    6.62299     8.7227     8.8032    24.5580   11.94740 4.7645e-02     26.623 0.0000e+00
        423 202.975550    0.02931     1.7583    105.500  1024.6984  50041.809    31.7053     26.633    6.62850     8.6918     8.7617    24.5759   11.95634 4.7600e-02     26.886 0.0000e+00
        424 202.975553    0.02937     1.7625    105.750  1024.7157  50069.140    31.7191     26.857    6.63328     8.6666     8.7254    24.5921   11.96410 4.7594e-02     27.112 0.0000e+00
        425 202.975556    0.02944     1.7667    106.000  1024.7311  50093.652    31.7316     27.046    6.63731     8.6468     8.6945    24.6066   11.97061 4.7606e-02     27.303 0.0000e+00
