CTD-processing/allCTD/CNV--homogene/2013_11-06_t6_s20_cast146.cnv
* Sea-Bird SBE19plus Data File:
* FileName = C:\Users\kris.holderied\Documents\kasitsna\Research-Projects-and-Data\Oceanography-AK\CTD-CookInlet-GulfWatchAK\2013-10-11-EVOSTC-CookInlet-Ocean\2013-11-06-CookInlet-Tran6-Douglas\2013-11-06-CookInlet-Tran6-cast146.hex
* Software Version 1.59
* Temperature SN =  5028
* Conductivity SN =  5028
* System UpLoad Time = Feb 14 2014 17:25:28
** Cook Inlet Transect 6 (Douglas) east to west
** Date: 2013-11-06
** Station: 6-20
** Start time: 14:08
** Depth (m): 176
** Comment:  CTD instrument time is AK Daylight time *1 hour off*
** Comment:
# nquan = 17
# nvalues = 851                         
# units = specified
# name 0 = scan: Scan Count
# name 1 = timeJ: Julian Days
# name 2 = timeH: Time, Elapsed [hours]
# name 3 = timeM: Time, Elapsed [minutes]
# name 4 = timeS: Time, Elapsed [seconds]
# name 5 = density00: Density [density, kg/m^3]
# name 6 = specc: Specific Conductance [uS/cm]
# name 7 = sal00: Salinity, Practical [PSU]
# name 8 = depSM: Depth [salt water, m], lat = 59.00
# name 9 = oxsolML/L: Oxygen Saturation, Garcia & Gordon [ml/l]
# name 10 = potemp090C: Potential Temperature [ITS-90, deg C]
# name 11 = tv290C: Temperature [ITS-90, deg C]
# name 12 = sigma-é00: Density [sigma-theta, kg/m^3]
# name 13 = n2satML/L: Nitrogen Saturation [ml/l]
# name 14 = par: PAR/Irradiance, Biospherical/Licor
# name 15 = prdM: Pressure, Strain Gauge [db]
# name 16 = flag:  0.000e+00
# span 0 =          1,        851       
# span 1 = 310.630313, 310.632772       
# span 2 =    0.00000,    0.05903       
# span 3 =     0.0000,     3.5417       
# span 4 =      0.000,    212.500       
# span 5 =  1000.2423,  1026.3483       
# span 6 =    732.549,  51913.203       
# span 7 =     0.3462,    32.5822       
# span 8 =     -0.034,    167.703       
# span 9 =    6.69475,    8.88685       
# span 10 =     5.1222,     8.5494      
# span 11 =     5.1219,     8.5521      
# span 12 =     0.2424,    25.5703      
# span 13 =   12.07287,   16.16686      
# span 14 = 3.7965e-02, 1.3205e+02      
# span 15 =     -0.035,    169.355      
# span 16 = 0.0000e+00, 0.0000e+00      
# interval = seconds: 0.25
# start_time = Nov 06 2013 15:07:39 [Instrument's time stamp, header]
# bad_flag = -9.990e-29
*END*
[from data line 256]
        257 310.631053    0.01778     1.0667     64.000  1023.7134  48412.146    30.5061      1.714    6.75117     8.2205     8.2919    23.7054   12.17408 4.9658e+01      1.730 0.0000e+00
        258 310.631056    0.01785     1.0708     64.250  1023.7599  48495.861    30.5585      1.639    6.75511     8.2044     8.2510    23.7523   12.17996 5.1902e+01      1.654 0.0000e+00
        259 310.631059    0.01792     1.0750     64.500  1023.8110  48588.548    30.6187      1.546    6.75710     8.2036     8.2207    23.8038   12.18250 5.3925e+01      1.561 0.0000e+00
        260 310.631062    0.01799     1.0792     64.750  1023.8588  48675.903    30.6773      1.449    6.75698     8.2185     8.2046    23.8521   12.18158 5.5126e+01      1.463 0.0000e+00
        261 310.631065    0.01806     1.0833     65.000  1023.8957  48744.120    30.7249      1.360    6.75503     8.2482     8.2037    23.8894   12.17776 5.5289e+01      1.373 0.0000e+00
        262 310.631068    0.01812     1.0875     65.250  1023.9195  48788.882    30.7584      1.293    6.75129     8.2875     8.2186    23.9135   12.17116 5.4804e+01      1.306 0.0000e+00
        263 310.631071    0.01819     1.0917     65.500  1023.9322  48813.785    30.7802      1.261    6.74580     8.3289     8.2483    23.9264   12.16180 5.4112e+01      1.273 0.0000e+00
        264 310.631073    0.01826     1.0958     65.750  1023.9343  48819.354    30.7900      1.271    6.73938     8.3664     8.2877    23.9284   12.15105 5.3340e+01      1.283 0.0000e+00
        265 310.631076    0.01833     1.1000     66.000  1023.9244  48803.028    30.7847      1.321    6.73331     8.3956     8.3291    23.9183   12.14107 5.2379e+01      1.334 0.0000e+00
        266 310.631079    0.01840     1.1042     66.250  1023.9033  48765.732    30.7641      1.398    6.72852     8.4137     8.3665    23.8968   12.13339 5.1230e+01      1.411 0.0000e+00
        267 310.631082    0.01847     1.1083     66.500  1023.8725  48710.293    30.7297      1.482    6.72559     8.4189     8.3957    23.8656   12.12896 5.0120e+01      1.496 0.0000e+00
        268 310.631085    0.01854     1.1125     66.750  1023.8356  48643.315    30.6855      1.552    6.72476     8.4097     8.4139    23.8284   12.12813 4.9131e+01      1.567 0.0000e+00
        269 310.631088    0.01861     1.1167     67.000  1023.8055  48588.258    30.6478      1.595    6.72562     8.3881     8.4191    23.7981   12.13002 4.8301e+01      1.610 0.0000e+00
        270 310.631091    0.01868     1.1208     67.250  1023.7970  48572.194    30.6352      1.606    6.72756     8.3618     8.4098    23.7896   12.13340 4.7888e+01      1.622 0.0000e+00
        271 310.631094    0.01875     1.1250     67.500  1023.8101  48595.115    30.6481      1.587    6.73027     8.3387     8.3883    23.8028   12.13772 4.8204e+01      1.603 0.0000e+00
        272 310.631097    0.01882     1.1292     67.750  1023.8342  48637.953    30.6742      1.547    6.73312     8.3228     8.3620    23.8270   12.14212 4.9281e+01      1.562 0.0000e+00
        273 310.631100    0.01889     1.1333     68.000  1023.8588  48682.091    30.7016      1.496    6.73544     8.3165     8.3388    23.8518   12.14562 5.0779e+01      1.510 0.0000e+00
        274 310.631102    0.01896     1.1375     68.250  1023.8763  48713.620    30.7213      1.447    6.73698     8.3203     8.3230    23.8696   12.14793 5.2279e+01      1.461 0.0000e+00
        275 310.631105    0.01903     1.1417     68.500  1023.8844  48728.433    30.7307      1.412    6.73754     8.3321     8.3167    23.8779   12.14873 5.3488e+01      1.426 0.0000e+00
        276 310.631108    0.01910     1.1458     68.750  1023.8853  48730.312    30.7326      1.399    6.73688     8.3483     8.3205    23.8788   12.14762 5.4172e+01      1.412 0.0000e+00
        277 310.631111    0.01917     1.1500     69.000  1023.8819  48724.702    30.7304      1.409    6.73518     8.3662     8.3323    23.8754   12.14483 5.3992e+01      1.423 0.0000e+00
        278 310.631114    0.01924     1.1542     69.250  1023.8773  48716.791    30.7273      1.442    6.73285     8.3844     8.3485    23.8706   12.14103 5.2650e+01      1.455 0.0000e+00
        279 310.631117    0.01931     1.1583     69.500  1023.8732  48709.925    30.7251      1.493    6.73023     8.4017     8.3664    23.8663   12.13670 5.0467e+01      1.507 0.0000e+00
        280 310.631120    0.01938     1.1625     69.750  1023.8695  48703.550    30.7233      1.557    6.72754     8.4168     8.3846    23.8623   12.13228 4.8325e+01      1.572 0.0000e+00
        281 310.631123    0.01944     1.1667     70.000  1023.8641  48694.042    30.7192      1.625    6.72510     8.4287     8.4019    23.8566   12.12829 4.6978e+01      1.640 0.0000e+00
        282 310.631126    0.01951     1.1708     70.250  1023.8553  48678.368    30.7104      1.686    6.72319     8.4370     8.4170    23.8475   12.12524 4.6550e+01      1.702 0.0000e+00
        283 310.631128    0.01958     1.1750     70.500  1023.8461  48661.928    30.7007      1.731    6.72183     8.4430     8.4288    23.8382   12.12309 4.6799e+01      1.747 0.0000e+00
        284 310.631131    0.01965     1.1792     70.750  1023.8479  48665.513    30.7044      1.748    6.72041     8.4502     8.4371    23.8399   12.12070 4.7634e+01      1.764 0.0000e+00
        285 310.631134    0.01972     1.1833     71.000  1023.8679  48702.459    30.7311      1.729    6.71833     8.4615     8.4431    23.8599   12.11693 4.9048e+01      1.745 0.0000e+00
        286 310.631137    0.01979     1.1875     71.250  1023.8936  48750.148    30.7655      1.674    6.71574     8.4753     8.4503    23.8858   12.11222 5.0964e+01      1.690 0.0000e+00
        287 310.631140    0.01986     1.1917     71.500  1023.9085  48778.816    30.7872      1.588    6.71308     8.4880     8.4616    23.9012   12.10755 5.3200e+01      1.603 0.0000e+00
        288 310.631143    0.01993     1.1958     71.750  1023.9121  48786.920    30.7950      1.482    6.71066     8.4978     8.4754    23.9052   12.10345 5.5335e+01      1.496 0.0000e+00
        289 310.631146    0.02000     1.2000     72.000  1023.9107  48785.953    30.7962      1.371    6.70870     8.5048     8.4881    23.9043   12.10019 5.7050e+01      1.384 0.0000e+00
        290 310.631149    0.02007     1.2042     72.250  1023.9081  48782.690    30.7953      1.272    6.70725     8.5098     8.4979    23.9023   12.09781 5.8012e+01      1.284 0.0000e+00
        291 310.631152    0.02014     1.2083     72.500  1023.9060  48779.732    30.7943      1.202    6.70623     8.5134     8.5049    23.9005   12.09613 5.7916e+01      1.214 0.0000e+00
        292 310.631155    0.02021     1.2125     72.750  1023.9045  48777.565    30.7936      1.174    6.70551     8.5161     8.5099    23.8991   12.09494 5.7047e+01      1.186 0.0000e+00
        293 310.631157    0.02028     1.2167     73.000  1023.9036  48775.976    30.7930      1.193    6.70499     8.5180     8.5136    23.8981   12.09409 5.5531e+01      1.204 0.0000e+00
        294 310.631160    0.02035     1.2208     73.250  1023.9031  48774.658    30.7924      1.252    6.70461     8.5193     8.5162    23.8973   12.09347 5.3461e+01      1.264 0.0000e+00
        295 310.631163    0.02042     1.2250     73.500  1023.9027  48773.496    30.7919      1.340    6.70434     8.5201     8.5181    23.8966   12.09303 5.1257e+01      1.352 0.0000e+00
        296 310.631166    0.02049     1.2292     73.750  1023.9026  48772.594    30.7914      1.439    6.70417     8.5206     8.5194    23.8960   12.09274 4.9171e+01      1.452 0.0000e+00
        297 310.631169    0.02056     1.2333     74.000  1023.9027  48772.075    30.7911      1.532    6.70406     8.5209     8.5203    23.8956   12.09256 4.7490e+01      1.546 0.0000e+00
        298 310.631172    0.02063     1.2375     74.250  1023.9029  48771.835    30.7910      1.608    6.70399     8.5211     8.5208    23.8955   12.09245 4.6459e+01      1.623 0.0000e+00
        299 310.631175    0.02069     1.2417     74.500  1023.9030  48771.646    30.7908      1.660    6.70395     8.5212     8.5211    23.8954   12.09238 4.6041e+01      1.675 0.0000e+00
        300 310.631178    0.02076     1.2458     74.750  1023.9030  48771.438    30.7907      1.687    6.70392     8.5211     8.5213    23.8952   12.09235 4.5985e+01      1.702 0.0000e+00
        301 310.631181    0.02083     1.2500     75.000  1023.9030  48771.297    30.7906      1.691    6.70392     8.5209     8.5213    23.8951   12.09234 4.6082e+01      1.707 0.0000e+00
        302 310.631183    0.02090     1.2542     75.250  1023.9029  48771.318    30.7906      1.682    6.70393     8.5206     8.5212    23.8952   12.09236 4.6217e+01      1.698 0.0000e+00
        303 310.631186    0.02097     1.2583     75.500  1023.9030  48771.553    30.7908      1.672    6.70395     8.5204     8.5211    23.8953   12.09239 4.6100e+01      1.687 0.0000e+00
        304 310.631189    0.02104     1.2625     75.750  1023.9034  48772.148    30.7911      1.678    6.70397     8.5205     8.5208    23.8956   12.09242 4.5454e+01      1.693 0.0000e+00
        305 310.631192    0.02111     1.2667     76.000  1023.9042  48773.286    30.7919      1.720    6.70396     8.5209     8.5206    23.8963   12.09240 4.4357e+01      1.736 0.0000e+00
        306 310.631195    0.02118     1.2708     76.250  1023.9055  48775.012    30.7930      1.819    6.70391     8.5219     8.5207    23.8972   12.09230 4.2972e+01      1.836 0.0000e+00
        307 310.631198    0.02125     1.2750     76.500  1023.9072  48776.820    30.7943      1.992    6.70378     8.5231     8.5211    23.8981   12.09208 4.1197e+01      2.011 0.0000e+00
        308 310.631201    0.02132     1.2792     76.750  1023.9088  48777.863    30.7951      2.240    6.70361     8.5244     8.5221    23.8985   12.09177 3.8893e+01      2.261 0.0000e+00
        309 310.631204    0.02139     1.2833     77.000  1023.9102  48778.054    30.7952      2.544    6.70341     8.5256     8.5234    23.8985   12.09144 3.6259e+01      2.568 0.0000e+00
        310 310.631207    0.02146     1.2875     77.250  1023.9115  48777.937    30.7952      2.879    6.70321     8.5265     8.5247    23.8983   12.09111 3.3689e+01      2.907 0.0000e+00
        311 310.631209    0.02153     1.2917     77.500  1023.9128  48777.738    30.7951      3.219    6.70303     8.5272     8.5259    23.8980   12.09082 3.1363e+01      3.249 0.0000e+00
        312 310.631212    0.02160     1.2958     77.750  1023.9140  48777.282    30.7948      3.547    6.70290     8.5275     8.5269    23.8976   12.09061 2.9230e+01      3.581 0.0000e+00
        313 310.631215    0.02167     1.3000     78.000  1023.9149  48776.589    30.7943      3.862    6.70282     8.5276     8.5275    23.8971   12.09048 2.7311e+01      3.899 0.0000e+00
        314 310.631218    0.02174     1.3042     78.250  1023.9160  48776.183    30.7939      4.168    6.70278     8.5276     8.5279    23.8968   12.09043 2.5699e+01      4.207 0.0000e+00
        315 310.631221    0.02181     1.3083     78.500  1023.9176  48776.745    30.7942      4.471    6.70276     8.5279     8.5280    23.8970   12.09038 2.4428e+01      4.513 0.0000e+00
        316 310.631224    0.02187     1.3125     78.750  1023.9197  48778.196    30.7950      4.779    6.70271     8.5283     8.5281    23.8977   12.09029 2.3446e+01      4.824 0.0000e+00
        317 310.631227    0.02194     1.3167     79.000  1023.9218  48779.471    30.7958      5.098    6.70263     8.5288     8.5284    23.8983   12.09015 2.2623e+01      5.146 0.0000e+00
        318 310.631230    0.02201     1.3208     79.250  1023.9236  48780.139    30.7962      5.432    6.70254     8.5292     8.5288    23.8985   12.09000 2.1826e+01      5.484 0.0000e+00
        319 310.631233    0.02208     1.3250     79.500  1023.9255  48780.909    30.7967      5.787    6.70245     8.5297     8.5293    23.8988   12.08983 2.0997e+01      5.842 0.0000e+00
        320 310.631236    0.02215     1.3292     79.750  1023.9277  48781.994    30.7974      6.164    6.70234     8.5302     8.5298    23.8992   12.08965 2.0134e+01      6.223 0.0000e+00
        321 310.631238    0.02222     1.3333     80.000  1023.9299  48782.970    30.7980      6.563    6.70224     8.5307     8.5303    23.8996   12.08948 1.9242e+01      6.625 0.0000e+00
        322 310.631241    0.02229     1.3375     80.250  1023.9321  48783.685    30.7984      6.980    6.70214     8.5311     8.5309    23.8999   12.08931 1.8310e+01      7.046 0.0000e+00
        323 310.631244    0.02236     1.3417     80.500  1023.9341  48784.136    30.7986      7.410    6.70205     8.5313     8.5314    23.9000   12.08916 1.7339e+01      7.480 0.0000e+00
        324 310.631247    0.02243     1.3458     80.750  1023.9362  48784.478    30.7987      7.848    6.70198     8.5315     8.5318    23.9000   12.08904 1.6353e+01      7.922 0.0000e+00
        325 310.631250    0.02250     1.3500     81.000  1023.9383  48784.902    30.7988      8.287    6.70193     8.5317     8.5322    23.9001   12.08895 1.5404e+01      8.366 0.0000e+00
        326 310.631253    0.02257     1.3542     81.250  1023.9405  48785.523    30.7991      8.723    6.70188     8.5319     8.5324    23.9003   12.08886 1.4550e+01      8.806 0.0000e+00
        327 310.631256    0.02264     1.3583     81.500  1023.9429  48786.549    30.7997      9.147    6.70182     8.5322     8.5326    23.9007   12.08876 1.3827e+01      9.234 0.0000e+00
        328 310.631259    0.02271     1.3625     81.750  1023.9454  48788.122    30.8006      9.551    6.70174     8.5327     8.5329    23.9014   12.08862 1.3247e+01      9.641 0.0000e+00
        329 310.631262    0.02278     1.3667     82.000  1023.9482  48790.294    30.8020      9.928    6.70163     8.5334     8.5332    23.9024   12.08841 1.2802e+01     10.022 0.0000e+00
        330 310.631264    0.02285     1.3708     82.250  1023.9511  48792.889    30.8038     10.276    6.70147     8.5343     8.5337    23.9037   12.08813 1.2473e+01     10.373 0.0000e+00
        331 310.631267    0.02292     1.3750     82.500  1023.9538  48795.365    30.8055     10.595    6.70129     8.5351     8.5345    23.9049   12.08781 1.2233e+01     10.696 0.0000e+00
        332 310.631270    0.02299     1.3792     82.750  1023.9561  48797.313    30.8068     10.890    6.70110     8.5359     8.5353    23.9059   12.08748 1.2048e+01     10.993 0.0000e+00
        333 310.631273    0.02306     1.3833     83.000  1023.9581  48798.761    30.8078     11.164    6.70092     8.5366     8.5362    23.9066   12.08717 1.1887e+01     11.270 0.0000e+00
        334 310.631276    0.02313     1.3875     83.250  1023.9596  48799.503    30.8084     11.424    6.70077     8.5370     8.5370    23.9069   12.08692 1.1729e+01     11.533 0.0000e+00
        335 310.631279    0.02319     1.3917     83.500  1023.9606  48799.458    30.8083     11.678    6.70067     8.5374     8.5377    23.9067   12.08676 1.1556e+01     11.788 0.0000e+00
        336 310.631282    0.02326     1.3958     83.750  1023.9618  48799.630    30.8084     11.932    6.70059     8.5378     8.5382    23.9067   12.08663 1.1359e+01     12.046 0.0000e+00
        337 310.631285    0.02333     1.4000     84.000  1023.9636  48800.829    30.8092     12.197    6.70050     8.5383     8.5386    23.9073   12.08647 1.1138e+01     12.313 0.0000e+00
        338 310.631288    0.02340     1.4042     84.250  1023.9657  48802.491    30.8103     12.481    6.70039     8.5388     8.5390    23.9081   12.08627 1.0890e+01     12.599 0.0000e+00
        339 310.631291    0.02347     1.4083     84.500  1023.9677  48803.912    30.8112     12.789    6.70027     8.5394     8.5395    23.9087   12.08606 1.0611e+01     12.910 0.0000e+00
        340 310.631293    0.02354     1.4125     84.750  1023.9699  48805.208    30.8121     13.126    6.70015     8.5400     8.5401    23.9093   12.08585 1.0298e+01     13.250 0.0000e+00
