CTD-processing/allCTD/CNV--homogene/2013_04-19_t6_s26_cast060.cnv
* Sea-Bird SBE19plus Data File:
* FileName = C:\Documents and Settings\kris.holderied.local\My Documents\2012-2013-CTD-DATA-new-files\2013-04-EVOSTC-CookInlet-Ocean\2013-04-19-CookInlet-Tran6-Douglas\2013-04-19-CookInlet-Tran6-cast060.hex
* Software Version 1.54
* Temperature SN =  5028
* Conductivity SN =  5028
* System UpLoad Time = Apr 19 2013 22:24:05
** Cook Inlet LTM Transect 6 (Douglas line) West to East
** Date:  2013-04-19
** Station:  6-26
** Start time (AKDT-24 hr):  10:12
** Depth (m): 172
** Comment:  CTD time set wrong
** Comment:
# nquan = 17
# nvalues = 1179                        
# units = specified
# name 0 = scan: Scan Count
# name 1 = timeJ: Julian Days
# name 2 = timeH: Time, Elapsed [hours]
# name 3 = timeM: Time, Elapsed [minutes]
# name 4 = timeS: Time, Elapsed [seconds]
# name 5 = density00: Density [density, kg/m^3]
# name 6 = specc: Specific Conductance [uS/cm]
# name 7 = sal00: Salinity, Practical [PSU]
# name 8 = depSM: Depth [salt water, m], lat = 59.00
# name 9 = oxsolML/L: Oxygen Saturation, Garcia & Gordon [ml/l]
# name 10 = potemp090C: Potential Temperature [ITS-90, deg C]
# name 11 = tv290C: Temperature [ITS-90, deg C]
# name 12 = sigma-é00: Density [sigma-theta, kg/m^3]
# name 13 = n2satML/L: Nitrogen Saturation [ml/l]
# name 14 = par: PAR/Irradiance, Biospherical/Licor
# name 15 = prdM: Pressure, Strain Gauge [db]
# name 16 = flag:  0.000e+00
# span 0 =          1,       1179       
# span 1 = 109.425289, 109.428698       
# span 2 =    0.00000,    0.08181       
# span 3 =     0.0000,     4.9083       
# span 4 =      0.000,    294.500       
# span 5 =   999.9655,  1026.3151       
# span 6 =     88.348,  52200.060       
# span 7 =     0.0383,    32.1907       
# span 8 =      0.080,    161.206       
# span 9 =    7.38889,    9.74664       
# span 10 =     1.7028,     3.9596      
# span 11 =     1.7028,     3.9701      
# span 12 =    -0.0349,    25.5573      
# span 13 =   13.20657,   17.61241      
# span 14 = 3.7912e-02, 1.4373e+03      
# span 15 =      0.081,    162.791      
# span 16 = 0.0000e+00, 0.0000e+00      
# interval = seconds: 0.25
# start_time = Apr 19 2013 10:12:25 [Instrument's time stamp, header]
# bad_flag = -9.990e-29
*END*
[from data line 1022]
       1023 109.428247    0.07097     4.2583    255.500  1026.1434  52181.835    32.1199    128.929    7.46032     3.6047     3.5963    25.5346   13.32534 3.7912e-02    130.186 0.0000e+00
       1024 109.428249    0.07104     4.2625    255.750  1026.1470  52185.036    32.1239    129.180    7.45872     3.6141     3.6040    25.5370   13.32264 3.7912e-02    130.440 0.0000e+00
       1025 109.428252    0.07111     4.2667    256.000  1026.1492  52185.135    32.1261    129.449    7.45698     3.6230     3.6129    25.5380   13.31974 3.7912e-02    130.712 0.0000e+00
       1026 109.428255    0.07118     4.2708    256.250  1026.1493  52181.297    32.1257    129.729    7.45527     3.6305     3.6223    25.5368   13.31692 3.7912e-02    130.995 0.0000e+00
       1027 109.428258    0.07125     4.2750    256.500  1026.1480  52174.879    32.1235    130.012    7.45376     3.6362     3.6312    25.5342   13.31446 3.7912e-02    131.281 0.0000e+00
       1028 109.428261    0.07132     4.2792    256.750  1026.1462  52167.895    32.1205    130.290    7.45254     3.6404     3.6387    25.5311   13.31249 3.7912e-02    131.562 0.0000e+00
       1029 109.428264    0.07139     4.2833    257.000  1026.1447  52161.890    32.1177    130.556    7.45162     3.6433     3.6444    25.5284   13.31101 3.7912e-02    131.831 0.0000e+00
       1030 109.428267    0.07146     4.2875    257.250  1026.1438  52157.440    32.1156    130.804    7.45096     3.6454     3.6486    25.5263   13.30994 3.7912e-02    132.080 0.0000e+00
       1031 109.428270    0.07153     4.2917    257.500  1026.1435  52154.350    32.1141    131.028    7.45049     3.6468     3.6516    25.5249   13.30920 3.7912e-02    132.306 0.0000e+00
       1032 109.428273    0.07160     4.2958    257.750  1026.1434  52152.230    32.1131    131.227    7.45017     3.6478     3.6537    25.5239   13.30868 3.7912e-02    132.507 0.0000e+00
       1033 109.428275    0.07167     4.3000    258.000  1026.1436  52150.844    32.1125    131.403    7.44994     3.6486     3.6551    25.5232   13.30831 3.7912e-02    132.686 0.0000e+00
       1034 109.428278    0.07174     4.3042    258.250  1026.1440  52150.184    32.1122    131.562    7.44977     3.6494     3.6561    25.5229   13.30803 3.7912e-02    132.846 0.0000e+00
       1035 109.428281    0.07181     4.3083    258.500  1026.1448  52150.251    32.1124    131.710    7.44961     3.6503     3.6569    25.5230   13.30778 3.7912e-02    132.995 0.0000e+00
       1036 109.428284    0.07187     4.3125    258.750  1026.1459  52150.987    32.1130    131.855    7.44944     3.6515     3.6577    25.5234   13.30749 3.7912e-02    133.142 0.0000e+00
       1037 109.428287    0.07194     4.3167    259.000  1026.1472  52152.166    32.1139    132.004    7.44922     3.6530     3.6586    25.5241   13.30712 3.7912e-02    133.293 0.0000e+00
       1038 109.428290    0.07201     4.3208    259.250  1026.1485  52153.044    32.1148    132.166    7.44896     3.6545     3.6598    25.5247   13.30666 3.7912e-02    133.456 0.0000e+00
       1039 109.428293    0.07208     4.3250    259.500  1026.1495  52153.066    32.1151    132.346    7.44867     3.6559     3.6613    25.5248   13.30618 3.7912e-02    133.638 0.0000e+00
       1040 109.428296    0.07215     4.3292    259.750  1026.1502  52152.501    32.1150    132.552    7.44839     3.6572     3.6629    25.5245   13.30572 3.7912e-02    133.846 0.0000e+00
       1041 109.428299    0.07222     4.3333    260.000  1026.1510  52151.833    32.1147    132.782    7.44814     3.6583     3.6643    25.5242   13.30532 3.7912e-02    134.078 0.0000e+00
       1042 109.428302    0.07229     4.3375    260.250  1026.1520  52151.402    32.1146    133.034    7.44792     3.6593     3.6655    25.5240   13.30495 3.7912e-02    134.333 0.0000e+00
       1043 109.428304    0.07236     4.3417    260.500  1026.1532  52151.272    32.1147    133.300    7.44771     3.6603     3.6666    25.5240   13.30461 3.7912e-02    134.601 0.0000e+00
       1044 109.428307    0.07243     4.3458    260.750  1026.1545  52151.312    32.1148    133.573    7.44752     3.6613     3.6677    25.5240   13.30429 3.7912e-02    134.878 0.0000e+00
       1045 109.428310    0.07250     4.3500    261.000  1026.1559  52151.622    32.1151    133.846    7.44732     3.6625     3.6687    25.5241   13.30396 3.7912e-02    135.153 0.0000e+00
       1046 109.428313    0.07257     4.3542    261.250  1026.1576  52152.397    32.1158    134.109    7.44710     3.6640     3.6697    25.5246   13.30358 3.7912e-02    135.419 0.0000e+00
       1047 109.428316    0.07264     4.3583    261.500  1026.1594  52153.490    32.1167    134.358    7.44682     3.6658     3.6710    25.5252   13.30311 3.7912e-02    135.671 0.0000e+00
       1048 109.428319    0.07271     4.3625    261.750  1026.1611  52154.433    32.1177    134.590    7.44650     3.6679     3.6725    25.5258   13.30256 3.7912e-02    135.905 0.0000e+00
       1049 109.428322    0.07278     4.3667    262.000  1026.1626  52155.165    32.1185    134.805    7.44612     3.6703     3.6743    25.5263   13.30193 3.7912e-02    136.122 0.0000e+00
       1050 109.428325    0.07285     4.3708    262.250  1026.1642  52156.121    32.1196    135.007    7.44568     3.6730     3.6764    25.5270   13.30119 3.7912e-02    136.326 0.0000e+00
       1051 109.428328    0.07292     4.3750    262.500  1026.1658  52157.206    32.1209    135.201    7.44518     3.6761     3.6788    25.5278   13.30035 3.7912e-02    136.521 0.0000e+00
       1052 109.428330    0.07299     4.3792    262.750  1026.1673  52157.904    32.1219    135.392    7.44463     3.6793     3.6816    25.5284   13.29942 3.7912e-02    136.714 0.0000e+00
       1053 109.428333    0.07306     4.3833    263.000  1026.1687  52158.289    32.1229    135.586    7.44403     3.6828     3.6846    25.5288   13.29842 3.7912e-02    136.910 0.0000e+00
       1054 109.428336    0.07312     4.3875    263.250  1026.1703  52159.068    32.1241    135.784    7.44338     3.6869     3.6878    25.5295   13.29733 3.7912e-02    137.111 0.0000e+00
       1055 109.428339    0.07319     4.3917    263.500  1026.1726  52161.065    32.1262    135.988    7.44263     3.6917     3.6914    25.5309   13.29607 3.7912e-02    137.316 0.0000e+00
       1056 109.428342    0.07326     4.3958    263.750  1026.1754  52163.674    32.1289    136.195    7.44174     3.6970     3.6955    25.5326   13.29457 3.7912e-02    137.526 0.0000e+00
       1057 109.428345    0.07333     4.4000    264.000  1026.1773  52164.692    32.1307    136.407    7.44076     3.7022     3.7003    25.5336   13.29293 3.7912e-02    137.740 0.0000e+00
       1058 109.428348    0.07340     4.4042    264.250  1026.1782  52163.537    32.1312    136.622    7.43977     3.7070     3.7056    25.5335   13.29129 3.7912e-02    137.957 0.0000e+00
       1059 109.428351    0.07347     4.4083    264.500  1026.1785  52161.428    32.1310    136.839    7.43883     3.7111     3.7108    25.5328   13.28975 3.7912e-02    138.177 0.0000e+00
       1060 109.428354    0.07354     4.4125    264.750  1026.1786  52158.965    32.1304    137.059    7.43800     3.7146     3.7156    25.5319   13.28838 3.7912e-02    138.398 0.0000e+00
       1061 109.428356    0.07361     4.4167    265.000  1026.1786  52156.381    32.1296    137.278    7.43728     3.7175     3.7198    25.5309   13.28721 3.7912e-02    138.619 0.0000e+00
       1062 109.428359    0.07368     4.4208    265.250  1026.1788  52154.302    32.1289    137.496    7.43668     3.7201     3.7233    25.5301   13.28622 3.7912e-02    138.840 0.0000e+00
       1063 109.428362    0.07375     4.4250    265.500  1026.1795  52153.386    32.1289    137.714    7.43614     3.7228     3.7262    25.5298   13.28534 3.7912e-02    139.061 0.0000e+00
       1064 109.428365    0.07382     4.4292    265.750  1026.1810  52153.890    32.1298    137.934    7.43562     3.7259     3.7288    25.5303   13.28446 3.7912e-02    139.283 0.0000e+00
       1065 109.428368    0.07389     4.4333    266.000  1026.1832  52155.637    32.1315    138.157    7.43503     3.7296     3.7315    25.5314   13.28347 3.7912e-02    139.508 0.0000e+00
       1066 109.428371    0.07396     4.4375    266.250  1026.1861  52158.529    32.1342    138.385    7.43434     3.7341     3.7346    25.5332   13.28229 3.7912e-02    139.738 0.0000e+00
       1067 109.428374    0.07403     4.4417    266.500  1026.1894  52162.161    32.1375    138.619    7.43350     3.7393     3.7383    25.5354   13.28086 3.7912e-02    139.975 0.0000e+00
       1068 109.428377    0.07410     4.4458    266.750  1026.1926  52165.274    32.1406    138.859    7.43252     3.7448     3.7429    25.5375   13.27920 3.7912e-02    140.217 0.0000e+00
       1069 109.428380    0.07417     4.4500    267.000  1026.1951  52166.900    32.1429    139.105    7.43145     3.7502     3.7481    25.5389   13.27741 3.7912e-02    140.466 0.0000e+00
       1070 109.428383    0.07424     4.4542    267.250  1026.1967  52166.761    32.1441    139.354    7.43037     3.7551     3.7537    25.5393   13.27562 3.7912e-02    140.717 0.0000e+00
       1071 109.428385    0.07431     4.4583    267.500  1026.1974  52165.160    32.1442    139.603    7.42938     3.7593     3.7591    25.5389   13.27397 3.7912e-02    140.969 0.0000e+00
       1072 109.428388    0.07437     4.4625    267.750  1026.1977  52162.850    32.1438    139.847    7.42851     3.7627     3.7640    25.5381   13.27254 3.7912e-02    141.215 0.0000e+00
       1073 109.428391    0.07444     4.4667    268.000  1026.1979  52160.424    32.1431    140.079    7.42778     3.7655     3.7682    25.5371   13.27136 3.7912e-02    141.449 0.0000e+00
       1074 109.428394    0.07451     4.4708    268.250  1026.1979  52158.192    32.1423    140.295    7.42720     3.7676     3.7717    25.5362   13.27040 3.7912e-02    141.668 0.0000e+00
       1075 109.428397    0.07458     4.4750    268.500  1026.1980  52156.156    32.1415    140.494    7.42673     3.7693     3.7745    25.5353   13.26965 3.7912e-02    141.868 0.0000e+00
       1076 109.428400    0.07465     4.4792    268.750  1026.1980  52154.397    32.1408    140.675    7.42638     3.7705     3.7767    25.5345   13.26907 3.7912e-02    142.051 0.0000e+00
       1077 109.428403    0.07472     4.4833    269.000  1026.1982  52153.116    32.1402    140.842    7.42611     3.7714     3.7783    25.5339   13.26863 3.7912e-02    142.220 0.0000e+00
       1078 109.428406    0.07479     4.4875    269.250  1026.1986  52152.307    32.1399    141.001    7.42590     3.7722     3.7795    25.5335   13.26829 3.7912e-02    142.381 0.0000e+00
       1079 109.428409    0.07486     4.4917    269.500  1026.1991  52151.914    32.1398    141.160    7.42574     3.7729     3.7805    25.5333   13.26802 3.7912e-02    142.541 0.0000e+00
       1080 109.428411    0.07493     4.4958    269.750  1026.2000  52151.983    32.1399    141.326    7.42559     3.7737     3.7812    25.5334   13.26778 3.7912e-02    142.709 0.0000e+00
       1081 109.428414    0.07500     4.5000    270.000  1026.2011  52152.535    32.1404    141.506    7.42543     3.7746     3.7819    25.5337   13.26752 3.7912e-02    142.891 0.0000e+00
       1082 109.428417    0.07507     4.5042    270.250  1026.2024  52153.252    32.1410    141.707    7.42526     3.7756     3.7827    25.5341   13.26722 3.7912e-02    143.094 0.0000e+00
       1083 109.428420    0.07514     4.5083    270.500  1026.2038  52153.723    32.1414    141.931    7.42507     3.7767     3.7837    25.5343   13.26690 3.7912e-02    143.321 0.0000e+00
       1084 109.428423    0.07521     4.5125    270.750  1026.2051  52154.038    32.1418    142.178    7.42486     3.7779     3.7847    25.5345   13.26655 3.7912e-02    143.569 0.0000e+00
       1085 109.428426    0.07528     4.5167    271.000  1026.2067  52154.760    32.1424    142.440    7.42462     3.7795     3.7858    25.5349   13.26616 3.7912e-02    143.834 0.0000e+00
       1086 109.428429    0.07535     4.5208    271.250  1026.2087  52156.095    32.1435    142.711    7.42434     3.7815     3.7871    25.5357   13.26567 3.7912e-02    144.108 0.0000e+00
       1087 109.428432    0.07542     4.5250    271.500  1026.2109  52157.582    32.1448    142.981    7.42399     3.7839     3.7886    25.5365   13.26508 3.7912e-02    144.380 0.0000e+00
       1088 109.428435    0.07549     4.5292    271.750  1026.2130  52159.109    32.1462    143.240    7.42356     3.7870     3.7906    25.5375   13.26435 3.7912e-02    144.642 0.0000e+00
       1089 109.428438    0.07556     4.5333    272.000  1026.2155  52161.235    32.1481    143.482    7.42302     3.7908     3.7931    25.5388   13.26343 3.7912e-02    144.886 0.0000e+00
       1090 109.428440    0.07562     4.5375    272.250  1026.2181  52163.796    32.1505    143.703    7.42234     3.7953     3.7962    25.5404   13.26228 3.7912e-02    145.110 0.0000e+00
       1091 109.428443    0.07569     4.5417    272.500  1026.2205  52165.867    32.1527    143.904    7.42153     3.8004     3.8000    25.5419   13.26091 3.7912e-02    145.313 0.0000e+00
       1092 109.428446    0.07576     4.5458    272.750  1026.2225  52167.265    32.1547    144.088    7.42060     3.8059     3.8046    25.5430   13.25936 3.7912e-02    145.499 0.0000e+00
       1093 109.428449    0.07583     4.5500    273.000  1026.2243  52168.356    32.1567    144.260    7.41959     3.8119     3.8096    25.5441   13.25765 3.7912e-02    145.673 0.0000e+00
       1094 109.428452    0.07590     4.5542    273.250  1026.2261  52169.247    32.1586    144.426    7.41848     3.8180     3.8152    25.5451   13.25581 3.7912e-02    145.840 0.0000e+00
       1095 109.428455    0.07597     4.5583    273.500  1026.2273  52169.123    32.1599    144.592    7.41733     3.8237     3.8212    25.5455   13.25389 3.7912e-02    146.008 0.0000e+00
       1096 109.428458    0.07604     4.5625    273.750  1026.2274  52166.751    32.1597    144.763    7.41622     3.8285     3.8273    25.5448   13.25206 3.7912e-02    146.181 0.0000e+00
       1097 109.428461    0.07611     4.5667    274.000  1026.2265  52162.719    32.1583    144.943    7.41525     3.8322     3.8331    25.5432   13.25048 3.7912e-02    146.363 0.0000e+00
       1098 109.428464    0.07618     4.5708    274.250  1026.2259  52159.200    32.1570    145.135    7.41446     3.8354     3.8378    25.5417   13.24918 3.7912e-02    146.556 0.0000e+00
       1099 109.428466    0.07625     4.5750    274.500  1026.2262  52157.357    32.1566    145.338    7.41379     3.8382     3.8416    25.5410   13.24809 3.7912e-02    146.762 0.0000e+00
       1100 109.428469    0.07632     4.5792    274.750  1026.2270  52156.532    32.1568    145.552    7.41321     3.8407     3.8448    25.5408   13.24713 3.7912e-02    146.978 0.0000e+00
       1101 109.428472    0.07639     4.5833    275.000  1026.2280  52155.979    32.1570    145.775    7.41269     3.8431     3.8476    25.5407   13.24627 3.7912e-02    147.203 0.0000e+00
       1102 109.428475    0.07646     4.5875    275.250  1026.2291  52155.854    32.1574    146.005    7.41221     3.8454     3.8501    25.5408   13.24547 3.7912e-02    147.435 0.0000e+00
       1103 109.428478    0.07653     4.5917    275.500  1026.2307  52156.381    32.1583    146.238    7.41174     3.8478     3.8525    25.5412   13.24469 3.7912e-02    147.671 0.0000e+00
       1104 109.428481    0.07660     4.5958    275.750  1026.2325  52157.512    32.1595    146.474    7.41125     3.8505     3.8549    25.5420   13.24387 3.7912e-02    147.909 0.0000e+00
       1105 109.428484    0.07667     4.6000    276.000  1026.2344  52158.741    32.1608    146.707    7.41074     3.8533     3.8573    25.5428   13.24301 3.7912e-02    148.145 0.0000e+00
       1106 109.428487    0.07674     4.6042    276.250  1026.2359  52159.180    32.1617    146.936    7.41021     3.8559     3.8600    25.5432   13.24212 3.7912e-02    148.376 0.0000e+00
