CTD-processing/allCTD/CNV--homogene/2013_07-21_t6_s02_cast076.cnv
* Sea-Bird SBE19plus Data File:
* FileName = C:\Users\kris.holderied\Documents\kasitsna\Research-Projects-and-Data\Oceanography-AK\CTD-CookInlet-GulfWatchAK\2013-07-EVOSTC-CookInlet-Ocean\2013-07-21-22-CookInlet-Tran6-Douglas\2013-07-21-22-CookInlet-Tran6-Douglas-cast076.hex
* Software Version 1.59
* Temperature SN =  5028
* Conductivity SN =  5028
* System UpLoad Time = Apr 09 2014 21:22:28
** Cook Inlet LTM Transect 6 (Douglas) west to east
** Date: 2013-07-21/22
** Station: 6-02
** Start time: 03:34
** Depth (m): 50
** CoComment:
** Comment:
# nquan = 17
# nvalues = 517                         
# units = specified
# name 0 = scan: Scan Count
# name 1 = timeJ: Julian Days
# name 2 = timeH: Time, Elapsed [hours]
# name 3 = timeM: Time, Elapsed [minutes]
# name 4 = timeS: Time, Elapsed [seconds]
# name 5 = density00: Density [density, kg/m^3]
# name 6 = specc: Specific Conductance [uS/cm]
# name 7 = sal00: Salinity, Practical [PSU]
# name 8 = depSM: Depth [salt water, m], lat = 59.00
# name 9 = oxsolML/L: Oxygen Saturation, Garcia & Gordon [ml/l]
# name 10 = potemp090C: Potential Temperature [ITS-90, deg C]
# name 11 = tv290C: Temperature [ITS-90, deg C]
# name 12 = sigma-é00: Density [sigma-theta, kg/m^3]
# name 13 = n2satML/L: Nitrogen Saturation [ml/l]
# name 14 = par: PAR/Irradiance, Biospherical/Licor
# name 15 = prdM: Pressure, Strain Gauge [db]
# name 16 = flag:  0.000e+00
# span 0 =          1,        517       
# span 1 = 203.149444, 203.150938       
# span 2 =    0.00000,    0.03583       
# span 3 =     0.0000,     2.1500       
# span 4 =      0.000,    129.000       
# span 5 =  1000.0890,  1025.2493       
# span 6 =    653.372,  50908.048       
# span 7 =     0.3127,    32.1098       
# span 8 =     -0.047,     50.643       
# span 9 =    6.81395,    8.23909       
# span 10 =     7.1325,     8.2348      
# span 11 =     7.1371,     8.2347      
# span 12 =     0.0892,    25.0871      
# span 13 =   12.25836,   15.07749      
# span 14 = 3.8296e-02, 1.0606e+00      
# span 15 =     -0.047,     51.127      
# span 16 = 0.0000e+00, 0.0000e+00      
# interval = seconds: 0.25
# start_time = Jul 22 2013 03:35:12 [Instrument's time stamp, header]
# bad_flag = -9.990e-29
*END*
[from data line 171]
        172 203.149939    0.01188     0.7125     42.750  1024.9910  50722.635    31.9734      1.238    6.82803     7.3696     7.3731    24.9853   12.28307 3.1295e-01      1.250 0.0000e+00
        173 203.149942    0.01194     0.7167     43.000  1024.9962  50732.187    31.9797      1.233    6.82807     7.3689     7.3711    24.9905   12.28305 2.8716e-01      1.245 0.0000e+00
        174 203.149945    0.01201     0.7208     43.250  1024.9954  50730.852    31.9785      1.222    6.82832     7.3686     7.3698    24.9898   12.28349 2.6919e-01      1.234 0.0000e+00
        175 203.149948    0.01208     0.7250     43.500  1024.9897  50720.423    31.9711      1.212    6.82876     7.3682     7.3691    24.9841   12.28431 2.5374e-01      1.224 0.0000e+00
        176 203.149951    0.01215     0.7292     43.750  1024.9823  50707.066    31.9617      1.209    6.82924     7.3675     7.3687    24.9767   12.28522 2.3877e-01      1.221 0.0000e+00
        177 203.149954    0.01222     0.7333     44.000  1024.9765  50696.433    31.9542      1.220    6.82965     7.3668     7.3683    24.9709   12.28598 2.2510e-01      1.231 0.0000e+00
        178 203.149957    0.01229     0.7375     44.250  1024.9735  50690.732    31.9501      1.244    6.82993     7.3661     7.3676    24.9678   12.28650 2.1418e-01      1.255 0.0000e+00
        179 203.149959    0.01236     0.7417     44.500  1024.9733  50690.127    31.9495      1.277    6.83007     7.3656     7.3669    24.9674   12.28674 2.1552e-01      1.289 0.0000e+00
        180 203.149962    0.01243     0.7458     44.750  1024.9759  50694.520    31.9525      1.310    6.83005     7.3655     7.3662    24.9698   12.28667 2.3437e-01      1.322 0.0000e+00
        181 203.149965    0.01250     0.7500     45.000  1024.9812  50703.941    31.9590      1.335    6.82984     7.3659     7.3657    24.9750   12.28624 2.6376e-01      1.347 0.0000e+00
        182 203.149968    0.01257     0.7542     45.250  1024.9878  50715.998    31.9674      1.347    6.82948     7.3668     7.3656    24.9816   12.28554 2.8361e-01      1.359 0.0000e+00
        183 203.149971    0.01264     0.7583     45.500  1024.9927  50724.902    31.9737      1.342    6.82913     7.3679     7.3660    24.9865   12.28489 2.8180e-01      1.355 0.0000e+00
        184 203.149974    0.01271     0.7625     45.750  1024.9930  50725.611    31.9743      1.321    6.82896     7.3686     7.3669    24.9869   12.28460 2.7402e-01      1.334 0.0000e+00
        185 203.149977    0.01278     0.7667     46.000  1024.9884  50717.502    31.9689      1.287    6.82903     7.3687     7.3680    24.9824   12.28479 2.7337e-01      1.299 0.0000e+00
        186 203.149980    0.01285     0.7708     46.250  1024.9813  50704.979    31.9603      1.242    6.82930     7.3681     7.3687    24.9756   12.28534 2.6695e-01      1.254 0.0000e+00
        187 203.149983    0.01292     0.7750     46.500  1024.9748  50693.514    31.9523      1.193    6.82965     7.3672     7.3688    24.9693   12.28601 2.4407e-01      1.204 0.0000e+00
        188 203.149986    0.01299     0.7792     46.750  1024.9700  50685.195    31.9464      1.144    6.83000     7.3661     7.3682    24.9648   12.28666 2.1175e-01      1.155 0.0000e+00
        189 203.149988    0.01306     0.7833     47.000  1024.9668  50679.660    31.9424      1.104    6.83033     7.3650     7.3673    24.9617   12.28725 1.8274e-01      1.114 0.0000e+00
        190 203.149991    0.01313     0.7875     47.250  1024.9648  50676.299    31.9399      1.078    6.83061     7.3639     7.3662    24.9599   12.28775 1.7299e-01      1.088 0.0000e+00
        191 203.149994    0.01319     0.7917     47.500  1024.9640  50674.760    31.9386      1.070    6.83084     7.3630     7.3651    24.9591   12.28815 1.9067e-01      1.080 0.0000e+00
        192 203.149997    0.01326     0.7958     47.750  1024.9641  50674.923    31.9386      1.082    6.83101     7.3623     7.3640    24.9592   12.28843 2.0421e-01      1.092 0.0000e+00
        193 203.150000    0.01333     0.8000     48.000  1024.9654  50676.993    31.9398      1.113    6.83109     7.3619     7.3631    24.9603   12.28855 1.7896e-01      1.123 0.0000e+00
        194 203.150003    0.01340     0.8042     48.250  1024.9681  50681.576    31.9429      1.154    6.83107     7.3616     7.3624    24.9628   12.28847 1.3981e-01      1.164 0.0000e+00
        195 203.150006    0.01347     0.8083     48.500  1024.9725  50689.243    31.9481      1.193    6.83091     7.3615     7.3620    24.9670   12.28814 1.1448e-01      1.204 0.0000e+00
        196 203.150009    0.01354     0.8125     48.750  1024.9780  50699.048    31.9549      1.223    6.83064     7.3615     7.3617    24.9723   12.28762 9.8687e-02      1.234 0.0000e+00
        197 203.150012    0.01361     0.8167     49.000  1024.9822  50706.655    31.9602      1.238    6.83041     7.3615     7.3616    24.9765   12.28718 8.7465e-02      1.250 0.0000e+00
        198 203.150014    0.01368     0.8208     49.250  1024.9824  50707.015    31.9605      1.239    6.83040     7.3615     7.3616    24.9767   12.28715 8.0180e-02      1.250 0.0000e+00
        199 203.150017    0.01375     0.8250     49.500  1024.9789  50700.568    31.9560      1.227    6.83061     7.3614     7.3616    24.9732   12.28754 7.6866e-02      1.239 0.0000e+00
        200 203.150020    0.01382     0.8292     49.750  1024.9743  50692.320    31.9502      1.209    6.83087     7.3613     7.3616    24.9686   12.28806 7.5734e-02      1.221 0.0000e+00
        201 203.150023    0.01389     0.8333     50.000  1024.9705  50685.674    31.9456      1.189    6.83109     7.3613     7.3615    24.9650   12.28848 7.5617e-02      1.201 0.0000e+00
        202 203.150026    0.01396     0.8375     50.250  1024.9681  50681.332    31.9425      1.173    6.83124     7.3614     7.3614    24.9626   12.28877 7.5900e-02      1.184 0.0000e+00
        203 203.150029    0.01403     0.8417     50.500  1024.9668  50679.150    31.9410      1.162    6.83131     7.3615     7.3614    24.9614   12.28890 7.5888e-02      1.173 0.0000e+00
        204 203.150032    0.01410     0.8458     50.750  1024.9666  50678.859    31.9408      1.158    6.83131     7.3616     7.3615    24.9613   12.28889 7.7356e-02      1.169 0.0000e+00
        205 203.150035    0.01417     0.8500     51.000  1024.9674  50680.241    31.9418      1.159    6.83125     7.3618     7.3616    24.9621   12.28878 8.3120e-02      1.170 0.0000e+00
        206 203.150038    0.01424     0.8542     51.250  1024.9689  50683.007    31.9438      1.159    6.83114     7.3621     7.3617    24.9636   12.28858 9.5095e-02      1.170 0.0000e+00
        207 203.150041    0.01431     0.8583     51.500  1024.9709  50686.538    31.9463      1.154    6.83100     7.3624     7.3619    24.9655   12.28831 1.1534e-01      1.165 0.0000e+00
        208 203.150043    0.01438     0.8625     51.750  1024.9722  50689.110    31.9481      1.142    6.83087     7.3626     7.3622    24.9669   12.28808 1.4462e-01      1.152 0.0000e+00
        209 203.150046    0.01444     0.8667     52.000  1024.9719  50688.652    31.9478      1.122    6.83084     7.3626     7.3625    24.9666   12.28803 1.7271e-01      1.132 0.0000e+00
        210 203.150049    0.01451     0.8708     52.250  1024.9699  50685.261    31.9455      1.098    6.83091     7.3625     7.3627    24.9648   12.28818 1.8827e-01      1.108 0.0000e+00
        211 203.150052    0.01458     0.8750     52.500  1024.9675  50681.072    31.9426      1.075    6.83104     7.3624     7.3627    24.9625   12.28842 1.9762e-01      1.085 0.0000e+00
        212 203.150055    0.01465     0.8792     52.750  1024.9658  50678.052    31.9405      1.060    6.83115     7.3623     7.3626    24.9609   12.28863 2.1123e-01      1.070 0.0000e+00
        213 203.150058    0.01472     0.8833     53.000  1024.9653  50677.129    31.9398      1.059    6.83120     7.3622     7.3625    24.9604   12.28872 2.3160e-01      1.068 0.0000e+00
        214 203.150061    0.01479     0.8875     53.250  1024.9661  50678.611    31.9408      1.070    6.83117     7.3621     7.3624    24.9612   12.28866 2.5043e-01      1.080 0.0000e+00
        215 203.150064    0.01486     0.8917     53.500  1024.9684  50682.640    31.9436      1.089    6.83106     7.3621     7.3623    24.9634   12.28844 2.5924e-01      1.099 0.0000e+00
        216 203.150067    0.01493     0.8958     53.750  1024.9717  50688.527    31.9477      1.109    6.83088     7.3621     7.3622    24.9666   12.28810 2.6273e-01      1.120 0.0000e+00
        217 203.150069    0.01500     0.9000     54.000  1024.9747  50693.879    31.9514      1.123    6.83072     7.3621     7.3622    24.9695   12.28778 2.6577e-01      1.134 0.0000e+00
        218 203.150072    0.01507     0.9042     54.250  1024.9759  50696.004    31.9529      1.127    6.83065     7.3621     7.3622    24.9707   12.28765 2.6568e-01      1.138 0.0000e+00
        219 203.150075    0.01514     0.9083     54.500  1024.9748  50693.995    31.9515      1.118    6.83071     7.3620     7.3622    24.9696   12.28777 2.6390e-01      1.129 0.0000e+00
        220 203.150078    0.01521     0.9125     54.750  1024.9719  50689.007    31.9480      1.099    6.83088     7.3618     7.3622    24.9668   12.28809 2.6799e-01      1.110 0.0000e+00
        221 203.150081    0.01528     0.9167     55.000  1024.9687  50683.287    31.9440      1.075    6.83107     7.3617     7.3621    24.9637   12.28846 2.7579e-01      1.085 0.0000e+00
        222 203.150084    0.01535     0.9208     55.250  1024.9661  50678.678    31.9408      1.056    6.83124     7.3617     7.3619    24.9612   12.28877 2.7664e-01      1.065 0.0000e+00
        223 203.150087    0.01542     0.9250     55.500  1024.9647  50676.117    31.9390      1.050    6.83133     7.3618     7.3618    24.9598   12.28895 2.6992e-01      1.060 0.0000e+00
        224 203.150090    0.01549     0.9292     55.750  1024.9648  50676.233    31.9390      1.061    6.83133     7.3619     7.3618    24.9598   12.28894 2.6359e-01      1.071 0.0000e+00
        225 203.150093    0.01556     0.9333     56.000  1024.9668  50679.765    31.9415      1.084    6.83121     7.3621     7.3619    24.9618   12.28872 2.6420e-01      1.094 0.0000e+00
        226 203.150095    0.01563     0.9375     56.250  1024.9709  50686.960    31.9466      1.106    6.83097     7.3625     7.3620    24.9657   12.28827 2.7557e-01      1.117 0.0000e+00
        227 203.150098    0.01569     0.9417     56.500  1024.9753  50694.968    31.9522      1.116    6.83069     7.3631     7.3622    24.9701   12.28773 3.0098e-01      1.127 0.0000e+00
        228 203.150101    0.01576     0.9458     56.750  1024.9770  50698.014    31.9544      1.110    6.83052     7.3636     7.3626    24.9718   12.28743 3.3335e-01      1.121 0.0000e+00
        229 203.150104    0.01583     0.9500     57.000  1024.9743  50693.320    31.9512      1.091    6.83057     7.3638     7.3632    24.9692   12.28754 3.4963e-01      1.101 0.0000e+00
        230 203.150107    0.01590     0.9542     57.250  1024.9693  50684.449    31.9451      1.068    6.83076     7.3634     7.3637    24.9644   12.28793 3.4345e-01      1.078 0.0000e+00
        231 203.150110    0.01597     0.9583     57.500  1024.9653  50677.173    31.9401      1.052    6.83096     7.3628     7.3639    24.9604   12.28833 3.3245e-01      1.062 0.0000e+00
        232 203.150113    0.01604     0.9625     57.750  1024.9636  50674.245    31.9380      1.050    6.83111     7.3622     7.3635    24.9588   12.28859 3.2371e-01      1.060 0.0000e+00
        233 203.150116    0.01611     0.9667     58.000  1024.9643  50675.487    31.9387      1.059    6.83117     7.3616     7.3629    24.9595   12.28868 3.0981e-01      1.069 0.0000e+00
        234 203.150119    0.01618     0.9708     58.250  1024.9670  50680.174    31.9419      1.071    6.83113     7.3611     7.3623    24.9620   12.28858 2.9713e-01      1.081 0.0000e+00
        235 203.150122    0.01625     0.9750     58.500  1024.9708  50687.015    31.9466      1.077    6.83102     7.3608     7.3617    24.9658   12.28833 2.9675e-01      1.087 0.0000e+00
        236 203.150124    0.01632     0.9792     58.750  1024.9741  50693.180    31.9508      1.072    6.83090     7.3605     7.3612    24.9692   12.28809 2.9903e-01      1.083 0.0000e+00
        237 203.150127    0.01639     0.9833     59.000  1024.9753  50695.422    31.9523      1.057    6.83088     7.3603     7.3609    24.9704   12.28805 2.9282e-01      1.067 0.0000e+00
        238 203.150130    0.01646     0.9875     59.250  1024.9734  50692.181    31.9500      1.034    6.83103     7.3601     7.3606    24.9686   12.28833 2.7895e-01      1.044 0.0000e+00
        239 203.150133    0.01653     0.9917     59.500  1024.9694  50685.041    31.9450      1.011    6.83130     7.3600     7.3603    24.9647   12.28883 2.6349e-01      1.021 0.0000e+00
        240 203.150136    0.01660     0.9958     59.750  1024.9654  50677.875    31.9400      0.998    6.83155     7.3598     7.3602    24.9608   12.28931 2.5751e-01      1.008 0.0000e+00
        241 203.150139    0.01667     1.0000     60.000  1024.9629  50673.352    31.9368      0.999    6.83171     7.3597     7.3600    24.9583   12.28961 2.6717e-01      1.009 0.0000e+00
        242 203.150142    0.01674     1.0042     60.250  1024.9622  50671.953    31.9358      1.015    6.83177     7.3596     7.3599    24.9575   12.28973 2.8510e-01      1.026 0.0000e+00
        243 203.150145    0.01681     1.0083     60.500  1024.9631  50673.410    31.9368      1.038    6.83175     7.3595     7.3598    24.9583   12.28968 3.0660e-01      1.048 0.0000e+00
        244 203.150148    0.01688     1.0125     60.750  1024.9651  50676.894    31.9392      1.058    6.83166     7.3595     7.3597    24.9602   12.28950 3.2530e-01      1.068 0.0000e+00
        245 203.150150    0.01694     1.0167     61.000  1024.9672  50680.522    31.9417      1.072    6.83156     7.3594     7.3596    24.9622   12.28930 3.2616e-01      1.083 0.0000e+00
        246 203.150153    0.01701     1.0208     61.250  1024.9681  50682.172    31.9428      1.082    6.83152     7.3593     7.3596    24.9631   12.28922 3.1454e-01      1.093 0.0000e+00
        247 203.150156    0.01708     1.0250     61.500  1024.9680  50681.791    31.9425      1.091    6.83154     7.3592     7.3595    24.9629   12.28926 3.0279e-01      1.102 0.0000e+00
        248 203.150159    0.01715     1.0292     61.750  1024.9678  50681.507    31.9423      1.102    6.83157     7.3592     7.3594    24.9628   12.28931 2.9363e-01      1.113 0.0000e+00
        249 203.150162    0.01722     1.0333     62.000  1024.9688  50683.173    31.9435      1.115    6.83153     7.3593     7.3593    24.9637   12.28923 2.9343e-01      1.126 0.0000e+00
        250 203.150165    0.01729     1.0375     62.250  1024.9710  50687.138    31.9462      1.127    6.83140     7.3595     7.3593    24.9658   12.28898 2.9870e-01      1.138 0.0000e+00
        251 203.150168    0.01736     1.0417     62.500  1024.9736  50691.699    31.9494      1.132    6.83123     7.3596     7.3594    24.9683   12.28866 3.0081e-01      1.143 0.0000e+00
        252 203.150171    0.01743     1.0458     62.750  1024.9747  50693.780    31.9509      1.124    6.83114     7.3596     7.3596    24.9695   12.28849 2.9935e-01      1.135 0.0000e+00
        253 203.150174    0.01750     1.0500     63.000  1024.9732  50691.335    31.9492      1.103    6.83120     7.3594     7.3597    24.9682   12.28862 3.0090e-01      1.114 0.0000e+00
        254 203.150177    0.01757     1.0542     63.250  1024.9697  50685.101    31.9449      1.072    6.83141     7.3592     7.3597    24.9647   12.28901 3.0983e-01      1.083 0.0000e+00
        255 203.150179    0.01764     1.0583     63.500  1024.9657  50678.129    31.9400      1.038    6.83165     7.3591     7.3595    24.9609   12.28947 3.1585e-01      1.047 0.0000e+00
