CTD-processing/allCTD/CNV--homogene/2013_08-07_t9_s09_cast119.cnv
* Sea-Bird SBE19plus Data File:
* FileName = C:\Users\kris.holderied\Documents\kasitsna\Research-Projects-and-Data\Oceanography-AK\CTD-Data-ALL-to-2014-03\2013-CTD-KachBay-CookInlet\2013-08-07-CookInlet-CTD4141\2013-08-07-CookInlet-Tran9-cast119.hex
* Software Version 1.59
* Temperature SN =  4141
* Conductivity SN =  4141
* System UpLoad Time = May 27 2014 20:13:08
** Cook Inlet LTM Transect 9 (Homer Spit) Extra??
** Date: 2013-08-07
** Station: 9-09
** Start time: 16:31
** Depth (m): 81.4
** Comment:
** Comment:
# nquan = 17
# nvalues = 609                         
# units = specified
# name 0 = scan: Scan Count
# name 1 = timeJ: Julian Days
# name 2 = timeH: Time, Elapsed [hours]
# name 3 = timeM: Time, Elapsed [minutes]
# name 4 = timeS: Time, Elapsed [seconds]
# name 5 = density00: Density [density, kg/m^3]
# name 6 = specc: Specific Conductance [uS/cm]
# name 7 = sal00: Salinity, Practical [PSU]
# name 8 = depSM: Depth [salt water, m], lat = 59.00
# name 9 = oxsolML/L: Oxygen Saturation, Garcia & Gordon [ml/l]
# name 10 = potemp090C: Potential Temperature [ITS-90, deg C]
# name 11 = tv290C: Temperature [ITS-90, deg C]
# name 12 = sigma-é00: Density [sigma-theta, kg/m^3]
# name 13 = n2satML/L: Nitrogen Saturation [ml/l]
# name 14 = par: PAR/Irradiance, Biospherical/Licor
# name 15 = prdM: Pressure, Strain Gauge [db]
# name 16 = flag:  0.000e+00
# span 0 =          1,        609       
# span 1 = 219.688079, 219.689838       
# span 2 =    0.00000,    0.04222       
# span 3 =     0.0000,     2.5333       
# span 4 =      0.000,    152.000       
# span 5 =   999.8366,  1025.0032       
# span 6 =    451.012,  50219.809       
# span 7 =     0.2234,    31.6672       
# span 8 =     -0.115,     73.530       
# span 9 =    6.41689,    7.80653       
# span 10 =     7.4638,    11.5249      
# span 11 =     7.4706,    11.5250      
# span 12 =    -0.1628,    24.6854      
# span 13 =   11.61269,   14.34860      
# span 14 = 3.6382e-02, 2.9537e+01      
# span 15 =     -0.116,     74.237      
# span 16 = 0.0000e+00, 0.0000e+00      
# interval = seconds: 0.25
# start_time = Aug 07 2013 16:30:50 [Instrument's time stamp, header]
# bad_flag = -9.990e-29
*END*
[from data line 171]
        172 219.688573    0.01188     0.7125     42.750  1016.7248  35769.613    22.1148      0.738    6.66684    11.2776    11.2785    16.7214   12.13806 2.0117e+01      0.745 0.0000e+00
        173 219.688576    0.01194     0.7167     43.000  1016.7318  35782.730    22.1237      0.737    6.66660    11.2786    11.2776    16.7284   12.13754 1.8872e+01      0.744 0.0000e+00
        174 219.688579    0.01201     0.7208     43.250  1016.7389  35796.176    22.1328      0.746    6.66621    11.2802    11.2777    16.7355   12.13678 1.7774e+01      0.753 0.0000e+00
        175 219.688582    0.01208     0.7250     43.500  1016.7432  35804.430    22.1384      0.758    6.66582    11.2819    11.2787    16.7397   12.13606 1.7446e+01      0.765 0.0000e+00
        176 219.688585    0.01215     0.7292     43.750  1016.7429  35804.120    22.1383      0.766    6.66559    11.2833    11.2803    16.7394   12.13568 1.8067e+01      0.774 0.0000e+00
        177 219.688588    0.01222     0.7333     44.000  1016.7393  35797.596    22.1340      0.767    6.66553    11.2841    11.2820    16.7358   12.13563 1.9217e+01      0.774 0.0000e+00
        178 219.688591    0.01229     0.7375     44.250  1016.7365  35792.533    22.1307      0.761    6.66546    11.2844    11.2834    16.7330   12.13556 2.0183e+01      0.768 0.0000e+00
        179 219.688594    0.01236     0.7417     44.500  1016.7381  35795.879    22.1330      0.752    6.66524    11.2846    11.2842    16.7347   12.13517 2.0335e+01      0.760 0.0000e+00
        180 219.688597    0.01243     0.7458     44.750  1016.7455  35810.017    22.1427      0.749    6.66480    11.2855    11.2845    16.7421   12.13432 1.9503e+01      0.756 0.0000e+00
        181 219.688600    0.01250     0.7500     45.000  1016.7568  35831.461    22.1572      0.753    6.66415    11.2873    11.2847    16.7533   12.13305 1.8146e+01      0.761 0.0000e+00
        182 219.688602    0.01257     0.7542     45.250  1016.7674  35851.757    22.1711      0.763    6.66344    11.2895    11.2856    16.7639   12.13168 1.7046e+01      0.770 0.0000e+00
        183 219.688605    0.01264     0.7583     45.500  1016.7722  35861.045    22.1775      0.771    6.66291    11.2918    11.2874    16.7686   12.13071 1.6675e+01      0.779 0.0000e+00
        184 219.688608    0.01271     0.7625     45.750  1016.7690  35855.431    22.1739      0.774    6.66273    11.2937    11.2896    16.7655   12.13046 1.6973e+01      0.782 0.0000e+00
        185 219.688611    0.01278     0.7667     46.000  1016.7621  35842.753    22.1654      0.771    6.66276    11.2948    11.2919    16.7586   12.13061 1.7523e+01      0.779 0.0000e+00
        186 219.688614    0.01285     0.7708     46.250  1016.7579  35835.130    22.1604      0.765    6.66270    11.2952    11.2938    16.7544   12.13058 1.7882e+01      0.773 0.0000e+00
        187 219.688617    0.01292     0.7750     46.500  1016.7596  35838.702    22.1629      0.761    6.66243    11.2953    11.2949    16.7561   12.13010 1.7858e+01      0.768 0.0000e+00
        188 219.688620    0.01299     0.7792     46.750  1016.7666  35852.118    22.1720      0.761    6.66199    11.2955    11.2953    16.7631   12.12925 1.7525e+01      0.768 0.0000e+00
        189 219.688623    0.01306     0.7833     47.000  1016.7751  35868.245    22.1830      0.765    6.66151    11.2958    11.2954    16.7716   12.12832 1.7111e+01      0.772 0.0000e+00
        190 219.688626    0.01313     0.7875     47.250  1016.7800  35877.629    22.1894      0.769    6.66121    11.2960    11.2956    16.7765   12.12774 1.6882e+01      0.776 0.0000e+00
        191 219.688628    0.01319     0.7917     47.500  1016.7786  35875.006    22.1876      0.768    6.66124    11.2959    11.2959    16.7751   12.12781 1.6963e+01      0.776 0.0000e+00
        192 219.688631    0.01326     0.7958     47.750  1016.7737  35865.664    22.1813      0.761    6.66148    11.2953    11.2961    16.7702   12.12829 1.7204e+01      0.769 0.0000e+00
        193 219.688634    0.01333     0.8000     48.000  1016.7715  35861.523    22.1785      0.750    6.66161    11.2942    11.2960    16.7680   12.12854 1.7224e+01      0.757 0.0000e+00
        194 219.688637    0.01340     0.8042     48.250  1016.7766  35871.167    22.1850      0.740    6.66142    11.2928    11.2954    16.7732   12.12814 1.6751e+01      0.747 0.0000e+00
        195 219.688640    0.01347     0.8083     48.500  1016.7895  35895.537    22.2015      0.736    6.66089    11.2913    11.2943    16.7861   12.12705 1.5943e+01      0.743 0.0000e+00
        196 219.688643    0.01354     0.8125     48.750  1016.8063  35927.191    22.2229      0.740    6.66019    11.2895    11.2929    16.8029   12.12561 1.5171e+01      0.747 0.0000e+00
        197 219.688646    0.01361     0.8167     49.000  1016.8205  35953.749    22.2408      0.750    6.65965    11.2871    11.2914    16.8170   12.12449 1.4768e+01      0.757 0.0000e+00
        198 219.688649    0.01368     0.8208     49.250  1016.8258  35963.512    22.2473      0.759    6.65964    11.2845    11.2896    16.8223   12.12440 1.4957e+01      0.766 0.0000e+00
        199 219.688652    0.01375     0.8250     49.500  1016.8209  35953.570    22.2403      0.762    6.66029    11.2823    11.2872    16.8173   12.12556 1.5627e+01      0.769 0.0000e+00
        200 219.688655    0.01382     0.8292     49.750  1016.8115  35935.369    22.2278      0.758    6.66119    11.2805    11.2846    16.8080   12.12723 1.6380e+01      0.765 0.0000e+00
        201 219.688657    0.01389     0.8333     50.000  1016.8058  35924.212    22.2201      0.749    6.66185    11.2793    11.2823    16.8024   12.12842 1.6899e+01      0.756 0.0000e+00
        202 219.688660    0.01396     0.8375     50.250  1016.8083  35928.569    22.2229      0.741    6.66198    11.2787    11.2806    16.8048   12.12860 1.6970e+01      0.748 0.0000e+00
        203 219.688663    0.01403     0.8417     50.500  1016.8197  35950.092    22.2375      0.739    6.66154    11.2783    11.2794    16.8163   12.12769 1.6464e+01      0.745 0.0000e+00
        204 219.688666    0.01410     0.8458     50.750  1016.8371  35983.060    22.2598      0.743    6.66070    11.2776    11.2787    16.8337   12.12601 1.5501e+01      0.750 0.0000e+00
        205 219.688669    0.01417     0.8500     51.000  1016.8541  36015.066    22.2815      0.754    6.65984    11.2764    11.2783    16.8506   12.12430 1.4448e+01      0.761 0.0000e+00
        206 219.688672    0.01424     0.8542     51.250  1016.8631  36032.036    22.2930      0.765    6.65944    11.2747    11.2777    16.8596   12.12350 1.3790e+01      0.773 0.0000e+00
        207 219.688675    0.01431     0.8583     51.500  1016.8601  36025.877    22.2887      0.772    6.65980    11.2730    11.2765    16.8565   12.12415 1.3896e+01      0.779 0.0000e+00
        208 219.688678    0.01438     0.8625     51.750  1016.8482  36003.006    22.2731      0.770    6.66071    11.2715    11.2748    16.8446   12.12585 1.4694e+01      0.778 0.0000e+00
        209 219.688681    0.01444     0.8667     52.000  1016.8370  35981.501    22.2583      0.763    6.66158    11.2701    11.2731    16.8335   12.12749 1.5586e+01      0.770 0.0000e+00
        210 219.688683    0.01451     0.8708     52.250  1016.8350  35977.506    22.2555      0.755    6.66192    11.2689    11.2716    16.8315   12.12810 1.5914e+01      0.762 0.0000e+00
        211 219.688686    0.01458     0.8750     52.500  1016.8449  35996.147    22.2681      0.751    6.66159    11.2677    11.2702    16.8415   12.12739 1.5459e+01      0.758 0.0000e+00
        212 219.688689    0.01465     0.8792     52.750  1016.8621  36028.538    22.2900      0.755    6.66085    11.2664    11.2690    16.8587   12.12588 1.4511e+01      0.762 0.0000e+00
        213 219.688692    0.01472     0.8833     53.000  1016.8776  36057.637    22.3097      0.765    6.66018    11.2650    11.2678    16.8741   12.12454 1.3696e+01      0.772 0.0000e+00
        214 219.688695    0.01479     0.8875     53.250  1016.8834  36068.382    22.3169      0.775    6.66006    11.2634    11.2665    16.8799   12.12424 1.3535e+01      0.782 0.0000e+00
        215 219.688698    0.01486     0.8917     53.500  1016.8775  36056.893    22.3090      0.779    6.66061    11.2622    11.2651    16.8740   12.12525 1.4102e+01      0.787 0.0000e+00
        216 219.688701    0.01493     0.8958     53.750  1016.8661  36034.850    22.2939      0.777    6.66147    11.2615    11.2635    16.8625   12.12687 1.5035e+01      0.784 0.0000e+00
        217 219.688704    0.01500     0.9000     54.000  1016.8578  36019.000    22.2830      0.769    6.66211    11.2613    11.2623    16.8543   12.12807 1.5703e+01      0.776 0.0000e+00
        218 219.688707    0.01507     0.9042     54.250  1016.8581  36019.480    22.2833      0.762    6.66220    11.2616    11.2616    16.8546   12.12822 1.5631e+01      0.769 0.0000e+00
        219 219.688709    0.01514     0.9083     54.500  1016.8668  36036.033    22.2945      0.759    6.66175    11.2619    11.2614    16.8634   12.12733 1.4956e+01      0.766 0.0000e+00
        220 219.688712    0.01521     0.9125     54.750  1016.8788  36058.819    22.3100      0.763    6.66106    11.2620    11.2617    16.8753   12.12599 1.4328e+01      0.770 0.0000e+00
        221 219.688715    0.01528     0.9167     55.000  1016.8874  36075.159    22.3212      0.771    6.66055    11.2619    11.2620    16.8839   12.12500 1.4315e+01      0.778 0.0000e+00
        222 219.688718    0.01535     0.9208     55.250  1016.8879  36076.047    22.3218      0.778    6.66051    11.2616    11.2621    16.8844   12.12492 1.4919e+01      0.785 0.0000e+00
        223 219.688721    0.01542     0.9250     55.500  1016.8804  36061.755    22.3120      0.781    6.66094    11.2611    11.2619    16.8768   12.12576 1.5657e+01      0.788 0.0000e+00
        224 219.688724    0.01549     0.9292     55.750  1016.8701  36042.181    22.2987      0.779    6.66154    11.2606    11.2616    16.8666   12.12693 1.6007e+01      0.787 0.0000e+00
        225 219.688727    0.01556     0.9333     56.000  1016.8621  36026.894    22.2883      0.775    6.66205    11.2599    11.2612    16.8586   12.12790 1.5716e+01      0.783 0.0000e+00
        226 219.688730    0.01563     0.9375     56.250  1016.8577  36018.478    22.2826      0.772    6.66237    11.2591    11.2606    16.8542   12.12851 1.4982e+01      0.779 0.0000e+00
        227 219.688733    0.01569     0.9417     56.500  1016.8560  36015.030    22.2802      0.770    6.66257    11.2583    11.2599    16.8524   12.12888 1.4349e+01      0.778 0.0000e+00
        228 219.688736    0.01576     0.9458     56.750  1016.8550  36013.103    22.2788      0.772    6.66274    11.2576    11.2592    16.8515   12.12918 1.4133e+01      0.779 0.0000e+00
        229 219.688738    0.01583     0.9500     57.000  1016.8533  36009.629    22.2764      0.775    6.66296    11.2570    11.2584    16.8498   12.12957 1.4149e+01      0.782 0.0000e+00
        230 219.688741    0.01590     0.9542     57.250  1016.8501  36003.351    22.2720      0.779    6.66324    11.2565    11.2577    16.8465   12.13010 1.4116e+01      0.787 0.0000e+00
        231 219.688744    0.01597     0.9583     57.500  1016.8453  35993.990    22.2656      0.783    6.66360    11.2561    11.2571    16.8417   12.13078 1.4152e+01      0.791 0.0000e+00
        232 219.688747    0.01604     0.9625     57.750  1016.8385  35980.957    22.2567      0.786    6.66405    11.2556    11.2566    16.8348   12.13164 1.4540e+01      0.794 0.0000e+00
        233 219.688750    0.01611     0.9667     58.000  1016.8305  35965.749    22.2464      0.787    6.66455    11.2551    11.2561    16.8269   12.13260 1.5109e+01      0.795 0.0000e+00
        234 219.688753    0.01618     0.9708     58.250  1016.8247  35954.688    22.2388      0.787    6.66494    11.2545    11.2557    16.8211   12.13333 1.5252e+01      0.795 0.0000e+00
        235 219.688756    0.01625     0.9750     58.500  1016.8246  35954.379    22.2386      0.790    6.66502    11.2538    11.2552    16.8210   12.13348 1.4500e+01      0.797 0.0000e+00
        236 219.688759    0.01632     0.9792     58.750  1016.8299  35964.122    22.2452      0.796    6.66484    11.2532    11.2545    16.8262   12.13309 1.3134e+01      0.804 0.0000e+00
        237 219.688762    0.01639     0.9833     59.000  1016.8355  35974.575    22.2522      0.806    6.66464    11.2525    11.2538    16.8317   12.13267 1.2176e+01      0.814 0.0000e+00
        238 219.688764    0.01646     0.9875     59.250  1016.8358  35974.920    22.2524      0.814    6.66472    11.2517    11.2532    16.8320   12.13280 1.2511e+01      0.822 0.0000e+00
        239 219.688767    0.01653     0.9917     59.500  1016.8293  35962.576    22.2440      0.814    6.66517    11.2504    11.2526    16.8255   12.13366 1.4135e+01      0.822 0.0000e+00
        240 219.688770    0.01660     0.9958     59.750  1016.8212  35947.132    22.2334      0.806    6.66574    11.2486    11.2518    16.8175   12.13475 1.6065e+01      0.813 0.0000e+00
        241 219.688773    0.01667     1.0000     60.000  1016.8187  35942.120    22.2299      0.792    6.66608    11.2467    11.2505    16.8150   12.13535 1.6928e+01      0.800 0.0000e+00
        242 219.688776    0.01674     1.0042     60.250  1016.8252  35954.173    22.2380      0.782    6.66599    11.2452    11.2487    16.8216   12.13511 1.6172e+01      0.790 0.0000e+00
        243 219.688779    0.01681     1.0083     60.500  1016.8387  35979.499    22.2551      0.782    6.66554    11.2442    11.2468    16.8351   12.13415 1.4585e+01      0.789 0.0000e+00
        244 219.688782    0.01688     1.0125     60.750  1016.8535  36007.248    22.2738      0.791    6.66497    11.2433    11.2453    16.8498   12.13296 1.3352e+01      0.798 0.0000e+00
        245 219.688785    0.01694     1.0167     61.000  1016.8652  36029.214    22.2887      0.803    6.66449    11.2423    11.2443    16.8615   12.13198 1.3060e+01      0.811 0.0000e+00
        246 219.688788    0.01701     1.0208     61.250  1016.8745  36046.598    22.3004      0.811    6.66412    11.2410    11.2434    16.8707   12.13122 1.3551e+01      0.819 0.0000e+00
        247 219.688791    0.01708     1.0250     61.500  1016.8872  36070.627    22.3167      0.813    6.66358    11.2391    11.2424    16.8835   12.13011 1.4248e+01      0.820 0.0000e+00
        248 219.688793    0.01715     1.0292     61.750  1016.9132  36119.680    22.3500      0.809    6.66237    11.2361    11.2411    16.9095   12.12768 1.4673e+01      0.816 0.0000e+00
        249 219.688796    0.01722     1.0333     62.000  1016.9644  36216.503    22.4157      0.803    6.65989    11.2317    11.2391    16.9607   12.12272 1.4712e+01      0.811 0.0000e+00
        250 219.688799    0.01729     1.0375     62.250  1017.0434  36365.733    22.5170      0.800    6.65605    11.2265    11.2361    17.0397   12.11507 1.4519e+01      0.807 0.0000e+00
        251 219.688802    0.01736     1.0417     62.500  1017.1260  36521.546    22.6227      0.801    6.65223    11.2219    11.2318    17.1223   12.10739 1.4309e+01      0.808 0.0000e+00
        252 219.688805    0.01743     1.0458     62.750  1017.1813  36625.506    22.6930      0.805    6.65003    11.2193    11.2266    17.1776   12.10284 1.4186e+01      0.812 0.0000e+00
        253 219.688808    0.01750     1.0500     63.000  1017.2019  36663.702    22.7187      0.809    6.64961    11.2188    11.2220    17.1982   12.10182 1.4257e+01      0.816 0.0000e+00
        254 219.688811    0.01757     1.0542     63.250  1017.1948  36649.767    22.7090      0.811    6.65040    11.2200    11.2194    17.1911   12.10325 1.4597e+01      0.818 0.0000e+00
        255 219.688814    0.01764     1.0583     63.500  1017.1713  36605.204    22.6786      0.811    6.65175    11.2222    11.2189    17.1676   12.10588 1.4984e+01      0.818 0.0000e+00
