CTD-processing/allCTD/CNV--homogene/2013_07-09_t9andtutka_s09_cast227.cnv
* Sea-Bird SBE19plus Data File:
* FileName = C:\Documents and Settings\kbayadmin\My Documents\CTD data\2013-07-09 Kachemak Bay Homer Spit Line and Tutka Bay\2013-07-09 Kachemak Bay Homer Spit Line and Tutka Bay cast227.hex
* Software Version 1.59
* Temperature SN =  5028
* Conductivity SN =  5028
* System UpLoad Time = Jul 10 2013 11:20:49
** Kachemak Bay Homer Spit Line and Tutka Bay
** 2013-07-05
** Station: 9.09
** N': 59 35.556
** W': -151 23.969
** Start Time: 1858
** Depth(ft): 263
# nquan = 17
# nvalues = 587                         
# units = specified
# name 0 = scan: Scan Count
# name 1 = timeJ: Julian Days
# name 2 = timeH: Time, Elapsed [hours]
# name 3 = timeM: Time, Elapsed [minutes]
# name 4 = timeS: Time, Elapsed [seconds]
# name 5 = density00: Density [density, kg/m^3]
# name 6 = specc: Specific Conductance [uS/cm]
# name 7 = sal00: Salinity, Practical [PSU]
# name 8 = depSM: Depth [salt water, m], lat = 59.00
# name 9 = oxsolML/L: Oxygen Saturation, Garcia & Gordon [ml/l]
# name 10 = potemp090C: Potential Temperature [ITS-90, deg C]
# name 11 = tv290C: Temperature [ITS-90, deg C]
# name 12 = sigma-é00: Density [sigma-theta, kg/m^3]
# name 13 = n2satML/L: Nitrogen Saturation [ml/l]
# name 14 = par: PAR/Irradiance, Biospherical/Licor
# name 15 = prdM: Pressure, Strain Gauge [db]
# name 16 = flag:  0.000e+00
# span 0 =          1,        587       
# span 1 = 190.790683, 190.792378       
# span 2 =    0.00000,    0.04069       
# span 3 =     0.0000,     2.4417       
# span 4 =      0.000,    146.500       
# span 5 =  1000.4661,  1025.2825       
# span 6 =   1832.733,  50710.389       
# span 7 =     0.9201,    31.7058       
# span 8 =      0.001,     75.974       
# span 9 =    6.69436,    7.94059       
# span 10 =     6.0203,     9.5633      
# span 11 =     6.0264,     9.5633      
# span 12 =     0.4660,    24.9297      
# span 13 =   12.08792,   14.56455      
# span 14 = 4.7828e-02, 9.9350e+02      
# span 15 =      0.001,     76.704      
# span 16 = 0.0000e+00, 0.0000e+00      
# interval = seconds: 0.25
# start_time = Jul 09 2013 18:58:35 [Instrument's time stamp, header]
# bad_flag = -9.990e-29
*END*
[from data line 426]
        427 190.791916    0.02958     1.7750    106.500  1025.0502  50539.473    31.6985     39.755    6.95615     6.6373     6.6453    24.8653   12.49826 1.6258e-01     40.134 0.0000e+00
        428 190.791918    0.02965     1.7792    106.750  1025.0528  50542.311    31.6999     40.010    6.95651     6.6359     6.6427    24.8667   12.49885 1.5771e-01     40.391 0.0000e+00
        429 190.791921    0.02972     1.7833    107.000  1025.0549  50544.268    31.7008     40.259    6.95678     6.6347     6.6408    24.8677   12.49929 1.5311e-01     40.643 0.0000e+00
        430 190.791924    0.02979     1.7875    107.250  1025.0565  50545.319    31.7011     40.506    6.95700     6.6336     6.6393    24.8682   12.49964 1.4874e-01     40.892 0.0000e+00
        431 190.791927    0.02986     1.7917    107.500  1025.0577  50545.617    31.7010     40.753    6.95718     6.6324     6.6382    24.8682   12.49995 1.4451e-01     41.142 0.0000e+00
        432 190.791930    0.02993     1.7958    107.750  1025.0585  50545.161    31.7004     41.003    6.95738     6.6306     6.6371    24.8679   12.50029 1.4040e-01     41.394 0.0000e+00
        433 190.791933    0.03000     1.8000    108.000  1025.0589  50543.929    31.6992     41.257    6.95764     6.6282     6.6359    24.8671   12.50073 1.3640e-01     41.651 0.0000e+00
        434 190.791936    0.03007     1.8042    108.250  1025.0591  50542.322    31.6976     41.514    6.95799     6.6251     6.6342    24.8661   12.50132 1.3251e-01     41.910 0.0000e+00
        435 190.791939    0.03014     1.8083    108.500  1025.0593  50540.847    31.6960     41.771    6.95844     6.6213     6.6318    24.8651   12.50210 1.2878e-01     42.170 0.0000e+00
        436 190.791942    0.03021     1.8125    108.750  1025.0597  50539.527    31.6944     42.028    6.95902     6.6169     6.6287    24.8643   12.50306 1.2525e-01     42.428 0.0000e+00
        437 190.791944    0.03028     1.8167    109.000  1025.0604  50538.988    31.6933     42.283    6.95969     6.6125     6.6249    24.8638   12.50419 1.2189e-01     42.686 0.0000e+00
        438 190.791947    0.03035     1.8208    109.250  1025.0622  50540.365    31.6933     42.536    6.96039     6.6087     6.6206    24.8644   12.50535 1.1871e-01     42.941 0.0000e+00
        439 190.791950    0.03042     1.8250    109.500  1025.0648  50543.373    31.6944     42.785    6.96104     6.6057     6.6162    24.8659   12.50641 1.1571e-01     43.193 0.0000e+00
        440 190.791953    0.03049     1.8292    109.750  1025.0676  50546.659    31.6959     43.032    6.96159     6.6034     6.6124    24.8675   12.50729 1.1287e-01     43.443 0.0000e+00
        441 190.791956    0.03056     1.8333    110.000  1025.0701  50549.257    31.6970     43.281    6.96202     6.6014     6.6094    24.8688   12.50799 1.1014e-01     43.694 0.0000e+00
        442 190.791959    0.03062     1.8375    110.250  1025.0719  50550.721    31.6975     43.535    6.96238     6.5992     6.6071    24.8695   12.50857 1.0747e-01     43.950 0.0000e+00
        443 190.791962    0.03069     1.8417    110.500  1025.0729  50550.545    31.6969     43.794    6.96272     6.5961     6.6052    24.8692   12.50916 1.0486e-01     44.213 0.0000e+00
        444 190.791965    0.03076     1.8458    110.750  1025.0727  50548.176    31.6947     44.059    6.96317     6.5913     6.6030    24.8678   12.50993 1.0234e-01     44.480 0.0000e+00
        445 190.791968    0.03083     1.8500    111.000  1025.0714  50543.854    31.6910     44.327    6.96385     6.5844     6.5999    24.8653   12.51109 9.9912e-02     44.751 0.0000e+00
        446 190.791970    0.03090     1.8542    111.250  1025.0698  50539.051    31.6867     44.597    6.96482     6.5755     6.5951    24.8624   12.51276 9.7576e-02     45.023 0.0000e+00
        447 190.791973    0.03097     1.8583    111.500  1025.0688  50535.188    31.6826     44.868    6.96612     6.5651     6.5882    24.8601   12.51496 9.5342e-02     45.296 0.0000e+00
        448 190.791976    0.03104     1.8625    111.750  1025.0688  50533.352    31.6796     45.140    6.96770     6.5542     6.5793    24.8588   12.51761 9.3213e-02     45.571 0.0000e+00
        449 190.791979    0.03111     1.8667    112.000  1025.0707  50535.042    31.6787     45.412    6.96942     6.5439     6.5689    24.8594   12.52046 9.1172e-02     45.846 0.0000e+00
        450 190.791982    0.03118     1.8708    112.250  1025.0746  50540.393    31.6802     45.683    6.97111     6.5352     6.5580    24.8620   12.52324 8.9213e-02     46.119 0.0000e+00
        451 190.791985    0.03125     1.8750    112.500  1025.0796  50547.706    31.6833     45.952    6.97263     6.5283     6.5478    24.8657   12.52571 8.7348e-02     46.392 0.0000e+00
        452 190.791988    0.03132     1.8792    112.750  1025.0845  50554.944    31.6866     46.221    6.97389     6.5228     6.5391    24.8694   12.52774 8.5580e-02     46.663 0.0000e+00
        453 190.791991    0.03139     1.8833    113.000  1025.0886  50560.587    31.6891     46.490    6.97490     6.5181     6.5322    24.8723   12.52938 8.3894e-02     46.934 0.0000e+00
        454 190.791994    0.03146     1.8875    113.250  1025.0916  50564.108    31.6904     46.758    6.97573     6.5137     6.5267    24.8740   12.53073 8.2269e-02     47.206 0.0000e+00
        455 190.791997    0.03153     1.8917    113.500  1025.0934  50565.555    31.6904     47.028    6.97648     6.5088     6.5221    24.8746   12.53197 8.0696e-02     47.477 0.0000e+00
        456 190.791999    0.03160     1.8958    113.750  1025.0944  50565.374    31.6893     47.298    6.97724     6.5034     6.5177    24.8743   12.53326 7.9183e-02     47.751 0.0000e+00
        457 190.792002    0.03167     1.9000    114.000  1025.0952  50564.795    31.6879     47.571    6.97809     6.4975     6.5129    24.8738   12.53467 7.7729e-02     48.026 0.0000e+00
        458 190.792005    0.03174     1.9042    114.250  1025.0965  50565.242    31.6871     47.847    6.97901     6.4918     6.5075    24.8739   12.53621 7.6328e-02     48.304 0.0000e+00
        459 190.792008    0.03181     1.9083    114.500  1025.0987  50567.341    31.6873     48.124    6.97995     6.4866     6.5016    24.8748   12.53775 7.4981e-02     48.584 0.0000e+00
        460 190.792011    0.03188     1.9125    114.750  1025.1016  50570.615    31.6884     48.403    6.98083     6.4820     6.4959    24.8764   12.53920 7.3697e-02     48.866 0.0000e+00
        461 190.792014    0.03194     1.9167    115.000  1025.1045  50573.921    31.6896     48.682    6.98162     6.4779     6.4907    24.8779   12.54049 7.2482e-02     49.147 0.0000e+00
        462 190.792017    0.03201     1.9208    115.250  1025.1069  50576.365    31.6903     48.961    6.98233     6.4740     6.4861    24.8791   12.54164 7.1326e-02     49.429 0.0000e+00
        463 190.792020    0.03208     1.9250    115.500  1025.1090  50578.079    31.6906     49.239    6.98298     6.4704     6.4820    24.8798   12.54272 7.0217e-02     49.709 0.0000e+00
        464 190.792023    0.03215     1.9292    115.750  1025.1111  50580.004    31.6911     49.515    6.98358     6.4673     6.4782    24.8807   12.54371 6.9163e-02     49.989 0.0000e+00
        465 190.792025    0.03222     1.9333    116.000  1025.1136  50582.590    31.6921     49.791    6.98412     6.4649     6.4746    24.8819   12.54458 6.8179e-02     50.267 0.0000e+00
        466 190.792028    0.03229     1.9375    116.250  1025.1163  50585.342    31.6933     50.068    6.98456     6.4631     6.4716    24.8833   12.54529 6.7254e-02     50.546 0.0000e+00
        467 190.792031    0.03236     1.9417    116.500  1025.1187  50587.635    31.6943     50.345    6.98491     6.4617     6.4692    24.8844   12.54585 6.6367e-02     50.826 0.0000e+00
        468 190.792034    0.03243     1.9458    116.750  1025.1207  50589.261    31.6949     50.622    6.98517     6.4606     6.4674    24.8851   12.54628 6.5516e-02     51.106 0.0000e+00
        469 190.792037    0.03250     1.9500    117.000  1025.1225  50590.383    31.6953     50.899    6.98538     6.4596     6.4660    24.8856   12.54662 6.4714e-02     51.386 0.0000e+00
        470 190.792040    0.03257     1.9542    117.250  1025.1241  50591.247    31.6956     51.177    6.98555     6.4589     6.4649    24.8859   12.54689 6.3961e-02     51.666 0.0000e+00
        471 190.792043    0.03264     1.9583    117.500  1025.1257  50591.966    31.6958     51.455    6.98568     6.4583     6.4640    24.8862   12.54711 6.3248e-02     51.947 0.0000e+00
        472 190.792046    0.03271     1.9625    117.750  1025.1272  50592.601    31.6959     51.735    6.98579     6.4578     6.4633    24.8864   12.54729 6.2574e-02     52.230 0.0000e+00
        473 190.792049    0.03278     1.9667    118.000  1025.1287  50593.173    31.6961     52.016    6.98588     6.4574     6.4627    24.8866   12.54744 6.1933e-02     52.513 0.0000e+00
        474 190.792052    0.03285     1.9708    118.250  1025.1302  50593.651    31.6962     52.297    6.98595     6.4571     6.4622    24.8868   12.54755 6.1320e-02     52.797 0.0000e+00
        475 190.792054    0.03292     1.9750    118.500  1025.1315  50593.965    31.6962     52.578    6.98600     6.4568     6.4619    24.8868   12.54764 6.0734e-02     53.081 0.0000e+00
        476 190.792057    0.03299     1.9792    118.750  1025.1328  50594.024    31.6961     52.859    6.98606     6.4564     6.4616    24.8867   12.54773 6.0169e-02     53.365 0.0000e+00
        477 190.792060    0.03306     1.9833    119.000  1025.1338  50593.803    31.6958     53.139    6.98612     6.4558     6.4613    24.8865   12.54784 5.9618e-02     53.648 0.0000e+00
        478 190.792063    0.03313     1.9875    119.250  1025.1348  50593.439    31.6953     53.418    6.98620     6.4550     6.4609    24.8862   12.54798 5.9087e-02     53.929 0.0000e+00
        479 190.792066    0.03319     1.9917    119.500  1025.1358  50593.152    31.6949     53.695    6.98631     6.4541     6.4604    24.8860   12.54817 5.8585e-02     54.209 0.0000e+00
        480 190.792069    0.03326     1.9958    119.750  1025.1369  50592.935    31.6945     53.970    6.98645     6.4529     6.4596    24.8857   12.54841 5.8113e-02     54.486 0.0000e+00
        481 190.792072    0.03333     2.0000    120.000  1025.1379  50592.685    31.6940     54.242    6.98663     6.4514     6.4587    24.8855   12.54871 5.7665e-02     54.762 0.0000e+00
        482 190.792075    0.03340     2.0042    120.250  1025.1389  50592.435    31.6934     54.512    6.98685     6.4497     6.4575    24.8852   12.54907 5.7239e-02     55.034 0.0000e+00
        483 190.792078    0.03347     2.0083    120.500  1025.1399  50592.266    31.6929     54.778    6.98710     6.4479     6.4560    24.8850   12.54950 5.6840e-02     55.302 0.0000e+00
        484 190.792080    0.03354     2.0125    120.750  1025.1410  50592.285    31.6925     55.041    6.98739     6.4459     6.4544    24.8849   12.54999 5.6466e-02     55.568 0.0000e+00
        485 190.792083    0.03361     2.0167    121.000  1025.1422  50592.516    31.6922     55.301    6.98770     6.4437     6.4525    24.8849   12.55051 5.6107e-02     55.830 0.0000e+00
        486 190.792086    0.03368     2.0208    121.250  1025.1434  50592.763    31.6919     55.559    6.98804     6.4414     6.4505    24.8849   12.55108 5.5767e-02     56.091 0.0000e+00
        487 190.792089    0.03375     2.0250    121.500  1025.1445  50592.835    31.6914     55.817    6.98841     6.4389     6.4484    24.8848   12.55170 5.5441e-02     56.352 0.0000e+00
        488 190.792092    0.03382     2.0292    121.750  1025.1458  50593.259    31.6911     56.076    6.98881     6.4366     6.4461    24.8848   12.55234 5.5131e-02     56.614 0.0000e+00
        489 190.792095    0.03389     2.0333    122.000  1025.1476  50594.706    31.6916     56.337    6.98918     6.4348     6.4436    24.8855   12.55296 5.4841e-02     56.877 0.0000e+00
        490 190.792098    0.03396     2.0375    122.250  1025.1499  50596.782    31.6925     56.600    6.98951     6.4333     6.4414    24.8865   12.55349 5.4568e-02     57.142 0.0000e+00
        491 190.792101    0.03403     2.0417    122.500  1025.1520  50598.619    31.6933     56.864    6.98977     6.4321     6.4396    24.8873   12.55391 5.4306e-02     57.409 0.0000e+00
        492 190.792104    0.03410     2.0458    122.750  1025.1536  50599.512    31.6935     57.130    6.98999     6.4307     6.4382    24.8877   12.55427 5.4050e-02     57.677 0.0000e+00
        493 190.792106    0.03417     2.0500    123.000  1025.1546  50599.255    31.6930     57.395    6.99021     6.4288     6.4369    24.8874   12.55464 5.3804e-02     57.944 0.0000e+00
        494 190.792109    0.03424     2.0542    123.250  1025.1552  50598.433    31.6920     57.658    6.99049     6.4265     6.4355    24.8868   12.55510 5.3569e-02     58.210 0.0000e+00
        495 190.792112    0.03431     2.0583    123.500  1025.1558  50597.629    31.6910     57.919    6.99083     6.4237     6.4337    24.8862   12.55569 5.3340e-02     58.474 0.0000e+00
        496 190.792115    0.03438     2.0625    123.750  1025.1567  50597.191    31.6901     58.178    6.99125     6.4208     6.4314    24.8859   12.55639 5.3119e-02     58.735 0.0000e+00
        497 190.792118    0.03444     2.0667    124.000  1025.1579  50597.558    31.6897     58.436    6.99171     6.4179     6.4287    24.8859   12.55715 5.2908e-02     58.996 0.0000e+00
        498 190.792121    0.03451     2.0708    124.250  1025.1595  50598.623    31.6898     58.697    6.99218     6.4151     6.4258    24.8863   12.55793 5.2706e-02     59.259 0.0000e+00
        499 190.792124    0.03458     2.0750    124.500  1025.1611  50599.588    31.6898     58.963    6.99265     6.4121     6.4229    24.8867   12.55871 5.2515e-02     59.528 0.0000e+00
        500 190.792127    0.03465     2.0792    124.750  1025.1625  50600.054    31.6895     59.235    6.99313     6.4090     6.4201    24.8867   12.55950 5.2330e-02     59.802 0.0000e+00
        501 190.792130    0.03472     2.0833    125.000  1025.1639  50600.521    31.6891     59.512    6.99363     6.4059     6.4171    24.8868   12.56033 5.2146e-02     60.082 0.0000e+00
        502 190.792133    0.03479     2.0875    125.250  1025.1655  50601.402    31.6890     59.792    6.99413     6.4027     6.4140    24.8872   12.56117 5.1959e-02     60.365 0.0000e+00
        503 190.792135    0.03486     2.0917    125.500  1025.1670  50602.034    31.6887     60.073    6.99465     6.3992     6.4110    24.8873   12.56202 5.1776e-02     60.649 0.0000e+00
        504 190.792138    0.03493     2.0958    125.750  1025.1680  50601.746    31.6878     60.355    6.99521     6.3950     6.4078    24.8870   12.56295 5.1604e-02     60.934 0.0000e+00
        505 190.792141    0.03500     2.1000    126.000  1025.1684  50600.564    31.6862     60.636    6.99585     6.3896     6.4043    24.8862   12.56403 5.1444e-02     61.217 0.0000e+00
        506 190.792144    0.03507     2.1042    126.250  1025.1684  50598.531    31.6839     60.917    6.99665     6.3830     6.4001    24.8849   12.56538 5.1294e-02     61.501 0.0000e+00
        507 190.792147    0.03514     2.1083    126.500  1025.1684  50596.391    31.6812     61.199    6.99764     6.3752     6.3947    24.8835   12.56706 5.1147e-02     61.786 0.0000e+00
        508 190.792150    0.03521     2.1125    126.750  1025.1687  50594.983    31.6789     61.483    6.99883     6.3661     6.3881    24.8824   12.56905 5.0999e-02     62.072 0.0000e+00
        509 190.792153    0.03528     2.1167    127.000  1025.1690  50593.602    31.6763     61.769    7.00022     6.3555     6.3803    24.8814   12.57138 5.0854e-02     62.361 0.0000e+00
        510 190.792156    0.03535     2.1208    127.250  1025.1690  50591.856    31.6732     62.057    7.00184     6.3434     6.3713    24.8801   12.57410 5.0712e-02     62.652 0.0000e+00
