CTD-processing/allCTD/CNV--homogene/2013_02-12_alongbay_skb06_cast038.cnv
* Sea-Bird SBE19plus Data File:
* FileName = C:\Documents and Settings\kris.holderied.local\My Documents\2012-2013-CTD-DATA-new-files\2013-02-EVOSTC-CookInlet\2013-02-12-along-KBay-line\2012-02-12-Along-KBay-line-cast038.hex
* Software Version 1.54
* Temperature SN =  5028
* Conductivity SN =  5028
* System UpLoad Time = Mar 14 2013 23:49:45
** Kachemak Bay - along-bay transect, west to east
** Date:  12 Feb 2013
** Station: KB-05
** Start time (AKDT-24 hr): 18:57
** Depth (m): 164
** Comment: CTD time set wrong by 2 hours
** Comment: Supplement to Gulf Watch sampling
# nquan = 17
# nvalues = 1156                        
# units = specified
# name 0 = scan: Scan Count
# name 1 = timeJ: Julian Days
# name 2 = timeH: Time, Elapsed [hours]
# name 3 = timeM: Time, Elapsed [minutes]
# name 4 = timeS: Time, Elapsed [seconds]
# name 5 = density00: Density [density, kg/m^3]
# name 6 = specc: Specific Conductance [uS/cm]
# name 7 = sal00: Salinity, Practical [PSU]
# name 8 = depSM: Depth [salt water, m], lat = 59.00
# name 9 = oxsolML/L: Oxygen Saturation, Garcia & Gordon [ml/l]
# name 10 = potemp090C: Potential Temperature [ITS-90, deg C]
# name 11 = tv290C: Temperature [ITS-90, deg C]
# name 12 = sigma-é00: Density [sigma-theta, kg/m^3]
# name 13 = n2satML/L: Nitrogen Saturation [ml/l]
# name 14 = par: PAR/Irradiance, Biospherical/Licor
# name 15 = prdM: Pressure, Strain Gauge [db]
# name 16 = flag:  0.000e+00
# span 0 =          1,       1156       
# span 1 =  43.871921,  43.875263       
# span 2 =    0.00000,    0.08021       
# span 3 =     0.0000,     4.8125       
# span 4 =      0.000,    288.750       
# span 5 =  1000.3288,  1025.9214       
# span 6 =    997.777,  51498.207       
# span 7 =     0.4702,    31.7556       
# span 8 =     -0.138,    152.721       
# span 9 =    7.39583,    9.60667       
# span 10 =     2.1501,     4.0424      
# span 11 =     2.1501,     4.0523      
# span 12 =     0.3295,    25.2020      
# span 13 =   13.22369,   17.37141      
# span 14 = 3.7912e-02, 6.6118e+00      
# span 15 =     -0.140,    154.220      
# span 16 = 0.0000e+00, 0.0000e+00      
# interval = seconds: 0.25
# start_time = Feb 12 2013 20:55:34 [Instrument's time stamp, header]
# bad_flag = -9.990e-29
*END*
[from data line 852]
        853  43.874387    0.05917     3.5500    213.000  1025.6249  51427.293    31.7171     94.584    7.41221     3.9668     3.9720    25.1788   13.25123 3.7912e-02     95.498 0.0000e+00
        854  43.874389    0.05924     3.5542    213.250  1025.6260  51427.385    31.7172     94.825    7.41213     3.9671     3.9725    25.1788   13.25109 3.7912e-02     95.741 0.0000e+00
        855  43.874392    0.05931     3.5583    213.500  1025.6270  51427.420    31.7172     95.050    7.41205     3.9674     3.9729    25.1787   13.25097 3.7912e-02     95.969 0.0000e+00
        856  43.874395    0.05937     3.5625    213.750  1025.6280  51427.491    31.7172     95.256    7.41199     3.9677     3.9733    25.1787   13.25086 3.7912e-02     96.177 0.0000e+00
        857  43.874398    0.05944     3.5667    214.000  1025.6290  51427.705    31.7174     95.445    7.41193     3.9680     3.9736    25.1788   13.25076 3.7912e-02     96.368 0.0000e+00
        858  43.874401    0.05951     3.5708    214.250  1025.6300  51428.076    31.7176     95.623    7.41186     3.9684     3.9739    25.1789   13.25064 3.7912e-02     96.548 0.0000e+00
        859  43.874404    0.05958     3.5750    214.500  1025.6311  51428.577    31.7179     95.803    7.41179     3.9689     3.9742    25.1792   13.25051 3.7912e-02     96.729 0.0000e+00
        860  43.874407    0.05965     3.5792    214.750  1025.6322  51429.115    31.7183     95.992    7.41170     3.9694     3.9746    25.1794   13.25036 3.7912e-02     96.920 0.0000e+00
        861  43.874410    0.05972     3.5833    215.000  1025.6334  51429.513    31.7185     96.196    7.41160     3.9698     3.9751    25.1796   13.25020 3.7912e-02     97.126 0.0000e+00
        862  43.874413    0.05979     3.5875    215.250  1025.6345  51429.716    31.7187     96.418    7.41150     3.9703     3.9756    25.1797   13.25003 3.7912e-02     97.351 0.0000e+00
        863  43.874416    0.05986     3.5917    215.500  1025.6356  51429.766    31.7187     96.658    7.41140     3.9707     3.9761    25.1797   13.24987 3.7912e-02     97.593 0.0000e+00
        864  43.874418    0.05993     3.5958    215.750  1025.6367  51429.722    31.7187     96.913    7.41132     3.9711     3.9765    25.1796   13.24973 3.7912e-02     97.850 0.0000e+00
        865  43.874421    0.06000     3.6000    216.000  1025.6378  51429.684    31.7187     97.174    7.41125     3.9714     3.9770    25.1795   13.24961 3.7912e-02     98.114 0.0000e+00
        866  43.874424    0.06007     3.6042    216.250  1025.6390  51429.743    31.7187     97.432    7.41118     3.9716     3.9773    25.1795   13.24951 3.7912e-02     98.375 0.0000e+00
        867  43.874427    0.06014     3.6083    216.500  1025.6402  51429.924    31.7187     97.677    7.41113     3.9719     3.9776    25.1795   13.24941 3.7912e-02     98.622 0.0000e+00
        868  43.874430    0.06021     3.6125    216.750  1025.6413  51430.206    31.7189     97.901    7.41107     3.9723     3.9779    25.1796   13.24931 3.7912e-02     98.849 0.0000e+00
        869  43.874433    0.06028     3.6167    217.000  1025.6424  51430.581    31.7191     98.102    7.41100     3.9727     3.9782    25.1798   13.24920 3.7912e-02     99.052 0.0000e+00
        870  43.874436    0.06035     3.6208    217.250  1025.6435  51431.066    31.7194     98.284    7.41092     3.9733     3.9786    25.1800   13.24905 3.7912e-02     99.236 0.0000e+00
        871  43.874439    0.06042     3.6250    217.500  1025.6446  51431.680    31.7199     98.456    7.41081     3.9741     3.9791    25.1803   13.24887 3.7912e-02     99.410 0.0000e+00
        872  43.874442    0.06049     3.6292    217.750  1025.6459  51432.523    31.7205     98.631    7.41067     3.9750     3.9797    25.1808   13.24864 3.7912e-02     99.586 0.0000e+00
        873  43.874444    0.06056     3.6333    218.000  1025.6474  51433.670    31.7214     98.821    7.41049     3.9762     3.9804    25.1814   13.24833 3.7912e-02     99.777 0.0000e+00
        874  43.874447    0.06062     3.6375    218.250  1025.6490  51434.755    31.7223     99.032    7.41027     3.9776     3.9814    25.1819   13.24795 3.7912e-02     99.991 0.0000e+00
        875  43.874450    0.06069     3.6417    218.500  1025.6504  51435.275    31.7228     99.263    7.41002     3.9789     3.9827    25.1822   13.24753 3.7912e-02    100.225 0.0000e+00
        876  43.874453    0.06076     3.6458    218.750  1025.6516  51435.269    31.7230     99.507    7.40976     3.9801     3.9840    25.1823   13.24711 3.7912e-02    100.471 0.0000e+00
        877  43.874456    0.06083     3.6500    219.000  1025.6527  51435.125    31.7231     99.752    7.40952     3.9813     3.9853    25.1822   13.24671 3.7912e-02    100.719 0.0000e+00
        878  43.874459    0.06090     3.6542    219.250  1025.6538  51435.138    31.7232     99.987    7.40928     3.9824     3.9866    25.1823   13.24631 3.7912e-02    100.955 0.0000e+00
        879  43.874462    0.06097     3.6583    219.500  1025.6550  51435.353    31.7236    100.202    7.40905     3.9836     3.9878    25.1824   13.24593 3.7912e-02    101.173 0.0000e+00
        880  43.874465    0.06104     3.6625    219.750  1025.6560  51435.489    31.7239    100.396    7.40882     3.9847     3.9889    25.1825   13.24555 3.7912e-02    101.369 0.0000e+00
        881  43.874468    0.06111     3.6667    220.000  1025.6568  51435.362    31.7240    100.576    7.40861     3.9857     3.9901    25.1825   13.24519 3.7912e-02    101.551 0.0000e+00
        882  43.874470    0.06118     3.6708    220.250  1025.6577  51435.328    31.7241    100.756    7.40841     3.9867     3.9912    25.1825   13.24486 3.7912e-02    101.732 0.0000e+00
        883  43.874473    0.06125     3.6750    220.500  1025.6589  51435.895    31.7246    100.949    7.40820     3.9879     3.9922    25.1828   13.24451 3.7912e-02    101.927 0.0000e+00
        884  43.874476    0.06132     3.6792    220.750  1025.6605  51436.916    31.7255    101.166    7.40797     3.9891     3.9932    25.1834   13.24411 3.7912e-02    102.146 0.0000e+00
        885  43.874479    0.06139     3.6833    221.000  1025.6622  51437.861    31.7263    101.408    7.40771     3.9903     3.9944    25.1839   13.24368 3.7912e-02    102.391 0.0000e+00
        886  43.874482    0.06146     3.6875    221.250  1025.6639  51438.746    31.7271    101.673    7.40745     3.9915     3.9956    25.1844   13.24323 3.7912e-02    102.658 0.0000e+00
        887  43.874485    0.06153     3.6917    221.500  1025.6658  51439.746    31.7279    101.953    7.40718     3.9927     3.9969    25.1850   13.24278 3.7912e-02    102.941 0.0000e+00
        888  43.874488    0.06160     3.6958    221.750  1025.6676  51440.684    31.7287    102.240    7.40692     3.9937     3.9981    25.1855   13.24234 3.7912e-02    103.231 0.0000e+00
        889  43.874491    0.06167     3.7000    222.000  1025.6694  51441.507    31.7294    102.524    7.40668     3.9947     3.9993    25.1859   13.24193 3.7912e-02    103.517 0.0000e+00
        890  43.874494    0.06174     3.7042    222.250  1025.6711  51442.294    31.7301    102.794    7.40646     3.9956     4.0003    25.1863   13.24156 3.7912e-02    103.790 0.0000e+00
        891  43.874497    0.06181     3.7083    222.500  1025.6726  51443.027    31.7307    103.041    7.40625     3.9965     4.0013    25.1867   13.24121 3.7912e-02    104.039 0.0000e+00
        892  43.874499    0.06187     3.7125    222.750  1025.6741  51443.764    31.7313    103.258    7.40605     3.9974     4.0023    25.1871   13.24088 3.7912e-02    104.259 0.0000e+00
        893  43.874502    0.06194     3.7167    223.000  1025.6754  51444.548    31.7319    103.447    7.40585     3.9983     4.0032    25.1876   13.24054 3.7912e-02    104.450 0.0000e+00
        894  43.874505    0.06201     3.7208    223.250  1025.6765  51445.217    31.7325    103.613    7.40566     3.9991     4.0041    25.1879   13.24022 3.7912e-02    104.617 0.0000e+00
        895  43.874508    0.06208     3.7250    223.500  1025.6776  51445.836    31.7331    103.767    7.40547     4.0001     4.0050    25.1883   13.23989 3.7912e-02    104.773 0.0000e+00
        896  43.874511    0.06215     3.7292    223.750  1025.6790  51446.896    31.7340    103.922    7.40526     4.0012     4.0059    25.1889   13.23955 3.7912e-02    104.930 0.0000e+00
        897  43.874514    0.06222     3.7333    224.000  1025.6807  51448.494    31.7352    104.093    7.40503     4.0025     4.0068    25.1898   13.23914 3.7912e-02    105.102 0.0000e+00
        898  43.874517    0.06229     3.7375    224.250  1025.6824  51450.004    31.7364    104.289    7.40476     4.0039     4.0080    25.1907   13.23868 3.7912e-02    105.301 0.0000e+00
        899  43.874520    0.06236     3.7417    224.500  1025.6841  51451.070    31.7373    104.517    7.40448     4.0052     4.0092    25.1913   13.23821 3.7912e-02    105.531 0.0000e+00
        900  43.874523    0.06243     3.7458    224.750  1025.6858  51451.964    31.7381    104.776    7.40420     4.0066     4.0106    25.1918   13.23773 3.7912e-02    105.792 0.0000e+00
        901  43.874525    0.06250     3.7500    225.000  1025.6876  51452.781    31.7388    105.057    7.40391     4.0079     4.0120    25.1922   13.23724 3.7912e-02    106.076 0.0000e+00
        902  43.874528    0.06257     3.7542    225.250  1025.6893  51453.341    31.7394    105.351    7.40363     4.0091     4.0134    25.1926   13.23678 3.7912e-02    106.373 0.0000e+00
        903  43.874531    0.06264     3.7583    225.500  1025.6909  51453.628    31.7398    105.646    7.40337     4.0102     4.0147    25.1927   13.23635 3.7912e-02    106.670 0.0000e+00
        904  43.874534    0.06271     3.7625    225.750  1025.6922  51453.658    31.7400    105.927    7.40314     4.0111     4.0160    25.1927   13.23596 3.7912e-02    106.954 0.0000e+00
        905  43.874537    0.06278     3.7667    226.000  1025.6933  51453.461    31.7400    106.185    7.40294     4.0119     4.0171    25.1926   13.23563 3.7912e-02    107.215 0.0000e+00
        906  43.874540    0.06285     3.7708    226.250  1025.6943  51453.215    31.7399    106.411    7.40277     4.0125     4.0180    25.1925   13.23535 3.7912e-02    107.443 0.0000e+00
        907  43.874543    0.06292     3.7750    226.500  1025.6951  51453.084    31.7399    106.604    7.40263     4.0131     4.0188    25.1924   13.23512 3.7912e-02    107.637 0.0000e+00
        908  43.874546    0.06299     3.7792    226.750  1025.6959  51453.201    31.7401    106.768    7.40251     4.0137     4.0195    25.1925   13.23491 3.7912e-02    107.804 0.0000e+00
        909  43.874549    0.06306     3.7833    227.000  1025.6969  51453.736    31.7405    106.917    7.40238     4.0145     4.0201    25.1928   13.23469 3.7912e-02    107.954 0.0000e+00
        910  43.874552    0.06313     3.7875    227.250  1025.6982  51454.930    31.7414    107.063    7.40222     4.0157     4.0207    25.1934   13.23441 3.7912e-02    108.102 0.0000e+00
        911  43.874554    0.06319     3.7917    227.500  1025.7000  51456.844    31.7428    107.221    7.40200     4.0172     4.0215    25.1945   13.23403 3.7912e-02    108.262 0.0000e+00
        912  43.874557    0.06326     3.7958    227.750  1025.7019  51458.728    31.7443    107.402    7.40171     4.0188     4.0227    25.1956   13.23354 3.7912e-02    108.444 0.0000e+00
        913  43.874560    0.06333     3.8000    228.000  1025.7035  51459.682    31.7452    107.611    7.40140     4.0203     4.0242    25.1961   13.23301 3.7912e-02    108.654 0.0000e+00
        914  43.874563    0.06340     3.8042    228.250  1025.7048  51459.974    31.7456    107.847    7.40109     4.0217     4.0258    25.1964   13.23249 3.7912e-02    108.894 0.0000e+00
        915  43.874566    0.06347     3.8083    228.500  1025.7062  51460.314    31.7461    108.107    7.40079     4.0231     4.0273    25.1966   13.23199 3.7912e-02    109.156 0.0000e+00
        916  43.874569    0.06354     3.8125    228.750  1025.7079  51460.888    31.7467    108.382    7.40050     4.0244     4.0288    25.1969   13.23151 3.7912e-02    109.434 0.0000e+00
        917  43.874572    0.06361     3.8167    229.000  1025.7095  51461.350    31.7472    108.661    7.40022     4.0256     4.0302    25.1972   13.23104 3.7912e-02    109.716 0.0000e+00
        918  43.874575    0.06368     3.8208    229.250  1025.7108  51461.332    31.7474    108.933    7.39997     4.0266     4.0315    25.1972   13.23062 3.7912e-02    109.990 0.0000e+00
        919  43.874578    0.06375     3.8250    229.500  1025.7118  51460.996    31.7474    109.187    7.39975     4.0274     4.0327    25.1970   13.23027 3.7912e-02    110.247 0.0000e+00
        920  43.874580    0.06382     3.8292    229.750  1025.7127  51460.641    31.7472    109.419    7.39957     4.0280     4.0337    25.1968   13.22998 3.7912e-02    110.481 0.0000e+00
        921  43.874583    0.06389     3.8333    230.000  1025.7135  51460.360    31.7471    109.627    7.39943     4.0285     4.0345    25.1967   13.22975 3.7912e-02    110.692 0.0000e+00
        922  43.874586    0.06396     3.8375    230.250  1025.7143  51460.137    31.7470    109.817    7.39932     4.0289     4.0352    25.1965   13.22957 3.7912e-02    110.883 0.0000e+00
        923  43.874589    0.06403     3.8417    230.500  1025.7150  51459.980    31.7469    109.992    7.39924     4.0292     4.0357    25.1964   13.22943 3.7912e-02    111.060 0.0000e+00
        924  43.874592    0.06410     3.8458    230.750  1025.7157  51459.923    31.7469    110.162    7.39917     4.0294     4.0360    25.1964   13.22932 3.7912e-02    111.231 0.0000e+00
        925  43.874595    0.06417     3.8500    231.000  1025.7165  51459.932    31.7469    110.332    7.39912     4.0296     4.0363    25.1963   13.22923 3.7912e-02    111.403 0.0000e+00
        926  43.874598    0.06424     3.8542    231.250  1025.7173  51459.980    31.7469    110.508    7.39907     4.0298     4.0366    25.1963   13.22916 3.7912e-02    111.581 0.0000e+00
        927  43.874601    0.06431     3.8583    231.500  1025.7181  51460.083    31.7469    110.692    7.39903     4.0300     4.0368    25.1963   13.22909 3.7912e-02    111.767 0.0000e+00
        928  43.874604    0.06438     3.8625    231.750  1025.7191  51460.303    31.7470    110.885    7.39899     4.0302     4.0370    25.1964   13.22902 3.7912e-02    111.962 0.0000e+00
        929  43.874606    0.06444     3.8667    232.000  1025.7202  51460.729    31.7473    111.088    7.39894     4.0305     4.0373    25.1966   13.22893 3.7912e-02    112.167 0.0000e+00
        930  43.874609    0.06451     3.8708    232.250  1025.7215  51461.265    31.7476    111.304    7.39888     4.0308     4.0375    25.1968   13.22883 3.7912e-02    112.385 0.0000e+00
        931  43.874612    0.06458     3.8750    232.500  1025.7227  51461.680    31.7478    111.533    7.39881     4.0311     4.0378    25.1970   13.22872 3.7912e-02    112.617 0.0000e+00
        932  43.874615    0.06465     3.8792    232.750  1025.7240  51462.005    31.7480    111.776    7.39875     4.0314     4.0381    25.1971   13.22861 3.7912e-02    112.862 0.0000e+00
        933  43.874618    0.06472     3.8833    233.000  1025.7253  51462.427    31.7482    112.030    7.39868     4.0317     4.0384    25.1972   13.22849 3.7912e-02    113.118 0.0000e+00
        934  43.874621    0.06479     3.8875    233.250  1025.7267  51462.890    31.7485    112.288    7.39861     4.0320     4.0387    25.1974   13.22837 3.7912e-02    113.379 0.0000e+00
        935  43.874624    0.06486     3.8917    233.500  1025.7280  51463.169    31.7486    112.543    7.39854     4.0322     4.0391    25.1975   13.22826 3.7912e-02    113.637 0.0000e+00
        936  43.874627    0.06493     3.8958    233.750  1025.7291  51463.156    31.7486    112.787    7.39849     4.0324     4.0394    25.1974   13.22817 3.7912e-02    113.882 0.0000e+00
