CTD-processing/allCTD/CNV--homogene/2013-04-19-cookinlet-tran6-cast066-s20.cnv
* Sea-Bird SBE19plus Data File:
* FileName = C:\Documents and Settings\kris.holderied.local\My Documents\2012-2013-CTD-DATA-new-files\2013-04-EVOSTC-CookInlet-Ocean\2013-04-19-CookInlet-Tran6-Douglas\2013-04-19-CookInlet-Tran6-cast066.hex
* Software Version 1.54
* Temperature SN =  5028
* Conductivity SN =  5028
* System UpLoad Time = Apr 19 2013 22:31:59
** Cook Inlet LTM Transect 6 (Douglas line) West to East
** Date:  2013-04-19
** Station:  6-20
** Start time (AKDT-24 hr):  133
** Depth (m): 175
** Comment:  CTD time set wrong
** Comment: Very clear H2O
# nquan = 17
# nvalues = 896                         
# units = specified
# name 0 = scan: Scan Count
# name 1 = timeJ: Julian Days
# name 2 = timeH: Time, Elapsed [hours]
# name 3 = timeM: Time, Elapsed [minutes]
# name 4 = timeS: Time, Elapsed [seconds]
# name 5 = density00: Density [density, kg/m^3]
# name 6 = specc: Specific Conductance [uS/cm]
# name 7 = sal00: Salinity, Practical [PSU]
# name 8 = depSM: Depth [salt water, m], lat = 59.00
# name 9 = oxsolML/L: Oxygen Saturation, Garcia & Gordon [ml/l]
# name 10 = potemp090C: Potential Temperature [ITS-90, deg C]
# name 11 = tv290C: Temperature [ITS-90, deg C]
# name 12 = sigma-é00: Density [sigma-theta, kg/m^3]
# name 13 = n2satML/L: Nitrogen Saturation [ml/l]
# name 14 = par: PAR/Irradiance, Biospherical/Licor
# name 15 = prdM: Pressure, Strain Gauge [db]
# name 16 = flag:  0.000e+00
# span 0 =          1,        896       
# span 1 = 109.544896, 109.547486       
# span 2 =    0.00000,    0.06215       
# span 3 =     0.0000,     3.7292       
# span 4 =      0.000,    223.750       
# span 5 =  1000.0244,  1026.2674       
# span 6 =    173.345,  52155.757       
# span 7 =     0.0761,    32.1510       
# span 8 =      0.073,    155.103       
# span 9 =    7.41398,    9.49407       
# span 10 =     2.6834,     3.8322      
# span 11 =     2.6834,     3.8422      
# span 12 =     0.0239,    25.5369      
# span 13 =   13.24849,   17.18958      
# span 14 = 3.7912e-02, 1.6749e+03      
# span 15 =      0.074,    156.626      
# span 16 = 0.0000e+00, 0.0000e+00      
# interval = seconds: 0.25
# start_time = Apr 19 2013 13:04:39 [Instrument's time stamp, header]
# bad_flag = -9.990e-29
*END*
[from data line 171]
        172 109.545391    0.01188     0.7125     42.750  1025.4463  51954.760    31.9759      1.540    7.50789     3.3792     3.3775    25.4390   13.40571 6.8039e+02      1.554 0.0000e+00
        173 109.545394    0.01194     0.7167     43.000  1025.4430  51947.942    31.9717      1.599    7.50783     3.3785     3.3790    25.4355   13.40567 6.4795e+02      1.613 0.0000e+00
        174 109.545396    0.01201     0.7208     43.250  1025.4417  51944.896    31.9696      1.670    7.50788     3.3771     3.3793    25.4338   13.40578 6.1901e+02      1.685 0.0000e+00
        175 109.545399    0.01208     0.7250     43.500  1025.4421  51945.098    31.9695      1.747    7.50803     3.3757     3.3786    25.4338   13.40603 6.0065e+02      1.763 0.0000e+00
        176 109.545402    0.01215     0.7292     43.750  1025.4439  51948.180    31.9712      1.825    7.50819     3.3742     3.3773    25.4353   13.40626 6.0430e+02      1.842 0.0000e+00
        177 109.545405    0.01222     0.7333     44.000  1025.4459  51951.602    31.9732      1.900    7.50836     3.3720     3.3758    25.4369   13.40651 6.2981e+02      1.918 0.0000e+00
        178 109.545408    0.01229     0.7375     44.250  1025.4463  51952.148    31.9731      1.966    7.50863     3.3679     3.3743    25.4370   13.40697 6.5948e+02      1.984 0.0000e+00
        179 109.545411    0.01236     0.7417     44.500  1025.4459  51951.581    31.9721      2.007    7.50909     3.3614     3.3721    25.4364   13.40774 6.8439e+02      2.026 0.0000e+00
        180 109.545414    0.01243     0.7458     44.750  1025.4474  51955.169    31.9735      2.014    7.50978     3.3539     3.3680    25.4379   13.40886 6.9799e+02      2.033 0.0000e+00
        181 109.545417    0.01250     0.7500     45.000  1025.4525  51966.134    31.9793      1.980    7.51069     3.3480     3.3615    25.4431   13.41028 6.9811e+02      1.998 0.0000e+00
        182 109.545420    0.01257     0.7542     45.250  1025.4603  51982.779    31.9887      1.908    7.51159     3.3455     3.3541    25.4512   13.41164 6.9224e+02      1.926 0.0000e+00
        183 109.545422    0.01264     0.7583     45.500  1025.4684  51999.785    31.9988      1.804    7.51217     3.3470     3.3481    25.4598   13.41247 6.9639e+02      1.821 0.0000e+00
        184 109.545425    0.01271     0.7625     45.750  1025.4740  52011.729    32.0063      1.681    7.51225     3.3518     3.3456    25.4660   13.41251 7.2748e+02      1.697 0.0000e+00
        185 109.545428    0.01278     0.7667     46.000  1025.4759  52015.967    32.0097      1.553    7.51180     3.3582     3.3471    25.4686   13.41172 7.7249e+02      1.568 0.0000e+00
        186 109.545431    0.01285     0.7708     46.250  1025.4743  52012.805    32.0088      1.436    7.51095     3.3643     3.3519    25.4675   13.41033 8.0746e+02      1.450 0.0000e+00
        187 109.545434    0.01292     0.7750     46.500  1025.4694  52003.099    32.0039      1.345    7.51002     3.3685     3.3583    25.4630   13.40885 8.3080e+02      1.358 0.0000e+00
        188 109.545437    0.01299     0.7792     46.750  1025.4621  51988.845    31.9958      1.287    7.50931     3.3700     3.3644    25.4560   13.40778 8.4583e+02      1.299 0.0000e+00
        189 109.545440    0.01306     0.7833     47.000  1025.4554  51975.675    31.9880      1.266    7.50893     3.3689     3.3686    25.4494   13.40726 8.4426e+02      1.278 0.0000e+00
        190 109.545443    0.01313     0.7875     47.250  1025.4527  51970.258    31.9847      1.279    7.50882     3.3668     3.3701    25.4466   13.40712 8.2743e+02      1.291 0.0000e+00
        191 109.545446    0.01319     0.7917     47.500  1025.4554  51975.100    31.9877      1.325    7.50886     3.3656     3.3690    25.4491   13.40716 8.0888e+02      1.337 0.0000e+00
        192 109.545448    0.01326     0.7958     47.750  1025.4615  51986.284    31.9947      1.401    7.50890     3.3661     3.3669    25.4549   13.40713 7.9845e+02      1.414 0.0000e+00
        193 109.545451    0.01333     0.8000     48.000  1025.4674  51996.528    32.0013      1.505    7.50879     3.3679     3.3656    25.4602   13.40687 7.9643e+02      1.519 0.0000e+00
        194 109.545454    0.01340     0.8042     48.250  1025.4703  52000.846    32.0043      1.630    7.50854     3.3691     3.3662    25.4626   13.40640 7.9438e+02      1.646 0.0000e+00
        195 109.545457    0.01347     0.8083     48.500  1025.4691  51997.130    32.0022      1.763    7.50832     3.3675     3.3680    25.4607   13.40607 7.9223e+02      1.780 0.0000e+00
        196 109.545460    0.01354     0.8125     48.750  1025.4653  51988.848    31.9968      1.885    7.50837     3.3625     3.3692    25.4563   13.40623 7.9656e+02      1.903 0.0000e+00
        197 109.545463    0.01361     0.8167     49.000  1025.4638  51985.783    31.9942      1.977    7.50879     3.3558     3.3676    25.4544   13.40695 8.0715e+02      1.995 0.0000e+00
        198 109.545466    0.01368     0.8208     49.250  1025.4673  51992.984    31.9978      2.021    7.50954     3.3500     3.3626    25.4577   13.40814 8.1708e+02      2.041 0.0000e+00
        199 109.545469    0.01375     0.8250     49.500  1025.4740  52006.838    32.0055      2.012    7.51040     3.3467     3.3559    25.4645   13.40945 8.1902e+02      2.032 0.0000e+00
        200 109.545472    0.01382     0.8292     49.750  1025.4807  52020.955    32.0136      1.952    7.51105     3.3468     3.3501    25.4715   13.41042 8.2258e+02      1.971 0.0000e+00
        201 109.545475    0.01389     0.8333     50.000  1025.4850  52030.440    32.0193      1.849    7.51136     3.3501     3.3468    25.4763   13.41086 8.4077e+02      1.866 0.0000e+00
        202 109.545477    0.01396     0.8375     50.250  1025.4863  52033.928    32.0217      1.716    7.51123     3.3561     3.3469    25.4782   13.41062 8.7192e+02      1.732 0.0000e+00
        203 109.545480    0.01403     0.8417     50.500  1025.4856  52033.013    32.0220      1.571    7.51061     3.3638     3.3502    25.4782   13.40958 9.0101e+02      1.586 0.0000e+00
        204 109.545483    0.01410     0.8458     50.750  1025.4841  52029.935    32.0215      1.436    7.50952     3.3721     3.3562    25.4772   13.40779 9.0885e+02      1.450 0.0000e+00
        205 109.545486    0.01417     0.8500     51.000  1025.4821  52025.468    32.0205      1.334    7.50813     3.3797     3.3639    25.4758   13.40552 8.8154e+02      1.346 0.0000e+00
        206 109.545489    0.01424     0.8542     51.250  1025.4794  52019.215    32.0184      1.283    7.50671     3.3859     3.3722    25.4734   13.40321 8.1856e+02      1.295 0.0000e+00
        207 109.545492    0.01431     0.8583     51.500  1025.4758  52010.830    32.0147      1.288    7.50550     3.3898     3.3798    25.4697   13.40125 7.4664e+02      1.300 0.0000e+00
        208 109.545495    0.01438     0.8625     51.750  1025.4709  52000.001    32.0089      1.341    7.50466     3.3908     3.3859    25.4645   13.39995 6.9046e+02      1.354 0.0000e+00
        209 109.545498    0.01444     0.8667     52.000  1025.4644  51986.594    32.0008      1.426    7.50435     3.3883     3.3898    25.4577   13.39955 6.5197e+02      1.439 0.0000e+00
        210 109.545501    0.01451     0.8708     52.250  1025.4576  51972.989    31.9917      1.522    7.50461     3.3818     3.3909    25.4504   13.40010 6.2735e+02      1.536 0.0000e+00
        211 109.545503    0.01458     0.8750     52.500  1025.4538  51965.734    31.9861      1.611    7.50536     3.3728     3.3884    25.4462   13.40141 6.0687e+02      1.626 0.0000e+00
        212 109.545506    0.01465     0.8792     52.750  1025.4557  51970.202    31.9874      1.681    7.50649     3.3645     3.3819    25.4478   13.40325 5.8406e+02      1.697 0.0000e+00
        213 109.545509    0.01472     0.8833     53.000  1025.4627  51984.640    31.9949      1.728    7.50777     3.3596     3.3729    25.4546   13.40526 5.6378e+02      1.744 0.0000e+00
        214 109.545512    0.01479     0.8875     53.250  1025.4716  52002.630    32.0050      1.757    7.50879     3.3593     3.3646    25.4633   13.40682 5.5197e+02      1.774 0.0000e+00
        215 109.545515    0.01486     0.8917     53.500  1025.4793  52017.715    32.0140      1.777    7.50924     3.3630     3.3597    25.4709   13.40744 5.5793e+02      1.794 0.0000e+00
        216 109.545518    0.01493     0.8958     53.750  1025.4834  52025.194    32.0190      1.798    7.50904     3.3682     3.3594    25.4749   13.40704 5.7809e+02      1.815 0.0000e+00
        217 109.545521    0.01500     0.9000     54.000  1025.4825  52022.457    32.0181      1.826    7.50842     3.3723     3.3631    25.4738   13.40603 5.8945e+02      1.843 0.0000e+00
        218 109.545524    0.01507     0.9042     54.250  1025.4768  52010.499    32.0113      1.858    7.50780     3.3736     3.3683    25.4680   13.40510 5.8498e+02      1.876 0.0000e+00
        219 109.545527    0.01514     0.9083     54.500  1025.4695  51995.909    32.0024      1.885    7.50748     3.3713     3.3724    25.4605   13.40468 5.8265e+02      1.903 0.0000e+00
        220 109.545530    0.01521     0.9125     54.750  1025.4650  51987.352    31.9969      1.894    7.50752     3.3664     3.3737    25.4560   13.40483 5.8102e+02      1.912 0.0000e+00
        221 109.545532    0.01528     0.9167     55.000  1025.4656  51988.973    31.9974      1.880    7.50793     3.3613     3.3714    25.4566   13.40550 5.6336e+02      1.897 0.0000e+00
        222 109.545535    0.01535     0.9208     55.250  1025.4701  51998.722    32.0028      1.841    7.50856     3.3579     3.3665    25.4614   13.40646 5.4943e+02      1.858 0.0000e+00
        223 109.545538    0.01542     0.9250     55.500  1025.4762  52011.554    32.0102      1.779    7.50912     3.3571     3.3614    25.4678   13.40729 5.5911e+02      1.796 0.0000e+00
        224 109.545541    0.01549     0.9292     55.750  1025.4813  52022.273    32.0167      1.700    7.50943     3.3592     3.3580    25.4732   13.40771 5.8853e+02      1.716 0.0000e+00
        225 109.545544    0.01556     0.9333     56.000  1025.4835  52027.194    32.0199      1.619    7.50941     3.3633     3.3572    25.4758   13.40764 6.1955e+02      1.634 0.0000e+00
        226 109.545547    0.01563     0.9375     56.250  1025.4824  52025.371    32.0192      1.554    7.50906     3.3675     3.3593    25.4751   13.40707 6.3526e+02      1.569 0.0000e+00
        227 109.545550    0.01569     0.9417     56.500  1025.4787  52017.898    32.0152      1.518    7.50851     3.3700     3.3634    25.4715   13.40622 6.4318e+02      1.532 0.0000e+00
        228 109.545553    0.01576     0.9458     56.750  1025.4732  52006.857    32.0088      1.510    7.50806     3.3696     3.3676    25.4661   13.40556 6.3905e+02      1.524 0.0000e+00
        229 109.545556    0.01583     0.9500     57.000  1025.4678  51996.369    32.0023      1.518    7.50793     3.3659     3.3701    25.4607   13.40543 6.1462e+02      1.532 0.0000e+00
        230 109.545558    0.01590     0.9542     57.250  1025.4655  51992.099    31.9992      1.530    7.50816     3.3604     3.3696    25.4583   13.40586 5.8531e+02      1.545 0.0000e+00
        231 109.545561    0.01597     0.9583     57.500  1025.4679  51997.078    32.0017      1.541    7.50871     3.3553     3.3660    25.4606   13.40673 5.6935e+02      1.555 0.0000e+00
        232 109.545564    0.01604     0.9625     57.750  1025.4740  52009.595    32.0088      1.545    7.50938     3.3529     3.3604    25.4667   13.40773 5.6606e+02      1.559 0.0000e+00
        233 109.545567    0.01611     0.9667     58.000  1025.4818  52025.174    32.0181      1.543    7.50984     3.3545     3.3554    25.4745   13.40837 5.6791e+02      1.557 0.0000e+00
        234 109.545570    0.01618     0.9708     58.250  1025.4889  52038.817    32.0267      1.542    7.50984     3.3601     3.3530    25.4816   13.40825 5.7087e+02      1.556 0.0000e+00
        235 109.545573    0.01625     0.9750     58.500  1025.4937  52047.207    32.0328      1.551    7.50924     3.3683     3.3545    25.4864   13.40718 5.6553e+02      1.566 0.0000e+00
        236 109.545576    0.01632     0.9792     58.750  1025.4955  52049.114    32.0355      1.582    7.50807     3.3770     3.3601    25.4881   13.40521 5.5145e+02      1.597 0.0000e+00
        237 109.545579    0.01639     0.9833     59.000  1025.4940  52044.092    32.0342      1.639    7.50661     3.3845     3.3684    25.4863   13.40283 5.4600e+02      1.654 0.0000e+00
        238 109.545582    0.01646     0.9875     59.250  1025.4895  52033.202    32.0290      1.721    7.50526     3.3897     3.3771    25.4813   13.40067 5.5310e+02      1.737 0.0000e+00
        239 109.545584    0.01653     0.9917     59.500  1025.4827  52018.218    32.0207      1.818    7.50430     3.3920     3.3846    25.4741   13.39920 5.6143e+02      1.835 0.0000e+00
        240 109.545587    0.01660     0.9958     59.750  1025.4744  52001.120    32.0104      1.916    7.50386     3.3908     3.3898    25.4654   13.39861 5.7472e+02      1.935 0.0000e+00
        241 109.545590    0.01667     1.0000     60.000  1025.4669  51986.036    32.0007      2.001    7.50393     3.3857     3.3921    25.4574   13.39885 5.9732e+02      2.020 0.0000e+00
        242 109.545593    0.01674     1.0042     60.250  1025.4632  51979.052    31.9956      2.059    7.50442     3.3780     3.3909    25.4535   13.39971 6.2192e+02      2.079 0.0000e+00
        243 109.545596    0.01681     1.0083     60.500  1025.4653  51983.825    31.9975      2.081    7.50525     3.3701     3.3859    25.4555   13.40106 6.5299e+02      2.100 0.0000e+00
        244 109.545599    0.01688     1.0125     60.750  1025.4718  51997.518    32.0048      2.061    7.50631     3.3637     3.3782    25.4620   13.40271 6.9089e+02      2.080 0.0000e+00
        245 109.545602    0.01694     1.0167     61.000  1025.4794  52013.730    32.0138      2.000    7.50732     3.3597     3.3702    25.4699   13.40426 7.1129e+02      2.019 0.0000e+00
        246 109.545605    0.01701     1.0208     61.250  1025.4853  52026.752    32.0211      1.905    7.50812     3.3580     3.3638    25.4762   13.40549 7.2064e+02      1.923 0.0000e+00
        247 109.545608    0.01708     1.0250     61.500  1025.4879  52033.500    32.0247      1.788    7.50868     3.3577     3.3598    25.4795   13.40636 7.3925e+02      1.804 0.0000e+00
        248 109.545611    0.01715     1.0292     61.750  1025.4877  52034.428    32.0250      1.664    7.50899     3.3580     3.3581    25.4798   13.40687 7.5136e+02      1.680 0.0000e+00
        249 109.545613    0.01722     1.0333     62.000  1025.4858  52031.850    32.0232      1.549    7.50913     3.3581     3.3578    25.4784   13.40712 7.3715e+02      1.563 0.0000e+00
        250 109.545616    0.01729     1.0375     62.250  1025.4834  52028.161    32.0208      1.452    7.50921     3.3578     3.3580    25.4765   13.40728 6.9216e+02      1.466 0.0000e+00
        251 109.545619    0.01736     1.0417     62.500  1025.4814  52025.024    32.0188      1.380    7.50929     3.3571     3.3582    25.4748   13.40745 6.3621e+02      1.393 0.0000e+00
        252 109.545622    0.01743     1.0458     62.750  1025.4803  52023.546    32.0177      1.335    7.50939     3.3564     3.3579    25.4740   13.40764 5.8821e+02      1.348 0.0000e+00
        253 109.545625    0.01750     1.0500     63.000  1025.4808  52024.723    32.0183      1.320    7.50949     3.3567     3.3572    25.4746   13.40779 5.4882e+02      1.332 0.0000e+00
        254 109.545628    0.01757     1.0542     63.250  1025.4829  52028.580    32.0208      1.332    7.50950     3.3590     3.3565    25.4766   13.40777 5.2286e+02      1.345 0.0000e+00
        255 109.545631    0.01764     1.0583     63.500  1025.4858  52033.481    32.0241      1.373    7.50927     3.3637     3.3568    25.4793   13.40735 5.1643e+02      1.386 0.0000e+00
