CTD-processing/allCTD/CNV--homogene/2013_04-19_t6_s16_cast069.cnv
* Sea-Bird SBE19plus Data File:
* FileName = C:\Documents and Settings\kris.holderied.local\My Documents\2012-2013-CTD-DATA-new-files\2013-04-EVOSTC-CookInlet-Ocean\2013-04-19-CookInlet-Tran6-Douglas\2013-04-19-CookInlet-Tran6-cast069.hex
* Software Version 1.54
* Temperature SN =  5028
* Conductivity SN =  5028
* System UpLoad Time = Apr 19 2013 22:36:11
** Cook Inlet LTM Transect 6 (Douglas line) West to East
** Date:  2013-04-19
** Station:  6-16
** Start time (AKDT-24 hr):  15:06
** Depth (m): 154
** Comment:  CTD time set wrong
** Comment:
# nquan = 17
# nvalues = 853                         
# units = specified
# name 0 = scan: Scan Count
# name 1 = timeJ: Julian Days
# name 2 = timeH: Time, Elapsed [hours]
# name 3 = timeM: Time, Elapsed [minutes]
# name 4 = timeS: Time, Elapsed [seconds]
# name 5 = density00: Density [density, kg/m^3]
# name 6 = specc: Specific Conductance [uS/cm]
# name 7 = sal00: Salinity, Practical [PSU]
# name 8 = depSM: Depth [salt water, m], lat = 59.00
# name 9 = oxsolML/L: Oxygen Saturation, Garcia & Gordon [ml/l]
# name 10 = potemp090C: Potential Temperature [ITS-90, deg C]
# name 11 = tv290C: Temperature [ITS-90, deg C]
# name 12 = sigma-é00: Density [sigma-theta, kg/m^3]
# name 13 = n2satML/L: Nitrogen Saturation [ml/l]
# name 14 = par: PAR/Irradiance, Biospherical/Licor
# name 15 = prdM: Pressure, Strain Gauge [db]
# name 16 = flag:  0.000e+00
# span 0 =          1,        853       
# span 1 = 109.628600, 109.631065       
# span 2 =    0.00000,    0.05917       
# span 3 =     0.0000,     3.5500       
# span 4 =      0.000,    213.000       
# span 5 =  1000.1130,  1026.2270       
# span 6 =    376.754,  52142.056       
# span 7 =     0.1719,    32.1337       
# span 8 =      0.079,    148.672       
# span 9 =    7.38854,    9.26721       
# span 10 =     3.5638,     3.9975      
# span 11 =     3.5635,     3.9977      
# span 12 =     0.1126,    25.5269      
# span 13 =   13.20717,   16.80797      
# span 14 = 3.7912e-02, 1.5244e+03      
# span 15 =      0.080,    150.130      
# span 16 = 0.0000e+00, 0.0000e+00      
# interval = seconds: 0.25
# start_time = Apr 19 2013 15:05:11 [Instrument's time stamp, header]
# bad_flag = -9.990e-29
*END*
[from data line 256]
        257 109.629340    0.01778     1.0667     64.000  1025.4835  51904.247    32.0941      1.515    7.39065     3.9802     3.9871    25.4764   13.21073 1.4763e+02      1.529 0.0000e+00
        258 109.629343    0.01785     1.0708     64.250  1025.4854  51909.205    32.0966      1.413    7.39120     3.9778     3.9834    25.4788   13.21160 1.4790e+02      1.426 0.0000e+00
        259 109.629346    0.01792     1.0750     64.500  1025.4866  51912.437    32.0982      1.336    7.39167     3.9759     3.9803    25.4803   13.21235 1.4165e+02      1.348 0.0000e+00
        260 109.629349    0.01799     1.0792     64.750  1025.4868  51913.719    32.0985      1.293    7.39208     3.9745     3.9779    25.4807   13.21304 1.3177e+02      1.306 0.0000e+00
        261 109.629352    0.01806     1.0833     65.000  1025.4871  51914.608    32.0986      1.296    7.39242     3.9736     3.9760    25.4810   13.21359 1.2224e+02      1.309 0.0000e+00
        262 109.629355    0.01812     1.0875     65.250  1025.4882  51916.368    32.0994      1.349    7.39264     3.9732     3.9746    25.4818   13.21394 1.1557e+02      1.362 0.0000e+00
        263 109.629358    0.01819     1.0917     65.500  1025.4901  51919.321    32.1012      1.442    7.39272     3.9734     3.9737    25.4833   13.21405 1.1194e+02      1.456 0.0000e+00
        264 109.629361    0.01826     1.0958     65.750  1025.4929  51923.556    32.1039      1.557    7.39266     3.9744     3.9733    25.4855   13.21390 1.1008e+02      1.572 0.0000e+00
        265 109.629363    0.01833     1.1000     66.000  1025.4959  51928.027    32.1069      1.677    7.39246     3.9761     3.9735    25.4879   13.21354 1.0870e+02      1.693 0.0000e+00
        266 109.629366    0.01840     1.1042     66.250  1025.4979  51930.705    32.1089      1.790    7.39219     3.9784     3.9745    25.4894   13.21306 1.0731e+02      1.807 0.0000e+00
        267 109.629369    0.01847     1.1083     66.500  1025.4987  51931.182    32.1096      1.888    7.39183     3.9807     3.9763    25.4898   13.21247 1.0632e+02      1.905 0.0000e+00
        268 109.629372    0.01854     1.1125     66.750  1025.4988  51930.324    32.1096      1.964    7.39143     3.9826     3.9785    25.4896   13.21181 1.0720e+02      1.982 0.0000e+00
        269 109.629375    0.01861     1.1167     67.000  1025.4980  51928.003    32.1085      2.016    7.39107     3.9840     3.9808    25.4885   13.21123 1.1163e+02      2.035 0.0000e+00
        270 109.629378    0.01868     1.1208     67.250  1025.4961  51923.833    32.1061      2.049    7.39084     3.9846     3.9827    25.4864   13.21088 1.2032e+02      2.069 0.0000e+00
        271 109.629381    0.01875     1.1250     67.500  1025.4935  51918.779    32.1030      2.067    7.39075     3.9845     3.9841    25.4838   13.21077 1.3373e+02      2.086 0.0000e+00
        272 109.629384    0.01882     1.1292     67.750  1025.4913  51914.508    32.1002      2.073    7.39078     3.9837     3.9847    25.4815   13.21085 1.5167e+02      2.092 0.0000e+00
        273 109.629387    0.01889     1.1333     68.000  1025.4899  51911.978    32.0985      2.071    7.39089     3.9823     3.9846    25.4801   13.21106 1.7360e+02      2.089 0.0000e+00
        274 109.629389    0.01896     1.1375     68.250  1025.4893  51911.097    32.0977      2.058    7.39107     3.9806     3.9838    25.4796   13.21138 2.0134e+02      2.077 0.0000e+00
        275 109.629392    0.01903     1.1417     68.500  1025.4891  51911.184    32.0974      2.033    7.39133     3.9789     3.9824    25.4795   13.21181 2.3644e+02      2.051 0.0000e+00
        276 109.629395    0.01910     1.1458     68.750  1025.4887  51911.135    32.0970      1.990    7.39165     3.9770     3.9807    25.4793   13.21234 2.7466e+02      2.009 0.0000e+00
        277 109.629398    0.01917     1.1500     69.000  1025.4880  51910.628    32.0963      1.927    7.39201     3.9753     3.9790    25.4789   13.21294 3.0436e+02      1.945 0.0000e+00
        278 109.629401    0.01924     1.1542     69.250  1025.4876  51910.895    32.0960      1.842    7.39235     3.9738     3.9771    25.4789   13.21351 3.1620e+02      1.859 0.0000e+00
        279 109.629404    0.01931     1.1583     69.500  1025.4879  51912.567    32.0968      1.737    7.39263     3.9729     3.9754    25.4797   13.21396 3.1619e+02      1.754 0.0000e+00
        280 109.629407    0.01938     1.1625     69.750  1025.4885  51914.750    32.0980      1.625    7.39283     3.9723     3.9739    25.4808   13.21427 3.2120e+02      1.640 0.0000e+00
        281 109.629410    0.01944     1.1667     70.000  1025.4887  51916.201    32.0988      1.515    7.39296     3.9720     3.9730    25.4815   13.21448 3.4207e+02      1.530 0.0000e+00
        282 109.629413    0.01951     1.1708     70.250  1025.4883  51916.330    32.0988      1.423    7.39306     3.9718     3.9724    25.4816   13.21465 3.6752e+02      1.437 0.0000e+00
        283 109.629416    0.01958     1.1750     70.500  1025.4878  51915.859    32.0984      1.369    7.39313     3.9716     3.9721    25.4813   13.21477 3.7790e+02      1.382 0.0000e+00
        284 109.629418    0.01965     1.1792     70.750  1025.4878  51915.846    32.0984      1.368    7.39317     3.9714     3.9719    25.4813   13.21484 3.7344e+02      1.381 0.0000e+00
        285 109.629421    0.01972     1.1833     71.000  1025.4882  51916.314    32.0986      1.421    7.39320     3.9713     3.9717    25.4815   13.21487 3.6076e+02      1.434 0.0000e+00
        286 109.629424    0.01979     1.1875     71.250  1025.4892  51917.389    32.0993      1.511    7.39320     3.9715     3.9715    25.4820   13.21487 3.3250e+02      1.525 0.0000e+00
        287 109.629427    0.01986     1.1917     71.500  1025.4907  51919.343    32.1005      1.619    7.39315     3.9720     3.9714    25.4830   13.21477 2.8833e+02      1.634 0.0000e+00
        288 109.629430    0.01993     1.1958     71.750  1025.4921  51920.944    32.1016      1.733    7.39307     3.9726     3.9716    25.4839   13.21461 2.4638e+02      1.749 0.0000e+00
        289 109.629433    0.02000     1.2000     72.000  1025.4926  51920.985    32.1017      1.844    7.39297     3.9732     3.9721    25.4839   13.21445 2.1912e+02      1.861 0.0000e+00
        290 109.629436    0.02007     1.2042     72.250  1025.4926  51920.117    32.1012      1.945    7.39288     3.9736     3.9727    25.4835   13.21430 2.0843e+02      1.962 0.0000e+00
        291 109.629439    0.02014     1.2083     72.500  1025.4926  51919.348    32.1008      2.028    7.39280     3.9738     3.9733    25.4831   13.21418 2.1715e+02      2.047 0.0000e+00
        292 109.629442    0.02021     1.2125     72.750  1025.4925  51918.610    32.1003      2.091    7.39276     3.9739     3.9737    25.4827   13.21412 2.4171e+02      2.110 0.0000e+00
        293 109.629444    0.02028     1.2167     73.000  1025.4924  51918.002    32.1000      2.131    7.39274     3.9739     3.9739    25.4823   13.21409 2.7351e+02      2.150 0.0000e+00
        294 109.629447    0.02035     1.2208     73.250  1025.4926  51918.241    32.1001      2.148    7.39271     3.9739     3.9740    25.4825   13.21404 3.0575e+02      2.168 0.0000e+00
        295 109.629450    0.02042     1.2250     73.500  1025.4930  51919.035    32.1007      2.147    7.39268     3.9738     3.9740    25.4829   13.21398 3.3142e+02      2.167 0.0000e+00
        296 109.629453    0.02049     1.2292     73.750  1025.4932  51919.530    32.1010      2.130    7.39267     3.9736     3.9740    25.4832   13.21396 3.5400e+02      2.151 0.0000e+00
        297 109.629456    0.02056     1.2333     74.000  1025.4932  51919.703    32.1011      2.105    7.39268     3.9735     3.9739    25.4833   13.21398 3.7974e+02      2.125 0.0000e+00
        298 109.629459    0.02063     1.2375     74.250  1025.4931  51919.668    32.1011      2.081    7.39270     3.9732     3.9738    25.4832   13.21402 4.0230e+02      2.101 0.0000e+00
        299 109.629462    0.02069     1.2417     74.500  1025.4927  51919.165    32.1007      2.074    7.39276     3.9728     3.9736    25.4829   13.21412 4.1475e+02      2.094 0.0000e+00
        300 109.629465    0.02076     1.2458     74.750  1025.4925  51918.480    32.1002      2.100    7.39283     3.9724     3.9733    25.4825   13.21425 4.1849e+02      2.120 0.0000e+00
        301 109.629468    0.02083     1.2500     75.000  1025.4927  51918.509    32.1001      2.164    7.39290     3.9721     3.9730    25.4825   13.21436 4.1346e+02      2.184 0.0000e+00
        302 109.629470    0.02090     1.2542     75.250  1025.4935  51919.208    32.1004      2.263    7.39296     3.9718     3.9726    25.4828   13.21445 4.0497e+02      2.284 0.0000e+00
        303 109.629473    0.02097     1.2583     75.500  1025.4942  51919.466    32.1004      2.393    7.39301     3.9714     3.9723    25.4829   13.21454 3.9733e+02      2.415 0.0000e+00
        304 109.629476    0.02104     1.2625     75.750  1025.4945  51918.869    32.0999      2.555    7.39308     3.9706     3.9720    25.4825   13.21466 3.8164e+02      2.579 0.0000e+00
        305 109.629479    0.02111     1.2667     76.000  1025.4949  51917.998    32.0991      2.758    7.39319     3.9695     3.9716    25.4819   13.21485 3.6157e+02      2.783 0.0000e+00
        306 109.629482    0.02118     1.2708     76.250  1025.4955  51917.270    32.0983      3.009    7.39337     3.9681     3.9708    25.4813   13.21517 3.4072e+02      3.037 0.0000e+00
        307 109.629485    0.02125     1.2750     76.500  1025.4965  51916.821    32.0975      3.317    7.39362     3.9666     3.9697    25.4808   13.21558 3.1459e+02      3.349 0.0000e+00
        308 109.629488    0.02132     1.2792     76.750  1025.4979  51916.890    32.0971      3.683    7.39389     3.9651     3.9683    25.4806   13.21604 2.9249e+02      3.718 0.0000e+00
        309 109.629491    0.02139     1.2833     77.000  1025.4999  51917.479    32.0969      4.097    7.39416     3.9638     3.9668    25.4806   13.21649 2.7970e+02      4.136 0.0000e+00
        310 109.629494    0.02146     1.2875     77.250  1025.5021  51918.317    32.0969      4.546    7.39442     3.9626     3.9654    25.4807   13.21691 2.6975e+02      4.589 0.0000e+00
        311 109.629497    0.02153     1.2917     77.500  1025.5046  51919.334    32.0970      5.012    7.39465     3.9615     3.9641    25.4809   13.21729 2.5629e+02      5.060 0.0000e+00
        312 109.629499    0.02160     1.2958     77.750  1025.5072  51920.551    32.0973      5.483    7.39485     3.9607     3.9629    25.4813   13.21762 2.3670e+02      5.535 0.0000e+00
        313 109.629502    0.02167     1.3000     78.000  1025.5098  51921.915    32.0977      5.947    7.39501     3.9602     3.9619    25.4818   13.21787 2.1667e+02      6.003 0.0000e+00
        314 109.629505    0.02174     1.3042     78.250  1025.5124  51923.300    32.0983      6.391    7.39512     3.9599     3.9611    25.4823   13.21805 2.0128e+02      6.452 0.0000e+00
        315 109.629508    0.02181     1.3083     78.500  1025.5147  51924.420    32.0987      6.806    7.39519     3.9597     3.9606    25.4826   13.21817 1.8985e+02      6.871 0.0000e+00
        316 109.629511    0.02187     1.3125     78.750  1025.5167  51925.119    32.0989      7.184    7.39523     3.9596     3.9603    25.4828   13.21823 1.8281e+02      7.252 0.0000e+00
        317 109.629514    0.02194     1.3167     79.000  1025.5184  51925.528    32.0990      7.521    7.39526     3.9596     3.9602    25.4829   13.21826 1.8068e+02      7.592 0.0000e+00
        318 109.629517    0.02201     1.3208     79.250  1025.5199  51925.922    32.0991      7.816    7.39527     3.9596     3.9601    25.4830   13.21828 1.8204e+02      7.890 0.0000e+00
        319 109.629520    0.02208     1.3250     79.500  1025.5213  51926.465    32.0993      8.071    7.39526     3.9599     3.9601    25.4832   13.21827 1.8462e+02      8.148 0.0000e+00
        320 109.629523    0.02215     1.3292     79.750  1025.5226  51927.170    32.0997      8.295    7.39523     3.9604     3.9601    25.4835   13.21821 1.8642e+02      8.374 0.0000e+00
        321 109.629525    0.02222     1.3333     80.000  1025.5239  51927.836    32.1001      8.503    7.39515     3.9611     3.9604    25.4838   13.21808 1.8616e+02      8.584 0.0000e+00
        322 109.629528    0.02229     1.3375     80.250  1025.5249  51927.925    32.1002      8.712    7.39505     3.9616     3.9610    25.4838   13.21791 1.8409e+02      8.794 0.0000e+00
        323 109.629531    0.02236     1.3417     80.500  1025.5257  51927.440    32.0999      8.936    7.39495     3.9620     3.9616    25.4835   13.21775 1.8216e+02      9.021 0.0000e+00
        324 109.629534    0.02243     1.3458     80.750  1025.5265  51926.896    32.0995      9.188    7.39487     3.9621     3.9622    25.4832   13.21761 1.8113e+02      9.275 0.0000e+00
        325 109.629537    0.02250     1.3500     81.000  1025.5274  51926.188    32.0990      9.473    7.39482     3.9619     3.9626    25.4827   13.21754 1.7922e+02      9.563 0.0000e+00
        326 109.629540    0.02257     1.3542     81.250  1025.5283  51925.193    32.0982      9.796    7.39483     3.9613     3.9628    25.4821   13.21756 1.7508e+02      9.888 0.0000e+00
        327 109.629543    0.02264     1.3583     81.500  1025.5293  51924.206    32.0973     10.155    7.39491     3.9601     3.9626    25.4814   13.21770 1.6893e+02     10.251 0.0000e+00
        328 109.629546    0.02271     1.3625     81.750  1025.5303  51923.086    32.0962     10.544    7.39507     3.9580     3.9620    25.4805   13.21799 1.6119e+02     10.644 0.0000e+00
        329 109.629549    0.02278     1.3667     82.000  1025.5309  51921.142    32.0943     10.952    7.39537     3.9544     3.9608    25.4792   13.21851 1.5210e+02     11.056 0.0000e+00
        330 109.629552    0.02285     1.3708     82.250  1025.5308  51918.122    32.0915     11.366    7.39589     3.9492     3.9588    25.4772   13.21940 1.4236e+02     11.474 0.0000e+00
        331 109.629554    0.02292     1.3750     82.500  1025.5307  51915.422    32.0886     11.769    7.39667     3.9427     3.9552    25.4752   13.22073 1.3321e+02     11.881 0.0000e+00
        332 109.629557    0.02299     1.3792     82.750  1025.5315  51914.893    32.0868     12.150    7.39770     3.9356     3.9500    25.4742   13.22246 1.2619e+02     12.265 0.0000e+00
        333 109.629560    0.02306     1.3833     83.000  1025.5336  51917.105    32.0866     12.503    7.39889     3.9284     3.9435    25.4746   13.22442 1.2221e+02     12.622 0.0000e+00
        334 109.629563    0.02313     1.3875     83.250  1025.5365  51920.974    32.0873     12.829    7.40013     3.9214     3.9364    25.4759   13.22646 1.2075e+02     12.951 0.0000e+00
        335 109.629566    0.02319     1.3917     83.500  1025.5394  51925.281    32.0883     13.131    7.40137     3.9150     3.9292    25.4774   13.22849 1.2042e+02     13.255 0.0000e+00
        336 109.629569    0.02326     1.3958     83.750  1025.5428  51930.495    32.0900     13.414    7.40254     3.9097     3.9223    25.4795   13.23040 1.2011e+02     13.541 0.0000e+00
        337 109.629572    0.02333     1.4000     84.000  1025.5467  51936.644    32.0925     13.683    7.40356     3.9053     3.9159    25.4821   13.23206 1.1925e+02     13.813 0.0000e+00
        338 109.629575    0.02340     1.4042     84.250  1025.5501  51941.763    32.0946     13.948    7.40442     3.9009     3.9106    25.4842   13.23346 1.1793e+02     14.080 0.0000e+00
        339 109.629578    0.02347     1.4083     84.500  1025.5519  51943.858    32.0948     14.216    7.40521     3.8960     3.9062    25.4848   13.23475 1.1666e+02     14.351 0.0000e+00
        340 109.629580    0.02354     1.4125     84.750  1025.5526  51943.679    32.0935     14.494    7.40606     3.8903     3.9018    25.4842   13.23617 1.1566e+02     14.631 0.0000e+00
