CTD-processing/allCTD/CNV--homogene/2013_06-06_alongbay_extra_inner_cast169.cnv
* Sea-Bird SBE19plus Data File:
* FileName = C:\Documents and Settings\kbayadmin\My Documents\CTD data\2013-06-06 Kachemak Bay all bay inner bay\2013-06-06 Kachemak Bay All Bay Inner Bay cast169.hex
* Software Version 1.59
* Temperature SN =  5028
* Conductivity SN =  5028
* System UpLoad Time = Jun 18 2013 15:59:59
** Kachemak Bay All Bay Inner Bay
** 2013-06-06
** Station: Extra station
** N': 59 43.651
** W': 151 6.022
** Start Time: 1334
** Depth(ft): 180
# nquan = 17
# nvalues = 611                         
# units = specified
# name 0 = scan: Scan Count
# name 1 = timeJ: Julian Days
# name 2 = timeH: Time, Elapsed [hours]
# name 3 = timeM: Time, Elapsed [minutes]
# name 4 = timeS: Time, Elapsed [seconds]
# name 5 = density00: Density [density, kg/m^3]
# name 6 = specc: Specific Conductance [uS/cm]
# name 7 = sal00: Salinity, Practical [PSU]
# name 8 = depSM: Depth [salt water, m], lat = 59.00
# name 9 = oxsolML/L: Oxygen Saturation, Garcia & Gordon [ml/l]
# name 10 = potemp090C: Potential Temperature [ITS-90, deg C]
# name 11 = tv290C: Temperature [ITS-90, deg C]
# name 12 = sigma-é00: Density [sigma-theta, kg/m^3]
# name 13 = n2satML/L: Nitrogen Saturation [ml/l]
# name 14 = par: PAR/Irradiance, Biospherical/Licor
# name 15 = prdM: Pressure, Strain Gauge [db]
# name 16 = flag:  0.000e+00
# span 0 =          1,        611       
# span 1 = 157.565671, 157.567436       
# span 2 =    0.00000,    0.04236       
# span 3 =     0.0000,     2.5417       
# span 4 =      0.000,    152.500       
# span 5 =   999.9247,  1025.3640       
# span 6 =    299.780,  51207.458       
# span 7 =     0.1398,    31.7127       
# span 8 =     -0.086,     51.232       
# span 9 =    6.43314,    8.16718       
# span 10 =     4.4946,    11.1969      
# span 11 =     4.4981,    11.1970      
# span 12 =    -0.0749,    25.1230      
# span 13 =   11.67686,   14.95868      
# span 14 = 6.3657e-02, 2.1565e+03      
# span 15 =     -0.087,     51.722      
# span 16 = 0.0000e+00, 0.0000e+00      
# interval = seconds: 0.25
# start_time = Jun 06 2013 13:34:34 [Instrument's time stamp, header]
# bad_flag = -9.990e-29
*END*
[from data line 596]
        597 157.567396    0.04139     2.4833    149.000  1025.3398  51178.536    31.7037     48.528    7.31152     4.5280     4.5395    25.1116   13.08519 8.1973e-02     48.992 0.0000e+00
        598 157.567399    0.04146     2.4875    149.250  1025.3416  51180.364    31.7039     48.785    7.31221     4.5237     4.5355    25.1122   13.08634 7.9913e-02     49.251 0.0000e+00
        599 157.567402    0.04153     2.4917    149.500  1025.3432  51181.827    31.7038     49.040    7.31294     4.5191     4.5314    25.1125   13.08754 7.7984e-02     49.508 0.0000e+00
        600 157.567405    0.04160     2.4958    149.750  1025.3448  51183.313    31.7037     49.293    7.31371     4.5144     4.5270    25.1129   13.08881 7.6146e-02     49.764 0.0000e+00
        601 157.567407    0.04167     2.5000    150.000  1025.3467  51185.451    31.7040     49.545    7.31450     4.5101     4.5225    25.1136   13.09012 7.4367e-02     50.019 0.0000e+00
        602 157.567410    0.04174     2.5042    150.250  1025.3490  51188.430    31.7049     49.795    7.31528     4.5061     4.5178    25.1148   13.09138 7.2645e-02     50.271 0.0000e+00
        603 157.567413    0.04181     2.5083    150.500  1025.3514  51191.552    31.7059     50.042    7.31600     4.5026     4.5135    25.1160   13.09256 7.0982e-02     50.520 0.0000e+00
        604 157.567416    0.04188     2.5125    150.750  1025.3538  51194.561    31.7069     50.282    7.31664     4.4997     4.5095    25.1173   13.09361 6.9391e-02     50.763 0.0000e+00
        605 157.567419    0.04194     2.5167    151.000  1025.3563  51197.851    31.7083     50.511    7.31720     4.4976     4.5060    25.1187   13.09451 6.7908e-02     50.994 0.0000e+00
        606 157.567422    0.04201     2.5208    151.250  1025.3587  51201.119    31.7097     50.720    7.31763     4.4961     4.5031    25.1201   13.09521 6.6599e-02     51.205 0.0000e+00
        607 157.567425    0.04208     2.5250    151.500  1025.3608  51203.752    31.7110     50.899    7.31794     4.4952     4.5010    25.1213   13.09571 6.5531e-02     51.386 0.0000e+00
        608 157.567428    0.04215     2.5292    151.750  1025.3623  51205.582    31.7118     51.042    7.31815     4.4948     4.4996    25.1222   13.09604 6.4712e-02     51.530 0.0000e+00
        609 157.567431    0.04222     2.5333    152.000  1025.3633  51206.689    31.7123     51.146    7.31828     4.4946     4.4987    25.1227   13.09625 6.4128e-02     51.635 0.0000e+00
        610 157.567433    0.04229     2.5375    152.250  1025.3638  51207.268    31.7126     51.210    7.31835 -9.990e-29     4.4983    25.1229   13.09637 6.3775e-02     51.700 0.0000e+00
        611 157.567436    0.04236     2.5417    152.500  1025.3640  51207.458    31.7127     51.232    7.31837 -9.990e-29     4.4981    25.1230   13.09640 6.3657e-02     51.722 0.0000e+00
