CTD-processing/allCTD/CNV--homogene/2013_07-09_t9andtutka_s06_cast224.cnv
* Sea-Bird SBE19plus Data File:
* FileName = C:\Documents and Settings\kbayadmin\My Documents\CTD data\2013-07-09 Kachemak Bay Homer Spit Line and Tutka Bay\2013-07-09 Kachemak Bay Homer Spit Line and Tutka Bay cast224.hex
* Software Version 1.59
* Temperature SN =  5028
* Conductivity SN =  5028
* System UpLoad Time = Jul 10 2013 11:16:25
** Kachemak Bay Homer Spit Line and Tutka Bay
** 2013-07-05
** Station: 9.06
** N': didnt record
** W': didnt record
** Start Time: 1818
** Depth(ft):
# nquan = 17
# nvalues = 722                         
# units = specified
# name 0 = scan: Scan Count
# name 1 = timeJ: Julian Days
# name 2 = timeH: Time, Elapsed [hours]
# name 3 = timeM: Time, Elapsed [minutes]
# name 4 = timeS: Time, Elapsed [seconds]
# name 5 = density00: Density [density, kg/m^3]
# name 6 = specc: Specific Conductance [uS/cm]
# name 7 = sal00: Salinity, Practical [PSU]
# name 8 = depSM: Depth [salt water, m], lat = 59.00
# name 9 = oxsolML/L: Oxygen Saturation, Garcia & Gordon [ml/l]
# name 10 = potemp090C: Potential Temperature [ITS-90, deg C]
# name 11 = tv290C: Temperature [ITS-90, deg C]
# name 12 = sigma-é00: Density [sigma-theta, kg/m^3]
# name 13 = n2satML/L: Nitrogen Saturation [ml/l]
# name 14 = par: PAR/Irradiance, Biospherical/Licor
# name 15 = prdM: Pressure, Strain Gauge [db]
# name 16 = flag:  0.000e+00
# span 0 =          1,        722       
# span 1 = 190.763171, 190.765258       
# span 2 =    0.00000,    0.05007       
# span 3 =     0.0000,     3.0042       
# span 4 =      0.000,    180.250       
# span 5 =  1021.0870,  1025.4439       
# span 6 =  43697.417,  50868.744       
# span 7 =    27.4060,    31.7518       
# span 8 =      0.320,     94.440       
# span 9 =    6.62058,    7.08101       
# span 10 =     5.8619,     9.6657      
# span 11 =     5.8695,     9.6658      
# span 12 =    21.0855,    25.0032      
# span 13 =   11.97899,   12.70392      
# span 14 = 4.8496e-02, 1.2623e+03      
# span 15 =      0.323,     95.353      
# span 16 = 0.0000e+00, 0.0000e+00      
# interval = seconds: 0.25
# start_time = Jul 09 2013 18:18:58 [Instrument's time stamp, header]
# bad_flag = -9.990e-29
*END*
[from data line 681]
        682 190.765142    0.04729     2.8375    170.250  1025.3990  50846.782    31.7474     86.458    7.07546     5.8956     5.9040    24.9956   12.69481 4.8844e-02     87.292 0.0000e+00
        683 190.765145    0.04736     2.8417    170.500  1025.4005  50847.723    31.7478     86.692    7.07558     5.8950     5.9032    24.9960   12.69499 4.8838e-02     87.529 0.0000e+00
        684 190.765148    0.04743     2.8458    170.750  1025.4018  50848.532    31.7481     86.916    7.07568     5.8944     5.9026    24.9963   12.69515 4.8832e-02     87.755 0.0000e+00
        685 190.765150    0.04750     2.8500    171.000  1025.4031  50849.148    31.7483     87.133    7.07577     5.8938     5.9020    24.9965   12.69530 4.8826e-02     87.974 0.0000e+00
        686 190.765153    0.04757     2.8542    171.250  1025.4042  50849.585    31.7484     87.350    7.07586     5.8932     5.9014    24.9966   12.69544 4.8817e-02     88.193 0.0000e+00
        687 190.765156    0.04764     2.8583    171.500  1025.4053  50849.926    31.7484     87.571    7.07595     5.8926     5.9008    24.9967   12.69560 4.8810e-02     88.416 0.0000e+00
        688 190.765159    0.04771     2.8625    171.750  1025.4065  50850.269    31.7484     87.799    7.07605     5.8919     5.9002    24.9968   12.69577 4.8802e-02     88.647 0.0000e+00
        689 190.765162    0.04778     2.8667    172.000  1025.4077  50850.653    31.7484     88.035    7.07616     5.8912     5.8996    24.9969   12.69594 4.8789e-02     88.885 0.0000e+00
        690 190.765165    0.04785     2.8708    172.250  1025.4090  50851.099    31.7485     88.274    7.07626     5.8905     5.8989    24.9970   12.69611 4.8772e-02     89.127 0.0000e+00
        691 190.765168    0.04792     2.8750    172.500  1025.4102  50851.563    31.7486     88.512    7.07637     5.8898     5.8982    24.9972   12.69629 4.8758e-02     89.366 0.0000e+00
        692 190.765171    0.04799     2.8792    172.750  1025.4114  50851.942    31.7486     88.738    7.07648     5.8890     5.8976    24.9973   12.69648 4.8750e-02     89.595 0.0000e+00
        693 190.765174    0.04806     2.8833    173.000  1025.4124  50852.190    31.7485     88.946    7.07660     5.8881     5.8969    24.9973   12.69667 4.8745e-02     89.805 0.0000e+00
        694 190.765177    0.04813     2.8875    173.250  1025.4132  50852.244    31.7483     89.131    7.07673     5.8871     5.8962    24.9972   12.69689 4.8744e-02     89.991 0.0000e+00
        695 190.765179    0.04819     2.8917    173.500  1025.4138  50852.164    31.7480     89.295    7.07689     5.8858     5.8953    24.9971   12.69716 4.8744e-02     90.157 0.0000e+00
        696 190.765182    0.04826     2.8958    173.750  1025.4144  50852.173    31.7477     89.447    7.07708     5.8844     5.8942    24.9970   12.69747 4.8740e-02     90.310 0.0000e+00
        697 190.765185    0.04833     2.9000    174.000  1025.4151  50852.329    31.7475     89.597    7.07730     5.8830     5.8930    24.9970   12.69783 4.8732e-02     90.462 0.0000e+00
        698 190.765188    0.04840     2.9042    174.250  1025.4159  50852.734    31.7475     89.753    7.07753     5.8816     5.8916    24.9971   12.69822 4.8723e-02     90.620 0.0000e+00
        699 190.765191    0.04847     2.9083    174.500  1025.4171  50853.558    31.7477     89.921    7.07776     5.8803     5.8902    24.9974   12.69859 4.8710e-02     90.789 0.0000e+00
        700 190.765194    0.04854     2.9125    174.750  1025.4183  50854.438    31.7479     90.101    7.07798     5.8790     5.8888    24.9978   12.69895 4.8687e-02     90.972 0.0000e+00
        701 190.765197    0.04861     2.9167    175.000  1025.4193  50854.936    31.7479     90.294    7.07819     5.8776     5.8875    24.9979   12.69931 4.8661e-02     91.166 0.0000e+00
        702 190.765200    0.04868     2.9208    175.250  1025.4203  50855.288    31.7478     90.497    7.07841     5.8761     5.8862    24.9980   12.69968 4.8650e-02     91.371 0.0000e+00
        703 190.765203    0.04875     2.9250    175.500  1025.4215  50855.895    31.7478     90.709    7.07865     5.8747     5.8848    24.9982   12.70006 4.8650e-02     91.585 0.0000e+00
        704 190.765205    0.04882     2.9292    175.750  1025.4228  50856.732    31.7480     90.929    7.07888     5.8734     5.8834    24.9985   12.70043 4.8651e-02     91.807 0.0000e+00
        705 190.765208    0.04889     2.9333    176.000  1025.4242  50857.517    31.7482     91.155    7.07910     5.8720     5.8820    24.9988   12.70080 4.8651e-02     92.035 0.0000e+00
        706 190.765211    0.04896     2.9375    176.250  1025.4254  50858.086    31.7482     91.385    7.07932     5.8705     5.8807    24.9990   12.70116 4.8644e-02     92.268 0.0000e+00
        707 190.765214    0.04903     2.9417    176.500  1025.4267  50858.601    31.7481     91.619    7.07955     5.8690     5.8793    24.9991   12.70154 4.8631e-02     92.504 0.0000e+00
        708 190.765217    0.04910     2.9458    176.750  1025.4280  50859.332    31.7482     91.852    7.07979     5.8675     5.8778    24.9994   12.70194 4.8620e-02     92.739 0.0000e+00
        709 190.765220    0.04917     2.9500    177.000  1025.4295  50860.392    31.7486     92.084    7.08002     5.8662     5.8763    24.9998   12.70233 4.8613e-02     92.973 0.0000e+00
        710 190.765223    0.04924     2.9542    177.250  1025.4312  50861.726    31.7491     92.312    7.08024     5.8652     5.8749    25.0004   12.70267 4.8604e-02     93.204 0.0000e+00
        711 190.765226    0.04931     2.9583    177.500  1025.4328  50863.106    31.7497     92.535    7.08042     5.8644     5.8736    25.0010   12.70296 4.8586e-02     93.429 0.0000e+00
        712 190.765229    0.04938     2.9625    177.750  1025.4344  50864.303    31.7502     92.754    7.08056     5.8638     5.8726    25.0015   12.70319 4.8565e-02     93.651 0.0000e+00
        713 190.765231    0.04944     2.9667    178.000  1025.4358  50865.258    31.7506     92.970    7.08067     5.8633     5.8718    25.0019   12.70337 4.8551e-02     93.869 0.0000e+00
        714 190.765234    0.04951     2.9708    178.250  1025.4371  50866.024    31.7509     93.183    7.08076     5.8629     5.8712    25.0023   12.70351 4.8541e-02     94.083 0.0000e+00
        715 190.765237    0.04958     2.9750    178.500  1025.4383  50866.654    31.7511     93.391    7.08083     5.8625     5.8708    25.0025   12.70363 4.8532e-02     94.294 0.0000e+00
        716 190.765240    0.04965     2.9792    178.750  1025.4395  50867.209    31.7513     93.596    7.08089     5.8623     5.8704    25.0027   12.70372 4.8523e-02     94.501 0.0000e+00
        717 190.765243    0.04972     2.9833    179.000  1025.4406  50867.703    31.7515     93.796    7.08093     5.8621     5.8700    25.0029   12.70379 4.8514e-02     94.703 0.0000e+00
        718 190.765246    0.04979     2.9875    179.250  1025.4417  50868.096    31.7516     93.989    7.08097     5.8620     5.8698    25.0030   12.70385 4.8509e-02     94.897 0.0000e+00
        719 190.765249    0.04986     2.9917    179.500  1025.4426  50868.377    31.7517     94.164    7.08099     5.8619     5.8696    25.0031   12.70388 4.8505e-02     95.074 0.0000e+00
        720 190.765252    0.04993     2.9958    179.750  1025.4433  50868.560    31.7517     94.308    7.08100     5.8619     5.8696    25.0032   12.70390 4.8500e-02     95.219 0.0000e+00
        721 190.765255    0.05000     3.0000    180.000  1025.4437  50868.687    31.7518     94.405    7.08101 -9.990e-29     5.8695    25.0032   12.70392 4.8497e-02     95.318 0.0000e+00
        722 190.765258    0.05007     3.0042    180.250  1025.4439  50868.744    31.7518     94.440    7.08101 -9.990e-29     5.8695    25.0032   12.70392 4.8496e-02     95.353 0.0000e+00
