CTD-processing/allCTD/CNV--homogene/2013_01-04_t9_s02_cast002.cnv
* Sea-Bird SBE19plus Data File:
* FileName = C:\Documents and Settings\kris.holderied.local\My Documents\2012-2013-CTD-DATA-new-files\2013-01-04-CTD-HomerSpitLine\2013-01-04-HomerSpitLine-cast002.hex
* Software Version 1.54
* Temperature SN =  5028
* Conductivity SN =  5028
* System UpLoad Time = Feb 11 2013 18:48:26
** Kachemak Bay Spit Line South to North
** Date:  4 Jan 2013
** Station:  9-02
** Start time (AKDT-24 hr):  16:39
** Depth (m):  82
** Comment: After wave buoy rescue.
** Comment: CTD time set wrong by 2 hours
# nquan = 17
# nvalues = 936                         
# units = specified
# name 0 = scan: Scan Count
# name 1 = timeJ: Julian Days
# name 2 = timeH: Time, Elapsed [hours]
# name 3 = timeM: Time, Elapsed [minutes]
# name 4 = timeS: Time, Elapsed [seconds]
# name 5 = density00: Density [density, kg/m^3]
# name 6 = specc: Specific Conductance [uS/cm]
# name 7 = sal00: Salinity, Practical [PSU]
# name 8 = depSM: Depth [salt water, m], lat = 59.00
# name 9 = oxsolML/L: Oxygen Saturation, Garcia & Gordon [ml/l]
# name 10 = potemp090C: Potential Temperature [ITS-90, deg C]
# name 11 = tv290C: Temperature [ITS-90, deg C]
# name 12 = sigma-é00: Density [sigma-theta, kg/m^3]
# name 13 = n2satML/L: Nitrogen Saturation [ml/l]
# name 14 = par: PAR/Irradiance, Biospherical/Licor
# name 15 = prdM: Pressure, Strain Gauge [db]
# name 16 = flag:  0.000e+00
# span 0 =          1,        936       
# span 1 =   4.776181,   4.778886       
# span 2 =    0.00000,    0.06493       
# span 3 =     0.0000,     3.8958       
# span 4 =      0.000,    233.750       
# span 5 =  1000.4006,  1025.4242       
# span 6 =   1132.238,  51148.289       
# span 7 =     0.5427,    31.6789       
# span 8 =     -0.110,     71.472       
# span 9 =    7.30669,    9.45860       
# span 10 =     2.7067,     4.5689      
# span 11 =     2.7067,     4.5738      
# span 12 =     0.4011,    25.0888      
# span 13 =   13.07756,   17.12239      
# span 14 = 3.7912e-02, 1.3367e+01      
# span 15 =     -0.111,     72.160      
# span 16 = 0.0000e+00, 0.0000e+00      
# interval = seconds: 0.25
# start_time = Jan 04 2013 18:37:42 [Instrument's time stamp, header]
# bad_flag = -9.990e-29
*END*
[from data line 86]
         87   4.776429    0.00597     0.3583     21.500  1024.4507  50243.611    30.6726      0.623    7.68350     2.8039     2.8042    24.4477   13.71282 3.0262e+00      0.629 0.0000e+00
         88   4.776432    0.00604     0.3625     21.750  1024.4604  50262.707    30.6848      0.622    7.68281     2.8033     2.8042    24.4574   13.71150 3.2497e+00      0.628 0.0000e+00
         89   4.776435    0.00611     0.3667     22.000  1024.4664  50274.587    30.6923      0.620    7.68245     2.8026     2.8039    24.4635   13.71079 3.3946e+00      0.626 0.0000e+00
         90   4.776438    0.00618     0.3708     22.250  1024.4702  50282.229    30.6970      0.619    7.68230     2.8019     2.8033    24.4673   13.71047 3.4992e+00      0.625 0.0000e+00
         91   4.776441    0.00625     0.3750     22.500  1024.4728  50287.387    30.7002      0.618    7.68226     2.8012     2.8026    24.4698   13.71036 3.5891e+00      0.624 0.0000e+00
         92   4.776444    0.00632     0.3792     22.750  1024.4745  50290.933    30.7023      0.617    7.68229     2.8006     2.8019    24.4716   13.71037 3.6202e+00      0.623 0.0000e+00
         93   4.776447    0.00639     0.3833     23.000  1024.4755  50293.121    30.7035      0.617    7.68235     2.8000     2.8012    24.4726   13.71046 3.5994e+00      0.622 0.0000e+00
         94   4.776450    0.00646     0.3875     23.250  1024.4758  50293.822    30.7038      0.617    7.68245     2.7995     2.8006    24.4729   13.71062 3.5580e+00      0.622 0.0000e+00
         95   4.776453    0.00653     0.3917     23.500  1024.4753  50292.995    30.7031      0.617    7.68259     2.7990     2.8000    24.4723   13.71086 3.4890e+00      0.622 0.0000e+00
         96   4.776455    0.00660     0.3958     23.750  1024.4742  50291.105    30.7016      0.616    7.68277     2.7985     2.7995    24.4712   13.71117 3.3607e+00      0.622 0.0000e+00
         97   4.776458    0.00667     0.4000     24.000  1024.4730  50289.112    30.7002      0.616    7.68295     2.7982     2.7990    24.4701   13.71149 3.1550e+00      0.622 0.0000e+00
         98   4.776461    0.00674     0.4042     24.250  1024.4722  50287.723    30.6991      0.616    7.68310     2.7983     2.7985    24.4693   13.71175 2.9212e+00      0.622 0.0000e+00
         99   4.776464    0.00681     0.4083     24.500  1024.4720  50287.338    30.6988      0.616    7.68317     2.7988     2.7982    24.4690   13.71187 2.7453e+00      0.622 0.0000e+00
        100   4.776467    0.00688     0.4125     24.750  1024.4724  50288.107    30.6993      0.616    7.68312     2.7998     2.7983    24.4695   13.71179 2.6985e+00      0.622 0.0000e+00
        101   4.776470    0.00694     0.4167     25.000  1024.4731  50289.252    30.7002      0.616    7.68297     2.8012     2.7989    24.4701   13.71153 2.8005e+00      0.621 0.0000e+00
        102   4.776473    0.00701     0.4208     25.250  1024.4735  50289.803    30.7009      0.616    7.68275     2.8029     2.7999    24.4706   13.71114 3.0118e+00      0.621 0.0000e+00
        103   4.776476    0.00708     0.4250     25.500  1024.4737  50289.695    30.7012      0.616    7.68246     2.8048     2.8013    24.4707   13.71067 3.2527e+00      0.621 0.0000e+00
        104   4.776479    0.00715     0.4292     25.750  1024.4737  50289.401    30.7014      0.616    7.68213     2.8068     2.8029    24.4708   13.71012 3.4426e+00      0.621 0.0000e+00
        105   4.776481    0.00722     0.4333     26.000  1024.4737  50288.965    30.7016      0.615    7.68176     2.8089     2.8048    24.4708   13.70951 3.5526e+00      0.620 0.0000e+00
        106   4.776484    0.00729     0.4375     26.250  1024.4735  50287.984    30.7014      0.615    7.68137     2.8110     2.8069    24.4705   13.70886 3.5852e+00      0.620 0.0000e+00
        107   4.776487    0.00736     0.4417     26.500  1024.4729  50286.341    30.7009      0.615    7.68098     2.8130     2.8090    24.4699   13.70824 3.5538e+00      0.620 0.0000e+00
        108   4.776490    0.00743     0.4458     26.750  1024.4720  50284.326    30.7001      0.615    7.68063     2.8148     2.8111    24.4691   13.70766 3.5008e+00      0.621 0.0000e+00
        109   4.776493    0.00750     0.4500     27.000  1024.4712  50282.391    30.6993      0.616    7.68030     2.8164     2.8130    24.4683   13.70712 3.4601e+00      0.621 0.0000e+00
        110   4.776496    0.00757     0.4542     27.250  1024.4707  50281.033    30.6988      0.616    7.67998     2.8179     2.8148    24.4678   13.70660 3.3124e+00      0.621 0.0000e+00
        111   4.776499    0.00764     0.4583     27.500  1024.4707  50280.628    30.6990      0.616    7.67965     2.8192     2.8165    24.4678   13.70606 3.0376e+00      0.622 0.0000e+00
        112   4.776502    0.00771     0.4625     27.750  1024.4711  50280.989    30.6996      0.616    7.67934     2.8205     2.8179    24.4682   13.70554 2.8687e+00      0.622 0.0000e+00
        113   4.776505    0.00778     0.4667     28.000  1024.4716  50281.452    30.7003      0.616    7.67905     2.8218     2.8193    24.4686   13.70505 2.8339e+00      0.622 0.0000e+00
        114   4.776508    0.00785     0.4708     28.250  1024.4718  50281.554    30.7007      0.616    7.67878     2.8231     2.8205    24.4688   13.70460 2.7780e+00      0.621 0.0000e+00
        115   4.776510    0.00792     0.4750     28.500  1024.4717  50281.197    30.7008      0.615    7.67853     2.8244     2.8218    24.4688   13.70419 2.6918e+00      0.620 0.0000e+00
        116   4.776513    0.00799     0.4792     28.750  1024.4715  50280.463    30.7006      0.615    7.67830     2.8257     2.8231    24.4685   13.70380 2.6023e+00      0.620 0.0000e+00
        117   4.776516    0.00806     0.4833     29.000  1024.4712  50279.483    30.7003      0.614    7.67807     2.8270     2.8244    24.4682   13.70342 2.4972e+00      0.620 0.0000e+00
        118   4.776519    0.00813     0.4875     29.250  1024.4706  50278.205    30.6998      0.614    7.67784     2.8281     2.8257    24.4677   13.70306 2.4261e+00      0.620 0.0000e+00
        119   4.776522    0.00819     0.4917     29.500  1024.4699  50276.544    30.6990      0.614    7.67764     2.8291     2.8270    24.4669   13.70273 2.4418e+00      0.620 0.0000e+00
        120   4.776525    0.00826     0.4958     29.750  1024.4690  50274.649    30.6980      0.614    7.67747     2.8299     2.8281    24.4661   13.70246 2.5677e+00      0.620 0.0000e+00
        121   4.776528    0.00833     0.5000     30.000  1024.4682  50272.826    30.6970      0.614    7.67733     2.8305     2.8291    24.4652   13.70225 2.8264e+00      0.620 0.0000e+00
        122   4.776531    0.00840     0.5042     30.250  1024.4676  50271.523    30.6963      0.615    7.67721     2.8312     2.8299    24.4646   13.70207 3.1552e+00      0.620 0.0000e+00
        123   4.776534    0.00847     0.5083     30.500  1024.4675  50271.261    30.6963      0.615    7.67708     2.8320     2.8306    24.4646   13.70185 3.4557e+00      0.620 0.0000e+00
        124   4.776536    0.00854     0.5125     30.750  1024.4681  50272.149    30.6971      0.614    7.67691     2.8330     2.8313    24.4652   13.70155 3.6884e+00      0.620 0.0000e+00
        125   4.776539    0.00861     0.5167     31.000  1024.4688  50273.349    30.6981      0.614    7.67670     2.8343     2.8321    24.4659   13.70120 3.8496e+00      0.620 0.0000e+00
        126   4.776542    0.00868     0.5208     31.250  1024.4691  50273.633    30.6986      0.614    7.67649     2.8360     2.8331    24.4662   13.70084 3.9554e+00      0.619 0.0000e+00
        127   4.776545    0.00875     0.5250     31.500  1024.4686  50272.362    30.6981      0.613    7.67627     2.8381     2.8344    24.4657   13.70049 3.9934e+00      0.619 0.0000e+00
        128   4.776548    0.00882     0.5292     31.750  1024.4673  50269.479    30.6966      0.613    7.67602     2.8405     2.8361    24.4644   13.70010 3.9487e+00      0.619 0.0000e+00
        129   4.776551    0.00889     0.5333     32.000  1024.4653  50265.268    30.6943      0.614    7.67573     2.8428     2.8382    24.4624   13.69966 3.8844e+00      0.619 0.0000e+00
        130   4.776554    0.00896     0.5375     32.250  1024.4629  50260.325    30.6916      0.614    7.67542     2.8449     2.8405    24.4600   13.69919 3.8608e+00      0.619 0.0000e+00
        131   4.776557    0.00903     0.5417     32.500  1024.4605  50255.325    30.6888      0.614    7.67513     2.8466     2.8428    24.4576   13.69873 3.8901e+00      0.620 0.0000e+00
        132   4.776560    0.00910     0.5458     32.750  1024.4583  50250.605    30.6862      0.615    7.67487     2.8479     2.8449    24.4554   13.69835 3.9576e+00      0.620 0.0000e+00
        133   4.776562    0.00917     0.5500     33.000  1024.4561  50246.150    30.6836      0.615    7.67468     2.8490     2.8466    24.4532   13.69806 4.0233e+00      0.620 0.0000e+00
        134   4.776565    0.00924     0.5542     33.250  1024.4541  50242.034    30.6812      0.615    7.67454     2.8498     2.8480    24.4511   13.69787 4.0594e+00      0.620 0.0000e+00
        135   4.776568    0.00931     0.5583     33.500  1024.4523  50238.415    30.6791      0.615    7.67445     2.8506     2.8490    24.4493   13.69775 4.0282e+00      0.620 0.0000e+00
        136   4.776571    0.00937     0.5625     33.750  1024.4507  50235.284    30.6772      0.615    7.67439     2.8513     2.8499    24.4477   13.69768 3.9504e+00      0.620 0.0000e+00
        137   4.776574    0.00944     0.5667     34.000  1024.4493  50232.565    30.6755      0.615    7.67434     2.8521     2.8506    24.4464   13.69762 3.9097e+00      0.620 0.0000e+00
        138   4.776577    0.00951     0.5708     34.250  1024.4481  50230.179    30.6741      0.615    7.67428     2.8532     2.8513    24.4452   13.69753 3.8943e+00      0.620 0.0000e+00
        139   4.776580    0.00958     0.5750     34.500  1024.4471  50228.001    30.6728      0.615    7.67419     2.8546     2.8521    24.4441   13.69740 3.8628e+00      0.620 0.0000e+00
        140   4.776583    0.00965     0.5792     34.750  1024.4461  50225.889    30.6717      0.615    7.67404     2.8565     2.8532    24.4431   13.69717 3.8547e+00      0.620 0.0000e+00
        141   4.776586    0.00972     0.5833     35.000  1024.4451  50223.724    30.6706      0.615    7.67382     2.8586     2.8546    24.4422   13.69682 3.9136e+00      0.620 0.0000e+00
        142   4.776589    0.00979     0.5875     35.250  1024.4441  50221.448    30.6696      0.614    7.67352     2.8609     2.8565    24.4412   13.69634 3.9855e+00      0.619 0.0000e+00
        143   4.776591    0.00986     0.5917     35.500  1024.4430  50218.932    30.6684      0.614    7.67317     2.8628     2.8586    24.4401   13.69577 3.9816e+00      0.619 0.0000e+00
        144   4.776594    0.00993     0.5958     35.750  1024.4416  50215.802    30.6669      0.613    7.67282     2.8642     2.8609    24.4387   13.69522 3.9204e+00      0.619 0.0000e+00
        145   4.776597    0.01000     0.6000     36.000  1024.4396  50211.500    30.6645      0.613    7.67257     2.8649     2.8628    24.4366   13.69484 3.8519e+00      0.619 0.0000e+00
        146   4.776600    0.01007     0.6042     36.250  1024.4365  50205.480    30.6608      0.613    7.67250     2.8652     2.8642    24.4336   13.69478 3.8212e+00      0.618 0.0000e+00
        147   4.776603    0.01014     0.6083     36.500  1024.4325  50197.802    30.6558      0.612    7.67262     2.8652     2.8649    24.4295   13.69503 3.8583e+00      0.618 0.0000e+00
        148   4.776606    0.01021     0.6125     36.750  1024.4283  50189.891    30.6506      0.612    7.67284     2.8652     2.8652    24.4253   13.69547 3.9106e+00      0.618 0.0000e+00
        149   4.776609    0.01028     0.6167     37.000  1024.4250  50183.838    30.6465      0.612    7.67305     2.8652     2.8652    24.4221   13.69587 3.9204e+00      0.618 0.0000e+00
        150   4.776612    0.01035     0.6208     37.250  1024.4235  50180.983    30.6446      0.612    7.67316     2.8653     2.8652    24.4206   13.69609 3.9045e+00      0.618 0.0000e+00
        151   4.776615    0.01042     0.6250     37.500  1024.4240  50181.863    30.6452      0.612    7.67313     2.8658     2.8652    24.4210   13.69603 3.9152e+00      0.618 0.0000e+00
        152   4.776617    0.01049     0.6292     37.750  1024.4264  50186.414    30.6483      0.613    7.67294     2.8667     2.8653    24.4235   13.69566 3.9796e+00      0.619 0.0000e+00
        153   4.776620    0.01056     0.6333     38.000  1024.4301  50193.099    30.6529      0.613    7.67261     2.8681     2.8658    24.4272   13.69506 4.0845e+00      0.619 0.0000e+00
        154   4.776623    0.01063     0.6375     38.250  1024.4334  50199.137    30.6572      0.614    7.67221     2.8700     2.8667    24.4305   13.69434 4.1896e+00      0.620 0.0000e+00
        155   4.776626    0.01069     0.6417     38.500  1024.4354  50202.394    30.6597      0.614    7.67180     2.8719     2.8682    24.4324   13.69363 4.2824e+00      0.620 0.0000e+00
        156   4.776629    0.01076     0.6458     38.750  1024.4355  50202.123    30.6600      0.613    7.67142     2.8737     2.8700    24.4325   13.69300 4.3456e+00      0.619 0.0000e+00
        157   4.776632    0.01083     0.6500     39.000  1024.4337  50198.384    30.6580      0.613    7.67115     2.8749     2.8720    24.4308   13.69258 4.3593e+00      0.619 0.0000e+00
        158   4.776635    0.01090     0.6542     39.250  1024.4303  50191.648    30.6539      0.613    7.67104     2.8754     2.8737    24.4274   13.69245 4.3318e+00      0.619 0.0000e+00
        159   4.776638    0.01097     0.6583     39.500  1024.4258  50183.018    30.6484      0.613    7.67109     2.8754     2.8749    24.4229   13.69261 4.2877e+00      0.619 0.0000e+00
        160   4.776641    0.01104     0.6625     39.750  1024.4213  50174.420    30.6428      0.613    7.67128     2.8750     2.8755    24.4183   13.69300 4.3006e+00      0.619 0.0000e+00
        161   4.776644    0.01111     0.6667     40.000  1024.4176  50167.607    30.6382      0.613    7.67152     2.8746     2.8755    24.4147   13.69346 4.3873e+00      0.619 0.0000e+00
        162   4.776646    0.01118     0.6708     40.250  1024.4152  50163.114    30.6351      0.613    7.67175     2.8744     2.8751    24.4122   13.69389 4.4398e+00      0.619 0.0000e+00
        163   4.776649    0.01125     0.6750     40.500  1024.4139  50160.799    30.6334      0.613    7.67192     2.8743     2.8747    24.4110   13.69418 4.4023e+00      0.619 0.0000e+00
        164   4.776652    0.01132     0.6792     40.750  1024.4138  50160.741    30.6333      0.613    7.67198     2.8745     2.8744    24.4109   13.69428 4.3187e+00      0.619 0.0000e+00
        165   4.776655    0.01139     0.6833     41.000  1024.4151  50163.285    30.6350      0.612    7.67190     2.8750     2.8743    24.4122   13.69414 4.2276e+00      0.618 0.0000e+00
        166   4.776658    0.01146     0.6875     41.250  1024.4181  50168.698    30.6387      0.612    7.67168     2.8759     2.8745    24.4152   13.69372 4.1844e+00      0.618 0.0000e+00
        167   4.776661    0.01153     0.6917     41.500  1024.4224  50176.557    30.6441      0.612    7.67130     2.8775     2.8750    24.4195   13.69302 4.1902e+00      0.618 0.0000e+00
        168   4.776664    0.01160     0.6958     41.750  1024.4271  50185.164    30.6502      0.612    7.67080     2.8796     2.8760    24.4242   13.69210 4.2088e+00      0.618 0.0000e+00
        169   4.776667    0.01167     0.7000     42.000  1024.4311  50192.172    30.6553      0.612    7.67022     2.8818     2.8776    24.4282   13.69109 4.2340e+00      0.618 0.0000e+00
        170   4.776670    0.01174     0.7042     42.250  1024.4332  50195.582    30.6581      0.612    7.66968     2.8837     2.8797    24.4303   13.69015 4.2006e+00      0.618 0.0000e+00
