CTD-processing/allCTD/CNV--homogene/2013_07-18_t7_s22_cast002.cnv
* Sea-Bird SBE19plus Data File:
* FileName = C:\Documents and Settings\kris.holderied.local\My Documents\2012-2013-CTD-DATA-new-files\2013-07-CookInlet-EVOSTC-LTM\2013-07-18-CookInlet-Tran7-Augustine\2013-07-18-CookInlet-Tran7-Augustine-cast002.hex
* Software Version 1.54
* Temperature SN =  5028
* Conductivity SN =  5028
* System UpLoad Time = Jul 18 2013 22:01:42
** Cook Inlet LTM Ocean - Tran7 Augustine Line, East to West
** Date: 2013-07-18
** Station:  7-22
** Start time (AKDT-24 hr): 12:47
** Depth (m): 74
** Comment:
** Comment:
# nquan = 17
# nvalues = 464                         
# units = specified
# name 0 = scan: Scan Count
# name 1 = timeJ: Julian Days
# name 2 = timeH: Time, Elapsed [hours]
# name 3 = timeM: Time, Elapsed [minutes]
# name 4 = timeS: Time, Elapsed [seconds]
# name 5 = density00: Density [density, kg/m^3]
# name 6 = specc: Specific Conductance [uS/cm]
# name 7 = sal00: Salinity, Practical [PSU]
# name 8 = depSM: Depth [salt water, m], lat = 59.00
# name 9 = oxsolML/L: Oxygen Saturation, Garcia & Gordon [ml/l]
# name 10 = potemp090C: Potential Temperature [ITS-90, deg C]
# name 11 = tv290C: Temperature [ITS-90, deg C]
# name 12 = sigma-é00: Density [sigma-theta, kg/m^3]
# name 13 = n2satML/L: Nitrogen Saturation [ml/l]
# name 14 = par: PAR/Irradiance, Biospherical/Licor
# name 15 = prdM: Pressure, Strain Gauge [db]
# name 16 = flag:  0.000e+00
# span 0 =          1,        464       
# span 1 = 199.533519, 199.534858       
# span 2 =    0.00000,    0.03215       
# span 3 =     0.0000,     1.9292       
# span 4 =      0.000,    115.750       
# span 5 =  1024.1957,  1025.2616       
# span 6 =  49449.597,  50640.763       
# span 7 =    31.4634,    31.8846       
# span 8 =      0.804,     75.048       
# span 9 =    6.37357,    6.82944       
# span 10 =     7.3826,    10.5438      
# span 11 =     7.3895,    10.5439      
# span 12 =    24.1897,    24.9142      
# span 13 =   11.53384,   12.28650      
# span 14 = 6.8687e-02, 1.0125e+02      
# span 15 =      0.811,     75.770      
# span 16 = 0.0000e+00, 0.0000e+00      
# interval = seconds: 0.25
# start_time = Jul 18 2013 12:48:16 [Instrument's time stamp, header]
# bad_flag = -9.990e-29
*END*
[from data line 171]
        172 199.534013    0.01188     0.7125     42.750  1024.2904  49658.963    31.6676      1.513    6.39424    10.3976    10.4066    24.2835   11.56896 1.0125e+02      1.527 0.0000e+00
        173 199.534016    0.01194     0.7167     43.000  1024.2887  49655.444    31.6647      1.504    6.39484    10.3927    10.4031    24.2818   11.57000 9.6322e+01      1.518 0.0000e+00
        174 199.534019    0.01201     0.7208     43.250  1024.2983  49672.298    31.6760      1.493    6.39512    10.3897    10.3978    24.2915   11.57033 9.2012e+01      1.507 0.0000e+00
        175 199.534022    0.01208     0.7250     43.500  1024.3162  49704.199    31.6980      1.478    6.39491    10.3896    10.3929    24.3095   11.56971 8.8872e+01      1.492 0.0000e+00
        176 199.534025    0.01215     0.7292     43.750  1024.3362  49740.191    31.7231      1.459    6.39429    10.3929    10.3899    24.3295   11.56840 8.7065e+01      1.472 0.0000e+00
        177 199.534028    0.01222     0.7333     44.000  1024.3520  49769.066    31.7436      1.436    6.39348    10.3997    10.3897    24.3455   11.56680 8.6856e+01      1.450 0.0000e+00
        178 199.534031    0.01229     0.7375     44.250  1024.3600  49784.117    31.7546      1.414    6.39256    10.4085    10.3931    24.3536   11.56515 8.6492e+01      1.427 0.0000e+00
        179 199.534034    0.01236     0.7417     44.500  1024.3587  49782.731    31.7545      1.394    6.39163    10.4167    10.3999    24.3523   11.56360 8.4810e+01      1.407 0.0000e+00
        180 199.534036    0.01243     0.7458     44.750  1024.3492  49766.764    31.7443      1.379    6.39083    10.4219    10.4086    24.3429   11.56240 8.2259e+01      1.392 0.0000e+00
        181 199.534039    0.01250     0.7500     45.000  1024.3351  49742.473    31.7281      1.367    6.39035    10.4230    10.4169    24.3289   11.56180 7.9894e+01      1.381 0.0000e+00
        182 199.534042    0.01257     0.7542     45.250  1024.3209  49717.560    31.7111      1.361    6.39033    10.4208    10.4220    24.3147   11.56197 7.8163e+01      1.374 0.0000e+00
        183 199.534045    0.01264     0.7583     45.500  1024.3092  49696.499    31.6963      1.360    6.39077    10.4162    10.4232    24.3030   11.56287 7.6528e+01      1.373 0.0000e+00
        184 199.534048    0.01271     0.7625     45.750  1024.2994  49678.304    31.6832      1.366    6.39161    10.4097    10.4210    24.2932   11.56442 7.4603e+01      1.379 0.0000e+00
        185 199.534051    0.01278     0.7667     46.000  1024.2893  49659.281    31.6691      1.380    6.39283    10.4018    10.4164    24.2830   11.56661 7.2741e+01      1.393 0.0000e+00
        186 199.534054    0.01285     0.7708     46.250  1024.2783  49638.272    31.6534      1.403    6.39436    10.3929    10.4099    24.2719   11.56934 7.1670e+01      1.417 0.0000e+00
        187 199.534057    0.01292     0.7750     46.500  1024.2687  49619.698    31.6393      1.435    6.39604    10.3839    10.4020    24.2622   11.57228 7.1485e+01      1.448 0.0000e+00
        188 199.534060    0.01299     0.7792     46.750  1024.2644  49610.446    31.6317      1.472    6.39759    10.3760    10.3931    24.2577   11.57494 7.1632e+01      1.486 0.0000e+00
        189 199.534063    0.01306     0.7833     47.000  1024.2676  49614.739    31.6336      1.509    6.39877    10.3700    10.3840    24.2607   11.57686 7.2017e+01      1.523 0.0000e+00
        190 199.534065    0.01313     0.7875     47.250  1024.2789  49633.856    31.6461      1.541    6.39935    10.3666    10.3761    24.2718   11.57769 7.2921e+01      1.556 0.0000e+00
        191 199.534068    0.01319     0.7917     47.500  1024.2980  49667.615    31.6693      1.564    6.39923    10.3661    10.3702    24.2909   11.57721 7.4515e+01      1.579 0.0000e+00
        192 199.534071    0.01326     0.7958     47.750  1024.3219  49710.439    31.6992      1.575    6.39848    10.3688    10.3668    24.3147   11.57562 7.6931e+01      1.590 0.0000e+00
        193 199.534074    0.01333     0.8000     48.000  1024.3443  49750.955    31.7278      1.574    6.39738    10.3744    10.3663    24.3371   11.57345 7.9747e+01      1.589 0.0000e+00
        194 199.534077    0.01340     0.8042     48.250  1024.3595  49778.933    31.7479      1.561    6.39619    10.3819    10.3690    24.3524   11.57123 8.2306e+01      1.576 0.0000e+00
        195 199.534080    0.01347     0.8083     48.500  1024.3643  49788.451    31.7554      1.538    6.39510    10.3891    10.3746    24.3572   11.56934 8.4480e+01      1.553 0.0000e+00
        196 199.534083    0.01354     0.8125     48.750  1024.3581  49778.369    31.7492      1.509    6.39432    10.3942    10.3821    24.3511   11.56812 8.6066e+01      1.523 0.0000e+00
        197 199.534086    0.01361     0.8167     49.000  1024.3428  49751.872    31.7313      1.478    6.39404    10.3965    10.3893    24.3360   11.56788 8.6720e+01      1.492 0.0000e+00
        198 199.534089    0.01368     0.8208     49.250  1024.3225  49716.098    31.7066      1.450    6.39434    10.3966    10.3944    24.3159   11.56867 8.6591e+01      1.464 0.0000e+00
        199 199.534091    0.01375     0.8250     49.500  1024.3030  49681.203    31.6822      1.429    6.39502    10.3948    10.3967    24.2965   11.57008 8.6889e+01      1.442 0.0000e+00
        200 199.534094    0.01382     0.8292     49.750  1024.2893  49656.382    31.6647      1.417    6.39572    10.3912    10.3968    24.2828   11.57145 8.7613e+01      1.430 0.0000e+00
        201 199.534097    0.01389     0.8333     50.000  1024.2839  49646.506    31.6574      1.413    6.39628    10.3871    10.3950    24.2775   11.57246 8.6818e+01      1.426 0.0000e+00
        202 199.534100    0.01396     0.8375     50.250  1024.2871  49651.794    31.6607      1.413    6.39664    10.3843    10.3914    24.2807   11.57303 8.4609e+01      1.426 0.0000e+00
        203 199.534103    0.01403     0.8417     50.500  1024.2973  49669.722    31.6729      1.414    6.39671    10.3838    10.3873    24.2908   11.57299 8.2211e+01      1.427 0.0000e+00
        204 199.534106    0.01410     0.8458     50.750  1024.3114  49694.911    31.6904      1.414    6.39638    10.3864    10.3845    24.3049   11.57224 7.9995e+01      1.427 0.0000e+00
        205 199.534109    0.01417     0.8500     51.000  1024.3249  49719.253    31.7076      1.413    6.39575    10.3931    10.3840    24.3184   11.57099 7.8678e+01      1.426 0.0000e+00
        206 199.534112    0.01424     0.8542     51.250  1024.3337  49735.687    31.7196      1.413    6.39490    10.4040    10.3866    24.3273   11.56944 7.8462e+01      1.426 0.0000e+00
        207 199.534115    0.01431     0.8583     51.500  1024.3352  49739.204    31.7229      1.414    6.39384    10.4170    10.3933    24.3287   11.56764 7.8296e+01      1.427 0.0000e+00
        208 199.534117    0.01438     0.8625     51.750  1024.3272  49726.183    31.7150      1.419    6.39265    10.4282    10.4042    24.3208   11.56576 7.7275e+01      1.432 0.0000e+00
        209 199.534120    0.01444     0.8667     52.000  1024.3103  49697.147    31.6960      1.429    6.39161    10.4339    10.4172    24.3038   11.56427 7.5714e+01      1.443 0.0000e+00
        210 199.534123    0.01451     0.8708     52.250  1024.2885  49659.094    31.6704      1.446    6.39111    10.4324    10.4284    24.2820   11.56374 7.4484e+01      1.460 0.0000e+00
        211 199.534126    0.01458     0.8750     52.500  1024.2687  49623.692    31.6460      1.470    6.39132    10.4244    10.4340    24.2620   11.56438 7.4278e+01      1.484 0.0000e+00
        212 199.534129    0.01465     0.8792     52.750  1024.2565  49601.076    31.6298      1.500    6.39219    10.4128    10.4325    24.2496   11.56602 7.5175e+01      1.514 0.0000e+00
        213 199.534132    0.01472     0.8833     53.000  1024.2545  49596.180    31.6254      1.532    6.39348    10.4016    10.4246    24.2475   11.56821 7.6534e+01      1.547 0.0000e+00
        214 199.534135    0.01479     0.8875     53.250  1024.2634  49610.508    31.6341      1.561    6.39473    10.3938    10.4130    24.2562   11.57017 7.7794e+01      1.575 0.0000e+00
        215 199.534138    0.01486     0.8917     53.500  1024.2819  49642.370    31.6553      1.581    6.39542    10.3912    10.4018    24.2746   11.57106 7.8870e+01      1.595 0.0000e+00
        216 199.534141    0.01493     0.8958     53.750  1024.3051  49683.394    31.6833      1.588    6.39535    10.3952    10.3940    24.2978   11.57062 8.0114e+01      1.603 0.0000e+00
        217 199.534144    0.01500     0.9000     54.000  1024.3256  49720.309    31.7092      1.581    6.39466    10.4065    10.3913    24.3184   11.56917 8.1968e+01      1.596 0.0000e+00
        218 199.534146    0.01507     0.9042     54.250  1024.3372  49742.002    31.7250      1.561    6.39346    10.4235    10.3953    24.3301   11.56700 8.3842e+01      1.575 0.0000e+00
        219 199.534149    0.01514     0.9083     54.500  1024.3367  49742.854    31.7270      1.529    6.39180    10.4421    10.4067    24.3297   11.56422 8.4829e+01      1.543 0.0000e+00
        220 199.534152    0.01521     0.9125     54.750  1024.3253  49724.805    31.7163      1.490    6.38988    10.4583    10.4237    24.3186   11.56116 8.5258e+01      1.504 0.0000e+00
        221 199.534155    0.01528     0.9167     55.000  1024.3072  49694.800    31.6974      1.450    6.38808    10.4695    10.4423    24.3007   11.55841 8.5586e+01      1.463 0.0000e+00
        222 199.534158    0.01535     0.9208     55.250  1024.2863  49659.275    31.6742      1.413    6.38679    10.4744    10.4584    24.2799   11.55654 8.5642e+01      1.426 0.0000e+00
        223 199.534161    0.01542     0.9250     55.500  1024.2658  49623.784    31.6504      1.383    6.38621    10.4726    10.4696    24.2595   11.55586 8.4877e+01      1.397 0.0000e+00
        224 199.534164    0.01549     0.9292     55.750  1024.2487  49593.611    31.6297      1.365    6.38638    10.4652    10.4745    24.2425   11.55639 8.3081e+01      1.378 0.0000e+00
        225 199.534167    0.01556     0.9333     56.000  1024.2374  49572.919    31.6148      1.359    6.38723    10.4540    10.4727    24.2312   11.55797 8.1191e+01      1.372 0.0000e+00
        226 199.534170    0.01563     0.9375     56.250  1024.2326  49563.316    31.6071      1.364    6.38857    10.4406    10.4653    24.2264   11.56028 7.9866e+01      1.377 0.0000e+00
        227 199.534172    0.01569     0.9417     56.500  1024.2336  49563.476    31.6059      1.379    6.39018    10.4265    10.4541    24.2274   11.56296 7.8879e+01      1.392 0.0000e+00
        228 199.534175    0.01576     0.9458     56.750  1024.2391  49571.373    31.6098      1.401    6.39187    10.4135    10.4407    24.2327   11.56572 7.7704e+01      1.414 0.0000e+00
        229 199.534178    0.01583     0.9500     57.000  1024.2479  49585.255    31.6179      1.425    6.39349    10.4026    10.4267    24.2414   11.56830 7.6038e+01      1.439 0.0000e+00
        230 199.534181    0.01590     0.9542     57.250  1024.2583  49602.200    31.6283      1.450    6.39487    10.3937    10.4137    24.2516   11.57047 7.4496e+01      1.464 0.0000e+00
        231 199.534184    0.01597     0.9583     57.500  1024.2673  49616.972    31.6374      1.474    6.39601    10.3858    10.4028    24.2606   11.57225 7.3499e+01      1.488 0.0000e+00
        232 199.534187    0.01604     0.9625     57.750  1024.2720  49624.066    31.6414      1.497    6.39708    10.3778    10.3939    24.2651   11.57398 7.2457e+01      1.511 0.0000e+00
        233 199.534190    0.01611     0.9667     58.000  1024.2720  49622.953    31.6396      1.521    6.39825    10.3695    10.3860    24.2651   11.57594 7.1145e+01      1.535 0.0000e+00
        234 199.534193    0.01618     0.9708     58.250  1024.2702  49618.355    31.6354      1.544    6.39953    10.3616    10.3780    24.2631   11.57811 7.0519e+01      1.558 0.0000e+00
        235 199.534196    0.01625     0.9750     58.500  1024.2692  49615.302    31.6322      1.566    6.40081    10.3546    10.3697    24.2620   11.58027 7.1180e+01      1.580 0.0000e+00
        236 199.534198    0.01632     0.9792     58.750  1024.2708  49616.971    31.6324      1.583    6.40191    10.3491    10.3617    24.2635   11.58209 7.2333e+01      1.598 0.0000e+00
        237 199.534201    0.01639     0.9833     59.000  1024.2755  49624.564    31.6369      1.593    6.40270    10.3449    10.3548    24.2682   11.58334 7.3404e+01      1.608 0.0000e+00
        238 199.534204    0.01646     0.9875     59.250  1024.2821  49635.759    31.6441      1.592    6.40317    10.3416    10.3492    24.2748   11.58403 7.4827e+01      1.607 0.0000e+00
        239 199.534207    0.01653     0.9917     59.500  1024.2858  49642.101    31.6481      1.579    6.40359    10.3383    10.3451    24.2786   11.58467 7.6713e+01      1.594 0.0000e+00
        240 199.534210    0.01660     0.9958     59.750  1024.2797  49630.865    31.6398      1.555    6.40439    10.3343    10.3418    24.2726   11.58610 7.8461e+01      1.570 0.0000e+00
        241 199.534213    0.01667     1.0000     60.000  1024.2638  49601.807    31.6188      1.523    6.40571    10.3293    10.3385    24.2569   11.58853 7.9929e+01      1.538 0.0000e+00
        242 199.534216    0.01674     1.0042     60.250  1024.2479  49572.690    31.5977      1.487    6.40713    10.3240    10.3344    24.2411   11.59114 8.1618e+01      1.501 0.0000e+00
        243 199.534219    0.01681     1.0083     60.500  1024.2385  49555.344    31.5848      1.452    6.40836    10.3195    10.3294    24.2319   11.59333 8.4170e+01      1.465 0.0000e+00
        244 199.534222    0.01688     1.0125     60.750  1024.2343  49547.249    31.5785      1.420    6.40935    10.3158    10.3242    24.2278   11.59504 8.7771e+01      1.433 0.0000e+00
        245 199.534225    0.01694     1.0167     61.000  1024.2327  49543.880    31.5755      1.394    6.41011    10.3129    10.3196    24.2263   11.59633 9.0069e+01      1.407 0.0000e+00
        246 199.534227    0.01701     1.0208     61.250  1024.2322  49542.609    31.5742      1.377    6.41067    10.3106    10.3159    24.2259   11.59728 8.8729e+01      1.390 0.0000e+00
        247 199.534230    0.01708     1.0250     61.500  1024.2319  49541.871    31.5733      1.369    6.41110    10.3084    10.3131    24.2257   11.59801 8.5617e+01      1.382 0.0000e+00
        248 199.534233    0.01715     1.0292     61.750  1024.2316  49541.007    31.5724      1.369    6.41146    10.3059    10.3108    24.2254   11.59861 8.3349e+01      1.381 0.0000e+00
        249 199.534236    0.01722     1.0333     62.000  1024.2312  49539.859    31.5713      1.375    6.41181    10.3031    10.3086    24.2249   11.59921 8.2535e+01      1.387 0.0000e+00
        250 199.534239    0.01729     1.0375     62.250  1024.2308  49538.814    31.5703      1.385    6.41220    10.3000    10.3061    24.2245   11.59987 8.2499e+01      1.397 0.0000e+00
        251 199.534242    0.01736     1.0417     62.500  1024.2309  49538.615    31.5698      1.395    6.41262    10.2973    10.3033    24.2246   11.60057 8.2024e+01      1.408 0.0000e+00
        252 199.534245    0.01743     1.0458     62.750  1024.2318  49539.722    31.5702      1.404    6.41303    10.2952    10.3002    24.2254   11.60124 8.0811e+01      1.417 0.0000e+00
        253 199.534248    0.01750     1.0500     63.000  1024.2333  49541.963    31.5714      1.413    6.41336    10.2940    10.2974    24.2268   11.60178 7.9168e+01      1.427 0.0000e+00
        254 199.534251    0.01757     1.0542     63.250  1024.2348  49544.390    31.5729      1.426    6.41359    10.2935    10.2954    24.2283   11.60213 7.7274e+01      1.439 0.0000e+00
        255 199.534253    0.01764     1.0583     63.500  1024.2358  49545.939    31.5738      1.446    6.41372    10.2932    10.2942    24.2292   11.60233 7.5489e+01      1.460 0.0000e+00
