CTD-processing/allCTD/CNV--homogene/2013_07-22_t9_s05_cast082.cnv
* Sea-Bird SBE19plus Data File:
* FileName = C:\Users\kris.holderied\Documents\kasitsna\Research-Projects-and-Data\Oceanography-AK\CTD-CookInlet-GulfWatchAK\2013-07-EVOSTC-CookInlet-Ocean\2013-07-22-CookInlet-Tran9-HomerSpit\2013-07-22-CookInlet-Tran9-HomerSpit-cast082.hex
* Software Version 1.59
* Temperature SN =  5028
* Conductivity SN =  5028
* System UpLoad Time = Apr 09 2014 19:20:33
** Cook Inlet LTM  Transect 9 (Homer Spit)  south to north
** Date: 2013-07-22
** Station: 9-05
** Start time: 09:34
** Depth (m): 91
** Comment:  CTD instrument time is AK Daylight.
** Comment:
# nquan = 17
# nvalues = 606                         
# units = specified
# name 0 = scan: Scan Count
# name 1 = timeJ: Julian Days
# name 2 = timeH: Time, Elapsed [hours]
# name 3 = timeM: Time, Elapsed [minutes]
# name 4 = timeS: Time, Elapsed [seconds]
# name 5 = density00: Density [density, kg/m^3]
# name 6 = specc: Specific Conductance [uS/cm]
# name 7 = sal00: Salinity, Practical [PSU]
# name 8 = depSM: Depth [salt water, m], lat = 59.00
# name 9 = oxsolML/L: Oxygen Saturation, Garcia & Gordon [ml/l]
# name 10 = potemp090C: Potential Temperature [ITS-90, deg C]
# name 11 = tv290C: Temperature [ITS-90, deg C]
# name 12 = sigma-é00: Density [sigma-theta, kg/m^3]
# name 13 = n2satML/L: Nitrogen Saturation [ml/l]
# name 14 = par: PAR/Irradiance, Biospherical/Licor
# name 15 = prdM: Pressure, Strain Gauge [db]
# name 16 = flag:  0.000e+00
# span 0 =          1,        606       
# span 1 = 203.399178, 203.400929       
# span 2 =    0.00000,    0.04201       
# span 3 =     0.0000,     2.5208       
# span 4 =      0.000,    151.250       
# span 5 =  1000.0454,  1025.2375       
# span 6 =   1213.780,  50500.114       
# span 7 =     0.6021,    31.6168       
# span 8 =      0.001,     89.170       
# span 9 =    6.20791,    7.63022       
# span 10 =     6.4704,    14.0247      
# span 11 =     6.4779,    14.0248      
# span 12 =     0.0453,    24.8226      
# span 13 =   11.31582,   14.04485      
# span 14 = 5.3143e-02, 5.6403e+02      
# span 15 =      0.001,     90.030      
# span 16 = 0.0000e+00, 0.0000e+00      
# interval = seconds: 0.25
# start_time = Jul 22 2013 09:34:49 [Instrument's time stamp, header]
# bad_flag = -9.990e-29
*END*
[from data line 511]
        512 203.400657    0.03549     2.1292    127.750  1025.0278  50307.921    31.5887     63.178    6.90584     6.9775     6.9902    24.7346   12.41648 5.9480e-02     63.784 0.0000e+00
        513 203.400660    0.03556     2.1333    128.000  1025.0298  50309.470    31.5890     63.461    6.90638     6.9739     6.9866    24.7353   12.41738 5.9176e-02     64.070 0.0000e+00
        514 203.400663    0.03562     2.1375    128.250  1025.0317  50310.644    31.5891     63.744    6.90694     6.9701     6.9831    24.7358   12.41830 5.8880e-02     64.356 0.0000e+00
        515 203.400666    0.03569     2.1417    128.500  1025.0335  50311.796    31.5891     64.027    6.90751     6.9661     6.9795    24.7363   12.41925 5.8600e-02     64.642 0.0000e+00
        516 203.400668    0.03576     2.1458    128.750  1025.0352  50312.830    31.5890     64.310    6.90812     6.9618     6.9757    24.7368   12.42025 5.8362e-02     64.928 0.0000e+00
        517 203.400671    0.03583     2.1500    129.000  1025.0368  50313.475    31.5886     64.592    6.90877     6.9570     6.9718    24.7370   12.42133 5.8158e-02     65.212 0.0000e+00
        518 203.400674    0.03590     2.1542    129.250  1025.0380  50313.565    31.5878     64.872    6.90949     6.9514     6.9675    24.7369   12.42254 5.7968e-02     65.494 0.0000e+00
        519 203.400677    0.03597     2.1583    129.500  1025.0390  50313.247    31.5866     65.150    6.91031     6.9450     6.9627    24.7366   12.42391 5.7787e-02     65.775 0.0000e+00
        520 203.400680    0.03604     2.1625    129.750  1025.0399  50312.718    31.5851     65.429    6.91126     6.9375     6.9571    24.7361   12.42550 5.7615e-02     66.057 0.0000e+00
        521 203.400683    0.03611     2.1667    130.000  1025.0404  50311.601    31.5831     65.708    6.91237     6.9287     6.9507    24.7354   12.42737 5.7437e-02     66.339 0.0000e+00
        522 203.400686    0.03618     2.1708    130.250  1025.0407  50309.963    31.5805     65.989    6.91368     6.9184     6.9433    24.7343   12.42956 5.7246e-02     66.622 0.0000e+00
        523 203.400689    0.03625     2.1750    130.500  1025.0409  50308.247    31.5776     66.271    6.91522     6.9065     6.9345    24.7332   12.43213 5.7064e-02     66.908 0.0000e+00
        524 203.400692    0.03632     2.1792    130.750  1025.0413  50306.985    31.5748     66.557    6.91699     6.8937     6.9242    24.7323   12.43510 5.6908e-02     67.196 0.0000e+00
        525 203.400694    0.03639     2.1833    131.000  1025.0430  50307.934    31.5732     66.847    6.91895     6.8808     6.9124    24.7326   12.43837 5.6769e-02     67.489 0.0000e+00
        526 203.400697    0.03646     2.1875    131.250  1025.0463  50311.863    31.5735     67.140    6.92099     6.8684     6.8996    24.7345   12.44174 5.6633e-02     67.785 0.0000e+00
        527 203.400700    0.03653     2.1917    131.500  1025.0503  50317.243    31.5748     67.434    6.92300     6.8568     6.8867    24.7372   12.44504 5.6482e-02     68.081 0.0000e+00
        528 203.400703    0.03660     2.1958    131.750  1025.0546  50322.921    31.5764     67.726    6.92491     6.8461     6.8743    24.7400   12.44817 5.6320e-02     68.376 0.0000e+00
        529 203.400706    0.03667     2.2000    132.000  1025.0590  50328.989    31.5784     68.015    6.92668     6.8366     6.8627    24.7431   12.45107 5.6163e-02     68.668 0.0000e+00
        530 203.400709    0.03674     2.2042    132.250  1025.0636  50335.324    31.5808     68.299    6.92828     6.8284     6.8521    24.7464   12.45368 5.6023e-02     68.955 0.0000e+00
        531 203.400712    0.03681     2.2083    132.500  1025.0679  50341.186    31.5830     68.578    6.92969     6.8211     6.8426    24.7494   12.45598 5.5902e-02     69.237 0.0000e+00
        532 203.400715    0.03687     2.2125    132.750  1025.0717  50346.156    31.5848     68.853    6.93093     6.8146     6.8344    24.7519   12.45801 5.5789e-02     69.515 0.0000e+00
        533 203.400718    0.03694     2.2167    133.000  1025.0752  50350.600    31.5865     69.124    6.93202     6.8092     6.8271    24.7541   12.45979 5.5681e-02     69.787 0.0000e+00
        534 203.400720    0.03701     2.2208    133.250  1025.0787  50355.015    31.5883     69.389    6.93296     6.8047     6.8207    24.7564   12.46132 5.5593e-02     70.055 0.0000e+00
        535 203.400723    0.03708     2.2250    133.500  1025.0820  50359.170    31.5901     69.650    6.93375     6.8010     6.8153    24.7585   12.46261 5.5523e-02     70.320 0.0000e+00
        536 203.400726    0.03715     2.2292    133.750  1025.0849  50362.500    31.5915     69.910    6.93441     6.7978     6.8108    24.7602   12.46368 5.5444e-02     70.582 0.0000e+00
        537 203.400729    0.03722     2.2333    134.000  1025.0872  50364.740    31.5923     70.171    6.93496     6.7948     6.8071    24.7612   12.46458 5.5352e-02     70.845 0.0000e+00
        538 203.400732    0.03729     2.2375    134.250  1025.0890  50365.960    31.5924     70.434    6.93546     6.7916     6.8039    24.7618   12.46542 5.5257e-02     71.111 0.0000e+00
        539 203.400735    0.03736     2.2417    134.500  1025.0903  50366.397    31.5920     70.703    6.93596     6.7882     6.8009    24.7619   12.46625 5.5165e-02     71.383 0.0000e+00
        540 203.400738    0.03743     2.2458    134.750  1025.0915  50366.433    31.5914     70.978    6.93650     6.7844     6.7978    24.7617   12.46714 5.5072e-02     71.660 0.0000e+00
        541 203.400741    0.03750     2.2500    135.000  1025.0929  50366.815    31.5909     71.257    6.93707     6.7805     6.7943    24.7618   12.46809 5.4980e-02     71.943 0.0000e+00
        542 203.400744    0.03757     2.2542    135.250  1025.0947  50368.040    31.5909     71.541    6.93768     6.7766     6.7906    24.7623   12.46909 5.4897e-02     72.229 0.0000e+00
        543 203.400747    0.03764     2.2583    135.500  1025.0969  50369.767    31.5913     71.829    6.93828     6.7728     6.7867    24.7631   12.47009 5.4813e-02     72.519 0.0000e+00
        544 203.400749    0.03771     2.2625    135.750  1025.0990  50371.434    31.5916     72.120    6.93888     6.7689     6.7829    24.7639   12.47108 5.4714e-02     72.814 0.0000e+00
        545 203.400752    0.03778     2.2667    136.000  1025.1010  50372.970    31.5918     72.414    6.93949     6.7650     6.7790    24.7646   12.47208 5.4606e-02     73.110 0.0000e+00
        546 203.400755    0.03785     2.2708    136.250  1025.1031  50374.518    31.5921     72.710    6.94010     6.7609     6.7752    24.7653   12.47308 5.4495e-02     73.409 0.0000e+00
        547 203.400758    0.03792     2.2750    136.500  1025.1051  50376.042    31.5923     73.007    6.94072     6.7567     6.7713    24.7659   12.47410 5.4382e-02     73.708 0.0000e+00
        548 203.400761    0.03799     2.2792    136.750  1025.1070  50377.288    31.5923     73.304    6.94136     6.7520     6.7672    24.7665   12.47517 5.4298e-02     74.009 0.0000e+00
        549 203.400764    0.03806     2.2833    137.000  1025.1085  50377.736    31.5917     73.600    6.94207     6.7464     6.7630    24.7665   12.47634 5.4258e-02     74.308 0.0000e+00
        550 203.400767    0.03812     2.2875    137.250  1025.1093  50376.926    31.5902     73.894    6.94289     6.7395     6.7584    24.7659   12.47771 5.4242e-02     74.605 0.0000e+00
        551 203.400770    0.03819     2.2917    137.500  1025.1094  50375.023    31.5877     74.184    6.94389     6.7310     6.7528    24.7647   12.47941 5.4218e-02     74.898 0.0000e+00
        552 203.400773    0.03826     2.2958    137.750  1025.1096  50373.317    31.5851     74.471    6.94513     6.7213     6.7459    24.7636   12.48149 5.4171e-02     75.187 0.0000e+00
        553 203.400775    0.03833     2.3000    138.000  1025.1105  50372.964    31.5832     74.756    6.94658     6.7110     6.7374    24.7631   12.48391 5.4116e-02     75.475 0.0000e+00
        554 203.400778    0.03840     2.3042    138.250  1025.1123  50374.134    31.5821     75.040    6.94819     6.7004     6.7277    24.7635   12.48658 5.4059e-02     75.762 0.0000e+00
        555 203.400781    0.03847     2.3083    138.500  1025.1148  50376.746    31.5819     75.325    6.94986     6.6903     6.7174    24.7647   12.48935 5.4011e-02     76.049 0.0000e+00
        556 203.400784    0.03854     2.3125    138.750  1025.1181  50380.825    31.5827     75.609    6.95152     6.6811     6.7069    24.7666   12.49209 5.3979e-02     76.337 0.0000e+00
        557 203.400787    0.03861     2.3167    139.000  1025.1222  50386.384    31.5846     75.894    6.95307     6.6731     6.6968    24.7694   12.49462 5.3941e-02     76.625 0.0000e+00
        558 203.400790    0.03868     2.3208    139.250  1025.1266  50392.416    31.5870     76.180    6.95444     6.6661     6.6876    24.7725   12.49686 5.3891e-02     76.913 0.0000e+00
        559 203.400793    0.03875     2.3250    139.500  1025.1304  50397.410    31.5889     76.467    6.95565     6.6598     6.6796    24.7750   12.49882 5.3843e-02     77.203 0.0000e+00
        560 203.400796    0.03882     2.3292    139.750  1025.1335  50400.924    31.5899     76.756    6.95672     6.6538     6.6727    24.7767   12.50058 5.3801e-02     77.495 0.0000e+00
        561 203.400799    0.03889     2.3333    140.000  1025.1362  50403.840    31.5906     77.049    6.95771     6.6484     6.6664    24.7780   12.50220 5.3764e-02     77.790 0.0000e+00
        562 203.400802    0.03896     2.3375    140.250  1025.1391  50407.054    31.5916     77.344    6.95861     6.6434     6.6605    24.7796   12.50369 5.3738e-02     78.088 0.0000e+00
        563 203.400804    0.03903     2.3417    140.500  1025.1420  50410.196    31.5927     77.642    6.95944     6.6388     6.6550    24.7811   12.50504 5.3713e-02     78.389 0.0000e+00
        564 203.400807    0.03910     2.3458    140.750  1025.1444  50412.328    31.5931     77.942    6.96021     6.6342     6.6501    24.7821   12.50632 5.3675e-02     78.693 0.0000e+00
        565 203.400810    0.03917     2.3500    141.000  1025.1462  50413.391    31.5928     78.244    6.96097     6.6293     6.6455    24.7825   12.50757 5.3634e-02     78.998 0.0000e+00
        566 203.400813    0.03924     2.3542    141.250  1025.1478  50413.974    31.5923     78.548    6.96175     6.6241     6.6409    24.7826   12.50886 5.3605e-02     79.304 0.0000e+00
        567 203.400816    0.03931     2.3583    141.500  1025.1490  50413.824    31.5911     78.853    6.96257     6.6181     6.6361    24.7824   12.51024 5.3585e-02     79.612 0.0000e+00
        568 203.400819    0.03938     2.3625    141.750  1025.1492  50412.083    31.5888     79.157    6.96351     6.6106     6.6309    24.7812   12.51182 5.3574e-02     79.919 0.0000e+00
        569 203.400822    0.03944     2.3667    142.000  1025.1485  50408.473    31.5851     79.460    6.96466     6.6014     6.6249    24.7790   12.51376 5.3567e-02     80.226 0.0000e+00
        570 203.400825    0.03951     2.3708    142.250  1025.1474  50404.393    31.5808     79.763    6.96606     6.5910     6.6175    24.7765   12.51614 5.3556e-02     80.531 0.0000e+00
        571 203.400828    0.03958     2.3750    142.500  1025.1476  50402.692    31.5778     80.062    6.96770     6.5806     6.6083    24.7753   12.51888 5.3549e-02     80.834 0.0000e+00
        572 203.400830    0.03965     2.3792    142.750  1025.1500  50405.101    31.5774     80.358    6.96940     6.5714     6.5979    24.7763   12.52170 5.3548e-02     81.133 0.0000e+00
        573 203.400833    0.03972     2.3833    143.000  1025.1542  50410.731    31.5792     80.652    6.97099     6.5638     6.5875    24.7791   12.52431 5.3545e-02     81.429 0.0000e+00
        574 203.400836    0.03979     2.3875    143.250  1025.1587  50417.050    31.5818     80.942    6.97237     6.5575     6.5783    24.7823   12.52654 5.3540e-02     81.721 0.0000e+00
        575 203.400839    0.03986     2.3917    143.500  1025.1625  50422.074    31.5837     81.228    6.97351     6.5521     6.5707    24.7848   12.52840 5.3552e-02     82.011 0.0000e+00
        576 203.400842    0.03993     2.3958    143.750  1025.1657  50425.742    31.5849     81.512    6.97447     6.5475     6.5644    24.7866   12.52998 5.3568e-02     82.297 0.0000e+00
        577 203.400845    0.04000     2.4000    144.000  1025.1686  50429.096    31.5861     81.792    6.97529     6.5439     6.5591    24.7882   12.53131 5.3557e-02     82.581 0.0000e+00
        578 203.400848    0.04007     2.4042    144.250  1025.1718  50432.953    31.5878     82.070    6.97595     6.5414     6.5545    24.7901   12.53238 5.3537e-02     82.861 0.0000e+00
        579 203.400851    0.04014     2.4083    144.500  1025.1753  50437.408    31.5901     82.345    6.97643     6.5403     6.5509    24.7924   12.53315 5.3530e-02     83.139 0.0000e+00
        580 203.400854    0.04021     2.4125    144.750  1025.1791  50442.299    31.5930     82.618    6.97670     6.5406     6.5484    24.7949   12.53355 5.3518e-02     83.415 0.0000e+00
        581 203.400856    0.04028     2.4167    145.000  1025.1831  50447.519    31.5962     82.892    6.97673     6.5422     6.5473    24.7976   12.53356 5.3482e-02     83.690 0.0000e+00
        582 203.400859    0.04035     2.4208    145.250  1025.1869  50452.302    31.5995     83.165    6.97653     6.5448     6.5476    24.8002   12.53320 5.3439e-02     83.966 0.0000e+00
        583 203.400862    0.04042     2.4250    145.500  1025.1901  50455.910    31.6022     83.439    6.97613     6.5483     6.5492    24.8021   12.53252 5.3410e-02     84.243 0.0000e+00
        584 203.400865    0.04049     2.4292    145.750  1025.1931  50459.177    31.6048     83.714    6.97558     6.5524     6.5519    24.8038   12.53156 5.3379e-02     84.521 0.0000e+00
        585 203.400868    0.04056     2.4333    146.000  1025.1959  50461.981    31.6072     83.991    6.97489     6.5562     6.5554    24.8053   12.53041 5.3335e-02     84.801 0.0000e+00
        586 203.400871    0.04063     2.4375    146.250  1025.1970  50461.499    31.6075     84.272    6.97421     6.5586     6.5595    24.8050   12.52928 5.3278e-02     85.084 0.0000e+00
        587 203.400874    0.04069     2.4417    146.500  1025.1957  50456.851    31.6049     84.554    6.97371     6.5591     6.5634    24.8024   12.52848 5.3203e-02     85.370 0.0000e+00
        588 203.400877    0.04076     2.4458    146.750  1025.1939  50451.207    31.6013     84.838    6.97348     6.5581     6.5658    24.7993   12.52814 5.3143e-02     85.657 0.0000e+00
        589 203.400880    0.04083     2.4500    147.000  1025.1929  50447.239    31.5985     85.125    6.97352     6.5560     6.5664    24.7970   12.52824 5.3149e-02     85.946 0.0000e+00
        590 203.400883    0.04090     2.4542    147.250  1025.1928  50444.843    31.5966     85.414    6.97377     6.5529     6.5654    24.7956   12.52869 5.3192e-02     86.238 0.0000e+00
        591 203.400885    0.04097     2.4583    147.500  1025.1933  50443.438    31.5951     85.703    6.97419     6.5490     6.5633    24.7947   12.52939 5.3236e-02     86.530 0.0000e+00
        592 203.400888    0.04104     2.4625    147.750  1025.1942  50442.961    31.5940     85.991    6.97473     6.5443     6.5602    24.7943   12.53030 5.3273e-02     86.821 0.0000e+00
        593 203.400891    0.04111     2.4667    148.000  1025.1957  50443.603    31.5936     86.277    6.97539     6.5391     6.5563    24.7944   12.53139 5.3275e-02     87.109 0.0000e+00
        594 203.400894    0.04118     2.4708    148.250  1025.1980  50445.694    31.5940     86.560    6.97613     6.5339     6.5516    24.7954   12.53261 5.3247e-02     87.396 0.0000e+00
        595 203.400897    0.04125     2.4750    148.500  1025.2009  50449.037    31.5953     86.842    6.97690     6.5287     6.5465    24.7970   12.53387 5.3220e-02     87.680 0.0000e+00
