CTD-processing/allCTD/CNV--homogene/2013_07-19_t4_s05_cast045.cnv
* Sea-Bird SBE19plus Data File:
* FileName = C:\Documents and Settings\kris.holderied.local\My Documents\2012-2013-CTD-DATA-new-files\2013-07-CookInlet-EVOSTC-LTM\2013-07-19-CookInlet-Tran4-Barabara\2013-07-19-CookInlet-Tran4-Barabara-cast045.hex
* Software Version 1.54
* Temperature SN =  5028
* Conductivity SN =  5028
* System UpLoad Time = Jul 19 2013 21:57:44
** Cook Inlet LTM Ocean - Tran4 - Barabara, North to South
** Date: 2013-07-19
** Station: 4-05
** Start time (AKDT-24 hr): 19:02
** Depth (m): 75
** Comment:
** Comment:
# nquan = 17
# nvalues = 554                         
# units = specified
# name 0 = scan: Scan Count
# name 1 = timeJ: Julian Days
# name 2 = timeH: Time, Elapsed [hours]
# name 3 = timeM: Time, Elapsed [minutes]
# name 4 = timeS: Time, Elapsed [seconds]
# name 5 = density00: Density [density, kg/m^3]
# name 6 = specc: Specific Conductance [uS/cm]
# name 7 = sal00: Salinity, Practical [PSU]
# name 8 = depSM: Depth [salt water, m], lat = 59.00
# name 9 = oxsolML/L: Oxygen Saturation, Garcia & Gordon [ml/l]
# name 10 = potemp090C: Potential Temperature [ITS-90, deg C]
# name 11 = tv290C: Temperature [ITS-90, deg C]
# name 12 = sigma-é00: Density [sigma-theta, kg/m^3]
# name 13 = n2satML/L: Nitrogen Saturation [ml/l]
# name 14 = par: PAR/Irradiance, Biospherical/Licor
# name 15 = prdM: Pressure, Strain Gauge [db]
# name 16 = flag:  0.000e+00
# span 0 =          1,        554       
# span 1 = 200.793669, 200.795269       
# span 2 =    0.00000,    0.03840       
# span 3 =     0.0000,     2.3042       
# span 4 =      0.000,    138.250       
# span 5 =   999.7873,  1025.2199       
# span 6 =    433.529,  50613.715       
# span 7 =     0.2057,    31.7408       
# span 8 =      0.039,     73.892       
# span 9 =    6.41480,    7.75549       
# span 10 =     6.4206,    10.8207      
# span 11 =     6.4268,    10.8207      
# span 12 =    -0.2130,    24.8976      
# span 13 =   11.60350,   14.25609      
# span 14 = 5.6320e-02, 1.6947e+03      
# span 15 =      0.039,     74.603      
# span 16 = 0.0000e+00, 0.0000e+00      
# interval = seconds: 0.25
# start_time = Jul 19 2013 19:02:53 [Instrument's time stamp, header]
# bad_flag = -9.990e-29
*END*
[from data line 341]
        342 200.794656    0.02368     1.4208     85.250  1024.4077  49643.804    31.5365     17.940    6.52422     9.4356     9.5253    24.3255   11.78578 4.2747e+00     18.110 0.0000e+00
        343 200.794659    0.02375     1.4250     85.500  1024.4087  49639.440    31.5278     18.233    6.53040     9.3841     9.4849    24.3252   11.79612 4.0591e+00     18.406 0.0000e+00
        344 200.794661    0.02382     1.4292     85.750  1024.4159  49645.575    31.5255     18.546    6.53732     9.3309     9.4376    24.3309   11.80760 3.8418e+00     18.722 0.0000e+00
        345 200.794664    0.02389     1.4333     86.000  1024.4281  49660.467    31.5289     18.871    6.54463     9.2783     9.3861    24.3416   11.81966 3.6277e+00     19.050 0.0000e+00
        346 200.794667    0.02396     1.4375     86.250  1024.4442  49682.298    31.5368     19.202    6.55200     9.2277     9.3329    24.3561   11.83176 3.4226e+00     19.384 0.0000e+00
        347 200.794670    0.02403     1.4417     86.500  1024.4620  49707.371    31.5471     19.531    6.55919     9.1791     9.2803    24.3723   11.84356 3.2318e+00     19.716 0.0000e+00
        348 200.794673    0.02410     1.4458     86.750  1024.4793  49731.858    31.5572     19.851    6.56612     9.1327     9.2297    24.3881   11.85490 3.0573e+00     20.039 0.0000e+00
        349 200.794676    0.02417     1.4500     87.000  1024.4959  49755.620    31.5670     20.160    6.57276     9.0892     9.1812    24.4034   11.86578 2.8978e+00     20.351 0.0000e+00
        350 200.794679    0.02424     1.4542     87.250  1024.5126  49779.772    31.5774     20.457    6.57909     9.0487     9.1348    24.4187   11.87612 2.7513e+00     20.650 0.0000e+00
        351 200.794682    0.02431     1.4583     87.500  1024.5285  49802.797    31.5873     20.741    6.58502     9.0106     9.0913    24.4332   11.88582 2.6157e+00     20.938 0.0000e+00
        352 200.794685    0.02438     1.4625     87.750  1024.5425  49822.859    31.5956     21.017    6.59059     8.9741     9.0509    24.4459   11.89493 2.4879e+00     21.216 0.0000e+00
        353 200.794688    0.02444     1.4667     88.000  1024.5554  49841.269    31.6030     21.288    6.59586     8.9397     9.0127    24.4576   11.90357 2.3651e+00     21.490 0.0000e+00
        354 200.794690    0.02451     1.4708     88.250  1024.5683  49859.832    31.6108     21.560    6.60087     8.9071     8.9763    24.4692   11.91177 2.2455e+00     21.764 0.0000e+00
        355 200.794693    0.02458     1.4750     88.500  1024.5803  49876.863    31.6177     21.834    6.60564     8.8750     8.9419    24.4799   11.91957 2.1289e+00     22.041 0.0000e+00
        356 200.794696    0.02465     1.4792     88.750  1024.5898  49889.637    31.6219     22.111    6.61025     8.8420     8.9093    24.4881   11.92716 2.0159e+00     22.321 0.0000e+00
        357 200.794699    0.02472     1.4833     89.000  1024.5973  49898.826    31.6236     22.391    6.61491     8.8082     8.8773    24.4944   11.93485 1.9074e+00     22.604 0.0000e+00
        358 200.794702    0.02479     1.4875     89.250  1024.6055  49909.179    31.6259     22.674    6.61968     8.7751     8.8443    24.5012   11.94271 1.8045e+00     22.889 0.0000e+00
        359 200.794705    0.02486     1.4917     89.500  1024.6160  49923.781    31.6312     22.957    6.62445     8.7436     8.8105    24.5104   11.95054 1.7084e+00     23.175 0.0000e+00
        360 200.794708    0.02493     1.4958     89.750  1024.6272  49939.737    31.6374     23.239    6.62907     8.7132     8.7774    24.5203   11.95812 1.6197e+00     23.460 0.0000e+00
        361 200.794711    0.02500     1.5000     90.000  1024.6370  49953.203    31.6421     23.517    6.63353     8.6831     8.7460    24.5288   11.96544 1.5394e+00     23.740 0.0000e+00
        362 200.794714    0.02507     1.5042     90.250  1024.6450  49963.729    31.6450     23.788    6.63790     8.6532     8.7157    24.5355   11.97265 1.4679e+00     24.013 0.0000e+00
        363 200.794716    0.02514     1.5083     90.500  1024.6526  49973.662    31.6474     24.048    6.64227     8.6238     8.6856    24.5420   11.97983 1.4053e+00     24.276 0.0000e+00
        364 200.794719    0.02521     1.5125     90.750  1024.6607  49984.568    31.6505     24.298    6.64659     8.5958     8.6557    24.5489   11.98695 1.3512e+00     24.529 0.0000e+00
        365 200.794722    0.02528     1.5167     91.000  1024.6697  49997.238    31.6550     24.541    6.65077     8.5700     8.6263    24.5568   11.99380 1.3046e+00     24.774 0.0000e+00
        366 200.794725    0.02535     1.5208     91.250  1024.6801  50012.542    31.6614     24.777    6.65466     8.5468     8.5983    24.5660   12.00017 1.2643e+00     25.012 0.0000e+00
        367 200.794728    0.02542     1.5250     91.500  1024.6906  50028.332    31.6685     25.010    6.65820     8.5258     8.5725    24.5755   12.00594 1.2285e+00     25.247 0.0000e+00
        368 200.794731    0.02549     1.5292     91.750  1024.6997  50041.796    31.6744     25.243    6.66140     8.5063     8.5493    24.5835   12.01116 1.1959e+00     25.483 0.0000e+00
        369 200.794734    0.02556     1.5333     92.000  1024.7071  50052.191    31.6784     25.481    6.66435     8.4872     8.5284    24.5898   12.01600 1.1647e+00     25.723 0.0000e+00
        370 200.794737    0.02562     1.5375     92.250  1024.7126  50059.201    31.6803     25.728    6.66719     8.4675     8.5089    24.5942   12.02068 1.1339e+00     25.972 0.0000e+00
        371 200.794740    0.02569     1.5417     92.500  1024.7166  50063.337    31.6802     25.987    6.67006     8.4468     8.4898    24.5969   12.02542 1.1023e+00     26.234 0.0000e+00
        372 200.794742    0.02576     1.5458     92.750  1024.7200  50066.424    31.6793     26.262    6.67305     8.4247     8.4701    24.5991   12.03038 1.0694e+00     26.511 0.0000e+00
        373 200.794745    0.02583     1.5500     93.000  1024.7233  50068.974    31.6778     26.553    6.67622     8.4004     8.4494    24.6010   12.03565 1.0346e+00     26.805 0.0000e+00
        374 200.794748    0.02590     1.5542     93.250  1024.7252  50069.056    31.6744     26.860    6.67969     8.3723     8.4273    24.6015   12.04142 9.9811e-01     27.115 0.0000e+00
        375 200.794751    0.02597     1.5583     93.500  1024.7249  50064.753    31.6675     27.182    6.68364     8.3390     8.4030    24.5997   12.04804 9.6009e-01     27.441 0.0000e+00
        376 200.794754    0.02604     1.5625     93.750  1024.7224  50056.163    31.6571     27.519    6.68831     8.2995     8.3750    24.5956   12.05590 9.2078e-01     27.781 0.0000e+00
        377 200.794757    0.02611     1.5667     94.000  1024.7187  50045.151    31.6441     27.868    6.69389     8.2536     8.3418    24.5903   12.06529 8.8050e-01     28.133 0.0000e+00
        378 200.794760    0.02618     1.5708     94.250  1024.7146  50032.928    31.6293     28.228    6.70049     8.2032     8.3023    24.5844   12.07640 8.3978e-01     28.497 0.0000e+00
        379 200.794763    0.02625     1.5750     94.500  1024.7142  50027.293    31.6180     28.593    6.70793     8.1546     8.2564    24.5823   12.08884 7.9927e-01     28.864 0.0000e+00
        380 200.794766    0.02632     1.5792     94.750  1024.7248  50041.697    31.6201     28.956    6.71546     8.1140     8.2060    24.5913   12.10127 7.5987e-01     29.231 0.0000e+00
        381 200.794769    0.02639     1.5833     95.000  1024.7452  50074.010    31.6350     29.313    6.72218     8.0836     8.1574    24.6100   12.11220 7.2243e-01     29.591 0.0000e+00
        382 200.794771    0.02646     1.5875     95.250  1024.7673  50109.958    31.6537     29.658    6.72752     8.0625     8.1168    24.6305   12.12081 6.8761e-01     29.940 0.0000e+00
        383 200.794774    0.02653     1.5917     95.500  1024.7864  50140.854    31.6705     29.987    6.73139     8.0485     8.0865    24.6480   12.12701 6.5612e-01     30.272 0.0000e+00
        384 200.794777    0.02660     1.5958     95.750  1024.8012  50164.680    31.6837     30.293    6.73402     8.0397     8.0654    24.6614   12.13118 6.2847e-01     30.581 0.0000e+00
        385 200.794780    0.02667     1.6000     96.000  1024.8126  50182.723    31.6940     30.572    6.73569     8.0346     8.0515    24.6715   12.13382 6.0484e-01     30.863 0.0000e+00
        386 200.794783    0.02674     1.6042     96.250  1024.8217  50196.907    31.7024     30.822    6.73666     8.0323     8.0427    24.6794   12.13532 5.8525e-01     31.115 0.0000e+00
        387 200.794786    0.02681     1.6083     96.500  1024.8287  50207.727    31.7091     31.043    6.73713     8.0316     8.0376    24.6854   12.13602 5.6938e-01     31.339 0.0000e+00
        388 200.794789    0.02688     1.6125     96.750  1024.8334  50214.671    31.7135     31.241    6.73729     8.0317     8.0353    24.6892   12.13623 5.5663e-01     31.539 0.0000e+00
        389 200.794792    0.02694     1.6167     97.000  1024.8360  50217.982    31.7157     31.426    6.73729     8.0317     8.0347    24.6910   12.13620 5.4616e-01     31.725 0.0000e+00
        390 200.794795    0.02701     1.6208     97.250  1024.8372  50218.799    31.7162     31.607    6.73726     8.0310     8.0348    24.6913   12.13614 5.3696e-01     31.907 0.0000e+00
        391 200.794797    0.02708     1.6250     97.500  1024.8376  50218.166    31.7157     31.787    6.73728     8.0296     8.0347    24.6909   12.13619 5.2803e-01     32.090 0.0000e+00
        392 200.794800    0.02715     1.6292     97.750  1024.8376  50216.612    31.7144     31.978    6.73743     8.0273     8.0341    24.6900   12.13645 5.1829e-01     32.283 0.0000e+00
        393 200.794803    0.02722     1.6333     98.000  1024.8378  50215.245    31.7131     32.193    6.73770     8.0247     8.0327    24.6892   12.13692 5.0699e-01     32.500 0.0000e+00
        394 200.794806    0.02729     1.6375     98.250  1024.8390  50215.514    31.7128     32.439    6.73805     8.0220     8.0305    24.6893   12.13750 4.9396e-01     32.748 0.0000e+00
        395 200.794809    0.02736     1.6417     98.500  1024.8413  50217.452    31.7136     32.718    6.73842     8.0194     8.0279    24.6903   12.13810 4.7932e-01     33.029 0.0000e+00
        396 200.794812    0.02743     1.6458     98.750  1024.8441  50219.942    31.7148     33.028    6.73877     8.0164     8.0252    24.6917   12.13867 4.6330e-01     33.342 0.0000e+00
        397 200.794815    0.02750     1.6500     99.000  1024.8465  50221.617    31.7154     33.361    6.73914     8.0125     8.0226    24.6925   12.13927 4.4640e-01     33.678 0.0000e+00
        398 200.794818    0.02757     1.6542     99.250  1024.8479  50221.483    31.7147     33.707    6.73962     8.0068     8.0197    24.6924   12.14007 4.2924e-01     34.027 0.0000e+00
        399 200.794821    0.02764     1.6583     99.500  1024.8483  50219.309    31.7124     34.057    6.74032     7.9986     8.0158    24.6911   12.14125 4.1237e-01     34.381 0.0000e+00
        400 200.794823    0.02771     1.6625     99.750  1024.8478  50215.602    31.7087     34.402    6.74135     7.9879     8.0101    24.6890   12.14300 3.9633e-01     34.730 0.0000e+00
        401 200.794826    0.02778     1.6667    100.000  1024.8477  50212.376    31.7050     34.738    6.74276     7.9758     8.0020    24.6873   12.14537 3.8140e-01     35.069 0.0000e+00
        402 200.794829    0.02785     1.6708    100.250  1024.8496  50213.021    31.7036     35.062    6.74445     7.9642     7.9913    24.6877   12.14819 3.6763e-01     35.396 0.0000e+00
        403 200.794832    0.02792     1.6750    100.500  1024.8545  50219.025    31.7058     35.370    6.74620     7.9546     7.9792    24.6911   12.15106 3.5508e-01     35.707 0.0000e+00
        404 200.794835    0.02799     1.6792    100.750  1024.8609  50228.033    31.7101     35.661    6.74777     7.9473     7.9676    24.6962   12.15361 3.4367e-01     36.001 0.0000e+00
        405 200.794838    0.02806     1.6833    101.000  1024.8671  50236.844    31.7146     35.937    6.74904     7.9420     7.9580    24.7011   12.15566 3.3324e-01     36.279 0.0000e+00
        406 200.794841    0.02813     1.6875    101.250  1024.8722  50243.979    31.7183     36.198    6.75000     7.9382     7.9507    24.7050   12.15719 3.2367e-01     36.543 0.0000e+00
        407 200.794844    0.02819     1.6917    101.500  1024.8762  50249.254    31.7210     36.447    6.75069     7.9355     7.9454    24.7079   12.15830 3.1493e-01     36.795 0.0000e+00
        408 200.794847    0.02826     1.6958    101.750  1024.8794  50252.969    31.7229     36.688    6.75118     7.9335     7.9417    24.7099   12.15909 3.0685e-01     37.037 0.0000e+00
        409 200.794850    0.02833     1.7000    102.000  1024.8818  50255.577    31.7242     36.921    6.75154     7.9322     7.9390    24.7113   12.15966 2.9918e-01     37.273 0.0000e+00
        410 200.794852    0.02840     1.7042    102.250  1024.8839  50257.440    31.7251     37.149    6.75179     7.9312     7.9371    24.7123   12.16006 2.9185e-01     37.503 0.0000e+00
        411 200.794855    0.02847     1.7083    102.500  1024.8855  50258.729    31.7257     37.373    6.75196     7.9305     7.9358    24.7130   12.16035 2.8489e-01     37.729 0.0000e+00
        412 200.794858    0.02854     1.7125    102.750  1024.8869  50259.464    31.7260     37.592    6.75209     7.9297     7.9349    24.7133   12.16056 2.7826e-01     37.950 0.0000e+00
        413 200.794861    0.02861     1.7167    103.000  1024.8880  50259.695    31.7259     37.807    6.75221     7.9289     7.9341    24.7134   12.16076 2.7199e-01     38.167 0.0000e+00
        414 200.794864    0.02868     1.7208    103.250  1024.8888  50259.628    31.7256     38.018    6.75234     7.9278     7.9333    24.7133   12.16097 2.6609e-01     38.381 0.0000e+00
        415 200.794867    0.02875     1.7250    103.500  1024.8896  50259.287    31.7252     38.228    6.75248     7.9264     7.9325    24.7130   12.16122 2.6049e-01     38.593 0.0000e+00
        416 200.794870    0.02882     1.7292    103.750  1024.8900  50258.403    31.7243     38.441    6.75268     7.9242     7.9315    24.7125   12.16155 2.5501e-01     38.807 0.0000e+00
        417 200.794873    0.02889     1.7333    104.000  1024.8900  50256.628    31.7227     38.659    6.75297     7.9206     7.9301    24.7115   12.16205 2.4940e-01     39.028 0.0000e+00
        418 200.794876    0.02896     1.7375    104.250  1024.8893  50253.443    31.7200     38.889    6.75342     7.9147     7.9279    24.7097   12.16283 2.4354e-01     39.260 0.0000e+00
        419 200.794878    0.02903     1.7417    104.500  1024.8874  50247.991    31.7155     39.136    6.75417     7.9050     7.9243    24.7066   12.16412 2.3742e-01     39.509 0.0000e+00
        420 200.794881    0.02910     1.7458    104.750  1024.8837  50238.992    31.7082     39.403    6.75539     7.8891     7.9185    24.7017   12.16624 2.3100e-01     39.779 0.0000e+00
        421 200.794884    0.02917     1.7500    105.000  1024.8771  50224.565    31.6964     39.692    6.75741     7.8654     7.9088    24.6938   12.16971 2.2429e-01     40.071 0.0000e+00
        422 200.794887    0.02924     1.7542    105.250  1024.8692  50207.235    31.6815     40.002    6.76050     7.8345     7.8929    24.6844   12.17500 2.1738e-01     40.383 0.0000e+00
        423 200.794890    0.02931     1.7583    105.500  1024.8643  50195.165    31.6691     40.326    6.76469     7.7993     7.8692    24.6779   12.18209 2.1044e-01     40.711 0.0000e+00
        424 200.794893    0.02937     1.7625    105.750  1024.8646  50192.367    31.6620     40.659    6.76975     7.7623     7.8384    24.6767   12.19055 2.0363e-01     41.046 0.0000e+00
        425 200.794896    0.02944     1.7667    106.000  1024.8684  50195.825    31.6585     40.992    6.77533     7.7244     7.8032    24.6789   12.19982 1.9714e-01     41.382 0.0000e+00
