CTD-processing/allCTD/CNV--homogene/2013_10-29_t4_s04_cast126.cnv
* Sea-Bird SBE19plus Data File:
* FileName = C:\Users\kris.holderied\Documents\kasitsna\Research-Projects-and-Data\Oceanography-AK\CTD-CookInlet-GulfWatchAK\2013-10-11-EVOSTC-CookInlet-Ocean\2013-10-29-CookInlet-Tran4-Barabara\2013-10-29-CookInlet-Tran4-cast126.hex
* Software Version 1.59
* Temperature SN =  5028
* Conductivity SN =  5028
* System UpLoad Time = Feb 14 2014 21:27:21
** Cook Inlet Transect 4 (Barabara) north to south
** Date: 2013-10-29
** Station: 4-04
** Start time: 13:04
** Depth (m): 87
** Comment:  CTD instrument time is AK Daylight time
** Comment:
# nquan = 17
# nvalues = 601                         
# units = specified
# name 0 = scan: Scan Count
# name 1 = timeJ: Julian Days
# name 2 = timeH: Time, Elapsed [hours]
# name 3 = timeM: Time, Elapsed [minutes]
# name 4 = timeS: Time, Elapsed [seconds]
# name 5 = density00: Density [density, kg/m^3]
# name 6 = specc: Specific Conductance [uS/cm]
# name 7 = sal00: Salinity, Practical [PSU]
# name 8 = depSM: Depth [salt water, m], lat = 59.00
# name 9 = oxsolML/L: Oxygen Saturation, Garcia & Gordon [ml/l]
# name 10 = potemp090C: Potential Temperature [ITS-90, deg C]
# name 11 = tv290C: Temperature [ITS-90, deg C]
# name 12 = sigma-é00: Density [sigma-theta, kg/m^3]
# name 13 = n2satML/L: Nitrogen Saturation [ml/l]
# name 14 = par: PAR/Irradiance, Biospherical/Licor
# name 15 = prdM: Pressure, Strain Gauge [db]
# name 16 = flag:  0.000e+00
# span 0 =          1,        601       
# span 1 = 302.545313, 302.547049       
# span 2 =    0.00000,    0.04167       
# span 3 =     0.0000,     2.5000       
# span 4 =      0.000,    150.000       
# span 5 =  1000.2259,  1024.0739       
# span 6 =   1004.260,  48443.019       
# span 7 =     0.4867,    30.5622       
# span 8 =     -0.185,     85.766       
# span 9 =    6.66610,    8.22927       
# span 10 =     8.1395,     9.0046      
# span 11 =     8.1395,     9.0057      
# span 12 =     0.2267,    23.6789      
# span 13 =   12.03310,   15.05825      
# span 14 = 4.7664e-02, 1.6641e+02      
# span 15 =     -0.187,     86.594      
# span 16 = 0.0000e+00, 0.0000e+00      
# interval = seconds: 0.25
# start_time = Oct 29 2013 13:05:15 [Instrument's time stamp, header]
# bad_flag = -9.990e-29
*END*
[from data line 341]
        342 302.546299    0.02368     1.4208     85.250  1023.0175  47093.227    29.6796     13.333    6.68080     8.9929     8.9961    22.9560   12.06770 6.8951e+00     13.459 0.0000e+00
        343 302.546302    0.02375     1.4250     85.500  1023.0200  47095.575    29.6810     13.610    6.68089     8.9921     8.9951    22.9573   12.06782 6.6766e+00     13.739 0.0000e+00
        344 302.546305    0.02382     1.4292     85.750  1023.0224  47097.650    29.6822     13.887    6.68096     8.9915     8.9943    22.9584   12.06792 6.4639e+00     14.019 0.0000e+00
        345 302.546308    0.02389     1.4333     86.000  1023.0246  47099.502    29.6833     14.166    6.68102     8.9909     8.9936    22.9593   12.06801 6.2555e+00     14.300 0.0000e+00
        346 302.546311    0.02396     1.4375     86.250  1023.0268  47101.146    29.6842     14.448    6.68108     8.9903     8.9929    22.9602   12.06810 6.0503e+00     14.585 0.0000e+00
        347 302.546314    0.02403     1.4417     86.500  1023.0289  47102.661    29.6851     14.736    6.68113     8.9898     8.9923    22.9610   12.06817 5.8481e+00     14.876 0.0000e+00
        348 302.546317    0.02410     1.4458     86.750  1023.0310  47104.175    29.6860     15.030    6.68117     8.9892     8.9918    22.9617   12.06823 5.6486e+00     15.172 0.0000e+00
        349 302.546319    0.02417     1.4500     87.000  1023.0332  47105.807    29.6869     15.328    6.68120     8.9885     8.9913    22.9626   12.06827 5.4538e+00     15.473 0.0000e+00
        350 302.546322    0.02424     1.4542     87.250  1023.0355  47107.713    29.6880     15.629    6.68124     8.9878     8.9908    22.9635   12.06831 5.2668e+00     15.777 0.0000e+00
        351 302.546325    0.02431     1.4583     87.500  1023.0381  47110.029    29.6894     15.931    6.68127     8.9869     8.9902    22.9647   12.06835 5.0890e+00     16.082 0.0000e+00
        352 302.546328    0.02438     1.4625     87.750  1023.0410  47112.882    29.6912     16.233    6.68130     8.9859     8.9894    22.9662   12.06838 4.9193e+00     16.387 0.0000e+00
        353 302.546331    0.02444     1.4667     88.000  1023.0443  47116.482    29.6935     16.534    6.68133     8.9847     8.9886    22.9681   12.06840 4.7563e+00     16.690 0.0000e+00
        354 302.546334    0.02451     1.4708     88.250  1023.0481  47121.027    29.6964     16.832    6.68135     8.9834     8.9876    22.9705   12.06840 4.5986e+00     16.992 0.0000e+00
        355 302.546337    0.02458     1.4750     88.500  1023.0525  47126.720    29.7001     17.130    6.68136     8.9820     8.9865    22.9736   12.06837 4.4446e+00     17.292 0.0000e+00
        356 302.546340    0.02465     1.4792     88.750  1023.0575  47133.432    29.7045     17.426    6.68136     8.9805     8.9852    22.9772   12.06831 4.2940e+00     17.591 0.0000e+00
        357 302.546343    0.02472     1.4833     89.000  1023.0627  47140.485    29.7091     17.722    6.68137     8.9790     8.9838    22.9810   12.06828 4.1479e+00     17.889 0.0000e+00
        358 302.546345    0.02479     1.4875     89.250  1023.0678  47147.378    29.7136     18.017    6.68140     8.9776     8.9823    22.9847   12.06827 4.0067e+00     18.188 0.0000e+00
        359 302.546348    0.02486     1.4917     89.500  1023.0728  47154.112    29.7179     18.314    6.68143     8.9762     8.9809    22.9884   12.06827 3.8696e+00     18.487 0.0000e+00
        360 302.546351    0.02493     1.4958     89.750  1023.0779  47160.929    29.7224     18.613    6.68145     8.9748     8.9795    22.9921   12.06824 3.7358e+00     18.789 0.0000e+00
        361 302.546354    0.02500     1.5000     90.000  1023.0831  47168.091    29.7271     18.916    6.68145     8.9734     8.9781    22.9959   12.06819 3.6046e+00     19.095 0.0000e+00
        362 302.546357    0.02507     1.5042     90.250  1023.0886  47175.598    29.7320     19.222    6.68144     8.9721     8.9767    23.0000   12.06811 3.4754e+00     19.405 0.0000e+00
        363 302.546360    0.02514     1.5083     90.500  1023.0942  47183.320    29.7371     19.531    6.68142     8.9708     8.9754    23.0042   12.06802 3.3485e+00     19.716 0.0000e+00
        364 302.546363    0.02521     1.5125     90.750  1023.0999  47191.179    29.7422     19.840    6.68139     8.9697     8.9741    23.0084   12.06791 3.2255e+00     20.028 0.0000e+00
        365 302.546366    0.02528     1.5167     91.000  1023.1055  47198.901    29.7473     20.147    6.68136     8.9688     8.9728    23.0126   12.06779 3.1080e+00     20.338 0.0000e+00
        366 302.546369    0.02535     1.5208     91.250  1023.1107  47205.930    29.7520     20.449    6.68132     8.9681     8.9717    23.0164   12.06766 2.9971e+00     20.643 0.0000e+00
        367 302.546372    0.02542     1.5250     91.500  1023.1152  47211.797    29.7558     20.744    6.68128     8.9676     8.9709    23.0195   12.06756 2.8936e+00     20.941 0.0000e+00
        368 302.546374    0.02549     1.5292     91.750  1023.1190  47216.462    29.7589     21.032    6.68124     8.9671     8.9702    23.0220   12.06746 2.7972e+00     21.231 0.0000e+00
        369 302.546377    0.02556     1.5333     92.000  1023.1223  47220.288    29.7613     21.312    6.68121     8.9668     8.9697    23.0240   12.06738 2.7069e+00     21.514 0.0000e+00
        370 302.546380    0.02562     1.5375     92.250  1023.1254  47223.920    29.7637     21.587    6.68117     8.9664     8.9694    23.0259   12.06727 2.6215e+00     21.791 0.0000e+00
        371 302.546383    0.02569     1.5417     92.500  1023.1289  47228.019    29.7664     21.857    6.68110     8.9658     8.9690    23.0281   12.06713 2.5397e+00     22.065 0.0000e+00
        372 302.546386    0.02576     1.5458     92.750  1023.1327  47232.903    29.7696     22.126    6.68102     8.9650     8.9686    23.0307   12.06695 2.4608e+00     22.336 0.0000e+00
        373 302.546389    0.02583     1.5500     93.000  1023.1369  47238.479    29.7733     22.396    6.68094     8.9640     8.9681    23.0337   12.06678 2.3833e+00     22.609 0.0000e+00
        374 302.546392    0.02590     1.5542     93.250  1023.1413  47244.376    29.7772     22.670    6.68089     8.9628     8.9673    23.0368   12.06664 2.3055e+00     22.885 0.0000e+00
        375 302.546395    0.02597     1.5583     93.500  1023.1457  47250.224    29.7811     22.950    6.68087     8.9614     8.9663    23.0400   12.06656 2.2280e+00     23.168 0.0000e+00
        376 302.546398    0.02604     1.5625     93.750  1023.1500  47255.766    29.7847     23.237    6.68090     8.9598     8.9651    23.0430   12.06656 2.1507e+00     23.458 0.0000e+00
        377 302.546400    0.02611     1.5667     94.000  1023.1542  47260.935    29.7880     23.533    6.68096     8.9581     8.9637    23.0458   12.06663 2.0733e+00     23.756 0.0000e+00
        378 302.546403    0.02618     1.5708     94.250  1023.1582  47265.802    29.7910     23.837    6.68105     8.9563     8.9622    23.0484   12.06674 1.9963e+00     24.064 0.0000e+00
        379 302.546406    0.02625     1.5750     94.500  1023.1621  47270.408    29.7939     24.148    6.68118     8.9542     8.9606    23.0509   12.06692 1.9208e+00     24.378 0.0000e+00
        380 302.546409    0.02632     1.5792     94.750  1023.1660  47274.858    29.7966     24.463    6.68134     8.9517     8.9587    23.0533   12.06715 1.8478e+00     24.695 0.0000e+00
        381 302.546412    0.02639     1.5833     95.000  1023.1699  47279.401    29.7994     24.778    6.68153     8.9489     8.9566    23.0558   12.06744 1.7781e+00     25.013 0.0000e+00
        382 302.546415    0.02646     1.5875     95.250  1023.1741  47284.397    29.8024     25.091    6.68176     8.9456     8.9542    23.0585   12.06778 1.7120e+00     25.329 0.0000e+00
        383 302.546418    0.02653     1.5917     95.500  1023.1787  47290.179    29.8060     25.398    6.68202     8.9418     8.9514    23.0617   12.06818 1.6498e+00     25.639 0.0000e+00
        384 302.546421    0.02660     1.5958     95.750  1023.1837  47296.772    29.8100     25.698    6.68235     8.9380     8.9481    23.0653   12.06866 1.5913e+00     25.942 0.0000e+00
        385 302.546424    0.02667     1.6000     96.000  1023.1890  47303.809    29.8143     25.991    6.68272     8.9344     8.9444    23.0692   12.06922 1.5362e+00     26.238 0.0000e+00
        386 302.546427    0.02674     1.6042     96.250  1023.1942  47310.725    29.8185     26.278    6.68310     8.9313     8.9406    23.0731   12.06981 1.4842e+00     26.527 0.0000e+00
        387 302.546429    0.02681     1.6083     96.500  1023.1990  47317.012    29.8223     26.560    6.68347     8.9287     8.9370    23.0766   12.07037 1.4348e+00     26.812 0.0000e+00
        388 302.546432    0.02688     1.6125     96.750  1023.2032  47322.361    29.8255     26.840    6.68380     8.9268     8.9339    23.0795   12.07087 1.3876e+00     27.095 0.0000e+00
        389 302.546435    0.02694     1.6167     97.000  1023.2069  47326.658    29.8280     27.120    6.68406     8.9254     8.9314    23.0819   12.07128 1.3421e+00     27.378 0.0000e+00
        390 302.546438    0.02701     1.6208     97.250  1023.2100  47329.927    29.8299     27.400    6.68427     8.9245     8.9295    23.0837   12.07160 1.2982e+00     27.661 0.0000e+00
        391 302.546441    0.02708     1.6250     97.500  1023.2125  47332.288    29.8313     27.681    6.68441     8.9239     8.9281    23.0850   12.07182 1.2556e+00     27.945 0.0000e+00
        392 302.546444    0.02715     1.6292     97.750  1023.2147  47333.971    29.8322     27.964    6.68450     8.9236     8.9273    23.0858   12.07195 1.2141e+00     28.231 0.0000e+00
        393 302.546447    0.02722     1.6333     98.000  1023.2167  47335.287    29.8329     28.250    6.68455     8.9234     8.9267    23.0865   12.07203 1.1738e+00     28.519 0.0000e+00
        394 302.546450    0.02729     1.6375     98.250  1023.2186  47336.447    29.8335     28.537    6.68457     8.9233     8.9264    23.0870   12.07205 1.1347e+00     28.808 0.0000e+00
        395 302.546453    0.02736     1.6417     98.500  1023.2204  47337.567    29.8342     28.824    6.68456     8.9232     8.9263    23.0875   12.07204 1.0967e+00     29.098 0.0000e+00
        396 302.546455    0.02743     1.6458     98.750  1023.2223  47338.779    29.8349     29.112    6.68454     8.9232     8.9262    23.0881   12.07199 1.0601e+00     29.389 0.0000e+00
        397 302.546458    0.02750     1.6500     99.000  1023.2243  47340.187    29.8358     29.401    6.68450     8.9232     8.9262    23.0888   12.07192 1.0250e+00     29.680 0.0000e+00
        398 302.546461    0.02757     1.6542     99.250  1023.2265  47341.994    29.8369     29.688    6.68445     8.9231     8.9262    23.0897   12.07182 9.9138e-01     29.971 0.0000e+00
        399 302.546464    0.02764     1.6583     99.500  1023.2292  47344.612    29.8386     29.975    6.68438     8.9228     8.9262    23.0910   12.07168 9.5920e-01     30.260 0.0000e+00
        400 302.546467    0.02771     1.6625     99.750  1023.2326  47348.653    29.8413     30.261    6.68428     8.9223     8.9261    23.0931   12.07148 9.2838e-01     30.549 0.0000e+00
        401 302.546470    0.02778     1.6667    100.000  1023.2372  47354.807    29.8455     30.547    6.68414     8.9214     8.9259    23.0964   12.07120 8.9888e-01     30.838 0.0000e+00
        402 302.546473    0.02785     1.6708    100.250  1023.2429  47363.024    29.8510     30.832    6.68398     8.9200     8.9253    23.1008   12.07086 8.7061e-01     31.125 0.0000e+00
        403 302.546476    0.02792     1.6750    100.500  1023.2495  47372.685    29.8575     31.117    6.68383     8.9180     8.9245    23.1060   12.07053 8.4356e-01     31.412 0.0000e+00
        404 302.546479    0.02799     1.6792    100.750  1023.2568  47383.759    29.8649     31.402    6.68371     8.9156     8.9231    23.1121   12.07024 8.1759e-01     31.700 0.0000e+00
        405 302.546481    0.02806     1.6833    101.000  1023.2646  47395.635    29.8728     31.689    6.68366     8.9131     8.9212    23.1185   12.07006 7.9242e-01     31.990 0.0000e+00
        406 302.546484    0.02813     1.6875    101.250  1023.2718  47406.469    29.8799     31.979    6.68371     8.9110     8.9188    23.1244   12.07005 7.6784e-01     32.283 0.0000e+00
        407 302.546487    0.02819     1.6917    101.500  1023.2780  47415.304    29.8856     32.273    6.68382     8.9093     8.9164    23.1293   12.07017 7.4378e-01     32.580 0.0000e+00
        408 302.546490    0.02826     1.6958    101.750  1023.2835  47422.838    29.8905     32.572    6.68393     8.9076     8.9143    23.1334   12.07029 7.2015e-01     32.882 0.0000e+00
        409 302.546493    0.02833     1.7000    102.000  1023.2891  47430.644    29.8956     32.877    6.68397     8.9056     8.9126    23.1376   12.07029 6.9687e-01     33.190 0.0000e+00
        410 302.546496    0.02840     1.7042    102.250  1023.2959  47440.462    29.9021     33.188    6.68393     8.9030     8.9109    23.1429   12.07016 6.7392e-01     33.504 0.0000e+00
        411 302.546499    0.02847     1.7083    102.500  1023.3045  47453.565    29.9108     33.505    6.68385     8.8996     8.9089    23.1501   12.06991 6.5143e-01     33.823 0.0000e+00
        412 302.546502    0.02854     1.7125    102.750  1023.3150  47470.225    29.9219     33.825    6.68375     8.8956     8.9064    23.1592   12.06960 6.2962e-01     34.147 0.0000e+00
        413 302.546505    0.02861     1.7167    103.000  1023.3269  47489.159    29.9346     34.147    6.68369     8.8910     8.9031    23.1695   12.06936 6.0864e-01     34.472 0.0000e+00
        414 302.546508    0.02868     1.7208    103.250  1023.3390  47508.492    29.9474     34.466    6.68374     8.8859     8.8991    23.1802   12.06929 5.8862e-01     34.794 0.0000e+00
        415 302.546510    0.02875     1.7250    103.500  1023.3510  47527.521    29.9599     34.780    6.68389     8.8804     8.8945    23.1906   12.06937 5.6969e-01     35.112 0.0000e+00
        416 302.546513    0.02882     1.7292    103.750  1023.3631  47546.898    29.9727     35.088    6.68409     8.8740     8.8895    23.2013   12.06955 5.5193e-01     35.423 0.0000e+00
        417 302.546516    0.02889     1.7333    104.000  1023.3760  47567.740    29.9863     35.388    6.68433     8.8664     8.8840    23.2128   12.06978 5.3532e-01     35.725 0.0000e+00
        418 302.546519    0.02896     1.7375    104.250  1023.3896  47589.978    30.0008     35.678    6.68466     8.8577     8.8776    23.2251   12.07015 5.1977e-01     36.017 0.0000e+00
        419 302.546522    0.02903     1.7417    104.500  1023.4031  47611.900    30.0150     35.957    6.68517     8.8480     8.8700    23.2373   12.07082 5.0517e-01     36.300 0.0000e+00
        420 302.546525    0.02910     1.7458    104.750  1023.4158  47632.430    30.0280     36.228    6.68590     8.8377     8.8614    23.2488   12.07188 4.9141e-01     36.573 0.0000e+00
        421 302.546528    0.02917     1.7500    105.000  1023.4284  47652.812    30.0408     36.491    6.68680     8.8276     8.8517    23.2602   12.07321 4.7833e-01     36.839 0.0000e+00
        422 302.546531    0.02924     1.7542    105.250  1023.4420  47674.925    30.0547     36.750    6.68774     8.8185     8.8414    23.2726   12.07459 4.6585e-01     37.101 0.0000e+00
        423 302.546534    0.02931     1.7583    105.500  1023.4564  47698.368    30.0696     37.007    6.68861     8.8107     8.8313    23.2858   12.07585 4.5387e-01     37.360 0.0000e+00
        424 302.546536    0.02937     1.7625    105.750  1023.4705  47721.614    30.0844     37.264    6.68933     8.8043     8.8222    23.2987   12.07685 4.4219e-01     37.620 0.0000e+00
        425 302.546539    0.02944     1.7667    106.000  1023.4843  47744.247    30.0991     37.523    6.68985     8.7993     8.8145    23.3113   12.07755 4.3068e-01     37.881 0.0000e+00
