CTD-processing/allCTD/CNV--homogene/2013_04-21_t4_s09_cast130.cnv
* Sea-Bird SBE19plus Data File:
* FileName = C:\Documents and Settings\kris.holderied.local\My Documents\2012-2013-CTD-DATA-new-files\2013-04-EVOSTC-CookInlet-Ocean\2013-04-21-CookInlet-Tran4-Barabara\2013-04-21-CookInlet-Tran4-cast130.hex
* Software Version 1.54
* Temperature SN =  5028
* Conductivity SN =  5028
* System UpLoad Time = Apr 21 2013 12:28:54
** Cook Inlet LTM Transect 4 (Barabara) South to North
** Date:  2013-04-21
** Station:  4-09
** Start time (AKDT-24 hr):  1135
** Depth (m): 25
** Comment:Snow flurries
** Comment:
# nquan = 17
# nvalues = 454                         
# units = specified
# name 0 = scan: Scan Count
# name 1 = timeJ: Julian Days
# name 2 = timeH: Time, Elapsed [hours]
# name 3 = timeM: Time, Elapsed [minutes]
# name 4 = timeS: Time, Elapsed [seconds]
# name 5 = density00: Density [density, kg/m^3]
# name 6 = specc: Specific Conductance [uS/cm]
# name 7 = sal00: Salinity, Practical [PSU]
# name 8 = depSM: Depth [salt water, m], lat = 59.00
# name 9 = oxsolML/L: Oxygen Saturation, Garcia & Gordon [ml/l]
# name 10 = potemp090C: Potential Temperature [ITS-90, deg C]
# name 11 = tv290C: Temperature [ITS-90, deg C]
# name 12 = sigma-é00: Density [sigma-theta, kg/m^3]
# name 13 = n2satML/L: Nitrogen Saturation [ml/l]
# name 14 = par: PAR/Irradiance, Biospherical/Licor
# name 15 = prdM: Pressure, Strain Gauge [db]
# name 16 = flag:  0.000e+00
# span 0 =          1,        454       
# span 1 = 111.484062, 111.485373       
# span 2 =    0.00000,    0.03146       
# span 3 =     0.0000,     1.8875       
# span 4 =      0.000,    113.250       
# span 5 =  1000.0301,  1025.4349       
# span 6 =    180.233,  51801.042       
# span 7 =     0.0835,    31.7912       
# span 8 =      0.081,     25.747       
# span 9 =    7.49924,    9.48507       
# span 10 =     2.7190,     3.5802      
# span 11 =     2.7188,     3.5802      
# span 12 =     0.0296,    25.3146      
# span 13 =   13.39888,   17.17453      
# span 14 = 3.3133e-01, 6.6961e+01      
# span 15 =      0.082,     25.992      
# span 16 = 0.0000e+00, 0.0000e+00      
# interval = seconds: 0.25
# start_time = Apr 21 2013 11:37:03 [Instrument's time stamp, header]
# bad_flag = -9.990e-29
*END*
[from data line 426]
        427 111.485295    0.02958     1.7750    106.500  1025.3423  51717.605    31.7081     17.737    7.59202     3.0065     3.0008    25.2581   13.54803 1.1634e+00     17.905 0.0000e+00
        428 111.485298    0.02965     1.7792    106.750  1025.3438  51716.883    31.7084     18.064    7.59129     3.0090     3.0046    25.2580   13.54682 1.1058e+00     18.235 0.0000e+00
        429 111.485301    0.02972     1.7833    107.000  1025.3455  51716.801    31.7090     18.394    7.59072     3.0113     3.0075    25.2582   13.54586 1.0506e+00     18.568 0.0000e+00
        430 111.485304    0.02979     1.7875    107.250  1025.3478  51717.903    31.7102     18.725    7.59019     3.0141     3.0100    25.2590   13.54498 9.9748e-01     18.903 0.0000e+00
        431 111.485307    0.02986     1.7917    107.500  1025.3510  51720.532    31.7124     19.059    7.58962     3.0179     3.0124    25.2606   13.54401 9.4637e-01     19.240 0.0000e+00
        432 111.485310    0.02993     1.7958    107.750  1025.3553  51725.169    31.7161     19.397    7.58890     3.0234     3.0152    25.2633   13.54277 8.9732e-01     19.580 0.0000e+00
        433 111.485313    0.03000     1.8000    108.000  1025.3614  51732.815    31.7221     19.737    7.58787     3.0315     3.0190    25.2678   13.54100 8.5045e-01     19.923 0.0000e+00
        434 111.485315    0.03007     1.8042    108.250  1025.3699  51744.439    31.7313     20.076    7.58636     3.0424     3.0245    25.2746   13.53838 8.0583e-01     20.266 0.0000e+00
        435 111.485318    0.03014     1.8083    108.500  1025.3795  51757.638    31.7422     20.414    7.58426     3.0542     3.0327    25.2826   13.53478 7.6345e-01     20.608 0.0000e+00
        436 111.485321    0.03021     1.8125    108.750  1025.3857  51763.898    31.7491     20.750    7.58185     3.0639     3.0436    25.2873   13.53071 7.2333e-01     20.947 0.0000e+00
        437 111.485324    0.03028     1.8167    109.000  1025.3858  51758.644    31.7485     21.082    7.57967     3.0702     3.0554    25.2858   13.52711 6.8554e-01     21.282 0.0000e+00
        438 111.485327    0.03035     1.8208    109.250  1025.3830  51748.654    31.7442     21.411    7.57806     3.0736     3.0651    25.2815   13.52451 6.5014e-01     21.614 0.0000e+00
        439 111.485330    0.03042     1.8250    109.500  1025.3813  51741.327    31.7407     21.734    7.57704     3.0753     3.0715    25.2782   13.52289 6.1708e-01     21.940 0.0000e+00
        440 111.485333    0.03049     1.8292    109.750  1025.3816  51738.606    31.7396     22.053    7.57645     3.0763     3.0749    25.2770   13.52194 5.8628e-01     22.262 0.0000e+00
        441 111.485336    0.03056     1.8333    110.000  1025.3836  51739.310    31.7404     22.366    7.57610     3.0771     3.0766    25.2774   13.52133 5.5768e-01     22.578 0.0000e+00
        442 111.485339    0.03062     1.8375    110.250  1025.3862  51741.342    31.7419     22.677    7.57583     3.0781     3.0776    25.2785   13.52087 5.3097e-01     22.892 0.0000e+00
        443 111.485341    0.03069     1.8417    110.500  1025.3892  51744.259    31.7439     22.987    7.57557     3.0795     3.0784    25.2801   13.52041 5.0569e-01     23.205 0.0000e+00
        444 111.485344    0.03076     1.8458    110.750  1025.3931  51748.886    31.7472     23.297    7.57522     3.0819     3.0794    25.2826   13.51980 4.8165e-01     23.518 0.0000e+00
        445 111.485347    0.03083     1.8500    111.000  1025.3984  51755.762    31.7520     23.606    7.57470     3.0858     3.0808    25.2864   13.51887 4.5882e-01     23.830 0.0000e+00
        446 111.485350    0.03090     1.8542    111.250  1025.4047  51764.488    31.7584     23.916    7.57391     3.0913     3.0833    25.2913   13.51748 4.3716e-01     24.143 0.0000e+00
        447 111.485353    0.03097     1.8583    111.500  1025.4115  51773.689    31.7655     24.224    7.57281     3.0983     3.0872    25.2966   13.51557 4.1673e-01     24.454 0.0000e+00
        448 111.485356    0.03104     1.8625    111.750  1025.4183  51782.562    31.7728     24.527    7.57139     3.1065     3.0927    25.3019   13.51315 3.9761e-01     24.761 0.0000e+00
        449 111.485359    0.03111     1.8667    112.000  1025.4253  51791.497    31.7805     24.823    7.56968     3.1154     3.0997    25.3075   13.51023 3.7983e-01     25.059 0.0000e+00
        450 111.485362    0.03118     1.8708    112.250  1025.4315  51798.901    31.7876     25.105    7.56778     3.1237     3.1079    25.3124   13.50699 3.6368e-01     25.344 0.0000e+00
        451 111.485365    0.03125     1.8750    112.500  1025.4349  51801.042    31.7912     25.361    7.56591     3.1295     3.1168    25.3146   13.50386 3.4984e-01     25.602 0.0000e+00
        452 111.485367    0.03132     1.8792    112.750  1025.4349  51797.513    31.7909     25.568    7.56438     3.1316     3.1251    25.3136   13.50133 3.3942e-01     25.811 0.0000e+00
        453 111.485370    0.03139     1.8833    113.000  1025.4335  51792.531    31.7890     25.701    7.56338 -9.990e-29     3.1309    25.3116   13.49972 3.3329e-01     25.946 0.0000e+00
        454 111.485373    0.03146     1.8875    113.250  1025.4328  51790.374    31.7881     25.747    7.56304 -9.990e-29     3.1330    25.3107   13.49917 3.3133e-01     25.992 0.0000e+00
