CTD-processing/allCTD/CNV--homogene/2013_07-21_t6_s03_cast075.cnv
* Sea-Bird SBE19plus Data File:
* FileName = C:\Users\kris.holderied\Documents\kasitsna\Research-Projects-and-Data\Oceanography-AK\CTD-CookInlet-GulfWatchAK\2013-07-EVOSTC-CookInlet-Ocean\2013-07-21-22-CookInlet-Tran6-Douglas\2013-07-21-22-CookInlet-Tran6-Douglas-cast075.hex
* Software Version 1.59
* Temperature SN =  5028
* Conductivity SN =  5028
* System UpLoad Time = Apr 09 2014 21:21:29
** Cook Inlet LTM Transect 6 (Douglas) west to east
** Date: 2013-07-21/22
** Station: 6-03
** Start time: 03:21
** Depth (m): 106
** CoComment:
** Comment:
# nquan = 17
# nvalues = 864                         
# units = specified
# name 0 = scan: Scan Count
# name 1 = timeJ: Julian Days
# name 2 = timeH: Time, Elapsed [hours]
# name 3 = timeM: Time, Elapsed [minutes]
# name 4 = timeS: Time, Elapsed [seconds]
# name 5 = density00: Density [density, kg/m^3]
# name 6 = specc: Specific Conductance [uS/cm]
# name 7 = sal00: Salinity, Practical [PSU]
# name 8 = depSM: Depth [salt water, m], lat = 59.00
# name 9 = oxsolML/L: Oxygen Saturation, Garcia & Gordon [ml/l]
# name 10 = potemp090C: Potential Temperature [ITS-90, deg C]
# name 11 = tv290C: Temperature [ITS-90, deg C]
# name 12 = sigma-é00: Density [sigma-theta, kg/m^3]
# name 13 = n2satML/L: Nitrogen Saturation [ml/l]
# name 14 = par: PAR/Irradiance, Biospherical/Licor
# name 15 = prdM: Pressure, Strain Gauge [db]
# name 16 = flag:  0.000e+00
# span 0 =          1,        864       
# span 1 = 203.140382, 203.142879       
# span 2 =    0.00000,    0.05993       
# span 3 =     0.0000,     3.5958       
# span 4 =      0.000,    215.750       
# span 5 =  1000.1083,  1025.5832       
# span 6 =    681.946,  51014.196       
# span 7 =     0.3259,    32.1275       
# span 8 =     -0.041,    103.014       
# span 9 =    6.84408,    8.26643       
# span 10 =     6.8265,     8.1553      
# span 11 =     6.8353,     8.1553      
# span 12 =     0.1085,    25.1354      
# span 13 =   12.30923,   15.12338      
# span 14 = 3.9028e-02, 1.1168e+00      
# span 15 =     -0.041,    104.012      
# span 16 = 0.0000e+00, 0.0000e+00      
# interval = seconds: 0.25
# start_time = Jul 22 2013 03:22:09 [Instrument's time stamp, header]
# bad_flag = -9.990e-29
*END*
[from data line 766]
        767 203.142598    0.05319     3.1917    191.500  1025.4667  50967.599    32.0220     81.549    6.90132     6.8888     6.8950    25.0884   12.40361 4.1517e-02     82.334 0.0000e+00
        768 203.142601    0.05326     3.1958    191.750  1025.4673  50966.596    32.0213     81.800    6.90124     6.8890     6.8957    25.0878   12.40348 4.1559e-02     82.588 0.0000e+00
        769 203.142604    0.05333     3.2000    192.000  1025.4682  50966.384    32.0211     82.049    6.90119     6.8892     6.8960    25.0876   12.40341 4.1598e-02     82.839 0.0000e+00
        770 203.142607    0.05340     3.2042    192.250  1025.4693  50966.454    32.0211     82.293    6.90116     6.8893     6.8963    25.0875   12.40335 4.1636e-02     83.086 0.0000e+00
        771 203.142610    0.05347     3.2083    192.500  1025.4701  50966.023    32.0207     82.533    6.90114     6.8889     6.8965    25.0872   12.40332 4.1673e-02     83.329 0.0000e+00
        772 203.142613    0.05354     3.2125    192.750  1025.4707  50965.220    32.0201     82.769    6.90116     6.8881     6.8965    25.0867   12.40336 4.1714e-02     83.567 0.0000e+00
        773 203.142616    0.05361     3.2167    193.000  1025.4714  50964.759    32.0196     83.003    6.90123     6.8870     6.8962    25.0863   12.40350 4.1755e-02     83.803 0.0000e+00
        774 203.142619    0.05368     3.2208    193.250  1025.4724  50964.795    32.0194     83.237    6.90136     6.8856     6.8955    25.0863   12.40372 4.1786e-02     84.039 0.0000e+00
        775 203.142622    0.05375     3.2250    193.500  1025.4735  50964.942    32.0192     83.471    6.90154     6.8837     6.8944    25.0862   12.40401 4.1809e-02     84.276 0.0000e+00
        776 203.142624    0.05382     3.2292    193.750  1025.4744  50964.764    32.0187     83.707    6.90179     6.8809     6.8930    25.0860   12.40442 4.1831e-02     84.514 0.0000e+00
        777 203.142627    0.05389     3.2333    194.000  1025.4751  50964.133    32.0178     83.944    6.90213     6.8771     6.8911    25.0856   12.40501 4.1857e-02     84.753 0.0000e+00
        778 203.142630    0.05396     3.2375    194.250  1025.4758  50963.779    32.0170     84.180    6.90261     6.8728     6.8883    25.0853   12.40581 4.1888e-02     84.991 0.0000e+00
        779 203.142633    0.05403     3.2417    194.500  1025.4776  50965.315    32.0172     84.413    6.90320     6.8689     6.8846    25.0860   12.40677 4.1908e-02     85.227 0.0000e+00
        780 203.142636    0.05410     3.2458    194.750  1025.4807  50969.255    32.0191     84.643    6.90380     6.8661     6.8803    25.0880   12.40774 4.1907e-02     85.459 0.0000e+00
        781 203.142639    0.05417     3.2500    195.000  1025.4843  50974.035    32.0216     84.870    6.90430     6.8643     6.8764    25.0905   12.40854 4.1901e-02     85.688 0.0000e+00
        782 203.142642    0.05424     3.2542    195.250  1025.4874  50978.059    32.0238     85.093    6.90465     6.8634     6.8736    25.0926   12.40909 4.1897e-02     85.914 0.0000e+00
        783 203.142645    0.05431     3.2583    195.500  1025.4898  50980.802    32.0253     85.315    6.90486     6.8630     6.8719    25.0940   12.40942 4.1892e-02     86.137 0.0000e+00
        784 203.142648    0.05438     3.2625    195.750  1025.4916  50982.375    32.0261     85.535    6.90497     6.8628     6.8710    25.0948   12.40958 4.1893e-02     86.360 0.0000e+00
        785 203.142650    0.05444     3.2667    196.000  1025.4930  50983.190    32.0265     85.757    6.90502     6.8626     6.8706    25.0951   12.40966 4.1901e-02     86.584 0.0000e+00
        786 203.142653    0.05451     3.2708    196.250  1025.4942  50983.610    32.0266     85.981    6.90504     6.8625     6.8704    25.0953   12.40969 4.1906e-02     86.811 0.0000e+00
        787 203.142656    0.05458     3.2750    196.500  1025.4953  50983.764    32.0266     86.211    6.90506     6.8621     6.8702    25.0953   12.40973 4.1912e-02     87.043 0.0000e+00
        788 203.142659    0.05465     3.2792    196.750  1025.4962  50983.638    32.0264     86.448    6.90510     6.8615     6.8701    25.0951   12.40979 4.1934e-02     87.282 0.0000e+00
        789 203.142662    0.05472     3.2833    197.000  1025.4971  50983.259    32.0259     86.691    6.90517     6.8605     6.8698    25.0948   12.40991 4.1958e-02     87.528 0.0000e+00
        790 203.142665    0.05479     3.2875    197.250  1025.4979  50982.902    32.0254     86.939    6.90528     6.8592     6.8692    25.0945   12.41011 4.1973e-02     87.778 0.0000e+00
        791 203.142668    0.05486     3.2917    197.500  1025.4990  50982.974    32.0252     87.187    6.90545     6.8578     6.8682    25.0944   12.41039 4.1980e-02     88.029 0.0000e+00
        792 203.142671    0.05493     3.2958    197.750  1025.5004  50983.684    32.0254     87.431    6.90564     6.8565     6.8669    25.0947   12.41071 4.1977e-02     88.275 0.0000e+00
        793 203.142674    0.05500     3.3000    198.000  1025.5020  50984.810    32.0258     87.664    6.90584     6.8553     6.8655    25.0952   12.41104 4.1974e-02     88.511 0.0000e+00
        794 203.142677    0.05507     3.3042    198.250  1025.5035  50985.868    32.0262     87.885    6.90603     6.8540     6.8642    25.0957   12.41135 4.1978e-02     88.734 0.0000e+00
        795 203.142679    0.05514     3.3083    198.500  1025.5048  50986.598    32.0264     88.092    6.90622     6.8527     6.8630    25.0960   12.41166 4.1981e-02     88.942 0.0000e+00
        796 203.142682    0.05521     3.3125    198.750  1025.5059  50987.221    32.0265     88.286    6.90641     6.8514     6.8618    25.0963   12.41197 4.1982e-02     89.138 0.0000e+00
        797 203.142685    0.05528     3.3167    199.000  1025.5072  50988.157    32.0268     88.471    6.90660     6.8502     6.8605    25.0967   12.41228 4.1991e-02     89.325 0.0000e+00
        798 203.142688    0.05535     3.3208    199.250  1025.5087  50989.407    32.0274     88.652    6.90679     6.8493     6.8591    25.0973   12.41259 4.2010e-02     89.508 0.0000e+00
        799 203.142691    0.05542     3.3250    199.500  1025.5103  50990.886    32.0281     88.835    6.90695     6.8488     6.8580    25.0981   12.41283 4.2021e-02     89.693 0.0000e+00
        800 203.142694    0.05549     3.3292    199.750  1025.5119  50992.365    32.0288     89.025    6.90705     6.8485     6.8571    25.0988   12.41299 4.2012e-02     89.885 0.0000e+00
        801 203.142697    0.05556     3.3333    200.000  1025.5131  50993.043    32.0291     89.228    6.90711     6.8480     6.8566    25.0991   12.41310 4.1995e-02     90.090 0.0000e+00
        802 203.142700    0.05563     3.3375    200.250  1025.5139  50992.830    32.0288     89.448    6.90718     6.8472     6.8563    25.0989   12.41320 4.1980e-02     90.313 0.0000e+00
        803 203.142703    0.05569     3.3417    200.500  1025.5148  50992.487    32.0284     89.687    6.90727     6.8460     6.8559    25.0986   12.41336 4.1967e-02     90.554 0.0000e+00
        804 203.142705    0.05576     3.3458    200.750  1025.5158  50992.499    32.0281     89.941    6.90741     6.8447     6.8551    25.0985   12.41359 4.1959e-02     90.810 0.0000e+00
        805 203.142708    0.05583     3.3500    201.000  1025.5173  50993.195    32.0283     90.205    6.90758     6.8436     6.8540    25.0988   12.41388 4.1959e-02     91.077 0.0000e+00
        806 203.142711    0.05590     3.3542    201.250  1025.5192  50994.537    32.0289     90.477    6.90775     6.8428     6.8527    25.0994   12.41415 4.1965e-02     91.351 0.0000e+00
        807 203.142714    0.05597     3.3583    201.500  1025.5211  50995.830    32.0294     90.750    6.90790     6.8420     6.8516    25.1000   12.41438 4.1974e-02     91.627 0.0000e+00
        808 203.142717    0.05604     3.3625    201.750  1025.5227  50996.605    32.0297     91.020    6.90802     6.8412     6.8508    25.1003   12.41459 4.1989e-02     91.900 0.0000e+00
        809 203.142720    0.05611     3.3667    202.000  1025.5240  50997.059    32.0298     91.284    6.90814     6.8403     6.8500    25.1005   12.41479 4.2009e-02     92.166 0.0000e+00
        810 203.142723    0.05618     3.3708    202.250  1025.5254  50997.555    32.0299     91.539    6.90827     6.8394     6.8492    25.1006   12.41500 4.2023e-02     92.423 0.0000e+00
        811 203.142726    0.05625     3.3750    202.500  1025.5268  50998.273    32.0301     91.781    6.90840     6.8386     6.8483    25.1009   12.41521 4.2033e-02     92.668 0.0000e+00
        812 203.142729    0.05632     3.3792    202.750  1025.5283  50999.189    32.0304     92.010    6.90852     6.8380     6.8475    25.1013   12.41540 4.2040e-02     92.899 0.0000e+00
        813 203.142731    0.05639     3.3833    203.000  1025.5297  51000.115    32.0308     92.226    6.90863     6.8375     6.8467    25.1017   12.41557 4.2042e-02     93.118 0.0000e+00
        814 203.142734    0.05646     3.3875    203.250  1025.5310  51000.868    32.0311     92.430    6.90871     6.8371     6.8461    25.1021   12.41571 4.2039e-02     93.323 0.0000e+00
        815 203.142737    0.05653     3.3917    203.500  1025.5321  51001.384    32.0313     92.622    6.90878     6.8367     6.8456    25.1023   12.41582 4.2035e-02     93.518 0.0000e+00
        816 203.142740    0.05660     3.3958    203.750  1025.5330  51001.675    32.0314     92.808    6.90884     6.8362     6.8452    25.1024   12.41592 4.2029e-02     93.705 0.0000e+00
        817 203.142743    0.05667     3.4000    204.000  1025.5338  51001.779    32.0313     92.990    6.90890     6.8355     6.8448    25.1024   12.41602 4.2024e-02     93.888 0.0000e+00
        818 203.142746    0.05674     3.4042    204.250  1025.5346  51001.756    32.0311     93.173    6.90898     6.8347     6.8444    25.1023   12.41616 4.2031e-02     94.074 0.0000e+00
        819 203.142749    0.05681     3.4083    204.500  1025.5355  51001.862    32.0310     93.363    6.90909     6.8338     6.8437    25.1022   12.41634 4.2046e-02     94.265 0.0000e+00
        820 203.142752    0.05688     3.4125    204.750  1025.5366  51002.413    32.0311     93.563    6.90921     6.8330     6.8429    25.1025   12.41654 4.2055e-02     94.467 0.0000e+00
        821 203.142755    0.05694     3.4167    205.000  1025.5380  51003.279    32.0314     93.774    6.90934     6.8323     6.8421    25.1029   12.41674 4.2058e-02     94.680 0.0000e+00
        822 203.142758    0.05701     3.4208    205.250  1025.5394  51004.145    32.0318     93.998    6.90945     6.8317     6.8413    25.1033   12.41692 4.2060e-02     94.907 0.0000e+00
        823 203.142760    0.05708     3.4250    205.500  1025.5409  51005.006    32.0322     94.237    6.90954     6.8312     6.8406    25.1037   12.41708 4.2057e-02     95.148 0.0000e+00
        824 203.142763    0.05715     3.4292    205.750  1025.5424  51005.844    32.0325     94.487    6.90962     6.8309     6.8400    25.1040   12.41720 4.2045e-02     95.401 0.0000e+00
        825 203.142766    0.05722     3.4333    206.000  1025.5439  51006.514    32.0328     94.744    6.90968     6.8306     6.8395    25.1043   12.41729 4.2034e-02     95.661 0.0000e+00
        826 203.142769    0.05729     3.4375    206.250  1025.5452  51006.966    32.0329     95.002    6.90973     6.8303     6.8392    25.1044   12.41736 4.2031e-02     95.921 0.0000e+00
        827 203.142772    0.05736     3.4417    206.500  1025.5465  51007.297    32.0330     95.255    6.90977     6.8301     6.8389    25.1045   12.41743 4.2032e-02     96.176 0.0000e+00
        828 203.142775    0.05743     3.4458    206.750  1025.5478  51007.670    32.0331     95.500    6.90980     6.8300     6.8387    25.1046   12.41749 4.2034e-02     96.424 0.0000e+00
        829 203.142778    0.05750     3.4500    207.000  1025.5490  51008.159    32.0333     95.734    6.90982     6.8301     6.8385    25.1048   12.41752 4.2034e-02     96.660 0.0000e+00
        830 203.142781    0.05757     3.4542    207.250  1025.5503  51008.673    32.0335     95.955    6.90982     6.8303     6.8384    25.1050   12.41751 4.2043e-02     96.883 0.0000e+00
        831 203.142784    0.05764     3.4583    207.500  1025.5513  51008.869    32.0336     96.164    6.90979     6.8304     6.8386    25.1050   12.41747 4.2059e-02     97.095 0.0000e+00
        832 203.142786    0.05771     3.4625    207.750  1025.5520  51008.578    32.0333     96.363    6.90977     6.8303     6.8388    25.1048   12.41744 4.2069e-02     97.295 0.0000e+00
        833 203.142789    0.05778     3.4667    208.000  1025.5526  51008.240    32.0330     96.555    6.90977     6.8302     6.8389    25.1045   12.41743 4.2075e-02     97.489 0.0000e+00
        834 203.142792    0.05785     3.4708    208.250  1025.5534  51008.236    32.0329     96.743    6.90978     6.8301     6.8388    25.1045   12.41745 4.2082e-02     97.679 0.0000e+00
        835 203.142795    0.05792     3.4750    208.500  1025.5543  51008.477    32.0330     96.929    6.90980     6.8299     6.8387    25.1045   12.41748 4.2084e-02     97.866 0.0000e+00
        836 203.142798    0.05799     3.4792    208.750  1025.5552  51008.611    32.0330     97.114    6.90982     6.8296     6.8386    25.1045   12.41752 4.2084e-02     98.053 0.0000e+00
        837 203.142801    0.05806     3.4833    209.000  1025.5559  51008.413    32.0327     97.301    6.90985     6.8290     6.8384    25.1044   12.41758 4.2087e-02     98.242 0.0000e+00
        838 203.142804    0.05813     3.4875    209.250  1025.5566  51008.263    32.0325     97.492    6.90992     6.8284     6.8381    25.1042   12.41768 4.2097e-02     98.435 0.0000e+00
        839 203.142807    0.05819     3.4917    209.500  1025.5576  51008.646    32.0325     97.690    6.91000     6.8279     6.8376    25.1043   12.41782 4.2117e-02     98.635 0.0000e+00
        840 203.142810    0.05826     3.4958    209.750  1025.5590  51009.431    32.0329     97.897    6.91008     6.8275     6.8370    25.1047   12.41795 4.2139e-02     98.845 0.0000e+00
        841 203.142812    0.05833     3.5000    210.000  1025.5604  51010.254    32.0332     98.116    6.91015     6.8272     6.8364    25.1051   12.41806 4.2157e-02     99.065 0.0000e+00
        842 203.142815    0.05840     3.5042    210.250  1025.5617  51010.937    32.0335     98.343    6.91019     6.8271     6.8361    25.1053   12.41812 4.2167e-02     99.295 0.0000e+00
        843 203.142818    0.05847     3.5083    210.500  1025.5629  51011.439    32.0337     98.578    6.91022     6.8270     6.8359    25.1055   12.41816 4.2162e-02     99.533 0.0000e+00
        844 203.142821    0.05854     3.5125    210.750  1025.5642  51011.835    32.0339     98.819    6.91023     6.8270     6.8358    25.1057   12.41818 4.2145e-02     99.776 0.0000e+00
        845 203.142824    0.05861     3.5167    211.000  1025.5654  51012.117    32.0340     99.064    6.91023     6.8270     6.8357    25.1057   12.41818 4.2131e-02    100.023 0.0000e+00
        846 203.142827    0.05868     3.5208    211.250  1025.5665  51012.208    32.0339     99.312    6.91023     6.8268     6.8357    25.1057   12.41819 4.2129e-02    100.274 0.0000e+00
        847 203.142830    0.05875     3.5250    211.500  1025.5676  51012.185    32.0338     99.562    6.91024     6.8267     6.8357    25.1056   12.41821 4.2138e-02    100.526 0.0000e+00
        848 203.142833    0.05882     3.5292    211.750  1025.5687  51012.285    32.0337     99.813    6.91026     6.8265     6.8356    25.1056   12.41824 4.2147e-02    100.780 0.0000e+00
        849 203.142836    0.05889     3.5333    212.000  1025.5700  51012.598    32.0338    100.064    6.91028     6.8265     6.8355    25.1056   12.41827 4.2152e-02    101.033 0.0000e+00
        850 203.142839    0.05896     3.5375    212.250  1025.5713  51013.002    32.0339    100.313    6.91029     6.8265     6.8354    25.1057   12.41829 4.2153e-02    101.285 0.0000e+00
        851 203.142841    0.05903     3.5417    212.500  1025.5725  51013.358    32.0340    100.559    6.91029     6.8266     6.8353    25.1058   12.41828 4.2159e-02    101.533 0.0000e+00
