CTD-processing/allCTD/CNV--homogene/2013_04-19_t6_s12_cast071.cnv
* Sea-Bird SBE19plus Data File:
* FileName = C:\Documents and Settings\kris.holderied.local\My Documents\2012-2013-CTD-DATA-new-files\2013-04-EVOSTC-CookInlet-Ocean\2013-04-19-CookInlet-Tran6-Douglas\2013-04-19-CookInlet-Tran6-cast071.hex
* Software Version 1.54
* Temperature SN =  5028
* Conductivity SN =  5028
* System UpLoad Time = Apr 19 2013 22:39:14
** Cook Inlet LTM Transect 6 (Douglas line) West to East
** Date:  2013-04-19
** Station:  6-12
** Start time (AKDT-24 hr):  16:39
** Depth (m): 140
** Comment:  CTD time set wrong
** Comment:
# nquan = 17
# nvalues = 884                         
# units = specified
# name 0 = scan: Scan Count
# name 1 = timeJ: Julian Days
# name 2 = timeH: Time, Elapsed [hours]
# name 3 = timeM: Time, Elapsed [minutes]
# name 4 = timeS: Time, Elapsed [seconds]
# name 5 = density00: Density [density, kg/m^3]
# name 6 = specc: Specific Conductance [uS/cm]
# name 7 = sal00: Salinity, Practical [PSU]
# name 8 = depSM: Depth [salt water, m], lat = 59.00
# name 9 = oxsolML/L: Oxygen Saturation, Garcia & Gordon [ml/l]
# name 10 = potemp090C: Potential Temperature [ITS-90, deg C]
# name 11 = tv290C: Temperature [ITS-90, deg C]
# name 12 = sigma-é00: Density [sigma-theta, kg/m^3]
# name 13 = n2satML/L: Nitrogen Saturation [ml/l]
# name 14 = par: PAR/Irradiance, Biospherical/Licor
# name 15 = prdM: Pressure, Strain Gauge [db]
# name 16 = flag:  0.000e+00
# span 0 =          1,        884       
# span 1 = 109.694363, 109.696918       
# span 2 =    0.00000,    0.06132       
# span 3 =     0.0000,     3.6792       
# span 4 =      0.000,    220.750       
# span 5 =  1000.0204,  1026.1666       
# span 6 =    126.168,  52112.616       
# span 7 =     0.0557,    32.1189       
# span 8 =      0.084,    138.162       
# span 9 =    7.34710,    9.17855       
# span 10 =     3.7841,     4.2682      
# span 11 =     3.7924,     4.2682      
# span 12 =     0.0200,    25.5154      
# span 13 =   13.14063,   16.66121      
# span 14 = 3.7912e-02, 1.2768e+03      
# span 15 =      0.085,    139.512      
# span 16 = 0.0000e+00, 0.0000e+00      
# interval = seconds: 0.25
# start_time = Apr 19 2013 16:39:53 [Instrument's time stamp, header]
# bad_flag = -9.990e-29
*END*
[from data line 426]
        427 109.695596    0.02958     1.7750    106.500  1025.5056  51683.199    31.9695     30.740    7.36583     4.1555     4.1599    25.3607   13.17139 1.3749e+00     31.032 0.0000e+00
        428 109.695599    0.02965     1.7792    106.750  1025.5068  51683.539    31.9694     30.991    7.36604     4.1541     4.1588    25.3607   13.17173 1.3160e+00     31.286 0.0000e+00
        429 109.695602    0.02972     1.7833    107.000  1025.5080  51684.024    31.9693     31.239    7.36627     4.1527     4.1575    25.3607   13.17211 1.2606e+00     31.536 0.0000e+00
        430 109.695605    0.02979     1.7875    107.250  1025.5094  51684.793    31.9694     31.487    7.36651     4.1512     4.1561    25.3609   13.17252 1.2076e+00     31.786 0.0000e+00
        431 109.695608    0.02986     1.7917    107.500  1025.5108  51685.707    31.9695     31.736    7.36676     4.1496     4.1547    25.3612   13.17293 1.1563e+00     32.037 0.0000e+00
        432 109.695611    0.02993     1.7958    107.750  1025.5121  51686.332    31.9695     31.989    7.36703     4.1477     4.1532    25.3613   13.17337 1.1062e+00     32.293 0.0000e+00
        433 109.695613    0.03000     1.8000    108.000  1025.5132  51686.608    31.9691     32.249    7.36733     4.1456     4.1517    25.3612   13.17387 1.0573e+00     32.556 0.0000e+00
        434 109.695616    0.03007     1.8042    108.250  1025.5144  51687.095    31.9689     32.518    7.36767     4.1433     4.1499    25.3612   13.17443 1.0096e+00     32.828 0.0000e+00
        435 109.695619    0.03014     1.8083    108.500  1025.5160  51688.036    31.9689     32.797    7.36804     4.1409     4.1478    25.3614   13.17505 9.6321e-01     33.109 0.0000e+00
        436 109.695622    0.03021     1.8125    108.750  1025.5177  51689.249    31.9690     33.084    7.36845     4.1382     4.1455    25.3618   13.17571 9.1859e-01     33.399 0.0000e+00
        437 109.695625    0.03028     1.8167    109.000  1025.5193  51690.296    31.9690     33.377    7.36888     4.1352     4.1430    25.3620   13.17643 8.7633e-01     33.695 0.0000e+00
        438 109.695628    0.03035     1.8208    109.250  1025.5208  51691.123    31.9688     33.673    7.36936     4.1321     4.1404    25.3621   13.17723 8.3682e-01     33.994 0.0000e+00
        439 109.695631    0.03042     1.8250    109.500  1025.5226  51692.746    31.9691     33.969    7.36988     4.1291     4.1374    25.3626   13.17808 8.0031e-01     34.292 0.0000e+00
        440 109.695634    0.03049     1.8292    109.750  1025.5252  51695.672    31.9702     34.261    7.37039     4.1265     4.1343    25.3638   13.17891 7.6694e-01     34.587 0.0000e+00
        441 109.695637    0.03056     1.8333    110.000  1025.5281  51699.190    31.9717     34.548    7.37084     4.1244     4.1313    25.3653   13.17963 7.3665e-01     34.877 0.0000e+00
        442 109.695639    0.03062     1.8375    110.250  1025.5310  51702.762    31.9734     34.827    7.37121     4.1229     4.1288    25.3669   13.18022 7.0903e-01     35.158 0.0000e+00
        443 109.695642    0.03069     1.8417    110.500  1025.5339  51706.407    31.9752     35.099    7.37149     4.1218     4.1267    25.3686   13.18066 6.8345e-01     35.433 0.0000e+00
        444 109.695645    0.03076     1.8458    110.750  1025.5369  51709.970    31.9772     35.367    7.37167     4.1212     4.1252    25.3703   13.18093 6.5932e-01     35.704 0.0000e+00
        445 109.695648    0.03083     1.8500    111.000  1025.5396  51713.031    31.9789     35.634    7.37177     4.1209     4.1241    25.3717   13.18107 6.3624e-01     35.974 0.0000e+00
        446 109.695651    0.03090     1.8542    111.250  1025.5420  51715.364    31.9802     35.904    7.37182     4.1207     4.1235    25.3728   13.18112 6.1387e-01     36.246 0.0000e+00
        447 109.695654    0.03097     1.8583    111.500  1025.5441  51717.023    31.9812     36.179    7.37183     4.1207     4.1232    25.3736   13.18113 5.9188e-01     36.524 0.0000e+00
        448 109.695657    0.03104     1.8625    111.750  1025.5459  51718.235    31.9818     36.464    7.37182     4.1207     4.1231    25.3741   13.18111 5.7000e-01     36.811 0.0000e+00
        449 109.695660    0.03111     1.8667    112.000  1025.5477  51719.248    31.9823     36.758    7.37180     4.1208     4.1231    25.3745   13.18106 5.4791e-01     37.108 0.0000e+00
        450 109.695663    0.03118     1.8708    112.250  1025.5496  51720.178    31.9828     37.064    7.37176     4.1209     4.1231    25.3749   13.18100 5.2546e-01     37.417 0.0000e+00
        451 109.695666    0.03125     1.8750    112.500  1025.5515  51721.122    31.9833     37.381    7.37172     4.1211     4.1232    25.3753   13.18093 5.0293e-01     37.737 0.0000e+00
        452 109.695668    0.03132     1.8792    112.750  1025.5535  51722.276    31.9840     37.708    7.37166     4.1215     4.1234    25.3758   13.18082 4.8073e-01     38.068 0.0000e+00
        453 109.695671    0.03139     1.8833    113.000  1025.5558  51723.843    31.9849     38.044    7.37156     4.1222     4.1236    25.3766   13.18066 4.5918e-01     38.407 0.0000e+00
        454 109.695674    0.03146     1.8875    113.250  1025.5584  51725.753    31.9862     38.384    7.37142     4.1231     4.1241    25.3775   13.18041 4.3873e-01     38.750 0.0000e+00
        455 109.695677    0.03153     1.8917    113.500  1025.5608  51727.432    31.9873     38.721    7.37124     4.1239     4.1248    25.3784   13.18009 4.1985e-01     39.090 0.0000e+00
        456 109.695680    0.03160     1.8958    113.750  1025.5628  51728.340    31.9880     39.047    7.37105     4.1247     4.1257    25.3788   13.17977 4.0292e-01     39.419 0.0000e+00
        457 109.695683    0.03167     1.9000    114.000  1025.5644  51728.610    31.9882     39.354    7.37088     4.1252     4.1266    25.3789   13.17949 3.8813e-01     39.729 0.0000e+00
        458 109.695686    0.03174     1.9042    114.250  1025.5657  51728.617    31.9882     39.636    7.37075     4.1255     4.1273    25.3788   13.17926 3.7560e-01     40.014 0.0000e+00
        459 109.695689    0.03181     1.9083    114.500  1025.5668  51728.566    31.9882     39.889    7.37065     4.1257     4.1278    25.3788   13.17909 3.6528e-01     40.270 0.0000e+00
        460 109.695692    0.03188     1.9125    114.750  1025.5678  51728.576    31.9882     40.112    7.37059     4.1256     4.1282    25.3787   13.17899 3.5683e-01     40.495 0.0000e+00
        461 109.695694    0.03194     1.9167    115.000  1025.5687  51728.717    31.9882     40.308    7.37056     4.1254     4.1283    25.3787   13.17895 3.4974e-01     40.692 0.0000e+00
        462 109.695697    0.03201     1.9208    115.250  1025.5697  51729.121    31.9884     40.481    7.37056     4.1251     4.1283    25.3789   13.17895 3.4352e-01     40.867 0.0000e+00
        463 109.695700    0.03208     1.9250    115.500  1025.5707  51729.853    31.9888     40.643    7.37058     4.1249     4.1280    25.3792   13.17898 3.3762e-01     41.031 0.0000e+00
        464 109.695703    0.03215     1.9292    115.750  1025.5719  51730.782    31.9892     40.806    7.37060     4.1247     4.1278    25.3796   13.17901 3.3152e-01     41.195 0.0000e+00
        465 109.695706    0.03222     1.9333    116.000  1025.5732  51731.750    31.9898     40.982    7.37062     4.1246     4.1276    25.3800   13.17902 3.2483e-01     41.373 0.0000e+00
        466 109.695709    0.03229     1.9375    116.250  1025.5745  51732.681    31.9903     41.183    7.37062     4.1247     4.1274    25.3804   13.17902 3.1728e-01     41.576 0.0000e+00
        467 109.695712    0.03236     1.9417    116.500  1025.5760  51733.595    31.9908     41.417    7.37060     4.1248     4.1274    25.3808   13.17899 3.0872e-01     41.812 0.0000e+00
        468 109.695715    0.03243     1.9458    116.750  1025.5777  51734.519    31.9913     41.689    7.37057     4.1250     4.1274    25.3812   13.17893 2.9916e-01     42.087 0.0000e+00
        469 109.695718    0.03250     1.9500    117.000  1025.5795  51735.426    31.9918     42.000    7.37052     4.1252     4.1276    25.3816   13.17884 2.8874e-01     42.402 0.0000e+00
        470 109.695720    0.03257     1.9542    117.250  1025.5815  51736.226    31.9922     42.348    7.37046     4.1254     4.1278    25.3819   13.17873 2.7774e-01     42.753 0.0000e+00
        471 109.695723    0.03264     1.9583    117.500  1025.5835  51736.840    31.9925     42.723    7.37040     4.1256     4.1281    25.3821   13.17863 2.6652e-01     43.132 0.0000e+00
        472 109.695726    0.03271     1.9625    117.750  1025.5854  51737.329    31.9927     43.115    7.37035     4.1256     4.1283    25.3823   13.17854 2.5544e-01     43.527 0.0000e+00
        473 109.695729    0.03278     1.9667    118.000  1025.5874  51737.794    31.9928     43.507    7.37031     4.1256     4.1285    25.3824   13.17848 2.4495e-01     43.923 0.0000e+00
        474 109.695732    0.03285     1.9708    118.250  1025.5893  51738.262    31.9930     43.888    7.37029     4.1255     4.1285    25.3825   13.17844 2.3541e-01     44.307 0.0000e+00
        475 109.695735    0.03292     1.9750    118.500  1025.5911  51738.733    31.9931     44.244    7.37028     4.1253     4.1285    25.3826   13.17843 2.2699e-01     44.667 0.0000e+00
        476 109.695738    0.03299     1.9792    118.750  1025.5927  51739.219    31.9933     44.568    7.37029     4.1250     4.1285    25.3828   13.17844 2.1976e-01     44.994 0.0000e+00
        477 109.695741    0.03306     1.9833    119.000  1025.5942  51739.744    31.9934     44.852    7.37032     4.1245     4.1283    25.3829   13.17849 2.1378e-01     45.280 0.0000e+00
        478 109.695744    0.03313     1.9875    119.250  1025.5956  51740.341    31.9936     45.096    7.37036     4.1240     4.1279    25.3831   13.17856 2.0891e-01     45.527 0.0000e+00
        479 109.695747    0.03319     1.9917    119.500  1025.5968  51741.025    31.9939     45.306    7.37043     4.1235     4.1275    25.3833   13.17866 2.0487e-01     45.739 0.0000e+00
        480 109.695749    0.03326     1.9958    119.750  1025.5980  51741.761    31.9942     45.493    7.37050     4.1231     4.1270    25.3836   13.17877 2.0132e-01     45.927 0.0000e+00
        481 109.695752    0.03333     2.0000    120.000  1025.5991  51742.478    31.9945     45.669    7.37057     4.1226     4.1266    25.3839   13.17889 1.9794e-01     46.105 0.0000e+00
        482 109.695755    0.03340     2.0042    120.250  1025.6002  51743.129    31.9947     45.848    7.37064     4.1221     4.1261    25.3841   13.17900 1.9446e-01     46.287 0.0000e+00
        483 109.695758    0.03347     2.0083    120.500  1025.6013  51743.711    31.9949     46.044    7.37071     4.1215     4.1257    25.3843   13.17910 1.9066e-01     46.485 0.0000e+00
        484 109.695761    0.03354     2.0125    120.750  1025.6026  51744.301    31.9951     46.266    7.37078     4.1207     4.1252    25.3845   13.17922 1.8640e-01     46.708 0.0000e+00
        485 109.695764    0.03361     2.0167    121.000  1025.6040  51744.957    31.9953     46.518    7.37088     4.1197     4.1246    25.3847   13.17938 1.8169e-01     46.962 0.0000e+00
        486 109.695767    0.03368     2.0208    121.250  1025.6056  51745.806    31.9955     46.797    7.37101     4.1184     4.1238    25.3850   13.17959 1.7667e-01     47.244 0.0000e+00
        487 109.695770    0.03375     2.0250    121.500  1025.6074  51747.050    31.9959     47.097    7.37117     4.1170     4.1228    25.3854   13.17986 1.7154e-01     47.547 0.0000e+00
        488 109.695773    0.03382     2.0292    121.750  1025.6095  51748.640    31.9966     47.408    7.37137     4.1156     4.1215    25.3861   13.18018 1.6648e-01     47.861 0.0000e+00
        489 109.695775    0.03389     2.0333    122.000  1025.6117  51750.392    31.9973     47.722    7.37158     4.1142     4.1201    25.3868   13.18052 1.6161e-01     48.178 0.0000e+00
        490 109.695778    0.03396     2.0375    122.250  1025.6138  51752.176    31.9980     48.030    7.37180     4.1128     4.1187    25.3875   13.18087 1.5702e-01     48.489 0.0000e+00
        491 109.695781    0.03403     2.0417    122.500  1025.6159  51753.876    31.9987     48.329    7.37201     4.1115     4.1173    25.3882   13.18121 1.5274e-01     48.791 0.0000e+00
        492 109.695784    0.03410     2.0458    122.750  1025.6179  51755.473    31.9993     48.617    7.37222     4.1103     4.1160    25.3888   13.18154 1.4874e-01     49.081 0.0000e+00
        493 109.695787    0.03417     2.0500    123.000  1025.6198  51757.022    31.9999     48.897    7.37242     4.1092     4.1147    25.3894   13.18186 1.4495e-01     49.364 0.0000e+00
        494 109.695790    0.03424     2.0542    123.250  1025.6217  51758.515    32.0005     49.173    7.37260     4.1083     4.1136    25.3900   13.18216 1.4131e-01     49.643 0.0000e+00
        495 109.695793    0.03431     2.0583    123.500  1025.6235  51759.879    32.0010     49.450    7.37277     4.1074     4.1125    25.3905   13.18242 1.3777e-01     49.923 0.0000e+00
        496 109.695796    0.03438     2.0625    123.750  1025.6253  51761.079    32.0015     49.735    7.37291     4.1066     4.1116    25.3909   13.18266 1.3425e-01     50.210 0.0000e+00
        497 109.695799    0.03444     2.0667    124.000  1025.6271  51762.106    32.0019     50.033    7.37304     4.1058     4.1107    25.3913   13.18287 1.3073e-01     50.512 0.0000e+00
        498 109.695802    0.03451     2.0708    124.250  1025.6288  51762.915    32.0021     50.347    7.37317     4.1048     4.1100    25.3916   13.18308 1.2720e-01     50.829 0.0000e+00
        499 109.695804    0.03458     2.0750    124.500  1025.6306  51763.610    32.0022     50.678    7.37331     4.1038     4.1091    25.3917   13.18331 1.2372e-01     51.163 0.0000e+00
        500 109.695807    0.03465     2.0792    124.750  1025.6324  51764.427    32.0023     51.023    7.37347     4.1026     4.1082    25.3920   13.18357 1.2029e-01     51.511 0.0000e+00
        501 109.695810    0.03472     2.0833    125.000  1025.6344  51765.407    32.0025     51.377    7.37364     4.1014     4.1071    25.3923   13.18386 1.1694e-01     51.868 0.0000e+00
        502 109.695813    0.03479     2.0875    125.250  1025.6363  51766.389    32.0028     51.728    7.37384     4.1001     4.1060    25.3926   13.18417 1.1378e-01     52.223 0.0000e+00
        503 109.695816    0.03486     2.0917    125.500  1025.6381  51767.326    32.0029     52.064    7.37404     4.0986     4.1048    25.3928   13.18451 1.1090e-01     52.563 0.0000e+00
        504 109.695819    0.03493     2.0958    125.750  1025.6399  51768.311    32.0031     52.370    7.37427     4.0971     4.1035    25.3931   13.18488 1.0840e-01     52.871 0.0000e+00
        505 109.695822    0.03500     2.1000    126.000  1025.6414  51769.241    32.0033     52.635    7.37452     4.0954     4.1021    25.3934   13.18529 1.0637e-01     53.139 0.0000e+00
        506 109.695825    0.03507     2.1042    126.250  1025.6426  51770.076    32.0034     52.854    7.37479     4.0938     4.1005    25.3936   13.18573 1.0480e-01     53.360 0.0000e+00
        507 109.695828    0.03514     2.1083    126.500  1025.6439  51771.281    32.0037     53.028    7.37507     4.0924     4.0989    25.3940   13.18619 1.0364e-01     53.536 0.0000e+00
        508 109.695830    0.03521     2.1125    126.750  1025.6454  51773.160    32.0045     53.164    7.37532     4.0915     4.0973    25.3948   13.18660 1.0279e-01     53.673 0.0000e+00
        509 109.695833    0.03528     2.1167    127.000  1025.6468  51775.222    32.0056     53.275    7.37551     4.0909     4.0959    25.3958   13.18690 1.0209e-01     53.784 0.0000e+00
        510 109.695836    0.03535     2.1208    127.250  1025.6479  51776.529    32.0062     53.376    7.37564     4.0902     4.0950    25.3963   13.18711 1.0135e-01     53.886 0.0000e+00
