CTD-processing/allCTD/CNV--homogene/2013_03-15_t9_s10_cast057.cnv
* Sea-Bird SBE19plus Data File:
* FileName = C:\Documents and Settings\kris.holderied.local\My Documents\2012-2013-CTD-DATA-new-files\2013-03-15-CTD-HomerSpitLine-LTM\2013-03-15-HomerSpitLine-cast057.hex
* Software Version 1.54
* Temperature SN =  5028
* Conductivity SN =  5028
* System UpLoad Time = Apr 19 2013 01:17:52
** Kachemak Bay - Spit Line LTM monthly transect
** Date:  2013-03-15
** Station:  9-10
** Start time (AKDT-24 hr): 1913
** Depth (ft): 202
** Comment:  CTD time set wrong
** Comment: Flow meter start 0021253 end 0023073
# nquan = 17
# nvalues = 689                         
# units = specified
# name 0 = scan: Scan Count
# name 1 = timeJ: Julian Days
# name 2 = timeH: Time, Elapsed [hours]
# name 3 = timeM: Time, Elapsed [minutes]
# name 4 = timeS: Time, Elapsed [seconds]
# name 5 = density00: Density [density, kg/m^3]
# name 6 = specc: Specific Conductance [uS/cm]
# name 7 = sal00: Salinity, Practical [PSU]
# name 8 = depSM: Depth [salt water, m], lat = 59.00
# name 9 = oxsolML/L: Oxygen Saturation, Garcia & Gordon [ml/l]
# name 10 = potemp090C: Potential Temperature [ITS-90, deg C]
# name 11 = tv290C: Temperature [ITS-90, deg C]
# name 12 = sigma-é00: Density [sigma-theta, kg/m^3]
# name 13 = n2satML/L: Nitrogen Saturation [ml/l]
# name 14 = par: PAR/Irradiance, Biospherical/Licor
# name 15 = prdM: Pressure, Strain Gauge [db]
# name 16 = flag:  0.000e+00
# span 0 =          1,        689       
# span 1 =  74.841806,  74.843796       
# span 2 =    0.00000,    0.04778       
# span 3 =     0.0000,     2.8667       
# span 4 =      0.000,    172.000       
# span 5 =   999.9352,  1025.4434       
# span 6 =      2.725,  51595.531       
# span 7 =     0.0008,    31.6026       
# span 8 =     -0.103,     58.023       
# span 9 =  -98.80022,    9.67855       
# span 10 =     1.7667,     3.0568      
# span 11 =     1.7639,     3.0595      
# span 12 =    -0.0643,    25.1708      
# span 13 =   13.54188,   17.60276      
# span 14 = 3.7912e-02, 8.7452e+02      
# span 15 =     -0.103,     58.579      
# span 16 = 0.0000e+00, 0.0000e+00      
# interval = seconds: 0.25
# start_time = Mar 15 2013 20:12:12 [Instrument's time stamp, header]
# bad_flag = -9.990e-29
*END*
[from data line 511]
        512  74.843284    0.03549     2.1292    127.750  1025.2991  51564.458    31.5638     30.642    7.62364     2.8872     2.8733    25.1535   13.60211 3.7912e-02     30.934 0.0000e+00
        513  74.843287    0.03556     2.1333    128.000  1025.3045  51571.118    31.5700     30.851    7.62204     2.8974     2.8800    25.1579   13.59939 3.7912e-02     31.145 0.0000e+00
        514  74.843290    0.03562     2.1375    128.250  1025.3087  51575.074    31.5749     31.057    7.62011     2.9078     2.8889    25.1611   13.59613 3.7912e-02     31.352 0.0000e+00
        515  74.843293    0.03569     2.1417    128.500  1025.3102  51573.809    31.5767     31.259    7.61807     2.9172     2.8991    25.1617   13.59274 3.7912e-02     31.556 0.0000e+00
        516  74.843296    0.03576     2.1458    128.750  1025.3091  51567.709    31.5753     31.457    7.61617     2.9251     2.9096    25.1597   13.58962 3.7912e-02     31.756 0.0000e+00
        517  74.843299    0.03583     2.1500    129.000  1025.3075  51560.947    31.5731     31.652    7.61451     2.9324     2.9189    25.1572   13.58691 3.7912e-02     31.953 0.0000e+00
        518  74.843302    0.03590     2.1542    129.250  1025.3076  51557.699    31.5729     31.846    7.61300     2.9391     2.9269    25.1564   13.58443 3.7912e-02     32.149 0.0000e+00
        519  74.843304    0.03597     2.1583    129.500  1025.3080  51555.052    31.5730     32.041    7.61162     2.9441     2.9342    25.1558   13.58215 3.7912e-02     32.345 0.0000e+00
        520  74.843307    0.03604     2.1625    129.750  1025.3055  51547.189    31.5693     32.237    7.61053     2.9461     2.9410    25.1524   13.58041 3.7912e-02     32.544 0.0000e+00
        521  74.843310    0.03611     2.1667    130.000  1025.3004  51534.995    31.5623     32.437    7.60995     2.9451     2.9460    25.1464   13.57954 3.7912e-02     32.745 0.0000e+00
        522  74.843313    0.03618     2.1708    130.250  1025.2960  51524.806    31.5558     32.639    7.60992     2.9429     2.9479    25.1410   13.57958 3.7912e-02     32.950 0.0000e+00
        523  74.843316    0.03625     2.1750    130.500  1025.2953  51521.964    31.5535     32.846    7.61023     2.9415     2.9469    25.1393   13.58011 3.7912e-02     33.158 0.0000e+00
        524  74.843319    0.03632     2.1792    130.750  1025.2987  51527.116    31.5563     33.055    7.61050     2.9422     2.9447    25.1417   13.58052 3.7912e-02     33.369 0.0000e+00
        525  74.843322    0.03639     2.1833    131.000  1025.3044  51536.420    31.5622     33.266    7.61046     2.9454     2.9433    25.1465   13.58037 3.7912e-02     33.582 0.0000e+00
        526  74.843325    0.03646     2.1875    131.250  1025.3106  51545.907    31.5687     33.479    7.60998     2.9513     2.9441    25.1516   13.57950 3.7912e-02     33.797 0.0000e+00
        527  74.843328    0.03653     2.1917    131.500  1025.3170  51555.315    31.5758     33.692    7.60899     2.9593     2.9473    25.1570   13.57778 3.7912e-02     34.013 0.0000e+00
        528  74.843330    0.03660     2.1958    131.750  1025.3226  51562.636    31.5822     33.906    7.60755     2.9678     2.9532    25.1616   13.57531 3.7912e-02     34.228 0.0000e+00
        529  74.843333    0.03667     2.2000    132.000  1025.3245  51562.475    31.5841     34.118    7.60594     2.9750     2.9612    25.1625   13.57262 3.7912e-02     34.442 0.0000e+00
        530  74.843336    0.03674     2.2042    132.250  1025.3228  51555.591    31.5816     34.328    7.60446     2.9801     2.9697    25.1598   13.57022 3.7912e-02     34.655 0.0000e+00
        531  74.843339    0.03681     2.2083    132.500  1025.3200  51546.984    31.5776     34.537    7.60330     2.9830     2.9769    25.1560   13.56837 3.7912e-02     34.866 0.0000e+00
        532  74.843342    0.03687     2.2125    132.750  1025.3167  51538.118    31.5728     34.744    7.60257     2.9834     2.9821    25.1518   13.56723 3.7912e-02     35.075 0.0000e+00
        533  74.843345    0.03694     2.2167    133.000  1025.3128  51528.448    31.5669     34.949    7.60233     2.9816     2.9850    25.1469   13.56691 3.7912e-02     35.282 0.0000e+00
        534  74.843348    0.03701     2.2208    133.250  1025.3092  51520.139    31.5613     35.154    7.60253     2.9788     2.9854    25.1423   13.56732 3.7912e-02     35.489 0.0000e+00
        535  74.843351    0.03708     2.2250    133.500  1025.3085  51517.485    31.5589     35.358    7.60299     2.9764     2.9836    25.1406   13.56811 3.7912e-02     35.695 0.0000e+00
        536  74.843354    0.03715     2.2292    133.750  1025.3106  51520.516    31.5601     35.563    7.60347     2.9748     2.9808    25.1417   13.56888 3.7912e-02     35.902 0.0000e+00
        537  74.843356    0.03722     2.2333    134.000  1025.3133  51524.413    31.5620     35.771    7.60383     2.9737     2.9784    25.1434   13.56944 3.7912e-02     36.111 0.0000e+00
        538  74.843359    0.03729     2.2375    134.250  1025.3153  51526.847    31.5631     35.981    7.60407     2.9730     2.9768    25.1445   13.56982 3.7912e-02     36.324 0.0000e+00
        539  74.843362    0.03736     2.2417    134.500  1025.3176  51529.526    31.5645     36.195    7.60420     2.9725     2.9757    25.1457   13.57003 3.7912e-02     36.540 0.0000e+00
        540  74.843365    0.03743     2.2458    134.750  1025.3191  51530.713    31.5650     36.412    7.60430     2.9715     2.9750    25.1462   13.57019 3.7912e-02     36.759 0.0000e+00
        541  74.843368    0.03750     2.2500    135.000  1025.3185  51528.082    31.5630     36.631    7.60450     2.9696     2.9745    25.1446   13.57054 3.7912e-02     36.980 0.0000e+00
        542  74.843371    0.03757     2.2542    135.250  1025.3180  51525.569    31.5610     36.848    7.60481     2.9677     2.9735    25.1430   13.57108 3.7912e-02     37.199 0.0000e+00
        543  74.843374    0.03764     2.2583    135.500  1025.3194  51526.864    31.5612     37.062    7.60514     2.9666     2.9716    25.1434   13.57163 3.7912e-02     37.415 0.0000e+00
        544  74.843377    0.03771     2.2625    135.750  1025.3221  51530.680    31.5632     37.273    7.60539     2.9661     2.9698    25.1451   13.57201 3.7912e-02     37.628 0.0000e+00
        545  74.843380    0.03778     2.2667    136.000  1025.3244  51533.574    31.5647     37.482    7.60552     2.9653     2.9687    25.1465   13.57220 3.7912e-02     37.839 0.0000e+00
        546  74.843383    0.03785     2.2708    136.250  1025.3243  51531.791    31.5633     37.692    7.60569     2.9633     2.9682    25.1454   13.57249 3.7912e-02     38.051 0.0000e+00
        547  74.843385    0.03792     2.2750    136.500  1025.3219  51525.844    31.5590     37.904    7.60606     2.9602     2.9674    25.1420   13.57316 3.7912e-02     38.265 0.0000e+00
        548  74.843388    0.03799     2.2792    136.750  1025.3207  51522.384    31.5560     38.119    7.60660     2.9574     2.9654    25.1398   13.57411 3.7912e-02     38.482 0.0000e+00
        549  74.843391    0.03806     2.2833    137.000  1025.3225  51524.693    31.5566     38.338    7.60715     2.9555     2.9623    25.1405   13.57499 3.7912e-02     38.703 0.0000e+00
        550  74.843394    0.03812     2.2875    137.250  1025.3250  51528.061    31.5581     38.559    7.60759     2.9540     2.9596    25.1419   13.57571 3.7912e-02     38.927 0.0000e+00
        551  74.843397    0.03819     2.2917    137.500  1025.3262  51529.019    31.5581     38.783    7.60795     2.9527     2.9577    25.1421   13.57629 3.7912e-02     39.152 0.0000e+00
        552  74.843400    0.03826     2.2958    137.750  1025.3277  51530.319    31.5584     39.006    7.60821     2.9521     2.9562    25.1425   13.57673 3.7912e-02     39.378 0.0000e+00
        553  74.843403    0.03833     2.3000    138.000  1025.3307  51534.394    31.5607     39.229    7.60834     2.9525     2.9549    25.1444   13.57691 3.7912e-02     39.603 0.0000e+00
        554  74.843406    0.03840     2.3042    138.250  1025.3340  51538.867    31.5635     39.449    7.60830     2.9533     2.9543    25.1466   13.57681 3.7912e-02     39.825 0.0000e+00
        555  74.843409    0.03847     2.3083    138.500  1025.3357  51540.160    31.5643     39.668    7.60818     2.9537     2.9547    25.1473   13.57660 3.7912e-02     40.046 0.0000e+00
        556  74.843411    0.03854     2.3125    138.750  1025.3356  51538.095    31.5630     39.885    7.60810     2.9535     2.9555    25.1462   13.57649 3.7912e-02     40.265 0.0000e+00
        557  74.843414    0.03861     2.3167    139.000  1025.3349  51534.934    31.5609     40.102    7.60813     2.9528     2.9559    25.1445   13.57657 3.7912e-02     40.485 0.0000e+00
        558  74.843417    0.03868     2.3208    139.250  1025.3350  51533.335    31.5596     40.322    7.60824     2.9523     2.9557    25.1435   13.57676 3.7912e-02     40.706 0.0000e+00
        559  74.843420    0.03875     2.3250    139.500  1025.3368  51535.104    31.5605     40.543    7.60833     2.9529     2.9550    25.1443   13.57689 3.7912e-02     40.930 0.0000e+00
        560  74.843423    0.03882     2.3292    139.750  1025.3403  51540.007    31.5636     40.767    7.60825     2.9550     2.9546    25.1468   13.57672 3.7912e-02     41.156 0.0000e+00
        561  74.843426    0.03889     2.3333    140.000  1025.3446  51545.994    31.5677     40.993    7.60792     2.9586     2.9552    25.1500   13.57611 3.7912e-02     41.384 0.0000e+00
        562  74.843429    0.03896     2.3375    140.250  1025.3487  51551.261    31.5718     41.220    7.60731     2.9637     2.9573    25.1530   13.57506 3.7912e-02     41.614 0.0000e+00
        563  74.843432    0.03903     2.3417    140.500  1025.3535  51557.448    31.5768     41.450    7.60638     2.9711     2.9609    25.1567   13.57346 3.7912e-02     41.845 0.0000e+00
        564  74.843435    0.03910     2.3458    140.750  1025.3598  51566.055    31.5838     41.680    7.60504     2.9808     2.9660    25.1619   13.57116 3.7912e-02     42.078 0.0000e+00
        565  74.843437    0.03917     2.3500    141.000  1025.3658  51573.617    31.5908     41.910    7.60328     2.9914     2.9734    25.1668   13.56817 3.7912e-02     42.310 0.0000e+00
        566  74.843440    0.03924     2.3542    141.250  1025.3687  51574.832    31.5940     42.138    7.60128     3.0008     2.9831    25.1686   13.56481 3.7912e-02     42.540 0.0000e+00
        567  74.843443    0.03931     2.3583    141.500  1025.3677  51568.673    31.5925     42.362    7.59936     3.0078     2.9937    25.1666   13.56167 3.7912e-02     42.766 0.0000e+00
        568  74.843446    0.03938     2.3625    141.750  1025.3644  51558.620    31.5881     42.582    7.59781     3.0125     3.0031    25.1623   13.55917 3.7912e-02     42.988 0.0000e+00
        569  74.843449    0.03944     2.3667    142.000  1025.3613  51549.510    31.5837     42.798    7.59670     3.0157     3.0101    25.1582   13.55740 3.7912e-02     43.207 0.0000e+00
        570  74.843452    0.03951     2.3708    142.250  1025.3603  51544.889    31.5817     43.012    7.59592     3.0186     3.0148    25.1562   13.55613 3.7912e-02     43.423 0.0000e+00
        571  74.843455    0.03958     2.3750    142.500  1025.3615  51544.510    31.5822     43.226    7.59528     3.0215     3.0181    25.1563   13.55508 3.7912e-02     43.639 0.0000e+00
        572  74.843458    0.03965     2.3792    142.750  1025.3634  51545.612    31.5836     43.441    7.59467     3.0244     3.0210    25.1572   13.55405 3.7912e-02     43.856 0.0000e+00
        573  74.843461    0.03972     2.3833    143.000  1025.3641  51544.588    31.5836     43.658    7.59410     3.0264     3.0240    25.1569   13.55312 3.7912e-02     44.075 0.0000e+00
        574  74.843464    0.03979     2.3875    143.250  1025.3635  51540.896    31.5817     43.877    7.59366     3.0275     3.0268    25.1552   13.55242 3.7912e-02     44.297 0.0000e+00
        575  74.843466    0.03986     2.3917    143.500  1025.3629  51537.585    31.5799     44.099    7.59337     3.0281     3.0288    25.1536   13.55196 3.7912e-02     44.520 0.0000e+00
        576  74.843469    0.03993     2.3958    143.750  1025.3634  51536.411    31.5793     44.320    7.59319     3.0287     3.0300    25.1530   13.55167 3.7912e-02     44.743 0.0000e+00
        577  74.843472    0.04000     2.4000    144.000  1025.3644  51536.531    31.5794     44.539    7.59307     3.0290     3.0306    25.1531   13.55146 3.7912e-02     44.964 0.0000e+00
        578  74.843475    0.04007     2.4042    144.250  1025.3649  51535.563    31.5788     44.755    7.59300     3.0288     3.0312    25.1525   13.55135 3.7912e-02     45.182 0.0000e+00
        579  74.843478    0.04014     2.4083    144.500  1025.3643  51532.617    31.5768     44.968    7.59303     3.0280     3.0315    25.1509   13.55144 3.7912e-02     45.397 0.0000e+00
        580  74.843481    0.04021     2.4125    144.750  1025.3637  51529.909    31.5748     45.182    7.59317     3.0269     3.0313    25.1493   13.55169 3.7912e-02     45.613 0.0000e+00
        581  74.843484    0.04028     2.4167    145.000  1025.3643  51529.360    31.5741     45.398    7.59335     3.0258     3.0306    25.1489   13.55200 3.7912e-02     45.831 0.0000e+00
        582  74.843487    0.04035     2.4208    145.250  1025.3657  51530.395    31.5744     45.617    7.59354     3.0250     3.0295    25.1492   13.55231 3.7912e-02     46.052 0.0000e+00
        583  74.843490    0.04042     2.4250    145.500  1025.3678  51532.937    31.5757     45.839    7.59368     3.0250     3.0283    25.1503   13.55253 3.7912e-02     46.277 0.0000e+00
        584  74.843492    0.04049     2.4292    145.750  1025.3710  51537.240    31.5783     46.063    7.59370     3.0266     3.0276    25.1524   13.55252 3.7912e-02     46.503 0.0000e+00
        585  74.843495    0.04056     2.4333    146.000  1025.3754  51543.563    31.5825     46.289    7.59346     3.0305     3.0277    25.1558   13.55207 3.7912e-02     46.731 0.0000e+00
        586  74.843498    0.04063     2.4375    146.250  1025.3817  51552.954    31.5891     46.514    7.59282     3.0371     3.0293    25.1610   13.55092 3.7912e-02     46.958 0.0000e+00
        587  74.843501    0.04069     2.4417    146.500  1025.3891  51563.961    31.5975     46.739    7.59165     3.0452     3.0332    25.1673   13.54888 3.7912e-02     47.185 0.0000e+00
        588  74.843504    0.04076     2.4458    146.750  1025.3937  51569.143    31.6026     46.965    7.59014     3.0521     3.0398    25.1708   13.54632 3.7912e-02     47.414 0.0000e+00
        589  74.843507    0.04083     2.4500    147.000  1025.3925  51563.208    31.6006     47.193    7.58873     3.0561     3.0478    25.1685   13.54403 3.7912e-02     47.644 0.0000e+00
        590  74.843510    0.04090     2.4542    147.250  1025.3880  51551.547    31.5944     47.425    7.58775     3.0568     3.0548    25.1630   13.54248 3.7912e-02     47.879 0.0000e+00
        591  74.843513    0.04097     2.4583    147.500  1025.3837  51540.646    31.5880     47.662    7.58733     3.0549     3.0587    25.1576   13.54188 3.7912e-02     48.118 0.0000e+00
        592  74.843516    0.04104     2.4625    147.750  1025.3806  51532.826    31.5828     47.904    7.58746     3.0510     3.0595    25.1533   13.54216 3.7912e-02     48.362 0.0000e+00
        593  74.843519    0.04111     2.4667    148.000  1025.3786  51527.606    31.5786     48.149    7.58803     3.0471     3.0576    25.1502   13.54316 3.7912e-02     48.609 0.0000e+00
        594  74.843521    0.04118     2.4708    148.250  1025.3801  51529.354    31.5786     48.395    7.58875     3.0461     3.0537    25.1505   13.54435 3.7912e-02     48.858 0.0000e+00
        595  74.843524    0.04125     2.4750    148.500  1025.3875  51541.877    31.5859     48.641    7.58912     3.0486     3.0498    25.1567   13.54485 3.7912e-02     49.106 0.0000e+00
