CTD-processing/allCTD/CNV--homogene/2013_11-06_t6_s27_cast151.cnv
* Sea-Bird SBE19plus Data File:
* FileName = C:\Users\kris.holderied\Documents\kasitsna\Research-Projects-and-Data\Oceanography-AK\CTD-CookInlet-GulfWatchAK\2013-10-11-EVOSTC-CookInlet-Ocean\2013-11-06-CookInlet-Tran6-Douglas\2013-11-06-CookInlet-Tran6-cast151.hex
* Software Version 1.59
* Temperature SN =  5028
* Conductivity SN =  5028
* System UpLoad Time = Feb 14 2014 17:31:20
** Cook Inlet Transect 6 (Douglas) east to west
** Date: 2013-11-06
** Station: 6-27
** Start time: 16:16
** Depth (m): 143
** Comment:  CTD instrument time is AK Daylight time *1 hour off*
** Comment:
# nquan = 17
# nvalues = 866                         
# units = specified
# name 0 = scan: Scan Count
# name 1 = timeJ: Julian Days
# name 2 = timeH: Time, Elapsed [hours]
# name 3 = timeM: Time, Elapsed [minutes]
# name 4 = timeS: Time, Elapsed [seconds]
# name 5 = density00: Density [density, kg/m^3]
# name 6 = specc: Specific Conductance [uS/cm]
# name 7 = sal00: Salinity, Practical [PSU]
# name 8 = depSM: Depth [salt water, m], lat = 59.00
# name 9 = oxsolML/L: Oxygen Saturation, Garcia & Gordon [ml/l]
# name 10 = potemp090C: Potential Temperature [ITS-90, deg C]
# name 11 = tv290C: Temperature [ITS-90, deg C]
# name 12 = sigma-é00: Density [sigma-theta, kg/m^3]
# name 13 = n2satML/L: Nitrogen Saturation [ml/l]
# name 14 = par: PAR/Irradiance, Biospherical/Licor
# name 15 = prdM: Pressure, Strain Gauge [db]
# name 16 = flag:  0.000e+00
# span 0 =          1,        866       
# span 1 = 310.719954, 310.722457       
# span 2 =    0.00000,    0.06007       
# span 3 =     0.0000,     3.6042       
# span 4 =      0.000,    216.250       
# span 5 =  1000.1976,  1026.0529       
# span 6 =    685.779,  51618.815       
# span 7 =     0.3247,    32.4538       
# span 8 =     -0.055,    135.187       
# span 9 =    6.64854,    8.66021       
# span 10 =     6.1269,     8.8099      
# span 11 =     6.1269,     8.8171      
# span 12 =     0.1978,    25.4265      
# span 13 =   11.99746,   15.78632      
# span 14 = 4.0788e-02, 2.0844e+01      
# span 15 =     -0.055,    136.508      
# span 16 = 0.0000e+00, 0.0000e+00      
# interval = seconds: 0.25
# start_time = Nov 06 2013 17:16:44 [Instrument's time stamp, header]
# bad_flag = -9.990e-29
*END*
[from data line 511]
        512 310.721432    0.03549     2.1292    127.750  1023.9415  48419.218    30.5240     55.787    6.71245     8.5408     8.5417    23.6842   12.10976 4.1655e-02     56.321 0.0000e+00
        513 310.721435    0.03556     2.1333    128.000  1023.9456  48425.131    30.5284     56.013    6.71190     8.5429     8.5441    23.6873   12.10878 4.1652e-02     56.549 0.0000e+00
        514 310.721438    0.03562     2.1375    128.250  1023.9498  48431.029    30.5327     56.255    6.71136     8.5448     8.5464    23.6903   12.10784 4.1645e-02     56.793 0.0000e+00
        515 310.721441    0.03569     2.1417    128.500  1023.9534  48435.731    30.5362     56.512    6.71089     8.5464     8.5485    23.6927   12.10701 4.1637e-02     57.053 0.0000e+00
        516 310.721444    0.03576     2.1458    128.750  1023.9565  48439.524    30.5390     56.783    6.71048     8.5478     8.5504    23.6946   12.10629 4.1626e-02     57.327 0.0000e+00
        517 310.721447    0.03583     2.1500    129.000  1023.9599  48443.573    30.5420     57.065    6.71010     8.5491     8.5521    23.6967   12.10564 4.1613e-02     57.612 0.0000e+00
        518 310.721450    0.03590     2.1542    129.250  1023.9637  48448.400    30.5454     57.353    6.70974     8.5502     8.5535    23.6992   12.10500 4.1603e-02     57.902 0.0000e+00
        519 310.721453    0.03597     2.1583    129.500  1023.9678  48453.650    30.5491     57.642    6.70939     8.5513     8.5547    23.7020   12.10437 4.1592e-02     58.194 0.0000e+00
        520 310.721455    0.03604     2.1625    129.750  1023.9716  48458.530    30.5526     57.928    6.70906     8.5522     8.5559    23.7045   12.10378 4.1582e-02     58.483 0.0000e+00
        521 310.721458    0.03611     2.1667    130.000  1023.9751  48462.715    30.5555     58.208    6.70877     8.5529     8.5570    23.7067   12.10326 4.1576e-02     58.765 0.0000e+00
        522 310.721461    0.03618     2.1708    130.250  1023.9783  48466.437    30.5582     58.480    6.70851     8.5534     8.5579    23.7086   12.10281 4.1571e-02     59.040 0.0000e+00
        523 310.721464    0.03625     2.1750    130.500  1023.9811  48469.608    30.5604     58.743    6.70831     8.5538     8.5586    23.7102   12.10244 4.1570e-02     59.305 0.0000e+00
        524 310.721467    0.03632     2.1792    130.750  1023.9836  48472.255    30.5622     58.999    6.70814     8.5541     8.5592    23.7115   12.10214 4.1575e-02     59.564 0.0000e+00
        525 310.721470    0.03639     2.1833    131.000  1023.9861  48474.814    30.5639     59.249    6.70800     8.5544     8.5597    23.7128   12.10188 4.1581e-02     59.817 0.0000e+00
        526 310.721473    0.03646     2.1875    131.250  1023.9887  48477.671    30.5659     59.495    6.70786     8.5548     8.5600    23.7143   12.10164 4.1588e-02     60.065 0.0000e+00
        527 310.721476    0.03653     2.1917    131.500  1023.9917  48481.253    30.5683     59.735    6.70771     8.5552     8.5603    23.7162   12.10135 4.1598e-02     60.307 0.0000e+00
        528 310.721479    0.03660     2.1958    131.750  1023.9952  48485.870    30.5715     59.969    6.70752     8.5558     8.5607    23.7186   12.10100 4.1604e-02     60.544 0.0000e+00
        529 310.721481    0.03667     2.2000    132.000  1023.9993  48491.580    30.5754     60.196    6.70727     8.5567     8.5611    23.7217   12.10055 4.1599e-02     60.773 0.0000e+00
        530 310.721484    0.03674     2.2042    132.250  1024.0039  48498.374    30.5802     60.416    6.70697     8.5578     8.5618    23.7253   12.09999 4.1590e-02     60.995 0.0000e+00
        531 310.721487    0.03681     2.2083    132.500  1024.0091  48506.349    30.5858     60.627    6.70660     8.5594     8.5626    23.7295   12.09930 4.1586e-02     61.208 0.0000e+00
        532 310.721490    0.03687     2.2125    132.750  1024.0152  48516.009    30.5926     60.832    6.70612     8.5614     8.5638    23.7347   12.09843 4.1584e-02     61.415 0.0000e+00
        533 310.721493    0.03694     2.2167    133.000  1024.0225  48527.777    30.6009     61.035    6.70552     8.5642     8.5654    23.7410   12.09733 4.1580e-02     61.620 0.0000e+00
        534 310.721496    0.03701     2.2208    133.250  1024.0309  48541.649    30.6108     61.241    6.70478     8.5680     8.5675    23.7485   12.09597 4.1576e-02     61.829 0.0000e+00
        535 310.721499    0.03708     2.2250    133.500  1024.0408  48558.413    30.6229     61.456    6.70383     8.5734     8.5703    23.7575   12.09426 4.1578e-02     62.046 0.0000e+00
        536 310.721502    0.03715     2.2292    133.750  1024.0539  48580.705    30.6389     61.685    6.70256     8.5811     8.5741    23.7695   12.09195 4.1582e-02     62.277 0.0000e+00
        537 310.721505    0.03722     2.2333    134.000  1024.0715  48611.410    30.6610     61.932    6.70078     8.5912     8.5796    23.7860   12.08874 4.1581e-02     62.526 0.0000e+00
        538 310.721508    0.03729     2.2375    134.250  1024.0914  48646.124    30.6863     62.200    6.69852     8.6030     8.5873    23.8047   12.08469 4.1569e-02     62.797 0.0000e+00
        539 310.721510    0.03736     2.2417    134.500  1024.1096  48677.829    30.7098     62.488    6.69597     8.6161     8.5975    23.8216   12.08018 4.1552e-02     63.088 0.0000e+00
        540 310.721513    0.03743     2.2458    134.750  1024.1289  48711.452    30.7348     62.792    6.69312     8.6307     8.6092    23.8395   12.07515 4.1539e-02     63.395 0.0000e+00
        541 310.721516    0.03750     2.2500    135.000  1024.1506  48749.570    30.7632     63.104    6.68991     8.6459     8.6223    23.8598   12.06950 4.1523e-02     63.710 0.0000e+00
        542 310.721519    0.03757     2.2542    135.250  1024.1686  48781.104    30.7873     63.415    6.68666     8.6596     8.6370    23.8764   12.06382 4.1506e-02     64.024 0.0000e+00
        543 310.721522    0.03764     2.2583    135.500  1024.1793  48799.237    30.8020     63.716    6.68374     8.6713     8.6522    23.8857   12.05880 4.1500e-02     64.328 0.0000e+00
        544 310.721525    0.03771     2.2625    135.750  1024.1862  48810.635    30.8118     63.999    6.68125     8.6816     8.6660    23.8914   12.05455 4.1498e-02     64.613 0.0000e+00
        545 310.721528    0.03778     2.2667    136.000  1024.1950  48825.369    30.8237     64.258    6.67898     8.6914     8.6777    23.8990   12.05066 4.1493e-02     64.875 0.0000e+00
        546 310.721531    0.03785     2.2708    136.250  1024.2059  48844.183    30.8383     64.496    6.67681     8.7009     8.6880    23.9089   12.04688 4.1486e-02     65.115 0.0000e+00
        547 310.721534    0.03792     2.2750    136.500  1024.2160  48861.567    30.8518     64.717    6.67474     8.7097     8.6979    23.9180   12.04330 4.1483e-02     65.337 0.0000e+00
        548 310.721536    0.03799     2.2792    136.750  1024.2246  48876.144    30.8632     64.925    6.67283     8.7177     8.7074    23.9255   12.03998 4.1491e-02     65.547 0.0000e+00
        549 310.721539    0.03806     2.2833    137.000  1024.2322  48889.203    30.8735     65.126    6.67107     8.7253     8.7162    23.9323   12.03694 4.1502e-02     65.750 0.0000e+00
        550 310.721542    0.03812     2.2875    137.250  1024.2409  48904.013    30.8850     65.325    6.66937     8.7338     8.7242    23.9401   12.03400 4.1509e-02     65.952 0.0000e+00
        551 310.721545    0.03819     2.2917    137.500  1024.2546  48928.058    30.9028     65.528    6.66745     8.7440     8.7319    23.9529   12.03060 4.1516e-02     66.157 0.0000e+00
        552 310.721548    0.03826     2.2958    137.750  1024.2728  48960.173    30.9264     65.740    6.66516     8.7550     8.7405    23.9701   12.02651 4.1522e-02     66.371 0.0000e+00
        553 310.721551    0.03833     2.3000    138.000  1024.2884  48987.746    30.9471     65.961    6.66274     8.7650     8.7506    23.9847   12.02226 4.1527e-02     66.594 0.0000e+00
        554 310.721554    0.03840     2.3042    138.250  1024.2973  49002.979    30.9593     66.190    6.66058     8.7731     8.7616    23.9926   12.01853 4.1532e-02     66.826 0.0000e+00
        555 310.721557    0.03847     2.3083    138.500  1024.3012  49008.948    30.9648     66.425    6.65884     8.7792     8.7717    23.9954   12.01558 4.1534e-02     67.063 0.0000e+00
        556 310.721560    0.03854     2.3125    138.750  1024.3039  49012.721    30.9685     66.663    6.65747     8.7840     8.7798    23.9971   12.01327 4.1530e-02     67.302 0.0000e+00
        557 310.721563    0.03861     2.3167    139.000  1024.3073  49017.474    30.9726     66.899    6.65637     8.7879     8.7860    23.9994   12.01140 4.1526e-02     67.541 0.0000e+00
        558 310.721565    0.03868     2.3208    139.250  1024.3107  49022.085    30.9764     67.133    6.65549     8.7909     8.7909    24.0017   12.00990 4.1529e-02     67.777 0.0000e+00
        559 310.721568    0.03875     2.3250    139.500  1024.3134  49025.600    30.9793     67.362    6.65479     8.7932     8.7947    24.0034   12.00871 4.1533e-02     68.009 0.0000e+00
        560 310.721571    0.03882     2.3292    139.750  1024.3158  49028.392    30.9816     67.587    6.65424     8.7949     8.7977    24.0048   12.00777 4.1529e-02     68.236 0.0000e+00
        561 310.721574    0.03889     2.3333    140.000  1024.3179  49030.517    30.9833     67.811    6.65382     8.7963     8.8001    24.0058   12.00705 4.1518e-02     68.462 0.0000e+00
        562 310.721577    0.03896     2.3375    140.250  1024.3198  49032.371    30.9848     68.037    6.65349     8.7974     8.8018    24.0066   12.00649 4.1508e-02     68.690 0.0000e+00
        563 310.721580    0.03903     2.3417    140.500  1024.3224  49035.452    30.9871     68.267    6.65319     8.7986     8.8032    24.0082   12.00596 4.1502e-02     68.922 0.0000e+00
        564 310.721583    0.03910     2.3458    140.750  1024.3266  49041.326    30.9912     68.506    6.65284     8.8002     8.8044    24.0113   12.00533 4.1495e-02     69.164 0.0000e+00
        565 310.721586    0.03917     2.3500    141.000  1024.3329  49050.983    30.9980     68.757    6.65236     8.8022     8.8056    24.0164   12.00445 4.1485e-02     69.417 0.0000e+00
        566 310.721589    0.03924     2.3542    141.250  1024.3405  49062.997    31.0066     69.022    6.65176     8.8044     8.8072    24.0229   12.00335 4.1473e-02     69.685 0.0000e+00
        567 310.721591    0.03931     2.3583    141.500  1024.3479  49074.422    31.0147     69.302    6.65111     8.8065     8.8092    24.0290   12.00217 4.1461e-02     69.968 0.0000e+00
        568 310.721594    0.03938     2.3625    141.750  1024.3548  49084.793    31.0222     69.596    6.65045     8.8083     8.8114    24.0345   12.00100 4.1453e-02     70.265 0.0000e+00
        569 310.721597    0.03944     2.3667    142.000  1024.3612  49094.283    31.0290     69.899    6.64984     8.8095     8.8136    24.0395   11.99989 4.1450e-02     70.571 0.0000e+00
        570 310.721600    0.03951     2.3708    142.250  1024.3666  49102.005    31.0346     70.207    6.64932     8.8099     8.8155    24.0436   11.99897 4.1452e-02     70.881 0.0000e+00
        571 310.721603    0.03958     2.3750    142.500  1024.3714  49108.505    31.0392     70.512    6.64894     8.8094     8.8167    24.0470   11.99829 4.1453e-02     71.190 0.0000e+00
        572 310.721606    0.03965     2.3792    142.750  1024.3763  49115.041    31.0437     70.809    6.64869     8.8082     8.8171    24.0505   11.99781 4.1451e-02     71.490 0.0000e+00
        573 310.721609    0.03972     2.3833    143.000  1024.3812  49121.908    31.0483     71.089    6.64855     8.8065     8.8166    24.0541   11.99754 4.1445e-02     71.773 0.0000e+00
        574 310.721612    0.03979     2.3875    143.250  1024.3861  49128.610    31.0527     71.347    6.64854     8.8045     8.8154    24.0578   11.99746 4.1443e-02     72.033 0.0000e+00
        575 310.721615    0.03986     2.3917    143.500  1024.3904  49134.493    31.0565     71.579    6.64862     8.8020     8.8138    24.0610   11.99755 4.1454e-02     72.267 0.0000e+00
        576 310.721617    0.03993     2.3958    143.750  1024.3940  49139.363    31.0596     71.784    6.64878     8.7987     8.8119    24.0636   11.99778 4.1466e-02     72.474 0.0000e+00
        577 310.721620    0.04000     2.4000    144.000  1024.3971  49143.563    31.0621     71.964    6.64904     8.7944     8.8094    24.0660   11.99818 4.1474e-02     72.656 0.0000e+00
        578 310.721623    0.04007     2.4042    144.250  1024.4004  49148.079    31.0647     72.125    6.64943     8.7898     8.8060    24.0685   11.99878 4.1483e-02     72.818 0.0000e+00
        579 310.721626    0.04014     2.4083    144.500  1024.4043  49153.684    31.0679     72.274    6.64992     8.7852     8.8018    24.0717   11.99957 4.1491e-02     72.969 0.0000e+00
        580 310.721629    0.04021     2.4125    144.750  1024.4084  49159.731    31.0714     72.421    6.65046     8.7805     8.7971    24.0752   12.00042 4.1493e-02     73.117 0.0000e+00
        581 310.721632    0.04028     2.4167    145.000  1024.4124  49165.316    31.0746     72.577    6.65100     8.7749     8.7926    24.0784   12.00127 4.1486e-02     73.275 0.0000e+00
        582 310.721635    0.04035     2.4208    145.250  1024.4162  49170.649    31.0776     72.751    6.65157     8.7676     8.7879    24.0814   12.00218 4.1471e-02     73.451 0.0000e+00
        583 310.721638    0.04042     2.4250    145.500  1024.4206  49176.744    31.0810     72.951    6.65226     8.7576     8.7823    24.0849   12.00327 4.1458e-02     73.653 0.0000e+00
        584 310.721641    0.04049     2.4292    145.750  1024.4265  49185.077    31.0857     73.182    6.65314     8.7444     8.7750    24.0896   12.00468 4.1456e-02     73.886 0.0000e+00
        585 310.721644    0.04056     2.4333    146.000  1024.4349  49197.828    31.0931     73.445    6.65430     8.7279     8.7651    24.0969   12.00651 4.1457e-02     74.151 0.0000e+00
        586 310.721646    0.04063     2.4375    146.250  1024.4478  49218.106    31.1052     73.737    6.65574     8.7089     8.7519    24.1084   12.00875 4.1458e-02     74.446 0.0000e+00
        587 310.721649    0.04069     2.4417    146.500  1024.4661  49247.994    31.1236     74.053    6.65741     8.6889     8.7354    24.1253   12.01128 4.1462e-02     74.765 0.0000e+00
        588 310.721652    0.04076     2.4458    146.750  1024.4892  49286.204    31.1475     74.384    6.65920     8.6686     8.7164    24.1468   12.01396 4.1465e-02     75.100 0.0000e+00
        589 310.721655    0.04083     2.4500    147.000  1024.5148  49329.100    31.1745     74.721    6.66102     8.6484     8.6964    24.1709   12.01664 4.1467e-02     75.440 0.0000e+00
        590 310.721658    0.04090     2.4542    147.250  1024.5411  49373.049    31.2022     75.052    6.66285     8.6283     8.6762    24.1956   12.01932 4.1468e-02     75.774 0.0000e+00
        591 310.721661    0.04097     2.4583    147.500  1024.5666  49415.859    31.2291     75.369    6.66471     8.6095     8.6559    24.2197   12.02208 4.1466e-02     76.094 0.0000e+00
        592 310.721664    0.04104     2.4625    147.750  1024.5905  49455.850    31.2540     75.664    6.66662     8.5933     8.6359    24.2422   12.02493 4.1460e-02     76.392 0.0000e+00
        593 310.721667    0.04111     2.4667    148.000  1024.6115  49490.890    31.2757     75.935    6.66849     8.5802     8.6171    24.2619   12.02777 4.1453e-02     76.666 0.0000e+00
        594 310.721670    0.04118     2.4708    148.250  1024.6290  49519.777    31.2934     76.181    6.67016     8.5699     8.6009    24.2782   12.03030 4.1451e-02     76.914 0.0000e+00
        595 310.721672    0.04125     2.4750    148.500  1024.6430  49542.818    31.3075     76.404    6.67150     8.5615     8.5878    24.2912   12.03235 4.1454e-02     77.140 0.0000e+00
