CTD-processing/allCTD/CNV--homogene/2013_07-22_t9_s07_cast084.cnv
* Sea-Bird SBE19plus Data File:
* FileName = C:\Users\kris.holderied\Documents\kasitsna\Research-Projects-and-Data\Oceanography-AK\CTD-CookInlet-GulfWatchAK\2013-07-EVOSTC-CookInlet-Ocean\2013-07-22-CookInlet-Tran9-HomerSpit\2013-07-22-CookInlet-Tran9-HomerSpit-cast084.hex
* Software Version 1.59
* Temperature SN =  5028
* Conductivity SN =  5028
* System UpLoad Time = Apr 09 2014 19:22:10
** Cook Inlet LTM  Transect 9 (Homer Spit)  south to north
** Date: 2013-07-22
** Station: 9-07
** Start time: 09:53
** Depth (m): 93
** Comment:  CTD instrument time is AK Daylight.
** Comment:
# nquan = 17
# nvalues = 649                         
# units = specified
# name 0 = scan: Scan Count
# name 1 = timeJ: Julian Days
# name 2 = timeH: Time, Elapsed [hours]
# name 3 = timeM: Time, Elapsed [minutes]
# name 4 = timeS: Time, Elapsed [seconds]
# name 5 = density00: Density [density, kg/m^3]
# name 6 = specc: Specific Conductance [uS/cm]
# name 7 = sal00: Salinity, Practical [PSU]
# name 8 = depSM: Depth [salt water, m], lat = 59.00
# name 9 = oxsolML/L: Oxygen Saturation, Garcia & Gordon [ml/l]
# name 10 = potemp090C: Potential Temperature [ITS-90, deg C]
# name 11 = tv290C: Temperature [ITS-90, deg C]
# name 12 = sigma-é00: Density [sigma-theta, kg/m^3]
# name 13 = n2satML/L: Nitrogen Saturation [ml/l]
# name 14 = par: PAR/Irradiance, Biospherical/Licor
# name 15 = prdM: Pressure, Strain Gauge [db]
# name 16 = flag:  0.000e+00
# span 0 =          1,        649       
# span 1 = 203.412870, 203.414745       
# span 2 =    0.00000,    0.04500       
# span 3 =     0.0000,     2.7000       
# span 4 =      0.000,    162.000       
# span 5 =   999.6923,  1025.2123       
# span 6 =    387.823,  50434.243       
# span 7 =     0.1840,    31.5760       
# span 8 =     -0.019,     91.526       
# span 9 =    6.22341,    7.60778       
# span 10 =     6.5021,    14.1583      
# span 11 =     6.5098,    14.1584      
# span 12 =    -0.3078,    24.7865      
# span 13 =   11.33540,   14.01286      
# span 14 = 4.9988e-02, 9.7186e+01      
# span 15 =     -0.019,     92.411      
# span 16 = 0.0000e+00, 0.0000e+00      
# interval = seconds: 0.25
# start_time = Jul 22 2013 09:54:32 [Instrument's time stamp, header]
# bad_flag = -9.990e-29
*END*
[from data line 256]
        257 203.413611    0.01778     1.0667     64.000  1015.8120  34710.792    21.5641      0.980    6.29481    14.1312    14.1300    15.8075   11.52343 5.2810e+01      0.989 0.0000e+00
        258 203.413614    0.01785     1.0708     64.250  1015.8108  34708.637    21.5627      0.996    6.29472    14.1299    14.1311    15.8062   11.52330 5.2651e+01      1.005 0.0000e+00
        259 203.413617    0.01792     1.0750     64.500  1015.8075  34702.267    21.5584      1.021    6.29486    14.1265    14.1313    15.8028   11.52359 5.2503e+01      1.030 0.0000e+00
        260 203.413620    0.01799     1.0792     64.750  1015.8032  34693.430    21.5523      1.050    6.29527    14.1204    14.1300    15.7984   11.52435 5.2372e+01      1.060 0.0000e+00
        261 203.413623    0.01806     1.0833     65.000  1015.7999  34686.032    21.5471      1.080    6.29592    14.1112    14.1267    15.7950   11.52549 5.2391e+01      1.089 0.0000e+00
        262 203.413626    0.01812     1.0875     65.250  1015.7999  34684.054    21.5454      1.105    6.29679    14.1007    14.1205    15.7949   11.52697 5.2535e+01      1.115 0.0000e+00
        263 203.413628    0.01819     1.0917     65.500  1015.8043  34689.600    21.5488      1.124    6.29787    14.0922    14.1113    15.7992   11.52874 5.2647e+01      1.134 0.0000e+00
        264 203.413631    0.01826     1.0958     65.750  1015.8121  34701.452    21.5563      1.134    6.29895    14.0879    14.1008    15.8069   11.53045 5.2835e+01      1.145 0.0000e+00
        265 203.413634    0.01833     1.1000     66.000  1015.8208  34715.568    21.5655      1.137    6.29970    14.0880    14.0924    15.8156   11.53160 5.3417e+01      1.147 0.0000e+00
        266 203.413637    0.01840     1.1042     66.250  1015.8278  34727.920    21.5738      1.132    6.29994    14.0913    14.0881    15.8227   11.53191 5.4447e+01      1.142 0.0000e+00
        267 203.413640    0.01847     1.1083     66.500  1015.8324  34736.719    21.5798      1.123    6.29970    14.0968    14.0881    15.8273   11.53144 5.5614e+01      1.133 0.0000e+00
        268 203.413643    0.01854     1.1125     66.750  1015.8352  34743.010    21.5842      1.113    6.29908    14.1033    14.0915    15.8301   11.53035 5.6613e+01      1.123 0.0000e+00
        269 203.413646    0.01861     1.1167     67.000  1015.8379  34749.745    21.5891      1.106    6.29818    14.1105    14.0969    15.8328   11.52878 5.7461e+01      1.116 0.0000e+00
        270 203.413649    0.01868     1.1208     67.250  1015.8427  34760.815    21.5970      1.103    6.29702    14.1184    14.1034    15.8377   11.52674 5.8363e+01      1.113 0.0000e+00
        271 203.413652    0.01875     1.1250     67.500  1015.8499  34776.498    21.6080      1.105    6.29564    14.1266    14.1107    15.8449   11.52431 5.9429e+01      1.115 0.0000e+00
        272 203.413655    0.01882     1.1292     67.750  1015.8561  34790.574    21.6180      1.113    6.29421    14.1340    14.1186    15.8511   11.52180 6.0742e+01      1.123 0.0000e+00
        273 203.413657    0.01889     1.1333     68.000  1015.8592  34798.622    21.6239      1.124    6.29291    14.1398    14.1268    15.8541   11.51955 6.2340e+01      1.135 0.0000e+00
        274 203.413660    0.01896     1.1375     68.250  1015.8603  34802.793    21.6271      1.136    6.29181    14.1436    14.1342    15.8552   11.51768 6.4183e+01      1.147 0.0000e+00
        275 203.413663    0.01903     1.1417     68.500  1015.8618  34807.082    21.6303      1.148    6.29093    14.1453    14.1400    15.8566   11.51616 6.6144e+01      1.159 0.0000e+00
        276 203.413666    0.01910     1.1458     68.750  1015.8654  34814.981    21.6359      1.161    6.29022    14.1446    14.1437    15.8602   11.51491 6.7982e+01      1.172 0.0000e+00
        277 203.413669    0.01917     1.1500     69.000  1015.8734  34830.373    21.6465      1.178    6.28958    14.1407    14.1454    15.8680   11.51372 6.9449e+01      1.189 0.0000e+00
        278 203.413672    0.01924     1.1542     69.250  1015.8886  34858.848    21.6660      1.206    6.28892    14.1320    14.1447    15.8831   11.51237 7.0333e+01      1.218 0.0000e+00
        279 203.413675    0.01931     1.1583     69.500  1015.9160  34909.356    21.7004      1.257    6.28809    14.1163    14.1409    15.9103   11.51058 7.0527e+01      1.268 0.0000e+00
        280 203.413678    0.01938     1.1625     69.750  1015.9621  34993.924    21.7578      1.336    6.28700    14.0925    14.1321    15.9561   11.50808 7.0374e+01      1.349 0.0000e+00
        281 203.413681    0.01944     1.1667     70.000  1016.0347  35126.379    21.8477      1.447    6.28555    14.0601    14.1165    16.0281   11.50460 7.0461e+01      1.461 0.0000e+00
        282 203.413683    0.01951     1.1708     70.250  1016.1429  35324.009    21.9818      1.586    6.28345    14.0183    14.0927    16.1356   11.49949 7.1004e+01      1.600 0.0000e+00
        283 203.413686    0.01958     1.1750     70.500  1016.2878  35588.725    22.1615      1.748    6.28070    13.9674    14.0604    16.2798   11.49276 7.1880e+01      1.764 0.0000e+00
        284 203.413689    0.01965     1.1792     70.750  1016.4555  35893.657    22.3684      1.929    6.27812    13.9091    14.0186    16.4468   11.48601 7.2579e+01      1.947 0.0000e+00
        285 203.413692    0.01972     1.1833     71.000  1016.6384  36224.283    22.5927      2.125    6.27607    13.8441    13.9677    16.6288   11.47992 7.2381e+01      2.145 0.0000e+00
        286 203.413695    0.01979     1.1875     71.250  1016.8450  36597.205    22.8458      2.330    6.27385    13.7718    13.9094    16.8344   11.47322 7.0915e+01      2.352 0.0000e+00
        287 203.413698    0.01986     1.1917     71.500  1017.0816  37024.498    23.1363      2.540    6.27105    13.6926    13.8444    17.0700   11.46512 6.8153e+01      2.564 0.0000e+00
        288 203.413701    0.01993     1.1958     71.750  1017.3451  37499.973    23.4599      2.752    6.26792    13.6074    13.7722    17.3326   11.45607 6.4332e+01      2.778 0.0000e+00
        289 203.413704    0.02000     1.2000     72.000  1017.6299  38012.953    23.8093      2.967    6.26469    13.5168    13.6930    17.6164   11.44657 5.9916e+01      2.995 0.0000e+00
        290 203.413707    0.02007     1.2042     72.250  1017.9391  38569.278    24.1889      3.183    6.26107    13.4186    13.6078    17.9246   11.43606 5.5376e+01      3.213 0.0000e+00
        291 203.413709    0.02014     1.2083     72.500  1018.2973  39214.954    24.6306      3.403    6.25574    13.3116    13.5172    18.2818   11.42197 5.1056e+01      3.435 0.0000e+00
        292 203.413712    0.02021     1.2125     72.750  1018.7245  39986.667    25.1598      3.626    6.24799    13.2036    13.4191    18.7080   11.40281 4.7093e+01      3.660 0.0000e+00
        293 203.413715    0.02028     1.2167     73.000  1019.1942  40834.362    25.7419      3.853    6.23934    13.1072    13.3120    19.1767   11.38156 4.3543e+01      3.889 0.0000e+00
        294 203.413718    0.02035     1.2208     73.250  1019.6392  41634.551    26.2916      4.080    6.23207    13.0226    13.2041    19.6207   11.36299 4.0459e+01      4.118 0.0000e+00
        295 203.413721    0.02042     1.2250     73.500  1020.0066  42292.213    26.7432      4.306    6.22710    12.9357    13.1077    19.9870   11.34942 3.7840e+01      4.347 0.0000e+00
        296 203.413724    0.02049     1.2292     73.750  1020.3020  42818.485    27.1043      4.530    6.22411    12.8299    13.0232    20.2814   11.34020 3.5638e+01      4.573 0.0000e+00
        297 203.413727    0.02056     1.2333     74.000  1020.5588  43272.065    27.4148      4.749    6.22341    12.6968    12.9363    20.5372   11.33540 3.3746e+01      4.794 0.0000e+00
        298 203.413730    0.02063     1.2375     74.250  1020.8009  43693.797    27.7017      4.965    6.22609    12.5407    12.8305    20.7783   11.33651 3.2052e+01      5.012 0.0000e+00
        299 203.413733    0.02069     1.2417     74.500  1021.0393  44102.273    27.9773      5.177    6.23281    12.3774    12.6974    21.0157   11.34445 3.0503e+01      5.226 0.0000e+00
        300 203.413736    0.02076     1.2458     74.750  1021.2705  44492.457    28.2381      5.388    6.24313    12.2250    12.5414    21.2460   11.35855 2.9070e+01      5.438 0.0000e+00
        301 203.413738    0.02083     1.2500     75.000  1021.4820  44844.883    28.4718      5.600    6.25550    12.0958    12.3781    21.4566   11.37637 2.7744e+01      5.652 0.0000e+00
        302 203.413741    0.02090     1.2542     75.250  1021.6614  45140.875    28.6665      5.816    6.26800    11.9937    12.2257    21.6350   11.39487 2.6523e+01      5.871 0.0000e+00
        303 203.413744    0.02097     1.2583     75.500  1021.8053  45376.734    28.8209      6.038    6.27905    11.9153    12.0965    21.7778   11.41142 2.5401e+01      6.095 0.0000e+00
        304 203.413747    0.02104     1.2625     75.750  1021.9174  45560.022    28.9406      6.267    6.28790    11.8544    11.9944    21.8889   11.42471 2.4357e+01      6.326 0.0000e+00
        305 203.413750    0.02111     1.2667     76.000  1022.0034  45700.114    29.0320      6.503    6.29473    11.8056    11.9160    21.9738   11.43499 2.3370e+01      6.565 0.0000e+00
        306 203.413753    0.02118     1.2708     76.250  1022.0697  45807.728    29.1020      6.745    6.30007    11.7652    11.8552    22.0390   11.44304 2.2431e+01      6.809 0.0000e+00
        307 203.413756    0.02125     1.2750     76.500  1022.1225  45892.958    29.1574      6.992    6.30441    11.7318    11.8064    22.0906   11.44959 2.1534e+01      7.058 0.0000e+00
        308 203.413759    0.02132     1.2792     76.750  1022.1657  45962.435    29.2025      7.240    6.30802    11.7038    11.7661    22.1327   11.45506 2.0682e+01      7.308 0.0000e+00
        309 203.413762    0.02139     1.2833     77.000  1022.2019  46020.463    29.2401      7.485    6.31100    11.6789    11.7327    22.1678   11.45957 1.9884e+01      7.556 0.0000e+00
        310 203.413764    0.02146     1.2875     77.250  1022.2336  46071.472    29.2732      7.727    6.31344    11.6543    11.7047    22.1985   11.46323 1.9144e+01      7.800 0.0000e+00
        311 203.413767    0.02153     1.2917     77.500  1022.2640  46120.507    29.3053      7.965    6.31551    11.6276    11.6799    22.2277   11.46629 1.8463e+01      8.040 0.0000e+00
        312 203.413770    0.02160     1.2958     77.750  1022.2951  46171.066    29.3384      8.198    6.31751    11.5974    11.6552    22.2578   11.46922 1.7843e+01      8.276 0.0000e+00
        313 203.413773    0.02167     1.3000     78.000  1022.3275  46223.768    29.3728      8.426    6.31974    11.5624    11.6285    22.2892   11.47251 1.7283e+01      8.506 0.0000e+00
        314 203.413776    0.02174     1.3042     78.250  1022.3617  46279.161    29.4088      8.649    6.32237    11.5213    11.5984    22.3224   11.47647 1.6781e+01      8.731 0.0000e+00
        315 203.413779    0.02181     1.3083     78.500  1022.3999  46341.052    29.4488      8.866    6.32549    11.4730    11.5635    22.3596   11.48117 1.6330e+01      8.950 0.0000e+00
        316 203.413782    0.02187     1.3125     78.750  1022.4450  46414.467    29.4964      9.081    6.32916    11.4170    11.5224    22.4036   11.48670 1.5917e+01      9.167 0.0000e+00
        317 203.413785    0.02194     1.3167     79.000  1022.4983  46501.685    29.5529      9.293    6.33344    11.3539    11.4741    22.4559   11.49315 1.5530e+01      9.381 0.0000e+00
        318 203.413788    0.02201     1.3208     79.250  1022.5592  46601.572    29.6175      9.504    6.33845    11.2849    11.4182    22.5158   11.50070 1.5160e+01      9.594 0.0000e+00
        319 203.413791    0.02208     1.3250     79.500  1022.6260  46711.187    29.6881      9.715    6.34420    11.2113    11.3551    22.5817   11.50940 1.4799e+01      9.807 0.0000e+00
        320 203.413793    0.02215     1.3292     79.750  1022.6965  46826.570    29.7622      9.928    6.35062    11.1349    11.2861    22.6512   11.51918 1.4438e+01     10.022 0.0000e+00
        321 203.413796    0.02222     1.3333     80.000  1022.7678  46942.827    29.8364     10.143    6.35768    11.0567    11.2125    22.7215   11.53001 1.4074e+01     10.239 0.0000e+00
        322 203.413799    0.02229     1.3375     80.250  1022.8378  47056.531    29.9084     10.359    6.36523    10.9756    11.1362    22.7906   11.54169 1.3707e+01     10.457 0.0000e+00
        323 203.413802    0.02236     1.3417     80.500  1022.9064  47167.471    29.9781     10.578    6.37314    10.8893    11.0579    22.8582   11.55399 1.3340e+01     10.678 0.0000e+00
        324 203.413805    0.02243     1.3458     80.750  1022.9750  47278.056    30.0472     10.797    6.38150    10.7946    10.9769    22.9257   11.56703 1.2978e+01     10.899 0.0000e+00
        325 203.413808    0.02250     1.3500     81.000  1023.0451  47390.958    30.1172     11.016    6.39056    10.6892    10.8906    22.9948   11.58123 1.2626e+01     11.120 0.0000e+00
        326 203.413811    0.02257     1.3542     81.250  1023.1184  47508.543    30.1895     11.235    6.40072    10.5771    10.7959    23.0670   11.59722 1.2284e+01     11.341 0.0000e+00
        327 203.413814    0.02264     1.3583     81.500  1023.1977  47636.008    30.2673     11.454    6.41217    10.4697    10.6905    23.1454   11.61529 1.1954e+01     11.563 0.0000e+00
        328 203.413817    0.02271     1.3625     81.750  1023.2828  47773.123    30.3511     11.675    6.42434    10.3748    10.5785    23.2294   11.63446 1.1637e+01     11.785 0.0000e+00
        329 203.413819    0.02278     1.3667     82.000  1023.3654  47906.920    30.4330     11.896    6.43598    10.2927    10.4710    23.3110   11.65279 1.1332e+01     12.009 0.0000e+00
        330 203.413822    0.02285     1.3708     82.250  1023.4388  48025.877    30.5056     12.119    6.44627    10.2195    10.3761    23.3834   11.66898 1.1039e+01     12.233 0.0000e+00
        331 203.413825    0.02292     1.3750     82.500  1023.5020  48128.246    30.5680     12.341    6.45522    10.1496    10.2941    23.4455   11.68307 1.0757e+01     12.458 0.0000e+00
        332 203.413828    0.02299     1.3792     82.750  1023.5565  48216.423    30.6213     12.562    6.46331    10.0770    10.2209    23.4990   11.69585 1.0482e+01     12.681 0.0000e+00
        333 203.413831    0.02306     1.3833     83.000  1023.6055  48295.055    30.6681     12.782    6.47125     9.9961    10.1510    23.5470   11.70845 1.0210e+01     12.903 0.0000e+00
        334 203.413834    0.02313     1.3875     83.250  1023.6525  48369.904    30.7118     13.002    6.47972     9.9038    10.0784    23.5929   11.72196 9.9405e+00     13.125 0.0000e+00
        335 203.413837    0.02319     1.3917     83.500  1023.7016  48448.090    30.7567     13.223    6.48934     9.8039     9.9976    23.6411   11.73736 9.6755e+00     13.348 0.0000e+00
        336 203.413840    0.02326     1.3958     83.750  1023.7583  48538.825    30.8090     13.446    6.50031     9.7059     9.9053    23.6967   11.75492 9.4158e+00     13.574 0.0000e+00
        337 203.413843    0.02333     1.4000     84.000  1023.8241  48645.684    30.8715     13.672    6.51198     9.6183     9.8053    23.7615   11.77350 9.1630e+00     13.802 0.0000e+00
        338 203.413845    0.02340     1.4042     84.250  1023.8941  48760.484    30.9397     13.900    6.52316     9.5459     9.7073    23.8304   11.79120 8.9196e+00     14.031 0.0000e+00
        339 203.413848    0.02347     1.4083     84.500  1023.9601  48869.482    31.0050     14.126    6.53299     9.4895     9.6198    23.8953   11.80670 8.6880e+00     14.260 0.0000e+00
        340 203.413851    0.02354     1.4125     84.750  1024.0163  48962.453    31.0609     14.351    6.54106     9.4474     9.5474    23.9505   11.81939 8.4691e+00     14.487 0.0000e+00
