CTD-processing/allCTD/CNV--homogene/2013_07-18_t7_s15_cast009.cnv
* Sea-Bird SBE19plus Data File:
* FileName = C:\Documents and Settings\kris.holderied.local\My Documents\2012-2013-CTD-DATA-new-files\2013-07-CookInlet-EVOSTC-LTM\2013-07-18-CookInlet-Tran7-Augustine\2013-07-18-CookInlet-Tran7-Augustine-cast009.hex
* Software Version 1.54
* Temperature SN =  5028
* Conductivity SN =  5028
* System UpLoad Time = Jul 18 2013 22:07:37
** Cook Inlet LTM Ocean - Tran7 Augustine Line, East to West
** Date: 2013-07-18
** Station: 7-15
** Start time (AKDT-24 hr): 15:16
** Depth (m): 69
** Comment:
** Comment:
# nquan = 17
# nvalues = 594                         
# units = specified
# name 0 = scan: Scan Count
# name 1 = timeJ: Julian Days
# name 2 = timeH: Time, Elapsed [hours]
# name 3 = timeM: Time, Elapsed [minutes]
# name 4 = timeS: Time, Elapsed [seconds]
# name 5 = density00: Density [density, kg/m^3]
# name 6 = specc: Specific Conductance [uS/cm]
# name 7 = sal00: Salinity, Practical [PSU]
# name 8 = depSM: Depth [salt water, m], lat = 59.00
# name 9 = oxsolML/L: Oxygen Saturation, Garcia & Gordon [ml/l]
# name 10 = potemp090C: Potential Temperature [ITS-90, deg C]
# name 11 = tv290C: Temperature [ITS-90, deg C]
# name 12 = sigma-é00: Density [sigma-theta, kg/m^3]
# name 13 = n2satML/L: Nitrogen Saturation [ml/l]
# name 14 = par: PAR/Irradiance, Biospherical/Licor
# name 15 = prdM: Pressure, Strain Gauge [db]
# name 16 = flag:  0.000e+00
# span 0 =          1,        594       
# span 1 = 199.636285, 199.638001       
# span 2 =    0.00000,    0.04118       
# span 3 =     0.0000,     2.4708       
# span 4 =      0.000,    148.250       
# span 5 =   999.6111,  1025.2236       
# span 6 =    243.375,  50620.708       
# span 7 =     0.1147,    31.9866       
# span 8 =      0.029,     69.198       
# span 9 =    6.36478,    7.56878       
# span 10 =     7.6110,    11.8198      
# span 11 =     7.6175,    11.8198      
# span 12 =    -0.3891,    24.9044      
# span 13 =   11.51906,   13.94783      
# span 14 = 5.6046e-02, 1.1210e+03      
# span 15 =      0.030,     69.863      
# span 16 = 0.0000e+00, 0.0000e+00      
# interval = seconds: 0.25
# start_time = Jul 18 2013 15:16:15 [Instrument's time stamp, header]
# bad_flag = -9.990e-29
*END*
[from data line 341]
        342 199.637271    0.02368     1.4208     85.250  1024.9065  50484.428    31.8909     13.175    6.74835     7.9087     7.9118    24.8457   12.15235 3.3960e+01     13.300 0.0000e+00
        343 199.637274    0.02375     1.4250     85.500  1024.9085  50485.191    31.8911     13.531    6.74851     7.9080     7.9108    24.8460   12.15260 3.1230e+01     13.659 0.0000e+00
        344 199.637277    0.02382     1.4292     85.750  1024.9102  50485.496    31.8910     13.892    6.74863     7.9072     7.9100    24.8461   12.15280 2.8677e+01     14.024 0.0000e+00
        345 199.637280    0.02389     1.4333     86.000  1024.9117  50485.483    31.8907     14.245    6.74874     7.9062     7.9093    24.8459   12.15300 2.6355e+01     14.380 0.0000e+00
        346 199.637283    0.02396     1.4375     86.250  1024.9131  50485.335    31.8904     14.578    6.74888     7.9051     7.9085    24.8458   12.15323 2.4292e+01     14.716 0.0000e+00
        347 199.637286    0.02403     1.4417     86.500  1024.9143  50485.201    31.8900     14.880    6.74904     7.9039     7.9076    24.8456   12.15349 2.2504e+01     15.021 0.0000e+00
        348 199.637289    0.02410     1.4458     86.750  1024.9154  50485.176    31.8896     15.145    6.74921     7.9026     7.9065    24.8455   12.15379 2.0998e+01     15.289 0.0000e+00
        349 199.637292    0.02417     1.4500     87.000  1024.9165  50485.272    31.8894     15.372    6.74940     7.9013     7.9054    24.8455   12.15411 1.9763e+01     15.518 0.0000e+00
        350 199.637295    0.02424     1.4542     87.250  1024.9174  50485.463    31.8893     15.563    6.74960     7.9001     7.9041    24.8456   12.15444 1.8767e+01     15.710 0.0000e+00
        351 199.637297    0.02431     1.4583     87.500  1024.9183  50485.770    31.8892     15.724    6.74980     7.8989     7.9028    24.8457   12.15477 1.7962e+01     15.873 0.0000e+00
        352 199.637300    0.02438     1.4625     87.750  1024.9192  50486.243    31.8893     15.864    6.74999     7.8978     7.9016    24.8459   12.15508 1.7292e+01     16.015 0.0000e+00
        353 199.637303    0.02444     1.4667     88.000  1024.9200  50486.701    31.8893     15.994    6.75017     7.8969     7.9004    24.8461   12.15537 1.6703e+01     16.145 0.0000e+00
        354 199.637306    0.02451     1.4708     88.250  1024.9206  50486.797    31.8892     16.123    6.75033     7.8959     7.8994    24.8462   12.15565 1.6152e+01     16.275 0.0000e+00
        355 199.637309    0.02458     1.4750     88.500  1024.9211  50486.613    31.8889     16.260    6.75049     7.8948     7.8985    24.8460   12.15592 1.5617e+01     16.414 0.0000e+00
        356 199.637312    0.02465     1.4792     88.750  1024.9217  50486.466    31.8885     16.412    6.75066     7.8938     7.8975    24.8459   12.15620 1.5090e+01     16.568 0.0000e+00
        357 199.637315    0.02472     1.4833     89.000  1024.9224  50486.515    31.8883     16.582    6.75083     7.8927     7.8964    24.8459   12.15648 1.4577e+01     16.739 0.0000e+00
        358 199.637318    0.02479     1.4875     89.250  1024.9234  50486.824    31.8883     16.771    6.75100     7.8918     7.8954    24.8460   12.15675 1.4093e+01     16.930 0.0000e+00
        359 199.637321    0.02486     1.4917     89.500  1024.9245  50487.223    31.8883     16.977    6.75115     7.8909     7.8943    24.8462   12.15700 1.3645e+01     17.138 0.0000e+00
        360 199.637323    0.02493     1.4958     89.750  1024.9256  50487.355    31.8881     17.196    6.75130     7.8898     7.8934    24.8462   12.15725 1.3231e+01     17.359 0.0000e+00
        361 199.637326    0.02500     1.5000     90.000  1024.9264  50487.080    31.8877     17.426    6.75146     7.8885     7.8925    24.8460   12.15752 1.2842e+01     17.591 0.0000e+00
        362 199.637329    0.02507     1.5042     90.250  1024.9273  50486.705    31.8871     17.665    6.75165     7.8870     7.8914    24.8457   12.15784 1.2465e+01     17.832 0.0000e+00
        363 199.637332    0.02514     1.5083     90.500  1024.9284  50486.768    31.8868     17.913    6.75186     7.8857     7.8901    24.8457   12.15819 1.2082e+01     18.083 0.0000e+00
        364 199.637335    0.02521     1.5125     90.750  1024.9298  50487.411    31.8869     18.173    6.75206     7.8845     7.8888    24.8459   12.15853 1.1677e+01     18.345 0.0000e+00
        365 199.637338    0.02528     1.5167     91.000  1024.9315  50488.290    31.8872     18.445    6.75225     7.8836     7.8875    24.8463   12.15884 1.1243e+01     18.620 0.0000e+00
        366 199.637341    0.02535     1.5208     91.250  1024.9332  50489.072    31.8875     18.730    6.75241     7.8828     7.8863    24.8467   12.15911 1.0778e+01     18.908 0.0000e+00
        367 199.637344    0.02542     1.5250     91.500  1024.9348  50489.692    31.8876     19.027    6.75255     7.8820     7.8854    24.8469   12.15933 1.0282e+01     19.207 0.0000e+00
        368 199.637347    0.02549     1.5292     91.750  1024.9364  50490.211    31.8877     19.333    6.75267     7.8813     7.8846    24.8471   12.15952 9.7595e+00     19.516 0.0000e+00
        369 199.637350    0.02556     1.5333     92.000  1024.9379  50490.510    31.8877     19.645    6.75277     7.8806     7.8839    24.8472   12.15970 9.2229e+00     19.831 0.0000e+00
        370 199.637352    0.02562     1.5375     92.250  1024.9393  50490.508    31.8874     19.959    6.75288     7.8796     7.8833    24.8471   12.15988 8.6921e+00     20.148 0.0000e+00
        371 199.637355    0.02569     1.5417     92.500  1024.9406  50490.446    31.8871     20.271    6.75301     7.8785     7.8825    24.8470   12.16010 8.1894e+00     20.463 0.0000e+00
        372 199.637358    0.02576     1.5458     92.750  1024.9420  50490.612    31.8869     20.573    6.75316     7.8774     7.8816    24.8470   12.16035 7.7327e+00     20.768 0.0000e+00
        373 199.637361    0.02583     1.5500     93.000  1024.9434  50490.983    31.8869     20.858    6.75333     7.8762     7.8805    24.8471   12.16062 7.3334e+00     21.056 0.0000e+00
        374 199.637364    0.02590     1.5542     93.250  1024.9447  50491.301    31.8868     21.125    6.75350     7.8750     7.8794    24.8472   12.16090 6.9965e+00     21.326 0.0000e+00
        375 199.637367    0.02597     1.5583     93.500  1024.9459  50491.488    31.8867     21.371    6.75368     7.8737     7.8783    24.8472   12.16121 6.7224e+00     21.574 0.0000e+00
        376 199.637370    0.02604     1.5625     93.750  1024.9471  50491.829    31.8866     21.595    6.75387     7.8725     7.8771    24.8473   12.16152 6.5079e+00     21.800 0.0000e+00
        377 199.637373    0.02611     1.5667     94.000  1024.9484  50492.605    31.8868     21.800    6.75405     7.8716     7.8758    24.8477   12.16182 6.3494e+00     22.007 0.0000e+00
        378 199.637376    0.02618     1.5708     94.250  1024.9498  50493.686    31.8873     21.986    6.75421     7.8710     7.8747    24.8483   12.16208 6.2413e+00     22.195 0.0000e+00
        379 199.637378    0.02625     1.5750     94.500  1024.9512  50494.797    31.8878     22.156    6.75432     7.8706     7.8737    24.8488   12.16226 6.1751e+00     22.366 0.0000e+00
        380 199.637381    0.02632     1.5792     94.750  1024.9523  50495.632    31.8882     22.313    6.75440     7.8703     7.8731    24.8492   12.16239 6.1389e+00     22.525 0.0000e+00
        381 199.637384    0.02639     1.5833     95.000  1024.9532  50495.949    31.8883     22.464    6.75446     7.8699     7.8727    24.8494   12.16248 6.1162e+00     22.677 0.0000e+00
        382 199.637387    0.02646     1.5875     95.250  1024.9538  50495.858    31.8882     22.618    6.75451     7.8695     7.8724    24.8493   12.16257 6.0890e+00     22.832 0.0000e+00
        383 199.637390    0.02653     1.5917     95.500  1024.9544  50495.669    31.8879     22.783    6.75457     7.8691     7.8721    24.8491   12.16267 6.0412e+00     22.999 0.0000e+00
        384 199.637393    0.02660     1.5958     95.750  1024.9551  50495.600    31.8877     22.970    6.75464     7.8687     7.8717    24.8490   12.16279 5.9600e+00     23.188 0.0000e+00
        385 199.637396    0.02667     1.6000     96.000  1024.9561  50495.690    31.8876     23.188    6.75471     7.8683     7.8713    24.8490   12.16290 5.8361e+00     23.408 0.0000e+00
        386 199.637399    0.02674     1.6042     96.250  1024.9573  50495.922    31.8876     23.444    6.75477     7.8680     7.8709    24.8491   12.16301 5.6663e+00     23.667 0.0000e+00
        387 199.637402    0.02681     1.6083     96.500  1024.9588  50496.235    31.8876     23.741    6.75482     7.8678     7.8705    24.8491   12.16309 5.4529e+00     23.967 0.0000e+00
        388 199.637405    0.02688     1.6125     96.750  1024.9604  50496.548    31.8876     24.077    6.75486     7.8676     7.8703    24.8492   12.16316 5.2014e+00     24.306 0.0000e+00
        389 199.637407    0.02694     1.6167     97.000  1024.9622  50496.829    31.8876     24.453    6.75489     7.8674     7.8701    24.8492   12.16321 4.9161e+00     24.685 0.0000e+00
        390 199.637410    0.02701     1.6208     97.250  1024.9640  50497.083    31.8876     24.848    6.75492     7.8673     7.8699    24.8492   12.16325 4.6155e+00     25.084 0.0000e+00
        391 199.637413    0.02708     1.6250     97.500  1024.9657  50497.306    31.8876     25.222    6.75493     7.8672     7.8698    24.8492   12.16328 4.3332e+00     25.462 0.0000e+00
        392 199.637416    0.02715     1.6292     97.750  1024.9672  50497.460    31.8875     25.557    6.75495     7.8671     7.8698    24.8492   12.16330 4.0835e+00     25.800 0.0000e+00
        393 199.637419    0.02722     1.6333     98.000  1024.9685  50497.515    31.8874     25.859    6.75496     7.8670     7.8697    24.8491   12.16332 3.8613e+00     26.105 0.0000e+00
        394 199.637422    0.02729     1.6375     98.250  1024.9697  50497.445    31.8872     26.135    6.75498     7.8667     7.8696    24.8490   12.16335 3.6609e+00     26.384 0.0000e+00
        395 199.637425    0.02736     1.6417     98.500  1024.9706  50497.223    31.8869     26.393    6.75502     7.8662     7.8695    24.8488   12.16342 3.4763e+00     26.644 0.0000e+00
        396 199.637428    0.02743     1.6458     98.750  1024.9716  50497.022    31.8866     26.639    6.75508     7.8657     7.8692    24.8486   12.16352 3.3027e+00     26.893 0.0000e+00
        397 199.637431    0.02750     1.6500     99.000  1024.9727  50497.057    31.8865     26.878    6.75515     7.8651     7.8687    24.8485   12.16365 3.1369e+00     27.133 0.0000e+00
        398 199.637433    0.02757     1.6542     99.250  1024.9738  50497.229    31.8864     27.111    6.75523     7.8644     7.8682    24.8485   12.16379 2.9777e+00     27.369 0.0000e+00
        399 199.637436    0.02764     1.6583     99.500  1024.9749  50497.433    31.8864     27.341    6.75532     7.8638     7.8676    24.8485   12.16394 2.8253e+00     27.601 0.0000e+00
        400 199.637439    0.02771     1.6625     99.750  1024.9760  50497.653    31.8863     27.568    6.75542     7.8631     7.8670    24.8486   12.16409 2.6809e+00     27.830 0.0000e+00
        401 199.637442    0.02778     1.6667    100.000  1024.9770  50497.752    31.8862     27.791    6.75552     7.8623     7.8664    24.8486   12.16425 2.5454e+00     28.054 0.0000e+00
        402 199.637445    0.02785     1.6708    100.250  1024.9779  50497.761    31.8860     28.007    6.75563     7.8615     7.8658    24.8485   12.16444 2.4196e+00     28.273 0.0000e+00
        403 199.637448    0.02792     1.6750    100.500  1024.9789  50497.934    31.8859     28.215    6.75575     7.8606     7.8650    24.8485   12.16465 2.3048e+00     28.483 0.0000e+00
        404 199.637451    0.02799     1.6792    100.750  1024.9800  50498.371    31.8860     28.413    6.75588     7.8598     7.8641    24.8487   12.16486 2.2014e+00     28.683 0.0000e+00
        405 199.637454    0.02806     1.6833    101.000  1024.9811  50498.936    31.8861     28.600    6.75600     7.8591     7.8633    24.8490   12.16506 2.1089e+00     28.872 0.0000e+00
        406 199.637457    0.02813     1.6875    101.250  1024.9822  50499.471    31.8863     28.776    6.75611     7.8585     7.8625    24.8493   12.16524 2.0262e+00     29.049 0.0000e+00
        407 199.637459    0.02819     1.6917    101.500  1024.9831  50499.851    31.8863     28.942    6.75621     7.8579     7.8619    24.8494   12.16540 1.9522e+00     29.217 0.0000e+00
        408 199.637462    0.02826     1.6958    101.750  1024.9839  50500.076    31.8863     29.101    6.75630     7.8574     7.8613    24.8495   12.16555 1.8849e+00     29.378 0.0000e+00
        409 199.637465    0.02833     1.7000    102.000  1024.9847  50500.302    31.8863     29.257    6.75639     7.8569     7.8607    24.8496   12.16569 1.8219e+00     29.536 0.0000e+00
        410 199.637468    0.02840     1.7042    102.250  1024.9855  50500.557    31.8863     29.417    6.75647     7.8565     7.8602    24.8497   12.16582 1.7606e+00     29.697 0.0000e+00
        411 199.637471    0.02847     1.7083    102.500  1024.9864  50500.798    31.8864     29.589    6.75654     7.8561     7.8597    24.8498   12.16594 1.6985e+00     29.870 0.0000e+00
        412 199.637474    0.02854     1.7125    102.750  1024.9874  50501.049    31.8864     29.781    6.75660     7.8558     7.8593    24.8498   12.16604 1.6331e+00     30.064 0.0000e+00
        413 199.637477    0.02861     1.7167    103.000  1024.9885  50501.304    31.8864     30.001    6.75665     7.8556     7.8590    24.8499   12.16613 1.5626e+00     30.286 0.0000e+00
        414 199.637480    0.02868     1.7208    103.250  1024.9897  50501.496    31.8864     30.255    6.75669     7.8555     7.8587    24.8499   12.16620 1.4865e+00     30.542 0.0000e+00
        415 199.637483    0.02875     1.7250    103.500  1024.9910  50501.616    31.8863     30.544    6.75673     7.8553     7.8585    24.8499   12.16625 1.4054e+00     30.835 0.0000e+00
        416 199.637486    0.02882     1.7292    103.750  1024.9924  50501.741    31.8862     30.867    6.75675     7.8550     7.8584    24.8498   12.16630 1.3206e+00     31.160 0.0000e+00
        417 199.637488    0.02889     1.7333    104.000  1024.9940  50501.863    31.8861     31.215    6.75678     7.8546     7.8582    24.8498   12.16635 1.2343e+00     31.512 0.0000e+00
        418 199.637491    0.02896     1.7375    104.250  1024.9956  50501.855    31.8859     31.581    6.75682     7.8541     7.8580    24.8496   12.16642 1.1494e+00     31.881 0.0000e+00
        419 199.637494    0.02903     1.7417    104.500  1024.9970  50501.640    31.8855     31.951    6.75689     7.8532     7.8577    24.8494   12.16653 1.0685e+00     32.255 0.0000e+00
        420 199.637497    0.02910     1.7458    104.750  1024.9984  50501.316    31.8850     32.314    6.75699     7.8520     7.8571    24.8491   12.16671 9.9400e-01     32.621 0.0000e+00
        421 199.637500    0.02917     1.7500    105.000  1024.9998  50501.122    31.8846     32.657    6.75714     7.8505     7.8563    24.8489   12.16696 9.2729e-01     32.968 0.0000e+00
        422 199.637503    0.02924     1.7542    105.250  1025.0011  50501.127    31.8843     32.973    6.75734     7.8488     7.8551    24.8488   12.16729 8.6892e-01     33.287 0.0000e+00
        423 199.637506    0.02931     1.7583    105.500  1025.0024  50501.331    31.8841     33.254    6.75756     7.8471     7.8537    24.8489   12.16767 8.1886e-01     33.570 0.0000e+00
        424 199.637509    0.02937     1.7625    105.750  1025.0039  50501.994    31.8842     33.497    6.75781     7.8455     7.8520    24.8492   12.16807 7.7654e-01     33.815 0.0000e+00
        425 199.637512    0.02944     1.7667    106.000  1025.0054  50503.049    31.8845     33.704    6.75806     7.8442     7.8503    24.8497   12.16847 7.4082e-01     34.025 0.0000e+00
