CTD-processing/allCTD/CNV--homogene/2013_06-06_t9_s02_cast160.cnv
* Sea-Bird SBE19plus Data File:
* FileName = C:\Documents and Settings\kbayadmin\My Documents\CTD data\2013-06-06 Kachemak Bay all bay inner bay\2013-06-06 Kachemak Bay All Bay Inner Bay cast160.hex
* Software Version 1.59
* Temperature SN =  5028
* Conductivity SN =  5028
* System UpLoad Time = Jun 18 2013 15:48:29
** Kachemak Bay All Bay Inner Bay
** 2013-06-06
** Station: 9.02
** N': 59 34.315
** W': 151 21.720
** Start Time: 1142
** Depth(ft): 244
# nquan = 17
# nvalues = 704                         
# units = specified
# name 0 = scan: Scan Count
# name 1 = timeJ: Julian Days
# name 2 = timeH: Time, Elapsed [hours]
# name 3 = timeM: Time, Elapsed [minutes]
# name 4 = timeS: Time, Elapsed [seconds]
# name 5 = density00: Density [density, kg/m^3]
# name 6 = specc: Specific Conductance [uS/cm]
# name 7 = sal00: Salinity, Practical [PSU]
# name 8 = depSM: Depth [salt water, m], lat = 59.00
# name 9 = oxsolML/L: Oxygen Saturation, Garcia & Gordon [ml/l]
# name 10 = potemp090C: Potential Temperature [ITS-90, deg C]
# name 11 = tv290C: Temperature [ITS-90, deg C]
# name 12 = sigma-é00: Density [sigma-theta, kg/m^3]
# name 13 = n2satML/L: Nitrogen Saturation [ml/l]
# name 14 = par: PAR/Irradiance, Biospherical/Licor
# name 15 = prdM: Pressure, Strain Gauge [db]
# name 16 = flag:  0.000e+00
# span 0 =          1,        704       
# span 1 = 157.488310, 157.490344       
# span 2 =    0.00000,    0.04882       
# span 3 =     0.0000,     2.9292       
# span 4 =      0.000,    175.750       
# span 5 =   999.9059,  1025.5210       
# span 6 =     42.637,  51343.925       
# span 7 =     0.0203,    31.8604       
# span 8 =     -0.029,     65.810       
# span 9 =    6.59879,    8.43041       
# span 10 =     4.7623,     9.8604      
# span 11 =     4.7669,     9.8604      
# span 12 =    -0.0940,    25.2120      
# span 13 =   11.94473,   15.40443      
# span 14 = 4.1796e-02, 1.9141e+03      
# span 15 =     -0.029,     66.442      
# span 16 = 0.0000e+00, 0.0000e+00      
# interval = seconds: 0.25
# start_time = Jun 06 2013 11:43:10 [Instrument's time stamp, header]
# bad_flag = -9.990e-29
*END*
[from data line 86]
         87 157.488559    0.00597     0.3583     21.500  1021.1722  43864.594    27.5260      0.672    6.66861     9.7012     9.7007    21.1691   12.07397 9.2006e+01      0.678 0.0000e+00
         88 157.488562    0.00604     0.3625     21.750  1021.1614  43844.788    27.5124      0.677    6.66901     9.7001     9.7019    21.1583   12.07481 9.1046e+01      0.684 0.0000e+00
         89 157.488565    0.00611     0.3667     22.000  1021.1518  43826.874    27.4999      0.680    6.66964     9.7002     9.7013    21.1487   12.07600 9.0519e+01      0.687 0.0000e+00
         90 157.488568    0.00618     0.3708     22.250  1021.1501  43823.495    27.4975      0.680    6.66991     9.7023     9.7002    21.1469   12.07648 9.0176e+01      0.686 0.0000e+00
         91 157.488571    0.00625     0.3750     22.500  1021.1552  43833.127    27.5042      0.675    6.66960     9.7060     9.7003    21.1521   12.07590 8.9640e+01      0.682 0.0000e+00
         92 157.488573    0.00632     0.3792     22.750  1021.1614  43844.914    27.5126      0.668    6.66894     9.7104     9.7024    21.1584   12.07469 8.8764e+01      0.674 0.0000e+00
         93 157.488576    0.00639     0.3833     23.000  1021.1655  43852.949    27.5185      0.660    6.66814     9.7149     9.7060    21.1625   12.07329 8.7630e+01      0.666 0.0000e+00
         94 157.488579    0.00646     0.3875     23.250  1021.1670  43856.281    27.5213      0.654    6.66736     9.7183     9.7105    21.1640   12.07195 8.6657e+01      0.660 0.0000e+00
         95 157.488582    0.00653     0.3917     23.500  1021.1658  43854.666    27.5207      0.653    6.66673     9.7196     9.7150    21.1628   12.07091 8.6084e+01      0.659 0.0000e+00
         96 157.488585    0.00660     0.3958     23.750  1021.1610  43846.061    27.5152      0.659    6.66645     9.7177     9.7184    21.1579   12.07053 8.6031e+01      0.665 0.0000e+00
         97 157.488588    0.00667     0.4000     24.000  1021.1493  43824.420    27.5003      0.668    6.66691     9.7129     9.7197    21.1462   12.07146 8.6502e+01      0.675 0.0000e+00
         98 157.488591    0.00674     0.4042     24.250  1021.1291  43786.711    27.4739      0.678    6.66831     9.7058     9.7178    21.1259   12.07412 8.6771e+01      0.685 0.0000e+00
         99 157.488594    0.00681     0.4083     24.500  1021.1078  43746.651    27.4456      0.685    6.67024     9.6978     9.7130    21.1046   12.07766 8.6273e+01      0.692 0.0000e+00
        100 157.488597    0.00688     0.4125     24.750  1021.0983  43728.297    27.4321      0.686    6.67186     9.6909     9.7059    21.0951   12.08052 8.5502e+01      0.692 0.0000e+00
        101 157.488600    0.00694     0.4167     25.000  1021.1067  43742.908    27.4414      0.682    6.67265     9.6867     9.6979    21.1035   12.08172 8.5050e+01      0.688 0.0000e+00
        102 157.488602    0.00701     0.4208     25.250  1021.1273  43780.272    27.4665      0.677    6.67261     9.6858     9.6909    21.1242   12.08134 8.5189e+01      0.683 0.0000e+00
        103 157.488605    0.00708     0.4250     25.500  1021.1478  43817.716    27.4919      0.671    6.67213     9.6873     9.6868    21.1446   12.08024 8.5503e+01      0.678 0.0000e+00
        104 157.488608    0.00715     0.4292     25.750  1021.1595  43839.404    27.5069      0.667    6.67162     9.6897     9.6859    21.1564   12.07920 8.4905e+01      0.673 0.0000e+00
        105 157.488611    0.00722     0.4333     26.000  1021.1639  43847.686    27.5128      0.664    6.67116     9.6926     9.6874    21.1608   12.07836 8.3543e+01      0.670 0.0000e+00
        106 157.488614    0.00729     0.4375     26.250  1021.1660  43851.978    27.5160      0.663    6.67066     9.6955     9.6897    21.1630   12.07750 8.2723e+01      0.669 0.0000e+00
        107 157.488617    0.00736     0.4417     26.500  1021.1666  43853.293    27.5173      0.665    6.67017     9.6957     9.6927    21.1635   12.07667 8.2833e+01      0.672 0.0000e+00
        108 157.488620    0.00743     0.4458     26.750  1021.1606  43842.419    27.5100      0.671    6.67006     9.6906     9.6955    21.1574   12.07657 8.3236e+01      0.678 0.0000e+00
        109 157.488623    0.00750     0.4500     27.000  1021.1447  43813.025    27.4897      0.677    6.67089     9.6783     9.6958    21.1415   12.07821 8.3340e+01      0.684 0.0000e+00
        110 157.488626    0.00757     0.4542     27.250  1021.1266  43778.816    27.4654      0.679    6.67270     9.6594     9.6906    21.1234   12.08150 8.3111e+01      0.686 0.0000e+00
        111 157.488628    0.00764     0.4583     27.500  1021.1212  43767.406    27.4561      0.675    6.67491     9.6389     9.6784    21.1180   12.08530 8.2951e+01      0.682 0.0000e+00
        112 157.488631    0.00771     0.4625     27.750  1021.1356  43791.901    27.4710      0.667    6.67708     9.6241     9.6594    21.1325   12.08872 8.2917e+01      0.673 0.0000e+00
        113 157.488634    0.00778     0.4667     28.000  1021.1602  43835.196    27.4987      0.658    6.67893     9.6173     9.6390    21.1571   12.09144 8.2682e+01      0.664 0.0000e+00
        114 157.488637    0.00785     0.4708     28.250  1021.1773  43865.128    27.5177      0.653    6.68032     9.6150     9.6241    21.1742   12.09351 8.2166e+01      0.659 0.0000e+00
        115 157.488640    0.00792     0.4750     28.500  1021.1762  43862.372    27.5151      0.653    6.68144     9.6116     9.6173    21.1732   12.09541 8.1566e+01      0.660 0.0000e+00
        116 157.488643    0.00799     0.4792     28.750  1021.1606  43833.049    27.4945      0.658    6.68267     9.6026     9.6150    21.1575   12.09770 8.1023e+01      0.664 0.0000e+00
        117 157.488646    0.00806     0.4833     29.000  1021.1424  43798.952    27.4705      0.664    6.68420     9.5852     9.6117    21.1393   12.10053 8.0602e+01      0.670 0.0000e+00
        118 157.488649    0.00813     0.4875     29.250  1021.1324  43779.374    27.4559      0.668    6.68617     9.5615     9.6026    21.1293   12.10399 8.0349e+01      0.674 0.0000e+00
        119 157.488652    0.00819     0.4917     29.500  1021.1358  43783.787    27.4570      0.669    6.68871     9.5380     9.5852    21.1328   12.10820 8.0240e+01      0.675 0.0000e+00
        120 157.488655    0.00826     0.4958     29.750  1021.1522  43811.470    27.4735      0.666    6.69153     9.5203     9.5615    21.1492   12.11267 8.0221e+01      0.673 0.0000e+00
        121 157.488657    0.00833     0.5000     30.000  1021.1756  43852.110    27.4990      0.661    6.69393     9.5097     9.5381    21.1725   12.11634 8.0028e+01      0.667 0.0000e+00
        122 157.488660    0.00840     0.5042     30.250  1021.1972  43890.218    27.5234      0.656    6.69551     9.5041     9.5204    21.1942   12.11867 7.9741e+01      0.662 0.0000e+00
        123 157.488663    0.00847     0.5083     30.500  1021.2093  43911.375    27.5368      0.654    6.69652     9.5004     9.5097    21.2063   12.12017 7.9881e+01      0.660 0.0000e+00
        124 157.488666    0.00854     0.5125     30.750  1021.2084  43909.101    27.5346      0.654    6.69745     9.4953     9.5042    21.2054   12.12173 8.0202e+01      0.660 0.0000e+00
        125 157.488669    0.00861     0.5167     31.000  1021.1993  43891.700    27.5221      0.655    6.69854     9.4871     9.5004    21.1962   12.12371 8.0249e+01      0.661 0.0000e+00
        126 157.488672    0.00868     0.5208     31.250  1021.1915  43876.783    27.5112      0.657    6.69977     9.4764     9.4953    21.1884   12.12589 8.0405e+01      0.663 0.0000e+00
        127 157.488675    0.00875     0.5250     31.500  1021.1914  43875.665    27.5095      0.659    6.70107     9.4661     9.4871    21.1883   12.12806 8.0786e+01      0.665 0.0000e+00
        128 157.488678    0.00882     0.5292     31.750  1021.1988  43888.177    27.5169      0.660    6.70234     9.4584     9.4765    21.1957   12.13007 8.1078e+01      0.667 0.0000e+00
        129 157.488681    0.00889     0.5333     32.000  1021.2081  43904.302    27.5269      0.662    6.70345     9.4528     9.4662    21.2051   12.13179 8.1202e+01      0.669 0.0000e+00
        130 157.488683    0.00896     0.5375     32.250  1021.2123  43911.271    27.5308      0.664    6.70443     9.4472     9.4585    21.2093   12.13338 8.1105e+01      0.670 0.0000e+00
        131 157.488686    0.00903     0.5417     32.500  1021.2107  43907.574    27.5277      0.662    6.70541     9.4401     9.4529    21.2076   12.13504 8.0863e+01      0.669 0.0000e+00
        132 157.488689    0.00910     0.5458     32.750  1021.2093  43904.493    27.5249      0.657    6.70637     9.4319     9.4473    21.2063   12.13667 8.0642e+01      0.663 0.0000e+00
        133 157.488692    0.00917     0.5500     33.000  1021.2142  43912.755    27.5298      0.648    6.70722     9.4249     9.4401    21.2112   12.13802 8.0427e+01      0.655 0.0000e+00
        134 157.488695    0.00924     0.5542     33.250  1021.2257  43933.330    27.5431      0.640    6.70788     9.4212     9.4319    21.2228   12.13894 8.0087e+01      0.647 0.0000e+00
        135 157.488698    0.00931     0.5583     33.500  1021.2384  43956.108    27.5580      0.636    6.70828     9.4206     9.4249    21.2355   12.13942 7.9705e+01      0.643 0.0000e+00
        136 157.488701    0.00937     0.5625     33.750  1021.2442  43966.460    27.5648      0.638    6.70854     9.4202     9.4212    21.2413   12.13977 7.9396e+01      0.644 0.0000e+00
        137 157.488704    0.00944     0.5667     34.000  1021.2402  43958.901    27.5595      0.643    6.70886     9.4159     9.4206    21.2372   12.14036 7.9190e+01      0.649 0.0000e+00
        138 157.488707    0.00951     0.5708     34.250  1021.2318  43943.226    27.5486      0.647    6.70939     9.4053     9.4202    21.2288   12.14137 7.9110e+01      0.653 0.0000e+00
        139 157.488709    0.00958     0.5750     34.500  1021.2281  43936.010    27.5431      0.649    6.71027     9.3911     9.4159    21.2251   12.14291 7.9115e+01      0.655 0.0000e+00
        140 157.488712    0.00965     0.5792     34.750  1021.2350  43947.541    27.5498      0.646    6.71157     9.3790     9.4053    21.2320   12.14498 7.9147e+01      0.652 0.0000e+00
        141 157.488715    0.00972     0.5833     35.000  1021.2504  43974.553    27.5669      0.641    6.71295     9.3726     9.3912    21.2474   12.14707 7.9023e+01      0.647 0.0000e+00
        142 157.488718    0.00979     0.5875     35.250  1021.2667  44003.615    27.5856      0.637    6.71395     9.3724     9.3791    21.2638   12.14849 7.8624e+01      0.643 0.0000e+00
        143 157.488721    0.00986     0.5917     35.500  1021.2767  44021.309    27.5971      0.637    6.71442     9.3760     9.3727    21.2737   12.14913 7.8119e+01      0.643 0.0000e+00
        144 157.488724    0.00993     0.5958     35.750  1021.2764  44020.715    27.5967      0.641    6.71447     9.3782     9.3725    21.2734   12.14921 7.7679e+01      0.647 0.0000e+00
        145 157.488727    0.01000     0.6000     36.000  1021.2675  44004.577    27.5859      0.648    6.71439     9.3744     9.3760    21.2645   12.14923 7.7282e+01      0.654 0.0000e+00
        146 157.488730    0.01007     0.6042     36.250  1021.2571  43985.543    27.5730      0.656    6.71462     9.3632     9.3783    21.2541   12.14976 7.7033e+01      0.662 0.0000e+00
        147 157.488733    0.01014     0.6083     36.500  1021.2533  43978.064    27.5674      0.660    6.71544     9.3480     9.3744    21.2502   12.15119 7.7060e+01      0.666 0.0000e+00
        148 157.488736    0.01021     0.6125     36.750  1021.2597  43988.644    27.5734      0.659    6.71685     9.3346     9.3632    21.2566   12.15347 7.7282e+01      0.665 0.0000e+00
        149 157.488738    0.01028     0.6167     37.000  1021.2734  44012.521    27.5881      0.656    6.71849     9.3263     9.3481    21.2704   12.15600 7.7448e+01      0.662 0.0000e+00
        150 157.488741    0.01035     0.6208     37.250  1021.2873  44036.908    27.6034      0.652    6.71985     9.3233     9.3346    21.2843   12.15806 7.7404e+01      0.658 0.0000e+00
        151 157.488744    0.01042     0.6250     37.500  1021.2946  44049.605    27.6113      0.650    6.72075     9.3230     9.3264    21.2916   12.15946 7.7347e+01      0.656 0.0000e+00
        152 157.488747    0.01049     0.6292     37.750  1021.2934  44047.024    27.6091      0.650    6.72129     9.3224     9.3233    21.2904   12.16040 7.7540e+01      0.656 0.0000e+00
        153 157.488750    0.01056     0.6333     38.000  1021.2876  44036.101    27.6015      0.651    6.72167     9.3202     9.3230    21.2845   12.16112 7.7898e+01      0.657 0.0000e+00
        154 157.488753    0.01063     0.6375     38.250  1021.2826  44026.864    27.5951      0.653    6.72204     9.3168     9.3225    21.2796   12.16181 7.8088e+01      0.659 0.0000e+00
        155 157.488756    0.01069     0.6417     38.500  1021.2811  44023.829    27.5927      0.654    6.72246     9.3134     9.3203    21.2780   12.16254 7.8132e+01      0.660 0.0000e+00
        156 157.488759    0.01076     0.6458     38.750  1021.2823  44025.771    27.5937      0.656    6.72293     9.3108     9.3169    21.2793   12.16330 7.8273e+01      0.662 0.0000e+00
        157 157.488762    0.01083     0.6500     39.000  1021.2838  44028.126    27.5949      0.658    6.72339     9.3091     9.3135    21.2808   12.16406 7.8580e+01      0.664 0.0000e+00
        158 157.488764    0.01090     0.6542     39.250  1021.2831  44026.520    27.5935      0.660    6.72384     9.3077     9.3109    21.2801   12.16482 7.8868e+01      0.666 0.0000e+00
        159 157.488767    0.01097     0.6583     39.500  1021.2804  44021.286    27.5897      0.660    6.72427     9.3061     9.3092    21.2773   12.16557 7.8846e+01      0.667 0.0000e+00
        160 157.488770    0.01104     0.6625     39.750  1021.2778  44016.460    27.5862      0.659    6.72463     9.3044     9.3077    21.2748   12.16622 7.8595e+01      0.666 0.0000e+00
        161 157.488773    0.01111     0.6667     40.000  1021.2770  44014.769    27.5848      0.657    6.72492     9.3026     9.3062    21.2740   12.16672 7.8328e+01      0.663 0.0000e+00
        162 157.488776    0.01118     0.6708     40.250  1021.2777  44015.902    27.5854      0.653    6.72516     9.3011     9.3045    21.2747   12.16710 7.8154e+01      0.660 0.0000e+00
        163 157.488779    0.01125     0.6750     40.500  1021.2788  44017.804    27.5865      0.650    6.72537     9.2999     9.3027    21.2758   12.16744 7.8157e+01      0.656 0.0000e+00
        164 157.488782    0.01132     0.6792     40.750  1021.2793  44018.497    27.5868      0.647    6.72559     9.2989     9.3012    21.2763   12.16779 7.8272e+01      0.653 0.0000e+00
        165 157.488785    0.01139     0.6833     41.000  1021.2789  44017.778    27.5862      0.646    6.72580     9.2981     9.3000    21.2759   12.16815 7.8236e+01      0.652 0.0000e+00
        166 157.488788    0.01146     0.6875     41.250  1021.2783  44016.491    27.5852      0.647    6.72599     9.2975     9.2990    21.2753   12.16849 7.8036e+01      0.653 0.0000e+00
        167 157.488791    0.01153     0.6917     41.500  1021.2772  44014.280    27.5836      0.651    6.72618     9.2964     9.2982    21.2742   12.16882 7.7972e+01      0.657 0.0000e+00
        168 157.488793    0.01160     0.6958     41.750  1021.2750  44010.159    27.5807      0.657    6.72641     9.2938     9.2975    21.2720   12.16923 7.8070e+01      0.663 0.0000e+00
        169 157.488796    0.01167     0.7000     42.000  1021.2727  44005.775    27.5775      0.662    6.72671     9.2894     9.2964    21.2697   12.16977 7.8372e+01      0.668 0.0000e+00
        170 157.488799    0.01174     0.7042     42.250  1021.2724  44004.850    27.5765      0.664    6.72714     9.2836     9.2939    21.2693   12.17049 7.8828e+01      0.670 0.0000e+00
