CTD-processing/allCTD/CNV--homogene/2013_06-19_t9_s02_cast180.cnv
* Sea-Bird SBE19plus Data File:
* FileName = C:\Documents and Settings\kbayadmin\My Documents\CTD data\2013-06-19 Kachemak Bay Homer Spit Line\2013-06-06 Kachemak Bay Homer Spit Line cast180.hex
* Software Version 1.59
* Temperature SN =  5028
* Conductivity SN =  5028
* System UpLoad Time = Jun 19 2013 15:38:45
** Kachemak Bay All Bay Inner Bay
** 2013-06-06
** Station: 9-02
** N': 59 34.312
** W': 151 21.767
** Start Time: 1117
** Depth(ft): 253
# nquan = 17
# nvalues = 690                         
# units = specified
# name 0 = scan: Scan Count
# name 1 = timeJ: Julian Days
# name 2 = timeH: Time, Elapsed [hours]
# name 3 = timeM: Time, Elapsed [minutes]
# name 4 = timeS: Time, Elapsed [seconds]
# name 5 = density00: Density [density, kg/m^3]
# name 6 = specc: Specific Conductance [uS/cm]
# name 7 = sal00: Salinity, Practical [PSU]
# name 8 = depSM: Depth [salt water, m], lat = 59.00
# name 9 = oxsolML/L: Oxygen Saturation, Garcia & Gordon [ml/l]
# name 10 = potemp090C: Potential Temperature [ITS-90, deg C]
# name 11 = tv290C: Temperature [ITS-90, deg C]
# name 12 = sigma-é00: Density [sigma-theta, kg/m^3]
# name 13 = n2satML/L: Nitrogen Saturation [ml/l]
# name 14 = par: PAR/Irradiance, Biospherical/Licor
# name 15 = prdM: Pressure, Strain Gauge [db]
# name 16 = flag:  0.000e+00
# span 0 =          1,        690       
# span 1 = 170.469525, 170.471519       
# span 2 =    0.00000,    0.04785       
# span 3 =     0.0000,     2.8708       
# span 4 =      0.000,    172.250       
# span 5 =  1000.1243,  1025.4490       
# span 6 =   1115.967,  51135.507       
# span 7 =     0.5508,    31.7929       
# span 8 =     -0.056,     70.898       
# span 9 =    6.16955,    7.84941       
# span 10 =     5.1131,    13.1709      
# span 11 =     5.1181,    13.1711      
# span 12 =     0.1246,    25.1211      
# span 13 =   11.23867,   14.41626      
# span 14 = 4.4849e-02, 1.3569e+02      
# span 15 =     -0.057,     71.580      
# span 16 = 0.0000e+00, 0.0000e+00      
# interval = seconds: 0.25
# start_time = Jun 19 2013 11:16:07 [Instrument's time stamp, header]
# bad_flag = -9.990e-29
*END*
[from data line 596]
        597 170.471250    0.04139     2.4833    149.000  1025.2815  50926.835    31.7459     52.434    7.13626     5.5268     5.5422    25.0363   12.79525 4.6585e-02     52.936 0.0000e+00
        598 170.471253    0.04146     2.4875    149.250  1025.2840  50929.814    31.7466     52.700    7.13724     5.5213     5.5362    25.0375   12.79686 4.6480e-02     53.204 0.0000e+00
        599 170.471256    0.04153     2.4917    149.500  1025.2852  50930.378    31.7458     52.965    7.13818     5.5148     5.5309    25.0374   12.79842 4.6353e-02     53.472 0.0000e+00
        600 170.471259    0.04160     2.4958    149.750  1025.2852  50928.774    31.7434     53.231    7.13922     5.5063     5.5254    25.0362   12.80017 4.6223e-02     53.740 0.0000e+00
        601 170.471262    0.04167     2.5000    150.000  1025.2838  50924.625    31.7391     53.495    7.14052     5.4950     5.5189    25.0335   12.80238 4.6105e-02     54.007 0.0000e+00
        602 170.471264    0.04174     2.5042    150.250  1025.2811  50918.380    31.7329     53.758    7.14225     5.4803     5.5105    25.0296   12.80531 4.6020e-02     54.272 0.0000e+00
        603 170.471267    0.04181     2.5083    150.500  1025.2781  50911.931    31.7260     54.021    7.14450     5.4623     5.4991    25.0254   12.80912 4.5958e-02     54.538 0.0000e+00
        604 170.471270    0.04188     2.5125    150.750  1025.2760  50907.183    31.7195     54.286    7.14730     5.4417     5.4844    25.0220   12.81382 4.5903e-02     54.805 0.0000e+00
        605 170.471273    0.04194     2.5167    151.000  1025.2757  50906.217    31.7150     54.549    7.15056     5.4204     5.4664    25.0205   12.81927 4.5848e-02     55.072 0.0000e+00
        606 170.471276    0.04201     2.5208    151.250  1025.2786  50911.398    31.7142     54.810    7.15408     5.4005     5.4459    25.0221   12.82509 4.5783e-02     55.335 0.0000e+00
        607 170.471279    0.04208     2.5250    151.500  1025.2851  50923.115    31.7177     55.066    7.15753     5.3832     5.4247    25.0273   12.83074 4.5702e-02     55.594 0.0000e+00
        608 170.471282    0.04215     2.5292    151.750  1025.2932  50937.888    31.7236     55.320    7.16064     5.3684     5.4047    25.0342   12.83580 4.5616e-02     55.850 0.0000e+00
        609 170.471285    0.04222     2.5333    152.000  1025.3006  50951.044    31.7289     55.572    7.16332     5.3554     5.3874    25.0404   12.84016 4.5550e-02     56.104 0.0000e+00
        610 170.471288    0.04229     2.5375    152.250  1025.3064  50961.198    31.7327     55.821    7.16565     5.3436     5.3726    25.0451   12.84397 4.5524e-02     56.355 0.0000e+00
        611 170.471291    0.04236     2.5417    152.500  1025.3117  50970.137    31.7360     56.068    7.16772     5.3333     5.3596    25.0492   12.84734 4.5570e-02     56.604 0.0000e+00
        612 170.471293    0.04243     2.5458    152.750  1025.3172  50979.401    31.7398     56.312    7.16954     5.3248     5.3478    25.0535   12.85030 4.5640e-02     56.851 0.0000e+00
        613 170.471296    0.04250     2.5500    153.000  1025.3228  50988.767    31.7440     56.553    7.17109     5.3178     5.3376    25.0580   12.85281 4.5605e-02     57.094 0.0000e+00
        614 170.471299    0.04257     2.5542    153.250  1025.3279  50997.216    31.7479     56.790    7.17236     5.3121     5.3290    25.0620   12.85485 4.5466e-02     57.333 0.0000e+00
        615 170.471302    0.04264     2.5583    153.500  1025.3322  51003.864    31.7509     57.020    7.17339     5.3071     5.3221    25.0652   12.85652 4.5324e-02     57.566 0.0000e+00
        616 170.471305    0.04271     2.5625    153.750  1025.3354  51008.585    31.7529     57.243    7.17427     5.3025     5.3164    25.0674   12.85794 4.5217e-02     57.791 0.0000e+00
        617 170.471308    0.04278     2.5667    154.000  1025.3381  51012.264    31.7543     57.459    7.17505     5.2983     5.3114    25.0690   12.85923 4.5126e-02     58.009 0.0000e+00
        618 170.471311    0.04285     2.5708    154.250  1025.3405  51015.543    31.7554     57.669    7.17578     5.2942     5.3068    25.0705   12.86041 4.5059e-02     58.221 0.0000e+00
        619 170.471314    0.04292     2.5750    154.500  1025.3426  51018.237    31.7563     57.876    7.17647     5.2903     5.3026    25.0716   12.86154 4.5019e-02     58.430 0.0000e+00
        620 170.471317    0.04299     2.5792    154.750  1025.3445  51020.445    31.7569     58.080    7.17713     5.2867     5.2985    25.0725   12.86262 4.4965e-02     58.636 0.0000e+00
        621 170.471319    0.04306     2.5833    155.000  1025.3466  51022.999    31.7577     58.281    7.17776     5.2836     5.2946    25.0736   12.86365 4.4891e-02     58.839 0.0000e+00
        622 170.471322    0.04312     2.5875    155.250  1025.3488  51025.915    31.7588     58.479    7.17832     5.2809     5.2910    25.0749   12.86456 4.4849e-02     59.039 0.0000e+00
        623 170.471325    0.04319     2.5917    155.500  1025.3507  51028.148    31.7596     58.675    7.17881     5.2784     5.2879    25.0759   12.86535 4.4866e-02     59.237 0.0000e+00
        624 170.471328    0.04326     2.5958    155.750  1025.3521  51029.543    31.7599     58.871    7.17925     5.2759     5.2853    25.0764   12.86608 4.4926e-02     59.435 0.0000e+00
        625 170.471331    0.04333     2.6000    156.000  1025.3534  51030.534    31.7600     59.068    7.17968     5.2733     5.2828    25.0768   12.86678 4.5004e-02     59.634 0.0000e+00
        626 170.471334    0.04340     2.6042    156.250  1025.3545  51031.308    31.7599     59.266    7.18011     5.2705     5.2803    25.0770   12.86749 4.5081e-02     59.834 0.0000e+00
        627 170.471337    0.04347     2.6083    156.500  1025.3556  51032.045    31.7597     59.467    7.18056     5.2676     5.2777    25.0772   12.86824 4.5154e-02     60.037 0.0000e+00
        628 170.471340    0.04354     2.6125    156.750  1025.3568  51032.910    31.7596     59.669    7.18104     5.2645     5.2749    25.0774   12.86903 4.5201e-02     60.241 0.0000e+00
        629 170.471343    0.04361     2.6167    157.000  1025.3580  51033.667    31.7595     59.873    7.18154     5.2608     5.2721    25.0776   12.86986 4.5218e-02     60.447 0.0000e+00
        630 170.471345    0.04368     2.6208    157.250  1025.3586  51033.546    31.7586     60.075    7.18211     5.2558     5.2690    25.0772   12.87081 4.5243e-02     60.651 0.0000e+00
        631 170.471348    0.04375     2.6250    157.500  1025.3584  51031.992    31.7567     60.276    7.18283     5.2489     5.2653    25.0761   12.87204 4.5290e-02     60.853 0.0000e+00
        632 170.471351    0.04382     2.6292    157.750  1025.3579  51029.914    31.7541     60.474    7.18381     5.2407     5.2603    25.0746   12.87369 4.5325e-02     61.053 0.0000e+00
        633 170.471354    0.04389     2.6333    158.000  1025.3586  51030.364    31.7528     60.670    7.18504     5.2325     5.2534    25.0744   12.87574 4.5332e-02     61.251 0.0000e+00
        634 170.471357    0.04396     2.6375    158.250  1025.3617  51035.407    31.7545     60.864    7.18637     5.2257     5.2452    25.0766   12.87791 4.5372e-02     61.448 0.0000e+00
        635 170.471360    0.04403     2.6417    158.500  1025.3663  51043.196    31.7580     61.056    7.18759     5.2205     5.2371    25.0803   12.87987 4.5504e-02     61.642 0.0000e+00
        636 170.471363    0.04410     2.6458    158.750  1025.3709  51050.769    31.7617     61.247    7.18858     5.2168     5.2303    25.0840   12.88146 4.5708e-02     61.835 0.0000e+00
        637 170.471366    0.04417     2.6500    159.000  1025.3747  51056.757    31.7646     61.439    7.18932     5.2141     5.2251    25.0868   12.88265 4.5962e-02     62.028 0.0000e+00
        638 170.471369    0.04424     2.6542    159.250  1025.3776  51060.948    31.7666     61.633    7.18987     5.2120     5.2214    25.0888   12.88352 4.6196e-02     62.224 0.0000e+00
        639 170.471372    0.04431     2.6583    159.500  1025.3798  51063.693    31.7678     61.829    7.19027     5.2103     5.2187    25.0901   12.88417 4.6353e-02     62.422 0.0000e+00
        640 170.471374    0.04437     2.6625    159.750  1025.3815  51065.520    31.7685     62.028    7.19059     5.2087     5.2166    25.0909   12.88469 4.6493e-02     62.623 0.0000e+00
        641 170.471377    0.04444     2.6667    160.000  1025.3830  51066.828    31.7690     62.229    7.19086     5.2072     5.2149    25.0915   12.88513 4.6605e-02     62.826 0.0000e+00
        642 170.471380    0.04451     2.6708    160.250  1025.3842  51067.670    31.7691     62.429    7.19112     5.2056     5.2134    25.0918   12.88555 4.6635e-02     63.028 0.0000e+00
        643 170.471383    0.04458     2.6750    160.500  1025.3853  51068.235    31.7691     62.629    7.19138     5.2039     5.2119    25.0919   12.88599 4.6627e-02     63.230 0.0000e+00
        644 170.471386    0.04465     2.6792    160.750  1025.3866  51069.092    31.7692     62.830    7.19165     5.2023     5.2103    25.0922   12.88643 4.6654e-02     63.433 0.0000e+00
        645 170.471389    0.04472     2.6833    161.000  1025.3879  51070.163    31.7695     63.033    7.19192     5.2005     5.2086    25.0926   12.88687 4.6755e-02     63.638 0.0000e+00
        646 170.471392    0.04479     2.6875    161.250  1025.3891  51070.888    31.7696     63.238    7.19220     5.1985     5.2070    25.0928   12.88733 4.6877e-02     63.844 0.0000e+00
        647 170.471395    0.04486     2.6917    161.500  1025.3902  51071.407    31.7695     63.445    7.19251     5.1964     5.2052    25.0929   12.88784 4.6923e-02     64.054 0.0000e+00
        648 170.471398    0.04493     2.6958    161.750  1025.3915  51072.316    31.7696     63.657    7.19285     5.1942     5.2032    25.0932   12.88840 4.6919e-02     64.268 0.0000e+00
        649 170.471400    0.04500     2.7000    162.000  1025.3930  51073.632    31.7699     63.873    7.19319     5.1920     5.2011    25.0937   12.88897 4.6932e-02     64.486 0.0000e+00
        650 170.471403    0.04507     2.7042    162.250  1025.3945  51074.834    31.7701     64.092    7.19354     5.1895     5.1990    25.0942   12.88955 4.6970e-02     64.706 0.0000e+00
        651 170.471406    0.04514     2.7083    162.500  1025.3957  51075.504    31.7700     64.311    7.19392     5.1861     5.1968    25.0943   12.89018 4.7043e-02     64.927 0.0000e+00
        652 170.471409    0.04521     2.7125    162.750  1025.3963  51075.292    31.7693     64.528    7.19439     5.1812     5.1943    25.0940   12.89096 4.7161e-02     65.147 0.0000e+00
        653 170.471412    0.04528     2.7167    163.000  1025.3965  51074.287    31.7678     64.743    7.19504     5.1743     5.1909    25.0931   12.89205 4.7296e-02     65.364 0.0000e+00
        654 170.471415    0.04535     2.7208    163.250  1025.3967  51073.412    31.7660     64.953    7.19597     5.1657     5.1860    25.0923   12.89360 4.7381e-02     65.576 0.0000e+00
        655 170.471418    0.04542     2.7250    163.500  1025.3977  51074.447    31.7651     65.156    7.19718     5.1564     5.1791    25.0924   12.89563 4.7416e-02     65.781 0.0000e+00
        656 170.471421    0.04549     2.7292    163.750  1025.4006  51079.138    31.7664     65.352    7.19860     5.1476     5.1705    25.0944   12.89794 4.7453e-02     65.979 0.0000e+00
        657 170.471424    0.04556     2.7333    164.000  1025.4051  51086.874    31.7696     65.541    7.20004     5.1399     5.1612    25.0979   12.90028 4.7513e-02     66.170 0.0000e+00
        658 170.471427    0.04562     2.7375    164.250  1025.4099  51095.240    31.7734     65.727    7.20137     5.1334     5.1524    25.1019   12.90243 4.7590e-02     66.357 0.0000e+00
        659 170.471429    0.04569     2.7417    164.500  1025.4142  51102.586    31.7767     65.911    7.20253     5.1279     5.1448    25.1053   12.90430 4.7680e-02     66.543 0.0000e+00
        660 170.471432    0.04576     2.7458    164.750  1025.4181  51108.856    31.7795     66.094    7.20351     5.1234     5.1383    25.1083   12.90589 4.7778e-02     66.728 0.0000e+00
        661 170.471435    0.04583     2.7500    165.000  1025.4217  51114.601    31.7822     66.279    7.20433     5.1199     5.1328    25.1110   12.90721 4.7877e-02     66.915 0.0000e+00
        662 170.471438    0.04590     2.7542    165.250  1025.4250  51119.689    31.7847     66.465    7.20498     5.1172     5.1283    25.1135   12.90825 4.7986e-02     67.103 0.0000e+00
        663 170.471441    0.04597     2.7583    165.500  1025.4278  51123.729    31.7866     66.654    7.20548     5.1152     5.1248    25.1154   12.90906 4.8099e-02     67.294 0.0000e+00
        664 170.471444    0.04604     2.7625    165.750  1025.4301  51126.816    31.7880     66.847    7.20587     5.1137     5.1222    25.1168   12.90968 4.8205e-02     67.488 0.0000e+00
        665 170.471447    0.04611     2.7667    166.000  1025.4322  51129.371    31.7893     67.042    7.20616     5.1131     5.1201    25.1180   12.91014 4.8319e-02     67.685 0.0000e+00
        666 170.471450    0.04618     2.7708    166.250  1025.4344  51131.907    31.7906     67.237    7.20634     5.1134     5.1187    25.1193   12.91042 4.8467e-02     67.882 0.0000e+00
        667 170.471453    0.04625     2.7750    166.500  1025.4364  51134.253    31.7920     67.428    7.20638     5.1144     5.1181    25.1204   12.91047 4.8654e-02     68.076 0.0000e+00
        668 170.471455    0.04632     2.7792    166.750  1025.4379  51135.507    31.7928     67.612    7.20629     5.1158     5.1183    25.1211   12.91032 4.8862e-02     68.262 0.0000e+00
        669 170.471458    0.04639     2.7833    167.000  1025.4387  51135.447    31.7929     67.788    7.20611     5.1173     5.1194    25.1210   12.91001 4.9072e-02     68.440 0.0000e+00
        670 170.471461    0.04646     2.7875    167.250  1025.4390  51134.433    31.7925     67.958    7.20588     5.1185     5.1208    25.1205   12.90964 4.9281e-02     68.612 0.0000e+00
        671 170.471464    0.04653     2.7917    167.500  1025.4389  51132.693    31.7915     68.127    7.20567     5.1193     5.1223    25.1196   12.90930 4.9501e-02     68.782 0.0000e+00
        672 170.471467    0.04660     2.7958    167.750  1025.4386  51130.751    31.7904     68.299    7.20551     5.1196     5.1236    25.1185   12.90905 4.9721e-02     68.955 0.0000e+00
        673 170.471470    0.04667     2.8000    168.000  1025.4388  51129.620    31.7897     68.476    7.20541     5.1200     5.1244    25.1179   12.90890 4.9908e-02     69.134 0.0000e+00
        674 170.471473    0.04674     2.8042    168.250  1025.4396  51129.638    31.7897     68.661    7.20535     5.1206     5.1247    25.1178   12.90880 5.0056e-02     69.321 0.0000e+00
        675 170.471476    0.04681     2.8083    168.500  1025.4405  51129.751    31.7897     68.856    7.20528     5.1212     5.1251    25.1178   12.90868 5.0191e-02     69.518 0.0000e+00
        676 170.471479    0.04688     2.8125    168.750  1025.4411  51129.141    31.7894     69.059    7.20520     5.1216     5.1257    25.1175   12.90855 5.0286e-02     69.723 0.0000e+00
        677 170.471481    0.04694     2.8167    169.000  1025.4416  51128.267    31.7888     69.268    7.20512     5.1219     5.1263    25.1170   12.90843 5.0294e-02     69.934 0.0000e+00
        678 170.471484    0.04701     2.8208    169.250  1025.4422  51127.780    31.7884     69.479    7.20507     5.1222     5.1267    25.1166   12.90834 5.0222e-02     70.147 0.0000e+00
        679 170.471487    0.04708     2.8250    169.500  1025.4431  51127.724    31.7884     69.690    7.20502     5.1226     5.1270    25.1165   12.90826 5.0118e-02     70.360 0.0000e+00
        680 170.471490    0.04715     2.8292    169.750  1025.4441  51127.786    31.7884     69.900    7.20496     5.1231     5.1274    25.1165   12.90816 5.0020e-02     70.572 0.0000e+00
