CTD-processing/allCTD/CNV--homogene/2013_08-07_t9_s06_cast116.cnv
* Sea-Bird SBE19plus Data File:
* FileName = C:\Users\kris.holderied\Documents\kasitsna\Research-Projects-and-Data\Oceanography-AK\CTD-Data-ALL-to-2014-03\2013-CTD-KachBay-CookInlet\2013-08-07-CookInlet-CTD4141\2013-08-07-CookInlet-Tran9-cast116.hex
* Software Version 1.59
* Temperature SN =  4141
* Conductivity SN =  4141
* System UpLoad Time = May 27 2014 20:09:17
** Cook Inlet LTM Transect 9 (Homer Spit) Extra??
** Date: 2013-08-07
** Station: 9-06
** Start time: 16:04
** Depth (m): 101.5
** Comment:
** Comment:
# nquan = 17
# nvalues = 725                         
# units = specified
# name 0 = scan: Scan Count
# name 1 = timeJ: Julian Days
# name 2 = timeH: Time, Elapsed [hours]
# name 3 = timeM: Time, Elapsed [minutes]
# name 4 = timeS: Time, Elapsed [seconds]
# name 5 = density00: Density [density, kg/m^3]
# name 6 = specc: Specific Conductance [uS/cm]
# name 7 = sal00: Salinity, Practical [PSU]
# name 8 = depSM: Depth [salt water, m], lat = 59.00
# name 9 = oxsolML/L: Oxygen Saturation, Garcia & Gordon [ml/l]
# name 10 = potemp090C: Potential Temperature [ITS-90, deg C]
# name 11 = tv290C: Temperature [ITS-90, deg C]
# name 12 = sigma-é00: Density [sigma-theta, kg/m^3]
# name 13 = n2satML/L: Nitrogen Saturation [ml/l]
# name 14 = par: PAR/Irradiance, Biospherical/Licor
# name 15 = prdM: Pressure, Strain Gauge [db]
# name 16 = flag:  0.000e+00
# span 0 =          1,        725       
# span 1 = 219.670961, 219.673056       
# span 2 =    0.00000,    0.05028       
# span 3 =     0.0000,     3.0167       
# span 4 =      0.000,    181.000       
# span 5 =   999.7751,  1025.1602       
# span 6 =    411.695,  50337.752       
# span 7 =     0.1966,    31.7200       
# span 8 =     -0.110,     90.907       
# span 9 =    6.43274,    7.73186       
# span 10 =     7.6982,    11.4623      
# span 11 =     7.7067,    11.4623      
# span 12 =    -0.2244,    24.7408      
# span 13 =   11.63857,   14.22264      
# span 14 = 3.6382e-02, 3.0147e+01      
# span 15 =     -0.111,     91.785      
# span 16 = 0.0000e+00, 0.0000e+00      
# interval = seconds: 0.25
# start_time = Aug 07 2013 16:06:11 [Instrument's time stamp, header]
# bad_flag = -9.990e-29
*END*
[from data line 511]
        512 219.672439    0.03549     2.1292    127.750  1024.6952  49874.004    31.5582     46.326    6.65552     8.6065     8.6223    24.4819   12.00285 3.6382e-02     46.768 0.0000e+00
        513 219.672442    0.03556     2.1333    128.000  1024.6997  49880.195    31.5615     46.540    6.65634     8.6027     8.6158    24.4855   12.00417 3.6382e-02     46.985 0.0000e+00
        514 219.672445    0.03562     2.1375    128.250  1024.7024  49883.185    31.5628     46.755    6.65698     8.5992     8.6112    24.4872   12.00521 3.6382e-02     47.201 0.0000e+00
        515 219.672448    0.03569     2.1417    128.500  1024.7041  49884.248    31.5629     46.969    6.65753     8.5957     8.6074    24.4878   12.00612 3.6382e-02     47.418 0.0000e+00
        516 219.672451    0.03576     2.1458    128.750  1024.7053  49884.615    31.5626     47.183    6.65807     8.5921     8.6039    24.4881   12.00701 3.6382e-02     47.634 0.0000e+00
        517 219.672454    0.03583     2.1500    129.000  1024.7067  49885.336    31.5624     47.399    6.65860     8.5887     8.6004    24.4885   12.00789 3.6382e-02     47.851 0.0000e+00
        518 219.672457    0.03590     2.1542    129.250  1024.7086  49886.912    31.5629     47.617    6.65911     8.5855     8.5969    24.4894   12.00873 3.6382e-02     48.072 0.0000e+00
        519 219.672459    0.03597     2.1583    129.500  1024.7108  49888.954    31.5637     47.840    6.65958     8.5827     8.5935    24.4906   12.00950 3.6382e-02     48.297 0.0000e+00
        520 219.672462    0.03604     2.1625    129.750  1024.7131  49891.219    31.5647     48.064    6.66000     8.5803     8.5903    24.4919   12.01019 3.6382e-02     48.524 0.0000e+00
        521 219.672465    0.03611     2.1667    130.000  1024.7158  49894.187    31.5663     48.289    6.66035     8.5785     8.5875    24.4935   12.01076 3.6382e-02     48.751 0.0000e+00
        522 219.672468    0.03618     2.1708    130.250  1024.7188  49897.725    31.5683     48.512    6.66062     8.5774     8.5851    24.4955   12.01117 3.6382e-02     48.975 0.0000e+00
        523 219.672471    0.03625     2.1750    130.500  1024.7214  49900.725    31.5701     48.730    6.66080     8.5768     8.5834    24.4971   12.01145 3.6382e-02     49.195 0.0000e+00
        524 219.672474    0.03632     2.1792    130.750  1024.7234  49902.680    31.5712     48.939    6.66091     8.5765     8.5824    24.4981   12.01161 3.6382e-02     49.406 0.0000e+00
        525 219.672477    0.03639     2.1833    131.000  1024.7250  49904.057    31.5720     49.135    6.66097     8.5765     8.5818    24.4988   12.01170 3.6382e-02     49.604 0.0000e+00
        526 219.672480    0.03646     2.1875    131.250  1024.7264  49905.119    31.5726     49.315    6.66099     8.5766     8.5815    24.4993   12.01172 3.6382e-02     49.786 0.0000e+00
        527 219.672483    0.03653     2.1917    131.500  1024.7274  49905.692    31.5730     49.478    6.66098     8.5767     8.5815    24.4996   12.01170 3.6382e-02     49.952 0.0000e+00
        528 219.672486    0.03660     2.1958    131.750  1024.7281  49905.747    31.5729     49.627    6.66096     8.5768     8.5816    24.4996   12.01167 3.6382e-02     50.102 0.0000e+00
        529 219.672488    0.03667     2.2000    132.000  1024.7285  49905.510    31.5727     49.765    6.66095     8.5769     8.5817    24.4994   12.01165 3.6382e-02     50.240 0.0000e+00
        530 219.672491    0.03674     2.2042    132.250  1024.7289  49905.259    31.5725     49.894    6.66094     8.5769     8.5818    24.4992   12.01164 3.6382e-02     50.371 0.0000e+00
        531 219.672494    0.03681     2.2083    132.500  1024.7294  49905.120    31.5724     50.020    6.66094     8.5769     8.5819    24.4991   12.01164 3.6382e-02     50.498 0.0000e+00
        532 219.672497    0.03687     2.2125    132.750  1024.7299  49905.140    31.5723     50.149    6.66093     8.5769     8.5819    24.4991   12.01164 3.6382e-02     50.628 0.0000e+00
        533 219.672500    0.03694     2.2167    133.000  1024.7307  49905.446    31.5725     50.288    6.66092     8.5771     8.5819    24.4992   12.01162 3.6382e-02     50.769 0.0000e+00
        534 219.672503    0.03701     2.2208    133.250  1024.7317  49906.000    31.5728     50.445    6.66090     8.5774     8.5820    24.4995   12.01158 3.6382e-02     50.928 0.0000e+00
        535 219.672506    0.03708     2.2250    133.500  1024.7327  49906.499    31.5731     50.624    6.66085     8.5777     8.5822    24.4997   12.01150 3.6382e-02     51.108 0.0000e+00
        536 219.672509    0.03715     2.2292    133.750  1024.7337  49906.789    31.5733     50.824    6.66080     8.5779     8.5825    24.4998   12.01141 3.6382e-02     51.310 0.0000e+00
        537 219.672512    0.03722     2.2333    134.000  1024.7347  49906.973    31.5733     51.041    6.66076     8.5782     8.5828    24.4998   12.01133 3.6382e-02     51.529 0.0000e+00
        538 219.672514    0.03729     2.2375    134.250  1024.7358  49907.111    31.5734     51.274    6.66071     8.5784     8.5831    24.4998   12.01126 3.6382e-02     51.764 0.0000e+00
        539 219.672517    0.03736     2.2417    134.500  1024.7369  49907.244    31.5734     51.517    6.66067     8.5786     8.5833    24.4998   12.01119 3.6382e-02     52.010 0.0000e+00
        540 219.672520    0.03743     2.2458    134.750  1024.7381  49907.488    31.5735     51.769    6.66063     8.5788     8.5836    24.4998   12.01113 3.6382e-02     52.263 0.0000e+00
        541 219.672523    0.03750     2.2500    135.000  1024.7394  49907.875    31.5737     52.026    6.66059     8.5791     8.5838    24.4999   12.01105 3.6382e-02     52.523 0.0000e+00
        542 219.672526    0.03757     2.2542    135.250  1024.7408  49908.383    31.5740     52.289    6.66054     8.5794     8.5841    24.5001   12.01097 3.6382e-02     52.788 0.0000e+00
        543 219.672529    0.03764     2.2583    135.500  1024.7423  49909.045    31.5744     52.555    6.66048     8.5797     8.5844    24.5003   12.01086 3.6382e-02     53.058 0.0000e+00
        544 219.672532    0.03771     2.2625    135.750  1024.7438  49909.748    31.5748     52.825    6.66041     8.5799     8.5847    24.5006   12.01074 3.6382e-02     53.330 0.0000e+00
        545 219.672535    0.03778     2.2667    136.000  1024.7452  49910.285    31.5751     53.097    6.66035     8.5801     8.5850    24.5008   12.01064 3.6382e-02     53.605 0.0000e+00
        546 219.672538    0.03785     2.2708    136.250  1024.7466  49910.633    31.5752     53.368    6.66031     8.5802     8.5853    24.5009   12.01057 3.6382e-02     53.879 0.0000e+00
        547 219.672541    0.03792     2.2750    136.500  1024.7478  49910.897    31.5753     53.638    6.66028     8.5803     8.5854    24.5010   12.01052 3.6382e-02     54.152 0.0000e+00
        548 219.672543    0.03799     2.2792    136.750  1024.7491  49911.191    31.5754     53.907    6.66025     8.5803     8.5856    24.5010   12.01047 3.6382e-02     54.423 0.0000e+00
        549 219.672546    0.03806     2.2833    137.000  1024.7505  49911.530    31.5756     54.177    6.66023     8.5804     8.5857    24.5011   12.01044 3.6382e-02     54.695 0.0000e+00
        550 219.672549    0.03812     2.2875    137.250  1024.7519  49911.984    31.5758     54.450    6.66020     8.5805     8.5858    24.5013   12.01039 3.6382e-02     54.971 0.0000e+00
        551 219.672552    0.03819     2.2917    137.500  1024.7535  49912.780    31.5762     54.726    6.66017     8.5808     8.5859    24.5016   12.01032 3.6382e-02     55.250 0.0000e+00
        552 219.672555    0.03826     2.2958    137.750  1024.7554  49913.989    31.5770     55.005    6.66011     8.5814     8.5861    24.5022   12.01021 3.6382e-02     55.532 0.0000e+00
        553 219.672558    0.03833     2.3000    138.000  1024.7575  49915.640    31.5781     55.286    6.66001     8.5824     8.5864    24.5030   12.01004 3.6382e-02     55.815 0.0000e+00
        554 219.672561    0.03840     2.3042    138.250  1024.7598  49917.756    31.5795     55.568    6.65985     8.5838     8.5870    24.5040   12.00976 3.6382e-02     56.100 0.0000e+00
        555 219.672564    0.03847     2.3083    138.500  1024.7623  49920.186    31.5813     55.850    6.65963     8.5857     8.5880    24.5052   12.00937 3.6382e-02     56.385 0.0000e+00
        556 219.672567    0.03854     2.3125    138.750  1024.7648  49922.481    31.5830     56.133    6.65934     8.5876     8.5895    24.5064   12.00887 3.6382e-02     56.670 0.0000e+00
        557 219.672569    0.03861     2.3167    139.000  1024.7667  49923.983    31.5842     56.416    6.65901     8.5896     8.5914    24.5070   12.00832 3.6382e-02     56.957 0.0000e+00
        558 219.672572    0.03868     2.3208    139.250  1024.7683  49924.762    31.5849     56.701    6.65868     8.5915     8.5934    24.5073   12.00776 3.6382e-02     57.245 0.0000e+00
        559 219.672575    0.03875     2.3250    139.500  1024.7700  49925.691    31.5857     56.989    6.65835     8.5934     8.5953    24.5077   12.00720 3.6382e-02     57.535 0.0000e+00
        560 219.672578    0.03882     2.3292    139.750  1024.7720  49927.184    31.5869     57.279    6.65801     8.5953     8.5973    24.5083   12.00662 3.6382e-02     57.828 0.0000e+00
        561 219.672581    0.03889     2.3333    140.000  1024.7741  49928.893    31.5882     57.572    6.65766     8.5973     8.5992    24.5091   12.00603 3.6382e-02     58.124 0.0000e+00
        562 219.672584    0.03896     2.3375    140.250  1024.7763  49930.636    31.5896     57.867    6.65731     8.5994     8.6012    24.5099   12.00543 3.6382e-02     58.421 0.0000e+00
        563 219.672587    0.03903     2.3417    140.500  1024.7786  49932.666    31.5912     58.162    6.65694     8.6017     8.6032    24.5108   12.00481 3.6382e-02     58.719 0.0000e+00
        564 219.672590    0.03910     2.3458    140.750  1024.7813  49935.389    31.5933     58.458    6.65654     8.6042     8.6053    24.5122   12.00411 3.6382e-02     59.018 0.0000e+00
        565 219.672593    0.03917     2.3500    141.000  1024.7841  49938.411    31.5957     58.753    6.65609     8.6069     8.6076    24.5136   12.00334 3.6382e-02     59.316 0.0000e+00
        566 219.672595    0.03924     2.3542    141.250  1024.7865  49940.631    31.5975     59.047    6.65563     8.6095     8.6102    24.5147   12.00255 3.6382e-02     59.613 0.0000e+00
        567 219.672598    0.03931     2.3583    141.500  1024.7882  49941.590    31.5984     59.340    6.65518     8.6117     8.6129    24.5150   12.00180 3.6382e-02     59.909 0.0000e+00
        568 219.672601    0.03938     2.3625    141.750  1024.7893  49941.563    31.5987     59.633    6.65478     8.6135     8.6155    24.5148   12.00113 3.6382e-02     60.205 0.0000e+00
        569 219.672604    0.03944     2.3667    142.000  1024.7902  49941.115    31.5986     59.925    6.65445     8.6147     8.6178    24.5144   12.00059 3.6382e-02     60.500 0.0000e+00
        570 219.672607    0.03951     2.3708    142.250  1024.7912  49940.665    31.5984     60.217    6.65420     8.6157     8.6195    24.5140   12.00017 3.6382e-02     60.795 0.0000e+00
        571 219.672610    0.03958     2.3750    142.500  1024.7924  49940.725    31.5985     60.509    6.65400     8.6167     8.6208    24.5139   11.99984 3.6382e-02     61.090 0.0000e+00
        572 219.672613    0.03965     2.3792    142.750  1024.7942  49941.861    31.5993     60.803    6.65381     8.6180     8.6219    24.5144   11.99952 3.6382e-02     61.386 0.0000e+00
        573 219.672616    0.03972     2.3833    143.000  1024.7967  49944.087    31.6009     61.099    6.65358     8.6197     8.6229    24.5155   11.99913 3.6382e-02     61.685 0.0000e+00
        574 219.672619    0.03979     2.3875    143.250  1024.7994  49946.820    31.6029     61.396    6.65330     8.6216     8.6242    24.5169   11.99864 3.6382e-02     61.985 0.0000e+00
        575 219.672622    0.03986     2.3917    143.500  1024.8017  49948.714    31.6043     61.694    6.65298     8.6231     8.6259    24.5178   11.99809 3.6382e-02     62.286 0.0000e+00
        576 219.672624    0.03993     2.3958    143.750  1024.8029  49948.804    31.6045     61.992    6.65269     8.6240     8.6278    24.5177   11.99760 3.6382e-02     62.587 0.0000e+00
        577 219.672627    0.04000     2.4000    144.000  1024.8036  49947.876    31.6040     62.290    6.65248     8.6241     8.6294    24.5170   11.99727 3.6382e-02     62.887 0.0000e+00
        578 219.672630    0.04007     2.4042    144.250  1024.8045  49947.254    31.6035     62.585    6.65237     8.6238     8.6303    24.5165   11.99709 3.6382e-02     63.185 0.0000e+00
        579 219.672633    0.04014     2.4083    144.500  1024.8058  49947.393    31.6035     62.879    6.65235     8.6230     8.6304    24.5165   11.99705 3.6382e-02     63.482 0.0000e+00
        580 219.672636    0.04021     2.4125    144.750  1024.8074  49947.889    31.6037     63.172    6.65239     8.6217     8.6301    24.5167   11.99711 3.6382e-02     63.778 0.0000e+00
        581 219.672639    0.04028     2.4167    145.000  1024.8087  49947.910    31.6035     63.465    6.65251     8.6195     8.6294    24.5166   11.99731 3.6382e-02     64.074 0.0000e+00
        582 219.672642    0.04035     2.4208    145.250  1024.8094  49946.982    31.6025     63.759    6.65274     8.6162     8.6281    24.5160   11.99770 3.6382e-02     64.370 0.0000e+00
        583 219.672645    0.04042     2.4250    145.500  1024.8100  49945.532    31.6010     64.053    6.65312     8.6119     8.6260    24.5152   11.99836 3.6382e-02     64.668 0.0000e+00
        584 219.672648    0.04049     2.4292    145.750  1024.8108  49944.577    31.5997     64.350    6.65366     8.6069     8.6227    24.5147   11.99927 3.6382e-02     64.968 0.0000e+00
        585 219.672650    0.04056     2.4333    146.000  1024.8125  49944.954    31.5992     64.649    6.65433     8.6018     8.6184    24.5149   12.00038 3.6382e-02     65.269 0.0000e+00
        586 219.672653    0.04063     2.4375    146.250  1024.8149  49946.834    31.5997     64.948    6.65505     8.5970     8.6134    24.5160   12.00157 3.6382e-02     65.572 0.0000e+00
        587 219.672656    0.04069     2.4417    146.500  1024.8179  49949.564    31.6007     65.248    6.65576     8.5924     8.6084    24.5176   12.00273 3.6382e-02     65.874 0.0000e+00
        588 219.672659    0.04076     2.4458    146.750  1024.8207  49951.968    31.6015     65.549    6.65644     8.5873     8.6036    24.5190   12.00384 3.6382e-02     66.178 0.0000e+00
        589 219.672662    0.04083     2.4500    147.000  1024.8225  49952.732    31.6012     65.850    6.65714     8.5808     8.5990    24.5194   12.00500 3.6382e-02     66.482 0.0000e+00
        590 219.672665    0.04090     2.4542    147.250  1024.8229  49950.902    31.5991     66.152    6.65798     8.5720     8.5940    24.5185   12.00643 3.6382e-02     66.787 0.0000e+00
        591 219.672668    0.04097     2.4583    147.500  1024.8224  49947.241    31.5954     66.453    6.65910     8.5607     8.5875    24.5166   12.00833 3.6382e-02     67.091 0.0000e+00
        592 219.672671    0.04104     2.4625    147.750  1024.8224  49944.298    31.5919     66.754    6.66057     8.5475     8.5787    24.5151   12.01079 3.6382e-02     67.395 0.0000e+00
        593 219.672674    0.04111     2.4667    148.000  1024.8237  49943.752    31.5897     67.056    6.66235     8.5329     8.5675    24.5151   12.01376 3.6382e-02     67.700 0.0000e+00
        594 219.672677    0.04118     2.4708    148.250  1024.8266  49945.875    31.5891     67.360    6.66435     8.5178     8.5542    24.5166   12.01708 3.6382e-02     68.007 0.0000e+00
        595 219.672679    0.04125     2.4750    148.500  1024.8308  49950.364    31.5899     67.665    6.66649     8.5026     8.5397    24.5194   12.02061 3.6382e-02     68.314 0.0000e+00
