CTD-processing/allCTD/CNV--homogene/2013_06-06_t4_s05_cast089.cnv
* Sea-Bird SBE19plus Data File:
* FileName = C:\Documents and Settings\kbayadmin\My Documents\CTD data\2013-06-06 Kachemak Bay all bay inner bay Nuka\2013-06-06 Kachemak Bay All Bay Outer Bay cast089.hex
* Software Version 1.59
* Temperature SN =  4141
* Conductivity SN =  4141
* System UpLoad Time = Jun 18 2013 16:18:31
** Kachemak Bay All Bay Outer Bay
** 2013-06-06
** Station: 4-05
** N': 59 33.4854
** W': -151 39.0108
** Start Time: 1035
** Depth(ft): 256
# nquan = 17
# nvalues = 704                         
# units = specified
# name 0 = scan: Scan Count
# name 1 = timeJ: Julian Days
# name 2 = timeH: Time, Elapsed [hours]
# name 3 = timeM: Time, Elapsed [minutes]
# name 4 = timeS: Time, Elapsed [seconds]
# name 5 = density00: Density [density, kg/m^3]
# name 6 = specc: Specific Conductance [uS/cm]
# name 7 = sal00: Salinity, Practical [PSU]
# name 8 = depSM: Depth [salt water, m], lat = 59.00
# name 9 = oxsolML/L: Oxygen Saturation, Garcia & Gordon [ml/l]
# name 10 = potemp090C: Potential Temperature [ITS-90, deg C]
# name 11 = tv290C: Temperature [ITS-90, deg C]
# name 12 = sigma-é00: Density [sigma-theta, kg/m^3]
# name 13 = n2satML/L: Nitrogen Saturation [ml/l]
# name 14 = par: PAR/Irradiance, Biospherical/Licor
# name 15 = prdM: Pressure, Strain Gauge [db]
# name 16 = flag:  0.000e+00
# span 0 =          1,        704       
# span 1 = 157.441366, 157.443400       
# span 2 =    0.00000,    0.04882       
# span 3 =     0.0000,     2.9292       
# span 4 =      0.000,    175.750       
# span 5 =  1000.1667,  1025.5887       
# span 6 =    872.961,  51394.416       
# span 7 =     0.4220,    31.8890       
# span 8 =     -0.051,     75.434       
# span 9 =    6.48864,    8.20696       
# span 10 =     4.7575,     9.8208      
# span 11 =     4.7627,     9.8209      
# span 12 =     0.1669,    25.2355      
# span 13 =   11.72881,   15.02119      
# span 14 = 3.6382e-02, 1.4098e+01      
# span 15 =     -0.051,     76.161      
# span 16 = 0.0000e+00, 0.0000e+00      
# interval = seconds: 0.25
# start_time = Jun 06 2013 10:35:34 [Instrument's time stamp, header]
# bad_flag = -9.990e-29
*END*
[from data line 171]
        172 157.441861    0.01188     0.7125     42.750  1024.1441  49312.754    31.3308      0.804    6.51093     9.6687     9.6776    24.1405   11.76624 5.3584e+00      0.811 0.0000e+00
        173 157.441863    0.01194     0.7167     43.000  1024.1483  49319.825    31.3352      0.807    6.51139     9.6646     9.6731    24.1447   11.76696 5.3930e+00      0.814 0.0000e+00
        174 157.441866    0.01201     0.7208     43.250  1024.1531  49328.048    31.3405      0.808    6.51179     9.6607     9.6688    24.1494   11.76756 5.3979e+00      0.816 0.0000e+00
        175 157.441869    0.01208     0.7250     43.500  1024.1587  49337.828    31.3468      0.806    6.51212     9.6574     9.6647    24.1550   11.76801 5.4099e+00      0.814 0.0000e+00
        176 157.441872    0.01215     0.7292     43.750  1024.1645  49347.959    31.3535      0.802    6.51239     9.6547     9.6608    24.1608   11.76839 5.4291e+00      0.809 0.0000e+00
        177 157.441875    0.01222     0.7333     44.000  1024.1690  49355.923    31.3586      0.798    6.51265     9.6525     9.6575    24.1654   11.76877 5.4345e+00      0.805 0.0000e+00
        178 157.441878    0.01229     0.7375     44.250  1024.1714  49359.975    31.3611      0.797    6.51294     9.6507     9.6548    24.1678   11.76921 5.4560e+00      0.804 0.0000e+00
        179 157.441881    0.01236     0.7417     44.500  1024.1722  49361.175    31.3617      0.799    6.51322     9.6490     9.6526    24.1685   11.76966 5.5031e+00      0.806 0.0000e+00
        180 157.441884    0.01243     0.7458     44.750  1024.1732  49362.777    31.3626      0.803    6.51344     9.6470     9.6508    24.1695   11.77001 5.5404e+00      0.811 0.0000e+00
        181 157.441887    0.01250     0.7500     45.000  1024.1757  49367.162    31.3655      0.808    6.51356     9.6448     9.6491    24.1720   11.77019 5.5204e+00      0.816 0.0000e+00
        182 157.441889    0.01257     0.7542     45.250  1024.1797  49374.091    31.3701      0.811    6.51365     9.6428     9.6471    24.1760   11.77029 5.4377e+00      0.819 0.0000e+00
        183 157.441892    0.01264     0.7583     45.500  1024.1841  49381.833    31.3752      0.811    6.51376     9.6416     9.6449    24.1804   11.77040 5.3454e+00      0.819 0.0000e+00
        184 157.441895    0.01271     0.7625     45.750  1024.1877  49388.252    31.3795      0.809    6.51387     9.6413     9.6429    24.1840   11.77052 5.2985e+00      0.817 0.0000e+00
        185 157.441898    0.01278     0.7667     46.000  1024.1897  49391.740    31.3818      0.808    6.51394     9.6413     9.6417    24.1860   11.77061 5.3130e+00      0.816 0.0000e+00
        186 157.441901    0.01285     0.7708     46.250  1024.1900  49392.362    31.3822      0.809    6.51397     9.6414     9.6414    24.1864   11.77066 5.3463e+00      0.816 0.0000e+00
        187 157.441904    0.01292     0.7750     46.500  1024.1896  49391.462    31.3816      0.812    6.51399     9.6414     9.6414    24.1859   11.77070 5.3541e+00      0.819 0.0000e+00
        188 157.441907    0.01299     0.7792     46.750  1024.1890  49390.463    31.3809      0.816    6.51401     9.6414     9.6415    24.1853   11.77074 5.3541e+00      0.823 0.0000e+00
        189 157.441910    0.01306     0.7833     47.000  1024.1889  49390.246    31.3808      0.820    6.51402     9.6417     9.6415    24.1852   11.77076 5.3525e+00      0.827 0.0000e+00
        190 157.441913    0.01313     0.7875     47.250  1024.1894  49391.040    31.3813      0.821    6.51400     9.6427     9.6415    24.1856   11.77071 5.3481e+00      0.829 0.0000e+00
        191 157.441916    0.01319     0.7917     47.500  1024.1901  49392.384    31.3823      0.820    6.51391     9.6449     9.6418    24.1863   11.77056 5.3422e+00      0.827 0.0000e+00
        192 157.441918    0.01326     0.7958     47.750  1024.1903  49392.910    31.3828      0.816    6.51374     9.6477     9.6428    24.1866   11.77027 5.3209e+00      0.823 0.0000e+00
        193 157.441921    0.01333     0.8000     48.000  1024.1890  49390.884    31.3817      0.810    6.51349     9.6506     9.6449    24.1853   11.76986 5.2879e+00      0.818 0.0000e+00
        194 157.441924    0.01340     0.8042     48.250  1024.1858  49385.269    31.3781      0.806    6.51322     9.6527     9.6478    24.1821   11.76947 5.2488e+00      0.813 0.0000e+00
        195 157.441927    0.01347     0.8083     48.500  1024.1804  49375.801    31.3718      0.804    6.51307     9.6540     9.6507    24.1767   11.76931 5.2314e+00      0.812 0.0000e+00
        196 157.441930    0.01354     0.8125     48.750  1024.1737  49363.739    31.3635      0.808    6.51311     9.6549     9.6528    24.1699   11.76947 5.2438e+00      0.816 0.0000e+00
        197 157.441933    0.01361     0.8167     49.000  1024.1674  49352.449    31.3557      0.817    6.51326     9.6558     9.6541    24.1637   11.76980 5.2616e+00      0.825 0.0000e+00
        198 157.441936    0.01368     0.8208     49.250  1024.1633  49344.988    31.3506      0.829    6.51334     9.6562     9.6550    24.1595   11.77000 5.2857e+00      0.837 0.0000e+00
        199 157.441939    0.01375     0.8250     49.500  1024.1621  49342.900    31.3492      0.836    6.51327     9.6555     9.6559    24.1583   11.76989 5.3186e+00      0.845 0.0000e+00
        200 157.441942    0.01382     0.8292     49.750  1024.1642  49346.694    31.3519      0.837    6.51310     9.6534     9.6563    24.1604   11.76958 5.3356e+00      0.845 0.0000e+00
        201 157.441944    0.01389     0.8333     50.000  1024.1684  49354.273    31.3572      0.831    6.51299     9.6504     9.6555    24.1646   11.76933 5.3432e+00      0.839 0.0000e+00
        202 157.441947    0.01396     0.8375     50.250  1024.1723  49361.315    31.3619      0.822    6.51309     9.6473     9.6534    24.1686   11.76945 5.3513e+00      0.829 0.0000e+00
        203 157.441950    0.01403     0.8417     50.500  1024.1742  49364.484    31.3637      0.814    6.51344     9.6442     9.6504    24.1705   11.77001 5.3513e+00      0.822 0.0000e+00
        204 157.441953    0.01410     0.8458     50.750  1024.1738  49363.383    31.3625      0.811    6.51394     9.6411     9.6473    24.1701   11.77085 5.3477e+00      0.819 0.0000e+00
        205 157.441956    0.01417     0.8500     51.000  1024.1725  49360.710    31.3603      0.815    6.51447     9.6379     9.6442    24.1688   11.77177 5.3201e+00      0.822 0.0000e+00
        206 157.441959    0.01424     0.8542     51.250  1024.1723  49359.916    31.3593      0.822    6.51497     9.6350     9.6411    24.1685   11.77259 5.2570e+00      0.830 0.0000e+00
        207 157.441962    0.01431     0.8583     51.500  1024.1741  49362.798    31.3609      0.830    6.51536     9.6326     9.6379    24.1703   11.77321 5.1889e+00      0.838 0.0000e+00
        208 157.441965    0.01438     0.8625     51.750  1024.1780  49369.655    31.3654      0.837    6.51559     9.6308     9.6350    24.1742   11.77355 5.1593e+00      0.844 0.0000e+00
        209 157.441968    0.01444     0.8667     52.000  1024.1837  49379.645    31.3721      0.839    6.51565     9.6293     9.6327    24.1798   11.77356 5.1693e+00      0.847 0.0000e+00
        210 157.441970    0.01451     0.8708     52.250  1024.1898  49390.676    31.3796      0.837    6.51559     9.6281     9.6309    24.1860   11.77338 5.1901e+00      0.845 0.0000e+00
        211 157.441973    0.01458     0.8750     52.500  1024.1953  49400.424    31.3863      0.832    6.51552     9.6272     9.6294    24.1914   11.77318 5.2205e+00      0.840 0.0000e+00
        212 157.441976    0.01465     0.8792     52.750  1024.1991  49407.409    31.3911      0.826    6.51550     9.6267     9.6282    24.1953   11.77308 5.2392e+00      0.834 0.0000e+00
        213 157.441979    0.01472     0.8833     53.000  1024.2011  49410.996    31.3935      0.821    6.51552     9.6264     9.6273    24.1974   11.77309 5.2295e+00      0.828 0.0000e+00
        214 157.441982    0.01479     0.8875     53.250  1024.2013  49411.261    31.3936      0.816    6.51559     9.6263     9.6268    24.1976   11.77321 5.2280e+00      0.824 0.0000e+00
        215 157.441985    0.01486     0.8917     53.500  1024.2001  49408.936    31.3919      0.814    6.51570     9.6261     9.6265    24.1963   11.77341 5.2366e+00      0.822 0.0000e+00
        216 157.441988    0.01493     0.8958     53.750  1024.1979  49405.039    31.3892      0.816    6.51583     9.6258     9.6264    24.1942   11.77366 5.2302e+00      0.823 0.0000e+00
        217 157.441991    0.01500     0.9000     54.000  1024.1954  49400.501    31.3860      0.820    6.51599     9.6253     9.6262    24.1917   11.77396 5.2175e+00      0.827 0.0000e+00
        218 157.441994    0.01507     0.9042     54.250  1024.1933  49396.520    31.3831      0.827    6.51615     9.6247     9.6259    24.1895   11.77426 5.2042e+00      0.834 0.0000e+00
        219 157.441997    0.01514     0.9083     54.500  1024.1924  49394.766    31.3818      0.834    6.51628     9.6241     9.6254    24.1886   11.77449 5.2095e+00      0.842 0.0000e+00
        220 157.441999    0.01521     0.9125     54.750  1024.1934  49396.476    31.3829      0.840    6.51632     9.6238     9.6248    24.1895   11.77454 5.2574e+00      0.848 0.0000e+00
        221 157.442002    0.01528     0.9167     55.000  1024.1961  49401.301    31.3863      0.843    6.51626     9.6238     9.6242    24.1922   11.77441 5.3106e+00      0.851 0.0000e+00
        222 157.442005    0.01535     0.9208     55.250  1024.1994  49407.163    31.3904      0.842    6.51614     9.6244     9.6239    24.1955   11.77416 5.3322e+00      0.850 0.0000e+00
        223 157.442008    0.01542     0.9250     55.500  1024.2018  49411.559    31.3935      0.839    6.51600     9.6253     9.6239    24.1979   11.77390 5.3331e+00      0.847 0.0000e+00
        224 157.442011    0.01549     0.9292     55.750  1024.2025  49413.059    31.3946      0.837    6.51588     9.6260     9.6245    24.1987   11.77367 5.3196e+00      0.844 0.0000e+00
        225 157.442014    0.01556     0.9333     56.000  1024.2020  49412.228    31.3941      0.836    6.51577     9.6264     9.6254    24.1982   11.77350 5.2980e+00      0.844 0.0000e+00
        226 157.442017    0.01563     0.9375     56.250  1024.2015  49411.271    31.3935      0.838    6.51569     9.6264     9.6261    24.1976   11.77337 5.2832e+00      0.846 0.0000e+00
        227 157.442020    0.01569     0.9417     56.500  1024.2018  49411.926    31.3940      0.841    6.51562     9.6262     9.6265    24.1979   11.77325 5.2704e+00      0.848 0.0000e+00
        228 157.442023    0.01576     0.9458     56.750  1024.2031  49414.302    31.3957      0.843    6.51555     9.6260     9.6265    24.1992   11.77311 5.2610e+00      0.850 0.0000e+00
        229 157.442025    0.01583     0.9500     57.000  1024.2049  49417.565    31.3980      0.844    6.51549     9.6266     9.6263    24.2010   11.77298 5.2650e+00      0.851 0.0000e+00
        230 157.442028    0.01590     0.9542     57.250  1024.2065  49420.429    31.4000      0.844    6.51542     9.6278     9.6261    24.2026   11.77285 5.2835e+00      0.852 0.0000e+00
        231 157.442031    0.01597     0.9583     57.500  1024.2072  49421.668    31.4009      0.844    6.51531     9.6292     9.6266    24.2033   11.77265 5.3023e+00      0.852 0.0000e+00
        232 157.442034    0.01604     0.9625     57.750  1024.2068  49421.073    31.4007      0.845    6.51514     9.6303     9.6278    24.2029   11.77238 5.3139e+00      0.853 0.0000e+00
        233 157.442037    0.01611     0.9667     58.000  1024.2059  49419.508    31.3998      0.846    6.51497     9.6311     9.6293    24.2019   11.77211 5.3277e+00      0.854 0.0000e+00
        234 157.442040    0.01618     0.9708     58.250  1024.2050  49418.100    31.3989      0.848    6.51484     9.6315     9.6304    24.2011   11.77190 5.3458e+00      0.856 0.0000e+00
        235 157.442043    0.01625     0.9750     58.500  1024.2047  49417.519    31.3986      0.850    6.51475     9.6319     9.6311    24.2007   11.77176 5.3727e+00      0.859 0.0000e+00
        236 157.442046    0.01632     0.9792     58.750  1024.2048  49417.830    31.3989      0.852    6.51468     9.6326     9.6316    24.2009   11.77163 5.3920e+00      0.860 0.0000e+00
        237 157.442049    0.01639     0.9833     59.000  1024.2053  49418.796    31.3996      0.852    6.51458     9.6339     9.6320    24.2014   11.77147 5.3916e+00      0.861 0.0000e+00
        238 157.442052    0.01646     0.9875     59.250  1024.2058  49419.834    31.4004      0.852    6.51445     9.6359     9.6327    24.2019   11.77124 5.3795e+00      0.860 0.0000e+00
        239 157.442054    0.01653     0.9917     59.500  1024.2058  49419.823    31.4006      0.851    6.51427     9.6383     9.6340    24.2019   11.77093 5.3698e+00      0.859 0.0000e+00
        240 157.442057    0.01660     0.9958     59.750  1024.2046  49417.871    31.3995      0.851    6.51402     9.6404     9.6360    24.2007   11.77054 5.3760e+00      0.859 0.0000e+00
        241 157.442060    0.01667     1.0000     60.000  1024.2026  49414.546    31.3974      0.852    6.51376     9.6417     9.6384    24.1987   11.77013 5.3947e+00      0.860 0.0000e+00
        242 157.442063    0.01674     1.0042     60.250  1024.2009  49411.632    31.3957      0.854    6.51353     9.6424     9.6405    24.1970   11.76978 5.3982e+00      0.863 0.0000e+00
        243 157.442066    0.01681     1.0083     60.500  1024.2001  49410.349    31.3949      0.856    6.51337     9.6428     9.6418    24.1962   11.76952 5.3513e+00      0.864 0.0000e+00
        244 157.442069    0.01688     1.0125     60.750  1024.2002  49410.528    31.3952      0.856    6.51327     9.6431     9.6425    24.1963   11.76934 5.2921e+00      0.864 0.0000e+00
        245 157.442072    0.01694     1.0167     61.000  1024.2006  49411.282    31.3957      0.854    6.51319     9.6438     9.6429    24.1967   11.76922 5.2714e+00      0.862 0.0000e+00
        246 157.442075    0.01701     1.0208     61.250  1024.2006  49411.397    31.3959      0.851    6.51314     9.6449     9.6432    24.1967   11.76913 5.2780e+00      0.859 0.0000e+00
        247 157.442078    0.01708     1.0250     61.500  1024.1997  49409.831    31.3949      0.849    6.51307     9.6457     9.6439    24.1958   11.76903 5.2725e+00      0.857 0.0000e+00
        248 157.442080    0.01715     1.0292     61.750  1024.1980  49406.944    31.3930      0.849    6.51300     9.6459     9.6450    24.1942   11.76893 5.2445e+00      0.857 0.0000e+00
        249 157.442083    0.01722     1.0333     62.000  1024.1967  49404.578    31.3914      0.850    6.51295     9.6455     9.6458    24.1928   11.76887 5.2419e+00      0.858 0.0000e+00
        250 157.442086    0.01729     1.0375     62.250  1024.1965  49404.166    31.3911      0.852    6.51294     9.6450     9.6460    24.1926   11.76886 5.2722e+00      0.860 0.0000e+00
        251 157.442089    0.01736     1.0417     62.500  1024.1972  49405.506    31.3920      0.853    6.51295     9.6447     9.6456    24.1933   11.76886 5.2973e+00      0.861 0.0000e+00
        252 157.442092    0.01743     1.0458     62.750  1024.1984  49407.652    31.3935      0.852    6.51296     9.6450     9.6451    24.1945   11.76886 5.3055e+00      0.860 0.0000e+00
        253 157.442095    0.01750     1.0500     63.000  1024.1995  49409.558    31.3948      0.849    6.51295     9.6462     9.6448    24.1956   11.76882 5.3100e+00      0.857 0.0000e+00
        254 157.442098    0.01757     1.0542     63.250  1024.1996  49409.859    31.3950      0.844    6.51290     9.6479     9.6451    24.1958   11.76873 5.3106e+00      0.852 0.0000e+00
        255 157.442101    0.01764     1.0583     63.500  1024.1982  49407.495    31.3935      0.841    6.51279     9.6491     9.6463    24.1944   11.76857 5.2941e+00      0.849 0.0000e+00
