CTD-processing/allCTD/CNV--homogene/2013_07-21_t6_s24_cast054.cnv
* Sea-Bird SBE19plus Data File:
* FileName = C:\Users\kris.holderied\Documents\kasitsna\Research-Projects-and-Data\Oceanography-AK\CTD-CookInlet-GulfWatchAK\2013-07-EVOSTC-CookInlet-Ocean\2013-07-21-22-CookInlet-Tran6-Douglas\2013-07-21-22-CookInlet-Tran6-Douglas-cast054.hex
* Software Version 1.59
* Temperature SN =  5028
* Conductivity SN =  5028
* System UpLoad Time = Apr 09 2014 20:53:41
** Cook Inlet LTM Transect 6 (Douglas) west to east
** Date: 2013-07-21/22
** Station: 6-24
** Start time: 19:33
** Depth (m): 166
** CoComment:
** Comment:
# nquan = 17
# nvalues = 977                         
# units = specified
# name 0 = scan: Scan Count
# name 1 = timeJ: Julian Days
# name 2 = timeH: Time, Elapsed [hours]
# name 3 = timeM: Time, Elapsed [minutes]
# name 4 = timeS: Time, Elapsed [seconds]
# name 5 = density00: Density [density, kg/m^3]
# name 6 = specc: Specific Conductance [uS/cm]
# name 7 = sal00: Salinity, Practical [PSU]
# name 8 = depSM: Depth [salt water, m], lat = 59.00
# name 9 = oxsolML/L: Oxygen Saturation, Garcia & Gordon [ml/l]
# name 10 = potemp090C: Potential Temperature [ITS-90, deg C]
# name 11 = tv290C: Temperature [ITS-90, deg C]
# name 12 = sigma-é00: Density [sigma-theta, kg/m^3]
# name 13 = n2satML/L: Nitrogen Saturation [ml/l]
# name 14 = par: PAR/Irradiance, Biospherical/Licor
# name 15 = prdM: Pressure, Strain Gauge [db]
# name 16 = flag:  0.000e+00
# span 0 =          1,        977       
# span 1 = 202.814988, 202.817813       
# span 2 =    0.00000,    0.06778       
# span 3 =     0.0000,     4.0667       
# span 4 =      0.000,    244.000       
# span 5 =   999.4601,  1026.6048       
# span 6 =    266.782,  52604.334       
# span 7 =     0.1278,    32.6444       
# span 8 =     -0.031,    161.009       
# span 9 =    6.34088,    7.34370       
# span 10 =     4.2925,    13.2317      
# span 11 =     4.3017,    13.2317      
# span 12 =    -0.5398,    25.8500      
# span 13 =   11.48686,   13.56615      
# span 14 = 5.6347e-02, 9.5690e+01      
# span 15 =     -0.031,    162.592      
# span 16 = 0.0000e+00, 0.0000e+00      
# interval = seconds: 0.25
# start_time = Jul 21 2013 19:33:35 [Instrument's time stamp, header]
# bad_flag = -9.990e-29
*END*
[from data line 511]
        512 202.816467    0.03549     2.1292    127.750  1025.3694  51089.247    31.9280     48.964    7.07133     5.8299     5.8780    25.1409   12.68568 6.5364e-02     49.433 0.0000e+00
        513 202.816470    0.03556     2.1333    128.000  1025.3797  51108.313    31.9363     49.162    7.07491     5.8131     5.8541    25.1503   12.69149 6.5298e-02     49.633 0.0000e+00
        514 202.816473    0.03562     2.1375    128.250  1025.3892  51125.504    31.9440     49.359    7.07793     5.7993     5.8338    25.1588   12.69638 6.5225e-02     49.831 0.0000e+00
        515 202.816476    0.03569     2.1417    128.500  1025.3972  51139.780    31.9504     49.556    7.08043     5.7879     5.8170    25.1658   12.70044 6.5153e-02     50.030 0.0000e+00
        516 202.816479    0.03576     2.1458    128.750  1025.4035  51150.851    31.9552     49.755    7.08250     5.7782     5.8032    25.1712   12.70380 6.5091e-02     50.231 0.0000e+00
        517 202.816481    0.03583     2.1500    129.000  1025.4086  51159.353    31.9586     49.957    7.08424     5.7698     5.7918    25.1753   12.70663 6.5029e-02     50.435 0.0000e+00
        518 202.816484    0.03590     2.1542    129.250  1025.4126  51165.838    31.9611     50.164    7.08574     5.7621     5.7822    25.1784   12.70907 6.4954e-02     50.644 0.0000e+00
        519 202.816487    0.03597     2.1583    129.500  1025.4158  51170.651    31.9626     50.375    7.08707     5.7546     5.7738    25.1806   12.71125 6.4873e-02     50.857 0.0000e+00
        520 202.816490    0.03604     2.1625    129.750  1025.4183  51173.999    31.9632     50.591    7.08832     5.7468     5.7661    25.1820   12.71331 6.4794e-02     51.075 0.0000e+00
        521 202.816493    0.03611     2.1667    130.000  1025.4199  51175.908    31.9629     50.812    7.08958     5.7383     5.7586    25.1827   12.71539 6.4713e-02     51.298 0.0000e+00
        522 202.816496    0.03618     2.1708    130.250  1025.4214  51177.441    31.9623     51.035    7.09092     5.7292     5.7508    25.1831   12.71760 6.4635e-02     51.523 0.0000e+00
        523 202.816499    0.03625     2.1750    130.500  1025.4232  51179.702    31.9620     51.260    7.09235     5.7192     5.7423    25.1839   12.71998 6.4565e-02     51.750 0.0000e+00
        524 202.816502    0.03632     2.1792    130.750  1025.4249  51181.733    31.9615     51.485    7.09391     5.7074     5.7332    25.1845   12.72255 6.4508e-02     51.978 0.0000e+00
        525 202.816505    0.03639     2.1833    131.000  1025.4253  51181.323    31.9591     51.709    7.09569     5.6923     5.7232    25.1838   12.72553 6.4467e-02     52.204 0.0000e+00
        526 202.816508    0.03646     2.1875    131.250  1025.4241  51178.442    31.9545     51.930    7.09788     5.6737     5.7114    25.1816   12.72921 6.4428e-02     52.427 0.0000e+00
        527 202.816510    0.03653     2.1917    131.500  1025.4234  51176.602    31.9501     52.146    7.10061     5.6528     5.6964    25.1798   12.73378 6.4378e-02     52.645 0.0000e+00
        528 202.816513    0.03660     2.1958    131.750  1025.4255  51180.308    31.9487     52.355    7.10380     5.6320     5.6778    25.1809   12.73905 6.4307e-02     52.856 0.0000e+00
        529 202.816516    0.03667     2.2000    132.000  1025.4318  51191.834    31.9523     52.557    7.10714     5.6137     5.6569    25.1862   12.74452 6.4234e-02     53.060 0.0000e+00
        530 202.816519    0.03674     2.2042    132.250  1025.4414  51209.646    31.9602     52.752    7.11026     5.5994     5.6361    25.1949   12.74958 6.4174e-02     53.256 0.0000e+00
        531 202.816522    0.03681     2.2083    132.500  1025.4523  51229.599    31.9702     52.939    7.11286     5.5893     5.6178    25.2049   12.75375 6.4116e-02     53.446 0.0000e+00
        532 202.816525    0.03687     2.2125    132.750  1025.4623  51247.760    31.9797     53.122    7.11481     5.5826     5.6036    25.2140   12.75685 6.4056e-02     53.630 0.0000e+00
        533 202.816528    0.03694     2.2167    133.000  1025.4706  51262.397    31.9876     53.304    7.11614     5.5786     5.5934    25.2215   12.75894 6.4003e-02     53.814 0.0000e+00
        534 202.816531    0.03701     2.2208    133.250  1025.4772  51273.491    31.9938     53.487    7.11696     5.5764     5.5868    25.2272   12.76022 6.3955e-02     53.999 0.0000e+00
        535 202.816534    0.03708     2.2250    133.500  1025.4822  51281.604    31.9985     53.676    7.11742     5.5755     5.5827    25.2313   12.76092 6.3900e-02     54.189 0.0000e+00
        536 202.816536    0.03715     2.2292    133.750  1025.4862  51287.466    32.0020     53.871    7.11762     5.5753     5.5805    25.2344   12.76121 6.3833e-02     54.387 0.0000e+00
        537 202.816539    0.03722     2.2333    134.000  1025.4892  51291.510    32.0046     54.074    7.11766     5.5751     5.5796    25.2364   12.76123 6.3758e-02     54.592 0.0000e+00
        538 202.816542    0.03729     2.2375    134.250  1025.4913  51293.738    32.0060     54.283    7.11762     5.5744     5.5794    25.2376   12.76115 6.3682e-02     54.803 0.0000e+00
        539 202.816545    0.03736     2.2417    134.500  1025.4925  51294.239    32.0062     54.494    7.11763     5.5726     5.5793    25.2378   12.76117 6.3610e-02     55.016 0.0000e+00
        540 202.816548    0.03743     2.2458    134.750  1025.4932  51293.866    32.0056     54.703    7.11778     5.5698     5.5786    25.2375   12.76142 6.3544e-02     55.227 0.0000e+00
        541 202.816551    0.03750     2.2500    135.000  1025.4939  51293.786    32.0051     54.906    7.11810     5.5662     5.5768    25.2373   12.76196 6.3488e-02     55.431 0.0000e+00
        542 202.816554    0.03757     2.2542    135.250  1025.4950  51294.620    32.0050     55.098    7.11858     5.5623     5.5740    25.2375   12.76275 6.3436e-02     55.626 0.0000e+00
        543 202.816557    0.03764     2.2583    135.500  1025.4966  51296.402    32.0054     55.279    7.11916     5.5583     5.5704    25.2382   12.76371 6.3384e-02     55.808 0.0000e+00
        544 202.816560    0.03771     2.2625    135.750  1025.4984  51298.741    32.0061     55.448    7.11979     5.5545     5.5665    25.2393   12.76473 6.3329e-02     55.979 0.0000e+00
        545 202.816563    0.03778     2.2667    136.000  1025.5002  51301.119    32.0069     55.608    7.12042     5.5509     5.5626    25.2403   12.76576 6.3273e-02     56.140 0.0000e+00
        546 202.816565    0.03785     2.2708    136.250  1025.5018  51303.121    32.0074     55.761    7.12103     5.5474     5.5588    25.2412   12.76676 6.3223e-02     56.295 0.0000e+00
        547 202.816568    0.03792     2.2750    136.500  1025.5030  51304.482    32.0075     55.914    7.12162     5.5436     5.5552    25.2417   12.76775 6.3177e-02     56.450 0.0000e+00
        548 202.816571    0.03799     2.2792    136.750  1025.5039  51305.075    32.0071     56.074    7.12224     5.5393     5.5517    25.2418   12.76877 6.3123e-02     56.611 0.0000e+00
        549 202.816574    0.03806     2.2833    137.000  1025.5041  51304.531    32.0059     56.246    7.12293     5.5337     5.5479    25.2412   12.76992 6.3067e-02     56.784 0.0000e+00
        550 202.816577    0.03812     2.2875    137.250  1025.5036  51302.461    32.0035     56.434    7.12377     5.5264     5.5436    25.2398   12.77135 6.3014e-02     56.974 0.0000e+00
        551 202.816580    0.03819     2.2917    137.500  1025.5024  51299.050    31.9999     56.640    7.12488     5.5173     5.5381    25.2376   12.77322 6.2960e-02     57.182 0.0000e+00
        552 202.816583    0.03826     2.2958    137.750  1025.5014  51296.239    31.9963     56.862    7.12627     5.5073     5.5308    25.2356   12.77557 6.2905e-02     57.406 0.0000e+00
        553 202.816586    0.03833     2.3000    138.000  1025.5022  51296.594    31.9945     57.096    7.12789     5.4973     5.5217    25.2352   12.77827 6.2850e-02     57.642 0.0000e+00
        554 202.816589    0.03840     2.3042    138.250  1025.5046  51300.039    31.9947     57.337    7.12958     5.4880     5.5117    25.2365   12.78105 6.2789e-02     57.886 0.0000e+00
        555 202.816591    0.03847     2.3083    138.500  1025.5078  51304.740    31.9957     57.580    7.13121     5.4792     5.5017    25.2385   12.78374 6.2720e-02     58.131 0.0000e+00
        556 202.816594    0.03854     2.3125    138.750  1025.5108  51309.177    31.9967     57.821    7.13275     5.4709     5.4924    25.2404   12.78626 6.2660e-02     58.375 0.0000e+00
        557 202.816597    0.03861     2.3167    139.000  1025.5131  51312.374    31.9970     58.058    7.13421     5.4628     5.4837    25.2416   12.78866 6.2625e-02     58.614 0.0000e+00
        558 202.816600    0.03868     2.3208    139.250  1025.5150  51314.781    31.9968     58.290    7.13562     5.4548     5.4754    25.2424   12.79100 6.2607e-02     58.848 0.0000e+00
        559 202.816603    0.03875     2.3250    139.500  1025.5172  51317.735    31.9970     58.519    7.13698     5.4472     5.4672    25.2435   12.79325 6.2589e-02     59.079 0.0000e+00
        560 202.816606    0.03882     2.3292    139.750  1025.5198  51321.521    31.9979     58.747    7.13829     5.4403     5.4593    25.2450   12.79540 6.2562e-02     59.310 0.0000e+00
        561 202.816609    0.03889     2.3333    140.000  1025.5233  51326.852    31.9998     58.976    7.13949     5.4349     5.4517    25.2475   12.79735 6.2526e-02     59.541 0.0000e+00
        562 202.816612    0.03896     2.3375    140.250  1025.5284  51335.043    32.0039     59.208    7.14046     5.4317     5.4448    25.2515   12.79889 6.2481e-02     59.775 0.0000e+00
        563 202.816615    0.03903     2.3417    140.500  1025.5344  51344.630    32.0093     59.444    7.14111     5.4306     5.4395    25.2564   12.79989 6.2426e-02     60.013 0.0000e+00
        564 202.816617    0.03910     2.3458    140.750  1025.5396  51352.592    32.0140     59.682    7.14142     5.4309     5.4363    25.2605   12.80034 6.2376e-02     60.254 0.0000e+00
        565 202.816620    0.03917     2.3500    141.000  1025.5435  51357.922    32.0173     59.920    7.14145     5.4320     5.4352    25.2632   12.80035 6.2332e-02     60.494 0.0000e+00
        566 202.816623    0.03924     2.3542    141.250  1025.5461  51360.956    32.0194     60.152    7.14130     5.4331     5.4355    25.2648   12.80008 6.2285e-02     60.728 0.0000e+00
        567 202.816626    0.03931     2.3583    141.500  1025.5475  51361.588    32.0199     60.373    7.14109     5.4335     5.4366    25.2652   12.79973 6.2243e-02     60.952 0.0000e+00
        568 202.816629    0.03938     2.3625    141.750  1025.5476  51360.042    32.0190     60.580    7.14094     5.4329     5.4377    25.2643   12.79950 6.2210e-02     61.161 0.0000e+00
        569 202.816632    0.03944     2.3667    142.000  1025.5470  51357.345    32.0171     60.770    7.14095     5.4311     5.4382    25.2628   12.79954 6.2179e-02     61.354 0.0000e+00
        570 202.816635    0.03951     2.3708    142.250  1025.5461  51354.407    32.0149     60.946    7.14116     5.4280     5.4376    25.2611   12.79991 6.2142e-02     61.531 0.0000e+00
        571 202.816638    0.03958     2.3750    142.500  1025.5452  51351.681    32.0125     61.112    7.14159     5.4236     5.4357    25.2594   12.80064 6.2090e-02     61.699 0.0000e+00
        572 202.816641    0.03965     2.3792    142.750  1025.5442  51348.747    32.0098     61.279    7.14224     5.4174     5.4327    25.2576   12.80175 6.2028e-02     61.867 0.0000e+00
        573 202.816644    0.03972     2.3833    143.000  1025.5425  51344.693    32.0060     61.456    7.14316     5.4090     5.4283    25.2551   12.80333 6.1968e-02     62.045 0.0000e+00
        574 202.816646    0.03979     2.3875    143.250  1025.5406  51340.095    32.0014     61.652    7.14443     5.3984     5.4221    25.2522   12.80549 6.1918e-02     62.243 0.0000e+00
        575 202.816649    0.03986     2.3917    143.500  1025.5392  51336.712    31.9972     61.873    7.14606     5.3858     5.4137    25.2498   12.80822 6.1877e-02     62.467 0.0000e+00
        576 202.816652    0.03993     2.3958    143.750  1025.5388  51334.920    31.9936     62.121    7.14802     5.3713     5.4031    25.2481   12.81151 6.1840e-02     62.717 0.0000e+00
        577 202.816655    0.04000     2.4000    144.000  1025.5388  51334.091    31.9903     62.393    7.15031     5.3557     5.3906    25.2469   12.81534 6.1796e-02     62.991 0.0000e+00
        578 202.816658    0.04007     2.4042    144.250  1025.5408  51336.840    31.9890     62.680    7.15284     5.3416     5.3761    25.2475   12.81953 6.1745e-02     63.282 0.0000e+00
        579 202.816661    0.04014     2.4083    144.500  1025.5476  51348.506    31.9936     62.975    7.15527     5.3323     5.3605    25.2529   12.82349 6.1706e-02     63.579 0.0000e+00
        580 202.816664    0.04021     2.4125    144.750  1025.5599  51370.257    32.0054     63.269    7.15709     5.3301     5.3464    25.2639   12.82635 6.1672e-02     63.875 0.0000e+00
        581 202.816667    0.04028     2.4167    145.000  1025.5757  51397.842    32.0224     63.553    7.15786     5.3355     5.3372    25.2783   12.82739 6.1634e-02     64.162 0.0000e+00
        582 202.816670    0.04035     2.4208    145.250  1025.5919  51425.734    32.0410     63.821    7.15734     5.3474     5.3350    25.2933   12.82630 6.1602e-02     64.433 0.0000e+00
        583 202.816672    0.04042     2.4250    145.500  1025.6057  51448.471    32.0577     64.070    7.15563     5.3638     5.3404    25.3059   12.82325 6.1583e-02     64.685 0.0000e+00
        584 202.816675    0.04049     2.4292    145.750  1025.6151  51462.731    32.0699     64.300    7.15301     5.3825     5.3523    25.3143   12.81877 6.1574e-02     64.916 0.0000e+00
        585 202.816678    0.04056     2.4333    146.000  1025.6201  51468.597    32.0774     64.512    7.14986     5.4013     5.3688    25.3183   12.81348 6.1563e-02     65.131 0.0000e+00
        586 202.816681    0.04063     2.4375    146.250  1025.6213  51467.463    32.0804     64.713    7.14655     5.4191     5.3874    25.3186   12.80798 6.1537e-02     65.333 0.0000e+00
        587 202.816684    0.04069     2.4417    146.500  1025.6207  51462.998    32.0812     64.907    7.14332     5.4364     5.4062    25.3171   12.80263 6.1500e-02     65.529 0.0000e+00
        588 202.816687    0.04076     2.4458    146.750  1025.6214  51461.053    32.0836     65.101    7.14019     5.4550     5.4241    25.3169   12.79743 6.1460e-02     65.726 0.0000e+00
        589 202.816690    0.04083     2.4500    147.000  1025.6261  51466.515    32.0909     65.302    7.13691     5.4775     5.4414    25.3207   12.79192 6.1422e-02     65.928 0.0000e+00
        590 202.816693    0.04090     2.4542    147.250  1025.6362  51481.747    32.1052     65.513    7.13309     5.5060     5.4600    25.3300   12.78543 6.1388e-02     66.142 0.0000e+00
        591 202.816696    0.04097     2.4583    147.500  1025.6501  51503.337    32.1247     65.738    7.12835     5.5399     5.4826    25.3428   12.77735 6.1354e-02     66.369 0.0000e+00
        592 202.816698    0.04104     2.4625    147.750  1025.6623  51521.239    32.1430     65.978    7.12267     5.5758     5.5111    25.3539   12.76774 6.1318e-02     66.611 0.0000e+00
        593 202.816701    0.04111     2.4667    148.000  1025.6673  51525.468    32.1529     66.231    7.11648     5.6091     5.5450    25.3578   12.75739 6.1284e-02     66.867 0.0000e+00
        594 202.816704    0.04118     2.4708    148.250  1025.6637  51513.542    32.1520     66.496    7.11047     5.6365     5.5809    25.3530   12.74749 6.1250e-02     67.134 0.0000e+00
        595 202.816707    0.04125     2.4750    148.500  1025.6544  51491.603    32.1436     66.768    7.10526     5.6573     5.6142    25.3425   12.73899 6.1213e-02     67.409 0.0000e+00
