CTD-processing/allCTD/CNV--homogene/2013_02-12_t4_s05_cast027.cnv
* Sea-Bird SBE19plus Data File:
* FileName = C:\Documents and Settings\kris.holderied.local\My Documents\2012-2013-CTD-DATA-new-files\2013-02-EVOSTC-CookInlet\2013-02-12-CookInlet-Barabara-to-BluffPt-Tran4\2013-02-12-CookInletOcean-Tran4-cast027.hex
* Software Version 1.54
* Temperature SN =  5028
* Conductivity SN =  5028
* System UpLoad Time = Feb 12 2013 14:23:15
** Cook Inlet Ocean Transect 4 Barabara to Bluff Pt
** Date:  12 Feb 2013
** Station:4-05
** Start time (AKDT-24 hr):1213
** Depth (m):78
** Comment:
# nquan = 17
# nvalues = 672                         
# units = specified
# name 0 = scan: Scan Count
# name 1 = timeJ: Julian Days
# name 2 = timeH: Time, Elapsed [hours]
# name 3 = timeM: Time, Elapsed [minutes]
# name 4 = timeS: Time, Elapsed [seconds]
# name 5 = density00: Density [density, kg/m^3]
# name 6 = specc: Specific Conductance [uS/cm]
# name 7 = sal00: Salinity, Practical [PSU]
# name 8 = depSM: Depth [salt water, m], lat = 59.00
# name 9 = oxsolML/L: Oxygen Saturation, Garcia & Gordon [ml/l]
# name 10 = potemp090C: Potential Temperature [ITS-90, deg C]
# name 11 = tv290C: Temperature [ITS-90, deg C]
# name 12 = sigma-é00: Density [sigma-theta, kg/m^3]
# name 13 = n2satML/L: Nitrogen Saturation [ml/l]
# name 14 = par: PAR/Irradiance, Biospherical/Licor
# name 15 = prdM: Pressure, Strain Gauge [db]
# name 16 = flag:  0.000e+00
# span 0 =          1,        672       
# span 1 =  43.592963,  43.594905       
# span 2 =    0.00000,    0.04660       
# span 3 =     0.0000,     2.7958       
# span 4 =      0.000,    167.750       
# span 5 =   999.9551,  1025.5443       
# span 6 =      3.165,  51655.371       
# span 7 =     0.0009,    31.8397       
# span 8 =     -0.137,     71.749       
# span 9 =    7.40843,    9.56827       
# span 10 =     2.4173,     3.9792      
# span 11 =     2.4163,     3.9832      
# span 12 =    -0.0442,    25.3058      
# span 13 =   13.24452,   17.31526      
# span 14 = 3.7912e-02, 2.5984e+02      
# span 15 =     -0.138,     72.438      
# span 16 = 0.0000e+00, 0.0000e+00      
# interval = seconds: 0.25
# start_time = Feb 12 2013 14:13:52 [Instrument's time stamp, header]
# bad_flag = -9.990e-29
*END*
[from data line 341]
        342  43.593950    0.02368     1.4208     85.250  1025.1931  51382.169    31.7209      1.422    7.42189     3.9177     3.9176    25.1864   13.26715 9.2209e+01      1.436 0.0000e+00
        343  43.593953    0.02375     1.4250     85.500  1025.1932  51382.397    31.7210      1.424    7.42186     3.9180     3.9177    25.1865   13.26710 9.2495e+01      1.437 0.0000e+00
        344  43.593955    0.02382     1.4292     85.750  1025.1934  51382.627    31.7212      1.431    7.42182     3.9183     3.9178    25.1866   13.26703 9.2532e+01      1.445 0.0000e+00
        345  43.593958    0.02389     1.4333     86.000  1025.1937  51382.927    31.7215      1.454    7.42177     3.9188     3.9181    25.1868   13.26694 9.1740e+01      1.468 0.0000e+00
        346  43.593961    0.02396     1.4375     86.250  1025.1941  51383.225    31.7218      1.499    7.42169     3.9193     3.9184    25.1870   13.26681 9.0025e+01      1.513 0.0000e+00
        347  43.593964    0.02403     1.4417     86.500  1025.1945  51383.332    31.7219      1.564    7.42160     3.9197     3.9189    25.1871   13.26666 8.7896e+01      1.579 0.0000e+00
        348  43.593967    0.02410     1.4458     86.750  1025.1948  51383.221    31.7219      1.644    7.42151     3.9202     3.9194    25.1870   13.26651 8.5613e+01      1.660 0.0000e+00
        349  43.593970    0.02417     1.4500     87.000  1025.1952  51383.117    31.7219      1.729    7.42142     3.9207     3.9198    25.1870   13.26636 8.3253e+01      1.746 0.0000e+00
        350  43.593973    0.02424     1.4542     87.250  1025.1955  51382.966    31.7219      1.813    7.42133     3.9211     3.9203    25.1869   13.26622 8.0935e+01      1.830 0.0000e+00
        351  43.593976    0.02431     1.4583     87.500  1025.1957  51382.606    31.7217      1.894    7.42125     3.9215     3.9208    25.1867   13.26608 7.8905e+01      1.912 0.0000e+00
        352  43.593979    0.02438     1.4625     87.750  1025.1959  51382.228    31.7215      1.973    7.42118     3.9217     3.9213    25.1865   13.26597 7.7324e+01      1.992 0.0000e+00
        353  43.593981    0.02444     1.4667     88.000  1025.1961  51381.985    31.7214      2.050    7.42112     3.9219     3.9216    25.1864   13.26588 7.6094e+01      2.070 0.0000e+00
        354  43.593984    0.02451     1.4708     88.250  1025.1964  51381.865    31.7214      2.133    7.42108     3.9220     3.9219    25.1863   13.26582 7.4826e+01      2.153 0.0000e+00
        355  43.593987    0.02458     1.4750     88.500  1025.1968  51381.832    31.7213      2.229    7.42106     3.9220     3.9220    25.1863   13.26577 7.3162e+01      2.250 0.0000e+00
        356  43.593990    0.02465     1.4792     88.750  1025.1973  51381.819    31.7213      2.348    7.42104     3.9219     3.9221    25.1862   13.26575 7.1244e+01      2.370 0.0000e+00
        357  43.593993    0.02472     1.4833     89.000  1025.1980  51381.817    31.7212      2.494    7.42104     3.9218     3.9222    25.1862   13.26575 6.9201e+01      2.517 0.0000e+00
        358  43.593996    0.02479     1.4875     89.250  1025.1987  51381.888    31.7211      2.661    7.42105     3.9217     3.9221    25.1861   13.26577 6.7059e+01      2.686 0.0000e+00
        359  43.593999    0.02486     1.4917     89.500  1025.1996  51382.099    31.7212      2.842    7.42107     3.9217     3.9220    25.1862   13.26579 6.5098e+01      2.869 0.0000e+00
        360  43.594002    0.02493     1.4958     89.750  1025.2006  51382.403    31.7213      3.025    7.42108     3.9217     3.9219    25.1863   13.26581 6.3247e+01      3.054 0.0000e+00
        361  43.594005    0.02500     1.5000     90.000  1025.2015  51382.672    31.7213      3.203    7.42108     3.9217     3.9219    25.1863   13.26581 6.1151e+01      3.233 0.0000e+00
        362  43.594008    0.02507     1.5042     90.250  1025.2023  51382.881    31.7214      3.372    7.42107     3.9218     3.9219    25.1864   13.26579 5.8773e+01      3.404 0.0000e+00
        363  43.594010    0.02514     1.5083     90.500  1025.2031  51383.095    31.7215      3.534    7.42106     3.9220     3.9220    25.1864   13.26577 5.6269e+01      3.568 0.0000e+00
        364  43.594013    0.02521     1.5125     90.750  1025.2040  51383.353    31.7216      3.691    7.42104     3.9222     3.9221    25.1865   13.26573 5.3794e+01      3.726 0.0000e+00
        365  43.594016    0.02528     1.5167     91.000  1025.2048  51383.703    31.7218      3.843    7.42100     3.9225     3.9222    25.1867   13.26568 5.1513e+01      3.879 0.0000e+00
        366  43.594019    0.02535     1.5208     91.250  1025.2057  51384.173    31.7221      3.993    7.42095     3.9229     3.9224    25.1869   13.26559 4.9587e+01      4.031 0.0000e+00
        367  43.594022    0.02542     1.5250     91.500  1025.2067  51384.632    31.7224      4.149    7.42088     3.9234     3.9227    25.1871   13.26546 4.8098e+01      4.188 0.0000e+00
        368  43.594025    0.02549     1.5292     91.750  1025.2075  51384.859    31.7226      4.317    7.42079     3.9239     3.9232    25.1872   13.26531 4.6965e+01      4.358 0.0000e+00
        369  43.594028    0.02556     1.5333     92.000  1025.2083  51384.776    31.7225      4.501    7.42070     3.9243     3.9237    25.1871   13.26516 4.5940e+01      4.544 0.0000e+00
        370  43.594031    0.02562     1.5375     92.250  1025.2091  51384.531    31.7224      4.702    7.42061     3.9245     3.9242    25.1870   13.26503 4.4813e+01      4.747 0.0000e+00
        371  43.594034    0.02569     1.5417     92.500  1025.2100  51384.291    31.7222      4.916    7.42055     3.9247     3.9246    25.1868   13.26492 4.3579e+01      4.963 0.0000e+00
        372  43.594036    0.02576     1.5458     92.750  1025.2109  51384.135    31.7221      5.135    7.42050     3.9248     3.9248    25.1866   13.26485 4.2374e+01      5.184 0.0000e+00
        373  43.594039    0.02583     1.5500     93.000  1025.2118  51384.149    31.7220      5.351    7.42047     3.9250     3.9250    25.1866   13.26479 4.1306e+01      5.402 0.0000e+00
        374  43.594042    0.02590     1.5542     93.250  1025.2128  51384.345    31.7221      5.556    7.42044     3.9251     3.9252    25.1866   13.26474 4.0368e+01      5.609 0.0000e+00
        375  43.594045    0.02597     1.5583     93.500  1025.2138  51384.620    31.7222      5.747    7.42041     3.9253     3.9254    25.1867   13.26469 3.9494e+01      5.801 0.0000e+00
        376  43.594048    0.02604     1.5625     93.750  1025.2148  51384.926    31.7224      5.921    7.42038     3.9255     3.9255    25.1868   13.26463 3.8615e+01      5.977 0.0000e+00
        377  43.594051    0.02611     1.5667     94.000  1025.2157  51385.271    31.7226      6.082    7.42034     3.9257     3.9257    25.1869   13.26456 3.7671e+01      6.139 0.0000e+00
        378  43.594054    0.02618     1.5708     94.250  1025.2165  51385.628    31.7228      6.233    7.42029     3.9261     3.9259    25.1871   13.26448 3.6644e+01      6.292 0.0000e+00
        379  43.594057    0.02625     1.5750     94.500  1025.2175  51386.193    31.7231      6.382    7.42022     3.9267     3.9261    25.1874   13.26437 3.5556e+01      6.442 0.0000e+00
        380  43.594060    0.02632     1.5792     94.750  1025.2189  51387.416    31.7240      6.535    7.42011     3.9276     3.9265    25.1880   13.26418 3.4450e+01      6.597 0.0000e+00
        381  43.594063    0.02639     1.5833     95.000  1025.2205  51388.989    31.7251      6.700    7.41995     3.9288     3.9271    25.1888   13.26388 3.3366e+01      6.764 0.0000e+00
        382  43.594065    0.02646     1.5875     95.250  1025.2218  51389.772    31.7258      6.881    7.41974     3.9298     3.9281    25.1893   13.26353 3.2322e+01      6.947 0.0000e+00
        383  43.594068    0.02653     1.5917     95.500  1025.2226  51389.459    31.7257      7.081    7.41953     3.9306     3.9292    25.1892   13.26320 3.1332e+01      7.149 0.0000e+00
        384  43.594071    0.02660     1.5958     95.750  1025.2232  51388.661    31.7253      7.299    7.41936     3.9311     3.9303    25.1888   13.26292 3.0421e+01      7.368 0.0000e+00
        385  43.594074    0.02667     1.6000     96.000  1025.2239  51387.915    31.7249      7.530    7.41924     3.9315     3.9311    25.1884   13.26272 2.9610e+01      7.601 0.0000e+00
        386  43.594077    0.02674     1.6042     96.250  1025.2248  51387.527    31.7247      7.768    7.41915     3.9319     3.9316    25.1881   13.26258 2.8882e+01      7.842 0.0000e+00
        387  43.594080    0.02681     1.6083     96.500  1025.2259  51387.556    31.7247      8.007    7.41908     3.9324     3.9320    25.1881   13.26245 2.8215e+01      8.083 0.0000e+00
        388  43.594083    0.02688     1.6125     96.750  1025.2271  51387.976    31.7249      8.241    7.41899     3.9331     3.9324    25.1882   13.26230 2.7605e+01      8.319 0.0000e+00
        389  43.594086    0.02694     1.6167     97.000  1025.2285  51388.635    31.7254      8.467    7.41887     3.9338     3.9330    25.1885   13.26210 2.7051e+01      8.547 0.0000e+00
        390  43.594089    0.02701     1.6208     97.250  1025.2297  51389.094    31.7258      8.678    7.41872     3.9343     3.9337    25.1887   13.26186 2.6545e+01      8.760 0.0000e+00
        391  43.594091    0.02708     1.6250     97.500  1025.2306  51389.138    31.7259      8.864    7.41860     3.9346     3.9343    25.1888   13.26165 2.6084e+01      8.948 0.0000e+00
        392  43.594094    0.02715     1.6292     97.750  1025.2313  51388.970    31.7258      9.030    7.41851     3.9349     3.9348    25.1887   13.26150 2.5642e+01      9.115 0.0000e+00
        393  43.594097    0.02722     1.6333     98.000  1025.2320  51388.847    31.7257      9.191    7.41845     3.9351     3.9352    25.1886   13.26140 2.5177e+01      9.278 0.0000e+00
        394  43.594100    0.02729     1.6375     98.250  1025.2327  51388.840    31.7257      9.358    7.41840     3.9352     3.9355    25.1885   13.26133 2.4657e+01      9.447 0.0000e+00
        395  43.594103    0.02736     1.6417     98.500  1025.2336  51388.907    31.7257      9.541    7.41837     3.9353     3.9357    25.1885   13.26127 2.4074e+01      9.631 0.0000e+00
        396  43.594106    0.02743     1.6458     98.750  1025.2345  51389.081    31.7258      9.741    7.41834     3.9354     3.9358    25.1885   13.26122 2.3444e+01      9.833 0.0000e+00
        397  43.594109    0.02750     1.6500     99.000  1025.2357  51389.511    31.7260      9.958    7.41831     3.9356     3.9359    25.1887   13.26117 2.2797e+01     10.052 0.0000e+00
        398  43.594112    0.02757     1.6542     99.250  1025.2371  51390.324    31.7264     10.186    7.41826     3.9360     3.9361    25.1891   13.26109 2.2167e+01     10.282 0.0000e+00
        399  43.594115    0.02764     1.6583     99.500  1025.2387  51391.346    31.7271     10.419    7.41819     3.9365     3.9363    25.1896   13.26095 2.1586e+01     10.517 0.0000e+00
        400  43.594117    0.02771     1.6625     99.750  1025.2403  51392.297    31.7277     10.650    7.41808     3.9371     3.9367    25.1900   13.26078 2.1072e+01     10.750 0.0000e+00
        401  43.594120    0.02778     1.6667    100.000  1025.2417  51393.038    31.7282     10.873    7.41796     3.9377     3.9372    25.1904   13.26057 2.0624e+01     10.975 0.0000e+00
        402  43.594123    0.02785     1.6708    100.250  1025.2428  51393.341    31.7284     11.083    7.41784     3.9382     3.9378    25.1905   13.26037 2.0230e+01     11.188 0.0000e+00
        403  43.594126    0.02792     1.6750    100.500  1025.2436  51393.083    31.7283     11.279    7.41773     3.9385     3.9384    25.1903   13.26020 1.9874e+01     11.386 0.0000e+00
        404  43.594129    0.02799     1.6792    100.750  1025.2441  51392.550    31.7280     11.461    7.41766     3.9387     3.9389    25.1900   13.26008 1.9540e+01     11.569 0.0000e+00
        405  43.594132    0.02806     1.6833    101.000  1025.2447  51392.197    31.7277     11.632    7.41762     3.9387     3.9393    25.1898   13.26001 1.9211e+01     11.742 0.0000e+00
        406  43.594135    0.02813     1.6875    101.250  1025.2454  51392.193    31.7277     11.798    7.41759     3.9388     3.9394    25.1898   13.25996 1.8871e+01     11.910 0.0000e+00
        407  43.594138    0.02819     1.6917    101.500  1025.2463  51392.358    31.7277     11.964    7.41757     3.9389     3.9395    25.1898   13.25992 1.8511e+01     12.078 0.0000e+00
        408  43.594141    0.02826     1.6958    101.750  1025.2471  51392.505    31.7278     12.137    7.41755     3.9389     3.9396    25.1898   13.25990 1.8126e+01     12.252 0.0000e+00
        409  43.594144    0.02833     1.7000    102.000  1025.2480  51392.640    31.7278     12.321    7.41754     3.9388     3.9397    25.1898   13.25988 1.7716e+01     12.438 0.0000e+00
        410  43.594146    0.02840     1.7042    102.250  1025.2489  51392.781    31.7278     12.522    7.41754     3.9388     3.9397    25.1898   13.25988 1.7288e+01     12.641 0.0000e+00
        411  43.594149    0.02847     1.7083    102.500  1025.2499  51392.811    31.7277     12.742    7.41755     3.9387     3.9397    25.1898   13.25989 1.6852e+01     12.863 0.0000e+00
        412  43.594152    0.02854     1.7125    102.750  1025.2509  51392.817    31.7275     12.978    7.41756     3.9386     3.9396    25.1897   13.25992 1.6414e+01     13.101 0.0000e+00
        413  43.594155    0.02861     1.7167    103.000  1025.2521  51393.042    31.7275     13.226    7.41758     3.9386     3.9396    25.1897   13.25993 1.5986e+01     13.352 0.0000e+00
        414  43.594158    0.02868     1.7208    103.250  1025.2535  51393.576    31.7278     13.480    7.41757     3.9387     3.9395    25.1898   13.25993 1.5578e+01     13.608 0.0000e+00
        415  43.594161    0.02875     1.7250    103.500  1025.2550  51394.296    31.7281     13.730    7.41755     3.9389     3.9395    25.1901   13.25988 1.5199e+01     13.860 0.0000e+00
        416  43.594164    0.02882     1.7292    103.750  1025.2563  51394.797    31.7284     13.969    7.41751     3.9391     3.9397    25.1903   13.25982 1.4855e+01     14.101 0.0000e+00
        417  43.594167    0.02889     1.7333    104.000  1025.2573  51394.845    31.7284     14.189    7.41748     3.9392     3.9399    25.1902   13.25976 1.4547e+01     14.324 0.0000e+00
        418  43.594170    0.02896     1.7375    104.250  1025.2581  51394.795    31.7283     14.389    7.41745     3.9393     3.9401    25.1902   13.25972 1.4272e+01     14.526 0.0000e+00
        419  43.594172    0.02903     1.7417    104.500  1025.2590  51394.923    31.7283     14.569    7.41742     3.9394     3.9402    25.1902   13.25968 1.4024e+01     14.708 0.0000e+00
        420  43.594175    0.02910     1.7458    104.750  1025.2598  51395.074    31.7283     14.735    7.41740     3.9395     3.9403    25.1902   13.25965 1.3793e+01     14.875 0.0000e+00
        421  43.594178    0.02917     1.7500    105.000  1025.2605  51395.139    31.7283     14.894    7.41738     3.9395     3.9404    25.1902   13.25962 1.3563e+01     15.036 0.0000e+00
        422  43.594181    0.02924     1.7542    105.250  1025.2613  51395.241    31.7283     15.057    7.41737     3.9396     3.9404    25.1902   13.25959 1.3319e+01     15.200 0.0000e+00
        423  43.594184    0.02931     1.7583    105.500  1025.2623  51395.658    31.7285     15.233    7.41735     3.9398     3.9405    25.1904   13.25956 1.3050e+01     15.377 0.0000e+00
        424  43.594187    0.02937     1.7625    105.750  1025.2635  51396.437    31.7290     15.426    7.41731     3.9401     3.9406    25.1907   13.25949 1.2753e+01     15.572 0.0000e+00
        425  43.594190    0.02944     1.7667    106.000  1025.2650  51397.339    31.7295     15.638    7.41725     3.9406     3.9408    25.1911   13.25937 1.2435e+01     15.786 0.0000e+00
