CTD-processing/allCTD/CNV--homogene/2013_02-12_t9_s05_cast017.cnv
* Sea-Bird SBE19plus Data File:
* FileName = C:\Documents and Settings\kris.holderied.local\My Documents\2012-2013-CTD-DATA-new-files\2013-02-EVOSTC-CookInlet\2013-02-12-HomerSpitLine-Tran9\2013-02-12-HomerSpitLine-Tran9-cast017.hex
* Software Version 1.54
* Temperature SN =  5028
* Conductivity SN =  5028
* System UpLoad Time = Feb 12 2013 10:17:25
** Kachemak Bay Spit Line  North to south
** Date:  12 Feb 2013
** Station:  9-05
** Start time (AKDT-24 hr):  0845
** Depth (m):  94
** Comment:
# nquan = 17
# nvalues = 805                         
# units = specified
# name 0 = scan: Scan Count
# name 1 = timeJ: Julian Days
# name 2 = timeH: Time, Elapsed [hours]
# name 3 = timeM: Time, Elapsed [minutes]
# name 4 = timeS: Time, Elapsed [seconds]
# name 5 = density00: Density [density, kg/m^3]
# name 6 = specc: Specific Conductance [uS/cm]
# name 7 = sal00: Salinity, Practical [PSU]
# name 8 = depSM: Depth [salt water, m], lat = 59.00
# name 9 = oxsolML/L: Oxygen Saturation, Garcia & Gordon [ml/l]
# name 10 = potemp090C: Potential Temperature [ITS-90, deg C]
# name 11 = tv290C: Temperature [ITS-90, deg C]
# name 12 = sigma-é00: Density [sigma-theta, kg/m^3]
# name 13 = n2satML/L: Nitrogen Saturation [ml/l]
# name 14 = par: PAR/Irradiance, Biospherical/Licor
# name 15 = prdM: Pressure, Strain Gauge [db]
# name 16 = flag:  0.000e+00
# span 0 =          1,        805       
# span 1 =  43.448426,  43.450752       
# span 2 =    0.00000,    0.05583       
# span 3 =     0.0000,     3.3500       
# span 4 =      0.000,    201.000       
# span 5 =   999.9630,  1025.5348       
# span 6 =     62.226,  51406.837       
# span 7 =     0.0322,    31.6199       
# span 8 =     -0.163,     84.666       
# span 9 =  -46.16474,    9.60616       
# span 10 =     1.7987,     3.6048      
# span 11 =     1.7987,     3.6100      
# span 12 =    -0.0361,    25.1351      
# span 13 =   13.36957,   17.56081      
# span 14 = 3.7912e-02, 6.2001e+00      
# span 15 =     -0.165,     85.483      
# span 16 = 0.0000e+00, 0.0000e+00      
# interval = seconds: 0.25
# start_time = Feb 12 2013 10:45:44 [Instrument's time stamp, header]
# bad_flag = -9.990e-29
*END*
[from data line 341]
        342  43.449413    0.02368     1.4208     85.250  1025.1181  51317.281    31.5284      6.644    7.53951     3.3309     3.3304    25.0866   13.46377 2.7275e-01      6.707 0.0000e+00
        343  43.449416    0.02375     1.4250     85.500  1025.1191  51317.115    31.5283      6.860    7.53942     3.3311     3.3309    25.0865   13.46363 2.6054e-01      6.925 0.0000e+00
        344  43.449418    0.02382     1.4292     85.750  1025.1199  51316.704    31.5280      7.092    7.53937     3.3312     3.3313    25.0862   13.46355 2.4820e-01      7.159 0.0000e+00
        345  43.449421    0.02389     1.4333     86.000  1025.1208  51316.420    31.5277      7.337    7.53934     3.3313     3.3315    25.0860   13.46350 2.3593e-01      7.406 0.0000e+00
        346  43.449424    0.02396     1.4375     86.250  1025.1220  51316.654    31.5278      7.587    7.53932     3.3314     3.3316    25.0861   13.46347 2.2401e-01      7.658 0.0000e+00
        347  43.449427    0.02403     1.4417     86.500  1025.1233  51316.965    31.5279      7.834    7.53930     3.3314     3.3317    25.0861   13.46343 2.1271e-01      7.908 0.0000e+00
        348  43.449430    0.02410     1.4458     86.750  1025.1243  51316.846    31.5277      8.072    7.53929     3.3313     3.3318    25.0860   13.46342 2.0229e-01      8.148 0.0000e+00
        349  43.449433    0.02417     1.4500     87.000  1025.1251  51316.574    31.5274      8.297    7.53929     3.3312     3.3318    25.0858   13.46343 1.9293e-01      8.375 0.0000e+00
        350  43.449436    0.02424     1.4542     87.250  1025.1260  51316.541    31.5273      8.507    7.53931     3.3310     3.3318    25.0856   13.46347 1.8459e-01      8.588 0.0000e+00
        351  43.449439    0.02431     1.4583     87.500  1025.1270  51316.821    31.5273      8.705    7.53933     3.3310     3.3317    25.0857   13.46350 1.7718e-01      8.788 0.0000e+00
        352  43.449442    0.02438     1.4625     87.750  1025.1280  51317.320    31.5275      8.895    7.53934     3.3310     3.3316    25.0859   13.46352 1.7052e-01      8.979 0.0000e+00
        353  43.449444    0.02444     1.4667     88.000  1025.1291  51317.850    31.5278      9.082    7.53934     3.3311     3.3315    25.0861   13.46350 1.6435e-01      9.168 0.0000e+00
        354  43.449447    0.02451     1.4708     88.250  1025.1301  51318.140    31.5279      9.274    7.53932     3.3311     3.3316    25.0862   13.46347 1.5841e-01      9.362 0.0000e+00
        355  43.449450    0.02458     1.4750     88.500  1025.1310  51317.997    31.5277      9.479    7.53932     3.3310     3.3316    25.0860   13.46347 1.5245e-01      9.569 0.0000e+00
        356  43.449453    0.02465     1.4792     88.750  1025.1318  51317.712    31.5274      9.700    7.53933     3.3309     3.3316    25.0858   13.46350 1.4632e-01      9.792 0.0000e+00
        357  43.449456    0.02472     1.4833     89.000  1025.1329  51317.904    31.5274      9.938    7.53935     3.3309     3.3315    25.0858   13.46353 1.4002e-01     10.032 0.0000e+00
        358  43.449459    0.02479     1.4875     89.250  1025.1344  51318.851    31.5279     10.187    7.53935     3.3312     3.3314    25.0861   13.46352 1.3368e-01     10.284 0.0000e+00
        359  43.449462    0.02486     1.4917     89.500  1025.1364  51320.524    31.5289     10.440    7.53930     3.3319     3.3314    25.0869   13.46342 1.2750e-01     10.539 0.0000e+00
        360  43.449465    0.02493     1.4958     89.750  1025.1388  51322.851    31.5304     10.688    7.53916     3.3330     3.3317    25.0881   13.46317 1.2163e-01     10.789 0.0000e+00
        361  43.449468    0.02500     1.5000     90.000  1025.1412  51325.256    31.5321     10.925    7.53894     3.3345     3.3325    25.0894   13.46278 1.1614e-01     11.028 0.0000e+00
        362  43.449470    0.02507     1.5042     90.250  1025.1433  51327.107    31.5335     11.150    7.53865     3.3360     3.3336    25.0905   13.46228 1.1112e-01     11.255 0.0000e+00
        363  43.449473    0.02514     1.5083     90.500  1025.1451  51328.346    31.5346     11.363    7.53832     3.3376     3.3351    25.0912   13.46173 1.0660e-01     11.470 0.0000e+00
        364  43.449476    0.02521     1.5125     90.750  1025.1465  51328.904    31.5353     11.567    7.53799     3.3390     3.3367    25.0916   13.46117 1.0251e-01     11.676 0.0000e+00
        365  43.449479    0.02528     1.5167     91.000  1025.1475  51328.969    31.5356     11.768    7.53768     3.3402     3.3382    25.0917   13.46066 9.8761e-02     11.879 0.0000e+00
        366  43.449482    0.02535     1.5208     91.250  1025.1486  51328.988    31.5359     11.972    7.53740     3.3412     3.3397    25.0918   13.46020 9.5338e-02     12.085 0.0000e+00
        367  43.449485    0.02542     1.5250     91.500  1025.1496  51328.996    31.5361     12.184    7.53716     3.3421     3.3409    25.0919   13.45980 9.2286e-02     12.299 0.0000e+00
        368  43.449488    0.02549     1.5292     91.750  1025.1506  51328.828    31.5362     12.409    7.53696     3.3427     3.3420    25.0919   13.45947 8.9760e-02     12.526 0.0000e+00
        369  43.449491    0.02556     1.5333     92.000  1025.1516  51328.448    31.5360     12.646    7.53681     3.3432     3.3428    25.0917   13.45921 8.8057e-02     12.765 0.0000e+00
        370  43.449494    0.02562     1.5375     92.250  1025.1525  51327.959    31.5357     12.890    7.53670     3.3434     3.3435    25.0914   13.45904 8.7685e-02     13.013 0.0000e+00
        371  43.449497    0.02569     1.5417     92.500  1025.1534  51327.573    31.5355     13.137    7.53663     3.3435     3.3440    25.0911   13.45893 8.9517e-02     13.262 0.0000e+00
        372  43.449499    0.02576     1.5458     92.750  1025.1544  51327.472    31.5353     13.380    7.53659     3.3436     3.3442    25.0910   13.45887 9.4981e-02     13.507 0.0000e+00
        373  43.449502    0.02583     1.5500     93.000  1025.1555  51327.631    31.5353     13.614    7.53656     3.3437     3.3443    25.0910   13.45882 1.0641e-01     13.743 0.0000e+00
        374  43.449505    0.02590     1.5542     93.250  1025.1566  51327.949    31.5355     13.837    7.53654     3.3439     3.3444    25.0911   13.45878 1.2765e-01     13.969 0.0000e+00
        375  43.449508    0.02597     1.5583     93.500  1025.1578  51328.374    31.5357     14.048    7.53651     3.3440     3.3446    25.0913   13.45872 1.6498e-01     14.182 0.0000e+00
        376  43.449511    0.02604     1.5625     93.750  1025.1589  51328.791    31.5359     14.250    7.53647     3.3443     3.3447    25.0914   13.45866 1.9391e-01     14.385 0.0000e+00
        377  43.449514    0.02611     1.5667     94.000  1025.1599  51329.094    31.5360     14.446    7.53643     3.3445     3.3449    25.0915   13.45858 1.8177e-01     14.583 0.0000e+00
        378  43.449517    0.02618     1.5708     94.250  1025.1609  51329.258    31.5361     14.644    7.53638     3.3447     3.3451    25.0916   13.45851 1.4973e-01     14.783 0.0000e+00
        379  43.449520    0.02625     1.5750     94.500  1025.1619  51329.341    31.5361     14.850    7.53634     3.3449     3.3454    25.0916   13.45844 1.2358e-01     14.990 0.0000e+00
        380  43.449523    0.02632     1.5792     94.750  1025.1629  51329.414    31.5361     15.068    7.53630     3.3450     3.3456    25.0915   13.45837 1.0406e-01     15.211 0.0000e+00
        381  43.449525    0.02639     1.5833     95.000  1025.1640  51329.464    31.5360     15.300    7.53627     3.3451     3.3458    25.0915   13.45832 9.0415e-02     15.445 0.0000e+00
        382  43.449528    0.02646     1.5875     95.250  1025.1651  51329.495    31.5360     15.545    7.53624     3.3452     3.3459    25.0914   13.45828 8.0683e-02     15.693 0.0000e+00
        383  43.449531    0.02653     1.5917     95.500  1025.1663  51329.751    31.5361     15.798    7.53622     3.3453     3.3460    25.0914   13.45825 7.3698e-02     15.948 0.0000e+00
        384  43.449534    0.02660     1.5958     95.750  1025.1677  51330.383    31.5364     16.050    7.53618     3.3456     3.3461    25.0917   13.45818 6.8578e-02     16.203 0.0000e+00
        385  43.449537    0.02667     1.6000     96.000  1025.1692  51331.014    31.5367     16.296    7.53613     3.3459     3.3463    25.0920   13.45809 6.4691e-02     16.451 0.0000e+00
        386  43.449540    0.02674     1.6042     96.250  1025.1704  51331.364    31.5369     16.531    7.53607     3.3463     3.3466    25.0921   13.45798 6.1656e-02     16.688 0.0000e+00
        387  43.449543    0.02681     1.6083     96.500  1025.1715  51331.548    31.5370     16.753    7.53600     3.3466     3.3469    25.0921   13.45787 5.9214e-02     16.913 0.0000e+00
        388  43.449546    0.02688     1.6125     96.750  1025.1726  51331.743    31.5371     16.964    7.53593     3.3470     3.3473    25.0922   13.45775 5.7209e-02     17.125 0.0000e+00
        389  43.449549    0.02694     1.6167     97.000  1025.1737  51332.066    31.5373     17.166    7.53585     3.3474     3.3476    25.0923   13.45762 5.5537e-02     17.329 0.0000e+00
        390  43.449552    0.02701     1.6208     97.250  1025.1748  51332.479    31.5376     17.361    7.53577     3.3478     3.3480    25.0925   13.45747 5.4122e-02     17.525 0.0000e+00
        391  43.449554    0.02708     1.6250     97.500  1025.1758  51332.856    31.5379     17.543    7.53568     3.3481     3.3484    25.0927   13.45733 5.2919e-02     17.710 0.0000e+00
        392  43.449557    0.02715     1.6292     97.750  1025.1768  51333.138    31.5381     17.721    7.53560     3.3485     3.3488    25.0928   13.45719 5.1849e-02     17.889 0.0000e+00
        393  43.449560    0.02722     1.6333     98.000  1025.1777  51333.346    31.5382     17.903    7.53552     3.3488     3.3492    25.0929   13.45706 5.0839e-02     18.073 0.0000e+00
        394  43.449563    0.02729     1.6375     98.250  1025.1787  51333.508    31.5383     18.096    7.53544     3.3492     3.3495    25.0929   13.45693 4.9858e-02     18.268 0.0000e+00
        395  43.449566    0.02736     1.6417     98.500  1025.1797  51333.738    31.5385     18.299    7.53537     3.3496     3.3499    25.0930   13.45681 4.8903e-02     18.473 0.0000e+00
        396  43.449569    0.02743     1.6458     98.750  1025.1810  51334.297    31.5388     18.511    7.53529     3.3501     3.3502    25.0933   13.45667 4.7968e-02     18.686 0.0000e+00
        397  43.449572    0.02750     1.6500     99.000  1025.1825  51335.257    31.5395     18.726    7.53518     3.3507     3.3507    25.0937   13.45648 4.7067e-02     18.903 0.0000e+00
        398  43.449575    0.02757     1.6542     99.250  1025.1841  51336.333    31.5402     18.937    7.53504     3.3516     3.3512    25.0943   13.45624 4.6257e-02     19.116 0.0000e+00
        399  43.449578    0.02764     1.6583     99.500  1025.1856  51337.383    31.5410     19.137    7.53487     3.3526     3.3519    25.0948   13.45595 4.5510e-02     19.319 0.0000e+00
        400  43.449580    0.02771     1.6625     99.750  1025.1871  51338.571    31.5419     19.323    7.53466     3.3539     3.3528    25.0955   13.45560 4.4754e-02     19.507 0.0000e+00
        401  43.449583    0.02778     1.6667    100.000  1025.1885  51339.567    31.5428     19.492    7.53442     3.3551     3.3538    25.0961   13.45519 4.4043e-02     19.677 0.0000e+00
        402  43.449586    0.02785     1.6708    100.250  1025.1894  51339.705    31.5431     19.645    7.53418     3.3561     3.3550    25.0963   13.45479 4.3443e-02     19.831 0.0000e+00
        403  43.449589    0.02792     1.6750    100.500  1025.1898  51339.169    31.5430     19.787    7.53396     3.3569     3.3562    25.0961   13.45443 4.2907e-02     19.974 0.0000e+00
        404  43.449592    0.02799     1.6792    100.750  1025.1902  51338.566    31.5428     19.924    7.53378     3.3575     3.3572    25.0958   13.45414 4.2401e-02     20.113 0.0000e+00
        405  43.449595    0.02806     1.6833    101.000  1025.1906  51338.049    31.5425     20.064    7.53364     3.3579     3.3580    25.0956   13.45391 4.1932e-02     20.254 0.0000e+00
        406  43.449598    0.02813     1.6875    101.250  1025.1911  51337.632    31.5423     20.215    7.53354     3.3582     3.3586    25.0953   13.45375 4.1483e-02     20.406 0.0000e+00
        407  43.449601    0.02819     1.6917    101.500  1025.1917  51337.385    31.5422     20.379    7.53347     3.3585     3.3591    25.0952   13.45363 4.1022e-02     20.572 0.0000e+00
        408  43.449604    0.02826     1.6958    101.750  1025.1925  51337.296    31.5421     20.560    7.53342     3.3587     3.3594    25.0951   13.45354 4.0536e-02     20.754 0.0000e+00
        409  43.449606    0.02833     1.7000    102.000  1025.1934  51337.327    31.5421     20.754    7.53337     3.3588     3.3597    25.0951   13.45346 4.0037e-02     20.950 0.0000e+00
        410  43.449609    0.02840     1.7042    102.250  1025.1944  51337.500    31.5422     20.958    7.53333     3.3591     3.3599    25.0951   13.45339 3.9546e-02     21.156 0.0000e+00
        411  43.449612    0.02847     1.7083    102.500  1025.1956  51337.994    31.5424     21.166    7.53328     3.3594     3.3601    25.0953   13.45330 3.9094e-02     21.366 0.0000e+00
        412  43.449615    0.02854     1.7125    102.750  1025.1969  51338.761    31.5429     21.371    7.53321     3.3599     3.3603    25.0957   13.45318 3.8712e-02     21.573 0.0000e+00
        413  43.449618    0.02861     1.7167    103.000  1025.1981  51339.334    31.5433     21.568    7.53312     3.3603     3.3607    25.0960   13.45303 3.8419e-02     21.773 0.0000e+00
        414  43.449621    0.02868     1.7208    103.250  1025.1991  51339.489    31.5434     21.755    7.53303     3.3607     3.3611    25.0960   13.45288 3.8220e-02     21.961 0.0000e+00
        415  43.449624    0.02875     1.7250    103.500  1025.1998  51339.366    31.5433     21.929    7.53294     3.3610     3.3616    25.0959   13.45274 3.8097e-02     22.137 0.0000e+00
        416  43.449627    0.02882     1.7292    103.750  1025.2005  51339.135    31.5432     22.091    7.53288     3.3612     3.3620    25.0958   13.45263 3.8023e-02     22.300 0.0000e+00
        417  43.449630    0.02889     1.7333    104.000  1025.2010  51338.927    31.5431     22.242    7.53283     3.3613     3.3623    25.0957   13.45255 3.7979e-02     22.453 0.0000e+00
        418  43.449633    0.02896     1.7375    104.250  1025.2016  51338.818    31.5430     22.386    7.53280     3.3614     3.3625    25.0956   13.45250 3.7952e-02     22.598 0.0000e+00
        419  43.449635    0.02903     1.7417    104.500  1025.2022  51338.831    31.5430     22.528    7.53277     3.3616     3.3627    25.0955   13.45246 3.7936e-02     22.742 0.0000e+00
        420  43.449638    0.02910     1.7458    104.750  1025.2029  51338.921    31.5430     22.675    7.53274     3.3617     3.3628    25.0955   13.45241 3.7926e-02     22.890 0.0000e+00
        421  43.449641    0.02917     1.7500    105.000  1025.2036  51338.935    31.5430     22.830    7.53272     3.3617     3.3629    25.0955   13.45238 3.7920e-02     23.047 0.0000e+00
        422  43.449644    0.02924     1.7542    105.250  1025.2043  51338.846    31.5428     22.998    7.53270     3.3617     3.3630    25.0954   13.45235 3.7917e-02     23.217 0.0000e+00
        423  43.449647    0.02931     1.7583    105.500  1025.2051  51338.874    31.5428     23.180    7.53270     3.3617     3.3631    25.0953   13.45235 3.7915e-02     23.401 0.0000e+00
        424  43.449650    0.02937     1.7625    105.750  1025.2061  51339.120    31.5428     23.374    7.53270     3.3617     3.3631    25.0954   13.45235 3.7914e-02     23.596 0.0000e+00
        425  43.449653    0.02944     1.7667    106.000  1025.2072  51339.548    31.5430     23.575    7.53269     3.3619     3.3631    25.0955   13.45233 3.7913e-02     23.799 0.0000e+00
