CTD-processing/allCTD/CNV--homogene/2013_07-19_t3_s16_cast039.cnv
* Sea-Bird SBE19plus Data File:
* FileName = C:\Documents and Settings\kris.holderied.local\My Documents\2012-2013-CTD-DATA-new-files\2013-07-CookInlet-EVOSTC-LTM\2013-07-19-CookInlet-Tran3-AnchorPt\2013-07-19-CookInlet-Tran3-AnchorPt-cast039.hex
* Software Version 1.54
* Temperature SN =  5028
* Conductivity SN =  5028
* System UpLoad Time = Jul 19 2013 17:48:56
** Cook Inlet LTM Ocean - Tran3 - Anchor Pt Line
** Date: 2013-07-19
** Station: 3-16
** Start time (AKDT-24 hr): 15:27
** Depth (m): 11
** Comment:
** Comment:
# nquan = 17
# nvalues = 482                         
# units = specified
# name 0 = scan: Scan Count
# name 1 = timeJ: Julian Days
# name 2 = timeH: Time, Elapsed [hours]
# name 3 = timeM: Time, Elapsed [minutes]
# name 4 = timeS: Time, Elapsed [seconds]
# name 5 = density00: Density [density, kg/m^3]
# name 6 = specc: Specific Conductance [uS/cm]
# name 7 = sal00: Salinity, Practical [PSU]
# name 8 = depSM: Depth [salt water, m], lat = 59.00
# name 9 = oxsolML/L: Oxygen Saturation, Garcia & Gordon [ml/l]
# name 10 = potemp090C: Potential Temperature [ITS-90, deg C]
# name 11 = tv290C: Temperature [ITS-90, deg C]
# name 12 = sigma-é00: Density [sigma-theta, kg/m^3]
# name 13 = n2satML/L: Nitrogen Saturation [ml/l]
# name 14 = par: PAR/Irradiance, Biospherical/Licor
# name 15 = prdM: Pressure, Strain Gauge [db]
# name 16 = flag:  0.000e+00
# span 0 =          1,        482       
# span 1 = 200.644525, 200.645917       
# span 2 =    0.00000,    0.03340       
# span 3 =     0.0000,     2.0042       
# span 4 =      0.000,    120.250       
# span 5 =   999.8050,  1024.4781       
# span 6 =    613.331,  49812.733       
# span 7 =     0.2949,    31.6511       
# span 8 =      0.024,     11.937       
# span 9 =    6.24528,    7.64846       
# span 10 =     9.4710,    11.8955      
# span 11 =     9.4723,    11.8957      
# span 12 =    -0.1952,    24.4234      
# span 13 =   11.33743,   14.07979      
# span 14 = 3.6953e+01, 1.4130e+03      
# span 15 =      0.024,     12.050      
# span 16 = 0.0000e+00, 0.0000e+00      
# interval = seconds: 0.25
# start_time = Jul 19 2013 15:28:07 [Instrument's time stamp, header]
# bad_flag = -9.990e-29
*END*
          1 200.644525    0.00000     0.0000      0.000   999.8263    661.172     0.3181      0.044    7.64846    11.2988    11.2958    -0.1739   14.07979 3.6201e+02      0.044 0.0000e+00
          2 200.644528    0.00007     0.0042      0.250   999.8282    666.340     0.3207      0.046    7.64812    11.3012    11.2970    -0.1720   14.07918 3.1947e+02      0.047 0.0000e+00
          3 200.644531    0.00014     0.0083      0.500   999.8273    664.242     0.3197      0.049    7.64786    11.3045    11.2988    -0.1730   14.07876 2.8309e+02      0.050 0.0000e+00
          4 200.644534    0.00021     0.0125      0.750   999.8229    653.639     0.3145      0.051    7.64769    11.3092    11.3012    -0.1774   14.07854 2.5901e+02      0.052 0.0000e+00
          5 200.644537    0.00028     0.0167      1.000   999.8170    639.359     0.3074      0.053    7.64744    11.3159    11.3045    -0.1833   14.07822 2.4338e+02      0.054 0.0000e+00
          6 200.644540    0.00035     0.0208      1.250   999.8113    625.872     0.3008      0.053    7.64693    11.3247    11.3092    -0.1890   14.07747 2.3339e+02      0.054 0.0000e+00
          7 200.644543    0.00042     0.0250      1.500   999.8070    616.308     0.2962      0.053    7.64599    11.3350    11.3159    -0.1933   14.07594 2.2673e+02      0.054 0.0000e+00
          8 200.644546    0.00049     0.0292      1.750   999.8050    613.331     0.2949      0.052    7.64451    11.3457    11.3247    -0.1952   14.07346 2.2298e+02      0.053 0.0000e+00
          9 200.644549    0.00056     0.0333      2.000   999.8067    619.909     0.2984      0.051    7.64253    11.3561    11.3350    -0.1936   14.07006 2.2467e+02      0.052 0.0000e+00
         10 200.644552    0.00063     0.0375      2.250   999.8141    641.046     0.3093      0.050    7.64012    11.3657    11.3457    -0.1862   14.06582 2.3380e+02      0.051 0.0000e+00
         11 200.644554    0.00069     0.0417      2.500   999.8308    685.585     0.3322      0.048    7.63720    11.3740    11.3561    -0.1694   14.06054 2.5025e+02      0.049 0.0000e+00
         12 200.644557    0.00076     0.0458      2.750   999.8616    765.244     0.3729      0.045    7.63356    11.3808    11.3657    -0.1386   14.05379 2.7676e+02      0.046 0.0000e+00
         13 200.644560    0.00083     0.0500      3.000   999.9095    887.155     0.4353      0.042    7.62909    11.3858    11.3740    -0.0907   14.04534 3.2270e+02      0.042 0.0000e+00
         14 200.644563    0.00090     0.0542      3.250   999.9758   1053.541     0.5211      0.038    7.62379    11.3895    11.3808    -0.0243   14.03514 4.0189e+02      0.038 0.0000e+00
         15 200.644566    0.00097     0.0583      3.500  1000.0625   1268.215     0.6327      0.034    7.61756    11.3923    11.3858     0.0623   14.02299 5.3275e+02      0.034 0.0000e+00
         16 200.644569    0.00104     0.0625      3.750  1000.1760   1546.544     0.7787      0.031    7.60992    11.3944    11.3895     0.1759   14.00797 7.4445e+02      0.031 0.0000e+00
         17 200.644572    0.00111     0.0667      4.000  1000.3329   1927.777     0.9801      0.029    7.59979    11.3962    11.3923     0.3328   13.98796 1.0019e+03      0.029 0.0000e+00
         18 200.644575    0.00118     0.0708      4.250  1000.5213   2382.796     1.2219      0.028    7.58785    11.3979    11.3944     0.5212   13.96431 1.1948e+03      0.028 0.0000e+00
         19 200.644578    0.00125     0.0750      4.500  1000.6820   2769.133     1.4282      0.027    7.57769    11.3996    11.3962     0.6819   13.94417 1.2980e+03      0.027 0.0000e+00
         20 200.644580    0.00132     0.0792      4.750  1000.7727   2986.357     1.5447      0.025    7.57185    11.4017    11.3979     0.7726   13.93263 1.3609e+03      0.025 0.0000e+00
         21 200.644583    0.00139     0.0833      5.000  1000.8024   3056.887     1.5831      0.024    7.56974    11.4041    11.3996     0.8023   13.92853 1.4007e+03      0.024 0.0000e+00
         22 200.644586    0.00146     0.0875      5.250  1000.7934   3032.809     1.5718      0.024    7.56999    11.4071    11.4017     0.7933   13.92913 1.4130e+03      0.024 0.0000e+00
         23 200.644589    0.00153     0.0917      5.500  1000.7529   2930.445     1.5204      0.024    7.57212    11.4107    11.4041     0.7528   13.93353 1.3871e+03      0.024 0.0000e+00
         24 200.644592    0.00160     0.0958      5.750  1000.6991   2790.662     1.4521      0.025    7.57504    11.4149    11.4071     0.6990   13.93952 1.3166e+03      0.025 0.0000e+00
         25 200.644595    0.00167     0.1000      6.000  1000.6727   2706.847     1.4194      0.026    7.57626    11.4195    11.4107     0.6726   13.94220 1.2550e+03      0.026 0.0000e+00
         26 200.644598    0.00174     0.1042      6.250  1000.7126   2766.233     1.4721      0.028    7.57350    11.4244    11.4149     0.7125   13.93700 1.2560e+03      0.029 0.0000e+00
         27 200.644601    0.00181     0.1083      6.500  1000.8435   3017.844     1.6422      0.033    7.56540    11.4302    11.4195     0.8434   13.92127 1.2620e+03      0.033 0.0000e+00
         28 200.644604    0.00187     0.1125      6.750  1001.0990   3525.535     1.9733      0.041    7.55010    11.4379    11.4244     1.0989   13.89130 1.2617e+03      0.041 0.0000e+00
         29 200.644606    0.00194     0.1167      7.000  1001.5604   4456.272     2.5702      0.053    7.52284    11.4492    11.4302     1.5602   13.83774 1.3026e+03      0.053 0.0000e+00
         30 200.644609    0.00201     0.1208      7.250  1002.3738   6114.533     3.6218      0.073    7.47503    11.4666    11.4379     2.3735   13.74365 1.3467e+03      0.073 0.0000e+00
         31 200.644612    0.00208     0.1250      7.500  1003.7753   8989.198     5.4329      0.105    7.39284    11.4942    11.4492     3.7748   13.58174 1.3568e+03      0.106 0.0000e+00
         32 200.644615    0.00215     0.1292      7.750  1006.1510  13877.422     8.5024      0.158    7.25365    11.5344    11.4666     6.1503   13.30743 1.3312e+03      0.159 0.0000e+00
         33 200.644618    0.00222     0.1333      8.000  1009.7161  21157.942    13.1097      0.239    7.04564    11.5819    11.4942     9.7150   12.89778 1.2719e+03      0.241 0.0000e+00
         34 200.644621    0.00229     0.1375      8.250  1013.7625  29300.405    18.3419      0.344    6.81071    11.6267    11.5344    13.7609   12.43600 1.1763e+03      0.347 0.0000e+00
         35 200.644624    0.00236     0.1417      8.500  1017.1041  35937.632    22.6660      0.461    6.61669    11.6627    11.5819    17.1020   12.05566 1.0164e+03      0.465 0.0000e+00
         36 200.644627    0.00243     0.1458      8.750  1019.3483  40363.562    25.5724      0.580    6.48550    11.6888    11.6267    19.3457   11.79917 8.1230e+02      0.585 0.0000e+00
         37 200.644630    0.00250     0.1500      9.000  1020.7724  43162.116    27.4180      0.695    6.40151    11.7066    11.6627    20.7693   11.63534 6.5343e+02      0.702 0.0000e+00
         38 200.644633    0.00257     0.1542      9.250  1021.6556  44894.232    28.5632      0.798    6.34900    11.7180    11.6889    21.6520   11.53308 5.7854e+02      0.806 0.0000e+00
         39 200.644635    0.00264     0.1583      9.500  1022.1913  45944.358    29.2583      0.875    6.31691    11.7250    11.7066    22.1873   11.47066 5.7076e+02      0.884 0.0000e+00
         40 200.644638    0.00271     0.1625      9.750  1022.5133  46575.603    29.6762      0.921    6.29752    11.7293    11.7180    22.5091   11.43298 6.0216e+02      0.930 0.0000e+00
         41 200.644641    0.00278     0.1667     10.000  1022.7057  46952.995    29.9260      0.939    6.28589    11.7319    11.7251    22.7014   11.41039 6.3367e+02      0.948 0.0000e+00
         42 200.644644    0.00285     0.1708     10.250  1022.8203  47177.957    30.0749      0.935    6.27895    11.7334    11.7294    22.8160   11.39691 6.5466e+02      0.944 0.0000e+00
         43 200.644647    0.00292     0.1750     10.500  1022.8888  47312.731    30.1641      0.916    6.27479    11.7346    11.7320    22.8846   11.38883 6.7145e+02      0.924 0.0000e+00
         44 200.644650    0.00299     0.1792     10.750  1022.9298  47393.489    30.2175      0.884    6.27229    11.7357    11.7335    22.9258   11.38398 6.8163e+02      0.892 0.0000e+00
         45 200.644653    0.00306     0.1833     11.000  1022.9541  47441.609    30.2493      0.845    6.27078    11.7371    11.7347    22.9502   11.38104 6.8902e+02      0.853 0.0000e+00
         46 200.644656    0.00313     0.1875     11.250  1022.9683  47470.141    30.2683      0.804    6.26981    11.7386    11.7358    22.9647   11.37919 7.0925e+02      0.811 0.0000e+00
         47 200.644659    0.00319     0.1917     11.500  1022.9769  47487.505    30.2799      0.766    6.26914    11.7401    11.7372    22.9734   11.37792 7.4756e+02      0.773 0.0000e+00
         48 200.644661    0.00326     0.1958     11.750  1022.9827  47499.210    30.2878      0.733    6.26860    11.7415    11.7387    22.9793   11.37692 7.8932e+02      0.739 0.0000e+00
         49 200.644664    0.00333     0.2000     12.000  1022.9868  47507.677    30.2937      0.705    6.26816    11.7429    11.7402    22.9836   11.37610 8.1903e+02      0.711 0.0000e+00
         50 200.644667    0.00340     0.2042     12.250  1022.9893  47512.962    30.2974      0.681    6.26781    11.7445    11.7416    22.9862   11.37549 8.3171e+02      0.687 0.0000e+00
         51 200.644670    0.00347     0.2083     12.500  1022.9896  47514.034    30.2982      0.662    6.26759    11.7466    11.7430    22.9866   11.37511 8.2141e+02      0.668 0.0000e+00
         52 200.644673    0.00354     0.2125     12.750  1022.9885  47512.437    30.2971      0.651    6.26742    11.7492    11.7446    22.9855   11.37483 7.8521e+02      0.656 0.0000e+00
         53 200.644676    0.00361     0.2167     13.000  1022.9878  47511.668    30.2968      0.653    6.26715    11.7521    11.7467    22.9848   11.37439 7.2591e+02      0.658 0.0000e+00
         54 200.644679    0.00368     0.2208     13.250  1022.9879  47512.295    30.2974      0.673    6.26677    11.7549    11.7493    22.9849   11.37376 6.4284e+02      0.678 0.0000e+00
         55 200.644682    0.00375     0.2250     13.500  1022.9882  47513.157    30.2983      0.705    6.26635    11.7573    11.7522    22.9851   11.37305 5.6887e+02      0.711 0.0000e+00
         56 200.644685    0.00382     0.2292     13.750  1022.9887  47514.250    30.2993      0.738    6.26594    11.7592    11.7550    22.9854   11.37235 5.4495e+02      0.744 0.0000e+00
         57 200.644688    0.00389     0.2333     14.000  1022.9892  47515.421    30.3004      0.765    6.26558    11.7605    11.7574    22.9857   11.37174 5.6696e+02      0.772 0.0000e+00
         58 200.644690    0.00396     0.2375     14.250  1022.9887  47514.703    30.3000      0.784    6.26534    11.7611    11.7593    22.9851   11.37134 5.8821e+02      0.791 0.0000e+00
         59 200.644693    0.00403     0.2417     14.500  1022.9864  47510.663    30.2973      0.790    6.26528    11.7609    11.7606    22.9828   11.37128 5.7532e+02      0.797 0.0000e+00
         60 200.644696    0.00410     0.2458     14.750  1022.9832  47505.083    30.2934      0.781    6.26535    11.7600    11.7612    22.9797   11.37145 5.6089e+02      0.788 0.0000e+00
         61 200.644699    0.00417     0.2500     15.000  1022.9808  47500.740    30.2903      0.756    6.26550    11.7586    11.7610    22.9773   11.37172 5.6893e+02      0.763 0.0000e+00
         62 200.644702    0.00424     0.2542     15.250  1022.9794  47498.317    30.2886      0.716    6.26568    11.7568    11.7601    22.9761   11.37205 5.9508e+02      0.723 0.0000e+00
         63 200.644705    0.00431     0.2583     15.500  1022.9792  47498.202    30.2884      0.667    6.26587    11.7545    11.7587    22.9762   11.37237 6.3451e+02      0.673 0.0000e+00
         64 200.644708    0.00438     0.2625     15.750  1022.9805  47500.534    30.2899      0.618    6.26606    11.7517    11.7569    22.9776   11.37266 6.7395e+02      0.624 0.0000e+00
         65 200.644711    0.00444     0.2667     16.000  1022.9826  47504.311    30.2923      0.579    6.26627    11.7487    11.7546    22.9800   11.37299 7.0494e+02      0.584 0.0000e+00
         66 200.644714    0.00451     0.2708     16.250  1022.9859  47509.868    30.2960      0.558    6.26651    11.7463    11.7517    22.9833   11.37333 7.1022e+02      0.563 0.0000e+00
         67 200.644716    0.00458     0.2750     16.500  1022.9908  47518.294    30.3017      0.559    6.26668    11.7453    11.7487    22.9882   11.37356 6.7885e+02      0.564 0.0000e+00
         68 200.644719    0.00465     0.2792     16.750  1022.9966  47528.321    30.3085      0.575    6.26673    11.7464    11.7463    22.9940   11.37356 6.3283e+02      0.581 0.0000e+00
         69 200.644722    0.00472     0.2833     17.000  1023.0010  47535.905    30.3138      0.596    6.26665    11.7491    11.7454    22.9982   11.37336 6.0318e+02      0.602 0.0000e+00
         70 200.644725    0.00479     0.2875     17.250  1023.0021  47538.102    30.3154      0.615    6.26644    11.7518    11.7465    22.9993   11.37299 5.9120e+02      0.620 0.0000e+00
         71 200.644728    0.00486     0.2917     17.500  1023.0002  47534.995    30.3135      0.628    6.26616    11.7527    11.7492    22.9973   11.37255 5.8582e+02      0.634 0.0000e+00
         72 200.644731    0.00493     0.2958     17.750  1022.9963  47528.314    30.3091      0.636    6.26597    11.7505    11.7519    22.9934   11.37229 5.8373e+02      0.641 0.0000e+00
         73 200.644734    0.00500     0.3000     18.000  1022.9926  47521.629    30.3044      0.640    6.26604    11.7453    11.7528    22.9896   11.37245 5.8885e+02      0.645 0.0000e+00
         74 200.644737    0.00507     0.3042     18.250  1022.9915  47519.216    30.3025      0.647    6.26641    11.7387    11.7506    22.9885   11.37308 6.0275e+02      0.653 0.0000e+00
         75 200.644740    0.00514     0.3083     18.500  1022.9944  47523.464    30.3049      0.664    6.26700    11.7326    11.7454    22.9914   11.37404 5.9687e+02      0.670 0.0000e+00
         76 200.644742    0.00521     0.3125     18.750  1023.0010  47534.063    30.3118      0.687    6.26762    11.7287    11.7388    22.9979   11.37499 5.6372e+02      0.694 0.0000e+00
         77 200.644745    0.00528     0.3167     19.000  1023.0092  47547.603    30.3207      0.714    6.26806    11.7276    11.7327    23.0059   11.37562 5.3854e+02      0.720 0.0000e+00
         78 200.644748    0.00535     0.3208     19.250  1023.0157  47558.605    30.3281      0.739    6.26829    11.7289    11.7288    23.0123   11.37591 5.3211e+02      0.746 0.0000e+00
         79 200.644751    0.00542     0.3250     19.500  1023.0183  47563.040    30.3312      0.761    6.26832    11.7312    11.7277    23.0149   11.37593 5.3155e+02      0.768 0.0000e+00
         80 200.644754    0.00549     0.3292     19.750  1023.0168  47560.439    30.3294      0.777    6.26822    11.7332    11.7290    23.0133   11.37578 5.3689e+02      0.785 0.0000e+00
         81 200.644757    0.00556     0.3333     20.000  1023.0129  47553.521    30.3248      0.788    6.26809    11.7341    11.7313    23.0093   11.37562 5.5020e+02      0.796 0.0000e+00
         82 200.644760    0.00562     0.3375     20.250  1023.0088  47546.334    30.3199      0.792    6.26802    11.7341    11.7333    23.0051   11.37556 5.7479e+02      0.800 0.0000e+00
         83 200.644763    0.00569     0.3417     20.500  1023.0060  47541.513    30.3165      0.788    6.26803    11.7334    11.7342    23.0024   11.37562 6.1020e+02      0.795 0.0000e+00
         84 200.644766    0.00576     0.3458     20.750  1023.0047  47539.259    30.3149      0.772    6.26810    11.7327    11.7341    23.0012   11.37576 6.4334e+02      0.780 0.0000e+00
         85 200.644769    0.00583     0.3500     21.000  1023.0042  47538.416    30.3143      0.747    6.26821    11.7321    11.7335    23.0008   11.37595 6.6804e+02      0.754 0.0000e+00
