CTD-processing/allCTD/CNV--homogene/2013_07-09_t9andtutka_tutkab_cast217.cnv
* Sea-Bird SBE19plus Data File:
* FileName = C:\Documents and Settings\kbayadmin\My Documents\CTD data\2013-07-09 Kachemak Bay Homer Spit Line and Tutka Bay\2013-07-09 Kachemak Bay Homer Spit Line and Tutka Bay cast217.hex
* Software Version 1.59
* Temperature SN =  5028
* Conductivity SN =  5028
* System UpLoad Time = Jul 10 2013 11:06:35
** Kachemak Bay Homer Spit Line and Tutka Bay
** 2013-07-05
** Station: Tutka B
** N': 59 27.374
** W': -151 25.155
** Start Time: 1542
** Depth(ft): 520
# nquan = 17
# nvalues = 1017                        
# units = specified
# name 0 = scan: Scan Count
# name 1 = timeJ: Julian Days
# name 2 = timeH: Time, Elapsed [hours]
# name 3 = timeM: Time, Elapsed [minutes]
# name 4 = timeS: Time, Elapsed [seconds]
# name 5 = density00: Density [density, kg/m^3]
# name 6 = specc: Specific Conductance [uS/cm]
# name 7 = sal00: Salinity, Practical [PSU]
# name 8 = depSM: Depth [salt water, m], lat = 59.00
# name 9 = oxsolML/L: Oxygen Saturation, Garcia & Gordon [ml/l]
# name 10 = potemp090C: Potential Temperature [ITS-90, deg C]
# name 11 = tv290C: Temperature [ITS-90, deg C]
# name 12 = sigma-é00: Density [sigma-theta, kg/m^3]
# name 13 = n2satML/L: Nitrogen Saturation [ml/l]
# name 14 = par: PAR/Irradiance, Biospherical/Licor
# name 15 = prdM: Pressure, Strain Gauge [db]
# name 16 = flag:  0.000e+00
# span 0 =          1,       1017       
# span 1 = 190.650463, 190.653403       
# span 2 =    0.00000,    0.07056       
# span 3 =     0.0000,     4.2333       
# span 4 =      0.000,    254.000       
# span 5 =   998.9981,  1025.5984       
# span 6 =      1.233,  50745.672       
# span 7 =     0.0081,    31.6559       
# span 8 =     -0.031,    145.528       
# span 9 =    6.49442,    7.07501       
# span 10 =     5.9211,    15.7040      
# span 11 =     5.9328,    15.7040      
# span 12 =    -1.0018,    24.9201      
# span 13 =   11.76012,   12.90673      
# span 14 = 8.4518e-02, 2.0662e+03      
# span 15 =     -0.031,    146.953      
# span 16 = 0.0000e+00, 0.0000e+00      
# interval = seconds: 0.25
# start_time = Jul 09 2013 15:36:40 [Instrument's time stamp, header]
# bad_flag = -9.990e-29
*END*
[from data line 681]
        682 190.652433    0.04729     2.8375    170.250  1025.1978  50597.372    31.6481     68.848    7.02520     6.2317     6.2358    24.8770   12.61303 9.1164e-02     69.510 0.0000e+00
        683 190.652436    0.04736     2.8417    170.500  1025.1982  50596.215    31.6474     69.081    7.02508     6.2320     6.2368    24.8763   12.61283 9.1085e-02     69.745 0.0000e+00
        684 190.652439    0.04743     2.8458    170.750  1025.1988  50595.481    31.6469     69.312    7.02500     6.2323     6.2374    24.8759   12.61271 9.1009e-02     69.978 0.0000e+00
        685 190.652442    0.04750     2.8500    171.000  1025.1998  50595.464    31.6468     69.542    7.02494     6.2328     6.2378    24.8758   12.61261 9.0936e-02     70.210 0.0000e+00
        686 190.652445    0.04757     2.8542    171.250  1025.2010  50595.960    31.6471     69.769    7.02488     6.2333     6.2381    24.8760   12.61250 9.0869e-02     70.439 0.0000e+00
        687 190.652448    0.04764     2.8583    171.500  1025.2023  50596.469    31.6475     69.994    7.02479     6.2339     6.2385    24.8762   12.61235 9.0809e-02     70.666 0.0000e+00
        688 190.652451    0.04771     2.8625    171.750  1025.2033  50596.513    31.6475     70.216    7.02469     6.2344     6.2391    24.8761   12.61219 9.0743e-02     70.890 0.0000e+00
        689 190.652454    0.04778     2.8667    172.000  1025.2040  50596.066    31.6472     70.437    7.02460     6.2346     6.2398    24.8758   12.61204 9.0670e-02     71.114 0.0000e+00
        690 190.652457    0.04785     2.8708    172.250  1025.2044  50595.062    31.6465     70.658    7.02455     6.2342     6.2403    24.8752   12.61197 9.0595e-02     71.337 0.0000e+00
        691 190.652459    0.04792     2.8750    172.500  1025.2045  50593.550    31.6454     70.879    7.02457     6.2330     6.2405    24.8743   12.61202 9.0522e-02     71.560 0.0000e+00
        692 190.652462    0.04799     2.8792    172.750  1025.2045  50591.725    31.6439     71.098    7.02470     6.2307     6.2401    24.8732   12.61225 9.0455e-02     71.781 0.0000e+00
        693 190.652465    0.04806     2.8833    173.000  1025.2042  50589.558    31.6421     71.315    7.02499     6.2275     6.2389    24.8719   12.61274 9.0391e-02     72.000 0.0000e+00
        694 190.652468    0.04813     2.8875    173.250  1025.2041  50587.813    31.6404     71.529    7.02543     6.2237     6.2367    24.8708   12.61350 9.0328e-02     72.216 0.0000e+00
        695 190.652471    0.04819     2.8917    173.500  1025.2051  50588.110    31.6398     71.742    7.02599     6.2202     6.2334    24.8708   12.61444 9.0266e-02     72.432 0.0000e+00
        696 190.652474    0.04826     2.8958    173.750  1025.2071  50590.231    31.6405     71.955    7.02658     6.2166     6.2296    24.8718   12.61540 9.0208e-02     72.647 0.0000e+00
        697 190.652477    0.04833     2.9000    174.000  1025.2085  50591.370    31.6405     72.167    7.02716     6.2123     6.2261    24.8722   12.61636 9.0164e-02     72.861 0.0000e+00
        698 190.652480    0.04840     2.9042    174.250  1025.2090  50590.715    31.6393     72.379    7.02781     6.2072     6.2225    24.8717   12.61745 9.0126e-02     73.074 0.0000e+00
        699 190.652483    0.04847     2.9083    174.500  1025.2095  50590.328    31.6381     72.588    7.02857     6.2012     6.2182    24.8713   12.61871 9.0083e-02     73.286 0.0000e+00
        700 190.652486    0.04854     2.9125    174.750  1025.2099  50589.757    31.6366     72.794    7.02947     6.1939     6.2132    24.8707   12.62022 9.0036e-02     73.494 0.0000e+00
        701 190.652488    0.04861     2.9167    175.000  1025.2096  50587.931    31.6341     72.996    7.03057     6.1852     6.2072    24.8695   12.62206 8.9988e-02     73.698 0.0000e+00
        702 190.652491    0.04868     2.9208    175.250  1025.2098  50586.961    31.6319     73.195    7.03187     6.1756     6.1999    24.8687   12.62425 8.9935e-02     73.899 0.0000e+00
        703 190.652494    0.04875     2.9250    175.500  1025.2110  50588.137    31.6310     73.394    7.03335     6.1657     6.1912    24.8690   12.62670 8.9875e-02     74.099 0.0000e+00
        704 190.652497    0.04882     2.9292    175.750  1025.2132  50591.059    31.6311     73.592    7.03492     6.1563     6.1816    24.8702   12.62930 8.9817e-02     74.299 0.0000e+00
        705 190.652500    0.04889     2.9333    176.000  1025.2165  50596.160    31.6326     73.792    7.03647     6.1483     6.1718    24.8726   12.63185 8.9771e-02     74.502 0.0000e+00
        706 190.652503    0.04896     2.9375    176.250  1025.2211  50603.406    31.6357     73.995    7.03788     6.1420     6.1624    24.8762   12.63413 8.9729e-02     74.706 0.0000e+00
        707 190.652506    0.04903     2.9417    176.500  1025.2260  50611.184    31.6394     74.199    7.03903     6.1375     6.1544    24.8802   12.63598 8.9686e-02     74.912 0.0000e+00
        708 190.652509    0.04910     2.9458    176.750  1025.2303  50617.775    31.6427     74.405    7.03991     6.1341     6.1481    24.8835   12.63739 8.9646e-02     75.120 0.0000e+00
        709 190.652512    0.04917     2.9500    177.000  1025.2336  50622.382    31.6449     74.613    7.04055     6.1314     6.1436    24.8858   12.63843 8.9615e-02     75.330 0.0000e+00
        710 190.652514    0.04924     2.9542    177.250  1025.2358  50625.022    31.6460     74.822    7.04105     6.1288     6.1402    24.8870   12.63924 8.9589e-02     75.542 0.0000e+00
        711 190.652517    0.04931     2.9583    177.500  1025.2374  50626.353    31.6463     75.033    7.04149     6.1262     6.1375    24.8876   12.63996 8.9561e-02     75.755 0.0000e+00
        712 190.652520    0.04938     2.9625    177.750  1025.2386  50627.097    31.6462     75.244    7.04191     6.1233     6.1349    24.8878   12.64066 8.9527e-02     75.968 0.0000e+00
        713 190.652523    0.04944     2.9667    178.000  1025.2395  50627.338    31.6457     75.453    7.04237     6.1200     6.1323    24.8878   12.64141 8.9491e-02     76.180 0.0000e+00
        714 190.652526    0.04951     2.9708    178.250  1025.2403  50627.197    31.6450     75.662    7.04288     6.1161     6.1295    24.8876   12.64226 8.9455e-02     76.390 0.0000e+00
        715 190.652529    0.04958     2.9750    178.500  1025.2407  50626.592    31.6439     75.869    7.04347     6.1113     6.1262    24.8871   12.64326 8.9423e-02     76.600 0.0000e+00
        716 190.652532    0.04965     2.9792    178.750  1025.2410  50625.609    31.6423     76.076    7.04419     6.1059     6.1223    24.8863   12.64447 8.9393e-02     76.808 0.0000e+00
        717 190.652535    0.04972     2.9833    179.000  1025.2418  50625.863    31.6415     76.281    7.04502     6.1004     6.1175    24.8862   12.64585 8.9355e-02     77.015 0.0000e+00
        718 190.652538    0.04979     2.9875    179.250  1025.2436  50627.841    31.6417     76.483    7.04590     6.0953     6.1121    24.8871   12.64730 8.9304e-02     77.220 0.0000e+00
        719 190.652541    0.04986     2.9917    179.500  1025.2460  50630.876    31.6426     76.683    7.04676     6.0910     6.1066    24.8885   12.64871 8.9245e-02     77.421 0.0000e+00
        720 190.652543    0.04993     2.9958    179.750  1025.2489  50634.993    31.6444     76.880    7.04751     6.0878     6.1016    24.8905   12.64993 8.9188e-02     77.620 0.0000e+00
        721 190.652546    0.05000     3.0000    180.000  1025.2521  50639.453    31.6466     77.075    7.04811     6.0857     6.0973    24.8927   12.65090 8.9131e-02     77.818 0.0000e+00
        722 190.652549    0.05007     3.0042    180.250  1025.2550  50643.422    31.6486     77.274    7.04855     6.0846     6.0941    24.8947   12.65159 8.9077e-02     78.018 0.0000e+00
        723 190.652552    0.05014     3.0083    180.500  1025.2576  50646.815    31.6504     77.476    7.04881     6.0843     6.0920    24.8964   12.65200 8.9035e-02     78.222 0.0000e+00
        724 190.652555    0.05021     3.0125    180.750  1025.2597  50649.112    31.6517     77.683    7.04893     6.0843     6.0909    24.8975   12.65219 8.9008e-02     78.431 0.0000e+00
        725 190.652558    0.05028     3.0167    181.000  1025.2612  50650.274    31.6524     77.892    7.04896     6.0846     6.0906    24.8981   12.65222 8.8977e-02     78.642 0.0000e+00
        726 190.652561    0.05035     3.0208    181.250  1025.2625  50650.930    31.6527     78.106    7.04892     6.0849     6.0907    24.8984   12.65216 8.8938e-02     78.858 0.0000e+00
        727 190.652564    0.05042     3.0250    181.500  1025.2633  50650.631    31.6525     78.321    7.04888     6.0849     6.0910    24.8982   12.65209 8.8904e-02     79.076 0.0000e+00
        728 190.652567    0.05049     3.0292    181.750  1025.2636  50649.431    31.6516     78.539    7.04887     6.0845     6.0913    24.8974   12.65209 8.8883e-02     79.296 0.0000e+00
        729 190.652569    0.05056     3.0333    182.000  1025.2641  50648.597    31.6509     78.760    7.04890     6.0840     6.0913    24.8969   12.65215 8.8863e-02     79.518 0.0000e+00
        730 190.652572    0.05063     3.0375    182.250  1025.2651  50648.582    31.6507     78.984    7.04897     6.0835     6.0909    24.8968   12.65227 8.8835e-02     79.745 0.0000e+00
        731 190.652575    0.05069     3.0417    182.500  1025.2663  50649.088    31.6509     79.215    7.04905     6.0831     6.0904    24.8970   12.65240 8.8809e-02     79.978 0.0000e+00
        732 190.652578    0.05076     3.0458    182.750  1025.2676  50649.580    31.6510     79.453    7.04913     6.0826     6.0900    24.8971   12.65252 8.8792e-02     80.218 0.0000e+00
        733 190.652581    0.05083     3.0500    183.000  1025.2685  50649.443    31.6507     79.698    7.04921     6.0817     6.0896    24.8969   12.65265 8.8779e-02     80.465 0.0000e+00
        734 190.652584    0.05090     3.0542    183.250  1025.2693  50648.836    31.6501     79.949    7.04932     6.0806     6.0891    24.8965   12.65284 8.8763e-02     80.719 0.0000e+00
        735 190.652587    0.05097     3.0583    183.500  1025.2702  50648.470    31.6495     80.203    7.04947     6.0793     6.0883    24.8962   12.65311 8.8744e-02     80.976 0.0000e+00
        736 190.652590    0.05104     3.0625    183.750  1025.2714  50648.778    31.6494     80.460    7.04966     6.0783     6.0872    24.8962   12.65342 8.8714e-02     81.235 0.0000e+00
        737 190.652593    0.05111     3.0667    184.000  1025.2730  50649.864    31.6498     80.718    7.04984     6.0776     6.0859    24.8967   12.65372 8.8671e-02     81.496 0.0000e+00
        738 190.652595    0.05118     3.0708    184.250  1025.2750  50651.401    31.6505     80.979    7.04999     6.0772     6.0849    24.8974   12.65395 8.8632e-02     81.759 0.0000e+00
        739 190.652598    0.05125     3.0750    184.500  1025.2767  50652.626    31.6511     81.243    7.05007     6.0768     6.0842    24.8980   12.65408 8.8606e-02     82.026 0.0000e+00
        740 190.652601    0.05132     3.0792    184.750  1025.2780  50652.930    31.6511     81.510    7.05013     6.0763     6.0838    24.8980   12.65418 8.8597e-02     82.296 0.0000e+00
        741 190.652604    0.05139     3.0833    185.000  1025.2791  50652.767    31.6508     81.777    7.05020     6.0759     6.0835    24.8978   12.65430 8.8593e-02     82.565 0.0000e+00
        742 190.652607    0.05146     3.0875    185.250  1025.2805  50653.267    31.6510     82.041    7.05028     6.0759     6.0830    24.8979   12.65442 8.8576e-02     82.832 0.0000e+00
        743 190.652610    0.05153     3.0917    185.500  1025.2825  50654.871    31.6519     82.301    7.05030     6.0766     6.0825    24.8987   12.65445 8.8550e-02     83.094 0.0000e+00
        744 190.652613    0.05160     3.0958    185.750  1025.2845  50656.653    31.6530     82.555    7.05024     6.0775     6.0826    24.8996   12.65434 8.8522e-02     83.351 0.0000e+00
        745 190.652616    0.05167     3.1000    186.000  1025.2859  50657.088    31.6533     82.804    7.05012     6.0781     6.0832    24.8998   12.65413 8.8495e-02     83.602 0.0000e+00
        746 190.652619    0.05174     3.1042    186.250  1025.2864  50655.974    31.6526     83.050    7.05001     6.0782     6.0841    24.8991   12.65395 8.8467e-02     83.850 0.0000e+00
        747 190.652622    0.05181     3.1083    186.500  1025.2868  50654.754    31.6517     83.293    7.04994     6.0784     6.0848    24.8984   12.65385 8.8445e-02     84.096 0.0000e+00
        748 190.652624    0.05187     3.1125    186.750  1025.2879  50654.925    31.6518     83.535    7.04991     6.0791     6.0850    24.8984   12.65379 8.8422e-02     84.340 0.0000e+00
        749 190.652627    0.05194     3.1167    187.000  1025.2898  50656.556    31.6528     83.775    7.04983     6.0804     6.0852    24.8992   12.65365 8.8381e-02     84.582 0.0000e+00
        750 190.652630    0.05201     3.1208    187.250  1025.2918  50658.329    31.6541     84.012    7.04965     6.0822     6.0859    24.9001   12.65335 8.8336e-02     84.822 0.0000e+00
        751 190.652633    0.05208     3.1250    187.500  1025.2932  50658.957    31.6547     84.248    7.04939     6.0840     6.0873    24.9004   12.65291 8.8308e-02     85.060 0.0000e+00
        752 190.652636    0.05215     3.1292    187.750  1025.2938  50658.171    31.6544     84.481    7.04910     6.0854     6.0891    24.8999   12.65244 8.8296e-02     85.295 0.0000e+00
        753 190.652639    0.05222     3.1333    188.000  1025.2940  50656.582    31.6535     84.711    7.04885     6.0863     6.0909    24.8990   12.65203 8.8284e-02     85.528 0.0000e+00
        754 190.652642    0.05229     3.1375    188.250  1025.2941  50654.944    31.6526     84.938    7.04867     6.0867     6.0923    24.8981   12.65174 8.8269e-02     85.757 0.0000e+00
        755 190.652645    0.05236     3.1417    188.500  1025.2943  50653.537    31.6517     85.161    7.04856     6.0867     6.0932    24.8973   12.65157 8.8252e-02     85.982 0.0000e+00
        756 190.652648    0.05243     3.1458    188.750  1025.2946  50652.260    31.6508     85.382    7.04852     6.0862     6.0937    24.8965   12.65152 8.8227e-02     86.206 0.0000e+00
        757 190.652650    0.05250     3.1500    189.000  1025.2949  50651.132    31.6499     85.602    7.04856     6.0854     6.0937    24.8958   12.65160 8.8192e-02     86.428 0.0000e+00
        758 190.652653    0.05257     3.1542    189.250  1025.2955  50650.435    31.6492     85.822    7.04867     6.0842     6.0932    24.8953   12.65179 8.8145e-02     86.650 0.0000e+00
        759 190.652656    0.05264     3.1583    189.500  1025.2963  50650.270    31.6488     86.041    7.04883     6.0829     6.0924    24.8951   12.65206 8.8087e-02     86.871 0.0000e+00
        760 190.652659    0.05271     3.1625    189.750  1025.2973  50650.341    31.6485     86.261    7.04903     6.0813     6.0913    24.8951   12.65239 8.8030e-02     87.093 0.0000e+00
        761 190.652662    0.05278     3.1667    190.000  1025.2982  50650.465    31.6482     86.481    7.04927     6.0796     6.0899    24.8950   12.65278 8.7971e-02     87.316 0.0000e+00
        762 190.652665    0.05285     3.1708    190.250  1025.2993  50650.706    31.6480     86.703    7.04953     6.0777     6.0884    24.8950   12.65322 8.7909e-02     87.540 0.0000e+00
        763 190.652668    0.05292     3.1750    190.500  1025.3004  50651.047    31.6478     86.927    7.04983     6.0757     6.0866    24.8951   12.65371 8.7861e-02     87.766 0.0000e+00
        764 190.652671    0.05299     3.1792    190.750  1025.3016  50651.632    31.6477     87.150    7.05014     6.0738     6.0847    24.8953   12.65423 8.7839e-02     87.992 0.0000e+00
        765 190.652674    0.05306     3.1833    191.000  1025.3031  50652.788    31.6480     87.373    7.05044     6.0722     6.0828    24.8957   12.65473 8.7831e-02     88.216 0.0000e+00
