CTD-processing/allCTD/CNV--homogene/2013_06-06_alongbay_skb04_outer_cast099.cnv
* Sea-Bird SBE19plus Data File:
* FileName = C:\Documents and Settings\kbayadmin\My Documents\CTD data\2013-06-06 Kachemak Bay all bay inner bay Nuka\2013-06-06 Kachemak Bay All Bay Inner Bay cast099.hex
* Software Version 1.59
* Temperature SN =  4141
* Conductivity SN =  4141
* System UpLoad Time = Jun 18 2013 16:28:09
** Kachemak Bay All Bay Inner Bay
** 2013-06-06
** Station: KBay 4
** N': 59 33.1176
** W': 151 31.7778
** Start Time: 1316
** Depth(ft): 525
# nquan = 17
# nvalues = 1124                        
# units = specified
# name 0 = scan: Scan Count
# name 1 = timeJ: Julian Days
# name 2 = timeH: Time, Elapsed [hours]
# name 3 = timeM: Time, Elapsed [minutes]
# name 4 = timeS: Time, Elapsed [seconds]
# name 5 = density00: Density [density, kg/m^3]
# name 6 = specc: Specific Conductance [uS/cm]
# name 7 = sal00: Salinity, Practical [PSU]
# name 8 = depSM: Depth [salt water, m], lat = 59.00
# name 9 = oxsolML/L: Oxygen Saturation, Garcia & Gordon [ml/l]
# name 10 = potemp090C: Potential Temperature [ITS-90, deg C]
# name 11 = tv290C: Temperature [ITS-90, deg C]
# name 12 = sigma-é00: Density [sigma-theta, kg/m^3]
# name 13 = n2satML/L: Nitrogen Saturation [ml/l]
# name 14 = par: PAR/Irradiance, Biospherical/Licor
# name 15 = prdM: Pressure, Strain Gauge [db]
# name 16 = flag:  0.000e+00
# span 0 =          1,       1124       
# span 1 = 157.552234, 157.555483       
# span 2 =    0.00000,    0.07799       
# span 3 =     0.0000,     4.6792       
# span 4 =      0.000,    280.750       
# span 5 =   999.9830,  1025.9589       
# span 6 =    420.768,  51461.136       
# span 7 =     0.1979,    31.8865       
# span 8 =     -0.093,    153.720       
# span 9 =    6.54974,    8.19956       
# span 10 =     4.7080,     9.8285      
# span 11 =     4.7190,     9.8286      
# span 12 =    -0.0165,    25.2385      
# span 13 =   11.84790,   15.01259      
# span 14 = 3.6382e-02, 6.0696e+01      
# span 15 =     -0.094,    155.229      
# span 16 = 0.0000e+00, 0.0000e+00      
# interval = seconds: 0.25
# start_time = Jun 06 2013 13:15:13 [Instrument's time stamp, header]
# bad_flag = -9.990e-29
*END*
[from data line 852]
        853 157.554699    0.05917     3.5500    213.000  1025.5866  51228.357    31.8467     90.363    7.20267     5.1108     5.1243    25.1632   12.90364 3.6382e-02     91.236 0.0000e+00
        854 157.554702    0.05924     3.5542    213.250  1025.5850  51223.852    31.8429     90.587    7.20332     5.1054     5.1216    25.1605   12.90475 3.6382e-02     91.462 0.0000e+00
        855 157.554705    0.05931     3.5583    213.500  1025.5842  51221.178    31.8401     90.807    7.20417     5.0996     5.1175    25.1587   12.90620 3.6382e-02     91.684 0.0000e+00
        856 157.554708    0.05937     3.5625    213.750  1025.5853  51222.022    31.8394     91.025    7.20513     5.0943     5.1121    25.1588   12.90779 3.6382e-02     91.904 0.0000e+00
        857 157.554711    0.05944     3.5667    214.000  1025.5881  51226.044    31.8408     91.242    7.20605     5.0900     5.1064    25.1605   12.90929 3.6382e-02     92.123 0.0000e+00
        858 157.554714    0.05951     3.5708    214.250  1025.5917  51231.587    31.8434     91.462    7.20684     5.0868     5.1011    25.1631   12.91056 3.6382e-02     92.346 0.0000e+00
        859 157.554716    0.05958     3.5750    214.500  1025.5955  51237.226    31.8462     91.687    7.20745     5.0845     5.0968    25.1658   12.91153 3.6382e-02     92.573 0.0000e+00
        860 157.554719    0.05965     3.5792    214.750  1025.5987  51241.555    31.8484     91.918    7.20789     5.0825     5.0936    25.1679   12.91223 3.6382e-02     92.806 0.0000e+00
        861 157.554722    0.05972     3.5833    215.000  1025.6003  51242.788    31.8486     92.154    7.20826     5.0798     5.0913    25.1684   12.91284 3.6382e-02     93.044 0.0000e+00
        862 157.554725    0.05979     3.5875    215.250  1025.5999  51240.543    31.8465     92.392    7.20871     5.0760     5.0893    25.1669   12.91361 3.6382e-02     93.285 0.0000e+00
        863 157.554728    0.05986     3.5917    215.500  1025.5991  51237.539    31.8438     92.628    7.20931     5.0714     5.0866    25.1650   12.91463 3.6382e-02     93.523 0.0000e+00
        864 157.554731    0.05993     3.5958    215.750  1025.5994  51236.600    31.8422     92.859    7.21004     5.0666     5.0828    25.1642   12.91586 3.6382e-02     93.757 0.0000e+00
        865 157.554734    0.06000     3.6000    216.000  1025.6007  51237.836    31.8419     93.085    7.21084     5.0620     5.0782    25.1645   12.91718 3.6382e-02     93.984 0.0000e+00
        866 157.554737    0.06007     3.6042    216.250  1025.6028  51240.365    31.8425     93.306    7.21163     5.0577     5.0735    25.1655   12.91849 3.6382e-02     94.208 0.0000e+00
        867 157.554740    0.06014     3.6083    216.500  1025.6049  51243.018    31.8432     93.527    7.21238     5.0536     5.0689    25.1665   12.91973 3.6382e-02     94.431 0.0000e+00
        868 157.554742    0.06021     3.6125    216.750  1025.6064  51244.536    31.8432     93.751    7.21311     5.0492     5.0646    25.1670   12.92093 3.6382e-02     94.657 0.0000e+00
        869 157.554745    0.06028     3.6167    217.000  1025.6071  51244.433    31.8422     93.981    7.21388     5.0441     5.0605    25.1666   12.92221 3.6382e-02     94.889 0.0000e+00
        870 157.554748    0.06035     3.6208    217.250  1025.6073  51243.363    31.8403     94.217    7.21473     5.0384     5.0561    25.1657   12.92364 3.6382e-02     95.128 0.0000e+00
        871 157.554751    0.06042     3.6250    217.500  1025.6073  51242.195    31.8383     94.456    7.21570     5.0319     5.0510    25.1646   12.92526 3.6382e-02     95.369 0.0000e+00
        872 157.554754    0.06049     3.6292    217.750  1025.6075  51241.324    31.8364     94.693    7.21679     5.0250     5.0453    25.1637   12.92708 3.6382e-02     95.609 0.0000e+00
        873 157.554757    0.06056     3.6333    218.000  1025.6083  51241.534    31.8350     94.926    7.21797     5.0181     5.0388    25.1633   12.92905 3.6382e-02     95.843 0.0000e+00
        874 157.554760    0.06062     3.6375    218.250  1025.6099  51243.587    31.8348     95.151    7.21917     5.0116     5.0319    25.1639   12.93104 3.6382e-02     96.070 0.0000e+00
        875 157.554763    0.06069     3.6417    218.500  1025.6125  51247.397    31.8358     95.369    7.22032     5.0059     5.0250    25.1655   12.93292 3.6382e-02     96.291 0.0000e+00
        876 157.554766    0.06076     3.6458    218.750  1025.6155  51251.960    31.8374     95.583    7.22135     5.0010     5.0185    25.1674   12.93460 3.6382e-02     96.507 0.0000e+00
        877 157.554769    0.06083     3.6500    219.000  1025.6183  51256.127    31.8389     95.794    7.22226     4.9969     5.0129    25.1693   12.93608 3.6382e-02     96.721 0.0000e+00
        878 157.554771    0.06090     3.6542    219.250  1025.6209  51259.647    31.8402     96.007    7.22303     4.9934     5.0080    25.1708   12.93734 3.6382e-02     96.936 0.0000e+00
        879 157.554774    0.06097     3.6583    219.500  1025.6233  51262.934    31.8414     96.223    7.22369     4.9905     5.0039    25.1722   12.93841 3.6382e-02     97.154 0.0000e+00
        880 157.554777    0.06104     3.6625    219.750  1025.6258  51266.046    31.8427     96.444    7.22423     4.9882     5.0004    25.1736   12.93929 3.6382e-02     97.377 0.0000e+00
        881 157.554780    0.06111     3.6667    220.000  1025.6280  51268.750    31.8438     96.669    7.22467     4.9864     4.9976    25.1748   12.94000 3.6382e-02     97.604 0.0000e+00
        882 157.554783    0.06118     3.6708    220.250  1025.6301  51271.097    31.8448     96.897    7.22502     4.9850     4.9953    25.1758   12.94056 3.6382e-02     97.835 0.0000e+00
        883 157.554786    0.06125     3.6750    220.500  1025.6321  51273.058    31.8456     97.127    7.22529     4.9838     4.9935    25.1767   12.94100 3.6382e-02     98.067 0.0000e+00
        884 157.554789    0.06132     3.6792    220.750  1025.6337  51274.429    31.8461     97.359    7.22551     4.9828     4.9921    25.1772   12.94135 3.6382e-02     98.301 0.0000e+00
        885 157.554792    0.06139     3.6833    221.000  1025.6350  51275.043    31.8462     97.591    7.22570     4.9816     4.9909    25.1774   12.94167 3.6382e-02     98.536 0.0000e+00
        886 157.554795    0.06146     3.6875    221.250  1025.6359  51275.055    31.8459     97.823    7.22590     4.9802     4.9899    25.1772   12.94200 3.6382e-02     98.770 0.0000e+00
        887 157.554797    0.06153     3.6917    221.500  1025.6367  51274.805    31.8454     98.055    7.22612     4.9785     4.9887    25.1769   12.94238 3.6382e-02     99.004 0.0000e+00
        888 157.554800    0.06160     3.6958    221.750  1025.6373  51274.156    31.8445     98.288    7.22640     4.9764     4.9874    25.1764   12.94285 3.6382e-02     99.239 0.0000e+00
        889 157.554803    0.06167     3.7000    222.000  1025.6375  51272.808    31.8431     98.521    7.22676     4.9737     4.9857    25.1755   12.94345 3.6382e-02     99.474 0.0000e+00
        890 157.554806    0.06174     3.7042    222.250  1025.6375  51271.316    31.8415     98.753    7.22720     4.9705     4.9835    25.1745   12.94421 3.6382e-02     99.709 0.0000e+00
        891 157.554809    0.06181     3.7083    222.500  1025.6380  51270.732    31.8404     98.985    7.22772     4.9672     4.9808    25.1739   12.94508 3.6382e-02     99.944 0.0000e+00
        892 157.554812    0.06187     3.7125    222.750  1025.6392  51271.507    31.8401     99.217    7.22828     4.9640     4.9777    25.1740   12.94600 3.6382e-02    100.178 0.0000e+00
        893 157.554815    0.06194     3.7167    223.000  1025.6409  51273.219    31.8404     99.449    7.22883     4.9611     4.9744    25.1746   12.94691 3.6382e-02    100.411 0.0000e+00
        894 157.554818    0.06201     3.7208    223.250  1025.6427  51274.956    31.8408     99.680    7.22936     4.9582     4.9713    25.1753   12.94778 3.6382e-02    100.645 0.0000e+00
        895 157.554821    0.06208     3.7250    223.500  1025.6441  51276.107    31.8408     99.914    7.22987     4.9554     4.9683    25.1756   12.94862 3.6382e-02    100.882 0.0000e+00
        896 157.554823    0.06215     3.7292    223.750  1025.6453  51276.718    31.8405    100.154    7.23037     4.9524     4.9655    25.1757   12.94946 3.6382e-02    101.124 0.0000e+00
        897 157.554826    0.06222     3.7333    224.000  1025.6465  51277.293    31.8402    100.400    7.23088     4.9494     4.9627    25.1757   12.95031 3.6382e-02    101.372 0.0000e+00
        898 157.554829    0.06229     3.7375    224.250  1025.6479  51278.177    31.8400    100.654    7.23140     4.9464     4.9597    25.1759   12.95117 3.6382e-02    101.629 0.0000e+00
        899 157.554832    0.06236     3.7417    224.500  1025.6494  51279.187    31.8399    100.914    7.23193     4.9434     4.9567    25.1761   12.95204 3.6382e-02    101.892 0.0000e+00
        900 157.554835    0.06243     3.7458    224.750  1025.6509  51280.338    31.8399    101.177    7.23245     4.9404     4.9537    25.1764   12.95290 3.6382e-02    102.157 0.0000e+00
        901 157.554838    0.06250     3.7500    225.000  1025.6527  51281.851    31.8402    101.436    7.23295     4.9376     4.9507    25.1770   12.95373 3.6382e-02    102.419 0.0000e+00
        902 157.554841    0.06257     3.7542    225.250  1025.6545  51283.549    31.8406    101.688    7.23344     4.9350     4.9478    25.1776   12.95452 3.6382e-02    102.673 0.0000e+00
        903 157.554844    0.06264     3.7583    225.500  1025.6564  51285.448    31.8411    101.931    7.23389     4.9328     4.9450    25.1783   12.95527 3.6382e-02    102.919 0.0000e+00
        904 157.554847    0.06271     3.7625    225.750  1025.6586  51287.945    31.8421    102.165    7.23429     4.9311     4.9424    25.1794   12.95591 3.6382e-02    103.155 0.0000e+00
        905 157.554850    0.06278     3.7667    226.000  1025.6612  51291.173    31.8438    102.393    7.23460     4.9302     4.9402    25.1810   12.95639 3.6382e-02    103.385 0.0000e+00
        906 157.554852    0.06285     3.7708    226.250  1025.6638  51294.467    31.8456    102.618    7.23479     4.9297     4.9386    25.1826   12.95669 3.6382e-02    103.612 0.0000e+00
        907 157.554855    0.06292     3.7750    226.500  1025.6659  51296.538    31.8467    102.841    7.23490     4.9293     4.9376    25.1835   12.95685 3.6382e-02    103.838 0.0000e+00
        908 157.554858    0.06299     3.7792    226.750  1025.6668  51296.548    31.8465    103.065    7.23499     4.9282     4.9372    25.1834   12.95699 3.6382e-02    104.064 0.0000e+00
        909 157.554861    0.06306     3.7833    227.000  1025.6666  51294.424    31.8448    103.293    7.23515     4.9260     4.9367    25.1822   12.95728 3.6382e-02    104.294 0.0000e+00
        910 157.554864    0.06313     3.7875    227.250  1025.6654  51290.557    31.8418    103.529    7.23548     4.9226     4.9357    25.1799   12.95787 3.6382e-02    104.533 0.0000e+00
        911 157.554867    0.06319     3.7917    227.500  1025.6645  51287.096    31.8388    103.775    7.23600     4.9186     4.9335    25.1778   12.95877 3.6382e-02    104.781 0.0000e+00
        912 157.554870    0.06326     3.7958    227.750  1025.6652  51286.828    31.8378    104.031    7.23664     4.9148     4.9301    25.1773   12.95983 3.6382e-02    105.040 0.0000e+00
        913 157.554873    0.06333     3.8000    228.000  1025.6674  51289.333    31.8385    104.295    7.23729     4.9114     4.9262    25.1783   12.96090 3.6382e-02    105.306 0.0000e+00
        914 157.554876    0.06340     3.8042    228.250  1025.6701  51292.511    31.8397    104.562    7.23789     4.9083     4.9224    25.1796   12.96188 3.6382e-02    105.576 0.0000e+00
        915 157.554878    0.06347     3.8083    228.500  1025.6725  51295.319    31.8407    104.826    7.23843     4.9053     4.9190    25.1808   12.96276 3.6382e-02    105.843 0.0000e+00
        916 157.554881    0.06354     3.8125    228.750  1025.6745  51297.214    31.8412    105.085    7.23893     4.9022     4.9159    25.1816   12.96359 3.6382e-02    106.104 0.0000e+00
        917 157.554884    0.06361     3.8167    229.000  1025.6760  51298.311    31.8412    105.335    7.23945     4.8988     4.9129    25.1819   12.96444 3.6382e-02    106.357 0.0000e+00
        918 157.554887    0.06368     3.8208    229.250  1025.6772  51299.128    31.8409    105.577    7.24000     4.8951     4.9098    25.1820   12.96535 3.6382e-02    106.602 0.0000e+00
        919 157.554890    0.06375     3.8250    229.500  1025.6785  51300.110    31.8407    105.813    7.24060     4.8912     4.9064    25.1823   12.96634 3.6382e-02    106.840 0.0000e+00
        920 157.554893    0.06382     3.8292    229.750  1025.6802  51301.745    31.8409    106.046    7.24123     4.8870     4.9028    25.1828   12.96738 3.6382e-02    107.075 0.0000e+00
        921 157.554896    0.06389     3.8333    230.000  1025.6821  51303.905    31.8414    106.279    7.24189     4.8825     4.8988    25.1836   12.96846 3.6382e-02    107.310 0.0000e+00
        922 157.554899    0.06396     3.8375    230.250  1025.6842  51306.430    31.8421    106.513    7.24258     4.8778     4.8946    25.1846   12.96959 3.6382e-02    107.546 0.0000e+00
        923 157.554902    0.06403     3.8417    230.500  1025.6868  51309.732    31.8433    106.747    7.24330     4.8732     4.8902    25.1860   12.97077 3.6382e-02    107.782 0.0000e+00
        924 157.554905    0.06410     3.8458    230.750  1025.6896  51313.608    31.8448    106.981    7.24403     4.8687     4.8855    25.1877   12.97195 3.6382e-02    108.019 0.0000e+00
        925 157.554907    0.06417     3.8500    231.000  1025.6922  51317.232    31.8461    107.216    7.24476     4.8639     4.8810    25.1893   12.97314 3.6382e-02    108.256 0.0000e+00
        926 157.554910    0.06424     3.8542    231.250  1025.6947  51320.382    31.8472    107.453    7.24550     4.8587     4.8764    25.1906   12.97435 3.6382e-02    108.495 0.0000e+00
        927 157.554913    0.06431     3.8583    231.500  1025.6969  51323.102    31.8479    107.693    7.24629     4.8529     4.8717    25.1916   12.97564 3.6382e-02    108.738 0.0000e+00
        928 157.554916    0.06438     3.8625    231.750  1025.6990  51325.680    31.8484    107.937    7.24716     4.8464     4.8665    25.1926   12.97708 3.6382e-02    108.984 0.0000e+00
        929 157.554919    0.06444     3.8667    232.000  1025.7017  51329.460    31.8495    108.184    7.24813     4.8398     4.8606    25.1941   12.97866 3.6382e-02    109.234 0.0000e+00
        930 157.554922    0.06451     3.8708    232.250  1025.7056  51335.441    31.8521    108.434    7.24913     4.8340     4.8542    25.1968   12.98028 3.6382e-02    109.486 0.0000e+00
        931 157.554925    0.06458     3.8750    232.500  1025.7103  51342.974    31.8557    108.684    7.25009     4.8292     4.8477    25.2004   12.98182 3.6382e-02    109.738 0.0000e+00
        932 157.554928    0.06465     3.8792    232.750  1025.7151  51350.516    31.8594    108.932    7.25092     4.8253     4.8418    25.2040   12.98314 3.6382e-02    109.989 0.0000e+00
        933 157.554931    0.06472     3.8833    233.000  1025.7193  51356.942    31.8626    109.178    7.25160     4.8223     4.8370    25.2071   12.98423 3.6382e-02    110.238 0.0000e+00
        934 157.554933    0.06479     3.8875    233.250  1025.7228  51361.922    31.8651    109.421    7.25215     4.8198     4.8332    25.2094   12.98510 3.6382e-02    110.484 0.0000e+00
        935 157.554936    0.06486     3.8917    233.500  1025.7257  51365.653    31.8668    109.665    7.25259     4.8177     4.8302    25.2111   12.98581 3.6382e-02    110.730 0.0000e+00
        936 157.554939    0.06493     3.8958    233.750  1025.7282  51368.609    31.8682    109.910    7.25295     4.8160     4.8277    25.2124   12.98639 3.6382e-02    110.977 0.0000e+00
