CTD-processing/allCTD/CNV--homogene/2013_07-05_t9andtutka_s03_cast211.cnv
* Sea-Bird SBE19plus Data File:
* FileName = C:\Documents and Settings\kbayadmin\My Documents\CTD data\2013-07-05 Kachemak Bay Homer Spit Line and Tutka Bay\2013-07-05 Kachemak Bay Homer Spit Line and Tutka Bay cast211.hex
* Software Version 1.59
* Temperature SN =  5028
* Conductivity SN =  5028
* System UpLoad Time = Jul 06 2013 11:58:39
** Kachemak Bay Homer Spit Line and Tutka Bay
** 2013-07-05
** Station:9.03
** N':59 34.475
** W':-151 22.107
** Start Time:1545
** Depth(ft):300
# nquan = 17
# nvalues = 815                         
# units = specified
# name 0 = scan: Scan Count
# name 1 = timeJ: Julian Days
# name 2 = timeH: Time, Elapsed [hours]
# name 3 = timeM: Time, Elapsed [minutes]
# name 4 = timeS: Time, Elapsed [seconds]
# name 5 = density00: Density [density, kg/m^3]
# name 6 = specc: Specific Conductance [uS/cm]
# name 7 = sal00: Salinity, Practical [PSU]
# name 8 = depSM: Depth [salt water, m], lat = 59.00
# name 9 = oxsolML/L: Oxygen Saturation, Garcia & Gordon [ml/l]
# name 10 = potemp090C: Potential Temperature [ITS-90, deg C]
# name 11 = tv290C: Temperature [ITS-90, deg C]
# name 12 = sigma-é00: Density [sigma-theta, kg/m^3]
# name 13 = n2satML/L: Nitrogen Saturation [ml/l]
# name 14 = par: PAR/Irradiance, Biospherical/Licor
# name 15 = prdM: Pressure, Strain Gauge [db]
# name 16 = flag:  0.000e+00
# span 0 =          1,        815       
# span 1 = 186.656597, 186.658953       
# span 2 =    0.00000,    0.05653       
# span 3 =     0.0000,     3.3917       
# span 4 =      0.000,    203.500       
# span 5 =   999.9026,  1025.4254       
# span 6 =    253.569,  50887.061       
# span 7 =     0.1181,    31.7616       
# span 8 =     -0.002,     88.135       
# span 9 =    6.61582,    8.15255       
# span 10 =     5.8216,    11.2448      
# span 11 =     5.8285,    11.2449      
# span 12 =    -0.0975,    25.0154      
# span 13 =   12.00378,   14.93452      
# span 14 = 4.7396e-02, 4.0748e+02      
# span 15 =     -0.002,     88.986      
# span 16 = 0.0000e+00, 0.0000e+00      
# interval = seconds: 0.25
# start_time = Jul 05 2013 15:45:30 [Instrument's time stamp, header]
# bad_flag = -9.990e-29
*END*
[from data line 171]
        172 186.657092    0.01188     0.7125     42.750  1017.8066  37755.809    23.4414      0.832    6.66026    10.9344    10.9395    17.8027   12.11060 2.1906e+02      0.840 0.0000e+00
        173 186.657095    0.01194     0.7167     43.000  1017.8016  37746.443    23.4350      0.833    6.66050    10.9235    10.9398    17.7977   12.11107 2.1975e+02      0.841 0.0000e+00
        174 186.657098    0.01201     0.7208     43.250  1017.8033  37748.628    23.4361      0.832    6.66123    10.9113    10.9345    17.7994   12.11228 2.2027e+02      0.840 0.0000e+00
        175 186.657101    0.01208     0.7250     43.500  1017.8145  37767.916    23.4484      0.828    6.66230    10.9042    10.9236    17.8106   12.11392 2.2076e+02      0.836 0.0000e+00
        176 186.657104    0.01215     0.7292     43.750  1017.8322  37799.288    23.4688      0.825    6.66321    10.9056    10.9114    17.8284   12.11518 2.2071e+02      0.832 0.0000e+00
        177 186.657106    0.01222     0.7333     44.000  1017.8481  37827.996    23.4878      0.825    6.66344    10.9137    10.9043    17.8442   12.11533 2.1993e+02      0.832 0.0000e+00
        178 186.657109    0.01229     0.7375     44.250  1017.8538  37838.912    23.4954      0.830    6.66293    10.9224    10.9057    17.8499   12.11438 2.1852e+02      0.838 0.0000e+00
        179 186.657112    0.01236     0.7417     44.500  1017.8464  37826.399    23.4875      0.838    6.66207    10.9240    10.9138    17.8425   12.11305 2.1749e+02      0.846 0.0000e+00
        180 186.657115    0.01243     0.7458     44.750  1017.8317  37800.171    23.4703      0.846    6.66153    10.9138    10.9225    17.8278   12.11237 2.1807e+02      0.854 0.0000e+00
        181 186.657118    0.01250     0.7500     45.000  1017.8217  37781.428    23.4576      0.850    6.66184    10.8943    10.9241    17.8177   12.11303 2.1952e+02      0.858 0.0000e+00
        182 186.657121    0.01257     0.7542     45.250  1017.8258  37787.492    23.4609      0.846    6.66318    10.8736    10.9139    17.8219   12.11522 2.2080e+02      0.854 0.0000e+00
        183 186.657124    0.01264     0.7583     45.500  1017.8446  37819.556    23.4813      0.837    6.66517    10.8590    10.8944    17.8407   12.11830 2.2146e+02      0.845 0.0000e+00
        184 186.657127    0.01271     0.7625     45.750  1017.8693  37862.668    23.5090      0.827    6.66702    10.8519    10.8737    17.8654   12.12103 2.2145e+02      0.835 0.0000e+00
        185 186.657130    0.01278     0.7667     46.000  1017.8888  37896.935    23.5313      0.820    6.66823    10.8497    10.8590    17.8850   12.12277 2.2122e+02      0.828 0.0000e+00
        186 186.657133    0.01285     0.7708     46.250  1017.8966  37910.413    23.5399      0.820    6.66889    10.8486    10.8520    17.8928   12.12376 2.2034e+02      0.828 0.0000e+00
        187 186.657135    0.01292     0.7750     46.500  1017.8932  37903.544    23.5350      0.825    6.66943    10.8462    10.8498    17.8894   12.12471 2.1931e+02      0.833 0.0000e+00
        188 186.657138    0.01299     0.7792     46.750  1017.8845  37886.954    23.5236      0.833    6.67006    10.8407    10.8487    17.8807   12.12591 2.1896e+02      0.841 0.0000e+00
        189 186.657141    0.01306     0.7833     47.000  1017.8776  37873.584    23.5143      0.840    6.67081    10.8322    10.8463    17.8738   12.12727 2.1804e+02      0.848 0.0000e+00
        190 186.657144    0.01313     0.7875     47.250  1017.8768  37870.933    23.5120      0.846    6.67172    10.8233    10.8408    17.8729   12.12881 2.1737e+02      0.854 0.0000e+00
        191 186.657147    0.01319     0.7917     47.500  1017.8823  37879.851    23.5174      0.848    6.67273    10.8164    10.8323    17.8784   12.13044 2.1848e+02      0.856 0.0000e+00
        192 186.657150    0.01326     0.7958     47.750  1017.8917  37896.105    23.5278      0.846    6.67361    10.8124    10.8234    17.8879   12.13177 2.1972e+02      0.854 0.0000e+00
        193 186.657153    0.01333     0.8000     48.000  1017.9022  37914.803    23.5400      0.840    6.67410    10.8111    10.8165    17.8984   12.13243 2.2063e+02      0.848 0.0000e+00
        194 186.657156    0.01340     0.8042     48.250  1017.9135  37935.457    23.5538      0.832    6.67410    10.8118    10.8125    17.9097   12.13226 2.2149e+02      0.840 0.0000e+00
        195 186.657159    0.01347     0.8083     48.500  1017.9264  37959.646    23.5702      0.823    6.67359    10.8132    10.8112    17.9226   12.13121 2.2145e+02      0.831 0.0000e+00
        196 186.657161    0.01354     0.8125     48.750  1017.9399  37985.200    23.5877      0.818    6.67274    10.8133    10.8119    17.9361   12.12958 2.2099e+02      0.826 0.0000e+00
        197 186.657164    0.01361     0.8167     49.000  1017.9498  38004.141    23.6007      0.820    6.67198    10.8108    10.8133    17.9460   12.12814 2.1979e+02      0.828 0.0000e+00
        198 186.657167    0.01368     0.8208     49.250  1017.9510  38006.326    23.6022      0.828    6.67190    10.8063    10.8134    17.9471   12.12800 2.1805e+02      0.836 0.0000e+00
        199 186.657170    0.01375     0.8250     49.500  1017.9433  37991.282    23.5918      0.839    6.67272    10.7998    10.8109    17.9394   12.12948 2.1740e+02      0.847 0.0000e+00
        200 186.657173    0.01382     0.8292     49.750  1017.9339  37972.688    23.5787      0.849    6.67395    10.7912    10.8063    17.9300   12.13169 2.1781e+02      0.857 0.0000e+00
        201 186.657176    0.01389     0.8333     50.000  1017.9313  37966.716    23.5741      0.853    6.67508    10.7814    10.7999    17.9274   12.13364 2.1908e+02      0.861 0.0000e+00
        202 186.657179    0.01396     0.8375     50.250  1017.9408  37983.206    23.5846      0.850    6.67591    10.7724    10.7912    17.9369   12.13489 2.2026e+02      0.858 0.0000e+00
        203 186.657182    0.01403     0.8417     50.500  1017.9624  38022.253    23.6105      0.841    6.67625    10.7650    10.7814    17.9585   12.13513 2.2068e+02      0.849 0.0000e+00
        204 186.657185    0.01410     0.8458     50.750  1017.9899  38072.841    23.6443      0.829    6.67612    10.7575    10.7725    17.9861   12.13450 2.2125e+02      0.837 0.0000e+00
        205 186.657187    0.01417     0.8500     51.000  1018.0156  38119.980    23.6759      0.820    6.67587    10.7479    10.7651    18.0118   12.13370 2.2142e+02      0.828 0.0000e+00
        206 186.657190    0.01424     0.8542     51.250  1018.0349  38155.178    23.6994      0.817    6.67597    10.7362    10.7576    18.0311   12.13357 2.2097e+02      0.825 0.0000e+00
        207 186.657193    0.01431     0.8583     51.500  1018.0467  38175.730    23.7126      0.821    6.67682    10.7255    10.7480    18.0429   12.13482 2.1974e+02      0.829 0.0000e+00
        208 186.657196    0.01438     0.8625     51.750  1018.0487  38177.450    23.7128      0.832    6.67853    10.7180    10.7363    18.0448   12.13766 2.1775e+02      0.841 0.0000e+00
        209 186.657199    0.01444     0.8667     52.000  1018.0411  38161.138    23.7008      0.847    6.68062    10.7134    10.7255    18.0372   12.14130 2.1718e+02      0.856 0.0000e+00
        210 186.657202    0.01451     0.8708     52.250  1018.0298  38138.388    23.6846      0.860    6.68241    10.7097    10.7180    18.0258   12.14448 2.1804e+02      0.869 0.0000e+00
        211 186.657205    0.01458     0.8750     52.500  1018.0224  38123.725    23.6742      0.865    6.68353    10.7053    10.7135    18.0184   12.14647 2.1871e+02      0.873 0.0000e+00
        212 186.657208    0.01465     0.8792     52.750  1018.0259  38129.739    23.6780      0.858    6.68390    10.6990    10.7098    18.0219   12.14704 2.1972e+02      0.866 0.0000e+00
        213 186.657211    0.01472     0.8833     53.000  1018.0448  38164.657    23.7015      0.841    6.68356    10.6899    10.7054    18.0409   12.14618 2.2143e+02      0.849 0.0000e+00
        214 186.657214    0.01479     0.8875     53.250  1018.0779  38226.158    23.7430      0.822    6.68272    10.6760    10.6991    18.0741   12.14427 2.2305e+02      0.830 0.0000e+00
        215 186.657216    0.01486     0.8917     53.500  1018.1213  38306.652    23.7972      0.810    6.68175    10.6563    10.6900    18.1176   12.14199 2.2378e+02      0.818 0.0000e+00
        216 186.657219    0.01493     0.8958     53.750  1018.1742  38404.065    23.8626      0.811    6.68102    10.6341    10.6761    18.1705   12.13995 2.2304e+02      0.819 0.0000e+00
        217 186.657222    0.01500     0.9000     54.000  1018.2235  38493.577    23.9222      0.824    6.68139    10.6153    10.6564    18.2197   12.13982 2.2108e+02      0.833 0.0000e+00
        218 186.657225    0.01507     0.9042     54.250  1018.2412  38523.011    23.9404      0.844    6.68388    10.6042    10.6342    18.2373   12.14374 2.1903e+02      0.853 0.0000e+00
        219 186.657228    0.01514     0.9083     54.500  1018.2253  38489.838    23.9161      0.863    6.68767    10.6017    10.6154    18.2213   12.15036 2.1859e+02      0.871 0.0000e+00
        220 186.657231    0.01521     0.9125     54.750  1018.2071  38453.651    23.8904      0.872    6.69041    10.6051    10.6043    18.2031   12.15523 2.1973e+02      0.881 0.0000e+00
        221 186.657234    0.01528     0.9167     55.000  1018.2112  38460.927    23.8952      0.869    6.69057    10.6100    10.6018    18.2072   12.15545 2.2099e+02      0.878 0.0000e+00
        222 186.657237    0.01535     0.9208     55.250  1018.2436  38522.565    23.9377      0.857    6.68826    10.6125    10.6052    18.2396   12.15107 2.2250e+02      0.865 0.0000e+00
        223 186.657240    0.01542     0.9250     55.500  1018.2945  38619.492    24.0044      0.839    6.68469    10.6096    10.6101    18.2906   12.14431 2.2330e+02      0.847 0.0000e+00
        224 186.657242    0.01549     0.9292     55.750  1018.3407  38707.071    24.0645      0.825    6.68178    10.6006    10.6126    18.3369   12.13871 2.2273e+02      0.833 0.0000e+00
        225 186.657245    0.01556     0.9333     56.000  1018.3681  38758.217    24.0992      0.818    6.68073    10.5885    10.6097    18.3644   12.13652 2.2220e+02      0.826 0.0000e+00
        226 186.657248    0.01563     0.9375     56.250  1018.3768  38773.090    24.1086      0.820    6.68165    10.5782    10.6007    18.3730   12.13794 2.2099e+02      0.828 0.0000e+00
        227 186.657251    0.01569     0.9417     56.500  1018.3654  38749.447    24.0914      0.830    6.68416    10.5730    10.5886    18.3615   12.14234 2.1935e+02      0.838 0.0000e+00
        228 186.657254    0.01576     0.9458     56.750  1018.3381  38696.334    24.0541      0.843    6.68726    10.5740    10.5783    18.3342   12.14796 2.1882e+02      0.852 0.0000e+00
        229 186.657257    0.01583     0.9500     57.000  1018.3100  38642.516    24.0169      0.856    6.68962    10.5805    10.5731    18.3061   12.15236 2.1883e+02      0.864 0.0000e+00
        230 186.657260    0.01590     0.9542     57.250  1018.2933  38611.122    23.9955      0.863    6.69038    10.5892    10.5741    18.2893   12.15389 2.1971e+02      0.871 0.0000e+00
        231 186.657263    0.01597     0.9583     57.500  1018.2959  38617.053    24.0001      0.862    6.68923    10.5966    10.5806    18.2919   12.15191 2.2106e+02      0.871 0.0000e+00
        232 186.657266    0.01604     0.9625     57.750  1018.3204  38664.839    24.0336      0.856    6.68652    10.6003    10.5893    18.3165   12.14698 2.2118e+02      0.865 0.0000e+00
        233 186.657269    0.01611     0.9667     58.000  1018.3575  38735.900    24.0828      0.848    6.68333    10.5994    10.5967    18.3536   12.14107 2.2142e+02      0.856 0.0000e+00
        234 186.657271    0.01618     0.9708     58.250  1018.3898  38797.267    24.1251      0.840    6.68098    10.5944    10.6004    18.3859   12.13662 2.2205e+02      0.848 0.0000e+00
        235 186.657274    0.01625     0.9750     58.500  1018.4034  38822.778    24.1425      0.835    6.68038    10.5881    10.5995    18.3995   12.13540 2.2128e+02      0.843 0.0000e+00
        236 186.657277    0.01632     0.9792     58.750  1018.3958  38807.818    24.1318      0.833    6.68157    10.5837    10.5945    18.3920   12.13753 2.2038e+02      0.841 0.0000e+00
        237 186.657280    0.01639     0.9833     59.000  1018.3767  38770.835    24.1059      0.834    6.68360    10.5827    10.5882    18.3729   12.14122 2.2045e+02      0.842 0.0000e+00
        238 186.657283    0.01646     0.9875     59.250  1018.3596  38737.893    24.0830      0.837    6.68522    10.5848    10.5838    18.3557   12.14420 2.1985e+02      0.845 0.0000e+00
        239 186.657286    0.01653     0.9917     59.500  1018.3525  38724.205    24.0735      0.842    6.68577    10.5889    10.5828    18.3485   12.14523 2.1915e+02      0.850 0.0000e+00
        240 186.657289    0.01660     0.9958     59.750  1018.3537  38726.793    24.0755      0.847    6.68537    10.5938    10.5849    18.3497   12.14456 2.1996e+02      0.855 0.0000e+00
        241 186.657292    0.01667     1.0000     60.000  1018.3537  38727.484    24.0763      0.852    6.68473    10.5987    10.5890    18.3497   12.14348 2.2026e+02      0.860 0.0000e+00
        242 186.657295    0.01674     1.0042     60.250  1018.3451  38712.138    24.0663      0.855    6.68444    10.6030    10.5939    18.3412   12.14312 2.1943e+02      0.863 0.0000e+00
        243 186.657297    0.01681     1.0083     60.500  1018.3315  38687.320    24.0497      0.854    6.68443    10.6064    10.5988    18.3276   12.14330 2.1975e+02      0.862 0.0000e+00
        244 186.657300    0.01688     1.0125     60.750  1018.3245  38674.923    24.0416      0.849    6.68414    10.6082    10.6031    18.3206   12.14292 2.2036e+02      0.857 0.0000e+00
        245 186.657303    0.01694     1.0167     61.000  1018.3340  38693.365    24.0545      0.842    6.68309    10.6075    10.6065    18.3301   12.14101 2.2034e+02      0.850 0.0000e+00
        246 186.657306    0.01701     1.0208     61.250  1018.3588  38740.423    24.0868      0.835    6.68144    10.6031    10.6083    18.3550   12.13787 2.2042e+02      0.843 0.0000e+00
        247 186.657309    0.01708     1.0250     61.500  1018.3860  38791.532    24.1217      0.833    6.68007    10.5954    10.6076    18.3822   12.13514 2.2003e+02      0.840 0.0000e+00
        248 186.657312    0.01715     1.0292     61.750  1018.4002  38817.520    24.1391      0.835    6.67997    10.5872    10.6032    18.3964   12.13477 2.1925e+02      0.843 0.0000e+00
        249 186.657315    0.01722     1.0333     62.000  1018.3951  38806.588    24.1310      0.842    6.68145    10.5818    10.5955    18.3912   12.13733 2.1828e+02      0.849 0.0000e+00
        250 186.657318    0.01729     1.0375     62.250  1018.3770  38770.992    24.1060      0.849    6.68374    10.5807    10.5872    18.3730   12.14145 2.1782e+02      0.857 0.0000e+00
        251 186.657321    0.01736     1.0417     62.500  1018.3594  38736.994    24.0822      0.854    6.68554    10.5829    10.5818    18.3555   12.14475 2.1862e+02      0.861 0.0000e+00
        252 186.657323    0.01743     1.0458     62.750  1018.3549  38728.278    24.0762      0.853    6.68594    10.5854    10.5808    18.3509   12.14550 2.1968e+02      0.861 0.0000e+00
        253 186.657326    0.01750     1.0500     63.000  1018.3696  38756.395    24.0956      0.849    6.68480    10.5852    10.5830    18.3657   12.14335 2.1987e+02      0.857 0.0000e+00
        254 186.657329    0.01757     1.0542     63.250  1018.4009  38815.748    24.1364      0.842    6.68270    10.5800    10.5855    18.3970   12.13935 2.1969e+02      0.850 0.0000e+00
        255 186.657332    0.01764     1.0583     63.500  1018.4378  38885.310    24.1840      0.836    6.68071    10.5689    10.5853    18.4340   12.13544 2.1997e+02      0.844 0.0000e+00
