CTD-processing/allCTD/CNV--homogene/2013_07-22_t9_s03_cast080.cnv
* Sea-Bird SBE19plus Data File:
* FileName = C:\Users\kris.holderied\Documents\kasitsna\Research-Projects-and-Data\Oceanography-AK\CTD-CookInlet-GulfWatchAK\2013-07-EVOSTC-CookInlet-Ocean\2013-07-22-CookInlet-Tran9-HomerSpit\2013-07-22-CookInlet-Tran9-HomerSpit-cast080.hex
* Software Version 1.59
* Temperature SN =  5028
* Conductivity SN =  5028
* System UpLoad Time = Apr 09 2014 19:18:51
** Cook Inlet LTM  Transect 9 (Homer Spit)  south to north
** Date: 2013-07-22
** Station: 9-03
** Start time: 09:19
** Depth (m): 89
** Comment:  CTD instrument time is AK Daylight.
** Comment:
# nquan = 17
# nvalues = 681                         
# units = specified
# name 0 = scan: Scan Count
# name 1 = timeJ: Julian Days
# name 2 = timeH: Time, Elapsed [hours]
# name 3 = timeM: Time, Elapsed [minutes]
# name 4 = timeS: Time, Elapsed [seconds]
# name 5 = density00: Density [density, kg/m^3]
# name 6 = specc: Specific Conductance [uS/cm]
# name 7 = sal00: Salinity, Practical [PSU]
# name 8 = depSM: Depth [salt water, m], lat = 59.00
# name 9 = oxsolML/L: Oxygen Saturation, Garcia & Gordon [ml/l]
# name 10 = potemp090C: Potential Temperature [ITS-90, deg C]
# name 11 = tv290C: Temperature [ITS-90, deg C]
# name 12 = sigma-é00: Density [sigma-theta, kg/m^3]
# name 13 = n2satML/L: Nitrogen Saturation [ml/l]
# name 14 = par: PAR/Irradiance, Biospherical/Licor
# name 15 = prdM: Pressure, Strain Gauge [db]
# name 16 = flag:  0.000e+00
# span 0 =          1,        681       
# span 1 = 203.388738, 203.390706       
# span 2 =    0.00000,    0.04722       
# span 3 =     0.0000,     2.8333       
# span 4 =      0.000,    170.000       
# span 5 =   999.9827,  1025.2605       
# span 6 =   1089.049,  50554.443       
# span 7 =     0.5350,    31.6628       
# span 8 =      0.003,     87.490       
# span 9 =    6.20419,    7.61693       
# span 10 =     6.4968,    14.0550      
# span 11 =     6.5036,    14.0552      
# span 12 =    -0.0174,    24.8554      
# span 13 =   11.31624,   14.02320      
# span 14 = 5.5442e-02, 1.0585e+02      
# span 15 =      0.003,     88.335      
# span 16 = 0.0000e+00, 0.0000e+00      
# interval = seconds: 0.25
# start_time = Jul 22 2013 09:19:47 [Instrument's time stamp, header]
# bad_flag = -9.990e-29
*END*
[from data line 171]
        172 203.389233    0.01188     0.7125     42.750  1015.8391  34711.319    21.5557      1.156    6.31853    13.8946    13.9525    15.8338   11.56319 3.7465e+01      1.166 0.0000e+00
        173 203.389236    0.01194     0.7167     43.000  1015.8188  34667.277    21.5246      1.143    6.32234    13.8411    13.9329    15.8135   11.56994 3.8138e+01      1.154 0.0000e+00
        174 203.389239    0.01201     0.7208     43.250  1015.8217  34662.695    21.5196      1.119    6.32758    13.7830    13.8948    15.8166   11.57877 3.9071e+01      1.129 0.0000e+00
        175 203.389242    0.01208     0.7250     43.500  1015.8474  34697.155    21.5404      1.086    6.33387    13.7328    13.8412    15.8424   11.58903 4.0230e+01      1.096 0.0000e+00
        176 203.389245    0.01215     0.7292     43.750  1015.8867  34756.536    21.5779      1.050    6.34011    13.6983    13.7831    15.8819   11.59900 4.1392e+01      1.060 0.0000e+00
        177 203.389248    0.01222     0.7333     44.000  1015.9307  34826.926    21.6234      1.016    6.34498    13.6817    13.7330    15.9261   11.60661 4.2252e+01      1.026 0.0000e+00
        178 203.389251    0.01229     0.7375     44.250  1015.9733  34898.884    21.6707      0.989    6.34771    13.6829    13.6984    15.9688   11.61060 4.2679e+01      0.998 0.0000e+00
        179 203.389253    0.01236     0.7417     44.500  1016.0092  34962.835    21.7135      0.973    6.34824    13.7016    13.6818    16.0048   11.61097 4.2730e+01      0.982 0.0000e+00
        180 203.389256    0.01243     0.7458     44.750  1016.0357  35013.722    21.7484      0.970    6.34671    13.7349    13.6830    16.0313   11.60800 4.2462e+01      0.979 0.0000e+00
        181 203.389259    0.01250     0.7500     45.000  1016.0566  35058.419    21.7799      0.979    6.34298    13.7755    13.7017    16.0522   11.60140 4.1900e+01      0.989 0.0000e+00
        182 203.389262    0.01257     0.7542     45.250  1016.0746  35101.604    21.8111      1.000    6.33732    13.8150    13.7351    16.0701   11.59156 4.1097e+01      1.009 0.0000e+00
        183 203.389265    0.01264     0.7583     45.500  1016.0844  35130.945    21.8332      1.026    6.33107    13.8481    13.7756    16.0797   11.58085 4.0230e+01      1.035 0.0000e+00
        184 203.389268    0.01271     0.7625     45.750  1016.0784  35130.135    21.8347      1.053    6.32576    13.8718    13.8151    16.0737   11.57197 3.9539e+01      1.063 0.0000e+00
        185 203.389271    0.01278     0.7667     46.000  1016.0534  35091.394    21.8100      1.076    6.32235    13.8849    13.8482    16.0486   11.56655 3.9152e+01      1.086 0.0000e+00
        186 203.389274    0.01285     0.7708     46.250  1016.0119  35018.600    21.7615      1.091    6.32110    13.8867    13.8720    16.0069   11.56505 3.9047e+01      1.101 0.0000e+00
        187 203.389277    0.01292     0.7750     46.500  1015.9642  34931.448    21.7026      1.097    6.32167    13.8760    13.8851    15.9593   11.56670 3.9125e+01      1.107 0.0000e+00
        188 203.389280    0.01299     0.7792     46.750  1015.9237  34854.872    21.6504      1.094    6.32348    13.8531    13.8869    15.9188   11.57035 3.9346e+01      1.104 0.0000e+00
        189 203.389282    0.01306     0.7833     47.000  1015.8997  34806.251    21.6166      1.085    6.32622    13.8221    13.8762    15.8948   11.57533 3.9698e+01      1.095 0.0000e+00
        190 203.389285    0.01313     0.7875     47.250  1015.8958  34792.721    21.6062      1.073    6.32966    13.7898    13.8533    15.8909   11.58121 4.0119e+01      1.083 0.0000e+00
        191 203.389288    0.01319     0.7917     47.500  1015.9100  34811.219    21.6173      1.063    6.33333    13.7625    13.8223    15.9051   11.58722 4.0485e+01      1.073 0.0000e+00
        192 203.389291    0.01326     0.7958     47.750  1015.9367  34853.317    21.6444      1.056    6.33655    13.7434    13.7900    15.9318   11.59227 4.0718e+01      1.066 0.0000e+00
        193 203.389294    0.01333     0.8000     48.000  1015.9694  34908.294    21.6805      1.054    6.33876    13.7324    13.7627    15.9646   11.59554 4.0796e+01      1.064 0.0000e+00
        194 203.389297    0.01340     0.8042     48.250  1016.0013  34963.677    21.7173      1.057    6.33985    13.7281    13.7435    15.9965   11.59692 4.0703e+01      1.067 0.0000e+00
        195 203.389300    0.01347     0.8083     48.500  1016.0273  35010.276    21.7485      1.061    6.34008    13.7285    13.7326    16.0225   11.59693 4.0521e+01      1.071 0.0000e+00
        196 203.389303    0.01354     0.8125     48.750  1016.0459  35044.355    21.7716      1.066    6.33975    13.7316    13.7282    16.0410   11.59610 4.0418e+01      1.076 0.0000e+00
        197 203.389306    0.01361     0.8167     49.000  1016.0558  35063.293    21.7845      1.070    6.33917    13.7345    13.7287    16.0509   11.59499 4.0485e+01      1.080 0.0000e+00
        198 203.389308    0.01368     0.8208     49.250  1016.0559  35064.329    21.7854      1.071    6.33873    13.7358    13.7317    16.0510   11.59424 4.0674e+01      1.081 0.0000e+00
        199 203.389311    0.01375     0.8250     49.500  1016.0474  35048.970    21.7751      1.069    6.33875    13.7357    13.7346    16.0425   11.59439 4.0893e+01      1.079 0.0000e+00
        200 203.389314    0.01382     0.8292     49.750  1016.0348  35025.330    21.7590      1.064    6.33921    13.7352    13.7360    16.0299   11.59535 4.1127e+01      1.074 0.0000e+00
        201 203.389317    0.01389     0.8333     50.000  1016.0236  35003.964    21.7444      1.055    6.33980    13.7348    13.7359    16.0187   11.59651 4.1385e+01      1.065 0.0000e+00
        202 203.389320    0.01396     0.8375     50.250  1016.0171  34991.578    21.7360      1.044    6.34021    13.7349    13.7353    16.0123   11.59730 4.1613e+01      1.054 0.0000e+00
        203 203.389323    0.01403     0.8417     50.500  1016.0166  34990.567    21.7353      1.034    6.34029    13.7357    13.7349    16.0118   11.59743 4.1762e+01      1.044 0.0000e+00
        204 203.389326    0.01410     0.8458     50.750  1016.0223  35001.476    21.7427      1.026    6.33998    13.7379    13.7350    16.0176   11.59682 4.1812e+01      1.036 0.0000e+00
        205 203.389329    0.01417     0.8500     51.000  1016.0334  35022.993    21.7575      1.021    6.33929    13.7424    13.7358    16.0288   11.59550 4.1817e+01      1.031 0.0000e+00
        206 203.389332    0.01424     0.8542     51.250  1016.0485  35052.321    21.7776      1.019    6.33822    13.7504    13.7380    16.0439   11.59346 4.1814e+01      1.029 0.0000e+00
        207 203.389334    0.01431     0.8583     51.500  1016.0649  35084.742    21.8000      1.021    6.33674    13.7631    13.7425    16.0603   11.59073 4.1726e+01      1.031 0.0000e+00
        208 203.389337    0.01438     0.8625     51.750  1016.0791  35113.939    21.8203      1.027    6.33488    13.7812    13.7505    16.0745   11.58737 4.1582e+01      1.037 0.0000e+00
        209 203.389340    0.01444     0.8667     52.000  1016.0890  35136.134    21.8361      1.037    6.33257    13.8039    13.7632    16.0843   11.58332 4.1411e+01      1.047 0.0000e+00
        210 203.389343    0.01451     0.8708     52.250  1016.0945  35151.301    21.8475      1.051    6.32972    13.8284    13.7814    16.0897   11.57843 4.1111e+01      1.062 0.0000e+00
        211 203.389346    0.01458     0.8750     52.500  1016.0965  35161.275    21.8555      1.069    6.32639    13.8510    13.8041    16.0916   11.57278 4.0698e+01      1.079 0.0000e+00
        212 203.389349    0.01465     0.8792     52.750  1016.0956  35165.979    21.8599      1.088    6.32298    13.8689    13.8285    16.0906   11.56702 4.0359e+01      1.099 0.0000e+00
        213 203.389352    0.01472     0.8833     53.000  1016.0885  35158.563    21.8560      1.107    6.32015    13.8808    13.8511    16.0834   11.56233 4.0221e+01      1.117 0.0000e+00
        214 203.389355    0.01479     0.8875     53.250  1016.0697  35127.519    21.8357      1.122    6.31856    13.8862    13.8691    16.0645   11.55993 4.0299e+01      1.132 0.0000e+00
        215 203.389358    0.01486     0.8917     53.500  1016.0382  35070.687    21.7975      1.130    6.31850    13.8849    13.8809    16.0330   11.56027 4.0588e+01      1.140 0.0000e+00
        216 203.389361    0.01493     0.8958     53.750  1016.0025  35004.217    21.7524      1.128    6.31955    13.8761    13.8863    15.9973   11.56257 4.1061e+01      1.139 0.0000e+00
        217 203.389363    0.01500     0.9000     54.000  1015.9742  34950.188    21.7154      1.116    6.32117    13.8603    13.8850    15.9691   11.56571 4.1653e+01      1.126 0.0000e+00
        218 203.389366    0.01507     0.9042     54.250  1015.9617  34924.206    21.6972      1.094    6.32305    13.8416    13.8762    15.9567   11.56908 4.2296e+01      1.105 0.0000e+00
        219 203.389369    0.01514     0.9083     54.500  1015.9693  34934.507    21.7035      1.067    6.32490    13.8261    13.8604    15.9644   11.57209 4.2927e+01      1.077 0.0000e+00
        220 203.389372    0.01521     0.9125     54.750  1015.9976  34983.537    21.7360      1.037    6.32609    13.8182    13.8417    15.9929   11.57370 4.3508e+01      1.046 0.0000e+00
        221 203.389375    0.01528     0.9167     55.000  1016.0436  35067.114    21.7924      1.009    6.32594    13.8190    13.8262    16.0391   11.57277 4.3991e+01      1.018 0.0000e+00
        222 203.389378    0.01535     0.9208     55.250  1016.1007  35173.700    21.8648      0.987    6.32415    13.8276    13.8183    16.0962   11.56891 4.4260e+01      0.996 0.0000e+00
        223 203.389381    0.01542     0.9250     55.500  1016.1617  35289.984    21.9443      0.975    6.32093    13.8418    13.8191    16.1573   11.56258 4.4168e+01      0.984 0.0000e+00
        224 203.389384    0.01549     0.9292     55.750  1016.2225  35407.805    22.0254      0.973    6.31662    13.8587    13.8277    16.2180   11.55442 4.3717e+01      0.983 0.0000e+00
        225 203.389387    0.01556     0.9333     56.000  1016.2836  35527.674    22.1081      0.983    6.31150    13.8758    13.8419    16.2791   11.54488 4.3110e+01      0.992 0.0000e+00
        226 203.389389    0.01563     0.9375     56.250  1016.3462  35651.046    22.1935      1.001    6.30593    13.8913    13.8589    16.3416   11.53456 4.2476e+01      1.010 0.0000e+00
        227 203.389392    0.01569     0.9417     56.500  1016.4063  35769.618    22.2756      1.025    6.30048    13.9045    13.8759    16.4016   11.52447 4.1787e+01      1.034 0.0000e+00
        228 203.389395    0.01576     0.9458     56.750  1016.4579  35871.732    22.3463      1.051    6.29568    13.9151    13.8914    16.4532   11.51560 4.1173e+01      1.060 0.0000e+00
        229 203.389398    0.01583     0.9500     57.000  1016.4984  35951.900    22.4019      1.075    6.29177    13.9229    13.9046    16.4935   11.50840 4.0860e+01      1.085 0.0000e+00
        230 203.389401    0.01590     0.9542     57.250  1016.5276  36009.963    22.4422      1.095    6.28880    13.9281    13.9152    16.5226   11.50297 4.0815e+01      1.105 0.0000e+00
        231 203.389404    0.01597     0.9583     57.500  1016.5474  36049.538    22.4698      1.109    6.28670    13.9310    13.9231    16.5423   11.49913 4.0828e+01      1.119 0.0000e+00
        232 203.389407    0.01604     0.9625     57.750  1016.5611  36076.917    22.4888      1.116    6.28528    13.9321    13.9282    16.5560   11.49653 4.0859e+01      1.127 0.0000e+00
        233 203.389410    0.01611     0.9667     58.000  1016.5720  36098.368    22.5037      1.118    6.28432    13.9322    13.9311    16.5669   11.49475 4.1056e+01      1.129 0.0000e+00
        234 203.389413    0.01618     0.9708     58.250  1016.5831  36119.787    22.5184      1.116    6.28359    13.9318    13.9323    16.5780   11.49336 4.1489e+01      1.127 0.0000e+00
        235 203.389416    0.01625     0.9750     58.500  1016.5997  36151.291    22.5401      1.111    6.28274    13.9311    13.9324    16.5946   11.49168 4.2006e+01      1.122 0.0000e+00
        236 203.389418    0.01632     0.9792     58.750  1016.6269  36202.770    22.5754      1.103    6.28142    13.9299    13.9320    16.6219   11.48905 4.2428e+01      1.114 0.0000e+00
        237 203.389421    0.01639     0.9833     59.000  1016.6619  36269.048    22.6208      1.093    6.27975    13.9281    13.9312    16.6570   11.48572 4.2784e+01      1.103 0.0000e+00
        238 203.389424    0.01646     0.9875     59.250  1016.6969  36335.106    22.6661      1.081    6.27814    13.9260    13.9301    16.6920   11.48250 4.3156e+01      1.091 0.0000e+00
        239 203.389427    0.01653     0.9917     59.500  1016.7279  36393.310    22.7059      1.066    6.27682    13.9239    13.9283    16.7230   11.47982 4.3486e+01      1.076 0.0000e+00
        240 203.389430    0.01660     0.9958     59.750  1016.7546  36443.427    22.7402      1.049    6.27576    13.9219    13.9262    16.7498   11.47764 4.3718e+01      1.059 0.0000e+00
        241 203.389433    0.01667     1.0000     60.000  1016.7777  36486.867    22.7700      1.033    6.27488    13.9201    13.9241    16.7730   11.47583 4.3931e+01      1.042 0.0000e+00
        242 203.389436    0.01674     1.0042     60.250  1016.7994  36527.486    22.7978      1.018    6.27406    13.9181    13.9221    16.7948   11.47413 4.4125e+01      1.028 0.0000e+00
        243 203.389439    0.01681     1.0083     60.500  1016.8232  36571.925    22.8282      1.009    6.27312    13.9156    13.9202    16.8185   11.47221 4.4125e+01      1.019 0.0000e+00
        244 203.389442    0.01688     1.0125     60.750  1016.8515  36625.082    22.8647      1.007    6.27197    13.9120    13.9182    16.8469   11.46984 4.3816e+01      1.016 0.0000e+00
        245 203.389444    0.01694     1.0167     61.000  1016.8827  36683.316    22.9046      1.013    6.27075    13.9066    13.9157    16.8781   11.46733 4.3270e+01      1.023 0.0000e+00
        246 203.389447    0.01701     1.0208     61.250  1016.9110  36735.619    22.9403      1.028    6.26983    13.8992    13.9121    16.9063   11.46538 4.2638e+01      1.038 0.0000e+00
        247 203.389450    0.01708     1.0250     61.500  1016.9303  36770.444    22.9640      1.050    6.26962    13.8900    13.9067    16.9255   11.46474 4.1973e+01      1.060 0.0000e+00
        248 203.389453    0.01715     1.0292     61.750  1016.9333  36773.830    22.9660      1.074    6.27052    13.8796    13.8993    16.9284   11.46622 4.1378e+01      1.085 0.0000e+00
        249 203.389456    0.01722     1.0333     62.000  1016.9078  36722.803    22.9305      1.096    6.27310    13.8687    13.8901    16.9028   11.47097 4.1027e+01      1.107 0.0000e+00
        250 203.389459    0.01729     1.0375     62.250  1016.8396  36590.704    22.8392      1.111    6.27801    13.8572    13.8798    16.8345   11.48024 4.0941e+01      1.121 0.0000e+00
        251 203.389462    0.01736     1.0417     62.500  1016.7336  36386.960    22.6988      1.115    6.28491    13.8438    13.8689    16.7285   11.49343 4.1076e+01      1.126 0.0000e+00
        252 203.389465    0.01743     1.0458     62.750  1016.6203  36169.261    22.5488      1.108    6.29228    13.8276    13.8573    16.6152   11.50752 4.1444e+01      1.119 0.0000e+00
        253 203.389468    0.01750     1.0500     63.000  1016.5323  35999.171    22.4314      1.091    6.29861    13.8092    13.8440    16.5274   11.51949 4.2062e+01      1.101 0.0000e+00
        254 203.389470    0.01757     1.0542     63.250  1016.4904  35915.480    22.3731      1.067    6.30301    13.7914    13.8277    16.4855   11.52755 4.2849e+01      1.077 0.0000e+00
        255 203.389473    0.01764     1.0583     63.500  1016.4987  35926.450    22.3796      1.041    6.30519    13.7777    13.8093    16.4939   11.53110 4.3584e+01      1.051 0.0000e+00
