CTD-processing/allCTD/CNV--homogene/2013_07-21_t6_s04_cast074.cnv
* Sea-Bird SBE19plus Data File:
* FileName = C:\Users\kris.holderied\Documents\kasitsna\Research-Projects-and-Data\Oceanography-AK\CTD-CookInlet-GulfWatchAK\2013-07-EVOSTC-CookInlet-Ocean\2013-07-21-22-CookInlet-Tran6-Douglas\2013-07-21-22-CookInlet-Tran6-Douglas-cast074.hex
* Software Version 1.59
* Temperature SN =  5028
* Conductivity SN =  5028
* System UpLoad Time = Apr 09 2014 21:20:24
** Cook Inlet LTM Transect 6 (Douglas) west to east
** Date: 2013-07-21/22
** Station: 6-04
** Start time: 03:09
** Depth (m): 108
** CoComment:
** Comment:
# nquan = 17
# nvalues = 859                         
# units = specified
# name 0 = scan: Scan Count
# name 1 = timeJ: Julian Days
# name 2 = timeH: Time, Elapsed [hours]
# name 3 = timeM: Time, Elapsed [minutes]
# name 4 = timeS: Time, Elapsed [seconds]
# name 5 = density00: Density [density, kg/m^3]
# name 6 = specc: Specific Conductance [uS/cm]
# name 7 = sal00: Salinity, Practical [PSU]
# name 8 = depSM: Depth [salt water, m], lat = 59.00
# name 9 = oxsolML/L: Oxygen Saturation, Garcia & Gordon [ml/l]
# name 10 = potemp090C: Potential Temperature [ITS-90, deg C]
# name 11 = tv290C: Temperature [ITS-90, deg C]
# name 12 = sigma-é00: Density [sigma-theta, kg/m^3]
# name 13 = n2satML/L: Nitrogen Saturation [ml/l]
# name 14 = par: PAR/Irradiance, Biospherical/Licor
# name 15 = prdM: Pressure, Strain Gauge [db]
# name 16 = flag:  0.000e+00
# span 0 =          1,        859       
# span 1 = 203.132199, 203.134682       
# span 2 =    0.00000,    0.05958       
# span 3 =     0.0000,     3.5750       
# span 4 =      0.000,    214.500       
# span 5 =   999.8774,  1025.6837       
# span 6 =    321.114,  51188.795       
# span 7 =     0.1505,    32.2000       
# span 8 =     -0.047,    105.173       
# span 9 =    6.75162,    8.01987       
# span 10 =     6.5313,     9.3209      
# span 11 =     6.5403,     9.3209      
# span 12 =    -0.1223,    25.1951      
# span 13 =   12.15608,   14.71008      
# span 14 = 3.8836e-02, 1.7313e+00      
# span 15 =     -0.047,    106.193      
# span 16 = 0.0000e+00, 0.0000e+00      
# interval = seconds: 0.25
# start_time = Jul 22 2013 03:10:22 [Instrument's time stamp, header]
# bad_flag = -9.990e-29
*END*
          1 203.132199    0.00000     0.0000      0.000   999.8790    324.673     0.1522     -0.047    8.01987     9.3173     9.3172    -0.1208   14.71008 1.6377e+00     -0.047 0.0000e+00
          2 203.132202    0.00007     0.0042      0.250   999.8789    324.501     0.1521     -0.046    8.01987     9.3173     9.3172    -0.1209   14.71008 1.5792e+00     -0.046 0.0000e+00
          3 203.132205    0.00014     0.0083      0.500   999.8788    324.269     0.1520     -0.046    8.01987     9.3174     9.3173    -0.1210   14.71007 1.4822e+00     -0.046 0.0000e+00
          4 203.132208    0.00021     0.0125      0.750   999.8787    324.010     0.1519     -0.046    8.01987     9.3175     9.3173    -0.1211   14.71007 1.3219e+00     -0.046 0.0000e+00
          5 203.132211    0.00028     0.0167      1.000   999.8786    323.766     0.1517     -0.046    8.01986     9.3176     9.3174    -0.1212   14.71006 1.0557e+00     -0.046 0.0000e+00
          6 203.132214    0.00035     0.0208      1.250   999.8786    323.565     0.1516     -0.046    8.01985     9.3176     9.3175    -0.1212   14.71005 7.2247e-01     -0.046 0.0000e+00
          7 203.132216    0.00042     0.0250      1.500   999.8785    323.420     0.1516     -0.046    8.01984     9.3177     9.3176    -0.1213   14.71003 4.5510e-01     -0.046 0.0000e+00
          8 203.132219    0.00049     0.0292      1.750   999.8784    323.329     0.1515     -0.046    8.01983     9.3177     9.3176    -0.1214   14.71001 2.9429e-01     -0.046 0.0000e+00
          9 203.132222    0.00056     0.0333      2.000   999.8784    323.267     0.1515     -0.046    8.01982     9.3178     9.3177    -0.1214   14.71000 1.9804e-01     -0.046 0.0000e+00
         10 203.132225    0.00063     0.0375      2.250   999.8784    323.210     0.1515     -0.046    8.01981     9.3179     9.3177    -0.1214   14.70998 1.4059e-01     -0.046 0.0000e+00
         11 203.132228    0.00069     0.0417      2.500   999.8784    323.142     0.1514     -0.046    8.01980     9.3179     9.3178    -0.1214   14.70997 1.0649e-01     -0.046 0.0000e+00
         12 203.132231    0.00076     0.0458      2.750   999.8783    323.053     0.1514     -0.046    8.01979     9.3180     9.3179    -0.1215   14.70995 8.6621e-02     -0.046 0.0000e+00
         13 203.132234    0.00083     0.0500      3.000   999.8783    322.954     0.1513     -0.046    8.01978     9.3181     9.3179    -0.1215   14.70993 7.5713e-02     -0.046 0.0000e+00
         14 203.132237    0.00090     0.0542      3.250   999.8782    322.867     0.1513     -0.047    8.01977     9.3181     9.3180    -0.1216   14.70991 7.0964e-02     -0.047 0.0000e+00
         15 203.132240    0.00097     0.0583      3.500   999.8782    322.816     0.1513     -0.047    8.01976     9.3182     9.3181    -0.1216   14.70989 7.1138e-02     -0.047 0.0000e+00
         16 203.132242    0.00104     0.0625      3.750   999.8782    322.819     0.1513     -0.047    8.01974     9.3182     9.3181    -0.1216   14.70987 7.6090e-02     -0.047 0.0000e+00
         17 203.132245    0.00111     0.0667      4.000   999.8782    322.877     0.1513     -0.047    8.01973     9.3183     9.3182    -0.1216   14.70985 8.6825e-02     -0.047 0.0000e+00
         18 203.132248    0.00118     0.0708      4.250   999.8782    322.974     0.1514     -0.047    8.01972     9.3184     9.3182    -0.1215   14.70983 1.0607e-01     -0.047 0.0000e+00
         19 203.132251    0.00125     0.0750      4.500   999.8783    323.089     0.1514     -0.047    8.01970     9.3185     9.3183    -0.1215   14.70980 1.3900e-01     -0.047 0.0000e+00
         20 203.132254    0.00132     0.0792      4.750   999.8783    323.212     0.1515     -0.047    8.01968     9.3185     9.3184    -0.1214   14.70977 1.9415e-01     -0.047 0.0000e+00
         21 203.132257    0.00139     0.0833      5.000   999.8784    323.339     0.1515     -0.047    8.01966     9.3186     9.3185    -0.1214   14.70974 2.8443e-01     -0.047 0.0000e+00
         22 203.132260    0.00146     0.0875      5.250   999.8784    323.455     0.1516     -0.047    8.01965     9.3186     9.3185    -0.1214   14.70971 4.2348e-01     -0.047 0.0000e+00
         23 203.132263    0.00153     0.0917      5.500   999.8784    323.544     0.1516     -0.047    8.01963     9.3187     9.3186    -0.1213   14.70968 6.2164e-01     -0.047 0.0000e+00
         24 203.132266    0.00160     0.0958      5.750   999.8784    323.581     0.1516     -0.047    8.01962     9.3188     9.3186    -0.1213   14.70966 8.7198e-01     -0.047 0.0000e+00
         25 203.132269    0.00167     0.1000      6.000   999.8784    323.551     0.1516     -0.047    8.01961     9.3188     9.3187    -0.1214   14.70964 1.1323e+00     -0.047 0.0000e+00
         26 203.132271    0.00174     0.1042      6.250   999.8784    323.463     0.1516     -0.047    8.01960     9.3189     9.3188    -0.1214   14.70963 1.3489e+00     -0.047 0.0000e+00
         27 203.132274    0.00181     0.1083      6.500   999.8783    323.322     0.1515     -0.047    8.01959     9.3189     9.3188    -0.1215   14.70962 1.4978e+00     -0.047 0.0000e+00
         28 203.132277    0.00187     0.1125      6.750   999.8783    323.132     0.1514     -0.046    8.01958     9.3190     9.3189    -0.1215   14.70961 1.5891e+00     -0.046 0.0000e+00
         29 203.132280    0.00194     0.1167      7.000   999.8782    322.903     0.1513     -0.046    8.01958     9.3191     9.3189    -0.1216   14.70961 1.6442e+00     -0.046 0.0000e+00
         30 203.132283    0.00201     0.1208      7.250   999.8781    322.648     0.1512     -0.046    8.01957     9.3192     9.3190    -0.1217   14.70960 1.6779e+00     -0.046 0.0000e+00
         31 203.132286    0.00208     0.1250      7.500   999.8779    322.363     0.1511     -0.046    8.01957     9.3193     9.3191    -0.1218   14.70958 1.6977e+00     -0.046 0.0000e+00
         32 203.132289    0.00215     0.1292      7.750   999.8778    322.056     0.1509     -0.046    8.01956     9.3193     9.3192    -0.1219   14.70957 1.7092e+00     -0.046 0.0000e+00
         33 203.132292    0.00222     0.1333      8.000   999.8777    321.741     0.1508     -0.046    8.01956     9.3194     9.3192    -0.1221   14.70956 1.7167e+00     -0.046 0.0000e+00
         34 203.132295    0.00229     0.1375      8.250   999.8776    321.442     0.1506     -0.046    8.01955     9.3195     9.3193    -0.1222   14.70955 1.7223e+00     -0.046 0.0000e+00
         35 203.132297    0.00236     0.1417      8.500   999.8775    321.206     0.1505     -0.046    8.01954     9.3195     9.3194    -0.1223   14.70954 1.7263e+00     -0.046 0.0000e+00
         36 203.132300    0.00243     0.1458      8.750   999.8774    321.114     0.1505     -0.046    8.01953     9.3195     9.3194    -0.1223   14.70953 1.7292e+00     -0.046 0.0000e+00
         37 203.132303    0.00250     0.1500      9.000   999.8775    321.302     0.1506     -0.046    8.01952     9.3196     9.3195    -0.1222   14.70950 1.7313e+00     -0.046 0.0000e+00
         38 203.132306    0.00257     0.1542      9.250   999.8778    321.964     0.1509     -0.046    8.01949     9.3197     9.3195    -0.1220   14.70945 1.7310e+00     -0.046 0.0000e+00
         39 203.132309    0.00264     0.1583      9.500   999.8783    323.380     0.1516     -0.046    8.01944     9.3197     9.3196    -0.1215   14.70936 1.7271e+00     -0.046 0.0000e+00
         40 203.132312    0.00271     0.1625      9.750   999.8793    325.974     0.1528     -0.047    8.01937     9.3197     9.3197    -0.1205   14.70922 1.7197e+00     -0.047 0.0000e+00
         41 203.132315    0.00278     0.1667     10.000   999.8810    330.416     0.1549     -0.047    8.01925     9.3198     9.3197    -0.1188   14.70899 1.7078e+00     -0.047 0.0000e+00
         42 203.132318    0.00285     0.1708     10.250   999.8838    337.742     0.1585     -0.046    8.01906     9.3199     9.3197    -0.1160   14.70861 1.6849e+00     -0.047 0.0000e+00
         43 203.132321    0.00292     0.1750     10.500   999.8877    348.151     0.1635     -0.046    8.01879     9.3200     9.3198    -0.1121   14.70808 1.6387e+00     -0.046 0.0000e+00
         44 203.132323    0.00299     0.1792     10.750   999.8925    360.621     0.1695     -0.045    8.01846     9.3200     9.3199    -0.1073   14.70744 1.5560e+00     -0.045 0.0000e+00
         45 203.132326    0.00306     0.1833     11.000   999.8982    375.656     0.1768     -0.043    8.01808     9.3201     9.3200    -0.1016   14.70667 1.4301e+00     -0.043 0.0000e+00
         46 203.132329    0.00313     0.1875     11.250   999.9062    396.396     0.1869     -0.041    8.01755     9.3202     9.3200    -0.0936   14.70562 1.2583e+00     -0.041 0.0000e+00
         47 203.132332    0.00319     0.1917     11.500   999.9169    424.256     0.2004     -0.038    8.01684     9.3203     9.3201    -0.0829   14.70422 1.0388e+00     -0.038 0.0000e+00
         48 203.132335    0.00326     0.1958     11.750   999.9282    453.512     0.2147     -0.035    8.01609     9.3203     9.3202    -0.0716   14.70275 7.8638e-01     -0.035 0.0000e+00
         49 203.132338    0.00333     0.2000     12.000   999.9368    475.700     0.2257     -0.030    8.01551     9.3204     9.3203    -0.0630   14.70161 5.5026e-01     -0.031 0.0000e+00
         50 203.132341    0.00340     0.2042     12.250   999.9421    488.894     0.2323     -0.026    8.01515     9.3204     9.3203    -0.0578   14.70091 3.8858e-01     -0.027 0.0000e+00
         51 203.132344    0.00347     0.2083     12.500   999.9459    497.902     0.2372     -0.024    8.01489     9.3205     9.3204    -0.0540   14.70040 3.1102e-01     -0.024 0.0000e+00
         52 203.132347    0.00354     0.2125     12.750   999.9510    509.923     0.2438     -0.022    8.01454     9.3206     9.3204    -0.0488   14.69971 3.0084e-01     -0.022 0.0000e+00
         53 203.132350    0.00361     0.2167     13.000   999.9608    532.966     0.2563     -0.022    8.01390     9.3206     9.3205    -0.0390   14.69844 3.1625e-01     -0.022 0.0000e+00
         54 203.132352    0.00368     0.2208     13.250   999.9792    576.714     0.2797     -0.023    8.01270     9.3207     9.3206    -0.0206   14.69606 3.0375e-01     -0.023 0.0000e+00
         55 203.132355    0.00375     0.2250     13.500  1000.0120    655.052     0.3214     -0.024    8.01057     9.3207     9.3206     0.0121   14.69185 2.8376e-01     -0.024 0.0000e+00
         56 203.132358    0.00382     0.2292     13.750  1000.0681    789.739     0.3929     -0.026    8.00692     9.3208     9.3207     0.0682   14.68463 3.0885e-01     -0.026 0.0000e+00
         57 203.132361    0.00389     0.2333     14.000  1000.1620   1014.990     0.5124     -0.029    8.00081     9.3209     9.3207     0.1621   14.67256 3.9484e-01     -0.029 0.0000e+00
         58 203.132364    0.00396     0.2375     14.250  1000.3155   1382.539     0.7078     -0.033    7.99085     9.3209     9.3208     0.3156   14.65285 4.9357e-01     -0.033 0.0000e+00
         59 203.132367    0.00403     0.2417     14.500  1000.5601   1966.401     1.0194     -0.036    7.97498     9.3207     9.3209     0.5603   14.62146 5.4197e-01     -0.036 0.0000e+00
         60 203.132370    0.00410     0.2458     14.750  1000.9060   2785.234     1.4600     -0.039    7.95259     9.3202     9.3209     0.9062   14.57717 5.8868e-01     -0.039 0.0000e+00
         61 203.132373    0.00417     0.2500     15.000  1001.3074   3722.212     1.9718     -0.040    7.92671     9.3191     9.3207     1.3076   14.52599 6.8203e-01     -0.040 0.0000e+00
         62 203.132376    0.00424     0.2542     15.250  1001.6647   4541.528     2.4275     -0.041    7.90387     9.3169     9.3202     1.6649   14.48083 7.6554e-01     -0.041 0.0000e+00
         63 203.132378    0.00431     0.2583     15.500  1001.8896   5040.023     2.7144     -0.040    7.88986     9.3124     9.3191     1.8898   14.45317 8.1074e-01     -0.040 0.0000e+00
         64 203.132381    0.00438     0.2625     15.750  1002.0177   5294.478     2.8780     -0.039    7.88258     9.3031     9.3169     2.0179   14.43884 8.3456e-01     -0.039 0.0000e+00
         65 203.132384    0.00444     0.2667     16.000  1002.1821   5596.994     3.0883     -0.036    7.87382     9.2846     9.3124     2.1823   14.42158 8.4367e-01     -0.036 0.0000e+00
         66 203.132387    0.00451     0.2708     16.250  1002.5098   6217.558     3.5074     -0.030    7.85612     9.2498     9.3031     2.5099   14.38659 8.4285e-01     -0.030 0.0000e+00
         67 203.132390    0.00458     0.2750     16.500  1003.1325   7423.526     4.3033     -0.021    7.82227     9.1874     9.2846     3.1326   14.31950 8.3116e-01     -0.021 0.0000e+00
         68 203.132393    0.00465     0.2792     16.750  1004.2556   9627.485     5.7383     -0.006    7.76110     9.0791     9.2498     4.2556   14.19807 8.0644e-01     -0.006 0.0000e+00
         69 203.132396    0.00472     0.2833     17.000  1006.2213  13516.732     8.2493      0.020    7.65390     8.9012     9.1874     6.2212   13.98509 7.7001e-01      0.020 0.0000e+00
         70 203.132399    0.00479     0.2875     17.250  1009.6411  20337.468    12.6168      0.063    7.46676     8.6569     9.0791     9.6408   13.61307 7.1506e-01      0.063 0.0000e+00
         71 203.132402    0.00486     0.2917     17.500  1014.0177  29109.633    18.1981      0.121    7.23301     8.3962     8.9012    14.0171   13.14629 6.1638e-01      0.122 0.0000e+00
         72 203.132405    0.00493     0.2958     17.750  1017.4551  36020.022    22.5625      0.176    7.06578     8.1693     8.6569    17.4543   12.80674 4.8689e-01      0.178 0.0000e+00
         73 203.132407    0.00500     0.3000     18.000  1019.3321  39814.606    24.9236      0.212    6.99448     7.9929     8.3962    19.3311   12.65438 4.0139e-01      0.214 0.0000e+00
         74 203.132410    0.00507     0.3042     18.250  1020.5374  42233.057    26.4285      0.228    6.95864     7.8636     8.1693    20.5363   12.57338 3.9958e-01      0.230 0.0000e+00
         75 203.132413    0.00514     0.3083     18.500  1021.5970  44307.250    27.7539      0.233    6.92437     7.7729     7.9929    21.5959   12.49823 4.4030e-01      0.235 0.0000e+00
         76 203.132416    0.00521     0.3125     18.750  1022.3211  45717.086    28.6579      0.234    6.90251     7.7126     7.8636    22.3200   12.44958 4.8609e-01      0.236 0.0000e+00
         77 203.132419    0.00528     0.3167     19.000  1022.7383  46530.759    29.1761      0.235    6.89254     7.6758     7.7729    22.7372   12.42589 5.3914e-01      0.237 0.0000e+00
         78 203.132422    0.00535     0.3208     19.250  1023.1134  47248.539    29.6449      0.239    6.88035     7.6569     7.7126    23.1123   12.39941 5.9141e-01      0.241 0.0000e+00
         79 203.132425    0.00542     0.3250     19.500  1023.4290  47845.648    30.0415      0.247    6.86796     7.6524     7.6758    23.4279   12.37368 6.4483e-01      0.249 0.0000e+00
         80 203.132428    0.00549     0.3292     19.750  1023.6680  48294.077    30.3431      0.256    6.85720     7.6583     7.6569    23.6668   12.35196 6.9533e-01      0.258 0.0000e+00
         81 203.132431    0.00556     0.3333     20.000  1023.9262  48773.039    30.6715      0.260    6.84312     7.6694     7.6524    23.9250   12.32449 7.2313e-01      0.262 0.0000e+00
         82 203.132433    0.00562     0.3375     20.250  1024.2704  49407.079    31.1112      0.261    6.82247     7.6826     7.6583    24.2692   12.28479 7.2566e-01      0.263 0.0000e+00
         83 203.132436    0.00569     0.3417     20.500  1024.5854  49986.101    31.5143      0.266    6.80266     7.6970     7.6694    24.5841   12.24695 7.1470e-01      0.268 0.0000e+00
         84 203.132439    0.00576     0.3458     20.750  1024.7758  50336.136    31.7591      0.287    6.78965     7.7089     7.6826    24.7745   12.22236 7.0544e-01      0.289 0.0000e+00
         85 203.132442    0.00583     0.3500     21.000  1024.8809  50529.506    31.8954      0.326    6.78130     7.7135     7.6970    24.8794   12.20685 7.0182e-01      0.329 0.0000e+00
