CTD-processing/allCTD/CNV--homogene/2013_12-03_t9_s07_cast128.cnv
* Sea-Bird SBE19plus Data File:
* FileName = C:\Users\kris.holderied\Documents\kasitsna\Research-Projects-and-Data\Oceanography-AK\CTD-CookInlet-GulfWatchAK\2013-12-03-CookInlet-HomerSpit-monthly\2014_12_03_CookInlet_Tran9_cast128.hex
* Software Version 1.59
* Temperature SN =  4141
* Conductivity SN =  4141
* System UpLoad Time = Apr 14 2014 18:53:35
** Cook Inlet LTM Transect 9 (Homer Spit) Monthly
** Date: 2013-12-03
** Station: 9-07
** Start time: 14:00
** Depth (m): 102
** Comment: CTD time off by 1 hour
** Comment:
# nquan = 17
# nvalues = 641                         
# units = specified
# name 0 = scan: Scan Count
# name 1 = timeJ: Julian Days
# name 2 = timeH: Time, Elapsed [hours]
# name 3 = timeM: Time, Elapsed [minutes]
# name 4 = timeS: Time, Elapsed [seconds]
# name 5 = density00: Density [density, kg/m^3]
# name 6 = specc: Specific Conductance [uS/cm]
# name 7 = sal00: Salinity, Practical [PSU]
# name 8 = depSM: Depth [salt water, m], lat = 59.00
# name 9 = oxsolML/L: Oxygen Saturation, Garcia & Gordon [ml/l]
# name 10 = potemp090C: Potential Temperature [ITS-90, deg C]
# name 11 = tv290C: Temperature [ITS-90, deg C]
# name 12 = sigma-é00: Density [sigma-theta, kg/m^3]
# name 13 = n2satML/L: Nitrogen Saturation [ml/l]
# name 14 = par: PAR/Irradiance, Biospherical/Licor
# name 15 = prdM: Pressure, Strain Gauge [db]
# name 16 = flag:  0.000e+00
# span 0 =          1,        641       
# span 1 = 337.624826, 337.626678       
# span 2 =    0.00000,    0.04444       
# span 3 =     0.0000,     2.6667       
# span 4 =      0.000,    160.000       
# span 5 =  1001.2075,  1024.9661       
# span 6 =   3062.752,  49951.670       
# span 7 =     1.5462,    31.2599       
# span 8 =      0.174,     95.093       
# span 9 =    6.98074,    8.87941       
# span 10 =     4.8378,     6.6099      
# span 11 =     4.8378,     6.6180      
# span 12 =     1.2066,    24.5238      
# span 13 =   12.54443,   16.13480      
# span 14 = 3.6382e-02, 4.7321e+00      
# span 15 =      0.175,     96.012      
# span 16 = 0.0000e+00, 0.0000e+00      
# interval = seconds: 0.25
# start_time = Dec 03 2013 14:59:45 [Instrument's time stamp, header]
# bad_flag = -9.990e-29
*END*
[from data line 426]
        427 337.626059    0.02958     1.7750    106.500  1024.6543  49857.515    31.2029     34.869    7.00107     6.5066     6.5093    24.4919   12.57876 3.6382e-02     35.201 0.0000e+00
        428 337.626062    0.02965     1.7792    106.750  1024.6561  49857.952    31.2031     35.232    7.00104     6.5068     6.5094    24.4920   12.57872 3.6382e-02     35.567 0.0000e+00
        429 337.626065    0.02972     1.7833    107.000  1024.6578  49858.279    31.2032     35.596    7.00101     6.5071     6.5095    24.4921   12.57866 3.6382e-02     35.934 0.0000e+00
        430 337.626068    0.02979     1.7875    107.250  1024.6596  49858.698    31.2034     35.960    7.00096     6.5075     6.5098    24.4922   12.57858 3.6382e-02     36.302 0.0000e+00
        431 337.626071    0.02986     1.7917    107.500  1024.6615  49859.244    31.2036     36.325    7.00090     6.5080     6.5101    24.4924   12.57847 3.6382e-02     36.672 0.0000e+00
        432 337.626073    0.02993     1.7958    107.750  1024.6633  49859.686    31.2038     36.692    7.00081     6.5087     6.5106    24.4925   12.57833 3.6382e-02     37.042 0.0000e+00
        433 337.626076    0.03000     1.8000    108.000  1024.6650  49859.850    31.2039     37.061    7.00071     6.5093     6.5112    24.4925   12.57816 3.6382e-02     37.414 0.0000e+00
        434 337.626079    0.03007     1.8042    108.250  1024.6666  49859.817    31.2038     37.429    7.00061     6.5097     6.5118    24.4923   12.57800 3.6382e-02     37.786 0.0000e+00
        435 337.626082    0.03014     1.8083    108.500  1024.6681  49859.644    31.2036     37.798    7.00052     6.5101     6.5124    24.4921   12.57785 3.6382e-02     38.158 0.0000e+00
        436 337.626085    0.03021     1.8125    108.750  1024.6696  49859.386    31.2034     38.165    7.00046     6.5103     6.5129    24.4918   12.57774 3.6382e-02     38.529 0.0000e+00
        437 337.626088    0.03028     1.8167    109.000  1024.6710  49859.144    31.2031     38.533    7.00041     6.5104     6.5133    24.4915   12.57767 3.6382e-02     38.900 0.0000e+00
        438 337.626091    0.03035     1.8208    109.250  1024.6725  49858.962    31.2029     38.901    7.00037     6.5105     6.5136    24.4913   12.57762 3.6382e-02     39.271 0.0000e+00
        439 337.626094    0.03042     1.8250    109.500  1024.6740  49858.886    31.2027     39.269    7.00036     6.5104     6.5137    24.4911   12.57759 3.6382e-02     39.643 0.0000e+00
        440 337.626097    0.03049     1.8292    109.750  1024.6756  49858.795    31.2024     39.638    7.00036     6.5100     6.5138    24.4910   12.57759 3.6382e-02     40.015 0.0000e+00
        441 337.626100    0.03056     1.8333    110.000  1024.6770  49858.428    31.2020     40.006    7.00039     6.5093     6.5137    24.4906   12.57765 3.6382e-02     40.387 0.0000e+00
        442 337.626102    0.03062     1.8375    110.250  1024.6781  49857.641    31.2012     40.374    7.00048     6.5082     6.5134    24.4901   12.57780 3.6382e-02     40.759 0.0000e+00
        443 337.626105    0.03069     1.8417    110.500  1024.6790  49856.476    31.2001     40.742    7.00063     6.5066     6.5127    24.4893   12.57807 3.6382e-02     41.130 0.0000e+00
        444 337.626108    0.03076     1.8458    110.750  1024.6797  49854.960    31.1987     41.107    7.00087     6.5044     6.5117    24.4883   12.57849 3.6382e-02     41.500 0.0000e+00
        445 337.626111    0.03083     1.8500    111.000  1024.6804  49853.272    31.1970     41.471    7.00121     6.5017     6.5101    24.4873   12.57906 3.6382e-02     41.867 0.0000e+00
        446 337.626114    0.03090     1.8542    111.250  1024.6814  49852.310    31.1958     41.834    7.00162     6.4989     6.5079    24.4866   12.57976 3.6382e-02     42.233 0.0000e+00
        447 337.626117    0.03097     1.8583    111.500  1024.6831  49852.737    31.1955     42.197    7.00207     6.4964     6.5052    24.4866   12.58051 3.6382e-02     42.600 0.0000e+00
        448 337.626120    0.03104     1.8625    111.750  1024.6855  49854.287    31.1959     42.560    7.00250     6.4944     6.5025    24.4873   12.58122 3.6382e-02     42.966 0.0000e+00
        449 337.626123    0.03111     1.8667    112.000  1024.6883  49856.651    31.1969     42.924    7.00286     6.4930     6.5000    24.4884   12.58181 3.6382e-02     43.334 0.0000e+00
        450 337.626126    0.03118     1.8708    112.250  1024.6912  49859.288    31.1981     43.289    7.00313     6.4922     6.4980    24.4896   12.58223 3.6382e-02     43.702 0.0000e+00
        451 337.626128    0.03125     1.8750    112.500  1024.6939  49861.366    31.1992     43.654    7.00330     6.4917     6.4967    24.4906   12.58250 3.6382e-02     44.071 0.0000e+00
        452 337.626131    0.03132     1.8792    112.750  1024.6962  49862.628    31.1997     44.019    7.00340     6.4914     6.4959    24.4912   12.58266 3.6382e-02     44.439 0.0000e+00
        453 337.626134    0.03139     1.8833    113.000  1024.6980  49863.234    31.1999     44.382    7.00347     6.4910     6.4954    24.4913   12.58277 3.6382e-02     44.806 0.0000e+00
        454 337.626137    0.03146     1.8875    113.250  1024.6996  49863.299    31.1997     44.744    7.00353     6.4906     6.4951    24.4912   12.58287 3.6382e-02     45.171 0.0000e+00
        455 337.626140    0.03153     1.8917    113.500  1024.7011  49863.214    31.1995     45.103    7.00359     6.4902     6.4948    24.4911   12.58298 3.6382e-02     45.534 0.0000e+00
        456 337.626143    0.03160     1.8958    113.750  1024.7028  49863.422    31.1994     45.460    7.00366     6.4898     6.4944    24.4911   12.58309 3.6382e-02     45.894 0.0000e+00
        457 337.626146    0.03167     1.9000    114.000  1024.7046  49863.976    31.1995     45.815    7.00372     6.4896     6.4940    24.4912   12.58318 3.6382e-02     46.253 0.0000e+00
        458 337.626149    0.03174     1.9042    114.250  1024.7066  49864.862    31.1999     46.169    7.00375     6.4895     6.4937    24.4916   12.58324 3.6382e-02     46.611 0.0000e+00
        459 337.626152    0.03181     1.9083    114.500  1024.7087  49865.957    31.2004     46.523    7.00376     6.4897     6.4935    24.4920   12.58324 3.6382e-02     46.968 0.0000e+00
        460 337.626155    0.03188     1.9125    114.750  1024.7107  49866.915    31.2009     46.877    7.00374     6.4899     6.4935    24.4924   12.58320 3.6382e-02     47.324 0.0000e+00
        461 337.626157    0.03194     1.9167    115.000  1024.7126  49867.548    31.2012     47.230    7.00370     6.4901     6.4936    24.4927   12.58314 3.6382e-02     47.681 0.0000e+00
        462 337.626160    0.03201     1.9208    115.250  1024.7143  49867.930    31.2014     47.581    7.00366     6.4904     6.4938    24.4927   12.58306 3.6382e-02     48.035 0.0000e+00
        463 337.626163    0.03208     1.9250    115.500  1024.7160  49868.218    31.2015     47.929    7.00361     6.4906     6.4941    24.4928   12.58298 3.6382e-02     48.387 0.0000e+00
        464 337.626166    0.03215     1.9292    115.750  1024.7176  49868.505    31.2016     48.274    7.00356     6.4908     6.4944    24.4928   12.58289 3.6382e-02     48.735 0.0000e+00
        465 337.626169    0.03222     1.9333    116.000  1024.7192  49868.721    31.2016     48.615    7.00352     6.4910     6.4946    24.4928   12.58282 3.6382e-02     49.080 0.0000e+00
        466 337.626172    0.03229     1.9375    116.250  1024.7207  49868.725    31.2015     48.953    7.00348     6.4911     6.4949    24.4927   12.58277 3.6382e-02     49.421 0.0000e+00
        467 337.626175    0.03236     1.9417    116.500  1024.7220  49868.522    31.2013     49.288    7.00346     6.4911     6.4951    24.4924   12.58273 3.6382e-02     49.759 0.0000e+00
        468 337.626178    0.03243     1.9458    116.750  1024.7233  49868.305    31.2010     49.621    7.00345     6.4911     6.4953    24.4922   12.58272 3.6382e-02     50.096 0.0000e+00
        469 337.626181    0.03250     1.9500    117.000  1024.7247  49868.264    31.2008     49.953    7.00345     6.4910     6.4953    24.4921   12.58272 3.6382e-02     50.430 0.0000e+00
        470 337.626183    0.03257     1.9542    117.250  1024.7262  49868.441    31.2008     50.284    7.00345     6.4910     6.4953    24.4921   12.58272 3.6382e-02     50.764 0.0000e+00
        471 337.626186    0.03264     1.9583    117.500  1024.7278  49868.736    31.2008     50.614    7.00345     6.4910     6.4952    24.4921   12.58273 3.6382e-02     51.098 0.0000e+00
        472 337.626189    0.03271     1.9625    117.750  1024.7294  49869.058    31.2008     50.943    7.00345     6.4910     6.4952    24.4922   12.58273 3.6382e-02     51.430 0.0000e+00
        473 337.626192    0.03278     1.9667    118.000  1024.7310  49869.466    31.2010     51.270    7.00344     6.4912     6.4952    24.4923   12.58271 3.6382e-02     51.761 0.0000e+00
        474 337.626195    0.03285     1.9708    118.250  1024.7327  49869.987    31.2012     51.597    7.00342     6.4915     6.4953    24.4924   12.58267 3.6382e-02     52.090 0.0000e+00
        475 337.626198    0.03292     1.9750    118.500  1024.7345  49870.609    31.2015     51.923    7.00337     6.4920     6.4956    24.4927   12.58258 3.6382e-02     52.419 0.0000e+00
        476 337.626201    0.03299     1.9792    118.750  1024.7362  49871.230    31.2018     52.250    7.00330     6.4924     6.4959    24.4929   12.58246 3.6382e-02     52.750 0.0000e+00
        477 337.626204    0.03306     1.9833    119.000  1024.7378  49871.434    31.2019     52.581    7.00322     6.4928     6.4964    24.4929   12.58233 3.6382e-02     53.084 0.0000e+00
        478 337.626207    0.03313     1.9875    119.250  1024.7391  49871.128    31.2016     52.914    7.00315     6.4929     6.4969    24.4926   12.58222 3.6382e-02     53.421 0.0000e+00
        479 337.626209    0.03319     1.9917    119.500  1024.7403  49870.762    31.2013     53.251    7.00311     6.4929     6.4972    24.4923   12.58215 3.6382e-02     53.760 0.0000e+00
        480 337.626212    0.03326     1.9958    119.750  1024.7417  49870.614    31.2011     53.589    7.00309     6.4930     6.4974    24.4921   12.58213 3.6382e-02     54.102 0.0000e+00
        481 337.626215    0.03333     2.0000    120.000  1024.7431  49870.665    31.2010     53.928    7.00309     6.4930     6.4975    24.4920   12.58212 3.6382e-02     54.444 0.0000e+00
        482 337.626218    0.03340     2.0042    120.250  1024.7447  49870.798    31.2009     54.267    7.00308     6.4929     6.4975    24.4920   12.58211 3.6382e-02     54.786 0.0000e+00
        483 337.626221    0.03347     2.0083    120.500  1024.7461  49870.778    31.2008     54.604    7.00308     6.4927     6.4975    24.4919   12.58212 3.6382e-02     55.127 0.0000e+00
        484 337.626224    0.03354     2.0125    120.750  1024.7474  49870.416    31.2003     54.940    7.00311     6.4923     6.4975    24.4915   12.58217 3.6382e-02     55.466 0.0000e+00
        485 337.626227    0.03361     2.0167    121.000  1024.7485  49869.783    31.1997     55.274    7.00317     6.4916     6.4973    24.4911   12.58228 3.6382e-02     55.803 0.0000e+00
        486 337.626230    0.03368     2.0208    121.250  1024.7496  49869.282    31.1991     55.607    7.00326     6.4909     6.4969    24.4907   12.58244 3.6382e-02     56.139 0.0000e+00
        487 337.626233    0.03375     2.0250    121.500  1024.7510  49869.351    31.1989     55.939    7.00338     6.4903     6.4963    24.4906   12.58263 3.6382e-02     56.475 0.0000e+00
        488 337.626236    0.03382     2.0292    121.750  1024.7528  49870.019    31.1991     56.272    7.00348     6.4898     6.4956    24.4908   12.58280 3.6382e-02     56.811 0.0000e+00
        489 337.626238    0.03389     2.0333    122.000  1024.7547  49870.903    31.1994     56.605    7.00356     6.4896     6.4949    24.4912   12.58293 3.6382e-02     57.148 0.0000e+00
        490 337.626241    0.03396     2.0375    122.250  1024.7565  49871.610    31.1997     56.939    7.00361     6.4895     6.4945    24.4914   12.58301 3.6382e-02     57.484 0.0000e+00
        491 337.626244    0.03403     2.0417    122.500  1024.7582  49872.116    31.1998     57.271    7.00364     6.4894     6.4943    24.4916   12.58306 3.6382e-02     57.820 0.0000e+00
        492 337.626247    0.03410     2.0458    122.750  1024.7599  49872.554    31.2000     57.603    7.00365     6.4894     6.4942    24.4917   12.58307 3.6382e-02     58.155 0.0000e+00
        493 337.626250    0.03417     2.0500    123.000  1024.7615  49872.929    31.2001     57.935    7.00365     6.4894     6.4942    24.4918   12.58307 3.6382e-02     58.490 0.0000e+00
        494 337.626253    0.03424     2.0542    123.250  1024.7631  49873.201    31.2001     58.268    7.00365     6.4894     6.4942    24.4918   12.58307 3.6382e-02     58.826 0.0000e+00
        495 337.626256    0.03431     2.0583    123.500  1024.7646  49873.294    31.2000     58.602    7.00365     6.4894     6.4943    24.4917   12.58306 3.6382e-02     59.163 0.0000e+00
        496 337.626259    0.03438     2.0625    123.750  1024.7661  49873.381    31.2000     58.939    7.00364     6.4894     6.4944    24.4916   12.58305 3.6382e-02     59.503 0.0000e+00
        497 337.626262    0.03444     2.0667    124.000  1024.7678  49873.918    31.2002     59.279    7.00363     6.4896     6.4944    24.4918   12.58303 3.6382e-02     59.846 0.0000e+00
        498 337.626264    0.03451     2.0708    124.250  1024.7699  49874.940    31.2007     59.622    7.00360     6.4900     6.4944    24.4923   12.58297 3.6382e-02     60.192 0.0000e+00
        499 337.626267    0.03458     2.0750    124.500  1024.7720  49876.069    31.2014     59.968    7.00353     6.4906     6.4946    24.4928   12.58286 3.6382e-02     60.542 0.0000e+00
        500 337.626270    0.03465     2.0792    124.750  1024.7741  49877.172    31.2020     60.316    7.00343     6.4916     6.4950    24.4932   12.58268 3.6382e-02     60.894 0.0000e+00
        501 337.626273    0.03472     2.0833    125.000  1024.7764  49878.616    31.2030     60.666    7.00328     6.4930     6.4957    24.4939   12.58241 3.6382e-02     61.248 0.0000e+00
        502 337.626276    0.03479     2.0875    125.250  1024.7793  49881.074    31.2047     61.019    7.00304     6.4952     6.4967    24.4951   12.58200 3.6382e-02     61.604 0.0000e+00
        503 337.626279    0.03486     2.0917    125.500  1024.7826  49884.335    31.2070     61.372    7.00269     6.4980     6.4981    24.4968   12.58139 3.6382e-02     61.961 0.0000e+00
        504 337.626282    0.03493     2.0958    125.750  1024.7854  49886.697    31.2089     61.727    7.00224     6.5008     6.5004    24.4980   12.58062 3.6382e-02     62.319 0.0000e+00
        505 337.626285    0.03500     2.1000    126.000  1024.7872  49886.962    31.2095     62.083    7.00175     6.5033     6.5032    24.4981   12.57981 3.6382e-02     62.678 0.0000e+00
        506 337.626288    0.03507     2.1042    126.250  1024.7881  49885.789    31.2091     62.440    7.00130     6.5053     6.5060    24.4974   12.57908 3.6382e-02     63.038 0.0000e+00
        507 337.626291    0.03514     2.1083    126.500  1024.7888  49884.176    31.2082     62.797    7.00093     6.5066     6.5086    24.4964   12.57847 3.6382e-02     63.399 0.0000e+00
        508 337.626293    0.03521     2.1125    126.750  1024.7895  49882.539    31.2073     63.155    7.00065     6.5075     6.5105    24.4954   12.57802 3.6382e-02     63.760 0.0000e+00
        509 337.626296    0.03528     2.1167    127.000  1024.7904  49881.387    31.2066     63.511    7.00046     6.5083     6.5119    24.4947   12.57771 3.6382e-02     64.120 0.0000e+00
        510 337.626299    0.03535     2.1208    127.250  1024.7918  49881.149    31.2064     63.866    7.00031     6.5090     6.5129    24.4945   12.57747 3.6382e-02     64.478 0.0000e+00
