CTD-processing/allCTD/CNV--homogene/2013_07-21_t6_s15_cast063.cnv
* Sea-Bird SBE19plus Data File:
* FileName = C:\Users\kris.holderied\Documents\kasitsna\Research-Projects-and-Data\Oceanography-AK\CTD-CookInlet-GulfWatchAK\2013-07-EVOSTC-CookInlet-Ocean\2013-07-21-22-CookInlet-Tran6-Douglas\2013-07-21-22-CookInlet-Tran6-Douglas-cast063.hex
* Software Version 1.59
* Temperature SN =  5028
* Conductivity SN =  5028
* System UpLoad Time = Apr 09 2014 21:05:36
** Cook Inlet LTM Transect 6 (Douglas) west to east
** Date: 2013-07-21/22
** Station: 6-15
** Start time: 22:37
** Depth (m): 152
** CoComment:
** Comment:
# nquan = 17
# nvalues = 1320                        
# units = specified
# name 0 = scan: Scan Count
# name 1 = timeJ: Julian Days
# name 2 = timeH: Time, Elapsed [hours]
# name 3 = timeM: Time, Elapsed [minutes]
# name 4 = timeS: Time, Elapsed [seconds]
# name 5 = density00: Density [density, kg/m^3]
# name 6 = specc: Specific Conductance [uS/cm]
# name 7 = sal00: Salinity, Practical [PSU]
# name 8 = depSM: Depth [salt water, m], lat = 59.00
# name 9 = oxsolML/L: Oxygen Saturation, Garcia & Gordon [ml/l]
# name 10 = potemp090C: Potential Temperature [ITS-90, deg C]
# name 11 = tv290C: Temperature [ITS-90, deg C]
# name 12 = sigma-é00: Density [sigma-theta, kg/m^3]
# name 13 = n2satML/L: Nitrogen Saturation [ml/l]
# name 14 = par: PAR/Irradiance, Biospherical/Licor
# name 15 = prdM: Pressure, Strain Gauge [db]
# name 16 = flag:  0.000e+00
# span 0 =          1,       1320       
# span 1 = 202.943299, 202.947115       
# span 2 =    0.00000,    0.09160       
# span 3 =     0.0000,     5.4958       
# span 4 =      0.000,    329.750       
# span 5 =   999.8895,  1026.1854       
# span 6 =    618.572,  51907.929       
# span 7 =     0.3044,    32.2436       
# span 8 =     -0.019,    146.478       
# span 9 =    6.43027,    7.78099       
# span 10 =     4.9206,    10.6174      
# span 11 =     4.9313,    10.6174      
# span 12 =    -0.1104,    25.4992      
# span 13 =   11.62997,   14.30426      
# span 14 = 4.3666e-02, 1.2525e+02      
# span 15 =     -0.019,    147.914      
# span 16 = 0.0000e+00, 0.0000e+00      
# interval = seconds: 0.25
# start_time = Jul 21 2013 22:38:21 [Instrument's time stamp, header]
# bad_flag = -9.990e-29
*END*
[from data line 511]
        512 202.944777    0.03549     2.1292    127.750  1025.1607  50703.190    31.9274     43.412    6.84160     7.2784     7.2997    24.9596   12.30607 5.0118e-02     43.827 0.0000e+00
        513 202.944780    0.03556     2.1333    128.000  1025.1640  50708.366    31.9294     43.513    6.84294     7.2712     7.2906    24.9624   12.30826 5.0080e-02     43.928 0.0000e+00
        514 202.944783    0.03562     2.1375    128.250  1025.1670  50713.285    31.9314     43.595    6.84414     7.2645     7.2824    24.9651   12.31022 5.0042e-02     44.011 0.0000e+00
        515 202.944786    0.03569     2.1417    128.500  1025.1685  50715.426    31.9316     43.666    6.84525     7.2573     7.2752    24.9662   12.31205 4.9996e-02     44.083 0.0000e+00
        516 202.944789    0.03576     2.1458    128.750  1025.1687  50715.369    31.9303     43.734    6.84637     7.2496     7.2685    24.9662   12.31391 4.9947e-02     44.152 0.0000e+00
        517 202.944792    0.03583     2.1500    129.000  1025.1686  50714.479    31.9284     43.806    6.84757     7.2409     7.2613    24.9656   12.31593 4.9892e-02     44.224 0.0000e+00
        518 202.944795    0.03590     2.1542    129.250  1025.1680  50712.768    31.9259     43.887    6.84890     7.2313     7.2536    24.9646   12.31816 4.9829e-02     44.306 0.0000e+00
        519 202.944797    0.03597     2.1583    129.500  1025.1676  50711.459    31.9234     43.983    6.85037     7.2212     7.2449    24.9639   12.32063 4.9757e-02     44.403 0.0000e+00
        520 202.944800    0.03604     2.1625    129.750  1025.1685  50712.185    31.9222     44.096    6.85194     7.2114     7.2353    24.9642   12.32324 4.9674e-02     44.517 0.0000e+00
        521 202.944803    0.03611     2.1667    130.000  1025.1706  50714.979    31.9223     44.226    6.85352     7.2021     7.2252    24.9657   12.32585 4.9579e-02     44.648 0.0000e+00
        522 202.944806    0.03618     2.1708    130.250  1025.1733  50718.747    31.9231     44.369    6.85503     7.1933     7.2154    24.9677   12.32833 4.9482e-02     44.793 0.0000e+00
        523 202.944809    0.03625     2.1750    130.500  1025.1758  50722.195    31.9239     44.522    6.85646     7.1846     7.2061    24.9695   12.33068 4.9393e-02     44.947 0.0000e+00
        524 202.944812    0.03632     2.1792    130.750  1025.1777  50724.541    31.9239     44.679    6.85784     7.1754     7.1974    24.9707   12.33296 4.9320e-02     45.105 0.0000e+00
        525 202.944815    0.03639     2.1833    131.000  1025.1791  50725.798    31.9232     44.833    6.85924     7.1654     7.1886    24.9713   12.33529 4.9260e-02     45.261 0.0000e+00
        526 202.944818    0.03646     2.1875    131.250  1025.1801  50726.664    31.9221     44.981    6.86074     7.1547     7.1795    24.9717   12.33778 4.9197e-02     45.410 0.0000e+00
        527 202.944821    0.03653     2.1917    131.500  1025.1815  50728.197    31.9214     45.117    6.86235     7.1439     7.1695    24.9724   12.34045 4.9126e-02     45.548 0.0000e+00
        528 202.944823    0.03660     2.1958    131.750  1025.1840  50731.709    31.9219     45.241    6.86402     7.1339     7.1588    24.9743   12.34320 4.9056e-02     45.674 0.0000e+00
        529 202.944826    0.03667     2.2000    132.000  1025.1877  50737.765    31.9241     45.355    6.86562     7.1253     7.1480    24.9775   12.34582 4.8997e-02     45.788 0.0000e+00
        530 202.944829    0.03674     2.2042    132.250  1025.1923  50745.373    31.9276     45.460    6.86704     7.1184     7.1380    24.9816   12.34812 4.8951e-02     45.894 0.0000e+00
        531 202.944832    0.03681     2.2083    132.500  1025.1969  50753.030    31.9314     45.560    6.86822     7.1130     7.1294    24.9857   12.35002 4.8910e-02     45.995 0.0000e+00
        532 202.944835    0.03687     2.2125    132.750  1025.2009  50759.694    31.9348     45.658    6.86915     7.1085     7.1225    24.9893   12.35153 4.8863e-02     46.094 0.0000e+00
        533 202.944838    0.03694     2.2167    133.000  1025.2041  50764.762    31.9373     45.758    6.86990     7.1045     7.1171    24.9920   12.35273 4.8804e-02     46.195 0.0000e+00
        534 202.944841    0.03701     2.2208    133.250  1025.2063  50767.934    31.9387     45.864    6.87054     7.1002     7.1126    24.9937   12.35378 4.8740e-02     46.302 0.0000e+00
        535 202.944844    0.03708     2.2250    133.500  1025.2075  50769.370    31.9389     45.977    6.87117     7.0953     7.1086    24.9944   12.35482 4.8681e-02     46.416 0.0000e+00
        536 202.944847    0.03715     2.2292    133.750  1025.2083  50769.854    31.9385     46.099    6.87187     7.0897     7.1043    24.9946   12.35598 4.8626e-02     46.539 0.0000e+00
        537 202.944850    0.03722     2.2333    134.000  1025.2091  50770.279    31.9378     46.230    6.87267     7.0835     7.0994    24.9947   12.35730 4.8564e-02     46.672 0.0000e+00
        538 202.944852    0.03729     2.2375    134.250  1025.2101  50771.155    31.9374     46.370    6.87357     7.0767     7.0939    24.9951   12.35880 4.8497e-02     46.813 0.0000e+00
        539 202.944855    0.03736     2.2417    134.500  1025.2114  50772.356    31.9371     46.516    6.87457     7.0692     7.0877    24.9957   12.36046 4.8424e-02     46.960 0.0000e+00
        540 202.944858    0.03743     2.2458    134.750  1025.2126  50773.396    31.9365     46.665    6.87567     7.0609     7.0809    24.9962   12.36228 4.8346e-02     47.111 0.0000e+00
        541 202.944861    0.03750     2.2500    135.000  1025.2139  50774.669    31.9360     46.813    6.87688     7.0521     7.0734    24.9968   12.36428 4.8271e-02     47.260 0.0000e+00
        542 202.944864    0.03757     2.2542    135.250  1025.2160  50777.606    31.9365     46.954    6.87817     7.0439     7.0651    24.9983   12.36642 4.8213e-02     47.402 0.0000e+00
        543 202.944867    0.03764     2.2583    135.500  1025.2195  50782.977    31.9387     47.083    6.87946     7.0369     7.0563    25.0011   12.36852 4.8165e-02     47.532 0.0000e+00
        544 202.944870    0.03771     2.2625    135.750  1025.2236  50789.786    31.9419     47.196    6.88062     7.0313     7.0481    25.0047   12.37039 4.8116e-02     47.647 0.0000e+00
        545 202.944873    0.03778     2.2667    136.000  1025.2277  50796.495    31.9453     47.293    6.88157     7.0271     7.0411    25.0083   12.37193 4.8068e-02     47.745 0.0000e+00
        546 202.944876    0.03785     2.2708    136.250  1025.2312  50802.326    31.9483     47.375    6.88231     7.0241     7.0356    25.0115   12.37312 4.8023e-02     47.827 0.0000e+00
        547 202.944878    0.03792     2.2750    136.500  1025.2340  50807.023    31.9508     47.445    6.88286     7.0218     7.0314    25.0140   12.37399 4.7984e-02     47.898 0.0000e+00
        548 202.944881    0.03799     2.2792    136.750  1025.2362  50810.530    31.9527     47.509    6.88326     7.0201     7.0283    25.0158   12.37463 4.7949e-02     47.963 0.0000e+00
        549 202.944884    0.03806     2.2833    137.000  1025.2378  50812.960    31.9539     47.574    6.88356     7.0186     7.0261    25.0171   12.37510 4.7914e-02     48.029 0.0000e+00
        550 202.944887    0.03812     2.2875    137.250  1025.2390  50814.533    31.9547     47.650    6.88380     7.0169     7.0244    25.0180   12.37549 4.7876e-02     48.105 0.0000e+00
        551 202.944890    0.03819     2.2917    137.500  1025.2400  50815.665    31.9552     47.745    6.88402     7.0150     7.0228    25.0186   12.37585 4.7834e-02     48.200 0.0000e+00
        552 202.944893    0.03826     2.2958    137.750  1025.2411  50816.828    31.9557     47.864    6.88426     7.0125     7.0212    25.0191   12.37624 4.7789e-02     48.321 0.0000e+00
        553 202.944896    0.03833     2.3000    138.000  1025.2425  50818.292    31.9563     48.010    6.88454     7.0091     7.0192    25.0199   12.37670 4.7730e-02     48.468 0.0000e+00
        554 202.944899    0.03840     2.3042    138.250  1025.2444  50820.308    31.9571     48.180    6.88490     7.0047     7.0167    25.0209   12.37728 4.7658e-02     48.641 0.0000e+00
        555 202.944902    0.03847     2.3083    138.500  1025.2469  50823.478    31.9586     48.369    6.88536     6.9991     7.0134    25.0225   12.37802 4.7581e-02     48.831 0.0000e+00
        556 202.944905    0.03854     2.3125    138.750  1025.2504  50828.325    31.9611     48.566    6.88595     6.9925     7.0089    25.0251   12.37897 4.7505e-02     49.030 0.0000e+00
        557 202.944907    0.03861     2.3167    139.000  1025.2547  50834.882    31.9646     48.760    6.88668     6.9858     7.0034    25.0286   12.38013 4.7437e-02     49.226 0.0000e+00
        558 202.944910    0.03868     2.3208    139.250  1025.2600  50843.129    31.9691     48.940    6.88751     6.9797     6.9969    25.0330   12.38144 4.7378e-02     49.407 0.0000e+00
        559 202.944913    0.03875     2.3250    139.500  1025.2657  50852.422    31.9743     49.095    6.88835     6.9748     6.9901    25.0379   12.38276 4.7328e-02     49.564 0.0000e+00
        560 202.944916    0.03882     2.3292    139.750  1025.2710  50861.290    31.9793     49.221    6.88909     6.9713     6.9840    25.0427   12.38392 4.7289e-02     49.691 0.0000e+00
        561 202.944919    0.03889     2.3333    140.000  1025.2755  50868.762    31.9836     49.316    6.88967     6.9692     6.9791    25.0467   12.38483 4.7268e-02     49.787 0.0000e+00
        562 202.944922    0.03896     2.3375    140.250  1025.2790  50874.718    31.9871     49.384    6.89006     6.9684     6.9757    25.0499   12.38544 4.7264e-02     49.856 0.0000e+00
        563 202.944925    0.03903     2.3417    140.500  1025.2816  50878.994    31.9897     49.432    6.89028     6.9684     6.9736    25.0522   12.38576 4.7262e-02     49.905 0.0000e+00
        564 202.944928    0.03910     2.3458    140.750  1025.2829  50881.114    31.9910     49.470    6.89035     6.9684     6.9728    25.0534   12.38586 4.7256e-02     49.943 0.0000e+00
        565 202.944931    0.03917     2.3500    141.000  1025.2830  50881.101    31.9910     49.509    6.89035     6.9678     6.9728    25.0533   12.38586 4.7245e-02     49.982 0.0000e+00
        566 202.944933    0.03924     2.3542    141.250  1025.2826  50879.853    31.9901     49.560    6.89038     6.9663     6.9728    25.0526   12.38593 4.7225e-02     50.034 0.0000e+00
        567 202.944936    0.03931     2.3583    141.500  1025.2822  50878.742    31.9892     49.631    6.89052     6.9640     6.9722    25.0520   12.38617 4.7193e-02     50.106 0.0000e+00
        568 202.944939    0.03938     2.3625    141.750  1025.2827  50878.927    31.9890     49.727    6.89077     6.9615     6.9707    25.0520   12.38659 4.7154e-02     50.203 0.0000e+00
        569 202.944942    0.03944     2.3667    142.000  1025.2841  50880.555    31.9896     49.848    6.89110     6.9591     6.9684    25.0529   12.38712 4.7115e-02     50.325 0.0000e+00
        570 202.944945    0.03951     2.3708    142.250  1025.2860  50882.910    31.9908     49.991    6.89145     6.9568     6.9659    25.0541   12.38768 4.7073e-02     50.468 0.0000e+00
        571 202.944948    0.03958     2.3750    142.500  1025.2879  50885.251    31.9919     50.148    6.89178     6.9546     6.9635    25.0553   12.38822 4.7024e-02     50.628 0.0000e+00
        572 202.944951    0.03965     2.3792    142.750  1025.2897  50887.231    31.9928     50.315    6.89210     6.9525     6.9612    25.0563   12.38873 4.6968e-02     50.796 0.0000e+00
        573 202.944954    0.03972     2.3833    143.000  1025.2914  50889.071    31.9936     50.483    6.89240     6.9505     6.9591    25.0572   12.38923 4.6912e-02     50.966 0.0000e+00
        574 202.944957    0.03979     2.3875    143.250  1025.2933  50891.166    31.9946     50.649    6.89270     6.9488     6.9569    25.0583   12.38970 4.6856e-02     51.134 0.0000e+00
        575 202.944959    0.03986     2.3917    143.500  1025.2952  50893.393    31.9957     50.807    6.89296     6.9475     6.9550    25.0594   12.39012 4.6800e-02     51.294 0.0000e+00
        576 202.944962    0.03993     2.3958    143.750  1025.2969  50895.393    31.9967     50.957    6.89318     6.9463     6.9533    25.0605   12.39047 4.6743e-02     51.445 0.0000e+00
        577 202.944965    0.04000     2.4000    144.000  1025.2983  50896.972    31.9975     51.097    6.89336     6.9450     6.9519    25.0613   12.39076 4.6690e-02     51.586 0.0000e+00
        578 202.944968    0.04007     2.4042    144.250  1025.2995  50898.164    31.9981     51.229    6.89352     6.9437     6.9508    25.0619   12.39102 4.6650e-02     51.719 0.0000e+00
        579 202.944971    0.04014     2.4083    144.500  1025.3008  50899.435    31.9987     51.353    6.89369     6.9424     6.9496    25.0625   12.39129 4.6622e-02     51.845 0.0000e+00
        580 202.944974    0.04021     2.4125    144.750  1025.3022  50901.119    31.9996     51.470    6.89386     6.9414     6.9483    25.0634   12.39155 4.6601e-02     51.963 0.0000e+00
        581 202.944977    0.04028     2.4167    145.000  1025.3036  50902.937    32.0006     51.581    6.89401     6.9406     6.9470    25.0643   12.39179 4.6585e-02     52.074 0.0000e+00
        582 202.944980    0.04035     2.4208    145.250  1025.3050  50904.531    32.0014     51.686    6.89413     6.9401     6.9460    25.0652   12.39198 4.6569e-02     52.181 0.0000e+00
        583 202.944983    0.04042     2.4250    145.500  1025.3061  50905.753    32.0021     51.788    6.89422     6.9397     6.9452    25.0658   12.39213 4.6549e-02     52.284 0.0000e+00
        584 202.944986    0.04049     2.4292    145.750  1025.3070  50906.610    32.0026     51.889    6.89429     6.9394     6.9447    25.0662   12.39223 4.6519e-02     52.386 0.0000e+00
        585 202.944988    0.04056     2.4333    146.000  1025.3077  50907.207    32.0029     51.992    6.89433     6.9392     6.9443    25.0665   12.39230 4.6480e-02     52.490 0.0000e+00
        586 202.944991    0.04063     2.4375    146.250  1025.3084  50907.613    32.0031     52.100    6.89436     6.9390     6.9441    25.0667   12.39235 4.6436e-02     52.598 0.0000e+00
        587 202.944994    0.04069     2.4417    146.500  1025.3090  50907.892    32.0032     52.213    6.89439     6.9388     6.9439    25.0668   12.39240 4.6394e-02     52.713 0.0000e+00
        588 202.944997    0.04076     2.4458    146.750  1025.3097  50908.126    32.0033     52.332    6.89442     6.9386     6.9437    25.0669   12.39244 4.6355e-02     52.833 0.0000e+00
        589 202.945000    0.04083     2.4500    147.000  1025.3103  50908.360    32.0033     52.456    6.89445     6.9383     6.9435    25.0670   12.39248 4.6320e-02     52.958 0.0000e+00
        590 202.945003    0.04090     2.4542    147.250  1025.3110  50908.629    32.0034     52.583    6.89447     6.9380     6.9433    25.0671   12.39253 4.6291e-02     53.086 0.0000e+00
        591 202.945006    0.04097     2.4583    147.500  1025.3117  50908.968    32.0035     52.711    6.89451     6.9376     6.9430    25.0672   12.39259 4.6264e-02     53.215 0.0000e+00
        592 202.945009    0.04104     2.4625    147.750  1025.3125  50909.403    32.0037     52.837    6.89455     6.9373     6.9427    25.0674   12.39265 4.6237e-02     53.343 0.0000e+00
        593 202.945012    0.04111     2.4667    148.000  1025.3133  50909.952    32.0040     52.959    6.89460     6.9370     6.9423    25.0676   12.39272 4.6215e-02     53.466 0.0000e+00
        594 202.945014    0.04118     2.4708    148.250  1025.3141  50910.517    32.0043     53.074    6.89464     6.9368     6.9420    25.0679   12.39279 4.6195e-02     53.582 0.0000e+00
        595 202.945017    0.04125     2.4750    148.500  1025.3148  50910.966    32.0045     53.181    6.89467     6.9367     6.9417    25.0681   12.39285 4.6171e-02     53.690 0.0000e+00
