CTD-processing/allCTD/CNV--homogene/2013_10-29_t9_s07_cast119.cnv
* Sea-Bird SBE19plus Data File:
* FileName = C:\Users\kris.holderied\Documents\kasitsna\Research-Projects-and-Data\Oceanography-AK\CTD-CookInlet-GulfWatchAK\2013-10-11-EVOSTC-CookInlet-Ocean\2013-10-29-CookInlet-Tran9-HomerSpit\2013-10-29-CookInlet-Tran9-cast119.hex
* Software Version 1.59
* Temperature SN =  5028
* Conductivity SN =  5028
* System UpLoad Time = Feb 14 2014 21:18:17
** Cook Inlet Transect 9 (Homer Spit) south to north
** Date: 2013-10-29
** Station: 9-07
** Start time: 10:26
** Depth (m): 98
** Comment:  CTD instrument time is AK Daylight time
** Comment:
# nquan = 17
# nvalues = 1104                        
# units = specified
# name 0 = scan: Scan Count
# name 1 = timeJ: Julian Days
# name 2 = timeH: Time, Elapsed [hours]
# name 3 = timeM: Time, Elapsed [minutes]
# name 4 = timeS: Time, Elapsed [seconds]
# name 5 = density00: Density [density, kg/m^3]
# name 6 = specc: Specific Conductance [uS/cm]
# name 7 = sal00: Salinity, Practical [PSU]
# name 8 = depSM: Depth [salt water, m], lat = 59.00
# name 9 = oxsolML/L: Oxygen Saturation, Garcia & Gordon [ml/l]
# name 10 = potemp090C: Potential Temperature [ITS-90, deg C]
# name 11 = tv290C: Temperature [ITS-90, deg C]
# name 12 = sigma-é00: Density [sigma-theta, kg/m^3]
# name 13 = n2satML/L: Nitrogen Saturation [ml/l]
# name 14 = par: PAR/Irradiance, Biospherical/Licor
# name 15 = prdM: Pressure, Strain Gauge [db]
# name 16 = flag:  0.000e+00
# span 0 =          1,       1104       
# span 1 = 302.435799, 302.438990       
# span 2 =    0.00000,    0.07660       
# span 3 =     0.0000,     4.5958       
# span 4 =      0.000,    275.750       
# span 5 =  1000.0464,  1024.1092       
# span 6 =    368.007,  48421.644       
# span 7 =     0.1711,    30.5479       
# span 8 =     -0.172,     97.127       
# span 9 =    6.66907,    8.51487       
# span 10 =     6.8559,     8.8498      
# span 11 =     6.8559,     8.8558      
# span 12 =     0.0471,    23.6621      
# span 13 =   12.03766,   15.54426      
# span 14 = 4.4319e-02, 5.8383e+01      
# span 15 =     -0.173,     98.066      
# span 16 = 0.0000e+00, 0.0000e+00      
# interval = seconds: 0.25
# start_time = Oct 29 2013 10:27:33 [Instrument's time stamp, header]
# bad_flag = -9.990e-29
*END*
[from data line 1022]
       1023 302.438756    0.07097     4.2583    255.500  1024.0402  48365.489    30.5131     88.189    6.67000     8.8185     8.8275    23.6341   12.03959 4.4408e-02     89.040 0.0000e+00
       1024 302.438759    0.07104     4.2625    255.750  1024.0407  48365.632    30.5132     88.295    6.67000     8.8184     8.8275    23.6341   12.03959 4.4424e-02     89.147 0.0000e+00
       1025 302.438762    0.07111     4.2667    256.000  1024.0412  48365.761    30.5132     88.400    6.67001     8.8184     8.8274    23.6342   12.03960 4.4425e-02     89.254 0.0000e+00
       1026 302.438764    0.07118     4.2708    256.250  1024.0418  48365.907    30.5133     88.507    6.67002     8.8183     8.8274    23.6342   12.03961 4.4413e-02     89.361 0.0000e+00
       1027 302.438767    0.07125     4.2750    256.500  1024.0424  48366.135    30.5134     88.615    6.67002     8.8183     8.8273    23.6343   12.03961 4.4401e-02     89.471 0.0000e+00
       1028 302.438770    0.07132     4.2792    256.750  1024.0430  48366.442    30.5135     88.726    6.67002     8.8182     8.8273    23.6344   12.03961 4.4394e-02     89.583 0.0000e+00
       1029 302.438773    0.07139     4.2833    257.000  1024.0437  48366.809    30.5137     88.840    6.67002     8.8180     8.8272    23.6346   12.03961 4.4388e-02     89.698 0.0000e+00
       1030 302.438776    0.07146     4.2875    257.250  1024.0444  48367.212    30.5140     88.956    6.67002     8.8179     8.8271    23.6348   12.03961 4.4383e-02     89.815 0.0000e+00
       1031 302.438779    0.07153     4.2917    257.500  1024.0451  48367.594    30.5142     89.074    6.67002     8.8179     8.8270    23.6350   12.03961 4.4377e-02     89.934 0.0000e+00
       1032 302.438782    0.07160     4.2958    257.750  1024.0458  48367.922    30.5143     89.193    6.67003     8.8178     8.8270    23.6352   12.03962 4.4367e-02     90.054 0.0000e+00
       1033 302.438785    0.07167     4.3000    258.000  1024.0465  48368.184    30.5145     89.314    6.67003     8.8178     8.8269    23.6353   12.03963 4.4357e-02     90.176 0.0000e+00
       1034 302.438788    0.07174     4.3042    258.250  1024.0471  48368.395    30.5146     89.436    6.67004     8.8178     8.8269    23.6353   12.03963 4.4359e-02     90.299 0.0000e+00
       1035 302.438791    0.07181     4.3083    258.500  1024.0477  48368.579    30.5146     89.556    6.67004     8.8177     8.8268    23.6354   12.03964 4.4369e-02     90.421 0.0000e+00
       1036 302.438793    0.07187     4.3125    258.750  1024.0483  48368.736    30.5147     89.675    6.67004     8.8177     8.8268    23.6354   12.03964 4.4380e-02     90.541 0.0000e+00
       1037 302.438796    0.07194     4.3167    259.000  1024.0489  48368.882    30.5147     89.791    6.67004     8.8176     8.8268    23.6355   12.03964 4.4385e-02     90.658 0.0000e+00
       1038 302.438799    0.07201     4.3208    259.250  1024.0495  48369.069    30.5148     89.905    6.67004     8.8175     8.8267    23.6355   12.03964 4.4375e-02     90.773 0.0000e+00
       1039 302.438802    0.07208     4.3250    259.500  1024.0501  48369.327    30.5149     90.017    6.67004     8.8174     8.8267    23.6356   12.03964 4.4363e-02     90.886 0.0000e+00
       1040 302.438805    0.07215     4.3292    259.750  1024.0507  48369.636    30.5151     90.127    6.67005     8.8173     8.8266    23.6358   12.03964 4.4363e-02     90.997 0.0000e+00
       1041 302.438808    0.07222     4.3333    260.000  1024.0514  48369.944    30.5152     90.236    6.67005     8.8173     8.8265    23.6359   12.03965 4.4364e-02     91.107 0.0000e+00
       1042 302.438811    0.07229     4.3375    260.250  1024.0520  48370.240    30.5154     90.345    6.67006     8.8172     8.8265    23.6360   12.03966 4.4362e-02     91.217 0.0000e+00
       1043 302.438814    0.07236     4.3417    260.500  1024.0526  48370.516    30.5155     90.455    6.67006     8.8172     8.8264    23.6361   12.03966 4.4363e-02     91.329 0.0000e+00
       1044 302.438817    0.07243     4.3458    260.750  1024.0532  48370.704    30.5156     90.567    6.67006     8.8172     8.8263    23.6362   12.03966 4.4364e-02     91.442 0.0000e+00
       1045 302.438819    0.07250     4.3500    261.000  1024.0538  48370.822    30.5156     90.681    6.67006     8.8172     8.8263    23.6362   12.03966 4.4360e-02     91.557 0.0000e+00
       1046 302.438822    0.07257     4.3542    261.250  1024.0544  48370.982    30.5157     90.798    6.67006     8.8172     8.8264    23.6363   12.03965 4.4355e-02     91.675 0.0000e+00
       1047 302.438825    0.07264     4.3583    261.500  1024.0550  48371.252    30.5158     90.918    6.67005     8.8171     8.8264    23.6364   12.03964 4.4358e-02     91.796 0.0000e+00
       1048 302.438828    0.07271     4.3625    261.750  1024.0558  48371.614    30.5160     91.038    6.67004     8.8171     8.8264    23.6366   12.03962 4.4365e-02     91.918 0.0000e+00
       1049 302.438831    0.07278     4.3667    262.000  1024.0565  48371.958    30.5162     91.159    6.67004     8.8171     8.8264    23.6367   12.03961 4.4368e-02     92.040 0.0000e+00
       1050 302.438834    0.07285     4.3708    262.250  1024.0571  48372.188    30.5163     91.279    6.67004     8.8171     8.8263    23.6368   12.03961 4.4368e-02     92.161 0.0000e+00
       1051 302.438837    0.07292     4.3750    262.500  1024.0577  48372.365    30.5164     91.396    6.67004     8.8170     8.8263    23.6368   12.03961 4.4368e-02     92.279 0.0000e+00
       1052 302.438840    0.07299     4.3792    262.750  1024.0583  48372.594    30.5165     91.510    6.67003     8.8170     8.8263    23.6369   12.03961 4.4370e-02     92.394 0.0000e+00
       1053 302.438843    0.07306     4.3833    263.000  1024.0590  48372.923    30.5167     91.621    6.67003     8.8170     8.8263    23.6371   12.03960 4.4370e-02     92.507 0.0000e+00
       1054 302.438845    0.07312     4.3875    263.250  1024.0597  48373.409    30.5170     91.730    6.67002     8.8169     8.8263    23.6373   12.03958 4.4366e-02     92.617 0.0000e+00
       1055 302.438848    0.07319     4.3917    263.500  1024.0605  48374.012    30.5174     91.837    6.67001     8.8168     8.8262    23.6376   12.03955 4.4364e-02     92.725 0.0000e+00
       1056 302.438851    0.07326     4.3958    263.750  1024.0613  48374.636    30.5177     91.943    6.67000     8.8167     8.8262    23.6379   12.03953 4.4365e-02     92.832 0.0000e+00
       1057 302.438854    0.07333     4.4000    264.000  1024.0621  48375.302    30.5181     92.050    6.66999     8.8166     8.8261    23.6383   12.03951 4.4369e-02     92.939 0.0000e+00
       1058 302.438857    0.07340     4.4042    264.250  1024.0630  48376.077    30.5186     92.159    6.66998     8.8165     8.8260    23.6386   12.03949 4.4370e-02     93.050 0.0000e+00
       1059 302.438860    0.07347     4.4083    264.500  1024.0640  48376.986    30.5192     92.271    6.66997     8.8164     8.8259    23.6391   12.03947 4.4368e-02     93.163 0.0000e+00
       1060 302.438863    0.07354     4.4125    264.750  1024.0650  48377.952    30.5198     92.388    6.66996     8.8163     8.8258    23.6396   12.03944 4.4365e-02     93.281 0.0000e+00
       1061 302.438866    0.07361     4.4167    265.000  1024.0660  48378.848    30.5204     92.507    6.66995     8.8162     8.8257    23.6401   12.03942 4.4360e-02     93.401 0.0000e+00
       1062 302.438869    0.07368     4.4208    265.250  1024.0670  48379.655    30.5209     92.628    6.66995     8.8160     8.8256    23.6405   12.03941 4.4354e-02     93.524 0.0000e+00
       1063 302.438872    0.07375     4.4250    265.500  1024.0679  48380.464    30.5214     92.750    6.66995     8.8159     8.8255    23.6409   12.03939 4.4351e-02     93.646 0.0000e+00
       1064 302.438874    0.07382     4.4292    265.750  1024.0690  48381.392    30.5220     92.870    6.66994     8.8157     8.8254    23.6414   12.03937 4.4354e-02     93.767 0.0000e+00
       1065 302.438877    0.07389     4.4333    266.000  1024.0700  48382.430    30.5226     92.987    6.66993     8.8156     8.8253    23.6419   12.03935 4.4362e-02     93.886 0.0000e+00
       1066 302.438880    0.07396     4.4375    266.250  1024.0711  48383.443    30.5232     93.102    6.66992     8.8154     8.8251    23.6424   12.03933 4.4374e-02     94.002 0.0000e+00
       1067 302.438883    0.07403     4.4417    266.500  1024.0721  48384.383    30.5238     93.212    6.66992     8.8153     8.8250    23.6429   12.03932 4.4391e-02     94.113 0.0000e+00
       1068 302.438886    0.07410     4.4458    266.750  1024.0730  48385.329    30.5244     93.318    6.66991     8.8152     8.8248    23.6434   12.03930 4.4407e-02     94.220 0.0000e+00
       1069 302.438889    0.07417     4.4500    267.000  1024.0741  48386.390    30.5251     93.421    6.66989     8.8152     8.8247    23.6439   12.03926 4.4411e-02     94.324 0.0000e+00
       1070 302.438892    0.07424     4.4542    267.250  1024.0752  48387.610    30.5259     93.521    6.66987     8.8151     8.8247    23.6446   12.03922 4.4408e-02     94.425 0.0000e+00
       1071 302.438895    0.07431     4.4583    267.500  1024.0764  48389.010    30.5268     93.622    6.66984     8.8151     8.8246    23.6453   12.03916 4.4401e-02     94.527 0.0000e+00
       1072 302.438898    0.07437     4.4625    267.750  1024.0777  48390.668    30.5279     93.724    6.66980     8.8152     8.8246    23.6462   12.03908 4.4391e-02     94.630 0.0000e+00
       1073 302.438900    0.07444     4.4667    268.000  1024.0792  48392.547    30.5292     93.830    6.66974     8.8153     8.8246    23.6472   12.03897 4.4377e-02     94.737 0.0000e+00
       1074 302.438903    0.07451     4.4708    268.250  1024.0807  48394.393    30.5305     93.940    6.66968     8.8154     8.8247    23.6482   12.03884 4.4370e-02     94.849 0.0000e+00
       1075 302.438906    0.07458     4.4750    268.500  1024.0820  48395.982    30.5315     94.055    6.66962     8.8154     8.8248    23.6490   12.03873 4.4376e-02     94.965 0.0000e+00
       1076 302.438909    0.07465     4.4792    268.750  1024.0833  48397.340    30.5325     94.174    6.66956     8.8155     8.8249    23.6497   12.03863 4.4385e-02     95.085 0.0000e+00
       1077 302.438912    0.07472     4.4833    269.000  1024.0845  48398.589    30.5333     94.297    6.66951     8.8155     8.8250    23.6503   12.03853 4.4388e-02     95.209 0.0000e+00
       1078 302.438915    0.07479     4.4875    269.250  1024.0856  48399.758    30.5340     94.421    6.66946     8.8156     8.8251    23.6509   12.03844 4.4386e-02     95.334 0.0000e+00
       1079 302.438918    0.07486     4.4917    269.500  1024.0868  48400.882    30.5348     94.546    6.66942     8.8156     8.8251    23.6515   12.03836 4.4388e-02     95.460 0.0000e+00
       1080 302.438921    0.07493     4.4958    269.750  1024.0879  48401.971    30.5355     94.670    6.66938     8.8156     8.8252    23.6521   12.03829 4.4392e-02     95.586 0.0000e+00
       1081 302.438924    0.07500     4.5000    270.000  1024.0890  48403.033    30.5362     94.792    6.66935     8.8156     8.8252    23.6526   12.03823 4.4393e-02     95.708 0.0000e+00
       1082 302.438927    0.07507     4.5042    270.250  1024.0902  48404.207    30.5370     94.910    6.66931     8.8156     8.8252    23.6532   12.03816 4.4393e-02     95.828 0.0000e+00
       1083 302.438929    0.07514     4.5083    270.500  1024.0914  48405.648    30.5379     95.024    6.66927     8.8156     8.8252    23.6539   12.03808 4.4396e-02     95.944 0.0000e+00
       1084 302.438932    0.07521     4.5125    270.750  1024.0929  48407.407    30.5391     95.136    6.66923     8.8155     8.8252    23.6549   12.03799 4.4399e-02     96.057 0.0000e+00
       1085 302.438935    0.07528     4.5167    271.000  1024.0944  48409.420    30.5405     95.245    6.66917     8.8153     8.8252    23.6560   12.03788 4.4398e-02     96.166 0.0000e+00
       1086 302.438938    0.07535     4.5208    271.250  1024.0960  48411.503    30.5419     95.351    6.66913     8.8151     8.8251    23.6571   12.03779 4.4395e-02     96.274 0.0000e+00
       1087 302.438941    0.07542     4.5250    271.500  1024.0975  48413.458    30.5432     95.456    6.66909     8.8148     8.8249    23.6581   12.03772 4.4395e-02     96.380 0.0000e+00
       1088 302.438944    0.07549     4.5292    271.750  1024.0990  48415.231    30.5443     95.561    6.66907     8.8145     8.8247    23.6590   12.03767 4.4397e-02     96.486 0.0000e+00
       1089 302.438947    0.07556     4.5333    272.000  1024.1003  48416.771    30.5453     95.667    6.66907     8.8142     8.8244    23.6599   12.03766 4.4395e-02     96.593 0.0000e+00
       1090 302.438950    0.07562     4.5375    272.250  1024.1014  48417.930    30.5460     95.775    6.66908     8.8141     8.8241    23.6605   12.03767 4.4391e-02     96.702 0.0000e+00
       1091 302.438953    0.07569     4.5417    272.500  1024.1023  48418.697    30.5465     95.886    6.66909     8.8140     8.8239    23.6609   12.03768 4.4387e-02     96.814 0.0000e+00
       1092 302.438955    0.07576     4.5458    272.750  1024.1031  48419.206    30.5468     96.000    6.66910     8.8139     8.8238    23.6611   12.03769 4.4386e-02     96.929 0.0000e+00
       1093 302.438958    0.07583     4.5500    273.000  1024.1038  48419.554    30.5470     96.117    6.66911     8.8139     8.8237    23.6613   12.03769 4.4395e-02     97.047 0.0000e+00
       1094 302.438961    0.07590     4.5542    273.250  1024.1044  48419.803    30.5471     96.235    6.66911     8.8139     8.8237    23.6614   12.03769 4.4405e-02     97.166 0.0000e+00
       1095 302.438964    0.07597     4.5583    273.500  1024.1050  48420.019    30.5472     96.354    6.66911     8.8138     8.8237    23.6615   12.03769 4.4411e-02     97.287 0.0000e+00
       1096 302.438967    0.07604     4.5625    273.750  1024.1057  48420.232    30.5473     96.473    6.66911     8.8138     8.8237    23.6615   12.03769 4.4416e-02     97.406 0.0000e+00
       1097 302.438970    0.07611     4.5667    274.000  1024.1063  48420.432    30.5474     96.589    6.66911     8.8137     8.8236    23.6616   12.03769 4.4419e-02     97.524 0.0000e+00
       1098 302.438973    0.07618     4.5708    274.250  1024.1069  48420.629    30.5475     96.701    6.66911     8.8137     8.8236    23.6617   12.03769 4.4414e-02     97.637 0.0000e+00
       1099 302.438976    0.07625     4.5750    274.500  1024.1075  48420.824    30.5476     96.808    6.66911     8.8136     8.8235    23.6618   12.03769 4.4406e-02     97.745 0.0000e+00
       1100 302.438979    0.07632     4.5792    274.750  1024.1080  48421.013    30.5476     96.907    6.66911     8.8136     8.8235    23.6618   12.03770 4.4404e-02     97.845 0.0000e+00
       1101 302.438981    0.07639     4.5833    275.000  1024.1085  48421.229    30.5477     96.995    6.66911     8.8135     8.8234    23.6619   12.03770 4.4401e-02     97.933 0.0000e+00
       1102 302.438984    0.07646     4.5875    275.250  1024.1089  48421.442    30.5478     97.066    6.66911     8.8135     8.8234    23.6620   12.03770 4.4395e-02     98.004 0.0000e+00
       1103 302.438987    0.07653     4.5917    275.500  1024.1091  48421.590    30.5479     97.111    6.66912 -9.990e-29     8.8233    23.6621   12.03771 4.4390e-02     98.050 0.0000e+00
       1104 302.438990    0.07660     4.5958    275.750  1024.1092  48421.644    30.5479     97.127    6.66912 -9.990e-29     8.8233    23.6621   12.03771 4.4388e-02     98.066 0.0000e+00
