CTD-processing/allCTD/CNV--homogene/2013_06-06_t9_s09_cast153.cnv
* Sea-Bird SBE19plus Data File:
* FileName = C:\Documents and Settings\kbayadmin\My Documents\CTD data\2013-06-06 Kachemak Bay all bay inner bay\2013-06-06 Kachemak Bay All Bay Inner Bay cast153.hex
* Software Version 1.59
* Temperature SN =  5028
* Conductivity SN =  5028
* System UpLoad Time = Jun 18 2013 15:39:03
** Kachemak Bay All Bay Inner Bay
** 2013-06-06
** Station: 9.09
** N': 59 35.546
** W': 151 23.952
** Start Time: 1025
** Depth(ft): 258
# nquan = 17
# nvalues = 607                         
# units = specified
# name 0 = scan: Scan Count
# name 1 = timeJ: Julian Days
# name 2 = timeH: Time, Elapsed [hours]
# name 3 = timeM: Time, Elapsed [minutes]
# name 4 = timeS: Time, Elapsed [seconds]
# name 5 = density00: Density [density, kg/m^3]
# name 6 = specc: Specific Conductance [uS/cm]
# name 7 = sal00: Salinity, Practical [PSU]
# name 8 = depSM: Depth [salt water, m], lat = 59.00
# name 9 = oxsolML/L: Oxygen Saturation, Garcia & Gordon [ml/l]
# name 10 = potemp090C: Potential Temperature [ITS-90, deg C]
# name 11 = tv290C: Temperature [ITS-90, deg C]
# name 12 = sigma-é00: Density [sigma-theta, kg/m^3]
# name 13 = n2satML/L: Nitrogen Saturation [ml/l]
# name 14 = par: PAR/Irradiance, Biospherical/Licor
# name 15 = prdM: Pressure, Strain Gauge [db]
# name 16 = flag:  0.000e+00
# span 0 =          1,        607       
# span 1 = 157.434410, 157.436163       
# span 2 =    0.00000,    0.04208       
# span 3 =     0.0000,     2.5250       
# span 4 =      0.000,    151.500       
# span 5 =  1000.1779,  1025.4502       
# span 6 =    957.919,  51141.914       
# span 7 =     0.4735,    31.7524       
# span 8 =      0.000,     72.514       
# span 9 =    6.66978,    8.11982       
# span 10 =     4.9146,     9.1081      
# span 11 =     4.9197,     9.1081      
# span 12 =     0.1779,    25.1106      
# span 13 =   12.04985,   14.87398      
# span 14 = 5.9298e-02, 1.7336e+03      
# span 15 =      0.000,     73.211      
# span 16 = 0.0000e+00, 0.0000e+00      
# interval = seconds: 0.25
# start_time = Jun 06 2013 10:25:33 [Instrument's time stamp, header]
# bad_flag = -9.990e-29
*END*
[from data line 171]
        172 157.434905    0.01188     0.7125     42.750  1023.1123  47345.606    29.8262      0.827    6.71314     8.7384     8.7383    23.1085   12.11949 8.7115e+02      0.835 0.0000e+00
        173 157.434907    0.01194     0.7167     43.000  1023.1144  47349.314    29.8287      0.827    6.71304     8.7388     8.7382    23.1106   12.11928 8.5510e+02      0.835 0.0000e+00
        174 157.434910    0.01201     0.7208     43.250  1023.1148  47350.188    29.8294      0.827    6.71298     8.7394     8.7384    23.1110   12.11917 8.3494e+02      0.835 0.0000e+00
        175 157.434913    0.01208     0.7250     43.500  1023.1132  47347.270    29.8274      0.827    6.71300     8.7397     8.7389    23.1094   12.11923 7.9885e+02      0.835 0.0000e+00
        176 157.434916    0.01215     0.7292     43.750  1023.1099  47341.123    29.8232      0.828    6.71310     8.7397     8.7394    23.1061   12.11945 7.6803e+02      0.836 0.0000e+00
        177 157.434919    0.01222     0.7333     44.000  1023.1064  47334.744    29.8188      0.828    6.71324     8.7397     8.7398    23.1026   12.11973 7.6116e+02      0.836 0.0000e+00
        178 157.434922    0.01229     0.7375     44.250  1023.1050  47332.210    29.8170      0.828    6.71331     8.7403     8.7398    23.1012   12.11988 7.6181e+02      0.836 0.0000e+00
        179 157.434925    0.01236     0.7417     44.500  1023.1066  47335.084    29.8190      0.828    6.71323     8.7423     8.7398    23.1027   12.11972 7.6695e+02      0.836 0.0000e+00
        180 157.434928    0.01243     0.7458     44.750  1023.1094  47340.372    29.8228      0.828    6.71297     8.7464     8.7404    23.1056   12.11925 7.8029e+02      0.836 0.0000e+00
        181 157.434931    0.01250     0.7500     45.000  1023.1105  47342.463    29.8245      0.828    6.71259     8.7519     8.7424    23.1067   12.11859 7.9593e+02      0.836 0.0000e+00
        182 157.434933    0.01257     0.7542     45.250  1023.1072  47336.731    29.8211      0.827    6.71213     8.7572     8.7465    23.1034   12.11788 8.2310e+02      0.835 0.0000e+00
        183 157.434936    0.01264     0.7583     45.500  1023.0996  47323.125    29.8124      0.827    6.71167     8.7601     8.7520    23.0957   12.11722 8.6411e+02      0.835 0.0000e+00
        184 157.434939    0.01271     0.7625     45.750  1023.0907  47307.284    29.8020      0.827    6.71134     8.7598     8.7573    23.0869   12.11679 9.0051e+02      0.835 0.0000e+00
        185 157.434942    0.01278     0.7667     46.000  1023.0847  47296.486    29.7949      0.827    6.71121     8.7571     8.7602    23.0809   12.11667 8.9851e+02      0.835 0.0000e+00
        186 157.434945    0.01285     0.7708     46.250  1023.0840  47295.199    29.7940      0.827    6.71129     8.7535     8.7599    23.0802   12.11680 8.7409e+02      0.835 0.0000e+00
        187 157.434948    0.01292     0.7750     46.500  1023.0882  47302.737    29.7989      0.828    6.71149     8.7507     8.7572    23.0844   12.11708 8.6715e+02      0.836 0.0000e+00
        188 157.434951    0.01299     0.7792     46.750  1023.0942  47313.378    29.8058      0.828    6.71173     8.7493     8.7536    23.0903   12.11738 8.4956e+02      0.836 0.0000e+00
        189 157.434954    0.01306     0.7833     47.000  1023.0983  47320.804    29.8106      0.828    6.71194     8.7487     8.7508    23.0945   12.11767 8.1290e+02      0.836 0.0000e+00
        190 157.434957    0.01313     0.7875     47.250  1023.0991  47322.069    29.8113      0.827    6.71212     8.7481     8.7494    23.0953   12.11798 7.9548e+02      0.835 0.0000e+00
        191 157.434959    0.01319     0.7917     47.500  1023.0971  47318.328    29.8086      0.827    6.71232     8.7464     8.7488    23.0932   12.11835 7.9245e+02      0.835 0.0000e+00
        192 157.434962    0.01326     0.7958     47.750  1023.0944  47313.406    29.8051      0.827    6.71258     8.7432     8.7481    23.0906   12.11881 7.8317e+02      0.835 0.0000e+00
        193 157.434965    0.01333     0.8000     48.000  1023.0934  47311.406    29.8034      0.827    6.71291     8.7390     8.7464    23.0896   12.11937 7.7038e+02      0.835 0.0000e+00
        194 157.434968    0.01340     0.8042     48.250  1023.0956  47315.211    29.8056      0.827    6.71329     8.7352     8.7433    23.0918   12.11998 7.5786e+02      0.835 0.0000e+00
        195 157.434971    0.01347     0.8083     48.500  1023.1007  47324.382    29.8115      0.827    6.71366     8.7326     8.7391    23.0969   12.12052 7.5124e+02      0.835 0.0000e+00
        196 157.434974    0.01354     0.8125     48.750  1023.1064  47334.501    29.8180      0.827    6.71396     8.7315     8.7353    23.1026   12.12093 7.5678e+02      0.835 0.0000e+00
        197 157.434977    0.01361     0.8167     49.000  1023.1100  47340.857    29.8221      0.827    6.71417     8.7313     8.7327    23.1062   12.12123 7.6960e+02      0.835 0.0000e+00
        198 157.434980    0.01368     0.8208     49.250  1023.1104  47341.543    29.8224      0.826    6.71432     8.7311     8.7316    23.1066   12.12148 7.8344e+02      0.834 0.0000e+00
        199 157.434983    0.01375     0.8250     49.500  1023.1083  47337.673    29.8197      0.826    6.71447     8.7298     8.7314    23.1045   12.12176 8.0392e+02      0.834 0.0000e+00
        200 157.434986    0.01382     0.8292     49.750  1023.1055  47332.594    29.8161      0.826    6.71466     8.7272     8.7312    23.1017   12.12213 8.2288e+02      0.834 0.0000e+00
        201 157.434988    0.01389     0.8333     50.000  1023.1042  47330.151    29.8142      0.826    6.71494     8.7238     8.7299    23.1004   12.12260 8.1198e+02      0.834 0.0000e+00
        202 157.434991    0.01396     0.8375     50.250  1023.1057  47332.734    29.8157      0.826    6.71526     8.7206     8.7273    23.1019   12.12312 7.7214e+02      0.834 0.0000e+00
        203 157.434994    0.01403     0.8417     50.500  1023.1098  47339.926    29.8202      0.826    6.71557     8.7178     8.7239    23.1060   12.12358 7.3673e+02      0.834 0.0000e+00
        204 157.434997    0.01410     0.8458     50.750  1023.1147  47348.637    29.8259      0.826    6.71582     8.7155     8.7207    23.1109   12.12392 7.2358e+02      0.834 0.0000e+00
        205 157.435000    0.01417     0.8500     51.000  1023.1185  47355.316    29.8302      0.826    6.71605     8.7137     8.7179    23.1146   12.12426 7.1956e+02      0.834 0.0000e+00
        206 157.435003    0.01424     0.8542     51.250  1023.1199  47357.729    29.8315      0.826    6.71634     8.7117     8.7156    23.1160   12.12471 7.1957e+02      0.834 0.0000e+00
        207 157.435006    0.01431     0.8583     51.500  1023.1188  47355.680    29.8298      0.826    6.71669     8.7089     8.7138    23.1150   12.12531 7.2597e+02      0.834 0.0000e+00
        208 157.435009    0.01438     0.8625     51.750  1023.1169  47352.081    29.8271      0.826    6.71710     8.7052     8.7118    23.1131   12.12603 7.2140e+02      0.834 0.0000e+00
        209 157.435012    0.01444     0.8667     52.000  1023.1168  47351.641    29.8264      0.826    6.71756     8.7014     8.7090    23.1130   12.12679 6.9130e+02      0.834 0.0000e+00
        210 157.435014    0.01451     0.8708     52.250  1023.1198  47356.983    29.8296      0.825    6.71798     8.6981     8.7053    23.1160   12.12745 6.5315e+02      0.833 0.0000e+00
        211 157.435017    0.01458     0.8750     52.500  1023.1253  47366.685    29.8358      0.825    6.71829     8.6956     8.7014    23.1215   12.12788 6.3852e+02      0.833 0.0000e+00
        212 157.435020    0.01465     0.8792     52.750  1023.1310  47376.971    29.8425      0.823    6.71849     8.6941     8.6982    23.1272   12.12813 6.5109e+02      0.831 0.0000e+00
        213 157.435023    0.01472     0.8833     53.000  1023.1353  47384.681    29.8476      0.820    6.71865     8.6940     8.6957    23.1315   12.12833 6.8194e+02      0.828 0.0000e+00
        214 157.435026    0.01479     0.8875     53.250  1023.1370  47387.777    29.8495      0.816    6.71878     8.6945     8.6942    23.1333   12.12854 7.2744e+02      0.824 0.0000e+00
        215 157.435029    0.01486     0.8917     53.500  1023.1352  47384.540    29.8472      0.811    6.71890     8.6944     8.6941    23.1315   12.12877 7.6981e+02      0.819 0.0000e+00
        216 157.435032    0.01493     0.8958     53.750  1023.1301  47375.192    29.8408      0.806    6.71910     8.6927     8.6946    23.1264   12.12917 7.8808e+02      0.813 0.0000e+00
        217 157.435035    0.01500     0.9000     54.000  1023.1237  47363.392    29.8326      0.804    6.71948     8.6901     8.6945    23.1199   12.12991 7.7823e+02      0.811 0.0000e+00
        218 157.435038    0.01507     0.9042     54.250  1023.1189  47354.488    29.8261      0.806    6.72001     8.6877     8.6928    23.1151   12.13086 7.4796e+02      0.814 0.0000e+00
        219 157.435041    0.01514     0.9083     54.500  1023.1181  47352.794    29.8246      0.812    6.72048     8.6866     8.6901    23.1143   12.13166 7.1228e+02      0.820 0.0000e+00
        220 157.435043    0.01521     0.9125     54.750  1023.1218  47359.432    29.8289      0.821    6.72065     8.6873     8.6878    23.1181   12.13188 6.8768e+02      0.829 0.0000e+00
        221 157.435046    0.01528     0.9167     55.000  1023.1280  47370.677    29.8365      0.827    6.72048     8.6904     8.6867    23.1242   12.13151 6.8361e+02      0.835 0.0000e+00
        222 157.435049    0.01535     0.9208     55.250  1023.1325  47379.001    29.8424      0.827    6.72012     8.6956     8.6874    23.1287   12.13084 6.9018e+02      0.835 0.0000e+00
        223 157.435052    0.01542     0.9250     55.500  1023.1314  47377.131    29.8416      0.820    6.71969     8.7006     8.6905    23.1276   12.13014 6.9439e+02      0.828 0.0000e+00
        224 157.435055    0.01549     0.9292     55.750  1023.1234  47362.934    29.8324      0.809    6.71930     8.7028     8.6957    23.1196   12.12961 7.0490e+02      0.817 0.0000e+00
        225 157.435058    0.01556     0.9333     56.000  1023.1122  47342.793    29.8191      0.800    6.71913     8.7018     8.7007    23.1085   12.12949 7.1099e+02      0.807 0.0000e+00
        226 157.435061    0.01563     0.9375     56.250  1023.1035  47327.094    29.8084      0.796    6.71926     8.6988     8.7029    23.0998   12.12983 6.8814e+02      0.803 0.0000e+00
        227 157.435064    0.01569     0.9417     56.500  1023.1006  47321.729    29.8046      0.798    6.71958     8.6957     8.7019    23.0970   12.13041 6.4186e+02      0.805 0.0000e+00
        228 157.435067    0.01576     0.9458     56.750  1023.1036  47326.914    29.8078      0.805    6.71988     8.6933     8.6989    23.0999   12.13087 5.9428e+02      0.812 0.0000e+00
        229 157.435069    0.01583     0.9500     57.000  1023.1107  47339.761    29.8163      0.814    6.71999     8.6923     8.6958    23.1070   12.13094 5.6544e+02      0.821 0.0000e+00
        230 157.435072    0.01590     0.9542     57.250  1023.1192  47355.012    29.8266      0.821    6.71990     8.6931     8.6934    23.1154   12.13066 5.5907e+02      0.829 0.0000e+00
        231 157.435075    0.01597     0.9583     57.500  1023.1260  47367.518    29.8352      0.825    6.71968     8.6953     8.6924    23.1223   12.13019 5.7107e+02      0.833 0.0000e+00
        232 157.435078    0.01604     0.9625     57.750  1023.1300  47374.810    29.8403      0.827    6.71934     8.6978     8.6932    23.1262   12.12957 5.9621e+02      0.835 0.0000e+00
        233 157.435081    0.01611     0.9667     58.000  1023.1308  47376.410    29.8417      0.828    6.71895     8.6998     8.6953    23.1270   12.12890 6.2428e+02      0.836 0.0000e+00
        234 157.435084    0.01618     0.9708     58.250  1023.1287  47372.659    29.8395      0.828    6.71867     8.7008     8.6979    23.1249   12.12846 6.5027e+02      0.836 0.0000e+00
        235 157.435087    0.01625     0.9750     58.500  1023.1241  47364.348    29.8340      0.828    6.71861     8.7006     8.6999    23.1203   12.12843 6.6632e+02      0.836 0.0000e+00
        236 157.435090    0.01632     0.9792     58.750  1023.1182  47353.617    29.8266      0.828    6.71878     8.6995     8.7009    23.1144   12.12880 6.7074e+02      0.836 0.0000e+00
        237 157.435093    0.01639     0.9833     59.000  1023.1133  47344.632    29.8203      0.828    6.71908     8.6980     8.7007    23.1095   12.12938 6.7138e+02      0.836 0.0000e+00
        238 157.435095    0.01646     0.9875     59.250  1023.1117  47341.642    29.8181      0.829    6.71934     8.6967     8.6996    23.1079   12.12984 6.7174e+02      0.837 0.0000e+00
        239 157.435098    0.01653     0.9917     59.500  1023.1143  47346.267    29.8211      0.829    6.71943     8.6963     8.6981    23.1105   12.12996 6.8287e+02      0.837 0.0000e+00
        240 157.435101    0.01660     0.9958     59.750  1023.1195  47355.632    29.8275      0.829    6.71935     8.6972     8.6968    23.1156   12.12974 7.1403e+02      0.837 0.0000e+00
        241 157.435104    0.01667     1.0000     60.000  1023.1239  47363.752    29.8331      0.829    6.71917     8.6993     8.6964    23.1201   12.12938 7.5759e+02      0.837 0.0000e+00
        242 157.435107    0.01674     1.0042     60.250  1023.1248  47365.535    29.8344      0.827    6.71898     8.7017     8.6973    23.1210   12.12905 7.9616e+02      0.835 0.0000e+00
        243 157.435110    0.01681     1.0083     60.500  1023.1212  47359.036    29.8302      0.825    6.71885     8.7031     8.6993    23.1174   12.12889 8.1075e+02      0.833 0.0000e+00
        244 157.435113    0.01688     1.0125     60.750  1023.1142  47346.432    29.8218      0.821    6.71886     8.7028     8.7017    23.1104   12.12900 8.0211e+02      0.829 0.0000e+00
        245 157.435116    0.01694     1.0167     61.000  1023.1069  47333.170    29.8127      0.819    6.71903     8.7009     8.7031    23.1031   12.12941 7.9608e+02      0.827 0.0000e+00
        246 157.435119    0.01701     1.0208     61.250  1023.1024  47324.766    29.8068      0.821    6.71934     8.6983     8.7028    23.0986   12.12998 7.8274e+02      0.828 0.0000e+00
        247 157.435122    0.01708     1.0250     61.500  1023.1023  47324.395    29.8063      0.826    6.71965     8.6961     8.7009    23.0984   12.13050 7.3668e+02      0.834 0.0000e+00
        248 157.435124    0.01715     1.0292     61.750  1023.1063  47331.660    29.8110      0.834    6.71984     8.6954     8.6983    23.1025   12.13076 6.9193e+02      0.842 0.0000e+00
        249 157.435127    0.01722     1.0333     62.000  1023.1120  47341.897    29.8178      0.839    6.71986     8.6964     8.6962    23.1082   12.13072 6.7747e+02      0.847 0.0000e+00
        250 157.435130    0.01729     1.0375     62.250  1023.1153  47347.846    29.8218      0.840    6.71980     8.6987     8.6954    23.1114   12.13057 6.7353e+02      0.848 0.0000e+00
        251 157.435133    0.01736     1.0417     62.500  1023.1127  47343.186    29.8187      0.836    6.71978     8.7002     8.6965    23.1088   12.13056 6.6265e+02      0.843 0.0000e+00
        252 157.435136    0.01743     1.0458     62.750  1023.1028  47325.323    29.8066      0.827    6.71995     8.6985     8.6988    23.0990   12.13100 6.6129e+02      0.834 0.0000e+00
        253 157.435139    0.01750     1.0500     63.000  1023.0893  47300.684    29.7897      0.818    6.72047     8.6937     8.7003    23.0855   12.13208 6.7353e+02      0.826 0.0000e+00
        254 157.435142    0.01757     1.0542     63.250  1023.0792  47282.086    29.7765      0.814    6.72130     8.6877     8.6986    23.0755   12.13361 6.6688e+02      0.822 0.0000e+00
        255 157.435145    0.01764     1.0583     63.500  1023.0753  47274.590    29.7706      0.815    6.72227     8.6818     8.6938    23.0716   12.13529 6.3779e+02      0.823 0.0000e+00
