CTD-processing/allCTD/CNV--homogene/2013_04-20_t7_s23_cast104.cnv
* Sea-Bird SBE19plus Data File:
* FileName = C:\Documents and Settings\kris.holderied.local\My Documents\2012-2013-CTD-DATA-new-files\2013-04-EVOSTC-CookInlet-Ocean\2013-04-CookInlet-Tran7-Augustine\2013-04-20-CookInlet-Trans7-Cast104.hex
* Software Version 1.54
* Temperature SN =  5028
* Conductivity SN =  5028
* System UpLoad Time = Apr 20 2013 15:10:20
** Cook Inlet LTM Tran7 Augustine to Flat Island
** Date:  2013-04-20
** Station: 7-23
** Start time (AKDT-24 hr):  1350
** Depth (m): 50
** Comment:
** Comment:
# nquan = 17
# nvalues = 567                         
# units = specified
# name 0 = scan: Scan Count
# name 1 = timeJ: Julian Days
# name 2 = timeH: Time, Elapsed [hours]
# name 3 = timeM: Time, Elapsed [minutes]
# name 4 = timeS: Time, Elapsed [seconds]
# name 5 = density00: Density [density, kg/m^3]
# name 6 = specc: Specific Conductance [uS/cm]
# name 7 = sal00: Salinity, Practical [PSU]
# name 8 = depSM: Depth [salt water, m], lat = 59.00
# name 9 = oxsolML/L: Oxygen Saturation, Garcia & Gordon [ml/l]
# name 10 = potemp090C: Potential Temperature [ITS-90, deg C]
# name 11 = tv290C: Temperature [ITS-90, deg C]
# name 12 = sigma-é00: Density [sigma-theta, kg/m^3]
# name 13 = n2satML/L: Nitrogen Saturation [ml/l]
# name 14 = par: PAR/Irradiance, Biospherical/Licor
# name 15 = prdM: Pressure, Strain Gauge [db]
# name 16 = flag:  0.000e+00
# span 0 =          1,        567       
# span 1 = 110.577454, 110.579091       
# span 2 =    0.00000,    0.03931       
# span 3 =     0.0000,     2.3583       
# span 4 =      0.000,    141.500       
# span 5 =   999.9942,  1025.5792       
# span 6 =     51.985,  51720.258       
# span 7 =     0.0232,    31.9317       
# span 8 =      0.114,     49.582       
# span 9 =    7.40696,    9.21862       
# span 10 =     3.7800,     3.9479      
# span 11 =     3.7801,     3.9480      
# span 12 =    -0.0065,    25.3537      
# span 13 =   13.24003,   16.72903      
# span 14 = 1.4381e+00, 6.2048e+02      
# span 15 =      0.115,     50.056      
# span 16 = 0.0000e+00, 0.0000e+00      
# interval = seconds: 0.25
# start_time = Apr 20 2013 13:51:32 [Instrument's time stamp, header]
# bad_flag = -9.990e-29
*END*
[from data line 256]
        257 110.578194    0.01778     1.0667     64.000  1025.3391  51647.718    31.9087      1.275    7.40755     3.9441     3.9448    25.3331   13.24103 3.5760e+02      1.287 0.0000e+00
        258 110.578197    0.01785     1.0708     64.250  1025.3403  51649.982    31.9103      1.261    7.40750     3.9434     3.9447    25.3343   13.24092 3.6134e+02      1.273 0.0000e+00
        259 110.578200    0.01792     1.0750     64.500  1025.3420  51653.421    31.9125      1.238    7.40747     3.9427     3.9442    25.3362   13.24084 3.6487e+02      1.250 0.0000e+00
        260 110.578203    0.01799     1.0792     64.750  1025.3433  51656.184    31.9142      1.206    7.40750     3.9420     3.9435    25.3376   13.24088 3.6622e+02      1.218 0.0000e+00
        261 110.578206    0.01806     1.0833     65.000  1025.3433  51656.692    31.9144      1.169    7.40762     3.9409     3.9428    25.3378   13.24107 3.6499e+02      1.180 0.0000e+00
        262 110.578209    0.01812     1.0875     65.250  1025.3421  51654.779    31.9130      1.133    7.40784     3.9391     3.9421    25.3367   13.24145 3.6247e+02      1.144 0.0000e+00
        263 110.578212    0.01819     1.0917     65.500  1025.3404  51652.090    31.9109      1.107    7.40814     3.9365     3.9410    25.3352   13.24198 3.5975e+02      1.118 0.0000e+00
        264 110.578215    0.01826     1.0958     65.750  1025.3393  51650.420    31.9093      1.098    7.40853     3.9329     3.9392    25.3341   13.24265 3.5569e+02      1.109 0.0000e+00
        265 110.578218    0.01833     1.1000     66.000  1025.3391  51650.410    31.9087      1.110    7.40905     3.9290     3.9365    25.3338   13.24351 3.5164e+02      1.121 0.0000e+00
        266 110.578220    0.01840     1.1042     66.250  1025.3398  51652.218    31.9090      1.142    7.40967     3.9253     3.9330    25.3344   13.24453 3.4737e+02      1.152 0.0000e+00
        267 110.578223    0.01847     1.1083     66.500  1025.3417  51655.935    31.9106      1.186    7.41030     3.9224     3.9290    25.3360   13.24555 3.4138e+02      1.197 0.0000e+00
        268 110.578226    0.01854     1.1125     66.750  1025.3445  51661.359    31.9133      1.237    7.41082     3.9205     3.9254    25.3386   13.24637 3.3475e+02      1.249 0.0000e+00
        269 110.578229    0.01861     1.1167     67.000  1025.3482  51668.391    31.9174      1.288    7.41114     3.9199     3.9225    25.3421   13.24684 3.3029e+02      1.300 0.0000e+00
        270 110.578232    0.01868     1.1208     67.250  1025.3528  51676.825    31.9227      1.333    7.41122     3.9208     3.9206    25.3465   13.24690 3.3145e+02      1.345 0.0000e+00
        271 110.578235    0.01875     1.1250     67.500  1025.3574  51685.114    31.9282      1.365    7.41106     3.9233     3.9199    25.3509   13.24657 3.3894e+02      1.378 0.0000e+00
        272 110.578238    0.01882     1.1292     67.750  1025.3602  51690.019    31.9317      1.379    7.41073     3.9271     3.9208    25.3537   13.24597 3.4859e+02      1.392 0.0000e+00
        273 110.578241    0.01889     1.1333     68.000  1025.3599  51689.066    31.9317      1.375    7.41027     3.9311     3.9234    25.3534   13.24522 3.5671e+02      1.388 0.0000e+00
        274 110.578244    0.01896     1.1375     68.250  1025.3571  51683.434    31.9288      1.353    7.40972     3.9343     3.9272    25.3507   13.24435 3.6359e+02      1.366 0.0000e+00
        275 110.578247    0.01903     1.1417     68.500  1025.3533  51676.011    31.9248      1.319    7.40920     3.9361     3.9312    25.3471   13.24355 3.6535e+02      1.332 0.0000e+00
        276 110.578249    0.01910     1.1458     68.750  1025.3493  51668.281    31.9203      1.282    7.40886     3.9366     3.9344    25.3433   13.24304 3.6079e+02      1.295 0.0000e+00
        277 110.578252    0.01917     1.1500     69.000  1025.3457  51661.522    31.9161      1.253    7.40873     3.9355     3.9362    25.3398   13.24289 3.5782e+02      1.265 0.0000e+00
        278 110.578255    0.01924     1.1542     69.250  1025.3435  51657.567    31.9135      1.240    7.40878     3.9331     3.9366    25.3377   13.24301 3.5993e+02      1.252 0.0000e+00
        279 110.578258    0.01931     1.1583     69.500  1025.3431  51656.929    31.9128      1.245    7.40901     3.9302     3.9356    25.3372   13.24339 3.6396e+02      1.256 0.0000e+00
        280 110.578261    0.01938     1.1625     69.750  1025.3442  51659.312    31.9139      1.259    7.40938     3.9276     3.9332    25.3383   13.24399 3.6605e+02      1.271 0.0000e+00
        281 110.578264    0.01944     1.1667     70.000  1025.3470  51664.879    31.9169      1.274    7.40975     3.9259     3.9303    25.3410   13.24456 3.6312e+02      1.287 0.0000e+00
        282 110.578267    0.01951     1.1708     70.250  1025.3511  51672.835    31.9217      1.281    7.40998     3.9256     3.9277    25.3450   13.24487 3.5651e+02      1.294 0.0000e+00
        283 110.578270    0.01958     1.1750     70.500  1025.3551  51680.442    31.9265      1.276    7.41004     3.9265     3.9260    25.3490   13.24491 3.5325e+02      1.288 0.0000e+00
        284 110.578273    0.01965     1.1792     70.750  1025.3571  51684.420    31.9292      1.258    7.40998     3.9283     3.9257    25.3512   13.24477 3.5498e+02      1.269 0.0000e+00
        285 110.578275    0.01972     1.1833     71.000  1025.3564  51683.100    31.9285      1.231    7.40984     3.9299     3.9266    25.3506   13.24455 3.5724e+02      1.243 0.0000e+00
        286 110.578278    0.01979     1.1875     71.250  1025.3533  51677.341    31.9250      1.204    7.40970     3.9309     3.9283    25.3476   13.24437 3.5818e+02      1.215 0.0000e+00
        287 110.578281    0.01986     1.1917     71.500  1025.3493  51669.811    31.9203      1.184    7.40964     3.9309     3.9300    25.3437   13.24433 3.5805e+02      1.195 0.0000e+00
        288 110.578284    0.01993     1.1958     71.750  1025.3458  51663.258    31.9160      1.176    7.40968     3.9300     3.9309    25.3403   13.24446 3.5917e+02      1.187 0.0000e+00
        289 110.578287    0.02000     1.2000     72.000  1025.3435  51658.963    31.9131      1.180    7.40983     3.9284     3.9309    25.3379   13.24474 3.6222e+02      1.192 0.0000e+00
        290 110.578290    0.02007     1.2042     72.250  1025.3422  51656.682    31.9113      1.194    7.41008     3.9265     3.9301    25.3366   13.24517 3.6441e+02      1.205 0.0000e+00
        291 110.578293    0.02014     1.2083     72.500  1025.3417  51655.837    31.9104      1.212    7.41041     3.9246     3.9285    25.3360   13.24573 3.6240e+02      1.223 0.0000e+00
        292 110.578296    0.02021     1.2125     72.750  1025.3418  51656.285    31.9102      1.231    7.41077     3.9229     3.9266    25.3360   13.24633 3.5670e+02      1.242 0.0000e+00
        293 110.578299    0.02028     1.2167     73.000  1025.3423  51657.467    31.9105      1.248    7.41110     3.9214     3.9246    25.3365   13.24687 3.5254e+02      1.260 0.0000e+00
        294 110.578302    0.02035     1.2208     73.250  1025.3428  51658.490    31.9108      1.262    7.41139     3.9201     3.9229    25.3368   13.24734 3.5142e+02      1.274 0.0000e+00
        295 110.578304    0.02042     1.2250     73.500  1025.3431  51659.303    31.9110      1.272    7.41165     3.9188     3.9215    25.3371   13.24777 3.5168e+02      1.285 0.0000e+00
        296 110.578307    0.02049     1.2292     73.750  1025.3435  51660.103    31.9112      1.281    7.41188     3.9176     3.9201    25.3374   13.24815 3.5191e+02      1.293 0.0000e+00
        297 110.578310    0.02056     1.2333     74.000  1025.3437  51660.762    31.9113      1.288    7.41210     3.9164     3.9189    25.3377   13.24851 3.5084e+02      1.300 0.0000e+00
        298 110.578313    0.02063     1.2375     74.250  1025.3439  51661.314    31.9114      1.294    7.41231     3.9153     3.9177    25.3379   13.24886 3.5102e+02      1.306 0.0000e+00
        299 110.578316    0.02069     1.2417     74.500  1025.3443  51662.053    31.9117      1.299    7.41251     3.9144     3.9165    25.3381   13.24919 3.5397e+02      1.312 0.0000e+00
        300 110.578319    0.02076     1.2458     74.750  1025.3448  51663.117    31.9121      1.305    7.41269     3.9137     3.9154    25.3386   13.24947 3.5537e+02      1.317 0.0000e+00
        301 110.578322    0.02083     1.2500     75.000  1025.3453  51664.258    31.9126      1.310    7.41283     3.9132     3.9145    25.3391   13.24970 3.5418e+02      1.322 0.0000e+00
        302 110.578325    0.02090     1.2542     75.250  1025.3458  51665.257    31.9131      1.312    7.41293     3.9130     3.9138    25.3396   13.24986 3.5521e+02      1.324 0.0000e+00
        303 110.578328    0.02097     1.2583     75.500  1025.3462  51666.160    31.9136      1.310    7.41299     3.9130     3.9133    25.3400   13.24996 3.5989e+02      1.323 0.0000e+00
        304 110.578330    0.02104     1.2625     75.750  1025.3466  51667.035    31.9142      1.304    7.41301     3.9133     3.9131    25.3405   13.24998 3.6416e+02      1.316 0.0000e+00
        305 110.578333    0.02111     1.2667     76.000  1025.3471  51667.895    31.9148      1.291    7.41298     3.9140     3.9131    25.3410   13.24992 3.6234e+02      1.303 0.0000e+00
        306 110.578336    0.02118     1.2708     76.250  1025.3475  51668.700    31.9154      1.273    7.41289     3.9151     3.9134    25.3414   13.24976 3.5699e+02      1.285 0.0000e+00
        307 110.578339    0.02125     1.2750     76.500  1025.3478  51669.357    31.9160      1.253    7.41273     3.9165     3.9141    25.3419   13.24950 3.5415e+02      1.265 0.0000e+00
        308 110.578342    0.02132     1.2792     76.750  1025.3479  51669.503    31.9164      1.234    7.41251     3.9180     3.9152    25.3421   13.24913 3.5296e+02      1.245 0.0000e+00
        309 110.578345    0.02139     1.2833     77.000  1025.3476  51668.789    31.9163      1.219    7.41227     3.9193     3.9166    25.3418   13.24872 3.5165e+02      1.230 0.0000e+00
        310 110.578348    0.02146     1.2875     77.250  1025.3469  51667.417    31.9157      1.211    7.41203     3.9202     3.9181    25.3412   13.24833 3.4986e+02      1.222 0.0000e+00
        311 110.578351    0.02153     1.2917     77.500  1025.3462  51665.803    31.9149      1.208    7.41184     3.9208     3.9194    25.3405   13.24802 3.4981e+02      1.219 0.0000e+00
        312 110.578354    0.02160     1.2958     77.750  1025.3455  51664.341    31.9141      1.210    7.41170     3.9211     3.9203    25.3398   13.24781 3.5532e+02      1.221 0.0000e+00
        313 110.578356    0.02167     1.3000     78.000  1025.3450  51663.368    31.9136      1.215    7.41162     3.9213     3.9209    25.3393   13.24768 3.6139e+02      1.226 0.0000e+00
        314 110.578359    0.02174     1.3042     78.250  1025.3449  51662.949    31.9134      1.221    7.41158     3.9214     3.9212    25.3391   13.24761 3.6034e+02      1.232 0.0000e+00
        315 110.578362    0.02181     1.3083     78.500  1025.3448  51662.776    31.9133      1.228    7.41155     3.9214     3.9214    25.3390   13.24757 3.5572e+02      1.240 0.0000e+00
        316 110.578365    0.02187     1.3125     78.750  1025.3447  51662.462    31.9131      1.239    7.41154     3.9213     3.9215    25.3389   13.24756 3.5367e+02      1.250 0.0000e+00
        317 110.578368    0.02194     1.3167     79.000  1025.3445  51661.985    31.9128      1.253    7.41155     3.9210     3.9215    25.3386   13.24758 3.5306e+02      1.265 0.0000e+00
        318 110.578371    0.02201     1.3208     79.250  1025.3444  51661.595    31.9125      1.270    7.41160     3.9206     3.9213    25.3383   13.24766 3.5147e+02      1.282 0.0000e+00
        319 110.578374    0.02208     1.3250     79.500  1025.3444  51661.526    31.9124      1.288    7.41166     3.9202     3.9210    25.3383   13.24777 3.5018e+02      1.300 0.0000e+00
        320 110.578377    0.02215     1.3292     79.750  1025.3446  51661.932    31.9125      1.304    7.41173     3.9200     3.9206    25.3385   13.24788 3.5068e+02      1.317 0.0000e+00
        321 110.578380    0.02222     1.3333     80.000  1025.3450  51662.664    31.9129      1.316    7.41177     3.9200     3.9202    25.3388   13.24795 3.5288e+02      1.328 0.0000e+00
        322 110.578383    0.02229     1.3375     80.250  1025.3454  51663.289    31.9133      1.322    7.41179     3.9202     3.9200    25.3392   13.24797 3.5419e+02      1.334 0.0000e+00
        323 110.578385    0.02236     1.3417     80.500  1025.3455  51663.564    31.9135      1.322    7.41177     3.9204     3.9201    25.3393   13.24794 3.5165e+02      1.334 0.0000e+00
        324 110.578388    0.02243     1.3458     80.750  1025.3456  51663.595    31.9136      1.319    7.41174     3.9207     3.9202    25.3393   13.24788 3.4800e+02      1.331 0.0000e+00
        325 110.578391    0.02250     1.3500     81.000  1025.3455  51663.494    31.9136      1.314    7.41170     3.9210     3.9205    25.3393   13.24781 3.4830e+02      1.326 0.0000e+00
        326 110.578394    0.02257     1.3542     81.250  1025.3454  51663.247    31.9135      1.307    7.41165     3.9211     3.9208    25.3392   13.24773 3.5432e+02      1.319 0.0000e+00
        327 110.578397    0.02264     1.3583     81.500  1025.3451  51662.869    31.9133      1.297    7.41161     3.9212     3.9210    25.3390   13.24768 3.6270e+02      1.309 0.0000e+00
        328 110.578400    0.02271     1.3625     81.750  1025.3449  51662.537    31.9131      1.281    7.41160     3.9212     3.9212    25.3389   13.24765 3.6750e+02      1.293 0.0000e+00
        329 110.578403    0.02278     1.3667     82.000  1025.3448  51662.494    31.9131      1.260    7.41159     3.9212     3.9212    25.3389   13.24764 3.6615e+02      1.272 0.0000e+00
        330 110.578406    0.02285     1.3708     82.250  1025.3448  51662.689    31.9133      1.236    7.41158     3.9213     3.9212    25.3390   13.24763 3.6160e+02      1.248 0.0000e+00
        331 110.578409    0.02292     1.3750     82.500  1025.3448  51662.816    31.9134      1.212    7.41157     3.9213     3.9213    25.3391   13.24761 3.5828e+02      1.223 0.0000e+00
        332 110.578411    0.02299     1.3792     82.750  1025.3447  51662.748    31.9133      1.193    7.41156     3.9213     3.9213    25.3390   13.24759 3.5925e+02      1.204 0.0000e+00
        333 110.578414    0.02306     1.3833     83.000  1025.3445  51662.552    31.9132      1.183    7.41155     3.9212     3.9214    25.3389   13.24758 3.6621e+02      1.194 0.0000e+00
        334 110.578417    0.02313     1.3875     83.250  1025.3444  51662.279    31.9130      1.184    7.41156     3.9210     3.9214    25.3388   13.24760 3.7250e+02      1.195 0.0000e+00
        335 110.578420    0.02319     1.3917     83.500  1025.3443  51662.101    31.9129      1.193    7.41159     3.9208     3.9213    25.3387   13.24764 3.6943e+02      1.204 0.0000e+00
        336 110.578423    0.02326     1.3958     83.750  1025.3444  51662.101    31.9128      1.207    7.41163     3.9205     3.9211    25.3386   13.24771 3.5949e+02      1.218 0.0000e+00
        337 110.578426    0.02333     1.4000     84.000  1025.3445  51662.210    31.9128      1.225    7.41167     3.9203     3.9209    25.3387   13.24778 3.5099e+02      1.236 0.0000e+00
        338 110.578429    0.02340     1.4042     84.250  1025.3447  51662.501    31.9129      1.245    7.41171     3.9202     3.9206    25.3388   13.24785 3.4740e+02      1.257 0.0000e+00
        339 110.578432    0.02347     1.4083     84.500  1025.3449  51662.816    31.9131      1.268    7.41174     3.9201     3.9204    25.3390   13.24789 3.4721e+02      1.280 0.0000e+00
        340 110.578435    0.02354     1.4125     84.750  1025.3450  51662.906    31.9131      1.291    7.41175     3.9200     3.9203    25.3390   13.24792 3.5124e+02      1.303 0.0000e+00
