CTD-processing/allCTD/CNV--homogene/2013_11-08_t3_s02_cast167.cnv
* Sea-Bird SBE19plus Data File:
* FileName = C:\Users\kris.holderied\Documents\kasitsna\Research-Projects-and-Data\Oceanography-AK\CTD-CookInlet-GulfWatchAK\2013-10-11-EVOSTC-CookInlet-Ocean\2013-11-08-CookInlet-Tran3-AnchorPt\2013-11-08-CookInlet-Tran3-cast167.hex
* Software Version 1.59
* Temperature SN =  5028
* Conductivity SN =  5028
* System UpLoad Time = Feb 14 2014 16:55:19
** Cook Inlet Transect 3 (Anchor Pt) east to west
** Date: 2013-11-08
** Station: 3-02
** Start time: 15:25
** Depth (m): 28
** Comment:  CTD instrument time is AK Daylight time
** Comment:
# nquan = 17
# nvalues = 410                         
# units = specified
# name 0 = scan: Scan Count
# name 1 = timeJ: Julian Days
# name 2 = timeH: Time, Elapsed [hours]
# name 3 = timeM: Time, Elapsed [minutes]
# name 4 = timeS: Time, Elapsed [seconds]
# name 5 = density00: Density [density, kg/m^3]
# name 6 = specc: Specific Conductance [uS/cm]
# name 7 = sal00: Salinity, Practical [PSU]
# name 8 = depSM: Depth [salt water, m], lat = 59.00
# name 9 = oxsolML/L: Oxygen Saturation, Garcia & Gordon [ml/l]
# name 10 = potemp090C: Potential Temperature [ITS-90, deg C]
# name 11 = tv290C: Temperature [ITS-90, deg C]
# name 12 = sigma-é00: Density [sigma-theta, kg/m^3]
# name 13 = n2satML/L: Nitrogen Saturation [ml/l]
# name 14 = par: PAR/Irradiance, Biospherical/Licor
# name 15 = prdM: Pressure, Strain Gauge [db]
# name 16 = flag:  0.000e+00
# span 0 =          1,        410       
# span 1 = 312.683843, 312.685026       
# span 2 =    0.00000,    0.02840       
# span 3 =     0.0000,     1.7042       
# span 4 =      0.000,    102.250       
# span 5 =  1000.1808,  1022.1988       
# span 6 =    612.666,  45383.671       
# span 7 =     0.2907,    28.2747       
# span 8 =      0.017,     28.016       
# span 9 =    6.98175,    8.73094       
# span 10 =     5.8173,     7.4564      
# span 11 =     5.8173,     7.4589      
# span 12 =     0.1806,    22.0692      
# span 13 =   12.58391,   15.90580      
# span 14 = 3.9509e-02, 2.4999e+02      
# span 15 =      0.017,     28.283      
# span 16 = 0.0000e+00, 0.0000e+00      
# interval = seconds: 0.25
# start_time = Nov 08 2013 16:24:44 [Instrument's time stamp, header]
# bad_flag = -9.990e-29
*END*
[from data line 171]
        172 312.684337    0.01188     0.7125     42.750  1021.9831  45193.489    28.0883      1.008    7.06341     7.0613     7.0097    21.9784   12.72157 4.6032e+01      1.017 0.0000e+00
        173 312.684340    0.01194     0.7167     43.000  1021.9791  45186.344    28.0873      0.981    7.05922     7.0848     7.0354    21.9745   12.71465 4.7126e+01      0.989 0.0000e+00
        174 312.684343    0.01201     0.7208     43.250  1021.9731  45175.423    28.0838      0.982    7.05513     7.1043     7.0614    21.9685   12.70792 4.8127e+01      0.991 0.0000e+00
        175 312.684346    0.01208     0.7250     43.500  1021.9653  45160.915    28.0774      1.013    7.05157     7.1192     7.0849    21.9606   12.70210 4.7382e+01      1.023 0.0000e+00
        176 312.684349    0.01215     0.7292     43.750  1021.9556  45142.468    28.0677      1.070    7.04880     7.1290     7.1045    21.9506   12.69765 4.4372e+01      1.080 0.0000e+00
        177 312.684352    0.01222     0.7333     44.000  1021.9436  45119.784    28.0544      1.147    7.04699     7.1337     7.1193    21.9383   12.69481 4.0391e+01      1.158 0.0000e+00
        178 312.684355    0.01229     0.7375     44.250  1021.9289  45091.759    28.0366      1.235    7.04621     7.1335     7.1291    21.9231   12.69375 3.6553e+01      1.247 0.0000e+00
        179 312.684358    0.01236     0.7417     44.500  1021.9104  45056.852    28.0133      1.325    7.04651     7.1280     7.1338    21.9043   12.69454 3.3357e+01      1.338 0.0000e+00
        180 312.684361    0.01243     0.7458     44.750  1021.8903  45018.783    27.9872      1.409    7.04776     7.1165     7.1336    21.8837   12.69695 3.1109e+01      1.422 0.0000e+00
        181 312.684363    0.01250     0.7500     45.000  1021.8747  44989.286    27.9661      1.479    7.04963     7.0995     7.1281    21.8678   12.70031 3.0081e+01      1.492 0.0000e+00
        182 312.684366    0.01257     0.7542     45.250  1021.8706  44981.161    27.9588      1.529    7.05185     7.0807     7.1167    21.8635   12.70408 3.0452e+01      1.544 0.0000e+00
        183 312.684369    0.01264     0.7583     45.500  1021.8809  44999.771    27.9689      1.559    7.05417     7.0646     7.0996    21.8736   12.70780 3.2097e+01      1.574 0.0000e+00
        184 312.684372    0.01271     0.7625     45.750  1021.9007  45036.258    27.9911      1.567    7.05623     7.0538     7.0808    21.8934   12.71092 3.4491e+01      1.582 0.0000e+00
        185 312.684375    0.01278     0.7667     46.000  1021.9194  45070.965    28.0125      1.558    7.05788     7.0485     7.0647    21.9121   12.71338 3.6636e+01      1.572 0.0000e+00
        186 312.684378    0.01285     0.7708     46.250  1021.9288  45088.519    28.0229      1.532    7.05917     7.0469     7.0539    21.9217   12.71539 3.7645e+01      1.547 0.0000e+00
        187 312.684381    0.01292     0.7750     46.500  1021.9281  45087.521    28.0214      1.494    7.06011     7.0467     7.0486    21.9212   12.71697 3.7769e+01      1.508 0.0000e+00
        188 312.684384    0.01299     0.7792     46.750  1021.9227  45077.911    28.0146      1.443    7.06069     7.0464     7.0470    21.9160   12.71801 3.7943e+01      1.457 0.0000e+00
        189 312.684387    0.01306     0.7833     47.000  1021.9186  45070.634    28.0096      1.383    7.06094     7.0459     7.0468    21.9121   12.71849 3.8649e+01      1.397 0.0000e+00
        190 312.684389    0.01313     0.7875     47.250  1021.9185  45071.074    28.0099      1.316    7.06098     7.0462     7.0465    21.9123   12.71854 3.9752e+01      1.329 0.0000e+00
        191 312.684392    0.01319     0.7917     47.500  1021.9226  45079.169    28.0154      1.246    7.06081     7.0485     7.0460    21.9167   12.71820 4.1021e+01      1.257 0.0000e+00
        192 312.684395    0.01326     0.7958     47.750  1021.9284  45090.611    28.0233      1.176    7.06039     7.0533     7.0463    21.9229   12.71741 4.2114e+01      1.187 0.0000e+00
        193 312.684398    0.01333     0.8000     48.000  1021.9333  45100.283    28.0303      1.113    7.05969     7.0604     7.0486    21.9281   12.71615 4.2602e+01      1.123 0.0000e+00
        194 312.684401    0.01340     0.8042     48.250  1021.9359  45105.541    28.0347      1.061    7.05871     7.0694     7.0534    21.9310   12.71447 4.2568e+01      1.071 0.0000e+00
        195 312.684404    0.01347     0.8083     48.500  1021.9363  45106.599    28.0365      1.025    7.05746     7.0796     7.0605    21.9315   12.71238 4.1798e+01      1.035 0.0000e+00
        196 312.684407    0.01354     0.8125     48.750  1021.9358  45105.860    28.0374      1.009    7.05594     7.0904     7.0695    21.9311   12.70985 3.9773e+01      1.019 0.0000e+00
        197 312.684410    0.01361     0.8167     49.000  1021.9363  45106.741    28.0395      1.018    7.05416     7.1011     7.0797    21.9315   12.70689 3.6808e+01      1.028 0.0000e+00
        198 312.684413    0.01368     0.8208     49.250  1021.9388  45111.331    28.0443      1.054    7.05218     7.1109     7.0904    21.9339   12.70354 3.3538e+01      1.064 0.0000e+00
        199 312.684416    0.01375     0.8250     49.500  1021.9423  45117.373    28.0500      1.119    7.05016     7.1187     7.1012    21.9371   12.70012 3.0473e+01      1.130 0.0000e+00
        200 312.684418    0.01382     0.8292     49.750  1021.9434  45118.820    28.0524      1.211    7.04845     7.1235     7.1110    21.9378   12.69725 2.8017e+01      1.223 0.0000e+00
        201 312.684421    0.01389     0.8333     50.000  1021.9395  45110.680    28.0480      1.319    7.04738     7.1242     7.1188    21.9333   12.69553 2.6323e+01      1.332 0.0000e+00
        202 312.684424    0.01396     0.8375     50.250  1021.9294  45091.135    28.0352      1.426    7.04718     7.1196     7.1236    21.9228   12.69537 2.5297e+01      1.439 0.0000e+00
        203 312.684427    0.01403     0.8417     50.500  1021.9143  45062.326    28.0156      1.513    7.04796     7.1079     7.1243    21.9072   12.69692 2.4714e+01      1.528 0.0000e+00
        204 312.684430    0.01410     0.8458     50.750  1021.9004  45036.030    27.9968      1.570    7.04959     7.0896     7.1197    21.8931   12.69986 2.4499e+01      1.585 0.0000e+00
        205 312.684433    0.01417     0.8500     51.000  1021.8972  45029.910    27.9909      1.591    7.05178     7.0693     7.1080    21.8898   12.70356 2.4774e+01      1.606 0.0000e+00
        206 312.684436    0.01424     0.8542     51.250  1021.9080  45049.942    28.0018      1.579    7.05427     7.0531     7.0897    21.9007   12.70755 2.5771e+01      1.593 0.0000e+00
        207 312.684439    0.01431     0.8583     51.500  1021.9266  45084.622    28.0225      1.539    7.05665     7.0451     7.0694    21.9194   12.71121 2.7651e+01      1.553 0.0000e+00
        208 312.684442    0.01438     0.8625     51.750  1021.9435  45116.241    28.0418      1.483    7.05841     7.0461     7.0532    21.9366   12.71388 3.0217e+01      1.497 0.0000e+00
        209 312.684444    0.01444     0.8667     52.000  1021.9522  45132.835    28.0520      1.422    7.05925     7.0536     7.0452    21.9456   12.71515 3.2956e+01      1.435 0.0000e+00
        210 312.684447    0.01451     0.8708     52.250  1021.9516  45132.254    28.0518      1.363    7.05909     7.0633     7.0462    21.9453   12.71489 3.5241e+01      1.375 0.0000e+00
        211 312.684450    0.01458     0.8750     52.500  1021.9440  45118.508    28.0435      1.309    7.05824     7.0717     7.0537    21.9379   12.71358 3.6493e+01      1.321 0.0000e+00
        212 312.684453    0.01465     0.8792     52.750  1021.9326  45097.772    28.0308      1.262    7.05724     7.0771     7.0634    21.9267   12.71209 3.6493e+01      1.273 0.0000e+00
        213 312.684456    0.01472     0.8833     53.000  1021.9214  45077.409    28.0181      1.220    7.05646     7.0792     7.0718    21.9157   12.71096 3.5528e+01      1.231 0.0000e+00
        214 312.684459    0.01479     0.8875     53.250  1021.9137  45063.544    28.0094      1.184    7.05597     7.0785     7.0772    21.9082   12.71026 3.4212e+01      1.194 0.0000e+00
        215 312.684462    0.01486     0.8917     53.500  1021.9110  45058.816    28.0065      1.153    7.05576     7.0770     7.0793    21.9057   12.70995 3.3058e+01      1.164 0.0000e+00
        216 312.684465    0.01493     0.8958     53.750  1021.9130  45062.679    28.0091      1.129    7.05575     7.0761     7.0786    21.9077   12.70990 3.2201e+01      1.140 0.0000e+00
        217 312.684468    0.01500     0.9000     54.000  1021.9179  45071.785    28.0151      1.116    7.05573     7.0769     7.0770    21.9126   12.70979 3.1593e+01      1.127 0.0000e+00
        218 312.684470    0.01507     0.9042     54.250  1021.9235  45082.243    28.0221      1.116    7.05554     7.0800     7.0762    21.9183   12.70938 3.1073e+01      1.127 0.0000e+00
        219 312.684473    0.01514     0.9083     54.500  1021.9286  45091.586    28.0286      1.132    7.05511     7.0858     7.0770    21.9233   12.70859 3.0285e+01      1.143 0.0000e+00
        220 312.684476    0.01521     0.9125     54.750  1021.9324  45098.504    28.0338      1.165    7.05437     7.0938     7.0801    21.9270   12.70729 2.8983e+01      1.176 0.0000e+00
        221 312.684479    0.01528     0.9167     55.000  1021.9350  45102.893    28.0377      1.214    7.05324     7.1023     7.0859    21.9293   12.70537 2.7336e+01      1.226 0.0000e+00
        222 312.684482    0.01535     0.9208     55.250  1021.9363  45104.828    28.0402      1.278    7.05182     7.1093     7.0939    21.9303   12.70298 2.5732e+01      1.291 0.0000e+00
        223 312.684485    0.01542     0.9250     55.500  1021.9352  45102.202    28.0396      1.352    7.05044     7.1130     7.1024    21.9289   12.70071 2.4488e+01      1.365 0.0000e+00
        224 312.684488    0.01549     0.9292     55.750  1021.9295  45091.157    28.0331      1.426    7.04959     7.1122     7.1094    21.9229   12.69939 2.3773e+01      1.439 0.0000e+00
        225 312.684491    0.01556     0.9333     56.000  1021.9190  45071.176    28.0199      1.490    7.04960     7.1057     7.1131    21.9121   12.69956 2.3579e+01      1.504 0.0000e+00
        226 312.684494    0.01563     0.9375     56.250  1021.9077  45049.826    28.0052      1.534    7.05041     7.0934     7.1123    21.9005   12.70110 2.3801e+01      1.549 0.0000e+00
        227 312.684497    0.01569     0.9417     56.500  1021.9022  45039.455    27.9971      1.552    7.05184     7.0778     7.1058    21.8950   12.70357 2.4401e+01      1.567 0.0000e+00
        228 312.684499    0.01576     0.9458     56.750  1021.9065  45047.332    28.0006      1.542    7.05371     7.0632     7.0935    21.8993   12.70662 2.5418e+01      1.556 0.0000e+00
        229 312.684502    0.01583     0.9500     57.000  1021.9190  45070.792    28.0143      1.505    7.05563     7.0528     7.0779    21.9120   12.70964 2.6870e+01      1.519 0.0000e+00
        230 312.684505    0.01590     0.9542     57.250  1021.9351  45100.999    28.0329      1.447    7.05716     7.0476     7.0633    21.9284   12.71192 2.8679e+01      1.461 0.0000e+00
        231 312.684508    0.01597     0.9583     57.500  1021.9498  45128.751    28.0503      1.378    7.05806     7.0479     7.0529    21.9434   12.71319 3.0593e+01      1.391 0.0000e+00
        232 312.684511    0.01604     0.9625     57.750  1021.9598  45147.870    28.0627      1.305    7.05834     7.0532     7.0477    21.9537   12.71349 3.2138e+01      1.317 0.0000e+00
        233 312.684514    0.01611     0.9667     58.000  1021.9639  45156.185    28.0685      1.235    7.05802     7.0620     7.0480    21.9582   12.71289 3.2962e+01      1.247 0.0000e+00
        234 312.684517    0.01618     0.9708     58.250  1021.9633  45155.432    28.0688      1.175    7.05714     7.0726     7.0533    21.9578   12.71142 3.3121e+01      1.187 0.0000e+00
        235 312.684520    0.01625     0.9750     58.500  1021.9600  45149.677    28.0662      1.131    7.05581     7.0836     7.0621    21.9547   12.70926 3.2742e+01      1.142 0.0000e+00
        236 312.684523    0.01632     0.9792     58.750  1021.9561  45142.726    28.0631      1.105    7.05422     7.0939     7.0727    21.9509   12.70667 3.1870e+01      1.116 0.0000e+00
        237 312.684525    0.01639     0.9833     59.000  1021.9523  45135.871    28.0600      1.101    7.05256     7.1027     7.0837    21.9471   12.70397 3.0678e+01      1.112 0.0000e+00
        238 312.684528    0.01646     0.9875     59.250  1021.9479  45127.691    28.0560      1.118    7.05106     7.1095     7.0940    21.9427   12.70153 2.9378e+01      1.129 0.0000e+00
        239 312.684531    0.01653     0.9917     59.500  1021.9418  45116.175    28.0494      1.153    7.04992     7.1140     7.1028    21.9364   12.69973 2.8124e+01      1.164 0.0000e+00
        240 312.684534    0.01660     0.9958     59.750  1021.9333  45099.988    28.0393      1.197    7.04928     7.1164     7.1096    21.9277   12.69879 2.6997e+01      1.209 0.0000e+00
        241 312.684537    0.01667     1.0000     60.000  1021.9226  45079.807    28.0262      1.246    7.04914     7.1167     7.1142    21.9168   12.69873 2.6013e+01      1.258 0.0000e+00
        242 312.684540    0.01674     1.0042     60.250  1021.9122  45060.119    28.0130      1.292    7.04936     7.1150     7.1166    21.9061   12.69926 2.5227e+01      1.304 0.0000e+00
        243 312.684543    0.01681     1.0083     60.500  1021.9056  45047.667    28.0045      1.332    7.04971     7.1121     7.1169    21.8994   12.69994 2.4717e+01      1.345 0.0000e+00
        244 312.684546    0.01688     1.0125     60.750  1021.9053  45046.735    28.0036      1.366    7.05003     7.1094     7.1151    21.8989   12.70049 2.4539e+01      1.379 0.0000e+00
        245 312.684549    0.01694     1.0167     61.000  1021.9096  45054.476    28.0084      1.395    7.05028     7.1077     7.1122    21.9031   12.70085 2.4716e+01      1.408 0.0000e+00
        246 312.684552    0.01701     1.0208     61.250  1021.9139  45062.296    28.0134      1.421    7.05049     7.1068     7.1095    21.9073   12.70113 2.5117e+01      1.434 0.0000e+00
        247 312.684554    0.01708     1.0250     61.500  1021.9145  45063.135    28.0137      1.441    7.05074     7.1057     7.1079    21.9078   12.70154 2.5447e+01      1.455 0.0000e+00
        248 312.684557    0.01715     1.0292     61.750  1021.9109  45056.340    28.0089      1.456    7.05112     7.1038     7.1069    21.9041   12.70224 2.5583e+01      1.470 0.0000e+00
        249 312.684560    0.01722     1.0333     62.000  1021.9057  45046.718    28.0021      1.462    7.05162     7.1010     7.1058    21.8989   12.70315 2.5741e+01      1.476 0.0000e+00
        250 312.684563    0.01729     1.0375     62.250  1021.9019  45039.710    27.9970      1.458    7.05216     7.0976     7.1039    21.8952   12.70410 2.6192e+01      1.472 0.0000e+00
        251 312.684566    0.01736     1.0417     62.500  1021.9012  45038.394    27.9957      1.442    7.05267     7.0943     7.1012    21.8945   12.70497 2.6947e+01      1.455 0.0000e+00
        252 312.684569    0.01743     1.0458     62.750  1021.9038  45043.442    27.9987      1.413    7.05309     7.0917     7.0978    21.8972   12.70563 2.7806e+01      1.426 0.0000e+00
        253 312.684572    0.01750     1.0500     63.000  1021.9091  45053.617    28.0052      1.372    7.05334     7.0903     7.0944    21.9027   12.70595 2.8601e+01      1.385 0.0000e+00
        254 312.684575    0.01757     1.0542     63.250  1021.9162  45067.086    28.0140      1.323    7.05335     7.0907     7.0918    21.9100   12.70586 2.9180e+01      1.336 0.0000e+00
        255 312.684578    0.01764     1.0583     63.500  1021.9239  45081.867    28.0239      1.271    7.05312     7.0934     7.0904    21.9180   12.70535 2.9333e+01      1.282 0.0000e+00
