CTD-processing/allCTD/CNV--homogene/2014_07-24_t7_s03_cast002.cnv
* Sea-Bird SBE19plus Data File:
* FileName = C:\Users\kris.holderied\Documents\kasitsna\Research-Projects-and-Data\Oceanography-AK\CTD-Data-ALL-to-2014-06\2014-CTD-KachemakBay-CookInlet\2014-07-EVOSTC-CookInlet-quarterly\2014-07-24-CookInlet-Tran7-Augustine\2014-07-24-CookInlet-Tran7-cast002.hex
* Software Version 1.59
* Temperature SN =  4141
* Conductivity SN =  4141
* System UpLoad Time = Jul 24 2014 17:17:32
** Cook Inlet LTM Transect 7 (Augustine) West to East
** Date: 07-24
** Station: 7-03
** Start time: 08:20
** Depth (m): 43.9
** Comment:  CTD time is Alaska Daylight time.  Transducer  depth (transducer is 9 ft).
** Comment:
# nquan = 17
# nvalues = 461                         
# units = specified
# name 0 = scan: Scan Count
# name 1 = timeJ: Julian Days
# name 2 = timeH: Time, Elapsed [hours]
# name 3 = timeM: Time, Elapsed [minutes]
# name 4 = timeS: Time, Elapsed [seconds]
# name 5 = density00: Density [density, kg/m^3]
# name 6 = specc: Specific Conductance [uS/cm]
# name 7 = sal00: Salinity, Practical [PSU]
# name 8 = depSM: Depth [salt water, m], lat = 59.00
# name 9 = oxsolML/L: Oxygen Saturation, Garcia & Gordon [ml/l]
# name 10 = potemp090C: Potential Temperature [ITS-90, deg C]
# name 11 = tv290C: Temperature [ITS-90, deg C]
# name 12 = sigma-é00: Density [sigma-theta, kg/m^3]
# name 13 = n2satML/L: Nitrogen Saturation [ml/l]
# name 14 = par: PAR/Irradiance, Biospherical/Licor
# name 15 = prdM: Pressure, Strain Gauge [db]
# name 16 = flag:  0.000e+00
# span 0 =          1,        461       
# span 1 = 205.347442, 205.348773       
# span 2 =    0.00000,    0.03194       
# span 3 =     0.0000,     1.9167       
# span 4 =      0.000,    115.000       
# span 5 =   999.4578,  1024.0272       
# span 6 =    180.087,  48795.560       
# span 7 =     0.0854,    30.9895       
# span 8 =     -0.107,     44.807       
# span 9 =    6.06758,    7.38739       
# span 10 =     9.9982,    13.3235      
# span 11 =    10.0030,    13.3236      
# span 12 =    -0.5419,    23.8224      
# span 13 =   11.04418,   13.64066      
# span 14 = 6.2142e-02, 2.0634e+02      
# span 15 =     -0.108,     45.234      
# span 16 = 0.0000e+00, 0.0000e+00      
# interval = seconds: 0.25
# start_time = Jul 24 2014 08:20:19 [Instrument's time stamp, header]
# bad_flag = -9.990e-29
*END*
[from data line 86]
         87 205.347691    0.00597     0.3583     21.500  1022.6029  47142.391    30.1783      0.955    6.06801    13.3206    13.3218    22.5985   11.04513 1.0993e+02      0.964 0.0000e+00
         88 205.347694    0.00604     0.3625     21.750  1022.6026  47141.484    30.1776      0.980    6.06810    13.3200    13.3212    22.5981   11.04529 1.0871e+02      0.990 0.0000e+00
         89 205.347697    0.00611     0.3667     22.000  1022.6016  47139.446    30.1761      1.011    6.06822    13.3194    13.3207    22.5970   11.04552 1.0769e+02      1.021 0.0000e+00
         90 205.347700    0.00618     0.3708     22.250  1022.5999  47136.025    30.1736      1.043    6.06839    13.3186    13.3201    22.5952   11.04582 1.0670e+02      1.053 0.0000e+00
         91 205.347703    0.00625     0.3750     22.500  1022.5973  47130.964    30.1699      1.068    6.06861    13.3177    13.3195    22.5925   11.04622 1.0590e+02      1.078 0.0000e+00
         92 205.347705    0.00632     0.3792     22.750  1022.5945  47125.449    30.1659      1.082    6.06886    13.3166    13.3187    22.5896   11.04668 1.0586e+02      1.093 0.0000e+00
         93 205.347708    0.00639     0.3833     23.000  1022.5927  47122.025    30.1634      1.084    6.06906    13.3154    13.3178    22.5879   11.04705 1.0674e+02      1.094 0.0000e+00
         94 205.347711    0.00646     0.3875     23.250  1022.5930  47122.367    30.1636      1.072    6.06919    13.3143    13.3168    22.5882   11.04727 1.0795e+02      1.083 0.0000e+00
         95 205.347714    0.00653     0.3917     23.500  1022.5954  47126.603    30.1665      1.052    6.06924    13.3137    13.3155    22.5907   11.04731 1.0931e+02      1.062 0.0000e+00
         96 205.347717    0.00660     0.3958     23.750  1022.5991  47133.187    30.1711      1.027    6.06921    13.3136    13.3144    22.5944   11.04720 1.1112e+02      1.037 0.0000e+00
         97 205.347720    0.00667     0.4000     24.000  1022.6024  47139.317    30.1754      1.002    6.06913    13.3138    13.3138    22.5979   11.04701 1.1280e+02      1.012 0.0000e+00
         98 205.347723    0.00674     0.4042     24.250  1022.6044  47143.066    30.1781      0.980    6.06904    13.3142    13.3137    22.6000   11.04684 1.1352e+02      0.989 0.0000e+00
         99 205.347726    0.00681     0.4083     24.500  1022.6049  47144.157    30.1789      0.959    6.06897    13.3144    13.3139    22.6006   11.04672 1.1386e+02      0.968 0.0000e+00
        100 205.347729    0.00688     0.4125     24.750  1022.6042  47143.220    30.1782      0.942    6.06895    13.3145    13.3143    22.6000   11.04669 1.1451e+02      0.950 0.0000e+00
        101 205.347731    0.00694     0.4167     25.000  1022.6031  47141.304    30.1769      0.927    6.06897    13.3146    13.3145    22.5989   11.04674 1.1525e+02      0.936 0.0000e+00
        102 205.347734    0.00701     0.4208     25.250  1022.6021  47139.634    30.1757      0.917    6.06900    13.3147    13.3146    22.5980   11.04680 1.1558e+02      0.925 0.0000e+00
        103 205.347737    0.00708     0.4250     25.500  1022.6017  47138.990    30.1753      0.911    6.06901    13.3149    13.3147    22.5976   11.04683 1.1527e+02      0.920 0.0000e+00
        104 205.347740    0.00715     0.4292     25.750  1022.6019  47139.380    30.1756      0.913    6.06899    13.3153    13.3148    22.5978   11.04679 1.1429e+02      0.921 0.0000e+00
        105 205.347743    0.00722     0.4333     26.000  1022.6025  47140.363    30.1763      0.922    6.06893    13.3156    13.3150    22.5983   11.04669 1.1281e+02      0.930 0.0000e+00
        106 205.347746    0.00729     0.4375     26.250  1022.6029  47141.101    30.1769      0.939    6.06886    13.3159    13.3154    22.5987   11.04657 1.1159e+02      0.947 0.0000e+00
        107 205.347749    0.00736     0.4417     26.500  1022.6029  47140.885    30.1767      0.962    6.06882    13.3160    13.3157    22.5985   11.04651 1.1064e+02      0.971 0.0000e+00
        108 205.347752    0.00743     0.4458     26.750  1022.6022  47139.551    30.1758      0.989    6.06882    13.3158    13.3160    22.5977   11.04652 1.0909e+02      0.998 0.0000e+00
        109 205.347755    0.00750     0.4500     27.000  1022.6009  47137.068    30.1740      1.016    6.06888    13.3155    13.3161    22.5963   11.04663 1.0718e+02      1.026 0.0000e+00
        110 205.347758    0.00757     0.4542     27.250  1022.5990  47133.323    30.1713      1.040    6.06900    13.3151    13.3160    22.5943   11.04686 1.0597e+02      1.050 0.0000e+00
        111 205.347760    0.00764     0.4583     27.500  1022.5963  47128.232    30.1677      1.057    6.06918    13.3145    13.3157    22.5916   11.04719 1.0566e+02      1.067 0.0000e+00
        112 205.347763    0.00771     0.4625     27.750  1022.5932  47122.314    30.1634      1.067    6.06940    13.3139    13.3152    22.5884   11.04761 1.0576e+02      1.077 0.0000e+00
        113 205.347766    0.00778     0.4667     28.000  1022.5903  47116.938    30.1596      1.070    6.06961    13.3132    13.3147    22.5855   11.04801 1.0626e+02      1.080 0.0000e+00
        114 205.347769    0.00785     0.4708     28.250  1022.5883  47113.186    30.1569      1.067    6.06979    13.3123    13.3141    22.5835   11.04833 1.0726e+02      1.077 0.0000e+00
        115 205.347772    0.00792     0.4750     28.500  1022.5873  47111.304    30.1555      1.061    6.06993    13.3113    13.3134    22.5826   11.04857 1.0820e+02      1.071 0.0000e+00
        116 205.347775    0.00799     0.4792     28.750  1022.5874  47111.210    30.1553      1.053    6.07005    13.3102    13.3125    22.5826   11.04877 1.0902e+02      1.063 0.0000e+00
        117 205.347778    0.00806     0.4833     29.000  1022.5881  47112.250    30.1560      1.043    6.07016    13.3093    13.3114    22.5834   11.04895 1.1024e+02      1.053 0.0000e+00
        118 205.347781    0.00813     0.4875     29.250  1022.5885  47112.967    30.1564      1.030    6.07027    13.3084    13.3104    22.5839   11.04913 1.1168e+02      1.040 0.0000e+00
        119 205.347784    0.00819     0.4917     29.500  1022.5880  47112.012    30.1557      1.011    6.07042    13.3076    13.3094    22.5835   11.04938 1.1295e+02      1.021 0.0000e+00
        120 205.347786    0.00826     0.4958     29.750  1022.5866  47109.435    30.1538      0.986    6.07060    13.3068    13.3086    22.5822   11.04971 1.1440e+02      0.995 0.0000e+00
        121 205.347789    0.00833     0.5000     30.000  1022.5851  47106.663    30.1517      0.955    6.07078    13.3062    13.3077    22.5808   11.05003 1.1628e+02      0.965 0.0000e+00
        122 205.347792    0.00840     0.5042     30.250  1022.5841  47105.014    30.1505      0.922    6.07092    13.3058    13.3070    22.5800   11.05028 1.1796e+02      0.931 0.0000e+00
        123 205.347795    0.00847     0.5083     30.500  1022.5840  47104.915    30.1504      0.890    6.07100    13.3055    13.3064    22.5800   11.05042 1.1896e+02      0.899 0.0000e+00
        124 205.347798    0.00854     0.5125     30.750  1022.5849  47106.584    30.1516      0.865    6.07101    13.3055    13.3059    22.5810   11.05042 1.1928e+02      0.873 0.0000e+00
        125 205.347801    0.00861     0.5167     31.000  1022.5868  47110.080    30.1540      0.851    6.07095    13.3059    13.3057    22.5829   11.05029 1.1888e+02      0.859 0.0000e+00
        126 205.347804    0.00868     0.5208     31.250  1022.5892  47114.569    30.1572      0.850    6.07083    13.3067    13.3057    22.5854   11.05006 1.1771e+02      0.858 0.0000e+00
        127 205.347807    0.00875     0.5250     31.500  1022.5918  47119.136    30.1605      0.864    6.07066    13.3078    13.3060    22.5878   11.04974 1.1585e+02      0.872 0.0000e+00
        128 205.347810    0.00882     0.5292     31.750  1022.5943  47123.699    30.1638      0.893    6.07044    13.3093    13.3068    22.5902   11.04934 1.1346e+02      0.902 0.0000e+00
        129 205.347813    0.00889     0.5333     32.000  1022.5967  47128.065    30.1670      0.936    6.07017    13.3108    13.3080    22.5925   11.04886 1.1062e+02      0.945 0.0000e+00
        130 205.347815    0.00896     0.5375     32.250  1022.5985  47131.310    30.1694      0.988    6.06990    13.3119    13.3094    22.5941   11.04837 1.0768e+02      0.998 0.0000e+00
        131 205.347818    0.00903     0.5417     32.500  1022.5991  47132.310    30.1702      1.044    6.06968    13.3124    13.3109    22.5944   11.04800 1.0512e+02      1.054 0.0000e+00
        132 205.347821    0.00910     0.5458     32.750  1022.5980  47130.179    30.1688      1.094    6.06958    13.3116    13.3121    22.5931   11.04786 1.0321e+02      1.105 0.0000e+00
        133 205.347824    0.00917     0.5500     33.000  1022.5950  47124.512    30.1648      1.134    6.06968    13.3093    13.3125    22.5899   11.04807 1.0231e+02      1.145 0.0000e+00
        134 205.347827    0.00924     0.5542     33.250  1022.5909  47116.800    30.1592      1.155    6.06999    13.3049    13.3118    22.5858   11.04864 1.0256e+02      1.167 0.0000e+00
        135 205.347830    0.00931     0.5583     33.500  1022.5878  47110.567    30.1546      1.156    6.07045    13.2983    13.3095    22.5826   11.04947 1.0385e+02      1.168 0.0000e+00
        136 205.347833    0.00937     0.5625     33.750  1022.5874  47108.871    30.1530      1.137    6.07106    13.2904    13.3051    22.5823   11.05050 1.0613e+02      1.148 0.0000e+00
        137 205.347836    0.00944     0.5667     34.000  1022.5902  47112.643    30.1552      1.101    6.07181    13.2827    13.2985    22.5852   11.05172 1.0899e+02      1.112 0.0000e+00
        138 205.347839    0.00951     0.5708     34.250  1022.5953  47120.459    30.1601      1.056    6.07262    13.2763    13.2906    22.5906   11.05300 1.1165e+02      1.066 0.0000e+00
        139 205.347841    0.00958     0.5750     34.500  1022.6013  47129.935    30.1662      1.008    6.07336    13.2720    13.2828    22.5968   11.05416 1.1404e+02      1.017 0.0000e+00
        140 205.347844    0.00965     0.5792     34.750  1022.6071  47139.317    30.1723      0.962    6.07392    13.2697    13.2764    22.6028   11.05503 1.1660e+02      0.972 0.0000e+00
        141 205.347847    0.00972     0.5833     35.000  1022.6120  47147.480    30.1778      0.924    6.07426    13.2688    13.2721    22.6078   11.05553 1.1899e+02      0.933 0.0000e+00
        142 205.347850    0.00979     0.5875     35.250  1022.6156  47153.697    30.1820      0.895    6.07440    13.2690    13.2698    22.6115   11.05571 1.2023e+02      0.904 0.0000e+00
        143 205.347853    0.00986     0.5917     35.500  1022.6178  47157.625    30.1848      0.875    6.07441    13.2704    13.2689    22.6138   11.05570 1.2017e+02      0.883 0.0000e+00
        144 205.347856    0.00993     0.5958     35.750  1022.6185  47159.120    30.1859      0.863    6.07434    13.2730    13.2691    22.6146   11.05557 1.1952e+02      0.872 0.0000e+00
        145 205.347859    0.01000     0.6000     36.000  1022.6178  47158.183    30.1853      0.860    6.07418    13.2765    13.2705    22.6139   11.05532 1.1891e+02      0.868 0.0000e+00
        146 205.347862    0.01007     0.6042     36.250  1022.6158  47155.089    30.1833      0.866    6.07393    13.2803    13.2731    22.6119   11.05492 1.1826e+02      0.874 0.0000e+00
        147 205.347865    0.01014     0.6083     36.500  1022.6129  47150.468    30.1803      0.881    6.07361    13.2840    13.2766    22.6089   11.05442 1.1687e+02      0.889 0.0000e+00
        148 205.347867    0.01021     0.6125     36.750  1022.6096  47145.133    30.1769      0.903    6.07326    13.2872    13.2804    22.6055   11.05387 1.1477e+02      0.912 0.0000e+00
        149 205.347870    0.01028     0.6167     37.000  1022.6063  47139.792    30.1734      0.931    6.07293    13.2897    13.2841    22.6021   11.05337 1.1306e+02      0.940 0.0000e+00
        150 205.347873    0.01035     0.6208     37.250  1022.6032  47134.730    30.1700      0.963    6.07265    13.2915    13.2873    22.5989   11.05294 1.1226e+02      0.972 0.0000e+00
        151 205.347876    0.01042     0.6250     37.500  1022.6003  47129.762    30.1667      0.995    6.07246    13.2924    13.2898    22.5958   11.05266 1.1153e+02      1.004 0.0000e+00
        152 205.347879    0.01049     0.6292     37.750  1022.5974  47124.802    30.1633      1.024    6.07236    13.2926    13.2916    22.5928   11.05254 1.1025e+02      1.034 0.0000e+00
        153 205.347882    0.01056     0.6333     38.000  1022.5950  47120.347    30.1602      1.050    6.07236    13.2920    13.2925    22.5902   11.05257 1.0893e+02      1.060 0.0000e+00
        154 205.347885    0.01063     0.6375     38.250  1022.5933  47117.203    30.1580      1.071    6.07243    13.2905    13.2927    22.5885   11.05271 1.0827e+02      1.081 0.0000e+00
        155 205.347888    0.01069     0.6417     38.500  1022.5927  47115.860    30.1569      1.086    6.07254    13.2874    13.2921    22.5878   11.05290 1.0852e+02      1.097 0.0000e+00
        156 205.347891    0.01076     0.6458     38.750  1022.5933  47116.519    30.1573      1.095    6.07272    13.2826    13.2906    22.5883   11.05320 1.0928e+02      1.106 0.0000e+00
        157 205.347894    0.01083     0.6500     39.000  1022.5954  47119.537    30.1592      1.095    6.07303    13.2765    13.2876    22.5904   11.05369 1.1008e+02      1.105 0.0000e+00
        158 205.347896    0.01090     0.6542     39.250  1022.5991  47125.126    30.1627      1.084    6.07350    13.2701    13.2827    22.5941   11.05444 1.1109e+02      1.094 0.0000e+00
        159 205.347899    0.01097     0.6583     39.500  1022.6039  47132.665    30.1676      1.062    6.07409    13.2643    13.2767    22.5990   11.05535 1.1242e+02      1.072 0.0000e+00
        160 205.347902    0.01104     0.6625     39.750  1022.6091  47140.911    30.1729      1.031    6.07468    13.2595    13.2703    22.6044   11.05628 1.1372e+02      1.040 0.0000e+00
        161 205.347905    0.01111     0.6667     40.000  1022.6140  47148.694    30.1780      0.995    6.07523    13.2558    13.2645    22.6094   11.05712 1.1495e+02      1.004 0.0000e+00
        162 205.347908    0.01118     0.6708     40.250  1022.6181  47155.236    30.1823      0.960    6.07568    13.2535    13.2596    22.6137   11.05782 1.1606e+02      0.969 0.0000e+00
        163 205.347911    0.01125     0.6750     40.500  1022.6212  47160.216    30.1855      0.933    6.07602    13.2525    13.2559    22.6169   11.05835 1.1702e+02      0.942 0.0000e+00
        164 205.347914    0.01132     0.6792     40.750  1022.6233  47163.588    30.1877      0.916    6.07623    13.2531    13.2536    22.6191   11.05868 1.1747e+02      0.925 0.0000e+00
        165 205.347917    0.01139     0.6833     41.000  1022.6242  47165.144    30.1887      0.910    6.07631    13.2553    13.2526    22.6200   11.05879 1.1683e+02      0.918 0.0000e+00
        166 205.347920    0.01146     0.6875     41.250  1022.6237  47164.448    30.1883      0.911    6.07624    13.2587    13.2532    22.6196   11.05869 1.1551e+02      0.920 0.0000e+00
        167 205.347922    0.01153     0.6917     41.500  1022.6218  47161.370    30.1863      0.917    6.07604    13.2625    13.2554    22.6176   11.05839 1.1435e+02      0.926 0.0000e+00
        168 205.347925    0.01160     0.6958     41.750  1022.6187  47156.449    30.1831      0.927    6.07573    13.2658    13.2588    22.6144   11.05792 1.1382e+02      0.935 0.0000e+00
        169 205.347928    0.01167     0.7000     42.000  1022.6151  47150.818    30.1794      0.938    6.07540    13.2686    13.2626    22.6109   11.05741 1.1388e+02      0.947 0.0000e+00
        170 205.347931    0.01174     0.7042     42.250  1022.6119  47145.618    30.1760      0.951    6.07511    13.2709    13.2660    22.6076   11.05696 1.1369e+02      0.960 0.0000e+00
