CTD-processing/allCTD/CNV--homogene/2014_10-18_t7_s19_cast138.cnv
* Sea-Bird SBE19plus Data File:
* FileName = C:\Users\kris.holderied\Documents\kasitsna\Research-Projects-and-Data\Oceanography-AK\CTD-Data-ALL-to-2014-10\2014-CTD-KachemakBay-CookInlet\2014-10-EVOSTC-CookInlet\2014-10-17-CookInlet-Tran7-Augustine\2014-10-18-CookInlet-Tran7-cast138.hex
* Software Version 1.59
* Temperature SN =  4141
* Conductivity SN =  4141
* System UpLoad Time = Oct 18 2014 20:41:15
** Cook Inlet LTM Tran7 (Augustine) west to east 2ND RUN
** Date: 10-18
** Station: 7-19
** Start time:  18:19
** Depth (m): 76
** Comment:  CTD time is Alaska Daylight time.  R/V Pandalus. Transducer  depth.
** Comment:
# nquan = 17
# nvalues = 790                         
# units = specified
# name 0 = scan: Scan Count
# name 1 = timeJ: Julian Days
# name 2 = timeH: Time, Elapsed [hours]
# name 3 = timeM: Time, Elapsed [minutes]
# name 4 = timeS: Time, Elapsed [seconds]
# name 5 = density00: Density [density, kg/m^3]
# name 6 = specc: Specific Conductance [uS/cm]
# name 7 = sal00: Salinity, Practical [PSU]
# name 8 = depSM: Depth [salt water, m], lat = 59.00
# name 9 = oxsolML/L: Oxygen Saturation, Garcia & Gordon [ml/l]
# name 10 = potemp090C: Potential Temperature [ITS-90, deg C]
# name 11 = tv290C: Temperature [ITS-90, deg C]
# name 12 = sigma-é00: Density [sigma-theta, kg/m^3]
# name 13 = n2satML/L: Nitrogen Saturation [ml/l]
# name 14 = par: PAR/Irradiance, Biospherical/Licor
# name 15 = prdM: Pressure, Strain Gauge [db]
# name 16 = flag:  0.000e+00
# span 0 =          1,        790       
# span 1 = 291.763600, 291.765883       
# span 2 =    0.00000,    0.05479       
# span 3 =     0.0000,     3.2875       
# span 4 =      0.000,    197.250       
# span 5 =  1001.4009,  1024.4499       
# span 6 =   3717.574,  49270.123       
# span 7 =     1.9240,    31.2529       
# span 8 =     -0.290,     76.483       
# span 9 =    6.50412,    8.29287       
# span 10 =     7.4142,    10.0843      
# span 11 =     7.4113,    10.0857      
# span 12 =     1.4023,    24.0995      
# span 13 =   11.75768,   15.14276      
# span 14 = 3.6382e-02, 2.5554e+01      
# span 15 =     -0.293,     77.219      
# span 16 = 0.0000e+00, 0.0000e+00      
# interval = seconds: 0.25
# start_time = Oct 18 2014 18:19:35 [Instrument's time stamp, header]
# bad_flag = -9.990e-29
*END*
[from data line 256]
        257 291.764340    0.01778     1.0667     64.000  1022.7036  46716.150    29.5459      1.310    6.54003    10.0198     9.9957    22.6976   11.83598 8.5623e+00      1.322 0.0000e+00
        258 291.764343    0.01785     1.0708     64.250  1022.7013  46713.274    29.5455      1.348    6.53817    10.0297    10.0088    22.6951   11.83290 8.3998e+00      1.360 0.0000e+00
        259 291.764346    0.01792     1.0750     64.500  1022.7016  46715.054    29.5480      1.374    6.53646    10.0385    10.0199    22.6953   11.83003 8.4043e+00      1.387 0.0000e+00
        260 291.764349    0.01799     1.0792     64.750  1022.7020  46716.879    29.5504      1.387    6.53494    10.0457    10.0298    22.6956   11.82748 8.5222e+00      1.400 0.0000e+00
        261 291.764352    0.01806     1.0833     65.000  1022.7006  46715.427    29.5504      1.386    6.53368    10.0512    10.0386    22.6942   11.82539 8.7157e+00      1.399 0.0000e+00
        262 291.764355    0.01812     1.0875     65.250  1022.6982  46712.015    29.5489      1.372    6.53269    10.0550    10.0459    22.6919   11.82378 8.9464e+00      1.385 0.0000e+00
        263 291.764358    0.01819     1.0917     65.500  1022.6958  46708.469    29.5471      1.349    6.53199    10.0573    10.0514    22.6896   11.82263 9.1562e+00      1.362 0.0000e+00
        264 291.764361    0.01826     1.0958     65.750  1022.6937  46705.421    29.5454      1.321    6.53152    10.0586    10.0551    22.6877   11.82187 9.3288e+00      1.334 0.0000e+00
        265 291.764363    0.01833     1.1000     66.000  1022.6921  46703.032    29.5440      1.294    6.53124    10.0591    10.0575    22.6862   11.82142 9.4879e+00      1.307 0.0000e+00
        266 291.764366    0.01840     1.1042     66.250  1022.6912  46701.651    29.5432      1.274    6.53109    10.0594    10.0587    22.6854   11.82119 9.6183e+00      1.286 0.0000e+00
        267 291.764369    0.01847     1.1083     66.500  1022.6910  46701.380    29.5431      1.261    6.53102    10.0596    10.0593    22.6852   11.82107 9.6752e+00      1.273 0.0000e+00
        268 291.764372    0.01854     1.1125     66.750  1022.6911  46701.750    29.5434      1.255    6.53097    10.0600    10.0595    22.6854   11.82099 9.6771e+00      1.267 0.0000e+00
        269 291.764375    0.01861     1.1167     67.000  1022.6913  46702.069    29.5437      1.251    6.53092    10.0604    10.0598    22.6855   11.82090 9.6641e+00      1.263 0.0000e+00
        270 291.764378    0.01868     1.1208     67.250  1022.6912  46701.951    29.5436      1.246    6.53087    10.0607    10.0602    22.6854   11.82081 9.6102e+00      1.258 0.0000e+00
        271 291.764381    0.01875     1.1250     67.500  1022.6910  46701.630    29.5435      1.238    6.53082    10.0609    10.0606    22.6852   11.82074 9.4712e+00      1.250 0.0000e+00
        272 291.764384    0.01882     1.1292     67.750  1022.6908  46701.461    29.5434      1.229    6.53079    10.0611    10.0608    22.6851   11.82068 9.3274e+00      1.241 0.0000e+00
        273 291.764387    0.01889     1.1333     68.000  1022.6908  46701.562    29.5435      1.222    6.53075    10.0615    10.0610    22.6852   11.82063 9.3023e+00      1.234 0.0000e+00
        274 291.764389    0.01896     1.1375     68.250  1022.6910  46702.058    29.5438      1.222    6.53071    10.0621    10.0612    22.6854   11.82055 9.3325e+00      1.234 0.0000e+00
        275 291.764392    0.01903     1.1417     68.500  1022.6914  46702.773    29.5444      1.231    6.53064    10.0628    10.0616    22.6858   11.82042 9.2871e+00      1.243 0.0000e+00
        276 291.764395    0.01910     1.1458     68.750  1022.6917  46703.188    29.5447      1.247    6.53054    10.0636    10.0622    22.6860   11.82025 9.1671e+00      1.259 0.0000e+00
        277 291.764398    0.01917     1.1500     69.000  1022.6916  46703.040    29.5447      1.267    6.53043    10.0642    10.0629    22.6859   11.82007 9.0292e+00      1.279 0.0000e+00
        278 291.764401    0.01924     1.1542     69.250  1022.6914  46702.520    29.5444      1.285    6.53033    10.0646    10.0637    22.6855   11.81992 8.8790e+00      1.297 0.0000e+00
        279 291.764404    0.01931     1.1583     69.500  1022.6911  46701.945    29.5440      1.298    6.53026    10.0649    10.0643    22.6852   11.81980 8.7184e+00      1.311 0.0000e+00
        280 291.764407    0.01938     1.1625     69.750  1022.6908  46701.347    29.5437      1.304    6.53021    10.0649    10.0647    22.6848   11.81972 8.6066e+00      1.316 0.0000e+00
        281 291.764410    0.01944     1.1667     70.000  1022.6904  46700.680    29.5432      1.302    6.53019    10.0647    10.0650    22.6844   11.81969 8.5808e+00      1.314 0.0000e+00
        282 291.764413    0.01951     1.1708     70.250  1022.6900  46700.150    29.5429      1.294    6.53020    10.0645    10.0651    22.6841   11.81971 8.5948e+00      1.306 0.0000e+00
        283 291.764416    0.01958     1.1750     70.500  1022.6899  46700.022    29.5428      1.284    6.53023    10.0643    10.0649    22.6841   11.81976 8.6247e+00      1.297 0.0000e+00
        284 291.764418    0.01965     1.1792     70.750  1022.6901  46700.380    29.5430      1.278    6.53026    10.0642    10.0646    22.6843   11.81980 8.7198e+00      1.290 0.0000e+00
        285 291.764421    0.01972     1.1833     71.000  1022.6905  46701.046    29.5435      1.279    6.53027    10.0644    10.0644    22.6847   11.81982 8.9088e+00      1.291 0.0000e+00
        286 291.764424    0.01979     1.1875     71.250  1022.6909  46701.713    29.5439      1.286    6.53026    10.0648    10.0643    22.6850   11.81979 9.1462e+00      1.298 0.0000e+00
        287 291.764427    0.01986     1.1917     71.500  1022.6911  46702.088    29.5442      1.297    6.53022    10.0652    10.0645    22.6852   11.81973 9.3450e+00      1.309 0.0000e+00
        288 291.764430    0.01993     1.1958     71.750  1022.6911  46702.006    29.5442      1.308    6.53017    10.0655    10.0649    22.6851   11.81964 9.4401e+00      1.320 0.0000e+00
        289 291.764433    0.02000     1.2000     72.000  1022.6909  46701.642    29.5440      1.315    6.53012    10.0658    10.0653    22.6849   11.81956 9.4169e+00      1.328 0.0000e+00
        290 291.764436    0.02007     1.2042     72.250  1022.6907  46701.236    29.5437      1.319    6.53008    10.0658    10.0657    22.6847   11.81950 9.3206e+00      1.332 0.0000e+00
        291 291.764439    0.02014     1.2083     72.500  1022.6904  46700.790    29.5434      1.321    6.53006    10.0657    10.0659    22.6844   11.81947 9.2541e+00      1.334 0.0000e+00
        292 291.764442    0.02021     1.2125     72.750  1022.6903  46700.445    29.5432      1.326    6.53006    10.0655    10.0659    22.6842   11.81947 9.2787e+00      1.338 0.0000e+00
        293 291.764444    0.02028     1.2167     73.000  1022.6904  46700.506    29.5432      1.339    6.53008    10.0654    10.0658    22.6842   11.81950 9.3347e+00      1.351 0.0000e+00
        294 291.764447    0.02035     1.2208     73.250  1022.6908  46700.963    29.5435      1.368    6.53009    10.0654    10.0656    22.6845   11.81952 9.3433e+00      1.381 0.0000e+00
        295 291.764450    0.02042     1.2250     73.500  1022.6914  46701.593    29.5439      1.422    6.53009    10.0656    10.0655    22.6848   11.81952 9.2356e+00      1.435 0.0000e+00
        296 291.764453    0.02049     1.2292     73.750  1022.6921  46702.215    29.5443      1.515    6.53007    10.0660    10.0655    22.6851   11.81948 8.9009e+00      1.529 0.0000e+00
        297 291.764456    0.02056     1.2333     74.000  1022.6931  46702.855    29.5447      1.660    6.53003    10.0666    10.0657    22.6854   11.81940 8.3261e+00      1.676 0.0000e+00
        298 291.764459    0.02063     1.2375     74.250  1022.6943  46703.599    29.5452      1.860    6.52995    10.0675    10.0661    22.6857   11.81926 7.6460e+00      1.878 0.0000e+00
        299 291.764462    0.02069     1.2417     74.500  1022.6957  46704.312    29.5457      2.097    6.52983    10.0687    10.0668    22.6860   11.81906 6.9857e+00      2.117 0.0000e+00
        300 291.764465    0.02076     1.2458     74.750  1022.6969  46704.770    29.5460      2.350    6.52968    10.0698    10.0677    22.6861   11.81881 6.3793e+00      2.372 0.0000e+00
        301 291.764468    0.02083     1.2500     75.000  1022.6980  46704.752    29.5460      2.611    6.52951    10.0709    10.0689    22.6860   11.81853 5.8261e+00      2.635 0.0000e+00
        302 291.764470    0.02090     1.2542     75.250  1022.6987  46704.256    29.5457      2.876    6.52935    10.0717    10.0701    22.6855   11.81827 5.3413e+00      2.903 0.0000e+00
        303 291.764473    0.02097     1.2583     75.500  1022.6994  46703.566    29.5452      3.141    6.52921    10.0724    10.0712    22.6850   11.81805 4.9302e+00      3.171 0.0000e+00
        304 291.764476    0.02104     1.2625     75.750  1022.7002  46702.980    29.5448      3.406    6.52911    10.0728    10.0721    22.6845   11.81788 4.5824e+00      3.438 0.0000e+00
        305 291.764479    0.02111     1.2667     76.000  1022.7011  46702.610    29.5445      3.666    6.52903    10.0731    10.0727    22.6842   11.81775 4.2918e+00      3.701 0.0000e+00
        306 291.764482    0.02118     1.2708     76.250  1022.7020  46702.347    29.5443      3.918    6.52897    10.0733    10.0732    22.6840   11.81766 4.0451e+00      3.955 0.0000e+00
        307 291.764485    0.02125     1.2750     76.500  1022.7028  46702.074    29.5440      4.160    6.52894    10.0734    10.0735    22.6837   11.81760 3.8211e+00      4.200 0.0000e+00
        308 291.764488    0.02132     1.2792     76.750  1022.7037  46701.829    29.5438      4.391    6.52891    10.0735    10.0738    22.6835   11.81757 3.6110e+00      4.433 0.0000e+00
        309 291.764491    0.02139     1.2833     77.000  1022.7045  46701.685    29.5436      4.607    6.52890    10.0736    10.0739    22.6833   11.81755 3.4179e+00      4.651 0.0000e+00
        310 291.764494    0.02146     1.2875     77.250  1022.7054  46701.704    29.5436      4.807    6.52888    10.0737    10.0740    22.6833   11.81753 3.2474e+00      4.853 0.0000e+00
        311 291.764497    0.02153     1.2917     77.500  1022.7063  46701.904    29.5437      4.991    6.52887    10.0738    10.0741    22.6833   11.81750 3.1045e+00      5.039 0.0000e+00
        312 291.764499    0.02160     1.2958     77.750  1022.7071  46702.188    29.5438      5.162    6.52884    10.0741    10.0742    22.6834   11.81746 2.9876e+00      5.211 0.0000e+00
        313 291.764502    0.02167     1.3000     78.000  1022.7079  46702.451    29.5440      5.323    6.52881    10.0744    10.0744    22.6835   11.81740 2.8900e+00      5.374 0.0000e+00
        314 291.764505    0.02174     1.3042     78.250  1022.7087  46702.602    29.5440      5.479    6.52877    10.0747    10.0747    22.6836   11.81732 2.8056e+00      5.531 0.0000e+00
        315 291.764508    0.02181     1.3083     78.500  1022.7093  46702.617    29.5440      5.633    6.52872    10.0749    10.0750    22.6835   11.81725 2.7293e+00      5.686 0.0000e+00
        316 291.764511    0.02187     1.3125     78.750  1022.7099  46702.576    29.5440      5.784    6.52868    10.0750    10.0753    22.6834   11.81718 2.6569e+00      5.839 0.0000e+00
        317 291.764514    0.02194     1.3167     79.000  1022.7106  46702.661    29.5440      5.935    6.52865    10.0751    10.0756    22.6834   11.81713 2.5890e+00      5.991 0.0000e+00
        318 291.764517    0.02201     1.3208     79.250  1022.7115  46703.073    29.5443      6.085    6.52861    10.0753    10.0757    22.6836   11.81707 2.5286e+00      6.142 0.0000e+00
        319 291.764520    0.02208     1.3250     79.500  1022.7125  46703.818    29.5447      6.235    6.52858    10.0755    10.0758    22.6839   11.81700 2.4752e+00      6.293 0.0000e+00
        320 291.764523    0.02215     1.3292     79.750  1022.7136  46704.627    29.5453      6.383    6.52853    10.0758    10.0760    22.6843   11.81692 2.4273e+00      6.443 0.0000e+00
        321 291.764525    0.02222     1.3333     80.000  1022.7145  46705.252    29.5457      6.531    6.52848    10.0761    10.0762    22.6845   11.81683 2.3833e+00      6.592 0.0000e+00
        322 291.764528    0.02229     1.3375     80.250  1022.7154  46705.725    29.5460      6.680    6.52843    10.0763    10.0765    22.6847   11.81674 2.3419e+00      6.743 0.0000e+00
        323 291.764531    0.02236     1.3417     80.500  1022.7162  46706.071    29.5462      6.832    6.52838    10.0764    10.0768    22.6849   11.81665 2.3008e+00      6.896 0.0000e+00
        324 291.764534    0.02243     1.3458     80.750  1022.7170  46706.328    29.5463      6.989    6.52835    10.0765    10.0770    22.6850   11.81659 2.2563e+00      7.055 0.0000e+00
        325 291.764537    0.02250     1.3500     81.000  1022.7178  46706.594    29.5465      7.153    6.52832    10.0765    10.0771    22.6850   11.81654 2.2063e+00      7.220 0.0000e+00
        326 291.764540    0.02257     1.3542     81.250  1022.7187  46706.838    29.5466      7.324    6.52830    10.0764    10.0772    22.6851   11.81652 2.1505e+00      7.392 0.0000e+00
        327 291.764543    0.02264     1.3583     81.500  1022.7195  46706.960    29.5466      7.502    6.52830    10.0764    10.0772    22.6851   11.81651 2.0879e+00      7.572 0.0000e+00
        328 291.764546    0.02271     1.3625     81.750  1022.7203  46707.009    29.5465      7.687    6.52830    10.0763    10.0772    22.6851   11.81652 2.0194e+00      7.759 0.0000e+00
        329 291.764549    0.02278     1.3667     82.000  1022.7212  46707.155    29.5466      7.877    6.52830    10.0762    10.0772    22.6851   11.81652 1.9482e+00      7.951 0.0000e+00
        330 291.764552    0.02285     1.3708     82.250  1022.7222  46707.397    29.5467      8.069    6.52830    10.0761    10.0772    22.6852   11.81653 1.8787e+00      8.146 0.0000e+00
        331 291.764554    0.02292     1.3750     82.500  1022.7232  46707.802    29.5469      8.260    6.52830    10.0760    10.0771    22.6854   11.81653 1.8146e+00      8.338 0.0000e+00
        332 291.764557    0.02299     1.3792     82.750  1022.7245  46708.636    29.5474      8.444    6.52830    10.0758    10.0770    22.6858   11.81651 1.7582e+00      8.524 0.0000e+00
        333 291.764560    0.02306     1.3833     83.000  1022.7260  46709.970    29.5482      8.619    6.52828    10.0754    10.0769    22.6865   11.81647 1.7115e+00      8.700 0.0000e+00
        334 291.764563    0.02313     1.3875     83.250  1022.7278  46711.992    29.5495      8.780    6.52825    10.0748    10.0767    22.6875   11.81640 1.6748e+00      8.863 0.0000e+00
        335 291.764566    0.02319     1.3917     83.500  1022.7302  46715.237    29.5517      8.927    6.52821    10.0738    10.0764    22.6893   11.81630 1.6472e+00      9.012 0.0000e+00
        336 291.764569    0.02326     1.3958     83.750  1022.7334  46719.858    29.5548      9.060    6.52816    10.0725    10.0758    22.6918   11.81619 1.6273e+00      9.146 0.0000e+00
        337 291.764572    0.02333     1.4000     84.000  1022.7368  46725.172    29.5584      9.180    6.52815    10.0711    10.0748    22.6948   11.81613 1.6129e+00      9.267 0.0000e+00
        338 291.764575    0.02340     1.4042     84.250  1022.7402  46730.275    29.5618      9.291    6.52820    10.0696    10.0735    22.6976   11.81616 1.6012e+00      9.378 0.0000e+00
        339 291.764578    0.02347     1.4083     84.500  1022.7433  46735.016    29.5649      9.397    6.52828    10.0680    10.0721    22.7003   11.81626 1.5904e+00      9.486 0.0000e+00
        340 291.764580    0.02354     1.4125     84.750  1022.7465  46739.771    29.5680      9.506    6.52836    10.0665    10.0706    22.7029   11.81636 1.5788e+00      9.596 0.0000e+00
