CTD-processing/allCTD/CNV--homogene/2014_05-28_t9_s02_cast045.cnv
* Sea-Bird SBE19plus Data File:
* FileName = C:\Users\kris.holderied\Documents\kasitsna\Research-Projects-and-Data\Oceanography-AK\CTD-Data-ALL-to-2014-03\2014-CTD-KachemakBay-CookInlet\2014-05-28-CookInlet-HomerSpit-monthly\2014-05-28-CookInlet_T9_HomerSpit-cast045.hex
* Software Version 1.59
* Temperature SN =  5028
* Conductivity SN =  5028
* System UpLoad Time = Jul 21 2014 00:12:48
** Cook Inlet LTM Transect 9  (Homer Spit) South to North
** Date: 2014-05-28
** Station: 9-02
** Start time: 15:53
** Depth (m): 78.9
** Comment:  CTD time is Alaska Daylight time
** Comment:
# nquan = 17
# nvalues = 714                         
# units = specified
# name 0 = scan: Scan Count
# name 1 = timeJ: Julian Days
# name 2 = timeH: Time, Elapsed [hours]
# name 3 = timeM: Time, Elapsed [minutes]
# name 4 = timeS: Time, Elapsed [seconds]
# name 5 = density00: Density [density, kg/m^3]
# name 6 = specc: Specific Conductance [uS/cm]
# name 7 = sal00: Salinity, Practical [PSU]
# name 8 = depSM: Depth [salt water, m], lat = 59.00
# name 9 = oxsolML/L: Oxygen Saturation, Garcia & Gordon [ml/l]
# name 10 = potemp090C: Potential Temperature [ITS-90, deg C]
# name 11 = tv290C: Temperature [ITS-90, deg C]
# name 12 = sigma-é00: Density [sigma-theta, kg/m^3]
# name 13 = n2satML/L: Nitrogen Saturation [ml/l]
# name 14 = par: PAR/Irradiance, Biospherical/Licor
# name 15 = prdM: Pressure, Strain Gauge [db]
# name 16 = flag:  0.000e+00
# span 0 =          1,        714       
# span 1 = 148.661701, 148.663764       
# span 2 =    0.00000,    0.04951       
# span 3 =     0.0000,     2.9708       
# span 4 =      0.000,    178.250       
# span 5 =  1004.5500,  1025.4577       
# span 6 =  10253.873,  51053.906       
# span 7 =     6.1325,    31.8374       
# span 8 =      0.053,     76.525       
# span 9 =    6.62097,    7.73045       
# span 10 =     5.6116,     9.2454      
# span 11 =     5.6175,     9.3080      
# span 12 =     4.5497,    25.1001      
# span 13 =   11.95445,   14.13985      
# span 14 = 4.5512e-02, 2.3840e+02      
# span 15 =      0.054,     77.262      
# span 16 = 0.0000e+00, 0.0000e+00      
# interval = seconds: 0.25
# start_time = May 28 2014 15:52:51 [Instrument's time stamp, header]
# bad_flag = -9.990e-29
*END*
[from data line 341]
        342 148.662688    0.02368     1.4208     85.250  1024.0963  49075.696    30.9551      5.930    6.74396     8.0944     8.2104    24.0689   12.15659 2.6035e+01      5.986 0.0000e+00
        343 148.662691    0.02375     1.4250     85.500  1024.1289  49130.609    30.9840      6.172    6.75211     8.0501     8.1486    24.1004   12.16973 2.4548e+01      6.230 0.0000e+00
        344 148.662694    0.02382     1.4292     85.750  1024.1591  49181.438    31.0113      6.409    6.75909     8.0143     8.0950    24.1295   12.18094 2.3179e+01      6.470 0.0000e+00
        345 148.662697    0.02389     1.4333     86.000  1024.1849  49224.984    31.0348      6.645    6.76484     7.9848     8.0507    24.1542   12.19017 2.1898e+01      6.708 0.0000e+00
        346 148.662700    0.02396     1.4375     86.250  1024.2048  49257.898    31.0522      6.882    6.76954     7.9573     8.0150    24.1730   12.19774 2.0687e+01      6.947 0.0000e+00
        347 148.662703    0.02403     1.4417     86.500  1024.2180  49279.040    31.0623      7.122    6.77362     7.9281     7.9855    24.1851   12.20436 1.9545e+01      7.189 0.0000e+00
        348 148.662705    0.02410     1.4458     86.750  1024.2272  49293.073    31.0678      7.361    6.77760     7.8965     7.9580    24.1932   12.21087 1.8483e+01      7.430 0.0000e+00
        349 148.662708    0.02417     1.4500     87.000  1024.2374  49308.850    31.0741      7.594    6.78182     7.8656     7.9288    24.2023   12.21778 1.7514e+01      7.665 0.0000e+00
        350 148.662711    0.02424     1.4542     87.250  1024.2514  49331.652    31.0850      7.819    6.78619     7.8383     7.8973    24.2152   12.22488 1.6637e+01      7.892 0.0000e+00
        351 148.662714    0.02431     1.4583     87.500  1024.2676  49358.533    31.0988      8.037    6.79034     7.8149     7.8664    24.2304   12.23157 1.5829e+01      8.113 0.0000e+00
        352 148.662717    0.02438     1.4625     87.750  1024.2822  49382.732    31.1113      8.255    6.79401     7.7935     7.8391    24.2440   12.23748 1.5059e+01      8.333 0.0000e+00
        353 148.662720    0.02444     1.4667     88.000  1024.2935  49401.079    31.1203      8.478    6.79724     7.7715     7.8157    24.2543   12.24271 1.4309e+01      8.558 0.0000e+00
        354 148.662723    0.02451     1.4708     88.250  1024.3019  49414.023    31.1258      8.710    6.80031     7.7458     7.7942    24.2616   12.24772 1.3580e+01      8.792 0.0000e+00
        355 148.662726    0.02458     1.4750     88.500  1024.3077  49422.260    31.1280      8.945    6.80362     7.7130     7.7723    24.2663   12.25317 1.2885e+01      9.029 0.0000e+00
        356 148.662729    0.02465     1.4792     88.750  1024.3123  49428.217    31.1279      9.178    6.80761     7.6702     7.7467    24.2698   12.25978 1.2244e+01      9.264 0.0000e+00
        357 148.662731    0.02472     1.4833     89.000  1024.3176  49435.567    31.1276      9.402    6.81272     7.6155     7.7139    24.2741   12.26824 1.1663e+01      9.491 0.0000e+00
        358 148.662734    0.02479     1.4875     89.250  1024.3261  49448.497    31.1296      9.616    6.81930     7.5503     7.6711    24.2815   12.27910 1.1141e+01      9.707 0.0000e+00
        359 148.662737    0.02486     1.4917     89.500  1024.3415  49474.143    31.1384      9.822    6.82745     7.4795     7.6164    24.2960   12.29246 1.0667e+01      9.915 0.0000e+00
        360 148.662740    0.02493     1.4958     89.750  1024.3661  49516.617    31.1573     10.022    6.83679     7.4075     7.5512    24.3196   12.30769 1.0222e+01     10.117 0.0000e+00
        361 148.662743    0.02500     1.5000     90.000  1024.3974  49571.301    31.1837     10.222    6.84671     7.3361     7.4804    24.3499   12.32376 9.7915e+00     10.319 0.0000e+00
        362 148.662746    0.02507     1.5042     90.250  1024.4305  49629.587    31.2122     10.427    6.85673     7.2633     7.4085    24.3821   12.33998 9.3641e+00     10.525 0.0000e+00
        363 148.662749    0.02514     1.5083     90.500  1024.4616  49684.498    31.2384     10.640    6.86681     7.1838     7.3371    24.4123   12.35632 8.9362e+00     10.741 0.0000e+00
        364 148.662752    0.02521     1.5125     90.750  1024.4888  49732.253    31.2593     10.862    6.87737     7.0935     7.2643    24.4384   12.37353 8.5135e+00     10.965 0.0000e+00
        365 148.662755    0.02528     1.5167     91.000  1024.5155  49779.433    31.2784     11.091    6.88909     6.9975     7.1849    24.4640   12.39267 8.1066e+00     11.196 0.0000e+00
        366 148.662758    0.02535     1.5208     91.250  1024.5526  49845.982    31.3091     11.320    6.90205     6.9084     7.0946    24.5000   12.41371 7.7269e+00     11.428 0.0000e+00
        367 148.662760    0.02542     1.5250     91.500  1024.6036  49938.323    31.3565     11.543    6.91519     6.8350     6.9985    24.5500   12.43485 7.3826e+00     11.653 0.0000e+00
        368 148.662763    0.02549     1.5292     91.750  1024.6579  50037.076    31.4095     11.757    6.92701     6.7780     6.9094    24.6033   12.45373 7.0732e+00     11.869 0.0000e+00
        369 148.662766    0.02556     1.5333     92.000  1024.7049  50122.481    31.4559     11.964    6.93665     6.7336     6.8360    24.6493   12.46907 6.7883e+00     12.077 0.0000e+00
        370 148.662769    0.02562     1.5375     92.250  1024.7412  50188.182    31.4914     12.169    6.94416     6.6967     6.7790    24.6846   12.48106 6.5135e+00     12.284 0.0000e+00
        371 148.662772    0.02569     1.5417     92.500  1024.7676  50235.728    31.5164     12.380    6.95014     6.6620     6.7347    24.7101   12.49062 6.2385e+00     12.498 0.0000e+00
        372 148.662775    0.02576     1.5458     92.750  1024.7869  50270.101    31.5336     12.604    6.95529     6.6252     6.6978    24.7283   12.49892 5.9614e+00     12.723 0.0000e+00
        373 148.662778    0.02583     1.5500     93.000  1024.8025  50297.697    31.5464     12.838    6.96030     6.5841     6.6631    24.7428   12.50704 5.6885e+00     12.959 0.0000e+00
        374 148.662781    0.02590     1.5542     93.250  1024.8181  50325.276    31.5587     13.076    6.96569     6.5403     6.6263    24.7572   12.51579 5.4309e+00     13.200 0.0000e+00
        375 148.662784    0.02597     1.5583     93.500  1024.8365  50358.386    31.5741     13.308    6.97163     6.4975     6.5852    24.7746   12.52543 5.1986e+00     13.434 0.0000e+00
        376 148.662786    0.02604     1.5625     93.750  1024.8577  50396.967    31.5927     13.526    6.97789     6.4589     6.5414    24.7948   12.53553 4.9944e+00     13.654 0.0000e+00
        377 148.662789    0.02611     1.5667     94.000  1024.8788  50435.545    31.6115     13.730    6.98396     6.4257     6.4986    24.8149   12.54534 4.8138e+00     13.860 0.0000e+00
        378 148.662792    0.02618     1.5708     94.250  1024.8979  50470.215    31.6283     13.925    6.98946     6.3982     6.4600    24.8330   12.55421 4.6468e+00     14.057 0.0000e+00
        379 148.662795    0.02625     1.5750     94.500  1024.9148  50500.947    31.6434     14.118    6.99417     6.3763     6.4268    24.8491   12.56181 4.4839e+00     14.252 0.0000e+00
        380 148.662798    0.02632     1.5792     94.750  1024.9293  50526.994    31.6562     14.317    6.99805     6.3591     6.3994    24.8626   12.56805 4.3195e+00     14.453 0.0000e+00
        381 148.662801    0.02639     1.5833     95.000  1024.9409  50547.365    31.6662     14.526    7.00116     6.3458     6.3775    24.8732   12.57307 4.1528e+00     14.664 0.0000e+00
        382 148.662804    0.02646     1.5875     95.250  1024.9503  50563.512    31.6740     14.744    7.00360     6.3357     6.3604    24.8816   12.57700 3.9877e+00     14.884 0.0000e+00
        383 148.662807    0.02653     1.5917     95.500  1024.9580  50576.518    31.6805     14.965    7.00547     6.3282     6.3471    24.8883   12.58002 3.8300e+00     15.106 0.0000e+00
        384 148.662810    0.02660     1.5958     95.750  1024.9641  50586.420    31.6853     15.182    7.00689     6.3226     6.3370    24.8934   12.58230 3.6826e+00     15.326 0.0000e+00
        385 148.662813    0.02667     1.6000     96.000  1024.9687  50593.474    31.6887     15.394    7.00796     6.3180     6.3295    24.8970   12.58402 3.5449e+00     15.540 0.0000e+00
        386 148.662815    0.02674     1.6042     96.250  1024.9719  50597.937    31.6907     15.601    7.00879     6.3139     6.3238    24.8992   12.58537 3.4144e+00     15.748 0.0000e+00
        387 148.662818    0.02681     1.6083     96.500  1024.9740  50600.371    31.6914     15.805    7.00950     6.3096     6.3193    24.9003   12.58653 3.2882e+00     15.955 0.0000e+00
        388 148.662821    0.02688     1.6125     96.750  1024.9753  50601.363    31.6912     16.013    7.01018     6.3045     6.3152    24.9007   12.58765 3.1643e+00     16.165 0.0000e+00
        389 148.662824    0.02694     1.6167     97.000  1024.9760  50601.242    31.6902     16.225    7.01093     6.2984     6.3109    24.9004   12.58891 3.0416e+00     16.379 0.0000e+00
        390 148.662827    0.02701     1.6208     97.250  1024.9768  50601.198    31.6891     16.443    7.01182     6.2915     6.3058    24.9002   12.59039 2.9205e+00     16.599 0.0000e+00
        391 148.662830    0.02708     1.6250     97.500  1024.9783  50602.498    31.6887     16.665    7.01283     6.2839     6.2997    24.9007   12.59206 2.8026e+00     16.823 0.0000e+00
        392 148.662833    0.02715     1.6292     97.750  1024.9802  50604.580    31.6888     16.890    7.01395     6.2754     6.2929    24.9015   12.59391 2.6892e+00     17.050 0.0000e+00
        393 148.662836    0.02722     1.6333     98.000  1024.9820  50606.416    31.6885     17.114    7.01520     6.2653     6.2854    24.9023   12.59598 2.5812e+00     17.277 0.0000e+00
        394 148.662839    0.02729     1.6375     98.250  1024.9835  50607.790    31.6877     17.335    7.01664     6.2531     6.2768    24.9027   12.59836 2.4792e+00     17.500 0.0000e+00
        395 148.662841    0.02736     1.6417     98.500  1024.9849  50609.221    31.6867     17.551    7.01834     6.2389     6.2668    24.9031   12.60119 2.3832e+00     17.718 0.0000e+00
        396 148.662844    0.02743     1.6458     98.750  1024.9874  50612.738    31.6867     17.762    7.02033     6.2238     6.2546    24.9047   12.60449 2.2929e+00     17.931 0.0000e+00
        397 148.662847    0.02750     1.6500     99.000  1024.9923  50620.669    31.6894     17.970    7.02254     6.2095     6.2404    24.9085   12.60810 2.2070e+00     18.140 0.0000e+00
        398 148.662850    0.02757     1.6542     99.250  1024.9992  50632.427    31.6946     18.177    7.02478     6.1966     6.2253    24.9145   12.61173 2.1236e+00     18.350 0.0000e+00
        399 148.662853    0.02764     1.6583     99.500  1025.0065  50644.997    31.7004     18.389    7.02687     6.1853     6.2110    24.9208   12.61511 2.0419e+00     18.563 0.0000e+00
        400 148.662856    0.02771     1.6625     99.750  1025.0130  50655.882    31.7054     18.606    7.02875     6.1748     6.1981    24.9263   12.61815 1.9611e+00     18.783 0.0000e+00
        401 148.662859    0.02778     1.6667    100.000  1025.0182  50664.105    31.7088     18.831    7.03045     6.1648     6.1868    24.9304   12.62093 1.8809e+00     19.010 0.0000e+00
        402 148.662862    0.02785     1.6708    100.250  1025.0224  50670.523    31.7112     19.062    7.03205     6.1551     6.1764    24.9335   12.62355 1.8028e+00     19.242 0.0000e+00
        403 148.662865    0.02792     1.6750    100.500  1025.0267  50677.082    31.7137     19.291    7.03359     6.1462     6.1664    24.9367   12.62605 1.7288e+00     19.474 0.0000e+00
        404 148.662867    0.02799     1.6792    100.750  1025.0316  50684.870    31.7171     19.515    7.03502     6.1385     6.1567    24.9406   12.62838 1.6600e+00     19.700 0.0000e+00
        405 148.662870    0.02806     1.6833    101.000  1025.0369  50693.401    31.7212     19.730    7.03630     6.1321     6.1478    24.9449   12.63044 1.5959e+00     19.918 0.0000e+00
        406 148.662873    0.02813     1.6875    101.250  1025.0420  50701.423    31.7252     19.941    7.03738     6.1264     6.1401    24.9490   12.63217 1.5350e+00     20.130 0.0000e+00
        407 148.662876    0.02819     1.6917    101.500  1025.0464  50708.340    31.7286     20.149    7.03827     6.1211     6.1337    24.9525   12.63361 1.4763e+00     20.340 0.0000e+00
        408 148.662879    0.02826     1.6958    101.750  1025.0506  50714.611    31.7318     20.357    7.03905     6.1157     6.1281    24.9556   12.63485 1.4195e+00     20.550 0.0000e+00
        409 148.662882    0.02833     1.7000    102.000  1025.0548  50720.924    31.7350     20.566    7.03978     6.1106     6.1227    24.9589   12.63602 1.3651e+00     20.761 0.0000e+00
        410 148.662885    0.02840     1.7042    102.250  1025.0592  50727.705    31.7386     20.774    7.04050     6.1064     6.1174    24.9623   12.63716 1.3134e+00     20.971 0.0000e+00
        411 148.662888    0.02847     1.7083    102.500  1025.0637  50734.518    31.7422     20.980    7.04117     6.1032     6.1123    24.9658   12.63821 1.2641e+00     21.180 0.0000e+00
        412 148.662891    0.02854     1.7125    102.750  1025.0676  50740.345    31.7454     21.186    7.04172     6.1007     6.1081    24.9688   12.63908 1.2165e+00     21.387 0.0000e+00
        413 148.662894    0.02861     1.7167    103.000  1025.0708  50744.779    31.7477     21.392    7.04214     6.0987     6.1049    24.9710   12.63975 1.1699e+00     21.595 0.0000e+00
        414 148.662896    0.02868     1.7208    103.250  1025.0734  50748.080    31.7494     21.601    7.04247     6.0973     6.1024    24.9727   12.64028 1.1243e+00     21.806 0.0000e+00
        415 148.662899    0.02875     1.7250    103.500  1025.0756  50750.544    31.7506     21.812    7.04273     6.0961     6.1005    24.9739   12.64069 1.0798e+00     22.019 0.0000e+00
        416 148.662902    0.02882     1.7292    103.750  1025.0775  50752.296    31.7514     22.026    7.04293     6.0953     6.0990    24.9748   12.64101 1.0371e+00     22.235 0.0000e+00
        417 148.662905    0.02889     1.7333    104.000  1025.0789  50753.419    31.7519     22.238    7.04309     6.0945     6.0979    24.9753   12.64127 9.9647e-01     22.449 0.0000e+00
        418 148.662908    0.02896     1.7375    104.250  1025.0801  50754.013    31.7520     22.450    7.04322     6.0937     6.0971    24.9755   12.64149 9.5751e-01     22.663 0.0000e+00
        419 148.662911    0.02903     1.7417    104.500  1025.0812  50754.284    31.7520     22.661    7.04335     6.0929     6.0964    24.9755   12.64170 9.1989e-01     22.876 0.0000e+00
        420 148.662914    0.02910     1.7458    104.750  1025.0821  50754.428    31.7518     22.872    7.04348     6.0921     6.0956    24.9755   12.64191 8.8344e-01     23.089 0.0000e+00
        421 148.662917    0.02917     1.7500    105.000  1025.0831  50754.582    31.7517     23.085    7.04361     6.0911     6.0948    24.9754   12.64214 8.4823e-01     23.304 0.0000e+00
        422 148.662920    0.02924     1.7542    105.250  1025.0842  50754.896    31.7516     23.299    7.04376     6.0900     6.0940    24.9755   12.64238 8.1454e-01     23.520 0.0000e+00
        423 148.662922    0.02931     1.7583    105.500  1025.0853  50755.361    31.7517     23.511    7.04392     6.0888     6.0930    24.9756   12.64264 7.8276e-01     23.735 0.0000e+00
        424 148.662925    0.02937     1.7625    105.750  1025.0864  50755.836    31.7517     23.720    7.04409     6.0873     6.0919    24.9758   12.64293 7.5307e-01     23.945 0.0000e+00
        425 148.662928    0.02944     1.7667    106.000  1025.0876  50756.388    31.7517     23.924    7.04430     6.0857     6.0907    24.9760   12.64327 7.2529e-01     24.151 0.0000e+00
