CTD-processing/allCTD/CNV--homogene/2014_07-22_t3_s10_cast186.cnv
* Sea-Bird SBE19plus Data File:
* FileName = C:\Users\kris.holderied\Documents\kasitsna\Research-Projects-and-Data\Oceanography-AK\CTD-Data-ALL-to-2014-06\2014-CTD-KachemakBay-CookInlet\2014-07-EVOSTC-CookInlet-quarterly\2014-07-22-CookInlet-Tran3-AnchorPt\2014-07-22-CookInlet-Tran3-cast186.hex
* Software Version 1.59
* Temperature SN =  4141
* Conductivity SN =  4141
* System UpLoad Time = Jul 22 2014 17:37:58
** Cook Inlet LTM Transect 3 (Anchor Pt) East to West
** Date: 07-22
** Station: 3-10
** Start time: 10:28
** Depth (m): 48
** Comment:  CTD time is Alaska Daylight time. CTD descent time=51 sec.
** Comment:
# nquan = 17
# nvalues = 621                         
# units = specified
# name 0 = scan: Scan Count
# name 1 = timeJ: Julian Days
# name 2 = timeH: Time, Elapsed [hours]
# name 3 = timeM: Time, Elapsed [minutes]
# name 4 = timeS: Time, Elapsed [seconds]
# name 5 = density00: Density [density, kg/m^3]
# name 6 = specc: Specific Conductance [uS/cm]
# name 7 = sal00: Salinity, Practical [PSU]
# name 8 = depSM: Depth [salt water, m], lat = 59.00
# name 9 = oxsolML/L: Oxygen Saturation, Garcia & Gordon [ml/l]
# name 10 = potemp090C: Potential Temperature [ITS-90, deg C]
# name 11 = tv290C: Temperature [ITS-90, deg C]
# name 12 = sigma-é00: Density [sigma-theta, kg/m^3]
# name 13 = n2satML/L: Nitrogen Saturation [ml/l]
# name 14 = par: PAR/Irradiance, Biospherical/Licor
# name 15 = prdM: Pressure, Strain Gauge [db]
# name 16 = flag:  0.000e+00
# span 0 =          1,        621       
# span 1 = 203.436609, 203.438403       
# span 2 =    0.00000,    0.04306       
# span 3 =     0.0000,     2.5833       
# span 4 =      0.000,    155.000       
# span 5 =   999.9128,  1023.8905       
# span 6 =    786.552,  48584.223       
# span 7 =     0.3808,    30.9007       
# span 8 =     -0.054,     48.362       
# span 9 =    6.36160,    7.71031       
# span 10 =    10.5008,    10.9418      
# span 11 =    10.5063,    10.9418      
# span 12 =    -0.0870,    23.6701      
# span 13 =   11.52441,   14.18350      
# span 14 = 5.4617e-02, 1.5080e+03      
# span 15 =     -0.055,     48.824      
# span 16 = 0.0000e+00, 0.0000e+00      
# interval = seconds: 0.25
# start_time = Jul 22 2014 10:28:43 [Instrument's time stamp, header]
# bad_flag = -9.990e-29
*END*
[from data line 596]
        597 203.438333    0.04139     2.4833    149.000  1023.8768  48582.693    30.9004     45.306    6.41170    10.5015    10.5066    23.6699   11.60700 9.3564e-02     45.738 0.0000e+00
        598 203.438336    0.04146     2.4875    149.250  1023.8781  48582.971    30.9005     45.591    6.41169    10.5015    10.5067    23.6700   11.60698 9.0862e-02     46.027 0.0000e+00
        599 203.438339    0.04153     2.4917    149.500  1023.8796  48583.280    30.9006     45.886    6.41169    10.5015    10.5067    23.6701   11.60697 8.8220e-02     46.324 0.0000e+00
        600 203.438342    0.04160     2.4958    149.750  1023.8809  48583.536    30.9007     46.177    6.41168    10.5015    10.5067    23.6701   11.60695 8.5700e-02     46.619 0.0000e+00
        601 203.438345    0.04167     2.5000    150.000  1023.8822  48583.691    30.9007     46.454    6.41168    10.5015    10.5067    23.6701   11.60695 8.3455e-02     46.898 0.0000e+00
        602 203.438348    0.04174     2.5042    150.250  1023.8833  48583.807    30.9006     46.706    6.41167    10.5014    10.5068    23.6701   11.60694 8.1584e-02     47.153 0.0000e+00
        603 203.438351    0.04181     2.5083    150.500  1023.8843  48583.879    30.9006     46.927    6.41167    10.5014    10.5068    23.6701   11.60694 8.0095e-02     47.375 0.0000e+00
        604 203.438354    0.04188     2.5125    150.750  1023.8851  48583.870    30.9005     47.111    6.41168    10.5013    10.5068    23.6700   11.60695 7.8917e-02     47.562 0.0000e+00
        605 203.438356    0.04194     2.5167    151.000  1023.8857  48583.822    30.9004     47.262    6.41169    10.5013    10.5067    23.6700   11.60697 7.7958e-02     47.714 0.0000e+00
        606 203.438359    0.04201     2.5208    151.250  1023.8863  48583.836    30.9003     47.386    6.41169    10.5014    10.5067    23.6699   11.60697 7.7137e-02     47.839 0.0000e+00
        607 203.438362    0.04208     2.5250    151.500  1023.8868  48583.952    30.9004     47.491    6.41168    10.5014    10.5068    23.6700   11.60697 7.6373e-02     47.945 0.0000e+00
        608 203.438365    0.04215     2.5292    151.750  1023.8873  48584.094    30.9005     47.589    6.41168    10.5014    10.5068    23.6700   11.60695 7.5549e-02     48.044 0.0000e+00
        609 203.438368    0.04222     2.5333    152.000  1023.8877  48584.187    30.9005     47.689    6.41167    10.5013    10.5068    23.6700   11.60694 7.4491e-02     48.145 0.0000e+00
        610 203.438371    0.04229     2.5375    152.250  1023.8882  48584.223    30.9005     47.799    6.41167    10.5013    10.5068    23.6700   11.60694 7.3046e-02     48.256 0.0000e+00
        611 203.438374    0.04236     2.5417    152.500  1023.8887  48584.200    30.9004     47.918    6.41168    10.5012    10.5068    23.6700   11.60695 7.1169e-02     48.376 0.0000e+00
        612 203.438377    0.04243     2.5458    152.750  1023.8892  48584.110    30.9003     48.036    6.41169    10.5011    10.5068    23.6699   11.60697 6.8932e-02     48.495 0.0000e+00
        613 203.438380    0.04250     2.5500    153.000  1023.8896  48584.064    30.9002     48.139    6.41170    10.5010    10.5067    23.6698   11.60699 6.6349e-02     48.598 0.0000e+00
        614 203.438383    0.04257     2.5542    153.250  1023.8899  48584.107    30.9002     48.216    6.41171    10.5010    10.5066    23.6699   11.60701 6.3351e-02     48.676 0.0000e+00
        615 203.438385    0.04264     2.5583    153.500  1023.8902  48584.166    30.9002     48.270    6.41173    10.5009    10.5065    23.6699   11.60703 6.0123e-02     48.731 0.0000e+00
        616 203.438388    0.04271     2.5625    153.750  1023.8904  48584.195    30.9002     48.307    6.41174    10.5009    10.5065    23.6699   11.60705 5.7384e-02     48.768 0.0000e+00
        617 203.438391    0.04278     2.5667    154.000  1023.8905  48584.151    30.9002     48.331    6.41174    10.5009    10.5064    23.6699   11.60706 5.5739e-02     48.793 0.0000e+00
        618 203.438394    0.04285     2.5708    154.250  1023.8905  48584.035    30.9001     48.346    6.41175    10.5008    10.5064    23.6698   11.60707 5.4947e-02     48.808 0.0000e+00
        619 203.438397    0.04292     2.5750    154.500  1023.8904  48583.866    30.8999     48.355    6.41176    10.5008    10.5064    23.6697   11.60709 5.4617e-02     48.817 0.0000e+00
        620 203.438400    0.04299     2.5792    154.750  1023.8903  48583.710    30.8998     48.360    6.41177 -9.990e-29    10.5063    23.6696   11.60710 5.4649e-02     48.822 0.0000e+00
        621 203.438403    0.04306     2.5833    155.000  1023.8903  48583.649    30.8998     48.362    6.41177 -9.990e-29    10.5063    23.6696   11.60711 5.4743e-02     48.824 0.0000e+00
