CTD-processing/allCTD/CNV--homogene/2014_07-23_t6_s11_cast206.cnv
* Sea-Bird SBE19plus Data File:
* FileName = C:\Users\kris.holderied\Documents\kasitsna\Research-Projects-and-Data\Oceanography-AK\CTD-Data-ALL-to-2014-06\2014-CTD-KachemakBay-CookInlet\2014-07-EVOSTC-CookInlet-quarterly\2014-07-23-CookInlet-Tran6-Douglas\2014-07-23-CookInlet-Tran6-cast206.hex
* Software Version 1.59
* Temperature SN =  4141
* Conductivity SN =  4141
* System UpLoad Time = Jul 23 2014 23:30:16
** Cook Inlet LTM Transect 6 (Douglas) East to West
** Date: 07-23
** Station: 6-11
** Start time: 12:35
** Depth (m): 115
** Comment:  CTD time is Alaska Daylight time.  Transducer  depth (transducer is 9 ft).
** Comment:
# nquan = 17
# nvalues = 899                         
# units = specified
# name 0 = scan: Scan Count
# name 1 = timeJ: Julian Days
# name 2 = timeH: Time, Elapsed [hours]
# name 3 = timeM: Time, Elapsed [minutes]
# name 4 = timeS: Time, Elapsed [seconds]
# name 5 = density00: Density [density, kg/m^3]
# name 6 = specc: Specific Conductance [uS/cm]
# name 7 = sal00: Salinity, Practical [PSU]
# name 8 = depSM: Depth [salt water, m], lat = 59.00
# name 9 = oxsolML/L: Oxygen Saturation, Garcia & Gordon [ml/l]
# name 10 = potemp090C: Potential Temperature [ITS-90, deg C]
# name 11 = tv290C: Temperature [ITS-90, deg C]
# name 12 = sigma-é00: Density [sigma-theta, kg/m^3]
# name 13 = n2satML/L: Nitrogen Saturation [ml/l]
# name 14 = par: PAR/Irradiance, Biospherical/Licor
# name 15 = prdM: Pressure, Strain Gauge [db]
# name 16 = flag:  0.000e+00
# span 0 =          1,        899       
# span 1 = 204.524676, 204.527274       
# span 2 =    0.00000,    0.06236       
# span 3 =     0.0000,     3.7417       
# span 4 =      0.000,    224.500       
# span 5 =  1000.1176,  1025.7179       
# span 6 =   1529.616,  51176.999       
# span 7 =     0.7628,    32.2973       
# span 8 =     -0.104,    113.573       
# span 9 =    6.33846,    7.53937       
# span 10 =     7.7046,    12.1396      
# span 11 =     7.7141,    12.1396      
# span 12 =     0.1180,    25.1936      
# span 13 =   11.47538,   13.88873      
# span 14 = 4.9675e-02, 2.2161e+03      
# span 15 =     -0.104,    114.677      
# span 16 = 0.0000e+00, 0.0000e+00      
# interval = seconds: 0.25
# start_time = Jul 23 2014 12:35:32 [Instrument's time stamp, header]
# bad_flag = -9.990e-29
*END*
[from data line 511]
        512 204.526155    0.03549     2.1292    127.750  1025.0677  50703.723    32.1611     27.221    6.61848     8.6869     8.6970    24.9426   11.93423 7.6869e+00     27.480 0.0000e+00
        513 204.526157    0.03556     2.1333    128.000  1025.0695  50704.437    32.1609     27.524    6.61898     8.6821     8.6937    24.9430   11.93507 7.4293e+00     27.786 0.0000e+00
        514 204.526160    0.03562     2.1375    128.250  1025.0712  50704.919    32.1606     27.829    6.61957     8.6769     8.6898    24.9432   11.93606 7.1792e+00     28.093 0.0000e+00
        515 204.526163    0.03569     2.1417    128.500  1025.0740  50707.463    32.1615     28.125    6.62024     8.6721     8.6850    24.9447   11.93714 6.9395e+00     28.392 0.0000e+00
        516 204.526166    0.03576     2.1458    128.750  1025.0779  50712.019    32.1638     28.403    6.62091     8.6679     8.6798    24.9473   11.93822 6.7217e+00     28.673 0.0000e+00
        517 204.526169    0.03583     2.1500    129.000  1025.0817  50716.583    32.1662     28.657    6.62152     8.6643     8.6750    24.9499   11.93921 6.5378e+00     28.929 0.0000e+00
        518 204.526172    0.03590     2.1542    129.250  1025.0849  50720.475    32.1682     28.883    6.62205     8.6614     8.6708    24.9521   11.94007 6.3865e+00     29.158 0.0000e+00
        519 204.526175    0.03597     2.1583    129.500  1025.0878  50723.989    32.1700     29.080    6.62250     8.6591     8.6672    24.9541   11.94079 6.2631e+00     29.357 0.0000e+00
        520 204.526178    0.03604     2.1625    129.750  1025.0903  50727.136    32.1717     29.252    6.62286     8.6576     8.6643    24.9559   11.94136 6.1610e+00     29.530 0.0000e+00
        521 204.526181    0.03611     2.1667    130.000  1025.0925  50729.817    32.1732     29.408    6.62312     8.6565     8.6621    24.9573   11.94178 6.0700e+00     29.687 0.0000e+00
        522 204.526183    0.03618     2.1708    130.250  1025.0943  50731.817    32.1743     29.558    6.62331     8.6558     8.6606    24.9584   11.94207 5.9786e+00     29.839 0.0000e+00
        523 204.526186    0.03625     2.1750    130.500  1025.0957  50732.977    32.1749     29.714    6.62343     8.6553     8.6595    24.9591   11.94227 5.8785e+00     29.997 0.0000e+00
        524 204.526189    0.03632     2.1792    130.750  1025.0967  50733.469    32.1751     29.890    6.62353     8.6548     8.6589    24.9593   11.94242 5.7660e+00     30.174 0.0000e+00
        525 204.526192    0.03639     2.1833    131.000  1025.0977  50733.648    32.1750     30.093    6.62360     8.6543     8.6583    24.9593   11.94255 5.6424e+00     30.379 0.0000e+00
        526 204.526195    0.03646     2.1875    131.250  1025.0987  50733.691    32.1749     30.329    6.62368     8.6537     8.6579    24.9593   11.94268 5.5023e+00     30.617 0.0000e+00
        527 204.526198    0.03653     2.1917    131.500  1025.0998  50733.559    32.1746     30.597    6.62377     8.6528     8.6574    24.9592   11.94283 5.3443e+00     30.888 0.0000e+00
        528 204.526201    0.03660     2.1958    131.750  1025.1010  50733.295    32.1742     30.893    6.62387     8.6517     8.6568    24.9589   11.94301 5.1766e+00     31.187 0.0000e+00
        529 204.526204    0.03667     2.2000    132.000  1025.1023  50733.149    32.1738     31.205    6.62401     8.6504     8.6560    24.9588   11.94323 5.0101e+00     31.501 0.0000e+00
        530 204.526207    0.03674     2.2042    132.250  1025.1039  50733.525    32.1738     31.520    6.62417     8.6491     8.6549    24.9589   11.94350 4.8597e+00     31.819 0.0000e+00
        531 204.526209    0.03681     2.2083    132.500  1025.1057  50734.364    32.1740     31.827    6.62434     8.6478     8.6536    24.9593   11.94378 4.7202e+00     32.129 0.0000e+00
        532 204.526212    0.03687     2.2125    132.750  1025.1075  50735.305    32.1743     32.119    6.62452     8.6467     8.6524    24.9598   11.94407 4.5821e+00     32.424 0.0000e+00
        533 204.526215    0.03694     2.2167    133.000  1025.1093  50736.436    32.1748     32.393    6.62469     8.6458     8.6511    24.9603   11.94434 4.4471e+00     32.701 0.0000e+00
        534 204.526218    0.03701     2.2208    133.250  1025.1111  50737.699    32.1754     32.650    6.62483     8.6452     8.6500    24.9610   11.94457 4.3112e+00     32.960 0.0000e+00
        535 204.526221    0.03708     2.2250    133.500  1025.1127  50738.637    32.1759     32.891    6.62494     8.6447     8.6491    24.9615   11.94474 4.1646e+00     33.204 0.0000e+00
        536 204.526224    0.03715     2.2292    133.750  1025.1139  50738.989    32.1759     33.121    6.62502     8.6440     8.6486    24.9616   11.94488 4.0128e+00     33.436 0.0000e+00
        537 204.526227    0.03722     2.2333    134.000  1025.1147  50738.750    32.1756     33.342    6.62510     8.6429     8.6481    24.9614   11.94502 3.8834e+00     33.659 0.0000e+00
        538 204.526230    0.03729     2.2375    134.250  1025.1152  50738.033    32.1749     33.556    6.62523     8.6411     8.6474    24.9609   11.94524 3.7891e+00     33.875 0.0000e+00
        539 204.526233    0.03736     2.2417    134.500  1025.1155  50736.866    32.1738     33.766    6.62543     8.6383     8.6464    24.9603   11.94559 3.7078e+00     34.087 0.0000e+00
        540 204.526236    0.03743     2.2458    134.750  1025.1158  50735.622    32.1726     33.975    6.62576     8.6347     8.6445    24.9596   11.94614 3.6196e+00     34.299 0.0000e+00
        541 204.526238    0.03750     2.2500    135.000  1025.1168  50735.654    32.1721     34.188    6.62620     8.6310     8.6417    24.9596   11.94687 3.5248e+00     34.514 0.0000e+00
        542 204.526241    0.03757     2.2542    135.250  1025.1190  50737.833    32.1730     34.405    6.62669     8.6279     8.6382    24.9609   11.94767 3.4216e+00     34.733 0.0000e+00
        543 204.526244    0.03764     2.2583    135.500  1025.1220  50741.288    32.1748     34.627    6.62715     8.6255     8.6345    24.9628   11.94841 3.3258e+00     34.957 0.0000e+00
        544 204.526247    0.03771     2.2625    135.750  1025.1249  50744.721    32.1766     34.852    6.62752     8.6238     8.6315    24.9647   11.94902 3.2556e+00     35.184 0.0000e+00
        545 204.526250    0.03778     2.2667    136.000  1025.1276  50747.642    32.1782     35.080    6.62781     8.6227     8.6291    24.9663   11.94946 3.1987e+00     35.414 0.0000e+00
        546 204.526253    0.03785     2.2708    136.250  1025.1299  50749.947    32.1794     35.309    6.62800     8.6220     8.6274    24.9675   11.94976 3.1251e+00     35.646 0.0000e+00
        547 204.526256    0.03792     2.2750    136.500  1025.1317  50751.367    32.1801     35.541    6.62813     8.6212     8.6263    24.9683   11.94997 3.0331e+00     35.880 0.0000e+00
        548 204.526259    0.03799     2.2792    136.750  1025.1330  50751.778    32.1802     35.776    6.62824     8.6200     8.6256    24.9684   11.95015 2.9358e+00     36.117 0.0000e+00
        549 204.526262    0.03806     2.2833    137.000  1025.1338  50751.349    32.1797     36.016    6.62838     8.6180     8.6248    24.9681   11.95038 2.8276e+00     36.359 0.0000e+00
        550 204.526264    0.03812     2.2875    137.250  1025.1344  50750.427    32.1788     36.263    6.62859     8.6151     8.6236    24.9676   11.95075 2.7208e+00     36.608 0.0000e+00
        551 204.526267    0.03819     2.2917    137.500  1025.1351  50749.690    32.1778     36.518    6.62892     8.6114     8.6217    24.9672   11.95130 2.6282e+00     36.866 0.0000e+00
        552 204.526270    0.03826     2.2958    137.750  1025.1363  50749.568    32.1772     36.783    6.62937     8.6067     8.6189    24.9671   11.95205 2.5456e+00     37.133 0.0000e+00
        553 204.526273    0.03833     2.3000    138.000  1025.1378  50750.015    32.1768     37.057    6.62994     8.6009     8.6151    24.9673   11.95300 2.4719e+00     37.410 0.0000e+00
        554 204.526276    0.03840     2.3042    138.250  1025.1395  50750.708    32.1764     37.340    6.63065     8.5937     8.6104    24.9678   11.95418 2.4089e+00     37.696 0.0000e+00
        555 204.526279    0.03847     2.3083    138.500  1025.1411  50751.008    32.1756     37.626    6.63153     8.5847     8.6047    24.9680   11.95565 2.3411e+00     37.985 0.0000e+00
        556 204.526282    0.03854     2.3125    138.750  1025.1428  50751.477    32.1748     37.912    6.63263     8.5745     8.5975    24.9684   11.95748 2.2534e+00     38.273 0.0000e+00
        557 204.526285    0.03861     2.3167    139.000  1025.1459  50754.376    32.1753     38.190    6.63393     8.5643     8.5886    24.9702   11.95963 2.1679e+00     38.554 0.0000e+00
        558 204.526288    0.03868     2.3208    139.250  1025.1508  50760.756    32.1782     38.455    6.63533     8.5549     8.5784    24.9739   11.96190 2.1053e+00     38.821 0.0000e+00
        559 204.526291    0.03875     2.3250    139.500  1025.1566  50768.789    32.1821     38.698    6.63667     8.5463     8.5682    24.9786   11.96408 2.0675e+00     39.067 0.0000e+00
        560 204.526293    0.03882     2.3292    139.750  1025.1620  50776.376    32.1859     38.916    6.63791     8.5386     8.5588    24.9830   11.96608 2.0598e+00     39.287 0.0000e+00
        561 204.526296    0.03889     2.3333    140.000  1025.1668  50783.038    32.1892     39.106    6.63903     8.5314     8.5503    24.9868   11.96790 2.0724e+00     39.479 0.0000e+00
        562 204.526299    0.03896     2.3375    140.250  1025.1709  50788.806    32.1920     39.273    6.64007     8.5247     8.5425    24.9902   11.96957 2.0778e+00     39.647 0.0000e+00
        563 204.526302    0.03903     2.3417    140.500  1025.1745  50793.768    32.1943     39.423    6.64103     8.5184     8.5354    24.9931   11.97114 2.0642e+00     39.799 0.0000e+00
        564 204.526305    0.03910     2.3458    140.750  1025.1777  50798.109    32.1963     39.565    6.64194     8.5122     8.5287    24.9956   11.97262 2.0334e+00     39.943 0.0000e+00
        565 204.526308    0.03917     2.3500    141.000  1025.1804  50801.668    32.1978     39.712    6.64281     8.5058     8.5224    24.9977   11.97405 1.9835e+00     40.091 0.0000e+00
        566 204.526311    0.03924     2.3542    141.250  1025.1828  50804.477    32.1987     39.874    6.64369     8.4989     8.5162    24.9994   11.97549 1.9088e+00     40.255 0.0000e+00
        567 204.526314    0.03931     2.3583    141.500  1025.1852  50806.898    32.1994     40.063    6.64461     8.4914     8.5098    25.0008   11.97701 1.8151e+00     40.446 0.0000e+00
        568 204.526317    0.03938     2.3625    141.750  1025.1878  50809.551    32.2001     40.285    6.64561     8.4836     8.5029    25.0024   11.97865 1.7264e+00     40.669 0.0000e+00
        569 204.526319    0.03944     2.3667    142.000  1025.1909  50812.928    32.2012     40.538    6.64668     8.4754     8.4955    25.0044   11.98040 1.6522e+00     40.925 0.0000e+00
        570 204.526322    0.03951     2.3708    142.250  1025.1943  50816.471    32.2023     40.819    6.64779     8.4668     8.4876    25.0065   11.98223 1.5880e+00     41.208 0.0000e+00
        571 204.526325    0.03958     2.3750    142.500  1025.1973  50819.201    32.2028     41.117    6.64898     8.4570     8.4795    25.0081   11.98418 1.5337e+00     41.509 0.0000e+00
        572 204.526328    0.03965     2.3792    142.750  1025.1996  50820.535    32.2023     41.423    6.65029     8.4453     8.4709    25.0090   11.98636 1.4909e+00     41.818 0.0000e+00
        573 204.526331    0.03972     2.3833    143.000  1025.2009  50820.151    32.2004     41.728    6.65183     8.4306     8.4612    25.0089   11.98892 1.4612e+00     42.126 0.0000e+00
        574 204.526334    0.03979     2.3875    143.250  1025.2010  50817.273    32.1964     42.028    6.65374     8.4120     8.4495    25.0075   11.99214 1.4481e+00     42.430 0.0000e+00
        575 204.526337    0.03986     2.3917    143.500  1025.2002  50812.937    32.1910     42.322    6.65617     8.3897     8.4349    25.0054   11.99622 1.4454e+00     42.726 0.0000e+00
        576 204.526340    0.03993     2.3958    143.750  1025.2013  50811.720    32.1871     42.608    6.65912     8.3658     8.4162    25.0052   12.00115 1.4315e+00     43.015 0.0000e+00
        577 204.526343    0.04000     2.4000    144.000  1025.2063  50817.533    32.1875     42.889    6.66243     8.3430     8.3940    25.0088   12.00662 1.3874e+00     43.298 0.0000e+00
        578 204.526345    0.04007     2.4042    144.250  1025.2153  50830.547    32.1928     43.167    6.66577     8.3229     8.3701    25.0165   12.01208 1.3226e+00     43.580 0.0000e+00
        579 204.526348    0.04014     2.4083    144.500  1025.2263  50847.389    32.2010     43.444    6.66885     8.3063     8.3473    25.0263   12.01707 1.2683e+00     43.859 0.0000e+00
        580 204.526351    0.04021     2.4125    144.750  1025.2370  50863.671    32.2092     43.719    6.67149     8.2929     8.3273    25.0356   12.02134 1.2408e+00     44.136 0.0000e+00
        581 204.526354    0.04028     2.4167    145.000  1025.2461  50877.403    32.2161     43.987    6.67367     8.2821     8.3107    25.0435   12.02486 1.2389e+00     44.407 0.0000e+00
        582 204.526357    0.04035     2.4208    145.250  1025.2537  50888.634    32.2218     44.244    6.67544     8.2733     8.2973    25.0499   12.02772 1.2481e+00     44.666 0.0000e+00
        583 204.526360    0.04042     2.4250    145.500  1025.2599  50897.586    32.2262     44.483    6.67687     8.2661     8.2865    25.0551   12.03003 1.2438e+00     44.907 0.0000e+00
        584 204.526363    0.04049     2.4292    145.750  1025.2648  50904.418    32.2296     44.698    6.67804     8.2600     8.2778    25.0590   12.03192 1.2170e+00     45.124 0.0000e+00
        585 204.526366    0.04056     2.4333    146.000  1025.2686  50909.517    32.2319     44.887    6.67902     8.2545     8.2706    25.0619   12.03351 1.1866e+00     45.315 0.0000e+00
        586 204.526369    0.04063     2.4375    146.250  1025.2715  50913.209    32.2335     45.053    6.67987     8.2495     8.2644    25.0640   12.03491 1.1682e+00     45.483 0.0000e+00
        587 204.526372    0.04069     2.4417    146.500  1025.2737  50915.859    32.2344     45.204    6.68065     8.2448     8.2590    25.0655   12.03618 1.1398e+00     45.635 0.0000e+00
        588 204.526374    0.04076     2.4458    146.750  1025.2755  50917.710    32.2348     45.348    6.68138     8.2401     8.2540    25.0666   12.03738 1.0972e+00     45.781 0.0000e+00
        589 204.526377    0.04083     2.4500    147.000  1025.2766  50918.475    32.2346     45.497    6.68209     8.2350     8.2493    25.0671   12.03857 1.0525e+00     45.931 0.0000e+00
        590 204.526380    0.04090     2.4542    147.250  1025.2773  50918.188    32.2335     45.660    6.68285     8.2293     8.2446    25.0670   12.03983 9.9800e-01     46.096 0.0000e+00
        591 204.526383    0.04097     2.4583    147.500  1025.2777  50917.268    32.2320     45.846    6.68368     8.2229     8.2395    25.0665   12.04122 9.4390e-01     46.284 0.0000e+00
        592 204.526386    0.04104     2.4625    147.750  1025.2777  50915.497    32.2298     46.060    6.68463     8.2151     8.2339    25.0656   12.04282 9.0128e-01     46.500 0.0000e+00
        593 204.526389    0.04111     2.4667    148.000  1025.2770  50912.044    32.2262     46.303    6.68576     8.2054     8.2274    25.0637   12.04473 8.6548e-01     46.745 0.0000e+00
        594 204.526392    0.04118     2.4708    148.250  1025.2754  50906.669    32.2211     46.572    6.68715     8.1935     8.2197    25.0608   12.04709 8.3435e-01     47.016 0.0000e+00
        595 204.526395    0.04125     2.4750    148.500  1025.2738  50901.247    32.2156     46.858    6.68885     8.1798     8.2100    25.0579   12.04997 8.0697e-01     47.305 0.0000e+00
