CTD-processing/allCTD/CNV--homogene/2014_10-18_t6_s07_cast110.cnv
* Sea-Bird SBE19plus Data File:
* FileName = C:\Users\kris.holderied\Documents\kasitsna\Research-Projects-and-Data\Oceanography-AK\CTD-Data-ALL-to-2014-10\2014-CTD-KachemakBay-CookInlet\2014-10-EVOSTC-CookInlet\2014-10-18-CookInlet-Tran6-Douglas\2014-10-18-CookInlet-Tran6-cast110.hex
* Software Version 1.59
* Temperature SN =  4141
* Conductivity SN =  4141
* System UpLoad Time = Oct 18 2014 09:55:16
** Cook Inlet LTM Tran6 (Douglas)  east to west
** Date: 10-18
** Station: 6-07
** Start time: 02:19
** Depth (m): 126
** Comment:  CTD time is Alaska Daylight time.  R/V Pandalus. Transducer  depth.
** Comment:
# nquan = 17
# nvalues = 1023                        
# units = specified
# name 0 = scan: Scan Count
# name 1 = timeJ: Julian Days
# name 2 = timeH: Time, Elapsed [hours]
# name 3 = timeM: Time, Elapsed [minutes]
# name 4 = timeS: Time, Elapsed [seconds]
# name 5 = density00: Density [density, kg/m^3]
# name 6 = specc: Specific Conductance [uS/cm]
# name 7 = sal00: Salinity, Practical [PSU]
# name 8 = depSM: Depth [salt water, m], lat = 59.00
# name 9 = oxsolML/L: Oxygen Saturation, Garcia & Gordon [ml/l]
# name 10 = potemp090C: Potential Temperature [ITS-90, deg C]
# name 11 = tv290C: Temperature [ITS-90, deg C]
# name 12 = sigma-é00: Density [sigma-theta, kg/m^3]
# name 13 = n2satML/L: Nitrogen Saturation [ml/l]
# name 14 = par: PAR/Irradiance, Biospherical/Licor
# name 15 = prdM: Pressure, Strain Gauge [db]
# name 16 = flag:  0.000e+00
# span 0 =          1,       1023       
# span 1 = 291.096551, 291.099508       
# span 2 =    0.00000,    0.07097       
# span 3 =     0.0000,     4.2583       
# span 4 =      0.000,    255.500       
# span 5 =   999.9688,  1025.7759       
# span 6 =    376.135,  51215.937       
# span 7 =     0.1770,    32.2850       
# span 8 =     -0.295,    121.755       
# span 9 =    6.37004,    8.21077       
# span 10 =     7.4963,    11.0993      
# span 11 =     7.5077,    11.1016      
# span 12 =    -0.0298,    25.2133      
# span 13 =   11.54833,   15.03183      
# span 14 = 3.7958e-02, 9.1467e-01      
# span 15 =     -0.297,    122.940      
# span 16 = 0.0000e+00, 0.0000e+00      
# interval = seconds: 0.25
# start_time = Oct 18 2014 02:19:02 [Instrument's time stamp, header]
# bad_flag = -9.990e-29
*END*
[from data line 681]
        682 291.098521    0.04729     2.8375    170.250  1024.6871  49839.465    31.7089     63.855    6.45869     9.9179     9.9342    24.3951   11.67521 3.9025e-02     64.468 0.0000e+00
        683 291.098524    0.04736     2.8417    170.500  1024.6921  49845.850    31.7126     64.140    6.45924     9.9143     9.9292    24.3989   11.67609 3.9010e-02     64.755 0.0000e+00
        684 291.098527    0.04743     2.8458    170.750  1024.6963  49850.932    31.7155     64.411    6.45971     9.9113     9.9250    24.4018   11.67683 3.8986e-02     65.029 0.0000e+00
        685 291.098530    0.04750     2.8500    171.000  1024.6999  49855.211    31.7180     64.657    6.46011     9.9088     9.9215    24.4043   11.67746 3.8948e-02     65.278 0.0000e+00
        686 291.098533    0.04757     2.8542    171.250  1024.7030  49858.875    31.7201     64.869    6.46045     9.9069     9.9185    24.4065   11.67799 3.8915e-02     65.492 0.0000e+00
        687 291.098536    0.04764     2.8583    171.500  1024.7055  49861.829    31.7218     65.042    6.46072     9.9054     9.9160    24.4082   11.67842 3.8888e-02     65.666 0.0000e+00
        688 291.098539    0.04771     2.8625    171.750  1024.7074  49864.038    31.7231     65.175    6.46094     9.9042     9.9141    24.4095   11.67877 3.8867e-02     65.800 0.0000e+00
        689 291.098542    0.04778     2.8667    172.000  1024.7088  49865.571    31.7239     65.277    6.46112     9.9033     9.9126    24.4104   11.67905 3.8854e-02     65.903 0.0000e+00
        690 291.098545    0.04785     2.8708    172.250  1024.7097  49866.605    31.7245     65.356    6.46126     9.9023     9.9114    24.4110   11.67928 3.8853e-02     65.983 0.0000e+00
        691 291.098547    0.04792     2.8750    172.500  1024.7105  49867.267    31.7248     65.428    6.46139     9.9013     9.9105    24.4114   11.67948 3.8867e-02     66.056 0.0000e+00
        692 291.098550    0.04799     2.8792    172.750  1024.7110  49867.532    31.7248     65.509    6.46152     9.8999     9.9095    24.4116   11.67970 3.8901e-02     66.138 0.0000e+00
        693 291.098553    0.04806     2.8833    173.000  1024.7114  49867.353    31.7245     65.615    6.46168     9.8979     9.9085    24.4115   11.67997 3.8951e-02     66.245 0.0000e+00
        694 291.098556    0.04813     2.8875    173.250  1024.7118  49866.660    31.7238     65.758    6.46190     9.8948     9.9071    24.4112   11.68035 3.9002e-02     66.389 0.0000e+00
        695 291.098559    0.04819     2.8917    173.500  1024.7120  49865.395    31.7225     65.946    6.46223     9.8901     9.9052    24.4105   11.68091 3.9055e-02     66.579 0.0000e+00
        696 291.098562    0.04826     2.8958    173.750  1024.7122  49863.519    31.7207     66.179    6.46274     9.8829     9.9021    24.4096   11.68177 3.9124e-02     66.814 0.0000e+00
        697 291.098565    0.04833     2.9000    174.000  1024.7121  49860.748    31.7180     66.452    6.46352     9.8724     9.8974    24.4083   11.68310 3.9207e-02     67.089 0.0000e+00
        698 291.098568    0.04840     2.9042    174.250  1024.7117  49856.920    31.7142     66.756    6.46469     9.8578     9.8903    24.4065   11.68508 3.9230e-02     67.397 0.0000e+00
        699 291.098571    0.04847     2.9083    174.500  1024.7114  49852.577    31.7097     67.082    6.46636     9.8390     9.8798    24.4047   11.68790 3.9142e-02     67.726 0.0000e+00
        700 291.098573    0.04854     2.9125    174.750  1024.7122  49849.814    31.7056     67.416    6.46859     9.8167     9.8652    24.4039   11.69165 3.9017e-02     68.064 0.0000e+00
        701 291.098576    0.04861     2.9167    175.000  1024.7150  49850.420    31.7034     67.743    6.47135     9.7914     9.8464    24.4053   11.69624 3.8934e-02     68.394 0.0000e+00
        702 291.098579    0.04868     2.9208    175.250  1024.7189  49852.604    31.7019     68.046    6.47458     9.7635     9.8242    24.4077   11.70160 3.8897e-02     68.700 0.0000e+00
        703 291.098582    0.04875     2.9250    175.500  1024.7235  49856.204    31.7010     68.314    6.47820     9.7350     9.7989    24.4111   11.70762 3.8880e-02     68.971 0.0000e+00
        704 291.098585    0.04882     2.9292    175.750  1024.7315  49865.902    31.7040     68.542    6.48203     9.7085     9.7711    24.4180   11.71392 3.8874e-02     69.201 0.0000e+00
        705 291.098588    0.04889     2.9333    176.000  1024.7437  49883.495    31.7126     68.730    6.48574     9.6857     9.7425    24.4292   11.71995 3.8877e-02     69.391 0.0000e+00
        706 291.098591    0.04896     2.9375    176.250  1024.7572  49904.014    31.7235     68.887    6.48906     9.6663     9.7160    24.4420   11.72532 3.8885e-02     69.548 0.0000e+00
        707 291.098594    0.04903     2.9417    176.500  1024.7683  49920.744    31.7322     69.022    6.49194     9.6481     9.6932    24.4524   11.72999 3.8905e-02     69.685 0.0000e+00
        708 291.098597    0.04910     2.9458    176.750  1024.7751  49929.996    31.7361     69.150    6.49455     9.6287     9.6738    24.4586   11.73427 3.8939e-02     69.814 0.0000e+00
        709 291.098600    0.04917     2.9500    177.000  1024.7774  49931.405    31.7346     69.283    6.49720     9.6061     9.6556    24.4603   11.73868 3.8980e-02     69.949 0.0000e+00
        710 291.098602    0.04924     2.9542    177.250  1024.7772  49927.835    31.7294     69.436    6.50020     9.5801     9.6362    24.4594   11.74371 3.9016e-02     70.103 0.0000e+00
        711 291.098605    0.04931     2.9583    177.500  1024.7772  49924.035    31.7236     69.617    6.50367     9.5509     9.6137    24.4585   11.74952 3.9039e-02     70.286 0.0000e+00
        712 291.098608    0.04938     2.9625    177.750  1024.7790  49923.028    31.7193     69.833    6.50759     9.5183     9.5876    24.4592   11.75605 3.9062e-02     70.504 0.0000e+00
        713 291.098611    0.04944     2.9667    178.000  1024.7819  49923.473    31.7155     70.082    6.51194     9.4813     9.5584    24.4610   11.76329 3.9093e-02     70.756 0.0000e+00
        714 291.098614    0.04951     2.9708    178.250  1024.7838  49921.626    31.7096     70.362    6.51685     9.4395     9.5259    24.4616   11.77150 3.9120e-02     71.038 0.0000e+00
        715 291.098617    0.04958     2.9750    178.500  1024.7864  49920.433    31.7036     70.665    6.52243     9.3966     9.4888    24.4627   11.78081 3.9138e-02     71.345 0.0000e+00
        716 291.098620    0.04965     2.9792    178.750  1024.7965  49932.266    31.7061     70.983    6.52833     9.3583     9.4471    24.4713   11.79055 3.9161e-02     71.665 0.0000e+00
        717 291.098623    0.04972     2.9833    179.000  1024.8170  49962.910    31.7216     71.299    6.53386     9.3282     9.4042    24.4902   11.79952 3.9174e-02     71.985 0.0000e+00
        718 291.098626    0.04979     2.9875    179.250  1024.8421  50002.594    31.7442     71.601    6.53844     9.3067     9.3659    24.5139   11.80682 3.9147e-02     72.290 0.0000e+00
        719 291.098628    0.04986     2.9917    179.500  1024.8657  50040.678    31.7667     71.877    6.54183     9.2921     9.3359    24.5363   11.81217 3.9098e-02     72.568 0.0000e+00
        720 291.098631    0.04993     2.9958    179.750  1024.8851  50072.035    31.7857     72.118    6.54414     9.2817     9.3144    24.5545   11.81576 3.9058e-02     72.811 0.0000e+00
        721 291.098634    0.05000     3.0000    180.000  1024.8982  50092.845    31.7983     72.321    6.54572     9.2729     9.2998    24.5666   11.81822 3.9032e-02     73.017 0.0000e+00
        722 291.098637    0.05007     3.0042    180.250  1024.9050  50103.096    31.8040     72.490    6.54697     9.2638     9.2894    24.5727   11.82023 3.9011e-02     73.187 0.0000e+00
        723 291.098640    0.05014     3.0083    180.500  1024.9078  50106.178    31.8049     72.630    6.54821     9.2535     9.2806    24.5747   11.82227 3.8995e-02     73.328 0.0000e+00
        724 291.098643    0.05021     3.0125    180.750  1024.9088  50106.302    31.8036     72.752    6.54958     9.2423     9.2715    24.5752   11.82455 3.8990e-02     73.452 0.0000e+00
        725 291.098646    0.05028     3.0167    181.000  1024.9102  50107.083    31.8027     72.870    6.55110     9.2308     9.2613    24.5761   11.82708 3.8993e-02     73.571 0.0000e+00
        726 291.098649    0.05035     3.0208    181.250  1024.9135  50110.998    31.8038     72.995    6.55268     9.2202     9.2501    24.5787   11.82968 3.9005e-02     73.697 0.0000e+00
        727 291.098652    0.05042     3.0250    181.500  1024.9199  50120.575    31.8089     73.139    6.55414     9.2119     9.2385    24.5845   11.83203 3.9035e-02     73.843 0.0000e+00
        728 291.098655    0.05049     3.0292    181.750  1024.9291  50135.118    31.8176     73.311    6.55531     9.2060     9.2280    24.5929   11.83385 3.9086e-02     74.016 0.0000e+00
        729 291.098657    0.05056     3.0333    182.000  1024.9385  50149.809    31.8267     73.515    6.55613     9.2019     9.2197    24.6013   11.83510 3.9148e-02     74.222 0.0000e+00
        730 291.098660    0.05063     3.0375    182.250  1024.9466  50162.161    31.8345     73.752    6.55665     9.1992     9.2138    24.6083   11.83588 3.9208e-02     74.462 0.0000e+00
        731 291.098663    0.05069     3.0417    182.500  1024.9537  50172.768    31.8412     74.020    6.55696     9.1976     9.2097    24.6143   11.83631 3.9246e-02     74.732 0.0000e+00
        732 291.098666    0.05076     3.0458    182.750  1024.9599  50181.462    31.8468     74.314    6.55711     9.1965     9.2070    24.6191   11.83650 3.9264e-02     75.029 0.0000e+00
        733 291.098669    0.05083     3.0500    183.000  1024.9645  50187.192    31.8505     74.629    6.55718     9.1946     9.2055    24.6222   11.83656 3.9282e-02     75.347 0.0000e+00
        734 291.098672    0.05090     3.0542    183.250  1024.9670  50189.120    31.8516     74.959    6.55729     9.1911     9.2044    24.6232   11.83674 3.9296e-02     75.680 0.0000e+00
        735 291.098675    0.05097     3.0583    183.500  1024.9680  50188.321    31.8506     75.293    6.55760     9.1857     9.2026    24.6228   11.83725 3.9260e-02     76.017 0.0000e+00
        736 291.098678    0.05104     3.0625    183.750  1024.9695  50188.078    31.8498     75.620    6.55814     9.1789     9.1991    24.6227   11.83815 3.9174e-02     76.347 0.0000e+00
        737 291.098681    0.05111     3.0667    184.000  1024.9722  50190.280    31.8504     75.929    6.55890     9.1715     9.1937    24.6240   11.83940 3.9114e-02     76.660 0.0000e+00
        738 291.098683    0.05118     3.0708    184.250  1024.9761  50194.565    31.8523     76.211    6.55979     9.1640     9.1869    24.6265   11.84085 3.9094e-02     76.944 0.0000e+00
        739 291.098686    0.05125     3.0750    184.500  1024.9805  50200.035    31.8550     76.456    6.56075     9.1567     9.1796    24.6298   11.84241 3.9065e-02     77.193 0.0000e+00
        740 291.098689    0.05132     3.0792    184.750  1024.9849  50205.834    31.8580     76.662    6.56172     9.1502     9.1720    24.6333   11.84399 3.9026e-02     77.401 0.0000e+00
        741 291.098692    0.05139     3.0833    185.000  1024.9892  50211.630    31.8609     76.830    6.56265     9.1448     9.1648    24.6368   11.84549 3.8989e-02     77.570 0.0000e+00
        742 291.098695    0.05146     3.0875    185.250  1024.9928  50216.723    31.8635     76.966    6.56348     9.1402     9.1583    24.6398   11.84683 3.8965e-02     77.707 0.0000e+00
        743 291.098698    0.05153     3.0917    185.500  1024.9956  50220.354    31.8653     77.081    6.56419     9.1360     9.1529    24.6420   11.84800 3.8963e-02     77.823 0.0000e+00
        744 291.098701    0.05160     3.0958    185.750  1024.9974  50222.470    31.8660     77.187    6.56483     9.1319     9.1483    24.6433   11.84905 3.8976e-02     77.930 0.0000e+00
        745 291.098704    0.05167     3.1000    186.000  1024.9988  50223.868    31.8664     77.300    6.56542     9.1274     9.1441    24.6442   11.85002 3.8990e-02     78.044 0.0000e+00
        746 291.098707    0.05174     3.1042    186.250  1025.0004  50225.359    31.8668     77.432    6.56600     9.1218     9.1400    24.6452   11.85097 3.9000e-02     78.177 0.0000e+00
        747 291.098709    0.05181     3.1083    186.500  1025.0017  50226.156    31.8667     77.594    6.56667     9.1145     9.1355    24.6458   11.85208 3.9009e-02     78.341 0.0000e+00
        748 291.098712    0.05187     3.1125    186.750  1025.0025  50225.521    31.8653     77.794    6.56754     9.1055     9.1299    24.6456   11.85353 3.9032e-02     78.543 0.0000e+00
        749 291.098715    0.05194     3.1167    187.000  1025.0037  50225.201    31.8640     78.033    6.56865     9.0955     9.1227    24.6456   11.85538 3.9076e-02     78.785 0.0000e+00
        750 291.098718    0.05201     3.1208    187.250  1025.0069  50228.172    31.8647     78.307    6.56993     9.0853     9.1137    24.6476   11.85749 3.9122e-02     79.061 0.0000e+00
        751 291.098721    0.05208     3.1250    187.500  1025.0119  50234.133    31.8673     78.609    6.57128     9.0754     9.1037    24.6512   11.85970 3.9167e-02     79.366 0.0000e+00
        752 291.098724    0.05215     3.1292    187.750  1025.0172  50240.563    31.8702     78.928    6.57264     9.0657     9.0936    24.6550   11.86190 3.9198e-02     79.688 0.0000e+00
        753 291.098727    0.05222     3.1333    188.000  1025.0225  50246.853    31.8731     79.247    6.57396     9.0564     9.0837    24.6588   11.86406 3.9181e-02     80.011 0.0000e+00
        754 291.098730    0.05229     3.1375    188.250  1025.0276  50253.151    31.8760     79.548    6.57524     9.0475     9.0741    24.6626   11.86614 3.9127e-02     80.315 0.0000e+00
        755 291.098733    0.05236     3.1417    188.500  1025.0328  50259.656    31.8791     79.814    6.57646     9.0392     9.0648    24.6665   11.86812 3.9079e-02     80.582 0.0000e+00
        756 291.098736    0.05243     3.1458    188.750  1025.0381  50266.829    31.8828     80.033    6.57760     9.0319     9.0559    24.6707   11.86997 3.9048e-02     80.804 0.0000e+00
        757 291.098738    0.05250     3.1500    189.000  1025.0434  50274.561    31.8870     80.204    6.57864     9.0258     9.0476    24.6753   11.87163 3.9017e-02     80.976 0.0000e+00
        758 291.098741    0.05257     3.1542    189.250  1025.0484  50282.178    31.8912     80.329    6.57953     9.0209     9.0403    24.6797   11.87306 3.8984e-02     81.103 0.0000e+00
        759 291.098744    0.05264     3.1583    189.500  1025.0527  50288.795    31.8949     80.419    6.58026     9.0170     9.0342    24.6836   11.87423 3.8969e-02     81.193 0.0000e+00
        760 291.098747    0.05271     3.1625    189.750  1025.0560  50293.854    31.8978     80.486    6.58085     9.0136     9.0293    24.6866   11.87516 3.8981e-02     81.261 0.0000e+00
        761 291.098750    0.05278     3.1667    190.000  1025.0583  50297.263    31.8996     80.548    6.58135     9.0101     9.0254    24.6886   11.87596 3.9014e-02     81.324 0.0000e+00
        762 291.098753    0.05285     3.1708    190.250  1025.0599  50299.351    31.9005     80.624    6.58181     9.0062     9.0220    24.6899   11.87671 3.9060e-02     81.401 0.0000e+00
        763 291.098756    0.05292     3.1750    190.500  1025.0612  50300.595    31.9009     80.731    6.58230     9.0013     9.0185    24.6907   11.87752 3.9111e-02     81.508 0.0000e+00
        764 291.098759    0.05299     3.1792    190.750  1025.0624  50301.311    31.9007     80.881    6.58288     8.9950     9.0146    24.6912   11.87848 3.9168e-02     81.660 0.0000e+00
        765 291.098762    0.05306     3.1833    191.000  1025.0642  50302.626    31.9009     81.081    6.58358     8.9875     9.0098    24.6920   11.87965 3.9232e-02     81.862 0.0000e+00
