CTD-processing/allCTD/CNV--homogene/2014_07-23_t6_s09_cast204.cnv
* Sea-Bird SBE19plus Data File:
* FileName = C:\Users\kris.holderied\Documents\kasitsna\Research-Projects-and-Data\Oceanography-AK\CTD-Data-ALL-to-2014-06\2014-CTD-KachemakBay-CookInlet\2014-07-EVOSTC-CookInlet-quarterly\2014-07-23-CookInlet-Tran6-Douglas\2014-07-23-CookInlet-Tran6-cast204.hex
* Software Version 1.59
* Temperature SN =  4141
* Conductivity SN =  4141
* System UpLoad Time = Jul 23 2014 23:27:53
** Cook Inlet LTM Transect 6 (Douglas) East to West
** Date: 07-23
** Station: 6-09
** Start time: 11:44
** Depth (m): 129
** Comment:  CTD time is Alaska Daylight time.  Transducer  depth (transducer is 9 ft).
** Comment:
# nquan = 17
# nvalues = 946                         
# units = specified
# name 0 = scan: Scan Count
# name 1 = timeJ: Julian Days
# name 2 = timeH: Time, Elapsed [hours]
# name 3 = timeM: Time, Elapsed [minutes]
# name 4 = timeS: Time, Elapsed [seconds]
# name 5 = density00: Density [density, kg/m^3]
# name 6 = specc: Specific Conductance [uS/cm]
# name 7 = sal00: Salinity, Practical [PSU]
# name 8 = depSM: Depth [salt water, m], lat = 59.00
# name 9 = oxsolML/L: Oxygen Saturation, Garcia & Gordon [ml/l]
# name 10 = potemp090C: Potential Temperature [ITS-90, deg C]
# name 11 = tv290C: Temperature [ITS-90, deg C]
# name 12 = sigma-é00: Density [sigma-theta, kg/m^3]
# name 13 = n2satML/L: Nitrogen Saturation [ml/l]
# name 14 = par: PAR/Irradiance, Biospherical/Licor
# name 15 = prdM: Pressure, Strain Gauge [db]
# name 16 = flag:  0.000e+00
# span 0 =          1,        946       
# span 1 = 204.489537, 204.492271       
# span 2 =    0.00000,    0.06563       
# span 3 =     0.0000,     3.9375       
# span 4 =      0.000,    236.250       
# span 5 =   999.9322,  1025.7774       
# span 6 =    778.447,  51184.202       
# span 7 =     0.3761,    32.3114       
# span 8 =     -0.092,    126.887       
# span 9 =    6.48199,    7.76420       
# span 10 =     7.7908,    10.8041      
# span 11 =     7.8021,    10.8041      
# span 12 =    -0.0675,    25.1926      
# span 13 =   11.71008,   14.27412      
# span 14 = 4.4122e-02, 1.2233e+03      
# span 15 =     -0.093,    128.124      
# span 16 = 0.0000e+00, 0.0000e+00      
# interval = seconds: 0.25
# start_time = Jul 23 2014 11:44:56 [Instrument's time stamp, header]
# bad_flag = -9.990e-29
*END*
[from data line 681]
        682 204.491508    0.04729     2.8375    170.250  1025.2539  50735.956    32.1298     65.012    6.65568     8.4385     8.4558    24.9547   11.99616 2.9089e-01     65.635 0.0000e+00
        683 204.491510    0.04736     2.8417    170.500  1025.2546  50735.053    32.1284     65.260    6.65643     8.4323     8.4512    24.9543   11.99741 2.7811e-01     65.886 0.0000e+00
        684 204.491513    0.04743     2.8458    170.750  1025.2580  50738.799    32.1299     65.521    6.65728     8.4277     8.4451    24.9564   11.99879 2.4221e-01     66.150 0.0000e+00
        685 204.491516    0.04750     2.8500    171.000  1025.2633  50745.979    32.1339     65.795    6.65802     8.4255     8.4389    24.9604   11.99998 1.9234e-01     66.427 0.0000e+00
        686 204.491519    0.04757     2.8542    171.250  1025.2689  50753.750    32.1385     66.080    6.65851     8.4245     8.4343    24.9648   12.00072 1.5111e-01     66.714 0.0000e+00
        687 204.491522    0.04764     2.8583    171.500  1025.2718  50756.725    32.1401     66.372    6.65877     8.4222     8.4321    24.9664   12.00114 1.2561e-01     67.009 0.0000e+00
        688 204.491525    0.04771     2.8625    171.750  1025.2710  50752.980    32.1372     66.669    6.65905     8.4179     8.4312    24.9643   12.00163 1.0956e-01     67.309 0.0000e+00
        689 204.491528    0.04778     2.8667    172.000  1025.2705  50749.558    32.1343     66.967    6.65951     8.4132     8.4289    24.9623   12.00243 9.9196e-02     67.610 0.0000e+00
        690 204.491531    0.04785     2.8708    172.250  1025.2732  50751.938    32.1352     67.262    6.66011     8.4097     8.4247    24.9637   12.00341 9.2323e-02     67.907 0.0000e+00
        691 204.491534    0.04792     2.8750    172.500  1025.2776  50757.483    32.1382     67.549    6.66067     8.4072     8.4200    24.9667   12.00430 8.7676e-02     68.198 0.0000e+00
        692 204.491536    0.04799     2.8792    172.750  1025.2813  50761.909    32.1406     67.829    6.66109     8.4051     8.4165    24.9691   12.00497 8.4487e-02     68.481 0.0000e+00
        693 204.491539    0.04806     2.8833    173.000  1025.2837  50763.913    32.1415     68.102    6.66142     8.4026     8.4140    24.9702   12.00550 8.2186e-02     68.755 0.0000e+00
        694 204.491542    0.04813     2.8875    173.250  1025.2850  50764.233    32.1413     68.366    6.66174     8.3995     8.4119    24.9703   12.00604 8.0465e-02     69.022 0.0000e+00
        695 204.491545    0.04819     2.8917    173.500  1025.2864  50764.640    32.1411     68.621    6.66212     8.3963     8.4094    24.9705   12.00667 7.9230e-02     69.280 0.0000e+00
        696 204.491548    0.04826     2.8958    173.750  1025.2884  50766.254    32.1416     68.870    6.66255     8.3929     8.4065    24.9714   12.00737 7.8493e-02     69.531 0.0000e+00
        697 204.491551    0.04833     2.9000    174.000  1025.2904  50767.805    32.1421     69.113    6.66301     8.3893     8.4033    24.9723   12.00812 7.8316e-02     69.777 0.0000e+00
        698 204.491554    0.04840     2.9042    174.250  1025.2923  50769.197    32.1425     69.353    6.66350     8.3860     8.3999    24.9730   12.00893 7.8887e-02     70.019 0.0000e+00
        699 204.491557    0.04847     2.9083    174.500  1025.2949  50771.875    32.1437     69.591    6.66398     8.3832     8.3963    24.9745   12.00972 8.0680e-02     70.260 0.0000e+00
        700 204.491560    0.04854     2.9125    174.750  1025.2976  50774.887    32.1452     69.829    6.66442     8.3807     8.3929    24.9762   12.01041 8.4472e-02     70.500 0.0000e+00
        701 204.491562    0.04861     2.9167    175.000  1025.2997  50776.602    32.1459     70.069    6.66480     8.3780     8.3902    24.9771   12.01104 9.1465e-02     70.743 0.0000e+00
        702 204.491565    0.04868     2.9208    175.250  1025.3013  50777.478    32.1460     70.314    6.66517     8.3753     8.3877    24.9776   12.01165 1.0373e-01     70.990 0.0000e+00
        703 204.491568    0.04875     2.9250    175.500  1025.3032  50778.984    32.1465     70.567    6.66554     8.3729     8.3850    24.9784   12.01226 1.2482e-01     71.245 0.0000e+00
        704 204.491571    0.04882     2.9292    175.750  1025.3056  50781.172    32.1475     70.828    6.66590     8.3704     8.3824    24.9796   12.01283 1.6057e-01     71.509 0.0000e+00
        705 204.491574    0.04889     2.9333    176.000  1025.3074  50782.239    32.1478     71.099    6.66625     8.3670     8.3800    24.9802   12.01341 2.0501e-01     71.782 0.0000e+00
        706 204.491577    0.04896     2.9375    176.250  1025.3081  50781.093    32.1465     71.377    6.66666     8.3618     8.3776    24.9795   12.01412 2.3718e-01     72.064 0.0000e+00
        707 204.491580    0.04903     2.9417    176.500  1025.3080  50778.565    32.1440     71.661    6.66728     8.3547     8.3742    24.9781   12.01516 2.4727e-01     72.350 0.0000e+00
        708 204.491583    0.04910     2.9458    176.750  1025.3086  50777.181    32.1421     71.945    6.66815     8.3468     8.3689    24.9773   12.01662 2.3720e-01     72.637 0.0000e+00
        709 204.491586    0.04917     2.9500    177.000  1025.3111  50779.305    32.1423     72.226    6.66919     8.3394     8.3619    24.9786   12.01835 2.0497e-01     72.921 0.0000e+00
        710 204.491589    0.04924     2.9542    177.250  1025.3154  50784.559    32.1447     72.502    6.67026     8.3330     8.3541    24.9816   12.02009 1.5890e-01     73.199 0.0000e+00
        711 204.491591    0.04931     2.9583    177.500  1025.3201  50790.708    32.1477     72.770    6.67124     8.3274     8.3467    24.9850   12.02168 1.2038e-01     73.470 0.0000e+00
        712 204.491594    0.04938     2.9625    177.750  1025.3243  50795.963    32.1503     73.031    6.67209     8.3225     8.3403    24.9880   12.02305 9.6731e-02     73.733 0.0000e+00
        713 204.491597    0.04944     2.9667    178.000  1025.3277  50799.948    32.1521     73.283    6.67284     8.3177     8.3348    24.9903   12.02427 8.2309e-02     73.988 0.0000e+00
        714 204.491600    0.04951     2.9708    178.250  1025.3304  50802.843    32.1533     73.530    6.67354     8.3126     8.3298    24.9919   12.02540 7.3421e-02     74.237 0.0000e+00
        715 204.491603    0.04958     2.9750    178.500  1025.3328  50804.947    32.1539     73.774    6.67423     8.3070     8.3250    24.9931   12.02654 6.7887e-02     74.484 0.0000e+00
        716 204.491606    0.04965     2.9792    178.750  1025.3351  50807.139    32.1545     74.019    6.67496     8.3008     8.3200    24.9943   12.02775 6.4362e-02     74.731 0.0000e+00
        717 204.491609    0.04972     2.9833    179.000  1025.3377  50809.692    32.1553     74.266    6.67577     8.2938     8.3144    24.9958   12.02907 6.2019e-02     74.981 0.0000e+00
        718 204.491612    0.04979     2.9875    179.250  1025.3403  50812.170    32.1559     74.519    6.67667     8.2858     8.3082    24.9972   12.03054 6.0393e-02     75.236 0.0000e+00
        719 204.491615    0.04986     2.9917    179.500  1025.3430  50814.633    32.1564     74.777    6.67769     8.2765     8.3012    24.9986   12.03223 5.9219e-02     75.497 0.0000e+00
        720 204.491617    0.04993     2.9958    179.750  1025.3455  50816.858    32.1566     75.039    6.67888     8.2655     8.2933    24.9999   12.03419 5.8331e-02     75.761 0.0000e+00
        721 204.491620    0.05000     3.0000    180.000  1025.3483  50819.497    32.1569     75.302    6.68027     8.2536     8.2840    25.0015   12.03648 5.7605e-02     76.026 0.0000e+00
        722 204.491623    0.05007     3.0042    180.250  1025.3527  50824.978    32.1589     75.562    6.68182     8.2422     8.2730    25.0047   12.03903 5.6976e-02     76.289 0.0000e+00
        723 204.491626    0.05014     3.0083    180.500  1025.3592  50834.249    32.1634     75.816    6.68341     8.2324     8.2611    25.0100   12.04161 5.6450e-02     76.545 0.0000e+00
        724 204.491629    0.05021     3.0125    180.750  1025.3668  50845.694    32.1695     76.063    6.68487     8.2249     8.2497    25.0164   12.04395 5.6013e-02     76.795 0.0000e+00
        725 204.491632    0.05028     3.0167    181.000  1025.3742  50856.830    32.1757     76.305    6.68607     8.2196     8.2399    25.0227   12.04586 5.5621e-02     77.040 0.0000e+00
        726 204.491635    0.05035     3.0208    181.250  1025.3804  50865.893    32.1807     76.544    6.68697     8.2161     8.2325    25.0278   12.04729 5.5256e-02     77.281 0.0000e+00
        727 204.491638    0.05042     3.0250    181.500  1025.3851  50872.448    32.1844     76.782    6.68760     8.2137     8.2272    25.0314   12.04829 5.4905e-02     77.522 0.0000e+00
        728 204.491641    0.05049     3.0292    181.750  1025.3887  50876.876    32.1868     77.024    6.68803     8.2122     8.2237    25.0338   12.04897 5.4558e-02     77.765 0.0000e+00
        729 204.491644    0.05056     3.0333    182.000  1025.3914  50879.815    32.1884     77.271    6.68832     8.2111     8.2214    25.0354   12.04941 5.4214e-02     78.014 0.0000e+00
        730 204.491646    0.05063     3.0375    182.250  1025.3936  50881.771    32.1895     77.524    6.68851     8.2104     8.2199    25.0365   12.04971 5.3887e-02     78.271 0.0000e+00
        731 204.491649    0.05069     3.0417    182.500  1025.3954  50883.084    32.1901     77.785    6.68863     8.2100     8.2188    25.0371   12.04991 5.3593e-02     78.534 0.0000e+00
        732 204.491652    0.05076     3.0458    182.750  1025.3971  50883.992    32.1905     78.052    6.68872     8.2098     8.2181    25.0375   12.05005 5.3316e-02     78.804 0.0000e+00
        733 204.491655    0.05083     3.0500    183.000  1025.3986  50884.622    32.1907     78.325    6.68876     8.2097     8.2177    25.0378   12.05013 5.3028e-02     79.079 0.0000e+00
        734 204.491658    0.05090     3.0542    183.250  1025.4000  50885.032    32.1909     78.602    6.68878     8.2097     8.2175    25.0380   12.05016 5.2737e-02     79.359 0.0000e+00
        735 204.491661    0.05097     3.0583    183.500  1025.4013  50885.272    32.1909     78.882    6.68879     8.2097     8.2175    25.0380   12.05017 5.2467e-02     79.642 0.0000e+00
        736 204.491664    0.05104     3.0625    183.750  1025.4026  50885.382    32.1908     79.164    6.68879     8.2096     8.2175    25.0380   12.05017 5.2216e-02     79.927 0.0000e+00
        737 204.491667    0.05111     3.0667    184.000  1025.4038  50885.394    32.1907     79.448    6.68879     8.2095     8.2175    25.0379   12.05017 5.1957e-02     80.214 0.0000e+00
        738 204.491670    0.05118     3.0708    184.250  1025.4050  50885.361    32.1906     79.732    6.68880     8.2093     8.2175    25.0377   12.05019 5.1678e-02     80.500 0.0000e+00
        739 204.491672    0.05125     3.0750    184.500  1025.4061  50885.277    32.1904     80.013    6.68882     8.2089     8.2175    25.0376   12.05022 5.1395e-02     80.784 0.0000e+00
        740 204.491675    0.05132     3.0792    184.750  1025.4071  50884.990    32.1900     80.289    6.68886     8.2082     8.2173    25.0373   12.05030 5.1118e-02     81.063 0.0000e+00
        741 204.491678    0.05139     3.0833    185.000  1025.4080  50884.521    32.1895     80.556    6.68895     8.2072     8.2169    25.0370   12.05044 5.0852e-02     81.333 0.0000e+00
        742 204.491681    0.05146     3.0875    185.250  1025.4090  50884.146    32.1890     80.815    6.68907     8.2059     8.2162    25.0367   12.05065 5.0603e-02     81.594 0.0000e+00
        743 204.491684    0.05153     3.0917    185.500  1025.4100  50884.096    32.1887     81.065    6.68924     8.2044     8.2152    25.0366   12.05093 5.0381e-02     81.846 0.0000e+00
        744 204.491687    0.05160     3.0958    185.750  1025.4113  50884.495    32.1887     81.308    6.68943     8.2029     8.2139    25.0368   12.05126 5.0190e-02     82.092 0.0000e+00
        745 204.491690    0.05167     3.1000    186.000  1025.4128  50885.226    32.1889     81.549    6.68964     8.2015     8.2125    25.0371   12.05160 5.0013e-02     82.335 0.0000e+00
        746 204.491693    0.05174     3.1042    186.250  1025.4143  50886.153    32.1892     81.791    6.68984     8.2003     8.2110    25.0376   12.05193 4.9839e-02     82.579 0.0000e+00
        747 204.491696    0.05181     3.1083    186.500  1025.4160  50887.254    32.1896     82.037    6.69003     8.1991     8.2097    25.0381   12.05224 4.9670e-02     82.828 0.0000e+00
        748 204.491698    0.05187     3.1125    186.750  1025.4177  50888.319    32.1900     82.290    6.69020     8.1980     8.2084    25.0387   12.05252 4.9494e-02     83.084 0.0000e+00
        749 204.491701    0.05194     3.1167    187.000  1025.4193  50889.193    32.1904     82.552    6.69036     8.1970     8.2072    25.0391   12.05277 4.9303e-02     83.348 0.0000e+00
        750 204.491704    0.05201     3.1208    187.250  1025.4209  50889.887    32.1906     82.821    6.69051     8.1958     8.2062    25.0394   12.05301 4.9113e-02     83.620 0.0000e+00
        751 204.491707    0.05208     3.1250    187.500  1025.4223  50890.227    32.1905     83.094    6.69066     8.1943     8.2052    25.0395   12.05327 4.8939e-02     83.895 0.0000e+00
        752 204.491710    0.05215     3.1292    187.750  1025.4234  50890.143    32.1901     83.369    6.69085     8.1923     8.2040    25.0394   12.05359 4.8777e-02     84.173 0.0000e+00
        753 204.491713    0.05222     3.1333    188.000  1025.4244  50889.761    32.1895     83.642    6.69111     8.1896     8.2025    25.0391   12.05402 4.8625e-02     84.449 0.0000e+00
        754 204.491716    0.05229     3.1375    188.250  1025.4253  50889.219    32.1887     83.912    6.69144     8.1863     8.2006    25.0388   12.05458 4.8475e-02     84.721 0.0000e+00
        755 204.491719    0.05236     3.1417    188.500  1025.4263  50888.901    32.1879     84.176    6.69187     8.1826     8.1980    25.0386   12.05530 4.8320e-02     84.988 0.0000e+00
        756 204.491722    0.05243     3.1458    188.750  1025.4278  50889.441    32.1877     84.435    6.69238     8.1787     8.1947    25.0388   12.05614 4.8178e-02     85.249 0.0000e+00
        757 204.491725    0.05250     3.1500    189.000  1025.4299  50891.272    32.1882     84.686    6.69292     8.1751     8.1909    25.0398   12.05702 4.8051e-02     85.503 0.0000e+00
        758 204.491727    0.05257     3.1542    189.250  1025.4325  50893.875    32.1893     84.931    6.69345     8.1716     8.1871    25.0413   12.05789 4.7919e-02     85.750 0.0000e+00
        759 204.491730    0.05264     3.1583    189.500  1025.4351  50896.482    32.1905     85.172    6.69395     8.1685     8.1834    25.0427   12.05871 4.7790e-02     85.993 0.0000e+00
        760 204.491733    0.05271     3.1625    189.750  1025.4375  50898.953    32.1916     85.409    6.69442     8.1655     8.1800    25.0440   12.05947 4.7682e-02     86.233 0.0000e+00
        761 204.491736    0.05278     3.1667    190.000  1025.4398  50901.165    32.1925     85.643    6.69485     8.1627     8.1769    25.0452   12.06017 4.7572e-02     86.469 0.0000e+00
        762 204.491739    0.05285     3.1708    190.250  1025.4418  50903.040    32.1932     85.870    6.69526     8.1599     8.1740    25.0462   12.06084 4.7455e-02     86.699 0.0000e+00
        763 204.491742    0.05292     3.1750    190.500  1025.4439  50905.066    32.1941     86.090    6.69565     8.1573     8.1711    25.0473   12.06148 4.7354e-02     86.921 0.0000e+00
        764 204.491745    0.05299     3.1792    190.750  1025.4463  50907.554    32.1953     86.300    6.69602     8.1550     8.1683    25.0487   12.06207 4.7267e-02     87.133 0.0000e+00
        765 204.491748    0.05306     3.1833    191.000  1025.4485  50909.859    32.1964     86.499    6.69635     8.1528     8.1658    25.0499   12.06260 4.7184e-02     87.334 0.0000e+00
