CTD-processing/allCTD/CNV--homogene/2014_06-18_t9_s05a_cast149.cnv
* Sea-Bird SBE19plus Data File:
* FileName = C:\Users\kris.holderied\Documents\kasitsna\Research-Projects-and-Data\Oceanography-AK\CTD-Data-ALL-to-2014-03\2014-CTD-KachemakBay-CookInlet\2014-06-18-CookInlet-HomerSpit-monthly\2014-06-18-CookInlet-T9-HomerSpit-cast149.hex
* Software Version 1.59
* Temperature SN =  4141
* Conductivity SN =  4141
* System UpLoad Time = Jul 20 2014 19:58:36
** Cook Inlet LTM Transect 9  (Homer Spit) South to North
** Date: 2014-06-18
** Station: 9-05a
** Start time: 17:42
** Depth (m): 96
** Comment:  CTD time is Alaska Daylight time
** Comment:
# nquan = 17
# nvalues = 719                         
# units = specified
# name 0 = scan: Scan Count
# name 1 = timeJ: Julian Days
# name 2 = timeH: Time, Elapsed [hours]
# name 3 = timeM: Time, Elapsed [minutes]
# name 4 = timeS: Time, Elapsed [seconds]
# name 5 = density00: Density [density, kg/m^3]
# name 6 = specc: Specific Conductance [uS/cm]
# name 7 = sal00: Salinity, Practical [PSU]
# name 8 = depSM: Depth [salt water, m], lat = 59.00
# name 9 = oxsolML/L: Oxygen Saturation, Garcia & Gordon [ml/l]
# name 10 = potemp090C: Potential Temperature [ITS-90, deg C]
# name 11 = tv290C: Temperature [ITS-90, deg C]
# name 12 = sigma-é00: Density [sigma-theta, kg/m^3]
# name 13 = n2satML/L: Nitrogen Saturation [ml/l]
# name 14 = par: PAR/Irradiance, Biospherical/Licor
# name 15 = prdM: Pressure, Strain Gauge [db]
# name 16 = flag:  0.000e+00
# span 0 =          1,        719       
# span 1 = 169.738206, 169.740284       
# span 2 =    0.00000,    0.04986       
# span 3 =     0.0000,     2.9917       
# span 4 =      0.000,    179.500       
# span 5 =  1000.1122,  1025.3757       
# span 6 =    808.646,  50745.787       
# span 7 =     0.4017,    31.7936       
# span 8 =     -0.103,     90.372       
# span 9 =    6.56073,    8.10076       
# span 10 =     6.4962,     9.8631      
# span 11 =     6.5038,     9.8632      
# span 12 =     0.1127,    24.9577      
# span 13 =   11.87076,   14.84290      
# span 14 = 4.0599e-02, 2.6852e+00      
# span 15 =     -0.104,     91.245      
# span 16 = 0.0000e+00, 0.0000e+00      
# interval = seconds: 0.25
# start_time = Jun 18 2014 17:43:01 [Instrument's time stamp, header]
# bad_flag = -9.990e-29
*END*
[from data line 596]
        597 169.739931    0.04139     2.4833    149.000  1025.2410  50675.930    31.7726     67.033    6.95953     6.5986     6.6033    24.9294   12.50294 4.0714e-02     67.677 0.0000e+00
        598 169.739933    0.04146     2.4875    149.250  1025.2425  50676.950    31.7733     67.254    6.95945     6.5995     6.6037    24.9298   12.50279 4.0735e-02     67.900 0.0000e+00
        599 169.739936    0.04153     2.4917    149.500  1025.2441  50678.138    31.7741     67.467    6.95931     6.6008     6.6043    24.9304   12.50254 4.0750e-02     68.114 0.0000e+00
        600 169.739939    0.04160     2.4958    149.750  1025.2456  50679.310    31.7750     67.668    6.95911     6.6023     6.6053    24.9310   12.50221 4.0743e-02     68.318 0.0000e+00
        601 169.739942    0.04167     2.5000    150.000  1025.2471  50680.494    31.7760     67.856    6.95886     6.6043     6.6065    24.9316   12.50178 4.0727e-02     68.508 0.0000e+00
        602 169.739945    0.04174     2.5042    150.250  1025.2486  50681.946    31.7772     68.027    6.95855     6.6066     6.6081    24.9323   12.50125 4.0711e-02     68.680 0.0000e+00
        603 169.739948    0.04181     2.5083    150.500  1025.2500  50683.280    31.7784     68.180    6.95817     6.6091     6.6101    24.9331   12.50061 4.0692e-02     68.834 0.0000e+00
        604 169.739951    0.04188     2.5125    150.750  1025.2510  50683.846    31.7792     68.316    6.95775     6.6115     6.6125    24.9334   12.49991 4.0669e-02     68.972 0.0000e+00
        605 169.739954    0.04194     2.5167    151.000  1025.2513  50683.432    31.7793     68.438    6.95734     6.6135     6.6150    24.9332   12.49923 4.0659e-02     69.095 0.0000e+00
        606 169.739957    0.04201     2.5208    151.250  1025.2511  50682.135    31.7788     68.549    6.95698     6.6150     6.6174    24.9325   12.49864 4.0659e-02     69.207 0.0000e+00
        607 169.739959    0.04208     2.5250    151.500  1025.2506  50680.251    31.7778     68.656    6.95670     6.6158     6.6194    24.9314   12.49819 4.0661e-02     69.315 0.0000e+00
        608 169.739962    0.04215     2.5292    151.750  1025.2498  50677.980    31.7765     68.767    6.95653     6.6161     6.6209    24.9302   12.49791 4.0677e-02     69.427 0.0000e+00
        609 169.739965    0.04222     2.5333    152.000  1025.2492  50675.752    31.7750     68.893    6.95646     6.6159     6.6217    24.9289   12.49781 4.0705e-02     69.555 0.0000e+00
        610 169.739968    0.04229     2.5375    152.250  1025.2490  50674.236    31.7739     69.041    6.95646     6.6154     6.6220    24.9280   12.49784 4.0723e-02     69.703 0.0000e+00
        611 169.739971    0.04236     2.5417    152.500  1025.2493  50673.513    31.7733     69.210    6.95652     6.6151     6.6218    24.9276   12.49794 4.0728e-02     69.875 0.0000e+00
        612 169.739974    0.04243     2.5458    152.750  1025.2503  50673.825    31.7734     69.401    6.95658     6.6150     6.6214    24.9277   12.49805 4.0730e-02     70.067 0.0000e+00
        613 169.739977    0.04250     2.5500    153.000  1025.2520  50675.256    31.7742     69.610    6.95660     6.6154     6.6210    24.9284   12.49807 4.0732e-02     70.278 0.0000e+00
        614 169.739980    0.04257     2.5542    153.250  1025.2539  50676.934    31.7753     69.835    6.95656     6.6162     6.6210    24.9292   12.49799 4.0720e-02     70.505 0.0000e+00
        615 169.739983    0.04264     2.5583    153.500  1025.2557  50678.378    31.7762     70.071    6.95645     6.6173     6.6214    24.9299   12.49779 4.0686e-02     70.745 0.0000e+00
        616 169.739986    0.04271     2.5625    153.750  1025.2575  50679.722    31.7772     70.316    6.95628     6.6187     6.6222    24.9306   12.49750 4.0666e-02     70.992 0.0000e+00
        617 169.739988    0.04278     2.5667    154.000  1025.2593  50681.139    31.7783     70.564    6.95605     6.6205     6.6233    24.9313   12.49710 4.0678e-02     71.243 0.0000e+00
        618 169.739991    0.04285     2.5708    154.250  1025.2612  50682.621    31.7795     70.814    6.95576     6.6228     6.6248    24.9321   12.49661 4.0672e-02     71.495 0.0000e+00
        619 169.739994    0.04292     2.5750    154.500  1025.2636  50684.833    31.7812     71.064    6.95539     6.6259     6.6266    24.9332   12.49598 4.0644e-02     71.747 0.0000e+00
        620 169.739997    0.04299     2.5792    154.750  1025.2666  50688.427    31.7840     71.312    6.95488     6.6299     6.6289    24.9351   12.49511 4.0645e-02     71.998 0.0000e+00
        621 169.740000    0.04306     2.5833    155.000  1025.2693  50691.188    31.7864     71.560    6.95425     6.6338     6.6321    24.9366   12.49404 4.0660e-02     72.248 0.0000e+00
        622 169.740003    0.04312     2.5875    155.250  1025.2700  50690.435    31.7865     71.808    6.95361     6.6366     6.6361    24.9362   12.49296 4.0665e-02     72.499 0.0000e+00
        623 169.740006    0.04319     2.5917    155.500  1025.2689  50686.420    31.7843     72.057    6.95308     6.6380     6.6400    24.9340   12.49212 4.0673e-02     72.749 0.0000e+00
        624 169.740009    0.04326     2.5958    155.750  1025.2671  50681.181    31.7811     72.303    6.95276     6.6381     6.6429    24.9311   12.49163 4.0675e-02     72.998 0.0000e+00
        625 169.740012    0.04333     2.6000    156.000  1025.2658  50676.812    31.7782     72.547    6.95266     6.6373     6.6443    24.9286   12.49151 4.0672e-02     73.244 0.0000e+00
        626 169.740014    0.04340     2.6042    156.250  1025.2654  50674.270    31.7763     72.787    6.95274     6.6362     6.6443    24.9271   12.49166 4.0682e-02     73.487 0.0000e+00
        627 169.740017    0.04347     2.6083    156.500  1025.2661  50673.576    31.7756     73.023    6.95290     6.6350     6.6435    24.9266   12.49193 4.0709e-02     73.726 0.0000e+00
        628 169.740020    0.04354     2.6125    156.750  1025.2673  50674.082    31.7756     73.258    6.95308     6.6340     6.6424    24.9268   12.49224 4.0725e-02     73.963 0.0000e+00
        629 169.740023    0.04361     2.6167    157.000  1025.2688  50674.962    31.7759     73.491    6.95325     6.6336     6.6413    24.9272   12.49251 4.0706e-02     74.198 0.0000e+00
        630 169.740026    0.04368     2.6208    157.250  1025.2710  50677.293    31.7772     73.722    6.95334     6.6343     6.6403    24.9284   12.49265 4.0674e-02     74.431 0.0000e+00
        631 169.740029    0.04375     2.6250    157.500  1025.2745  50681.821    31.7802     73.951    6.95327     6.6363     6.6399    24.9308   12.49250 4.0660e-02     74.663 0.0000e+00
        632 169.740032    0.04382     2.6292    157.750  1025.2782  50686.801    31.7837     74.177    6.95300     6.6393     6.6406    24.9334   12.49200 4.0650e-02     74.891 0.0000e+00
        633 169.740035    0.04389     2.6333    158.000  1025.2812  50690.574    31.7866     74.399    6.95254     6.6428     6.6426    24.9354   12.49121 4.0621e-02     75.114 0.0000e+00
        634 169.740038    0.04396     2.6375    158.250  1025.2831  50692.307    31.7882     74.615    6.95198     6.6464     6.6457    24.9363   12.49026 4.0599e-02     75.332 0.0000e+00
        635 169.740041    0.04403     2.6417    158.500  1025.2840  50692.206    31.7887     74.825    6.95138     6.6495     6.6492    24.9363   12.48926 4.0611e-02     75.544 0.0000e+00
        636 169.740043    0.04410     2.6458    158.750  1025.2843  50690.921    31.7884     75.029    6.95082     6.6519     6.6528    24.9356   12.48834 4.0645e-02     75.751 0.0000e+00
        637 169.740046    0.04417     2.6500    159.000  1025.2839  50688.667    31.7873     75.230    6.95036     6.6537     6.6559    24.9343   12.48760 4.0664e-02     75.954 0.0000e+00
        638 169.740049    0.04424     2.6542    159.250  1025.2836  50686.408    31.7861     75.425    6.95002     6.6550     6.6584    24.9330   12.48704 4.0645e-02     76.151 0.0000e+00
        639 169.740052    0.04431     2.6583    159.500  1025.2837  50685.083    31.7854     75.614    6.94975     6.6560     6.6602    24.9323   12.48661 4.0623e-02     76.342 0.0000e+00
        640 169.740055    0.04437     2.6625    159.750  1025.2842  50684.474    31.7852     75.797    6.94955     6.6568     6.6616    24.9319   12.48629 4.0629e-02     76.526 0.0000e+00
        641 169.740058    0.04444     2.6667    160.000  1025.2847  50684.136    31.7850     75.975    6.94940     6.6575     6.6626    24.9317   12.48603 4.0645e-02     76.706 0.0000e+00
        642 169.740061    0.04451     2.6708    160.250  1025.2853  50683.829    31.7849     76.154    6.94927     6.6579     6.6634    24.9315   12.48582 4.0654e-02     76.887 0.0000e+00
        643 169.740064    0.04458     2.6750    160.500  1025.2859  50683.480    31.7847     76.336    6.94918     6.6582     6.6640    24.9312   12.48567 4.0662e-02     77.071 0.0000e+00
        644 169.740067    0.04465     2.6792    160.750  1025.2866  50683.203    31.7845     76.522    6.94911     6.6584     6.6645    24.9310   12.48557 4.0681e-02     77.258 0.0000e+00
        645 169.740069    0.04472     2.6833    161.000  1025.2874  50683.067    31.7844     76.709    6.94907     6.6585     6.6648    24.9309   12.48549 4.0723e-02     77.447 0.0000e+00
        646 169.740072    0.04479     2.6875    161.250  1025.2882  50683.130    31.7844     76.895    6.94903     6.6587     6.6650    24.9309   12.48544 4.0771e-02     77.636 0.0000e+00
        647 169.740075    0.04486     2.6917    161.500  1025.2892  50683.441    31.7845     77.079    6.94900     6.6589     6.6652    24.9310   12.48538 4.0791e-02     77.822 0.0000e+00
        648 169.740078    0.04493     2.6958    161.750  1025.2902  50683.927    31.7848     77.262    6.94896     6.6592     6.6654    24.9312   12.48531 4.0788e-02     78.006 0.0000e+00
        649 169.740081    0.04500     2.7000    162.000  1025.2913  50684.405    31.7851     77.446    6.94891     6.6594     6.6656    24.9314   12.48522 4.0790e-02     78.192 0.0000e+00
        650 169.740084    0.04507     2.7042    162.250  1025.2922  50684.724    31.7853     77.631    6.94886     6.6596     6.6658    24.9315   12.48513 4.0789e-02     78.378 0.0000e+00
        651 169.740087    0.04514     2.7083    162.500  1025.2931  50684.848    31.7854     77.818    6.94881     6.6597     6.6661    24.9315   12.48506 4.0785e-02     78.568 0.0000e+00
        652 169.740090    0.04521     2.7125    162.750  1025.2939  50684.839    31.7853     78.009    6.94878     6.6597     6.6663    24.9314   12.48501 4.0789e-02     78.761 0.0000e+00
        653 169.740093    0.04528     2.7167    163.000  1025.2947  50684.749    31.7851     78.205    6.94877     6.6596     6.6664    24.9313   12.48499 4.0797e-02     78.959 0.0000e+00
        654 169.740095    0.04535     2.7208    163.250  1025.2956  50684.706    31.7850     78.406    6.94878     6.6594     6.6664    24.9312   12.48500 4.0799e-02     79.161 0.0000e+00
        655 169.740098    0.04542     2.7250    163.500  1025.2964  50684.714    31.7849     78.609    6.94880     6.6590     6.6664    24.9311   12.48503 4.0801e-02     79.366 0.0000e+00
        656 169.740101    0.04549     2.7292    163.750  1025.2972  50684.606    31.7847     78.812    6.94884     6.6584     6.6662    24.9310   12.48510 4.0811e-02     79.571 0.0000e+00
        657 169.740104    0.04556     2.7333    164.000  1025.2980  50684.485    31.7844     79.013    6.94891     6.6574     6.6658    24.9309   12.48522 4.0820e-02     79.774 0.0000e+00
        658 169.740107    0.04562     2.7375    164.250  1025.2988  50684.462    31.7842     79.211    6.94902     6.6559     6.6652    24.9308   12.48541 4.0825e-02     79.974 0.0000e+00
        659 169.740110    0.04569     2.7417    164.500  1025.2996  50684.318    31.7838     79.405    6.94919     6.6539     6.6642    24.9306   12.48570 4.0823e-02     80.170 0.0000e+00
        660 169.740113    0.04576     2.7458    164.750  1025.3001  50683.870    31.7832     79.593    6.94945     6.6512     6.6628    24.9303   12.48613 4.0797e-02     80.360 0.0000e+00
        661 169.740116    0.04583     2.7500    165.000  1025.3004  50683.038    31.7822     79.777    6.94981     6.6474     6.6608    24.9297   12.48675 4.0762e-02     80.546 0.0000e+00
        662 169.740119    0.04590     2.7542    165.250  1025.3006  50681.968    31.7808     79.961    6.95032     6.6428     6.6580    24.9290   12.48761 4.0743e-02     80.732 0.0000e+00
        663 169.740122    0.04597     2.7583    165.500  1025.3010  50681.445    31.7797     80.144    6.95097     6.6375     6.6543    24.9286   12.48870 4.0736e-02     80.917 0.0000e+00
        664 169.740124    0.04604     2.7625    165.750  1025.3022  50682.271    31.7793     80.332    6.95174     6.6321     6.6496    24.9289   12.48997 4.0724e-02     81.107 0.0000e+00
        665 169.740127    0.04611     2.7667    166.000  1025.3041  50684.440    31.7797     80.529    6.95257     6.6269     6.6444    24.9299   12.49134 4.0707e-02     81.305 0.0000e+00
        666 169.740130    0.04618     2.7708    166.250  1025.3065  50687.411    31.7807     80.736    6.95340     6.6220     6.6390    24.9313   12.49270 4.0693e-02     81.514 0.0000e+00
        667 169.740133    0.04625     2.7750    166.500  1025.3090  50690.364    31.7817     80.953    6.95419     6.6173     6.6338    24.9328   12.49400 4.0685e-02     81.734 0.0000e+00
        668 169.740136    0.04632     2.7792    166.750  1025.3110  50692.377    31.7821     81.178    6.95496     6.6125     6.6289    24.9337   12.49526 4.0696e-02     81.961 0.0000e+00
        669 169.740139    0.04639     2.7833    167.000  1025.3127  50693.906    31.7822     81.406    6.95572     6.6080     6.6242    24.9344   12.49651 4.0729e-02     82.191 0.0000e+00
        670 169.740142    0.04646     2.7875    167.250  1025.3151  50696.547    31.7830     81.634    6.95644     6.6043     6.6195    24.9356   12.49770 4.0761e-02     82.420 0.0000e+00
        671 169.740145    0.04653     2.7917    167.500  1025.3181  50700.424    31.7848     81.858    6.95708     6.6016     6.6151    24.9376   12.49874 4.0775e-02     82.647 0.0000e+00
        672 169.740148    0.04660     2.7958    167.750  1025.3211  50704.310    31.7867     82.077    6.95759     6.5996     6.6114    24.9396   12.49955 4.0788e-02     82.869 0.0000e+00
        673 169.740150    0.04667     2.8000    168.000  1025.3237  50707.451    31.7883     82.292    6.95796     6.5982     6.6086    24.9412   12.50015 4.0809e-02     83.086 0.0000e+00
        674 169.740153    0.04674     2.8042    168.250  1025.3258  50709.665    31.7894     82.504    6.95822     6.5972     6.6067    24.9423   12.50057 4.0824e-02     83.300 0.0000e+00
        675 169.740156    0.04681     2.8083    168.500  1025.3274  50710.899    31.7899     82.716    6.95842     6.5961     6.6053    24.9429   12.50088 4.0833e-02     83.514 0.0000e+00
        676 169.740159    0.04688     2.8125    168.750  1025.3284  50711.232    31.7898     82.930    6.95859     6.5949     6.6043    24.9429   12.50117 4.0836e-02     83.730 0.0000e+00
        677 169.740162    0.04694     2.8167    169.000  1025.3293  50711.138    31.7894     83.147    6.95878     6.5935     6.6033    24.9428   12.50148 4.0835e-02     83.949 0.0000e+00
        678 169.740165    0.04701     2.8208    169.250  1025.3299  50710.668    31.7888     83.365    6.95899     6.5913     6.6021    24.9424   12.50184 4.0841e-02     84.170 0.0000e+00
        679 169.740168    0.04708     2.8250    169.500  1025.3298  50708.692    31.7871     83.584    6.95931     6.5875     6.6007    24.9413   12.50238 4.0858e-02     84.391 0.0000e+00
        680 169.740171    0.04715     2.8292    169.750  1025.3285  50704.730    31.7838     83.802    6.95981     6.5820     6.5985    24.9390   12.50325 4.0892e-02     84.610 0.0000e+00
