CTD-processing/allCTD/CNV--homogene/2014_08-14_subbays_sadiec_cast061.cnv
* Sea-Bird SBE19plus Data File:
* FileName = C:\Users\kris.holderied\Documents\kasitsna\Research-Projects-and-Data\Oceanography-AK\CTD-Data-ALL-to-2014-06\2014-CTD-KachemakBay-CookInlet\2014-08-14-KachemakBay-SubBays\2014-08-14-KachemakBay-SubBays-cast061.hex
* Software Version 1.59
* Temperature SN =  4141
* Conductivity SN =  4141
* System UpLoad Time = Oct 13 2014 01:47:10
** Kachemak Bay Sub-bays
** Date: 08-14
** Station: Sadie C
** Start time: 16:48
** Depth (m): 31.1
** Comment:  CTD time is Alaska Daylight time.  R/V Barnacle. Transducer  depth.
** Comment:
# nquan = 17
# nvalues = 424                         
# units = specified
# name 0 = scan: Scan Count
# name 1 = timeJ: Julian Days
# name 2 = timeH: Time, Elapsed [hours]
# name 3 = timeM: Time, Elapsed [minutes]
# name 4 = timeS: Time, Elapsed [seconds]
# name 5 = density00: Density [density, kg/m^3]
# name 6 = specc: Specific Conductance [uS/cm]
# name 7 = sal00: Salinity, Practical [PSU]
# name 8 = depSM: Depth [salt water, m], lat = 59.00
# name 9 = oxsolML/L: Oxygen Saturation, Garcia & Gordon [ml/l]
# name 10 = potemp090C: Potential Temperature [ITS-90, deg C]
# name 11 = tv290C: Temperature [ITS-90, deg C]
# name 12 = sigma-é00: Density [sigma-theta, kg/m^3]
# name 13 = n2satML/L: Nitrogen Saturation [ml/l]
# name 14 = par: PAR/Irradiance, Biospherical/Licor
# name 15 = prdM: Pressure, Strain Gauge [db]
# name 16 = flag:  0.000e+00
# span 0 =          1,        424       
# span 1 = 226.701123, 226.702347       
# span 2 =    0.00000,    0.02937       
# span 3 =     0.0000,     1.7625       
# span 4 =      0.000,    105.750       
# span 5 =  1011.7330,  1023.7475       
# span 6 =  25891.396,  48620.978       
# span 7 =    15.9811,    31.0516       
# span 8 =     -0.033,     31.675       
# span 9 =    6.14640,    6.70485       
# span 10 =    11.5623,    12.9022      
# span 11 =    11.5662,    12.9023      
# span 12 =    11.7331,    23.6037      
# span 13 =   11.18029,   12.28619      
# span 14 = 1.6777e+00, 3.5516e+02      
# span 15 =     -0.033,     31.976      
# span 16 = 0.0000e+00, 0.0000e+00      
# interval = seconds: 0.25
# start_time = Aug 14 2014 16:49:37 [Instrument's time stamp, header]
# bad_flag = -9.990e-29
*END*
[from data line 341]
        342 226.702109    0.02368     1.4208     85.250  1022.9777  47618.507    30.4400      2.594    6.16828    12.3942    12.4569    22.9660   11.20863 1.0824e+02      2.618 0.0000e+00
        343 226.702112    0.02375     1.4250     85.500  1023.0172  47681.681    30.4817      2.832    6.17094    12.3677    12.4239    23.0044   11.21256 1.0250e+02      2.859 0.0000e+00
        344 226.702115    0.02382     1.4292     85.750  1023.0505  47734.159    30.5161      3.077    6.17339    12.3427    12.3946    23.0365   11.21624 9.7339e+01      3.107 0.0000e+00
        345 226.702118    0.02389     1.4333     86.000  1023.0795  47779.483    30.5457      3.329    6.17568    12.3180    12.3681    23.0644   11.21970 9.2811e+01      3.360 0.0000e+00
        346 226.702121    0.02396     1.4375     86.250  1023.1060  47820.697    30.5725      3.587    6.17787    12.2921    12.3432    23.0898   11.22303 8.8842e+01      3.621 0.0000e+00
        347 226.702124    0.02403     1.4417     86.500  1023.1321  47861.042    30.5987      3.853    6.18007    12.2637    12.3185    23.1147   11.22637 8.5320e+01      3.889 0.0000e+00
        348 226.702127    0.02410     1.4458     86.750  1023.1584  47901.503    30.6249      4.123    6.18242    12.2328    12.2926    23.1397   11.22997 8.2120e+01      4.162 0.0000e+00
        349 226.702130    0.02417     1.4500     87.000  1023.1850  47942.006    30.6508      4.395    6.18510    12.2019    12.2642    23.1651   11.23412 7.9087e+01      4.436 0.0000e+00
        350 226.702133    0.02424     1.4542     87.250  1023.2128  47984.215    30.6777      4.669    6.18807    12.1738    12.2334    23.1916   11.23874 7.6130e+01      4.713 0.0000e+00
        351 226.702135    0.02431     1.4583     87.500  1023.2407  48026.507    30.7047      4.946    6.19105    12.1488    12.2026    23.2182   11.24336 7.3225e+01      4.993 0.0000e+00
        352 226.702138    0.02438     1.4625     87.750  1023.2645  48062.041    30.7271      5.228    6.19383    12.1257    12.1745    23.2408   11.24772 7.0358e+01      5.278 0.0000e+00
        353 226.702141    0.02444     1.4667     88.000  1023.2832  48088.858    30.7436      5.517    6.19645    12.1039    12.1495    23.2582   11.25187 6.7505e+01      5.569 0.0000e+00
        354 226.702144    0.02451     1.4708     88.250  1023.2992  48111.024    30.7569      5.812    6.19895    12.0842    12.1264    23.2728   11.25587 6.4662e+01      5.867 0.0000e+00
        355 226.702147    0.02458     1.4750     88.500  1023.3138  48130.931    30.7688      6.111    6.20132    12.0666    12.1047    23.2861   11.25967 6.1857e+01      6.169 0.0000e+00
        356 226.702150    0.02465     1.4792     88.750  1023.3265  48147.782    30.7788      6.411    6.20352    12.0505    12.0850    23.2974   11.26320 5.9127e+01      6.471 0.0000e+00
        357 226.702153    0.02472     1.4833     89.000  1023.3365  48160.377    30.7859      6.707    6.20553    12.0342    12.0674    23.3061   11.26646 5.6495e+01      6.771 0.0000e+00
        358 226.702156    0.02479     1.4875     89.250  1023.3441  48168.742    30.7901      7.000    6.20748    12.0164    12.0513    23.3124   11.26964 5.3948e+01      7.066 0.0000e+00
        359 226.702159    0.02486     1.4917     89.500  1023.3504  48174.839    30.7927      7.292    6.20951    11.9970    12.0351    23.3174   11.27298 5.1465e+01      7.361 0.0000e+00
        360 226.702161    0.02493     1.4958     89.750  1023.3579  48182.725    30.7965      7.585    6.21170    11.9775    12.0173    23.3235   11.27657 4.9057e+01      7.657 0.0000e+00
        361 226.702164    0.02500     1.5000     90.000  1023.3681  48195.129    30.8032      7.879    6.21398    11.9597    11.9979    23.3323   11.28028 4.6748e+01      7.954 0.0000e+00
        362 226.702167    0.02507     1.5042     90.250  1023.3801  48211.003    30.8124      8.175    6.21617    11.9444    11.9785    23.3430   11.28380 4.4524e+01      8.252 0.0000e+00
        363 226.702170    0.02514     1.5083     90.500  1023.3925  48227.931    30.8226      8.475    6.21810    11.9313    11.9608    23.3541   11.28689 4.2359e+01      8.555 0.0000e+00
        364 226.702173    0.02521     1.5125     90.750  1023.4044  48244.207    30.8325      8.781    6.21972    11.9194    11.9455    23.3646   11.28946 4.0246e+01      8.865 0.0000e+00
        365 226.702176    0.02528     1.5167     91.000  1023.4148  48258.259    30.8410      9.095    6.22110    11.9075    11.9325    23.3736   11.29165 3.8196e+01      9.181 0.0000e+00
        366 226.702179    0.02535     1.5208     91.250  1023.4237  48269.623    30.8477      9.416    6.22240    11.8949    11.9206    23.3810   11.29373 3.6221e+01      9.505 0.0000e+00
        367 226.702182    0.02542     1.5250     91.500  1023.4322  48280.144    30.8539      9.744    6.22373    11.8820    11.9087    23.3879   11.29586 3.4321e+01      9.836 0.0000e+00
        368 226.702185    0.02549     1.5292     91.750  1023.4412  48291.537    30.8606     10.080    6.22512    11.8692    11.8962    23.3954   11.29808 3.2490e+01     10.175 0.0000e+00
        369 226.702188    0.02556     1.5333     92.000  1023.4511  48304.518    30.8683     10.423    6.22651    11.8573    11.8833    23.4038   11.30031 3.0738e+01     10.521 0.0000e+00
        370 226.702190    0.02562     1.5375     92.250  1023.4621  48319.353    30.8774     10.770    6.22783    11.8465    11.8705    23.4132   11.30239 2.9087e+01     10.872 0.0000e+00
        371 226.702193    0.02569     1.5417     92.500  1023.4732  48334.579    30.8869     11.122    6.22903    11.8363    11.8587    23.4227   11.30426 2.7551e+01     11.227 0.0000e+00
        372 226.702196    0.02576     1.5458     92.750  1023.4833  48348.203    30.8954     11.475    6.23011    11.8257    11.8479    23.4312   11.30596 2.6126e+01     11.583 0.0000e+00
        373 226.702199    0.02583     1.5500     93.000  1023.4924  48360.130    30.9026     11.831    6.23117    11.8145    11.8377    23.4387   11.30764 2.4784e+01     11.942 0.0000e+00
        374 226.702202    0.02590     1.5542     93.250  1023.5015  48371.875    30.9097     12.192    6.23228    11.8031    11.8272    23.4461   11.30940 2.3482e+01     12.307 0.0000e+00
        375 226.702205    0.02597     1.5583     93.500  1023.5113  48384.699    30.9175     12.562    6.23346    11.7927    11.8160    23.4542   11.31125 2.2210e+01     12.680 0.0000e+00
        376 226.702208    0.02604     1.5625     93.750  1023.5214  48398.073    30.9257     12.941    6.23462    11.7834    11.8047    23.4626   11.31309 2.0983e+01     13.063 0.0000e+00
        377 226.702211    0.02611     1.5667     94.000  1023.5309  48410.393    30.9333     13.329    6.23571    11.7751    11.7943    23.4704   11.31480 1.9811e+01     13.455 0.0000e+00
        378 226.702214    0.02618     1.5708     94.250  1023.5392  48420.757    30.9395     13.724    6.23668    11.7676    11.7851    23.4769   11.31634 1.8699e+01     13.854 0.0000e+00
        379 226.702216    0.02625     1.5750     94.500  1023.5465  48429.445    30.9447     14.126    6.23757    11.7608    11.7768    23.4824   11.31775 1.7653e+01     14.259 0.0000e+00
        380 226.702219    0.02632     1.5792     94.750  1023.5533  48437.182    30.9493     14.532    6.23838    11.7550    11.7694    23.4873   11.31904 1.6683e+01     14.669 0.0000e+00
        381 226.702222    0.02639     1.5833     95.000  1023.5596  48444.246    30.9534     14.940    6.23910    11.7501    11.7627    23.4918   11.32019 1.5785e+01     15.082 0.0000e+00
        382 226.702225    0.02646     1.5875     95.250  1023.5654  48450.561    30.9572     15.349    6.23972    11.7460    11.7569    23.4957   11.32117 1.4949e+01     15.494 0.0000e+00
        383 226.702228    0.02653     1.5917     95.500  1023.5707  48456.207    30.9605     15.757    6.24023    11.7424    11.7521    23.4992   11.32198 1.4164e+01     15.906 0.0000e+00
        384 226.702231    0.02660     1.5958     95.750  1023.5756  48461.248    30.9635     16.165    6.24065    11.7389    11.7480    23.5023   11.32265 1.3427e+01     16.318 0.0000e+00
        385 226.702234    0.02667     1.6000     96.000  1023.5802  48465.692    30.9661     16.574    6.24102    11.7353    11.7444    23.5050   11.32324 1.2729e+01     16.731 0.0000e+00
        386 226.702237    0.02674     1.6042     96.250  1023.5845  48469.672    30.9684     16.984    6.24138    11.7312    11.7410    23.5074   11.32381 1.2063e+01     17.145 0.0000e+00
        387 226.702240    0.02681     1.6083     96.500  1023.5886  48473.260    30.9705     17.395    6.24178    11.7265    11.7374    23.5096   11.32444 1.1427e+01     17.560 0.0000e+00
        388 226.702242    0.02688     1.6125     96.750  1023.5926  48476.664    30.9723     17.806    6.24223    11.7212    11.7334    23.5117   11.32517 1.0820e+01     17.975 0.0000e+00
        389 226.702245    0.02694     1.6167     97.000  1023.5967  48480.123    30.9741     18.216    6.24277    11.7152    11.7288    23.5140   11.32605 1.0248e+01     18.389 0.0000e+00
        390 226.702248    0.02701     1.6208     97.250  1023.6009  48483.527    30.9758     18.626    6.24341    11.7086    11.7234    23.5163   11.32709 9.7157e+00     18.803 0.0000e+00
        391 226.702251    0.02708     1.6250     97.500  1023.6051  48487.067    30.9775     19.036    6.24414    11.7019    11.7175    23.5187   11.32827 9.2201e+00     19.217 0.0000e+00
        392 226.702254    0.02715     1.6292     97.750  1023.6100  48491.547    30.9799     19.445    6.24491    11.6956    11.7110    23.5217   11.32952 8.7563e+00     19.630 0.0000e+00
        393 226.702257    0.02722     1.6333     98.000  1023.6155  48497.317    30.9831     19.854    6.24566    11.6899    11.7044    23.5254   11.33072 8.3191e+00     20.043 0.0000e+00
        394 226.702260    0.02729     1.6375     98.250  1023.6215  48503.797    30.9869     20.264    6.24634    11.6849    11.6981    23.5295   11.33181 7.9024e+00     20.456 0.0000e+00
        395 226.702263    0.02736     1.6417     98.500  1023.6274  48510.445    30.9908     20.675    6.24693    11.6807    11.6924    23.5336   11.33275 7.5006e+00     20.870 0.0000e+00
        396 226.702266    0.02743     1.6458     98.750  1023.6333  48517.097    30.9949     21.086    6.24743    11.6773    11.6875    23.5377   11.33353 7.1141e+00     21.286 0.0000e+00
        397 226.702269    0.02750     1.6500     99.000  1023.6390  48523.474    30.9988     21.498    6.24783    11.6748    11.6833    23.5415   11.33414 6.7457e+00     21.702 0.0000e+00
        398 226.702271    0.02757     1.6542     99.250  1023.6444  48529.477    31.0026     21.911    6.24812    11.6731    11.6800    23.5450   11.33458 6.3951e+00     22.119 0.0000e+00
        399 226.702274    0.02764     1.6583     99.500  1023.6497  48535.352    31.0063     22.324    6.24830    11.6720    11.6775    23.5483   11.33483 6.0619e+00     22.536 0.0000e+00
        400 226.702277    0.02771     1.6625     99.750  1023.6547  48540.975    31.0100     22.738    6.24838    11.6713    11.6758    23.5514   11.33492 5.7457e+00     22.954 0.0000e+00
        401 226.702280    0.02778     1.6667    100.000  1023.6593  48545.883    31.0132     23.153    6.24839    11.6709    11.6748    23.5541   11.33491 5.4442e+00     23.373 0.0000e+00
        402 226.702283    0.02785     1.6708    100.250  1023.6633  48549.886    31.0158     23.569    6.24836    11.6703    11.6742    23.5563   11.33484 5.1565e+00     23.793 0.0000e+00
        403 226.702286    0.02792     1.6750    100.500  1023.6667  48552.858    31.0177     23.985    6.24834    11.6694    11.6738    23.5578   11.33478 4.8835e+00     24.213 0.0000e+00
        404 226.702289    0.02799     1.6792    100.750  1023.6696  48554.808    31.0188     24.401    6.24836    11.6678    11.6733    23.5588   11.33480 4.6248e+00     24.633 0.0000e+00
        405 226.702292    0.02806     1.6833    101.000  1023.6724  48556.431    31.0197     24.819    6.24845    11.6654    11.6724    23.5597   11.33493 4.3787e+00     25.055 0.0000e+00
        406 226.702295    0.02813     1.6875    101.250  1023.6755  48558.617    31.0209     25.238    6.24862    11.6626    11.6708    23.5609   11.33519 4.1441e+00     25.477 0.0000e+00
        407 226.702297    0.02819     1.6917    101.500  1023.6792  48561.628    31.0227     25.658    6.24885    11.6594    11.6685    23.5627   11.33555 3.9211e+00     25.902 0.0000e+00
        408 226.702300    0.02826     1.6958    101.750  1023.6834  48565.455    31.0249     26.078    6.24913    11.6560    11.6658    23.5650   11.33599 3.7105e+00     26.326 0.0000e+00
        409 226.702303    0.02833     1.7000    102.000  1023.6880  48570.087    31.0277     26.499    6.24943    11.6522    11.6627    23.5677   11.33646 3.5127e+00     26.751 0.0000e+00
        410 226.702306    0.02840     1.7042    102.250  1023.6928  48574.943    31.0306     26.919    6.24977    11.6476    11.6593    23.5706   11.33698 3.3262e+00     27.175 0.0000e+00
        411 226.702309    0.02847     1.7083    102.500  1023.6975  48579.497    31.0333     27.339    6.25016    11.6423    11.6555    23.5733   11.33761 3.1487e+00     27.599 0.0000e+00
        412 226.702312    0.02854     1.7125    102.750  1023.7021  48583.942    31.0358     27.758    6.25066    11.6364    11.6510    23.5761   11.33840 2.9796e+00     28.022 0.0000e+00
        413 226.702315    0.02861     1.7167    103.000  1023.7070  48588.685    31.0385     28.177    6.25126    11.6305    11.6457    23.5791   11.33936 2.8174e+00     28.445 0.0000e+00
        414 226.702318    0.02868     1.7208    103.250  1023.7122  48593.744    31.0413     28.594    6.25192    11.6249    11.6399    23.5824   11.34043 2.6612e+00     28.865 0.0000e+00
        415 226.702321    0.02875     1.7250    103.500  1023.7171  48598.485    31.0439     29.008    6.25259    11.6193    11.6341    23.5855   11.34151 2.5126e+00     29.284 0.0000e+00
        416 226.702323    0.02882     1.7292    103.750  1023.7216  48602.358    31.0459     29.418    6.25326    11.6132    11.6285    23.5880   11.34259 2.3721e+00     29.698 0.0000e+00
        417 226.702326    0.02889     1.7333    104.000  1023.7255  48605.347    31.0472     29.822    6.25395    11.6061    11.6229    23.5901   11.34372 2.2386e+00     30.106 0.0000e+00
        418 226.702329    0.02896     1.7375    104.250  1023.7288  48607.388    31.0479     30.215    6.25472    11.5974    11.6169    23.5917   11.34499 2.1125e+00     30.503 0.0000e+00
        419 226.702332    0.02903     1.7417    104.500  1023.7319  48608.757    31.0480     30.591    6.25565    11.5872    11.6099    23.5930   11.34654 1.9944e+00     30.882 0.0000e+00
        420 226.702335    0.02910     1.7458    104.750  1023.7351  48610.365    31.0481     30.940    6.25680    11.5763    11.6013    23.5946   11.34844 1.8852e+00     31.234 0.0000e+00
        421 226.702338    0.02917     1.7500    105.000  1023.7385  48612.358    31.0483     31.245    6.25815    11.5666    11.5911    23.5966   11.35068 1.7890e+00     31.542 0.0000e+00
        422 226.702341    0.02924     1.7542    105.250  1023.7419  48614.831    31.0488     31.482    6.25958    11.5623    11.5802    23.5990   11.35304 1.7193e+00     31.781 0.0000e+00
        423 226.702344    0.02931     1.7583    105.500  1023.7456  48618.639    31.0504     31.627    6.26081 -9.990e-29    11.5704    23.6020   11.35507 1.6856e+00     31.928 0.0000e+00
        424 226.702347    0.02937     1.7625    105.750  1023.7475  48620.978    31.0516     31.675    6.26133 -9.990e-29    11.5662    23.6037   11.35592 1.6777e+00     31.976 0.0000e+00
