CTD-processing/allCTD/CNV--homogene/2014_05-28_t9_s10_cast053.cnv
* Sea-Bird SBE19plus Data File:
* FileName = C:\Users\kris.holderied\Documents\kasitsna\Research-Projects-and-Data\Oceanography-AK\CTD-Data-ALL-to-2014-03\2014-CTD-KachemakBay-CookInlet\2014-05-28-CookInlet-HomerSpit-monthly\2014-05-28-CookInlet_T9_HomerSpit-cast053.hex
* Software Version 1.59
* Temperature SN =  5028
* Conductivity SN =  5028
* System UpLoad Time = Jul 21 2014 00:21:16
** Cook Inlet LTM Transect 9  (Homer Spit) South to North
** Date: 2014-05-28
** Station: 9-10
** Start time: 17:21
** Depth (m): 64
** Comment:  CTD time is Alaska Daylight time
** Comment:
# nquan = 17
# nvalues = 484                         
# units = specified
# name 0 = scan: Scan Count
# name 1 = timeJ: Julian Days
# name 2 = timeH: Time, Elapsed [hours]
# name 3 = timeM: Time, Elapsed [minutes]
# name 4 = timeS: Time, Elapsed [seconds]
# name 5 = density00: Density [density, kg/m^3]
# name 6 = specc: Specific Conductance [uS/cm]
# name 7 = sal00: Salinity, Practical [PSU]
# name 8 = depSM: Depth [salt water, m], lat = 59.00
# name 9 = oxsolML/L: Oxygen Saturation, Garcia & Gordon [ml/l]
# name 10 = potemp090C: Potential Temperature [ITS-90, deg C]
# name 11 = tv290C: Temperature [ITS-90, deg C]
# name 12 = sigma-é00: Density [sigma-theta, kg/m^3]
# name 13 = n2satML/L: Nitrogen Saturation [ml/l]
# name 14 = par: PAR/Irradiance, Biospherical/Licor
# name 15 = prdM: Pressure, Strain Gauge [db]
# name 16 = flag:  0.000e+00
# span 0 =          1,        484       
# span 1 = 148.722882, 148.724280       
# span 2 =    0.00000,    0.03354       
# span 3 =     0.0000,     2.0125       
# span 4 =      0.000,    120.750       
# span 5 =  1000.5212,  1025.3682       
# span 6 =   1765.780,  51002.483       
# span 7 =     0.8974,    31.8157       
# span 8 =      0.012,     61.860       
# span 9 =    6.52048,    8.12312       
# span 10 =     5.6458,     9.8668      
# span 11 =     5.6506,     9.8669      
# span 12 =     0.5211,    25.0791      
# span 13 =   11.79261,   14.87323      
# span 14 = 4.6860e-02, 3.5041e+02      
# span 15 =      0.012,     62.453      
# span 16 = 0.0000e+00, 0.0000e+00      
# interval = seconds: 0.25
# start_time = May 28 2014 17:20:57 [Instrument's time stamp, header]
# bad_flag = -9.990e-29
*END*
[from data line 86]
         87 148.723131    0.00597     0.3583     21.500  1023.6943  48444.666    30.6515      0.689    6.61517     9.1580     9.1574    23.6912   11.94708 3.4618e+02      0.695 0.0000e+00
         88 148.723134    0.00604     0.3625     21.750  1023.6947  48445.543    30.6521      0.676    6.61509     9.1594     9.1577    23.6916   11.94695 3.4775e+02      0.682 0.0000e+00
         89 148.723137    0.00611     0.3667     22.000  1023.6963  48448.450    30.6542      0.663    6.61495     9.1626     9.1581    23.6932   11.94670 3.4830e+02      0.669 0.0000e+00
         90 148.723139    0.00618     0.3708     22.250  1023.6980  48451.806    30.6568      0.657    6.61464     9.1673     9.1594    23.6950   11.94615 3.4358e+02      0.663 0.0000e+00
         91 148.723142    0.00625     0.3750     22.500  1023.6985  48452.984    30.6580      0.660    6.61411     9.1721     9.1627    23.6955   11.94526 3.3276e+02      0.666 0.0000e+00
         92 148.723145    0.00632     0.3792     22.750  1023.6964  48449.370    30.6561      0.672    6.61350     9.1756     9.1674    23.6933   11.94428 3.2574e+02      0.678 0.0000e+00
         93 148.723148    0.00639     0.3833     23.000  1023.6916  48440.899    30.6508      0.686    6.61303     9.1772     9.1722    23.6884   11.94355 3.2786e+02      0.693 0.0000e+00
         94 148.723151    0.00646     0.3875     23.250  1023.6863  48431.440    30.6447      0.697    6.61276     9.1766     9.1757    23.6831   11.94319 3.3362e+02      0.703 0.0000e+00
         95 148.723154    0.00653     0.3917     23.500  1023.6829  48425.505    30.6407      0.700    6.61270     9.1743     9.1773    23.6797   11.94312 3.3624e+02      0.707 0.0000e+00
         96 148.723157    0.00660     0.3958     23.750  1023.6828  48425.276    30.6405      0.697    6.61281     9.1721     9.1766    23.6796   11.94331 3.3719e+02      0.704 0.0000e+00
         97 148.723160    0.00667     0.4000     24.000  1023.6856  48430.294    30.6437      0.693    6.61300     9.1715     9.1744    23.6825   11.94359 3.4164e+02      0.700 0.0000e+00
         98 148.723163    0.00674     0.4042     24.250  1023.6901  48438.186    30.6489      0.693    6.61310     9.1731     9.1722    23.6869   11.94369 3.4532e+02      0.700 0.0000e+00
         99 148.723166    0.00681     0.4083     24.500  1023.6946  48446.253    30.6545      0.701    6.61295     9.1769     9.1716    23.6913   11.94339 3.4021e+02      0.708 0.0000e+00
        100 148.723168    0.00688     0.4125     24.750  1023.6978  48452.213    30.6589      0.724    6.61253     9.1816     9.1732    23.6945   11.94263 3.2866e+02      0.731 0.0000e+00
        101 148.723171    0.00694     0.4167     25.000  1023.6976  48451.817    30.6591      0.758    6.61196     9.1850     9.1770    23.6941   11.94169 3.2130e+02      0.765 0.0000e+00
        102 148.723174    0.00701     0.4208     25.250  1023.6932  48443.963    30.6542      0.795    6.61148     9.1858     9.1817    23.6896   11.94095 3.2238e+02      0.802 0.0000e+00
        103 148.723177    0.00708     0.4250     25.500  1023.6885  48435.494    30.6487      0.824    6.61121     9.1843     9.1851    23.6848   11.94058 3.2464e+02      0.832 0.0000e+00
        104 148.723180    0.00715     0.4292     25.750  1023.6863  48431.285    30.6458      0.844    6.61122     9.1815     9.1859    23.6824   11.94062 3.2299e+02      0.852 0.0000e+00
        105 148.723183    0.00722     0.4333     26.000  1023.6862  48430.864    30.6454      0.853    6.61145     9.1782     9.1844    23.6822   11.94102 3.2052e+02      0.861 0.0000e+00
        106 148.723186    0.00729     0.4375     26.250  1023.6875  48432.965    30.6465      0.856    6.61182     9.1752     9.1816    23.6835   11.94161 3.2034e+02      0.864 0.0000e+00
        107 148.723189    0.00736     0.4417     26.500  1023.6895  48436.397    30.6484      0.855    6.61223     9.1734     9.1783    23.6856   11.94226 3.2315e+02      0.863 0.0000e+00
        108 148.723192    0.00743     0.4458     26.750  1023.6917  48440.163    30.6507      0.854    6.61256     9.1731     9.1753    23.6878   11.94278 3.2636e+02      0.862 0.0000e+00
        109 148.723194    0.00750     0.4500     27.000  1023.6934  48443.148    30.6525      0.853    6.61275     9.1745     9.1735    23.6895   11.94308 3.2503e+02      0.861 0.0000e+00
        110 148.723197    0.00757     0.4542     27.250  1023.6939  48444.082    30.6531      0.852    6.61277     9.1769     9.1732    23.6900   11.94310 3.1993e+02      0.860 0.0000e+00
        111 148.723200    0.00764     0.4583     27.500  1023.6928  48442.141    30.6519      0.851    6.61262     9.1798     9.1746    23.6889   11.94287 3.1763e+02      0.859 0.0000e+00
        112 148.723203    0.00771     0.4625     27.750  1023.6905  48438.036    30.6494      0.851    6.61237     9.1830     9.1770    23.6866   11.94248 3.1931e+02      0.859 0.0000e+00
        113 148.723206    0.00778     0.4667     28.000  1023.6880  48433.707    30.6467      0.853    6.61206     9.1869     9.1799    23.6841   11.94200 3.1862e+02      0.861 0.0000e+00
        114 148.723209    0.00785     0.4708     28.250  1023.6860  48430.411    30.6449      0.858    6.61167     9.1914     9.1831    23.6821   11.94137 3.1381e+02      0.866 0.0000e+00
        115 148.723212    0.00792     0.4750     28.500  1023.6844  48427.661    30.6435      0.867    6.61116     9.1959     9.1870    23.6804   11.94054 3.1063e+02      0.875 0.0000e+00
        116 148.723215    0.00799     0.4792     28.750  1023.6822  48424.009    30.6415      0.878    6.61058     9.1994     9.1915    23.6782   11.93960 3.1254e+02      0.886 0.0000e+00
        117 148.723218    0.00806     0.4833     29.000  1023.6791  48418.694    30.6384      0.886    6.61005     9.2011     9.1960    23.6750   11.93877 3.1663e+02      0.894 0.0000e+00
        118 148.723220    0.00813     0.4875     29.250  1023.6761  48413.513    30.6352      0.886    6.60967     9.2010     9.1995    23.6720   11.93818 3.1875e+02      0.894 0.0000e+00
        119 148.723223    0.00819     0.4917     29.500  1023.6752  48412.049    30.6344      0.876    6.60946     9.2002     9.2012    23.6711   11.93783 3.1649e+02      0.884 0.0000e+00
        120 148.723226    0.00826     0.4958     29.750  1023.6775  48416.347    30.6374      0.859    6.60935     9.2011     9.2010    23.6735   11.93762 3.1037e+02      0.867 0.0000e+00
        121 148.723229    0.00833     0.5000     30.000  1023.6823  48425.170    30.6435      0.843    6.60920     9.2048     9.2003    23.6784   11.93729 3.0541e+02      0.851 0.0000e+00
        122 148.723232    0.00840     0.5042     30.250  1023.6870  48434.045    30.6498      0.835    6.60880     9.2105     9.2012    23.6832   11.93657 3.0497e+02      0.843 0.0000e+00
        123 148.723235    0.00847     0.5083     30.500  1023.6886  48437.202    30.6525      0.840    6.60813     9.2159     9.2049    23.6848   11.93543 3.0757e+02      0.848 0.0000e+00
        124 148.723238    0.00854     0.5125     30.750  1023.6850  48431.047    30.6490      0.856    6.60744     9.2185     9.2106    23.6811   11.93433 3.1046e+02      0.864 0.0000e+00
        125 148.723241    0.00861     0.5167     31.000  1023.6778  48418.146    30.6406      0.878    6.60702     9.2170     9.2160    23.6737   11.93372 3.1100e+02      0.886 0.0000e+00
        126 148.723244    0.00868     0.5208     31.250  1023.6714  48406.643    30.6329      0.895    6.60696     9.2116     9.2186    23.6673   11.93372 3.0905e+02      0.903 0.0000e+00
        127 148.723247    0.00875     0.5250     31.500  1023.6698  48403.515    30.6305      0.901    6.60728     9.2047     9.2171    23.6657   11.93429 3.0861e+02      0.909 0.0000e+00
        128 148.723249    0.00882     0.5292     31.750  1023.6736  48410.046    30.6344      0.894    6.60792     9.1994     9.2116    23.6695   11.93529 3.1361e+02      0.902 0.0000e+00
        129 148.723252    0.00889     0.5333     32.000  1023.6807  48422.443    30.6422      0.877    6.60859     9.1974     9.2048    23.6767   11.93631 3.2126e+02      0.885 0.0000e+00
        130 148.723255    0.00896     0.5375     32.250  1023.6878  48435.039    30.6503      0.857    6.60902     9.1989     9.1995    23.6838   11.93693 3.2386e+02      0.865 0.0000e+00
        131 148.723258    0.00903     0.5417     32.500  1023.6924  48443.462    30.6560      0.840    6.60909     9.2032     9.1975    23.6885   11.93696 3.1957e+02      0.848 0.0000e+00
        132 148.723261    0.00910     0.5458     32.750  1023.6935  48445.740    30.6578      0.833    6.60879     9.2084     9.1990    23.6897   11.93644 3.1407e+02      0.841 0.0000e+00
        133 148.723264    0.00917     0.5500     33.000  1023.6910  48441.484    30.6554      0.835    6.60825     9.2124     9.2033    23.6872   11.93558 3.1105e+02      0.843 0.0000e+00
        134 148.723267    0.00924     0.5542     33.250  1023.6855  48431.781    30.6493      0.843    6.60775     9.2137     9.2085    23.6816   11.93482 3.1190e+02      0.851 0.0000e+00
        135 148.723270    0.00931     0.5583     33.500  1023.6792  48420.492    30.6419      0.851    6.60748     9.2116     9.2125    23.6752   11.93447 3.1801e+02      0.859 0.0000e+00
        136 148.723273    0.00937     0.5625     33.750  1023.6751  48413.142    30.6369      0.856    6.60750     9.2069     9.2138    23.6711   11.93457 3.2358e+02      0.864 0.0000e+00
        137 148.723275    0.00944     0.5667     34.000  1023.6752  48413.188    30.6366      0.855    6.60782     9.2015     9.2117    23.6713   11.93510 3.2239e+02      0.863 0.0000e+00
        138 148.723278    0.00951     0.5708     34.250  1023.6792  48420.076    30.6408      0.851    6.60833     9.1970     9.2070    23.6753   11.93590 3.1826e+02      0.858 0.0000e+00
        139 148.723281    0.00958     0.5750     34.500  1023.6851  48430.404    30.6473      0.845    6.60885     9.1940     9.2016    23.6812   11.93667 3.1601e+02      0.852 0.0000e+00
        140 148.723284    0.00965     0.5792     34.750  1023.6906  48440.161    30.6536      0.840    6.60923     9.1920     9.1971    23.6867   11.93724 3.1455e+02      0.847 0.0000e+00
        141 148.723287    0.00972     0.5833     35.000  1023.6943  48446.657    30.6578      0.837    6.60950     9.1903     9.1941    23.6905   11.93762 3.1328e+02      0.844 0.0000e+00
        142 148.723290    0.00979     0.5875     35.250  1023.6959  48449.319    30.6594      0.836    6.60972     9.1883     9.1921    23.6920   11.93798 3.1534e+02      0.844 0.0000e+00
        143 148.723293    0.00986     0.5917     35.500  1023.6959  48449.253    30.6591      0.837    6.60999     9.1861     9.1904    23.6921   11.93843 3.2013e+02      0.845 0.0000e+00
        144 148.723296    0.00993     0.5958     35.750  1023.6956  48448.501    30.6583      0.840    6.61031     9.1835     9.1884    23.6917   11.93896 3.2158e+02      0.848 0.0000e+00
        145 148.723299    0.01000     0.6000     36.000  1023.6961  48449.078    30.6584      0.845    6.61063     9.1806     9.1862    23.6922   11.93949 3.1716e+02      0.852 0.0000e+00
        146 148.723302    0.01007     0.6042     36.250  1023.6978  48452.041    30.6601      0.851    6.61095     9.1780     9.1836    23.6939   11.93999 3.1093e+02      0.858 0.0000e+00
        147 148.723304    0.01014     0.6083     36.500  1023.7007  48457.060    30.6632      0.856    6.61123     9.1756     9.1807    23.6968   11.94042 3.0697e+02      0.864 0.0000e+00
        148 148.723307    0.01021     0.6125     36.750  1023.7039  48462.624    30.6668      0.859    6.61147     9.1732     9.1781    23.7000   11.94077 3.0712e+02      0.867 0.0000e+00
        149 148.723310    0.01028     0.6167     37.000  1023.7066  48467.301    30.6698      0.859    6.61169     9.1708     9.1757    23.7026   11.94111 3.1059e+02      0.867 0.0000e+00
        150 148.723313    0.01035     0.6208     37.250  1023.7086  48470.700    30.6718      0.856    6.61196     9.1685     9.1733    23.7046   11.94152 3.1077e+02      0.864 0.0000e+00
        151 148.723316    0.01042     0.6250     37.500  1023.7099  48472.920    30.6730      0.852    6.61226     9.1665     9.1709    23.7060   11.94201 3.0485e+02      0.860 0.0000e+00
        152 148.723319    0.01049     0.6292     37.750  1023.7107  48474.247    30.6737      0.848    6.61257     9.1646     9.1686    23.7068   11.94251 3.0006e+02      0.856 0.0000e+00
        153 148.723322    0.01056     0.6333     38.000  1023.7115  48475.498    30.6743      0.846    6.61284     9.1626     9.1666    23.7076   11.94296 3.0201e+02      0.854 0.0000e+00
        154 148.723325    0.01063     0.6375     38.250  1023.7127  48477.577    30.6755      0.846    6.61307     9.1604     9.1647    23.7088   11.94333 3.0896e+02      0.854 0.0000e+00
        155 148.723328    0.01069     0.6417     38.500  1023.7145  48480.651    30.6774      0.849    6.61328     9.1581     9.1627    23.7106   11.94366 3.1429e+02      0.857 0.0000e+00
        156 148.723330    0.01076     0.6458     38.750  1023.7165  48484.107    30.6795      0.853    6.61352     9.1559     9.1605    23.7126   11.94402 3.1379e+02      0.861 0.0000e+00
        157 148.723333    0.01083     0.6500     39.000  1023.7183  48487.123    30.6813      0.856    6.61378     9.1541     9.1582    23.7143   11.94443 3.0911e+02      0.864 0.0000e+00
        158 148.723336    0.01090     0.6542     39.250  1023.7195  48489.216    30.6824      0.857    6.61404     9.1525     9.1560    23.7156   11.94485 3.0261e+02      0.865 0.0000e+00
        159 148.723339    0.01097     0.6583     39.500  1023.7205  48490.759    30.6833      0.853    6.61428     9.1512     9.1542    23.7165   11.94523 2.9837e+02      0.861 0.0000e+00
        160 148.723342    0.01104     0.6625     39.750  1023.7216  48492.681    30.6844      0.846    6.61446     9.1503     9.1526    23.7176   11.94552 2.9874e+02      0.854 0.0000e+00
        161 148.723345    0.01111     0.6667     40.000  1023.7230  48495.199    30.6860      0.839    6.61459     9.1500     9.1513    23.7191   11.94571 3.0039e+02      0.847 0.0000e+00
        162 148.723348    0.01118     0.6708     40.250  1023.7241  48497.271    30.6873      0.835    6.61467     9.1508     9.1503    23.7203   11.94583 3.0090e+02      0.843 0.0000e+00
        163 148.723351    0.01125     0.6750     40.500  1023.7242  48497.469    30.6874      0.835    6.61470     9.1521     9.1501    23.7204   11.94587 3.0178e+02      0.843 0.0000e+00
        164 148.723354    0.01132     0.6792     40.750  1023.7230  48495.326    30.6861      0.837    6.61464     9.1530     9.1509    23.7192   11.94580 3.0514e+02      0.846 0.0000e+00
        165 148.723356    0.01139     0.6833     41.000  1023.7213  48492.237    30.6841      0.838    6.61455     9.1534     9.1521    23.7174   11.94566 3.0939e+02      0.847 0.0000e+00
        166 148.723359    0.01146     0.6875     41.250  1023.7202  48490.312    30.6828      0.834    6.61447     9.1542     9.1530    23.7163   11.94555 3.0974e+02      0.842 0.0000e+00
        167 148.723362    0.01153     0.6917     41.500  1023.7200  48490.135    30.6828      0.824    6.61440     9.1560     9.1535    23.7162   11.94544 3.0467e+02      0.832 0.0000e+00
        168 148.723365    0.01160     0.6958     41.750  1023.7202  48490.588    30.6832      0.812    6.61428     9.1594     9.1542    23.7164   11.94523 2.9786e+02      0.820 0.0000e+00
        169 148.723368    0.01167     0.7000     42.000  1023.7198  48490.133    30.6831      0.804    6.61401     9.1639     9.1561    23.7161   11.94478 2.9297e+02      0.811 0.0000e+00
        170 148.723371    0.01174     0.7042     42.250  1023.7181  48487.422    30.6817      0.803    6.61357     9.1679     9.1595    23.7145   11.94406 2.9126e+02      0.810 0.0000e+00
