CTD-processing/allCTD/CNV--homogene/2014_07-22_t3_s12_cast184.cnv
* Sea-Bird SBE19plus Data File:
* FileName = C:\Users\kris.holderied\Documents\kasitsna\Research-Projects-and-Data\Oceanography-AK\CTD-Data-ALL-to-2014-06\2014-CTD-KachemakBay-CookInlet\2014-07-EVOSTC-CookInlet-quarterly\2014-07-22-CookInlet-Tran3-AnchorPt\2014-07-22-CookInlet-Tran3-cast184.hex
* Software Version 1.59
* Temperature SN =  4141
* Conductivity SN =  4141
* System UpLoad Time = Jul 22 2014 17:36:42
** Cook Inlet LTM Transect 3 (Anchor Pt) East to West
** Date: 07-22
** Station: 3-12
** Start time: 09:48
** Depth (m): 36
** Comment:  CTD time is Alaska Daylight time. CTD descent time=25 sec.
** Comment:
# nquan = 17
# nvalues = 485                         
# units = specified
# name 0 = scan: Scan Count
# name 1 = timeJ: Julian Days
# name 2 = timeH: Time, Elapsed [hours]
# name 3 = timeM: Time, Elapsed [minutes]
# name 4 = timeS: Time, Elapsed [seconds]
# name 5 = density00: Density [density, kg/m^3]
# name 6 = specc: Specific Conductance [uS/cm]
# name 7 = sal00: Salinity, Practical [PSU]
# name 8 = depSM: Depth [salt water, m], lat = 59.00
# name 9 = oxsolML/L: Oxygen Saturation, Garcia & Gordon [ml/l]
# name 10 = potemp090C: Potential Temperature [ITS-90, deg C]
# name 11 = tv290C: Temperature [ITS-90, deg C]
# name 12 = sigma-é00: Density [sigma-theta, kg/m^3]
# name 13 = n2satML/L: Nitrogen Saturation [ml/l]
# name 14 = par: PAR/Irradiance, Biospherical/Licor
# name 15 = prdM: Pressure, Strain Gauge [db]
# name 16 = flag:  0.000e+00
# span 0 =          1,        485       
# span 1 = 203.408565, 203.409965       
# span 2 =    0.00000,    0.03361       
# span 3 =     0.0000,     2.0167       
# span 4 =      0.000,    121.000       
# span 5 =   999.8754,  1024.0595       
# span 6 =    674.817,  49086.033       
# span 7 =     0.3246,    31.3033       
# span 8 =     -0.058,     28.159       
# span 9 =    6.35198,    7.72489       
# span 10 =    10.7717,    10.8810      
# span 11 =    10.7749,    10.8810      
# span 12 =    -0.1244,    23.9334      
# span 13 =   11.50344,   14.20883      
# span 14 = 6.6917e-01, 7.1834e+02      
# span 15 =     -0.059,     28.427      
# span 16 = 0.0000e+00, 0.0000e+00      
# interval = seconds: 0.25
# start_time = Jul 22 2014 09:48:20 [Instrument's time stamp, header]
# bad_flag = -9.990e-29
*END*
[from data line 341]
        342 203.409552    0.02368     1.4208     85.250  1023.9303  49056.867    31.2868      1.842    6.35688    10.7899    10.7897    23.9219   11.51156 3.8397e+02      1.859 0.0000e+00
        343 203.409554    0.02375     1.4250     85.500  1023.9302  49056.926    31.2869      1.813    6.35685    10.7901    10.7899    23.9219   11.51152 3.8196e+02      1.830 0.0000e+00
        344 203.409557    0.02382     1.4292     85.750  1023.9302  49056.937    31.2869      1.813    6.35682    10.7904    10.7901    23.9219   11.51147 3.6505e+02      1.830 0.0000e+00
        345 203.409560    0.02389     1.4333     86.000  1023.9303  49056.950    31.2870      1.843    6.35679    10.7905    10.7903    23.9219   11.51142 3.4569e+02      1.861 0.0000e+00
        346 203.409563    0.02396     1.4375     86.250  1023.9305  49056.929    31.2870      1.905    6.35676    10.7906    10.7906    23.9218   11.51136 3.3033e+02      1.923 0.0000e+00
        347 203.409566    0.02403     1.4417     86.500  1023.9307  49056.554    31.2867      1.995    6.35674    10.7904    10.7908    23.9216   11.51134 3.2041e+02      2.013 0.0000e+00
        348 203.409569    0.02410     1.4458     86.750  1023.9307  49055.794    31.2861      2.101    6.35676    10.7899    10.7908    23.9211   11.51137 3.1693e+02      2.120 0.0000e+00
        349 203.409572    0.02417     1.4500     87.000  1023.9308  49055.193    31.2856      2.208    6.35680    10.7894    10.7906    23.9208   11.51145 3.1698e+02      2.228 0.0000e+00
        350 203.409575    0.02424     1.4542     87.250  1023.9313  49055.192    31.2855      2.301    6.35687    10.7889    10.7902    23.9208   11.51156 3.1316e+02      2.323 0.0000e+00
        351 203.409578    0.02431     1.4583     87.500  1023.9319  49055.698    31.2858      2.368    6.35693    10.7887    10.7896    23.9211   11.51166 3.0152e+02      2.390 0.0000e+00
        352 203.409580    0.02438     1.4625     87.750  1023.9324  49056.364    31.2862      2.401    6.35697    10.7885    10.7892    23.9215   11.51173 2.8743e+02      2.423 0.0000e+00
        353 203.409583    0.02444     1.4667     88.000  1023.9328  49056.951    31.2866      2.396    6.35700    10.7885    10.7890    23.9218   11.51176 2.7906e+02      2.418 0.0000e+00
        354 203.409586    0.02451     1.4708     88.250  1023.9328  49057.321    31.2868      2.357    6.35700    10.7887    10.7888    23.9221   11.51177 2.7745e+02      2.378 0.0000e+00
        355 203.409589    0.02458     1.4750     88.500  1023.9326  49057.475    31.2870      2.292    6.35700    10.7889    10.7888    23.9222   11.51176 2.7664e+02      2.313 0.0000e+00
        356 203.409592    0.02465     1.4792     88.750  1023.9323  49057.638    31.2871      2.213    6.35698    10.7892    10.7889    23.9223   11.51172 2.7697e+02      2.234 0.0000e+00
        357 203.409595    0.02472     1.4833     89.000  1023.9321  49057.904    31.2874      2.132    6.35694    10.7896    10.7891    23.9224   11.51165 2.8260e+02      2.152 0.0000e+00
        358 203.409598    0.02479     1.4875     89.250  1023.9319  49058.125    31.2876      2.059    6.35689    10.7901    10.7894    23.9225   11.51156 2.8542e+02      2.079 0.0000e+00
        359 203.409601    0.02486     1.4917     89.500  1023.9316  49058.152    31.2877      2.000    6.35683    10.7905    10.7898    23.9225   11.51146 2.7810e+02      2.019 0.0000e+00
        360 203.409604    0.02493     1.4958     89.750  1023.9313  49057.930    31.2876      1.959    6.35678    10.7908    10.7903    23.9224   11.51138 2.6698e+02      1.977 0.0000e+00
        361 203.409606    0.02500     1.5000     90.000  1023.9310  49057.621    31.2875      1.933    6.35673    10.7911    10.7907    23.9222   11.51130 2.5813e+02      1.952 0.0000e+00
        362 203.409609    0.02507     1.5042     90.250  1023.9309  49057.463    31.2874      1.921    6.35668    10.7914    10.7910    23.9221   11.51122 2.4999e+02      1.940 0.0000e+00
        363 203.409612    0.02514     1.5083     90.500  1023.9308  49057.480    31.2874      1.918    6.35664    10.7917    10.7913    23.9221   11.51115 2.3943e+02      1.937 0.0000e+00
        364 203.409615    0.02521     1.5125     90.750  1023.9308  49057.568    31.2875      1.921    6.35659    10.7920    10.7916    23.9221   11.51108 2.2920e+02      1.939 0.0000e+00
        365 203.409618    0.02528     1.5167     91.000  1023.9309  49057.648    31.2876      1.926    6.35655    10.7923    10.7919    23.9221   11.51101 2.2538e+02      1.944 0.0000e+00
        366 203.409621    0.02535     1.5208     91.250  1023.9309  49057.646    31.2876      1.933    6.35651    10.7925    10.7922    23.9221   11.51094 2.2632e+02      1.952 0.0000e+00
        367 203.409624    0.02542     1.5250     91.500  1023.9308  49057.530    31.2876      1.945    6.35647    10.7927    10.7925    23.9220   11.51087 2.2822e+02      1.963 0.0000e+00
        368 203.409627    0.02549     1.5292     91.750  1023.9308  49057.309    31.2875      1.961    6.35644    10.7928    10.7927    23.9219   11.51082 2.3329e+02      1.980 0.0000e+00
        369 203.409630    0.02556     1.5333     92.000  1023.9307  49056.969    31.2872      1.985    6.35643    10.7927    10.7929    23.9217   11.51080 2.4055e+02      2.004 0.0000e+00
        370 203.409633    0.02562     1.5375     92.250  1023.9306  49056.513    31.2869      2.017    6.35643    10.7924    10.7930    23.9214   11.51081 2.4147e+02      2.036 0.0000e+00
        371 203.409635    0.02569     1.5417     92.500  1023.9304  49055.936    31.2865      2.057    6.35646    10.7920    10.7929    23.9211   11.51085 2.3187e+02      2.077 0.0000e+00
        372 203.409638    0.02576     1.5458     92.750  1023.9303  49055.238    31.2859      2.108    6.35651    10.7914    10.7927    23.9207   11.51095 2.1867e+02      2.128 0.0000e+00
        373 203.409641    0.02583     1.5500     93.000  1023.9302  49054.549    31.2854      2.168    6.35659    10.7905    10.7923    23.9203   11.51110 2.0746e+02      2.189 0.0000e+00
        374 203.409644    0.02590     1.5542     93.250  1023.9303  49054.070    31.2849      2.233    6.35670    10.7897    10.7916    23.9201   11.51128 1.9766e+02      2.254 0.0000e+00
        375 203.409647    0.02597     1.5583     93.500  1023.9306  49054.109    31.2848      2.295    6.35681    10.7890    10.7908    23.9202   11.51147 1.8955e+02      2.317 0.0000e+00
        376 203.409650    0.02604     1.5625     93.750  1023.9313  49054.774    31.2852      2.345    6.35691    10.7886    10.7900    23.9206   11.51163 1.8476e+02      2.367 0.0000e+00
        377 203.409653    0.02611     1.5667     94.000  1023.9319  49055.636    31.2857      2.373    6.35698    10.7884    10.7893    23.9211   11.51174 1.8306e+02      2.396 0.0000e+00
        378 203.409656    0.02618     1.5708     94.250  1023.9323  49056.274    31.2861      2.373    6.35702    10.7884    10.7889    23.9215   11.51180 1.8172e+02      2.396 0.0000e+00
        379 203.409659    0.02625     1.5750     94.500  1023.9323  49056.611    31.2864      2.343    6.35704    10.7884    10.7887    23.9217   11.51182 1.7948e+02      2.366 0.0000e+00
        380 203.409661    0.02632     1.5792     94.750  1023.9322  49056.758    31.2865      2.284    6.35704    10.7885    10.7887    23.9218   11.51183 1.7846e+02      2.306 0.0000e+00
        381 203.409664    0.02639     1.5833     95.000  1023.9319  49056.884    31.2866      2.201    6.35704    10.7886    10.7887    23.9219   11.51182 1.8034e+02      2.222 0.0000e+00
        382 203.409667    0.02646     1.5875     95.250  1023.9316  49057.057    31.2868      2.105    6.35702    10.7888    10.7887    23.9220   11.51179 1.8456e+02      2.125 0.0000e+00
        383 203.409670    0.02653     1.5917     95.500  1023.9312  49057.224    31.2869      2.006    6.35700    10.7890    10.7888    23.9221   11.51175 1.8947e+02      2.025 0.0000e+00
        384 203.409673    0.02660     1.5958     95.750  1023.9309  49057.326    31.2871      1.919    6.35697    10.7892    10.7890    23.9222   11.51171 1.9132e+02      1.938 0.0000e+00
        385 203.409676    0.02667     1.6000     96.000  1023.9307  49057.376    31.2871      1.860    6.35694    10.7895    10.7892    23.9222   11.51165 1.8757e+02      1.878 0.0000e+00
        386 203.409679    0.02674     1.6042     96.250  1023.9306  49057.372    31.2872      1.840    6.35690    10.7897    10.7894    23.9222   11.51159 1.8146e+02      1.858 0.0000e+00
        387 203.409682    0.02681     1.6083     96.500  1023.9307  49057.335    31.2872      1.870    6.35686    10.7900    10.7897    23.9221   11.51153 1.7710e+02      1.888 0.0000e+00
        388 203.409685    0.02688     1.6125     96.750  1023.9309  49057.237    31.2871      1.952    6.35683    10.7901    10.7900    23.9220   11.51147 1.7404e+02      1.972 0.0000e+00
        389 203.409687    0.02694     1.6167     97.000  1023.9313  49056.838    31.2868      2.089    6.35681    10.7899    10.7902    23.9217   11.51145 1.6906e+02      2.110 0.0000e+00
        390 203.409690    0.02701     1.6208     97.250  1023.9316  49056.036    31.2861      2.278    6.35682    10.7893    10.7903    23.9212   11.51148 1.6022e+02      2.299 0.0000e+00
        391 203.409693    0.02708     1.6250     97.500  1023.9322  49055.163    31.2854      2.511    6.35688    10.7885    10.7901    23.9207   11.51158 1.4772e+02      2.535 0.0000e+00
        392 203.409696    0.02715     1.6292     97.750  1023.9330  49054.590    31.2848      2.779    6.35697    10.7876    10.7896    23.9203   11.51174 1.3369e+02      2.805 0.0000e+00
        393 203.409699    0.02722     1.6333     98.000  1023.9343  49054.553    31.2846      3.071    6.35709    10.7867    10.7889    23.9203   11.51193 1.2109e+02      3.100 0.0000e+00
        394 203.409702    0.02729     1.6375     98.250  1023.9359  49054.944    31.2846      3.372    6.35721    10.7858    10.7880    23.9205   11.51213 1.1076e+02      3.403 0.0000e+00
        395 203.409705    0.02736     1.6417     98.500  1023.9374  49055.214    31.2846      3.667    6.35733    10.7847    10.7871    23.9206   11.51233 1.0205e+02      3.701 0.0000e+00
        396 203.409708    0.02743     1.6458     98.750  1023.9386  49055.203    31.2843      3.943    6.35746    10.7837    10.7862    23.9206   11.51255 9.4396e+01      3.980 0.0000e+00
        397 203.409711    0.02750     1.6500     99.000  1023.9398  49055.319    31.2842      4.189    6.35760    10.7827    10.7852    23.9207   11.51278 8.7653e+01      4.229 0.0000e+00
        398 203.409714    0.02757     1.6542     99.250  1023.9411  49055.823    31.2844      4.407    6.35774    10.7819    10.7842    23.9210   11.51301 8.1865e+01      4.449 0.0000e+00
        399 203.409716    0.02764     1.6583     99.500  1023.9424  49056.624    31.2847      4.602    6.35785    10.7813    10.7832    23.9214   11.51320 7.7097e+01      4.646 0.0000e+00
        400 203.409719    0.02771     1.6625     99.750  1023.9438  49057.542    31.2852      4.787    6.35794    10.7810    10.7824    23.9219   11.51333 7.3364e+01      4.832 0.0000e+00
        401 203.409722    0.02778     1.6667    100.000  1023.9451  49058.368    31.2857      4.974    6.35800    10.7808    10.7819    23.9224   11.51342 7.0447e+01      5.021 0.0000e+00
        402 203.409725    0.02785     1.6708    100.250  1023.9463  49058.923    31.2859      5.177    6.35803    10.7807    10.7816    23.9227   11.51347 6.7704e+01      5.226 0.0000e+00
        403 203.409728    0.02792     1.6750    100.500  1023.9474  49059.160    31.2860      5.407    6.35805    10.7806    10.7814    23.9227   11.51350 6.4456e+01      5.458 0.0000e+00
        404 203.409731    0.02799     1.6792    100.750  1023.9485  49059.148    31.2859      5.671    6.35806    10.7803    10.7814    23.9227   11.51353 6.0531e+01      5.724 0.0000e+00
        405 203.409734    0.02806     1.6833    101.000  1023.9498  49059.167    31.2858      5.971    6.35809    10.7798    10.7813    23.9226   11.51357 5.6138e+01      6.027 0.0000e+00
        406 203.409737    0.02813     1.6875    101.250  1023.9514  49059.420    31.2858      6.300    6.35812    10.7793    10.7810    23.9226   11.51363 5.1534e+01      6.359 0.0000e+00
        407 203.409740    0.02819     1.6917    101.500  1023.9531  49059.792    31.2858      6.645    6.35817    10.7788    10.7806    23.9228   11.51371 4.7017e+01      6.707 0.0000e+00
        408 203.409742    0.02826     1.6958    101.750  1023.9549  49060.231    31.2860      6.993    6.35823    10.7784    10.7801    23.9229   11.51381 4.2872e+01      7.059 0.0000e+00
        409 203.409745    0.02833     1.7000    102.000  1023.9567  49060.931    31.2863      7.333    6.35829    10.7783    10.7797    23.9233   11.51390 3.9280e+01      7.402 0.0000e+00
        410 203.409748    0.02840     1.7042    102.250  1023.9586  49061.740    31.2866      7.655    6.35832    10.7783    10.7793    23.9237   11.51394 3.6311e+01      7.727 0.0000e+00
        411 203.409751    0.02847     1.7083    102.500  1023.9601  49062.140    31.2868      7.953    6.35833    10.7783    10.7792    23.9238   11.51396 3.3895e+01      8.028 0.0000e+00
        412 203.409754    0.02854     1.7125    102.750  1023.9612  49062.124    31.2867      8.224    6.35832    10.7783    10.7792    23.9237   11.51396 3.1913e+01      8.302 0.0000e+00
        413 203.409757    0.02861     1.7167    103.000  1023.9621  49061.878    31.2864      8.472    6.35833    10.7780    10.7793    23.9235   11.51396 3.0267e+01      8.552 0.0000e+00
        414 203.409760    0.02868     1.7208    103.250  1023.9628  49061.460    31.2860      8.700    6.35835    10.7776    10.7792    23.9232   11.51401 2.8848e+01      8.782 0.0000e+00
        415 203.409763    0.02875     1.7250    103.500  1023.9636  49061.212    31.2857      8.914    6.35840    10.7770    10.7790    23.9230   11.51408 2.7523e+01      8.998 0.0000e+00
        416 203.409766    0.02882     1.7292    103.750  1023.9647  49061.388    31.2857      9.123    6.35845    10.7765    10.7786    23.9231   11.51418 2.6179e+01      9.209 0.0000e+00
        417 203.409769    0.02889     1.7333    104.000  1023.9659  49061.890    31.2859      9.336    6.35851    10.7762    10.7781    23.9233   11.51427 2.4775e+01      9.424 0.0000e+00
        418 203.409771    0.02896     1.7375    104.250  1023.9672  49062.569    31.2862      9.560    6.35856    10.7760    10.7777    23.9237   11.51435 2.3341e+01      9.651 0.0000e+00
        419 203.409774    0.02903     1.7417    104.500  1023.9687  49063.333    31.2866      9.802    6.35859    10.7759    10.7773    23.9240   11.51439 2.1941e+01      9.895 0.0000e+00
        420 203.409777    0.02910     1.7458    104.750  1023.9702  49064.021    31.2870     10.067    6.35859    10.7758    10.7772    23.9243   11.51440 2.0619e+01     10.163 0.0000e+00
        421 203.409780    0.02917     1.7500    105.000  1023.9717  49064.483    31.2872     10.356    6.35859    10.7756    10.7772    23.9245   11.51439 1.9379e+01     10.455 0.0000e+00
        422 203.409783    0.02924     1.7542    105.250  1023.9732  49064.877    31.2873     10.668    6.35859    10.7753    10.7771    23.9246   11.51439 1.8217e+01     10.769 0.0000e+00
        423 203.409786    0.02931     1.7583    105.500  1023.9750  49065.552    31.2877     10.998    6.35860    10.7750    10.7769    23.9249   11.51441 1.7115e+01     11.102 0.0000e+00
        424 203.409789    0.02937     1.7625    105.750  1023.9771  49066.574    31.2882     11.339    6.35862    10.7747    10.7766    23.9254   11.51443 1.6063e+01     11.446 0.0000e+00
        425 203.409792    0.02944     1.7667    106.000  1023.9792  49067.679    31.2888     11.683    6.35863    10.7745    10.7763    23.9259   11.51445 1.5062e+01     11.794 0.0000e+00
