CTD-processing/allCTD/CNV--homogene/2014_04-11_t3_s13_cast013.cnv
* Sea-Bird SBE19plus Data File:
* FileName = C:\Users\kris.holderied\Documents\kasitsna\Research-Projects-and-Data\Oceanography-AK\CTD-CookInlet-GulfWatchAK\2014-04-EVOSTC-CookInlet-Ocean\2014-04-11-CookInlet-Tran3-AnchorPt\2014-04-11-CookInlet-Tran3-AnchorPt-cast013.hex
* Software Version 1.59
* Temperature SN =  5028
* Conductivity SN =  5028
* System UpLoad Time = Apr 11 2014 15:37:11
** Cook Inlet LTM Transect 3 (Anchor Pt) west to east
** Date: 2014-04-11
** Station: 3-13
** Start time: 14:25
** Depth (m): 32
** Comment:  CTD time is AKDaylight
** Comment:
# nquan = 17
# nvalues = 390                         
# units = specified
# name 0 = scan: Scan Count
# name 1 = timeJ: Julian Days
# name 2 = timeH: Time, Elapsed [hours]
# name 3 = timeM: Time, Elapsed [minutes]
# name 4 = timeS: Time, Elapsed [seconds]
# name 5 = density00: Density [density, kg/m^3]
# name 6 = specc: Specific Conductance [uS/cm]
# name 7 = sal00: Salinity, Practical [PSU]
# name 8 = depSM: Depth [salt water, m], lat = 59.00
# name 9 = oxsolML/L: Oxygen Saturation, Garcia & Gordon [ml/l]
# name 10 = potemp090C: Potential Temperature [ITS-90, deg C]
# name 11 = tv290C: Temperature [ITS-90, deg C]
# name 12 = sigma-é00: Density [sigma-theta, kg/m^3]
# name 13 = n2satML/L: Nitrogen Saturation [ml/l]
# name 14 = par: PAR/Irradiance, Biospherical/Licor
# name 15 = prdM: Pressure, Strain Gauge [db]
# name 16 = flag:  0.000e+00
# span 0 =          1,        390       
# span 1 = 101.600799, 101.601924       
# span 2 =    0.00000,    0.02701       
# span 3 =     0.0000,     1.6208       
# span 4 =      0.000,     97.250       
# span 5 =  1000.3555,  1025.3066       
# span 6 =   1023.218,  51309.599       
# span 7 =     0.4839,    31.6990       
# span 8 =      0.061,     33.034       
# span 9 =    7.38605,    9.44401       
# span 10 =     2.7799,     4.1221      
# span 11 =     2.7787,     4.1224      
# span 12 =     0.3552,    25.1513      
# span 13 =   13.20829,   17.09890      
# span 14 = 7.8749e-01, 1.2655e+03      
# span 15 =      0.062,     33.349      
# span 16 = 0.0000e+00, 0.0000e+00      
# interval = seconds: 0.25
# start_time = Apr 11 2014 14:25:09 [Instrument's time stamp, header]
# bad_flag = -9.990e-29
*END*
[from data line 171]
        172 101.601293    0.01188     0.7125     42.750  1025.0624  51117.286    31.5730      1.412    7.40452     4.0444     4.0546    25.0557   13.24041 4.7078e+02      1.425 0.0000e+00
        173 101.601296    0.01194     0.7167     43.000  1025.0731  51138.011    31.5859      1.398    7.40484     4.0432     4.0492    25.0665   13.24078 4.8444e+02      1.411 0.0000e+00
        174 101.601299    0.01201     0.7208     43.250  1025.0889  51168.147    31.6053      1.377    7.40472     4.0462     4.0445    25.0824   13.24033 5.1594e+02      1.390 0.0000e+00
        175 101.601302    0.01208     0.7250     43.500  1025.1021  51192.870    31.6219      1.356    7.40411     4.0523     4.0433    25.0957   13.23910 5.6115e+02      1.369 0.0000e+00
        176 101.601305    0.01215     0.7292     43.750  1025.1095  51206.157    31.6317      1.338    7.40308     4.0599     4.0463    25.1032   13.23726 5.7994e+02      1.351 0.0000e+00
        177 101.601308    0.01222     0.7333     44.000  1025.1125  51210.676    31.6362      1.327    7.40175     4.0677     4.0524    25.1062   13.23501 5.5108e+02      1.340 0.0000e+00
        178 101.601311    0.01229     0.7375     44.250  1025.1134  51211.182    31.6384      1.327    7.40027     4.0747     4.0600    25.1072   13.23254 5.0555e+02      1.340 0.0000e+00
        179 101.601314    0.01236     0.7417     44.500  1025.1134  51209.634    31.6392      1.340    7.39883     4.0804     4.0678    25.1071   13.23016 4.6476e+02      1.353 0.0000e+00
        180 101.601317    0.01243     0.7458     44.750  1025.1112  51204.236    31.6371      1.367    7.39766     4.0840     4.0748    25.1048   13.22825 4.4193e+02      1.380 0.0000e+00
        181 101.601319    0.01250     0.7500     45.000  1025.1048  51191.159    31.6295      1.404    7.39702     4.0850     4.0805    25.0982   13.22730 4.4257e+02      1.417 0.0000e+00
        182 101.601322    0.01257     0.7542     45.250  1025.0926  51167.680    31.6144      1.441    7.39713     4.0829     4.0841    25.0857   13.22768 4.5414e+02      1.455 0.0000e+00
        183 101.601325    0.01264     0.7583     45.500  1025.0773  51139.177    31.5952      1.468    7.39790     4.0775     4.0851    25.0704   13.22921 4.6337e+02      1.482 0.0000e+00
        184 101.601328    0.01271     0.7625     45.750  1025.0672  51120.750    31.5821      1.479    7.39894     4.0703     4.0830    25.0602   13.23108 4.6435e+02      1.493 0.0000e+00
        185 101.601331    0.01278     0.7667     46.000  1025.0688  51124.797    31.5836      1.470    7.39983     4.0642     4.0776    25.0619   13.23254 4.6558e+02      1.484 0.0000e+00
        186 101.601334    0.01285     0.7708     46.250  1025.0823  51151.059    31.5998      1.444    7.40034     4.0620     4.0703    25.0755   13.23316 4.8466e+02      1.457 0.0000e+00
        187 101.601337    0.01292     0.7750     46.500  1025.1014  51187.586    31.6233      1.409    7.40027     4.0643     4.0642    25.0947   13.23274 5.2199e+02      1.421 0.0000e+00
        188 101.601340    0.01299     0.7792     46.750  1025.1184  51219.552    31.6446      1.375    7.39960     4.0699     4.0620    25.1119   13.23136 5.5577e+02      1.388 0.0000e+00
        189 101.601343    0.01306     0.7833     47.000  1025.1284  51237.823    31.6576      1.355    7.39852     4.0762     4.0644    25.1220   13.22940 5.7440e+02      1.368 0.0000e+00
        190 101.601345    0.01313     0.7875     47.250  1025.1299  51239.705    31.6602      1.353    7.39739     4.0816     4.0700    25.1236   13.22751 5.6866e+02      1.366 0.0000e+00
        191 101.601348    0.01319     0.7917     47.500  1025.1236  51226.838    31.6529      1.367    7.39661     4.0847     4.0763    25.1172   13.22631 5.4134e+02      1.380 0.0000e+00
        192 101.601351    0.01326     0.7958     47.750  1025.1109  51202.272    31.6374      1.391    7.39642     4.0851     4.0817    25.1043   13.22620 5.0771e+02      1.404 0.0000e+00
        193 101.601354    0.01333     0.8000     48.000  1025.0949  51172.118    31.6176      1.418    7.39684     4.0822     4.0848    25.0882   13.22716 4.7090e+02      1.431 0.0000e+00
        194 101.601357    0.01340     0.8042     48.250  1025.0816  51147.244    31.6007      1.441    7.39762     4.0761     4.0852    25.0748   13.22866 4.4021e+02      1.455 0.0000e+00
        195 101.601360    0.01347     0.8083     48.500  1025.0760  51137.293    31.5932      1.459    7.39852     4.0690     4.0823    25.0691   13.23025 4.2321e+02      1.472 0.0000e+00
        196 101.601363    0.01354     0.8125     48.750  1025.0803  51146.149    31.5978      1.468    7.39939     4.0640     4.0762    25.0733   13.23162 4.2461e+02      1.482 0.0000e+00
        197 101.601366    0.01361     0.8167     49.000  1025.0921  51169.119    31.6118      1.469    7.39996     4.0625     4.0691    25.0851   13.23239 4.4080e+02      1.483 0.0000e+00
        198 101.601369    0.01368     0.8208     49.250  1025.1054  51194.547    31.6280      1.464    7.40006     4.0642     4.0641    25.0985   13.23234 4.5869e+02      1.478 0.0000e+00
        199 101.601372    0.01375     0.8250     49.500  1025.1150  51212.492    31.6399      1.456    7.39973     4.0679     4.0626    25.1081   13.23164 4.7351e+02      1.470 0.0000e+00
        200 101.601374    0.01382     0.8292     49.750  1025.1188  51219.200    31.6449      1.449    7.39918     4.0720     4.0643    25.1119   13.23066 4.8186e+02      1.463 0.0000e+00
        201 101.601377    0.01389     0.8333     50.000  1025.1168  51214.947    31.6428      1.446    7.39862     4.0751     4.0680    25.1099   13.22976 4.9187e+02      1.459 0.0000e+00
        202 101.601380    0.01396     0.8375     50.250  1025.1095  51200.949    31.6343      1.445    7.39831     4.0762     4.0721    25.1027   13.22937 5.0837e+02      1.459 0.0000e+00
        203 101.601383    0.01403     0.8417     50.500  1025.0985  51180.066    31.6207      1.446    7.39842     4.0746     4.0752    25.0917   13.22973 5.2086e+02      1.460 0.0000e+00
        204 101.601386    0.01410     0.8458     50.750  1025.0873  51159.287    31.6068      1.445    7.39892     4.0701     4.0763    25.0805   13.23073 5.2225e+02      1.459 0.0000e+00
        205 101.601389    0.01417     0.8500     51.000  1025.0811  51148.147    31.5988      1.442    7.39960     4.0641     4.0747    25.0743   13.23196 5.1180e+02      1.456 0.0000e+00
        206 101.601392    0.01424     0.8542     51.250  1025.0837  51153.834    31.6017      1.437    7.40026     4.0591     4.0702    25.0770   13.23301 4.8533e+02      1.451 0.0000e+00
        207 101.601395    0.01431     0.8583     51.500  1025.0950  51175.644    31.6151      1.434    7.40068     4.0573     4.0642    25.0883   13.23353 4.5125e+02      1.448 0.0000e+00
        208 101.601398    0.01438     0.8625     51.750  1025.1099  51203.901    31.6332      1.437    7.40068     4.0592     4.0592    25.1031   13.23329 4.4484e+02      1.450 0.0000e+00
        209 101.601400    0.01444     0.8667     52.000  1025.1222  51226.878    31.6485      1.449    7.40024     4.0635     4.0574    25.1154   13.23236 4.7700e+02      1.463 0.0000e+00
        210 101.601403    0.01451     0.8708     52.250  1025.1282  51237.393    31.6561      1.473    7.39952     4.0679     4.0593    25.1213   13.23107 5.2357e+02      1.487 0.0000e+00
        211 101.601406    0.01458     0.8750     52.500  1025.1263  51232.854    31.6540      1.504    7.39885     4.0704     4.0636    25.1192   13.23000 5.6542e+02      1.519 0.0000e+00
        212 101.601409    0.01465     0.8792     52.750  1025.1167  51214.210    31.6423      1.536    7.39864     4.0692     4.0680    25.1095   13.22980 5.9253e+02      1.550 0.0000e+00
        213 101.601412    0.01472     0.8833     53.000  1025.1034  51189.088    31.6257      1.558    7.39903     4.0638     4.0705    25.0961   13.23066 5.9594e+02      1.573 0.0000e+00
        214 101.601415    0.01479     0.8875     53.250  1025.0936  51171.102    31.6131      1.565    7.39985     4.0551     4.0693    25.0862   13.23219 5.7473e+02      1.580 0.0000e+00
        215 101.601418    0.01486     0.8917     53.500  1025.0923  51169.794    31.6109      1.553    7.40094     4.0460     4.0639    25.0850   13.23401 5.5347e+02      1.568 0.0000e+00
        216 101.601421    0.01493     0.8958     53.750  1025.0996  51184.941    31.6192      1.525    7.40210     4.0395     4.0552    25.0924   13.23581 5.5693e+02      1.539 0.0000e+00
        217 101.601424    0.01500     0.9000     54.000  1025.1125  51210.580    31.6346      1.486    7.40297     4.0370     4.0461    25.1055   13.23704 5.6756e+02      1.500 0.0000e+00
        218 101.601427    0.01507     0.9042     54.250  1025.1270  51238.729    31.6523      1.444    7.40327     4.0394     4.0396    25.1202   13.23730 5.5977e+02      1.458 0.0000e+00
        219 101.601429    0.01514     0.9083     54.500  1025.1390  51261.608    31.6673      1.407    7.40296     4.0461     4.0371    25.1324   13.23660 5.4308e+02      1.420 0.0000e+00
        220 101.601432    0.01521     0.9125     54.750  1025.1468  51275.787    31.6775      1.384    7.40203     4.0556     4.0394    25.1403   13.23493 5.2679e+02      1.397 0.0000e+00
        221 101.601435    0.01528     0.9167     55.000  1025.1507  51281.744    31.6832      1.381    7.40052     4.0657     4.0462    25.1441   13.23237 5.0390e+02      1.394 0.0000e+00
        222 101.601438    0.01535     0.9208     55.250  1025.1505  51279.560    31.6840      1.399    7.39877     4.0747     4.0557    25.1438   13.22947 4.7971e+02      1.413 0.0000e+00
        223 101.601441    0.01542     0.9250     55.500  1025.1459  51269.205    31.6793      1.435    7.39718     4.0815     4.0658    25.1391   13.22691 4.6443e+02      1.449 0.0000e+00
        224 101.601444    0.01549     0.9292     55.750  1025.1372  51251.313    31.6692      1.481    7.39606     4.0854     4.0748    25.1302   13.22519 4.5984e+02      1.495 0.0000e+00
        225 101.601447    0.01556     0.9333     56.000  1025.1245  51226.364    31.6538      1.528    7.39560     4.0859     4.0816    25.1173   13.22465 4.6635e+02      1.542 0.0000e+00
        226 101.601450    0.01563     0.9375     56.250  1025.1099  51198.473    31.6356      1.565    7.39581     4.0828     4.0855    25.1025   13.22522 4.8547e+02      1.579 0.0000e+00
        227 101.601453    0.01569     0.9417     56.500  1025.0987  51177.551    31.6215      1.585    7.39643     4.0770     4.0860    25.0912   13.22642 5.1224e+02      1.599 0.0000e+00
        228 101.601455    0.01576     0.9458     56.750  1025.0956  51172.441    31.6173      1.584    7.39719     4.0708     4.0829    25.0882   13.22774 5.3657e+02      1.598 0.0000e+00
        229 101.601458    0.01583     0.9500     57.000  1025.1017  51184.847    31.6244      1.563    7.39789     4.0668     4.0771    25.0944   13.22880 5.5724e+02      1.577 0.0000e+00
        230 101.601461    0.01590     0.9542     57.250  1025.1137  51208.250    31.6389      1.529    7.39828     4.0664     4.0709    25.1065   13.22925 5.7849e+02      1.543 0.0000e+00
        231 101.601464    0.01597     0.9583     57.500  1025.1257  51231.308    31.6537      1.490    7.39826     4.0696     4.0669    25.1187   13.22904 5.9612e+02      1.504 0.0000e+00
        232 101.601467    0.01604     0.9625     57.750  1025.1335  51246.077    31.6637      1.456    7.39784     4.0751     4.0665    25.1266   13.22820 5.8792e+02      1.469 0.0000e+00
        233 101.601470    0.01611     0.9667     58.000  1025.1363  51250.970    31.6678      1.431    7.39705     4.0810     4.0697    25.1296   13.22685 5.4310e+02      1.444 0.0000e+00
        234 101.601473    0.01618     0.9708     58.250  1025.1348  51247.229    31.6666      1.418    7.39613     4.0862     4.0752    25.1281   13.22535 4.8982e+02      1.431 0.0000e+00
        235 101.601476    0.01625     0.9750     58.500  1025.1296  51236.712    31.6608      1.417    7.39535     4.0901     4.0811    25.1229   13.22414 4.4886e+02      1.431 0.0000e+00
        236 101.601479    0.01632     0.9792     58.750  1025.1219  51221.559    31.6516      1.428    7.39488     4.0929     4.0863    25.1152   13.22348 4.2062e+02      1.441 0.0000e+00
        237 101.601481    0.01639     0.9833     59.000  1025.1130  51204.282    31.6408      1.447    7.39472     4.0949     4.0902    25.1062   13.22336 3.9904e+02      1.461 0.0000e+00
        238 101.601484    0.01646     0.9875     59.250  1025.1042  51187.308    31.6299      1.473    7.39476     4.0962     4.0930    25.0972   13.22357 3.8092e+02      1.487 0.0000e+00
        239 101.601487    0.01653     0.9917     59.500  1025.0962  51172.069    31.6199      1.503    7.39490     4.0969     4.0950    25.0891   13.22393 3.8950e+02      1.517 0.0000e+00
        240 101.601490    0.01660     0.9958     59.750  1025.0895  51159.157    31.6114      1.532    7.39508     4.0965     4.0963    25.0822   13.22434 4.3452e+02      1.546 0.0000e+00
        241 101.601493    0.01667     1.0000     60.000  1025.0842  51149.196    31.6048      1.555    7.39530     4.0950     4.0970    25.0768   13.22478 4.8262e+02      1.569 0.0000e+00
        242 101.601496    0.01674     1.0042     60.250  1025.0814  51143.902    31.6011      1.567    7.39555     4.0927     4.0966    25.0739   13.22524 5.1387e+02      1.582 0.0000e+00
        243 101.601499    0.01681     1.0083     60.500  1025.0821  51145.482    31.6018      1.567    7.39578     4.0903     4.0951    25.0747   13.22562 5.3422e+02      1.582 0.0000e+00
        244 101.601502    0.01688     1.0125     60.750  1025.0867  51154.558    31.6074      1.556    7.39593     4.0889     4.0928    25.0794   13.22578 5.4469e+02      1.570 0.0000e+00
        245 101.601505    0.01694     1.0167     61.000  1025.0942  51168.968    31.6167      1.535    7.39588     4.0888     4.0904    25.0870   13.22559 5.6004e+02      1.550 0.0000e+00
        246 101.601508    0.01701     1.0208     61.250  1025.1020  51183.729    31.6265      1.511    7.39564     4.0897     4.0890    25.0949   13.22506 5.8678e+02      1.525 0.0000e+00
        247 101.601510    0.01708     1.0250     61.500  1025.1073  51193.661    31.6332      1.487    7.39532     4.0909     4.0889    25.1002   13.22445 6.0563e+02      1.500 0.0000e+00
        248 101.601513    0.01715     1.0292     61.750  1025.1088  51196.447    31.6353      1.465    7.39506     4.0919     4.0898    25.1018   13.22399 6.0575e+02      1.479 0.0000e+00
        249 101.601516    0.01722     1.0333     62.000  1025.1069  51192.829    31.6332      1.448    7.39495     4.0927     4.0910    25.1000   13.22384 5.8954e+02      1.462 0.0000e+00
        250 101.601519    0.01729     1.0375     62.250  1025.1033  51186.124    31.6288      1.436    7.39497     4.0935     4.0920    25.0965   13.22394 5.6166e+02      1.450 0.0000e+00
        251 101.601522    0.01736     1.0417     62.500  1025.1003  51180.611    31.6253      1.430    7.39501     4.0944     4.0928    25.0936   13.22404 5.2544e+02      1.444 0.0000e+00
        252 101.601525    0.01743     1.0458     62.750  1025.0995  51178.954    31.6243      1.429    7.39492     4.0955     4.0936    25.0927   13.22391 4.9610e+02      1.442 0.0000e+00
        253 101.601528    0.01750     1.0500     63.000  1025.1010  51181.548    31.6263      1.434    7.39466     4.0967     4.0945    25.0942   13.22345 4.9355e+02      1.447 0.0000e+00
        254 101.601531    0.01757     1.0542     63.250  1025.1038  51186.535    31.6300      1.447    7.39428     4.0980     4.0956    25.0970   13.22278 5.1607e+02      1.460 0.0000e+00
        255 101.601534    0.01764     1.0583     63.500  1025.1065  51190.997    31.6333      1.468    7.39390     4.0992     4.0968    25.0995   13.22211 5.6310e+02      1.481 0.0000e+00
