CTD-processing/allCTD/CNV--homogene/2014_10-18_t7_s15_cast136.cnv
* Sea-Bird SBE19plus Data File:
* FileName = C:\Users\kris.holderied\Documents\kasitsna\Research-Projects-and-Data\Oceanography-AK\CTD-Data-ALL-to-2014-10\2014-CTD-KachemakBay-CookInlet\2014-10-EVOSTC-CookInlet\2014-10-17-CookInlet-Tran7-Augustine\2014-10-18-CookInlet-Tran7-cast136.hex
* Software Version 1.59
* Temperature SN =  4141
* Conductivity SN =  4141
* System UpLoad Time = Oct 18 2014 20:39:34
** Cook Inlet LTM Tran7 (Augustine) west to east 2ND RUN
** Date: 10-18
** Station: 7-15
** Start time:  17:19
** Depth (m): 72
** Comment:  CTD time is Alaska Daylight time.  R/V Pandalus. Transducer  depth.
** Comment:
# nquan = 17
# nvalues = 616                         
# units = specified
# name 0 = scan: Scan Count
# name 1 = timeJ: Julian Days
# name 2 = timeH: Time, Elapsed [hours]
# name 3 = timeM: Time, Elapsed [minutes]
# name 4 = timeS: Time, Elapsed [seconds]
# name 5 = density00: Density [density, kg/m^3]
# name 6 = specc: Specific Conductance [uS/cm]
# name 7 = sal00: Salinity, Practical [PSU]
# name 8 = depSM: Depth [salt water, m], lat = 59.00
# name 9 = oxsolML/L: Oxygen Saturation, Garcia & Gordon [ml/l]
# name 10 = potemp090C: Potential Temperature [ITS-90, deg C]
# name 11 = tv290C: Temperature [ITS-90, deg C]
# name 12 = sigma-é00: Density [sigma-theta, kg/m^3]
# name 13 = n2satML/L: Nitrogen Saturation [ml/l]
# name 14 = par: PAR/Irradiance, Biospherical/Licor
# name 15 = prdM: Pressure, Strain Gauge [db]
# name 16 = flag:  0.000e+00
# span 0 =          1,        616       
# span 1 = 291.722176, 291.723955       
# span 2 =    0.00000,    0.04271       
# span 3 =     0.0000,     2.5625       
# span 4 =      0.000,    153.750       
# span 5 =   999.9393,  1024.5958       
# span 6 =    305.456,  49567.678       
# span 7 =     0.1423,    31.4446       
# span 8 =     -0.296,     70.426       
# span 9 =    6.46763,    8.21216       
# span 10 =     8.3062,    10.3315      
# span 11 =     8.3062,    10.3345      
# span 12 =    -0.0593,    24.2730      
# span 13 =   11.70051,   15.03392      
# span 14 = 3.6382e-02, 8.7802e+01      
# span 15 =     -0.298,     71.103      
# span 16 = 0.0000e+00, 0.0000e+00      
# interval = seconds: 0.25
# start_time = Oct 18 2014 17:19:56 [Instrument's time stamp, header]
# bad_flag = -9.990e-29
*END*
          1 291.722176    0.00000     0.0000      0.000   999.9400    307.492     0.1433     -0.279    8.20595     8.3662     8.3663    -0.0586   15.02421 5.3282e+01     -0.281 0.0000e+00
          2 291.722179    0.00007     0.0042      0.250   999.9399    307.032     0.1431     -0.278    8.20597     8.3660     8.3663    -0.0588   15.02425 5.1598e+01     -0.280 0.0000e+00
          3 291.722182    0.00014     0.0083      0.500   999.9397    306.491     0.1429     -0.278    8.20601     8.3658     8.3662    -0.0590   15.02431 4.9953e+01     -0.280 0.0000e+00
          4 291.722185    0.00021     0.0125      0.750   999.9395    305.987     0.1426     -0.277    8.20605     8.3655     8.3660    -0.0592   15.02440 4.8461e+01     -0.279 0.0000e+00
          5 291.722188    0.00028     0.0167      1.000   999.9393    305.614     0.1424     -0.277    8.20611     8.3652     8.3658    -0.0593   15.02450 4.6890e+01     -0.279 0.0000e+00
          6 291.722190    0.00035     0.0208      1.250   999.9393    305.456     0.1423     -0.276    8.20617     8.3648     8.3655    -0.0593   15.02460 4.5212e+01     -0.278 0.0000e+00
          7 291.722193    0.00042     0.0250      1.500   999.9394    305.657     0.1424     -0.275    8.20623     8.3643     8.3652    -0.0592   15.02469 4.3558e+01     -0.277 0.0000e+00
          8 291.722196    0.00049     0.0292      1.750   999.9398    306.450     0.1428     -0.274    8.20629     8.3636     8.3648    -0.0589   15.02478 4.1946e+01     -0.276 0.0000e+00
          9 291.722199    0.00056     0.0333      2.000   999.9404    308.143     0.1436     -0.272    8.20635     8.3626     8.3643    -0.0583   15.02487 4.0422e+01     -0.275 0.0000e+00
         10 291.722202    0.00063     0.0375      2.250   999.9416    311.178     0.1451     -0.271    8.20641     8.3612     8.3636    -0.0571   15.02495 3.9234e+01     -0.274 0.0000e+00
         11 291.722205    0.00069     0.0417      2.500   999.9436    316.130     0.1474     -0.270    8.20649     8.3592     8.3626    -0.0551   15.02504 3.8630e+01     -0.273 0.0000e+00
         12 291.722208    0.00076     0.0458      2.750   999.9463    323.175     0.1508     -0.270    8.20659     8.3568     8.3612    -0.0523   15.02517 3.8739e+01     -0.272 0.0000e+00
         13 291.722211    0.00083     0.0500      3.000   999.9497    331.791     0.1550     -0.269    8.20675     8.3538     8.3592    -0.0489   15.02538 3.9567e+01     -0.272 0.0000e+00
         14 291.722214    0.00090     0.0542      3.250   999.9533    340.829     0.1593     -0.270    8.20701     8.3505     8.3568    -0.0453   15.02575 4.1035e+01     -0.272 0.0000e+00
         15 291.722216    0.00097     0.0583      3.500   999.9565    348.732     0.1631     -0.271    8.20740     8.3467     8.3538    -0.0421   15.02635 4.3172e+01     -0.274 0.0000e+00
         16 291.722219    0.00104     0.0625      3.750   999.9590    354.554     0.1659     -0.272    8.20792     8.3425     8.3505    -0.0397   15.02719 4.6016e+01     -0.275 0.0000e+00
         17 291.722222    0.00111     0.0667      4.000   999.9608    358.547     0.1679     -0.274    8.20857     8.3378     8.3467    -0.0379   15.02825 4.9472e+01     -0.277 0.0000e+00
         18 291.722225    0.00118     0.0708      4.250   999.9624    361.835     0.1696     -0.277    8.20931     8.3326     8.3425    -0.0363   15.02948 5.3508e+01     -0.279 0.0000e+00
         19 291.722228    0.00125     0.0750      4.500   999.9644    366.034     0.1717     -0.279    8.21014     8.3272     8.3378    -0.0343   15.03084 5.8302e+01     -0.281 0.0000e+00
         20 291.722231    0.00132     0.0792      4.750   999.9675    373.102     0.1753     -0.281    8.21099     8.3220     8.3326    -0.0311   15.03221 6.4610e+01     -0.283 0.0000e+00
         21 291.722234    0.00139     0.0833      5.000   999.9729    385.701     0.1817     -0.284    8.21172     8.3173     8.3272    -0.0257   15.03335 7.3587e+01     -0.286 0.0000e+00
         22 291.722237    0.00146     0.0875      5.250   999.9822    408.017     0.1930     -0.288    8.21216     8.3135     8.3220    -0.0164   15.03392 8.3130e+01     -0.290 0.0000e+00
         23 291.722240    0.00153     0.0917      5.500   999.9977    446.120     0.2123     -0.291    8.21208     8.3106     8.3173    -0.0009   15.03348 8.7802e+01     -0.293 0.0000e+00
         24 291.722242    0.00160     0.0958      5.750  1000.0231    508.981     0.2441     -0.293    8.21116     8.3086     8.3135     0.0245   15.03144 8.6034e+01     -0.295 0.0000e+00
         25 291.722245    0.00167     0.1000      6.000  1000.0645    612.032     0.2963     -0.294    8.20896     8.3072     8.3106     0.0659   15.02694 8.0686e+01     -0.297 0.0000e+00
         26 291.722248    0.00174     0.1042      6.250  1000.1327    781.808     0.3824     -0.295    8.20480     8.3064     8.3086     0.1341   15.01861 7.4634e+01     -0.297 0.0000e+00
         27 291.722251    0.00181     0.1083      6.500  1000.2429   1056.007     0.5216     -0.294    8.19770     8.3062     8.3072     0.2443   15.00451 6.9507e+01     -0.297 0.0000e+00
         28 291.722254    0.00187     0.1125      6.750  1000.3859   1410.912     0.7026     -0.294    8.18828     8.3066     8.3064     0.3873   14.98585 6.5293e+01     -0.297 0.0000e+00
         29 291.722257    0.00194     0.1167      7.000  1000.5291   1763.963     0.8840     -0.294    8.17871     8.3075     8.3062     0.5305   14.96694 6.1667e+01     -0.296 0.0000e+00
         30 291.722260    0.00201     0.1208      7.250  1000.6654   2096.400     1.0567     -0.294    8.16949     8.3086     8.3066     0.6668   14.94877 5.8777e+01     -0.296 0.0000e+00
         31 291.722263    0.00208     0.1250      7.500  1000.7941   2408.010     1.2199     -0.294    8.16068     8.3099     8.3075     0.7955   14.93144 5.6680e+01     -0.296 0.0000e+00
         32 291.722266    0.00215     0.1292      7.750  1000.8903   2640.189     1.3420     -0.293    8.15400     8.3114     8.3086     0.8917   14.91831 5.5051e+01     -0.296 0.0000e+00
         33 291.722269    0.00222     0.1333      8.000  1000.9357   2750.352     1.3997     -0.293    8.15070     8.3131     8.3099     0.9371   14.91186 5.3655e+01     -0.295 0.0000e+00
         34 291.722271    0.00229     0.1375      8.250  1000.9396   2761.475     1.4048     -0.293    8.15014     8.3158     8.3114     0.9410   14.91085 5.2469e+01     -0.295 0.0000e+00
         35 291.722274    0.00236     0.1417      8.500  1000.9199   2715.862     1.3799     -0.293    8.15111     8.3206     8.3131     0.9213   14.91286 5.1369e+01     -0.296 0.0000e+00
         36 291.722277    0.00243     0.1458      8.750  1000.8885   2642.059     1.3403     -0.293    8.15267     8.3292     8.3158     0.8899   14.91610 5.0340e+01     -0.296 0.0000e+00
         37 291.722280    0.00250     0.1500      9.000  1000.8560   2565.337     1.2994     -0.293    8.15389     8.3439     8.3206     0.8574   14.91879 4.9389e+01     -0.296 0.0000e+00
         38 291.722283    0.00257     0.1542      9.250  1000.8321   2509.588     1.2699     -0.293    8.15378     8.3679     8.3292     0.8336   14.91904 4.8567e+01     -0.296 0.0000e+00
         39 291.722286    0.00264     0.1583      9.500  1000.8212   2485.204     1.2575     -0.294    8.15160     8.4070     8.3439     0.8227   14.91556 4.7720e+01     -0.296 0.0000e+00
         40 291.722289    0.00271     0.1625      9.750  1000.8218   2488.976     1.2606     -0.294    8.14679     8.4709     8.3679     0.8233   14.90742 4.6748e+01     -0.297 0.0000e+00
         41 291.722292    0.00278     0.1667     10.000  1000.8386   2532.571     1.2855     -0.295    8.13789     8.5694     8.4070     0.8400   14.89207 4.6012e+01     -0.297 0.0000e+00
         42 291.722295    0.00285     0.1708     10.250  1000.8761   2628.120     1.3392     -0.295    8.12267     8.6914     8.4709     0.8775   14.86564 4.5558e+01     -0.297 0.0000e+00
         43 291.722297    0.00292     0.1750     10.500  1000.9250   2753.505     1.4107     -0.296    8.09987     8.8044     8.5694     0.9265   14.82616 4.5087e+01     -0.298 0.0000e+00
         44 291.722300    0.00299     0.1792     10.750  1000.9788   2889.498     1.4909     -0.296    8.07214     8.8878     8.6914     0.9803   14.77831 4.4467e+01     -0.298 0.0000e+00
         45 291.722303    0.00306     0.1833     11.000  1001.0426   3039.862     1.5833     -0.295    8.04573     8.9430     8.8044     1.0441   14.73253 4.3759e+01     -0.297 0.0000e+00
         46 291.722306    0.00313     0.1875     11.250  1001.1273   3221.457     1.7000     -0.294    8.02410     8.9782     8.8878     1.1288   14.69455 4.3146e+01     -0.296 0.0000e+00
         47 291.722309    0.00319     0.1917     11.500  1001.2669   3506.163     1.8845     -0.292    8.00483     9.0015     8.9430     1.2684   14.65971 4.2646e+01     -0.294 0.0000e+00
         48 291.722312    0.00326     0.1958     11.750  1001.5230   4026.677     2.2165     -0.288    7.98246     9.0201     8.9782     1.5244   14.61769 4.2099e+01     -0.290 0.0000e+00
         49 291.722315    0.00333     0.2000     12.000  1001.9721   4941.186     2.7948     -0.283    7.95073     9.0409     9.0015     1.9735   14.55666 4.1417e+01     -0.285 0.0000e+00
         50 291.722318    0.00340     0.2042     12.250  1002.7204   6461.183     3.7563     -0.275    7.90191     9.0719     9.0201     2.7218   14.46182 4.0599e+01     -0.277 0.0000e+00
         51 291.722321    0.00347     0.2083     12.500  1003.9521   8956.243     5.3382     -0.262    7.82358     9.1240     9.0409     3.9534   14.30916 3.9662e+01     -0.264 0.0000e+00
         52 291.722323    0.00354     0.2125     12.750  1005.9938  13087.316     7.9602     -0.240    7.69449     9.2102     9.0719     5.9949   14.05744 3.8658e+01     -0.242 0.0000e+00
         53 291.722326    0.00361     0.2167     13.000  1009.3628  19893.486    12.2874     -0.204    7.48151     9.3321     9.1240     9.3638   13.64217 3.7690e+01     -0.206 0.0000e+00
         54 291.722329    0.00368     0.2208     13.250  1013.6613  28544.232    17.8122     -0.154    7.20747     9.4692     9.2102    13.6620   13.10890 3.6776e+01     -0.155 0.0000e+00
         55 291.722332    0.00375     0.2250     13.500  1017.3049  35842.304    22.5047     -0.095    6.96871     9.5980     9.3321    17.3053   12.64657 3.5632e+01     -0.096 0.0000e+00
         56 291.722335    0.00382     0.2292     13.750  1019.5896  40410.514    25.4589     -0.030    6.81002     9.7079     9.4691    19.5898   12.34185 3.3796e+01     -0.031 0.0000e+00
         57 291.722338    0.00389     0.2333     14.000  1020.9312  43102.480    27.2029      0.049    6.70924     9.7967     9.5979    20.9309   12.15015 3.0926e+01      0.050 0.0000e+00
         58 291.722341    0.00396     0.2375     14.250  1021.7164  44685.014    28.2304      0.150    6.64485     9.8649     9.7078    21.7158   12.02886 2.6615e+01      0.152 0.0000e+00
         59 291.722344    0.00403     0.2417     14.500  1022.1719  45608.130    28.8311      0.269    6.60358     9.9143     9.7967    22.1708   11.95190 2.1902e+01      0.271 0.0000e+00
         60 291.722347    0.00410     0.2458     14.750  1022.4332  46141.357    29.1789      0.394    6.57721     9.9481     9.8649    22.4315   11.90321 1.9271e+01      0.397 0.0000e+00
         61 291.722350    0.00417     0.2500     15.000  1022.5812  46445.808    29.3777      0.517    6.56057     9.9695     9.9143    22.5789   11.87276 1.9096e+01      0.521 0.0000e+00
         62 291.722352    0.00424     0.2542     15.250  1022.6616  46613.277    29.4868      0.630    6.55042     9.9807     9.9481    22.6587   11.85433 1.9824e+01      0.635 0.0000e+00
         63 291.722355    0.00431     0.2583     15.500  1022.7004  46696.400    29.5402      0.724    6.54467     9.9833     9.9695    22.6970   11.84400 2.0493e+01      0.731 0.0000e+00
         64 291.722358    0.00438     0.2625     15.750  1022.7165  46732.875    29.5627      0.792    6.54186     9.9800     9.9807    22.7128   11.83897 2.1113e+01      0.800 0.0000e+00
         65 291.722361    0.00444     0.2667     16.000  1022.7284  46758.422    29.5783      0.829    6.54069     9.9761     9.9833    22.7246   11.83676 2.2034e+01      0.837 0.0000e+00
         66 291.722364    0.00451     0.2708     16.250  1022.7480  46796.039    29.6026      0.840    6.54003     9.9761     9.9801    22.7441   11.83535 2.3141e+01      0.848 0.0000e+00
         67 291.722367    0.00458     0.2750     16.500  1022.7736  46843.761    29.6347      0.835    6.53919     9.9805     9.9762    22.7697   11.83355 2.4005e+01      0.843 0.0000e+00
         68 291.722370    0.00465     0.2792     16.750  1022.7951  46884.041    29.6623      0.824    6.53801     9.9875     9.9761    22.7913   11.83124 2.4653e+01      0.832 0.0000e+00
         69 291.722373    0.00472     0.2833     17.000  1022.8063  46905.609    29.6776      0.815    6.53671     9.9949     9.9806    22.8025   11.82889 2.5224e+01      0.822 0.0000e+00
         70 291.722376    0.00479     0.2875     17.250  1022.8086  46911.036    29.6820      0.813    6.53551    10.0013     9.9876    22.8049   11.82684 2.5402e+01      0.820 0.0000e+00
         71 291.722378    0.00486     0.2917     17.500  1022.8062  46907.714    29.6804      0.820    6.53451    10.0064     9.9949    22.8025   11.82521 2.4956e+01      0.827 0.0000e+00
         72 291.722381    0.00493     0.2958     17.750  1022.8023  46901.255    29.6766      0.835    6.53374    10.0102    10.0014    22.7984   11.82398 2.4314e+01      0.843 0.0000e+00
         73 291.722384    0.00500     0.3000     18.000  1022.7983  46894.443    29.6724      0.856    6.53319    10.0131    10.0065    22.7943   11.82310 2.3959e+01      0.864 0.0000e+00
         74 291.722387    0.00507     0.3042     18.250  1022.7948  46888.351    29.6685      0.877    6.53280    10.0154    10.0103    22.7907   11.82251 2.3758e+01      0.886 0.0000e+00
         75 291.722390    0.00514     0.3083     18.500  1022.7924  46884.202    29.6659      0.896    6.53250    10.0174    10.0132    22.7883   11.82203 2.3558e+01      0.905 0.0000e+00
         76 291.722393    0.00521     0.3125     18.750  1022.7923  46884.249    29.6662      0.908    6.53215    10.0193    10.0155    22.7881   11.82146 2.3482e+01      0.917 0.0000e+00
         77 291.722396    0.00528     0.3167     19.000  1022.7953  46889.895    29.6704      0.913    6.53168    10.0210    10.0175    22.7911   11.82063 2.3492e+01      0.922 0.0000e+00
         78 291.722399    0.00535     0.3208     19.250  1022.8005  46899.699    29.6775      0.911    6.53112    10.0226    10.0194    22.7963   11.81961 2.3490e+01      0.919 0.0000e+00
         79 291.722402    0.00542     0.3250     19.500  1022.8061  46910.299    29.6851      0.904    6.53056    10.0241    10.0211    22.8020   11.81859 2.3615e+01      0.912 0.0000e+00
         80 291.722405    0.00549     0.3292     19.750  1022.8106  46918.747    29.6912      0.896    6.53007    10.0253    10.0227    22.8065   11.81771 2.3983e+01      0.904 0.0000e+00
         81 291.722407    0.00556     0.3333     20.000  1022.8133  46924.004    29.6951      0.888    6.52970    10.0261    10.0242    22.8092   11.81705 2.4316e+01      0.897 0.0000e+00
         82 291.722410    0.00562     0.3375     20.250  1022.8147  46926.848    29.6972      0.881    6.52944    10.0268    10.0254    22.8107   11.81659 2.4366e+01      0.889 0.0000e+00
         83 291.722413    0.00569     0.3417     20.500  1022.8156  46928.627    29.6986      0.871    6.52926    10.0274    10.0262    22.8116   11.81627 2.4337e+01      0.880 0.0000e+00
         84 291.722416    0.00576     0.3458     20.750  1022.8165  46930.482    29.7000      0.860    6.52911    10.0281    10.0269    22.8126   11.81600 2.4296e+01      0.868 0.0000e+00
         85 291.722419    0.00583     0.3500     21.000  1022.8179  46933.112    29.7019      0.849    6.52894    10.0288    10.0275    22.8140   11.81570 2.4040e+01      0.857 0.0000e+00
