CTD-processing/allCTD/CNV--homogene/2014_10-18_t7_s23_cast142.cnv
* Sea-Bird SBE19plus Data File:
* FileName = C:\Users\kris.holderied\Documents\kasitsna\Research-Projects-and-Data\Oceanography-AK\CTD-Data-ALL-to-2014-10\2014-CTD-KachemakBay-CookInlet\2014-10-EVOSTC-CookInlet\2014-10-17-CookInlet-Tran7-Augustine\2014-10-18-CookInlet-Tran7-cast142.hex
* Software Version 1.59
* Temperature SN =  4141
* Conductivity SN =  4141
* System UpLoad Time = Oct 18 2014 20:44:53
** Cook Inlet LTM Tran7 (Augustine) west to east 2ND RUN
** Date: 10-18
** Station: 7-23
** Start time:  19:16
** Depth (m): 49
** Comment:  CTD time is Alaska Daylight time.  R/V Pandalus. Transducer  depth.
** Comment:
# nquan = 17
# nvalues = 564                         
# units = specified
# name 0 = scan: Scan Count
# name 1 = timeJ: Julian Days
# name 2 = timeH: Time, Elapsed [hours]
# name 3 = timeM: Time, Elapsed [minutes]
# name 4 = timeS: Time, Elapsed [seconds]
# name 5 = density00: Density [density, kg/m^3]
# name 6 = specc: Specific Conductance [uS/cm]
# name 7 = sal00: Salinity, Practical [PSU]
# name 8 = depSM: Depth [salt water, m], lat = 59.00
# name 9 = oxsolML/L: Oxygen Saturation, Garcia & Gordon [ml/l]
# name 10 = potemp090C: Potential Temperature [ITS-90, deg C]
# name 11 = tv290C: Temperature [ITS-90, deg C]
# name 12 = sigma-é00: Density [sigma-theta, kg/m^3]
# name 13 = n2satML/L: Nitrogen Saturation [ml/l]
# name 14 = par: PAR/Irradiance, Biospherical/Licor
# name 15 = prdM: Pressure, Strain Gauge [db]
# name 16 = flag:  0.000e+00
# span 0 =          1,        564       
# span 1 = 291.803449, 291.805078       
# span 2 =    0.00000,    0.03910       
# span 3 =     0.0000,     2.3458       
# span 4 =      0.000,    140.750       
# span 5 =  1000.9238,  1023.7302       
# span 6 =   2751.981,  48247.177       
# span 7 =     1.3997,    30.5957       
# span 8 =     -0.299,     44.697       
# span 9 =    6.50267,    8.14815       
# span 10 =     8.2948,    10.1601      
# span 11 =     8.2948,    10.1610      
# span 12 =     0.9251,    23.5255      
# span 13 =   11.76251,   14.90608      
# span 14 = 4.0662e-02, 1.2327e+00      
# span 15 =     -0.302,     45.123      
# span 16 = 0.0000e+00, 0.0000e+00      
# interval = seconds: 0.25
# start_time = Oct 18 2014 19:16:58 [Instrument's time stamp, header]
# bad_flag = -9.990e-29
*END*
[from data line 341]
        342 291.804436    0.02368     1.4208     85.250  1022.8693  46997.422    29.7602      6.810    6.50745    10.1601    10.1608    22.8382   11.77937 6.9071e-02      6.875 0.0000e+00
        343 291.804439    0.02375     1.4250     85.500  1022.8696  46997.200    29.7600      6.893    6.50745    10.1601    10.1608    22.8380   11.77938 6.8636e-02      6.958 0.0000e+00
        344 291.804442    0.02382     1.4292     85.750  1022.8698  46997.019    29.7599      6.967    6.50746    10.1600    10.1608    22.8379   11.77939 6.8221e-02      7.033 0.0000e+00
        345 291.804444    0.02389     1.4333     86.000  1022.8700  46996.927    29.7598      7.038    6.50747    10.1598    10.1608    22.8378   11.77940 6.7898e-02      7.105 0.0000e+00
        346 291.804447    0.02396     1.4375     86.250  1022.8704  46996.928    29.7597      7.113    6.50748    10.1597    10.1607    22.8377   11.77943 6.7629e-02      7.180 0.0000e+00
        347 291.804450    0.02403     1.4417     86.500  1022.8708  46997.044    29.7598      7.196    6.50750    10.1595    10.1606    22.8378   11.77945 6.7301e-02      7.265 0.0000e+00
        348 291.804453    0.02410     1.4458     86.750  1022.8713  46997.243    29.7599      7.292    6.50752    10.1594    10.1604    22.8379   11.77948 6.6890e-02      7.361 0.0000e+00
        349 291.804456    0.02417     1.4500     87.000  1022.8719  46997.462    29.7599      7.399    6.50754    10.1593    10.1603    22.8380   11.77951 6.6446e-02      7.468 0.0000e+00
        350 291.804459    0.02424     1.4542     87.250  1022.8725  46997.643    29.7600      7.515    6.50755    10.1593    10.1602    22.8381   11.77953 6.5942e-02      7.586 0.0000e+00
        351 291.804462    0.02431     1.4583     87.500  1022.8731  46997.698    29.7600      7.637    6.50756    10.1593    10.1601    22.8381   11.77955 6.5339e-02      7.708 0.0000e+00
        352 291.804465    0.02438     1.4625     87.750  1022.8735  46997.611    29.7599      7.758    6.50757    10.1593    10.1601    22.8380   11.77956 6.4699e-02      7.831 0.0000e+00
        353 291.804468    0.02444     1.4667     88.000  1022.8739  46997.426    29.7597      7.876    6.50757    10.1595    10.1601    22.8379   11.77957 6.4121e-02      7.950 0.0000e+00
        354 291.804470    0.02451     1.4708     88.250  1022.8742  46997.163    29.7595      7.986    6.50757    10.1596    10.1602    22.8377   11.77957 6.3639e-02      8.061 0.0000e+00
        355 291.804473    0.02458     1.4750     88.500  1022.8745  46996.811    29.7592      8.087    6.50756    10.1597    10.1603    22.8375   11.77956 6.3252e-02      8.163 0.0000e+00
        356 291.804476    0.02465     1.4792     88.750  1022.8747  46996.436    29.7589      8.179    6.50755    10.1598    10.1605    22.8372   11.77955 6.2959e-02      8.256 0.0000e+00
        357 291.804479    0.02472     1.4833     89.000  1022.8749  46996.153    29.7587      8.264    6.50754    10.1598    10.1606    22.8370   11.77954 6.2743e-02      8.342 0.0000e+00
        358 291.804482    0.02479     1.4875     89.250  1022.8751  46995.969    29.7585      8.345    6.50753    10.1599    10.1607    22.8369   11.77953 6.2581e-02      8.424 0.0000e+00
        359 291.804485    0.02486     1.4917     89.500  1022.8754  46995.855    29.7584      8.426    6.50753    10.1600    10.1608    22.8368   11.77951 6.2455e-02      8.506 0.0000e+00
        360 291.804488    0.02493     1.4958     89.750  1022.8757  46995.812    29.7584      8.510    6.50752    10.1600    10.1609    22.8367   11.77950 6.2348e-02      8.591 0.0000e+00
        361 291.804491    0.02500     1.5000     90.000  1022.8761  46995.865    29.7584      8.599    6.50751    10.1599    10.1609    22.8367   11.77948 6.2231e-02      8.681 0.0000e+00
        362 291.804494    0.02507     1.5042     90.250  1022.8766  46996.001    29.7585      8.696    6.50750    10.1597    10.1610    22.8368   11.77947 6.2060e-02      8.778 0.0000e+00
        363 291.804497    0.02514     1.5083     90.500  1022.8771  46996.107    29.7585      8.799    6.50751    10.1594    10.1609    22.8368   11.77948 6.1809e-02      8.882 0.0000e+00
        364 291.804499    0.02521     1.5125     90.750  1022.8776  46996.076    29.7584      8.908    6.50753    10.1591    10.1607    22.8368   11.77953 6.1501e-02      8.992 0.0000e+00
        365 291.804502    0.02528     1.5167     91.000  1022.8781  46996.114    29.7584      9.023    6.50758    10.1586    10.1604    22.8368   11.77960 6.1190e-02      9.108 0.0000e+00
        366 291.804505    0.02535     1.5208     91.250  1022.8790  46996.686    29.7587      9.142    6.50762    10.1582    10.1601    22.8371   11.77966 6.0897e-02      9.229 0.0000e+00
        367 291.804508    0.02542     1.5250     91.500  1022.8802  46997.903    29.7595      9.265    6.50765    10.1580    10.1596    22.8378   11.77970 6.0613e-02      9.353 0.0000e+00
        368 291.804511    0.02549     1.5292     91.750  1022.8816  46999.380    29.7604      9.390    6.50766    10.1578    10.1593    22.8386   11.77971 6.0325e-02      9.479 0.0000e+00
        369 291.804514    0.02556     1.5333     92.000  1022.8829  47000.732    29.7613      9.515    6.50766    10.1578    10.1590    22.8393   11.77970 6.0015e-02      9.605 0.0000e+00
        370 291.804517    0.02562     1.5375     92.250  1022.8840  47001.760    29.7619      9.640    6.50766    10.1578    10.1588    22.8398   11.77968 5.9671e-02      9.732 0.0000e+00
        371 291.804520    0.02569     1.5417     92.500  1022.8848  47002.324    29.7622      9.764    6.50765    10.1577    10.1588    22.8401   11.77967 5.9306e-02      9.857 0.0000e+00
        372 291.804523    0.02576     1.5458     92.750  1022.8854  47002.466    29.7623      9.886    6.50765    10.1577    10.1588    22.8401   11.77967 5.8935e-02      9.980 0.0000e+00
        373 291.804525    0.02583     1.5500     93.000  1022.8859  47002.403    29.7622     10.005    6.50765    10.1576    10.1588    22.8400   11.77967 5.8572e-02     10.099 0.0000e+00
        374 291.804528    0.02590     1.5542     93.250  1022.8863  47002.251    29.7620     10.120    6.50766    10.1575    10.1588    22.8399   11.77969 5.8258e-02     10.215 0.0000e+00
        375 291.804531    0.02597     1.5583     93.500  1022.8866  47001.993    29.7618     10.230    6.50768    10.1573    10.1587    22.8398   11.77973 5.8021e-02     10.327 0.0000e+00
        376 291.804534    0.02604     1.5625     93.750  1022.8869  47001.663    29.7615     10.337    6.50771    10.1571    10.1586    22.8396   11.77978 5.7841e-02     10.435 0.0000e+00
        377 291.804537    0.02611     1.5667     94.000  1022.8872  47001.351    29.7612     10.440    6.50774    10.1568    10.1585    22.8394   11.77984 5.7697e-02     10.539 0.0000e+00
        378 291.804540    0.02618     1.5708     94.250  1022.8875  47001.100    29.7610     10.541    6.50778    10.1566    10.1583    22.8392   11.77991 5.7588e-02     10.640 0.0000e+00
        379 291.804543    0.02625     1.5750     94.500  1022.8878  47000.912    29.7608     10.638    6.50782    10.1564    10.1580    22.8391   11.77998 5.7490e-02     10.738 0.0000e+00
        380 291.804546    0.02632     1.5792     94.750  1022.8881  47000.687    29.7606     10.734    6.50786    10.1562    10.1578    22.8390   11.78005 5.7373e-02     10.835 0.0000e+00
        381 291.804549    0.02639     1.5833     95.000  1022.8883  47000.258    29.7602     10.829    6.50791    10.1559    10.1576    22.8387   11.78013 5.7238e-02     10.932 0.0000e+00
        382 291.804552    0.02646     1.5875     95.250  1022.8884  46999.584    29.7597     10.925    6.50796    10.1556    10.1574    22.8383   11.78022 5.7069e-02     11.029 0.0000e+00
        383 291.804554    0.02653     1.5917     95.500  1022.8883  46998.625    29.7589     11.026    6.50802    10.1552    10.1572    22.8378   11.78034 5.6856e-02     11.130 0.0000e+00
        384 291.804557    0.02660     1.5958     95.750  1022.8880  46997.193    29.7578     11.132    6.50811    10.1546    10.1569    22.8370   11.78050 5.6625e-02     11.238 0.0000e+00
        385 291.804560    0.02667     1.6000     96.000  1022.8874  46995.167    29.7563     11.248    6.50823    10.1539    10.1565    22.8359   11.78071 5.6380e-02     11.355 0.0000e+00
        386 291.804563    0.02674     1.6042     96.250  1022.8869  46993.163    29.7548     11.375    6.50838    10.1533    10.1559    22.8348   11.78097 5.6098e-02     11.482 0.0000e+00
        387 291.804566    0.02681     1.6083     96.500  1022.8870  46992.213    29.7540     11.511    6.50851    10.1530    10.1552    22.8343   11.78119 5.5767e-02     11.620 0.0000e+00
        388 291.804569    0.02688     1.6125     96.750  1022.8877  46992.284    29.7539     11.657    6.50860    10.1529    10.1546    22.8343   11.78134 5.5436e-02     11.767 0.0000e+00
        389 291.804572    0.02694     1.6167     97.000  1022.8886  46992.754    29.7542     11.807    6.50863    10.1531    10.1543    22.8345   11.78140 5.5150e-02     11.918 0.0000e+00
        390 291.804575    0.02701     1.6208     97.250  1022.8897  46993.513    29.7546     11.957    6.50862    10.1535    10.1542    22.8349   11.78138 5.4892e-02     12.070 0.0000e+00
        391 291.804578    0.02708     1.6250     97.500  1022.8909  46994.542    29.7553     12.104    6.50857    10.1540    10.1544    22.8354   11.78128 5.4645e-02     12.219 0.0000e+00
        392 291.804580    0.02715     1.6292     97.750  1022.8921  46995.648    29.7561     12.245    6.50848    10.1547    10.1548    22.8360   11.78111 5.4411e-02     12.361 0.0000e+00
        393 291.804583    0.02722     1.6333     98.000  1022.8931  46996.535    29.7567     12.378    6.50836    10.1554    10.1554    22.8364   11.78092 5.4199e-02     12.495 0.0000e+00
        394 291.804586    0.02729     1.6375     98.250  1022.8938  46997.036    29.7571     12.503    6.50825    10.1560    10.1561    22.8365   11.78072 5.4016e-02     12.622 0.0000e+00
        395 291.804589    0.02736     1.6417     98.500  1022.8944  46997.294    29.7573     12.623    6.50814    10.1564    10.1568    22.8366   11.78055 5.3859e-02     12.742 0.0000e+00
        396 291.804592    0.02743     1.6458     98.750  1022.8950  46997.453    29.7574     12.741    6.50806    10.1568    10.1574    22.8366   11.78040 5.3713e-02     12.861 0.0000e+00
        397 291.804595    0.02750     1.6500     99.000  1022.8956  46997.590    29.7575     12.862    6.50799    10.1571    10.1579    22.8366   11.78028 5.3559e-02     12.983 0.0000e+00
        398 291.804598    0.02757     1.6542     99.250  1022.8962  46997.819    29.7577     12.988    6.50793    10.1573    10.1583    22.8367   11.78018 5.3386e-02     13.111 0.0000e+00
        399 291.804601    0.02764     1.6583     99.500  1022.8970  46998.184    29.7579     13.124    6.50787    10.1576    10.1586    22.8368   11.78009 5.3190e-02     13.248 0.0000e+00
        400 291.804604    0.02771     1.6625     99.750  1022.8978  46998.607    29.7582     13.271    6.50782    10.1578    10.1588    22.8370   11.78000 5.2951e-02     13.397 0.0000e+00
        401 291.804606    0.02778     1.6667    100.000  1022.8987  46998.982    29.7584     13.431    6.50778    10.1580    10.1591    22.8371   11.77992 5.2686e-02     13.558 0.0000e+00
        402 291.804609    0.02785     1.6708    100.250  1022.8996  46999.317    29.7586     13.601    6.50774    10.1581    10.1593    22.8372   11.77985 5.2413e-02     13.730 0.0000e+00
        403 291.804612    0.02792     1.6750    100.500  1022.9005  46999.724    29.7589     13.777    6.50770    10.1583    10.1595    22.8374   11.77978 5.2117e-02     13.908 0.0000e+00
        404 291.804615    0.02799     1.6792    100.750  1022.9016  47000.327    29.7592     13.954    6.50765    10.1583    10.1597    22.8377   11.77971 5.1809e-02     14.086 0.0000e+00
        405 291.804618    0.02806     1.6833    101.000  1022.9029  47001.292    29.7598     14.126    6.50761    10.1582    10.1598    22.8381   11.77963 5.1526e-02     14.259 0.0000e+00
        406 291.804621    0.02813     1.6875    101.250  1022.9044  47002.834    29.7608     14.287    6.50756    10.1580    10.1598    22.8389   11.77954 5.1287e-02     14.422 0.0000e+00
        407 291.804624    0.02819     1.6917    101.500  1022.9064  47005.274    29.7625     14.436    6.50750    10.1576    10.1598    22.8402   11.77941 5.1090e-02     14.572 0.0000e+00
        408 291.804627    0.02826     1.6958    101.750  1022.9088  47008.564    29.7648     14.571    6.50744    10.1571    10.1596    22.8420   11.77928 5.0921e-02     14.709 0.0000e+00
        409 291.804630    0.02833     1.7000    102.000  1022.9111  47011.832    29.7670     14.694    6.50740    10.1566    10.1592    22.8438   11.77919 5.0776e-02     14.833 0.0000e+00
        410 291.804633    0.02840     1.7042    102.250  1022.9133  47014.962    29.7691     14.810    6.50738    10.1560    10.1587    22.8455   11.77914 5.0645e-02     14.950 0.0000e+00
        411 291.804635    0.02847     1.7083    102.500  1022.9161  47019.136    29.7719     14.923    6.50733    10.1552    10.1582    22.8477   11.77903 5.0507e-02     15.064 0.0000e+00
        412 291.804638    0.02854     1.7125    102.750  1022.9198  47024.937    29.7759     15.040    6.50725    10.1542    10.1577    22.8509   11.77884 5.0359e-02     15.183 0.0000e+00
        413 291.804641    0.02861     1.7167    103.000  1022.9243  47032.002    29.7807     15.167    6.50716    10.1530    10.1569    22.8548   11.77863 5.0203e-02     15.311 0.0000e+00
        414 291.804644    0.02868     1.7208    103.250  1022.9294  47040.073    29.7861     15.308    6.50707    10.1516    10.1559    22.8592   11.77842 5.0022e-02     15.453 0.0000e+00
        415 291.804647    0.02875     1.7250    103.500  1022.9354  47049.684    29.7927     15.465    6.50697    10.1499    10.1547    22.8645   11.77817 4.9810e-02     15.612 0.0000e+00
        416 291.804650    0.02882     1.7292    103.750  1022.9426  47061.396    29.8006     15.636    6.50683    10.1481    10.1533    22.8710   11.77785 4.9572e-02     15.784 0.0000e+00
        417 291.804653    0.02889     1.7333    104.000  1022.9503  47073.841    29.8091     15.817    6.50672    10.1463    10.1517    22.8779   11.77756 4.9316e-02     15.967 0.0000e+00
        418 291.804656    0.02896     1.7375    104.250  1022.9570  47084.294    29.8161     16.002    6.50669    10.1449    10.1499    22.8836   11.77742 4.9063e-02     16.154 0.0000e+00
        419 291.804659    0.02903     1.7417    104.500  1022.9617  47091.269    29.8207     16.185    6.50675    10.1440    10.1481    22.8875   11.77747 4.8836e-02     16.338 0.0000e+00
        420 291.804661    0.02910     1.7458    104.750  1022.9646  47095.141    29.8232     16.357    6.50684    10.1435    10.1467    22.8897   11.77760 4.8638e-02     16.513 0.0000e+00
        421 291.804664    0.02917     1.7500    105.000  1022.9664  47097.070    29.8244     16.516    6.50692    10.1432    10.1458    22.8907   11.77772 4.8470e-02     16.673 0.0000e+00
        422 291.804667    0.02924     1.7542    105.250  1022.9676  47098.089    29.8250     16.659    6.50697    10.1431    10.1453    22.8913   11.77778 4.8340e-02     16.817 0.0000e+00
        423 291.804670    0.02931     1.7583    105.500  1022.9685  47098.711    29.8253     16.788    6.50698    10.1430    10.1451    22.8916   11.77780 4.8243e-02     16.947 0.0000e+00
        424 291.804673    0.02937     1.7625    105.750  1022.9692  47099.063    29.8255     16.904    6.50699    10.1430    10.1450    22.8918   11.77781 4.8173e-02     17.065 0.0000e+00
        425 291.804676    0.02944     1.7667    106.000  1022.9698  47099.324    29.8257     17.016    6.50699    10.1429    10.1449    22.8919   11.77782 4.8111e-02     17.177 0.0000e+00
