CTD-processing/allCTD/CNV--homogene/2014_10-19_t9_s03_cast145.cnv
* Sea-Bird SBE19plus Data File:
* FileName = C:\Users\kris.holderied\Documents\kasitsna\Research-Projects-and-Data\Oceanography-AK\CTD-Data-ALL-to-2014-10\2014-CTD-KachemakBay-CookInlet\2014-10-EVOSTC-CookInlet\2014-10-19-CookInlet-Tran9-HomerSpit\2014-10-19-CookInlet-Tran9-cast145.hex
* Software Version 1.59
* Temperature SN =  4141
* Conductivity SN =  4141
* System UpLoad Time = Nov 25 2014 12:48:46
** Cook Inlet LTM Tran9 (Homer Spit) south to north
** Date: 10-19
** Station: 9-03
** Start time:  10:27
** Depth (m): 94
** Comment:  CTD time is Alaska Daylight time.  R/V Pandalus. Transducer  depth.
** Comment:
# nquan = 17
# nvalues = 796                         
# units = specified
# name 0 = scan: Scan Count
# name 1 = timeJ: Julian Days
# name 2 = timeH: Time, Elapsed [hours]
# name 3 = timeM: Time, Elapsed [minutes]
# name 4 = timeS: Time, Elapsed [seconds]
# name 5 = density00: Density [density, kg/m^3]
# name 6 = specc: Specific Conductance [uS/cm]
# name 7 = sal00: Salinity, Practical [PSU]
# name 8 = depSM: Depth [salt water, m], lat = 59.00
# name 9 = oxsolML/L: Oxygen Saturation, Garcia & Gordon [ml/l]
# name 10 = potemp090C: Potential Temperature [ITS-90, deg C]
# name 11 = tv290C: Temperature [ITS-90, deg C]
# name 12 = sigma-é00: Density [sigma-theta, kg/m^3]
# name 13 = n2satML/L: Nitrogen Saturation [ml/l]
# name 14 = par: PAR/Irradiance, Biospherical/Licor
# name 15 = prdM: Pressure, Strain Gauge [db]
# name 16 = flag:  0.000e+00
# span 0 =          1,        796       
# span 1 = 292.435579, 292.437879       
# span 2 =    0.00000,    0.05521       
# span 3 =     0.0000,     3.3125       
# span 4 =      0.000,    198.750       
# span 5 =  1000.7918,  1024.1995       
# span 6 =   2478.984,  48686.943       
# span 7 =     1.2555,    30.8564       
# span 8 =     -0.326,     95.008       
# span 9 =    6.52398,    8.07859       
# span 10 =     8.4825,     9.7360      
# span 11 =     8.4826,     9.7399      
# span 12 =     0.7933,    23.7644      
# span 13 =   11.79356,   14.78894      
# span 14 = 3.6382e-02, 4.2392e+01      
# span 15 =     -0.329,     95.926      
# span 16 = 0.0000e+00, 0.0000e+00      
# interval = seconds: 0.25
# start_time = Oct 19 2014 10:27:14 [Instrument's time stamp, header]
# bad_flag = -9.990e-29
*END*
[from data line 426]
        427 292.436811    0.02958     1.7750    106.500  1023.7559  48388.593    30.6748     29.461    6.53108     9.7251     9.7287    23.6208   11.80752 3.6382e-02     29.741 0.0000e+00
        428 292.436814    0.02965     1.7792    106.750  1023.7582  48390.950    30.6764     29.700    6.53104     9.7248     9.7285    23.6220   11.80743 3.6382e-02     29.982 0.0000e+00
        429 292.436817    0.02972     1.7833    107.000  1023.7607  48393.598    30.6781     29.938    6.53099     9.7244     9.7283    23.6234   11.80733 3.6382e-02     30.222 0.0000e+00
        430 292.436820    0.02979     1.7875    107.250  1023.7632  48396.405    30.6799     30.172    6.53095     9.7240     9.7281    23.6249   11.80724 3.6382e-02     30.459 0.0000e+00
        431 292.436823    0.02986     1.7917    107.500  1023.7657  48399.134    30.6817     30.403    6.53093     9.7235     9.7277    23.6264   11.80718 3.6382e-02     30.692 0.0000e+00
        432 292.436826    0.02993     1.7958    107.750  1023.7681  48401.642    30.6833     30.630    6.53092     9.7230     9.7273    23.6277   11.80715 3.6382e-02     30.921 0.0000e+00
        433 292.436829    0.03000     1.8000    108.000  1023.7703  48403.818    30.6847     30.854    6.53094     9.7225     9.7268    23.6289   11.80716 3.6382e-02     31.148 0.0000e+00
        434 292.436832    0.03007     1.8042    108.250  1023.7722  48405.519    30.6857     31.075    6.53096     9.7221     9.7263    23.6298   11.80719 3.6382e-02     31.370 0.0000e+00
        435 292.436834    0.03014     1.8083    108.500  1023.7738  48406.744    30.6864     31.292    6.53100     9.7219     9.7259    23.6304   11.80723 3.6382e-02     31.589 0.0000e+00
        436 292.436837    0.03021     1.8125    108.750  1023.7753  48407.670    30.6869     31.505    6.53103     9.7217     9.7255    23.6308   11.80727 3.6382e-02     31.804 0.0000e+00
        437 292.436840    0.03028     1.8167    109.000  1023.7766  48408.438    30.6874     31.713    6.53105     9.7216     9.7253    23.6312   11.80730 3.6382e-02     32.014 0.0000e+00
        438 292.436843    0.03035     1.8208    109.250  1023.7778  48409.072    30.6877     31.915    6.53105     9.7217     9.7251    23.6315   11.80731 3.6382e-02     32.219 0.0000e+00
        439 292.436846    0.03042     1.8250    109.500  1023.7791  48409.789    30.6881     32.112    6.53104     9.7216     9.7251    23.6318   11.80728 3.6382e-02     32.417 0.0000e+00
        440 292.436849    0.03049     1.8292    109.750  1023.7804  48410.823    30.6888     32.302    6.53100     9.7215     9.7252    23.6323   11.80721 3.6382e-02     32.610 0.0000e+00
        441 292.436852    0.03056     1.8333    110.000  1023.7820  48412.261    30.6897     32.488    6.53097     9.7214     9.7251    23.6331   11.80714 3.6382e-02     32.797 0.0000e+00
        442 292.436855    0.03062     1.8375    110.250  1023.7838  48414.122    30.6909     32.672    6.53093     9.7213     9.7250    23.6340   11.80707 3.6382e-02     32.983 0.0000e+00
        443 292.436858    0.03069     1.8417    110.500  1023.7858  48416.264    30.6923     32.857    6.53089     9.7215     9.7249    23.6352   11.80699 3.6382e-02     33.170 0.0000e+00
        444 292.436861    0.03076     1.8458    110.750  1023.7879  48418.601    30.6939     33.047    6.53083     9.7220     9.7248    23.6364   11.80687 3.6382e-02     33.362 0.0000e+00
        445 292.436863    0.03083     1.8500    111.000  1023.7900  48421.016    30.6955     33.245    6.53073     9.7226     9.7250    23.6376   11.80669 3.6382e-02     33.562 0.0000e+00
        446 292.436866    0.03090     1.8542    111.250  1023.7921  48423.186    30.6970     33.454    6.53060     9.7234     9.7255    23.6387   11.80645 3.6382e-02     33.773 0.0000e+00
        447 292.436869    0.03097     1.8583    111.500  1023.7939  48424.836    30.6982     33.675    6.53045     9.7243     9.7262    23.6395   11.80619 3.6382e-02     33.995 0.0000e+00
        448 292.436872    0.03104     1.8625    111.750  1023.7956  48426.208    30.6992     33.905    6.53029     9.7253     9.7271    23.6401   11.80591 3.6382e-02     34.227 0.0000e+00
        449 292.436875    0.03111     1.8667    112.000  1023.7975  48427.892    30.7004     34.141    6.53011     9.7263     9.7280    23.6409   11.80559 3.6382e-02     34.466 0.0000e+00
        450 292.436878    0.03118     1.8708    112.250  1023.7996  48430.016    30.7019     34.379    6.52991     9.7274     9.7290    23.6420   11.80523 3.6382e-02     34.707 0.0000e+00
        451 292.436881    0.03125     1.8750    112.500  1023.8018  48432.270    30.7035     34.613    6.52968     9.7284     9.7301    23.6431   11.80485 3.6382e-02     34.943 0.0000e+00
        452 292.436884    0.03132     1.8792    112.750  1023.8039  48434.438    30.7051     34.839    6.52946     9.7293     9.7312    23.6442   11.80446 3.6382e-02     35.171 0.0000e+00
        453 292.436887    0.03139     1.8833    113.000  1023.8056  48436.117    30.7063     35.054    6.52926     9.7299     9.7322    23.6450   11.80411 3.6382e-02     35.388 0.0000e+00
        454 292.436889    0.03146     1.8875    113.250  1023.8070  48437.155    30.7070     35.257    6.52910     9.7306     9.7331    23.6454   11.80384 3.6382e-02     35.593 0.0000e+00
        455 292.436892    0.03153     1.8917    113.500  1023.8085  48438.526    30.7080     35.448    6.52895     9.7315     9.7338    23.6461   11.80359 3.6382e-02     35.786 0.0000e+00
        456 292.436895    0.03160     1.8958    113.750  1023.8106  48440.930    30.7097     35.630    6.52879     9.7329     9.7344    23.6473   11.80330 3.6382e-02     35.970 0.0000e+00
        457 292.436898    0.03167     1.9000    114.000  1023.8127  48443.424    30.7115     35.806    6.52857     9.7345     9.7354    23.6485   11.80292 3.6382e-02     36.147 0.0000e+00
        458 292.436901    0.03174     1.9042    114.250  1023.8139  48444.492    30.7124     35.979    6.52833     9.7356     9.7368    23.6490   11.80252 3.6382e-02     36.322 0.0000e+00
        459 292.436904    0.03181     1.9083    114.500  1023.8142  48443.848    30.7121     36.152    6.52813     9.7360     9.7383    23.6485   11.80218 3.6382e-02     36.497 0.0000e+00
        460 292.436907    0.03188     1.9125    114.750  1023.8140  48442.210    30.7110     36.328    6.52801     9.7354     9.7395    23.6475   11.80199 3.6382e-02     36.674 0.0000e+00
        461 292.436910    0.03194     1.9167    115.000  1023.8137  48440.377    30.7097     36.506    6.52801     9.7339     9.7399    23.6464   11.80201 3.6382e-02     36.854 0.0000e+00
        462 292.436913    0.03201     1.9208    115.250  1023.8137  48438.979    30.7085     36.688    6.52813     9.7316     9.7393    23.6456   11.80223 3.6382e-02     37.037 0.0000e+00
        463 292.436916    0.03208     1.9250    115.500  1023.8144  48438.547    30.7079     36.871    6.52837     9.7289     9.7378    23.6454   11.80263 3.6382e-02     37.222 0.0000e+00
        464 292.436918    0.03215     1.9292    115.750  1023.8159  48439.675    30.7084     37.055    6.52868     9.7264     9.7356    23.6461   11.80314 3.6382e-02     37.407 0.0000e+00
        465 292.436921    0.03222     1.9333    116.000  1023.8182  48442.064    30.7096     37.239    6.52901     9.7240     9.7329    23.6475   11.80366 3.6382e-02     37.593 0.0000e+00
        466 292.436924    0.03229     1.9375    116.250  1023.8206  48444.704    30.7111     37.424    6.52931     9.7217     9.7304    23.6490   11.80415 3.6382e-02     37.781 0.0000e+00
        467 292.436927    0.03236     1.9417    116.500  1023.8229  48447.328    30.7126     37.612    6.52959     9.7196     9.7280    23.6505   11.80459 3.6382e-02     37.970 0.0000e+00
        468 292.436930    0.03243     1.9458    116.750  1023.8255  48450.187    30.7142     37.804    6.52984     9.7177     9.7258    23.6521   11.80499 3.6382e-02     38.164 0.0000e+00
        469 292.436933    0.03250     1.9500    117.000  1023.8281  48453.105    30.7159     38.001    6.53008     9.7162     9.7237    23.6538   11.80536 3.6382e-02     38.363 0.0000e+00
        470 292.436936    0.03257     1.9542    117.250  1023.8305  48455.760    30.7175     38.205    6.53028     9.7151     9.7218    23.6553   11.80567 3.6382e-02     38.569 0.0000e+00
        471 292.436939    0.03264     1.9583    117.500  1023.8328  48458.120    30.7188     38.416    6.53043     9.7144     9.7203    23.6566   11.80591 3.6382e-02     38.782 0.0000e+00
        472 292.436942    0.03271     1.9625    117.750  1023.8348  48460.082    30.7200     38.633    6.53054     9.7139     9.7193    23.6577   11.80607 3.6382e-02     39.001 0.0000e+00
        473 292.436944    0.03278     1.9667    118.000  1023.8366  48461.527    30.7208     38.853    6.53060     9.7137     9.7186    23.6585   11.80617 3.6382e-02     39.223 0.0000e+00
        474 292.436947    0.03285     1.9708    118.250  1023.8382  48462.698    30.7215     39.073    6.53064     9.7135     9.7181    23.6591   11.80622 3.6382e-02     39.446 0.0000e+00
        475 292.436950    0.03292     1.9750    118.500  1023.8398  48463.814    30.7222     39.293    6.53065     9.7135     9.7179    23.6596   11.80622 3.6382e-02     39.667 0.0000e+00
        476 292.436953    0.03299     1.9792    118.750  1023.8412  48464.796    30.7227     39.509    6.53064     9.7135     9.7178    23.6601   11.80620 3.6382e-02     39.886 0.0000e+00
        477 292.436956    0.03306     1.9833    119.000  1023.8426  48465.600    30.7232     39.721    6.53062     9.7136     9.7178    23.6605   11.80617 3.6382e-02     40.100 0.0000e+00
        478 292.436959    0.03313     1.9875    119.250  1023.8438  48466.214    30.7236     39.927    6.53060     9.7136     9.7178    23.6608   11.80613 3.6382e-02     40.308 0.0000e+00
        479 292.436962    0.03319     1.9917    119.500  1023.8448  48466.574    30.7238     40.127    6.53058     9.7137     9.7179    23.6609   11.80610 3.6382e-02     40.510 0.0000e+00
        480 292.436965    0.03326     1.9958    119.750  1023.8458  48466.882    30.7239     40.321    6.53056     9.7137     9.7180    23.6610   11.80607 3.6382e-02     40.705 0.0000e+00
        481 292.436968    0.03333     2.0000    120.000  1023.8469  48467.401    30.7242     40.509    6.53054     9.7138     9.7180    23.6612   11.80602 3.6382e-02     40.895 0.0000e+00
        482 292.436970    0.03340     2.0042    120.250  1023.8480  48468.002    30.7245     40.693    6.53052     9.7138     9.7181    23.6615   11.80598 3.6382e-02     41.081 0.0000e+00
        483 292.436973    0.03347     2.0083    120.500  1023.8490  48468.413    30.7248     40.873    6.53050     9.7138     9.7182    23.6617   11.80594 3.6382e-02     41.263 0.0000e+00
        484 292.436976    0.03354     2.0125    120.750  1023.8499  48468.653    30.7249     41.050    6.53048     9.7139     9.7183    23.6617   11.80592 3.6382e-02     41.441 0.0000e+00
        485 292.436979    0.03361     2.0167    121.000  1023.8508  48468.909    30.7250     41.223    6.53047     9.7139     9.7183    23.6618   11.80590 3.6382e-02     41.616 0.0000e+00
        486 292.436982    0.03368     2.0208    121.250  1023.8517  48469.268    30.7252     41.394    6.53046     9.7139     9.7184    23.6619   11.80587 3.6382e-02     41.789 0.0000e+00
        487 292.436985    0.03375     2.0250    121.500  1023.8528  48469.893    30.7255     41.565    6.53043     9.7139     9.7184    23.6622   11.80583 3.6382e-02     41.961 0.0000e+00
        488 292.436988    0.03382     2.0292    121.750  1023.8541  48470.913    30.7262     41.736    6.53040     9.7139     9.7184    23.6628   11.80577 3.6382e-02     42.134 0.0000e+00
        489 292.436991    0.03389     2.0333    122.000  1023.8555  48472.173    30.7270     41.908    6.53036     9.7139     9.7185    23.6634   11.80569 3.6382e-02     42.308 0.0000e+00
        490 292.436994    0.03396     2.0375    122.250  1023.8570  48473.538    30.7279     42.082    6.53032     9.7138     9.7185    23.6641   11.80562 3.6382e-02     42.483 0.0000e+00
        491 292.436997    0.03403     2.0417    122.500  1023.8586  48474.983    30.7288     42.257    6.53029     9.7138     9.7185    23.6648   11.80554 3.6382e-02     42.660 0.0000e+00
        492 292.436999    0.03410     2.0458    122.750  1023.8602  48476.512    30.7298     42.433    6.53025     9.7137     9.7184    23.6656   11.80547 3.6382e-02     42.838 0.0000e+00
        493 292.437002    0.03417     2.0500    123.000  1023.8618  48478.172    30.7309     42.611    6.53021     9.7136     9.7184    23.6665   11.80539 3.6382e-02     43.017 0.0000e+00
        494 292.437005    0.03424     2.0542    123.250  1023.8635  48479.893    30.7320     42.790    6.53017     9.7134     9.7183    23.6674   11.80532 3.6382e-02     43.198 0.0000e+00
        495 292.437008    0.03431     2.0583    123.500  1023.8652  48481.463    30.7331     42.973    6.53015     9.7132     9.7182    23.6682   11.80526 3.6382e-02     43.383 0.0000e+00
        496 292.437011    0.03438     2.0625    123.750  1023.8668  48482.836    30.7339     43.160    6.53013     9.7129     9.7180    23.6689   11.80523 3.6382e-02     43.572 0.0000e+00
        497 292.437014    0.03444     2.0667    124.000  1023.8683  48484.140    30.7347     43.354    6.53013     9.7127     9.7178    23.6695   11.80521 3.6382e-02     43.767 0.0000e+00
        498 292.437017    0.03451     2.0708    124.250  1023.8699  48485.428    30.7355     43.555    6.53012     9.7124     9.7176    23.6702   11.80519 3.6382e-02     43.971 0.0000e+00
        499 292.437020    0.03458     2.0750    124.500  1023.8714  48486.682    30.7363     43.766    6.53012     9.7121     9.7174    23.6708   11.80518 3.6382e-02     44.184 0.0000e+00
        500 292.437023    0.03465     2.0792    124.750  1023.8730  48487.849    30.7370     43.983    6.53013     9.7118     9.7171    23.6714   11.80519 3.6382e-02     44.403 0.0000e+00
        501 292.437025    0.03472     2.0833    125.000  1023.8746  48488.969    30.7376     44.205    6.53014     9.7115     9.7168    23.6720   11.80521 3.6382e-02     44.627 0.0000e+00
        502 292.437028    0.03479     2.0875    125.250  1023.8761  48490.042    30.7383     44.428    6.53016     9.7112     9.7165    23.6725   11.80523 3.6382e-02     44.853 0.0000e+00
        503 292.437031    0.03486     2.0917    125.500  1023.8776  48490.895    30.7387     44.648    6.53019     9.7109     9.7163    23.6729   11.80526 3.6382e-02     45.075 0.0000e+00
        504 292.437034    0.03493     2.0958    125.750  1023.8789  48491.573    30.7391     44.861    6.53021     9.7107     9.7160    23.6733   11.80530 3.6382e-02     45.289 0.0000e+00
        505 292.437037    0.03500     2.1000    126.000  1023.8801  48492.209    30.7394     45.063    6.53023     9.7105     9.7157    23.6736   11.80533 3.6382e-02     45.493 0.0000e+00
        506 292.437040    0.03507     2.1042    126.250  1023.8812  48492.805    30.7397     45.252    6.53025     9.7103     9.7155    23.6738   11.80536 3.6382e-02     45.684 0.0000e+00
        507 292.437043    0.03514     2.1083    126.500  1023.8823  48493.371    30.7400     45.429    6.53026     9.7102     9.7154    23.6741   11.80537 3.6382e-02     45.863 0.0000e+00
        508 292.437046    0.03521     2.1125    126.750  1023.8833  48493.833    30.7402     45.593    6.53027     9.7102     9.7153    23.6743   11.80538 3.6382e-02     46.028 0.0000e+00
        509 292.437049    0.03528     2.1167    127.000  1023.8841  48494.064    30.7403     45.747    6.53028     9.7102     9.7152    23.6744   11.80539 3.6382e-02     46.184 0.0000e+00
        510 292.437052    0.03535     2.1208    127.250  1023.8848  48494.116    30.7403     45.895    6.53028     9.7102     9.7151    23.6744   11.80540 3.6382e-02     46.333 0.0000e+00
