CTD-processing/allCTD/CNV--homogene/2014_01-09_t9_s02_cast136.cnv
* Sea-Bird SBE19plus Data File:
* FileName = C:\Users\kris.holderied\Documents\kasitsna\Research-Projects-and-Data\Oceanography-AK\CTD-CookInlet-GulfWatchAK\2014-01-09-CookInlet-HomerSpit-Monthly\2014_01_09_CookInlet_Tran9_cast136.hex
* Software Version 1.59
* Temperature SN =  4141
* Conductivity SN =  4141
* System UpLoad Time = Apr 14 2014 19:10:08
** Cook Inlet LTM Transect 9 (Homer Spit) Monthly
** Date: 2014-01-09
** Station: 9-02
** Start time: 13:12
** Depth (m): 73.2
** Comment:  CTD time is AKDT (one hour ahead of local).
** Comment:
# nquan = 17
# nvalues = 563                         
# units = specified
# name 0 = scan: Scan Count
# name 1 = timeJ: Julian Days
# name 2 = timeH: Time, Elapsed [hours]
# name 3 = timeM: Time, Elapsed [minutes]
# name 4 = timeS: Time, Elapsed [seconds]
# name 5 = density00: Density [density, kg/m^3]
# name 6 = specc: Specific Conductance [uS/cm]
# name 7 = sal00: Salinity, Practical [PSU]
# name 8 = depSM: Depth [salt water, m], lat = 59.00
# name 9 = oxsolML/L: Oxygen Saturation, Garcia & Gordon [ml/l]
# name 10 = potemp090C: Potential Temperature [ITS-90, deg C]
# name 11 = tv290C: Temperature [ITS-90, deg C]
# name 12 = sigma-é00: Density [sigma-theta, kg/m^3]
# name 13 = n2satML/L: Nitrogen Saturation [ml/l]
# name 14 = par: PAR/Irradiance, Biospherical/Licor
# name 15 = prdM: Pressure, Strain Gauge [db]
# name 16 = flag:  0.000e+00
# span 0 =          1,        563       
# span 1 =   9.591366,   9.592992       
# span 2 =    0.00000,    0.03903       
# span 3 =     0.0000,     2.3417       
# span 4 =      0.000,    140.500       
# span 5 =  1000.1856,  1025.2801       
# span 6 =    570.321,  50947.742       
# span 7 =     0.2641,    31.5772       
# span 8 =     -0.276,     63.395       
# span 9 =    7.22239,    9.26131       
# span 10 =     3.5662,     5.0940      
# span 11 =     3.5661,     5.0957      
# span 12 =     0.1870,    24.9823      
# span 13 =   12.94010,   16.79653      
# span 14 = 3.6382e-02, 5.4862e+00      
# span 15 =     -0.278,     64.004      
# span 16 = 0.0000e+00, 0.0000e+00      
# interval = seconds: 0.25
# start_time = Jan 09 2014 14:11:34 [Instrument's time stamp, header]
# bad_flag = -9.990e-29
*END*
[from data line 426]
        427   9.592598    0.02958     1.7750    106.500  1025.1259  50844.149    31.5636     34.946    7.25347     4.9302     4.9098    24.9618   12.99118 2.0301e-01     35.278 0.0000e+00
        428   9.592601    0.02965     1.7792    106.750  1025.1338  50855.170    31.5733     35.246    7.25124     4.9439     4.9199    24.9684   12.98737 1.9505e-01     35.581 0.0000e+00
        429   9.592604    0.02972     1.7833    107.000  1025.1369  50856.953    31.5772     35.546    7.24882     4.9560     4.9328    24.9701   12.98332 1.8733e-01     35.884 0.0000e+00
        430   9.592607    0.02979     1.7875    107.250  1025.1352  50849.781    31.5751     35.848    7.24655     4.9653     4.9464    24.9669   12.97959 1.7983e-01     36.189 0.0000e+00
        431   9.592610    0.02986     1.7917    107.500  1025.1313  50838.780    31.5700     36.153    7.24468     4.9716     4.9586    24.9616   12.97656 1.7254e-01     36.497 0.0000e+00
        432   9.592613    0.02993     1.7958    107.750  1025.1272  50827.610    31.5642     36.460    7.24334     4.9752     4.9680    24.9560   12.97442 1.6536e-01     36.807 0.0000e+00
        433   9.592616    0.03000     1.8000    108.000  1025.1242  50818.855    31.5594     36.771    7.24249     4.9769     4.9742    24.9515   12.97308 1.5835e-01     37.121 0.0000e+00
        434   9.592619    0.03007     1.8042    108.250  1025.1227  50813.294    31.5562     37.083    7.24201     4.9775     4.9778    24.9486   12.97234 1.5171e-01     37.436 0.0000e+00
        435   9.592622    0.03014     1.8083    108.500  1025.1224  50810.139    31.5543     37.392    7.24179     4.9773     4.9796    24.9469   12.97201 1.4544e-01     37.749 0.0000e+00
        436   9.592624    0.03021     1.8125    108.750  1025.1228  50808.333    31.5530     37.699    7.24175     4.9764     4.9803    24.9458   12.97195 1.3941e-01     38.059 0.0000e+00
        437   9.592627    0.03028     1.8167    109.000  1025.1231  50806.609    31.5516     38.005    7.24184     4.9747     4.9801    24.9448   12.97212 1.3359e-01     38.367 0.0000e+00
        438   9.592630    0.03035     1.8208    109.250  1025.1233  50804.561    31.5499     38.310    7.24208     4.9720     4.9792    24.9435   12.97254 1.2794e-01     38.676 0.0000e+00
        439   9.592633    0.03042     1.8250    109.500  1025.1232  50802.261    31.5478     38.616    7.24248     4.9683     4.9775    24.9420   12.97323 1.2247e-01     38.984 0.0000e+00
        440   9.592636    0.03049     1.8292    109.750  1025.1230  50799.698    31.5453     38.920    7.24307     4.9635     4.9748    24.9403   12.97423 1.1730e-01     39.291 0.0000e+00
        441   9.592639    0.03056     1.8333    110.000  1025.1230  50797.651    31.5429     39.223    7.24383     4.9577     4.9711    24.9389   12.97551 1.1241e-01     39.596 0.0000e+00
        442   9.592642    0.03062     1.8375    110.250  1025.1231  50796.000    31.5406     39.525    7.24476     4.9506     4.9663    24.9375   12.97709 1.0768e-01     39.901 0.0000e+00
        443   9.592645    0.03069     1.8417    110.500  1025.1224  50793.149    31.5373     39.827    7.24593     4.9410     4.9606    24.9355   12.97905 1.0306e-01     40.206 0.0000e+00
        444   9.592648    0.03076     1.8458    110.750  1025.1195  50786.132    31.5308     40.128    7.24748     4.9272     4.9535    24.9311   12.98170 9.8606e-02     40.511 0.0000e+00
        445   9.592650    0.03083     1.8500    111.000  1025.1129  50772.819    31.5194     40.428    7.24969     4.9085     4.9440    24.9231   12.98549 9.4394e-02     40.814 0.0000e+00
        446   9.592653    0.03090     1.8542    111.250  1025.1063  50759.957    31.5074     40.726    7.25267     4.8880     4.9301    24.9151   12.99058 9.0357e-02     41.114 0.0000e+00
        447   9.592656    0.03097     1.8583    111.500  1025.1074  50761.841    31.5045     41.022    7.25607     4.8711     4.9114    24.9148   12.99622 8.6467e-02     41.413 0.0000e+00
        448   9.592659    0.03104     1.8625    111.750  1025.1188  50782.811    31.5143     41.314    7.25916     4.8601     4.8909    24.9247   13.00120 8.2863e-02     41.708 0.0000e+00
        449   9.592662    0.03111     1.8667    112.000  1025.1324  50807.599    31.5274     41.603    7.26146     4.8526     4.8740    24.9370   13.00482 7.9582e-02     42.000 0.0000e+00
        450   9.592665    0.03118     1.8708    112.250  1025.1392  50819.226    31.5329     41.890    7.26310     4.8452     4.8631    24.9425   13.00747 7.6474e-02     42.290 0.0000e+00
        451   9.592668    0.03125     1.8750    112.500  1025.1399  50819.251    31.5311     42.177    7.26450     4.8372     4.8556    24.9419   13.00979 7.3439e-02     42.580 0.0000e+00
        452   9.592671    0.03132     1.8792    112.750  1025.1404  50818.739    31.5290     42.463    7.26588     4.8292     4.8482    24.9410   13.01210 7.0515e-02     42.868 0.0000e+00
        453   9.592674    0.03139     1.8833    113.000  1025.1423  50820.887    31.5286     42.744    7.26729     4.8213     4.8403    24.9415   13.01444 6.7799e-02     43.152 0.0000e+00
        454   9.592677    0.03146     1.8875    113.250  1025.1440  50822.840    31.5281     43.020    7.26872     4.8135     4.8322    24.9419   13.01681 6.5335e-02     43.431 0.0000e+00
        455   9.592679    0.03153     1.8917    113.500  1025.1453  50824.102    31.5271     43.292    7.27014     4.8051     4.8244    24.9419   13.01917 6.3099e-02     43.706 0.0000e+00
        456   9.592682    0.03160     1.8958    113.750  1025.1459  50824.026    31.5252     43.562    7.27161     4.7943     4.8165    24.9413   13.02161 6.1024e-02     43.978 0.0000e+00
        457   9.592685    0.03167     1.9000    114.000  1025.1421  50816.015    31.5177     43.830    7.27343     4.7785     4.8082    24.9363   13.02472 5.9037e-02     44.248 0.0000e+00
        458   9.592688    0.03174     1.9042    114.250  1025.1335  50799.421    31.5038     44.095    7.27600     4.7583     4.7974    24.9264   13.02914 5.7103e-02     44.516 0.0000e+00
        459   9.592691    0.03181     1.9083    114.500  1025.1282  50789.621    31.4935     44.357    7.27927     4.7380     4.7816    24.9198   13.03467 5.5281e-02     44.781 0.0000e+00
        460   9.592694    0.03188     1.9125    114.750  1025.1323  50797.587    31.4944     44.612    7.28275     4.7212     4.7615    24.9226   13.04040 5.3638e-02     45.039 0.0000e+00
        461   9.592697    0.03194     1.9167    115.000  1025.1422  50816.398    31.5027     44.862    7.28589     4.7089     4.7412    24.9313   13.04549 5.2137e-02     45.291 0.0000e+00
        462   9.592700    0.03201     1.9208    115.250  1025.1523  50835.200    31.5117     45.111    7.28839     4.6998     4.7244    24.9402   13.04950 5.0700e-02     45.542 0.0000e+00
        463   9.592703    0.03208     1.9250    115.500  1025.1597  50848.435    31.5179     45.364    7.29026     4.6925     4.7121    24.9464   13.05250 4.9269e-02     45.797 0.0000e+00
        464   9.592705    0.03215     1.9292    115.750  1025.1638  50855.128    31.5203     45.623    7.29172     4.6855     4.7030    24.9493   13.05488 4.7878e-02     46.059 0.0000e+00
        465   9.592708    0.03222     1.9333    116.000  1025.1658  50857.631    31.5203     45.885    7.29301     4.6785     4.6957    24.9501   13.05701 4.6599e-02     46.323 0.0000e+00
        466   9.592711    0.03229     1.9375    116.250  1025.1671  50859.008    31.5196     46.146    7.29427     4.6717     4.6887    24.9502   13.05910 4.5416e-02     46.587 0.0000e+00
        467   9.592714    0.03236     1.9417    116.500  1025.1692  50861.753    31.5198     46.404    7.29549     4.6657     4.6817    24.9511   13.06111 4.4296e-02     46.847 0.0000e+00
        468   9.592717    0.03243     1.9458    116.750  1025.1723  50866.188    31.5212     46.660    7.29660     4.6606     4.6749    24.9529   13.06294 4.3242e-02     47.106 0.0000e+00
        469   9.592720    0.03250     1.9500    117.000  1025.1754  50870.677    31.5228     46.920    7.29758     4.6563     4.6689    24.9548   13.06453 4.2240e-02     47.368 0.0000e+00
        470   9.592723    0.03257     1.9542    117.250  1025.1783  50874.640    31.5242     47.187    7.29841     4.6528     4.6638    24.9565   13.06587 4.1258e-02     47.637 0.0000e+00
        471   9.592726    0.03264     1.9583    117.500  1025.1812  50878.337    31.5257     47.460    7.29909     4.6499     4.6596    24.9581   13.06698 4.0304e-02     47.913 0.0000e+00
        472   9.592729    0.03271     1.9625    117.750  1025.1838  50881.236    31.5268     47.739    7.29965     4.6472     4.6561    24.9593   13.06789 3.9427e-02     48.195 0.0000e+00
        473   9.592731    0.03278     1.9667    118.000  1025.1855  50882.646    31.5270     48.020    7.30015     4.6444     4.6532    24.9597   13.06871 3.8634e-02     48.479 0.0000e+00
        474   9.592734    0.03285     1.9708    118.250  1025.1867  50882.797    31.5263     48.304    7.30065     4.6412     4.6506    24.9595   13.06954 3.7933e-02     48.766 0.0000e+00
        475   9.592737    0.03292     1.9750    118.500  1025.1877  50882.755    31.5255     48.592    7.30118     4.6377     4.6477    24.9592   13.07044 3.7369e-02     49.056 0.0000e+00
        476   9.592740    0.03299     1.9792    118.750  1025.1891  50883.466    31.5252     48.881    7.30176     4.6343     4.6445    24.9592   13.07140 3.6980e-02     49.348 0.0000e+00
        477   9.592743    0.03306     1.9833    119.000  1025.1909  50884.934    31.5253     49.169    7.30236     4.6309     4.6411    24.9596   13.07238 3.6741e-02     49.639 0.0000e+00
        478   9.592746    0.03313     1.9875    119.250  1025.1928  50886.755    31.5256     49.453    7.30295     4.6276     4.6376    24.9602   13.07336 3.6597e-02     49.926 0.0000e+00
        479   9.592749    0.03319     1.9917    119.500  1025.1949  50888.808    31.5261     49.735    7.30352     4.6246     4.6343    24.9610   13.07429 3.6511e-02     50.211 0.0000e+00
        480   9.592752    0.03326     1.9958    119.750  1025.1971  50891.051    31.5267     50.019    7.30405     4.6220     4.6311    24.9619   13.07516 3.6459e-02     50.497 0.0000e+00
        481   9.592755    0.03333     2.0000    120.000  1025.1994  50893.354    31.5275     50.305    7.30454     4.6197     4.6281    24.9628   13.07595 3.6428e-02     50.786 0.0000e+00
        482   9.592758    0.03340     2.0042    120.250  1025.2017  50895.688    31.5284     50.592    7.30496     4.6179     4.6255    24.9637   13.07664 3.6410e-02     51.076 0.0000e+00
        483   9.592760    0.03347     2.0083    120.500  1025.2039  50897.910    31.5292     50.876    7.30531     4.6163     4.6232    24.9646   13.07721 3.6399e-02     51.363 0.0000e+00
        484   9.592763    0.03354     2.0125    120.750  1025.2060  50899.768    31.5299     51.156    7.30561     4.6149     4.6214    24.9654   13.07768 3.6392e-02     51.645 0.0000e+00
        485   9.592766    0.03361     2.0167    121.000  1025.2079  50901.179    31.5304     51.431    7.30586     4.6136     4.6198    24.9660   13.07809 3.6388e-02     51.923 0.0000e+00
        486   9.592769    0.03368     2.0208    121.250  1025.2095  50902.291    31.5307     51.703    7.30608     4.6125     4.6184    24.9664   13.07846 3.6386e-02     52.198 0.0000e+00
        487   9.592772    0.03375     2.0250    121.500  1025.2112  50903.380    31.5311     51.978    7.30628     4.6116     4.6172    24.9668   13.07879 3.6384e-02     52.475 0.0000e+00
        488   9.592775    0.03382     2.0292    121.750  1025.2129  50904.488    31.5314     52.257    7.30646     4.6108     4.6161    24.9672   13.07907 3.6384e-02     52.757 0.0000e+00
        489   9.592778    0.03389     2.0333    122.000  1025.2146  50905.510    31.5318     52.542    7.30660     4.6102     4.6151    24.9675   13.07931 3.6383e-02     53.045 0.0000e+00
        490   9.592781    0.03396     2.0375    122.250  1025.2163  50906.438    31.5321     52.832    7.30672     4.6098     4.6144    24.9679   13.07949 3.6383e-02     53.338 0.0000e+00
        491   9.592784    0.03403     2.0417    122.500  1025.2180  50907.261    31.5324     53.125    7.30680     4.6095     4.6139    24.9682   13.07963 3.6382e-02     53.633 0.0000e+00
        492   9.592786    0.03410     2.0458    122.750  1025.2196  50907.909    31.5326     53.415    7.30686     4.6092     4.6135    24.9684   13.07973 3.6382e-02     53.926 0.0000e+00
        493   9.592789    0.03417     2.0500    123.000  1025.2210  50908.301    31.5327     53.699    7.30691     4.6090     4.6132    24.9685   13.07981 3.6382e-02     54.212 0.0000e+00
        494   9.592792    0.03424     2.0542    123.250  1025.2222  50908.458    31.5326     53.971    7.30696     4.6086     4.6129    24.9684   13.07988 3.6382e-02     54.487 0.0000e+00
        495   9.592795    0.03431     2.0583    123.500  1025.2233  50908.374    31.5324     54.226    7.30702     4.6079     4.6127    24.9683   13.07998 3.6382e-02     54.745 0.0000e+00
        496   9.592798    0.03438     2.0625    123.750  1025.2241  50907.969    31.5319     54.464    7.30711     4.6068     4.6123    24.9679   13.08013 3.6382e-02     54.985 0.0000e+00
        497   9.592801    0.03444     2.0667    124.000  1025.2245  50907.151    31.5311     54.687    7.30726     4.6049     4.6116    24.9673   13.08040 3.6382e-02     55.210 0.0000e+00
        498   9.592804    0.03451     2.0708    124.250  1025.2247  50905.993    31.5299     54.900    7.30751     4.6022     4.6105    24.9665   13.08084 3.6382e-02     55.425 0.0000e+00
        499   9.592807    0.03458     2.0750    124.500  1025.2250  50905.087    31.5288     55.111    7.30790     4.5989     4.6086    24.9658   13.08149 3.6382e-02     55.639 0.0000e+00
        500   9.592810    0.03465     2.0792    124.750  1025.2259  50905.257    31.5282     55.333    7.30840     4.5953     4.6060    24.9657   13.08232 3.6382e-02     55.863 0.0000e+00
        501   9.592813    0.03472     2.0833    125.000  1025.2276  50906.986    31.5285     55.571    7.30896     4.5919     4.6027    24.9663   13.08325 3.6382e-02     56.103 0.0000e+00
        502   9.592815    0.03479     2.0875    125.250  1025.2301  50910.066    31.5297     55.821    7.30952     4.5889     4.5992    24.9676   13.08416 3.6382e-02     56.356 0.0000e+00
        503   9.592818    0.03486     2.0917    125.500  1025.2329  50913.746    31.5313     56.077    7.31004     4.5863     4.5958    24.9692   13.08499 3.6382e-02     56.614 0.0000e+00
        504   9.592821    0.03493     2.0958    125.750  1025.2358  50917.368    31.5330     56.333    7.31049     4.5842     4.5928    24.9708   13.08571 3.6382e-02     56.872 0.0000e+00
        505   9.592824    0.03500     2.1000    126.000  1025.2384  50920.545    31.5345     56.585    7.31087     4.5823     4.5903    24.9723   13.08632 3.6382e-02     57.127 0.0000e+00
        506   9.592827    0.03507     2.1042    126.250  1025.2407  50923.151    31.5356     56.830    7.31120     4.5808     4.5881    24.9734   13.08684 3.6382e-02     57.375 0.0000e+00
        507   9.592830    0.03514     2.1083    126.500  1025.2427  50925.274    31.5366     57.062    7.31147     4.5795     4.5863    24.9743   13.08728 3.6382e-02     57.609 0.0000e+00
        508   9.592833    0.03521     2.1125    126.750  1025.2444  50926.986    31.5373     57.278    7.31170     4.5785     4.5848    24.9751   13.08765 3.6382e-02     57.826 0.0000e+00
        509   9.592836    0.03528     2.1167    127.000  1025.2459  50928.282    31.5378     57.481    7.31189     4.5775     4.5835    24.9756   13.08796 3.6382e-02     58.032 0.0000e+00
        510   9.592839    0.03535     2.1208    127.250  1025.2472  50929.204    31.5381     57.681    7.31206     4.5766     4.5824    24.9759   13.08824 3.6382e-02     58.234 0.0000e+00
