CTD-processing/allCTD/CNV--homogene/2014_07-23_t6_s12_cast207.cnv
* Sea-Bird SBE19plus Data File:
* FileName = C:\Users\kris.holderied\Documents\kasitsna\Research-Projects-and-Data\Oceanography-AK\CTD-Data-ALL-to-2014-06\2014-CTD-KachemakBay-CookInlet\2014-07-EVOSTC-CookInlet-quarterly\2014-07-23-CookInlet-Tran6-Douglas\2014-07-23-CookInlet-Tran6-cast207.hex
* Software Version 1.59
* Temperature SN =  4141
* Conductivity SN =  4141
* System UpLoad Time = Jul 23 2014 23:31:55
** Cook Inlet LTM Transect 6 (Douglas) East to West
** Date: 07-23
** Station: 6-12
** Start time: 13:24
** Depth (m): 143
** Comment:  CTD time is Alaska Daylight time.  Transducer  depth (transducer is 9 ft).
** Comment:
# nquan = 17
# nvalues = 992                         
# units = specified
# name 0 = scan: Scan Count
# name 1 = timeJ: Julian Days
# name 2 = timeH: Time, Elapsed [hours]
# name 3 = timeM: Time, Elapsed [minutes]
# name 4 = timeS: Time, Elapsed [seconds]
# name 5 = density00: Density [density, kg/m^3]
# name 6 = specc: Specific Conductance [uS/cm]
# name 7 = sal00: Salinity, Practical [PSU]
# name 8 = depSM: Depth [salt water, m], lat = 59.00
# name 9 = oxsolML/L: Oxygen Saturation, Garcia & Gordon [ml/l]
# name 10 = potemp090C: Potential Temperature [ITS-90, deg C]
# name 11 = tv290C: Temperature [ITS-90, deg C]
# name 12 = sigma-é00: Density [sigma-theta, kg/m^3]
# name 13 = n2satML/L: Nitrogen Saturation [ml/l]
# name 14 = par: PAR/Irradiance, Biospherical/Licor
# name 15 = prdM: Pressure, Strain Gauge [db]
# name 16 = flag:  0.000e+00
# span 0 =          1,        992       
# span 1 = 204.558889, 204.561756       
# span 2 =    0.00000,    0.06882       
# span 3 =     0.0000,     4.1292       
# span 4 =      0.000,    247.750       
# span 5 =   999.6824,  1025.8528       
# span 6 =    546.552,  51208.756       
# span 7 =     0.2625,    32.3116       
# span 8 =     -0.093,    141.276       
# span 9 =    6.36516,    7.49665       
# span 10 =     7.7125,    12.2334      
# span 11 =     7.7233,    12.2333      
# span 12 =    -0.3172,    25.2022      
# span 13 =   11.51900,   13.82353      
# span 14 = 4.9177e-02, 2.1352e+03      
# span 15 =     -0.094,    142.659      
# span 16 = 0.0000e+00, 0.0000e+00      
# interval = seconds: 0.25
# start_time = Jul 23 2014 13:24:48 [Instrument's time stamp, header]
# bad_flag = -9.990e-29
*END*
[from data line 681]
        682 204.560859    0.04729     2.8375    170.250  1025.4914  51048.440    32.2749     78.040    6.71414     8.0179     8.0257    25.1316   12.09107 8.6238e-02     78.792 0.0000e+00
        683 204.560862    0.04736     2.8417    170.500  1025.4928  51048.798    32.2750     78.328    6.71415     8.0178     8.0256    25.1317   12.09108 7.9437e-02     79.083 0.0000e+00
        684 204.560865    0.04743     2.8458    170.750  1025.4941  51048.882    32.2749     78.607    6.71416     8.0176     8.0255    25.1317   12.09110 7.5204e-02     79.364 0.0000e+00
        685 204.560868    0.04750     2.8500    171.000  1025.4952  51048.894    32.2748     78.874    6.71418     8.0174     8.0254    25.1316   12.09114 7.2498e-02     79.634 0.0000e+00
        686 204.560871    0.04757     2.8542    171.250  1025.4964  51048.974    32.2747     79.130    6.71421     8.0173     8.0253    25.1316   12.09119 7.0689e-02     79.892 0.0000e+00
        687 204.560874    0.04764     2.8583    171.500  1025.4975  51049.188    32.2747     79.374    6.71423     8.0172     8.0251    25.1316   12.09123 6.9429e-02     80.138 0.0000e+00
        688 204.560877    0.04771     2.8625    171.750  1025.4987  51049.490    32.2748     79.605    6.71425     8.0172     8.0250    25.1317   12.09125 6.8534e-02     80.372 0.0000e+00
        689 204.560880    0.04778     2.8667    172.000  1025.4998  51049.710    32.2749     79.824    6.71426     8.0172     8.0250    25.1317   12.09126 6.7910e-02     80.594 0.0000e+00
        690 204.560883    0.04785     2.8708    172.250  1025.5007  51049.808    32.2748     80.033    6.71426     8.0172     8.0250    25.1317   12.09126 6.7467e-02     80.805 0.0000e+00
        691 204.560885    0.04792     2.8750    172.500  1025.5016  51049.899    32.2748     80.234    6.71426     8.0173     8.0250    25.1317   12.09126 6.7141e-02     81.008 0.0000e+00
        692 204.560888    0.04799     2.8792    172.750  1025.5025  51050.025    32.2748     80.428    6.71425     8.0174     8.0250    25.1317   12.09124 6.6958e-02     81.203 0.0000e+00
        693 204.560891    0.04806     2.8833    173.000  1025.5034  51050.159    32.2748     80.616    6.71423     8.0174     8.0251    25.1317   12.09121 6.6960e-02     81.393 0.0000e+00
        694 204.560894    0.04813     2.8875    173.250  1025.5043  51050.340    32.2749     80.800    6.71422     8.0174     8.0252    25.1318   12.09118 6.7246e-02     81.578 0.0000e+00
        695 204.560897    0.04819     2.8917    173.500  1025.5052  51050.689    32.2750     80.979    6.71420     8.0175     8.0253    25.1319   12.09115 6.8006e-02     81.759 0.0000e+00
        696 204.560900    0.04826     2.8958    173.750  1025.5063  51051.329    32.2754     81.154    6.71418     8.0176     8.0253    25.1322   12.09111 6.9521e-02     81.937 0.0000e+00
        697 204.560903    0.04833     2.9000    174.000  1025.5076  51052.273    32.2760     81.330    6.71414     8.0178     8.0254    25.1326   12.09104 7.2279e-02     82.114 0.0000e+00
        698 204.560906    0.04840     2.9042    174.250  1025.5089  51053.333    32.2767     81.509    6.71408     8.0181     8.0256    25.1332   12.09095 7.7095e-02     82.295 0.0000e+00
        699 204.560909    0.04847     2.9083    174.500  1025.5102  51054.304    32.2773     81.697    6.71402     8.0183     8.0258    25.1336   12.09083 8.5292e-02     82.484 0.0000e+00
        700 204.560911    0.04854     2.9125    174.750  1025.5115  51055.073    32.2778     81.897    6.71395     8.0185     8.0261    25.1340   12.09072 9.9107e-02     82.687 0.0000e+00
        701 204.560914    0.04861     2.9167    175.000  1025.5127  51055.543    32.2781     82.114    6.71390     8.0185     8.0263    25.1341   12.09064 1.2231e-01     82.906 0.0000e+00
        702 204.560917    0.04868     2.9208    175.250  1025.5138  51055.754    32.2782     82.349    6.71387     8.0185     8.0265    25.1342   12.09059 1.6118e-01     83.144 0.0000e+00
        703 204.560920    0.04875     2.9250    175.500  1025.5149  51055.864    32.2781     82.605    6.71386     8.0183     8.0266    25.1342   12.09057 2.0758e-01     83.402 0.0000e+00
        704 204.560923    0.04882     2.9292    175.750  1025.5162  51055.982    32.2781     82.878    6.71386     8.0181     8.0266    25.1341   12.09057 2.3696e-01     83.678 0.0000e+00
        705 204.560926    0.04889     2.9333    176.000  1025.5175  51056.135    32.2781     83.164    6.71388     8.0179     8.0265    25.1341   12.09060 2.3932e-01     83.966 0.0000e+00
        706 204.560929    0.04896     2.9375    176.250  1025.5188  51056.316    32.2780     83.457    6.71391     8.0175     8.0263    25.1341   12.09065 2.1632e-01     84.262 0.0000e+00
        707 204.560932    0.04903     2.9417    176.500  1025.5202  51056.507    32.2780     83.750    6.71395     8.0170     8.0260    25.1341   12.09072 1.7432e-01     84.558 0.0000e+00
        708 204.560935    0.04910     2.9458    176.750  1025.5215  51056.619    32.2779     84.037    6.71401     8.0163     8.0257    25.1341   12.09081 1.3231e-01     84.848 0.0000e+00
        709 204.560937    0.04917     2.9500    177.000  1025.5225  51056.385    32.2775     84.314    6.71410     8.0151     8.0253    25.1338   12.09095 1.0333e-01     85.127 0.0000e+00
        710 204.560940    0.04924     2.9542    177.250  1025.5231  51055.438    32.2766     84.577    6.71424     8.0131     8.0246    25.1332   12.09120 8.5801e-02     85.393 0.0000e+00
        711 204.560943    0.04931     2.9583    177.500  1025.5233  51053.712    32.2751     84.826    6.71449     8.0099     8.0234    25.1322   12.09163 7.5162e-02     85.644 0.0000e+00
        712 204.560946    0.04938     2.9625    177.750  1025.5230  51051.327    32.2730     85.058    6.71489     8.0051     8.0213    25.1309   12.09232 6.8690e-02     85.879 0.0000e+00
        713 204.560949    0.04944     2.9667    178.000  1025.5221  51048.045    32.2700     85.273    6.71550     7.9982     8.0181    25.1290   12.09337 6.4740e-02     86.096 0.0000e+00
        714 204.560952    0.04951     2.9708    178.250  1025.5205  51043.433    32.2659     85.470    6.71640     7.9880     8.0134    25.1265   12.09491 6.2305e-02     86.295 0.0000e+00
        715 204.560955    0.04958     2.9750    178.500  1025.5176  51036.464    32.2598     85.652    6.71772     7.9736     8.0065    25.1227   12.09717 6.0785e-02     86.479 0.0000e+00
        716 204.560958    0.04965     2.9792    178.750  1025.5133  51026.990    32.2515     85.821    6.71963     7.9545     7.9963    25.1176   12.10043 5.9821e-02     86.649 0.0000e+00
        717 204.560961    0.04972     2.9833    179.000  1025.5095  51018.472    32.2430     85.982    6.72220     7.9319     7.9819    25.1130   12.10478 5.9190e-02     86.811 0.0000e+00
        718 204.560964    0.04979     2.9875    179.250  1025.5087  51015.166    32.2375     86.139    6.72535     7.9079     7.9628    25.1114   12.11006 5.8757e-02     86.971 0.0000e+00
        719 204.560966    0.04986     2.9917    179.500  1025.5120  51019.250    32.2366     86.300    6.72883     7.8853     7.9402    25.1139   12.11582 5.8437e-02     87.133 0.0000e+00
        720 204.560969    0.04993     2.9958    179.750  1025.5198  51031.419    32.2411     86.470    6.73229     7.8661     7.9162    25.1209   12.12148 5.8168e-02     87.305 0.0000e+00
        721 204.560972    0.05000     3.0000    180.000  1025.5305  51048.824    32.2495     86.653    6.73538     7.8512     7.8936    25.1307   12.12648 5.7926e-02     87.489 0.0000e+00
        722 204.560975    0.05007     3.0042    180.250  1025.5412  51066.314    32.2585     86.850    6.73790     7.8402     7.8745    25.1405   12.13054 5.7710e-02     87.689 0.0000e+00
        723 204.560978    0.05014     3.0083    180.500  1025.5506  51081.240    32.2664     87.064    6.73982     7.8323     7.8596    25.1488   12.13362 5.7504e-02     87.905 0.0000e+00
        724 204.560981    0.05021     3.0125    180.750  1025.5580  51092.661    32.2725     87.296    6.74123     7.8262     7.8486    25.1552   12.13588 5.7281e-02     88.138 0.0000e+00
        725 204.560984    0.05028     3.0167    181.000  1025.5631  51099.877    32.2761     87.545    6.74229     7.8208     7.8407    25.1591   12.13758 5.7030e-02     88.390 0.0000e+00
        726 204.560987    0.05035     3.0208    181.250  1025.5663  51103.349    32.2774     87.811    6.74316     7.8152     7.8346    25.1610   12.13901 5.6750e-02     88.659 0.0000e+00
        727 204.560990    0.05042     3.0250    181.500  1025.5679  51104.038    32.2769     88.092    6.74401     7.8088     7.8292    25.1614   12.14042 5.6466e-02     88.942 0.0000e+00
        728 204.560992    0.05049     3.0292    181.750  1025.5691  51103.748    32.2756     88.381    6.74493     7.8018     7.8236    25.1612   12.14195 5.6234e-02     89.235 0.0000e+00
        729 204.560995    0.05056     3.0333    182.000  1025.5709  51104.582    32.2750     88.674    6.74592     7.7944     7.8173    25.1616   12.14360 5.6044e-02     89.530 0.0000e+00
        730 204.560998    0.05063     3.0375    182.250  1025.5733  51106.667    32.2751     88.961    6.74698     7.7870     7.8103    25.1628   12.14536 5.5873e-02     89.819 0.0000e+00
        731 204.561001    0.05069     3.0417    182.500  1025.5764  51109.925    32.2761     89.233    6.74806     7.7802     7.8030    25.1645   12.14714 5.5720e-02     90.094 0.0000e+00
        732 204.561004    0.05076     3.0458    182.750  1025.5801  51114.674    32.2781     89.482    6.74910     7.7742     7.7956    25.1671   12.14883 5.5550e-02     90.346 0.0000e+00
        733 204.561007    0.05083     3.0500    183.000  1025.5841  51120.130    32.2806     89.703    6.75003     7.7692     7.7888    25.1701   12.15034 5.5377e-02     90.570 0.0000e+00
        734 204.561010    0.05090     3.0542    183.250  1025.5878  51125.156    32.2831     89.897    6.75084     7.7649     7.7828    25.1729   12.15164 5.5241e-02     90.766 0.0000e+00
        735 204.561013    0.05097     3.0583    183.500  1025.5911  51129.776    32.2854     90.068    6.75151     7.7617     7.7778    25.1754   12.15272 5.5136e-02     90.938 0.0000e+00
        736 204.561016    0.05104     3.0625    183.750  1025.5944  51134.456    32.2879     90.224    6.75205     7.7593     7.7736    25.1780   12.15358 5.5047e-02     91.095 0.0000e+00
        737 204.561019    0.05111     3.0667    184.000  1025.5970  51137.948    32.2897     90.373    6.75246     7.7572     7.7703    25.1799   12.15424 5.4964e-02     91.246 0.0000e+00
        738 204.561021    0.05118     3.0708    184.250  1025.5985  51139.338    32.2902     90.525    6.75280     7.7548     7.7680    25.1806   12.15480 5.4879e-02     91.399 0.0000e+00
        739 204.561024    0.05125     3.0750    184.500  1025.5994  51139.660    32.2900     90.689    6.75314     7.7522     7.7659    25.1808   12.15535 5.4787e-02     91.565 0.0000e+00
        740 204.561027    0.05132     3.0792    184.750  1025.6006  51140.558    32.2901     90.870    6.75349     7.7498     7.7635    25.1812   12.15594 5.4686e-02     91.748 0.0000e+00
        741 204.561030    0.05139     3.0833    185.000  1025.6028  51142.926    32.2913     91.073    6.75384     7.7483     7.7609    25.1825   12.15650 5.4582e-02     91.952 0.0000e+00
        742 204.561033    0.05146     3.0875    185.250  1025.6056  51146.162    32.2930     91.296    6.75413     7.7476     7.7585    25.1842   12.15695 5.4483e-02     92.178 0.0000e+00
        743 204.561036    0.05153     3.0917    185.500  1025.6080  51148.654    32.2944     91.539    6.75430     7.7468     7.7570    25.1855   12.15722 5.4365e-02     92.424 0.0000e+00
        744 204.561039    0.05160     3.0958    185.750  1025.6090  51148.440    32.2940     91.800    6.75442     7.7450     7.7563    25.1853   12.15742 5.4229e-02     92.688 0.0000e+00
        745 204.561042    0.05167     3.1000    186.000  1025.6087  51145.827    32.2920     92.076    6.75462     7.7419     7.7556    25.1837   12.15778 5.4131e-02     92.966 0.0000e+00
        746 204.561045    0.05174     3.1042    186.250  1025.6091  51144.157    32.2904     92.362    6.75498     7.7384     7.7537    25.1827   12.15838 5.4038e-02     93.254 0.0000e+00
        747 204.561047    0.05181     3.1083    186.500  1025.6111  51145.559    32.2907     92.651    6.75543     7.7353     7.7507    25.1834   12.15913 5.3890e-02     93.547 0.0000e+00
        748 204.561050    0.05187     3.1125    186.750  1025.6142  51148.911    32.2923     92.938    6.75589     7.7330     7.7472    25.1852   12.15986 5.3718e-02     93.836 0.0000e+00
        749 204.561053    0.05194     3.1167    187.000  1025.6174  51152.474    32.2942     93.214    6.75627     7.7314     7.7442    25.1871   12.16048 5.3560e-02     94.115 0.0000e+00
        750 204.561056    0.05201     3.1208    187.250  1025.6202  51155.464    32.2958     93.474    6.75656     7.7305     7.7419    25.1887   12.16093 5.3413e-02     94.378 0.0000e+00
        751 204.561059    0.05208     3.1250    187.500  1025.6224  51157.630    32.2969     93.716    6.75674     7.7299     7.7404    25.1898   12.16123 5.3267e-02     94.622 0.0000e+00
        752 204.561062    0.05215     3.1292    187.750  1025.6241  51159.013    32.2976     93.939    6.75686     7.7296     7.7394    25.1905   12.16140 5.3129e-02     94.847 0.0000e+00
        753 204.561065    0.05222     3.1333    188.000  1025.6255  51159.850    32.2980     94.145    6.75692     7.7294     7.7389    25.1909   12.16151 5.3020e-02     95.055 0.0000e+00
        754 204.561068    0.05229     3.1375    188.250  1025.6266  51160.387    32.2983     94.338    6.75696     7.7294     7.7386    25.1911   12.16156 5.2946e-02     95.250 0.0000e+00
        755 204.561071    0.05236     3.1417    188.500  1025.6276  51160.796    32.2984     94.522    6.75697     7.7295     7.7385    25.1913   12.16158 5.2883e-02     95.435 0.0000e+00
        756 204.561073    0.05243     3.1458    188.750  1025.6286  51161.229    32.2986     94.702    6.75696     7.7298     7.7385    25.1915   12.16157 5.2817e-02     95.617 0.0000e+00
        757 204.561076    0.05250     3.1500    189.000  1025.6296  51161.691    32.2989     94.883    6.75693     7.7303     7.7386    25.1917   12.16151 5.2751e-02     95.800 0.0000e+00
        758 204.561079    0.05257     3.1542    189.250  1025.6306  51162.045    32.2991     95.069    6.75688     7.7308     7.7389    25.1918   12.16142 5.2683e-02     95.988 0.0000e+00
        759 204.561082    0.05264     3.1583    189.500  1025.6316  51162.218    32.2992     95.264    6.75680     7.7315     7.7393    25.1918   12.16129 5.2630e-02     96.186 0.0000e+00
        760 204.561085    0.05271     3.1625    189.750  1025.6324  51162.142    32.2992     95.468    6.75671     7.7321     7.7399    25.1917   12.16115 5.2601e-02     96.392 0.0000e+00
        761 204.561088    0.05278     3.1667    190.000  1025.6330  51161.730    32.2989     95.681    6.75663     7.7325     7.7406    25.1914   12.16101 5.2549e-02     96.607 0.0000e+00
        762 204.561091    0.05285     3.1708    190.250  1025.6337  51161.193    32.2985     95.901    6.75655     7.7329     7.7412    25.1910   12.16088 5.2448e-02     96.829 0.0000e+00
        763 204.561094    0.05292     3.1750    190.500  1025.6344  51160.828    32.2982     96.124    6.75649     7.7333     7.7417    25.1907   12.16078 5.2349e-02     97.054 0.0000e+00
        764 204.561097    0.05299     3.1792    190.750  1025.6353  51160.657    32.2981     96.343    6.75643     7.7337     7.7421    25.1905   12.16069 5.2276e-02     97.275 0.0000e+00
        765 204.561100    0.05306     3.1833    191.000  1025.6361  51160.559    32.2980     96.558    6.75637     7.7341     7.7425    25.1904   12.16060 5.2212e-02     97.492 0.0000e+00
