CTD-processing/allCTD/CNV--homogene/2014_10-18_t7_s21_cast140.cnv
* Sea-Bird SBE19plus Data File:
* FileName = C:\Users\kris.holderied\Documents\kasitsna\Research-Projects-and-Data\Oceanography-AK\CTD-Data-ALL-to-2014-10\2014-CTD-KachemakBay-CookInlet\2014-10-EVOSTC-CookInlet\2014-10-17-CookInlet-Tran7-Augustine\2014-10-18-CookInlet-Tran7-cast140.hex
* Software Version 1.59
* Temperature SN =  4141
* Conductivity SN =  4141
* System UpLoad Time = Oct 18 2014 20:43:04
** Cook Inlet LTM Tran7 (Augustine) west to east 2ND RUN
** Date: 10-18
** Station: 7-21
** Start time:  18:51
** Depth (m): 70
** Comment:  CTD time is Alaska Daylight time.  R/V Pandalus. Transducer  depth.
** Comment:
# nquan = 17
# nvalues = 728                         
# units = specified
# name 0 = scan: Scan Count
# name 1 = timeJ: Julian Days
# name 2 = timeH: Time, Elapsed [hours]
# name 3 = timeM: Time, Elapsed [minutes]
# name 4 = timeS: Time, Elapsed [seconds]
# name 5 = density00: Density [density, kg/m^3]
# name 6 = specc: Specific Conductance [uS/cm]
# name 7 = sal00: Salinity, Practical [PSU]
# name 8 = depSM: Depth [salt water, m], lat = 59.00
# name 9 = oxsolML/L: Oxygen Saturation, Garcia & Gordon [ml/l]
# name 10 = potemp090C: Potential Temperature [ITS-90, deg C]
# name 11 = tv290C: Temperature [ITS-90, deg C]
# name 12 = sigma-é00: Density [sigma-theta, kg/m^3]
# name 13 = n2satML/L: Nitrogen Saturation [ml/l]
# name 14 = par: PAR/Irradiance, Biospherical/Licor
# name 15 = prdM: Pressure, Strain Gauge [db]
# name 16 = flag:  0.000e+00
# span 0 =          1,        728       
# span 1 = 291.786088, 291.788192       
# span 2 =    0.00000,    0.05049       
# span 3 =     0.0000,     3.0292       
# span 4 =      0.000,    181.750       
# span 5 =  1000.0839,  1024.1029       
# span 6 =    691.944,  48717.689       
# span 7 =     0.3308,    30.9077       
# span 8 =     -0.303,     70.714       
# span 9 =    6.41232,    8.18272       
# span 10 =     8.4255,    10.6753      
# span 11 =     8.4255,    10.6791      
# span 12 =     0.0853,    23.7800      
# span 13 =   11.61420,   14.98216      
# span 14 = 3.8594e-02, 5.9602e+00      
# span 15 =     -0.306,     71.394      
# span 16 = 0.0000e+00, 0.0000e+00      
# interval = seconds: 0.25
# start_time = Oct 18 2014 18:51:58 [Instrument's time stamp, header]
# bad_flag = -9.990e-29
*END*
[from data line 426]
        427 291.787321    0.02958     1.7750    106.500  1022.7510  46645.264    29.4988     22.917    6.52835    10.0912    10.0909    22.6459   11.81717 7.8907e-02     23.135 0.0000e+00
        428 291.787323    0.02965     1.7792    106.750  1022.7519  46645.822    29.4993     23.085    6.52811    10.0925    10.0924    22.6461   11.81677 7.7859e-02     23.304 0.0000e+00
        429 291.787326    0.02972     1.7833    107.000  1022.7532  46647.003    29.5002     23.253    6.52788    10.0939    10.0937    22.6466   11.81639 7.6798e-02     23.474 0.0000e+00
        430 291.787329    0.02979     1.7875    107.250  1022.7545  46648.134    29.5010     23.420    6.52765    10.0954    10.0950    22.6471   11.81600 7.5723e-02     23.643 0.0000e+00
        431 291.787332    0.02986     1.7917    107.500  1022.7558  46649.455    29.5021     23.586    6.52741    10.0968    10.0964    22.6476   11.81558 7.4689e-02     23.810 0.0000e+00
        432 291.787335    0.02993     1.7958    107.750  1022.7569  46650.438    29.5029     23.747    6.52716    10.0981    10.0979    22.6480   11.81516 7.3743e-02     23.973 0.0000e+00
        433 291.787338    0.03000     1.8000    108.000  1022.7576  46650.663    29.5031     23.903    6.52694    10.0992    10.0994    22.6480   11.81479 7.2888e-02     24.130 0.0000e+00
        434 291.787341    0.03007     1.8042    108.250  1022.7582  46650.685    29.5032     24.052    6.52675    10.1001    10.1006    22.6479   11.81448 7.2082e-02     24.280 0.0000e+00
        435 291.787344    0.03014     1.8083    108.500  1022.7589  46650.987    29.5035     24.193    6.52658    10.1011    10.1017    22.6480   11.81419 7.1296e-02     24.423 0.0000e+00
        436 291.787347    0.03021     1.8125    108.750  1022.7599  46651.931    29.5042     24.327    6.52641    10.1023    10.1027    22.6484   11.81390 7.0555e-02     24.558 0.0000e+00
        437 291.787350    0.03028     1.8167    109.000  1022.7615  46653.926    29.5057     24.454    6.52621    10.1038    10.1037    22.6493   11.81355 6.9873e-02     24.687 0.0000e+00
        438 291.787352    0.03035     1.8208    109.250  1022.7636  46657.070    29.5080     24.579    6.52594    10.1060    10.1049    22.6509   11.81307 6.9238e-02     24.812 0.0000e+00
        439 291.787355    0.03042     1.8250    109.500  1022.7664  46661.361    29.5111     24.705    6.52558    10.1089    10.1065    22.6531   11.81244 6.8616e-02     24.939 0.0000e+00
        440 291.787358    0.03049     1.8292    109.750  1022.7702  46667.614    29.5157     24.838    6.52509    10.1129    10.1087    22.6563   11.81156 6.7975e-02     25.074 0.0000e+00
        441 291.787361    0.03056     1.8333    110.000  1022.7752  46675.929    29.5218     24.983    6.52441    10.1179    10.1116    22.6606   11.81037 6.7295e-02     25.220 0.0000e+00
        442 291.787364    0.03062     1.8375    110.250  1022.7806  46685.234    29.5287     25.142    6.52356    10.1240    10.1156    22.6654   11.80887 6.6559e-02     25.381 0.0000e+00
        443 291.787367    0.03069     1.8417    110.500  1022.7868  46695.782    29.5366     25.317    6.52251    10.1313    10.1206    22.6707   11.80703 6.5766e-02     25.558 0.0000e+00
        444 291.787370    0.03076     1.8458    110.750  1022.7942  46708.589    29.5462     25.506    6.52123    10.1403    10.1267    22.6772   11.80480 6.4936e-02     25.749 0.0000e+00
        445 291.787373    0.03083     1.8500    111.000  1022.8036  46725.222    29.5586     25.705    6.51967    10.1518    10.1341    22.6857   11.80205 6.4098e-02     25.950 0.0000e+00
        446 291.787376    0.03090     1.8542    111.250  1022.8160  46747.638    29.5753     25.909    6.51768    10.1663    10.1431    22.6973   11.79856 6.3247e-02     26.156 0.0000e+00
        447 291.787378    0.03097     1.8583    111.500  1022.8312  46775.355    29.5960     26.113    6.51518    10.1837    10.1546    22.7116   11.79416 6.2416e-02     26.361 0.0000e+00
        448 291.787381    0.03104     1.8625    111.750  1022.8469  46804.498    29.6180     26.311    6.51219    10.2029    10.1691    22.7264   11.78894 6.1661e-02     26.561 0.0000e+00
        449 291.787384    0.03111     1.8667    112.000  1022.8603  46829.839    29.6377     26.502    6.50889    10.2226    10.1866    22.7389   11.78322 6.1001e-02     26.754 0.0000e+00
        450 291.787387    0.03118     1.8708    112.250  1022.8699  46848.483    29.6530     26.685    6.50550    10.2415    10.2059    22.7476   11.77743 6.0407e-02     26.939 0.0000e+00
        451 291.787390    0.03125     1.8750    112.500  1022.8758  46860.501    29.6636     26.861    6.50226    10.2588    10.2256    22.7527   11.77192 5.9857e-02     27.117 0.0000e+00
        452 291.787393    0.03132     1.8792    112.750  1022.8787  46866.958    29.6703     27.033    6.49929    10.2740    10.2445    22.7549   11.76692 5.9367e-02     27.290 0.0000e+00
        453 291.787396    0.03139     1.8833    113.000  1022.8798  46869.896    29.6743     27.203    6.49666    10.2876    10.2618    22.7552   11.76251 5.8917e-02     27.461 0.0000e+00
        454 291.787399    0.03146     1.8875    113.250  1022.8811  46873.061    29.6782     27.374    6.49433    10.3003    10.2771    22.7557   11.75859 5.8475e-02     27.635 0.0000e+00
        455 291.787402    0.03153     1.8917    113.500  1022.8845  46879.651    29.6843     27.550    6.49215    10.3130    10.2906    22.7583   11.75491 5.8033e-02     27.812 0.0000e+00
        456 291.787405    0.03160     1.8958    113.750  1022.8893  46888.865    29.6921     27.729    6.49002    10.3259    10.3034    22.7623   11.75128 5.7587e-02     27.992 0.0000e+00
        457 291.787407    0.03167     1.9000    114.000  1022.8938  46897.464    29.6996     27.911    6.48791    10.3384    10.3161    22.7660   11.74768 5.7135e-02     28.176 0.0000e+00
        458 291.787410    0.03174     1.9042    114.250  1022.8975  46904.458    29.7059     28.096    6.48582    10.3502    10.3290    22.7688   11.74415 5.6677e-02     28.363 0.0000e+00
        459 291.787413    0.03181     1.9083    114.500  1022.9010  46911.027    29.7119     28.280    6.48381    10.3613    10.3415    22.7714   11.74074 5.6230e-02     28.549 0.0000e+00
        460 291.787416    0.03188     1.9125    114.750  1022.9043  46917.329    29.7176     28.464    6.48189    10.3717    10.3534    22.7739   11.73749 5.5805e-02     28.735 0.0000e+00
        461 291.787419    0.03194     1.9167    115.000  1022.9077  46923.641    29.7232     28.646    6.48008    10.3816    10.3645    22.7765   11.73443 5.5378e-02     28.918 0.0000e+00
        462 291.787422    0.03201     1.9208    115.250  1022.9122  46932.044    29.7302     28.824    6.47832    10.3916    10.3749    22.7803   11.73142 5.4955e-02     29.098 0.0000e+00
        463 291.787425    0.03208     1.9250    115.500  1022.9186  46943.634    29.7394     29.000    6.47653    10.4019    10.3849    22.7858   11.72834 5.4556e-02     29.275 0.0000e+00
        464 291.787428    0.03215     1.9292    115.750  1022.9268  46958.697    29.7511     29.172    6.47465    10.4134    10.3948    22.7933   11.72508 5.4179e-02     29.450 0.0000e+00
        465 291.787431    0.03222     1.9333    116.000  1022.9378  46979.029    29.7665     29.343    6.47255    10.4266    10.4052    22.8035   11.72141 5.3821e-02     29.621 0.0000e+00
        466 291.787433    0.03229     1.9375    116.250  1022.9517  47004.607    29.7857     29.511    6.47013    10.4415    10.4167    22.8166   11.71718 5.3488e-02     29.791 0.0000e+00
        467 291.787436    0.03236     1.9417    116.500  1022.9657  47030.861    29.8055     29.677    6.46745    10.4574    10.4299    22.8299   11.71249 5.3173e-02     29.959 0.0000e+00
        468 291.787439    0.03243     1.9458    116.750  1022.9777  47053.591    29.8231     29.841    6.46462    10.4732    10.4449    22.8412   11.70758 5.2863e-02     30.124 0.0000e+00
        469 291.787442    0.03250     1.9500    117.000  1022.9880  47073.462    29.8388     30.000    6.46174    10.4886    10.4607    22.8508   11.70262 5.2565e-02     30.285 0.0000e+00
        470 291.787445    0.03257     1.9542    117.250  1022.9981  47092.855    29.8542     30.156    6.45888    10.5038    10.4765    22.8601   11.69769 5.2295e-02     30.442 0.0000e+00
        471 291.787448    0.03264     1.9583    117.500  1023.0093  47114.318    29.8709     30.307    6.45602    10.5195    10.4920    22.8706   11.69274 5.2042e-02     30.595 0.0000e+00
        472 291.787451    0.03271     1.9625    117.750  1023.0236  47141.638    29.8918     30.455    6.45302    10.5366    10.5072    22.8844   11.68752 5.1788e-02     30.744 0.0000e+00
        473 291.787454    0.03278     1.9667    118.000  1023.0421  47176.612    29.9181     30.602    6.44973    10.5557    10.5230    22.9022   11.68175 5.1534e-02     30.893 0.0000e+00
        474 291.787457    0.03285     1.9708    118.250  1023.0648  47219.334    29.9500     30.752    6.44602    10.5768    10.5401    22.9242   11.67522 5.1290e-02     31.044 0.0000e+00
        475 291.787459    0.03292     1.9750    118.500  1023.0908  47268.496    29.9866     30.906    6.44185    10.5992    10.5592    22.9496   11.66785 5.1058e-02     31.200 0.0000e+00
        476 291.787462    0.03299     1.9792    118.750  1023.1157  47315.721    30.0222     31.071    6.43743    10.6206    10.5803    22.9737   11.66010 5.0843e-02     31.366 0.0000e+00
        477 291.787465    0.03306     1.9833    119.000  1023.1333  47349.649    30.0485     31.249    6.43322    10.6386    10.6027    22.9905   11.65281 5.0644e-02     31.546 0.0000e+00
        478 291.787468    0.03313     1.9875    119.250  1023.1422  47367.638    30.0635     31.443    6.42961    10.6522    10.6241    22.9986   11.64665 5.0425e-02     31.742 0.0000e+00
        479 291.787471    0.03319     1.9917    119.500  1023.1462  47375.973    30.0713     31.653    6.42676    10.6616    10.6422    23.0016   11.64183 5.0182e-02     31.954 0.0000e+00
        480 291.787474    0.03326     1.9958    119.750  1023.1491  47381.390    30.0766     31.876    6.42465    10.6676    10.6559    23.0034   11.63826 4.9939e-02     32.180 0.0000e+00
        481 291.787477    0.03333     2.0000    120.000  1023.1523  47386.931    30.0814     32.107    6.42314    10.6714    10.6652    23.0057   11.63570 4.9698e-02     32.413 0.0000e+00
        482 291.787480    0.03340     2.0042    120.250  1023.1561  47392.904    30.0862     32.338    6.42210    10.6735    10.6713    23.0084   11.63391 4.9445e-02     32.646 0.0000e+00
        483 291.787483    0.03347     2.0083    120.500  1023.1600  47398.894    30.0908     32.560    6.42139    10.6747    10.6751    23.0113   11.63268 4.9174e-02     32.870 0.0000e+00
        484 291.787486    0.03354     2.0125    120.750  1023.1641  47404.968    30.0952     32.768    6.42090    10.6752    10.6773    23.0144   11.63182 4.8891e-02     33.080 0.0000e+00
        485 291.787488    0.03361     2.0167    121.000  1023.1681  47411.107    30.0996     32.957    6.42055    10.6753    10.6784    23.0176   11.63119 4.8611e-02     33.270 0.0000e+00
        486 291.787491    0.03368     2.0208    121.250  1023.1720  47416.902    30.1036     33.124    6.42031    10.6753    10.6790    23.0207   11.63074 4.8361e-02     33.439 0.0000e+00
        487 291.787494    0.03375     2.0250    121.500  1023.1755  47422.285    30.1074     33.270    6.42014    10.6751    10.6791    23.0236   11.63041 4.8156e-02     33.586 0.0000e+00
        488 291.787497    0.03382     2.0292    121.750  1023.1788  47427.271    30.1108     33.397    6.42001    10.6749    10.6791    23.0263   11.63015 4.7990e-02     33.714 0.0000e+00
        489 291.787500    0.03389     2.0333    122.000  1023.1817  47431.562    30.1138     33.509    6.41991    10.6747    10.6789    23.0286   11.62995 4.7858e-02     33.828 0.0000e+00
        490 291.787503    0.03396     2.0375    122.250  1023.1842  47435.368    30.1164     33.612    6.41982    10.6746    10.6788    23.0307   11.62978 4.7745e-02     33.932 0.0000e+00
        491 291.787506    0.03403     2.0417    122.500  1023.1868  47439.253    30.1191     33.714    6.41974    10.6744    10.6786    23.0328   11.62961 4.7638e-02     34.035 0.0000e+00
        492 291.787509    0.03410     2.0458    122.750  1023.1895  47443.465    30.1220     33.821    6.41964    10.6743    10.6785    23.0351   11.62941 4.7529e-02     34.143 0.0000e+00
        493 291.787512    0.03417     2.0500    123.000  1023.1927  47448.277    30.1253     33.941    6.41952    10.6741    10.6783    23.0377   11.62918 4.7419e-02     34.265 0.0000e+00
        494 291.787514    0.03424     2.0542    123.250  1023.1963  47453.776    30.1291     34.078    6.41938    10.6739    10.6782    23.0406   11.62890 4.7301e-02     34.403 0.0000e+00
        495 291.787517    0.03431     2.0583    123.500  1023.2003  47459.819    30.1333     34.235    6.41924    10.6736    10.6780    23.0439   11.62861 4.7174e-02     34.561 0.0000e+00
        496 291.787520    0.03438     2.0625    123.750  1023.2046  47466.370    30.1378     34.409    6.41908    10.6732    10.6778    23.0475   11.62830 4.7043e-02     34.736 0.0000e+00
        497 291.787523    0.03444     2.0667    124.000  1023.2094  47473.559    30.1428     34.595    6.41892    10.6728    10.6775    23.0514   11.62797 4.6877e-02     34.925 0.0000e+00
        498 291.787526    0.03451     2.0708    124.250  1023.2148  47481.904    30.1486     34.789    6.41873    10.6722    10.6772    23.0559   11.62758 4.6660e-02     35.120 0.0000e+00
        499 291.787529    0.03458     2.0750    124.500  1023.2211  47491.696    30.1553     34.981    6.41851    10.6714    10.6767    23.0613   11.62714 4.6421e-02     35.314 0.0000e+00
        500 291.787532    0.03465     2.0792    124.750  1023.2278  47502.415    30.1627     35.165    6.41828    10.6705    10.6762    23.0671   11.62668 4.6198e-02     35.500 0.0000e+00
        501 291.787535    0.03472     2.0833    125.000  1023.2345  47513.324    30.1702     35.336    6.41808    10.6696    10.6755    23.0731   11.62625 4.6018e-02     35.672 0.0000e+00
        502 291.787538    0.03479     2.0875    125.250  1023.2413  47524.439    30.1779     35.492    6.41788    10.6685    10.6746    23.0792   11.62584 4.5884e-02     35.830 0.0000e+00
        503 291.787541    0.03486     2.0917    125.500  1023.2485  47536.376    30.1862     35.634    6.41768    10.6674    10.6737    23.0858   11.62540 4.5772e-02     35.974 0.0000e+00
        504 291.787543    0.03493     2.0958    125.750  1023.2563  47549.379    30.1951     35.767    6.41746    10.6664    10.6726    23.0930   11.62493 4.5670e-02     36.107 0.0000e+00
        505 291.787546    0.03500     2.1000    126.000  1023.2646  47563.289    30.2048     35.895    6.41722    10.6654    10.6715    23.1006   11.62441 4.5577e-02     36.237 0.0000e+00
        506 291.787549    0.03507     2.1042    126.250  1023.2731  47577.643    30.2147     36.025    6.41695    10.6645    10.6705    23.1086   11.62386 4.5493e-02     36.368 0.0000e+00
        507 291.787552    0.03514     2.1083    126.500  1023.2816  47591.936    30.2246     36.163    6.41668    10.6637    10.6695    23.1164   11.62329 4.5408e-02     36.507 0.0000e+00
        508 291.787555    0.03521     2.1125    126.750  1023.2903  47606.487    30.2347     36.314    6.41639    10.6627    10.6686    23.1244   11.62269 4.5316e-02     36.660 0.0000e+00
        509 291.787558    0.03528     2.1167    127.000  1023.2998  47622.407    30.2457     36.481    6.41606    10.6617    10.6678    23.1332   11.62200 4.5215e-02     36.828 0.0000e+00
        510 291.787561    0.03535     2.1208    127.250  1023.3109  47641.220    30.2588     36.663    6.41565    10.6607    10.6669    23.1435   11.62117 4.5091e-02     37.012 0.0000e+00
