CTD-processing/allCTD/CNV--homogene/2014_08-14_alongbay_skb01_cast043.cnv
* Sea-Bird SBE19plus Data File:
* FileName = C:\Users\kris.holderied\Documents\kasitsna\Research-Projects-and-Data\Oceanography-AK\CTD-Data-ALL-to-2014-06\2014-CTD-KachemakBay-CookInlet\2014-08-14-KachemakBay-AlongBayLine\2014-08-14-KachemakBay-AlongBay-cast043.hex
* Software Version 1.59
* Temperature SN =  4141
* Conductivity SN =  4141
* System UpLoad Time = Oct 13 2014 01:18:14
** Kachemak Bay Along-bay Line West to East
** Date: 08-14
** Station: KB01
** Start time: 09:19
** Depth (m): 70.1
** Comment:  CTD time is Alaska Daylight time.  R/V Barnacle. Transducer  depth.
** Comment:
# nquan = 17
# nvalues = 569                         
# units = specified
# name 0 = scan: Scan Count
# name 1 = timeJ: Julian Days
# name 2 = timeH: Time, Elapsed [hours]
# name 3 = timeM: Time, Elapsed [minutes]
# name 4 = timeS: Time, Elapsed [seconds]
# name 5 = density00: Density [density, kg/m^3]
# name 6 = specc: Specific Conductance [uS/cm]
# name 7 = sal00: Salinity, Practical [PSU]
# name 8 = depSM: Depth [salt water, m], lat = 59.00
# name 9 = oxsolML/L: Oxygen Saturation, Garcia & Gordon [ml/l]
# name 10 = potemp090C: Potential Temperature [ITS-90, deg C]
# name 11 = tv290C: Temperature [ITS-90, deg C]
# name 12 = sigma-é00: Density [sigma-theta, kg/m^3]
# name 13 = n2satML/L: Nitrogen Saturation [ml/l]
# name 14 = par: PAR/Irradiance, Biospherical/Licor
# name 15 = prdM: Pressure, Strain Gauge [db]
# name 16 = flag:  0.000e+00
# span 0 =          1,        569       
# span 1 = 226.388947, 226.390590       
# span 2 =    0.00000,    0.03944       
# span 3 =     0.0000,     2.3667       
# span 4 =      0.000,    142.000       
# span 5 =   999.5899,  1024.2557       
# span 6 =     50.218,  49126.102       
# span 7 =     0.0278,    31.2873       
# span 8 =     -0.224,     66.266       
# span 9 =    6.30240,    7.65020       
# span 10 =    10.5945,    11.3656      
# span 11 =    10.6019,    11.3656      
# span 12 =    -0.4090,    23.9554      
# span 13 =   11.42487,   14.08695      
# span 14 = 3.6382e-02, 1.4694e+02      
# span 15 =     -0.226,     66.902      
# span 16 = 0.0000e+00, 0.0000e+00      
# interval = seconds: 0.25
# start_time = Aug 14 2014 09:20:05 [Instrument's time stamp, header]
# bad_flag = -9.990e-29
*END*
[from data line 341]
        342 226.389933    0.02368     1.4208     85.250  1023.4258  48231.502    30.7612      0.720    6.30696    11.3117    11.3121    23.4225   11.43499 7.0034e+01      0.727 0.0000e+00
        343 226.389936    0.02375     1.4250     85.500  1023.4260  48231.923    30.7615      0.713    6.30696    11.3115    11.3120    23.4227   11.43499 6.9805e+01      0.720 0.0000e+00
        344 226.389939    0.02382     1.4292     85.750  1023.4263  48232.631    30.7620      0.712    6.30697    11.3110    11.3118    23.4231   11.43499 6.9643e+01      0.718 0.0000e+00
        345 226.389942    0.02389     1.4333     86.000  1023.4269  48233.590    30.7626      0.714    6.30698    11.3104    11.3116    23.4237   11.43500 6.8980e+01      0.721 0.0000e+00
        346 226.389945    0.02396     1.4375     86.250  1023.4276  48234.715    30.7634      0.719    6.30700    11.3096    11.3111    23.4243   11.43504 6.8602e+01      0.726 0.0000e+00
        347 226.389948    0.02403     1.4417     86.500  1023.4284  48236.006    30.7642      0.726    6.30705    11.3087    11.3105    23.4251   11.43511 6.9215e+01      0.732 0.0000e+00
        348 226.389951    0.02410     1.4458     86.750  1023.4293  48237.407    30.7651      0.732    6.30713    11.3079    11.3096    23.4259   11.43523 7.0371e+01      0.739 0.0000e+00
        349 226.389954    0.02417     1.4500     87.000  1023.4301  48238.705    30.7659      0.739    6.30722    11.3073    11.3087    23.4267   11.43537 7.0837e+01      0.745 0.0000e+00
        350 226.389957    0.02424     1.4542     87.250  1023.4308  48239.785    30.7666      0.746    6.30730    11.3069    11.3080    23.4274   11.43549 7.0737e+01      0.753 0.0000e+00
        351 226.389959    0.02431     1.4583     87.500  1023.4313  48240.555    30.7671      0.753    6.30735    11.3067    11.3074    23.4279   11.43557 7.0828e+01      0.760 0.0000e+00
        352 226.389962    0.02438     1.4625     87.750  1023.4316  48240.983    30.7673      0.755    6.30739    11.3065    11.3070    23.4282   11.43564 7.0713e+01      0.762 0.0000e+00
        353 226.389965    0.02444     1.4667     88.000  1023.4318  48241.276    30.7675      0.752    6.30742    11.3065    11.3068    23.4283   11.43569 7.0341e+01      0.759 0.0000e+00
        354 226.389968    0.02451     1.4708     88.250  1023.4318  48241.468    30.7676      0.745    6.30744    11.3066    11.3066    23.4284   11.43571 7.0068e+01      0.752 0.0000e+00
        355 226.389971    0.02458     1.4750     88.500  1023.4318  48241.492    30.7676      0.736    6.30744    11.3068    11.3066    23.4285   11.43571 7.0056e+01      0.743 0.0000e+00
        356 226.389974    0.02465     1.4792     88.750  1023.4317  48241.411    30.7676      0.731    6.30743    11.3070    11.3067    23.4284   11.43568 7.0461e+01      0.738 0.0000e+00
        357 226.389977    0.02472     1.4833     89.000  1023.4316  48241.273    30.7675      0.729    6.30740    11.3071    11.3069    23.4283   11.43564 7.0742e+01      0.736 0.0000e+00
        358 226.389980    0.02479     1.4875     89.250  1023.4316  48241.147    30.7674      0.733    6.30738    11.3071    11.3071    23.4282   11.43561 7.0584e+01      0.740 0.0000e+00
        359 226.389983    0.02486     1.4917     89.500  1023.4316  48241.161    30.7675      0.740    6.30737    11.3069    11.3072    23.4282   11.43558 7.0502e+01      0.747 0.0000e+00
        360 226.389986    0.02493     1.4958     89.750  1023.4318  48241.391    30.7676      0.750    6.30737    11.3067    11.3071    23.4284   11.43558 7.0841e+01      0.757 0.0000e+00
        361 226.389988    0.02500     1.5000     90.000  1023.4320  48241.767    30.7679      0.761    6.30738    11.3064    11.3070    23.4286   11.43560 7.1332e+01      0.768 0.0000e+00
        362 226.389991    0.02507     1.5042     90.250  1023.4323  48242.172    30.7681      0.770    6.30740    11.3061    11.3068    23.4288   11.43563 7.1258e+01      0.777 0.0000e+00
        363 226.389994    0.02514     1.5083     90.500  1023.4326  48242.596    30.7684      0.775    6.30742    11.3057    11.3065    23.4291   11.43567 7.0918e+01      0.782 0.0000e+00
        364 226.389997    0.02521     1.5125     90.750  1023.4330  48243.149    30.7688      0.775    6.30745    11.3053    11.3062    23.4294   11.43571 7.1168e+01      0.782 0.0000e+00
        365 226.390000    0.02528     1.5167     91.000  1023.4334  48243.937    30.7693      0.770    6.30748    11.3050    11.3058    23.4299   11.43575 7.1516e+01      0.777 0.0000e+00
        366 226.390003    0.02535     1.5208     91.250  1023.4339  48244.796    30.7699      0.763    6.30751    11.3047    11.3054    23.4304   11.43580 7.1434e+01      0.771 0.0000e+00
        367 226.390006    0.02542     1.5250     91.500  1023.4343  48245.426    30.7703      0.757    6.30754    11.3045    11.3050    23.4308   11.43585 7.1582e+01      0.765 0.0000e+00
        368 226.390009    0.02549     1.5292     91.750  1023.4345  48245.824    30.7705      0.756    6.30757    11.3045    11.3048    23.4310   11.43589 7.2102e+01      0.764 0.0000e+00
        369 226.390012    0.02556     1.5333     92.000  1023.4346  48246.075    30.7707      0.763    6.30759    11.3046    11.3046    23.4312   11.43591 7.1887e+01      0.771 0.0000e+00
        370 226.390014    0.02562     1.5375     92.250  1023.4348  48246.257    30.7708      0.781    6.30758    11.3048    11.3046    23.4313   11.43591 7.0413e+01      0.789 0.0000e+00
        371 226.390017    0.02569     1.5417     92.500  1023.4351  48246.560    30.7710      0.815    6.30756    11.3050    11.3047    23.4314   11.43587 6.8469e+01      0.822 0.0000e+00
        372 226.390020    0.02576     1.5458     92.750  1023.4357  48247.187    30.7714      0.870    6.30752    11.3052    11.3049    23.4317   11.43580 6.6427e+01      0.878 0.0000e+00
        373 226.390023    0.02583     1.5500     93.000  1023.4368  48248.637    30.7725      0.951    6.30745    11.3051    11.3052    23.4325   11.43566 6.3948e+01      0.960 0.0000e+00
        374 226.390026    0.02590     1.5542     93.250  1023.4390  48251.809    30.7747      1.056    6.30733    11.3045    11.3053    23.4342   11.43545 6.1227e+01      1.066 0.0000e+00
        375 226.390029    0.02597     1.5583     93.500  1023.4425  48257.114    30.7784      1.182    6.30720    11.3036    11.3052    23.4371   11.43519 5.8403e+01      1.193 0.0000e+00
        376 226.390032    0.02604     1.5625     93.750  1023.4468  48263.739    30.7829      1.332    6.30710    11.3028    11.3046    23.4407   11.43496 5.5168e+01      1.344 0.0000e+00
        377 226.390035    0.02611     1.5667     94.000  1023.4514  48270.557    30.7876      1.511    6.30703    11.3023    11.3037    23.4445   11.43480 5.1636e+01      1.526 0.0000e+00
        378 226.390038    0.02618     1.5708     94.250  1023.4558  48276.874    30.7919      1.722    6.30696    11.3023    11.3029    23.4480   11.43463 4.8217e+01      1.738 0.0000e+00
        379 226.390041    0.02625     1.5750     94.500  1023.4597  48282.140    30.7955      1.959    6.30687    11.3026    11.3025    23.4509   11.43444 4.5117e+01      1.978 0.0000e+00
        380 226.390043    0.02632     1.5792     94.750  1023.4630  48286.153    30.7982      2.219    6.30676    11.3031    11.3026    23.4530   11.43422 4.2376e+01      2.240 0.0000e+00
        381 226.390046    0.02639     1.5833     95.000  1023.4660  48289.370    30.8004      2.498    6.30663    11.3038    11.3029    23.4546   11.43397 3.9949e+01      2.521 0.0000e+00
        382 226.390049    0.02646     1.5875     95.250  1023.4689  48292.468    30.8026      2.793    6.30647    11.3048    11.3035    23.4562   11.43369 3.7735e+01      2.819 0.0000e+00
        383 226.390052    0.02653     1.5917     95.500  1023.4721  48296.092    30.8051      3.103    6.30627    11.3062    11.3042    23.4580   11.43333 3.5671e+01      3.132 0.0000e+00
        384 226.390055    0.02660     1.5958     95.750  1023.4761  48301.001    30.8085      3.427    6.30599    11.3083    11.3052    23.4606   11.43283 3.3785e+01      3.459 0.0000e+00
        385 226.390058    0.02667     1.6000     96.000  1023.4809  48307.360    30.8130      3.762    6.30561    11.3108    11.3067    23.4638   11.43214 3.2156e+01      3.798 0.0000e+00
        386 226.390061    0.02674     1.6042     96.250  1023.4859  48314.115    30.8179      4.106    6.30514    11.3136    11.3088    23.4672   11.43130 3.0830e+01      4.145 0.0000e+00
        387 226.390064    0.02681     1.6083     96.500  1023.4902  48319.742    30.8220      4.455    6.30462    11.3161    11.3114    23.4700   11.43040 2.9761e+01      4.497 0.0000e+00
        388 226.390067    0.02688     1.6125     96.750  1023.4936  48323.575    30.8249      4.805    6.30414    11.3181    11.3141    23.4717   11.42956 2.8851e+01      4.851 0.0000e+00
        389 226.390069    0.02694     1.6167     97.000  1023.4963  48326.209    30.8269      5.156    6.30371    11.3196    11.3167    23.4728   11.42883 2.8019e+01      5.205 0.0000e+00
        390 226.390072    0.02701     1.6208     97.250  1023.4989  48328.642    30.8287      5.508    6.30336    11.3203    11.3188    23.4739   11.42822 2.7213e+01      5.560 0.0000e+00
        391 226.390075    0.02708     1.6250     97.500  1023.5020  48331.761    30.8309      5.861    6.30307    11.3202    11.3203    23.4753   11.42771 2.6385e+01      5.916 0.0000e+00
        392 226.390078    0.02715     1.6292     97.750  1023.5059  48336.349    30.8341      6.215    6.30284    11.3193    11.3210    23.4777   11.42730 2.5513e+01      6.274 0.0000e+00
        393 226.390081    0.02722     1.6333     98.000  1023.5108  48342.438    30.8383      6.572    6.30268    11.3179    11.3210    23.4810   11.42698 2.4606e+01      6.635 0.0000e+00
        394 226.390084    0.02729     1.6375     98.250  1023.5160  48348.912    30.8426      6.932    6.30262    11.3163    11.3201    23.4845   11.42683 2.3681e+01      6.998 0.0000e+00
        395 226.390087    0.02736     1.6417     98.500  1023.5209  48354.879    30.8466      7.293    6.30265    11.3147    11.3187    23.4878   11.42684 2.2757e+01      7.362 0.0000e+00
        396 226.390090    0.02743     1.6458     98.750  1023.5256  48360.341    30.8501      7.654    6.30272    11.3132    11.3171    23.4909   11.42692 2.1847e+01      7.726 0.0000e+00
        397 226.390093    0.02750     1.6500     99.000  1023.5301  48365.332    30.8533      8.013    6.30280    11.3119    11.3156    23.4936   11.42701 2.0962e+01      8.089 0.0000e+00
        398 226.390095    0.02757     1.6542     99.250  1023.5343  48369.956    30.8563      8.371    6.30287    11.3106    11.3142    23.4962   11.42709 2.0110e+01      8.450 0.0000e+00
        399 226.390098    0.02764     1.6583     99.500  1023.5383  48374.320    30.8591      8.728    6.30293    11.3094    11.3129    23.4986   11.42716 1.9293e+01      8.811 0.0000e+00
        400 226.390101    0.02771     1.6625     99.750  1023.5421  48378.315    30.8617      9.086    6.30299    11.3083    11.3117    23.5008   11.42723 1.8506e+01      9.172 0.0000e+00
        401 226.390104    0.02778     1.6667    100.000  1023.5457  48381.829    30.8639      9.443    6.30306    11.3074    11.3105    23.5027   11.42732 1.7744e+01      9.532 0.0000e+00
        402 226.390107    0.02785     1.6708    100.250  1023.5489  48384.824    30.8657      9.802    6.30313    11.3065    11.3095    23.5044   11.42741 1.6995e+01      9.895 0.0000e+00
        403 226.390110    0.02792     1.6750    100.500  1023.5520  48387.446    30.8673     10.164    6.30319    11.3058    11.3086    23.5058   11.42749 1.6251e+01     10.260 0.0000e+00
        404 226.390113    0.02799     1.6792    100.750  1023.5550  48389.935    30.8689     10.530    6.30323    11.3051    11.3078    23.5071   11.42754 1.5509e+01     10.630 0.0000e+00
        405 226.390116    0.02806     1.6833    101.000  1023.5580  48392.422    30.8704     10.901    6.30326    11.3044    11.3071    23.5085   11.42757 1.4774e+01     11.005 0.0000e+00
        406 226.390119    0.02813     1.6875    101.250  1023.5611  48395.009    30.8721     11.276    6.30329    11.3035    11.3065    23.5098   11.42759 1.4053e+01     11.383 0.0000e+00
        407 226.390122    0.02819     1.6917    101.500  1023.5645  48398.060    30.8740     11.655    6.30330    11.3024    11.3058    23.5115   11.42760 1.3347e+01     11.766 0.0000e+00
        408 226.390124    0.02826     1.6958    101.750  1023.5684  48402.112    30.8766     12.039    6.30331    11.3009    11.3050    23.5137   11.42757 1.2662e+01     12.154 0.0000e+00
        409 226.390127    0.02833     1.7000    102.000  1023.5732  48407.745    30.8803     12.426    6.30330    11.2989    11.3039    23.5167   11.42752 1.2004e+01     12.544 0.0000e+00
        410 226.390130    0.02840     1.7042    102.250  1023.5788  48414.683    30.8849     12.816    6.30332    11.2968    11.3024    23.5206   11.42750 1.1375e+01     12.937 0.0000e+00
        411 226.390133    0.02847     1.7083    102.500  1023.5844  48421.411    30.8893     13.205    6.30340    11.2949    11.3004    23.5243   11.42759 1.0774e+01     13.330 0.0000e+00
        412 226.390136    0.02854     1.7125    102.750  1023.5893  48426.994    30.8929     13.592    6.30354    11.2935    11.2984    23.5275   11.42777 1.0207e+01     13.721 0.0000e+00
        413 226.390139    0.02861     1.7167    103.000  1023.5935  48431.324    30.8956     13.974    6.30368    11.2924    11.2966    23.5299   11.42797 9.6807e+00     14.106 0.0000e+00
        414 226.390142    0.02868     1.7208    103.250  1023.5970  48434.581    30.8976     14.349    6.30379    11.2916    11.2952    23.5317   11.42812 9.1925e+00     14.485 0.0000e+00
        415 226.390145    0.02875     1.7250    103.500  1023.6001  48437.209    30.8992     14.719    6.30386    11.2910    11.2942    23.5332   11.42822 8.7359e+00     14.859 0.0000e+00
        416 226.390148    0.02882     1.7292    103.750  1023.6031  48439.631    30.9006     15.088    6.30390    11.2903    11.2934    23.5345   11.42827 8.3047e+00     15.230 0.0000e+00
        417 226.390150    0.02889     1.7333    104.000  1023.6062  48442.229    30.9023     15.456    6.30392    11.2896    11.2928    23.5358   11.42829 7.8936e+00     15.602 0.0000e+00
        418 226.390153    0.02896     1.7375    104.250  1023.6092  48444.879    30.9039     15.824    6.30394    11.2889    11.2922    23.5372   11.42830 7.5005e+00     15.974 0.0000e+00
        419 226.390156    0.02903     1.7417    104.500  1023.6122  48447.351    30.9055     16.194    6.30397    11.2884    11.2915    23.5385   11.42833 7.1251e+00     16.347 0.0000e+00
        420 226.390159    0.02910     1.7458    104.750  1023.6151  48449.581    30.9068     16.563    6.30400    11.2879    11.2909    23.5397   11.42836 6.7664e+00     16.721 0.0000e+00
        421 226.390162    0.02917     1.7500    105.000  1023.6177  48451.424    30.9079     16.933    6.30402    11.2876    11.2904    23.5407   11.42839 6.4232e+00     17.094 0.0000e+00
        422 226.390165    0.02924     1.7542    105.250  1023.6202  48452.997    30.9089     17.304    6.30404    11.2873    11.2900    23.5415   11.42841 6.0951e+00     17.468 0.0000e+00
        423 226.390168    0.02931     1.7583    105.500  1023.6227  48454.596    30.9098     17.676    6.30404    11.2869    11.2897    23.5423   11.42840 5.7809e+00     17.844 0.0000e+00
        424 226.390171    0.02937     1.7625    105.750  1023.6253  48456.392    30.9109     18.051    6.30404    11.2865    11.2894    23.5432   11.42838 5.4791e+00     18.222 0.0000e+00
        425 226.390174    0.02944     1.7667    106.000  1023.6281  48458.566    30.9123     18.426    6.30402    11.2860    11.2891    23.5443   11.42834 5.1912e+00     18.601 0.0000e+00
