CTD-processing/allCTD/CNV--homogene/2014_10-19_t9_s10_cast152.cnv
* Sea-Bird SBE19plus Data File:
* FileName = C:\Users\kris.holderied\Documents\kasitsna\Research-Projects-and-Data\Oceanography-AK\CTD-Data-ALL-to-2014-10\2014-CTD-KachemakBay-CookInlet\2014-10-EVOSTC-CookInlet\2014-10-19-CookInlet-Tran9-HomerSpit\2014-10-19-CookInlet-Tran9-cast152.hex
* Software Version 1.59
* Temperature SN =  4141
* Conductivity SN =  4141
* System UpLoad Time = Nov 25 2014 12:56:04
** Cook Inlet LTM Tran9 (Homer Spit) south to north
** Date: 10-19
** Station: 9-10
** Start time:  11:31
** Depth (m): 65
** Comment:  CTD time is Alaska Daylight time.  R/V Pandalus. Transducer  depth.
** Comment:
# nquan = 17
# nvalues = 718                         
# units = specified
# name 0 = scan: Scan Count
# name 1 = timeJ: Julian Days
# name 2 = timeH: Time, Elapsed [hours]
# name 3 = timeM: Time, Elapsed [minutes]
# name 4 = timeS: Time, Elapsed [seconds]
# name 5 = density00: Density [density, kg/m^3]
# name 6 = specc: Specific Conductance [uS/cm]
# name 7 = sal00: Salinity, Practical [PSU]
# name 8 = depSM: Depth [salt water, m], lat = 59.00
# name 9 = oxsolML/L: Oxygen Saturation, Garcia & Gordon [ml/l]
# name 10 = potemp090C: Potential Temperature [ITS-90, deg C]
# name 11 = tv290C: Temperature [ITS-90, deg C]
# name 12 = sigma-é00: Density [sigma-theta, kg/m^3]
# name 13 = n2satML/L: Nitrogen Saturation [ml/l]
# name 14 = par: PAR/Irradiance, Biospherical/Licor
# name 15 = prdM: Pressure, Strain Gauge [db]
# name 16 = flag:  0.000e+00
# span 0 =          1,        718       
# span 1 = 292.480544, 292.482619       
# span 2 =    0.00000,    0.04979       
# span 3 =     0.0000,     2.9875       
# span 4 =      0.000,    179.250       
# span 5 =  1000.7917,  1024.1146       
# span 6 =   2452.995,  48779.030       
# span 7 =     1.2408,    30.9448       
# span 8 =     -0.325,     64.460       
# span 9 =    6.50907,    8.10659       
# span 10 =     8.5730,     9.7968      
# span 11 =     8.5730,     9.8035      
# span 12 =     0.7932,    23.8201      
# span 13 =   11.76781,   14.83995      
# span 14 = 4.9068e-02, 1.6278e+02      
# span 15 =     -0.329,     65.078      
# span 16 = 0.0000e+00, 0.0000e+00      
# interval = seconds: 0.25
# start_time = Oct 19 2014 11:31:59 [Instrument's time stamp, header]
# bad_flag = -9.990e-29
*END*
[from data line 511]
        512 292.482023    0.03549     2.1292    127.750  1023.8656  48555.749    30.7957     34.303    6.51991     9.7544     9.7712    23.7084   11.78755 1.3415e-01     34.630 0.0000e+00
        513 292.482025    0.03556     2.1333    128.000  1023.8693  48560.390    30.7981     34.466    6.52069     9.7471     9.7651    23.7113   11.78881 1.3101e-01     34.794 0.0000e+00
        514 292.482028    0.03562     2.1375    128.250  1023.8743  48567.494    30.8021     34.633    6.52152     9.7401     9.7581    23.7156   11.79014 1.2798e-01     34.963 0.0000e+00
        515 292.482031    0.03569     2.1417    128.500  1023.8805  48576.795    30.8077     34.801    6.52232     9.7334     9.7509    23.7211   11.79140 1.2511e-01     35.133 0.0000e+00
        516 292.482034    0.03576     2.1458    128.750  1023.8872  48586.981    30.8139     34.964    6.52307     9.7271     9.7439    23.7270   11.79256 1.2250e-01     35.297 0.0000e+00
        517 292.482037    0.03583     2.1500    129.000  1023.8936  48596.636    30.8198     35.118    6.52378     9.7214     9.7372    23.7327   11.79367 1.2018e-01     35.452 0.0000e+00
        518 292.482040    0.03590     2.1542    129.250  1023.8996  48605.768    30.8253     35.260    6.52445     9.7167     9.7309    23.7380   11.79472 1.1812e-01     35.596 0.0000e+00
        519 292.482043    0.03597     2.1583    129.500  1023.9051  48614.208    30.8305     35.390    6.52505     9.7130     9.7252    23.7429   11.79565 1.1631e-01     35.727 0.0000e+00
        520 292.482046    0.03604     2.1625    129.750  1023.9099  48621.523    30.8349     35.510    6.52554     9.7104     9.7205    23.7472   11.79641 1.1472e-01     35.848 0.0000e+00
        521 292.482049    0.03611     2.1667    130.000  1023.9142  48627.933    30.8389     35.624    6.52590     9.7089     9.7168    23.7509   11.79696 1.1327e-01     35.963 0.0000e+00
        522 292.482052    0.03618     2.1708    130.250  1023.9180  48633.729    30.8426     35.736    6.52611     9.7083     9.7143    23.7542   11.79726 1.1187e-01     36.076 0.0000e+00
        523 292.482054    0.03625     2.1750    130.500  1023.9215  48639.125    30.8462     35.852    6.52618     9.7085     9.7128    23.7572   11.79733 1.1044e-01     36.193 0.0000e+00
        524 292.482057    0.03632     2.1792    130.750  1023.9250  48644.422    30.8498     35.976    6.52612     9.7097     9.7122    23.7601   11.79718 1.0892e-01     36.318 0.0000e+00
        525 292.482060    0.03639     2.1833    131.000  1023.9286  48649.922    30.8536     36.111    6.52591     9.7118     9.7124    23.7631   11.79680 1.0731e-01     36.455 0.0000e+00
        526 292.482063    0.03646     2.1875    131.250  1023.9324  48655.770    30.8578     36.260    6.52557     9.7148     9.7136    23.7662   11.79618 1.0559e-01     36.605 0.0000e+00
        527 292.482066    0.03653     2.1917    131.500  1023.9362  48661.638    30.8621     36.421    6.52508     9.7185     9.7158    23.7692   11.79532 1.0378e-01     36.768 0.0000e+00
        528 292.482069    0.03660     2.1958    131.750  1023.9395  48666.728    30.8660     36.593    6.52449     9.7226     9.7188    23.7718   11.79429 1.0197e-01     36.941 0.0000e+00
        529 292.482072    0.03667     2.2000    132.000  1023.9421  48670.553    30.8691     36.773    6.52382     9.7269     9.7225    23.7736   11.79315 1.0019e-01     37.123 0.0000e+00
        530 292.482075    0.03674     2.2042    132.250  1023.9441  48673.193    30.8715     36.957    6.52313     9.7311     9.7266    23.7747   11.79197 9.8415e-02     37.309 0.0000e+00
        531 292.482078    0.03681     2.2083    132.500  1023.9458  48675.219    30.8734     37.144    6.52243     9.7352     9.7309    23.7755   11.79079 9.6656e-02     37.498 0.0000e+00
        532 292.482080    0.03687     2.2125    132.750  1023.9474  48677.240    30.8753     37.331    6.52174     9.7390     9.7352    23.7763   11.78963 9.4975e-02     37.686 0.0000e+00
        533 292.482083    0.03694     2.2167    133.000  1023.9489  48678.940    30.8769     37.513    6.52109     9.7423     9.7393    23.7769   11.78853 9.3413e-02     37.871 0.0000e+00
        534 292.482086    0.03701     2.2208    133.250  1023.9499  48679.853    30.8780     37.688    6.52050     9.7451     9.7431    23.7772   11.78754 9.1985e-02     38.047 0.0000e+00
        535 292.482089    0.03708     2.2250    133.500  1023.9506  48680.199    30.8786     37.853    6.51999     9.7472     9.7464    23.7771   11.78669 9.0696e-02     38.213 0.0000e+00
        536 292.482092    0.03715     2.2292    133.750  1023.9510  48680.120    30.8788     38.005    6.51959     9.7486     9.7492    23.7769   11.78602 8.9542e-02     38.367 0.0000e+00
        537 292.482095    0.03722     2.2333    134.000  1023.9514  48679.904    30.8789     38.144    6.51928     9.7496     9.7513    23.7766   11.78551 8.8526e-02     38.508 0.0000e+00
        538 292.482098    0.03729     2.2375    134.250  1023.9520  48680.246    30.8792     38.271    6.51905     9.7503     9.7528    23.7767   11.78513 8.7627e-02     38.636 0.0000e+00
        539 292.482101    0.03736     2.2417    134.500  1023.9531  48681.475    30.8802     38.389    6.51887     9.7510     9.7537    23.7773   11.78482 8.6813e-02     38.755 0.0000e+00
        540 292.482104    0.03743     2.2458    134.750  1023.9546  48683.285    30.8815     38.500    6.51872     9.7519     9.7545    23.7782   11.78455 8.6048e-02     38.867 0.0000e+00
        541 292.482106    0.03750     2.2500    135.000  1023.9560  48685.095    30.8828     38.611    6.51856     9.7528     9.7552    23.7791   11.78427 8.5284e-02     38.979 0.0000e+00
        542 292.482109    0.03757     2.2542    135.250  1023.9573  48686.644    30.8840     38.725    6.51839     9.7539     9.7561    23.7798   11.78397 8.4476e-02     39.095 0.0000e+00
        543 292.482112    0.03764     2.2583    135.500  1023.9586  48688.177    30.8851     38.847    6.51820     9.7552     9.7570    23.7806   11.78364 8.3630e-02     39.217 0.0000e+00
        544 292.482115    0.03771     2.2625    135.750  1023.9602  48690.178    30.8866     38.977    6.51798     9.7568     9.7581    23.7816   11.78326 8.2793e-02     39.349 0.0000e+00
        545 292.482118    0.03778     2.2667    136.000  1023.9622  48692.921    30.8886     39.117    6.51771     9.7586     9.7594    23.7830   11.78278 8.1958e-02     39.490 0.0000e+00
        546 292.482121    0.03785     2.2708    136.250  1023.9643  48695.728    30.8907     39.265    6.51740     9.7605     9.7610    23.7844   11.78223 8.1073e-02     39.640 0.0000e+00
        547 292.482124    0.03792     2.2750    136.500  1023.9659  48697.614    30.8922     39.419    6.51707     9.7624     9.7629    23.7853   11.78167 8.0154e-02     39.796 0.0000e+00
        548 292.482127    0.03799     2.2792    136.750  1023.9671  48698.783    30.8932     39.578    6.51675     9.7642     9.7648    23.7857   11.78113 7.9240e-02     39.956 0.0000e+00
        549 292.482130    0.03806     2.2833    137.000  1023.9682  48699.899    30.8942     39.738    6.51644     9.7659     9.7667    23.7862   11.78061 7.8326e-02     40.117 0.0000e+00
        550 292.482133    0.03812     2.2875    137.250  1023.9692  48700.705    30.8950     39.898    6.51614     9.7674     9.7685    23.7864   11.78012 7.7429e-02     40.278 0.0000e+00
        551 292.482135    0.03819     2.2917    137.500  1023.9698  48700.740    30.8951     40.056    6.51589     9.7685     9.7703    23.7863   11.77970 7.6605e-02     40.438 0.0000e+00
        552 292.482138    0.03826     2.2958    137.750  1023.9703  48700.509    30.8951     40.214    6.51568     9.7695     9.7717    23.7860   11.77935 7.5836e-02     40.598 0.0000e+00
        553 292.482141    0.03833     2.3000    138.000  1023.9710  48700.652    30.8953     40.373    6.51550     9.7703     9.7729    23.7860   11.77906 7.5045e-02     40.758 0.0000e+00
        554 292.482144    0.03840     2.3042    138.250  1023.9719  48701.111    30.8956     40.533    6.51535     9.7710     9.7738    23.7861   11.77880 7.4218e-02     40.919 0.0000e+00
        555 292.482147    0.03847     2.3083    138.500  1023.9728  48701.679    30.8961     40.694    6.51521     9.7718     9.7747    23.7863   11.77857 7.3384e-02     41.082 0.0000e+00
        556 292.482150    0.03854     2.3125    138.750  1023.9738  48702.242    30.8965     40.857    6.51508     9.7725     9.7755    23.7865   11.77834 7.2556e-02     41.246 0.0000e+00
        557 292.482153    0.03861     2.3167    139.000  1023.9747  48702.859    30.8970     41.020    6.51495     9.7733     9.7762    23.7868   11.77812 7.1752e-02     41.411 0.0000e+00
        558 292.482156    0.03868     2.3208    139.250  1023.9757  48703.500    30.8975     41.180    6.51482     9.7740     9.7770    23.7870   11.77790 7.1026e-02     41.573 0.0000e+00
        559 292.482159    0.03875     2.3250    139.500  1023.9765  48703.712    30.8976     41.335    6.51470     9.7744     9.7778    23.7871   11.77770 7.0399e-02     41.730 0.0000e+00
        560 292.482161    0.03882     2.3292    139.750  1023.9769  48703.426    30.8974     41.482    6.51461     9.7746     9.7785    23.7868   11.77756 6.9832e-02     41.877 0.0000e+00
        561 292.482164    0.03889     2.3333    140.000  1023.9774  48703.265    30.8973     41.618    6.51455     9.7747     9.7789    23.7867   11.77746 6.9303e-02     42.014 0.0000e+00
        562 292.482167    0.03896     2.3375    140.250  1023.9780  48703.487    30.8975     41.742    6.51452     9.7747     9.7791    23.7867   11.77740 6.8815e-02     42.140 0.0000e+00
        563 292.482170    0.03903     2.3417    140.500  1023.9787  48703.883    30.8977     41.858    6.51450     9.7747     9.7792    23.7869   11.77736 6.8364e-02     42.257 0.0000e+00
        564 292.482173    0.03910     2.3458    140.750  1023.9795  48704.475    30.8981     41.969    6.51447     9.7747     9.7793    23.7872   11.77732 6.7952e-02     42.369 0.0000e+00
        565 292.482176    0.03917     2.3500    141.000  1023.9804  48705.255    30.8986     42.077    6.51445     9.7748     9.7793    23.7876   11.77727 6.7566e-02     42.478 0.0000e+00
        566 292.482179    0.03924     2.3542    141.250  1023.9813  48706.086    30.8991     42.186    6.51442     9.7748     9.7793    23.7880   11.77721 6.7185e-02     42.588 0.0000e+00
        567 292.482182    0.03931     2.3583    141.500  1023.9822  48706.924    30.8997     42.298    6.51440     9.7747     9.7794    23.7884   11.77716 6.6795e-02     42.702 0.0000e+00
        568 292.482185    0.03938     2.3625    141.750  1023.9832  48707.772    30.9003     42.417    6.51437     9.7746     9.7794    23.7889   11.77711 6.6391e-02     42.822 0.0000e+00
        569 292.482188    0.03944     2.3667    142.000  1023.9842  48708.651    30.9008     42.544    6.51435     9.7743     9.7793    23.7893   11.77707 6.5982e-02     42.950 0.0000e+00
        570 292.482190    0.03951     2.3708    142.250  1023.9854  48709.636    30.9014     42.680    6.51434     9.7741     9.7792    23.7898   11.77705 6.5575e-02     43.088 0.0000e+00
        571 292.482193    0.03958     2.3750    142.500  1023.9867  48710.877    30.9022     42.827    6.51434     9.7738     9.7790    23.7905   11.77704 6.5139e-02     43.236 0.0000e+00
        572 292.482196    0.03965     2.3792    142.750  1023.9882  48712.509    30.9033     42.983    6.51433     9.7737     9.7787    23.7913   11.77701 6.4658e-02     43.393 0.0000e+00
        573 292.482199    0.03972     2.3833    143.000  1023.9901  48714.587    30.9046     43.149    6.51431     9.7738     9.7785    23.7924   11.77695 6.4155e-02     43.560 0.0000e+00
        574 292.482202    0.03979     2.3875    143.250  1023.9922  48717.006    30.9062     43.323    6.51425     9.7741     9.7784    23.7937   11.77685 6.3643e-02     43.736 0.0000e+00
        575 292.482205    0.03986     2.3917    143.500  1023.9943  48719.545    30.9080     43.505    6.51417     9.7746     9.7785    23.7951   11.77669 6.3145e-02     43.920 0.0000e+00
        576 292.482208    0.03993     2.3958    143.750  1023.9966  48722.191    30.9098     43.693    6.51405     9.7755     9.7788    23.7965   11.77647 6.2665e-02     44.110 0.0000e+00
        577 292.482211    0.04000     2.4000    144.000  1023.9988  48724.805    30.9116     43.884    6.51389     9.7765     9.7794    23.7978   11.77618 6.2169e-02     44.303 0.0000e+00
        578 292.482214    0.04007     2.4042    144.250  1024.0006  48726.712    30.9130     44.074    6.51371     9.7776     9.7803    23.7987   11.77586 6.1660e-02     44.495 0.0000e+00
        579 292.482216    0.04014     2.4083    144.500  1024.0019  48727.694    30.9137     44.259    6.51352     9.7786     9.7813    23.7991   11.77555 6.1171e-02     44.681 0.0000e+00
        580 292.482219    0.04021     2.4125    144.750  1024.0029  48728.324    30.9142     44.435    6.51335     9.7794     9.7824    23.7994   11.77525 6.0738e-02     44.859 0.0000e+00
        581 292.482222    0.04028     2.4167    145.000  1024.0040  48729.113    30.9148     44.597    6.51318     9.7801     9.7834    23.7997   11.77497 6.0390e-02     45.022 0.0000e+00
        582 292.482225    0.04035     2.4208    145.250  1024.0051  48730.167    30.9156     44.741    6.51303     9.7807     9.7842    23.8002   11.77471 6.0099e-02     45.168 0.0000e+00
        583 292.482228    0.04042     2.4250    145.500  1024.0062  48731.282    30.9164     44.867    6.51289     9.7812     9.7849    23.8007   11.77447 5.9838e-02     45.295 0.0000e+00
        584 292.482231    0.04049     2.4292    145.750  1024.0071  48732.123    30.9171     44.974    6.51278     9.7818     9.7855    23.8010   11.77427 5.9620e-02     45.403 0.0000e+00
        585 292.482234    0.04056     2.4333    146.000  1024.0077  48732.580    30.9174     45.065    6.51268     9.7822     9.7861    23.8012   11.77411 5.9451e-02     45.495 0.0000e+00
        586 292.482237    0.04063     2.4375    146.250  1024.0081  48732.827    30.9176     45.144    6.51260     9.7825     9.7866    23.8013   11.77397 5.9308e-02     45.575 0.0000e+00
        587 292.482240    0.04069     2.4417    146.500  1024.0086  48733.064    30.9178     45.216    6.51253     9.7828     9.7871    23.8014   11.77385 5.9182e-02     45.648 0.0000e+00
        588 292.482242    0.04076     2.4458    146.750  1024.0091  48733.492    30.9182     45.287    6.51247     9.7831     9.7874    23.8016   11.77375 5.9066e-02     45.719 0.0000e+00
        589 292.482245    0.04083     2.4500    147.000  1024.0098  48734.216    30.9187     45.362    6.51240     9.7836     9.7877    23.8019   11.77364 5.8948e-02     45.795 0.0000e+00
        590 292.482248    0.04090     2.4542    147.250  1024.0107  48735.216    30.9194     45.448    6.51232     9.7842     9.7881    23.8024   11.77350 5.8821e-02     45.882 0.0000e+00
        591 292.482251    0.04097     2.4583    147.500  1024.0118  48736.461    30.9203     45.549    6.51222     9.7850     9.7885    23.8031   11.77331 5.8675e-02     45.984 0.0000e+00
        592 292.482254    0.04104     2.4625    147.750  1024.0131  48737.990    30.9214     45.671    6.51208     9.7861     9.7892    23.8038   11.77307 5.8486e-02     46.107 0.0000e+00
        593 292.482257    0.04111     2.4667    148.000  1024.0146  48739.811    30.9227     45.817    6.51190     9.7873     9.7900    23.8048   11.77276 5.8254e-02     46.255 0.0000e+00
        594 292.482260    0.04118     2.4708    148.250  1024.0163  48741.670    30.9241     45.989    6.51169     9.7886     9.7911    23.8057   11.77239 5.7997e-02     46.429 0.0000e+00
        595 292.482263    0.04125     2.4750    148.500  1024.0180  48743.348    30.9254     46.186    6.51146     9.7899     9.7923    23.8064   11.77200 5.7731e-02     46.627 0.0000e+00
