CTD-processing/allCTD/CNV--homogene/2014_07-21_t9_s01a_cast167.cnv
* Sea-Bird SBE19plus Data File:
* FileName = C:\Users\kris.holderied\Documents\kasitsna\Research-Projects-and-Data\Oceanography-AK\CTD-Data-ALL-to-2014-06\2014-CTD-KachemakBay-CookInlet\2014-07-EVOSTC-CookInlet-quarterly\2014-07-21-CookInlet-Tran9-HomerSpit\2014-07-21-CookInlet-Tran9-cast167.hex
* Software Version 1.59
* Temperature SN =  4141
* Conductivity SN =  4141
* System UpLoad Time = Jul 21 2014 18:01:32
** Cook Inlet LTM Transect 9 (Homer Spit) North to South
** Date: 07-21
** Station: 9-01a
** Start time: 16:53
** Depth (m): 55.2
** Comment:  CTD time is Alaska Daylight time. 49 sec downcast. Strong convergent front ~50 m south of station.
** Comment:  Zooplankton 40 m vertical bongo tow. Phytoplankton 40 liter surface, filtered.
# nquan = 17
# nvalues = 502                         
# units = specified
# name 0 = scan: Scan Count
# name 1 = timeJ: Julian Days
# name 2 = timeH: Time, Elapsed [hours]
# name 3 = timeM: Time, Elapsed [minutes]
# name 4 = timeS: Time, Elapsed [seconds]
# name 5 = density00: Density [density, kg/m^3]
# name 6 = specc: Specific Conductance [uS/cm]
# name 7 = sal00: Salinity, Practical [PSU]
# name 8 = depSM: Depth [salt water, m], lat = 59.00
# name 9 = oxsolML/L: Oxygen Saturation, Garcia & Gordon [ml/l]
# name 10 = potemp090C: Potential Temperature [ITS-90, deg C]
# name 11 = tv290C: Temperature [ITS-90, deg C]
# name 12 = sigma-é00: Density [sigma-theta, kg/m^3]
# name 13 = n2satML/L: Nitrogen Saturation [ml/l]
# name 14 = par: PAR/Irradiance, Biospherical/Licor
# name 15 = prdM: Pressure, Strain Gauge [db]
# name 16 = flag:  0.000e+00
# span 0 =          1,        502       
# span 1 = 202.705081, 202.706531       
# span 2 =    0.00000,    0.03479       
# span 3 =     0.0000,     2.0875       
# span 4 =      0.000,    125.250       
# span 5 =  1000.0740,  1024.6445       
# span 6 =   1405.279,  49759.852       
# span 7 =     0.7025,    31.5551       
# span 8 =     -0.015,     54.594       
# span 9 =    6.16913,    7.54719       
# span 10 =     9.1735,    13.6692      
# span 11 =     9.1792,    13.6693      
# span 12 =     0.0741,    24.3949      
# span 13 =   11.25124,   13.90291      
# span 14 = 4.0141e-02, 3.4355e+02      
# span 15 =     -0.015,     55.116      
# span 16 = 0.0000e+00, 0.0000e+00      
# interval = seconds: 0.25
# start_time = Jul 21 2014 16:55:19 [Instrument's time stamp, header]
# bad_flag = -9.990e-29
*END*
[from data line 426]
        427 202.706314    0.02958     1.7750    106.500  1024.4827  49639.777    31.5291     36.342    6.52091     9.5327     9.5502    24.3162   11.78038 1.0477e-01     36.689 0.0000e+00
        428 202.706317    0.02965     1.7792    106.750  1024.4852  49641.866    31.5295     36.578    6.52188     9.5251     9.5433    24.3176   11.78198 1.0323e-01     36.927 0.0000e+00
        429 202.706319    0.02972     1.7833    107.000  1024.4859  49640.614    31.5276     36.823    6.52291     9.5160     9.5367    24.3172   11.78372 1.0173e-01     37.174 0.0000e+00
        430 202.706322    0.02979     1.7875    107.250  1024.4863  49638.626    31.5251     37.081    6.52411     9.5064     9.5291    24.3165   11.78574 1.0015e-01     37.434 0.0000e+00
        431 202.706325    0.02986     1.7917    107.500  1024.4888  49640.129    31.5248     37.352    6.52543     9.4976     9.5200    24.3177   11.78792 9.8429e-02     37.708 0.0000e+00
        432 202.706328    0.02993     1.7958    107.750  1024.4936  49645.664    31.5273     37.639    6.52671     9.4906     9.5104    24.3211   11.79001 9.6698e-02     37.997 0.0000e+00
        433 202.706331    0.03000     1.8000    108.000  1024.4992  49652.538    31.5308     37.939    6.52781     9.4852     9.5017    24.3253   11.79180 9.5176e-02     38.301 0.0000e+00
        434 202.706334    0.03007     1.8042    108.250  1024.5043  49658.727    31.5341     38.251    6.52869     9.4812     9.4946    24.3290   11.79321 9.3790e-02     38.616 0.0000e+00
        435 202.706337    0.03014     1.8083    108.500  1024.5085  49663.458    31.5366     38.571    6.52935     9.4782     9.4893    24.3317   11.79427 9.2378e-02     38.939 0.0000e+00
        436 202.706340    0.03021     1.8125    108.750  1024.5119  49666.659    31.5382     38.893    6.52985     9.4756     9.4854    24.3336   11.79508 9.1035e-02     39.264 0.0000e+00
        437 202.706343    0.03028     1.8167    109.000  1024.5145  49668.751    31.5391     39.210    6.53025     9.4733     9.4824    24.3348   11.79573 8.9817e-02     39.584 0.0000e+00
        438 202.706345    0.03035     1.8208    109.250  1024.5167  49670.100    31.5396     39.514    6.53059     9.4709     9.4798    24.3356   11.79630 8.8625e-02     39.890 0.0000e+00
        439 202.706348    0.03042     1.8250    109.500  1024.5183  49670.638    31.5396     39.799    6.53093     9.4682     9.4775    24.3359   11.79685 8.7504e-02     40.178 0.0000e+00
        440 202.706351    0.03049     1.8292    109.750  1024.5194  49670.299    31.5389     40.062    6.53129     9.4653     9.4752    24.3357   11.79747 8.6643e-02     40.444 0.0000e+00
        441 202.706354    0.03056     1.8333    110.000  1024.5205  49670.277    31.5384     40.303    6.53169     9.4623     9.4725    24.3358   11.79814 8.6091e-02     40.687 0.0000e+00
        442 202.706357    0.03062     1.8375    110.250  1024.5223  49671.412    31.5387     40.526    6.53210     9.4593     9.4696    24.3365   11.79881 8.5738e-02     40.913 0.0000e+00
        443 202.706360    0.03069     1.8417    110.500  1024.5236  49671.877    31.5386     40.738    6.53253     9.4556     9.4667    24.3368   11.79952 8.5442e-02     41.127 0.0000e+00
        444 202.706363    0.03076     1.8458    110.750  1024.5237  49670.218    31.5369     40.948    6.53303     9.4509     9.4637    24.3360   11.80036 8.5102e-02     41.339 0.0000e+00
        445 202.706366    0.03083     1.8500    111.000  1024.5236  49668.035    31.5347     41.165    6.53365     9.4453     9.4600    24.3349   11.80142 8.4689e-02     41.558 0.0000e+00
        446 202.706369    0.03090     1.8542    111.250  1024.5243  49667.077    31.5333     41.396    6.53440     9.4391     9.4552    24.3346   11.80267 8.4227e-02     41.791 0.0000e+00
        447 202.706372    0.03097     1.8583    111.500  1024.5257  49667.087    31.5325     41.646    6.53524     9.4326     9.4497    24.3348   11.80407 8.3736e-02     42.043 0.0000e+00
        448 202.706374    0.03104     1.8625    111.750  1024.5274  49667.388    31.5318     41.918    6.53615     9.4256     9.4436    24.3352   11.80559 8.3278e-02     42.318 0.0000e+00
        449 202.706377    0.03111     1.8667    112.000  1024.5291  49667.750    31.5310     42.211    6.53712     9.4181     9.4371    24.3356   11.80720 8.2919e-02     42.614 0.0000e+00
        450 202.706380    0.03118     1.8708    112.250  1024.5309  49667.995    31.5301     42.521    6.53816     9.4100     9.4302    24.3360   11.80893 8.2516e-02     42.927 0.0000e+00
        451 202.706383    0.03125     1.8750    112.500  1024.5331  49668.775    31.5295     42.841    6.53927     9.4020     9.4226    24.3367   11.81078 8.1942e-02     43.250 0.0000e+00
        452 202.706386    0.03132     1.8792    112.750  1024.5363  49671.222    31.5299     43.164    6.54041     9.3944     9.4146    24.3384   11.81266 8.1345e-02     43.576 0.0000e+00
        453 202.706389    0.03139     1.8833    113.000  1024.5399  49674.671    31.5311     43.480    6.54152     9.3871     9.4066    24.3406   11.81448 8.0836e-02     43.895 0.0000e+00
        454 202.706392    0.03146     1.8875    113.250  1024.5432  49677.584    31.5320     43.783    6.54258     9.3799     9.3990    24.3425   11.81622 8.0274e-02     44.201 0.0000e+00
        455 202.706395    0.03153     1.8917    113.500  1024.5459  49679.500    31.5323     44.068    6.54361     9.3721     9.3918    24.3438   11.81793 7.9550e-02     44.489 0.0000e+00
        456 202.706398    0.03160     1.8958    113.750  1024.5477  49680.171    31.5316     44.334    6.54469     9.3633     9.3845    24.3444   11.81972 7.8838e-02     44.757 0.0000e+00
        457 202.706400    0.03167     1.9000    114.000  1024.5490  49679.898    31.5303     44.580    6.54587     9.3537     9.3768    24.3446   11.82169 7.8269e-02     45.006 0.0000e+00
        458 202.706403    0.03174     1.9042    114.250  1024.5507  49680.255    31.5292     44.810    6.54718     9.3434     9.3681    24.3451   11.82387 7.7813e-02     45.238 0.0000e+00
        459 202.706406    0.03181     1.9083    114.500  1024.5529  49681.744    31.5288     45.026    6.54859     9.3327     9.3584    24.3464   11.82621 7.7447e-02     45.456 0.0000e+00
        460 202.706409    0.03188     1.9125    114.750  1024.5552  49683.439    31.5285     45.235    6.55008     9.3215     9.3482    24.3477   11.82868 7.7121e-02     45.668 0.0000e+00
        461 202.706412    0.03194     1.9167    115.000  1024.5576  49685.192    31.5282     45.446    6.55164     9.3100     9.3376    24.3492   11.83127 7.6811e-02     45.880 0.0000e+00
        462 202.706415    0.03201     1.9208    115.250  1024.5604  49687.552    31.5282     45.667    6.55326     9.2984     9.3264    24.3510   11.83395 7.6506e-02     46.103 0.0000e+00
        463 202.706418    0.03208     1.9250    115.500  1024.5638  49690.803    31.5288     45.905    6.55490     9.2872     9.3149    24.3532   11.83667 7.6171e-02     46.344 0.0000e+00
        464 202.706421    0.03215     1.9292    115.750  1024.5677  49694.961    31.5301     46.164    6.55652     9.2767     9.3033    24.3560   11.83934 7.5792e-02     46.605 0.0000e+00
        465 202.706424    0.03222     1.9333    116.000  1024.5723  49700.064    31.5320     46.445    6.55807     9.2673     9.2921    24.3592   11.84187 7.5436e-02     46.889 0.0000e+00
        466 202.706427    0.03229     1.9375    116.250  1024.5771  49705.552    31.5342     46.744    6.55949     9.2586     9.2817    24.3626   11.84419 7.5100e-02     47.191 0.0000e+00
        467 202.706429    0.03236     1.9417    116.500  1024.5813  49710.055    31.5359     47.053    6.56079     9.2503     9.2722    24.3654   11.84632 7.4670e-02     47.502 0.0000e+00
        468 202.706432    0.03243     1.9458    116.750  1024.5849  49713.402    31.5370     47.362    6.56200     9.2425     9.2636    24.3676   11.84832 7.4219e-02     47.815 0.0000e+00
        469 202.706435    0.03250     1.9500    117.000  1024.5886  49717.092    31.5383     47.664    6.56314     9.2354     9.2554    24.3699   11.85019 7.3852e-02     48.119 0.0000e+00
        470 202.706438    0.03257     1.9542    117.250  1024.5928  49721.732    31.5404     47.951    6.56419     9.2292     9.2476    24.3728   11.85190 7.3557e-02     48.410 0.0000e+00
        471 202.706441    0.03264     1.9583    117.500  1024.5969  49726.401    31.5426     48.223    6.56512     9.2238     9.2405    24.3756   11.85342 7.3272e-02     48.684 0.0000e+00
        472 202.706444    0.03271     1.9625    117.750  1024.6004  49730.228    31.5443     48.482    6.56595     9.2188     9.2344    24.3779   11.85476 7.2948e-02     48.945 0.0000e+00
        473 202.706447    0.03278     1.9667    118.000  1024.6033  49733.122    31.5454     48.730    6.56668     9.2142     9.2289    24.3797   11.85597 7.2638e-02     49.196 0.0000e+00
        474 202.706450    0.03285     1.9708    118.250  1024.6059  49735.623    31.5464     48.968    6.56736     9.2101     9.2240    24.3812   11.85707 7.2386e-02     49.437 0.0000e+00
        475 202.706453    0.03292     1.9750    118.500  1024.6087  49738.437    31.5477     49.199    6.56797     9.2067     9.2194    24.3829   11.85808 7.2193e-02     49.670 0.0000e+00
        476 202.706455    0.03299     1.9792    118.750  1024.6117  49741.898    31.5494     49.425    6.56850     9.2043     9.2153    24.3849   11.85892 7.2031e-02     49.898 0.0000e+00
        477 202.706458    0.03306     1.9833    119.000  1024.6148  49745.359    31.5513     49.650    6.56891     9.2025     9.2119    24.3869   11.85958 7.1876e-02     50.125 0.0000e+00
        478 202.706461    0.03313     1.9875    119.250  1024.6168  49747.153    31.5521     49.878    6.56922     9.2003     9.2095    24.3879   11.86009 7.1758e-02     50.355 0.0000e+00
        479 202.706464    0.03319     1.9917    119.500  1024.6175  49746.426    31.5513     50.113    6.56953     9.1974     9.2077    24.3875   11.86061 7.1693e-02     50.592 0.0000e+00
        480 202.706467    0.03326     1.9958    119.750  1024.6177  49744.664    31.5496     50.359    6.56990     9.1939     9.2056    24.3866   11.86125 7.1655e-02     50.840 0.0000e+00
        481 202.706470    0.03333     2.0000    120.000  1024.6186  49744.031    31.5486     50.620    6.57036     9.1903     9.2027    24.3863   11.86203 7.1646e-02     51.104 0.0000e+00
        482 202.706473    0.03340     2.0042    120.250  1024.6206  49745.212    31.5489     50.896    6.57086     9.1872     9.1992    24.3870   11.86285 7.1642e-02     51.383 0.0000e+00
        483 202.706476    0.03347     2.0083    120.500  1024.6231  49747.210    31.5497     51.185    6.57134     9.1844     9.1957    24.3882   11.86364 7.1623e-02     51.675 0.0000e+00
        484 202.706479    0.03354     2.0125    120.750  1024.6254  49748.850    31.5502     51.483    6.57177     9.1819     9.1926    24.3891   11.86434 7.1658e-02     51.975 0.0000e+00
        485 202.706481    0.03361     2.0167    121.000  1024.6276  49750.327    31.5508     51.781    6.57215     9.1799     9.1898    24.3900   11.86496 7.1634e-02     52.276 0.0000e+00
        486 202.706484    0.03368     2.0208    121.250  1024.6300  49752.218    31.5516     52.071    6.57247     9.1783     9.1874    24.3910   11.86548 7.1349e-02     52.569 0.0000e+00
        487 202.706487    0.03375     2.0250    121.500  1024.6324  49754.255    31.5527     52.345    6.57272     9.1771     9.1854    24.3921   11.86588 7.0910e-02     52.846 0.0000e+00
        488 202.706490    0.03382     2.0292    121.750  1024.6344  49755.829    31.5534     52.601    6.57291     9.1762     9.1839    24.3930   11.86619 7.0500e-02     53.104 0.0000e+00
        489 202.706493    0.03389     2.0333    122.000  1024.6360  49756.822    31.5539     52.838    6.57306     9.1754     9.1827    24.3935   11.86643 7.0113e-02     53.344 0.0000e+00
        490 202.706496    0.03396     2.0375    122.250  1024.6374  49757.620    31.5542     53.062    6.57318     9.1748     9.1818    24.3939   11.86662 6.9663e-02     53.569 0.0000e+00
        491 202.706499    0.03403     2.0417    122.500  1024.6388  49758.376    31.5545     53.275    6.57327     9.1744     9.1811    24.3943   11.86677 6.9053e-02     53.785 0.0000e+00
        492 202.706502    0.03410     2.0458    122.750  1024.6401  49758.989    31.5548     53.483    6.57335     9.1740     9.1805    24.3946   11.86689 6.8139e-02     53.994 0.0000e+00
        493 202.706505    0.03417     2.0500    123.000  1024.6412  49759.440    31.5550     53.688    6.57341     9.1737     9.1800    24.3948   11.86699 6.6698e-02     54.201 0.0000e+00
        494 202.706508    0.03424     2.0542    123.250  1024.6422  49759.731    31.5551     53.890    6.57345     9.1736     9.1797    24.3949   11.86707 6.4357e-02     54.405 0.0000e+00
        495 202.706510    0.03431     2.0583    123.500  1024.6431  49759.852    31.5550     54.084    6.57349     9.1735     9.1794    24.3949   11.86713 6.0488e-02     54.601 0.0000e+00
        496 202.706513    0.03438     2.0625    123.750  1024.6438  49759.768    31.5549     54.257    6.57352     9.1736     9.1793    24.3948   11.86718 5.6139e-02     54.776 0.0000e+00
        497 202.706516    0.03444     2.0667    124.000  1024.6442  49759.450    31.5546     54.393    6.57354     9.1738     9.1792    24.3946   11.86721 5.2992e-02     54.913 0.0000e+00
        498 202.706519    0.03451     2.0708    124.250  1024.6444  49759.101    31.5543     54.485    6.57354     9.1741     9.1793    24.3944   11.86721 4.9671e-02     55.006 0.0000e+00
        499 202.706522    0.03458     2.0750    124.500  1024.6445  49758.775    31.5541     54.541    6.57352     9.1745     9.1795    24.3942   11.86718 4.5489e-02     55.062 0.0000e+00
        500 202.706525    0.03465     2.0792    124.750  1024.6443  49758.222    31.5537     54.573    6.57349     9.1746     9.1798    24.3938   11.86714 4.2279e-02     55.095 0.0000e+00
        501 202.706528    0.03472     2.0833    125.000  1024.6441  49757.689    31.5534     54.589    6.57346 -9.990e-29     9.1802    24.3935   11.86709 4.0642e-02     55.111 0.0000e+00
        502 202.706531    0.03479     2.0875    125.250  1024.6440  49757.518    31.5533     54.594    6.57344 -9.990e-29     9.1803    24.3934   11.86706 4.0141e-02     55.116 0.0000e+00
