CTD-processing/allCTD/CNV--homogene/2014_07-22_t3_s04_cast192.cnv
* Sea-Bird SBE19plus Data File:
* FileName = C:\Users\kris.holderied\Documents\kasitsna\Research-Projects-and-Data\Oceanography-AK\CTD-Data-ALL-to-2014-06\2014-CTD-KachemakBay-CookInlet\2014-07-EVOSTC-CookInlet-quarterly\2014-07-22-CookInlet-Tran3-AnchorPt\2014-07-22-CookInlet-Tran3-cast192.hex
* Software Version 1.59
* Temperature SN =  4141
* Conductivity SN =  4141
* System UpLoad Time = Jul 22 2014 17:44:46
** Cook Inlet LTM Transect 3 (Anchor Pt) East to West
** Date: 07-22
** Station: 3-04
** Start time: 13:27
** Depth (m): 28.8
** Comment:  CTD time is Alaska Daylight time. CTD descent time=25 sec.
** Comment: Zooplankton (20 m vertical bongo). Phytoplankton (surface 40 liters, filtered).
# nquan = 17
# nvalues = 477                         
# units = specified
# name 0 = scan: Scan Count
# name 1 = timeJ: Julian Days
# name 2 = timeH: Time, Elapsed [hours]
# name 3 = timeM: Time, Elapsed [minutes]
# name 4 = timeS: Time, Elapsed [seconds]
# name 5 = density00: Density [density, kg/m^3]
# name 6 = specc: Specific Conductance [uS/cm]
# name 7 = sal00: Salinity, Practical [PSU]
# name 8 = depSM: Depth [salt water, m], lat = 59.00
# name 9 = oxsolML/L: Oxygen Saturation, Garcia & Gordon [ml/l]
# name 10 = potemp090C: Potential Temperature [ITS-90, deg C]
# name 11 = tv290C: Temperature [ITS-90, deg C]
# name 12 = sigma-é00: Density [sigma-theta, kg/m^3]
# name 13 = n2satML/L: Nitrogen Saturation [ml/l]
# name 14 = par: PAR/Irradiance, Biospherical/Licor
# name 15 = prdM: Pressure, Strain Gauge [db]
# name 16 = flag:  0.000e+00
# span 0 =          1,        477       
# span 1 = 203.560532, 203.561910       
# span 2 =    0.00000,    0.03306       
# span 3 =     0.0000,     1.9833       
# span 4 =      0.000,    119.000       
# span 5 =   999.6953,  1022.4613       
# span 6 =    455.301,  46326.721       
# span 7 =     0.2169,    29.4476       
# span 8 =     -0.073,     29.293       
# span 9 =    6.30325,    7.57210       
# span 10 =    11.7177,    11.8525      
# span 11 =    11.7212,    11.8527      
# span 12 =    -0.3044,    22.3311      
# span 13 =   11.44473,   13.95174      
# span 14 = 5.9084e-02, 7.9818e+02      
# span 15 =     -0.074,     29.571      
# span 16 = 0.0000e+00, 0.0000e+00      
# interval = seconds: 0.25
# start_time = Jul 22 2014 13:27:10 [Instrument's time stamp, header]
# bad_flag = -9.990e-29
*END*
[from data line 341]
        342 203.561519    0.02368     1.4208     85.250  1021.9767  45679.113    29.0133      1.181    6.30439    11.8489    11.8489    21.9713   11.45128 2.6751e+02      1.192 0.0000e+00
        343 203.561522    0.02375     1.4250     85.500  1021.9764  45678.780    29.0131      1.160    6.30439    11.8490    11.8490    21.9711   11.45127 2.6397e+02      1.171 0.0000e+00
        344 203.561525    0.02382     1.4292     85.750  1021.9763  45678.595    29.0130      1.159    6.30438    11.8490    11.8491    21.9710   11.45125 2.5366e+02      1.170 0.0000e+00
        345 203.561528    0.02389     1.4333     86.000  1021.9764  45678.641    29.0130      1.178    6.30436    11.8489    11.8491    21.9710   11.45123 2.3917e+02      1.189 0.0000e+00
        346 203.561531    0.02396     1.4375     86.250  1021.9766  45678.833    29.0132      1.212    6.30436    11.8488    11.8492    21.9711   11.45122 2.2314e+02      1.223 0.0000e+00
        347 203.561534    0.02403     1.4417     86.500  1021.9769  45678.952    29.0132      1.255    6.30436    11.8488    11.8491    21.9712   11.45123 2.0776e+02      1.267 0.0000e+00
        348 203.561536    0.02410     1.4458     86.750  1021.9771  45678.932    29.0132      1.302    6.30438    11.8488    11.8490    21.9712   11.45126 1.9452e+02      1.314 0.0000e+00
        349 203.561539    0.02417     1.4500     87.000  1021.9773  45678.851    29.0131      1.346    6.30439    11.8489    11.8490    21.9711   11.45128 1.8432e+02      1.359 0.0000e+00
        350 203.561542    0.02424     1.4542     87.250  1021.9774  45678.772    29.0130      1.384    6.30439    11.8489    11.8490    21.9711   11.45128 1.7774e+02      1.398 0.0000e+00
        351 203.561545    0.02431     1.4583     87.500  1021.9774  45678.701    29.0130      1.413    6.30439    11.8490    11.8490    21.9710   11.45127 1.7497e+02      1.427 0.0000e+00
        352 203.561548    0.02438     1.4625     87.750  1021.9775  45678.687    29.0130      1.430    6.30438    11.8490    11.8490    21.9710   11.45126 1.7579e+02      1.444 0.0000e+00
        353 203.561551    0.02444     1.4667     88.000  1021.9776  45678.792    29.0130      1.435    6.30437    11.8490    11.8491    21.9711   11.45124 1.7989e+02      1.449 0.0000e+00
        354 203.561554    0.02451     1.4708     88.250  1021.9776  45678.957    29.0132      1.428    6.30436    11.8489    11.8492    21.9712   11.45123 1.8671e+02      1.441 0.0000e+00
        355 203.561557    0.02458     1.4750     88.500  1021.9776  45679.111    29.0133      1.411    6.30436    11.8489    11.8492    21.9712   11.45122 1.9539e+02      1.424 0.0000e+00
        356 203.561560    0.02465     1.4792     88.750  1021.9776  45679.282    29.0134      1.388    6.30436    11.8488    11.8491    21.9713   11.45122 2.0444e+02      1.401 0.0000e+00
        357 203.561563    0.02472     1.4833     89.000  1021.9777  45679.497    29.0135      1.363    6.30436    11.8488    11.8491    21.9715   11.45122 2.1215e+02      1.376 0.0000e+00
        358 203.561565    0.02479     1.4875     89.250  1021.9777  45679.750    29.0137      1.339    6.30436    11.8487    11.8490    21.9716   11.45122 2.1782e+02      1.352 0.0000e+00
        359 203.561568    0.02486     1.4917     89.500  1021.9778  45680.033    29.0139      1.318    6.30436    11.8487    11.8490    21.9718   11.45121 2.2230e+02      1.330 0.0000e+00
        360 203.561571    0.02493     1.4958     89.750  1021.9779  45680.322    29.0141      1.298    6.30436    11.8486    11.8489    21.9720   11.45121 2.2706e+02      1.310 0.0000e+00
        361 203.561574    0.02500     1.5000     90.000  1021.9779  45680.608    29.0143      1.279    6.30436    11.8484    11.8488    21.9721   11.45121 2.3229e+02      1.291 0.0000e+00
        362 203.561577    0.02507     1.5042     90.250  1021.9780  45680.961    29.0146      1.261    6.30437    11.8482    11.8487    21.9723   11.45122 2.3672e+02      1.273 0.0000e+00
        363 203.561580    0.02514     1.5083     90.500  1021.9783  45681.517    29.0150      1.247    6.30437    11.8479    11.8486    21.9727   11.45122 2.3900e+02      1.258 0.0000e+00
        364 203.561583    0.02521     1.5125     90.750  1021.9787  45682.304    29.0155      1.242    6.30438    11.8476    11.8484    21.9731   11.45122 2.3773e+02      1.253 0.0000e+00
        365 203.561586    0.02528     1.5167     91.000  1021.9793  45683.218    29.0161      1.254    6.30439    11.8472    11.8481    21.9736   11.45124 2.3027e+02      1.266 0.0000e+00
        366 203.561589    0.02535     1.5208     91.250  1021.9801  45684.296    29.0168      1.293    6.30440    11.8467    11.8478    21.9742   11.45126 2.1523e+02      1.305 0.0000e+00
        367 203.561591    0.02542     1.5250     91.500  1021.9812  45685.747    29.0178      1.362    6.30442    11.8460    11.8474    21.9750   11.45127 1.9447e+02      1.375 0.0000e+00
        368 203.561594    0.02549     1.5292     91.750  1021.9826  45687.479    29.0189      1.465    6.30444    11.8453    11.8469    21.9760   11.45129 1.7093e+02      1.478 0.0000e+00
        369 203.561597    0.02556     1.5333     92.000  1021.9843  45689.438    29.0202      1.597    6.30447    11.8444    11.8462    21.9771   11.45133 1.4729e+02      1.612 0.0000e+00
        370 203.561600    0.02562     1.5375     92.250  1021.9867  45692.448    29.0222      1.754    6.30449    11.8429    11.8455    21.9788   11.45133 1.2531e+02      1.771 0.0000e+00
        371 203.561603    0.02569     1.5417     92.500  1021.9905  45697.831    29.0258      1.932    6.30447    11.8406    11.8446    21.9818   11.45125 1.0543e+02      1.951 0.0000e+00
        372 203.561606    0.02576     1.5458     92.750  1021.9963  45706.589    29.0318      2.128    6.30442    11.8373    11.8432    21.9867   11.45111 8.7562e+01      2.149 0.0000e+00
        373 203.561609    0.02583     1.5500     93.000  1022.0039  45718.389    29.0398      2.341    6.30442    11.8335    11.8409    21.9933   11.45101 7.1624e+01      2.363 0.0000e+00
        374 203.561612    0.02590     1.5542     93.250  1022.0122  45731.217    29.0484      2.566    6.30451    11.8297    11.8376    22.0006   11.45106 5.7694e+01      2.591 0.0000e+00
        375 203.561615    0.02597     1.5583     93.500  1022.0202  45743.424    29.0566      2.798    6.30470    11.8263    11.8338    22.0076   11.45128 4.5849e+01      2.825 0.0000e+00
        376 203.561617    0.02604     1.5625     93.750  1022.0277  45754.529    29.0639      3.032    6.30491    11.8233    11.8300    22.0139   11.45154 3.6035e+01      3.061 0.0000e+00
        377 203.561620    0.02611     1.5667     94.000  1022.0342  45764.056    29.0702      3.263    6.30512    11.8209    11.8266    22.0194   11.45181 2.8073e+01      3.294 0.0000e+00
        378 203.561623    0.02618     1.5708     94.250  1022.0398  45771.848    29.0754      3.492    6.30531    11.8190    11.8237    22.0239   11.45206 2.1713e+01      3.525 0.0000e+00
        379 203.561626    0.02625     1.5750     94.500  1022.0446  45778.412    29.0797      3.718    6.30545    11.8174    11.8213    22.0277   11.45225 1.6710e+01      3.753 0.0000e+00
        380 203.561629    0.02632     1.5792     94.750  1022.0490  45784.442    29.0836      3.942    6.30555    11.8160    11.8194    22.0311   11.45237 1.2844e+01      3.980 0.0000e+00
        381 203.561632    0.02639     1.5833     95.000  1022.0534  45790.393    29.0876      4.166    6.30560    11.8148    11.8179    22.0344   11.45241 9.9087e+00      4.206 0.0000e+00
        382 203.561635    0.02646     1.5875     95.250  1022.0576  45796.048    29.0913      4.390    6.30563    11.8136    11.8165    22.0376   11.45242 7.7055e+00      4.432 0.0000e+00
        383 203.561638    0.02653     1.5917     95.500  1022.0613  45800.812    29.0945      4.616    6.30567    11.8127    11.8153    22.0403   11.45244 6.0571e+00      4.660 0.0000e+00
        384 203.561641    0.02660     1.5958     95.750  1022.0644  45804.562    29.0970      4.846    6.30572    11.8120    11.8142    22.0424   11.45249 4.8150e+00      4.892 0.0000e+00
        385 203.561644    0.02667     1.6000     96.000  1022.0670  45807.308    29.0987      5.083    6.30577    11.8115    11.8133    22.0439   11.45256 3.8620e+00      5.132 0.0000e+00
        386 203.561646    0.02674     1.6042     96.250  1022.0693  45809.371    29.1000      5.330    6.30581    11.8111    11.8126    22.0450   11.45261 3.1104e+00      5.380 0.0000e+00
        387 203.561649    0.02681     1.6083     96.500  1022.0717  45811.618    29.1015      5.586    6.30582    11.8107    11.8121    22.0462   11.45261 2.5016e+00      5.639 0.0000e+00
        388 203.561652    0.02688     1.6125     96.750  1022.0743  45814.356    29.1032      5.854    6.30580    11.8102    11.8118    22.0477   11.45255 1.9992e+00      5.909 0.0000e+00
        389 203.561655    0.02694     1.6167     97.000  1022.0775  45817.911    29.1056      6.134    6.30576    11.8096    11.8114    22.0496   11.45245 1.5801e+00      6.191 0.0000e+00
        390 203.561658    0.02701     1.6208     97.250  1022.0814  45822.670    29.1088      6.426    6.30569    11.8088    11.8110    22.0521   11.45229 1.2310e+00      6.486 0.0000e+00
        391 203.561661    0.02708     1.6250     97.500  1022.0859  45828.387    29.1126      6.730    6.30561    11.8078    11.8104    22.0552   11.45212 9.4354e-01      6.793 0.0000e+00
        392 203.561664    0.02715     1.6292     97.750  1022.0911  45835.281    29.1173      7.044    6.30553    11.8067    11.8096    22.0590   11.45193 7.1133e-01      7.111 0.0000e+00
        393 203.561667    0.02722     1.6333     98.000  1022.0974  45844.114    29.1233      7.366    6.30541    11.8053    11.8087    22.0638   11.45167 5.2896e-01      7.436 0.0000e+00
        394 203.561670    0.02729     1.6375     98.250  1022.1048  45854.953    29.1307      7.690    6.30527    11.8036    11.8076    22.0698   11.45134 3.9066e-01      7.763 0.0000e+00
        395 203.561672    0.02736     1.6417     98.500  1022.1127  45866.634    29.1387      8.011    6.30513    11.8019    11.8062    22.0762   11.45103 2.8938e-01      8.087 0.0000e+00
        396 203.561675    0.02743     1.6458     98.750  1022.1203  45877.831    29.1463      8.321    6.30504    11.8003    11.8046    22.0824   11.45079 2.1818e-01      8.400 0.0000e+00
        397 203.561678    0.02750     1.6500     99.000  1022.1276  45888.512    29.1536      8.616    6.30498    11.7986    11.8030    22.0884   11.45060 1.7041e-01      8.698 0.0000e+00
        398 203.561681    0.02757     1.6542     99.250  1022.1348  45899.362    29.1610      8.895    6.30490    11.7968    11.8013    22.0944   11.45039 1.3990e-01      8.979 0.0000e+00
        399 203.561684    0.02764     1.6583     99.500  1022.1420  45910.212    29.1683      9.155    6.30484    11.7950    11.7997    22.1004   11.45019 1.2223e-01      9.241 0.0000e+00
        400 203.561687    0.02771     1.6625     99.750  1022.1487  45920.186    29.1751      9.397    6.30480    11.7933    11.7979    22.1059   11.45005 1.1529e-01      9.486 0.0000e+00
        401 203.561690    0.02778     1.6667    100.000  1022.1549  45929.524    29.1814      9.627    6.30478    11.7916    11.7962    22.1111   11.44995 1.1895e-01      9.718 0.0000e+00
        402 203.561693    0.02785     1.6708    100.250  1022.1617  45939.810    29.1884      9.847    6.30473    11.7897    11.7945    22.1169   11.44977 1.2927e-01      9.941 0.0000e+00
        403 203.561696    0.02792     1.6750    100.500  1022.1698  45952.581    29.1972     10.064    6.30461    11.7873    11.7928    22.1240   11.44947 1.3772e-01     10.159 0.0000e+00
        404 203.561698    0.02799     1.6792    100.750  1022.1794  45968.228    29.2079     10.281    6.30444    11.7844    11.7909    22.1326   11.44906 1.4135e-01     10.378 0.0000e+00
        405 203.561701    0.02806     1.6833    101.000  1022.1908  45986.968    29.2208     10.501    6.30424    11.7808    11.7885    22.1430   11.44858 1.4211e-01     10.600 0.0000e+00
        406 203.561704    0.02813     1.6875    101.250  1022.2046  46009.895    29.2366     10.728    6.30400    11.7766    11.7856    22.1558   11.44800 1.4119e-01     10.829 0.0000e+00
        407 203.561707    0.02819     1.6917    101.500  1022.2203  46036.069    29.2546     10.966    6.30376    11.7720    11.7821    22.1704   11.44738 1.3936e-01     11.070 0.0000e+00
        408 203.561710    0.02826     1.6958    101.750  1022.2361  46062.140    29.2724     11.218    6.30361    11.7676    11.7779    22.1850   11.44693 1.3708e-01     11.324 0.0000e+00
        409 203.561713    0.02833     1.7000    102.000  1022.2503  46085.260    29.2882     11.482    6.30360    11.7635    11.7734    22.1980   11.44671 1.3463e-01     11.591 0.0000e+00
        410 203.561716    0.02840     1.7042    102.250  1022.2629  46105.315    29.3018     11.759    6.30365    11.7597    11.7689    22.2094   11.44664 1.3230e-01     11.871 0.0000e+00
        411 203.561719    0.02847     1.7083    102.500  1022.2756  46125.672    29.3156     12.048    6.30364    11.7557    11.7649    22.2208   11.44646 1.3018e-01     12.162 0.0000e+00
        412 203.561722    0.02854     1.7125    102.750  1022.2907  46150.200    29.3324     12.350    6.30348    11.7514    11.7612    22.2345   11.44600 1.2824e-01     12.467 0.0000e+00
        413 203.561725    0.02861     1.7167    103.000  1022.3071  46177.025    29.3508     12.664    6.30327    11.7472    11.7572    22.2495   11.44544 1.2658e-01     12.784 0.0000e+00
        414 203.561727    0.02868     1.7208    103.250  1022.3211  46199.225    29.3659     12.990    6.30325    11.7437    11.7529    22.2620   11.44522 1.2541e-01     13.113 0.0000e+00
        415 203.561730    0.02875     1.7250    103.500  1022.3309  46213.767    29.3756     13.323    6.30342    11.7414    11.7488    22.2702   11.44539 1.2495e-01     13.450 0.0000e+00
        416 203.561733    0.02882     1.7292    103.750  1022.3372  46221.996    29.3810     13.659    6.30366    11.7401    11.7454    22.2750   11.44574 1.2477e-01     13.789 0.0000e+00
        417 203.561736    0.02889     1.7333    104.000  1022.3410  46226.061    29.3835     13.993    6.30387    11.7394    11.7431    22.2774   11.44606 1.2465e-01     14.126 0.0000e+00
        418 203.561739    0.02896     1.7375    104.250  1022.3437  46228.279    29.3848     14.318    6.30400    11.7390    11.7418    22.2786   11.44624 1.2500e-01     14.453 0.0000e+00
        419 203.561742    0.02903     1.7417    104.500  1022.3460  46229.934    29.3858     14.626    6.30404    11.7387    11.7411    22.2795   11.44631 1.2569e-01     14.764 0.0000e+00
        420 203.561745    0.02910     1.7458    104.750  1022.3483  46231.713    29.3869     14.915    6.30404    11.7384    11.7408    22.2804   11.44630 1.2636e-01     15.056 0.0000e+00
        421 203.561748    0.02917     1.7500    105.000  1022.3507  46234.002    29.3884     15.183    6.30402    11.7380    11.7405    22.2816   11.44624 1.2694e-01     15.327 0.0000e+00
        422 203.561751    0.02924     1.7542    105.250  1022.3532  46236.428    29.3900     15.433    6.30400    11.7377    11.7402    22.2829   11.44619 1.2740e-01     15.580 0.0000e+00
        423 203.561753    0.02931     1.7583    105.500  1022.3553  46238.495    29.3913     15.668    6.30399    11.7374    11.7399    22.2840   11.44616 1.2777e-01     15.816 0.0000e+00
        424 203.561756    0.02937     1.7625    105.750  1022.3571  46239.911    29.3922     15.890    6.30400    11.7373    11.7396    22.2848   11.44616 1.2824e-01     16.040 0.0000e+00
        425 203.561759    0.02944     1.7667    106.000  1022.3583  46240.455    29.3925     16.103    6.30402    11.7373    11.7393    22.2850   11.44619 1.2890e-01     16.255 0.0000e+00
