CTD-processing/allCTD/CNV--homogene/2014_02-17_t7_s07_cast211.cnv
* Sea-Bird SBE19plus Data File:
* FileName = C:\Users\kris.holderied\Documents\kasitsna\Research-Projects-and-Data\Oceanography-AK\CTD-CookInlet-GulfWatchAK\2014-02-EVOSTC-CookInlet-LTM-BATCH-UPLOAD\2014-02-CookInlet-Seasonal-cast211.hex
* Software Version 1.59
* Temperature SN =  5028
* Conductivity SN =  5028
* System UpLoad Time = Apr 09 2014 20:37:29
** Cook Inlet LTM 2014 February Seasonal - Batch upload
** Date: 2014-02-17
** Station: 7-07
** Start time: 07:59
** Depth (m): 59
** CoComment:
** Comment:
# nquan = 17
# nvalues = 509                         
# units = specified
# name 0 = scan: Scan Count
# name 1 = timeJ: Julian Days
# name 2 = timeH: Time, Elapsed [hours]
# name 3 = timeM: Time, Elapsed [minutes]
# name 4 = timeS: Time, Elapsed [seconds]
# name 5 = density00: Density [density, kg/m^3]
# name 6 = specc: Specific Conductance [uS/cm]
# name 7 = sal00: Salinity, Practical [PSU]
# name 8 = depSM: Depth [salt water, m], lat = 59.00
# name 9 = oxsolML/L: Oxygen Saturation, Garcia & Gordon [ml/l]
# name 10 = potemp090C: Potential Temperature [ITS-90, deg C]
# name 11 = tv290C: Temperature [ITS-90, deg C]
# name 12 = sigma-é00: Density [sigma-theta, kg/m^3]
# name 13 = n2satML/L: Nitrogen Saturation [ml/l]
# name 14 = par: PAR/Irradiance, Biospherical/Licor
# name 15 = prdM: Pressure, Strain Gauge [db]
# name 16 = flag:  0.000e+00
# span 0 =          1,        509       
# span 1 =  48.332731,  48.334201       
# span 2 =    0.00000,    0.03528       
# span 3 =     0.0000,     2.1167       
# span 4 =      0.000,    127.000       
# span 5 =  1000.2056,  1025.6226       
# span 6 =    712.976,  51981.415       
# span 7 =     0.3385,    32.1684       
# span 8 =     -0.339,     58.492       
# span 9 =    7.32757,    8.67066       
# span 10 =     3.9707,     6.1437      
# span 11 =     3.9709,     6.1977      
# span 12 =     0.2073,    25.5268      
# span 13 =   13.10812,   15.80160      
# span 14 = 3.7912e-02, 9.0920e-01      
# span 15 =     -0.343,     59.052      
# span 16 = 0.0000e+00, 0.0000e+00      
# interval = seconds: 0.25
# start_time = Feb 17 2014 07:59:08 [Instrument's time stamp, header]
# bad_flag = -9.990e-29
*END*
[from data line 426]
        427  48.333964    0.02958     1.7750    106.500  1025.4763  51587.429    31.8702     38.650    7.39313     4.0332     4.0354    25.2941   13.21774 3.7912e-02     39.019 0.0000e+00
        428  48.333967    0.02965     1.7792    106.750  1025.4785  51589.590    31.8716     38.886    7.39307     4.0341     4.0353    25.2951   13.21763 3.7912e-02     39.257 0.0000e+00
        429  48.333970    0.02972     1.7833    107.000  1025.4807  51591.499    31.8729     39.140    7.39293     4.0355     4.0358    25.2961   13.21738 3.7912e-02     39.513 0.0000e+00
        430  48.333973    0.02979     1.7875    107.250  1025.4833  51593.986    31.8746     39.413    7.39269     4.0375     4.0366    25.2974   13.21695 3.7912e-02     39.789 0.0000e+00
        431  48.333976    0.02986     1.7917    107.500  1025.4864  51597.165    31.8770     39.706    7.39232     4.0400     4.0380    25.2992   13.21631 3.7912e-02     40.085 0.0000e+00
        432  48.333979    0.02993     1.7958    107.750  1025.4890  51599.161    31.8787     40.017    7.39186     4.0423     4.0401    25.3003   13.21552 3.7912e-02     40.398 0.0000e+00
        433  48.333981    0.03000     1.8000    108.000  1025.4903  51598.471    31.8787     40.343    7.39140     4.0437     4.0427    25.3000   13.21477 3.7912e-02     40.727 0.0000e+00
        434  48.333984    0.03007     1.8042    108.250  1025.4900  51594.951    31.8767     40.678    7.39108     4.0440     4.0450    25.2982   13.21427 3.7912e-02     41.066 0.0000e+00
        435  48.333987    0.03014     1.8083    108.500  1025.4894  51590.906    31.8741     41.016    7.39096     4.0439     4.0464    25.2960   13.21410 3.7912e-02     41.407 0.0000e+00
        436  48.333990    0.03021     1.8125    108.750  1025.4905  51590.174    31.8735     41.349    7.39094     4.0443     4.0467    25.2955   13.21408 3.7912e-02     41.744 0.0000e+00
        437  48.333993    0.03028     1.8167    109.000  1025.4934  51592.960    31.8752     41.671    7.39087     4.0455     4.0466    25.2969   13.21394 3.7912e-02     42.069 0.0000e+00
        438  48.333996    0.03035     1.8208    109.250  1025.4965  51596.147    31.8773     41.974    7.39069     4.0471     4.0470    25.2985   13.21361 3.7912e-02     42.375 0.0000e+00
        439  48.333999    0.03042     1.8250    109.500  1025.4988  51598.074    31.8788     42.255    7.39040     4.0490     4.0482    25.2996   13.21311 3.7912e-02     42.658 0.0000e+00
        440  48.334002    0.03049     1.8292    109.750  1025.5007  51599.153    31.8798     42.513    7.39004     4.0511     4.0499    25.3002   13.21252 3.7912e-02     42.918 0.0000e+00
        441  48.334005    0.03056     1.8333    110.000  1025.5023  51599.978    31.8806     42.749    7.38966     4.0537     4.0518    25.3007   13.21187 3.7912e-02     43.157 0.0000e+00
        442  48.334008    0.03062     1.8375    110.250  1025.5047  51602.301    31.8826     42.967    7.38919     4.0579     4.0538    25.3021   13.21108 3.7912e-02     43.378 0.0000e+00
        443  48.334010    0.03069     1.8417    110.500  1025.5095  51609.052    31.8877     43.174    7.38847     4.0644     4.0564    25.3059   13.20981 3.7912e-02     43.586 0.0000e+00
        444  48.334013    0.03076     1.8458    110.750  1025.5161  51618.853    31.8953     43.373    7.38734     4.0730     4.0606    25.3116   13.20785 3.7912e-02     43.787 0.0000e+00
        445  48.334016    0.03083     1.8500    111.000  1025.5220  51627.033    31.9024     43.570    7.38581     4.0836     4.0671    25.3165   13.20524 3.7912e-02     43.986 0.0000e+00
        446  48.334019    0.03090     1.8542    111.250  1025.5280  51635.014    31.9098     43.770    7.38389     4.0958     4.0758    25.3216   13.20197 3.7912e-02     44.188 0.0000e+00
        447  48.334022    0.03097     1.8583    111.500  1025.5337  51642.240    31.9172     43.977    7.38161     4.1076     4.0864    25.3264   13.19811 3.7912e-02     44.397 0.0000e+00
        448  48.334025    0.03104     1.8625    111.750  1025.5345  51639.900    31.9184     44.194    7.37935     4.1161     4.0987    25.3262   13.19437 3.7912e-02     44.616 0.0000e+00
        449  48.334028    0.03111     1.8667    112.000  1025.5296  51627.007    31.9123     44.424    7.37754     4.1201     4.1104    25.3202   13.19146 3.7912e-02     44.848 0.0000e+00
        450  48.334031    0.03118     1.8708    112.250  1025.5222  51610.010    31.9027     44.666    7.37648     4.1200     4.1190    25.3117   13.18984 3.7912e-02     45.092 0.0000e+00
        451  48.334034    0.03125     1.8750    112.500  1025.5156  51595.060    31.8933     44.921    7.37622     4.1176     4.1231    25.3038   13.18954 3.7912e-02     45.349 0.0000e+00
        452  48.334036    0.03132     1.8792    112.750  1025.5132  51588.702    31.8888     45.188    7.37647     4.1155     4.1229    25.3002   13.19001 3.7912e-02     45.619 0.0000e+00
        453  48.334039    0.03139     1.8833    113.000  1025.5157  51591.378    31.8899     45.465    7.37683     4.1151     4.1206    25.3014   13.19059 3.7912e-02     45.899 0.0000e+00
        454  48.334042    0.03146     1.8875    113.250  1025.5206  51598.641    31.8942     45.751    7.37699     4.1166     4.1185    25.3050   13.19080 3.7912e-02     46.188 0.0000e+00
        455  48.334045    0.03153     1.8917    113.500  1025.5261  51606.432    31.8993     46.042    7.37682     4.1192     4.1181    25.3091   13.19044 3.7912e-02     46.482 0.0000e+00
        456  48.334048    0.03160     1.8958    113.750  1025.5294  51609.885    31.9019     46.336    7.37641     4.1212     4.1197    25.3110   13.18973 3.7912e-02     46.779 0.0000e+00
        457  48.334051    0.03167     1.9000    114.000  1025.5289  51606.307    31.8999     46.627    7.37603     4.1214     4.1223    25.3092   13.18914 3.7912e-02     47.073 0.0000e+00
        458  48.334054    0.03174     1.9042    114.250  1025.5267  51599.550    31.8956     46.912    7.37590     4.1210     4.1243    25.3056   13.18897 3.7912e-02     47.360 0.0000e+00
        459  48.334057    0.03181     1.9083    114.500  1025.5271  51598.176    31.8946     47.186    7.37590     4.1229     4.1245    25.3048   13.18899 3.7912e-02     47.637 0.0000e+00
        460  48.334060    0.03188     1.9125    114.750  1025.5338  51608.515    31.9014     47.445    7.37563     4.1299     4.1241    25.3102   13.18845 3.7912e-02     47.899 0.0000e+00
        461  48.334063    0.03194     1.9167    115.000  1025.5464  51629.354    31.9160     47.689    7.37457     4.1424     4.1260    25.3216   13.18651 3.7912e-02     48.145 0.0000e+00
        462  48.334065    0.03201     1.9208    115.250  1025.5597  51650.872    31.9322     47.917    7.37251     4.1578     4.1330    25.3338   13.18289 3.7912e-02     48.375 0.0000e+00
        463  48.334068    0.03208     1.9250    115.500  1025.5671  51660.780    31.9419     48.131    7.36978     4.1720     4.1455    25.3403   13.17826 3.7912e-02     48.591 0.0000e+00
        464  48.334071    0.03215     1.9292    115.750  1025.5666  51655.673    31.9420     48.334    7.36702     4.1829     4.1609    25.3388   13.17372 3.7912e-02     48.796 0.0000e+00
        465  48.334074    0.03222     1.9333    116.000  1025.5618  51643.015    31.9366     48.530    7.36474     4.1907     4.1752    25.3331   13.17001 3.7912e-02     48.994 0.0000e+00
        466  48.334077    0.03229     1.9375    116.250  1025.5580  51632.671    31.9320     48.726    7.36300     4.1965     4.1861    25.3284   13.16721 3.7912e-02     49.191 0.0000e+00
        467  48.334080    0.03236     1.9417    116.500  1025.5566  51627.217    31.9301     48.926    7.36170     4.2003     4.1939    25.3261   13.16509 3.7912e-02     49.393 0.0000e+00
        468  48.334083    0.03243     1.9458    116.750  1025.5546  51620.938    31.9270     49.135    7.36082     4.2022     4.1997    25.3231   13.16367 3.7912e-02     49.604 0.0000e+00
        469  48.334086    0.03250     1.9500    117.000  1025.5524  51614.545    31.9235     49.355    7.36032     4.2046     4.2035    25.3199   13.16290 3.7912e-02     49.826 0.0000e+00
        470  48.334089    0.03257     1.9542    117.250  1025.5555  51618.007    31.9262     49.587    7.35984     4.2101     4.2054    25.3219   13.16207 3.7912e-02     50.060 0.0000e+00
        471  48.334091    0.03264     1.9583    117.500  1025.5640  51631.324    31.9357     49.829    7.35893     4.2192     4.2079    25.3293   13.16045 3.7912e-02     50.305 0.0000e+00
        472  48.334094    0.03271     1.9625    117.750  1025.5729  51644.911    31.9462     50.078    7.35743     4.2309     4.2134    25.3371   13.15782 3.7912e-02     50.557 0.0000e+00
        473  48.334097    0.03278     1.9667    118.000  1025.5800  51654.415    31.9548     50.332    7.35537     4.2436     4.2226    25.3429   13.15432 3.7912e-02     50.813 0.0000e+00
        474  48.334100    0.03285     1.9708    118.250  1025.5845  51658.851    31.9604     50.586    7.35301     4.2558     4.2342    25.3463   13.15035 3.7912e-02     51.070 0.0000e+00
        475  48.334103    0.03292     1.9750    118.500  1025.5857  51657.041    31.9621     50.840    7.35066     4.2660     4.2470    25.3463   13.14645 3.7912e-02     51.326 0.0000e+00
        476  48.334106    0.03299     1.9792    118.750  1025.5841  51650.161    31.9601     51.091    7.34858     4.2736     4.2592    25.3435   13.14304 3.7912e-02     51.580 0.0000e+00
        477  48.334109    0.03306     1.9833    119.000  1025.5808  51640.509    31.9558     51.340    7.34696     4.2783     4.2695    25.3391   13.14042 3.7912e-02     51.831 0.0000e+00
        478  48.334112    0.03313     1.9875    119.250  1025.5772  51630.797    31.9508     51.589    7.34586     4.2809     4.2770    25.3344   13.13867 3.7912e-02     52.082 0.0000e+00
        479  48.334115    0.03319     1.9917    119.500  1025.5750  51623.942    31.9471     51.838    7.34520     4.2824     4.2818    25.3310   13.13763 3.7912e-02     52.334 0.0000e+00
        480  48.334117    0.03326     1.9958    119.750  1025.5746  51620.716    31.9454     52.089    7.34481     4.2835     4.2844    25.3294   13.13702 3.7912e-02     52.587 0.0000e+00
        481  48.334120    0.03333     2.0000    120.000  1025.5754  51619.872    31.9451     52.345    7.34456     4.2844     4.2860    25.3289   13.13660 3.7912e-02     52.845 0.0000e+00
        482  48.334123    0.03340     2.0042    120.250  1025.5767  51620.156    31.9454     52.607    7.34435     4.2856     4.2870    25.3291   13.13625 3.7912e-02     53.110 0.0000e+00
        483  48.334126    0.03347     2.0083    120.500  1025.5786  51621.212    31.9462     52.877    7.34413     4.2870     4.2880    25.3296   13.13589 3.7912e-02     53.383 0.0000e+00
        484  48.334129    0.03354     2.0125    120.750  1025.5808  51622.877    31.9475     53.153    7.34386     4.2890     4.2891    25.3305   13.13543 3.7912e-02     53.662 0.0000e+00
        485  48.334132    0.03361     2.0167    121.000  1025.5834  51625.286    31.9493     53.435    7.34351     4.2922     4.2906    25.3318   13.13482 3.7912e-02     53.946 0.0000e+00
        486  48.334135    0.03368     2.0208    121.250  1025.5879  51630.980    31.9536     53.718    7.34295     4.2981     4.2926    25.3350   13.13384 3.7912e-02     54.232 0.0000e+00
        487  48.334138    0.03375     2.0250    121.500  1025.5955  51642.209    31.9619     53.998    7.34196     4.3072     4.2958    25.3413   13.13210 3.7912e-02     54.515 0.0000e+00
        488  48.334141    0.03382     2.0292    121.750  1025.6043  51655.419    31.9721     54.271    7.34041     4.3185     4.3017    25.3488   13.12940 3.7912e-02     54.790 0.0000e+00
        489  48.334144    0.03389     2.0333    122.000  1025.6109  51664.106    31.9801     54.529    7.33839     4.3302     4.3108    25.3542   13.12597 3.7912e-02     55.051 0.0000e+00
        490  48.334146    0.03396     2.0375    122.250  1025.6134  51665.003    31.9833     54.770    7.33621     4.3405     4.3222    25.3556   13.12233 3.7912e-02     55.294 0.0000e+00
        491  48.334149    0.03403     2.0417    122.500  1025.6125  51659.893    31.9824     54.991    7.33418     4.3487     4.3339    25.3537   13.11899 3.7912e-02     55.517 0.0000e+00
        492  48.334152    0.03410     2.0458    122.750  1025.6104  51652.801    31.9798     55.192    7.33248     4.3548     4.3442    25.3507   13.11621 3.7912e-02     55.720 0.0000e+00
        493  48.334155    0.03417     2.0500    123.000  1025.6082  51646.036    31.9770     55.376    7.33116     4.3592     4.3524    25.3476   13.11407 3.7912e-02     55.907 0.0000e+00
        494  48.334158    0.03424     2.0542    123.250  1025.6065  51640.516    31.9746     55.550    7.33019     4.3624     4.3585    25.3451   13.11250 3.7912e-02     56.082 0.0000e+00
        495  48.334161    0.03431     2.0583    123.500  1025.6054  51636.533    31.9728     55.721    7.32949     4.3645     4.3630    25.3432   13.11137 3.7912e-02     56.255 0.0000e+00
        496  48.334164    0.03438     2.0625    123.750  1025.6047  51633.303    31.9713     55.897    7.32901     4.3656     4.3661    25.3417   13.11059 3.7912e-02     56.433 0.0000e+00
        497  48.334167    0.03444     2.0667    124.000  1025.6038  51629.820    31.9693     56.086    7.32873     4.3655     4.3682    25.3399   13.11016 3.7912e-02     56.624 0.0000e+00
        498  48.334170    0.03451     2.0708    124.250  1025.6026  51625.778    31.9667     56.294    7.32866     4.3644     4.3693    25.3377   13.11009 3.7912e-02     56.833 0.0000e+00
        499  48.334172    0.03458     2.0750    124.500  1025.6015  51621.909    31.9640     56.521    7.32880     4.3625     4.3693    25.3355   13.11035 3.7912e-02     57.062 0.0000e+00
        500  48.334175    0.03465     2.0792    124.750  1025.6012  51619.504    31.9619     56.766    7.32910     4.3604     4.3682    25.3340   13.11087 3.7912e-02     57.309 0.0000e+00
        501  48.334178    0.03472     2.0833    125.000  1025.6022  51619.593    31.9614     57.023    7.32946     4.3588     4.3663    25.3338   13.11147 3.7912e-02     57.569 0.0000e+00
        502  48.334181    0.03479     2.0875    125.250  1025.6045  51622.060    31.9625     57.284    7.32977     4.3581     4.3643    25.3348   13.11197 3.7912e-02     57.833 0.0000e+00
        503  48.334184    0.03486     2.0917    125.500  1025.6076  51626.050    31.9647     57.542    7.32994     4.3587     4.3627    25.3368   13.11222 3.7912e-02     58.093 0.0000e+00
        504  48.334187    0.03493     2.0958    125.750  1025.6118  51632.053    31.9685     57.786    7.32987     4.3610     4.3620    25.3399   13.11206 3.7912e-02     58.340 0.0000e+00
        505  48.334190    0.03500     2.1000    126.000  1025.6169  51639.665    31.9738     58.008    7.32950     4.3642     4.3627    25.3440   13.11138 3.7912e-02     58.563 0.0000e+00
        506  48.334193    0.03507     2.1042    126.250  1025.6210  51645.221    31.9780     58.199    7.32889     4.3670     4.3649    25.3471   13.11032 3.7912e-02     58.757 0.0000e+00
        507  48.334196    0.03514     2.1083    126.500  1025.6226  51646.518    31.9796     58.353    7.32824     4.3681     4.3681    25.3480   13.10922 3.7912e-02     58.912 0.0000e+00
        508  48.334198    0.03521     2.1125    126.750  1025.6226  51645.310    31.9793     58.456    7.32775 -9.990e-29     4.3710    25.3476   13.10841 3.7912e-02     59.016 0.0000e+00
        509  48.334201    0.03528     2.1167    127.000  1025.6224  51644.469    31.9790     58.492    7.32757 -9.990e-29     4.3721    25.3472   13.10812 3.7912e-02     59.052 0.0000e+00
