CTD-processing/allCTD/CNV--homogene/2014_07-24_t7_s05_cast004.cnv
* Sea-Bird SBE19plus Data File:
* FileName = C:\Users\kris.holderied\Documents\kasitsna\Research-Projects-and-Data\Oceanography-AK\CTD-Data-ALL-to-2014-06\2014-CTD-KachemakBay-CookInlet\2014-07-EVOSTC-CookInlet-quarterly\2014-07-24-CookInlet-Tran7-Augustine\2014-07-24-CookInlet-Tran7-cast004.hex
* Software Version 1.59
* Temperature SN =  4141
* Conductivity SN =  4141
* System UpLoad Time = Jul 24 2014 17:18:52
** Cook Inlet LTM Transect 7 (Augustine) West to East
** Date: 07-24
** Station: 7-05
** Start time: 09:01
** Depth (m): 49.7
** Comment:  CTD time is Alaska Daylight time.  Transducer  depth (transducer is 9 ft).
** Comment:
# nquan = 17
# nvalues = 506                         
# units = specified
# name 0 = scan: Scan Count
# name 1 = timeJ: Julian Days
# name 2 = timeH: Time, Elapsed [hours]
# name 3 = timeM: Time, Elapsed [minutes]
# name 4 = timeS: Time, Elapsed [seconds]
# name 5 = density00: Density [density, kg/m^3]
# name 6 = specc: Specific Conductance [uS/cm]
# name 7 = sal00: Salinity, Practical [PSU]
# name 8 = depSM: Depth [salt water, m], lat = 59.00
# name 9 = oxsolML/L: Oxygen Saturation, Garcia & Gordon [ml/l]
# name 10 = potemp090C: Potential Temperature [ITS-90, deg C]
# name 11 = tv290C: Temperature [ITS-90, deg C]
# name 12 = sigma-é00: Density [sigma-theta, kg/m^3]
# name 13 = n2satML/L: Nitrogen Saturation [ml/l]
# name 14 = par: PAR/Irradiance, Biospherical/Licor
# name 15 = prdM: Pressure, Strain Gauge [db]
# name 16 = flag:  0.000e+00
# span 0 =          1,        506       
# span 1 = 205.375914, 205.377376       
# span 2 =    0.00000,    0.03507       
# span 3 =     0.0000,     2.1042       
# span 4 =      0.000,    126.250       
# span 5 =   999.8065,  1023.9064       
# span 6 =    837.451,  48568.392       
# span 7 =     0.4077,    30.8624       
# span 8 =     -0.110,     50.337       
# span 9 =    6.24187,    7.50535       
# span 10 =    10.2845,    12.1450      
# span 11 =    10.2901,    12.1450      
# span 12 =    -0.1932,    23.6764      
# span 13 =   11.33790,   13.83622      
# span 14 = 5.3085e-02, 3.5640e+02      
# span 15 =     -0.111,     50.818      
# span 16 = 0.0000e+00, 0.0000e+00      
# interval = seconds: 0.25
# start_time = Jul 24 2014 09:01:19 [Instrument's time stamp, header]
# bad_flag = -9.990e-29
*END*
[from data line 256]
        257 205.376655    0.01778     1.0667     64.000  1022.5701  46804.916    29.8274      1.392    6.24360    12.0610    12.0636    22.5638   11.34078 1.6112e+02      1.405 0.0000e+00
        258 205.376658    0.01785     1.0708     64.250  1022.5721  46808.047    29.8295      1.428    6.24371    12.0604    12.0622    22.5657   11.34094 1.5981e+02      1.442 0.0000e+00
        259 205.376661    0.01792     1.0750     64.500  1022.5744  46811.773    29.8320      1.452    6.24375    12.0603    12.0612    22.5678   11.34097 1.5924e+02      1.465 0.0000e+00
        260 205.376664    0.01799     1.0792     64.750  1022.5766  46815.627    29.8347      1.460    6.24372    12.0607    12.0606    22.5699   11.34089 1.5996e+02      1.474 0.0000e+00
        261 205.376667    0.01806     1.0833     65.000  1022.5784  46819.041    29.8371      1.453    6.24364    12.0617    12.0605    22.5718   11.34074 1.6219e+02      1.467 0.0000e+00
        262 205.376670    0.01812     1.0875     65.250  1022.5796  46821.459    29.8389      1.431    6.24352    12.0633    12.0609    22.5731   11.34052 1.6475e+02      1.445 0.0000e+00
        263 205.376672    0.01819     1.0917     65.500  1022.5798  46822.286    29.8396      1.398    6.24336    12.0652    12.0619    22.5734   11.34024 1.6664e+02      1.412 0.0000e+00
        264 205.376675    0.01826     1.0958     65.750  1022.5789  46821.251    29.8390      1.360    6.24317    12.0669    12.0634    22.5727   11.33994 1.6797e+02      1.373 0.0000e+00
        265 205.376678    0.01833     1.1000     66.000  1022.5771  46818.589    29.8373      1.321    6.24299    12.0682    12.0653    22.5711   11.33965 1.6875e+02      1.333 0.0000e+00
        266 205.376681    0.01840     1.1042     66.250  1022.5747  46814.911    29.8349      1.286    6.24286    12.0688    12.0670    22.5689   11.33946 1.6920e+02      1.298 0.0000e+00
        267 205.376684    0.01847     1.1083     66.500  1022.5724  46811.097    29.8323      1.260    6.24279    12.0688    12.0683    22.5667   11.33938 1.6998e+02      1.271 0.0000e+00
        268 205.376687    0.01854     1.1125     66.750  1022.5705  46807.949    29.8301      1.243    6.24280    12.0683    12.0689    22.5649   11.33941 1.7064e+02      1.254 0.0000e+00
        269 205.376690    0.01861     1.1167     67.000  1022.5694  46805.894    29.8287      1.235    6.24285    12.0673    12.0690    22.5638   11.33952 1.7054e+02      1.247 0.0000e+00
        270 205.376693    0.01868     1.1208     67.250  1022.5690  46805.056    29.8281      1.234    6.24294    12.0661    12.0685    22.5634   11.33968 1.6989e+02      1.245 0.0000e+00
        271 205.376696    0.01875     1.1250     67.500  1022.5692  46805.285    29.8282      1.236    6.24307    12.0649    12.0675    22.5636   11.33989 1.6904e+02      1.247 0.0000e+00
        272 205.376698    0.01882     1.1292     67.750  1022.5699  46806.261    29.8287      1.238    6.24321    12.0639    12.0663    22.5642   11.34011 1.6910e+02      1.249 0.0000e+00
        273 205.376701    0.01889     1.1333     68.000  1022.5707  46807.606    29.8296      1.238    6.24333    12.0631    12.0651    22.5651   11.34031 1.7071e+02      1.250 0.0000e+00
        274 205.376704    0.01896     1.1375     68.250  1022.5715  46808.773    29.8303      1.236    6.24344    12.0624    12.0641    22.5659   11.34048 1.7214e+02      1.248 0.0000e+00
        275 205.376707    0.01903     1.1417     68.500  1022.5717  46809.051    29.8304      1.235    6.24354    12.0617    12.0632    22.5661   11.34065 1.7205e+02      1.246 0.0000e+00
        276 205.376710    0.01910     1.1458     68.750  1022.5711  46807.731    29.8294      1.237    6.24368    12.0610    12.0625    22.5654   11.34089 1.7103e+02      1.248 0.0000e+00
        277 205.376713    0.01917     1.1500     69.000  1022.5699  46805.277    29.8276      1.247    6.24384    12.0605    12.0618    22.5642   11.34118 1.6931e+02      1.259 0.0000e+00
        278 205.376716    0.01924     1.1542     69.250  1022.5689  46803.306    29.8261      1.268    6.24398    12.0602    12.0611    22.5632   11.34144 1.6645e+02      1.280 0.0000e+00
        279 205.376719    0.01931     1.1583     69.500  1022.5686  46802.329    29.8254      1.299    6.24408    12.0602    12.0606    22.5627   11.34161 1.6317e+02      1.312 0.0000e+00
        280 205.376722    0.01938     1.1625     69.750  1022.5685  46801.775    29.8249      1.337    6.24413    12.0602    12.0604    22.5624   11.34169 1.6069e+02      1.350 0.0000e+00
        281 205.376725    0.01944     1.1667     70.000  1022.5684  46801.267    29.8245      1.376    6.24415    12.0601    12.0603    22.5621   11.34173 1.5933e+02      1.390 0.0000e+00
        282 205.376727    0.01951     1.1708     70.250  1022.5682  46800.742    29.8242      1.411    6.24417    12.0599    12.0603    22.5618   11.34176 1.5904e+02      1.425 0.0000e+00
        283 205.376730    0.01958     1.1750     70.500  1022.5681  46800.267    29.8238      1.438    6.24419    12.0595    12.0603    22.5616   11.34180 1.5950e+02      1.452 0.0000e+00
        284 205.376733    0.01965     1.1792     70.750  1022.5679  46799.816    29.8235      1.453    6.24423    12.0588    12.0601    22.5613   11.34187 1.6010e+02      1.468 0.0000e+00
        285 205.376736    0.01972     1.1833     71.000  1022.5678  46799.429    29.8232      1.455    6.24429    12.0580    12.0597    22.5612   11.34198 1.6095e+02      1.470 0.0000e+00
        286 205.376739    0.01979     1.1875     71.250  1022.5678  46799.374    29.8231      1.445    6.24439    12.0572    12.0590    22.5612   11.34214 1.6264e+02      1.459 0.0000e+00
        287 205.376742    0.01986     1.1917     71.500  1022.5680  46799.764    29.8233      1.423    6.24449    12.0567    12.0582    22.5615   11.34230 1.6537e+02      1.436 0.0000e+00
        288 205.376745    0.01993     1.1958     71.750  1022.5683  46800.349    29.8236      1.391    6.24457    12.0563    12.0574    22.5619   11.34244 1.6863e+02      1.404 0.0000e+00
        289 205.376748    0.02000     1.2000     72.000  1022.5684  46800.790    29.8239      1.352    6.24464    12.0560    12.0568    22.5622   11.34255 1.7136e+02      1.364 0.0000e+00
        290 205.376751    0.02007     1.2042     72.250  1022.5684  46800.974    29.8240      1.307    6.24469    12.0558    12.0565    22.5624   11.34262 1.7358e+02      1.319 0.0000e+00
        291 205.376753    0.02014     1.2083     72.500  1022.5682  46801.064    29.8240      1.261    6.24472    12.0555    12.0562    22.5625   11.34268 1.7595e+02      1.273 0.0000e+00
        292 205.376756    0.02021     1.2125     72.750  1022.5681  46801.168    29.8241      1.218    6.24475    12.0552    12.0559    22.5626   11.34273 1.7747e+02      1.230 0.0000e+00
        293 205.376759    0.02028     1.2167     73.000  1022.5680  46801.195    29.8241      1.184    6.24479    12.0548    12.0556    22.5627   11.34279 1.7710e+02      1.195 0.0000e+00
        294 205.376762    0.02035     1.2208     73.250  1022.5680  46801.185    29.8241      1.162    6.24483    12.0543    12.0553    22.5627   11.34287 1.7583e+02      1.173 0.0000e+00
        295 205.376765    0.02042     1.2250     73.500  1022.5681  46801.356    29.8242      1.154    6.24488    12.0538    12.0549    22.5628   11.34295 1.7506e+02      1.164 0.0000e+00
        296 205.376768    0.02049     1.2292     73.750  1022.5684  46801.796    29.8245      1.158    6.24493    12.0535    12.0544    22.5631   11.34304 1.7509e+02      1.168 0.0000e+00
        297 205.376771    0.02056     1.2333     74.000  1022.5688  46802.369    29.8248      1.173    6.24498    12.0534    12.0540    22.5635   11.34311 1.7487e+02      1.184 0.0000e+00
        298 205.376774    0.02063     1.2375     74.250  1022.5692  46802.890    29.8251      1.198    6.24501    12.0535    12.0536    22.5638   11.34315 1.7261e+02      1.209 0.0000e+00
        299 205.376777    0.02069     1.2417     74.500  1022.5696  46803.207    29.8253      1.232    6.24501    12.0537    12.0535    22.5639   11.34316 1.6839e+02      1.244 0.0000e+00
        300 205.376780    0.02076     1.2458     74.750  1022.5698  46803.318    29.8254      1.276    6.24500    12.0539    12.0536    22.5640   11.34314 1.6481e+02      1.288 0.0000e+00
        301 205.376782    0.02083     1.2500     75.000  1022.5700  46803.345    29.8254      1.326    6.24498    12.0541    12.0538    22.5640   11.34310 1.6289e+02      1.338 0.0000e+00
        302 205.376785    0.02090     1.2542     75.250  1022.5702  46803.273    29.8254      1.377    6.24495    12.0543    12.0540    22.5639   11.34305 1.6111e+02      1.390 0.0000e+00
        303 205.376788    0.02097     1.2583     75.500  1022.5703  46803.088    29.8253      1.423    6.24492    12.0544    12.0543    22.5638   11.34300 1.5894e+02      1.437 0.0000e+00
        304 205.376791    0.02104     1.2625     75.750  1022.5703  46802.877    29.8251      1.459    6.24490    12.0545    12.0545    22.5636   11.34297 1.5771e+02      1.473 0.0000e+00
        305 205.376794    0.02111     1.2667     76.000  1022.5702  46802.671    29.8250      1.479    6.24489    12.0545    12.0546    22.5634   11.34296 1.5848e+02      1.493 0.0000e+00
        306 205.376797    0.02118     1.2708     76.250  1022.5701  46802.548    29.8249      1.480    6.24489    12.0546    12.0547    22.5634   11.34295 1.6078e+02      1.494 0.0000e+00
        307 205.376800    0.02125     1.2750     76.500  1022.5701  46802.556    29.8249      1.463    6.24488    12.0547    12.0547    22.5634   11.34294 1.6343e+02      1.476 0.0000e+00
        308 205.376803    0.02132     1.2792     76.750  1022.5699  46802.518    29.8249      1.429    6.24487    12.0549    12.0548    22.5634   11.34292 1.6586e+02      1.443 0.0000e+00
        309 205.376806    0.02139     1.2833     77.000  1022.5696  46802.384    29.8248      1.386    6.24486    12.0550    12.0549    22.5633   11.34290 1.6868e+02      1.399 0.0000e+00
        310 205.376808    0.02146     1.2875     77.250  1022.5694  46802.289    29.8248      1.340    6.24484    12.0552    12.0550    22.5633   11.34287 1.7209e+02      1.353 0.0000e+00
        311 205.376811    0.02153     1.2917     77.500  1022.5691  46802.197    29.8248      1.301    6.24483    12.0553    12.0552    22.5632   11.34285 1.7453e+02      1.314 0.0000e+00
        312 205.376814    0.02160     1.2958     77.750  1022.5689  46802.035    29.8247      1.278    6.24481    12.0554    12.0553    22.5631   11.34282 1.7471e+02      1.290 0.0000e+00
        313 205.376817    0.02167     1.3000     78.000  1022.5689  46801.916    29.8246      1.279    6.24480    12.0553    12.0555    22.5630   11.34280 1.7301e+02      1.292 0.0000e+00
        314 205.376820    0.02174     1.3042     78.250  1022.5690  46801.843    29.8245      1.313    6.24479    12.0551    12.0555    22.5630   11.34279 1.6994e+02      1.326 0.0000e+00
        315 205.376823    0.02181     1.3083     78.500  1022.5692  46801.704    29.8244      1.389    6.24480    12.0547    12.0555    22.5629   11.34280 1.6470e+02      1.403 0.0000e+00
        316 205.376826    0.02187     1.3125     78.750  1022.5696  46801.474    29.8242      1.512    6.24483    12.0536    12.0553    22.5627   11.34286 1.5674e+02      1.527 0.0000e+00
        317 205.376829    0.02194     1.3167     79.000  1022.5701  46801.085    29.8238      1.681    6.24491    12.0516    12.0549    22.5625   11.34299 1.4677e+02      1.697 0.0000e+00
        318 205.376832    0.02201     1.3208     79.250  1022.5709  46800.638    29.8233      1.889    6.24506    12.0483    12.0538    22.5623   11.34325 1.3591e+02      1.907 0.0000e+00
        319 205.376834    0.02208     1.3250     79.500  1022.5720  46800.407    29.8229      2.125    6.24534    12.0430    12.0518    22.5624   11.34372 1.2537e+02      2.146 0.0000e+00
        320 205.376837    0.02215     1.3292     79.750  1022.5735  46800.468    29.8225      2.382    6.24579    12.0351    12.0485    22.5627   11.34448 1.1606e+02      2.405 0.0000e+00
        321 205.376840    0.02222     1.3333     80.000  1022.5753  46800.690    29.8220      2.653    6.24649    12.0235    12.0434    22.5633   11.34565 1.0808e+02      2.678 0.0000e+00
        322 205.376843    0.02229     1.3375     80.250  1022.5779  46801.577    29.8218      2.934    6.24755    12.0076    12.0355    22.5645   11.34741 1.0085e+02      2.962 0.0000e+00
        323 205.376846    0.02236     1.3417     80.500  1022.5820  46804.625    29.8227      3.221    6.24905    11.9878    12.0239    22.5674   11.34989 9.3822e+01      3.251 0.0000e+00
        324 205.376849    0.02243     1.3458     80.750  1022.5885  46811.169    29.8257      3.509    6.25103    11.9648    12.0081    22.5726   11.35313 8.6994e+01      3.542 0.0000e+00
        325 205.376852    0.02250     1.3500     81.000  1022.5975  46821.450    29.8310      3.795    6.25344    11.9388    11.9883    22.5802   11.35708 8.0706e+01      3.831 0.0000e+00
        326 205.376855    0.02257     1.3542     81.250  1022.6082  46834.321    29.8378      4.077    6.25623    11.9100    11.9652    22.5896   11.36163 7.5163e+01      4.116 0.0000e+00
        327 205.376858    0.02264     1.3583     81.500  1022.6201  46849.069    29.8456      4.353    6.25936    11.8791    11.9393    22.6004   11.36674 7.0351e+01      4.394 0.0000e+00
        328 205.376861    0.02271     1.3625     81.750  1022.6342  46867.106    29.8555      4.620    6.26280    11.8476    11.9106    22.6132   11.37232 6.6171e+01      4.663 0.0000e+00
        329 205.376863    0.02278     1.3667     82.000  1022.6505  46888.985    29.8678      4.876    6.26641    11.8166    11.8797    22.6283   11.37818 6.2508e+01      4.922 0.0000e+00
        330 205.376866    0.02285     1.3708     82.250  1022.6676  46912.338    29.8812      5.121    6.27007    11.7859    11.8483    22.6443   11.38410 5.9249e+01      5.170 0.0000e+00
        331 205.376869    0.02292     1.3750     82.500  1022.6842  46934.826    29.8940      5.360    6.27369    11.7547    11.8173    22.6598   11.38997 5.6287e+01      5.411 0.0000e+00
        332 205.376872    0.02299     1.3792     82.750  1022.7002  46956.556    29.9062      5.597    6.27731    11.7229    11.7865    22.6748   11.39583 5.3528e+01      5.650 0.0000e+00
        333 205.376875    0.02306     1.3833     83.000  1022.7167  46978.887    29.9188      5.838    6.28097    11.6905    11.7554    22.6902   11.40175 5.0896e+01      5.893 0.0000e+00
        334 205.376878    0.02313     1.3875     83.250  1022.7339  47002.386    29.9322      6.085    6.28469    11.6573    11.7236    22.7062   11.40776 4.8321e+01      6.142 0.0000e+00
        335 205.376881    0.02319     1.3917     83.500  1022.7519  47027.284    29.9465      6.340    6.28846    11.6235    11.6912    22.7231   11.41385 4.5772e+01      6.400 0.0000e+00
        336 205.376884    0.02326     1.3958     83.750  1022.7711  47054.277    29.9621      6.605    6.29228    11.5894    11.6581    22.7411   11.42001 4.3278e+01      6.667 0.0000e+00
        337 205.376887    0.02333     1.4000     84.000  1022.7917  47083.595    29.9793      6.878    6.29612    11.5551    11.6243    22.7604   11.42619 4.0892e+01      6.943 0.0000e+00
        338 205.376889    0.02340     1.4042     84.250  1022.8132  47114.473    29.9976      7.157    6.29997    11.5200    11.5902    22.7807   11.43237 3.8654e+01      7.224 0.0000e+00
        339 205.376892    0.02347     1.4083     84.500  1022.8349  47145.732    30.0161      7.439    6.30385    11.4824    11.5560    22.8011   11.43858 3.6597e+01      7.509 0.0000e+00
        340 205.376895    0.02354     1.4125     84.750  1022.8565  47176.643    30.0342      7.721    6.30786    11.4406    11.5209    22.8214   11.44502 3.4745e+01      7.794 0.0000e+00
