CTD-processing/allCTD/CNV--homogene/2014_07-24_t7_s22_cast021.cnv
* Sea-Bird SBE19plus Data File:
* FileName = C:\Users\kris.holderied\Documents\kasitsna\Research-Projects-and-Data\Oceanography-AK\CTD-Data-ALL-to-2014-06\2014-CTD-KachemakBay-CookInlet\2014-07-EVOSTC-CookInlet-quarterly\2014-07-24-CookInlet-Tran7-Augustine\2014-07-24-CookInlet-Tran7-cast021.hex
* Software Version 1.59
* Temperature SN =  4141
* Conductivity SN =  4141
* System UpLoad Time = Jul 24 2014 17:35:07
** Cook Inlet LTM Transect 7 (Augustine) West to East
** Date: 07-24
** Station: 7-22
** Start time: 16:36
** Depth (m): 79
** Comment:  CTD time is Alaska Daylight time.  Transducer  depth (transducer is 9 ft).
** Comment:
# nquan = 17
# nvalues = 751                         
# units = specified
# name 0 = scan: Scan Count
# name 1 = timeJ: Julian Days
# name 2 = timeH: Time, Elapsed [hours]
# name 3 = timeM: Time, Elapsed [minutes]
# name 4 = timeS: Time, Elapsed [seconds]
# name 5 = density00: Density [density, kg/m^3]
# name 6 = specc: Specific Conductance [uS/cm]
# name 7 = sal00: Salinity, Practical [PSU]
# name 8 = depSM: Depth [salt water, m], lat = 59.00
# name 9 = oxsolML/L: Oxygen Saturation, Garcia & Gordon [ml/l]
# name 10 = potemp090C: Potential Temperature [ITS-90, deg C]
# name 11 = tv290C: Temperature [ITS-90, deg C]
# name 12 = sigma-é00: Density [sigma-theta, kg/m^3]
# name 13 = n2satML/L: Nitrogen Saturation [ml/l]
# name 14 = par: PAR/Irradiance, Biospherical/Licor
# name 15 = prdM: Pressure, Strain Gauge [db]
# name 16 = flag:  0.000e+00
# span 0 =          1,        751       
# span 1 = 205.692222, 205.694392       
# span 2 =    0.00000,    0.05208       
# span 3 =     0.0000,     3.1250       
# span 4 =      0.000,    187.500       
# span 5 =   999.8622,  1024.9838       
# span 6 =    694.662,  50145.135       
# span 7 =     0.3346,    31.7512       
# span 8 =     -0.117,     80.159       
# span 9 =    6.35662,    7.69385       
# span 10 =     8.7325,    11.0876      
# span 11 =     8.7407,    11.0876      
# span 12 =    -0.1374,    24.6158      
# span 13 =   11.51016,   14.15524      
# span 14 = 4.6833e-02, 4.3915e+02      
# span 15 =     -0.118,     80.931      
# span 16 = 0.0000e+00, 0.0000e+00      
# interval = seconds: 0.25
# start_time = Jul 24 2014 16:36:48 [Instrument's time stamp, header]
# bad_flag = -9.990e-29
*END*
[from data line 511]
        512 205.693701    0.03549     2.1292    127.750  1024.4041  49580.555    31.5238     28.933    6.48518     9.7904     9.8015    24.2717   11.72130 1.0937e+00     29.208 0.0000e+00
        513 205.693704    0.03556     2.1333    128.000  1024.4081  49585.520    31.5267     29.183    6.48564     9.7872     9.7975    24.2745   11.72202 1.0491e+00     29.460 0.0000e+00
        514 205.693707    0.03562     2.1375    128.250  1024.4121  49590.508    31.5296     29.427    6.48607     9.7848     9.7936    24.2774   11.72269 1.0071e+00     29.708 0.0000e+00
        515 205.693709    0.03569     2.1417    128.500  1024.4156  49594.542    31.5319     29.668    6.48642     9.7830     9.7905    24.2798   11.72324 9.6743e-01     29.951 0.0000e+00
        516 205.693712    0.03576     2.1458    128.750  1024.4184  49597.514    31.5336     29.907    6.48668     9.7816     9.7881    24.2815   11.72366 9.2939e-01     30.192 0.0000e+00
        517 205.693715    0.03583     2.1500    129.000  1024.4208  49599.840    31.5349     30.145    6.48689     9.7807     9.7863    24.2828   11.72398 8.9283e-01     30.432 0.0000e+00
        518 205.693718    0.03590     2.1542    129.250  1024.4229  49601.730    31.5360     30.381    6.48704     9.7799     9.7850    24.2838   11.72422 8.5762e-01     30.670 0.0000e+00
        519 205.693721    0.03597     2.1583    129.500  1024.4247  49603.145    31.5368     30.616    6.48714     9.7792     9.7840    24.2846   11.72438 8.2361e-01     30.908 0.0000e+00
        520 205.693724    0.03604     2.1625    129.750  1024.4264  49604.226    31.5373     30.851    6.48723     9.7787     9.7833    24.2851   11.72451 7.9077e-01     31.145 0.0000e+00
        521 205.693727    0.03611     2.1667    130.000  1024.4280  49605.187    31.5378     31.087    6.48730     9.7782     9.7826    24.2856   11.72462 7.5918e-01     31.383 0.0000e+00
        522 205.693730    0.03618     2.1708    130.250  1024.4295  49606.020    31.5382     31.325    6.48735     9.7778     9.7821    24.2861   11.72472 7.2888e-01     31.623 0.0000e+00
        523 205.693733    0.03625     2.1750    130.500  1024.4309  49606.706    31.5385     31.564    6.48740     9.7775     9.7817    24.2864   11.72479 6.9992e-01     31.864 0.0000e+00
        524 205.693736    0.03632     2.1792    130.750  1024.4322  49607.282    31.5388     31.804    6.48743     9.7774     9.7813    24.2867   11.72485 6.7237e-01     32.107 0.0000e+00
        525 205.693738    0.03639     2.1833    131.000  1024.4335  49607.778    31.5390     32.045    6.48746     9.7774     9.7811    24.2869   11.72489 6.4604e-01     32.350 0.0000e+00
        526 205.693741    0.03646     2.1875    131.250  1024.4348  49608.182    31.5392     32.288    6.48748     9.7774     9.7809    24.2870   11.72491 6.2065e-01     32.595 0.0000e+00
        527 205.693744    0.03653     2.1917    131.500  1024.4360  49608.483    31.5393     32.531    6.48747     9.7775     9.7809    24.2871   11.72490 5.9625e-01     32.840 0.0000e+00
        528 205.693747    0.03660     2.1958    131.750  1024.4372  49608.689    31.5394     32.774    6.48746     9.7776     9.7810    24.2872   11.72487 5.7288e-01     33.086 0.0000e+00
        529 205.693750    0.03667     2.2000    132.000  1024.4383  49608.817    31.5394     33.017    6.48744     9.7776     9.7811    24.2871   11.72485 5.5035e-01     33.332 0.0000e+00
        530 205.693753    0.03674     2.2042    132.250  1024.4394  49608.951    31.5394     33.261    6.48743     9.7776     9.7812    24.2871   11.72483 5.2864e-01     33.577 0.0000e+00
        531 205.693756    0.03681     2.2083    132.500  1024.4405  49609.143    31.5394     33.504    6.48742     9.7777     9.7813    24.2871   11.72482 5.0791e-01     33.823 0.0000e+00
        532 205.693759    0.03687     2.2125    132.750  1024.4416  49609.293    31.5394     33.749    6.48741     9.7778     9.7813    24.2871   11.72480 4.8811e-01     34.070 0.0000e+00
        533 205.693762    0.03694     2.2167    133.000  1024.4427  49609.287    31.5393     33.994    6.48740     9.7779     9.7814    24.2870   11.72478 4.6900e-01     34.317 0.0000e+00
        534 205.693764    0.03701     2.2208    133.250  1024.4437  49609.227    31.5392     34.240    6.48739     9.7780     9.7816    24.2869   11.72476 4.5067e-01     34.566 0.0000e+00
        535 205.693767    0.03708     2.2250    133.500  1024.4447  49609.221    31.5391     34.488    6.48737     9.7780     9.7817    24.2869   11.72474 4.3315e-01     34.816 0.0000e+00
        536 205.693770    0.03715     2.2292    133.750  1024.4458  49609.270    31.5390     34.736    6.48736     9.7781     9.7818    24.2868   11.72472 4.1622e-01     35.067 0.0000e+00
        537 205.693773    0.03722     2.2333    134.000  1024.4469  49609.363    31.5390     34.986    6.48735     9.7781     9.7819    24.2868   11.72470 3.9970e-01     35.320 0.0000e+00
        538 205.693776    0.03729     2.2375    134.250  1024.4480  49609.504    31.5390     35.238    6.48734     9.7781     9.7820    24.2868   11.72468 3.8370e-01     35.574 0.0000e+00
        539 205.693779    0.03736     2.2417    134.500  1024.4492  49609.733    31.5390     35.492    6.48733     9.7781     9.7820    24.2868   11.72466 3.6826e-01     35.830 0.0000e+00
        540 205.693782    0.03743     2.2458    134.750  1024.4505  49610.030    31.5391     35.744    6.48732     9.7782     9.7821    24.2869   11.72465 3.5331e-01     36.085 0.0000e+00
        541 205.693785    0.03750     2.2500    135.000  1024.4517  49610.356    31.5393     35.994    6.48731     9.7783     9.7821    24.2870   11.72463 3.3905e-01     36.337 0.0000e+00
        542 205.693788    0.03757     2.2542    135.250  1024.4529  49610.671    31.5394     36.238    6.48729     9.7786     9.7822    24.2871   11.72460 3.2573e-01     36.583 0.0000e+00
        543 205.693791    0.03764     2.2583    135.500  1024.4540  49610.871    31.5395     36.474    6.48726     9.7789     9.7824    24.2871   11.72454 3.1339e-01     36.821 0.0000e+00
        544 205.693793    0.03771     2.2625    135.750  1024.4550  49610.941    31.5395     36.700    6.48722     9.7792     9.7827    24.2870   11.72448 3.0212e-01     37.050 0.0000e+00
        545 205.693796    0.03778     2.2667    136.000  1024.4560  49611.063    31.5395     36.917    6.48717     9.7793     9.7830    24.2870   11.72440 2.9184e-01     37.269 0.0000e+00
        546 205.693799    0.03785     2.2708    136.250  1024.4570  49611.324    31.5396     37.126    6.48713     9.7793     9.7832    24.2871   11.72433 2.8237e-01     37.480 0.0000e+00
        547 205.693802    0.03792     2.2750    136.500  1024.4580  49611.550    31.5397     37.327    6.48710     9.7790     9.7834    24.2871   11.72428 2.7356e-01     37.683 0.0000e+00
        548 205.693805    0.03799     2.2792    136.750  1024.4588  49611.603    31.5397     37.521    6.48710     9.7784     9.7834    24.2871   11.72428 2.6533e-01     37.878 0.0000e+00
        549 205.693808    0.03806     2.2833    137.000  1024.4596  49611.488    31.5395     37.710    6.48715     9.7773     9.7832    24.2870   11.72436 2.5760e-01     38.069 0.0000e+00
        550 205.693811    0.03812     2.2875    137.250  1024.4603  49611.289    31.5392     37.899    6.48725     9.7755     9.7825    24.2869   11.72453 2.5008e-01     38.260 0.0000e+00
        551 205.693814    0.03819     2.2917    137.500  1024.4611  49611.161    31.5389     38.091    6.48742     9.7730     9.7814    24.2868   11.72482 2.4260e-01     38.454 0.0000e+00
        552 205.693817    0.03826     2.2958    137.750  1024.4621  49611.183    31.5386     38.291    6.48768     9.7695     9.7797    24.2868   11.72526 2.3511e-01     38.656 0.0000e+00
        553 205.693819    0.03833     2.3000    138.000  1024.4632  49611.204    31.5382     38.501    6.48806     9.7649     9.7772    24.2869   11.72588 2.2757e-01     38.868 0.0000e+00
        554 205.693822    0.03840     2.3042    138.250  1024.4643  49611.205    31.5376     38.719    6.48857     9.7589     9.7738    24.2871   11.72673 2.1999e-01     39.088 0.0000e+00
        555 205.693825    0.03847     2.3083    138.500  1024.4657  49611.631    31.5372     38.944    6.48924     9.7513     9.7692    24.2875   11.72786 2.1244e-01     39.316 0.0000e+00
        556 205.693828    0.03854     2.3125    138.750  1024.4675  49612.343    31.5368     39.175    6.49011     9.7416     9.7632    24.2882   11.72929 2.0497e-01     39.549 0.0000e+00
        557 205.693831    0.03861     2.3167    139.000  1024.4693  49613.044    31.5362     39.411    6.49121     9.7304     9.7556    24.2889   11.73113 1.9764e-01     39.786 0.0000e+00
        558 205.693834    0.03868     2.3208    139.250  1024.4725  49615.887    31.5368     39.648    6.49255     9.7192     9.7460    24.2910   11.73334 1.9059e-01     40.026 0.0000e+00
        559 205.693837    0.03875     2.3250    139.500  1024.4780  49622.920    31.5402     39.884    6.49401     9.7095     9.7348    24.2954   11.73572 1.8398e-01     40.264 0.0000e+00
        560 205.693840    0.03882     2.3292    139.750  1024.4847  49632.177    31.5452     40.119    6.49539     9.7016     9.7236    24.3011   11.73795 1.7777e-01     40.501 0.0000e+00
        561 205.693843    0.03889     2.3333    140.000  1024.4911  49640.879    31.5500     40.350    6.49658     9.6954     9.7139    24.3063   11.73985 1.7191e-01     40.735 0.0000e+00
        562 205.693845    0.03896     2.3375    140.250  1024.4967  49648.442    31.5542     40.576    6.49754     9.6906     9.7060    24.3109   11.74138 1.6643e-01     40.963 0.0000e+00
        563 205.693848    0.03903     2.3417    140.500  1024.5013  49654.516    31.5575     40.793    6.49828     9.6868     9.6998    24.3145   11.74258 1.6142e-01     41.182 0.0000e+00
        564 205.693851    0.03910     2.3458    140.750  1024.5049  49658.877    31.5599     41.000    6.49887     9.6840     9.6951    24.3171   11.74352 1.5686e-01     41.392 0.0000e+00
        565 205.693854    0.03917     2.3500    141.000  1024.5080  49662.558    31.5619     41.199    6.49931     9.6822     9.6913    24.3193   11.74423 1.5262e-01     41.592 0.0000e+00
        566 205.693857    0.03924     2.3542    141.250  1024.5108  49665.832    31.5637     41.390    6.49963     9.6809     9.6885    24.3212   11.74474 1.4867e-01     41.785 0.0000e+00
        567 205.693860    0.03931     2.3583    141.500  1024.5128  49667.922    31.5649     41.574    6.49985     9.6800     9.6867    24.3224   11.74509 1.4502e-01     41.971 0.0000e+00
        568 205.693863    0.03938     2.3625    141.750  1024.5143  49669.233    31.5655     41.753    6.50000     9.6797     9.6854    24.3231   11.74533 1.4160e-01     42.151 0.0000e+00
        569 205.693866    0.03944     2.3667    142.000  1024.5160  49670.858    31.5665     41.929    6.50009     9.6803     9.6845    24.3240   11.74546 1.3836e-01     42.329 0.0000e+00
        570 205.693869    0.03951     2.3708    142.250  1024.5178  49672.659    31.5677     42.105    6.50008     9.6818     9.6842    24.3250   11.74543 1.3527e-01     42.507 0.0000e+00
        571 205.693872    0.03958     2.3750    142.500  1024.5190  49673.567    31.5683     42.285    6.49996     9.6836     9.6849    24.3254   11.74522 1.3229e-01     42.689 0.0000e+00
        572 205.693874    0.03965     2.3792    142.750  1024.5195  49673.089    31.5681     42.471    6.49975     9.6852     9.6864    24.3250   11.74489 1.2932e-01     42.877 0.0000e+00
        573 205.693877    0.03972     2.3833    143.000  1024.5194  49671.711    31.5673     42.666    6.49953     9.6865     9.6882    24.3241   11.74453 1.2627e-01     43.073 0.0000e+00
        574 205.693880    0.03979     2.3875    143.250  1024.5193  49670.088    31.5663     42.870    6.49934     9.6871     9.6898    24.3230   11.74422 1.2311e-01     43.280 0.0000e+00
        575 205.693883    0.03986     2.3917    143.500  1024.5191  49668.126    31.5649     43.085    6.49921     9.6866     9.6911    24.3218   11.74402 1.1990e-01     43.496 0.0000e+00
        576 205.693886    0.03993     2.3958    143.750  1024.5186  49665.540    31.5631     43.310    6.49919     9.6847     9.6918    24.3203   11.74401 1.1669e-01     43.723 0.0000e+00
        577 205.693889    0.04000     2.4000    144.000  1024.5181  49662.839    31.5611     43.544    6.49934     9.6811     9.6913    24.3187   11.74429 1.1352e-01     43.960 0.0000e+00
        578 205.693892    0.04007     2.4042    144.250  1024.5181  49660.764    31.5592     43.786    6.49970     9.6764     9.6894    24.3176   11.74491 1.1044e-01     44.204 0.0000e+00
        579 205.693895    0.04014     2.4083    144.500  1024.5192  49660.438    31.5584     44.033    6.50023     9.6711     9.6859    24.3175   11.74580 1.0744e-01     44.453 0.0000e+00
        580 205.693898    0.04021     2.4125    144.750  1024.5216  49662.301    31.5590     44.284    6.50088     9.6657     9.6812    24.3188   11.74687 1.0450e-01     44.707 0.0000e+00
        581 205.693900    0.04028     2.4167    145.000  1024.5245  49665.151    31.5602     44.536    6.50159     9.6603     9.6759    24.3206   11.74803 1.0171e-01     44.961 0.0000e+00
        582 205.693903    0.04035     2.4208    145.250  1024.5275  49668.104    31.5614     44.787    6.50230     9.6548     9.6706    24.3224   11.74919 9.9096e-02     45.215 0.0000e+00
        583 205.693906    0.04042     2.4250    145.500  1024.5303  49670.757    31.5625     45.035    6.50302     9.6490     9.6652    24.3241   11.75037 9.6623e-02     45.465 0.0000e+00
        584 205.693909    0.04049     2.4292    145.750  1024.5327  49672.743    31.5631     45.280    6.50377     9.6426     9.6598    24.3254   11.75161 9.4264e-02     45.712 0.0000e+00
        585 205.693912    0.04056     2.4333    146.000  1024.5350  49674.402    31.5634     45.520    6.50459     9.6359     9.6539    24.3266   11.75297 9.1986e-02     45.954 0.0000e+00
        586 205.693915    0.04063     2.4375    146.250  1024.5378  49677.005    31.5643     45.753    6.50547     9.6294     9.6476    24.3283   11.75440 8.9827e-02     46.190 0.0000e+00
        587 205.693918    0.04069     2.4417    146.500  1024.5412  49680.817    31.5660     45.978    6.50636     9.6231     9.6409    24.3307   11.75585 8.7884e-02     46.417 0.0000e+00
        588 205.693921    0.04076     2.4458    146.750  1024.5443  49684.074    31.5673     46.191    6.50723     9.6169     9.6344    24.3328   11.75728 8.6157e-02     46.632 0.0000e+00
        589 205.693924    0.04083     2.4500    147.000  1024.5469  49686.592    31.5682     46.395    6.50809     9.6109     9.6281    24.3344   11.75869 8.4583e-02     46.838 0.0000e+00
        590 205.693927    0.04090     2.4542    147.250  1024.5502  49690.355    31.5699     46.590    6.50891     9.6057     9.6219    24.3368   11.76002 8.3135e-02     47.035 0.0000e+00
        591 205.693929    0.04097     2.4583    147.500  1024.5539  49694.989    31.5723     46.781    6.50966     9.6008     9.6160    24.3396   11.76124 8.1795e-02     47.228 0.0000e+00
        592 205.693932    0.04104     2.4625    147.750  1024.5564  49697.610    31.5734     46.971    6.51035     9.5949     9.6108    24.3412   11.76238 8.0540e-02     47.420 0.0000e+00
        593 205.693935    0.04111     2.4667    148.000  1024.5569  49696.433    31.5718     47.165    6.51112     9.5871     9.6059    24.3408   11.76366 7.9343e-02     47.616 0.0000e+00
        594 205.693938    0.04118     2.4708    148.250  1024.5568  49694.132    31.5693     47.366    6.51207     9.5787     9.6000    24.3398   11.76527 7.8156e-02     47.819 0.0000e+00
        595 205.693941    0.04125     2.4750    148.500  1024.5593  49696.265    31.5697     47.576    6.51316     9.5717     9.5923    24.3413   11.76707 7.6938e-02     48.031 0.0000e+00
