CTD-processing/allCTD/CNV--homogene/2014_10-18_t6_s03_cast106.cnv
* Sea-Bird SBE19plus Data File:
* FileName = C:\Users\kris.holderied\Documents\kasitsna\Research-Projects-and-Data\Oceanography-AK\CTD-Data-ALL-to-2014-10\2014-CTD-KachemakBay-CookInlet\2014-10-EVOSTC-CookInlet\2014-10-18-CookInlet-Tran6-Douglas\2014-10-18-CookInlet-Tran6-cast106.hex
* Software Version 1.59
* Temperature SN =  4141
* Conductivity SN =  4141
* System UpLoad Time = Oct 18 2014 09:50:25
** Cook Inlet LTM Tran6 (Douglas)  east to west
** Date: 10-18
** Station: 6-03
** Start time: 00:50
** Depth (m): 103
** Comment:  CTD time is Alaska Daylight time.  R/V Pandalus. Transducer  depth.
** Comment:
# nquan = 17
# nvalues = 916                         
# units = specified
# name 0 = scan: Scan Count
# name 1 = timeJ: Julian Days
# name 2 = timeH: Time, Elapsed [hours]
# name 3 = timeM: Time, Elapsed [minutes]
# name 4 = timeS: Time, Elapsed [seconds]
# name 5 = density00: Density [density, kg/m^3]
# name 6 = specc: Specific Conductance [uS/cm]
# name 7 = sal00: Salinity, Practical [PSU]
# name 8 = depSM: Depth [salt water, m], lat = 59.00
# name 9 = oxsolML/L: Oxygen Saturation, Garcia & Gordon [ml/l]
# name 10 = potemp090C: Potential Temperature [ITS-90, deg C]
# name 11 = tv290C: Temperature [ITS-90, deg C]
# name 12 = sigma-é00: Density [sigma-theta, kg/m^3]
# name 13 = n2satML/L: Nitrogen Saturation [ml/l]
# name 14 = par: PAR/Irradiance, Biospherical/Licor
# name 15 = prdM: Pressure, Strain Gauge [db]
# name 16 = flag:  0.000e+00
# span 0 =          1,        916       
# span 1 = 291.035243, 291.037891       
# span 2 =    0.00000,    0.06354       
# span 3 =     0.0000,     3.8125       
# span 4 =      0.000,    228.750       
# span 5 =  1001.0949,  1025.3232       
# span 6 =   3226.686,  50578.163       
# span 7 =     1.6675,    31.9751       
# span 8 =     -0.292,    100.515       
# span 9 =    6.47871,    8.00292       
# span 10 =     8.2675,    10.6283      
# span 11 =     8.2774,    10.6302      
# span 12 =     1.0963,    24.8603      
# span 13 =   11.73771,   14.65879      
# span 14 = 5.2038e-02, 1.0396e+00      
# span 15 =     -0.295,    101.489      
# span 16 = 0.0000e+00, 0.0000e+00      
# interval = seconds: 0.25
# start_time = Oct 18 2014 00:50:45 [Instrument's time stamp, header]
# bad_flag = -9.990e-29
*END*
[from data line 852]
        853 291.037708    0.05917     3.5500    213.000  1025.2384  50508.346    31.9421     90.059    6.67973     8.3371     8.3495    24.8237   12.03822 5.3750e-02     90.929 0.0000e+00
        854 291.037711    0.05924     3.5542    213.250  1025.2407  50510.720    31.9434     90.275    6.67994     8.3357     8.3478    24.8250   12.03856 5.3775e-02     91.147 0.0000e+00
        855 291.037714    0.05931     3.5583    213.500  1025.2430  50513.044    31.9447     90.507    6.68013     8.3345     8.3461    24.8262   12.03886 5.3804e-02     91.382 0.0000e+00
        856 291.037717    0.05937     3.5625    213.750  1025.2452  50515.069    31.9458     90.749    6.68030     8.3335     8.3447    24.8273   12.03912 5.3809e-02     91.626 0.0000e+00
        857 291.037720    0.05944     3.5667    214.000  1025.2472  50516.681    31.9466     90.993    6.68044     8.3325     8.3436    24.8281   12.03933 5.3785e-02     91.872 0.0000e+00
        858 291.037723    0.05951     3.5708    214.250  1025.2489  50517.958    31.9472     91.232    6.68056     8.3314     8.3426    24.8288   12.03952 5.3778e-02     92.114 0.0000e+00
        859 291.037726    0.05958     3.5750    214.500  1025.2505  50519.119    31.9478     91.461    6.68068     8.3300     8.3416    24.8294   12.03972 5.3784e-02     92.345 0.0000e+00
        860 291.037729    0.05965     3.5792    214.750  1025.2522  50520.360    31.9484     91.676    6.68082     8.3284     8.3405    24.8300   12.03994 5.3756e-02     92.562 0.0000e+00
        861 291.037731    0.05972     3.5833    215.000  1025.2539  50521.871    31.9492     91.874    6.68099     8.3266     8.3392    24.8308   12.04021 5.3713e-02     92.762 0.0000e+00
        862 291.037734    0.05979     3.5875    215.250  1025.2557  50523.787    31.9502     92.054    6.68118     8.3248     8.3376    24.8318   12.04052 5.3693e-02     92.943 0.0000e+00
        863 291.037737    0.05986     3.5917    215.500  1025.2577  50525.986    31.9514     92.217    6.68139     8.3230     8.3358    24.8330   12.04086 5.3691e-02     93.108 0.0000e+00
        864 291.037740    0.05993     3.5958    215.750  1025.2596  50528.246    31.9526     92.364    6.68161     8.3214     8.3340    24.8343   12.04121 5.3685e-02     93.256 0.0000e+00
        865 291.037743    0.06000     3.6000    216.000  1025.2614  50530.428    31.9538     92.497    6.68183     8.3201     8.3322    24.8355   12.04155 5.3678e-02     93.391 0.0000e+00
        866 291.037746    0.06007     3.6042    216.250  1025.2631  50532.424    31.9549     92.620    6.68202     8.3190     8.3306    24.8365   12.04186 5.3677e-02     93.515 0.0000e+00
        867 291.037749    0.06014     3.6083    216.500  1025.2646  50534.138    31.9559     92.735    6.68218     8.3183     8.3293    24.8375   12.04210 5.3672e-02     93.632 0.0000e+00
        868 291.037752    0.06021     3.6125    216.750  1025.2658  50535.462    31.9566     92.848    6.68230     8.3177     8.3283    24.8382   12.04230 5.3661e-02     93.746 0.0000e+00
        869 291.037755    0.06028     3.6167    217.000  1025.2668  50536.366    31.9571     92.962    6.68240     8.3171     8.3275    24.8387   12.04245 5.3657e-02     93.861 0.0000e+00
        870 291.037758    0.06035     3.6208    217.250  1025.2677  50536.974    31.9573     93.082    6.68248     8.3167     8.3269    24.8390   12.04258 5.3671e-02     93.982 0.0000e+00
        871 291.037760    0.06042     3.6250    217.500  1025.2685  50537.385    31.9575     93.214    6.68255     8.3161     8.3264    24.8392   12.04269 5.3695e-02     94.116 0.0000e+00
        872 291.037763    0.06049     3.6292    217.750  1025.2692  50537.610    31.9575     93.363    6.68262     8.3155     8.3259    24.8393   12.04281 5.3717e-02     94.266 0.0000e+00
        873 291.037766    0.06056     3.6333    218.000  1025.2700  50537.636    31.9574     93.534    6.68270     8.3146     8.3254    24.8392   12.04295 5.3733e-02     94.439 0.0000e+00
        874 291.037769    0.06062     3.6375    218.250  1025.2708  50537.580    31.9571     93.729    6.68280     8.3135     8.3248    24.8392   12.04313 5.3739e-02     94.636 0.0000e+00
        875 291.037772    0.06069     3.6417    218.500  1025.2719  50537.770    31.9570     93.947    6.68294     8.3123     8.3239    24.8392   12.04335 5.3744e-02     94.856 0.0000e+00
        876 291.037775    0.06076     3.6458    218.750  1025.2733  50538.431    31.9572     94.184    6.68309     8.3111     8.3229    24.8395   12.04360 5.3756e-02     95.095 0.0000e+00
        877 291.037778    0.06083     3.6500    219.000  1025.2749  50539.459    31.9576     94.432    6.68325     8.3100     8.3217    24.8400   12.04386 5.3771e-02     95.346 0.0000e+00
        878 291.037781    0.06090     3.6542    219.250  1025.2767  50540.595    31.9581     94.684    6.68340     8.3089     8.3206    24.8406   12.04410 5.3780e-02     95.600 0.0000e+00
        879 291.037784    0.06097     3.6583    219.500  1025.2783  50541.664    31.9586     94.930    6.68354     8.3079     8.3195    24.8411   12.04433 5.3786e-02     95.848 0.0000e+00
        880 291.037786    0.06104     3.6625    219.750  1025.2799  50542.696    31.9590     95.162    6.68368     8.3070     8.3184    24.8417   12.04456 5.3779e-02     96.083 0.0000e+00
        881 291.037789    0.06111     3.6667    220.000  1025.2814  50543.761    31.9595     95.374    6.68381     8.3063     8.3174    24.8422   12.04477 5.3744e-02     96.297 0.0000e+00
        882 291.037792    0.06118     3.6708    220.250  1025.2828  50544.776    31.9600     95.561    6.68392     8.3058     8.3165    24.8427   12.04494 5.3704e-02     96.486 0.0000e+00
        883 291.037795    0.06125     3.6750    220.500  1025.2839  50545.571    31.9604     95.722    6.68401     8.3053     8.3158    24.8431   12.04508 5.3678e-02     96.649 0.0000e+00
        884 291.037798    0.06132     3.6792    220.750  1025.2848  50546.107    31.9606     95.859    6.68408     8.3049     8.3153    24.8434   12.04519 5.3660e-02     96.787 0.0000e+00
        885 291.037801    0.06139     3.6833    221.000  1025.2856  50546.525    31.9608     95.976    6.68413     8.3045     8.3149    24.8436   12.04528 5.3644e-02     96.905 0.0000e+00
        886 291.037804    0.06146     3.6875    221.250  1025.2863  50546.975    31.9610     96.079    6.68418     8.3041     8.3145    24.8438   12.04536 5.3626e-02     97.008 0.0000e+00
        887 291.037807    0.06153     3.6917    221.500  1025.2869  50547.434    31.9612     96.174    6.68423     8.3036     8.3141    24.8440   12.04544 5.3611e-02     97.105 0.0000e+00
        888 291.037810    0.06160     3.6958    221.750  1025.2876  50547.794    31.9614     96.270    6.68429     8.3031     8.3137    24.8442   12.04553 5.3601e-02     97.201 0.0000e+00
        889 291.037812    0.06167     3.7000    222.000  1025.2882  50548.114    31.9615     96.372    6.68435     8.3024     8.3132    24.8444   12.04563 5.3586e-02     97.304 0.0000e+00
        890 291.037815    0.06174     3.7042    222.250  1025.2889  50548.548    31.9617     96.486    6.68443     8.3017     8.3127    24.8446   12.04575 5.3572e-02     97.420 0.0000e+00
        891 291.037818    0.06181     3.7083    222.500  1025.2898  50549.075    31.9619     96.616    6.68452     8.3008     8.3120    24.8448   12.04589 5.3560e-02     97.550 0.0000e+00
        892 291.037821    0.06187     3.7125    222.750  1025.2907  50549.602    31.9621     96.762    6.68462     8.2997     8.3113    24.8451   12.04606 5.3548e-02     97.698 0.0000e+00
        893 291.037824    0.06194     3.7167    223.000  1025.2917  50550.100    31.9622     96.926    6.68474     8.2982     8.3104    24.8453   12.04626 5.3535e-02     97.864 0.0000e+00
        894 291.037827    0.06201     3.7208    223.250  1025.2928  50550.601    31.9623     97.106    6.68490     8.2962     8.3093    24.8456   12.04652 5.3518e-02     98.046 0.0000e+00
        895 291.037830    0.06208     3.7250    223.500  1025.2941  50551.391    31.9626     97.302    6.68512     8.2941     8.3078    24.8460   12.04688 5.3513e-02     98.244 0.0000e+00
        896 291.037833    0.06215     3.7292    223.750  1025.2958  50552.856    31.9632     97.513    6.68538     8.2920     8.3059    24.8467   12.04730 5.3531e-02     98.457 0.0000e+00
        897 291.037836    0.06222     3.7333    224.000  1025.2980  50554.952    31.9642     97.736    6.68565     8.2902     8.3038    24.8479   12.04775 5.3544e-02     98.682 0.0000e+00
        898 291.037839    0.06229     3.7375    224.250  1025.3002  50557.148    31.9653     97.969    6.68591     8.2887     8.3017    24.8490   12.04816 5.3535e-02     98.917 0.0000e+00
        899 291.037841    0.06236     3.7417    224.500  1025.3023  50559.028    31.9663     98.207    6.68614     8.2873     8.2999    24.8500   12.04853 5.3540e-02     99.158 0.0000e+00
        900 291.037844    0.06243     3.7458    224.750  1025.3042  50560.518    31.9670     98.446    6.68634     8.2859     8.2984    24.8508   12.04885 5.3575e-02     99.399 0.0000e+00
        901 291.037847    0.06250     3.7500    225.000  1025.3058  50561.664    31.9675     98.680    6.68653     8.2844     8.2970    24.8514   12.04915 5.3612e-02     99.635 0.0000e+00
        902 291.037850    0.06257     3.7542    225.250  1025.3073  50562.559    31.9678     98.903    6.68672     8.2828     8.2957    24.8518   12.04947 5.3625e-02     99.860 0.0000e+00
        903 291.037853    0.06264     3.7583    225.500  1025.3088  50563.488    31.9681     99.110    6.68693     8.2811     8.2942    24.8523   12.04981 5.3618e-02    100.070 0.0000e+00
        904 291.037856    0.06271     3.7625    225.750  1025.3103  50564.701    31.9686     99.297    6.68715     8.2794     8.2926    24.8529   12.05017 5.3607e-02    100.259 0.0000e+00
        905 291.037859    0.06278     3.7667    226.000  1025.3118  50566.073    31.9692     99.462    6.68738     8.2777     8.2909    24.8537   12.05054 5.3594e-02    100.425 0.0000e+00
        906 291.037862    0.06285     3.7708    226.250  1025.3132  50567.445    31.9699     99.606    6.68760     8.2761     8.2892    24.8544   12.05090 5.3580e-02    100.571 0.0000e+00
        907 291.037865    0.06292     3.7750    226.500  1025.3144  50568.723    31.9704     99.731    6.68782     8.2744     8.2876    24.8551   12.05125 5.3567e-02    100.697 0.0000e+00
        908 291.037867    0.06299     3.7792    226.750  1025.3156  50569.863    31.9709     99.841    6.68804     8.2726     8.2860    24.8558   12.05161 5.3544e-02    100.808 0.0000e+00
        909 291.037870    0.06306     3.7833    227.000  1025.3167  50571.089    31.9715     99.942    6.68827     8.2710     8.2843    24.8565   12.05199 5.3505e-02    100.910 0.0000e+00
        910 291.037873    0.06313     3.7875    227.250  1025.3180  50572.647    31.9722    100.039    6.68851     8.2697     8.2825    24.8573   12.05236 5.3450e-02    101.008 0.0000e+00
        911 291.037876    0.06319     3.7917    227.500  1025.3195  50574.443    31.9732    100.138    6.68871     8.2687     8.2809    24.8583   12.05269 5.3374e-02    101.108 0.0000e+00
        912 291.037879    0.06326     3.7958    227.750  1025.3208  50576.043    31.9741    100.239    6.68887     8.2680     8.2796    24.8592   12.05295 5.3261e-02    101.210 0.0000e+00
        913 291.037882    0.06333     3.8000    228.000  1025.3219  50577.091    31.9746    100.339    6.68899     8.2676     8.2786    24.8598   12.05315 5.3080e-02    101.311 0.0000e+00
        914 291.037885    0.06340     3.8042    228.250  1025.3226  50577.677    31.9749    100.429    6.68908     8.2675     8.2779    24.8601   12.05328 5.2796e-02    101.402 0.0000e+00
        915 291.037888    0.06347     3.8083    228.500  1025.3230  50578.030    31.9750    100.492    6.68913 -9.990e-29     8.2775    24.8602   12.05337 5.2330e-02    101.466 0.0000e+00
        916 291.037891    0.06354     3.8125    228.750  1025.3232  50578.163    31.9751    100.515    6.68915 -9.990e-29     8.2774    24.8603   12.05340 5.2038e-02    101.489 0.0000e+00
