CTD-processing/allCTD/CNV--homogene/2014_07-23_t6_s06_cast201.cnv
* Sea-Bird SBE19plus Data File:
* FileName = C:\Users\kris.holderied\Documents\kasitsna\Research-Projects-and-Data\Oceanography-AK\CTD-Data-ALL-to-2014-06\2014-CTD-KachemakBay-CookInlet\2014-07-EVOSTC-CookInlet-quarterly\2014-07-23-CookInlet-Tran6-Douglas\2014-07-23-CookInlet-Tran6-cast201.hex
* Software Version 1.59
* Temperature SN =  4141
* Conductivity SN =  4141
* System UpLoad Time = Jul 23 2014 23:23:54
** Cook Inlet LTM Transect 6 (Douglas) East to West
** Date: 07-23
** Station: 6-06
** Start time: 10:39
** Depth (m): 143
** Comment:  CTD time is Alaska Daylight time.  Transducer  depth (transducer is 9 ft).
** Comment:
# nquan = 17
# nvalues = 1030                        
# units = specified
# name 0 = scan: Scan Count
# name 1 = timeJ: Julian Days
# name 2 = timeH: Time, Elapsed [hours]
# name 3 = timeM: Time, Elapsed [minutes]
# name 4 = timeS: Time, Elapsed [seconds]
# name 5 = density00: Density [density, kg/m^3]
# name 6 = specc: Specific Conductance [uS/cm]
# name 7 = sal00: Salinity, Practical [PSU]
# name 8 = depSM: Depth [salt water, m], lat = 59.00
# name 9 = oxsolML/L: Oxygen Saturation, Garcia & Gordon [ml/l]
# name 10 = potemp090C: Potential Temperature [ITS-90, deg C]
# name 11 = tv290C: Temperature [ITS-90, deg C]
# name 12 = sigma-é00: Density [sigma-theta, kg/m^3]
# name 13 = n2satML/L: Nitrogen Saturation [ml/l]
# name 14 = par: PAR/Irradiance, Biospherical/Licor
# name 15 = prdM: Pressure, Strain Gauge [db]
# name 16 = flag:  0.000e+00
# span 0 =          1,       1030       
# span 1 = 204.444190, 204.447167       
# span 2 =    0.00000,    0.07146       
# span 3 =     0.0000,     4.2875       
# span 4 =      0.000,    257.250       
# span 5 =   999.7385,  1025.7748       
# span 6 =    446.785,  51060.573       
# span 7 =     0.2126,    32.2331       
# span 8 =     -0.098,    142.528       
# span 9 =    6.41868,    7.64606       
# span 10 =     7.8844,    11.3428      
# span 11 =     7.8978,    11.3428      
# span 12 =    -0.2611,    25.1177      
# span 13 =   11.61144,   14.07726      
# span 14 = 4.6373e-02, 5.4475e+02      
# span 15 =     -0.099,    143.923      
# span 16 = 0.0000e+00, 0.0000e+00      
# interval = seconds: 0.25
# start_time = Jul 23 2014 10:39:38 [Instrument's time stamp, header]
# bad_flag = -9.990e-29
*END*
[from data line 766]
        767 204.446406    0.05319     3.1917    191.500  1025.5509  50967.682    32.1921    102.063    6.73182     7.9226     7.9334    25.0803   12.12131 4.7171e-02    103.052 0.0000e+00
        768 204.446409    0.05326     3.1958    191.750  1025.5528  50968.947    32.1928    102.341    6.73186     7.9223     7.9329    25.0809   12.12137 4.7173e-02    103.333 0.0000e+00
        769 204.446412    0.05333     3.2000    192.000  1025.5544  50969.945    32.1933    102.587    6.73190     7.9221     7.9325    25.0813   12.12142 4.7174e-02    103.582 0.0000e+00
        770 204.446415    0.05340     3.2042    192.250  1025.5558  50970.708    32.1937    102.800    6.73192     7.9219     7.9322    25.0817   12.12146 4.7166e-02    103.796 0.0000e+00
        771 204.446418    0.05347     3.2083    192.500  1025.5569  50971.332    32.1940    102.980    6.73194     7.9218     7.9320    25.0820   12.12148 4.7148e-02    103.978 0.0000e+00
        772 204.446421    0.05354     3.2125    192.750  1025.5579  50971.855    32.1943    103.132    6.73195     7.9217     7.9319    25.0822   12.12149 4.7133e-02    104.132 0.0000e+00
        773 204.446424    0.05361     3.2167    193.000  1025.5587  50972.284    32.1945    103.264    6.73196     7.9216     7.9318    25.0824   12.12150 4.7126e-02    104.265 0.0000e+00
        774 204.446427    0.05368     3.2208    193.250  1025.5594  50972.649    32.1947    103.385    6.73196     7.9215     7.9317    25.0826   12.12151 4.7123e-02    104.387 0.0000e+00
        775 204.446429    0.05375     3.2250    193.500  1025.5600  50972.952    32.1948    103.504    6.73197     7.9215     7.9316    25.0827   12.12151 4.7121e-02    104.507 0.0000e+00
        776 204.446432    0.05382     3.2292    193.750  1025.5607  50973.212    32.1949    103.630    6.73197     7.9214     7.9315    25.0828   12.12152 4.7122e-02    104.634 0.0000e+00
        777 204.446435    0.05389     3.2333    194.000  1025.5614  50973.465    32.1950    103.767    6.73198     7.9214     7.9315    25.0828   12.12153 4.7121e-02    104.773 0.0000e+00
        778 204.446438    0.05396     3.2375    194.250  1025.5622  50973.750    32.1952    103.919    6.73198     7.9213     7.9314    25.0829   12.12153 4.7116e-02    104.926 0.0000e+00
        779 204.446441    0.05403     3.2417    194.500  1025.5631  50974.073    32.1953    104.086    6.73198     7.9212     7.9314    25.0831   12.12153 4.7109e-02    105.095 0.0000e+00
        780 204.446444    0.05410     3.2458    194.750  1025.5641  50974.401    32.1955    104.270    6.73198     7.9212     7.9314    25.0832   12.12153 4.7102e-02    105.281 0.0000e+00
        781 204.446447    0.05417     3.2500    195.000  1025.5651  50974.712    32.1956    104.471    6.73198     7.9211     7.9313    25.0833   12.12153 4.7095e-02    105.484 0.0000e+00
        782 204.446450    0.05424     3.2542    195.250  1025.5662  50975.001    32.1957    104.688    6.73198     7.9209     7.9313    25.0834   12.12153 4.7094e-02    105.703 0.0000e+00
        783 204.446453    0.05431     3.2583    195.500  1025.5674  50975.342    32.1958    104.922    6.73198     7.9207     7.9312    25.0835   12.12153 4.7088e-02    105.939 0.0000e+00
        784 204.446455    0.05438     3.2625    195.750  1025.5687  50975.812    32.1960    105.171    6.73199     7.9203     7.9311    25.0837   12.12155 4.7055e-02    106.191 0.0000e+00
        785 204.446458    0.05444     3.2667    196.000  1025.5702  50976.457    32.1963    105.433    6.73201     7.9199     7.9309    25.0839   12.12158 4.7007e-02    106.455 0.0000e+00
        786 204.446461    0.05451     3.2708    196.250  1025.5718  50977.279    32.1967    105.706    6.73205     7.9193     7.9306    25.0843   12.12163 4.6962e-02    106.731 0.0000e+00
        787 204.446464    0.05458     3.2750    196.500  1025.5735  50978.213    32.1971    105.987    6.73210     7.9187     7.9301    25.0847   12.12170 4.6929e-02    107.015 0.0000e+00
        788 204.446467    0.05465     3.2792    196.750  1025.5753  50979.235    32.1976    106.272    6.73216     7.9181     7.9295    25.0852   12.12180 4.6883e-02    107.303 0.0000e+00
        789 204.446470    0.05472     3.2833    197.000  1025.5772  50980.407    32.1982    106.558    6.73222     7.9173     7.9290    25.0857   12.12189 4.6824e-02    107.592 0.0000e+00
        790 204.446473    0.05479     3.2875    197.250  1025.5791  50981.759    32.1989    106.838    6.73228     7.9165     7.9284    25.0864   12.12198 4.6798e-02    107.875 0.0000e+00
        791 204.446476    0.05486     3.2917    197.500  1025.5811  50983.225    32.1997    107.107    6.73235     7.9155     7.9277    25.0871   12.12209 4.6802e-02    108.146 0.0000e+00
        792 204.446479    0.05493     3.2958    197.750  1025.5831  50984.840    32.2006    107.359    6.73243     7.9146     7.9269    25.0879   12.12222 4.6820e-02    108.400 0.0000e+00
        793 204.446481    0.05500     3.3000    198.000  1025.5850  50986.633    32.2016    107.589    6.73253     7.9137     7.9259    25.0888   12.12237 4.6852e-02    108.633 0.0000e+00
        794 204.446484    0.05507     3.3042    198.250  1025.5869  50988.396    32.2026    107.797    6.73263     7.9130     7.9250    25.0897   12.12253 4.6887e-02    108.843 0.0000e+00
        795 204.446487    0.05514     3.3083    198.500  1025.5885  50989.852    32.2034    107.984    6.73273     7.9125     7.9242    25.0905   12.12267 4.6936e-02    109.031 0.0000e+00
        796 204.446490    0.05521     3.3125    198.750  1025.5898  50990.895    32.2039    108.150    6.73281     7.9122     7.9235    25.0910   12.12279 4.7038e-02    109.199 0.0000e+00
        797 204.446493    0.05528     3.3167    199.000  1025.5909  50991.647    32.2043    108.301    6.73286     7.9121     7.9230    25.0914   12.12288 4.7239e-02    109.352 0.0000e+00
        798 204.446496    0.05535     3.3208    199.250  1025.5918  50992.187    32.2046    108.443    6.73289     7.9120     7.9227    25.0916   12.12293 4.7588e-02    109.495 0.0000e+00
        799 204.446499    0.05542     3.3250    199.500  1025.5926  50992.492    32.2047    108.582    6.73291     7.9119     7.9226    25.0918   12.12295 4.8170e-02    109.635 0.0000e+00
        800 204.446502    0.05549     3.3292    199.750  1025.5933  50992.649    32.2047    108.724    6.73292     7.9119     7.9225    25.0918   12.12297 4.9142e-02    109.779 0.0000e+00
        801 204.446505    0.05556     3.3333    200.000  1025.5939  50992.712    32.2047    108.876    6.73293     7.9120     7.9225    25.0918   12.12298 5.0766e-02    109.933 0.0000e+00
        802 204.446508    0.05563     3.3375    200.250  1025.5946  50992.680    32.2046    109.043    6.73293     7.9120     7.9225    25.0917   12.12299 5.3465e-02    110.102 0.0000e+00
        803 204.446510    0.05569     3.3417    200.500  1025.5954  50992.639    32.2045    109.232    6.73293     7.9121     7.9225    25.0916   12.12299 5.7956e-02    110.292 0.0000e+00
        804 204.446513    0.05576     3.3458    200.750  1025.5963  50992.641    32.2044    109.446    6.73292     7.9120     7.9226    25.0915   12.12298 6.5439e-02    110.509 0.0000e+00
        805 204.446516    0.05583     3.3500    201.000  1025.5974  50992.740    32.2044    109.690    6.73291     7.9119     7.9227    25.0915   12.12296 7.7883e-02    110.755 0.0000e+00
        806 204.446519    0.05590     3.3542    201.250  1025.5988  50993.122    32.2045    109.961    6.73290     7.9116     7.9227    25.0916   12.12295 9.8607e-02    111.028 0.0000e+00
        807 204.446522    0.05597     3.3583    201.500  1025.6004  50993.881    32.2049    110.257    6.73291     7.9112     7.9226    25.0919   12.12295 1.1998e-01    111.327 0.0000e+00
        808 204.446525    0.05604     3.3625    201.750  1025.6023  50994.890    32.2054    110.571    6.73293     7.9108     7.9223    25.0924   12.12298 1.3277e-01    111.645 0.0000e+00
        809 204.446528    0.05611     3.3667    202.000  1025.6043  50995.942    32.2059    110.898    6.73297     7.9104     7.9219    25.0929   12.12304 1.3898e-01    111.974 0.0000e+00
        810 204.446531    0.05618     3.3708    202.250  1025.6062  50996.849    32.2064    111.226    6.73300     7.9102     7.9215    25.0933   12.12309 1.4222e-01    112.306 0.0000e+00
        811 204.446534    0.05625     3.3750    202.500  1025.6079  50997.544    32.2067    111.545    6.73304     7.9100     7.9212    25.0936   12.12315 1.4671e-01    112.629 0.0000e+00
        812 204.446536    0.05632     3.3792    202.750  1025.6095  50998.042    32.2068    111.844    6.73306     7.9100     7.9210    25.0937   12.12319 1.5188e-01    112.930 0.0000e+00
        813 204.446539    0.05639     3.3833    203.000  1025.6109  50998.425    32.2070    112.113    6.73308     7.9100     7.9208    25.0938   12.12321 1.5422e-01    113.202 0.0000e+00
        814 204.446542    0.05646     3.3875    203.250  1025.6121  50998.743    32.2071    112.346    6.73308     7.9100     7.9208    25.0939   12.12321 1.4773e-01    113.437 0.0000e+00
        815 204.446545    0.05653     3.3917    203.500  1025.6130  50998.887    32.2071    112.541    6.73307     7.9101     7.9208    25.0939   12.12320 1.3476e-01    113.634 0.0000e+00
        816 204.446548    0.05660     3.3958    203.750  1025.6136  50998.815    32.2070    112.700    6.73307     7.9102     7.9209    25.0939   12.12319 1.2585e-01    113.794 0.0000e+00
        817 204.446551    0.05667     3.4000    204.000  1025.6141  50998.652    32.2068    112.827    6.73306     7.9103     7.9210    25.0937   12.12318 1.2632e-01    113.923 0.0000e+00
        818 204.446554    0.05674     3.4042    204.250  1025.6144  50998.509    32.2067    112.932    6.73305     7.9103     7.9211    25.0936   12.12317 1.3022e-01    114.029 0.0000e+00
        819 204.446557    0.05681     3.4083    204.500  1025.6148  50998.470    32.2066    113.027    6.73304     7.9104     7.9212    25.0935   12.12315 1.2848e-01    114.125 0.0000e+00
        820 204.446560    0.05688     3.4125    204.750  1025.6152  50998.493    32.2066    113.127    6.73303     7.9104     7.9212    25.0935   12.12313 1.1966e-01    114.226 0.0000e+00
        821 204.446563    0.05694     3.4167    205.000  1025.6157  50998.471    32.2065    113.246    6.73303     7.9103     7.9213    25.0934   12.12313 1.0097e-01    114.346 0.0000e+00
        822 204.446565    0.05701     3.4208    205.250  1025.6164  50998.487    32.2065    113.396    6.73302     7.9102     7.9213    25.0934   12.12312 8.0255e-02    114.498 0.0000e+00
        823 204.446568    0.05708     3.4250    205.500  1025.6173  50998.692    32.2065    113.587    6.73302     7.9101     7.9213    25.0935   12.12312 6.6930e-02    114.691 0.0000e+00
        824 204.446571    0.05715     3.4292    205.750  1025.6185  50999.123    32.2067    113.821    6.73303     7.9098     7.9212    25.0936   12.12313 5.9004e-02    114.927 0.0000e+00
        825 204.446574    0.05722     3.4333    206.000  1025.6201  50999.736    32.2070    114.098    6.73304     7.9094     7.9211    25.0939   12.12314 5.4372e-02    115.207 0.0000e+00
        826 204.446577    0.05729     3.4375    206.250  1025.6219  51000.557    32.2074    114.411    6.73306     7.9090     7.9209    25.0942   12.12317 5.1830e-02    115.523 0.0000e+00
        827 204.446580    0.05736     3.4417    206.500  1025.6239  51001.650    32.2080    114.751    6.73308     7.9085     7.9206    25.0947   12.12320 5.0790e-02    115.866 0.0000e+00
        828 204.446583    0.05743     3.4458    206.750  1025.6261  51002.935    32.2086    115.105    6.73312     7.9080     7.9201    25.0953   12.12325 5.1017e-02    116.223 0.0000e+00
        829 204.446586    0.05750     3.4500    207.000  1025.6284  51004.263    32.2093    115.460    6.73316     7.9075     7.9197    25.0959   12.12331 5.2498e-02    116.582 0.0000e+00
        830 204.446589    0.05757     3.4542    207.250  1025.6305  51005.514    32.2100    115.804    6.73320     7.9072     7.9192    25.0965   12.12337 5.5637e-02    116.930 0.0000e+00
        831 204.446591    0.05764     3.4583    207.500  1025.6326  51006.709    32.2106    116.126    6.73323     7.9069     7.9188    25.0970   12.12342 6.1353e-02    117.255 0.0000e+00
        832 204.446594    0.05771     3.4625    207.750  1025.6345  51007.915    32.2112    116.418    6.73325     7.9065     7.9185    25.0976   12.12345 7.1126e-02    117.550 0.0000e+00
        833 204.446597    0.05778     3.4667    208.000  1025.6362  51009.095    32.2119    116.677    6.73327     7.9062     7.9182    25.0982   12.12346 8.7488e-02    117.811 0.0000e+00
        834 204.446600    0.05785     3.4708    208.250  1025.6379  51010.309    32.2126    116.902    6.73328     7.9057     7.9179    25.0988   12.12348 1.1481e-01    118.039 0.0000e+00
        835 204.446603    0.05792     3.4750    208.500  1025.6395  51011.820    32.2135    117.097    6.73329     7.9050     7.9175    25.0995   12.12349 1.4878e-01    118.236 0.0000e+00
        836 204.446606    0.05799     3.4792    208.750  1025.6415  51014.110    32.2149    117.267    6.73330     7.9041     7.9171    25.1007   12.12348 1.7334e-01    118.408 0.0000e+00
        837 204.446609    0.05806     3.4833    209.000  1025.6439  51017.205    32.2169    117.420    6.73331     7.9031     7.9164    25.1024   12.12347 1.7971e-01    118.562 0.0000e+00
        838 204.446612    0.05813     3.4875    209.250  1025.6462  51020.359    32.2189    117.563    6.73336     7.9022     7.9156    25.1041   12.12352 1.6795e-01    118.707 0.0000e+00
        839 204.446615    0.05819     3.4917    209.500  1025.6483  51023.060    32.2206    117.705    6.73344     7.9013     7.9146    25.1055   12.12363 1.4850e-01    118.850 0.0000e+00
        840 204.446617    0.05826     3.4958    209.750  1025.6502  51025.246    32.2219    117.854    6.73352     7.9006     7.9136    25.1067   12.12376 1.3716e-01    119.000 0.0000e+00
        841 204.446620    0.05833     3.5000    210.000  1025.6518  51026.933    32.2229    118.017    6.73361     7.8999     7.9128    25.1076   12.12389 1.2524e-01    119.165 0.0000e+00
        842 204.446623    0.05840     3.5042    210.250  1025.6533  51028.246    32.2236    118.199    6.73369     7.8992     7.9120    25.1082   12.12402 1.0190e-01    119.349 0.0000e+00
        843 204.446626    0.05847     3.5083    210.500  1025.6548  51029.372    32.2242    118.401    6.73377     7.8985     7.9114    25.1088   12.12415 7.9775e-02    119.553 0.0000e+00
        844 204.446629    0.05854     3.5125    210.750  1025.6564  51030.460    32.2247    118.622    6.73386     7.8979     7.9107    25.1093   12.12428 6.6424e-02    119.775 0.0000e+00
        845 204.446632    0.05861     3.5167    211.000  1025.6580  51031.542    32.2252    118.858    6.73394     7.8974     7.9100    25.1098   12.12440 5.8416e-02    120.014 0.0000e+00
        846 204.446635    0.05868     3.5208    211.250  1025.6596  51032.504    32.2257    119.107    6.73401     7.8972     7.9094    25.1103   12.12451 5.3614e-02    120.266 0.0000e+00
        847 204.446638    0.05875     3.5250    211.500  1025.6611  51033.248    32.2260    119.365    6.73405     7.8971     7.9090    25.1106   12.12458 5.0738e-02    120.527 0.0000e+00
        848 204.446641    0.05882     3.5292    211.750  1025.6625  51033.697    32.2262    119.630    6.73407     7.8970     7.9088    25.1107   12.12462 4.9026e-02    120.795 0.0000e+00
        849 204.446644    0.05889     3.5333    212.000  1025.6637  51033.851    32.2262    119.900    6.73409     7.8969     7.9087    25.1107   12.12464 4.8018e-02    121.068 0.0000e+00
        850 204.446646    0.05896     3.5375    212.250  1025.6649  51033.889    32.2261    120.176    6.73410     7.8966     7.9086    25.1107   12.12467 4.7407e-02    121.346 0.0000e+00
        851 204.446649    0.05903     3.5417    212.500  1025.6662  51033.995    32.2260    120.455    6.73413     7.8963     7.9085    25.1106   12.12471 4.7010e-02    121.628 0.0000e+00
