CTD-processing/allCTD/CNV--homogene/2014_10-18_t6_s25_cast122.cnv
* Sea-Bird SBE19plus Data File:
* FileName = C:\Users\kris.holderied\Documents\kasitsna\Research-Projects-and-Data\Oceanography-AK\CTD-Data-ALL-to-2014-10\2014-CTD-KachemakBay-CookInlet\2014-10-EVOSTC-CookInlet\2014-10-18-CookInlet-Tran6-Douglas\2014-10-18-CookInlet-Tran6-cast122.hex
* Software Version 1.59
* Temperature SN =  4141
* Conductivity SN =  4141
* System UpLoad Time = Oct 18 2014 10:12:19
** Cook Inlet LTM Tran6 (Douglas)  east to west
** Date: 10-18
** Station: 6-25
** Start time: 08:12
** Depth (m): 171
** Comment:  CTD time is Alaska Daylight time.  R/V Pandalus. Transducer  depth.
** Comment:
# nquan = 17
# nvalues = 1124                        
# units = specified
# name 0 = scan: Scan Count
# name 1 = timeJ: Julian Days
# name 2 = timeH: Time, Elapsed [hours]
# name 3 = timeM: Time, Elapsed [minutes]
# name 4 = timeS: Time, Elapsed [seconds]
# name 5 = density00: Density [density, kg/m^3]
# name 6 = specc: Specific Conductance [uS/cm]
# name 7 = sal00: Salinity, Practical [PSU]
# name 8 = depSM: Depth [salt water, m], lat = 59.00
# name 9 = oxsolML/L: Oxygen Saturation, Garcia & Gordon [ml/l]
# name 10 = potemp090C: Potential Temperature [ITS-90, deg C]
# name 11 = tv290C: Temperature [ITS-90, deg C]
# name 12 = sigma-é00: Density [sigma-theta, kg/m^3]
# name 13 = n2satML/L: Nitrogen Saturation [ml/l]
# name 14 = par: PAR/Irradiance, Biospherical/Licor
# name 15 = prdM: Pressure, Strain Gauge [db]
# name 16 = flag:  0.000e+00
# span 0 =          1,       1124       
# span 1 = 291.341678, 291.344928       
# span 2 =    0.00000,    0.07799       
# span 3 =     0.0000,     4.6792       
# span 4 =      0.000,    280.750       
# span 5 =  1000.1682,  1026.0659       
# span 6 =    712.811,  51366.079       
# span 7 =     0.3392,    32.3155       
# span 8 =     -0.305,    170.326       
# span 9 =    6.54204,    8.45472       
# span 10 =     7.0956,     9.6210      
# span 11 =     7.0956,     9.6248      
# span 12 =     0.1697,    25.2781      
# span 13 =   11.82452,   15.44036      
# span 14 = 3.6382e-02, 1.0781e+00      
# span 15 =     -0.308,    172.005      
# span 16 = 0.0000e+00, 0.0000e+00      
# interval = seconds: 0.25
# start_time = Oct 18 2014 08:12:01 [Instrument's time stamp, header]
# bad_flag = -9.990e-29
*END*
[from data line 1107]
       1108 291.344881    0.07687     4.6125    276.750  1026.0575  51364.312    32.3148    168.555    6.83795     7.1964     7.2121    25.2777   12.29524 3.7179e-02    170.216 0.0000e+00
       1109 291.344884    0.07694     4.6167    277.000  1026.0582  51364.490    32.3148    168.717    6.83797     7.1963     7.2120    25.2778   12.29527 3.7178e-02    170.379 0.0000e+00
       1110 291.344887    0.07701     4.6208    277.250  1026.0590  51364.675    32.3148    168.875    6.83798     7.1962     7.2119    25.2778   12.29529 3.7169e-02    170.539 0.0000e+00
       1111 291.344890    0.07708     4.6250    277.500  1026.0597  51364.858    32.3149    169.024    6.83799     7.1962     7.2118    25.2779   12.29531 3.7158e-02    170.690 0.0000e+00
       1112 291.344893    0.07715     4.6292    277.750  1026.0604  51365.044    32.3149    169.165    6.83800     7.1961     7.2117    25.2779   12.29532 3.7155e-02    170.832 0.0000e+00
       1113 291.344896    0.07722     4.6333    278.000  1026.0611  51365.255    32.3150    169.298    6.83800     7.1961     7.2117    25.2780   12.29532 3.7156e-02    170.966 0.0000e+00
       1114 291.344899    0.07729     4.6375    278.250  1026.0617  51365.387    32.3151    169.423    6.83800     7.1960     7.2117    25.2780   12.29532 3.7154e-02    171.093 0.0000e+00
       1115 291.344902    0.07736     4.6417    278.500  1026.0622  51365.386    32.3150    169.542    6.83801     7.1959     7.2116    25.2780   12.29533 3.7149e-02    171.213 0.0000e+00
       1116 291.344905    0.07743     4.6458    278.750  1026.0627  51365.379    32.3149    169.657    6.83803     7.1958     7.2116    25.2779   12.29536 3.7142e-02    171.329 0.0000e+00
       1117 291.344907    0.07750     4.6500    279.000  1026.0632  51365.408    32.3149    169.772    6.83804     7.1957     7.2115    25.2779   12.29538 3.7133e-02    171.445 0.0000e+00
       1118 291.344910    0.07757     4.6542    279.250  1026.0637  51365.392    32.3148    169.889    6.83806     7.1956     7.2114    25.2778   12.29541 3.7129e-02    171.563 0.0000e+00
       1119 291.344913    0.07764     4.6583    279.500  1026.0642  51365.326    32.3147    170.008    6.83808     7.1955     7.2113    25.2777   12.29544 3.7131e-02    171.683 0.0000e+00
       1120 291.344916    0.07771     4.6625    279.750  1026.0647  51365.383    32.3146    170.121    6.83809     7.1954     7.2112    25.2777   12.29547 3.7124e-02    171.798 0.0000e+00
       1121 291.344919    0.07778     4.6667    280.000  1026.0652  51365.597    32.3147    170.216    6.83810     7.1954     7.2112    25.2778   12.29548 3.7109e-02    171.893 0.0000e+00
       1122 291.344922    0.07785     4.6708    280.250  1026.0656  51365.810    32.3148    170.281    6.83810     7.1954     7.2111    25.2779   12.29549 3.7104e-02    171.959 0.0000e+00
       1123 291.344925    0.07792     4.6750    280.500  1026.0658  51365.990    32.3149    170.315    6.83810 -9.990e-29     7.2111    25.2780   12.29548 3.7107e-02    171.994 0.0000e+00
       1124 291.344928    0.07799     4.6792    280.750  1026.0659  51366.079    32.3150    170.326    6.83810 -9.990e-29     7.2111    25.2781   12.29548 3.7107e-02    172.005 0.0000e+00
