CTD-processing/allCTD/CNV--homogene/2014_02-17_t7_s02_cast207.cnv
* Sea-Bird SBE19plus Data File:
* FileName = C:\Users\kris.holderied\Documents\kasitsna\Research-Projects-and-Data\Oceanography-AK\CTD-CookInlet-GulfWatchAK\2014-02-EVOSTC-CookInlet-LTM-BATCH-UPLOAD\2014-02-CookInlet-Seasonal-cast207.hex
* Software Version 1.59
* Temperature SN =  5028
* Conductivity SN =  5028
* System UpLoad Time = Apr 09 2014 20:34:29
** Cook Inlet LTM 2014 February Seasonal - Batch upload
** Date: 2014-02-16
** Station: 7-02
** Start time: 06:28
** Depth (m): 43
** CoComment:
** Comment:
# nquan = 17
# nvalues = 466                         
# units = specified
# name 0 = scan: Scan Count
# name 1 = timeJ: Julian Days
# name 2 = timeH: Time, Elapsed [hours]
# name 3 = timeM: Time, Elapsed [minutes]
# name 4 = timeS: Time, Elapsed [seconds]
# name 5 = density00: Density [density, kg/m^3]
# name 6 = specc: Specific Conductance [uS/cm]
# name 7 = sal00: Salinity, Practical [PSU]
# name 8 = depSM: Depth [salt water, m], lat = 59.00
# name 9 = oxsolML/L: Oxygen Saturation, Garcia & Gordon [ml/l]
# name 10 = potemp090C: Potential Temperature [ITS-90, deg C]
# name 11 = tv290C: Temperature [ITS-90, deg C]
# name 12 = sigma-é00: Density [sigma-theta, kg/m^3]
# name 13 = n2satML/L: Nitrogen Saturation [ml/l]
# name 14 = par: PAR/Irradiance, Biospherical/Licor
# name 15 = prdM: Pressure, Strain Gauge [db]
# name 16 = flag:  0.000e+00
# span 0 =          1,        466       
# span 1 =  48.268530,  48.269876       
# span 2 =    0.00000,    0.03229       
# span 3 =     0.0000,     1.9375       
# span 4 =      0.000,    116.250       
# span 5 =   999.9654,  1025.3396       
# span 6 =    449.584,  51607.436       
# span 7 =     0.1990,    31.5991       
# span 8 =     -0.292,     41.640       
# span 9 =    7.53408,   10.37907       
# span 10 =    -0.5644,     3.3378      
# span 11 =    -0.5644,     3.3402      
# span 12 =    -0.0331,    25.1423      
# span 13 =   13.45388,   18.66652      
# span 14 = 4.4139e-02, 1.2372e+00      
# span 15 =     -0.295,     42.037      
# span 16 = 0.0000e+00, 0.0000e+00      
# interval = seconds: 0.25
# start_time = Feb 17 2014 06:26:41 [Instrument's time stamp, header]
# bad_flag = -9.990e-29
*END*
[from data line 426]
        427  48.269763    0.02958     1.7750    106.500  1025.2899  51422.635    31.5885     32.944    7.53476     3.3377     3.3394    25.1339   13.45513 4.4589e-02     33.258 0.0000e+00
        428  48.269766    0.02965     1.7792    106.750  1025.2921  51424.271    31.5895     33.228    7.53469     3.3377     3.3395    25.1346   13.45500 4.4505e-02     33.545 0.0000e+00
        429  48.269769    0.02972     1.7833    107.000  1025.2941  51425.627    31.5903     33.514    7.53463     3.3378     3.3396    25.1353   13.45490 4.4449e-02     33.833 0.0000e+00
        430  48.269771    0.02979     1.7875    107.250  1025.2958  51426.583    31.5908     33.795    7.53459     3.3378     3.3397    25.1357   13.45483 4.4411e-02     34.117 0.0000e+00
        431  48.269774    0.02986     1.7917    107.500  1025.2973  51427.234    31.5911     34.069    7.53457     3.3378     3.3397    25.1359   13.45479 4.4376e-02     34.393 0.0000e+00
        432  48.269777    0.02993     1.7958    107.750  1025.2987  51427.782    31.5913     34.331    7.53455     3.3378     3.3397    25.1361   13.45476 4.4347e-02     34.658 0.0000e+00
        433  48.269780    0.03000     1.8000    108.000  1025.3001  51428.266    31.5915     34.579    7.53454     3.3378     3.3398    25.1363   13.45474 4.4334e-02     34.909 0.0000e+00
        434  48.269783    0.03007     1.8042    108.250  1025.3013  51428.707    31.5917     34.814    7.53453     3.3378     3.3398    25.1364   13.45472 4.4334e-02     35.145 0.0000e+00
        435  48.269786    0.03014     1.8083    108.500  1025.3025  51429.088    31.5918     35.034    7.53452     3.3377     3.3398    25.1365   13.45470 4.4335e-02     35.367 0.0000e+00
        436  48.269789    0.03021     1.8125    108.750  1025.3036  51429.393    31.5919     35.241    7.53451     3.3377     3.3398    25.1366   13.45468 4.4325e-02     35.576 0.0000e+00
        437  48.269792    0.03028     1.8167    109.000  1025.3046  51429.681    31.5920     35.439    7.53451     3.3377     3.3398    25.1366   13.45467 4.4314e-02     35.777 0.0000e+00
        438  48.269795    0.03035     1.8208    109.250  1025.3056  51430.009    31.5922     35.634    7.53450     3.3377     3.3398    25.1367   13.45466 4.4313e-02     35.974 0.0000e+00
        439  48.269797    0.03042     1.8250    109.500  1025.3066  51430.434    31.5923     35.827    7.53449     3.3377     3.3398    25.1369   13.45465 4.4312e-02     36.169 0.0000e+00
        440  48.269800    0.03049     1.8292    109.750  1025.3078  51430.985    31.5926     36.023    7.53448     3.3377     3.3398    25.1371   13.45462 4.4306e-02     36.367 0.0000e+00
        441  48.269803    0.03056     1.8333    110.000  1025.3090  51431.592    31.5929     36.225    7.53446     3.3377     3.3398    25.1374   13.45459 4.4297e-02     36.570 0.0000e+00
        442  48.269806    0.03062     1.8375    110.250  1025.3102  51432.212    31.5932     36.434    7.53444     3.3376     3.3398    25.1376   13.45456 4.4287e-02     36.781 0.0000e+00
        443  48.269809    0.03069     1.8417    110.500  1025.3116  51432.914    31.5936     36.653    7.53442     3.3376     3.3398    25.1379   13.45452 4.4273e-02     37.002 0.0000e+00
        444  48.269812    0.03076     1.8458    110.750  1025.3130  51433.757    31.5940     36.881    7.53440     3.3376     3.3398    25.1383   13.45448 4.4258e-02     37.233 0.0000e+00
        445  48.269815    0.03083     1.8500    111.000  1025.3146  51434.830    31.5946     37.118    7.53436     3.3377     3.3398    25.1388   13.45441 4.4254e-02     37.472 0.0000e+00
        446  48.269818    0.03090     1.8542    111.250  1025.3164  51436.180    31.5954     37.361    7.53432     3.3377     3.3398    25.1394   13.45433 4.4257e-02     37.717 0.0000e+00
        447  48.269821    0.03097     1.8583    111.500  1025.3183  51437.567    31.5962     37.609    7.53427     3.3377     3.3399    25.1401   13.45424 4.4254e-02     37.968 0.0000e+00
        448  48.269823    0.03104     1.8625    111.750  1025.3199  51438.652    31.5969     37.860    7.53424     3.3377     3.3399    25.1406   13.45417 4.4246e-02     38.221 0.0000e+00
        449  48.269826    0.03111     1.8667    112.000  1025.3214  51439.325    31.5972     38.112    7.53421     3.3377     3.3399    25.1408   13.45413 4.4244e-02     38.475 0.0000e+00
        450  48.269829    0.03118     1.8708    112.250  1025.3227  51439.747    31.5974     38.365    7.53420     3.3378     3.3400    25.1410   13.45410 4.4248e-02     38.730 0.0000e+00
        451  48.269832    0.03125     1.8750    112.500  1025.3240  51440.153    31.5975     38.619    7.53418     3.3378     3.3400    25.1411   13.45408 4.4249e-02     38.987 0.0000e+00
        452  48.269835    0.03132     1.8792    112.750  1025.3254  51440.616    31.5977     38.875    7.53417     3.3378     3.3400    25.1412   13.45405 4.4247e-02     39.245 0.0000e+00
        453  48.269838    0.03139     1.8833    113.000  1025.3267  51441.055    31.5979     39.133    7.53415     3.3378     3.3401    25.1413   13.45402 4.4246e-02     39.506 0.0000e+00
        454  48.269841    0.03146     1.8875    113.250  1025.3281  51441.456    31.5981     39.392    7.53414     3.3378     3.3401    25.1415   13.45399 4.4242e-02     39.767 0.0000e+00
        455  48.269844    0.03153     1.8917    113.500  1025.3294  51441.887    31.5982     39.649    7.53412     3.3378     3.3401    25.1416   13.45397 4.4230e-02     40.027 0.0000e+00
        456  48.269847    0.03160     1.8958    113.750  1025.3308  51442.338    31.5984     39.902    7.53411     3.3378     3.3401    25.1417   13.45394 4.4218e-02     40.283 0.0000e+00
        457  48.269850    0.03167     1.9000    114.000  1025.3321  51442.736    31.5985     40.149    7.53410     3.3378     3.3401    25.1418   13.45393 4.4218e-02     40.532 0.0000e+00
        458  48.269852    0.03174     1.9042    114.250  1025.3332  51443.045    31.5986     40.387    7.53410     3.3378     3.3402    25.1419   13.45392 4.4219e-02     40.771 0.0000e+00
        459  48.269855    0.03181     1.9083    114.500  1025.3343  51443.275    31.5987     40.612    7.53409     3.3378     3.3402    25.1419   13.45391 4.4213e-02     40.999 0.0000e+00
        460  48.269858    0.03188     1.9125    114.750  1025.3353  51443.485    31.5987     40.824    7.53409     3.3378     3.3402    25.1420   13.45391 4.4207e-02     41.214 0.0000e+00
        461  48.269861    0.03194     1.9167    115.000  1025.3363  51443.724    31.5988     41.022    7.53409     3.3378     3.3402    25.1420   13.45390 4.4203e-02     41.414 0.0000e+00
        462  48.269864    0.03201     1.9208    115.250  1025.3373  51443.992    31.5989     41.206    7.53409     3.3377     3.3402    25.1421   13.45390 4.4196e-02     41.599 0.0000e+00
        463  48.269867    0.03208     1.9250    115.500  1025.3382  51444.276    31.5990     41.371    7.53408     3.3377     3.3402    25.1422   13.45389 4.4185e-02     41.765 0.0000e+00
        464  48.269870    0.03215     1.9292    115.750  1025.3389  51444.516    31.5991     41.509    7.53408     3.3377     3.3401    25.1423   13.45388 4.4170e-02     41.905 0.0000e+00
        465  48.269873    0.03222     1.9333    116.000  1025.3394  51444.645    31.5991     41.605    7.53408 -9.990e-29     3.3401    25.1423   13.45388 4.4150e-02     42.002 0.0000e+00
        466  48.269876    0.03229     1.9375    116.250  1025.3396  51444.678    31.5991     41.640    7.53408 -9.990e-29     3.3401    25.1423   13.45388 4.4139e-02     42.037 0.0000e+00
