CTD-processing/allCTD/CNV--homogene/2014_07-23_t6_s19_cast214.cnv
* Sea-Bird SBE19plus Data File:
* FileName = C:\Users\kris.holderied\Documents\kasitsna\Research-Projects-and-Data\Oceanography-AK\CTD-Data-ALL-to-2014-06\2014-CTD-KachemakBay-CookInlet\2014-07-EVOSTC-CookInlet-quarterly\2014-07-23-CookInlet-Tran6-Douglas\2014-07-23-CookInlet-Tran6-cast214.hex
* Software Version 1.59
* Temperature SN =  4141
* Conductivity SN =  4141
* System UpLoad Time = Jul 23 2014 23:42:33
** Cook Inlet LTM Transect 6 (Douglas) East to West
** Date: 07-23
** Station: 6-19
** Start time: 16:13
** Depth (m): 179
** Comment:  CTD time is Alaska Daylight time.  Transducer  depth (transducer is 9 ft).
** Comment:
# nquan = 17
# nvalues = 1333                        
# units = specified
# name 0 = scan: Scan Count
# name 1 = timeJ: Julian Days
# name 2 = timeH: Time, Elapsed [hours]
# name 3 = timeM: Time, Elapsed [minutes]
# name 4 = timeS: Time, Elapsed [seconds]
# name 5 = density00: Density [density, kg/m^3]
# name 6 = specc: Specific Conductance [uS/cm]
# name 7 = sal00: Salinity, Practical [PSU]
# name 8 = depSM: Depth [salt water, m], lat = 59.00
# name 9 = oxsolML/L: Oxygen Saturation, Garcia & Gordon [ml/l]
# name 10 = potemp090C: Potential Temperature [ITS-90, deg C]
# name 11 = tv290C: Temperature [ITS-90, deg C]
# name 12 = sigma-é00: Density [sigma-theta, kg/m^3]
# name 13 = n2satML/L: Nitrogen Saturation [ml/l]
# name 14 = par: PAR/Irradiance, Biospherical/Licor
# name 15 = prdM: Pressure, Strain Gauge [db]
# name 16 = flag:  0.000e+00
# span 0 =          1,       1333       
# span 1 = 204.676134, 204.679988       
# span 2 =    0.00000,    0.09250       
# span 3 =     0.0000,     5.5500       
# span 4 =      0.000,    333.000       
# span 5 =   999.7622,  1026.2625       
# span 6 =    726.751,  51682.475       
# span 7 =     0.3516,    32.4325       
# span 8 =     -0.105,    177.145       
# span 9 =    6.24971,    7.50720       
# span 10 =     6.6445,    12.1133      
# span 11 =     6.6595,    12.1133      
# span 12 =    -0.2375,    25.4432      
# span 13 =   11.32673,   13.84015      
# span 14 = 4.9614e-02, 1.2244e+03      
# span 15 =     -0.106,    178.894      
# span 16 = 0.0000e+00, 0.0000e+00      
# interval = seconds: 0.25
# start_time = Jul 23 2014 16:13:38 [Instrument's time stamp, header]
# bad_flag = -9.990e-29
*END*
[from data line 1277]
       1278 204.679829    0.08868     5.3208    319.250  1026.2617  51679.199    32.4295    177.135    6.91927     6.6511     6.6667    25.4402   12.42818 4.9914e-02    178.884 0.0000e+00
       1279 204.679832    0.08875     5.3250    319.500  1026.2616  51678.986    32.4294    177.135    6.91928     6.6511     6.6666    25.4400   12.42820 4.9921e-02    178.884 0.0000e+00
       1280 204.679835    0.08882     5.3292    319.750  1026.2614  51678.664    32.4291    177.136    6.91929     6.6512     6.6666    25.4399   12.42822 4.9922e-02    178.885 0.0000e+00
       1281 204.679838    0.08889     5.3333    320.000  1026.2613  51678.443    32.4290    177.136    6.91929     6.6513     6.6666    25.4397   12.42823 4.9921e-02    178.885 0.0000e+00
       1282 204.679841    0.08896     5.3375    320.250  1026.2613  51678.387    32.4289    177.136    6.91928     6.6514     6.6667    25.4397   12.42821 4.9923e-02    178.885 0.0000e+00
       1283 204.679844    0.08903     5.3417    320.500  1026.2613  51678.408    32.4290    177.136    6.91927     6.6516     6.6668    25.4397   12.42818 4.9927e-02    178.885 0.0000e+00
       1284 204.679847    0.08910     5.3458    320.750  1026.2613  51678.444    32.4290    177.136    6.91924     6.6517     6.6669    25.4397   12.42814 4.9930e-02    178.885 0.0000e+00
       1285 204.679850    0.08917     5.3500    321.000  1026.2613  51678.349    32.4290    177.136    6.91922     6.6519     6.6671    25.4397   12.42810 4.9930e-02    178.885 0.0000e+00
       1286 204.679852    0.08924     5.3542    321.250  1026.2611  51678.054    32.4288    177.137    6.91920     6.6520     6.6673    25.4395   12.42807 4.9927e-02    178.886 0.0000e+00
       1287 204.679855    0.08931     5.3583    321.500  1026.2609  51677.690    32.4286    177.137    6.91918     6.6521     6.6674    25.4393   12.42805 4.9925e-02    178.886 0.0000e+00
       1288 204.679858    0.08937     5.3625    321.750  1026.2607  51677.392    32.4284    177.137    6.91917     6.6522     6.6676    25.4392   12.42803 4.9928e-02    178.886 0.0000e+00
       1289 204.679861    0.08944     5.3667    322.000  1026.2606  51677.166    32.4283    177.137    6.91916     6.6523     6.6677    25.4391   12.42802 4.9936e-02    178.886 0.0000e+00
       1290 204.679864    0.08951     5.3708    322.250  1026.2605  51676.953    32.4281    177.137    6.91915     6.6524     6.6678    25.4389   12.42800 4.9945e-02    178.886 0.0000e+00
       1291 204.679867    0.08958     5.3750    322.500  1026.2604  51676.785    32.4280    177.137    6.91914     6.6526     6.6679    25.4388   12.42799 4.9950e-02    178.886 0.0000e+00
       1292 204.679870    0.08965     5.3792    322.750  1026.2604  51676.672    32.4280    177.137    6.91912     6.6527     6.6680    25.4388   12.42796 4.9951e-02    178.886 0.0000e+00
       1293 204.679873    0.08972     5.3833    323.000  1026.2603  51676.509    32.4279    177.137    6.91911     6.6529     6.6681    25.4387   12.42793 4.9948e-02    178.886 0.0000e+00
       1294 204.679876    0.08979     5.3875    323.250  1026.2601  51676.278    32.4277    177.137    6.91909     6.6530     6.6683    25.4386   12.42790 4.9945e-02    178.886 0.0000e+00
       1295 204.679878    0.08986     5.3917    323.500  1026.2600  51676.063    32.4276    177.137    6.91906     6.6532     6.6684    25.4385   12.42786 4.9940e-02    178.886 0.0000e+00
       1296 204.679881    0.08993     5.3958    323.750  1026.2600  51675.970    32.4276    177.137    6.91904     6.6534     6.6686    25.4384   12.42782 4.9931e-02    178.886 0.0000e+00
       1297 204.679884    0.09000     5.4000    324.000  1026.2601  51676.130    32.4278    177.138    6.91900     6.6537     6.6688    25.4385   12.42776 4.9923e-02    178.887 0.0000e+00
       1298 204.679887    0.09007     5.4042    324.250  1026.2603  51676.517    32.4281    177.138    6.91895     6.6539     6.6690    25.4387   12.42768 4.9918e-02    178.887 0.0000e+00
       1299 204.679890    0.09014     5.4083    324.500  1026.2605  51676.954    32.4285    177.138    6.91890     6.6541     6.6692    25.4389   12.42758 4.9920e-02    178.887 0.0000e+00
       1300 204.679893    0.09021     5.4125    324.750  1026.2607  51677.296    32.4288    177.138    6.91884     6.6543     6.6695    25.4391   12.42748 4.9926e-02    178.887 0.0000e+00
       1301 204.679896    0.09028     5.4167    325.000  1026.2608  51677.437    32.4289    177.138    6.91880     6.6545     6.6697    25.4392   12.42741 4.9933e-02    178.887 0.0000e+00
       1302 204.679899    0.09035     5.4208    325.250  1026.2608  51677.399    32.4289    177.138    6.91877     6.6547     6.6699    25.4392   12.42736 4.9936e-02    178.887 0.0000e+00
       1303 204.679902    0.09042     5.4250    325.500  1026.2608  51677.378    32.4289    177.138    6.91875     6.6549     6.6701    25.4392   12.42732 4.9935e-02    178.887 0.0000e+00
       1304 204.679905    0.09049     5.4292    325.750  1026.2608  51677.436    32.4290    177.138    6.91872     6.6552     6.6702    25.4393   12.42728 4.9933e-02    178.887 0.0000e+00
       1305 204.679907    0.09056     5.4333    326.000  1026.2607  51677.348    32.4289    177.138    6.91869     6.6556     6.6704    25.4392   12.42722 4.9933e-02    178.887 0.0000e+00
       1306 204.679910    0.09062     5.4375    326.250  1026.2605  51676.966    32.4287    177.138    6.91864     6.6559     6.6707    25.4390   12.42716 4.9935e-02    178.887 0.0000e+00
       1307 204.679913    0.09069     5.4417    326.500  1026.2602  51676.415    32.4284    177.139    6.91860     6.6561     6.6711    25.4387   12.42709 4.9941e-02    178.888 0.0000e+00
       1308 204.679916    0.09076     5.4458    326.750  1026.2599  51675.860    32.4281    177.139    6.91857     6.6562     6.6714    25.4384   12.42703 4.9949e-02    178.888 0.0000e+00
       1309 204.679919    0.09083     5.4500    327.000  1026.2597  51675.398    32.4278    177.139    6.91854     6.6563     6.6716    25.4382   12.42700 4.9952e-02    178.888 0.0000e+00
       1310 204.679922    0.09090     5.4542    327.250  1026.2595  51675.063    32.4276    177.139    6.91853     6.6562     6.6718    25.4380   12.42698 4.9948e-02    178.888 0.0000e+00
       1311 204.679925    0.09097     5.4583    327.500  1026.2594  51674.716    32.4274    177.139    6.91853     6.6561     6.6718    25.4378   12.42699 4.9939e-02    178.888 0.0000e+00
       1312 204.679928    0.09104     5.4625    327.750  1026.2590  51674.123    32.4270    177.139    6.91856     6.6559     6.6718    25.4375   12.42704 4.9932e-02    178.888 0.0000e+00
       1313 204.679931    0.09111     5.4667    328.000  1026.2586  51673.377    32.4264    177.140    6.91860     6.6556     6.6717    25.4370   12.42712 4.9929e-02    178.889 0.0000e+00
       1314 204.679933    0.09118     5.4708    328.250  1026.2584  51672.901    32.4260    177.140    6.91866     6.6553     6.6715    25.4368   12.42721 4.9930e-02    178.889 0.0000e+00
       1315 204.679936    0.09125     5.4750    328.500  1026.2584  51672.896    32.4260    177.141    6.91871     6.6550     6.6712    25.4368   12.42729 4.9936e-02    178.890 0.0000e+00
       1316 204.679939    0.09132     5.4792    328.750  1026.2586  51673.259    32.4262    177.141    6.91875     6.6549     6.6709    25.4370   12.42736 4.9944e-02    178.890 0.0000e+00
       1317 204.679942    0.09139     5.4833    329.000  1026.2589  51673.825    32.4265    177.141    6.91877     6.6549     6.6706    25.4373   12.42739 4.9949e-02    178.890 0.0000e+00
       1318 204.679945    0.09146     5.4875    329.250  1026.2592  51674.400    32.4269    177.142    6.91878     6.6550     6.6705    25.4376   12.42740 4.9951e-02    178.891 0.0000e+00
       1319 204.679948    0.09153     5.4917    329.500  1026.2594  51674.840    32.4272    177.142    6.91876     6.6552     6.6705    25.4378   12.42737 4.9950e-02    178.891 0.0000e+00
       1320 204.679951    0.09160     5.4958    329.750  1026.2596  51675.090    32.4274    177.142    6.91873     6.6553     6.6706    25.4380   12.42732 4.9946e-02    178.891 0.0000e+00
       1321 204.679954    0.09167     5.5000    330.000  1026.2596  51675.175    32.4275    177.142    6.91870     6.6554     6.6708    25.4380   12.42727 4.9941e-02    178.891 0.0000e+00
       1322 204.679957    0.09174     5.5042    330.250  1026.2596  51675.141    32.4275    177.142    6.91867     6.6554     6.6709    25.4380   12.42722 4.9937e-02    178.891 0.0000e+00
       1323 204.679959    0.09181     5.5083    330.500  1026.2596  51675.088    32.4275    177.142    6.91866     6.6553     6.6710    25.4380   12.42720 4.9935e-02    178.891 0.0000e+00
       1324 204.679962    0.09187     5.5125    330.750  1026.2596  51675.157    32.4275    177.142    6.91866     6.6551     6.6710    25.4380   12.42720 4.9934e-02    178.891 0.0000e+00
       1325 204.679965    0.09194     5.5167    331.000  1026.2597  51675.392    32.4276    177.142    6.91867     6.6550     6.6709    25.4382   12.42722 4.9937e-02    178.891 0.0000e+00
       1326 204.679968    0.09201     5.5208    331.250  1026.2599  51675.779    32.4279    177.143    6.91869     6.6548     6.6707    25.4384   12.42724 4.9939e-02    178.892 0.0000e+00
       1327 204.679971    0.09208     5.5250    331.500  1026.2602  51676.245    32.4282    177.143    6.91870     6.6548     6.6705    25.4386   12.42726 4.9937e-02    178.892 0.0000e+00
       1328 204.679974    0.09215     5.5292    331.750  1026.2604  51676.683    32.4284    177.144    6.91871     6.6548     6.6704    25.4388   12.42727 4.9932e-02    178.893 0.0000e+00
       1329 204.679977    0.09222     5.5333    332.000  1026.2606  51677.006    32.4287    177.144    6.91871     6.6549     6.6703    25.4390   12.42727 4.9935e-02    178.893 0.0000e+00
       1330 204.679980    0.09229     5.5375    332.250  1026.2607  51677.155    32.4288    177.145    6.91870     6.6549     6.6703    25.4391   12.42726 4.9945e-02    178.894 0.0000e+00
       1331 204.679983    0.09236     5.5417    332.500  1026.2607  51677.191    32.4288    177.145    6.91870     6.6549     6.6704    25.4391   12.42725 4.9952e-02    178.894 0.0000e+00
       1332 204.679986    0.09243     5.5458    332.750  1026.2607  51677.205    32.4288    177.145    6.91869 -9.990e-29     6.6704    25.4391   12.42724 4.9953e-02    178.894 0.0000e+00
       1333 204.679988    0.09250     5.5500    333.000  1026.2607  51677.211    32.4288    177.145    6.91869 -9.990e-29     6.6704    25.4391   12.42724 4.9952e-02    178.894 0.0000e+00
