CTD-processing/allCTD/CNV--homogene/2014_04-11_t4_s02_cast025.cnv
* Sea-Bird SBE19plus Data File:
* FileName = C:\Users\kris.holderied\Documents\kasitsna\Research-Projects-and-Data\Oceanography-AK\CTD-Data-ALL-to-2014-03\2014-CTD-KachemakBay-CookInlet\2014-04-EVOSTC-CookInlet-Ocean\2014-04-11-CookInlet-Tran4-Barabara\2014-04-11-CookInlet-Tran4-Barabara-cast025.hex
* Software Version 1.59
* Temperature SN =  5028
* Conductivity SN =  5028
* System UpLoad Time = May 27 2014 23:11:19
** Cook Inlet LTM Transect 4  (Barabara) North to South
** Date: 2014-04-11
** Station: 4-02
** Start time: 18:09
** Depth (m): 97
** Comment:  CTD time is Alaska Daylight time
** Comment:
# nquan = 17
# nvalues = 671                         
# units = specified
# name 0 = scan: Scan Count
# name 1 = timeJ: Julian Days
# name 2 = timeH: Time, Elapsed [hours]
# name 3 = timeM: Time, Elapsed [minutes]
# name 4 = timeS: Time, Elapsed [seconds]
# name 5 = density00: Density [density, kg/m^3]
# name 6 = specc: Specific Conductance [uS/cm]
# name 7 = sal00: Salinity, Practical [PSU]
# name 8 = depSM: Depth [salt water, m], lat = 59.00
# name 9 = oxsolML/L: Oxygen Saturation, Garcia & Gordon [ml/l]
# name 10 = potemp090C: Potential Temperature [ITS-90, deg C]
# name 11 = tv290C: Temperature [ITS-90, deg C]
# name 12 = sigma-é00: Density [sigma-theta, kg/m^3]
# name 13 = n2satML/L: Nitrogen Saturation [ml/l]
# name 14 = par: PAR/Irradiance, Biospherical/Licor
# name 15 = prdM: Pressure, Strain Gauge [db]
# name 16 = flag:  0.000e+00
# span 0 =          1,        671       
# span 1 = 101.756319, 101.758258       
# span 2 =    0.00000,    0.04653       
# span 3 =     0.0000,     2.7917       
# span 4 =      0.000,    167.500       
# span 5 =  1000.6503,  1025.8036       
# span 6 =   1729.777,  51645.951       
# span 7 =     0.8452,    32.0187       
# span 8 =      0.051,     95.834       
# span 9 =    7.26852,    8.97129       
# span 10 =     4.5295,     4.7304      
# span 11 =     4.5305,     4.7305      
# span 12 =     0.6500,    25.3535      
# span 13 =   13.01166,   16.30042      
# span 14 = 3.7912e-02, 2.6121e+02      
# span 15 =      0.051,     96.760      
# span 16 = 0.0000e+00, 0.0000e+00      
# interval = seconds: 0.25
# start_time = Apr 11 2014 18:09:06 [Instrument's time stamp, header]
# bad_flag = -9.990e-29
*END*
[from data line 171]
        172 101.756814    0.01188     0.7125     42.750  1025.2529  51368.030    31.9003      1.156    7.26852     4.7304     4.7295    25.2475   13.01166 1.1085e+02      1.167 0.0000e+00
        173 101.756817    0.01194     0.7167     43.000  1025.2502  51363.032    31.8971      1.150    7.26854     4.7301     4.7303    25.2448   13.01174 1.1029e+02      1.161 0.0000e+00
        174 101.756820    0.01201     0.7208     43.250  1025.2482  51359.335    31.8946      1.145    7.26862     4.7295     4.7305    25.2428   13.01192 1.0942e+02      1.156 0.0000e+00
        175 101.756823    0.01208     0.7250     43.500  1025.2471  51357.323    31.8931      1.144    7.26874     4.7287     4.7302    25.2417   13.01213 1.0935e+02      1.155 0.0000e+00
        176 101.756826    0.01215     0.7292     43.750  1025.2473  51357.728    31.8933      1.146    7.26884     4.7280     4.7296    25.2419   13.01229 1.0947e+02      1.157 0.0000e+00
        177 101.756829    0.01222     0.7333     44.000  1025.2491  51361.097    31.8954      1.151    7.26887     4.7274     4.7288    25.2437   13.01231 1.0968e+02      1.161 0.0000e+00
        178 101.756832    0.01229     0.7375     44.250  1025.2522  51366.796    31.8992      1.156    7.26881     4.7271     4.7281    25.2467   13.01217 1.0987e+02      1.167 0.0000e+00
        179 101.756834    0.01236     0.7417     44.500  1025.2554  51372.720    31.9031      1.159    7.26872     4.7271     4.7275    25.2499   13.01196 1.0983e+02      1.170 0.0000e+00
        180 101.756837    0.01243     0.7458     44.750  1025.2572  51376.116    31.9054      1.160    7.26867     4.7272     4.7272    25.2517   13.01185 1.1024e+02      1.170 0.0000e+00
        181 101.756840    0.01250     0.7500     45.000  1025.2568  51375.293    31.9048      1.157    7.26871     4.7273     4.7271    25.2513   13.01192 1.1087e+02      1.168 0.0000e+00
        182 101.756843    0.01257     0.7542     45.250  1025.2546  51371.313    31.9021      1.153    7.26882     4.7270     4.7272    25.2491   13.01213 1.1117e+02      1.164 0.0000e+00
        183 101.756846    0.01264     0.7583     45.500  1025.2524  51367.341    31.8994      1.149    7.26894     4.7265     4.7273    25.2470   13.01238 1.1160e+02      1.160 0.0000e+00
        184 101.756849    0.01271     0.7625     45.750  1025.2517  51366.075    31.8984      1.146    7.26903     4.7260     4.7270    25.2463   13.01254 1.1152e+02      1.157 0.0000e+00
        185 101.756852    0.01278     0.7667     46.000  1025.2528  51368.313    31.8999      1.144    7.26904     4.7255     4.7266    25.2475   13.01254 1.1043e+02      1.155 0.0000e+00
        186 101.756855    0.01285     0.7708     46.250  1025.2552  51372.774    31.9028      1.140    7.26899     4.7253     4.7261    25.2499   13.01242 1.0964e+02      1.151 0.0000e+00
        187 101.756858    0.01292     0.7750     46.500  1025.2573  51376.711    31.9054      1.134    7.26895     4.7253     4.7256    25.2520   13.01231 1.0889e+02      1.144 0.0000e+00
        188 101.756861    0.01299     0.7792     46.750  1025.2576  51377.444    31.9059      1.125    7.26897     4.7252     4.7254    25.2523   13.01234 1.0725e+02      1.135 0.0000e+00
        189 101.756863    0.01306     0.7833     47.000  1025.2558  51374.256    31.9037      1.115    7.26907     4.7246     4.7254    25.2506   13.01254 1.0582e+02      1.126 0.0000e+00
        190 101.756866    0.01313     0.7875     47.250  1025.2532  51369.498    31.9004      1.110    7.26924     4.7233     4.7253    25.2480   13.01286 1.0541e+02      1.121 0.0000e+00
        191 101.756869    0.01319     0.7917     47.500  1025.2518  51367.015    31.8986      1.113    7.26943     4.7213     4.7247    25.2466   13.01320 1.0611e+02      1.123 0.0000e+00
        192 101.756872    0.01326     0.7958     47.750  1025.2531  51369.457    31.8999      1.125    7.26961     4.7196     4.7233    25.2479   13.01348 1.0790e+02      1.136 0.0000e+00
        193 101.756875    0.01333     0.8000     48.000  1025.2571  51376.925    31.9046      1.143    7.26972     4.7191     4.7214    25.2518   13.01360 1.0937e+02      1.154 0.0000e+00
        194 101.756878    0.01340     0.8042     48.250  1025.2623  51386.575    31.9109      1.160    7.26972     4.7202     4.7197    25.2569   13.01351 1.0943e+02      1.171 0.0000e+00
        195 101.756881    0.01347     0.8083     48.500  1025.2661  51393.454    31.9155      1.173    7.26959     4.7227     4.7192    25.2606   13.01323 1.0864e+02      1.184 0.0000e+00
        196 101.756884    0.01354     0.8125     48.750  1025.2662  51393.387    31.9157      1.177    7.26937     4.7251     4.7203    25.2606   13.01287 1.0787e+02      1.188 0.0000e+00
        197 101.756887    0.01361     0.8167     49.000  1025.2626  51386.525    31.9115      1.173    7.26915     4.7268     4.7228    25.2571   13.01256 1.0768e+02      1.185 0.0000e+00
        198 101.756889    0.01368     0.8208     49.250  1025.2578  51377.505    31.9059      1.165    7.26899     4.7275     4.7252    25.2523   13.01237 1.0840e+02      1.176 0.0000e+00
        199 101.756892    0.01375     0.8250     49.500  1025.2545  51371.300    31.9020      1.153    7.26889     4.7275     4.7269    25.2491   13.01226 1.0994e+02      1.164 0.0000e+00
        200 101.756895    0.01382     0.8292     49.750  1025.2535  51369.497    31.9009      1.139    7.26883     4.7269     4.7276    25.2482   13.01216 1.1107e+02      1.150 0.0000e+00
        201 101.756898    0.01389     0.8333     50.000  1025.2537  51369.915    31.9012      1.124    7.26882     4.7260     4.7276    25.2484   13.01215 1.1006e+02      1.135 0.0000e+00
        202 101.756901    0.01396     0.8375     50.250  1025.2533  51369.409    31.9007      1.111    7.26893     4.7245     4.7270    25.2481   13.01234 1.0754e+02      1.121 0.0000e+00
        203 101.756904    0.01403     0.8417     50.500  1025.2521  51367.396    31.8991      1.104    7.26917     4.7222     4.7261    25.2469   13.01276 1.0551e+02      1.114 0.0000e+00
        204 101.756907    0.01410     0.8458     50.750  1025.2514  51366.329    31.8981      1.107    7.26949     4.7194     4.7246    25.2462   13.01329 1.0473e+02      1.117 0.0000e+00
        205 101.756910    0.01417     0.8500     51.000  1025.2528  51369.083    31.8994      1.121    7.26982     4.7168     4.7223    25.2476   13.01382 1.0514e+02      1.131 0.0000e+00
        206 101.756913    0.01424     0.8542     51.250  1025.2568  51376.647    31.9040      1.141    7.27009     4.7155     4.7194    25.2515   13.01422 1.0593e+02      1.152 0.0000e+00
        207 101.756916    0.01431     0.8583     51.500  1025.2624  51387.130    31.9106      1.162    7.27021     4.7161     4.7169    25.2570   13.01433 1.0560e+02      1.172 0.0000e+00
        208 101.756918    0.01438     0.8625     51.750  1025.2672  51395.871    31.9163      1.178    7.27016     4.7183     4.7156    25.2616   13.01417 1.0418e+02      1.188 0.0000e+00
        209 101.756921    0.01444     0.8667     52.000  1025.2684  51397.970    31.9179      1.186    7.26999     4.7210     4.7162    25.2628   13.01386 1.0346e+02      1.197 0.0000e+00
        210 101.756924    0.01451     0.8708     52.250  1025.2655  51392.342    31.9145      1.186    7.26976     4.7230     4.7184    25.2599   13.01354 1.0403e+02      1.197 0.0000e+00
        211 101.756927    0.01458     0.8750     52.500  1025.2607  51383.295    31.9089      1.180    7.26957     4.7240     4.7211    25.2552   13.01328 1.0543e+02      1.191 0.0000e+00
        212 101.756930    0.01465     0.8792     52.750  1025.2573  51376.837    31.9050      1.170    7.26941     4.7240     4.7231    25.2518   13.01307 1.0686e+02      1.181 0.0000e+00
        213 101.756933    0.01472     0.8833     53.000  1025.2565  51375.412    31.9042      1.155    7.26928     4.7234     4.7241    25.2511   13.01287 1.0697e+02      1.166 0.0000e+00
        214 101.756936    0.01479     0.8875     53.250  1025.2571  51376.546    31.9050      1.135    7.26924     4.7224     4.7241    25.2518   13.01280 1.0599e+02      1.145 0.0000e+00
        215 101.756939    0.01486     0.8917     53.500  1025.2566  51375.953    31.9045      1.112    7.26937     4.7209     4.7235    25.2514   13.01302 1.0563e+02      1.122 0.0000e+00
        216 101.756942    0.01493     0.8958     53.750  1025.2542  51371.822    31.9014      1.092    7.26969     4.7186     4.7225    25.2491   13.01359 1.0607e+02      1.102 0.0000e+00
        217 101.756944    0.01500     0.9000     54.000  1025.2511  51366.319    31.8973      1.081    7.27015     4.7154     4.7210    25.2460   13.01440 1.0661e+02      1.091 0.0000e+00
        218 101.756947    0.01507     0.9042     54.250  1025.2490  51362.811    31.8944      1.084    7.27069     4.7116     4.7187    25.2439   13.01534 1.0704e+02      1.094 0.0000e+00
        219 101.756950    0.01514     0.9083     54.500  1025.2492  51363.429    31.8941      1.103    7.27128     4.7084     4.7154    25.2440   13.01631 1.0660e+02      1.113 0.0000e+00
        220 101.756953    0.01521     0.9125     54.750  1025.2523  51369.375    31.8973      1.131    7.27177     4.7064     4.7117    25.2469   13.01708 1.0541e+02      1.142 0.0000e+00
        221 101.756956    0.01528     0.9167     55.000  1025.2582  51380.562    31.9043      1.161    7.27200     4.7062     4.7085    25.2528   13.01736 1.0433e+02      1.172 0.0000e+00
        222 101.756959    0.01535     0.9208     55.250  1025.2655  51394.097    31.9131      1.184    7.27192     4.7081     4.7065    25.2600   13.01711 1.0362e+02      1.195 0.0000e+00
        223 101.756962    0.01542     0.9250     55.500  1025.2712  51404.345    31.9201      1.195    7.27161     4.7116     4.7063    25.2656   13.01651 1.0340e+02      1.206 0.0000e+00
        224 101.756965    0.01549     0.9292     55.750  1025.2724  51406.259    31.9218      1.192    7.27119     4.7153     4.7082    25.2667   13.01579 1.0357e+02      1.204 0.0000e+00
        225 101.756968    0.01556     0.9333     56.000  1025.2686  51398.992    31.9176      1.179    7.27078     4.7180     4.7117    25.2630   13.01518 1.0432e+02      1.191 0.0000e+00
        226 101.756970    0.01563     0.9375     56.250  1025.2620  51386.549    31.9099      1.161    7.27051     4.7195     4.7154    25.2565   13.01484 1.0562e+02      1.173 0.0000e+00
        227 101.756973    0.01569     0.9417     56.500  1025.2557  51374.642    31.9023      1.145    7.27040     4.7196     4.7181    25.2503   13.01475 1.0655e+02      1.156 0.0000e+00
        228 101.756976    0.01576     0.9458     56.750  1025.2514  51366.751    31.8972      1.135    7.27040     4.7186     4.7195    25.2461   13.01482 1.0659e+02      1.146 0.0000e+00
        229 101.756979    0.01583     0.9500     57.000  1025.2497  51363.623    31.8951      1.134    7.27049     4.7170     4.7196    25.2444   13.01499 1.0604e+02      1.145 0.0000e+00
        230 101.756982    0.01590     0.9542     57.250  1025.2502  51364.622    31.8956      1.140    7.27064     4.7154     4.7186    25.2449   13.01523 1.0554e+02      1.151 0.0000e+00
        231 101.756985    0.01597     0.9583     57.500  1025.2525  51368.846    31.8981      1.153    7.27079     4.7141     4.7171    25.2470   13.01545 1.0506e+02      1.164 0.0000e+00
        232 101.756988    0.01604     0.9625     57.750  1025.2557  51374.805    31.9018      1.169    7.27089     4.7131     4.7155    25.2501   13.01556 1.0453e+02      1.180 0.0000e+00
        233 101.756991    0.01611     0.9667     58.000  1025.2583  51379.649    31.9049      1.185    7.27097     4.7123     4.7141    25.2527   13.01566 1.0406e+02      1.196 0.0000e+00
        234 101.756994    0.01618     0.9708     58.250  1025.2590  51381.014    31.9056      1.203    7.27111     4.7116     4.7132    25.2533   13.01588 1.0301e+02      1.214 0.0000e+00
        235 101.756997    0.01625     0.9750     58.500  1025.2578  51378.766    31.9038      1.224    7.27133     4.7106     4.7124    25.2521   13.01626 1.0114e+02      1.235 0.0000e+00
        236 101.756999    0.01632     0.9792     58.750  1025.2554  51374.158    31.9005      1.253    7.27162     4.7090     4.7117    25.2495   13.01678 9.9409e+01      1.265 0.0000e+00
        237 101.757002    0.01639     0.9833     59.000  1025.2524  51368.319    31.8962      1.299    7.27200     4.7062     4.7107    25.2463   13.01747 9.8182e+01      1.311 0.0000e+00
        238 101.757005    0.01646     0.9875     59.250  1025.2489  51361.637    31.8912      1.369    7.27253     4.7023     4.7091    25.2425   13.01841 9.6450e+01      1.382 0.0000e+00
        239 101.757008    0.01653     0.9917     59.500  1025.2458  51355.490    31.8863      1.471    7.27325     4.6975     4.7063    25.2389   13.01966 9.3273e+01      1.485 0.0000e+00
        240 101.757011    0.01660     0.9958     59.750  1025.2445  51352.558    31.8834      1.609    7.27409     4.6930     4.7024    25.2369   13.02108 8.8800e+01      1.624 0.0000e+00
        241 101.757014    0.01667     1.0000     60.000  1025.2454  51353.513    31.8829      1.776    7.27494     4.6892     4.6977    25.2370   13.02248 8.3983e+01      1.793 0.0000e+00
        242 101.757017    0.01674     1.0042     60.250  1025.2476  51356.708    31.8840      1.967    7.27568     4.6867     4.6931    25.2384   13.02370 7.9528e+01      1.986 0.0000e+00
        243 101.757020    0.01681     1.0083     60.500  1025.2504  51360.573    31.8857      2.177    7.27624     4.6854     4.6894    25.2401   13.02460 7.5381e+01      2.198 0.0000e+00
        244 101.757023    0.01688     1.0125     60.750  1025.2531  51364.161    31.8875      2.402    7.27659     4.6851     4.6869    25.2418   13.02516 7.1577e+01      2.425 0.0000e+00
        245 101.757025    0.01694     1.0167     61.000  1025.2555  51366.775    31.8889      2.637    7.27676     4.6856     4.6856    25.2430   13.02542 6.8252e+01      2.662 0.0000e+00
        246 101.757028    0.01701     1.0208     61.250  1025.2573  51368.266    31.8897      2.879    7.27677     4.6865     4.6853    25.2437   13.02542 6.5171e+01      2.906 0.0000e+00
        247 101.757031    0.01708     1.0250     61.500  1025.2587  51368.901    31.8901      3.124    7.27666     4.6876     4.6858    25.2440   13.02524 6.2170e+01      3.153 0.0000e+00
        248 101.757034    0.01715     1.0292     61.750  1025.2598  51368.747    31.8901      3.371    7.27649     4.6885     4.6868    25.2439   13.02495 5.9253e+01      3.403 0.0000e+00
        249 101.757037    0.01722     1.0333     62.000  1025.2604  51367.863    31.8897      3.620    7.27632     4.6889     4.6879    25.2434   13.02468 5.6422e+01      3.655 0.0000e+00
        250 101.757040    0.01729     1.0375     62.250  1025.2608  51366.523    31.8888      3.872    7.27621     4.6889     4.6888    25.2427   13.02450 5.3718e+01      3.909 0.0000e+00
        251 101.757043    0.01736     1.0417     62.500  1025.2612  51365.046    31.8878      4.127    7.27617     4.6882     4.6893    25.2418   13.02446 5.1201e+01      4.166 0.0000e+00
        252 101.757046    0.01743     1.0458     62.750  1025.2616  51363.712    31.8867      4.384    7.27623     4.6869     4.6892    25.2409   13.02457 4.8925e+01      4.426 0.0000e+00
        253 101.757049    0.01750     1.0500     63.000  1025.2620  51362.631    31.8857      4.644    7.27639     4.6850     4.6886    25.2402   13.02485 4.6916e+01      4.688 0.0000e+00
        254 101.757052    0.01757     1.0542     63.250  1025.2626  51361.828    31.8847      4.906    7.27666     4.6823     4.6873    25.2396   13.02531 4.5124e+01      4.952 0.0000e+00
        255 101.757054    0.01764     1.0583     63.500  1025.2634  51361.452    31.8839      5.167    7.27705     4.6789     4.6853    25.2391   13.02595 4.3441e+01      5.216 0.0000e+00
