CTD-processing/allCTD/CNV--homogene/2014_10-13_t3_s13_cast086.cnv
* Sea-Bird SBE19plus Data File:
* FileName = C:\Users\kris.holderied\Documents\kasitsna\Research-Projects-and-Data\Oceanography-AK\CTD-Data-ALL-to-2014-10\2014-CTD-KachemakBay-CookInlet\2014-10-EVOSTC-CookInlet\2014-10-13-CookInlet-Tran3-AnchorPt\2014-10-13-CookInlet-Tran3-cast086.hex
* Software Version 1.59
* Temperature SN =  4141
* Conductivity SN =  4141
* System UpLoad Time = Oct 13 2014 18:12:15
** Cook Inlet LTM Tran3 (Anchor Pt)  southeast to northwest
** Date: 10-13
** Station: 3-13
** Start time: 13:47
** Depth (m): 30.9
** Comment:  CTD time is Alaska Daylight time.  R/V Pandalus. Transducer  depth.
** Comment:
# nquan = 17
# nvalues = 455                         
# units = specified
# name 0 = scan: Scan Count
# name 1 = timeJ: Julian Days
# name 2 = timeH: Time, Elapsed [hours]
# name 3 = timeM: Time, Elapsed [minutes]
# name 4 = timeS: Time, Elapsed [seconds]
# name 5 = density00: Density [density, kg/m^3]
# name 6 = specc: Specific Conductance [uS/cm]
# name 7 = sal00: Salinity, Practical [PSU]
# name 8 = depSM: Depth [salt water, m], lat = 59.00
# name 9 = oxsolML/L: Oxygen Saturation, Garcia & Gordon [ml/l]
# name 10 = potemp090C: Potential Temperature [ITS-90, deg C]
# name 11 = tv290C: Temperature [ITS-90, deg C]
# name 12 = sigma-é00: Density [sigma-theta, kg/m^3]
# name 13 = n2satML/L: Nitrogen Saturation [ml/l]
# name 14 = par: PAR/Irradiance, Biospherical/Licor
# name 15 = prdM: Pressure, Strain Gauge [db]
# name 16 = flag:  0.000e+00
# span 0 =          1,        455       
# span 1 = 286.574560, 286.575874       
# span 2 =    0.00000,    0.03153       
# span 3 =     0.0000,     1.8917       
# span 4 =      0.000,    113.500       
# span 5 =  1000.0653,  1023.4276       
# span 6 =    736.495,  47788.035       
# span 7 =     0.3580,    30.2601       
# span 8 =     -0.166,     30.437       
# span 9 =    6.53978,    8.07041       
# span 10 =     8.9850,     9.8009      
# span 11 =     8.9850,     9.8010      
# span 12 =     0.0660,    23.2879      
# span 13 =   11.82730,   14.79231      
# span 14 = 3.6382e-02, 6.2342e+01      
# span 15 =     -0.167,     30.726      
# span 16 = 0.0000e+00, 0.0000e+00      
# interval = seconds: 0.25
# start_time = Oct 13 2014 13:47:22 [Instrument's time stamp, header]
# bad_flag = -9.990e-29
*END*
[from data line 341]
        342 286.575547    0.02368     1.4208     85.250  1023.3257  47759.433    30.2486     10.308    6.54030     9.7869     9.7890    23.2784   11.82792 4.2701e-02     10.406 0.0000e+00
        343 286.575550    0.02375     1.4250     85.500  1023.3276  47761.195    30.2497     10.524    6.54032     9.7866     9.7885    23.2793   11.82795 4.0174e-02     10.624 0.0000e+00
        344 286.575553    0.02382     1.4292     85.750  1023.3293  47762.552    30.2505     10.740    6.54035     9.7863     9.7881    23.2800   11.82798 3.8657e-02     10.841 0.0000e+00
        345 286.575556    0.02389     1.4333     86.000  1023.3309  47763.734    30.2512     10.951    6.54036     9.7861     9.7878    23.2806   11.82800 3.7747e-02     11.055 0.0000e+00
        346 286.575558    0.02396     1.4375     86.250  1023.3323  47764.769    30.2518     11.154    6.54037     9.7859     9.7875    23.2811   11.82801 3.7201e-02     11.260 0.0000e+00
        347 286.575561    0.02403     1.4417     86.500  1023.3335  47765.478    30.2522     11.345    6.54039     9.7858     9.7873    23.2815   11.82803 3.6874e-02     11.453 0.0000e+00
        348 286.575564    0.02410     1.4458     86.750  1023.3344  47765.688    30.2522     11.523    6.54041     9.7858     9.7871    23.2816   11.82806 3.6677e-02     11.632 0.0000e+00
        349 286.575567    0.02417     1.4500     87.000  1023.3350  47765.504    30.2520     11.687    6.54043     9.7859     9.7870    23.2814   11.82810 3.6559e-02     11.797 0.0000e+00
        350 286.575570    0.02424     1.4542     87.250  1023.3355  47765.202    30.2518     11.840    6.54043     9.7859     9.7871    23.2812   11.82811 3.6488e-02     11.952 0.0000e+00
        351 286.575573    0.02431     1.4583     87.500  1023.3360  47764.960    30.2516     11.986    6.54043     9.7859     9.7871    23.2810   11.82811 3.6446e-02     12.100 0.0000e+00
        352 286.575576    0.02438     1.4625     87.750  1023.3366  47764.941    30.2515     12.131    6.54043     9.7859     9.7872    23.2810   11.82810 3.6420e-02     12.245 0.0000e+00
        353 286.575579    0.02444     1.4667     88.000  1023.3375  47765.294    30.2517     12.277    6.54041     9.7857     9.7873    23.2811   11.82808 3.6405e-02     12.393 0.0000e+00
        354 286.575582    0.02451     1.4708     88.250  1023.3385  47765.949    30.2521     12.431    6.54040     9.7855     9.7872    23.2815   11.82806 3.6396e-02     12.548 0.0000e+00
        355 286.575584    0.02458     1.4750     88.500  1023.3396  47766.691    30.2525     12.594    6.54040     9.7854     9.7871    23.2818   11.82805 3.6390e-02     12.713 0.0000e+00
        356 286.575587    0.02465     1.4792     88.750  1023.3407  47767.418    30.2529     12.769    6.54041     9.7852     9.7869    23.2822   11.82806 3.6387e-02     12.890 0.0000e+00
        357 286.575590    0.02472     1.4833     89.000  1023.3419  47768.091    30.2533     12.956    6.54042     9.7851     9.7868    23.2825   11.82806 3.6385e-02     13.079 0.0000e+00
        358 286.575593    0.02479     1.4875     89.250  1023.3431  47768.662    30.2536     13.152    6.54042     9.7850     9.7866    23.2827   11.82807 3.6384e-02     13.277 0.0000e+00
        359 286.575596    0.02486     1.4917     89.500  1023.3442  47769.109    30.2538     13.355    6.54043     9.7850     9.7865    23.2829   11.82808 3.6383e-02     13.482 0.0000e+00
        360 286.575599    0.02493     1.4958     89.750  1023.3452  47769.446    30.2539     13.562    6.54043     9.7849     9.7865    23.2830   11.82809 3.6383e-02     13.690 0.0000e+00
        361 286.575602    0.02500     1.5000     90.000  1023.3463  47769.688    30.2540     13.768    6.54043     9.7849     9.7864    23.2831   11.82808 3.6382e-02     13.898 0.0000e+00
        362 286.575605    0.02507     1.5042     90.250  1023.3473  47769.898    30.2541     13.971    6.54043     9.7849     9.7864    23.2832   11.82808 3.6382e-02     14.103 0.0000e+00
        363 286.575608    0.02514     1.5083     90.500  1023.3483  47770.200    30.2542     14.169    6.54042     9.7849     9.7864    23.2833   11.82807 3.6382e-02     14.303 0.0000e+00
        364 286.575611    0.02521     1.5125     90.750  1023.3493  47770.596    30.2544     14.361    6.54041     9.7848     9.7864    23.2834   11.82805 3.6382e-02     14.497 0.0000e+00
        365 286.575613    0.02528     1.5167     91.000  1023.3503  47771.009    30.2546     14.549    6.54040     9.7848     9.7864    23.2836   11.82803 3.6382e-02     14.687 0.0000e+00
        366 286.575616    0.02535     1.5208     91.250  1023.3513  47771.371    30.2548     14.736    6.54040     9.7848     9.7864    23.2837   11.82802 3.6382e-02     14.876 0.0000e+00
        367 286.575619    0.02542     1.5250     91.500  1023.3523  47771.579    30.2549     14.925    6.54040     9.7847     9.7864    23.2838   11.82802 3.6382e-02     15.067 0.0000e+00
        368 286.575622    0.02549     1.5292     91.750  1023.3531  47771.673    30.2549     15.119    6.54040     9.7847     9.7864    23.2838   11.82803 3.6382e-02     15.262 0.0000e+00
        369 286.575625    0.02556     1.5333     92.000  1023.3540  47771.788    30.2549     15.317    6.54040     9.7847     9.7864    23.2838   11.82803 3.6382e-02     15.462 0.0000e+00
        370 286.575628    0.02562     1.5375     92.250  1023.3549  47771.880    30.2549     15.518    6.54040     9.7848     9.7864    23.2838   11.82802 3.6382e-02     15.665 0.0000e+00
        371 286.575631    0.02569     1.5417     92.500  1023.3558  47771.891    30.2548     15.719    6.54040     9.7848     9.7864    23.2837   11.82802 3.6382e-02     15.867 0.0000e+00
        372 286.575634    0.02576     1.5458     92.750  1023.3566  47771.846    30.2547     15.916    6.54040     9.7848     9.7865    23.2836   11.82802 3.6382e-02     16.066 0.0000e+00
        373 286.575637    0.02583     1.5500     93.000  1023.3574  47771.776    30.2545     16.106    6.54040     9.7848     9.7865    23.2835   11.82802 3.6382e-02     16.258 0.0000e+00
        374 286.575639    0.02590     1.5542     93.250  1023.3581  47771.718    30.2544     16.287    6.54040     9.7848     9.7866    23.2834   11.82802 3.6382e-02     16.441 0.0000e+00
        375 286.575642    0.02597     1.5583     93.500  1023.3588  47771.649    30.2543     16.459    6.54039     9.7849     9.7866    23.2833   11.82802 3.6382e-02     16.615 0.0000e+00
        376 286.575645    0.02604     1.5625     93.750  1023.3595  47771.571    30.2542     16.624    6.54039     9.7849     9.7866    23.2832   11.82801 3.6382e-02     16.781 0.0000e+00
        377 286.575648    0.02611     1.5667     94.000  1023.3601  47771.517    30.2541     16.784    6.54039     9.7849     9.7867    23.2832   11.82801 3.6382e-02     16.943 0.0000e+00
        378 286.575651    0.02618     1.5708     94.250  1023.3608  47771.485    30.2540     16.942    6.54039     9.7849     9.7867    23.2831   11.82802 3.6382e-02     17.103 0.0000e+00
        379 286.575654    0.02625     1.5750     94.500  1023.3615  47771.519    30.2540     17.102    6.54039     9.7849     9.7867    23.2831   11.82802 3.6382e-02     17.264 0.0000e+00
        380 286.575657    0.02632     1.5792     94.750  1023.3623  47771.695    30.2540     17.266    6.54039     9.7848     9.7867    23.2831   11.82801 3.6382e-02     17.430 0.0000e+00
        381 286.575660    0.02639     1.5833     95.000  1023.3632  47771.971    30.2541     17.436    6.54038     9.7848     9.7867    23.2832   11.82800 3.6382e-02     17.601 0.0000e+00
        382 286.575663    0.02646     1.5875     95.250  1023.3641  47772.274    30.2543     17.611    6.54037     9.7848     9.7867    23.2833   11.82799 3.6382e-02     17.777 0.0000e+00
        383 286.575666    0.02653     1.5917     95.500  1023.3651  47772.565    30.2544     17.791    6.54037     9.7848     9.7867    23.2834   11.82798 3.6382e-02     17.959 0.0000e+00
        384 286.575668    0.02660     1.5958     95.750  1023.3660  47772.807    30.2545     17.974    6.54037     9.7847     9.7867    23.2835   11.82798 3.6382e-02     18.144 0.0000e+00
        385 286.575671    0.02667     1.6000     96.000  1023.3669  47773.074    30.2546     18.158    6.54037     9.7847     9.7867    23.2836   11.82797 3.6382e-02     18.330 0.0000e+00
        386 286.575674    0.02674     1.6042     96.250  1023.3679  47773.419    30.2548     18.343    6.54036     9.7847     9.7867    23.2837   11.82795 3.6382e-02     18.516 0.0000e+00
        387 286.575677    0.02681     1.6083     96.500  1023.3689  47773.800    30.2550     18.526    6.54035     9.7847     9.7867    23.2839   11.82794 3.6382e-02     18.701 0.0000e+00
        388 286.575680    0.02688     1.6125     96.750  1023.3699  47774.208    30.2552     18.707    6.54034     9.7847     9.7867    23.2841   11.82792 3.6382e-02     18.885 0.0000e+00
        389 286.575683    0.02694     1.6167     97.000  1023.3709  47774.627    30.2554     18.887    6.54033     9.7846     9.7867    23.2842   11.82791 3.6382e-02     19.066 0.0000e+00
        390 286.575686    0.02701     1.6208     97.250  1023.3718  47774.941    30.2556     19.067    6.54033     9.7846     9.7867    23.2843   11.82790 3.6382e-02     19.248 0.0000e+00
        391 286.575689    0.02708     1.6250     97.500  1023.3727  47775.048    30.2556     19.248    6.54033     9.7846     9.7867    23.2843   11.82790 3.6382e-02     19.430 0.0000e+00
        392 286.575692    0.02715     1.6292     97.750  1023.3734  47775.033    30.2555     19.432    6.54034     9.7846     9.7867    23.2843   11.82791 3.6382e-02     19.616 0.0000e+00
        393 286.575694    0.02722     1.6333     98.000  1023.3743  47775.096    30.2555     19.619    6.54034     9.7846     9.7867    23.2842   11.82790 3.6382e-02     19.805 0.0000e+00
        394 286.575697    0.02729     1.6375     98.250  1023.3752  47775.361    30.2556     19.811    6.54033     9.7846     9.7867    23.2843   11.82788 3.6382e-02     19.999 0.0000e+00
        395 286.575700    0.02736     1.6417     98.500  1023.3763  47775.807    30.2558     20.008    6.54031     9.7846     9.7868    23.2845   11.82786 3.6382e-02     20.197 0.0000e+00
        396 286.575703    0.02743     1.6458     98.750  1023.3775  47776.398    30.2561     20.209    6.54030     9.7846     9.7868    23.2848   11.82783 3.6382e-02     20.401 0.0000e+00
        397 286.575706    0.02750     1.6500     99.000  1023.3787  47777.108    30.2565     20.415    6.54028     9.7846     9.7868    23.2851   11.82780 3.6382e-02     20.608 0.0000e+00
        398 286.575709    0.02757     1.6542     99.250  1023.3800  47777.856    30.2570     20.624    6.54026     9.7846     9.7868    23.2855   11.82776 3.6382e-02     20.820 0.0000e+00
        399 286.575712    0.02764     1.6583     99.500  1023.3814  47778.667    30.2575     20.835    6.54023     9.7846     9.7868    23.2858   11.82771 3.6382e-02     21.033 0.0000e+00
        400 286.575715    0.02771     1.6625     99.750  1023.3828  47779.515    30.2580     21.045    6.54021     9.7846     9.7868    23.2862   11.82766 3.6382e-02     21.245 0.0000e+00
        401 286.575718    0.02778     1.6667    100.000  1023.3840  47780.178    30.2583     21.249    6.54019     9.7847     9.7869    23.2865   11.82762 3.6382e-02     21.451 0.0000e+00
        402 286.575720    0.02785     1.6708    100.250  1023.3850  47780.543    30.2585     21.445    6.54017     9.7847     9.7869    23.2866   11.82760 3.6382e-02     21.648 0.0000e+00
        403 286.575723    0.02792     1.6750    100.500  1023.3859  47780.682    30.2585     21.628    6.54016     9.7848     9.7870    23.2867   11.82758 3.6382e-02     21.833 0.0000e+00
        404 286.575726    0.02799     1.6792    100.750  1023.3866  47780.657    30.2584     21.797    6.54015     9.7848     9.7871    23.2866   11.82756 3.6382e-02     22.004 0.0000e+00
        405 286.575729    0.02806     1.6833    101.000  1023.3872  47780.578    30.2583     21.952    6.54014     9.7849     9.7871    23.2865   11.82755 3.6382e-02     22.161 0.0000e+00
        406 286.575732    0.02813     1.6875    101.250  1023.3878  47780.600    30.2583     22.094    6.54014     9.7849     9.7872    23.2865   11.82754 3.6382e-02     22.304 0.0000e+00
        407 286.575735    0.02819     1.6917    101.500  1023.3885  47780.737    30.2583     22.226    6.54013     9.7849     9.7872    23.2865   11.82753 3.6382e-02     22.437 0.0000e+00
        408 286.575738    0.02826     1.6958    101.750  1023.3891  47780.932    30.2584     22.351    6.54012     9.7849     9.7873    23.2866   11.82752 3.6382e-02     22.564 0.0000e+00
        409 286.575741    0.02833     1.7000    102.000  1023.3897  47781.126    30.2585     22.475    6.54012     9.7849     9.7873    23.2866   11.82751 3.6382e-02     22.689 0.0000e+00
        410 286.575744    0.02840     1.7042    102.250  1023.3904  47781.326    30.2586     22.604    6.54011     9.7849     9.7873    23.2867   11.82750 3.6382e-02     22.819 0.0000e+00
        411 286.575747    0.02847     1.7083    102.500  1023.3911  47781.551    30.2587     22.743    6.54010     9.7848     9.7873    23.2868   11.82749 3.6382e-02     22.959 0.0000e+00
        412 286.575749    0.02854     1.7125    102.750  1023.3919  47781.777    30.2588     22.896    6.54010     9.7848     9.7873    23.2869   11.82748 3.6382e-02     23.114 0.0000e+00
        413 286.575752    0.02861     1.7167    103.000  1023.3927  47781.979    30.2589     23.067    6.54010     9.7848     9.7873    23.2869   11.82748 3.6382e-02     23.286 0.0000e+00
        414 286.575755    0.02868     1.7208    103.250  1023.3936  47782.078    30.2589     23.256    6.54011     9.7847     9.7873    23.2869   11.82748 3.6382e-02     23.477 0.0000e+00
        415 286.575758    0.02875     1.7250    103.500  1023.3944  47782.043    30.2588     23.461    6.54011     9.7847     9.7873    23.2869   11.82749 3.6382e-02     23.684 0.0000e+00
        416 286.575761    0.02882     1.7292    103.750  1023.3953  47781.896    30.2586     23.678    6.54012     9.7847     9.7873    23.2867   11.82751 3.6382e-02     23.903 0.0000e+00
        417 286.575764    0.02889     1.7333    104.000  1023.3961  47781.662    30.2583     23.900    6.54013     9.7847     9.7873    23.2865   11.82752 3.6382e-02     24.127 0.0000e+00
        418 286.575767    0.02896     1.7375    104.250  1023.3969  47781.368    30.2580     24.123    6.54014     9.7847     9.7873    23.2863   11.82754 3.6382e-02     24.352 0.0000e+00
        419 286.575770    0.02903     1.7417    104.500  1023.3977  47781.127    30.2578     24.342    6.54015     9.7847     9.7873    23.2861   11.82756 3.6382e-02     24.573 0.0000e+00
        420 286.575773    0.02910     1.7458    104.750  1023.3986  47781.096    30.2577     24.554    6.54015     9.7847     9.7873    23.2860   11.82757 3.6382e-02     24.788 0.0000e+00
        421 286.575775    0.02917     1.7500    105.000  1023.3995  47781.184    30.2577     24.759    6.54015     9.7847     9.7873    23.2859   11.82756 3.6382e-02     24.995 0.0000e+00
        422 286.575778    0.02924     1.7542    105.250  1023.4004  47781.222    30.2576     24.958    6.54015     9.7847     9.7874    23.2859   11.82756 3.6382e-02     25.195 0.0000e+00
        423 286.575781    0.02931     1.7583    105.500  1023.4013  47781.302    30.2576     25.151    6.54014     9.7847     9.7874    23.2859   11.82756 3.6382e-02     25.389 0.0000e+00
        424 286.575784    0.02937     1.7625    105.750  1023.4022  47781.559    30.2577     25.340    6.54013     9.7847     9.7874    23.2860   11.82754 3.6382e-02     25.580 0.0000e+00
        425 286.575787    0.02944     1.7667    106.000  1023.4032  47781.908    30.2578     25.527    6.54012     9.7847     9.7874    23.2861   11.82752 3.6382e-02     25.769 0.0000e+00
