CTD-processing/allCTD/CNV--homogene/2014_05-28_t9_s05_cast048.cnv
* Sea-Bird SBE19plus Data File:
* FileName = C:\Users\kris.holderied\Documents\kasitsna\Research-Projects-and-Data\Oceanography-AK\CTD-Data-ALL-to-2014-03\2014-CTD-KachemakBay-CookInlet\2014-05-28-CookInlet-HomerSpit-monthly\2014-05-28-CookInlet_T9_HomerSpit-cast048.hex
* Software Version 1.59
* Temperature SN =  5028
* Conductivity SN =  5028
* System UpLoad Time = Jul 21 2014 00:16:06
** Cook Inlet LTM Transect 9  (Homer Spit) South to North
** Date: 2014-05-28
** Station: 9-05
** Start time: 16:17
** Depth (m): 100.3
** Comment:  CTD time is Alaska Daylight time
** Comment:
# nquan = 17
# nvalues = 656                         
# units = specified
# name 0 = scan: Scan Count
# name 1 = timeJ: Julian Days
# name 2 = timeH: Time, Elapsed [hours]
# name 3 = timeM: Time, Elapsed [minutes]
# name 4 = timeS: Time, Elapsed [seconds]
# name 5 = density00: Density [density, kg/m^3]
# name 6 = specc: Specific Conductance [uS/cm]
# name 7 = sal00: Salinity, Practical [PSU]
# name 8 = depSM: Depth [salt water, m], lat = 59.00
# name 9 = oxsolML/L: Oxygen Saturation, Garcia & Gordon [ml/l]
# name 10 = potemp090C: Potential Temperature [ITS-90, deg C]
# name 11 = tv290C: Temperature [ITS-90, deg C]
# name 12 = sigma-é00: Density [sigma-theta, kg/m^3]
# name 13 = n2satML/L: Nitrogen Saturation [ml/l]
# name 14 = par: PAR/Irradiance, Biospherical/Licor
# name 15 = prdM: Pressure, Strain Gauge [db]
# name 16 = flag:  0.000e+00
# span 0 =          1,        656       
# span 1 = 148.679155, 148.681050       
# span 2 =    0.00000,    0.04549       
# span 3 =     0.0000,     2.7292       
# span 4 =      0.000,    163.750       
# span 5 =  1000.5393,  1025.5911       
# span 6 =   1767.283,  51153.834       
# span 7 =     0.9086,    31.8601       
# span 8 =      0.019,     98.696       
# span 9 =    6.61068,    8.15023       
# span 10 =     5.4248,     9.1952      
# span 11 =     5.4323,     9.1952      
# span 12 =     0.5392,    25.1387      
# span 13 =   11.93996,   14.91887      
# span 14 = 4.4579e-02, 3.7309e+02      
# span 15 =      0.020,     99.652      
# span 16 = 0.0000e+00, 0.0000e+00      
# interval = seconds: 0.25
# start_time = May 28 2014 16:17:59 [Instrument's time stamp, header]
# bad_flag = -9.990e-29
*END*
          1 148.679155    0.00000     0.0000      0.000  1000.5393   1767.283     0.9086      0.020    8.15023     8.4518     8.4471     0.5392   14.91887 1.8551e+02      0.020 0.0000e+00
          2 148.679158    0.00007     0.0042      0.250  1000.6696   2050.415     1.0751      0.019    8.14163     8.4570     8.4488     0.6695   14.90203 1.9140e+02      0.020 0.0000e+00
          3 148.679161    0.00014     0.0083      0.500  1000.8648   2468.509     1.3249      0.020    8.12871     8.4662     8.4518     0.8647   14.87679 2.0005e+02      0.021 0.0000e+00
          4 148.679164    0.00021     0.0125      0.750  1001.1673   3108.997     1.7122      0.023    8.10864     8.4819     8.4570     1.1671   14.83764 2.1190e+02      0.023 0.0000e+00
          5 148.679167    0.00028     0.0167      1.000  1001.6517   4128.157     2.3328      0.027    8.07645     8.5085     8.4662     1.6515   14.77487 2.2782e+02      0.028 0.0000e+00
          6 148.679170    0.00035     0.0208      1.250  1002.4398   5779.937     3.3428      0.035    8.02397     8.5534     8.4819     2.4396   14.67263 2.4714e+02      0.036 0.0000e+00
          7 148.679172    0.00042     0.0250      1.500  1003.7343   8486.305     5.0019      0.048    7.93771     8.6278     8.5085     3.7340   14.50458 2.6782e+02      0.049 0.0000e+00
          8 148.679175    0.00049     0.0292      1.750  1005.8691  12941.749     7.7384      0.070    7.79535     8.7362     8.5534     5.8687   14.22735 2.8968e+02      0.071 0.0000e+00
          9 148.679178    0.00056     0.0333      2.000  1008.8885  19190.513    11.6117      0.103    7.59328     8.8604     8.6278     8.8879   13.83456 3.1172e+02      0.104 0.0000e+00
         10 148.679181    0.00063     0.0375      2.250  1012.3656  26248.620    16.0785      0.142    7.36023     8.9732     8.7362    12.3649   13.38321 3.3058e+02      0.144 0.0000e+00
         11 148.679184    0.00069     0.0417      2.500  1015.7409  32964.179    20.4202      0.176    7.13474     9.0590     8.8604    15.7400   12.94796 3.4463e+02      0.178 0.0000e+00
         12 148.679187    0.00076     0.0458      2.750  1018.4647  38315.793    23.9270      0.199    6.95313     9.1164     8.9732    18.4637   12.59830 3.5435e+02      0.201 0.0000e+00
         13 148.679190    0.00083     0.0500      3.000  1020.3568  42003.860    26.3646      0.211    6.82699     9.1511     9.0590    20.3557   12.35588 3.6088e+02      0.213 0.0000e+00
         14 148.679193    0.00090     0.0542      3.250  1021.5790  44377.137    27.9396      0.218    6.74558     9.1705     9.1164    21.5780   12.19956 3.6550e+02      0.220 0.0000e+00
         15 148.679196    0.00097     0.0583      3.500  1022.3506  45870.867    28.9335      0.222    6.69460     9.1804     9.1511    22.3495   12.10164 3.6892e+02      0.224 0.0000e+00
         16 148.679198    0.00104     0.0625      3.750  1022.8550  46842.948    29.5828      0.226    6.66196     9.1846     9.1705    22.8539   12.03884 3.7138e+02      0.228 0.0000e+00
         17 148.679201    0.00111     0.0667      4.000  1023.1730  47453.948    29.9916      0.230    6.64182     9.1857     9.1804    23.1719   12.00000 3.7275e+02      0.232 0.0000e+00
         18 148.679204    0.00118     0.0708      4.250  1023.3633  47819.611    30.2359      0.234    6.63002     9.1855     9.1846    23.3622   11.97719 3.7309e+02      0.236 0.0000e+00
         19 148.679207    0.00125     0.0750      4.500  1023.4779  48039.501    30.3827      0.239    6.62314     9.1852     9.1857    23.4768   11.96383 3.7270e+02      0.242 0.0000e+00
         20 148.679210    0.00132     0.0792      4.750  1023.5488  48175.298    30.4734      0.246    6.61903     9.1857     9.1855    23.5477   11.95582 3.7192e+02      0.248 0.0000e+00
         21 148.679213    0.00139     0.0833      5.000  1023.5943  48262.173    30.5315      0.255    6.61643     9.1875     9.1853    23.5932   11.95073 3.7103e+02      0.257 0.0000e+00
         22 148.679216    0.00146     0.0875      5.250  1023.6248  48319.953    30.5704      0.267    6.61460     9.1904     9.1858    23.6235   11.94718 3.7016e+02      0.269 0.0000e+00
         23 148.679219    0.00153     0.0917      5.500  1023.6452  48358.599    30.5968      0.283    6.61316     9.1935     9.1875    23.6438   11.94445 3.6914e+02      0.285 0.0000e+00
         24 148.679222    0.00160     0.0958      5.750  1023.6578  48382.604    30.6134      0.304    6.61198     9.1952     9.1904    23.6564   11.94229 3.6781e+02      0.306 0.0000e+00
         25 148.679225    0.00167     0.1000      6.000  1023.6646  48395.662    30.6226      0.330    6.61111     9.1941     9.1935    23.6631   11.94073 3.6611e+02      0.333 0.0000e+00
         26 148.679227    0.00174     0.1042      6.250  1023.6677  48401.569    30.6268      0.359    6.61068     9.1902     9.1952    23.6661   11.93996 3.6401e+02      0.362 0.0000e+00
         27 148.679230    0.00181     0.1083      6.500  1023.6690  48403.662    30.6280      0.389    6.61078     9.1843     9.1941    23.6672   11.94011 3.6134e+02      0.392 0.0000e+00
         28 148.679233    0.00187     0.1125      6.750  1023.6696  48404.355    30.6278      0.415    6.61135     9.1774     9.1902    23.6677   11.94106 3.5761e+02      0.419 0.0000e+00
         29 148.679236    0.00194     0.1167      7.000  1023.6706  48405.568    30.6278      0.438    6.61221     9.1699     9.1843    23.6686   11.94248 3.5186e+02      0.442 0.0000e+00
         30 148.679239    0.00201     0.1208      7.250  1023.6725  48408.373    30.6288      0.459    6.61319     9.1616     9.1774    23.6704   11.94409 3.4248e+02      0.463 0.0000e+00
         31 148.679242    0.00208     0.1250      7.500  1023.6751  48412.241    30.6305      0.481    6.61422     9.1523     9.1699    23.6729   11.94578 3.2696e+02      0.485 0.0000e+00
         32 148.679245    0.00215     0.1292      7.750  1023.6777  48416.135    30.6321      0.508    6.61537     9.1423     9.1617    23.6754   11.94766 3.0137e+02      0.513 0.0000e+00
         33 148.679248    0.00222     0.1333      8.000  1023.6801  48419.389    30.6331      0.542    6.61670     9.1327     9.1523    23.6776   11.94985 2.7083e+02      0.547 0.0000e+00
         34 148.679251    0.00229     0.1375      8.250  1023.6817  48421.287    30.6331      0.580    6.61817     9.1243     9.1423    23.6791   11.95228 2.4936e+02      0.586 0.0000e+00
         35 148.679253    0.00236     0.1417      8.500  1023.6823  48421.259    30.6318      0.618    6.61964     9.1172     9.1327    23.6795   11.95473 2.3944e+02      0.624 0.0000e+00
         36 148.679256    0.00243     0.1458      8.750  1023.6826  48420.816    30.6303      0.651    6.62094     9.1110     9.1243    23.6797   11.95690 2.3454e+02      0.657 0.0000e+00
         37 148.679259    0.00250     0.1500      9.000  1023.6840  48422.447    30.6305      0.676    6.62197     9.1052     9.1173    23.6809   11.95861 2.3129e+02      0.683 0.0000e+00
         38 148.679262    0.00257     0.1542      9.250  1023.6865  48426.380    30.6324      0.694    6.62281     9.0999     9.1111    23.6833   11.95997 2.2897e+02      0.701 0.0000e+00
         39 148.679265    0.00264     0.1583      9.500  1023.6893  48430.841    30.6347      0.704    6.62356     9.0954     9.1052    23.6860   11.96120 2.2756e+02      0.711 0.0000e+00
         40 148.679268    0.00271     0.1625      9.750  1023.6913  48434.097    30.6363      0.708    6.62428     9.0915     9.0999    23.6881   11.96237 2.2651e+02      0.715 0.0000e+00
         41 148.679271    0.00278     0.1667     10.000  1023.6927  48436.353    30.6372      0.709    6.62490     9.0878     9.0955    23.6895   11.96338 2.2517e+02      0.716 0.0000e+00
         42 148.679274    0.00285     0.1708     10.250  1023.6944  48438.995    30.6386      0.711    6.62542     9.0837     9.0916    23.6911   11.96422 2.2357e+02      0.718 0.0000e+00
         43 148.679277    0.00292     0.1750     10.500  1023.6963  48442.123    30.6402      0.715    6.62590     9.0789     9.0879    23.6930   11.96499 2.2236e+02      0.722 0.0000e+00
         44 148.679280    0.00299     0.1792     10.750  1023.6980  48444.875    30.6416      0.721    6.62644     9.0738     9.0837    23.6947   11.96588 2.2156e+02      0.728 0.0000e+00
         45 148.679282    0.00306     0.1833     11.000  1023.6996  48447.329    30.6427      0.726    6.62710     9.0690     9.0790    23.6963   11.96696 2.2063e+02      0.733 0.0000e+00
         46 148.679285    0.00313     0.1875     11.250  1023.7016  48450.567    30.6443      0.729    6.62778     9.0649     9.0739    23.6983   11.96807 2.1988e+02      0.736 0.0000e+00
         47 148.679288    0.00319     0.1917     11.500  1023.7043  48454.990    30.6467      0.729    6.62838     9.0612     9.0691    23.7009   11.96903 2.2019e+02      0.735 0.0000e+00
         48 148.679291    0.00326     0.1958     11.750  1023.7075  48460.609    30.6501      0.725    6.62885     9.0574     9.0650    23.7042   11.96976 2.2117e+02      0.732 0.0000e+00
         49 148.679294    0.00333     0.2000     12.000  1023.7115  48467.616    30.6545      0.720    6.62921     9.0529     9.0613    23.7082   11.97031 2.2168e+02      0.727 0.0000e+00
         50 148.679297    0.00340     0.2042     12.250  1023.7158  48475.269    30.6593      0.716    6.62957     9.0478     9.0575    23.7126   11.97084 2.2171e+02      0.722 0.0000e+00
         51 148.679300    0.00347     0.2083     12.500  1023.7200  48482.643    30.6639      0.713    6.63002     9.0423     9.0530    23.7168   11.97154 2.2169e+02      0.719 0.0000e+00
         52 148.679303    0.00354     0.2125     12.750  1023.7240  48489.434    30.6679      0.713    6.63061     9.0371     9.0479    23.7208   11.97246 2.2126e+02      0.719 0.0000e+00
         53 148.679306    0.00361     0.2167     13.000  1023.7274  48495.154    30.6712      0.716    6.63127     9.0323     9.0424    23.7241   11.97352 2.2030e+02      0.723 0.0000e+00
         54 148.679308    0.00368     0.2208     13.250  1023.7299  48499.232    30.6733      0.723    6.63196     9.0278     9.0372    23.7266   11.97464 2.1975e+02      0.729 0.0000e+00
         55 148.679311    0.00375     0.2250     13.500  1023.7318  48502.203    30.6748      0.730    6.63262     9.0235     9.0324    23.7284   11.97570 2.2014e+02      0.737 0.0000e+00
         56 148.679314    0.00382     0.2292     13.750  1023.7340  48505.935    30.6768      0.736    6.63319     9.0190     9.0279    23.7307   11.97662 2.2056e+02      0.743 0.0000e+00
         57 148.679317    0.00389     0.2333     14.000  1023.7374  48511.682    30.6802      0.739    6.63367     9.0139     9.0236    23.7340   11.97738 2.2042e+02      0.746 0.0000e+00
         58 148.679320    0.00396     0.2375     14.250  1023.7416  48518.893    30.6846      0.739    6.63415     9.0078     9.0191    23.7381   11.97812 2.2045e+02      0.746 0.0000e+00
         59 148.679323    0.00403     0.2417     14.500  1023.7460  48526.613    30.6894      0.736    6.63471     9.0009     9.0140    23.7426   11.97899 2.2124e+02      0.743 0.0000e+00
         60 148.679326    0.00410     0.2458     14.750  1023.7506  48534.576    30.6941      0.731    6.63540     8.9937     9.0079    23.7472   11.98007 2.2232e+02      0.738 0.0000e+00
         61 148.679329    0.00417     0.2500     15.000  1023.7553  48542.688    30.6988      0.726    6.63622     8.9867     9.0010    23.7520   11.98137 2.2292e+02      0.733 0.0000e+00
         62 148.679332    0.00424     0.2542     15.250  1023.7599  48550.441    30.7033      0.722    6.63710     8.9803     8.9938    23.7565   11.98278 2.2265e+02      0.729 0.0000e+00
         63 148.679334    0.00431     0.2583     15.500  1023.7639  48557.175    30.7070      0.721    6.63798     8.9750     8.9867    23.7605   11.98419 2.2173e+02      0.728 0.0000e+00
         64 148.679337    0.00438     0.2625     15.750  1023.7670  48562.441    30.7098      0.725    6.63880     8.9708     8.9804    23.7637   11.98551 2.2058e+02      0.732 0.0000e+00
         65 148.679340    0.00444     0.2667     16.000  1023.7692  48565.954    30.7116      0.731    6.63951     8.9674     8.9751    23.7658   11.98667 2.1945e+02      0.738 0.0000e+00
         66 148.679343    0.00451     0.2708     16.250  1023.7704  48567.727    30.7122      0.738    6.64011     8.9646     8.9709    23.7670   11.98765 2.1864e+02      0.745 0.0000e+00
         67 148.679346    0.00458     0.2750     16.500  1023.7709  48568.413    30.7122      0.743    6.64060     8.9621     8.9675    23.7675   11.98847 2.1868e+02      0.750 0.0000e+00
         68 148.679349    0.00465     0.2792     16.750  1023.7714  48569.139    30.7124      0.741    6.64101     8.9600     8.9647    23.7680   11.98915 2.1997e+02      0.748 0.0000e+00
         69 148.679352    0.00472     0.2833     17.000  1023.7723  48570.645    30.7131      0.733    6.64134     8.9580     8.9622    23.7690   11.98969 2.2218e+02      0.740 0.0000e+00
         70 148.679355    0.00479     0.2875     17.250  1023.7737  48573.055    30.7145      0.722    6.64160     8.9559     8.9601    23.7704   11.99010 2.2413e+02      0.729 0.0000e+00
         71 148.679358    0.00486     0.2917     17.500  1023.7754  48575.982    30.7163      0.713    6.64182     8.9538     8.9581    23.7720   11.99044 2.2472e+02      0.720 0.0000e+00
         72 148.679361    0.00493     0.2958     17.750  1023.7768  48578.415    30.7177      0.710    6.64207     8.9521     8.9560    23.7735   11.99084 2.2380e+02      0.717 0.0000e+00
         73 148.679363    0.00500     0.3000     18.000  1023.7774  48579.405    30.7181      0.714    6.64237     8.9509     8.9539    23.7741   11.99133 2.2220e+02      0.721 0.0000e+00
         74 148.679366    0.00507     0.3042     18.250  1023.7773  48578.993    30.7175      0.723    6.64265     8.9505     8.9522    23.7740   11.99180 2.2096e+02      0.730 0.0000e+00
         75 148.679369    0.00514     0.3083     18.500  1023.7768  48577.908    30.7166      0.731    6.64286     8.9508     8.9510    23.7734   11.99216 2.2053e+02      0.738 0.0000e+00
         76 148.679372    0.00521     0.3125     18.750  1023.7761  48576.547    30.7156      0.734    6.64297     8.9514     8.9506    23.7727   11.99234 2.2087e+02      0.741 0.0000e+00
         77 148.679375    0.00528     0.3167     19.000  1023.7752  48575.045    30.7146      0.728    6.64297     8.9518     8.9509    23.7719   11.99237 2.2154e+02      0.735 0.0000e+00
         78 148.679378    0.00535     0.3208     19.250  1023.7744  48573.719    30.7137      0.717    6.64292     8.9518     8.9515    23.7711   11.99229 2.2218e+02      0.724 0.0000e+00
         79 148.679381    0.00542     0.3250     19.500  1023.7738  48572.751    30.7131      0.705    6.64288     8.9513     8.9519    23.7706   11.99224 2.2269e+02      0.711 0.0000e+00
         80 148.679384    0.00549     0.3292     19.750  1023.7733  48571.859    30.7125      0.696    6.64291     8.9505     8.9519    23.7701   11.99230 2.2274e+02      0.702 0.0000e+00
         81 148.679387    0.00556     0.3333     20.000  1023.7727  48570.799    30.7117      0.691    6.64303     8.9498     8.9514    23.7695   11.99249 2.2220e+02      0.697 0.0000e+00
         82 148.679389    0.00562     0.3375     20.250  1023.7722  48569.798    30.7109      0.692    6.64318     8.9493     8.9506    23.7690   11.99276 2.2146e+02      0.698 0.0000e+00
         83 148.679392    0.00569     0.3417     20.500  1023.7718  48569.046    30.7103      0.695    6.64331     8.9490     8.9499    23.7686   11.99298 2.2096e+02      0.701 0.0000e+00
         84 148.679395    0.00576     0.3458     20.750  1023.7716  48568.488    30.7098      0.700    6.64340     8.9487     8.9494    23.7683   11.99312 2.2060e+02      0.707 0.0000e+00
         85 148.679398    0.00583     0.3500     21.000  1023.7715  48568.283    30.7096      0.706    6.64345     8.9484     8.9491    23.7682   11.99322 2.2015e+02      0.713 0.0000e+00
