CTD-processing/allCTD/CNV--homogene/2014_10-17_t7_s21_cast101.cnv
* Sea-Bird SBE19plus Data File:
* FileName = C:\Users\kris.holderied\Documents\kasitsna\Research-Projects-and-Data\Oceanography-AK\CTD-Data-ALL-to-2014-10\2014-CTD-KachemakBay-CookInlet\2014-10-EVOSTC-CookInlet\2014-10-17-CookInlet-Tran7-Augustine\2014-10-17-CookInlet-Tran7-cast101.hex
* Software Version 1.59
* Temperature SN =  4141
* Conductivity SN =  4141
* System UpLoad Time = Oct 17 2014 19:27:31
** Cook Inlet LTM Tran7 (Augustine)  east to west PARTIAL
** Date: 2014-10-17
** Station: 7-21
** Start time: 17:49
** Depth (m): 71
** Comment:  CTD time is Alaska Daylight time.  R/V Pandalus. Transducer  depth.
** Comment:
# nquan = 17
# nvalues = 704                         
# units = specified
# name 0 = scan: Scan Count
# name 1 = timeJ: Julian Days
# name 2 = timeH: Time, Elapsed [hours]
# name 3 = timeM: Time, Elapsed [minutes]
# name 4 = timeS: Time, Elapsed [seconds]
# name 5 = density00: Density [density, kg/m^3]
# name 6 = specc: Specific Conductance [uS/cm]
# name 7 = sal00: Salinity, Practical [PSU]
# name 8 = depSM: Depth [salt water, m], lat = 59.00
# name 9 = oxsolML/L: Oxygen Saturation, Garcia & Gordon [ml/l]
# name 10 = potemp090C: Potential Temperature [ITS-90, deg C]
# name 11 = tv290C: Temperature [ITS-90, deg C]
# name 12 = sigma-é00: Density [sigma-theta, kg/m^3]
# name 13 = n2satML/L: Nitrogen Saturation [ml/l]
# name 14 = par: PAR/Irradiance, Biospherical/Licor
# name 15 = prdM: Pressure, Strain Gauge [db]
# name 16 = flag:  0.000e+00
# span 0 =          1,        704       
# span 1 = 290.698171, 290.700205       
# span 2 =    0.00000,    0.04882       
# span 3 =     0.0000,     2.9292       
# span 4 =      0.000,    175.750       
# span 5 =  1000.9027,  1024.2516       
# span 6 =   2708.796,  48977.628       
# span 7 =     1.3764,    31.0612       
# span 8 =     -0.280,     68.673       
# span 9 =    6.48041,    8.11051       
# span 10 =     8.4977,    10.1077      
# span 11 =     8.4977,    10.1096      
# span 12 =     0.9040,    23.9374      
# span 13 =   11.72280,   14.84448      
# span 14 = 3.6382e-02, 6.9629e+01      
# span 15 =     -0.283,     69.333      
# span 16 = 0.0000e+00, 0.0000e+00      
# interval = seconds: 0.25
# start_time = Oct 17 2014 16:45:22 [Instrument's time stamp, header]
# bad_flag = -9.990e-29
*END*
[from data line 256]
        257 290.698912    0.01778     1.0667     64.000  1022.8170  46923.817    29.6921      1.436    6.53296    10.0013    10.0023    22.8105   11.82248 2.0234e+01      1.450 0.0000e+00
        258 290.698915    0.01785     1.0708     64.250  1022.8124  46915.168    29.6860      1.461    6.53322     9.9997    10.0022    22.8057   11.82300 2.0613e+01      1.475 0.0000e+00
        259 290.698918    0.01792     1.0750     64.500  1022.8084  46907.737    29.6807      1.464    6.53355     9.9972    10.0015    22.8017   11.82360 2.1046e+01      1.478 0.0000e+00
        260 290.698921    0.01799     1.0792     64.750  1022.8064  46903.883    29.6778      1.448    6.53390     9.9941     9.9999    22.7997   11.82421 2.1539e+01      1.462 0.0000e+00
        261 290.698924    0.01806     1.0833     65.000  1022.8072  46905.285    29.6785      1.416    6.53423     9.9914     9.9973    22.8007   11.82476 2.2126e+01      1.430 0.0000e+00
        262 290.698927    0.01812     1.0875     65.250  1022.8111  46912.427    29.6832      1.377    6.53448     9.9904     9.9943    22.8048   11.82511 2.2646e+01      1.391 0.0000e+00
        263 290.698929    0.01819     1.0917     65.500  1022.8174  46923.836    29.6909      1.339    6.53454     9.9915     9.9916    22.8112   11.82512 2.2734e+01      1.352 0.0000e+00
        264 290.698932    0.01826     1.0958     65.750  1022.8243  46936.659    29.6998      1.309    6.53433     9.9947     9.9906    22.8183   11.82465 2.2169e+01      1.321 0.0000e+00
        265 290.698935    0.01833     1.1000     66.000  1022.8300  46947.396    29.7075      1.290    6.53384     9.9990     9.9917    22.8241   11.82375 2.1045e+01      1.302 0.0000e+00
        266 290.698938    0.01840     1.1042     66.250  1022.8329  46953.048    29.7118      1.284    6.53320    10.0031     9.9949    22.8270   11.82264 1.9613e+01      1.296 0.0000e+00
        267 290.698941    0.01847     1.1083     66.500  1022.8330  46953.849    29.7129      1.290    6.53254    10.0065     9.9991    22.8271   11.82155 1.8286e+01      1.302 0.0000e+00
        268 290.698944    0.01854     1.1125     66.750  1022.8320  46952.380    29.7123      1.304    6.53197    10.0090    10.0033    22.8260   11.82060 1.7520e+01      1.316 0.0000e+00
        269 290.698947    0.01861     1.1167     67.000  1022.8308  46950.450    29.7114      1.321    6.53153    10.0107    10.0066    22.8247   11.81988 1.7379e+01      1.334 0.0000e+00
        270 290.698950    0.01868     1.1208     67.250  1022.8297  46948.625    29.7104      1.334    6.53121    10.0117    10.0091    22.8235   11.81937 1.7625e+01      1.347 0.0000e+00
        271 290.698953    0.01875     1.1250     67.500  1022.8287  46946.904    29.7094      1.334    6.53101    10.0122    10.0108    22.8225   11.81905 1.8134e+01      1.347 0.0000e+00
        272 290.698955    0.01882     1.1292     67.750  1022.8277  46945.458    29.7085      1.317    6.53090    10.0123    10.0118    22.8217   11.81888 1.8854e+01      1.329 0.0000e+00
        273 290.698958    0.01889     1.1333     68.000  1022.8271  46944.582    29.7079      1.283    6.53085    10.0123    10.0123    22.8212   11.81880 1.9670e+01      1.295 0.0000e+00
        274 290.698961    0.01896     1.1375     68.250  1022.8266  46944.219    29.7077      1.237    6.53084    10.0123    10.0125    22.8210   11.81879 2.0480e+01      1.248 0.0000e+00
        275 290.698964    0.01903     1.1417     68.500  1022.8264  46944.195    29.7077      1.183    6.53084    10.0123    10.0125    22.8210   11.81879 2.1226e+01      1.194 0.0000e+00
        276 290.698967    0.01910     1.1458     68.750  1022.8263  46944.363    29.7079      1.133    6.53084    10.0125    10.0124    22.8211   11.81879 2.1939e+01      1.143 0.0000e+00
        277 290.698970    0.01917     1.1500     69.000  1022.8262  46944.534    29.7080      1.097    6.53084    10.0127    10.0125    22.8212   11.81877 2.2571e+01      1.108 0.0000e+00
        278 290.698973    0.01924     1.1542     69.250  1022.8262  46944.575    29.7081      1.090    6.53082    10.0130    10.0126    22.8212   11.81873 2.2876e+01      1.101 0.0000e+00
        279 290.698976    0.01931     1.1583     69.500  1022.8262  46944.386    29.7080      1.116    6.53079    10.0132    10.0128    22.8211   11.81869 2.2824e+01      1.127 0.0000e+00
        280 290.698979    0.01938     1.1625     69.750  1022.8262  46944.005    29.7077      1.169    6.53076    10.0134    10.0131    22.8208   11.81865 2.2571e+01      1.181 0.0000e+00
        281 290.698981    0.01944     1.1667     70.000  1022.8262  46943.581    29.7074      1.237    6.53073    10.0135    10.0133    22.8206   11.81861 2.2102e+01      1.249 0.0000e+00
        282 290.698984    0.01951     1.1708     70.250  1022.8263  46943.181    29.7071      1.307    6.53072    10.0135    10.0135    22.8203   11.81859 2.1345e+01      1.320 0.0000e+00
        283 290.698987    0.01958     1.1750     70.500  1022.8264  46942.863    29.7069      1.372    6.53071    10.0136    10.0137    22.8201   11.81858 2.0408e+01      1.385 0.0000e+00
        284 290.698990    0.01965     1.1792     70.750  1022.8265  46942.690    29.7068      1.427    6.53071    10.0137    10.0138    22.8200   11.81857 1.9580e+01      1.441 0.0000e+00
        285 290.698993    0.01972     1.1833     71.000  1022.8267  46942.669    29.7067      1.474    6.53070    10.0137    10.0138    22.8199   11.81856 1.9060e+01      1.488 0.0000e+00
        286 290.698996    0.01979     1.1875     71.250  1022.8270  46942.890    29.7069      1.518    6.53068    10.0136    10.0139    22.8200   11.81853 1.8664e+01      1.532 0.0000e+00
        287 290.698999    0.01986     1.1917     71.500  1022.8276  46943.492    29.7073      1.571    6.53066    10.0136    10.0139    22.8203   11.81850 1.8123e+01      1.585 0.0000e+00
        288 290.699002    0.01993     1.1958     71.750  1022.8284  46944.381    29.7078      1.642    6.53064    10.0137    10.0139    22.8208   11.81845 1.7523e+01      1.657 0.0000e+00
        289 290.699005    0.02000     1.2000     72.000  1022.8292  46945.225    29.7084      1.735    6.53062    10.0137    10.0139    22.8213   11.81840 1.6984e+01      1.751 0.0000e+00
        290 290.699008    0.02007     1.2042     72.250  1022.8301  46945.841    29.7088      1.847    6.53060    10.0137    10.0139    22.8216   11.81836 1.6357e+01      1.864 0.0000e+00
        291 290.699010    0.02014     1.2083     72.500  1022.8308  46946.282    29.7091      1.974    6.53058    10.0137    10.0139    22.8218   11.81834 1.5546e+01      1.992 0.0000e+00
        292 290.699013    0.02021     1.2125     72.750  1022.8316  46946.663    29.7093      2.118    6.53057    10.0136    10.0139    22.8219   11.81832 1.4643e+01      2.138 0.0000e+00
        293 290.699016    0.02028     1.2167     73.000  1022.8326  46947.182    29.7096      2.282    6.53056    10.0136    10.0139    22.8222   11.81829 1.3725e+01      2.303 0.0000e+00
        294 290.699019    0.02035     1.2208     73.250  1022.8339  46947.988    29.7101      2.465    6.53054    10.0135    10.0139    22.8225   11.81826 1.2860e+01      2.488 0.0000e+00
        295 290.699022    0.02042     1.2250     73.500  1022.8353  46948.978    29.7107      2.668    6.53052    10.0134    10.0139    22.8230   11.81822 1.2158e+01      2.693 0.0000e+00
        296 290.699025    0.02049     1.2292     73.750  1022.8369  46950.134    29.7114      2.885    6.53050    10.0132    10.0138    22.8236   11.81818 1.1677e+01      2.912 0.0000e+00
        297 290.699028    0.02056     1.2333     74.000  1022.8388  46951.905    29.7125      3.109    6.53047    10.0129    10.0137    22.8245   11.81811 1.1367e+01      3.138 0.0000e+00
        298 290.699031    0.02063     1.2375     74.250  1022.8413  46954.756    29.7144      3.333    6.53041    10.0125    10.0136    22.8260   11.81799 1.1124e+01      3.364 0.0000e+00
        299 290.699034    0.02069     1.2417     74.500  1022.8447  46959.119    29.7174      3.551    6.53032    10.0116    10.0133    22.8283   11.81780 1.0885e+01      3.585 0.0000e+00
        300 290.699036    0.02076     1.2458     74.750  1022.8495  46966.186    29.7222      3.763    6.53018    10.0102    10.0129    22.8321   11.81752 1.0638e+01      3.799 0.0000e+00
        301 290.699039    0.02083     1.2500     75.000  1022.8568  46977.946    29.7302      3.970    6.52997    10.0079    10.0120    22.8386   11.81706 1.0368e+01      4.007 0.0000e+00
        302 290.699042    0.02090     1.2542     75.250  1022.8683  46997.287    29.7435      4.170    6.52961    10.0044    10.0106    22.8492   11.81631 1.0050e+01      4.209 0.0000e+00
        303 290.699045    0.02097     1.2583     75.500  1022.8849  47025.811    29.7632      4.365    6.52912     9.9998    10.0083    22.8649   11.81525 9.7058e+00      4.406 0.0000e+00
        304 290.699048    0.02104     1.2625     75.750  1022.9045  47059.815    29.7865      4.556    6.52863     9.9946    10.0049    22.8836   11.81417 9.3938e+00      4.599 0.0000e+00
        305 290.699051    0.02111     1.2667     76.000  1022.9245  47094.406    29.8101      4.743    6.52830     9.9890    10.0003    22.9028   11.81334 9.1483e+00      4.788 0.0000e+00
        306 290.699054    0.02118     1.2708     76.250  1022.9450  47129.808    29.8343      4.924    6.52804     9.9833     9.9951    22.9224   11.81262 8.9720e+00      4.971 0.0000e+00
        307 290.699057    0.02125     1.2750     76.500  1022.9668  47167.750    29.8601      5.098    6.52775     9.9774     9.9896    22.9435   11.81182 8.8545e+00      5.147 0.0000e+00
        308 290.699060    0.02132     1.2792     76.750  1022.9896  47207.491    29.8873      5.266    6.52743     9.9717     9.9839    22.9655   11.81097 8.7783e+00      5.316 0.0000e+00
        309 290.699063    0.02139     1.2833     77.000  1023.0118  47246.104    29.9136      5.430    6.52717     9.9668     9.9780    22.9870   11.81022 8.7280e+00      5.481 0.0000e+00
        310 290.699065    0.02146     1.2875     77.250  1023.0311  47279.407    29.9362      5.590    6.52704     9.9633     9.9723    23.0055   11.80972 8.7072e+00      5.643 0.0000e+00
        311 290.699068    0.02153     1.2917     77.500  1023.0462  47305.209    29.9536      5.747    6.52701     9.9615     9.9675    23.0199   11.80946 8.7121e+00      5.801 0.0000e+00
        312 290.699071    0.02160     1.2958     77.750  1023.0578  47324.729    29.9668      5.898    6.52696     9.9614     9.9640    23.0307   11.80922 8.7089e+00      5.954 0.0000e+00
        313 290.699074    0.02167     1.3000     78.000  1023.0670  47340.135    29.9773      6.043    6.52678     9.9628     9.9622    23.0392   11.80880 8.6710e+00      6.100 0.0000e+00
        314 290.699077    0.02174     1.3042     78.250  1023.0743  47352.474    29.9859      6.180    6.52643     9.9654     9.9620    23.0459   11.80812 8.6153e+00      6.239 0.0000e+00
        315 290.699080    0.02181     1.3083     78.500  1023.0801  47362.211    29.9929      6.310    6.52594     9.9690     9.9635    23.0511   11.80721 8.5811e+00      6.370 0.0000e+00
        316 290.699083    0.02187     1.3125     78.750  1023.0851  47370.702    29.9991      6.433    6.52530     9.9735     9.9661    23.0556   11.80608 8.5869e+00      6.494 0.0000e+00
        317 290.699086    0.02194     1.3167     79.000  1023.0902  47379.649    30.0058      6.552    6.52451     9.9789     9.9697    23.0602   11.80469 8.6337e+00      6.614 0.0000e+00
        318 290.699089    0.02201     1.3208     79.250  1023.0956  47389.091    30.0129      6.667    6.52357     9.9851     9.9742    23.0650   11.80305 8.7223e+00      6.730 0.0000e+00
        319 290.699091    0.02208     1.3250     79.500  1023.1006  47397.932    30.0197      6.780    6.52251     9.9918     9.9796    23.0695   11.80120 8.8456e+00      6.844 0.0000e+00
        320 290.699094    0.02215     1.3292     79.750  1023.1051  47405.989    30.0261      6.894    6.52135     9.9986     9.9858    23.0734   11.79921 8.9739e+00      6.959 0.0000e+00
        321 290.699097    0.02222     1.3333     80.000  1023.1092  47413.340    30.0320      7.014    6.52015    10.0053     9.9925    23.0770   11.79714 9.0577e+00      7.081 0.0000e+00
        322 290.699100    0.02229     1.3375     80.250  1023.1125  47419.280    30.0369      7.147    6.51896    10.0114     9.9994    23.0797   11.79511 9.0529e+00      7.215 0.0000e+00
        323 290.699103    0.02236     1.3417     80.500  1023.1152  47423.805    30.0408      7.299    6.51784    10.0171    10.0061    23.0817   11.79321 8.9301e+00      7.368 0.0000e+00
        324 290.699106    0.02243     1.3458     80.750  1023.1180  47428.320    30.0446      7.474    6.51679    10.0223    10.0123    23.0837   11.79144 8.6820e+00      7.544 0.0000e+00
        325 290.699109    0.02250     1.3500     81.000  1023.1216  47434.091    30.0493      7.670    6.51579    10.0276    10.0179    23.0864   11.78972 8.3373e+00      7.742 0.0000e+00
        326 290.699112    0.02257     1.3542     81.250  1023.1266  47442.172    30.0555      7.882    6.51478    10.0332    10.0232    23.0904   11.78796 7.9361e+00      7.956 0.0000e+00
        327 290.699115    0.02264     1.3583     81.500  1023.1336  47454.037    30.0644      8.104    6.51366    10.0396    10.0285    23.0965   11.78599 7.5139e+00      8.180 0.0000e+00
        328 290.699117    0.02271     1.3625     81.750  1023.1424  47469.071    30.0755      8.328    6.51238    10.0464    10.0341    23.1043   11.78374 7.1218e+00      8.407 0.0000e+00
        329 290.699120    0.02278     1.3667     82.000  1023.1506  47483.132    30.0861      8.548    6.51103    10.0530    10.0405    23.1115   11.78138 6.8120e+00      8.628 0.0000e+00
        330 290.699123    0.02285     1.3708     82.250  1023.1563  47492.647    30.0935      8.756    6.50974    10.0588    10.0474    23.1161   11.77915 6.6028e+00      8.838 0.0000e+00
        331 290.699126    0.02292     1.3750     82.500  1023.1595  47497.933    30.0979      8.947    6.50861    10.0634    10.0540    23.1185   11.77723 6.4917e+00      9.032 0.0000e+00
        332 290.699129    0.02299     1.3792     82.750  1023.1617  47501.213    30.1009      9.118    6.50767    10.0671    10.0598    23.1199   11.77562 6.4791e+00      9.204 0.0000e+00
        333 290.699132    0.02306     1.3833     83.000  1023.1637  47504.413    30.1036      9.266    6.50689    10.0701    10.0644    23.1213   11.77430 6.5604e+00      9.354 0.0000e+00
        334 290.699135    0.02313     1.3875     83.250  1023.1666  47509.080    30.1072      9.389    6.50621    10.0728    10.0681    23.1236   11.77312 6.7157e+00      9.478 0.0000e+00
        335 290.699138    0.02319     1.3917     83.500  1023.1700  47515.030    30.1117      9.488    6.50558    10.0752    10.0712    23.1266   11.77203 6.9144e+00      9.577 0.0000e+00
        336 290.699141    0.02326     1.3958     83.750  1023.1729  47519.960    30.1155      9.566    6.50504    10.0772    10.0739    23.1291   11.77109 7.1243e+00      9.657 0.0000e+00
        337 290.699144    0.02333     1.4000     84.000  1023.1745  47522.650    30.1177      9.632    6.50461    10.0788    10.0763    23.1303   11.77035 7.3173e+00      9.724 0.0000e+00
        338 290.699146    0.02340     1.4042     84.250  1023.1754  47524.091    30.1189      9.695    6.50427    10.0802    10.0783    23.1310   11.76977 7.4748e+00      9.787 0.0000e+00
        339 290.699149    0.02347     1.4083     84.500  1023.1767  47526.120    30.1205      9.764    6.50398    10.0817    10.0799    23.1320   11.76927 7.5816e+00      9.857 0.0000e+00
        340 290.699152    0.02354     1.4125     84.750  1023.1794  47530.427    30.1237      9.852    6.50365    10.0836    10.0813    23.1342   11.76869 7.6247e+00      9.945 0.0000e+00
