CTD-processing/allCTD/CNV--homogene/2014_04-06_t6_s26_cast263.cnv
* Sea-Bird SBE19plus Data File:
* FileName = C:\Users\kris.holderied\Documents\kasitsna\Research-Projects-and-Data\Oceanography-AK\CTD-CookInlet-GulfWatchAK\2014-04-EVOSTC-CookInlet-Ocean\2014-04-06-CookInlet-Tran6-Douglas\2014-04-06-CookInlet-Tran6-cast263.hex
* Software Version 1.59
* Temperature SN =  5028
* Conductivity SN =  5028
* System UpLoad Time = Apr 09 2014 11:45:18
** Cook Inlet LTM Transect 6 (Douglas) east to west
** Date: 6 Apr 2014
** Station: 6-26
** Start time: 17:04
** Depth (m): 170
** Comment:  CTD instrument time is AK Daylight time
** Comment:
# nquan = 17
# nvalues = 1213                        
# units = specified
# name 0 = scan: Scan Count
# name 1 = timeJ: Julian Days
# name 2 = timeH: Time, Elapsed [hours]
# name 3 = timeM: Time, Elapsed [minutes]
# name 4 = timeS: Time, Elapsed [seconds]
# name 5 = density00: Density [density, kg/m^3]
# name 6 = specc: Specific Conductance [uS/cm]
# name 7 = sal00: Salinity, Practical [PSU]
# name 8 = depSM: Depth [salt water, m], lat = 59.00
# name 9 = oxsolML/L: Oxygen Saturation, Garcia & Gordon [ml/l]
# name 10 = potemp090C: Potential Temperature [ITS-90, deg C]
# name 11 = tv290C: Temperature [ITS-90, deg C]
# name 12 = sigma-é00: Density [sigma-theta, kg/m^3]
# name 13 = n2satML/L: Nitrogen Saturation [ml/l]
# name 14 = par: PAR/Irradiance, Biospherical/Licor
# name 15 = prdM: Pressure, Strain Gauge [db]
# name 16 = flag:  0.000e+00
# span 0 =          1,       1213       
# span 1 =  96.710995,  96.714502       
# span 2 =    0.00000,    0.08417       
# span 3 =     0.0000,     5.0500       
# span 4 =      0.000,    303.000       
# span 5 =  1000.7771,  1026.2601       
# span 6 =   2048.447,  51906.415       
# span 7 =     1.0111,    32.2093       
# span 8 =     -0.191,    165.764       
# span 9 =    7.23412,    8.89307       
# span 10 =     4.6167,     4.9253      
# span 11 =     4.6172,     4.9258      
# span 12 =     0.7780,    25.4837      
# span 13 =   12.95150,   16.16642      
# span 14 = 3.7912e-02, 1.5392e+02      
# span 15 =     -0.193,    167.396      
# span 16 = 0.0000e+00, 0.0000e+00      
# interval = seconds: 0.25
# start_time = Apr 06 2014 17:03:50 [Instrument's time stamp, header]
# bad_flag = -9.990e-29
*END*
          1  96.710995    0.00000     0.0000      0.000  1000.7771   2048.447     1.0111     -0.183    8.89307     4.9253     4.9258     0.7780   16.16642 1.2210e+02     -0.185 0.0000e+00
          2  96.710998    0.00007     0.0042      0.250  1000.8343   2186.028     1.0827     -0.185    8.88887     4.9247     4.9256     0.8352   16.15820 1.3203e+02     -0.186 0.0000e+00
          3  96.711001    0.00014     0.0083      0.500  1000.9059   2358.172     1.1724     -0.187    8.88363     4.9239     4.9253     0.9069   16.14794 1.4255e+02     -0.188 0.0000e+00
          4  96.711004    0.00021     0.0125      0.750  1000.9802   2536.042     1.2653     -0.189    8.87825     4.9229     4.9247     0.9811   16.13739 1.5048e+02     -0.190 0.0000e+00
          5  96.711007    0.00028     0.0167      1.000  1001.0421   2684.136     1.3429     -0.190    8.87384     4.9219     4.9239     1.0431   16.12873 1.5392e+02     -0.192 0.0000e+00
          6  96.711010    0.00035     0.0208      1.250  1001.0789   2772.054     1.3889     -0.191    8.87134     4.9209     4.9229     1.0798   16.12378 1.5304e+02     -0.193 0.0000e+00
          7  96.711013    0.00042     0.0250      1.500  1001.0927   2805.179     1.4062     -0.191    8.87054     4.9197     4.9219     1.0937   16.12216 1.4922e+02     -0.193 0.0000e+00
          8  96.711016    0.00049     0.0292      1.750  1001.1005   2823.802     1.4159     -0.190    8.87020     4.9181     4.9209     1.1015   16.12142 1.4390e+02     -0.192 0.0000e+00
          9  96.711019    0.00056     0.0333      2.000  1001.1149   2857.897     1.4340     -0.190    8.86941     4.9161     4.9197     1.1159   16.11981 1.3849e+02     -0.192 0.0000e+00
         10  96.711021    0.00063     0.0375      2.250  1001.1287   2890.229     1.4512     -0.190    8.86877     4.9139     4.9181     1.1296   16.11846 1.3389e+02     -0.192 0.0000e+00
         11  96.711024    0.00069     0.0417      2.500  1001.1298   2892.314     1.4525     -0.190    8.86916     4.9119     4.9161     1.1307   16.11910 1.3019e+02     -0.192 0.0000e+00
         12  96.711027    0.00076     0.0458      2.750  1001.1197   2867.602     1.4400     -0.190    8.87041     4.9103     4.9139     1.1207   16.12141 1.2759e+02     -0.192 0.0000e+00
         13  96.711030    0.00083     0.0500      3.000  1001.1110   2845.189     1.4290     -0.190    8.87155     4.9091     4.9119     1.1120   16.12350 1.2675e+02     -0.192 0.0000e+00
         14  96.711033    0.00090     0.0542      3.250  1001.1245   2874.861     1.4459     -0.190    8.87095     4.9083     4.9103     1.1255   16.12223 1.2776e+02     -0.192 0.0000e+00
         15  96.711036    0.00097     0.0583      3.500  1001.1782   2998.499     1.5133     -0.191    8.86728     4.9076     4.9091     1.1792   16.11501 1.3080e+02     -0.193 0.0000e+00
         16  96.711039    0.00104     0.0625      3.750  1001.2722   3215.108     1.6312     -0.191    8.86059     4.9071     4.9083     1.2731   16.10191 1.3611e+02     -0.193 0.0000e+00
         17  96.711042    0.00111     0.0667      4.000  1001.3856   3474.090     1.7736     -0.190    8.85248     4.9065     4.9076     1.3866   16.08606 1.4175e+02     -0.192 0.0000e+00
         18  96.711045    0.00118     0.0708      4.250  1001.4928   3712.862     1.9083     -0.189    8.84491     4.9057     4.9071     1.4938   16.07128 1.4518e+02     -0.191 0.0000e+00
         19  96.711047    0.00125     0.0750      4.500  1001.5976   3936.801     2.0403     -0.188    8.83767     4.9046     4.9065     1.5985   16.05719 1.4592e+02     -0.189 0.0000e+00
         20  96.711050    0.00132     0.0792      4.750  1001.7350   4222.396     2.2136     -0.185    8.82832     4.9028     4.9057     1.7360   16.03901 1.4582e+02     -0.187 0.0000e+00
         21  96.711053    0.00139     0.0833      5.000  1001.9458   4655.162     2.4796     -0.181    8.81406     4.9001     4.9046     1.9467   16.01130 1.4628e+02     -0.182 0.0000e+00
         22  96.711056    0.00146     0.0875      5.250  1002.2774   5330.035     2.8981     -0.173    8.79172     4.8958     4.9028     2.2783   15.96794 1.4589e+02     -0.174 0.0000e+00
         23  96.711059    0.00153     0.0917      5.500  1002.8094   6406.369     3.5696     -0.159    8.75598     4.8887     4.9001     2.8102   15.89858 1.4405e+02     -0.160 0.0000e+00
         24  96.711062    0.00160     0.0958      5.750  1003.6776   8157.211     4.6658     -0.135    8.69772     4.8771     4.8958     3.6783   15.78556 1.4109e+02     -0.136 0.0000e+00
         25  96.711065    0.00167     0.1000      6.000  1005.1189  11062.020     6.4857     -0.095    8.60099     4.8578     4.8887     5.1194   15.59793 1.3643e+02     -0.096 0.0000e+00
         26  96.711068    0.00174     0.1042      6.250  1007.5536  15979.414     9.5596     -0.030    8.43734     4.8277     4.8771     7.5538   15.28047 1.2875e+02     -0.030 0.0000e+00
         27  96.711071    0.00181     0.1083      6.500  1011.4680  23858.463    14.5022      0.075    8.17508     4.7892     4.8578    11.4677   14.77181 1.1552e+02      0.076 0.0000e+00
         28  96.711073    0.00187     0.1125      6.750  1016.1238  33172.284    20.3809      0.229    7.86586     4.7508     4.8278    16.1228   14.17200 9.4726e+01      0.231 0.0000e+00
         29  96.711076    0.00194     0.1167      7.000  1019.7759  40452.898    24.9905      0.413    7.62669     4.7197     4.7893    19.7740   13.70746 7.0736e+01      0.417 0.0000e+00
         30  96.711079    0.00201     0.1208      7.250  1021.9869  44858.843    27.7786      0.593    7.48476     4.6976     4.7509    21.9841   13.43105 5.2172e+01      0.599 0.0000e+00
         31  96.711082    0.00208     0.1250      7.500  1023.3224  47519.674    29.4615      0.737    7.40054     4.6834     4.7198    23.3190   13.26661 4.1248e+01      0.745 0.0000e+00
         32  96.711085    0.00215     0.1292      7.750  1024.1283  49124.989    30.4765      0.831    7.35035     4.6750     4.6977    24.1245   13.16844 3.5287e+01      0.839 0.0000e+00
         33  96.711088    0.00222     0.1333      8.000  1024.6140  50092.295    31.0882      0.877    7.32027     4.6703     4.6835    24.6099   13.10957 3.2888e+01      0.885 0.0000e+00
         34  96.711091    0.00229     0.1375      8.250  1024.9063  50674.474    31.4564      0.888    7.30215     4.6679     4.6751    24.9022   13.07410 3.3405e+01      0.897 0.0000e+00
         35  96.711094    0.00236     0.1417      8.500  1025.0817  51023.904    31.6775      0.880    7.29120     4.6667     4.6704    25.0776   13.05269 3.6007e+01      0.888 0.0000e+00
         36  96.711097    0.00243     0.1458      8.750  1025.1860  51231.972    31.8092      0.861    7.28461     4.6661     4.6679    25.1820   13.03983 3.9779e+01      0.869 0.0000e+00
         37  96.711100    0.00250     0.1500      9.000  1025.2468  51353.458    31.8859      0.839    7.28072     4.6657     4.6667    25.2429   13.03225 4.4260e+01      0.847 0.0000e+00
         38  96.711102    0.00257     0.1542      9.250  1025.2800  51420.417    31.9279      0.818    7.27857     4.6653     4.6661    25.2762   13.02805 4.9472e+01      0.826 0.0000e+00
         39  96.711105    0.00264     0.1583      9.500  1025.2966  51454.584    31.9490      0.800    7.27748     4.6646     4.6657    25.2929   13.02592 5.5243e+01      0.807 0.0000e+00
         40  96.711108    0.00271     0.1625      9.750  1025.3066  51475.105    31.9617      0.786    7.27686     4.6636     4.6653    25.3029   13.02471 6.0963e+01      0.793 0.0000e+00
         41  96.711111    0.00278     0.1667     10.000  1025.3158  51493.407    31.9733      0.774    7.27637     4.6624     4.6646    25.3122   13.02373 6.6081e+01      0.781 0.0000e+00
         42  96.711114    0.00285     0.1708     10.250  1025.3250  51511.372    31.9849      0.763    7.27595     4.6611     4.6636    25.3215   13.02287 7.0555e+01      0.770 0.0000e+00
         43  96.711117    0.00292     0.1750     10.500  1025.3331  51526.841    31.9949      0.750    7.27565     4.6599     4.6624    25.3296   13.02223 7.4469e+01      0.756 0.0000e+00
         44  96.711120    0.00299     0.1792     10.750  1025.3385  51537.291    32.0017      0.732    7.27554     4.6587     4.6611    25.3350   13.02195 7.7720e+01      0.739 0.0000e+00
         45  96.711123    0.00306     0.1833     11.000  1025.3410  51542.509    32.0049      0.713    7.27559     4.6578     4.6599    25.3377   13.02199 8.0343e+01      0.719 0.0000e+00
         46  96.711126    0.00313     0.1875     11.250  1025.3416  51543.991    32.0056      0.696    7.27575     4.6572     4.6587    25.3384   13.02225 8.1886e+01      0.702 0.0000e+00
         47  96.711128    0.00319     0.1917     11.500  1025.3412  51543.388    32.0049      0.690    7.27594     4.6570     4.6578    25.3379   13.02258 8.1598e+01      0.696 0.0000e+00
         48  96.711131    0.00326     0.1958     11.750  1025.3406  51542.283    32.0040      0.705    7.27609     4.6571     4.6572    25.3373   13.02284 7.9955e+01      0.712 0.0000e+00
         49  96.711134    0.00333     0.2000     12.000  1025.3406  51541.978    32.0037      0.746    7.27614     4.6577     4.6570    25.3370   13.02293 7.8211e+01      0.753 0.0000e+00
         50  96.711137    0.00340     0.2042     12.250  1025.3418  51543.737    32.0049      0.806    7.27606     4.6587     4.6571    25.3380   13.02278 7.6677e+01      0.814 0.0000e+00
         51  96.711140    0.00347     0.2083     12.500  1025.3446  51548.335    32.0081      0.874    7.27581     4.6604     4.6577    25.3405   13.02232 7.4866e+01      0.882 0.0000e+00
         52  96.711143    0.00354     0.2125     12.750  1025.3483  51554.486    32.0125      0.934    7.27541     4.6628     4.6588    25.3439   13.02160 7.2726e+01      0.943 0.0000e+00
         53  96.711146    0.00361     0.2167     13.000  1025.3511  51558.989    32.0160      0.980    7.27495     4.6659     4.6604    25.3464   13.02080 7.0883e+01      0.989 0.0000e+00
         54  96.711149    0.00368     0.2208     13.250  1025.3516  51559.297    32.0167      1.008    7.27448     4.6690     4.6629    25.3468   13.02001 7.0467e+01      1.017 0.0000e+00
         55  96.711152    0.00375     0.2250     13.500  1025.3495  51554.923    32.0144      1.021    7.27405     4.6712     4.6660    25.3446   13.01933 7.2113e+01      1.030 0.0000e+00
         56  96.711155    0.00382     0.2292     13.750  1025.3458  51547.794    32.0102      1.024    7.27373     4.6725     4.6691    25.3410   13.01885 7.5081e+01      1.034 0.0000e+00
         57  96.711157    0.00389     0.2333     14.000  1025.3424  51541.217    32.0062      1.026    7.27353     4.6732     4.6713    25.3376   13.01857 7.7930e+01      1.036 0.0000e+00
         58  96.711160    0.00396     0.2375     14.250  1025.3406  51537.631    32.0040      1.034    7.27342     4.6739     4.6726    25.3357   13.01841 7.9374e+01      1.044 0.0000e+00
         59  96.711163    0.00403     0.2417     14.500  1025.3406  51537.493    32.0041      1.051    7.27329     4.6751     4.6732    25.3357   13.01820 7.9155e+01      1.060 0.0000e+00
         60  96.711166    0.00410     0.2458     14.750  1025.3410  51537.884    32.0045      1.071    7.27314     4.6766     4.6740    25.3360   13.01795 7.8122e+01      1.081 0.0000e+00
         61  96.711169    0.00417     0.2500     15.000  1025.3396  51534.974    32.0028      1.093    7.27301     4.6774     4.6752    25.3345   13.01776 7.7122e+01      1.104 0.0000e+00
         62  96.711172    0.00424     0.2542     15.250  1025.3373  51530.342    31.9999      1.125    7.27290     4.6775     4.6766    25.3320   13.01762 7.6445e+01      1.135 0.0000e+00
         63  96.711175    0.00431     0.2583     15.500  1025.3367  51528.770    31.9990      1.166    7.27279     4.6776     4.6775    25.3312   13.01745 7.5772e+01      1.177 0.0000e+00
         64  96.711178    0.00438     0.2625     15.750  1025.3381  51531.067    32.0006      1.208    7.27270     4.6785     4.6776    25.3324   13.01727 7.4661e+01      1.219 0.0000e+00
         65  96.711181    0.00444     0.2667     16.000  1025.3399  51534.115    32.0027      1.239    7.27258     4.6800     4.6777    25.3341   13.01705 7.3122e+01      1.251 0.0000e+00
         66  96.711183    0.00451     0.2708     16.250  1025.3405  51534.963    32.0035      1.258    7.27239     4.6816     4.6786    25.3346   13.01672 7.1424e+01      1.270 0.0000e+00
         67  96.711186    0.00458     0.2750     16.500  1025.3397  51533.056    32.0025      1.267    7.27216     4.6824     4.6801    25.3337   13.01636 6.9878e+01      1.279 0.0000e+00
         68  96.711189    0.00465     0.2792     16.750  1025.3380  51529.754    32.0006      1.273    7.27198     4.6823     4.6817    25.3320   13.01610 6.8737e+01      1.285 0.0000e+00
         69  96.711192    0.00472     0.2833     17.000  1025.3365  51526.867    31.9988      1.283    7.27192     4.6811     4.6825    25.3305   13.01601 6.7878e+01      1.295 0.0000e+00
         70  96.711195    0.00479     0.2875     17.250  1025.3359  51525.566    31.9979      1.299    7.27199     4.6791     4.6824    25.3298   13.01614 6.6917e+01      1.311 0.0000e+00
         71  96.711198    0.00486     0.2917     17.500  1025.3361  51525.941    31.9978      1.324    7.27220     4.6769     4.6812    25.3299   13.01649 6.5731e+01      1.336 0.0000e+00
         72  96.711201    0.00493     0.2958     17.750  1025.3370  51527.525    31.9985      1.358    7.27251     4.6748     4.6792    25.3306   13.01699 6.4574e+01      1.371 0.0000e+00
         73  96.711204    0.00500     0.3000     18.000  1025.3384  51530.066    31.9997      1.398    7.27284     4.6731     4.6770    25.3318   13.01753 6.3924e+01      1.412 0.0000e+00
         74  96.711207    0.00507     0.3042     18.250  1025.3404  51533.791    32.0017      1.442    7.27311     4.6719     4.6749    25.3337   13.01795 6.3980e+01      1.456 0.0000e+00
         75  96.711209    0.00514     0.3083     18.500  1025.3432  51538.760    32.0047      1.483    7.27327     4.6713     4.6732    25.3362   13.01817 6.4560e+01      1.498 0.0000e+00
         76  96.711212    0.00521     0.3125     18.750  1025.3464  51544.492    32.0084      1.517    7.27330     4.6713     4.6720    25.3392   13.01817 6.5605e+01      1.532 0.0000e+00
         77  96.711215    0.00528     0.3167     19.000  1025.3494  51549.905    32.0120      1.539    7.27322     4.6717     4.6714    25.3421   13.01800 6.7117e+01      1.553 0.0000e+00
         78  96.711218    0.00535     0.3208     19.250  1025.3514  51553.706    32.0146      1.544    7.27311     4.6727     4.6714    25.3442   13.01777 6.8855e+01      1.558 0.0000e+00
         79  96.711221    0.00542     0.3250     19.500  1025.3521  51555.064    32.0156      1.531    7.27298     4.6738     4.6718    25.3450   13.01754 7.0479e+01      1.545 0.0000e+00
         80  96.711224    0.00549     0.3292     19.750  1025.3511  51553.292    32.0146      1.502    7.27286     4.6748     4.6728    25.3441   13.01736 7.1858e+01      1.516 0.0000e+00
         81  96.711227    0.00556     0.3333     20.000  1025.3485  51548.640    32.0117      1.462    7.27280     4.6754     4.6739    25.3417   13.01730 7.3073e+01      1.475 0.0000e+00
         82  96.711230    0.00562     0.3375     20.250  1025.3453  51542.947    32.0080      1.417    7.27281     4.6755     4.6749    25.3387   13.01736 7.4148e+01      1.430 0.0000e+00
         83  96.711233    0.00569     0.3417     20.500  1025.3426  51538.328    32.0050      1.376    7.27286     4.6753     4.6755    25.3362   13.01749 7.4802e+01      1.388 0.0000e+00
         84  96.711236    0.00576     0.3458     20.750  1025.3412  51535.912    32.0034      1.345    7.27292     4.6752     4.6756    25.3349   13.01761 7.4642e+01      1.358 0.0000e+00
         85  96.711238    0.00583     0.3500     21.000  1025.3409  51535.587    32.0031      1.332    7.27295     4.6751     4.6754    25.3347   13.01767 7.3655e+01      1.344 0.0000e+00
