CTD-processing/allCTD/CNV--homogene/2014_02-17_t7_s03_cast208.cnv
* Sea-Bird SBE19plus Data File:
* FileName = C:\Users\kris.holderied\Documents\kasitsna\Research-Projects-and-Data\Oceanography-AK\CTD-CookInlet-GulfWatchAK\2014-02-EVOSTC-CookInlet-LTM-BATCH-UPLOAD\2014-02-CookInlet-Seasonal-cast208.hex
* Software Version 1.59
* Temperature SN =  5028
* Conductivity SN =  5028
* System UpLoad Time = Apr 09 2014 20:35:03
** Cook Inlet LTM 2014 February Seasonal - Batch upload
** Date: 2014-02-17
** Station: 7-03
** Start time: 06:42
** Depth (m): 47
** CoComment:
** Comment:
# nquan = 17
# nvalues = 588                         
# units = specified
# name 0 = scan: Scan Count
# name 1 = timeJ: Julian Days
# name 2 = timeH: Time, Elapsed [hours]
# name 3 = timeM: Time, Elapsed [minutes]
# name 4 = timeS: Time, Elapsed [seconds]
# name 5 = density00: Density [density, kg/m^3]
# name 6 = specc: Specific Conductance [uS/cm]
# name 7 = sal00: Salinity, Practical [PSU]
# name 8 = depSM: Depth [salt water, m], lat = 59.00
# name 9 = oxsolML/L: Oxygen Saturation, Garcia & Gordon [ml/l]
# name 10 = potemp090C: Potential Temperature [ITS-90, deg C]
# name 11 = tv290C: Temperature [ITS-90, deg C]
# name 12 = sigma-é00: Density [sigma-theta, kg/m^3]
# name 13 = n2satML/L: Nitrogen Saturation [ml/l]
# name 14 = par: PAR/Irradiance, Biospherical/Licor
# name 15 = prdM: Pressure, Strain Gauge [db]
# name 16 = flag:  0.000e+00
# span 0 =          1,        588       
# span 1 =  48.278426,  48.280124       
# span 2 =    0.00000,    0.04076       
# span 3 =     0.0000,     2.4458       
# span 4 =      0.000,    146.750       
# span 5 =  1000.0063,  1025.4413       
# span 6 =    510.629,  51823.619       
# span 7 =     0.2287,    31.6876       
# span 8 =     -0.315,     44.249       
# span 9 =    7.55921,   10.30957       
# span 10 =    -0.3246,     3.1893      
# span 11 =    -0.3246,     3.1904      
# span 12 =     0.0079,    25.2315      
# span 13 =   13.49460,   18.55009      
# span 14 = 3.7912e-02, 1.0553e+00      
# span 15 =     -0.318,     44.671      
# span 16 = 0.0000e+00, 0.0000e+00      
# interval = seconds: 0.25
# start_time = Feb 17 2014 06:40:56 [Instrument's time stamp, header]
# bad_flag = -9.990e-29
*END*
          1  48.278426    0.00000     0.0000      0.000  1000.0297    572.670     0.2570     -0.315   10.30658    -0.3213    -0.3204     0.0313   18.54459 2.4292e-01     -0.318 0.0000e+00
          2  48.278429    0.00007     0.0042      0.250  1000.0262    563.526     0.2527     -0.315   10.30700    -0.3219    -0.3208     0.0278   18.54538 3.6828e-01     -0.318 0.0000e+00
          3  48.278432    0.00014     0.0083      0.500  1000.0211    550.091     0.2465     -0.314   10.30760    -0.3225    -0.3213     0.0227   18.54649 5.7656e-01     -0.317 0.0000e+00
          4  48.278435    0.00021     0.0125      0.750  1000.0151    534.286     0.2392     -0.313   10.30830    -0.3231    -0.3218     0.0167   18.54779 8.1254e-01     -0.316 0.0000e+00
          5  48.278438    0.00028     0.0167      1.000  1000.0095    519.649     0.2326     -0.312   10.30896    -0.3236    -0.3224     0.0112   18.54902 9.3551e-01     -0.315 0.0000e+00
          6  48.278440    0.00035     0.0208      1.250  1000.0063    510.629     0.2287     -0.311   10.30943    -0.3241    -0.3230     0.0079   18.54987 9.6479e-01     -0.314 0.0000e+00
          7  48.278443    0.00042     0.0250      1.500  1000.0067    510.879     0.2294     -0.312   10.30957    -0.3245    -0.3236     0.0084   18.55009 9.9483e-01     -0.315 0.0000e+00
          8  48.278446    0.00049     0.0292      1.750  1000.0114    521.365     0.2352     -0.312   10.30932    -0.3246    -0.3241     0.0130   18.54959 9.9169e-01     -0.315 0.0000e+00
          9  48.278449    0.00056     0.0333      2.000  1000.0204    541.919     0.2463     -0.313   10.30868    -0.3245    -0.3245     0.0220   18.54834 9.1259e-01     -0.316 0.0000e+00
         10  48.278452    0.00063     0.0375      2.250  1000.0351    575.584     0.2645     -0.313   10.30750    -0.3237    -0.3246     0.0368   18.54607 7.4412e-01     -0.316 0.0000e+00
         11  48.278455    0.00069     0.0417      2.500  1000.0601    632.395     0.2952     -0.313   10.30539    -0.3221    -0.3244     0.0617   18.54202 5.2275e-01     -0.316 0.0000e+00
         12  48.278458    0.00076     0.0458      2.750  1000.1027    729.764     0.3477     -0.313   10.30165    -0.3190    -0.3237     0.1044   18.53490 3.4699e-01     -0.316 0.0000e+00
         13  48.278461    0.00083     0.0500      3.000  1000.1725    888.759     0.4336     -0.313   10.29540    -0.3134    -0.3221     0.1742   18.52303 2.4985e-01     -0.316 0.0000e+00
         14  48.278464    0.00090     0.0542      3.250  1000.2818   1135.215     0.5681     -0.312   10.28549    -0.3036    -0.3190     0.2834   18.50426 2.0821e-01     -0.315 0.0000e+00
         15  48.278466    0.00097     0.0583      3.500  1000.4515   1513.538     0.7771     -0.311   10.26995    -0.2869    -0.3134     0.4531   18.47488 2.1152e-01     -0.314 0.0000e+00
         16  48.278469    0.00104     0.0625      3.750  1000.7199   2106.734     1.1079     -0.310   10.24521    -0.2587    -0.3036     0.7215   18.42815 2.6098e-01     -0.313 0.0000e+00
         17  48.278472    0.00111     0.0667      4.000  1001.1517   3055.210     1.6403     -0.308   10.20521    -0.2106    -0.2869     1.1533   18.35270 3.6543e-01     -0.311 0.0000e+00
         18  48.278475    0.00118     0.0708      4.250  1001.8258   4520.709     2.4720     -0.305   10.14242    -0.1286    -0.2587     1.8273   18.23441 5.0173e-01     -0.308 0.0000e+00
         19  48.278478    0.00125     0.0750      4.500  1002.8534   6722.687     3.7411     -0.300   10.04589     0.0104    -0.2106     2.8550   18.05293 5.9602e-01     -0.303 0.0000e+00
         20  48.278481    0.00132     0.0792      4.750  1004.4586  10123.967     5.7249     -0.291    9.89389     0.2417    -0.1286     4.4601   17.76768 6.0349e-01     -0.294 0.0000e+00
         21  48.278484    0.00139     0.0833      5.000  1007.0353  15548.335     8.9105     -0.276    9.64857     0.5789     0.0104     7.0367   17.30783 5.8213e-01     -0.279 0.0000e+00
         22  48.278487    0.00146     0.0875      5.250  1010.3387  22436.215    12.9965     -0.255    9.32296     0.9668     0.2417    10.3400   16.70056 6.1890e-01     -0.257 0.0000e+00
         23  48.278490    0.00153     0.0917      5.500  1012.7926  27495.538    16.0321     -0.235    9.04145     1.3194     0.5789    12.7938   16.18396 7.2737e-01     -0.237 0.0000e+00
         24  48.278492    0.00160     0.0958      5.750  1013.2922  28510.894    16.6455     -0.229    8.90320     1.5885     0.9668    13.2934   15.94360 8.6196e-01     -0.231 0.0000e+00
         25  48.278495    0.00167     0.1000      6.000  1012.1381  26119.243    15.2030     -0.237    8.90360     1.7734     1.3194    12.1393   15.96620 9.6875e-01     -0.239 0.0000e+00
         26  48.278498    0.00174     0.1042      6.250  1010.3162  22327.686    12.9289     -0.245    8.97772     1.9027     1.5885    10.3174   16.12515 1.0295e+00     -0.248 0.0000e+00
         27  48.278501    0.00181     0.1083      6.500  1009.2717  20106.240    11.6274     -0.241    9.01506     2.0117     1.7734     9.2729   16.20839 1.0553e+00     -0.243 0.0000e+00
         28  48.278504    0.00187     0.1125      6.750  1009.8209  21128.704    12.3186     -0.218    8.94694     2.1304     1.9027     9.8220   16.08576 1.0512e+00     -0.220 0.0000e+00
         29  48.278507    0.00194     0.1167      7.000  1012.2275  25930.005    15.3325     -0.172    8.74558     2.2718     2.0117    12.2284   15.70604 1.0136e+00     -0.173 0.0000e+00
         30  48.278510    0.00201     0.1208      7.250  1015.9956  33474.461    20.0507     -0.094    8.44239     2.4225     2.1304    15.9961   15.13139 9.2980e-01     -0.095 0.0000e+00
         31  48.278513    0.00208     0.1250      7.500  1019.4563  40359.574    24.3873      0.016    8.15948     2.5598     2.2718    19.4563   14.59694 7.7887e-01      0.016 0.0000e+00
         32  48.278516    0.00215     0.1292      7.750  1021.7145  44815.662    27.2224      0.151    7.96422     2.6677     2.4225    21.7139   14.23095 5.7795e-01      0.153 0.0000e+00
         33  48.278519    0.00222     0.1333      8.000  1023.0391  47420.226    28.8896      0.295    7.83981     2.7378     2.5598    23.0378   13.99984 4.0016e-01      0.298 0.0000e+00
         34  48.278521    0.00229     0.1375      8.250  1023.7912  48897.003    29.8388      0.418    7.76296     2.7719     2.6677    23.7893   13.85821 2.8916e-01      0.422 0.0000e+00
         35  48.278524    0.00236     0.1417      8.500  1024.2134  49727.558    30.3723      0.495    7.71769     2.7821     2.7378    24.2110   13.77512 2.3415e-01      0.500 0.0000e+00
         36  48.278527    0.00243     0.1458      8.750  1024.4576  50211.239    30.6805      0.525    7.69268     2.7826     2.7720    24.4552   13.72895 2.1668e-01      0.530 0.0000e+00
         37  48.278530    0.00250     0.1500      9.000  1024.6138  50521.857    30.8764      0.530    7.67906     2.7839     2.7821    24.6113   13.70340 2.1727e-01      0.534 0.0000e+00
         38  48.278533    0.00257     0.1542      9.250  1024.7296  50750.639    31.0211      0.539    7.67056     2.7925     2.7826    24.7270   13.68717 2.0437e-01      0.544 0.0000e+00
         39  48.278536    0.00264     0.1583      9.500  1024.8231  50932.058    31.1379      0.580    7.66368     2.8075     2.7839    24.8204   13.67409 1.6427e-01      0.586 0.0000e+00
         40  48.278539    0.00271     0.1625      9.750  1024.8878  51054.427    31.2192      0.667    7.65748     2.8196     2.7926    24.8846   13.66267 1.2052e-01      0.674 0.0000e+00
         41  48.278542    0.00278     0.1667     10.000  1024.9099  51093.779    31.2475      0.787    7.65296     2.8199     2.8075    24.9061   13.65477 9.0890e-02      0.795 0.0000e+00
         42  48.278545    0.00285     0.1708     10.250  1024.8962  51066.222    31.2308      0.913    7.65139     2.8072     2.8197    24.8919   13.65238 7.3255e-02      0.922 0.0000e+00
         43  48.278547    0.00292     0.1750     10.500  1024.8694  51016.569    31.1966      1.027    7.65306     2.7856     2.8200    24.8645   13.65557 6.3947e-02      1.036 0.0000e+00
         44  48.278550    0.00299     0.1792     10.750  1024.8434  50971.132    31.1621      1.125    7.65726     2.7579     2.8073    24.8380   13.66294 6.0409e-02      1.136 0.0000e+00
         45  48.278553    0.00306     0.1833     11.000  1024.8211  50934.819    31.1315      1.208    7.66297     2.7264     2.7856    24.8154   13.67277 6.0911e-02      1.219 0.0000e+00
         46  48.278556    0.00313     0.1875     11.250  1024.8037  50909.055    31.1066      1.274    7.66955     2.6940     2.7580    24.7977   13.68395 6.4266e-02      1.286 0.0000e+00
         47  48.278559    0.00319     0.1917     11.500  1024.7924  50895.545    31.0890      1.323    7.67652     2.6648     2.7265    24.7861   13.69568 6.9583e-02      1.336 0.0000e+00
         48  48.278562    0.00326     0.1958     11.750  1024.7873  50894.107    31.0793      1.354    7.68324     2.6415     2.6941    24.7809   13.70689 7.6036e-02      1.367 0.0000e+00
         49  48.278565    0.00333     0.2000     12.000  1024.7882  50903.035    31.0775      1.368    7.68895     2.6255     2.6649    24.7817   13.71634 8.3259e-02      1.381 0.0000e+00
         50  48.278568    0.00340     0.2042     12.250  1024.7931  50918.111    31.0813      1.366    7.69323     2.6174     2.6416    24.7866   13.72335 9.1938e-02      1.379 0.0000e+00
         51  48.278571    0.00347     0.2083     12.500  1024.7967  50929.027    31.0844      1.353    7.69615     2.6166     2.6256    24.7902   13.72812 1.0062e-01      1.366 0.0000e+00
         52  48.278573    0.00354     0.2125     12.750  1024.7918  50922.195    31.0777      1.332    7.69806     2.6198     2.6175    24.7855   13.73137 1.0595e-01      1.345 0.0000e+00
         53  48.278576    0.00361     0.2167     13.000  1024.7734  50888.205    31.0546      1.307    7.69942     2.6207     2.6167    24.7671   13.73392 1.0644e-01      1.319 0.0000e+00
         54  48.278579    0.00368     0.2208     13.250  1024.7413  50828.032    31.0150      1.278    7.70089     2.6138     2.6199    24.7353   13.73688 1.0007e-01      1.290 0.0000e+00
         55  48.278582    0.00375     0.2250     13.500  1024.7062  50762.680    30.9713      1.244    7.70303     2.5960     2.6207    24.7003   13.74099 8.7119e-02      1.256 0.0000e+00
         56  48.278585    0.00382     0.2292     13.750  1024.6829  50721.297    30.9416      1.207    7.70593     2.5676     2.6138    24.6771   13.74617 7.3059e-02      1.218 0.0000e+00
         57  48.278588    0.00389     0.2333     14.000  1024.6781  50717.458    30.9342      1.167    7.70976     2.5354     2.5960    24.6726   13.75259 6.1717e-02      1.178 0.0000e+00
         58  48.278591    0.00396     0.2375     14.250  1024.6922  50751.341    30.9494      1.127    7.71446     2.5106     2.5676    24.6868   13.76015 5.3445e-02      1.137 0.0000e+00
         59  48.278594    0.00403     0.2417     14.500  1024.7223  50816.088    30.9842      1.091    7.71886     2.5022     2.5354    24.7170   13.76694 4.7826e-02      1.101 0.0000e+00
         60  48.278597    0.00410     0.2458     14.750  1024.7636  50899.815    31.0338      1.064    7.72105     2.5146     2.5107    24.7585   13.76988 4.4347e-02      1.074 0.0000e+00
         61  48.278600    0.00417     0.2500     15.000  1024.8095  50987.595    31.0905      1.052    7.71968     2.5468     2.5023    24.8045   13.76685 4.2499e-02      1.062 0.0000e+00
         62  48.278602    0.00424     0.2542     15.250  1024.8512  51062.080    31.1439      1.057    7.71448     2.5915     2.5146    24.8462   13.75756 4.1874e-02      1.068 0.0000e+00
         63  48.278605    0.00431     0.2583     15.500  1024.8789  51105.098    31.1815      1.083    7.70627     2.6370     2.5468    24.8738   13.74352 4.2305e-02      1.094 0.0000e+00
         64  48.278608    0.00438     0.2625     15.750  1024.8816  51098.123    31.1889      1.128    7.69724     2.6714     2.5916    24.8763   13.72852 4.3909e-02      1.139 0.0000e+00
         65  48.278611    0.00444     0.2667     16.000  1024.8517  51030.263    31.1555      1.186    7.69023     2.6851     2.6371    24.8461   13.71741 4.7088e-02      1.197 0.0000e+00
         66  48.278614    0.00451     0.2708     16.250  1024.7899  50906.014    31.0810      1.250    7.68754     2.6710     2.6715    24.7839   13.71397 5.2434e-02      1.262 0.0000e+00
         67  48.278617    0.00458     0.2750     16.500  1024.7131  50759.312    30.9858      1.313    7.68991     2.6235     2.6852    24.7068   13.71915 6.0518e-02      1.325 0.0000e+00
         68  48.278620    0.00465     0.2792     16.750  1024.6547  50654.024    30.9110      1.364    7.69658     2.5444     2.6711    24.6482   13.73116 7.1636e-02      1.377 0.0000e+00
         69  48.278623    0.00472     0.2833     17.000  1024.6421  50642.875    30.8906      1.396    7.70686     2.4490     2.6235    24.6355   13.74839 8.5764e-02      1.409 0.0000e+00
         70  48.278626    0.00479     0.2875     17.250  1024.6792  50732.586    30.9295      1.402    7.72013     2.3579     2.5445    24.6725   13.76976 1.0007e-01      1.415 0.0000e+00
         71  48.278628    0.00486     0.2917     17.500  1024.7474  50885.302    31.0061      1.379    7.73461     2.2866     2.4490    24.7408   13.79262 1.0717e-01      1.392 0.0000e+00
         72  48.278631    0.00493     0.2958     17.750  1024.8249  51054.742    31.0949      1.330    7.74762     2.2425     2.3580    24.8186   13.81288 1.0137e-01      1.343 0.0000e+00
         73  48.278634    0.00500     0.3000     18.000  1024.9014  51217.363    31.1845      1.262    7.75678     2.2292     2.2866    24.8954   13.82680 8.6158e-02      1.274 0.0000e+00
         74  48.278637    0.00507     0.3042     18.250  1024.9709  51359.693    31.2678      1.182    7.76097     2.2504     2.2425    24.9652   13.83259 7.0380e-02      1.193 0.0000e+00
         75  48.278640    0.00514     0.3083     18.500  1025.0252  51465.197    31.3350      1.103    7.76000     2.3079     2.2292    25.0199   13.83009 5.8615e-02      1.113 0.0000e+00
         76  48.278643    0.00521     0.3125     18.750  1025.0629  51530.084    31.3846      1.034    7.75323     2.3926     2.2505    25.0580   13.81825 5.0713e-02      1.044 0.0000e+00
         77  48.278646    0.00528     0.3167     19.000  1025.0853  51556.065    31.4182      0.987    7.74025     2.4853     2.3080    25.0806   13.79639 4.5827e-02      0.997 0.0000e+00
         78  48.278649    0.00535     0.3208     19.250  1025.0811  51525.092    31.4209      0.969    7.72365     2.5682     2.3926    25.0765   13.76898 4.3052e-02      0.978 0.0000e+00
         79  48.278652    0.00542     0.3250     19.500  1025.0402  51423.663    31.3784      0.981    7.70791     2.6292     2.4854    25.0355   13.74358 4.1648e-02      0.991 0.0000e+00
         80  48.278655    0.00549     0.3292     19.750  1024.9666  51264.205    31.2938      1.021    7.69633     2.6608     2.5682    24.9617   13.72561 4.1240e-02      1.031 0.0000e+00
         81  48.278657    0.00556     0.3333     20.000  1024.8674  51063.070    31.1751      1.079    7.69078     2.6572     2.6293    24.8622   13.71805 4.1714e-02      1.090 0.0000e+00
         82  48.278660    0.00562     0.3375     20.250  1024.7589  50852.387    31.0418      1.147    7.69168     2.6151     2.6609    24.7534   13.72132 4.3083e-02      1.158 0.0000e+00
         83  48.278663    0.00569     0.3417     20.500  1024.6790  50704.151    30.9410      1.215    7.69767     2.5424     2.6573    24.6732   13.73255 4.5392e-02      1.226 0.0000e+00
         84  48.278666    0.00576     0.3458     20.750  1024.6591  50677.472    30.9117      1.273    7.70736     2.4601     2.6152    24.6530   13.74892 4.8775e-02      1.286 0.0000e+00
         85  48.278669    0.00583     0.3500     21.000  1024.6916  50756.667    30.9454      1.318    7.71966     2.3862     2.5425    24.6854   13.76876 5.3472e-02      1.331 0.0000e+00
