CTD-processing/allCTD/CNV--homogene/2014_10-18_t7_s22_cast141.cnv
* Sea-Bird SBE19plus Data File:
* FileName = C:\Users\kris.holderied\Documents\kasitsna\Research-Projects-and-Data\Oceanography-AK\CTD-Data-ALL-to-2014-10\2014-CTD-KachemakBay-CookInlet\2014-10-EVOSTC-CookInlet\2014-10-17-CookInlet-Tran7-Augustine\2014-10-18-CookInlet-Tran7-cast141.hex
* Software Version 1.59
* Temperature SN =  4141
* Conductivity SN =  4141
* System UpLoad Time = Oct 18 2014 20:43:58
** Cook Inlet LTM Tran7 (Augustine) west to east 2ND RUN
** Date: 10-18
** Station: 7-22
** Start time:  19:04
** Depth (m): 49
** Comment:  CTD time is Alaska Daylight time.  R/V Pandalus. Transducer  depth.
** Comment:
# nquan = 17
# nvalues = 675                         
# units = specified
# name 0 = scan: Scan Count
# name 1 = timeJ: Julian Days
# name 2 = timeH: Time, Elapsed [hours]
# name 3 = timeM: Time, Elapsed [minutes]
# name 4 = timeS: Time, Elapsed [seconds]
# name 5 = density00: Density [density, kg/m^3]
# name 6 = specc: Specific Conductance [uS/cm]
# name 7 = sal00: Salinity, Practical [PSU]
# name 8 = depSM: Depth [salt water, m], lat = 59.00
# name 9 = oxsolML/L: Oxygen Saturation, Garcia & Gordon [ml/l]
# name 10 = potemp090C: Potential Temperature [ITS-90, deg C]
# name 11 = tv290C: Temperature [ITS-90, deg C]
# name 12 = sigma-é00: Density [sigma-theta, kg/m^3]
# name 13 = n2satML/L: Nitrogen Saturation [ml/l]
# name 14 = par: PAR/Irradiance, Biospherical/Licor
# name 15 = prdM: Pressure, Strain Gauge [db]
# name 16 = flag:  0.000e+00
# span 0 =          1,        675       
# span 1 = 291.794769, 291.796719       
# span 2 =    0.00000,    0.04681       
# span 3 =     0.0000,     2.8083       
# span 4 =      0.000,    168.500       
# span 5 =  1000.0721,  1024.0070       
# span 6 =    676.291,  48519.497       
# span 7 =     0.3232,    30.7678       
# span 8 =     -0.298,     73.720       
# span 9 =    6.46274,    8.18118       
# span 10 =     8.3514,    10.4873      
# span 11 =     8.3514,    10.4891      
# span 12 =     0.0735,    23.6695      
# span 13 =   11.70572,   14.97791      
# span 14 = 3.9711e-02, 2.0640e+00      
# span 15 =     -0.301,     74.429      
# span 16 = 0.0000e+00, 0.0000e+00      
# interval = seconds: 0.25
# start_time = Oct 18 2014 19:04:28 [Instrument's time stamp, header]
# bad_flag = -9.990e-29
*END*
[from data line 596]
        597 291.796493    0.04139     2.4833    149.000  1023.8171  48297.502    30.6284     58.998    6.49893     9.9564     9.9669    23.5470   11.75481 3.9893e-02     59.563 0.0000e+00
        598 291.796496    0.04146     2.4875    149.250  1023.8211  48302.726    30.6317     59.231    6.49907     9.9545     9.9649    23.5499   11.75500 3.9872e-02     59.799 0.0000e+00
        599 291.796499    0.04153     2.4917    149.500  1023.8250  48307.860    30.6350     59.461    6.49922     9.9530     9.9629    23.5528   11.75520 3.9855e-02     60.031 0.0000e+00
        600 291.796502    0.04160     2.4958    149.750  1023.8282  48311.701    30.6373     59.681    6.49939     9.9522     9.9610    23.5550   11.75545 3.9846e-02     60.254 0.0000e+00
        601 291.796505    0.04167     2.5000    150.000  1023.8301  48313.380    30.6383     59.888    6.49956     9.9521     9.9595    23.5559   11.75573 3.9835e-02     60.462 0.0000e+00
        602 291.796508    0.04174     2.5042    150.250  1023.8310  48313.446    30.6381     60.079    6.49968     9.9525     9.9587    23.5559   11.75593 3.9818e-02     60.655 0.0000e+00
        603 291.796510    0.04181     2.5083    150.500  1023.8314  48312.763    30.6376     60.257    6.49971     9.9531     9.9587    23.5555   11.75599 3.9811e-02     60.834 0.0000e+00
        604 291.796513    0.04188     2.5125    150.750  1023.8314  48311.491    30.6367     60.424    6.49969     9.9537     9.9591    23.5547   11.75596 3.9816e-02     61.003 0.0000e+00
        605 291.796516    0.04194     2.5167    151.000  1023.8311  48309.837    30.6355     60.585    6.49965     9.9542     9.9597    23.5537   11.75591 3.9820e-02     61.166 0.0000e+00
        606 291.796519    0.04201     2.5208    151.250  1023.8309  48308.274    30.6344     60.746    6.49960     9.9546     9.9604    23.5528   11.75585 3.9815e-02     61.328 0.0000e+00
        607 291.796522    0.04208     2.5250    151.500  1023.8310  48307.229    30.6337     60.912    6.49956     9.9548     9.9609    23.5521   11.75578 3.9801e-02     61.495 0.0000e+00
        608 291.796525    0.04215     2.5292    151.750  1023.8315  48306.816    30.6334     61.089    6.49952     9.9548     9.9613    23.5518   11.75571 3.9800e-02     61.674 0.0000e+00
        609 291.796528    0.04222     2.5333    152.000  1023.8323  48306.783    30.6333     61.281    6.49949     9.9547     9.9616    23.5517   11.75567 3.9814e-02     61.868 0.0000e+00
        610 291.796531    0.04229     2.5375    152.250  1023.8334  48307.246    30.6335     61.490    6.49947     9.9543     9.9616    23.5519   11.75564 3.9820e-02     62.079 0.0000e+00
        611 291.796534    0.04236     2.5417    152.500  1023.8351  48308.507    30.6343     61.716    6.49946     9.9536     9.9614    23.5525   11.75561 3.9805e-02     62.308 0.0000e+00
        612 291.796536    0.04243     2.5458    152.750  1023.8374  48310.685    30.6357     61.956    6.49946     9.9525     9.9611    23.5537   11.75558 3.9781e-02     62.550 0.0000e+00
        613 291.796539    0.04250     2.5500    153.000  1023.8402  48313.942    30.6378     62.202    6.49946     9.9510     9.9604    23.5554   11.75557 3.9764e-02     62.798 0.0000e+00
        614 291.796542    0.04257     2.5542    153.250  1023.8436  48318.100    30.6405     62.448    6.49950     9.9493     9.9593    23.5577   11.75560 3.9751e-02     63.046 0.0000e+00
        615 291.796545    0.04264     2.5583    153.500  1023.8471  48322.456    30.6433     62.685    6.49960     9.9477     9.9579    23.5601   11.75573 3.9741e-02     63.286 0.0000e+00
        616 291.796548    0.04271     2.5625    153.750  1023.8503  48326.379    30.6457     62.906    6.49974     9.9463     9.9562    23.5623   11.75592 3.9740e-02     63.509 0.0000e+00
        617 291.796551    0.04278     2.5667    154.000  1023.8531  48329.781    30.6478     63.106    6.49988     9.9451     9.9546    23.5642   11.75613 3.9732e-02     63.711 0.0000e+00
        618 291.796554    0.04285     2.5708    154.250  1023.8557  48332.919    30.6498     63.283    6.49999     9.9442     9.9532    23.5659   11.75629 3.9717e-02     63.890 0.0000e+00
        619 291.796557    0.04292     2.5750    154.500  1023.8580  48335.774    30.6516     63.439    6.50007     9.9434     9.9521    23.5675   11.75642 3.9711e-02     64.047 0.0000e+00
        620 291.796560    0.04299     2.5792    154.750  1023.8598  48337.954    30.6529     63.580    6.50015     9.9430     9.9511    23.5687   11.75653 3.9715e-02     64.189 0.0000e+00
        621 291.796562    0.04306     2.5833    155.000  1023.8611  48339.177    30.6536     63.712    6.50022     9.9428     9.9504    23.5694   11.75664 3.9722e-02     64.323 0.0000e+00
        622 291.796565    0.04312     2.5875    155.250  1023.8618  48339.277    30.6536     63.847    6.50028     9.9431     9.9500    23.5695   11.75674 3.9733e-02     64.459 0.0000e+00
        623 291.796568    0.04319     2.5917    155.500  1023.8618  48338.192    30.6528     63.992    6.50034     9.9436     9.9498    23.5689   11.75684 3.9750e-02     64.606 0.0000e+00
        624 291.796571    0.04326     2.5958    155.750  1023.8617  48336.600    30.6516     64.154    6.50035     9.9443     9.9501    23.5679   11.75687 3.9772e-02     64.770 0.0000e+00
        625 291.796574    0.04333     2.6000    156.000  1023.8617  48335.321    30.6507     64.336    6.50030     9.9448     9.9507    23.5671   11.75681 3.9788e-02     64.953 0.0000e+00
        626 291.796577    0.04340     2.6042    156.250  1023.8620  48334.421    30.6501     64.536    6.50024     9.9452     9.9513    23.5665   11.75671 3.9789e-02     65.156 0.0000e+00
        627 291.796580    0.04347     2.6083    156.500  1023.8626  48333.886    30.6497     64.751    6.50017     9.9455     9.9519    23.5661   11.75661 3.9789e-02     65.373 0.0000e+00
        628 291.796583    0.04354     2.6125    156.750  1023.8634  48333.729    30.6495     64.975    6.50012     9.9458     9.9523    23.5659   11.75652 3.9800e-02     65.599 0.0000e+00
        629 291.796586    0.04361     2.6167    157.000  1023.8643  48333.623    30.6494     65.202    6.50008     9.9460     9.9527    23.5658   11.75645 3.9806e-02     65.828 0.0000e+00
        630 291.796589    0.04368     2.6208    157.250  1023.8651  48333.334    30.6492     65.427    6.50005     9.9462     9.9529    23.5656   11.75641 3.9798e-02     66.055 0.0000e+00
        631 291.796591    0.04375     2.6250    157.500  1023.8660  48333.235    30.6490     65.648    6.50002     9.9461     9.9532    23.5654   11.75636 3.9796e-02     66.278 0.0000e+00
        632 291.796594    0.04382     2.6292    157.750  1023.8672  48333.866    30.6494     65.862    6.49997     9.9457     9.9534    23.5657   11.75629 3.9814e-02     66.494 0.0000e+00
        633 291.796597    0.04389     2.6333    158.000  1023.8689  48335.370    30.6504     66.070    6.49994     9.9450     9.9534    23.5664   11.75622 3.9832e-02     66.704 0.0000e+00
        634 291.796600    0.04396     2.6375    158.250  1023.8710  48337.605    30.6518     66.271    6.49993     9.9439     9.9530    23.5676   11.75619 3.9826e-02     66.907 0.0000e+00
        635 291.796603    0.04403     2.6417    158.500  1023.8734  48340.242    30.6535     66.467    6.49996     9.9427     9.9523    23.5690   11.75622 3.9806e-02     67.105 0.0000e+00
        636 291.796606    0.04410     2.6458    158.750  1023.8758  48343.178    30.6553     66.659    6.50003     9.9414     9.9512    23.5706   11.75631 3.9795e-02     67.299 0.0000e+00
        637 291.796609    0.04417     2.6500    159.000  1023.8786  48346.628    30.6575     66.847    6.50011     9.9399     9.9500    23.5725   11.75641 3.9788e-02     67.489 0.0000e+00
        638 291.796612    0.04424     2.6542    159.250  1023.8816  48350.464    30.6600     67.033    6.50020     9.9383     9.9487    23.5747   11.75653 3.9781e-02     67.677 0.0000e+00
        639 291.796615    0.04431     2.6583    159.500  1023.8846  48354.321    30.6624     67.221    6.50031     9.9367     9.9472    23.5768   11.75668 3.9778e-02     67.866 0.0000e+00
        640 291.796617    0.04437     2.6625    159.750  1023.8875  48358.004    30.6648     67.412    6.50043     9.9354     9.9457    23.5789   11.75686 3.9776e-02     68.059 0.0000e+00
        641 291.796620    0.04444     2.6667    160.000  1023.8903  48361.381    30.6669     67.611    6.50056     9.9341     9.9442    23.5808   11.75704 3.9778e-02     68.260 0.0000e+00
        642 291.796623    0.04451     2.6708    160.250  1023.8932  48364.751    30.6690     67.818    6.50066     9.9324     9.9429    23.5827   11.75718 3.9792e-02     68.469 0.0000e+00
        643 291.796626    0.04458     2.6750    160.500  1023.8968  48369.642    30.6722     68.034    6.50071     9.9294     9.9416    23.5854   11.75722 3.9815e-02     68.687 0.0000e+00
        644 291.796629    0.04465     2.6792    160.750  1023.9028  48378.511    30.6781     68.258    6.50070     9.9241     9.9400    23.5903   11.75713 3.9839e-02     68.914 0.0000e+00
        645 291.796632    0.04472     2.6833    161.000  1023.9119  48392.910    30.6878     68.489    6.50073     9.9168     9.9369    23.5983   11.75707 3.9858e-02     69.147 0.0000e+00
        646 291.796635    0.04479     2.6875    161.250  1023.9235  48411.763    30.7003     68.723    6.50096     9.9088     9.9316    23.6089   11.75730 3.9866e-02     69.383 0.0000e+00
        647 291.796638    0.04486     2.6917    161.500  1023.9359  48431.708    30.7133     68.956    6.50145     9.9014     9.9244    23.6202   11.75796 3.9864e-02     69.618 0.0000e+00
        648 291.796641    0.04493     2.6958    161.750  1023.9474  48449.873    30.7249     69.182    6.50210     9.8953     9.9164    23.6306   11.75889 3.9865e-02     69.847 0.0000e+00
        649 291.796644    0.04500     2.7000    162.000  1023.9572  48465.234    30.7347     69.400    6.50274     9.8904     9.9090    23.6394   11.75984 3.9866e-02     70.067 0.0000e+00
        650 291.796646    0.04507     2.7042    162.250  1023.9653  48477.630    30.7426     69.607    6.50329     9.8868     9.9029    23.6465   11.76066 3.9850e-02     70.276 0.0000e+00
        651 291.796649    0.04514     2.7083    162.500  1023.9715  48486.998    30.7485     69.803    6.50373     9.8842     9.8981    23.6519   11.76132 3.9826e-02     70.474 0.0000e+00
        652 291.796652    0.04521     2.7125    162.750  1023.9761  48493.418    30.7525     69.991    6.50408     9.8825     9.8945    23.6556   11.76184 3.9814e-02     70.663 0.0000e+00
        653 291.796655    0.04528     2.7167    163.000  1023.9793  48497.560    30.7550     70.173    6.50434     9.8814     9.8919    23.6580   11.76225 3.9814e-02     70.848 0.0000e+00
        654 291.796658    0.04535     2.7208    163.250  1023.9817  48500.270    30.7566     70.356    6.50452     9.8808     9.8902    23.6595   11.76253 3.9820e-02     71.032 0.0000e+00
        655 291.796661    0.04542     2.7250    163.500  1023.9835  48502.022    30.7576     70.544    6.50463     9.8804     9.8891    23.6605   11.76270 3.9842e-02     71.222 0.0000e+00
        656 291.796664    0.04549     2.7292    163.750  1023.9850  48503.181    30.7583     70.742    6.50469     9.8801     9.8885    23.6611   11.76278 3.9873e-02     71.422 0.0000e+00
        657 291.796667    0.04556     2.7333    164.000  1023.9865  48504.163    30.7588     70.954    6.50471     9.8798     9.8882    23.6616   11.76282 3.9896e-02     71.636 0.0000e+00
        658 291.796670    0.04562     2.7375    164.250  1023.9881  48505.279    30.7595     71.182    6.50473     9.8794     9.8879    23.6622   11.76283 3.9907e-02     71.866 0.0000e+00
        659 291.796672    0.04569     2.7417    164.500  1023.9898  48506.481    30.7602     71.422    6.50475     9.8790     9.8875    23.6628   11.76285 3.9908e-02     72.108 0.0000e+00
        660 291.796675    0.04576     2.7458    164.750  1023.9915  48507.651    30.7609     71.668    6.50477     9.8785     9.8872    23.6634   11.76288 3.9908e-02     72.356 0.0000e+00
        661 291.796678    0.04583     2.7500    165.000  1023.9932  48508.854    30.7616     71.910    6.50480     9.8781     9.8868    23.6640   11.76292 3.9901e-02     72.602 0.0000e+00
        662 291.796681    0.04590     2.7542    165.250  1023.9949  48510.048    30.7623     72.141    6.50483     9.8776     9.8864    23.6646   11.76296 3.9879e-02     72.834 0.0000e+00
        663 291.796684    0.04597     2.7583    165.500  1023.9964  48511.148    30.7629     72.351    6.50486     9.8772     9.8859    23.6651   11.76301 3.9857e-02     73.047 0.0000e+00
        664 291.796687    0.04604     2.7625    165.750  1023.9978  48512.174    30.7635     72.537    6.50490     9.8768     9.8855    23.6657   11.76307 3.9841e-02     73.234 0.0000e+00
        665 291.796690    0.04611     2.7667    166.000  1023.9991  48513.221    30.7641     72.697    6.50493     9.8764     9.8851    23.6662   11.76312 3.9825e-02     73.396 0.0000e+00
        666 291.796693    0.04618     2.7708    166.250  1024.0003  48514.382    30.7648     72.832    6.50496     9.8761     9.8847    23.6668   11.76315 3.9813e-02     73.533 0.0000e+00
        667 291.796696    0.04625     2.7750    166.500  1024.0016  48515.649    30.7656     72.950    6.50497     9.8758     9.8844    23.6675   11.76317 3.9816e-02     73.651 0.0000e+00
        668 291.796698    0.04632     2.7792    166.750  1024.0027  48516.762    30.7663     73.058    6.50499     9.8756     9.8841    23.6681   11.76318 3.9839e-02     73.760 0.0000e+00
        669 291.796701    0.04639     2.7833    167.000  1024.0035  48517.503    30.7668     73.165    6.50501     9.8754     9.8838    23.6685   11.76321 3.9877e-02     73.869 0.0000e+00
        670 291.796704    0.04646     2.7875    167.250  1024.0043  48518.046    30.7671     73.278    6.50503     9.8752     9.8836    23.6688   11.76324 3.9935e-02     73.982 0.0000e+00
        671 291.796707    0.04653     2.7917    167.500  1024.0051  48518.614    30.7674     73.396    6.50504     9.8750     9.8834    23.6691   11.76326 4.0032e-02     74.102 0.0000e+00
        672 291.796710    0.04660     2.7958    167.750  1024.0059  48519.082    30.7676     73.514    6.50505     9.8749     9.8832    23.6693   11.76328 4.0195e-02     74.221 0.0000e+00
        673 291.796713    0.04667     2.8000    168.000  1024.0065  48519.321    30.7677     73.619    6.50507     9.8748     9.8831    23.6694   11.76331 4.0460e-02     74.327 0.0000e+00
        674 291.796716    0.04674     2.8042    168.250  1024.0069  48519.446    30.7678     73.693    6.50509 -9.990e-29     9.8829    23.6695   11.76334 4.0908e-02     74.402 0.0000e+00
        675 291.796719    0.04681     2.8083    168.500  1024.0070  48519.497    30.7678     73.720    6.50510 -9.990e-29     9.8829    23.6695   11.76335 4.1193e-02     74.429 0.0000e+00
