CTD-processing/allCTD/CNV--homogene/2014_04-11_t9_s03_cast029.cnv
* Sea-Bird SBE19plus Data File:
* FileName = C:\Users\kris.holderied\Documents\kasitsna\Research-Projects-and-Data\Oceanography-AK\CTD-Data-ALL-to-2014-03\2014-CTD-KachemakBay-CookInlet\2014-04-EVOSTC-CookInlet-Ocean\2014-04-11-CookInlet-Tran9-HomerSpit\2014-04-11-CookInlet-Tran9-HomerSpit-cast029.hex
* Software Version 1.59
* Temperature SN =  5028
* Conductivity SN =  5028
* System UpLoad Time = May 27 2014 23:25:20
** Cook Inlet LTM Transect 9  (Homer Spit) South to North
** Date: 2014-04-11
** Station: 9-03
** Start time: 20:08
** Depth (m): 91
** Comment:  CTD time is Alaska Daylight time
** Comment:
# nquan = 17
# nvalues = 627                         
# units = specified
# name 0 = scan: Scan Count
# name 1 = timeJ: Julian Days
# name 2 = timeH: Time, Elapsed [hours]
# name 3 = timeM: Time, Elapsed [minutes]
# name 4 = timeS: Time, Elapsed [seconds]
# name 5 = density00: Density [density, kg/m^3]
# name 6 = specc: Specific Conductance [uS/cm]
# name 7 = sal00: Salinity, Practical [PSU]
# name 8 = depSM: Depth [salt water, m], lat = 59.00
# name 9 = oxsolML/L: Oxygen Saturation, Garcia & Gordon [ml/l]
# name 10 = potemp090C: Potential Temperature [ITS-90, deg C]
# name 11 = tv290C: Temperature [ITS-90, deg C]
# name 12 = sigma-é00: Density [sigma-theta, kg/m^3]
# name 13 = n2satML/L: Nitrogen Saturation [ml/l]
# name 14 = par: PAR/Irradiance, Biospherical/Licor
# name 15 = prdM: Pressure, Strain Gauge [db]
# name 16 = flag:  0.000e+00
# span 0 =          1,        627       
# span 1 = 101.838472, 101.840284       
# span 2 =    0.00000,    0.04347       
# span 3 =     0.0000,     2.6083       
# span 4 =      0.000,    156.500       
# span 5 =  1001.1547,  1025.7502       
# span 6 =   2928.983,  51569.610       
# span 7 =     1.4678,    31.9951       
# span 8 =      0.052,     91.113       
# span 9 =    7.26267,    9.09302       
# span 10 =     3.9510,     4.7300      
# span 11 =     3.9510,     4.7365      
# span 12 =     1.1544,    25.3226      
# span 13 =   13.00079,   16.49430      
# span 14 = 3.7912e-02, 6.6344e+01      
# span 15 =      0.052,     91.993      
# span 16 = 0.0000e+00, 0.0000e+00      
# interval = seconds: 0.25
# start_time = Apr 11 2014 20:07:24 [Instrument's time stamp, header]
# bad_flag = -9.990e-29
*END*
[from data line 596]
        597 101.840197    0.04139     2.4833    149.000  1025.7101  51561.680    31.9934     82.807    7.26308     4.7289     4.7347    25.3213   13.00148 3.7912e-02     83.606 0.0000e+00
        598 101.840200    0.04146     2.4875    149.250  1025.7116  51562.222    31.9936     83.104    7.26305     4.7290     4.7347    25.3215   13.00143 3.7912e-02     83.905 0.0000e+00
        599 101.840203    0.04153     2.4917    149.500  1025.7133  51562.857    31.9939     83.404    7.26302     4.7292     4.7348    25.3217   13.00137 3.7912e-02     84.208 0.0000e+00
        600 101.840205    0.04160     2.4958    149.750  1025.7150  51563.468    31.9942     83.706    7.26299     4.7293     4.7350    25.3220   13.00131 3.7912e-02     84.513 0.0000e+00
        601 101.840208    0.04167     2.5000    150.000  1025.7165  51563.929    31.9944     84.011    7.26295     4.7294     4.7351    25.3221   13.00125 3.7912e-02     84.821 0.0000e+00
        602 101.840211    0.04174     2.5042    150.250  1025.7180  51564.263    31.9945     84.314    7.26292     4.7295     4.7353    25.3222   13.00120 3.7912e-02     85.127 0.0000e+00
        603 101.840214    0.04181     2.5083    150.500  1025.7195  51564.544    31.9945     84.615    7.26290     4.7295     4.7354    25.3222   13.00117 3.7912e-02     85.432 0.0000e+00
        604 101.840217    0.04188     2.5125    150.750  1025.7209  51564.749    31.9946     84.914    7.26288     4.7296     4.7355    25.3222   13.00114 3.7912e-02     85.734 0.0000e+00
        605 101.840220    0.04194     2.5167    151.000  1025.7222  51564.881    31.9945     85.212    7.26286     4.7296     4.7356    25.3222   13.00111 3.7912e-02     86.035 0.0000e+00
        606 101.840223    0.04201     2.5208    151.250  1025.7236  51565.026    31.9945     85.511    7.26285     4.7297     4.7357    25.3221   13.00109 3.7912e-02     86.337 0.0000e+00
        607 101.840226    0.04208     2.5250    151.500  1025.7250  51565.226    31.9945     85.812    7.26284     4.7297     4.7357    25.3221   13.00107 3.7912e-02     86.640 0.0000e+00
        608 101.840229    0.04215     2.5292    151.750  1025.7264  51565.465    31.9946     86.113    7.26283     4.7297     4.7358    25.3222   13.00106 3.7912e-02     86.944 0.0000e+00
        609 101.840231    0.04222     2.5333    152.000  1025.7279  51565.740    31.9946     86.415    7.26282     4.7297     4.7358    25.3222   13.00104 3.7912e-02     87.249 0.0000e+00
        610 101.840234    0.04229     2.5375    152.250  1025.7294  51566.026    31.9946     86.718    7.26281     4.7297     4.7358    25.3223   13.00103 3.7912e-02     87.555 0.0000e+00
        611 101.840237    0.04236     2.5417    152.500  1025.7308  51566.261    31.9947     87.021    7.26280     4.7297     4.7359    25.3223   13.00101 3.7912e-02     87.861 0.0000e+00
        612 101.840240    0.04243     2.5458    152.750  1025.7322  51566.457    31.9947     87.324    7.26280     4.7298     4.7359    25.3223   13.00100 3.7912e-02     88.167 0.0000e+00
        613 101.840243    0.04250     2.5500    153.000  1025.7336  51566.691    31.9947     87.628    7.26279     4.7298     4.7360    25.3223   13.00099 3.7912e-02     88.474 0.0000e+00
        614 101.840246    0.04257     2.5542    153.250  1025.7351  51566.969    31.9947     87.930    7.26278     4.7298     4.7360    25.3223   13.00097 3.7912e-02     88.779 0.0000e+00
        615 101.840249    0.04264     2.5583    153.500  1025.7365  51567.254    31.9948     88.231    7.26277     4.7298     4.7360    25.3223   13.00096 3.7912e-02     89.083 0.0000e+00
        616 101.840252    0.04271     2.5625    153.750  1025.7380  51567.555    31.9948     88.531    7.26276     4.7298     4.7360    25.3224   13.00094 3.7912e-02     89.386 0.0000e+00
        617 101.840255    0.04278     2.5667    154.000  1025.7394  51567.861    31.9949     88.828    7.26275     4.7299     4.7361    25.3224   13.00092 3.7912e-02     89.686 0.0000e+00
        618 101.840258    0.04285     2.5708    154.250  1025.7408  51568.135    31.9949     89.124    7.26274     4.7299     4.7361    25.3225   13.00090 3.7912e-02     89.985 0.0000e+00
        619 101.840260    0.04292     2.5750    154.500  1025.7422  51568.385    31.9950     89.416    7.26273     4.7299     4.7362    25.3225   13.00088 3.7912e-02     90.280 0.0000e+00
        620 101.840263    0.04299     2.5792    154.750  1025.7436  51568.640    31.9950     89.705    7.26272     4.7299     4.7363    25.3225   13.00086 3.7912e-02     90.571 0.0000e+00
        621 101.840266    0.04306     2.5833    155.000  1025.7450  51568.896    31.9951     89.988    7.26270     4.7300     4.7363    25.3226   13.00084 3.7912e-02     90.857 0.0000e+00
        622 101.840269    0.04312     2.5875    155.250  1025.7463  51569.115    31.9951     90.262    7.26269     4.7300     4.7364    25.3226   13.00082 3.7912e-02     91.134 0.0000e+00
        623 101.840272    0.04319     2.5917    155.500  1025.7475  51569.276    31.9951     90.520    7.26269     4.7300     4.7364    25.3226   13.00081 3.7912e-02     91.394 0.0000e+00
        624 101.840275    0.04326     2.5958    155.750  1025.7485  51569.414    31.9951     90.751    7.26268     4.7300     4.7364    25.3226   13.00080 3.7912e-02     91.627 0.0000e+00
        625 101.840278    0.04333     2.6000    156.000  1025.7494  51569.543    31.9951     90.940    7.26268     4.7300     4.7365    25.3226   13.00080 3.7912e-02     91.819 0.0000e+00
        626 101.840281    0.04340     2.6042    156.250  1025.7500  51569.605    31.9950     91.068    7.26267 -9.990e-29     4.7365    25.3225   13.00079 3.7912e-02     91.947 0.0000e+00
        627 101.840284    0.04347     2.6083    156.500  1025.7502  51569.610    31.9950     91.113    7.26267 -9.990e-29     4.7365    25.3225   13.00079 3.7912e-02     91.993 0.0000e+00
