CTD-processing/allCTD/CNV--homogene/2014_06-18_t9_s04_cast148.cnv
* Sea-Bird SBE19plus Data File:
* FileName = C:\Users\kris.holderied\Documents\kasitsna\Research-Projects-and-Data\Oceanography-AK\CTD-Data-ALL-to-2014-03\2014-CTD-KachemakBay-CookInlet\2014-06-18-CookInlet-HomerSpit-monthly\2014-06-18-CookInlet-T9-HomerSpit-cast148.hex
* Software Version 1.59
* Temperature SN =  4141
* Conductivity SN =  4141
* System UpLoad Time = Jul 20 2014 19:57:09
** Cook Inlet LTM Transect 9  (Homer Spit) South to North
** Date: 2014-06-18
** Station: 9-04
** Start time: 17:31
** Depth (m): 94.5
** Comment:  CTD time is Alaska Daylight time
** Comment:
# nquan = 17
# nvalues = 737                         
# units = specified
# name 0 = scan: Scan Count
# name 1 = timeJ: Julian Days
# name 2 = timeH: Time, Elapsed [hours]
# name 3 = timeM: Time, Elapsed [minutes]
# name 4 = timeS: Time, Elapsed [seconds]
# name 5 = density00: Density [density, kg/m^3]
# name 6 = specc: Specific Conductance [uS/cm]
# name 7 = sal00: Salinity, Practical [PSU]
# name 8 = depSM: Depth [salt water, m], lat = 59.00
# name 9 = oxsolML/L: Oxygen Saturation, Garcia & Gordon [ml/l]
# name 10 = potemp090C: Potential Temperature [ITS-90, deg C]
# name 11 = tv290C: Temperature [ITS-90, deg C]
# name 12 = sigma-é00: Density [sigma-theta, kg/m^3]
# name 13 = n2satML/L: Nitrogen Saturation [ml/l]
# name 14 = par: PAR/Irradiance, Biospherical/Licor
# name 15 = prdM: Pressure, Strain Gauge [db]
# name 16 = flag:  0.000e+00
# span 0 =          1,        737       
# span 1 = 169.730984, 169.733113       
# span 2 =    0.00000,    0.05111       
# span 3 =     0.0000,     3.0667       
# span 4 =      0.000,    184.000       
# span 5 =  1000.1955,  1025.3885       
# span 6 =    976.685,  50765.848       
# span 7 =     0.5024,    31.8016       
# span 8 =     -0.104,     90.507       
# span 9 =    6.57368,    8.10796       
# span 10 =     6.4760,     9.7562      
# span 11 =     6.4836,     9.7565      
# span 12 =     0.1960,    24.9675      
# span 13 =   11.89143,   14.85354      
# span 14 = 4.2625e-02, 2.9354e+00      
# span 15 =     -0.105,     91.381      
# span 16 = 0.0000e+00, 0.0000e+00      
# interval = seconds: 0.25
# start_time = Jun 18 2014 17:32:37 [Instrument's time stamp, header]
# bad_flag = -9.990e-29
*END*
[from data line 681]
        682 169.732954    0.04729     2.8375    170.250  1025.3151  50698.937    31.7742     81.563    6.96603     6.5374     6.5627    24.9359   12.51366 4.2673e-02     82.350 0.0000e+00
        683 169.732957    0.04736     2.8417    170.500  1025.3184  50703.741    31.7757     81.750    6.96749     6.5297     6.5533    24.9383   12.51604 4.2667e-02     82.538 0.0000e+00
        684 169.732960    0.04743     2.8458    170.750  1025.3231  50711.375    31.7792     81.927    6.96878     6.5238     6.5443    24.9422   12.51814 4.2666e-02     82.717 0.0000e+00
        685 169.732963    0.04750     2.8500    171.000  1025.3281  50719.327    31.7832     82.096    6.96984     6.5196     6.5367    24.9463   12.51984 4.2683e-02     82.888 0.0000e+00
        686 169.732966    0.04757     2.8542    171.250  1025.3322  50725.849    31.7865     82.263    6.97064     6.5167     6.5308    24.9497   12.52111 4.2707e-02     83.056 0.0000e+00
        687 169.732969    0.04764     2.8583    171.500  1025.3355  50730.563    31.7889     82.434    6.97120     6.5146     6.5266    24.9521   12.52202 4.2730e-02     83.228 0.0000e+00
        688 169.732972    0.04771     2.8625    171.750  1025.3379  50733.661    31.7905     82.611    6.97161     6.5130     6.5237    24.9537   12.52267 4.2739e-02     83.407 0.0000e+00
        689 169.732975    0.04778     2.8667    172.000  1025.3397  50735.613    31.7914     82.794    6.97190     6.5117     6.5216    24.9546   12.52315 4.2722e-02     83.592 0.0000e+00
        690 169.732977    0.04785     2.8708    172.250  1025.3412  50736.966    31.7919     82.980    6.97214     6.5106     6.5200    24.9553   12.52353 4.2697e-02     83.780 0.0000e+00
        691 169.732980    0.04792     2.8750    172.500  1025.3426  50738.078    31.7924     83.163    6.97233     6.5097     6.5187    24.9558   12.52383 4.2683e-02     83.965 0.0000e+00
        692 169.732983    0.04799     2.8792    172.750  1025.3438  50739.048    31.7928     83.339    6.97248     6.5090     6.5177    24.9563   12.52408 4.2691e-02     84.143 0.0000e+00
        693 169.732986    0.04806     2.8833    173.000  1025.3450  50739.860    31.7931     83.508    6.97261     6.5084     6.5168    24.9566   12.52428 4.2715e-02     84.312 0.0000e+00
        694 169.732989    0.04813     2.8875    173.250  1025.3460  50740.517    31.7933     83.669    6.97270     6.5079     6.5162    24.9569   12.52444 4.2735e-02     84.476 0.0000e+00
        695 169.732992    0.04819     2.8917    173.500  1025.3469  50741.012    31.7935     83.828    6.97279     6.5075     6.5156    24.9571   12.52458 4.2745e-02     84.636 0.0000e+00
        696 169.732995    0.04826     2.8958    173.750  1025.3477  50741.252    31.7935     83.986    6.97287     6.5070     6.5151    24.9572   12.52471 4.2746e-02     84.795 0.0000e+00
        697 169.732998    0.04833     2.9000    174.000  1025.3483  50741.163    31.7933     84.143    6.97295     6.5063     6.5146    24.9570   12.52485 4.2745e-02     84.954 0.0000e+00
        698 169.733001    0.04840     2.9042    174.250  1025.3488  50740.823    31.7928     84.296    6.97305     6.5053     6.5141    24.9568   12.52503 4.2756e-02     85.109 0.0000e+00
        699 169.733003    0.04847     2.9083    174.500  1025.3493  50740.517    31.7924     84.440    6.97319     6.5043     6.5134    24.9565   12.52525 4.2767e-02     85.254 0.0000e+00
        700 169.733006    0.04854     2.9125    174.750  1025.3499  50740.621    31.7923     84.571    6.97334     6.5033     6.5125    24.9565   12.52551 4.2766e-02     85.387 0.0000e+00
        701 169.733009    0.04861     2.9167    175.000  1025.3507  50741.213    31.7925     84.690    6.97350     6.5024     6.5115    24.9568   12.52577 4.2757e-02     85.506 0.0000e+00
        702 169.733012    0.04868     2.9208    175.250  1025.3515  50742.038    31.7928     84.798    6.97364     6.5017     6.5105    24.9572   12.52600 4.2747e-02     85.616 0.0000e+00
        703 169.733015    0.04875     2.9250    175.500  1025.3524  50742.803    31.7931     84.901    6.97377     6.5011     6.5096    24.9575   12.52621 4.2736e-02     85.719 0.0000e+00
        704 169.733018    0.04882     2.9292    175.750  1025.3531  50743.339    31.7933     85.003    6.97388     6.5005     6.5089    24.9578   12.52638 4.2728e-02     85.822 0.0000e+00
        705 169.733021    0.04889     2.9333    176.000  1025.3537  50743.583    31.7933     85.112    6.97398     6.4998     6.5083    24.9579   12.52654 4.2727e-02     85.933 0.0000e+00
        706 169.733024    0.04896     2.9375    176.250  1025.3542  50743.582    31.7931     85.237    6.97408     6.4989     6.5077    24.9578   12.52672 4.2732e-02     86.058 0.0000e+00
        707 169.733027    0.04903     2.9417    176.500  1025.3547  50743.448    31.7928     85.378    6.97421     6.4977     6.5070    24.9577   12.52693 4.2736e-02     86.201 0.0000e+00
        708 169.733030    0.04910     2.9458    176.750  1025.3553  50743.346    31.7925     85.533    6.97437     6.4964     6.5061    24.9576   12.52721 4.2732e-02     86.358 0.0000e+00
        709 169.733032    0.04917     2.9500    177.000  1025.3561  50743.496    31.7923     85.699    6.97456     6.4951     6.5050    24.9576   12.52753 4.2721e-02     86.525 0.0000e+00
        710 169.733035    0.04924     2.9542    177.250  1025.3570  50743.966    31.7923     85.870    6.97477     6.4939     6.5037    24.9577   12.52787 4.2723e-02     86.699 0.0000e+00
        711 169.733038    0.04931     2.9583    177.500  1025.3582  50744.694    31.7925     86.045    6.97497     6.4927     6.5024    24.9580   12.52820 4.2746e-02     86.876 0.0000e+00
        712 169.733041    0.04938     2.9625    177.750  1025.3593  50745.455    31.7927     86.223    6.97516     6.4915     6.5012    24.9583   12.52851 4.2766e-02     87.055 0.0000e+00
        713 169.733044    0.04944     2.9667    178.000  1025.3603  50745.819    31.7927     86.402    6.97535     6.4901     6.5000    24.9584   12.52883 4.2788e-02     87.236 0.0000e+00
        714 169.733047    0.04951     2.9708    178.250  1025.3609  50745.558    31.7922     86.584    6.97556     6.4883     6.4988    24.9582   12.52919 4.2825e-02     87.420 0.0000e+00
        715 169.733050    0.04958     2.9750    178.500  1025.3614  50745.248    31.7916     86.767    6.97582     6.4862     6.4974    24.9580   12.52962 4.2839e-02     87.605 0.0000e+00
        716 169.733053    0.04965     2.9792    178.750  1025.3624  50745.683    31.7915     86.952    6.97612     6.4842     6.4956    24.9581   12.53011 4.2832e-02     87.791 0.0000e+00
        717 169.733056    0.04972     2.9833    179.000  1025.3639  50747.001    31.7920     87.138    6.97642     6.4823     6.4936    24.9587   12.53061 4.2829e-02     87.979 0.0000e+00
        718 169.733058    0.04979     2.9875    179.250  1025.3658  50749.050    31.7929     87.326    6.97671     6.4807     6.4916    24.9597   12.53107 4.2827e-02     88.169 0.0000e+00
        719 169.733061    0.04986     2.9917    179.500  1025.3679  50751.479    31.7942     87.516    6.97696     6.4794     6.4897    24.9609   12.53146 4.2816e-02     88.361 0.0000e+00
        720 169.733064    0.04993     2.9958    179.750  1025.3700  50753.797    31.7954     87.708    6.97715     6.4785     6.4882    24.9621   12.53177 4.2793e-02     88.555 0.0000e+00
        721 169.733067    0.05000     3.0000    180.000  1025.3719  50755.781    31.7965     87.901    6.97731     6.4778     6.4869    24.9630   12.53201 4.2777e-02     88.750 0.0000e+00
        722 169.733070    0.05007     3.0042    180.250  1025.3736  50757.408    31.7973     88.094    6.97742     6.4773     6.4860    24.9638   12.53219 4.2780e-02     88.945 0.0000e+00
        723 169.733073    0.05014     3.0083    180.500  1025.3751  50758.682    31.7980     88.286    6.97750     6.4769     6.4853    24.9645   12.53231 4.2782e-02     89.138 0.0000e+00
        724 169.733076    0.05021     3.0125    180.750  1025.3764  50759.598    31.7984     88.475    6.97756     6.4767     6.4848    24.9649   12.53240 4.2786e-02     89.330 0.0000e+00
        725 169.733079    0.05028     3.0167    181.000  1025.3776  50760.265    31.7987     88.664    6.97760     6.4765     6.4845    24.9652   12.53247 4.2789e-02     89.520 0.0000e+00
        726 169.733082    0.05035     3.0208    181.250  1025.3787  50760.887    31.7990     88.852    6.97763     6.4764     6.4842    24.9654   12.53250 4.2783e-02     89.710 0.0000e+00
        727 169.733084    0.05042     3.0250    181.500  1025.3799  50761.560    31.7994     89.039    6.97763     6.4763     6.4841    24.9657   12.53251 4.2786e-02     89.899 0.0000e+00
        728 169.733087    0.05049     3.0292    181.750  1025.3811  50762.292    31.7998     89.226    6.97763     6.4762     6.4840    24.9661   12.53250 4.2807e-02     90.087 0.0000e+00
        729 169.733090    0.05056     3.0333    182.000  1025.3822  50762.992    31.8001     89.409    6.97763     6.4761     6.4838    24.9664   12.53250 4.2822e-02     90.273 0.0000e+00
        730 169.733093    0.05063     3.0375    182.250  1025.3833  50763.580    31.8004     89.590    6.97764     6.4761     6.4837    24.9666   12.53250 4.2823e-02     90.455 0.0000e+00
        731 169.733096    0.05069     3.0417    182.500  1025.3844  50764.133    31.8007     89.766    6.97763     6.4761     6.4837    24.9669   12.53249 4.2826e-02     90.633 0.0000e+00
        732 169.733099    0.05076     3.0458    182.750  1025.3854  50764.625    31.8010     89.939    6.97763     6.4760     6.4836    24.9671   12.53248 4.2835e-02     90.807 0.0000e+00
        733 169.733102    0.05083     3.0500    183.000  1025.3863  50764.983    31.8012     90.105    6.97762     6.4760     6.4836    24.9672   12.53246 4.2836e-02     90.975 0.0000e+00
        734 169.733105    0.05090     3.0542    183.250  1025.3871  50765.304    31.8013     90.258    6.97761     6.4760     6.4836    24.9673   12.53245 4.2812e-02     91.130 0.0000e+00
        735 169.733108    0.05097     3.0583    183.500  1025.3879  50765.609    31.8015     90.387    6.97761     6.4760     6.4836    24.9674   12.53244 4.2772e-02     91.260 0.0000e+00
        736 169.733111    0.05104     3.0625    183.750  1025.3883  50765.795    31.8016     90.475    6.97760 -9.990e-29     6.4836    24.9675   12.53243 4.2744e-02     91.349 0.0000e+00
        737 169.733113    0.05111     3.0667    184.000  1025.3885  50765.848    31.8016     90.507    6.97760 -9.990e-29     6.4836    24.9675   12.53243 4.2737e-02     91.381 0.0000e+00
