CTD-processing/allCTD/CNV--homogene/2014_08-14_alongbay_skb05_cast047.cnv
* Sea-Bird SBE19plus Data File:
* FileName = C:\Users\kris.holderied\Documents\kasitsna\Research-Projects-and-Data\Oceanography-AK\CTD-Data-ALL-to-2014-06\2014-CTD-KachemakBay-CookInlet\2014-08-14-KachemakBay-AlongBayLine\2014-08-14-KachemakBay-AlongBay-cast047.hex
* Software Version 1.59
* Temperature SN =  4141
* Conductivity SN =  4141
* System UpLoad Time = Oct 13 2014 01:23:54
** Kachemak Bay Along-bay Line West to East
** Date: 08-14
** Station: KB05
** Start time: 11:56
** Depth (m): 163.1
** Comment:  CTD time is Alaska Daylight time.  R/V Barnacle. Transducer  depth.
** Comment:
# nquan = 17
# nvalues = 791                         
# units = specified
# name 0 = scan: Scan Count
# name 1 = timeJ: Julian Days
# name 2 = timeH: Time, Elapsed [hours]
# name 3 = timeM: Time, Elapsed [minutes]
# name 4 = timeS: Time, Elapsed [seconds]
# name 5 = density00: Density [density, kg/m^3]
# name 6 = specc: Specific Conductance [uS/cm]
# name 7 = sal00: Salinity, Practical [PSU]
# name 8 = depSM: Depth [salt water, m], lat = 59.00
# name 9 = oxsolML/L: Oxygen Saturation, Garcia & Gordon [ml/l]
# name 10 = potemp090C: Potential Temperature [ITS-90, deg C]
# name 11 = tv290C: Temperature [ITS-90, deg C]
# name 12 = sigma-é00: Density [sigma-theta, kg/m^3]
# name 13 = n2satML/L: Nitrogen Saturation [ml/l]
# name 14 = par: PAR/Irradiance, Biospherical/Licor
# name 15 = prdM: Pressure, Strain Gauge [db]
# name 16 = flag:  0.000e+00
# span 0 =          1,        791       
# span 1 = 226.498912, 226.501198       
# span 2 =    0.00000,    0.05486       
# span 3 =     0.0000,     3.2917       
# span 4 =      0.000,    197.500       
# span 5 =  1000.2103,  1024.8749       
# span 6 =   1670.718,  49522.551       
# span 7 =     0.8356,    31.4224       
# span 8 =     -0.222,    145.964       
# span 9 =    6.26783,    7.59216       
# span 10 =     9.7035,    11.9421      
# span 11 =     9.7195,    11.9421      
# span 12 =     0.2113,    24.2073      
# span 13 =   11.36807,   13.97709      
# span 14 = 4.8561e-02, 4.6662e+02      
# span 15 =     -0.224,    147.395      
# span 16 = 0.0000e+00, 0.0000e+00      
# interval = seconds: 0.25
# start_time = Aug 14 2014 11:58:26 [Instrument's time stamp, header]
# bad_flag = -9.990e-29
*END*
[from data line 256]
        257 226.499653    0.01778     1.0667     64.000  1021.2383  44299.026    28.0331      1.028    6.36064    11.7165    11.7225    21.2336   11.55632 2.3039e+02      1.038 0.0000e+00
        258 226.499656    0.01785     1.0708     64.250  1021.2609  44339.752    28.0613      1.072    6.35985    11.7128    11.7200    21.2560   11.55467 2.2582e+02      1.082 0.0000e+00
        259 226.499659    0.01792     1.0750     64.500  1021.2839  44381.338    28.0901      1.093    6.35915    11.7095    11.7167    21.2789   11.55316 2.2364e+02      1.103 0.0000e+00
        260 226.499661    0.01799     1.0792     64.750  1021.3011  44412.356    28.1115      1.082    6.35879    11.7075    11.7130    21.2961   11.55231 2.2592e+02      1.092 0.0000e+00
        261 226.499664    0.01806     1.0833     65.000  1021.3083  44425.453    28.1204      1.041    6.35888    11.7068    11.7097    21.3036   11.55236 2.3114e+02      1.051 0.0000e+00
        262 226.499667    0.01812     1.0875     65.250  1021.3086  44426.006    28.1206      0.985    6.35916    11.7071    11.7076    21.3041   11.55281 2.3533e+02      0.994 0.0000e+00
        263 226.499670    0.01819     1.0917     65.500  1021.3058  44421.131    28.1171      0.933    6.35939    11.7080    11.7069    21.3015   11.55324 2.3626e+02      0.942 0.0000e+00
        264 226.499673    0.01826     1.0958     65.750  1021.3020  44414.336    28.1124      0.905    6.35953    11.7087    11.7072    21.2978   11.55354 2.3521e+02      0.914 0.0000e+00
        265 226.499676    0.01833     1.1000     66.000  1021.3004  44411.539    28.1105      0.911    6.35949    11.7087    11.7081    21.2962   11.55349 2.3339e+02      0.920 0.0000e+00
        266 226.499679    0.01840     1.1042     66.250  1021.3052  44420.222    28.1167      0.950    6.35914    11.7073    11.7088    21.3009   11.55283 2.2938e+02      0.959 0.0000e+00
        267 226.499682    0.01847     1.1083     66.500  1021.3177  44442.792    28.1324      1.008    6.35851    11.7046    11.7088    21.3131   11.55160 2.2353e+02      1.017 0.0000e+00
        268 226.499685    0.01854     1.1125     66.750  1021.3339  44472.026    28.1528      1.062    6.35789    11.7016    11.7074    21.3291   11.55032 2.1938e+02      1.072 0.0000e+00
        269 226.499687    0.01861     1.1167     67.000  1021.3470  44495.341    28.1688      1.094    6.35762    11.6993    11.7047    21.3420   11.54967 2.1948e+02      1.104 0.0000e+00
        270 226.499690    0.01868     1.1208     67.250  1021.3524  44504.762    28.1752      1.091    6.35777    11.6985    11.7017    21.3475   11.54985 2.2389e+02      1.102 0.0000e+00
        271 226.499693    0.01875     1.1250     67.500  1021.3502  44500.441    28.1719      1.057    6.35820    11.6990    11.6994    21.3454   11.55061 2.3052e+02      1.067 0.0000e+00
        272 226.499696    0.01882     1.1292     67.750  1021.3432  44487.956    28.1631      1.005    6.35867    11.7003    11.6986    21.3387   11.55148 2.3588e+02      1.014 0.0000e+00
        273 226.499699    0.01889     1.1333     68.000  1021.3349  44473.145    28.1528      0.957    6.35901    11.7019    11.6991    21.3306   11.55218 2.3777e+02      0.965 0.0000e+00
        274 226.499702    0.01896     1.1375     68.250  1021.3273  44459.652    28.1435      0.930    6.35921    11.7033    11.7004    21.3232   11.55262 2.3693e+02      0.938 0.0000e+00
        275 226.499705    0.01903     1.1417     68.500  1021.3223  44450.595    28.1373      0.932    6.35924    11.7042    11.7020    21.3181   11.55274 2.3408e+02      0.940 0.0000e+00
        276 226.499708    0.01910     1.1458     68.750  1021.3212  44448.642    28.1361      0.959    6.35910    11.7042    11.7034    21.3168   11.55253 2.2924e+02      0.967 0.0000e+00
        277 226.499711    0.01917     1.1500     69.000  1021.3235  44452.639    28.1389      0.995    6.35887    11.7038    11.7043    21.3189   11.55212 2.2451e+02      1.004 0.0000e+00
        278 226.499714    0.01924     1.1542     69.250  1021.3260  44457.120    28.1421      1.025    6.35874    11.7035    11.7043    21.3213   11.55186 2.2219e+02      1.034 0.0000e+00
        279 226.499716    0.01931     1.1583     69.500  1021.3260  44456.986    28.1419      1.038    6.35880    11.7038    11.7039    21.3213   11.55196 2.2335e+02      1.048 0.0000e+00
        280 226.499719    0.01938     1.1625     69.750  1021.3222  44449.964    28.1370      1.034    6.35903    11.7049    11.7036    21.3175   11.55241 2.2797e+02      1.043 0.0000e+00
        281 226.499722    0.01944     1.1667     70.000  1021.3153  44437.346    28.1282      1.016    6.35935    11.7065    11.7039    21.3106   11.55303 2.3391e+02      1.026 0.0000e+00
        282 226.499725    0.01951     1.1708     70.250  1021.3067  44421.854    28.1175      0.996    6.35964    11.7084    11.7050    21.3021   11.55364 2.3802e+02      1.005 0.0000e+00
        283 226.499728    0.01958     1.1750     70.500  1021.2976  44405.628    28.1063      0.982    6.35987    11.7104    11.7066    21.2931   11.55416 2.3862e+02      0.991 0.0000e+00
        284 226.499731    0.01965     1.1792     70.750  1021.2895  44391.139    28.0963      0.980    6.36000    11.7121    11.7085    21.2851   11.55450 2.3638e+02      0.989 0.0000e+00
        285 226.499734    0.01972     1.1833     71.000  1021.2837  44380.622    28.0891      0.991    6.36002    11.7133    11.7105    21.2791   11.55462 2.3331e+02      1.000 0.0000e+00
        286 226.499737    0.01979     1.1875     71.250  1021.2808  44375.471    28.0856      1.009    6.35993    11.7139    11.7122    21.2762   11.55451 2.3041e+02      1.018 0.0000e+00
        287 226.499740    0.01986     1.1917     71.500  1021.2806  44375.160    28.0855      1.024    6.35977    11.7140    11.7134    21.2759   11.55425 2.2740e+02      1.034 0.0000e+00
        288 226.499742    0.01993     1.1958     71.750  1021.2813  44376.640    28.0866      1.029    6.35965    11.7140    11.7140    21.2766   11.55403 2.2551e+02      1.039 0.0000e+00
        289 226.499745    0.02000     1.2000     72.000  1021.2811  44376.309    28.0864      1.020    6.35964    11.7142    11.7141    21.2764   11.55402 2.2708e+02      1.029 0.0000e+00
        290 226.499748    0.02007     1.2042     72.250  1021.2793  44373.095    28.0841      0.998    6.35973    11.7146    11.7141    21.2747   11.55419 2.3134e+02      1.008 0.0000e+00
        291 226.499751    0.02014     1.2083     72.500  1021.2771  44369.254    28.0815      0.974    6.35981    11.7149    11.7143    21.2726   11.55436 2.3440e+02      0.983 0.0000e+00
        292 226.499754    0.02021     1.2125     72.750  1021.2767  44368.753    28.0812      0.958    6.35977    11.7147    11.7147    21.2723   11.55429 2.3405e+02      0.967 0.0000e+00
        293 226.499757    0.02028     1.2167     73.000  1021.2804  44375.670    28.0860      0.959    6.35953    11.7136    11.7150    21.2760   11.55384 2.3155e+02      0.968 0.0000e+00
        294 226.499760    0.02035     1.2208     73.250  1021.2881  44389.643    28.0958      0.976    6.35917    11.7120    11.7148    21.2836   11.55312 2.2920e+02      0.986 0.0000e+00
        295 226.499763    0.02042     1.2250     73.500  1021.2969  44405.414    28.1067      1.005    6.35887    11.7101    11.7138    21.2923   11.55250 2.2798e+02      1.015 0.0000e+00
        296 226.499766    0.02049     1.2292     73.750  1021.3052  44420.253    28.1170      1.034    6.35869    11.7083    11.7121    21.3005   11.55207 2.2751e+02      1.044 0.0000e+00
        297 226.499769    0.02056     1.2333     74.000  1021.3123  44432.846    28.1256      1.053    6.35860    11.7070    11.7102    21.3075   11.55182 2.2736e+02      1.063 0.0000e+00
        298 226.499771    0.02063     1.2375     74.250  1021.3161  44439.497    28.1301      1.053    6.35866    11.7064    11.7085    21.3113   11.55186 2.2761e+02      1.063 0.0000e+00
        299 226.499774    0.02069     1.2417     74.500  1021.3160  44439.116    28.1297      1.037    6.35885    11.7064    11.7071    21.3113   11.55219 2.2855e+02      1.046 0.0000e+00
        300 226.499777    0.02076     1.2458     74.750  1021.3136  44434.703    28.1266      1.011    6.35906    11.7068    11.7065    21.3090   11.55257 2.3016e+02      1.021 0.0000e+00
        301 226.499780    0.02083     1.2500     75.000  1021.3110  44430.236    28.1235      0.987    6.35918    11.7071    11.7065    21.3066   11.55281 2.3120e+02      0.996 0.0000e+00
        302 226.499783    0.02090     1.2542     75.250  1021.3102  44428.888    28.1226      0.972    6.35916    11.7070    11.7069    21.3058   11.55280 2.3008e+02      0.981 0.0000e+00
        303 226.499786    0.02097     1.2583     75.500  1021.3125  44433.096    28.1256      0.974    6.35900    11.7062    11.7072    21.3080   11.55249 2.2655e+02      0.983 0.0000e+00
        304 226.499789    0.02104     1.2625     75.750  1021.3194  44445.644    28.1343      1.000    6.35866    11.7041    11.7071    21.3149   11.55183 2.2112e+02      1.010 0.0000e+00
        305 226.499792    0.02111     1.2667     76.000  1021.3332  44470.453    28.1516      1.057    6.35809    11.7004    11.7063    21.3284   11.55066 2.1371e+02      1.067 0.0000e+00
        306 226.499795    0.02118     1.2708     76.250  1021.3572  44513.340    28.1814      1.150    6.35717    11.6941    11.7043    21.3519   11.54878 2.0394e+02      1.161 0.0000e+00
        307 226.499797    0.02125     1.2750     76.500  1021.3956  44582.225    28.2293      1.284    6.35575    11.6846    11.7005    21.3897   11.54586 1.9183e+02      1.296 0.0000e+00
        308 226.499800    0.02132     1.2792     76.750  1021.4521  44683.655    28.2998      1.456    6.35377    11.6715    11.6943    21.4454   11.54173 1.7772e+02      1.470 0.0000e+00
        309 226.499803    0.02139     1.2833     77.000  1021.5251  44814.573    28.3906      1.659    6.35142    11.6554    11.6848    21.5175   11.53675 1.6232e+02      1.674 0.0000e+00
        310 226.499806    0.02146     1.2875     77.250  1021.6072  44961.379    28.4923      1.884    6.34912    11.6377    11.6717    21.5986   11.53173 1.4668e+02      1.901 0.0000e+00
        311 226.499809    0.02153     1.2917     77.500  1021.6913  45110.979    28.5957      2.121    6.34716    11.6199    11.6556    21.6816   11.52723 1.3185e+02      2.141 0.0000e+00
        312 226.499812    0.02160     1.2958     77.750  1021.7704  45251.238    28.6924      2.362    6.34568    11.6036    11.6379    21.7597   11.52363 1.1859e+02      2.385 0.0000e+00
        313 226.499815    0.02167     1.3000     78.000  1021.8375  45369.179    28.7734      2.604    6.34483    11.5898    11.6202    21.8256   11.52128 1.0729e+02      2.628 0.0000e+00
        314 226.499818    0.02174     1.3042     78.250  1021.8915  45463.526    28.8380      2.845    6.34445    11.5782    11.6039    21.8786   11.51987 9.7910e+01      2.872 0.0000e+00
        315 226.499821    0.02181     1.3083     78.500  1021.9378  45544.122    28.8932      3.086    6.34411    11.5684    11.5901    21.9238   11.51866 9.0117e+01      3.115 0.0000e+00
        316 226.499823    0.02187     1.3125     78.750  1021.9812  45619.629    28.9450      3.331    6.34360    11.5596    11.5786    21.9660   11.51719 8.3625e+01      3.362 0.0000e+00
        317 226.499826    0.02194     1.3167     79.000  1022.0237  45693.865    28.9962      3.580    6.34288    11.5516    11.5688    22.0074   11.51539 7.8157e+01      3.614 0.0000e+00
        318 226.499829    0.02201     1.3208     79.250  1022.0657  45767.251    29.0468      3.836    6.34203    11.5442    11.5601    22.0482   11.51338 7.3385e+01      3.872 0.0000e+00
        319 226.499832    0.02208     1.3250     79.500  1022.1062  45837.993    29.0957      4.096    6.34115    11.5374    11.5521    22.0875   11.51134 6.9012e+01      4.135 0.0000e+00
        320 226.499835    0.02215     1.3292     79.750  1022.1447  45905.090    29.1421      4.360    6.34029    11.5311    11.5448    22.1248   11.50937 6.4846e+01      4.401 0.0000e+00
        321 226.499838    0.02222     1.3333     80.000  1022.1825  45971.037    29.1877      4.624    6.33938    11.5250    11.5380    22.1613   11.50732 6.0816e+01      4.668 0.0000e+00
        322 226.499841    0.02229     1.3375     80.250  1022.2226  46041.313    29.2364      4.887    6.33828    11.5188    11.5317    22.2003   11.50492 5.6940e+01      4.933 0.0000e+00
        323 226.499844    0.02236     1.3417     80.500  1022.2669  46119.459    29.2907      5.149    6.33693    11.5124    11.5256    22.2435   11.50203 5.3270e+01      5.197 0.0000e+00
        324 226.499847    0.02243     1.3458     80.750  1022.3130  46200.728    29.3472      5.410    6.33550    11.5062    11.5195    22.2884   11.49900 4.9872e+01      5.461 0.0000e+00
        325 226.499850    0.02250     1.3500     81.000  1022.3565  46277.085    29.4002      5.672    6.33424    11.5005    11.5131    22.3306   11.49627 4.6805e+01      5.726 0.0000e+00
        326 226.499852    0.02257     1.3542     81.250  1022.3934  46341.511    29.4449      5.933    6.33329    11.4958    11.5069    22.3664   11.49418 4.4057e+01      5.990 0.0000e+00
        327 226.499855    0.02264     1.3583     81.500  1022.4225  46391.659    29.4795      6.193    6.33266    11.4919    11.5013    22.3943   11.49273 4.1550e+01      6.252 0.0000e+00
        328 226.499858    0.02271     1.3625     81.750  1022.4486  46436.685    29.5106      6.451    6.33205    11.4887    11.4966    22.4193   11.49134 3.9201e+01      6.512 0.0000e+00
        329 226.499861    0.02278     1.3667     82.000  1022.4774  46486.594    29.5453      6.706    6.33117    11.4858    11.4928    22.4469   11.48948 3.6936e+01      6.769 0.0000e+00
        330 226.499864    0.02285     1.3708     82.250  1022.5095  46542.803    29.5845      6.961    6.33004    11.4829    11.4896    22.4778   11.48713 3.4687e+01      7.026 0.0000e+00
        331 226.499867    0.02292     1.3750     82.500  1022.5443  46603.783    29.6271      7.219    6.32874    11.4801    11.4866    22.5114   11.48447 3.2422e+01      7.287 0.0000e+00
        332 226.499870    0.02299     1.3792     82.750  1022.5812  46668.829    29.6725      7.483    6.32730    11.4774    11.4838    22.5472   11.48154 3.0156e+01      7.553 0.0000e+00
        333 226.499873    0.02306     1.3833     83.000  1022.6186  46734.422    29.7184      7.755    6.32583    11.4746    11.4811    22.5832   11.47857 2.7933e+01      7.828 0.0000e+00
        334 226.499876    0.02313     1.3875     83.250  1022.6529  46794.482    29.7604      8.035    6.32452    11.4719    11.4783    22.6163   11.47591 2.5793e+01      8.111 0.0000e+00
        335 226.499878    0.02319     1.3917     83.500  1022.6833  46847.310    29.7972      8.321    6.32342    11.4690    11.4756    22.6454   11.47363 2.3757e+01      8.400 0.0000e+00
        336 226.499881    0.02326     1.3958     83.750  1022.7118  46896.623    29.8316      8.611    6.32241    11.4656    11.4729    22.6725   11.47155 2.1837e+01      8.692 0.0000e+00
        337 226.499884    0.02333     1.4000     84.000  1022.7421  46949.289    29.8683      8.901    6.32132    11.4614    11.4701    22.7016   11.46932 2.0043e+01      8.985 0.0000e+00
        338 226.499887    0.02340     1.4042     84.250  1022.7795  47014.752    29.9141      9.190    6.31994    11.4556    11.4668    22.7377   11.46649 1.8389e+01      9.277 0.0000e+00
        339 226.499890    0.02347     1.4083     84.500  1022.8282  47100.696    29.9742      9.474    6.31811    11.4484    11.4626    22.7851   11.46274 1.6876e+01      9.564 0.0000e+00
        340 226.499893    0.02354     1.4125     84.750  1022.8851  47201.379    30.0446      9.754    6.31606    11.4404    11.4569    22.8407   11.45852 1.5485e+01      9.846 0.0000e+00
