CTD-processing/allCTD/CNV--homogene/2014_07-21_t4_s08_cast171.cnv
* Sea-Bird SBE19plus Data File:
* FileName = C:\Users\kris.holderied\Documents\kasitsna\Research-Projects-and-Data\Oceanography-AK\CTD-Data-ALL-to-2014-06\2014-CTD-KachemakBay-CookInlet\2014-07-EVOSTC-CookInlet-quarterly\2014-07-21-CookInlet-Tran4-Barabara\2014-07-21-CookInlet-Tran4-cast171.hex
* Software Version 1.59
* Temperature SN =  4141
* Conductivity SN =  4141
* System UpLoad Time = Jul 21 2014 23:01:30
** Cook Inlet LTM Transect 4 (Barabara) North to South
** Date: 07-21
** Station: 4-08
** Start time: 19:03
** Depth (m): 27.1
** Comment:  CTD time is Alaska Daylight time. Descent time = 24 sec.
** Comment:
# nquan = 17
# nvalues = 475                         
# units = specified
# name 0 = scan: Scan Count
# name 1 = timeJ: Julian Days
# name 2 = timeH: Time, Elapsed [hours]
# name 3 = timeM: Time, Elapsed [minutes]
# name 4 = timeS: Time, Elapsed [seconds]
# name 5 = density00: Density [density, kg/m^3]
# name 6 = specc: Specific Conductance [uS/cm]
# name 7 = sal00: Salinity, Practical [PSU]
# name 8 = depSM: Depth [salt water, m], lat = 59.00
# name 9 = oxsolML/L: Oxygen Saturation, Garcia & Gordon [ml/l]
# name 10 = potemp090C: Potential Temperature [ITS-90, deg C]
# name 11 = tv290C: Temperature [ITS-90, deg C]
# name 12 = sigma-é00: Density [sigma-theta, kg/m^3]
# name 13 = n2satML/L: Nitrogen Saturation [ml/l]
# name 14 = par: PAR/Irradiance, Biospherical/Licor
# name 15 = prdM: Pressure, Strain Gauge [db]
# name 16 = flag:  0.000e+00
# span 0 =          1,        475       
# span 1 = 202.795058, 202.796429       
# span 2 =    0.00000,    0.03292       
# span 3 =     0.0000,     1.9750       
# span 4 =      0.000,    118.500       
# span 5 =   999.7047,  1024.4802       
# span 6 =    731.623,  49701.102       
# span 7 =     0.3546,    31.5765       
# span 8 =     -0.024,     27.888       
# span 9 =    6.14848,    7.42231       
# span 10 =     9.5508,    13.3396      
# span 11 =     9.5538,    13.3397      
# span 12 =    -0.2953,    24.3524      
# span 13 =   11.20381,   13.69624      
# span 14 = 6.6581e-02, 2.6517e+02      
# span 15 =     -0.024,     28.153      
# span 16 = 0.0000e+00, 0.0000e+00      
# interval = seconds: 0.25
# start_time = Jul 21 2014 19:04:53 [Instrument's time stamp, header]
# bad_flag = -9.990e-29
*END*
[from data line 171]
        172 202.795553    0.01188     0.7125     42.750  1020.9907  44171.427    28.0697      0.813    6.15957    13.2371    13.2334    20.9870   11.22157 1.6037e+02      0.820 0.0000e+00
        173 202.795556    0.01194     0.7167     43.000  1020.9907  44171.644    28.0699      0.825    6.15944    13.2408    13.2344    20.9870   11.22135 1.5649e+02      0.833 0.0000e+00
        174 202.795558    0.01201     0.7208     43.250  1020.9887  44168.329    28.0678      0.844    6.15916    13.2438    13.2372    20.9848   11.22091 1.5333e+02      0.853 0.0000e+00
        175 202.795561    0.01208     0.7250     43.500  1020.9851  44162.515    28.0640      0.865    6.15884    13.2450    13.2409    20.9812   11.22043 1.5179e+02      0.873 0.0000e+00
        176 202.795564    0.01215     0.7292     43.750  1020.9817  44156.878    28.0603      0.877    6.15860    13.2437    13.2439    20.9777   11.22006 1.5182e+02      0.886 0.0000e+00
        177 202.795567    0.01222     0.7333     44.000  1020.9800  44154.094    28.0584      0.876    6.15852    13.2405    13.2451    20.9761   11.21995 1.5357e+02      0.885 0.0000e+00
        178 202.795570    0.01229     0.7375     44.250  1020.9806  44154.976    28.0589      0.860    6.15867    13.2368    13.2438    20.9767   11.22019 1.5624e+02      0.868 0.0000e+00
        179 202.795573    0.01236     0.7417     44.500  1020.9828  44158.538    28.0612      0.831    6.15899    13.2343    13.2406    20.9791   11.22070 1.5988e+02      0.839 0.0000e+00
        180 202.795576    0.01243     0.7458     44.750  1020.9856  44163.097    28.0641      0.797    6.15935    13.2336    13.2369    20.9820   11.22125 1.6435e+02      0.804 0.0000e+00
        181 202.795579    0.01250     0.7500     45.000  1020.9880  44167.052    28.0667      0.765    6.15958    13.2353    13.2343    20.9845   11.22161 1.6805e+02      0.772 0.0000e+00
        182 202.795582    0.01257     0.7542     45.250  1020.9891  44169.000    28.0681      0.744    6.15961    13.2390    13.2337    20.9857   11.22165 1.6954e+02      0.751 0.0000e+00
        183 202.795584    0.01264     0.7583     45.500  1020.9882  44167.938    28.0674      0.737    6.15942    13.2438    13.2353    20.9849   11.22135 1.6852e+02      0.744 0.0000e+00
        184 202.795587    0.01271     0.7625     45.750  1020.9855  44163.742    28.0648      0.745    6.15904    13.2480    13.2391    20.9821   11.22074 1.6566e+02      0.752 0.0000e+00
        185 202.795590    0.01278     0.7667     46.000  1020.9815  44157.452    28.0607      0.764    6.15858    13.2505    13.2439    20.9781   11.22003 1.6237e+02      0.771 0.0000e+00
        186 202.795593    0.01285     0.7708     46.250  1020.9777  44151.190    28.0566      0.787    6.15820    13.2509    13.2481    20.9741   11.21944 1.5967e+02      0.795 0.0000e+00
        187 202.795596    0.01292     0.7750     46.500  1020.9752  44147.123    28.0539      0.810    6.15797    13.2489    13.2506    20.9716   11.21910 1.5797e+02      0.818 0.0000e+00
        188 202.795599    0.01299     0.7792     46.750  1020.9748  44146.234    28.0533      0.827    6.15795    13.2453    13.2510    20.9710   11.21907 1.5758e+02      0.835 0.0000e+00
        189 202.795602    0.01306     0.7833     47.000  1020.9762  44148.264    28.0546      0.837    6.15816    13.2415    13.2490    20.9724   11.21939 1.5759e+02      0.845 0.0000e+00
        190 202.795605    0.01313     0.7875     47.250  1020.9787  44151.998    28.0570      0.841    6.15853    13.2386    13.2454    20.9749   11.21998 1.5736e+02      0.849 0.0000e+00
        191 202.795608    0.01319     0.7917     47.500  1020.9814  44156.025    28.0595      0.841    6.15892    13.2369    13.2416    20.9776   11.22060 1.5760e+02      0.849 0.0000e+00
        192 202.795611    0.01326     0.7958     47.750  1020.9837  44159.520    28.0617      0.840    6.15921    13.2365    13.2387    20.9799   11.22106 1.5771e+02      0.848 0.0000e+00
        193 202.795613    0.01333     0.8000     48.000  1020.9852  44161.918    28.0633      0.840    6.15937    13.2371    13.2370    20.9814   11.22131 1.5654e+02      0.848 0.0000e+00
        194 202.795616    0.01340     0.8042     48.250  1020.9857  44162.732    28.0639      0.844    6.15941    13.2382    13.2366    20.9819   11.22136 1.5508e+02      0.852 0.0000e+00
        195 202.795619    0.01347     0.8083     48.500  1020.9852  44161.817    28.0633      0.849    6.15935    13.2392    13.2372    20.9813   11.22128 1.5493e+02      0.857 0.0000e+00
        196 202.795622    0.01354     0.8125     48.750  1020.9839  44159.680    28.0618      0.853    6.15926    13.2394    13.2383    20.9800   11.22114 1.5592e+02      0.861 0.0000e+00
        197 202.795625    0.01361     0.8167     49.000  1020.9827  44157.727    28.0605      0.853    6.15918    13.2385    13.2393    20.9788   11.22102 1.5760e+02      0.861 0.0000e+00
        198 202.795628    0.01368     0.8208     49.250  1020.9823  44157.238    28.0602      0.846    6.15916    13.2365    13.2395    20.9785   11.22100 1.5990e+02      0.854 0.0000e+00
        199 202.795631    0.01375     0.8250     49.500  1020.9830  44158.381    28.0609      0.833    6.15925    13.2340    13.2386    20.9793   11.22114 1.6253e+02      0.841 0.0000e+00
        200 202.795634    0.01382     0.8292     49.750  1020.9845  44160.661    28.0624      0.814    6.15946    13.2321    13.2366    20.9808   11.22147 1.6521e+02      0.822 0.0000e+00
        201 202.795637    0.01389     0.8333     50.000  1020.9862  44163.366    28.0641      0.794    6.15971    13.2315    13.2341    20.9826   11.22186 1.6724e+02      0.801 0.0000e+00
        202 202.795639    0.01396     0.8375     50.250  1020.9877  44165.793    28.0657      0.778    6.15989    13.2324    13.2322    20.9841   11.22215 1.6800e+02      0.785 0.0000e+00
        203 202.795642    0.01403     0.8417     50.500  1020.9885  44167.236    28.0666      0.770    6.15994    13.2350    13.2316    20.9850   11.22221 1.6758e+02      0.778 0.0000e+00
        204 202.795645    0.01410     0.8458     50.750  1020.9882  44166.984    28.0665      0.774    6.15982    13.2388    13.2325    20.9847   11.22201 1.6570e+02      0.781 0.0000e+00
        205 202.795648    0.01417     0.8500     51.000  1020.9867  44164.592    28.0650      0.788    6.15954    13.2427    13.2351    20.9831   11.22157 1.6317e+02      0.795 0.0000e+00
        206 202.795651    0.01424     0.8542     51.250  1020.9839  44160.214    28.0622      0.806    6.15916    13.2454    13.2389    20.9802   11.22097 1.6182e+02      0.814 0.0000e+00
        207 202.795654    0.01431     0.8583     51.500  1020.9808  44155.262    28.0590      0.822    6.15879    13.2460    13.2428    20.9770   11.22039 1.6136e+02      0.830 0.0000e+00
        208 202.795657    0.01438     0.8625     51.750  1020.9786  44151.900    28.0569      0.830    6.15853    13.2445    13.2455    20.9748   11.21998 1.6115e+02      0.838 0.0000e+00
        209 202.795660    0.01444     0.8667     52.000  1020.9783  44151.443    28.0566      0.827    6.15846    13.2419    13.2461    20.9745   11.21986 1.6153e+02      0.834 0.0000e+00
        210 202.795663    0.01451     0.8708     52.250  1020.9797  44153.828    28.0582      0.815    6.15860    13.2399    13.2446    20.9760   11.22008 1.6302e+02      0.822 0.0000e+00
        211 202.795666    0.01458     0.8750     52.500  1020.9822  44157.825    28.0608      0.801    6.15884    13.2398    13.2420    20.9785   11.22044 1.6477e+02      0.808 0.0000e+00
        212 202.795668    0.01465     0.8792     52.750  1020.9845  44161.620    28.0633      0.792    6.15899    13.2416    13.2400    20.9808   11.22066 1.6453e+02      0.799 0.0000e+00
        213 202.795671    0.01472     0.8833     53.000  1020.9856  44163.694    28.0647      0.794    6.15894    13.2447    13.2399    20.9820   11.22057 1.6263e+02      0.801 0.0000e+00
        214 202.795674    0.01479     0.8875     53.250  1020.9852  44163.294    28.0646      0.807    6.15871    13.2480    13.2417    20.9815   11.22019 1.6107e+02      0.815 0.0000e+00
        215 202.795677    0.01486     0.8917     53.500  1020.9833  44160.418    28.0628      0.829    6.15839    13.2507    13.2448    20.9796   11.21969 1.5922e+02      0.837 0.0000e+00
        216 202.795680    0.01493     0.8958     53.750  1020.9805  44155.811    28.0598      0.853    6.15808    13.2523    13.2481    20.9766   11.21921 1.5666e+02      0.861 0.0000e+00
        217 202.795683    0.01500     0.9000     54.000  1020.9776  44151.017    28.0566      0.873    6.15786    13.2524    13.2508    20.9736   11.21887 1.5515e+02      0.881 0.0000e+00
        218 202.795686    0.01507     0.9042     54.250  1020.9756  44147.599    28.0544      0.884    6.15774    13.2510    13.2524    20.9716   11.21870 1.5543e+02      0.892 0.0000e+00
        219 202.795689    0.01514     0.9083     54.500  1020.9749  44146.358    28.0535      0.884    6.15775    13.2484    13.2525    20.9709   11.21873 1.5671e+02      0.892 0.0000e+00
        220 202.795692    0.01521     0.9125     54.750  1020.9756  44147.391    28.0541      0.873    6.15791    13.2455    13.2511    20.9716   11.21899 1.5807e+02      0.881 0.0000e+00
        221 202.795694    0.01528     0.9167     55.000  1020.9774  44150.130    28.0559      0.853    6.15818    13.2430    13.2485    20.9735   11.21942 1.5969e+02      0.861 0.0000e+00
        222 202.795697    0.01535     0.9208     55.250  1020.9796  44153.681    28.0581      0.829    6.15847    13.2411    13.2456    20.9758   11.21987 1.6217e+02      0.837 0.0000e+00
        223 202.795700    0.01542     0.9250     55.500  1020.9817  44157.215    28.0604      0.805    6.15870    13.2399    13.2431    20.9780   11.22022 1.6529e+02      0.813 0.0000e+00
        224 202.795703    0.01549     0.9292     55.750  1020.9833  44159.950    28.0622      0.785    6.15886    13.2391    13.2412    20.9797   11.22048 1.6807e+02      0.792 0.0000e+00
        225 202.795706    0.01556     0.9333     56.000  1020.9841  44161.303    28.0631      0.770    6.15899    13.2385    13.2400    20.9806   11.22068 1.6917e+02      0.777 0.0000e+00
        226 202.795709    0.01563     0.9375     56.250  1020.9842  44161.280    28.0630      0.761    6.15909    13.2378    13.2392    20.9807   11.22085 1.6811e+02      0.769 0.0000e+00
        227 202.795712    0.01569     0.9417     56.500  1020.9839  44160.621    28.0625      0.759    6.15919    13.2371    13.2386    20.9805   11.22103 1.6604e+02      0.766 0.0000e+00
        228 202.795715    0.01576     0.9458     56.750  1020.9838  44160.102    28.0621      0.762    6.15929    13.2362    13.2379    20.9803   11.22119 1.6462e+02      0.769 0.0000e+00
        229 202.795718    0.01583     0.9500     57.000  1020.9838  44160.001    28.0620      0.771    6.15939    13.2354    13.2372    20.9803   11.22136 1.6365e+02      0.778 0.0000e+00
        230 202.795720    0.01590     0.9542     57.250  1020.9842  44160.330    28.0622      0.786    6.15950    13.2347    13.2363    20.9806   11.22154 1.6177e+02      0.793 0.0000e+00
        231 202.795723    0.01597     0.9583     57.500  1020.9847  44160.899    28.0625      0.806    6.15960    13.2342    13.2355    20.9811   11.22170 1.5929e+02      0.814 0.0000e+00
        232 202.795726    0.01604     0.9625     57.750  1020.9851  44161.350    28.0628      0.829    6.15967    13.2337    13.2348    20.9814   11.22182 1.5767e+02      0.837 0.0000e+00
        233 202.795729    0.01611     0.9667     58.000  1020.9854  44161.520    28.0629      0.850    6.15973    13.2328    13.2343    20.9816   11.22192 1.5697e+02      0.858 0.0000e+00
        234 202.795732    0.01618     0.9708     58.250  1020.9856  44161.755    28.0630      0.866    6.15979    13.2315    13.2338    20.9818   11.22202 1.5633e+02      0.874 0.0000e+00
        235 202.795735    0.01625     0.9750     58.500  1020.9862  44162.598    28.0635      0.875    6.15988    13.2296    13.2329    20.9823   11.22216 1.5624e+02      0.883 0.0000e+00
        236 202.795738    0.01632     0.9792     58.750  1020.9873  44164.221    28.0645      0.875    6.16002    13.2277    13.2316    20.9834   11.22237 1.5769e+02      0.883 0.0000e+00
        237 202.795741    0.01639     0.9833     59.000  1020.9887  44166.400    28.0659      0.869    6.16020    13.2264    13.2297    20.9848   11.22266 1.6029e+02      0.877 0.0000e+00
        238 202.795744    0.01646     0.9875     59.250  1020.9901  44168.683    28.0674      0.858    6.16039    13.2259    13.2279    20.9863   11.22295 1.6277e+02      0.866 0.0000e+00
        239 202.795747    0.01653     0.9917     59.500  1020.9913  44170.576    28.0686      0.845    6.16051    13.2263    13.2265    20.9875   11.22315 1.6444e+02      0.853 0.0000e+00
        240 202.795749    0.01660     0.9958     59.750  1020.9919  44171.703    28.0693      0.833    6.16055    13.2276    13.2260    20.9881   11.22320 1.6517e+02      0.840 0.0000e+00
        241 202.795752    0.01667     1.0000     60.000  1020.9919  44171.830    28.0695      0.823    6.16049    13.2295    13.2264    20.9882   11.22310 1.6579e+02      0.831 0.0000e+00
        242 202.795755    0.01674     1.0042     60.250  1020.9910  44170.663    28.0688      0.817    6.16036    13.2318    13.2277    20.9874   11.22289 1.6711e+02      0.824 0.0000e+00
        243 202.795758    0.01681     1.0083     60.500  1020.9893  44168.039    28.0671      0.812    6.16017    13.2338    13.2296    20.9857   11.22259 1.6833e+02      0.820 0.0000e+00
        244 202.795761    0.01688     1.0125     60.750  1020.9872  44164.679    28.0649      0.806    6.15997    13.2351    13.2319    20.9836   11.22228 1.6866e+02      0.814 0.0000e+00
        245 202.795764    0.01694     1.0167     61.000  1020.9853  44161.680    28.0629      0.799    6.15979    13.2357    13.2339    20.9817   11.22200 1.6822e+02      0.807 0.0000e+00
        246 202.795767    0.01701     1.0208     61.250  1020.9839  44159.573    28.0616      0.791    6.15967    13.2358    13.2352    20.9804   11.22182 1.6739e+02      0.799 0.0000e+00
        247 202.795770    0.01708     1.0250     61.500  1020.9832  44158.444    28.0608      0.785    6.15961    13.2357    13.2358    20.9797   11.22173 1.6631e+02      0.793 0.0000e+00
        248 202.795773    0.01715     1.0292     61.750  1020.9830  44158.049    28.0605      0.782    6.15961    13.2354    13.2359    20.9795   11.22173 1.6505e+02      0.790 0.0000e+00
        249 202.795775    0.01722     1.0333     62.000  1020.9829  44157.903    28.0604      0.783    6.15963    13.2351    13.2358    20.9794   11.22178 1.6365e+02      0.791 0.0000e+00
        250 202.795778    0.01729     1.0375     62.250  1020.9829  44157.671    28.0602      0.789    6.15968    13.2350    13.2355    20.9793   11.22186 1.6199e+02      0.797 0.0000e+00
        251 202.795781    0.01736     1.0417     62.500  1020.9827  44157.318    28.0599      0.798    6.15973    13.2353    13.2352    20.9791   11.22194 1.6074e+02      0.806 0.0000e+00
        252 202.795784    0.01743     1.0458     62.750  1020.9825  44156.888    28.0596      0.810    6.15975    13.2358    13.2351    20.9789   11.22198 1.6046e+02      0.818 0.0000e+00
        253 202.795787    0.01750     1.0500     63.000  1020.9822  44156.298    28.0592      0.822    6.15974    13.2364    13.2354    20.9785   11.22196 1.6089e+02      0.830 0.0000e+00
        254 202.795790    0.01757     1.0542     63.250  1020.9818  44155.566    28.0587      0.833    6.15969    13.2369    13.2359    20.9781   11.22189 1.6139e+02      0.841 0.0000e+00
        255 202.795793    0.01764     1.0583     63.500  1020.9815  44155.023    28.0584      0.841    6.15963    13.2371    13.2365    20.9777   11.22179 1.6144e+02      0.849 0.0000e+00
