CTD-processing/allCTD/CNV--homogene/2014_07-22_t3_s07_cast189.cnv
* Sea-Bird SBE19plus Data File:
* FileName = C:\Users\kris.holderied\Documents\kasitsna\Research-Projects-and-Data\Oceanography-AK\CTD-Data-ALL-to-2014-06\2014-CTD-KachemakBay-CookInlet\2014-07-EVOSTC-CookInlet-quarterly\2014-07-22-CookInlet-Tran3-AnchorPt\2014-07-22-CookInlet-Tran3-cast189.hex
* Software Version 1.59
* Temperature SN =  4141
* Conductivity SN =  4141
* System UpLoad Time = Jul 22 2014 17:41:39
** Cook Inlet LTM Transect 3 (Anchor Pt) East to West
** Date: 07-22
** Station: 3-07
** Start time: 12:15
** Depth (m): 109
** Comment:  CTD time is Alaska Daylight time. CTD descent time=108 sec.
** Comment:
# nquan = 17
# nvalues = 950                         
# units = specified
# name 0 = scan: Scan Count
# name 1 = timeJ: Julian Days
# name 2 = timeH: Time, Elapsed [hours]
# name 3 = timeM: Time, Elapsed [minutes]
# name 4 = timeS: Time, Elapsed [seconds]
# name 5 = density00: Density [density, kg/m^3]
# name 6 = specc: Specific Conductance [uS/cm]
# name 7 = sal00: Salinity, Practical [PSU]
# name 8 = depSM: Depth [salt water, m], lat = 59.00
# name 9 = oxsolML/L: Oxygen Saturation, Garcia & Gordon [ml/l]
# name 10 = potemp090C: Potential Temperature [ITS-90, deg C]
# name 11 = tv290C: Temperature [ITS-90, deg C]
# name 12 = sigma-é00: Density [sigma-theta, kg/m^3]
# name 13 = n2satML/L: Nitrogen Saturation [ml/l]
# name 14 = par: PAR/Irradiance, Biospherical/Licor
# name 15 = prdM: Pressure, Strain Gauge [db]
# name 16 = flag:  0.000e+00
# span 0 =          1,        950       
# span 1 = 203.511030, 203.513776       
# span 2 =    0.00000,    0.06590       
# span 3 =     0.0000,     3.9542       
# span 4 =      0.000,    237.250       
# span 5 =   999.6669,  1024.0591       
# span 6 =    271.932,  48416.631       
# span 7 =     0.1281,    30.7493       
# span 8 =     -0.062,    108.325       
# span 9 =    6.29612,    7.64103       
# span 10 =    10.4198,    12.3620      
# span 11 =    10.4317,    12.3622      
# span 12 =    -0.3328,    23.5659      
# span 13 =   11.45289,   14.06998      
# span 14 = 4.7994e-02, 6.1454e+02      
# span 15 =     -0.062,    109.376      
# span 16 = 0.0000e+00, 0.0000e+00      
# interval = seconds: 0.25
# start_time = Jul 22 2014 12:15:53 [Instrument's time stamp, header]
# bad_flag = -9.990e-29
*END*
[from data line 256]
        257 203.511771    0.01778     1.0667     64.000  1020.7026  43415.693    27.4633      2.063    6.30762    12.2799    12.2841    20.6933   11.47491 1.7392e+02      2.082 0.0000e+00
        258 203.511774    0.01785     1.0708     64.250  1020.7070  43423.522    27.4685      2.004    6.30784    12.2817    12.2809    20.6979   11.47521 1.7405e+02      2.023 0.0000e+00
        259 203.511777    0.01792     1.0750     64.500  1020.7096  43428.618    27.4721      1.962    6.30779    12.2858    12.2802    20.7007   11.47508 1.7278e+02      1.981 0.0000e+00
        260 203.511780    0.01799     1.0792     64.750  1020.7108  43431.346    27.4741      1.941    6.30747    12.2920    12.2820    20.7020   11.47454 1.7081e+02      1.959 0.0000e+00
        261 203.511782    0.01806     1.0833     65.000  1020.7109  43432.377    27.4752      1.940    6.30688    12.2991    12.2861    20.7021   11.47354 1.6816e+02      1.958 0.0000e+00
        262 203.511785    0.01812     1.0875     65.250  1020.7099  43431.591    27.4751      1.960    6.30605    12.3061    12.2923    20.7010   11.47217 1.6461e+02      1.978 0.0000e+00
        263 203.511788    0.01819     1.0917     65.500  1020.7074  43428.315    27.4734      1.995    6.30517    12.3122    12.2994    20.6984   11.47072 1.6030e+02      2.014 0.0000e+00
        264 203.511791    0.01826     1.0958     65.750  1020.7036  43422.402    27.4698      2.040    6.30437    12.3169    12.3064    20.6943   11.46944 1.5595e+02      2.059 0.0000e+00
        265 203.511794    0.01833     1.1000     66.000  1020.6987  43414.181    27.4646      2.088    6.30377    12.3201    12.3125    20.6892   11.46849 1.5213e+02      2.108 0.0000e+00
        266 203.511797    0.01840     1.1042     66.250  1020.6927  43403.890    27.4577      2.133    6.30341    12.3218    12.3172    20.6831   11.46797 1.4881e+02      2.153 0.0000e+00
        267 203.511800    0.01847     1.1083     66.500  1020.6862  43392.220    27.4498      2.170    6.30330    12.3224    12.3203    20.6764   11.46789 1.4585e+02      2.191 0.0000e+00
        268 203.511803    0.01854     1.1125     66.750  1020.6800  43380.763    27.4419      2.199    6.30338    12.3216    12.3221    20.6700   11.46810 1.4346e+02      2.220 0.0000e+00
        269 203.511806    0.01861     1.1167     67.000  1020.6746  43370.855    27.4350      2.220    6.30357    12.3192    12.3227    20.6645   11.46851 1.4172e+02      2.241 0.0000e+00
        270 203.511808    0.01868     1.1208     67.250  1020.6708  43363.468    27.4298      2.234    6.30389    12.3155    12.3219    20.6606   11.46910 1.4042e+02      2.255 0.0000e+00
        271 203.511811    0.01875     1.1250     67.500  1020.6690  43359.589    27.4269      2.245    6.30433    12.3108    12.3195    20.6588   11.46986 1.3963e+02      2.267 0.0000e+00
        272 203.511814    0.01882     1.1292     67.750  1020.6693  43359.194    27.4263      2.256    6.30485    12.3058    12.3157    20.6590   11.47074 1.3986e+02      2.277 0.0000e+00
        273 203.511817    0.01889     1.1333     68.000  1020.6710  43361.309    27.4274      2.265    6.30542    12.3004    12.3111    20.6607   11.47168 1.4145e+02      2.287 0.0000e+00
        274 203.511820    0.01896     1.1375     68.250  1020.6736  43365.048    27.4296      2.270    6.30601    12.2945    12.3061    20.6633   11.47263 1.4451e+02      2.292 0.0000e+00
        275 203.511823    0.01903     1.1417     68.500  1020.6769  43370.072    27.4327      2.266    6.30660    12.2878    12.3007    20.6666   11.47358 1.4903e+02      2.287 0.0000e+00
        276 203.511826    0.01910     1.1458     68.750  1020.6811  43376.709    27.4368      2.247    6.30723    12.2808    12.2948    20.6709   11.47458 1.5489e+02      2.269 0.0000e+00
        277 203.511829    0.01917     1.1500     69.000  1020.6864  43385.285    27.4423      2.212    6.30792    12.2747    12.2880    20.6763   11.47566 1.6173e+02      2.233 0.0000e+00
        278 203.511832    0.01924     1.1542     69.250  1020.6922  43395.031    27.4485      2.161    6.30860    12.2702    12.2810    20.6824   11.47672 1.6853e+02      2.182 0.0000e+00
        279 203.511834    0.01931     1.1583     69.500  1020.6978  43404.548    27.4547      2.100    6.30918    12.2678    12.2749    20.6883   11.47760 1.7369e+02      2.120 0.0000e+00
        280 203.511837    0.01938     1.1625     69.750  1020.7027  43413.133    27.4604      2.038    6.30955    12.2676    12.2705    20.6935   11.47815 1.7588e+02      2.057 0.0000e+00
        281 203.511840    0.01944     1.1667     70.000  1020.7069  43420.756    27.4655      1.985    6.30967    12.2698    12.2681    20.6979   11.47829 1.7481e+02      2.005 0.0000e+00
        282 203.511843    0.01951     1.1708     70.250  1020.7103  43427.315    27.4701      1.953    6.30951    12.2747    12.2678    20.7014   11.47798 1.7090e+02      1.972 0.0000e+00
        283 203.511846    0.01958     1.1750     70.500  1020.7131  43432.948    27.4742      1.946    6.30905    12.2819    12.2701    20.7042   11.47717 1.6456e+02      1.965 0.0000e+00
        284 203.511849    0.01965     1.1792     70.750  1020.7155  43438.290    27.4784      1.966    6.30824    12.2904    12.2749    20.7066   11.47576 1.5639e+02      1.985 0.0000e+00
        285 203.511852    0.01972     1.1833     71.000  1020.7175  43443.073    27.4823      2.010    6.30712    12.2990    12.2821    20.7083   11.47386 1.4778e+02      2.029 0.0000e+00
        286 203.511855    0.01979     1.1875     71.250  1020.7181  43445.603    27.4848      2.073    6.30589    12.3066    12.2906    20.7087   11.47178 1.4042e+02      2.093 0.0000e+00
        287 203.511858    0.01986     1.1917     71.500  1020.7167  43444.291    27.4845      2.148    6.30474    12.3124    12.2993    20.7070   11.46988 1.3539e+02      2.168 0.0000e+00
        288 203.511861    0.01993     1.1958     71.750  1020.7131  43438.517    27.4811      2.225    6.30386    12.3158    12.3069    20.7029   11.46846 1.3309e+02      2.246 0.0000e+00
        289 203.511863    0.02000     1.2000     72.000  1020.7070  43428.005    27.4742      2.292    6.30337    12.3167    12.3127    20.6966   11.46771 1.3353e+02      2.314 0.0000e+00
        290 203.511866    0.02007     1.2042     72.250  1020.6991  43413.692    27.4644      2.340    6.30329    12.3146    12.3161    20.6884   11.46769 1.3637e+02      2.363 0.0000e+00
        291 203.511869    0.02014     1.2083     72.500  1020.6916  43399.896    27.4548      2.361    6.30355    12.3094    12.3170    20.6808   11.46824 1.4096e+02      2.383 0.0000e+00
        292 203.511872    0.02021     1.2125     72.750  1020.6879  43392.749    27.4497      2.351    6.30404    12.3023    12.3149    20.6772   11.46911 1.4637e+02      2.373 0.0000e+00
        293 203.511875    0.02028     1.2167     73.000  1020.6896  43395.003    27.4508      2.313    6.30469    12.2954    12.3097    20.6791   11.47018 1.5140e+02      2.335 0.0000e+00
        294 203.511878    0.02035     1.2208     73.250  1020.6951  43404.102    27.4566      2.256    6.30541    12.2903    12.3026    20.6848   11.47131 1.5495e+02      2.278 0.0000e+00
        295 203.511881    0.02042     1.2250     73.500  1020.7021  43415.966    27.4644      2.193    6.30603    12.2878    12.2957    20.6920   11.47225 1.5674e+02      2.214 0.0000e+00
        296 203.511884    0.02049     1.2292     73.750  1020.7087  43427.661    27.4721      2.134    6.30640    12.2880    12.2905    20.6990   11.47278 1.5700e+02      2.155 0.0000e+00
        297 203.511887    0.02056     1.2333     74.000  1020.7139  43437.023    27.4785      2.089    6.30648    12.2911    12.2880    20.7044   11.47285 1.5575e+02      2.109 0.0000e+00
        298 203.511889    0.02063     1.2375     74.250  1020.7172  43443.421    27.4830      2.061    6.30627    12.2966    12.2883    20.7078   11.47244 1.5334e+02      2.081 0.0000e+00
        299 203.511892    0.02069     1.2417     74.500  1020.7193  43448.027    27.4865      2.054    6.30573    12.3037    12.2913    20.7099   11.47149 1.5083e+02      2.074 0.0000e+00
        300 203.511895    0.02076     1.2458     74.750  1020.7207  43451.787    27.4896      2.067    6.30487    12.3114    12.2969    20.7113   11.47002 1.4931e+02      2.087 0.0000e+00
        301 203.511898    0.02083     1.2500     75.000  1020.7215  43454.512    27.4921      2.097    6.30382    12.3191    12.3040    20.7120   11.46825 1.4939e+02      2.117 0.0000e+00
        302 203.511901    0.02090     1.2542     75.250  1020.7219  43456.532    27.4941      2.136    6.30270    12.3264    12.3117    20.7122   11.46637 1.5122e+02      2.156 0.0000e+00
        303 203.511904    0.02097     1.2583     75.500  1020.7222  43458.370    27.4960      2.175    6.30160    12.3328    12.3194    20.7123   11.46451 1.5470e+02      2.195 0.0000e+00
        304 203.511907    0.02104     1.2625     75.750  1020.7219  43459.249    27.4972      2.202    6.30058    12.3379    12.3266    20.7119   11.46280 1.5922e+02      2.223 0.0000e+00
        305 203.511910    0.02111     1.2667     76.000  1020.7210  43458.725    27.4974      2.212    6.29971    12.3415    12.3331    20.7109   11.46136 1.6366e+02      2.233 0.0000e+00
        306 203.511913    0.02118     1.2708     76.250  1020.7197  43457.620    27.4971      2.202    6.29904    12.3438    12.3382    20.7097   11.46025 1.6675e+02      2.223 0.0000e+00
        307 203.511916    0.02125     1.2750     76.500  1020.7187  43456.692    27.4967      2.177    6.29858    12.3450    12.3418    20.7088   11.45948 1.6735e+02      2.198 0.0000e+00
        308 203.511918    0.02132     1.2792     76.750  1020.7181  43456.266    27.4966      2.147    6.29828    12.3455    12.3440    20.7083   11.45899 1.6494e+02      2.167 0.0000e+00
        309 203.511921    0.02139     1.2833     77.000  1020.7180  43456.480    27.4969      2.124    6.29811    12.3457    12.3452    20.7083   11.45871 1.5999e+02      2.144 0.0000e+00
        310 203.511924    0.02146     1.2875     77.250  1020.7182  43457.182    27.4974      2.116    6.29802    12.3458    12.3457    20.7086   11.45855 1.5327e+02      2.136 0.0000e+00
        311 203.511927    0.02153     1.2917     77.500  1020.7187  43457.974    27.4980      2.125    6.29798    12.3459    12.3459    20.7090   11.45846 1.4550e+02      2.145 0.0000e+00
        312 203.511930    0.02160     1.2958     77.750  1020.7191  43458.542    27.4984      2.146    6.29795    12.3459    12.3460    20.7093   11.45841 1.3789e+02      2.166 0.0000e+00
        313 203.511933    0.02167     1.3000     78.000  1020.7194  43458.939    27.4986      2.174    6.29793    12.3457    12.3461    20.7095   11.45837 1.3193e+02      2.195 0.0000e+00
        314 203.511936    0.02174     1.3042     78.250  1020.7198  43459.411    27.4990      2.207    6.29791    12.3454    12.3461    20.7098   11.45834 1.2853e+02      2.228 0.0000e+00
        315 203.511939    0.02181     1.3083     78.500  1020.7203  43460.012    27.4994      2.241    6.29791    12.3448    12.3460    20.7101   11.45834 1.2786e+02      2.261 0.0000e+00
        316 203.511942    0.02187     1.3125     78.750  1020.7209  43460.704    27.4998      2.272    6.29794    12.3440    12.3457    20.7105   11.45838 1.2951e+02      2.293 0.0000e+00
        317 203.511944    0.02194     1.3167     79.000  1020.7215  43461.569    27.5004      2.297    6.29799    12.3431    12.3451    20.7110   11.45847 1.3288e+02      2.318 0.0000e+00
        318 203.511947    0.02201     1.3208     79.250  1020.7223  43462.701    27.5011      2.312    6.29807    12.3422    12.3443    20.7117   11.45858 1.3759e+02      2.334 0.0000e+00
        319 203.511950    0.02208     1.3250     79.500  1020.7231  43464.089    27.5020      2.315    6.29816    12.3412    12.3434    20.7126   11.45872 1.4361e+02      2.337 0.0000e+00
        320 203.511953    0.02215     1.3292     79.750  1020.7240  43465.621    27.5030      2.301    6.29824    12.3404    12.3425    20.7135   11.45886 1.5082e+02      2.322 0.0000e+00
        321 203.511956    0.02222     1.3333     80.000  1020.7248  43467.064    27.5039      2.268    6.29833    12.3398    12.3415    20.7144   11.45899 1.5862e+02      2.290 0.0000e+00
        322 203.511959    0.02229     1.3375     80.250  1020.7252  43468.160    27.5046      2.218    6.29841    12.3393    12.3407    20.7151   11.45911 1.6605e+02      2.239 0.0000e+00
        323 203.511962    0.02236     1.3417     80.500  1020.7254  43468.810    27.5051      2.156    6.29848    12.3391    12.3401    20.7156   11.45922 1.7226e+02      2.176 0.0000e+00
        324 203.511965    0.02243     1.3458     80.750  1020.7253  43469.124    27.5053      2.087    6.29854    12.3390    12.3396    20.7158   11.45931 1.7695e+02      2.107 0.0000e+00
        325 203.511968    0.02250     1.3500     81.000  1020.7251  43469.227    27.5053      2.022    6.29857    12.3390    12.3393    20.7159   11.45937 1.7989e+02      2.041 0.0000e+00
        326 203.511970    0.02257     1.3542     81.250  1020.7248  43469.091    27.5053      1.970    6.29859    12.3392    12.3392    20.7159   11.45940 1.8010e+02      1.989 0.0000e+00
        327 203.511973    0.02264     1.3583     81.500  1020.7245  43468.650    27.5050      1.941    6.29859    12.3394    12.3393    20.7156   11.45941 1.7684e+02      1.960 0.0000e+00
        328 203.511976    0.02271     1.3625     81.750  1020.7240  43467.918    27.5045      1.940    6.29859    12.3397    12.3395    20.7152   11.45941 1.7057e+02      1.958 0.0000e+00
        329 203.511979    0.02278     1.3667     82.000  1020.7236  43467.046    27.5039      1.965    6.29858    12.3400    12.3397    20.7147   11.45939 1.6250e+02      1.984 0.0000e+00
        330 203.511982    0.02285     1.3708     82.250  1020.7234  43466.269    27.5033      2.014    6.29856    12.3402    12.3400    20.7142   11.45937 1.5407e+02      2.034 0.0000e+00
        331 203.511985    0.02292     1.3750     82.500  1020.7233  43465.708    27.5029      2.079    6.29853    12.3404    12.3403    20.7139   11.45933 1.4656e+02      2.099 0.0000e+00
        332 203.511988    0.02299     1.3792     82.750  1020.7234  43465.301    27.5026      2.152    6.29852    12.3404    12.3405    20.7136   11.45931 1.4076e+02      2.173 0.0000e+00
        333 203.511991    0.02306     1.3833     83.000  1020.7235  43464.918    27.5023      2.225    6.29851    12.3405    12.3407    20.7134   11.45930 1.3695e+02      2.246 0.0000e+00
        334 203.511994    0.02313     1.3875     83.250  1020.7235  43464.475    27.5020      2.289    6.29852    12.3405    12.3407    20.7131   11.45931 1.3519e+02      2.311 0.0000e+00
        335 203.511997    0.02319     1.3917     83.500  1020.7235  43463.963    27.5016      2.339    6.29852    12.3406    12.3408    20.7128   11.45933 1.3543e+02      2.361 0.0000e+00
        336 203.511999    0.02326     1.3958     83.750  1020.7233  43463.425    27.5013      2.370    6.29853    12.3408    12.3408    20.7125   11.45935 1.3740e+02      2.392 0.0000e+00
        337 203.512002    0.02333     1.4000     84.000  1020.7231  43462.887    27.5009      2.381    6.29853    12.3410    12.3409    20.7122   11.45935 1.4063e+02      2.404 0.0000e+00
        338 203.512005    0.02340     1.4042     84.250  1020.7227  43462.341    27.5006      2.375    6.29852    12.3412    12.3411    20.7119   11.45934 1.4465e+02      2.398 0.0000e+00
        339 203.512008    0.02347     1.4083     84.500  1020.7223  43461.799    27.5002      2.355    6.29851    12.3413    12.3413    20.7116   11.45932 1.4892e+02      2.378 0.0000e+00
        340 203.512011    0.02354     1.4125     84.750  1020.7219  43461.291    27.4999      2.327    6.29849    12.3414    12.3415    20.7113   11.45931 1.5264e+02      2.349 0.0000e+00
