CTD-processing/allCTD/CNV--homogene/2014_08-13_t4_s05_cast037.cnv
* Sea-Bird SBE19plus Data File:
* FileName = C:\Users\kris.holderied\Documents\kasitsna\Research-Projects-and-Data\Oceanography-AK\CTD-Data-ALL-to-2014-06\2014-CTD-KachemakBay-CookInlet\2014-08-13-CookInlet-Tran4-Barabara-extra\2014-08-13-CookInlet-Tran4-cast037.hex
* Software Version 1.59
* Temperature SN =  4141
* Conductivity SN =  4141
* System UpLoad Time = Oct 13 2014 01:05:03
** Cook Inlet LTM Transect 4 (Barabara) South to North
** Date: 08-13
** Station: 4-05
** Start time: 15:14
** Depth (m): 78.6
** Comment:  CTD time is Alaska Daylight time.  R/V Barnacle. Transducer  depth.
** Comment:
# nquan = 17
# nvalues = 622                         
# units = specified
# name 0 = scan: Scan Count
# name 1 = timeJ: Julian Days
# name 2 = timeH: Time, Elapsed [hours]
# name 3 = timeM: Time, Elapsed [minutes]
# name 4 = timeS: Time, Elapsed [seconds]
# name 5 = density00: Density [density, kg/m^3]
# name 6 = specc: Specific Conductance [uS/cm]
# name 7 = sal00: Salinity, Practical [PSU]
# name 8 = depSM: Depth [salt water, m], lat = 59.00
# name 9 = oxsolML/L: Oxygen Saturation, Garcia & Gordon [ml/l]
# name 10 = potemp090C: Potential Temperature [ITS-90, deg C]
# name 11 = tv290C: Temperature [ITS-90, deg C]
# name 12 = sigma-é00: Density [sigma-theta, kg/m^3]
# name 13 = n2satML/L: Nitrogen Saturation [ml/l]
# name 14 = par: PAR/Irradiance, Biospherical/Licor
# name 15 = prdM: Pressure, Strain Gauge [db]
# name 16 = flag:  0.000e+00
# span 0 =          1,        622       
# span 1 = 225.635671, 225.637468       
# span 2 =    0.00000,    0.04312       
# span 3 =     0.0000,     2.5875       
# span 4 =      0.000,    155.250       
# span 5 =   999.7188,  1024.5183       
# span 6 =   1011.192,  49441.191       
# span 7 =     0.4963,    31.4225       
# span 8 =     -0.214,     75.839       
# span 9 =    6.14911,    7.29310       
# span 10 =     9.9219,    13.3516      
# span 11 =     9.9302,    13.3519      
# span 12 =    -0.2802,    24.1722      
# span 13 =   11.17064,   13.47521      
# span 14 = 5.2598e-02, 4.6122e+02      
# span 15 =     -0.216,     76.568      
# span 16 = 0.0000e+00, 0.0000e+00      
# interval = seconds: 0.25
# start_time = Aug 13 2014 15:15:22 [Instrument's time stamp, header]
# bad_flag = -9.990e-29
*END*
[from data line 341]
        342 225.636658    0.02368     1.4208     85.250  1023.3778  48305.752    30.9054      1.258    6.18208    12.2021    12.2113    23.3721   11.22617 1.7869e+02      1.270 0.0000e+00
        343 225.636661    0.02375     1.4250     85.500  1023.3813  48309.920    30.9078      1.410    6.18257    12.1980    12.2068    23.3749   11.22696 1.7017e+02      1.423 0.0000e+00
        344 225.636664    0.02382     1.4292     85.750  1023.3849  48314.388    30.9105      1.573    6.18306    12.1936    12.2023    23.3778   11.22773 1.6212e+02      1.588 0.0000e+00
        345 225.636667    0.02389     1.4333     86.000  1023.3876  48317.074    30.9119      1.746    6.18353    12.1880    12.1982    23.3796   11.22850 1.5497e+02      1.763 0.0000e+00
        346 225.636670    0.02396     1.4375     86.250  1023.3893  48317.901    30.9120      1.929    6.18409    12.1807    12.1938    23.3805   11.22943 1.4860e+02      1.947 0.0000e+00
        347 225.636672    0.02403     1.4417     86.500  1023.3912  48318.727    30.9120      2.116    6.18483    12.1719    12.1882    23.3815   11.23064 1.4281e+02      2.136 0.0000e+00
        348 225.636675    0.02410     1.4458     86.750  1023.3941  48321.068    30.9129      2.306    6.18575    12.1619    12.1809    23.3836   11.23216 1.3775e+02      2.328 0.0000e+00
        349 225.636678    0.02417     1.4500     87.000  1023.3978  48324.599    30.9144      2.497    6.18683    12.1502    12.1722    23.3864   11.23393 1.3354e+02      2.521 0.0000e+00
        350 225.636681    0.02424     1.4542     87.250  1023.4016  48328.081    30.9159      2.688    6.18807    12.1359    12.1622    23.3894   11.23599 1.3017e+02      2.713 0.0000e+00
        351 225.636684    0.02431     1.4583     87.500  1023.4051  48330.741    30.9166      2.875    6.18957    12.1185    12.1506    23.3920   11.23846 1.2764e+02      2.902 0.0000e+00
        352 225.636687    0.02438     1.4625     87.750  1023.4095  48334.538    30.9178      3.052    6.19139    12.0997    12.1362    23.3956   11.24147 1.2604e+02      3.081 0.0000e+00
        353 225.636690    0.02444     1.4667     88.000  1023.4168  48343.216    30.9222      3.212    6.19349    12.0821    12.1189    23.4022   11.24490 1.2525e+02      3.242 0.0000e+00
        354 225.636693    0.02451     1.4708     88.250  1023.4267  48356.363    30.9296      3.353    6.19564    12.0667    12.1001    23.4115   11.24839 1.2495e+02      3.385 0.0000e+00
        355 225.636696    0.02458     1.4750     88.500  1023.4362  48369.219    30.9370      3.480    6.19766    12.0525    12.0825    23.4204   11.25164 1.2493e+02      3.513 0.0000e+00
        356 225.636698    0.02465     1.4792     88.750  1023.4432  48378.004    30.9416      3.604    6.19950    12.0379    12.0671    23.4269   11.25464 1.2532e+02      3.639 0.0000e+00
        357 225.636701    0.02472     1.4833     89.000  1023.4474  48381.948    30.9430      3.741    6.20129    12.0208    12.0530    23.4305   11.25761 1.2647e+02      3.776 0.0000e+00
        358 225.636704    0.02479     1.4875     89.250  1023.4494  48381.469    30.9411      3.900    6.20328    11.9989    12.0384    23.4317   11.26092 1.2871e+02      3.937 0.0000e+00
        359 225.636707    0.02486     1.4917     89.500  1023.4491  48376.155    30.9356      4.084    6.20574    11.9704    12.0213    23.4306   11.26507 1.3203e+02      4.122 0.0000e+00
        360 225.636710    0.02493     1.4958     89.750  1023.4482  48368.750    30.9281      4.287    6.20891    11.9373    11.9994    23.4288   11.27042 1.3583e+02      4.328 0.0000e+00
        361 225.636713    0.02500     1.5000     90.000  1023.4528  48370.037    30.9260      4.504    6.21273    11.9044    11.9709    23.4324   11.27677 1.3847e+02      4.546 0.0000e+00
        362 225.636716    0.02507     1.5042     90.250  1023.4659  48385.732    30.9338      4.730    6.21678    11.8746    11.9378    23.4444   11.28340 1.3876e+02      4.774 0.0000e+00
        363 225.636719    0.02514     1.5083     90.500  1023.4812  48405.616    30.9445      4.964    6.22068    11.8465    11.9050    23.4587   11.28975 1.3765e+02      5.010 0.0000e+00
        364 225.636722    0.02521     1.5125     90.750  1023.4930  48419.489    30.9512      5.204    6.22434    11.8172    11.8752    23.4694   11.29574 1.3622e+02      5.253 0.0000e+00
        365 225.636725    0.02528     1.5167     91.000  1023.5007  48426.447    30.9532      5.449    6.22795    11.7828    11.8473    23.4760   11.30171 1.3454e+02      5.500 0.0000e+00
        366 225.636727    0.02535     1.5208     91.250  1023.5051  48427.001    30.9505      5.696    6.23193    11.7403    11.8180    23.4792   11.30833 1.3268e+02      5.749 0.0000e+00
        367 225.636730    0.02542     1.5250     91.500  1023.5098  48427.275    30.9471      5.944    6.23662    11.6921    11.7835    23.4828   11.31616 1.3055e+02      6.000 0.0000e+00
        368 225.636733    0.02549     1.5292     91.750  1023.5228  48441.166    30.9525      6.197    6.24203    11.6446    11.7411    23.4947   11.32506 1.2790e+02      6.255 0.0000e+00
        369 225.636736    0.02556     1.5333     92.000  1023.5463  48473.130    30.9701      6.456    6.24772    11.6027    11.6929    23.5170   11.33430 1.2424e+02      6.517 0.0000e+00
        370 225.636739    0.02562     1.5375     92.250  1023.5745  48513.679    30.9938      6.722    6.25310    11.5678    11.6454    23.5440   11.34294 1.1945e+02      6.786 0.0000e+00
        371 225.636742    0.02569     1.5417     92.500  1023.6010  48552.269    31.0167      6.996    6.25775    11.5387    11.6036    23.5693   11.35039 1.1475e+02      7.062 0.0000e+00
        372 225.636745    0.02576     1.5458     92.750  1023.6230  48583.741    31.0353      7.276    6.26165    11.5131    11.5688    23.5899   11.35664 1.1099e+02      7.344 0.0000e+00
        373 225.636748    0.02583     1.5500     93.000  1023.6404  48607.935    31.0493      7.560    6.26498    11.4897    11.5396    23.6060   11.36199 1.0782e+02      7.631 0.0000e+00
        374 225.636751    0.02590     1.5542     93.250  1023.6550  48627.803    31.0605      7.847    6.26794    11.4684    11.5141    23.6193   11.36677 1.0497e+02      7.921 0.0000e+00
        375 225.636753    0.02597     1.5583     93.500  1023.6688  48646.539    31.0712      8.136    6.27063    11.4500    11.4907    23.6318   11.37112 1.0210e+02      8.213 0.0000e+00
        376 225.636756    0.02604     1.5625     93.750  1023.6824  48665.167    31.0821      8.428    6.27304    11.4350    11.4694    23.6441   11.37499 9.8649e+01      8.508 0.0000e+00
        377 225.636759    0.02611     1.5667     94.000  1023.6950  48682.655    31.0924      8.721    6.27509    11.4234    11.4511    23.6554   11.37826 9.4532e+01      8.804 0.0000e+00
        378 225.636762    0.02618     1.5708     94.250  1023.7060  48697.703    31.1014      9.015    6.27674    11.4147    11.4361    23.6650   11.38089 9.0231e+01      9.100 0.0000e+00
        379 225.636765    0.02625     1.5750     94.500  1023.7149  48709.718    31.1085      9.309    6.27800    11.4081    11.4245    23.6726   11.38290 8.6293e+01      9.397 0.0000e+00
        380 225.636768    0.02632     1.5792     94.750  1023.7219  48718.626    31.1138      9.603    6.27895    11.4029    11.4158    23.6782   11.38442 8.2885e+01      9.695 0.0000e+00
        381 225.636771    0.02639     1.5833     95.000  1023.7273  48725.039    31.1175      9.899    6.27968    11.3986    11.4093    23.6823   11.38558 7.9813e+01      9.993 0.0000e+00
        382 225.636774    0.02646     1.5875     95.250  1023.7319  48730.264    31.1205     10.196    6.28025    11.3952    11.4041    23.6856   11.38649 7.6862e+01     10.292 0.0000e+00
        383 225.636777    0.02653     1.5917     95.500  1023.7364  48735.308    31.1235     10.495    6.28070    11.3927    11.3999    23.6887   11.38720 7.3924e+01     10.594 0.0000e+00
        384 225.636780    0.02660     1.5958     95.750  1023.7406  48740.035    31.1264     10.796    6.28104    11.3909    11.3965    23.6915   11.38773 7.1011e+01     10.898 0.0000e+00
        385 225.636782    0.02667     1.6000     96.000  1023.7443  48743.886    31.1287     11.102    6.28128    11.3896    11.3940    23.6938   11.38810 6.8172e+01     11.207 0.0000e+00
        386 225.636785    0.02674     1.6042     96.250  1023.7474  48746.939    31.1306     11.412    6.28145    11.3886    11.3922    23.6956   11.38835 6.5408e+01     11.520 0.0000e+00
        387 225.636788    0.02681     1.6083     96.500  1023.7502  48749.419    31.1321     11.726    6.28155    11.3878    11.3910    23.6970   11.38851 6.2724e+01     11.837 0.0000e+00
        388 225.636791    0.02688     1.6125     96.750  1023.7526  48751.196    31.1331     12.041    6.28163    11.3869    11.3901    23.6979   11.38863 6.0163e+01     12.154 0.0000e+00
        389 225.636794    0.02694     1.6167     97.000  1023.7546  48752.232    31.1337     12.356    6.28171    11.3856    11.3893    23.6985   11.38875 5.7739e+01     12.473 0.0000e+00
        390 225.636797    0.02701     1.6208     97.250  1023.7563  48752.741    31.1338     12.673    6.28182    11.3838    11.3885    23.6987   11.38894 5.5421e+01     12.793 0.0000e+00
        391 225.636800    0.02708     1.6250     97.500  1023.7579  48753.039    31.1338     12.991    6.28199    11.3816    11.3872    23.6989   11.38922 5.3172e+01     13.114 0.0000e+00
        392 225.636803    0.02715     1.6292     97.750  1023.7597  48753.533    31.1338     13.306    6.28223    11.3792    11.3855    23.6993   11.38961 5.1007e+01     13.432 0.0000e+00
        393 225.636806    0.02722     1.6333     98.000  1023.7617  48754.451    31.1341     13.617    6.28251    11.3766    11.3833    23.6999   11.39007 4.8958e+01     13.746 0.0000e+00
        394 225.636808    0.02729     1.6375     98.250  1023.7639  48755.618    31.1345     13.926    6.28282    11.3740    11.3808    23.7007   11.39058 4.7008e+01     14.058 0.0000e+00
        395 225.636811    0.02736     1.6417     98.500  1023.7662  48756.901    31.1350     14.233    6.28314    11.3714    11.3783    23.7015   11.39111 4.5134e+01     14.368 0.0000e+00
        396 225.636814    0.02743     1.6458     98.750  1023.7686  48758.425    31.1357     14.540    6.28345    11.3691    11.3758    23.7025   11.39163 4.3353e+01     14.678 0.0000e+00
        397 225.636817    0.02750     1.6500     99.000  1023.7710  48760.115    31.1365     14.845    6.28376    11.3668    11.3733    23.7036   11.39212 4.1679e+01     14.986 0.0000e+00
        398 225.636820    0.02757     1.6542     99.250  1023.7733  48761.405    31.1371     15.148    6.28405    11.3644    11.3709    23.7044   11.39260 4.0095e+01     15.292 0.0000e+00
        399 225.636823    0.02764     1.6583     99.500  1023.7750  48761.785    31.1370     15.449    6.28435    11.3615    11.3687    23.7048   11.39309 3.8576e+01     15.596 0.0000e+00
        400 225.636826    0.02771     1.6625     99.750  1023.7764  48761.565    31.1364     15.748    6.28469    11.3583    11.3663    23.7048   11.39366 3.7108e+01     15.898 0.0000e+00
        401 225.636829    0.02778     1.6667    100.000  1023.7780  48761.687    31.1361     16.047    6.28508    11.3549    11.3635    23.7050   11.39432 3.5688e+01     16.199 0.0000e+00
        402 225.636832    0.02785     1.6708    100.250  1023.7802  48762.834    31.1365     16.347    6.28550    11.3518    11.3602    23.7058   11.39501 3.4323e+01     16.501 0.0000e+00
        403 225.636834    0.02792     1.6750    100.500  1023.7829  48764.834    31.1374     16.647    6.28591    11.3490    11.3569    23.7072   11.39568 3.3022e+01     16.804 0.0000e+00
        404 225.636837    0.02799     1.6792    100.750  1023.7856  48767.011    31.1385     16.948    6.28629    11.3466    11.3538    23.7086   11.39629 3.1783e+01     17.108 0.0000e+00
        405 225.636840    0.02806     1.6833    101.000  1023.7882  48768.815    31.1393     17.254    6.28662    11.3442    11.3511    23.7097   11.39683 3.0584e+01     17.417 0.0000e+00
        406 225.636843    0.02813     1.6875    101.250  1023.7904  48770.021    31.1398     17.565    6.28692    11.3417    11.3487    23.7105   11.39733 2.9405e+01     17.731 0.0000e+00
        407 225.636846    0.02819     1.6917    101.500  1023.7923  48770.670    31.1399     17.882    6.28723    11.3387    11.3464    23.7110   11.39784 2.8235e+01     18.051 0.0000e+00
        408 225.636849    0.02826     1.6958    101.750  1023.7940  48770.917    31.1396     18.205    6.28758    11.3351    11.3438    23.7113   11.39841 2.7077e+01     18.377 0.0000e+00
        409 225.636852    0.02833     1.7000    102.000  1023.7957  48770.868    31.1392     18.534    6.28799    11.3305    11.3409    23.7114   11.39910 2.5936e+01     18.709 0.0000e+00
        410 225.636855    0.02840     1.7042    102.250  1023.7972  48770.452    31.1383     18.867    6.28851    11.3244    11.3373    23.7114   11.39997 2.4819e+01     19.045 0.0000e+00
        411 225.636858    0.02847     1.7083    102.500  1023.7985  48769.451    31.1370     19.202    6.28918    11.3161    11.3327    23.7112   11.40110 2.3737e+01     19.384 0.0000e+00
        412 225.636861    0.02854     1.7125    102.750  1023.7994  48767.558    31.1348     19.540    6.29008    11.3049    11.3267    23.7106   11.40261 2.2700e+01     19.725 0.0000e+00
        413 225.636863    0.02861     1.7167    103.000  1023.8003  48765.186    31.1321     19.879    6.29129    11.2911    11.3185    23.7099   11.40466 2.1714e+01     20.068 0.0000e+00
        414 225.636866    0.02868     1.7208    103.250  1023.8026  48764.847    31.1305     20.219    6.29285    11.2760    11.3074    23.7106   11.40726 2.0786e+01     20.411 0.0000e+00
        415 225.636869    0.02875     1.7250    103.500  1023.8076  48769.018    31.1318     20.557    6.29466    11.2611    11.2936    23.7141   11.41024 1.9917e+01     20.753 0.0000e+00
        416 225.636872    0.02882     1.7292    103.750  1023.8148  48777.011    31.1357     20.895    6.29654    11.2475    11.2785    23.7198   11.41331 1.9100e+01     21.093 0.0000e+00
        417 225.636875    0.02889     1.7333    104.000  1023.8228  48786.358    31.1406     21.232    6.29834    11.2351    11.2636    23.7262   11.41624 1.8322e+01     21.434 0.0000e+00
        418 225.636878    0.02896     1.7375    104.250  1023.8303  48795.184    31.1452     21.569    6.29999    11.2241    11.2500    23.7322   11.41892 1.7572e+01     21.775 0.0000e+00
        419 225.636881    0.02903     1.7417    104.500  1023.8373  48803.191    31.1494     21.907    6.30148    11.2145    11.2377    23.7376   11.42134 1.6840e+01     22.115 0.0000e+00
        420 225.636884    0.02910     1.7458    104.750  1023.8440  48810.917    31.1535     22.245    6.30279    11.2064    11.2267    23.7428   11.42348 1.6122e+01     22.456 0.0000e+00
        421 225.636887    0.02917     1.7500    105.000  1023.8504  48818.371    31.1576     22.584    6.30392    11.1998    11.2172    23.7476   11.42530 1.5423e+01     22.798 0.0000e+00
        422 225.636889    0.02924     1.7542    105.250  1023.8563  48825.150    31.1614     22.924    6.30486    11.1946    11.2091    23.7520   11.42681 1.4749e+01     23.142 0.0000e+00
        423 225.636892    0.02931     1.7583    105.500  1023.8615  48830.856    31.1646     23.267    6.30561    11.1904    11.2026    23.7557   11.42802 1.4102e+01     23.488 0.0000e+00
        424 225.636895    0.02937     1.7625    105.750  1023.8659  48835.338    31.1670     23.612    6.30621    11.1868    11.1974    23.7585   11.42899 1.3483e+01     23.836 0.0000e+00
        425 225.636898    0.02944     1.7667    106.000  1023.8696  48838.654    31.1688     23.960    6.30671    11.1835    11.1932    23.7606   11.42980 1.2892e+01     24.188 0.0000e+00
