CTD-processing/allCTD/CNV--homogene/2014_04-07_t7_s22_cast287.cnv
* Sea-Bird SBE19plus Data File:
* FileName = C:\Users\kris.holderied\Documents\kasitsna\Research-Projects-and-Data\Oceanography-AK\CTD-CookInlet-GulfWatchAK\2014-04-EVOSTC-CookInlet-Ocean\2014-04-07-CookInlet-Tran7-Augustine\2014-04-07-CookInlet-Tran7-cast287.hex
* Software Version 1.59
* Temperature SN =  5028
* Conductivity SN =  5028
* System UpLoad Time = Apr 09 2014 12:09:12
** Cook Inlet LTM Transect 7 (Augustine) west to east
** Date: 7 Apr 2014
** Station: 7-22
** Start time: 09:42
** Depth (m): 75
** Comment:  CTD instrument time is AK Daylight time
** Comment:
# nquan = 17
# nvalues = 613                         
# units = specified
# name 0 = scan: Scan Count
# name 1 = timeJ: Julian Days
# name 2 = timeH: Time, Elapsed [hours]
# name 3 = timeM: Time, Elapsed [minutes]
# name 4 = timeS: Time, Elapsed [seconds]
# name 5 = density00: Density [density, kg/m^3]
# name 6 = specc: Specific Conductance [uS/cm]
# name 7 = sal00: Salinity, Practical [PSU]
# name 8 = depSM: Depth [salt water, m], lat = 59.00
# name 9 = oxsolML/L: Oxygen Saturation, Garcia & Gordon [ml/l]
# name 10 = potemp090C: Potential Temperature [ITS-90, deg C]
# name 11 = tv290C: Temperature [ITS-90, deg C]
# name 12 = sigma-é00: Density [sigma-theta, kg/m^3]
# name 13 = n2satML/L: Nitrogen Saturation [ml/l]
# name 14 = par: PAR/Irradiance, Biospherical/Licor
# name 15 = prdM: Pressure, Strain Gauge [db]
# name 16 = flag:  0.000e+00
# span 0 =          1,        613       
# span 1 =  97.403785,  97.405556       
# span 2 =    0.00000,    0.04250       
# span 3 =     0.0000,     2.5500       
# span 4 =      0.000,    153.000       
# span 5 =  1000.6427,  1025.6161       
# span 6 =   1710.777,  51454.595       
# span 7 =     0.8310,    31.9351       
# span 8 =     -0.246,     73.793       
# span 9 =    7.25822,    9.20474       
# span 10 =     3.6533,     4.7776      
# span 11 =     3.6531,     4.7811      
# span 12 =     0.6439,    25.2819      
# span 13 =   12.99432,   16.69216      
# span 14 = 7.6078e-02, 2.1376e+02      
# span 15 =     -0.248,     74.503      
# span 16 = 0.0000e+00, 0.0000e+00      
# interval = seconds: 0.25
# start_time = Apr 07 2014 09:41:27 [Instrument's time stamp, header]
# bad_flag = -9.990e-29
*END*
[from data line 426]
        427  97.405017    0.02958     1.7750    106.500  1025.4587  51416.371    31.9243     42.014    7.25852     4.7769     4.7801    25.2615   12.99484 9.0910e-01     42.415 0.0000e+00
        428  97.405020    0.02965     1.7792    106.750  1025.4592  51416.847    31.9246     42.060    7.25852     4.7769     4.7800    25.2617   12.99484 9.0839e-01     42.462 0.0000e+00
        429  97.405023    0.02972     1.7833    107.000  1025.4595  51417.289    31.9249     42.089    7.25852     4.7769     4.7799    25.2619   12.99484 9.0848e-01     42.491 0.0000e+00
        430  97.405026    0.02979     1.7875    107.250  1025.4598  51417.617    31.9251     42.110    7.25852     4.7769     4.7798    25.2621   12.99484 9.0832e-01     42.512 0.0000e+00
        431  97.405029    0.02986     1.7917    107.500  1025.4601  51417.901    31.9252     42.134    7.25852     4.7770     4.7798    25.2623   12.99483 9.0693e-01     42.536 0.0000e+00
        432  97.405032    0.02993     1.7958    107.750  1025.4604  51418.210    31.9254     42.174    7.25850     4.7771     4.7799    25.2624   12.99480 9.0352e-01     42.577 0.0000e+00
        433  97.405035    0.03000     1.8000    108.000  1025.4609  51418.599    31.9257     42.240    7.25847     4.7771     4.7799    25.2626   12.99475 8.9755e-01     42.643 0.0000e+00
        434  97.405038    0.03007     1.8042    108.250  1025.4616  51419.103    31.9260     42.338    7.25844     4.7772     4.7800    25.2628   12.99470 8.8865e-01     42.742 0.0000e+00
        435  97.405041    0.03014     1.8083    108.500  1025.4625  51419.672    31.9264     42.471    7.25841     4.7773     4.7801    25.2631   12.99464 8.7687e-01     42.876 0.0000e+00
        436  97.405043    0.03021     1.8125    108.750  1025.4636  51420.206    31.9267     42.640    7.25838     4.7774     4.7802    25.2633   12.99458 8.6256e-01     43.047 0.0000e+00
        437  97.405046    0.03028     1.8167    109.000  1025.4647  51420.656    31.9269     42.840    7.25834     4.7774     4.7803    25.2635   12.99453 8.4634e-01     43.249 0.0000e+00
        438  97.405049    0.03035     1.8208    109.250  1025.4658  51420.994    31.9270     43.064    7.25832     4.7773     4.7804    25.2636   12.99449 8.2899e-01     43.475 0.0000e+00
        439  97.405052    0.03042     1.8250    109.500  1025.4670  51421.298    31.9271     43.301    7.25831     4.7771     4.7804    25.2637   12.99447 8.1139e-01     43.714 0.0000e+00
        440  97.405055    0.03049     1.8292    109.750  1025.4683  51421.726    31.9273     43.541    7.25831     4.7768     4.7804    25.2638   12.99447 7.9456e-01     43.957 0.0000e+00
        441  97.405058    0.03056     1.8333    110.000  1025.4696  51422.286    31.9275     43.773    7.25833     4.7766     4.7802    25.2640   12.99451 7.7924e-01     44.191 0.0000e+00
        442  97.405061    0.03062     1.8375    110.250  1025.4708  51422.861    31.9277     43.987    7.25837     4.7764     4.7799    25.2642   12.99456 7.6585e-01     44.407 0.0000e+00
        443  97.405064    0.03069     1.8417    110.500  1025.4718  51423.359    31.9279     44.177    7.25840     4.7762     4.7797    25.2644   12.99461 7.5468e-01     44.599 0.0000e+00
        444  97.405067    0.03076     1.8458    110.750  1025.4727  51423.764    31.9281     44.340    7.25843     4.7761     4.7795    25.2645   12.99465 7.4585e-01     44.763 0.0000e+00
        445  97.405069    0.03083     1.8500    111.000  1025.4735  51424.131    31.9282     44.473    7.25845     4.7759     4.7794    25.2647   12.99469 7.3925e-01     44.897 0.0000e+00
        446  97.405072    0.03090     1.8542    111.250  1025.4741  51424.499    31.9284     44.578    7.25847     4.7758     4.7792    25.2648   12.99471 7.3454e-01     45.003 0.0000e+00
        447  97.405075    0.03097     1.8583    111.500  1025.4746  51424.833    31.9286     44.659    7.25848     4.7758     4.7791    25.2650   12.99474 7.3112e-01     45.086 0.0000e+00
        448  97.405078    0.03104     1.8625    111.750  1025.4751  51425.088    31.9287     44.727    7.25849     4.7758     4.7790    25.2651   12.99476 7.2818e-01     45.154 0.0000e+00
        449  97.405081    0.03111     1.8667    112.000  1025.4755  51425.277    31.9288     44.790    7.25849     4.7758     4.7790    25.2651   12.99476 7.2507e-01     45.218 0.0000e+00
        450  97.405084    0.03118     1.8708    112.250  1025.4758  51425.417    31.9288     44.860    7.25849     4.7759     4.7790    25.2652   12.99474 7.2122e-01     45.289 0.0000e+00
        451  97.405087    0.03125     1.8750    112.500  1025.4762  51425.452    31.9288     44.945    7.25848     4.7760     4.7791    25.2652   12.99472 7.1610e-01     45.374 0.0000e+00
        452  97.405090    0.03132     1.8792    112.750  1025.4766  51425.364    31.9287     45.050    7.25847     4.7760     4.7791    25.2651   12.99471 7.0953e-01     45.480 0.0000e+00
        453  97.405093    0.03139     1.8833    113.000  1025.4771  51425.246    31.9286     45.179    7.25846     4.7760     4.7792    25.2650   12.99471 7.0145e-01     45.610 0.0000e+00
        454  97.405095    0.03146     1.8875    113.250  1025.4778  51425.184    31.9285     45.331    7.25847     4.7760     4.7792    25.2649   12.99471 6.9210e-01     45.764 0.0000e+00
        455  97.405098    0.03153     1.8917    113.500  1025.4785  51425.199    31.9284     45.503    7.25847     4.7761     4.7792    25.2648   12.99471 6.8183e-01     45.937 0.0000e+00
        456  97.405101    0.03160     1.8958    113.750  1025.4794  51425.270    31.9284     45.691    7.25846     4.7762     4.7793    25.2648   12.99470 6.7091e-01     46.127 0.0000e+00
        457  97.405104    0.03167     1.9000    114.000  1025.4803  51425.338    31.9284     45.891    7.25844     4.7763     4.7794    25.2648   12.99467 6.5951e-01     46.329 0.0000e+00
        458  97.405107    0.03174     1.9042    114.250  1025.4812  51425.387    31.9283     46.100    7.25843     4.7763     4.7795    25.2647   12.99464 6.4781e-01     46.540 0.0000e+00
        459  97.405110    0.03181     1.9083    114.500  1025.4822  51425.471    31.9283     46.315    7.25841     4.7764     4.7795    25.2647   12.99462 6.3604e-01     46.757 0.0000e+00
        460  97.405113    0.03188     1.9125    114.750  1025.4831  51425.545    31.9282     46.531    7.25840     4.7765     4.7796    25.2646   12.99461 6.2437e-01     46.975 0.0000e+00
        461  97.405116    0.03194     1.9167    115.000  1025.4840  51425.458    31.9281     46.746    7.25840     4.7768     4.7797    25.2645   12.99460 6.1288e-01     47.192 0.0000e+00
        462  97.405119    0.03201     1.9208    115.250  1025.4848  51425.165    31.9278     46.959    7.25839     4.7771     4.7798    25.2643   12.99459 6.0169e-01     47.408 0.0000e+00
        463  97.405122    0.03208     1.9250    115.500  1025.4855  51424.758    31.9275     47.170    7.25836     4.7773     4.7801    25.2640   12.99454 5.9084e-01     47.621 0.0000e+00
        464  97.405124    0.03215     1.9292    115.750  1025.4862  51424.323    31.9272     47.378    7.25833     4.7775     4.7804    25.2637   12.99449 5.8045e-01     47.831 0.0000e+00
        465  97.405127    0.03222     1.9333    116.000  1025.4869  51423.944    31.9269     47.583    7.25829     4.7776     4.7807    25.2634   12.99444 5.7060e-01     48.038 0.0000e+00
        466  97.405130    0.03229     1.9375    116.250  1025.4876  51423.754    31.9267     47.781    7.25826     4.7776     4.7809    25.2633   12.99439 5.6130e-01     48.238 0.0000e+00
        467  97.405133    0.03236     1.9417    116.500  1025.4885  51423.841    31.9266     47.971    7.25824     4.7776     4.7810    25.2632   12.99436 5.5261e-01     48.430 0.0000e+00
        468  97.405136    0.03243     1.9458    116.750  1025.4895  51424.172    31.9268     48.149    7.25823     4.7775     4.7811    25.2634   12.99434 5.4474e-01     48.609 0.0000e+00
        469  97.405139    0.03250     1.9500    117.000  1025.4904  51424.576    31.9270     48.314    7.25823     4.7775     4.7810    25.2635   12.99433 5.3774e-01     48.775 0.0000e+00
        470  97.405142    0.03257     1.9542    117.250  1025.4912  51424.891    31.9271     48.464    7.25823     4.7775     4.7810    25.2637   12.99433 5.3151e-01     48.927 0.0000e+00
        471  97.405145    0.03264     1.9583    117.500  1025.4919  51425.076    31.9272     48.600    7.25822     4.7775     4.7810    25.2637   12.99432 5.2591e-01     49.065 0.0000e+00
        472  97.405148    0.03271     1.9625    117.750  1025.4925  51425.166    31.9272     48.725    7.25822     4.7774     4.7810    25.2637   12.99432 5.2071e-01     49.192 0.0000e+00
        473  97.405150    0.03278     1.9667    118.000  1025.4930  51425.223    31.9272     48.845    7.25823     4.7773     4.7810    25.2637   12.99433 5.1560e-01     49.312 0.0000e+00
        474  97.405153    0.03285     1.9708    118.250  1025.4936  51425.281    31.9271     48.965    7.25824     4.7772     4.7809    25.2637   12.99435 5.1024e-01     49.433 0.0000e+00
        475  97.405156    0.03292     1.9750    118.500  1025.4942  51425.345    31.9271     49.096    7.25826     4.7771     4.7808    25.2637   12.99438 5.0420e-01     49.565 0.0000e+00
        476  97.405159    0.03299     1.9792    118.750  1025.4948  51425.430    31.9270     49.245    7.25828     4.7769     4.7807    25.2636   12.99442 4.9719e-01     49.716 0.0000e+00
        477  97.405162    0.03306     1.9833    119.000  1025.4957  51425.588    31.9270     49.420    7.25830     4.7767     4.7805    25.2636   12.99446 4.8900e-01     49.893 0.0000e+00
        478  97.405165    0.03313     1.9875    119.250  1025.4967  51425.881    31.9271     49.626    7.25833     4.7766     4.7804    25.2637   12.99450 4.7962e-01     50.101 0.0000e+00
        479  97.405168    0.03319     1.9917    119.500  1025.4980  51426.317    31.9272     49.860    7.25835     4.7766     4.7803    25.2638   12.99452 4.6935e-01     50.337 0.0000e+00
        480  97.405171    0.03326     1.9958    119.750  1025.4993  51426.760    31.9274     50.118    7.25835     4.7766     4.7802    25.2640   12.99453 4.5857e-01     50.597 0.0000e+00
        481  97.405174    0.03333     2.0000    120.000  1025.5006  51427.066    31.9274     50.389    7.25835     4.7765     4.7802    25.2640   12.99453 4.4766e-01     50.871 0.0000e+00
        482  97.405177    0.03340     2.0042    120.250  1025.5019  51427.351    31.9275     50.661    7.25836     4.7764     4.7801    25.2641   12.99453 4.3706e-01     51.146 0.0000e+00
        483  97.405179    0.03347     2.0083    120.500  1025.5033  51427.749    31.9276     50.922    7.25836     4.7763     4.7801    25.2642   12.99453 4.2732e-01     51.409 0.0000e+00
        484  97.405182    0.03354     2.0125    120.750  1025.5046  51428.239    31.9278     51.160    7.25836     4.7763     4.7800    25.2643   12.99454 4.1884e-01     51.649 0.0000e+00
        485  97.405185    0.03361     2.0167    121.000  1025.5057  51428.700    31.9280     51.368    7.25836     4.7764     4.7800    25.2645   12.99453 4.1182e-01     51.859 0.0000e+00
        486  97.405188    0.03368     2.0208    121.250  1025.5066  51428.969    31.9281     51.541    7.25835     4.7764     4.7800    25.2646   12.99451 4.0632e-01     52.034 0.0000e+00
        487  97.405191    0.03375     2.0250    121.500  1025.5073  51429.034    31.9281     51.680    7.25834     4.7765     4.7801    25.2646   12.99450 4.0222e-01     52.174 0.0000e+00
        488  97.405194    0.03382     2.0292    121.750  1025.5077  51428.975    31.9281     51.787    7.25833     4.7765     4.7801    25.2645   12.99448 3.9919e-01     52.283 0.0000e+00
        489  97.405197    0.03389     2.0333    122.000  1025.5080  51428.845    31.9280     51.871    7.25832     4.7765     4.7802    25.2644   12.99447 3.9682e-01     52.367 0.0000e+00
        490  97.405200    0.03396     2.0375    122.250  1025.5082  51428.757    31.9279     51.942    7.25832     4.7764     4.7802    25.2643   12.99448 3.9463e-01     52.439 0.0000e+00
        491  97.405203    0.03403     2.0417    122.500  1025.5086  51428.817    31.9279     52.012    7.25833     4.7763     4.7802    25.2643   12.99449 3.9216e-01     52.510 0.0000e+00
        492  97.405205    0.03410     2.0458    122.750  1025.5090  51429.023    31.9279     52.095    7.25834     4.7762     4.7801    25.2644   12.99451 3.8904e-01     52.594 0.0000e+00
        493  97.405208    0.03417     2.0500    123.000  1025.5096  51429.305    31.9280     52.202    7.25836     4.7762     4.7800    25.2645   12.99454 3.8495e-01     52.702 0.0000e+00
        494  97.405211    0.03424     2.0542    123.250  1025.5103  51429.504    31.9281     52.342    7.25837     4.7763     4.7799    25.2646   12.99456 3.7971e-01     52.843 0.0000e+00
        495  97.405214    0.03431     2.0583    123.500  1025.5111  51429.463    31.9280     52.517    7.25837     4.7765     4.7799    25.2645   12.99456 3.7335e-01     53.020 0.0000e+00
        496  97.405217    0.03438     2.0625    123.750  1025.5119  51429.263    31.9278     52.725    7.25836     4.7767     4.7801    25.2643   12.99453 3.6611e-01     53.230 0.0000e+00
        497  97.405220    0.03444     2.0667    124.000  1025.5128  51429.151    31.9277     52.961    7.25832     4.7768     4.7803    25.2641   12.99448 3.5825e-01     53.468 0.0000e+00
        498  97.405223    0.03451     2.0708    124.250  1025.5140  51429.279    31.9277     53.217    7.25829     4.7766     4.7805    25.2641   12.99442 3.5012e-01     53.727 0.0000e+00
        499  97.405226    0.03458     2.0750    124.500  1025.5154  51429.760    31.9279     53.483    7.25826     4.7763     4.7805    25.2643   12.99438 3.4205e-01     53.995 0.0000e+00
        500  97.405229    0.03465     2.0792    124.750  1025.5171  51430.692    31.9283     53.747    7.25826     4.7759     4.7804    25.2647   12.99437 3.3429e-01     54.261 0.0000e+00
        501  97.405231    0.03472     2.0833    125.000  1025.5188  51431.918    31.9290     54.002    7.25828     4.7755     4.7801    25.2652   12.99439 3.2702e-01     54.518 0.0000e+00
        502  97.405234    0.03479     2.0875    125.250  1025.5205  51433.117    31.9296     54.241    7.25832     4.7752     4.7798    25.2658   12.99444 3.2036e-01     54.760 0.0000e+00
        503  97.405237    0.03486     2.0917    125.500  1025.5219  51434.068    31.9301     54.460    7.25836     4.7750     4.7794    25.2662   12.99451 3.1443e-01     54.981 0.0000e+00
        504  97.405240    0.03493     2.0958    125.750  1025.5231  51434.691    31.9303     54.655    7.25840     4.7748     4.7791    25.2664   12.99457 3.0936e-01     55.178 0.0000e+00
        505  97.405243    0.03500     2.1000    126.000  1025.5239  51434.971    31.9304     54.826    7.25844     4.7748     4.7789    25.2665   12.99463 3.0511e-01     55.350 0.0000e+00
        506  97.405246    0.03507     2.1042    126.250  1025.5246  51434.994    31.9303     54.972    7.25846     4.7748     4.7787    25.2665   12.99467 3.0157e-01     55.498 0.0000e+00
        507  97.405249    0.03514     2.1083    126.500  1025.5251  51434.975    31.9302     55.098    7.25847     4.7747     4.7787    25.2664   12.99470 2.9855e-01     55.625 0.0000e+00
        508  97.405252    0.03521     2.1125    126.750  1025.5256  51435.069    31.9302     55.208    7.25848     4.7747     4.7787    25.2664   12.99470 2.9587e-01     55.737 0.0000e+00
        509  97.405255    0.03528     2.1167    127.000  1025.5262  51435.316    31.9303     55.309    7.25847     4.7746     4.7786    25.2665   12.99470 2.9332e-01     55.839 0.0000e+00
        510  97.405258    0.03535     2.1208    127.250  1025.5268  51435.686    31.9305     55.410    7.25847     4.7746     4.7786    25.2666   12.99469 2.9066e-01     55.941 0.0000e+00
