CTD-processing/allCTD/CNV--homogene/2014_10-18_t6_s27_cast124.cnv
* Sea-Bird SBE19plus Data File:
* FileName = C:\Users\kris.holderied\Documents\kasitsna\Research-Projects-and-Data\Oceanography-AK\CTD-Data-ALL-to-2014-10\2014-CTD-KachemakBay-CookInlet\2014-10-EVOSTC-CookInlet\2014-10-18-CookInlet-Tran6-Douglas\2014-10-18-CookInlet-Tran6-cast124.hex
* Software Version 1.59
* Temperature SN =  4141
* Conductivity SN =  4141
* System UpLoad Time = Oct 18 2014 10:15:11
** Cook Inlet LTM Tran6 (Douglas)  east to west
** Date: 10-18
** Station: 6-27
** Start time: 08:57
** Depth (m): 142
** Comment:  CTD time is Alaska Daylight time.  R/V Pandalus. Transducer  depth.
** Comment:
# nquan = 17
# nvalues = 1278                        
# units = specified
# name 0 = scan: Scan Count
# name 1 = timeJ: Julian Days
# name 2 = timeH: Time, Elapsed [hours]
# name 3 = timeM: Time, Elapsed [minutes]
# name 4 = timeS: Time, Elapsed [seconds]
# name 5 = density00: Density [density, kg/m^3]
# name 6 = specc: Specific Conductance [uS/cm]
# name 7 = sal00: Salinity, Practical [PSU]
# name 8 = depSM: Depth [salt water, m], lat = 59.00
# name 9 = oxsolML/L: Oxygen Saturation, Garcia & Gordon [ml/l]
# name 10 = potemp090C: Potential Temperature [ITS-90, deg C]
# name 11 = tv290C: Temperature [ITS-90, deg C]
# name 12 = sigma-é00: Density [sigma-theta, kg/m^3]
# name 13 = n2satML/L: Nitrogen Saturation [ml/l]
# name 14 = par: PAR/Irradiance, Biospherical/Licor
# name 15 = prdM: Pressure, Strain Gauge [db]
# name 16 = flag:  0.000e+00
# span 0 =          1,       1278       
# span 1 = 291.373287, 291.376982       
# span 2 =    0.00000,    0.08868       
# span 3 =     0.0000,     5.3208       
# span 4 =      0.000,    319.250       
# span 5 =  1000.0819,  1025.4332       
# span 6 =    509.547,  50493.497       
# span 7 =     0.2423,    31.9002       
# span 8 =     -0.279,    137.270       
# span 9 =    6.54713,    8.42125       
# span 10 =     7.2836,     9.5541      
# span 11 =     7.2836,     9.5576      
# span 12 =     0.0833,    24.8012      
# span 13 =   11.82744,   15.38554      
# span 14 = 3.6550e-02, 5.2117e+00      
# span 15 =     -0.281,    138.612      
# span 16 = 0.0000e+00, 0.0000e+00      
# interval = seconds: 0.25
# start_time = Oct 18 2014 08:57:32 [Instrument's time stamp, header]
# bad_flag = -9.990e-29
*END*
[from data line 511]
        512 291.374766    0.03549     2.1292    127.750  1023.5360  47910.242    30.3122     36.736    6.57320     9.5358     9.5429    23.3673   11.88169 3.7628e-02     37.086 0.0000e+00
        513 291.374769    0.03556     2.1333    128.000  1023.5472  47929.812    30.3257     36.840    6.57284     9.5341     9.5414    23.3780   11.88094 3.7613e-02     37.191 0.0000e+00
        514 291.374771    0.03562     2.1375    128.250  1023.5571  47946.869    30.3374     36.955    6.57260     9.5326     9.5397    23.3874   11.88039 3.7588e-02     37.307 0.0000e+00
        515 291.374774    0.03569     2.1417    128.500  1023.5649  47959.952    30.3463     37.078    6.57247     9.5311     9.5380    23.3946   11.88006 3.7557e-02     37.432 0.0000e+00
        516 291.374777    0.03576     2.1458    128.750  1023.5710  47969.902    30.3531     37.205    6.57241     9.5297     9.5365    23.4001   11.87988 3.7528e-02     37.560 0.0000e+00
        517 291.374780    0.03583     2.1500    129.000  1023.5757  47977.519    30.3582     37.333    6.57240     9.5282     9.5351    23.4043   11.87980 3.7510e-02     37.689 0.0000e+00
        518 291.374783    0.03590     2.1542    129.250  1023.5794  47983.090    30.3618     37.459    6.57245     9.5267     9.5336    23.4074   11.87985 3.7506e-02     37.817 0.0000e+00
        519 291.374786    0.03597     2.1583    129.500  1023.5822  47987.064    30.3644     37.583    6.57256     9.5252     9.5322    23.4096   11.87999 3.7508e-02     37.942 0.0000e+00
        520 291.374789    0.03604     2.1625    129.750  1023.5844  47989.930    30.3662     37.706    6.57270     9.5236     9.5307    23.4112   11.88020 3.7509e-02     38.065 0.0000e+00
        521 291.374792    0.03611     2.1667    130.000  1023.5862  47992.069    30.3674     37.829    6.57287     9.5218     9.5291    23.4125   11.88046 3.7502e-02     38.190 0.0000e+00
        522 291.374795    0.03618     2.1708    130.250  1023.5878  47993.863    30.3684     37.957    6.57306     9.5197     9.5276    23.4135   11.88076 3.7489e-02     38.319 0.0000e+00
        523 291.374797    0.03625     2.1750    130.500  1023.5894  47995.533    30.3693     38.095    6.57327     9.5170     9.5258    23.4145   11.88111 3.7472e-02     38.458 0.0000e+00
        524 291.374800    0.03632     2.1792    130.750  1023.5911  47997.322    30.3702     38.246    6.57353     9.5136     9.5238    23.4155   11.88153 3.7453e-02     38.611 0.0000e+00
        525 291.374803    0.03639     2.1833    131.000  1023.5933  47999.723    30.3715     38.413    6.57387     9.5095     9.5211    23.4170   11.88207 3.7437e-02     38.779 0.0000e+00
        526 291.374806    0.03646     2.1875    131.250  1023.5959  48002.737    30.3731     38.597    6.57429     9.5044     9.5177    23.4187   11.88275 3.7430e-02     38.965 0.0000e+00
        527 291.374809    0.03653     2.1917    131.500  1023.5987  48005.822    30.3746     38.796    6.57482     9.4980     9.5137    23.4206   11.88360 3.7428e-02     39.166 0.0000e+00
        528 291.374812    0.03660     2.1958    131.750  1023.6017  48009.178    30.3762     39.004    6.57549     9.4901     9.5086    23.4226   11.88469 3.7418e-02     39.376 0.0000e+00
        529 291.374815    0.03667     2.2000    132.000  1023.6054  48013.615    30.3784     39.214    6.57633     9.4812     9.5022    23.4253   11.88607 3.7381e-02     39.588 0.0000e+00
        530 291.374818    0.03674     2.2042    132.250  1023.6101  48019.806    30.3817     39.419    6.57734     9.4722     9.4943    23.4291   11.88770 3.7320e-02     39.795 0.0000e+00
        531 291.374821    0.03681     2.2083    132.500  1023.6161  48028.353    30.3864     39.612    6.57843     9.4642     9.4854    23.4342   11.88945 3.7271e-02     39.990 0.0000e+00
        532 291.374823    0.03687     2.2125    132.750  1023.6231  48038.988    30.3927     39.786    6.57948     9.4581     9.4764    23.4404   11.89111 3.7242e-02     40.166 0.0000e+00
        533 291.374826    0.03694     2.2167    133.000  1023.6302  48049.954    30.3993     39.936    6.58036     9.4538     9.4684    23.4468   11.89248 3.7215e-02     40.317 0.0000e+00
        534 291.374829    0.03701     2.2208    133.250  1023.6362  48059.293    30.4049     40.058    6.58101     9.4512     9.4623    23.4522   11.89350 3.7188e-02     40.440 0.0000e+00
        535 291.374832    0.03708     2.2250    133.500  1023.6406  48066.087    30.4091     40.153    6.58145     9.4499     9.4580    23.4562   11.89418 3.7163e-02     40.536 0.0000e+00
        536 291.374835    0.03715     2.2292    133.750  1023.6433  48070.280    30.4117     40.222    6.58173     9.4496     9.4554    23.4586   11.89461 3.7139e-02     40.605 0.0000e+00
        537 291.374838    0.03722     2.2333    134.000  1023.6446  48072.213    30.4129     40.270    6.58187     9.4502     9.4541    23.4597   11.89483 3.7120e-02     40.655 0.0000e+00
        538 291.374841    0.03729     2.2375    134.250  1023.6449  48072.474    30.4130     40.306    6.58190     9.4513     9.4538    23.4598   11.89488 3.7110e-02     40.691 0.0000e+00
        539 291.374844    0.03736     2.2417    134.500  1023.6447  48071.795    30.4126     40.338    6.58183     9.4524     9.4545    23.4594   11.89476 3.7107e-02     40.723 0.0000e+00
        540 291.374847    0.03743     2.2458    134.750  1023.6443  48070.977    30.4121     40.375    6.58169     9.4529     9.4556    23.4589   11.89453 3.7109e-02     40.760 0.0000e+00
        541 291.374850    0.03750     2.2500    135.000  1023.6445  48070.986    30.4123     40.429    6.58153     9.4528     9.4566    23.4588   11.89427 3.7113e-02     40.815 0.0000e+00
        542 291.374852    0.03757     2.2542    135.250  1023.6458  48072.855    30.4136     40.508    6.58139     9.4521     9.4572    23.4598   11.89402 3.7120e-02     40.894 0.0000e+00
        543 291.374855    0.03764     2.2583    135.500  1023.6487  48077.132    30.4166     40.617    6.58128     9.4511     9.4570    23.4621   11.89381 3.7124e-02     41.004 0.0000e+00
        544 291.374858    0.03771     2.2625    135.750  1023.6531  48084.020    30.4212     40.756    6.58119     9.4503     9.4563    23.4659   11.89360 3.7128e-02     41.145 0.0000e+00
        545 291.374861    0.03778     2.2667    136.000  1023.6593  48093.938    30.4280     40.922    6.58104     9.4500     9.4554    23.4713   11.89327 3.7145e-02     41.312 0.0000e+00
        546 291.374864    0.03785     2.2708    136.250  1023.6673  48107.188    30.4371     41.107    6.58077     9.4505     9.4546    23.4785   11.89271 3.7154e-02     41.499 0.0000e+00
        547 291.374867    0.03792     2.2750    136.500  1023.6770  48123.287    30.4483     41.305    6.58033     9.4517     9.4543    23.4873   11.89185 3.7139e-02     41.699 0.0000e+00
        548 291.374870    0.03799     2.2792    136.750  1023.6873  48140.650    30.4604     41.507    6.57975     9.4534     9.4548    23.4967   11.89073 3.7124e-02     41.903 0.0000e+00
        549 291.374873    0.03806     2.2833    137.000  1023.6971  48157.102    30.4720     41.706    6.57908     9.4552     9.4561    23.5056   11.88948 3.7107e-02     42.104 0.0000e+00
        550 291.374876    0.03812     2.2875    137.250  1023.7054  48171.012    30.4819     41.894    6.57841     9.4570     9.4578    23.5131   11.88825 3.7075e-02     42.294 0.0000e+00
        551 291.374878    0.03819     2.2917    137.500  1023.7120  48181.898    30.4897     42.068    6.57780     9.4586     9.4597    23.5189   11.88716 3.7050e-02     42.469 0.0000e+00
        552 291.374881    0.03826     2.2958    137.750  1023.7173  48190.491    30.4959     42.227    6.57727     9.4600     9.4615    23.5234   11.88621 3.7036e-02     42.629 0.0000e+00
        553 291.374884    0.03833     2.3000    138.000  1023.7220  48198.222    30.5015     42.371    6.57680     9.4614     9.4631    23.5275   11.88537 3.7023e-02     42.776 0.0000e+00
        554 291.374887    0.03840     2.3042    138.250  1023.7274  48207.043    30.5078     42.505    6.57633     9.4630     9.4646    23.5322   11.88450 3.7014e-02     42.911 0.0000e+00
        555 291.374890    0.03847     2.3083    138.500  1023.7346  48219.362    30.5166     42.632    6.57575     9.4648     9.4660    23.5388   11.88344 3.7010e-02     43.039 0.0000e+00
        556 291.374893    0.03854     2.3125    138.750  1023.7439  48235.478    30.5280     42.756    6.57504     9.4670     9.4675    23.5475   11.88212 3.7000e-02     43.164 0.0000e+00
        557 291.374896    0.03861     2.3167    139.000  1023.7540  48253.265    30.5407     42.879    6.57423     9.4695     9.4694    23.5571   11.88062 3.6980e-02     43.289 0.0000e+00
        558 291.374899    0.03868     2.3208    139.250  1023.7639  48270.500    30.5530     43.004    6.57338     9.4718     9.4716    23.5664   11.87907 3.6957e-02     43.414 0.0000e+00
        559 291.374902    0.03875     2.3250    139.500  1023.7716  48283.961    30.5627     43.128    6.57262     9.4738     9.4740    23.5737   11.87769 3.6939e-02     43.540 0.0000e+00
        560 291.374905    0.03882     2.3292    139.750  1023.7760  48291.127    30.5680     43.252    6.57205     9.4752     9.4764    23.5774   11.87668 3.6924e-02     43.665 0.0000e+00
        561 291.374907    0.03889     2.3333    140.000  1023.7778  48293.686    30.5700     43.372    6.57168     9.4761     9.4784    23.5787   11.87604 3.6908e-02     43.786 0.0000e+00
        562 291.374910    0.03896     2.3375    140.250  1023.7787  48294.668    30.5708     43.487    6.57144     9.4767     9.4798    23.5791   11.87563 3.6891e-02     43.902 0.0000e+00
        563 291.374913    0.03903     2.3417    140.500  1023.7796  48295.458    30.5715     43.594    6.57128     9.4771     9.4807    23.5795   11.87536 3.6874e-02     44.011 0.0000e+00
        564 291.374916    0.03910     2.3458    140.750  1023.7806  48296.580    30.5723     43.696    6.57115     9.4775     9.4813    23.5800   11.87514 3.6861e-02     44.113 0.0000e+00
        565 291.374919    0.03917     2.3500    141.000  1023.7819  48298.333    30.5735     43.794    6.57104     9.4779     9.4818    23.5809   11.87493 3.6852e-02     44.212 0.0000e+00
        566 291.374922    0.03924     2.3542    141.250  1023.7838  48301.017    30.5754     43.892    6.57091     9.4784     9.4821    23.5823   11.87469 3.6839e-02     44.311 0.0000e+00
        567 291.374925    0.03931     2.3583    141.500  1023.7866  48305.302    30.5785     43.992    6.57072     9.4792     9.4825    23.5846   11.87434 3.6823e-02     44.412 0.0000e+00
        568 291.374928    0.03938     2.3625    141.750  1023.7907  48312.110    30.5833     44.098    6.57044     9.4803     9.4831    23.5883   11.87382 3.6810e-02     44.520 0.0000e+00
        569 291.374931    0.03944     2.3667    142.000  1023.7970  48322.687    30.5907     44.214    6.57001     9.4819     9.4839    23.5940   11.87303 3.6800e-02     44.636 0.0000e+00
        570 291.374933    0.03951     2.3708    142.250  1023.8054  48337.131    30.6010     44.340    6.56941     9.4839     9.4850    23.6018   11.87191 3.6797e-02     44.764 0.0000e+00
        571 291.374936    0.03958     2.3750    142.500  1023.8144  48352.658    30.6120     44.477    6.56871     9.4861     9.4866    23.6102   11.87062 3.6808e-02     44.902 0.0000e+00
        572 291.374939    0.03965     2.3792    142.750  1023.8228  48367.056    30.6223     44.622    6.56798     9.4882     9.4886    23.6179   11.86928 3.6815e-02     45.049 0.0000e+00
        573 291.374942    0.03972     2.3833    143.000  1023.8302  48379.746    30.6314     44.773    6.56728     9.4900     9.4908    23.6247   11.86801 3.6806e-02     45.201 0.0000e+00
        574 291.374945    0.03979     2.3875    143.250  1023.8358  48389.063    30.6382     44.926    6.56669     9.4914     9.4929    23.6296   11.86695 3.6792e-02     45.355 0.0000e+00
        575 291.374948    0.03986     2.3917    143.500  1023.8393  48394.445    30.6421     45.078    6.56625     9.4924     9.4947    23.6324   11.86619 3.6785e-02     45.509 0.0000e+00
        576 291.374951    0.03993     2.3958    143.750  1023.8416  48397.437    30.6443     45.228    6.56595     9.4930     9.4961    23.6340   11.86566 3.6786e-02     45.660 0.0000e+00
        577 291.374954    0.04000     2.4000    144.000  1023.8431  48399.179    30.6456     45.375    6.56575     9.4934     9.4972    23.6348   11.86531 3.6787e-02     45.808 0.0000e+00
        578 291.374957    0.04007     2.4042    144.250  1023.8442  48400.159    30.6464     45.520    6.56562     9.4936     9.4978    23.6353   11.86509 3.6786e-02     45.954 0.0000e+00
        579 291.374959    0.04014     2.4083    144.500  1023.8452  48400.845    30.6468     45.664    6.56555     9.4937     9.4982    23.6356   11.86496 3.6785e-02     46.099 0.0000e+00
        580 291.374962    0.04021     2.4125    144.750  1023.8461  48401.408    30.6472     45.808    6.56550     9.4938     9.4985    23.6358   11.86487 3.6792e-02     46.245 0.0000e+00
        581 291.374965    0.04028     2.4167    145.000  1023.8470  48401.847    30.6475     45.953    6.56547     9.4939     9.4986    23.6360   11.86482 3.6809e-02     46.392 0.0000e+00
        582 291.374968    0.04035     2.4208    145.250  1023.8478  48402.145    30.6477     46.100    6.56545     9.4939     9.4987    23.6361   11.86478 3.6822e-02     46.540 0.0000e+00
        583 291.374971    0.04042     2.4250    145.500  1023.8484  48402.236    30.6477     46.247    6.56543     9.4939     9.4988    23.6361   11.86476 3.6817e-02     46.688 0.0000e+00
        584 291.374974    0.04049     2.4292    145.750  1023.8490  48402.186    30.6476     46.392    6.56543     9.4939     9.4988    23.6361   11.86476 3.6800e-02     46.834 0.0000e+00
        585 291.374977    0.04056     2.4333    146.000  1023.8495  48402.088    30.6474     46.532    6.56543     9.4939     9.4988    23.6360   11.86476 3.6783e-02     46.976 0.0000e+00
        586 291.374980    0.04063     2.4375    146.250  1023.8501  48402.007    30.6473     46.665    6.56544     9.4939     9.4988    23.6359   11.86477 3.6763e-02     47.110 0.0000e+00
        587 291.374983    0.04069     2.4417    146.500  1023.8506  48402.035    30.6473     46.788    6.56544     9.4939     9.4988    23.6359   11.86477 3.6737e-02     47.235 0.0000e+00
        588 291.374986    0.04076     2.4458    146.750  1023.8512  48402.246    30.6474     46.901    6.56544     9.4939     9.4988    23.6360   11.86476 3.6711e-02     47.349 0.0000e+00
        589 291.374988    0.04083     2.4500    147.000  1023.8519  48402.682    30.6477     47.002    6.56542     9.4938     9.4989    23.6362   11.86474 3.6688e-02     47.452 0.0000e+00
        590 291.374991    0.04090     2.4542    147.250  1023.8525  48403.172    30.6480     47.095    6.56541     9.4938     9.4989    23.6364   11.86472 3.6671e-02     47.545 0.0000e+00
        591 291.374994    0.04097     2.4583    147.500  1023.8531  48403.462    30.6481     47.181    6.56541     9.4937     9.4988    23.6365   11.86471 3.6662e-02     47.632 0.0000e+00
        592 291.374997    0.04104     2.4625    147.750  1023.8535  48403.643    30.6482     47.264    6.56541     9.4937     9.4988    23.6366   11.86471 3.6661e-02     47.716 0.0000e+00
        593 291.375000    0.04111     2.4667    148.000  1023.8540  48403.882    30.6483     47.350    6.56541     9.4937     9.4988    23.6367   11.86471 3.6669e-02     47.802 0.0000e+00
        594 291.375003    0.04118     2.4708    148.250  1023.8545  48404.105    30.6484     47.443    6.56541     9.4936     9.4988    23.6368   11.86471 3.6684e-02     47.896 0.0000e+00
        595 291.375006    0.04125     2.4750    148.500  1023.8551  48404.264    30.6485     47.548    6.56541     9.4936     9.4988    23.6369   11.86471 3.6703e-02     48.002 0.0000e+00
