CTD-processing/allCTD/CNV--homogene/2014_04-11_t3_s02_cast002.cnv
* Sea-Bird SBE19plus Data File:
* FileName = C:\Users\kris.holderied\Documents\kasitsna\Research-Projects-and-Data\Oceanography-AK\CTD-CookInlet-GulfWatchAK\2014-04-EVOSTC-CookInlet-Ocean\2014-04-11-CookInlet-Tran3-AnchorPt\2014-04-11-CookInlet-Tran3-AnchorPt-cast002.hex
* Software Version 1.59
* Temperature SN =  5028
* Conductivity SN =  5028
* System UpLoad Time = Apr 11 2014 15:30:14
** Cook Inlet LTM Transect 3 (Anchor Pt) west to east
** Date: 2014-04-11
** Station: 3-02
** Start time: 11:04
** Depth (m): 29
** Comment:  CTD time is AKDaylight
** Comment:
# nquan = 17
# nvalues = 379                         
# units = specified
# name 0 = scan: Scan Count
# name 1 = timeJ: Julian Days
# name 2 = timeH: Time, Elapsed [hours]
# name 3 = timeM: Time, Elapsed [minutes]
# name 4 = timeS: Time, Elapsed [seconds]
# name 5 = density00: Density [density, kg/m^3]
# name 6 = specc: Specific Conductance [uS/cm]
# name 7 = sal00: Salinity, Practical [PSU]
# name 8 = depSM: Depth [salt water, m], lat = 59.00
# name 9 = oxsolML/L: Oxygen Saturation, Garcia & Gordon [ml/l]
# name 10 = potemp090C: Potential Temperature [ITS-90, deg C]
# name 11 = tv290C: Temperature [ITS-90, deg C]
# name 12 = sigma-é00: Density [sigma-theta, kg/m^3]
# name 13 = n2satML/L: Nitrogen Saturation [ml/l]
# name 14 = par: PAR/Irradiance, Biospherical/Licor
# name 15 = prdM: Pressure, Strain Gauge [db]
# name 16 = flag:  0.000e+00
# span 0 =          1,        379       
# span 1 = 101.460787, 101.461881       
# span 2 =    0.00000,    0.02625       
# span 3 =     0.0000,     1.5750       
# span 4 =      0.000,     94.500       
# span 5 =  1000.7699,  1024.4019       
# span 6 =   2048.780,  50130.839       
# span 7 =     0.9982,    30.3788       
# span 8 =      0.092,     28.185       
# span 9 =    7.84071,    9.42613       
# span 10 =     2.0399,     2.7243      
# span 11 =     2.0406,     2.7243      
# span 12 =     0.7695,    24.2680      
# span 13 =   13.97667,   17.06013      
# span 14 = 4.5664e-02, 1.4819e+03      
# span 15 =      0.093,     28.453      
# span 16 = 0.0000e+00, 0.0000e+00      
# interval = seconds: 0.25
# start_time = Apr 11 2014 11:03:32 [Instrument's time stamp, header]
# bad_flag = -9.990e-29
*END*
[from data line 171]
        172 101.461282    0.01188     0.7125     42.750  1024.2473  50056.644    30.3489      1.039    7.84385     2.0718     2.0714    24.2423   13.98172 3.7248e+01      1.048 0.0000e+00
        173 101.461285    0.01194     0.7167     43.000  1024.2450  50052.368    30.3461      1.043    7.84395     2.0717     2.0716    24.2401   13.98192 3.7427e+01      1.053 0.0000e+00
        174 101.461288    0.01201     0.7208     43.250  1024.2433  50049.009    30.3439      1.045    7.84403     2.0714     2.0718    24.2383   13.98209 3.7568e+01      1.055 0.0000e+00
        175 101.461291    0.01208     0.7250     43.500  1024.2426  50047.646    30.3429      1.047    7.84410     2.0712     2.0718    24.2376   13.98221 3.7351e+01      1.057 0.0000e+00
        176 101.461293    0.01215     0.7292     43.750  1024.2430  50048.445    30.3434      1.050    7.84412     2.0710     2.0715    24.2379   13.98224 3.7009e+01      1.060 0.0000e+00
        177 101.461296    0.01222     0.7333     44.000  1024.2441  50050.624    30.3448      1.054    7.84409     2.0709     2.0712    24.2391   13.98218 3.6790e+01      1.064 0.0000e+00
        178 101.461299    0.01229     0.7375     44.250  1024.2450  50052.329    30.3459      1.060    7.84407     2.0709     2.0710    24.2400   13.98213 3.6587e+01      1.070 0.0000e+00
        179 101.461302    0.01236     0.7417     44.500  1024.2447  50051.697    30.3454      1.065    7.84411     2.0709     2.0709    24.2396   13.98221 3.6456e+01      1.075 0.0000e+00
        180 101.461305    0.01243     0.7458     44.750  1024.2431  50048.696    30.3434      1.066    7.84423     2.0709     2.0709    24.2380   13.98243 3.6587e+01      1.076 0.0000e+00
        181 101.461308    0.01250     0.7500     45.000  1024.2413  50045.412    30.3412      1.064    7.84435     2.0711     2.0709    24.2362   13.98266 3.6978e+01      1.074 0.0000e+00
        182 101.461311    0.01257     0.7542     45.250  1024.2407  50044.267    30.3405      1.060    7.84438     2.0713     2.0710    24.2356   13.98271 3.7451e+01      1.070 0.0000e+00
        183 101.461314    0.01264     0.7583     45.500  1024.2417  50046.073    30.3417      1.055    7.84428     2.0715     2.0711    24.2366   13.98254 3.7789e+01      1.065 0.0000e+00
        184 101.461317    0.01271     0.7625     45.750  1024.2437  50049.790    30.3443      1.050    7.84410     2.0717     2.0713    24.2386   13.98221 3.8081e+01      1.060 0.0000e+00
        185 101.461319    0.01278     0.7667     46.000  1024.2458  50053.723    30.3470      1.045    7.84391     2.0718     2.0716    24.2408   13.98185 3.8551e+01      1.055 0.0000e+00
        186 101.461322    0.01285     0.7708     46.250  1024.2475  50056.862    30.3491      1.038    7.84376     2.0719     2.0718    24.2425   13.98158 3.9198e+01      1.048 0.0000e+00
        187 101.461325    0.01292     0.7750     46.500  1024.2488  50059.445    30.3509      1.030    7.84364     2.0719     2.0719    24.2439   13.98136 3.9983e+01      1.040 0.0000e+00
        188 101.461328    0.01299     0.7792     46.750  1024.2503  50062.260    30.3528      1.021    7.84352     2.0718     2.0720    24.2454   13.98114 4.0717e+01      1.031 0.0000e+00
        189 101.461331    0.01306     0.7833     47.000  1024.2520  50065.548    30.3550      1.014    7.84340     2.0715     2.0720    24.2472   13.98090 4.1007e+01      1.024 0.0000e+00
        190 101.461334    0.01313     0.7875     47.250  1024.2537  50068.783    30.3571      1.012    7.84330     2.0711     2.0719    24.2489   13.98072 4.0709e+01      1.022 0.0000e+00
        191 101.461337    0.01319     0.7917     47.500  1024.2549  50071.072    30.3586      1.016    7.84329     2.0709     2.0716    24.2501   13.98067 3.9994e+01      1.026 0.0000e+00
        192 101.461340    0.01326     0.7958     47.750  1024.2553  50071.819    30.3590      1.026    7.84334     2.0709     2.0712    24.2504   13.98076 3.9045e+01      1.036 0.0000e+00
        193 101.461343    0.01333     0.8000     48.000  1024.2550  50071.170    30.3585      1.039    7.84342     2.0713     2.0709    24.2500   13.98089 3.7985e+01      1.049 0.0000e+00
        194 101.461345    0.01340     0.8042     48.250  1024.2541  50069.492    30.3573      1.053    7.84348     2.0720     2.0709    24.2491   13.98100 3.7152e+01      1.063 0.0000e+00
        195 101.461348    0.01347     0.8083     48.500  1024.2528  50066.881    30.3557      1.065    7.84349     2.0730     2.0713    24.2477   13.98105 3.6874e+01      1.075 0.0000e+00
        196 101.461351    0.01354     0.8125     48.750  1024.2512  50063.473    30.3536      1.072    7.84346     2.0740     2.0720    24.2460   13.98102 3.6949e+01      1.082 0.0000e+00
        197 101.461354    0.01361     0.8167     49.000  1024.2495  50060.026    30.3516      1.075    7.84337     2.0746     2.0730    24.2444   13.98090 3.7114e+01      1.085 0.0000e+00
        198 101.461357    0.01368     0.8208     49.250  1024.2485  50057.897    30.3504      1.075    7.84324     2.0748     2.0740    24.2434   13.98070 3.7495e+01      1.085 0.0000e+00
        199 101.461360    0.01375     0.8250     49.500  1024.2486  50057.886    30.3506      1.075    7.84310     2.0747     2.0746    24.2435   13.98047 3.8060e+01      1.085 0.0000e+00
        200 101.461363    0.01382     0.8292     49.750  1024.2494  50059.269    30.3515      1.076    7.84301     2.0745     2.0749    24.2442   13.98030 3.8467e+01      1.086 0.0000e+00
        201 101.461366    0.01389     0.8333     50.000  1024.2501  50060.712    30.3525      1.077    7.84297     2.0743     2.0748    24.2450   13.98023 3.8572e+01      1.087 0.0000e+00
        202 101.461369    0.01396     0.8375     50.250  1024.2505  50061.522    30.3530      1.078    7.84299     2.0744     2.0746    24.2454   13.98026 3.8683e+01      1.088 0.0000e+00
        203 101.461372    0.01403     0.8417     50.500  1024.2506  50061.627    30.3530      1.078    7.84302     2.0747     2.0744    24.2454   13.98031 3.9074e+01      1.088 0.0000e+00
        204 101.461374    0.01410     0.8458     50.750  1024.2503  50061.172    30.3527      1.078    7.84303     2.0750     2.0745    24.2452   13.98032 3.9533e+01      1.088 0.0000e+00
        205 101.461377    0.01417     0.8500     51.000  1024.2498  50060.085    30.3521      1.077    7.84301     2.0754     2.0747    24.2446   13.98030 3.9812e+01      1.087 0.0000e+00
        206 101.461380    0.01424     0.8542     51.250  1024.2488  50058.073    30.3508      1.075    7.84301     2.0758     2.0751    24.2436   13.98032 3.9944e+01      1.085 0.0000e+00
        207 101.461383    0.01431     0.8583     51.500  1024.2474  50055.377    30.3491      1.070    7.84303     2.0761     2.0754    24.2422   13.98037 4.0142e+01      1.080 0.0000e+00
        208 101.461386    0.01438     0.8625     51.750  1024.2461  50052.901    30.3476      1.063    7.84304     2.0765     2.0758    24.2410   13.98040 4.0657e+01      1.073 0.0000e+00
        209 101.461389    0.01444     0.8667     52.000  1024.2453  50051.400    30.3467      1.054    7.84301     2.0768     2.0762    24.2402   13.98037 4.1464e+01      1.064 0.0000e+00
        210 101.461392    0.01451     0.8708     52.250  1024.2450  50050.789    30.3464      1.045    7.84295     2.0771     2.0765    24.2400   13.98029 4.2217e+01      1.055 0.0000e+00
        211 101.461395    0.01458     0.8750     52.500  1024.2449  50050.607    30.3464      1.036    7.84289     2.0773     2.0768    24.2399   13.98019 4.2776e+01      1.045 0.0000e+00
        212 101.461398    0.01465     0.8792     52.750  1024.2451  50051.040    30.3467      1.027    7.84282     2.0773     2.0771    24.2402   13.98006 4.3392e+01      1.037 0.0000e+00
        213 101.461400    0.01472     0.8833     53.000  1024.2461  50052.877    30.3480      1.020    7.84272     2.0771     2.0773    24.2412   13.97987 4.3937e+01      1.030 0.0000e+00
        214 101.461403    0.01479     0.8875     53.250  1024.2480  50056.405    30.3504      1.016    7.84258     2.0766     2.0774    24.2431   13.97961 4.3861e+01      1.025 0.0000e+00
        215 101.461406    0.01486     0.8917     53.500  1024.2503  50060.724    30.3532      1.017    7.84246     2.0757     2.0772    24.2453   13.97938 4.3145e+01      1.026 0.0000e+00
        216 101.461409    0.01493     0.8958     53.750  1024.2522  50064.418    30.3555      1.023    7.84245     2.0747     2.0766    24.2472   13.97932 4.2124e+01      1.032 0.0000e+00
        217 101.461412    0.01500     0.9000     54.000  1024.2533  50066.713    30.3568      1.034    7.84255     2.0739     2.0758    24.2483   13.97947 4.0897e+01      1.044 0.0000e+00
        218 101.461415    0.01507     0.9042     54.250  1024.2537  50067.656    30.3571      1.049    7.84272     2.0734     2.0748    24.2487   13.97975 3.9682e+01      1.059 0.0000e+00
        219 101.461418    0.01514     0.9083     54.500  1024.2536  50067.583    30.3568      1.064    7.84290     2.0732     2.0740    24.2485   13.98005 3.8819e+01      1.075 0.0000e+00
        220 101.461421    0.01521     0.9125     54.750  1024.2531  50066.646    30.3561      1.079    7.84305     2.0734     2.0734    24.2479   13.98031 3.8270e+01      1.089 0.0000e+00
        221 101.461424    0.01528     0.9167     55.000  1024.2521  50064.652    30.3547      1.090    7.84316     2.0738     2.0732    24.2468   13.98052 3.7997e+01      1.100 0.0000e+00
        222 101.461427    0.01535     0.9208     55.250  1024.2504  50061.400    30.3526      1.096    7.84324     2.0743     2.0734    24.2451   13.98068 3.8275e+01      1.107 0.0000e+00
        223 101.461429    0.01542     0.9250     55.500  1024.2481  50057.086    30.3498      1.099    7.84330     2.0746     2.0738    24.2429   13.98081 3.9169e+01      1.109 0.0000e+00
        224 101.461432    0.01549     0.9292     55.750  1024.2456  50052.199    30.3467      1.097    7.84338     2.0746     2.0743    24.2403   13.98098 4.0386e+01      1.107 0.0000e+00
        225 101.461435    0.01556     0.9333     56.000  1024.2430  50047.309    30.3435      1.091    7.84349     2.0746     2.0746    24.2378   13.98122 4.1715e+01      1.101 0.0000e+00
        226 101.461438    0.01563     0.9375     56.250  1024.2407  50042.996    30.3406      1.082    7.84364     2.0747     2.0746    24.2355   13.98150 4.3145e+01      1.092 0.0000e+00
        227 101.461441    0.01569     0.9417     56.500  1024.2390  50040.005    30.3386      1.071    7.84375     2.0750     2.0746    24.2339   13.98171 4.4427e+01      1.081 0.0000e+00
        228 101.461444    0.01576     0.9458     56.750  1024.2385  50039.147    30.3381      1.060    7.84376     2.0753     2.0747    24.2335   13.98173 4.5206e+01      1.070 0.0000e+00
        229 101.461447    0.01583     0.9500     57.000  1024.2393  50040.583    30.3391      1.052    7.84365     2.0757     2.0750    24.2343   13.98153 4.5430e+01      1.062 0.0000e+00
        230 101.461450    0.01590     0.9542     57.250  1024.2408  50043.347    30.3411      1.046    7.84347     2.0759     2.0754    24.2358   13.98121 4.5320e+01      1.056 0.0000e+00
        231 101.461453    0.01597     0.9583     57.500  1024.2422  50045.888    30.3429      1.043    7.84331     2.0760     2.0757    24.2372   13.98092 4.5124e+01      1.053 0.0000e+00
        232 101.461455    0.01604     0.9625     57.750  1024.2429  50047.079    30.3438      1.042    7.84322     2.0762     2.0759    24.2379   13.98076 4.4894e+01      1.052 0.0000e+00
        233 101.461458    0.01611     0.9667     58.000  1024.2427  50046.638    30.3435      1.042    7.84321     2.0764     2.0760    24.2377   13.98074 4.4617e+01      1.052 0.0000e+00
        234 101.461461    0.01618     0.9708     58.250  1024.2419  50045.081    30.3425      1.042    7.84323     2.0765     2.0762    24.2369   13.98079 4.4242e+01      1.052 0.0000e+00
        235 101.461464    0.01625     0.9750     58.500  1024.2413  50043.916    30.3418      1.041    7.84323     2.0766     2.0764    24.2363   13.98080 4.3659e+01      1.051 0.0000e+00
        236 101.461467    0.01632     0.9792     58.750  1024.2420  50045.259    30.3427      1.041    7.84315     2.0765     2.0766    24.2370   13.98065 4.2904e+01      1.051 0.0000e+00
        237 101.461470    0.01639     0.9833     59.000  1024.2445  50050.001    30.3459      1.043    7.84296     2.0762     2.0766    24.2396   13.98030 4.2111e+01      1.053 0.0000e+00
        238 101.461473    0.01646     0.9875     59.250  1024.2480  50056.363    30.3501      1.050    7.84275     2.0759     2.0766    24.2429   13.97990 4.1364e+01      1.060 0.0000e+00
        239 101.461476    0.01653     0.9917     59.500  1024.2507  50061.425    30.3534      1.061    7.84262     2.0757     2.0763    24.2456   13.97964 4.0722e+01      1.070 0.0000e+00
        240 101.461479    0.01660     0.9958     59.750  1024.2520  50063.870    30.3549      1.074    7.84261     2.0759     2.0760    24.2469   13.97960 4.0320e+01      1.084 0.0000e+00
        241 101.461481    0.01667     1.0000     60.000  1024.2521  50064.023    30.3550      1.087    7.84265     2.0763     2.0757    24.2469   13.97967 4.0420e+01      1.097 0.0000e+00
        242 101.461484    0.01674     1.0042     60.250  1024.2512  50062.287    30.3539      1.098    7.84268     2.0769     2.0759    24.2460   13.97974 4.1164e+01      1.108 0.0000e+00
        243 101.461487    0.01681     1.0083     60.500  1024.2496  50058.974    30.3518      1.105    7.84270     2.0774     2.0763    24.2443   13.97980 4.2231e+01      1.115 0.0000e+00
        244 101.461490    0.01688     1.0125     60.750  1024.2473  50054.545    30.3490      1.108    7.84273     2.0777     2.0770    24.2420   13.97987 4.3297e+01      1.119 0.0000e+00
        245 101.461493    0.01694     1.0167     61.000  1024.2445  50049.164    30.3455      1.108    7.84281     2.0775     2.0775    24.2392   13.98006 4.4524e+01      1.119 0.0000e+00
        246 101.461496    0.01701     1.0208     61.250  1024.2411  50042.637    30.3412      1.104    7.84300     2.0770     2.0777    24.2358   13.98043 4.6124e+01      1.115 0.0000e+00
        247 101.461499    0.01708     1.0250     61.500  1024.2371  50035.278    30.3363      1.097    7.84329     2.0762     2.0776    24.2318   13.98098 4.8160e+01      1.108 0.0000e+00
        248 101.461502    0.01715     1.0292     61.750  1024.2332  50028.200    30.3314      1.087    7.84365     2.0751     2.0771    24.2280   13.98164 5.0550e+01      1.097 0.0000e+00
        249 101.461505    0.01722     1.0333     62.000  1024.2302  50022.925    30.3277      1.073    7.84401     2.0738     2.0763    24.2250   13.98229 5.2830e+01      1.083 0.0000e+00
        250 101.461508    0.01729     1.0375     62.250  1024.2290  50021.212    30.3263      1.059    7.84430     2.0724     2.0752    24.2240   13.98278 5.4524e+01      1.069 0.0000e+00
        251 101.461510    0.01736     1.0417     62.500  1024.2304  50024.306    30.3280      1.046    7.84447     2.0712     2.0739    24.2254   13.98304 5.5661e+01      1.055 0.0000e+00
        252 101.461513    0.01743     1.0458     62.750  1024.2342  50031.872    30.3326      1.036    7.84450     2.0704     2.0725    24.2293   13.98303 5.6384e+01      1.046 0.0000e+00
        253 101.461516    0.01750     1.0500     63.000  1024.2393  50041.711    30.3388      1.033    7.84441     2.0700     2.0713    24.2343   13.98279 5.6732e+01      1.042 0.0000e+00
        254 101.461519    0.01757     1.0542     63.250  1024.2442  50051.079    30.3449      1.035    7.84424     2.0700     2.0705    24.2392   13.98243 5.6989e+01      1.045 0.0000e+00
        255 101.461522    0.01764     1.0583     63.500  1024.2479  50058.128    30.3495      1.041    7.84407     2.0703     2.0701    24.2429   13.98208 5.7304e+01      1.051 0.0000e+00
