CTD-processing/allCTD/CNV--homogene/2014_07-22_t3_s06_cast190.cnv
* Sea-Bird SBE19plus Data File:
* FileName = C:\Users\kris.holderied\Documents\kasitsna\Research-Projects-and-Data\Oceanography-AK\CTD-Data-ALL-to-2014-06\2014-CTD-KachemakBay-CookInlet\2014-07-EVOSTC-CookInlet-quarterly\2014-07-22-CookInlet-Tran3-AnchorPt\2014-07-22-CookInlet-Tran3-cast190.hex
* Software Version 1.59
* Temperature SN =  4141
* Conductivity SN =  4141
* System UpLoad Time = Jul 22 2014 17:42:54
** Cook Inlet LTM Transect 3 (Anchor Pt) East to West
** Date: 07-22
** Station: 3-06
** Start time: 12:44
** Depth (m): 50.2
** Comment:  CTD time is Alaska Daylight time. CTD descent time=40 sec.
** Comment:
# nquan = 17
# nvalues = 661                         
# units = specified
# name 0 = scan: Scan Count
# name 1 = timeJ: Julian Days
# name 2 = timeH: Time, Elapsed [hours]
# name 3 = timeM: Time, Elapsed [minutes]
# name 4 = timeS: Time, Elapsed [seconds]
# name 5 = density00: Density [density, kg/m^3]
# name 6 = specc: Specific Conductance [uS/cm]
# name 7 = sal00: Salinity, Practical [PSU]
# name 8 = depSM: Depth [salt water, m], lat = 59.00
# name 9 = oxsolML/L: Oxygen Saturation, Garcia & Gordon [ml/l]
# name 10 = potemp090C: Potential Temperature [ITS-90, deg C]
# name 11 = tv290C: Temperature [ITS-90, deg C]
# name 12 = sigma-é00: Density [sigma-theta, kg/m^3]
# name 13 = n2satML/L: Nitrogen Saturation [ml/l]
# name 14 = par: PAR/Irradiance, Biospherical/Licor
# name 15 = prdM: Pressure, Strain Gauge [db]
# name 16 = flag:  0.000e+00
# span 0 =          1,        661       
# span 1 = 203.530949, 203.532859       
# span 2 =    0.00000,    0.04583       
# span 3 =     0.0000,     2.7500       
# span 4 =      0.000,    165.000       
# span 5 =   999.8026,  1022.6975       
# span 6 =    627.074,  46525.582       
# span 7 =     0.3013,    29.5381       
# span 8 =     -0.067,     50.597       
# span 9 =    6.28388,    7.63271       
# span 10 =    11.3047,    12.4986      
# span 11 =    11.3104,    12.4987      
# span 12 =    -0.1971,    22.4738      
# span 13 =   11.43467,   14.05338      
# span 14 = 7.9390e-02, 8.6152e+02      
# span 15 =     -0.068,     51.081      
# span 16 = 0.0000e+00, 0.0000e+00      
# interval = seconds: 0.25
# start_time = Jul 22 2014 12:44:34 [Instrument's time stamp, header]
# bad_flag = -9.990e-29
*END*
          1 203.530949    0.00000     0.0000      0.000   999.8536    756.911     0.3661     -0.050    7.63006    11.3881    11.3874    -0.1462   14.04797 5.4410e+02     -0.051 0.0000e+00
          2 203.530952    0.00007     0.0042      0.250   999.8434    730.987     0.3531     -0.050    7.63062    11.3885    11.3877    -0.1564   14.04912 5.4762e+02     -0.051 0.0000e+00
          3 203.530955    0.00014     0.0083      0.500   999.8325    703.171     0.3392     -0.051    7.63123    11.3888    11.3881    -0.1673   14.05034 5.4583e+02     -0.052 0.0000e+00
          4 203.530958    0.00021     0.0125      0.750   999.8229    678.763     0.3270     -0.051    7.63175    11.3892    11.3884    -0.1768   14.05140 5.3988e+02     -0.052 0.0000e+00
          5 203.530961    0.00028     0.0167      1.000   999.8152    659.124     0.3172     -0.050    7.63216    11.3896    11.3888    -0.1845   14.05223 5.3621e+02     -0.051 0.0000e+00
          6 203.530964    0.00035     0.0208      1.250   999.8092    643.780     0.3096     -0.050    7.63246    11.3901    11.3892    -0.1905   14.05285 5.3816e+02     -0.051 0.0000e+00
          7 203.530966    0.00042     0.0250      1.500   999.8049    632.822     0.3042     -0.051    7.63265    11.3906    11.3896    -0.1948   14.05325 5.4314e+02     -0.052 0.0000e+00
          8 203.530969    0.00049     0.0292      1.750   999.8027    627.104     0.3013     -0.051    7.63271    11.3911    11.3900    -0.1971   14.05338 5.4710e+02     -0.052 0.0000e+00
          9 203.530972    0.00056     0.0333      2.000   999.8026    627.074     0.3014     -0.052    7.63262    11.3917    11.3906    -0.1971   14.05323 5.4900e+02     -0.053 0.0000e+00
         10 203.530975    0.00063     0.0375      2.250   999.8047    632.485     0.3041     -0.052    7.63239    11.3922    11.3911    -0.1951   14.05280 5.5122e+02     -0.053 0.0000e+00
         11 203.530978    0.00069     0.0417      2.500   999.8085    642.437     0.3091     -0.052    7.63205    11.3927    11.3917    -0.1912   14.05215 5.5761e+02     -0.053 0.0000e+00
         12 203.530981    0.00076     0.0458      2.750   999.8142    656.983     0.3164     -0.053    7.63160    11.3932    11.3922    -0.1856   14.05129 5.7165e+02     -0.054 0.0000e+00
         13 203.530984    0.00083     0.0500      3.000   999.8228    678.866     0.3275     -0.053    7.63098    11.3937    11.3927    -0.1770   14.05009 5.9634e+02     -0.054 0.0000e+00
         14 203.530987    0.00090     0.0542      3.250   999.8363    713.082     0.3448     -0.054    7.63007    11.3941    11.3932    -0.1635   14.04829 6.3395e+02     -0.055 0.0000e+00
         15 203.530990    0.00097     0.0583      3.500   999.8577    767.137     0.3722     -0.055    7.62867    11.3946    11.3937    -0.1421   14.04553 6.8153e+02     -0.056 0.0000e+00
         16 203.530992    0.00104     0.0625      3.750   999.8919    853.443     0.4160     -0.057    7.62648    11.3950    11.3941    -0.1079   14.04120 7.2962e+02     -0.057 0.0000e+00
         17 203.530995    0.00111     0.0667      4.000   999.9422    980.180     0.4804     -0.059    7.62331    11.3954    11.3946    -0.0576   14.03490 7.7182e+02     -0.059 0.0000e+00
         18 203.530998    0.00118     0.0708      4.250  1000.0027   1132.020     0.5578     -0.061    7.61952    11.3957    11.3950     0.0030   14.02737 8.0813e+02     -0.062 0.0000e+00
         19 203.531001    0.00125     0.0750      4.500  1000.0623   1281.021     0.6342     -0.063    7.61578    11.3960    11.3954     0.0626   14.01996 8.3724e+02     -0.064 0.0000e+00
         20 203.531004    0.00132     0.0792      4.750  1000.1158   1413.994     0.7027     -0.065    7.61243    11.3964    11.3957     0.1161   14.01330 8.5546e+02     -0.065 0.0000e+00
         21 203.531007    0.00139     0.0833      5.000  1000.1661   1538.206     0.7671     -0.065    7.60929    11.3967    11.3960     0.1664   14.00705 8.6152e+02     -0.066 0.0000e+00
         22 203.531010    0.00146     0.0875      5.250  1000.2159   1660.549     0.8309     -0.066    7.60617    11.3971    11.3964     0.2162   14.00087 8.5589e+02     -0.067 0.0000e+00
         23 203.531013    0.00153     0.0917      5.500  1000.2532   1751.961     0.8787     -0.067    7.60383    11.3975    11.3967     0.2535   13.99622 8.4241e+02     -0.067 0.0000e+00
         24 203.531016    0.00160     0.0958      5.750  1000.2634   1777.068     0.8918     -0.067    7.60314    11.3979    11.3971     0.2637   13.99487 8.2892e+02     -0.068 0.0000e+00
         25 203.531019    0.00167     0.1000      6.000  1000.2521   1749.277     0.8774     -0.067    7.60378    11.3983    11.3975     0.2524   13.99615 8.1889e+02     -0.068 0.0000e+00
         26 203.531021    0.00174     0.1042      6.250  1000.2365   1710.453     0.8575     -0.067    7.60467    11.3988    11.3979     0.2368   13.99796 8.1060e+02     -0.068 0.0000e+00
         27 203.531024    0.00181     0.1083      6.500  1000.2271   1686.089     0.8456     -0.067    7.60519    11.3994    11.3983     0.2274   13.99902 8.0231e+02     -0.068 0.0000e+00
         28 203.531027    0.00187     0.1125      6.750  1000.2221   1671.167     0.8394     -0.067    7.60544    11.4002    11.3988     0.2225   13.99954 7.9509e+02     -0.068 0.0000e+00
         29 203.531030    0.00194     0.1167      7.000  1000.2190   1658.741     0.8356     -0.066    7.60557    11.4013    11.3994     0.2193   13.99985 7.9211e+02     -0.067 0.0000e+00
         30 203.531033    0.00201     0.1208      7.250  1000.2233   1661.130     0.8414     -0.065    7.60526    11.4028    11.4002     0.2236   13.99929 7.9332e+02     -0.066 0.0000e+00
         31 203.531036    0.00208     0.1250      7.500  1000.2436   1697.281     0.8680     -0.065    7.60398    11.4051    11.4013     0.2439   13.99682 7.9658e+02     -0.066 0.0000e+00
         32 203.531039    0.00215     0.1292      7.750  1000.2923   1794.166     0.9313     -0.064    7.60098    11.4086    11.4028     0.2927   13.99096 7.9917e+02     -0.065 0.0000e+00
         33 203.531042    0.00222     0.1333      8.000  1000.3863   1986.863     1.0531     -0.064    7.59523    11.4141    11.4051     0.3867   13.97972 7.9762e+02     -0.065 0.0000e+00
         34 203.531045    0.00229     0.1375      8.250  1000.5464   2316.392     1.2604     -0.061    7.58550    11.4232    11.4086     0.5468   13.96064 7.9242e+02     -0.062 0.0000e+00
         35 203.531047    0.00236     0.1417      8.500  1000.8120   2862.379     1.6044     -0.057    7.56940    11.4380    11.4141     0.8123   13.92908 7.8690e+02     -0.057 0.0000e+00
         36 203.531050    0.00243     0.1458      8.750  1001.2582   3781.000     2.1821     -0.048    7.54240    11.4624    11.4232     1.2585   13.87611 7.8169e+02     -0.049 0.0000e+00
         37 203.531053    0.00250     0.1500      9.000  1002.0090   5329.701     3.1542     -0.035    7.49700    11.5028    11.4380     2.0092   13.78704 7.7563e+02     -0.035 0.0000e+00
         38 203.531056    0.00257     0.1542      9.250  1003.2658   7924.028     4.7812     -0.012    7.42106    11.5698    11.4624     3.2659   13.63802 7.6784e+02     -0.012 0.0000e+00
         39 203.531059    0.00264     0.1583      9.500  1005.3621  12252.105     7.4950      0.025    7.29444    11.6724    11.5028     5.3621   13.38954 7.5570e+02      0.025 0.0000e+00
         40 203.531062    0.00271     0.1625      9.750  1008.6641  19023.621    11.7713      0.084    7.09517    11.8028    11.5698     8.6638   12.99878 7.3544e+02      0.085 0.0000e+00
         41 203.531065    0.00278     0.1667     10.000  1012.6258  27068.919    16.9083      0.167    6.85422    11.9362    11.6724    12.6251   12.52751 7.0556e+02      0.169 0.0000e+00
         42 203.531068    0.00285     0.1708     10.250  1015.8594  33593.502    21.1119      0.265    6.65184    12.0512    11.8028    15.8582   12.13376 6.6386e+02      0.267 0.0000e+00
         43 203.531071    0.00292     0.1750     10.500  1017.8625  37636.542    23.7276      0.357    6.51911    12.1391    11.9362    17.8608   11.87757 6.1779e+02      0.360 0.0000e+00
         44 203.531073    0.00299     0.1792     10.750  1019.0332  40011.964    25.2647      0.430    6.43604    12.2000    12.0513    19.0312   11.71854 5.8450e+02      0.434 0.0000e+00
         45 203.531076    0.00306     0.1833     11.000  1019.7162  41405.217    26.1661      0.479    6.38450    12.2384    12.1392    19.7140   11.62054 5.6473e+02      0.483 0.0000e+00
         46 203.531079    0.00313     0.1875     11.250  1020.1158  42224.123    26.6957      0.502    6.35293    12.2601    12.2001    20.1135   11.56080 5.5411e+02      0.506 0.0000e+00
         47 203.531082    0.00319     0.1917     11.500  1020.3518  42709.166    27.0093      0.501    6.33390    12.2713    12.2385    20.3495   11.52486 5.5742e+02      0.505 0.0000e+00
         48 203.531085    0.00326     0.1958     11.750  1020.4935  43000.074    27.1972      0.483    6.32267    12.2776    12.2602    20.4913   11.50361 5.7345e+02      0.487 0.0000e+00
         49 203.531088    0.00333     0.2000     12.000  1020.5809  43178.790    27.3127      0.459    6.31608    12.2831    12.2714    20.5788   11.49107 5.9051e+02      0.463 0.0000e+00
         50 203.531091    0.00340     0.2042     12.250  1020.6372  43293.058    27.3869      0.440    6.31198    12.2900    12.2777    20.6352   11.48325 5.9649e+02      0.444 0.0000e+00
         51 203.531094    0.00347     0.2083     12.500  1020.6744  43368.381    27.4363      0.442    6.30908    12.2987    12.2832    20.6725   11.47778 5.8733e+02      0.446 0.0000e+00
         52 203.531097    0.00354     0.2125     12.750  1020.6987  43417.601    27.4691      0.474    6.30675    12.3085    12.2901    20.6966   11.47346 5.6161e+02      0.479 0.0000e+00
         53 203.531100    0.00361     0.2167     13.000  1020.7139  43448.834    27.4903      0.542    6.30468    12.3179    12.2988    20.7114   11.46974 5.1379e+02      0.548 0.0000e+00
         54 203.531102    0.00368     0.2208     13.250  1020.7241  43469.986    27.5050      0.643    6.30274    12.3246    12.3086    20.7211   11.46633 4.5028e+02      0.650 0.0000e+00
         55 203.531105    0.00375     0.2250     13.500  1020.7334  43488.900    27.5185      0.772    6.30093    12.3267    12.3180    20.7299   11.46315 3.9323e+02      0.779 0.0000e+00
         56 203.531108    0.00382     0.2292     13.750  1020.7445  43510.152    27.5336      0.917    6.29942    12.3235    12.3247    20.7404   11.46046 3.5196e+02      0.926 0.0000e+00
         57 203.531111    0.00389     0.2333     14.000  1020.7574  43533.350    27.5498      1.069    6.29849    12.3159    12.3268    20.7525   11.45872 3.2372e+02      1.078 0.0000e+00
         58 203.531114    0.00396     0.2375     14.250  1020.7700  43554.930    27.5645      1.212    6.29834    12.3060    12.3236    20.7644   11.45828 3.0817e+02      1.224 0.0000e+00
         59 203.531117    0.00403     0.2417     14.500  1020.7797  43570.440    27.5746      1.335    6.29894    12.2953    12.3161    20.7736   11.45916 3.0291e+02      1.348 0.0000e+00
         60 203.531120    0.00410     0.2458     14.750  1020.7849  43577.244    27.5785      1.424    6.30011    12.2848    12.3062    20.7784   11.46105 3.0394e+02      1.438 0.0000e+00
         61 203.531123    0.00417     0.2500     15.000  1020.7877  43579.774    27.5793      1.469    6.30150    12.2748    12.2955    20.7810   11.46335 3.1038e+02      1.483 0.0000e+00
         62 203.531126    0.00424     0.2542     15.250  1020.7930  43587.387    27.5837      1.464    6.30273    12.2662    12.2850    20.7863   11.46536 3.2339e+02      1.478 0.0000e+00
         63 203.531128    0.00431     0.2583     15.500  1020.8035  43605.057    27.5953      1.417    6.30361    12.2600    12.2750    20.7971   11.46668 3.4214e+02      1.430 0.0000e+00
         64 203.531131    0.00438     0.2625     15.750  1020.8186  43631.677    27.6132      1.343    6.30404    12.2562    12.2664    20.8125   11.46718 3.6242e+02      1.356 0.0000e+00
         65 203.531134    0.00444     0.2667     16.000  1020.8349  43661.172    27.6334      1.261    6.30407    12.2546    12.2602    20.8292   11.46701 3.7959e+02      1.273 0.0000e+00
         66 203.531137    0.00451     0.2708     16.250  1020.8486  43686.154    27.6506      1.191    6.30389    12.2546    12.2564    20.8431   11.46651 3.9148e+02      1.202 0.0000e+00
         67 203.531140    0.00458     0.2750     16.500  1020.8580  43703.548    27.6627      1.151    6.30364    12.2559    12.2547    20.8527   11.46595 3.9579e+02      1.162 0.0000e+00
         68 203.531143    0.00465     0.2792     16.750  1020.8636  43713.856    27.6699      1.154    6.30336    12.2583    12.2547    20.8583   11.46539 3.9016e+02      1.165 0.0000e+00
         69 203.531146    0.00472     0.2833     17.000  1020.8661  43718.315    27.6731      1.201    6.30306    12.2610    12.2560    20.8606   11.46484 3.7761e+02      1.213 0.0000e+00
         70 203.531149    0.00479     0.2875     17.250  1020.8662  43718.312    27.6732      1.285    6.30273    12.2622    12.2584    20.8603   11.46429 3.6344e+02      1.298 0.0000e+00
         71 203.531152    0.00486     0.2917     17.500  1020.8659  43717.642    27.6730      1.389    6.30238    12.2598    12.2611    20.8596   11.46371 3.4890e+02      1.403 0.0000e+00
         72 203.531155    0.00493     0.2958     17.750  1020.8692  43723.152    27.6769      1.494    6.30205    12.2523    12.2624    20.8624   11.46312 3.3441e+02      1.509 0.0000e+00
         73 203.531157    0.00500     0.3000     18.000  1020.8786  43739.163    27.6879      1.584    6.30194    12.2403    12.2599    20.8714   11.46282 3.2249e+02      1.599 0.0000e+00
         74 203.531160    0.00507     0.3042     18.250  1020.8937  43765.015    27.7053      1.645    6.30225    12.2257    12.2525    20.8862   11.46312 3.1610e+02      1.661 0.0000e+00
         75 203.531163    0.00514     0.3083     18.500  1020.9137  43799.110    27.7282      1.672    6.30295    12.2114    12.2405    20.9061   11.46402 3.1650e+02      1.688 0.0000e+00
         76 203.531166    0.00521     0.3125     18.750  1020.9359  43837.105    27.7535      1.662    6.30389    12.1992    12.2259    20.9283   11.46528 3.2224e+02      1.678 0.0000e+00
         77 203.531169    0.00528     0.3167     19.000  1020.9559  43871.269    27.7763      1.620    6.30491    12.1903    12.2115    20.9484   11.46671 3.3072e+02      1.635 0.0000e+00
         78 203.531172    0.00535     0.3208     19.250  1020.9708  43896.766    27.7931      1.553    6.30587    12.1850    12.1993    20.9636   11.46812 3.4016e+02      1.568 0.0000e+00
         79 203.531175    0.00542     0.3250     19.500  1020.9799  43912.345    27.8033      1.472    6.30666    12.1827    12.1905    20.9731   11.46930 3.5110e+02      1.486 0.0000e+00
         80 203.531178    0.00549     0.3292     19.750  1020.9836  43918.765    27.8074      1.383    6.30720    12.1826    12.1852    20.9772   11.47016 3.6559e+02      1.396 0.0000e+00
         81 203.531181    0.00556     0.3333     20.000  1020.9833  43918.565    27.8071      1.290    6.30753    12.1841    12.1829    20.9774   11.47070 3.8277e+02      1.302 0.0000e+00
         82 203.531183    0.00562     0.3375     20.250  1020.9804  43913.930    27.8039      1.200    6.30768    12.1875    12.1827    20.9749   11.47099 3.9805e+02      1.211 0.0000e+00
         83 203.531186    0.00569     0.3417     20.500  1020.9754  43905.685    27.7982      1.119    6.30769    12.1932    12.1843    20.9703   11.47108 4.0823e+02      1.130 0.0000e+00
         84 203.531189    0.00576     0.3458     20.750  1020.9681  43893.366    27.7899      1.057    6.30757    12.2019    12.1876    20.9633   11.47098 4.1401e+02      1.067 0.0000e+00
         85 203.531192    0.00583     0.3500     21.000  1020.9570  43874.396    27.7771      1.022    6.30732    12.2139    12.1933    20.9524   11.47071 4.1606e+02      1.032 0.0000e+00
