CTD-processing/allCTD/CNV--homogene/2014_04-06_t6_s06_cast243.cnv
* Sea-Bird SBE19plus Data File:
* FileName = C:\Users\kris.holderied\Documents\kasitsna\Research-Projects-and-Data\Oceanography-AK\CTD-CookInlet-GulfWatchAK\2014-04-EVOSTC-CookInlet-Ocean\2014-04-06-CookInlet-Tran6-Douglas\2014-04-06-CookInlet-Tran6-cast243.hex
* Software Version 1.59
* Temperature SN =  5028
* Conductivity SN =  5028
* System UpLoad Time = Apr 09 2014 11:24:44
** Cook Inlet LTM Transect 6 (Douglas) east to west
** Date: 6 Apr 2014
** Station: 6-06
** Start time: 10:41
** Depth (m): 143
** Comment:  CTD instrument time is AK Daylight time
** Comment:
# nquan = 17
# nvalues = 1012                        
# units = specified
# name 0 = scan: Scan Count
# name 1 = timeJ: Julian Days
# name 2 = timeH: Time, Elapsed [hours]
# name 3 = timeM: Time, Elapsed [minutes]
# name 4 = timeS: Time, Elapsed [seconds]
# name 5 = density00: Density [density, kg/m^3]
# name 6 = specc: Specific Conductance [uS/cm]
# name 7 = sal00: Salinity, Practical [PSU]
# name 8 = depSM: Depth [salt water, m], lat = 59.00
# name 9 = oxsolML/L: Oxygen Saturation, Garcia & Gordon [ml/l]
# name 10 = potemp090C: Potential Temperature [ITS-90, deg C]
# name 11 = tv290C: Temperature [ITS-90, deg C]
# name 12 = sigma-é00: Density [sigma-theta, kg/m^3]
# name 13 = n2satML/L: Nitrogen Saturation [ml/l]
# name 14 = par: PAR/Irradiance, Biospherical/Licor
# name 15 = prdM: Pressure, Strain Gauge [db]
# name 16 = flag:  0.000e+00
# span 0 =          1,       1012       
# span 1 =  96.445139,  96.448064       
# span 2 =    0.00000,    0.07021       
# span 3 =     0.0000,     4.2125       
# span 4 =      0.000,    252.750       
# span 5 =  1000.8025,  1025.9087       
# span 6 =   2085.249,  51566.563       
# span 7 =     1.0304,    31.9870       
# span 8 =     -0.182,    127.493       
# span 9 =    7.25372,    9.11339       
# span 10 =     3.9810,     4.7811      
# span 11 =     3.9810,     4.7902      
# span 12 =     0.8034,    25.3108      
# span 13 =   12.98612,   16.53578      
# span 14 = 3.7912e-02, 1.4585e+02      
# span 15 =     -0.183,    128.736      
# span 16 = 0.0000e+00, 0.0000e+00      
# interval = seconds: 0.25
# start_time = Apr 06 2014 10:41:00 [Instrument's time stamp, header]
# bad_flag = -9.990e-29
*END*
[from data line 511]
        512  96.446617    0.03549     2.1292    127.750  1025.4441  51411.472    31.9203     39.377    7.26027     4.7690     4.7711    25.2592   12.99779 1.6117e+00     39.752 0.0000e+00
        513  96.446620    0.03556     2.1333    128.000  1025.4452  51412.095    31.9207     39.546    7.26020     4.7693     4.7714    25.2595   12.99767 1.5871e+00     39.923 0.0000e+00
        514  96.446623    0.03562     2.1375    128.250  1025.4463  51412.676    31.9211     39.716    7.26012     4.7697     4.7718    25.2597   12.99754 1.5629e+00     40.094 0.0000e+00
        515  96.446626    0.03569     2.1417    128.500  1025.4474  51413.330    31.9215     39.885    7.26004     4.7701     4.7721    25.2601   12.99740 1.5398e+00     40.264 0.0000e+00
        516  96.446629    0.03576     2.1458    128.750  1025.4486  51414.264    31.9222     40.048    7.25994     4.7707     4.7725    25.2605   12.99723 1.5182e+00     40.430 0.0000e+00
        517  96.446632    0.03583     2.1500    129.000  1025.4501  51415.645    31.9231     40.204    7.25982     4.7714     4.7729    25.2613   12.99701 1.4981e+00     40.588 0.0000e+00
        518  96.446635    0.03590     2.1542    129.250  1025.4516  51417.230    31.9243     40.354    7.25966     4.7722     4.7735    25.2621   12.99673 1.4793e+00     40.738 0.0000e+00
        519  96.446638    0.03597     2.1583    129.500  1025.4529  51418.400    31.9252     40.497    7.25948     4.7730     4.7743    25.2627   12.99643 1.4617e+00     40.883 0.0000e+00
        520  96.446641    0.03604     2.1625    129.750  1025.4538  51418.845    31.9256     40.637    7.25932     4.7735     4.7751    25.2630   12.99616 1.4449e+00     41.024 0.0000e+00
        521  96.446644    0.03611     2.1667    130.000  1025.4544  51418.705    31.9256     40.775    7.25920     4.7739     4.7758    25.2629   12.99596 1.4282e+00     41.164 0.0000e+00
        522  96.446646    0.03618     2.1708    130.250  1025.4548  51418.236    31.9253     40.917    7.25911     4.7740     4.7763    25.2626   12.99582 1.4108e+00     41.307 0.0000e+00
        523  96.446649    0.03625     2.1750    130.500  1025.4551  51417.637    31.9249     41.067    7.25907     4.7740     4.7767    25.2622   12.99575 1.3921e+00     41.458 0.0000e+00
        524  96.446652    0.03632     2.1792    130.750  1025.4556  51417.224    31.9246     41.229    7.25905     4.7740     4.7769    25.2620   12.99573 1.3716e+00     41.622 0.0000e+00
        525  96.446655    0.03639     2.1833    131.000  1025.4564  51417.299    31.9246     41.407    7.25904     4.7741     4.7769    25.2620   12.99572 1.3488e+00     41.802 0.0000e+00
        526  96.446658    0.03646     2.1875    131.250  1025.4575  51417.813    31.9248     41.600    7.25903     4.7742     4.7769    25.2622   12.99570 1.3240e+00     41.997 0.0000e+00
        527  96.446661    0.03653     2.1917    131.500  1025.4588  51418.587    31.9252     41.809    7.25900     4.7744     4.7770    25.2625   12.99564 1.2981e+00     42.208 0.0000e+00
        528  96.446664    0.03660     2.1958    131.750  1025.4602  51419.345    31.9257     42.030    7.25896     4.7746     4.7771    25.2628   12.99556 1.2717e+00     42.431 0.0000e+00
        529  96.446667    0.03667     2.2000    132.000  1025.4615  51419.783    31.9259     42.258    7.25891     4.7748     4.7773    25.2630   12.99547 1.2453e+00     42.661 0.0000e+00
        530  96.446670    0.03674     2.2042    132.250  1025.4626  51419.975    31.9260     42.488    7.25886     4.7750     4.7776    25.2631   12.99540 1.2193e+00     42.894 0.0000e+00
        531  96.446672    0.03681     2.2083    132.500  1025.4637  51420.223    31.9261     42.716    7.25882     4.7751     4.7778    25.2631   12.99533 1.1944e+00     43.123 0.0000e+00
        532  96.446675    0.03687     2.2125    132.750  1025.4648  51420.526    31.9262     42.935    7.25878     4.7753     4.7780    25.2632   12.99526 1.1713e+00     43.345 0.0000e+00
        533  96.446678    0.03694     2.2167    133.000  1025.4658  51420.730    31.9263     43.143    7.25875     4.7754     4.7782    25.2632   12.99520 1.1503e+00     43.554 0.0000e+00
        534  96.446681    0.03701     2.2208    133.250  1025.4668  51420.883    31.9264     43.334    7.25872     4.7755     4.7783    25.2633   12.99515 1.1316e+00     43.748 0.0000e+00
        535  96.446684    0.03708     2.2250    133.500  1025.4676  51421.048    31.9264     43.507    7.25869     4.7756     4.7785    25.2633   12.99511 1.1154e+00     43.922 0.0000e+00
        536  96.446687    0.03715     2.2292    133.750  1025.4683  51421.187    31.9265     43.660    7.25867     4.7757     4.7786    25.2633   12.99507 1.1014e+00     44.077 0.0000e+00
        537  96.446690    0.03722     2.2333    134.000  1025.4690  51421.280    31.9265     43.795    7.25865     4.7758     4.7787    25.2633   12.99503 1.0894e+00     44.213 0.0000e+00
        538  96.446693    0.03729     2.2375    134.250  1025.4695  51421.320    31.9264     43.916    7.25863     4.7758     4.7788    25.2633   12.99501 1.0790e+00     44.335 0.0000e+00
        539  96.446696    0.03736     2.2417    134.500  1025.4700  51421.312    31.9264     44.024    7.25862     4.7759     4.7789    25.2633   12.99499 1.0696e+00     44.444 0.0000e+00
        540  96.446698    0.03743     2.2458    134.750  1025.4704  51421.321    31.9264     44.127    7.25861     4.7759     4.7789    25.2632   12.99497 1.0603e+00     44.548 0.0000e+00
        541  96.446701    0.03750     2.2500    135.000  1025.4709  51421.377    31.9264     44.229    7.25861     4.7759     4.7790    25.2632   12.99496 1.0506e+00     44.651 0.0000e+00
        542  96.446704    0.03757     2.2542    135.250  1025.4714  51421.451    31.9264     44.337    7.25860     4.7758     4.7791    25.2632   12.99496 1.0402e+00     44.760 0.0000e+00
        543  96.446707    0.03764     2.2583    135.500  1025.4720  51421.534    31.9264     44.454    7.25860     4.7758     4.7791    25.2632   12.99496 1.0285e+00     44.879 0.0000e+00
        544  96.446710    0.03771     2.2625    135.750  1025.4726  51421.600    31.9263     44.586    7.25861     4.7757     4.7790    25.2632   12.99497 1.0152e+00     45.012 0.0000e+00
        545  96.446713    0.03778     2.2667    136.000  1025.4733  51421.661    31.9263     44.734    7.25862     4.7757     4.7790    25.2632   12.99498 1.0006e+00     45.162 0.0000e+00
        546  96.446716    0.03785     2.2708    136.250  1025.4740  51421.762    31.9263     44.897    7.25863     4.7757     4.7789    25.2632   12.99500 9.8528e-01     45.326 0.0000e+00
        547  96.446719    0.03792     2.2750    136.500  1025.4748  51421.872    31.9262     45.070    7.25863     4.7757     4.7789    25.2632   12.99501 9.6927e-01     45.501 0.0000e+00
        548  96.446722    0.03799     2.2792    136.750  1025.4757  51422.001    31.9262     45.251    7.25863     4.7757     4.7789    25.2632   12.99501 9.5310e-01     45.683 0.0000e+00
        549  96.446725    0.03806     2.2833    137.000  1025.4766  51422.210    31.9263     45.435    7.25863     4.7758     4.7789    25.2632   12.99500 9.3727e-01     45.869 0.0000e+00
        550  96.446727    0.03812     2.2875    137.250  1025.4775  51422.451    31.9264     45.620    7.25862     4.7758     4.7789    25.2633   12.99498 9.2198e-01     46.055 0.0000e+00
        551  96.446730    0.03819     2.2917    137.500  1025.4784  51422.710    31.9265     45.802    7.25860     4.7759     4.7790    25.2634   12.99495 9.0732e-01     46.240 0.0000e+00
        552  96.446733    0.03826     2.2958    137.750  1025.4794  51423.094    31.9267     45.981    7.25858     4.7761     4.7791    25.2635   12.99491 8.9324e-01     46.420 0.0000e+00
        553  96.446736    0.03833     2.3000    138.000  1025.4804  51423.560    31.9270     46.156    7.25855     4.7762     4.7792    25.2637   12.99485 8.7969e-01     46.597 0.0000e+00
        554  96.446739    0.03840     2.3042    138.250  1025.4814  51423.930    31.9272     46.329    7.25851     4.7764     4.7793    25.2638   12.99479 8.6666e-01     46.771 0.0000e+00
        555  96.446742    0.03847     2.3083    138.500  1025.4822  51424.179    31.9273     46.499    7.25847     4.7765     4.7795    25.2639   12.99472 8.5395e-01     46.943 0.0000e+00
        556  96.446745    0.03854     2.3125    138.750  1025.4831  51424.396    31.9274     46.668    7.25843     4.7766     4.7797    25.2640   12.99466 8.4130e-01     47.113 0.0000e+00
        557  96.446748    0.03861     2.3167    139.000  1025.4840  51424.596    31.9275     46.838    7.25840     4.7767     4.7799    25.2640   12.99461 8.2864e-01     47.286 0.0000e+00
        558  96.446751    0.03868     2.3208    139.250  1025.4848  51424.744    31.9275     47.010    7.25838     4.7768     4.7800    25.2641   12.99457 8.1600e-01     47.460 0.0000e+00
        559  96.446753    0.03875     2.3250    139.500  1025.4856  51424.851    31.9275     47.184    7.25836     4.7769     4.7801    25.2641   12.99454 8.0362e-01     47.635 0.0000e+00
        560  96.446756    0.03882     2.3292    139.750  1025.4864  51424.947    31.9275     47.359    7.25835     4.7769     4.7802    25.2641   12.99452 7.9153e-01     47.811 0.0000e+00
        561  96.446759    0.03889     2.3333    140.000  1025.4873  51425.054    31.9275     47.533    7.25834     4.7769     4.7802    25.2641   12.99450 7.7961e-01     47.987 0.0000e+00
        562  96.446762    0.03896     2.3375    140.250  1025.4881  51425.152    31.9275     47.707    7.25833     4.7769     4.7803    25.2640   12.99449 7.6800e-01     48.163 0.0000e+00
        563  96.446765    0.03903     2.3417    140.500  1025.4888  51425.218    31.9275     47.878    7.25832     4.7770     4.7803    25.2640   12.99449 7.5686e-01     48.336 0.0000e+00
        564  96.446768    0.03910     2.3458    140.750  1025.4896  51425.276    31.9275     48.047    7.25832     4.7770     4.7804    25.2640   12.99448 7.4610e-01     48.505 0.0000e+00
        565  96.446771    0.03917     2.3500    141.000  1025.4903  51425.361    31.9274     48.212    7.25832     4.7770     4.7804    25.2639   12.99447 7.3558e-01     48.673 0.0000e+00
        566  96.446774    0.03924     2.3542    141.250  1025.4911  51425.471    31.9274     48.377    7.25831     4.7770     4.7804    25.2639   12.99446 7.2528e-01     48.839 0.0000e+00
        567  96.446777    0.03931     2.3583    141.500  1025.4919  51425.582    31.9274     48.540    7.25831     4.7770     4.7804    25.2639   12.99446 7.1504e-01     49.004 0.0000e+00
        568  96.446780    0.03938     2.3625    141.750  1025.4926  51425.693    31.9274     48.704    7.25830     4.7770     4.7804    25.2639   12.99445 7.0472e-01     49.169 0.0000e+00
        569  96.446782    0.03944     2.3667    142.000  1025.4934  51425.799    31.9274     48.870    7.25830     4.7770     4.7805    25.2639   12.99444 6.9439e-01     49.337 0.0000e+00
        570  96.446785    0.03951     2.3708    142.250  1025.4942  51425.900    31.9274     49.039    7.25829     4.7770     4.7805    25.2639   12.99444 6.8416e-01     49.507 0.0000e+00
        571  96.446788    0.03958     2.3750    142.500  1025.4950  51426.042    31.9275     49.210    7.25829     4.7770     4.7805    25.2639   12.99443 6.7403e-01     49.680 0.0000e+00
        572  96.446791    0.03965     2.3792    142.750  1025.4958  51426.220    31.9275     49.382    7.25829     4.7770     4.7805    25.2640   12.99442 6.6395e-01     49.854 0.0000e+00
        573  96.446794    0.03972     2.3833    143.000  1025.4967  51426.391    31.9275     49.556    7.25828     4.7770     4.7805    25.2640   12.99441 6.5388e-01     50.030 0.0000e+00
        574  96.446797    0.03979     2.3875    143.250  1025.4975  51426.545    31.9275     49.733    7.25828     4.7770     4.7805    25.2640   12.99441 6.4390e-01     50.208 0.0000e+00
        575  96.446800    0.03986     2.3917    143.500  1025.4984  51426.665    31.9275     49.910    7.25828     4.7770     4.7805    25.2640   12.99441 6.3414e-01     50.387 0.0000e+00
        576  96.446803    0.03993     2.3958    143.750  1025.4992  51426.748    31.9275     50.087    7.25828     4.7770     4.7805    25.2640   12.99441 6.2471e-01     50.566 0.0000e+00
        577  96.446806    0.04000     2.4000    144.000  1025.5000  51426.817    31.9274     50.263    7.25829     4.7769     4.7805    25.2640   12.99442 6.1558e-01     50.744 0.0000e+00
        578  96.446808    0.04007     2.4042    144.250  1025.5007  51426.871    31.9274     50.437    7.25829     4.7769     4.7805    25.2639   12.99443 6.0674e-01     50.919 0.0000e+00
        579  96.446811    0.04014     2.4083    144.500  1025.5015  51426.916    31.9273     50.607    7.25829     4.7769     4.7805    25.2639   12.99443 5.9820e-01     51.091 0.0000e+00
        580  96.446814    0.04021     2.4125    144.750  1025.5022  51426.951    31.9273     50.771    7.25830     4.7769     4.7805    25.2638   12.99444 5.8997e-01     51.256 0.0000e+00
        581  96.446817    0.04028     2.4167    145.000  1025.5029  51426.941    31.9272     50.928    7.25830     4.7768     4.7805    25.2637   12.99445 5.8218e-01     51.416 0.0000e+00
        582  96.446820    0.04035     2.4208    145.250  1025.5035  51426.913    31.9271     51.081    7.25831     4.7768     4.7805    25.2637   12.99447 5.7479e-01     51.570 0.0000e+00
        583  96.446823    0.04042     2.4250    145.500  1025.5041  51426.910    31.9270     51.230    7.25832     4.7767     4.7805    25.2636   12.99449 5.6759e-01     51.720 0.0000e+00
        584  96.446826    0.04049     2.4292    145.750  1025.5048  51426.966    31.9270     51.378    7.25833     4.7767     4.7804    25.2636   12.99450 5.6037e-01     51.870 0.0000e+00
        585  96.446829    0.04056     2.4333    146.000  1025.5055  51427.062    31.9269     51.530    7.25833     4.7766     4.7804    25.2636   12.99451 5.5285e-01     52.022 0.0000e+00
        586  96.446832    0.04063     2.4375    146.250  1025.5062  51427.113    31.9269     51.688    7.25834     4.7766     4.7804    25.2636   12.99453 5.4484e-01     52.182 0.0000e+00
        587  96.446834    0.04069     2.4417    146.500  1025.5070  51427.153    31.9268     51.857    7.25835     4.7766     4.7803    25.2635   12.99454 5.3630e-01     52.353 0.0000e+00
        588  96.446837    0.04076     2.4458    146.750  1025.5078  51427.244    31.9268     52.037    7.25836     4.7765     4.7803    25.2635   12.99456 5.2730e-01     52.535 0.0000e+00
        589  96.446840    0.04083     2.4500    147.000  1025.5087  51427.398    31.9268     52.227    7.25837     4.7765     4.7802    25.2635   12.99457 5.1797e-01     52.727 0.0000e+00
        590  96.446843    0.04090     2.4542    147.250  1025.5097  51427.680    31.9269     52.424    7.25837     4.7766     4.7802    25.2635   12.99457 5.0858e-01     52.925 0.0000e+00
        591  96.446846    0.04097     2.4583    147.500  1025.5108  51428.062    31.9270     52.621    7.25836     4.7767     4.7802    25.2637   12.99455 4.9959e-01     53.124 0.0000e+00
        592  96.446849    0.04104     2.4625    147.750  1025.5118  51428.397    31.9272     52.811    7.25834     4.7767     4.7803    25.2638   12.99452 4.9131e-01     53.316 0.0000e+00
        593  96.446852    0.04111     2.4667    148.000  1025.5126  51428.590    31.9272     52.989    7.25832     4.7768     4.7804    25.2638   12.99449 4.8383e-01     53.495 0.0000e+00
        594  96.446855    0.04118     2.4708    148.250  1025.5134  51428.672    31.9272     53.152    7.25830     4.7768     4.7805    25.2638   12.99446 4.7715e-01     53.660 0.0000e+00
        595  96.446858    0.04125     2.4750    148.500  1025.5141  51428.715    31.9272     53.301    7.25829     4.7768     4.7805    25.2638   12.99444 4.7126e-01     53.810 0.0000e+00
