CTD-processing/allCTD/CNV--homogene/2014_07-23_t6_s03_cast198.cnv
* Sea-Bird SBE19plus Data File:
* FileName = C:\Users\kris.holderied\Documents\kasitsna\Research-Projects-and-Data\Oceanography-AK\CTD-Data-ALL-to-2014-06\2014-CTD-KachemakBay-CookInlet\2014-07-EVOSTC-CookInlet-quarterly\2014-07-23-CookInlet-Tran6-Douglas\2014-07-23-CookInlet-Tran6-cast198.hex
* Software Version 1.59
* Temperature SN =  4141
* Conductivity SN =  4141
* System UpLoad Time = Jul 23 2014 23:18:45
** Cook Inlet LTM Transect 6 (Douglas) East to West
** Date: 07-23
** Station: 6-03
** Start time: 09:04
** Depth (m): 103
** Comment:  CTD time is Alaska Daylight time.  Transducer  depth (transducer is 9 ft).
** Comment:
# nquan = 17
# nvalues = 778                         
# units = specified
# name 0 = scan: Scan Count
# name 1 = timeJ: Julian Days
# name 2 = timeH: Time, Elapsed [hours]
# name 3 = timeM: Time, Elapsed [minutes]
# name 4 = timeS: Time, Elapsed [seconds]
# name 5 = density00: Density [density, kg/m^3]
# name 6 = specc: Specific Conductance [uS/cm]
# name 7 = sal00: Salinity, Practical [PSU]
# name 8 = depSM: Depth [salt water, m], lat = 59.00
# name 9 = oxsolML/L: Oxygen Saturation, Garcia & Gordon [ml/l]
# name 10 = potemp090C: Potential Temperature [ITS-90, deg C]
# name 11 = tv290C: Temperature [ITS-90, deg C]
# name 12 = sigma-é00: Density [sigma-theta, kg/m^3]
# name 13 = n2satML/L: Nitrogen Saturation [ml/l]
# name 14 = par: PAR/Irradiance, Biospherical/Licor
# name 15 = prdM: Pressure, Strain Gauge [db]
# name 16 = flag:  0.000e+00
# span 0 =          1,        778       
# span 1 = 204.378414, 204.380663       
# span 2 =    0.00000,    0.05396       
# span 3 =     0.0000,     3.2375       
# span 4 =      0.000,    194.250       
# span 5 =   999.8910,  1025.2516       
# span 6 =    576.769,  50439.730       
# span 7 =     0.2757,    31.8860       
# span 8 =     -0.088,    101.989       
# span 9 =    6.44470,    7.82853       
# span 10 =     8.3213,    10.3144      
# span 11 =     8.3315,    10.3144      
# span 12 =    -0.1086,    24.7825      
# span 13 =   11.65474,   14.38497      
# span 14 = 4.5665e-02, 2.7073e+02      
# span 15 =     -0.089,    102.978      
# span 16 = 0.0000e+00, 0.0000e+00      
# interval = seconds: 0.25
# start_time = Jul 23 2014 09:04:55 [Instrument's time stamp, header]
# bad_flag = -9.990e-29
*END*
[from data line 596]
        597 204.380139    0.04139     2.4833    149.000  1024.7565  49913.931    31.6448     59.583    6.58637     9.0554     9.0652    24.4829   11.88736 5.8315e-02     60.154 0.0000e+00
        598 204.380142    0.04146     2.4875    149.250  1024.7586  49915.548    31.6455     59.843    6.58664     9.0538     9.0632    24.4838   11.88779 5.7905e-02     60.416 0.0000e+00
        599 204.380145    0.04153     2.4917    149.500  1024.7597  49915.289    31.6450     60.123    6.58687     9.0519     9.0617    24.4836   11.88818 5.7550e-02     60.700 0.0000e+00
        600 204.380148    0.04160     2.4958    149.750  1024.7608  49914.958    31.6445     60.422    6.58712     9.0499     9.0601    24.4834   11.88860 5.7185e-02     61.001 0.0000e+00
        601 204.380150    0.04167     2.5000    150.000  1024.7625  49915.510    31.6445     60.731    6.58739     9.0478     9.0583    24.4837   11.88905 5.6800e-02     61.313 0.0000e+00
        602 204.380153    0.04174     2.5042    150.250  1024.7647  49916.788    31.6449     61.045    6.58767     9.0455     9.0563    24.4844   11.88950 5.6362e-02     61.630 0.0000e+00
        603 204.380156    0.04181     2.5083    150.500  1024.7661  49916.838    31.6445     61.357    6.58798     9.0420     9.0543    24.4844   11.89003 5.5818e-02     61.945 0.0000e+00
        604 204.380159    0.04188     2.5125    150.750  1024.7660  49914.072    31.6421     61.661    6.58841     9.0367     9.0520    24.4828   11.89078 5.5276e-02     62.252 0.0000e+00
        605 204.380162    0.04194     2.5167    151.000  1024.7656  49910.781    31.6392     61.954    6.58905     9.0305     9.0485    24.4811   11.89187 5.4856e-02     62.548 0.0000e+00
        606 204.380165    0.04201     2.5208    151.250  1024.7671  49910.966    31.6384     62.234    6.58985     9.0248     9.0432    24.4813   11.89320 5.4517e-02     62.831 0.0000e+00
        607 204.380168    0.04208     2.5250    151.500  1024.7707  49915.093    31.6404     62.496    6.59068     9.0203     9.0370    24.4838   11.89454 5.4180e-02     63.095 0.0000e+00
        608 204.380171    0.04215     2.5292    151.750  1024.7751  49920.761    31.6434     62.740    6.59139     9.0172     9.0313    24.4870   11.89568 5.3873e-02     63.342 0.0000e+00
        609 204.380174    0.04222     2.5333    152.000  1024.7791  49925.833    31.6463     62.968    6.59192     9.0149     9.0268    24.4899   11.89653 5.3617e-02     63.573 0.0000e+00
        610 204.380177    0.04229     2.5375    152.250  1024.7821  49929.294    31.6482     63.182    6.59230     9.0131     9.0237    24.4919   11.89713 5.3373e-02     63.789 0.0000e+00
        611 204.380179    0.04236     2.5417    152.500  1024.7840  49931.114    31.6490     63.381    6.59258     9.0113     9.0215    24.4929   11.89760 5.3149e-02     63.989 0.0000e+00
        612 204.380182    0.04243     2.5458    152.750  1024.7850  49931.483    31.6489     63.566    6.59285     9.0091     9.0197    24.4932   11.89803 5.2962e-02     64.176 0.0000e+00
        613 204.380185    0.04250     2.5500    153.000  1024.7854  49930.724    31.6481     63.738    6.59315     9.0065     9.0179    24.4928   11.89855 5.2802e-02     64.349 0.0000e+00
        614 204.380188    0.04257     2.5542    153.250  1024.7858  49929.872    31.6471     63.901    6.59352     9.0036     9.0157    24.4923   11.89916 5.2664e-02     64.513 0.0000e+00
        615 204.380191    0.04264     2.5583    153.500  1024.7867  49930.089    31.6468     64.059    6.59392     9.0006     9.0131    24.4925   11.89983 5.2536e-02     64.674 0.0000e+00
        616 204.380194    0.04271     2.5625    153.750  1024.7881  49931.126    31.6470     64.222    6.59433     8.9976     9.0102    24.4931   11.90051 5.2411e-02     64.838 0.0000e+00
        617 204.380197    0.04278     2.5667    154.000  1024.7894  49931.905    31.6471     64.397    6.59475     8.9941     9.0073    24.4936   11.90121 5.2276e-02     65.015 0.0000e+00
        618 204.380200    0.04285     2.5708    154.250  1024.7906  49932.325    31.6469     64.593    6.59520     8.9901     9.0043    24.4939   11.90196 5.2110e-02     65.213 0.0000e+00
        619 204.380203    0.04292     2.5750    154.500  1024.7918  49932.664    31.6465     64.816    6.59572     8.9856     9.0008    24.4942   11.90282 5.1924e-02     65.438 0.0000e+00
        620 204.380205    0.04299     2.5792    154.750  1024.7938  49933.993    31.6467     65.064    6.59630     8.9814     8.9968    24.4950   11.90378 5.1721e-02     65.688 0.0000e+00
        621 204.380208    0.04306     2.5833    155.000  1024.7972  49937.721    31.6486     65.336    6.59687     8.9782     8.9924    24.4971   11.90470 5.1480e-02     65.963 0.0000e+00
        622 204.380211    0.04312     2.5875    155.250  1024.8016  49943.113    31.6517     65.625    6.59735     8.9761     8.9882    24.5002   11.90545 5.1235e-02     66.255 0.0000e+00
        623 204.380214    0.04319     2.5917    155.500  1024.8061  49948.712    31.6550     65.926    6.59768     8.9751     8.9850    24.5033   11.90596 5.1040e-02     66.559 0.0000e+00
        624 204.380217    0.04326     2.5958    155.750  1024.8106  49954.386    31.6586     66.233    6.59783     8.9751     8.9830    24.5064   11.90616 5.0887e-02     66.869 0.0000e+00
        625 204.380220    0.04333     2.6000    156.000  1024.8154  49960.637    31.6627     66.540    6.59780     8.9759     8.9820    24.5097   11.90606 5.0750e-02     67.179 0.0000e+00
        626 204.380223    0.04340     2.6042    156.250  1024.8203  49967.231    31.6672     66.840    6.59760     8.9765     8.9820    24.5133   11.90567 5.0580e-02     67.482 0.0000e+00
        627 204.380226    0.04347     2.6083    156.500  1024.8241  49971.950    31.6705     67.131    6.59734     8.9755     8.9828    24.5157   11.90521 5.0383e-02     67.776 0.0000e+00
        628 204.380229    0.04354     2.6125    156.750  1024.8253  49972.080    31.6706     67.412    6.59724     8.9710     8.9835    24.5157   11.90503 5.0218e-02     68.059 0.0000e+00
        629 204.380231    0.04361     2.6167    157.000  1024.8238  49967.262    31.6669     67.683    6.59754     8.9621     8.9825    24.5130   11.90558 5.0074e-02     68.333 0.0000e+00
        630 204.380234    0.04368     2.6208    157.250  1024.8219  49961.461    31.6621     67.944    6.59841     8.9495     8.9781    24.5099   11.90707 4.9943e-02     68.596 0.0000e+00
        631 204.380237    0.04375     2.6250    157.500  1024.8229  49960.628    31.6601     68.195    6.59980     8.9346     8.9692    24.5097   11.90939 4.9816e-02     68.849 0.0000e+00
        632 204.380240    0.04382     2.6292    157.750  1024.8275  49966.315    31.6622     68.437    6.60156     8.9183     8.9566    24.5132   11.91228 4.9674e-02     69.094 0.0000e+00
        633 204.380243    0.04389     2.6333    158.000  1024.8345  49976.118    31.6668     68.671    6.60355     8.9003     8.9418    24.5191   11.91552 4.9530e-02     69.330 0.0000e+00
        634 204.380246    0.04396     2.6375    158.250  1024.8419  49986.483    31.6716     68.897    6.60575     8.8792     8.9254    24.5254   11.91910 4.9400e-02     69.558 0.0000e+00
        635 204.380249    0.04403     2.6417    158.500  1024.8477  49994.154    31.6743     69.115    6.60828     8.8528     8.9074    24.5302   11.92326 4.9292e-02     69.779 0.0000e+00
        636 204.380252    0.04410     2.6458    158.750  1024.8517  49998.119    31.6739     69.329    6.61140     8.8186     8.8864    24.5331   11.92843 4.9191e-02     69.995 0.0000e+00
        637 204.380255    0.04417     2.6500    159.000  1024.8545  49999.658    31.6710     69.540    6.61544     8.7773     8.8599    24.5349   11.93514 4.9099e-02     70.208 0.0000e+00
        638 204.380258    0.04424     2.6542    159.250  1024.8608  50007.160    31.6712     69.752    6.62048     8.7340     8.8258    24.5402   11.94348 4.9020e-02     70.422 0.0000e+00
        639 204.380260    0.04431     2.6583    159.500  1024.8765  50031.284    31.6819     69.966    6.62613     8.6953     8.7844    24.5549   11.95271 4.8938e-02     70.639 0.0000e+00
        640 204.380263    0.04437     2.6625    159.750  1024.9000  50069.286    31.7022     70.188    6.63167     8.6641     8.7412    24.5772   11.96163 4.8849e-02     70.863 0.0000e+00
        641 204.380266    0.04444     2.6667    160.000  1024.9236  50108.003    31.7235     70.421    6.63648     8.6397     8.7025    24.5997   11.96934 4.8751e-02     71.098 0.0000e+00
        642 204.380269    0.04451     2.6708    160.250  1024.9431  50139.516    31.7409     70.666    6.64036     8.6210     8.6713    24.6181   11.97555 4.8649e-02     71.345 0.0000e+00
        643 204.380272    0.04458     2.6750    160.500  1024.9587  50164.375    31.7547     70.924    6.64339     8.6067     8.6469    24.6325   11.98039 4.8556e-02     71.606 0.0000e+00
        644 204.380275    0.04465     2.6792    160.750  1024.9712  50183.779    31.7654     71.194    6.64572     8.5954     8.6282    24.6437   11.98411 4.8470e-02     71.879 0.0000e+00
        645 204.380278    0.04472     2.6833    161.000  1024.9806  50197.763    31.7729     71.474    6.64752     8.5859     8.6139    24.6518   11.98699 4.8383e-02     72.162 0.0000e+00
        646 204.380281    0.04479     2.6875    161.250  1024.9876  50207.651    31.7781     71.763    6.64897     8.5766     8.6027    24.6575   11.98933 4.8312e-02     72.453 0.0000e+00
        647 204.380284    0.04486     2.6917    161.500  1024.9926  50213.923    31.7809     72.058    6.65026     8.5658     8.5932    24.6611   11.99143 4.8278e-02     72.751 0.0000e+00
        648 204.380286    0.04493     2.6958    161.750  1024.9958  50216.815    31.7815     72.356    6.65161     8.5523     8.5839    24.6629   11.99366 4.8275e-02     73.051 0.0000e+00
        649 204.380289    0.04500     2.7000    162.000  1024.9986  50218.992    31.7812     72.653    6.65322     8.5362     8.5732    24.6643   11.99634 4.8253e-02     73.352 0.0000e+00
        650 204.380292    0.04507     2.7042    162.250  1025.0028  50223.533    31.7822     72.949    6.65519     8.5188     8.5597    24.6671   11.99958 4.8172e-02     73.651 0.0000e+00
        651 204.380295    0.04514     2.7083    162.500  1025.0094  50232.401    31.7859     73.240    6.65743     8.5019     8.5437    24.6723   12.00324 4.8045e-02     73.944 0.0000e+00
        652 204.380298    0.04521     2.7125    162.750  1025.0187  50246.155    31.7928     73.524    6.65973     8.4872     8.5263    24.6803   12.00696 4.7928e-02     74.231 0.0000e+00
        653 204.380301    0.04528     2.7167    163.000  1025.0295  50262.737    31.8017     73.797    6.66187     8.4756     8.5094    24.6899   12.01039 4.7850e-02     74.507 0.0000e+00
        654 204.380304    0.04535     2.7208    163.250  1025.0398  50278.682    31.8106     74.059    6.66368     8.4667     8.4947    24.6990   12.01327 4.7769e-02     74.772 0.0000e+00
        655 204.380307    0.04542     2.7250    163.500  1025.0484  50291.722    31.8178     74.309    6.66510     8.4599     8.4830    24.7064   12.01554 4.7671e-02     75.024 0.0000e+00
        656 204.380310    0.04549     2.7292    163.750  1025.0552  50301.679    31.8234     74.545    6.66620     8.4548     8.4741    24.7121   12.01728 4.7584e-02     75.262 0.0000e+00
        657 204.380313    0.04556     2.7333    164.000  1025.0605  50309.282    31.8276     74.769    6.66702     8.4510     8.4674    24.7164   12.01860 4.7514e-02     75.488 0.0000e+00
        658 204.380315    0.04562     2.7375    164.250  1025.0648  50315.036    31.8307     74.984    6.66765     8.4481     8.4623    24.7196   12.01959 4.7460e-02     75.706 0.0000e+00
        659 204.380318    0.04569     2.7417    164.500  1025.0681  50319.270    31.8330     75.197    6.66812     8.4458     8.4585    24.7219   12.02034 4.7429e-02     75.921 0.0000e+00
        660 204.380321    0.04576     2.7458    164.750  1025.0709  50322.393    31.8347     75.413    6.66848     8.4440     8.4556    24.7237   12.02091 4.7401e-02     76.138 0.0000e+00
        661 204.380324    0.04583     2.7500    165.000  1025.0732  50324.796    31.8359     75.636    6.66876     8.4425     8.4534    24.7250   12.02136 4.7341e-02     76.363 0.0000e+00
        662 204.380327    0.04590     2.7542    165.250  1025.0753  50326.726    31.8369     75.870    6.66898     8.4411     8.4516    24.7260   12.02172 4.7267e-02     76.600 0.0000e+00
        663 204.380330    0.04597     2.7583    165.500  1025.0773  50328.313    31.8377     76.116    6.66918     8.4399     8.4501    24.7268   12.02204 4.7194e-02     76.849 0.0000e+00
        664 204.380333    0.04604     2.7625    165.750  1025.0792  50329.706    31.8383     76.372    6.66935     8.4389     8.4487    24.7276   12.02232 4.7134e-02     77.107 0.0000e+00
        665 204.380336    0.04611     2.7667    166.000  1025.0811  50331.067    31.8390     76.635    6.66950     8.4381     8.4475    24.7282   12.02256 4.7104e-02     77.373 0.0000e+00
        666 204.380339    0.04618     2.7708    166.250  1025.0829  50332.281    31.8396     76.905    6.66963     8.4374     8.4465    24.7288   12.02276 4.7083e-02     77.645 0.0000e+00
        667 204.380341    0.04625     2.7750    166.500  1025.0846  50333.116    31.8399     77.180    6.66973     8.4366     8.4458    24.7292   12.02292 4.7055e-02     77.923 0.0000e+00
        668 204.380344    0.04632     2.7792    166.750  1025.0860  50333.595    31.8400     77.460    6.66982     8.4356     8.4451    24.7294   12.02307 4.7041e-02     78.206 0.0000e+00
        669 204.380347    0.04639     2.7833    167.000  1025.0875  50333.946    31.8400     77.745    6.66993     8.4344     8.4444    24.7296   12.02325 4.7010e-02     78.494 0.0000e+00
        670 204.380350    0.04646     2.7875    167.250  1025.0890  50334.463    31.8401     78.035    6.67007     8.4330     8.4434    24.7298   12.02349 4.6942e-02     78.786 0.0000e+00
        671 204.380353    0.04653     2.7917    167.500  1025.0908  50335.402    31.8404     78.331    6.67024     8.4316     8.4422    24.7302   12.02376 4.6886e-02     79.085 0.0000e+00
        672 204.380356    0.04660     2.7958    167.750  1025.0929  50336.752    31.8410     78.632    6.67042     8.4301     8.4408    24.7309   12.02405 4.6894e-02     79.389 0.0000e+00
        673 204.380359    0.04667     2.8000    168.000  1025.0951  50338.227    31.8417     78.935    6.67060     8.4285     8.4394    24.7316   12.02434 4.6959e-02     79.695 0.0000e+00
        674 204.380362    0.04674     2.8042    168.250  1025.0971  50339.606    31.8423     79.237    6.67078     8.4264     8.4380    24.7323   12.02464 4.6998e-02     80.000 0.0000e+00
        675 204.380365    0.04681     2.8083    168.500  1025.0991  50340.925    31.8429     79.531    6.67100     8.4238     8.4364    24.7330   12.02500 4.6974e-02     80.297 0.0000e+00
        676 204.380367    0.04688     2.8125    168.750  1025.1012  50342.396    31.8435     79.812    6.67127     8.4205     8.4344    24.7338   12.02544 4.6921e-02     80.581 0.0000e+00
        677 204.380370    0.04694     2.8167    169.000  1025.1034  50344.134    31.8442     80.074    6.67163     8.4162     8.4318    24.7347   12.02602 4.6853e-02     80.846 0.0000e+00
        678 204.380373    0.04701     2.8208    169.250  1025.1056  50346.147    31.8449     80.317    6.67209     8.4111     8.4285    24.7358   12.02678 4.6783e-02     81.091 0.0000e+00
        679 204.380376    0.04708     2.8250    169.500  1025.1081  50348.730    31.8460     80.540    6.67268     8.4055     8.4243    24.7373   12.02774 4.6729e-02     81.316 0.0000e+00
        680 204.380379    0.04715     2.8292    169.750  1025.1112  50352.585    31.8478     80.748    6.67337     8.4001     8.4191    24.7394   12.02886 4.6686e-02     81.526 0.0000e+00
