CTD-processing/allCTD/CNV--homogene/2014_12-17_t9_s06_cast167.cnv
* Sea-Bird SBE19plus Data File:
* FileName = C:\Users\kris.holderied\Documents\kasitsna\Research-Projects-and-Data\Oceanography-AK\CTD-Data-ALL-to-2014-10\2014-CTD-KachemakBay-CookInlet\2014-12-17-CookInlet-HomerSpit-monthly\2014-12-17-CookInlet-Tran9-cast167.hex
* Software Version 1.59
* Temperature SN =  4141
* Conductivity SN =  4141
* System UpLoad Time = Jan 16 2015 13:07:14
** Cook Inlet LTM Tran9 (Homer Spit) North to South
** Date: 12-17
** Station: 9-06
** Start time:  11:57
** Depth (m): 100
** Comment:  CTD time is local time (AKST).
** Comment: On Kasitsna Bay Lab R/V Banacle.
# nquan = 17
# nvalues = 736                         
# units = specified
# name 0 = scan: Scan Count
# name 1 = timeJ: Julian Days
# name 2 = timeH: Time, Elapsed [hours]
# name 3 = timeM: Time, Elapsed [minutes]
# name 4 = timeS: Time, Elapsed [seconds]
# name 5 = density00: Density [density, kg/m^3]
# name 6 = specc: Specific Conductance [uS/cm]
# name 7 = sal00: Salinity, Practical [PSU]
# name 8 = depSM: Depth [salt water, m], lat = 59.00
# name 9 = oxsolML/L: Oxygen Saturation, Garcia & Gordon [ml/l]
# name 10 = potemp090C: Potential Temperature [ITS-90, deg C]
# name 11 = tv290C: Temperature [ITS-90, deg C]
# name 12 = sigma-é00: Density [sigma-theta, kg/m^3]
# name 13 = n2satML/L: Nitrogen Saturation [ml/l]
# name 14 = par: PAR/Irradiance, Biospherical/Licor
# name 15 = prdM: Pressure, Strain Gauge [db]
# name 16 = flag:  0.000e+00
# span 0 =          1,        736       
# span 1 = 351.498495, 351.500622       
# span 2 =    0.00000,    0.05104       
# span 3 =     0.0000,     3.0625       
# span 4 =      0.000,    183.750       
# span 5 =  1003.7597,  1024.5058       
# span 6 =   8808.347,  49137.693       
# span 7 =     4.7894,    30.9463       
# span 8 =     -0.199,     93.013       
# span 9 =    6.75812,    8.53363       
# span 10 =     5.5645,     8.1108      
# span 11 =     5.5644,     8.1197      
# span 12 =     3.7606,    24.0765      
# span 13 =   12.18013,   15.50374      
# span 14 = 3.6382e-02, 4.0667e+01      
# span 15 =     -0.200,     93.912      
# span 16 = 0.0000e+00, 0.0000e+00      
# interval = seconds: 0.25
# start_time = Dec 17 2014 11:57:50 [Instrument's time stamp, header]
# bad_flag = -9.990e-29
*END*
[from data line 341]
        342 351.499482    0.02368     1.4208     85.250  1023.8224  48546.150    30.3528      6.767    6.99967     6.7770     6.7587    23.7908   12.58721 1.2936e+00      6.831 0.0000e+00
        343 351.499485    0.02375     1.4250     85.500  1023.8248  48549.136    30.3565      6.923    6.99791     6.7849     6.7685    23.7925   12.58425 1.2078e+00      6.988 0.0000e+00
        344 351.499488    0.02382     1.4292     85.750  1023.8266  48551.061    30.3593      7.085    6.99630     6.7917     6.7776    23.7936   12.58156 1.1176e+00      7.152 0.0000e+00
        345 351.499491    0.02389     1.4333     86.000  1023.8291  48554.188    30.3627      7.251    6.99486     6.7979     6.7855    23.7953   12.57913 1.0305e+00      7.320 0.0000e+00
        346 351.499494    0.02396     1.4375     86.250  1023.8325  48559.007    30.3671      7.419    6.99355     6.8041     6.7923    23.7979   12.57690 9.4827e-01      7.489 0.0000e+00
        347 351.499497    0.02403     1.4417     86.500  1023.8371  48566.016    30.3730      7.587    6.99227     6.8109     6.7985    23.8018   12.57471 8.6595e-01      7.659 0.0000e+00
        348 351.499499    0.02410     1.4458     86.750  1023.8434  48576.051    30.3809      7.759    6.99090     6.8189     6.8047    23.8072   12.57234 7.7865e-01      7.832 0.0000e+00
        349 351.499502    0.02417     1.4500     87.000  1023.8507  48588.069    30.3903      7.934    6.98936     6.8283     6.8115    23.8138   12.56967 6.8631e-01      8.010 0.0000e+00
        350 351.499505    0.02424     1.4542     87.250  1023.8582  48600.263    30.4000      8.114    6.98761     6.8391     6.8196    23.8204   12.56665 5.9387e-01      8.191 0.0000e+00
        351 351.499508    0.02431     1.4583     87.500  1023.8661  48613.149    30.4105      8.294    6.98560     6.8517     6.8290    23.8274   12.56320 5.0716e-01      8.373 0.0000e+00
        352 351.499511    0.02438     1.4625     87.750  1023.8749  48627.885    30.4224      8.473    6.98329     6.8661     6.8398    23.8355   12.55923 4.2937e-01      8.553 0.0000e+00
        353 351.499514    0.02444     1.4667     88.000  1023.8842  48643.279    30.4352      8.649    6.98067     6.8820     6.8524    23.8439   12.55473 3.6152e-01      8.730 0.0000e+00
        354 351.499517    0.02451     1.4708     88.250  1023.8921  48656.306    30.4466      8.822    6.97780     6.8979     6.8669    23.8511   12.54984 3.0325e-01      8.905 0.0000e+00
        355 351.499520    0.02458     1.4750     88.500  1023.8969  48663.528    30.4542      8.992    6.97488     6.9126     6.8828    23.8550   12.54492 2.5437e-01      9.077 0.0000e+00
        356 351.499523    0.02465     1.4792     88.750  1023.8981  48664.177    30.4573      9.158    6.97215     6.9251     6.8988    23.8554   12.54037 2.1723e-01      9.245 0.0000e+00
        357 351.499525    0.02472     1.4833     89.000  1023.8972  48661.119    30.4576      9.317    6.96977     6.9353     6.9134    23.8538   12.53643 1.9423e-01      9.405 0.0000e+00
        358 351.499528    0.02479     1.4875     89.250  1023.8957  48657.035    30.4568      9.467    6.96779     6.9435     6.9259    23.8516   12.53316 1.8015e-01      9.556 0.0000e+00
        359 351.499531    0.02486     1.4917     89.500  1023.8944  48653.385    30.4559      9.617    6.96618     6.9501     6.9361    23.8497   12.53050 1.6311e-01      9.708 0.0000e+00
        360 351.499534    0.02493     1.4958     89.750  1023.8940  48651.320    30.4558      9.778    6.96486     6.9556     6.9443    23.8485   12.52832 1.3701e-01      9.870 0.0000e+00
        361 351.499537    0.02500     1.5000     90.000  1023.8944  48650.660    30.4564      9.957    6.96376     6.9603     6.9510    23.8481   12.52650 1.0638e-01     10.051 0.0000e+00
        362 351.499540    0.02507     1.5042     90.250  1023.8952  48650.378    30.4571     10.151    6.96283     6.9643     6.9565    23.8479   12.52495 8.0111e-02     10.247 0.0000e+00
        363 351.499543    0.02514     1.5083     90.500  1023.8960  48650.195    30.4577     10.355    6.96205     6.9677     6.9612    23.8478   12.52364 6.2619e-02     10.453 0.0000e+00
        364 351.499546    0.02521     1.5125     90.750  1023.8971  48650.664    30.4586     10.564    6.96136     6.9710     6.9652    23.8480   12.52250 5.2124e-02     10.664 0.0000e+00
        365 351.499549    0.02528     1.5167     91.000  1023.8988  48652.076    30.4600     10.773    6.96074     6.9742     6.9686    23.8487   12.52145 4.5827e-02     10.875 0.0000e+00
        366 351.499552    0.02535     1.5208     91.250  1023.9008  48654.042    30.4618     10.979    6.96014     6.9774     6.9719    23.8497   12.52043 4.2049e-02     11.082 0.0000e+00
        367 351.499554    0.02542     1.5250     91.500  1023.9028  48656.062    30.4637     11.177    6.95953     6.9806     6.9751    23.8507   12.51941 3.9782e-02     11.283 0.0000e+00
        368 351.499557    0.02549     1.5292     91.750  1023.9046  48657.838    30.4654     11.367    6.95893     6.9838     6.9784    23.8517   12.51839 3.8422e-02     11.475 0.0000e+00
        369 351.499560    0.02556     1.5333     92.000  1023.9062  48659.247    30.4669     11.551    6.95834     6.9868     6.9816    23.8524   12.51740 3.7606e-02     11.660 0.0000e+00
        370 351.499563    0.02562     1.5375     92.250  1023.9076  48660.442    30.4681     11.730    6.95778     6.9898     6.9848    23.8530   12.51645 3.7116e-02     11.841 0.0000e+00
        371 351.499566    0.02569     1.5417     92.500  1023.9092  48661.997    30.4696     11.903    6.95722     6.9930     6.9878    23.8538   12.51551 3.6823e-02     12.016 0.0000e+00
        372 351.499569    0.02576     1.5458     92.750  1023.9111  48664.206    30.4716     12.069    6.95664     6.9965     6.9908    23.8550   12.51453 3.6646e-02     12.184 0.0000e+00
        373 351.499572    0.02583     1.5500     93.000  1023.9132  48666.715    30.4738     12.230    6.95602     7.0002     6.9940    23.8563   12.51348 3.6540e-02     12.346 0.0000e+00
        374 351.499575    0.02590     1.5542     93.250  1023.9153  48669.217    30.4760     12.389    6.95536     7.0043     6.9975    23.8576   12.51235 3.6477e-02     12.506 0.0000e+00
        375 351.499578    0.02597     1.5583     93.500  1023.9173  48671.687    30.4783     12.547    6.95465     7.0086     7.0013    23.8589   12.51115 3.6439e-02     12.665 0.0000e+00
        376 351.499580    0.02604     1.5625     93.750  1023.9194  48674.303    30.4807     12.704    6.95388     7.0135     7.0054    23.8603   12.50985 3.6416e-02     12.824 0.0000e+00
        377 351.499583    0.02611     1.5667     94.000  1023.9221  48677.934    30.4839     12.863    6.95304     7.0193     7.0097    23.8623   12.50841 3.6403e-02     12.985 0.0000e+00
        378 351.499586    0.02618     1.5708     94.250  1023.9263  48684.325    30.4891     13.026    6.95202     7.0271     7.0146    23.8657   12.50667 3.6394e-02     13.150 0.0000e+00
        379 351.499589    0.02625     1.5750     94.500  1023.9329  48695.041    30.4974     13.196    6.95070     7.0377     7.0205    23.8715   12.50437 3.6389e-02     13.321 0.0000e+00
        380 351.499592    0.02632     1.5792     94.750  1023.9416  48709.653    30.5088     13.374    6.94892     7.0512     7.0283    23.8795   12.50129 3.6386e-02     13.501 0.0000e+00
        381 351.499595    0.02639     1.5833     95.000  1023.9512  48725.686    30.5216     13.558    6.94663     7.0672     7.0389    23.8882   12.49734 3.6385e-02     13.687 0.0000e+00
        382 351.499598    0.02646     1.5875     95.250  1023.9597  48739.757    30.5335     13.749    6.94391     7.0843     7.0525    23.8958   12.49268 3.6384e-02     13.880 0.0000e+00
        383 351.499601    0.02653     1.5917     95.500  1023.9656  48748.884    30.5425     13.948    6.94094     7.1012     7.0684    23.9007   12.48766 3.6383e-02     14.081 0.0000e+00
        384 351.499604    0.02660     1.5958     95.750  1023.9687  48752.942    30.5480     14.159    6.93795     7.1173     7.0855    23.9029   12.48264 3.6383e-02     14.293 0.0000e+00
        385 351.499606    0.02667     1.6000     96.000  1023.9706  48754.616    30.5519     14.381    6.93506     7.1329     7.1024    23.9038   12.47781 3.6382e-02     14.517 0.0000e+00
        386 351.499609    0.02674     1.6042     96.250  1023.9730  48757.158    30.5563     14.613    6.93227     7.1484     7.1186    23.9051   12.47314 3.6382e-02     14.751 0.0000e+00
        387 351.499612    0.02681     1.6083     96.500  1023.9765  48761.729    30.5619     14.851    6.92952     7.1638     7.1342    23.9075   12.46852 3.6382e-02     14.991 0.0000e+00
        388 351.499615    0.02688     1.6125     96.750  1023.9799  48766.051    30.5674     15.092    6.92680     7.1790     7.1497    23.9098   12.46395 3.6382e-02     15.235 0.0000e+00
        389 351.499618    0.02694     1.6167     97.000  1023.9822  48768.370    30.5715     15.336    6.92414     7.1933     7.1652    23.9110   12.45950 3.6382e-02     15.481 0.0000e+00
        390 351.499621    0.02701     1.6208     97.250  1023.9836  48768.964    30.5743     15.583    6.92159     7.2065     7.1803    23.9112   12.45525 3.6382e-02     15.731 0.0000e+00
        391 351.499624    0.02708     1.6250     97.500  1023.9838  48767.369    30.5755     15.832    6.91924     7.2181     7.1947    23.9103   12.45135 3.6382e-02     15.983 0.0000e+00
        392 351.499627    0.02715     1.6292     97.750  1023.9832  48764.192    30.5753     16.082    6.91715     7.2284     7.2079    23.9084   12.44788 3.6382e-02     16.235 0.0000e+00
        393 351.499630    0.02722     1.6333     98.000  1023.9832  48762.333    30.5759     16.334    6.91527     7.2385     7.2195    23.9073   12.44477 3.6382e-02     16.489 0.0000e+00
        394 351.499633    0.02729     1.6375     98.250  1023.9855  48764.525    30.5790     16.591    6.91348     7.2498     7.2298    23.9084   12.44177 3.6382e-02     16.749 0.0000e+00
        395 351.499635    0.02736     1.6417     98.500  1023.9911  48772.683    30.5862     16.855    6.91155     7.2642     7.2399    23.9128   12.43849 3.6382e-02     17.015 0.0000e+00
        396 351.499638    0.02743     1.6458     98.750  1024.0003  48787.476    30.5982     17.128    6.90919     7.2827     7.2513    23.9207   12.43444 3.6382e-02     17.290 0.0000e+00
        397 351.499641    0.02750     1.6500     99.000  1024.0121  48806.957    30.6140     17.410    6.90620     7.3057     7.2657    23.9312   12.42928 3.6382e-02     17.575 0.0000e+00
        398 351.499644    0.02757     1.6542     99.250  1024.0244  48827.314    30.6311     17.698    6.90247     7.3315     7.2843    23.9422   12.42290 3.6382e-02     17.866 0.0000e+00
        399 351.499647    0.02764     1.6583     99.500  1024.0334  48841.721    30.6447     17.990    6.89821     7.3568     7.3073    23.9499   12.41568 3.6382e-02     18.160 0.0000e+00
        400 351.499650    0.02771     1.6625     99.750  1024.0353  48843.127    30.6498     18.279    6.89388     7.3786     7.3331    23.9504   12.40846 3.6382e-02     18.452 0.0000e+00
        401 351.499653    0.02778     1.6667    100.000  1024.0311  48833.389    30.6470     18.562    6.88999     7.3957     7.3584    23.9449   12.40205 3.6382e-02     18.738 0.0000e+00
        402 351.499656    0.02785     1.6708    100.250  1024.0251  48820.393    30.6414     18.835    6.88678     7.4087     7.3803    23.9377   12.39682 3.6382e-02     19.013 0.0000e+00
        403 351.499659    0.02792     1.6750    100.500  1024.0201  48809.360    30.6364     19.098    6.88429     7.4188     7.3974    23.9315   12.39276 3.6382e-02     19.279 0.0000e+00
        404 351.499661    0.02799     1.6792    100.750  1024.0172  48802.248    30.6335     19.354    6.88236     7.4272     7.4104    23.9275   12.38961 3.6382e-02     19.537 0.0000e+00
        405 351.499664    0.02806     1.6833    101.000  1024.0162  48798.582    30.6325     19.607    6.88081     7.4344     7.4206    23.9253   12.38705 3.6382e-02     19.792 0.0000e+00
        406 351.499667    0.02813     1.6875    101.250  1024.0160  48796.277    30.6322     19.858    6.87950     7.4408     7.4290    23.9239   12.38489 3.6382e-02     20.046 0.0000e+00
        407 351.499670    0.02819     1.6917    101.500  1024.0161  48794.619    30.6321     20.106    6.87836     7.4467     7.4362    23.9229   12.38300 3.6382e-02     20.297 0.0000e+00
        408 351.499673    0.02826     1.6958    101.750  1024.0172  48794.654    30.6330     20.348    6.87731     7.4531     7.4426    23.9228   12.38126 3.6382e-02     20.541 0.0000e+00
        409 351.499676    0.02833     1.7000    102.000  1024.0200  48798.027    30.6362     20.583    6.87622     7.4612     7.4485    23.9245   12.37942 3.6382e-02     20.778 0.0000e+00
        410 351.499679    0.02840     1.7042    102.250  1024.0254  48806.147    30.6428     20.816    6.87491     7.4718     7.4550    23.9288   12.37716 3.6382e-02     21.013 0.0000e+00
        411 351.499682    0.02847     1.7083    102.500  1024.0321  48816.742    30.6514     21.050    6.87324     7.4845     7.4631    23.9345   12.37429 3.6382e-02     21.250 0.0000e+00
        412 351.499685    0.02854     1.7125    102.750  1024.0382  48826.271    30.6596     21.287    6.87121     7.4991     7.4737    23.9395   12.37083 3.6382e-02     21.490 0.0000e+00
        413 351.499687    0.02861     1.7167    103.000  1024.0437  48834.474    30.6672     21.530    6.86885     7.5152     7.4865    23.9438   12.36683 3.6382e-02     21.735 0.0000e+00
        414 351.499690    0.02868     1.7208    103.250  1024.0485  48841.584    30.6744     21.778    6.86623     7.5326     7.5011    23.9475   12.36240 3.6382e-02     21.985 0.0000e+00
        415 351.499693    0.02875     1.7250    103.500  1024.0533  48848.651    30.6818     22.027    6.86336     7.5518     7.5172    23.9511   12.35757 3.6382e-02     22.237 0.0000e+00
        416 351.499696    0.02882     1.7292    103.750  1024.0590  48857.555    30.6907     22.274    6.86022     7.5728     7.5346    23.9557   12.35226 3.6382e-02     22.486 0.0000e+00
        417 351.499699    0.02889     1.7333    104.000  1024.0652  48867.322    30.7004     22.515    6.85677     7.5953     7.5538    23.9608   12.34643 3.6382e-02     22.729 0.0000e+00
        418 351.499702    0.02896     1.7375    104.250  1024.0702  48875.057    30.7091     22.752    6.85307     7.6185     7.5749    23.9648   12.34020 3.6382e-02     22.969 0.0000e+00
        419 351.499705    0.02903     1.7417    104.500  1024.0742  48880.906    30.7167     22.986    6.84921     7.6424     7.5974    23.9677   12.33372 3.6382e-02     23.205 0.0000e+00
        420 351.499708    0.02910     1.7458    104.750  1024.0787  48887.907    30.7251     23.217    6.84520     7.6668     7.6206    23.9712   12.32697 3.6382e-02     23.438 0.0000e+00
        421 351.499711    0.02917     1.7500    105.000  1024.0830  48894.492    30.7334     23.446    6.84108     7.6905     7.6446    23.9744   12.32006 3.6382e-02     23.669 0.0000e+00
        422 351.499714    0.02924     1.7542    105.250  1024.0843  48895.502    30.7379     23.678    6.83706     7.7123     7.6690    23.9746   12.31335 3.6382e-02     23.903 0.0000e+00
        423 351.499716    0.02931     1.7583    105.500  1024.0827  48891.215    30.7386     23.913    6.83332     7.7319     7.6928    23.9719   12.30715 3.6382e-02     24.141 0.0000e+00
        424 351.499719    0.02937     1.7625    105.750  1024.0813  48887.460    30.7393     24.152    6.82989     7.7508     7.7146    23.9695   12.30147 3.6382e-02     24.382 0.0000e+00
        425 351.499722    0.02944     1.7667    106.000  1024.0832  48889.514    30.7438     24.392    6.82663     7.7707     7.7342    23.9703   12.29602 3.6382e-02     24.625 0.0000e+00
