CTD-processing/allCTD/CNV--homogene/2014_02-15_t4_s08_cast187.cnv
* Sea-Bird SBE19plus Data File:
* FileName = C:\Users\kris.holderied\Documents\kasitsna\Research-Projects-and-Data\Oceanography-AK\CTD-CookInlet-GulfWatchAK\2014-02-EVOSTC-CookInlet-LTM-BATCH-UPLOAD\2014-02-CookInlet-Seasonal-cast187.hex
* Software Version 1.59
* Temperature SN =  5028
* Conductivity SN =  5028
* System UpLoad Time = Apr 09 2014 20:22:53
** Cook Inlet LTM 2014 February Seasonal - Batch upload
** Date: 2014-02-15
** Station: 4-08
** Start time: 15:16
** Depth (m): 30
** CoComment:
** Comment:
# nquan = 17
# nvalues = 395                         
# units = specified
# name 0 = scan: Scan Count
# name 1 = timeJ: Julian Days
# name 2 = timeH: Time, Elapsed [hours]
# name 3 = timeM: Time, Elapsed [minutes]
# name 4 = timeS: Time, Elapsed [seconds]
# name 5 = density00: Density [density, kg/m^3]
# name 6 = specc: Specific Conductance [uS/cm]
# name 7 = sal00: Salinity, Practical [PSU]
# name 8 = depSM: Depth [salt water, m], lat = 59.00
# name 9 = oxsolML/L: Oxygen Saturation, Garcia & Gordon [ml/l]
# name 10 = potemp090C: Potential Temperature [ITS-90, deg C]
# name 11 = tv290C: Temperature [ITS-90, deg C]
# name 12 = sigma-é00: Density [sigma-theta, kg/m^3]
# name 13 = n2satML/L: Nitrogen Saturation [ml/l]
# name 14 = par: PAR/Irradiance, Biospherical/Licor
# name 15 = prdM: Pressure, Strain Gauge [db]
# name 16 = flag:  0.000e+00
# span 0 =          1,        395       
# span 1 =  46.636030,  46.637170       
# span 2 =    0.00000,    0.02736       
# span 3 =     0.0000,     1.6417       
# span 4 =      0.000,     98.500       
# span 5 =   999.9385,  1025.2606       
# span 6 =    301.185,  51415.414       
# span 7 =     0.1315,    31.7006       
# span 8 =     -0.495,     30.246       
# span 9 =    7.34754,   10.26584       
# span 10 =    -0.1564,     4.3393      
# span 11 =    -0.1564,     4.3409      
# span 12 =    -0.0589,    25.1749      
# span 13 =   13.14486,   18.47854      
# span 14 = 3.5988e-01, 1.0644e+02      
# span 15 =     -0.500,     30.534      
# span 16 = 0.0000e+00, 0.0000e+00      
# interval = seconds: 0.25
# start_time = Feb 15 2014 15:15:53 [Instrument's time stamp, header]
# bad_flag = -9.990e-29
*END*
[from data line 86]
         87  46.636279    0.00597     0.3583     21.500  1024.5592  50219.373    30.9231      0.957    7.46706     3.8969     3.8899    24.5547   13.35219 5.0295e+01      0.966 0.0000e+00
         88  46.636282    0.00604     0.3625     21.750  1024.6114  50315.732    30.9893      0.908    7.46321     3.9028     3.8927    24.6071   13.34496 5.1005e+01      0.917 0.0000e+00
         89  46.636285    0.00611     0.3667     22.000  1024.6722  50427.896    31.0665      0.857    7.45856     3.9096     3.8969    24.6681   13.33626 5.2190e+01      0.866 0.0000e+00
         90  46.636288    0.00618     0.3708     22.250  1024.7272  50529.061    31.1367      0.811    7.45396     3.9159     3.9028    24.7234   13.32774 5.2916e+01      0.819 0.0000e+00
         91  46.636291    0.00625     0.3750     22.500  1024.7730  50612.853    31.1954      0.777    7.44976     3.9207     3.9096    24.7693   13.32004 5.2471e+01      0.784 0.0000e+00
         92  46.636293    0.00632     0.3792     22.750  1024.8099  50680.129    31.2426      0.760    7.44622     3.9231     3.9160    24.8063   13.31358 5.1395e+01      0.767 0.0000e+00
         93  46.636296    0.00639     0.3833     23.000  1024.8368  50728.860    31.2769      0.766    7.44363     3.9221     3.9208    24.8331   13.30885 5.0448e+01      0.773 0.0000e+00
         94  46.636299    0.00646     0.3875     23.250  1024.8488  50750.407    31.2922      0.797    7.44244     3.9162     3.9231    24.8450   13.30669 4.9951e+01      0.804 0.0000e+00
         95  46.636302    0.00653     0.3917     23.500  1024.8388  50731.762    31.2792      0.850    7.44328     3.9020     3.9222    24.8348   13.30825 4.9567e+01      0.857 0.0000e+00
         96  46.636305    0.00660     0.3958     23.750  1024.7984  50657.717    31.2274      0.914    7.44699     3.8743     3.9163    24.7941   13.31505 4.8914e+01      0.923 0.0000e+00
         97  46.636308    0.00667     0.4000     24.000  1024.7221  50518.768    31.1294      0.979    7.45453     3.8251     3.9021    24.7175   13.32878 4.8122e+01      0.988 0.0000e+00
         98  46.636311    0.00674     0.4042     24.250  1024.6281  50349.481    31.0075      1.032    7.46577     3.7486     3.8743    24.6232   13.34895 4.7425e+01      1.042 0.0000e+00
         99  46.636314    0.00681     0.4083     24.500  1024.5642  50240.192    30.9213      1.067    7.47915     3.6520     3.8252    24.5591   13.37216 4.7059e+01      1.077 0.0000e+00
        100  46.636317    0.00688     0.4125     24.750  1024.5691  50263.455    30.9186      1.081    7.49333     3.5572     3.7487    24.5639   13.39561 4.7170e+01      1.091 0.0000e+00
        101  46.636319    0.00694     0.4167     25.000  1024.6418  50416.630    30.9992      1.076    7.50703     3.4857     3.6521    24.6367   13.41716 4.7713e+01      1.086 0.0000e+00
        102  46.636322    0.00701     0.4208     25.250  1024.7515  50638.136    31.1264      1.056    7.51806     3.4488     3.5573    24.7464   13.43368 4.8497e+01      1.066 0.0000e+00
        103  46.636325    0.00708     0.4250     25.500  1024.8600  50853.393    31.2549      1.029    7.52472     3.4489     3.4858    24.8551   13.44298 4.9167e+01      1.038 0.0000e+00
        104  46.636328    0.00715     0.4292     25.750  1024.9409  51010.690    31.3526      1.000    7.52657     3.4808     3.4489    24.9361   13.44474 4.9439e+01      1.009 0.0000e+00
        105  46.636331    0.00722     0.4333     26.000  1024.9835  51089.546    31.4062      0.978    7.52382     3.5326     3.4489    24.9788   13.43949 4.9460e+01      0.987 0.0000e+00
        106  46.636334    0.00729     0.4375     26.250  1024.9934  51101.244    31.4222      0.967    7.51709     3.5910     3.4808    24.9887   13.42818 4.9649e+01      0.977 0.0000e+00
        107  46.636337    0.00736     0.4417     26.500  1024.9826  51070.808    31.4145      0.973    7.50790     3.6454     3.5326    24.9780   13.41311 4.9972e+01      0.982 0.0000e+00
        108  46.636340    0.00743     0.4458     26.750  1024.9539  51005.793    31.3849      0.993    7.49862     3.6873     3.5910    24.9491   13.39819 5.0021e+01      1.002 0.0000e+00
        109  46.636343    0.00750     0.4500     27.000  1024.8999  50895.017    31.3230      1.019    7.49173     3.7103     3.6455    24.8950   13.38763 4.9738e+01      1.029 0.0000e+00
        110  46.636345    0.00757     0.4542     27.250  1024.8166  50732.561    31.2229      1.041    7.48908     3.7096     3.6874    24.8116   13.38457 4.9370e+01      1.052 0.0000e+00
        111  46.636348    0.00764     0.4583     27.500  1024.7201  50549.474    31.1042      1.052    7.49088     3.6812     3.7104    24.7151   13.38911 4.9078e+01      1.062 0.0000e+00
        112  46.636351    0.00771     0.4625     27.750  1024.6448  50410.335    31.0095      1.045    7.49583     3.6266     3.7096    24.6398   13.39853 4.9003e+01      1.055 0.0000e+00
        113  46.636354    0.00778     0.4667     28.000  1024.6166  50363.761    30.9709      1.017    7.50303     3.5586     3.6812    24.6117   13.41092 4.9466e+01      1.027 0.0000e+00
        114  46.636357    0.00785     0.4708     28.250  1024.6402  50418.391    30.9947      0.973    7.51190     3.4959     3.6266    24.6355   13.42526 5.0403e+01      0.982 0.0000e+00
        115  46.636360    0.00792     0.4750     28.500  1024.7047  50551.552    31.0685      0.917    7.52071     3.4524     3.5586    24.7003   13.43882 5.1400e+01      0.925 0.0000e+00
        116  46.636363    0.00799     0.4792     28.750  1024.7922  50726.595    31.1719      0.856    7.52705     3.4344     3.4960    24.7881   13.44792 5.2277e+01      0.864 0.0000e+00
        117  46.636366    0.00806     0.4833     29.000  1024.8846  50906.929    31.2835      0.799    7.52941     3.4431     3.4525    24.8808   13.45034 5.2825e+01      0.807 0.0000e+00
        118  46.636369    0.00813     0.4875     29.250  1024.9658  51061.124    31.3837      0.757    7.52765     3.4777     3.4344    24.9622   13.44611 5.2904e+01      0.764 0.0000e+00
        119  46.636372    0.00819     0.4917     29.500  1025.0264  51171.693    31.4609      0.736    7.52210     3.5340     3.4431    25.0229   13.43594 5.2680e+01      0.743 0.0000e+00
        120  46.636374    0.00826     0.4958     29.750  1025.0658  51237.572    31.5143      0.740    7.51298     3.6024     3.4777    25.0623   13.42019 5.2050e+01      0.747 0.0000e+00
        121  46.636377    0.00833     0.5000     30.000  1025.0847  51260.993    31.5442      0.771    7.50108     3.6716     3.5340    25.0810   13.40015 5.0747e+01      0.778 0.0000e+00
        122  46.636380    0.00840     0.5042     30.250  1025.0802  51238.713    31.5460      0.827    7.48837     3.7321     3.6024    25.0763   13.37916 4.9135e+01      0.835 0.0000e+00
        123  46.636383    0.00847     0.5083     30.500  1025.0503  51169.216    31.5158      0.903    7.47718     3.7775     3.6716    25.0460   13.36109 4.7624e+01      0.912 0.0000e+00
        124  46.636386    0.00854     0.5125     30.750  1024.9947  51054.090    31.4523      0.990    7.46928     3.8034     3.7321    24.9900   13.34889 4.6218e+01      1.000 0.0000e+00
        125  46.636389    0.00861     0.5167     31.000  1024.9114  50890.746    31.3523      1.076    7.46601     3.8064     3.7776    24.9063   13.34481 4.5027e+01      1.087 0.0000e+00
        126  46.636392    0.00868     0.5208     31.250  1024.8053  50689.124    31.2215      1.149    7.46787     3.7823     3.8035    24.7999   13.34960 4.4254e+01      1.160 0.0000e+00
        127  46.636395    0.00875     0.5250     31.500  1024.7014  50496.064    31.0909      1.198    7.47392     3.7303     3.8065    24.6958   13.36131 4.3968e+01      1.210 0.0000e+00
        128  46.636398    0.00882     0.5292     31.750  1024.6345  50376.494    31.0038      1.220    7.48276     3.6614     3.7824    24.6287   13.37704 4.4218e+01      1.231 0.0000e+00
        129  46.636400    0.00889     0.5333     32.000  1024.6245  50367.796    30.9854      1.212    7.49326     3.5945     3.7304    24.6188   13.39461 4.5055e+01      1.223 0.0000e+00
        130  46.636403    0.00896     0.5375     32.250  1024.6653  50456.638    31.0290      1.179    7.50373     3.5437     3.6615    24.6597   13.41132 4.6339e+01      1.190 0.0000e+00
        131  46.636406    0.00903     0.5417     32.500  1024.7368  50602.279    31.1117      1.128    7.51187     3.5148     3.5945    24.7315   13.42366 4.7550e+01      1.139 0.0000e+00
        132  46.636409    0.00910     0.5458     32.750  1024.8189  50764.684    31.2095      1.071    7.51625     3.5088     3.5438    24.8139   13.42961 4.8127e+01      1.081 0.0000e+00
        133  46.636412    0.00917     0.5500     33.000  1024.8928  50907.509    31.2994      1.017    7.51700     3.5244     3.5149    24.8880   13.42966 4.8092e+01      1.026 0.0000e+00
        134  46.636415    0.00924     0.5542     33.250  1024.9420  51000.102    31.3608      0.975    7.51499     3.5561     3.5088    24.9374   13.42553 4.8022e+01      0.984 0.0000e+00
        135  46.636418    0.00931     0.5583     33.500  1024.9567  51024.201    31.3811      0.947    7.51106     3.5919     3.5245    24.9522   13.41877 4.8346e+01      0.956 0.0000e+00
        136  46.636421    0.00937     0.5625     33.750  1024.9350  50977.894    31.3575      0.928    7.50639     3.6191     3.5562    24.9306   13.41138 4.8919e+01      0.937 0.0000e+00
        137  46.636424    0.00944     0.5667     34.000  1024.8825  50873.707    31.2956      0.912    7.50294     3.6298     3.5920    24.8781   13.40650 4.9486e+01      0.920 0.0000e+00
        138  46.636427    0.00951     0.5708     34.250  1024.8185  50750.142    31.2184      0.892    7.50185     3.6195     3.6192    24.8142   13.40571 4.9985e+01      0.900 0.0000e+00
        139  46.636429    0.00958     0.5750     34.500  1024.7735  50664.923    31.1632      0.865    7.50267     3.5900     3.6299    24.7693   13.40780 5.0393e+01      0.872 0.0000e+00
        140  46.636432    0.00965     0.5792     34.750  1024.7687  50658.446    31.1563      0.828    7.50494     3.5556     3.6195    24.7648   13.41163 5.0809e+01      0.835 0.0000e+00
        141  46.636435    0.00972     0.5833     35.000  1024.8098  50740.572    31.2048      0.785    7.50792     3.5353     3.5900    24.8060   13.41592 5.1161e+01      0.793 0.0000e+00
        142  46.636438    0.00979     0.5875     35.250  1024.8863  50889.270    31.2973      0.745    7.50957     3.5418     3.5557    24.8827   13.41742 5.1091e+01      0.752 0.0000e+00
        143  46.636441    0.00986     0.5917     35.500  1024.9740  51055.846    31.4054      0.719    7.50783     3.5780     3.5354    24.9706   13.41312 5.0777e+01      0.725 0.0000e+00
        144  46.636444    0.00993     0.5958     35.750  1025.0490  51193.444    31.5004      0.717    7.50182     3.6356     3.5419    25.0456   13.40195 5.0751e+01      0.723 0.0000e+00
        145  46.636447    0.01000     0.6000     36.000  1025.0985  51277.762    31.5666      0.743    7.49180     3.7008     3.5780    25.0950   13.38456 5.0582e+01      0.750 0.0000e+00
        146  46.636450    0.01007     0.6042     36.250  1025.1191  51304.090    31.5988      0.795    7.47958     3.7625     3.6357    25.1153   13.36396 4.9306e+01      0.802 0.0000e+00
        147  46.636453    0.01014     0.6083     36.500  1025.1146  51282.604    31.6002      0.868    7.46755     3.8148     3.7009    25.1105   13.34409 4.7001e+01      0.876 0.0000e+00
        148  46.636455    0.01021     0.6125     36.750  1025.0929  51230.203    31.5796      0.955    7.45728     3.8547     3.7626    25.0884   13.32741 4.4556e+01      0.964 0.0000e+00
        149  46.636458    0.01028     0.6167     37.000  1025.0595  51157.909    31.5431      1.051    7.44956     3.8806     3.8149    25.0546   13.31514 4.2541e+01      1.061 0.0000e+00
        150  46.636461    0.01035     0.6208     37.250  1025.0145  51066.495    31.4905      1.147    7.44492     3.8907     3.8548    25.0091   13.30817 4.1182e+01      1.158 0.0000e+00
        151  46.636464    0.01042     0.6250     37.500  1024.9534  50948.180    31.4162      1.234    7.44395     3.8824     3.8807    24.9476   13.30755 4.0570e+01      1.246 0.0000e+00
        152  46.636467    0.01049     0.6292     37.750  1024.8748  50800.634    31.3182      1.300    7.44705     3.8517     3.8908    24.8687   13.31396 4.0609e+01      1.312 0.0000e+00
        153  46.636470    0.01056     0.6333     38.000  1024.7948  50654.053    31.2164      1.333    7.45369     3.7959     3.8825    24.7885   13.32625 4.1180e+01      1.346 0.0000e+00
        154  46.636473    0.01063     0.6375     38.250  1024.7451  50567.998    31.1504      1.327    7.46264     3.7219     3.8518    24.7389   13.34190 4.2321e+01      1.340 0.0000e+00
        155  46.636476    0.01069     0.6417     38.500  1024.7479  50583.795    31.1477      1.280    7.47300     3.6457     3.7960    24.7418   13.35903 4.4086e+01      1.292 0.0000e+00
        156  46.636479    0.01076     0.6458     38.750  1024.7998  50694.352    31.2049      1.197    7.48367     3.5838     3.7220    24.7941   13.37589 4.6308e+01      1.208 0.0000e+00
        157  46.636481    0.01083     0.6500     39.000  1024.8823  50862.314    31.3005      1.089    7.49284     3.5477     3.6458    24.8771   13.38976 4.8892e+01      1.099 0.0000e+00
        158  46.636484    0.01090     0.6542     39.250  1024.9742  51045.268    31.4097      0.968    7.49869     3.5437     3.5839    24.9696   13.39798 5.1816e+01      0.977 0.0000e+00
        159  46.636487    0.01097     0.6583     39.500  1025.0555  51203.731    31.5086      0.850    7.50031     3.5731     3.5478    25.0515   13.39935 5.4355e+01      0.858 0.0000e+00
        160  46.636490    0.01104     0.6625     39.750  1025.1169  51318.859    31.5859      0.747    7.49714     3.6290     3.5438    25.1134   13.39309 5.5524e+01      0.754 0.0000e+00
        161  46.636493    0.01111     0.6667     40.000  1025.1589  51391.114    31.6424      0.669    7.48887     3.6976     3.5731    25.1557   13.37871 5.5156e+01      0.675 0.0000e+00
        162  46.636496    0.01118     0.6708     40.250  1025.1778  51415.414    31.6728      0.622    7.47705     3.7658     3.6291    25.1749   13.35881 5.3928e+01      0.628 0.0000e+00
        163  46.636499    0.01125     0.6750     40.500  1025.1722  51391.836    31.6737      0.608    7.46442     3.8253     3.6977    25.1693   13.33796 5.2875e+01      0.614 0.0000e+00
        164  46.636502    0.01132     0.6792     40.750  1025.1491  51336.109    31.6526      0.625    7.45302     3.8722     3.7658    25.1462   13.31941 5.2134e+01      0.631 0.0000e+00
        165  46.636505    0.01139     0.6833     41.000  1025.1165  51264.382    31.6183      0.666    7.44388     3.9055     3.8253    25.1134   13.30478 5.0908e+01      0.673 0.0000e+00
        166  46.636508    0.01146     0.6875     41.250  1025.0784  51184.855    31.5755      0.725    7.43747     3.9258     3.8722    25.0750   13.29477 4.9062e+01      0.732 0.0000e+00
        167  46.636510    0.01153     0.6917     41.500  1025.0350  51097.960    31.5244      0.795    7.43397     3.9335     3.9055    25.0312   13.28967 4.7258e+01      0.802 0.0000e+00
        168  46.636513    0.01160     0.6958     41.750  1024.9837  50998.929    31.4618      0.870    7.43343     3.9284     3.9258    24.9796   13.28959 4.5875e+01      0.878 0.0000e+00
        169  46.636516    0.01167     0.7000     42.000  1024.9271  50892.460    31.3911      0.944    7.43557     3.9087     3.9336    24.9227   13.29405 4.4710e+01      0.953 0.0000e+00
        170  46.636519    0.01174     0.7042     42.250  1024.8798  50805.403    31.3306      1.015    7.43954     3.8750     3.9285    24.8750   13.30140 4.3578e+01      1.025 0.0000e+00
