CTD-processing/allCTD/CNV--homogene/2014_10-13_t3_s14_cast085.cnv
* Sea-Bird SBE19plus Data File:
* FileName = C:\Users\kris.holderied\Documents\kasitsna\Research-Projects-and-Data\Oceanography-AK\CTD-Data-ALL-to-2014-10\2014-CTD-KachemakBay-CookInlet\2014-10-EVOSTC-CookInlet\2014-10-13-CookInlet-Tran3-AnchorPt\2014-10-13-CookInlet-Tran3-cast085.hex
* Software Version 1.59
* Temperature SN =  4141
* Conductivity SN =  4141
* System UpLoad Time = Oct 13 2014 18:11:40
** Cook Inlet LTM Tran3 (Anchor Pt)  southeast to northwest
** Date: 10-13
** Station: 3-14
** Start time: 13:34
** Depth (m): 25
** Comment:  CTD time is Alaska Daylight time.  R/V Pandalus. Transducer  depth.
** Comment:
# nquan = 17
# nvalues = 467                         
# units = specified
# name 0 = scan: Scan Count
# name 1 = timeJ: Julian Days
# name 2 = timeH: Time, Elapsed [hours]
# name 3 = timeM: Time, Elapsed [minutes]
# name 4 = timeS: Time, Elapsed [seconds]
# name 5 = density00: Density [density, kg/m^3]
# name 6 = specc: Specific Conductance [uS/cm]
# name 7 = sal00: Salinity, Practical [PSU]
# name 8 = depSM: Depth [salt water, m], lat = 59.00
# name 9 = oxsolML/L: Oxygen Saturation, Garcia & Gordon [ml/l]
# name 10 = potemp090C: Potential Temperature [ITS-90, deg C]
# name 11 = tv290C: Temperature [ITS-90, deg C]
# name 12 = sigma-é00: Density [sigma-theta, kg/m^3]
# name 13 = n2satML/L: Nitrogen Saturation [ml/l]
# name 14 = par: PAR/Irradiance, Biospherical/Licor
# name 15 = prdM: Pressure, Strain Gauge [db]
# name 16 = flag:  0.000e+00
# span 0 =          1,        467       
# span 1 = 286.565683, 286.567031       
# span 2 =    0.00000,    0.03236       
# span 3 =     0.0000,     1.9417       
# span 4 =      0.000,    116.500       
# span 5 =   999.9420,  1023.3630       
# span 6 =    390.101,  47696.729       
# span 7 =     0.1955,    30.1940       
# span 8 =     -0.171,     25.771       
# span 9 =    6.55284,    8.09306       
# span 10 =     8.9019,     9.7194      
# span 11 =     8.9019,     9.7199      
# span 12 =    -0.0572,    23.2516      
# span 13 =   11.84945,   14.83305      
# span 14 = 3.6382e-02, 7.0768e+01      
# span 15 =     -0.172,     26.016      
# span 16 = 0.0000e+00, 0.0000e+00      
# interval = seconds: 0.25
# start_time = Oct 13 2014 13:34:35 [Instrument's time stamp, header]
# bad_flag = -9.990e-29
*END*
          1 286.565683    0.00000     0.0000      0.000   999.9420    390.101     0.1955     -0.150    8.09306     8.9258     8.9270    -0.0572   14.83305 6.1655e+01     -0.152 0.0000e+00
          2 286.565686    0.00007     0.0042      0.250   999.9727    455.148     0.2348     -0.152    8.09121     8.9239     8.9266    -0.0265   14.82938 5.5218e+01     -0.153 0.0000e+00
          3 286.565689    0.00014     0.0083      0.500  1000.0242    564.161     0.3005     -0.153    8.08815     8.9202     8.9258     0.0249   14.82332 4.8117e+01     -0.154 0.0000e+00
          4 286.565692    0.00021     0.0125      0.750  1000.1103    746.667     0.4105     -0.153    8.08313     8.9141     8.9239     0.1110   14.81333 4.4506e+01     -0.154 0.0000e+00
          5 286.565694    0.00028     0.0167      1.000  1000.2540   1051.621     0.5942     -0.153    8.07484     8.9066     8.9202     0.2547   14.79681 4.6540e+01     -0.154 0.0000e+00
          6 286.565697    0.00035     0.0208      1.250  1000.4939   1560.769     0.9008     -0.153    8.06098     8.9019     8.9141     0.4946   14.76921 5.3235e+01     -0.155 0.0000e+00
          7 286.565700    0.00042     0.0250      1.500  1000.8941   2410.552     1.4123     -0.153    8.03733     8.9070     8.9066     0.8948   14.72226 6.1197e+01     -0.155 0.0000e+00
          8 286.565703    0.00049     0.0292      1.750  1001.5609   3828.183     2.2654     -0.151    7.99638     8.9310     8.9019     1.5616   14.64140 6.6865e+01     -0.153 0.0000e+00
          9 286.565706    0.00056     0.0333      2.000  1002.6717   6191.927     3.6878     -0.146    7.92559     8.9857     8.9070     2.6724   14.50236 6.9331e+01     -0.147 0.0000e+00
         10 286.565709    0.00063     0.0375      2.250  1004.5220  10131.654     6.0585     -0.135    7.80458     9.0751     8.9310     4.5226   14.26550 7.0179e+01     -0.136 0.0000e+00
         11 286.565712    0.00069     0.0417      2.500  1006.9452  15262.544     9.1666     -0.117    7.64239     9.1814     8.9857     6.9458   13.94939 7.0768e+01     -0.118 0.0000e+00
         12 286.565715    0.00076     0.0458      2.750  1008.9388  19429.768    11.7301     -0.100    7.50241     9.2794     9.0751     8.9393   13.67900 6.9723e+01     -0.102 0.0000e+00
         13 286.565718    0.00083     0.0500      3.000  1009.2837  20183.543    12.1830     -0.097    7.46155     9.3549     9.1814     9.2842   13.60424 6.7173e+01     -0.098 0.0000e+00
         14 286.565720    0.00090     0.0542      3.250  1007.7630  17150.272    10.2427     -0.110    7.53558     9.4055     9.2794     7.7635   13.75455 6.4692e+01     -0.111 0.0000e+00
         15 286.565723    0.00097     0.0583      3.500  1005.6891  12948.935     7.5908     -0.131    7.64797     9.4357     9.3549     5.6898   13.97920 6.2464e+01     -0.132 0.0000e+00
         16 286.565726    0.00104     0.0625      3.750  1004.1621   9816.992     5.6379     -0.147    7.73232     9.4521     9.4055     4.1628   14.14766 6.0970e+01     -0.148 0.0000e+00
         17 286.565729    0.00111     0.0667      4.000  1003.1734   7772.082     4.3736     -0.157    7.78762     9.4597     9.4357     3.1742   14.25802 5.9818e+01     -0.158 0.0000e+00
         18 286.565732    0.00118     0.0708      4.250  1002.4959   6351.183     3.5072     -0.163    7.82657     9.4616     9.4521     2.4967   14.33555 5.8298e+01     -0.164 0.0000e+00
         19 286.565735    0.00125     0.0750      4.500  1002.0167   5330.091     2.8943     -0.166    7.85507     9.4598     9.4597     2.0176   14.39210 5.7174e+01     -0.168 0.0000e+00
         20 286.565738    0.00132     0.0792      4.750  1001.6857   4615.082     2.4708     -0.169    7.87550     9.4556     9.4616     1.6866   14.43248 5.6512e+01     -0.170 0.0000e+00
         21 286.565741    0.00139     0.0833      5.000  1001.4689   4141.377     2.1932     -0.170    7.88953     9.4497     9.4598     1.4698   14.46006 5.4999e+01     -0.171 0.0000e+00
         22 286.565744    0.00146     0.0875      5.250  1001.3288   3830.109     2.0135     -0.171    7.89925     9.4429     9.4556     1.3297   14.47901 5.3528e+01     -0.172 0.0000e+00
         23 286.565747    0.00153     0.0917      5.500  1001.2305   3604.338     1.8873     -0.171    7.90671     9.4356     9.4497     1.2313   14.49345 5.3798e+01     -0.172 0.0000e+00
         24 286.565749    0.00160     0.0958      5.750  1001.1641   3442.850     1.8019     -0.170    7.91242     9.4281     9.4429     1.1649   14.50439 5.4692e+01     -0.171 0.0000e+00
         25 286.565752    0.00167     0.1000      6.000  1001.1454   3381.740     1.7777     -0.169    7.91529     9.4208     9.4356     1.1462   14.50972 5.5159e+01     -0.170 0.0000e+00
         26 286.565755    0.00174     0.1042      6.250  1001.1946   3464.438     1.8404     -0.167    7.91401     9.4142     9.4281     1.1954   14.50688 5.5875e+01     -0.168 0.0000e+00
         27 286.565758    0.00181     0.1083      6.500  1001.3333   3733.485     2.0178     -0.164    7.90725     9.4086     9.4208     1.3341   14.49325 5.6792e+01     -0.165 0.0000e+00
         28 286.565761    0.00187     0.1125      6.750  1001.6013   4267.997     2.3612     -0.159    7.89255     9.4051     9.4142     1.6021   14.46406 5.6885e+01     -0.160 0.0000e+00
         29 286.565764    0.00194     0.1167      7.000  1002.0717   5214.405     2.9642     -0.151    7.86545     9.4050     9.4086     2.0724   14.41057 5.6104e+01     -0.152 0.0000e+00
         30 286.565767    0.00201     0.1208      7.250  1002.8735   6834.330     3.9927     -0.138    7.81802     9.4106     9.4051     2.8742   14.31727 5.4863e+01     -0.139 0.0000e+00
         31 286.565770    0.00208     0.1250      7.500  1004.2302   9582.994     5.7333     -0.116    7.73655     9.4254     9.4051     4.2308   14.15727 5.2985e+01     -0.116 0.0000e+00
         32 286.565773    0.00215     0.1292      7.750  1006.5157  14223.090     8.6661     -0.079    7.59807     9.4536     9.4106     6.5161   13.88559 5.0176e+01     -0.079 0.0000e+00
         33 286.565775    0.00222     0.1333      8.000  1010.1419  21546.362    13.3206     -0.019    7.37798     9.4947     9.4254    10.1420   13.45427 4.6262e+01     -0.019 0.0000e+00
         34 286.565778    0.00229     0.1375      8.250  1014.4684  30209.636    18.8770      0.071    7.11515     9.5409     9.4536    14.4681   12.93998 4.1175e+01      0.072 0.0000e+00
         35 286.565781    0.00236     0.1417      8.500  1017.9419  37123.127    23.3414      0.189    6.90228     9.5839     9.4947    17.9411   12.52449 3.4164e+01      0.191 0.0000e+00
         36 286.565784    0.00243     0.1458      8.750  1020.0784  41369.398    26.0911      0.325    6.76836     9.6189     9.5410    20.0770   12.26405 2.6491e+01      0.328 0.0000e+00
         37 286.565787    0.00250     0.1500      9.000  1021.3478  43895.279    27.7276      0.468    6.68636     9.6446     9.5840    21.3456   12.10521 2.0992e+01      0.473 0.0000e+00
         38 286.565790    0.00257     0.1542      9.250  1022.1006  45395.369    28.6997      0.612    6.63625     9.6621     9.6190    22.0978   12.00852 1.7664e+01      0.618 0.0000e+00
         39 286.565793    0.00264     0.1583      9.500  1022.5471  46285.863    29.2769      0.754    6.60576     9.6732     9.6447    22.5436   11.94987 1.6457e+01      0.761 0.0000e+00
         40 286.565796    0.00271     0.1625      9.750  1022.8107  46812.275    29.6179      0.888    6.58737     9.6791     9.6623    22.8066   11.91459 1.7387e+01      0.896 0.0000e+00
         41 286.565799    0.00278     0.1667     10.000  1022.9654  47121.570    29.8179      1.001    6.57645     9.6815     9.6734    22.9608   11.89366 1.9075e+01      1.011 0.0000e+00
         42 286.565802    0.00285     0.1708     10.250  1023.0586  47307.634    29.9382      1.086    6.57000     9.6827     9.6793    23.0536   11.88127 2.0572e+01      1.097 0.0000e+00
         43 286.565804    0.00292     0.1750     10.500  1023.1189  47427.205    30.0158      1.146    6.56607     9.6844     9.6816    23.1137   11.87366 2.1481e+01      1.157 0.0000e+00
         44 286.565807    0.00299     0.1792     10.750  1023.1589  47505.762    30.0671      1.186    6.56354     9.6866     9.6828    23.1535   11.86877 2.2284e+01      1.197 0.0000e+00
         45 286.565810    0.00306     0.1833     11.000  1023.1835  47554.004    30.0988      1.209    6.56185     9.6889     9.6845    23.1780   11.86554 2.3744e+01      1.220 0.0000e+00
         46 286.565813    0.00313     0.1875     11.250  1023.1970  47580.975    30.1166      1.216    6.56071     9.6909     9.6867    23.1915   11.86340 2.6032e+01      1.228 0.0000e+00
         47 286.565816    0.00319     0.1917     11.500  1023.2041  47595.476    30.1262      1.211    6.55993     9.6925     9.6890    23.1986   11.86198 2.9021e+01      1.222 0.0000e+00
         48 286.565819    0.00326     0.1958     11.750  1023.2081  47603.734    30.1317      1.197    6.55939     9.6937     9.6910    23.2026   11.86099 3.2248e+01      1.208 0.0000e+00
         49 286.565822    0.00333     0.2000     12.000  1023.2103  47608.643    30.1351      1.181    6.55900     9.6947     9.6926    23.2049   11.86030 3.4381e+01      1.191 0.0000e+00
         50 286.565825    0.00340     0.2042     12.250  1023.2116  47611.460    30.1370      1.168    6.55873     9.6954     9.6938    23.2063   11.85983 3.5115e+01      1.179 0.0000e+00
         51 286.565828    0.00347     0.2083     12.500  1023.2124  47613.284    30.1383      1.165    6.55853     9.6961     9.6948    23.2071   11.85948 3.5240e+01      1.176 0.0000e+00
         52 286.565830    0.00354     0.2125     12.750  1023.2134  47615.212    30.1397      1.174    6.55835     9.6968     9.6955    23.2080   11.85917 3.3741e+01      1.185 0.0000e+00
         53 286.565833    0.00361     0.2167     13.000  1023.2150  47617.975    30.1417      1.199    6.55817     9.6977     9.6962    23.2095   11.85885 3.0873e+01      1.210 0.0000e+00
         54 286.565836    0.00368     0.2208     13.250  1023.2170  47621.535    30.1442      1.240    6.55796     9.6986     9.6969    23.2114   11.85847 2.8259e+01      1.252 0.0000e+00
         55 286.565839    0.00375     0.2250     13.500  1023.2191  47624.946    30.1467      1.296    6.55774     9.6996     9.6978    23.2132   11.85806 2.5717e+01      1.308 0.0000e+00
         56 286.565842    0.00382     0.2292     13.750  1023.2204  47626.894    30.1481      1.360    6.55753     9.7005     9.6987    23.2141   11.85771 2.3649e+01      1.373 0.0000e+00
         57 286.565845    0.00389     0.2333     14.000  1023.2205  47626.756    30.1481      1.426    6.55739     9.7011     9.6997    23.2140   11.85747 2.2548e+01      1.439 0.0000e+00
         58 286.565848    0.00396     0.2375     14.250  1023.2198  47625.134    30.1471      1.482    6.55731     9.7014     9.7006    23.2130   11.85735 2.2292e+01      1.496 0.0000e+00
         59 286.565851    0.00403     0.2417     14.500  1023.2189  47623.305    30.1459      1.520    6.55728     9.7015     9.7012    23.2120   11.85731 2.2821e+01      1.534 0.0000e+00
         60 286.565854    0.00410     0.2458     14.750  1023.2185  47622.372    30.1452      1.533    6.55725     9.7014     9.7015    23.2114   11.85728 2.3802e+01      1.547 0.0000e+00
         61 286.565856    0.00417     0.2500     15.000  1023.2186  47622.742    30.1455      1.519    6.55723     9.7011     9.7016    23.2116   11.85724 2.5513e+01      1.533 0.0000e+00
         62 286.565859    0.00424     0.2542     15.250  1023.2191  47624.013    30.1464      1.478    6.55721     9.7008     9.7015    23.2124   11.85719 2.8122e+01      1.492 0.0000e+00
         63 286.565862    0.00431     0.2583     15.500  1023.2197  47625.544    30.1474      1.417    6.55720     9.7004     9.7012    23.2132   11.85717 3.0220e+01      1.430 0.0000e+00
         64 286.565865    0.00438     0.2625     15.750  1023.2202  47626.991    30.1484      1.344    6.55721     9.7001     9.7009    23.2140   11.85717 3.0350e+01      1.357 0.0000e+00
         65 286.565868    0.00444     0.2667     16.000  1023.2206  47628.255    30.1493      1.268    6.55722     9.6998     9.7006    23.2148   11.85718 2.8997e+01      1.280 0.0000e+00
         66 286.565871    0.00451     0.2708     16.250  1023.2210  47629.541    30.1502      1.199    6.55724     9.6996     9.7002    23.2155   11.85719 2.7704e+01      1.210 0.0000e+00
         67 286.565874    0.00458     0.2750     16.500  1023.2217  47631.214    30.1514      1.144    6.55723     9.6996     9.6999    23.2165   11.85717 2.7410e+01      1.155 0.0000e+00
         68 286.565877    0.00465     0.2792     16.750  1023.2227  47633.216    30.1527      1.109    6.55720     9.6998     9.6997    23.2176   11.85710 2.7391e+01      1.119 0.0000e+00
         69 286.565880    0.00472     0.2833     17.000  1023.2236  47635.012    30.1540      1.096    6.55715     9.7002     9.6997    23.2186   11.85700 2.6460e+01      1.107 0.0000e+00
         70 286.565883    0.00479     0.2875     17.250  1023.2242  47636.050    30.1548      1.105    6.55709     9.7009     9.6999    23.2192   11.85689 2.5360e+01      1.116 0.0000e+00
         71 286.565885    0.00486     0.2917     17.500  1023.2244  47636.189    30.1549      1.130    6.55702     9.7015     9.7003    23.2192   11.85678 2.5764e+01      1.141 0.0000e+00
         72 286.565888    0.00493     0.2958     17.750  1023.2243  47635.795    30.1547      1.167    6.55694     9.7021     9.7010    23.2189   11.85665 2.7223e+01      1.178 0.0000e+00
         73 286.565891    0.00500     0.3000     18.000  1023.2242  47635.438    30.1545      1.211    6.55685     9.7026     9.7016    23.2187   11.85650 2.7554e+01      1.222 0.0000e+00
         74 286.565894    0.00507     0.3042     18.250  1023.2244  47635.453    30.1546      1.258    6.55675     9.7030     9.7022    23.2186   11.85634 2.6552e+01      1.271 0.0000e+00
         75 286.565897    0.00514     0.3083     18.500  1023.2247  47635.639    30.1548      1.308    6.55667     9.7032     9.7027    23.2187   11.85621 2.6253e+01      1.321 0.0000e+00
         76 286.565900    0.00521     0.3125     18.750  1023.2248  47635.533    30.1547      1.357    6.55662     9.7034     9.7031    23.2186   11.85612 2.7652e+01      1.369 0.0000e+00
         77 286.565903    0.00528     0.3167     19.000  1023.2247  47634.932    30.1543      1.399    6.55660     9.7035     9.7034    23.2182   11.85610 2.9097e+01      1.412 0.0000e+00
         78 286.565906    0.00535     0.3208     19.250  1023.2243  47634.037    30.1537      1.431    6.55660     9.7036     9.7036    23.2177   11.85610 2.8928e+01      1.445 0.0000e+00
         79 286.565909    0.00542     0.3250     19.500  1023.2240  47633.296    30.1532      1.449    6.55661     9.7036     9.7037    23.2173   11.85611 2.8063e+01      1.463 0.0000e+00
         80 286.565911    0.00549     0.3292     19.750  1023.2239  47633.096    30.1530      1.452    6.55660     9.7035     9.7038    23.2172   11.85610 2.7589e+01      1.466 0.0000e+00
         81 286.565914    0.00556     0.3333     20.000  1023.2240  47633.380    30.1533      1.442    6.55659     9.7033     9.7038    23.2174   11.85609 2.7311e+01      1.455 0.0000e+00
         82 286.565917    0.00562     0.3375     20.250  1023.2241  47633.744    30.1535      1.421    6.55659     9.7030     9.7037    23.2176   11.85609 2.7577e+01      1.434 0.0000e+00
         83 286.565920    0.00569     0.3417     20.500  1023.2241  47633.964    30.1537      1.392    6.55662     9.7026     9.7035    23.2177   11.85613 2.8800e+01      1.405 0.0000e+00
         84 286.565923    0.00576     0.3458     20.750  1023.2240  47634.029    30.1537      1.360    6.55666     9.7022     9.7031    23.2177   11.85621 2.9654e+01      1.373 0.0000e+00
         85 286.565926    0.00583     0.3500     21.000  1023.2239  47633.985    30.1536      1.326    6.55672     9.7018     9.7027    23.2177   11.85630 2.9652e+01      1.338 0.0000e+00
