CTD-processing/allCTD/CNV--homogene/2014_04-07_t7_s16_cast281.cnv
* Sea-Bird SBE19plus Data File:
* FileName = C:\Users\kris.holderied\Documents\kasitsna\Research-Projects-and-Data\Oceanography-AK\CTD-CookInlet-GulfWatchAK\2014-04-EVOSTC-CookInlet-Ocean\2014-04-07-CookInlet-Tran7-Augustine\2014-04-07-CookInlet-Tran7-cast281.hex
* Software Version 1.59
* Temperature SN =  5028
* Conductivity SN =  5028
* System UpLoad Time = Apr 09 2014 12:04:39
** Cook Inlet LTM Transect 7 (Augustine) west to east
** Date: 7 Apr 2014
** Station: 7-16
** Start time: 07:47
** Depth (m): 86
** Comment:  CTD instrument time is AK Daylight time
** Comment:
# nquan = 17
# nvalues = 577                         
# units = specified
# name 0 = scan: Scan Count
# name 1 = timeJ: Julian Days
# name 2 = timeH: Time, Elapsed [hours]
# name 3 = timeM: Time, Elapsed [minutes]
# name 4 = timeS: Time, Elapsed [seconds]
# name 5 = density00: Density [density, kg/m^3]
# name 6 = specc: Specific Conductance [uS/cm]
# name 7 = sal00: Salinity, Practical [PSU]
# name 8 = depSM: Depth [salt water, m], lat = 59.00
# name 9 = oxsolML/L: Oxygen Saturation, Garcia & Gordon [ml/l]
# name 10 = potemp090C: Potential Temperature [ITS-90, deg C]
# name 11 = tv290C: Temperature [ITS-90, deg C]
# name 12 = sigma-é00: Density [sigma-theta, kg/m^3]
# name 13 = n2satML/L: Nitrogen Saturation [ml/l]
# name 14 = par: PAR/Irradiance, Biospherical/Licor
# name 15 = prdM: Pressure, Strain Gauge [db]
# name 16 = flag:  0.000e+00
# span 0 =          1,        577       
# span 1 =  97.324178,  97.325845       
# span 2 =    0.00000,    0.04000       
# span 3 =     0.0000,     2.4000       
# span 4 =      0.000,    144.000       
# span 5 =  1000.7980,  1025.8015       
# span 6 =   2069.611,  51832.340       
# span 7 =     1.0275,    32.1719       
# span 8 =     -0.236,     85.433       
# span 9 =    7.24562,    9.28277       
# span 10 =     3.2863,     4.7993      
# span 11 =     3.2863,     4.8043      
# span 12 =     0.7991,    25.4844      
# span 13 =   12.97126,   16.81980      
# span 14 = 3.7912e-02, 3.6995e+01      
# span 15 =     -0.238,     86.257      
# span 16 = 0.0000e+00, 0.0000e+00      
# interval = seconds: 0.25
# start_time = Apr 07 2014 07:46:49 [Instrument's time stamp, header]
# bad_flag = -9.990e-29
*END*
[from data line 426]
        427  97.325411    0.02958     1.7750    106.500  1025.6230  51664.042    32.0954     48.548    7.24688     4.7959     4.7991    25.3952   12.97342 1.5666e-01     49.012 0.0000e+00
        428  97.325414    0.02965     1.7792    106.750  1025.6241  51664.113    32.0954     48.802    7.24685     4.7959     4.7993    25.3951   12.97339 1.5358e-01     49.268 0.0000e+00
        429  97.325417    0.02972     1.7833    107.000  1025.6252  51664.147    32.0953     49.049    7.24684     4.7959     4.7994    25.3950   12.97336 1.5065e-01     49.518 0.0000e+00
        430  97.325420    0.02979     1.7875    107.250  1025.6263  51664.256    32.0953     49.291    7.24683     4.7959     4.7995    25.3950   12.97335 1.4784e-01     49.763 0.0000e+00
        431  97.325422    0.02986     1.7917    107.500  1025.6275  51664.448    32.0953     49.533    7.24683     4.7958     4.7995    25.3950   12.97335 1.4511e-01     50.007 0.0000e+00
        432  97.325425    0.02993     1.7958    107.750  1025.6286  51664.650    32.0953     49.777    7.24683     4.7957     4.7994    25.3950   12.97336 1.4243e-01     50.254 0.0000e+00
        433  97.325428    0.03000     1.8000    108.000  1025.6298  51664.837    32.0952     50.029    7.24684     4.7957     4.7994    25.3950   12.97337 1.3972e-01     50.508 0.0000e+00
        434  97.325431    0.03007     1.8042    108.250  1025.6311  51665.032    32.0952     50.292    7.24685     4.7956     4.7993    25.3950   12.97339 1.3699e-01     50.773 0.0000e+00
        435  97.325434    0.03014     1.8083    108.500  1025.6324  51665.253    32.0952     50.567    7.24686     4.7956     4.7993    25.3950   12.97340 1.3424e-01     51.051 0.0000e+00
        436  97.325437    0.03021     1.8125    108.750  1025.6337  51665.535    32.0953     50.854    7.24686     4.7956     4.7993    25.3950   12.97341 1.3146e-01     51.341 0.0000e+00
        437  97.325440    0.03028     1.8167    109.000  1025.6352  51665.856    32.0954     51.152    7.24687     4.7955     4.7992    25.3951   12.97341 1.2865e-01     51.642 0.0000e+00
        438  97.325443    0.03035     1.8208    109.250  1025.6367  51666.135    32.0954     51.459    7.24687     4.7955     4.7992    25.3951   12.97341 1.2583e-01     51.951 0.0000e+00
        439  97.325446    0.03042     1.8250    109.500  1025.6381  51666.383    32.0954     51.771    7.24687     4.7955     4.7992    25.3951   12.97341 1.2302e-01     52.266 0.0000e+00
        440  97.325448    0.03049     1.8292    109.750  1025.6396  51666.661    32.0954     52.087    7.24687     4.7955     4.7992    25.3952   12.97341 1.2023e-01     52.585 0.0000e+00
        441  97.325451    0.03056     1.8333    110.000  1025.6412  51666.959    32.0955     52.404    7.24686     4.7955     4.7992    25.3952   12.97339 1.1750e-01     52.905 0.0000e+00
        442  97.325454    0.03062     1.8375    110.250  1025.6427  51667.224    32.0955     52.720    7.24685     4.7956     4.7993    25.3953   12.97337 1.1487e-01     53.225 0.0000e+00
        443  97.325457    0.03069     1.8417    110.500  1025.6441  51667.437    32.0955     53.033    7.24684     4.7956     4.7993    25.3953   12.97336 1.1237e-01     53.540 0.0000e+00
        444  97.325460    0.03076     1.8458    110.750  1025.6455  51667.655    32.0955     53.339    7.24683     4.7957     4.7994    25.3953   12.97334 1.0999e-01     53.849 0.0000e+00
        445  97.325463    0.03083     1.8500    111.000  1025.6469  51667.863    32.0955     53.636    7.24682     4.7957     4.7995    25.3953   12.97332 1.0774e-01     54.150 0.0000e+00
        446  97.325466    0.03090     1.8542    111.250  1025.6483  51668.009    32.0955     53.926    7.24681     4.7957     4.7995    25.3952   12.97330 1.0560e-01     54.442 0.0000e+00
        447  97.325469    0.03097     1.8583    111.500  1025.6496  51668.155    32.0955     54.207    7.24680     4.7957     4.7996    25.3952   12.97330 1.0358e-01     54.725 0.0000e+00
        448  97.325472    0.03104     1.8625    111.750  1025.6508  51668.354    32.0955     54.479    7.24680     4.7957     4.7996    25.3952   12.97329 1.0166e-01     55.001 0.0000e+00
        449  97.325475    0.03111     1.8667    112.000  1025.6521  51668.576    32.0955     54.745    7.24679     4.7957     4.7996    25.3952   12.97329 9.9815e-02     55.269 0.0000e+00
        450  97.325477    0.03118     1.8708    112.250  1025.6534  51668.790    32.0955     55.005    7.24679     4.7957     4.7996    25.3952   12.97328 9.8052e-02     55.532 0.0000e+00
        451  97.325480    0.03125     1.8750    112.500  1025.6546  51668.998    32.0956     55.261    7.24678     4.7957     4.7996    25.3953   12.97327 9.6368e-02     55.790 0.0000e+00
        452  97.325483    0.03132     1.8792    112.750  1025.6558  51669.232    32.0956     55.514    7.24678     4.7957     4.7996    25.3953   12.97326 9.4750e-02     56.046 0.0000e+00
        453  97.325486    0.03139     1.8833    113.000  1025.6570  51669.519    32.0957     55.766    7.24677     4.7957     4.7997    25.3954   12.97325 9.3189e-02     56.300 0.0000e+00
        454  97.325489    0.03146     1.8875    113.250  1025.6583  51669.844    32.0958     56.016    7.24675     4.7958     4.7997    25.3954   12.97323 9.1694e-02     56.552 0.0000e+00
        455  97.325492    0.03153     1.8917    113.500  1025.6595  51670.208    32.0959     56.263    7.24674     4.7959     4.7998    25.3955   12.97320 9.0260e-02     56.801 0.0000e+00
        456  97.325495    0.03160     1.8958    113.750  1025.6608  51670.654    32.0961     56.504    7.24672     4.7960     4.7998    25.3957   12.97316 8.8871e-02     57.045 0.0000e+00
        457  97.325498    0.03167     1.9000    114.000  1025.6621  51671.118    32.0963     56.739    7.24669     4.7962     4.7999    25.3959   12.97311 8.7530e-02     57.282 0.0000e+00
        458  97.325501    0.03174     1.9042    114.250  1025.6633  51671.564    32.0966     56.967    7.24666     4.7964     4.8001    25.3961   12.97304 8.6257e-02     57.513 0.0000e+00
        459  97.325503    0.03181     1.9083    114.500  1025.6646  51672.136    32.0969     57.193    7.24661     4.7967     4.8003    25.3963   12.97296 8.5044e-02     57.741 0.0000e+00
        460  97.325506    0.03188     1.9125    114.750  1025.6661  51672.950    32.0974     57.421    7.24654     4.7971     4.8006    25.3967   12.97284 8.3843e-02     57.971 0.0000e+00
        461  97.325509    0.03194     1.9167    115.000  1025.6677  51673.913    32.0980     57.660    7.24645     4.7976     4.8009    25.3971   12.97269 8.2604e-02     58.212 0.0000e+00
        462  97.325512    0.03201     1.9208    115.250  1025.6692  51674.738    32.0985     57.916    7.24635     4.7981     4.8013    25.3974   12.97251 8.1295e-02     58.471 0.0000e+00
        463  97.325515    0.03208     1.9250    115.500  1025.6707  51675.188    32.0988     58.195    7.24625     4.7985     4.8018    25.3976   12.97235 7.9908e-02     58.753 0.0000e+00
        464  97.325518    0.03215     1.9292    115.750  1025.6721  51675.312    32.0988     58.498    7.24616     4.7988     4.8023    25.3976   12.97220 7.8466e-02     59.058 0.0000e+00
        465  97.325521    0.03222     1.9333    116.000  1025.6735  51675.296    32.0988     58.821    7.24609     4.7990     4.8027    25.3975   12.97209 7.6996e-02     59.384 0.0000e+00
        466  97.325524    0.03229     1.9375    116.250  1025.6750  51675.286    32.0987     59.157    7.24604     4.7991     4.8030    25.3974   12.97201 7.5517e-02     59.723 0.0000e+00
        467  97.325527    0.03236     1.9417    116.500  1025.6765  51675.354    32.0986     59.498    7.24600     4.7992     4.8033    25.3973   12.97195 7.4069e-02     60.068 0.0000e+00
        468  97.325530    0.03243     1.9458    116.750  1025.6781  51675.492    32.0985     59.837    7.24598     4.7993     4.8034    25.3972   12.97190 7.2704e-02     60.411 0.0000e+00
        469  97.325532    0.03250     1.9500    117.000  1025.6796  51675.669    32.0985     60.165    7.24596     4.7993     4.8035    25.3972   12.97187 7.1442e-02     60.742 0.0000e+00
        470  97.325535    0.03257     1.9542    117.250  1025.6811  51675.890    32.0986     60.475    7.24595     4.7993     4.8036    25.3972   12.97185 7.0287e-02     61.055 0.0000e+00
        471  97.325538    0.03264     1.9583    117.500  1025.6824  51676.143    32.0986     60.765    7.24594     4.7993     4.8036    25.3973   12.97183 6.9235e-02     61.347 0.0000e+00
        472  97.325541    0.03271     1.9625    117.750  1025.6837  51676.403    32.0987     61.033    7.24593     4.7993     4.8037    25.3973   12.97182 6.8278e-02     61.619 0.0000e+00
        473  97.325544    0.03278     1.9667    118.000  1025.6850  51676.670    32.0987     61.285    7.24592     4.7993     4.8037    25.3973   12.97181 6.7405e-02     61.873 0.0000e+00
        474  97.325547    0.03285     1.9708    118.250  1025.6862  51676.954    32.0988     61.525    7.24592     4.7993     4.8037    25.3974   12.97180 6.6603e-02     62.115 0.0000e+00
        475  97.325550    0.03292     1.9750    118.500  1025.6873  51677.278    32.0989     61.758    7.24591     4.7992     4.8037    25.3975   12.97179 6.5846e-02     62.351 0.0000e+00
        476  97.325553    0.03299     1.9792    118.750  1025.6885  51677.666    32.0990     61.988    7.24590     4.7992     4.8037    25.3976   12.97177 6.5121e-02     62.583 0.0000e+00
        477  97.325556    0.03306     1.9833    119.000  1025.6897  51678.125    32.0992     62.217    7.24590     4.7992     4.8037    25.3978   12.97176 6.4427e-02     62.814 0.0000e+00
        478  97.325558    0.03313     1.9875    119.250  1025.6910  51678.617    32.0994     62.448    7.24589     4.7992     4.8036    25.3980   12.97175 6.3752e-02     63.046 0.0000e+00
        479  97.325561    0.03319     1.9917    119.500  1025.6922  51679.060    32.0996     62.681    7.24589     4.7991     4.8036    25.3981   12.97174 6.3083e-02     63.283 0.0000e+00
        480  97.325564    0.03326     1.9958    119.750  1025.6934  51679.416    32.0998     62.919    7.24589     4.7991     4.8036    25.3982   12.97173 6.2418e-02     63.523 0.0000e+00
        481  97.325567    0.03333     2.0000    120.000  1025.6947  51679.721    32.0998     63.162    7.24589     4.7990     4.8036    25.3983   12.97173 6.1755e-02     63.768 0.0000e+00
        482  97.325570    0.03340     2.0042    120.250  1025.6959  51680.020    32.0999     63.409    7.24589     4.7990     4.8036    25.3983   12.97173 6.1081e-02     64.018 0.0000e+00
        483  97.325573    0.03347     2.0083    120.500  1025.6972  51680.333    32.1000     63.661    7.24589     4.7990     4.8035    25.3984   12.97173 6.0392e-02     64.272 0.0000e+00
        484  97.325576    0.03354     2.0125    120.750  1025.6984  51680.626    32.1001     63.918    7.24588     4.7989     4.8035    25.3984   12.97173 5.9697e-02     64.531 0.0000e+00
        485  97.325579    0.03361     2.0167    121.000  1025.6997  51680.886    32.1001     64.179    7.24588     4.7989     4.8035    25.3985   12.97173 5.9009e-02     64.795 0.0000e+00
        486  97.325582    0.03368     2.0208    121.250  1025.7010  51681.169    32.1002     64.444    7.24589     4.7989     4.8035    25.3985   12.97172 5.8337e-02     65.062 0.0000e+00
        487  97.325584    0.03375     2.0250    121.500  1025.7023  51681.453    32.1002     64.711    7.24589     4.7989     4.8035    25.3986   12.97172 5.7674e-02     65.332 0.0000e+00
        488  97.325587    0.03382     2.0292    121.750  1025.7036  51681.669    32.1002     64.980    7.24588     4.7989     4.8035    25.3986   12.97171 5.7023e-02     65.603 0.0000e+00
        489  97.325590    0.03389     2.0333    122.000  1025.7048  51681.818    32.1002     65.251    7.24588     4.7989     4.8036    25.3986   12.97171 5.6392e-02     65.876 0.0000e+00
        490  97.325593    0.03396     2.0375    122.250  1025.7061  51681.958    32.1002     65.523    7.24587     4.7989     4.8036    25.3986   12.97170 5.5772e-02     66.151 0.0000e+00
        491  97.325596    0.03403     2.0417    122.500  1025.7074  51682.118    32.1002     65.796    7.24587     4.7989     4.8037    25.3986   12.97169 5.5164e-02     66.427 0.0000e+00
        492  97.325599    0.03410     2.0458    122.750  1025.7086  51682.288    32.1002     66.069    7.24586     4.7989     4.8037    25.3986   12.97168 5.4581e-02     66.703 0.0000e+00
        493  97.325602    0.03417     2.0500    123.000  1025.7099  51682.449    32.1001     66.339    7.24586     4.7990     4.8037    25.3985   12.97167 5.4019e-02     66.976 0.0000e+00
        494  97.325605    0.03424     2.0542    123.250  1025.7111  51682.577    32.1001     66.606    7.24585     4.7990     4.8037    25.3985   12.97167 5.3469e-02     67.245 0.0000e+00
        495  97.325608    0.03431     2.0583    123.500  1025.7123  51682.697    32.1000     66.868    7.24585     4.7990     4.8037    25.3984   12.97166 5.2934e-02     67.510 0.0000e+00
        496  97.325611    0.03438     2.0625    123.750  1025.7135  51682.868    32.1000     67.124    7.24584     4.7990     4.8038    25.3984   12.97166 5.2426e-02     67.769 0.0000e+00
        497  97.325613    0.03444     2.0667    124.000  1025.7146  51683.103    32.1001     67.372    7.24584     4.7990     4.8038    25.3985   12.97165 5.1955e-02     68.019 0.0000e+00
        498  97.325616    0.03451     2.0708    124.250  1025.7158  51683.360    32.1001     67.613    7.24584     4.7989     4.8038    25.3985   12.97164 5.1504e-02     68.262 0.0000e+00
        499  97.325619    0.03458     2.0750    124.500  1025.7170  51683.598    32.1002     67.848    7.24583     4.7989     4.8038    25.3986   12.97163 5.1066e-02     68.499 0.0000e+00
        500  97.325622    0.03465     2.0792    124.750  1025.7181  51683.843    32.1002     68.080    7.24583     4.7989     4.8038    25.3986   12.97163 5.0648e-02     68.734 0.0000e+00
        501  97.325625    0.03472     2.0833    125.000  1025.7192  51684.135    32.1003     68.311    7.24583     4.7989     4.8038    25.3987   12.97162 5.0246e-02     68.967 0.0000e+00
        502  97.325628    0.03479     2.0875    125.250  1025.7204  51684.425    32.1004     68.545    7.24582     4.7989     4.8038    25.3987   12.97162 4.9851e-02     69.204 0.0000e+00
        503  97.325631    0.03486     2.0917    125.500  1025.7216  51684.667    32.1005     68.786    7.24582     4.7989     4.8038    25.3988   12.97161 4.9452e-02     69.447 0.0000e+00
        504  97.325634    0.03493     2.0958    125.750  1025.7228  51684.917    32.1005     69.036    7.24581     4.7988     4.8039    25.3988   12.97160 4.9044e-02     69.699 0.0000e+00
        505  97.325637    0.03500     2.1000    126.000  1025.7241  51685.252    32.1006     69.298    7.24581     4.7988     4.8039    25.3989   12.97159 4.8635e-02     69.963 0.0000e+00
        506  97.325639    0.03507     2.1042    126.250  1025.7255  51685.672    32.1008     69.569    7.24580     4.7987     4.8039    25.3991   12.97158 4.8229e-02     70.237 0.0000e+00
        507  97.325642    0.03514     2.1083    126.500  1025.7269  51686.148    32.1010     69.844    7.24580     4.7987     4.8038    25.3992   12.97157 4.7824e-02     70.515 0.0000e+00
        508  97.325645    0.03521     2.1125    126.750  1025.7284  51686.662    32.1012     70.118    7.24580     4.7986     4.8038    25.3994   12.97156 4.7425e-02     70.792 0.0000e+00
        509  97.325648    0.03528     2.1167    127.000  1025.7298  51687.172    32.1014     70.386    7.24579     4.7986     4.8037    25.3995   12.97155 4.7041e-02     71.063 0.0000e+00
        510  97.325651    0.03535     2.1208    127.250  1025.7312  51687.657    32.1016     70.647    7.24579     4.7986     4.8037    25.3997   12.97154 4.6678e-02     71.326 0.0000e+00
