CTD-processing/allCTD/CNV--homogene/2014_04-06_t6_s16_cast253.cnv
* Sea-Bird SBE19plus Data File:
* FileName = C:\Users\kris.holderied\Documents\kasitsna\Research-Projects-and-Data\Oceanography-AK\CTD-CookInlet-GulfWatchAK\2014-04-EVOSTC-CookInlet-Ocean\2014-04-06-CookInlet-Tran6-Douglas\2014-04-06-CookInlet-Tran6-cast253.hex
* Software Version 1.59
* Temperature SN =  5028
* Conductivity SN =  5028
* System UpLoad Time = Apr 09 2014 11:34:20
** Cook Inlet LTM Transect 6 (Douglas) east to west
** Date: 6 Apr 2014
** Station: 6-16
** Start time: 13:55
** Depth (m): 156
** Comment:  CTD instrument time is AK Daylight time
** Comment:
# nquan = 17
# nvalues = 893                         
# units = specified
# name 0 = scan: Scan Count
# name 1 = timeJ: Julian Days
# name 2 = timeH: Time, Elapsed [hours]
# name 3 = timeM: Time, Elapsed [minutes]
# name 4 = timeS: Time, Elapsed [seconds]
# name 5 = density00: Density [density, kg/m^3]
# name 6 = specc: Specific Conductance [uS/cm]
# name 7 = sal00: Salinity, Practical [PSU]
# name 8 = depSM: Depth [salt water, m], lat = 59.00
# name 9 = oxsolML/L: Oxygen Saturation, Garcia & Gordon [ml/l]
# name 10 = potemp090C: Potential Temperature [ITS-90, deg C]
# name 11 = tv290C: Temperature [ITS-90, deg C]
# name 12 = sigma-é00: Density [sigma-theta, kg/m^3]
# name 13 = n2satML/L: Nitrogen Saturation [ml/l]
# name 14 = par: PAR/Irradiance, Biospherical/Licor
# name 15 = prdM: Pressure, Strain Gauge [db]
# name 16 = flag:  0.000e+00
# span 0 =          1,        893       
# span 1 =  96.579873,  96.582454       
# span 2 =    0.00000,    0.06194       
# span 3 =     0.0000,     3.7167       
# span 4 =      0.000,    223.000       
# span 5 =  1000.2766,  1026.2618       
# span 6 =    809.211,  52004.560       
# span 7 =     0.3828,    32.3072       
# span 8 =     -0.179,    152.088       
# span 9 =    7.21406,    8.96423       
# span 10 =     4.7625,     4.9245      
# span 11 =     4.7625,     4.9297      
# span 12 =     0.2775,    25.5505      
# span 13 =   12.91654,   16.29619      
# span 14 = 3.7912e-02, 4.6591e+02      
# span 15 =     -0.181,    153.581      
# span 16 = 0.0000e+00, 0.0000e+00      
# interval = seconds: 0.25
# start_time = Apr 06 2014 13:55:01 [Instrument's time stamp, header]
# bad_flag = -9.990e-29
*END*
[from data line 256]
        257  96.580613    0.01778     1.0667     64.000  1025.4537  51713.497    32.1802      0.987    7.22199     4.9188     4.9190    25.4491   12.93126 2.1752e+02      0.997 0.0000e+00
        258  96.580616    0.01785     1.0708     64.250  1025.4543  51714.078    32.1806      1.048    7.22199     4.9188     4.9189    25.4494   12.93124 2.1217e+02      1.058 0.0000e+00
        259  96.580619    0.01792     1.0750     64.500  1025.4549  51714.808    32.1810      1.105    7.22197     4.9189     4.9189    25.4498   12.93120 2.0829e+02      1.115 0.0000e+00
        260  96.580622    0.01799     1.0792     64.750  1025.4555  51715.488    32.1815      1.152    7.22194     4.9190     4.9189    25.4501   12.93115 2.0897e+02      1.163 0.0000e+00
        261  96.580625    0.01806     1.0833     65.000  1025.4559  51715.881    32.1818      1.183    7.22191     4.9192     4.9190    25.4503   12.93110 2.1248e+02      1.194 0.0000e+00
        262  96.580628    0.01812     1.0875     65.250  1025.4559  51715.814    32.1817      1.194    7.22189     4.9193     4.9191    25.4503   12.93107 2.1735e+02      1.205 0.0000e+00
        263  96.580631    0.01819     1.0917     65.500  1025.4556  51715.248    32.1814      1.186    7.22188     4.9195     4.9193    25.4500   12.93106 2.2440e+02      1.197 0.0000e+00
        264  96.580634    0.01826     1.0958     65.750  1025.4550  51714.388    32.1808      1.161    7.22188     4.9196     4.9194    25.4495   12.93106 2.3270e+02      1.172 0.0000e+00
        265  96.580637    0.01833     1.1000     66.000  1025.4544  51713.535    32.1803      1.125    7.22188     4.9198     4.9196    25.4491   12.93106 2.3974e+02      1.136 0.0000e+00
        266  96.580639    0.01840     1.1042     66.250  1025.4539  51712.875    32.1799      1.085    7.22188     4.9199     4.9197    25.4487   12.93106 2.4457e+02      1.095 0.0000e+00
        267  96.580642    0.01847     1.1083     66.500  1025.4535  51712.446    32.1796      1.046    7.22187     4.9201     4.9198    25.4485   12.93105 2.4721e+02      1.055 0.0000e+00
        268  96.580645    0.01854     1.1125     66.750  1025.4532  51712.174    32.1795      1.014    7.22185     4.9203     4.9200    25.4484   12.93102 2.4797e+02      1.023 0.0000e+00
        269  96.580648    0.01861     1.1167     67.000  1025.4530  51712.009    32.1794      0.994    7.22182     4.9204     4.9201    25.4484   12.93097 2.4863e+02      1.003 0.0000e+00
        270  96.580651    0.01868     1.1208     67.250  1025.4530  51712.031    32.1795      0.986    7.22179     4.9205     4.9203    25.4484   12.93092 2.4988e+02      0.995 0.0000e+00
        271  96.580654    0.01875     1.1250     67.500  1025.4532  51712.389    32.1798      0.986    7.22175     4.9205     4.9204    25.4486   12.93086 2.5044e+02      0.995 0.0000e+00
        272  96.580657    0.01882     1.1292     67.750  1025.4536  51713.087    32.1803      0.987    7.22172     4.9207     4.9205    25.4490   12.93080 2.4871e+02      0.996 0.0000e+00
        273  96.580660    0.01889     1.1333     68.000  1025.4540  51713.820    32.1808      0.983    7.22168     4.9209     4.9206    25.4494   12.93073 2.4363e+02      0.993 0.0000e+00
        274  96.580663    0.01896     1.1375     68.250  1025.4542  51714.260    32.1811      0.972    7.22164     4.9214     4.9207    25.4497   12.93066 2.3752e+02      0.982 0.0000e+00
        275  96.580666    0.01903     1.1417     68.500  1025.4543  51714.419    32.1813      0.957    7.22158     4.9221     4.9210    25.4498   12.93056 2.3399e+02      0.967 0.0000e+00
        276  96.580668    0.01910     1.1458     68.750  1025.4543  51714.517    32.1815      0.942    7.22149     4.9229     4.9215    25.4499   12.93041 2.3271e+02      0.952 0.0000e+00
        277  96.580671    0.01917     1.1500     69.000  1025.4542  51714.409    32.1816      0.933    7.22137     4.9237     4.9222    25.4499   12.93021 2.3107e+02      0.942 0.0000e+00
        278  96.580674    0.01924     1.1542     69.250  1025.4539  51713.774    32.1813      0.935    7.22124     4.9242     4.9230    25.4496   12.93000 2.2774e+02      0.944 0.0000e+00
        279  96.580677    0.01931     1.1583     69.500  1025.4535  51712.786    32.1808      0.949    7.22113     4.9244     4.9237    25.4491   12.92983 2.2206e+02      0.958 0.0000e+00
        280  96.580680    0.01938     1.1625     69.750  1025.4532  51711.900    32.1803      0.979    7.22107     4.9245     4.9242    25.4486   12.92973 2.1542e+02      0.988 0.0000e+00
        281  96.580683    0.01944     1.1667     70.000  1025.4531  51711.353    32.1799      1.026    7.22104     4.9244     4.9245    25.4483   12.92969 2.1157e+02      1.035 0.0000e+00
        282  96.580686    0.01951     1.1708     70.250  1025.4532  51711.102    32.1798      1.088    7.22104     4.9241     4.9246    25.4481   12.92969 2.1093e+02      1.099 0.0000e+00
        283  96.580689    0.01958     1.1750     70.500  1025.4535  51711.036    32.1797      1.162    7.22106     4.9238     4.9245    25.4481   12.92973 2.1135e+02      1.173 0.0000e+00
        284  96.580692    0.01965     1.1792     70.750  1025.4539  51711.081    32.1796      1.242    7.22110     4.9235     4.9242    25.4481   12.92980 2.1254e+02      1.254 0.0000e+00
        285  96.580694    0.01972     1.1833     71.000  1025.4543  51711.205    32.1796      1.325    7.22115     4.9231     4.9239    25.4481   12.92988 2.1415e+02      1.338 0.0000e+00
        286  96.580697    0.01979     1.1875     71.250  1025.4547  51711.343    32.1795      1.414    7.22121     4.9226     4.9236    25.4481   12.92998 2.1428e+02      1.428 0.0000e+00
        287  96.580700    0.01986     1.1917     71.500  1025.4552  51711.462    32.1795      1.518    7.22128     4.9221     4.9232    25.4480   12.93010 2.1118e+02      1.533 0.0000e+00
        288  96.580703    0.01993     1.1958     71.750  1025.4558  51711.624    32.1794      1.645    7.22136     4.9215     4.9227    25.4480   12.93023 2.0498e+02      1.660 0.0000e+00
        289  96.580706    0.02000     1.2000     72.000  1025.4564  51711.713    32.1793      1.797    7.22146     4.9206     4.9222    25.4480   12.93039 1.9772e+02      1.814 0.0000e+00
        290  96.580709    0.02007     1.2042     72.250  1025.4571  51711.520    32.1789      1.978    7.22158     4.9194     4.9216    25.4478   12.93060 1.9056e+02      1.997 0.0000e+00
        291  96.580712    0.02014     1.2083     72.500  1025.4577  51711.079    32.1783      2.190    7.22176     4.9178     4.9208    25.4474   12.93090 1.8277e+02      2.211 0.0000e+00
        292  96.580715    0.02021     1.2125     72.750  1025.4585  51710.866    32.1778      2.433    7.22200     4.9160     4.9196    25.4471   12.93130 1.7386e+02      2.456 0.0000e+00
        293  96.580718    0.02028     1.2167     73.000  1025.4598  51711.290    32.1776      2.705    7.22228     4.9141     4.9180    25.4472   12.93176 1.6439e+02      2.731 0.0000e+00
        294  96.580720    0.02035     1.2208     73.250  1025.4615  51712.206    32.1777      3.002    7.22258     4.9120     4.9162    25.4474   12.93226 1.5510e+02      3.031 0.0000e+00
        295  96.580723    0.02042     1.2250     73.500  1025.4632  51713.153    32.1778      3.319    7.22290     4.9098     4.9144    25.4477   12.93279 1.4622e+02      3.350 0.0000e+00
        296  96.580726    0.02049     1.2292     73.750  1025.4650  51714.000    32.1777      3.650    7.22325     4.9076     4.9124    25.4479   12.93336 1.3753e+02      3.685 0.0000e+00
        297  96.580729    0.02056     1.2333     74.000  1025.4670  51715.324    32.1780      3.991    7.22362     4.9056     4.9102    25.4483   12.93396 1.2896e+02      4.029 0.0000e+00
        298  96.580732    0.02063     1.2375     74.250  1025.4695  51717.346    32.1787      4.337    7.22396     4.9039     4.9080    25.4491   12.93453 1.2083e+02      4.378 0.0000e+00
        299  96.580735    0.02069     1.2417     74.500  1025.4720  51719.597    32.1796      4.680    7.22426     4.9025     4.9060    25.4501   12.93501 1.1359e+02      4.724 0.0000e+00
        300  96.580738    0.02076     1.2458     74.750  1025.4745  51721.667    32.1805      5.016    7.22451     4.9013     4.9043    25.4510   12.93541 1.0748e+02      5.064 0.0000e+00
        301  96.580741    0.02083     1.2500     75.000  1025.4767  51723.373    32.1812      5.343    7.22471     4.9003     4.9029    25.4517   12.93574 1.0253e+02      5.394 0.0000e+00
        302  96.580744    0.02090     1.2542     75.250  1025.4788  51724.838    32.1818      5.661    7.22489     4.8994     4.9017    25.4523   12.93602 9.8525e+01      5.715 0.0000e+00
        303  96.580747    0.02097     1.2583     75.500  1025.4808  51726.191    32.1823      5.971    7.22504     4.8986     4.9007    25.4528   12.93626 9.5159e+01      6.027 0.0000e+00
        304  96.580749    0.02104     1.2625     75.750  1025.4827  51727.350    32.1828      6.274    7.22516     4.8979     4.8998    25.4533   12.93646 9.2095e+01      6.333 0.0000e+00
        305  96.580752    0.02111     1.2667     76.000  1025.4845  51728.259    32.1831      6.574    7.22528     4.8970     4.8991    25.4536   12.93665 8.9092e+01      6.636 0.0000e+00
        306  96.580755    0.02118     1.2708     76.250  1025.4861  51728.922    32.1833      6.872    7.22540     4.8960     4.8983    25.4538   12.93684 8.6081e+01      6.937 0.0000e+00
        307  96.580758    0.02125     1.2750     76.500  1025.4876  51729.434    32.1833      7.173    7.22554     4.8948     4.8975    25.4539   12.93708 8.3161e+01      7.240 0.0000e+00
        308  96.580761    0.02132     1.2792     76.750  1025.4892  51730.176    32.1834      7.477    7.22571     4.8936     4.8965    25.4541   12.93735 8.0430e+01      7.547 0.0000e+00
        309  96.580764    0.02139     1.2833     77.000  1025.4911  51731.406    32.1839      7.785    7.22589     4.8927     4.8954    25.4546   12.93764 7.7896e+01      7.858 0.0000e+00
        310  96.580767    0.02146     1.2875     77.250  1025.4932  51732.925    32.1845      8.099    7.22605     4.8920     4.8943    25.4552   12.93791 7.5567e+01      8.175 0.0000e+00
        311  96.580770    0.02153     1.2917     77.500  1025.4954  51734.480    32.1852      8.416    7.22619     4.8915     4.8933    25.4558   12.93812 7.3421e+01      8.495 0.0000e+00
        312  96.580773    0.02160     1.2958     77.750  1025.4974  51735.814    32.1858      8.737    7.22628     4.8913     4.8926    25.4564   12.93826 7.1376e+01      8.819 0.0000e+00
        313  96.580775    0.02167     1.3000     78.000  1025.4993  51736.644    32.1861      9.059    7.22633     4.8910     4.8922    25.4567   12.93835 6.9326e+01      9.145 0.0000e+00
        314  96.580778    0.02174     1.3042     78.250  1025.5009  51737.072    32.1862      9.381    7.22637     4.8908     4.8919    25.4568   12.93841 6.7191e+01      9.469 0.0000e+00
        315  96.580781    0.02181     1.3083     78.500  1025.5024  51737.474    32.1863      9.698    7.22640     4.8905     4.8917    25.4569   12.93846 6.4986e+01      9.790 0.0000e+00
        316  96.580784    0.02187     1.3125     78.750  1025.5040  51738.013    32.1864     10.009    7.22644     4.8903     4.8915    25.4571   12.93851 6.2811e+01     10.104 0.0000e+00
        317  96.580787    0.02194     1.3167     79.000  1025.5057  51738.676    32.1867     10.311    7.22647     4.8902     4.8913    25.4573   12.93856 6.0810e+01     10.408 0.0000e+00
        318  96.580790    0.02201     1.3208     79.250  1025.5073  51739.374    32.1870     10.603    7.22648     4.8902     4.8911    25.4575   12.93858 5.9104e+01     10.704 0.0000e+00
        319  96.580793    0.02208     1.3250     79.500  1025.5088  51739.921    32.1872     10.888    7.22648     4.8901     4.8910    25.4577   12.93858 5.7741e+01     10.991 0.0000e+00
        320  96.580796    0.02215     1.3292     79.750  1025.5102  51740.258    32.1873     11.165    7.22648     4.8899     4.8910    25.4578   12.93857 5.6667e+01     11.270 0.0000e+00
        321  96.580799    0.02222     1.3333     80.000  1025.5115  51740.554    32.1873     11.436    7.22649     4.8897     4.8909    25.4578   12.93859 5.5779e+01     11.544 0.0000e+00
        322  96.580802    0.02229     1.3375     80.250  1025.5128  51740.952    32.1874     11.704    7.22652     4.8893     4.8908    25.4579   12.93863 5.4958e+01     11.815 0.0000e+00
        323  96.580804    0.02236     1.3417     80.500  1025.5142  51741.433    32.1875     11.973    7.22655     4.8890     4.8905    25.4581   12.93869 5.4081e+01     12.086 0.0000e+00
        324  96.580807    0.02243     1.3458     80.750  1025.5157  51742.000    32.1877     12.245    7.22660     4.8887     4.8902    25.4582   12.93876 5.3060e+01     12.361 0.0000e+00
        325  96.580810    0.02250     1.3500     81.000  1025.5172  51742.634    32.1879     12.524    7.22664     4.8885     4.8899    25.4585   12.93882 5.1856e+01     12.643 0.0000e+00
        326  96.580813    0.02257     1.3542     81.250  1025.5188  51743.261    32.1882     12.814    7.22667     4.8884     4.8896    25.4587   12.93888 5.0480e+01     12.935 0.0000e+00
        327  96.580816    0.02264     1.3583     81.500  1025.5204  51743.884    32.1884     13.114    7.22669     4.8882     4.8894    25.4589   12.93891 4.8981e+01     13.238 0.0000e+00
        328  96.580819    0.02271     1.3625     81.750  1025.5220  51744.384    32.1886     13.426    7.22671     4.8880     4.8893    25.4590   12.93893 4.7430e+01     13.553 0.0000e+00
        329  96.580822    0.02278     1.3667     82.000  1025.5235  51744.600    32.1885     13.748    7.22673     4.8878     4.8892    25.4590   12.93897 4.5901e+01     13.878 0.0000e+00
        330  96.580825    0.02285     1.3708     82.250  1025.5249  51744.633    32.1884     14.078    7.22677     4.8874     4.8891    25.4589   12.93903 4.4456e+01     14.212 0.0000e+00
        331  96.580828    0.02292     1.3750     82.500  1025.5264  51744.658    32.1881     14.411    7.22682     4.8871     4.8888    25.4588   12.93912 4.3146e+01     14.548 0.0000e+00
        332  96.580830    0.02299     1.3792     82.750  1025.5278  51744.783    32.1880     14.739    7.22688     4.8868     4.8885    25.4587   12.93923 4.1989e+01     14.879 0.0000e+00
        333  96.580833    0.02306     1.3833     83.000  1025.5293  51744.999    32.1879     15.055    7.22694     4.8865     4.8882    25.4587   12.93933 4.0973e+01     15.198 0.0000e+00
        334  96.580836    0.02313     1.3875     83.250  1025.5307  51745.236    32.1878     15.354    7.22700     4.8862     4.8878    25.4587   12.93943 4.0078e+01     15.499 0.0000e+00
        335  96.580839    0.02319     1.3917     83.500  1025.5320  51745.520    32.1878     15.630    7.22705     4.8860     4.8875    25.4587   12.93951 3.9286e+01     15.778 0.0000e+00
        336  96.580842    0.02326     1.3958     83.750  1025.5333  51745.874    32.1879     15.884    7.22709     4.8858     4.8873    25.4587   12.93958 3.8577e+01     16.034 0.0000e+00
        337  96.580845    0.02333     1.4000     84.000  1025.5345  51746.279    32.1880     16.116    7.22712     4.8856     4.8871    25.4589   12.93963 3.7925e+01     16.268 0.0000e+00
        338  96.580848    0.02340     1.4042     84.250  1025.5356  51746.678    32.1881     16.329    7.22714     4.8856     4.8869    25.4590   12.93966 3.7313e+01     16.483 0.0000e+00
        339  96.580851    0.02347     1.4083     84.500  1025.5366  51747.010    32.1882     16.526    7.22716     4.8855     4.8868    25.4591   12.93968 3.6730e+01     16.683 0.0000e+00
        340  96.580854    0.02354     1.4125     84.750  1025.5376  51747.315    32.1883     16.714    7.22716     4.8856     4.8868    25.4592   12.93968 3.6170e+01     16.873 0.0000e+00
