CTD-processing/allCTD/CNV--homogene/2014_04-11_t9_s04_cast030.cnv
* Sea-Bird SBE19plus Data File:
* FileName = C:\Users\kris.holderied\Documents\kasitsna\Research-Projects-and-Data\Oceanography-AK\CTD-Data-ALL-to-2014-03\2014-CTD-KachemakBay-CookInlet\2014-04-EVOSTC-CookInlet-Ocean\2014-04-11-CookInlet-Tran9-HomerSpit\2014-04-11-CookInlet-Tran9-HomerSpit-cast030.hex
* Software Version 1.59
* Temperature SN =  5028
* Conductivity SN =  5028
* System UpLoad Time = May 27 2014 23:26:06
** Cook Inlet LTM Transect 9  (Homer Spit) South to North
** Date: 2014-04-11
** Station: 9-04
** Start time: 20:14
** Depth (m): 93
** Comment:  CTD time is Alaska Daylight time
** Comment:
# nquan = 17
# nvalues = 596                         
# units = specified
# name 0 = scan: Scan Count
# name 1 = timeJ: Julian Days
# name 2 = timeH: Time, Elapsed [hours]
# name 3 = timeM: Time, Elapsed [minutes]
# name 4 = timeS: Time, Elapsed [seconds]
# name 5 = density00: Density [density, kg/m^3]
# name 6 = specc: Specific Conductance [uS/cm]
# name 7 = sal00: Salinity, Practical [PSU]
# name 8 = depSM: Depth [salt water, m], lat = 59.00
# name 9 = oxsolML/L: Oxygen Saturation, Garcia & Gordon [ml/l]
# name 10 = potemp090C: Potential Temperature [ITS-90, deg C]
# name 11 = tv290C: Temperature [ITS-90, deg C]
# name 12 = sigma-é00: Density [sigma-theta, kg/m^3]
# name 13 = n2satML/L: Nitrogen Saturation [ml/l]
# name 14 = par: PAR/Irradiance, Biospherical/Licor
# name 15 = prdM: Pressure, Strain Gauge [db]
# name 16 = flag:  0.000e+00
# span 0 =          1,        596       
# span 1 = 101.842743, 101.844465       
# span 2 =    0.00000,    0.04132       
# span 3 =     0.0000,     2.4792       
# span 4 =      0.000,    148.750       
# span 5 =  1001.2668,  1025.7561       
# span 6 =   3200.733,  51574.531       
# span 7 =     1.6075,    31.9985       
# span 8 =      0.053,     91.822       
# span 9 =    7.26215,    9.08659       
# span 10 =     3.9302,     4.7320      
# span 11 =     3.9302,     4.7385      
# span 12 =     1.2665,    25.3251      
# span 13 =   12.99989,   16.48115      
# span 14 = 3.7912e-02, 5.2831e+01      
# span 15 =      0.053,     92.709      
# span 16 = 0.0000e+00, 0.0000e+00      
# interval = seconds: 0.25
# start_time = Apr 11 2014 20:13:33 [Instrument's time stamp, header]
# bad_flag = -9.990e-29
*END*
          1 101.842743    0.00000     0.0000      0.000  1001.2944   3263.597     1.6420      0.053    9.08320     3.9494     3.9504     1.2941   16.47492 4.4417e+01      0.053 0.0000e+00
          2 101.842746    0.00007     0.0042      0.250  1001.4095   3533.905     1.7858      0.053    9.07453     3.9487     3.9500     1.4092   16.45800 4.3988e+01      0.054 0.0000e+00
          3 101.842749    0.00014     0.0083      0.500  1001.5109   3771.686     1.9126      0.054    9.06694     3.9480     3.9494     1.5107   16.44318 4.3319e+01      0.055 0.0000e+00
          4 101.842752    0.00021     0.0125      0.750  1001.5574   3880.712     1.9706      0.056    9.06356     3.9473     3.9487     1.5571   16.43655 4.2556e+01      0.056 0.0000e+00
          5 101.842755    0.00028     0.0167      1.000  1001.5395   3839.398     1.9482      0.057    9.06509     3.9466     3.9480     1.5392   16.43948 4.1708e+01      0.058 0.0000e+00
          6 101.842758    0.00035     0.0208      1.250  1001.4762   3691.718     1.8691      0.058    9.07008     3.9460     3.9473     1.4759   16.44916 4.0765e+01      0.059 0.0000e+00
          7 101.842760    0.00042     0.0250      1.500  1001.3988   3510.834     1.7724      0.060    9.07613     3.9455     3.9466     1.3985   16.46090 3.9997e+01      0.061 0.0000e+00
          8 101.842763    0.00049     0.0292      1.750  1001.3329   3356.344     1.6901      0.061    9.08130     3.9450     3.9460     1.3326   16.47092 3.9749e+01      0.062 0.0000e+00
          9 101.842766    0.00056     0.0333      2.000  1001.2880   3250.628     1.6339      0.061    9.08486     3.9446     3.9455     1.2877   16.47781 4.0376e+01      0.062 0.0000e+00
         10 101.842769    0.00063     0.0375      2.250  1001.2668   3200.733     1.6075      0.061    9.08659     3.9441     3.9450     1.2665   16.48115 4.2137e+01      0.062 0.0000e+00
         11 101.842772    0.00069     0.0417      2.500  1001.2767   3223.685     1.6198      0.061    9.08594     3.9437     3.9446     1.2764   16.47987 4.4825e+01      0.062 0.0000e+00
         12 101.842775    0.00076     0.0458      2.750  1001.3199   3325.014     1.6738      0.060    9.08275     3.9433     3.9441     1.3196   16.47363 4.7642e+01      0.061 0.0000e+00
         13 101.842778    0.00083     0.0500      3.000  1001.3941   3498.841     1.7666      0.059    9.07719     3.9429     3.9437     1.3938   16.46277 4.9767e+01      0.060 0.0000e+00
         14 101.842781    0.00090     0.0542      3.250  1001.4763   3690.934     1.8693      0.058    9.07102     3.9424     3.9433     1.4760   16.45074 5.0950e+01      0.059 0.0000e+00
         15 101.842784    0.00097     0.0583      3.500  1001.5121   3774.321     1.9140      0.057    9.06840     3.9419     3.9429     1.5118   16.44561 5.1475e+01      0.058 0.0000e+00
         16 101.842786    0.00104     0.0625      3.750  1001.4745   3686.443     1.8670      0.056    9.07138     3.9413     3.9424     1.4742   16.45138 5.1720e+01      0.057 0.0000e+00
         17 101.842789    0.00111     0.0667      4.000  1001.3947   3499.352     1.7674      0.056    9.07760     3.9405     3.9419     1.3945   16.46345 5.1834e+01      0.056 0.0000e+00
         18 101.842792    0.00118     0.0708      4.250  1001.3220   3328.175     1.6766      0.055    9.08330     3.9396     3.9413     1.3218   16.47452 5.1803e+01      0.056 0.0000e+00
         19 101.842795    0.00125     0.0750      4.500  1001.2924   3257.696     1.6396      0.055    9.08576     3.9387     3.9405     1.2921   16.47926 5.1571e+01      0.055 0.0000e+00
         20 101.842798    0.00132     0.0792      4.750  1001.3172   3314.717     1.6706      0.054    9.08410     3.9376     3.9396     1.3170   16.47598 5.1320e+01      0.055 0.0000e+00
         21 101.842801    0.00139     0.0833      5.000  1001.3813   3462.938     1.7507      0.054    9.07949     3.9366     3.9387     1.3811   16.46695 5.1349e+01      0.055 0.0000e+00
         22 101.842804    0.00146     0.0875      5.250  1001.4544   3630.066     1.8421      0.054    9.07425     3.9355     3.9376     1.4541   16.45669 5.1721e+01      0.055 0.0000e+00
         23 101.842807    0.00153     0.0917      5.500  1001.5090   3750.540     1.9106      0.055    9.07048     3.9344     3.9366     1.5087   16.44931 5.2320e+01      0.055 0.0000e+00
         24 101.842810    0.00160     0.0958      5.750  1001.5370   3803.594     1.9460      0.055    9.06883     3.9333     3.9355     1.5368   16.44608 5.2813e+01      0.055 0.0000e+00
         25 101.842812    0.00167     0.1000      6.000  1001.5575   3830.094     1.9722      0.056    9.06794     3.9322     3.9344     1.5572   16.44434 5.2831e+01      0.056 0.0000e+00
         26 101.842815    0.00174     0.1042      6.250  1001.6089   3914.497     2.0375      0.058    9.06495     3.9312     3.9333     1.6086   16.43858 5.2433e+01      0.058 0.0000e+00
         27 101.842818    0.00181     0.1083      6.500  1001.7426   4167.900     2.2064      0.061    9.05612     3.9304     3.9322     1.7423   16.42153 5.1937e+01      0.061 0.0000e+00
         28 101.842821    0.00187     0.1125      6.750  1002.0212   4721.163     2.5575      0.066    9.03696     3.9302     3.9312     2.0208   16.38449 5.1414e+01      0.066 0.0000e+00
         29 101.842824    0.00194     0.1167      7.000  1002.5312   5751.106     3.1999      0.075    9.00130     3.9309     3.9304     2.5309   16.31559 5.0641e+01      0.075 0.0000e+00
         30 101.842827    0.00201     0.1208      7.250  1003.4202   7559.360     4.3189      0.089    8.93866     3.9329     3.9302     3.4197   16.19457 4.9466e+01      0.089 0.0000e+00
         31 101.842830    0.00208     0.1250      7.500  1004.9399  10663.383     6.2315      0.112    8.83111     3.9373     3.9309     4.9393   15.98679 4.8051e+01      0.113 0.0000e+00
         32 101.842833    0.00215     0.1292      7.750  1007.5103  15926.236     9.4663      0.150    8.64874     3.9453     3.9329     7.5096   15.63449 4.6519e+01      0.151 0.0000e+00
         33 101.842836    0.00222     0.1333      8.000  1011.4488  23937.709    14.4237      0.212    8.37049     3.9570     3.9373    11.4477   15.09732 4.4566e+01      0.214 0.0000e+00
         34 101.842839    0.00229     0.1375      8.250  1015.9091  32916.255    20.0401      0.301    8.05737     3.9705     3.9453    15.9076   14.49348 4.1742e+01      0.304 0.0000e+00
         35 101.842841    0.00236     0.1417      8.500  1019.3597  39815.344    24.3863      0.411    7.81543     3.9832     3.9570    19.3578   14.02745 3.7538e+01      0.415 0.0000e+00
         36 101.842844    0.00243     0.1458      8.750  1021.4618  44012.070    27.0344      0.530    7.66706     3.9936     3.9705    21.4593   13.74201 3.2556e+01      0.535 0.0000e+00
         37 101.842847    0.00250     0.1500      9.000  1022.7184  46520.391    28.6176      0.649    7.57747     4.0010     3.9832    22.7153   13.56988 2.8723e+01      0.655 0.0000e+00
         38 101.842850    0.00257     0.1542      9.250  1023.4684  48017.125    29.5626      0.759    7.52347     4.0059     3.9936    23.4647   13.46626 2.6480e+01      0.766 0.0000e+00
         39 101.842853    0.00264     0.1583      9.500  1023.9154  48909.335    30.1259      0.853    7.49102     4.0089     4.0011    23.9113   13.40406 2.5014e+01      0.861 0.0000e+00
         40 101.842856    0.00271     0.1625      9.750  1024.1816  49440.771    30.4613      0.928    7.47161     4.0108     4.0060    24.1772   13.36686 2.4190e+01      0.936 0.0000e+00
         41 101.842859    0.00278     0.1667     10.000  1024.3400  49756.949    30.6608      0.983    7.46003     4.0119     4.0090    24.3353   13.34469 2.3990e+01      0.993 0.0000e+00
         42 101.842862    0.00285     0.1708     10.250  1024.4340  49944.880    30.7792      1.023    7.45315     4.0126     4.0109    24.4292   13.33150 2.4026e+01      1.033 0.0000e+00
         43 101.842865    0.00292     0.1750     10.500  1024.4900  50056.821    30.8497      1.050    7.44905     4.0130     4.0120    24.4851   13.32364 2.3991e+01      1.060 0.0000e+00
         44 101.842867    0.00299     0.1792     10.750  1024.5236  50123.874    30.8920      1.066    7.44659     4.0135     4.0126    24.5186   13.31893 2.3981e+01      1.076 0.0000e+00
         45 101.842870    0.00306     0.1833     11.000  1024.5442  50164.998    30.9179      1.073    7.44506     4.0143     4.0131    24.5392   13.31602 2.4114e+01      1.084 0.0000e+00
         46 101.842873    0.00313     0.1875     11.250  1024.5580  50192.207    30.9353      1.078    7.44402     4.0155     4.0136    24.5529   13.31404 2.4130e+01      1.088 0.0000e+00
         47 101.842876    0.00319     0.1917     11.500  1024.5678  50211.383    30.9478      1.083    7.44321     4.0172     4.0143    24.5628   13.31252 2.3822e+01      1.093 0.0000e+00
         48 101.842879    0.00326     0.1958     11.750  1024.5745  50224.174    30.9563      1.091    7.44253     4.0192     4.0156    24.5694   13.31127 2.3550e+01      1.102 0.0000e+00
         49 101.842882    0.00333     0.2000     12.000  1024.5781  50230.801    30.9609      1.104    7.44197     4.0211     4.0173    24.5729   13.31027 2.3639e+01      1.115 0.0000e+00
         50 101.842885    0.00340     0.2042     12.250  1024.5787  50231.596    30.9617      1.120    7.44156     4.0228     4.0193    24.5733   13.30957 2.3714e+01      1.130 0.0000e+00
         51 101.842888    0.00347     0.2083     12.500  1024.5773  50228.794    30.9602      1.133    7.44128     4.0243     4.0212    24.5719   13.30914 2.3478e+01      1.143 0.0000e+00
         52 101.842891    0.00354     0.2125     12.750  1024.5764  50226.901    30.9592      1.140    7.44102     4.0258     4.0229    24.5710   13.30872 2.3252e+01      1.151 0.0000e+00
         53 101.842894    0.00361     0.2167     13.000  1024.5783  50230.124    30.9617      1.141    7.44062     4.0275     4.0244    24.5728   13.30802 2.3275e+01      1.152 0.0000e+00
         54 101.842896    0.00368     0.2208     13.250  1024.5832  50238.990    30.9681      1.137    7.44002     4.0292     4.0259    24.5778   13.30695 2.3369e+01      1.148 0.0000e+00
         55 101.842899    0.00375     0.2250     13.500  1024.5891  50249.849    30.9758      1.132    7.43932     4.0308     4.0276    24.5838   13.30570 2.3523e+01      1.143 0.0000e+00
         56 101.842902    0.00382     0.2292     13.750  1024.5938  50258.182    30.9819      1.128    7.43871     4.0319     4.0293    24.5884   13.30461 2.3888e+01      1.139 0.0000e+00
         57 101.842905    0.00389     0.2333     14.000  1024.5959  50261.930    30.9848      1.125    7.43828     4.0327     4.0308    24.5906   13.30387 2.4159e+01      1.136 0.0000e+00
         58 101.842908    0.00396     0.2375     14.250  1024.5958  50261.573    30.9848      1.123    7.43807     4.0329     4.0320    24.5905   13.30351 2.4078e+01      1.134 0.0000e+00
         59 101.842911    0.00403     0.2417     14.500  1024.5944  50258.844    30.9831      1.121    7.43803     4.0329     4.0327    24.5891   13.30346 2.4000e+01      1.132 0.0000e+00
         60 101.842914    0.00410     0.2458     14.750  1024.5928  50255.849    30.9812      1.119    7.43808     4.0327     4.0330    24.5875   13.30357 2.4123e+01      1.130 0.0000e+00
         61 101.842917    0.00417     0.2500     15.000  1024.5917  50253.713    30.9797      1.117    7.43816     4.0323     4.0329    24.5864   13.30372 2.4177e+01      1.127 0.0000e+00
         62 101.842920    0.00424     0.2542     15.250  1024.5910  50252.483    30.9788      1.115    7.43824     4.0319     4.0327    24.5857   13.30388 2.4150e+01      1.126 0.0000e+00
         63 101.842922    0.00431     0.2583     15.500  1024.5905  50251.766    30.9783      1.115    7.43833     4.0316     4.0324    24.5852   13.30403 2.4091e+01      1.126 0.0000e+00
         64 101.842925    0.00438     0.2625     15.750  1024.5898  50250.521    30.9773      1.118    7.43845     4.0315     4.0320    24.5845   13.30423 2.3870e+01      1.129 0.0000e+00
         65 101.842928    0.00444     0.2667     16.000  1024.5884  50247.900    30.9755      1.125    7.43860     4.0314     4.0317    24.5831   13.30450 2.3593e+01      1.136 0.0000e+00
         66 101.842931    0.00451     0.2708     16.250  1024.5862  50243.841    30.9727      1.136    7.43877     4.0313     4.0315    24.5809   13.30482 2.3440e+01      1.146 0.0000e+00
         67 101.842934    0.00458     0.2750     16.500  1024.5834  50238.449    30.9690      1.149    7.43897     4.0313     4.0315    24.5780   13.30519 2.3392e+01      1.159 0.0000e+00
         68 101.842937    0.00465     0.2792     16.750  1024.5800  50232.113    30.9646      1.160    7.43919     4.0312     4.0314    24.5745   13.30562 2.3328e+01      1.170 0.0000e+00
         69 101.842940    0.00472     0.2833     17.000  1024.5770  50226.443    30.9607      1.164    7.43940     4.0311     4.0314    24.5714   13.30601 2.3214e+01      1.175 0.0000e+00
         70 101.842943    0.00479     0.2875     17.250  1024.5755  50223.822    30.9589      1.160    7.43950     4.0310     4.0313    24.5700   13.30621 2.3107e+01      1.171 0.0000e+00
         71 101.842946    0.00486     0.2917     17.500  1024.5766  50225.932    30.9604      1.150    7.43945     4.0310     4.0312    24.5711   13.30610 2.3116e+01      1.161 0.0000e+00
         72 101.842948    0.00493     0.2958     17.750  1024.5799  50232.198    30.9646      1.137    7.43925     4.0309     4.0311    24.5745   13.30571 2.3292e+01      1.147 0.0000e+00
         73 101.842951    0.00500     0.3000     18.000  1024.5836  50239.066    30.9693      1.127    7.43902     4.0308     4.0311    24.5783   13.30528 2.3537e+01      1.137 0.0000e+00
         74 101.842954    0.00507     0.3042     18.250  1024.5857  50242.923    30.9719      1.124    7.43890     4.0306     4.0310    24.5803   13.30505 2.3703e+01      1.135 0.0000e+00
         75 101.842957    0.00514     0.3083     18.500  1024.5854  50242.413    30.9716      1.128    7.43894     4.0302     4.0309    24.5800   13.30511 2.3666e+01      1.138 0.0000e+00
         76 101.842960    0.00521     0.3125     18.750  1024.5830  50238.001    30.9685      1.134    7.43913     4.0296     4.0307    24.5776   13.30547 2.3471e+01      1.145 0.0000e+00
         77 101.842963    0.00528     0.3167     19.000  1024.5800  50232.439    30.9646      1.139    7.43940     4.0287     4.0303    24.5746   13.30597 2.3338e+01      1.150 0.0000e+00
         78 101.842966    0.00535     0.3208     19.250  1024.5783  50229.384    30.9624      1.142    7.43963     4.0277     4.0296    24.5729   13.30638 2.3421e+01      1.153 0.0000e+00
         79 101.842969    0.00542     0.3250     19.500  1024.5788  50230.595    30.9630      1.141    7.43976     4.0269     4.0288    24.5735   13.30658 2.3619e+01      1.152 0.0000e+00
         80 101.842972    0.00549     0.3292     19.750  1024.5816  50235.822    30.9663      1.139    7.43977     4.0266     4.0278    24.5762   13.30655 2.3697e+01      1.149 0.0000e+00
         81 101.842975    0.00556     0.3333     20.000  1024.5853  50242.888    30.9709      1.138    7.43968     4.0266     4.0270    24.5800   13.30634 2.3621e+01      1.148 0.0000e+00
         82 101.842977    0.00562     0.3375     20.250  1024.5883  50248.486    30.9746      1.140    7.43956     4.0267     4.0267    24.5830   13.30610 2.3512e+01      1.150 0.0000e+00
         83 101.842980    0.00569     0.3417     20.500  1024.5894  50250.385    30.9759      1.145    7.43950     4.0269     4.0267    24.5840   13.30598 2.3448e+01      1.156 0.0000e+00
         84 101.842983    0.00576     0.3458     20.750  1024.5882  50248.001    30.9744      1.152    7.43954     4.0268     4.0268    24.5827   13.30608 2.3518e+01      1.163 0.0000e+00
         85 101.842986    0.00583     0.3500     21.000  1024.5853  50242.648    30.9708      1.157    7.43970     4.0265     4.0270    24.5798   13.30638 2.3670e+01      1.168 0.0000e+00
