CTD-processing/allCTD/CNV--homogene/2014_07-21_t9_s05_cast163.cnv
* Sea-Bird SBE19plus Data File:
* FileName = C:\Users\kris.holderied\Documents\kasitsna\Research-Projects-and-Data\Oceanography-AK\CTD-Data-ALL-to-2014-06\2014-CTD-KachemakBay-CookInlet\2014-07-EVOSTC-CookInlet-quarterly\2014-07-21-CookInlet-Tran9-HomerSpit\2014-07-21-CookInlet-Tran9-cast163.hex
* Software Version 1.59
* Temperature SN =  4141
* Conductivity SN =  4141
* System UpLoad Time = Jul 21 2014 17:56:21
** Cook Inlet LTM Transect 9 (Homer Spit) North to South
** Date: 07-21
** Station: 9-05
** Start time: 16:16
** Depth (m): 95
** Comment:  CTD time is Alaska Daylight time.
** Comment: Two Niskin bottle water samples for OA.  Near bottom (90 m) and 1 m depths.
# nquan = 17
# nvalues = 748                         
# units = specified
# name 0 = scan: Scan Count
# name 1 = timeJ: Julian Days
# name 2 = timeH: Time, Elapsed [hours]
# name 3 = timeM: Time, Elapsed [minutes]
# name 4 = timeS: Time, Elapsed [seconds]
# name 5 = density00: Density [density, kg/m^3]
# name 6 = specc: Specific Conductance [uS/cm]
# name 7 = sal00: Salinity, Practical [PSU]
# name 8 = depSM: Depth [salt water, m], lat = 59.00
# name 9 = oxsolML/L: Oxygen Saturation, Garcia & Gordon [ml/l]
# name 10 = potemp090C: Potential Temperature [ITS-90, deg C]
# name 11 = tv290C: Temperature [ITS-90, deg C]
# name 12 = sigma-é00: Density [sigma-theta, kg/m^3]
# name 13 = n2satML/L: Nitrogen Saturation [ml/l]
# name 14 = par: PAR/Irradiance, Biospherical/Licor
# name 15 = prdM: Pressure, Strain Gauge [db]
# name 16 = flag:  0.000e+00
# span 0 =          1,        748       
# span 1 = 202.678137, 202.680298       
# span 2 =    0.00000,    0.05187       
# span 3 =     0.0000,     3.1125       
# span 4 =      0.000,    186.750       
# span 5 =   999.9026,  1025.0332       
# span 6 =   1062.035,  50119.758       
# span 7 =     0.5227,    31.6448       
# span 8 =     -0.019,     93.548       
# span 9 =    6.23207,    7.50875       
# span 10 =     8.1248,    13.8816      
# span 11 =     8.1339,    13.8817      
# span 12 =    -0.0974,    24.6137      
# span 13 =   11.38808,   13.84035      
# span 14 = 3.6434e-02, 5.9968e+00      
# span 15 =     -0.019,     94.453      
# span 16 = 0.0000e+00, 0.0000e+00      
# interval = seconds: 0.25
# start_time = Jul 21 2014 16:16:31 [Instrument's time stamp, header]
# bad_flag = -9.990e-29
*END*
[from data line 341]
        342 202.679123    0.02368     1.4208     85.250  1018.3232  39298.797    24.6890      1.065    6.24798    13.5522    13.5593    18.3183   11.40828 3.1893e+00      1.075 0.0000e+00
        343 202.679126    0.02375     1.4250     85.500  1018.3320  39314.975    24.7001      1.068    6.24776    13.5452    13.5577    18.3272   11.40779 3.1979e+00      1.078 0.0000e+00
        344 202.679129    0.02382     1.4292     85.750  1018.3411  39330.628    24.7106      1.067    6.24805    13.5391    13.5523    18.3363   11.40815 3.2019e+00      1.077 0.0000e+00
        345 202.679132    0.02389     1.4333     86.000  1018.3475  39340.741    24.7171      1.064    6.24871    13.5354    13.5453    18.3426   11.40917 3.2068e+00      1.074 0.0000e+00
        346 202.679135    0.02396     1.4375     86.250  1018.3505  39344.883    24.7196      1.059    6.24941    13.5344    13.5392    18.3457   11.41031 3.2107e+00      1.069 0.0000e+00
        347 202.679138    0.02403     1.4417     86.500  1018.3507  39344.244    24.7189      1.056    6.24992    13.5362    13.5355    18.3459   11.41116 3.2089e+00      1.066 0.0000e+00
        348 202.679141    0.02410     1.4458     86.750  1018.3475  39337.974    24.7145      1.054    6.25022    13.5410    13.5345    18.3427   11.41171 3.2034e+00      1.064 0.0000e+00
        349 202.679144    0.02417     1.4500     87.000  1018.3398  39324.095    24.7050      1.054    6.25036    13.5488    13.5363    18.3350   11.41205 3.2028e+00      1.064 0.0000e+00
        350 202.679146    0.02424     1.4542     87.250  1018.3278  39302.912    24.6907      1.054    6.25028    13.5589    13.5411    18.3230   11.41210 3.2097e+00      1.064 0.0000e+00
        351 202.679149    0.02431     1.4583     87.500  1018.3128  39276.787    24.6731      1.054    6.24995    13.5696    13.5490    18.3080   11.41175 3.2204e+00      1.064 0.0000e+00
        352 202.679152    0.02438     1.4625     87.750  1018.2973  39250.432    24.6554      1.052    6.24932    13.5787    13.5590    18.2925   11.41091 3.2341e+00      1.062 0.0000e+00
        353 202.679155    0.02444     1.4667     88.000  1018.2851  39230.365    24.6422      1.047    6.24844    13.5848    13.5698    18.2803   11.40959 3.2504e+00      1.057 0.0000e+00
        354 202.679158    0.02451     1.4708     88.250  1018.2774  39218.302    24.6344      1.041    6.24755    13.5885    13.5789    18.2726   11.40820 3.2654e+00      1.051 0.0000e+00
        355 202.679161    0.02458     1.4750     88.500  1018.2724  39210.565    24.6294      1.035    6.24695    13.5914    13.5850    18.2677   11.40726 3.2676e+00      1.045 0.0000e+00
        356 202.679164    0.02465     1.4792     88.750  1018.2681  39203.486    24.6247      1.030    6.24665    13.5947    13.5886    18.2634   11.40682 3.2579e+00      1.040 0.0000e+00
        357 202.679167    0.02472     1.4833     89.000  1018.2636  39195.847    24.6196      1.027    6.24647    13.5982    13.5915    18.2589   11.40658 3.2482e+00      1.037 0.0000e+00
        358 202.679170    0.02479     1.4875     89.250  1018.2591  39188.305    24.6146      1.026    6.24624    13.6016    13.5948    18.2544   11.40625 3.2352e+00      1.035 0.0000e+00
        359 202.679172    0.02486     1.4917     89.500  1018.2547  39181.087    24.6098      1.025    6.24596    13.6046    13.5983    18.2501   11.40585 3.2158e+00      1.034 0.0000e+00
        360 202.679175    0.02493     1.4958     89.750  1018.2506  39174.210    24.6052      1.023    6.24570    13.6071    13.6017    18.2459   11.40547 3.1994e+00      1.033 0.0000e+00
        361 202.679178    0.02500     1.5000     90.000  1018.2473  39168.762    24.6017      1.022    6.24545    13.6087    13.6047    18.2426   11.40509 3.1910e+00      1.032 0.0000e+00
        362 202.679181    0.02507     1.5042     90.250  1018.2451  39165.287    24.5994      1.022    6.24521    13.6095    13.6072    18.2404   11.40472 3.1828e+00      1.032 0.0000e+00
        363 202.679184    0.02514     1.5083     90.500  1018.2436  39162.895    24.5978      1.024    6.24506    13.6099    13.6088    18.2389   11.40448 3.1682e+00      1.034 0.0000e+00
        364 202.679187    0.02521     1.5125     90.750  1018.2424  39160.980    24.5966      1.029    6.24500    13.6098    13.6097    18.2378   11.40439 3.1509e+00      1.039 0.0000e+00
        365 202.679190    0.02528     1.5167     91.000  1018.2417  39159.658    24.5957      1.038    6.24499    13.6091    13.6100    18.2370   11.40439 3.1385e+00      1.048 0.0000e+00
        366 202.679193    0.02535     1.5208     91.250  1018.2416  39159.276    24.5954      1.052    6.24501    13.6073    13.6099    18.2368   11.40443 3.1356e+00      1.062 0.0000e+00
        367 202.679196    0.02542     1.5250     91.500  1018.2424  39160.329    24.5961      1.069    6.24508    13.6044    13.6092    18.2375   11.40454 3.1392e+00      1.079 0.0000e+00
        368 202.679198    0.02549     1.5292     91.750  1018.2440  39162.768    24.5977      1.085    6.24525    13.6011    13.6074    18.2390   11.40480 3.1444e+00      1.096 0.0000e+00
        369 202.679201    0.02556     1.5333     92.000  1018.2460  39165.843    24.5996      1.096    6.24555    13.5984    13.6045    18.2410   11.40528 3.1555e+00      1.107 0.0000e+00
        370 202.679204    0.02562     1.5375     92.250  1018.2479  39168.501    24.6012      1.100    6.24592    13.5972    13.6012    18.2429   11.40588 3.1780e+00      1.110 0.0000e+00
        371 202.679207    0.02569     1.5417     92.500  1018.2489  39169.743    24.6019      1.095    6.24624    13.5974    13.5985    18.2440   11.40640 3.2103e+00      1.105 0.0000e+00
        372 202.679210    0.02576     1.5458     92.750  1018.2488  39169.228    24.6015      1.082    6.24642    13.5987    13.5973    18.2439   11.40670 3.2399e+00      1.093 0.0000e+00
        373 202.679213    0.02583     1.5500     93.000  1018.2476  39167.282    24.6002      1.065    6.24643    13.6008    13.5976    18.2428   11.40675 3.2546e+00      1.075 0.0000e+00
        374 202.679216    0.02590     1.5542     93.250  1018.2458  39164.288    24.5982      1.048    6.24634    13.6036    13.5989    18.2410   11.40661 3.2582e+00      1.057 0.0000e+00
        375 202.679219    0.02597     1.5583     93.500  1018.2432  39160.217    24.5955      1.035    6.24617    13.6071    13.6010    18.2385   11.40636 3.2591e+00      1.044 0.0000e+00
        376 202.679222    0.02604     1.5625     93.750  1018.2400  39154.868    24.5920      1.027    6.24594    13.6111    13.6038    18.2353   11.40603 3.2568e+00      1.036 0.0000e+00
        377 202.679225    0.02611     1.5667     94.000  1018.2362  39148.654    24.5879      1.024    6.24564    13.6150    13.6073    18.2315   11.40558 3.2477e+00      1.034 0.0000e+00
        378 202.679227    0.02618     1.5708     94.250  1018.2322  39142.319    24.5838      1.025    6.24529    13.6185    13.6113    18.2276   11.40503 3.2355e+00      1.035 0.0000e+00
        379 202.679230    0.02625     1.5750     94.500  1018.2285  39136.282    24.5798      1.027    6.24494    13.6215    13.6151    18.2238   11.40449 3.2234e+00      1.037 0.0000e+00
        380 202.679233    0.02632     1.5792     94.750  1018.2252  39130.852    24.5763      1.028    6.24462    13.6239    13.6186    18.2204   11.40400 3.2118e+00      1.038 0.0000e+00
        381 202.679236    0.02639     1.5833     95.000  1018.2224  39126.455    24.5734      1.027    6.24433    13.6255    13.6216    18.2177   11.40356 3.2076e+00      1.037 0.0000e+00
        382 202.679239    0.02646     1.5875     95.250  1018.2205  39123.546    24.5715      1.024    6.24409    13.6263    13.6240    18.2158   11.40318 3.2101e+00      1.034 0.0000e+00
        383 202.679242    0.02653     1.5917     95.500  1018.2193  39121.746    24.5704      1.021    6.24393    13.6268    13.6256    18.2146   11.40293 3.2028e+00      1.030 0.0000e+00
        384 202.679245    0.02660     1.5958     95.750  1018.2179  39119.487    24.5689      1.019    6.24389    13.6279    13.6264    18.2133   11.40287 3.1777e+00      1.029 0.0000e+00
        385 202.679248    0.02667     1.6000     96.000  1018.2156  39115.246    24.5660      1.021    6.24393    13.6299    13.6270    18.2110   11.40297 3.1460e+00      1.031 0.0000e+00
        386 202.679251    0.02674     1.6042     96.250  1018.2119  39108.477    24.5614      1.029    6.24397    13.6324    13.6281    18.2072   11.40309 3.1207e+00      1.038 0.0000e+00
        387 202.679253    0.02681     1.6083     96.500  1018.2077  39101.100    24.5564      1.041    6.24390    13.6337    13.6301    18.2030   11.40303 3.1120e+00      1.050 0.0000e+00
        388 202.679256    0.02688     1.6125     96.750  1018.2050  39096.738    24.5535      1.055    6.24369    13.6322    13.6326    18.2003   11.40271 3.1175e+00      1.065 0.0000e+00
        389 202.679259    0.02694     1.6167     97.000  1018.2051  39096.993    24.5538      1.070    6.24351    13.6278    13.6338    18.2002   11.40242 3.1268e+00      1.080 0.0000e+00
        390 202.679262    0.02701     1.6208     97.250  1018.2076  39101.143    24.5565      1.081    6.24360    13.6222    13.6323    18.2027   11.40254 3.1378e+00      1.091 0.0000e+00
        391 202.679265    0.02708     1.6250     97.500  1018.2115  39107.320    24.5605      1.088    6.24401    13.6168    13.6280    18.2066   11.40317 3.1534e+00      1.098 0.0000e+00
        392 202.679268    0.02715     1.6292     97.750  1018.2158  39113.791    24.5647      1.091    6.24459    13.6123    13.6223    18.2108   11.40409 3.1723e+00      1.101 0.0000e+00
        393 202.679271    0.02722     1.6333     98.000  1018.2201  39120.533    24.5690      1.090    6.24511    13.6080    13.6170    18.2152   11.40492 3.1874e+00      1.100 0.0000e+00
        394 202.679274    0.02729     1.6375     98.250  1018.2251  39128.842    24.5745      1.086    6.24549    13.6030    13.6125    18.2202   11.40548 3.1934e+00      1.097 0.0000e+00
        395 202.679277    0.02736     1.6417     98.500  1018.2321  39140.826    24.5825      1.081    6.24574    13.5971    13.6082    18.2272   11.40580 3.1995e+00      1.091 0.0000e+00
        396 202.679280    0.02743     1.6458     98.750  1018.2403  39154.983    24.5920      1.073    6.24603    13.5925    13.6031    18.2355   11.40617 3.2153e+00      1.083 0.0000e+00
        397 202.679282    0.02750     1.6500     99.000  1018.2462  39164.597    24.5983      1.062    6.24655    13.5917    13.5973    18.2414   11.40696 3.2288e+00      1.072 0.0000e+00
        398 202.679285    0.02757     1.6542     99.250  1018.2474  39165.693    24.5988      1.047    6.24713    13.5947    13.5927    18.2426   11.40792 3.2250e+00      1.057 0.0000e+00
        399 202.679288    0.02764     1.6583     99.500  1018.2447  39160.557    24.5952      1.029    6.24738    13.5996    13.5918    18.2400   11.40839 3.2149e+00      1.039 0.0000e+00
        400 202.679291    0.02771     1.6625     99.750  1018.2408  39154.078    24.5909      1.011    6.24716    13.6041    13.5948    18.2362   11.40806 3.2148e+00      1.021 0.0000e+00
        401 202.679294    0.02778     1.6667    100.000  1018.2374  39149.253    24.5879      0.996    6.24664    13.6069    13.5997    18.2329   11.40723 3.2155e+00      1.006 0.0000e+00
        402 202.679297    0.02785     1.6708    100.250  1018.2353  39146.553    24.5863      0.987    6.24611    13.6071    13.6042    18.2308   11.40637 3.2034e+00      0.997 0.0000e+00
        403 202.679300    0.02792     1.6750    100.500  1018.2352  39147.105    24.5869      0.986    6.24572    13.6037    13.6070    18.2307   11.40572 3.1775e+00      0.996 0.0000e+00
        404 202.679303    0.02799     1.6792    100.750  1018.2386  39153.425    24.5912      0.992    6.24553    13.5964    13.6072    18.2341   11.40534 3.1499e+00      1.002 0.0000e+00
        405 202.679306    0.02806     1.6833    101.000  1018.2463  39166.876    24.6003      1.005    6.24561    13.5863    13.6038    18.2417   11.40537 3.1326e+00      1.015 0.0000e+00
        406 202.679308    0.02813     1.6875    101.250  1018.2572  39185.301    24.6126      1.023    6.24608    13.5759    13.5965    18.2526   11.40602 3.1206e+00      1.033 0.0000e+00
        407 202.679311    0.02819     1.6917    101.500  1018.2692  39204.875    24.6256      1.042    6.24690    13.5671    13.5865    18.2644   11.40722 3.1101e+00      1.052 0.0000e+00
        408 202.679314    0.02826     1.6958    101.750  1018.2799  39222.095    24.6369      1.061    6.24782    13.5602    13.5761    18.2750   11.40862 3.1101e+00      1.071 0.0000e+00
        409 202.679317    0.02833     1.7000    102.000  1018.2881  39235.134    24.6453      1.077    6.24864    13.5548    13.5672    18.2832   11.40990 3.1237e+00      1.087 0.0000e+00
        410 202.679320    0.02840     1.7042    102.250  1018.2945  39245.118    24.6518      1.089    6.24928    13.5506    13.5604    18.2895   11.41089 3.1422e+00      1.099 0.0000e+00
        411 202.679323    0.02847     1.7083    102.500  1018.2992  39252.550    24.6566      1.096    6.24980    13.5480    13.5550    18.2942   11.41169 3.1557e+00      1.106 0.0000e+00
        412 202.679326    0.02854     1.7125    102.750  1018.3017  39256.156    24.6589      1.096    6.25026    13.5475    13.5508    18.2967   11.41244 3.1638e+00      1.106 0.0000e+00
        413 202.679329    0.02861     1.7167    103.000  1018.3017  39255.528    24.6583      1.091    6.25062    13.5488    13.5482    18.2967   11.41305 3.1774e+00      1.102 0.0000e+00
        414 202.679332    0.02868     1.7208    103.250  1018.2996  39251.583    24.6555      1.082    6.25080    13.5513    13.5476    18.2947   11.41337 3.1983e+00      1.093 0.0000e+00
        415 202.679334    0.02875     1.7250    103.500  1018.2962  39245.545    24.6514      1.070    6.25079    13.5547    13.5489    18.2913   11.41341 3.2160e+00      1.080 0.0000e+00
        416 202.679337    0.02882     1.7292    103.750  1018.2919  39238.324    24.6466      1.057    6.25064    13.5583    13.5514    18.2871   11.41322 3.2207e+00      1.067 0.0000e+00
        417 202.679340    0.02889     1.7333    104.000  1018.2874  39230.905    24.6416      1.044    6.25040    13.5617    13.5548    18.2827   11.41288 3.2137e+00      1.054 0.0000e+00
        418 202.679343    0.02896     1.7375    104.250  1018.2834  39224.359    24.6373      1.033    6.25010    13.5646    13.5584    18.2787   11.41243 3.2061e+00      1.042 0.0000e+00
        419 202.679346    0.02903     1.7417    104.500  1018.2803  39219.461    24.6342      1.025    6.24977    13.5666    13.5618    18.2756   11.41192 3.2030e+00      1.034 0.0000e+00
        420 202.679349    0.02910     1.7458    104.750  1018.2783  39216.578    24.6324      1.021    6.24946    13.5673    13.5647    18.2737   11.41142 3.2004e+00      1.031 0.0000e+00
        421 202.679352    0.02917     1.7500    105.000  1018.2779  39216.293    24.6323      1.022    6.24921    13.5666    13.5667    18.2732   11.41100 3.1927e+00      1.031 0.0000e+00
        422 202.679355    0.02924     1.7542    105.250  1018.2799  39220.202    24.6350      1.026    6.24901    13.5638    13.5675    18.2752   11.41063 3.1757e+00      1.036 0.0000e+00
        423 202.679358    0.02931     1.7583    105.500  1018.2859  39231.122    24.6425      1.035    6.24881    13.5579    13.5667    18.2812   11.41021 3.1518e+00      1.045 0.0000e+00
        424 202.679361    0.02937     1.7625    105.750  1018.2979  39252.676    24.6573      1.051    6.24860    13.5471    13.5640    18.2931   11.40968 3.1243e+00      1.060 0.0000e+00
        425 202.679363    0.02944     1.7667    106.000  1018.3187  39289.927    24.6828      1.077    6.24838    13.5284    13.5581    18.3138   11.40902 3.0827e+00      1.087 0.0000e+00
