CTD-processing/allCTD/CNV--homogene/2014_03-28_alongbay_skb08_cast235.cnv
* Sea-Bird SBE19plus Data File:
* FileName = C:\Users\kris.holderied\Documents\kasitsna\Research-Projects-and-Data\Oceanography-AK\CTD-Data-ALL-to-2013-06-17\2014-CTD-KachemakBay\2014-03-28-KachemakBay-AlongBayLine\2014-03-28-KachemakBay-AlongBayLine-cast235.hex
* Software Version 1.59
* Temperature SN =  5028
* Conductivity SN =  5028
* System UpLoad Time = Apr 09 2014 18:35:57
** Cook Inlet, Kachemak Bay Along-bay line, west to east
** Date: 2014-03-28
** Station: KB08
** Start time: 16:59
** Depth (m): 82
** Comment:  CTD instrument time is AK Daylight. Did Tran 9 in middle of along-bay run (9-06 is KB-06).
** Comment:
# nquan = 17
# nvalues = 582                         
# units = specified
# name 0 = scan: Scan Count
# name 1 = timeJ: Julian Days
# name 2 = timeH: Time, Elapsed [hours]
# name 3 = timeM: Time, Elapsed [minutes]
# name 4 = timeS: Time, Elapsed [seconds]
# name 5 = density00: Density [density, kg/m^3]
# name 6 = specc: Specific Conductance [uS/cm]
# name 7 = sal00: Salinity, Practical [PSU]
# name 8 = depSM: Depth [salt water, m], lat = 59.00
# name 9 = oxsolML/L: Oxygen Saturation, Garcia & Gordon [ml/l]
# name 10 = potemp090C: Potential Temperature [ITS-90, deg C]
# name 11 = tv290C: Temperature [ITS-90, deg C]
# name 12 = sigma-é00: Density [sigma-theta, kg/m^3]
# name 13 = n2satML/L: Nitrogen Saturation [ml/l]
# name 14 = par: PAR/Irradiance, Biospherical/Licor
# name 15 = prdM: Pressure, Strain Gauge [db]
# name 16 = flag:  0.000e+00
# span 0 =          1,        582       
# span 1 =  87.708542,  87.710223       
# span 2 =    0.00000,    0.04035       
# span 3 =     0.0000,     2.4208       
# span 4 =      0.000,    145.250       
# span 5 =  1004.1464,  1025.4507       
# span 6 =   9616.716,  51258.451       
# span 7 =     5.2187,    31.5624       
# span 8 =     -0.095,     79.774       
# span 9 =    7.44172,    8.86493       
# span 10 =     3.6049,     3.9738      
# span 11 =     3.6057,     3.9738      
# span 12 =     4.1469,    25.0740      
# span 13 =   13.30344,   16.05201      
# span 14 = 3.7912e-02, 5.8166e+02      
# span 15 =     -0.096,     80.542      
# span 16 = 0.0000e+00, 0.0000e+00      
# interval = seconds: 0.25
# start_time = Mar 28 2014 17:00:18 [Instrument's time stamp, header]
# bad_flag = -9.990e-29
*END*
[from data line 426]
        427  87.709774    0.02958     1.7750    106.500  1025.2403  51217.491    31.5469     37.098    7.46323     3.7368     3.7387    25.0649   13.33764 3.2463e-01     37.452 0.0000e+00
        428  87.709777    0.02965     1.7792    106.750  1025.2417  51217.746    31.5470     37.391    7.46318     3.7369     3.7389    25.0650   13.33756 3.0904e-01     37.748 0.0000e+00
        429  87.709780    0.02972     1.7833    107.000  1025.2431  51217.836    31.5469     37.682    7.46314     3.7369     3.7391    25.0649   13.33751 2.9439e-01     38.041 0.0000e+00
        430  87.709783    0.02979     1.7875    107.250  1025.2444  51218.077    31.5470     37.962    7.46312     3.7371     3.7392    25.0650   13.33746 2.8094e-01     38.324 0.0000e+00
        431  87.709786    0.02986     1.7917    107.500  1025.2459  51218.715    31.5473     38.232    7.46308     3.7374     3.7393    25.0652   13.33740 2.6866e-01     38.597 0.0000e+00
        432  87.709789    0.02993     1.7958    107.750  1025.2477  51219.774    31.5479     38.496    7.46302     3.7378     3.7395    25.0657   13.33730 2.5721e-01     38.863 0.0000e+00
        433  87.709792    0.03000     1.8000    108.000  1025.2495  51220.964    31.5486     38.761    7.46293     3.7384     3.7398    25.0663   13.33713 2.4617e-01     39.131 0.0000e+00
        434  87.709795    0.03007     1.8042    108.250  1025.2511  51221.759    31.5492     39.036    7.46281     3.7390     3.7403    25.0666   13.33693 2.3527e-01     39.408 0.0000e+00
        435  87.709797    0.03014     1.8083    108.500  1025.2525  51221.993    31.5494     39.321    7.46269     3.7396     3.7409    25.0667   13.33673 2.2452e-01     39.696 0.0000e+00
        436  87.709800    0.03021     1.8125    108.750  1025.2538  51221.938    31.5493     39.612    7.46258     3.7400     3.7415    25.0666   13.33655 2.1410e-01     39.989 0.0000e+00
        437  87.709803    0.03028     1.8167    109.000  1025.2551  51221.847    31.5492     39.900    7.46249     3.7403     3.7421    25.0665   13.33640 2.0430e-01     40.280 0.0000e+00
        438  87.709806    0.03035     1.8208    109.250  1025.2564  51221.854    31.5492     40.181    7.46241     3.7406     3.7425    25.0665   13.33627 1.9530e-01     40.564 0.0000e+00
        439  87.709809    0.03042     1.8250    109.500  1025.2577  51222.001    31.5493     40.454    7.46234     3.7409     3.7429    25.0665   13.33616 1.8702e-01     40.839 0.0000e+00
        440  87.709812    0.03049     1.8292    109.750  1025.2590  51222.203    31.5493     40.724    7.46228     3.7412     3.7432    25.0665   13.33605 1.7925e-01     41.112 0.0000e+00
        441  87.709815    0.03056     1.8333    110.000  1025.2603  51222.400    31.5494     40.997    7.46222     3.7414     3.7434    25.0665   13.33596 1.7175e-01     41.388 0.0000e+00
        442  87.709818    0.03062     1.8375    110.250  1025.2617  51222.661    31.5495     41.278    7.46217     3.7417     3.7437    25.0665   13.33587 1.6442e-01     41.672 0.0000e+00
        443  87.709821    0.03069     1.8417    110.500  1025.2632  51223.075    31.5497     41.564    7.46211     3.7421     3.7440    25.0667   13.33577 1.5733e-01     41.961 0.0000e+00
        444  87.709823    0.03076     1.8458    110.750  1025.2647  51223.549    31.5499     41.849    7.46204     3.7424     3.7443    25.0669   13.33565 1.5058e-01     42.249 0.0000e+00
        445  87.709826    0.03083     1.8500    111.000  1025.2662  51223.938    31.5502     42.130    7.46196     3.7428     3.7447    25.0670   13.33552 1.4426e-01     42.532 0.0000e+00
        446  87.709829    0.03090     1.8542    111.250  1025.2676  51224.272    31.5504     42.405    7.46188     3.7432     3.7450    25.0671   13.33538 1.3841e-01     42.809 0.0000e+00
        447  87.709832    0.03097     1.8583    111.500  1025.2690  51224.615    31.5506     42.677    7.46180     3.7436     3.7454    25.0672   13.33524 1.3293e-01     43.084 0.0000e+00
        448  87.709835    0.03104     1.8625    111.750  1025.2704  51224.960    31.5508     42.949    7.46171     3.7441     3.7459    25.0674   13.33510 1.2772e-01     43.359 0.0000e+00
        449  87.709838    0.03111     1.8667    112.000  1025.2718  51225.289    31.5509     43.225    7.46162     3.7446     3.7463    25.0675   13.33494 1.2272e-01     43.637 0.0000e+00
        450  87.709841    0.03118     1.8708    112.250  1025.2732  51225.671    31.5512     43.504    7.46151     3.7452     3.7468    25.0676   13.33476 1.1791e-01     43.919 0.0000e+00
        451  87.709844    0.03125     1.8750    112.500  1025.2747  51226.035    31.5514     43.783    7.46141     3.7457     3.7474    25.0678   13.33458 1.1332e-01     44.201 0.0000e+00
        452  87.709847    0.03132     1.8792    112.750  1025.2760  51226.185    31.5515     44.061    7.46130     3.7461     3.7479    25.0678   13.33441 1.0900e-01     44.482 0.0000e+00
        453  87.709850    0.03139     1.8833    113.000  1025.2773  51226.197    31.5515     44.334    7.46121     3.7465     3.7484    25.0677   13.33425 1.0496e-01     44.758 0.0000e+00
        454  87.709852    0.03146     1.8875    113.250  1025.2786  51226.336    31.5516     44.606    7.46112     3.7470     3.7489    25.0678   13.33411 1.0116e-01     45.032 0.0000e+00
        455  87.709855    0.03153     1.8917    113.500  1025.2800  51226.710    31.5518     44.878    7.46103     3.7475     3.7493    25.0679   13.33396 9.7554e-02     45.307 0.0000e+00
        456  87.709858    0.03160     1.8958    113.750  1025.2815  51227.225    31.5521     45.154    7.46093     3.7480     3.7497    25.0681   13.33379 9.4110e-02     45.586 0.0000e+00
        457  87.709861    0.03167     1.9000    114.000  1025.2831  51227.747    31.5525     45.436    7.46082     3.7486     3.7502    25.0684   13.33361 9.0789e-02     45.870 0.0000e+00
        458  87.709864    0.03174     1.9042    114.250  1025.2846  51228.214    31.5528     45.720    7.46070     3.7493     3.7508    25.0686   13.33341 8.7585e-02     46.157 0.0000e+00
        459  87.709867    0.03181     1.9083    114.500  1025.2861  51228.574    31.5530     46.005    7.46058     3.7499     3.7514    25.0687   13.33320 8.4531e-02     46.444 0.0000e+00
        460  87.709870    0.03188     1.9125    114.750  1025.2874  51228.740    31.5531     46.289    7.46046     3.7504     3.7521    25.0687   13.33300 8.1660e-02     46.731 0.0000e+00
        461  87.709873    0.03194     1.9167    115.000  1025.2887  51228.744    31.5531     46.573    7.46034     3.7508     3.7527    25.0687   13.33280 7.8962e-02     47.018 0.0000e+00
        462  87.709876    0.03201     1.9208    115.250  1025.2900  51228.750    31.5531     46.859    7.46024     3.7512     3.7533    25.0686   13.33263 7.6407e-02     47.307 0.0000e+00
        463  87.709878    0.03208     1.9250    115.500  1025.2914  51228.833    31.5532     47.145    7.46015     3.7516     3.7538    25.0686   13.33249 7.4002e-02     47.596 0.0000e+00
        464  87.709881    0.03215     1.9292    115.750  1025.2927  51229.009    31.5532     47.428    7.46007     3.7520     3.7542    25.0686   13.33235 7.1763e-02     47.881 0.0000e+00
        465  87.709884    0.03222     1.9333    116.000  1025.2942  51229.363    31.5534     47.706    7.45999     3.7524     3.7545    25.0687   13.33222 6.9669e-02     48.162 0.0000e+00
        466  87.709887    0.03229     1.9375    116.250  1025.2956  51229.825    31.5537     47.978    7.45990     3.7528     3.7549    25.0689   13.33208 6.7690e-02     48.437 0.0000e+00
        467  87.709890    0.03236     1.9417    116.500  1025.2970  51230.160    31.5539     48.248    7.45981     3.7532     3.7554    25.0690   13.33193 6.5826e-02     48.710 0.0000e+00
        468  87.709893    0.03243     1.9458    116.750  1025.2983  51230.310    31.5540     48.519    7.45973     3.7536     3.7558    25.0690   13.33178 6.4081e-02     48.983 0.0000e+00
        469  87.709896    0.03250     1.9500    117.000  1025.2996  51230.372    31.5540     48.795    7.45965     3.7539     3.7563    25.0690   13.33164 6.2426e-02     49.261 0.0000e+00
        470  87.709899    0.03257     1.9542    117.250  1025.3009  51230.426    31.5540     49.075    7.45957     3.7542     3.7567    25.0689   13.33152 6.0841e-02     49.544 0.0000e+00
        471  87.709902    0.03264     1.9583    117.500  1025.3022  51230.537    31.5540     49.359    7.45951     3.7545     3.7570    25.0689   13.33142 5.9335e-02     49.831 0.0000e+00
        472  87.709905    0.03271     1.9625    117.750  1025.3036  51230.722    31.5540     49.642    7.45945     3.7547     3.7573    25.0690   13.33132 5.7917e-02     50.117 0.0000e+00
        473  87.709907    0.03278     1.9667    118.000  1025.3049  51230.941    31.5541     49.922    7.45940     3.7549     3.7576    25.0690   13.33124 5.6590e-02     50.399 0.0000e+00
        474  87.709910    0.03285     1.9708    118.250  1025.3063  51231.182    31.5542     50.199    7.45935     3.7552     3.7578    25.0691   13.33116 5.5355e-02     50.679 0.0000e+00
        475  87.709913    0.03292     1.9750    118.500  1025.3076  51231.429    31.5543     50.478    7.45930     3.7554     3.7581    25.0691   13.33108 5.4188e-02     50.960 0.0000e+00
        476  87.709916    0.03299     1.9792    118.750  1025.3090  51231.688    31.5543     50.761    7.45925     3.7556     3.7583    25.0691   13.33100 5.3063e-02     51.246 0.0000e+00
        477  87.709919    0.03306     1.9833    119.000  1025.3105  51231.954    31.5544     51.049    7.45921     3.7558     3.7586    25.0692   13.33092 5.1985e-02     51.537 0.0000e+00
        478  87.709922    0.03313     1.9875    119.250  1025.3118  51232.124    31.5544     51.337    7.45916     3.7560     3.7588    25.0692   13.33084 5.0964e-02     51.828 0.0000e+00
        479  87.709925    0.03319     1.9917    119.500  1025.3131  51232.183    31.5544     51.623    7.45912     3.7562     3.7590    25.0692   13.33078 5.0012e-02     52.117 0.0000e+00
        480  87.709928    0.03326     1.9958    119.750  1025.3144  51232.234    31.5543     51.905    7.45908     3.7563     3.7592    25.0691   13.33072 4.9140e-02     52.401 0.0000e+00
        481  87.709931    0.03333     2.0000    120.000  1025.3156  51232.349    31.5543     52.181    7.45905     3.7564     3.7594    25.0691   13.33067 4.8333e-02     52.680 0.0000e+00
        482  87.709933    0.03340     2.0042    120.250  1025.3169  51232.559    31.5544     52.454    7.45903     3.7565     3.7595    25.0691   13.33062 4.7578e-02     52.955 0.0000e+00
        483  87.709936    0.03347     2.0083    120.500  1025.3183  51232.853    31.5545     52.725    7.45900     3.7566     3.7597    25.0691   13.33058 4.6872e-02     53.229 0.0000e+00
        484  87.709939    0.03354     2.0125    120.750  1025.3196  51233.166    31.5546     52.998    7.45897     3.7568     3.7598    25.0692   13.33053 4.6204e-02     53.505 0.0000e+00
        485  87.709942    0.03361     2.0167    121.000  1025.3210  51233.443    31.5546     53.273    7.45894     3.7569     3.7599    25.0693   13.33047 4.5566e-02     53.783 0.0000e+00
        486  87.709945    0.03368     2.0208    121.250  1025.3224  51233.702    31.5547     53.550    7.45891     3.7571     3.7601    25.0693   13.33042 4.4955e-02     54.063 0.0000e+00
        487  87.709948    0.03375     2.0250    121.500  1025.3237  51233.940    31.5548     53.829    7.45887     3.7572     3.7603    25.0693   13.33037 4.4369e-02     54.344 0.0000e+00
        488  87.709951    0.03382     2.0292    121.750  1025.3251  51234.141    31.5548     54.112    7.45884     3.7573     3.7605    25.0693   13.33031 4.3815e-02     54.630 0.0000e+00
        489  87.709954    0.03389     2.0333    122.000  1025.3264  51234.336    31.5548     54.400    7.45881     3.7575     3.7606    25.0694   13.33026 4.3289e-02     54.921 0.0000e+00
        490  87.709957    0.03396     2.0375    122.250  1025.3278  51234.525    31.5548     54.693    7.45878     3.7576     3.7608    25.0694   13.33022 4.2779e-02     55.217 0.0000e+00
        491  87.709959    0.03403     2.0417    122.500  1025.3292  51234.705    31.5549     54.989    7.45876     3.7577     3.7609    25.0694   13.33017 4.2288e-02     55.515 0.0000e+00
        492  87.709962    0.03410     2.0458    122.750  1025.3306  51234.962    31.5549     55.282    7.45873     3.7579     3.7610    25.0694   13.33012 4.1827e-02     55.811 0.0000e+00
        493  87.709965    0.03417     2.0500    123.000  1025.3321  51235.351    31.5551     55.570    7.45869     3.7581     3.7612    25.0695   13.33006 4.1405e-02     56.102 0.0000e+00
        494  87.709968    0.03424     2.0542    123.250  1025.3336  51235.847    31.5553     55.852    7.45864     3.7585     3.7614    25.0697   13.32998 4.1022e-02     56.387 0.0000e+00
        495  87.709971    0.03431     2.0583    123.500  1025.3351  51236.450    31.5557     56.129    7.45858     3.7589     3.7616    25.0699   13.32987 4.0669e-02     56.667 0.0000e+00
        496  87.709974    0.03438     2.0625    123.750  1025.3367  51237.085    31.5560     56.405    7.45850     3.7594     3.7620    25.0702   13.32973 4.0336e-02     56.945 0.0000e+00
        497  87.709977    0.03444     2.0667    124.000  1025.3383  51237.663    31.5564     56.681    7.45840     3.7599     3.7624    25.0704   13.32957 4.0018e-02     57.224 0.0000e+00
        498  87.709980    0.03451     2.0708    124.250  1025.3398  51238.247    31.5568     56.960    7.45829     3.7606     3.7629    25.0706   13.32938 3.9718e-02     57.505 0.0000e+00
        499  87.709983    0.03458     2.0750    124.500  1025.3415  51238.941    31.5572     57.241    7.45816     3.7615     3.7635    25.0710   13.32915 3.9433e-02     57.790 0.0000e+00
        500  87.709986    0.03465     2.0792    124.750  1025.3432  51239.712    31.5578     57.525    7.45800     3.7624     3.7642    25.0714   13.32888 3.9159e-02     58.076 0.0000e+00
        501  87.709988    0.03472     2.0833    125.000  1025.3449  51240.408    31.5583     57.808    7.45782     3.7635     3.7651    25.0717   13.32858 3.8896e-02     58.361 0.0000e+00
        502  87.709991    0.03479     2.0875    125.250  1025.3465  51240.924    31.5588     58.090    7.45762     3.7646     3.7661    25.0720   13.32824 3.8654e-02     58.646 0.0000e+00
        503  87.709994    0.03486     2.0917    125.500  1025.3479  51241.152    31.5591     58.371    7.45741     3.7657     3.7671    25.0721   13.32788 3.8445e-02     58.930 0.0000e+00
        504  87.709997    0.03493     2.0958    125.750  1025.3492  51241.062    31.5591     58.651    7.45720     3.7666     3.7682    25.0721   13.32753 3.8272e-02     59.212 0.0000e+00
        505  87.710000    0.03500     2.1000    126.000  1025.3504  51240.862    31.5591     58.930    7.45700     3.7675     3.7693    25.0720   13.32721 3.8138e-02     59.494 0.0000e+00
        506  87.710003    0.03507     2.1042    126.250  1025.3516  51240.713    31.5591     59.209    7.45682     3.7682     3.7703    25.0719   13.32691 3.8048e-02     59.776 0.0000e+00
        507  87.710006    0.03514     2.1083    126.500  1025.3528  51240.582    31.5591     59.488    7.45666     3.7688     3.7712    25.0718   13.32665 3.7994e-02     60.058 0.0000e+00
        508  87.710009    0.03521     2.1125    126.750  1025.3540  51240.438    31.5590     59.766    7.45653     3.7693     3.7719    25.0717   13.32643 3.7961e-02     60.339 0.0000e+00
        509  87.710012    0.03528     2.1167    127.000  1025.3552  51240.327    31.5590     60.044    7.45641     3.7698     3.7725    25.0715   13.32625 3.7941e-02     60.619 0.0000e+00
        510  87.710014    0.03535     2.1208    127.250  1025.3565  51240.322    31.5589     60.322    7.45632     3.7701     3.7731    25.0715   13.32609 3.7930e-02     60.900 0.0000e+00
