CTD-processing/allCTD/CNV--homogene/2014_10-19_t9_s08_cast150.cnv
* Sea-Bird SBE19plus Data File:
* FileName = C:\Users\kris.holderied\Documents\kasitsna\Research-Projects-and-Data\Oceanography-AK\CTD-Data-ALL-to-2014-10\2014-CTD-KachemakBay-CookInlet\2014-10-EVOSTC-CookInlet\2014-10-19-CookInlet-Tran9-HomerSpit\2014-10-19-CookInlet-Tran9-cast150.hex
* Software Version 1.59
* Temperature SN =  4141
* Conductivity SN =  4141
* System UpLoad Time = Nov 25 2014 12:54:03
** Cook Inlet LTM Tran9 (Homer Spit) south to north
** Date: 10-19
** Station: 9-08
** Start time:  11:16
** Depth (m): 93
** Comment:  CTD time is Alaska Daylight time.  R/V Pandalus. Transducer  depth.
** Comment:
# nquan = 17
# nvalues = 805                         
# units = specified
# name 0 = scan: Scan Count
# name 1 = timeJ: Julian Days
# name 2 = timeH: Time, Elapsed [hours]
# name 3 = timeM: Time, Elapsed [minutes]
# name 4 = timeS: Time, Elapsed [seconds]
# name 5 = density00: Density [density, kg/m^3]
# name 6 = specc: Specific Conductance [uS/cm]
# name 7 = sal00: Salinity, Practical [PSU]
# name 8 = depSM: Depth [salt water, m], lat = 59.00
# name 9 = oxsolML/L: Oxygen Saturation, Garcia & Gordon [ml/l]
# name 10 = potemp090C: Potential Temperature [ITS-90, deg C]
# name 11 = tv290C: Temperature [ITS-90, deg C]
# name 12 = sigma-é00: Density [sigma-theta, kg/m^3]
# name 13 = n2satML/L: Nitrogen Saturation [ml/l]
# name 14 = par: PAR/Irradiance, Biospherical/Licor
# name 15 = prdM: Pressure, Strain Gauge [db]
# name 16 = flag:  0.000e+00
# span 0 =          1,        805       
# span 1 = 292.469931, 292.472257       
# span 2 =    0.00000,    0.05583       
# span 3 =     0.0000,     3.3500       
# span 4 =      0.000,    201.000       
# span 5 =  1001.2183,  1024.2752       
# span 6 =   3429.207,  48845.890       
# span 7 =     1.7699,    30.9794       
# span 8 =     -0.325,     93.498       
# span 9 =    6.50731,    8.10829       
# span 10 =     8.4187,     9.7954      
# span 11 =     8.4186,     9.8056      
# span 12 =     1.2198,    23.8474      
# span 13 =   11.76447,   14.83484      
# span 14 = 4.5940e-02, 2.2901e+02      
# span 15 =     -0.328,     94.402      
# span 16 = 0.0000e+00, 0.0000e+00      
# interval = seconds: 0.25
# start_time = Oct 19 2014 11:16:42 [Instrument's time stamp, header]
# bad_flag = -9.990e-29
*END*
[from data line 341]
        342 292.470917    0.02368     1.4208     85.250  1023.3223  47692.129    30.1366     11.437    6.61854     9.3063     9.2839    23.2697   11.95894 6.0716e+00     11.545 0.0000e+00
        343 292.470920    0.02375     1.4250     85.500  1023.3387  47721.112    30.1581     11.679    6.61614     9.3234     9.2939    23.2849   11.95472 5.7795e+00     11.789 0.0000e+00
        344 292.470923    0.02382     1.4292     85.750  1023.3568  47753.826    30.1827     11.901    6.61310     9.3439     9.3076    23.3021   11.94937 5.5298e+00     12.014 0.0000e+00
        345 292.470926    0.02389     1.4333     86.000  1023.3758  47788.555    30.2091     12.103    6.60946     9.3672     9.3247    23.3201   11.94301 5.3168e+00     12.217 0.0000e+00
        346 292.470929    0.02396     1.4375     86.250  1023.3956  47825.401    30.2375     12.285    6.60526     9.3933     9.3451    23.3391   11.93571 5.1330e+00     12.402 0.0000e+00
        347 292.470932    0.02403     1.4417     86.500  1023.4163  47864.214    30.2677     12.454    6.60055     9.4215     9.3685    23.3591   11.92754 4.9701e+00     12.572 0.0000e+00
        348 292.470935    0.02410     1.4458     86.750  1023.4359  47901.236    30.2970     12.614    6.59549     9.4508     9.3946    23.3779   11.91880 4.8195e+00     12.733 0.0000e+00
        349 292.470937    0.02417     1.4500     87.000  1023.4530  47934.061    30.3236     12.771    6.59024     9.4796     9.4228    23.3943   11.90978 4.6754e+00     12.892 0.0000e+00
        350 292.470940    0.02424     1.4542     87.250  1023.4659  47959.245    30.3449     12.930    6.58506     9.5059     9.4521    23.4064   11.90094 4.5345e+00     13.052 0.0000e+00
        351 292.470943    0.02431     1.4583     87.500  1023.4714  47970.974    30.3568     13.095    6.58035     9.5277     9.4810    23.4112   11.89299 4.3937e+00     13.218 0.0000e+00
        352 292.470946    0.02438     1.4625     87.750  1023.4701  47969.855    30.3593     13.268    6.57640     9.5447     9.5073    23.4091   11.88642 4.2507e+00     13.393 0.0000e+00
        353 292.470949    0.02444     1.4667     88.000  1023.4669  47964.926    30.3586     13.453    6.57326     9.5578     9.5291    23.4052   11.88122 4.1047e+00     13.580 0.0000e+00
        354 292.470952    0.02451     1.4708     88.250  1023.4658  47962.961    30.3593     13.652    6.57076     9.5680     9.5461    23.4031   11.87707 3.9553e+00     13.781 0.0000e+00
        355 292.470955    0.02458     1.4750     88.500  1023.4657  47962.459    30.3606     13.865    6.56880     9.5758     9.5592    23.4020   11.87381 3.8028e+00     13.996 0.0000e+00
        356 292.470958    0.02465     1.4792     88.750  1023.4652  47960.873    30.3607     14.090    6.56731     9.5816     9.5695    23.4005   11.87133 3.6506e+00     14.223 0.0000e+00
        357 292.470961    0.02472     1.4833     89.000  1023.4647  47958.925    30.3602     14.322    6.56619     9.5859     9.5773    23.3989   11.86948 3.5032e+00     14.457 0.0000e+00
        358 292.470964    0.02479     1.4875     89.250  1023.4649  47958.086    30.3603     14.554    6.56534     9.5893     9.5831    23.3981   11.86808 3.3626e+00     14.691 0.0000e+00
        359 292.470966    0.02486     1.4917     89.500  1023.4661  47959.010    30.3614     14.784    6.56466     9.5923     9.5875    23.3983   11.86694 3.2293e+00     14.924 0.0000e+00
        360 292.470969    0.02493     1.4958     89.750  1023.4683  47961.523    30.3635     15.011    6.56408     9.5949     9.5909    23.3994   11.86594 3.1035e+00     15.153 0.0000e+00
        361 292.470972    0.02500     1.5000     90.000  1023.4708  47964.747    30.3660     15.234    6.56354     9.5973     9.5939    23.4009   11.86502 2.9852e+00     15.378 0.0000e+00
        362 292.470975    0.02507     1.5042     90.250  1023.4734  47968.014    30.3686     15.454    6.56304     9.5991     9.5966    23.4025   11.86416 2.8736e+00     15.600 0.0000e+00
        363 292.470978    0.02514     1.5083     90.500  1023.4760  47971.328    30.3711     15.670    6.56259     9.6006     9.5990    23.4041   11.86339 2.7682e+00     15.818 0.0000e+00
        364 292.470981    0.02521     1.5125     90.750  1023.4792  47975.652    30.3743     15.882    6.56218     9.6023     9.6009    23.4062   11.86267 2.6690e+00     16.033 0.0000e+00
        365 292.470984    0.02528     1.5167     91.000  1023.4841  47983.275    30.3797     16.091    6.56173     9.6047     9.6024    23.4103   11.86186 2.5757e+00     16.243 0.0000e+00
        366 292.470987    0.02535     1.5208     91.250  1023.4913  47994.915    30.3880     16.294    6.56114     9.6084     9.6040    23.4165   11.86078 2.4880e+00     16.448 0.0000e+00
        367 292.470990    0.02542     1.5250     91.500  1023.4992  48007.975    30.3974     16.492    6.56038     9.6131     9.6065    23.4235   11.85941 2.4053e+00     16.648 0.0000e+00
        368 292.470992    0.02549     1.5292     91.750  1023.5060  48019.332    30.4058     16.686    6.55949     9.6182     9.6102    23.4294   11.85783 2.3266e+00     16.844 0.0000e+00
        369 292.470995    0.02556     1.5333     92.000  1023.5111  48027.778    30.4122     16.876    6.55854     9.6233     9.6149    23.4337   11.85618 2.2510e+00     17.037 0.0000e+00
        370 292.470998    0.02562     1.5375     92.250  1023.5149  48033.669    30.4169     17.065    6.55760     9.6279     9.6201    23.4365   11.85456 2.1783e+00     17.227 0.0000e+00
        371 292.471001    0.02569     1.5417     92.500  1023.5175  48037.455    30.4202     17.252    6.55672     9.6317     9.6252    23.4383   11.85307 2.1082e+00     17.416 0.0000e+00
        372 292.471004    0.02576     1.5458     92.750  1023.5189  48039.167    30.4219     17.439    6.55597     9.6343     9.6298    23.4389   11.85182 2.0410e+00     17.604 0.0000e+00
        373 292.471007    0.02583     1.5500     93.000  1023.5196  48039.268    30.4223     17.625    6.55540     9.6352     9.6336    23.4386   11.85086 1.9764e+00     17.792 0.0000e+00
        374 292.471010    0.02590     1.5542     93.250  1023.5198  48038.616    30.4221     17.810    6.55504     9.6345     9.6362    23.4381   11.85027 1.9143e+00     17.979 0.0000e+00
        375 292.471013    0.02597     1.5583     93.500  1023.5202  48038.002    30.4218     17.995    6.55492     9.6324     9.6372    23.4377   11.85006 1.8545e+00     18.165 0.0000e+00
        376 292.471016    0.02604     1.5625     93.750  1023.5213  48038.483    30.4219     18.178    6.55501     9.6293     9.6365    23.4379   11.85021 1.7970e+00     18.351 0.0000e+00
        377 292.471019    0.02611     1.5667     94.000  1023.5239  48041.472    30.4237     18.362    6.55524     9.6260     9.6344    23.4396   11.85058 1.7414e+00     18.536 0.0000e+00
        378 292.471021    0.02618     1.5708     94.250  1023.5283  48047.782    30.4277     18.546    6.55552     9.6234     9.6313    23.4432   11.85099 1.6877e+00     18.722 0.0000e+00
        379 292.471024    0.02625     1.5750     94.500  1023.5338  48056.190    30.4331     18.733    6.55576     9.6219     9.6280    23.4479   11.85133 1.6357e+00     18.911 0.0000e+00
        380 292.471027    0.02632     1.5792     94.750  1023.5395  48064.726    30.4386     18.923    6.55590     9.6214     9.6254    23.4526   11.85149 1.5853e+00     19.103 0.0000e+00
        381 292.471030    0.02639     1.5833     95.000  1023.5448  48072.712    30.4440     19.117    6.55590     9.6219     9.6239    23.4570   11.85142 1.5362e+00     19.299 0.0000e+00
        382 292.471033    0.02646     1.5875     95.250  1023.5499  48080.507    30.4493     19.315    6.55574     9.6230     9.6235    23.4613   11.85109 1.4878e+00     19.499 0.0000e+00
        383 292.471036    0.02653     1.5917     95.500  1023.5553  48088.844    30.4551     19.517    6.55542     9.6247     9.6240    23.4658   11.85050 1.4401e+00     19.702 0.0000e+00
        384 292.471039    0.02660     1.5958     95.750  1023.5615  48098.520    30.4620     19.722    6.55496     9.6266     9.6252    23.4709   11.84965 1.3936e+00     19.909 0.0000e+00
        385 292.471042    0.02667     1.6000     96.000  1023.5681  48109.120    30.4696     19.930    6.55440     9.6288     9.6269    23.4766   11.84863 1.3485e+00     20.119 0.0000e+00
        386 292.471045    0.02674     1.6042     96.250  1023.5743  48119.132    30.4768     20.138    6.55381     9.6312     9.6288    23.4819   11.84757 1.3052e+00     20.329 0.0000e+00
        387 292.471047    0.02681     1.6083     96.500  1023.5802  48128.532    30.4835     20.345    6.55321     9.6341     9.6310    23.4868   11.84650 1.2639e+00     20.538 0.0000e+00
        388 292.471050    0.02688     1.6125     96.750  1023.5866  48138.861    30.4910     20.550    6.55255     9.6381     9.6334    23.4923   11.84530 1.2250e+00     20.745 0.0000e+00
        389 292.471053    0.02694     1.6167     97.000  1023.5944  48151.764    30.5004     20.750    6.55173     9.6439     9.6363    23.4991   11.84383 1.1884e+00     20.947 0.0000e+00
        390 292.471056    0.02701     1.6208     97.250  1023.6047  48169.453    30.5132     20.946    6.55062     9.6528     9.6403    23.5085   11.84183 1.1542e+00     21.144 0.0000e+00
        391 292.471059    0.02708     1.6250     97.500  1023.6186  48194.048    30.5311     21.136    6.54902     9.6661     9.6461    23.5216   11.83897 1.1220e+00     21.337 0.0000e+00
        392 292.471062    0.02715     1.6292     97.750  1023.6350  48223.409    30.5528     21.322    6.54681     9.6831     9.6551    23.5371   11.83504 1.0910e+00     21.524 0.0000e+00
        393 292.471065    0.02722     1.6333     98.000  1023.6499  48250.593    30.5735     21.505    6.54403     9.7018     9.6684    23.5512   11.83018 1.0609e+00     21.708 0.0000e+00
        394 292.471068    0.02729     1.6375     98.250  1023.6600  48269.545    30.5889     21.684    6.54092     9.7200     9.6854    23.5605   11.82486 1.0317e+00     21.890 0.0000e+00
        395 292.471071    0.02736     1.6417     98.500  1023.6650  48279.320    30.5981     21.862    6.53783     9.7360     9.7042    23.5647   11.81962 1.0031e+00     22.070 0.0000e+00
        396 292.471073    0.02743     1.6458     98.750  1023.6666  48282.815    30.6028     22.040    6.53501     9.7490     9.7224    23.5655   11.81489 9.7491e-01     22.249 0.0000e+00
        397 292.471076    0.02750     1.6500     99.000  1023.6666  48283.143    30.6050     22.219    6.53262     9.7591     9.7384    23.5647   11.81090 9.4695e-01     22.430 0.0000e+00
        398 292.471079    0.02757     1.6542     99.250  1023.6663  48282.743    30.6063     22.398    6.53069     9.7665     9.7514    23.5636   11.80769 9.1928e-01     22.611 0.0000e+00
        399 292.471082    0.02764     1.6583     99.500  1023.6668  48283.406    30.6079     22.578    6.52917     9.7719     9.7615    23.5633   11.80515 8.9232e-01     22.793 0.0000e+00
        400 292.471085    0.02771     1.6625     99.750  1023.6686  48285.959    30.6106     22.760    6.52798     9.7757     9.7690    23.5642   11.80315 8.6647e-01     22.976 0.0000e+00
        401 292.471088    0.02778     1.6667    100.000  1023.6715  48290.523    30.6144     22.943    6.52704     9.7781     9.7744    23.5663   11.80155 8.4142e-01     23.161 0.0000e+00
        402 292.471091    0.02785     1.6708    100.250  1023.6754  48296.705    30.6192     23.128    6.52630     9.7795     9.7782    23.5694   11.80026 8.1684e-01     23.347 0.0000e+00
        403 292.471094    0.02792     1.6750    100.500  1023.6798  48303.533    30.6242     23.312    6.52574     9.7799     9.7807    23.5730   11.79927 7.9318e-01     23.534 0.0000e+00
        404 292.471097    0.02799     1.6792    100.750  1023.6840  48309.794    30.6287     23.497    6.52535     9.7795     9.7820    23.5763   11.79858 7.7064e-01     23.720 0.0000e+00
        405 292.471100    0.02806     1.6833    101.000  1023.6877  48315.206    30.6325     23.681    6.52513     9.7786     9.7825    23.5791   11.79817 7.4888e-01     23.906 0.0000e+00
        406 292.471102    0.02813     1.6875    101.250  1023.6912  48320.045    30.6358     23.865    6.52504     9.7772     9.7821    23.5817   11.79798 7.2781e-01     24.092 0.0000e+00
        407 292.471105    0.02819     1.6917    101.500  1023.6944  48324.428    30.6387     24.047    6.52506     9.7756     9.7812    23.5841   11.79797 7.0751e-01     24.276 0.0000e+00
        408 292.471108    0.02826     1.6958    101.750  1023.6975  48328.483    30.6413     24.228    6.52514     9.7738     9.7799    23.5864   11.79807 6.8785e-01     24.459 0.0000e+00
        409 292.471111    0.02833     1.7000    102.000  1023.7004  48332.196    30.6436     24.410    6.52527     9.7719     9.7783    23.5885   11.79826 6.6872e-01     24.643 0.0000e+00
        410 292.471114    0.02840     1.7042    102.250  1023.7031  48335.579    30.6457     24.595    6.52544     9.7700     9.7765    23.5904   11.79852 6.4999e-01     24.829 0.0000e+00
        411 292.471117    0.02847     1.7083    102.500  1023.7058  48338.782    30.6476     24.783    6.52563     9.7681     9.7746    23.5922   11.79880 6.3156e-01     25.019 0.0000e+00
        412 292.471120    0.02854     1.7125    102.750  1023.7084  48341.746    30.6494     24.975    6.52582     9.7664     9.7727    23.5939   11.79911 6.1353e-01     25.213 0.0000e+00
        413 292.471123    0.02861     1.7167    103.000  1023.7106  48344.134    30.6507     25.170    6.52603     9.7646     9.7709    23.5953   11.79943 5.9582e-01     25.409 0.0000e+00
        414 292.471126    0.02868     1.7208    103.250  1023.7125  48345.817    30.6516     25.366    6.52624     9.7628     9.7691    23.5962   11.79978 5.7830e-01     25.608 0.0000e+00
        415 292.471128    0.02875     1.7250    103.500  1023.7142  48347.143    30.6523     25.563    6.52647     9.7611     9.7674    23.5970   11.80015 5.6123e-01     25.807 0.0000e+00
        416 292.471131    0.02882     1.7292    103.750  1023.7158  48348.461    30.6529     25.759    6.52670     9.7595     9.7656    23.5978   11.80052 5.4480e-01     26.004 0.0000e+00
        417 292.471134    0.02889     1.7333    104.000  1023.7175  48349.751    30.6535     25.952    6.52692     9.7579     9.7639    23.5985   11.80087 5.2887e-01     26.199 0.0000e+00
        418 292.471137    0.02896     1.7375    104.250  1023.7190  48350.958    30.6540     26.142    6.52712     9.7563     9.7623    23.5992   11.80121 5.1346e-01     26.391 0.0000e+00
        419 292.471140    0.02903     1.7417    104.500  1023.7206  48352.149    30.6546     26.330    6.52732     9.7545     9.7608    23.5999   11.80153 4.9882e-01     26.580 0.0000e+00
        420 292.471143    0.02910     1.7458    104.750  1023.7220  48353.130    30.6550     26.514    6.52753     9.7522     9.7592    23.6005   11.80187 4.8495e-01     26.767 0.0000e+00
        421 292.471146    0.02917     1.7500    105.000  1023.7233  48353.784    30.6552     26.696    6.52779     9.7495     9.7573    23.6009   11.80229 4.7173e-01     26.950 0.0000e+00
        422 292.471149    0.02924     1.7542    105.250  1023.7246  48354.678    30.6554     26.873    6.52809     9.7463     9.7551    23.6015   11.80279 4.5925e-01     27.128 0.0000e+00
        423 292.471152    0.02931     1.7583    105.500  1023.7265  48356.491    30.6563     27.046    6.52845     9.7430     9.7524    23.6026   11.80337 4.4743e-01     27.303 0.0000e+00
        424 292.471155    0.02937     1.7625    105.750  1023.7290  48359.297    30.6578     27.213    6.52884     9.7399     9.7493    23.6042   11.80399 4.3614e-01     27.472 0.0000e+00
        425 292.471157    0.02944     1.7667    106.000  1023.7318  48362.709    30.6597     27.376    6.52923     9.7370     9.7460    23.6063   11.80462 4.2537e-01     27.637 0.0000e+00
