CTD-processing/allCTD/CNV--homogene/2014_04-06_t6_s22_cast259.cnv
* Sea-Bird SBE19plus Data File:
* FileName = C:\Users\kris.holderied\Documents\kasitsna\Research-Projects-and-Data\Oceanography-AK\CTD-CookInlet-GulfWatchAK\2014-04-EVOSTC-CookInlet-Ocean\2014-04-06-CookInlet-Tran6-Douglas\2014-04-06-CookInlet-Tran6-cast259.hex
* Software Version 1.59
* Temperature SN =  5028
* Conductivity SN =  5028
* System UpLoad Time = Apr 09 2014 11:40:53
** Cook Inlet LTM Transect 6 (Douglas) east to west
** Date: 6 Apr 2014
** Station: 6-22
** Start time: 15:50
** Depth (m): 165
** Comment:  CTD instrument time is AK Daylight time
** Comment:
# nquan = 17
# nvalues = 983                         
# units = specified
# name 0 = scan: Scan Count
# name 1 = timeJ: Julian Days
# name 2 = timeH: Time, Elapsed [hours]
# name 3 = timeM: Time, Elapsed [minutes]
# name 4 = timeS: Time, Elapsed [seconds]
# name 5 = density00: Density [density, kg/m^3]
# name 6 = specc: Specific Conductance [uS/cm]
# name 7 = sal00: Salinity, Practical [PSU]
# name 8 = depSM: Depth [salt water, m], lat = 59.00
# name 9 = oxsolML/L: Oxygen Saturation, Garcia & Gordon [ml/l]
# name 10 = potemp090C: Potential Temperature [ITS-90, deg C]
# name 11 = tv290C: Temperature [ITS-90, deg C]
# name 12 = sigma-é00: Density [sigma-theta, kg/m^3]
# name 13 = n2satML/L: Nitrogen Saturation [ml/l]
# name 14 = par: PAR/Irradiance, Biospherical/Licor
# name 15 = prdM: Pressure, Strain Gauge [db]
# name 16 = flag:  0.000e+00
# span 0 =          1,        983       
# span 1 =  96.659965,  96.662807       
# span 2 =    0.00000,    0.06819       
# span 3 =     0.0000,     4.0917       
# span 4 =      0.000,    245.500       
# span 5 =  1000.2825,  1026.3000       
# span 6 =    845.452,  52008.722       
# span 7 =     0.4053,    32.2946       
# span 8 =     -0.180,    161.187       
# span 9 =    7.17289,    8.81813       
# span 10 =     4.8360,     5.4107      
# span 11 =     4.8410,     5.4118      
# span 12 =     0.2834,    25.5451      
# span 13 =   12.85106,   16.05048      
# span 14 = 3.7912e-02, 3.6071e+02      
# span 15 =     -0.181,    162.772      
# span 16 = 0.0000e+00, 0.0000e+00      
# interval = seconds: 0.25
# start_time = Apr 06 2014 15:50:21 [Instrument's time stamp, header]
# bad_flag = -9.990e-29
*END*
[from data line 511]
        512  96.661444    0.03549     2.1292    127.750  1025.6808  51683.693    32.1136     58.792    7.23842     4.8385     4.8427    25.4049   12.95923 7.0466e-01     59.355 0.0000e+00
        513  96.661447    0.03556     2.1333    128.000  1025.6817  51683.731    32.1135     58.993    7.23842     4.8384     4.8427    25.4049   12.95923 6.9302e-01     59.558 0.0000e+00
        514  96.661450    0.03562     2.1375    128.250  1025.6825  51683.733    32.1134     59.180    7.23843     4.8384     4.8427    25.4048   12.95925 6.8219e-01     59.748 0.0000e+00
        515  96.661453    0.03569     2.1417    128.500  1025.6833  51683.734    32.1133     59.361    7.23844     4.8383     4.8427    25.4047   12.95927 6.7168e-01     59.930 0.0000e+00
        516  96.661455    0.03576     2.1458    128.750  1025.6841  51683.806    32.1132     59.542    7.23845     4.8382     4.8426    25.4047   12.95929 6.6101e-01     60.113 0.0000e+00
        517  96.661458    0.03583     2.1500    129.000  1025.6849  51683.944    32.1132     59.730    7.23847     4.8381     4.8425    25.4047   12.95932 6.4985e-01     60.303 0.0000e+00
        518  96.661461    0.03590     2.1542    129.250  1025.6859  51684.070    32.1132     59.930    7.23848     4.8381     4.8425    25.4047   12.95934 6.3806e-01     60.505 0.0000e+00
        519  96.661464    0.03597     2.1583    129.500  1025.6869  51684.178    32.1131     60.145    7.23849     4.8380     4.8424    25.4047   12.95935 6.2561e-01     60.722 0.0000e+00
        520  96.661467    0.03604     2.1625    129.750  1025.6879  51684.255    32.1131     60.376    7.23850     4.8378     4.8424    25.4046   12.95937 6.1254e-01     60.955 0.0000e+00
        521  96.661470    0.03611     2.1667    130.000  1025.6889  51684.292    32.1130     60.620    7.23852     4.8377     4.8423    25.4045   12.95941 5.9908e-01     61.202 0.0000e+00
        522  96.661473    0.03618     2.1708    130.250  1025.6901  51684.383    32.1129     60.875    7.23854     4.8375     4.8422    25.4045   12.95945 5.8558e-01     61.459 0.0000e+00
        523  96.661476    0.03625     2.1750    130.500  1025.6913  51684.627    32.1129     61.138    7.23856     4.8375     4.8420    25.4045   12.95948 5.7230e-01     61.724 0.0000e+00
        524  96.661479    0.03632     2.1792    130.750  1025.6927  51685.020    32.1130     61.404    7.23858     4.8375     4.8419    25.4046   12.95950 5.5938e-01     61.992 0.0000e+00
        525  96.661481    0.03639     2.1833    131.000  1025.6940  51685.444    32.1131     61.670    7.23858     4.8375     4.8419    25.4047   12.95950 5.4692e-01     62.262 0.0000e+00
        526  96.661484    0.03646     2.1875    131.250  1025.6953  51685.750    32.1132     61.933    7.23857     4.8376     4.8419    25.4048   12.95949 5.3501e-01     62.528 0.0000e+00
        527  96.661487    0.03653     2.1917    131.500  1025.6965  51685.919    32.1132     62.191    7.23856     4.8376     4.8420    25.4048   12.95947 5.2367e-01     62.787 0.0000e+00
        528  96.661490    0.03660     2.1958    131.750  1025.6977  51686.005    32.1132     62.442    7.23856     4.8376     4.8421    25.4047   12.95946 5.1283e-01     63.040 0.0000e+00
        529  96.661493    0.03667     2.2000    132.000  1025.6987  51686.037    32.1131     62.687    7.23855     4.8375     4.8421    25.4046   12.95946 5.0234e-01     63.288 0.0000e+00
        530  96.661496    0.03674     2.2042    132.250  1025.6998  51686.022    32.1129     62.929    7.23856     4.8374     4.8421    25.4045   12.95947 4.9215e-01     63.532 0.0000e+00
        531  96.661499    0.03681     2.2083    132.500  1025.7007  51685.960    32.1127     63.167    7.23858     4.8372     4.8420    25.4044   12.95951 4.8215e-01     63.773 0.0000e+00
        532  96.661502    0.03687     2.2125    132.750  1025.7018  51685.962    32.1126     63.406    7.23861     4.8370     4.8419    25.4043   12.95955 4.7224e-01     64.014 0.0000e+00
        533  96.661505    0.03694     2.2167    133.000  1025.7029  51686.131    32.1126     63.646    7.23864     4.8369     4.8418    25.4043   12.95960 4.6244e-01     64.256 0.0000e+00
        534  96.661508    0.03701     2.2208    133.250  1025.7041  51686.435    32.1126     63.887    7.23866     4.8368     4.8416    25.4044   12.95964 4.5274e-01     64.500 0.0000e+00
        535  96.661510    0.03708     2.2250    133.500  1025.7053  51686.806    32.1127     64.129    7.23867     4.8368     4.8415    25.4045   12.95966 4.4323e-01     64.744 0.0000e+00
        536  96.661513    0.03715     2.2292    133.750  1025.7065  51687.181    32.1129     64.368    7.23867     4.8369     4.8415    25.4046   12.95966 4.3414e-01     64.986 0.0000e+00
        537  96.661516    0.03722     2.2333    134.000  1025.7077  51687.520    32.1130     64.602    7.23867     4.8369     4.8415    25.4047   12.95965 4.2561e-01     65.222 0.0000e+00
        538  96.661519    0.03729     2.2375    134.250  1025.7089  51687.801    32.1130     64.827    7.23866     4.8370     4.8415    25.4047   12.95963 4.1769e-01     65.448 0.0000e+00
        539  96.661522    0.03736     2.2417    134.500  1025.7099  51688.033    32.1131     65.039    7.23864     4.8370     4.8416    25.4048   12.95961 4.1039e-01     65.662 0.0000e+00
        540  96.661525    0.03743     2.2458    134.750  1025.7109  51688.261    32.1132     65.238    7.23863     4.8371     4.8416    25.4048   12.95958 4.0368e-01     65.863 0.0000e+00
        541  96.661528    0.03750     2.2500    135.000  1025.7118  51688.489    32.1133     65.424    7.23861     4.8372     4.8417    25.4049   12.95955 3.9748e-01     66.051 0.0000e+00
        542  96.661531    0.03757     2.2542    135.250  1025.7127  51688.669    32.1133     65.600    7.23859     4.8373     4.8418    25.4049   12.95952 3.9166e-01     66.229 0.0000e+00
        543  96.661534    0.03764     2.2583    135.500  1025.7135  51688.758    32.1133     65.770    7.23857     4.8374     4.8419    25.4049   12.95949 3.8598e-01     66.401 0.0000e+00
        544  96.661536    0.03771     2.2625    135.750  1025.7142  51688.788    32.1133     65.942    7.23856     4.8374     4.8420    25.4049   12.95946 3.8018e-01     66.575 0.0000e+00
        545  96.661539    0.03778     2.2667    136.000  1025.7150  51688.838    32.1133     66.121    7.23854     4.8375     4.8421    25.4048   12.95944 3.7409e-01     66.755 0.0000e+00
        546  96.661542    0.03785     2.2708    136.250  1025.7159  51688.925    32.1133     66.313    7.23853     4.8375     4.8421    25.4048   12.95942 3.6763e-01     66.949 0.0000e+00
        547  96.661545    0.03792     2.2750    136.500  1025.7169  51689.070    32.1133     66.521    7.23852     4.8375     4.8422    25.4048   12.95940 3.6071e-01     67.160 0.0000e+00
        548  96.661548    0.03799     2.2792    136.750  1025.7180  51689.310    32.1133     66.748    7.23851     4.8375     4.8423    25.4049   12.95939 3.5331e-01     67.389 0.0000e+00
        549  96.661551    0.03806     2.2833    137.000  1025.7192  51689.604    32.1134     66.995    7.23850     4.8376     4.8423    25.4049   12.95937 3.4550e-01     67.638 0.0000e+00
        550  96.661554    0.03812     2.2875    137.250  1025.7205  51689.886    32.1135     67.260    7.23849     4.8376     4.8423    25.4050   12.95935 3.3745e-01     67.906 0.0000e+00
        551  96.661557    0.03819     2.2917    137.500  1025.7219  51690.160    32.1135     67.540    7.23848     4.8377     4.8424    25.4050   12.95933 3.2927e-01     68.189 0.0000e+00
        552  96.661560    0.03826     2.2958    137.750  1025.7233  51690.433    32.1136     67.832    7.23846     4.8377     4.8425    25.4051   12.95930 3.2112e-01     68.484 0.0000e+00
        553  96.661563    0.03833     2.3000    138.000  1025.7247  51690.651    32.1136     68.132    7.23845     4.8377     4.8426    25.4051   12.95928 3.1322e-01     68.786 0.0000e+00
        554  96.661565    0.03840     2.3042    138.250  1025.7261  51690.825    32.1136     68.432    7.23844     4.8378     4.8426    25.4050   12.95927 3.0565e-01     69.089 0.0000e+00
        555  96.661568    0.03847     2.3083    138.500  1025.7275  51691.014    32.1136     68.728    7.23844     4.8378     4.8427    25.4050   12.95925 2.9846e-01     69.389 0.0000e+00
        556  96.661571    0.03854     2.3125    138.750  1025.7288  51691.193    32.1136     69.017    7.23843     4.8378     4.8427    25.4050   12.95924 2.9171e-01     69.680 0.0000e+00
        557  96.661574    0.03861     2.3167    139.000  1025.7301  51691.351    32.1135     69.293    7.23841     4.8379     4.8428    25.4050   12.95922 2.8545e-01     69.959 0.0000e+00
        558  96.661577    0.03868     2.3208    139.250  1025.7313  51691.520    32.1135     69.556    7.23840     4.8379     4.8428    25.4050   12.95920 2.7965e-01     70.224 0.0000e+00
        559  96.661580    0.03875     2.3250    139.500  1025.7324  51691.693    32.1135     69.803    7.23839     4.8379     4.8429    25.4050   12.95919 2.7433e-01     70.474 0.0000e+00
        560  96.661583    0.03882     2.3292    139.750  1025.7335  51691.858    32.1135     70.034    7.23839     4.8379     4.8429    25.4050   12.95918 2.6949e-01     70.707 0.0000e+00
        561  96.661586    0.03889     2.3333    140.000  1025.7345  51691.984    32.1135     70.250    7.23839     4.8379     4.8429    25.4050   12.95918 2.6504e-01     70.925 0.0000e+00
        562  96.661589    0.03896     2.3375    140.250  1025.7355  51692.081    32.1135     70.454    7.23839     4.8379     4.8429    25.4050   12.95918 2.6090e-01     71.131 0.0000e+00
        563  96.661591    0.03903     2.3417    140.500  1025.7364  51692.192    32.1135     70.649    7.23839     4.8379     4.8429    25.4049   12.95918 2.5691e-01     71.328 0.0000e+00
        564  96.661594    0.03910     2.3458    140.750  1025.7373  51692.263    32.1134     70.840    7.23839     4.8379     4.8430    25.4049   12.95918 2.5294e-01     71.521 0.0000e+00
        565  96.661597    0.03917     2.3500    141.000  1025.7381  51692.254    32.1133     71.032    7.23839     4.8378     4.8430    25.4048   12.95918 2.4895e-01     71.715 0.0000e+00
        566  96.661600    0.03924     2.3542    141.250  1025.7389  51692.182    32.1132     71.228    7.23839     4.8377     4.8430    25.4047   12.95919 2.4491e-01     71.913 0.0000e+00
        567  96.661603    0.03931     2.3583    141.500  1025.7397  51692.086    32.1130     71.431    7.23841     4.8376     4.8430    25.4046   12.95922 2.4077e-01     72.118 0.0000e+00
        568  96.661606    0.03938     2.3625    141.750  1025.7406  51692.051    32.1129     71.643    7.23843     4.8374     4.8429    25.4045   12.95926 2.3647e-01     72.331 0.0000e+00
        569  96.661609    0.03944     2.3667    142.000  1025.7416  51692.155    32.1128     71.863    7.23845     4.8372     4.8427    25.4044   12.95930 2.3208e-01     72.554 0.0000e+00
        570  96.661612    0.03951     2.3708    142.250  1025.7426  51692.321    32.1128     72.091    7.23848     4.8370     4.8426    25.4044   12.95935 2.2766e-01     72.784 0.0000e+00
        571  96.661615    0.03958     2.3750    142.500  1025.7437  51692.423    32.1127     72.324    7.23851     4.8368     4.8425    25.4044   12.95940 2.2323e-01     73.020 0.0000e+00
        572  96.661617    0.03965     2.3792    142.750  1025.7448  51692.561    32.1126     72.561    7.23855     4.8366     4.8423    25.4043   12.95946 2.1884e-01     73.259 0.0000e+00
        573  96.661620    0.03972     2.3833    143.000  1025.7459  51692.812    32.1126     72.798    7.23859     4.8364     4.8420    25.4044   12.95953 2.1455e-01     73.498 0.0000e+00
        574  96.661623    0.03979     2.3875    143.250  1025.7470  51693.101    32.1127     73.034    7.23863     4.8362     4.8418    25.4044   12.95958 2.1037e-01     73.736 0.0000e+00
        575  96.661626    0.03986     2.3917    143.500  1025.7482  51693.443    32.1127     73.267    7.23865     4.8361     4.8416    25.4045   12.95963 2.0632e-01     73.972 0.0000e+00
        576  96.661629    0.03993     2.3958    143.750  1025.7495  51693.887    32.1129     73.499    7.23867     4.8360     4.8415    25.4046   12.95966 2.0245e-01     74.206 0.0000e+00
        577  96.661632    0.04000     2.4000    144.000  1025.7507  51694.473    32.1132     73.728    7.23867     4.8360     4.8414    25.4049   12.95966 1.9875e-01     74.437 0.0000e+00
        578  96.661635    0.04007     2.4042    144.250  1025.7521  51695.269    32.1136     73.954    7.23866     4.8361     4.8413    25.4052   12.95963 1.9520e-01     74.665 0.0000e+00
        579  96.661638    0.04014     2.4083    144.500  1025.7537  51696.387    32.1142     74.178    7.23862     4.8363     4.8414    25.4057   12.95957 1.9177e-01     74.892 0.0000e+00
        580  96.661641    0.04021     2.4125    144.750  1025.7555  51697.958    32.1152     74.401    7.23856     4.8366     4.8415    25.4065   12.95945 1.8846e-01     75.117 0.0000e+00
        581  96.661644    0.04028     2.4167    145.000  1025.7576  51699.997    32.1166     74.623    7.23846     4.8369     4.8417    25.4075   12.95927 1.8524e-01     75.341 0.0000e+00
        582  96.661646    0.04035     2.4208    145.250  1025.7598  51702.152    32.1180     74.845    7.23835     4.8373     4.8419    25.4086   12.95905 1.8214e-01     75.564 0.0000e+00
        583  96.661649    0.04042     2.4250    145.500  1025.7616  51703.813    32.1191     75.066    7.23823     4.8376     4.8423    25.4095   12.95885 1.7913e-01     75.788 0.0000e+00
        584  96.661652    0.04049     2.4292    145.750  1025.7632  51704.885    32.1198     75.286    7.23813     4.8378     4.8427    25.4100   12.95867 1.7620e-01     76.011 0.0000e+00
        585  96.661655    0.04056     2.4333    146.000  1025.7647  51705.811    32.1204     75.507    7.23804     4.8381     4.8430    25.4105   12.95852 1.7331e-01     76.234 0.0000e+00
        586  96.661658    0.04063     2.4375    146.250  1025.7663  51706.908    32.1211     75.731    7.23796     4.8384     4.8433    25.4110   12.95837 1.7046e-01     76.460 0.0000e+00
        587  96.661661    0.04069     2.4417    146.500  1025.7681  51708.360    32.1221     75.957    7.23787     4.8387     4.8436    25.4117   12.95821 1.6765e-01     76.688 0.0000e+00
        588  96.661664    0.04076     2.4458    146.750  1025.7703  51710.633    32.1236     76.185    7.23774     4.8391     4.8438    25.4129   12.95798 1.6486e-01     76.918 0.0000e+00
        589  96.661667    0.04083     2.4500    147.000  1025.7731  51713.982    32.1258     76.416    7.23757     4.8397     4.8442    25.4146   12.95768 1.6209e-01     77.152 0.0000e+00
        590  96.661670    0.04090     2.4542    147.250  1025.7763  51717.857    32.1285     76.650    7.23737     4.8403     4.8446    25.4167   12.95730 1.5934e-01     77.388 0.0000e+00
        591  96.661672    0.04097     2.4583    147.500  1025.7794  51721.639    32.1311     76.886    7.23714     4.8410     4.8452    25.4187   12.95689 1.5659e-01     77.627 0.0000e+00
        592  96.661675    0.04104     2.4625    147.750  1025.7823  51724.983    32.1334     77.125    7.23691     4.8416     4.8459    25.4205   12.95649 1.5387e-01     77.868 0.0000e+00
        593  96.661678    0.04111     2.4667    148.000  1025.7849  51727.778    32.1354     77.367    7.23670     4.8422     4.8465    25.4219   12.95611 1.5120e-01     78.112 0.0000e+00
        594  96.661681    0.04118     2.4708    148.250  1025.7873  51730.147    32.1370     77.612    7.23650     4.8427     4.8472    25.4232   12.95577 1.4855e-01     78.360 0.0000e+00
        595  96.661684    0.04125     2.4750    148.500  1025.7894  51732.123    32.1384     77.862    7.23633     4.8432     4.8478    25.4242   12.95547 1.4588e-01     78.611 0.0000e+00
