CTD-processing/allCTD/CNV--homogene/2014_02-17_t7_s04_cast209.cnv
* Sea-Bird SBE19plus Data File:
* FileName = C:\Users\kris.holderied\Documents\kasitsna\Research-Projects-and-Data\Oceanography-AK\CTD-CookInlet-GulfWatchAK\2014-02-EVOSTC-CookInlet-LTM-BATCH-UPLOAD\2014-02-CookInlet-Seasonal-cast209.hex
* Software Version 1.59
* Temperature SN =  5028
* Conductivity SN =  5028
* System UpLoad Time = Apr 09 2014 20:35:42
** Cook Inlet LTM 2014 February Seasonal - Batch upload
** Date: 2014-02-17
** Station: 7-04
** Start time: 06:55
** Depth (m): 51
** CoComment:
** Comment:
# nquan = 17
# nvalues = 454                         
# units = specified
# name 0 = scan: Scan Count
# name 1 = timeJ: Julian Days
# name 2 = timeH: Time, Elapsed [hours]
# name 3 = timeM: Time, Elapsed [minutes]
# name 4 = timeS: Time, Elapsed [seconds]
# name 5 = density00: Density [density, kg/m^3]
# name 6 = specc: Specific Conductance [uS/cm]
# name 7 = sal00: Salinity, Practical [PSU]
# name 8 = depSM: Depth [salt water, m], lat = 59.00
# name 9 = oxsolML/L: Oxygen Saturation, Garcia & Gordon [ml/l]
# name 10 = potemp090C: Potential Temperature [ITS-90, deg C]
# name 11 = tv290C: Temperature [ITS-90, deg C]
# name 12 = sigma-é00: Density [sigma-theta, kg/m^3]
# name 13 = n2satML/L: Nitrogen Saturation [ml/l]
# name 14 = par: PAR/Irradiance, Biospherical/Licor
# name 15 = prdM: Pressure, Strain Gauge [db]
# name 16 = flag:  0.000e+00
# span 0 =          1,        454       
# span 1 =  48.287894,  48.289204       
# span 2 =    0.00000,    0.03146       
# span 3 =     0.0000,     1.8875       
# span 4 =      0.000,    113.250       
# span 5 =   999.9201,  1025.4950       
# span 6 =    347.979,  51920.653       
# span 7 =     0.1538,    31.7837       
# span 8 =     -0.322,     51.212       
# span 9 =    7.52468,   10.41022       
# span 10 =    -0.6451,     3.3494      
# span 11 =    -0.6451,     3.3524      
# span 12 =    -0.0783,    25.3359      
# span 13 =   13.43653,   18.71939      
# span 14 = 3.7912e-02, 1.0241e+00      
# span 15 =     -0.325,     51.702      
# span 16 = 0.0000e+00, 0.0000e+00      
# interval = seconds: 0.25
# start_time = Feb 17 2014 06:54:34 [Instrument's time stamp, header]
# bad_flag = -9.990e-29
*END*
[from data line 341]
        342  48.288880    0.02368     1.4208     85.250  1025.3490  51633.702    31.7275     21.307    7.53503     3.2974     3.2997    25.2481   13.45377 3.7914e-02     21.509 0.0000e+00
        343  48.288883    0.02375     1.4250     85.500  1025.3509  51634.978    31.7280     21.612    7.53512     3.2972     3.2990    25.2485   13.45391 3.7914e-02     21.817 0.0000e+00
        344  48.288886    0.02382     1.4292     85.750  1025.3527  51636.057    31.7285     21.890    7.53517     3.2972     3.2987    25.2490   13.45397 3.7913e-02     22.098 0.0000e+00
        345  48.288889    0.02389     1.4333     86.000  1025.3541  51636.743    31.7288     22.140    7.53518     3.2973     3.2985    25.2492   13.45399 3.7913e-02     22.350 0.0000e+00
        346  48.288892    0.02396     1.4375     86.250  1025.3553  51637.174    31.7290     22.366    7.53517     3.2975     3.2986    25.2494   13.45396 3.7912e-02     22.579 0.0000e+00
        347  48.288895    0.02403     1.4417     86.500  1025.3564  51637.409    31.7291     22.574    7.53514     3.2977     3.2987    25.2494   13.45392 3.7912e-02     22.789 0.0000e+00
        348  48.288898    0.02410     1.4458     86.750  1025.3575  51637.823    31.7293     22.772    7.53511     3.2981     3.2988    25.2496   13.45386 3.7912e-02     22.989 0.0000e+00
        349  48.288900    0.02417     1.4500     87.000  1025.3588  51638.600    31.7297     22.970    7.53504     3.2987     3.2990    25.2499   13.45375 3.7912e-02     23.188 0.0000e+00
        350  48.288903    0.02424     1.4542     87.250  1025.3601  51639.279    31.7302     23.176    7.53494     3.2994     3.2994    25.2502   13.45357 3.7912e-02     23.395 0.0000e+00
        351  48.288906    0.02431     1.4583     87.500  1025.3612  51639.514    31.7304     23.399    7.53482     3.3000     3.3000    25.2503   13.45337 3.7912e-02     23.621 0.0000e+00
        352  48.288909    0.02438     1.4625     87.750  1025.3622  51639.301    31.7303     23.644    7.53469     3.3004     3.3007    25.2502   13.45317 3.7912e-02     23.869 0.0000e+00
        353  48.288912    0.02444     1.4667     88.000  1025.3631  51638.704    31.7299     23.915    7.53460     3.3005     3.3014    25.2499   13.45301 3.7912e-02     24.142 0.0000e+00
        354  48.288915    0.02451     1.4708     88.250  1025.3640  51637.920    31.7294     24.208    7.53455     3.3004     3.3018    25.2494   13.45293 3.7912e-02     24.438 0.0000e+00
        355  48.288918    0.02458     1.4750     88.500  1025.3651  51637.343    31.7289     24.519    7.53455     3.3002     3.3019    25.2489   13.45294 3.7912e-02     24.752 0.0000e+00
        356  48.288921    0.02465     1.4792     88.750  1025.3664  51637.284    31.7286     24.841    7.53457     3.3000     3.3018    25.2488   13.45298 3.7912e-02     25.076 0.0000e+00
        357  48.288924    0.02472     1.4833     89.000  1025.3681  51637.825    31.7288     25.164    7.53460     3.2999     3.3016    25.2489   13.45304 3.7912e-02     25.403 0.0000e+00
        358  48.288927    0.02479     1.4875     89.250  1025.3699  51638.573    31.7291     25.483    7.53462     3.2998     3.3014    25.2491   13.45307 3.7912e-02     25.724 0.0000e+00
        359  48.288929    0.02486     1.4917     89.500  1025.3713  51638.736    31.7290     25.791    7.53464     3.2995     3.3014    25.2491   13.45309 3.7912e-02     26.035 0.0000e+00
        360  48.288932    0.02493     1.4958     89.750  1025.3723  51638.247    31.7285     26.084    7.53468     3.2989     3.3013    25.2487   13.45316 3.7912e-02     26.332 0.0000e+00
        361  48.288935    0.02500     1.5000     90.000  1025.3732  51637.693    31.7279     26.362    7.53476     3.2982     3.3010    25.2483   13.45330 3.7912e-02     26.612 0.0000e+00
        362  48.288938    0.02507     1.5042     90.250  1025.3741  51637.461    31.7275     26.624    7.53488     3.2974     3.3005    25.2480   13.45351 3.7912e-02     26.877 0.0000e+00
        363  48.288941    0.02514     1.5083     90.500  1025.3753  51637.695    31.7273     26.875    7.53502     3.2966     3.2998    25.2479   13.45375 3.7912e-02     27.130 0.0000e+00
        364  48.288944    0.02521     1.5125     90.750  1025.3764  51638.085    31.7273     27.119    7.53517     3.2958     3.2990    25.2480   13.45399 3.7912e-02     27.376 0.0000e+00
        365  48.288947    0.02528     1.5167     91.000  1025.3775  51638.201    31.7270     27.364    7.53533     3.2948     3.2982    25.2478   13.45426 3.7912e-02     27.624 0.0000e+00
        366  48.288950    0.02535     1.5208     91.250  1025.3784  51638.121    31.7266     27.616    7.53551     3.2937     3.2974    25.2476   13.45456 3.7912e-02     27.879 0.0000e+00
        367  48.288953    0.02542     1.5250     91.500  1025.3795  51638.209    31.7263     27.883    7.53570     3.2925     3.2964    25.2474   13.45489 3.7912e-02     28.148 0.0000e+00
        368  48.288955    0.02549     1.5292     91.750  1025.3808  51638.569    31.7261     28.166    7.53591     3.2913     3.2953    25.2473   13.45524 3.7912e-02     28.434 0.0000e+00
        369  48.288958    0.02556     1.5333     92.000  1025.3822  51639.078    31.7260     28.465    7.53613     3.2902     3.2942    25.2473   13.45560 3.7912e-02     28.736 0.0000e+00
        370  48.288961    0.02562     1.5375     92.250  1025.3838  51639.828    31.7260     28.776    7.53635     3.2892     3.2930    25.2475   13.45596 3.7912e-02     29.050 0.0000e+00
        371  48.288964    0.02569     1.5417     92.500  1025.3857  51640.922    31.7263     29.091    7.53655     3.2884     3.2919    25.2478   13.45627 3.7912e-02     29.368 0.0000e+00
        372  48.288967    0.02576     1.5458     92.750  1025.3875  51642.113    31.7267     29.400    7.53671     3.2878     3.2909    25.2482   13.45653 3.7912e-02     29.679 0.0000e+00
        373  48.288970    0.02583     1.5500     93.000  1025.3893  51643.202    31.7271     29.692    7.53683     3.2875     3.2901    25.2486   13.45673 3.7912e-02     29.975 0.0000e+00
        374  48.288973    0.02590     1.5542     93.250  1025.3909  51644.244    31.7275     29.963    7.53692     3.2873     3.2896    25.2490   13.45686 3.7912e-02     30.248 0.0000e+00
        375  48.288976    0.02597     1.5583     93.500  1025.3924  51645.123    31.7279     30.209    7.53697     3.2872     3.2892    25.2493   13.45694 3.7912e-02     30.497 0.0000e+00
        376  48.288979    0.02604     1.5625     93.750  1025.3936  51645.648    31.7281     30.433    7.53699     3.2872     3.2891    25.2495   13.45697 3.7912e-02     30.723 0.0000e+00
        377  48.288981    0.02611     1.5667     94.000  1025.3947  51645.885    31.7282     30.640    7.53699     3.2872     3.2890    25.2495   13.45698 3.7912e-02     30.932 0.0000e+00
        378  48.288984    0.02618     1.5708     94.250  1025.3956  51645.955    31.7281     30.841    7.53699     3.2871     3.2890    25.2495   13.45698 3.7912e-02     31.135 0.0000e+00
        379  48.288987    0.02625     1.5750     94.500  1025.3965  51645.900    31.7279     31.047    7.53700     3.2869     3.2890    25.2494   13.45699 3.7912e-02     31.343 0.0000e+00
        380  48.288990    0.02632     1.5792     94.750  1025.3974  51645.779    31.7277     31.270    7.53702     3.2867     3.2890    25.2492   13.45704 3.7912e-02     31.568 0.0000e+00
        381  48.288993    0.02639     1.5833     95.000  1025.3983  51645.637    31.7275     31.519    7.53707     3.2863     3.2888    25.2490   13.45711 3.7912e-02     31.819 0.0000e+00
        382  48.288996    0.02646     1.5875     95.250  1025.3994  51645.390    31.7271     31.799    7.53714     3.2856     3.2885    25.2487   13.45723 3.7912e-02     32.101 0.0000e+00
        383  48.288999    0.02653     1.5917     95.500  1025.4004  51644.912    31.7265     32.106    7.53724     3.2846     3.2881    25.2483   13.45741 3.7912e-02     32.412 0.0000e+00
        384  48.289002    0.02660     1.5958     95.750  1025.4013  51644.095    31.7256     32.436    7.53740     3.2832     3.2875    25.2476   13.45769 3.7912e-02     32.745 0.0000e+00
        385  48.289005    0.02667     1.6000     96.000  1025.4021  51642.978    31.7244     32.780    7.53764     3.2813     3.2865    25.2468   13.45810 3.7912e-02     33.092 0.0000e+00
        386  48.289008    0.02674     1.6042     96.250  1025.4031  51642.366    31.7235     33.125    7.53796     3.2794     3.2851    25.2461   13.45864 3.7912e-02     33.441 0.0000e+00
        387  48.289010    0.02681     1.6083     96.500  1025.4048  51643.248    31.7234     33.462    7.53831     3.2778     3.2832    25.2462   13.45921 3.7912e-02     33.781 0.0000e+00
        388  48.289013    0.02688     1.6125     96.750  1025.4072  51645.484    31.7243     33.784    7.53862     3.2767     3.2813    25.2471   13.45972 3.7912e-02     34.106 0.0000e+00
        389  48.289016    0.02694     1.6167     97.000  1025.4097  51648.034    31.7254     34.089    7.53885     3.2759     3.2797    25.2481   13.46009 3.7912e-02     34.414 0.0000e+00
        390  48.289019    0.02701     1.6208     97.250  1025.4117  51649.701    31.7261     34.380    7.53902     3.2753     3.2786    25.2488   13.46036 3.7912e-02     34.707 0.0000e+00
        391  48.289022    0.02708     1.6250     97.500  1025.4132  51650.338    31.7262     34.658    7.53915     3.2748     3.2779    25.2489   13.46058 3.7912e-02     34.988 0.0000e+00
        392  48.289025    0.02715     1.6292     97.750  1025.4147  51651.071    31.7264     34.929    7.53926     3.2747     3.2773    25.2491   13.46074 3.7912e-02     35.262 0.0000e+00
        393  48.289028    0.02722     1.6333     98.000  1025.4166  51652.582    31.7271     35.196    7.53930     3.2751     3.2768    25.2498   13.46081 3.7912e-02     35.531 0.0000e+00
        394  48.289031    0.02729     1.6375     98.250  1025.4189  51654.672    31.7284     35.461    7.53926     3.2761     3.2767    25.2508   13.46073 3.7912e-02     35.798 0.0000e+00
        395  48.289034    0.02736     1.6417     98.500  1025.4213  51656.944    31.7299     35.725    7.53911     3.2778     3.2771    25.2520   13.46046 3.7912e-02     36.066 0.0000e+00
        396  48.289036    0.02743     1.6458     98.750  1025.4237  51659.198    31.7316     35.990    7.53883     3.2802     3.2782    25.2532   13.45997 3.7912e-02     36.333 0.0000e+00
        397  48.289039    0.02750     1.6500     99.000  1025.4261  51661.047    31.7331     36.253    7.53843     3.2829     3.2799    25.2543   13.45928 3.7912e-02     36.599 0.0000e+00
        398  48.289042    0.02757     1.6542     99.250  1025.4277  51661.465    31.7339     36.514    7.53795     3.2854     3.2823    25.2547   13.45847 3.7912e-02     36.862 0.0000e+00
        399  48.289045    0.02764     1.6583     99.500  1025.4285  51660.171    31.7336     36.773    7.53746     3.2875     3.2850    25.2543   13.45767 3.7912e-02     37.123 0.0000e+00
        400  48.289048    0.02771     1.6625     99.750  1025.4288  51658.141    31.7327     37.029    7.53702     3.2891     3.2876    25.2534   13.45697 3.7912e-02     37.382 0.0000e+00
        401  48.289051    0.02778     1.6667    100.000  1025.4290  51656.049    31.7317     37.284    7.53668     3.2901     3.2897    25.2524   13.45642 3.7912e-02     37.639 0.0000e+00
        402  48.289054    0.02785     1.6708    100.250  1025.4292  51654.113    31.7307     37.541    7.53644     3.2907     3.2913    25.2514   13.45604 3.7912e-02     37.899 0.0000e+00
        403  48.289057    0.02792     1.6750    100.500  1025.4297  51652.704    31.7299     37.803    7.53629     3.2910     3.2923    25.2507   13.45580 3.7912e-02     38.164 0.0000e+00
        404  48.289060    0.02799     1.6792    100.750  1025.4307  51652.174    31.7295     38.073    7.53620     3.2914     3.2929    25.2503   13.45566 3.7912e-02     38.436 0.0000e+00
        405  48.289063    0.02806     1.6833    101.000  1025.4323  51652.868    31.7299     38.353    7.53611     3.2923     3.2932    25.2506   13.45551 3.7912e-02     38.719 0.0000e+00
        406  48.289065    0.02813     1.6875    101.250  1025.4345  51654.542    31.7310     38.643    7.53597     3.2936     3.2937    25.2514   13.45526 3.7912e-02     39.012 0.0000e+00
        407  48.289068    0.02819     1.6917    101.500  1025.4366  51655.891    31.7320     38.944    7.53575     3.2951     3.2946    25.2522   13.45489 3.7912e-02     39.315 0.0000e+00
        408  48.289071    0.02826     1.6958    101.750  1025.4381  51655.880    31.7322     39.252    7.53549     3.2963     3.2959    25.2522   13.45446 3.7912e-02     39.627 0.0000e+00
        409  48.289074    0.02833     1.7000    102.000  1025.4391  51654.853    31.7317     39.564    7.53525     3.2972     3.2974    25.2517   13.45405 3.7912e-02     39.942 0.0000e+00
        410  48.289077    0.02840     1.7042    102.250  1025.4399  51653.620    31.7310     39.875    7.53505     3.2977     3.2986    25.2510   13.45374 3.7912e-02     40.255 0.0000e+00
        411  48.289080    0.02847     1.7083    102.500  1025.4408  51652.574    31.7304     40.181    7.53492     3.2979     3.2995    25.2505   13.45353 3.7912e-02     40.564 0.0000e+00
        412  48.289083    0.02854     1.7125    102.750  1025.4418  51651.960    31.7300     40.479    7.53484     3.2981     3.3001    25.2501   13.45341 3.7912e-02     40.864 0.0000e+00
        413  48.289086    0.02861     1.7167    103.000  1025.4430  51651.836    31.7298     40.767    7.53480     3.2982     3.3003    25.2499   13.45334 3.7912e-02     41.155 0.0000e+00
        414  48.289089    0.02868     1.7208    103.250  1025.4444  51652.072    31.7298     41.046    7.53477     3.2984     3.3005    25.2499   13.45329 3.7912e-02     41.437 0.0000e+00
        415  48.289091    0.02875     1.7250    103.500  1025.4459  51652.747    31.7302     41.320    7.53472     3.2988     3.3006    25.2502   13.45321 3.7912e-02     41.714 0.0000e+00
        416  48.289094    0.02882     1.7292    103.750  1025.4476  51653.637    31.7307     41.593    7.53465     3.2994     3.3008    25.2506   13.45308 3.7912e-02     41.989 0.0000e+00
        417  48.289097    0.02889     1.7333    104.000  1025.4491  51654.092    31.7310     41.869    7.53455     3.2999     3.3013    25.2508   13.45292 3.7912e-02     42.268 0.0000e+00
        418  48.289100    0.02896     1.7375    104.250  1025.4504  51654.164    31.7311     42.150    7.53445     3.3004     3.3018    25.2507   13.45275 3.7912e-02     42.552 0.0000e+00
        419  48.289103    0.02903     1.7417    104.500  1025.4519  51654.442    31.7313     42.439    7.53434     3.3011     3.3024    25.2508   13.45256 3.7912e-02     42.844 0.0000e+00
        420  48.289106    0.02910     1.7458    104.750  1025.4536  51655.002    31.7316     42.734    7.53422     3.3020     3.3029    25.2511   13.45235 3.7912e-02     43.142 0.0000e+00
        421  48.289109    0.02917     1.7500    105.000  1025.4553  51655.703    31.7321     43.033    7.53406     3.3031     3.3036    25.2515   13.45210 3.7912e-02     43.444 0.0000e+00
        422  48.289112    0.02924     1.7542    105.250  1025.4572  51656.608    31.7328     43.332    7.53387     3.3047     3.3045    25.2519   13.45177 3.7912e-02     43.746 0.0000e+00
        423  48.289115    0.02931     1.7583    105.500  1025.4594  51658.040    31.7339     43.625    7.53360     3.3069     3.3056    25.2527   13.45131 3.7912e-02     44.041 0.0000e+00
        424  48.289117    0.02937     1.7625    105.750  1025.4617  51659.858    31.7354     43.907    7.53323     3.3094     3.3072    25.2538   13.45067 3.7912e-02     44.326 0.0000e+00
        425  48.289120    0.02944     1.7667    106.000  1025.4636  51660.765    31.7364     44.176    7.53276     3.3117     3.3094    25.2544   13.44990 3.7912e-02     44.597 0.0000e+00
