CTD-processing/allCTD/CNV--homogene/2014_10-19_t9_s02_cast144.cnv
* Sea-Bird SBE19plus Data File:
* FileName = C:\Users\kris.holderied\Documents\kasitsna\Research-Projects-and-Data\Oceanography-AK\CTD-Data-ALL-to-2014-10\2014-CTD-KachemakBay-CookInlet\2014-10-EVOSTC-CookInlet\2014-10-19-CookInlet-Tran9-HomerSpit\2014-10-19-CookInlet-Tran9-cast144.hex
* Software Version 1.59
* Temperature SN =  4141
* Conductivity SN =  4141
* System UpLoad Time = Nov 25 2014 12:47:52
** Cook Inlet LTM Tran9 (Homer Spit) south to north
** Date: 10-19
** Station: 9-02
** Start time:  10:18
** Depth (m): 76
** Comment:  CTD time is Alaska Daylight time.  R/V Pandalus. Transducer  depth.
** Comment:
# nquan = 17
# nvalues = 773                         
# units = specified
# name 0 = scan: Scan Count
# name 1 = timeJ: Julian Days
# name 2 = timeH: Time, Elapsed [hours]
# name 3 = timeM: Time, Elapsed [minutes]
# name 4 = timeS: Time, Elapsed [seconds]
# name 5 = density00: Density [density, kg/m^3]
# name 6 = specc: Specific Conductance [uS/cm]
# name 7 = sal00: Salinity, Practical [PSU]
# name 8 = depSM: Depth [salt water, m], lat = 59.00
# name 9 = oxsolML/L: Oxygen Saturation, Garcia & Gordon [ml/l]
# name 10 = potemp090C: Potential Temperature [ITS-90, deg C]
# name 11 = tv290C: Temperature [ITS-90, deg C]
# name 12 = sigma-é00: Density [sigma-theta, kg/m^3]
# name 13 = n2satML/L: Nitrogen Saturation [ml/l]
# name 14 = par: PAR/Irradiance, Biospherical/Licor
# name 15 = prdM: Pressure, Strain Gauge [db]
# name 16 = flag:  0.000e+00
# span 0 =          1,        773       
# span 1 = 292.430475, 292.432708       
# span 2 =    0.00000,    0.05361       
# span 3 =     0.0000,     3.2167       
# span 4 =      0.000,    193.000       
# span 5 =  1000.0792,  1024.0937       
# span 6 =    530.695,  48653.833       
# span 7 =     0.2507,    30.8412       
# span 8 =     -0.325,     74.391       
# span 9 =    6.52517,    8.38388       
# span 10 =     7.4612,     9.7222      
# span 11 =     7.4612,     9.7252      
# span 12 =     0.0807,    23.7528      
# span 13 =   11.79585,   15.32245      
# span 14 = 3.6382e-02, 7.9989e+01      
# span 15 =     -0.328,     75.107      
# span 16 = 0.0000e+00, 0.0000e+00      
# interval = seconds: 0.25
# start_time = Oct 19 2014 10:19:53 [Instrument's time stamp, header]
# bad_flag = -9.990e-29
*END*
[from data line 426]
        427 292.431707    0.02958     1.7750    106.500  1023.6886  48322.225    30.6253     21.540    6.54015     9.6817     9.6802    23.5898   11.82313 1.1812e+00     21.743 0.0000e+00
        428 292.431710    0.02965     1.7792    106.750  1023.6914  48326.218    30.6283     21.713    6.53977     9.6840     9.6819    23.5918   11.82247 1.1554e+00     21.918 0.0000e+00
        429 292.431713    0.02972     1.7833    107.000  1023.6939  48329.543    30.6308     21.891    6.53936     9.6864     9.6840    23.5935   11.82176 1.1296e+00     22.098 0.0000e+00
        430 292.431716    0.02979     1.7875    107.250  1023.6958  48331.961    30.6328     22.072    6.53894     9.6885     9.6864    23.5946   11.82104 1.1039e+00     22.281 0.0000e+00
        431 292.431719    0.02986     1.7917    107.500  1023.6972  48333.287    30.6339     22.254    6.53855     9.6903     9.6887    23.5951   11.82039 1.0791e+00     22.465 0.0000e+00
        432 292.431722    0.02993     1.7958    107.750  1023.6980  48333.566    30.6343     22.435    6.53822     9.6917     9.6909    23.5951   11.81984 1.0559e+00     22.648 0.0000e+00
        433 292.431725    0.03000     1.8000    108.000  1023.6986  48333.519    30.6344     22.611    6.53796     9.6930     9.6927    23.5949   11.81939 1.0345e+00     22.826 0.0000e+00
        434 292.431727    0.03007     1.8042    108.250  1023.6995  48333.920    30.6348     22.782    6.53773     9.6941     9.6942    23.5950   11.81901 1.0148e+00     22.997 0.0000e+00
        435 292.431730    0.03014     1.8083    108.500  1023.7006  48334.888    30.6356     22.945    6.53751     9.6951     9.6954    23.5954   11.81865 9.9673e-01     23.162 0.0000e+00
        436 292.431733    0.03021     1.8125    108.750  1023.7018  48335.892    30.6364     23.101    6.53732     9.6961     9.6966    23.5958   11.81831 9.7999e-01     23.320 0.0000e+00
        437 292.431736    0.03028     1.8167    109.000  1023.7027  48336.439    30.6368     23.253    6.53714     9.6969     9.6976    23.5960   11.81802 9.6402e-01     23.474 0.0000e+00
        438 292.431739    0.03035     1.8208    109.250  1023.7034  48336.715    30.6371     23.404    6.53700     9.6976     9.6986    23.5961   11.81777 9.4799e-01     23.626 0.0000e+00
        439 292.431742    0.03042     1.8250    109.500  1023.7042  48337.061    30.6373     23.559    6.53687     9.6982     9.6994    23.5962   11.81755 9.3103e-01     23.783 0.0000e+00
        440 292.431745    0.03049     1.8292    109.750  1023.7051  48337.585    30.6377     23.722    6.53675     9.6989     9.7001    23.5964   11.81735 9.1250e-01     23.947 0.0000e+00
        441 292.431748    0.03056     1.8333    110.000  1023.7062  48338.357    30.6383     23.893    6.53663     9.6996     9.7008    23.5967   11.81714 8.9236e-01     24.120 0.0000e+00
        442 292.431751    0.03062     1.8375    110.250  1023.7076  48339.579    30.6392     24.072    6.53649     9.7005     9.7014    23.5973   11.81692 8.7123e-01     24.300 0.0000e+00
        443 292.431753    0.03069     1.8417    110.500  1023.7094  48341.457    30.6405     24.256    6.53633     9.7016     9.7022    23.5982   11.81664 8.5027e-01     24.486 0.0000e+00
        444 292.431756    0.03076     1.8458    110.750  1023.7114  48343.672    30.6421     24.438    6.53613     9.7028     9.7031    23.5993   11.81629 8.3058e-01     24.670 0.0000e+00
        445 292.431759    0.03083     1.8500    111.000  1023.7132  48345.777    30.6436     24.613    6.53591     9.7042     9.7042    23.6003   11.81590 8.1282e-01     24.846 0.0000e+00
        446 292.431762    0.03090     1.8542    111.250  1023.7150  48347.974    30.6453     24.777    6.53566     9.7057     9.7055    23.6014   11.81546 7.9740e-01     25.012 0.0000e+00
        447 292.431765    0.03097     1.8583    111.500  1023.7172  48350.849    30.6474     24.929    6.53538     9.7075     9.7068    23.6028   11.81496 7.8436e-01     25.166 0.0000e+00
        448 292.431768    0.03104     1.8625    111.750  1023.7196  48354.285    30.6500     25.071    6.53505     9.7094     9.7084    23.6046   11.81438 7.7313e-01     25.309 0.0000e+00
        449 292.431771    0.03111     1.8667    112.000  1023.7218  48357.444    30.6524     25.206    6.53469     9.7113     9.7102    23.6062   11.81376 7.6267e-01     25.445 0.0000e+00
        450 292.431774    0.03118     1.8708    112.250  1023.7238  48360.261    30.6546     25.341    6.53432     9.7130     9.7121    23.6076   11.81312 7.5178e-01     25.582 0.0000e+00
        451 292.431777    0.03125     1.8750    112.500  1023.7257  48362.865    30.6566     25.482    6.53396     9.7146     9.7140    23.6088   11.81250 7.3970e-01     25.724 0.0000e+00
        452 292.431780    0.03132     1.8792    112.750  1023.7273  48364.826    30.6581     25.633    6.53364     9.7159     9.7158    23.6098   11.81195 7.2621e-01     25.876 0.0000e+00
        453 292.431782    0.03139     1.8833    113.000  1023.7288  48366.442    30.6594     25.795    6.53336     9.7170     9.7173    23.6105   11.81148 7.1144e-01     26.040 0.0000e+00
        454 292.431785    0.03146     1.8875    113.250  1023.7306  48368.552    30.6609     25.966    6.53311     9.7181     9.7186    23.6115   11.81104 6.9593e-01     26.212 0.0000e+00
        455 292.431788    0.03153     1.8917    113.500  1023.7329  48371.562    30.6631     26.142    6.53285     9.7192     9.7198    23.6130   11.81058 6.8033e-01     26.390 0.0000e+00
        456 292.431791    0.03160     1.8958    113.750  1023.7356  48375.244    30.6658     26.320    6.53258     9.7202     9.7209    23.6149   11.81010 6.6500e-01     26.570 0.0000e+00
        457 292.431794    0.03167     1.9000    114.000  1023.7383  48378.783    30.6684     26.498    6.53231     9.7210     9.7220    23.6167   11.80963 6.5024e-01     26.750 0.0000e+00
        458 292.431797    0.03174     1.9042    114.250  1023.7404  48381.504    30.6703     26.675    6.53208     9.7216     9.7231    23.6181   11.80922 6.3608e-01     26.928 0.0000e+00
        459 292.431800    0.03181     1.9083    114.500  1023.7422  48383.491    30.6718     26.851    6.53190     9.7219     9.7239    23.6191   11.80890 6.2218e-01     27.106 0.0000e+00
        460 292.431803    0.03188     1.9125    114.750  1023.7439  48385.165    30.6729     27.026    6.53176     9.7221     9.7245    23.6199   11.80866 6.0820e-01     27.283 0.0000e+00
        461 292.431806    0.03194     1.9167    115.000  1023.7455  48386.754    30.6740     27.203    6.53167     9.7222     9.7249    23.6207   11.80849 5.9409e-01     27.462 0.0000e+00
        462 292.431808    0.03201     1.9208    115.250  1023.7471  48388.303    30.6750     27.381    6.53159     9.7222     9.7250    23.6215   11.80836 5.8002e-01     27.642 0.0000e+00
        463 292.431811    0.03208     1.9250    115.500  1023.7486  48389.806    30.6760     27.559    6.53154     9.7221     9.7251    23.6223   11.80826 5.6637e-01     27.821 0.0000e+00
        464 292.431814    0.03215     1.9292    115.750  1023.7502  48391.224    30.6769     27.731    6.53150     9.7220     9.7252    23.6230   11.80818 5.5359e-01     27.995 0.0000e+00
        465 292.431817    0.03222     1.9333    116.000  1023.7516  48392.507    30.6777     27.897    6.53147     9.7218     9.7251    23.6237   11.80812 5.4190e-01     28.162 0.0000e+00
        466 292.431820    0.03229     1.9375    116.250  1023.7529  48393.593    30.6784     28.054    6.53145     9.7215     9.7250    23.6242   11.80809 5.3133e-01     28.321 0.0000e+00
        467 292.431823    0.03236     1.9417    116.500  1023.7540  48394.526    30.6790     28.204    6.53145     9.7211     9.7249    23.6247   11.80808 5.2159e-01     28.472 0.0000e+00
        468 292.431826    0.03243     1.9458    116.750  1023.7551  48395.384    30.6795     28.350    6.53147     9.7204     9.7246    23.6251   11.80810 5.1212e-01     28.620 0.0000e+00
        469 292.431829    0.03250     1.9500    117.000  1023.7562  48396.202    30.6800     28.497    6.53152     9.7196     9.7241    23.6256   11.80817 5.0241e-01     28.768 0.0000e+00
        470 292.431832    0.03257     1.9542    117.250  1023.7573  48397.025    30.6804     28.647    6.53159     9.7188     9.7235    23.6260   11.80829 4.9227e-01     28.919 0.0000e+00
        471 292.431834    0.03264     1.9583    117.500  1023.7585  48397.854    30.6809     28.803    6.53168     9.7179     9.7227    23.6264   11.80844 4.8171e-01     29.077 0.0000e+00
        472 292.431837    0.03271     1.9625    117.750  1023.7597  48398.720    30.6813     28.965    6.53179     9.7170     9.7219    23.6269   11.80860 4.7093e-01     29.241 0.0000e+00
        473 292.431840    0.03278     1.9667    118.000  1023.7610  48399.687    30.6818     29.131    6.53189     9.7162     9.7210    23.6275   11.80877 4.6030e-01     29.408 0.0000e+00
        474 292.431843    0.03285     1.9708    118.250  1023.7623  48400.729    30.6823     29.295    6.53199     9.7156     9.7202    23.6280   11.80893 4.5012e-01     29.574 0.0000e+00
        475 292.431846    0.03292     1.9750    118.500  1023.7636  48401.753    30.6829     29.456    6.53208     9.7152     9.7194    23.6286   11.80907 4.4059e-01     29.736 0.0000e+00
        476 292.431849    0.03299     1.9792    118.750  1023.7649  48402.705    30.6834     29.612    6.53214     9.7148     9.7188    23.6291   11.80917 4.3176e-01     29.894 0.0000e+00
        477 292.431852    0.03306     1.9833    119.000  1023.7660  48403.571    30.6839     29.764    6.53218     9.7146     9.7184    23.6295   11.80923 4.2347e-01     30.047 0.0000e+00
        478 292.431855    0.03313     1.9875    119.250  1023.7671  48404.281    30.6843     29.914    6.53221     9.7144     9.7181    23.6299   11.80927 4.1531e-01     30.198 0.0000e+00
        479 292.431858    0.03319     1.9917    119.500  1023.7680  48404.821    30.6846     30.067    6.53223     9.7142     9.7178    23.6302   11.80930 4.0685e-01     30.352 0.0000e+00
        480 292.431861    0.03326     1.9958    119.750  1023.7690  48405.315    30.6848     30.225    6.53225     9.7140     9.7177    23.6304   11.80932 3.9782e-01     30.512 0.0000e+00
        481 292.431863    0.03333     2.0000    120.000  1023.7700  48405.850    30.6851     30.393    6.53226     9.7139     9.7175    23.6307   11.80934 3.8806e-01     30.682 0.0000e+00
        482 292.431866    0.03340     2.0042    120.250  1023.7711  48406.422    30.6854     30.573    6.53227     9.7137     9.7173    23.6310   11.80936 3.7758e-01     30.864 0.0000e+00
        483 292.431869    0.03347     2.0083    120.500  1023.7723  48407.057    30.6858     30.763    6.53228     9.7136     9.7172    23.6313   11.80937 3.6655e-01     31.056 0.0000e+00
        484 292.431872    0.03354     2.0125    120.750  1023.7735  48407.719    30.6861     30.960    6.53229     9.7135     9.7170    23.6316   11.80937 3.5531e-01     31.255 0.0000e+00
        485 292.431875    0.03361     2.0167    121.000  1023.7747  48408.293    30.6865     31.158    6.53229     9.7135     9.7169    23.6318   11.80937 3.4442e-01     31.455 0.0000e+00
        486 292.431878    0.03368     2.0208    121.250  1023.7758  48408.860    30.6868     31.351    6.53228     9.7134     9.7168    23.6320   11.80936 3.3446e-01     31.649 0.0000e+00
        487 292.431881    0.03375     2.0250    121.500  1023.7770  48409.574    30.6872     31.533    6.53227     9.7134     9.7168    23.6324   11.80933 3.2577e-01     31.833 0.0000e+00
        488 292.431884    0.03382     2.0292    121.750  1023.7781  48410.378    30.6877     31.702    6.53225     9.7133     9.7168    23.6328   11.80929 3.1830e-01     32.004 0.0000e+00
        489 292.431887    0.03389     2.0333    122.000  1023.7792  48411.173    30.6882     31.857    6.53223     9.7133     9.7168    23.6332   11.80926 3.1178e-01     32.160 0.0000e+00
        490 292.431889    0.03396     2.0375    122.250  1023.7803  48411.984    30.6887     32.001    6.53221     9.7132     9.7167    23.6336   11.80922 3.0587e-01     32.305 0.0000e+00
        491 292.431892    0.03403     2.0417    122.500  1023.7814  48412.843    30.6892     32.138    6.53220     9.7131     9.7167    23.6340   11.80919 3.0026e-01     32.444 0.0000e+00
        492 292.431895    0.03410     2.0458    122.750  1023.7824  48413.742    30.6898     32.274    6.53218     9.7129     9.7167    23.6345   11.80916 2.9471e-01     32.581 0.0000e+00
        493 292.431898    0.03417     2.0500    123.000  1023.7835  48414.691    30.6904     32.411    6.53217     9.7127     9.7166    23.6350   11.80913 2.8901e-01     32.720 0.0000e+00
        494 292.431901    0.03424     2.0542    123.250  1023.7847  48415.722    30.6910     32.552    6.53216     9.7125     9.7164    23.6355   11.80911 2.8310e-01     32.862 0.0000e+00
        495 292.431904    0.03431     2.0583    123.500  1023.7859  48416.761    30.6917     32.697    6.53216     9.7122     9.7163    23.6360   11.80910 2.7701e-01     33.009 0.0000e+00
        496 292.431907    0.03438     2.0625    123.750  1023.7870  48417.638    30.6922     32.847    6.53217     9.7118     9.7160    23.6364   11.80911 2.7075e-01     33.159 0.0000e+00
        497 292.431910    0.03444     2.0667    124.000  1023.7880  48418.291    30.6925     33.000    6.53220     9.7114     9.7158    23.6368   11.80915 2.6443e-01     33.314 0.0000e+00
        498 292.431913    0.03451     2.0708    124.250  1023.7890  48418.843    30.6928     33.158    6.53224     9.7110     9.7154    23.6371   11.80921 2.5806e-01     33.473 0.0000e+00
        499 292.431916    0.03458     2.0750    124.500  1023.7901  48419.449    30.6931     33.321    6.53229     9.7105     9.7150    23.6374   11.80929 2.5156e-01     33.638 0.0000e+00
        500 292.431918    0.03465     2.0792    124.750  1023.7913  48420.136    30.6935     33.490    6.53233     9.7102     9.7145    23.6377   11.80936 2.4482e-01     33.809 0.0000e+00
        501 292.431921    0.03472     2.0833    125.000  1023.7924  48420.846    30.6939     33.665    6.53238     9.7099     9.7141    23.6381   11.80943 2.3784e-01     33.986 0.0000e+00
        502 292.431924    0.03479     2.0875    125.250  1023.7936  48421.521    30.6942     33.846    6.53241     9.7097     9.7138    23.6384   11.80948 2.3072e-01     34.168 0.0000e+00
        503 292.431927    0.03486     2.0917    125.500  1023.7947  48422.168    30.6946     34.030    6.53243     9.7095     9.7135    23.6387   11.80952 2.2365e-01     34.354 0.0000e+00
        504 292.431930    0.03493     2.0958    125.750  1023.7959  48422.804    30.6949     34.216    6.53244     9.7095     9.7134    23.6390   11.80953 2.1675e-01     34.542 0.0000e+00
        505 292.431933    0.03500     2.1000    126.000  1023.7970  48423.448    30.6953     34.400    6.53244     9.7095     9.7133    23.6393   11.80952 2.1019e-01     34.728 0.0000e+00
        506 292.431936    0.03507     2.1042    126.250  1023.7982  48424.195    30.6957     34.579    6.53243     9.7096     9.7133    23.6397   11.80949 2.0418e-01     34.909 0.0000e+00
        507 292.431939    0.03514     2.1083    126.500  1023.7994  48425.078    30.6963     34.751    6.53240     9.7097     9.7133    23.6401   11.80944 1.9877e-01     35.081 0.0000e+00
        508 292.431942    0.03521     2.1125    126.750  1023.8006  48425.985    30.6968     34.913    6.53237     9.7098     9.7134    23.6405   11.80938 1.9396e-01     35.245 0.0000e+00
        509 292.431944    0.03528     2.1167    127.000  1023.8017  48426.760    30.6973     35.067    6.53233     9.7099     9.7135    23.6409   11.80931 1.8956e-01     35.401 0.0000e+00
        510 292.431947    0.03535     2.1208    127.250  1023.8026  48427.301    30.6977     35.216    6.53229     9.7100     9.7136    23.6412   11.80925 1.8531e-01     35.552 0.0000e+00
