CTD-processing/allCTD/CNV--homogene/2014_07-22_t3_s13_cast183.cnv
* Sea-Bird SBE19plus Data File:
* FileName = C:\Users\kris.holderied\Documents\kasitsna\Research-Projects-and-Data\Oceanography-AK\CTD-Data-ALL-to-2014-06\2014-CTD-KachemakBay-CookInlet\2014-07-EVOSTC-CookInlet-quarterly\2014-07-22-CookInlet-Tran3-AnchorPt\2014-07-22-CookInlet-Tran3-cast183.hex
* Software Version 1.59
* Temperature SN =  4141
* Conductivity SN =  4141
* System UpLoad Time = Jul 22 2014 17:36:02
** Cook Inlet LTM Transect 3 (Anchor Pt) East to West
** Date: 07-22
** Station: 3-13
** Start time: 09:13
** Depth (m): 31.4
** Comment:  CTD time is Alaska Daylight time. CTD descent time=31 sec.
** Comment: Zooplankton (20 m vertical bongo). Phytoplankton (surface 40 liters, filtered).
# nquan = 17
# nvalues = 442                         
# units = specified
# name 0 = scan: Scan Count
# name 1 = timeJ: Julian Days
# name 2 = timeH: Time, Elapsed [hours]
# name 3 = timeM: Time, Elapsed [minutes]
# name 4 = timeS: Time, Elapsed [seconds]
# name 5 = density00: Density [density, kg/m^3]
# name 6 = specc: Specific Conductance [uS/cm]
# name 7 = sal00: Salinity, Practical [PSU]
# name 8 = depSM: Depth [salt water, m], lat = 59.00
# name 9 = oxsolML/L: Oxygen Saturation, Garcia & Gordon [ml/l]
# name 10 = potemp090C: Potential Temperature [ITS-90, deg C]
# name 11 = tv290C: Temperature [ITS-90, deg C]
# name 12 = sigma-é00: Density [sigma-theta, kg/m^3]
# name 13 = n2satML/L: Nitrogen Saturation [ml/l]
# name 14 = par: PAR/Irradiance, Biospherical/Licor
# name 15 = prdM: Pressure, Strain Gauge [db]
# name 16 = flag:  0.000e+00
# span 0 =          1,        442       
# span 1 = 203.384549, 203.385825       
# span 2 =    0.00000,    0.03062       
# span 3 =     0.0000,     1.8375       
# span 4 =      0.000,    110.250       
# span 5 =   999.7992,  1024.1492       
# span 6 =    466.482,  49238.223       
# span 7 =     0.2220,    31.4211       
# span 8 =     -0.054,     32.005       
# span 9 =    6.33611,    7.73719       
# span 10 =    10.7233,    10.9165      
# span 11 =    10.7264,    10.9168      
# span 12 =    -0.2006,    24.0174      
# span 13 =   11.47614,   14.23133      
# span 14 = 2.0063e-01, 6.6552e+02      
# span 15 =     -0.054,     32.309      
# span 16 = 0.0000e+00, 0.0000e+00      
# interval = seconds: 0.25
# start_time = Jul 22 2014 09:13:45 [Instrument's time stamp, header]
# bad_flag = -9.990e-29
*END*
[from data line 86]
         87 203.384797    0.00597     0.3583     21.500  1024.0109  49195.821    31.3812      2.153    6.35765    10.7563    10.7563    24.0011   11.51172 2.2943e+02      2.173 0.0000e+00
         88 203.384800    0.00604     0.3625     21.750  1024.0105  49195.652    31.3811      2.098    6.35763    10.7564    10.7564    24.0010   11.51170 2.3107e+02      2.117 0.0000e+00
         89 203.384803    0.00611     0.3667     22.000  1024.0103  49195.489    31.3811      2.059    6.35762    10.7565    10.7565    24.0009   11.51167 2.3395e+02      2.079 0.0000e+00
         90 203.384806    0.00618     0.3708     22.250  1024.0101  49195.347    31.3810      2.044    6.35760    10.7566    10.7567    24.0008   11.51165 2.3685e+02      2.063 0.0000e+00
         91 203.384809    0.00625     0.3750     22.500  1024.0101  49195.235    31.3809      2.055    6.35759    10.7565    10.7568    24.0007   11.51163 2.3732e+02      2.075 0.0000e+00
         92 203.384812    0.00632     0.3792     22.750  1024.0102  49195.165    31.3809      2.094    6.35759    10.7564    10.7568    24.0007   11.51163 2.3453e+02      2.114 0.0000e+00
         93 203.384815    0.00639     0.3833     23.000  1024.0105  49195.189    31.3809      2.155    6.35759    10.7563    10.7568    24.0007   11.51163 2.2946e+02      2.176 0.0000e+00
         94 203.384818    0.00646     0.3875     23.250  1024.0109  49195.361    31.3809      2.233    6.35760    10.7562    10.7567    24.0007   11.51164 2.2353e+02      2.254 0.0000e+00
         95 203.384821    0.00653     0.3917     23.500  1024.0115  49195.733    31.3811      2.320    6.35761    10.7560    10.7566    24.0009   11.51166 2.1731e+02      2.342 0.0000e+00
         96 203.384823    0.00660     0.3958     23.750  1024.0123  49196.379    31.3815      2.409    6.35761    10.7559    10.7564    24.0013   11.51166 2.0910e+02      2.431 0.0000e+00
         97 203.384826    0.00667     0.4000     24.000  1024.0132  49197.392    31.3822      2.489    6.35761    10.7558    10.7563    24.0018   11.51164 1.9882e+02      2.513 0.0000e+00
         98 203.384829    0.00674     0.4042     24.250  1024.0143  49198.917    31.3832      2.552    6.35758    10.7558    10.7562    24.0027   11.51159 1.9050e+02      2.576 0.0000e+00
         99 203.384832    0.00681     0.4083     24.500  1024.0156  49200.981    31.3847      2.588    6.35753    10.7558    10.7561    24.0038   11.51148 1.8727e+02      2.612 0.0000e+00
        100 203.384835    0.00688     0.4125     24.750  1024.0168  49203.023    31.3861      2.590    6.35747    10.7559    10.7561    24.0049   11.51137 1.8888e+02      2.615 0.0000e+00
        101 203.384838    0.00694     0.4167     25.000  1024.0172  49204.135    31.3869      2.558    6.35743    10.7561    10.7561    24.0055   11.51129 1.9406e+02      2.582 0.0000e+00
        102 203.384841    0.00701     0.4208     25.250  1024.0168  49203.908    31.3868      2.495    6.35742    10.7562    10.7562    24.0054   11.51128 2.0124e+02      2.519 0.0000e+00
        103 203.384844    0.00708     0.4250     25.500  1024.0157  49202.608    31.3859      2.412    6.35744    10.7563    10.7564    24.0047   11.51132 2.0917e+02      2.435 0.0000e+00
        104 203.384847    0.00715     0.4292     25.750  1024.0143  49200.782    31.3847      2.323    6.35747    10.7563    10.7565    24.0037   11.51139 2.1751e+02      2.345 0.0000e+00
        105 203.384850    0.00722     0.4333     26.000  1024.0130  49198.976    31.3834      2.242    6.35752    10.7563    10.7566    24.0028   11.51148 2.2595e+02      2.263 0.0000e+00
        106 203.384852    0.00729     0.4375     26.250  1024.0120  49197.599    31.3825      2.182    6.35755    10.7562    10.7566    24.0020   11.51155 2.3406e+02      2.203 0.0000e+00
        107 203.384855    0.00736     0.4417     26.500  1024.0114  49196.792    31.3819      2.151    6.35758    10.7562    10.7565    24.0016   11.51160 2.4177e+02      2.171 0.0000e+00
        108 203.384858    0.00743     0.4458     26.750  1024.0112  49196.504    31.3817      2.147    6.35759    10.7562    10.7565    24.0014   11.51163 2.4555e+02      2.167 0.0000e+00
        109 203.384861    0.00750     0.4500     27.000  1024.0114  49196.643    31.3818      2.162    6.35760    10.7561    10.7564    24.0015   11.51163 2.4077e+02      2.182 0.0000e+00
        110 203.384864    0.00757     0.4542     27.250  1024.0117  49197.067    31.3821      2.188    6.35759    10.7561    10.7564    24.0017   11.51162 2.3125e+02      2.209 0.0000e+00
        111 203.384867    0.00764     0.4583     27.500  1024.0121  49197.567    31.3825      2.218    6.35758    10.7561    10.7564    24.0020   11.51160 2.2223e+02      2.238 0.0000e+00
        112 203.384870    0.00771     0.4625     27.750  1024.0124  49197.932    31.3827      2.247    6.35758    10.7560    10.7563    24.0022   11.51159 2.1413e+02      2.268 0.0000e+00
        113 203.384873    0.00778     0.4667     28.000  1024.0126  49198.010    31.3827      2.276    6.35758    10.7560    10.7563    24.0023   11.51159 2.0833e+02      2.298 0.0000e+00
        114 203.384876    0.00785     0.4708     28.250  1024.0127  49197.864    31.3826      2.307    6.35759    10.7560    10.7563    24.0022   11.51161 2.0540e+02      2.329 0.0000e+00
        115 203.384878    0.00792     0.4750     28.500  1024.0128  49197.794    31.3825      2.340    6.35759    10.7561    10.7563    24.0021   11.51161 2.0424e+02      2.362 0.0000e+00
        116 203.384881    0.00799     0.4792     28.750  1024.0130  49198.033    31.3827      2.372    6.35758    10.7562    10.7563    24.0022   11.51159 2.0438e+02      2.395 0.0000e+00
        117 203.384884    0.00806     0.4833     29.000  1024.0135  49198.638    31.3831      2.401    6.35756    10.7563    10.7563    24.0025   11.51155 2.0534e+02      2.424 0.0000e+00
        118 203.384887    0.00813     0.4875     29.250  1024.0141  49199.555    31.3838      2.423    6.35752    10.7564    10.7564    24.0030   11.51147 2.0696e+02      2.446 0.0000e+00
        119 203.384890    0.00819     0.4917     29.500  1024.0147  49200.547    31.3845      2.438    6.35748    10.7564    10.7566    24.0036   11.51139 2.0969e+02      2.461 0.0000e+00
        120 203.384893    0.00826     0.4958     29.750  1024.0151  49201.151    31.3849      2.444    6.35744    10.7565    10.7567    24.0039   11.51133 2.1377e+02      2.467 0.0000e+00
        121 203.384896    0.00833     0.5000     30.000  1024.0150  49201.106    31.3849      2.443    6.35743    10.7566    10.7567    24.0039   11.51132 2.1791e+02      2.466 0.0000e+00
        122 203.384899    0.00840     0.5042     30.250  1024.0147  49200.641    31.3846      2.434    6.35744    10.7566    10.7568    24.0036   11.51133 2.2071e+02      2.457 0.0000e+00
        123 203.384902    0.00847     0.5083     30.500  1024.0143  49200.072    31.3842      2.418    6.35745    10.7565    10.7569    24.0033   11.51135 2.2319e+02      2.441 0.0000e+00
        124 203.384905    0.00854     0.5125     30.750  1024.0140  49199.569    31.3838      2.394    6.35746    10.7565    10.7569    24.0030   11.51138 2.2667e+02      2.416 0.0000e+00
        125 203.384907    0.00861     0.5167     31.000  1024.0136  49199.249    31.3836      2.360    6.35747    10.7565    10.7568    24.0028   11.51140 2.3062e+02      2.382 0.0000e+00
        126 203.384910    0.00868     0.5208     31.250  1024.0134  49199.112    31.3836      2.317    6.35748    10.7564    10.7568    24.0028   11.51142 2.3257e+02      2.339 0.0000e+00
        127 203.384913    0.00875     0.5250     31.500  1024.0131  49199.030    31.3835      2.268    6.35749    10.7563    10.7567    24.0028   11.51144 2.3194e+02      2.289 0.0000e+00
        128 203.384916    0.00882     0.5292     31.750  1024.0128  49198.831    31.3834      2.216    6.35751    10.7562    10.7567    24.0027   11.51147 2.3138e+02      2.237 0.0000e+00
        129 203.384919    0.00889     0.5333     32.000  1024.0124  49198.413    31.3831      2.171    6.35753    10.7561    10.7566    24.0025   11.51151 2.3129e+02      2.191 0.0000e+00
        130 203.384922    0.00896     0.5375     32.250  1024.0119  49197.892    31.3827      2.138    6.35757    10.7559    10.7564    24.0022   11.51157 2.3139e+02      2.158 0.0000e+00
        131 203.384925    0.00903     0.5417     32.500  1024.0117  49197.551    31.3825      2.123    6.35760    10.7558    10.7563    24.0020   11.51162 2.3141e+02      2.143 0.0000e+00
        132 203.384928    0.00910     0.5458     32.750  1024.0118  49197.667    31.3825      2.128    6.35761    10.7558    10.7561    24.0021   11.51165 2.2899e+02      2.148 0.0000e+00
        133 203.384931    0.00917     0.5500     33.000  1024.0123  49198.400    31.3830      2.150    6.35760    10.7559    10.7560    24.0025   11.51163 2.2436e+02      2.171 0.0000e+00
        134 203.384933    0.00924     0.5542     33.250  1024.0133  49199.854    31.3840      2.184    6.35757    10.7562    10.7560    24.0033   11.51156 2.2130e+02      2.205 0.0000e+00
        135 203.384936    0.00931     0.5583     33.500  1024.0146  49202.070    31.3856      2.223    6.35749    10.7568    10.7561    24.0045   11.51141 2.2225e+02      2.244 0.0000e+00
        136 203.384939    0.00937     0.5625     33.750  1024.0162  49204.649    31.3874      2.261    6.35737    10.7579    10.7565    24.0059   11.51118 2.2741e+02      2.283 0.0000e+00
        137 203.384942    0.00944     0.5667     34.000  1024.0175  49206.814    31.3890      2.296    6.35722    10.7596    10.7571    24.0070   11.51091 2.3662e+02      2.318 0.0000e+00
        138 203.384945    0.00951     0.5708     34.250  1024.0181  49207.877    31.3899      2.325    6.35703    10.7616    10.7582    24.0075   11.51060 2.4678e+02      2.347 0.0000e+00
        139 203.384948    0.00958     0.5750     34.500  1024.0179  49207.515    31.3898      2.349    6.35681    10.7638    10.7598    24.0072   11.51023 2.5408e+02      2.371 0.0000e+00
        140 203.384951    0.00965     0.5792     34.750  1024.0170  49206.083    31.3890      2.369    6.35656    10.7659    10.7619    24.0062   11.50982 2.5670e+02      2.391 0.0000e+00
        141 203.384954    0.00972     0.5833     35.000  1024.0160  49204.434    31.3881      2.384    6.35629    10.7678    10.7641    24.0051   11.50939 2.5455e+02      2.406 0.0000e+00
        142 203.384957    0.00979     0.5875     35.250  1024.0153  49203.271    31.3876      2.395    6.35603    10.7697    10.7662    24.0043   11.50897 2.4989e+02      2.417 0.0000e+00
        143 203.384959    0.00986     0.5917     35.500  1024.0149  49202.887    31.3875      2.399    6.35577    10.7716    10.7681    24.0039   11.50853 2.4251e+02      2.422 0.0000e+00
        144 203.384962    0.00993     0.5958     35.750  1024.0149  49203.198    31.3880      2.396    6.35549    10.7738    10.7700    24.0039   11.50807 2.3222e+02      2.419 0.0000e+00
        145 203.384965    0.01000     0.6000     36.000  1024.0151  49203.831    31.3887      2.386    6.35520    10.7763    10.7719    24.0041   11.50758 2.2319e+02      2.409 0.0000e+00
        146 203.384968    0.01007     0.6042     36.250  1024.0150  49204.220    31.3892      2.367    6.35488    10.7791    10.7741    24.0042   11.50704 2.2022e+02      2.389 0.0000e+00
        147 203.384971    0.01014     0.6083     36.500  1024.0145  49203.813    31.3892      2.339    6.35455    10.7823    10.7766    24.0038   11.50648 2.2380e+02      2.361 0.0000e+00
        148 203.384974    0.01021     0.6125     36.750  1024.0133  49202.311    31.3885      2.304    6.35419    10.7857    10.7794    24.0028   11.50590 2.3005e+02      2.326 0.0000e+00
        149 203.384977    0.01028     0.6167     37.000  1024.0114  49199.688    31.3870      2.264    6.35381    10.7888    10.7826    24.0011   11.50529 2.3760e+02      2.285 0.0000e+00
        150 203.384980    0.01035     0.6208     37.250  1024.0090  49196.222    31.3850      2.225    6.35343    10.7913    10.7859    23.9989   11.50469 2.4736e+02      2.246 0.0000e+00
        151 203.384983    0.01042     0.6250     37.500  1024.0065  49192.422    31.3826      2.191    6.35310    10.7930    10.7890    23.9966   11.50416 2.5634e+02      2.212 0.0000e+00
        152 203.384986    0.01049     0.6292     37.750  1024.0042  49188.673    31.3803      2.169    6.35286    10.7941    10.7915    23.9943   11.50379 2.6183e+02      2.190 0.0000e+00
        153 203.384988    0.01056     0.6333     38.000  1024.0022  49185.357    31.3781      2.161    6.35270    10.7948    10.7933    23.9923   11.50356 2.6400e+02      2.182 0.0000e+00
        154 203.384991    0.01063     0.6375     38.250  1024.0009  49183.150    31.3767      2.167    6.35261    10.7951    10.7944    23.9910   11.50342 2.6260e+02      2.188 0.0000e+00
        155 203.384994    0.01069     0.6417     38.500  1024.0006  49182.594    31.3764      2.183    6.35253    10.7954    10.7950    23.9907   11.50330 2.5747e+02      2.204 0.0000e+00
        156 203.384997    0.01076     0.6458     38.750  1024.0012  49183.652    31.3771      2.205    6.35245    10.7957    10.7954    23.9912   11.50315 2.4900e+02      2.226 0.0000e+00
        157 203.385000    0.01083     0.6500     39.000  1024.0024  49185.690    31.3786      2.227    6.35236    10.7963    10.7956    23.9923   11.50298 2.4063e+02      2.248 0.0000e+00
        158 203.385003    0.01090     0.6542     39.250  1024.0036  49187.751    31.3801      2.249    6.35225    10.7973    10.7960    23.9934   11.50279 2.3714e+02      2.270 0.0000e+00
        159 203.385006    0.01097     0.6583     39.500  1024.0044  49189.062    31.3811      2.269    6.35213    10.7984    10.7966    23.9940   11.50257 2.3890e+02      2.290 0.0000e+00
        160 203.385009    0.01104     0.6625     39.750  1024.0046  49189.413    31.3814      2.290    6.35198    10.7995    10.7975    23.9941   11.50233 2.4283e+02      2.311 0.0000e+00
        161 203.385012    0.01111     0.6667     40.000  1024.0045  49189.177    31.3814      2.312    6.35183    10.8007    10.7986    23.9939   11.50208 2.4369e+02      2.334 0.0000e+00
        162 203.385014    0.01118     0.6708     40.250  1024.0044  49188.988    31.3814      2.336    6.35167    10.8019    10.7998    23.9937   11.50181 2.3870e+02      2.358 0.0000e+00
        163 203.385017    0.01125     0.6750     40.500  1024.0045  49189.156    31.3816      2.359    6.35150    10.8033    10.8010    23.9937   11.50153 2.3321e+02      2.381 0.0000e+00
        164 203.385020    0.01132     0.6792     40.750  1024.0046  49189.447    31.3820      2.377    6.35132    10.8049    10.8022    23.9938   11.50123 2.3302e+02      2.400 0.0000e+00
        165 203.385023    0.01139     0.6833     41.000  1024.0046  49189.468    31.3821      2.388    6.35112    10.8067    10.8036    23.9937   11.50090 2.3645e+02      2.410 0.0000e+00
        166 203.385026    0.01146     0.6875     41.250  1024.0042  49189.052    31.3820      2.387    6.35091    10.8085    10.8052    23.9933   11.50055 2.4077e+02      2.409 0.0000e+00
        167 203.385029    0.01153     0.6917     41.500  1024.0036  49188.299    31.3817      2.374    6.35068    10.8104    10.8069    23.9927   11.50017 2.4625e+02      2.396 0.0000e+00
        168 203.385032    0.01160     0.6958     41.750  1024.0028  49187.294    31.3812      2.349    6.35045    10.8121    10.8088    23.9920   11.49979 2.5142e+02      2.371 0.0000e+00
        169 203.385035    0.01167     0.7000     42.000  1024.0018  49186.029    31.3805      2.317    6.35023    10.8136    10.8106    23.9912   11.49943 2.5304e+02      2.339 0.0000e+00
        170 203.385038    0.01174     0.7042     42.250  1024.0008  49184.645    31.3797      2.283    6.35002    10.8149    10.8123    23.9903   11.49909 2.5139e+02      2.304 0.0000e+00
