CTD-processing/allCTD/CNV--homogene/2014_05-28_alongbay_skb04_cast038.cnv
* Sea-Bird SBE19plus Data File:
* FileName = C:\Users\kris.holderied\Documents\kasitsna\Research-Projects-and-Data\Oceanography-AK\CTD-Data-ALL-to-2014-03\2014-CTD-KachemakBay-CookInlet\2014-05-28-KachemakBay-AlongBay\2014-05-28-KachemakBay-AlongBay-cast038.hex
* Software Version 1.59
* Temperature SN =  5028
* Conductivity SN =  5028
* System UpLoad Time = Jul 21 2014 00:52:23
** Kachemak Bay Along-bay Transect (partial, west to east)
** Date: 2014-05-28
** Station: KB-04
** Start time: 13:13
** Depth (m): 156.4
** Comment:  CTD time is Alaska Daylight time
** Comment:
# nquan = 17
# nvalues = 947                         
# units = specified
# name 0 = scan: Scan Count
# name 1 = timeJ: Julian Days
# name 2 = timeH: Time, Elapsed [hours]
# name 3 = timeM: Time, Elapsed [minutes]
# name 4 = timeS: Time, Elapsed [seconds]
# name 5 = density00: Density [density, kg/m^3]
# name 6 = specc: Specific Conductance [uS/cm]
# name 7 = sal00: Salinity, Practical [PSU]
# name 8 = depSM: Depth [salt water, m], lat = 59.00
# name 9 = oxsolML/L: Oxygen Saturation, Garcia & Gordon [ml/l]
# name 10 = potemp090C: Potential Temperature [ITS-90, deg C]
# name 11 = tv290C: Temperature [ITS-90, deg C]
# name 12 = sigma-é00: Density [sigma-theta, kg/m^3]
# name 13 = n2satML/L: Nitrogen Saturation [ml/l]
# name 14 = par: PAR/Irradiance, Biospherical/Licor
# name 15 = prdM: Pressure, Strain Gauge [db]
# name 16 = flag:  0.000e+00
# span 0 =          1,        947       
# span 1 = 148.550197, 148.552934       
# span 2 =    0.00000,    0.06569       
# span 3 =     0.0000,     3.9417       
# span 4 =      0.000,    236.500       
# span 5 =  1003.1281,  1025.8564       
# span 6 =   6848.133,  51185.085       
# span 7 =     4.1984,    31.8739       
# span 8 =      0.054,    153.764       
# span 9 =    6.76415,    8.03888       
# span 10 =     5.5122,     8.1803      
# span 11 =     5.5241,     8.2038      
# span 12 =     3.1279,    25.1381      
# span 13 =   12.18846,   14.68833      
# span 14 = 4.2969e-02, 9.5306e+01      
# span 15 =      0.054,    155.273      
# span 16 = 0.0000e+00, 0.0000e+00      
# interval = seconds: 0.25
# start_time = May 28 2014 13:12:17 [Instrument's time stamp, header]
# bad_flag = -9.990e-29
*END*
[from data line 171]
        172 148.550692    0.01188     0.7125     42.750  1024.1986  49294.342    31.0831      0.828    6.76560     8.0305     8.0316    24.1948   12.19083 9.1883e+01      0.835 0.0000e+00
        173 148.550694    0.01194     0.7167     43.000  1024.2010  49298.680    31.0860      0.837    6.76563     8.0318     8.0305    24.1971   12.19086 9.1628e+01      0.845 0.0000e+00
        174 148.550697    0.01201     0.7208     43.250  1024.2020  49300.428    31.0872      0.844    6.76557     8.0337     8.0306    24.1981   12.19074 9.1671e+01      0.851 0.0000e+00
        175 148.550700    0.01208     0.7250     43.500  1024.2010  49298.501    31.0860      0.845    6.76542     8.0355     8.0319    24.1970   12.19050 9.1897e+01      0.853 0.0000e+00
        176 148.550703    0.01215     0.7292     43.750  1024.1984  49293.976    31.0832      0.842    6.76525     8.0369     8.0338    24.1945   12.19025 9.2207e+01      0.850 0.0000e+00
        177 148.550706    0.01222     0.7333     44.000  1024.1958  49289.187    31.0801      0.838    6.76510     8.0377     8.0356    24.1919   12.19005 9.2446e+01      0.846 0.0000e+00
        178 148.550709    0.01229     0.7375     44.250  1024.1940  49286.011    31.0781      0.834    6.76499     8.0380     8.0370    24.1901   12.18988 9.2527e+01      0.842 0.0000e+00
        179 148.550712    0.01236     0.7417     44.500  1024.1934  49284.983    31.0775      0.831    6.76489     8.0382     8.0378    24.1895   12.18973 9.2490e+01      0.839 0.0000e+00
        180 148.550715    0.01243     0.7458     44.750  1024.1936  49285.414    31.0779      0.827    6.76482     8.0383     8.0381    24.1898   12.18961 9.2312e+01      0.835 0.0000e+00
        181 148.550718    0.01250     0.7500     45.000  1024.1940  49286.137    31.0784      0.823    6.76477     8.0383     8.0383    24.1902   12.18952 9.2066e+01      0.831 0.0000e+00
        182 148.550720    0.01257     0.7542     45.250  1024.1941  49286.454    31.0787      0.820    6.76475     8.0384     8.0384    24.1903   12.18948 9.1893e+01      0.827 0.0000e+00
        183 148.550723    0.01264     0.7583     45.500  1024.1940  49286.314    31.0786      0.818    6.76475     8.0384     8.0384    24.1903   12.18948 9.1819e+01      0.826 0.0000e+00
        184 148.550726    0.01271     0.7625     45.750  1024.1938  49285.976    31.0783      0.819    6.76475     8.0385     8.0385    24.1901   12.18948 9.1945e+01      0.827 0.0000e+00
        185 148.550729    0.01278     0.7667     46.000  1024.1938  49285.862    31.0783      0.823    6.76475     8.0385     8.0385    24.1900   12.18948 9.1934e+01      0.830 0.0000e+00
        186 148.550732    0.01285     0.7708     46.250  1024.1941  49286.364    31.0786      0.829    6.76473     8.0386     8.0385    24.1902   12.18944 9.1419e+01      0.836 0.0000e+00
        187 148.550735    0.01292     0.7750     46.500  1024.1948  49287.488    31.0794      0.835    6.76468     8.0387     8.0386    24.1908   12.18936 9.1144e+01      0.843 0.0000e+00
        188 148.550738    0.01299     0.7792     46.750  1024.1955  49288.785    31.0803      0.841    6.76463     8.0390     8.0387    24.1915   12.18926 9.1425e+01      0.849 0.0000e+00
        189 148.550741    0.01306     0.7833     47.000  1024.1960  49289.628    31.0809      0.843    6.76458     8.0393     8.0388    24.1920   12.18916 9.1800e+01      0.851 0.0000e+00
        190 148.550744    0.01313     0.7875     47.250  1024.1959  49289.527    31.0809      0.841    6.76454     8.0396     8.0391    24.1920   12.18910 9.2323e+01      0.849 0.0000e+00
        191 148.550747    0.01319     0.7917     47.500  1024.1953  49288.437    31.0802      0.836    6.76453     8.0398     8.0394    24.1914   12.18909 9.2814e+01      0.844 0.0000e+00
        192 148.550749    0.01326     0.7958     47.750  1024.1944  49286.879    31.0792      0.830    6.76453     8.0398     8.0397    24.1905   12.18911 9.2880e+01      0.838 0.0000e+00
        193 148.550752    0.01333     0.8000     48.000  1024.1937  49285.681    31.0784      0.826    6.76454     8.0397     8.0398    24.1899   12.18914 9.2743e+01      0.834 0.0000e+00
        194 148.550755    0.01340     0.8042     48.250  1024.1936  49285.522    31.0783      0.825    6.76454     8.0395     8.0399    24.1898   12.18914 9.2758e+01      0.833 0.0000e+00
        195 148.550758    0.01347     0.8083     48.500  1024.1942  49286.503    31.0789      0.828    6.76452     8.0394     8.0398    24.1903   12.18910 9.2683e+01      0.835 0.0000e+00
        196 148.550761    0.01354     0.8125     48.750  1024.1950  49287.998    31.0799      0.832    6.76450     8.0393     8.0396    24.1912   12.18906 9.2245e+01      0.839 0.0000e+00
        197 148.550764    0.01361     0.8167     49.000  1024.1956  49289.183    31.0807      0.836    6.76449     8.0393     8.0395    24.1918   12.18902 9.1910e+01      0.844 0.0000e+00
        198 148.550767    0.01368     0.8208     49.250  1024.1959  49289.687    31.0811      0.840    6.76448     8.0394     8.0394    24.1921   12.18901 9.1890e+01      0.848 0.0000e+00
        199 148.550770    0.01375     0.8250     49.500  1024.1960  49289.754    31.0811      0.844    6.76448     8.0395     8.0394    24.1921   12.18900 9.1724e+01      0.851 0.0000e+00
        200 148.550773    0.01382     0.8292     49.750  1024.1961  49289.902    31.0812      0.845    6.76446     8.0397     8.0395    24.1922   12.18898 9.1328e+01      0.853 0.0000e+00
        201 148.550775    0.01389     0.8333     50.000  1024.1963  49290.316    31.0815      0.844    6.76443     8.0398     8.0396    24.1924   12.18893 9.1106e+01      0.852 0.0000e+00
        202 148.550778    0.01396     0.8375     50.250  1024.1964  49290.603    31.0818      0.839    6.76440     8.0400     8.0398    24.1926   12.18887 9.1491e+01      0.847 0.0000e+00
        203 148.550781    0.01403     0.8417     50.500  1024.1962  49290.222    31.0815      0.831    6.76439     8.0401     8.0399    24.1923   12.18884 9.2211e+01      0.839 0.0000e+00
        204 148.550784    0.01410     0.8458     50.750  1024.1956  49289.087    31.0808      0.822    6.76440     8.0401     8.0401    24.1917   12.18887 9.2663e+01      0.830 0.0000e+00
        205 148.550787    0.01417     0.8500     51.000  1024.1948  49287.742    31.0798      0.816    6.76442     8.0400     8.0402    24.1910   12.18892 9.2970e+01      0.824 0.0000e+00
        206 148.550790    0.01424     0.8542     51.250  1024.1944  49286.952    31.0793      0.816    6.76444     8.0400     8.0402    24.1906   12.18896 9.2927e+01      0.824 0.0000e+00
        207 148.550793    0.01431     0.8583     51.500  1024.1945  49287.148    31.0794      0.822    6.76444     8.0399     8.0401    24.1907   12.18896 9.2219e+01      0.830 0.0000e+00
        208 148.550796    0.01438     0.8625     51.750  1024.1952  49288.308    31.0802      0.832    6.76442     8.0400     8.0401    24.1913   12.18891 9.1799e+01      0.840 0.0000e+00
        209 148.550799    0.01444     0.8667     52.000  1024.1962  49290.070    31.0814      0.845    6.76437     8.0403     8.0400    24.1923   12.18882 9.2296e+01      0.853 0.0000e+00
        210 148.550802    0.01451     0.8708     52.250  1024.1972  49291.765    31.0826      0.854    6.76430     8.0408     8.0401    24.1932   12.18869 9.2578e+01      0.862 0.0000e+00
        211 148.550804    0.01458     0.8750     52.500  1024.1976  49292.543    31.0832      0.858    6.76423     8.0414     8.0404    24.1936   12.18857 9.2011e+01      0.866 0.0000e+00
        212 148.550807    0.01465     0.8792     52.750  1024.1972  49291.806    31.0828      0.854    6.76418     8.0416     8.0409    24.1932   12.18848 9.1922e+01      0.862 0.0000e+00
        213 148.550810    0.01472     0.8833     53.000  1024.1960  49289.851    31.0815      0.845    6.76415     8.0415     8.0414    24.1921   12.18846 9.2695e+01      0.853 0.0000e+00
        214 148.550813    0.01479     0.8875     53.250  1024.1948  49287.666    31.0800      0.832    6.76418     8.0410     8.0417    24.1909   12.18851 9.3203e+01      0.840 0.0000e+00
        215 148.550816    0.01486     0.8917     53.500  1024.1939  49286.130    31.0789      0.820    6.76424     8.0400     8.0416    24.1901   12.18864 9.3463e+01      0.828 0.0000e+00
        216 148.550819    0.01493     0.8958     53.750  1024.1936  49285.730    31.0786      0.812    6.76435     8.0385     8.0410    24.1899   12.18882 9.3735e+01      0.820 0.0000e+00
        217 148.550822    0.01500     0.9000     54.000  1024.1941  49286.605    31.0790      0.810    6.76448     8.0368     8.0400    24.1904   12.18903 9.3442e+01      0.818 0.0000e+00
        218 148.550825    0.01507     0.9042     54.250  1024.1953  49288.651    31.0802      0.814    6.76465     8.0350     8.0386    24.1915   12.18929 9.2705e+01      0.822 0.0000e+00
        219 148.550828    0.01514     0.9083     54.500  1024.1971  49291.687    31.0821      0.825    6.76483     8.0338     8.0368    24.1932   12.18958 9.2154e+01      0.833 0.0000e+00
        220 148.550830    0.01521     0.9125     54.750  1024.1992  49295.437    31.0844      0.839    6.76500     8.0336     8.0351    24.1953   12.18982 9.1880e+01      0.847 0.0000e+00
        221 148.550833    0.01528     0.9167     55.000  1024.2013  49299.129    31.0868      0.852    6.76508     8.0344     8.0338    24.1973   12.18993 9.1807e+01      0.861 0.0000e+00
        222 148.550836    0.01535     0.9208     55.250  1024.2026  49301.415    31.0884      0.860    6.76505     8.0359     8.0336    24.1986   12.18985 9.1964e+01      0.868 0.0000e+00
        223 148.550839    0.01542     0.9250     55.500  1024.2025  49301.200    31.0883      0.859    6.76492     8.0372     8.0345    24.1985   12.18964 9.2316e+01      0.867 0.0000e+00
        224 148.550842    0.01549     0.9292     55.750  1024.2010  49298.569    31.0867      0.849    6.76476     8.0378     8.0359    24.1970   12.18940 9.2671e+01      0.857 0.0000e+00
        225 148.550845    0.01556     0.9333     56.000  1024.1989  49294.963    31.0844      0.836    6.76466     8.0374     8.0373    24.1950   12.18926 9.2824e+01      0.844 0.0000e+00
        226 148.550848    0.01563     0.9375     56.250  1024.1974  49292.343    31.0827      0.825    6.76465     8.0360     8.0379    24.1936   12.18926 9.2920e+01      0.832 0.0000e+00
        227 148.550851    0.01569     0.9417     56.500  1024.1973  49292.193    31.0825      0.818    6.76473     8.0344     8.0374    24.1935   12.18939 9.2911e+01      0.825 0.0000e+00
        228 148.550854    0.01576     0.9458     56.750  1024.1988  49294.921    31.0842      0.816    6.76486     8.0334     8.0361    24.1951   12.18959 9.2555e+01      0.823 0.0000e+00
        229 148.550856    0.01583     0.9500     57.000  1024.2012  49299.326    31.0870      0.817    6.76498     8.0332     8.0345    24.1975   12.18975 9.2279e+01      0.824 0.0000e+00
        230 148.550859    0.01590     0.9542     57.250  1024.2033  49303.118    31.0895      0.818    6.76503     8.0339     8.0334    24.1996   12.18981 9.2250e+01      0.826 0.0000e+00
        231 148.550862    0.01597     0.9583     57.500  1024.2041  49304.442    31.0904      0.819    6.76501     8.0348     8.0333    24.2003   12.18976 9.2149e+01      0.827 0.0000e+00
        232 148.550865    0.01604     0.9625     57.750  1024.2032  49302.897    31.0895      0.821    6.76495     8.0354     8.0340    24.1994   12.18968 9.2147e+01      0.829 0.0000e+00
        233 148.550868    0.01611     0.9667     58.000  1024.2015  49299.797    31.0874      0.823    6.76491     8.0356     8.0349    24.1977   12.18963 9.2390e+01      0.831 0.0000e+00
        234 148.550871    0.01618     0.9708     58.250  1024.2000  49297.069    31.0856      0.827    6.76489     8.0355     8.0355    24.1962   12.18963 9.2545e+01      0.835 0.0000e+00
        235 148.550874    0.01625     0.9750     58.500  1024.1993  49295.790    31.0848      0.832    6.76490     8.0353     8.0357    24.1955   12.18965 9.2563e+01      0.840 0.0000e+00
        236 148.550877    0.01632     0.9792     58.750  1024.1995  49296.045    31.0849      0.837    6.76490     8.0351     8.0356    24.1956   12.18965 9.2667e+01      0.845 0.0000e+00
        237 148.550880    0.01639     0.9833     59.000  1024.2001  49297.143    31.0856      0.843    6.76490     8.0348     8.0354    24.1962   12.18964 9.2586e+01      0.851 0.0000e+00
        238 148.550883    0.01646     0.9875     59.250  1024.2006  49298.020    31.0862      0.848    6.76492     8.0346     8.0351    24.1967   12.18966 9.2323e+01      0.856 0.0000e+00
        239 148.550885    0.01653     0.9917     59.500  1024.2006  49297.936    31.0861      0.852    6.76496     8.0344     8.0349    24.1967   12.18972 9.2191e+01      0.860 0.0000e+00
        240 148.550888    0.01660     0.9958     59.750  1024.2000  49296.816    31.0853      0.854    6.76502     8.0340     8.0347    24.1961   12.18984 9.2247e+01      0.862 0.0000e+00
        241 148.550891    0.01667     1.0000     60.000  1024.1990  49295.032    31.0840      0.852    6.76511     8.0331     8.0345    24.1951   12.19001 9.2576e+01      0.860 0.0000e+00
        242 148.550894    0.01674     1.0042     60.250  1024.1976  49292.409    31.0821      0.844    6.76527     8.0314     8.0341    24.1936   12.19029 9.3019e+01      0.852 0.0000e+00
        243 148.550897    0.01681     1.0083     60.500  1024.1950  49287.751    31.0788      0.830    6.76555     8.0285     8.0332    24.1911   12.19079 9.3617e+01      0.838 0.0000e+00
        244 148.550900    0.01688     1.0125     60.750  1024.1905  49279.642    31.0728      0.814    6.76606     8.0238     8.0315    24.1867   12.19171 9.4077e+01      0.822 0.0000e+00
        245 148.550903    0.01694     1.0167     61.000  1024.1848  49269.162    31.0650      0.803    6.76686     8.0179     8.0286    24.1811   12.19313 9.3717e+01      0.811 0.0000e+00
        246 148.550906    0.01701     1.0208     61.250  1024.1805  49261.219    31.0588      0.802    6.76786     8.0122     8.0239    24.1768   12.19486 9.2967e+01      0.809 0.0000e+00
        247 148.550909    0.01708     1.0250     61.500  1024.1796  49259.195    31.0564      0.812    6.76886     8.0079     8.0180    24.1758   12.19656 9.2443e+01      0.819 0.0000e+00
        248 148.550911    0.01715     1.0292     61.750  1024.1809  49261.320    31.0570      0.828    6.76970     8.0051     8.0123    24.1771   12.19794 9.2064e+01      0.836 0.0000e+00
        249 148.550914    0.01722     1.0333     62.000  1024.1827  49264.358    31.0585      0.843    6.77030     8.0034     8.0080    24.1788   12.19891 9.1675e+01      0.851 0.0000e+00
        250 148.550917    0.01729     1.0375     62.250  1024.1841  49266.611    31.0597      0.851    6.77068     8.0023     8.0052    24.1801   12.19953 9.1652e+01      0.859 0.0000e+00
        251 148.550920    0.01736     1.0417     62.500  1024.1848  49267.856    31.0603      0.848    6.77092     8.0016     8.0035    24.1808   12.19992 9.2476e+01      0.856 0.0000e+00
        252 148.550923    0.01743     1.0458     62.750  1024.1851  49268.476    31.0605      0.839    6.77107     8.0010     8.0024    24.1812   12.20016 9.3617e+01      0.847 0.0000e+00
        253 148.550926    0.01750     1.0500     63.000  1024.1852  49268.833    31.0607      0.829    6.77117     8.0005     8.0017    24.1814   12.20033 9.4051e+01      0.837 0.0000e+00
        254 148.550929    0.01757     1.0542     63.250  1024.1854  49269.124    31.0608      0.825    6.77126     7.9999     8.0011    24.1816   12.20047 9.3767e+01      0.833 0.0000e+00
        255 148.550932    0.01764     1.0583     63.500  1024.1855  49269.315    31.0608      0.827    6.77134     7.9993     8.0006    24.1817   12.20061 9.3463e+01      0.835 0.0000e+00
