CTD-processing/allCTD/CNV--homogene/2014_10-18_t6_s06_cast109.cnv
* Sea-Bird SBE19plus Data File:
* FileName = C:\Users\kris.holderied\Documents\kasitsna\Research-Projects-and-Data\Oceanography-AK\CTD-Data-ALL-to-2014-10\2014-CTD-KachemakBay-CookInlet\2014-10-EVOSTC-CookInlet\2014-10-18-CookInlet-Tran6-Douglas\2014-10-18-CookInlet-Tran6-cast109.hex
* Software Version 1.59
* Temperature SN =  4141
* Conductivity SN =  4141
* System UpLoad Time = Oct 18 2014 09:53:48
** Cook Inlet LTM Tran6 (Douglas)  east to west
** Date: 10-18
** Station: 6-06
** Start time: 01:58
** Depth (m): 143
** Comment:  CTD time is Alaska Daylight time.  R/V Pandalus. Transducer  depth.
** Comment:
# nquan = 17
# nvalues = 1244                        
# units = specified
# name 0 = scan: Scan Count
# name 1 = timeJ: Julian Days
# name 2 = timeH: Time, Elapsed [hours]
# name 3 = timeM: Time, Elapsed [minutes]
# name 4 = timeS: Time, Elapsed [seconds]
# name 5 = density00: Density [density, kg/m^3]
# name 6 = specc: Specific Conductance [uS/cm]
# name 7 = sal00: Salinity, Practical [PSU]
# name 8 = depSM: Depth [salt water, m], lat = 59.00
# name 9 = oxsolML/L: Oxygen Saturation, Garcia & Gordon [ml/l]
# name 10 = potemp090C: Potential Temperature [ITS-90, deg C]
# name 11 = tv290C: Temperature [ITS-90, deg C]
# name 12 = sigma-é00: Density [sigma-theta, kg/m^3]
# name 13 = n2satML/L: Nitrogen Saturation [ml/l]
# name 14 = par: PAR/Irradiance, Biospherical/Licor
# name 15 = prdM: Pressure, Strain Gauge [db]
# name 16 = flag:  0.000e+00
# span 0 =          1,       1244       
# span 1 = 291.082303, 291.085900       
# span 2 =    0.00000,    0.08632       
# span 3 =     0.0000,     5.1792       
# span 4 =      0.000,    310.750       
# span 5 =  1000.0658,  1025.8885       
# span 6 =    514.307,  51272.618       
# span 7 =     0.2425,    32.3048       
# span 8 =     -0.309,    141.446       
# span 9 =    6.34627,    8.35807       
# span 10 =     7.4278,    11.1531      
# span 11 =     7.4410,    11.1557      
# span 12 =     0.0673,    25.2378      
# span 13 =   11.50286,   15.27909      
# span 14 = 3.6382e-02, 1.1752e+00      
# span 15 =     -0.312,    142.830      
# span 16 = 0.0000e+00, 0.0000e+00      
# interval = seconds: 0.25
# start_time = Oct 18 2014 01:58:31 [Instrument's time stamp, header]
# bad_flag = -9.990e-29
*END*
[from data line 596]
        597 291.084028    0.04139     2.4833    149.000  1023.7359  48331.727    30.7538     49.800    6.37910    10.7753    10.7852    23.5088   11.55469 3.6386e-02     50.276 0.0000e+00
        598 291.084031    0.04146     2.4875    149.250  1023.7380  48334.381    30.7553     49.897    6.37936    10.7738    10.7829    23.5105   11.55510 3.6385e-02     50.374 0.0000e+00
        599 291.084034    0.04153     2.4917    149.500  1023.7397  48336.470    30.7566     49.982    6.37957    10.7725    10.7810    23.5117   11.55543 3.6384e-02     50.460 0.0000e+00
        600 291.084036    0.04160     2.4958    149.750  1023.7410  48337.996    30.7575     50.067    6.37973    10.7711    10.7796    23.5127   11.55570 3.6383e-02     50.546 0.0000e+00
        601 291.084039    0.04167     2.5000    150.000  1023.7422  48339.209    30.7581     50.165    6.37988    10.7696    10.7783    23.5134   11.55594 3.6383e-02     50.645 0.0000e+00
        602 291.084042    0.04174     2.5042    150.250  1023.7435  48340.424    30.7588     50.282    6.38003    10.7678    10.7770    23.5142   11.55619 3.6382e-02     50.763 0.0000e+00
        603 291.084045    0.04181     2.5083    150.500  1023.7450  48341.870    30.7596     50.421    6.38021    10.7657    10.7755    23.5150   11.55646 3.6382e-02     50.903 0.0000e+00
        604 291.084048    0.04188     2.5125    150.750  1023.7468  48343.665    30.7606     50.580    6.38041    10.7632    10.7737    23.5161   11.55679 3.6382e-02     51.064 0.0000e+00
        605 291.084051    0.04194     2.5167    151.000  1023.7489  48345.892    30.7618     50.754    6.38065    10.7601    10.7716    23.5175   11.55718 3.6382e-02     51.239 0.0000e+00
        606 291.084054    0.04201     2.5208    151.250  1023.7515  48348.740    30.7635     50.936    6.38094    10.7565    10.7690    23.5192   11.55763 3.6382e-02     51.423 0.0000e+00
        607 291.084057    0.04208     2.5250    151.500  1023.7545  48352.394    30.7656     51.121    6.38127    10.7529    10.7660    23.5214   11.55816 3.6382e-02     51.610 0.0000e+00
        608 291.084060    0.04215     2.5292    151.750  1023.7580  48356.785    30.7682     51.303    6.38165    10.7493    10.7625    23.5240   11.55875 3.6382e-02     51.794 0.0000e+00
        609 291.084063    0.04222     2.5333    152.000  1023.7616  48361.520    30.7711     51.478    6.38204    10.7460    10.7588    23.5269   11.55936 3.6383e-02     51.970 0.0000e+00
        610 291.084065    0.04229     2.5375    152.250  1023.7651  48366.083    30.7738     51.642    6.38242    10.7427    10.7553    23.5296   11.55995 3.6383e-02     52.136 0.0000e+00
        611 291.084068    0.04236     2.5417    152.500  1023.7683  48370.232    30.7763     51.796    6.38278    10.7392    10.7520    23.5321   11.56051 3.6384e-02     52.292 0.0000e+00
        612 291.084071    0.04243     2.5458    152.750  1023.7714  48374.223    30.7787     51.942    6.38313    10.7355    10.7487    23.5345   11.56107 3.6385e-02     52.439 0.0000e+00
        613 291.084074    0.04250     2.5500    153.000  1023.7746  48378.497    30.7813     52.084    6.38350    10.7317    10.7453    23.5371   11.56166 3.6385e-02     52.582 0.0000e+00
        614 291.084077    0.04257     2.5542    153.250  1023.7780  48383.108    30.7841     52.225    6.38390    10.7276    10.7416    23.5399   11.56228 3.6385e-02     52.725 0.0000e+00
        615 291.084080    0.04264     2.5583    153.500  1023.7815  48387.774    30.7869     52.370    6.38431    10.7229    10.7378    23.5427   11.56293 3.6384e-02     52.871 0.0000e+00
        616 291.084083    0.04271     2.5625    153.750  1023.7853  48392.790    30.7899     52.520    6.38476    10.7182    10.7336    23.5458   11.56364 3.6384e-02     53.022 0.0000e+00
        617 291.084086    0.04278     2.5667    154.000  1023.7896  48398.694    30.7935     52.674    6.38526    10.7147    10.7289    23.5494   11.56443 3.6384e-02     53.178 0.0000e+00
        618 291.084089    0.04285     2.5708    154.250  1023.7939  48404.737    30.7971     52.829    6.38575    10.7126    10.7243    23.5530   11.56519 3.6385e-02     53.335 0.0000e+00
        619 291.084091    0.04292     2.5750    154.500  1023.7974  48409.389    30.8000     52.981    6.38611    10.7112    10.7208    23.5558   11.56576 3.6386e-02     53.488 0.0000e+00
        620 291.084094    0.04299     2.5792    154.750  1023.7997  48412.139    30.8016     53.125    6.38633    10.7097    10.7187    23.5574   11.56611 3.6385e-02     53.633 0.0000e+00
        621 291.084097    0.04306     2.5833    155.000  1023.8013  48413.855    30.8026     53.256    6.38648    10.7078    10.7173    23.5584   11.56635 3.6384e-02     53.765 0.0000e+00
        622 291.084100    0.04312     2.5875    155.250  1023.8029  48415.674    30.8037     53.372    6.38664    10.7052    10.7159    23.5595   11.56660 3.6383e-02     53.883 0.0000e+00
        623 291.084103    0.04319     2.5917    155.500  1023.8049  48418.100    30.8051     53.475    6.38685    10.7015    10.7140    23.5609   11.56693 3.6383e-02     53.987 0.0000e+00
        624 291.084106    0.04326     2.5958    155.750  1023.8073  48421.372    30.8071     53.568    6.38713    10.6963    10.7114    23.5629   11.56737 3.6383e-02     54.080 0.0000e+00
        625 291.084109    0.04333     2.6000    156.000  1023.8105  48426.020    30.8099     53.655    6.38752    10.6892    10.7077    23.5657   11.56799 3.6383e-02     54.169 0.0000e+00
        626 291.084112    0.04340     2.6042    156.250  1023.8149  48432.599    30.8139     53.744    6.38808    10.6798    10.7025    23.5697   11.56887 3.6383e-02     54.258 0.0000e+00
        627 291.084115    0.04347     2.6083    156.500  1023.8207  48441.368    30.8192     53.838    6.38885    10.6676    10.6954    23.5751   11.57007 3.6384e-02     54.354 0.0000e+00
        628 291.084117    0.04354     2.6125    156.750  1023.8281  48452.700    30.8261     53.944    6.38986    10.6523    10.6860    23.5820   11.57166 3.6385e-02     54.461 0.0000e+00
        629 291.084120    0.04361     2.6167    157.000  1023.8376  48467.387    30.8350     54.064    6.39118    10.6345    10.6739    23.5910   11.57375 3.6387e-02     54.582 0.0000e+00
        630 291.084123    0.04368     2.6208    157.250  1023.8497  48486.075    30.8463     54.200    6.39283    10.6157    10.6585    23.6024   11.57636 3.6391e-02     54.719 0.0000e+00
        631 291.084126    0.04375     2.6250    157.500  1023.8640  48508.240    30.8598     54.352    6.39475    10.5969    10.6407    23.6159   11.57937 3.6394e-02     54.872 0.0000e+00
        632 291.084129    0.04382     2.6292    157.750  1023.8792  48531.963    30.8743     54.519    6.39676    10.5775    10.6219    23.6304   11.58254 3.6394e-02     55.041 0.0000e+00
        633 291.084132    0.04389     2.6333    158.000  1023.8944  48555.575    30.8887     54.698    6.39878    10.5557    10.6032    23.6448   11.58571 3.6391e-02     55.222 0.0000e+00
        634 291.084135    0.04396     2.6375    158.250  1023.9100  48579.813    30.9035     54.885    6.40086    10.5309    10.5838    23.6595   11.58899 3.6389e-02     55.411 0.0000e+00
        635 291.084138    0.04403     2.6417    158.500  1023.9282  48608.384    30.9210     55.075    6.40317    10.5053    10.5620    23.6769   11.59261 3.6387e-02     55.602 0.0000e+00
        636 291.084141    0.04410     2.6458    158.750  1023.9503  48643.682    30.9429     55.263    6.40572    10.4813    10.5373    23.6981   11.59657 3.6385e-02     55.792 0.0000e+00
        637 291.084144    0.04417     2.6500    159.000  1023.9743  48682.390    30.9671     55.444    6.40828    10.4599    10.5116    23.7212   11.60054 3.6384e-02     55.975 0.0000e+00
        638 291.084146    0.04424     2.6542    159.250  1023.9975  48719.862    30.9906     55.616    6.41065    10.4410    10.4876    23.7436   11.60419 3.6383e-02     56.149 0.0000e+00
        639 291.084149    0.04431     2.6583    159.500  1024.0190  48754.861    31.0127     55.777    6.41273    10.4243    10.4662    23.7643   11.60736 3.6383e-02     56.311 0.0000e+00
        640 291.084152    0.04437     2.6625    159.750  1024.0393  48788.035    31.0338     55.925    6.41450    10.4091    10.4474    23.7839   11.61004 3.6383e-02     56.460 0.0000e+00
        641 291.084155    0.04444     2.6667    160.000  1024.0587  48819.992    31.0543     56.060    6.41598    10.3943    10.4307    23.8027   11.61226 3.6383e-02     56.597 0.0000e+00
        642 291.084158    0.04451     2.6708    160.250  1024.0771  48850.470    31.0740     56.185    6.41729    10.3792    10.4155    23.8206   11.61420 3.6384e-02     56.723 0.0000e+00
        643 291.084161    0.04458     2.6750    160.500  1024.0944  48879.111    31.0924     56.302    6.41860    10.3637    10.4007    23.8374   11.61614 3.6385e-02     56.841 0.0000e+00
        644 291.084164    0.04465     2.6792    160.750  1024.1114  48907.044    31.1102     56.414    6.41998    10.3485    10.3856    23.8538   11.61822 3.6386e-02     56.954 0.0000e+00
        645 291.084167    0.04472     2.6833    161.000  1024.1291  48936.342    31.1290     56.524    6.42137    10.3335    10.3701    23.8710   11.62029 3.6385e-02     57.065 0.0000e+00
        646 291.084170    0.04479     2.6875    161.250  1024.1478  48967.620    31.1492     56.633    6.42266    10.3177    10.3549    23.8893   11.62220 3.6384e-02     57.176 0.0000e+00
        647 291.084172    0.04486     2.6917    161.500  1024.1664  48998.616    31.1692     56.744    6.42394    10.2995    10.3399    23.9074   11.62407 3.6384e-02     57.288 0.0000e+00
        648 291.084175    0.04493     2.6958    161.750  1024.1841  49027.717    31.1878     56.858    6.42539    10.2791    10.3241    23.9245   11.62626 3.6384e-02     57.403 0.0000e+00
        649 291.084178    0.04500     2.7000    162.000  1024.2017  49056.530    31.2058     56.976    6.42719    10.2583    10.3059    23.9415   11.62902 3.6384e-02     57.521 0.0000e+00
        650 291.084181    0.04507     2.7042    162.250  1024.2197  49085.663    31.2238     57.096    6.42930    10.2387    10.2855    23.9589   11.63230 3.6386e-02     57.643 0.0000e+00
        651 291.084184    0.04514     2.7083    162.500  1024.2366  49112.659    31.2403     57.220    6.43154    10.2209    10.2647    23.9752   11.63582 3.6387e-02     57.768 0.0000e+00
        652 291.084187    0.04521     2.7125    162.750  1024.2511  49135.617    31.2540     57.346    6.43371    10.2050    10.2451    23.9892   11.63926 3.6387e-02     57.896 0.0000e+00
        653 291.084190    0.04528     2.7167    163.000  1024.2640  49155.738    31.2660     57.475    6.43571    10.1912    10.2273    24.0014   11.64244 3.6387e-02     58.025 0.0000e+00
        654 291.084193    0.04535     2.7208    163.250  1024.2761  49174.657    31.2773     57.605    6.43748    10.1796    10.2114    24.0129   11.64522 3.6388e-02     58.157 0.0000e+00
        655 291.084196    0.04542     2.7250    163.500  1024.2875  49192.529    31.2882     57.738    6.43896    10.1702    10.1977    24.0236   11.64755 3.6391e-02     58.291 0.0000e+00
        656 291.084198    0.04549     2.7292    163.750  1024.2985  49210.026    31.2991     57.875    6.44014    10.1631    10.1861    24.0340   11.64938 3.6394e-02     58.430 0.0000e+00
        657 291.084201    0.04556     2.7333    164.000  1024.3094  49227.666    31.3103     58.017    6.44100    10.1579    10.1767    24.0444   11.65066 3.6392e-02     58.573 0.0000e+00
        658 291.084204    0.04562     2.7375    164.250  1024.3202  49245.337    31.3218     58.163    6.44152    10.1543    10.1696    24.0545   11.65139 3.6390e-02     58.720 0.0000e+00
        659 291.084207    0.04569     2.7417    164.500  1024.3315  49264.115    31.3344     58.312    6.44172    10.1524    10.1644    24.0651   11.65158 3.6390e-02     58.871 0.0000e+00
        660 291.084210    0.04576     2.7458    164.750  1024.3442  49285.530    31.3490     58.462    6.44162    10.1523    10.1609    24.0771   11.65123 3.6391e-02     59.022 0.0000e+00
        661 291.084213    0.04583     2.7500    165.000  1024.3578  49308.767    31.3651     58.609    6.44122    10.1538    10.1590    24.0900   11.65038 3.6389e-02     59.171 0.0000e+00
        662 291.084216    0.04590     2.7542    165.250  1024.3706  49331.004    31.3807     58.751    6.44059    10.1560    10.1589    24.1022   11.64914 3.6386e-02     59.314 0.0000e+00
        663 291.084219    0.04597     2.7583    165.500  1024.3823  49351.408    31.3952     58.882    6.43979    10.1582    10.1604    24.1133   11.64764 3.6385e-02     59.446 0.0000e+00
        664 291.084222    0.04604     2.7625    165.750  1024.3929  49370.097    31.4087     58.998    6.43893    10.1602    10.1626    24.1234   11.64606 3.6385e-02     59.564 0.0000e+00
        665 291.084225    0.04611     2.7667    166.000  1024.4015  49385.131    31.4195     59.096    6.43816    10.1617    10.1649    24.1315   11.64466 3.6385e-02     59.663 0.0000e+00
        666 291.084227    0.04618     2.7708    166.250  1024.4074  49395.525    31.4271     59.174    6.43756    10.1624    10.1669    24.1370   11.64358 3.6385e-02     59.741 0.0000e+00
        667 291.084230    0.04625     2.7750    166.500  1024.4116  49402.911    31.4325     59.232    6.43713    10.1622    10.1684    24.1410   11.64280 3.6387e-02     59.800 0.0000e+00
        668 291.084233    0.04632     2.7792    166.750  1024.4150  49408.835    31.4367     59.275    6.43686    10.1613    10.1691    24.1442   11.64230 3.6389e-02     59.843 0.0000e+00
        669 291.084236    0.04639     2.7833    167.000  1024.4178  49413.740    31.4401     59.309    6.43674    10.1596    10.1689    24.1469   11.64206 3.6390e-02     59.878 0.0000e+00
        670 291.084239    0.04646     2.7875    167.250  1024.4203  49417.780    31.4429     59.346    6.43675    10.1569    10.1680    24.1491   11.64205 3.6392e-02     59.915 0.0000e+00
        671 291.084242    0.04653     2.7917    167.500  1024.4224  49421.050    31.4449     59.397    6.43690    10.1524    10.1663    24.1510   11.64228 3.6396e-02     59.967 0.0000e+00
        672 291.084245    0.04660     2.7958    167.750  1024.4243  49423.666    31.4464     59.472    6.43723    10.1450    10.1636    24.1526   11.64280 3.6401e-02     60.043 0.0000e+00
        673 291.084248    0.04667     2.8000    168.000  1024.4262  49425.716    31.4472     59.579    6.43783    10.1332    10.1591    24.1540   11.64378 3.6405e-02     60.151 0.0000e+00
        674 291.084251    0.04674     2.8042    168.250  1024.4281  49427.068    31.4472     59.722    6.43887    10.1155    10.1517    24.1552   11.64551 3.6411e-02     60.295 0.0000e+00
        675 291.084253    0.04681     2.8083    168.500  1024.4304  49428.556    31.4467     59.900    6.44055    10.0913    10.1399    24.1567   11.64829 3.6420e-02     60.474 0.0000e+00
        676 291.084256    0.04688     2.8125    168.750  1024.4349  49432.835    31.4474     60.107    6.44301    10.0615    10.1222    24.1602   11.65235 3.6423e-02     60.683 0.0000e+00
        677 291.084259    0.04694     2.8167    169.000  1024.4434  49443.702    31.4519     60.334    6.44622    10.0288    10.0981    24.1677   11.65763 3.6419e-02     60.912 0.0000e+00
        678 291.084262    0.04701     2.8208    169.250  1024.4579  49464.524    31.4627     60.571    6.44997     9.9970    10.0683    24.1811   11.66371 3.6419e-02     61.151 0.0000e+00
        679 291.084265    0.04708     2.8250    169.500  1024.4775  49494.495    31.4796     60.805    6.45388     9.9692    10.0355    24.1996   11.66999 3.6421e-02     61.388 0.0000e+00
        680 291.084268    0.04715     2.8292    169.750  1024.4989  49527.783    31.4989     61.025    6.45756     9.9464    10.0038    24.2199   11.67586 3.6414e-02     61.610 0.0000e+00
