CTD-processing/allCTD/CNV--homogene/2014_06-18_t9_s07_cast152.cnv
* Sea-Bird SBE19plus Data File:
* FileName = C:\Users\kris.holderied\Documents\kasitsna\Research-Projects-and-Data\Oceanography-AK\CTD-Data-ALL-to-2014-03\2014-CTD-KachemakBay-CookInlet\2014-06-18-CookInlet-HomerSpit-monthly\2014-06-18-CookInlet-T9-HomerSpit-cast152.hex
* Software Version 1.59
* Temperature SN =  4141
* Conductivity SN =  4141
* System UpLoad Time = Jul 20 2014 20:03:00
** Cook Inlet LTM Transect 9  (Homer Spit) South to North
** Date: 2014-06-18
** Station: 9-07
** Start time: 18:23
** Depth (m): 102.1
** Comment:  CTD time is Alaska Daylight time
** Comment:
# nquan = 17
# nvalues = 841                         
# units = specified
# name 0 = scan: Scan Count
# name 1 = timeJ: Julian Days
# name 2 = timeH: Time, Elapsed [hours]
# name 3 = timeM: Time, Elapsed [minutes]
# name 4 = timeS: Time, Elapsed [seconds]
# name 5 = density00: Density [density, kg/m^3]
# name 6 = specc: Specific Conductance [uS/cm]
# name 7 = sal00: Salinity, Practical [PSU]
# name 8 = depSM: Depth [salt water, m], lat = 59.00
# name 9 = oxsolML/L: Oxygen Saturation, Garcia & Gordon [ml/l]
# name 10 = potemp090C: Potential Temperature [ITS-90, deg C]
# name 11 = tv290C: Temperature [ITS-90, deg C]
# name 12 = sigma-é00: Density [sigma-theta, kg/m^3]
# name 13 = n2satML/L: Nitrogen Saturation [ml/l]
# name 14 = par: PAR/Irradiance, Biospherical/Licor
# name 15 = prdM: Pressure, Strain Gauge [db]
# name 16 = flag:  0.000e+00
# span 0 =          1,        841       
# span 1 = 169.767257, 169.769688       
# span 2 =    0.00000,    0.05833       
# span 3 =     0.0000,     3.5000       
# span 4 =      0.000,    210.000       
# span 5 =  1000.9984,  1025.3992       
# span 6 =   3087.331,  50732.332       
# span 7 =     1.6216,    31.7920       
# span 8 =     -0.111,     96.968       
# span 9 =    6.59302,    7.86980       
# span 10 =     6.5469,     9.8266      
# span 11 =     6.5549,     9.8266      
# span 12 =     0.9989,    24.9492      
# span 13 =   11.92481,   14.43520      
# span 14 = 3.6382e-02, 3.7366e+00      
# span 15 =     -0.112,     97.907      
# span 16 = 0.0000e+00, 0.0000e+00      
# interval = seconds: 0.25
# start_time = Jun 18 2014 18:24:51 [Instrument's time stamp, header]
# bad_flag = -9.990e-29
*END*
[from data line 766]
        767 169.769473    0.05319     3.1917    191.500  1025.3074  50684.704    31.7893     81.066    6.94376     6.6873     6.6963    24.9307   12.47665 3.9582e-02     81.847 0.0000e+00
        768 169.769476    0.05326     3.1958    191.750  1025.3086  50685.198    31.7893     81.284    6.94392     6.6863     6.6953    24.9309   12.47692 3.9648e-02     82.067 0.0000e+00
        769 169.769479    0.05333     3.2000    192.000  1025.3099  50685.878    31.7895     81.502    6.94408     6.6854     6.6943    24.9312   12.47719 3.9713e-02     82.288 0.0000e+00
        770 169.769482    0.05340     3.2042    192.250  1025.3112  50686.634    31.7898     81.719    6.94422     6.6847     6.6933    24.9315   12.47742 3.9752e-02     82.506 0.0000e+00
        771 169.769485    0.05347     3.2083    192.500  1025.3125  50687.349    31.7900     81.932    6.94435     6.6840     6.6925    24.9318   12.47763 3.9755e-02     82.721 0.0000e+00
        772 169.769488    0.05354     3.2125    192.750  1025.3137  50687.827    31.7901     82.141    6.94446     6.6834     6.6917    24.9320   12.47782 3.9755e-02     82.932 0.0000e+00
        773 169.769491    0.05361     3.2167    193.000  1025.3147  50688.144    31.7901     82.348    6.94457     6.6828     6.6911    24.9321   12.47799 3.9763e-02     83.142 0.0000e+00
        774 169.769494    0.05368     3.2208    193.250  1025.3158  50688.525    31.7901     82.558    6.94466     6.6823     6.6905    24.9322   12.47814 3.9767e-02     83.354 0.0000e+00
        775 169.769497    0.05375     3.2250    193.500  1025.3169  50688.916    31.7902     82.772    6.94475     6.6818     6.6900    24.9324   12.47828 3.9766e-02     83.570 0.0000e+00
        776 169.769499    0.05382     3.2292    193.750  1025.3179  50689.011    31.7900     82.992    6.94483     6.6811     6.6895    24.9323   12.47842 3.9753e-02     83.792 0.0000e+00
        777 169.769502    0.05389     3.2333    194.000  1025.3186  50688.544    31.7895     83.217    6.94494     6.6800     6.6890    24.9320   12.47860 3.9702e-02     84.019 0.0000e+00
        778 169.769505    0.05396     3.2375    194.250  1025.3190  50687.531    31.7886     83.448    6.94509     6.6783     6.6883    24.9313   12.47886 3.9623e-02     84.252 0.0000e+00
        779 169.769508    0.05403     3.2417    194.500  1025.3193  50686.292    31.7874     83.683    6.94532     6.6761     6.6872    24.9305   12.47925 3.9527e-02     84.490 0.0000e+00
        780 169.769511    0.05410     3.2458    194.750  1025.3197  50685.161    31.7862     83.921    6.94564     6.6734     6.6856    24.9298   12.47980 3.9427e-02     84.730 0.0000e+00
        781 169.769514    0.05417     3.2500    195.000  1025.3203  50684.438    31.7852     84.158    6.94604     6.6704     6.6833    24.9293   12.48048 3.9369e-02     84.970 0.0000e+00
        782 169.769517    0.05424     3.2542    195.250  1025.3212  50684.346    31.7845     84.393    6.94651     6.6670     6.6807    24.9291   12.48126 3.9357e-02     85.207 0.0000e+00
        783 169.769520    0.05431     3.2583    195.500  1025.3223  50684.539    31.7840     84.626    6.94702     6.6633     6.6777    24.9291   12.48211 3.9352e-02     85.442 0.0000e+00
        784 169.769523    0.05438     3.2625    195.750  1025.3232  50684.489    31.7832     84.857    6.94759     6.6590     6.6744    24.9289   12.48306 3.9306e-02     85.676 0.0000e+00
        785 169.769525    0.05444     3.2667    196.000  1025.3238  50683.936    31.7821     85.088    6.94824     6.6539     6.6707    24.9284   12.48415 3.9203e-02     85.910 0.0000e+00
        786 169.769528    0.05451     3.2708    196.250  1025.3239  50682.323    31.7801     85.321    6.94901     6.6472     6.6664    24.9274   12.48546 3.9070e-02     86.145 0.0000e+00
        787 169.769531    0.05458     3.2750    196.500  1025.3232  50679.432    31.7770     85.555    6.94999     6.6390     6.6612    24.9257   12.48711 3.8893e-02     86.380 0.0000e+00
        788 169.769534    0.05465     3.2792    196.750  1025.3225  50676.498    31.7736     85.790    6.95121     6.6293     6.6546    24.9238   12.48917 3.8639e-02     86.618 0.0000e+00
        789 169.769537    0.05472     3.2833    197.000  1025.3226  50675.083    31.7710     86.029    6.95266     6.6188     6.6464    24.9228   12.49160 3.8348e-02     86.859 0.0000e+00
        790 169.769540    0.05479     3.2875    197.250  1025.3238  50675.680    31.7695     86.273    6.95429     6.6079     6.6367    24.9229   12.49431 3.8213e-02     87.106 0.0000e+00
        791 169.769543    0.05486     3.2917    197.500  1025.3260  50678.018    31.7691     86.523    6.95601     6.5971     6.6262    24.9239   12.49716 3.8372e-02     87.358 0.0000e+00
        792 169.769546    0.05493     3.2958    197.750  1025.3289  50681.659    31.7695     86.777    6.95775     6.5870     6.6153    24.9255   12.50002 3.8668e-02     87.614 0.0000e+00
        793 169.769549    0.05500     3.3000    198.000  1025.3325  50686.541    31.7707     87.031    6.95942     6.5779     6.6046    24.9279   12.50278 3.8888e-02     87.871 0.0000e+00
        794 169.769552    0.05507     3.3042    198.250  1025.3368  50692.800    31.7731     87.285    6.96095     6.5703     6.5944    24.9310   12.50528 3.8996e-02     88.128 0.0000e+00
        795 169.769554    0.05514     3.3083    198.500  1025.3416  50699.801    31.7761     87.537    6.96228     6.5641     6.5854    24.9346   12.50744 3.9046e-02     88.382 0.0000e+00
        796 169.769557    0.05521     3.3125    198.750  1025.3461  50706.408    31.7792     87.787    6.96338     6.5593     6.5777    24.9380   12.50921 3.9115e-02     88.635 0.0000e+00
        797 169.769560    0.05528     3.3167    199.000  1025.3501  50711.949    31.7818     88.036    6.96425     6.5557     6.5716    24.9408   12.51061 3.9220e-02     88.886 0.0000e+00
        798 169.769563    0.05535     3.3208    199.250  1025.3536  50716.420    31.7839     88.284    6.96492     6.5529     6.5669    24.9431   12.51170 3.9322e-02     89.137 0.0000e+00
        799 169.769566    0.05542     3.3250    199.500  1025.3566  50720.150    31.7857     88.533    6.96543     6.5510     6.5632    24.9450   12.51252 3.9416e-02     89.388 0.0000e+00
        800 169.769569    0.05549     3.3292    199.750  1025.3593  50723.233    31.7872     88.782    6.96580     6.5497     6.5605    24.9465   12.51310 3.9466e-02     89.640 0.0000e+00
        801 169.769572    0.05556     3.3333    200.000  1025.3615  50725.457    31.7883     89.032    6.96605     6.5488     6.5586    24.9476   12.51351 3.9429e-02     89.892 0.0000e+00
        802 169.769575    0.05563     3.3375    200.250  1025.3633  50726.832    31.7889     89.281    6.96623     6.5482     6.5573    24.9482   12.51380 3.9330e-02     90.144 0.0000e+00
        803 169.769578    0.05569     3.3417    200.500  1025.3649  50727.697    31.7892     89.529    6.96635     6.5477     6.5565    24.9486   12.51400 3.9180e-02     90.394 0.0000e+00
        804 169.769580    0.05576     3.3458    200.750  1025.3663  50728.349    31.7894     89.776    6.96645     6.5474     6.5558    24.9489   12.51415 3.8952e-02     90.643 0.0000e+00
        805 169.769583    0.05583     3.3500    201.000  1025.3676  50728.867    31.7896     90.022    6.96651     6.5473     6.5554    24.9491   12.51426 3.8605e-02     90.892 0.0000e+00
        806 169.769586    0.05590     3.3542    201.250  1025.3689  50729.256    31.7897     90.265    6.96655     6.5472     6.5551    24.9492   12.51432 3.8277e-02     91.138 0.0000e+00
        807 169.769589    0.05597     3.3583    201.500  1025.3700  50729.507    31.7897     90.505    6.96657     6.5471     6.5550    24.9492   12.51436 3.8276e-02     91.379 0.0000e+00
        808 169.769592    0.05604     3.3625    201.750  1025.3711  50729.672    31.7897     90.740    6.96659     6.5471     6.5549    24.9492   12.51438 3.8571e-02     91.617 0.0000e+00
        809 169.769595    0.05611     3.3667    202.000  1025.3722  50729.821    31.7897     90.973    6.96659     6.5471     6.5549    24.9492   12.51438 3.8824e-02     91.851 0.0000e+00
        810 169.769598    0.05618     3.3708    202.250  1025.3732  50729.895    31.7896     91.202    6.96660     6.5471     6.5549    24.9492   12.51439 3.8912e-02     92.083 0.0000e+00
        811 169.769601    0.05625     3.3750    202.500  1025.3742  50729.884    31.7895     91.429    6.96660     6.5470     6.5549    24.9491   12.51440 3.8905e-02     92.312 0.0000e+00
        812 169.769604    0.05632     3.3792    202.750  1025.3751  50729.872    31.7894     91.657    6.96661     6.5470     6.5549    24.9490   12.51441 3.8831e-02     92.543 0.0000e+00
        813 169.769606    0.05639     3.3833    203.000  1025.3761  50729.885    31.7893     91.890    6.96661     6.5469     6.5549    24.9489   12.51442 3.8707e-02     92.778 0.0000e+00
        814 169.769609    0.05646     3.3875    203.250  1025.3772  50729.899    31.7892     92.128    6.96662     6.5469     6.5549    24.9488   12.51444 3.8508e-02     93.018 0.0000e+00
        815 169.769612    0.05653     3.3917    203.500  1025.3782  50729.922    31.7891     92.369    6.96662     6.5470     6.5549    24.9488   12.51445 3.8152e-02     93.262 0.0000e+00
        816 169.769615    0.05660     3.3958    203.750  1025.3793  50729.974    31.7890     92.613    6.96662     6.5470     6.5549    24.9487   12.51446 3.7661e-02     93.508 0.0000e+00
        817 169.769618    0.05667     3.4000    204.000  1025.3803  50730.025    31.7889     92.858    6.96662     6.5471     6.5549    24.9486   12.51445 3.7195e-02     93.756 0.0000e+00
        818 169.769621    0.05674     3.4042    204.250  1025.3814  50730.081    31.7889     93.103    6.96662     6.5471     6.5550    24.9486   12.51444 3.6870e-02     94.003 0.0000e+00
        819 169.769624    0.05681     3.4083    204.500  1025.3825  50730.161    31.7888     93.345    6.96661     6.5472     6.5551    24.9485   12.51442 3.6675e-02     94.248 0.0000e+00
        820 169.769627    0.05688     3.4125    204.750  1025.3836  50730.249    31.7888     93.583    6.96659     6.5472     6.5551    24.9485   12.51440 3.6558e-02     94.488 0.0000e+00
        821 169.769630    0.05694     3.4167    205.000  1025.3847  50730.334    31.7887     93.818    6.96658     6.5473     6.5552    24.9485   12.51438 3.6487e-02     94.725 0.0000e+00
        822 169.769633    0.05701     3.4208    205.250  1025.3857  50730.377    31.7887     94.052    6.96658     6.5473     6.5553    24.9484   12.51437 3.6445e-02     94.961 0.0000e+00
        823 169.769635    0.05708     3.4250    205.500  1025.3867  50730.418    31.7886     94.287    6.96657     6.5473     6.5553    24.9483   12.51436 3.6420e-02     95.198 0.0000e+00
        824 169.769638    0.05715     3.4292    205.750  1025.3878  50730.554    31.7886     94.523    6.96656     6.5473     6.5554    24.9483   12.51435 3.6405e-02     95.436 0.0000e+00
        825 169.769641    0.05722     3.4333    206.000  1025.3889  50730.747    31.7886     94.758    6.96655     6.5473     6.5554    24.9483   12.51434 3.6396e-02     95.674 0.0000e+00
        826 169.769644    0.05729     3.4375    206.250  1025.3900  50730.946    31.7887     94.991    6.96655     6.5474     6.5554    24.9484   12.51433 3.6390e-02     95.909 0.0000e+00
        827 169.769647    0.05736     3.4417    206.500  1025.3911  50731.100    31.7887     95.220    6.96654     6.5474     6.5555    24.9484   12.51432 3.6387e-02     96.140 0.0000e+00
        828 169.769650    0.05743     3.4458    206.750  1025.3920  50731.149    31.7886     95.441    6.96654     6.5474     6.5555    24.9483   12.51431 3.6385e-02     96.364 0.0000e+00
        829 169.769653    0.05750     3.4500    207.000  1025.3929  50731.134    31.7885     95.653    6.96654     6.5474     6.5556    24.9482   12.51431 3.6384e-02     96.578 0.0000e+00
        830 169.769656    0.05757     3.4542    207.250  1025.3937  50731.084    31.7884     95.852    6.96654     6.5474     6.5556    24.9481   12.51431 3.6383e-02     96.779 0.0000e+00
        831 169.769659    0.05764     3.4583    207.500  1025.3945  50731.022    31.7883     96.035    6.96654     6.5474     6.5556    24.9480   12.51432 3.6383e-02     96.964 0.0000e+00
        832 169.769661    0.05771     3.4625    207.750  1025.3953  50731.047    31.7882     96.203    6.96654     6.5475     6.5556    24.9480   12.51432 3.6382e-02     97.134 0.0000e+00
        833 169.769664    0.05778     3.4667    208.000  1025.3960  50731.164    31.7882     96.356    6.96654     6.5475     6.5556    24.9480   12.51431 3.6382e-02     97.288 0.0000e+00
        834 169.769667    0.05785     3.4708    208.250  1025.3966  50731.259    31.7882     96.493    6.96653     6.5475     6.5557    24.9480   12.51430 3.6382e-02     97.427 0.0000e+00
        835 169.769670    0.05792     3.4750    208.500  1025.3972  50731.317    31.7882     96.615    6.96652     6.5476     6.5557    24.9480   12.51429 3.6382e-02     97.550 0.0000e+00
        836 169.769673    0.05799     3.4792    208.750  1025.3977  50731.452    31.7883     96.722    6.96651     6.5476     6.5557    24.9480   12.51427 3.6382e-02     97.658 0.0000e+00
        837 169.769676    0.05806     3.4833    209.000  1025.3982  50731.656    31.7884     96.810    6.96650     6.5477     6.5558    24.9481   12.51425 3.6382e-02     97.747 0.0000e+00
        838 169.769679    0.05813     3.4875    209.250  1025.3986  50731.874    31.7885     96.879    6.96648     6.5478     6.5559    24.9482   12.51422 3.6382e-02     97.817 0.0000e+00
        839 169.769682    0.05819     3.4917    209.500  1025.3989  50732.085    31.7887     96.928    6.96646     6.5478     6.5560    24.9483   12.51418 3.6382e-02     97.867 0.0000e+00
        840 169.769685    0.05826     3.4958    209.750  1025.3991  50732.257    31.7888     96.958    6.96645 -9.990e-29     6.5561    24.9484   12.51415 3.6382e-02     97.897 0.0000e+00
        841 169.769688    0.05833     3.5000    210.000  1025.3992  50732.332    31.7888     96.968    6.96644 -9.990e-29     6.5561    24.9484   12.51414 3.6382e-02     97.907 0.0000e+00
