CTD-processing/allCTD/CNV--homogene/2014_10-18_t7_s07_cast131.cnv
* Sea-Bird SBE19plus Data File:
* FileName = C:\Users\kris.holderied\Documents\kasitsna\Research-Projects-and-Data\Oceanography-AK\CTD-Data-ALL-to-2014-10\2014-CTD-KachemakBay-CookInlet\2014-10-EVOSTC-CookInlet\2014-10-17-CookInlet-Tran7-Augustine\2014-10-18-CookInlet-Tran7-cast131.hex
* Software Version 1.59
* Temperature SN =  4141
* Conductivity SN =  4141
* System UpLoad Time = Oct 18 2014 20:35:00
** Cook Inlet LTM Tran7 (Augustine) west to east 2ND RUN
** Date: 10-18
** Station: 7-07
** Start time:  14:22
** Depth (m): 59
** Comment:  CTD time is Alaska Daylight time.  R/V Pandalus. Transducer  depth.
** Comment:
# nquan = 17
# nvalues = 566                         
# units = specified
# name 0 = scan: Scan Count
# name 1 = timeJ: Julian Days
# name 2 = timeH: Time, Elapsed [hours]
# name 3 = timeM: Time, Elapsed [minutes]
# name 4 = timeS: Time, Elapsed [seconds]
# name 5 = density00: Density [density, kg/m^3]
# name 6 = specc: Specific Conductance [uS/cm]
# name 7 = sal00: Salinity, Practical [PSU]
# name 8 = depSM: Depth [salt water, m], lat = 59.00
# name 9 = oxsolML/L: Oxygen Saturation, Garcia & Gordon [ml/l]
# name 10 = potemp090C: Potential Temperature [ITS-90, deg C]
# name 11 = tv290C: Temperature [ITS-90, deg C]
# name 12 = sigma-é00: Density [sigma-theta, kg/m^3]
# name 13 = n2satML/L: Nitrogen Saturation [ml/l]
# name 14 = par: PAR/Irradiance, Biospherical/Licor
# name 15 = prdM: Pressure, Strain Gauge [db]
# name 16 = flag:  0.000e+00
# span 0 =          1,        566       
# span 1 = 291.599213, 291.600848       
# span 2 =    0.00000,    0.03924       
# span 3 =     0.0000,     2.3542       
# span 4 =      0.000,    141.250       
# span 5 =   999.9949,  1024.7178       
# span 6 =    387.184,  49843.817       
# span 7 =     0.1813,    31.6009       
# span 8 =     -0.298,     59.951       
# span 9 =    6.52210,    8.28760       
# span 10 =     7.8681,    10.2081      
# span 11 =     7.8681,    10.2090      
# span 12 =    -0.0037,    24.4426      
# span 13 =   11.80334,   15.15918      
# span 14 = 3.6382e-02, 5.7003e+01      
# span 15 =     -0.301,     60.526      
# span 16 = 0.0000e+00, 0.0000e+00      
# interval = seconds: 0.25
# start_time = Oct 18 2014 14:22:52 [Instrument's time stamp, header]
# bad_flag = -9.990e-29
*END*
[from data line 86]
         87 291.599462    0.00597     0.3583     21.500  1022.2610  45924.298    29.0087      1.070    6.54191    10.1394    10.1393    22.2560   11.84559 2.4218e+01      1.081 0.0000e+00
         88 291.599465    0.00604     0.3625     21.750  1022.2605  45923.257    29.0080      1.077    6.54194    10.1399    10.1393    22.2555   11.84565 2.4171e+01      1.087 0.0000e+00
         89 291.599468    0.00611     0.3667     22.000  1022.2599  45922.278    29.0073      1.082    6.54193    10.1406    10.1395    22.2549   11.84565 2.3883e+01      1.092 0.0000e+00
         90 291.599470    0.00618     0.3708     22.250  1022.2598  45922.182    29.0073      1.084    6.54187    10.1416    10.1400    22.2549   11.84554 2.3631e+01      1.094 0.0000e+00
         91 291.599473    0.00625     0.3750     22.500  1022.2603  45923.083    29.0080      1.084    6.54173    10.1426    10.1407    22.2553   11.84530 2.3715e+01      1.094 0.0000e+00
         92 291.599476    0.00632     0.3792     22.750  1022.2605  45923.740    29.0086      1.083    6.54157    10.1436    10.1417    22.2556   11.84502 2.3778e+01      1.093 0.0000e+00
         93 291.599479    0.00639     0.3833     23.000  1022.2601  45923.025    29.0082      1.082    6.54143    10.1442    10.1427    22.2551   11.84480 2.3409e+01      1.092 0.0000e+00
         94 291.599482    0.00646     0.3875     23.250  1022.2589  45920.911    29.0068      1.084    6.54135    10.1444    10.1437    22.2539   11.84469 2.2796e+01      1.094 0.0000e+00
         95 291.599485    0.00653     0.3917     23.500  1022.2571  45917.781    29.0047      1.088    6.54135    10.1444    10.1443    22.2521   11.84471 2.2368e+01      1.098 0.0000e+00
         96 291.599488    0.00660     0.3958     23.750  1022.2549  45913.741    29.0019      1.093    6.54143    10.1440    10.1446    22.2499   11.84488 2.2326e+01      1.103 0.0000e+00
         97 291.599491    0.00667     0.4000     24.000  1022.2522  45908.626    28.9983      1.096    6.54159    10.1436    10.1445    22.2471   11.84519 2.2459e+01      1.106 0.0000e+00
         98 291.599494    0.00674     0.4042     24.250  1022.2488  45902.415    28.9939      1.098    6.54182    10.1431    10.1442    22.2438   11.84562 2.2455e+01      1.108 0.0000e+00
         99 291.599497    0.00681     0.4083     24.500  1022.2451  45895.566    28.9891      1.096    6.54208    10.1426    10.1437    22.2401   11.84612 2.2495e+01      1.106 0.0000e+00
        100 291.599499    0.00688     0.4125     24.750  1022.2416  45889.022    28.9844      1.091    6.54235    10.1421    10.1432    22.2366   11.84662 2.2995e+01      1.101 0.0000e+00
        101 291.599502    0.00694     0.4167     25.000  1022.2389  45884.050    28.9809      1.085    6.54257    10.1418    10.1427    22.2339   11.84703 2.3604e+01      1.095 0.0000e+00
        102 291.599505    0.00701     0.4208     25.250  1022.2376  45881.687    28.9792      1.079    6.54270    10.1413    10.1423    22.2327   11.84727 2.3566e+01      1.089 0.0000e+00
        103 291.599508    0.00708     0.4250     25.500  1022.2376  45881.735    28.9792      1.078    6.54276    10.1404    10.1419    22.2327   11.84736 2.2906e+01      1.088 0.0000e+00
        104 291.599511    0.00715     0.4292     25.750  1022.2380  45882.342    28.9796      1.082    6.54281    10.1388    10.1414    22.2331   11.84745 2.2185e+01      1.092 0.0000e+00
        105 291.599514    0.00722     0.4333     26.000  1022.2371  45880.493    28.9782      1.092    6.54299    10.1358    10.1406    22.2321   11.84777 2.1783e+01      1.102 0.0000e+00
        106 291.599517    0.00729     0.4375     26.250  1022.2329  45872.443    28.9724      1.108    6.54347    10.1307    10.1389    22.2278   11.84863 2.1812e+01      1.118 0.0000e+00
        107 291.599520    0.00736     0.4417     26.500  1022.2232  45854.045    28.9592      1.125    6.54446    10.1225    10.1360    22.2180   11.85042 2.2212e+01      1.135 0.0000e+00
        108 291.599523    0.00743     0.4458     26.750  1022.2079  45825.060    28.9383      1.136    6.54606    10.1098    10.1309    22.2026   11.85334 2.2791e+01      1.146 0.0000e+00
        109 291.599525    0.00750     0.4500     27.000  1022.1927  45796.177    28.9172      1.136    6.54812    10.0913    10.1227    22.1875   11.85701 2.3218e+01      1.146 0.0000e+00
        110 291.599528    0.00757     0.4542     27.250  1022.1866  45783.436    28.9069      1.123    6.55039    10.0691    10.1099    22.1814   11.86089 2.3340e+01      1.133 0.0000e+00
        111 291.599531    0.00764     0.4583     27.500  1022.1937  45794.274    28.9124      1.099    6.55282    10.0488    10.0914    22.1886   11.86486 2.3535e+01      1.109 0.0000e+00
        112 291.599534    0.00771     0.4625     27.750  1022.2121  45825.445    28.9316      1.068    6.55521    10.0352    10.0692    22.2072   11.86860 2.3846e+01      1.077 0.0000e+00
        113 291.599537    0.00778     0.4667     28.000  1022.2369  45868.717    28.9595      1.038    6.55697    10.0305    10.0489    22.2321   11.87118 2.3624e+01      1.048 0.0000e+00
        114 291.599540    0.00785     0.4708     28.250  1022.2625  45914.182    28.9897      1.020    6.55766    10.0348    10.0353    22.2578   11.87195 2.2861e+01      1.030 0.0000e+00
        115 291.599543    0.00792     0.4750     28.500  1022.2839  45952.807    29.0162      1.022    6.55722    10.0461    10.0306    22.2792   11.87091 2.2128e+01      1.031 0.0000e+00
        116 291.599546    0.00799     0.4792     28.750  1022.2970  45977.264    29.0338      1.044    6.55586    10.0603    10.0349    22.2922   11.86844 2.1605e+01      1.054 0.0000e+00
        117 291.599549    0.00806     0.4833     29.000  1022.2986  45981.321    29.0379      1.078    6.55406    10.0733    10.0462    22.2936   11.86541 2.1247e+01      1.088 0.0000e+00
        118 291.599552    0.00813     0.4875     29.250  1022.2876  45962.630    29.0265      1.110    6.55250    10.0820    10.0604    22.2825   11.86294 2.1016e+01      1.120 0.0000e+00
        119 291.599554    0.00819     0.4917     29.500  1022.2661  45924.589    29.0014      1.130    6.55168    10.0844    10.0734    22.2608   11.86189 2.0872e+01      1.140 0.0000e+00
        120 291.599557    0.00826     0.4958     29.750  1022.2408  45879.222    28.9707      1.131    6.55172    10.0793    10.0821    22.2355   11.86233 2.0870e+01      1.142 0.0000e+00
        121 291.599560    0.00833     0.5000     30.000  1022.2217  45844.645    28.9468      1.114    6.55237    10.0676    10.0845    22.2166   11.86370 2.1054e+01      1.125 0.0000e+00
        122 291.599563    0.00840     0.5042     30.250  1022.2157  45833.132    28.9381      1.083    6.55346    10.0536    10.0795    22.2107   11.86561 2.1434e+01      1.093 0.0000e+00
        123 291.599566    0.00847     0.5083     30.500  1022.2244  45847.962    28.9472      1.048    6.55478    10.0433    10.0677    22.2196   11.86768 2.1760e+01      1.057 0.0000e+00
        124 291.599569    0.00854     0.5125     30.750  1022.2453  45884.893    28.9714      1.020    6.55578    10.0410    10.0537    22.2407   11.86906 2.1738e+01      1.029 0.0000e+00
        125 291.599572    0.00861     0.5167     31.000  1022.2717  45931.979    29.0031      1.011    6.55593    10.0477    10.0434    22.2670   11.86893 2.1541e+01      1.021 0.0000e+00
        126 291.599575    0.00868     0.5208     31.250  1022.2950  45974.375    29.0325      1.028    6.55503    10.0610    10.0411    22.2902   11.86708 2.1275e+01      1.037 0.0000e+00
        127 291.599578    0.00875     0.5250     31.500  1022.3084  45999.675    29.0509      1.066    6.55329    10.0763    10.0478    22.3035   11.86397 2.0938e+01      1.076 0.0000e+00
        128 291.599580    0.00882     0.5292     31.750  1022.3085  46001.137    29.0534      1.113    6.55127    10.0893    10.0611    22.3034   11.86058 2.0625e+01      1.123 0.0000e+00
        129 291.599583    0.00889     0.5333     32.000  1022.2959  45979.646    29.0402      1.155    6.54962    10.0969    10.0765    22.2906   11.85800 2.0486e+01      1.166 0.0000e+00
        130 291.599586    0.00896     0.5375     32.250  1022.2737  45940.397    29.0142      1.179    6.54885    10.0973    10.0894    22.2683   11.85703 2.0549e+01      1.190 0.0000e+00
        131 291.599589    0.00903     0.5417     32.500  1022.2482  45894.543    28.9830      1.178    6.54906    10.0895    10.0970    22.2428   11.85776 2.0664e+01      1.189 0.0000e+00
        132 291.599592    0.00910     0.5458     32.750  1022.2296  45860.539    28.9593      1.152    6.54999    10.0745    10.0975    22.2243   11.85958 2.0726e+01      1.162 0.0000e+00
        133 291.599595    0.00917     0.5500     33.000  1022.2256  45852.533    28.9529      1.106    6.55139    10.0580    10.0896    22.2205   11.86199 2.0741e+01      1.116 0.0000e+00
        134 291.599598    0.00924     0.5542     33.250  1022.2376  45873.263    28.9657      1.050    6.55301    10.0468    10.0746    22.2329   11.86453 2.0915e+01      1.059 0.0000e+00
        135 291.599601    0.00931     0.5583     33.500  1022.2612  45914.837    28.9929      0.998    6.55425    10.0454    10.0581    22.2567   11.86626 2.1226e+01      1.008 0.0000e+00
        136 291.599604    0.00937     0.5625     33.750  1022.2879  45962.650    29.0250      0.967    6.55452    10.0543    10.0469    22.2835   11.86632 2.1378e+01      0.976 0.0000e+00
        137 291.599606    0.00944     0.5667     34.000  1022.3099  46002.888    29.0530      0.964    6.55355    10.0702    10.0455    22.3055   11.86436 2.1331e+01      0.972 0.0000e+00
        138 291.599609    0.00951     0.5708     34.250  1022.3221  46026.300    29.0703      0.986    6.55153    10.0883    10.0544    22.3176   11.86081 2.1152e+01      0.994 0.0000e+00
        139 291.599612    0.00958     0.5750     34.500  1022.3230  46029.622    29.0745      1.023    6.54907    10.1050    10.0703    22.3183   11.85668 2.0846e+01      1.033 0.0000e+00
        140 291.599615    0.00965     0.5792     34.750  1022.3146  46016.166    29.0671      1.067    6.54676    10.1185    10.0884    22.3097   11.85295 2.0412e+01      1.077 0.0000e+00
        141 291.599618    0.00972     0.5833     35.000  1022.3000  45991.189    29.0515      1.109    6.54501    10.1283    10.1051    22.2949   11.85022 1.9948e+01      1.120 0.0000e+00
        142 291.599621    0.00979     0.5875     35.250  1022.2809  45957.624    29.0296      1.144    6.54399    10.1346    10.1186    22.2756   11.84879 1.9666e+01      1.155 0.0000e+00
        143 291.599624    0.00986     0.5917     35.500  1022.2588  45918.157    29.0031      1.169    6.54370    10.1385    10.1284    22.2535   11.84864 1.9582e+01      1.179 0.0000e+00
        144 291.599627    0.00993     0.5958     35.750  1022.2372  45879.134    28.9766      1.181    6.54390    10.1407    10.1347    22.2318   11.84930 1.9600e+01      1.192 0.0000e+00
        145 291.599630    0.01000     0.6000     36.000  1022.2198  45847.675    28.9550      1.181    6.54425    10.1414    10.1386    22.2144   11.85013 1.9739e+01      1.192 0.0000e+00
        146 291.599633    0.01007     0.6042     36.250  1022.2077  45825.796    28.9400      1.169    6.54456    10.1408    10.1408    22.2023   11.85083 2.0130e+01      1.180 0.0000e+00
        147 291.599635    0.01014     0.6083     36.500  1022.1997  45811.278    28.9299      1.148    6.54488    10.1391    10.1415    22.1944   11.85148 2.0834e+01      1.159 0.0000e+00
        148 291.599638    0.01021     0.6125     36.750  1022.1940  45801.086    28.9228      1.119    6.54527    10.1365    10.1409    22.1889   11.85222 2.1559e+01      1.130 0.0000e+00
        149 291.599641    0.01028     0.6167     37.000  1022.1902  45794.125    28.9177      1.083    6.54573    10.1331    10.1392    22.1852   11.85303 2.1845e+01      1.093 0.0000e+00
        150 291.599644    0.01035     0.6208     37.250  1022.1893  45792.392    28.9162      1.041    6.54615    10.1285    10.1366    22.1845   11.85376 2.1554e+01      1.051 0.0000e+00
        151 291.599647    0.01042     0.6250     37.500  1022.1933  45799.696    28.9209      1.001    6.54646    10.1235    10.1331    22.1887   11.85421 2.1123e+01      1.010 0.0000e+00
        152 291.599650    0.01049     0.6292     37.750  1022.2051  45820.941    28.9353      0.970    6.54652    10.1203    10.1285    22.2006   11.85414 2.0897e+01      0.979 0.0000e+00
        153 291.599653    0.01056     0.6333     38.000  1022.2258  45858.419    28.9609      0.958    6.54616    10.1205    10.1236    22.2214   11.85322 2.0566e+01      0.967 0.0000e+00
        154 291.599656    0.01063     0.6375     38.250  1022.2511  45904.396    28.9927      0.972    6.54529    10.1241    10.1204    22.2466   11.85140 2.0009e+01      0.982 0.0000e+00
        155 291.599659    0.01069     0.6417     38.500  1022.2721  45942.695    29.0194      1.010    6.54414    10.1297    10.1206    22.2674   11.84916 1.9586e+01      1.020 0.0000e+00
        156 291.599661    0.01076     0.6458     38.750  1022.2825  45962.014    29.0333      1.062    6.54303    10.1351    10.1243    22.2777   11.84715 1.9365e+01      1.072 0.0000e+00
        157 291.599664    0.01083     0.6500     39.000  1022.2821  45961.453    29.0335      1.113    6.54222    10.1386    10.1299    22.2769   11.84580 1.9190e+01      1.124 0.0000e+00
        158 291.599667    0.01090     0.6542     39.250  1022.2725  45944.309    29.0222      1.153    6.54192    10.1389    10.1353    22.2672   11.84544 1.9018e+01      1.164 0.0000e+00
        159 291.599670    0.01097     0.6583     39.500  1022.2563  45914.907    29.0020      1.173    6.54227    10.1353    10.1387    22.2509   11.84626 1.8919e+01      1.185 0.0000e+00
        160 291.599673    0.01104     0.6625     39.750  1022.2383  45881.717    28.9789      1.172    6.54319    10.1267    10.1391    22.2328   11.84808 1.9133e+01      1.184 0.0000e+00
        161 291.599676    0.01111     0.6667     40.000  1022.2243  45855.785    28.9603      1.153    6.54449    10.1130    10.1354    22.2190   11.85046 1.9565e+01      1.165 0.0000e+00
        162 291.599679    0.01118     0.6708     40.250  1022.2190  45845.022    28.9518      1.126    6.54608    10.0971    10.1268    22.2138   11.85320 1.9721e+01      1.137 0.0000e+00
        163 291.599682    0.01125     0.6750     40.500  1022.2240  45852.699    28.9557      1.098    6.54789    10.0837    10.1131    22.2189   11.85615 1.9623e+01      1.109 0.0000e+00
        164 291.599685    0.01132     0.6792     40.750  1022.2375  45875.766    28.9700      1.075    6.54958    10.0762    10.0972    22.2326   11.85878 1.9606e+01      1.086 0.0000e+00
        165 291.599688    0.01139     0.6833     41.000  1022.2546  45905.519    28.9893      1.061    6.55069    10.0753    10.0838    22.2498   11.86040 1.9627e+01      1.071 0.0000e+00
        166 291.599690    0.01146     0.6875     41.250  1022.2702  45933.287    29.0078      1.055    6.55099    10.0798    10.0763    22.2654   11.86067 1.9584e+01      1.065 0.0000e+00
        167 291.599693    0.01153     0.6917     41.500  1022.2816  45954.101    29.0222      1.056    6.55052    10.0878    10.0754    22.2768   11.85971 1.9564e+01      1.066 0.0000e+00
        168 291.599696    0.01160     0.6958     41.750  1022.2881  45966.615    29.0315      1.061    6.54948    10.0970    10.0799    22.2833   11.85788 1.9715e+01      1.071 0.0000e+00
        169 291.599699    0.01167     0.7000     42.000  1022.2903  45971.540    29.0358      1.070    6.54815    10.1058    10.0879    22.2854   11.85562 1.9974e+01      1.080 0.0000e+00
        170 291.599702    0.01174     0.7042     42.250  1022.2889  45970.125    29.0359      1.080    6.54682    10.1134    10.0971    22.2840   11.85341 1.9998e+01      1.090 0.0000e+00
