CTD-processing/allCTD/CNV--homogene/2014_04-11_t9_s05_cast031.cnv
* Sea-Bird SBE19plus Data File:
* FileName = C:\Users\kris.holderied\Documents\kasitsna\Research-Projects-and-Data\Oceanography-AK\CTD-Data-ALL-to-2014-03\2014-CTD-KachemakBay-CookInlet\2014-04-EVOSTC-CookInlet-Ocean\2014-04-11-CookInlet-Tran9-HomerSpit\2014-04-11-CookInlet-Tran9-HomerSpit-cast031.hex
* Software Version 1.59
* Temperature SN =  5028
* Conductivity SN =  5028
* System UpLoad Time = May 27 2014 23:26:50
** Cook Inlet LTM Transect 9  (Homer Spit) South to North
** Date: 2014-04-11
** Station: 9-05
** Start time: 20:20
** Depth (m): 93
** Comment:  CTD time is Alaska Daylight time
** Comment:
# nquan = 17
# nvalues = 611                         
# units = specified
# name 0 = scan: Scan Count
# name 1 = timeJ: Julian Days
# name 2 = timeH: Time, Elapsed [hours]
# name 3 = timeM: Time, Elapsed [minutes]
# name 4 = timeS: Time, Elapsed [seconds]
# name 5 = density00: Density [density, kg/m^3]
# name 6 = specc: Specific Conductance [uS/cm]
# name 7 = sal00: Salinity, Practical [PSU]
# name 8 = depSM: Depth [salt water, m], lat = 59.00
# name 9 = oxsolML/L: Oxygen Saturation, Garcia & Gordon [ml/l]
# name 10 = potemp090C: Potential Temperature [ITS-90, deg C]
# name 11 = tv290C: Temperature [ITS-90, deg C]
# name 12 = sigma-é00: Density [sigma-theta, kg/m^3]
# name 13 = n2satML/L: Nitrogen Saturation [ml/l]
# name 14 = par: PAR/Irradiance, Biospherical/Licor
# name 15 = prdM: Pressure, Strain Gauge [db]
# name 16 = flag:  0.000e+00
# span 0 =          1,        611       
# span 1 = 101.847373, 101.849138       
# span 2 =    0.00000,    0.04236       
# span 3 =     0.0000,     2.5417       
# span 4 =      0.000,    152.500       
# span 5 =  1000.9008,  1025.7599       
# span 6 =   2330.498,  51578.083       
# span 7 =     1.1504,    32.0025       
# span 8 =      0.054,     92.160       
# span 9 =    7.26091,    9.14313       
# span 10 =     3.7952,     4.7382      
# span 11 =     3.7952,     4.7446      
# span 12 =     0.9005,    25.3276      
# span 13 =   12.99779,   16.58353      
# span 14 = 3.7912e-02, 4.2783e+01      
# span 15 =      0.055,     93.050      
# span 16 = 0.0000e+00, 0.0000e+00      
# interval = seconds: 0.25
# start_time = Apr 11 2014 20:20:13 [Instrument's time stamp, header]
# bad_flag = -9.990e-29
*END*
[from data line 256]
        257 101.848113    0.01778     1.0667     64.000  1024.8546  50687.798    31.2821      6.748    7.41551     4.0992     4.0743    24.8227   13.26236 3.3308e+00      6.812 0.0000e+00
        258 101.848116    0.01785     1.0708     64.250  1024.8813  50732.753    31.3155      7.049    7.41161     4.1134     4.0867    24.8481   13.25549 3.1334e+00      7.115 0.0000e+00
        259 101.848119    0.01792     1.0750     64.500  1024.9064  50774.526    31.3469      7.346    7.40769     4.1297     4.0997    24.8717   13.24861 2.9586e+00      7.416 0.0000e+00
        260 101.848122    0.01799     1.0792     64.750  1024.9322  50817.492    31.3794      7.640    7.40352     4.1488     4.1139    24.8962   13.24129 2.8031e+00      7.712 0.0000e+00
        261 101.848125    0.01806     1.0833     65.000  1024.9602  50864.225    31.4149      7.929    7.39881     4.1703     4.1302    24.9228   13.23306 2.6637e+00      8.004 0.0000e+00
        262 101.848128    0.01812     1.0875     65.250  1024.9886  50911.206    31.4513      8.217    7.39355     4.1925     4.1493    24.9499   13.22390 2.5373e+00      8.294 0.0000e+00
        263 101.848131    0.01819     1.0917     65.500  1025.0131  50950.650    31.4831      8.504    7.38810     4.2137     4.1708    24.9730   13.21448 2.4219e+00      8.584 0.0000e+00
        264 101.848134    0.01826     1.0958     65.750  1025.0324  50980.302    31.5083      8.791    7.38285     4.2324     4.1930    24.9909   13.20549 2.3154e+00      8.874 0.0000e+00
        265 101.848137    0.01833     1.1000     66.000  1025.0475  51002.453    31.5282      9.080    7.37805     4.2477     4.2142    25.0047   13.19731 2.2157e+00      9.165 0.0000e+00
        266 101.848139    0.01840     1.1042     66.250  1025.0593  51018.854    31.5437      9.370    7.37391     4.2589     4.2330    25.0151   13.19028 2.1213e+00      9.458 0.0000e+00
        267 101.848142    0.01847     1.1083     66.500  1025.0691  51032.136    31.5562      9.661    7.37054     4.2657     4.2484    25.0236   13.18455 2.0309e+00      9.752 0.0000e+00
        268 101.848145    0.01854     1.1125     66.750  1025.0785  51045.487    31.5677      9.954    7.36796     4.2678     4.2596    25.0317   13.18014 1.9441e+00     10.048 0.0000e+00
        269 101.848148    0.01861     1.1167     67.000  1025.0886  51060.564    31.5795     10.248    7.36617     4.2657     4.2663    25.0403   13.17703 1.8614e+00     10.345 0.0000e+00
        270 101.848151    0.01868     1.1208     67.250  1025.0990  51077.148    31.5912     10.542    7.36520     4.2605     4.2685    25.0494   13.17528 1.7827e+00     10.642 0.0000e+00
        271 101.848154    0.01875     1.1250     67.500  1025.1097  51094.738    31.6025     10.835    7.36501     4.2539     4.2664    25.0586   13.17482 1.7084e+00     10.938 0.0000e+00
        272 101.848157    0.01882     1.1292     67.750  1025.1207  51113.525    31.6140     11.128    7.36537     4.2471     4.2612    25.0682   13.17526 1.6382e+00     11.233 0.0000e+00
        273 101.848160    0.01889     1.1333     68.000  1025.1319  51133.067    31.6257     11.419    7.36598     4.2411     4.2545    25.0781   13.17611 1.5714e+00     11.527 0.0000e+00
        274 101.848163    0.01896     1.1375     68.250  1025.1430  51152.279    31.6371     11.710    7.36662     4.2364     4.2478    25.0879   13.17701 1.5077e+00     11.820 0.0000e+00
        275 101.848166    0.01903     1.1417     68.500  1025.1537  51170.525    31.6480     12.000    7.36714     4.2334     4.2419    25.0971   13.17773 1.4467e+00     12.113 0.0000e+00
        276 101.848168    0.01910     1.1458     68.750  1025.1638  51187.598    31.6585     12.290    7.36745     4.2322     4.2373    25.1059   13.17810 1.3879e+00     12.406 0.0000e+00
        277 101.848171    0.01917     1.1500     69.000  1025.1735  51203.613    31.6686     12.580    7.36747     4.2327     4.2343    25.1142   13.17802 1.3313e+00     12.699 0.0000e+00
        278 101.848174    0.01924     1.1542     69.250  1025.1830  51218.926    31.6786     12.870    7.36719     4.2349     4.2331    25.1223   13.17743 1.2768e+00     12.992 0.0000e+00
        279 101.848177    0.01931     1.1583     69.500  1025.1925  51234.097    31.6889     13.160    7.36659     4.2389     4.2335    25.1305   13.17631 1.2245e+00     13.284 0.0000e+00
        280 101.848180    0.01938     1.1625     69.750  1025.2027  51250.356    31.7004     13.448    7.36563     4.2449     4.2357    25.1394   13.17457 1.1743e+00     13.576 0.0000e+00
        281 101.848183    0.01944     1.1667     70.000  1025.2137  51267.580    31.7130     13.736    7.36428     4.2522     4.2398    25.1490   13.17218 1.1262e+00     13.867 0.0000e+00
        282 101.848186    0.01951     1.1708     70.250  1025.2233  51282.040    31.7241     14.024    7.36266     4.2599     4.2458    25.1572   13.16936 1.0801e+00     14.157 0.0000e+00
        283 101.848189    0.01958     1.1750     70.500  1025.2299  51290.675    31.7316     14.313    7.36098     4.2670     4.2531    25.1624   13.16648 1.0359e+00     14.449 0.0000e+00
        284 101.848192    0.01965     1.1792     70.750  1025.2337  51294.136    31.7356     14.602    7.35940     4.2732     4.2608    25.1649   13.16382 9.9323e-01     14.740 0.0000e+00
        285 101.848194    0.01972     1.1833     71.000  1025.2356  51294.343    31.7373     14.891    7.35803     4.2781     4.2680    25.1655   13.16154 9.5232e-01     15.032 0.0000e+00
        286 101.848197    0.01979     1.1875     71.250  1025.2368  51293.262    31.7379     15.180    7.35691     4.2821     4.2742    25.1653   13.15968 9.1323e-01     15.324 0.0000e+00
        287 101.848200    0.01986     1.1917     71.500  1025.2380  51292.375    31.7383     15.469    7.35600     4.2854     4.2792    25.1651   13.15817 8.7592e-01     15.615 0.0000e+00
        288 101.848203    0.01993     1.1958     71.750  1025.2394  51292.089    31.7389     15.757    7.35526     4.2883     4.2832    25.1652   13.15694 8.4035e-01     15.906 0.0000e+00
        289 101.848206    0.02000     1.2000     72.000  1025.2411  51292.315    31.7396     16.043    7.35463     4.2909     4.2865    25.1655   13.15589 8.0639e-01     16.195 0.0000e+00
        290 101.848209    0.02007     1.2042     72.250  1025.2430  51293.180    31.7407     16.327    7.35406     4.2936     4.2894    25.1661   13.15493 7.7392e-01     16.482 0.0000e+00
        291 101.848212    0.02014     1.2083     72.500  1025.2454  51294.853    31.7424     16.609    7.35350     4.2964     4.2921    25.1671   13.15399 7.4276e-01     16.767 0.0000e+00
        292 101.848215    0.02021     1.2125     72.750  1025.2480  51296.989    31.7443     16.890    7.35292     4.2993     4.2947    25.1684   13.15302 7.1275e-01     17.050 0.0000e+00
        293 101.848218    0.02028     1.2167     73.000  1025.2506  51299.107    31.7463     17.171    7.35233     4.3023     4.2975    25.1696   13.15201 6.8393e-01     17.334 0.0000e+00
        294 101.848220    0.02035     1.2208     73.250  1025.2532  51301.296    31.7483     17.451    7.35171     4.3057     4.3005    25.1709   13.15096 6.5634e-01     17.617 0.0000e+00
        295 101.848223    0.02042     1.2250     73.500  1025.2561  51303.869    31.7506     17.732    7.35105     4.3094     4.3035    25.1725   13.14983 6.2996e-01     17.900 0.0000e+00
        296 101.848226    0.02049     1.2292     73.750  1025.2593  51307.133    31.7535     18.012    7.35031     4.3135     4.3069    25.1745   13.14858 6.0477e-01     18.183 0.0000e+00
        297 101.848229    0.02056     1.2333     74.000  1025.2628  51310.670    31.7566     18.291    7.34949     4.3178     4.3106    25.1766   13.14719 5.8066e-01     18.464 0.0000e+00
        298 101.848232    0.02063     1.2375     74.250  1025.2656  51313.124    31.7591     18.570    7.34863     4.3220     4.3147    25.1782   13.14574 5.5758e-01     18.746 0.0000e+00
        299 101.848235    0.02069     1.2417     74.500  1025.2677  51314.102    31.7607     18.848    7.34778     4.3259     4.3191    25.1790   13.14432 5.3557e-01     19.027 0.0000e+00
        300 101.848238    0.02076     1.2458     74.750  1025.2693  51314.065    31.7615     19.125    7.34699     4.3292     4.3233    25.1792   13.14299 5.1457e-01     19.306 0.0000e+00
        301 101.848241    0.02083     1.2500     75.000  1025.2704  51313.333    31.7617     19.401    7.34629     4.3320     4.3272    25.1790   13.14183 4.9455e-01     19.585 0.0000e+00
        302 101.848244    0.02090     1.2542     75.250  1025.2713  51312.440    31.7618     19.675    7.34569     4.3343     4.3305    25.1787   13.14085 4.7556e-01     19.862 0.0000e+00
        303 101.848247    0.02097     1.2583     75.500  1025.2725  51311.937    31.7620     19.947    7.34518     4.3365     4.3333    25.1786   13.14001 4.5753e-01     20.137 0.0000e+00
        304 101.848249    0.02104     1.2625     75.750  1025.2739  51312.111    31.7625     20.218    7.34473     4.3385     4.3357    25.1788   13.13926 4.4028e-01     20.410 0.0000e+00
        305 101.848252    0.02111     1.2667     76.000  1025.2757  51312.780    31.7633     20.488    7.34430     4.3406     4.3378    25.1792   13.13855 4.2361e-01     20.682 0.0000e+00
        306 101.848255    0.02118     1.2708     76.250  1025.2774  51313.538    31.7642     20.758    7.34389     4.3427     4.3399    25.1797   13.13785 4.0749e-01     20.955 0.0000e+00
        307 101.848258    0.02125     1.2750     76.500  1025.2792  51314.247    31.7650     21.029    7.34348     4.3447     4.3420    25.1801   13.13717 3.9189e-01     21.229 0.0000e+00
        308 101.848261    0.02132     1.2792     76.750  1025.2808  51314.847    31.7658     21.302    7.34308     4.3467     4.3440    25.1805   13.13649 3.7680e-01     21.504 0.0000e+00
        309 101.848264    0.02139     1.2833     77.000  1025.2826  51315.558    31.7666     21.577    7.34268     4.3489     4.3461    25.1810   13.13581 3.6224e-01     21.781 0.0000e+00
        310 101.848267    0.02146     1.2875     77.250  1025.2847  51316.955    31.7679     21.852    7.34225     4.3513     4.3481    25.1818   13.13509 3.4824e-01     22.059 0.0000e+00
        311 101.848270    0.02153     1.2917     77.500  1025.2870  51318.689    31.7694     22.126    7.34178     4.3538     4.3503    25.1828   13.13429 3.3485e-01     22.336 0.0000e+00
        312 101.848273    0.02160     1.2958     77.750  1025.2889  51319.617    31.7705     22.399    7.34129     4.3561     4.3528    25.1834   13.13347 3.2207e-01     22.611 0.0000e+00
        313 101.848275    0.02167     1.3000     78.000  1025.2903  51319.622    31.7709     22.671    7.34083     4.3581     4.3553    25.1835   13.13270 3.0986e-01     22.886 0.0000e+00
        314 101.848278    0.02174     1.3042     78.250  1025.2915  51319.383    31.7712     22.941    7.34040     4.3600     4.3576    25.1835   13.13199 2.9819e-01     23.158 0.0000e+00
        315 101.848281    0.02181     1.3083     78.500  1025.2928  51319.337    31.7715     23.210    7.34001     4.3617     4.3597    25.1835   13.13135 2.8699e-01     23.429 0.0000e+00
        316 101.848284    0.02187     1.3125     78.750  1025.2942  51319.497    31.7719     23.478    7.33966     4.3633     4.3616    25.1836   13.13077 2.7629e-01     23.700 0.0000e+00
        317 101.848287    0.02194     1.3167     79.000  1025.2956  51319.656    31.7723     23.745    7.33934     4.3648     4.3633    25.1838   13.13023 2.6607e-01     23.971 0.0000e+00
        318 101.848290    0.02201     1.3208     79.250  1025.2971  51319.994    31.7727     24.013    7.33903     4.3662     4.3649    25.1840   13.12972 2.5627e-01     24.241 0.0000e+00
        319 101.848293    0.02208     1.3250     79.500  1025.2987  51320.621    31.7734     24.281    7.33873     4.3677     4.3664    25.1844   13.12922 2.4687e-01     24.511 0.0000e+00
        320 101.848296    0.02215     1.3292     79.750  1025.3002  51321.181    31.7740     24.548    7.33844     4.3691     4.3679    25.1847   13.12873 2.3783e-01     24.781 0.0000e+00
        321 101.848299    0.02222     1.3333     80.000  1025.3017  51321.430    31.7744     24.815    7.33816     4.3703     4.3693    25.1848   13.12825 2.2911e-01     25.052 0.0000e+00
        322 101.848302    0.02229     1.3375     80.250  1025.3029  51321.311    31.7745     25.083    7.33790     4.3713     4.3708    25.1848   13.12783 2.2075e-01     25.322 0.0000e+00
        323 101.848304    0.02236     1.3417     80.500  1025.3040  51321.014    31.7744     25.351    7.33768     4.3722     4.3720    25.1846   13.12746 2.1277e-01     25.591 0.0000e+00
        324 101.848307    0.02243     1.3458     80.750  1025.3051  51320.884    31.7745     25.617    7.33749     4.3729     4.3731    25.1845   13.12715 2.0516e-01     25.860 0.0000e+00
        325 101.848310    0.02250     1.3500     81.000  1025.3065  51321.120    31.7747     25.881    7.33733     4.3737     4.3739    25.1846   13.12687 1.9791e-01     26.127 0.0000e+00
        326 101.848313    0.02257     1.3542     81.250  1025.3079  51321.651    31.7751     26.142    7.33717     4.3744     4.3747    25.1849   13.12661 1.9104e-01     26.390 0.0000e+00
        327 101.848316    0.02264     1.3583     81.500  1025.3094  51322.105    31.7755     26.399    7.33702     4.3750     4.3755    25.1851   13.12636 1.8454e-01     26.650 0.0000e+00
        328 101.848319    0.02271     1.3625     81.750  1025.3106  51322.253    31.7756     26.652    7.33688     4.3755     4.3762    25.1851   13.12614 1.7839e-01     26.906 0.0000e+00
        329 101.848322    0.02278     1.3667     82.000  1025.3118  51322.327    31.7757     26.904    7.33677     4.3760     4.3768    25.1851   13.12595 1.7252e-01     27.160 0.0000e+00
        330 101.848325    0.02285     1.3708     82.250  1025.3131  51322.650    31.7759     27.155    7.33667     4.3764     4.3773    25.1852   13.12578 1.6691e-01     27.413 0.0000e+00
        331 101.848328    0.02292     1.3750     82.500  1025.3146  51323.336    31.7763     27.407    7.33656     4.3769     4.3778    25.1856   13.12560 1.6152e-01     27.668 0.0000e+00
        332 101.848330    0.02299     1.3792     82.750  1025.3162  51324.317    31.7770     27.661    7.33645     4.3775     4.3782    25.1860   13.12540 1.5629e-01     27.924 0.0000e+00
        333 101.848333    0.02306     1.3833     83.000  1025.3180  51325.384    31.7777     27.917    7.33632     4.3781     4.3788    25.1865   13.12518 1.5122e-01     28.183 0.0000e+00
        334 101.848336    0.02313     1.3875     83.250  1025.3196  51326.229    31.7783     28.174    7.33619     4.3786     4.3794    25.1870   13.12495 1.4634e-01     28.443 0.0000e+00
        335 101.848339    0.02319     1.3917     83.500  1025.3210  51326.741    31.7787     28.431    7.33606     4.3792     4.3800    25.1872   13.12473 1.4164e-01     28.702 0.0000e+00
        336 101.848342    0.02326     1.3958     83.750  1025.3226  51327.550    31.7792     28.687    7.33593     4.3800     4.3806    25.1876   13.12450 1.3714e-01     28.960 0.0000e+00
        337 101.848345    0.02333     1.4000     84.000  1025.3248  51329.508    31.7806     28.942    7.33575     4.3813     4.3812    25.1886   13.12420 1.3286e-01     29.217 0.0000e+00
        338 101.848348    0.02340     1.4042     84.250  1025.3276  51332.512    31.7827     29.194    7.33550     4.3831     4.3820    25.1902   13.12376 1.2880e-01     29.471 0.0000e+00
        339 101.848351    0.02347     1.4083     84.500  1025.3304  51335.555    31.7849     29.444    7.33516     4.3852     4.3833    25.1919   13.12317 1.2494e-01     29.724 0.0000e+00
        340 101.848354    0.02354     1.4125     84.750  1025.3329  51337.750    31.7867     29.691    7.33476     4.3875     4.3851    25.1931   13.12248 1.2127e-01     29.974 0.0000e+00
