CTD-processing/allCTD/CNV--homogene/2014_07-21_t9_s06_cast162.cnv
* Sea-Bird SBE19plus Data File:
* FileName = C:\Users\kris.holderied\Documents\kasitsna\Research-Projects-and-Data\Oceanography-AK\CTD-Data-ALL-to-2014-06\2014-CTD-KachemakBay-CookInlet\2014-07-EVOSTC-CookInlet-quarterly\2014-07-21-CookInlet-Tran9-HomerSpit\2014-07-21-CookInlet-Tran9-cast162.hex
* Software Version 1.59
* Temperature SN =  4141
* Conductivity SN =  4141
* System UpLoad Time = Jul 21 2014 17:55:22
** Cook Inlet LTM Transect 9 (Homer Spit) North to South
** Date: 07-21
** Station: 9-06
** Start time: 15:55
** Depth (m): 98
** Comment:  CTD time is Alaska Daylight time. 86 sec downcast.
** Comment: Zooplankton 50 m vertical bongo tow.  Phytoplankton surface 40 liters, filtered.
# nquan = 17
# nvalues = 689                         
# units = specified
# name 0 = scan: Scan Count
# name 1 = timeJ: Julian Days
# name 2 = timeH: Time, Elapsed [hours]
# name 3 = timeM: Time, Elapsed [minutes]
# name 4 = timeS: Time, Elapsed [seconds]
# name 5 = density00: Density [density, kg/m^3]
# name 6 = specc: Specific Conductance [uS/cm]
# name 7 = sal00: Salinity, Practical [PSU]
# name 8 = depSM: Depth [salt water, m], lat = 59.00
# name 9 = oxsolML/L: Oxygen Saturation, Garcia & Gordon [ml/l]
# name 10 = potemp090C: Potential Temperature [ITS-90, deg C]
# name 11 = tv290C: Temperature [ITS-90, deg C]
# name 12 = sigma-é00: Density [sigma-theta, kg/m^3]
# name 13 = n2satML/L: Nitrogen Saturation [ml/l]
# name 14 = par: PAR/Irradiance, Biospherical/Licor
# name 15 = prdM: Pressure, Strain Gauge [db]
# name 16 = flag:  0.000e+00
# span 0 =          1,        689       
# span 1 = 202.663866, 202.665856       
# span 2 =    0.00000,    0.04778       
# span 3 =     0.0000,     2.8667       
# span 4 =      0.000,    172.000       
# span 5 =   999.7715,  1025.0831       
# span 6 =    640.261,  50159.211       
# span 7 =     0.3081,    31.6556       
# span 8 =     -0.019,     97.839       
# span 9 =    6.29794,    7.57409       
# span 10 =     8.0784,    12.9126      
# span 11 =     8.0878,    12.9127      
# span 12 =    -0.2285,    24.6350      
# span 13 =   11.47582,   13.95403      
# span 14 = 3.6861e-02, 5.4098e+00      
# span 15 =     -0.019,     98.786      
# span 16 = 0.0000e+00, 0.0000e+00      
# interval = seconds: 0.25
# start_time = Jul 21 2014 15:55:58 [Instrument's time stamp, header]
# bad_flag = -9.990e-29
*END*
          1 202.663866    0.00000     0.0000      0.000   999.8527    846.789     0.4115     -0.010    7.56963    11.7221    11.7220    -0.1473   13.94503 4.6639e+00     -0.010 0.0000e+00
          2 202.663869    0.00007     0.0042      0.250   999.8471    832.623     0.4043     -0.010    7.56997    11.7221    11.7220    -0.1529   13.94570 4.5870e+00     -0.010 0.0000e+00
          3 202.663872    0.00014     0.0083      0.500   999.8407    816.216     0.3961     -0.010    7.57036    11.7221    11.7221    -0.1593   13.94648 4.5335e+00     -0.010 0.0000e+00
          4 202.663874    0.00021     0.0125      0.750   999.8342    799.872     0.3878     -0.009    7.57075    11.7222    11.7221    -0.1658   13.94725 4.5042e+00     -0.010 0.0000e+00
          5 202.663877    0.00028     0.0167      1.000   999.8282    784.590     0.3802     -0.009    7.57111    11.7222    11.7221    -0.1718   13.94797 4.4760e+00     -0.009 0.0000e+00
          6 202.663880    0.00035     0.0208      1.250   999.8228    770.748     0.3732     -0.009    7.57144    11.7222    11.7222    -0.1772   13.94862 4.4529e+00     -0.009 0.0000e+00
          7 202.663883    0.00042     0.0250      1.500   999.8178    758.043     0.3668     -0.009    7.57174    11.7222    11.7222    -0.1822   13.94922 4.4338e+00     -0.010 0.0000e+00
          8 202.663886    0.00049     0.0292      1.750   999.8129    745.740     0.3607     -0.009    7.57203    11.7223    11.7222    -0.1870   13.94980 4.4155e+00     -0.010 0.0000e+00
          9 202.663889    0.00056     0.0333      2.000   999.8081    733.315     0.3544     -0.009    7.57232    11.7223    11.7222    -0.1918   13.95039 4.4197e+00     -0.010 0.0000e+00
         10 202.663892    0.00063     0.0375      2.250   999.8030    720.289     0.3479     -0.009    7.57262    11.7224    11.7223    -0.1969   13.95099 4.4000e+00     -0.010 0.0000e+00
         11 202.663895    0.00069     0.0417      2.500   999.7974    706.019     0.3408     -0.009    7.57295    11.7226    11.7223    -0.2025   13.95165 4.2944e+00     -0.010 0.0000e+00
         12 202.663898    0.00076     0.0458      2.750   999.7914    690.629     0.3331     -0.009    7.57330    11.7230    11.7224    -0.2085   13.95235 4.1632e+00     -0.009 0.0000e+00
         13 202.663900    0.00083     0.0500      3.000   999.7854    675.284     0.3255     -0.008    7.57363    11.7235    11.7226    -0.2145   13.95302 4.0632e+00     -0.009 0.0000e+00
         14 202.663903    0.00090     0.0542      3.250   999.7799    661.382     0.3186     -0.008    7.57390    11.7244    11.7230    -0.2200   13.95358 3.9868e+00     -0.009 0.0000e+00
         15 202.663906    0.00097     0.0583      3.500   999.7755    650.119     0.3130     -0.009    7.57407    11.7259    11.7235    -0.2244   13.95395 3.9365e+00     -0.009 0.0000e+00
         16 202.663909    0.00104     0.0625      3.750   999.7725    642.584     0.3092     -0.009    7.57409    11.7280    11.7244    -0.2274   13.95403 3.9290e+00     -0.009 0.0000e+00
         17 202.663912    0.00111     0.0667      4.000   999.7715    640.261     0.3081     -0.009    7.57389    11.7305    11.7259    -0.2285   13.95371 3.9700e+00     -0.010 0.0000e+00
         18 202.663915    0.00118     0.0708      4.250   999.7732    645.324     0.3107     -0.010    7.57341    11.7331    11.7280    -0.2268   13.95287 4.0578e+00     -0.010 0.0000e+00
         19 202.663918    0.00125     0.0750      4.500   999.7787    660.132     0.3181     -0.011    7.57261    11.7354    11.7305    -0.2212   13.95141 4.2118e+00     -0.011 0.0000e+00
         20 202.663921    0.00132     0.0792      4.750   999.7888    686.577     0.3314     -0.012    7.57153    11.7372    11.7331    -0.2111   13.94939 4.4660e+00     -0.012 0.0000e+00
         21 202.663924    0.00139     0.0833      5.000   999.8042    726.640     0.3515     -0.013    7.57018    11.7386    11.7354    -0.1957   13.94681 4.8927e+00     -0.013 0.0000e+00
         22 202.663927    0.00146     0.0875      5.250   999.8263    783.284     0.3799     -0.014    7.56851    11.7396    11.7372    -0.1736   13.94357 5.2322e+00     -0.014 0.0000e+00
         23 202.663929    0.00153     0.0917      5.500   999.8527    850.920     0.4140     -0.015    7.56665    11.7403    11.7386    -0.1472   13.93995 5.1021e+00     -0.015 0.0000e+00
         24 202.663932    0.00160     0.0958      5.750   999.8771    912.888     0.4453     -0.016    7.56500    11.7408    11.7396    -0.1228   13.93670 4.7470e+00     -0.016 0.0000e+00
         25 202.663935    0.00167     0.1000      6.000   999.8945    957.203     0.4677     -0.016    7.56381    11.7411    11.7403    -0.1054   13.93437 4.5001e+00     -0.016 0.0000e+00
         26 202.663938    0.00174     0.1042      6.250   999.9048    983.383     0.4810     -0.017    7.56309    11.7414    11.7408    -0.0951   13.93297 4.3744e+00     -0.017 0.0000e+00
         27 202.663941    0.00181     0.1083      6.500   999.9117   1000.670     0.4898     -0.017    7.56261    11.7415    11.7411    -0.0882   13.93203 4.3588e+00     -0.017 0.0000e+00
         28 202.663944    0.00187     0.1125      6.750   999.9196   1020.286     0.5000     -0.017    7.56209    11.7416    11.7414    -0.0803   13.93100 4.4516e+00     -0.017 0.0000e+00
         29 202.663947    0.00194     0.1167      7.000   999.9319   1050.527     0.5158     -0.018    7.56132    11.7416    11.7415    -0.0680   13.92946 4.6664e+00     -0.018 0.0000e+00
         30 202.663950    0.00201     0.1208      7.250   999.9521   1100.021     0.5416     -0.018    7.56008    11.7416    11.7416    -0.0478   13.92699 4.9643e+00     -0.018 0.0000e+00
         31 202.663953    0.00208     0.1250      7.500   999.9837   1177.343     0.5821     -0.018    7.55815    11.7416    11.7416    -0.0162   13.92316 5.1699e+00     -0.018 0.0000e+00
         32 202.663955    0.00215     0.1292      7.750  1000.0321   1295.559     0.6442     -0.018    7.55521    11.7416    11.7416     0.0322   13.91730 5.2263e+00     -0.018 0.0000e+00
         33 202.663958    0.00222     0.1333      8.000  1000.1088   1482.507     0.7425     -0.018    7.55055    11.7416    11.7416     0.1088   13.90801 5.2925e+00     -0.018 0.0000e+00
         34 202.663961    0.00229     0.1375      8.250  1000.2295   1776.522     0.8973     -0.019    7.54321    11.7416    11.7416     0.2296   13.89339 5.3964e+00     -0.019 0.0000e+00
         35 202.663964    0.00236     0.1417      8.500  1000.3765   2133.605     1.0858     -0.019    7.53428    11.7417    11.7416     0.3765   13.87559 5.4098e+00     -0.019 0.0000e+00
         36 202.663967    0.00243     0.1458      8.750  1000.5030   2440.268     1.2482     -0.019    7.52658    11.7419    11.7416     0.5031   13.86025 5.2656e+00     -0.019 0.0000e+00
         37 202.663970    0.00250     0.1500      9.000  1000.5949   2662.015     1.3661     -0.019    7.52098    11.7421    11.7417     0.5950   13.84910 5.0801e+00     -0.019 0.0000e+00
         38 202.663973    0.00257     0.1542      9.250  1000.6599   2818.377     1.4495     -0.019    7.51701    11.7423    11.7419     0.6600   13.84119 5.0294e+00     -0.019 0.0000e+00
         39 202.663976    0.00264     0.1583      9.500  1000.7081   2933.976     1.5114     -0.019    7.51405    11.7424    11.7421     0.7082   13.83530 5.1089e+00     -0.019 0.0000e+00
         40 202.663979    0.00271     0.1625      9.750  1000.7506   3035.343     1.5661     -0.019    7.51144    11.7426    11.7423     0.7507   13.83010 5.2016e+00     -0.019 0.0000e+00
         41 202.663981    0.00278     0.1667     10.000  1000.7912   3131.561     1.6182     -0.019    7.50894    11.7427    11.7424     0.7913   13.82514 5.2641e+00     -0.019 0.0000e+00
         42 202.663984    0.00285     0.1708     10.250  1000.8308   3225.052     1.6691     -0.019    7.50651    11.7429    11.7426     0.8309   13.82031 5.3413e+00     -0.019 0.0000e+00
         43 202.663987    0.00292     0.1750     10.500  1000.8602   3294.208     1.7069     -0.019    7.50471    11.7430    11.7427     0.8602   13.81672 5.3911e+00     -0.019 0.0000e+00
         44 202.663990    0.00299     0.1792     10.750  1000.8626   3299.782     1.7100     -0.019    7.50454    11.7431    11.7429     0.8626   13.81640 5.3647e+00     -0.019 0.0000e+00
         45 202.663993    0.00306     0.1833     11.000  1000.8349   3234.658     1.6745     -0.018    7.50620    11.7432    11.7430     0.8350   13.81970 5.3748e+00     -0.018 0.0000e+00
         46 202.663996    0.00313     0.1875     11.250  1000.7889   3126.072     1.6154     -0.018    7.50897    11.7432    11.7431     0.7890   13.82523 5.3847e+00     -0.018 0.0000e+00
         47 202.663999    0.00319     0.1917     11.500  1000.7330   2993.575     1.5436     -0.018    7.51235    11.7433    11.7432     0.7331   13.83198 5.2593e+00     -0.018 0.0000e+00
         48 202.664002    0.00326     0.1958     11.750  1000.6733   2851.543     1.4669     -0.018    7.51597    11.7435    11.7432     0.6733   13.83919 5.0858e+00     -0.018 0.0000e+00
         49 202.664005    0.00333     0.2000     12.000  1000.6177   2718.586     1.3955     -0.018    7.51935    11.7438    11.7433     0.6177   13.84592 4.9671e+00     -0.018 0.0000e+00
         50 202.664008    0.00340     0.2042     12.250  1000.5708   2605.397     1.3354     -0.017    7.52219    11.7443    11.7435     0.5709   13.85160 4.8910e+00     -0.017 0.0000e+00
         51 202.664010    0.00347     0.2083     12.500  1000.5343   2515.488     1.2887     -0.017    7.52440    11.7452    11.7438     0.5344   13.85602 4.8352e+00     -0.017 0.0000e+00
         52 202.664013    0.00354     0.2125     12.750  1000.5106   2453.840     1.2585     -0.017    7.52582    11.7468    11.7443     0.5107   13.85888 4.7830e+00     -0.017 0.0000e+00
         53 202.664016    0.00361     0.2167     13.000  1000.5039   2429.443     1.2503     -0.017    7.52618    11.7495    11.7452     0.5040   13.85967 4.7085e+00     -0.017 0.0000e+00
         54 202.664019    0.00368     0.2208     13.250  1000.5207   2455.849     1.2726     -0.016    7.52507    11.7543    11.7468     0.5208   13.85755 4.5732e+00     -0.016 0.0000e+00
         55 202.664022    0.00375     0.2250     13.500  1000.5725   2556.819     1.3403     -0.015    7.52175    11.7622    11.7495     0.5726   13.85112 4.3303e+00     -0.015 0.0000e+00
         56 202.664025    0.00382     0.2292     13.750  1000.6785   2772.381     1.4784     -0.013    7.51501    11.7753    11.7543     0.6786   13.83799 3.9455e+00     -0.013 0.0000e+00
         57 202.664028    0.00389     0.2333     14.000  1000.8701   3167.500     1.7277     -0.010    7.50285    11.7971    11.7622     0.8702   13.81429 3.5088e+00     -0.009 0.0000e+00
         58 202.664031    0.00396     0.2375     14.250  1001.1991   3849.189     2.1556     -0.005    7.48202    11.8334    11.7753     1.1991   13.77363 3.1617e+00     -0.004 0.0000e+00
         59 202.664034    0.00403     0.2417     14.500  1001.7544   5002.349     2.8778      0.004    7.44688    11.8937    11.7971     1.7544   13.70505 2.8423e+00      0.004 0.0000e+00
         60 202.664036    0.00410     0.2458     14.750  1002.6890   6945.843     4.0930      0.018    7.38779    11.9918    11.8334     2.6889   13.58969 2.6090e+00      0.018 0.0000e+00
         61 202.664039    0.00417     0.2500     15.000  1004.2606  10218.847     6.1362      0.041    7.28848    12.1302    11.8937     4.2604   13.39576 2.6795e+00      0.041 0.0000e+00
         62 202.664042    0.00424     0.2542     15.250  1006.8198  15532.618     9.4638      0.076    7.12704    12.2881    11.9918     6.8194   13.08056 2.9321e+00      0.077 0.0000e+00
         63 202.664045    0.00431     0.2583     15.500  1010.2606  22602.023    13.9412      0.121    6.91064    12.4398    12.1302    10.2601   12.65854 3.1519e+00      0.123 0.0000e+00
         64 202.664048    0.00438     0.2625     15.750  1013.5765  29335.189    18.2630      0.172    6.70059    12.5733    12.2881    13.5757   12.25019 3.3056e+00      0.174 0.0000e+00
         65 202.664051    0.00444     0.2667     16.000  1015.8757  33984.537    21.2700      0.222    6.54957    12.6849    12.4399    15.8747   11.95831 3.4074e+00      0.225 0.0000e+00
         66 202.664054    0.00451     0.2708     16.250  1017.2200  36717.918    23.0382      0.271    6.45470    12.7726    12.5734    17.2187   11.77651 3.4807e+00      0.274 0.0000e+00
         67 202.664057    0.00458     0.2750     16.500  1017.9996  38314.849    24.0715      0.320    6.39468    12.8358    12.6850    17.9981   11.66259 3.5439e+00      0.323 0.0000e+00
         68 202.664060    0.00465     0.2792     16.750  1018.4524  39249.847    24.6768      0.371    6.35648    12.8772    12.7727    18.4507   11.59078 3.5819e+00      0.374 0.0000e+00
         69 202.664063    0.00472     0.2833     17.000  1018.7184  39802.467    25.0349      0.425    6.33234    12.9011    12.8359    18.7164   11.54573 3.5610e+00      0.429 0.0000e+00
         70 202.664065    0.00479     0.2875     17.250  1018.8780  40134.718    25.2505      0.481    6.31739    12.9118    12.8773    18.8758   11.51790 3.4783e+00      0.485 0.0000e+00
         71 202.664068    0.00486     0.2917     17.500  1018.9772  40339.990    25.3839      0.536    6.30837    12.9126    12.9012    18.9747   11.50108 3.3760e+00      0.542 0.0000e+00
         72 202.664071    0.00493     0.2958     17.750  1019.0424  40472.836    25.4704      0.588    6.30319    12.9058    12.9119    19.0397   11.49129 3.3068e+00      0.594 0.0000e+00
         73 202.664074    0.00500     0.3000     18.000  1019.0902  40567.316    25.5322      0.631    6.30043    12.8934    12.9127    19.0873   11.48589 3.2776e+00      0.637 0.0000e+00
         74 202.664077    0.00507     0.3042     18.250  1019.1335  40649.466    25.5864      0.663    6.29907    12.8762    12.9059    19.1305   11.48293 3.2709e+00      0.669 0.0000e+00
         75 202.664080    0.00514     0.3083     18.500  1019.1818  40738.371    25.6459      0.684    6.29831    12.8551    12.8935    19.1787   11.48093 3.2702e+00      0.690 0.0000e+00
         76 202.664083    0.00521     0.3125     18.750  1019.2361  40836.530    25.7120      0.698    6.29794    12.8318    12.8763    19.2329   11.47951 3.2601e+00      0.705 0.0000e+00
         77 202.664086    0.00528     0.3167     19.000  1019.2896  40931.953    25.7763      0.712    6.29819    12.8092    12.8552    19.2864   11.47916 3.2480e+00      0.719 0.0000e+00
         78 202.664089    0.00535     0.3208     19.250  1019.3355  41012.197    25.8301      0.727    6.29914    12.7887    12.8319    19.3322   11.48010 3.2433e+00      0.734 0.0000e+00
         79 202.664091    0.00542     0.3250     19.500  1019.3718  41074.694    25.8718      0.741    6.30049    12.7702    12.8093    19.3684   11.48186 3.2466e+00      0.749 0.0000e+00
         80 202.664094    0.00549     0.3292     19.750  1019.4010  41124.440    25.9048      0.752    6.30192    12.7534    12.7888    19.3976   11.48384 3.2620e+00      0.759 0.0000e+00
         81 202.664097    0.00556     0.3333     20.000  1019.4268  41168.125    25.9337      0.757    6.30323    12.7375    12.7703    19.4234   11.48568 3.2878e+00      0.764 0.0000e+00
         82 202.664100    0.00562     0.3375     20.250  1019.4524  41212.057    25.9630      0.755    6.30431    12.7214    12.7535    19.4490   11.48712 3.3161e+00      0.763 0.0000e+00
         83 202.664103    0.00569     0.3417     20.500  1019.4794  41258.611    25.9942      0.750    6.30519    12.7041    12.7376    19.4760   11.48823 3.3420e+00      0.757 0.0000e+00
         84 202.664106    0.00576     0.3458     20.750  1019.5074  41307.116    26.0268      0.742    6.30604    12.6841    12.7215    19.5040   11.48926 3.3625e+00      0.749 0.0000e+00
         85 202.664109    0.00583     0.3500     21.000  1019.5375  41359.087    26.0616      0.734    6.30698    12.6609    12.7042    19.5341   11.49040 3.3728e+00      0.741 0.0000e+00
