CTD-processing/allCTD/CNV--homogene/2014_12-17_t9_s05_cast168.cnv
* Sea-Bird SBE19plus Data File:
* FileName = C:\Users\kris.holderied\Documents\kasitsna\Research-Projects-and-Data\Oceanography-AK\CTD-Data-ALL-to-2014-10\2014-CTD-KachemakBay-CookInlet\2014-12-17-CookInlet-HomerSpit-monthly\2014-12-17-CookInlet-Tran9-cast168.hex
* Software Version 1.59
* Temperature SN =  4141
* Conductivity SN =  4141
* System UpLoad Time = Jan 16 2015 13:08:42
** Cook Inlet LTM Tran9 (Homer Spit) North to South
** Date: 12-17
** Station: 9-05
** Start time:  12:15
** Depth (m): 95.7
** Comment:  CTD time is local time (AKST).
** Comment: On Kasitsna Bay Lab R/V Banacle.
# nquan = 17
# nvalues = 728                         
# units = specified
# name 0 = scan: Scan Count
# name 1 = timeJ: Julian Days
# name 2 = timeH: Time, Elapsed [hours]
# name 3 = timeM: Time, Elapsed [minutes]
# name 4 = timeS: Time, Elapsed [seconds]
# name 5 = density00: Density [density, kg/m^3]
# name 6 = specc: Specific Conductance [uS/cm]
# name 7 = sal00: Salinity, Practical [PSU]
# name 8 = depSM: Depth [salt water, m], lat = 59.00
# name 9 = oxsolML/L: Oxygen Saturation, Garcia & Gordon [ml/l]
# name 10 = potemp090C: Potential Temperature [ITS-90, deg C]
# name 11 = tv290C: Temperature [ITS-90, deg C]
# name 12 = sigma-é00: Density [sigma-theta, kg/m^3]
# name 13 = n2satML/L: Nitrogen Saturation [ml/l]
# name 14 = par: PAR/Irradiance, Biospherical/Licor
# name 15 = prdM: Pressure, Strain Gauge [db]
# name 16 = flag:  0.000e+00
# span 0 =          1,        728       
# span 1 = 351.510359, 351.512462       
# span 2 =    0.00000,    0.05049       
# span 3 =     0.0000,     3.0292       
# span 4 =      0.000,    181.750       
# span 5 =  1002.9949,  1024.4862       
# span 6 =   7074.727,  49117.862       
# span 7 =     3.7847,    30.9273       
# span 8 =     -0.192,     90.755       
# span 9 =    6.76461,    8.84174       
# span 10 =     4.4582,     8.0771      
# span 11 =     4.4428,     8.0853      
# span 12 =     2.9959,    24.0687      
# span 13 =   12.19122,   16.03622      
# span 14 = 3.6382e-02, 5.4390e+01      
# span 15 =     -0.194,     91.632      
# span 16 = 0.0000e+00, 0.0000e+00      
# interval = seconds: 0.25
# start_time = Dec 17 2014 12:14:55 [Instrument's time stamp, header]
# bad_flag = -9.990e-29
*END*
[from data line 86]
         87 351.510608    0.00597     0.3583     21.500  1022.7026  46573.078    28.7977      0.848    7.26620     5.6071     5.6088    22.6987   13.04809 1.9758e+01      0.856 0.0000e+00
         88 351.510611    0.00604     0.3625     21.750  1022.7022  46572.292    28.7970      0.851    7.26636     5.6060     5.6080    22.6982   13.04837 1.9953e+01      0.859 0.0000e+00
         89 351.510613    0.00611     0.3667     22.000  1022.6964  46561.508    28.7895      0.858    7.26688     5.6051     5.6071    22.6924   13.04934 2.0095e+01      0.866 0.0000e+00
         90 351.510616    0.00618     0.3708     22.250  1022.6874  46544.807    28.7779      0.867    7.26763     5.6045     5.6060    22.6833   13.05073 1.9955e+01      0.875 0.0000e+00
         91 351.510619    0.00625     0.3750     22.500  1022.6783  46527.763    28.7661      0.875    7.26836     5.6040     5.6051    22.6741   13.05209 2.0006e+01      0.884 0.0000e+00
         92 351.510622    0.00632     0.3792     22.750  1022.6706  46513.496    28.7563      0.882    7.26894     5.6036     5.6045    22.6664   13.05318 2.1160e+01      0.890 0.0000e+00
         93 351.510625    0.00639     0.3833     23.000  1022.6646  46502.439    28.7486      0.885    7.26938     5.6032     5.6041    22.6604   13.05400 2.2138e+01      0.893 0.0000e+00
         94 351.510628    0.00646     0.3875     23.250  1022.6605  46494.877    28.7434      0.883    7.26970     5.6028     5.6037    22.6563   13.05459 2.1246e+01      0.892 0.0000e+00
         95 351.510631    0.00653     0.3917     23.500  1022.6587  46491.538    28.7411      0.877    7.26988     5.6022     5.6033    22.6545   13.05493 1.9618e+01      0.885 0.0000e+00
         96 351.510634    0.00660     0.3958     23.750  1022.6596  46493.342    28.7422      0.868    7.26990     5.6014     5.6029    22.6555   13.05496 1.8562e+01      0.876 0.0000e+00
         97 351.510637    0.00667     0.4000     24.000  1022.6640  46501.546    28.7477      0.860    7.26974     5.6005     5.6023    22.6599   13.05462 1.8167e+01      0.868 0.0000e+00
         98 351.510639    0.00674     0.4042     24.250  1022.6711  46514.864    28.7567      0.855    7.26945     5.5994     5.6015    22.6670   13.05400 1.8216e+01      0.863 0.0000e+00
         99 351.510642    0.00681     0.4083     24.500  1022.6774  46526.610    28.7645      0.857    7.26923     5.5979     5.6006    22.6733   13.05354 1.8217e+01      0.865 0.0000e+00
        100 351.510645    0.00688     0.4125     24.750  1022.6787  46529.120    28.7660      0.865    7.26935     5.5956     5.5994    22.6747   13.05372 1.8076e+01      0.873 0.0000e+00
        101 351.510648    0.00694     0.4167     25.000  1022.6741  46520.534    28.7598      0.876    7.26991     5.5925     5.5979    22.6700   13.05474 1.7791e+01      0.884 0.0000e+00
        102 351.510651    0.00701     0.4208     25.250  1022.6666  46506.737    28.7500      0.886    7.27077     5.5883     5.5956    22.6625   13.05629 1.7692e+01      0.895 0.0000e+00
        103 351.510654    0.00708     0.4250     25.500  1022.6605  46495.421    28.7418      0.892    7.27171     5.5832     5.5926    22.6563   13.05794 1.8505e+01      0.901 0.0000e+00
        104 351.510657    0.00715     0.4292     25.750  1022.6575  46490.102    28.7374      0.893    7.27265     5.5781     5.5884    22.6532   13.05955 1.9682e+01      0.901 0.0000e+00
        105 351.510660    0.00722     0.4333     26.000  1022.6582  46491.857    28.7376      0.887    7.27353     5.5740     5.5832    22.6540   13.06101 1.9896e+01      0.896 0.0000e+00
        106 351.510663    0.00729     0.4375     26.250  1022.6627  46500.669    28.7427      0.878    7.27416     5.5709     5.5781    22.6586   13.06199 1.9135e+01      0.886 0.0000e+00
        107 351.510666    0.00736     0.4417     26.500  1022.6702  46515.042    28.7518      0.868    7.27443     5.5691     5.5741    22.6662   13.06232 1.8602e+01      0.876 0.0000e+00
        108 351.510668    0.00743     0.4458     26.750  1022.6794  46532.345    28.7630      0.860    7.27442     5.5691     5.5710    22.6754   13.06216 1.8834e+01      0.868 0.0000e+00
        109 351.510671    0.00750     0.4500     27.000  1022.6877  46547.902    28.7733      0.859    7.27425     5.5712     5.5691    22.6837   13.06174 1.8733e+01      0.867 0.0000e+00
        110 351.510674    0.00757     0.4542     27.250  1022.6919  46555.675    28.7786      0.864    7.27399     5.5742     5.5692    22.6878   13.06123 1.7601e+01      0.872 0.0000e+00
        111 351.510677    0.00764     0.4583     27.500  1022.6902  46552.253    28.7766      0.873    7.27373     5.5771     5.5712    22.6861   13.06082 1.6433e+01      0.882 0.0000e+00
        112 351.510680    0.00771     0.4625     27.750  1022.6832  46539.009    28.7682      0.884    7.27361     5.5793     5.5743    22.6790   13.06073 1.6107e+01      0.893 0.0000e+00
        113 351.510683    0.00778     0.4667     28.000  1022.6734  46520.452    28.7560      0.894    7.27370     5.5812     5.5771    22.6692   13.06105 1.6460e+01      0.902 0.0000e+00
        114 351.510686    0.00785     0.4708     28.250  1022.6633  46501.520    28.7435      0.899    7.27392     5.5830     5.5794    22.6591   13.06157 1.6841e+01      0.908 0.0000e+00
        115 351.510689    0.00792     0.4750     28.500  1022.6547  46485.410    28.7329      0.901    7.27409     5.5843     5.5813    22.6505   13.06200 1.6859e+01      0.910 0.0000e+00
        116 351.510692    0.00799     0.4792     28.750  1022.6482  46473.244    28.7249      0.898    7.27418     5.5848     5.5831    22.6440   13.06225 1.6597e+01      0.907 0.0000e+00
        117 351.510694    0.00806     0.4833     29.000  1022.6438  46465.118    28.7196      0.891    7.27421     5.5845     5.5844    22.6397   13.06237 1.6386e+01      0.900 0.0000e+00
        118 351.510697    0.00813     0.4875     29.250  1022.6417  46461.166    28.7170      0.883    7.27424     5.5839     5.5849    22.6376   13.06246 1.6816e+01      0.892 0.0000e+00
        119 351.510700    0.00819     0.4917     29.500  1022.6417  46461.226    28.7170      0.875    7.27429     5.5833     5.5846    22.6376   13.06254 1.7819e+01      0.884 0.0000e+00
        120 351.510703    0.00826     0.4958     29.750  1022.6433  46464.249    28.7190      0.870    7.27431     5.5831     5.5839    22.6392   13.06255 1.8279e+01      0.878 0.0000e+00
        121 351.510706    0.00833     0.5000     30.000  1022.6457  46468.824    28.7220      0.868    7.27426     5.5832     5.5834    22.6416   13.06244 1.7913e+01      0.876 0.0000e+00
        122 351.510709    0.00840     0.5042     30.250  1022.6482  46473.514    28.7251      0.870    7.27415     5.5834     5.5832    22.6441   13.06220 1.7354e+01      0.878 0.0000e+00
        123 351.510712    0.00847     0.5083     30.500  1022.6502  46477.198    28.7277      0.877    7.27401     5.5835     5.5833    22.6461   13.06194 1.7085e+01      0.885 0.0000e+00
        124 351.510715    0.00854     0.5125     30.750  1022.6513  46479.081    28.7290      0.886    7.27391     5.5829     5.5835    22.6471   13.06176 1.7518e+01      0.894 0.0000e+00
        125 351.510718    0.00861     0.5167     31.000  1022.6507  46477.794    28.7281      0.897    7.27395     5.5812     5.5835    22.6464   13.06183 1.8244e+01      0.905 0.0000e+00
        126 351.510720    0.00868     0.5208     31.250  1022.6475  46471.968    28.7240      0.905    7.27424     5.5777     5.5829    22.6433   13.06236 1.8668e+01      0.914 0.0000e+00
        127 351.510723    0.00875     0.5250     31.500  1022.6429  46463.455    28.7179      0.906    7.27483     5.5713     5.5812    22.6386   13.06341 1.8502e+01      0.915 0.0000e+00
        128 351.510726    0.00882     0.5292     31.750  1022.6398  46458.110    28.7136      0.898    7.27566     5.5618     5.5777    22.6356   13.06484 1.7711e+01      0.907 0.0000e+00
        129 351.510729    0.00889     0.5333     32.000  1022.6418  46462.366    28.7154      0.883    7.27668     5.5505     5.5713    22.6377   13.06650 1.7123e+01      0.891 0.0000e+00
        130 351.510732    0.00896     0.5375     32.250  1022.6512  46480.509    28.7260      0.865    7.27782     5.5405     5.5618    22.6471   13.06825 1.7415e+01      0.873 0.0000e+00
        131 351.510735    0.00903     0.5417     32.500  1022.6681  46512.903    28.7460      0.853    7.27880     5.5347     5.5506    22.6641   13.06961 1.8340e+01      0.861 0.0000e+00
        132 351.510738    0.00910     0.5458     32.750  1022.6895  46553.328    28.7718      0.854    7.27928     5.5340     5.5406    22.6855   13.07008 1.9285e+01      0.862 0.0000e+00
        133 351.510741    0.00917     0.5500     33.000  1022.7088  46589.347    28.7952      0.870    7.27917     5.5371     5.5347    22.7047   13.06958 1.9900e+01      0.879 0.0000e+00
        134 351.510744    0.00924     0.5542     33.250  1022.7189  46608.020    28.8078      0.894    7.27867     5.5406     5.5340    22.7147   13.06860 2.0042e+01      0.903 0.0000e+00
        135 351.510747    0.00931     0.5583     33.500  1022.7164  46602.896    28.8049      0.913    7.27827     5.5412     5.5372    22.7120   13.06798 1.9737e+01      0.923 0.0000e+00
        136 351.510749    0.00937     0.5625     33.750  1022.7044  46580.345    28.7901      0.920    7.27837     5.5363     5.5407    22.7000   13.06834 1.9463e+01      0.929 0.0000e+00
        137 351.510752    0.00944     0.5667     34.000  1022.6922  46557.825    28.7749      0.911    7.27902     5.5260     5.5413    22.6879   13.06960 1.9292e+01      0.919 0.0000e+00
        138 351.510755    0.00951     0.5708     34.250  1022.6888  46551.969    28.7700      0.892    7.28011     5.5144     5.5364    22.6846   13.07147 1.8601e+01      0.900 0.0000e+00
        139 351.510758    0.00958     0.5750     34.500  1022.6974  46568.835    28.7796      0.872    7.28143     5.5067     5.5261    22.6933   13.07353 1.7999e+01      0.880 0.0000e+00
        140 351.510761    0.00965     0.5792     34.750  1022.7139  46600.553    28.7991      0.864    7.28250     5.5054     5.5145    22.7099   13.07505 1.8393e+01      0.872 0.0000e+00
        141 351.510764    0.00972     0.5833     35.000  1022.7298  46630.569    28.8181      0.871    7.28291     5.5095     5.5068    22.7258   13.07547 1.8803e+01      0.879 0.0000e+00
        142 351.510767    0.00979     0.5875     35.250  1022.7382  46646.029    28.8284      0.890    7.28264     5.5161     5.5054    22.7340   13.07490 1.8245e+01      0.899 0.0000e+00
        143 351.510770    0.00986     0.5917     35.500  1022.7369  46643.143    28.8272      0.913    7.28199     5.5220     5.5095    22.7326   13.07384 1.6999e+01      0.922 0.0000e+00
        144 351.510773    0.00993     0.5958     35.750  1022.7270  46624.121    28.8155      0.930    7.28140     5.5243     5.5162    22.7226   13.07302 1.6180e+01      0.938 0.0000e+00
        145 351.510775    0.01000     0.6000     36.000  1022.7127  46597.118    28.7982      0.933    7.28122     5.5210     5.5221    22.7083   13.07294 1.6974e+01      0.941 0.0000e+00
        146 351.510778    0.01007     0.6042     36.250  1022.7007  46574.616    28.7833      0.921    7.28155     5.5123     5.5244    22.6963   13.07368 1.8562e+01      0.930 0.0000e+00
        147 351.510781    0.01014     0.6083     36.500  1022.6961  46566.479    28.7771      0.901    7.28241     5.5011     5.5211    22.6918   13.07519 1.9124e+01      0.909 0.0000e+00
        148 351.510784    0.01021     0.6125     36.750  1022.7007  46575.829    28.7819      0.878    7.28370     5.4920     5.5124    22.6965   13.07726 1.8685e+01      0.886 0.0000e+00
        149 351.510787    0.01028     0.6167     37.000  1022.7123  46598.458    28.7953      0.863    7.28499     5.4875     5.5012    22.7083   13.07922 1.7731e+01      0.871 0.0000e+00
        150 351.510790    0.01035     0.6208     37.250  1022.7263  46625.008    28.8117      0.859    7.28579     5.4884     5.4920    22.7222   13.08033 1.6863e+01      0.867 0.0000e+00
        151 351.510793    0.01042     0.6250     37.500  1022.7374  46645.958    28.8251      0.869    7.28591     5.4938     5.4876    22.7333   13.08035 1.7319e+01      0.878 0.0000e+00
        152 351.510796    0.01049     0.6292     37.750  1022.7428  46655.721    28.8319      0.891    7.28543     5.5019     5.4885    22.7386   13.07947 1.8299e+01      0.900 0.0000e+00
        153 351.510799    0.01056     0.6333     38.000  1022.7416  46652.829    28.8309      0.918    7.28454     5.5098     5.4939    22.7373   13.07800 1.8177e+01      0.927 0.0000e+00
        154 351.510802    0.01063     0.6375     38.250  1022.7340  46638.036    28.8223      0.941    7.28354     5.5151     5.5020    22.7296   13.07647 1.7575e+01      0.950 0.0000e+00
        155 351.510804    0.01069     0.6417     38.500  1022.7219  46614.851    28.8080      0.953    7.28286     5.5159     5.5099    22.7174   13.07552 1.8176e+01      0.962 0.0000e+00
        156 351.510807    0.01076     0.6458     38.750  1022.7092  46590.818    28.7926      0.951    7.28269     5.5112     5.5152    22.7047   13.07545 1.9560e+01      0.960 0.0000e+00
        157 351.510810    0.01083     0.6500     39.000  1022.7006  46574.896    28.7819      0.934    7.28307     5.5018     5.5160    22.6961   13.07622 1.9898e+01      0.943 0.0000e+00
        158 351.510813    0.01090     0.6542     39.250  1022.6993  46573.161    28.7799      0.908    7.28399     5.4909     5.5113    22.6950   13.07776 1.8772e+01      0.917 0.0000e+00
        159 351.510816    0.01097     0.6583     39.500  1022.7058  46586.189    28.7870      0.880    7.28529     5.4824     5.5018    22.7017   13.07982 1.7274e+01      0.889 0.0000e+00
        160 351.510819    0.01104     0.6625     39.750  1022.7178  46609.386    28.8008      0.859    7.28651     5.4785     5.4909    22.7138   13.08166 1.6491e+01      0.867 0.0000e+00
        161 351.510822    0.01111     0.6667     40.000  1022.7316  46635.648    28.8171      0.851    7.28720     5.4803     5.4824    22.7276   13.08259 1.6202e+01      0.860 0.0000e+00
        162 351.510825    0.01118     0.6708     40.250  1022.7431  46657.192    28.8311      0.859    7.28719     5.4875     5.4786    22.7390   13.08239 1.6147e+01      0.868 0.0000e+00
        163 351.510828    0.01125     0.6750     40.500  1022.7489  46667.806    28.8387      0.880    7.28651     5.4978     5.4804    22.7448   13.08115 1.5833e+01      0.889 0.0000e+00
        164 351.510830    0.01132     0.6792     40.750  1022.7475  46664.413    28.8377      0.906    7.28530     5.5075     5.4876    22.7432   13.07918 1.4877e+01      0.915 0.0000e+00
        165 351.510833    0.01139     0.6833     41.000  1022.7386  46646.934    28.8276      0.927    7.28401     5.5141     5.4978    22.7342   13.07717 1.4410e+01      0.936 0.0000e+00
        166 351.510836    0.01146     0.6875     41.250  1022.7247  46620.425    28.8114      0.936    7.28310     5.5158     5.5076    22.7203   13.07587 1.5373e+01      0.945 0.0000e+00
        167 351.510839    0.01153     0.6917     41.500  1022.7112  46594.766    28.7951      0.931    7.28275     5.5118     5.5142    22.7068   13.07550 1.7524e+01      0.939 0.0000e+00
        168 351.510842    0.01160     0.6958     41.750  1022.7032  46579.901    28.7853      0.914    7.28294     5.5039     5.5158    22.6988   13.07595 1.9239e+01      0.922 0.0000e+00
        169 351.510845    0.01167     0.7000     42.000  1022.7039  46581.737    28.7858      0.892    7.28361     5.4962     5.5118    22.6997   13.07705 1.8956e+01      0.900 0.0000e+00
        170 351.510848    0.01174     0.7042     42.250  1022.7127  46598.853    28.7960      0.876    7.28448     5.4924     5.5039    22.7086   13.07836 1.7826e+01      0.884 0.0000e+00
