CTD-processing/allCTD/CNV--homogene/2014_03-28_t9_s08_cast231.cnv
* Sea-Bird SBE19plus Data File:
* FileName = C:\Users\kris.holderied\Documents\kasitsna\Research-Projects-and-Data\Oceanography-AK\CTD-CookInlet-GulfWatchAK\2014-03-28-CookInlet-HomerSpit\2014-03-28-CookInlet-Homerspit-cast231.hex
* Software Version 1.59
* Temperature SN =  5028
* Conductivity SN =  5028
* System UpLoad Time = Apr 09 2014 17:28:00
** Cook Inlet LTM Transect 9 (Homer Spit) south to north
** Date: 28 March 2014
** Station: 9-08
** Start time: 15:09
** Depth (m): 96.6
** Comment:  CTD instrument time is AK Daylight
** Comment:
# nquan = 17
# nvalues = 638                         
# units = specified
# name 0 = scan: Scan Count
# name 1 = timeJ: Julian Days
# name 2 = timeH: Time, Elapsed [hours]
# name 3 = timeM: Time, Elapsed [minutes]
# name 4 = timeS: Time, Elapsed [seconds]
# name 5 = density00: Density [density, kg/m^3]
# name 6 = specc: Specific Conductance [uS/cm]
# name 7 = sal00: Salinity, Practical [PSU]
# name 8 = depSM: Depth [salt water, m], lat = 59.00
# name 9 = oxsolML/L: Oxygen Saturation, Garcia & Gordon [ml/l]
# name 10 = potemp090C: Potential Temperature [ITS-90, deg C]
# name 11 = tv290C: Temperature [ITS-90, deg C]
# name 12 = sigma-é00: Density [sigma-theta, kg/m^3]
# name 13 = n2satML/L: Nitrogen Saturation [ml/l]
# name 14 = par: PAR/Irradiance, Biospherical/Licor
# name 15 = prdM: Pressure, Strain Gauge [db]
# name 16 = flag:  0.000e+00
# span 0 =          1,        638       
# span 1 =  87.631875,  87.633718       
# span 2 =    0.00000,    0.04424       
# span 3 =     0.0000,     2.6542       
# span 4 =      0.000,    159.250       
# span 5 =  1000.1358,  1025.5632       
# span 6 =    430.883,  51313.515       
# span 7 =     0.2000,    31.6613       
# span 8 =     -0.095,     92.759       
# span 9 =    7.39997,    9.18428       
# span 10 =     3.6310,     4.0495      
# span 11 =     3.6311,     4.0555      
# span 12 =     0.1363,    25.1271      
# span 13 =   13.23177,   16.66846      
# span 14 = 3.7912e-02, 8.2553e+02      
# span 15 =     -0.096,     93.656      
# span 16 = 0.0000e+00, 0.0000e+00      
# interval = seconds: 0.25
# start_time = Mar 28 2014 15:09:54 [Instrument's time stamp, header]
# bad_flag = -9.990e-29
*END*
[from data line 511]
        512  87.633354    0.03549     2.1292    127.750  1025.3378  51239.879    31.5721     55.034    7.44757     3.8392     3.8175    25.0778   13.31147 5.6451e-02     55.560 0.0000e+00
        513  87.633356    0.03556     2.1333    128.000  1025.3336  51227.067    31.5667     55.354    7.44524     3.8470     3.8317    25.0722   13.30770 5.5268e-02     55.883 0.0000e+00
        514  87.633359    0.03562     2.1375    128.250  1025.3301  51216.058    31.5618     55.671    7.44349     3.8526     3.8427    25.0672   13.30488 5.4176e-02     56.203 0.0000e+00
        515  87.633362    0.03569     2.1417    128.500  1025.3281  51208.341    31.5583     55.984    7.44224     3.8566     3.8505    25.0637   13.30286 5.3173e-02     56.519 0.0000e+00
        516  87.633365    0.03576     2.1458    128.750  1025.3274  51203.649    31.5563     56.293    7.44132     3.8599     3.8561    25.0616   13.30138 5.2255e-02     56.831 0.0000e+00
        517  87.633368    0.03583     2.1500    129.000  1025.3278  51201.110    31.5554     56.599    7.44062     3.8627     3.8602    25.0605   13.30024 5.1395e-02     57.141 0.0000e+00
        518  87.633371    0.03590     2.1542    129.250  1025.3288  51199.950    31.5552     56.907    7.44004     3.8653     3.8634    25.0601   13.29927 5.0556e-02     57.452 0.0000e+00
        519  87.633374    0.03597     2.1583    129.500  1025.3303  51199.744    31.5556     57.218    7.43951     3.8679     3.8663    25.0601   13.29839 4.9747e-02     57.766 0.0000e+00
        520  87.633377    0.03604     2.1625    129.750  1025.3322  51200.205    31.5564     57.534    7.43898     3.8706     3.8689    25.0605   13.29752 4.8986e-02     58.085 0.0000e+00
        521  87.633380    0.03611     2.1667    130.000  1025.3342  51200.867    31.5573     57.855    7.43846     3.8732     3.8715    25.0610   13.29663 4.8264e-02     58.410 0.0000e+00
        522  87.633383    0.03618     2.1708    130.250  1025.3362  51201.423    31.5582     58.180    7.43793     3.8758     3.8742    25.0614   13.29575 4.7574e-02     58.737 0.0000e+00
        523  87.633385    0.03625     2.1750    130.500  1025.3382  51202.122    31.5592     58.505    7.43739     3.8783     3.8769    25.0620   13.29486 4.6921e-02     59.066 0.0000e+00
        524  87.633388    0.03632     2.1792    130.750  1025.3406  51203.407    31.5605     58.830    7.43686     3.8808     3.8795    25.0628   13.29395 4.6306e-02     59.394 0.0000e+00
        525  87.633391    0.03639     2.1833    131.000  1025.3433  51205.381    31.5623     59.152    7.43631     3.8836     3.8820    25.0640   13.29302 4.5725e-02     59.719 0.0000e+00
        526  87.633394    0.03646     2.1875    131.250  1025.3466  51208.492    31.5649     59.469    7.43571     3.8873     3.8846    25.0658   13.29200 4.5181e-02     60.039 0.0000e+00
        527  87.633397    0.03653     2.1917    131.500  1025.3511  51213.846    31.5690     59.782    7.43498     3.8923     3.8874    25.0689   13.29075 4.4684e-02     60.355 0.0000e+00
        528  87.633400    0.03660     2.1958    131.750  1025.3566  51220.941    31.5746     60.092    7.43404     3.8985     3.8911    25.0729   13.28912 4.4232e-02     60.668 0.0000e+00
        529  87.633403    0.03667     2.2000    132.000  1025.3616  51226.873    31.5797     60.400    7.43287     3.9051     3.8961    25.0765   13.28713 4.3814e-02     60.980 0.0000e+00
        530  87.633406    0.03674     2.2042    132.250  1025.3649  51229.359    31.5827     60.711    7.43158     3.9113     3.9024    25.0783   13.28496 4.3412e-02     61.293 0.0000e+00
        531  87.633409    0.03681     2.2083    132.500  1025.3667  51228.994    31.5839     61.026    7.43032     3.9166     3.9090    25.0787   13.28286 4.3021e-02     61.611 0.0000e+00
        532  87.633411    0.03687     2.2125    132.750  1025.3679  51227.521    31.5842     61.346    7.42918     3.9211     3.9152    25.0783   13.28097 4.2650e-02     61.934 0.0000e+00
        533  87.633414    0.03694     2.2167    133.000  1025.3691  51226.121    31.5844     61.670    7.42820     3.9248     3.9205    25.0780   13.27935 4.2291e-02     62.262 0.0000e+00
        534  87.633417    0.03701     2.2208    133.250  1025.3706  51225.527    31.5849     61.997    7.42736     3.9280     3.9250    25.0779   13.27797 4.1935e-02     62.592 0.0000e+00
        535  87.633420    0.03708     2.2250    133.500  1025.3725  51225.828    31.5859     62.324    7.42663     3.9310     3.9287    25.0783   13.27675 4.1594e-02     62.922 0.0000e+00
        536  87.633423    0.03715     2.2292    133.750  1025.3750  51227.233    31.5874     62.649    7.42597     3.9339     3.9320    25.0793   13.27563 4.1275e-02     63.249 0.0000e+00
        537  87.633426    0.03722     2.2333    134.000  1025.3780  51229.626    31.5896     62.970    7.42532     3.9367     3.9349    25.0808   13.27453 4.0970e-02     63.573 0.0000e+00
        538  87.633429    0.03729     2.2375    134.250  1025.3806  51231.500    31.5914     63.288    7.42469     3.9392     3.9379    25.0819   13.27347 4.0671e-02     63.895 0.0000e+00
        539  87.633432    0.03736     2.2417    134.500  1025.3824  51231.792    31.5922     63.604    7.42414     3.9411     3.9407    25.0823   13.27255 4.0389e-02     64.215 0.0000e+00
        540  87.633435    0.03743     2.2458    134.750  1025.3836  51231.020    31.5921     63.921    7.42369     3.9424     3.9432    25.0820   13.27181 4.0134e-02     64.534 0.0000e+00
        541  87.633437    0.03750     2.2500    135.000  1025.3846  51229.946    31.5917     64.238    7.42336     3.9432     3.9452    25.0814   13.27126 3.9900e-02     64.854 0.0000e+00
        542  87.633440    0.03757     2.2542    135.250  1025.3855  51228.896    31.5911     64.557    7.42314     3.9433     3.9465    25.0809   13.27092 3.9669e-02     65.176 0.0000e+00
        543  87.633443    0.03764     2.2583    135.500  1025.3865  51228.048    31.5906     64.877    7.42304     3.9430     3.9473    25.0803   13.27075 3.9448e-02     65.500 0.0000e+00
        544  87.633446    0.03771     2.2625    135.750  1025.3876  51227.393    31.5900     65.197    7.42303     3.9422     3.9475    25.0799   13.27075 3.9240e-02     65.823 0.0000e+00
        545  87.633449    0.03778     2.2667    136.000  1025.3885  51226.637    31.5893     65.517    7.42312     3.9409     3.9472    25.0793   13.27091 3.9034e-02     66.146 0.0000e+00
        546  87.633452    0.03785     2.2708    136.250  1025.3893  51225.714    31.5883     65.837    7.42331     3.9390     3.9464    25.0786   13.27124 3.8837e-02     66.470 0.0000e+00
        547  87.633455    0.03792     2.2750    136.500  1025.3903  51225.101    31.5874     66.160    7.42360     3.9366     3.9450    25.0780   13.27173 3.8662e-02     66.795 0.0000e+00
        548  87.633458    0.03799     2.2792    136.750  1025.3915  51225.079    31.5867     66.483    7.42398     3.9338     3.9432    25.0777   13.27235 3.8503e-02     67.122 0.0000e+00
        549  87.633461    0.03806     2.2833    137.000  1025.3927  51225.175    31.5861     66.808    7.42443     3.9304     3.9409    25.0774   13.27310 3.8360e-02     67.450 0.0000e+00
        550  87.633464    0.03812     2.2875    137.250  1025.3938  51225.086    31.5852     67.134    7.42498     3.9263     3.9381    25.0769   13.27401 3.8241e-02     67.779 0.0000e+00
        551  87.633466    0.03819     2.2917    137.500  1025.3952  51225.747    31.5846     67.458    7.42563     3.9219     3.9346    25.0768   13.27510 3.8142e-02     68.106 0.0000e+00
        552  87.633469    0.03826     2.2958    137.750  1025.3975  51228.028    31.5850     67.779    7.42634     3.9179     3.9306    25.0775   13.27628 3.8061e-02     68.430 0.0000e+00
        553  87.633472    0.03833     2.3000    138.000  1025.4006  51232.040    31.5865     68.097    7.42705     3.9145     3.9263    25.0792   13.27742 3.8003e-02     68.751 0.0000e+00
        554  87.633475    0.03840     2.3042    138.250  1025.4046  51237.674    31.5892     68.414    7.42765     3.9121     3.9222    25.0817   13.27838 3.7966e-02     69.071 0.0000e+00
        555  87.633478    0.03847     2.3083    138.500  1025.4092  51244.183    31.5927     68.734    7.42809     3.9107     3.9189    25.0848   13.27905 3.7945e-02     69.395 0.0000e+00
        556  87.633481    0.03854     2.3125    138.750  1025.4139  51250.717    31.5964     69.058    7.42834     3.9105     3.9165    25.0879   13.27942 3.7932e-02     69.722 0.0000e+00
        557  87.633484    0.03861     2.3167    139.000  1025.4185  51256.962    31.6002     69.384    7.42839     3.9114     3.9151    25.0910   13.27945 3.7924e-02     70.050 0.0000e+00
        558  87.633487    0.03868     2.3208    139.250  1025.4231  51262.823    31.6040     69.707    7.42823     3.9133     3.9149    25.0940   13.27915 3.7919e-02     70.377 0.0000e+00
        559  87.633490    0.03875     2.3250    139.500  1025.4274  51267.941    31.6075     70.026    7.42788     3.9159     3.9159    25.0968   13.27853 3.7916e-02     70.699 0.0000e+00
        560  87.633492    0.03882     2.3292    139.750  1025.4309  51271.557    31.6103     70.341    7.42739     3.9188     3.9178    25.0988   13.27768 3.7915e-02     71.017 0.0000e+00
        561  87.633495    0.03889     2.3333    140.000  1025.4334  51273.329    31.6120     70.654    7.42683     3.9217     3.9205    25.0999   13.27673 3.7914e-02     71.333 0.0000e+00
        562  87.633498    0.03896     2.3375    140.250  1025.4354  51274.006    31.6130     70.965    7.42625     3.9245     3.9234    25.1004   13.27576 3.7913e-02     71.647 0.0000e+00
        563  87.633501    0.03903     2.3417    140.500  1025.4375  51274.812    31.6140     71.278    7.42568     3.9275     3.9262    25.1010   13.27480 3.7913e-02     71.963 0.0000e+00
        564  87.633504    0.03910     2.3458    140.750  1025.4399  51276.313    31.6156     71.595    7.42509     3.9307     3.9291    25.1020   13.27380 3.7912e-02     72.283 0.0000e+00
        565  87.633507    0.03917     2.3500    141.000  1025.4428  51278.557    31.6177     71.918    7.42444     3.9344     3.9320    25.1034   13.27271 3.7912e-02     72.610 0.0000e+00
        566  87.633510    0.03924     2.3542    141.250  1025.4462  51281.676    31.6204     72.245    7.42371     3.9387     3.9353    25.1052   13.27147 3.7912e-02     72.939 0.0000e+00
        567  87.633513    0.03931     2.3583    141.500  1025.4500  51285.386    31.6237     72.572    7.42287     3.9436     3.9390    25.1075   13.27004 3.7912e-02     73.270 0.0000e+00
        568  87.633516    0.03938     2.3625    141.750  1025.4538  51289.112    31.6271     72.897    7.42192     3.9489     3.9433    25.1098   13.26843 3.7912e-02     73.598 0.0000e+00
        569  87.633519    0.03944     2.3667    142.000  1025.4575  51292.463    31.6304     73.220    7.42088     3.9545     3.9482    25.1119   13.26666 3.7912e-02     73.925 0.0000e+00
        570  87.633521    0.03951     2.3708    142.250  1025.4607  51294.901    31.6332     73.542    7.41977     3.9601     3.9535    25.1136   13.26479 3.7912e-02     74.250 0.0000e+00
        571  87.633524    0.03958     2.3750    142.500  1025.4634  51296.348    31.6354     73.865    7.41864     3.9655     3.9592    25.1148   13.26290 3.7912e-02     74.576 0.0000e+00
        572  87.633527    0.03965     2.3792    142.750  1025.4660  51297.572    31.6374     74.187    7.41752     3.9709     3.9648    25.1159   13.26104 3.7912e-02     74.901 0.0000e+00
        573  87.633530    0.03972     2.3833    143.000  1025.4685  51298.761    31.6394     74.507    7.41643     3.9761     3.9703    25.1170   13.25921 3.7912e-02     75.224 0.0000e+00
        574  87.633533    0.03979     2.3875    143.250  1025.4708  51299.386    31.6409     74.826    7.41537     3.9809     3.9757    25.1177   13.25745 3.7912e-02     75.547 0.0000e+00
        575  87.633536    0.03986     2.3917    143.500  1025.4727  51299.620    31.6422     75.144    7.41437     3.9855     3.9809    25.1182   13.25578 3.7912e-02     75.867 0.0000e+00
        576  87.633539    0.03993     2.3958    143.750  1025.4747  51299.902    31.6434     75.462    7.41342     3.9899     3.9858    25.1187   13.25420 3.7912e-02     76.188 0.0000e+00
        577  87.633542    0.04000     2.4000    144.000  1025.4768  51300.401    31.6446     75.781    7.41252     3.9942     3.9904    25.1193   13.25269 3.7912e-02     76.511 0.0000e+00
        578  87.633545    0.04007     2.4042    144.250  1025.4791  51301.368    31.6462     76.102    7.41164     3.9985     3.9948    25.1201   13.25122 3.7912e-02     76.834 0.0000e+00
        579  87.633547    0.04014     2.4083    144.500  1025.4815  51302.459    31.6478     76.421    7.41078     4.0025     3.9991    25.1210   13.24978 3.7912e-02     77.156 0.0000e+00
        580  87.633550    0.04021     2.4125    144.750  1025.4836  51303.034    31.6491     76.737    7.40995     4.0063     4.0034    25.1216   13.24839 3.7912e-02     77.476 0.0000e+00
        581  87.633553    0.04028     2.4167    145.000  1025.4854  51303.141    31.6500     77.049    7.40917     4.0098     4.0075    25.1219   13.24709 3.7912e-02     77.791 0.0000e+00
        582  87.633556    0.04035     2.4208    145.250  1025.4871  51303.268    31.6508     77.354    7.40844     4.0130     4.0113    25.1222   13.24588 3.7912e-02     78.099 0.0000e+00
        583  87.633559    0.04042     2.4250    145.500  1025.4889  51303.620    31.6517     77.651    7.40776     4.0161     4.0148    25.1226   13.24474 3.7912e-02     78.398 0.0000e+00
        584  87.633562    0.04049     2.4292    145.750  1025.4906  51304.008    31.6527     77.933    7.40713     4.0189     4.0181    25.1230   13.24368 3.7912e-02     78.684 0.0000e+00
        585  87.633565    0.04056     2.4333    146.000  1025.4921  51304.118    31.6534     78.193    7.40653     4.0214     4.0212    25.1233   13.24269 3.7912e-02     78.946 0.0000e+00
        586  87.633568    0.04063     2.4375    146.250  1025.4930  51303.487    31.6535     78.419    7.40601     4.0233     4.0240    25.1231   13.24182 3.7912e-02     79.174 0.0000e+00
        587  87.633571    0.04069     2.4417    146.500  1025.4931  51301.919    31.6530     78.596    7.40559     4.0246     4.0265    25.1224   13.24113 3.7912e-02     79.353 0.0000e+00
        588  87.633573    0.04076     2.4458    146.750  1025.4926  51299.720    31.6519     78.718    7.40529     4.0252     4.0284    25.1214   13.24066 3.7912e-02     79.477 0.0000e+00
        589  87.633576    0.04083     2.4500    147.000  1025.4918  51297.330    31.6505     78.794    7.40513     4.0252     4.0297    25.1201   13.24041 3.7912e-02     79.553 0.0000e+00
        590  87.633579    0.04090     2.4542    147.250  1025.4910  51295.358    31.6493     78.844    7.40509     4.0249     4.0302    25.1191   13.24036 3.7912e-02     79.603 0.0000e+00
        591  87.633582    0.04097     2.4583    147.500  1025.4907  51294.375    31.6486     78.889    7.40513     4.0245     4.0302    25.1186   13.24043 3.7912e-02     79.649 0.0000e+00
        592  87.633585    0.04104     2.4625    147.750  1025.4910  51294.555    31.6486     78.955    7.40519     4.0244     4.0299    25.1186   13.24053 3.7912e-02     79.715 0.0000e+00
        593  87.633588    0.04111     2.4667    148.000  1025.4922  51296.018    31.6494     79.062    7.40520     4.0249     4.0296    25.1193   13.24054 3.7912e-02     79.824 0.0000e+00
        594  87.633591    0.04118     2.4708    148.250  1025.4942  51298.428    31.6510     79.229    7.40513     4.0258     4.0296    25.1206   13.24041 3.7912e-02     79.992 0.0000e+00
        595  87.633594    0.04125     2.4750    148.500  1025.4965  51300.694    31.6525     79.457    7.40497     4.0270     4.0300    25.1218   13.24012 3.7912e-02     80.222 0.0000e+00
