CTD-processing/allCTD/CNV--homogene/2014_01-09_t9_s03_cast137.cnv
* Sea-Bird SBE19plus Data File:
* FileName = C:\Users\kris.holderied\Documents\kasitsna\Research-Projects-and-Data\Oceanography-AK\CTD-CookInlet-GulfWatchAK\2014-01-09-CookInlet-HomerSpit-Monthly\2014_01_09_CookInlet_Tran9_cast137.hex
* Software Version 1.59
* Temperature SN =  4141
* Conductivity SN =  4141
* System UpLoad Time = Apr 14 2014 19:11:19
** Cook Inlet LTM Transect 9 (Homer Spit) Monthly
** Date: 2014-01-09
** Station: 9-03
** Start time: 13:19
** Depth (m): 89.9
** Comment:  CTD time is AKDT (one hour ahead of local).
** Comment:
# nquan = 17
# nvalues = 577                         
# units = specified
# name 0 = scan: Scan Count
# name 1 = timeJ: Julian Days
# name 2 = timeH: Time, Elapsed [hours]
# name 3 = timeM: Time, Elapsed [minutes]
# name 4 = timeS: Time, Elapsed [seconds]
# name 5 = density00: Density [density, kg/m^3]
# name 6 = specc: Specific Conductance [uS/cm]
# name 7 = sal00: Salinity, Practical [PSU]
# name 8 = depSM: Depth [salt water, m], lat = 59.00
# name 9 = oxsolML/L: Oxygen Saturation, Garcia & Gordon [ml/l]
# name 10 = potemp090C: Potential Temperature [ITS-90, deg C]
# name 11 = tv290C: Temperature [ITS-90, deg C]
# name 12 = sigma-é00: Density [sigma-theta, kg/m^3]
# name 13 = n2satML/L: Nitrogen Saturation [ml/l]
# name 14 = par: PAR/Irradiance, Biospherical/Licor
# name 15 = prdM: Pressure, Strain Gauge [db]
# name 16 = flag:  0.000e+00
# span 0 =          1,        577       
# span 1 =   9.597037,   9.598704       
# span 2 =    0.00000,    0.04000       
# span 3 =     0.0000,     2.4000       
# span 4 =      0.000,    144.000       
# span 5 =  1000.6630,  1025.4202       
# span 6 =   1762.608,  51007.367       
# span 7 =     0.8611,    31.5539       
# span 8 =     -0.271,     89.724       
# span 9 =    7.25659,    9.00178       
# span 10 =     4.4772,     4.9042      
# span 11 =     4.4831,     4.9053      
# span 12 =     0.6643,    24.9987      
# span 13 =   12.99690,   16.35131      
# span 14 = 3.6382e-02, 3.9838e+00      
# span 15 =     -0.274,     90.590      
# span 16 = 0.0000e+00, 0.0000e+00      
# interval = seconds: 0.25
# start_time = Jan 09 2014 14:19:44 [Instrument's time stamp, header]
# bad_flag = -9.990e-29
*END*
[from data line 256]
        257   9.597778    0.01778     1.0667     64.000  1024.7554  50454.280    31.2726      1.061    7.30013     4.7261     4.7242    24.7504   13.07198 2.5862e+00      1.071 0.0000e+00
        258   9.597781    0.01785     1.0708     64.250  1024.7537  50451.079    31.2707      1.053    7.30001     4.7267     4.7254    24.7488   13.07181 2.5910e+00      1.063 0.0000e+00
        259   9.597784    0.01792     1.0750     64.500  1024.7531  50449.762    31.2700      1.046    7.29991     4.7275     4.7261    24.7481   13.07165 2.5924e+00      1.056 0.0000e+00
        260   9.597786    0.01799     1.0792     64.750  1024.7532  50449.968    31.2703      1.041    7.29978     4.7285     4.7268    24.7483   13.07143 2.5818e+00      1.051 0.0000e+00
        261   9.597789    0.01806     1.0833     65.000  1024.7539  50451.224    31.2713      1.040    7.29960     4.7299     4.7276    24.7490   13.07112 2.5822e+00      1.050 0.0000e+00
        262   9.597792    0.01812     1.0875     65.250  1024.7550  50452.994    31.2727      1.044    7.29935     4.7319     4.7286    24.7500   13.07069 2.6050e+00      1.054 0.0000e+00
        263   9.597795    0.01819     1.0917     65.500  1024.7560  50454.604    31.2741      1.052    7.29903     4.7343     4.7300    24.7510   13.07015 2.6248e+00      1.062 0.0000e+00
        264   9.597798    0.01826     1.0958     65.750  1024.7565  50455.220    31.2750      1.062    7.29864     4.7369     4.7320    24.7515   13.06949 2.6257e+00      1.072 0.0000e+00
        265   9.597801    0.01833     1.1000     66.000  1024.7561  50454.022    31.2747      1.072    7.29822     4.7391     4.7344    24.7510   13.06881 2.6243e+00      1.083 0.0000e+00
        266   9.597804    0.01840     1.1042     66.250  1024.7545  50450.687    31.2730      1.080    7.29785     4.7408     4.7370    24.7493   13.06822 2.6336e+00      1.091 0.0000e+00
        267   9.597807    0.01847     1.1083     66.500  1024.7522  50446.148    31.2703      1.084    7.29759     4.7420     4.7392    24.7470   13.06781 2.6424e+00      1.095 0.0000e+00
        268   9.597810    0.01854     1.1125     66.750  1024.7502  50442.376    31.2681      1.084    7.29741     4.7430     4.7409    24.7451   13.06754 2.6403e+00      1.095 0.0000e+00
        269   9.597812    0.01861     1.1167     67.000  1024.7495  50440.984    31.2674      1.082    7.29723     4.7440     4.7421    24.7444   13.06727 2.6330e+00      1.093 0.0000e+00
        270   9.597815    0.01868     1.1208     67.250  1024.7505  50442.713    31.2688      1.081    7.29699     4.7451     4.7431    24.7454   13.06685 2.6345e+00      1.091 0.0000e+00
        271   9.597818    0.01875     1.1250     67.500  1024.7535  50447.980    31.2727      1.081    7.29662     4.7466     4.7441    24.7484   13.06619 2.6457e+00      1.092 0.0000e+00
        272   9.597821    0.01882     1.1292     67.750  1024.7586  50457.171    31.2792      1.085    7.29610     4.7485     4.7452    24.7534   13.06524 2.6549e+00      1.095 0.0000e+00
        273   9.597824    0.01889     1.1333     68.000  1024.7662  50471.047    31.2890      1.091    7.29536     4.7511     4.7467    24.7611   13.06389 2.6623e+00      1.101 0.0000e+00
        274   9.597827    0.01896     1.1375     68.250  1024.7776  50491.724    31.3036      1.097    7.29431     4.7542     4.7486    24.7724   13.06196 2.6662e+00      1.107 0.0000e+00
        275   9.597830    0.01903     1.1417     68.500  1024.7913  50516.665    31.3213      1.102    7.29300     4.7576     4.7512    24.7862   13.05957 2.6637e+00      1.113 0.0000e+00
        276   9.597833    0.01910     1.1458     68.750  1024.8024  50536.688    31.3357      1.104    7.29174     4.7607     4.7543    24.7972   13.05731 2.6651e+00      1.115 0.0000e+00
        277   9.597836    0.01917     1.1500     69.000  1024.8087  50547.803    31.3440      1.103    7.29074     4.7632     4.7577    24.8035   13.05555 2.6680e+00      1.114 0.0000e+00
        278   9.597839    0.01924     1.1542     69.250  1024.8117  50553.008    31.3483      1.098    7.28999     4.7650     4.7608    24.8066   13.05426 2.6602e+00      1.109 0.0000e+00
        279   9.597841    0.01931     1.1583     69.500  1024.8131  50555.328    31.3504      1.089    7.28945     4.7663     4.7633    24.8080   13.05334 2.6413e+00      1.100 0.0000e+00
        280   9.597844    0.01938     1.1625     69.750  1024.8138  50556.377    31.3515      1.078    7.28908     4.7671     4.7651    24.8087   13.05272 2.6195e+00      1.089 0.0000e+00
        281   9.597847    0.01944     1.1667     70.000  1024.8140  50556.798    31.3521      1.069    7.28884     4.7676     4.7664    24.8090   13.05230 2.6043e+00      1.079 0.0000e+00
        282   9.597850    0.01951     1.1708     70.250  1024.8141  50556.927    31.3524      1.063    7.28867     4.7680     4.7672    24.8091   13.05203 2.5978e+00      1.073 0.0000e+00
        283   9.597853    0.01958     1.1750     70.500  1024.8142  50557.015    31.3526      1.064    7.28857     4.7682     4.7677    24.8092   13.05185 2.5873e+00      1.074 0.0000e+00
        284   9.597856    0.01965     1.1792     70.750  1024.8143  50557.071    31.3527      1.070    7.28851     4.7683     4.7681    24.8093   13.05175 2.5638e+00      1.080 0.0000e+00
        285   9.597859    0.01972     1.1833     71.000  1024.8144  50557.057    31.3527      1.081    7.28847     4.7684     4.7683    24.8093   13.05169 2.5403e+00      1.091 0.0000e+00
        286   9.597862    0.01979     1.1875     71.250  1024.8145  50557.127    31.3527      1.097    7.28845     4.7685     4.7684    24.8093   13.05165 2.5265e+00      1.107 0.0000e+00
        287   9.597865    0.01986     1.1917     71.500  1024.8148  50557.440    31.3530      1.121    7.28842     4.7687     4.7685    24.8095   13.05161 2.5128e+00      1.132 0.0000e+00
        288   9.597867    0.01993     1.1958     71.750  1024.8153  50558.110    31.3534      1.162    7.28838     4.7691     4.7686    24.8098   13.05153 2.4861e+00      1.173 0.0000e+00
        289   9.597870    0.02000     1.2000     72.000  1024.8163  50559.331    31.3543      1.231    7.28830     4.7700     4.7688    24.8105   13.05139 2.4461e+00      1.242 0.0000e+00
        290   9.597873    0.02007     1.2042     72.250  1024.8179  50561.398    31.3557      1.339    7.28815     4.7715     4.7692    24.8116   13.05112 2.4000e+00      1.352 0.0000e+00
        291   9.597876    0.02014     1.2083     72.500  1024.8205  50564.841    31.3582      1.496    7.28788     4.7738     4.7701    24.8135   13.05064 2.3488e+00      1.510 0.0000e+00
        292   9.597879    0.02021     1.2125     72.750  1024.8239  50569.337    31.3615      1.700    7.28745     4.7771     4.7716    24.8160   13.04989 2.3008e+00      1.715 0.0000e+00
        293   9.597882    0.02028     1.2167     73.000  1024.8278  50574.161    31.3652      1.943    7.28685     4.7813     4.7740    24.8186   13.04886 2.2707e+00      1.961 0.0000e+00
        294   9.597885    0.02035     1.2208     73.250  1024.8320  50579.415    31.3694      2.219    7.28607     4.7861     4.7773    24.8216   13.04751 2.2586e+00      2.239 0.0000e+00
        295   9.597888    0.02042     1.2250     73.500  1024.8360  50583.770    31.3732      2.519    7.28514     4.7907     4.7815    24.8241   13.04594 2.2584e+00      2.542 0.0000e+00
        296   9.597891    0.02049     1.2292     73.750  1024.8387  50585.639    31.3753      2.837    7.28421     4.7947     4.7862    24.8254   13.04436 2.2631e+00      2.864 0.0000e+00
        297   9.597894    0.02056     1.2333     74.000  1024.8408  50586.345    31.3766      3.171    7.28333     4.7981     4.7908    24.8259   13.04290 2.2621e+00      3.200 0.0000e+00
        298   9.597896    0.02063     1.2375     74.250  1024.8436  50588.116    31.3786      3.516    7.28253     4.8010     4.7949    24.8270   13.04155 2.2525e+00      3.549 0.0000e+00
        299   9.597899    0.02069     1.2417     74.500  1024.8472  50591.581    31.3815      3.872    7.28179     4.8034     4.7983    24.8290   13.04029 2.2351e+00      3.908 0.0000e+00
        300   9.597902    0.02076     1.2458     74.750  1024.8518  50596.768    31.3856      4.237    7.28109     4.8056     4.8012    24.8319   13.03908 2.2106e+00      4.277 0.0000e+00
        301   9.597905    0.02083     1.2500     75.000  1024.8579  50604.753    31.3914      4.607    7.28037     4.8077     4.8037    24.8362   13.03781 2.1833e+00      4.651 0.0000e+00
        302   9.597908    0.02090     1.2542     75.250  1024.8662  50616.776    31.3999      4.978    7.27957     4.8098     4.8059    24.8428   13.03638 2.1548e+00      5.026 0.0000e+00
        303   9.597911    0.02097     1.2583     75.500  1024.8763  50632.147    31.4107      5.348    7.27866     4.8118     4.8080    24.8512   13.03475 2.1242e+00      5.399 0.0000e+00
        304   9.597914    0.02104     1.2625     75.750  1024.8867  50648.133    31.4220      5.715    7.27774     4.8133     4.8102    24.8599   13.03307 2.0921e+00      5.769 0.0000e+00
        305   9.597917    0.02111     1.2667     76.000  1024.8963  50662.659    31.4322      6.080    7.27689     4.8143     4.8122    24.8678   13.03154 2.0583e+00      6.139 0.0000e+00
        306   9.597920    0.02118     1.2708     76.250  1024.9055  50676.514    31.4418      6.446    7.27615     4.8151     4.8137    24.8753   13.03019 2.0222e+00      6.508 0.0000e+00
        307   9.597922    0.02125     1.2750     76.500  1024.9155  50691.817    31.4524      6.813    7.27546     4.8166     4.8148    24.8835   13.02891 1.9840e+00      6.878 0.0000e+00
        308   9.597925    0.02132     1.2792     76.750  1024.9265  50708.996    31.4641      7.179    7.27474     4.8196     4.8156    24.8927   13.02757 1.9444e+00      7.248 0.0000e+00
        309   9.597928    0.02139     1.2833     77.000  1024.9372  50725.731    31.4758      7.547    7.27391     4.8246     4.8171    24.9018   13.02605 1.9031e+00      7.618 0.0000e+00
        310   9.597931    0.02146     1.2875     77.250  1024.9466  50739.727    31.4859      7.915    7.27289     4.8316     4.8202    24.9094   13.02423 1.8615e+00      7.990 0.0000e+00
        311   9.597934    0.02153     1.2917     77.500  1024.9550  50751.677    31.4950      8.283    7.27157     4.8409     4.8251    24.9161   13.02194 1.8219e+00      8.361 0.0000e+00
        312   9.597937    0.02160     1.2958     77.750  1024.9633  50763.050    31.5041      8.647    7.26989     4.8522     4.8322    24.9227   13.01905 1.7856e+00      8.729 0.0000e+00
        313   9.597940    0.02167     1.3000     78.000  1024.9705  50772.367    31.5124      9.006    7.26786     4.8645     4.8415    24.9282   13.01559 1.7532e+00      9.091 0.0000e+00
        314   9.597943    0.02174     1.3042     78.250  1024.9751  50776.520    31.5175      9.356    7.26563     4.8759     4.8529    24.9311   13.01184 1.7246e+00      9.445 0.0000e+00
        315   9.597946    0.02181     1.3083     78.500  1024.9760  50774.023    31.5183      9.700    7.26345     4.8850     4.8651    24.9304   13.00823 1.6983e+00      9.791 0.0000e+00
        316   9.597948    0.02187     1.3125     78.750  1024.9740  50766.272    31.5153     10.039    7.26161     4.8911     4.8765    24.9268   13.00522 1.6723e+00     10.134 0.0000e+00
        317   9.597951    0.02194     1.3167     79.000  1024.9707  50756.367    31.5104     10.376    7.26025     4.8940     4.8857    24.9219   13.00306 1.6473e+00     10.474 0.0000e+00
        318   9.597954    0.02201     1.3208     79.250  1024.9666  50745.486    31.5041     10.706    7.25948     4.8933     4.8919    24.9163   13.00187 1.6241e+00     10.808 0.0000e+00
        319   9.597957    0.02208     1.3250     79.500  1024.9622  50734.465    31.4970     11.028    7.25933     4.8896     4.8947    24.9104   13.00170 1.6014e+00     11.133 0.0000e+00
        320   9.597960    0.02215     1.3292     79.750  1024.9590  50726.193    31.4910     11.344    7.25973     4.8838     4.8941    24.9057   13.00244 1.5777e+00     11.451 0.0000e+00
        321   9.597963    0.02222     1.3333     80.000  1024.9579  50722.059    31.4872     11.656    7.26056     4.8770     4.8904    24.9031   13.00385 1.5534e+00     11.766 0.0000e+00
        322   9.597966    0.02229     1.3375     80.250  1024.9585  50721.495    31.4854     11.963    7.26165     4.8700     4.8847    24.9023   13.00568 1.5294e+00     12.077 0.0000e+00
        323   9.597969    0.02236     1.3417     80.500  1024.9607  50723.992    31.4855     12.263    7.26284     4.8637     4.8778    24.9031   13.00764 1.5068e+00     12.380 0.0000e+00
        324   9.597972    0.02243     1.3458     80.750  1024.9643  50729.181    31.4874     12.553    7.26397     4.8589     4.8708    24.9053   13.00948 1.4871e+00     12.673 0.0000e+00
        325   9.597975    0.02250     1.3500     81.000  1024.9694  50737.069    31.4913     12.830    7.26486     4.8563     4.8646    24.9091   13.01091 1.4699e+00     12.952 0.0000e+00
        326   9.597977    0.02257     1.3542     81.250  1024.9758  50747.314    31.4972     13.096    7.26540     4.8565     4.8599    24.9143   13.01173 1.4534e+00     13.221 0.0000e+00
        327   9.597980    0.02264     1.3583     81.500  1024.9833  50759.428    31.5048     13.354    7.26548     4.8597     4.8573    24.9206   13.01176 1.4376e+00     13.481 0.0000e+00
        328   9.597983    0.02271     1.3625     81.750  1024.9910  50771.635    31.5131     13.602    7.26504     4.8651     4.8575    24.9271   13.01093 1.4242e+00     13.731 0.0000e+00
        329   9.597986    0.02278     1.3667     82.000  1024.9967  50779.863    31.5193     13.837    7.26419     4.8715     4.8606    24.9317   13.00944 1.4147e+00     13.968 0.0000e+00
        330   9.597989    0.02285     1.3708     82.250  1024.9998  50783.210    31.5227     14.054    7.26308     4.8783     4.8661    24.9338   13.00756 1.4077e+00     14.188 0.0000e+00
        331   9.597992    0.02292     1.3750     82.500  1025.0019  50784.650    31.5250     14.260    7.26184     4.8851     4.8725    24.9349   13.00549 1.3997e+00     14.395 0.0000e+00
        332   9.597995    0.02299     1.3792     82.750  1025.0036  50785.230    31.5267     14.464    7.26057     4.8915     4.8793    24.9356   13.00336 1.3877e+00     14.601 0.0000e+00
        333   9.597998    0.02306     1.3833     83.000  1025.0042  50783.785    31.5271     14.676    7.25936     4.8969     4.8862    24.9352   13.00136 1.3709e+00     14.815 0.0000e+00
        334   9.598001    0.02313     1.3875     83.250  1025.0036  50780.135    31.5259     14.903    7.25830     4.9009     4.8926    24.9336   12.99963 1.3496e+00     15.044 0.0000e+00
        335   9.598003    0.02319     1.3917     83.500  1025.0025  50775.517    31.5238     15.149    7.25746     4.9034     4.8980    24.9313   12.99827 1.3246e+00     15.293 0.0000e+00
        336   9.598006    0.02326     1.3958     83.750  1025.0014  50770.863    31.5213     15.415    7.25688     4.9042     4.9020    24.9290   12.99734 1.2967e+00     15.561 0.0000e+00
        337   9.598009    0.02333     1.4000     84.000  1025.0002  50766.176    31.5185     15.698    7.25659     4.9033     4.9045    24.9265   12.99690 1.2669e+00     15.847 0.0000e+00
        338   9.598012    0.02340     1.4042     84.250  1024.9987  50761.007    31.5150     15.997    7.25661     4.9006     4.9053    24.9236   12.99697 1.2361e+00     16.149 0.0000e+00
        339   9.598015    0.02347     1.4083     84.500  1024.9973  50756.076    31.5113     16.307    7.25694     4.8962     4.9044    24.9208   12.99758 1.2050e+00     16.461 0.0000e+00
        340   9.598018    0.02354     1.4125     84.750  1024.9962  50751.805    31.5076     16.624    7.25759     4.8897     4.9017    24.9181   12.99868 1.1743e+00     16.781 0.0000e+00
