CTD-processing/allCTD/CNV--homogene/2014_02-14_t9_s10_cast179.cnv
* Sea-Bird SBE19plus Data File:
* FileName = C:\Users\kris.holderied\Documents\kasitsna\Research-Projects-and-Data\Oceanography-AK\CTD-CookInlet-GulfWatchAK\2014-02-EVOSTC-CookInlet-LTM-BATCH-UPLOAD\2014-02-CookInlet-Seasonal-cast179.hex
* Software Version 1.59
* Temperature SN =  5028
* Conductivity SN =  5028
* System UpLoad Time = Apr 09 2014 20:17:30
** Cook Inlet LTM 2014 February Seasonal - Batch upload
** Date: 2013-02-15
** Station: 9-10
** Start time: 11:56
** Depth (m): 62
** CoComment:
** Comment:
# nquan = 17
# nvalues = 494                         
# units = specified
# name 0 = scan: Scan Count
# name 1 = timeJ: Julian Days
# name 2 = timeH: Time, Elapsed [hours]
# name 3 = timeM: Time, Elapsed [minutes]
# name 4 = timeS: Time, Elapsed [seconds]
# name 5 = density00: Density [density, kg/m^3]
# name 6 = specc: Specific Conductance [uS/cm]
# name 7 = sal00: Salinity, Practical [PSU]
# name 8 = depSM: Depth [salt water, m], lat = 59.00
# name 9 = oxsolML/L: Oxygen Saturation, Garcia & Gordon [ml/l]
# name 10 = potemp090C: Potential Temperature [ITS-90, deg C]
# name 11 = tv290C: Temperature [ITS-90, deg C]
# name 12 = sigma-é00: Density [sigma-theta, kg/m^3]
# name 13 = n2satML/L: Nitrogen Saturation [ml/l]
# name 14 = par: PAR/Irradiance, Biospherical/Licor
# name 15 = prdM: Pressure, Strain Gauge [db]
# name 16 = flag:  0.000e+00
# span 0 =          1,        494       
# span 1 =  46.496713,  46.498139       
# span 2 =    0.00000,    0.03424       
# span 3 =     0.0000,     2.0542       
# span 4 =      0.000,    123.250       
# span 5 =  1000.6614,  1025.4169       
# span 6 =   1819.507,  51426.181       
# span 7 =     0.8781,    31.7321       
# span 8 =     -0.476,     62.201       
# span 9 =    7.35129,    9.54227       
# span 10 =     2.2881,     4.3250      
# span 11 =     2.2881,     4.3292      
# span 12 =     0.6637,    25.1793      
# span 13 =   13.15151,   17.25657      
# span 14 = 3.7912e-02, 1.0238e+02      
# span 15 =     -0.480,     62.798      
# span 16 = 0.0000e+00, 0.0000e+00      
# interval = seconds: 0.25
# start_time = Feb 15 2014 11:55:16 [Instrument's time stamp, header]
# bad_flag = -9.990e-29
*END*
[from data line 86]
         87  46.496962    0.00597     0.3583     21.500  1024.8723  50874.839    31.2701      1.052    7.52397     3.4235     3.4853    24.8673   13.44154 4.2739e+01      1.062 0.0000e+00
         88  46.496965    0.00604     0.3625     21.750  1024.8958  50925.241    31.2964      1.008    7.52846     3.4003     3.4538    24.8911   13.44860 4.4874e+01      1.018 0.0000e+00
         89  46.496968    0.00611     0.3667     22.000  1024.9226  50981.766    31.3273      0.926    7.53249     3.3867     3.4236    24.9183   13.45484 4.7614e+01      0.935 0.0000e+00
         90  46.496970    0.00618     0.3708     22.250  1024.9472  51032.946    31.3562      0.819    7.53533     3.3842     3.4003    24.9434   13.45915 5.0512e+01      0.827 0.0000e+00
         91  46.496973    0.00625     0.3750     22.500  1024.9660  51071.478    31.3790      0.706    7.53669     3.3922     3.3867    24.9627   13.46109 5.3699e+01      0.713 0.0000e+00
         92  46.496976    0.00632     0.3792     22.750  1024.9787  51096.190    31.3952      0.608    7.53634     3.4083     3.3842    24.9758   13.46030 5.6321e+01      0.614 0.0000e+00
         93  46.496979    0.00639     0.3833     23.000  1024.9895  51115.019    31.4100      0.549    7.53410     3.4302     3.3922    24.9869   13.45641 5.6849e+01      0.554 0.0000e+00
         94  46.496982    0.00646     0.3875     23.250  1025.0052  51140.711    31.4315      0.551    7.53001     3.4558     3.4083    25.0026   13.44938 5.5037e+01      0.556 0.0000e+00
         95  46.496985    0.00653     0.3917     23.500  1025.0236  51169.554    31.4565      0.632    7.52466     3.4808     3.4302    25.0206   13.44021 5.1511e+01      0.637 0.0000e+00
         96  46.496988    0.00660     0.3958     23.750  1025.0317  51177.940    31.4686      0.786    7.51928     3.4998     3.4558    25.0279   13.43119 4.7515e+01      0.794 0.0000e+00
         97  46.496991    0.00667     0.4000     24.000  1025.0245  51158.067    31.4612      0.983    7.51503     3.5099     3.4808    25.0199   13.42426 4.3933e+01      0.992 0.0000e+00
         98  46.496994    0.00674     0.4042     24.250  1025.0092  51124.273    31.4429      1.183    7.51245     3.5119     3.4998    25.0036   13.42025 4.0551e+01      1.194 0.0000e+00
         99  46.496997    0.00681     0.4083     24.500  1024.9927  51090.187    31.4222      1.366    7.51162     3.5077     3.5100    24.9862   13.41915 3.7407e+01      1.379 0.0000e+00
        100  46.496999    0.00688     0.4125     24.750  1024.9781  51061.498    31.4032      1.527    7.51222     3.4992     3.5120    24.9709   13.42040 3.4873e+01      1.541 0.0000e+00
        101  46.497002    0.00694     0.4167     25.000  1024.9668  51040.197    31.3876      1.662    7.51379     3.4878     3.5078    24.9589   13.42319 3.2978e+01      1.678 0.0000e+00
        102  46.497005    0.00701     0.4208     25.250  1024.9594  51027.408    31.3768      1.771    7.51591     3.4755     3.4993    24.9510   13.42684 3.1649e+01      1.788 0.0000e+00
        103  46.497008    0.00708     0.4250     25.500  1024.9560  51022.863    31.3708      1.851    7.51832     3.4645     3.4879    24.9473   13.43089 3.0850e+01      1.869 0.0000e+00
        104  46.497011    0.00715     0.4292     25.750  1024.9565  51025.936    31.3698      1.902    7.52065     3.4568     3.4756    24.9476   13.43476 3.0563e+01      1.920 0.0000e+00
        105  46.497014    0.00722     0.4333     26.000  1024.9603  51034.856    31.3731      1.925    7.52251     3.4530     3.4646    24.9512   13.43778 3.0805e+01      1.944 0.0000e+00
        106  46.497017    0.00729     0.4375     26.250  1024.9652  51045.602    31.3785      1.925    7.52367     3.4534     3.4569    24.9561   13.43963 3.1462e+01      1.943 0.0000e+00
        107  46.497020    0.00736     0.4417     26.500  1024.9687  51052.852    31.3825      1.908    7.52417     3.4574     3.4531    24.9596   13.44039 3.2204e+01      1.925 0.0000e+00
        108  46.497023    0.00743     0.4458     26.750  1024.9679  51051.602    31.3817      1.880    7.52412     3.4632     3.4536    24.9590   13.44033 3.2724e+01      1.898 0.0000e+00
        109  46.497025    0.00750     0.4500     27.000  1024.9622  51040.316    31.3751      1.852    7.52372     3.4685     3.4575    24.9534   13.43976 3.3047e+01      1.870 0.0000e+00
        110  46.497028    0.00757     0.4542     27.250  1024.9524  51021.209    31.3636      1.829    7.52323     3.4708     3.4633    24.9437   13.43910 3.3313e+01      1.846 0.0000e+00
        111  46.497031    0.00764     0.4583     27.500  1024.9393  50996.105    31.3479      1.813    7.52306     3.4686     3.4686    24.9307   13.43903 3.3493e+01      1.831 0.0000e+00
        112  46.497034    0.00771     0.4625     27.750  1024.9241  50967.450    31.3290      1.806    7.52359     3.4605     3.4710    24.9155   13.44015 3.3536e+01      1.823 0.0000e+00
        113  46.497037    0.00778     0.4667     28.000  1024.9100  50941.883    31.3111      1.802    7.52492     3.4454     3.4688    24.9014   13.44257 3.3508e+01      1.819 0.0000e+00
        114  46.497040    0.00785     0.4708     28.250  1024.9014  50927.760    31.2995      1.794    7.52702     3.4238     3.4607    24.8929   13.44619 3.3548e+01      1.811 0.0000e+00
        115  46.497043    0.00792     0.4750     28.500  1024.9022  50932.501    31.2989      1.776    7.52986     3.3996     3.4455    24.8938   13.45089 3.3775e+01      1.793 0.0000e+00
        116  46.497046    0.00799     0.4792     28.750  1024.9139  50958.953    31.3115      1.744    7.53323     3.3782     3.4239    24.9057   13.45628 3.4246e+01      1.760 0.0000e+00
        117  46.497049    0.00806     0.4833     29.000  1024.9342  51001.985    31.3346      1.698    7.53654     3.3637     3.3997    24.9262   13.46144 3.4979e+01      1.714 0.0000e+00
        118  46.497052    0.00813     0.4875     29.250  1024.9589  51052.524    31.3635      1.640    7.53905     3.3588     3.3783    24.9511   13.46520 3.5936e+01      1.656 0.0000e+00
        119  46.497054    0.00819     0.4917     29.500  1024.9829  51100.510    31.3924      1.578    7.54026     3.3651     3.3638    24.9754   13.46682 3.6956e+01      1.593 0.0000e+00
        120  46.497057    0.00826     0.4958     29.750  1025.0014  51136.363    31.4155      1.521    7.54000     3.3823     3.3588    24.9943   13.46609 3.7738e+01      1.535 0.0000e+00
        121  46.497060    0.00833     0.5000     30.000  1025.0126  51156.078    31.4305      1.478    7.53807     3.4065     3.3651    25.0056   13.46269 3.8064e+01      1.492 0.0000e+00
        122  46.497063    0.00840     0.5042     30.250  1025.0169  51160.595    31.4379      1.460    7.53449     3.4324     3.3823    25.0100   13.45669 3.7919e+01      1.473 0.0000e+00
        123  46.497066    0.00847     0.5083     30.500  1025.0146  51151.141    31.4376      1.470    7.53002     3.4561     3.4065    25.0076   13.44931 3.7317e+01      1.484 0.0000e+00
        124  46.497069    0.00854     0.5125     30.750  1025.0057  51128.977    31.4291      1.509    7.52563     3.4745     3.4325    24.9985   13.44219 3.6343e+01      1.523 0.0000e+00
        125  46.497072    0.00861     0.5167     31.000  1024.9895  51093.519    31.4109      1.572    7.52216     3.4850     3.4562    24.9820   13.43669 3.5217e+01      1.587 0.0000e+00
        126  46.497075    0.00868     0.5208     31.250  1024.9633  51040.740    31.3797      1.648    7.52033     3.4848     3.4746    24.9555   13.43409 3.4138e+01      1.663 0.0000e+00
        127  46.497078    0.00875     0.5250     31.500  1024.9290  50974.535    31.3373      1.725    7.52055     3.4709     3.4851    24.9209   13.43501 3.3208e+01      1.741 0.0000e+00
        128  46.497080    0.00882     0.5292     31.750  1024.8982  50917.008    31.2982      1.793    7.52260     3.4434     3.4849    24.8897   13.43891 3.2511e+01      1.810 0.0000e+00
        129  46.497083    0.00889     0.5333     32.000  1024.8858  50896.534    31.2808      1.844    7.52607     3.4089     3.4710    24.8771   13.44486 3.2157e+01      1.861 0.0000e+00
        130  46.497086    0.00896     0.5375     32.250  1024.8975  50923.509    31.2922      1.873    7.53058     3.3767     3.4435    24.8886   13.45216 3.2233e+01      1.891 0.0000e+00
        131  46.497089    0.00903     0.5417     32.500  1024.9257  50982.853    31.3238      1.881    7.53538     3.3531     3.4090    24.9168   13.45965 3.2716e+01      1.898 0.0000e+00
        132  46.497092    0.00910     0.5458     32.750  1024.9582  51049.851    31.3611      1.870    7.53945     3.3402     3.3768    24.9494   13.46587 3.3482e+01      1.888 0.0000e+00
        133  46.497095    0.00917     0.5500     33.000  1024.9837  51102.156    31.3907      1.848    7.54234     3.3386     3.3532    24.9750   13.47025 3.4364e+01      1.865 0.0000e+00
        134  46.497098    0.00924     0.5542     33.250  1024.9949  51125.796    31.4035      1.821    7.54407     3.3459     3.3403    24.9863   13.47295 3.5147e+01      1.839 0.0000e+00
        135  46.497101    0.00931     0.5583     33.500  1024.9914  51119.804    31.3991      1.797    7.54460     3.3566     3.3387    24.9829   13.47389 3.5644e+01      1.814 0.0000e+00
        136  46.497104    0.00937     0.5625     33.750  1024.9771  51091.927    31.3821      1.778    7.54410     3.3651     3.3460    24.9687   13.47329 3.5814e+01      1.795 0.0000e+00
        137  46.497106    0.00944     0.5667     34.000  1024.9581  51054.565    31.3595      1.764    7.54326     3.3686     3.3567    24.9498   13.47220 3.5768e+01      1.781 0.0000e+00
        138  46.497109    0.00951     0.5708     34.250  1024.9405  51020.262    31.3384      1.755    7.54277     3.3658     3.3652    24.9322   13.47166 3.5709e+01      1.772 0.0000e+00
        139  46.497112    0.00958     0.5750     34.500  1024.9279  50996.176    31.3229      1.748    7.54291     3.3567     3.3687    24.9196   13.47210 3.5769e+01      1.765 0.0000e+00
        140  46.497115    0.00965     0.5792     34.750  1024.9218  50985.627    31.3151      1.742    7.54384     3.3438     3.3659    24.9136   13.47373 3.5922e+01      1.759 0.0000e+00
        141  46.497118    0.00972     0.5833     35.000  1024.9230  50989.682    31.3155      1.735    7.54550     3.3305     3.3568    24.9147   13.47647 3.6092e+01      1.751 0.0000e+00
        142  46.497121    0.00979     0.5875     35.250  1024.9296  51004.841    31.3226      1.723    7.54754     3.3191     3.3439    24.9215   13.47976 3.6247e+01      1.740 0.0000e+00
        143  46.497124    0.00986     0.5917     35.500  1024.9391  51025.412    31.3331      1.707    7.54950     3.3110     3.3306    24.9311   13.48284 3.6363e+01      1.723 0.0000e+00
        144  46.497127    0.00993     0.5958     35.750  1024.9498  51047.821    31.3454      1.687    7.55099     3.3070     3.3192    24.9419   13.48514 3.6372e+01      1.703 0.0000e+00
        145  46.497130    0.01000     0.6000     36.000  1024.9608  51069.975    31.3584      1.665    7.55183     3.3076     3.3111    24.9529   13.48635 3.6280e+01      1.681 0.0000e+00
        146  46.497133    0.01007     0.6042     36.250  1024.9699  51087.907    31.3696      1.644    7.55200     3.3128     3.3071    24.9621   13.48648 3.6227e+01      1.659 0.0000e+00
        147  46.497135    0.01014     0.6083     36.500  1024.9739  51095.292    31.3747      1.624    7.55163     3.3215     3.3077    24.9662   13.48580 3.6273e+01      1.640 0.0000e+00
        148  46.497138    0.01021     0.6125     36.750  1024.9700  51087.128    31.3705      1.608    7.55087     3.3313     3.3129    24.9624   13.48461 3.6343e+01      1.623 0.0000e+00
        149  46.497141    0.01028     0.6167     37.000  1024.9589  51064.900    31.3577      1.595    7.54990     3.3400     3.3216    24.9514   13.48318 3.6405e+01      1.611 0.0000e+00
        150  46.497144    0.01035     0.6208     37.250  1024.9456  51038.122    31.3420      1.586    7.54888     3.3465     3.3314    24.9381   13.48170 3.6472e+01      1.601 0.0000e+00
        151  46.497147    0.01042     0.6250     37.500  1024.9353  51017.243    31.3301      1.580    7.54788     3.3514     3.3401    24.9278   13.48021 3.6532e+01      1.595 0.0000e+00
        152  46.497150    0.01049     0.6292     37.750  1024.9309  51007.808    31.3253      1.580    7.54690     3.3570     3.3466    24.9234   13.47866 3.6560e+01      1.595 0.0000e+00
        153  46.497153    0.01056     0.6333     38.000  1024.9335  51011.475    31.3290      1.587    7.54581     3.3670     3.3515    24.9260   13.47680 3.6559e+01      1.602 0.0000e+00
        154  46.497156    0.01063     0.6375     38.250  1024.9413  51024.651    31.3394      1.604    7.54423     3.3836     3.3571    24.9337   13.47406 3.6517e+01      1.619 0.0000e+00
        155  46.497159    0.01069     0.6417     38.500  1024.9493  51037.048    31.3503      1.633    7.54182     3.4051     3.3671    24.9415   13.46993 3.6343e+01      1.648 0.0000e+00
        156  46.497161    0.01076     0.6458     38.750  1024.9507  51035.987    31.3537      1.676    7.53855     3.4259     3.3837    24.9428   13.46450 3.5961e+01      1.691 0.0000e+00
        157  46.497164    0.01083     0.6500     39.000  1024.9406  51012.373    31.3430      1.730    7.53509     3.4398     3.4052    24.9324   13.45893 3.5392e+01      1.746 0.0000e+00
        158  46.497167    0.01090     0.6542     39.250  1024.9176  50964.916    31.3160      1.792    7.53262     3.4424     3.4260    24.9091   13.45520 3.4690e+01      1.808 0.0000e+00
        159  46.497170    0.01097     0.6583     39.500  1024.8878  50906.365    31.2798      1.856    7.53189     3.4303     3.4399    24.8790   13.45447 3.3892e+01      1.874 0.0000e+00
        160  46.497173    0.01104     0.6625     39.750  1024.8638  50860.881    31.2495      1.918    7.53295     3.4032     3.4425    24.8547   13.45663 3.3107e+01      1.935 0.0000e+00
        161  46.497176    0.01111     0.6667     40.000  1024.8560  50848.653    31.2382      1.968    7.53577     3.3664     3.4305    24.8467   13.46144 3.2521e+01      1.987 0.0000e+00
        162  46.497179    0.01118     0.6708     40.250  1024.8674  50875.106    31.2493      2.002    7.54025     3.3276     3.4034    24.8579   13.46868 3.2312e+01      2.021 0.0000e+00
        163  46.497182    0.01125     0.6750     40.500  1024.8926  50929.483    31.2769      2.015    7.54570     3.2928     3.3665    24.8830   13.47731 3.2579e+01      2.034 0.0000e+00
        164  46.497185    0.01132     0.6792     40.750  1024.9232  50994.452    31.3111      2.003    7.55117     3.2646     3.3278    24.9137   13.48588 3.3273e+01      2.022 0.0000e+00
        165  46.497188    0.01139     0.6833     41.000  1024.9532  51057.796    31.3453      1.964    7.55593     3.2443     3.2929    24.9439   13.49328 3.4273e+01      1.983 0.0000e+00
        166  46.497190    0.01146     0.6875     41.250  1024.9804  51114.617    31.3767      1.899    7.55957     3.2323     3.2647    24.9714   13.49888 3.5499e+01      1.916 0.0000e+00
        167  46.497193    0.01153     0.6917     41.500  1025.0045  51164.455    31.4053      1.810    7.56190     3.2288     3.2444    24.9959   13.50235 3.6919e+01      1.826 0.0000e+00
        168  46.497196    0.01160     0.6958     41.750  1025.0259  51207.522    31.4315      1.703    7.56280     3.2341     3.2324    25.0178   13.50349 3.8554e+01      1.719 0.0000e+00
        169  46.497199    0.01167     0.7000     42.000  1025.0433  51241.408    31.4536      1.587    7.56231     3.2496     3.2289    25.0358   13.50240 4.0381e+01      1.602 0.0000e+00
        170  46.497202    0.01174     0.7042     42.250  1025.0538  51260.727    31.4681      1.473    7.56058     3.2760     3.2342    25.0468   13.49934 4.2129e+01      1.487 0.0000e+00
