CTD-processing/allCTD/CNV--homogene/2014_10-18_t6_s20_cast119.cnv
* Sea-Bird SBE19plus Data File:
* FileName = C:\Users\kris.holderied\Documents\kasitsna\Research-Projects-and-Data\Oceanography-AK\CTD-Data-ALL-to-2014-10\2014-CTD-KachemakBay-CookInlet\2014-10-EVOSTC-CookInlet\2014-10-18-CookInlet-Tran6-Douglas\2014-10-18-CookInlet-Tran6-cast119.hex
* Software Version 1.59
* Temperature SN =  4141
* Conductivity SN =  4141
* System UpLoad Time = Oct 18 2014 10:07:10
** Cook Inlet LTM Tran6 (Douglas)  east to west
** Date: 10-18
** Station: 6-20
** Start time: 06:32
** Depth (m): 173
** Comment:  CTD time is Alaska Daylight time.  R/V Pandalus. Transducer  depth.
** Comment:
# nquan = 17
# nvalues = 1433                        
# units = specified
# name 0 = scan: Scan Count
# name 1 = timeJ: Julian Days
# name 2 = timeH: Time, Elapsed [hours]
# name 3 = timeM: Time, Elapsed [minutes]
# name 4 = timeS: Time, Elapsed [seconds]
# name 5 = density00: Density [density, kg/m^3]
# name 6 = specc: Specific Conductance [uS/cm]
# name 7 = sal00: Salinity, Practical [PSU]
# name 8 = depSM: Depth [salt water, m], lat = 59.00
# name 9 = oxsolML/L: Oxygen Saturation, Garcia & Gordon [ml/l]
# name 10 = potemp090C: Potential Temperature [ITS-90, deg C]
# name 11 = tv290C: Temperature [ITS-90, deg C]
# name 12 = sigma-é00: Density [sigma-theta, kg/m^3]
# name 13 = n2satML/L: Nitrogen Saturation [ml/l]
# name 14 = par: PAR/Irradiance, Biospherical/Licor
# name 15 = prdM: Pressure, Strain Gauge [db]
# name 16 = flag:  0.000e+00
# span 0 =          1,       1433       
# span 1 = 291.272778, 291.276921       
# span 2 =    0.00000,    0.09944       
# span 3 =     0.0000,     5.9667       
# span 4 =      0.000,    358.000       
# span 5 =   999.9999,  1026.4038       
# span 6 =    294.340,  52006.757       
# span 7 =     0.1363,    32.5941       
# span 8 =     -0.305,    170.226       
# span 9 =    6.45245,    8.43641       
# span 10 =     6.3028,    10.0437      
# span 11 =     6.3171,    10.0479      
# span 12 =     0.0013,    25.6141      
# span 13 =   11.66768,   15.41271      
# span 14 = 3.6382e-02, 1.2743e+00      
# span 15 =     -0.307,    171.904      
# span 16 = 0.0000e+00, 0.0000e+00      
# interval = seconds: 0.25
# start_time = Oct 18 2014 06:32:48 [Instrument's time stamp, header]
# bad_flag = -9.990e-29
*END*
[from data line 596]
        597 291.274502    0.04139     2.4833    149.000  1024.0638  48962.371    31.1014     30.484    6.48711     9.8892     9.9115    23.9243   11.72955 3.6382e-02     30.774 0.0000e+00
        598 291.274505    0.04146     2.4875    149.250  1024.0809  48990.453    31.1199     30.725    6.48774     9.8810     9.9017    23.9403   11.73037 3.6382e-02     31.018 0.0000e+00
        599 291.274508    0.04153     2.4917    149.500  1024.0957  49014.515    31.1356     30.953    6.48839     9.8739     9.8926    23.9540   11.73126 3.6382e-02     31.248 0.0000e+00
        600 291.274511    0.04160     2.4958    149.750  1024.1077  49033.815    31.1480     31.156    6.48904     9.8682     9.8843    23.9651   11.73219 3.6382e-02     31.453 0.0000e+00
        601 291.274514    0.04167     2.5000    150.000  1024.1170  49048.696    31.1575     31.325    6.48964     9.8640     9.8773    23.9736   11.73307 3.6382e-02     31.624 0.0000e+00
        602 291.274517    0.04174     2.5042    150.250  1024.1241  49059.866    31.1646     31.459    6.49015     9.8609     9.8717    23.9801   11.73382 3.6383e-02     31.759 0.0000e+00
        603 291.274520    0.04181     2.5083    150.500  1024.1293  49068.035    31.1698     31.559    6.49054     9.8588     9.8675    23.9849   11.73441 3.6383e-02     31.859 0.0000e+00
        604 291.274523    0.04188     2.5125    150.750  1024.1330  49073.915    31.1735     31.631    6.49082     9.8574     9.8644    23.9883   11.73482 3.6384e-02     31.932 0.0000e+00
        605 291.274525    0.04194     2.5167    151.000  1024.1358  49078.293    31.1763     31.687    6.49100     9.8563     9.8624    23.9908   11.73509 3.6385e-02     31.989 0.0000e+00
        606 291.274528    0.04201     2.5208    151.250  1024.1383  49082.155    31.1788     31.743    6.49110     9.8554     9.8609    23.9929   11.73522 3.6386e-02     32.045 0.0000e+00
        607 291.274531    0.04208     2.5250    151.500  1024.1411  49086.562    31.1818     31.814    6.49113     9.8548     9.8598    23.9954   11.73524 3.6389e-02     32.116 0.0000e+00
        608 291.274534    0.04215     2.5292    151.750  1024.1448  49092.545    31.1858     31.915    6.49108     9.8547     9.8590    23.9987   11.73512 3.6394e-02     32.218 0.0000e+00
        609 291.274537    0.04222     2.5333    152.000  1024.1503  49101.278    31.1918     32.058    6.49092     9.8555     9.8584    24.0035   11.73477 3.6402e-02     32.363 0.0000e+00
        610 291.274540    0.04229     2.5375    152.250  1024.1582  49114.168    31.2008     32.251    6.49056     9.8582     9.8583    24.0105   11.73407 3.6415e-02     32.558 0.0000e+00
        611 291.274543    0.04236     2.5417    152.500  1024.1692  49132.319    31.2137     32.495    6.48990     9.8634     9.8591    24.0204   11.73283 3.6436e-02     32.805 0.0000e+00
        612 291.274546    0.04243     2.5458    152.750  1024.1825  49154.700    31.2297     32.786    6.48886     9.8715     9.8618    24.0324   11.73090 3.6472e-02     33.099 0.0000e+00
        613 291.274549    0.04250     2.5500    153.000  1024.1959  49177.179    31.2460     33.113    6.48742     9.8815     9.8671    24.0443   11.72832 3.6533e-02     33.429 0.0000e+00
        614 291.274552    0.04257     2.5542    153.250  1024.2077  49196.726    31.2607     33.461    6.48567     9.8925     9.8751    24.0545   11.72524 3.6617e-02     33.779 0.0000e+00
        615 291.274554    0.04264     2.5583    153.500  1024.2182  49214.361    31.2743     33.809    6.48368     9.9035     9.8852    24.0635   11.72178 3.6653e-02     34.131 0.0000e+00
        616 291.274557    0.04271     2.5625    153.750  1024.2285  49231.675    31.2878     34.140    6.48155     9.9139     9.8962    24.0722   11.71810 3.6591e-02     34.465 0.0000e+00
        617 291.274560    0.04278     2.5667    154.000  1024.2383  49248.406    31.3009     34.444    6.47943     9.9233     9.9073    24.0806   11.71443 3.6508e-02     34.771 0.0000e+00
        618 291.274563    0.04285     2.5708    154.250  1024.2471  49263.587    31.3128     34.713    6.47745     9.9316     9.9178    24.0882   11.71101 3.6457e-02     35.044 0.0000e+00
        619 291.274566    0.04292     2.5750    154.500  1024.2544  49276.202    31.3228     34.946    6.47570     9.9391     9.9271    24.0945   11.70799 3.6427e-02     35.279 0.0000e+00
        620 291.274569    0.04299     2.5792    154.750  1024.2598  49285.356    31.3302     35.144    6.47420     9.9457     9.9355    24.0990   11.70543 3.6409e-02     35.479 0.0000e+00
        621 291.274572    0.04306     2.5833    155.000  1024.2636  49291.850    31.3357     35.313    6.47292     9.9518     9.9430    24.1020   11.70324 3.6399e-02     35.650 0.0000e+00
        622 291.274575    0.04312     2.5875    155.250  1024.2668  49297.266    31.3403     35.461    6.47178     9.9574     9.9497    24.1046   11.70129 3.6392e-02     35.799 0.0000e+00
        623 291.274578    0.04319     2.5917    155.500  1024.2698  49302.336    31.3446     35.596    6.47074     9.9628     9.9557    24.1069   11.69952 3.6388e-02     35.935 0.0000e+00
        624 291.274580    0.04326     2.5958    155.750  1024.2728  49307.546    31.3489     35.725    6.46976     9.9680     9.9614    24.1094   11.69785 3.6386e-02     36.065 0.0000e+00
        625 291.274583    0.04333     2.6000    156.000  1024.2760  49313.023    31.3534     35.853    6.46882     9.9732     9.9668    24.1120   11.69622 3.6384e-02     36.194 0.0000e+00
        626 291.274586    0.04340     2.6042    156.250  1024.2792  49318.496    31.3579     35.981    6.46789     9.9783     9.9720    24.1146   11.69463 3.6384e-02     36.324 0.0000e+00
        627 291.274589    0.04347     2.6083    156.500  1024.2825  49324.023    31.3624     36.109    6.46697     9.9834     9.9772    24.1173   11.69305 3.6383e-02     36.454 0.0000e+00
        628 291.274592    0.04354     2.6125    156.750  1024.2861  49330.201    31.3673     36.237    6.46604     9.9886     9.9823    24.1204   11.69146 3.6383e-02     36.583 0.0000e+00
        629 291.274595    0.04361     2.6167    157.000  1024.2904  49337.654    31.3732     36.366    6.46508     9.9943     9.9874    24.1241   11.68979 3.6382e-02     36.713 0.0000e+00
        630 291.274598    0.04368     2.6208    157.250  1024.2959  49347.190    31.3806     36.498    6.46403    10.0005     9.9927    24.1290   11.68797 3.6382e-02     36.847 0.0000e+00
        631 291.274601    0.04375     2.6250    157.500  1024.3028  49359.390    31.3898     36.637    6.46284    10.0075     9.9983    24.1353   11.68590 3.6382e-02     36.987 0.0000e+00
        632 291.274604    0.04382     2.6292    157.750  1024.3113  49374.384    31.4012     36.787    6.46149    10.0153    10.0046    24.1431   11.68352 3.6382e-02     37.138 0.0000e+00
        633 291.274606    0.04389     2.6333    158.000  1024.3220  49393.425    31.4154     36.954    6.45991    10.0240    10.0116    24.1531   11.68074 3.6382e-02     37.306 0.0000e+00
        634 291.274609    0.04396     2.6375    158.250  1024.3345  49415.594    31.4320     37.143    6.45812    10.0327    10.0194    24.1647   11.67757 3.6382e-02     37.496 0.0000e+00
        635 291.274612    0.04403     2.6417    158.500  1024.3455  49435.025    31.4467     37.357    6.45628    10.0398    10.0282    24.1748   11.67434 3.6382e-02     37.713 0.0000e+00
        636 291.274615    0.04410     2.6458    158.750  1024.3530  49447.699    31.4567     37.598    6.45463    10.0437    10.0369    24.1811   11.67150 3.6382e-02     37.956 0.0000e+00
        637 291.274618    0.04417     2.6500    159.000  1024.3577  49455.130    31.4627     37.862    6.45337    10.0431    10.0440    24.1847   11.66934 3.6382e-02     38.223 0.0000e+00
        638 291.274621    0.04424     2.6542    159.250  1024.3620  49461.184    31.4674     38.144    6.45264    10.0376    10.0479    24.1876   11.66807 3.6382e-02     38.507 0.0000e+00
        639 291.274624    0.04431     2.6583    159.500  1024.3684  49470.429    31.4737     38.433    6.45245    10.0279    10.0474    24.1927   11.66768 3.6382e-02     38.800 0.0000e+00
        640 291.274627    0.04437     2.6625    159.750  1024.3789  49486.602    31.4843     38.719    6.45278    10.0160    10.0419    24.2018   11.66810 3.6382e-02     39.088 0.0000e+00
        641 291.274630    0.04444     2.6667    160.000  1024.3933  49509.499    31.4991     38.988    6.45354    10.0045    10.0322    24.2150   11.66917 3.6382e-02     39.360 0.0000e+00
        642 291.274633    0.04451     2.6708    160.250  1024.4090  49534.832    31.5154     39.230    6.45454     9.9949    10.0203    24.2296   11.67064 3.6382e-02     39.604 0.0000e+00
        643 291.274635    0.04458     2.6750    160.500  1024.4233  49557.863    31.5301     39.438    6.45556     9.9877    10.0088    24.2430   11.67215 3.6382e-02     39.814 0.0000e+00
        644 291.274638    0.04465     2.6792    160.750  1024.4346  49575.880    31.5415     39.608    6.45643     9.9827     9.9993    24.2535   11.67346 3.6382e-02     39.985 0.0000e+00
        645 291.274641    0.04472     2.6833    161.000  1024.4426  49588.604    31.5495     39.741    6.45710     9.9794     9.9922    24.2609   11.67448 3.6382e-02     40.120 0.0000e+00
        646 291.274644    0.04479     2.6875    161.250  1024.4481  49597.225    31.5549     39.843    6.45758     9.9772     9.9872    24.2660   11.67521 3.6382e-02     40.223 0.0000e+00
        647 291.274647    0.04486     2.6917    161.500  1024.4519  49602.969    31.5585     39.924    6.45790     9.9758     9.9838    24.2693   11.67570 3.6382e-02     40.304 0.0000e+00
        648 291.274650    0.04493     2.6958    161.750  1024.4544  49606.814    31.5610     39.993    6.45811     9.9749     9.9817    24.2715   11.67601 3.6382e-02     40.375 0.0000e+00
        649 291.274653    0.04500     2.7000    162.000  1024.4563  49609.575    31.5627     40.064    6.45823     9.9743     9.9803    24.2731   11.67620 3.6382e-02     40.447 0.0000e+00
        650 291.274656    0.04507     2.7042    162.250  1024.4580  49611.845    31.5641     40.150    6.45830     9.9738     9.9794    24.2744   11.67629 3.6382e-02     40.533 0.0000e+00
        651 291.274659    0.04514     2.7083    162.500  1024.4597  49613.992    31.5655     40.259    6.45833     9.9734     9.9787    24.2756   11.67633 3.6382e-02     40.643 0.0000e+00
        652 291.274661    0.04521     2.7125    162.750  1024.4614  49615.968    31.5668     40.399    6.45834     9.9730     9.9783    24.2767   11.67633 3.6382e-02     40.784 0.0000e+00
        653 291.274664    0.04528     2.7167    163.000  1024.4631  49617.678    31.5679     40.571    6.45835     9.9726     9.9779    24.2776   11.67633 3.6382e-02     40.958 0.0000e+00
        654 291.274667    0.04535     2.7208    163.250  1024.4649  49619.257    31.5689     40.775    6.45836     9.9721     9.9775    24.2784   11.67634 3.6382e-02     41.164 0.0000e+00
        655 291.274670    0.04542     2.7250    163.500  1024.4667  49620.696    31.5697     41.004    6.45838     9.9716     9.9771    24.2792   11.67636 3.6382e-02     41.395 0.0000e+00
        656 291.274673    0.04549     2.7292    163.750  1024.4685  49622.020    31.5705     41.251    6.45841     9.9711     9.9767    24.2798   11.67640 3.6382e-02     41.644 0.0000e+00
        657 291.274676    0.04556     2.7333    164.000  1024.4703  49623.264    31.5712     41.509    6.45845     9.9706     9.9762    24.2805   11.67646 3.6382e-02     41.904 0.0000e+00
        658 291.274679    0.04562     2.7375    164.250  1024.4720  49624.316    31.5718     41.768    6.45850     9.9702     9.9757    24.2810   11.67653 3.6382e-02     42.167 0.0000e+00
        659 291.274682    0.04569     2.7417    164.500  1024.4736  49625.177    31.5722     42.022    6.45854     9.9699     9.9753    24.2814   11.67660 3.6382e-02     42.423 0.0000e+00
        660 291.274685    0.04576     2.7458    164.750  1024.4751  49626.000    31.5727     42.263    6.45858     9.9695     9.9749    24.2818   11.67665 3.6382e-02     42.667 0.0000e+00
        661 291.274688    0.04583     2.7500    165.000  1024.4765  49626.887    31.5731     42.486    6.45861     9.9689     9.9746    24.2823   11.67669 3.6382e-02     42.892 0.0000e+00
        662 291.274690    0.04590     2.7542    165.250  1024.4779  49627.861    31.5737     42.686    6.45864     9.9680     9.9742    24.2828   11.67674 3.6382e-02     43.094 0.0000e+00
        663 291.274693    0.04597     2.7583    165.500  1024.4794  49629.072    31.5744     42.863    6.45869     9.9669     9.9736    24.2834   11.67682 3.6382e-02     43.272 0.0000e+00
        664 291.274696    0.04604     2.7625    165.750  1024.4810  49630.745    31.5754     43.018    6.45877     9.9659     9.9727    24.2843   11.67693 3.6382e-02     43.428 0.0000e+00
        665 291.274699    0.04611     2.7667    166.000  1024.4828  49632.849    31.5767     43.153    6.45886     9.9650     9.9717    24.2855   11.67707 3.6382e-02     43.565 0.0000e+00
        666 291.274702    0.04618     2.7708    166.250  1024.4845  49634.971    31.5780     43.273    6.45895     9.9641     9.9707    24.2867   11.67720 3.6382e-02     43.686 0.0000e+00
        667 291.274705    0.04625     2.7750    166.500  1024.4860  49636.777    31.5791     43.384    6.45903     9.9634     9.9698    24.2877   11.67732 3.6382e-02     43.798 0.0000e+00
        668 291.274708    0.04632     2.7792    166.750  1024.4875  49638.472    31.5802     43.495    6.45910     9.9627     9.9690    24.2886   11.67743 3.6382e-02     43.910 0.0000e+00
        669 291.274711    0.04639     2.7833    167.000  1024.4891  49640.259    31.5813     43.612    6.45916     9.9622     9.9682    24.2896   11.67751 3.6382e-02     44.029 0.0000e+00
        670 291.274714    0.04646     2.7875    167.250  1024.4906  49642.021    31.5824     43.744    6.45921     9.9617     9.9676    24.2906   11.67758 3.6382e-02     44.162 0.0000e+00
        671 291.274716    0.04653     2.7917    167.500  1024.4923  49643.799    31.5835     43.897    6.45924     9.9614     9.9670    24.2916   11.67762 3.6382e-02     44.316 0.0000e+00
        672 291.274719    0.04660     2.7958    167.750  1024.4941  49645.644    31.5847     44.072    6.45925     9.9612     9.9666    24.2926   11.67762 3.6382e-02     44.493 0.0000e+00
        673 291.274722    0.04667     2.8000    168.000  1024.4959  49647.438    31.5858     44.268    6.45925     9.9611     9.9663    24.2935   11.67759 3.6382e-02     44.691 0.0000e+00
        674 291.274725    0.04674     2.8042    168.250  1024.4977  49649.102    31.5869     44.480    6.45922     9.9610     9.9662    24.2944   11.67754 3.6382e-02     44.905 0.0000e+00
        675 291.274728    0.04681     2.8083    168.500  1024.4996  49650.728    31.5879     44.700    6.45919     9.9609     9.9661    24.2952   11.67748 3.6382e-02     45.127 0.0000e+00
        676 291.274731    0.04688     2.8125    168.750  1024.5015  49652.468    31.5891     44.922    6.45916     9.9607     9.9660    24.2961   11.67741 3.6382e-02     45.351 0.0000e+00
        677 291.274734    0.04694     2.8167    169.000  1024.5035  49654.402    31.5903     45.140    6.45912     9.9604     9.9659    24.2971   11.67734 3.6382e-02     45.571 0.0000e+00
        678 291.274737    0.04701     2.8208    169.250  1024.5056  49656.528    31.5917     45.349    6.45909     9.9599     9.9657    24.2983   11.67727 3.6382e-02     45.782 0.0000e+00
        679 291.274740    0.04708     2.8250    169.500  1024.5076  49658.561    31.5930     45.549    6.45908     9.9592     9.9654    24.2993   11.67723 3.6382e-02     45.983 0.0000e+00
        680 291.274742    0.04715     2.8292    169.750  1024.5093  49660.198    31.5940     45.740    6.45910     9.9582     9.9649    24.3002   11.67726 3.6382e-02     46.176 0.0000e+00
