CTD-processing/allCTD/CNV--homogene/2014_07-24_t7_s01_cast001.cnv
* Sea-Bird SBE19plus Data File:
* FileName = C:\Users\kris.holderied\Documents\kasitsna\Research-Projects-and-Data\Oceanography-AK\CTD-Data-ALL-to-2014-06\2014-CTD-KachemakBay-CookInlet\2014-07-EVOSTC-CookInlet-quarterly\2014-07-24-CookInlet-Tran7-Augustine\2014-07-24-CookInlet-Tran7-cast001.hex
* Software Version 1.59
* Temperature SN =  4141
* Conductivity SN =  4141
* System UpLoad Time = Jul 24 2014 17:16:58
** Cook Inlet LTM Transect 7 (Augustine) West to East
** Date: 07-24
** Station: 7-01
** Start time: 08:00
** Depth (m): 25
** Comment:  CTD time is Alaska Daylight time.  Transducer  depth (transducer is 9 ft).
** Comment:
# nquan = 17
# nvalues = 436                         
# units = specified
# name 0 = scan: Scan Count
# name 1 = timeJ: Julian Days
# name 2 = timeH: Time, Elapsed [hours]
# name 3 = timeM: Time, Elapsed [minutes]
# name 4 = timeS: Time, Elapsed [seconds]
# name 5 = density00: Density [density, kg/m^3]
# name 6 = specc: Specific Conductance [uS/cm]
# name 7 = sal00: Salinity, Practical [PSU]
# name 8 = depSM: Depth [salt water, m], lat = 59.00
# name 9 = oxsolML/L: Oxygen Saturation, Garcia & Gordon [ml/l]
# name 10 = potemp090C: Potential Temperature [ITS-90, deg C]
# name 11 = tv290C: Temperature [ITS-90, deg C]
# name 12 = sigma-é00: Density [sigma-theta, kg/m^3]
# name 13 = n2satML/L: Nitrogen Saturation [ml/l]
# name 14 = par: PAR/Irradiance, Biospherical/Licor
# name 15 = prdM: Pressure, Strain Gauge [db]
# name 16 = flag:  0.000e+00
# span 0 =          1,        436       
# span 1 = 205.333831, 205.335090       
# span 2 =    0.00000,    0.03021       
# span 3 =     0.0000,     1.8125       
# span 4 =      0.000,    108.750       
# span 5 =   998.9245,  1023.4426       
# span 6 =    200.789,  48242.024       
# span 7 =     0.0964,    30.8445       
# span 8 =     -0.112,     26.157       
# span 9 =    6.16506,    6.82087       
# span 10 =    11.0951,    16.5749      
# span 11 =    11.0980,    16.5756      
# span 12 =    -1.0751,    23.3540      
# span 13 =   11.20303,   12.67803      
# span 14 = 1.6473e-01, 1.6957e+02      
# span 15 =     -0.113,     26.405      
# span 16 = 0.0000e+00, 0.0000e+00      
# interval = seconds: 0.25
# start_time = Jul 24 2014 08:00:43 [Instrument's time stamp, header]
# bad_flag = -9.990e-29
*END*
[from data line 86]
         87 205.334080    0.00597     0.3583     21.500  1023.1661  47889.173    30.5944      1.404    6.21454    12.0533    12.0559    23.1597   11.28362 7.3910e+01      1.417 0.0000e+00
         88 205.334083    0.00604     0.3625     21.750  1023.1684  47893.050    30.5970      1.406    6.21463    12.0524    12.0543    23.1620   11.28376 7.4370e+01      1.419 0.0000e+00
         89 205.334086    0.00611     0.3667     22.000  1023.1711  47897.731    30.6002      1.410    6.21463    12.0511    12.0534    23.1647   11.28371 7.5305e+01      1.424 0.0000e+00
         90 205.334089    0.00618     0.3708     22.250  1023.1738  47902.364    30.6034      1.414    6.21463    12.0497    12.0525    23.1673   11.28367 7.6073e+01      1.428 0.0000e+00
         91 205.334091    0.00625     0.3750     22.500  1023.1751  47904.627    30.6049      1.416    6.21473    12.0485    12.0513    23.1687   11.28382 7.6238e+01      1.429 0.0000e+00
         92 205.334094    0.00632     0.3792     22.750  1023.1740  47902.354    30.6032      1.415    6.21498    12.0476    12.0499    23.1676   11.28426 7.5836e+01      1.429 0.0000e+00
         93 205.334097    0.00639     0.3833     23.000  1023.1707  47896.187    30.5987      1.414    6.21532    12.0469    12.0487    23.1644   11.28487 7.5299e+01      1.428 0.0000e+00
         94 205.334100    0.00646     0.3875     23.250  1023.1675  47890.021    30.5942      1.418    6.21561    12.0465    12.0478    23.1611   11.28541 7.5076e+01      1.432 0.0000e+00
         95 205.334103    0.00653     0.3917     23.500  1023.1671  47889.135    30.5935      1.428    6.21572    12.0464    12.0471    23.1606   11.28560 7.5125e+01      1.442 0.0000e+00
         96 205.334106    0.00660     0.3958     23.750  1023.1722  47898.179    30.5999      1.445    6.21553    12.0469    12.0467    23.1656   11.28521 7.5314e+01      1.458 0.0000e+00
         97 205.334109    0.00667     0.4000     24.000  1023.1842  47919.809    30.6152      1.460    6.21494    12.0483    12.0466    23.1775   11.28405 7.5657e+01      1.474 0.0000e+00
         98 205.334112    0.00674     0.4042     24.250  1023.2028  47953.714    30.6393      1.468    6.21393    12.0500    12.0471    23.1961   11.28209 7.5845e+01      1.482 0.0000e+00
         99 205.334115    0.00681     0.4083     24.500  1023.2227  47990.304    30.6654      1.463    6.21273    12.0511    12.0485    23.2161   11.27979 7.5631e+01      1.477 0.0000e+00
        100 205.334117    0.00688     0.4125     24.750  1023.2324  48008.358    30.6784      1.445    6.21200    12.0516    12.0502    23.2259   11.27844 7.5195e+01      1.459 0.0000e+00
        101 205.334120    0.00694     0.4167     25.000  1023.2257  47996.581    30.6701      1.417    6.21218    12.0526    12.0513    23.2193   11.27883 7.5077e+01      1.431 0.0000e+00
        102 205.334123    0.00701     0.4208     25.250  1023.2092  47966.841    30.6491      1.385    6.21294    12.0554    12.0518    23.2029   11.28033 7.5743e+01      1.398 0.0000e+00
        103 205.334126    0.00708     0.4250     25.500  1023.1924  47936.677    30.6278      1.360    6.21364    12.0604    12.0527    23.1862   11.28175 7.6665e+01      1.373 0.0000e+00
        104 205.334129    0.00715     0.4292     25.750  1023.1812  47917.010    30.6141      1.349    6.21381    12.0669    12.0555    23.1750   11.28219 7.7051e+01      1.362 0.0000e+00
        105 205.334132    0.00722     0.4333     26.000  1023.1784  47912.832    30.6117      1.357    6.21325    12.0747    12.0605    23.1722   11.28129 7.6962e+01      1.369 0.0000e+00
        106 205.334135    0.00729     0.4375     26.250  1023.1849  47925.832    30.6215      1.379    6.21201    12.0843    12.0671    23.1786   11.27911 7.6620e+01      1.392 0.0000e+00
        107 205.334138    0.00736     0.4417     26.500  1023.2018  47957.821    30.6450      1.410    6.21007    12.0974    12.0748    23.1954   11.27563 7.5962e+01      1.423 0.0000e+00
        108 205.334141    0.00743     0.4458     26.750  1023.2293  48009.370    30.6825      1.440    6.20734    12.1157    12.0845    23.2227   11.27065 7.5149e+01      1.454 0.0000e+00
        109 205.334144    0.00750     0.4500     27.000  1023.2597  48067.071    30.7247      1.463    6.20398    12.1420    12.0975    23.2530   11.26460 7.4655e+01      1.477 0.0000e+00
        110 205.334146    0.00757     0.4542     27.250  1023.2785  48104.914    30.7533      1.475    6.20047    12.1765    12.1158    23.2719   11.25844 7.4838e+01      1.489 0.0000e+00
        111 205.334149    0.00764     0.4583     27.500  1023.2765  48106.382    30.7569      1.475    6.19689    12.2126    12.1422    23.2698   11.25245 7.5678e+01      1.489 0.0000e+00
        112 205.334152    0.00771     0.4625     27.750  1023.2524  48069.589    30.7342      1.464    6.19327    12.2398    12.1767    23.2458   11.24671 7.6751e+01      1.478 0.0000e+00
        113 205.334155    0.00778     0.4667     28.000  1023.2128  48004.956    30.6918      1.448    6.19021    12.2517    12.2128    23.2063   11.24213 7.7375e+01      1.462 0.0000e+00
        114 205.334158    0.00785     0.4708     28.250  1023.1711  47934.615    30.6445      1.433    6.18850    12.2485    12.2400    23.1646   11.23984 7.7206e+01      1.446 0.0000e+00
        115 205.334161    0.00792     0.4750     28.500  1023.1411  47882.483    30.6086      1.423    6.18835    12.2361    12.2519    23.1346   11.23999 7.6756e+01      1.436 0.0000e+00
        116 205.334164    0.00799     0.4792     28.750  1023.1325  47866.274    30.5968      1.418    6.18922    12.2230    12.2487    23.1260   11.24158 7.6833e+01      1.431 0.0000e+00
        117 205.334167    0.00806     0.4833     29.000  1023.1491  47893.921    30.6152      1.414    6.19012    12.2162    12.2363    23.1426   11.24286 7.7548e+01      1.428 0.0000e+00
        118 205.334170    0.00813     0.4875     29.250  1023.1824  47951.895    30.6551      1.408    6.19028    12.2205    12.2232    23.1760   11.24266 7.8289e+01      1.421 0.0000e+00
        119 205.334172    0.00819     0.4917     29.500  1023.2132  48006.602    30.6933      1.396    6.18968    12.2374    12.2164    23.2068   11.24123 7.8605e+01      1.409 0.0000e+00
        120 205.334175    0.00826     0.4958     29.750  1023.2255  48029.956    30.7103      1.378    6.18845    12.2605    12.2207    23.2192   11.23899 7.8652e+01      1.391 0.0000e+00
        121 205.334178    0.00833     0.5000     30.000  1023.2139  48012.589    30.6996      1.356    6.18667    12.2778    12.2376    23.2078   11.23615 7.8533e+01      1.369 0.0000e+00
        122 205.334181    0.00840     0.5042     30.250  1023.1830  47961.097    30.6653      1.336    6.18501    12.2808    12.2607    23.1769   11.23379 7.8225e+01      1.349 0.0000e+00
        123 205.334184    0.00847     0.5083     30.500  1023.1436  47893.171    30.6187      1.325    6.18457    12.2678    12.2779    23.1376   11.23361 7.7895e+01      1.338 0.0000e+00
        124 205.334187    0.00854     0.5125     30.750  1023.1086  47830.024    30.5742      1.331    6.18591    12.2424    12.2810    23.1026   11.23634 7.7505e+01      1.344 0.0000e+00
        125 205.334190    0.00861     0.5167     31.000  1023.0875  47788.830    30.5437      1.358    6.18879    12.2115    12.2680    23.0813   11.24147 7.6999e+01      1.370 0.0000e+00
        126 205.334193    0.00868     0.5208     31.250  1023.0857  47780.136    30.5351      1.399    6.19244    12.1824    12.2426    23.0793   11.24763 7.6475e+01      1.412 0.0000e+00
        127 205.334196    0.00875     0.5250     31.500  1023.1043  47807.491    30.5515      1.443    6.19583    12.1612    12.2116    23.0978   11.25308 7.5799e+01      1.456 0.0000e+00
        128 205.334198    0.00882     0.5292     31.750  1023.1404  47866.971    30.5909      1.478    6.19809    12.1510    12.1826    23.1337   11.25636 7.4975e+01      1.492 0.0000e+00
        129 205.334201    0.00889     0.5333     32.000  1023.1872  47947.613    30.6461      1.498    6.19871    12.1538    12.1613    23.1804   11.25675 7.4514e+01      1.512 0.0000e+00
        130 205.334204    0.00896     0.5375     32.250  1023.2326  48028.244    30.7023      1.499    6.19784    12.1720    12.1512    23.2258   11.25466 7.4887e+01      1.513 0.0000e+00
        131 205.334207    0.00903     0.5417     32.500  1023.2636  48085.214    30.7430      1.483    6.19590    12.2061    12.1539    23.2569   11.25097 7.5947e+01      1.497 0.0000e+00
        132 205.334210    0.00910     0.5458     32.750  1023.2727  48105.653    30.7593      1.454    6.19289    12.2491    12.1722    23.2661   11.24578 7.7071e+01      1.468 0.0000e+00
        133 205.334213    0.00917     0.5500     33.000  1023.2588  48087.491    30.7497      1.419    6.18882    12.2891    12.2062    23.2524   11.23915 7.7973e+01      1.432 0.0000e+00
        134 205.334216    0.00924     0.5542     33.250  1023.2271  48038.718    30.7192      1.385    6.18441    12.3162    12.2492    23.2208   11.23217 7.8859e+01      1.397 0.0000e+00
        135 205.334219    0.00931     0.5583     33.500  1023.1870  47974.165    30.6772      1.358    6.18083    12.3259    12.2893    23.1808   11.22671 7.9594e+01      1.371 0.0000e+00
        136 205.334222    0.00937     0.5625     33.750  1023.1482  47909.221    30.6337      1.344    6.17900    12.3187    12.3163    23.1421   11.22418 7.9591e+01      1.357 0.0000e+00
        137 205.334225    0.00944     0.5667     34.000  1023.1187  47857.624    30.5980      1.342    6.17911    12.2978    12.3261    23.1126   11.22478 7.8680e+01      1.355 0.0000e+00
        138 205.334227    0.00951     0.5708     34.250  1023.1032  47827.930    30.5762      1.351    6.18089    12.2691    12.3189    23.0971   11.22800 7.7606e+01      1.364 0.0000e+00
        139 205.334230    0.00958     0.5750     34.500  1023.1019  47821.030    30.5693      1.368    6.18387    12.2383    12.2980    23.0956   11.23302 7.7161e+01      1.381 0.0000e+00
        140 205.334233    0.00965     0.5792     34.750  1023.1119  47833.248    30.5753      1.390    6.18738    12.2100    12.2693    23.1056   11.23878 7.7214e+01      1.403 0.0000e+00
        141 205.334236    0.00972     0.5833     35.000  1023.1303  47860.327    30.5916      1.411    6.19076    12.1873    12.2385    23.1239   11.24419 7.7139e+01      1.425 0.0000e+00
        142 205.334239    0.00979     0.5875     35.250  1023.1543  47898.232    30.6158      1.430    6.19350    12.1716    12.2102    23.1478   11.24847 7.6700e+01      1.444 0.0000e+00
        143 205.334242    0.00986     0.5917     35.500  1023.1816  47943.131    30.6455      1.444    6.19532    12.1629    12.1875    23.1751   11.25114 7.6160e+01      1.457 0.0000e+00
        144 205.334245    0.00993     0.5958     35.750  1023.2100  47991.632    30.6784      1.451    6.19609    12.1596    12.1718    23.2035   11.25203 7.5738e+01      1.464 0.0000e+00
        145 205.334248    0.01000     0.6000     36.000  1023.2376  48039.973    30.7118      1.452    6.19592    12.1594    12.1631    23.2310   11.25136 7.5436e+01      1.465 0.0000e+00
        146 205.334251    0.01007     0.6042     36.250  1023.2625  48084.696    30.7433      1.447    6.19511    12.1604    12.1598    23.2560   11.24967 7.5369e+01      1.461 0.0000e+00
        147 205.334253    0.01014     0.6083     36.500  1023.2847  48124.973    30.7719      1.438    6.19402    12.1619    12.1596    23.2782   11.24752 7.5889e+01      1.452 0.0000e+00
        148 205.334256    0.01021     0.6125     36.750  1023.3039  48160.237    30.7970      1.424    6.19291    12.1652    12.1606    23.2975   11.24539 7.7005e+01      1.437 0.0000e+00
        149 205.334259    0.01028     0.6167     37.000  1023.3187  48187.544    30.8166      1.403    6.19195    12.1729    12.1621    23.3124   11.24358 7.8127e+01      1.416 0.0000e+00
        150 205.334262    0.01035     0.6208     37.250  1023.3271  48203.626    30.8283      1.378    6.19107    12.1859    12.1653    23.3209   11.24198 7.8758e+01      1.391 0.0000e+00
        151 205.334265    0.01042     0.6250     37.500  1023.3262  48203.647    30.8291      1.350    6.19004    12.2012    12.1730    23.3201   11.24025 7.8875e+01      1.363 0.0000e+00
        152 205.334268    0.01049     0.6292     37.750  1023.3126  48181.752    30.8148      1.327    6.18890    12.2140    12.1861    23.3066   11.23851 7.8870e+01      1.339 0.0000e+00
        153 205.334271    0.01056     0.6333     38.000  1023.2856  48135.887    30.7837      1.312    6.18811    12.2200    12.2014    23.2797   11.23757 7.8976e+01      1.324 0.0000e+00
        154 205.334274    0.01063     0.6375     38.250  1023.2479  48069.988    30.7381      1.311    6.18822    12.2157    12.2142    23.2420   11.23828 7.8880e+01      1.323 0.0000e+00
        155 205.334277    0.01069     0.6417     38.500  1023.2067  47996.141    30.6863      1.326    6.18946    12.2009    12.2202    23.2007   11.24093 7.8246e+01      1.338 0.0000e+00
        156 205.334280    0.01076     0.6458     38.750  1023.1716  47931.212    30.6398      1.355    6.19183    12.1794    12.2159    23.1655   11.24541 7.7100e+01      1.367 0.0000e+00
        157 205.334282    0.01083     0.6500     39.000  1023.1498  47888.325    30.6079      1.395    6.19501    12.1565    12.2011    23.1435   11.25106 7.5798e+01      1.407 0.0000e+00
        158 205.334285    0.01090     0.6542     39.250  1023.1441  47873.463    30.5952      1.438    6.19831    12.1366    12.1796    23.1376   11.25669 7.4613e+01      1.452 0.0000e+00
        159 205.334288    0.01097     0.6583     39.500  1023.1545  47887.458    30.6029      1.480    6.20100    12.1230    12.1567    23.1478   11.26106 7.3652e+01      1.494 0.0000e+00
        160 205.334291    0.01104     0.6625     39.750  1023.1799  47929.421    30.6308      1.513    6.20252    12.1186    12.1368    23.1731   11.26326 7.3206e+01      1.528 0.0000e+00
        161 205.334294    0.01111     0.6667     40.000  1023.2183  47996.462    30.6771      1.534    6.20249    12.1256    12.1232    23.2114   11.26267 7.3500e+01      1.549 0.0000e+00
        162 205.334297    0.01118     0.6708     40.250  1023.2620  48074.828    30.7323      1.539    6.20092    12.1475    12.1188    23.2550   11.25942 7.4238e+01      1.554 0.0000e+00
        163 205.334300    0.01125     0.6750     40.500  1023.2983  48142.416    30.7809      1.529    6.19810    12.1870    12.1258    23.2914   11.25419 7.4945e+01      1.543 0.0000e+00
        164 205.334303    0.01132     0.6792     40.750  1023.3166  48180.096    30.8098      1.504    6.19412    12.2395    12.1477    23.3098   11.24724 7.5571e+01      1.519 0.0000e+00
        165 205.334306    0.01139     0.6833     41.000  1023.3089  48174.335    30.8095      1.471    6.18899    12.2932    12.1872    23.3023   11.23873 7.6430e+01      1.485 0.0000e+00
        166 205.334308    0.01146     0.6875     41.250  1023.2769  48127.097    30.7810      1.434    6.18325    12.3358    12.2397    23.2705   11.22953 7.7608e+01      1.447 0.0000e+00
        167 205.334311    0.01153     0.6917     41.500  1023.2320  48056.570    30.7361      1.399    6.17801    12.3613    12.2934    23.2257   11.22136 7.8726e+01      1.412 0.0000e+00
        168 205.334314    0.01160     0.6958     41.750  1023.1868  47983.380    30.6882      1.369    6.17433    12.3698    12.3360    23.1807   11.21581 7.9390e+01      1.382 0.0000e+00
        169 205.334317    0.01167     0.7000     42.000  1023.1506  47922.778    30.6476      1.346    6.17260    12.3642    12.3615    23.1445   11.21341 7.9643e+01      1.359 0.0000e+00
        170 205.334320    0.01174     0.7042     42.250  1023.1269  47881.612    30.6192      1.329    6.17260    12.3480    12.3699    23.1209   11.21374 7.9807e+01      1.341 0.0000e+00
