CTD-processing/allCTD/CNV--homogene/2014_11-25_t9_s07_cast156.cnv
* Sea-Bird SBE19plus Data File:
* FileName = C:\Users\kris.holderied\Documents\kasitsna\Research-Projects-and-Data\Oceanography-AK\CTD-Data-ALL-to-2014-10\2014-CTD-KachemakBay-CookInlet\2014-11-25-CookInlet-HomerSpit-monthly\2014-11-25-CookInlet-Tran9-cast156.hex
* Software Version 1.59
* Temperature SN =  4141
* Conductivity SN =  4141
* System UpLoad Time = Dec 16 2014 19:37:35
** Cook Inlet LTM Tran9 (Homer Spit)
** Date: 11-25
** Station: 9-07
** Start time:  15:04
** Depth (m): 100
** Comment:  CTD time was left on AKDT by mistake and is one hour ahead of local Alaska Standard time.
** Comment: On Kasitsna Bay Lab R/V Banacle.
# nquan = 17
# nvalues = 680                         
# units = specified
# name 0 = scan: Scan Count
# name 1 = timeJ: Julian Days
# name 2 = timeH: Time, Elapsed [hours]
# name 3 = timeM: Time, Elapsed [minutes]
# name 4 = timeS: Time, Elapsed [seconds]
# name 5 = density00: Density [density, kg/m^3]
# name 6 = specc: Specific Conductance [uS/cm]
# name 7 = sal00: Salinity, Practical [PSU]
# name 8 = depSM: Depth [salt water, m], lat = 59.00
# name 9 = oxsolML/L: Oxygen Saturation, Garcia & Gordon [ml/l]
# name 10 = potemp090C: Potential Temperature [ITS-90, deg C]
# name 11 = tv290C: Temperature [ITS-90, deg C]
# name 12 = sigma-é00: Density [sigma-theta, kg/m^3]
# name 13 = n2satML/L: Nitrogen Saturation [ml/l]
# name 14 = par: PAR/Irradiance, Biospherical/Licor
# name 15 = prdM: Pressure, Strain Gauge [db]
# name 16 = flag:  0.000e+00
# span 0 =          1,        680       
# span 1 = 329.671065, 329.673030       
# span 2 =    0.00000,    0.04715       
# span 3 =     0.0000,     2.8292       
# span 4 =      0.000,    169.750       
# span 5 =  1002.4980,  1024.2690       
# span 6 =   6087.063,  48760.388       
# span 7 =     3.2324,    30.7857       
# span 8 =      0.047,     91.076       
# span 9 =    6.66088,    8.46120       
# span 10 =     6.2842,     8.8008      
# span 11 =     6.2759,     8.8100      
# span 12 =     2.4978,    23.8505      
# span 13 =   12.02117,   15.40614      
# span 14 = 3.6382e-02, 6.1191e+01      
# span 15 =      0.047,     91.956      
# span 16 = 0.0000e+00, 0.0000e+00      
# interval = seconds: 0.25
# start_time = Nov 25 2014 16:06:20 [Instrument's time stamp, header]
# bad_flag = -9.990e-29
*END*
[from data line 341]
        342 329.672052    0.02368     1.4208     85.250  1023.5773  48071.493    30.1727     10.328    6.86082     7.6951     7.6788    23.5294   12.35972 3.1048e-01     10.426 0.0000e+00
        343 329.672054    0.02375     1.4250     85.500  1023.5728  48062.143    30.1677     10.492    6.85943     7.6997     7.6891    23.5241   12.35748 2.6696e-01     10.591 0.0000e+00
        344 329.672057    0.02382     1.4292     85.750  1023.5702  48056.128    30.1645     10.672    6.85848     7.7028     7.6961    23.5207   12.35595 2.1574e-01     10.772 0.0000e+00
        345 329.672060    0.02389     1.4333     86.000  1023.5691  48052.776    30.1628     10.864    6.85783     7.7050     7.7007    23.5187   12.35489 1.6417e-01     10.967 0.0000e+00
        346 329.672063    0.02396     1.4375     86.250  1023.5692  48051.445    30.1623     11.063    6.85736     7.7068     7.7038    23.5179   12.35412 1.2003e-01     11.167 0.0000e+00
        347 329.672066    0.02403     1.4417     86.500  1023.5702  48051.862    30.1629     11.259    6.85698     7.7086     7.7061    23.5180   12.35349 8.7805e-02     11.365 0.0000e+00
        348 329.672069    0.02410     1.4458     86.750  1023.5724  48054.298    30.1648     11.447    6.85660     7.7109     7.7079    23.5192   12.35284 6.7235e-02     11.556 0.0000e+00
        349 329.672072    0.02417     1.4500     87.000  1023.5758  48059.323    30.1685     11.624    6.85616     7.7142     7.7097    23.5219   12.35206 5.4894e-02     11.734 0.0000e+00
        350 329.672075    0.02424     1.4542     87.250  1023.5809  48067.420    30.1744     11.793    6.85555     7.7192     7.7120    23.5262   12.35097 4.7489e-02     11.905 0.0000e+00
        351 329.672078    0.02431     1.4583     87.500  1023.5871  48077.535    30.1818     11.961    6.85468     7.7257     7.7153    23.5316   12.34944 4.3046e-02     12.075 0.0000e+00
        352 329.672080    0.02438     1.4625     87.750  1023.5929  48086.877    30.1890     12.138    6.85358     7.7333     7.7203    23.5366   12.34753 4.0380e-02     12.252 0.0000e+00
        353 329.672083    0.02444     1.4667     88.000  1023.5976  48094.099    30.1949     12.325    6.85229     7.7417     7.7268    23.5404   12.34533 3.8781e-02     12.441 0.0000e+00
        354 329.672086    0.02451     1.4708     88.250  1023.6019  48100.658    30.2006     12.522    6.85085     7.7511     7.7344    23.5438   12.34287 3.7821e-02     12.641 0.0000e+00
        355 329.672089    0.02458     1.4750     88.500  1023.6068  48108.398    30.2072     12.728    6.84924     7.7619     7.7428    23.5478   12.34013 3.7245e-02     12.849 0.0000e+00
        356 329.672092    0.02465     1.4792     88.750  1023.6130  48118.389    30.2155     12.943    6.84739     7.7751     7.7523    23.5530   12.33697 3.6900e-02     13.066 0.0000e+00
        357 329.672095    0.02472     1.4833     89.000  1023.6215  48132.457    30.2268     13.170    6.84518     7.7915     7.7632    23.5604   12.33317 3.6693e-02     13.294 0.0000e+00
        358 329.672098    0.02479     1.4875     89.250  1023.6326  48151.409    30.2419     13.409    6.84245     7.8108     7.7764    23.5705   12.32846 3.6569e-02     13.536 0.0000e+00
        359 329.672101    0.02486     1.4917     89.500  1023.6435  48169.946    30.2572     13.659    6.83922     7.8314     7.7927    23.5802   12.32291 3.6494e-02     13.788 0.0000e+00
        360 329.672104    0.02493     1.4958     89.750  1023.6502  48180.738    30.2675     13.915    6.83573     7.8512     7.8121    23.5857   12.31701 3.6449e-02     14.047 0.0000e+00
        361 329.672106    0.02500     1.5000     90.000  1023.6525  48183.620    30.2726     14.173    6.83229     7.8692     7.8327    23.5869   12.31125 3.6422e-02     14.308 0.0000e+00
        362 329.672109    0.02507     1.5042     90.250  1023.6532  48183.483    30.2754     14.431    6.82908     7.8854     7.8525    23.5864   12.30590 3.6406e-02     14.567 0.0000e+00
        363 329.672112    0.02514     1.5083     90.500  1023.6537  48182.903    30.2777     14.685    6.82617     7.8996     7.8706    23.5857   12.30106 3.6396e-02     14.824 0.0000e+00
        364 329.672115    0.02521     1.5125     90.750  1023.6535  48181.209    30.2789     14.936    6.82360     7.9118     7.8867    23.5844   12.29679 3.6390e-02     15.077 0.0000e+00
        365 329.672118    0.02528     1.5167     91.000  1023.6529  48178.658    30.2791     15.183    6.82137     7.9222     7.9010    23.5826   12.29310 3.6387e-02     15.327 0.0000e+00
        366 329.672121    0.02535     1.5208     91.250  1023.6531  48177.383    30.2800     15.429    6.81944     7.9315     7.9132    23.5816   12.28989 3.6385e-02     15.575 0.0000e+00
        367 329.672124    0.02542     1.5250     91.500  1023.6549  48179.144    30.2827     15.675    6.81770     7.9408     7.9236    23.5823   12.28697 3.6384e-02     15.824 0.0000e+00
        368 329.672127    0.02549     1.5292     91.750  1023.6590  48185.124    30.2882     15.926    6.81599     7.9511     7.9330    23.5853   12.28408 3.6383e-02     16.077 0.0000e+00
        369 329.672130    0.02556     1.5333     92.000  1023.6657  48195.651    30.2968     16.183    6.81416     7.9627     7.9424    23.5908   12.28094 3.6383e-02     16.337 0.0000e+00
        370 329.672133    0.02562     1.5375     92.250  1023.6735  48208.318    30.3071     16.445    6.81212     7.9752     7.9526    23.5974   12.27743 3.6382e-02     16.601 0.0000e+00
        371 329.672135    0.02569     1.5417     92.500  1023.6797  48218.037    30.3155     16.708    6.80994     7.9875     7.9643    23.6024   12.27372 3.6382e-02     16.866 0.0000e+00
        372 329.672138    0.02576     1.5458     92.750  1023.6828  48222.065    30.3200     16.967    6.80779     7.9985     7.9768    23.6042   12.27010 3.6382e-02     17.128 0.0000e+00
        373 329.672141    0.02583     1.5500     93.000  1023.6835  48221.851    30.3216     17.222    6.80581     8.0078     7.9891    23.6038   12.26682 3.6382e-02     17.385 0.0000e+00
        374 329.672144    0.02590     1.5542     93.250  1023.6831  48219.531    30.3216     17.473    6.80411     8.0153     8.0002    23.6022   12.26399 3.6382e-02     17.638 0.0000e+00
        375 329.672147    0.02597     1.5583     93.500  1023.6825  48216.926    30.3211     17.723    6.80269     8.0213     8.0095    23.6005   12.26165 3.6382e-02     17.891 0.0000e+00
        376 329.672150    0.02604     1.5625     93.750  1023.6827  48215.484    30.3211     17.974    6.80153     8.0261     8.0170    23.5995   12.25973 3.6382e-02     18.144 0.0000e+00
        377 329.672153    0.02611     1.5667     94.000  1023.6836  48215.350    30.3218     18.227    6.80057     8.0302     8.0230    23.5992   12.25814 3.6382e-02     18.400 0.0000e+00
        378 329.672156    0.02618     1.5708     94.250  1023.6849  48216.068    30.3229     18.481    6.79977     8.0341     8.0278    23.5994   12.25680 3.6382e-02     18.656 0.0000e+00
        379 329.672159    0.02625     1.5750     94.500  1023.6871  48218.332    30.3250     18.732    6.79904     8.0386     8.0320    23.6005   12.25556 3.6382e-02     18.910 0.0000e+00
        380 329.672161    0.02632     1.5792     94.750  1023.6910  48223.581    30.3292     18.979    6.79825     8.0446     8.0359    23.6032   12.25421 3.6382e-02     19.159 0.0000e+00
        381 329.672164    0.02639     1.5833     95.000  1023.6961  48231.233    30.3351     19.220    6.79728     8.0522     8.0404    23.6072   12.25254 3.6382e-02     19.402 0.0000e+00
        382 329.672167    0.02646     1.5875     95.250  1023.7010  48238.605    30.3410     19.453    6.79609     8.0610     8.0464    23.6110   12.25049 3.6382e-02     19.638 0.0000e+00
        383 329.672170    0.02653     1.5917     95.500  1023.7050  48244.465    30.3461     19.680    6.79469     8.0705     8.0540    23.6139   12.24811 3.6382e-02     19.867 0.0000e+00
        384 329.672173    0.02660     1.5958     95.750  1023.7080  48248.633    30.3503     19.902    6.79315     8.0801     8.0629    23.6159   12.24550 3.6382e-02     20.091 0.0000e+00
        385 329.672176    0.02667     1.6000     96.000  1023.7095  48249.963    30.3525     20.122    6.79158     8.0889     8.0724    23.6163   12.24287 3.6382e-02     20.313 0.0000e+00
        386 329.672179    0.02674     1.6042     96.250  1023.7097  48249.035    30.3532     20.343    6.79008     8.0968     8.0820    23.6155   12.24038 3.6382e-02     20.536 0.0000e+00
        387 329.672182    0.02681     1.6083     96.500  1023.7096  48247.473    30.3533     20.566    6.78871     8.1037     8.0909    23.6144   12.23811 3.6382e-02     20.761 0.0000e+00
        388 329.672185    0.02688     1.6125     96.750  1023.7091  48245.083    30.3528     20.791    6.78751     8.1094     8.0988    23.6129   12.23612 3.6382e-02     20.988 0.0000e+00
        389 329.672188    0.02694     1.6167     97.000  1023.7081  48241.781    30.3514     21.019    6.78650     8.1140     8.1057    23.6108   12.23447 3.6382e-02     21.218 0.0000e+00
        390 329.672190    0.02701     1.6208     97.250  1023.7073  48238.752    30.3500     21.249    6.78568     8.1177     8.1114    23.6090   12.23313 3.6382e-02     21.450 0.0000e+00
        391 329.672193    0.02708     1.6250     97.500  1023.7072  48237.054    30.3494     21.483    6.78500     8.1211     8.1160    23.6079   12.23202 3.6382e-02     21.686 0.0000e+00
        392 329.672196    0.02715     1.6292     97.750  1023.7082  48237.145    30.3500     21.718    6.78440     8.1246     8.1197    23.6078   12.23102 3.6382e-02     21.924 0.0000e+00
        393 329.672199    0.02722     1.6333     98.000  1023.7101  48238.890    30.3516     21.954    6.78381     8.1284     8.1231    23.6086   12.23001 3.6382e-02     22.162 0.0000e+00
        394 329.672202    0.02729     1.6375     98.250  1023.7123  48241.299    30.3537     22.188    6.78318     8.1326     8.1266    23.6097   12.22894 3.6382e-02     22.398 0.0000e+00
        395 329.672205    0.02736     1.6417     98.500  1023.7143  48243.249    30.3555     22.416    6.78250     8.1370     8.1305    23.6106   12.22779 3.6382e-02     22.628 0.0000e+00
        396 329.672208    0.02743     1.6458     98.750  1023.7158  48244.532    30.3569     22.636    6.78178     8.1413     8.1348    23.6112   12.22659 3.6382e-02     22.851 0.0000e+00
        397 329.672211    0.02750     1.6500     99.000  1023.7168  48244.947    30.3578     22.849    6.78107     8.1453     8.1392    23.6112   12.22540 3.6382e-02     23.066 0.0000e+00
        398 329.672214    0.02757     1.6542     99.250  1023.7176  48244.851    30.3583     23.057    6.78038     8.1494     8.1435    23.6110   12.22426 3.6382e-02     23.276 0.0000e+00
        399 329.672216    0.02764     1.6583     99.500  1023.7192  48246.376    30.3599     23.264    6.77970     8.1540     8.1475    23.6116   12.22310 3.6382e-02     23.485 0.0000e+00
        400 329.672219    0.02771     1.6625     99.750  1023.7217  48249.520    30.3626     23.472    6.77895     8.1589     8.1516    23.6132   12.22182 3.6382e-02     23.695 0.0000e+00
        401 329.672222    0.02778     1.6667    100.000  1023.7235  48251.316    30.3644     23.685    6.77815     8.1635     8.1563    23.6140   12.22049 3.6382e-02     23.910 0.0000e+00
        402 329.672225    0.02785     1.6708    100.250  1023.7240  48250.830    30.3647     23.903    6.77739     8.1673     8.1612    23.6135   12.21922 3.6382e-02     24.130 0.0000e+00
        403 329.672228    0.02792     1.6750    100.500  1023.7240  48249.170    30.3642     24.126    6.77671     8.1703     8.1657    23.6124   12.21810 3.6382e-02     24.355 0.0000e+00
        404 329.672231    0.02799     1.6792    100.750  1023.7237  48246.989    30.3631     24.356    6.77616     8.1725     8.1696    23.6111   12.21721 3.6382e-02     24.587 0.0000e+00
        405 329.672234    0.02806     1.6833    101.000  1023.7236  48245.063    30.3621     24.592    6.77574     8.1742     8.1726    23.6099   12.21653 3.6382e-02     24.825 0.0000e+00
        406 329.672237    0.02813     1.6875    101.250  1023.7242  48244.373    30.3619     24.832    6.77541     8.1759     8.1748    23.6094   12.21599 3.6382e-02     25.068 0.0000e+00
        407 329.672240    0.02819     1.6917    101.500  1023.7257  48245.301    30.3627     25.076    6.77510     8.1779     8.1766    23.6097   12.21547 3.6382e-02     25.314 0.0000e+00
        408 329.672242    0.02826     1.6958    101.750  1023.7278  48247.322    30.3642     25.323    6.77477     8.1801     8.1783    23.6107   12.21490 3.6382e-02     25.563 0.0000e+00
        409 329.672245    0.02833     1.7000    102.000  1023.7301  48249.614    30.3660     25.573    6.77439     8.1827     8.1803    23.6118   12.21425 3.6382e-02     25.816 0.0000e+00
        410 329.672248    0.02840     1.7042    102.250  1023.7324  48251.924    30.3678     25.828    6.77396     8.1855     8.1826    23.6130   12.21351 3.6382e-02     26.074 0.0000e+00
        411 329.672251    0.02847     1.7083    102.500  1023.7346  48254.040    30.3696     26.088    6.77349     8.1884     8.1851    23.6140   12.21271 3.6382e-02     26.336 0.0000e+00
        412 329.672254    0.02854     1.7125    102.750  1023.7365  48255.721    30.3710     26.352    6.77299     8.1913     8.1880    23.6147   12.21187 3.6382e-02     26.602 0.0000e+00
        413 329.672257    0.02861     1.7167    103.000  1023.7383  48257.003    30.3722     26.618    6.77248     8.1942     8.1909    23.6152   12.21101 3.6382e-02     26.870 0.0000e+00
        414 329.672260    0.02868     1.7208    103.250  1023.7399  48257.959    30.3732     26.885    6.77198     8.1970     8.1939    23.6156   12.21017 3.6382e-02     27.140 0.0000e+00
        415 329.672263    0.02875     1.7250    103.500  1023.7414  48258.802    30.3741     27.152    6.77150     8.1996     8.1968    23.6159   12.20936 3.6382e-02     27.409 0.0000e+00
        416 329.672266    0.02882     1.7292    103.750  1023.7431  48259.894    30.3752     27.420    6.77103     8.2022     8.1996    23.6164   12.20856 3.6382e-02     27.680 0.0000e+00
        417 329.672269    0.02889     1.7333    104.000  1023.7450  48261.366    30.3765     27.692    6.77056     8.2047     8.2023    23.6170   12.20777 3.6382e-02     27.954 0.0000e+00
        418 329.672271    0.02896     1.7375    104.250  1023.7468  48262.604    30.3776     27.967    6.77011     8.2070     8.2049    23.6175   12.20701 3.6382e-02     28.232 0.0000e+00
        419 329.672274    0.02903     1.7417    104.500  1023.7483  48263.168    30.3783     28.245    6.76969     8.2091     8.2074    23.6177   12.20631 3.6382e-02     28.513 0.0000e+00
        420 329.672277    0.02910     1.7458    104.750  1023.7496  48263.540    30.3788     28.525    6.76931     8.2110     8.2098    23.6177   12.20567 3.6382e-02     28.796 0.0000e+00
        421 329.672280    0.02917     1.7500    105.000  1023.7512  48264.382    30.3795     28.806    6.76895     8.2130     8.2119    23.6180   12.20508 3.6382e-02     29.079 0.0000e+00
        422 329.672283    0.02924     1.7542    105.250  1023.7532  48266.025    30.3808     29.085    6.76860     8.2152     8.2138    23.6188   12.20447 3.6382e-02     29.361 0.0000e+00
        423 329.672286    0.02931     1.7583    105.500  1023.7556  48268.256    30.3826     29.361    6.76822     8.2177     8.2158    23.6198   12.20382 3.6382e-02     29.640 0.0000e+00
        424 329.672289    0.02937     1.7625    105.750  1023.7582  48271.061    30.3847     29.634    6.76779     8.2210     8.2180    23.6212   12.20308 3.6382e-02     29.915 0.0000e+00
        425 329.672292    0.02944     1.7667    106.000  1023.7617  48275.456    30.3880     29.904    6.76724     8.2253     8.2206    23.6235   12.20214 3.6382e-02     30.189 0.0000e+00
