CTD-processing/allCTD/CNV--homogene/2014_05-28_t9_s04_cast047.cnv
* Sea-Bird SBE19plus Data File:
* FileName = C:\Users\kris.holderied\Documents\kasitsna\Research-Projects-and-Data\Oceanography-AK\CTD-Data-ALL-to-2014-03\2014-CTD-KachemakBay-CookInlet\2014-05-28-CookInlet-HomerSpit-monthly\2014-05-28-CookInlet_T9_HomerSpit-cast047.hex
* Software Version 1.59
* Temperature SN =  5028
* Conductivity SN =  5028
* System UpLoad Time = Jul 21 2014 00:14:57
** Cook Inlet LTM Transect 9  (Homer Spit) South to North
** Date: 2014-05-28
** Station: 9-04
** Start time: 16:10
** Depth (m): 97.5
** Comment:  CTD time is Alaska Daylight time
** Comment:
# nquan = 17
# nvalues = 723                         
# units = specified
# name 0 = scan: Scan Count
# name 1 = timeJ: Julian Days
# name 2 = timeH: Time, Elapsed [hours]
# name 3 = timeM: Time, Elapsed [minutes]
# name 4 = timeS: Time, Elapsed [seconds]
# name 5 = density00: Density [density, kg/m^3]
# name 6 = specc: Specific Conductance [uS/cm]
# name 7 = sal00: Salinity, Practical [PSU]
# name 8 = depSM: Depth [salt water, m], lat = 59.00
# name 9 = oxsolML/L: Oxygen Saturation, Garcia & Gordon [ml/l]
# name 10 = potemp090C: Potential Temperature [ITS-90, deg C]
# name 11 = tv290C: Temperature [ITS-90, deg C]
# name 12 = sigma-é00: Density [sigma-theta, kg/m^3]
# name 13 = n2satML/L: Nitrogen Saturation [ml/l]
# name 14 = par: PAR/Irradiance, Biospherical/Licor
# name 15 = prdM: Pressure, Strain Gauge [db]
# name 16 = flag:  0.000e+00
# span 0 =          1,        723       
# span 1 = 148.673623, 148.675712       
# span 2 =    0.00000,    0.05014       
# span 3 =     0.0000,     3.0083       
# span 4 =      0.000,    180.500       
# span 5 =  1000.0703,  1025.5752       
# span 6 =    616.365,  51136.402       
# span 7 =     0.2937,    31.8541       
# span 8 =      0.013,     95.085       
# span 9 =    6.65467,    8.22783       
# span 10 =     5.4508,     8.9053      
# span 11 =     5.4581,     8.9054      
# span 12 =     0.0702,    25.1309      
# span 13 =   12.01221,   15.05878      
# span 14 = 4.5104e-02, 2.5177e+02      
# span 15 =      0.013,     96.005      
# span 16 = 0.0000e+00, 0.0000e+00      
# interval = seconds: 0.25
# start_time = May 28 2014 16:10:01 [Instrument's time stamp, header]
# bad_flag = -9.990e-29
*END*
[from data line 511]
        512 148.675101    0.03549     2.1292    127.750  1025.1703  50777.254    31.7434     41.106    7.05698     5.9978     6.0164    24.9785   12.66431 6.6797e-02     41.498 0.0000e+00
        513 148.675104    0.03556     2.1333    128.000  1025.1729  50780.302    31.7439     41.382    7.05820     5.9897     6.0089    24.9798   12.66632 6.5722e-02     41.777 0.0000e+00
        514 148.675107    0.03562     2.1375    128.250  1025.1758  50783.945    31.7448     41.655    7.05944     5.9808     6.0012    24.9814   12.66837 6.4715e-02     42.053 0.0000e+00
        515 148.675110    0.03569     2.1417    128.500  1025.1780  50786.371    31.7447     41.929    7.06078     5.9708     5.9931    24.9824   12.67058 6.3759e-02     42.329 0.0000e+00
        516 148.675113    0.03576     2.1458    128.750  1025.1800  50788.426    31.7443     42.207    7.06228     5.9606     5.9842    24.9831   12.67306 6.2847e-02     42.610 0.0000e+00
        517 148.675116    0.03583     2.1500    129.000  1025.1838  50793.693    31.7458     42.490    7.06387     5.9513     5.9742    24.9855   12.67568 6.1990e-02     42.895 0.0000e+00
        518 148.675119    0.03590     2.1542    129.250  1025.1889  50801.512    31.7491     42.777    7.06541     5.9433     5.9640    24.9893   12.67818 6.1173e-02     43.185 0.0000e+00
        519 148.675122    0.03597     2.1583    129.500  1025.1945  50810.013    31.7530     43.066    7.06677     5.9368     5.9547    24.9935   12.68037 6.0386e-02     43.477 0.0000e+00
        520 148.675124    0.03604     2.1625    129.750  1025.2001  50818.560    31.7572     43.353    7.06790     5.9318     5.9467    24.9978   12.68218 5.9641e-02     43.767 0.0000e+00
        521 148.675127    0.03611     2.1667    130.000  1025.2052  50826.136    31.7610     43.637    7.06879     5.9282     5.9403    25.0016   12.68361 5.8946e-02     44.053 0.0000e+00
        522 148.675130    0.03618     2.1708    130.250  1025.2096  50832.398    31.7642     43.916    7.06946     5.9255     5.9353    25.0047   12.68467 5.8304e-02     44.335 0.0000e+00
        523 148.675133    0.03625     2.1750    130.500  1025.2132  50837.031    31.7665     44.191    7.06995     5.9233     5.9317    25.0070   12.68547 5.7701e-02     44.613 0.0000e+00
        524 148.675136    0.03632     2.1792    130.750  1025.2157  50839.675    31.7677     44.465    7.07035     5.9213     5.9290    25.0083   12.68610 5.7124e-02     44.890 0.0000e+00
        525 148.675139    0.03639     2.1833    131.000  1025.2176  50841.121    31.7681     44.743    7.07069     5.9195     5.9269    25.0089   12.68666 5.6564e-02     45.170 0.0000e+00
        526 148.675142    0.03646     2.1875    131.250  1025.2196  50842.642    31.7687     45.027    7.07099     5.9179     5.9249    25.0095   12.68715 5.6020e-02     45.456 0.0000e+00
        527 148.675145    0.03653     2.1917    131.500  1025.2219  50844.530    31.7695     45.318    7.07124     5.9164     5.9231    25.0104   12.68756 5.5491e-02     45.750 0.0000e+00
        528 148.675148    0.03660     2.1958    131.750  1025.2241  50846.427    31.7704     45.614    7.07146     5.9147     5.9216    25.0112   12.68790 5.4982e-02     46.049 0.0000e+00
        529 148.675150    0.03667     2.2000    132.000  1025.2260  50847.589    31.7707     45.912    7.07168     5.9120     5.9201    25.0117   12.68827 5.4504e-02     46.350 0.0000e+00
        530 148.675153    0.03674     2.2042    132.250  1025.2270  50847.323    31.7701     46.209    7.07201     5.9081     5.9184    25.0114   12.68882 5.4058e-02     46.650 0.0000e+00
        531 148.675156    0.03681     2.2083    132.500  1025.2275  50846.085    31.7686     46.501    7.07252     5.9030     5.9157    25.0105   12.68968 5.3638e-02     46.944 0.0000e+00
        532 148.675159    0.03687     2.2125    132.750  1025.2280  50845.000    31.7669     46.787    7.07324     5.8970     5.9119    25.0096   12.69089 5.3240e-02     47.234 0.0000e+00
        533 148.675162    0.03694     2.2167    133.000  1025.2290  50844.989    31.7657     47.070    7.07414     5.8906     5.9068    25.0093   12.69239 5.2870e-02     47.519 0.0000e+00
        534 148.675165    0.03701     2.2208    133.250  1025.2309  50846.529    31.7655     47.351    7.07515     5.8844     5.9008    25.0098   12.69406 5.2537e-02     47.803 0.0000e+00
        535 148.675168    0.03708     2.2250    133.500  1025.2336  50849.651    31.7662     47.636    7.07618     5.8786     5.8944    25.0112   12.69575 5.2225e-02     48.090 0.0000e+00
        536 148.675171    0.03715     2.2292    133.750  1025.2368  50853.712    31.7676     47.925    7.07715     5.8736     5.8882    25.0131   12.69734 5.1917e-02     48.382 0.0000e+00
        537 148.675174    0.03722     2.2333    134.000  1025.2402  50858.019    31.7693     48.219    7.07802     5.8694     5.8825    25.0151   12.69875 5.1615e-02     48.680 0.0000e+00
        538 148.675177    0.03729     2.2375    134.250  1025.2437  50862.383    31.7712     48.517    7.07877     5.8659     5.8775    25.0172   12.69996 5.1326e-02     48.981 0.0000e+00
        539 148.675179    0.03736     2.2417    134.500  1025.2470  50866.524    31.7731     48.818    7.07938     5.8631     5.8732    25.0192   12.70095 5.1061e-02     49.284 0.0000e+00
        540 148.675182    0.03743     2.2458    134.750  1025.2501  50870.063    31.7747     49.118    7.07988     5.8608     5.8698    25.0209   12.70175 5.0816e-02     49.587 0.0000e+00
        541 148.675185    0.03750     2.2500    135.000  1025.2529  50872.927    31.7760     49.415    7.08028     5.8589     5.8670    25.0222   12.70240 5.0585e-02     49.887 0.0000e+00
        542 148.675188    0.03757     2.2542    135.250  1025.2554  50875.310    31.7771     49.707    7.08061     5.8571     5.8647    25.0233   12.70293 5.0367e-02     50.182 0.0000e+00
        543 148.675191    0.03764     2.2583    135.500  1025.2576  50877.335    31.7780     49.995    7.08089     5.8554     5.8628    25.0242   12.70339 5.0159e-02     50.473 0.0000e+00
        544 148.675194    0.03771     2.2625    135.750  1025.2597  50879.070    31.7787     50.284    7.08115     5.8536     5.8611    25.0250   12.70381 4.9964e-02     50.764 0.0000e+00
        545 148.675197    0.03778     2.2667    136.000  1025.2618  50880.664    31.7793     50.574    7.08140     5.8516     5.8594    25.0257   12.70422 4.9780e-02     51.058 0.0000e+00
        546 148.675200    0.03785     2.2708    136.250  1025.2639  50882.297    31.7799     50.867    7.08167     5.8493     5.8576    25.0264   12.70465 4.9607e-02     51.354 0.0000e+00
        547 148.675203    0.03792     2.2750    136.500  1025.2662  50884.283    31.7807     51.162    7.08197     5.8472     5.8556    25.0273   12.70513 4.9446e-02     51.652 0.0000e+00
        548 148.675205    0.03799     2.2792    136.750  1025.2687  50886.772    31.7819     51.457    7.08228     5.8452     5.8534    25.0284   12.70563 4.9293e-02     51.949 0.0000e+00
        549 148.675208    0.03806     2.2833    137.000  1025.2713  50889.313    31.7831     51.751    7.08258     5.8436     5.8513    25.0296   12.70611 4.9141e-02     52.245 0.0000e+00
        550 148.675211    0.03812     2.2875    137.250  1025.2736  50891.404    31.7840     52.041    7.08285     5.8421     5.8494    25.0306   12.70655 4.8988e-02     52.538 0.0000e+00
        551 148.675214    0.03819     2.2917    137.500  1025.2756  50892.957    31.7846     52.327    7.08310     5.8406     5.8478    25.0313   12.70695 4.8835e-02     52.827 0.0000e+00
        552 148.675217    0.03826     2.2958    137.750  1025.2774  50894.126    31.7849     52.609    7.08333     5.8390     5.8463    25.0318   12.70733 4.8687e-02     53.113 0.0000e+00
        553 148.675220    0.03833     2.3000    138.000  1025.2791  50895.080    31.7852     52.892    7.08356     5.8373     5.8448    25.0321   12.70771 4.8550e-02     53.398 0.0000e+00
        554 148.675223    0.03840     2.3042    138.250  1025.2806  50895.724    31.7852     53.178    7.08382     5.8353     5.8432    25.0323   12.70813 4.8424e-02     53.686 0.0000e+00
        555 148.675226    0.03847     2.3083    138.500  1025.2818  50895.886    31.7848     53.467    7.08411     5.8326     5.8415    25.0322   12.70863 4.8305e-02     53.978 0.0000e+00
        556 148.675229    0.03854     2.3125    138.750  1025.2828  50895.565    31.7841     53.760    7.08449     5.8293     5.8395    25.0318   12.70926 4.8190e-02     54.274 0.0000e+00
        557 148.675231    0.03861     2.3167    139.000  1025.2839  50895.318    31.7832     54.054    7.08497     5.8256     5.8369    25.0315   12.71006 4.8074e-02     54.571 0.0000e+00
        558 148.675234    0.03868     2.3208    139.250  1025.2854  50896.047    31.7829     54.347    7.08553     5.8216     5.8336    25.0317   12.71098 4.7954e-02     54.867 0.0000e+00
        559 148.675237    0.03875     2.3250    139.500  1025.2874  50897.754    31.7832     54.637    7.08613     5.8175     5.8299    25.0323   12.71198 4.7844e-02     55.160 0.0000e+00
        560 148.675240    0.03882     2.3292    139.750  1025.2896  50899.810    31.7837     54.923    7.08677     5.8131     5.8260    25.0332   12.71302 4.7758e-02     55.449 0.0000e+00
        561 148.675243    0.03889     2.3333    140.000  1025.2919  50901.986    31.7842     55.207    7.08743     5.8088     5.8219    25.0341   12.71411 4.7683e-02     55.735 0.0000e+00
        562 148.675246    0.03896     2.3375    140.250  1025.2943  50904.527    31.7850     55.490    7.08812     5.8045     5.8176    25.0352   12.71523 4.7608e-02     56.021 0.0000e+00
        563 148.675249    0.03903     2.3417    140.500  1025.2969  50907.444    31.7860     55.773    7.08880     5.8003     5.8132    25.0365   12.71634 4.7538e-02     56.307 0.0000e+00
        564 148.675252    0.03910     2.3458    140.750  1025.2995  50910.326    31.7870     56.057    7.08946     5.7963     5.8089    25.0378   12.71743 4.7475e-02     56.593 0.0000e+00
        565 148.675255    0.03917     2.3500    141.000  1025.3020  50912.954    31.7878     56.341    7.09011     5.7922     5.8048    25.0390   12.71849 4.7412e-02     56.881 0.0000e+00
        566 148.675258    0.03924     2.3542    141.250  1025.3044  50915.272    31.7885     56.626    7.09075     5.7879     5.8008    25.0400   12.71955 4.7345e-02     57.168 0.0000e+00
        567 148.675260    0.03931     2.3583    141.500  1025.3064  50917.042    31.7888     56.910    7.09142     5.7833     5.7967    25.0407   12.72064 4.7275e-02     57.456 0.0000e+00
        568 148.675263    0.03938     2.3625    141.750  1025.3081  50918.253    31.7886     57.197    7.09214     5.7781     5.7925    25.0410   12.72184 4.7206e-02     57.745 0.0000e+00
        569 148.675266    0.03944     2.3667    142.000  1025.3097  50919.206    31.7882     57.485    7.09294     5.7723     5.7878    25.0413   12.72317 4.7143e-02     58.036 0.0000e+00
        570 148.675269    0.03951     2.3708    142.250  1025.3112  50919.980    31.7875     57.776    7.09384     5.7660     5.7826    25.0414   12.72466 4.7087e-02     58.331 0.0000e+00
        571 148.675272    0.03958     2.3750    142.500  1025.3130  50921.358    31.7872     58.071    7.09482     5.7599     5.7768    25.0418   12.72629 4.7026e-02     58.628 0.0000e+00
        572 148.675275    0.03965     2.3792    142.750  1025.3157  50924.501    31.7880     58.368    7.09582     5.7545     5.7706    25.0431   12.72793 4.6959e-02     58.927 0.0000e+00
        573 148.675278    0.03972     2.3833    143.000  1025.3191  50928.838    31.7896     58.668    7.09676     5.7498     5.7646    25.0451   12.72946 4.6890e-02     59.230 0.0000e+00
        574 148.675281    0.03979     2.3875    143.250  1025.3225  50933.015    31.7912     58.970    7.09759     5.7457     5.7592    25.0470   12.73080 4.6822e-02     59.534 0.0000e+00
        575 148.675284    0.03986     2.3917    143.500  1025.3256  50936.704    31.7927     59.270    7.09831     5.7422     5.7545    25.0487   12.73197 4.6765e-02     59.838 0.0000e+00
        576 148.675286    0.03993     2.3958    143.750  1025.3285  50940.031    31.7940     59.568    7.09893     5.7392     5.7504    25.0503   12.73298 4.6726e-02     60.139 0.0000e+00
        577 148.675289    0.04000     2.4000    144.000  1025.3312  50942.985    31.7952     59.860    7.09946     5.7368     5.7469    25.0516   12.73384 4.6693e-02     60.434 0.0000e+00
        578 148.675292    0.04007     2.4042    144.250  1025.3337  50945.560    31.7963     60.146    7.09990     5.7348     5.7440    25.0528   12.73455 4.6655e-02     60.722 0.0000e+00
        579 148.675295    0.04014     2.4083    144.500  1025.3360  50947.668    31.7971     60.426    7.10026     5.7330     5.7416    25.0537   12.73514 4.6610e-02     61.005 0.0000e+00
        580 148.675298    0.04021     2.4125    144.750  1025.3379  50949.212    31.7976     60.703    7.10057     5.7312     5.7396    25.0544   12.73565 4.6563e-02     61.285 0.0000e+00
        581 148.675301    0.04028     2.4167    145.000  1025.3396  50950.230    31.7979     60.981    7.10086     5.7292     5.7378    25.0547   12.73612 4.6524e-02     61.565 0.0000e+00
        582 148.675304    0.04035     2.4208    145.250  1025.3411  50950.896    31.7978     61.262    7.10116     5.7269     5.7360    25.0549   12.73661 4.6493e-02     61.849 0.0000e+00
        583 148.675307    0.04042     2.4250    145.500  1025.3424  50951.230    31.7975     61.548    7.10150     5.7237     5.7341    25.0549   12.73718 4.6461e-02     62.138 0.0000e+00
        584 148.675310    0.04049     2.4292    145.750  1025.3434  50950.974    31.7967     61.838    7.10193     5.7194     5.7317    25.0546   12.73790 4.6422e-02     62.431 0.0000e+00
        585 148.675312    0.04056     2.4333    146.000  1025.3442  50950.390    31.7955     62.131    7.10252     5.7139     5.7286    25.0540   12.73888 4.6386e-02     62.727 0.0000e+00
        586 148.675315    0.04063     2.4375    146.250  1025.3454  50950.581    31.7946     62.424    7.10328     5.7077     5.7243    25.0538   12.74015 4.6362e-02     63.023 0.0000e+00
        587 148.675318    0.04069     2.4417    146.500  1025.3476  50952.704    31.7948     62.718    7.10419     5.7015     5.7188    25.0546   12.74166 4.6349e-02     63.320 0.0000e+00
        588 148.675321    0.04076     2.4458    146.750  1025.3509  50957.005    31.7964     63.013    7.10516     5.6959     5.7126    25.0566   12.74324 4.6333e-02     63.617 0.0000e+00
        589 148.675324    0.04083     2.4500    147.000  1025.3548  50962.302    31.7987     63.309    7.10608     5.6909     5.7064    25.0591   12.74473 4.6302e-02     63.916 0.0000e+00
        590 148.675327    0.04090     2.4542    147.250  1025.3585  50967.121    31.8007     63.605    7.10692     5.6865     5.7009    25.0614   12.74609 4.6263e-02     64.215 0.0000e+00
        591 148.675330    0.04097     2.4583    147.500  1025.3617  50971.076    31.8023     63.897    7.10767     5.6825     5.6959    25.0632   12.74732 4.6232e-02     64.511 0.0000e+00
        592 148.675333    0.04104     2.4625    147.750  1025.3647  50974.538    31.8037     64.187    7.10835     5.6791     5.6915    25.0648   12.74842 4.6208e-02     64.803 0.0000e+00
        593 148.675336    0.04111     2.4667    148.000  1025.3676  50977.968    31.8051     64.472    7.10895     5.6763     5.6875    25.0664   12.74939 4.6186e-02     65.091 0.0000e+00
        594 148.675339    0.04118     2.4708    148.250  1025.3706  50981.486    31.8067     64.754    7.10945     5.6742     5.6841    25.0680   12.75019 4.6168e-02     65.376 0.0000e+00
        595 148.675341    0.04125     2.4750    148.500  1025.3734  50984.575    31.8081     65.033    7.10984     5.6726     5.6814    25.0695   12.75081 4.6154e-02     65.658 0.0000e+00
