CTD-processing/allCTD/CNV--homogene/2014_10-13_t4_s08_cast080.cnv
* Sea-Bird SBE19plus Data File:
* FileName = C:\Users\kris.holderied\Documents\kasitsna\Research-Projects-and-Data\Oceanography-AK\CTD-Data-ALL-to-2014-10\2014-CTD-KachemakBay-CookInlet\2014-10-EVOSTC-CookInlet\2014-10-13-CookInlet-Tran4-Barabara\2014-10-13-CookInlet-Tran4-cast080.hex
* Software Version 1.59
* Temperature SN =  4141
* Conductivity SN =  4141
* System UpLoad Time = Oct 13 2014 12:12:19
** Cook Inlet LTM Tran4 (Barabara)  south to north
** Date: 10-13
** Station: 4-08
** Start time: 11:03
** Depth (m): 25.9
** Comment:  CTD time is Alaska Daylight time.  R/V Pandalus. Transducer  depth.
** Comment:
# nquan = 17
# nvalues = 553                         
# units = specified
# name 0 = scan: Scan Count
# name 1 = timeJ: Julian Days
# name 2 = timeH: Time, Elapsed [hours]
# name 3 = timeM: Time, Elapsed [minutes]
# name 4 = timeS: Time, Elapsed [seconds]
# name 5 = density00: Density [density, kg/m^3]
# name 6 = specc: Specific Conductance [uS/cm]
# name 7 = sal00: Salinity, Practical [PSU]
# name 8 = depSM: Depth [salt water, m], lat = 59.00
# name 9 = oxsolML/L: Oxygen Saturation, Garcia & Gordon [ml/l]
# name 10 = potemp090C: Potential Temperature [ITS-90, deg C]
# name 11 = tv290C: Temperature [ITS-90, deg C]
# name 12 = sigma-é00: Density [sigma-theta, kg/m^3]
# name 13 = n2satML/L: Nitrogen Saturation [ml/l]
# name 14 = par: PAR/Irradiance, Biospherical/Licor
# name 15 = prdM: Pressure, Strain Gauge [db]
# name 16 = flag:  0.000e+00
# span 0 =          1,        553       
# span 1 = 286.460984, 286.462581       
# span 2 =    0.00000,    0.03833       
# span 3 =     0.0000,     2.3000       
# span 4 =      0.000,    138.000       
# span 5 =   999.9562,  1023.5615       
# span 6 =    385.591,  48091.750       
# span 7 =     0.1810,    30.5023       
# span 8 =     -0.186,     26.143       
# span 9 =    6.49855,    8.16249       
# span 10 =     8.5721,    10.0099      
# span 11 =     8.5721,    10.0107      
# span 12 =    -0.0430,    23.4465      
# span 13 =   11.75569,   14.95027      
# span 14 = 3.6382e-02, 6.9978e+01      
# span 15 =     -0.188,     26.391      
# span 16 = 0.0000e+00, 0.0000e+00      
# interval = seconds: 0.25
# start_time = Oct 13 2014 11:03:49 [Instrument's time stamp, header]
# bad_flag = -9.990e-29
*END*
[from data line 86]
         87 286.461233    0.00597     0.3583     21.500  1023.3678  47928.076    30.3928      1.219    6.50871     9.9681     9.9671    23.3622   11.77384 3.0563e+01      1.230 0.0000e+00
         88 286.461236    0.00604     0.3625     21.750  1023.3599  47913.583    30.3827      1.228    6.50905     9.9687     9.9677    23.3542   11.77453 3.1256e+01      1.239 0.0000e+00
         89 286.461238    0.00611     0.3667     22.000  1023.3575  47909.487    30.3799      1.213    6.50909     9.9694     9.9682    23.3520   11.77464 3.2474e+01      1.224 0.0000e+00
         90 286.461241    0.00618     0.3708     22.250  1023.3615  47917.081    30.3853      1.177    6.50878     9.9699     9.9688    23.3561   11.77405 3.3939e+01      1.188 0.0000e+00
         91 286.461244    0.00625     0.3750     22.500  1023.3687  47930.664    30.3949      1.127    6.50828     9.9702     9.9695    23.3635   11.77311 3.5119e+01      1.137 0.0000e+00
         92 286.461247    0.00632     0.3792     22.750  1023.3758  47944.062    30.4044      1.069    6.50781     9.9702     9.9700    23.3708   11.77222 3.5688e+01      1.079 0.0000e+00
         93 286.461250    0.00639     0.3833     23.000  1023.3810  47954.141    30.4116      1.013    6.50748     9.9702     9.9703    23.3764   11.77158 3.5491e+01      1.023 0.0000e+00
         94 286.461253    0.00646     0.3875     23.250  1023.3840  47960.008    30.4157      0.967    6.50731     9.9703     9.9703    23.3796   11.77125 3.4971e+01      0.976 0.0000e+00
         95 286.461256    0.00653     0.3917     23.500  1023.3849  47961.870    30.4170      0.936    6.50726     9.9704     9.9703    23.3806   11.77114 3.4704e+01      0.945 0.0000e+00
         96 286.461259    0.00660     0.3958     23.750  1023.3841  47960.415    30.4160      0.919    6.50728     9.9706     9.9704    23.3798   11.77120 3.4232e+01      0.928 0.0000e+00
         97 286.461262    0.00667     0.4000     24.000  1023.3819  47956.523    30.4133      0.915    6.50737     9.9707     9.9705    23.3777   11.77138 3.3275e+01      0.924 0.0000e+00
         98 286.461264    0.00674     0.4042     24.250  1023.3789  47951.078    30.4095      0.919    6.50751     9.9706     9.9707    23.3747   11.77165 3.2404e+01      0.928 0.0000e+00
         99 286.461267    0.00681     0.4083     24.500  1023.3755  47944.910    30.4051      0.928    6.50768     9.9705     9.9708    23.3713   11.77198 3.1814e+01      0.937 0.0000e+00
        100 286.461270    0.00688     0.4125     24.750  1023.3722  47938.830    30.4009      0.939    6.50786     9.9704     9.9707    23.3680   11.77233 3.1255e+01      0.947 0.0000e+00
        101 286.461273    0.00694     0.4167     25.000  1023.3695  47933.754    30.3973      0.951    6.50802     9.9702     9.9706    23.3652   11.77264 3.0723e+01      0.960 0.0000e+00
        102 286.461276    0.00701     0.4208     25.250  1023.3680  47930.807    30.3952      0.967    6.50813     9.9701     9.9705    23.3636   11.77285 3.0481e+01      0.976 0.0000e+00
        103 286.461279    0.00708     0.4250     25.500  1023.3680  47930.662    30.3951      0.986    6.50816     9.9699     9.9703    23.3635   11.77289 3.0496e+01      0.995 0.0000e+00
        104 286.461282    0.00715     0.4292     25.750  1023.3690  47932.326    30.3962      1.010    6.50812     9.9693     9.9703    23.3644   11.77282 3.0321e+01      1.020 0.0000e+00
        105 286.461285    0.00722     0.4333     26.000  1023.3698  47933.452    30.3970      1.040    6.50812     9.9680     9.9701    23.3650   11.77281 2.9725e+01      1.050 0.0000e+00
        106 286.461288    0.00729     0.4375     26.250  1023.3691  47931.749    30.3957      1.076    6.50826     9.9655     9.9695    23.3641   11.77305 2.9137e+01      1.086 0.0000e+00
        107 286.461291    0.00736     0.4417     26.500  1023.3657  47925.117    30.3909      1.116    6.50866     9.9616     9.9681    23.3606   11.77377 2.9038e+01      1.127 0.0000e+00
        108 286.461293    0.00743     0.4458     26.750  1023.3585  47911.364    30.3809      1.155    6.50942     9.9557     9.9657    23.3532   11.77516 2.9287e+01      1.166 0.0000e+00
        109 286.461296    0.00750     0.4500     27.000  1023.3478  47891.252    30.3663      1.185    6.51060     9.9472     9.9617    23.3424   11.77728 2.9686e+01      1.197 0.0000e+00
        110 286.461299    0.00757     0.4542     27.250  1023.3375  47871.530    30.3517      1.201    6.51204     9.9351     9.9559    23.3320   11.77985 3.0256e+01      1.212 0.0000e+00
        111 286.461302    0.00764     0.4583     27.500  1023.3320  47860.482    30.3429      1.197    6.51363     9.9197     9.9474    23.3265   11.78258 3.0895e+01      1.208 0.0000e+00
        112 286.461305    0.00771     0.4625     27.750  1023.3337  47862.366    30.3427      1.173    6.51537     9.9039     9.9352    23.3283   11.78548 3.1573e+01      1.185 0.0000e+00
        113 286.461308    0.00778     0.4667     28.000  1023.3425  47876.870    30.3510      1.135    6.51722     9.8907     9.9199    23.3373   11.78843 3.2339e+01      1.146 0.0000e+00
        114 286.461311    0.00785     0.4708     28.250  1023.3561  47900.279    30.3656      1.087    6.51888     9.8821     9.9040    23.3511   11.79101 3.3017e+01      1.097 0.0000e+00
        115 286.461314    0.00792     0.4750     28.500  1023.3715  47927.340    30.3830      1.037    6.52004     9.8792     9.8908    23.3668   11.79274 3.3251e+01      1.047 0.0000e+00
        116 286.461317    0.00799     0.4792     28.750  1023.3856  47952.371    30.3995      0.993    6.52058     9.8822     9.8822    23.3811   11.79343 3.2985e+01      1.002 0.0000e+00
        117 286.461319    0.00806     0.4833     29.000  1023.3957  47970.678    30.4120      0.960    6.52048     9.8900     9.8793    23.3913   11.79311 3.2629e+01      0.968 0.0000e+00
        118 286.461322    0.00813     0.4875     29.250  1023.4010  47980.909    30.4196      0.941    6.51973     9.9002     9.8823    23.3967   11.79177 3.2300e+01      0.950 0.0000e+00
        119 286.461325    0.00819     0.4917     29.500  1023.4023  47984.133    30.4228      0.937    6.51848     9.9106     9.8901    23.3980   11.78967 3.1811e+01      0.945 0.0000e+00
        120 286.461328    0.00826     0.4958     29.750  1023.3998  47980.717    30.4217      0.943    6.51707     9.9197     9.9003    23.3955   11.78734 3.1266e+01      0.952 0.0000e+00
        121 286.461331    0.00833     0.5000     30.000  1023.3934  47970.181    30.4155      0.956    6.51584     9.9268     9.9107    23.3890   11.78537 3.0793e+01      0.965 0.0000e+00
        122 286.461334    0.00840     0.5042     30.250  1023.3834  47952.814    30.4045      0.970    6.51499     9.9317     9.9198    23.3789   11.78411 3.0429e+01      0.979 0.0000e+00
        123 286.461337    0.00847     0.5083     30.500  1023.3707  47930.333    30.3895      0.982    6.51460     9.9350     9.9269    23.3662   11.78364 3.0133e+01      0.991 0.0000e+00
        124 286.461340    0.00854     0.5125     30.750  1023.3575  47906.847    30.3736      0.993    6.51456     9.9374     9.9318    23.3530   11.78376 2.9936e+01      1.002 0.0000e+00
        125 286.461343    0.00861     0.5167     31.000  1023.3468  47887.722    30.3606      1.002    6.51463     9.9394     9.9351    23.3423   11.78404 2.9873e+01      1.011 0.0000e+00
        126 286.461345    0.00868     0.5208     31.250  1023.3404  47876.177    30.3527      1.012    6.51461     9.9409     9.9376    23.3358   11.78410 2.9825e+01      1.021 0.0000e+00
        127 286.461348    0.00875     0.5250     31.500  1023.3383  47872.527    30.3504      1.026    6.51443     9.9420     9.9395    23.3336   11.78383 2.9643e+01      1.036 0.0000e+00
        128 286.461351    0.00882     0.5292     31.750  1023.3390  47873.818    30.3515      1.045    6.51416     9.9427     9.9411    23.3342   11.78337 2.9345e+01      1.055 0.0000e+00
        129 286.461354    0.00889     0.5333     32.000  1023.3392  47873.994    30.3518      1.068    6.51399     9.9425     9.9422    23.3343   11.78309 2.9277e+01      1.078 0.0000e+00
        130 286.461357    0.00896     0.5375     32.250  1023.3359  47868.015    30.3477      1.091    6.51407     9.9410     9.9428    23.3309   11.78327 2.9550e+01      1.101 0.0000e+00
        131 286.461360    0.00903     0.5417     32.500  1023.3290  47855.116    30.3386      1.111    6.51447     9.9374     9.9427    23.3239   11.78404 2.9867e+01      1.121 0.0000e+00
        132 286.461363    0.00910     0.5458     32.750  1023.3204  47839.104    30.3271      1.125    6.51517     9.9310     9.9412    23.3152   11.78534 3.0050e+01      1.136 0.0000e+00
        133 286.461366    0.00917     0.5500     33.000  1023.3135  47826.014    30.3175      1.132    6.51608     9.9207     9.9376    23.3082   11.78697 3.0215e+01      1.143 0.0000e+00
        134 286.461369    0.00924     0.5542     33.250  1023.3107  47820.163    30.3126      1.132    6.51721     9.9065     9.9311    23.3055   11.78890 3.0524e+01      1.143 0.0000e+00
        135 286.461372    0.00931     0.5583     33.500  1023.3130  47823.273    30.3135      1.124    6.51865     9.8896     9.9208    23.3078   11.79126 3.0880e+01      1.135 0.0000e+00
        136 286.461374    0.00937     0.5625     33.750  1023.3203  47835.077    30.3201      1.111    6.52041     9.8718     9.9066    23.3152   11.79410 3.1215e+01      1.122 0.0000e+00
        137 286.461377    0.00944     0.5667     34.000  1023.3314  47853.471    30.3309      1.092    6.52237     9.8548     9.8897    23.3264   11.79723 3.1699e+01      1.103 0.0000e+00
        138 286.461380    0.00951     0.5708     34.250  1023.3446  47875.675    30.3443      1.068    6.52437     9.8404     9.8719    23.3397   11.80038 3.2323e+01      1.078 0.0000e+00
        139 286.461383    0.00958     0.5750     34.500  1023.3584  47899.218    30.3587      1.039    6.52620     9.8300     9.8549    23.3537   11.80324 3.2600e+01      1.049 0.0000e+00
        140 286.461386    0.00965     0.5792     34.750  1023.3718  47922.227    30.3731      1.008    6.52767     9.8245     9.8405    23.3672   11.80550 3.2214e+01      1.017 0.0000e+00
        141 286.461389    0.00972     0.5833     35.000  1023.3843  47943.991    30.3871      0.979    6.52858     9.8247     9.8301    23.3798   11.80684 3.1571e+01      0.988 0.0000e+00
        142 286.461392    0.00979     0.5875     35.250  1023.3964  47965.608    30.4017      0.957    6.52875     9.8309     9.8246    23.3920   11.80695 3.1069e+01      0.966 0.0000e+00
        143 286.461395    0.00986     0.5917     35.500  1023.4083  47987.461    30.4170      0.948    6.52808     9.8428     9.8248    23.4039   11.80565 3.0542e+01      0.956 0.0000e+00
        144 286.461398    0.00993     0.5958     35.750  1023.4184  48006.527    30.4312      0.952    6.52661     9.8588     9.8310    23.4140   11.80303 2.9693e+01      0.961 0.0000e+00
        145 286.461400    0.01000     0.6000     36.000  1023.4242  48018.416    30.4410      0.970    6.52449     9.8761     9.8429    23.4198   11.79941 2.8656e+01      0.978 0.0000e+00
        146 286.461403    0.01007     0.6042     36.250  1023.4239  48019.464    30.4437      0.996    6.52208     9.8918     9.8589    23.4193   11.79538 2.7847e+01      1.005 0.0000e+00
        147 286.461406    0.01014     0.6083     36.500  1023.4169  48008.413    30.4381      1.026    6.51983     9.9040     9.8762    23.4122   11.79173 2.7487e+01      1.035 0.0000e+00
        148 286.461409    0.01021     0.6125     36.750  1023.4043  47987.059    30.4250      1.056    6.51813     9.9122     9.8919    23.3995   11.78907 2.7442e+01      1.066 0.0000e+00
        149 286.461412    0.01028     0.6167     37.000  1023.3876  47957.855    30.4060      1.083    6.51717     9.9163     9.9041    23.3827   11.78770 2.7446e+01      1.092 0.0000e+00
        150 286.461415    0.01035     0.6208     37.250  1023.3688  47924.205    30.3834      1.103    6.51694     9.9161     9.9123    23.3637   11.78760 2.7541e+01      1.113 0.0000e+00
        151 286.461418    0.01042     0.6250     37.500  1023.3509  47891.970    30.3612      1.116    6.51728     9.9105     9.9164    23.3458   11.78843 2.8007e+01      1.127 0.0000e+00
        152 286.461421    0.01049     0.6292     37.750  1023.3370  47866.436    30.3433      1.122    6.51807     9.8990     9.9162    23.3318   11.78995 2.8824e+01      1.132 0.0000e+00
        153 286.461424    0.01056     0.6333     38.000  1023.3288  47850.954    30.3317      1.119    6.51936     9.8827     9.9106    23.3237   11.79221 2.9610e+01      1.130 0.0000e+00
        154 286.461427    0.01063     0.6375     38.250  1023.3282  47848.513    30.3286      1.109    6.52114     9.8643     9.8991    23.3231   11.79520 3.0040e+01      1.120 0.0000e+00
        155 286.461429    0.01069     0.6417     38.500  1023.3351  47859.418    30.3342      1.094    6.52324     9.8472     9.8828    23.3301   11.79861 3.0169e+01      1.104 0.0000e+00
        156 286.461432    0.01076     0.6458     38.750  1023.3473  47879.736    30.3462      1.075    6.52536     9.8337     9.8644    23.3424   11.80199 3.0287e+01      1.085 0.0000e+00
        157 286.461435    0.01083     0.6500     39.000  1023.3616  47904.069    30.3612      1.056    6.52718     9.8250     9.8473    23.3568   11.80484 3.0551e+01      1.066 0.0000e+00
        158 286.461438    0.01090     0.6542     39.250  1023.3753  47927.558    30.3760      1.040    6.52850     9.8204     9.8338    23.3705   11.80683 3.0931e+01      1.050 0.0000e+00
        159 286.461441    0.01097     0.6583     39.500  1023.3858  47945.851    30.3878      1.027    6.52926     9.8186     9.8251    23.3811   11.80796 3.1204e+01      1.037 0.0000e+00
        160 286.461444    0.01104     0.6625     39.750  1023.3920  47956.812    30.3949      1.016    6.52962     9.8180     9.8205    23.3874   11.80846 3.1087e+01      1.026 0.0000e+00
        161 286.461447    0.01111     0.6667     40.000  1023.3950  47962.173    30.3985      1.007    6.52973     9.8183     9.8187    23.3904   11.80861 3.0612e+01      1.016 0.0000e+00
        162 286.461450    0.01118     0.6708     40.250  1023.3971  47965.882    30.4010      0.998    6.52970     9.8199     9.8181    23.3925   11.80853 3.0091e+01      1.008 0.0000e+00
        163 286.461453    0.01125     0.6750     40.500  1023.4002  47971.601    30.4051      0.992    6.52949     9.8233     9.8184    23.3956   11.80812 2.9645e+01      1.001 0.0000e+00
        164 286.461455    0.01132     0.6792     40.750  1023.4050  47980.618    30.4116      0.991    6.52899     9.8292     9.8200    23.4005   11.80723 2.9134e+01      1.000 0.0000e+00
        165 286.461458    0.01139     0.6833     41.000  1023.4104  47990.821    30.4192      0.998    6.52818     9.8380     9.8234    23.4058   11.80579 2.8493e+01      1.007 0.0000e+00
        166 286.461461    0.01146     0.6875     41.250  1023.4137  47997.378    30.4246      1.012    6.52711     9.8493     9.8293    23.4091   11.80395 2.7858e+01      1.022 0.0000e+00
        167 286.461464    0.01153     0.6917     41.500  1023.4120  47995.256    30.4242      1.031    6.52587     9.8615     9.8381    23.4074   11.80190 2.7461e+01      1.041 0.0000e+00
        168 286.461467    0.01160     0.6958     41.750  1023.4044  47982.391    30.4165      1.053    6.52457     9.8724     9.8494    23.3996   11.79983 2.7336e+01      1.063 0.0000e+00
        169 286.461470    0.01167     0.7000     42.000  1023.3915  47960.108    30.4023      1.072    6.52342     9.8813     9.8616    23.3866   11.79810 2.7242e+01      1.082 0.0000e+00
        170 286.461473    0.01174     0.7042     42.250  1023.3756  47932.265    30.3841      1.088    6.52261     9.8884     9.8725    23.3707   11.79698 2.7040e+01      1.098 0.0000e+00
