CTD-processing/allCTD/CNV--homogene/2014_04-07_t7_s17_cast282.cnv
* Sea-Bird SBE19plus Data File:
* FileName = C:\Users\kris.holderied\Documents\kasitsna\Research-Projects-and-Data\Oceanography-AK\CTD-CookInlet-GulfWatchAK\2014-04-EVOSTC-CookInlet-Ocean\2014-04-07-CookInlet-Tran7-Augustine\2014-04-07-CookInlet-Tran7-cast282.hex
* Software Version 1.59
* Temperature SN =  5028
* Conductivity SN =  5028
* System UpLoad Time = Apr 09 2014 12:05:21
** Cook Inlet LTM Transect 7 (Augustine) west to east
** Date: 7 Apr 2014
** Station: 7-17
** Start time: 08:04
** Depth (m): 89
** Comment:  CTD instrument time is AK Daylight time
** Comment:
# nquan = 17
# nvalues = 652                         
# units = specified
# name 0 = scan: Scan Count
# name 1 = timeJ: Julian Days
# name 2 = timeH: Time, Elapsed [hours]
# name 3 = timeM: Time, Elapsed [minutes]
# name 4 = timeS: Time, Elapsed [seconds]
# name 5 = density00: Density [density, kg/m^3]
# name 6 = specc: Specific Conductance [uS/cm]
# name 7 = sal00: Salinity, Practical [PSU]
# name 8 = depSM: Depth [salt water, m], lat = 59.00
# name 9 = oxsolML/L: Oxygen Saturation, Garcia & Gordon [ml/l]
# name 10 = potemp090C: Potential Temperature [ITS-90, deg C]
# name 11 = tv290C: Temperature [ITS-90, deg C]
# name 12 = sigma-é00: Density [sigma-theta, kg/m^3]
# name 13 = n2satML/L: Nitrogen Saturation [ml/l]
# name 14 = par: PAR/Irradiance, Biospherical/Licor
# name 15 = prdM: Pressure, Strain Gauge [db]
# name 16 = flag:  0.000e+00
# span 0 =          1,        652       
# span 1 =  97.336030,  97.337914       
# span 2 =    0.00000,    0.04521       
# span 3 =     0.0000,     2.7125       
# span 4 =      0.000,    162.750       
# span 5 =  1000.9334,  1025.7987       
# span 6 =   2418.140,  51675.521       
# span 7 =     1.1938,    32.1044       
# span 8 =     -0.239,     88.036       
# span 9 =    7.24710,    9.23939       
# span 10 =     3.4167,     4.7950      
# span 11 =     3.4167,     4.8012      
# span 12 =     0.9346,    25.4125      
# span 13 =   12.97395,   16.74411      
# span 14 = 3.8444e-02, 8.9125e+01      
# span 15 =     -0.241,     88.886      
# span 16 = 0.0000e+00, 0.0000e+00      
# interval = seconds: 0.25
# start_time = Apr 07 2014 08:03:53 [Instrument's time stamp, header]
# bad_flag = -9.990e-29
*END*
[from data line 511]
        512  97.337509    0.03549     2.1292    127.750  1025.6692  51653.165    32.0807     60.756    7.24847     4.7897     4.7941    25.3841   12.97624 1.0624e-01     61.339 0.0000e+00
        513  97.337512    0.03556     2.1333    128.000  1025.6698  51653.254    32.0807     60.869    7.24848     4.7896     4.7940    25.3841   12.97626 1.0556e-01     61.453 0.0000e+00
        514  97.337514    0.03562     2.1375    128.250  1025.6702  51653.377    32.0807     60.966    7.24849     4.7896     4.7940    25.3841   12.97627 1.0495e-01     61.551 0.0000e+00
        515  97.337517    0.03569     2.1417    128.500  1025.6707  51653.529    32.0807     61.055    7.24849     4.7896     4.7939    25.3841   12.97628 1.0435e-01     61.640 0.0000e+00
        516  97.337520    0.03576     2.1458    128.750  1025.6712  51653.702    32.0808     61.146    7.24849     4.7896     4.7939    25.3842   12.97628 1.0369e-01     61.733 0.0000e+00
        517  97.337523    0.03583     2.1500    129.000  1025.6717  51653.896    32.0809     61.252    7.24848     4.7897     4.7939    25.3843   12.97627 1.0290e-01     61.840 0.0000e+00
        518  97.337526    0.03590     2.1542    129.250  1025.6724  51654.108    32.0810     61.382    7.24847     4.7898     4.7940    25.3843   12.97624 1.0193e-01     61.970 0.0000e+00
        519  97.337529    0.03597     2.1583    129.500  1025.6732  51654.324    32.0811     61.541    7.24845     4.7900     4.7941    25.3844   12.97620 1.0076e-01     62.131 0.0000e+00
        520  97.337532    0.03604     2.1625    129.750  1025.6741  51654.499    32.0811     61.731    7.24842     4.7901     4.7943    25.3844   12.97615 9.9422e-02     62.322 0.0000e+00
        521  97.337535    0.03611     2.1667    130.000  1025.6751  51654.589    32.0811     61.947    7.24839     4.7902     4.7944    25.3844   12.97611 9.7956e-02     62.540 0.0000e+00
        522  97.337538    0.03618     2.1708    130.250  1025.6762  51654.656    32.0811     62.182    7.24837     4.7903     4.7946    25.3844   12.97607 9.6408e-02     62.778 0.0000e+00
        523  97.337541    0.03625     2.1750    130.500  1025.6773  51654.805    32.0811     62.426    7.24835     4.7904     4.7947    25.3844   12.97604 9.4849e-02     63.025 0.0000e+00
        524  97.337543    0.03632     2.1792    130.750  1025.6785  51655.073    32.0812     62.671    7.24833     4.7906     4.7948    25.3844   12.97600 9.3340e-02     63.272 0.0000e+00
        525  97.337546    0.03639     2.1833    131.000  1025.6797  51655.367    32.0813     62.909    7.24830     4.7908     4.7950    25.3845   12.97595 9.1913e-02     63.513 0.0000e+00
        526  97.337549    0.03646     2.1875    131.250  1025.6808  51655.513    32.0813     63.137    7.24826     4.7910     4.7952    25.3845   12.97588 9.0590e-02     63.743 0.0000e+00
        527  97.337552    0.03653     2.1917    131.500  1025.6817  51655.516    32.0812     63.353    7.24822     4.7912     4.7954    25.3845   12.97582 8.9371e-02     63.961 0.0000e+00
        528  97.337555    0.03660     2.1958    131.750  1025.6826  51655.471    32.0811     63.557    7.24819     4.7913     4.7956    25.3844   12.97577 8.8245e-02     64.167 0.0000e+00
        529  97.337558    0.03667     2.2000    132.000  1025.6834  51655.385    32.0810     63.751    7.24816     4.7914     4.7958    25.3843   12.97574 8.7196e-02     64.363 0.0000e+00
        530  97.337561    0.03674     2.2042    132.250  1025.6842  51655.271    32.0809     63.938    7.24815     4.7914     4.7959    25.3841   12.97572 8.6194e-02     64.552 0.0000e+00
        531  97.337564    0.03681     2.2083    132.500  1025.6849  51655.199    32.0807     64.122    7.24815     4.7913     4.7960    25.3840   12.97571 8.5225e-02     64.738 0.0000e+00
        532  97.337567    0.03687     2.2125    132.750  1025.6857  51655.236    32.0807     64.302    7.24815     4.7913     4.7960    25.3839   12.97570 8.4308e-02     64.919 0.0000e+00
        533  97.337569    0.03694     2.2167    133.000  1025.6865  51655.350    32.0807     64.476    7.24815     4.7913     4.7960    25.3839   12.97571 8.3476e-02     65.095 0.0000e+00
        534  97.337572    0.03701     2.2208    133.250  1025.6873  51655.501    32.0807     64.640    7.24815     4.7913     4.7959    25.3840   12.97572 8.2719e-02     65.260 0.0000e+00
        535  97.337575    0.03708     2.2250    133.500  1025.6881  51655.698    32.0808     64.791    7.24815     4.7913     4.7959    25.3840   12.97572 8.2023e-02     65.413 0.0000e+00
        536  97.337578    0.03715     2.2292    133.750  1025.6888  51655.861    32.0808     64.928    7.24815     4.7913     4.7959    25.3840   12.97571 8.1388e-02     65.552 0.0000e+00
        537  97.337581    0.03722     2.2333    134.000  1025.6893  51655.910    32.0808     65.052    7.24815     4.7913     4.7960    25.3840   12.97570 8.0799e-02     65.677 0.0000e+00
        538  97.337584    0.03729     2.2375    134.250  1025.6898  51655.956    32.0808     65.167    7.24814     4.7913     4.7960    25.3840   12.97569 8.0236e-02     65.793 0.0000e+00
        539  97.337587    0.03736     2.2417    134.500  1025.6904  51656.100    32.0808     65.280    7.24814     4.7913     4.7960    25.3840   12.97569 7.9674e-02     65.906 0.0000e+00
        540  97.337590    0.03743     2.2458    134.750  1025.6910  51656.241    32.0808     65.398    7.24813     4.7914     4.7960    25.3841   12.97568 7.9077e-02     66.026 0.0000e+00
        541  97.337593    0.03750     2.2500    135.000  1025.6916  51656.316    32.0808     65.531    7.24813     4.7914     4.7960    25.3841   12.97568 7.8425e-02     66.160 0.0000e+00
        542  97.337595    0.03757     2.2542    135.250  1025.6923  51656.350    32.0808     65.685    7.24812     4.7914     4.7961    25.3840   12.97567 7.7696e-02     66.315 0.0000e+00
        543  97.337598    0.03764     2.2583    135.500  1025.6931  51656.376    32.0808     65.865    7.24812     4.7913     4.7961    25.3840   12.97567 7.6877e-02     66.497 0.0000e+00
        544  97.337601    0.03771     2.2625    135.750  1025.6940  51656.495    32.0807     66.069    7.24812     4.7913     4.7961    25.3839   12.97567 7.5988e-02     66.703 0.0000e+00
        545  97.337604    0.03778     2.2667    136.000  1025.6951  51656.763    32.0808     66.292    7.24812     4.7914     4.7961    25.3840   12.97567 7.5054e-02     66.928 0.0000e+00
        546  97.337607    0.03785     2.2708    136.250  1025.6963  51657.081    32.0809     66.525    7.24811     4.7915     4.7961    25.3841   12.97565 7.4097e-02     67.164 0.0000e+00
        547  97.337610    0.03792     2.2750    136.500  1025.6974  51657.291    32.0809     66.759    7.24810     4.7915     4.7962    25.3841   12.97563 7.3150e-02     67.400 0.0000e+00
        548  97.337613    0.03799     2.2792    136.750  1025.6984  51657.354    32.0809     66.987    7.24808     4.7916     4.7963    25.3841   12.97561 7.2247e-02     67.630 0.0000e+00
        549  97.337616    0.03806     2.2833    137.000  1025.6994  51657.398    32.0808     67.205    7.24807     4.7916     4.7963    25.3840   12.97559 7.1409e-02     67.850 0.0000e+00
        550  97.337619    0.03812     2.2875    137.250  1025.7003  51657.491    32.0808     67.411    7.24806     4.7916     4.7964    25.3840   12.97557 7.0643e-02     68.059 0.0000e+00
        551  97.337622    0.03819     2.2917    137.500  1025.7012  51657.589    32.0808     67.609    7.24806     4.7916     4.7964    25.3840   12.97556 6.9932e-02     68.258 0.0000e+00
        552  97.337624    0.03826     2.2958    137.750  1025.7021  51657.666    32.0807     67.800    7.24806     4.7916     4.7965    25.3839   12.97556 6.9250e-02     68.451 0.0000e+00
        553  97.337627    0.03833     2.3000    138.000  1025.7030  51657.759    32.0807     67.991    7.24806     4.7916     4.7965    25.3839   12.97556 6.8579e-02     68.644 0.0000e+00
        554  97.337630    0.03840     2.3042    138.250  1025.7039  51657.891    32.0807     68.188    7.24805     4.7916     4.7965    25.3839   12.97556 6.7897e-02     68.843 0.0000e+00
        555  97.337633    0.03847     2.3083    138.500  1025.7048  51658.043    32.0807     68.397    7.24805     4.7916     4.7965    25.3839   12.97555 6.7186e-02     69.054 0.0000e+00
        556  97.337636    0.03854     2.3125    138.750  1025.7059  51658.198    32.0807     68.621    7.24805     4.7916     4.7965    25.3839   12.97555 6.6431e-02     69.280 0.0000e+00
        557  97.337639    0.03861     2.3167    139.000  1025.7070  51658.369    32.0807     68.860    7.24805     4.7916     4.7965    25.3839   12.97555 6.5637e-02     69.522 0.0000e+00
        558  97.337642    0.03868     2.3208    139.250  1025.7082  51658.581    32.0807     69.107    7.24805     4.7915     4.7965    25.3839   12.97555 6.4841e-02     69.771 0.0000e+00
        559  97.337645    0.03875     2.3250    139.500  1025.7094  51658.821    32.0808     69.351    7.24805     4.7915     4.7965    25.3840   12.97554 6.4091e-02     70.018 0.0000e+00
        560  97.337648    0.03882     2.3292    139.750  1025.7105  51659.038    32.0808     69.581    7.24805     4.7915     4.7965    25.3840   12.97554 6.3419e-02     70.249 0.0000e+00
        561  97.337650    0.03889     2.3333    140.000  1025.7115  51659.182    32.0808     69.789    7.24805     4.7915     4.7965    25.3840   12.97554 6.2841e-02     70.459 0.0000e+00
        562  97.337653    0.03896     2.3375    140.250  1025.7123  51659.263    32.0807     69.971    7.24805     4.7915     4.7965    25.3840   12.97555 6.2365e-02     70.644 0.0000e+00
        563  97.337656    0.03903     2.3417    140.500  1025.7131  51659.351    32.0807     70.130    7.24805     4.7915     4.7965    25.3840   12.97555 6.1968e-02     70.804 0.0000e+00
        564  97.337659    0.03910     2.3458    140.750  1025.7137  51659.448    32.0807     70.269    7.24805     4.7914     4.7965    25.3840   12.97555 6.1605e-02     70.944 0.0000e+00
        565  97.337662    0.03917     2.3500    141.000  1025.7143  51659.532    32.0807     70.399    7.24805     4.7914     4.7965    25.3839   12.97556 6.1243e-02     71.076 0.0000e+00
        566  97.337665    0.03924     2.3542    141.250  1025.7149  51659.637    32.0807     70.533    7.24806     4.7913     4.7965    25.3839   12.97556 6.0847e-02     71.211 0.0000e+00
        567  97.337668    0.03931     2.3583    141.500  1025.7157  51659.770    32.0807     70.683    7.24806     4.7912     4.7964    25.3839   12.97557 6.0387e-02     71.362 0.0000e+00
        568  97.337671    0.03938     2.3625    141.750  1025.7165  51659.878    32.0807     70.857    7.24807     4.7911     4.7964    25.3839   12.97559 5.9855e-02     71.538 0.0000e+00
        569  97.337674    0.03944     2.3667    142.000  1025.7174  51659.913    32.0806     71.062    7.24809     4.7908     4.7963    25.3839   12.97562 5.9261e-02     71.745 0.0000e+00
        570  97.337677    0.03951     2.3708    142.250  1025.7183  51659.890    32.0805     71.295    7.24812     4.7905     4.7962    25.3838   12.97567 5.8618e-02     71.981 0.0000e+00
        571  97.337679    0.03958     2.3750    142.500  1025.7194  51659.937    32.0803     71.550    7.24816     4.7901     4.7960    25.3837   12.97574 5.7956e-02     72.238 0.0000e+00
        572  97.337682    0.03965     2.3792    142.750  1025.7207  51660.194    32.0803     71.813    7.24821     4.7898     4.7957    25.3837   12.97582 5.7305e-02     72.504 0.0000e+00
        573  97.337685    0.03972     2.3833    143.000  1025.7220  51660.640    32.0804     72.075    7.24827     4.7896     4.7953    25.3838   12.97591 5.6688e-02     72.768 0.0000e+00
        574  97.337688    0.03979     2.3875    143.250  1025.7233  51661.112    32.0805     72.325    7.24832     4.7894     4.7950    25.3839   12.97599 5.6122e-02     73.020 0.0000e+00
        575  97.337691    0.03986     2.3917    143.500  1025.7246  51661.545    32.0806     72.556    7.24835     4.7892     4.7948    25.3840   12.97605 5.5612e-02     73.254 0.0000e+00
        576  97.337694    0.03993     2.3958    143.750  1025.7257  51661.975    32.0808     72.769    7.24838     4.7892     4.7946    25.3842   12.97610 5.5157e-02     73.468 0.0000e+00
        577  97.337697    0.04000     2.4000    144.000  1025.7267  51662.347    32.0809     72.964    7.24839     4.7892     4.7944    25.3843   12.97612 5.4753e-02     73.665 0.0000e+00
        578  97.337700    0.04007     2.4042    144.250  1025.7276  51662.597    32.0810     73.146    7.24840     4.7891     4.7944    25.3844   12.97613 5.4384e-02     73.849 0.0000e+00
        579  97.337703    0.04014     2.4083    144.500  1025.7285  51662.736    32.0810     73.323    7.24840     4.7891     4.7944    25.3844   12.97614 5.4033e-02     74.028 0.0000e+00
        580  97.337705    0.04021     2.4125    144.750  1025.7292  51662.790    32.0809     73.501    7.24841     4.7890     4.7944    25.3843   12.97614 5.3690e-02     74.207 0.0000e+00
        581  97.337708    0.04028     2.4167    145.000  1025.7300  51662.790    32.0808     73.686    7.24842     4.7888     4.7943    25.3843   12.97616 5.3344e-02     74.395 0.0000e+00
        582  97.337711    0.04035     2.4208    145.250  1025.7309  51662.872    32.0808     73.884    7.24844     4.7887     4.7942    25.3842   12.97619 5.2971e-02     74.595 0.0000e+00
        583  97.337714    0.04042     2.4250    145.500  1025.7320  51663.201    32.0809     74.095    7.24846     4.7885     4.7941    25.3843   12.97622 5.2571e-02     74.808 0.0000e+00
        584  97.337717    0.04049     2.4292    145.750  1025.7332  51663.677    32.0810     74.319    7.24848     4.7885     4.7940    25.3845   12.97625 5.2159e-02     75.034 0.0000e+00
        585  97.337720    0.04056     2.4333    146.000  1025.7344  51664.120    32.0812     74.549    7.24849     4.7885     4.7939    25.3846   12.97627 5.1741e-02     75.266 0.0000e+00
        586  97.337723    0.04063     2.4375    146.250  1025.7356  51664.478    32.0813     74.779    7.24848     4.7886     4.7938    25.3847   12.97626 5.1330e-02     75.498 0.0000e+00
        587  97.337726    0.04069     2.4417    146.500  1025.7367  51664.703    32.0814     75.002    7.24847     4.7886     4.7939    25.3848   12.97625 5.0952e-02     75.724 0.0000e+00
        588  97.337729    0.04076     2.4458    146.750  1025.7377  51664.779    32.0813     75.216    7.24846     4.7887     4.7940    25.3847   12.97623 5.0611e-02     75.940 0.0000e+00
        589  97.337731    0.04083     2.4500    147.000  1025.7386  51664.796    32.0813     75.420    7.24845     4.7887     4.7940    25.3847   12.97621 5.0292e-02     76.146 0.0000e+00
        590  97.337734    0.04090     2.4542    147.250  1025.7395  51664.877    32.0812     75.616    7.24844     4.7887     4.7941    25.3846   12.97620 4.9988e-02     76.343 0.0000e+00
        591  97.337737    0.04097     2.4583    147.500  1025.7404  51665.038    32.0813     75.805    7.24844     4.7888     4.7941    25.3847   12.97619 4.9693e-02     76.534 0.0000e+00
        592  97.337740    0.04104     2.4625    147.750  1025.7413  51665.231    32.0813     75.991    7.24843     4.7889     4.7942    25.3847   12.97617 4.9399e-02     76.722 0.0000e+00
        593  97.337743    0.04111     2.4667    148.000  1025.7423  51665.512    32.0814     76.177    7.24841     4.7891     4.7942    25.3848   12.97614 4.9102e-02     76.911 0.0000e+00
        594  97.337746    0.04118     2.4708    148.250  1025.7433  51665.919    32.0816     76.369    7.24837     4.7894     4.7944    25.3850   12.97608 4.8799e-02     77.104 0.0000e+00
        595  97.337749    0.04125     2.4750    148.500  1025.7445  51666.489    32.0820     76.567    7.24832     4.7899     4.7946    25.3852   12.97598 4.8493e-02     77.304 0.0000e+00
