CTD-processing/allCTD/CNV--homogene/2014_10-18_t6_s28_cast125.cnv
* Sea-Bird SBE19plus Data File:
* FileName = C:\Users\kris.holderied\Documents\kasitsna\Research-Projects-and-Data\Oceanography-AK\CTD-Data-ALL-to-2014-10\2014-CTD-KachemakBay-CookInlet\2014-10-EVOSTC-CookInlet\2014-10-18-CookInlet-Tran6-Douglas\2014-10-18-CookInlet-Tran6-cast125.hex
* Software Version 1.59
* Temperature SN =  4141
* Conductivity SN =  4141
* System UpLoad Time = Oct 18 2014 10:16:33
** Cook Inlet LTM Tran6 (Douglas)  east to west
** Date: 10-18
** Station: 6-28
** Start time: 09:13
** Depth (m): 34
** Comment:  CTD time is Alaska Daylight time.  R/V Pandalus. Transducer  depth.
** Comment:
# nquan = 17
# nvalues = 472                         
# units = specified
# name 0 = scan: Scan Count
# name 1 = timeJ: Julian Days
# name 2 = timeH: Time, Elapsed [hours]
# name 3 = timeM: Time, Elapsed [minutes]
# name 4 = timeS: Time, Elapsed [seconds]
# name 5 = density00: Density [density, kg/m^3]
# name 6 = specc: Specific Conductance [uS/cm]
# name 7 = sal00: Salinity, Practical [PSU]
# name 8 = depSM: Depth [salt water, m], lat = 59.00
# name 9 = oxsolML/L: Oxygen Saturation, Garcia & Gordon [ml/l]
# name 10 = potemp090C: Potential Temperature [ITS-90, deg C]
# name 11 = tv290C: Temperature [ITS-90, deg C]
# name 12 = sigma-é00: Density [sigma-theta, kg/m^3]
# name 13 = n2satML/L: Nitrogen Saturation [ml/l]
# name 14 = par: PAR/Irradiance, Biospherical/Licor
# name 15 = prdM: Pressure, Strain Gauge [db]
# name 16 = flag:  0.000e+00
# span 0 =          1,        472       
# span 1 = 291.384294, 291.385657       
# span 2 =    0.00000,    0.03271       
# span 3 =     0.0000,     1.9625       
# span 4 =      0.000,    117.750       
# span 5 =  1000.1030,  1023.5005       
# span 6 =    569.273,  47873.952       
# span 7 =     0.2692,    30.2799       
# span 8 =     -0.305,     32.199       
# span 9 =    6.58366,    8.41864       
# span 10 =     7.1899,     9.4812      
# span 11 =     7.1899,     9.4835      
# span 12 =     0.1044,    23.3527      
# span 13 =   11.89948,   15.38056      
# span 14 = 3.7788e-02, 1.6066e+01      
# span 15 =     -0.308,     32.505      
# span 16 = 0.0000e+00, 0.0000e+00      
# interval = seconds: 0.25
# start_time = Oct 18 2014 09:13:23 [Instrument's time stamp, header]
# bad_flag = -9.990e-29
*END*
          1 291.384294    0.00000     0.0000      0.000  1000.1079    582.763     0.2756     -0.289    8.41690     7.2932     7.2956     0.1093   15.37767 5.4236e+00     -0.291 0.0000e+00
          2 291.384297    0.00007     0.0042      0.250  1000.1054    576.104     0.2724     -0.287    8.41727     7.2913     7.2946     0.1068   15.37834 5.2890e+00     -0.289 0.0000e+00
          3 291.384300    0.00014     0.0083      0.500  1000.1034    570.639     0.2698     -0.285    8.41771     7.2890     7.2932     0.1048   15.37912 5.2810e+00     -0.288 0.0000e+00
          4 291.384303    0.00021     0.0125      0.750  1000.1030    569.273     0.2692     -0.284    8.41813     7.2867     7.2913     0.1044   15.37984 5.3678e+00     -0.287 0.0000e+00
          5 291.384306    0.00028     0.0167      1.000  1000.1049    573.651     0.2716     -0.284    8.41848     7.2846     7.2890     0.1063   15.38039 5.4021e+00     -0.287 0.0000e+00
          6 291.384308    0.00035     0.0208      1.250  1000.1099    585.481     0.2777     -0.284    8.41864     7.2829     7.2867     0.1113   15.38056 5.3697e+00     -0.287 0.0000e+00
          7 291.384311    0.00042     0.0250      1.500  1000.1191    607.921     0.2892     -0.283    8.41844     7.2813     7.2846     0.1206   15.38005 5.4369e+00     -0.286 0.0000e+00
          8 291.384314    0.00049     0.0292      1.750  1000.1354    647.863     0.3096     -0.284    8.41768     7.2797     7.2829     0.1369   15.37844 5.8084e+00     -0.287 0.0000e+00
          9 291.384317    0.00056     0.0333      2.000  1000.1638    717.717     0.3453     -0.285    8.41604     7.2777     7.2813     0.1652   15.37514 6.5539e+00     -0.288 0.0000e+00
         10 291.384320    0.00063     0.0375      2.250  1000.2122    836.998     0.4062     -0.288    8.41306     7.2754     7.2796     0.2136   15.36916 7.4647e+00     -0.291 0.0000e+00
         11 291.384323    0.00069     0.0417      2.500  1000.2918   1033.562     0.5065     -0.292    8.40797     7.2731     7.2777     0.2932   15.35903 8.2933e+00     -0.295 0.0000e+00
         12 291.384326    0.00076     0.0458      2.750  1000.4144   1335.294     0.6610     -0.296    8.39998     7.2707     7.2754     0.4158   15.34315 9.0857e+00     -0.299 0.0000e+00
         13 291.384329    0.00083     0.0500      3.000  1000.5768   1732.934     0.8659     -0.299    8.38924     7.2683     7.2731     0.5783   15.32188 9.9992e+00     -0.302 0.0000e+00
         14 291.384332    0.00090     0.0542      3.250  1000.7474   2147.844     1.0811     -0.302    8.37794     7.2660     7.2707     0.7489   15.29951 1.1033e+01     -0.305 0.0000e+00
         15 291.384334    0.00097     0.0583      3.500  1000.8844   2479.009     1.2539     -0.304    8.36899     7.2640     7.2683     0.8859   15.28174 1.2089e+01     -0.307 0.0000e+00
         16 291.384337    0.00104     0.0625      3.750  1000.9686   2682.111     1.3601     -0.304    8.36365     7.2621     7.2660     0.9701   15.27111 1.3115e+01     -0.307 0.0000e+00
         17 291.384340    0.00111     0.0667      4.000  1001.0113   2784.790     1.4140     -0.305    8.36114     7.2602     7.2640     1.0128   15.26605 1.4051e+01     -0.308 0.0000e+00
         18 291.384343    0.00118     0.0708      4.250  1001.0343   2838.880     1.4429     -0.305    8.35998     7.2582     7.2621     1.0358   15.26365 1.4796e+01     -0.308 0.0000e+00
         19 291.384346    0.00125     0.0750      4.500  1001.0444   2860.414     1.4555     -0.305    8.35972     7.2560     7.2602     1.0459   15.26304 1.5343e+01     -0.308 0.0000e+00
         20 291.384349    0.00132     0.0792      4.750  1001.0412   2848.154     1.4515     -0.305    8.36042     7.2536     7.2582     1.0427   15.26431 1.5734e+01     -0.308 0.0000e+00
         21 291.384352    0.00139     0.0833      5.000  1001.0390   2834.817     1.4488     -0.305    8.36113     7.2510     7.2560     1.0405   15.26562 1.5951e+01     -0.308 0.0000e+00
         22 291.384355    0.00146     0.0875      5.250  1001.0554   2859.588     1.4697     -0.304    8.36070     7.2484     7.2536     1.0569   15.26466 1.6024e+01     -0.307 0.0000e+00
         23 291.384358    0.00153     0.0917      5.500  1001.1016   2945.929     1.5288     -0.302    8.35835     7.2457     7.2510     1.1031   15.25995 1.6048e+01     -0.305 0.0000e+00
         24 291.384361    0.00160     0.0958      5.750  1001.1945   3127.254     1.6472     -0.299    8.35299     7.2430     7.2484     1.1960   15.24934 1.6061e+01     -0.302 0.0000e+00
         25 291.384363    0.00167     0.1000      6.000  1001.3673   3472.227     1.8673     -0.295    8.34244     7.2401     7.2457     1.3688   15.22862 1.6066e+01     -0.298 0.0000e+00
         26 291.384366    0.00174     0.1042      6.250  1001.6781   4101.762     2.2632     -0.289    8.32293     7.2371     7.2430     1.6795   15.19038 1.6043e+01     -0.292 0.0000e+00
         27 291.384369    0.00181     0.1083      6.500  1002.2204   5209.509     2.9540     -0.278    8.28838     7.2339     7.2401     2.2217   15.12272 1.5959e+01     -0.281 0.0000e+00
         28 291.384372    0.00187     0.1125      6.750  1003.1483   7113.686     4.1358     -0.261    8.22875     7.2307     7.2371     3.1496   15.00606 1.5808e+01     -0.263 0.0000e+00
         29 291.384375    0.00194     0.1167      7.000  1004.7188  10344.755     6.1359     -0.231    8.12733     7.2277     7.2339     4.7199   14.80773 1.5592e+01     -0.233 0.0000e+00
         30 291.384378    0.00201     0.1208      7.250  1007.3595  15785.943     9.4988     -0.181    7.95626     7.2250     7.2307     7.3604   14.47326 1.5292e+01     -0.183 0.0000e+00
         31 291.384381    0.00208     0.1250      7.500  1010.9278  23104.215    14.0431     -0.107    7.72581     7.2227     7.2276    10.9283   14.02297 1.4854e+01     -0.108 0.0000e+00
         32 291.384384    0.00215     0.1292      7.750  1014.5111  30346.145    18.6072     -0.012    7.49727     7.2210     7.2250    14.5112   13.57701 1.4221e+01     -0.012 0.0000e+00
         33 291.384387    0.00222     0.1333      8.000  1017.4512  36188.342    22.3523      0.095    7.31257     7.2199     7.2228    17.4508   13.21714 1.3345e+01      0.096 0.0000e+00
         34 291.384389    0.00229     0.1375      8.250  1019.4853  40202.967    24.9430      0.209    7.18559     7.2192     7.2211    19.4843   12.96989 1.2102e+01      0.211 0.0000e+00
         35 291.384392    0.00236     0.1417      8.500  1020.7067  42613.050    26.4984      0.328    7.10938     7.2188     7.2200    20.7051   12.82148 1.0577e+01      0.332 0.0000e+00
         36 291.384395    0.00243     0.1458      8.750  1021.4385  44056.880    27.4300      0.448    7.06373     7.2186     7.2193    21.4364   12.73259 9.2555e+00      0.453 0.0000e+00
         37 291.384398    0.00250     0.1500      9.000  1021.8773  44922.352    27.9884      0.562    7.03637     7.2187     7.2188    21.8747   12.67932 8.4205e+00      0.567 0.0000e+00
         38 291.384401    0.00257     0.1542      9.250  1022.1403  45440.797    28.3228      0.660    7.01997     7.2190     7.2187    22.1372   12.64737 7.9840e+00      0.666 0.0000e+00
         39 291.384404    0.00264     0.1583      9.500  1022.2971  45749.920    28.5222      0.732    7.01015     7.2194     7.2188    22.2936   12.62826 7.8203e+00      0.739 0.0000e+00
         40 291.384407    0.00271     0.1625      9.750  1022.3906  45934.447    28.6412      0.775    7.00425     7.2197     7.2191    22.3870   12.61679 7.8405e+00      0.782 0.0000e+00
         41 291.384410    0.00278     0.1667     10.000  1022.4476  46046.841    28.7137      0.792    7.00062     7.2199     7.2195    22.4439   12.60975 7.9451e+00      0.800 0.0000e+00
         42 291.384413    0.00285     0.1708     10.250  1022.4828  46116.143    28.7586      0.794    6.99837     7.2199     7.2198    22.4791   12.60538 8.0226e+00      0.801 0.0000e+00
         43 291.384416    0.00292     0.1750     10.500  1022.5040  46157.933    28.7857      0.789    6.99701     7.2198     7.2200    22.5003   12.60275 8.0232e+00      0.797 0.0000e+00
         44 291.384418    0.00299     0.1792     10.750  1022.5165  46182.647    28.8017      0.786    6.99623     7.2196     7.2200    22.5128   12.60122 7.9628e+00      0.794 0.0000e+00
         45 291.384421    0.00306     0.1833     11.000  1022.5239  46197.268    28.8111      0.787    6.99579     7.2195     7.2199    22.5203   12.60036 7.8916e+00      0.794 0.0000e+00
         46 291.384424    0.00313     0.1875     11.250  1022.5283  46205.742    28.8165      0.794    6.99554     7.2195     7.2197    22.5246   12.59988 7.8558e+00      0.802 0.0000e+00
         47 291.384427    0.00319     0.1917     11.500  1022.5306  46210.331    28.8194      0.810    6.99542     7.2194     7.2196    22.5269   12.59963 7.8427e+00      0.817 0.0000e+00
         48 291.384430    0.00326     0.1958     11.750  1022.5319  46212.778    28.8210      0.833    6.99536     7.2192     7.2195    22.5281   12.59951 7.7801e+00      0.841 0.0000e+00
         49 291.384433    0.00333     0.2000     12.000  1022.5331  46214.800    28.8223      0.866    6.99531     7.2191     7.2194    22.5291   12.59941 7.6271e+00      0.874 0.0000e+00
         50 291.384436    0.00340     0.2042     12.250  1022.5347  46217.501    28.8240      0.908    6.99525     7.2192     7.2193    22.5305   12.59928 7.4212e+00      0.917 0.0000e+00
         51 291.384439    0.00347     0.2083     12.500  1022.5367  46220.802    28.8262      0.960    6.99516     7.2195     7.2192    22.5323   12.59910 7.1906e+00      0.969 0.0000e+00
         52 291.384442    0.00354     0.2125     12.750  1022.5386  46223.950    28.8284      1.017    6.99505     7.2200     7.2193    22.5339   12.59889 6.9562e+00      1.026 0.0000e+00
         53 291.384444    0.00361     0.2167     13.000  1022.5401  46226.252    28.8300      1.071    6.99492     7.2206     7.2196    22.5351   12.59867 6.7905e+00      1.081 0.0000e+00
         54 291.384447    0.00368     0.2208     13.250  1022.5409  46227.503    28.8309      1.113    6.99480     7.2211     7.2201    22.5358   12.59846 6.7417e+00      1.123 0.0000e+00
         55 291.384450    0.00375     0.2250     13.500  1022.5413  46228.003    28.8313      1.136    6.99469     7.2216     7.2207    22.5361   12.59827 6.8088e+00      1.147 0.0000e+00
         56 291.384453    0.00382     0.2292     13.750  1022.5414  46228.266    28.8316      1.138    6.99459     7.2221     7.2212    22.5362   12.59810 6.9914e+00      1.148 0.0000e+00
         57 291.384456    0.00389     0.2333     14.000  1022.5416  46228.683    28.8319      1.120    6.99449     7.2226     7.2217    22.5364   12.59793 7.2425e+00      1.131 0.0000e+00
         58 291.384459    0.00396     0.2375     14.250  1022.5418  46229.304    28.8325      1.088    6.99439     7.2233     7.2222    22.5368   12.59776 7.4621e+00      1.098 0.0000e+00
         59 291.384462    0.00403     0.2417     14.500  1022.5420  46230.039    28.8331      1.047    6.99428     7.2242     7.2227    22.5372   12.59756 7.6063e+00      1.057 0.0000e+00
         60 291.384465    0.00410     0.2458     14.750  1022.5422  46230.718    28.8336      1.001    6.99414     7.2253     7.2234    22.5375   12.59732 7.7418e+00      1.011 0.0000e+00
         61 291.384468    0.00417     0.2500     15.000  1022.5422  46231.074    28.8340      0.953    6.99398     7.2264     7.2243    22.5377   12.59705 7.9103e+00      0.962 0.0000e+00
         62 291.384470    0.00424     0.2542     15.250  1022.5420  46231.174    28.8343      0.903    6.99380     7.2276     7.2254    22.5378   12.59675 8.0544e+00      0.912 0.0000e+00
         63 291.384473    0.00431     0.2583     15.500  1022.5419  46231.519    28.8347      0.855    6.99360     7.2289     7.2265    22.5380   12.59641 8.1529e+00      0.863 0.0000e+00
         64 291.384476    0.00438     0.2625     15.750  1022.5423  46232.516    28.8356      0.813    6.99336     7.2306     7.2276    22.5385   12.59601 8.1996e+00      0.821 0.0000e+00
         65 291.384479    0.00444     0.2667     16.000  1022.5431  46234.254    28.8370      0.785    6.99308     7.2328     7.2290    22.5395   12.59553 8.1713e+00      0.792 0.0000e+00
         66 291.384482    0.00451     0.2708     16.250  1022.5443  46236.623    28.8389      0.776    6.99272     7.2355     7.2307    22.5407   12.59491 8.0763e+00      0.783 0.0000e+00
         67 291.384485    0.00458     0.2750     16.500  1022.5457  46239.131    28.8410      0.786    6.99227     7.2387     7.2329    22.5421   12.59413 7.9108e+00      0.794 0.0000e+00
         68 291.384488    0.00465     0.2792     16.750  1022.5469  46241.175    28.8428      0.815    6.99174     7.2421     7.2356    22.5432   12.59324 7.7158e+00      0.822 0.0000e+00
         69 291.384491    0.00472     0.2833     17.000  1022.5479  46242.626    28.8443      0.857    6.99117     7.2457     7.2388    22.5439   12.59227 7.5399e+00      0.865 0.0000e+00
         70 291.384494    0.00479     0.2875     17.250  1022.5487  46243.699    28.8455      0.907    6.99055     7.2496     7.2422    22.5445   12.59124 7.3513e+00      0.916 0.0000e+00
         71 291.384497    0.00486     0.2917     17.500  1022.5494  46244.658    28.8467      0.961    6.98991     7.2536     7.2458    22.5449   12.59015 7.1560e+00      0.970 0.0000e+00
         72 291.384499    0.00493     0.2958     17.750  1022.5502  46245.633    28.8479      1.015    6.98923     7.2575     7.2497    22.5454   12.58902 7.0139e+00      1.025 0.0000e+00
         73 291.384502    0.00500     0.3000     18.000  1022.5507  46246.376    28.8490      1.065    6.98854     7.2610     7.2537    22.5458   12.58785 6.9165e+00      1.076 0.0000e+00
         74 291.384505    0.00507     0.3042     18.250  1022.5509  46246.401    28.8496      1.108    6.98788     7.2640     7.2576    22.5458   12.58675 6.8394e+00      1.119 0.0000e+00
         75 291.384508    0.00514     0.3083     18.500  1022.5505  46245.420    28.8495      1.142    6.98732     7.2664     7.2611    22.5452   12.58583 6.8235e+00      1.153 0.0000e+00
         76 291.384511    0.00521     0.3125     18.750  1022.5496  46243.634    28.8487      1.163    6.98688     7.2685     7.2641    22.5442   12.58511 6.8870e+00      1.174 0.0000e+00
         77 291.384514    0.00528     0.3167     19.000  1022.5485  46241.647    28.8477      1.171    6.98653     7.2702     7.2665    22.5431   12.58453 6.9823e+00      1.182 0.0000e+00
         78 291.384517    0.00535     0.3208     19.250  1022.5476  46240.021    28.8469      1.163    6.98622     7.2716     7.2686    22.5422   12.58404 7.0711e+00      1.174 0.0000e+00
         79 291.384520    0.00542     0.3250     19.500  1022.5470  46239.066    28.8466      1.142    6.98596     7.2723     7.2703    22.5416   12.58361 7.1597e+00      1.153 0.0000e+00
         80 291.384523    0.00549     0.3292     19.750  1022.5468  46238.897    28.8467      1.111    6.98574     7.2723     7.2717    22.5415   12.58325 7.2829e+00      1.122 0.0000e+00
         81 291.384525    0.00556     0.3333     20.000  1022.5467  46239.060    28.8469      1.075    6.98561     7.2713     7.2724    22.5416   12.58303 7.4650e+00      1.085 0.0000e+00
         82 291.384528    0.00562     0.3375     20.250  1022.5463  46238.641    28.8466      1.038    6.98563     7.2696     7.2724    22.5414   12.58306 7.6523e+00      1.048 0.0000e+00
         83 291.384531    0.00569     0.3417     20.500  1022.5455  46237.333    28.8456      1.002    6.98583     7.2671     7.2714    22.5408   12.58340 7.7588e+00      1.012 0.0000e+00
         84 291.384534    0.00576     0.3458     20.750  1022.5444  46235.679    28.8442      0.967    6.98618     7.2643     7.2697    22.5399   12.58401 7.7792e+00      0.977 0.0000e+00
         85 291.384537    0.00583     0.3500     21.000  1022.5435  46234.240    28.8428      0.931    6.98663     7.2612     7.2672    22.5392   12.58478 7.7718e+00      0.940 0.0000e+00
