CTD-processing/allCTD/CNV--homogene/2014_05-28_t9_s06_cast049.cnv
* Sea-Bird SBE19plus Data File:
* FileName = C:\Users\kris.holderied\Documents\kasitsna\Research-Projects-and-Data\Oceanography-AK\CTD-Data-ALL-to-2014-03\2014-CTD-KachemakBay-CookInlet\2014-05-28-CookInlet-HomerSpit-monthly\2014-05-28-CookInlet_T9_HomerSpit-cast049.hex
* Software Version 1.59
* Temperature SN =  5028
* Conductivity SN =  5028
* System UpLoad Time = Jul 21 2014 00:17:14
** Cook Inlet LTM Transect 9  (Homer Spit) South to North
** Date: 2014-05-28
** Station: 9-06
** Start time: 16:26
** Depth (m): 103.9
** Comment:  CTD time is Alaska Daylight time
** Comment:
# nquan = 17
# nvalues = 706                         
# units = specified
# name 0 = scan: Scan Count
# name 1 = timeJ: Julian Days
# name 2 = timeH: Time, Elapsed [hours]
# name 3 = timeM: Time, Elapsed [minutes]
# name 4 = timeS: Time, Elapsed [seconds]
# name 5 = density00: Density [density, kg/m^3]
# name 6 = specc: Specific Conductance [uS/cm]
# name 7 = sal00: Salinity, Practical [PSU]
# name 8 = depSM: Depth [salt water, m], lat = 59.00
# name 9 = oxsolML/L: Oxygen Saturation, Garcia & Gordon [ml/l]
# name 10 = potemp090C: Potential Temperature [ITS-90, deg C]
# name 11 = tv290C: Temperature [ITS-90, deg C]
# name 12 = sigma-é00: Density [sigma-theta, kg/m^3]
# name 13 = n2satML/L: Nitrogen Saturation [ml/l]
# name 14 = par: PAR/Irradiance, Biospherical/Licor
# name 15 = prdM: Pressure, Strain Gauge [db]
# name 16 = flag:  0.000e+00
# span 0 =          1,        706       
# span 1 = 148.684583, 148.686623       
# span 2 =    0.00000,    0.04896       
# span 3 =     0.0000,     2.9375       
# span 4 =      0.000,    176.250       
# span 5 =  1004.3128,  1025.6161       
# span 6 =   9450.595,  51166.712       
# span 7 =     5.7134,    31.8615       
# span 8 =      0.058,    101.919       
# span 9 =    6.68377,    7.95584       
# span 10 =     5.4066,     8.6370      
# span 11 =     5.4143,     8.6371      
# span 12 =     4.3126,    25.1427      
# span 13 =   12.05821,   14.52762      
# span 14 = 4.4199e-02, 2.7329e+02      
# span 15 =      0.059,    102.906      
# span 16 = 0.0000e+00, 0.0000e+00      
# interval = seconds: 0.25
# start_time = May 28 2014 16:25:48 [Instrument's time stamp, header]
# bad_flag = -9.990e-29
*END*
[from data line 86]
         87 148.684832    0.00597     0.3583     21.500  1023.9407  48849.743    30.8534      0.879    6.69341     8.5738     8.5730    23.9367   12.07418 2.1425e+02      0.887 0.0000e+00
         88 148.684835    0.00604     0.3625     21.750  1023.9386  48845.944    30.8508      0.883    6.69339     8.5731     8.5739    23.9346   12.07418 2.1314e+02      0.891 0.0000e+00
         89 148.684838    0.00611     0.3667     22.000  1023.9381  48845.067    30.8502      0.885    6.69342     8.5724     8.5739    23.9341   12.07423 2.1313e+02      0.893 0.0000e+00
         90 148.684841    0.00618     0.3708     22.250  1023.9393  48847.071    30.8515      0.885    6.69346     8.5723     8.5732    23.9352   12.07429 2.1355e+02      0.893 0.0000e+00
         91 148.684844    0.00625     0.3750     22.500  1023.9408  48849.762    30.8533      0.885    6.69349     8.5730     8.5725    23.9367   12.07431 2.1381e+02      0.893 0.0000e+00
         92 148.684847    0.00632     0.3792     22.750  1023.9413  48850.760    30.8540      0.887    6.69347     8.5740     8.5724    23.9372   12.07427 2.1399e+02      0.895 0.0000e+00
         93 148.684850    0.00639     0.3833     23.000  1023.9405  48849.230    30.8530      0.887    6.69341     8.5750     8.5731    23.9364   12.07419 2.1451e+02      0.895 0.0000e+00
         94 148.684852    0.00646     0.3875     23.250  1023.9388  48846.237    30.8511      0.882    6.69334     8.5757     8.5741    23.9347   12.07409 2.1527e+02      0.890 0.0000e+00
         95 148.684855    0.00653     0.3917     23.500  1023.9373  48843.745    30.8495      0.874    6.69326     8.5763     8.5751    23.9333   12.07398 2.1585e+02      0.882 0.0000e+00
         96 148.684858    0.00660     0.3958     23.750  1023.9368  48842.824    30.8489      0.864    6.69318     8.5771     8.5758    23.9328   12.07385 2.1659e+02      0.872 0.0000e+00
         97 148.684861    0.00667     0.4000     24.000  1023.9368  48843.030    30.8492      0.854    6.69308     8.5783     8.5764    23.9329   12.07368 2.1745e+02      0.862 0.0000e+00
         98 148.684864    0.00674     0.4042     24.250  1023.9369  48843.220    30.8494      0.844    6.69295     8.5796     8.5772    23.9329   12.07346 2.1720e+02      0.852 0.0000e+00
         99 148.684867    0.00681     0.4083     24.500  1023.9365  48842.750    30.8492      0.834    6.69278     8.5810     8.5784    23.9327   12.07318 2.1592e+02      0.842 0.0000e+00
        100 148.684870    0.00688     0.4125     24.750  1023.9360  48841.889    30.8488      0.824    6.69259     8.5823     8.5797    23.9322   12.07288 2.1488e+02      0.832 0.0000e+00
        101 148.684873    0.00694     0.4167     25.000  1023.9355  48841.256    30.8486      0.818    6.69240     8.5834     8.5811    23.9318   12.07257 2.1423e+02      0.826 0.0000e+00
        102 148.684876    0.00701     0.4208     25.250  1023.9354  48841.016    30.8486      0.818    6.69221     8.5842     8.5823    23.9316   12.07225 2.1369e+02      0.826 0.0000e+00
        103 148.684878    0.00708     0.4250     25.500  1023.9350  48840.446    30.8484      0.825    6.69205     8.5841     8.5835    23.9313   12.07198 2.1308e+02      0.833 0.0000e+00
        104 148.684881    0.00715     0.4292     25.750  1023.9341  48838.707    30.8473      0.836    6.69199     8.5830     8.5842    23.9303   12.07190 2.1265e+02      0.844 0.0000e+00
        105 148.684884    0.00722     0.4333     26.000  1023.9329  48836.378    30.8456      0.845    6.69207     8.5811     8.5841    23.9290   12.07206 2.1286e+02      0.853 0.0000e+00
        106 148.684887    0.00729     0.4375     26.250  1023.9324  48835.398    30.8448      0.850    6.69226     8.5787     8.5831    23.9285   12.07238 2.1365e+02      0.857 0.0000e+00
        107 148.684890    0.00736     0.4417     26.500  1023.9335  48837.328    30.8459      0.848    6.69251     8.5767     8.5812    23.9296   12.07277 2.1454e+02      0.855 0.0000e+00
        108 148.684893    0.00743     0.4458     26.750  1023.9360  48841.738    30.8486      0.843    6.69275     8.5756     8.5788    23.9321   12.07314 2.1532e+02      0.850 0.0000e+00
        109 148.684896    0.00750     0.4500     27.000  1023.9384  48846.022    30.8513      0.839    6.69293     8.5751     8.5768    23.9345   12.07341 2.1625e+02      0.847 0.0000e+00
        110 148.684899    0.00757     0.4542     27.250  1023.9393  48847.574    30.8523      0.839    6.69306     8.5746     8.5757    23.9354   12.07361 2.1665e+02      0.847 0.0000e+00
        111 148.684902    0.00764     0.4583     27.500  1023.9385  48846.215    30.8512      0.840    6.69317     8.5736     8.5752    23.9347   12.07382 2.1606e+02      0.848 0.0000e+00
        112 148.684905    0.00771     0.4625     27.750  1023.9374  48844.181    30.8497      0.840    6.69331     8.5720     8.5747    23.9336   12.07407 2.1512e+02      0.848 0.0000e+00
        113 148.684907    0.00778     0.4667     28.000  1023.9373  48843.943    30.8494      0.837    6.69348     8.5704     8.5737    23.9335   12.07435 2.1458e+02      0.845 0.0000e+00
        114 148.684910    0.00785     0.4708     28.250  1023.9386  48846.175    30.8507      0.835    6.69366     8.5690     8.5721    23.9348   12.07462 2.1460e+02      0.843 0.0000e+00
        115 148.684913    0.00792     0.4750     28.500  1023.9405  48849.560    30.8529      0.836    6.69381     8.5680     8.5705    23.9367   12.07485 2.1464e+02      0.844 0.0000e+00
        116 148.684916    0.00799     0.4792     28.750  1023.9421  48852.264    30.8546      0.839    6.69394     8.5672     8.5691    23.9382   12.07504 2.1422e+02      0.847 0.0000e+00
        117 148.684919    0.00806     0.4833     29.000  1023.9428  48853.477    30.8553      0.841    6.69406     8.5664     8.5681    23.9389   12.07524 2.1377e+02      0.849 0.0000e+00
        118 148.684922    0.00813     0.4875     29.250  1023.9430  48853.719    30.8553      0.841    6.69419     8.5656     8.5673    23.9390   12.07545 2.1365e+02      0.849 0.0000e+00
        119 148.684925    0.00819     0.4917     29.500  1023.9431  48853.969    30.8554      0.836    6.69431     8.5648     8.5664    23.9392   12.07564 2.1375e+02      0.844 0.0000e+00
        120 148.684928    0.00826     0.4958     29.750  1023.9435  48854.794    30.8558      0.827    6.69441     8.5641     8.5656    23.9397   12.07580 2.1420e+02      0.835 0.0000e+00
        121 148.684931    0.00833     0.5000     30.000  1023.9443  48856.168    30.8567      0.818    6.69449     8.5637     8.5648    23.9405   12.07593 2.1480e+02      0.826 0.0000e+00
        122 148.684933    0.00840     0.5042     30.250  1023.9450  48857.495    30.8575      0.811    6.69455     8.5635     8.5642    23.9412   12.07601 2.1502e+02      0.819 0.0000e+00
        123 148.684936    0.00847     0.5083     30.500  1023.9453  48858.063    30.8579      0.808    6.69459     8.5630     8.5638    23.9415   12.07608 2.1424e+02      0.816 0.0000e+00
        124 148.684939    0.00854     0.5125     30.750  1023.9451  48857.732    30.8576      0.807    6.69465     8.5622     8.5635    23.9414   12.07618 2.1274e+02      0.815 0.0000e+00
        125 148.684942    0.00861     0.5167     31.000  1023.9448  48857.102    30.8571      0.807    6.69474     8.5608     8.5631    23.9410   12.07633 2.1223e+02      0.814 0.0000e+00
        126 148.684945    0.00868     0.5208     31.250  1023.9448  48857.085    30.8570      0.806    6.69487     8.5591     8.5623    23.9411   12.07656 2.1314e+02      0.813 0.0000e+00
        127 148.684948    0.00875     0.5250     31.500  1023.9454  48858.218    30.8576      0.802    6.69505     8.5578     8.5609    23.9418   12.07685 2.1408e+02      0.810 0.0000e+00
        128 148.684951    0.00882     0.5292     31.750  1023.9465  48860.191    30.8587      0.795    6.69525     8.5570     8.5592    23.9429   12.07716 2.1431e+02      0.803 0.0000e+00
        129 148.684954    0.00889     0.5333     32.000  1023.9476  48862.203    30.8599      0.785    6.69540     8.5570     8.5579    23.9440   12.07740 2.1477e+02      0.792 0.0000e+00
        130 148.684957    0.00896     0.5375     32.250  1023.9484  48863.755    30.8609      0.772    6.69547     8.5579     8.5571    23.9449   12.07751 2.1614e+02      0.779 0.0000e+00
        131 148.684959    0.00903     0.5417     32.500  1023.9489  48864.684    30.8615      0.760    6.69545     8.5596     8.5571    23.9454   12.07745 2.1674e+02      0.767 0.0000e+00
        132 148.684962    0.00910     0.5458     32.750  1023.9488  48864.680    30.8617      0.757    6.69531     8.5618     8.5580    23.9454   12.07722 2.1481e+02      0.764 0.0000e+00
        133 148.684965    0.00917     0.5500     33.000  1023.9480  48863.141    30.8608      0.765    6.69508     8.5635     8.5597    23.9445   12.07685 2.1200e+02      0.771 0.0000e+00
        134 148.684968    0.00924     0.5542     33.250  1023.9462  48859.821    30.8588      0.780    6.69484     8.5641     8.5619    23.9426   12.07648 2.1083e+02      0.787 0.0000e+00
        135 148.684971    0.00931     0.5583     33.500  1023.9441  48855.976    30.8564      0.796    6.69469     8.5632     8.5636    23.9405   12.07626 2.1081e+02      0.803 0.0000e+00
        136 148.684974    0.00937     0.5625     33.750  1023.9430  48853.948    30.8550      0.804    6.69466     8.5617     8.5642    23.9393   12.07623 2.1126e+02      0.811 0.0000e+00
        137 148.684977    0.00944     0.5667     34.000  1023.9435  48854.864    30.8556      0.801    6.69477     8.5606     8.5633    23.9399   12.07640 2.1299e+02      0.808 0.0000e+00
        138 148.684980    0.00951     0.5708     34.250  1023.9450  48857.519    30.8572      0.789    6.69493     8.5607     8.5618    23.9414   12.07665 2.1510e+02      0.797 0.0000e+00
        139 148.684983    0.00958     0.5750     34.500  1023.9462  48859.727    30.8586      0.777    6.69504     8.5621     8.5607    23.9426   12.07681 2.1596e+02      0.785 0.0000e+00
        140 148.684986    0.00965     0.5792     34.750  1023.9463  48859.923    30.8587      0.772    6.69501     8.5638     8.5608    23.9427   12.07677 2.1534e+02      0.779 0.0000e+00
        141 148.684988    0.00972     0.5833     35.000  1023.9449  48857.590    30.8573      0.774    6.69487     8.5649     8.5622    23.9414   12.07655 2.1437e+02      0.781 0.0000e+00
        142 148.684991    0.00979     0.5875     35.250  1023.9428  48853.751    30.8549      0.780    6.69471     8.5646     8.5639    23.9392   12.07631 2.1404e+02      0.788 0.0000e+00
        143 148.684994    0.00986     0.5917     35.500  1023.9412  48850.775    30.8529      0.789    6.69463     8.5631     8.5650    23.9375   12.07621 2.1373e+02      0.796 0.0000e+00
        144 148.684997    0.00993     0.5958     35.750  1023.9410  48850.424    30.8527      0.797    6.69469     8.5612     8.5647    23.9374   12.07631 2.1315e+02      0.804 0.0000e+00
        145 148.685000    0.01000     0.6000     36.000  1023.9423  48852.548    30.8539      0.804    6.69486     8.5597     8.5632    23.9386   12.07658 2.1253e+02      0.812 0.0000e+00
        146 148.685003    0.01007     0.6042     36.250  1023.9440  48855.582    30.8558      0.811    6.69506     8.5586     8.5613    23.9403   12.07688 2.1220e+02      0.819 0.0000e+00
        147 148.685006    0.01014     0.6083     36.500  1023.9454  48857.988    30.8572      0.814    6.69524     8.5581     8.5597    23.9417   12.07715 2.1295e+02      0.822 0.0000e+00
        148 148.685009    0.01021     0.6125     36.750  1023.9462  48859.338    30.8580      0.813    6.69536     8.5580     8.5587    23.9424   12.07735 2.1432e+02      0.821 0.0000e+00
        149 148.685012    0.01028     0.6167     37.000  1023.9466  48860.051    30.8585      0.805    6.69543     8.5586     8.5581    23.9429   12.07746 2.1498e+02      0.813 0.0000e+00
        150 148.685014    0.01035     0.6208     37.250  1023.9468  48860.506    30.8588      0.794    6.69542     8.5597     8.5581    23.9431   12.07744 2.1482e+02      0.801 0.0000e+00
        151 148.685017    0.01042     0.6250     37.500  1023.9467  48860.499    30.8588      0.785    6.69533     8.5614     8.5586    23.9431   12.07730 2.1464e+02      0.792 0.0000e+00
        152 148.685020    0.01049     0.6292     37.750  1023.9460  48859.368    30.8582      0.783    6.69518     8.5629     8.5598    23.9424   12.07706 2.1463e+02      0.790 0.0000e+00
        153 148.685023    0.01056     0.6333     38.000  1023.9445  48856.737    30.8566      0.788    6.69501     8.5635     8.5615    23.9409   12.07678 2.1395e+02      0.795 0.0000e+00
        154 148.685026    0.01063     0.6375     38.250  1023.9427  48853.436    30.8545      0.795    6.69487     8.5627     8.5630    23.9391   12.07658 2.1262e+02      0.803 0.0000e+00
        155 148.685029    0.01069     0.6417     38.500  1023.9416  48851.397    30.8532      0.800    6.69484     8.5610     8.5635    23.9379   12.07655 2.1226e+02      0.807 0.0000e+00
        156 148.685032    0.01076     0.6458     38.750  1023.9419  48852.015    30.8535      0.799    6.69494     8.5594     8.5628    23.9383   12.07671 2.1328e+02      0.806 0.0000e+00
        157 148.685035    0.01083     0.6500     39.000  1023.9435  48854.798    30.8552      0.793    6.69512     8.5586     8.5611    23.9398   12.07699 2.1439e+02      0.801 0.0000e+00
        158 148.685038    0.01090     0.6542     39.250  1023.9452  48857.824    30.8571      0.787    6.69529     8.5590     8.5595    23.9416   12.07724 2.1431e+02      0.795 0.0000e+00
        159 148.685041    0.01097     0.6583     39.500  1023.9460  48859.229    30.8580      0.785    6.69536     8.5601     8.5587    23.9424   12.07734 2.1317e+02      0.792 0.0000e+00
        160 148.685043    0.01104     0.6625     39.750  1023.9454  48858.258    30.8573      0.785    6.69532     8.5607     8.5591    23.9418   12.07729 2.1261e+02      0.792 0.0000e+00
        161 148.685046    0.01111     0.6667     40.000  1023.9440  48855.746    30.8557      0.787    6.69524     8.5601     8.5602    23.9404   12.07717 2.1322e+02      0.794 0.0000e+00
        162 148.685049    0.01118     0.6708     40.250  1023.9429  48853.793    30.8545      0.786    6.69520     8.5588     8.5608    23.9394   12.07713 2.1370e+02      0.793 0.0000e+00
        163 148.685052    0.01125     0.6750     40.500  1023.9431  48854.065    30.8546      0.782    6.69528     8.5575     8.5602    23.9395   12.07725 2.1357e+02      0.789 0.0000e+00
        164 148.685055    0.01132     0.6792     40.750  1023.9444  48856.345    30.8560      0.776    6.69542     8.5571     8.5589    23.9408   12.07747 2.1325e+02      0.783 0.0000e+00
        165 148.685058    0.01139     0.6833     41.000  1023.9458  48858.937    30.8576      0.773    6.69553     8.5578     8.5576    23.9423   12.07765 2.1271e+02      0.780 0.0000e+00
        166 148.685061    0.01146     0.6875     41.250  1023.9465  48860.139    30.8584      0.776    6.69556     8.5590     8.5572    23.9429   12.07768 2.1209e+02      0.783 0.0000e+00
        167 148.685064    0.01153     0.6917     41.500  1023.9460  48859.213    30.8578      0.783    6.69548     8.5599     8.5579    23.9424   12.07756 2.1202e+02      0.791 0.0000e+00
        168 148.685067    0.01160     0.6958     41.750  1023.9447  48856.870    30.8564      0.790    6.69536     8.5600     8.5591    23.9411   12.07738 2.1245e+02      0.797 0.0000e+00
        169 148.685069    0.01167     0.7000     42.000  1023.9437  48855.007    30.8552      0.791    6.69528     8.5594     8.5600    23.9400   12.07725 2.1288e+02      0.798 0.0000e+00
        170 148.685072    0.01174     0.7042     42.250  1023.9437  48855.111    30.8553      0.785    6.69527     8.5589     8.5601    23.9401   12.07723 2.1341e+02      0.792 0.0000e+00
