CTD-processing/allCTD/CNV--homogene/2014_08-14_alongbay_skb10_cast052.cnv
* Sea-Bird SBE19plus Data File:
* FileName = C:\Users\kris.holderied\Documents\kasitsna\Research-Projects-and-Data\Oceanography-AK\CTD-Data-ALL-to-2014-06\2014-CTD-KachemakBay-CookInlet\2014-08-14-KachemakBay-AlongBayLine\2014-08-14-KachemakBay-AlongBay-cast052.hex
* Software Version 1.59
* Temperature SN =  4141
* Conductivity SN =  4141
* System UpLoad Time = Oct 13 2014 01:31:00
** Kachemak Bay Along-bay Line West to East
** Date: 08-14
** Station: KB10
** Start time: 13:48
** Depth (m): 52.7
** Comment:  CTD time is Alaska Daylight time.  R/V Barnacle. Transducer  depth.
** Comment:
# nquan = 17
# nvalues = 577                         
# units = specified
# name 0 = scan: Scan Count
# name 1 = timeJ: Julian Days
# name 2 = timeH: Time, Elapsed [hours]
# name 3 = timeM: Time, Elapsed [minutes]
# name 4 = timeS: Time, Elapsed [seconds]
# name 5 = density00: Density [density, kg/m^3]
# name 6 = specc: Specific Conductance [uS/cm]
# name 7 = sal00: Salinity, Practical [PSU]
# name 8 = depSM: Depth [salt water, m], lat = 59.00
# name 9 = oxsolML/L: Oxygen Saturation, Garcia & Gordon [ml/l]
# name 10 = potemp090C: Potential Temperature [ITS-90, deg C]
# name 11 = tv290C: Temperature [ITS-90, deg C]
# name 12 = sigma-é00: Density [sigma-theta, kg/m^3]
# name 13 = n2satML/L: Nitrogen Saturation [ml/l]
# name 14 = par: PAR/Irradiance, Biospherical/Licor
# name 15 = prdM: Pressure, Strain Gauge [db]
# name 16 = flag:  0.000e+00
# span 0 =          1,        577       
# span 1 = 226.576088, 226.577755       
# span 2 =    0.00000,    0.04000       
# span 3 =     0.0000,     2.4000       
# span 4 =      0.000,    144.000       
# span 5 =   999.8549,  1024.2521       
# span 6 =    856.093,  49168.943       
# span 7 =     0.4164,    31.2711       
# span 8 =     -0.219,     52.112       
# span 9 =    6.31093,    7.73092       
# span 10 =    10.1688,    11.7510      
# span 11 =    10.1747,    11.7513      
# span 12 =    -0.1441,    24.0140      
# span 13 =   11.44223,   14.20319      
# span 14 = 4.2705e-02, 2.7062e+02      
# span 15 =     -0.221,     52.611      
# span 16 = 0.0000e+00, 0.0000e+00      
# interval = seconds: 0.25
# start_time = Aug 14 2014 13:49:34 [Instrument's time stamp, header]
# bad_flag = -9.990e-29
*END*
[from data line 256]
        257 226.576829    0.01778     1.0667     64.000  1018.3690  38827.075    24.1804      1.118    6.61793    11.0163    11.0164    18.3639   12.03096 1.0845e+02      1.129 0.0000e+00
        258 226.576832    0.01785     1.0708     64.250  1018.3698  38828.557    24.1814      1.117    6.61789    11.0162    11.0165    18.3647   12.03088 1.0843e+02      1.128 0.0000e+00
        259 226.576834    0.01792     1.0750     64.500  1018.3704  38829.750    24.1823      1.116    6.61786    11.0162    11.0164    18.3653   12.03082 1.0843e+02      1.127 0.0000e+00
        260 226.576837    0.01799     1.0792     64.750  1018.3708  38830.495    24.1828      1.115    6.61785    11.0162    11.0164    18.3657   12.03079 1.0849e+02      1.126 0.0000e+00
        261 226.576840    0.01806     1.0833     65.000  1018.3710  38830.802    24.1830      1.114    6.61784    11.0162    11.0163    18.3659   12.03078 1.0855e+02      1.125 0.0000e+00
        262 226.576843    0.01812     1.0875     65.250  1018.3709  38830.618    24.1829      1.115    6.61785    11.0162    11.0163    18.3658   12.03080 1.0858e+02      1.126 0.0000e+00
        263 226.576846    0.01819     1.0917     65.500  1018.3705  38829.864    24.1824      1.117    6.61787    11.0163    11.0163    18.3654   12.03084 1.0856e+02      1.127 0.0000e+00
        264 226.576849    0.01826     1.0958     65.750  1018.3700  38828.774    24.1816      1.119    6.61790    11.0164    11.0163    18.3648   12.03089 1.0861e+02      1.129 0.0000e+00
        265 226.576852    0.01833     1.1000     66.000  1018.3695  38827.830    24.1810      1.120    6.61791    11.0165    11.0164    18.3643   12.03092 1.0880e+02      1.131 0.0000e+00
        266 226.576855    0.01840     1.1042     66.250  1018.3692  38827.422    24.1807      1.120    6.61791    11.0165    11.0165    18.3641   12.03092 1.0913e+02      1.131 0.0000e+00
        267 226.576858    0.01847     1.1083     66.500  1018.3694  38827.711    24.1809      1.119    6.61789    11.0165    11.0166    18.3642   12.03088 1.0955e+02      1.130 0.0000e+00
        268 226.576861    0.01854     1.1125     66.750  1018.3697  38828.380    24.1813      1.117    6.61787    11.0164    11.0166    18.3646   12.03084 1.1000e+02      1.128 0.0000e+00
        269 226.576863    0.01861     1.1167     67.000  1018.3699  38828.768    24.1816      1.115    6.61786    11.0163    11.0166    18.3648   12.03082 1.1033e+02      1.125 0.0000e+00
        270 226.576866    0.01868     1.1208     67.250  1018.3699  38828.791    24.1816      1.113    6.61787    11.0162    11.0165    18.3648   12.03084 1.1035e+02      1.123 0.0000e+00
        271 226.576869    0.01875     1.1250     67.500  1018.3699  38828.818    24.1816      1.112    6.61788    11.0162    11.0164    18.3648   12.03086 1.0998e+02      1.122 0.0000e+00
        272 226.576872    0.01882     1.1292     67.750  1018.3698  38828.464    24.1814      1.112    6.61791    11.0162    11.0164    18.3647   12.03090 1.0937e+02      1.123 0.0000e+00
        273 226.576875    0.01889     1.1333     68.000  1018.3691  38827.115    24.1804      1.115    6.61795    11.0162    11.0163    18.3639   12.03099 1.0882e+02      1.126 0.0000e+00
        274 226.576878    0.01896     1.1375     68.250  1018.3680  38825.062    24.1790      1.118    6.61801    11.0162    11.0163    18.3628   12.03110 1.0858e+02      1.128 0.0000e+00
        275 226.576881    0.01903     1.1417     68.500  1018.3668  38822.805    24.1775      1.120    6.61807    11.0163    11.0163    18.3616   12.03122 1.0866e+02      1.130 0.0000e+00
        276 226.576884    0.01910     1.1458     68.750  1018.3657  38820.748    24.1761      1.120    6.61813    11.0163    11.0164    18.3605   12.03133 1.0898e+02      1.131 0.0000e+00
        277 226.576887    0.01917     1.1500     69.000  1018.3649  38819.359    24.1752      1.120    6.61816    11.0163    11.0164    18.3598   12.03140 1.0941e+02      1.131 0.0000e+00
        278 226.576889    0.01924     1.1542     69.250  1018.3645  38818.674    24.1747      1.119    6.61818    11.0163    11.0164    18.3594   12.03144 1.0980e+02      1.130 0.0000e+00
        279 226.576892    0.01931     1.1583     69.500  1018.3644  38818.416    24.1745      1.117    6.61818    11.0163    11.0164    18.3593   12.03145 1.1012e+02      1.128 0.0000e+00
        280 226.576895    0.01938     1.1625     69.750  1018.3644  38818.389    24.1745      1.116    6.61818    11.0163    11.0164    18.3593   12.03145 1.1036e+02      1.126 0.0000e+00
        281 226.576898    0.01944     1.1667     70.000  1018.3645  38818.516    24.1746      1.115    6.61818    11.0163    11.0164    18.3594   12.03144 1.1052e+02      1.125 0.0000e+00
        282 226.576901    0.01951     1.1708     70.250  1018.3646  38818.730    24.1747      1.114    6.61818    11.0163    11.0164    18.3595   12.03143 1.1058e+02      1.124 0.0000e+00
        283 226.576904    0.01958     1.1750     70.500  1018.3647  38818.900    24.1748      1.114    6.61817    11.0163    11.0164    18.3596   12.03142 1.1057e+02      1.124 0.0000e+00
        284 226.576907    0.01965     1.1792     70.750  1018.3647  38818.956    24.1749      1.113    6.61817    11.0164    11.0165    18.3596   12.03142 1.1054e+02      1.124 0.0000e+00
        285 226.576910    0.01972     1.1833     71.000  1018.3647  38818.921    24.1748      1.113    6.61816    11.0165    11.0165    18.3596   12.03141 1.1054e+02      1.124 0.0000e+00
        286 226.576913    0.01979     1.1875     71.250  1018.3646  38818.789    24.1748      1.114    6.61816    11.0166    11.0166    18.3595   12.03140 1.1053e+02      1.124 0.0000e+00
        287 226.576916    0.01986     1.1917     71.500  1018.3645  38818.504    24.1746      1.115    6.61815    11.0167    11.0166    18.3593   12.03140 1.1048e+02      1.125 0.0000e+00
        288 226.576918    0.01993     1.1958     71.750  1018.3642  38818.060    24.1743      1.116    6.61815    11.0168    11.0167    18.3591   12.03140 1.1042e+02      1.127 0.0000e+00
        289 226.576921    0.02000     1.2000     72.000  1018.3639  38817.546    24.1739      1.118    6.61815    11.0169    11.0168    18.3588   12.03141 1.1038e+02      1.129 0.0000e+00
        290 226.576924    0.02007     1.2042     72.250  1018.3637  38817.100    24.1736      1.119    6.61815    11.0169    11.0169    18.3586   12.03141 1.1034e+02      1.130 0.0000e+00
        291 226.576927    0.02014     1.2083     72.500  1018.3636  38816.844    24.1735      1.119    6.61815    11.0170    11.0170    18.3584   12.03140 1.1025e+02      1.130 0.0000e+00
        292 226.576930    0.02021     1.2125     72.750  1018.3635  38816.815    24.1735      1.118    6.61814    11.0170    11.0170    18.3584   12.03139 1.1007e+02      1.129 0.0000e+00
        293 226.576933    0.02028     1.2167     73.000  1018.3636  38816.952    24.1736      1.117    6.61813    11.0170    11.0171    18.3585   12.03137 1.0987e+02      1.128 0.0000e+00
        294 226.576936    0.02035     1.2208     73.250  1018.3637  38817.178    24.1737      1.116    6.61812    11.0170    11.0171    18.3586   12.03135 1.0974e+02      1.126 0.0000e+00
        295 226.576939    0.02042     1.2250     73.500  1018.3638  38817.409    24.1739      1.115    6.61811    11.0170    11.0171    18.3587   12.03133 1.0968e+02      1.125 0.0000e+00
        296 226.576942    0.02049     1.2292     73.750  1018.3639  38817.495    24.1739      1.115    6.61811    11.0170    11.0171    18.3587   12.03133 1.0962e+02      1.125 0.0000e+00
        297 226.576944    0.02056     1.2333     74.000  1018.3638  38817.307    24.1738      1.115    6.61812    11.0171    11.0171    18.3586   12.03135 1.0949e+02      1.126 0.0000e+00
        298 226.576947    0.02063     1.2375     74.250  1018.3636  38816.909    24.1735      1.116    6.61812    11.0172    11.0172    18.3584   12.03136 1.0933e+02      1.127 0.0000e+00
        299 226.576950    0.02069     1.2417     74.500  1018.3634  38816.525    24.1733      1.117    6.61813    11.0173    11.0172    18.3582   12.03137 1.0918e+02      1.128 0.0000e+00
        300 226.576953    0.02076     1.2458     74.750  1018.3633  38816.329    24.1731      1.118    6.61812    11.0173    11.0173    18.3581   12.03136 1.0908e+02      1.129 0.0000e+00
        301 226.576956    0.02083     1.2500     75.000  1018.3633  38816.383    24.1732      1.119    6.61811    11.0174    11.0174    18.3581   12.03134 1.0901e+02      1.130 0.0000e+00
        302 226.576959    0.02090     1.2542     75.250  1018.3634  38816.641    24.1734      1.119    6.61809    11.0174    11.0174    18.3582   12.03131 1.0896e+02      1.130 0.0000e+00
        303 226.576962    0.02097     1.2583     75.500  1018.3636  38816.998    24.1736      1.119    6.61807    11.0174    11.0175    18.3584   12.03127 1.0890e+02      1.130 0.0000e+00
        304 226.576965    0.02104     1.2625     75.750  1018.3638  38817.384    24.1739      1.119    6.61805    11.0175    11.0175    18.3586   12.03124 1.0879e+02      1.129 0.0000e+00
        305 226.576968    0.02111     1.2667     76.000  1018.3640  38817.737    24.1741      1.118    6.61804    11.0175    11.0176    18.3588   12.03121 1.0857e+02      1.128 0.0000e+00
        306 226.576970    0.02118     1.2708     76.250  1018.3641  38817.987    24.1743      1.117    6.61802    11.0176    11.0176    18.3590   12.03118 1.0828e+02      1.127 0.0000e+00
        307 226.576973    0.02125     1.2750     76.500  1018.3642  38818.099    24.1744      1.116    6.61801    11.0176    11.0177    18.3590   12.03116 1.0798e+02      1.126 0.0000e+00
        308 226.576976    0.02132     1.2792     76.750  1018.3642  38818.162    24.1744      1.115    6.61800    11.0177    11.0177    18.3591   12.03115 1.0776e+02      1.126 0.0000e+00
        309 226.576979    0.02139     1.2833     77.000  1018.3644  38818.498    24.1747      1.115    6.61798    11.0177    11.0177    18.3592   12.03112 1.0767e+02      1.125 0.0000e+00
        310 226.576982    0.02146     1.2875     77.250  1018.3649  38819.526    24.1754      1.115    6.61795    11.0178    11.0178    18.3598   12.03105 1.0769e+02      1.125 0.0000e+00
        311 226.576985    0.02153     1.2917     77.500  1018.3660  38821.609    24.1768      1.115    6.61788    11.0178    11.0178    18.3609   12.03091 1.0781e+02      1.125 0.0000e+00
        312 226.576988    0.02160     1.2958     77.750  1018.3679  38825.285    24.1794      1.116    6.61777    11.0178    11.0179    18.3628   12.03069 1.0795e+02      1.126 0.0000e+00
        313 226.576991    0.02167     1.3000     78.000  1018.3712  38831.488    24.1836      1.117    6.61758    11.0178    11.0179    18.3661   12.03034 1.0802e+02      1.127 0.0000e+00
        314 226.576994    0.02174     1.3042     78.250  1018.3766  38841.483    24.1905      1.119    6.61729    11.0177    11.0179    18.3714   12.02977 1.0800e+02      1.129 0.0000e+00
        315 226.576997    0.02181     1.3083     78.500  1018.3850  38857.220    24.2012      1.120    6.61684    11.0175    11.0179    18.3798   12.02889 1.0790e+02      1.130 0.0000e+00
        316 226.576999    0.02187     1.3125     78.750  1018.3983  38882.245    24.2184      1.121    6.61613    11.0172    11.0179    18.3931   12.02749 1.0775e+02      1.131 0.0000e+00
        317 226.577002    0.02194     1.3167     79.000  1018.4196  38922.311    24.2459      1.121    6.61501    11.0166    11.0177    18.4144   12.02528 1.0760e+02      1.132 0.0000e+00
        318 226.577005    0.02201     1.3208     79.250  1018.4471  38973.889    24.2812      1.120    6.61358    11.0159    11.0173    18.4419   12.02247 1.0752e+02      1.131 0.0000e+00
        319 226.577008    0.02208     1.3250     79.500  1018.4719  39020.428    24.3131      1.119    6.61232    11.0152    11.0168    18.4667   12.01998 1.0751e+02      1.129 0.0000e+00
        320 226.577011    0.02215     1.3292     79.750  1018.4888  39052.244    24.3349      1.116    6.61150    11.0146    11.0161    18.4837   12.01835 1.0757e+02      1.127 0.0000e+00
        321 226.577014    0.02222     1.3333     80.000  1018.4988  39070.858    24.3476      1.113    6.61107    11.0139    11.0154    18.4937   12.01747 1.0769e+02      1.123 0.0000e+00
        322 226.577017    0.02229     1.3375     80.250  1018.5037  39080.001    24.3538      1.110    6.61091    11.0132    11.0147    18.4986   12.01712 1.0784e+02      1.120 0.0000e+00
        323 226.577020    0.02236     1.3417     80.500  1018.5054  39082.980    24.3557      1.107    6.61093    11.0124    11.0140    18.5003   12.01713 1.0797e+02      1.117 0.0000e+00
        324 226.577023    0.02243     1.3458     80.750  1018.5051  39082.392    24.3552      1.105    6.61105    11.0117    11.0133    18.5000   12.01734 1.0804e+02      1.115 0.0000e+00
        325 226.577025    0.02250     1.3500     81.000  1018.5046  39081.229    24.3544      1.105    6.61120    11.0112    11.0125    18.4995   12.01759 1.0806e+02      1.115 0.0000e+00
        326 226.577028    0.02257     1.3542     81.250  1018.5045  39081.003    24.3542      1.105    6.61131    11.0108    11.0118    18.4994   12.01778 1.0803e+02      1.115 0.0000e+00
        327 226.577031    0.02264     1.3583     81.500  1018.5045  39080.881    24.3540      1.107    6.61139    11.0105    11.0113    18.4994   12.01792 1.0795e+02      1.117 0.0000e+00
        328 226.577034    0.02271     1.3625     81.750  1018.5042  39080.314    24.3536      1.109    6.61146    11.0103    11.0109    18.4991   12.01805 1.0790e+02      1.119 0.0000e+00
        329 226.577037    0.02278     1.3667     82.000  1018.5041  39079.899    24.3534      1.111    6.61152    11.0102    11.0106    18.4989   12.01814 1.0790e+02      1.121 0.0000e+00
        330 226.577040    0.02285     1.3708     82.250  1018.5044  39080.523    24.3538      1.113    6.61153    11.0102    11.0104    18.4993   12.01816 1.0791e+02      1.123 0.0000e+00
        331 226.577043    0.02292     1.3750     82.500  1018.5055  39082.459    24.3551      1.114    6.61149    11.0103    11.0103    18.5003   12.01807 1.0787e+02      1.124 0.0000e+00
        332 226.577046    0.02299     1.3792     82.750  1018.5067  39084.807    24.3567      1.114    6.61142    11.0104    11.0103    18.5015   12.01794 1.0779e+02      1.124 0.0000e+00
        333 226.577049    0.02306     1.3833     83.000  1018.5077  39086.616    24.3580      1.114    6.61136    11.0105    11.0104    18.5025   12.01781 1.0770e+02      1.124 0.0000e+00
        334 226.577052    0.02313     1.3875     83.250  1018.5081  39087.553    24.3586      1.112    6.61131    11.0105    11.0105    18.5030   12.01774 1.0766e+02      1.122 0.0000e+00
        335 226.577054    0.02319     1.3917     83.500  1018.5082  39087.659    24.3587      1.109    6.61130    11.0104    11.0106    18.5031   12.01771 1.0769e+02      1.120 0.0000e+00
        336 226.577057    0.02326     1.3958     83.750  1018.5077  39086.768    24.3581      1.107    6.61132    11.0103    11.0106    18.5026   12.01776 1.0775e+02      1.117 0.0000e+00
        337 226.577060    0.02333     1.4000     84.000  1018.5066  39084.744    24.3567      1.105    6.61139    11.0100    11.0105    18.5015   12.01789 1.0778e+02      1.115 0.0000e+00
        338 226.577063    0.02340     1.4042     84.250  1018.5053  39082.127    24.3549      1.105    6.61149    11.0097    11.0104    18.5001   12.01808 1.0780e+02      1.115 0.0000e+00
        339 226.577066    0.02347     1.4083     84.500  1018.5037  39079.203    24.3528      1.105    6.61162    11.0093    11.0101    18.4986   12.01831 1.0788e+02      1.116 0.0000e+00
        340 226.577069    0.02354     1.4125     84.750  1018.5021  39076.034    24.3506      1.107    6.61175    11.0089    11.0098    18.4970   12.01857 1.0804e+02      1.117 0.0000e+00
