CTD-processing/allCTD/CNV--homogene/2014_04-07_t7_s11_cast276.cnv
* Sea-Bird SBE19plus Data File:
* FileName = C:\Users\kris.holderied\Documents\kasitsna\Research-Projects-and-Data\Oceanography-AK\CTD-CookInlet-GulfWatchAK\2014-04-EVOSTC-CookInlet-Ocean\2014-04-07-CookInlet-Tran7-Augustine\2014-04-07-CookInlet-Tran7-cast276.hex
* Software Version 1.59
* Temperature SN =  5028
* Conductivity SN =  5028
* System UpLoad Time = Apr 09 2014 12:01:07
** Cook Inlet LTM Transect 7 (Augustine) west to east
** Date: 7 Apr 2014
** Station: 7-11
** Start time: 06:19
** Depth (m): 69
** Comment:  CTD instrument time is AK Daylight time
** Comment:
# nquan = 17
# nvalues = 607                         
# units = specified
# name 0 = scan: Scan Count
# name 1 = timeJ: Julian Days
# name 2 = timeH: Time, Elapsed [hours]
# name 3 = timeM: Time, Elapsed [minutes]
# name 4 = timeS: Time, Elapsed [seconds]
# name 5 = density00: Density [density, kg/m^3]
# name 6 = specc: Specific Conductance [uS/cm]
# name 7 = sal00: Salinity, Practical [PSU]
# name 8 = depSM: Depth [salt water, m], lat = 59.00
# name 9 = oxsolML/L: Oxygen Saturation, Garcia & Gordon [ml/l]
# name 10 = potemp090C: Potential Temperature [ITS-90, deg C]
# name 11 = tv290C: Temperature [ITS-90, deg C]
# name 12 = sigma-é00: Density [sigma-theta, kg/m^3]
# name 13 = n2satML/L: Nitrogen Saturation [ml/l]
# name 14 = par: PAR/Irradiance, Biospherical/Licor
# name 15 = prdM: Pressure, Strain Gauge [db]
# name 16 = flag:  0.000e+00
# span 0 =          1,        607       
# span 1 =  97.263160,  97.264913       
# span 2 =    0.00000,    0.04208       
# span 3 =     0.0000,     2.5250       
# span 4 =      0.000,    151.500       
# span 5 =  1000.6585,  1025.7106       
# span 6 =   1725.784,  51677.779       
# span 7 =     0.8519,    32.0744       
# span 8 =     -0.224,     68.676       
# span 9 =    7.26360,    9.22895       
# span 10 =     3.5499,     4.7043      
# span 11 =     3.5499,     4.7091      
# span 12 =     0.6596,    25.3882      
# span 13 =   13.00129,   16.73258      
# span 14 = 3.7912e-02, 1.1137e+00      
# span 15 =     -0.226,     69.336      
# span 16 = 0.0000e+00, 0.0000e+00      
# interval = seconds: 0.25
# start_time = Apr 07 2014 06:18:57 [Instrument's time stamp, header]
# bad_flag = -9.990e-29
*END*
[from data line 86]
         87  97.263409    0.00597     0.3583     21.500  1025.1395  51214.732    31.7081      1.087    7.34550     4.3470     4.3465    25.1344   13.14123 1.9393e-01      1.097 0.0000e+00
         88  97.263411    0.00604     0.3625     21.750  1025.1428  51221.000    31.7124      1.074    7.34531     4.3483     4.3464    25.1378   13.14087 2.1055e-01      1.084 0.0000e+00
         89  97.263414    0.00611     0.3667     22.000  1025.1467  51228.102    31.7174      1.056    7.34493     4.3498     4.3471    25.1417   13.14017 2.1923e-01      1.066 0.0000e+00
         90  97.263417    0.00618     0.3708     22.250  1025.1516  51237.057    31.7238      1.036    7.34438     4.3510     4.3484    25.1466   13.13918 2.0446e-01      1.046 0.0000e+00
         91  97.263420    0.00625     0.3750     22.500  1025.1566  51246.196    31.7304      1.018    7.34380     4.3519     4.3499    25.1517   13.13813 1.6986e-01      1.028 0.0000e+00
         92  97.263423    0.00632     0.3792     22.750  1025.1606  51253.489    31.7357      1.005    7.34331     4.3525     4.3511    25.1558   13.13727 1.3695e-01      1.015 0.0000e+00
         93  97.263426    0.00639     0.3833     23.000  1025.1628  51257.479    31.7387      0.998    7.34301     4.3529     4.3520    25.1581   13.13674 1.1303e-01      1.008 0.0000e+00
         94  97.263429    0.00646     0.3875     23.250  1025.1631  51258.011    31.7392      0.998    7.34289     4.3533     4.3525    25.1584   13.13652 9.3568e-02      1.008 0.0000e+00
         95  97.263432    0.00653     0.3917     23.500  1025.1621  51256.060    31.7379      1.003    7.34287     4.3537     4.3529    25.1574   13.13651 7.8857e-02      1.013 0.0000e+00
         96  97.263435    0.00660     0.3958     23.750  1025.1604  51252.660    31.7357      1.013    7.34291     4.3542     4.3533    25.1556   13.13661 6.9813e-02      1.023 0.0000e+00
         97  97.263437    0.00667     0.4000     24.000  1025.1584  51248.962    31.7332      1.024    7.34295     4.3548     4.3538    25.1536   13.13671 6.5398e-02      1.034 0.0000e+00
         98  97.263440    0.00674     0.4042     24.250  1025.1568  51245.856    31.7312      1.036    7.34296     4.3553     4.3543    25.1519   13.13675 6.5646e-02      1.046 0.0000e+00
         99  97.263443    0.00681     0.4083     24.500  1025.1558  51243.681    31.7298      1.049    7.34294     4.3557     4.3548    25.1508   13.13672 7.1038e-02      1.059 0.0000e+00
        100  97.263446    0.00688     0.4125     24.750  1025.1551  51242.168    31.7289      1.063    7.34289     4.3560     4.3554    25.1500   13.13666 8.2286e-02      1.073 0.0000e+00
        101  97.263449    0.00694     0.4167     25.000  1025.1544  51240.721    31.7280      1.076    7.34286     4.3560     4.3558    25.1492   13.13662 9.9964e-02      1.087 0.0000e+00
        102  97.263452    0.00701     0.4208     25.250  1025.1535  51239.070    31.7269      1.089    7.34287     4.3559     4.3560    25.1484   13.13665 1.2215e-01      1.099 0.0000e+00
        103  97.263455    0.00708     0.4250     25.500  1025.1527  51237.545    31.7259      1.099    7.34291     4.3558     4.3561    25.1476   13.13673 1.4819e-01      1.109 0.0000e+00
        104  97.263458    0.00715     0.4292     25.750  1025.1524  51236.839    31.7254      1.105    7.34295     4.3558     4.3560    25.1472   13.13680 1.7392e-01      1.116 0.0000e+00
        105  97.263461    0.00722     0.4333     26.000  1025.1529  51237.737    31.7260      1.107    7.34293     4.3559     4.3559    25.1476   13.13677 1.9544e-01      1.118 0.0000e+00
        106  97.263464    0.00729     0.4375     26.250  1025.1544  51240.538    31.7279      1.104    7.34284     4.3560     4.3559    25.1491   13.13659 2.1990e-01      1.114 0.0000e+00
        107  97.263466    0.00736     0.4417     26.500  1025.1563  51244.239    31.7305      1.094    7.34270     4.3561     4.3560    25.1512   13.13633 2.3929e-01      1.104 0.0000e+00
        108  97.263469    0.00743     0.4458     26.750  1025.1579  51247.309    31.7326      1.077    7.34258     4.3560     4.3561    25.1529   13.13609 2.4068e-01      1.087 0.0000e+00
        109  97.263472    0.00750     0.4500     27.000  1025.1590  51249.354    31.7340      1.054    7.34250     4.3560     4.3561    25.1540   13.13594 2.3133e-01      1.064 0.0000e+00
        110  97.263475    0.00757     0.4542     27.250  1025.1599  51251.257    31.7353      1.026    7.34244     4.3559     4.3561    25.1550   13.13583 2.1284e-01      1.036 0.0000e+00
        111  97.263478    0.00764     0.4583     27.500  1025.1614  51254.330    31.7374      0.998    7.34235     4.3559     4.3560    25.1567   13.13565 1.7922e-01      1.007 0.0000e+00
        112  97.263481    0.00771     0.4625     27.750  1025.1639  51259.195    31.7408      0.971    7.34220     4.3559     4.3560    25.1593   13.13535 1.3727e-01      0.980 0.0000e+00
        113  97.263484    0.00778     0.4667     28.000  1025.1669  51264.801    31.7446      0.948    7.34201     4.3556     4.3560    25.1624   13.13499 1.0132e-01      0.957 0.0000e+00
        114  97.263487    0.00785     0.4708     28.250  1025.1692  51269.246    31.7476      0.933    7.34186     4.3552     4.3559    25.1648   13.13471 7.7278e-02      0.942 0.0000e+00
        115  97.263490    0.00792     0.4750     28.500  1025.1704  51271.456    31.7491      0.928    7.34183     4.3545     4.3557    25.1660   13.13464 6.2539e-02      0.936 0.0000e+00
        116  97.263492    0.00799     0.4792     28.750  1025.1704  51271.470    31.7490      0.933    7.34192     4.3536     4.3553    25.1660   13.13479 5.3823e-02      0.942 0.0000e+00
        117  97.263495    0.00806     0.4833     29.000  1025.1695  51269.869    31.7477      0.951    7.34211     4.3526     4.3545    25.1651   13.13512 4.8966e-02      0.959 0.0000e+00
        118  97.263498    0.00813     0.4875     29.250  1025.1681  51267.264    31.7457      0.980    7.34236     4.3516     4.3537    25.1636   13.13556 4.6824e-02      0.989 0.0000e+00
        119  97.263501    0.00819     0.4917     29.500  1025.1664  51263.961    31.7432      1.020    7.34266     4.3501     4.3527    25.1617   13.13608 4.6957e-02      1.029 0.0000e+00
        120  97.263504    0.00826     0.4958     29.750  1025.1638  51258.850    31.7395      1.065    7.34303     4.3478     4.3516    25.1588   13.13675 4.9409e-02      1.074 0.0000e+00
        121  97.263507    0.00833     0.5000     30.000  1025.1585  51248.970    31.7324      1.110    7.34363     4.3441     4.3502    25.1532   13.13784 5.4690e-02      1.120 0.0000e+00
        122  97.263510    0.00840     0.5042     30.250  1025.1505  51234.305    31.7218      1.149    7.34457     4.3383     4.3479    25.1451   13.13952 6.3193e-02      1.160 0.0000e+00
        123  97.263513    0.00847     0.5083     30.500  1025.1431  51220.912    31.7117      1.177    7.34573     4.3305     4.3442    25.1375   13.14157 7.4752e-02      1.188 0.0000e+00
        124  97.263516    0.00854     0.5125     30.750  1025.1402  51216.518    31.7074      1.188    7.34698     4.3222     4.3384    25.1346   13.14368 9.0603e-02      1.200 0.0000e+00
        125  97.263519    0.00861     0.5167     31.000  1025.1442  51225.078    31.7115      1.184    7.34817     4.3155     4.3306    25.1386   13.14559 1.1502e-01      1.196 0.0000e+00
        126  97.263521    0.00868     0.5208     31.250  1025.1532  51243.137    31.7219      1.166    7.34913     4.3114     4.3222    25.1477   13.14704 1.4537e-01      1.177 0.0000e+00
        127  97.263524    0.00875     0.5250     31.500  1025.1626  51261.635    31.7330      1.137    7.34977     4.3095     4.3156    25.1572   13.14796 1.7091e-01      1.148 0.0000e+00
        128  97.263527    0.00882     0.5292     31.750  1025.1683  51273.123    31.7399      1.102    7.35015     4.3088     4.3115    25.1631   13.14850 1.8334e-01      1.112 0.0000e+00
        129  97.263530    0.00889     0.5333     32.000  1025.1698  51276.528    31.7418      1.064    7.35040     4.3089     4.3096    25.1648   13.14889 1.8028e-01      1.074 0.0000e+00
        130  97.263533    0.00896     0.5375     32.250  1025.1693  51275.963    31.7413      1.025    7.35056     4.3099     4.3088    25.1645   13.14915 1.6218e-01      1.035 0.0000e+00
        131  97.263536    0.00903     0.5417     32.500  1025.1688  51275.327    31.7409      0.989    7.35056     4.3120     4.3089    25.1641   13.14916 1.3070e-01      0.998 0.0000e+00
        132  97.263539    0.00910     0.5458     32.750  1025.1683  51274.501    31.7406      0.958    7.35039     4.3147     4.3099    25.1638   13.14889 9.7662e-02      0.967 0.0000e+00
        133  97.263542    0.00917     0.5500     33.000  1025.1668  51271.500    31.7390      0.936    7.35011     4.3174     4.3120    25.1623   13.14843 7.4370e-02      0.944 0.0000e+00
        134  97.263545    0.00924     0.5542     33.250  1025.1637  51265.483    31.7355      0.924    7.34980     4.3196     4.3147    25.1593   13.14797 6.0298e-02      0.932 0.0000e+00
        135  97.263547    0.00931     0.5583     33.500  1025.1590  51256.373    31.7299      0.924    7.34958     4.3205     4.3175    25.1546   13.14769 5.2196e-02      0.933 0.0000e+00
        136  97.263550    0.00937     0.5625     33.750  1025.1528  51244.560    31.7223      0.937    7.34958     4.3200     4.3196    25.1484   13.14779 4.7903e-02      0.946 0.0000e+00
        137  97.263553    0.00944     0.5667     34.000  1025.1460  51231.830    31.7138      0.961    7.34983     4.3181     4.3205    25.1415   13.14831 4.6275e-02      0.971 0.0000e+00
        138  97.263556    0.00951     0.5708     34.250  1025.1403  51221.050    31.7063      0.994    7.35029     4.3143     4.3200    25.1356   13.14916 4.6876e-02      1.004 0.0000e+00
        139  97.263559    0.00958     0.5750     34.500  1025.1366  51214.330    31.7013      1.032    7.35089     4.3083     4.3181    25.1318   13.15022 4.9869e-02      1.041 0.0000e+00
        140  97.263562    0.00965     0.5792     34.750  1025.1356  51212.623    31.6992      1.069    7.35166     4.2999     4.3143    25.1305   13.15151 5.6039e-02      1.079 0.0000e+00
        141  97.263565    0.00972     0.5833     35.000  1025.1376  51217.041    31.7008      1.102    7.35265     4.2901     4.3083    25.1324   13.15313 6.6826e-02      1.112 0.0000e+00
        142  97.263568    0.00979     0.5875     35.250  1025.1430  51228.086    31.7064      1.126    7.35386     4.2803     4.3000    25.1377   13.15506 8.4574e-02      1.137 0.0000e+00
        143  97.263571    0.00986     0.5917     35.500  1025.1511  51244.390    31.7153      1.140    7.35518     4.2722     4.2902    25.1457   13.15712 1.1252e-01      1.151 0.0000e+00
        144  97.263573    0.00993     0.5958     35.750  1025.1606  51263.504    31.7261      1.144    7.35639     4.2668     4.2804    25.1552   13.15897 1.5450e-01      1.155 0.0000e+00
        145  97.263576    0.01000     0.6000     36.000  1025.1700  51282.000    31.7368      1.140    7.35729     4.2640     4.2723    25.1646   13.16032 2.0294e-01      1.151 0.0000e+00
        146  97.263579    0.01007     0.6042     36.250  1025.1768  51295.568    31.7449      1.130    7.35786     4.2627     4.2669    25.1715   13.16116 2.3970e-01      1.141 0.0000e+00
        147  97.263582    0.01014     0.6083     36.500  1025.1796  51301.241    31.7481      1.115    7.35821     4.2622     4.2640    25.1743   13.16170 2.5891e-01      1.126 0.0000e+00
        148  97.263585    0.01021     0.6125     36.750  1025.1785  51299.501    31.7466      1.098    7.35850     4.2617     4.2628    25.1733   13.16219 2.6310e-01      1.108 0.0000e+00
        149  97.263588    0.01028     0.6167     37.000  1025.1755  51294.215    31.7429      1.078    7.35879     4.2611     4.2623    25.1704   13.16271 2.5862e-01      1.088 0.0000e+00
        150  97.263591    0.01035     0.6208     37.250  1025.1729  51289.769    31.7397      1.056    7.35903     4.2605     4.2618    25.1680   13.16316 2.4780e-01      1.066 0.0000e+00
        151  97.263594    0.01042     0.6250     37.500  1025.1721  51288.479    31.7387      1.033    7.35919     4.2602     4.2612    25.1672   13.16343 2.1792e-01      1.043 0.0000e+00
        152  97.263597    0.01049     0.6292     37.750  1025.1732  51290.815    31.7402      1.011    7.35923     4.2610     4.2606    25.1684   13.16347 1.7385e-01      1.020 0.0000e+00
        153  97.263600    0.01056     0.6333     38.000  1025.1756  51295.385    31.7433      0.992    7.35912     4.2630     4.2603    25.1709   13.16326 1.3411e-01      1.001 0.0000e+00
        154  97.263602    0.01063     0.6375     38.250  1025.1775  51298.880    31.7458      0.980    7.35886     4.2660     4.2611    25.1729   13.16279 1.0182e-01      0.989 0.0000e+00
        155  97.263605    0.01069     0.6417     38.500  1025.1770  51297.714    31.7455      0.975    7.35851     4.2689     4.2631    25.1724   13.16222 7.7730e-02      0.984 0.0000e+00
        156  97.263608    0.01076     0.6458     38.750  1025.1731  51290.138    31.7411      0.978    7.35820     4.2703     4.2661    25.1685   13.16177 6.2797e-02      0.987 0.0000e+00
        157  97.263611    0.01083     0.6500     39.000  1025.1670  51278.277    31.7336      0.988    7.35806     4.2695     4.2689    25.1623   13.16163 5.3874e-02      0.997 0.0000e+00
        158  97.263614    0.01090     0.6542     39.250  1025.1612  51267.313    31.7264      1.001    7.35817     4.2664     4.2703    25.1565   13.16190 4.8888e-02      1.010 0.0000e+00
        159  97.263617    0.01097     0.6583     39.500  1025.1580  51261.314    31.7221      1.015    7.35852     4.2616     4.2695    25.1532   13.16254 4.6746e-02      1.024 0.0000e+00
        160  97.263620    0.01104     0.6625     39.750  1025.1579  51261.466    31.7215      1.029    7.35910     4.2563     4.2665    25.1530   13.16350 4.6954e-02      1.039 0.0000e+00
        161  97.263623    0.01111     0.6667     40.000  1025.1604  51266.832    31.7240      1.044    7.35982     4.2514     4.2617    25.1555   13.16466 4.9574e-02      1.053 0.0000e+00
        162  97.263626    0.01118     0.6708     40.250  1025.1645  51275.048    31.7284      1.058    7.36056     4.2473     4.2564    25.1595   13.16583 5.5304e-02      1.068 0.0000e+00
        163  97.263628    0.01125     0.6750     40.500  1025.1688  51283.612    31.7331      1.073    7.36121     4.2439     4.2514    25.1637   13.16683 6.5664e-02      1.083 0.0000e+00
        164  97.263631    0.01132     0.6792     40.750  1025.1723  51290.656    31.7369      1.088    7.36175     4.2411     4.2473    25.1671   13.16767 8.3352e-02      1.098 0.0000e+00
        165  97.263634    0.01139     0.6833     41.000  1025.1745  51295.045    31.7392      1.103    7.36223     4.2386     4.2440    25.1692   13.16844 1.1049e-01      1.114 0.0000e+00
        166  97.263637    0.01146     0.6875     41.250  1025.1753  51296.982    31.7399      1.117    7.36269     4.2363     4.2412    25.1700   13.16920 1.4941e-01      1.127 0.0000e+00
        167  97.263640    0.01153     0.6917     41.500  1025.1758  51298.208    31.7401      1.126    7.36313     4.2343     4.2387    25.1705   13.16992 1.9732e-01      1.137 0.0000e+00
        168  97.263643    0.01160     0.6958     41.750  1025.1768  51300.479    31.7411      1.129    7.36350     4.2327     4.2364    25.1715   13.17052 2.4686e-01      1.140 0.0000e+00
        169  97.263646    0.01167     0.7000     42.000  1025.1786  51304.139    31.7431      1.125    7.36376     4.2317     4.2344    25.1733   13.17092 2.9511e-01      1.136 0.0000e+00
        170  97.263649    0.01174     0.7042     42.250  1025.1809  51308.711    31.7459      1.113    7.36389     4.2310     4.2328    25.1757   13.17110 3.2177e-01      1.124 0.0000e+00
