CTD-processing/allCTD/CNV--homogene/2014_11-25_t9_s06_cast157.cnv
* Sea-Bird SBE19plus Data File:
* FileName = C:\Users\kris.holderied\Documents\kasitsna\Research-Projects-and-Data\Oceanography-AK\CTD-Data-ALL-to-2014-10\2014-CTD-KachemakBay-CookInlet\2014-11-25-CookInlet-HomerSpit-monthly\2014-11-25-CookInlet-Tran9-cast157.hex
* Software Version 1.59
* Temperature SN =  4141
* Conductivity SN =  4141
* System UpLoad Time = Dec 16 2014 19:38:58
** Cook Inlet LTM Tran9 (Homer Spit)
** Date: 11-25
** Station: 9-06
** Start time:  15:14
** Depth (m): 98.5
** Comment:  CTD time was left on AKDT by mistake and is one hour ahead of local Alaska Standard time.
** Comment: On Kasitsna Bay Lab R/V Banacle.
# nquan = 17
# nvalues = 767                         
# units = specified
# name 0 = scan: Scan Count
# name 1 = timeJ: Julian Days
# name 2 = timeH: Time, Elapsed [hours]
# name 3 = timeM: Time, Elapsed [minutes]
# name 4 = timeS: Time, Elapsed [seconds]
# name 5 = density00: Density [density, kg/m^3]
# name 6 = specc: Specific Conductance [uS/cm]
# name 7 = sal00: Salinity, Practical [PSU]
# name 8 = depSM: Depth [salt water, m], lat = 59.00
# name 9 = oxsolML/L: Oxygen Saturation, Garcia & Gordon [ml/l]
# name 10 = potemp090C: Potential Temperature [ITS-90, deg C]
# name 11 = tv290C: Temperature [ITS-90, deg C]
# name 12 = sigma-é00: Density [sigma-theta, kg/m^3]
# name 13 = n2satML/L: Nitrogen Saturation [ml/l]
# name 14 = par: PAR/Irradiance, Biospherical/Licor
# name 15 = prdM: Pressure, Strain Gauge [db]
# name 16 = flag:  0.000e+00
# span 0 =          1,        767       
# span 1 = 329.677743, 329.679959       
# span 2 =    0.00000,    0.05319       
# span 3 =     0.0000,     3.1917       
# span 4 =      0.000,    191.500       
# span 5 =  1000.4892,  1024.2824       
# span 6 =   1500.474,  48760.253       
# span 7 =     0.7368,    30.7836       
# span 8 =      0.042,     94.177       
# span 9 =    6.66153,    8.44817       
# span 10 =     7.0190,     8.7965      
# span 11 =     7.0190,     8.8061      
# span 12 =     0.4890,    23.8490      
# span 13 =   12.02226,   15.42307      
# span 14 = 3.6382e-02, 6.7414e+01      
# span 15 =      0.043,     95.088      
# span 16 = 0.0000e+00, 0.0000e+00      
# interval = seconds: 0.25
# start_time = Nov 25 2014 16:15:57 [Instrument's time stamp, header]
# bad_flag = -9.990e-29
*END*
[from data line 256]
        257 329.678484    0.01778     1.0667     64.000  1023.4253  47866.050    30.0330      0.989    6.86826     7.6748     7.6713    23.4207   12.37379 8.9126e+00      0.999 0.0000e+00
        258 329.678487    0.01785     1.0708     64.250  1023.4324  47878.918    30.0421      1.011    6.86771     7.6787     7.6722    23.4277   12.37276 8.9453e+00      1.020 0.0000e+00
        259 329.678490    0.01792     1.0750     64.500  1023.4342  47882.153    30.0448      1.030    6.86716     7.6828     7.6749    23.4294   12.37182 8.9630e+00      1.040 0.0000e+00
        260 329.678492    0.01799     1.0792     64.750  1023.4312  47876.645    30.0415      1.041    6.86670     7.6865     7.6788    23.4264   12.37110 8.9792e+00      1.051 0.0000e+00
        261 329.678495    0.01806     1.0833     65.000  1023.4266  47868.368    30.0364      1.040    6.86629     7.6895     7.6829    23.4218   12.37048 8.9540e+00      1.050 0.0000e+00
        262 329.678498    0.01812     1.0875     65.250  1023.4258  47867.134    30.0361      1.028    6.86573     7.6926     7.6866    23.4211   12.36956 8.9868e+00      1.038 0.0000e+00
        263 329.678501    0.01819     1.0917     65.500  1023.4348  47883.729    30.0481      1.010    6.86471     7.6973     7.6896    23.4301   12.36772 9.1456e+00      1.020 0.0000e+00
        264 329.678504    0.01826     1.0958     65.750  1023.4527  47916.890    30.0716      0.994    6.86317     7.7039     7.6927    23.4481   12.36487 9.1731e+00      1.004 0.0000e+00
        265 329.678507    0.01833     1.1000     66.000  1023.4694  47947.612    30.0937      0.986    6.86145     7.7112     7.6974    23.4648   12.36175 8.9101e+00      0.996 0.0000e+00
        266 329.678510    0.01840     1.1042     66.250  1023.4781  47963.737    30.1059      0.989    6.85985     7.7176     7.7040    23.4734   12.35896 8.6453e+00      0.999 0.0000e+00
        267 329.678513    0.01847     1.1083     66.500  1023.4810  47969.174    30.1108      1.002    6.85849     7.7224     7.7113    23.4763   12.35665 8.5893e+00      1.011 0.0000e+00
        268 329.678516    0.01854     1.1125     66.750  1023.4812  47969.759    30.1122      1.018    6.85744     7.7259     7.7177    23.4765   12.35488 8.6669e+00      1.027 0.0000e+00
        269 329.678519    0.01861     1.1167     67.000  1023.4805  47968.509    30.1120      1.031    6.85668     7.7283     7.7225    23.4757   12.35362 8.8049e+00      1.041 0.0000e+00
        270 329.678521    0.01868     1.1208     67.250  1023.4796  47966.889    30.1114      1.037    6.85616     7.7297     7.7260    23.4748   12.35277 9.0117e+00      1.046 0.0000e+00
        271 329.678524    0.01875     1.1250     67.500  1023.4788  47965.495    30.1108      1.032    6.85582     7.7306     7.7284    23.4740   12.35222 9.2775e+00      1.042 0.0000e+00
        272 329.678527    0.01882     1.1292     67.750  1023.4782  47964.493    30.1104      1.021    6.85561     7.7311     7.7298    23.4735   12.35188 9.5192e+00      1.031 0.0000e+00
        273 329.678530    0.01889     1.1333     68.000  1023.4778  47963.904    30.1101      1.008    6.85548     7.7314     7.7307    23.4731   12.35167 9.5994e+00      1.018 0.0000e+00
        274 329.678533    0.01896     1.1375     68.250  1023.4776  47963.610    30.1100      0.999    6.85541     7.7316     7.7312    23.4729   12.35155 9.4755e+00      1.008 0.0000e+00
        275 329.678536    0.01903     1.1417     68.500  1023.4775  47963.500    30.1100      0.997    6.85536     7.7319     7.7315    23.4729   12.35148 9.2408e+00      1.006 0.0000e+00
        276 329.678539    0.01910     1.1458     68.750  1023.4775  47963.456    30.1100      1.003    6.85533     7.7321     7.7317    23.4729   12.35141 9.0794e+00      1.012 0.0000e+00
        277 329.678542    0.01917     1.1500     69.000  1023.4776  47963.392    30.1099      1.015    6.85529     7.7323     7.7320    23.4728   12.35136 9.1377e+00      1.024 0.0000e+00
        278 329.678545    0.01924     1.1542     69.250  1023.4776  47963.315    30.1099      1.029    6.85526     7.7324     7.7322    23.4728   12.35131 9.1875e+00      1.038 0.0000e+00
        279 329.678547    0.01931     1.1583     69.500  1023.4776  47963.208    30.1098      1.039    6.85524     7.7325     7.7323    23.4727   12.35126 9.0158e+00      1.049 0.0000e+00
        280 329.678550    0.01938     1.1625     69.750  1023.4775  47963.030    30.1097      1.042    6.85522     7.7325     7.7325    23.4726   12.35123 8.8291e+00      1.052 0.0000e+00
        281 329.678553    0.01944     1.1667     70.000  1023.4773  47962.779    30.1096      1.038    6.85521     7.7325     7.7326    23.4725   12.35122 8.8111e+00      1.047 0.0000e+00
        282 329.678556    0.01951     1.1708     70.250  1023.4771  47962.524    30.1094      1.028    6.85521     7.7325     7.7326    23.4724   12.35122 8.9102e+00      1.037 0.0000e+00
        283 329.678559    0.01958     1.1750     70.500  1023.4770  47962.391    30.1093      1.016    6.85521     7.7324     7.7326    23.4723   12.35123 9.0400e+00      1.025 0.0000e+00
        284 329.678562    0.01965     1.1792     70.750  1023.4770  47962.424    30.1093      1.006    6.85522     7.7324     7.7326    23.4723   12.35124 9.0908e+00      1.015 0.0000e+00
        285 329.678565    0.01972     1.1833     71.000  1023.4770  47962.545    30.1094      1.002    6.85523     7.7325     7.7325    23.4724   12.35125 8.9962e+00      1.011 0.0000e+00
        286 329.678568    0.01979     1.1875     71.250  1023.4771  47962.621    30.1095      1.004    6.85523     7.7325     7.7325    23.4724   12.35125 8.9330e+00      1.014 0.0000e+00
        287 329.678571    0.01986     1.1917     71.500  1023.4771  47962.616    30.1095      1.014    6.85522     7.7325     7.7325    23.4724   12.35124 8.9985e+00      1.024 0.0000e+00
        288 329.678573    0.01993     1.1958     71.750  1023.4772  47962.585    30.1095      1.027    6.85522     7.7325     7.7326    23.4724   12.35123 9.0440e+00      1.037 0.0000e+00
        289 329.678576    0.02000     1.2000     72.000  1023.4772  47962.568    30.1094      1.038    6.85521     7.7324     7.7326    23.4724   12.35123 8.9981e+00      1.048 0.0000e+00
        290 329.678579    0.02007     1.2042     72.250  1023.4773  47962.634    30.1095      1.044    6.85521     7.7322     7.7326    23.4724   12.35123 8.9203e+00      1.054 0.0000e+00
        291 329.678582    0.02014     1.2083     72.500  1023.4774  47962.817    30.1096      1.044    6.85523     7.7320     7.7325    23.4725   12.35125 8.8672e+00      1.053 0.0000e+00
        292 329.678585    0.02021     1.2125     72.750  1023.4775  47963.056    30.1098      1.037    6.85525     7.7318     7.7323    23.4727   12.35128 8.8148e+00      1.046 0.0000e+00
        293 329.678588    0.02028     1.2167     73.000  1023.4776  47963.260    30.1099      1.026    6.85527     7.7317     7.7321    23.4728   12.35133 8.7268e+00      1.036 0.0000e+00
        294 329.678591    0.02035     1.2208     73.250  1023.4776  47963.375    30.1100      1.016    6.85530     7.7316     7.7319    23.4729   12.35137 8.6691e+00      1.026 0.0000e+00
        295 329.678594    0.02042     1.2250     73.500  1023.4776  47963.459    30.1100      1.010    6.85532     7.7316     7.7318    23.4729   12.35140 8.7185e+00      1.019 0.0000e+00
        296 329.678597    0.02049     1.2292     73.750  1023.4777  47963.586    30.1100      1.009    6.85533     7.7316     7.7317    23.4730   12.35141 8.8070e+00      1.018 0.0000e+00
        297 329.678600    0.02056     1.2333     74.000  1023.4777  47963.707    30.1101      1.013    6.85533     7.7317     7.7317    23.4730   12.35141 8.7704e+00      1.022 0.0000e+00
        298 329.678602    0.02063     1.2375     74.250  1023.4778  47963.754    30.1101      1.018    6.85532     7.7316     7.7317    23.4731   12.35140 8.6588e+00      1.027 0.0000e+00
        299 329.678605    0.02069     1.2417     74.500  1023.4778  47963.745    30.1101      1.024    6.85531     7.7315     7.7318    23.4730   12.35138 8.6694e+00      1.033 0.0000e+00
        300 329.678608    0.02076     1.2458     74.750  1023.4778  47963.745    30.1101      1.026    6.85531     7.7313     7.7317    23.4730   12.35139 8.7842e+00      1.035 0.0000e+00
        301 329.678611    0.02083     1.2500     75.000  1023.4779  47963.844    30.1102      1.025    6.85533     7.7309     7.7316    23.4731   12.35142 8.8894e+00      1.034 0.0000e+00
        302 329.678614    0.02090     1.2542     75.250  1023.4780  47964.139    30.1104      1.021    6.85537     7.7306     7.7314    23.4733   12.35147 8.9065e+00      1.031 0.0000e+00
        303 329.678617    0.02097     1.2583     75.500  1023.4782  47964.596    30.1106      1.017    6.85541     7.7304     7.7310    23.4735   12.35154 8.8215e+00      1.027 0.0000e+00
        304 329.678620    0.02104     1.2625     75.750  1023.4785  47965.025    30.1109      1.015    6.85545     7.7302     7.7307    23.4738   12.35160 8.7016e+00      1.025 0.0000e+00
        305 329.678623    0.02111     1.2667     76.000  1023.4786  47965.367    30.1111      1.015    6.85548     7.7302     7.7305    23.4739   12.35165 8.6079e+00      1.025 0.0000e+00
        306 329.678626    0.02118     1.2708     76.250  1023.4788  47965.725    30.1113      1.017    6.85549     7.7302     7.7303    23.4741   12.35167 8.5598e+00      1.027 0.0000e+00
        307 329.678628    0.02125     1.2750     76.500  1023.4790  47966.010    30.1115      1.020    6.85549     7.7302     7.7302    23.4743   12.35167 8.5549e+00      1.029 0.0000e+00
        308 329.678631    0.02132     1.2792     76.750  1023.4790  47966.086    30.1116      1.020    6.85549     7.7302     7.7302    23.4743   12.35167 8.6235e+00      1.030 0.0000e+00
        309 329.678634    0.02139     1.2833     77.000  1023.4790  47966.047    30.1115      1.016    6.85548     7.7301     7.7303    23.4743   12.35166 8.7631e+00      1.026 0.0000e+00
        310 329.678637    0.02146     1.2875     77.250  1023.4790  47966.123    30.1116      1.006    6.85548     7.7301     7.7303    23.4743   12.35165 8.8530e+00      1.016 0.0000e+00
        311 329.678640    0.02153     1.2917     77.500  1023.4791  47966.386    30.1118      0.992    6.85549     7.7301     7.7302    23.4745   12.35165 8.7649e+00      1.001 0.0000e+00
        312 329.678643    0.02160     1.2958     77.750  1023.4792  47966.691    30.1120      0.978    6.85549     7.7302     7.7302    23.4747   12.35165 8.5610e+00      0.988 0.0000e+00
        313 329.678646    0.02167     1.3000     78.000  1023.4793  47966.865    30.1121      0.971    6.85548     7.7304     7.7302    23.4748   12.35163 8.4389e+00      0.980 0.0000e+00
        314 329.678649    0.02174     1.3042     78.250  1023.4793  47966.834    30.1121      0.973    6.85546     7.7305     7.7303    23.4748   12.35160 8.4535e+00      0.982 0.0000e+00
        315 329.678652    0.02181     1.3083     78.500  1023.4792  47966.687    30.1120      0.984    6.85544     7.7305     7.7305    23.4747   12.35157 8.4716e+00      0.993 0.0000e+00
        316 329.678655    0.02187     1.3125     78.750  1023.4793  47966.635    30.1120      0.998    6.85543     7.7304     7.7306    23.4746   12.35155 8.3945e+00      1.007 0.0000e+00
        317 329.678657    0.02194     1.3167     79.000  1023.4794  47966.751    30.1120      1.009    6.85542     7.7303     7.7306    23.4747   12.35155 8.2965e+00      1.018 0.0000e+00
        318 329.678660    0.02201     1.3208     79.250  1023.4794  47966.844    30.1121      1.013    6.85543     7.7300     7.7305    23.4747   12.35156 8.3200e+00      1.023 0.0000e+00
        319 329.678663    0.02208     1.3250     79.500  1023.4794  47966.861    30.1121      1.012    6.85545     7.7297     7.7304    23.4748   12.35159 8.4416e+00      1.022 0.0000e+00
        320 329.678666    0.02215     1.3292     79.750  1023.4795  47967.091    30.1122      1.007    6.85548     7.7293     7.7301    23.4749   12.35164 8.5226e+00      1.017 0.0000e+00
        321 329.678669    0.02222     1.3333     80.000  1023.4798  47967.676    30.1126      1.001    6.85552     7.7290     7.7298    23.4752   12.35169 8.5328e+00      1.010 0.0000e+00
        322 329.678672    0.02229     1.3375     80.250  1023.4802  47968.445    30.1131      0.995    6.85555     7.7287     7.7294    23.4756   12.35174 8.4921e+00      1.004 0.0000e+00
        323 329.678675    0.02236     1.3417     80.500  1023.4806  47969.201    30.1135      0.990    6.85559     7.7285     7.7291    23.4760   12.35180 8.3809e+00      1.000 0.0000e+00
        324 329.678678    0.02243     1.3458     80.750  1023.4810  47969.804    30.1139      0.986    6.85562     7.7285     7.7288    23.4764   12.35184 8.2862e+00      0.996 0.0000e+00
        325 329.678681    0.02250     1.3500     81.000  1023.4812  47970.232    30.1142      0.984    6.85563     7.7284     7.7286    23.4766   12.35186 8.3537e+00      0.993 0.0000e+00
        326 329.678683    0.02257     1.3542     81.250  1023.4814  47970.591    30.1144      0.983    6.85563     7.7284     7.7285    23.4768   12.35186 8.5373e+00      0.992 0.0000e+00
        327 329.678686    0.02264     1.3583     81.500  1023.4817  47971.113    30.1148      0.987    6.85562     7.7283     7.7285    23.4771   12.35184 8.6663e+00      0.996 0.0000e+00
        328 329.678689    0.02271     1.3625     81.750  1023.4822  47971.978    30.1154      0.995    6.85560     7.7282     7.7284    23.4776   12.35180 8.7183e+00      1.004 0.0000e+00
        329 329.678692    0.02278     1.3667     82.000  1023.4829  47973.176    30.1162      1.006    6.85558     7.7281     7.7284    23.4783   12.35175 8.7812e+00      1.015 0.0000e+00
        330 329.678695    0.02285     1.3708     82.250  1023.4836  47974.478    30.1171      1.017    6.85555     7.7279     7.7283    23.4790   12.35169 8.7684e+00      1.026 0.0000e+00
        331 329.678698    0.02292     1.3750     82.500  1023.4843  47975.563    30.1178      1.025    6.85554     7.7278     7.7281    23.4796   12.35166 8.5536e+00      1.034 0.0000e+00
        332 329.678701    0.02299     1.3792     82.750  1023.4847  47976.260    30.1183      1.029    6.85554     7.7277     7.7280    23.4799   12.35166 8.2989e+00      1.039 0.0000e+00
        333 329.678704    0.02306     1.3833     83.000  1023.4849  47976.552    30.1185      1.032    6.85556     7.7275     7.7279    23.4801   12.35168 8.1281e+00      1.042 0.0000e+00
        334 329.678707    0.02313     1.3875     83.250  1023.4850  47976.664    30.1185      1.042    6.85557     7.7274     7.7278    23.4801   12.35171 7.9549e+00      1.052 0.0000e+00
        335 329.678709    0.02319     1.3917     83.500  1023.4853  47977.059    30.1187      1.068    6.85558     7.7271     7.7276    23.4803   12.35172 7.7530e+00      1.078 0.0000e+00
        336 329.678712    0.02326     1.3958     83.750  1023.4862  47978.280    30.1195      1.117    6.85557     7.7266     7.7275    23.4810   12.35169 7.4034e+00      1.128 0.0000e+00
        337 329.678715    0.02333     1.4000     84.000  1023.4876  47980.381    30.1209      1.195    6.85555     7.7260     7.7272    23.4821   12.35164 6.8107e+00      1.206 0.0000e+00
        338 329.678718    0.02340     1.4042     84.250  1023.4893  47982.573    30.1223      1.300    6.85556     7.7250     7.7268    23.4833   12.35163 6.1765e+00      1.312 0.0000e+00
        339 329.678721    0.02347     1.4083     84.500  1023.4908  47984.287    30.1234      1.426    6.85561     7.7237     7.7262    23.4842   12.35171 5.6633e+00      1.439 0.0000e+00
        340 329.678724    0.02354     1.4125     84.750  1023.4923  47985.902    30.1243      1.569    6.85572     7.7219     7.7252    23.4850   12.35187 5.2253e+00      1.584 0.0000e+00
