CTD-processing/allCTD/CNV--homogene/2014_03-28_alongbay_skb01_partialcast_cast218.cnv
* Sea-Bird SBE19plus Data File:
* FileName = C:\Users\kris.holderied\Documents\kasitsna\Research-Projects-and-Data\Oceanography-AK\CTD-Data-ALL-to-2013-06-17\2014-CTD-KachemakBay\2014-03-28-KachemakBay-AlongBayLine\2014-03-28-KachemakBay-AlongBayLine-cast218.hex
* Software Version 1.59
* Temperature SN =  5028
* Conductivity SN =  5028
* System UpLoad Time = Apr 09 2014 18:17:24
** Cook Inlet, Kachemak Bay Along-bay line, west to east
** Date: 2014-03-28
** Station: KB01  (partial cast only - don't use)
** Start time: 11:52
** Depth (m): 30 PARTIAL CAST
** Comment:  CTD instrument time is AK Daylight. Did Tran 9 in middle of along-bay run (9-06 is KB-06).
** Comment:
# nquan = 17
# nvalues = 585                         
# units = specified
# name 0 = scan: Scan Count
# name 1 = timeJ: Julian Days
# name 2 = timeH: Time, Elapsed [hours]
# name 3 = timeM: Time, Elapsed [minutes]
# name 4 = timeS: Time, Elapsed [seconds]
# name 5 = density00: Density [density, kg/m^3]
# name 6 = specc: Specific Conductance [uS/cm]
# name 7 = sal00: Salinity, Practical [PSU]
# name 8 = depSM: Depth [salt water, m], lat = 59.00
# name 9 = oxsolML/L: Oxygen Saturation, Garcia & Gordon [ml/l]
# name 10 = potemp090C: Potential Temperature [ITS-90, deg C]
# name 11 = tv290C: Temperature [ITS-90, deg C]
# name 12 = sigma-é00: Density [sigma-theta, kg/m^3]
# name 13 = n2satML/L: Nitrogen Saturation [ml/l]
# name 14 = par: PAR/Irradiance, Biospherical/Licor
# name 15 = prdM: Pressure, Strain Gauge [db]
# name 16 = flag:  0.000e+00
# span 0 =          1,        585       
# span 1 =  87.493866,  87.495556       
# span 2 =    0.00000,    0.04056       
# span 3 =     0.0000,     2.4333       
# span 4 =      0.000,    146.000       
# span 5 =  1000.4157,  1025.2729       
# span 6 =    932.650,  51200.342       
# span 7 =     0.5591,    31.6494       
# span 8 =     -0.070,     36.559       
# span 9 =    7.36918,    9.00203       
# span 10 =     4.1894,     4.5742      
# span 11 =     4.1899,     4.5825      
# span 12 =     0.4160,    25.1012      
# span 13 =   13.18239,   16.35788      
# span 14 = 3.0648e+00, 2.5370e+02      
# span 15 =     -0.071,     36.907      
# span 16 = 0.0000e+00, 0.0000e+00      
# interval = seconds: 0.25
# start_time = Mar 28 2014 11:51:10 [Instrument's time stamp, header]
# bad_flag = -9.990e-29
*END*
[from data line 256]
        257  87.494606    0.01778     1.0667     64.000  1025.0892  51146.316    31.6285      0.855    7.37470     4.2037     4.2050    25.0852   13.19047 6.7388e+01      0.863 0.0000e+00
        258  87.494609    0.01785     1.0708     64.250  1025.0900  51147.782    31.6294      0.860    7.37479     4.2031     4.2043    25.0860   13.19060 6.7887e+01      0.868 0.0000e+00
        259  87.494612    0.01792     1.0750     64.500  1025.0904  51148.582    31.6298      0.872    7.37487     4.2026     4.2038    25.0863   13.19073 6.8496e+01      0.880 0.0000e+00
        260  87.494615    0.01799     1.0792     64.750  1025.0908  51149.196    31.6301      0.886    7.37495     4.2022     4.2032    25.0866   13.19086 6.8550e+01      0.894 0.0000e+00
        261  87.494618    0.01806     1.0833     65.000  1025.0911  51149.907    31.6304      0.896    7.37502     4.2019     4.2027    25.0869   13.19098 6.7462e+01      0.904 0.0000e+00
        262  87.494621    0.01812     1.0875     65.250  1025.0916  51150.744    31.6309      0.896    7.37508     4.2019     4.2023    25.0873   13.19106 6.6024e+01      0.904 0.0000e+00
        263  87.494624    0.01819     1.0917     65.500  1025.0919  51151.486    31.6313      0.886    7.37510     4.2019     4.2020    25.0877   13.19109 6.5359e+01      0.894 0.0000e+00
        264  87.494627    0.01826     1.0958     65.750  1025.0920  51151.896    31.6316      0.871    7.37510     4.2020     4.2019    25.0880   13.19109 6.5739e+01      0.880 0.0000e+00
        265  87.494630    0.01833     1.1000     66.000  1025.0921  51152.081    31.6317      0.860    7.37509     4.2021     4.2020    25.0881   13.19107 6.6665e+01      0.868 0.0000e+00
        266  87.494633    0.01840     1.1042     66.250  1025.0922  51152.235    31.6319      0.855    7.37507     4.2021     4.2020    25.0882   13.19104 6.7641e+01      0.863 0.0000e+00
        267  87.494635    0.01847     1.1083     66.500  1025.0923  51152.391    31.6320      0.857    7.37505     4.2022     4.2021    25.0883   13.19101 6.8636e+01      0.865 0.0000e+00
        268  87.494638    0.01854     1.1125     66.750  1025.0924  51152.519    31.6321      0.865    7.37503     4.2024     4.2022    25.0884   13.19097 6.9451e+01      0.873 0.0000e+00
        269  87.494641    0.01861     1.1167     67.000  1025.0925  51152.561    31.6321      0.876    7.37501     4.2025     4.2023    25.0884   13.19094 6.9545e+01      0.884 0.0000e+00
        270  87.494644    0.01868     1.1208     67.250  1025.0925  51152.495    31.6321      0.885    7.37499     4.2025     4.2024    25.0883   13.19090 6.9120e+01      0.894 0.0000e+00
        271  87.494647    0.01875     1.1250     67.500  1025.0924  51152.343    31.6321      0.891    7.37497     4.2025     4.2025    25.0882   13.19087 6.8972e+01      0.899 0.0000e+00
        272  87.494650    0.01882     1.1292     67.750  1025.0923  51152.117    31.6319      0.892    7.37497     4.2024     4.2026    25.0881   13.19087 6.9187e+01      0.900 0.0000e+00
        273  87.494653    0.01889     1.1333     68.000  1025.0922  51151.848    31.6317      0.889    7.37498     4.2022     4.2025    25.0880   13.19090 6.9223e+01      0.897 0.0000e+00
        274  87.494656    0.01896     1.1375     68.250  1025.0920  51151.638    31.6316      0.884    7.37502     4.2019     4.2024    25.0878   13.19095 6.8569e+01      0.892 0.0000e+00
        275  87.494659    0.01903     1.1417     68.500  1025.0920  51151.616    31.6315      0.877    7.37506     4.2017     4.2022    25.0878   13.19102 6.7609e+01      0.885 0.0000e+00
        276  87.494661    0.01910     1.1458     68.750  1025.0920  51151.848    31.6316      0.870    7.37510     4.2016     4.2019    25.0879   13.19109 6.7693e+01      0.878 0.0000e+00
        277  87.494664    0.01917     1.1500     69.000  1025.0922  51152.272    31.6318      0.867    7.37512     4.2016     4.2017    25.0882   13.19112 6.8879e+01      0.875 0.0000e+00
        278  87.494667    0.01924     1.1542     69.250  1025.0925  51152.704    31.6321      0.872    7.37513     4.2017     4.2016    25.0884   13.19113 6.9491e+01      0.880 0.0000e+00
        279  87.494670    0.01931     1.1583     69.500  1025.0927  51152.949    31.6323      0.888    7.37512     4.2018     4.2016    25.0885   13.19111 6.8805e+01      0.896 0.0000e+00
        280  87.494673    0.01938     1.1625     69.750  1025.0928  51152.907    31.6323      0.915    7.37510     4.2017     4.2017    25.0885   13.19109 6.7606e+01      0.923 0.0000e+00
        281  87.494676    0.01944     1.1667     70.000  1025.0928  51152.627    31.6321      0.956    7.37510     4.2016     4.2018    25.0883   13.19109 6.6225e+01      0.964 0.0000e+00
        282  87.494679    0.01951     1.1708     70.250  1025.0929  51152.254    31.6318      1.013    7.37512     4.2014     4.2018    25.0881   13.19112 6.4391e+01      1.022 0.0000e+00
        283  87.494682    0.01958     1.1750     70.500  1025.0930  51151.941    31.6315      1.093    7.37515     4.2010     4.2017    25.0879   13.19118 6.2292e+01      1.103 0.0000e+00
        284  87.494685    0.01965     1.1792     70.750  1025.0935  51151.910    31.6313      1.203    7.37520     4.2006     4.2014    25.0878   13.19127 6.0097e+01      1.214 0.0000e+00
        285  87.494687    0.01972     1.1833     71.000  1025.0942  51152.211    31.6314      1.342    7.37526     4.2003     4.2011    25.0879   13.19136 5.7947e+01      1.355 0.0000e+00
        286  87.494690    0.01979     1.1875     71.250  1025.0951  51152.604    31.6315      1.505    7.37532     4.1999     4.2007    25.0880   13.19146 5.6413e+01      1.519 0.0000e+00
        287  87.494693    0.01986     1.1917     71.500  1025.0959  51152.735    31.6315      1.684    7.37538     4.1993     4.2004    25.0880   13.19156 5.5647e+01      1.700 0.0000e+00
        288  87.494696    0.01993     1.1958     71.750  1025.0964  51152.228    31.6309      1.877    7.37547     4.1982     4.2001    25.0876   13.19171 5.5262e+01      1.895 0.0000e+00
        289  87.494699    0.02000     1.2000     72.000  1025.0968  51151.369    31.6301      2.081    7.37562     4.1968     4.1994    25.0870   13.19198 5.5172e+01      2.101 0.0000e+00
        290  87.494702    0.02007     1.2042     72.250  1025.0976  51151.333    31.6297      2.292    7.37584     4.1953     4.1983    25.0868   13.19234 5.5741e+01      2.314 0.0000e+00
        291  87.494705    0.02014     1.2083     72.500  1025.0990  51152.480    31.6300      2.507    7.37607     4.1941     4.1969    25.0872   13.19273 5.7479e+01      2.531 0.0000e+00
        292  87.494708    0.02021     1.2125     72.750  1025.1007  51153.986    31.6306      2.724    7.37630     4.1932     4.1955    25.0878   13.19309 6.0997e+01      2.750 0.0000e+00
        293  87.494711    0.02028     1.2167     73.000  1025.1023  51155.379    31.6312      2.941    7.37648     4.1924     4.1943    25.0884   13.19339 6.6952e+01      2.969 0.0000e+00
        294  87.494714    0.02035     1.2208     73.250  1025.1038  51156.644    31.6317      3.159    7.37663     4.1919     4.1934    25.0889   13.19362 7.5623e+01      3.189 0.0000e+00
        295  87.494716    0.02042     1.2250     73.500  1025.1053  51157.811    31.6322      3.378    7.37674     4.1916     4.1927    25.0894   13.19378 8.6377e+01      3.409 0.0000e+00
        296  87.494719    0.02049     1.2292     73.750  1025.1068  51158.858    31.6327      3.598    7.37680     4.1915     4.1922    25.0898   13.19388 9.7703e+01      3.632 0.0000e+00
        297  87.494722    0.02056     1.2333     74.000  1025.1082  51159.638    31.6331      3.823    7.37683     4.1914     4.1919    25.0901   13.19393 1.0822e+02      3.859 0.0000e+00
        298  87.494725    0.02063     1.2375     74.250  1025.1094  51160.128    31.6332      4.052    7.37685     4.1913     4.1918    25.0903   13.19395 1.1761e+02      4.091 0.0000e+00
        299  87.494728    0.02069     1.2417     74.500  1025.1106  51160.454    31.6333      4.287    7.37686     4.1912     4.1917    25.0903   13.19396 1.2526e+02      4.327 0.0000e+00
        300  87.494731    0.02076     1.2458     74.750  1025.1118  51160.662    31.6333      4.527    7.37687     4.1911     4.1917    25.0904   13.19398 1.3072e+02      4.570 0.0000e+00
        301  87.494734    0.02083     1.2500     75.000  1025.1129  51160.805    31.6333      4.775    7.37688     4.1909     4.1916    25.0903   13.19401 1.3558e+02      4.820 0.0000e+00
        302  87.494737    0.02090     1.2542     75.250  1025.1141  51161.005    31.6333      5.032    7.37691     4.1908     4.1915    25.0903   13.19404 1.3957e+02      5.080 0.0000e+00
        303  87.494740    0.02097     1.2583     75.500  1025.1154  51161.260    31.6333      5.303    7.37693     4.1906     4.1913    25.0903   13.19408 1.4146e+02      5.353 0.0000e+00
        304  87.494742    0.02104     1.2625     75.750  1025.1167  51161.455    31.6332      5.594    7.37696     4.1903     4.1912    25.0903   13.19413 1.4351e+02      5.647 0.0000e+00
        305  87.494745    0.02111     1.2667     76.000  1025.1181  51161.575    31.6331      5.909    7.37699     4.1900     4.1910    25.0902   13.19419 1.4590e+02      5.964 0.0000e+00
        306  87.494748    0.02118     1.2708     76.250  1025.1197  51161.834    31.6331      6.241    7.37703     4.1897     4.1908    25.0902   13.19426 1.4482e+02      6.300 0.0000e+00
        307  87.494751    0.02125     1.2750     76.500  1025.1214  51162.408    31.6332      6.583    7.37708     4.1895     4.1905    25.0904   13.19433 1.3968e+02      6.645 0.0000e+00
        308  87.494754    0.02132     1.2792     76.750  1025.1234  51163.203    31.6335      6.932    7.37711     4.1894     4.1902    25.0907   13.19438 1.3276e+02      6.998 0.0000e+00
        309  87.494757    0.02139     1.2833     77.000  1025.1254  51164.111    31.6339      7.286    7.37713     4.1894     4.1900    25.0910   13.19440 1.2500e+02      7.355 0.0000e+00
        310  87.494760    0.02146     1.2875     77.250  1025.1275  51165.186    31.6344      7.642    7.37712     4.1896     4.1899    25.0914   13.19438 1.1697e+02      7.715 0.0000e+00
        311  87.494763    0.02153     1.2917     77.500  1025.1297  51166.545    31.6352      7.994    7.37708     4.1900     4.1899    25.0920   13.19430 1.0993e+02      8.070 0.0000e+00
        312  87.494766    0.02160     1.2958     77.750  1025.1321  51168.210    31.6362      8.331    7.37699     4.1905     4.1901    25.0928   13.19415 1.0495e+02      8.410 0.0000e+00
        313  87.494769    0.02167     1.3000     78.000  1025.1344  51169.841    31.6372      8.649    7.37687     4.1911     4.1905    25.0936   13.19393 1.0178e+02      8.730 0.0000e+00
        314  87.494771    0.02174     1.3042     78.250  1025.1363  51170.909    31.6380      8.946    7.37673     4.1917     4.1911    25.0941   13.19370 9.9197e+01      9.031 0.0000e+00
        315  87.494774    0.02181     1.3083     78.500  1025.1378  51171.344    31.6383      9.228    7.37660     4.1921     4.1917    25.0943   13.19348 9.6222e+01      9.316 0.0000e+00
        316  87.494777    0.02187     1.3125     78.750  1025.1391  51171.525    31.6384      9.500    7.37649     4.1925     4.1923    25.0944   13.19330 9.2459e+01      9.590 0.0000e+00
        317  87.494780    0.02194     1.3167     79.000  1025.1404  51171.715    31.6385      9.768    7.37640     4.1929     4.1928    25.0944   13.19314 8.8338e+01      9.861 0.0000e+00
        318  87.494783    0.02201     1.3208     79.250  1025.1418  51172.013    31.6387     10.036    7.37632     4.1932     4.1932    25.0945   13.19301 8.4723e+01     10.132 0.0000e+00
        319  87.494786    0.02208     1.3250     79.500  1025.1432  51172.488    31.6389     10.306    7.37624     4.1936     4.1936    25.0947   13.19287 8.1916e+01     10.404 0.0000e+00
        320  87.494789    0.02215     1.3292     79.750  1025.1446  51172.724    31.6390     10.573    7.37617     4.1937     4.1939    25.0947   13.19275 7.9373e+01     10.674 0.0000e+00
        321  87.494792    0.02222     1.3333     80.000  1025.1454  51172.213    31.6386     10.835    7.37613     4.1937     4.1943    25.0944   13.19269 7.6413e+01     10.938 0.0000e+00
        322  87.494795    0.02229     1.3375     80.250  1025.1461  51171.460    31.6380     11.088    7.37613     4.1935     4.1944    25.0939   13.19270 7.3160e+01     11.193 0.0000e+00
        323  87.494797    0.02236     1.3417     80.500  1025.1470  51171.141    31.6377     11.333    7.37615     4.1933     4.1944    25.0936   13.19274 7.0239e+01     11.441 0.0000e+00
        324  87.494800    0.02243     1.3458     80.750  1025.1481  51171.275    31.6376     11.576    7.37618     4.1932     4.1942    25.0935   13.19279 6.7881e+01     11.686 0.0000e+00
        325  87.494803    0.02250     1.3500     81.000  1025.1495  51171.763    31.6378     11.826    7.37620     4.1932     4.1941    25.0937   13.19283 6.5973e+01     11.938 0.0000e+00
        326  87.494806    0.02257     1.3542     81.250  1025.1510  51172.544    31.6381     12.091    7.37620     4.1934     4.1940    25.0940   13.19282 6.4284e+01     12.205 0.0000e+00
        327  87.494809    0.02264     1.3583     81.500  1025.1528  51173.662    31.6388     12.371    7.37617     4.1939     4.1940    25.0945   13.19276 6.2460e+01     12.488 0.0000e+00
        328  87.494812    0.02271     1.3625     81.750  1025.1549  51175.196    31.6397     12.664    7.37608     4.1946     4.1942    25.0952   13.19260 6.0284e+01     12.784 0.0000e+00
        329  87.494815    0.02278     1.3667     82.000  1025.1571  51176.720    31.6407     12.956    7.37594     4.1954     4.1947    25.0960   13.19236 5.7891e+01     13.079 0.0000e+00
        330  87.494818    0.02285     1.3708     82.250  1025.1588  51177.455    31.6413     13.231    7.37578     4.1961     4.1955    25.0963   13.19208 5.5588e+01     13.356 0.0000e+00
        331  87.494821    0.02292     1.3750     82.500  1025.1598  51177.276    31.6412     13.470    7.37563     4.1967     4.1963    25.0962   13.19183 5.3629e+01     13.598 0.0000e+00
        332  87.494823    0.02299     1.3792     82.750  1025.1604  51176.802    31.6410     13.660    7.37551     4.1970     4.1970    25.0960   13.19164 5.2159e+01     13.789 0.0000e+00
        333  87.494826    0.02306     1.3833     83.000  1025.1609  51176.494    31.6408     13.796    7.37542     4.1973     4.1976    25.0958   13.19150 5.1165e+01     13.927 0.0000e+00
        334  87.494829    0.02313     1.3875     83.250  1025.1613  51176.374    31.6408     13.898    7.37535     4.1976     4.1980    25.0957   13.19139 5.0506e+01     14.030 0.0000e+00
        335  87.494832    0.02319     1.3917     83.500  1025.1617  51176.371    31.6408     13.996    7.37530     4.1979     4.1983    25.0957   13.19130 4.9987e+01     14.129 0.0000e+00
        336  87.494835    0.02326     1.3958     83.750  1025.1624  51176.555    31.6409     14.125    7.37525     4.1981     4.1985    25.0958   13.19121 4.9350e+01     14.259 0.0000e+00
        337  87.494838    0.02333     1.4000     84.000  1025.1634  51176.990    31.6412     14.313    7.37519     4.1983     4.1988    25.0959   13.19112 4.8358e+01     14.448 0.0000e+00
        338  87.494841    0.02340     1.4042     84.250  1025.1648  51177.443    31.6414     14.565    7.37513     4.1985     4.1990    25.0961   13.19102 4.6883e+01     14.703 0.0000e+00
        339  87.494844    0.02347     1.4083     84.500  1025.1662  51177.618    31.6415     14.866    7.37509     4.1987     4.1993    25.0961   13.19094 4.4956e+01     15.007 0.0000e+00
        340  87.494847    0.02354     1.4125     84.750  1025.1677  51177.708    31.6414     15.189    7.37505     4.1988     4.1995    25.0961   13.19088 4.2801e+01     15.333 0.0000e+00
