CTD-processing/allCTD/CNV--homogene/2014_07-23_t6_s08_cast203.cnv
* Sea-Bird SBE19plus Data File:
* FileName = C:\Users\kris.holderied\Documents\kasitsna\Research-Projects-and-Data\Oceanography-AK\CTD-Data-ALL-to-2014-06\2014-CTD-KachemakBay-CookInlet\2014-07-EVOSTC-CookInlet-quarterly\2014-07-23-CookInlet-Tran6-Douglas\2014-07-23-CookInlet-Tran6-cast203.hex
* Software Version 1.59
* Temperature SN =  4141
* Conductivity SN =  4141
* System UpLoad Time = Jul 23 2014 23:26:32
** Cook Inlet LTM Transect 6 (Douglas) East to West
** Date: 07-23
** Station: 6-08
** Start time: 11:21
** Depth (m): 141
** Comment:  CTD time is Alaska Daylight time.  Transducer  depth (transducer is 9 ft).
** Comment:
# nquan = 17
# nvalues = 986                         
# units = specified
# name 0 = scan: Scan Count
# name 1 = timeJ: Julian Days
# name 2 = timeH: Time, Elapsed [hours]
# name 3 = timeM: Time, Elapsed [minutes]
# name 4 = timeS: Time, Elapsed [seconds]
# name 5 = density00: Density [density, kg/m^3]
# name 6 = specc: Specific Conductance [uS/cm]
# name 7 = sal00: Salinity, Practical [PSU]
# name 8 = depSM: Depth [salt water, m], lat = 59.00
# name 9 = oxsolML/L: Oxygen Saturation, Garcia & Gordon [ml/l]
# name 10 = potemp090C: Potential Temperature [ITS-90, deg C]
# name 11 = tv290C: Temperature [ITS-90, deg C]
# name 12 = sigma-é00: Density [sigma-theta, kg/m^3]
# name 13 = n2satML/L: Nitrogen Saturation [ml/l]
# name 14 = par: PAR/Irradiance, Biospherical/Licor
# name 15 = prdM: Pressure, Strain Gauge [db]
# name 16 = flag:  0.000e+00
# span 0 =          1,        986       
# span 1 = 204.473403, 204.476253       
# span 2 =    0.00000,    0.06840       
# span 3 =     0.0000,     4.1042       
# span 4 =      0.000,    246.250       
# span 5 =  1000.2147,  1025.8335       
# span 6 =   1416.636,  51201.904       
# span 7 =     0.7049,    32.3210       
# span 8 =     -0.096,    137.785       
# span 9 =    6.47579,    7.78325       
# span 10 =     7.8065,    10.4525      
# span 11 =     7.8197,    10.4525      
# span 12 =     0.2152,    25.1980      
# span 13 =   11.70580,   14.30060      
# span 14 = 4.3645e-02, 3.6240e+02      
# span 15 =     -0.097,    139.132      
# span 16 = 0.0000e+00, 0.0000e+00      
# interval = seconds: 0.25
# start_time = Jul 23 2014 11:21:42 [Instrument's time stamp, header]
# bad_flag = -9.990e-29
*END*
[from data line 171]
        172 204.473898    0.01188     0.7125     42.750  1024.2905  49588.982    31.5457      1.621    6.47976     9.8271     9.8333    24.2831   11.71204 1.6745e+02      1.637 0.0000e+00
        173 204.473900    0.01194     0.7167     43.000  1024.2930  49593.199    31.5483      1.612    6.47999     9.8234     9.8309    24.2856   11.71240 1.6623e+02      1.627 0.0000e+00
        174 204.473903    0.01201     0.7208     43.250  1024.2974  49600.911    31.5533      1.601    6.48029     9.8197     9.8273    24.2900   11.71284 1.6427e+02      1.616 0.0000e+00
        175 204.473906    0.01208     0.7250     43.500  1024.3017  49608.561    31.5583      1.588    6.48062     9.8158     9.8236    24.2945   11.71333 1.6283e+02      1.604 0.0000e+00
        176 204.473909    0.01215     0.7292     43.750  1024.3045  49613.263    31.5611      1.578    6.48102     9.8113     9.8199    24.2973   11.71397 1.6274e+02      1.593 0.0000e+00
        177 204.473912    0.01222     0.7333     44.000  1024.3049  49613.621    31.5608      1.574    6.48159     9.8059     9.8160    24.2977   11.71490 1.6317e+02      1.589 0.0000e+00
        178 204.473915    0.01229     0.7375     44.250  1024.3033  49610.074    31.5577      1.581    6.48235     9.7991     9.8115    24.2960   11.71620 1.6258e+02      1.596 0.0000e+00
        179 204.473918    0.01236     0.7417     44.500  1024.3007  49604.569    31.5531      1.601    6.48332     9.7913     9.8061    24.2933   11.71786 1.6043e+02      1.616 0.0000e+00
        180 204.473921    0.01243     0.7458     44.750  1024.2984  49599.416    31.5486      1.634    6.48447     9.7834     9.7993    24.2909   11.71982 1.5730e+02      1.649 0.0000e+00
        181 204.473924    0.01250     0.7500     45.000  1024.2975  49596.621    31.5456      1.678    6.48570     9.7764     9.7915    24.2898   11.72189 1.5417e+02      1.693 0.0000e+00
        182 204.473927    0.01257     0.7542     45.250  1024.2986  49597.483    31.5452      1.727    6.48684     9.7710     9.7836    24.2907   11.72378 1.5151e+02      1.744 0.0000e+00
        183 204.473929    0.01264     0.7583     45.500  1024.3019  49602.363    31.5477      1.779    6.48774     9.7678     9.7766    24.2938   11.72524 1.4895e+02      1.795 0.0000e+00
        184 204.473932    0.01271     0.7625     45.750  1024.3073  49611.208    31.5532      1.826    6.48828     9.7672     9.7712    24.2990   11.72607 1.4634e+02      1.843 0.0000e+00
        185 204.473935    0.01278     0.7667     46.000  1024.3148  49624.140    31.5619      1.865    6.48837     9.7691     9.7680    24.3063   11.72611 1.4464e+02      1.882 0.0000e+00
        186 204.473938    0.01285     0.7708     46.250  1024.3241  49640.595    31.5734      1.891    6.48798     9.7740     9.7674    24.3154   11.72533 1.4463e+02      1.908 0.0000e+00
        187 204.473941    0.01292     0.7750     46.500  1024.3334  49657.621    31.5857      1.899    6.48719     9.7828     9.7693    24.3247   11.72388 1.4641e+02      1.917 0.0000e+00
        188 204.473944    0.01299     0.7792     46.750  1024.3399  49670.094    31.5951      1.888    6.48610     9.7955     9.7742    24.3312   11.72197 1.4949e+02      1.906 0.0000e+00
        189 204.473947    0.01306     0.7833     47.000  1024.3406  49672.604    31.5980      1.859    6.48474     9.8103     9.7830    24.3321   11.71967 1.5285e+02      1.877 0.0000e+00
        190 204.473950    0.01313     0.7875     47.250  1024.3343  49662.891    31.5929      1.815    6.48315     9.8244     9.7957    24.3260   11.71710 1.5605e+02      1.832 0.0000e+00
        191 204.473953    0.01319     0.7917     47.500  1024.3228  49644.068    31.5815      1.761    6.48151     9.8356     9.8105    24.3148   11.71453 1.5900e+02      1.778 0.0000e+00
        192 204.473955    0.01326     0.7958     47.750  1024.3094  49621.570    31.5675      1.705    6.48009     9.8431     9.8245    24.3015   11.71235 1.6124e+02      1.721 0.0000e+00
        193 204.473958    0.01333     0.8000     48.000  1024.2964  49599.624    31.5535      1.654    6.47908     9.8469     9.8358    24.2888   11.71083 1.6264e+02      1.669 0.0000e+00
        194 204.473961    0.01340     0.8042     48.250  1024.2857  49581.456    31.5417      1.613    6.47850     9.8469     9.8433    24.2783   11.71002 1.6324e+02      1.629 0.0000e+00
        195 204.473964    0.01347     0.8083     48.500  1024.2790  49569.852    31.5340      1.586    6.47829     9.8434     9.8470    24.2717   11.70976 1.6370e+02      1.601 0.0000e+00
        196 204.473967    0.01354     0.8125     48.750  1024.2766  49565.765    31.5311      1.572    6.47841     9.8373     9.8471    24.2695   11.70999 1.6439e+02      1.587 0.0000e+00
        197 204.473970    0.01361     0.8167     49.000  1024.2780  49567.809    31.5321      1.567    6.47886     9.8301     9.8436    24.2708   11.71073 1.6402e+02      1.582 0.0000e+00
        198 204.473973    0.01368     0.8208     49.250  1024.2815  49573.576    31.5354      1.569    6.47959     9.8230     9.8374    24.2744   11.71190 1.6211e+02      1.584 0.0000e+00
        199 204.473976    0.01375     0.8250     49.500  1024.2858  49580.553    31.5394      1.575    6.48045     9.8165     9.8302    24.2787   11.71327 1.6009e+02      1.590 0.0000e+00
        200 204.473979    0.01382     0.8292     49.750  1024.2897  49586.761    31.5428      1.585    6.48132     9.8106     9.8231    24.2825   11.71467 1.5885e+02      1.600 0.0000e+00
        201 204.473981    0.01389     0.8333     50.000  1024.2926  49591.105    31.5450      1.600    6.48216     9.8052     9.8166    24.2853   11.71603 1.5754e+02      1.615 0.0000e+00
        202 204.473984    0.01396     0.8375     50.250  1024.2942  49593.270    31.5458      1.623    6.48296     9.8003     9.8107    24.2868   11.71735 1.5500e+02      1.638 0.0000e+00
        203 204.473987    0.01403     0.8417     50.500  1024.2950  49593.753    31.5454      1.654    6.48374     9.7960     9.8053    24.2874   11.71865 1.5097e+02      1.669 0.0000e+00
        204 204.473990    0.01410     0.8458     50.750  1024.2954  49593.702    31.5447      1.694    6.48447     9.7923     9.8004    24.2877   11.71986 1.4613e+02      1.709 0.0000e+00
        205 204.473993    0.01417     0.8500     51.000  1024.2963  49594.483    31.5447      1.740    6.48508     9.7897     9.7961    24.2883   11.72088 1.4197e+02      1.756 0.0000e+00
        206 204.473996    0.01424     0.8542     51.250  1024.2984  49597.461    31.5463      1.789    6.48553     9.7884     9.7925    24.2902   11.72160 1.3947e+02      1.805 0.0000e+00
        207 204.473999    0.01431     0.8583     51.500  1024.3023  49603.991    31.5505      1.832    6.48573     9.7889     9.7898    24.2939   11.72189 1.3835e+02      1.849 0.0000e+00
        208 204.474002    0.01438     0.8625     51.750  1024.3086  49615.088    31.5582      1.865    6.48560     9.7920     9.7885    24.3001   11.72158 1.3822e+02      1.882 0.0000e+00
        209 204.474005    0.01444     0.8667     52.000  1024.3166  49629.464    31.5684      1.880    6.48510     9.7985     9.7891    24.3080   11.72063 1.3924e+02      1.898 0.0000e+00
        210 204.474008    0.01451     0.8708     52.250  1024.3233  49642.145    31.5778      1.875    6.48428     9.8091     9.7922    24.3148   11.71914 1.4137e+02      1.892 0.0000e+00
        211 204.474010    0.01458     0.8750     52.500  1024.3252  49646.510    31.5817      1.849    6.48318     9.8224     9.7987    24.3168   11.71728 1.4459e+02      1.866 0.0000e+00
        212 204.474013    0.01465     0.8792     52.750  1024.3201  49638.688    31.5776      1.804    6.48184     9.8354     9.8093    24.3119   11.71512 1.4917e+02      1.821 0.0000e+00
        213 204.474016    0.01472     0.8833     53.000  1024.3093  49620.939    31.5668      1.749    6.48041     9.8456     9.8226    24.3013   11.71287 1.5498e+02      1.766 0.0000e+00
        214 204.474019    0.01479     0.8875     53.250  1024.2962  49599.079    31.5531      1.694    6.47912     9.8517     9.8356    24.2885   11.71091 1.6095e+02      1.710 0.0000e+00
        215 204.474022    0.01486     0.8917     53.500  1024.2840  49578.401    31.5398      1.648    6.47822     9.8532     9.8458    24.2765   11.70958 1.6578e+02      1.663 0.0000e+00
        216 204.474025    0.01493     0.8958     53.750  1024.2751  49563.065    31.5298      1.616    6.47778     9.8502     9.8519    24.2677   11.70896 1.6839e+02      1.631 0.0000e+00
        217 204.474028    0.01500     0.9000     54.000  1024.2706  49555.277    31.5245      1.597    6.47778     9.8432     9.8534    24.2633   11.70903 1.6806e+02      1.612 0.0000e+00
        218 204.474031    0.01507     0.9042     54.250  1024.2703  49554.401    31.5235      1.590    6.47825     9.8338     9.8504    24.2630   11.70982 1.6560e+02      1.605 0.0000e+00
        219 204.474034    0.01514     0.9083     54.500  1024.2727  49557.949    31.5251      1.592    6.47918     9.8236     9.8434    24.2654   11.71134 1.6245e+02      1.607 0.0000e+00
        220 204.474036    0.01521     0.9125     54.750  1024.2761  49563.066    31.5275      1.601    6.48043     9.8141     9.8339    24.2688   11.71338 1.5957e+02      1.616 0.0000e+00
        221 204.474039    0.01528     0.9167     55.000  1024.2794  49567.766    31.5295      1.617    6.48178     9.8057     9.8238    24.2720   11.71560 1.5706e+02      1.632 0.0000e+00
        222 204.474042    0.01535     0.9208     55.250  1024.2822  49571.757    31.5310      1.641    6.48308     9.7988     9.8142    24.2748   11.71772 1.5462e+02      1.656 0.0000e+00
        223 204.474045    0.01542     0.9250     55.500  1024.2852  49576.016    31.5329      1.670    6.48419     9.7934     9.8059    24.2776   11.71954 1.5221e+02      1.685 0.0000e+00
        224 204.474048    0.01549     0.9292     55.750  1024.2889  49581.740    31.5361      1.701    6.48504     9.7897     9.7990    24.2812   11.72091 1.4942e+02      1.717 0.0000e+00
        225 204.474051    0.01556     0.9333     56.000  1024.2938  49589.789    31.5410      1.732    6.48559     9.7877     9.7936    24.2859   11.72177 1.4654e+02      1.748 0.0000e+00
        226 204.474054    0.01563     0.9375     56.250  1024.3002  49600.769    31.5483      1.759    6.48582     9.7875     9.7899    24.2922   11.72205 1.4466e+02      1.775 0.0000e+00
        227 204.474057    0.01569     0.9417     56.500  1024.3080  49614.600    31.5578      1.779    6.48570     9.7890     9.7879    24.2999   11.72175 1.4423e+02      1.796 0.0000e+00
        228 204.474060    0.01576     0.9458     56.750  1024.3163  49629.561    31.5683      1.792    6.48530     9.7927     9.7877    24.3082   11.72096 1.4504e+02      1.809 0.0000e+00
        229 204.474063    0.01583     0.9500     57.000  1024.3238  49643.236    31.5782      1.796    6.48468     9.7993     9.7892    24.3156   11.71980 1.4672e+02      1.813 0.0000e+00
        230 204.474065    0.01590     0.9542     57.250  1024.3290  49653.077    31.5856      1.792    6.48384     9.8089     9.7929    24.3208   11.71833 1.4904e+02      1.809 0.0000e+00
        231 204.474068    0.01597     0.9583     57.500  1024.3300  49655.791    31.5884      1.780    6.48279     9.8206     9.7995    24.3219   11.71655 1.5172e+02      1.796 0.0000e+00
        232 204.474071    0.01604     0.9625     57.750  1024.3260  49649.701    31.5853      1.760    6.48154     9.8324     9.8091    24.3179   11.71453 1.5405e+02      1.777 0.0000e+00
        233 204.474074    0.01611     0.9667     58.000  1024.3180  49636.627    31.5777      1.736    6.48021     9.8430     9.8208    24.3101   11.71242 1.5565e+02      1.753 0.0000e+00
        234 204.474077    0.01618     0.9708     58.250  1024.3081  49620.068    31.5675      1.712    6.47895     9.8517     9.8326    24.3002   11.71045 1.5690e+02      1.728 0.0000e+00
        235 204.474080    0.01625     0.9750     58.500  1024.2978  49602.802    31.5567      1.690    6.47789     9.8581     9.8432    24.2901   11.70882 1.5834e+02      1.706 0.0000e+00
        236 204.474083    0.01632     0.9792     58.750  1024.2881  49586.165    31.5461      1.675    6.47711     9.8624     9.8519    24.2804   11.70765 1.6014e+02      1.691 0.0000e+00
        237 204.474086    0.01639     0.9833     59.000  1024.2794  49571.079    31.5362      1.668    6.47661     9.8652     9.8583    24.2717   11.70694 1.6142e+02      1.684 0.0000e+00
        238 204.474089    0.01646     0.9875     59.250  1024.2723  49558.758    31.5281      1.667    6.47633     9.8668     9.8626    24.2646   11.70658 1.6162e+02      1.683 0.0000e+00
        239 204.474091    0.01653     0.9917     59.500  1024.2673  49550.049    31.5223      1.670    6.47618     9.8678     9.8653    24.2597   11.70640 1.6094e+02      1.686 0.0000e+00
        240 204.474094    0.01660     0.9958     59.750  1024.2644  49544.989    31.5190      1.674    6.47609     9.8685     9.8670    24.2568   11.70629 1.5968e+02      1.690 0.0000e+00
        241 204.474097    0.01667     1.0000     60.000  1024.2633  49542.963    31.5177      1.677    6.47600     9.8688     9.8680    24.2556   11.70616 1.5864e+02      1.693 0.0000e+00
        242 204.474100    0.01674     1.0042     60.250  1024.2632  49542.961    31.5178      1.677    6.47590     9.8688     9.8687    24.2556   11.70599 1.5826e+02      1.693 0.0000e+00
        243 204.474103    0.01681     1.0083     60.500  1024.2637  49543.882    31.5185      1.677    6.47582     9.8683     9.8690    24.2561   11.70585 1.5815e+02      1.693 0.0000e+00
        244 204.474106    0.01688     1.0125     60.750  1024.2642  49544.776    31.5191      1.677    6.47579     9.8670     9.8690    24.2566   11.70580 1.5827e+02      1.693 0.0000e+00
        245 204.474109    0.01694     1.0167     61.000  1024.2644  49545.156    31.5193      1.680    6.47586     9.8647     9.8685    24.2568   11.70591 1.5836e+02      1.696 0.0000e+00
        246 204.474112    0.01701     1.0208     61.250  1024.2647  49545.363    31.5193      1.688    6.47604     9.8605     9.8672    24.2570   11.70620 1.5756e+02      1.704 0.0000e+00
        247 204.474115    0.01708     1.0250     61.500  1024.2657  49546.763    31.5200      1.701    6.47635     9.8542     9.8649    24.2579   11.70671 1.5593e+02      1.717 0.0000e+00
        248 204.474117    0.01715     1.0292     61.750  1024.2684  49551.102    31.5225      1.719    6.47683     9.8461     9.8607    24.2605   11.70748 1.5481e+02      1.736 0.0000e+00
        249 204.474120    0.01722     1.0333     62.000  1024.2733  49559.177    31.5273      1.742    6.47753     9.8374     9.8544    24.2654   11.70858 1.5427e+02      1.758 0.0000e+00
        250 204.474123    0.01729     1.0375     62.250  1024.2800  49570.237    31.5341      1.765    6.47840     9.8296     9.8463    24.2719   11.70994 1.5268e+02      1.782 0.0000e+00
        251 204.474126    0.01736     1.0417     62.500  1024.2875  49582.798    31.5418      1.788    6.47930     9.8237     9.8376    24.2794   11.71134 1.4994e+02      1.805 0.0000e+00
        252 204.474129    0.01743     1.0458     62.750  1024.2952  49595.779    31.5499      1.807    6.48007     9.8203     9.8298    24.2870   11.71253 1.4760e+02      1.824 0.0000e+00
        253 204.474132    0.01750     1.0500     63.000  1024.3025  49608.363    31.5581      1.820    6.48058     9.8196     9.8239    24.2943   11.71327 1.4641e+02      1.837 0.0000e+00
        254 204.474135    0.01757     1.0542     63.250  1024.3088  49619.316    31.5654      1.824    6.48076     9.8218     9.8205    24.3005   11.71348 1.4650e+02      1.841 0.0000e+00
        255 204.474138    0.01764     1.0583     63.500  1024.3132  49627.324    31.5709      1.817    6.48063     9.8272     9.8198    24.3049   11.71319 1.4791e+02      1.834 0.0000e+00
