CTD-processing/allCTD/CNV--homogene/2014_05-28_t9_s03_cast046.cnv
* Sea-Bird SBE19plus Data File:
* FileName = C:\Users\kris.holderied\Documents\kasitsna\Research-Projects-and-Data\Oceanography-AK\CTD-Data-ALL-to-2014-03\2014-CTD-KachemakBay-CookInlet\2014-05-28-CookInlet-HomerSpit-monthly\2014-05-28-CookInlet_T9_HomerSpit-cast046.hex
* Software Version 1.59
* Temperature SN =  5028
* Conductivity SN =  5028
* System UpLoad Time = Jul 21 2014 00:13:46
** Cook Inlet LTM Transect 9  (Homer Spit) South to North
** Date: 2014-05-28
** Station: 9-03
** Start time: 16:02
** Depth (m): 96.9
** Comment:  CTD time is Alaska Daylight time
** Comment:
# nquan = 17
# nvalues = 800                         
# units = specified
# name 0 = scan: Scan Count
# name 1 = timeJ: Julian Days
# name 2 = timeH: Time, Elapsed [hours]
# name 3 = timeM: Time, Elapsed [minutes]
# name 4 = timeS: Time, Elapsed [seconds]
# name 5 = density00: Density [density, kg/m^3]
# name 6 = specc: Specific Conductance [uS/cm]
# name 7 = sal00: Salinity, Practical [PSU]
# name 8 = depSM: Depth [salt water, m], lat = 59.00
# name 9 = oxsolML/L: Oxygen Saturation, Garcia & Gordon [ml/l]
# name 10 = potemp090C: Potential Temperature [ITS-90, deg C]
# name 11 = tv290C: Temperature [ITS-90, deg C]
# name 12 = sigma-é00: Density [sigma-theta, kg/m^3]
# name 13 = n2satML/L: Nitrogen Saturation [ml/l]
# name 14 = par: PAR/Irradiance, Biospherical/Licor
# name 15 = prdM: Pressure, Strain Gauge [db]
# name 16 = flag:  0.000e+00
# span 0 =          1,        800       
# span 1 = 148.667755, 148.670067       
# span 2 =    0.00000,    0.05549       
# span 3 =     0.0000,     3.3292       
# span 4 =      0.000,    199.750       
# span 5 =  1000.2874,  1025.5581       
# span 6 =   1134.625,  51108.893       
# span 7 =     0.5614,    31.8501       
# span 8 =      0.012,     93.802       
# span 9 =    6.62671,    8.23148       
# span 10 =     5.5292,     9.0832      
# span 11 =     5.5365,     9.0833      
# span 12 =     0.2873,    25.1197      
# span 13 =   11.96536,   15.06093      
# span 14 = 4.5128e-02, 1.6476e+02      
# span 15 =      0.012,     94.709      
# span 16 = 0.0000e+00, 0.0000e+00      
# interval = seconds: 0.25
# start_time = May 28 2014 16:01:34 [Instrument's time stamp, header]
# bad_flag = -9.990e-29
*END*
[from data line 681]
        682 148.669725    0.04729     2.8375    170.250  1025.3457  50932.073    31.7973     64.089    7.08964     5.7986     5.8049    25.0465   12.71760 4.6082e-02     64.703 0.0000e+00
        683 148.669728    0.04736     2.8417    170.500  1025.3476  50933.437    31.7980     64.357    7.08974     5.7982     5.8042    25.0471   12.71775 4.6055e-02     64.974 0.0000e+00
        684 148.669731    0.04743     2.8458    170.750  1025.3493  50934.409    31.7984     64.627    7.08980     5.7981     5.8037    25.0475   12.71785 4.6025e-02     65.247 0.0000e+00
        685 148.669734    0.04750     2.8500    171.000  1025.3508  50935.140    31.7988     64.897    7.08984     5.7980     5.8034    25.0478   12.71791 4.5993e-02     65.519 0.0000e+00
        686 148.669737    0.04757     2.8542    171.250  1025.3523  50935.839    31.7991     65.166    7.08985     5.7981     5.8032    25.0481   12.71793 4.5970e-02     65.792 0.0000e+00
        687 148.669740    0.04764     2.8583    171.500  1025.3539  50936.526    31.7994     65.437    7.08984     5.7981     5.8032    25.0484   12.71790 4.5953e-02     66.065 0.0000e+00
        688 148.669742    0.04771     2.8625    171.750  1025.3553  50936.988    31.7996     65.709    7.08982     5.7982     5.8032    25.0485   12.71786 4.5931e-02     66.340 0.0000e+00
        689 148.669745    0.04778     2.8667    172.000  1025.3565  50937.104    31.7996     65.982    7.08980     5.7981     5.8033    25.0485   12.71784 4.5908e-02     66.616 0.0000e+00
        690 148.669748    0.04785     2.8708    172.250  1025.3577  50937.015    31.7994     66.257    7.08980     5.7978     5.8034    25.0483   12.71784 4.5888e-02     66.893 0.0000e+00
        691 148.669751    0.04792     2.8750    172.500  1025.3588  50937.006    31.7992     66.532    7.08982     5.7975     5.8033    25.0482   12.71787 4.5871e-02     67.171 0.0000e+00
        692 148.669754    0.04799     2.8792    172.750  1025.3602  50937.360    31.7993     66.806    7.08986     5.7973     5.8031    25.0483   12.71793 4.5860e-02     67.447 0.0000e+00
        693 148.669757    0.04806     2.8833    173.000  1025.3618  50938.218    31.7997     67.078    7.08989     5.7972     5.8028    25.0487   12.71797 4.5853e-02     67.722 0.0000e+00
        694 148.669760    0.04813     2.8875    173.250  1025.3636  50939.303    31.8003     67.349    7.08989     5.7973     5.8026    25.0491   12.71797 4.5849e-02     67.996 0.0000e+00
        695 148.669763    0.04819     2.8917    173.500  1025.3652  50940.128    31.8007     67.620    7.08988     5.7973     5.8026    25.0495   12.71795 4.5848e-02     68.269 0.0000e+00
        696 148.669766    0.04826     2.8958    173.750  1025.3666  50940.564    31.8009     67.890    7.08986     5.7974     5.8026    25.0496   12.71791 4.5843e-02     68.542 0.0000e+00
        697 148.669769    0.04833     2.9000    174.000  1025.3679  50940.860    31.8010     68.162    7.08984     5.7974     5.8027    25.0497   12.71788 4.5834e-02     68.817 0.0000e+00
        698 148.669771    0.04840     2.9042    174.250  1025.3693  50941.256    31.8012     68.436    7.08982     5.7975     5.8028    25.0498   12.71785 4.5821e-02     69.093 0.0000e+00
        699 148.669774    0.04847     2.9083    174.500  1025.3708  50941.805    31.8014     68.711    7.08980     5.7977     5.8029    25.0500   12.71781 4.5805e-02     69.371 0.0000e+00
        700 148.669777    0.04854     2.9125    174.750  1025.3725  50942.628    31.8019     68.987    7.08976     5.7980     5.8030    25.0504   12.71774 4.5785e-02     69.649 0.0000e+00
        701 148.669780    0.04861     2.9167    175.000  1025.3742  50943.710    31.8025     69.262    7.08969     5.7985     5.8032    25.0509   12.71762 4.5764e-02     69.927 0.0000e+00
        702 148.669783    0.04868     2.9208    175.250  1025.3759  50944.581    31.8031     69.534    7.08960     5.7990     5.8036    25.0513   12.71747 4.5751e-02     70.202 0.0000e+00
        703 148.669786    0.04875     2.9250    175.500  1025.3772  50944.877    31.8032     69.805    7.08951     5.7994     5.8041    25.0514   12.71731 4.5747e-02     70.475 0.0000e+00
        704 148.669789    0.04882     2.9292    175.750  1025.3784  50944.774    31.8031     70.074    7.08943     5.7997     5.8046    25.0512   12.71717 4.5740e-02     70.747 0.0000e+00
        705 148.669792    0.04889     2.9333    176.000  1025.3794  50944.585    31.8029     70.343    7.08937     5.7998     5.8050    25.0510   12.71708 4.5729e-02     71.019 0.0000e+00
        706 148.669795    0.04896     2.9375    176.250  1025.3805  50944.438    31.8028     70.612    7.08933     5.7997     5.8053    25.0509   12.71702 4.5721e-02     71.290 0.0000e+00
        707 148.669797    0.04903     2.9417    176.500  1025.3816  50944.361    31.8026     70.880    7.08932     5.7996     5.8054    25.0507   12.71699 4.5716e-02     71.561 0.0000e+00
        708 148.669800    0.04910     2.9458    176.750  1025.3827  50944.302    31.8024     71.147    7.08932     5.7993     5.8054    25.0506   12.71701 4.5709e-02     71.831 0.0000e+00
        709 148.669803    0.04917     2.9500    177.000  1025.3838  50944.159    31.8022     71.414    7.08936     5.7987     5.8053    25.0504   12.71707 4.5701e-02     72.100 0.0000e+00
        710 148.669806    0.04924     2.9542    177.250  1025.3848  50943.978    31.8019     71.682    7.08942     5.7979     5.8050    25.0502   12.71718 4.5690e-02     72.371 0.0000e+00
        711 148.669809    0.04931     2.9583    177.500  1025.3860  50943.964    31.8016     71.952    7.08952     5.7969     5.8044    25.0500   12.71735 4.5672e-02     72.644 0.0000e+00
        712 148.669812    0.04938     2.9625    177.750  1025.3873  50944.267    31.8015     72.226    7.08966     5.7957     5.8036    25.0501   12.71758 4.5656e-02     72.920 0.0000e+00
        713 148.669815    0.04944     2.9667    178.000  1025.3887  50944.780    31.8016     72.501    7.08983     5.7942     5.8026    25.0502   12.71786 4.5653e-02     73.199 0.0000e+00
        714 148.669818    0.04951     2.9708    178.250  1025.3900  50945.102    31.8014     72.778    7.09004     5.7921     5.8014    25.0502   12.71821 4.5650e-02     73.478 0.0000e+00
        715 148.669821    0.04958     2.9750    178.500  1025.3909  50944.795    31.8008     73.053    7.09032     5.7892     5.8000    25.0499   12.71867 4.5634e-02     73.755 0.0000e+00
        716 148.669823    0.04965     2.9792    178.750  1025.3916  50943.931    31.7997     73.326    7.09071     5.7854     5.7979    25.0492   12.71933 4.5621e-02     74.031 0.0000e+00
        717 148.669826    0.04972     2.9833    179.000  1025.3923  50943.243    31.7985     73.597    7.09125     5.7807     5.7950    25.0486   12.72023 4.5618e-02     74.305 0.0000e+00
        718 148.669829    0.04979     2.9875    179.250  1025.3933  50943.389    31.7977     73.865    7.09193     5.7756     5.7912    25.0485   12.72137 4.5618e-02     74.576 0.0000e+00
        719 148.669832    0.04986     2.9917    179.500  1025.3949  50944.553    31.7974     74.130    7.09272     5.7703     5.7866    25.0488   12.72267 4.5618e-02     74.844 0.0000e+00
        720 148.669835    0.04993     2.9958    179.750  1025.3970  50946.704    31.7977     74.393    7.09356     5.7651     5.7815    25.0497   12.72406 4.5615e-02     75.108 0.0000e+00
        721 148.669838    0.05000     3.0000    180.000  1025.3995  50949.614    31.7985     74.654    7.09440     5.7599     5.7762    25.0509   12.72544 4.5607e-02     75.372 0.0000e+00
        722 148.669841    0.05007     3.0042    180.250  1025.4021  50952.707    31.7995     74.917    7.09523     5.7546     5.7710    25.0523   12.72679 4.5598e-02     75.638 0.0000e+00
        723 148.669844    0.05014     3.0083    180.500  1025.4048  50955.851    31.8005     75.184    7.09604     5.7493     5.7658    25.0537   12.72813 4.5590e-02     75.908 0.0000e+00
        724 148.669847    0.05021     3.0125    180.750  1025.4076  50959.295    31.8017     75.454    7.09686     5.7438     5.7606    25.0553   12.72947 4.5583e-02     76.180 0.0000e+00
        725 148.669850    0.05028     3.0167    181.000  1025.4106  50963.094    31.8031     75.723    7.09769     5.7383     5.7553    25.0570   12.73081 4.5576e-02     76.452 0.0000e+00
        726 148.669852    0.05035     3.0208    181.250  1025.4140  50967.570    31.8050     75.988    7.09852     5.7328     5.7498    25.0591   12.73216 4.5569e-02     76.720 0.0000e+00
        727 148.669855    0.05042     3.0250    181.500  1025.4175  50972.367    31.8070     76.248    7.09935     5.7274     5.7443    25.0614   12.73350 4.5559e-02     76.982 0.0000e+00
        728 148.669858    0.05049     3.0292    181.750  1025.4208  50976.884    31.8089     76.505    7.10016     5.7219     5.7388    25.0635   12.73483 4.5547e-02     77.242 0.0000e+00
        729 148.669861    0.05056     3.0333    182.000  1025.4243  50981.687    31.8110     76.764    7.10098     5.7170     5.7334    25.0658   12.73614 4.5535e-02     77.503 0.0000e+00
        730 148.669864    0.05063     3.0375    182.250  1025.4283  50987.284    31.8136     77.028    7.10176     5.7128     5.7280    25.0685   12.73740 4.5529e-02     77.769 0.0000e+00
        731 148.669867    0.05069     3.0417    182.500  1025.4324  50993.057    31.8165     77.297    7.10246     5.7094     5.7230    25.0713   12.73852 4.5530e-02     78.042 0.0000e+00
        732 148.669870    0.05076     3.0458    182.750  1025.4361  50998.084    31.8190     77.572    7.10304     5.7067     5.7188    25.0738   12.73945 4.5530e-02     78.319 0.0000e+00
        733 148.669873    0.05083     3.0500    183.000  1025.4393  51001.969    31.8209     77.847    7.10351     5.7043     5.7155    25.0757   12.74020 4.5530e-02     78.597 0.0000e+00
        734 148.669876    0.05090     3.0542    183.250  1025.4419  51004.807    31.8221     78.120    7.10391     5.7020     5.7128    25.0770   12.74084 4.5525e-02     78.873 0.0000e+00
        735 148.669878    0.05097     3.0583    183.500  1025.4441  51006.894    31.8229     78.389    7.10427     5.6996     5.7104    25.0780   12.74143 4.5508e-02     79.144 0.0000e+00
        736 148.669881    0.05104     3.0625    183.750  1025.4460  51008.426    31.8234     78.654    7.10463     5.6970     5.7081    25.0786   12.74202 4.5487e-02     79.412 0.0000e+00
        737 148.669884    0.05111     3.0667    184.000  1025.4476  51009.541    31.8236     78.920    7.10502     5.6941     5.7058    25.0790   12.74265 4.5469e-02     79.681 0.0000e+00
        738 148.669887    0.05118     3.0708    184.250  1025.4492  51010.517    31.8236     79.188    7.10545     5.6909     5.7032    25.0794   12.74336 4.5452e-02     79.951 0.0000e+00
        739 148.669890    0.05125     3.0750    184.500  1025.4508  51011.606    31.8236     79.458    7.10593     5.6874     5.7004    25.0797   12.74415 4.5442e-02     80.224 0.0000e+00
        740 148.669893    0.05132     3.0792    184.750  1025.4524  51012.628    31.8236     79.728    7.10646     5.6836     5.6972    25.0800   12.74503 4.5442e-02     80.496 0.0000e+00
        741 148.669896    0.05139     3.0833    185.000  1025.4539  51013.531    31.8233     79.996    7.10705     5.6794     5.6937    25.0803   12.74602 4.5447e-02     80.766 0.0000e+00
        742 148.669899    0.05146     3.0875    185.250  1025.4556  51014.793    31.8233     80.259    7.10770     5.6752     5.6898    25.0807   12.74710 4.5453e-02     81.032 0.0000e+00
        743 148.669902    0.05153     3.0917    185.500  1025.4573  51016.146    31.8233     80.519    7.10839     5.6706     5.6857    25.0811   12.74824 4.5457e-02     81.294 0.0000e+00
        744 148.669905    0.05160     3.0958    185.750  1025.4585  51016.729    31.8227     80.776    7.10913     5.6655     5.6815    25.0811   12.74947 4.5458e-02     81.554 0.0000e+00
        745 148.669907    0.05167     3.1000    186.000  1025.4592  51016.227    31.8213     81.034    7.10995     5.6595     5.6770    25.0806   12.75084 4.5450e-02     81.815 0.0000e+00
        746 148.669910    0.05174     3.1042    186.250  1025.4595  51015.226    31.8194     81.295    7.11091     5.6526     5.6718    25.0797   12.75244 4.5428e-02     82.079 0.0000e+00
        747 148.669913    0.05181     3.1083    186.500  1025.4600  51014.472    31.8176     81.561    7.11201     5.6449     5.6658    25.0789   12.75428 4.5403e-02     82.346 0.0000e+00
        748 148.669916    0.05187     3.1125    186.750  1025.4608  51014.427    31.8160     81.829    7.11324     5.6371     5.6589    25.0785   12.75634 4.5385e-02     82.618 0.0000e+00
        749 148.669919    0.05194     3.1167    187.000  1025.4626  51016.148    31.8155     82.099    7.11455     5.6299     5.6513    25.0790   12.75850 4.5374e-02     82.890 0.0000e+00
        750 148.669922    0.05201     3.1208    187.250  1025.4655  51020.076    31.8165     82.367    7.11581     5.6237     5.6436    25.0806   12.76057 4.5368e-02     83.161 0.0000e+00
        751 148.669925    0.05208     3.1250    187.500  1025.4692  51025.369    31.8185     82.632    7.11693     5.6189     5.6363    25.0831   12.76239 4.5355e-02     83.429 0.0000e+00
        752 148.669928    0.05215     3.1292    187.750  1025.4731  51030.844    31.8209     82.895    7.11784     5.6153     5.6302    25.0857   12.76388 4.5336e-02     83.695 0.0000e+00
        753 148.669931    0.05222     3.1333    188.000  1025.4766  51035.643    31.8231     83.160    7.11855     5.6126     5.6254    25.0880   12.76501 4.5325e-02     83.962 0.0000e+00
        754 148.669933    0.05229     3.1375    188.250  1025.4795  51039.177    31.8247     83.428    7.11908     5.6103     5.6218    25.0897   12.76587 4.5323e-02     84.232 0.0000e+00
        755 148.669936    0.05236     3.1417    188.500  1025.4815  51040.863    31.8252     83.701    7.11951     5.6078     5.6191    25.0904   12.76658 4.5321e-02     84.508 0.0000e+00
        756 148.669939    0.05243     3.1458    188.750  1025.4826  51041.038    31.8247     83.978    7.11992     5.6050     5.6168    25.0902   12.76726 4.5321e-02     84.787 0.0000e+00
        757 148.669942    0.05250     3.1500    189.000  1025.4834  51040.453    31.8236     84.255    7.12037     5.6015     5.6144    25.0897   12.76802 4.5322e-02     85.068 0.0000e+00
        758 148.669945    0.05257     3.1542    189.250  1025.4841  51039.734    31.8224     84.531    7.12091     5.5977     5.6115    25.0891   12.76893 4.5315e-02     85.346 0.0000e+00
        759 148.669948    0.05264     3.1583    189.500  1025.4852  51040.002    31.8218     84.803    7.12152     5.5939     5.6081    25.0889   12.76995 4.5301e-02     85.621 0.0000e+00
        760 148.669951    0.05271     3.1625    189.750  1025.4873  51041.909    31.8222     85.072    7.12215     5.5905     5.6043    25.0897   12.77098 4.5288e-02     85.893 0.0000e+00
        761 148.669954    0.05278     3.1667    190.000  1025.4898  51044.678    31.8232     85.340    7.12274     5.5875     5.6005    25.0909   12.77193 4.5279e-02     86.164 0.0000e+00
        762 148.669957    0.05285     3.1708    190.250  1025.4921  51047.171    31.8241     85.610    7.12326     5.5847     5.5971    25.0920   12.77279 4.5274e-02     86.436 0.0000e+00
        763 148.669959    0.05292     3.1750    190.500  1025.4943  51049.323    31.8248     85.879    7.12373     5.5823     5.5941    25.0930   12.77356 4.5266e-02     86.708 0.0000e+00
        764 148.669962    0.05299     3.1792    190.750  1025.4966  51051.654    31.8257     86.147    7.12414     5.5804     5.5914    25.0940   12.77423 4.5253e-02     86.978 0.0000e+00
        765 148.669965    0.05306     3.1833    191.000  1025.4990  51054.107    31.8268     86.411    7.12449     5.5790     5.5890    25.0951   12.77479 4.5235e-02     87.245 0.0000e+00
