CTD-processing/allCTD/CNV--homogene/2014_07-24_t7_s19_cast018.cnv
* Sea-Bird SBE19plus Data File:
* FileName = C:\Users\kris.holderied\Documents\kasitsna\Research-Projects-and-Data\Oceanography-AK\CTD-Data-ALL-to-2014-06\2014-CTD-KachemakBay-CookInlet\2014-07-EVOSTC-CookInlet-quarterly\2014-07-24-CookInlet-Tran7-Augustine\2014-07-24-CookInlet-Tran7-cast018.hex
* Software Version 1.59
* Temperature SN =  4141
* Conductivity SN =  4141
* System UpLoad Time = Jul 24 2014 17:31:50
** Cook Inlet LTM Transect 7 (Augustine) West to East
** Date: 07-24
** Station: 7-19
** Start time: 15:06
** Depth (m): 78.5
** Comment:  CTD time is Alaska Daylight time.  Transducer  depth (transducer is 9 ft).
** Comment:
# nquan = 17
# nvalues = 950                         
# units = specified
# name 0 = scan: Scan Count
# name 1 = timeJ: Julian Days
# name 2 = timeH: Time, Elapsed [hours]
# name 3 = timeM: Time, Elapsed [minutes]
# name 4 = timeS: Time, Elapsed [seconds]
# name 5 = density00: Density [density, kg/m^3]
# name 6 = specc: Specific Conductance [uS/cm]
# name 7 = sal00: Salinity, Practical [PSU]
# name 8 = depSM: Depth [salt water, m], lat = 59.00
# name 9 = oxsolML/L: Oxygen Saturation, Garcia & Gordon [ml/l]
# name 10 = potemp090C: Potential Temperature [ITS-90, deg C]
# name 11 = tv290C: Temperature [ITS-90, deg C]
# name 12 = sigma-é00: Density [sigma-theta, kg/m^3]
# name 13 = n2satML/L: Nitrogen Saturation [ml/l]
# name 14 = par: PAR/Irradiance, Biospherical/Licor
# name 15 = prdM: Pressure, Strain Gauge [db]
# name 16 = flag:  0.000e+00
# span 0 =          1,        950       
# span 1 = 205.629421, 205.632167       
# span 2 =    0.00000,    0.06590       
# span 3 =     0.0000,     3.9542       
# span 4 =      0.000,    237.250       
# span 5 =   999.8621,  1025.1548       
# span 6 =    728.386,  50445.455       
# span 7 =     0.3517,    31.9058       
# span 8 =     -0.109,     78.647       
# span 9 =    6.36753,    7.66370       
# span 10 =     8.3584,    11.2170      
# span 11 =     8.3662,    11.2170      
# span 12 =    -0.1376,    24.7926      
# span 13 =   11.52736,   14.10511      
# span 14 = 6.5631e-02, 6.9803e+02      
# span 15 =     -0.110,     79.405      
# span 16 = 0.0000e+00, 0.0000e+00      
# interval = seconds: 0.25
# start_time = Jul 24 2014 15:06:22 [Instrument's time stamp, header]
# bad_flag = -9.990e-29
*END*
[from data line 341]
        342 205.630408    0.02368     1.4208     85.250  1024.1855  49429.806    31.4632      0.981    6.45042    10.0503    10.0649    24.1810   11.66443 3.6582e+02      0.990 0.0000e+00
        343 205.630411    0.02375     1.4250     85.500  1024.1853  49428.542    31.4615      1.008    6.45146    10.0403    10.0580    24.1807   11.66618 3.6222e+02      1.018 0.0000e+00
        344 205.630414    0.02382     1.4292     85.750  1024.1831  49423.385    31.4568      1.034    6.45273    10.0258    10.0504    24.1784   11.66833 3.5826e+02      1.044 0.0000e+00
        345 205.630417    0.02389     1.4333     86.000  1024.1785  49413.784    31.4488      1.060    6.45447    10.0054    10.0404    24.1737   11.67132 3.5497e+02      1.070 0.0000e+00
        346 205.630420    0.02396     1.4375     86.250  1024.1731  49402.022    31.4386      1.086    6.45693     9.9808    10.0259    24.1682   11.67552 3.5224e+02      1.096 0.0000e+00
        347 205.630422    0.02403     1.4417     86.500  1024.1725  49398.415    31.4335      1.109    6.46003     9.9570    10.0055    24.1675   11.68071 3.5019e+02      1.120 0.0000e+00
        348 205.630425    0.02410     1.4458     86.750  1024.1806  49410.104    31.4386      1.125    6.46329     9.9380     9.9809    24.1755   11.68605 3.4977e+02      1.135 0.0000e+00
        349 205.630428    0.02417     1.4500     87.000  1024.1933  49430.293    31.4498      1.126    6.46619     9.9259     9.9571    24.1881   11.69072 3.5202e+02      1.137 0.0000e+00
        350 205.630431    0.02424     1.4542     87.250  1024.2071  49453.422    31.4637      1.108    6.46831     9.9226     9.9381    24.2020   11.69407 3.5722e+02      1.119 0.0000e+00
        351 205.630434    0.02431     1.4583     87.500  1024.2223  49479.782    31.4808      1.070    6.46932     9.9286     9.9260    24.2173   11.69553 3.6516e+02      1.081 0.0000e+00
        352 205.630437    0.02438     1.4625     87.750  1024.2355  49503.901    31.4974      1.015    6.46909     9.9416     9.9227    24.2309   11.69495 3.7528e+02      1.024 0.0000e+00
        353 205.630440    0.02444     1.4667     88.000  1024.2427  49518.139    31.5083      0.948    6.46778     9.9583     9.9287    24.2384   11.69266 3.8529e+02      0.957 0.0000e+00
        354 205.630443    0.02451     1.4708     88.250  1024.2436  49521.716    31.5125      0.881    6.46577     9.9765     9.9417    24.2395   11.68927 3.9319e+02      0.890 0.0000e+00
        355 205.630446    0.02458     1.4750     88.500  1024.2407  49518.959    31.5127      0.823    6.46339     9.9942     9.9584    24.2370   11.68534 3.9953e+02      0.831 0.0000e+00
        356 205.630448    0.02465     1.4792     88.750  1024.2353  49511.481    31.5098      0.782    6.46095    10.0093     9.9766    24.2317   11.68133 4.0476e+02      0.790 0.0000e+00
        357 205.630451    0.02472     1.4833     89.000  1024.2268  49498.285    31.5027      0.762    6.45874    10.0199     9.9943    24.2233   11.67776 4.0711e+02      0.769 0.0000e+00
        358 205.630454    0.02479     1.4875     89.250  1024.2168  49481.858    31.4930      0.762    6.45701    10.0254    10.0094    24.2133   11.67501 4.0412e+02      0.769 0.0000e+00
        359 205.630457    0.02486     1.4917     89.500  1024.2074  49465.778    31.4830      0.782    6.45593    10.0253    10.0200    24.2038   11.67333 3.9712e+02      0.790 0.0000e+00
        360 205.630460    0.02493     1.4958     89.750  1024.1983  49449.691    31.4723      0.819    6.45559    10.0180    10.0255    24.1945   11.67290 3.8962e+02      0.827 0.0000e+00
        361 205.630463    0.02500     1.5000     90.000  1024.1880  49430.569    31.4588      0.870    6.45617    10.0009    10.0254    24.1840   11.67403 3.8016e+02      0.878 0.0000e+00
        362 205.630466    0.02507     1.5042     90.250  1024.1751  49405.942    31.4404      0.929    6.45797     9.9730    10.0181    24.1709   11.67722 3.6834e+02      0.938 0.0000e+00
        363 205.630469    0.02514     1.5083     90.500  1024.1637  49382.659    31.4218      0.991    6.46116     9.9383    10.0010    24.1591   11.68272 3.5857e+02      1.000 0.0000e+00
        364 205.630472    0.02521     1.5125     90.750  1024.1624  49376.755    31.4140      1.048    6.46542     9.9043     9.9731    24.1576   11.68988 3.5247e+02      1.058 0.0000e+00
        365 205.630475    0.02528     1.5167     91.000  1024.1741  49393.654    31.4215      1.095    6.47003     9.8780     9.9384    24.1691   11.69741 3.4799e+02      1.105 0.0000e+00
        366 205.630477    0.02535     1.5208     91.250  1024.1941  49425.784    31.4398      1.130    6.47407     9.8629     9.9044    24.1889   11.70390 3.4336e+02      1.141 0.0000e+00
        367 205.630480    0.02542     1.5250     91.500  1024.2167  49463.536    31.4631      1.154    6.47684     9.8590     9.8781    24.2114   11.70821 3.3993e+02      1.165 0.0000e+00
        368 205.630483    0.02549     1.5292     91.750  1024.2351  49495.170    31.4835      1.169    6.47813     9.8624     9.8631    24.2297   11.71009 3.3976e+02      1.181 0.0000e+00
        369 205.630486    0.02556     1.5333     92.000  1024.2452  49512.947    31.4955      1.179    6.47819     9.8691     9.8591    24.2398   11.71005 3.4181e+02      1.190 0.0000e+00
        370 205.630489    0.02562     1.5375     92.250  1024.2480  49518.309    31.4998      1.184    6.47752     9.8767     9.8625    24.2425   11.70889 3.4561e+02      1.195 0.0000e+00
        371 205.630492    0.02569     1.5417     92.500  1024.2469  49517.155    31.4998      1.181    6.47656     9.8844     9.8693    24.2415   11.70730 3.5170e+02      1.193 0.0000e+00
        372 205.630495    0.02576     1.5458     92.750  1024.2454  49515.398    31.4996      1.167    6.47550     9.8936     9.8768    24.2400   11.70555 3.5756e+02      1.179 0.0000e+00
        373 205.630498    0.02583     1.5500     93.000  1024.2456  49516.941    31.5017      1.139    6.47431     9.9059     9.8846    24.2404   11.70355 3.6101e+02      1.150 0.0000e+00
        374 205.630501    0.02590     1.5542     93.250  1024.2481  49522.849    31.5071      1.094    6.47279     9.9223     9.8938    24.2431   11.70097 3.6582e+02      1.105 0.0000e+00
        375 205.630503    0.02597     1.5583     93.500  1024.2509  49529.768    31.5135      1.035    6.47078     9.9420     9.9060    24.2462   11.69757 3.7643e+02      1.046 0.0000e+00
        376 205.630506    0.02604     1.5625     93.750  1024.2509  49532.211    31.5174      0.966    6.46830     9.9632     9.9224    24.2465   11.69341 3.9010e+02      0.976 0.0000e+00
        377 205.630509    0.02611     1.5667     94.000  1024.2475  49528.798    31.5176      0.894    6.46550     9.9851     9.9421    24.2434   11.68878 4.0180e+02      0.903 0.0000e+00
        378 205.630512    0.02618     1.5708     94.250  1024.2429  49523.539    31.5166      0.827    6.46255    10.0076     9.9633    24.2392   11.68390 4.0971e+02      0.835 0.0000e+00
        379 205.630515    0.02625     1.5750     94.500  1024.2388  49518.904    31.5161      0.773    6.45948    10.0300     9.9851    24.2353   11.67883 4.1531e+02      0.780 0.0000e+00
        380 205.630518    0.02632     1.5792     94.750  1024.2329  49511.032    31.5134      0.739    6.45640    10.0499    10.0077    24.2295   11.67376 4.1942e+02      0.747 0.0000e+00
        381 205.630521    0.02639     1.5833     95.000  1024.2235  49496.663    31.5061      0.734    6.45355    10.0643    10.0301    24.2201   11.66912 4.1619e+02      0.741 0.0000e+00
        382 205.630524    0.02646     1.5875     95.250  1024.2103  49475.001    31.4934      0.760    6.45127    10.0676    10.0500    24.2069   11.66549 4.0338e+02      0.767 0.0000e+00
        383 205.630527    0.02653     1.5917     95.500  1024.1900  49439.477    31.4701      0.815    6.45020    10.0538    10.0644    24.1863   11.66400 3.8774e+02      0.822 0.0000e+00
        384 205.630530    0.02660     1.5958     95.750  1024.1642  49392.461    31.4372      0.889    6.45110    10.0241    10.0677    24.1602   11.66588 3.7270e+02      0.897 0.0000e+00
        385 205.630532    0.02667     1.6000     96.000  1024.1466  49358.110    31.4112      0.972    6.45413     9.9874    10.0539    24.1421   11.67121 3.5601e+02      0.981 0.0000e+00
        386 205.630535    0.02674     1.6042     96.250  1024.1466  49353.938    31.4044      1.055    6.45860     9.9526    10.0242    24.1417   11.67870 3.3881e+02      1.065 0.0000e+00
        387 205.630538    0.02681     1.6083     96.500  1024.1604  49374.113    31.4140      1.130    6.46339     9.9251     9.9875    24.1552   11.68652 3.2726e+02      1.141 0.0000e+00
        388 205.630541    0.02688     1.6125     96.750  1024.1801  49405.445    31.4317      1.194    6.46757     9.9069     9.9528    24.1747   11.69322 3.2376e+02      1.206 0.0000e+00
        389 205.630544    0.02694     1.6167     97.000  1024.2002  49438.393    31.4514      1.246    6.47064     9.8979     9.9253    24.1946   11.69808 3.2486e+02      1.258 0.0000e+00
        390 205.630547    0.02701     1.6208     97.250  1024.2174  49467.241    31.4694      1.284    6.47247     9.8964     9.9071    24.2116   11.70089 3.2674e+02      1.296 0.0000e+00
        391 205.630550    0.02708     1.6250     97.500  1024.2296  49488.117    31.4830      1.309    6.47318     9.9007     9.8981    24.2236   11.70190 3.2762e+02      1.321 0.0000e+00
        392 205.630553    0.02715     1.6292     97.750  1024.2379  49502.897    31.4932      1.322    6.47296     9.9104     9.8966    24.2319   11.70142 3.2789e+02      1.334 0.0000e+00
        393 205.630556    0.02722     1.6333     98.000  1024.2447  49515.661    31.5028      1.326    6.47196     9.9246     9.9009    24.2386   11.69964 3.2880e+02      1.338 0.0000e+00
        394 205.630558    0.02729     1.6375     98.250  1024.2483  49523.335    31.5095      1.322    6.47031     9.9414     9.9105    24.2423   11.69684 3.3053e+02      1.334 0.0000e+00
        395 205.630561    0.02736     1.6417     98.500  1024.2475  49523.567    31.5115      1.311    6.46821     9.9592     9.9248    24.2415   11.69334 3.3330e+02      1.323 0.0000e+00
        396 205.630564    0.02743     1.6458     98.750  1024.2446  49520.438    31.5114      1.292    6.46584     9.9785     9.9415    24.2387   11.68942 3.3881e+02      1.304 0.0000e+00
        397 205.630567    0.02750     1.6500     99.000  1024.2426  49519.095    31.5127      1.263    6.46327     9.9997     9.9593    24.2369   11.68513 3.4693e+02      1.275 0.0000e+00
        398 205.630570    0.02757     1.6542     99.250  1024.2410  49518.644    31.5149      1.224    6.46045    10.0208     9.9786    24.2354   11.68044 3.5417e+02      1.235 0.0000e+00
        399 205.630573    0.02764     1.6583     99.500  1024.2354  49511.415    31.5125      1.178    6.45756    10.0386     9.9998    24.2301   11.67568 3.5801e+02      1.188 0.0000e+00
        400 205.630576    0.02771     1.6625     99.750  1024.2250  49495.416    31.5039      1.127    6.45493    10.0511    10.0210    24.2199   11.67143 3.6036e+02      1.137 0.0000e+00
        401 205.630579    0.02778     1.6667    100.000  1024.2134  49476.704    31.4930      1.080    6.45287    10.0579    10.0388    24.2085   11.66816 3.6379e+02      1.090 0.0000e+00
        402 205.630582    0.02785     1.6708    100.250  1024.2026  49458.869    31.4820      1.044    6.45156    10.0587    10.0513    24.1978   11.66611 3.6617e+02      1.054 0.0000e+00
        403 205.630584    0.02792     1.6750    100.500  1024.1926  49441.613    31.4707      1.027    6.45107    10.0523    10.0581    24.1879   11.66543 3.6408e+02      1.037 0.0000e+00
        404 205.630587    0.02799     1.6792    100.750  1024.1825  49423.312    31.4578      1.036    6.45150    10.0376    10.0588    24.1778   11.66629 3.5828e+02      1.045 0.0000e+00
        405 205.630590    0.02806     1.6833    101.000  1024.1720  49403.359    31.4429      1.069    6.45301    10.0145    10.0524    24.1672   11.66898 3.5066e+02      1.079 0.0000e+00
        406 205.630593    0.02813     1.6875    101.250  1024.1638  49386.211    31.4289      1.124    6.45567     9.9848    10.0377    24.1586   11.67355 3.3998e+02      1.134 0.0000e+00
        407 205.630596    0.02819     1.6917    101.500  1024.1606  49377.119    31.4195      1.192    6.45933     9.9518    10.0146    24.1551   11.67972 3.2545e+02      1.203 0.0000e+00
        408 205.630599    0.02826     1.6958    101.750  1024.1636  49378.698    31.4168      1.264    6.46363     9.9199     9.9849    24.1579   11.68688 3.1221e+02      1.275 0.0000e+00
        409 205.630602    0.02833     1.7000    102.000  1024.1741  49393.393    31.4230      1.331    6.46804     9.8936     9.9519    24.1680   11.69411 3.0559e+02      1.344 0.0000e+00
        410 205.630605    0.02840     1.7042    102.250  1024.1906  49419.200    31.4371      1.388    6.47197     9.8753     9.9201    24.1842   11.70044 3.0397e+02      1.401 0.0000e+00
        411 205.630608    0.02847     1.7083    102.500  1024.2084  49448.185    31.4542      1.428    6.47499     9.8651     9.8938    24.2018   11.70524 3.0275e+02      1.442 0.0000e+00
        412 205.630611    0.02854     1.7125    102.750  1024.2238  49473.889    31.4699      1.452    6.47693     9.8623     9.8755    24.2171   11.70826 3.0042e+02      1.466 0.0000e+00
        413 205.630613    0.02861     1.7167    103.000  1024.2358  49494.629    31.4833      1.460    6.47781     9.8660     9.8653    24.2292   11.70957 3.0000e+02      1.474 0.0000e+00
        414 205.630616    0.02868     1.7208    103.250  1024.2451  49511.109    31.4946      1.456    6.47774     9.8756     9.8625    24.2385   11.70932 3.0453e+02      1.470 0.0000e+00
        415 205.630619    0.02875     1.7250    103.500  1024.2519  49523.929    31.5041      1.443    6.47682     9.8901     9.8662    24.2453   11.70768 3.1204e+02      1.457 0.0000e+00
        416 205.630622    0.02882     1.7292    103.750  1024.2560  49532.715    31.5115      1.425    6.47516     9.9085     9.8757    24.2495   11.70484 3.1884e+02      1.438 0.0000e+00
        417 205.630625    0.02889     1.7333    104.000  1024.2574  49536.941    31.5164      1.399    6.47290     9.9297     9.8902    24.2510   11.70104 3.2420e+02      1.413 0.0000e+00
        418 205.630628    0.02896     1.7375    104.250  1024.2563  49537.226    31.5190      1.366    6.47018     9.9531     9.9086    24.2500   11.69651 3.2993e+02      1.379 0.0000e+00
        419 205.630631    0.02903     1.7417    104.500  1024.2538  49535.560    31.5205      1.323    6.46712     9.9780     9.9298    24.2478   11.69141 3.3758e+02      1.336 0.0000e+00
        420 205.630634    0.02910     1.7458    104.750  1024.2502  49532.112    31.5211      1.271    6.46379    10.0030     9.9532    24.2444   11.68589 3.4628e+02      1.284 0.0000e+00
        421 205.630637    0.02917     1.7500    105.000  1024.2442  49524.497    31.5189      1.213    6.46036    10.0267     9.9781    24.2387   11.68023 3.5382e+02      1.225 0.0000e+00
        422 205.630639    0.02924     1.7542    105.250  1024.2361  49513.221    31.5142      1.154    6.45701    10.0486    10.0032    24.2309   11.67476 3.5907e+02      1.165 0.0000e+00
        423 205.630642    0.02931     1.7583    105.500  1024.2281  49501.749    31.5092      1.101    6.45388    10.0685    10.0269    24.2230   11.66963 3.6266e+02      1.111 0.0000e+00
        424 205.630645    0.02937     1.7625    105.750  1024.2205  49490.873    31.5043      1.062    6.45100    10.0858    10.0487    24.2156   11.66492 3.6384e+02      1.072 0.0000e+00
        425 205.630648    0.02944     1.7667    106.000  1024.2122  49478.340    31.4979      1.046    6.44845    10.0986    10.0687    24.2074   11.66078 3.6080e+02      1.056 0.0000e+00
