CTD-processing/allCTD/CNV--homogene/2014_04-06_t6_s24_cast261.cnv
* Sea-Bird SBE19plus Data File:
* FileName = C:\Users\kris.holderied\Documents\kasitsna\Research-Projects-and-Data\Oceanography-AK\CTD-CookInlet-GulfWatchAK\2014-04-EVOSTC-CookInlet-Ocean\2014-04-06-CookInlet-Tran6-Douglas\2014-04-06-CookInlet-Tran6-cast261.hex
* Software Version 1.59
* Temperature SN =  5028
* Conductivity SN =  5028
* System UpLoad Time = Apr 09 2014 11:43:02
** Cook Inlet LTM Transect 6 (Douglas) east to west
** Date: 6 Apr 2014
** Station: 6-24
** Start time: 16:26
** Depth (m): 168
** Comment:  CTD instrument time is AK Daylight time
** Comment:
# nquan = 17
# nvalues = 979                         
# units = specified
# name 0 = scan: Scan Count
# name 1 = timeJ: Julian Days
# name 2 = timeH: Time, Elapsed [hours]
# name 3 = timeM: Time, Elapsed [minutes]
# name 4 = timeS: Time, Elapsed [seconds]
# name 5 = density00: Density [density, kg/m^3]
# name 6 = specc: Specific Conductance [uS/cm]
# name 7 = sal00: Salinity, Practical [PSU]
# name 8 = depSM: Depth [salt water, m], lat = 59.00
# name 9 = oxsolML/L: Oxygen Saturation, Garcia & Gordon [ml/l]
# name 10 = potemp090C: Potential Temperature [ITS-90, deg C]
# name 11 = tv290C: Temperature [ITS-90, deg C]
# name 12 = sigma-é00: Density [sigma-theta, kg/m^3]
# name 13 = n2satML/L: Nitrogen Saturation [ml/l]
# name 14 = par: PAR/Irradiance, Biospherical/Licor
# name 15 = prdM: Pressure, Strain Gauge [db]
# name 16 = flag:  0.000e+00
# span 0 =          1,        979       
# span 1 =  96.684826,  96.687656       
# span 2 =    0.00000,    0.06792       
# span 3 =     0.0000,     4.0750       
# span 4 =      0.000,    244.500       
# span 5 =  1000.2725,  1026.2759       
# span 6 =    822.052,  51934.280       
# span 7 =     0.3906,    32.2354       
# span 8 =     -0.186,    165.535       
# span 9 =    7.18405,    8.83490       
# span 10 =     4.7960,     5.3421      
# span 11 =     4.7983,     5.3421      
# span 12 =     0.2734,    25.5010      
# span 13 =   12.87068,   16.07889      
# span 14 = 3.7912e-02, 2.4613e+02      
# span 15 =     -0.188,    167.165      
# span 16 = 0.0000e+00, 0.0000e+00      
# interval = seconds: 0.25
# start_time = Apr 06 2014 16:26:09 [Instrument's time stamp, header]
# bad_flag = -9.990e-29
*END*
[from data line 171]
        172  96.685321    0.01188     0.7125     42.750  1025.3374  51480.706    32.0543      1.100    7.20104     5.0814     5.0757    25.3323   12.89828 1.1941e+02      1.110 0.0000e+00
        173  96.685324    0.01194     0.7167     43.000  1025.3340  51474.293    32.0506      1.085    7.20067     5.0824     5.0789    25.3290   12.89771 1.1947e+02      1.095 0.0000e+00
        174  96.685327    0.01201     0.7208     43.250  1025.3298  51466.507    32.0458      1.062    7.20045     5.0809     5.0815    25.3249   12.89741 1.1941e+02      1.072 0.0000e+00
        175  96.685330    0.01208     0.7250     43.500  1025.3266  51460.601    32.0419      1.037    7.20047     5.0768     5.0825    25.3217   12.89749 1.1901e+02      1.046 0.0000e+00
        176  96.685333    0.01215     0.7292     43.750  1025.3259  51459.667    32.0410      1.015    7.20077     5.0711     5.0810    25.3211   12.89801 1.1908e+02      1.025 0.0000e+00
        177  96.685336    0.01222     0.7333     44.000  1025.3288  51465.511    32.0441      1.004    7.20133     5.0660     5.0768    25.3241   12.89889 1.1969e+02      1.013 0.0000e+00
        178  96.685339    0.01229     0.7375     44.250  1025.3351  51477.827    32.0513      1.003    7.20196     5.0638     5.0711    25.3304   12.89985 1.1970e+02      1.013 0.0000e+00
        179  96.685341    0.01236     0.7417     44.500  1025.3430  51492.769    32.0605      1.009    7.20239     5.0657     5.0661    25.3382   12.90044 1.1877e+02      1.019 0.0000e+00
        180  96.685344    0.01243     0.7458     44.750  1025.3489  51503.884    32.0677      1.016    7.20243     5.0711     5.0639    25.3442   12.90040 1.1732e+02      1.026 0.0000e+00
        181  96.685347    0.01250     0.7500     45.000  1025.3504  51506.348    32.0698      1.017    7.20201     5.0784     5.0657    25.3456   12.89968 1.1602e+02      1.027 0.0000e+00
        182  96.685350    0.01257     0.7542     45.250  1025.3471  51499.784    32.0665      1.012    7.20122     5.0855     5.0712    25.3424   12.89842 1.1549e+02      1.021 0.0000e+00
        183  96.685353    0.01264     0.7583     45.500  1025.3406  51487.124    32.0594      0.998    7.20032     5.0913     5.0785    25.3360   12.89702 1.1595e+02      1.007 0.0000e+00
        184  96.685356    0.01271     0.7625     45.750  1025.3326  51471.724    32.0503      0.980    7.19953     5.0950     5.0856    25.3280   12.89584 1.1651e+02      0.989 0.0000e+00
        185  96.685359    0.01278     0.7667     46.000  1025.3246  51456.578    32.0412      0.961    7.19898     5.0968     5.0913    25.3201   12.89506 1.1602e+02      0.970 0.0000e+00
        186  96.685362    0.01285     0.7708     46.250  1025.3184  51444.860    32.0339      0.947    7.19868     5.0966     5.0951    25.3140   12.89466 1.1485e+02      0.956 0.0000e+00
        187  96.685365    0.01292     0.7750     46.500  1025.3152  51438.875    32.0302      0.943    7.19857     5.0949     5.0968    25.3108   12.89451 1.1365e+02      0.952 0.0000e+00
        188  96.685367    0.01299     0.7792     46.750  1025.3154  51439.218    32.0304      0.951    7.19859     5.0931     5.0966    25.3110   12.89455 1.1282e+02      0.960 0.0000e+00
        189  96.685370    0.01306     0.7833     47.000  1025.3184  51444.792    32.0339      0.970    7.19870     5.0922     5.0950    25.3139   12.89469 1.1267e+02      0.979 0.0000e+00
        190  96.685373    0.01313     0.7875     47.250  1025.3229  51452.951    32.0391      0.994    7.19877     5.0929     5.0931    25.3182   12.89473 1.1249e+02      1.004 0.0000e+00
        191  96.685376    0.01319     0.7917     47.500  1025.3271  51460.671    32.0442      1.018    7.19868     5.0956     5.0922    25.3224   12.89452 1.1191e+02      1.028 0.0000e+00
        192  96.685379    0.01326     0.7958     47.750  1025.3299  51465.460    32.0476      1.037    7.19839     5.0996     5.0930    25.3250   12.89398 1.1172e+02      1.047 0.0000e+00
        193  96.685382    0.01333     0.8000     48.000  1025.3303  51465.869    32.0485      1.048    7.19789     5.1043     5.0956    25.3254   12.89316 1.1144e+02      1.058 0.0000e+00
        194  96.685385    0.01340     0.8042     48.250  1025.3288  51462.571    32.0471      1.050    7.19726     5.1086     5.0997    25.3238   12.89213 1.1064e+02      1.060 0.0000e+00
        195  96.685388    0.01347     0.8083     48.500  1025.3265  51457.781    32.0448      1.046    7.19658     5.1123     5.1044    25.3215   12.89103 1.1064e+02      1.056 0.0000e+00
        196  96.685391    0.01354     0.8125     48.750  1025.3243  51453.362    32.0427      1.039    7.19593     5.1156     5.1087    25.3194   12.88999 1.1171e+02      1.049 0.0000e+00
        197  96.685394    0.01361     0.8167     49.000  1025.3227  51450.179    32.0413      1.030    7.19536     5.1186     5.1124    25.3179   12.88906 1.1274e+02      1.040 0.0000e+00
        198  96.685396    0.01368     0.8208     49.250  1025.3219  51448.351    32.0407      1.022    7.19483     5.1218     5.1157    25.3171   12.88820 1.1302e+02      1.032 0.0000e+00
        199  96.685399    0.01375     0.8250     49.500  1025.3215  51447.354    32.0407      1.013    7.19430     5.1254     5.1187    25.3167   12.88733 1.1255e+02      1.023 0.0000e+00
        200  96.685402    0.01382     0.8292     49.750  1025.3211  51446.264    32.0407      1.004    7.19375     5.1291     5.1219    25.3163   12.88642 1.1213e+02      1.014 0.0000e+00
        201  96.685405    0.01389     0.8333     50.000  1025.3203  51444.590    32.0403      0.994    7.19317     5.1328     5.1255    25.3157   12.88545 1.1242e+02      1.004 0.0000e+00
        202  96.685408    0.01396     0.8375     50.250  1025.3193  51442.458    32.0396      0.984    7.19256     5.1365     5.1292    25.3147   12.88446 1.1291e+02      0.993 0.0000e+00
        203  96.685411    0.01403     0.8417     50.500  1025.3183  51440.194    32.0389      0.974    7.19195     5.1400     5.1329    25.3137   12.88347 1.1306e+02      0.983 0.0000e+00
        204  96.685414    0.01410     0.8458     50.750  1025.3175  51438.457    32.0385      0.965    7.19134     5.1436     5.1366    25.3130   12.88248 1.1279e+02      0.974 0.0000e+00
        205  96.685417    0.01417     0.8500     51.000  1025.3173  51437.828    32.0388      0.957    7.19072     5.1474     5.1401    25.3129   12.88145 1.1204e+02      0.965 0.0000e+00
        206  96.685420    0.01424     0.8542     51.250  1025.3177  51438.062    32.0397      0.950    7.19007     5.1519     5.1437    25.3132   12.88036 1.1118e+02      0.959 0.0000e+00
        207  96.685422    0.01431     0.8583     51.500  1025.3180  51438.314    32.0407      0.946    7.18936     5.1569     5.1475    25.3136   12.87917 1.1045e+02      0.955 0.0000e+00
        208  96.685425    0.01438     0.8625     51.750  1025.3179  51437.639    32.0412      0.944    7.18858     5.1622     5.1520    25.3135   12.87787 1.0999e+02      0.953 0.0000e+00
        209  96.685428    0.01444     0.8667     52.000  1025.3170  51435.483    32.0408      0.943    7.18774     5.1675     5.1570    25.3126   12.87649 1.1031e+02      0.952 0.0000e+00
        210  96.685431    0.01451     0.8708     52.250  1025.3155  51432.108    32.0396      0.942    7.18688     5.1726     5.1623    25.3111   12.87509 1.1093e+02      0.951 0.0000e+00
        211  96.685434    0.01458     0.8750     52.500  1025.3133  51427.595    32.0377      0.940    7.18607     5.1772     5.1676    25.3089   12.87377 1.1084e+02      0.949 0.0000e+00
        212  96.685437    0.01465     0.8792     52.750  1025.3103  51421.524    32.0346      0.936    7.18534     5.1808     5.1727    25.3059   12.87262 1.0992e+02      0.945 0.0000e+00
        213  96.685440    0.01472     0.8833     53.000  1025.3067  51414.434    32.0307      0.932    7.18475     5.1832     5.1772    25.3023   12.87169 1.0863e+02      0.941 0.0000e+00
        214  96.685443    0.01479     0.8875     53.250  1025.3031  51407.499    32.0267      0.932    7.18432     5.1844     5.1808    25.2987   12.87104 1.0732e+02      0.941 0.0000e+00
        215  96.685446    0.01486     0.8917     53.500  1025.2999  51401.318    32.0229      0.939    7.18409     5.1844     5.1832    25.2955   12.87071 1.0629e+02      0.948 0.0000e+00
        216  96.685448    0.01493     0.8958     53.750  1025.2972  51396.019    32.0195      0.955    7.18405     5.1834     5.1844    25.2927   12.87068 1.0596e+02      0.964 0.0000e+00
        217  96.685451    0.01500     0.9000     54.000  1025.2949  51391.549    32.0165      0.978    7.18418     5.1813     5.1845    25.2903   12.87094 1.0663e+02      0.987 0.0000e+00
        218  96.685454    0.01507     0.9042     54.250  1025.2929  51387.843    32.0137      1.003    7.18450     5.1781     5.1835    25.2882   12.87149 1.0781e+02      1.013 0.0000e+00
        219  96.685457    0.01514     0.9083     54.500  1025.2913  51384.963    32.0112      1.026    7.18498     5.1741     5.1813    25.2865   12.87232 1.0827e+02      1.035 0.0000e+00
        220  96.685460    0.01521     0.9125     54.750  1025.2901  51383.002    32.0092      1.042    7.18562     5.1696     5.1782    25.2852   12.87340 1.0735e+02      1.051 0.0000e+00
        221  96.685463    0.01528     0.9167     55.000  1025.2894  51382.007    32.0077      1.050    7.18637     5.1646     5.1742    25.2844   12.87467 1.0611e+02      1.060 0.0000e+00
        222  96.685466    0.01535     0.9208     55.250  1025.2891  51382.103    32.0067      1.052    7.18720     5.1595     5.1696    25.2842   12.87604 1.0640e+02      1.061 0.0000e+00
        223  96.685469    0.01542     0.9250     55.500  1025.2895  51383.317    32.0065      1.050    7.18806     5.1544     5.1647    25.2846   12.87746 1.0853e+02      1.059 0.0000e+00
        224  96.685472    0.01549     0.9292     55.750  1025.2903  51385.349    32.0068      1.046    7.18892     5.1493     5.1596    25.2854   12.87888 1.1070e+02      1.056 0.0000e+00
        225  96.685475    0.01556     0.9333     56.000  1025.2912  51387.704    32.0073      1.040    7.18977     5.1441     5.1545    25.2864   12.88028 1.1147e+02      1.050 0.0000e+00
        226  96.685477    0.01563     0.9375     56.250  1025.2922  51390.041    32.0078      1.030    7.19063     5.1389     5.1494    25.2873   12.88168 1.1116e+02      1.040 0.0000e+00
        227  96.685480    0.01569     0.9417     56.500  1025.2931  51392.379    32.0083      1.017    7.19149     5.1338     5.1442    25.2883   12.88309 1.1064e+02      1.027 0.0000e+00
        228  96.685483    0.01576     0.9458     56.750  1025.2940  51394.818    32.0089      1.000    7.19235     5.1288     5.1390    25.2893   12.88451 1.1011e+02      1.010 0.0000e+00
        229  96.685486    0.01583     0.9500     57.000  1025.2950  51397.360    32.0096      0.981    7.19320     5.1241     5.1338    25.2904   12.88591 1.0933e+02      0.991 0.0000e+00
        230  96.685489    0.01590     0.9542     57.250  1025.2960  51399.924    32.0103      0.962    7.19402     5.1196     5.1289    25.2915   12.88726 1.0837e+02      0.971 0.0000e+00
        231  96.685492    0.01597     0.9583     57.500  1025.2970  51402.367    32.0109      0.946    7.19480     5.1154     5.1241    25.2926   12.88854 1.0714e+02      0.955 0.0000e+00
        232  96.685495    0.01604     0.9625     57.750  1025.2979  51404.610    32.0115      0.937    7.19554     5.1114     5.1197    25.2935   12.88975 1.0591e+02      0.946 0.0000e+00
        233  96.685498    0.01611     0.9667     58.000  1025.2988  51406.692    32.0121      0.935    7.19624     5.1075     5.1155    25.2944   12.89089 1.0559e+02      0.944 0.0000e+00
        234  96.685501    0.01618     0.9708     58.250  1025.2997  51408.799    32.0127      0.941    7.19690     5.1036     5.1115    25.2953   12.89198 1.0588e+02      0.950 0.0000e+00
        235  96.685503    0.01625     0.9750     58.500  1025.3007  51411.041    32.0134      0.951    7.19754     5.0999     5.1076    25.2963   12.89302 1.0571e+02      0.960 0.0000e+00
        236  96.685506    0.01632     0.9792     58.750  1025.3018  51413.249    32.0140      0.965    7.19816     5.0963     5.1037    25.2972   12.89405 1.0513e+02      0.974 0.0000e+00
        237  96.685509    0.01639     0.9833     59.000  1025.3027  51415.295    32.0146      0.980    7.19878     5.0928     5.1000    25.2981   12.89505 1.0475e+02      0.989 0.0000e+00
        238  96.685512    0.01646     0.9875     59.250  1025.3036  51417.164    32.0151      0.997    7.19938     5.0895     5.0963    25.2989   12.89604 1.0466e+02      1.006 0.0000e+00
        239  96.685515    0.01653     0.9917     59.500  1025.3043  51418.747    32.0154      1.017    7.19996     5.0864     5.0929    25.2996   12.89700 1.0459e+02      1.026 0.0000e+00
        240  96.685518    0.01660     0.9958     59.750  1025.3049  51420.014    32.0156      1.040    7.20051     5.0834     5.0896    25.3001   12.89791 1.0426e+02      1.050 0.0000e+00
        241  96.685521    0.01667     1.0000     60.000  1025.3055  51421.122    32.0157      1.067    7.20104     5.0804     5.0865    25.3005   12.89878 1.0385e+02      1.077 0.0000e+00
        242  96.685524    0.01674     1.0042     60.250  1025.3061  51422.305    32.0158      1.096    7.20155     5.0774     5.0835    25.3009   12.89962 1.0408e+02      1.107 0.0000e+00
        243  96.685527    0.01681     1.0083     60.500  1025.3068  51423.812    32.0162      1.123    7.20205     5.0743     5.0805    25.3015   12.90044 1.0502e+02      1.134 0.0000e+00
        244  96.685530    0.01688     1.0125     60.750  1025.3077  51425.613    32.0167      1.143    7.20255     5.0714     5.0775    25.3023   12.90125 1.0576e+02      1.154 0.0000e+00
        245  96.685532    0.01694     1.0167     61.000  1025.3084  51427.364    32.0173      1.149    7.20304     5.0687     5.0744    25.3031   12.90206 1.0591e+02      1.160 0.0000e+00
        246  96.685535    0.01701     1.0208     61.250  1025.3091  51428.998    32.0178      1.139    7.20352     5.0662     5.0715    25.3038   12.90284 1.0623e+02      1.150 0.0000e+00
        247  96.685538    0.01708     1.0250     61.500  1025.3098  51430.726    32.0184      1.115    7.20396     5.0640     5.0688    25.3046   12.90356 1.0718e+02      1.125 0.0000e+00
        248  96.685541    0.01715     1.0292     61.750  1025.3105  51432.610    32.0192      1.079    7.20435     5.0620     5.0663    25.3055   12.90420 1.0857e+02      1.089 0.0000e+00
        249  96.685544    0.01722     1.0333     62.000  1025.3113  51434.640    32.0201      1.038    7.20469     5.0603     5.0641    25.3064   12.90474 1.1015e+02      1.048 0.0000e+00
        250  96.685547    0.01729     1.0375     62.250  1025.3122  51436.781    32.0212      1.001    7.20497     5.0589     5.0621    25.3075   12.90520 1.1122e+02      1.011 0.0000e+00
        251  96.685550    0.01736     1.0417     62.500  1025.3131  51438.908    32.0223      0.974    7.20521     5.0576     5.0604    25.3085   12.90558 1.1136e+02      0.983 0.0000e+00
        252  96.685553    0.01743     1.0458     62.750  1025.3140  51440.777    32.0232      0.961    7.20542     5.0564     5.0590    25.3094   12.90591 1.1103e+02      0.970 0.0000e+00
        253  96.685556    0.01750     1.0500     63.000  1025.3146  51442.069    32.0238      0.965    7.20561     5.0553     5.0577    25.3101   12.90621 1.0991e+02      0.974 0.0000e+00
        254  96.685558    0.01757     1.0542     63.250  1025.3149  51442.632    32.0240      0.982    7.20580     5.0541     5.0565    25.3103   12.90653 1.0797e+02      0.991 0.0000e+00
        255  96.685561    0.01764     1.0583     63.500  1025.3149  51442.519    32.0236      1.007    7.20601     5.0527     5.0554    25.3102   12.90688 1.0648e+02      1.017 0.0000e+00
