CTD-processing/allCTD/CNV--homogene/2014_04-11_t3_s06_cast006.cnv
* Sea-Bird SBE19plus Data File:
* FileName = C:\Users\kris.holderied\Documents\kasitsna\Research-Projects-and-Data\Oceanography-AK\CTD-CookInlet-GulfWatchAK\2014-04-EVOSTC-CookInlet-Ocean\2014-04-11-CookInlet-Tran3-AnchorPt\2014-04-11-CookInlet-Tran3-AnchorPt-cast006.hex
* Software Version 1.59
* Temperature SN =  5028
* Conductivity SN =  5028
* System UpLoad Time = Apr 11 2014 15:32:19
** Cook Inlet LTM Transect 3 (Anchor Pt) west to east
** Date: 2014-04-11
** Station: 3-06
** Start time: 12:05
** Depth (m): 49
** Comment:  CTD time is AKDaylight
** Comment:
# nquan = 17
# nvalues = 596                         
# units = specified
# name 0 = scan: Scan Count
# name 1 = timeJ: Julian Days
# name 2 = timeH: Time, Elapsed [hours]
# name 3 = timeM: Time, Elapsed [minutes]
# name 4 = timeS: Time, Elapsed [seconds]
# name 5 = density00: Density [density, kg/m^3]
# name 6 = specc: Specific Conductance [uS/cm]
# name 7 = sal00: Salinity, Practical [PSU]
# name 8 = depSM: Depth [salt water, m], lat = 59.00
# name 9 = oxsolML/L: Oxygen Saturation, Garcia & Gordon [ml/l]
# name 10 = potemp090C: Potential Temperature [ITS-90, deg C]
# name 11 = tv290C: Temperature [ITS-90, deg C]
# name 12 = sigma-é00: Density [sigma-theta, kg/m^3]
# name 13 = n2satML/L: Nitrogen Saturation [ml/l]
# name 14 = par: PAR/Irradiance, Biospherical/Licor
# name 15 = prdM: Pressure, Strain Gauge [db]
# name 16 = flag:  0.000e+00
# span 0 =          1,        596       
# span 1 = 101.503414, 101.505136       
# span 2 =    0.00000,    0.04132       
# span 3 =     0.0000,     2.4792       
# span 4 =      0.000,    148.750       
# span 5 =  1000.4563,  1024.6859       
# span 6 =   1424.140,  50384.622       
# span 7 =     0.6737,    30.6422       
# span 8 =      0.063,     49.133       
# span 9 =    7.75678,    9.87440       
# span 10 =     1.1000,     2.4311      
# span 11 =     1.0995,     2.4335      
# span 12 =     0.4560,    24.4516      
# span 13 =   13.83410,   17.81549      
# span 14 = 3.7912e-02, 1.5723e+02      
# span 15 =      0.063,     49.603      
# span 16 = 0.0000e+00, 0.0000e+00      
# interval = seconds: 0.25
# start_time = Apr 11 2014 12:04:55 [Instrument's time stamp, header]
# bad_flag = -9.990e-29
*END*
[from data line 341]
        342 101.504401    0.02368     1.4208     85.250  1024.3678  50161.958    30.4717      8.657    7.79650     2.2791     2.2773    24.3264   13.90193 2.2505e-01      8.739 0.0000e+00
        343 101.504404    0.02375     1.4250     85.500  1024.3676  50160.097    30.4707      8.810    7.79632     2.2797     2.2785    24.3255   13.90165 2.0757e-01      8.894 0.0000e+00
        344 101.504407    0.02382     1.4292     85.750  1024.3672  50157.793    30.4694      8.961    7.79618     2.2797     2.2795    24.3244   13.90144 1.9205e-01      9.046 0.0000e+00
        345 101.504410    0.02389     1.4333     86.000  1024.3669  50155.784    30.4682      9.110    7.79613     2.2792     2.2801    24.3233   13.90138 1.7820e-01      9.196 0.0000e+00
        346 101.504413    0.02396     1.4375     86.250  1024.3668  50154.513    30.4672      9.257    7.79618     2.2785     2.2801    24.3226   13.90147 1.6576e-01      9.344 0.0000e+00
        347 101.504416    0.02403     1.4417     86.500  1024.3672  50154.146    30.4668      9.401    7.79630     2.2777     2.2796    24.3223   13.90167 1.5445e-01      9.490 0.0000e+00
        348 101.504418    0.02410     1.4458     86.750  1024.3678  50154.372    30.4667      9.542    7.79644     2.2769     2.2789    24.3222   13.90191 1.4406e-01      9.632 0.0000e+00
        349 101.504421    0.02417     1.4500     87.000  1024.3687  50155.004    30.4668      9.682    7.79659     2.2764     2.2782    24.3224   13.90215 1.3444e-01      9.773 0.0000e+00
        350 101.504424    0.02424     1.4542     87.250  1024.3699  50156.413    30.4675      9.820    7.79671     2.2762     2.2774    24.3230   13.90233 1.2560e-01      9.913 0.0000e+00
        351 101.504427    0.02431     1.4583     87.500  1024.3713  50158.101    30.4684      9.956    7.79676     2.2764     2.2768    24.3237   13.90242 1.1762e-01     10.051 0.0000e+00
        352 101.504430    0.02438     1.4625     87.750  1024.3723  50158.854    30.4688     10.089    7.79676     2.2764     2.2767    24.3241   13.90241 1.1060e-01     10.184 0.0000e+00
        353 101.504433    0.02444     1.4667     88.000  1024.3726  50158.361    30.4684     10.215    7.79675     2.2760     2.2769    24.3238   13.90239 1.0455e-01     10.312 0.0000e+00
        354 101.504436    0.02451     1.4708     88.250  1024.3726  50157.413    30.4677     10.335    7.79679     2.2751     2.2769    24.3232   13.90246 9.9357e-02     10.433 0.0000e+00
        355 101.504439    0.02458     1.4750     88.500  1024.3729  50157.123    30.4674     10.448    7.79690     2.2743     2.2765    24.3229   13.90265 9.4881e-02     10.547 0.0000e+00
        356 101.504442    0.02465     1.4792     88.750  1024.3736  50157.723    30.4675     10.556    7.79705     2.2738     2.2756    24.3231   13.90290 9.0955e-02     10.656 0.0000e+00
        357 101.504444    0.02472     1.4833     89.000  1024.3743  50158.525    30.4677     10.660    7.79720     2.2735     2.2748    24.3234   13.90314 8.7383e-02     10.761 0.0000e+00
        358 101.504447    0.02479     1.4875     89.250  1024.3750  50159.019    30.4679     10.763    7.79730     2.2735     2.2743    24.3235   13.90331 8.4013e-02     10.865 0.0000e+00
        359 101.504450    0.02486     1.4917     89.500  1024.3755  50159.132    30.4678     10.866    7.79735     2.2736     2.2740    24.3235   13.90339 8.0742e-02     10.969 0.0000e+00
        360 101.504453    0.02493     1.4958     89.750  1024.3759  50159.010    30.4677     10.971    7.79736     2.2737     2.2740    24.3234   13.90341 7.7504e-02     11.075 0.0000e+00
        361 101.504456    0.02500     1.5000     90.000  1024.3762  50158.783    30.4675     11.082    7.79735     2.2738     2.2741    24.3233   13.90340 7.4282e-02     11.187 0.0000e+00
        362 101.504459    0.02507     1.5042     90.250  1024.3766  50158.491    30.4673     11.197    7.79735     2.2738     2.2742    24.3231   13.90339 7.1130e-02     11.303 0.0000e+00
        363 101.504462    0.02514     1.5083     90.500  1024.3769  50158.192    30.4670     11.314    7.79735     2.2737     2.2743    24.3229   13.90339 6.8142e-02     11.421 0.0000e+00
        364 101.504465    0.02521     1.5125     90.750  1024.3773  50157.964    30.4668     11.431    7.79735     2.2736     2.2743    24.3227   13.90341 6.5400e-02     11.539 0.0000e+00
        365 101.504468    0.02528     1.5167     91.000  1024.3778  50157.838    30.4666     11.545    7.79737     2.2735     2.2743    24.3226   13.90343 6.2961e-02     11.654 0.0000e+00
        366 101.504470    0.02535     1.5208     91.250  1024.3782  50157.837    30.4666     11.652    7.79738     2.2734     2.2742    24.3225   13.90347 6.0833e-02     11.762 0.0000e+00
        367 101.504473    0.02542     1.5250     91.500  1024.3787  50157.958    30.4666     11.753    7.79740     2.2732     2.2741    24.3225   13.90350 5.8970e-02     11.864 0.0000e+00
        368 101.504476    0.02549     1.5292     91.750  1024.3792  50158.105    30.4666     11.848    7.79743     2.2729     2.2739    24.3225   13.90354 5.7296e-02     11.960 0.0000e+00
        369 101.504479    0.02556     1.5333     92.000  1024.3796  50158.196    30.4666     11.941    7.79746     2.2726     2.2738    24.3225   13.90360 5.5730e-02     12.054 0.0000e+00
        370 101.504482    0.02562     1.5375     92.250  1024.3801  50158.436    30.4666     12.035    7.79751     2.2723     2.2735    24.3226   13.90368 5.4212e-02     12.149 0.0000e+00
        371 101.504485    0.02569     1.5417     92.500  1024.3808  50159.127    30.4669     12.133    7.79757     2.2722     2.2732    24.3229   13.90376 5.2716e-02     12.248 0.0000e+00
        372 101.504488    0.02576     1.5458     92.750  1024.3818  50160.138    30.4675     12.237    7.79759     2.2725     2.2729    24.3233   13.90380 5.1235e-02     12.353 0.0000e+00
        373 101.504491    0.02583     1.5500     93.000  1024.3827  50161.017    30.4680     12.345    7.79757     2.2729     2.2728    24.3238   13.90376 4.9780e-02     12.462 0.0000e+00
        374 101.504494    0.02590     1.5542     93.250  1024.3835  50161.429    30.4683     12.458    7.79751     2.2733     2.2731    24.3240   13.90366 4.8381e-02     12.576 0.0000e+00
        375 101.504497    0.02597     1.5583     93.500  1024.3840  50161.320    30.4683     12.572    7.79743     2.2737     2.2735    24.3239   13.90352 4.7057e-02     12.691 0.0000e+00
        376 101.504499    0.02604     1.5625     93.750  1024.3843  50160.850    30.4680     12.686    7.79736     2.2738     2.2739    24.3237   13.90340 4.5829e-02     12.806 0.0000e+00
        377 101.504502    0.02611     1.5667     94.000  1024.3845  50160.361    30.4677     12.798    7.79731     2.2737     2.2743    24.3234   13.90332 4.4717e-02     12.919 0.0000e+00
        378 101.504505    0.02618     1.5708     94.250  1024.3850  50160.219    30.4676     12.906    7.79729     2.2735     2.2744    24.3233   13.90330 4.3727e-02     13.028 0.0000e+00
        379 101.504508    0.02625     1.5750     94.500  1024.3856  50160.515    30.4677     13.009    7.79730     2.2734     2.2743    24.3234   13.90331 4.2863e-02     13.132 0.0000e+00
        380 101.504511    0.02632     1.5792     94.750  1024.3863  50161.138    30.4680     13.108    7.79732     2.2734     2.2741    24.3237   13.90333 4.2119e-02     13.232 0.0000e+00
        381 101.504514    0.02639     1.5833     95.000  1024.3871  50161.880    30.4684     13.205    7.79732     2.2735     2.2740    24.3241   13.90333 4.1463e-02     13.330 0.0000e+00
        382 101.504517    0.02646     1.5875     95.250  1024.3878  50162.425    30.4687     13.301    7.79730     2.2736     2.2740    24.3243   13.90330 4.0849e-02     13.427 0.0000e+00
        383 101.504520    0.02653     1.5917     95.500  1024.3884  50162.626    30.4689     13.401    7.79727     2.2737     2.2741    24.3243   13.90324 4.0251e-02     13.527 0.0000e+00
        384 101.504523    0.02660     1.5958     95.750  1024.3889  50162.685    30.4689     13.507    7.79724     2.2734     2.2743    24.3243   13.90319 3.9670e-02     13.635 0.0000e+00
        385 101.504525    0.02667     1.6000     96.000  1024.3895  50162.823    30.4690     13.621    7.79723     2.2727     2.2743    24.3244   13.90318 3.9135e-02     13.750 0.0000e+00
        386 101.504528    0.02674     1.6042     96.250  1024.3900  50162.950    30.4689     13.743    7.79728     2.2711     2.2741    24.3244   13.90326 3.8699e-02     13.873 0.0000e+00
        387 101.504531    0.02681     1.6083     96.500  1024.3906  50163.169    30.4688     13.869    7.79743     2.2688     2.2733    24.3243   13.90352 3.8401e-02     14.001 0.0000e+00
        388 101.504534    0.02688     1.6125     96.750  1024.3915  50164.335    30.4691     13.996    7.79772     2.2664     2.2718    24.3247   13.90399 3.8225e-02     14.129 0.0000e+00
        389 101.504537    0.02694     1.6167     97.000  1024.3932  50167.047    30.4702     14.121    7.79811     2.2642     2.2695    24.3257   13.90462 3.8132e-02     14.255 0.0000e+00
        390 101.504540    0.02701     1.6208     97.250  1024.3953  50170.621    30.4719     14.242    7.79851     2.2626     2.2670    24.3272   13.90525 3.8098e-02     14.377 0.0000e+00
        391 101.504543    0.02708     1.6250     97.500  1024.3973  50173.969    30.4735     14.359    7.79884     2.2615     2.2649    24.3287   13.90578 3.8113e-02     14.496 0.0000e+00
        392 101.504546    0.02715     1.6292     97.750  1024.3989  50176.568    30.4747     14.473    7.79910     2.2607     2.2633    24.3298   13.90619 3.8182e-02     14.610 0.0000e+00
        393 101.504549    0.02722     1.6333     98.000  1024.4003  50178.446    30.4756     14.583    7.79927     2.2602     2.2621    24.3306   13.90647 3.8323e-02     14.722 0.0000e+00
        394 101.504552    0.02729     1.6375     98.250  1024.4013  50179.807    30.4762     14.692    7.79939     2.2599     2.2613    24.3311   13.90665 3.8574e-02     14.831 0.0000e+00
        395 101.504554    0.02736     1.6417     98.500  1024.4022  50180.768    30.4767     14.799    7.79947     2.2597     2.2608    24.3315   13.90676 3.9001e-02     14.940 0.0000e+00
        396 101.504557    0.02743     1.6458     98.750  1024.4030  50181.406    30.4770     14.907    7.79951     2.2595     2.2605    24.3318   13.90683 3.9719e-02     15.048 0.0000e+00
        397 101.504560    0.02750     1.6500     99.000  1024.4037  50181.859    30.4772     15.017    7.79954     2.2595     2.2604    24.3319   13.90688 4.0919e-02     15.159 0.0000e+00
        398 101.504563    0.02757     1.6542     99.250  1024.4044  50182.222    30.4773     15.132    7.79955     2.2594     2.2603    24.3321   13.90690 4.2920e-02     15.275 0.0000e+00
        399 101.504566    0.02764     1.6583     99.500  1024.4050  50182.462    30.4774     15.253    7.79956     2.2594     2.2602    24.3322   13.90690 4.6257e-02     15.397 0.0000e+00
        400 101.504569    0.02771     1.6625     99.750  1024.4056  50182.596    30.4774     15.380    7.79956     2.2595     2.2602    24.3322   13.90691 4.8355e-02     15.525 0.0000e+00
        401 101.504572    0.02778     1.6667    100.000  1024.4063  50182.717    30.4774     15.510    7.79956     2.2595     2.2602    24.3322   13.90691 4.6289e-02     15.656 0.0000e+00
        402 101.504575    0.02785     1.6708    100.250  1024.4069  50182.865    30.4774     15.641    7.79955     2.2595     2.2602    24.3322   13.90690 4.2951e-02     15.789 0.0000e+00
        403 101.504578    0.02792     1.6750    100.500  1024.4076  50183.067    30.4775     15.772    7.79954     2.2596     2.2602    24.3323   13.90688 4.0935e-02     15.921 0.0000e+00
        404 101.504580    0.02799     1.6792    100.750  1024.4083  50183.370    30.4777     15.900    7.79952     2.2597     2.2603    24.3324   13.90684 3.9726e-02     16.050 0.0000e+00
        405 101.504583    0.02806     1.6833    101.000  1024.4091  50183.748    30.4779     16.026    7.79950     2.2598     2.2604    24.3325   13.90680 3.9000e-02     16.177 0.0000e+00
        406 101.504586    0.02813     1.6875    101.250  1024.4098  50184.051    30.4780     16.148    7.79947     2.2599     2.2605    24.3326   13.90676 3.8565e-02     16.301 0.0000e+00
        407 101.504589    0.02819     1.6917    101.500  1024.4104  50184.170    30.4781     16.268    7.79945     2.2599     2.2606    24.3327   13.90673 3.8304e-02     16.422 0.0000e+00
        408 101.504592    0.02826     1.6958    101.750  1024.4109  50184.166    30.4780     16.387    7.79944     2.2600     2.2607    24.3326   13.90670 3.8147e-02     16.542 0.0000e+00
        409 101.504595    0.02833     1.7000    102.000  1024.4114  50184.060    30.4779     16.507    7.79943     2.2601     2.2607    24.3326   13.90669 3.8053e-02     16.664 0.0000e+00
        410 101.504598    0.02840     1.7042    102.250  1024.4119  50183.882    30.4778     16.631    7.79942     2.2602     2.2608    24.3324   13.90668 3.7997e-02     16.789 0.0000e+00
        411 101.504601    0.02847     1.7083    102.500  1024.4125  50183.833    30.4777     16.762    7.79941     2.2603     2.2609    24.3324   13.90665 3.7963e-02     16.920 0.0000e+00
        412 101.504604    0.02854     1.7125    102.750  1024.4132  50184.092    30.4778     16.900    7.79938     2.2605     2.2610    24.3324   13.90660 3.7943e-02     17.060 0.0000e+00
        413 101.504606    0.02861     1.7167    103.000  1024.4142  50184.743    30.4782     17.047    7.79933     2.2607     2.2611    24.3327   13.90652 3.7930e-02     17.208 0.0000e+00
        414 101.504609    0.02868     1.7208    103.250  1024.4155  50185.868    30.4790     17.199    7.79926     2.2610     2.2613    24.3333   13.90639 3.7923e-02     17.362 0.0000e+00
        415 101.504612    0.02875     1.7250    103.500  1024.4170  50187.356    30.4799     17.356    7.79916     2.2614     2.2615    24.3341   13.90621 3.7919e-02     17.520 0.0000e+00
        416 101.504615    0.02882     1.7292    103.750  1024.4186  50188.932    30.4810     17.517    7.79904     2.2619     2.2619    24.3349   13.90600 3.7916e-02     17.682 0.0000e+00
        417 101.504618    0.02889     1.7333    104.000  1024.4202  50190.492    30.4820     17.680    7.79891     2.2623     2.2623    24.3357   13.90577 3.7915e-02     17.847 0.0000e+00
        418 101.504621    0.02896     1.7375    104.250  1024.4218  50191.978    30.4831     17.844    7.79877     2.2628     2.2627    24.3365   13.90552 3.7914e-02     18.013 0.0000e+00
        419 101.504624    0.02903     1.7417    104.500  1024.4232  50193.125    30.4839     18.005    7.79863     2.2632     2.2632    24.3371   13.90529 3.7913e-02     18.176 0.0000e+00
        420 101.504627    0.02910     1.7458    104.750  1024.4243  50193.871    30.4844     18.163    7.79851     2.2635     2.2636    24.3375   13.90508 3.7913e-02     18.335 0.0000e+00
        421 101.504630    0.02917     1.7500    105.000  1024.4255  50194.597    30.4850     18.317    7.79840     2.2638     2.2640    24.3379   13.90490 3.7912e-02     18.491 0.0000e+00
        422 101.504633    0.02924     1.7542    105.250  1024.4267  50195.650    30.4857     18.469    7.79830     2.2641     2.2644    24.3385   13.90471 3.7912e-02     18.644 0.0000e+00
        423 101.504635    0.02931     1.7583    105.500  1024.4281  50196.862    30.4865     18.620    7.79819     2.2644     2.2647    24.3391   13.90453 3.7912e-02     18.796 0.0000e+00
        424 101.504638    0.02937     1.7625    105.750  1024.4292  50197.707    30.4870     18.770    7.79809     2.2646     2.2650    24.3395   13.90437 3.7912e-02     18.948 0.0000e+00
        425 101.504641    0.02944     1.7667    106.000  1024.4301  50198.080    30.4873     18.920    7.79802     2.2648     2.2653    24.3397   13.90425 3.7912e-02     19.099 0.0000e+00
