CTD-processing/allCTD/CNV--homogene/2014_06-18_t9_s09_cast154.cnv
* Sea-Bird SBE19plus Data File:
* FileName = C:\Users\kris.holderied\Documents\kasitsna\Research-Projects-and-Data\Oceanography-AK\CTD-Data-ALL-to-2014-03\2014-CTD-KachemakBay-CookInlet\2014-06-18-CookInlet-HomerSpit-monthly\2014-06-18-CookInlet-T9-HomerSpit-cast154.hex
* Software Version 1.59
* Temperature SN =  4141
* Conductivity SN =  4141
* System UpLoad Time = Jul 20 2014 20:06:00
** Cook Inlet LTM Transect 9  (Homer Spit) South to North
** Date: 2014-06-18
** Station: 9-09
** Start time: 18:43
** Depth (m): 81.4
** Comment:  CTD time is Alaska Daylight time
** Comment:
# nquan = 17
# nvalues = 653                         
# units = specified
# name 0 = scan: Scan Count
# name 1 = timeJ: Julian Days
# name 2 = timeH: Time, Elapsed [hours]
# name 3 = timeM: Time, Elapsed [minutes]
# name 4 = timeS: Time, Elapsed [seconds]
# name 5 = density00: Density [density, kg/m^3]
# name 6 = specc: Specific Conductance [uS/cm]
# name 7 = sal00: Salinity, Practical [PSU]
# name 8 = depSM: Depth [salt water, m], lat = 59.00
# name 9 = oxsolML/L: Oxygen Saturation, Garcia & Gordon [ml/l]
# name 10 = potemp090C: Potential Temperature [ITS-90, deg C]
# name 11 = tv290C: Temperature [ITS-90, deg C]
# name 12 = sigma-é00: Density [sigma-theta, kg/m^3]
# name 13 = n2satML/L: Nitrogen Saturation [ml/l]
# name 14 = par: PAR/Irradiance, Biospherical/Licor
# name 15 = prdM: Pressure, Strain Gauge [db]
# name 16 = flag:  0.000e+00
# span 0 =          1,        653       
# span 1 = 169.780926, 169.782813       
# span 2 =    0.00000,    0.04528       
# span 3 =     0.0000,     2.7167       
# span 4 =      0.000,    163.000       
# span 5 =  1011.8166,  1025.2988       
# span 6 =  25766.551,  50681.246       
# span 7 =    15.4902,    31.7763       
# span 8 =     -0.108,     79.850       
# span 9 =    6.54144,    7.22894       
# span 10 =     6.6242,    10.0347      
# span 11 =     6.6308,    10.0347      
# span 12 =    11.8168,    24.9289      
# span 13 =   11.84029,   13.16540      
# span 14 = 3.9857e-02, 2.6311e+00      
# span 15 =     -0.109,     80.619      
# span 16 = 0.0000e+00, 0.0000e+00      
# interval = seconds: 0.25
# start_time = Jun 18 2014 18:44:32 [Instrument's time stamp, header]
# bad_flag = -9.990e-29
*END*
          1 169.780926    0.00000     0.0000      0.000  1012.9509  28193.266    16.9485     -0.108    7.15597     9.5799     9.5847    12.9514   13.02123 2.6311e+00     -0.109 0.0000e+00
          2 169.780929    0.00007     0.0042      0.250  1012.9788  28243.412    16.9841     -0.107    7.15484     9.5778     9.5824    12.9793   13.01894 2.6103e+00     -0.108 0.0000e+00
          3 169.780932    0.00014     0.0083      0.500  1012.9020  28085.578    16.8849     -0.106    7.16001     9.5764     9.5799    12.9025   13.02899 2.5941e+00     -0.107 0.0000e+00
          4 169.780935    0.00021     0.0125      0.750  1012.7630  27801.792    16.7058     -0.104    7.16890     9.5764     9.5778    12.7635   13.04638 2.5742e+00     -0.105 0.0000e+00
          5 169.780937    0.00028     0.0167      1.000  1012.6421  27546.799    16.5502     -0.100    7.17680     9.5787     9.5764    12.6426   13.06190 2.5338e+00     -0.101 0.0000e+00
          6 169.780940    0.00035     0.0208      1.250  1012.4728  27184.865    16.3325     -0.093    7.18770     9.5851     9.5764    12.4732   13.08343 2.4674e+00     -0.094 0.0000e+00
          7 169.780943    0.00042     0.0250      1.500  1012.1787  26558.117    15.9547     -0.080    7.20618     9.5985     9.5787    12.1790   13.12004 2.3989e+00     -0.081 0.0000e+00
          8 169.780946    0.00049     0.0292      1.750  1011.8166  25766.551    15.4902     -0.059    7.22894     9.6234     9.5851    11.8168   13.16540 2.3461e+00     -0.060 0.0000e+00
          9 169.780949    0.00056     0.0333      2.000  1011.9737  25991.510    15.6940     -0.025    7.22018     9.6649     9.5985    11.9738   13.14932 2.2999e+00     -0.025 0.0000e+00
         10 169.780952    0.00063     0.0375      2.250  1013.4827  28906.525    17.6368      0.027    7.12908     9.7217     9.6234    13.4826   12.97217 2.2530e+00      0.027 0.0000e+00
         11 169.780955    0.00069     0.0417      2.500  1016.0003  33805.308    20.8786      0.094    6.97598     9.7828     9.6649    15.9999   12.67423 2.2054e+00      0.095 0.0000e+00
         12 169.780958    0.00076     0.0458      2.750  1018.3320  38317.947    23.8842      0.167    6.83221     9.8373     9.7217    18.3312   12.39537 2.1493e+00      0.169 0.0000e+00
         13 169.780961    0.00083     0.0500      3.000  1019.9487  41432.143    25.9721      0.243    6.72979     9.8806     9.7829    19.9476   12.19772 2.0760e+00      0.245 0.0000e+00
         14 169.780964    0.00090     0.0542      3.250  1020.9580  43374.742    27.2785      0.322    6.66348     9.9131     9.8373    20.9565   12.07043 1.9741e+00      0.324 0.0000e+00
         15 169.780966    0.00097     0.0583      3.500  1021.5628  44539.956    28.0634      0.405    6.62211     9.9366     9.8807    21.5609   11.99141 1.8783e+00      0.408 0.0000e+00
         16 169.780969    0.00104     0.0625      3.750  1021.9375  45261.219    28.5505      0.491    6.59567     9.9537     9.9131    21.9352   11.94112 1.8479e+00      0.496 0.0000e+00
         17 169.780972    0.00111     0.0667      4.000  1022.1762  45719.687    28.8613      0.577    6.57844     9.9662     9.9367    22.1735   11.90846 1.8567e+00      0.583 0.0000e+00
         18 169.780975    0.00118     0.0708      4.250  1022.3229  46001.476    29.0527      0.656    6.56747     9.9756     9.9537    22.3199   11.88776 1.8620e+00      0.662 0.0000e+00
         19 169.780978    0.00125     0.0750      4.500  1022.4105  46169.691    29.1672      0.721    6.56058     9.9828     9.9663    22.4071   11.87481 1.8666e+00      0.728 0.0000e+00
         20 169.780981    0.00132     0.0792      4.750  1022.4632  46271.133    29.2365      0.767    6.55614     9.9883     9.9757    22.4596   11.86655 1.8744e+00      0.775 0.0000e+00
         21 169.780984    0.00139     0.0833      5.000  1022.4956  46333.612    29.2794      0.797    6.55321     9.9927     9.9828    22.4919   11.86112 1.8812e+00      0.804 0.0000e+00
         22 169.780987    0.00146     0.0875      5.250  1022.5160  46373.065    29.3067      0.813    6.55121     9.9962     9.9884    22.5122   11.85745 1.8835e+00      0.821 0.0000e+00
         23 169.780990    0.00153     0.0917      5.500  1022.5286  46397.619    29.3238      0.819    6.54983     9.9990     9.9927    22.5249   11.85493 1.8832e+00      0.827 0.0000e+00
         24 169.780992    0.00160     0.0958      5.750  1022.5358  46411.733    29.3337      0.819    6.54888    10.0011     9.9963    22.5320   11.85323 1.8812e+00      0.827 0.0000e+00
         25 169.780995    0.00167     0.1000      6.000  1022.5393  46418.853    29.3388      0.816    6.54824    10.0025     9.9991    22.5355   11.85211 1.8767e+00      0.824 0.0000e+00
         26 169.780998    0.00174     0.1042      6.250  1022.5408  46421.975    29.3411      0.816    6.54783    10.0034    10.0012    22.5370   11.85140 1.8720e+00      0.824 0.0000e+00
         27 169.781001    0.00181     0.1083      6.500  1022.5414  46423.395    29.3422      0.823    6.54758    10.0039    10.0026    22.5376   11.85096 1.8652e+00      0.831 0.0000e+00
         28 169.781004    0.00187     0.1125      6.750  1022.5420  46424.479    29.3430      0.837    6.54742    10.0042    10.0035    22.5381   11.85069 1.8539e+00      0.845 0.0000e+00
         29 169.781007    0.00194     0.1167      7.000  1022.5427  46425.789    29.3439      0.855    6.54731    10.0045    10.0040    22.5388   11.85049 1.8427e+00      0.863 0.0000e+00
         30 169.781010    0.00201     0.1208      7.250  1022.5437  46427.458    29.3451      0.872    6.54721    10.0048    10.0043    22.5396   11.85031 1.8381e+00      0.881 0.0000e+00
         31 169.781013    0.00208     0.1250      7.500  1022.5448  46429.575    29.3466      0.883    6.54710    10.0052    10.0046    22.5408   11.85011 1.8395e+00      0.892 0.0000e+00
         32 169.781016    0.00215     0.1292      7.750  1022.5462  46432.143    29.3484      0.885    6.54698    10.0057    10.0049    22.5422   11.84989 1.8412e+00      0.893 0.0000e+00
         33 169.781019    0.00222     0.1333      8.000  1022.5475  46434.721    29.3503      0.877    6.54685    10.0065    10.0053    22.5435   11.84965 1.8419e+00      0.886 0.0000e+00
         34 169.781021    0.00229     0.1375      8.250  1022.5486  46436.777    29.3518      0.865    6.54671    10.0074    10.0058    22.5446   11.84941 1.8416e+00      0.873 0.0000e+00
         35 169.781024    0.00236     0.1417      8.500  1022.5492  46438.121    29.3528      0.854    6.54656    10.0085    10.0065    22.5453   11.84914 1.8359e+00      0.862 0.0000e+00
         36 169.781027    0.00243     0.1458      8.750  1022.5495  46438.746    29.3534      0.848    6.54640    10.0095    10.0075    22.5456   11.84887 1.8263e+00      0.856 0.0000e+00
         37 169.781030    0.00250     0.1500      9.000  1022.5494  46438.679    29.3534      0.850    6.54625    10.0103    10.0085    22.5455   11.84862 1.8224e+00      0.858 0.0000e+00
         38 169.781033    0.00257     0.1542      9.250  1022.5489  46437.942    29.3530      0.858    6.54612    10.0110    10.0095    22.5450   11.84841 1.8245e+00      0.866 0.0000e+00
         39 169.781036    0.00264     0.1583      9.500  1022.5482  46436.639    29.3522      0.869    6.54603    10.0115    10.0104    22.5442   11.84827 1.8257e+00      0.877 0.0000e+00
         40 169.781039    0.00271     0.1625      9.750  1022.5473  46434.937    29.3511      0.875    6.54598    10.0118    10.0111    22.5433   11.84820 1.8271e+00      0.883 0.0000e+00
         41 169.781042    0.00278     0.1667     10.000  1022.5463  46433.231    29.3500      0.872    6.54596    10.0120    10.0116    22.5423   11.84818 1.8320e+00      0.880 0.0000e+00
         42 169.781045    0.00285     0.1708     10.250  1022.5458  46432.451    29.3495      0.857    6.54593    10.0121    10.0119    22.5418   11.84813 1.8402e+00      0.865 0.0000e+00
         43 169.781047    0.00292     0.1750     10.500  1022.5461  46433.254    29.3501      0.835    6.54588    10.0120    10.0121    22.5423   11.84804 1.8484e+00      0.843 0.0000e+00
         44 169.781050    0.00299     0.1792     10.750  1022.5470  46435.030    29.3513      0.817    6.54582    10.0119    10.0122    22.5433   11.84793 1.8475e+00      0.825 0.0000e+00
         45 169.781053    0.00306     0.1833     11.000  1022.5478  46436.582    29.3524      0.813    6.54579    10.0121    10.0121    22.5441   11.84786 1.8378e+00      0.821 0.0000e+00
         46 169.781056    0.00313     0.1875     11.250  1022.5483  46437.347    29.3529      0.822    6.54577    10.0123    10.0120    22.5446   11.84783 1.8299e+00      0.830 0.0000e+00
         47 169.781059    0.00319     0.1917     11.500  1022.5485  46437.574    29.3531      0.837    6.54574    10.0125    10.0122    22.5447   11.84778 1.8256e+00      0.846 0.0000e+00
         48 169.781062    0.00326     0.1958     11.750  1022.5486  46437.673    29.3532      0.850    6.54570    10.0126    10.0124    22.5447   11.84771 1.8233e+00      0.858 0.0000e+00
         49 169.781065    0.00333     0.2000     12.000  1022.5487  46437.824    29.3533      0.853    6.54567    10.0125    10.0126    22.5448   11.84766 1.8270e+00      0.861 0.0000e+00
         50 169.781068    0.00340     0.2042     12.250  1022.5488  46438.172    29.3535      0.843    6.54565    10.0124    10.0127    22.5449   11.84763 1.8348e+00      0.851 0.0000e+00
         51 169.781071    0.00347     0.2083     12.500  1022.5491  46438.991    29.3541      0.822    6.54564    10.0123    10.0126    22.5454   11.84759 1.8376e+00      0.830 0.0000e+00
         52 169.781073    0.00354     0.2125     12.750  1022.5497  46440.282    29.3550      0.798    6.54561    10.0123    10.0125    22.5461   11.84755 1.8324e+00      0.806 0.0000e+00
         53 169.781076    0.00361     0.2167     13.000  1022.5504  46441.586    29.3559      0.779    6.54559    10.0124    10.0124    22.5468   11.84750 1.8249e+00      0.786 0.0000e+00
         54 169.781079    0.00368     0.2208     13.250  1022.5508  46442.406    29.3565      0.772    6.54557    10.0127    10.0124    22.5473   11.84746 1.8214e+00      0.779 0.0000e+00
         55 169.781082    0.00375     0.2250     13.500  1022.5509  46442.473    29.3566      0.780    6.54555    10.0131    10.0125    22.5473   11.84742 1.8202e+00      0.787 0.0000e+00
         56 169.781085    0.00382     0.2292     13.750  1022.5506  46441.927    29.3562      0.801    6.54552    10.0134    10.0128    22.5470   11.84738 1.8177e+00      0.808 0.0000e+00
         57 169.781088    0.00389     0.2333     14.000  1022.5503  46441.178    29.3557      0.830    6.54549    10.0135    10.0132    22.5465   11.84733 1.8157e+00      0.837 0.0000e+00
         58 169.781091    0.00396     0.2375     14.250  1022.5500  46440.387    29.3552      0.857    6.54547    10.0133    10.0135    22.5461   11.84730 1.8153e+00      0.865 0.0000e+00
         59 169.781094    0.00403     0.2417     14.500  1022.5495  46439.392    29.3545      0.875    6.54548    10.0130    10.0136    22.5455   11.84733 1.8177e+00      0.883 0.0000e+00
         60 169.781097    0.00410     0.2458     14.750  1022.5489  46438.141    29.3536      0.877    6.54554    10.0125    10.0134    22.5448   11.84743 1.8213e+00      0.885 0.0000e+00
         61 169.781100    0.00417     0.2500     15.000  1022.5482  46437.003    29.3528      0.861    6.54562    10.0119    10.0131    22.5443   11.84759 1.8212e+00      0.869 0.0000e+00
         62 169.781102    0.00424     0.2542     15.250  1022.5480  46436.792    29.3526      0.833    6.54571    10.0112    10.0126    22.5442   11.84773 1.8182e+00      0.840 0.0000e+00
         63 169.781105    0.00431     0.2583     15.500  1022.5485  46437.909    29.3533      0.803    6.54576    10.0104    10.0120    22.5449   11.84781 1.8150e+00      0.810 0.0000e+00
         64 169.781108    0.00438     0.2625     15.750  1022.5493  46439.457    29.3543      0.784    6.54582    10.0094    10.0113    22.5458   11.84790 1.8109e+00      0.792 0.0000e+00
         65 169.781111    0.00444     0.2667     16.000  1022.5497  46440.024    29.3546      0.786    6.54593    10.0085    10.0104    22.5461   11.84807 1.8046e+00      0.793 0.0000e+00
         66 169.781114    0.00451     0.2708     16.250  1022.5490  46438.536    29.3535      0.808    6.54611    10.0072    10.0095    22.5454   11.84838 1.7969e+00      0.815 0.0000e+00
         67 169.781117    0.00458     0.2750     16.500  1022.5469  46434.145    29.3503      0.840    6.54638    10.0054    10.0085    22.5431   11.84888 1.7912e+00      0.848 0.0000e+00
         68 169.781120    0.00465     0.2792     16.750  1022.5430  46426.543    29.3448      0.869    6.54679    10.0023    10.0073    22.5390   11.84961 1.7926e+00      0.877 0.0000e+00
         69 169.781123    0.00472     0.2833     17.000  1022.5388  46418.493    29.3389      0.881    6.54730     9.9977    10.0054    22.5347   11.85054 1.8021e+00      0.889 0.0000e+00
         70 169.781126    0.00479     0.2875     17.250  1022.5370  46414.969    29.3361      0.871    6.54786     9.9923    10.0024    22.5330   11.85151 1.8099e+00      0.878 0.0000e+00
         71 169.781128    0.00486     0.2917     17.500  1022.5388  46417.896    29.3376      0.840    6.54846     9.9878     9.9978    22.5349   11.85248 1.8057e+00      0.848 0.0000e+00
         72 169.781131    0.00493     0.2958     17.750  1022.5433  46425.880    29.3426      0.802    6.54903     9.9856     9.9924    22.5396   11.85336 1.7964e+00      0.809 0.0000e+00
         73 169.781134    0.00500     0.3000     18.000  1022.5492  46436.355    29.3494      0.769    6.54939     9.9859     9.9879    22.5456   11.85387 1.7940e+00      0.776 0.0000e+00
         74 169.781137    0.00507     0.3042     18.250  1022.5544  46445.751    29.3558      0.750    6.54944     9.9879     9.9857    22.5509   11.85389 1.7929e+00      0.757 0.0000e+00
         75 169.781140    0.00514     0.3083     18.500  1022.5568  46450.348    29.3590      0.750    6.54926     9.9903     9.9860    22.5534   11.85356 1.7844e+00      0.757 0.0000e+00
         76 169.781143    0.00521     0.3125     18.750  1022.5555  46448.017    29.3576      0.763    6.54904     9.9920     9.9879    22.5520   11.85320 1.7766e+00      0.771 0.0000e+00
         77 169.781146    0.00528     0.3167     19.000  1022.5508  46439.514    29.3519      0.784    6.54893     9.9924     9.9903    22.5472   11.85308 1.7781e+00      0.791 0.0000e+00
         78 169.781149    0.00535     0.3208     19.250  1022.5448  46428.635    29.3445      0.804    6.54899     9.9912     9.9921    22.5411   11.85327 1.7817e+00      0.811 0.0000e+00
         79 169.781152    0.00542     0.3250     19.500  1022.5401  46419.847    29.3384      0.818    6.54918     9.9883     9.9925    22.5363   11.85367 1.7805e+00      0.826 0.0000e+00
         80 169.781155    0.00549     0.3292     19.750  1022.5377  46415.314    29.3351      0.825    6.54950     9.9845     9.9913    22.5339   11.85424 1.7789e+00      0.833 0.0000e+00
         81 169.781157    0.00556     0.3333     20.000  1022.5378  46415.199    29.3347      0.825    6.54994     9.9811     9.9884    22.5340   11.85496 1.7776e+00      0.832 0.0000e+00
         82 169.781160    0.00562     0.3375     20.250  1022.5400  46418.718    29.3367      0.819    6.55039     9.9789     9.9846    22.5362   11.85570 1.7741e+00      0.826 0.0000e+00
         83 169.781163    0.00569     0.3417     20.500  1022.5433  46424.424    29.3403      0.811    6.55074     9.9782     9.9812    22.5396   11.85623 1.7721e+00      0.819 0.0000e+00
         84 169.781166    0.00576     0.3458     20.750  1022.5465  46430.088    29.3440      0.807    6.55090     9.9787     9.9790    22.5428   11.85645 1.7684e+00      0.814 0.0000e+00
         85 169.781169    0.00583     0.3500     21.000  1022.5482  46433.042    29.3460      0.806    6.55092     9.9798     9.9783    22.5444   11.85646 1.7617e+00      0.814 0.0000e+00
