CTD-processing/allCTD/CNV--homogene/2014_03-28_alongbay_skb09_cast236.cnv
* Sea-Bird SBE19plus Data File:
* FileName = C:\Users\kris.holderied\Documents\kasitsna\Research-Projects-and-Data\Oceanography-AK\CTD-Data-ALL-to-2013-06-17\2014-CTD-KachemakBay\2014-03-28-KachemakBay-AlongBayLine\2014-03-28-KachemakBay-AlongBayLine-cast236.hex
* Software Version 1.59
* Temperature SN =  5028
* Conductivity SN =  5028
* System UpLoad Time = Apr 09 2014 18:36:57
** Cook Inlet, Kachemak Bay Along-bay line, west to east
** Date: 2014-03-28
** Station: KB09
** Start time: 17:11
** Depth (m): 67.1
** Comment:  CTD instrument time is AK Daylight. Did Tran 9 in middle of along-bay run (9-06 is KB-06).
** Comment:
# nquan = 17
# nvalues = 541                         
# units = specified
# name 0 = scan: Scan Count
# name 1 = timeJ: Julian Days
# name 2 = timeH: Time, Elapsed [hours]
# name 3 = timeM: Time, Elapsed [minutes]
# name 4 = timeS: Time, Elapsed [seconds]
# name 5 = density00: Density [density, kg/m^3]
# name 6 = specc: Specific Conductance [uS/cm]
# name 7 = sal00: Salinity, Practical [PSU]
# name 8 = depSM: Depth [salt water, m], lat = 59.00
# name 9 = oxsolML/L: Oxygen Saturation, Garcia & Gordon [ml/l]
# name 10 = potemp090C: Potential Temperature [ITS-90, deg C]
# name 11 = tv290C: Temperature [ITS-90, deg C]
# name 12 = sigma-é00: Density [sigma-theta, kg/m^3]
# name 13 = n2satML/L: Nitrogen Saturation [ml/l]
# name 14 = par: PAR/Irradiance, Biospherical/Licor
# name 15 = prdM: Pressure, Strain Gauge [db]
# name 16 = flag:  0.000e+00
# span 0 =          1,        541       
# span 1 =  87.716944,  87.718507       
# span 2 =    0.00000,    0.03750       
# span 3 =     0.0000,     2.2500       
# span 4 =      0.000,    135.000       
# span 5 =  1008.7030,  1025.3770       
# span 6 =  19142.683,  51253.648       
# span 7 =    10.9415,    31.5522       
# span 8 =     -0.096,     65.049       
# span 9 =    7.42105,    8.61612       
# span 10 =     3.4729,     3.9994      
# span 11 =     3.4716,     3.9995      
# span 12 =     8.7033,    25.0715      
# span 13 =   13.26942,   15.54101      
# span 14 = 3.7912e-02, 6.1027e+02      
# span 15 =     -0.097,     65.673      
# span 16 = 0.0000e+00, 0.0000e+00      
# interval = seconds: 0.25
# start_time = Mar 28 2014 17:12:24 [Instrument's time stamp, header]
# bad_flag = -9.990e-29
*END*
[from data line 511]
        512  87.718423    0.03549     2.1292    127.750  1025.3465  51249.595    31.5519     58.230    7.46742     3.7109     3.7143    25.0713   13.34451 3.7914e-02     58.788 0.0000e+00
        513  87.718426    0.03556     2.1333    128.000  1025.3478  51249.771    31.5519     58.513    7.46740     3.7110     3.7144    25.0713   13.34448 3.7914e-02     59.073 0.0000e+00
        514  87.718429    0.03562     2.1375    128.250  1025.3492  51250.066    31.5520     58.794    7.46738     3.7112     3.7145    25.0714   13.34443 3.7913e-02     59.357 0.0000e+00
        515  87.718432    0.03569     2.1417    128.500  1025.3507  51250.403    31.5521     59.081    7.46735     3.7113     3.7147    25.0714   13.34438 3.7913e-02     59.647 0.0000e+00
        516  87.718435    0.03576     2.1458    128.750  1025.3521  51250.721    31.5522     59.377    7.46731     3.7115     3.7148    25.0715   13.34433 3.7912e-02     59.946 0.0000e+00
        517  87.718437    0.03583     2.1500    129.000  1025.3536  51250.971    31.5522     59.682    7.46728     3.7116     3.7150    25.0715   13.34428 3.7912e-02     60.254 0.0000e+00
        518  87.718440    0.03590     2.1542    129.250  1025.3550  51251.128    31.5522     59.991    7.46726     3.7117     3.7151    25.0715   13.34423 3.7912e-02     60.566 0.0000e+00
        519  87.718443    0.03597     2.1583    129.500  1025.3564  51251.251    31.5522     60.297    7.46723     3.7118     3.7153    25.0714   13.34418 3.7912e-02     60.875 0.0000e+00
        520  87.718446    0.03604     2.1625    129.750  1025.3578  51251.378    31.5522     60.598    7.46721     3.7118     3.7154    25.0714   13.34415 3.7912e-02     61.179 0.0000e+00
        521  87.718449    0.03611     2.1667    130.000  1025.3592  51251.521    31.5522     60.894    7.46719     3.7118     3.7155    25.0714   13.34413 3.7912e-02     61.478 0.0000e+00
        522  87.718452    0.03618     2.1708    130.250  1025.3605  51251.687    31.5521     61.191    7.46718     3.7118     3.7156    25.0713   13.34411 3.7912e-02     61.777 0.0000e+00
        523  87.718455    0.03625     2.1750    130.500  1025.3619  51251.841    31.5521     61.493    7.46718     3.7118     3.7156    25.0713   13.34411 3.7912e-02     62.083 0.0000e+00
        524  87.718458    0.03632     2.1792    130.750  1025.3634  51251.996    31.5520     61.802    7.46718     3.7118     3.7156    25.0713   13.34411 3.7912e-02     62.394 0.0000e+00
        525  87.718461    0.03639     2.1833    131.000  1025.3648  51252.199    31.5520     62.111    7.46718     3.7118     3.7156    25.0713   13.34411 3.7912e-02     62.707 0.0000e+00
        526  87.718464    0.03646     2.1875    131.250  1025.3663  51252.442    31.5520     62.414    7.46718     3.7118     3.7156    25.0713   13.34410 3.7912e-02     63.012 0.0000e+00
        527  87.718466    0.03653     2.1917    131.500  1025.3677  51252.714    31.5520     62.705    7.46717     3.7119     3.7157    25.0713   13.34408 3.7912e-02     63.306 0.0000e+00
        528  87.718469    0.03660     2.1958    131.750  1025.3691  51252.999    31.5521     62.985    7.46716     3.7120     3.7157    25.0714   13.34406 3.7912e-02     63.589 0.0000e+00
        529  87.718472    0.03667     2.2000    132.000  1025.3704  51253.224    31.5521     63.259    7.46714     3.7121     3.7158    25.0714   13.34404 3.7912e-02     63.866 0.0000e+00
        530  87.718475    0.03674     2.2042    132.250  1025.3716  51253.366    31.5521     63.533    7.46712     3.7122     3.7159    25.0714   13.34400 3.7912e-02     64.143 0.0000e+00
        531  87.718478    0.03681     2.2083    132.500  1025.3729  51253.475    31.5521     63.808    7.46710     3.7122     3.7161    25.0713   13.34397 3.7912e-02     64.420 0.0000e+00
        532  87.718481    0.03687     2.2125    132.750  1025.3741  51253.581    31.5521     64.075    7.46708     3.7123     3.7162    25.0713   13.34395 3.7912e-02     64.690 0.0000e+00
        533  87.718484    0.03694     2.2167    133.000  1025.3753  51253.648    31.5520     64.326    7.46707     3.7124     3.7162    25.0713   13.34393 3.7912e-02     64.943 0.0000e+00
        534  87.718487    0.03701     2.2208    133.250  1025.3762  51253.563    31.5518     64.549    7.46706     3.7126     3.7163    25.0711   13.34391 3.7912e-02     65.168 0.0000e+00
        535  87.718490    0.03708     2.2250    133.500  1025.3768  51253.172    31.5515     64.731    7.46705     3.7127     3.7164    25.0708   13.34391 3.7912e-02     65.353 0.0000e+00
        536  87.718492    0.03715     2.2292    133.750  1025.3770  51252.491    31.5510     64.863    7.46706     3.7128     3.7166    25.0704   13.34392 3.7912e-02     65.486 0.0000e+00
        537  87.718495    0.03722     2.2333    134.000  1025.3770  51251.767    31.5505     64.949    7.46706     3.7128     3.7167    25.0700   13.34393 3.7912e-02     65.572 0.0000e+00
        538  87.718498    0.03729     2.2375    134.250  1025.3769  51251.086    31.5501     65.000    7.46707     3.7129     3.7168    25.0696   13.34395 3.7912e-02     65.624 0.0000e+00
        539  87.718501    0.03736     2.2417    134.500  1025.3765  51250.200    31.5495     65.029    7.46709     3.7129     3.7168    25.0691   13.34399 3.7912e-02     65.653 0.0000e+00
        540  87.718504    0.03743     2.2458    134.750  1025.3759  51249.048    31.5487     65.044    7.46712 -9.990e-29     3.7169    25.0685   13.34405 3.7912e-02     65.668 0.0000e+00
        541  87.718507    0.03750     2.2500    135.000  1025.3756  51248.433    31.5483     65.049    7.46714 -9.990e-29     3.7169    25.0682   13.34409 3.7912e-02     65.673 0.0000e+00
