CTD-processing/allCTD/CNV--homogene/2014_08-14_alongbay_skb04_cast046.cnv
* Sea-Bird SBE19plus Data File:
* FileName = C:\Users\kris.holderied\Documents\kasitsna\Research-Projects-and-Data\Oceanography-AK\CTD-Data-ALL-to-2014-06\2014-CTD-KachemakBay-CookInlet\2014-08-14-KachemakBay-AlongBayLine\2014-08-14-KachemakBay-AlongBay-cast046.hex
* Software Version 1.59
* Temperature SN =  4141
* Conductivity SN =  4141
* System UpLoad Time = Oct 13 2014 01:22:05
** Kachemak Bay Along-bay Line West to East
** Date: 08-14
** Station: KB04
** Start time: 11:39
** Depth (m): 146.3
** Comment:  CTD time is Alaska Daylight time.  R/V Barnacle. Transducer  depth.
** Comment:
# nquan = 17
# nvalues = 820                         
# units = specified
# name 0 = scan: Scan Count
# name 1 = timeJ: Julian Days
# name 2 = timeH: Time, Elapsed [hours]
# name 3 = timeM: Time, Elapsed [minutes]
# name 4 = timeS: Time, Elapsed [seconds]
# name 5 = density00: Density [density, kg/m^3]
# name 6 = specc: Specific Conductance [uS/cm]
# name 7 = sal00: Salinity, Practical [PSU]
# name 8 = depSM: Depth [salt water, m], lat = 59.00
# name 9 = oxsolML/L: Oxygen Saturation, Garcia & Gordon [ml/l]
# name 10 = potemp090C: Potential Temperature [ITS-90, deg C]
# name 11 = tv290C: Temperature [ITS-90, deg C]
# name 12 = sigma-é00: Density [sigma-theta, kg/m^3]
# name 13 = n2satML/L: Nitrogen Saturation [ml/l]
# name 14 = par: PAR/Irradiance, Biospherical/Licor
# name 15 = prdM: Pressure, Strain Gauge [db]
# name 16 = flag:  0.000e+00
# span 0 =          1,        820       
# span 1 = 226.486690, 226.489060       
# span 2 =    0.00000,    0.05688       
# span 3 =     0.0000,     3.4125       
# span 4 =      0.000,    204.750       
# span 5 =  1000.3431,  1024.9398       
# span 6 =   2044.248,  49609.208       
# span 7 =     1.0323,    31.4608       
# span 8 =     -0.226,    148.745       
# span 9 =    6.26691,    7.55059       
# span 10 =     9.5396,    11.8196      
# span 11 =     9.5557,    11.8197      
# span 12 =     0.3441,    24.2636      
# span 13 =   11.36896,   13.90392      
# span 14 = 4.7158e-02, 1.4765e+02      
# span 15 =     -0.228,    150.203      
# span 16 = 0.0000e+00, 0.0000e+00      
# interval = seconds: 0.25
# start_time = Aug 14 2014 11:40:50 [Instrument's time stamp, header]
# bad_flag = -9.990e-29
*END*
[from data line 511]
        512 226.488168    0.03549     2.1292    127.750  1023.8153  48671.230    31.0505     33.718    6.30614    11.2150    11.2325    23.6619   11.43023 4.3621e-01     34.039 0.0000e+00
        513 226.488171    0.03556     2.1333    128.000  1023.8199  48675.286    31.0525     34.128    6.30693    11.2074    11.2261    23.6646   11.43152 4.1514e-01     34.453 0.0000e+00
        514 226.488174    0.03562     2.1375    128.250  1023.8241  48678.621    31.0539     34.539    6.30781    11.1991    11.2191    23.6670   11.43296 3.9493e-01     34.867 0.0000e+00
        515 226.488177    0.03569     2.1417    128.500  1023.8283  48681.869    31.0552     34.949    6.30878    11.1902    11.2115    23.6693   11.43455 3.7504e-01     35.282 0.0000e+00
        516 226.488180    0.03576     2.1458    128.750  1023.8326  48685.145    31.0565     35.359    6.30984    11.1808    11.2033    23.6717   11.43630 3.5639e-01     35.696 0.0000e+00
        517 226.488183    0.03583     2.1500    129.000  1023.8370  48688.618    31.0578     35.770    6.31099    11.1709    11.1945    23.6743   11.43818 3.3923e-01     36.111 0.0000e+00
        518 226.488186    0.03590     2.1542    129.250  1023.8416  48692.283    31.0592     36.179    6.31220    11.1607    11.1851    23.6771   11.44017 3.2304e-01     36.524 0.0000e+00
        519 226.488189    0.03597     2.1583    129.500  1023.8467  48696.657    31.0610     36.587    6.31346    11.1507    11.1753    23.6802   11.44224 3.0750e-01     36.936 0.0000e+00
        520 226.488192    0.03604     2.1625    129.750  1023.8529  48703.241    31.0644     36.996    6.31470    11.1419    11.1651    23.6846   11.44426 2.9257e-01     37.349 0.0000e+00
        521 226.488194    0.03611     2.1667    130.000  1023.8605  48712.152    31.0694     37.406    6.31584    11.1346    11.1552    23.6903   11.44608 2.7821e-01     37.763 0.0000e+00
        522 226.488197    0.03618     2.1708    130.250  1023.8681  48721.518    31.0749     37.816    6.31680    11.1282    11.1464    23.6961   11.44762 2.6435e-01     38.176 0.0000e+00
        523 226.488200    0.03625     2.1750    130.500  1023.8750  48729.580    31.0796     38.224    6.31760    11.1220    11.1391    23.7011   11.44889 2.5138e-01     38.588 0.0000e+00
        524 226.488203    0.03632     2.1792    130.750  1023.8808  48735.924    31.0832     38.630    6.31832    11.1154    11.1328    23.7050   11.45004 2.3948e-01     38.998 0.0000e+00
        525 226.488206    0.03639     2.1833    131.000  1023.8859  48741.112    31.0861     39.035    6.31904    11.1085    11.1266    23.7083   11.45120 2.2855e-01     39.406 0.0000e+00
        526 226.488209    0.03646     2.1875    131.250  1023.8908  48745.947    31.0886     39.439    6.31982    11.1016    11.1201    23.7114   11.45246 2.1838e-01     39.815 0.0000e+00
        527 226.488212    0.03653     2.1917    131.500  1023.8962  48751.502    31.0916     39.843    6.32063    11.0954    11.1132    23.7149   11.45377 2.0870e-01     40.222 0.0000e+00
        528 226.488215    0.03660     2.1958    131.750  1023.9021  48757.973    31.0953     40.245    6.32141    11.0900    11.1064    23.7190   11.45502 1.9945e-01     40.629 0.0000e+00
        529 226.488218    0.03667     2.2000    132.000  1023.9079  48764.415    31.0990     40.647    6.32210    11.0854    11.1003    23.7230   11.45611 1.9046e-01     41.034 0.0000e+00
        530 226.488220    0.03674     2.2042    132.250  1023.9133  48770.287    31.1024     41.047    6.32268    11.0815    11.0950    23.7265   11.45704 1.8174e-01     41.439 0.0000e+00
        531 226.488223    0.03681     2.2083    132.500  1023.9184  48775.744    31.1056     41.449    6.32317    11.0781    11.0904    23.7298   11.45783 1.7352e-01     41.844 0.0000e+00
        532 226.488226    0.03687     2.2125    132.750  1023.9232  48780.669    31.1085     41.851    6.32359    11.0753    11.0864    23.7327   11.45849 1.6587e-01     42.250 0.0000e+00
        533 226.488229    0.03694     2.2167    133.000  1023.9274  48784.696    31.1108     42.254    6.32395    11.0727    11.0831    23.7351   11.45905 1.5883e-01     42.657 0.0000e+00
        534 226.488232    0.03701     2.2208    133.250  1023.9310  48787.740    31.1125     42.658    6.32426    11.0702    11.0803    23.7369   11.45954 1.5231e-01     43.065 0.0000e+00
        535 226.488235    0.03708     2.2250    133.500  1023.9342  48789.952    31.1136     43.061    6.32455    11.0675    11.0779    23.7382   11.46001 1.4622e-01     43.472 0.0000e+00
        536 226.488238    0.03715     2.2292    133.750  1023.9371  48791.755    31.1145     43.465    6.32485    11.0643    11.0754    23.7393   11.46049 1.4065e-01     43.880 0.0000e+00
        537 226.488241    0.03722     2.2333    134.000  1023.9401  48793.576    31.1153     43.868    6.32518    11.0608    11.0727    23.7404   11.46105 1.3538e-01     44.287 0.0000e+00
        538 226.488244    0.03729     2.2375    134.250  1023.9432  48795.749    31.1163     44.271    6.32557    11.0572    11.0695    23.7417   11.46167 1.3023e-01     44.694 0.0000e+00
        539 226.488247    0.03736     2.2417    134.500  1023.9467  48798.455    31.1176     44.675    6.32598    11.0537    11.0661    23.7434   11.46234 1.2528e-01     45.102 0.0000e+00
        540 226.488249    0.03743     2.2458    134.750  1023.9504  48801.404    31.1192     45.081    6.32640    11.0504    11.0626    23.7452   11.46301 1.2063e-01     45.511 0.0000e+00
        541 226.488252    0.03750     2.2500    135.000  1023.9541  48804.363    31.1207     45.486    6.32680    11.0471    11.0591    23.7470   11.46367 1.1619e-01     45.921 0.0000e+00
        542 226.488255    0.03757     2.2542    135.250  1023.9578  48807.411    31.1223     45.892    6.32719    11.0442    11.0558    23.7489   11.46429 1.1187e-01     46.331 0.0000e+00
        543 226.488258    0.03764     2.2583    135.500  1023.9614  48810.406    31.1239     46.297    6.32756    11.0416    11.0526    23.7507   11.46489 1.0783e-01     46.739 0.0000e+00
        544 226.488261    0.03771     2.2625    135.750  1023.9648  48813.003    31.1253     46.701    6.32790    11.0392    11.0497    23.7523   11.46544 1.0414e-01     47.148 0.0000e+00
        545 226.488264    0.03778     2.2667    136.000  1023.9679  48815.077    31.1263     47.106    6.32821    11.0369    11.0471    23.7535   11.46594 1.0069e-01     47.556 0.0000e+00
        546 226.488267    0.03785     2.2708    136.250  1023.9708  48816.867    31.1271     47.510    6.32850    11.0345    11.0448    23.7546   11.46640 9.7474e-02     47.964 0.0000e+00
        547 226.488270    0.03792     2.2750    136.500  1023.9737  48818.729    31.1280     47.913    6.32877    11.0319    11.0425    23.7557   11.46684 9.4496e-02     48.371 0.0000e+00
        548 226.488273    0.03799     2.2792    136.750  1023.9768  48820.891    31.1291     48.315    6.32903    11.0286    11.0402    23.7569   11.46727 9.1688e-02     48.777 0.0000e+00
        549 226.488275    0.03806     2.2833    137.000  1023.9801  48823.244    31.1303     48.718    6.32934    11.0243    11.0377    23.7583   11.46776 8.9027e-02     49.183 0.0000e+00
        550 226.488278    0.03812     2.2875    137.250  1023.9832  48825.303    31.1313     49.120    6.32973    11.0185    11.0345    23.7596   11.46840 8.6548e-02     49.589 0.0000e+00
        551 226.488281    0.03819     2.2917    137.500  1023.9862  48826.924    31.1318     49.521    6.33030    11.0112    11.0302    23.7607   11.46933 8.4214e-02     49.994 0.0000e+00
        552 226.488284    0.03826     2.2958    137.750  1023.9896  48829.124    31.1325     49.923    6.33106    11.0032    11.0244    23.7623   11.47058 8.1988e-02     50.400 0.0000e+00
        553 226.488287    0.03833     2.3000    138.000  1023.9941  48833.031    31.1343     50.324    6.33197    10.9953    11.0171    23.7650   11.47207 7.9820e-02     50.805 0.0000e+00
        554 226.488290    0.03840     2.3042    138.250  1023.9995  48838.430    31.1370     50.725    6.33294    10.9878    11.0092    23.7686   11.47365 7.7751e-02     51.211 0.0000e+00
        555 226.488293    0.03847     2.3083    138.500  1024.0051  48844.274    31.1401     51.126    6.33389    10.9808    11.0013    23.7723   11.47518 7.5877e-02     51.615 0.0000e+00
        556 226.488296    0.03854     2.3125    138.750  1024.0103  48849.620    31.1429     51.526    6.33479    10.9737    10.9939    23.7758   11.47663 7.4157e-02     52.019 0.0000e+00
        557 226.488299    0.03861     2.3167    139.000  1024.0151  48854.061    31.1451     51.926    6.33566    10.9663    10.9869    23.7787   11.47805 7.2498e-02     52.423 0.0000e+00
        558 226.488302    0.03868     2.3208    139.250  1024.0195  48857.986    31.1469     52.325    6.33654    10.9588    10.9799    23.7813   11.47949 7.0867e-02     52.826 0.0000e+00
        559 226.488304    0.03875     2.3250    139.500  1024.0242  48862.282    31.1489     52.724    6.33745    10.9514    10.9726    23.7842   11.48098 6.9321e-02     53.229 0.0000e+00
        560 226.488307    0.03882     2.3292    139.750  1024.0292  48867.145    31.1514     53.122    6.33838    10.9442    10.9651    23.7874   11.48249 6.7938e-02     53.631 0.0000e+00
        561 226.488310    0.03889     2.3333    140.000  1024.0342  48871.952    31.1538     53.520    6.33929    10.9371    10.9577    23.7905   11.48397 6.6732e-02     54.032 0.0000e+00
        562 226.488313    0.03896     2.3375    140.250  1024.0390  48876.454    31.1560     53.917    6.34017    10.9302    10.9505    23.7935   11.48542 6.5585e-02     54.433 0.0000e+00
        563 226.488316    0.03903     2.3417    140.500  1024.0437  48880.905    31.1582     54.315    6.34104    10.9234    10.9435    23.7964   11.48683 6.4414e-02     54.834 0.0000e+00
        564 226.488319    0.03910     2.3458    140.750  1024.0483  48885.118    31.1602     54.712    6.34190    10.9166    10.9366    23.7992   11.48822 6.3302e-02     55.235 0.0000e+00
        565 226.488322    0.03917     2.3500    141.000  1024.0524  48888.510    31.1617     55.109    6.34276    10.9090    10.9300    23.8015   11.48962 6.2317e-02     55.636 0.0000e+00
        566 226.488325    0.03924     2.3542    141.250  1024.0558  48890.606    31.1622     55.505    6.34367    10.8998    10.9232    23.8031   11.49112 6.1419e-02     56.037 0.0000e+00
        567 226.488328    0.03931     2.3583    141.500  1024.0584  48891.116    31.1616     55.902    6.34472    10.8877    10.9156    23.8039   11.49288 6.0545e-02     56.437 0.0000e+00
        568 226.488330    0.03938     2.3625    141.750  1024.0601  48889.676    31.1593     56.298    6.34606    10.8707    10.9065    23.8037   11.49513 5.9673e-02     56.837 0.0000e+00
        569 226.488333    0.03944     2.3667    142.000  1024.0606  48885.778    31.1550     56.694    6.34789    10.8465    10.8943    23.8024   11.49822 5.8842e-02     57.237 0.0000e+00
        570 226.488336    0.03951     2.3708    142.250  1024.0599  48878.931    31.1480     57.089    6.35049    10.8122    10.8774    23.7999   11.50261 5.8160e-02     57.636 0.0000e+00
        571 226.488339    0.03958     2.3750    142.500  1024.0584  48869.531    31.1384     57.484    6.35420    10.7666    10.8533    23.7966   11.50887 5.7576e-02     58.035 0.0000e+00
        572 226.488342    0.03965     2.3792    142.750  1024.0592  48862.666    31.1294     57.879    6.35927    10.7122    10.8190    23.7954   11.51738 5.6959e-02     58.434 0.0000e+00
        573 226.488345    0.03972     2.3833    143.000  1024.0666  48866.345    31.1266     58.274    6.36566    10.6551    10.7734    23.8010   11.52800 5.6258e-02     58.833 0.0000e+00
        574 226.488348    0.03979     2.3875    143.250  1024.0837  48886.435    31.1343     58.669    6.37283    10.6028    10.7190    23.8163   11.53979 5.5485e-02     59.231 0.0000e+00
        575 226.488351    0.03986     2.3917    143.500  1024.1103  48923.371    31.1535     59.063    6.37991    10.5607    10.6620    23.8410   11.55129 5.4766e-02     59.629 0.0000e+00
        576 226.488354    0.03993     2.3958    143.750  1024.1406  48967.991    31.1787     59.457    6.38609    10.5297    10.6097    23.8695   11.56124 5.4158e-02     60.027 0.0000e+00
        577 226.488356    0.04000     2.4000    144.000  1024.1679  49008.505    31.2022     59.852    6.39094    10.5080    10.5676    23.8949   11.56901 5.3649e-02     60.426 0.0000e+00
        578 226.488359    0.04007     2.4042    144.250  1024.1891  49039.617    31.2204     60.247    6.39449    10.4929    10.5366    23.9143   11.57466 5.3214e-02     60.825 0.0000e+00
        579 226.488362    0.04014     2.4083    144.500  1024.2042  49060.938    31.2327     60.641    6.39698    10.4820    10.5150    23.9276   11.57865 5.2776e-02     61.223 0.0000e+00
        580 226.488365    0.04021     2.4125    144.750  1024.2145  49074.394    31.2403     61.035    6.39876    10.4737    10.4999    23.9360   11.58151 5.2333e-02     61.620 0.0000e+00
        581 226.488368    0.04028     2.4167    145.000  1024.2218  49083.189    31.2450     61.428    6.40007    10.4673    10.4890    23.9415   11.58362 5.1935e-02     62.017 0.0000e+00
        582 226.488371    0.04035     2.4208    145.250  1024.2278  49089.876    31.2486     61.821    6.40107    10.4625    10.4807    23.9457   11.58524 5.1572e-02     62.414 0.0000e+00
        583 226.488374    0.04042     2.4250    145.500  1024.2328  49095.060    31.2514     62.214    6.40184    10.4585    10.4744    23.9489   11.58647 5.1226e-02     62.810 0.0000e+00
        584 226.488377    0.04049     2.4292    145.750  1024.2367  49098.353    31.2530     62.607    6.40244    10.4549    10.4696    23.9510   11.58745 5.0897e-02     63.207 0.0000e+00
        585 226.488380    0.04056     2.4333    146.000  1024.2394  49099.777    31.2533     63.000    6.40296    10.4512    10.4658    23.9519   11.58831 5.0614e-02     63.605 0.0000e+00
        586 226.488383    0.04063     2.4375    146.250  1024.2417  49100.328    31.2531     63.394    6.40346    10.4474    10.4622    23.9524   11.58915 5.0348e-02     64.003 0.0000e+00
        587 226.488385    0.04069     2.4417    146.500  1024.2441  49101.248    31.2531     63.788    6.40397    10.4437    10.4585    23.9531   11.59000 5.0011e-02     64.400 0.0000e+00
        588 226.488388    0.04076     2.4458    146.750  1024.2468  49102.634    31.2535     64.181    6.40448    10.4401    10.4547    23.9540   11.59083 4.9657e-02     64.796 0.0000e+00
        589 226.488391    0.04083     2.4500    147.000  1024.2494  49103.861    31.2537     64.572    6.40497    10.4361    10.4511    23.9548   11.59165 4.9375e-02     65.191 0.0000e+00
        590 226.488394    0.04090     2.4542    147.250  1024.2517  49104.403    31.2535     64.961    6.40548    10.4313    10.4475    23.9552   11.59249 4.9135e-02     65.584 0.0000e+00
        591 226.488397    0.04097     2.4583    147.500  1024.2535  49104.107    31.2527     65.349    6.40606    10.4253    10.4436    23.9552   11.59346 4.8911e-02     65.976 0.0000e+00
        592 226.488400    0.04104     2.4625    147.750  1024.2552  49103.609    31.2516     65.737    6.40676    10.4178    10.4389    23.9552   11.59464 4.8713e-02     66.367 0.0000e+00
        593 226.488403    0.04111     2.4667    148.000  1024.2571  49103.305    31.2505     66.124    6.40764    10.4083    10.4329    23.9554   11.59611 4.8574e-02     66.759 0.0000e+00
        594 226.488406    0.04118     2.4708    148.250  1024.2591  49102.974    31.2492     66.512    6.40874    10.3961    10.4254    23.9556   11.59794 4.8490e-02     67.151 0.0000e+00
        595 226.488409    0.04125     2.4750    148.500  1024.2613  49102.644    31.2477     66.901    6.41012    10.3809    10.4159    23.9560   11.60025 4.8392e-02     67.543 0.0000e+00
