CTD-processing/allCTD/CNV--homogene/2014_07-23_t6_s22_cast217.cnv
* Sea-Bird SBE19plus Data File:
* FileName = C:\Users\kris.holderied\Documents\kasitsna\Research-Projects-and-Data\Oceanography-AK\CTD-Data-ALL-to-2014-06\2014-CTD-KachemakBay-CookInlet\2014-07-EVOSTC-CookInlet-quarterly\2014-07-23-CookInlet-Tran6-Douglas\2014-07-23-CookInlet-Tran6-cast217.hex
* Software Version 1.59
* Temperature SN =  4141
* Conductivity SN =  4141
* System UpLoad Time = Jul 23 2014 23:47:43
** Cook Inlet LTM Transect 6 (Douglas) East to West
** Date: 07-23
** Station: 6-22
** Start time: 17:26
** Depth (m): 165
** Comment:  CTD time is Alaska Daylight time.  Transducer  depth (transducer is 9 ft).
** Comment:
# nquan = 17
# nvalues = 1323                        
# units = specified
# name 0 = scan: Scan Count
# name 1 = timeJ: Julian Days
# name 2 = timeH: Time, Elapsed [hours]
# name 3 = timeM: Time, Elapsed [minutes]
# name 4 = timeS: Time, Elapsed [seconds]
# name 5 = density00: Density [density, kg/m^3]
# name 6 = specc: Specific Conductance [uS/cm]
# name 7 = sal00: Salinity, Practical [PSU]
# name 8 = depSM: Depth [salt water, m], lat = 59.00
# name 9 = oxsolML/L: Oxygen Saturation, Garcia & Gordon [ml/l]
# name 10 = potemp090C: Potential Temperature [ITS-90, deg C]
# name 11 = tv290C: Temperature [ITS-90, deg C]
# name 12 = sigma-é00: Density [sigma-theta, kg/m^3]
# name 13 = n2satML/L: Nitrogen Saturation [ml/l]
# name 14 = par: PAR/Irradiance, Biospherical/Licor
# name 15 = prdM: Pressure, Strain Gauge [db]
# name 16 = flag:  0.000e+00
# span 0 =          1,       1323       
# span 1 = 204.726632, 204.730457       
# span 2 =    0.00000,    0.09181       
# span 3 =     0.0000,     5.5083       
# span 4 =      0.000,    330.500       
# span 5 =   999.7229,  1026.1535       
# span 6 =    599.578,  51584.362       
# span 7 =     0.2886,    32.3829       
# span 8 =     -0.101,    164.035       
# span 9 =    6.24182,    7.52495       
# span 10 =     6.6718,    12.0163      
# span 11 =     6.6859,    12.0163      
# span 12 =    -0.2767,    25.3936      
# span 13 =   11.31490,   13.87112      
# span 14 = 4.7446e-02, 4.5235e+02      
# span 15 =     -0.102,    165.649      
# span 16 = 0.0000e+00, 0.0000e+00      
# interval = seconds: 0.25
# start_time = Jul 23 2014 17:26:21 [Instrument's time stamp, header]
# bad_flag = -9.990e-29
*END*
[from data line 511]
        512 204.728111    0.03549     2.1292    127.750  1024.6881  50199.977    31.9752     16.333    6.45749     9.8206     9.8646    24.6134   11.67006 3.3678e+00     16.488 0.0000e+00
        513 204.728113    0.03556     2.1333    128.000  1024.6959  50210.894    31.9801     16.482    6.46017     9.7966     9.8443    24.6206   11.67443 3.2972e+00     16.639 0.0000e+00
        514 204.728116    0.03562     2.1375    128.250  1024.7022  50218.832    31.9828     16.627    6.46315     9.7702     9.8225    24.6262   11.67933 3.2339e+00     16.784 0.0000e+00
        515 204.728119    0.03569     2.1417    128.500  1024.7081  50225.660    31.9843     16.772    6.46649     9.7419     9.7984    24.6313   11.68484 3.1702e+00     16.931 0.0000e+00
        516 204.728122    0.03576     2.1458    128.750  1024.7144  50233.084    31.9860     16.925    6.47017     9.7130     9.7720    24.6369   11.69090 3.1001e+00     17.085 0.0000e+00
        517 204.728125    0.03583     2.1500    129.000  1024.7221  50242.884    31.9891     17.089    6.47405     9.6850     9.7438    24.6439   11.69729 3.0198e+00     17.251 0.0000e+00
        518 204.728128    0.03590     2.1542    129.250  1024.7323  50256.999    31.9951     17.268    6.47791     9.6590     9.7149    24.6533   11.70361 2.9280e+00     17.432 0.0000e+00
        519 204.728131    0.03597     2.1583    129.500  1024.7437  50273.280    32.0028     17.463    6.48157     9.6346     9.6869    24.6638   11.70958 2.8253e+00     17.629 0.0000e+00
        520 204.728134    0.03604     2.1625    129.750  1024.7539  50287.385    32.0092     17.674    6.48500     9.6106     9.6609    24.6730   11.71519 2.7146e+00     17.841 0.0000e+00
        521 204.728137    0.03611     2.1667    130.000  1024.7621  50298.150    32.0134     17.898    6.48831     9.5867     9.6365    24.6802   11.72061 2.5995e+00     18.068 0.0000e+00
        522 204.728139    0.03618     2.1708    130.250  1024.7694  50307.080    32.0163     18.134    6.49160     9.5626     9.6126    24.6864   11.72601 2.4827e+00     18.306 0.0000e+00
        523 204.728142    0.03625     2.1750    130.500  1024.7763  50315.312    32.0188     18.380    6.49491     9.5381     9.5887    24.6922   11.73147 2.3659e+00     18.555 0.0000e+00
        524 204.728145    0.03632     2.1792    130.750  1024.7830  50323.170    32.0210     18.636    6.49826     9.5134     9.5646    24.6977   11.73699 2.2502e+00     18.813 0.0000e+00
        525 204.728148    0.03639     2.1833    131.000  1024.7898  50331.038    32.0231     18.901    6.50166     9.4887     9.5402    24.7032   11.74260 2.1381e+00     19.080 0.0000e+00
        526 204.728151    0.03646     2.1875    131.250  1024.7971  50339.742    32.0257     19.169    6.50509     9.4646     9.5155    24.7093   11.74823 2.0327e+00     19.350 0.0000e+00
        527 204.728154    0.03653     2.1917    131.500  1024.8052  50350.153    32.0296     19.435    6.50846     9.4415     9.4909    24.7162   11.75377 1.9364e+00     19.619 0.0000e+00
        528 204.728157    0.03660     2.1958    131.750  1024.8142  50362.163    32.0346     19.695    6.51170     9.4194     9.4668    24.7240   11.75907 1.8509e+00     19.882 0.0000e+00
        529 204.728160    0.03667     2.2000    132.000  1024.8234  50374.725    32.0402     19.945    6.51478     9.3983     9.4437    24.7320   11.76411 1.7778e+00     20.134 0.0000e+00
        530 204.728163    0.03674     2.2042    132.250  1024.8326  50387.509    32.0460     20.180    6.51771     9.3786     9.4216    24.7401   11.76888 1.7176e+00     20.371 0.0000e+00
        531 204.728166    0.03681     2.2083    132.500  1024.8426  50402.023    32.0533     20.395    6.52044     9.3612     9.4005    24.7491   11.77332 1.6702e+00     20.588 0.0000e+00
        532 204.728168    0.03687     2.2125    132.750  1024.8536  50418.618    32.0622     20.589    6.52291     9.3468     9.3808    24.7592   11.77729 1.6341e+00     20.784 0.0000e+00
        533 204.728171    0.03694     2.2167    133.000  1024.8643  50435.112    32.0713     20.765    6.52503     9.3353     9.3634    24.7691   11.78069 1.6065e+00     20.961 0.0000e+00
        534 204.728174    0.03701     2.2208    133.250  1024.8734  50449.186    32.0791     20.925    6.52677     9.3260     9.3490    24.7775   11.78348 1.5840e+00     21.123 0.0000e+00
        535 204.728177    0.03708     2.2250    133.500  1024.8805  50459.790    32.0850     21.077    6.52817     9.3179     9.3375    24.7839   11.78574 1.5640e+00     21.276 0.0000e+00
        536 204.728180    0.03715     2.2292    133.750  1024.8856  50467.038    32.0887     21.226    6.52935     9.3100     9.3283    24.7883   11.78764 1.5439e+00     21.427 0.0000e+00
        537 204.728183    0.03722     2.2333    134.000  1024.8892  50471.602    32.0908     21.380    6.53044     9.3017     9.3202    24.7912   11.78941 1.5204e+00     21.583 0.0000e+00
        538 204.728186    0.03729     2.2375    134.250  1024.8921  50474.953    32.0920     21.545    6.53152     9.2932     9.3123    24.7933   11.79119 1.4913e+00     21.749 0.0000e+00
        539 204.728189    0.03736     2.2417    134.500  1024.8954  50478.876    32.0935     21.725    6.53264     9.2848     9.3041    24.7958   11.79303 1.4555e+00     21.931 0.0000e+00
        540 204.728192    0.03743     2.2458    134.750  1024.8993  50483.726    32.0956     21.922    6.53378     9.2766     9.2956    24.7988   11.79489 1.4127e+00     22.129 0.0000e+00
        541 204.728194    0.03750     2.2500    135.000  1024.9033  50488.519    32.0977     22.133    6.53491     9.2684     9.2872    24.8018   11.79673 1.3644e+00     22.343 0.0000e+00
        542 204.728197    0.03757     2.2542    135.250  1024.9067  50492.162    32.0990     22.357    6.53604     9.2596     9.2790    24.8041   11.79859 1.3124e+00     22.570 0.0000e+00
        543 204.728200    0.03764     2.2583    135.500  1024.9091  50494.134    32.0992     22.593    6.53722     9.2498     9.2707    24.8055   11.80054 1.2583e+00     22.807 0.0000e+00
        544 204.728203    0.03771     2.2625    135.750  1024.9108  50494.620    32.0981     22.836    6.53852     9.2384     9.2620    24.8061   11.80271 1.2035e+00     23.053 0.0000e+00
        545 204.728206    0.03778     2.2667    136.000  1024.9120  50494.064    32.0962     23.085    6.54002     9.2249     9.2522    24.8062   11.80521 1.1493e+00     23.304 0.0000e+00
        546 204.728209    0.03785     2.2708    136.250  1024.9131  50493.140    32.0939     23.336    6.54177     9.2095     9.2408    24.8061   11.80814 1.0969e+00     23.557 0.0000e+00
        547 204.728212    0.03792     2.2750    136.500  1024.9146  50492.743    32.0916     23.586    6.54381     9.1924     9.2274    24.8064   11.81154 1.0480e+00     23.809 0.0000e+00
        548 204.728215    0.03799     2.2792    136.750  1024.9164  50492.918    32.0894     23.832    6.54613     9.1736     9.2121    24.8071   11.81540 1.0029e+00     24.059 0.0000e+00
        549 204.728218    0.03806     2.2833    137.000  1024.9184  50493.156    32.0870     24.074    6.54872     9.1533     9.1950    24.8080   11.81971 9.6174e-01     24.303 0.0000e+00
        550 204.728220    0.03812     2.2875    137.250  1024.9204  50493.420    32.0844     24.308    6.55155     9.1312     9.1762    24.8089   11.82442 9.2509e-01     24.540 0.0000e+00
        551 204.728223    0.03819     2.2917    137.500  1024.9218  50492.710    32.0809     24.534    6.55465     9.1071     9.1559    24.8093   11.82959 8.9294e-01     24.768 0.0000e+00
        552 204.728226    0.03826     2.2958    137.750  1024.9230  50491.454    32.0768     24.749    6.55803     9.0821     9.1338    24.8095   11.83525 8.6536e-01     24.985 0.0000e+00
        553 204.728229    0.03833     2.3000    138.000  1024.9266  50494.380    32.0753     24.950    6.56160     9.0580     9.1097    24.8121   11.84117 8.4261e-01     25.187 0.0000e+00
        554 204.728232    0.03840     2.3042    138.250  1024.9336  50503.781    32.0782     25.133    6.56512     9.0360     9.0847    24.8183   11.84696 8.2422e-01     25.371 0.0000e+00
        555 204.728235    0.03847     2.3083    138.500  1024.9420  50515.817    32.0832     25.299    6.56842     9.0160     9.0606    24.8259   11.85236 8.0895e-01     25.539 0.0000e+00
        556 204.728238    0.03854     2.3125    138.750  1024.9492  50526.006    32.0871     25.453    6.57145     8.9969     9.0387    24.8324   11.85732 7.9595e-01     25.694 0.0000e+00
        557 204.728241    0.03861     2.3167    139.000  1024.9541  50532.295    32.0886     25.601    6.57431     8.9771     9.0187    24.8366   11.86203 7.8495e-01     25.844 0.0000e+00
        558 204.728244    0.03868     2.3208    139.250  1024.9564  50533.815    32.0868     25.750    6.57717     8.9545     8.9996    24.8381   11.86680 7.7486e-01     25.995 0.0000e+00
        559 204.728247    0.03875     2.3250    139.500  1024.9557  50529.987    32.0812     25.907    6.58032     8.9268     8.9798    24.8368   11.87207 7.6389e-01     26.153 0.0000e+00
        560 204.728249    0.03882     2.3292    139.750  1024.9526  50521.357    32.0717     26.077    6.58403     8.8921     8.9572    24.8329   11.87833 7.5091e-01     26.325 0.0000e+00
        561 204.728252    0.03889     2.3333    140.000  1024.9487  50510.898    32.0602     26.266    6.58859     8.8490     8.9295    24.8281   11.88601 7.3565e-01     26.516 0.0000e+00
        562 204.728255    0.03896     2.3375    140.250  1024.9450  50500.123    32.0474     26.476    6.59423     8.7973     8.8948    24.8234   11.89549 7.1840e-01     26.727 0.0000e+00
        563 204.728258    0.03903     2.3417    140.500  1024.9435  50492.807    32.0357     26.704    6.60107     8.7412     8.8517    24.8209   11.90696 6.9950e-01     26.958 0.0000e+00
        564 204.728261    0.03910     2.3458    140.750  1024.9517  50502.235    32.0346     26.948    6.60873     8.6882     8.8000    24.8278   11.91965 6.7952e-01     27.204 0.0000e+00
        565 204.728264    0.03917     2.3500    141.000  1024.9724  50534.239    32.0487     27.205    6.61640     8.6432     8.7440    24.8473   11.93217 6.5916e-01     27.464 0.0000e+00
        566 204.728267    0.03924     2.3542    141.250  1024.9993  50577.531    32.0711     27.472    6.62328     8.6076     8.6909    24.8729   11.94328 6.3888e-01     27.734 0.0000e+00
        567 204.728270    0.03931     2.3583    141.500  1025.0250  50619.413    32.0937     27.749    6.62896     8.5803     8.6460    24.8974   11.95241 6.1851e-01     28.013 0.0000e+00
        568 204.728273    0.03938     2.3625    141.750  1025.0467  50654.339    32.1128     28.035    6.63342     8.5598     8.6104    24.9177   11.95954 5.9763e-01     28.302 0.0000e+00
        569 204.728275    0.03944     2.3667    142.000  1025.0640  50681.848    32.1279     28.329    6.63681     8.5443     8.5832    24.9337   11.96496 5.7649e-01     28.598 0.0000e+00
        570 204.728278    0.03951     2.3708    142.250  1025.0776  50702.975    32.1395     28.627    6.63935     8.5323     8.5627    24.9458   11.96903 5.5527e-01     28.899 0.0000e+00
        571 204.728281    0.03958     2.3750    142.500  1025.0878  50718.269    32.1478     28.927    6.64128     8.5222     8.5473    24.9546   11.97212 5.3411e-01     29.202 0.0000e+00
        572 204.728284    0.03965     2.3792    142.750  1025.0953  50729.027    32.1534     29.226    6.64282     8.5130     8.5353    24.9608   11.97459 5.1381e-01     29.504 0.0000e+00
        573 204.728287    0.03972     2.3833    143.000  1025.1014  50737.192    32.1574     29.518    6.64414     8.5042     8.5252    24.9655   11.97673 4.9502e-01     29.798 0.0000e+00
        574 204.728290    0.03979     2.3875    143.250  1025.1066  50744.038    32.1607     29.797    6.64537     8.4956     8.5160    24.9695   11.97872 4.7793e-01     30.080 0.0000e+00
        575 204.728293    0.03986     2.3917    143.500  1025.1112  50749.926    32.1634     30.056    6.64656     8.4868     8.5072    24.9729   11.98065 4.6283e-01     30.342 0.0000e+00
        576 204.728296    0.03993     2.3958    143.750  1025.1153  50754.970    32.1656     30.287    6.64775     8.4779     8.4986    24.9759   11.98260 4.5030e-01     30.574 0.0000e+00
        577 204.728299    0.04000     2.4000    144.000  1025.1193  50760.211    32.1678     30.484    6.64896     8.4695     8.4898    24.9789   11.98457 4.4036e-01     30.774 0.0000e+00
        578 204.728302    0.04007     2.4042    144.250  1025.1239  50766.819    32.1710     30.649    6.65014     8.4622     8.4810    24.9828   11.98649 4.3261e-01     30.940 0.0000e+00
        579 204.728304    0.04014     2.4083    144.500  1025.1289  50774.523    32.1750     30.786    6.65122     8.4563     8.4726    24.9872   11.98823 4.2662e-01     31.079 0.0000e+00
        580 204.728307    0.04021     2.4125    144.750  1025.1337  50781.968    32.1791     30.905    6.65214     8.4517     8.4652    24.9915   11.98970 4.2162e-01     31.199 0.0000e+00
        581 204.728310    0.04028     2.4167    145.000  1025.1376  50787.866    32.1823     31.018    6.65288     8.4481     8.4594    24.9948   11.99088 4.1678e-01     31.313 0.0000e+00
        582 204.728313    0.04035     2.4208    145.250  1025.1404  50791.770    32.1843     31.136    6.65347     8.4448     8.4548    24.9971   11.99183 4.1159e-01     31.433 0.0000e+00
        583 204.728316    0.04042     2.4250    145.500  1025.1423  50794.073    32.1853     31.270    6.65397     8.4414     8.4512    24.9984   11.99265 4.0567e-01     31.568 0.0000e+00
        584 204.728319    0.04049     2.4292    145.750  1025.1438  50795.346    32.1856     31.427    6.65444     8.4376     8.4479    24.9991   11.99344 3.9866e-01     31.727 0.0000e+00
        585 204.728322    0.04056     2.4333    146.000  1025.1449  50795.839    32.1853     31.610    6.65496     8.4329     8.4446    24.9994   11.99429 3.9049e-01     31.911 0.0000e+00
        586 204.728325    0.04063     2.4375    146.250  1025.1458  50795.547    32.1845     31.820    6.65556     8.4269     8.4408    24.9993   11.99530 3.8143e-01     32.123 0.0000e+00
        587 204.728328    0.04069     2.4417    146.500  1025.1466  50795.025    32.1833     32.055    6.65631     8.4195     8.4361    24.9991   11.99655 3.7200e-01     32.360 0.0000e+00
        588 204.728330    0.04076     2.4458    146.750  1025.1480  50795.242    32.1824     32.310    6.65725     8.4105     8.4301    24.9993   11.99811 3.6276e-01     32.617 0.0000e+00
        589 204.728333    0.04083     2.4500    147.000  1025.1499  50796.221    32.1818     32.578    6.65838     8.3997     8.4227    24.9999   11.99999 3.5377e-01     32.888 0.0000e+00
        590 204.728336    0.04090     2.4542    147.250  1025.1522  50797.811    32.1814     32.857    6.65974     8.3869     8.4137    25.0009   12.00224 3.4482e-01     33.170 0.0000e+00
        591 204.728339    0.04097     2.4583    147.500  1025.1549  50799.930    32.1811     33.145    6.66136     8.3714     8.4030    25.0023   12.00492 3.3575e-01     33.460 0.0000e+00
        592 204.728342    0.04104     2.4625    147.750  1025.1575  50801.883    32.1803     33.440    6.66331     8.3524     8.3902    25.0036   12.00816 3.2655e-01     33.758 0.0000e+00
        593 204.728345    0.04111     2.4667    148.000  1025.1599  50803.238    32.1787     33.741    6.66570     8.3284     8.3747    25.0046   12.01213 3.1725e-01     34.062 0.0000e+00
        594 204.728348    0.04118     2.4708    148.250  1025.1614  50802.677    32.1752     34.045    6.66870     8.2985     8.3558    25.0047   12.01714 3.0786e-01     34.370 0.0000e+00
        595 204.728351    0.04125     2.4750    148.500  1025.1629  50801.880    32.1707     34.353    6.67249     8.2641     8.3319    25.0047   12.02345 2.9829e-01     34.680 0.0000e+00
