CTD-processing/allCTD/CNV--homogene/2014_07-23_t6_s13_cast208.cnv
* Sea-Bird SBE19plus Data File:
* FileName = C:\Users\kris.holderied\Documents\kasitsna\Research-Projects-and-Data\Oceanography-AK\CTD-Data-ALL-to-2014-06\2014-CTD-KachemakBay-CookInlet\2014-07-EVOSTC-CookInlet-quarterly\2014-07-23-CookInlet-Tran6-Douglas\2014-07-23-CookInlet-Tran6-cast208.hex
* Software Version 1.59
* Temperature SN =  4141
* Conductivity SN =  4141
* System UpLoad Time = Jul 23 2014 23:33:18
** Cook Inlet LTM Transect 6 (Douglas) East to West
** Date: 07-23
** Station: 6-13
** Start time: 13:49
** Depth (m): 135
** Comment:  CTD time is Alaska Daylight time.  Transducer  depth (transducer is 9 ft).
** Comment:
# nquan = 17
# nvalues = 1862                        
# units = specified
# name 0 = scan: Scan Count
# name 1 = timeJ: Julian Days
# name 2 = timeH: Time, Elapsed [hours]
# name 3 = timeM: Time, Elapsed [minutes]
# name 4 = timeS: Time, Elapsed [seconds]
# name 5 = density00: Density [density, kg/m^3]
# name 6 = specc: Specific Conductance [uS/cm]
# name 7 = sal00: Salinity, Practical [PSU]
# name 8 = depSM: Depth [salt water, m], lat = 59.00
# name 9 = oxsolML/L: Oxygen Saturation, Garcia & Gordon [ml/l]
# name 10 = potemp090C: Potential Temperature [ITS-90, deg C]
# name 11 = tv290C: Temperature [ITS-90, deg C]
# name 12 = sigma-é00: Density [sigma-theta, kg/m^3]
# name 13 = n2satML/L: Nitrogen Saturation [ml/l]
# name 14 = par: PAR/Irradiance, Biospherical/Licor
# name 15 = prdM: Pressure, Strain Gauge [db]
# name 16 = flag:  0.000e+00
# span 0 =          1,       1862       
# span 1 = 204.576308, 204.581693       
# span 2 =    0.00000,    0.12924       
# span 3 =     0.0000,     7.7542       
# span 4 =      0.000,    465.250       
# span 5 =   999.7593,  1025.8548       
# span 6 =    682.215,  51272.980       
# span 7 =     0.3291,    32.3433       
# span 8 =     -0.107,    133.204       
# span 9 =    6.32956,    7.53501       
# span 10 =     7.6295,    12.0001      
# span 11 =     7.6421,    12.0001      
# span 12 =    -0.2403,    25.2401      
# span 13 =   11.45690,   13.88710      
# span 14 = 5.0504e-02, 1.5985e+03      
# span 15 =     -0.108,    134.504      
# span 16 = 0.0000e+00, 0.0000e+00      
# interval = seconds: 0.25
# start_time = Jul 23 2014 13:49:53 [Instrument's time stamp, header]
# bad_flag = -9.990e-29
*END*
[from data line 1192]
       1193 204.579757    0.08278     4.9667    298.000  1024.4876  50042.652    31.9641      1.608    6.35440    10.6081    10.6079    24.4803   11.49947 1.0881e+03      1.623 0.0000e+00
       1194 204.579760    0.08285     4.9708    298.250  1024.4877  50042.664    31.9642      1.626    6.35437    10.6082    10.6081    24.4803   11.49942 1.1491e+03      1.642 0.0000e+00
       1195 204.579763    0.08292     4.9750    298.500  1024.4877  50042.639    31.9642      1.645    6.35434    10.6083    10.6083    24.4802   11.49937 1.1400e+03      1.660 0.0000e+00
       1196 204.579766    0.08299     4.9792    298.750  1024.4877  50042.520    31.9641      1.664    6.35432    10.6084    10.6084    24.4801   11.49935 1.0788e+03      1.679 0.0000e+00
       1197 204.579769    0.08306     4.9833    299.000  1024.4877  50042.406    31.9640      1.679    6.35431    10.6084    10.6085    24.4801   11.49933 1.0333e+03      1.695 0.0000e+00
       1198 204.579771    0.08313     4.9875    299.250  1024.4878  50042.387    31.9640      1.688    6.35431    10.6084    10.6086    24.4801   11.49933 1.0438e+03      1.703 0.0000e+00
       1199 204.579774    0.08319     4.9917    299.500  1024.4877  50042.349    31.9640      1.684    6.35431    10.6083    10.6086    24.4800   11.49933 1.1415e+03      1.700 0.0000e+00
       1200 204.579777    0.08326     4.9958    299.750  1024.4876  50042.248    31.9639      1.665    6.35432    10.6083    10.6085    24.4800   11.49934 1.2461e+03      1.681 0.0000e+00
       1201 204.579780    0.08333     5.0000    300.000  1024.4874  50042.105    31.9638      1.630    6.35433    10.6082    10.6085    24.4799   11.49936 1.2744e+03      1.645 0.0000e+00
       1202 204.579783    0.08340     5.0042    300.250  1024.4871  50041.972    31.9637      1.580    6.35434    10.6082    10.6084    24.4799   11.49937 1.2866e+03      1.595 0.0000e+00
       1203 204.579786    0.08347     5.0083    300.500  1024.4868  50041.908    31.9637      1.522    6.35435    10.6081    10.6084    24.4799   11.49939 1.3283e+03      1.537 0.0000e+00
       1204 204.579789    0.08354     5.0125    300.750  1024.4865  50041.799    31.9637      1.466    6.35436    10.6080    10.6083    24.4798   11.49940 1.3575e+03      1.480 0.0000e+00
       1205 204.579792    0.08361     5.0167    301.000  1024.4862  50041.569    31.9635      1.424    6.35437    10.6079    10.6083    24.4797   11.49943 1.3356e+03      1.438 0.0000e+00
       1206 204.579795    0.08368     5.0208    301.250  1024.4860  50041.322    31.9634      1.407    6.35439    10.6077    10.6082    24.4796   11.49946 1.3009e+03      1.420 0.0000e+00
       1207 204.579797    0.08375     5.0250    301.500  1024.4860  50041.196    31.9632      1.417    6.35442    10.6075    10.6080    24.4795   11.49951 1.2784e+03      1.431 0.0000e+00
       1208 204.579800    0.08382     5.0292    301.750  1024.4862  50041.220    31.9632      1.452    6.35445    10.6073    10.6078    24.4795   11.49956 1.2892e+03      1.466 0.0000e+00
       1209 204.579803    0.08389     5.0333    302.000  1024.4864  50041.304    31.9632      1.500    6.35448    10.6071    10.6076    24.4796   11.49961 1.3056e+03      1.514 0.0000e+00
       1210 204.579806    0.08396     5.0375    302.250  1024.4867  50041.447    31.9633      1.551    6.35450    10.6071    10.6074    24.4797   11.49964 1.2543e+03      1.566 0.0000e+00
       1211 204.579809    0.08403     5.0417    302.500  1024.4871  50041.677    31.9634      1.598    6.35451    10.6071    10.6073    24.4798   11.49966 1.1868e+03      1.613 0.0000e+00
       1212 204.579812    0.08410     5.0458    302.750  1024.4874  50041.851    31.9635      1.638    6.35451    10.6071    10.6073    24.4799   11.49966 1.1587e+03      1.654 0.0000e+00
       1213 204.579815    0.08417     5.0500    303.000  1024.4875  50041.849    31.9635      1.675    6.35452    10.6070    10.6073    24.4799   11.49967 1.1681e+03      1.691 0.0000e+00
       1214 204.579818    0.08424     5.0542    303.250  1024.4877  50041.770    31.9634      1.714    6.35452    10.6069    10.6073    24.4798   11.49968 1.1940e+03      1.730 0.0000e+00
       1215 204.579821    0.08431     5.0583    303.500  1024.4878  50041.638    31.9633      1.763    6.35453    10.6067    10.6072    24.4797   11.49969 1.1924e+03      1.780 0.0000e+00
       1216 204.579823    0.08438     5.0625    303.750  1024.4879  50041.345    31.9630      1.830    6.35455    10.6063    10.6072    24.4795   11.49973 1.1582e+03      1.848 0.0000e+00
       1217 204.579826    0.08444     5.0667    304.000  1024.4880  50040.831    31.9626      1.925    6.35459    10.6056    10.6070    24.4792   11.49980 1.0908e+03      1.944 0.0000e+00
       1218 204.579829    0.08451     5.0708    304.250  1024.4881  50040.001    31.9619      2.053    6.35467    10.6043    10.6066    24.4788   11.49995 9.8109e+02      2.073 0.0000e+00
       1219 204.579832    0.08458     5.0750    304.500  1024.4880  50038.492    31.9607      2.213    6.35482    10.6019    10.6058    24.4780   11.50021 8.7555e+02      2.234 0.0000e+00
       1220 204.579835    0.08465     5.0792    304.750  1024.4873  50035.600    31.9584      2.401    6.35509    10.5976    10.6045    24.4764   11.50068 8.0232e+02      2.423 0.0000e+00
       1221 204.579838    0.08472     5.0833    305.000  1024.4855  50030.376    31.9543      2.607    6.35558    10.5899    10.6022    24.4736   11.50155 7.4876e+02      2.632 0.0000e+00
       1222 204.579841    0.08479     5.0875    305.250  1024.4818  50021.383    31.9473      2.824    6.35646    10.5772    10.5979    24.4689   11.50308 7.0685e+02      2.850 0.0000e+00
       1223 204.579844    0.08486     5.0917    305.500  1024.4757  50007.787    31.9367      3.039    6.35794    10.5576    10.5903    24.4619   11.50565 6.7459e+02      3.067 0.0000e+00
       1224 204.579847    0.08493     5.0958    305.750  1024.4681  49990.648    31.9229      3.247    6.36026    10.5299    10.5775    24.4533   11.50965 6.4855e+02      3.277 0.0000e+00
       1225 204.579850    0.08500     5.1000    306.000  1024.4593  49970.559    31.9061      3.445    6.36363    10.4949    10.5580    24.4436   11.51544 6.1813e+02      3.478 0.0000e+00
       1226 204.579852    0.08507     5.1042    306.250  1024.4537  49955.163    31.8917      3.634    6.36803    10.4576    10.5303    24.4371   11.52290 5.9229e+02      3.669 0.0000e+00
       1227 204.579855    0.08514     5.1083    306.500  1024.4584  49957.511    31.8890      3.817    6.37297    10.4233    10.4953    24.4409   11.53111 5.7061e+02      3.853 0.0000e+00
       1228 204.579858    0.08521     5.1125    306.750  1024.4716  49975.134    31.8969      3.996    6.37780    10.3941    10.4580    24.4534   11.53901 5.4215e+02      4.034 0.0000e+00
       1229 204.579861    0.08528     5.1167    307.000  1024.4863  49995.873    31.9073      4.175    6.38211    10.3698    10.4237    24.4673   11.54603 5.2018e+02      4.215 0.0000e+00
       1230 204.579864    0.08535     5.1208    307.250  1024.4991  50013.649    31.9162      4.361    6.38578    10.3488    10.3946    24.4791   11.55201 5.0835e+02      4.402 0.0000e+00
       1231 204.579867    0.08542     5.1250    307.500  1024.5084  50025.873    31.9218      4.553    6.38891    10.3282    10.3703    24.4876   11.55713 4.9506e+02      4.597 0.0000e+00
       1232 204.579870    0.08549     5.1292    307.750  1024.5127  50029.541    31.9217      4.754    6.39183    10.3041    10.3493    24.4910   11.56197 4.7817e+02      4.799 0.0000e+00
       1233 204.579873    0.08556     5.1333    308.000  1024.5106  50021.393    31.9132      4.963    6.39503    10.2718    10.3288    24.4879   11.56737 4.5770e+02      5.010 0.0000e+00
       1234 204.579876    0.08563     5.1375    308.250  1024.5021  50001.343    31.8959      5.182    6.39910    10.2283    10.3047    24.4784   11.57431 4.3074e+02      5.231 0.0000e+00
       1235 204.579878    0.08569     5.1417    308.500  1024.4917  49976.790    31.8743      5.410    6.40449    10.1739    10.2724    24.4670   11.58349 4.0163e+02      5.462 0.0000e+00
       1236 204.579881    0.08576     5.1458    308.750  1024.4850  49957.507    31.8550      5.646    6.41135    10.1095    10.2290    24.4592   11.59508 3.8147e+02      5.699 0.0000e+00
       1237 204.579884    0.08583     5.1500    309.000  1024.4811  49941.841    31.8369      5.888    6.41970    10.0359    10.1746    24.4542   11.60912 3.7002e+02      5.944 0.0000e+00
       1238 204.579887    0.08590     5.1542    309.250  1024.4805  49931.139    31.8210      6.139    6.42938     9.9583    10.1102    24.4524   11.62534 3.5667e+02      6.197 0.0000e+00
       1239 204.579890    0.08597     5.1583    309.500  1024.4921  49941.563    31.8188      6.401    6.43980     9.8847    10.0367    24.4629   11.64262 3.3907e+02      6.462 0.0000e+00
       1240 204.579893    0.08604     5.1625    309.750  1024.5178  49977.149    31.8338      6.675    6.45011     9.8210     9.9590    24.4873   11.65951 3.2218e+02      6.739 0.0000e+00
       1241 204.579896    0.08611     5.1667    310.000  1024.5504  50025.550    31.8584      6.964    6.45947     9.7687     9.8854    24.5185   11.67472 3.0715e+02      7.030 0.0000e+00
       1242 204.579899    0.08618     5.1708    310.250  1024.5825  50074.457    31.8845      7.266    6.46738     9.7265     9.8218    24.5493   11.68751 2.9191e+02      7.335 0.0000e+00
       1243 204.579902    0.08625     5.1750    310.500  1024.6104  50116.757    31.9074      7.578    6.47382     9.6916     9.7696    24.5757   11.69790 2.7531e+02      7.650 0.0000e+00
       1244 204.579905    0.08632     5.1792    310.750  1024.6328  50150.463    31.9255      7.896    6.47906     9.6611     9.7273    24.5967   11.70635 2.5887e+02      7.971 0.0000e+00
       1245 204.579907    0.08639     5.1833    311.000  1024.6501  50175.595    31.9385      8.214    6.48347     9.6323     9.6925    24.6125   11.71351 2.4563e+02      8.292 0.0000e+00
       1246 204.579910    0.08646     5.1875    311.250  1024.6628  50193.088    31.9467      8.524    6.48746     9.6028     9.6620    24.6238   11.72001 2.3559e+02      8.604 0.0000e+00
       1247 204.579913    0.08653     5.1917    311.500  1024.6723  50205.146    31.9512      8.820    6.49138     9.5721     9.6332    24.6319   11.72644 2.2643e+02      8.903 0.0000e+00
       1248 204.579916    0.08660     5.1958    311.750  1024.6816  50216.789    31.9553      9.098    6.49541     9.5419     9.6038    24.6399   11.73307 2.1691e+02      9.184 0.0000e+00
       1249 204.579919    0.08667     5.2000    312.000  1024.6936  50233.479    31.9628      9.353    6.49948     9.5149     9.5731    24.6507   11.73971 2.0666e+02      9.442 0.0000e+00
       1250 204.579922    0.08674     5.2042    312.250  1024.7082  50255.248    31.9740      9.586    6.50332     9.4924     9.5430    24.6643   11.74594 1.9598e+02      9.677 0.0000e+00
       1251 204.579925    0.08681     5.2083    312.500  1024.7232  50278.116    31.9864      9.798    6.50666     9.4747     9.5160    24.6783   11.75133 1.8599e+02      9.891 0.0000e+00
       1252 204.579928    0.08687     5.2125    312.750  1024.7367  50298.989    31.9980      9.994    6.50939     9.4610     9.4935    24.6909   11.75571 1.7774e+02     10.088 0.0000e+00
       1253 204.579931    0.08694     5.2167    313.000  1024.7480  50316.345    32.0077     10.177    6.51153     9.4506     9.4758    24.7014   11.75912 1.7103e+02     10.273 0.0000e+00
       1254 204.579933    0.08701     5.2208    313.250  1024.7568  50329.639    32.0152     10.355    6.51317     9.4423     9.4621    24.7094   11.76175 1.6488e+02     10.453 0.0000e+00
       1255 204.579936    0.08708     5.2250    313.500  1024.7633  50338.916    32.0202     10.535    6.51446     9.4351     9.4517    24.7150   11.76382 1.5876e+02     10.634 0.0000e+00
       1256 204.579939    0.08715     5.2292    313.750  1024.7675  50344.281    32.0228     10.724    6.51553     9.4276     9.4435    24.7183   11.76557 1.5277e+02     10.825 0.0000e+00
       1257 204.579942    0.08722     5.2333    314.000  1024.7695  50345.791    32.0227     10.930    6.51657     9.4186     9.4363    24.7194   11.76728 1.4701e+02     11.033 0.0000e+00
       1258 204.579945    0.08729     5.2375    314.250  1024.7700  50344.158    32.0205     11.158    6.51774     9.4072     9.4288    24.7188   11.76925 1.4109e+02     11.263 0.0000e+00
       1259 204.579948    0.08736     5.2417    314.500  1024.7694  50340.416    32.0165     11.410    6.51920     9.3928     9.4199    24.7171   11.77170 1.3457e+02     11.518 0.0000e+00
       1260 204.579951    0.08743     5.2458    314.750  1024.7685  50335.535    32.0113     11.685    6.52105     9.3757     9.4085    24.7149   11.77484 1.2784e+02     11.795 0.0000e+00
       1261 204.579954    0.08750     5.2500    315.000  1024.7687  50332.314    32.0069     11.980    6.52331     9.3573     9.3941    24.7138   11.77863 1.2153e+02     12.094 0.0000e+00
       1262 204.579957    0.08757     5.2542    315.250  1024.7720  50334.415    32.0059     12.293    6.52582     9.3396     9.3770    24.7157   11.78279 1.1566e+02     12.409 0.0000e+00
       1263 204.579959    0.08764     5.2583    315.500  1024.7786  50342.142    32.0087     12.615    6.52834     9.3232     9.3587    24.7208   11.78693 1.0986e+02     12.735 0.0000e+00
       1264 204.579962    0.08771     5.2625    315.750  1024.7860  50351.614    32.0127     12.940    6.53073     9.3074     9.3410    24.7267   11.79083 1.0401e+02     13.063 0.0000e+00
       1265 204.579965    0.08778     5.2667    316.000  1024.7917  50357.898    32.0147     13.260    6.53300     9.2907     9.3246    24.7309   11.79457 9.8255e+01     13.386 0.0000e+00
       1266 204.579968    0.08785     5.2708    316.250  1024.7941  50358.584    32.0129     13.572    6.53535     9.2716     9.3089    24.7319   11.79848 9.2855e+01     13.700 0.0000e+00
       1267 204.579971    0.08792     5.2750    316.500  1024.7946  50355.762    32.0084     13.873    6.53796     9.2501     9.2922    24.7310   11.80285 8.8035e+01     14.004 0.0000e+00
       1268 204.579974    0.08799     5.2792    316.750  1024.7955  50353.436    32.0039     14.163    6.54090     9.2264     9.2731    24.7305   11.80778 8.3848e+01     14.298 0.0000e+00
       1269 204.579977    0.08806     5.2833    317.000  1024.7970  50352.261    31.9999     14.445    6.54419     9.2001     9.2516    24.7308   11.81327 8.0149e+01     14.582 0.0000e+00
       1270 204.579980    0.08812     5.2875    317.250  1024.7973  50348.729    31.9940     14.718    6.54788     9.1689     9.2280    24.7298   11.81944 7.6753e+01     14.858 0.0000e+00
       1271 204.579983    0.08819     5.2917    317.500  1024.7936  50337.693    31.9823     14.985    6.55220     9.1294     9.2017    24.7248   11.82673 7.3547e+01     15.127 0.0000e+00
       1272 204.579986    0.08826     5.2958    317.750  1024.7835  50314.991    31.9618     15.245    6.55760     9.0772     9.1706    24.7135   11.83592 7.0483e+01     15.389 0.0000e+00
       1273 204.579988    0.08833     5.3000    318.000  1024.7673  50280.479    31.9316     15.498    6.56466     9.0098     9.1310    24.6961   11.84796 6.7564e+01     15.645 0.0000e+00
       1274 204.579991    0.08840     5.3042    318.250  1024.7485  50240.578    31.8959     15.744    6.57380     8.9276     9.0789    24.6762   11.86352 6.4812e+01     15.893 0.0000e+00
       1275 204.579994    0.08847     5.3083    318.500  1024.7342  50207.776    31.8629     15.984    6.58508     8.8357     9.0115    24.6608   11.88258 6.2238e+01     16.135 0.0000e+00
       1276 204.579997    0.08854     5.3125    318.750  1024.7329  50197.565    31.8437     16.216    6.59797     8.7429     8.9293    24.6583   11.90414 5.9858e+01     16.369 0.0000e+00
