CTD-processing/allCTD/CNV--homogene/2014_07-22_t3_s15_cast181.cnv
* Sea-Bird SBE19plus Data File:
* FileName = C:\Users\kris.holderied\Documents\kasitsna\Research-Projects-and-Data\Oceanography-AK\CTD-Data-ALL-to-2014-06\2014-CTD-KachemakBay-CookInlet\2014-07-EVOSTC-CookInlet-quarterly\2014-07-22-CookInlet-Tran3-AnchorPt\2014-07-22-CookInlet-Tran3-cast181.hex
* Software Version 1.59
* Temperature SN =  4141
* Conductivity SN =  4141
* System UpLoad Time = Jul 22 2014 17:34:31
** Cook Inlet LTM Transect 3 (Anchor Pt) East to West
** Date: 07-22
** Station: 3-15
** Start time: 08:31
** Depth (m): 18.4
** Comment:  CTD time is Alaska Daylight time. CTD descent time=34 sec. Problem with hydraulics, but fixed.
** Comment:
# nquan = 17
# nvalues = 565                         
# units = specified
# name 0 = scan: Scan Count
# name 1 = timeJ: Julian Days
# name 2 = timeH: Time, Elapsed [hours]
# name 3 = timeM: Time, Elapsed [minutes]
# name 4 = timeS: Time, Elapsed [seconds]
# name 5 = density00: Density [density, kg/m^3]
# name 6 = specc: Specific Conductance [uS/cm]
# name 7 = sal00: Salinity, Practical [PSU]
# name 8 = depSM: Depth [salt water, m], lat = 59.00
# name 9 = oxsolML/L: Oxygen Saturation, Garcia & Gordon [ml/l]
# name 10 = potemp090C: Potential Temperature [ITS-90, deg C]
# name 11 = tv290C: Temperature [ITS-90, deg C]
# name 12 = sigma-é00: Density [sigma-theta, kg/m^3]
# name 13 = n2satML/L: Nitrogen Saturation [ml/l]
# name 14 = par: PAR/Irradiance, Biospherical/Licor
# name 15 = prdM: Pressure, Strain Gauge [db]
# name 16 = flag:  0.000e+00
# span 0 =          1,        565       
# span 1 = 203.355035, 203.356667       
# span 2 =    0.00000,    0.03917       
# span 3 =     0.0000,     2.3500       
# span 4 =      0.000,    141.000       
# span 5 =   999.7715,  1023.9645       
# span 6 =    446.500,  48998.589       
# span 7 =     0.2122,    31.2504       
# span 8 =     -0.051,     19.539       
# span 9 =    6.33188,    7.70238       
# span 10 =    10.8894,    11.0325      
# span 11 =    10.8914,    11.0325      
# span 12 =    -0.2283,    23.8763      
# span 13 =   11.47098,   14.17255      
# span 14 = 2.2110e+00, 5.6819e+02      
# span 15 =     -0.052,     19.724      
# span 16 = 0.0000e+00, 0.0000e+00      
# interval = seconds: 0.25
# start_time = Jul 22 2014 08:31:15 [Instrument's time stamp, header]
# bad_flag = -9.990e-29
*END*
[from data line 86]
         87 203.355284    0.00597     0.3583     21.500  1023.8465  48927.773    31.2152      2.282    6.33591    10.9635    10.9643    23.8361   11.47765 1.4694e+02      2.304 0.0000e+00
         88 203.355286    0.00604     0.3625     21.750  1023.8467  48927.953    31.2153      2.287    6.33594    10.9633    10.9640    23.8362   11.47770 1.4906e+02      2.308 0.0000e+00
         89 203.355289    0.00611     0.3667     22.000  1023.8467  48928.040    31.2153      2.275    6.33597    10.9632    10.9638    23.8363   11.47774 1.5066e+02      2.296 0.0000e+00
         90 203.355292    0.00618     0.3708     22.250  1023.8466  48928.052    31.2153      2.246    6.33600    10.9631    10.9636    23.8363   11.47779 1.5151e+02      2.267 0.0000e+00
         91 203.355295    0.00625     0.3750     22.500  1023.8464  48928.049    31.2153      2.203    6.33602    10.9630    10.9634    23.8364   11.47782 1.5307e+02      2.224 0.0000e+00
         92 203.355298    0.00632     0.3792     22.750  1023.8462  48928.044    31.2154      2.149    6.33604    10.9630    10.9633    23.8364   11.47785 1.5630e+02      2.169 0.0000e+00
         93 203.355301    0.00639     0.3833     23.000  1023.8459  48928.012    31.2154      2.087    6.33604    10.9631    10.9633    23.8364   11.47786 1.5966e+02      2.107 0.0000e+00
         94 203.355304    0.00646     0.3875     23.250  1023.8456  48927.962    31.2153      2.023    6.33604    10.9631    10.9633    23.8364   11.47786 1.6230e+02      2.042 0.0000e+00
         95 203.355307    0.00653     0.3917     23.500  1023.8453  48927.923    31.2153      1.962    6.33603    10.9632    10.9633    23.8364   11.47785 1.6478e+02      1.981 0.0000e+00
         96 203.355310    0.00660     0.3958     23.750  1023.8451  48927.905    31.2154      1.914    6.33603    10.9632    10.9634    23.8364   11.47784 1.6706e+02      1.932 0.0000e+00
         97 203.355313    0.00667     0.4000     24.000  1023.8450  48927.926    31.2154      1.886    6.33602    10.9631    10.9634    23.8364   11.47783 1.6899e+02      1.903 0.0000e+00
         98 203.355315    0.00674     0.4042     24.250  1023.8451  48928.055    31.2155      1.885    6.33602    10.9629    10.9634    23.8365   11.47782 1.7034e+02      1.903 0.0000e+00
         99 203.355318    0.00681     0.4083     24.500  1023.8454  48928.350    31.2157      1.914    6.33602    10.9626    10.9633    23.8366   11.47782 1.7119e+02      1.931 0.0000e+00
        100 203.355321    0.00688     0.4125     24.750  1023.8458  48928.808    31.2160      1.966    6.33603    10.9624    10.9632    23.8369   11.47784 1.7171e+02      1.984 0.0000e+00
        101 203.355324    0.00694     0.4167     25.000  1023.8465  48929.394    31.2163      2.033    6.33605    10.9621    10.9629    23.8372   11.47787 1.7000e+02      2.052 0.0000e+00
        102 203.355327    0.00701     0.4208     25.250  1023.8472  48930.032    31.2167      2.105    6.33607    10.9619    10.9627    23.8376   11.47790 1.6517e+02      2.125 0.0000e+00
        103 203.355330    0.00708     0.4250     25.500  1023.8478  48930.671    31.2171      2.178    6.33609    10.9618    10.9624    23.8379   11.47792 1.5920e+02      2.199 0.0000e+00
        104 203.355333    0.00715     0.4292     25.750  1023.8485  48931.312    31.2175      2.248    6.33610    10.9617    10.9622    23.8383   11.47794 1.5431e+02      2.269 0.0000e+00
        105 203.355336    0.00722     0.4333     26.000  1023.8491  48931.955    31.2179      2.308    6.33611    10.9617    10.9620    23.8386   11.47795 1.5108e+02      2.330 0.0000e+00
        106 203.355339    0.00729     0.4375     26.250  1023.8497  48932.589    31.2183      2.355    6.33610    10.9620    10.9619    23.8390   11.47793 1.4821e+02      2.377 0.0000e+00
        107 203.355341    0.00736     0.4417     26.500  1023.8501  48933.112    31.2187      2.381    6.33608    10.9624    10.9620    23.8392   11.47789 1.4524e+02      2.403 0.0000e+00
        108 203.355344    0.00743     0.4458     26.750  1023.8502  48933.308    31.2189      2.383    6.33604    10.9631    10.9623    23.8393   11.47782 1.4352e+02      2.406 0.0000e+00
        109 203.355347    0.00750     0.4500     27.000  1023.8499  48933.033    31.2188      2.359    6.33598    10.9637    10.9627    23.8391   11.47773 1.4353e+02      2.382 0.0000e+00
        110 203.355350    0.00757     0.4542     27.250  1023.8492  48932.343    31.2184      2.309    6.33591    10.9642    10.9633    23.8387   11.47762 1.4460e+02      2.331 0.0000e+00
        111 203.355353    0.00764     0.4583     27.500  1023.8484  48931.420    31.2178      2.238    6.33585    10.9644    10.9640    23.8382   11.47752 1.4626e+02      2.260 0.0000e+00
        112 203.355356    0.00771     0.4625     27.750  1023.8475  48930.491    31.2173      2.154    6.33581    10.9642    10.9644    23.8376   11.47746 1.4856e+02      2.175 0.0000e+00
        113 203.355359    0.00778     0.4667     28.000  1023.8467  48929.737    31.2168      2.066    6.33580    10.9638    10.9646    23.8372   11.47745 1.5185e+02      2.085 0.0000e+00
        114 203.355362    0.00785     0.4708     28.250  1023.8460  48929.233    31.2165      1.980    6.33584    10.9632    10.9645    23.8370   11.47751 1.5575e+02      1.999 0.0000e+00
        115 203.355365    0.00792     0.4750     28.500  1023.8456  48928.990    31.2163      1.904    6.33591    10.9625    10.9640    23.8369   11.47763 1.5916e+02      1.922 0.0000e+00
        116 203.355367    0.00799     0.4792     28.750  1023.8454  48929.031    31.2162      1.846    6.33599    10.9619    10.9634    23.8370   11.47777 1.6135e+02      1.864 0.0000e+00
        117 203.355370    0.00806     0.4833     29.000  1023.8455  48929.392    31.2164      1.812    6.33608    10.9613    10.9627    23.8373   11.47791 1.6199e+02      1.829 0.0000e+00
        118 203.355373    0.00813     0.4875     29.250  1023.8459  48930.068    31.2168      1.804    6.33615    10.9610    10.9621    23.8377   11.47802 1.6065e+02      1.822 0.0000e+00
        119 203.355376    0.00819     0.4917     29.500  1023.8466  48930.992    31.2174      1.824    6.33619    10.9608    10.9615    23.8383   11.47809 1.5730e+02      1.842 0.0000e+00
        120 203.355379    0.00826     0.4958     29.750  1023.8474  48932.071    31.2181      1.869    6.33621    10.9608    10.9612    23.8389   11.47811 1.5328e+02      1.887 0.0000e+00
        121 203.355382    0.00833     0.5000     30.000  1023.8482  48933.156    31.2188      1.930    6.33620    10.9610    10.9610    23.8395   11.47809 1.5098e+02      1.949 0.0000e+00
        122 203.355385    0.00840     0.5042     30.250  1023.8491  48934.099    31.2195      2.000    6.33618    10.9613    10.9610    23.8400   11.47805 1.5006e+02      2.019 0.0000e+00
        123 203.355388    0.00847     0.5083     30.500  1023.8498  48934.773    31.2199      2.072    6.33614    10.9617    10.9612    23.8403   11.47798 1.4785e+02      2.091 0.0000e+00
        124 203.355391    0.00854     0.5125     30.750  1023.8502  48935.058    31.2201      2.142    6.33609    10.9622    10.9615    23.8404   11.47789 1.4416e+02      2.162 0.0000e+00
        125 203.355394    0.00861     0.5167     31.000  1023.8504  48934.994    31.2201      2.209    6.33603    10.9626    10.9620    23.8403   11.47779 1.4014e+02      2.230 0.0000e+00
        126 203.355396    0.00868     0.5208     31.250  1023.8505  48934.758    31.2199      2.273    6.33597    10.9630    10.9624    23.8401   11.47769 1.3462e+02      2.294 0.0000e+00
        127 203.355399    0.00875     0.5250     31.500  1023.8506  48934.524    31.2198      2.333    6.33591    10.9635    10.9629    23.8399   11.47760 1.2697e+02      2.355 0.0000e+00
        128 203.355402    0.00882     0.5292     31.750  1023.8507  48934.449    31.2198      2.390    6.33586    10.9640    10.9633    23.8398   11.47751 1.1992e+02      2.412 0.0000e+00
        129 203.355405    0.00889     0.5333     32.000  1023.8510  48934.597    31.2199      2.439    6.33579    10.9647    10.9638    23.8399   11.47740 1.1586e+02      2.462 0.0000e+00
        130 203.355408    0.00896     0.5375     32.250  1023.8512  48934.872    31.2202      2.474    6.33571    10.9657    10.9643    23.8400   11.47726 1.1468e+02      2.497 0.0000e+00
        131 203.355411    0.00903     0.5417     32.500  1023.8514  48935.230    31.2205      2.488    6.33560    10.9670    10.9650    23.8401   11.47707 1.1576e+02      2.511 0.0000e+00
        132 203.355414    0.00910     0.5458     32.750  1023.8516  48935.801    31.2210      2.472    6.33544    10.9685    10.9661    23.8403   11.47679 1.1918e+02      2.495 0.0000e+00
        133 203.355417    0.00917     0.5500     33.000  1023.8517  48936.673    31.2218      2.420    6.33523    10.9701    10.9673    23.8407   11.47644 1.2488e+02      2.443 0.0000e+00
        134 203.355420    0.00924     0.5542     33.250  1023.8516  48937.370    31.2225      2.329    6.33500    10.9717    10.9688    23.8410   11.47606 1.3218e+02      2.351 0.0000e+00
        135 203.355422    0.00931     0.5583     33.500  1023.8506  48936.780    31.2223      2.202    6.33479    10.9730    10.9704    23.8406   11.47571 1.4064e+02      2.222 0.0000e+00
        136 203.355425    0.00937     0.5625     33.750  1023.8485  48934.258    31.2207      2.053    6.33464    10.9737    10.9720    23.8391   11.47547 1.4919e+02      2.072 0.0000e+00
        137 203.355428    0.00944     0.5667     34.000  1023.8457  48930.514    31.2183      1.901    6.33456    10.9736    10.9733    23.8370   11.47537 1.5565e+02      1.919 0.0000e+00
        138 203.355431    0.00951     0.5708     34.250  1023.8431  48926.942    31.2159      1.768    6.33457    10.9725    10.9739    23.8350   11.47541 1.5963e+02      1.785 0.0000e+00
        139 203.355434    0.00958     0.5750     34.500  1023.8412  48924.266    31.2140      1.671    6.33467    10.9706    10.9737    23.8336   11.47560 1.6339e+02      1.687 0.0000e+00
        140 203.355437    0.00965     0.5792     34.750  1023.8401  48922.591    31.2127      1.620    6.33487    10.9684    10.9726    23.8328   11.47595 1.6658e+02      1.635 0.0000e+00
        141 203.355440    0.00972     0.5833     35.000  1023.8400  48922.068    31.2122      1.618    6.33514    10.9662    10.9708    23.8326   11.47641 1.6447e+02      1.633 0.0000e+00
        142 203.355443    0.00979     0.5875     35.250  1023.8407  48922.674    31.2123      1.659    6.33544    10.9643    10.9686    23.8331   11.47690 1.5573e+02      1.675 0.0000e+00
        143 203.355446    0.00986     0.5917     35.500  1023.8420  48924.064    31.2130      1.736    6.33571    10.9628    10.9664    23.8341   11.47735 1.4506e+02      1.753 0.0000e+00
        144 203.355448    0.00993     0.5958     35.750  1023.8435  48925.777    31.2140      1.838    6.33593    10.9619    10.9645    23.8352   11.47770 1.3721e+02      1.856 0.0000e+00
        145 203.355451    0.01000     0.6000     36.000  1023.8451  48927.442    31.2150      1.957    6.33608    10.9614    10.9631    23.8362   11.47795 1.3310e+02      1.976 0.0000e+00
        146 203.355454    0.01007     0.6042     36.250  1023.8465  48928.903    31.2159      2.082    6.33617    10.9613    10.9621    23.8370   11.47808 1.3121e+02      2.102 0.0000e+00
        147 203.355457    0.01014     0.6083     36.500  1023.8478  48930.239    31.2167      2.205    6.33620    10.9615    10.9617    23.8377   11.47812 1.2957e+02      2.226 0.0000e+00
        148 203.355460    0.01021     0.6125     36.750  1023.8490  48931.666    31.2177      2.314    6.33618    10.9620    10.9616    23.8385   11.47808 1.2672e+02      2.336 0.0000e+00
        149 203.355463    0.01028     0.6167     37.000  1023.8504  48933.461    31.2189      2.399    6.33611    10.9629    10.9618    23.8394   11.47793 1.2371e+02      2.422 0.0000e+00
        150 203.355466    0.01035     0.6208     37.250  1023.8517  48935.509    31.2204      2.454    6.33597    10.9644    10.9623    23.8405   11.47769 1.2270e+02      2.477 0.0000e+00
        151 203.355469    0.01042     0.6250     37.500  1023.8524  48936.860    31.2215      2.476    6.33580    10.9662    10.9632    23.8412   11.47740 1.2344e+02      2.499 0.0000e+00
        152 203.355472    0.01049     0.6292     37.750  1023.8522  48936.698    31.2215      2.464    6.33560    10.9682    10.9647    23.8410   11.47706 1.2457e+02      2.487 0.0000e+00
        153 203.355475    0.01056     0.6333     38.000  1023.8512  48935.594    31.2210      2.419    6.33537    10.9699    10.9665    23.8402   11.47668 1.2587e+02      2.442 0.0000e+00
        154 203.355477    0.01063     0.6375     38.250  1023.8502  48934.691    31.2206      2.348    6.33512    10.9715    10.9685    23.8396   11.47628 1.2802e+02      2.370 0.0000e+00
        155 203.355480    0.01069     0.6417     38.500  1023.8494  48934.091    31.2204      2.258    6.33489    10.9730    10.9702    23.8391   11.47590 1.3142e+02      2.280 0.0000e+00
        156 203.355483    0.01076     0.6458     38.750  1023.8483  48933.028    31.2199      2.162    6.33470    10.9741    10.9718    23.8384   11.47558 1.3482e+02      2.182 0.0000e+00
        157 203.355486    0.01083     0.6500     39.000  1023.8466  48930.949    31.2186      2.070    6.33455    10.9747    10.9733    23.8372   11.47536 1.3679e+02      2.090 0.0000e+00
        158 203.355489    0.01090     0.6542     39.250  1023.8446  48928.127    31.2168      1.993    6.33448    10.9745    10.9744    23.8355   11.47525 1.3809e+02      2.012 0.0000e+00
        159 203.355492    0.01097     0.6583     39.500  1023.8429  48925.511    31.2150      1.937    6.33447    10.9735    10.9749    23.8340   11.47526 1.3951e+02      1.956 0.0000e+00
        160 203.355495    0.01104     0.6625     39.750  1023.8419  48923.866    31.2138      1.906    6.33454    10.9717    10.9747    23.8332   11.47540 1.4046e+02      1.925 0.0000e+00
        161 203.355498    0.01111     0.6667     40.000  1023.8416  48923.293    31.2133      1.899    6.33471    10.9693    10.9737    23.8329   11.47567 1.4093e+02      1.918 0.0000e+00
        162 203.355501    0.01118     0.6708     40.250  1023.8421  48923.638    31.2133      1.914    6.33495    10.9668    10.9719    23.8333   11.47608 1.4094e+02      1.933 0.0000e+00
        163 203.355503    0.01125     0.6750     40.500  1023.8431  48924.857    31.2139      1.948    6.33525    10.9643    10.9695    23.8341   11.47656 1.3983e+02      1.966 0.0000e+00
        164 203.355506    0.01132     0.6792     40.750  1023.8446  48926.882    31.2151      1.993    6.33555    10.9622    10.9670    23.8355   11.47705 1.3793e+02      2.012 0.0000e+00
        165 203.355509    0.01139     0.6833     41.000  1023.8464  48929.491    31.2166      2.043    6.33582    10.9606    10.9646    23.8371   11.47748 1.3581e+02      2.062 0.0000e+00
        166 203.355512    0.01146     0.6875     41.250  1023.8484  48932.362    31.2184      2.094    6.33603    10.9596    10.9625    23.8388   11.47781 1.3292e+02      2.113 0.0000e+00
        167 203.355515    0.01153     0.6917     41.500  1023.8503  48935.254    31.2202      2.143    6.33617    10.9591    10.9609    23.8406   11.47802 1.2896e+02      2.163 0.0000e+00
        168 203.355518    0.01160     0.6958     41.750  1023.8521  48938.040    31.2220      2.190    6.33624    10.9590    10.9599    23.8422   11.47811 1.2535e+02      2.210 0.0000e+00
        169 203.355521    0.01167     0.7000     42.000  1023.8538  48940.652    31.2238      2.234    6.33624    10.9594    10.9593    23.8437   11.47809 1.2336e+02      2.254 0.0000e+00
        170 203.355524    0.01174     0.7042     42.250  1023.8553  48943.009    31.2254      2.273    6.33618    10.9606    10.9593    23.8449   11.47798 1.2225e+02      2.294 0.0000e+00
