CTD-processing/allCTD/CNV--homogene/2014_04-11_t4_s04_cast023.cnv
* Sea-Bird SBE19plus Data File:
* FileName = C:\Users\kris.holderied\Documents\kasitsna\Research-Projects-and-Data\Oceanography-AK\CTD-Data-ALL-to-2014-03\2014-CTD-KachemakBay-CookInlet\2014-04-EVOSTC-CookInlet-Ocean\2014-04-11-CookInlet-Tran4-Barabara\2014-04-11-CookInlet-Tran4-Barabara-cast023.hex
* Software Version 1.59
* Temperature SN =  5028
* Conductivity SN =  5028
* System UpLoad Time = May 27 2014 23:09:34
** Cook Inlet LTM Transect 4  (Barabara) North to South
** Date: 2014-04-11
** Station: 4-04
** Start time: 17:36
** Depth (m): 85
** Comment:  CTD time is Alaska Daylight time
** Comment:
# nquan = 17
# nvalues = 661                         
# units = specified
# name 0 = scan: Scan Count
# name 1 = timeJ: Julian Days
# name 2 = timeH: Time, Elapsed [hours]
# name 3 = timeM: Time, Elapsed [minutes]
# name 4 = timeS: Time, Elapsed [seconds]
# name 5 = density00: Density [density, kg/m^3]
# name 6 = specc: Specific Conductance [uS/cm]
# name 7 = sal00: Salinity, Practical [PSU]
# name 8 = depSM: Depth [salt water, m], lat = 59.00
# name 9 = oxsolML/L: Oxygen Saturation, Garcia & Gordon [ml/l]
# name 10 = potemp090C: Potential Temperature [ITS-90, deg C]
# name 11 = tv290C: Temperature [ITS-90, deg C]
# name 12 = sigma-é00: Density [sigma-theta, kg/m^3]
# name 13 = n2satML/L: Nitrogen Saturation [ml/l]
# name 14 = par: PAR/Irradiance, Biospherical/Licor
# name 15 = prdM: Pressure, Strain Gauge [db]
# name 16 = flag:  0.000e+00
# span 0 =          1,        661       
# span 1 = 101.733484, 101.735394       
# span 2 =    0.00000,    0.04583       
# span 3 =     0.0000,     2.7500       
# span 4 =      0.000,    165.000       
# span 5 =  1000.2175,  1025.7489       
# span 6 =    659.075,  51627.227       
# span 7 =     0.3098,    32.0290       
# span 8 =      0.053,     84.219       
# span 9 =    7.22292,    8.94123       
# span 10 =     4.4745,     4.9772      
# span 11 =     4.4764,     4.9772      
# span 12 =     0.2172,    25.3538      
# span 13 =   12.93568,   16.25879      
# span 14 = 3.7912e-02, 7.7275e+02      
# span 15 =      0.054,     85.031      
# span 16 = 0.0000e+00, 0.0000e+00      
# interval = seconds: 0.25
# start_time = Apr 11 2014 17:36:13 [Instrument's time stamp, header]
# bad_flag = -9.990e-29
*END*
[from data line 341]
        342 101.734470    0.02368     1.4208     85.250  1025.3903  51471.120    31.9114     23.749    7.30531     4.5058     4.5169    25.2786   13.07225 6.7230e+00     23.974 0.0000e+00
        343 101.734473    0.02375     1.4250     85.500  1025.3927  51474.444    31.9125     23.971    7.30611     4.5019     4.5120    25.2799   13.07357 6.5246e+00     24.198 0.0000e+00
        344 101.734476    0.02382     1.4292     85.750  1025.3951  51477.901    31.9137     24.184    7.30684     4.4985     4.5075    25.2814   13.07475 6.3369e+00     24.413 0.0000e+00
        345 101.734479    0.02389     1.4333     86.000  1025.3978  51481.636    31.9153     24.390    7.30746     4.4958     4.5036    25.2830   13.07576 6.1580e+00     24.621 0.0000e+00
        346 101.734482    0.02396     1.4375     86.250  1025.4005  51485.519    31.9171     24.591    7.30797     4.4937     4.5002    25.2848   13.07658 5.9857e+00     24.824 0.0000e+00
        347 101.734485    0.02403     1.4417     86.500  1025.4030  51489.047    31.9188     24.789    7.30836     4.4922     4.4975    25.2864   13.07720 5.8170e+00     25.025 0.0000e+00
        348 101.734488    0.02410     1.4458     86.750  1025.4053  51491.942    31.9202     24.989    7.30865     4.4911     4.4955    25.2877   13.07766 5.6497e+00     25.226 0.0000e+00
        349 101.734491    0.02417     1.4500     87.000  1025.4072  51494.056    31.9212     25.193    7.30886     4.4900     4.4940    25.2887   13.07799 5.4835e+00     25.432 0.0000e+00
        350 101.734494    0.02424     1.4542     87.250  1025.4086  51495.146    31.9216     25.403    7.30904     4.4887     4.4928    25.2891   13.07828 5.3188e+00     25.644 0.0000e+00
        351 101.734497    0.02431     1.4583     87.500  1025.4094  51495.010    31.9211     25.618    7.30925     4.4868     4.4918    25.2888   13.07863 5.1568e+00     25.862 0.0000e+00
        352 101.734499    0.02438     1.4625     87.750  1025.4096  51493.842    31.9199     25.838    7.30954     4.4843     4.4905    25.2880   13.07913 4.9999e+00     26.083 0.0000e+00
        353 101.734502    0.02444     1.4667     88.000  1025.4098  51492.858    31.9187     26.058    7.30993     4.4817     4.4886    25.2872   13.07979 4.8511e+00     26.305 0.0000e+00
        354 101.734505    0.02451     1.4708     88.250  1025.4110  51493.604    31.9185     26.275    7.31038     4.4794     4.4861    25.2874   13.08053 4.7119e+00     26.524 0.0000e+00
        355 101.734508    0.02458     1.4750     88.500  1025.4128  51495.734    31.9193     26.486    7.31080     4.4776     4.4835    25.2883   13.08122 4.5823e+00     26.738 0.0000e+00
        356 101.734511    0.02465     1.4792     88.750  1025.4147  51497.871    31.9201     26.690    7.31116     4.4762     4.4812    25.2892   13.08180 4.4616e+00     26.944 0.0000e+00
        357 101.734514    0.02472     1.4833     89.000  1025.4164  51499.727    31.9208     26.886    7.31144     4.4753     4.4794    25.2899   13.08225 4.3488e+00     27.142 0.0000e+00
        358 101.734517    0.02479     1.4875     89.250  1025.4181  51501.442    31.9216     27.074    7.31164     4.4747     4.4781    25.2907   13.08258 4.2421e+00     27.331 0.0000e+00
        359 101.734520    0.02486     1.4917     89.500  1025.4196  51502.971    31.9223     27.257    7.31177     4.4745     4.4771    25.2914   13.08279 4.1397e+00     27.515 0.0000e+00
        360 101.734523    0.02493     1.4958     89.750  1025.4211  51504.372    31.9231     27.437    7.31184     4.4746     4.4766    25.2920   13.08288 4.0395e+00     27.697 0.0000e+00
        361 101.734525    0.02500     1.5000     90.000  1025.4226  51505.775    31.9239     27.619    7.31183     4.4752     4.4764    25.2927   13.08286 3.9396e+00     27.881 0.0000e+00
        362 101.734528    0.02507     1.5042     90.250  1025.4242  51507.247    31.9248     27.806    7.31175     4.4762     4.4765    25.2934   13.08272 3.8376e+00     28.070 0.0000e+00
        363 101.734531    0.02514     1.5083     90.500  1025.4259  51508.751    31.9259     28.002    7.31160     4.4775     4.4771    25.2942   13.08245 3.7331e+00     28.268 0.0000e+00
        364 101.734534    0.02521     1.5125     90.750  1025.4275  51509.901    31.9268     28.207    7.31138     4.4789     4.4781    25.2948   13.08208 3.6277e+00     28.475 0.0000e+00
        365 101.734537    0.02528     1.5167     91.000  1025.4286  51510.137    31.9272     28.418    7.31113     4.4802     4.4794    25.2950   13.08167 3.5238e+00     28.688 0.0000e+00
        366 101.734540    0.02535     1.5208     91.250  1025.4294  51509.595    31.9270     28.632    7.31089     4.4812     4.4809    25.2947   13.08126 3.4231e+00     28.904 0.0000e+00
        367 101.734543    0.02542     1.5250     91.500  1025.4300  51508.824    31.9267     28.846    7.31068     4.4820     4.4822    25.2943   13.08092 3.3272e+00     29.121 0.0000e+00
        368 101.734546    0.02549     1.5292     91.750  1025.4306  51508.102    31.9263     29.055    7.31051     4.4826     4.4832    25.2939   13.08064 3.2376e+00     29.332 0.0000e+00
        369 101.734549    0.02556     1.5333     92.000  1025.4312  51507.514    31.9260     29.256    7.31038     4.4829     4.4840    25.2936   13.08044 3.1551e+00     29.534 0.0000e+00
        370 101.734552    0.02562     1.5375     92.250  1025.4319  51507.113    31.9258     29.446    7.31030     4.4832     4.4845    25.2934   13.08030 3.0785e+00     29.727 0.0000e+00
        371 101.734554    0.02569     1.5417     92.500  1025.4326  51507.059    31.9257     29.627    7.31023     4.4835     4.4849    25.2933   13.08019 3.0066e+00     29.910 0.0000e+00
        372 101.734557    0.02576     1.5458     92.750  1025.4335  51507.334    31.9259     29.801    7.31017     4.4838     4.4852    25.2934   13.08009 2.9385e+00     30.085 0.0000e+00
        373 101.734560    0.02583     1.5500     93.000  1025.4345  51507.692    31.9261     29.969    7.31010     4.4842     4.4855    25.2936   13.07998 2.8728e+00     30.254 0.0000e+00
        374 101.734563    0.02590     1.5542     93.250  1025.4354  51508.022    31.9264     30.136    7.31003     4.4847     4.4859    25.2937   13.07986 2.8074e+00     30.423 0.0000e+00
        375 101.734566    0.02597     1.5583     93.500  1025.4364  51508.366    31.9266     30.307    7.30994     4.4852     4.4863    25.2939   13.07971 2.7411e+00     30.595 0.0000e+00
        376 101.734569    0.02604     1.5625     93.750  1025.4374  51508.730    31.9269     30.484    7.30984     4.4857     4.4868    25.2940   13.07954 2.6737e+00     30.774 0.0000e+00
        377 101.734572    0.02611     1.5667     94.000  1025.4383  51508.964    31.9271     30.667    7.30974     4.4862     4.4873    25.2941   13.07937 2.6054e+00     30.959 0.0000e+00
        378 101.734575    0.02618     1.5708     94.250  1025.4391  51508.847    31.9270     30.856    7.30965     4.4864     4.4879    25.2940   13.07921 2.5370e+00     31.149 0.0000e+00
        379 101.734578    0.02625     1.5750     94.500  1025.4397  51508.323    31.9267     31.048    7.30959     4.4863     4.4883    25.2937   13.07912 2.4699e+00     31.343 0.0000e+00
        380 101.734580    0.02632     1.5792     94.750  1025.4402  51507.725    31.9262     31.240    7.30958     4.4860     4.4885    25.2933   13.07911 2.4050e+00     31.538 0.0000e+00
        381 101.734583    0.02639     1.5833     95.000  1025.4408  51507.350    31.9259     31.431    7.30961     4.4855     4.4885    25.2930   13.07916 2.3434e+00     31.731 0.0000e+00
        382 101.734586    0.02646     1.5875     95.250  1025.4414  51506.919    31.9254     31.617    7.30968     4.4847     4.4882    25.2927   13.07928 2.2860e+00     31.918 0.0000e+00
        383 101.734589    0.02653     1.5917     95.500  1025.4417  51506.049    31.9246     31.795    7.30980     4.4835     4.4877    25.2921   13.07949 2.2326e+00     32.098 0.0000e+00
        384 101.734592    0.02660     1.5958     95.750  1025.4418  51505.010    31.9236     31.967    7.30999     4.4821     4.4869    25.2914   13.07981 2.1829e+00     32.271 0.0000e+00
        385 101.734595    0.02667     1.6000     96.000  1025.4422  51504.689    31.9230     32.131    7.31022     4.4806     4.4857    25.2911   13.08021 2.1364e+00     32.437 0.0000e+00
        386 101.734598    0.02674     1.6042     96.250  1025.4431  51505.409    31.9231     32.290    7.31047     4.4794     4.4843    25.2913   13.08063 2.0919e+00     32.598 0.0000e+00
        387 101.734601    0.02681     1.6083     96.500  1025.4444  51506.700    31.9236     32.446    7.31070     4.4785     4.4829    25.2918   13.08100 2.0486e+00     32.755 0.0000e+00
        388 101.734604    0.02688     1.6125     96.750  1025.4458  51508.223    31.9243     32.602    7.31088     4.4781     4.4816    25.2925   13.08129 2.0057e+00     32.912 0.0000e+00
        389 101.734606    0.02694     1.6167     97.000  1025.4474  51509.960    31.9252     32.761    7.31099     4.4781     4.4807    25.2933   13.08146 1.9627e+00     33.072 0.0000e+00
        390 101.734609    0.02701     1.6208     97.250  1025.4492  51512.036    31.9264     32.923    7.31101     4.4787     4.4803    25.2943   13.08148 1.9199e+00     33.236 0.0000e+00
        391 101.734612    0.02708     1.6250     97.500  1025.4510  51514.025    31.9277     33.087    7.31093     4.4795     4.4804    25.2953   13.08133 1.8777e+00     33.402 0.0000e+00
        392 101.734615    0.02715     1.6292     97.750  1025.4522  51514.894    31.9284     33.253    7.31080     4.4802     4.4810    25.2958   13.08109 1.8361e+00     33.569 0.0000e+00
        393 101.734618    0.02722     1.6333     98.000  1025.4527  51514.453    31.9282     33.421    7.31066     4.4805     4.4818    25.2955   13.08087 1.7952e+00     33.739 0.0000e+00
        394 101.734621    0.02729     1.6375     98.250  1025.4530  51513.464    31.9276     33.590    7.31057     4.4805     4.4825    25.2950   13.08073 1.7551e+00     33.910 0.0000e+00
        395 101.734624    0.02736     1.6417     98.500  1025.4532  51512.546    31.9269     33.761    7.31054     4.4802     4.4829    25.2944   13.08069 1.7166e+00     34.082 0.0000e+00
        396 101.734627    0.02743     1.6458     98.750  1025.4536  51511.908    31.9264     33.932    7.31057     4.4797     4.4829    25.2940   13.08073 1.6796e+00     34.254 0.0000e+00
        397 101.734630    0.02750     1.6500     99.000  1025.4541  51511.541    31.9260     34.102    7.31063     4.4791     4.4826    25.2937   13.08085 1.6437e+00     34.426 0.0000e+00
        398 101.734633    0.02757     1.6542     99.250  1025.4547  51511.358    31.9257     34.272    7.31073     4.4782     4.4821    25.2935   13.08102 1.6087e+00     34.598 0.0000e+00
        399 101.734635    0.02764     1.6583     99.500  1025.4554  51511.310    31.9254     34.441    7.31086     4.4773     4.4814    25.2934   13.08124 1.5749e+00     34.769 0.0000e+00
        400 101.734638    0.02771     1.6625     99.750  1025.4562  51511.597    31.9253     34.608    7.31101     4.4764     4.4806    25.2934   13.08149 1.5424e+00     34.937 0.0000e+00
        401 101.734641    0.02778     1.6667    100.000  1025.4573  51512.449    31.9256     34.771    7.31116     4.4757     4.4796    25.2937   13.08174 1.5110e+00     35.102 0.0000e+00
        402 101.734644    0.02785     1.6708    100.250  1025.4586  51513.699    31.9262     34.932    7.31129     4.4753     4.4788    25.2943   13.08193 1.4803e+00     35.265 0.0000e+00
        403 101.734647    0.02792     1.6750    100.500  1025.4600  51515.054    31.9269     35.093    7.31137     4.4752     4.4781    25.2949   13.08206 1.4499e+00     35.427 0.0000e+00
        404 101.734650    0.02799     1.6792    100.750  1025.4614  51516.391    31.9276     35.256    7.31140     4.4753     4.4777    25.2955   13.08210 1.4195e+00     35.592 0.0000e+00
        405 101.734653    0.02806     1.6833    101.000  1025.4628  51517.642    31.9283     35.423    7.31139     4.4756     4.4776    25.2961   13.08207 1.3889e+00     35.761 0.0000e+00
        406 101.734656    0.02813     1.6875    101.250  1025.4641  51518.783    31.9291     35.595    7.31133     4.4762     4.4778    25.2967   13.08197 1.3579e+00     35.934 0.0000e+00
        407 101.734659    0.02819     1.6917    101.500  1025.4655  51519.864    31.9298     35.772    7.31124     4.4769     4.4781    25.2972   13.08180 1.3267e+00     36.113 0.0000e+00
        408 101.734661    0.02826     1.6958    101.750  1025.4670  51520.948    31.9306     35.955    7.31110     4.4777     4.4787    25.2978   13.08157 1.2952e+00     36.297 0.0000e+00
        409 101.734664    0.02833     1.7000    102.000  1025.4684  51521.977    31.9314     36.142    7.31093     4.4785     4.4794    25.2983   13.08128 1.2640e+00     36.486 0.0000e+00
        410 101.734667    0.02840     1.7042    102.250  1025.4697  51522.692    31.9319     36.330    7.31076     4.4792     4.4802    25.2987   13.08098 1.2336e+00     36.676 0.0000e+00
        411 101.734670    0.02847     1.7083    102.500  1025.4706  51522.828    31.9321     36.516    7.31060     4.4795     4.4810    25.2988   13.08073 1.2045e+00     36.864 0.0000e+00
        412 101.734673    0.02854     1.7125    102.750  1025.4713  51522.651    31.9321     36.699    7.31049     4.4796     4.4816    25.2987   13.08055 1.1769e+00     37.048 0.0000e+00
        413 101.734676    0.02861     1.7167    103.000  1025.4722  51522.819    31.9322     36.876    7.31043     4.4796     4.4820    25.2987   13.08044 1.1508e+00     37.227 0.0000e+00
        414 101.734679    0.02868     1.7208    103.250  1025.4733  51523.503    31.9326     37.048    7.31039     4.4798     4.4821    25.2990   13.08037 1.1260e+00     37.401 0.0000e+00
        415 101.734682    0.02875     1.7250    103.500  1025.4745  51524.390    31.9331     37.215    7.31035     4.4800     4.4821    25.2995   13.08030 1.1022e+00     37.570 0.0000e+00
        416 101.734685    0.02882     1.7292    103.750  1025.4757  51525.312    31.9337     37.379    7.31030     4.4804     4.4823    25.2999   13.08021 1.0792e+00     37.736 0.0000e+00
        417 101.734688    0.02889     1.7333    104.000  1025.4770  51526.346    31.9344     37.542    7.31023     4.4810     4.4825    25.3004   13.08007 1.0567e+00     37.901 0.0000e+00
        418 101.734690    0.02896     1.7375    104.250  1025.4784  51527.599    31.9353     37.706    7.31011     4.4819     4.4829    25.3011   13.07987 1.0345e+00     38.065 0.0000e+00
        419 101.734693    0.02903     1.7417    104.500  1025.4799  51528.966    31.9363     37.870    7.30995     4.4832     4.4836    25.3018   13.07959 1.0126e+00     38.231 0.0000e+00
        420 101.734696    0.02910     1.7458    104.750  1025.4815  51530.295    31.9373     38.037    7.30973     4.4848     4.4845    25.3026   13.07922 9.9100e-01     38.400 0.0000e+00
        421 101.734699    0.02917     1.7500    105.000  1025.4830  51531.597    31.9384     38.208    7.30946     4.4867     4.4858    25.3033   13.07875 9.6960e-01     38.572 0.0000e+00
        422 101.734702    0.02924     1.7542    105.250  1025.4846  51532.916    31.9396     38.382    7.30912     4.4891     4.4874    25.3041   13.07818 9.4852e-01     38.747 0.0000e+00
        423 101.734705    0.02931     1.7583    105.500  1025.4862  51534.240    31.9409     38.558    7.30871     4.4918     4.4894    25.3049   13.07748 9.2790e-01     38.925 0.0000e+00
        424 101.734708    0.02937     1.7625    105.750  1025.4877  51535.296    31.9420     38.734    7.30823     4.4947     4.4917    25.3056   13.07667 9.0804e-01     39.103 0.0000e+00
        425 101.734711    0.02944     1.7667    106.000  1025.4891  51535.982    31.9430     38.910    7.30771     4.4978     4.4944    25.3061   13.07580 8.8907e-01     39.280 0.0000e+00
