CTD-processing/allCTD/CNV--homogene/2014_06-18_t9_s01_cast145.cnv
* Sea-Bird SBE19plus Data File:
* FileName = C:\Users\kris.holderied\Documents\kasitsna\Research-Projects-and-Data\Oceanography-AK\CTD-Data-ALL-to-2014-03\2014-CTD-KachemakBay-CookInlet\2014-06-18-CookInlet-HomerSpit-monthly\2014-06-18-CookInlet-T9-HomerSpit-cast145.hex
* Software Version 1.59
* Temperature SN =  4141
* Conductivity SN =  4141
* System UpLoad Time = Jul 20 2014 19:53:08
** Cook Inlet LTM Transect 9  (Homer Spit) South to North
** Date: 2014-06-18
** Station: 9-01
** Start time: 16:50
** Depth (m): 65.8
** Comment:  CTD time is Alaska Daylight time
** Comment:
# nquan = 17
# nvalues = 761                         
# units = specified
# name 0 = scan: Scan Count
# name 1 = timeJ: Julian Days
# name 2 = timeH: Time, Elapsed [hours]
# name 3 = timeM: Time, Elapsed [minutes]
# name 4 = timeS: Time, Elapsed [seconds]
# name 5 = density00: Density [density, kg/m^3]
# name 6 = specc: Specific Conductance [uS/cm]
# name 7 = sal00: Salinity, Practical [PSU]
# name 8 = depSM: Depth [salt water, m], lat = 59.00
# name 9 = oxsolML/L: Oxygen Saturation, Garcia & Gordon [ml/l]
# name 10 = potemp090C: Potential Temperature [ITS-90, deg C]
# name 11 = tv290C: Temperature [ITS-90, deg C]
# name 12 = sigma-é00: Density [sigma-theta, kg/m^3]
# name 13 = n2satML/L: Nitrogen Saturation [ml/l]
# name 14 = par: PAR/Irradiance, Biospherical/Licor
# name 15 = prdM: Pressure, Strain Gauge [db]
# name 16 = flag:  0.000e+00
# span 0 =          1,        761       
# span 1 = 169.702315, 169.704514       
# span 2 =    0.00000,    0.05278       
# span 3 =     0.0000,     3.1667       
# span 4 =      0.000,    190.000       
# span 5 =  1000.5262,  1025.2090       
# span 6 =   2692.632,  50652.797       
# span 7 =     1.6511,    31.7732       
# span 8 =     -0.065,     62.245       
# span 9 =    6.61658,    7.14469       
# span 10 =     6.6727,    13.6240      
# span 11 =     6.6780,    13.9648      
# span 12 =     0.5265,    24.9199      
# span 13 =   11.96087,   13.20907      
# span 14 = 6.5872e-02, 7.2348e+00      
# span 15 =     -0.066,     62.842      
# span 16 = 0.0000e+00, 0.0000e+00      
# interval = seconds: 0.25
# start_time = Jun 18 2014 16:51:20 [Instrument's time stamp, header]
# bad_flag = -9.990e-29
*END*
[from data line 171]
        172 169.702810    0.01188     0.7125     42.750  1019.6387  41092.985    25.6736      0.720    6.65922    10.2927    10.3004    19.6354   12.08124 3.3064e+00      0.726 0.0000e+00
        173 169.702812    0.01194     0.7167     43.000  1019.6428  41100.237    25.6784      0.724    6.65935    10.2843    10.2981    19.6395   12.08139 3.2961e+00      0.731 0.0000e+00
        174 169.702815    0.01201     0.7208     43.250  1019.6486  41110.362    25.6848      0.725    6.65987    10.2740    10.2928    19.6453   12.08217 3.2929e+00      0.732 0.0000e+00
        175 169.702818    0.01208     0.7250     43.500  1019.6561  41123.106    25.6928      0.722    6.66076    10.2629    10.2844    19.6528   12.08355 3.2994e+00      0.729 0.0000e+00
        176 169.702821    0.01215     0.7292     43.750  1019.6643  41137.036    25.7014      0.716    6.66191    10.2501    10.2741    19.6610   12.08536 3.3115e+00      0.723 0.0000e+00
        177 169.702824    0.01222     0.7333     44.000  1019.6728  41151.361    25.7102      0.707    6.66317    10.2334    10.2630    19.6696   12.08735 3.3130e+00      0.714 0.0000e+00
        178 169.702827    0.01229     0.7375     44.250  1019.6826  41167.856    25.7203      0.700    6.66463    10.2104    10.2502    19.6794   12.08964 3.3035e+00      0.707 0.0000e+00
        179 169.702830    0.01236     0.7417     44.500  1019.6950  41188.592    25.7329      0.696    6.66655    10.1780    10.2335    19.6918   12.09268 3.2927e+00      0.703 0.0000e+00
        180 169.702833    0.01243     0.7458     44.750  1019.7109  41214.999    25.7489      0.696    6.66927    10.1331    10.2105    19.7077   12.09700 3.2814e+00      0.703 0.0000e+00
        181 169.702836    0.01250     0.7500     45.000  1019.7321  41250.058    25.7698      0.699    6.67315    10.0760    10.1781    19.7289   12.10320 3.2688e+00      0.705 0.0000e+00
        182 169.702839    0.01257     0.7542     45.250  1019.7612  41298.031    25.7984      0.703    6.67858    10.0129    10.1332    19.7580   12.11186 3.2532e+00      0.710 0.0000e+00
        183 169.702841    0.01264     0.7583     45.500  1019.7987  41359.886    25.8353      0.709    6.68545     9.9534    10.0760    19.7954   12.12284 3.2361e+00      0.716 0.0000e+00
        184 169.702844    0.01271     0.7625     45.750  1019.8411  41430.346    25.8775      0.716    6.69299     9.9056    10.0130    19.8378   12.13485 3.2217e+00      0.723 0.0000e+00
        185 169.702847    0.01278     0.7667     46.000  1019.8830  41500.425    25.9198      0.722    6.70001     9.8728     9.9535    19.8797   12.14598 3.2102e+00      0.729 0.0000e+00
        186 169.702850    0.01285     0.7708     46.250  1019.9190  41561.042    25.9567      0.727    6.70552     9.8522     9.9057    19.9156   12.15469 3.2013e+00      0.734 0.0000e+00
        187 169.702853    0.01292     0.7750     46.500  1019.9457  41606.381    25.9846      0.730    6.70921     9.8382     9.8729    19.9423   12.16047 3.1940e+00      0.737 0.0000e+00
        188 169.702856    0.01299     0.7792     46.750  1019.9637  41637.139    26.0036      0.733    6.71145     9.8268     9.8522    19.9603   12.16397 3.1875e+00      0.740 0.0000e+00
        189 169.702859    0.01306     0.7833     47.000  1019.9763  41658.794    26.0171      0.734    6.71295     9.8161     9.8383    19.9729   12.16629 3.1853e+00      0.741 0.0000e+00
        190 169.702862    0.01313     0.7875     47.250  1019.9864  41676.183    26.0279      0.735    6.71419     9.8053     9.8268    19.9830   12.16821 3.1913e+00      0.742 0.0000e+00
        191 169.702865    0.01319     0.7917     47.500  1019.9953  41691.367    26.0373      0.733    6.71538     9.7942     9.8161    19.9919   12.17008 3.2052e+00      0.740 0.0000e+00
        192 169.702867    0.01326     0.7958     47.750  1020.0033  41704.980    26.0456      0.729    6.71663     9.7831     9.8054    20.0000   12.17205 3.2170e+00      0.736 0.0000e+00
        193 169.702870    0.01333     0.8000     48.000  1020.0105  41717.062    26.0528      0.726    6.71797     9.7722     9.7943    20.0072   12.17419 3.2203e+00      0.733 0.0000e+00
        194 169.702873    0.01340     0.8042     48.250  1020.0163  41726.406    26.0581      0.725    6.71940     9.7604     9.7832    20.0130   12.17650 3.2177e+00      0.732 0.0000e+00
        195 169.702876    0.01347     0.8083     48.500  1020.0203  41732.334    26.0610      0.728    6.72091     9.7466     9.7723    20.0169   12.17897 3.2110e+00      0.735 0.0000e+00
        196 169.702879    0.01354     0.8125     48.750  1020.0242  41738.149    26.0638      0.733    6.72255     9.7317     9.7605    20.0208   12.18166 3.2054e+00      0.740 0.0000e+00
        197 169.702882    0.01361     0.8167     49.000  1020.0309  41748.921    26.0697      0.739    6.72437     9.7187     9.7467    20.0275   12.18460 3.2047e+00      0.746 0.0000e+00
        198 169.702885    0.01368     0.8208     49.250  1020.0408  41765.530    26.0796      0.742    6.72617     9.7096     9.7318    20.0374   12.18747 3.2036e+00      0.749 0.0000e+00
        199 169.702888    0.01375     0.8250     49.500  1020.0513  41783.396    26.0905      0.744    6.72764     9.7034     9.7188    20.0479   12.18978 3.1997e+00      0.751 0.0000e+00
        200 169.702891    0.01382     0.8292     49.750  1020.0591  41796.714    26.0988      0.743    6.72865     9.6975     9.7097    20.0556   12.19136 3.1941e+00      0.750 0.0000e+00
        201 169.702894    0.01389     0.8333     50.000  1020.0627  41802.693    26.1022      0.741    6.72943     9.6896     9.7035    20.0592   12.19261 3.1845e+00      0.748 0.0000e+00
        202 169.702896    0.01396     0.8375     50.250  1020.0624  41801.450    26.1008      0.742    6.73038     9.6778     9.6975    20.0590   12.19421 3.1731e+00      0.749 0.0000e+00
        203 169.702899    0.01403     0.8417     50.500  1020.0588  41793.729    26.0946      0.745    6.73184     9.6608     9.6896    20.0554   12.19671 3.1649e+00      0.753 0.0000e+00
        204 169.702902    0.01410     0.8458     50.750  1020.0540  41783.237    26.0862      0.753    6.73396     9.6392     9.6779    20.0505   12.20034 3.1606e+00      0.760 0.0000e+00
        205 169.702905    0.01417     0.8500     51.000  1020.0534  41780.042    26.0822      0.762    6.73669     9.6172     9.6608    20.0499   12.20493 3.1618e+00      0.769 0.0000e+00
        206 169.702908    0.01424     0.8542     51.250  1020.0623  41793.984    26.0895      0.769    6.73962     9.5986     9.6393    20.0588   12.20970 3.1680e+00      0.776 0.0000e+00
        207 169.702911    0.01431     0.8583     51.500  1020.0796  41823.518    26.1075      0.773    6.74216     9.5845     9.6172    20.0761   12.21369 3.1742e+00      0.780 0.0000e+00
        208 169.702914    0.01438     0.8625     51.750  1020.0981  41855.651    26.1276      0.772    6.74407     9.5746     9.5987    20.0945   12.21663 3.1796e+00      0.780 0.0000e+00
        209 169.702917    0.01444     0.8667     52.000  1020.1106  41877.250    26.1410      0.769    6.74562     9.5687     9.5846    20.1070   12.21902 3.1840e+00      0.777 0.0000e+00
        210 169.702920    0.01451     0.8708     52.250  1020.1136  41881.739    26.1430      0.768    6.74701     9.5637     9.5747    20.1100   12.22131 3.1821e+00      0.775 0.0000e+00
        211 169.702922    0.01458     0.8750     52.500  1020.1070  41868.701    26.1334      0.770    6.74833     9.5559     9.5688    20.1034   12.22362 3.1728e+00      0.778 0.0000e+00
        212 169.702925    0.01465     0.8792     52.750  1020.0949  41845.400    26.1169      0.777    6.74979     9.5433     9.5638    20.0912   12.22626 3.1620e+00      0.785 0.0000e+00
        213 169.702928    0.01472     0.8833     53.000  1020.0843  41824.617    26.1018      0.788    6.75163     9.5271     9.5560    20.0806   12.22951 3.1524e+00      0.795 0.0000e+00
        214 169.702931    0.01479     0.8875     53.250  1020.0811  41817.079    26.0952      0.799    6.75381     9.5108     9.5434    20.0773   12.23321 3.1441e+00      0.807 0.0000e+00
        215 169.702934    0.01486     0.8917     53.500  1020.0873  41826.747    26.1001      0.808    6.75605     9.4989     9.5272    20.0836   12.23686 3.1412e+00      0.816 0.0000e+00
        216 169.702937    0.01493     0.8958     53.750  1020.1012  41850.643    26.1148      0.813    6.75786     9.4931     9.5109    20.0974   12.23970 3.1478e+00      0.820 0.0000e+00
        217 169.702940    0.01500     0.9000     54.000  1020.1173  41879.290    26.1332      0.811    6.75887     9.4922     9.4990    20.1135   12.24113 3.1596e+00      0.818 0.0000e+00
        218 169.702943    0.01507     0.9042     54.250  1020.1289  41900.296    26.1470      0.803    6.75914     9.4944     9.4932    20.1251   12.24141 3.1676e+00      0.811 0.0000e+00
        219 169.702946    0.01514     0.9083     54.500  1020.1314  41905.023    26.1502      0.793    6.75913     9.4966     9.4923    20.1277   12.24136 3.1679e+00      0.800 0.0000e+00
        220 169.702948    0.01521     0.9125     54.750  1020.1232  41890.019    26.1401      0.783    6.75924     9.4937     9.4945    20.1195   12.24167 3.1613e+00      0.790 0.0000e+00
        221 169.702951    0.01528     0.9167     55.000  1020.1076  41861.148    26.1205      0.778    6.75977     9.4833     9.4966    20.1039   12.24280 3.1485e+00      0.785 0.0000e+00
        222 169.702954    0.01535     0.9208     55.250  1020.0948  41837.075    26.1036      0.778    6.76095     9.4677     9.4937    20.0912   12.24496 3.1348e+00      0.785 0.0000e+00
        223 169.702957    0.01542     0.9250     55.500  1020.0937  41833.650    26.1002      0.781    6.76267     9.4517     9.4833    20.0900   12.24786 3.1255e+00      0.788 0.0000e+00
        224 169.702960    0.01549     0.9292     55.750  1020.1031  41849.458    26.1094      0.783    6.76462     9.4387     9.4678    20.0995   12.25099 3.1229e+00      0.790 0.0000e+00
        225 169.702963    0.01556     0.9333     56.000  1020.1172  41873.871    26.1244      0.782    6.76638     9.4292     9.4518    20.1135   12.25373 3.1243e+00      0.789 0.0000e+00
        226 169.702966    0.01563     0.9375     56.250  1020.1314  41898.856    26.1402      0.777    6.76766     9.4221     9.4388    20.1277   12.25567 3.1246e+00      0.785 0.0000e+00
        227 169.702969    0.01569     0.9417     56.500  1020.1440  41921.316    26.1546      0.771    6.76847     9.4158     9.4293    20.1404   12.25683 3.1250e+00      0.778 0.0000e+00
        228 169.702972    0.01576     0.9458     56.750  1020.1551  41941.302    26.1676      0.763    6.76899     9.4088     9.4221    20.1515   12.25752 3.1267e+00      0.770 0.0000e+00
        229 169.702975    0.01583     0.9500     57.000  1020.1658  41960.700    26.1803      0.756    6.76939     9.3995     9.4158    20.1623   12.25803 3.1234e+00      0.764 0.0000e+00
        230 169.702977    0.01590     0.9542     57.250  1020.1782  41983.119    26.1949      0.753    6.76981     9.3867     9.4089    20.1748   12.25854 3.1110e+00      0.760 0.0000e+00
        231 169.702980    0.01597     0.9583     57.500  1020.1947  42012.708    26.2143      0.754    6.77038     9.3715     9.3996    20.1912   12.25925 3.0954e+00      0.761 0.0000e+00
        232 169.702983    0.01604     0.9625     57.750  1020.2155  42050.186    26.2387      0.758    6.77125     9.3566     9.3868    20.2120   12.26039 3.0833e+00      0.765 0.0000e+00
        233 169.702986    0.01611     0.9667     58.000  1020.2378  42089.945    26.2643      0.764    6.77244     9.3445     9.3716    20.2343   12.26204 3.0752e+00      0.771 0.0000e+00
        234 169.702989    0.01618     0.9708     58.250  1020.2568  42123.568    26.2858      0.769    6.77377     9.3362     9.3566    20.2532   12.26399 3.0744e+00      0.776 0.0000e+00
        235 169.702992    0.01625     0.9750     58.500  1020.2693  42145.634    26.2997      0.772    6.77501     9.3310     9.3445    20.2658   12.26587 3.0809e+00      0.778 0.0000e+00
        236 169.702995    0.01632     0.9792     58.750  1020.2757  42156.588    26.3063      0.771    6.77597     9.3271     9.3363    20.2721   12.26738 3.0866e+00      0.778 0.0000e+00
        237 169.702998    0.01639     0.9833     59.000  1020.2788  42161.841    26.3093      0.766    6.77663     9.3239     9.3311    20.2752   12.26844 3.0879e+00      0.773 0.0000e+00
        238 169.703001    0.01646     0.9875     59.250  1020.2819  42167.307    26.3127      0.759    6.77707     9.3219     9.3272    20.2784   12.26913 3.0875e+00      0.766 0.0000e+00
        239 169.703003    0.01653     0.9917     59.500  1020.2870  42176.418    26.3186      0.751    6.77730     9.3215     9.3240    20.2835   12.26944 3.0903e+00      0.757 0.0000e+00
        240 169.703006    0.01660     0.9958     59.750  1020.2949  42190.996    26.3284      0.745    6.77718     9.3209     9.3220    20.2914   12.26911 3.0947e+00      0.751 0.0000e+00
        241 169.703009    0.01667     1.0000     60.000  1020.3073  42213.999    26.3442      0.743    6.77655     9.3165     9.3216    20.3038   12.26788 3.0959e+00      0.750 0.0000e+00
        242 169.703012    0.01674     1.0042     60.250  1020.3274  42251.367    26.3698      0.750    6.77553     9.3057     9.3209    20.3239   12.26586 3.0947e+00      0.756 0.0000e+00
        243 169.703015    0.01681     1.0083     60.500  1020.3567  42305.435    26.4065      0.763    6.77459     9.2883     9.3166    20.3532   12.26384 3.0922e+00      0.770 0.0000e+00
        244 169.703018    0.01688     1.0125     60.750  1020.3896  42365.425    26.4466      0.779    6.77448     9.2659     9.3058    20.3860   12.26316 3.0923e+00      0.786 0.0000e+00
        245 169.703021    0.01694     1.0167     61.000  1020.4161  42412.950    26.4773      0.791    6.77577     9.2401     9.2884    20.4125   12.26492 3.0982e+00      0.798 0.0000e+00
        246 169.703024    0.01701     1.0208     61.250  1020.4341  42443.921    26.4961      0.793    6.77836     9.2136     9.2660    20.4304   12.26898 3.1039e+00      0.800 0.0000e+00
        247 169.703027    0.01708     1.0250     61.500  1020.4476  42466.365    26.5087      0.786    6.78175     9.1902     9.2402    20.4439   12.27445 3.1052e+00      0.793 0.0000e+00
        248 169.703030    0.01715     1.0292     61.750  1020.4552  42477.854    26.5136      0.773    6.78557     9.1719     9.2137    20.4515   12.28073 3.1018e+00      0.780 0.0000e+00
        249 169.703032    0.01722     1.0333     62.000  1020.4527  42470.883    26.5062      0.761    6.78946     9.1585     9.1903    20.4491   12.28728 3.0908e+00      0.768 0.0000e+00
        250 169.703035    0.01729     1.0375     62.250  1020.4388  42443.139    26.4851      0.756    6.79317     9.1489     9.1720    20.4353   12.29371 3.0732e+00      0.763 0.0000e+00
        251 169.703038    0.01736     1.0417     62.500  1020.4168  42400.904    26.4545      0.758    6.79655     9.1420     9.1586    20.4133   12.29972 3.0557e+00      0.764 0.0000e+00
        252 169.703041    0.01743     1.0458     62.750  1020.3944  42357.981    26.4239      0.763    6.79937     9.1372     9.1490    20.3908   12.30478 3.0444e+00      0.770 0.0000e+00
        253 169.703044    0.01750     1.0500     63.000  1020.3757  42322.399    26.3987      0.767    6.80153     9.1344     9.1421    20.3721   12.30868 3.0385e+00      0.774 0.0000e+00
        254 169.703047    0.01757     1.0542     63.250  1020.3602  42293.147    26.3780      0.768    6.80316     9.1333     9.1373    20.3567   12.31164 3.0325e+00      0.775 0.0000e+00
        255 169.703050    0.01764     1.0583     63.500  1020.3467  42267.619    26.3601      0.766    6.80438     9.1337     9.1345    20.3431   12.31389 3.0300e+00      0.773 0.0000e+00
