CTD-processing/allCTD/CNV--homogene/2014_05-28_alongbay_skb07_cast041.cnv
* Sea-Bird SBE19plus Data File:
* FileName = C:\Users\kris.holderied\Documents\kasitsna\Research-Projects-and-Data\Oceanography-AK\CTD-Data-ALL-to-2014-03\2014-CTD-KachemakBay-CookInlet\2014-05-28-KachemakBay-AlongBay\2014-05-28-KachemakBay-AlongBay-cast041.hex
* Software Version 1.59
* Temperature SN =  5028
* Conductivity SN =  5028
* System UpLoad Time = Jul 21 2014 00:57:05
** Kachemak Bay Along-bay Transect (partial, west to east)
** Date: 2014-05-28
** Station: KB-07
** Start time (AKDT): 14:07
** Depth (m): 148.1
** Comment:  CTD time is Alaska Daylight time
** Comment:
# nquan = 17
# nvalues = 1084                        
# units = specified
# name 0 = scan: Scan Count
# name 1 = timeJ: Julian Days
# name 2 = timeH: Time, Elapsed [hours]
# name 3 = timeM: Time, Elapsed [minutes]
# name 4 = timeS: Time, Elapsed [seconds]
# name 5 = density00: Density [density, kg/m^3]
# name 6 = specc: Specific Conductance [uS/cm]
# name 7 = sal00: Salinity, Practical [PSU]
# name 8 = depSM: Depth [salt water, m], lat = 59.00
# name 9 = oxsolML/L: Oxygen Saturation, Garcia & Gordon [ml/l]
# name 10 = potemp090C: Potential Temperature [ITS-90, deg C]
# name 11 = tv290C: Temperature [ITS-90, deg C]
# name 12 = sigma-é00: Density [sigma-theta, kg/m^3]
# name 13 = n2satML/L: Nitrogen Saturation [ml/l]
# name 14 = par: PAR/Irradiance, Biospherical/Licor
# name 15 = prdM: Pressure, Strain Gauge [db]
# name 16 = flag:  0.000e+00
# span 0 =          1,       1084       
# span 1 = 148.588414, 148.591548       
# span 2 =    0.00000,    0.07521       
# span 3 =     0.0000,     4.5125       
# span 4 =      0.000,    270.750       
# span 5 =  1023.4473,  1025.7628       
# span 6 =  48002.731,  51074.517       
# span 7 =    30.3546,    31.8223       
# span 8 =      0.400,    145.416       
# span 9 =    6.60505,    7.12010       
# span 10 =     5.6095,     9.2935      
# span 11 =     5.6181,     9.2965      
# span 12 =    23.4446,    25.0876      
# span 13 =   11.93327,   12.76767      
# span 14 = 4.2417e-02, 2.4754e+02      
# span 15 =      0.404,    146.841      
# span 16 = 0.0000e+00, 0.0000e+00      
# interval = seconds: 0.25
# start_time = May 28 2014 14:07:19 [Instrument's time stamp, header]
# bad_flag = -9.990e-29
*END*
[from data line 852]
        853 148.590880    0.05917     3.5500    213.000  1025.5763  51048.212    31.8210    104.794    7.11886     5.6161     5.6241    25.0867   12.76555 4.2664e-02    105.810 0.0000e+00
        854 148.590883    0.05924     3.5542    213.250  1025.5773  51048.504    31.8211    105.000    7.11884     5.6162     5.6242    25.0867   12.76552 4.2670e-02    106.018 0.0000e+00
        855 148.590885    0.05931     3.5583    213.500  1025.5783  51048.662    31.8212    105.211    7.11882     5.6163     5.6243    25.0868   12.76549 4.2678e-02    106.231 0.0000e+00
        856 148.590888    0.05937     3.5625    213.750  1025.5792  51048.721    31.8211    105.423    7.11880     5.6164     5.6244    25.0867   12.76546 4.2683e-02    106.446 0.0000e+00
        857 148.590891    0.05944     3.5667    214.000  1025.5802  51048.766    31.8211    105.635    7.11879     5.6164     5.6245    25.0867   12.76544 4.2691e-02    106.660 0.0000e+00
        858 148.590894    0.05951     3.5708    214.250  1025.5811  51048.780    31.8210    105.843    7.11878     5.6164     5.6246    25.0866   12.76543 4.2696e-02    106.870 0.0000e+00
        859 148.590897    0.05958     3.5750    214.500  1025.5820  51048.810    31.8209    106.046    7.11877     5.6164     5.6247    25.0865   12.76542 4.2688e-02    107.075 0.0000e+00
        860 148.590900    0.05965     3.5792    214.750  1025.5829  51048.904    31.8209    106.244    7.11877     5.6163     5.6247    25.0865   12.76541 4.2677e-02    107.274 0.0000e+00
        861 148.590903    0.05972     3.5833    215.000  1025.5838  51049.026    31.8209    106.435    7.11877     5.6163     5.6247    25.0865   12.76541 4.2670e-02    107.467 0.0000e+00
        862 148.590906    0.05979     3.5875    215.250  1025.5846  51049.131    31.8208    106.621    7.11877     5.6162     5.6247    25.0865   12.76542 4.2662e-02    107.655 0.0000e+00
        863 148.590909    0.05986     3.5917    215.500  1025.5854  51049.167    31.8208    106.803    7.11879     5.6161     5.6246    25.0865   12.76544 4.2649e-02    107.839 0.0000e+00
        864 148.590911    0.05993     3.5958    215.750  1025.5862  51049.138    31.8206    106.984    7.11881     5.6159     5.6245    25.0864   12.76547 4.2634e-02    108.021 0.0000e+00
        865 148.590914    0.06000     3.6000    216.000  1025.5870  51049.090    31.8205    107.166    7.11884     5.6157     5.6244    25.0863   12.76552 4.2618e-02    108.205 0.0000e+00
        866 148.590917    0.06007     3.6042    216.250  1025.5877  51048.986    31.8203    107.352    7.11888     5.6153     5.6242    25.0862   12.76559 4.2607e-02    108.393 0.0000e+00
        867 148.590920    0.06014     3.6083    216.500  1025.5884  51048.769    31.8200    107.542    7.11893     5.6149     5.6240    25.0860   12.76567 4.2600e-02    108.585 0.0000e+00
        868 148.590923    0.06021     3.6125    216.750  1025.5891  51048.565    31.8197    107.738    7.11899     5.6144     5.6237    25.0858   12.76579 4.2596e-02    108.783 0.0000e+00
        869 148.590926    0.06028     3.6167    217.000  1025.5899  51048.582    31.8195    107.937    7.11906     5.6140     5.6233    25.0857   12.76591 4.2601e-02    108.984 0.0000e+00
        870 148.590929    0.06035     3.6208    217.250  1025.5909  51048.782    31.8195    108.139    7.11914     5.6136     5.6229    25.0857   12.76604 4.2614e-02    109.188 0.0000e+00
        871 148.590932    0.06042     3.6250    217.500  1025.5919  51049.020    31.8195    108.343    7.11921     5.6134     5.6225    25.0857   12.76615 4.2620e-02    109.394 0.0000e+00
        872 148.590935    0.06049     3.6292    217.750  1025.5929  51049.357    31.8195    108.548    7.11927     5.6132     5.6221    25.0858   12.76625 4.2620e-02    109.601 0.0000e+00
        873 148.590938    0.06056     3.6333    218.000  1025.5941  51049.869    31.8197    108.752    7.11930     5.6132     5.6218    25.0860   12.76631 4.2620e-02    109.808 0.0000e+00
        874 148.590940    0.06062     3.6375    218.250  1025.5952  51050.358    31.8199    108.956    7.11932     5.6132     5.6217    25.0862   12.76633 4.2617e-02    110.013 0.0000e+00
        875 148.590943    0.06069     3.6417    218.500  1025.5962  51050.649    31.8200    109.158    7.11932     5.6133     5.6217    25.0863   12.76632 4.2613e-02    110.218 0.0000e+00
        876 148.590946    0.06076     3.6458    218.750  1025.5972  51050.786    31.8200    109.359    7.11931     5.6133     5.6217    25.0863   12.76630 4.2611e-02    110.421 0.0000e+00
        877 148.590949    0.06083     3.6500    219.000  1025.5981  51050.808    31.8200    109.558    7.11930     5.6132     5.6218    25.0862   12.76629 4.2613e-02    110.621 0.0000e+00
        878 148.590952    0.06090     3.6542    219.250  1025.5989  51050.761    31.8199    109.754    7.11930     5.6132     5.6219    25.0861   12.76629 4.2613e-02    110.820 0.0000e+00
        879 148.590955    0.06097     3.6583    219.500  1025.5997  51050.784    31.8198    109.948    7.11931     5.6131     5.6218    25.0860   12.76631 4.2606e-02    111.015 0.0000e+00
        880 148.590958    0.06104     3.6625    219.750  1025.6006  51050.974    31.8198    110.140    7.11932     5.6131     5.6218    25.0861   12.76632 4.2597e-02    111.209 0.0000e+00
        881 148.590961    0.06111     3.6667    220.000  1025.6016  51051.254    31.8199    110.330    7.11932     5.6130     5.6217    25.0861   12.76633 4.2593e-02    111.402 0.0000e+00
        882 148.590964    0.06118     3.6708    220.250  1025.6025  51051.427    31.8199    110.520    7.11932     5.6129     5.6217    25.0862   12.76633 4.2589e-02    111.593 0.0000e+00
        883 148.590966    0.06125     3.6750    220.500  1025.6033  51051.423    31.8198    110.709    7.11933     5.6128     5.6216    25.0861   12.76635 4.2582e-02    111.784 0.0000e+00
        884 148.590969    0.06132     3.6792    220.750  1025.6041  51051.369    31.8197    110.897    7.11935     5.6125     5.6216    25.0860   12.76639 4.2579e-02    111.974 0.0000e+00
        885 148.590972    0.06139     3.6833    221.000  1025.6049  51051.450    31.8196    111.086    7.11938     5.6123     5.6214    25.0860   12.76644 4.2582e-02    112.165 0.0000e+00
        886 148.590975    0.06146     3.6875    221.250  1025.6059  51051.723    31.8197    111.277    7.11941     5.6122     5.6212    25.0860   12.76649 4.2592e-02    112.358 0.0000e+00
        887 148.590978    0.06153     3.6917    221.500  1025.6069  51052.103    31.8198    111.470    7.11944     5.6121     5.6210    25.0861   12.76653 4.2601e-02    112.553 0.0000e+00
        888 148.590981    0.06160     3.6958    221.750  1025.6079  51052.484    31.8199    111.665    7.11945     5.6121     5.6209    25.0863   12.76655 4.2604e-02    112.750 0.0000e+00
        889 148.590984    0.06167     3.7000    222.000  1025.6090  51052.836    31.8201    111.860    7.11945     5.6122     5.6209    25.0864   12.76655 4.2602e-02    112.946 0.0000e+00
        890 148.590987    0.06174     3.7042    222.250  1025.6100  51053.141    31.8202    112.054    7.11945     5.6123     5.6209    25.0865   12.76654 4.2597e-02    113.142 0.0000e+00
        891 148.590990    0.06181     3.7083    222.500  1025.6109  51053.334    31.8202    112.246    7.11943     5.6123     5.6209    25.0865   12.76651 4.2592e-02    113.337 0.0000e+00
        892 148.590992    0.06187     3.7125    222.750  1025.6118  51053.428    31.8202    112.438    7.11942     5.6124     5.6210    25.0865   12.76649 4.2588e-02    113.530 0.0000e+00
        893 148.590995    0.06194     3.7167    223.000  1025.6126  51053.506    31.8202    112.629    7.11940     5.6124     5.6211    25.0865   12.76646 4.2581e-02    113.723 0.0000e+00
        894 148.590998    0.06201     3.7208    223.250  1025.6135  51053.588    31.8202    112.821    7.11939     5.6125     5.6212    25.0864   12.76644 4.2577e-02    113.917 0.0000e+00
        895 148.591001    0.06208     3.7250    223.500  1025.6144  51053.680    31.8202    113.013    7.11938     5.6125     5.6213    25.0864   12.76643 4.2579e-02    114.111 0.0000e+00
        896 148.591004    0.06215     3.7292    223.750  1025.6153  51053.827    31.8202    113.206    7.11937     5.6126     5.6213    25.0865   12.76641 4.2580e-02    114.306 0.0000e+00
        897 148.591007    0.06222     3.7333    224.000  1025.6163  51054.027    31.8202    113.400    7.11936     5.6126     5.6214    25.0865   12.76639 4.2584e-02    114.502 0.0000e+00
        898 148.591010    0.06229     3.7375    224.250  1025.6172  51054.204    31.8203    113.595    7.11935     5.6127     5.6214    25.0865   12.76637 4.2585e-02    114.698 0.0000e+00
        899 148.591013    0.06236     3.7417    224.500  1025.6181  51054.307    31.8203    113.789    7.11934     5.6128     5.6215    25.0865   12.76635 4.2582e-02    114.895 0.0000e+00
        900 148.591016    0.06243     3.7458    224.750  1025.6190  51054.354    31.8202    113.983    7.11932     5.6129     5.6216    25.0865   12.76633 4.2584e-02    115.090 0.0000e+00
        901 148.591019    0.06250     3.7500    225.000  1025.6198  51054.390    31.8202    114.176    7.11931     5.6130     5.6217    25.0864   12.76631 4.2594e-02    115.286 0.0000e+00
        902 148.591021    0.06257     3.7542    225.250  1025.6207  51054.456    31.8202    114.369    7.11929     5.6132     5.6218    25.0864   12.76628 4.2608e-02    115.480 0.0000e+00
        903 148.591024    0.06264     3.7583    225.500  1025.6216  51054.590    31.8202    114.561    7.11927     5.6135     5.6220    25.0864   12.76623 4.2621e-02    115.675 0.0000e+00
        904 148.591027    0.06271     3.7625    225.750  1025.6225  51054.791    31.8203    114.754    7.11923     5.6139     5.6222    25.0864   12.76617 4.2620e-02    115.870 0.0000e+00
        905 148.591030    0.06278     3.7667    226.000  1025.6234  51054.892    31.8203    114.948    7.11917     5.6143     5.6225    25.0864   12.76608 4.2607e-02    116.066 0.0000e+00
        906 148.591033    0.06285     3.7708    226.250  1025.6242  51054.681    31.8202    115.144    7.11911     5.6146     5.6228    25.0863   12.76599 4.2598e-02    116.263 0.0000e+00
        907 148.591036    0.06292     3.7750    226.500  1025.6249  51054.314    31.8199    115.340    7.11906     5.6149     5.6232    25.0860   12.76590 4.2598e-02    116.462 0.0000e+00
        908 148.591039    0.06299     3.7792    226.750  1025.6257  51054.213    31.8198    115.538    7.11901     5.6153     5.6236    25.0859   12.76582 4.2606e-02    116.661 0.0000e+00
        909 148.591042    0.06306     3.7833    227.000  1025.6267  51054.456    31.8199    115.736    7.11895     5.6158     5.6239    25.0860   12.76572 4.2617e-02    116.862 0.0000e+00
        910 148.591045    0.06313     3.7875    227.250  1025.6276  51054.641    31.8200    115.934    7.11887     5.6164     5.6243    25.0860   12.76560 4.2622e-02    117.062 0.0000e+00
        911 148.591047    0.06319     3.7917    227.500  1025.6284  51054.444    31.8199    116.132    7.11879     5.6171     5.6248    25.0859   12.76546 4.2621e-02    117.261 0.0000e+00
        912 148.591050    0.06326     3.7958    227.750  1025.6290  51053.931    31.8196    116.328    7.11869     5.6177     5.6255    25.0855   12.76530 4.2611e-02    117.459 0.0000e+00
        913 148.591053    0.06333     3.8000    228.000  1025.6295  51053.258    31.8192    116.523    7.11860     5.6181     5.6262    25.0851   12.76515 4.2596e-02    117.656 0.0000e+00
        914 148.591056    0.06340     3.8042    228.250  1025.6299  51052.531    31.8187    116.717    7.11852     5.6182     5.6268    25.0847   12.76502 4.2589e-02    117.852 0.0000e+00
        915 148.591059    0.06347     3.8083    228.500  1025.6304  51051.918    31.8183    116.910    7.11847     5.6181     5.6272    25.0843   12.76495 4.2595e-02    118.047 0.0000e+00
        916 148.591062    0.06354     3.8125    228.750  1025.6311  51051.625    31.8180    117.104    7.11846     5.6177     5.6273    25.0840   12.76494 4.2600e-02    118.243 0.0000e+00
        917 148.591065    0.06361     3.8167    229.000  1025.6320  51051.707    31.8180    117.298    7.11849     5.6174     5.6272    25.0840   12.76497 4.2600e-02    118.439 0.0000e+00
        918 148.591068    0.06368     3.8208    229.250  1025.6330  51052.040    31.8180    117.494    7.11853     5.6170     5.6269    25.0841   12.76505 4.2597e-02    118.637 0.0000e+00
        919 148.591071    0.06375     3.8250    229.500  1025.6341  51052.519    31.8182    117.691    7.11858     5.6168     5.6266    25.0843   12.76513 4.2594e-02    118.836 0.0000e+00
        920 148.591073    0.06382     3.8292    229.750  1025.6352  51053.098    31.8184    117.889    7.11862     5.6166     5.6262    25.0845   12.76520 4.2585e-02    119.036 0.0000e+00
        921 148.591076    0.06389     3.8333    230.000  1025.6364  51053.693    31.8187    118.087    7.11866     5.6165     5.6260    25.0848   12.76525 4.2565e-02    119.236 0.0000e+00
        922 148.591079    0.06396     3.8375    230.250  1025.6375  51054.162    31.8189    118.285    7.11868     5.6166     5.6258    25.0850   12.76527 4.2548e-02    119.436 0.0000e+00
        923 148.591082    0.06403     3.8417    230.500  1025.6385  51054.429    31.8189    118.484    7.11868     5.6167     5.6258    25.0850   12.76527 4.2551e-02    119.636 0.0000e+00
        924 148.591085    0.06410     3.8458    230.750  1025.6394  51054.490    31.8189    118.682    7.11867     5.6167     5.6259    25.0850   12.76526 4.2558e-02    119.837 0.0000e+00
        925 148.591088    0.06417     3.8500    231.000  1025.6401  51054.304    31.8187    118.881    7.11866     5.6166     5.6260    25.0848   12.76525 4.2557e-02    120.037 0.0000e+00
        926 148.591091    0.06424     3.8542    231.250  1025.6408  51053.967    31.8184    119.079    7.11867     5.6162     5.6260    25.0845   12.76526 4.2554e-02    120.238 0.0000e+00
        927 148.591094    0.06431     3.8583    231.500  1025.6415  51053.749    31.8181    119.277    7.11870     5.6158     5.6259    25.0843   12.76533 4.2555e-02    120.438 0.0000e+00
        928 148.591097    0.06438     3.8625    231.750  1025.6424  51053.778    31.8180    119.475    7.11876     5.6152     5.6256    25.0843   12.76543 4.2559e-02    120.637 0.0000e+00
        929 148.591100    0.06444     3.8667    232.000  1025.6433  51053.901    31.8179    119.671    7.11884     5.6146     5.6251    25.0842   12.76557 4.2562e-02    120.836 0.0000e+00
        930 148.591102    0.06451     3.8708    232.250  1025.6442  51054.069    31.8178    119.867    7.11893     5.6141     5.6246    25.0842   12.76572 4.2564e-02    121.034 0.0000e+00
        931 148.591105    0.06458     3.8750    232.500  1025.6452  51054.474    31.8179    120.063    7.11902     5.6139     5.6241    25.0843   12.76587 4.2561e-02    121.231 0.0000e+00
        932 148.591108    0.06465     3.8792    232.750  1025.6464  51055.169    31.8181    120.257    7.11909     5.6139     5.6236    25.0846   12.76598 4.2550e-02    121.427 0.0000e+00
        933 148.591111    0.06472     3.8833    233.000  1025.6477  51056.053    31.8186    120.449    7.11912     5.6146     5.6233    25.0850   12.76601 4.2538e-02    121.622 0.0000e+00
        934 148.591114    0.06479     3.8875    233.250  1025.6491  51057.265    31.8194    120.639    7.11907     5.6161     5.6234    25.0856   12.76592 4.2534e-02    121.814 0.0000e+00
        935 148.591117    0.06486     3.8917    233.500  1025.6510  51059.132    31.8207    120.827    7.11889     5.6187     5.6240    25.0866   12.76562 4.2536e-02    122.003 0.0000e+00
        936 148.591120    0.06493     3.8958    233.750  1025.6527  51060.705    31.8220    121.012    7.11857     5.6218     5.6256    25.0875   12.76506 4.2538e-02    122.191 0.0000e+00
