CTD-processing/allCTD/CNV--homogene/2014_08-13_t4_s01_cast033.cnv
* Sea-Bird SBE19plus Data File:
* FileName = C:\Users\kris.holderied\Documents\kasitsna\Research-Projects-and-Data\Oceanography-AK\CTD-Data-ALL-to-2014-06\2014-CTD-KachemakBay-CookInlet\2014-08-13-CookInlet-Tran4-Barabara-extra\2014-08-13-CookInlet-Tran4-cast033.hex
* Software Version 1.59
* Temperature SN =  4141
* Conductivity SN =  4141
* System UpLoad Time = Oct 13 2014 01:00:29
** Cook Inlet LTM Transect 4 (Barabara) South to North
** Date: 08-13
** Station: 4-01
** Start time: 14:01
** Depth (m): 18.3
** Comment:  CTD time is Alaska Daylight time.  R/V Barnacle. Transducer  depth.
** Comment:
# nquan = 17
# nvalues = 428                         
# units = specified
# name 0 = scan: Scan Count
# name 1 = timeJ: Julian Days
# name 2 = timeH: Time, Elapsed [hours]
# name 3 = timeM: Time, Elapsed [minutes]
# name 4 = timeS: Time, Elapsed [seconds]
# name 5 = density00: Density [density, kg/m^3]
# name 6 = specc: Specific Conductance [uS/cm]
# name 7 = sal00: Salinity, Practical [PSU]
# name 8 = depSM: Depth [salt water, m], lat = 59.00
# name 9 = oxsolML/L: Oxygen Saturation, Garcia & Gordon [ml/l]
# name 10 = potemp090C: Potential Temperature [ITS-90, deg C]
# name 11 = tv290C: Temperature [ITS-90, deg C]
# name 12 = sigma-é00: Density [sigma-theta, kg/m^3]
# name 13 = n2satML/L: Nitrogen Saturation [ml/l]
# name 14 = par: PAR/Irradiance, Biospherical/Licor
# name 15 = prdM: Pressure, Strain Gauge [db]
# name 16 = flag:  0.000e+00
# span 0 =          1,        428       
# span 1 = 225.585336, 225.586571       
# span 2 =    0.00000,    0.02965       
# span 3 =     0.0000,     1.7792       
# span 4 =      0.000,    106.750       
# span 5 =  1021.6550,  1023.6080       
# span 6 =  45411.073,  48569.505       
# span 7 =    28.9461,    31.0444       
# span 8 =      0.092,     18.066       
# span 9 =    6.12074,    6.29114       
# span 10 =    11.3831,    12.7000      
# span 11 =    11.3853,    13.2783      
# span 12 =    21.6545,    23.5685      
# span 13 =   11.14681,   11.40700      
# span 14 = 1.0459e+01, 2.6410e+02      
# span 15 =      0.093,     18.237      
# span 16 = 0.0000e+00, 0.0000e+00      
# interval = seconds: 0.25
# start_time = Aug 13 2014 14:02:53 [Instrument's time stamp, header]
# bad_flag = -9.990e-29
*END*
[from data line 256]
        257 225.586076    0.01778     1.0667     64.000  1023.3786  48197.937    30.7695      0.846    6.26563    11.6146    11.6176    23.3748   11.36635 1.4982e+02      0.854 0.0000e+00
        258 225.586079    0.01785     1.0708     64.250  1023.3795  48199.120    30.7701      0.858    6.26581    11.6140    11.6161    23.3756   11.36664 1.5053e+02      0.866 0.0000e+00
        259 225.586082    0.01792     1.0750     64.500  1023.3808  48201.276    30.7715      0.863    6.26594    11.6141    11.6148    23.3769   11.36683 1.5270e+02      0.872 0.0000e+00
        260 225.586085    0.01799     1.0792     64.750  1023.3819  48203.235    30.7729      0.861    6.26597    11.6147    11.6141    23.3780   11.36687 1.5536e+02      0.869 0.0000e+00
        261 225.586088    0.01806     1.0833     65.000  1023.3825  48204.457    30.7737      0.851    6.26593    11.6156    11.6142    23.3787   11.36679 1.5808e+02      0.859 0.0000e+00
        262 225.586091    0.01812     1.0875     65.250  1023.3827  48205.018    30.7742      0.839    6.26583    11.6167    11.6148    23.3789   11.36662 1.6075e+02      0.847 0.0000e+00
        263 225.586094    0.01819     1.0917     65.500  1023.3826  48205.036    30.7743      0.828    6.26570    11.6177    11.6157    23.3788   11.36640 1.6313e+02      0.836 0.0000e+00
        264 225.586097    0.01826     1.0958     65.750  1023.3821  48204.283    30.7739      0.822    6.26557    11.6182    11.6168    23.3783   11.36619 1.6477e+02      0.830 0.0000e+00
        265 225.586100    0.01833     1.1000     66.000  1023.3811  48202.654    30.7728      0.822    6.26548    11.6180    11.6178    23.3773   11.36606 1.6548e+02      0.830 0.0000e+00
        266 225.586102    0.01840     1.1042     66.250  1023.3800  48200.763    30.7716      0.828    6.26547    11.6175    11.6183    23.3762   11.36605 1.6560e+02      0.836 0.0000e+00
        267 225.586105    0.01847     1.1083     66.500  1023.3794  48199.602    30.7707      0.838    6.26551    11.6168    11.6182    23.3756   11.36614 1.6515e+02      0.846 0.0000e+00
        268 225.586108    0.01854     1.1125     66.750  1023.3795  48199.532    30.7706      0.849    6.26559    11.6162    11.6176    23.3756   11.36627 1.6500e+02      0.857 0.0000e+00
        269 225.586111    0.01861     1.1167     67.000  1023.3799  48200.088    30.7709      0.858    6.26567    11.6160    11.6169    23.3760   11.36640 1.6578e+02      0.866 0.0000e+00
        270 225.586114    0.01868     1.1208     67.250  1023.3803  48200.808    30.7714      0.863    6.26573    11.6161    11.6164    23.3765   11.36649 1.6701e+02      0.871 0.0000e+00
        271 225.586117    0.01875     1.1250     67.500  1023.3809  48201.706    30.7720      0.863    6.26574    11.6166    11.6161    23.3770   11.36650 1.6836e+02      0.871 0.0000e+00
        272 225.586120    0.01882     1.1292     67.750  1023.3815  48202.925    30.7729      0.856    6.26570    11.6177    11.6162    23.3777   11.36641 1.7032e+02      0.864 0.0000e+00
        273 225.586123    0.01889     1.1333     68.000  1023.3821  48204.032    30.7737      0.845    6.26558    11.6191    11.6168    23.3782   11.36622 1.7253e+02      0.852 0.0000e+00
        274 225.586126    0.01896     1.1375     68.250  1023.3821  48204.324    30.7741      0.833    6.26543    11.6203    11.6179    23.3783   11.36595 1.7399e+02      0.840 0.0000e+00
        275 225.586128    0.01903     1.1417     68.500  1023.3815  48203.582    30.7737      0.824    6.26527    11.6209    11.6192    23.3778   11.36569 1.7493e+02      0.832 0.0000e+00
        276 225.586131    0.01910     1.1458     68.750  1023.3803  48201.791    30.7725      0.821    6.26515    11.6207    11.6204    23.3767   11.36551 1.7539e+02      0.829 0.0000e+00
        277 225.586134    0.01917     1.1500     69.000  1023.3789  48199.313    30.7708      0.825    6.26513    11.6197    11.6210    23.3752   11.36550 1.7586e+02      0.833 0.0000e+00
        278 225.586137    0.01924     1.1542     69.250  1023.3780  48197.524    30.7695      0.834    6.26522    11.6185    11.6208    23.3743   11.36565 1.7655e+02      0.842 0.0000e+00
        279 225.586140    0.01931     1.1583     69.500  1023.3782  48197.511    30.7693      0.844    6.26536    11.6176    11.6198    23.3743   11.36589 1.7694e+02      0.852 0.0000e+00
        280 225.586143    0.01938     1.1625     69.750  1023.3790  48198.720    30.7701      0.852    6.26549    11.6172    11.6186    23.3751   11.36610 1.7706e+02      0.860 0.0000e+00
        281 225.586146    0.01944     1.1667     70.000  1023.3799  48200.182    30.7710      0.856    6.26557    11.6175    11.6177    23.3760   11.36622 1.7739e+02      0.864 0.0000e+00
        282 225.586149    0.01951     1.1708     70.250  1023.3807  48201.625    30.7720      0.853    6.26557    11.6183    11.6173    23.3768   11.36622 1.7855e+02      0.861 0.0000e+00
        283 225.586152    0.01958     1.1750     70.500  1023.3813  48202.882    30.7729      0.844    6.26551    11.6194    11.6176    23.3775   11.36610 1.7945e+02      0.852 0.0000e+00
        284 225.586155    0.01965     1.1792     70.750  1023.3815  48203.456    30.7734      0.833    6.26539    11.6204    11.6184    23.3777   11.36589 1.7857e+02      0.841 0.0000e+00
        285 225.586157    0.01972     1.1833     71.000  1023.3811  48202.943    30.7732      0.824    6.26525    11.6210    11.6195    23.3774   11.36567 1.7691e+02      0.832 0.0000e+00
        286 225.586160    0.01979     1.1875     71.250  1023.3801  48201.383    30.7722      0.820    6.26515    11.6208    11.6205    23.3764   11.36552 1.7579e+02      0.828 0.0000e+00
        287 225.586163    0.01986     1.1917     71.500  1023.3789  48199.242    30.7708      0.824    6.26513    11.6198    11.6211    23.3752   11.36550 1.7508e+02      0.832 0.0000e+00
        288 225.586166    0.01993     1.1958     71.750  1023.3779  48197.436    30.7695      0.834    6.26521    11.6185    11.6209    23.3742   11.36565 1.7480e+02      0.842 0.0000e+00
        289 225.586169    0.02000     1.2000     72.000  1023.3777  48196.838    30.7689      0.847    6.26535    11.6172    11.6199    23.3740   11.36590 1.7520e+02      0.855 0.0000e+00
        290 225.586172    0.02007     1.2042     72.250  1023.3783  48197.450    30.7692      0.860    6.26552    11.6164    11.6186    23.3744   11.36616 1.7558e+02      0.868 0.0000e+00
        291 225.586175    0.02014     1.2083     72.500  1023.3792  48198.863    30.7701      0.868    6.26565    11.6162    11.6173    23.3753   11.36637 1.7611e+02      0.876 0.0000e+00
        292 225.586178    0.02021     1.2125     72.750  1023.3804  48200.782    30.7714      0.868    6.26571    11.6168    11.6165    23.3764   11.36646 1.7797e+02      0.876 0.0000e+00
        293 225.586181    0.02028     1.2167     73.000  1023.3814  48202.604    30.7727      0.860    6.26569    11.6179    11.6163    23.3775   11.36640 1.8005e+02      0.868 0.0000e+00
        294 225.586183    0.02035     1.2208     73.250  1023.3818  48203.684    30.7735      0.844    6.26558    11.6193    11.6169    23.3780   11.36621 1.8072e+02      0.853 0.0000e+00
        295 225.586186    0.02042     1.2250     73.500  1023.3818  48203.967    30.7738      0.826    6.26542    11.6207    11.6180    23.3781   11.36594 1.8032e+02      0.834 0.0000e+00
        296 225.586189    0.02049     1.2292     73.750  1023.3814  48203.579    30.7737      0.810    6.26524    11.6217    11.6194    23.3777   11.36565 1.8029e+02      0.818 0.0000e+00
        297 225.586192    0.02056     1.2333     74.000  1023.3806  48202.419    30.7730      0.801    6.26508    11.6222    11.6208    23.3769   11.36539 1.8147e+02      0.809 0.0000e+00
        298 225.586195    0.02063     1.2375     74.250  1023.3794  48200.575    30.7718      0.801    6.26499    11.6220    11.6218    23.3758   11.36525 1.8236e+02      0.808 0.0000e+00
        299 225.586198    0.02069     1.2417     74.500  1023.3783  48198.660    30.7705      0.807    6.26498    11.6213    11.6223    23.3747   11.36525 1.8138e+02      0.815 0.0000e+00
        300 225.586201    0.02076     1.2458     74.750  1023.3779  48197.716    30.7698      0.813    6.26503    11.6207    11.6221    23.3742   11.36535 1.8033e+02      0.821 0.0000e+00
        301 225.586204    0.02083     1.2500     75.000  1023.3783  48198.318    30.7701      0.810    6.26511    11.6206    11.6214    23.3746   11.36548 1.8184e+02      0.817 0.0000e+00
        302 225.586207    0.02090     1.2542     75.250  1023.3791  48199.941    30.7712      0.792    6.26515    11.6212    11.6208    23.3756   11.36553 1.8596e+02      0.799 0.0000e+00
        303 225.586209    0.02097     1.2583     75.500  1023.3800  48201.701    30.7725      0.759    6.26511    11.6224    11.6207    23.3766   11.36544 1.9127e+02      0.766 0.0000e+00
        304 225.586212    0.02104     1.2625     75.750  1023.3804  48202.843    30.7734      0.719    6.26499    11.6237    11.6213    23.3771   11.36523 1.9713e+02      0.725 0.0000e+00
        305 225.586215    0.02111     1.2667     76.000  1023.3801  48202.793    30.7735      0.682    6.26483    11.6247    11.6225    23.3770   11.36496 2.0244e+02      0.688 0.0000e+00
        306 225.586218    0.02118     1.2708     76.250  1023.3792  48201.634    30.7728      0.659    6.26468    11.6251    11.6238    23.3762   11.36473 2.0452e+02      0.665 0.0000e+00
        307 225.586221    0.02125     1.2750     76.500  1023.3781  48199.892    30.7717      0.656    6.26459    11.6248    11.6248    23.3752   11.36460 2.0404e+02      0.662 0.0000e+00
        308 225.586224    0.02132     1.2792     76.750  1023.3772  48198.023    30.7704      0.676    6.26459    11.6239    11.6252    23.3741   11.36461 2.0275e+02      0.682 0.0000e+00
        309 225.586227    0.02139     1.2833     77.000  1023.3766  48196.529    30.7693      0.717    6.26467    11.6226    11.6249    23.3733   11.36475 1.9882e+02      0.723 0.0000e+00
        310 225.586230    0.02146     1.2875     77.250  1023.3764  48195.688    30.7686      0.774    6.26482    11.6211    11.6240    23.3730   11.36501 1.9303e+02      0.781 0.0000e+00
        311 225.586233    0.02153     1.2917     77.500  1023.3768  48195.611    30.7684      0.844    6.26500    11.6198    11.6227    23.3730   11.36532 1.8840e+02      0.851 0.0000e+00
        312 225.586236    0.02160     1.2958     77.750  1023.3778  48196.430    30.7688      0.923    6.26518    11.6189    11.6212    23.3736   11.36561 1.8448e+02      0.931 0.0000e+00
        313 225.586238    0.02167     1.3000     78.000  1023.3790  48197.807    30.7696      1.009    6.26532    11.6185    11.6199    23.3744   11.36583 1.7966e+02      1.018 0.0000e+00
        314 225.586241    0.02174     1.3042     78.250  1023.3803  48199.216    30.7705      1.104    6.26540    11.6185    11.6191    23.3753   11.36596 1.7413e+02      1.114 0.0000e+00
        315 225.586244    0.02181     1.3083     78.500  1023.3814  48200.416    30.7712      1.210    6.26543    11.6187    11.6187    23.3759   11.36599 1.6828e+02      1.221 0.0000e+00
        316 225.586247    0.02187     1.3125     78.750  1023.3823  48201.063    30.7716      1.328    6.26541    11.6187    11.6187    23.3762   11.36596 1.6189e+02      1.340 0.0000e+00
        317 225.586250    0.02194     1.3167     79.000  1023.3827  48200.809    30.7714      1.459    6.26539    11.6180    11.6189    23.3760   11.36593 1.5514e+02      1.473 0.0000e+00
        318 225.586253    0.02201     1.3208     79.250  1023.3827  48199.723    30.7706      1.602    6.26542    11.6160    11.6189    23.3754   11.36599 1.4875e+02      1.617 0.0000e+00
        319 225.586256    0.02208     1.3250     79.500  1023.3824  48197.948    30.7692      1.751    6.26557    11.6122    11.6182    23.3744   11.36625 1.4305e+02      1.767 0.0000e+00
        320 225.586259    0.02215     1.3292     79.750  1023.3820  48195.789    30.7674      1.903    6.26590    11.6059    11.6163    23.3734   11.36682 1.3792e+02      1.922 0.0000e+00
        321 225.586262    0.02222     1.3333     80.000  1023.3820  48193.891    30.7656      2.058    6.26648    11.5967    11.6125    23.3727   11.36781 1.3315e+02      2.078 0.0000e+00
        322 225.586264    0.02229     1.3375     80.250  1023.3828  48192.953    30.7642      2.213    6.26737    11.5845    11.6062    23.3727   11.36930 1.2872e+02      2.235 0.0000e+00
        323 225.586267    0.02236     1.3417     80.500  1023.3852  48194.519    30.7643      2.371    6.26860    11.5702    11.5970    23.3744   11.37133 1.2467e+02      2.393 0.0000e+00
        324 225.586270    0.02243     1.3458     80.750  1023.3903  48200.255    30.7670      2.529    6.27012    11.5548    11.5848    23.3787   11.37382 1.2099e+02      2.553 0.0000e+00
        325 225.586273    0.02250     1.3500     81.000  1023.3976  48209.899    30.7723      2.685    6.27182    11.5392    11.5705    23.3854   11.37658 1.1779e+02      2.710 0.0000e+00
        326 225.586276    0.02257     1.3542     81.250  1023.4064  48221.888    30.7792      2.838    6.27360    11.5237    11.5551    23.3935   11.37945 1.1508e+02      2.865 0.0000e+00
        327 225.586279    0.02264     1.3583     81.500  1023.4159  48235.215    30.7869      2.987    6.27538    11.5091    11.5395    23.4023   11.38231 1.1280e+02      3.015 0.0000e+00
        328 225.586282    0.02271     1.3625     81.750  1023.4262  48250.093    30.7958      3.132    6.27709    11.4964    11.5241    23.4119   11.38505 1.1082e+02      3.161 0.0000e+00
        329 225.586285    0.02278     1.3667     82.000  1023.4369  48265.975    30.8054      3.273    6.27867    11.4864    11.5095    23.4220   11.38755 1.0910e+02      3.304 0.0000e+00
        330 225.586288    0.02285     1.3708     82.250  1023.4468  48280.673    30.8145      3.413    6.28000    11.4790    11.4968    23.4313   11.38966 1.0769e+02      3.445 0.0000e+00
        331 225.586291    0.02292     1.3750     82.500  1023.4548  48292.503    30.8218      3.552    6.28105    11.4738    11.4868    23.4387   11.39131 1.0653e+02      3.586 0.0000e+00
        332 225.586293    0.02299     1.3792     82.750  1023.4609  48301.206    30.8271      3.692    6.28182    11.4700    11.4795    23.4442   11.39252 1.0549e+02      3.727 0.0000e+00
        333 225.586296    0.02306     1.3833     83.000  1023.4654  48307.361    30.8308      3.830    6.28237    11.4672    11.4743    23.4480   11.39339 1.0436e+02      3.866 0.0000e+00
        334 225.586299    0.02313     1.3875     83.250  1023.4688  48311.847    30.8336      3.958    6.28276    11.4651    11.4705    23.4508   11.39401 1.0303e+02      3.996 0.0000e+00
        335 225.586302    0.02319     1.3917     83.500  1023.4715  48315.384    30.8357      4.074    6.28305    11.4635    11.4678    23.4530   11.39446 1.0166e+02      4.113 0.0000e+00
        336 225.586305    0.02326     1.3958     83.750  1023.4737  48318.218    30.8375      4.180    6.28327    11.4623    11.4656    23.4547   11.39480 1.0037e+02      4.220 0.0000e+00
        337 225.586308    0.02333     1.4000     84.000  1023.4755  48320.378    30.8388      4.286    6.28342    11.4613    11.4641    23.4560   11.39504 9.9166e+01      4.326 0.0000e+00
        338 225.586311    0.02340     1.4042     84.250  1023.4770  48322.023    30.8398      4.397    6.28354    11.4603    11.4629    23.4570   11.39522 9.8059e+01      4.439 0.0000e+00
        339 225.586314    0.02347     1.4083     84.500  1023.4784  48323.405    30.8406      4.518    6.28364    11.4589    11.4619    23.4579   11.39538 9.7065e+01      4.562 0.0000e+00
        340 225.586317    0.02354     1.4125     84.750  1023.4798  48324.816    30.8415      4.648    6.28375    11.4571    11.4609    23.4587   11.39555 9.6206e+01      4.693 0.0000e+00
