CTD-processing/allCTD/CNV--homogene/2014_07-24_t7_s21_cast020.cnv
* Sea-Bird SBE19plus Data File:
* FileName = C:\Users\kris.holderied\Documents\kasitsna\Research-Projects-and-Data\Oceanography-AK\CTD-Data-ALL-to-2014-06\2014-CTD-KachemakBay-CookInlet\2014-07-EVOSTC-CookInlet-quarterly\2014-07-24-CookInlet-Tran7-Augustine\2014-07-24-CookInlet-Tran7-cast020.hex
* Software Version 1.59
* Temperature SN =  4141
* Conductivity SN =  4141
* System UpLoad Time = Jul 24 2014 17:34:10
** Cook Inlet LTM Transect 7 (Augustine) West to East
** Date: 07-24
** Station: 7-21
** Start time: 16:22
** Depth (m): 75
** Comment:  CTD time is Alaska Daylight time.  Transducer  depth (transducer is 9 ft).
** Comment:
# nquan = 17
# nvalues = 657                         
# units = specified
# name 0 = scan: Scan Count
# name 1 = timeJ: Julian Days
# name 2 = timeH: Time, Elapsed [hours]
# name 3 = timeM: Time, Elapsed [minutes]
# name 4 = timeS: Time, Elapsed [seconds]
# name 5 = density00: Density [density, kg/m^3]
# name 6 = specc: Specific Conductance [uS/cm]
# name 7 = sal00: Salinity, Practical [PSU]
# name 8 = depSM: Depth [salt water, m], lat = 59.00
# name 9 = oxsolML/L: Oxygen Saturation, Garcia & Gordon [ml/l]
# name 10 = potemp090C: Potential Temperature [ITS-90, deg C]
# name 11 = tv290C: Temperature [ITS-90, deg C]
# name 12 = sigma-é00: Density [sigma-theta, kg/m^3]
# name 13 = n2satML/L: Nitrogen Saturation [ml/l]
# name 14 = par: PAR/Irradiance, Biospherical/Licor
# name 15 = prdM: Pressure, Strain Gauge [db]
# name 16 = flag:  0.000e+00
# span 0 =          1,        657       
# span 1 = 205.682060, 205.683958       
# span 2 =    0.00000,    0.04556       
# span 3 =     0.0000,     2.7333       
# span 4 =      0.000,    164.000       
# span 5 =   999.7166,  1025.0138       
# span 6 =    501.357,  50234.020       
# span 7 =     0.2395,    31.7938       
# span 8 =     -0.109,     74.417       
# span 9 =    6.29443,    7.57577       
# span 10 =     8.5834,    11.7342      
# span 11 =     8.5909,    11.7342      
# span 12 =    -0.2830,    24.6715      
# span 13 =   11.40694,   13.95787      
# span 14 = 5.1440e-02, 4.6569e+02      
# span 15 =     -0.110,     75.134      
# span 16 = 0.0000e+00, 0.0000e+00      
# interval = seconds: 0.25
# start_time = Jul 24 2014 16:22:10 [Instrument's time stamp, header]
# bad_flag = -9.990e-29
*END*
[from data line 596]
        597 205.683785    0.04139     2.4833    149.000  1024.9263  50171.254    31.7663     62.572    6.63988     8.6525     8.6671    24.6385   11.97443 6.3836e-02     63.172 0.0000e+00
        598 205.683788    0.04146     2.4875    149.250  1024.9284  50172.980    31.7668     62.807    6.64043     8.6475     8.6632    24.6395   11.97534 6.3354e-02     63.409 0.0000e+00
        599 205.683791    0.04153     2.4917    149.500  1024.9303  50174.460    31.7671     63.047    6.64106     8.6414     8.6589    24.6403   11.97638 6.2883e-02     63.651 0.0000e+00
        600 205.683793    0.04160     2.4958    149.750  1024.9321  50175.494    31.7670     63.289    6.64181     8.6344     8.6539    24.6410   11.97763 6.2406e-02     63.896 0.0000e+00
        601 205.683796    0.04167     2.5000    150.000  1024.9344  50177.412    31.7673     63.533    6.64270     8.6272     8.6478    24.6422   11.97908 6.1931e-02     64.142 0.0000e+00
        602 205.683799    0.04174     2.5042    150.250  1024.9382  50181.889    31.7693     63.778    6.64366     8.6208     8.6408    24.6448   11.98064 6.1458e-02     64.390 0.0000e+00
        603 205.683802    0.04181     2.5083    150.500  1024.9430  50188.303    31.7726     64.023    6.64458     8.6155     8.6337    24.6484   11.98213 6.1005e-02     64.638 0.0000e+00
        604 205.683805    0.04188     2.5125    150.750  1024.9478  50194.782    31.7761     64.268    6.64539     8.6113     8.6273    24.6521   11.98342 6.0587e-02     64.885 0.0000e+00
        605 205.683808    0.04194     2.5167    151.000  1024.9520  50200.219    31.7791     64.510    6.64604     8.6079     8.6220    24.6552   11.98447 6.0169e-02     65.129 0.0000e+00
        606 205.683811    0.04201     2.5208    151.250  1024.9554  50204.276    31.7812     64.746    6.64656     8.6048     8.6179    24.6575   11.98532 5.9770e-02     65.368 0.0000e+00
        607 205.683814    0.04208     2.5250    151.500  1024.9581  50207.209    31.7826     64.975    6.64701     8.6018     8.6145    24.6591   11.98603 5.9429e-02     65.599 0.0000e+00
        608 205.683817    0.04215     2.5292    151.750  1024.9605  50209.635    31.7837     65.193    6.64741     8.5988     8.6114    24.6605   11.98669 5.9126e-02     65.818 0.0000e+00
        609 205.683819    0.04222     2.5333    152.000  1024.9628  50212.051    31.7849     65.399    6.64781     8.5960     8.6084    24.6618   11.98732 5.8852e-02     66.026 0.0000e+00
        610 205.683822    0.04229     2.5375    152.250  1024.9652  50214.783    31.7863     65.594    6.64819     8.5936     8.6054    24.6633   11.98794 5.8603e-02     66.224 0.0000e+00
        611 205.683825    0.04236     2.5417    152.500  1024.9677  50217.741    31.7879     65.783    6.64854     8.5917     8.6026    24.6650   11.98851 5.8362e-02     66.414 0.0000e+00
        612 205.683828    0.04243     2.5458    152.750  1024.9700  50220.380    31.7893     65.967    6.64884     8.5902     8.6002    24.6665   11.98898 5.8125e-02     66.601 0.0000e+00
        613 205.683831    0.04250     2.5500    153.000  1024.9720  50222.478    31.7904     66.150    6.64907     8.5891     8.5983    24.6676   11.98935 5.7888e-02     66.785 0.0000e+00
        614 205.683834    0.04257     2.5542    153.250  1024.9738  50224.146    31.7912     66.334    6.64925     8.5884     8.5969    24.6685   11.98963 5.7648e-02     66.971 0.0000e+00
        615 205.683837    0.04264     2.5583    153.500  1024.9753  50225.425    31.7919     66.522    6.64937     8.5879     8.5959    24.6692   11.98983 5.7410e-02     67.161 0.0000e+00
        616 205.683840    0.04271     2.5625    153.750  1024.9767  50226.345    31.7924     66.718    6.64946     8.5875     8.5951    24.6697   11.98998 5.7173e-02     67.359 0.0000e+00
        617 205.683843    0.04278     2.5667    154.000  1024.9779  50226.989    31.7926     66.922    6.64953     8.5874     8.5946    24.6700   11.99008 5.6943e-02     67.565 0.0000e+00
        618 205.683845    0.04285     2.5708    154.250  1024.9790  50227.452    31.7928     67.133    6.64956     8.5874     8.5943    24.6702   11.99014 5.6720e-02     67.777 0.0000e+00
        619 205.683848    0.04292     2.5750    154.500  1024.9801  50227.781    31.7929     67.349    6.64958     8.5876     8.5942    24.6703   11.99016 5.6500e-02     67.995 0.0000e+00
        620 205.683851    0.04299     2.5792    154.750  1024.9812  50227.939    31.7929     67.569    6.64957     8.5877     8.5942    24.6703   11.99016 5.6275e-02     68.218 0.0000e+00
        621 205.683854    0.04306     2.5833    155.000  1024.9821  50227.860    31.7928     67.794    6.64956     8.5877     8.5944    24.6702   11.99013 5.6043e-02     68.445 0.0000e+00
        622 205.683857    0.04312     2.5875    155.250  1024.9829  50227.636    31.7926     68.021    6.64954     8.5875     8.5945    24.6700   11.99010 5.5806e-02     68.675 0.0000e+00
        623 205.683860    0.04319     2.5917    155.500  1024.9839  50227.573    31.7924     68.250    6.64955     8.5872     8.5946    24.6699   11.99011 5.5573e-02     68.906 0.0000e+00
        624 205.683863    0.04326     2.5958    155.750  1024.9850  50227.798    31.7924     68.479    6.64957     8.5869     8.5944    24.6699   11.99014 5.5347e-02     69.136 0.0000e+00
        625 205.683866    0.04333     2.6000    156.000  1024.9861  50228.153    31.7926     68.705    6.64960     8.5867     8.5942    24.6700   11.99019 5.5133e-02     69.365 0.0000e+00
        626 205.683869    0.04340     2.6042    156.250  1024.9873  50228.520    31.7927     68.927    6.64963     8.5866     8.5939    24.6702   11.99024 5.4943e-02     69.589 0.0000e+00
        627 205.683872    0.04347     2.6083    156.500  1024.9884  50228.830    31.7928     69.143    6.64965     8.5865     8.5937    24.6703   11.99029 5.4761e-02     69.807 0.0000e+00
        628 205.683874    0.04354     2.6125    156.750  1024.9894  50229.048    31.7928     69.351    6.64967     8.5864     8.5936    24.6703   11.99032 5.4575e-02     70.017 0.0000e+00
        629 205.683877    0.04361     2.6167    157.000  1024.9904  50229.269    31.7929     69.552    6.64968     8.5863     8.5935    24.6704   11.99034 5.4395e-02     70.220 0.0000e+00
        630 205.683880    0.04368     2.6208    157.250  1024.9913  50229.522    31.7930     69.745    6.64969     8.5862     8.5934    24.6705   11.99034 5.4233e-02     70.415 0.0000e+00
        631 205.683883    0.04375     2.6250    157.500  1024.9922  50229.717    31.7930     69.928    6.64970     8.5861     8.5934    24.6705   11.99035 5.4095e-02     70.599 0.0000e+00
        632 205.683886    0.04382     2.6292    157.750  1024.9930  50229.832    31.7930     70.103    6.64971     8.5860     8.5933    24.6705   11.99038 5.3970e-02     70.777 0.0000e+00
        633 205.683889    0.04389     2.6333    158.000  1024.9938  50229.937    31.7930     70.274    6.64973     8.5858     8.5932    24.6705   11.99041 5.3850e-02     70.950 0.0000e+00
        634 205.683892    0.04396     2.6375    158.250  1024.9947  50230.086    31.7930     70.446    6.64975     8.5857     8.5931    24.6706   11.99044 5.3743e-02     71.124 0.0000e+00
        635 205.683895    0.04403     2.6417    158.500  1024.9955  50230.288    31.7931     70.623    6.64976     8.5856     8.5929    24.6706   11.99047 5.3637e-02     71.302 0.0000e+00
        636 205.683898    0.04410     2.6458    158.750  1024.9965  50230.571    31.7932     70.808    6.64978     8.5855     8.5928    24.6707   11.99049 5.3519e-02     71.489 0.0000e+00
        637 205.683900    0.04417     2.6500    159.000  1024.9975  50230.871    31.7933     71.002    6.64978     8.5855     8.5927    24.6708   11.99050 5.3403e-02     71.684 0.0000e+00
        638 205.683903    0.04424     2.6542    159.250  1024.9985  50231.118    31.7934     71.202    6.64978     8.5854     8.5927    24.6709   11.99050 5.3280e-02     71.887 0.0000e+00
        639 205.683906    0.04431     2.6583    159.500  1024.9995  50231.352    31.7934     71.409    6.64978     8.5854     8.5927    24.6709   11.99049 5.3156e-02     72.095 0.0000e+00
        640 205.683909    0.04437     2.6625    159.750  1025.0005  50231.580    31.7935     71.618    6.64978     8.5853     8.5927    24.6710   11.99049 5.3061e-02     72.306 0.0000e+00
        641 205.683912    0.04444     2.6667    160.000  1025.0015  50231.808    31.7935     71.828    6.64978     8.5852     8.5926    24.6710   11.99050 5.2983e-02     72.518 0.0000e+00
        642 205.683915    0.04451     2.6708    160.250  1025.0025  50232.020    31.7936     72.036    6.64979     8.5851     8.5926    24.6711   11.99051 5.2893e-02     72.728 0.0000e+00
        643 205.683918    0.04458     2.6750    160.500  1025.0035  50232.181    31.7936     72.244    6.64981     8.5849     8.5925    24.6711   11.99054 5.2772e-02     72.938 0.0000e+00
        644 205.683921    0.04465     2.6792    160.750  1025.0045  50232.341    31.7936     72.451    6.64982     8.5848     8.5923    24.6711   11.99056 5.2627e-02     73.148 0.0000e+00
        645 205.683924    0.04472     2.6833    161.000  1025.0055  50232.532    31.7936     72.658    6.64984     8.5847     8.5922    24.6712   11.99059 5.2484e-02     73.357 0.0000e+00
        646 205.683927    0.04479     2.6875    161.250  1025.0065  50232.729    31.7936     72.864    6.64985     8.5846     8.5921    24.6712   11.99061 5.2353e-02     73.565 0.0000e+00
        647 205.683929    0.04486     2.6917    161.500  1025.0075  50232.921    31.7937     73.070    6.64986     8.5845     8.5920    24.6713   11.99063 5.2226e-02     73.773 0.0000e+00
        648 205.683932    0.04493     2.6958    161.750  1025.0085  50233.120    31.7937     73.273    6.64988     8.5844     8.5919    24.6713   11.99065 5.2100e-02     73.978 0.0000e+00
        649 205.683935    0.04500     2.7000    162.000  1025.0094  50233.303    31.7937     73.470    6.64989     8.5843     8.5919    24.6714   11.99067 5.1969e-02     74.176 0.0000e+00
        650 205.683938    0.04507     2.7042    162.250  1025.0103  50233.439    31.7937     73.657    6.64990     8.5841     8.5918    24.6714   11.99069 5.1834e-02     74.365 0.0000e+00
        651 205.683941    0.04514     2.7083    162.500  1025.0111  50233.573    31.7938     73.830    6.64991     8.5840     8.5917    24.6714   11.99071 5.1714e-02     74.541 0.0000e+00
        652 205.683944    0.04521     2.7125    162.750  1025.0118  50233.740    31.7938     73.987    6.64993     8.5838     8.5916    24.6714   11.99073 5.1628e-02     74.699 0.0000e+00
        653 205.683947    0.04528     2.7167    163.000  1025.0125  50233.847    31.7938     74.126    6.64994     8.5836     8.5915    24.6715   11.99076 5.1569e-02     74.839 0.0000e+00
        654 205.683950    0.04535     2.7208    163.250  1025.0130  50233.847    31.7937     74.243    6.64997     8.5835     8.5914    24.6714   11.99080 5.1520e-02     74.958 0.0000e+00
        655 205.683953    0.04542     2.7250    163.500  1025.0134  50233.857    31.7936     74.335    6.65000     8.5834     8.5912    24.6714   11.99085 5.1477e-02     75.051 0.0000e+00
        656 205.683955    0.04549     2.7292    163.750  1025.0137  50233.952    31.7937     74.396    6.65002 -9.990e-29     8.5910    24.6715   11.99089 5.1448e-02     75.112 0.0000e+00
        657 205.683958    0.04556     2.7333    164.000  1025.0138  50234.020    31.7937     74.417    6.65003 -9.990e-29     8.5909    24.6715   11.99091 5.1440e-02     75.134 0.0000e+00
