CTD-processing/allCTD/CNV--homogene/2014_04-07_t7_s02_cast267.cnv
* Sea-Bird SBE19plus Data File:
* FileName = C:\Users\kris.holderied\Documents\kasitsna\Research-Projects-and-Data\Oceanography-AK\CTD-CookInlet-GulfWatchAK\2014-04-EVOSTC-CookInlet-Ocean\2014-04-07-CookInlet-Tran7-Augustine\2014-04-07-CookInlet-Tran7-cast267.hex
* Software Version 1.59
* Temperature SN =  5028
* Conductivity SN =  5028
* System UpLoad Time = Apr 09 2014 11:55:18
** Cook Inlet LTM Transect 7 (Augustine) west to east
** Date: 7 Apr 2014
** Station: 7-02
** Start time: 03:28
** Depth (m): 42
** Comment:  CTD instrument time is AK Daylight time
** Comment:
# nquan = 17
# nvalues = 466                         
# units = specified
# name 0 = scan: Scan Count
# name 1 = timeJ: Julian Days
# name 2 = timeH: Time, Elapsed [hours]
# name 3 = timeM: Time, Elapsed [minutes]
# name 4 = timeS: Time, Elapsed [seconds]
# name 5 = density00: Density [density, kg/m^3]
# name 6 = specc: Specific Conductance [uS/cm]
# name 7 = sal00: Salinity, Practical [PSU]
# name 8 = depSM: Depth [salt water, m], lat = 59.00
# name 9 = oxsolML/L: Oxygen Saturation, Garcia & Gordon [ml/l]
# name 10 = potemp090C: Potential Temperature [ITS-90, deg C]
# name 11 = tv290C: Temperature [ITS-90, deg C]
# name 12 = sigma-é00: Density [sigma-theta, kg/m^3]
# name 13 = n2satML/L: Nitrogen Saturation [ml/l]
# name 14 = par: PAR/Irradiance, Biospherical/Licor
# name 15 = prdM: Pressure, Strain Gauge [db]
# name 16 = flag:  0.000e+00
# span 0 =          1,        466       
# span 1 =  97.144375,  97.145720       
# span 2 =    0.00000,    0.03229       
# span 3 =     0.0000,     1.9375       
# span 4 =      0.000,    116.250       
# span 5 =  1000.7551,  1025.1234       
# span 6 =   1980.567,  51201.086       
# span 7 =     0.9714,    31.2834       
# span 8 =     -0.179,     41.934       
# span 9 =    7.62491,    9.09234       
# span 10 =     2.5276,     4.0879      
# span 11 =     2.5277,     4.0879      
# span 12 =     0.7560,    24.9309      
# span 13 =   13.60793,   16.50123      
# span 14 = 4.2370e-02, 1.0850e+00      
# span 15 =     -0.181,     42.334      
# span 16 = 0.0000e+00, 0.0000e+00      
# interval = seconds: 0.25
# start_time = Apr 07 2014 03:27:54 [Instrument's time stamp, header]
# bad_flag = -9.990e-29
*END*
[from data line 256]
        257  97.145116    0.01778     1.0667     64.000  1024.7877  50887.169    31.0855      1.047    7.67516     2.7135     2.7343    24.7827   13.69348 5.1137e-02      1.056 0.0000e+00
        258  97.145119    0.01785     1.0708     64.250  1024.7917  50896.565    31.0896      1.063    7.67650     2.6980     2.7262    24.7866   13.69564 5.1491e-02      1.072 0.0000e+00
        259  97.145122    0.01792     1.0750     64.500  1024.7998  50914.609    31.0984      1.082    7.67847     2.6831     2.7135    24.7946   13.69877 5.2251e-02      1.092 0.0000e+00
        260  97.145124    0.01799     1.0792     64.750  1024.8114  50939.894    31.1112      1.102    7.68078     2.6718     2.6980    24.8061   13.70240 5.3312e-02      1.112 0.0000e+00
        261  97.145127    0.01806     1.0833     65.000  1024.8248  50968.483    31.1265      1.118    7.68284     2.6652     2.6831    24.8194   13.70560 5.4488e-02      1.129 0.0000e+00
        262  97.145130    0.01812     1.0875     65.250  1024.8378  50995.586    31.1418      1.130    7.68422     2.6632     2.6718    24.8325   13.70767 5.5558e-02      1.140 0.0000e+00
        263  97.145133    0.01819     1.0917     65.500  1024.8484  51016.911    31.1544      1.134    7.68481     2.6657     2.6652    24.8431   13.70849 5.6410e-02      1.144 0.0000e+00
        264  97.145136    0.01826     1.0958     65.750  1024.8551  51029.750    31.1625      1.130    7.68477     2.6722     2.6632    24.8497   13.70832 5.7000e-02      1.140 0.0000e+00
        265  97.145139    0.01833     1.1000     66.000  1024.8565  51031.864    31.1646      1.120    7.68419     2.6805     2.6657    24.8512   13.70732 5.7200e-02      1.130 0.0000e+00
        266  97.145142    0.01840     1.1042     66.250  1024.8521  51022.134    31.1598      1.106    7.68318     2.6875     2.6722    24.8468   13.70573 5.6853e-02      1.116 0.0000e+00
        267  97.145145    0.01847     1.1083     66.500  1024.8428  51002.959    31.1491      1.091    7.68215     2.6911     2.6805    24.8377   13.70416 5.5986e-02      1.101 0.0000e+00
        268  97.145148    0.01854     1.1125     66.750  1024.8306  50978.513    31.1345      1.077    7.68156     2.6903     2.6876    24.8255   13.70339 5.4857e-02      1.087 0.0000e+00
        269  97.145150    0.01861     1.1167     67.000  1024.8167  50951.775    31.1175      1.066    7.68176     2.6843     2.6912    24.8116   13.70395 5.3701e-02      1.076 0.0000e+00
        270  97.145153    0.01868     1.1208     67.250  1024.8011  50923.128    31.0980      1.059    7.68295     2.6714     2.6903    24.7961   13.70617 5.2623e-02      1.069 0.0000e+00
        271  97.145156    0.01875     1.1250     67.500  1024.7825  50890.033    31.0741      1.057    7.68537     2.6502     2.6843    24.7775   13.71048 5.1672e-02      1.067 0.0000e+00
        272  97.145159    0.01882     1.1292     67.750  1024.7628  50856.669    31.0482      1.058    7.68922     2.6235     2.6714    24.7578   13.71718 5.0894e-02      1.069 0.0000e+00
        273  97.145162    0.01889     1.1333     68.000  1024.7511  50840.136    31.0314      1.064    7.69417     2.5971     2.6503    24.7460   13.72558 5.0329e-02      1.074 0.0000e+00
        274  97.145165    0.01896     1.1375     68.250  1024.7524  50849.289    31.0303      1.073    7.69938     2.5755     2.6235    24.7472   13.73419 4.9970e-02      1.083 0.0000e+00
        275  97.145168    0.01903     1.1417     68.500  1024.7614  50872.747    31.0390      1.086    7.70402     2.5596     2.5971    24.7562   13.74171 4.9812e-02      1.096 0.0000e+00
        276  97.145171    0.01910     1.1458     68.750  1024.7714  50896.892    31.0494      1.102    7.70764     2.5487     2.5755    24.7662   13.74755 4.9921e-02      1.113 0.0000e+00
        277  97.145174    0.01917     1.1500     69.000  1024.7797  50916.274    31.0582      1.125    7.71024     2.5414     2.5597    24.7744   13.75173 5.0382e-02      1.136 0.0000e+00
        278  97.145177    0.01924     1.1542     69.250  1024.7858  50930.153    31.0646      1.156    7.71202     2.5365     2.5487    24.7803   13.75457 5.1247e-02      1.167 0.0000e+00
        279  97.145179    0.01931     1.1583     69.500  1024.7900  50939.503    31.0688      1.201    7.71321     2.5333     2.5414    24.7843   13.75647 5.2546e-02      1.212 0.0000e+00
        280  97.145182    0.01938     1.1625     69.750  1024.7928  50945.519    31.0715      1.264    7.71400     2.5311     2.5366    24.7868   13.75774 5.4162e-02      1.275 0.0000e+00
        281  97.145185    0.01944     1.1667     70.000  1024.7948  50949.452    31.0733      1.347    7.71454     2.5296     2.5333    24.7884   13.75860 5.5787e-02      1.360 0.0000e+00
        282  97.145188    0.01951     1.1708     70.250  1024.7965  50952.349    31.0746      1.448    7.71489     2.5287     2.5311    24.7896   13.75917 5.7148e-02      1.462 0.0000e+00
        283  97.145191    0.01958     1.1750     70.500  1024.7979  50954.376    31.0755      1.563    7.71513     2.5281     2.5297    24.7905   13.75954 5.8113e-02      1.578 0.0000e+00
        284  97.145194    0.01965     1.1792     70.750  1024.7990  50955.563    31.0760      1.689    7.71528     2.5277     2.5288    24.7909   13.75979 5.8719e-02      1.705 0.0000e+00
        285  97.145197    0.01972     1.1833     71.000  1024.7999  50956.441    31.0764      1.826    7.71537     2.5276     2.5282    24.7912   13.75994 5.9134e-02      1.843 0.0000e+00
        286  97.145200    0.01979     1.1875     71.250  1024.8011  50957.425    31.0768      1.976    7.71542     2.5278     2.5278    24.7917   13.76001 5.9437e-02      1.994 0.0000e+00
        287  97.145203    0.01986     1.1917     71.500  1024.8023  50958.426    31.0774      2.141    7.71541     2.5282     2.5277    24.7921   13.75999 5.9565e-02      2.162 0.0000e+00
        288  97.145205    0.01993     1.1958     71.750  1024.8035  50959.007    31.0777      2.324    7.71535     2.5286     2.5279    24.7924   13.75989 5.9456e-02      2.347 0.0000e+00
        289  97.145208    0.02000     1.2000     72.000  1024.8044  50959.020    31.0777      2.524    7.71528     2.5289     2.5283    24.7923   13.75977 5.9139e-02      2.548 0.0000e+00
        290  97.145211    0.02007     1.2042     72.250  1024.8052  50958.743    31.0775      2.738    7.71520     2.5292     2.5287    24.7922   13.75965 5.8673e-02      2.764 0.0000e+00
        291  97.145214    0.02014     1.2083     72.500  1024.8061  50958.451    31.0773      2.960    7.71514     2.5295     2.5291    24.7920   13.75955 5.8042e-02      2.989 0.0000e+00
        292  97.145217    0.02021     1.2125     72.750  1024.8070  50958.274    31.0772      3.187    7.71509     2.5296     2.5294    24.7918   13.75947 5.7183e-02      3.218 0.0000e+00
        293  97.145220    0.02028     1.2167     73.000  1024.8080  50958.193    31.0771      3.416    7.71505     2.5298     2.5296    24.7917   13.75940 5.6108e-02      3.448 0.0000e+00
        294  97.145223    0.02035     1.2208     73.250  1024.8090  50958.170    31.0770      3.643    7.71502     2.5299     2.5298    24.7916   13.75936 5.4957e-02      3.677 0.0000e+00
        295  97.145226    0.02042     1.2250     73.500  1024.8100  50958.172    31.0769      3.868    7.71500     2.5300     2.5299    24.7916   13.75932 5.3859e-02      3.904 0.0000e+00
        296  97.145229    0.02049     1.2292     73.750  1024.8110  50958.202    31.0768      4.089    7.71497     2.5302     2.5301    24.7915   13.75928 5.2845e-02      4.128 0.0000e+00
        297  97.145231    0.02056     1.2333     74.000  1024.8121  50958.380    31.0769      4.310    7.71494     2.5305     2.5302    24.7916   13.75923 5.1884e-02      4.350 0.0000e+00
        298  97.145234    0.02063     1.2375     74.250  1024.8132  50958.583    31.0770      4.530    7.71490     2.5307     2.5305    24.7916   13.75916 5.0955e-02      4.572 0.0000e+00
        299  97.145237    0.02069     1.2417     74.500  1024.8141  50958.386    31.0768      4.751    7.71486     2.5309     2.5308    24.7914   13.75909 5.0064e-02      4.796 0.0000e+00
        300  97.145240    0.02076     1.2458     74.750  1024.8148  50957.730    31.0763      4.976    7.71483     2.5310     2.5311    24.7910   13.75904 4.9238e-02      5.023 0.0000e+00
        301  97.145243    0.02083     1.2500     75.000  1024.8154  50957.059    31.0758      5.204    7.71482     2.5311     2.5312    24.7906   13.75904 4.8497e-02      5.253 0.0000e+00
        302  97.145246    0.02090     1.2542     75.250  1024.8165  50957.095    31.0757      5.435    7.71481     2.5313     2.5313    24.7905   13.75902 4.7837e-02      5.487 0.0000e+00
        303  97.145249    0.02097     1.2583     75.500  1024.8180  50958.063    31.0763      5.667    7.71476     2.5317     2.5314    24.7910   13.75893 4.7238e-02      5.721 0.0000e+00
        304  97.145252    0.02104     1.2625     75.750  1024.8196  50959.178    31.0769      5.897    7.71468     2.5322     2.5316    24.7915   13.75879 4.6692e-02      5.953 0.0000e+00
        305  97.145255    0.02111     1.2667     76.000  1024.8211  50959.981    31.0775      6.123    7.71458     2.5330     2.5320    24.7919   13.75861 4.6198e-02      6.181 0.0000e+00
        306  97.145258    0.02118     1.2708     76.250  1024.8227  50960.981    31.0782      6.342    7.71443     2.5340     2.5325    24.7924   13.75837 4.5761e-02      6.402 0.0000e+00
        307  97.145260    0.02125     1.2750     76.500  1024.8245  50962.479    31.0793      6.553    7.71423     2.5355     2.5333    24.7933   13.75801 4.5381e-02      6.616 0.0000e+00
        308  97.145263    0.02132     1.2792     76.750  1024.8263  50963.959    31.0805      6.758    7.71395     2.5373     2.5344    24.7941   13.75754 4.5051e-02      6.822 0.0000e+00
        309  97.145266    0.02139     1.2833     77.000  1024.8280  50965.023    31.0815      6.958    7.71361     2.5392     2.5359    24.7948   13.75697 4.4768e-02      7.024 0.0000e+00
        310  97.145269    0.02146     1.2875     77.250  1024.8294  50965.609    31.0822      7.155    7.71323     2.5411     2.5377    24.7953   13.75633 4.4521e-02      7.223 0.0000e+00
        311  97.145272    0.02153     1.2917     77.500  1024.8305  50965.613    31.0827      7.354    7.71284     2.5430     2.5396    24.7955   13.75567 4.4300e-02      7.424 0.0000e+00
        312  97.145275    0.02160     1.2958     77.750  1024.8315  50965.343    31.0829      7.557    7.71245     2.5447     2.5415    24.7955   13.75503 4.4113e-02      7.629 0.0000e+00
        313  97.145278    0.02167     1.3000     78.000  1024.8327  50965.281    31.0833      7.768    7.71207     2.5466     2.5434    24.7956   13.75441 4.3965e-02      7.841 0.0000e+00
        314  97.145281    0.02174     1.3042     78.250  1024.8341  50965.709    31.0839      7.987    7.71169     2.5486     2.5451    24.7960   13.75377 4.3840e-02      8.063 0.0000e+00
        315  97.145284    0.02181     1.3083     78.500  1024.8360  50966.861    31.0851      8.216    7.71127     2.5510     2.5470    24.7968   13.75307 4.3709e-02      8.294 0.0000e+00
        316  97.145286    0.02187     1.3125     78.750  1024.8381  50968.447    31.0866      8.454    7.71079     2.5536     2.5490    24.7978   13.75226 4.3582e-02      8.534 0.0000e+00
        317  97.145289    0.02194     1.3167     79.000  1024.8402  50969.668    31.0879      8.698    7.71026     2.5564     2.5514    24.7987   13.75136 4.3483e-02      8.781 0.0000e+00
        318  97.145292    0.02201     1.3208     79.250  1024.8419  50970.182    31.0889      8.948    7.70969     2.5593     2.5541    24.7993   13.75041 4.3408e-02      9.032 0.0000e+00
        319  97.145295    0.02208     1.3250     79.500  1024.8435  50970.436    31.0897      9.200    7.70911     2.5622     2.5569    24.7997   13.74943 4.3341e-02      9.287 0.0000e+00
        320  97.145298    0.02215     1.3292     79.750  1024.8453  50970.914    31.0906      9.455    7.70851     2.5651     2.5597    24.8003   13.74843 4.3280e-02      9.544 0.0000e+00
        321  97.145301    0.02222     1.3333     80.000  1024.8471  50971.393    31.0916      9.707    7.70790     2.5681     2.5626    24.8008   13.74741 4.3229e-02      9.799 0.0000e+00
        322  97.145304    0.02229     1.3375     80.250  1024.8487  50971.642    31.0924      9.956    7.70728     2.5711     2.5656    24.8013   13.74638 4.3205e-02     10.050 0.0000e+00
        323  97.145307    0.02236     1.3417     80.500  1024.8504  50972.112    31.0934     10.199    7.70665     2.5743     2.5686    24.8018   13.74533 4.3223e-02     10.296 0.0000e+00
        324  97.145310    0.02243     1.3458     80.750  1024.8524  50973.058    31.0947     10.435    7.70599     2.5777     2.5716    24.8026   13.74422 4.3305e-02     10.534 0.0000e+00
        325  97.145313    0.02250     1.3500     81.000  1024.8544  50974.030    31.0961     10.662    7.70530     2.5811     2.5749    24.8035   13.74306 4.3490e-02     10.763 0.0000e+00
        326  97.145315    0.02257     1.3542     81.250  1024.8560  50974.510    31.0972     10.881    7.70459     2.5844     2.5782    24.8042   13.74187 4.3845e-02     10.984 0.0000e+00
        327  97.145318    0.02264     1.3583     81.500  1024.8575  50974.592    31.0981     11.093    7.70388     2.5876     2.5816    24.8046   13.74070 4.4470e-02     11.198 0.0000e+00
        328  97.145321    0.02271     1.3625     81.750  1024.8590  50974.867    31.0991     11.300    7.70320     2.5907     2.5849    24.8051   13.73955 4.5024e-02     11.407 0.0000e+00
        329  97.145324    0.02278     1.3667     82.000  1024.8607  50975.581    31.1003     11.504    7.70251     2.5939     2.5881    24.8059   13.73841 4.4962e-02     11.612 0.0000e+00
        330  97.145327    0.02285     1.3708     82.250  1024.8626  50976.673    31.1018     11.706    7.70182     2.5973     2.5913    24.8068   13.73725 4.4506e-02     11.817 0.0000e+00
        331  97.145330    0.02292     1.3750     82.500  1024.8648  50978.305    31.1037     11.910    7.70110     2.6011     2.5945    24.8081   13.73604 4.4098e-02     12.022 0.0000e+00
        332  97.145333    0.02299     1.3792     82.750  1024.8676  50980.904    31.1062     12.116    7.70031     2.6055     2.5979    24.8099   13.73470 4.3811e-02     12.231 0.0000e+00
        333  97.145336    0.02306     1.3833     83.000  1024.8711  50984.781    31.1098     12.326    7.69940     2.6108     2.6017    24.8124   13.73314 4.3625e-02     12.442 0.0000e+00
        334  97.145339    0.02313     1.3875     83.250  1024.8754  50989.925    31.1143     12.540    7.69831     2.6171     2.6061    24.8157   13.73129 4.3502e-02     12.658 0.0000e+00
        335  97.145341    0.02319     1.3917     83.500  1024.8802  50995.788    31.1196     12.757    7.69701     2.6241     2.6114    24.8195   13.72907 4.3401e-02     12.877 0.0000e+00
        336  97.145344    0.02326     1.3958     83.750  1024.8843  50999.966    31.1240     12.978    7.69556     2.6308     2.6177    24.8225   13.72661 4.3310e-02     13.100 0.0000e+00
        337  97.145347    0.02333     1.4000     84.000  1024.8863  51000.034    31.1258     13.203    7.69411     2.6366     2.6247    24.8235   13.72420 4.3234e-02     13.328 0.0000e+00
        338  97.145350    0.02340     1.4042     84.250  1024.8866  50997.056    31.1255     13.432    7.69282     2.6413     2.6315    24.8227   13.72208 4.3165e-02     13.559 0.0000e+00
        339  97.145353    0.02347     1.4083     84.500  1024.8865  50993.505    31.1245     13.664    7.69175     2.6449     2.6373    24.8215   13.72033 4.3114e-02     13.793 0.0000e+00
        340  97.145356    0.02354     1.4125     84.750  1024.8866  50990.504    31.1236     13.899    7.69090     2.6478     2.6420    24.8204   13.71893 4.3083e-02     14.031 0.0000e+00
