CTD-processing/allCTD/CNV--homogene/2014_07-21_t9_s07_cast161.cnv
* Sea-Bird SBE19plus Data File:
* FileName = C:\Users\kris.holderied\Documents\kasitsna\Research-Projects-and-Data\Oceanography-AK\CTD-Data-ALL-to-2014-06\2014-CTD-KachemakBay-CookInlet\2014-07-EVOSTC-CookInlet-quarterly\2014-07-21-CookInlet-Tran9-HomerSpit\2014-07-21-CookInlet-Tran9-cast161.hex
* Software Version 1.59
* Temperature SN =  4141
* Conductivity SN =  4141
* System UpLoad Time = Jul 21 2014 17:54:09
** Cook Inlet LTM Transect 9 (Homer Spit) North to South
** Date: 07-21
** Station: 9-07
** Start time: 15:46
** Depth (m): 97.2
** Comment:  CTD time is Alaska Daylight time. 96 sec downcast.
** Comment:
# nquan = 17
# nvalues = 938                         
# units = specified
# name 0 = scan: Scan Count
# name 1 = timeJ: Julian Days
# name 2 = timeH: Time, Elapsed [hours]
# name 3 = timeM: Time, Elapsed [minutes]
# name 4 = timeS: Time, Elapsed [seconds]
# name 5 = density00: Density [density, kg/m^3]
# name 6 = specc: Specific Conductance [uS/cm]
# name 7 = sal00: Salinity, Practical [PSU]
# name 8 = depSM: Depth [salt water, m], lat = 59.00
# name 9 = oxsolML/L: Oxygen Saturation, Garcia & Gordon [ml/l]
# name 10 = potemp090C: Potential Temperature [ITS-90, deg C]
# name 11 = tv290C: Temperature [ITS-90, deg C]
# name 12 = sigma-é00: Density [sigma-theta, kg/m^3]
# name 13 = n2satML/L: Nitrogen Saturation [ml/l]
# name 14 = par: PAR/Irradiance, Biospherical/Licor
# name 15 = prdM: Pressure, Strain Gauge [db]
# name 16 = flag:  0.000e+00
# span 0 =          1,        938       
# span 1 = 202.656968, 202.659679       
# span 2 =    0.00000,    0.06507       
# span 3 =     0.0000,     3.9042       
# span 4 =      0.000,    234.250       
# span 5 =   999.6668,  1025.0678       
# span 6 =    416.273,  50128.798       
# span 7 =     0.1980,    31.6448       
# span 8 =      0.000,     97.915       
# span 9 =    6.22957,    7.55062       
# span 10 =     8.1609,    13.8590      
# span 11 =     8.1705,    13.8592      
# span 12 =    -0.3333,    24.6166      
# span 13 =   11.38344,   13.91583      
# span 14 = 3.6655e-02, 8.1327e+00      
# span 15 =      0.000,     98.863      
# span 16 = 0.0000e+00, 0.0000e+00      
# interval = seconds: 0.25
# start_time = Jul 21 2014 15:46:02 [Instrument's time stamp, header]
# bad_flag = -9.990e-29
*END*
[from data line 852]
        853 202.659433    0.05917     3.5500    213.000  1024.8890  49958.565    31.5817     79.804    6.67534     8.4751     8.4829    24.5215   12.03536 4.1808e-02     80.573 0.0000e+00
        854 202.659436    0.05924     3.5542    213.250  1024.8906  49959.381    31.5822     80.082    6.67531     8.4751     8.4830    24.5219   12.03530 4.1855e-02     80.853 0.0000e+00
        855 202.659439    0.05931     3.5583    213.500  1024.8923  49960.431    31.5828     80.356    6.67527     8.4752     8.4831    24.5223   12.03523 4.1901e-02     81.130 0.0000e+00
        856 202.659442    0.05937     3.5625    213.750  1024.8942  49961.846    31.5837     80.625    6.67522     8.4752     8.4832    24.5230   12.03513 4.1955e-02     81.402 0.0000e+00
        857 202.659444    0.05944     3.5667    214.000  1024.8962  49963.437    31.5847     80.885    6.67516     8.4752     8.4833    24.5238   12.03503 4.2017e-02     81.665 0.0000e+00
        858 202.659447    0.05951     3.5708    214.250  1024.8981  49964.824    31.5855     81.135    6.67512     8.4751     8.4833    24.5245   12.03495 4.2075e-02     81.917 0.0000e+00
        859 202.659450    0.05958     3.5750    214.500  1024.8997  49965.899    31.5862     81.372    6.67509     8.4750     8.4833    24.5250   12.03490 4.2120e-02     82.157 0.0000e+00
        860 202.659453    0.05965     3.5792    214.750  1024.9011  49966.849    31.5867     81.598    6.67508     8.4747     8.4832    24.5254   12.03487 4.2133e-02     82.384 0.0000e+00
        861 202.659456    0.05972     3.5833    215.000  1024.9026  49967.815    31.5873     81.813    6.67507     8.4744     8.4831    24.5259   12.03485 4.2135e-02     82.601 0.0000e+00
        862 202.659459    0.05979     3.5875    215.250  1024.9040  49968.705    31.5878     82.020    6.67508     8.4739     8.4829    24.5263   12.03485 4.2159e-02     82.810 0.0000e+00
        863 202.659462    0.05986     3.5917    215.500  1024.9053  49969.415    31.5881     82.224    6.67511     8.4732     8.4826    24.5266   12.03490 4.2198e-02     83.017 0.0000e+00
        864 202.659465    0.05993     3.5958    215.750  1024.9064  49969.924    31.5883     82.429    6.67517     8.4723     8.4821    24.5269   12.03500 4.2243e-02     83.224 0.0000e+00
        865 202.659468    0.06000     3.6000    216.000  1024.9075  49970.276    31.5884     82.639    6.67527     8.4712     8.4815    24.5270   12.03516 4.2288e-02     83.436 0.0000e+00
        866 202.659470    0.06007     3.6042    216.250  1024.9086  49970.571    31.5883     82.857    6.67540     8.4699     8.4806    24.5271   12.03538 4.2338e-02     83.656 0.0000e+00
        867 202.659473    0.06014     3.6083    216.500  1024.9098  49970.806    31.5882     83.085    6.67557     8.4684     8.4795    24.5272   12.03566 4.2401e-02     83.886 0.0000e+00
        868 202.659476    0.06021     3.6125    216.750  1024.9109  49970.970    31.5880     83.323    6.67577     8.4666     8.4782    24.5273   12.03599 4.2457e-02     84.126 0.0000e+00
        869 202.659479    0.06028     3.6167    217.000  1024.9122  49971.170    31.5878     83.573    6.67600     8.4645     8.4767    24.5273   12.03638 4.2500e-02     84.378 0.0000e+00
        870 202.659482    0.06035     3.6208    217.250  1024.9134  49971.366    31.5876     83.833    6.67627     8.4620     8.4750    24.5274   12.03683 4.2534e-02     84.641 0.0000e+00
        871 202.659485    0.06042     3.6250    217.500  1024.9147  49971.544    31.5873     84.102    6.67660     8.4588     8.4729    24.5275   12.03737 4.2555e-02     84.913 0.0000e+00
        872 202.659488    0.06049     3.6292    217.750  1024.9161  49971.807    31.5870     84.376    6.67699     8.4550     8.4704    24.5276   12.03803 4.2569e-02     85.190 0.0000e+00
        873 202.659491    0.06056     3.6333    218.000  1024.9174  49971.898    31.5864     84.652    6.67748     8.4500     8.4673    24.5276   12.03884 4.2595e-02     85.468 0.0000e+00
        874 202.659494    0.06062     3.6375    218.250  1024.9184  49971.375    31.5854     84.923    6.67810     8.4435     8.4634    24.5274   12.03989 4.2631e-02     85.742 0.0000e+00
        875 202.659497    0.06069     3.6417    218.500  1024.9190  49970.160    31.5837     85.185    6.67892     8.4355     8.4585    24.5268   12.04127 4.2667e-02     86.007 0.0000e+00
        876 202.659499    0.06076     3.6458    218.750  1024.9198  49969.298    31.5820     85.435    6.67997     8.4267     8.4520    24.5264   12.04301 4.2714e-02     86.259 0.0000e+00
        877 202.659502    0.06083     3.6500    219.000  1024.9217  49970.474    31.5815     85.670    6.68118     8.4178     8.4441    24.5272   12.04503 4.2770e-02     86.497 0.0000e+00
        878 202.659505    0.06090     3.6542    219.250  1024.9249  49974.107    31.5826     85.891    6.68246     8.4097     8.4352    24.5293   12.04714 4.2812e-02     86.720 0.0000e+00
        879 202.659508    0.06097     3.6583    219.500  1024.9289  49979.237    31.5848     86.103    6.68370     8.4026     8.4264    24.5323   12.04915 4.2839e-02     86.934 0.0000e+00
        880 202.659511    0.06104     3.6625    219.750  1024.9330  49984.649    31.5872     86.309    6.68481     8.3964     8.4183    24.5354   12.05096 4.2866e-02     87.142 0.0000e+00
        881 202.659514    0.06111     3.6667    220.000  1024.9368  49989.576    31.5895     86.515    6.68578     8.3909     8.4112    24.5383   12.05254 4.2900e-02     87.350 0.0000e+00
        882 202.659517    0.06118     3.6708    220.250  1024.9400  49993.534    31.5912     86.725    6.68663     8.3857     8.4050    24.5405   12.05393 4.2952e-02     87.562 0.0000e+00
        883 202.659520    0.06125     3.6750    220.500  1024.9426  49996.328    31.5923     86.940    6.68741     8.3806     8.3996    24.5421   12.05520 4.3010e-02     87.779 0.0000e+00
        884 202.659523    0.06132     3.6792    220.750  1024.9449  49998.509    31.5929     87.160    6.68816     8.3753     8.3944    24.5434   12.05643 4.3074e-02     88.001 0.0000e+00
        885 202.659525    0.06139     3.6833    221.000  1024.9472  50000.683    31.5935     87.386    6.68890     8.3699     8.3893    24.5447   12.05765 4.3149e-02     88.229 0.0000e+00
        886 202.659528    0.06146     3.6875    221.250  1024.9497  50003.124    31.5943     87.618    6.68966     8.3644     8.3840    24.5461   12.05890 4.3220e-02     88.463 0.0000e+00
        887 202.659531    0.06153     3.6917    221.500  1024.9525  50006.111    31.5955     87.858    6.69042     8.3592     8.3786    24.5478   12.06015 4.3285e-02     88.705 0.0000e+00
        888 202.659534    0.06160     3.6958    221.750  1024.9557  50009.672    31.5970     88.106    6.69117     8.3543     8.3732    24.5498   12.06136 4.3344e-02     88.957 0.0000e+00
        889 202.659537    0.06167     3.7000    222.000  1024.9589  50013.342    31.5987     88.366    6.69188     8.3494     8.3679    24.5519   12.06252 4.3373e-02     89.219 0.0000e+00
        890 202.659540    0.06174     3.7042    222.250  1024.9618  50016.259    31.5999     88.639    6.69258     8.3439     8.3630    24.5535   12.06365 4.3372e-02     89.495 0.0000e+00
        891 202.659543    0.06181     3.7083    222.500  1024.9639  50017.527    31.5999     88.923    6.69331     8.3369     8.3581    24.5542   12.06487 4.3369e-02     89.781 0.0000e+00
        892 202.659546    0.06187     3.7125    222.750  1024.9651  50017.175    31.5987     89.210    6.69418     8.3282     8.3527    24.5541   12.06633 4.3389e-02     90.072 0.0000e+00
        893 202.659549    0.06194     3.7167    223.000  1024.9664  50017.005    31.5974     89.493    6.69528     8.3182     8.3458    24.5541   12.06817 4.3425e-02     90.358 0.0000e+00
        894 202.659552    0.06201     3.7208    223.250  1024.9692  50019.522    31.5977     89.766    6.69659     8.3084     8.3370    24.5556   12.07034 4.3457e-02     90.634 0.0000e+00
        895 202.659554    0.06208     3.7250    223.500  1024.9738  50025.464    31.6002     90.028    6.69798     8.2997     8.3271    24.5590   12.07261 4.3494e-02     90.898 0.0000e+00
        896 202.659557    0.06215     3.7292    223.750  1024.9795  50033.361    31.6041     90.280    6.69929     8.2924     8.3173    24.5635   12.07472 4.3545e-02     91.152 0.0000e+00
        897 202.659560    0.06222     3.7333    224.000  1024.9849  50040.878    31.6079     90.522    6.70043     8.2861     8.3086    24.5677   12.07656 4.3598e-02     91.396 0.0000e+00
        898 202.659563    0.06229     3.7375    224.250  1024.9892  50046.560    31.6107     90.755    6.70141     8.2806     8.3014    24.5710   12.07814 4.3642e-02     91.632 0.0000e+00
        899 202.659566    0.06236     3.7417    224.500  1024.9929  50051.305    31.6129     90.985    6.70226     8.2760     8.2951    24.5736   12.07951 4.3685e-02     91.864 0.0000e+00
        900 202.659569    0.06243     3.7458    224.750  1024.9968  50056.405    31.6155     91.213    6.70298     8.2724     8.2896    24.5765   12.08067 4.3739e-02     92.094 0.0000e+00
        901 202.659572    0.06250     3.7500    225.000  1025.0007  50061.366    31.6181     91.444    6.70356     8.2698     8.2850    24.5792   12.08160 4.3791e-02     92.327 0.0000e+00
        902 202.659575    0.06257     3.7542    225.250  1025.0038  50065.066    31.6201     91.679    6.70400     8.2674     8.2815    24.5813   12.08231 4.3832e-02     92.565 0.0000e+00
        903 202.659578    0.06264     3.7583    225.500  1025.0059  50067.002    31.6209     91.921    6.70437     8.2647     8.2788    24.5823   12.08290 4.3879e-02     92.809 0.0000e+00
        904 202.659580    0.06271     3.7625    225.750  1025.0073  50067.440    31.6208     92.168    6.70473     8.2614     8.2764    24.5825   12.08351 4.3918e-02     93.059 0.0000e+00
        905 202.659583    0.06278     3.7667    226.000  1025.0086  50067.693    31.6204     92.422    6.70515     8.2578     8.2738    24.5827   12.08421 4.3951e-02     93.315 0.0000e+00
        906 202.659586    0.06285     3.7708    226.250  1025.0106  50069.200    31.6208     92.679    6.70563     8.2544     8.2705    24.5835   12.08499 4.4002e-02     93.575 0.0000e+00
        907 202.659589    0.06292     3.7750    226.500  1025.0132  50071.822    31.6220     92.938    6.70611     8.2514     8.2670    24.5849   12.08578 4.4056e-02     93.836 0.0000e+00
        908 202.659592    0.06299     3.7792    226.750  1025.0158  50074.335    31.6231     93.194    6.70657     8.2484     8.2636    24.5863   12.08652 4.4108e-02     94.095 0.0000e+00
        909 202.659595    0.06306     3.7833    227.000  1025.0178  50075.994    31.6237     93.442    6.70700     8.2451     8.2606    24.5872   12.08722 4.4167e-02     94.345 0.0000e+00
        910 202.659598    0.06313     3.7875    227.250  1025.0195  50077.053    31.6239     93.682    6.70744     8.2415     8.2576    24.5877   12.08795 4.4212e-02     94.587 0.0000e+00
        911 202.659601    0.06319     3.7917    227.500  1025.0213  50078.374    31.6242     93.912    6.70791     8.2377     8.2544    24.5885   12.08873 4.4243e-02     94.820 0.0000e+00
        912 202.659604    0.06326     3.7958    227.750  1025.0234  50080.276    31.6249     94.134    6.70843     8.2338     8.2508    24.5895   12.08958 4.4265e-02     95.044 0.0000e+00
        913 202.659606    0.06333     3.8000    228.000  1025.0256  50082.413    31.6257     94.349    6.70897     8.2300     8.2470    24.5907   12.09047 4.4273e-02     95.261 0.0000e+00
        914 202.659609    0.06340     3.8042    228.250  1025.0279  50084.830    31.6267     94.562    6.70951     8.2263     8.2431    24.5920   12.09135 4.4293e-02     95.476 0.0000e+00
        915 202.659612    0.06347     3.8083    228.500  1025.0305  50087.646    31.6280     94.777    6.71004     8.2230     8.2393    24.5936   12.09220 4.4323e-02     95.694 0.0000e+00
        916 202.659615    0.06354     3.8125    228.750  1025.0332  50090.664    31.6294     94.999    6.71053     8.2201     8.2356    24.5952   12.09299 4.4340e-02     95.917 0.0000e+00
        917 202.659618    0.06361     3.8167    229.000  1025.0358  50093.459    31.6307     95.229    6.71097     8.2174     8.2323    24.5968   12.09370 4.4357e-02     96.150 0.0000e+00
        918 202.659621    0.06368     3.8208    229.250  1025.0380  50095.614    31.6317     95.467    6.71136     8.2148     8.2295    24.5980   12.09434 4.4382e-02     96.391 0.0000e+00
        919 202.659624    0.06375     3.8250    229.500  1025.0400  50097.179    31.6323     95.711    6.71173     8.2119     8.2269    24.5988   12.09495 4.4401e-02     96.638 0.0000e+00
        920 202.659627    0.06382     3.8292    229.750  1025.0418  50098.402    31.6326     95.958    6.71211     8.2087     8.2242    24.5994   12.09558 4.4433e-02     96.887 0.0000e+00
        921 202.659630    0.06389     3.8333    230.000  1025.0434  50099.339    31.6327     96.203    6.71254     8.2046     8.2214    24.5999   12.09628 4.4493e-02     97.134 0.0000e+00
        922 202.659633    0.06396     3.8375    230.250  1025.0447  50099.664    31.6323     96.443    6.71304     8.1992     8.2182    24.6001   12.09713 4.4547e-02     97.376 0.0000e+00
        923 202.659635    0.06403     3.8417    230.500  1025.0456  50099.292    31.6313     96.674    6.71370     8.1924     8.2141    24.5999   12.09822 4.4572e-02     97.609 0.0000e+00
        924 202.659638    0.06410     3.8458    230.750  1025.0469  50099.739    31.6307     96.894    6.71455     8.1849     8.2087    24.6002   12.09963 4.4579e-02     97.831 0.0000e+00
        925 202.659641    0.06417     3.8500    231.000  1025.0497  50102.966    31.6318     97.098    6.71554     8.1779     8.2019    24.6020   12.10125 4.4571e-02     98.038 0.0000e+00
        926 202.659644    0.06424     3.8542    231.250  1025.0538  50108.526    31.6344     97.287    6.71655     8.1721     8.1945    24.6052   12.10289 4.4529e-02     98.228 0.0000e+00
        927 202.659647    0.06431     3.8583    231.500  1025.0580  50114.600    31.6375     97.457    6.71747     8.1675     8.1875    24.6086   12.10437 4.4430e-02     98.401 0.0000e+00
        928 202.659650    0.06438     3.8625    231.750  1025.0618  50120.239    31.6405     97.604    6.71823     8.1642     8.1817    24.6118   12.10559 4.4304e-02     98.549 0.0000e+00
        929 202.659653    0.06444     3.8667    232.000  1025.0650  50124.929    31.6430     97.718    6.71882     8.1622     8.1771    24.6144   12.10653 4.4222e-02     98.663 0.0000e+00
        930 202.659656    0.06451     3.8708    232.250  1025.0671  50127.986    31.6446     97.796    6.71924     8.1612     8.1738    24.6162   12.10722 4.4185e-02     98.742 0.0000e+00
        931 202.659659    0.06458     3.8750    232.500  1025.0678  50128.798    31.6448     97.844    6.71954     8.1609     8.1718    24.6166   12.10771 4.4169e-02     98.792 0.0000e+00
        932 202.659661    0.06465     3.8792    232.750  1025.0668  50126.790    31.6433     97.873    6.71976     8.1611     8.1707    24.6155   12.10810 4.4168e-02     98.821 0.0000e+00
        933 202.659664    0.06472     3.8833    233.000  1025.0641  50121.744    31.6397     97.890    6.71996     8.1617     8.1705    24.6128   12.10847 4.4145e-02     98.837 0.0000e+00
        934 202.659667    0.06479     3.8875    233.250  1025.0608  50115.550    31.6354     97.899    6.72012     8.1624     8.1707    24.6094   12.10878 4.4096e-02     98.847 0.0000e+00
        935 202.659670    0.06486     3.8917    233.500  1025.0578  50110.103    31.6316     97.905    6.72020     8.1632     8.1712    24.6064   12.10896 4.4067e-02     98.853 0.0000e+00
        936 202.659673    0.06493     3.8958    233.750  1025.0552  50105.412    31.6284     97.910    6.72022     8.1636     8.1720    24.6038   12.10904 4.4062e-02     98.858 0.0000e+00
