CTD-processing/allCTD/CNV--homogene/2015_11-04_t3_s11_cast013.cnv
* Sea-Bird SBE19plus Data File:
* FileName = C:\Users\Kris.Holderied\Documents\kasitsna\Research-KBL\Oceanography-AK\CTD-Data-ALL-to-2015-10\2015-CTD-KachemakBay-CookInlet\2015-11-EVOSTC-CookInlet-quarterly\2015-11-04-CookInlet-Tran3-AnchorPt\2015-11-04-CookInlet-Tran3-cast013.hex
* Software Version 1.59
* Temperature SN =  5028
* Conductivity SN =  5028
* System UpLoad Time = Nov 04 2015 14:03:44
** Cook Inlet LTM Tran3 Anchor Pt  Northwest to Southeast

** Date: 11-04
** Station: 3-11
** Start time (AKST): 08:32
** Depth (m): 38.5
** Comment: M/V Ursus.
** Comment:
# nquan = 17
# nvalues = 547                         
# units = specified
# name 0 = scan: Scan Count
# name 1 = timeJ: Julian Days
# name 2 = timeH: Time, Elapsed [hours]
# name 3 = timeM: Time, Elapsed [minutes]
# name 4 = timeS: Time, Elapsed [seconds]
# name 5 = density00: Density [density, kg/m^3]
# name 6 = specc: Specific Conductance [uS/cm]
# name 7 = sal00: Salinity, Practical [PSU]
# name 8 = depSM: Depth [salt water, m], lat = 59.00
# name 9 = oxsolML/L: Oxygen Saturation, Garcia & Gordon [ml/l]
# name 10 = potemp090C: Potential Temperature [ITS-90, deg C]
# name 11 = tv290C: Temperature [ITS-90, deg C]
# name 12 = sigma-é00: Density [sigma-theta, kg/m^3]
# name 13 = n2satML/L: Nitrogen Saturation [ml/l]
# name 14 = par: PAR/Irradiance, Biospherical/Licor
# name 15 = prdM: Pressure, Strain Gauge [db]
# name 16 = flag:  0.000e+00
# span 0 =          1,        547       
# span 1 = 308.354560, 308.356140       
# span 2 =    0.00000,    0.03792       
# span 3 =     0.0000,     2.2750       
# span 4 =      0.000,    136.500       
# span 5 =  1000.7116,  1023.7594       
# span 6 =   1891.991,  48365.989       
# span 7 =     0.9304,    30.5109       
# span 8 =     -0.064,     38.767       
# span 9 =    6.68119,    8.87865       
# span 10 =     5.0073,     8.7714      
# span 11 =     5.0069,     8.7750      
# span 12 =     0.7119,    23.6772      
# span 13 =   12.05906,   16.14355      
# span 14 = 4.9299e-02, 5.8489e+00      
# span 15 =     -0.065,     39.136      
# span 16 = 0.0000e+00, 0.0000e+00      
# interval = seconds: 0.25
# start_time = Nov 04 2015 08:30:34 [Instrument's time stamp, header]
# bad_flag = -9.990e-29
*END*
[from data line 426]
        427 308.355793    0.02958     1.7750    106.500  1023.6800  48227.990    30.4381     21.141    6.68149     8.7707     8.7723    23.5826   12.05953 1.3743e-01     21.342 0.0000e+00
        428 308.355796    0.02965     1.7792    106.750  1023.6806  48227.766    30.4379     21.312    6.68147     8.7708     8.7726    23.5824   12.05949 1.3535e-01     21.514 0.0000e+00
        429 308.355799    0.02972     1.7833    107.000  1023.6812  48227.572    30.4377     21.477    6.68144     8.7709     8.7728    23.5822   12.05946 1.3340e-01     21.681 0.0000e+00
        430 308.355802    0.02979     1.7875    107.250  1023.6818  48227.496    30.4376     21.637    6.68142     8.7709     8.7730    23.5821   12.05942 1.3155e-01     21.843 0.0000e+00
        431 308.355804    0.02986     1.7917    107.500  1023.6825  48227.531    30.4376     21.791    6.68140     8.7710     8.7731    23.5821   12.05940 1.2982e-01     21.999 0.0000e+00
        432 308.355807    0.02993     1.7958    107.750  1023.6832  48227.631    30.4376     21.939    6.68139     8.7710     8.7731    23.5821   12.05938 1.2825e-01     22.148 0.0000e+00
        433 308.355810    0.03000     1.8000    108.000  1023.6839  48227.760    30.4377     22.081    6.68138     8.7711     8.7732    23.5821   12.05936 1.2679e-01     22.291 0.0000e+00
        434 308.355813    0.03007     1.8042    108.250  1023.6845  48227.884    30.4377     22.217    6.68137     8.7711     8.7733    23.5821   12.05935 1.2541e-01     22.429 0.0000e+00
        435 308.355816    0.03014     1.8083    108.500  1023.6851  48227.941    30.4377     22.352    6.68136     8.7712     8.7733    23.5821   12.05933 1.2400e-01     22.564 0.0000e+00
        436 308.355819    0.03021     1.8125    108.750  1023.6857  48227.932    30.4376     22.487    6.68136     8.7712     8.7734    23.5821   12.05932 1.2255e-01     22.701 0.0000e+00
        437 308.355822    0.03028     1.8167    109.000  1023.6863  48227.916    30.4376     22.626    6.68135     8.7712     8.7734    23.5820   12.05932 1.2105e-01     22.841 0.0000e+00
        438 308.355825    0.03035     1.8208    109.250  1023.6869  48227.936    30.4375     22.771    6.68135     8.7712     8.7734    23.5820   12.05932 1.1948e-01     22.988 0.0000e+00
        439 308.355828    0.03042     1.8250    109.500  1023.6876  48228.023    30.4375     22.924    6.68135     8.7712     8.7734    23.5820   12.05932 1.1784e-01     23.142 0.0000e+00
        440 308.355830    0.03049     1.8292    109.750  1023.6884  48228.126    30.4375     23.085    6.68135     8.7712     8.7734    23.5820   12.05932 1.1612e-01     23.304 0.0000e+00
        441 308.355833    0.03056     1.8333    110.000  1023.6892  48228.167    30.4375     23.253    6.68135     8.7713     8.7735    23.5819   12.05931 1.1436e-01     23.474 0.0000e+00
        442 308.355836    0.03062     1.8375    110.250  1023.6899  48228.156    30.4374     23.428    6.68134     8.7713     8.7735    23.5819   12.05930 1.1260e-01     23.650 0.0000e+00
        443 308.355839    0.03069     1.8417    110.500  1023.6906  48228.158    30.4373     23.605    6.68133     8.7713     8.7736    23.5818   12.05929 1.1087e-01     23.829 0.0000e+00
        444 308.355842    0.03076     1.8458    110.750  1023.6914  48228.189    30.4373     23.780    6.68133     8.7713     8.7736    23.5818   12.05928 1.0921e-01     24.006 0.0000e+00
        445 308.355845    0.03083     1.8500    111.000  1023.6922  48228.218    30.4372     23.950    6.68132     8.7714     8.7737    23.5817   12.05927 1.0767e-01     24.177 0.0000e+00
        446 308.355848    0.03090     1.8542    111.250  1023.6929  48228.235    30.4372     24.110    6.68132     8.7714     8.7737    23.5817   12.05926 1.0625e-01     24.339 0.0000e+00
        447 308.355851    0.03097     1.8583    111.500  1023.6935  48228.237    30.4371     24.259    6.68131     8.7714     8.7738    23.5816   12.05926 1.0498e-01     24.489 0.0000e+00
        448 308.355854    0.03104     1.8625    111.750  1023.6941  48228.223    30.4371     24.396    6.68131     8.7714     8.7738    23.5816   12.05926 1.0388e-01     24.628 0.0000e+00
        449 308.355856    0.03111     1.8667    112.000  1023.6946  48228.226    30.4370     24.522    6.68131     8.7713     8.7738    23.5815   12.05926 1.0290e-01     24.755 0.0000e+00
        450 308.355859    0.03118     1.8708    112.250  1023.6951  48228.278    30.4370     24.639    6.68132     8.7713     8.7738    23.5815   12.05926 1.0199e-01     24.873 0.0000e+00
        451 308.355862    0.03125     1.8750    112.500  1023.6956  48228.350    30.4370     24.752    6.68132     8.7713     8.7738    23.5815   12.05926 1.0111e-01     24.987 0.0000e+00
        452 308.355865    0.03132     1.8792    112.750  1023.6961  48228.412    30.4370     24.864    6.68132     8.7713     8.7738    23.5815   12.05926 1.0019e-01     25.100 0.0000e+00
        453 308.355868    0.03139     1.8833    113.000  1023.6967  48228.467    30.4370     24.981    6.68132     8.7713     8.7738    23.5815   12.05926 9.9195e-02     25.218 0.0000e+00
        454 308.355871    0.03146     1.8875    113.250  1023.6972  48228.548    30.4370     25.107    6.68131     8.7713     8.7739    23.5815   12.05925 9.8119e-02     25.345 0.0000e+00
        455 308.355874    0.03153     1.8917    113.500  1023.6979  48228.683    30.4371     25.244    6.68131     8.7713     8.7739    23.5816   12.05924 9.6944e-02     25.484 0.0000e+00
        456 308.355877    0.03160     1.8958    113.750  1023.6986  48228.843    30.4371     25.394    6.68130     8.7713     8.7739    23.5816   12.05924 9.5667e-02     25.635 0.0000e+00
        457 308.355880    0.03167     1.9000    114.000  1023.6994  48229.002    30.4371     25.555    6.68130     8.7713     8.7739    23.5816   12.05923 9.4324e-02     25.798 0.0000e+00
        458 308.355883    0.03174     1.9042    114.250  1023.7002  48229.146    30.4371     25.725    6.68130     8.7714     8.7739    23.5817   12.05923 9.3008e-02     25.970 0.0000e+00
        459 308.355885    0.03181     1.9083    114.500  1023.7011  48229.276    30.4372     25.900    6.68129     8.7714     8.7739    23.5817   12.05922 9.1781e-02     26.146 0.0000e+00
        460 308.355888    0.03188     1.9125    114.750  1023.7019  48229.401    30.4372     26.075    6.68129     8.7714     8.7740    23.5817   12.05921 9.0616e-02     26.323 0.0000e+00
        461 308.355891    0.03194     1.9167    115.000  1023.7027  48229.522    30.4372     26.246    6.68128     8.7714     8.7740    23.5817   12.05920 8.9481e-02     26.496 0.0000e+00
        462 308.355894    0.03201     1.9208    115.250  1023.7035  48229.627    30.4372     26.412    6.68128     8.7714     8.7740    23.5817   12.05920 8.8395e-02     26.663 0.0000e+00
        463 308.355897    0.03208     1.9250    115.500  1023.7042  48229.711    30.4372     26.568    6.68128     8.7714     8.7740    23.5817   12.05919 8.7391e-02     26.821 0.0000e+00
        464 308.355900    0.03215     1.9292    115.750  1023.7048  48229.821    30.4372     26.715    6.68127     8.7714     8.7741    23.5817   12.05918 8.6485e-02     26.969 0.0000e+00
        465 308.355903    0.03222     1.9333    116.000  1023.7055  48229.954    30.4373     26.853    6.68126     8.7714     8.7741    23.5818   12.05917 8.5665e-02     27.109 0.0000e+00
        466 308.355906    0.03229     1.9375    116.250  1023.7061  48230.040    30.4373     26.986    6.68126     8.7714     8.7741    23.5818   12.05917 8.4904e-02     27.243 0.0000e+00
        467 308.355909    0.03236     1.9417    116.500  1023.7067  48230.094    30.4372     27.115    6.68126     8.7714     8.7741    23.5817   12.05917 8.4176e-02     27.373 0.0000e+00
        468 308.355911    0.03243     1.9458    116.750  1023.7073  48230.176    30.4372     27.244    6.68126     8.7714     8.7741    23.5817   12.05917 8.3461e-02     27.503 0.0000e+00
        469 308.355914    0.03250     1.9500    117.000  1023.7079  48230.268    30.4373     27.375    6.68126     8.7714     8.7741    23.5817   12.05916 8.2732e-02     27.635 0.0000e+00
        470 308.355917    0.03257     1.9542    117.250  1023.7085  48230.332    30.4373     27.510    6.68126     8.7714     8.7741    23.5817   12.05916 8.1967e-02     27.771 0.0000e+00
        471 308.355920    0.03264     1.9583    117.500  1023.7091  48230.373    30.4373     27.650    6.68125     8.7714     8.7741    23.5817   12.05915 8.1177e-02     27.913 0.0000e+00
        472 308.355923    0.03271     1.9625    117.750  1023.7097  48230.425    30.4372     27.794    6.68125     8.7714     8.7742    23.5817   12.05915 8.0382e-02     28.058 0.0000e+00
        473 308.355926    0.03278     1.9667    118.000  1023.7104  48230.457    30.4372     27.942    6.68125     8.7713     8.7742    23.5816   12.05915 7.9584e-02     28.208 0.0000e+00
        474 308.355929    0.03285     1.9708    118.250  1023.7110  48230.385    30.4371     28.092    6.68126     8.7713     8.7742    23.5816   12.05917 7.8790e-02     28.359 0.0000e+00
        475 308.355932    0.03292     1.9750    118.500  1023.7116  48230.251    30.4369     28.243    6.68127     8.7712     8.7741    23.5814   12.05919 7.8027e-02     28.511 0.0000e+00
        476 308.355935    0.03299     1.9792    118.750  1023.7122  48230.207    30.4368     28.393    6.68128     8.7712     8.7741    23.5814   12.05921 7.7292e-02     28.662 0.0000e+00
        477 308.355937    0.03306     1.9833    119.000  1023.7129  48230.255    30.4367     28.542    6.68129     8.7711     8.7740    23.5814   12.05922 7.6572e-02     28.813 0.0000e+00
        478 308.355940    0.03313     1.9875    119.250  1023.7135  48230.266    30.4367     28.690    6.68130     8.7711     8.7740    23.5813   12.05924 7.5873e-02     28.963 0.0000e+00
        479 308.355943    0.03319     1.9917    119.500  1023.7142  48230.243    30.4366     28.839    6.68131     8.7710     8.7740    23.5813   12.05925 7.5196e-02     29.113 0.0000e+00
        480 308.355946    0.03326     1.9958    119.750  1023.7149  48230.305    30.4366     28.988    6.68132     8.7710     8.7740    23.5813   12.05927 7.4530e-02     29.264 0.0000e+00
        481 308.355949    0.03333     2.0000    120.000  1023.7156  48230.412    30.4366     29.140    6.68132     8.7710     8.7739    23.5813   12.05927 7.3853e-02     29.417 0.0000e+00
        482 308.355952    0.03340     2.0042    120.250  1023.7162  48230.406    30.4365     29.296    6.68133     8.7709     8.7739    23.5812   12.05928 7.3157e-02     29.574 0.0000e+00
        483 308.355955    0.03347     2.0083    120.500  1023.7168  48230.298    30.4364     29.455    6.68133     8.7709     8.7739    23.5811   12.05929 7.2452e-02     29.735 0.0000e+00
        484 308.355958    0.03354     2.0125    120.750  1023.7175  48230.238    30.4362     29.619    6.68134     8.7709     8.7739    23.5810   12.05930 7.1751e-02     29.900 0.0000e+00
        485 308.355961    0.03361     2.0167    121.000  1023.7183  48230.319    30.4362     29.787    6.68134     8.7709     8.7739    23.5810   12.05931 7.1062e-02     30.070 0.0000e+00
        486 308.355964    0.03368     2.0208    121.250  1023.7191  48230.517    30.4363     29.958    6.68133     8.7709     8.7739    23.5811   12.05930 7.0375e-02     30.243 0.0000e+00
        487 308.355966    0.03375     2.0250    121.500  1023.7200  48230.767    30.4364     30.131    6.68133     8.7709     8.7739    23.5811   12.05929 6.9689e-02     30.417 0.0000e+00
        488 308.355969    0.03382     2.0292    121.750  1023.7209  48231.060    30.4365     30.304    6.68132     8.7710     8.7739    23.5812   12.05928 6.9018e-02     30.592 0.0000e+00
        489 308.355972    0.03389     2.0333    122.000  1023.7218  48231.400    30.4367     30.475    6.68131     8.7710     8.7740    23.5814   12.05925 6.8379e-02     30.765 0.0000e+00
        490 308.355975    0.03396     2.0375    122.250  1023.7227  48231.700    30.4368     30.641    6.68130     8.7711     8.7740    23.5815   12.05923 6.7779e-02     30.932 0.0000e+00
        491 308.355978    0.03403     2.0417    122.500  1023.7235  48231.889    30.4369     30.798    6.68128     8.7711     8.7741    23.5815   12.05920 6.7222e-02     31.091 0.0000e+00
        492 308.355981    0.03410     2.0458    122.750  1023.7241  48231.983    30.4369     30.945    6.68127     8.7712     8.7742    23.5815   12.05918 6.6710e-02     31.239 0.0000e+00
        493 308.355984    0.03417     2.0500    123.000  1023.7247  48232.006    30.4369     31.081    6.68126     8.7712     8.7742    23.5815   12.05916 6.6238e-02     31.376 0.0000e+00
        494 308.355987    0.03424     2.0542    123.250  1023.7253  48231.999    30.4368     31.207    6.68125     8.7712     8.7743    23.5814   12.05915 6.5797e-02     31.504 0.0000e+00
        495 308.355990    0.03431     2.0583    123.500  1023.7258  48232.048    30.4368     31.326    6.68125     8.7712     8.7743    23.5814   12.05915 6.5377e-02     31.624 0.0000e+00
        496 308.355992    0.03438     2.0625    123.750  1023.7264  48232.170    30.4369     31.439    6.68125     8.7712     8.7743    23.5815   12.05914 6.4980e-02     31.738 0.0000e+00
        497 308.355995    0.03444     2.0667    124.000  1023.7269  48232.319    30.4369     31.552    6.68124     8.7712     8.7743    23.5815   12.05914 6.4596e-02     31.852 0.0000e+00
        498 308.355998    0.03451     2.0708    124.250  1023.7275  48232.459    30.4370     31.667    6.68124     8.7712     8.7744    23.5816   12.05913 6.4202e-02     31.969 0.0000e+00
        499 308.356001    0.03458     2.0750    124.500  1023.7280  48232.546    30.4370     31.789    6.68123     8.7712     8.7744    23.5816   12.05912 6.3780e-02     32.092 0.0000e+00
        500 308.356004    0.03465     2.0792    124.750  1023.7286  48232.563    30.4370     31.921    6.68123     8.7712     8.7744    23.5815   12.05911 6.3330e-02     32.225 0.0000e+00
        501 308.356007    0.03472     2.0833    125.000  1023.7292  48232.571    30.4369     32.065    6.68123     8.7712     8.7744    23.5815   12.05911 6.2858e-02     32.371 0.0000e+00
        502 308.356010    0.03479     2.0875    125.250  1023.7299  48232.640    30.4369     32.222    6.68123     8.7712     8.7744    23.5815   12.05911 6.2370e-02     32.529 0.0000e+00
        503 308.356013    0.03486     2.0917    125.500  1023.7307  48232.776    30.4369     32.389    6.68122     8.7713     8.7744    23.5815   12.05911 6.1863e-02     32.697 0.0000e+00
        504 308.356016    0.03493     2.0958    125.750  1023.7316  48232.916    30.4369     32.563    6.68122     8.7713     8.7744    23.5815   12.05910 6.1342e-02     32.874 0.0000e+00
        505 308.356019    0.03500     2.1000    126.000  1023.7324  48233.046    30.4369     32.743    6.68122     8.7712     8.7745    23.5815   12.05910 6.0820e-02     33.055 0.0000e+00
        506 308.356021    0.03507     2.1042    126.250  1023.7333  48233.193    30.4370     32.924    6.68122     8.7712     8.7745    23.5816   12.05909 6.0309e-02     33.238 0.0000e+00
        507 308.356024    0.03514     2.1083    126.500  1023.7341  48233.314    30.4370     33.102    6.68122     8.7711     8.7745    23.5816   12.05909 5.9816e-02     33.417 0.0000e+00
        508 308.356027    0.03521     2.1125    126.750  1023.7348  48233.355    30.4370     33.273    6.68122     8.7711     8.7745    23.5815   12.05910 5.9352e-02     33.590 0.0000e+00
        509 308.356030    0.03528     2.1167    127.000  1023.7355  48233.330    30.4369     33.435    6.68123     8.7710     8.7745    23.5815   12.05911 5.8928e-02     33.753 0.0000e+00
        510 308.356033    0.03535     2.1208    127.250  1023.7362  48233.322    30.4368     33.587    6.68124     8.7709     8.7744    23.5814   12.05913 5.8546e-02     33.906 0.0000e+00
