CTD-processing/allCTD/CNV--homogene/2015_07-29_t9_s03_cast145.cnv
* Sea-Bird SBE19plus Data File:
* FileName = C:\Users\Kris.Holderied\Documents\kasitsna\Research-KBL\Oceanography-AK\CTD-Data-ALL-to-2015-06\2015-CTD-KachemakBay-CookInlet\2015-07-29-CookInlet-HomerSpit-Monthly\2015-07-29-CookInlet-Tran9-cast145.hex
* Software Version 1.59
* Temperature SN =  5028
* Conductivity SN =  5028
* System UpLoad Time = Aug 13 2015 18:48:43
** Cook Inlet LTM Transect 9 (monthly) North to South
** Date (YYYY-MM-DD): 2015-07-29
** Station (ie. 9-01):  9-03
** Start time (AKDT): 15:02
** Depth (m): 91.4
** Comment:  R/V Barnacle
** Comment:
# nquan = 17
# nvalues = 732                         
# units = specified
# name 0 = scan: Scan Count
# name 1 = timeJ: Julian Days
# name 2 = timeH: Time, Elapsed [hours]
# name 3 = timeM: Time, Elapsed [minutes]
# name 4 = timeS: Time, Elapsed [seconds]
# name 5 = density00: Density [density, kg/m^3]
# name 6 = specc: Specific Conductance [uS/cm]
# name 7 = sal00: Salinity, Practical [PSU]
# name 8 = depSM: Depth [salt water, m], lat = 59.00
# name 9 = oxsolML/L: Oxygen Saturation, Garcia & Gordon [ml/l]
# name 10 = potemp090C: Potential Temperature [ITS-90, deg C]
# name 11 = tv290C: Temperature [ITS-90, deg C]
# name 12 = sigma-é00: Density [sigma-theta, kg/m^3]
# name 13 = n2satML/L: Nitrogen Saturation [ml/l]
# name 14 = par: PAR/Irradiance, Biospherical/Licor
# name 15 = prdM: Pressure, Strain Gauge [db]
# name 16 = flag:  0.000e+00
# span 0 =          1,        732       
# span 1 = 210.625197, 210.627312       
# span 2 =    0.00000,    0.05076       
# span 3 =     0.0000,     3.0458       
# span 4 =      0.000,    182.750       
# span 5 =   999.5163,  1024.7085       
# span 6 =    290.843,  49600.807       
# span 7 =     0.1417,    31.3377       
# span 8 =     -0.012,     83.891       
# span 9 =    6.11227,    7.40228       
# span 10 =     8.5272,    14.5521      
# span 11 =     8.5355,    14.5522      
# span 12 =    -0.4837,    24.3227      
# span 13 =   11.17309,   13.66532      
# span 14 = 6.1232e-02, 6.0767e+02      
# span 15 =     -0.012,     84.699      
# span 16 = 0.0000e+00, 0.0000e+00      
# interval = seconds: 0.25
# start_time = Jul 29 2015 15:00:17 [Instrument's time stamp, header]
# bad_flag = -9.990e-29
*END*
          1 210.625197    0.00000     0.0000      0.000   999.5163    290.843     0.1417     -0.008    7.40228    12.8109    12.7849    -0.4837   13.66532 2.3139e+02     -0.008 0.0000e+00
          2 210.625200    0.00007     0.0042      0.250   999.5312    329.906     0.1629     -0.007    7.39938    12.8253    12.7967    -0.4687   13.66012 2.4257e+02     -0.008 0.0000e+00
          3 210.625203    0.00014     0.0083      0.500   999.5557    391.850     0.1968     -0.007    7.39554    12.8388    12.8109    -0.4443   13.65315 2.6091e+02     -0.008 0.0000e+00
          4 210.625205    0.00021     0.0125      0.750   999.5908    476.951     0.2445     -0.008    7.39106    12.8516    12.8253    -0.4092   13.64494 2.8777e+02     -0.009 0.0000e+00
          5 210.625208    0.00028     0.0167      1.000   999.6439    600.762     0.3154     -0.010    7.38574    12.8647    12.8388    -0.3561   13.63498 3.2381e+02     -0.010 0.0000e+00
          6 210.625211    0.00035     0.0208      1.250   999.7312    800.698     0.4305     -0.011    7.37862    12.8799    12.8516    -0.2688   13.62141 3.7135e+02     -0.011 0.0000e+00
          7 210.625214    0.00042     0.0250      1.500   999.8775   1133.347     0.6220     -0.012    7.36812    12.8996    12.8647    -0.1224   13.60113 4.3235e+02     -0.012 0.0000e+00
          8 210.625217    0.00049     0.0292      1.750  1000.1205   1682.998     0.9391     -0.012    7.35186    12.9280    12.8799     0.1206   13.56944 4.9999e+02     -0.012 0.0000e+00
          9 210.625220    0.00056     0.0333      2.000  1000.5166   2573.660     1.4551     -0.011    7.32624    12.9717    12.8996     0.5166   13.51929 5.5681e+02     -0.011 0.0000e+00
         10 210.625223    0.00063     0.0375      2.250  1001.1389   3959.450     2.2660     -0.006    7.28653    13.0421    12.9280     1.1389   13.44149 5.8449e+02     -0.007 0.0000e+00
         11 210.625226    0.00069     0.0417      2.500  1002.0648   5989.449     3.4738      0.003    7.22752    13.1576    12.9717     2.0647   13.32597 5.9072e+02      0.002 0.0000e+00
         12 210.625229    0.00076     0.0458      2.750  1003.4179   8905.726     5.2420      0.019    7.14080    13.3358    13.0421     3.4178   13.15658 6.0472e+02      0.019 0.0000e+00
         13 210.625231    0.00083     0.0500      3.000  1005.3684  13043.204     7.7958      0.046    7.01447    13.5658    13.1576     5.3682   12.91050 6.0767e+02      0.046 0.0000e+00
         14 210.625234    0.00090     0.0542      3.250  1008.0057  18541.953    11.2566      0.088    6.84200    13.8060    13.3358     8.0053   12.57568 5.6576e+02      0.088 0.0000e+00
         15 210.625237    0.00097     0.0583      3.500  1011.0408  24765.723    15.2482      0.143    6.64244    14.0187    13.5658    11.0402   12.18955 5.0470e+02      0.144 0.0000e+00
         16 210.625240    0.00104     0.0625      3.750  1013.7209  30202.721    18.7838      0.205    6.46304    14.1872    13.8060    13.7200   11.84394 4.5490e+02      0.207 0.0000e+00
         17 210.625243    0.00111     0.0667      4.000  1015.5254  33859.699    21.1773      0.269    6.33581    14.3094    14.0187    15.5242   11.60056 4.2080e+02      0.271 0.0000e+00
         18 210.625246    0.00118     0.0708      4.250  1016.5814  36015.233    22.5889      0.325    6.25522    14.3914    14.1872    16.5799   11.44772 4.0118e+02      0.328 0.0000e+00
         19 210.625249    0.00125     0.0750      4.500  1017.1946  37276.223    23.4145      0.366    6.20501    14.4423    14.3094    17.1929   11.35316 3.9040e+02      0.369 0.0000e+00
         20 210.625252    0.00132     0.0792      4.750  1017.5495  38011.101    23.8953      0.389    6.17433    14.4702    14.3915    17.5478   11.29569 3.8514e+02      0.392 0.0000e+00
         21 210.625255    0.00139     0.0833      5.000  1017.7558  38439.961    24.1755      0.394    6.15603    14.4818    14.4423    17.7540   11.26148 3.8552e+02      0.398 0.0000e+00
         22 210.625258    0.00146     0.0875      5.250  1017.8789  38695.460    24.3423      0.383    6.14544    14.4844    14.4702    17.8772   11.24161 3.9097e+02      0.386 0.0000e+00
         23 210.625260    0.00153     0.0917      5.500  1017.9563  38854.117    24.4457      0.361    6.13960    14.4854    14.4819    17.9547   11.23051 3.9619e+02      0.364 0.0000e+00
         24 210.625263    0.00160     0.0958      5.750  1018.0085  38958.700    24.5141      0.338    6.13641    14.4891    14.4844    18.0069   11.22430 3.9511e+02      0.341 0.0000e+00
         25 210.625266    0.00167     0.1000      6.000  1018.0429  39027.117    24.5590      0.324    6.13441    14.4949    14.4855    18.0414   11.22038 3.8861e+02      0.328 0.0000e+00
         26 210.625269    0.00174     0.1042      6.250  1018.0604  39063.209    24.5827      0.324    6.13295    14.5010    14.4892    18.0589   11.21764 3.8068e+02      0.328 0.0000e+00
         27 210.625272    0.00181     0.1083      6.500  1018.0640  39072.904    24.5888      0.334    6.13192    14.5059    14.4950    18.0625   11.21584 3.7449e+02      0.337 0.0000e+00
         28 210.625275    0.00187     0.1125      6.750  1018.0588  39065.531    24.5834      0.347    6.13132    14.5092    14.5011    18.0572   11.21488 3.6993e+02      0.350 0.0000e+00
         29 210.625278    0.00194     0.1167      7.000  1018.0491  39049.124    24.5720      0.361    6.13112    14.5115    14.5060    18.0475   11.21467 3.6520e+02      0.364 0.0000e+00
         30 210.625281    0.00201     0.1208      7.250  1018.0394  39032.131    24.5601      0.374    6.13113    14.5133    14.5093    18.0377   11.21483 3.6127e+02      0.378 0.0000e+00
         31 210.625284    0.00208     0.1250      7.500  1018.0336  39021.937    24.5530      0.387    6.13110    14.5151    14.5116    18.0318   11.21486 3.5817e+02      0.391 0.0000e+00
         32 210.625286    0.00215     0.1292      7.750  1018.0319  39019.211    24.5512      0.401    6.13094    14.5167    14.5134    18.0300   11.21461 3.5325e+02      0.405 0.0000e+00
         33 210.625289    0.00222     0.1333      8.000  1018.0326  39021.006    24.5525      0.417    6.13068    14.5184    14.5151    18.0307   11.21415 3.4485e+02      0.420 0.0000e+00
         34 210.625292    0.00229     0.1375      8.250  1018.0372  39030.053    24.5588      0.436    6.13022    14.5207    14.5168    18.0352   11.21332 3.3468e+02      0.440 0.0000e+00
         35 210.625295    0.00236     0.1417      8.500  1018.0502  39054.732    24.5760      0.462    6.12935    14.5238    14.5185    18.0481   11.21167 3.2351e+02      0.467 0.0000e+00
         36 210.625298    0.00243     0.1458      8.750  1018.0710  39093.941    24.6033      0.501    6.12804    14.5277    14.5208    18.0687   11.20915 3.0332e+02      0.506 0.0000e+00
         37 210.625301    0.00250     0.1500      9.000  1018.0909  39131.680    24.6297      0.555    6.12664    14.5318    14.5239    18.0883   11.20652 2.7241e+02      0.560 0.0000e+00
         38 210.625304    0.00257     0.1542      9.250  1018.1028  39154.659    24.6458      0.620    6.12554    14.5355    14.5278    18.1000   11.20449 2.4565e+02      0.626 0.0000e+00
         39 210.625307    0.00264     0.1583      9.500  1018.1076  39164.227    24.6527      0.689    6.12476    14.5385    14.5319    18.1045   11.20312 2.3022e+02      0.696 0.0000e+00
         40 210.625310    0.00271     0.1625      9.750  1018.1101  39169.524    24.6565      0.753    6.12416    14.5407    14.5356    18.1067   11.20206 2.2054e+02      0.760 0.0000e+00
         41 210.625313    0.00278     0.1667     10.000  1018.1127  39174.881    24.6604      0.806    6.12363    14.5416    14.5387    18.1091   11.20113 2.1281e+02      0.813 0.0000e+00
         42 210.625315    0.00285     0.1708     10.250  1018.1153  39180.011    24.6641      0.844    6.12321    14.5412    14.5409    18.1115   11.20040 2.0750e+02      0.852 0.0000e+00
         43 210.625318    0.00292     0.1750     10.500  1018.1184  39185.904    24.6682      0.867    6.12295    14.5397    14.5418    18.1145   11.19991 2.0401e+02      0.875 0.0000e+00
         44 210.625321    0.00299     0.1792     10.750  1018.1218  39191.977    24.6724      0.876    6.12284    14.5377    14.5413    18.1178   11.19968 1.9987e+02      0.884 0.0000e+00
         45 210.625324    0.00306     0.1833     11.000  1018.1257  39198.819    24.6771      0.874    6.12285    14.5359    14.5398    18.1217   11.19965 1.9520e+02      0.882 0.0000e+00
         46 210.625327    0.00313     0.1875     11.250  1018.1318  39209.905    24.6847      0.867    6.12282    14.5341    14.5378    18.1279   11.19950 1.9138e+02      0.875 0.0000e+00
         47 210.625330    0.00319     0.1917     11.500  1018.1395  39223.782    24.6942      0.859    6.12269    14.5317    14.5360    18.1356   11.19917 1.8861e+02      0.867 0.0000e+00
         48 210.625333    0.00326     0.1958     11.750  1018.1454  39234.422    24.7015      0.857    6.12263    14.5284    14.5342    18.1416   11.19900 1.8634e+02      0.866 0.0000e+00
         49 210.625336    0.00333     0.2000     12.000  1018.1477  39237.915    24.7038      0.864    6.12284    14.5240    14.5319    18.1438   11.19932 1.8430e+02      0.872 0.0000e+00
         50 210.625339    0.00340     0.2042     12.250  1018.1457  39233.068    24.7002      0.878    6.12339    14.5182    14.5286    18.1417   11.20028 1.8337e+02      0.887 0.0000e+00
         51 210.625341    0.00347     0.2083     12.500  1018.1393  39219.637    24.6907      0.897    6.12431    14.5102    14.5242    18.1352   11.20192 1.8380e+02      0.906 0.0000e+00
         52 210.625344    0.00354     0.2125     12.750  1018.1300  39200.461    24.6770      0.916    6.12556    14.4995    14.5183    18.1258   11.20417 1.8449e+02      0.925 0.0000e+00
         53 210.625347    0.00361     0.2167     13.000  1018.1230  39184.914    24.6658      0.929    6.12699    14.4865    14.5104    18.1188   11.20668 1.8431e+02      0.937 0.0000e+00
         54 210.625350    0.00368     0.2208     13.250  1018.1249  39185.477    24.6656      0.932    6.12835    14.4748    14.4996    18.1207   11.20895 1.8359e+02      0.941 0.0000e+00
         55 210.625353    0.00375     0.2250     13.500  1018.1386  39207.474    24.6801      0.927    6.12943    14.4689    14.4867    18.1345   11.21059 1.8328e+02      0.936 0.0000e+00
         56 210.625356    0.00382     0.2292     13.750  1018.1592  39242.618    24.7039      0.919    6.13000    14.4697    14.4750    18.1550   11.21127 1.8239e+02      0.927 0.0000e+00
         57 210.625359    0.00389     0.2333     14.000  1018.1783  39276.701    24.7273      0.911    6.12987    14.4749    14.4690    18.1742   11.21078 1.8078e+02      0.920 0.0000e+00
         58 210.625362    0.00396     0.2375     14.250  1018.1915  39301.727    24.7447      0.907    6.12911    14.4814    14.4698    18.1874   11.20931 1.7989e+02      0.915 0.0000e+00
         59 210.625365    0.00403     0.2417     14.500  1018.1983  39316.022    24.7549      0.909    6.12807    14.4872    14.4750    18.1942   11.20746 1.8081e+02      0.917 0.0000e+00
         60 210.625367    0.00410     0.2458     14.750  1018.1991  39319.205    24.7575      0.919    6.12715    14.4908    14.4815    18.1949   11.20589 1.8378e+02      0.927 0.0000e+00
         61 210.625370    0.00417     0.2500     15.000  1018.1936  39310.552    24.7518      0.935    6.12664    14.4913    14.4873    18.1894   11.20510 1.8727e+02      0.944 0.0000e+00
         62 210.625373    0.00424     0.2542     15.250  1018.1817  39289.124    24.7371      0.954    6.12673    14.4880    14.4909    18.1774   11.20543 1.8989e+02      0.963 0.0000e+00
         63 210.625376    0.00431     0.2583     15.500  1018.1659  39259.505    24.7165      0.970    6.12744    14.4802    14.4915    18.1615   11.20686 1.9174e+02      0.980 0.0000e+00
         64 210.625379    0.00438     0.2625     15.750  1018.1536  39235.451    24.6996      0.979    6.12851    14.4690    14.4881    18.1492   11.20883 1.9373e+02      0.988 0.0000e+00
         65 210.625382    0.00444     0.2667     16.000  1018.1522  39230.649    24.6959      0.977    6.12962    14.4579    14.4804    18.1478   11.21073 1.9587e+02      0.986 0.0000e+00
         66 210.625385    0.00451     0.2708     16.250  1018.1642  39249.954    24.7087      0.966    6.13055    14.4515    14.4692    18.1598   11.21214 1.9686e+02      0.975 0.0000e+00
         67 210.625388    0.00458     0.2750     16.500  1018.1850  39285.889    24.7330      0.952    6.13103    14.4514    14.4581    18.1807   11.21265 1.9687e+02      0.961 0.0000e+00
         68 210.625391    0.00465     0.2792     16.750  1018.2056  39322.788    24.7583      0.942    6.13088    14.4553    14.4516    18.2014   11.21211 1.9655e+02      0.951 0.0000e+00
         69 210.625394    0.00472     0.2833     17.000  1018.2187  39347.158    24.7753      0.943    6.13026    14.4599    14.4515    18.2144   11.21088 1.9594e+02      0.951 0.0000e+00
         70 210.625396    0.00479     0.2875     17.250  1018.2202  39351.068    24.7782      0.954    6.12965    14.4619    14.4555    18.2159   11.20982 1.9602e+02      0.963 0.0000e+00
         71 210.625399    0.00486     0.2917     17.500  1018.2100  39332.975    24.7659      0.972    6.12954    14.4591    14.4600    18.2056   11.20979 1.9674e+02      0.981 0.0000e+00
         72 210.625402    0.00493     0.2958     17.750  1018.1938  39303.143    24.7452      0.990    6.13007    14.4506    14.4620    18.1893   11.21091 1.9735e+02      0.999 0.0000e+00
         73 210.625405    0.00500     0.3000     18.000  1018.1823  39280.743    24.7295      1.003    6.13102    14.4383    14.4592    18.1778   11.21268 1.9828e+02      1.012 0.0000e+00
         74 210.625408    0.00507     0.3042     18.250  1018.1816  39276.921    24.7264      1.007    6.13220    14.4262    14.4507    18.1770   11.21469 1.9956e+02      1.017 0.0000e+00
         75 210.625411    0.00514     0.3083     18.500  1018.1906  39290.283    24.7350      1.004    6.13343    14.4183    14.4384    18.1860   11.21664 2.0004e+02      1.014 0.0000e+00
         76 210.625414    0.00521     0.3125     18.750  1018.2052  39314.359    24.7510      0.997    6.13435    14.4168    14.4263    18.2007   11.21798 1.9955e+02      1.006 0.0000e+00
         77 210.625417    0.00528     0.3167     19.000  1018.2202  39340.154    24.7685      0.989    6.13468    14.4217    14.4184    18.2157   11.21834 1.9999e+02      0.998 0.0000e+00
         78 210.625420    0.00535     0.3208     19.250  1018.2308  39359.557    24.7819      0.984    6.13436    14.4304    14.4170    18.2263   11.21764 2.0164e+02      0.994 0.0000e+00
         79 210.625422    0.00542     0.3250     19.500  1018.2344  39367.651    24.7878      0.985    6.13352    14.4398    14.4219    18.2299   11.21617 2.0262e+02      0.995 0.0000e+00
         80 210.625425    0.00549     0.3292     19.750  1018.2317  39364.997    24.7864      0.992    6.13248    14.4484    14.4305    18.2272   11.21446 2.0282e+02      1.002 0.0000e+00
         81 210.625428    0.00556     0.3333     20.000  1018.2259  39356.743    24.7812      1.006    6.13149    14.4546    14.4400    18.2213   11.21285 2.0295e+02      1.015 0.0000e+00
         82 210.625431    0.00562     0.3375     20.250  1018.2167  39341.985    24.7715      1.025    6.13077    14.4565    14.4486    18.2121   11.21177 2.0282e+02      1.034 0.0000e+00
         83 210.625434    0.00569     0.3417     20.500  1018.2037  39319.169    24.7559      1.045    6.13058    14.4528    14.4547    18.1990   11.21164 2.0291e+02      1.055 0.0000e+00
         84 210.625437    0.00576     0.3458     20.750  1018.1920  39297.584    24.7410      1.062    6.13091    14.4439    14.4566    18.1871   11.21236 2.0412e+02      1.071 0.0000e+00
         85 210.625440    0.00583     0.3500     21.000  1018.1867  39286.643    24.7332      1.071    6.13166    14.4320    14.4530    18.1818   11.21370 2.0584e+02      1.081 0.0000e+00
