CTD-processing/allCTD/CNV--homogene/2015_02-24_t7_s02_cast263.cnv
* Sea-Bird SBE19plus Data File:
* FileName = C:\Users\amdoroff\Desktop\2015_02_24_CookInlet_Tran7_Augustine\2015_02_24_CookInlet_Tran7_cast263.hex
* Software Version 1.59
* Temperature SN =  4141
* Conductivity SN =  4141
* System UpLoad Time = Feb 24 2015 13:17:52
** Cook Inlet LTM Tran7 Augustine E to W
** Date 02-24
** Station: 7-02
** Start Time (AKST): 11:50
** Depth (m):  40
** Comment:
** Comment: On R/V Pandalus.
# nquan = 17
# nvalues = 438                         
# units = specified
# name 0 = scan: Scan Count
# name 1 = timeJ: Julian Days
# name 2 = timeH: Time, Elapsed [hours]
# name 3 = timeM: Time, Elapsed [minutes]
# name 4 = timeS: Time, Elapsed [seconds]
# name 5 = density00: Density [density, kg/m^3]
# name 6 = specc: Specific Conductance [uS/cm]
# name 7 = sal00: Salinity, Practical [PSU]
# name 8 = depSM: Depth [salt water, m], lat = 59.00
# name 9 = oxsolML/L: Oxygen Saturation, Garcia & Gordon [ml/l]
# name 10 = potemp090C: Potential Temperature [ITS-90, deg C]
# name 11 = tv290C: Temperature [ITS-90, deg C]
# name 12 = sigma-é00: Density [sigma-theta, kg/m^3]
# name 13 = n2satML/L: Nitrogen Saturation [ml/l]
# name 14 = par: PAR/Irradiance, Biospherical/Licor
# name 15 = prdM: Pressure, Strain Gauge [db]
# name 16 = flag:  0.000e+00
# span 0 =          1,        438       
# span 1 =  55.494016,  55.495281       
# span 2 =    0.00000,    0.03035       
# span 3 =     0.0000,     1.8208       
# span 4 =      0.000,    109.250       
# span 5 =  1000.3965,  1025.0263       
# span 6 =   1094.526,  50817.605       
# span 7 =     0.5236,    31.3377       
# span 8 =      0.051,     40.218       
# span 9 =    7.36316,    9.40722       
# span 10 =     1.9861,     4.3488      
# span 11 =     1.9861,     4.3515      
# span 12 =     0.3963,    24.8421      
# span 13 =   13.17526,   17.00579      
# span 14 = 3.6382e-02, 2.2986e+02      
# span 15 =      0.052,     40.602      
# span 16 = 0.0000e+00, 0.0000e+00      
# interval = seconds: 0.25
# start_time = Feb 24 2015 11:51:23 [Instrument's time stamp, header]
# bad_flag = -9.990e-29
*END*
[from data line 86]
         87  55.494265    0.00597     0.3583     21.500  1024.2476  50072.089    30.3398      1.668    7.85803     2.0062     2.0027    24.2396   14.00526 6.6619e+01      1.684 0.0000e+00
         88  55.494268    0.00604     0.3625     21.750  1024.2579  50090.571    30.3525      1.706    7.85701     2.0088     2.0043    24.2497   14.00340 6.4013e+01      1.723 0.0000e+00
         89  55.494271    0.00611     0.3667     22.000  1024.2719  50116.001    30.3701      1.731    7.85566     2.0119     2.0063    24.2636   14.00093 6.2520e+01      1.748 0.0000e+00
         90  55.494274    0.00618     0.3708     22.250  1024.2850  50139.716    30.3866      1.736    7.85427     2.0159     2.0089    24.2767   13.99841 6.2775e+01      1.752 0.0000e+00
         91  55.494277    0.00625     0.3750     22.500  1024.2915  50151.197    30.3951      1.718    7.85318     2.0201     2.0120    24.2833   13.99649 6.5257e+01      1.734 0.0000e+00
         92  55.494280    0.00632     0.3792     22.750  1024.2896  50146.660    30.3932      1.679    7.85249     2.0228     2.0160    24.2815   13.99538 6.9887e+01      1.694 0.0000e+00
         93  55.494282    0.00639     0.3833     23.000  1024.2800  50127.963    30.3819      1.626    7.85227     2.0234     2.0202    24.2722   13.99517 7.5767e+01      1.641 0.0000e+00
         94  55.494285    0.00646     0.3875     23.250  1024.2664  50102.148    30.3655      1.568    7.85261     2.0224     2.0229    24.2589   13.99595 8.1384e+01      1.582 0.0000e+00
         95  55.494288    0.00653     0.3917     23.500  1024.2537  50078.586    30.3500      1.514    7.85333     2.0207     2.0235    24.2464   13.99735 8.5325e+01      1.527 0.0000e+00
         96  55.494291    0.00660     0.3958     23.750  1024.2448  50062.542    30.3390      1.475    7.85412     2.0189     2.0224    24.2377   13.99881 8.6810e+01      1.489 0.0000e+00
         97  55.494294    0.00667     0.4000     24.000  1024.2406  50055.444    30.3338      1.461    7.85475     2.0178     2.0207    24.2337   13.99992 8.5637e+01      1.475 0.0000e+00
         98  55.494297    0.00674     0.4042     24.250  1024.2417  50057.758    30.3349      1.473    7.85504     2.0183     2.0190    24.2346   14.00038 8.2189e+01      1.487 0.0000e+00
         99  55.494300    0.00681     0.4083     24.500  1024.2484  50070.360    30.3430      1.504    7.85482     2.0212     2.0179    24.2412   13.99990 7.7597e+01      1.519 0.0000e+00
        100  55.494303    0.00688     0.4125     24.750  1024.2613  50094.020    30.3589      1.546    7.85387     2.0278     2.0184    24.2538   13.99812 7.3308e+01      1.562 0.0000e+00
        101  55.494306    0.00694     0.4167     25.000  1024.2780  50124.104    30.3797      1.591    7.85216     2.0393     2.0213    24.2703   13.99502 7.0187e+01      1.606 0.0000e+00
        102  55.494308    0.00701     0.4208     25.250  1024.2925  50149.148    30.3982      1.628    7.84985     2.0561     2.0279    24.2847   13.99096 6.8225e+01      1.644 0.0000e+00
        103  55.494311    0.00708     0.4250     25.500  1024.2992  50158.132    30.4074      1.653    7.84707     2.0757     2.0394    24.2913   13.98624 6.7205e+01      1.669 0.0000e+00
        104  55.494314    0.00715     0.4292     25.750  1024.2955  50146.277    30.4041      1.664    7.84391     2.0942     2.0562    24.2875   13.98108 6.7207e+01      1.679 0.0000e+00
        105  55.494317    0.00722     0.4333     26.000  1024.2832  50117.724    30.3905      1.660    7.84074     2.1081     2.0758    24.2753   13.97603 6.8291e+01      1.676 0.0000e+00
        106  55.494320    0.00729     0.4375     26.250  1024.2668  50081.828    30.3717      1.644    7.83807     2.1156     2.0943    24.2590   13.97189 7.0348e+01      1.660 0.0000e+00
        107  55.494323    0.00736     0.4417     26.500  1024.2495  50045.631    30.3513      1.617    7.83640     2.1162     2.1082    24.2418   13.96941 7.3291e+01      1.632 0.0000e+00
        108  55.494326    0.00743     0.4458     26.750  1024.2333  50013.391    30.3319      1.584    7.83596     2.1105     2.1157    24.2258   13.96894 7.6835e+01      1.598 0.0000e+00
        109  55.494329    0.00750     0.4500     27.000  1024.2202  49988.852    30.3157      1.549    7.83671     2.0999     2.1163    24.2128   13.97039 8.0146e+01      1.564 0.0000e+00
        110  55.494332    0.00757     0.4542     27.250  1024.2113  49974.097    30.3043      1.523    7.83847     2.0872     2.1105    24.2040   13.97345 8.1990e+01      1.537 0.0000e+00
        111  55.494334    0.00764     0.4583     27.500  1024.2076  49970.386    30.2989      1.513    7.84086     2.0754     2.1000    24.2004   13.97747 8.1493e+01      1.527 0.0000e+00
        112  55.494337    0.00771     0.4625     27.750  1024.2110  49980.214    30.3020      1.526    7.84322     2.0669     2.0873    24.2037   13.98132 7.8780e+01      1.540 0.0000e+00
        113  55.494340    0.00778     0.4667     28.000  1024.2225  50004.922    30.3152      1.558    7.84486     2.0637     2.0754    24.2151   13.98386 7.4822e+01      1.572 0.0000e+00
        114  55.494343    0.00785     0.4708     28.250  1024.2407  50040.941    30.3369      1.601    7.84537     2.0667     2.0670    24.2330   13.98440 7.0857e+01      1.616 0.0000e+00
        115  55.494346    0.00792     0.4750     28.500  1024.2597  50077.176    30.3601      1.642    7.84477     2.0762     2.0637    24.2518   13.98309 6.7910e+01      1.657 0.0000e+00
        116  55.494349    0.00799     0.4792     28.750  1024.2718  50098.823    30.3754      1.673    7.84333     2.0899     2.0668    24.2638   13.98052 6.6538e+01      1.688 0.0000e+00
        117  55.494352    0.00806     0.4833     29.000  1024.2730  50098.081    30.3775      1.687    7.84133     2.1036     2.0763    24.2649   13.97718 6.6774e+01      1.703 0.0000e+00
        118  55.494355    0.00813     0.4875     29.250  1024.2646  50078.478    30.3682      1.683    7.83911     2.1142     2.0900    24.2565   13.97365 6.8260e+01      1.699 0.0000e+00
        119  55.494358    0.00819     0.4917     29.500  1024.2510  50049.305    30.3525      1.665    7.83723     2.1203     2.1037    24.2430   13.97075 7.0344e+01      1.681 0.0000e+00
        120  55.494361    0.00826     0.4958     29.750  1024.2372  50020.553    30.3363      1.638    7.83601     2.1226     2.1142    24.2293   13.96897 7.2316e+01      1.653 0.0000e+00
        121  55.494363    0.00833     0.5000     30.000  1024.2271  50000.212    30.3244      1.608    7.83543     2.1219     2.1204    24.2194   13.96816 7.3852e+01      1.623 0.0000e+00
        122  55.494366    0.00840     0.5042     30.250  1024.2224  49990.929    30.3188      1.579    7.83528     2.1193     2.1226    24.2148   13.96799 7.4980e+01      1.594 0.0000e+00
        123  55.494369    0.00847     0.5083     30.500  1024.2217  49990.157    30.3181      1.553    7.83544     2.1151     2.1220    24.2143   13.96828 7.5850e+01      1.568 0.0000e+00
        124  55.494372    0.00854     0.5125     30.750  1024.2231  49993.595    30.3197      1.535    7.83588     2.1091     2.1194    24.2157   13.96897 7.6532e+01      1.550 0.0000e+00
        125  55.494375    0.00861     0.5167     31.000  1024.2248  49998.019    30.3215      1.528    7.83661     2.1014     2.1152    24.2175   13.97016 7.6701e+01      1.542 0.0000e+00
        126  55.494378    0.00868     0.5208     31.250  1024.2264  50002.741    30.3230      1.532    7.83771     2.0925     2.1092    24.2191   13.97196 7.5886e+01      1.547 0.0000e+00
        127  55.494381    0.00875     0.5250     31.500  1024.2288  50009.294    30.3253      1.548    7.83913     2.0837     2.1015    24.2214   13.97427 7.4102e+01      1.562 0.0000e+00
        128  55.494384    0.00882     0.5292     31.750  1024.2331  50019.748    30.3298      1.570    7.84065     2.0762     2.0926    24.2256   13.97671 7.1835e+01      1.585 0.0000e+00
        129  55.494387    0.00889     0.5333     32.000  1024.2403  50035.493    30.3379      1.594    7.84197     2.0711     2.0838    24.2327   13.97878 6.9649e+01      1.610 0.0000e+00
        130  55.494389    0.00896     0.5375     32.250  1024.2508  50057.155    30.3502      1.614    7.84280     2.0691     2.0762    24.2431   13.97998 6.8093e+01      1.630 0.0000e+00
        131  55.494392    0.00903     0.5417     32.500  1024.2636  50082.418    30.3657      1.626    7.84299     2.0703     2.0711    24.2558   13.98008 6.7680e+01      1.642 0.0000e+00
        132  55.494395    0.00910     0.5458     32.750  1024.2752  50104.816    30.3801      1.628    7.84261     2.0749     2.0691    24.2674   13.97926 6.8565e+01      1.643 0.0000e+00
        133  55.494398    0.00917     0.5500     33.000  1024.2826  50118.233    30.3894      1.619    7.84186     2.0825     2.0704    24.2748   13.97790 7.0360e+01      1.635 0.0000e+00
        134  55.494401    0.00924     0.5542     33.250  1024.2837  50119.128    30.3913      1.602    7.84085     2.0911     2.0750    24.2760   13.97620 7.2564e+01      1.618 0.0000e+00
        135  55.494404    0.00931     0.5583     33.500  1024.2776  50105.722    30.3845      1.581    7.83970     2.0974     2.0826    24.2700   13.97439 7.4954e+01      1.596 0.0000e+00
        136  55.494407    0.00937     0.5625     33.750  1024.2652  50080.315    30.3699      1.561    7.83877     2.0989     2.0912    24.2578   13.97307 7.7208e+01      1.576 0.0000e+00
        137  55.494410    0.00944     0.5667     34.000  1024.2495  50049.156    30.3508      1.549    7.83855     2.0948     2.0975    24.2421   13.97296 7.8391e+01      1.563 0.0000e+00
        138  55.494413    0.00951     0.5708     34.250  1024.2337  50019.099    30.3312      1.550    7.83931     2.0855     2.0990    24.2263   13.97447 7.7704e+01      1.564 0.0000e+00
        139  55.494416    0.00958     0.5750     34.500  1024.2209  49996.281    30.3148      1.565    7.84102     2.0733     2.0949    24.2134   13.97752 7.5479e+01      1.580 0.0000e+00
        140  55.494418    0.00965     0.5792     34.750  1024.2142  49986.237    30.3055      1.593    7.84337     2.0613     2.0856    24.2066   13.98152 7.2678e+01      1.609 0.0000e+00
        141  55.494421    0.00972     0.5833     35.000  1024.2158  49992.312    30.3062      1.627    7.84575     2.0516     2.0734    24.2080   13.98544 7.0062e+01      1.643 0.0000e+00
        142  55.494424    0.00979     0.5875     35.250  1024.2255  50013.815    30.3172      1.659    7.84755     2.0457     2.0614    24.2176   13.98827 6.8163e+01      1.674 0.0000e+00
        143  55.494427    0.00986     0.5917     35.500  1024.2422  50047.545    30.3370      1.680    7.84840     2.0438     2.0517    24.2341   13.98940 6.7361e+01      1.696 0.0000e+00
        144  55.494430    0.00993     0.5958     35.750  1024.2621  50086.580    30.3614      1.688    7.84828     2.0464     2.0458    24.2540   13.98886 6.7766e+01      1.704 0.0000e+00
        145  55.494433    0.01000     0.6000     36.000  1024.2801  50120.777    30.3837      1.684    7.84745     2.0538     2.0439    24.2720   13.98720 6.9145e+01      1.699 0.0000e+00
        146  55.494436    0.01007     0.6042     36.250  1024.2917  50141.890    30.3985      1.669    7.84614     2.0645     2.0465    24.2837   13.98482 7.1023e+01      1.684 0.0000e+00
        147  55.494439    0.01014     0.6083     36.500  1024.2941  50144.472    30.4023      1.648    7.84446     2.0752     2.0539    24.2862   13.98200 7.2830e+01      1.663 0.0000e+00
        148  55.494442    0.01021     0.6125     36.750  1024.2872  50128.633    30.3947      1.627    7.84273     2.0830     2.0646    24.2794   13.97926 7.4218e+01      1.642 0.0000e+00
        149  55.494444    0.01028     0.6167     37.000  1024.2743  50101.562    30.3796      1.610    7.84142     2.0870     2.0753    24.2666   13.97731 7.5284e+01      1.625 0.0000e+00
        150  55.494447    0.01035     0.6208     37.250  1024.2600  50072.657    30.3625      1.597    7.84078     2.0870     2.0831    24.2524   13.97647 7.6268e+01      1.612 0.0000e+00
        151  55.494450    0.01042     0.6250     37.500  1024.2481  50049.310    30.3480      1.587    7.84077     2.0839     2.0871    24.2405   13.97666 7.7291e+01      1.602 0.0000e+00
        152  55.494453    0.01049     0.6292     37.750  1024.2404  50034.914    30.3385      1.581    7.84128     2.0781     2.0871    24.2329   13.97763 7.8175e+01      1.596 0.0000e+00
        153  55.494456    0.01056     0.6333     38.000  1024.2367  50028.831    30.3335      1.578    7.84217     2.0701     2.0840    24.2291   13.97917 7.8351e+01      1.593 0.0000e+00
        154  55.494459    0.01063     0.6375     38.250  1024.2357  50028.646    30.3318      1.580    7.84342     2.0606     2.0782    24.2281   13.98125 7.7367e+01      1.596 0.0000e+00
        155  55.494462    0.01069     0.6417     38.500  1024.2364  50032.060    30.3319      1.589    7.84500     2.0507     2.0702    24.2287   13.98386 7.5323e+01      1.604 0.0000e+00
        156  55.494465    0.01076     0.6458     38.750  1024.2377  50037.222    30.3327      1.605    7.84685     2.0418     2.0607    24.2300   13.98690 7.2683e+01      1.620 0.0000e+00
        157  55.494468    0.01083     0.6500     39.000  1024.2400  50044.165    30.3346      1.626    7.84871     2.0352     2.0508    24.2322   13.98995 7.0076e+01      1.641 0.0000e+00
        158  55.494470    0.01090     0.6542     39.250  1024.2450  50055.892    30.3399      1.646    7.85020     2.0319     2.0419    24.2371   13.99232 6.8124e+01      1.662 0.0000e+00
        159  55.494473    0.01097     0.6583     39.500  1024.2549  50076.383    30.3517      1.659    7.85088     2.0325     2.0353    24.2470   13.99328 6.7150e+01      1.675 0.0000e+00
        160  55.494476    0.01104     0.6625     39.750  1024.2700  50105.557    30.3703      1.661    7.85054     2.0375     2.0320    24.2620   13.99248 6.7318e+01      1.677 0.0000e+00
        161  55.494479    0.01111     0.6667     40.000  1024.2864  50136.122    30.3909      1.651    7.84932     2.0475     2.0325    24.2785   13.99018 6.8799e+01      1.666 0.0000e+00
        162  55.494482    0.01118     0.6708     40.250  1024.2980  50156.631    30.4059      1.629    7.84751     2.0616     2.0375    24.2902   13.98699 7.1547e+01      1.644 0.0000e+00
        163  55.494485    0.01125     0.6750     40.500  1024.2999  50157.559    30.4093      1.599    7.84533     2.0766     2.0476    24.2923   13.98335 7.5229e+01      1.614 0.0000e+00
        164  55.494488    0.01132     0.6792     40.750  1024.2911  50137.225    30.3997      1.568    7.84304     2.0889     2.0617    24.2836   13.97971 7.9067e+01      1.583 0.0000e+00
        165  55.494491    0.01139     0.6833     41.000  1024.2741  50101.255    30.3798      1.544    7.84113     2.0957     2.0767    24.2667   13.97682 8.1977e+01      1.558 0.0000e+00
        166  55.494494    0.01146     0.6875     41.250  1024.2528  50057.921    30.3543      1.531    7.84007     2.0961     2.0889    24.2454   13.97543 8.3312e+01      1.546 0.0000e+00
        167  55.494497    0.01153     0.6917     41.500  1024.2318  50016.519    30.3285      1.537    7.84010     2.0903     2.0958    24.2244   13.97582 8.2738e+01      1.552 0.0000e+00
        168  55.494499    0.01160     0.6958     41.750  1024.2149  49984.573    30.3073      1.565    7.84116     2.0802     2.0962    24.2074   13.97786 7.9952e+01      1.580 0.0000e+00
        169  55.494502    0.01167     0.7000     42.000  1024.2050  49967.355    30.2942      1.613    7.84302     2.0692     2.0904    24.1973   13.98110 7.5372e+01      1.628 0.0000e+00
        170  55.494505    0.01174     0.7042     42.250  1024.2046  49969.013    30.2925      1.672    7.84511     2.0605     2.0803    24.1966   13.98458 7.0275e+01      1.688 0.0000e+00
