CTD-processing/allCTD/CNV--homogene/2015_06-26_t9_s06a_cast110.cnv
* Sea-Bird SBE19plus Data File:
* FileName = C:\Users\Kris.Holderied\Documents\kasitsna\Research-KBL\Oceanography-AK\CTD-Data-ALL-to-2015-04\2015-CTD-KachemakBay-CookInlet\2015-06-26-CookInlet-HomerSpit-Monthly\2015-06-26-CookInlet-Tran9-cast110.hex
* Software Version 1.59
* Temperature SN =  5028
* Conductivity SN =  5028
* System UpLoad Time = Jul 03 2015 13:44:18
** Cook Inlet LTM Tran 9 (Homer Spit) North to South
** Date: 06-26
** Station: 9-06a
** Start time (AKDT): 11:43
** Depth (m): 98.8
** Comment:  R/V Barnacle
** Comment:
# nquan = 17
# nvalues = 766                         
# units = specified
# name 0 = scan: Scan Count
# name 1 = timeJ: Julian Days
# name 2 = timeH: Time, Elapsed [hours]
# name 3 = timeM: Time, Elapsed [minutes]
# name 4 = timeS: Time, Elapsed [seconds]
# name 5 = density00: Density [density, kg/m^3]
# name 6 = specc: Specific Conductance [uS/cm]
# name 7 = sal00: Salinity, Practical [PSU]
# name 8 = depSM: Depth [salt water, m], lat = 59.00
# name 9 = oxsolML/L: Oxygen Saturation, Garcia & Gordon [ml/l]
# name 10 = potemp090C: Potential Temperature [ITS-90, deg C]
# name 11 = tv290C: Temperature [ITS-90, deg C]
# name 12 = sigma-é00: Density [sigma-theta, kg/m^3]
# name 13 = n2satML/L: Nitrogen Saturation [ml/l]
# name 14 = par: PAR/Irradiance, Biospherical/Licor
# name 15 = prdM: Pressure, Strain Gauge [db]
# name 16 = flag:  0.000e+00
# span 0 =          1,        766       
# span 1 = 177.487106, 177.489320       
# span 2 =    0.00000,    0.05312       
# span 3 =     0.0000,     3.1875       
# span 4 =      0.000,    191.250       
# span 5 =   999.7593,  1025.0458       
# span 6 =    412.053,  50112.161       
# span 7 =     0.1955,    31.4807       
# span 8 =     -0.065,     92.435       
# span 9 =    6.22396,    7.70517       
# span 10 =     7.1695,    13.0021      
# span 11 =     7.1771,    13.0022      
# span 12 =    -0.2404,    24.6202      
# span 13 =   11.33473,   14.17750      
# span 14 = 5.2108e-02, 4.8250e+02      
# span 15 =     -0.066,     93.328      
# span 16 = 0.0000e+00, 0.0000e+00      
# interval = seconds: 0.25
# start_time = Jun 26 2015 11:41:26 [Instrument's time stamp, header]
# bad_flag = -9.990e-29
*END*
[from data line 511]
        512 177.488585    0.03549     2.1292    127.750  1024.6072  49800.836    31.4170     31.256    6.75713     7.9688     7.9908    24.4628   12.17271 3.4296e-01     31.553 0.0000e+00
        513 177.488588    0.03556     2.1333    128.000  1024.6090  49801.925    31.4161     31.474    6.75863     7.9600     7.9813    24.4635   12.17519 3.3401e-01     31.773 0.0000e+00
        514 177.488591    0.03562     2.1375    128.250  1024.6119  49805.214    31.4168     31.690    6.76005     7.9522     7.9718    24.4654   12.17753 3.2543e-01     31.992 0.0000e+00
        515 177.488594    0.03569     2.1417    128.500  1024.6155  49809.893    31.4186     31.906    6.76133     7.9455     7.9630    24.4681   12.17962 3.1717e-01     32.210 0.0000e+00
        516 177.488597    0.03576     2.1458    128.750  1024.6191  49814.472    31.4205     32.121    6.76244     7.9396     7.9552    24.4707   12.18143 3.0915e-01     32.427 0.0000e+00
        517 177.488600    0.03583     2.1500    129.000  1024.6219  49817.766    31.4216     32.336    6.76341     7.9341     7.9486    24.4725   12.18302 3.0133e-01     32.644 0.0000e+00
        518 177.488602    0.03590     2.1542    129.250  1024.6238  49819.319    31.4217     32.552    6.76430     7.9284     7.9427    24.4734   12.18450 2.9370e-01     32.862 0.0000e+00
        519 177.488605    0.03597     2.1583    129.500  1024.6249  49819.508    31.4208     32.771    6.76519     7.9222     7.9372    24.4735   12.18598 2.8622e-01     33.083 0.0000e+00
        520 177.488608    0.03604     2.1625    129.750  1024.6257  49818.970    31.4195     32.992    6.76612     7.9157     7.9315    24.4732   12.18754 2.7887e-01     33.306 0.0000e+00
        521 177.488611    0.03611     2.1667    130.000  1024.6265  49818.461    31.4180     33.217    6.76712     7.9091     7.9254    24.4730   12.18922 2.7168e-01     33.533 0.0000e+00
        522 177.488614    0.03618     2.1708    130.250  1024.6280  49819.374    31.4175     33.445    6.76815     7.9031     7.9188    24.4735   12.19092 2.6466e-01     33.763 0.0000e+00
        523 177.488617    0.03625     2.1750    130.500  1024.6308  49822.440    31.4185     33.677    6.76912     7.8982     7.9122    24.4752   12.19252 2.5780e-01     33.997 0.0000e+00
        524 177.488620    0.03632     2.1792    130.750  1024.6343  49826.826    31.4205     33.912    6.76995     7.8946     7.9063    24.4776   12.19386 2.5108e-01     34.235 0.0000e+00
        525 177.488623    0.03639     2.1833    131.000  1024.6379  49831.380    31.4228     34.151    6.77059     7.8922     7.9014    24.4801   12.19490 2.4451e-01     34.476 0.0000e+00
        526 177.488626    0.03646     2.1875    131.250  1024.6412  49835.310    31.4249     34.393    6.77105     7.8906     7.8979    24.4822   12.19563 2.3813e-01     34.721 0.0000e+00
        527 177.488628    0.03653     2.1917    131.500  1024.6439  49838.214    31.4264     34.638    6.77135     7.8895     7.8954    24.4838   12.19611 2.3193e-01     34.967 0.0000e+00
        528 177.488631    0.03660     2.1958    131.750  1024.6459  49840.001    31.4273     34.883    6.77156     7.8885     7.8938    24.4847   12.19644 2.2596e-01     35.215 0.0000e+00
        529 177.488634    0.03667     2.2000    132.000  1024.6474  49840.717    31.4275     35.127    6.77172     7.8872     7.8928    24.4850   12.19670 2.2022e-01     35.461 0.0000e+00
        530 177.488637    0.03674     2.2042    132.250  1024.6483  49840.413    31.4271     35.370    6.77189     7.8852     7.8918    24.4848   12.19699 2.1470e-01     35.706 0.0000e+00
        531 177.488640    0.03681     2.2083    132.500  1024.6484  49838.835    31.4257     35.613    6.77214     7.8820     7.8906    24.4839   12.19742 2.0936e-01     35.952 0.0000e+00
        532 177.488643    0.03687     2.2125    132.750  1024.6479  49835.966    31.4232     35.857    6.77255     7.8773     7.8886    24.4822   12.19812 2.0414e-01     36.199 0.0000e+00
        533 177.488646    0.03694     2.2167    133.000  1024.6471  49832.462    31.4201     36.105    6.77317     7.8711     7.8854    24.4803   12.19920 1.9898e-01     36.449 0.0000e+00
        534 177.488649    0.03701     2.2208    133.250  1024.6469  49829.959    31.4175     36.357    6.77402     7.8644     7.8807    24.4789   12.20063 1.9392e-01     36.703 0.0000e+00
        535 177.488652    0.03708     2.2250    133.500  1024.6483  49830.299    31.4167     36.612    6.77500     7.8580     7.8746    24.4791   12.20226 1.8902e-01     36.960 0.0000e+00
        536 177.488655    0.03715     2.2292    133.750  1024.6511  49833.195    31.4175     36.867    6.77599     7.8525     7.8679    24.4807   12.20389 1.8429e-01     37.219 0.0000e+00
        537 177.488657    0.03722     2.2333    134.000  1024.6543  49836.918    31.4190     37.125    6.77690     7.8477     7.8615    24.4827   12.20538 1.7974e-01     37.479 0.0000e+00
        538 177.488660    0.03729     2.2375    134.250  1024.6574  49840.310    31.4203     37.386    6.77770     7.8436     7.8560    24.4846   12.20668 1.7534e-01     37.742 0.0000e+00
        539 177.488663    0.03736     2.2417    134.500  1024.6601  49843.053    31.4214     37.649    6.77838     7.8399     7.8512    24.4861   12.20780 1.7111e-01     38.008 0.0000e+00
        540 177.488666    0.03743     2.2458    134.750  1024.6624  49845.081    31.4220     37.912    6.77899     7.8362     7.8471    24.4872   12.20879 1.6704e-01     38.273 0.0000e+00
        541 177.488669    0.03750     2.2500    135.000  1024.6642  49846.283    31.4221     38.174    6.77955     7.8326     7.8434    24.4878   12.20973 1.6311e-01     38.538 0.0000e+00
        542 177.488672    0.03757     2.2542    135.250  1024.6658  49847.068    31.4220     38.435    6.78011     7.8290     7.8398    24.4882   12.21066 1.5931e-01     38.802 0.0000e+00
        543 177.488675    0.03764     2.2583    135.500  1024.6676  49848.176    31.4221     38.697    6.78067     7.8255     7.8362    24.4887   12.21158 1.5562e-01     39.066 0.0000e+00
        544 177.488678    0.03771     2.2625    135.750  1024.6696  49849.652    31.4224     38.960    6.78121     7.8221     7.8326    24.4895   12.21247 1.5205e-01     39.331 0.0000e+00
        545 177.488681    0.03778     2.2667    136.000  1024.6715  49850.924    31.4226     39.222    6.78173     7.8187     7.8291    24.4901   12.21333 1.4859e-01     39.596 0.0000e+00
        546 177.488683    0.03785     2.2708    136.250  1024.6730  49851.655    31.4225     39.484    6.78226     7.8151     7.8258    24.4905   12.21420 1.4523e-01     39.860 0.0000e+00
        547 177.488686    0.03792     2.2750    136.500  1024.6743  49851.799    31.4219     39.745    6.78280     7.8111     7.8225    24.4905   12.21511 1.4201e-01     40.124 0.0000e+00
        548 177.488689    0.03799     2.2792    136.750  1024.6752  49851.376    31.4209     40.005    6.78339     7.8064     7.8189    24.4903   12.21610 1.3892e-01     40.386 0.0000e+00
        549 177.488692    0.03806     2.2833    137.000  1024.6759  49850.386    31.4195     40.263    6.78407     7.8009     7.8149    24.4897   12.21724 1.3597e-01     40.647 0.0000e+00
        550 177.488695    0.03812     2.2875    137.250  1024.6764  49849.223    31.4178     40.521    6.78487     7.7946     7.8103    24.4890   12.21857 1.3313e-01     40.907 0.0000e+00
        551 177.488698    0.03819     2.2917    137.500  1024.6773  49848.653    31.4164     40.779    6.78578     7.7879     7.8048    24.4887   12.22010 1.3040e-01     41.168 0.0000e+00
        552 177.488701    0.03826     2.2958    137.750  1024.6786  49848.943    31.4155     41.038    6.78679     7.7810     7.7985    24.4888   12.22177 1.2777e-01     41.430 0.0000e+00
        553 177.488704    0.03833     2.3000    138.000  1024.6805  49850.203    31.4152     41.297    6.78784     7.7743     7.7918    24.4895   12.22351 1.2525e-01     41.691 0.0000e+00
        554 177.488707    0.03840     2.3042    138.250  1024.6831  49852.818    31.4158     41.555    6.78887     7.7682     7.7849    24.4910   12.22522 1.2284e-01     41.951 0.0000e+00
        555 177.488709    0.03847     2.3083    138.500  1024.6863  49856.415    31.4171     41.812    6.78984     7.7628     7.7782    24.4929   12.22681 1.2051e-01     42.210 0.0000e+00
        556 177.488712    0.03854     2.3125    138.750  1024.6893  49859.767    31.4183     42.068    6.79072     7.7581     7.7722    24.4948   12.22825 1.1825e-01     42.469 0.0000e+00
        557 177.488715    0.03861     2.3167    139.000  1024.6919  49862.469    31.4192     42.324    6.79151     7.7540     7.7668    24.4962   12.22954 1.1609e-01     42.728 0.0000e+00
        558 177.488718    0.03868     2.3208    139.250  1024.6946  49865.170    31.4202     42.578    6.79220     7.7506     7.7621    24.4977   12.23067 1.1401e-01     42.985 0.0000e+00
        559 177.488721    0.03875     2.3250    139.500  1024.6973  49867.979    31.4214     42.831    6.79278     7.7478     7.7580    24.4992   12.23161 1.1201e-01     43.240 0.0000e+00
        560 177.488724    0.03882     2.3292    139.750  1024.6997  49870.381    31.4224     43.084    6.79326     7.7455     7.7546    24.5005   12.23239 1.1008e-01     43.495 0.0000e+00
        561 177.488727    0.03889     2.3333    140.000  1024.7019  49872.253    31.4232     43.338    6.79365     7.7436     7.7518    24.5014   12.23303 1.0821e-01     43.752 0.0000e+00
        562 177.488730    0.03896     2.3375    140.250  1024.7040  49874.099    31.4240     43.595    6.79396     7.7423     7.7496    24.5024   12.23354 1.0638e-01     44.011 0.0000e+00
        563 177.488733    0.03903     2.3417    140.500  1024.7064  49876.479    31.4252     43.854    6.79419     7.7416     7.7477    24.5036   12.23391 1.0460e-01     44.273 0.0000e+00
        564 177.488736    0.03910     2.3458    140.750  1024.7089  49878.896    31.4266     44.116    6.79433     7.7413     7.7465    24.5049   12.23412 1.0288e-01     44.537 0.0000e+00
        565 177.488738    0.03917     2.3500    141.000  1024.7109  49880.442    31.4274     44.376    6.79440     7.7413     7.7458    24.5056   12.23423 1.0124e-01     44.800 0.0000e+00
        566 177.488741    0.03924     2.3542    141.250  1024.7127  49881.665    31.4281     44.634    6.79441     7.7417     7.7455    24.5062   12.23424 9.9682e-02     45.060 0.0000e+00
        567 177.488744    0.03931     2.3583    141.500  1024.7149  49883.709    31.4294     44.889    6.79435     7.7430     7.7455    24.5073   12.23412 9.8196e-02     45.318 0.0000e+00
        568 177.488747    0.03938     2.3625    141.750  1024.7174  49886.439    31.4313     45.143    6.79419     7.7450     7.7460    24.5087   12.23383 9.6764e-02     45.574 0.0000e+00
        569 177.488750    0.03944     2.3667    142.000  1024.7200  49889.271    31.4334     45.395    6.79391     7.7480     7.7472    24.5101   12.23333 9.5392e-02     45.828 0.0000e+00
        570 177.488753    0.03951     2.3708    142.250  1024.7229  49892.586    31.4359     45.644    6.79348     7.7522     7.7493    24.5118   12.23259 9.4071e-02     46.080 0.0000e+00
        571 177.488756    0.03958     2.3750    142.500  1024.7263  49896.947    31.4393     45.891    6.79286     7.7579     7.7523    24.5141   12.23153 9.2798e-02     46.329 0.0000e+00
        572 177.488759    0.03965     2.3792    142.750  1024.7302  49902.225    31.4436     46.136    6.79202     7.7650     7.7565    24.5169   12.23008 9.1578e-02     46.576 0.0000e+00
        573 177.488762    0.03972     2.3833    143.000  1024.7337  49906.862    31.4476     46.379    6.79095     7.7728     7.7623    24.5192   12.22827 9.0405e-02     46.822 0.0000e+00
        574 177.488764    0.03979     2.3875    143.250  1024.7360  49909.346    31.4504     46.622    6.78973     7.7811     7.7694    24.5204   12.22621 8.9281e-02     47.067 0.0000e+00
        575 177.488767    0.03986     2.3917    143.500  1024.7378  49911.015    31.4527     46.864    6.78841     7.7896     7.7773    24.5211   12.22400 8.8211e-02     47.312 0.0000e+00
        576 177.488770    0.03993     2.3958    143.750  1024.7399  49913.056    31.4554     47.104    6.78702     7.7981     7.7855    24.5221   12.22166 8.7191e-02     47.554 0.0000e+00
        577 177.488773    0.04000     2.4000    144.000  1024.7414  49914.179    31.4575     47.342    6.78561     7.8063     7.7941    24.5225   12.21930 8.6208e-02     47.794 0.0000e+00
        578 177.488776    0.04007     2.4042    144.250  1024.7420  49913.659    31.4584     47.579    6.78424     7.8137     7.8026    24.5220   12.21703 8.5255e-02     48.034 0.0000e+00
        579 177.488779    0.04014     2.4083    144.500  1024.7422  49912.358    31.4587     47.817    6.78297     7.8204     7.8108    24.5211   12.21493 8.4325e-02     48.274 0.0000e+00
        580 177.488782    0.04021     2.4125    144.750  1024.7424  49911.160    31.4589     48.057    6.78181     7.8265     7.8182    24.5203   12.21301 8.3415e-02     48.516 0.0000e+00
        581 177.488785    0.04028     2.4167    145.000  1024.7428  49910.106    31.4592     48.299    6.78076     7.8319     7.8250    24.5196   12.21127 8.2525e-02     48.761 0.0000e+00
        582 177.488788    0.04035     2.4208    145.250  1024.7430  49908.716    31.4591     48.544    6.77982     7.8364     7.8311    24.5186   12.20971 8.1658e-02     49.008 0.0000e+00
        583 177.488791    0.04042     2.4250    145.500  1024.7428  49906.518    31.4583     48.792    6.77901     7.8396     7.8366    24.5173   12.20839 8.0822e-02     49.259 0.0000e+00
        584 177.488793    0.04049     2.4292    145.750  1024.7420  49903.260    31.4566     49.042    6.77839     7.8411     7.8411    24.5153   12.20738 8.0023e-02     49.511 0.0000e+00
        585 177.488796    0.04056     2.4333    146.000  1024.7406  49898.860    31.4540     49.292    6.77802     7.8405     7.8443    24.5128   12.20679 7.9261e-02     49.764 0.0000e+00
        586 177.488799    0.04063     2.4375    146.250  1024.7385  49893.167    31.4501     49.542    6.77795     7.8377     7.8458    24.5096   12.20673 7.8542e-02     50.016 0.0000e+00
        587 177.488802    0.04069     2.4417    146.500  1024.7361  49886.859    31.4455     49.792    6.77824     7.8327     7.8452    24.5060   12.20726 7.7850e-02     50.268 0.0000e+00
        588 177.488805    0.04076     2.4458    146.750  1024.7343  49881.478    31.4412     50.043    6.77887     7.8261     7.8424    24.5030   12.20836 7.7139e-02     50.521 0.0000e+00
        589 177.488808    0.04083     2.4500    147.000  1024.7334  49877.680    31.4376     50.294    6.77979     7.8184     7.8375    24.5009   12.20992 7.6386e-02     50.775 0.0000e+00
        590 177.488811    0.04090     2.4542    147.250  1024.7333  49875.457    31.4349     50.546    6.78092     7.8101     7.8309    24.4997   12.21183 7.5585e-02     51.029 0.0000e+00
        591 177.488814    0.04097     2.4583    147.500  1024.7342  49874.937    31.4332     50.799    6.78218     7.8016     7.8233    24.4994   12.21393 7.4719e-02     51.284 0.0000e+00
        592 177.488817    0.04104     2.4625    147.750  1024.7358  49875.609    31.4322     51.052    6.78350     7.7927     7.8150    24.4998   12.21613 7.3748e-02     51.539 0.0000e+00
        593 177.488819    0.04111     2.4667    148.000  1024.7373  49876.022    31.4310     51.304    6.78487     7.7832     7.8064    24.5001   12.21842 7.2585e-02     51.794 0.0000e+00
        594 177.488822    0.04118     2.4708    148.250  1024.7381  49875.366    31.4290     51.554    6.78632     7.7729     7.7976    24.4997   12.22084 7.1082e-02     52.046 0.0000e+00
        595 177.488825    0.04125     2.4750    148.500  1024.7388  49874.482    31.4268     51.803    6.78788     7.7621     7.7882    24.4993   12.22345 6.9020e-02     52.298 0.0000e+00
