CTD-processing/allCTD/CNV--homogene/2015_12-10_t9_s09_cast049.cnv
* Sea-Bird SBE19plus Data File:
* FileName = C:\Users\Kris.Holderied\Documents\kasitsna\Research-KBL\Oceanography-AK\CTD-Data-ALL-to-2015-10\2015-CTD-KachemakBay-CookInlet\2015-12-10_CookInlet-HomerSpit-monthly-BLANK\2015-12-10-CookInlet-Tran9-cast049.hex
* Software Version 1.59
* Temperature SN =  5028
* Conductivity SN =  5028
* System UpLoad Time = Jan 06 2016 11:21:48
** Cook Inlet LTM Tran9 Homer Spit
** Date (YYYY-MM-DD): 2015-12-10
** Station (ie. 9-01):  9-09
** Start time (AKST): 12:58
** Depth (m): 85.3
** Comment: R/V Edgecumbe
** Comment:
# nquan = 17
# nvalues = 632                         
# units = specified
# name 0 = scan: Scan Count
# name 1 = timeJ: Julian Days
# name 2 = timeH: Time, Elapsed [hours]
# name 3 = timeM: Time, Elapsed [minutes]
# name 4 = timeS: Time, Elapsed [seconds]
# name 5 = density00: Density [density, kg/m^3]
# name 6 = specc: Specific Conductance [uS/cm]
# name 7 = sal00: Salinity, Practical [PSU]
# name 8 = depSM: Depth [salt water, m], lat = 59.00
# name 9 = oxsolML/L: Oxygen Saturation, Garcia & Gordon [ml/l]
# name 10 = potemp090C: Potential Temperature [ITS-90, deg C]
# name 11 = tv290C: Temperature [ITS-90, deg C]
# name 12 = sigma-é00: Density [sigma-theta, kg/m^3]
# name 13 = n2satML/L: Nitrogen Saturation [ml/l]
# name 14 = par: PAR/Irradiance, Biospherical/Licor
# name 15 = prdM: Pressure, Strain Gauge [db]
# name 16 = flag:  0.000e+00
# span 0 =          1,        632       
# span 1 = 344.540313, 344.542138       
# span 2 =    0.00000,    0.04382       
# span 3 =     0.0000,     2.6292       
# span 4 =      0.000,    157.750       
# span 5 =  1000.5463,  1024.6947       
# span 6 =   1541.892,  49652.502       
# span 7 =     0.7543,    31.0795       
# span 8 =     -0.259,     75.588       
# span 9 =    6.94037,    8.68218       
# span 10 =     5.9162,     6.9143      
# span 11 =     5.9146,     6.9203      
# span 12 =     0.5475,    24.3696      
# span 13 =   12.48001,   15.81638      
# span 14 = 3.8151e-02, 8.4576e+01      
# span 15 =     -0.261,     76.315      
# span 16 = 0.0000e+00, 0.0000e+00      
# interval = seconds: 0.25
# start_time = Dec 10 2015 12:58:03 [Instrument's time stamp, header]
# bad_flag = -9.990e-29
*END*
[from data line 426]
        427 344.541545    0.02958     1.7750    106.500  1024.4003  49479.130    30.8741     25.851    7.08005     6.1209     6.1227    24.2796   12.71351 7.4661e-02     26.097 0.0000e+00
        428 344.541548    0.02965     1.7792    106.750  1024.4019  49479.563    30.8742     26.158    7.08003     6.1210     6.1228    24.2797   12.71348 7.1771e-02     26.406 0.0000e+00
        429 344.541551    0.02972     1.7833    107.000  1024.4034  49479.948    30.8744     26.466    7.08001     6.1211     6.1229    24.2798   12.71343 6.9119e-02     26.717 0.0000e+00
        430 344.541554    0.02979     1.7875    107.250  1024.4048  49480.016    30.8743     26.774    7.07998     6.1210     6.1231    24.2797   12.71338 6.6696e-02     27.028 0.0000e+00
        431 344.541557    0.02986     1.7917    107.500  1024.4059  49479.612    30.8740     27.079    7.07998     6.1208     6.1233    24.2794   12.71338 6.4501e-02     27.336 0.0000e+00
        432 344.541560    0.02993     1.7958    107.750  1024.4069  49479.146    30.8735     27.382    7.08001     6.1203     6.1232    24.2790   12.71343 6.2528e-02     27.642 0.0000e+00
        433 344.541563    0.03000     1.8000    108.000  1024.4082  49479.024    30.8732     27.681    7.08006     6.1198     6.1230    24.2789   12.71353 6.0755e-02     27.944 0.0000e+00
        434 344.541565    0.03007     1.8042    108.250  1024.4093  49478.808    30.8728     27.975    7.08015     6.1188     6.1226    24.2786   12.71367 5.9163e-02     28.241 0.0000e+00
        435 344.541568    0.03014     1.8083    108.500  1024.4099  49477.692    30.8718     28.264    7.08029     6.1175     6.1220    24.2779   12.71391 5.7735e-02     28.533 0.0000e+00
        436 344.541571    0.03021     1.8125    108.750  1024.4105  49476.537    30.8707     28.549    7.08049     6.1162     6.1211    24.2772   12.71426 5.6449e-02     28.820 0.0000e+00
        437 344.541574    0.03028     1.8167    109.000  1024.4119  49476.951    30.8706     28.829    7.08071     6.1153     6.1198    24.2772   12.71463 5.5281e-02     29.103 0.0000e+00
        438 344.541577    0.03035     1.8208    109.250  1024.4141  49478.794    30.8715     29.106    7.08088     6.1152     6.1185    24.2781   12.71490 5.4218e-02     29.382 0.0000e+00
        439 344.541580    0.03042     1.8250    109.500  1024.4167  49481.576    30.8732     29.380    7.08095     6.1156     6.1177    24.2795   12.71499 5.3251e-02     29.659 0.0000e+00
        440 344.541583    0.03049     1.8292    109.750  1024.4192  49483.990    30.8747     29.652    7.08090     6.1161     6.1175    24.2807   12.71489 5.2370e-02     29.934 0.0000e+00
        441 344.541586    0.03056     1.8333    110.000  1024.4203  49483.860    30.8746     29.921    7.08082     6.1163     6.1180    24.2805   12.71477 5.1572e-02     30.206 0.0000e+00
        442 344.541589    0.03062     1.8375    110.250  1024.4208  49482.566    30.8736     30.186    7.08078     6.1164     6.1185    24.2798   12.71471 5.0852e-02     30.473 0.0000e+00
        443 344.541591    0.03069     1.8417    110.500  1024.4220  49482.887    30.8738     30.445    7.08075     6.1169     6.1187    24.2799   12.71466 5.0198e-02     30.735 0.0000e+00
        444 344.541594    0.03076     1.8458    110.750  1024.4240  49484.533    30.8748     30.700    7.08069     6.1179     6.1188    24.2807   12.71453 4.9592e-02     30.992 0.0000e+00
        445 344.541597    0.03083     1.8500    111.000  1024.4261  49486.227    30.8760     30.954    7.08055     6.1193     6.1193    24.2815   12.71429 4.9033e-02     31.249 0.0000e+00
        446 344.541600    0.03090     1.8542    111.250  1024.4280  49487.787    30.8771     31.208    7.08032     6.1211     6.1203    24.2823   12.71390 4.8524e-02     31.505 0.0000e+00
        447 344.541603    0.03097     1.8583    111.500  1024.4303  49489.862    30.8787     31.463    7.08001     6.1237     6.1218    24.2834   12.71337 4.8059e-02     31.762 0.0000e+00
        448 344.541606    0.03104     1.8625    111.750  1024.4330  49492.671    30.8809     31.718    7.07959     6.1270     6.1237    24.2849   12.71265 4.7622e-02     32.020 0.0000e+00
        449 344.541609    0.03111     1.8667    112.000  1024.4356  49495.296    30.8831     31.974    7.07906     6.1309     6.1262    24.2863   12.71175 4.7204e-02     32.279 0.0000e+00
        450 344.541612    0.03118     1.8708    112.250  1024.4382  49497.959    30.8854     32.230    7.07840     6.1357     6.1295    24.2877   12.71063 4.6811e-02     32.537 0.0000e+00
        451 344.541615    0.03125     1.8750    112.500  1024.4415  49501.748    30.8886     32.485    7.07759     6.1413     6.1335    24.2898   12.70925 4.6448e-02     32.794 0.0000e+00
        452 344.541617    0.03132     1.8792    112.750  1024.4446  49505.158    30.8918     32.739    7.07664     6.1469     6.1383    24.2917   12.70763 4.6111e-02     33.051 0.0000e+00
        453 344.541620    0.03139     1.8833    113.000  1024.4461  49505.507    30.8929     32.993    7.07565     6.1513     6.1440    24.2920   12.70598 4.5787e-02     33.307 0.0000e+00
        454 344.541623    0.03146     1.8875    113.250  1024.4456  49502.334    30.8916     33.247    7.07479     6.1542     6.1495    24.2903   12.70457 4.5470e-02     33.564 0.0000e+00
        455 344.541626    0.03153     1.8917    113.500  1024.4439  49497.069    30.8887     33.502    7.07417     6.1553     6.1540    24.2875   12.70359 4.5161e-02     33.822 0.0000e+00
        456 344.541629    0.03160     1.8958    113.750  1024.4422  49491.641    30.8854     33.758    7.07386     6.1554     6.1569    24.2846   12.70311 4.4864e-02     34.080 0.0000e+00
        457 344.541632    0.03167     1.9000    114.000  1024.4415  49488.225    30.8832     34.016    7.07377     6.1551     6.1581    24.2826   12.70299 4.4569e-02     34.340 0.0000e+00
        458 344.541635    0.03174     1.9042    114.250  1024.4423  49487.708    30.8827     34.277    7.07378     6.1551     6.1581    24.2823   12.70302 4.4250e-02     34.603 0.0000e+00
        459 344.541638    0.03181     1.9083    114.500  1024.4441  49488.943    30.8834     34.541    7.07379     6.1555     6.1579    24.2828   12.70303 4.3869e-02     34.870 0.0000e+00
        460 344.541641    0.03188     1.9125    114.750  1024.4462  49490.635    30.8844     34.808    7.07374     6.1562     6.1579    24.2836   12.70293 4.3385e-02     35.139 0.0000e+00
        461 344.541644    0.03194     1.9167    115.000  1024.4480  49491.818    30.8852     35.077    7.07363     6.1571     6.1583    24.2842   12.70274 4.2735e-02     35.411 0.0000e+00
        462 344.541646    0.03201     1.9208    115.250  1024.4498  49493.120    30.8861     35.348    7.07347     6.1586     6.1590    24.2848   12.70246 4.1796e-02     35.685 0.0000e+00
        463 344.541649    0.03208     1.9250    115.500  1024.4523  49495.447    30.8878     35.621    7.07323     6.1605     6.1600    24.2860   12.70204 4.0727e-02     35.960 0.0000e+00
        464 344.541652    0.03215     1.9292    115.750  1024.4546  49497.394    30.8893     35.895    7.07291     6.1625     6.1615    24.2870   12.70150 4.0012e-02     36.236 0.0000e+00
        465 344.541655    0.03222     1.9333    116.000  1024.4564  49498.333    30.8902     36.170    7.07255     6.1646     6.1633    24.2875   12.70090 3.9840e-02     36.514 0.0000e+00
        466 344.541658    0.03229     1.9375    116.250  1024.4579  49498.875    30.8908     36.444    7.07218     6.1666     6.1654    24.2878   12.70028 4.0164e-02     36.792 0.0000e+00
        467 344.541661    0.03236     1.9417    116.500  1024.4592  49499.011    30.8911     36.718    7.07181     6.1685     6.1675    24.2878   12.69967 4.0734e-02     37.068 0.0000e+00
        468 344.541664    0.03243     1.9458    116.750  1024.4604  49498.896    30.8913     36.990    7.07146     6.1703     6.1696    24.2877   12.69909 4.1105e-02     37.343 0.0000e+00
        469 344.541667    0.03250     1.9500    117.000  1024.4616  49498.882    30.8915     37.263    7.07114     6.1720     6.1715    24.2876   12.69854 4.1217e-02     37.618 0.0000e+00
        470 344.541670    0.03257     1.9542    117.250  1024.4629  49499.064    30.8918     37.536    7.07083     6.1736     6.1733    24.2877   12.69802 4.1217e-02     37.894 0.0000e+00
        471 344.541672    0.03264     1.9583    117.500  1024.4642  49499.224    30.8921     37.811    7.07053     6.1751     6.1750    24.2877   12.69753 4.1137e-02     38.172 0.0000e+00
        472 344.541675    0.03271     1.9625    117.750  1024.4653  49498.937    30.8921     38.088    7.07025     6.1764     6.1767    24.2875   12.69707 4.1012e-02     38.451 0.0000e+00
        473 344.541678    0.03278     1.9667    118.000  1024.4662  49498.335    30.8918     38.365    7.07001     6.1776     6.1782    24.2871   12.69668 4.0897e-02     38.731 0.0000e+00
        474 344.541681    0.03285     1.9708    118.250  1024.4674  49498.228    30.8919     38.642    7.06980     6.1789     6.1795    24.2870   12.69632 4.0809e-02     39.010 0.0000e+00
        475 344.541684    0.03292     1.9750    118.500  1024.4691  49499.131    30.8926     38.916    7.06957     6.1808     6.1807    24.2874   12.69593 4.0717e-02     39.287 0.0000e+00
        476 344.541687    0.03299     1.9792    118.750  1024.4714  49501.138    30.8941     39.187    7.06927     6.1835     6.1820    24.2885   12.69542 4.0611e-02     39.560 0.0000e+00
        477 344.541690    0.03306     1.9833    119.000  1024.4742  49504.017    30.8964     39.456    7.06885     6.1868     6.1839    24.2900   12.69470 4.0506e-02     39.831 0.0000e+00
        478 344.541693    0.03313     1.9875    119.250  1024.4767  49506.389    30.8984     39.722    7.06830     6.1903     6.1867    24.2912   12.69377 4.0414e-02     40.100 0.0000e+00
        479 344.541696    0.03319     1.9917    119.500  1024.4781  49506.784    30.8991     39.987    7.06770     6.1933     6.1901    24.2914   12.69276 4.0332e-02     40.368 0.0000e+00
        480 344.541698    0.03326     1.9958    119.750  1024.4785  49505.317    30.8987     40.250    7.06714     6.1951     6.1936    24.2906   12.69185 4.0246e-02     40.634 0.0000e+00
        481 344.541701    0.03333     2.0000    120.000  1024.4780  49502.203    30.8970     40.514    7.06673     6.1952     6.1966    24.2889   12.69119 4.0177e-02     40.900 0.0000e+00
        482 344.541704    0.03340     2.0042    120.250  1024.4767  49497.508    30.8940     40.778    7.06657     6.1935     6.1984    24.2863   12.69096 4.0123e-02     41.167 0.0000e+00
        483 344.541707    0.03347     2.0083    120.500  1024.4755  49493.209    30.8909     41.044    7.06670     6.1908     6.1985    24.2839   12.69121 4.0070e-02     41.436 0.0000e+00
        484 344.541710    0.03354     2.0125    120.750  1024.4757  49491.571    30.8893     41.311    7.06705     6.1878     6.1968    24.2829   12.69181 4.0003e-02     41.705 0.0000e+00
        485 344.541713    0.03361     2.0167    121.000  1024.4772  49492.335    30.8892     41.576    7.06750     6.1851     6.1941    24.2831   12.69256 3.9866e-02     41.973 0.0000e+00
        486 344.541716    0.03368     2.0208    121.250  1024.4792  49494.104    30.8897     41.841    7.06796     6.1829     6.1912    24.2839   12.69331 3.9606e-02     42.240 0.0000e+00
        487 344.541719    0.03375     2.0250    121.500  1024.4814  49496.209    30.8906     42.106    7.06837     6.1811     6.1885    24.2849   12.69397 3.9229e-02     42.508 0.0000e+00
        488 344.541722    0.03382     2.0292    121.750  1024.4836  49498.323    30.8915     42.370    7.06870     6.1797     6.1863    24.2859   12.69451 3.8847e-02     42.775 0.0000e+00
        489 344.541725    0.03389     2.0333    122.000  1024.4859  49500.444    30.8925     42.633    7.06894     6.1791     6.1845    24.2869   12.69490 3.8598e-02     43.040 0.0000e+00
        490 344.541727    0.03396     2.0375    122.250  1024.4884  49503.117    30.8940     42.895    7.06909     6.1792     6.1832    24.2882   12.69512 3.8515e-02     43.304 0.0000e+00
        491 344.541730    0.03403     2.0417    122.500  1024.4910  49505.848    30.8956     43.155    7.06912     6.1796     6.1825    24.2896   12.69515 3.8555e-02     43.566 0.0000e+00
        492 344.541733    0.03410     2.0458    122.750  1024.4927  49506.848    30.8962     43.413    7.06907     6.1799     6.1827    24.2900   12.69506 3.8663e-02     43.828 0.0000e+00
        493 344.541736    0.03417     2.0500    123.000  1024.4934  49506.043    30.8956     43.671    7.06902     6.1798     6.1831    24.2895   12.69498 3.8777e-02     44.087 0.0000e+00
        494 344.541739    0.03424     2.0542    123.250  1024.4938  49504.828    30.8947     43.926    7.06901     6.1793     6.1834    24.2888   12.69498 3.8846e-02     44.344 0.0000e+00
        495 344.541742    0.03431     2.0583    123.500  1024.4943  49503.785    30.8939     44.177    7.06906     6.1783     6.1833    24.2881   12.69509 3.8834e-02     44.598 0.0000e+00
        496 344.541745    0.03438     2.0625    123.750  1024.4950  49503.117    30.8932     44.423    7.06918     6.1771     6.1828    24.2876   12.69529 3.8701e-02     44.847 0.0000e+00
        497 344.541748    0.03444     2.0667    124.000  1024.4958  49502.808    30.8927     44.663    7.06936     6.1757     6.1819    24.2873   12.69559 3.8479e-02     45.090 0.0000e+00
        498 344.541751    0.03451     2.0708    124.250  1024.4967  49502.639    30.8922     44.899    7.06958     6.1739     6.1807    24.2871   12.69595 3.8294e-02     45.328 0.0000e+00
        499 344.541753    0.03458     2.0750    124.500  1024.4976  49502.403    30.8917     45.133    7.06984     6.1719     6.1793    24.2869   12.69640 3.8193e-02     45.564 0.0000e+00
        500 344.541756    0.03465     2.0792    124.750  1024.4985  49502.344    30.8912     45.365    7.07015     6.1701     6.1775    24.2868   12.69692 3.8151e-02     45.799 0.0000e+00
        501 344.541759    0.03472     2.0833    125.000  1024.5000  49503.283    30.8914     45.599    7.07047     6.1687     6.1756    24.2871   12.69743 3.8155e-02     46.035 0.0000e+00
        502 344.541762    0.03479     2.0875    125.250  1024.5020  49505.201    30.8923     45.836    7.07073     6.1679     6.1738    24.2880   12.69785 3.8201e-02     46.274 0.0000e+00
        503 344.541765    0.03486     2.0917    125.500  1024.5041  49507.232    30.8933     46.075    7.07090     6.1676     6.1724    24.2890   12.69813 3.8282e-02     46.515 0.0000e+00
        504 344.541768    0.03493     2.0958    125.750  1024.5059  49508.793    30.8941     46.318    7.07099     6.1676     6.1716    24.2898   12.69827 3.8380e-02     46.761 0.0000e+00
        505 344.541771    0.03500     2.1000    126.000  1024.5075  49509.710    30.8946     46.565    7.07102     6.1676     6.1713    24.2902   12.69831 3.8480e-02     47.010 0.0000e+00
        506 344.541774    0.03507     2.1042    126.250  1024.5087  49509.858    30.8946     46.816    7.07103     6.1674     6.1713    24.2902   12.69831 3.8580e-02     47.263 0.0000e+00
        507 344.541777    0.03514     2.1083    126.500  1024.5096  49509.459    30.8942     47.069    7.07104     6.1670     6.1713    24.2899   12.69834 3.8669e-02     47.518 0.0000e+00
        508 344.541780    0.03521     2.1125    126.750  1024.5105  49509.228    30.8939     47.323    7.07108     6.1664     6.1712    24.2896   12.69842 3.8759e-02     47.775 0.0000e+00
        509 344.541782    0.03528     2.1167    127.000  1024.5117  49509.414    30.8938     47.579    7.07115     6.1659     6.1708    24.2896   12.69855 3.8881e-02     48.034 0.0000e+00
        510 344.541785    0.03535     2.1208    127.250  1024.5135  49510.717    30.8945     47.838    7.07122     6.1660     6.1702    24.2902   12.69865 3.9009e-02     48.294 0.0000e+00
