CTD-processing/allCTD/CNV--homogene/2015_10-19_t9_s08_cast208.cnv
* Sea-Bird SBE19plus Data File:
* FileName = C:\Users\Kris.Holderied\Documents\kasitsna\Research-KBL\Oceanography-AK\CTD-Data-ALL-to-2015-06\2015-CTD-KachemakBay-CookInlet\2015-10-19-CookInlet-HomerSpit-monthly\2015-10-19-CookInlet-Tran9-cast208.hex
* Software Version 1.59
* Temperature SN =  5028
* Conductivity SN =  5028
* System UpLoad Time = Oct 31 2015 16:29:52
** Cook Inlet LTM Transect 9 Homer Spit monthly

** Date: 10-19
** Station: 9-08
** Start time (AKDT): 14:48
** Depth (m): 92.4
** Comment:  R/V Edgecumbe
** Comment:
# nquan = 17
# nvalues = 693                         
# units = specified
# name 0 = scan: Scan Count
# name 1 = timeJ: Julian Days
# name 2 = timeH: Time, Elapsed [hours]
# name 3 = timeM: Time, Elapsed [minutes]
# name 4 = timeS: Time, Elapsed [seconds]
# name 5 = density00: Density [density, kg/m^3]
# name 6 = specc: Specific Conductance [uS/cm]
# name 7 = sal00: Salinity, Practical [PSU]
# name 8 = depSM: Depth [salt water, m], lat = 59.00
# name 9 = oxsolML/L: Oxygen Saturation, Garcia & Gordon [ml/l]
# name 10 = potemp090C: Potential Temperature [ITS-90, deg C]
# name 11 = tv290C: Temperature [ITS-90, deg C]
# name 12 = sigma-é00: Density [sigma-theta, kg/m^3]
# name 13 = n2satML/L: Nitrogen Saturation [ml/l]
# name 14 = par: PAR/Irradiance, Biospherical/Licor
# name 15 = prdM: Pressure, Strain Gauge [db]
# name 16 = flag:  0.000e+00
# span 0 =          1,        693       
# span 1 = 292.616597, 292.618600       
# span 2 =    0.00000,    0.04806       
# span 3 =     0.0000,     2.8833       
# span 4 =      0.000,    173.000       
# span 5 =  1000.6880,  1024.0681       
# span 6 =   2220.098,  48509.011       
# span 7 =     1.1570,    30.7016       
# span 8 =     -0.121,     83.463       
# span 9 =    6.55506,    8.01639       
# span 10 =     9.0442,     9.6658      
# span 11 =     9.0442,     9.6686      
# span 12 =     0.6885,    23.6851      
# span 13 =   11.85031,   14.68954      
# span 14 = 4.3926e-02, 3.3379e+02      
# span 15 =     -0.122,     84.268      
# span 16 = 0.0000e+00, 0.0000e+00      
# interval = seconds: 0.25
# start_time = Oct 19 2015 14:47:54 [Instrument's time stamp, header]
# bad_flag = -9.990e-29
*END*
          1 292.616597    0.00000     0.0000      0.000  1000.6880   2220.098     1.1570     -0.121    8.01639     9.0691     9.0698     0.6885   14.68954 3.3319e+02     -0.122 0.0000e+00
          2 292.616600    0.00007     0.0042      0.250  1000.8001   2443.955     1.3007     -0.119    8.00963     9.0686     9.0694     0.8006   14.67626 3.3379e+02     -0.120 0.0000e+00
          3 292.616603    0.00014     0.0083      0.500  1001.0059   2863.422     1.5645     -0.117    7.99708     9.0680     9.0690     1.0065   14.65161 3.3358e+02     -0.118 0.0000e+00
          4 292.616606    0.00021     0.0125      0.750  1001.3684   3609.619     2.0288     -0.113    7.97487     9.0673     9.0686     1.3689   14.60795 3.3191e+02     -0.114 0.0000e+00
          5 292.616609    0.00028     0.0167      1.000  1001.9773   4865.294     2.8089     -0.106    7.93748     9.0664     9.0680     1.9778   14.53448 3.2877e+02     -0.107 0.0000e+00
          6 292.616612    0.00035     0.0208      1.250  1002.9848   6939.999     4.0996     -0.096    7.87560     9.0650     9.0673     2.9853   14.41292 3.2452e+02     -0.096 0.0000e+00
          7 292.616615    0.00042     0.0250      1.500  1004.6527  10370.466     6.2365     -0.078    7.77316     9.0629     9.0664     4.6531   14.21170 3.2036e+02     -0.078 0.0000e+00
          8 292.616617    0.00049     0.0292      1.750  1007.4122  16038.419     9.7721     -0.048    7.60373     9.0602     9.0650     7.4124   13.87892 3.1565e+02     -0.048 0.0000e+00
          9 292.616620    0.00056     0.0333      2.000  1011.2218  23802.545    14.6538      0.000    7.37122     9.0579     9.0629    11.2218   13.42249 3.0887e+02      0.001 0.0000e+00
         10 292.616623    0.00063     0.0375      2.250  1015.0209  31441.927    19.5223      0.067    7.14194     9.0569     9.0602    15.0206   12.97291 2.9711e+02      0.068 0.0000e+00
         11 292.616626    0.00069     0.0417      2.500  1017.8335  37035.090    23.1265      0.146    6.97386     9.0569     9.0579    17.8329   12.64364 2.7524e+02      0.148 0.0000e+00
         12 292.616629    0.00076     0.0458      2.750  1019.6033  40542.990    25.3942      0.228    6.86838     9.0575     9.0569    19.6023   12.43709 2.4507e+02      0.231 0.0000e+00
         13 292.616632    0.00083     0.0500      3.000  1020.6681  42652.946    26.7585      0.307    6.80483     9.0581     9.0569    20.6667   12.31267 2.1628e+02      0.311 0.0000e+00
         14 292.616635    0.00090     0.0542      3.250  1021.3065  43917.851    27.5764      0.378    6.76664     9.0585     9.0575    21.3047   12.23793 1.9422e+02      0.382 0.0000e+00
         15 292.616638    0.00097     0.0583      3.500  1021.6890  44675.654    28.0663      0.436    6.74373     9.0587     9.0581    21.6869   12.19310 1.7785e+02      0.440 0.0000e+00
         16 292.616641    0.00104     0.0625      3.750  1021.9178  45129.163    28.3595      0.477    6.73000     9.0588     9.0586    21.9156   12.16625 1.6759e+02      0.482 0.0000e+00
         17 292.616644    0.00111     0.0667      4.000  1022.0549  45400.915    28.5352      0.500    6.72178     9.0588     9.0588    22.0526   12.15017 1.6388e+02      0.505 0.0000e+00
         18 292.616646    0.00118     0.0708      4.250  1022.1375  45564.556    28.6410      0.506    6.71684     9.0588     9.0589    22.1352   12.14050 1.6234e+02      0.511 0.0000e+00
         19 292.616649    0.00125     0.0750      4.500  1022.1873  45663.289    28.7048      0.500    6.71387     9.0590     9.0589    22.1850   12.13468 1.5976e+02      0.505 0.0000e+00
         20 292.616652    0.00132     0.0792      4.750  1022.2173  45722.778    28.7433      0.488    6.71207     9.0592     9.0589    22.2150   12.13116 1.5710e+02      0.493 0.0000e+00
         21 292.616655    0.00139     0.0833      5.000  1022.2353  45758.711    28.7666      0.475    6.71097     9.0595     9.0591    22.2331   12.12901 1.5480e+02      0.479 0.0000e+00
         22 292.616658    0.00146     0.0875      5.250  1022.2462  45780.367    28.7807      0.464    6.71029     9.0597     9.0593    22.2441   12.12768 1.5225e+02      0.469 0.0000e+00
         23 292.616661    0.00153     0.0917      5.500  1022.2526  45793.173    28.7890      0.461    6.70987     9.0597     9.0595    22.2505   12.12686 1.4970e+02      0.465 0.0000e+00
         24 292.616664    0.00160     0.0958      5.750  1022.2561  45800.153    28.7935      0.470    6.70962     9.0594     9.0597    22.2540   12.12639 1.4802e+02      0.474 0.0000e+00
         25 292.616667    0.00167     0.1000      6.000  1022.2575  45802.787    28.7951      0.492    6.70953     9.0583     9.0598    22.2553   12.12622 1.4679e+02      0.497 0.0000e+00
         26 292.616670    0.00174     0.1042      6.250  1022.2576  45802.869    28.7950      0.524    6.70958     9.0565     9.0594    22.2552   12.12630 1.4539e+02      0.529 0.0000e+00
         27 292.616672    0.00181     0.1083      6.500  1022.2579  45803.205    28.7950      0.556    6.70974     9.0543     9.0584    22.2554   12.12655 1.4487e+02      0.561 0.0000e+00
         28 292.616675    0.00187     0.1125      6.750  1022.2592  45805.294    28.7961      0.579    6.70996     9.0527     9.0565    22.2566   12.12691 1.4655e+02      0.584 0.0000e+00
         29 292.616678    0.00194     0.1167      7.000  1022.2610  45808.444    28.7980      0.587    6.71021     9.0524     9.0543    22.2583   12.12729 1.5007e+02      0.593 0.0000e+00
         30 292.616681    0.00201     0.1208      7.250  1022.2626  45811.211    28.7997      0.583    6.71037     9.0534     9.0528    22.2599   12.12754 1.5286e+02      0.588 0.0000e+00
         31 292.616684    0.00208     0.1250      7.500  1022.2632  45812.357    28.8005      0.571    6.71038     9.0552     9.0525    22.2605   12.12756 1.5332e+02      0.576 0.0000e+00
         32 292.616687    0.00215     0.1292      7.750  1022.2625  45811.254    28.7998      0.558    6.71026     9.0571     9.0535    22.2599   12.12736 1.5259e+02      0.563 0.0000e+00
         33 292.616690    0.00222     0.1333      8.000  1022.2606  45808.068    28.7979      0.548    6.71007     9.0585     9.0553    22.2581   12.12707 1.5228e+02      0.553 0.0000e+00
         34 292.616693    0.00229     0.1375      8.250  1022.2581  45803.614    28.7950      0.544    6.70991     9.0591     9.0572    22.2556   12.12684 1.5270e+02      0.549 0.0000e+00
         35 292.616696    0.00236     0.1417      8.500  1022.2557  45799.289    28.7921      0.544    6.70983     9.0589     9.0585    22.2531   12.12674 1.5411e+02      0.549 0.0000e+00
         36 292.616698    0.00243     0.1458      8.750  1022.2542  45796.643    28.7904      0.547    6.70982     9.0579     9.0592    22.2516   12.12674 1.5647e+02      0.552 0.0000e+00
         37 292.616701    0.00250     0.1500      9.000  1022.2541  45796.433    28.7902      0.550    6.70986     9.0567     9.0590    22.2515   12.12680 1.5874e+02      0.555 0.0000e+00
         38 292.616704    0.00257     0.1542      9.250  1022.2554  45798.702    28.7916      0.551    6.70993     9.0561     9.0580    22.2528   12.12692 1.6080e+02      0.556 0.0000e+00
         39 292.616707    0.00264     0.1583      9.500  1022.2577  45802.740    28.7943      0.550    6.70999     9.0564     9.0568    22.2551   12.12699 1.6257e+02      0.555 0.0000e+00
         40 292.616710    0.00271     0.1625      9.750  1022.2599  45806.829    28.7971      0.550    6.70998     9.0576     9.0561    22.2573   12.12692 1.6262e+02      0.555 0.0000e+00
         41 292.616713    0.00278     0.1667     10.000  1022.2612  45809.276    28.7988      0.552    6.70985     9.0592     9.0565    22.2586   12.12669 1.6062e+02      0.557 0.0000e+00
         42 292.616716    0.00285     0.1708     10.250  1022.2611  45809.108    28.7988      0.558    6.70967     9.0606     9.0577    22.2585   12.12639 1.5858e+02      0.563 0.0000e+00
         43 292.616719    0.00292     0.1750     10.500  1022.2595  45806.172    28.7970      0.570    6.70951     9.0616     9.0593    22.2568   12.12615 1.5705e+02      0.575 0.0000e+00
         44 292.616722    0.00299     0.1792     10.750  1022.2568  45801.337    28.7938      0.586    6.70944     9.0620     9.0607    22.2541   12.12607 1.5558e+02      0.592 0.0000e+00
         45 292.616725    0.00306     0.1833     11.000  1022.2540  45796.070    28.7903      0.607    6.70945     9.0616     9.0617    22.2512   12.12613 1.5450e+02      0.613 0.0000e+00
         46 292.616727    0.00313     0.1875     11.250  1022.2517  45791.699    28.7873      0.632    6.70952     9.0603     9.0621    22.2488   12.12628 1.5401e+02      0.637 0.0000e+00
         47 292.616730    0.00319     0.1917     11.500  1022.2504  45789.054    28.7854      0.657    6.70965     9.0580     9.0617    22.2474   12.12653 1.5460e+02      0.663 0.0000e+00
         48 292.616733    0.00326     0.1958     11.750  1022.2503  45788.587    28.7849      0.681    6.70987     9.0551     9.0604    22.2472   12.12689 1.5673e+02      0.688 0.0000e+00
         49 292.616736    0.00333     0.2000     12.000  1022.2516  45790.527    28.7859      0.701    6.71017     9.0525     9.0581    22.2484   12.12738 1.5944e+02      0.708 0.0000e+00
         50 292.616739    0.00340     0.2042     12.250  1022.2540  45794.506    28.7883      0.715    6.71049     9.0507     9.0552    22.2506   12.12789 1.6123e+02      0.722 0.0000e+00
         51 292.616742    0.00347     0.2083     12.500  1022.2570  45799.742    28.7916      0.724    6.71075     9.0501     9.0526    22.2536   12.12827 1.6270e+02      0.731 0.0000e+00
         52 292.616745    0.00354     0.2125     12.750  1022.2601  45805.318    28.7953      0.730    6.71086     9.0505     9.0508    22.2567   12.12841 1.6385e+02      0.737 0.0000e+00
         53 292.616748    0.00361     0.2167     13.000  1022.2627  45809.912    28.7984      0.738    6.71082     9.0518     9.0502    22.2592   12.12831 1.6472e+02      0.745 0.0000e+00
         54 292.616751    0.00368     0.2208     13.250  1022.2639  45812.100    28.8000      0.753    6.71068     9.0531     9.0506    22.2604   12.12806 1.6656e+02      0.760 0.0000e+00
         55 292.616753    0.00375     0.2250     13.500  1022.2633  45810.931    28.7993      0.776    6.71052     9.0536     9.0519    22.2597   12.12780 1.6684e+02      0.784 0.0000e+00
         56 292.616756    0.00382     0.2292     13.750  1022.2613  45807.101    28.7968      0.805    6.71043     9.0529     9.0532    22.2575   12.12769 1.6412e+02      0.813 0.0000e+00
         57 292.616759    0.00389     0.2333     14.000  1022.2594  45803.451    28.7943      0.831    6.71046     9.0509     9.0537    22.2555   12.12776 1.6250e+02      0.839 0.0000e+00
         58 292.616762    0.00396     0.2375     14.250  1022.2591  45802.668    28.7937      0.848    6.71060     9.0485     9.0530    22.2551   12.12800 1.6519e+02      0.856 0.0000e+00
         59 292.616765    0.00403     0.2417     14.500  1022.2606  45805.186    28.7951      0.852    6.71084     9.0467     9.0510    22.2566   12.12838 1.6923e+02      0.860 0.0000e+00
         60 292.616768    0.00410     0.2458     14.750  1022.2630  45809.518    28.7978      0.846    6.71109     9.0461     9.0486    22.2591   12.12875 1.6900e+02      0.854 0.0000e+00
         61 292.616771    0.00417     0.2500     15.000  1022.2651  45813.378    28.8003      0.836    6.71125     9.0470     9.0468    22.2613   12.12899 1.6453e+02      0.844 0.0000e+00
         62 292.616774    0.00424     0.2542     15.250  1022.2660  45814.910    28.8013      0.829    6.71129     9.0486     9.0462    22.2621   12.12904 1.6028e+02      0.836 0.0000e+00
         63 292.616777    0.00431     0.2583     15.500  1022.2651  45813.414    28.8004      0.828    6.71120     9.0502     9.0471    22.2613   12.12891 1.5790e+02      0.836 0.0000e+00
         64 292.616780    0.00438     0.2625     15.750  1022.2629  45809.385    28.7978      0.834    6.71106     9.0511     9.0487    22.2590   12.12871 1.5770e+02      0.842 0.0000e+00
         65 292.616782    0.00444     0.2667     16.000  1022.2602  45804.608    28.7947      0.844    6.71096     9.0509     9.0503    22.2563   12.12858 1.5931e+02      0.852 0.0000e+00
         66 292.616785    0.00451     0.2708     16.250  1022.2584  45801.288    28.7925      0.852    6.71092     9.0499     9.0512    22.2545   12.12855 1.5992e+02      0.860 0.0000e+00
         67 292.616788    0.00458     0.2750     16.500  1022.2581  45800.705    28.7921      0.854    6.71097     9.0488     9.0510    22.2542   12.12863 1.5912e+02      0.862 0.0000e+00
         68 292.616791    0.00465     0.2792     16.750  1022.2594  45802.951    28.7935      0.849    6.71105     9.0484     9.0500    22.2555   12.12876 1.5904e+02      0.856 0.0000e+00
         69 292.616794    0.00472     0.2833     17.000  1022.2616  45806.995    28.7962      0.836    6.71110     9.0492     9.0489    22.2577   12.12880 1.5977e+02      0.844 0.0000e+00
         70 292.616797    0.00479     0.2875     17.250  1022.2636  45810.905    28.7988      0.819    6.71104     9.0511     9.0485    22.2598   12.12867 1.6007e+02      0.827 0.0000e+00
         71 292.616800    0.00486     0.2917     17.500  1022.2647  45812.992    28.8004      0.802    6.71086     9.0536     9.0493    22.2609   12.12834 1.5953e+02      0.809 0.0000e+00
         72 292.616803    0.00493     0.2958     17.750  1022.2644  45812.705    28.8004      0.787    6.71058     9.0561     9.0512    22.2607   12.12788 1.5855e+02      0.794 0.0000e+00
         73 292.616806    0.00500     0.3000     18.000  1022.2628  45810.218    28.7990      0.777    6.71026     9.0584     9.0537    22.2592   12.12737 1.5759e+02      0.784 0.0000e+00
         74 292.616808    0.00507     0.3042     18.250  1022.2603  45805.918    28.7964      0.772    6.70999     9.0601     9.0562    22.2568   12.12696 1.5751e+02      0.779 0.0000e+00
         75 292.616811    0.00514     0.3083     18.500  1022.2573  45800.583    28.7930      0.771    6.70980     9.0613     9.0584    22.2538   12.12669 1.5764e+02      0.778 0.0000e+00
         76 292.616814    0.00521     0.3125     18.750  1022.2545  45795.611    28.7897      0.771    6.70969     9.0620     9.0601    22.2510   12.12654 1.5712e+02      0.778 0.0000e+00
         77 292.616817    0.00528     0.3167     19.000  1022.2527  45792.382    28.7876      0.769    6.70960     9.0623     9.0613    22.2492   12.12642 1.5636e+02      0.776 0.0000e+00
         78 292.616820    0.00535     0.3208     19.250  1022.2523  45791.624    28.7872      0.761    6.70951     9.0624     9.0621    22.2487   12.12628 1.5475e+02      0.768 0.0000e+00
         79 292.616823    0.00542     0.3250     19.500  1022.2532  45793.485    28.7885      0.748    6.70941     9.0627     9.0624    22.2498   12.12610 1.5320e+02      0.755 0.0000e+00
         80 292.616826    0.00549     0.3292     19.750  1022.2551  45797.108    28.7911      0.730    6.70928     9.0633     9.0625    22.2517   12.12585 1.5256e+02      0.737 0.0000e+00
         81 292.616829    0.00556     0.3333     20.000  1022.2571  45800.985    28.7938      0.709    6.70912     9.0642     9.0628    22.2538   12.12554 1.5178e+02      0.715 0.0000e+00
         82 292.616832    0.00562     0.3375     20.250  1022.2587  45804.214    28.7961      0.687    6.70893     9.0651     9.0634    22.2555   12.12519 1.5023e+02      0.693 0.0000e+00
         83 292.616834    0.00569     0.3417     20.500  1022.2596  45806.124    28.7976      0.670    6.70873     9.0656     9.0643    22.2565   12.12485 1.4818e+02      0.676 0.0000e+00
         84 292.616837    0.00576     0.3458     20.750  1022.2592  45805.500    28.7972      0.662    6.70861     9.0654     9.0652    22.2561   12.12466 1.4652e+02      0.668 0.0000e+00
         85 292.616840    0.00583     0.3500     21.000  1022.2570  45801.568    28.7946      0.664    6.70865     9.0639     9.0657    22.2540   12.12475 1.4640e+02      0.670 0.0000e+00
