CTD-processing/allCTD/CNV--homogene/2015_11-04_t9_s01b_cast031.cnv
* Sea-Bird SBE19plus Data File:
* FileName = C:\Users\Kris.Holderied\Documents\kasitsna\Research-KBL\Oceanography-AK\CTD-Data-ALL-to-2015-10\2015-CTD-KachemakBay-CookInlet\2015-11-EVOSTC-CookInlet-quarterly\2015-11-04-CookInlet-Tran9-HomerSpit\2015-11-04-CookInlet-Tran9-cast031.hex
* Software Version 1.59
* Temperature SN =  5028
* Conductivity SN =  5028
* System UpLoad Time = Nov 07 2015 12:19:33
** Cook Inlet LTM Tran9 Homer Spit south to north

** Date: 11-04
** Station: 9-01b
** Start time (AKST): 20:36
** Depth (m): 65
** Comment: M/V Ursus.
** Comment:
# nquan = 17
# nvalues = 799                         
# units = specified
# name 0 = scan: Scan Count
# name 1 = timeJ: Julian Days
# name 2 = timeH: Time, Elapsed [hours]
# name 3 = timeM: Time, Elapsed [minutes]
# name 4 = timeS: Time, Elapsed [seconds]
# name 5 = density00: Density [density, kg/m^3]
# name 6 = specc: Specific Conductance [uS/cm]
# name 7 = sal00: Salinity, Practical [PSU]
# name 8 = depSM: Depth [salt water, m], lat = 59.00
# name 9 = oxsolML/L: Oxygen Saturation, Garcia & Gordon [ml/l]
# name 10 = potemp090C: Potential Temperature [ITS-90, deg C]
# name 11 = tv290C: Temperature [ITS-90, deg C]
# name 12 = sigma-é00: Density [sigma-theta, kg/m^3]
# name 13 = n2satML/L: Nitrogen Saturation [ml/l]
# name 14 = par: PAR/Irradiance, Biospherical/Licor
# name 15 = prdM: Pressure, Strain Gauge [db]
# name 16 = flag:  0.000e+00
# span 0 =          1,        799       
# span 1 = 308.857998, 308.860307       
# span 2 =    0.00000,    0.05542       
# span 3 =     0.0000,     3.3250       
# span 4 =      0.000,    199.500       
# span 5 =  1000.3338,  1024.1818       
# span 6 =   1425.588,  48790.110       
# span 7 =     0.7064,    30.8444       
# span 8 =     -0.133,     68.854       
# span 9 =    6.59876,    8.03627       
# span 10 =     8.8947,     9.2984      
# span 11 =     8.8948,     9.2992      
# span 12 =     0.3344,    23.8654      
# span 13 =   11.92116,   14.72946      
# span 14 = 3.8087e-02, 3.9977e+00      
# span 15 =     -0.134,     69.516      
# span 16 = 0.0000e+00, 0.0000e+00      
# interval = seconds: 0.25
# start_time = Nov 04 2015 20:35:31 [Instrument's time stamp, header]
# bad_flag = -9.990e-29
*END*
[from data line 171]
        172 308.858492    0.01188     0.7125     42.750  1023.4761  48025.346    30.3269      0.929    6.66271     8.9299     8.9302    23.4718   12.02979 1.1160e-01      0.938 0.0000e+00
        173 308.858495    0.01194     0.7167     43.000  1023.4754  48024.136    30.3261      0.926    6.66275     8.9295     8.9302    23.4711   12.02988 1.0990e-01      0.935 0.0000e+00
        174 308.858498    0.01201     0.7208     43.250  1023.4750  48023.376    30.3255      0.921    6.66281     8.9289     8.9300    23.4707   12.02998 1.0813e-01      0.930 0.0000e+00
        175 308.858501    0.01208     0.7250     43.500  1023.4749  48023.170    30.3253      0.915    6.66288     8.9282     8.9296    23.4706   12.03010 1.0555e-01      0.923 0.0000e+00
        176 308.858504    0.01215     0.7292     43.750  1023.4751  48023.585    30.3255      0.907    6.66296     8.9277     8.9290    23.4709   12.03022 1.0207e-01      0.916 0.0000e+00
        177 308.858507    0.01222     0.7333     44.000  1023.4756  48024.543    30.3261      0.901    6.66303     8.9273     8.9283    23.4715   12.03033 9.9433e-02      0.909 0.0000e+00
        178 308.858510    0.01229     0.7375     44.250  1023.4763  48025.855    30.3270      0.896    6.66308     8.9270     8.9278    23.4722   12.03040 9.9501e-02      0.905 0.0000e+00
        179 308.858513    0.01236     0.7417     44.500  1023.4771  48027.278    30.3279      0.894    6.66310     8.9269     8.9274    23.4730   12.03042 1.0173e-01      0.903 0.0000e+00
        180 308.858516    0.01243     0.7458     44.750  1023.4778  48028.585    30.3288      0.895    6.66309     8.9269     8.9271    23.4737   12.03040 1.0401e-01      0.904 0.0000e+00
        181 308.858519    0.01250     0.7500     45.000  1023.4784  48029.595    30.3295      0.897    6.66307     8.9270     8.9270    23.4743   12.03037 1.0516e-01      0.906 0.0000e+00
        182 308.858521    0.01257     0.7542     45.250  1023.4787  48030.233    30.3300      0.900    6.66306     8.9271     8.9270    23.4746   12.03033 1.0515e-01      0.909 0.0000e+00
        183 308.858524    0.01264     0.7583     45.500  1023.4790  48030.612    30.3302      0.904    6.66304     8.9273     8.9271    23.4748   12.03030 1.0445e-01      0.913 0.0000e+00
        184 308.858527    0.01271     0.7625     45.750  1023.4792  48030.919    30.3305      0.908    6.66301     8.9275     8.9272    23.4750   12.03025 1.0424e-01      0.916 0.0000e+00
        185 308.858530    0.01278     0.7667     46.000  1023.4793  48031.192    30.3307      0.912    6.66298     8.9279     8.9274    23.4751   12.03019 1.0613e-01      0.921 0.0000e+00
        186 308.858533    0.01285     0.7708     46.250  1023.4794  48031.278    30.3307      0.918    6.66294     8.9283     8.9276    23.4751   12.03012 1.1034e-01      0.927 0.0000e+00
        187 308.858536    0.01292     0.7750     46.500  1023.4792  48030.884    30.3305      0.924    6.66289     8.9287     8.9280    23.4749   12.03006 1.1457e-01      0.933 0.0000e+00
        188 308.858539    0.01299     0.7792     46.750  1023.4786  48029.792    30.3298      0.928    6.66286     8.9288     8.9284    23.4743   12.03001 1.1664e-01      0.937 0.0000e+00
        189 308.858542    0.01306     0.7833     47.000  1023.4777  48028.224    30.3287      0.930    6.66285     8.9287     8.9288    23.4734   12.03000 1.1683e-01      0.939 0.0000e+00
        190 308.858545    0.01313     0.7875     47.250  1023.4769  48026.746    30.3277      0.928    6.66287     8.9281     8.9289    23.4726   12.03004 1.1628e-01      0.937 0.0000e+00
        191 308.858547    0.01319     0.7917     47.500  1023.4764  48025.875    30.3271      0.923    6.66292     8.9273     8.9288    23.4721   12.03014 1.1548e-01      0.932 0.0000e+00
        192 308.858550    0.01326     0.7958     47.750  1023.4765  48025.951    30.3271      0.916    6.66300     8.9263     8.9282    23.4722   12.03027 1.1492e-01      0.925 0.0000e+00
        193 308.858553    0.01333     0.8000     48.000  1023.4771  48027.061    30.3278      0.910    6.66309     8.9253     8.9274    23.4728   12.03042 1.1579e-01      0.919 0.0000e+00
        194 308.858556    0.01340     0.8042     48.250  1023.4781  48028.942    30.3289      0.905    6.66319     8.9244     8.9264    23.4739   12.03057 1.1883e-01      0.914 0.0000e+00
        195 308.858559    0.01347     0.8083     48.500  1023.4793  48031.086    30.3303      0.902    6.66329     8.9237     8.9254    23.4751   12.03071 1.2237e-01      0.910 0.0000e+00
        196 308.858562    0.01354     0.8125     48.750  1023.4804  48032.980    30.3315      0.900    6.66337     8.9232     8.9245    23.4762   12.03083 1.2385e-01      0.908 0.0000e+00
        197 308.858565    0.01361     0.8167     49.000  1023.4812  48034.384    30.3324      0.898    6.66343     8.9229     8.9238    23.4770   12.03093 1.2233e-01      0.906 0.0000e+00
        198 308.858568    0.01368     0.8208     49.250  1023.4817  48035.407    30.3330      0.897    6.66348     8.9228     8.9233    23.4776   12.03100 1.1890e-01      0.905 0.0000e+00
        199 308.858571    0.01375     0.8250     49.500  1023.4822  48036.299    30.3336      0.897    6.66350     8.9230     8.9230    23.4781   12.03103 1.1572e-01      0.905 0.0000e+00
        200 308.858573    0.01382     0.8292     49.750  1023.4828  48037.197    30.3342      0.899    6.66349     8.9234     8.9229    23.4786   12.03100 1.1439e-01      0.907 0.0000e+00
        201 308.858576    0.01389     0.8333     50.000  1023.4832  48037.962    30.3348      0.903    6.66344     8.9242     8.9231    23.4790   12.03091 1.1477e-01      0.912 0.0000e+00
        202 308.858579    0.01396     0.8375     50.250  1023.4834  48038.268    30.3350      0.909    6.66336     8.9253     8.9235    23.4791   12.03078 1.1563e-01      0.918 0.0000e+00
        203 308.858582    0.01403     0.8417     50.500  1023.4831  48037.818    30.3348      0.916    6.66325     8.9266     8.9243    23.4789   12.03060 1.1626e-01      0.924 0.0000e+00
        204 308.858585    0.01410     0.8458     50.750  1023.4824  48036.485    30.3340      0.922    6.66312     8.9277     8.9254    23.4781   12.03039 1.1677e-01      0.931 0.0000e+00
        205 308.858588    0.01417     0.8500     51.000  1023.4812  48034.429    30.3328      0.927    6.66299     8.9285     8.9267    23.4769   12.03019 1.1730e-01      0.936 0.0000e+00
        206 308.858591    0.01424     0.8542     51.250  1023.4799  48032.074    30.3313      0.930    6.66288     8.9289     8.9278    23.4756   12.03002 1.1707e-01      0.939 0.0000e+00
        207 308.858594    0.01431     0.8583     51.500  1023.4787  48029.962    30.3299      0.931    6.66282     8.9289     8.9286    23.4744   12.02994 1.1534e-01      0.940 0.0000e+00
        208 308.858597    0.01438     0.8625     51.750  1023.4778  48028.467    30.3289      0.929    6.66281     8.9285     8.9290    23.4736   12.02993 1.1316e-01      0.938 0.0000e+00
        209 308.858600    0.01444     0.8667     52.000  1023.4774  48027.645    30.3284      0.924    6.66284     8.9279     8.9289    23.4731   12.02999 1.1208e-01      0.933 0.0000e+00
        210 308.858602    0.01451     0.8708     52.250  1023.4772  48027.413    30.3282      0.919    6.66290     8.9272     8.9286    23.4730   12.03010 1.1183e-01      0.928 0.0000e+00
        211 308.858605    0.01458     0.8750     52.500  1023.4774  48027.705    30.3283      0.912    6.66299     8.9264     8.9280    23.4732   12.03024 1.1093e-01      0.921 0.0000e+00
        212 308.858608    0.01465     0.8792     52.750  1023.4778  48028.439    30.3287      0.905    6.66308     8.9257     8.9272    23.4736   12.03039 1.0845e-01      0.914 0.0000e+00
        213 308.858611    0.01472     0.8833     53.000  1023.4784  48029.502    30.3294      0.898    6.66317     8.9253     8.9264    23.4742   12.03052 1.0518e-01      0.907 0.0000e+00
        214 308.858614    0.01479     0.8875     53.250  1023.4791  48030.796    30.3302      0.894    6.66323     8.9251     8.9258    23.4750   12.03062 1.0329e-01      0.903 0.0000e+00
        215 308.858617    0.01486     0.8917     53.500  1023.4799  48032.200    30.3311      0.893    6.66326     8.9251     8.9254    23.4758   12.03065 1.0374e-01      0.901 0.0000e+00
        216 308.858620    0.01493     0.8958     53.750  1023.4806  48033.516    30.3320      0.894    6.66325     8.9253     8.9252    23.4765   12.03062 1.0523e-01      0.903 0.0000e+00
        217 308.858623    0.01500     0.9000     54.000  1023.4812  48034.477    30.3326      0.898    6.66321     8.9256     8.9252    23.4770   12.03056 1.0624e-01      0.906 0.0000e+00
        218 308.858626    0.01507     0.9042     54.250  1023.4814  48034.910    30.3330      0.902    6.66317     8.9259     8.9254    23.4772   12.03049 1.0638e-01      0.911 0.0000e+00
        219 308.858628    0.01514     0.9083     54.500  1023.4814  48034.921    30.3330      0.906    6.66313     8.9264     8.9257    23.4772   12.03041 1.0542e-01      0.915 0.0000e+00
        220 308.858631    0.01521     0.9125     54.750  1023.4813  48034.775    30.3330      0.910    6.66308     8.9271     8.9260    23.4771   12.03033 1.0352e-01      0.919 0.0000e+00
        221 308.858634    0.01528     0.9167     55.000  1023.4812  48034.587    30.3329      0.914    6.66301     8.9280     8.9265    23.4770   12.03022 1.0258e-01      0.923 0.0000e+00
        222 308.858637    0.01535     0.9208     55.250  1023.4810  48034.160    30.3327      0.919    6.66292     8.9292     8.9272    23.4767   12.03007 1.0468e-01      0.928 0.0000e+00
        223 308.858640    0.01542     0.9250     55.500  1023.4805  48033.145    30.3321      0.926    6.66281     8.9304     8.9281    23.4761   12.02989 1.0884e-01      0.935 0.0000e+00
        224 308.858643    0.01549     0.9292     55.750  1023.4794  48031.313    30.3309      0.931    6.66268     8.9312     8.9293    23.4751   12.02969 1.1190e-01      0.940 0.0000e+00
        225 308.858646    0.01556     0.9333     56.000  1023.4781  48028.883    30.3294      0.934    6.66257     8.9315     8.9305    23.4737   12.02953 1.1190e-01      0.943 0.0000e+00
        226 308.858649    0.01563     0.9375     56.250  1023.4768  48026.600    30.3279      0.933    6.66251     8.9311     8.9313    23.4724   12.02944 1.0893e-01      0.942 0.0000e+00
        227 308.858652    0.01569     0.9417     56.500  1023.4759  48025.169    30.3270      0.928    6.66251     8.9302     8.9316    23.4716   12.02946 1.0468e-01      0.937 0.0000e+00
        228 308.858655    0.01576     0.9458     56.750  1023.4758  48024.906    30.3267      0.920    6.66258     8.9289     8.9312    23.4715   12.02957 1.0107e-01      0.929 0.0000e+00
        229 308.858657    0.01583     0.9500     57.000  1023.4763  48025.908    30.3273      0.912    6.66270     8.9276     8.9303    23.4721   12.02976 9.9396e-02      0.920 0.0000e+00
        230 308.858660    0.01590     0.9542     57.250  1023.4774  48027.897    30.3285      0.905    6.66283     8.9265     8.9290    23.4732   12.02997 9.9847e-02      0.913 0.0000e+00
        231 308.858663    0.01597     0.9583     57.500  1023.4787  48030.234    30.3300      0.900    6.66296     8.9256     8.9277    23.4745   12.03017 1.0058e-01      0.908 0.0000e+00
        232 308.858666    0.01604     0.9625     57.750  1023.4799  48032.390    30.3313      0.896    6.66307     8.9250     8.9266    23.4758   12.03033 9.9592e-02      0.904 0.0000e+00
        233 308.858669    0.01611     0.9667     58.000  1023.4810  48034.211    30.3325      0.893    6.66315     8.9247     8.9257    23.4768   12.03045 9.7509e-02      0.902 0.0000e+00
        234 308.858672    0.01618     0.9708     58.250  1023.4818  48035.766    30.3335      0.893    6.66319     8.9247     8.9251    23.4777   12.03050 9.6120e-02      0.902 0.0000e+00
        235 308.858675    0.01625     0.9750     58.500  1023.4826  48037.095    30.3344      0.895    6.66319     8.9250     8.9248    23.4784   12.03050 9.5977e-02      0.904 0.0000e+00
        236 308.858678    0.01632     0.9792     58.750  1023.4832  48038.127    30.3351      0.899    6.66316     8.9257     8.9248    23.4790   12.03044 9.6912e-02      0.908 0.0000e+00
        237 308.858681    0.01639     0.9833     59.000  1023.4835  48038.656    30.3355      0.905    6.66310     8.9267     8.9251    23.4793   12.03033 9.8834e-02      0.914 0.0000e+00
        238 308.858683    0.01646     0.9875     59.250  1023.4833  48038.411    30.3355      0.912    6.66301     8.9279     8.9258    23.4791   12.03018 1.0070e-01      0.921 0.0000e+00
        239 308.858686    0.01653     0.9917     59.500  1023.4827  48037.309    30.3348      0.919    6.66289     8.9290     8.9268    23.4785   12.02999 1.0142e-01      0.928 0.0000e+00
        240 308.858689    0.01660     0.9958     59.750  1023.4817  48035.561    30.3338      0.924    6.66276     8.9298     8.9280    23.4775   12.02979 1.0184e-01      0.933 0.0000e+00
        241 308.858692    0.01667     1.0000     60.000  1023.4806  48033.549    30.3325      0.928    6.66265     8.9302     8.9291    23.4763   12.02962 1.0282e-01      0.937 0.0000e+00
        242 308.858695    0.01674     1.0042     60.250  1023.4796  48031.698    30.3313      0.931    6.66258     8.9304     8.9299    23.4753   12.02952 1.0366e-01      0.940 0.0000e+00
        243 308.858698    0.01681     1.0083     60.500  1023.4787  48030.216    30.3304      0.931    6.66256     8.9302     8.9303    23.4744   12.02950 1.0386e-01      0.940 0.0000e+00
        244 308.858701    0.01688     1.0125     60.750  1023.4781  48029.118    30.3296      0.929    6.66257     8.9297     8.9304    23.4738   12.02953 1.0352e-01      0.938 0.0000e+00
        245 308.858704    0.01694     1.0167     61.000  1023.4777  48028.446    30.3291      0.925    6.66262     8.9291     8.9302    23.4735   12.02962 1.0260e-01      0.934 0.0000e+00
        246 308.858707    0.01701     1.0208     61.250  1023.4777  48028.276    30.3289      0.919    6.66269     8.9283     8.9298    23.4734   12.02974 1.0115e-01      0.928 0.0000e+00
        247 308.858709    0.01708     1.0250     61.500  1023.4779  48028.695    30.3291      0.912    6.66278     8.9274     8.9291    23.4737   12.02988 9.9336e-02      0.921 0.0000e+00
        248 308.858712    0.01715     1.0292     61.750  1023.4785  48029.740    30.3297      0.905    6.66288     8.9268     8.9283    23.4743   12.03003 9.7633e-02      0.914 0.0000e+00
        249 308.858715    0.01722     1.0333     62.000  1023.4793  48031.236    30.3307      0.900    6.66296     8.9263     8.9275    23.4752   12.03016 9.7024e-02      0.909 0.0000e+00
        250 308.858718    0.01729     1.0375     62.250  1023.4802  48032.848    30.3317      0.898    6.66302     8.9259     8.9269    23.4761   12.03024 9.7718e-02      0.906 0.0000e+00
        251 308.858721    0.01736     1.0417     62.500  1023.4810  48034.290    30.3326      0.897    6.66305     8.9256     8.9264    23.4769   12.03028 9.8637e-02      0.906 0.0000e+00
        252 308.858724    0.01743     1.0458     62.750  1023.4816  48035.390    30.3334      0.898    6.66307     8.9255     8.9260    23.4775   12.03031 9.8531e-02      0.907 0.0000e+00
        253 308.858727    0.01750     1.0500     63.000  1023.4821  48036.157    30.3339      0.900    6.66308     8.9254     8.9257    23.4779   12.03032 9.6848e-02      0.908 0.0000e+00
        254 308.858730    0.01757     1.0542     63.250  1023.4824  48036.747    30.3343      0.901    6.66309     8.9255     8.9256    23.4783   12.03033 9.4438e-02      0.910 0.0000e+00
        255 308.858733    0.01764     1.0583     63.500  1023.4827  48037.288    30.3346      0.904    6.66308     8.9257     8.9255    23.4786   12.03031 9.2856e-02      0.912 0.0000e+00
