CTD-processing/allCTD/CNV--homogene/2015_12-10_t9_s02_cast042.cnv
* Sea-Bird SBE19plus Data File:
* FileName = C:\Users\Kris.Holderied\Documents\kasitsna\Research-KBL\Oceanography-AK\CTD-Data-ALL-to-2015-10\2015-CTD-KachemakBay-CookInlet\2015-12-10_CookInlet-HomerSpit-monthly-BLANK\2015-12-10-CookInlet-Tran9-cast042.hex
* Software Version 1.59
* Temperature SN =  5028
* Conductivity SN =  5028
* System UpLoad Time = Jan 06 2016 11:14:51
** Cook Inlet LTM Tran9 Homer Spit
** Date (YYYY-MM-DD): 2015-12-10
** Station (ie. 9-01):  9-02
** Start time (AKST): 12:00
** Depth (m): 75.3
** Comment: R/V Edgecumbe
** Comment:
# nquan = 17
# nvalues = 540                         
# units = specified
# name 0 = scan: Scan Count
# name 1 = timeJ: Julian Days
# name 2 = timeH: Time, Elapsed [hours]
# name 3 = timeM: Time, Elapsed [minutes]
# name 4 = timeS: Time, Elapsed [seconds]
# name 5 = density00: Density [density, kg/m^3]
# name 6 = specc: Specific Conductance [uS/cm]
# name 7 = sal00: Salinity, Practical [PSU]
# name 8 = depSM: Depth [salt water, m], lat = 59.00
# name 9 = oxsolML/L: Oxygen Saturation, Garcia & Gordon [ml/l]
# name 10 = potemp090C: Potential Temperature [ITS-90, deg C]
# name 11 = tv290C: Temperature [ITS-90, deg C]
# name 12 = sigma-é00: Density [sigma-theta, kg/m^3]
# name 13 = n2satML/L: Nitrogen Saturation [ml/l]
# name 14 = par: PAR/Irradiance, Biospherical/Licor
# name 15 = prdM: Pressure, Strain Gauge [db]
# name 16 = flag:  0.000e+00
# span 0 =          1,        540       
# span 1 = 344.500093, 344.501652       
# span 2 =    0.00000,    0.03743       
# span 3 =     0.0000,     2.2458       
# span 4 =      0.000,    134.750       
# span 5 =  1000.3678,  1024.6268       
# span 6 =   1061.668,  49693.720       
# span 7 =     0.5092,    31.0729       
# span 8 =     -0.263,     66.435       
# span 9 =    6.91760,    8.83635       
# span 10 =     5.2677,     7.0579      
# span 11 =     5.2677,     7.0637      
# span 12 =     0.3691,    24.4071      
# span 13 =   12.44241,   16.07930      
# span 14 = 3.7997e-02, 1.3135e+02      
# span 15 =     -0.265,     67.073      
# span 16 = 0.0000e+00, 0.0000e+00      
# interval = seconds: 0.25
# start_time = Dec 10 2015 12:00:08 [Instrument's time stamp, header]
# bad_flag = -9.990e-29
*END*
[from data line 171]
        172 344.500587    0.01188     0.7125     42.750  1024.0982  49112.854    30.6845      0.451    7.04259     6.3510     6.4027    24.0961   12.65398 6.3772e+01      0.455 0.0000e+00
        173 344.500590    0.01194     0.7167     43.000  1024.1346  49181.054    30.7262      0.436    7.04559     6.3424     6.3727    24.1326   12.65841 6.4161e+01      0.440 0.0000e+00
        174 344.500593    0.01201     0.7208     43.250  1024.1644  49236.565    30.7606      0.424    7.04757     6.3467     6.3510    24.1624   12.66123 6.4235e+01      0.428 0.0000e+00
        175 344.500596    0.01208     0.7250     43.500  1024.1768  49259.678    30.7751      0.423    7.04830     6.3577     6.3424    24.1748   12.66227 6.3921e+01      0.427 0.0000e+00
        176 344.500599    0.01215     0.7292     43.750  1024.1708  49248.420    30.7681      0.431    7.04791     6.3667     6.3468    24.1688   12.66172 6.3616e+01      0.435 0.0000e+00
        177 344.500602    0.01222     0.7333     44.000  1024.1518  49213.056    30.7456      0.445    7.04715     6.3670     6.3577    24.1498   12.66074 6.3594e+01      0.449 0.0000e+00
        178 344.500605    0.01229     0.7375     44.250  1024.1304  49173.256    30.7198      0.455    7.04688     6.3565     6.3667    24.1283   12.66063 6.3846e+01      0.459 0.0000e+00
        179 344.500608    0.01236     0.7417     44.500  1024.1185  49151.425    30.7048      0.456    7.04752     6.3383     6.3671    24.1164   12.66187 6.4223e+01      0.460 0.0000e+00
        180 344.500611    0.01243     0.7458     44.750  1024.1227  49159.500    30.7085      0.446    7.04909     6.3193     6.3565    24.1206   12.66442 6.4634e+01      0.450 0.0000e+00
        181 344.500613    0.01250     0.7500     45.000  1024.1411  49194.285    30.7292      0.429    7.05113     6.3053     6.3383    24.1391   12.66753 6.4974e+01      0.433 0.0000e+00
        182 344.500616    0.01257     0.7542     45.250  1024.1660  49240.845    30.7579      0.412    7.05293     6.2990     6.3193    24.1641   12.67014 6.5194e+01      0.416 0.0000e+00
        183 344.500619    0.01264     0.7583     45.500  1024.1869  49279.811    30.7822      0.403    7.05410     6.3002     6.3053    24.1850   12.67176 6.5175e+01      0.407 0.0000e+00
        184 344.500622    0.01271     0.7625     45.750  1024.1970  49298.653    30.7941      0.404    7.05458     6.3063     6.2990    24.1951   12.67241 6.4748e+01      0.408 0.0000e+00
        185 344.500625    0.01278     0.7667     46.000  1024.1955  49295.856    30.7924      0.417    7.05446     6.3127     6.3003    24.1936   12.67223 6.4221e+01      0.421 0.0000e+00
        186 344.500628    0.01285     0.7708     46.250  1024.1848  49275.725    30.7796      0.437    7.05405     6.3143     6.3064    24.1828   12.67170 6.3968e+01      0.441 0.0000e+00
        187 344.500631    0.01292     0.7750     46.500  1024.1691  49246.429    30.7605      0.458    7.05388     6.3078     6.3128    24.1669   12.67167 6.3987e+01      0.462 0.0000e+00
        188 344.500634    0.01299     0.7792     46.750  1024.1552  49220.860    30.7431      0.471    7.05444     6.2939     6.3143    24.1530   12.67282 6.4204e+01      0.476 0.0000e+00
        189 344.500637    0.01306     0.7833     47.000  1024.1501  49211.809    30.7357      0.472    7.05585     6.2759     6.3079    24.1480   12.67524 6.4515e+01      0.476 0.0000e+00
        190 344.500639    0.01313     0.7875     47.250  1024.1567  49224.619    30.7420      0.460    7.05786     6.2592     6.2939    24.1546   12.67849 6.4789e+01      0.465 0.0000e+00
        191 344.500642    0.01319     0.7917     47.500  1024.1728  49254.967    30.7597      0.442    7.06001     6.2487     6.2759    24.1707   12.68182 6.4594e+01      0.446 0.0000e+00
        192 344.500645    0.01326     0.7958     47.750  1024.1927  49292.510    30.7826      0.426    7.06170     6.2471     6.2593    24.1908   12.68432 6.3965e+01      0.430 0.0000e+00
        193 344.500648    0.01333     0.8000     48.000  1024.2099  49324.541    30.8027      0.419    7.06250     6.2562     6.2487    24.2080   12.68540 6.3522e+01      0.423 0.0000e+00
        194 344.500651    0.01340     0.8042     48.250  1024.2182  49339.875    30.8130      0.425    7.06228     6.2750     6.2471    24.2163   12.68490 6.3325e+01      0.429 0.0000e+00
        195 344.500654    0.01347     0.8083     48.500  1024.2144  49332.260    30.8094      0.440    7.06093     6.2967     6.2563    24.2123   12.68272 6.3128e+01      0.445 0.0000e+00
        196 344.500657    0.01354     0.8125     48.750  1024.1970  49299.427    30.7902      0.459    7.05874     6.3124     6.2751    24.1949   12.67933 6.2881e+01      0.463 0.0000e+00
        197 344.500660    0.01361     0.8167     49.000  1024.1699  49248.557    30.7590      0.472    7.05660     6.3150     6.2968    24.1677   12.67619 6.2852e+01      0.477 0.0000e+00
        198 344.500663    0.01368     0.8208     49.250  1024.1444  49201.095    30.7291      0.473    7.05541     6.3036     6.3124    24.1422   12.67461 6.3050e+01      0.478 0.0000e+00
        199 344.500666    0.01375     0.8250     49.500  1024.1328  49179.712    30.7148      0.462    7.05564     6.2844     6.3150    24.1306   12.67518 6.3246e+01      0.466 0.0000e+00
        200 344.500668    0.01382     0.8292     49.750  1024.1394  49192.380    30.7215      0.444    7.05721     6.2658     6.3036    24.1373   12.67768 6.3670e+01      0.448 0.0000e+00
        201 344.500671    0.01389     0.8333     50.000  1024.1596  49230.493    30.7443      0.428    7.05932     6.2530     6.2844    24.1576   12.68087 6.4279e+01      0.432 0.0000e+00
        202 344.500674    0.01396     0.8375     50.250  1024.1844  49276.876    30.7730      0.422    7.06107     6.2481     6.2658    24.1824   12.68340 6.4398e+01      0.425 0.0000e+00
        203 344.500677    0.01403     0.8417     50.500  1024.2042  49313.882    30.7962      0.426    7.06210     6.2502     6.2530    24.2023   12.68481 6.4137e+01      0.429 0.0000e+00
        204 344.500680    0.01410     0.8458     50.750  1024.2127  49329.501    30.8060      0.438    7.06245     6.2556     6.2481    24.2106   12.68526 6.4034e+01      0.442 0.0000e+00
        205 344.500683    0.01417     0.8500     51.000  1024.2081  49320.942    30.8005      0.451    7.06235     6.2592     6.2503    24.2060   12.68516 6.4290e+01      0.455 0.0000e+00
        206 344.500686    0.01424     0.8542     51.250  1024.1948  49296.236    30.7845      0.458    7.06220     6.2573     6.2557    24.1927   12.68513 6.4861e+01      0.463 0.0000e+00
        207 344.500689    0.01431     0.8583     51.500  1024.1816  49271.773    30.7682      0.455    7.06238     6.2501     6.2592    24.1795   12.68563 6.5200e+01      0.460 0.0000e+00
        208 344.500692    0.01438     0.8625     51.750  1024.1768  49263.168    30.7619      0.444    7.06298     6.2418     6.2573    24.1747   12.68670 6.5257e+01      0.448 0.0000e+00
        209 344.500694    0.01444     0.8667     52.000  1024.1836  49276.123    30.7695      0.430    7.06382     6.2380     6.2501    24.1816   12.68800 6.5256e+01      0.434 0.0000e+00
        210 344.500697    0.01451     0.8708     52.250  1024.1977  49302.337    30.7861      0.424    7.06442     6.2428     6.2418    24.1957   12.68878 6.4949e+01      0.428 0.0000e+00
        211 344.500700    0.01458     0.8750     52.500  1024.2098  49324.835    30.8010      0.430    7.06434     6.2562     6.2381    24.2078   12.68846 6.4635e+01      0.434 0.0000e+00
        212 344.500703    0.01465     0.8792     52.750  1024.2119  49328.221    30.8042      0.445    7.06341     6.2730     6.2428    24.2098   12.68688 6.4544e+01      0.449 0.0000e+00
        213 344.500706    0.01472     0.8833     53.000  1024.1994  49304.531    30.7903      0.463    7.06184     6.2845     6.2563    24.1972   12.68445 6.4371e+01      0.467 0.0000e+00
        214 344.500709    0.01479     0.8875     53.250  1024.1764  49261.403    30.7636      0.475    7.06031     6.2846     6.2731    24.1741   12.68226 6.4145e+01      0.479 0.0000e+00
        215 344.500712    0.01486     0.8917     53.500  1024.1553  49222.182    30.7386      0.475    7.05957     6.2728     6.2846    24.1530   12.68135 6.4136e+01      0.479 0.0000e+00
        216 344.500715    0.01493     0.8958     53.750  1024.1474  49207.699    30.7286      0.465    7.06003     6.2551     6.2846    24.1452   12.68224 6.4272e+01      0.469 0.0000e+00
        217 344.500718    0.01500     0.9000     54.000  1024.1554  49223.183    30.7372      0.450    7.06157     6.2385     6.2729    24.1533   12.68469 6.4218e+01      0.454 0.0000e+00
        218 344.500720    0.01507     0.9042     54.250  1024.1749  49259.908    30.7593      0.437    7.06346     6.2272     6.2552    24.1729   12.68754 6.4086e+01      0.441 0.0000e+00
        219 344.500723    0.01514     0.9083     54.500  1024.1979  49302.873    30.7859      0.431    7.06498     6.2231     6.2385    24.1959   12.68970 6.3939e+01      0.435 0.0000e+00
        220 344.500726    0.01521     0.9125     54.750  1024.2165  49337.525    30.8077      0.433    7.06583     6.2263     6.2272    24.2145   12.69083 6.3543e+01      0.437 0.0000e+00
        221 344.500729    0.01528     0.9167     55.000  1024.2254  49353.930    30.8183      0.443    7.06601     6.2340     6.2231    24.2233   12.69100 6.3171e+01      0.447 0.0000e+00
        222 344.500732    0.01535     0.9208     55.250  1024.2226  49348.579    30.8152      0.455    7.06563     6.2412     6.2263    24.2205   12.69040 6.2901e+01      0.459 0.0000e+00
        223 344.500735    0.01542     0.9250     55.500  1024.2105  49325.927    30.8009      0.465    7.06501     6.2435     6.2341    24.2084   12.68955 6.2589e+01      0.470 0.0000e+00
        224 344.500738    0.01549     0.9292     55.750  1024.1957  49298.272    30.7832      0.469    7.06465     6.2392     6.2413    24.1935   12.68919 6.2607e+01      0.474 0.0000e+00
        225 344.500741    0.01556     0.9333     56.000  1024.1851  49278.730    30.7701      0.467    7.06488     6.2296     6.2435    24.1829   12.68975 6.2754e+01      0.471 0.0000e+00
        226 344.500744    0.01563     0.9375     56.250  1024.1830  49275.166    30.7669      0.460    7.06574     6.2181     6.2393    24.1808   12.69120 6.2908e+01      0.464 0.0000e+00
        227 344.500747    0.01569     0.9417     56.500  1024.1899  49288.303    30.7742      0.453    7.06700     6.2086     6.2296    24.1877   12.69319 6.3160e+01      0.457 0.0000e+00
        228 344.500749    0.01576     0.9458     56.750  1024.2020  49311.054    30.7878      0.450    7.06825     6.2026     6.2182    24.1998   12.69510 6.3030e+01      0.454 0.0000e+00
        229 344.500752    0.01583     0.9500     57.000  1024.2135  49332.635    30.8009      0.452    7.06921     6.1996     6.2087    24.2114   12.69651 6.2770e+01      0.456 0.0000e+00
        230 344.500755    0.01590     0.9542     57.250  1024.2198  49344.421    30.8080      0.458    7.06988     6.1977     6.2027    24.2176   12.69752 6.2667e+01      0.462 0.0000e+00
        231 344.500758    0.01597     0.9583     57.500  1024.2192  49343.561    30.8068      0.463    7.07044     6.1955     6.1997    24.2171   12.69847 6.2474e+01      0.467 0.0000e+00
        232 344.500761    0.01604     0.9625     57.750  1024.2142  49334.383    30.8001      0.463    7.07106     6.1918     6.1978    24.2120   12.69957 6.2475e+01      0.467 0.0000e+00
        233 344.500764    0.01611     0.9667     58.000  1024.2090  49324.973    30.7932      0.457    7.07175     6.1864     6.1956    24.2068   12.70080 6.2925e+01      0.462 0.0000e+00
        234 344.500767    0.01618     0.9708     58.250  1024.2072  49322.066    30.7905      0.448    7.07249     6.1806     6.1919    24.2052   12.70206 6.3539e+01      0.453 0.0000e+00
        235 344.500770    0.01625     0.9750     58.500  1024.2108  49328.866    30.7942      0.439    7.07322     6.1767     6.1865    24.2087   12.70322 6.3999e+01      0.443 0.0000e+00
        236 344.500773    0.01632     0.9792     58.750  1024.2187  49343.773    30.8034      0.434    7.07376     6.1767     6.1806    24.2167   12.70400 6.4122e+01      0.438 0.0000e+00
        237 344.500775    0.01639     0.9833     59.000  1024.2277  49360.448    30.8142      0.437    7.07390     6.1822     6.1767    24.2257   12.70409 6.3783e+01      0.442 0.0000e+00
        238 344.500778    0.01646     0.9875     59.250  1024.2335  49370.972    30.8215      0.450    7.07355     6.1938     6.1768    24.2314   12.70342 6.3338e+01      0.455 0.0000e+00
        239 344.500781    0.01653     0.9917     59.500  1024.2322  49368.105    30.8205      0.471    7.07269     6.2088     6.1822    24.2300   12.70201 6.3021e+01      0.476 0.0000e+00
        240 344.500784    0.01660     0.9958     59.750  1024.2215  49347.865    30.8086      0.494    7.07133     6.2221     6.1938    24.2192   12.69991 6.2553e+01      0.499 0.0000e+00
        241 344.500787    0.01667     1.0000     60.000  1024.2047  49316.030    30.7894      0.516    7.06973     6.2290     6.2088    24.2023   12.69751 6.1965e+01      0.521 0.0000e+00
        242 344.500790    0.01674     1.0042     60.250  1024.1881  49284.830    30.7703      0.531    7.06843     6.2268     6.2221    24.1856   12.69561 6.1621e+01      0.537 0.0000e+00
        243 344.500793    0.01681     1.0083     60.500  1024.1760  49262.215    30.7560      0.538    7.06796     6.2151     6.2290    24.1735   12.69501 6.1756e+01      0.544 0.0000e+00
        244 344.500796    0.01688     1.0125     60.750  1024.1714  49253.875    30.7498      0.534    7.06861     6.1973     6.2268    24.1689   12.69617 6.1904e+01      0.539 0.0000e+00
        245 344.500799    0.01694     1.0167     61.000  1024.1762  49263.252    30.7541      0.520    7.07034     6.1780     6.2151    24.1737   12.69897 6.1834e+01      0.525 0.0000e+00
        246 344.500802    0.01701     1.0208     61.250  1024.1879  49285.847    30.7665      0.500    7.07271     6.1602     6.1974    24.1855   12.70273 6.2075e+01      0.504 0.0000e+00
        247 344.500804    0.01708     1.0250     61.500  1024.2032  49314.989    30.7830      0.478    7.07514     6.1460     6.1781    24.2009   12.70654 6.2248e+01      0.482 0.0000e+00
        248 344.500807    0.01715     1.0292     61.750  1024.2192  49345.491    30.8008      0.458    7.07727     6.1370     6.1603    24.2170   12.70983 6.2007e+01      0.462 0.0000e+00
        249 344.500810    0.01722     1.0333     62.000  1024.2323  49370.342    30.8153      0.446    7.07894     6.1332     6.1461    24.2302   12.71241 6.2048e+01      0.450 0.0000e+00
        250 344.500813    0.01729     1.0375     62.250  1024.2399  49384.775    30.8236      0.441    7.08004     6.1334     6.1371    24.2378   12.71413 6.2314e+01      0.445 0.0000e+00
        251 344.500816    0.01736     1.0417     62.500  1024.2430  49390.686    30.8270      0.439    7.08052     6.1362     6.1333    24.2409   12.71487 6.2286e+01      0.443 0.0000e+00
        252 344.500819    0.01743     1.0458     62.750  1024.2439  49392.319    30.8281      0.442    7.08043     6.1406     6.1335    24.2418   12.71471 6.2175e+01      0.446 0.0000e+00
        253 344.500822    0.01750     1.0500     63.000  1024.2433  49390.991    30.8277      0.450    7.08000     6.1461     6.1362    24.2412   12.71399 6.2332e+01      0.455 0.0000e+00
        254 344.500825    0.01757     1.0542     63.250  1024.2404  49385.316    30.8246      0.462    7.07940     6.1511     6.1407    24.2382   12.71305 6.2470e+01      0.466 0.0000e+00
        255 344.500828    0.01764     1.0583     63.500  1024.2347  49374.569    30.8182      0.473    7.07878     6.1535     6.1462    24.2325   12.71211 6.2392e+01      0.477 0.0000e+00
