CTD-processing/allCTD/CNV--homogene/2015_07-29_t9_s07_cast141.cnv
* Sea-Bird SBE19plus Data File:
* FileName = C:\Users\Kris.Holderied\Documents\kasitsna\Research-KBL\Oceanography-AK\CTD-Data-ALL-to-2015-06\2015-CTD-KachemakBay-CookInlet\2015-07-29-CookInlet-HomerSpit-Monthly\2015-07-29-CookInlet-Tran9-cast141.hex
* Software Version 1.59
* Temperature SN =  5028
* Conductivity SN =  5028
* System UpLoad Time = Aug 13 2015 18:42:34
** Cook Inlet LTM Transect 9 (monthly) North to South
** Date (YYYY-MM-DD): 2015-07-29
** Station (ie. 9-01):  9-07
** Start time (AKDT): 14:15
** Depth (m): 100
** Comment:  R/V Barnacle
** Comment:
# nquan = 17
# nvalues = 851                         
# units = specified
# name 0 = scan: Scan Count
# name 1 = timeJ: Julian Days
# name 2 = timeH: Time, Elapsed [hours]
# name 3 = timeM: Time, Elapsed [minutes]
# name 4 = timeS: Time, Elapsed [seconds]
# name 5 = density00: Density [density, kg/m^3]
# name 6 = specc: Specific Conductance [uS/cm]
# name 7 = sal00: Salinity, Practical [PSU]
# name 8 = depSM: Depth [salt water, m], lat = 59.00
# name 9 = oxsolML/L: Oxygen Saturation, Garcia & Gordon [ml/l]
# name 10 = potemp090C: Potential Temperature [ITS-90, deg C]
# name 11 = tv290C: Temperature [ITS-90, deg C]
# name 12 = sigma-é00: Density [sigma-theta, kg/m^3]
# name 13 = n2satML/L: Nitrogen Saturation [ml/l]
# name 14 = par: PAR/Irradiance, Biospherical/Licor
# name 15 = prdM: Pressure, Strain Gauge [db]
# name 16 = flag:  0.000e+00
# span 0 =          1,        851       
# span 1 = 210.590799, 210.593258       
# span 2 =    0.00000,    0.05903       
# span 3 =     0.0000,     3.5417       
# span 4 =      0.000,    212.500       
# span 5 =  1003.4236,  1024.7684       
# span 6 =   9051.154,  49623.631       
# span 7 =     5.2519,    31.3479       
# span 8 =     -0.016,     94.535       
# span 9 =    6.06543,    7.12580       
# span 10 =     8.4674,    14.4330      
# span 11 =     8.4769,    14.4332      
# span 12 =     3.4236,    24.3329      
# span 13 =   11.08209,   13.13015      
# span 14 = 6.3507e-02, 5.0410e+02      
# span 15 =     -0.017,     95.450      
# span 16 = 0.0000e+00, 0.0000e+00      
# interval = seconds: 0.25
# start_time = Jul 29 2015 14:10:45 [Instrument's time stamp, header]
# bad_flag = -9.990e-29
*END*
[from data line 596]
        597 210.592523    0.04139     2.4833    149.000  1024.3252  49328.055    31.3078     39.573    6.53057     9.5339     9.5476    24.1438   11.79905 2.4191e-01     39.949 0.0000e+00
        598 210.592526    0.04146     2.4875    149.250  1024.3255  49326.654    31.3062     39.770    6.53125     9.5277     9.5433    24.1432   11.80019 2.3546e-01     40.148 0.0000e+00
        599 210.592529    0.04153     2.4917    149.500  1024.3261  49325.827    31.3048     39.964    6.53206     9.5215     9.5381    24.1429   11.80155 2.2929e-01     40.345 0.0000e+00
        600 210.592532    0.04160     2.4958    149.750  1024.3283  49327.683    31.3052     40.158    6.53293     9.5162     9.5320    24.1442   11.80298 2.2332e-01     40.541 0.0000e+00
        601 210.592535    0.04167     2.5000    150.000  1024.3322  49332.548    31.3077     40.354    6.53372     9.5125     9.5258    24.1472   11.80426 2.1751e-01     40.738 0.0000e+00
        602 210.592538    0.04174     2.5042    150.250  1024.3366  49338.506    31.3111     40.553    6.53433     9.5102     9.5205    24.1507   11.80523 2.1181e-01     40.940 0.0000e+00
        603 210.592541    0.04181     2.5083    150.500  1024.3404  49343.481    31.3140     40.756    6.53474     9.5088     9.5168    24.1535   11.80587 2.0623e-01     41.144 0.0000e+00
        604 210.592543    0.04188     2.5125    150.750  1024.3431  49346.567    31.3157     40.961    6.53499     9.5078     9.5145    24.1553   11.80627 2.0081e-01     41.352 0.0000e+00
        605 210.592546    0.04194     2.5167    151.000  1024.3449  49348.027    31.3165     41.169    6.53516     9.5068     9.5132    24.1561   11.80654 1.9556e-01     41.562 0.0000e+00
        606 210.592549    0.04201     2.5208    151.250  1024.3460  49348.318    31.3165     41.379    6.53530     9.5055     9.5122    24.1562   11.80678 1.9048e-01     41.773 0.0000e+00
        607 210.592552    0.04208     2.5250    151.500  1024.3465  49347.646    31.3158     41.588    6.53547     9.5037     9.5112    24.1559   11.80706 1.8563e-01     41.984 0.0000e+00
        608 210.592555    0.04215     2.5292    151.750  1024.3467  49346.311    31.3146     41.796    6.53570     9.5015     9.5100    24.1551   11.80746 1.8105e-01     42.194 0.0000e+00
        609 210.592558    0.04222     2.5333    152.000  1024.3471  49345.196    31.3135     42.001    6.53600     9.4990     9.5082    24.1545   11.80797 1.7667e-01     42.402 0.0000e+00
        610 210.592561    0.04229     2.5375    152.250  1024.3479  49344.902    31.3129     42.206    6.53635     9.4965     9.5060    24.1544   11.80856 1.7244e-01     42.608 0.0000e+00
        611 210.592564    0.04236     2.5417    152.500  1024.3490  49344.955    31.3125     42.411    6.53672     9.4939     9.5036    24.1545   11.80917 1.6834e-01     42.816 0.0000e+00
        612 210.592567    0.04243     2.5458    152.750  1024.3500  49344.966    31.3121     42.619    6.53709     9.4913     9.5011    24.1546   11.80980 1.6436e-01     43.026 0.0000e+00
        613 210.592569    0.04250     2.5500    153.000  1024.3511  49345.115    31.3118     42.829    6.53748     9.4886     9.4985    24.1547   11.81043 1.6051e-01     43.238 0.0000e+00
        614 210.592572    0.04257     2.5542    153.250  1024.3525  49345.657    31.3117     43.041    6.53786     9.4861     9.4959    24.1551   11.81106 1.5679e-01     43.452 0.0000e+00
        615 210.592575    0.04264     2.5583    153.500  1024.3541  49346.676    31.3120     43.255    6.53822     9.4838     9.4933    24.1558   11.81167 1.5321e-01     43.668 0.0000e+00
        616 210.592578    0.04271     2.5625    153.750  1024.3559  49348.067    31.3125     43.468    6.53856     9.4818     9.4908    24.1566   11.81222 1.4978e-01     43.883 0.0000e+00
        617 210.592581    0.04278     2.5667    154.000  1024.3577  49349.424    31.3131     43.681    6.53887     9.4797     9.4885    24.1574   11.81272 1.4646e-01     44.098 0.0000e+00
        618 210.592584    0.04285     2.5708    154.250  1024.3591  49350.079    31.3132     43.894    6.53916     9.4773     9.4865    24.1578   11.81320 1.4326e-01     44.313 0.0000e+00
        619 210.592587    0.04292     2.5750    154.500  1024.3599  49349.704    31.3126     44.109    6.53948     9.4743     9.4844    24.1576   11.81374 1.4015e-01     44.530 0.0000e+00
        620 210.592590    0.04299     2.5792    154.750  1024.3604  49348.689    31.3114     44.326    6.53987     9.4706     9.4820    24.1571   11.81441 1.3716e-01     44.749 0.0000e+00
        621 210.592593    0.04306     2.5833    155.000  1024.3609  49347.636    31.3102     44.545    6.54036     9.4664     9.4790    24.1567   11.81523 1.3430e-01     44.970 0.0000e+00
        622 210.592595    0.04312     2.5875    155.250  1024.3618  49347.261    31.3093     44.763    6.54093     9.4622     9.4753    24.1566   11.81618 1.3160e-01     45.190 0.0000e+00
        623 210.592598    0.04319     2.5917    155.500  1024.3634  49348.136    31.3093     44.980    6.54152     9.4583     9.4712    24.1572   11.81717 1.2904e-01     45.409 0.0000e+00
        624 210.592601    0.04326     2.5958    155.750  1024.3655  49349.739    31.3098     45.193    6.54211     9.4547     9.4670    24.1582   11.81813 1.2662e-01     45.625 0.0000e+00
        625 210.592604    0.04333     2.6000    156.000  1024.3674  49351.217    31.3102     45.404    6.54265     9.4512     9.4631    24.1591   11.81903 1.2431e-01     45.838 0.0000e+00
        626 210.592607    0.04340     2.6042    156.250  1024.3690  49352.121    31.3103     45.612    6.54317     9.4476     9.4595    24.1597   11.81988 1.2211e-01     46.048 0.0000e+00
        627 210.592610    0.04347     2.6083    156.500  1024.3700  49352.048    31.3097     45.819    6.54369     9.4433     9.4561    24.1598   11.82075 1.2000e-01     46.257 0.0000e+00
        628 210.592613    0.04354     2.6125    156.750  1024.3702  49350.478    31.3080     46.026    6.54428     9.4375     9.4525    24.1591   11.82175 1.1799e-01     46.466 0.0000e+00
        629 210.592616    0.04361     2.6167    157.000  1024.3691  49346.588    31.3046     46.234    6.54505     9.4291     9.4482    24.1571   11.82305 1.1606e-01     46.676 0.0000e+00
        630 210.592619    0.04368     2.6208    157.250  1024.3664  49339.413    31.2987     46.441    6.54613     9.4167     9.4425    24.1534   11.82492 1.1419e-01     46.885 0.0000e+00
        631 210.592622    0.04375     2.6250    157.500  1024.3617  49328.462    31.2897     46.649    6.54772     9.3987     9.4341    24.1477   11.82767 1.1239e-01     47.095 0.0000e+00
        632 210.592624    0.04382     2.6292    157.750  1024.3553  49314.065    31.2778     46.857    6.55003     9.3742     9.4216    24.1404   11.83164 1.1066e-01     47.305 0.0000e+00
        633 210.592627    0.04389     2.6333    158.000  1024.3476  49296.749    31.2631     47.066    6.55325     9.3433     9.4037    24.1317   11.83715 1.0899e-01     47.516 0.0000e+00
        634 210.592630    0.04396     2.6375    158.250  1024.3410  49280.788    31.2485     47.276    6.55742     9.3084     9.3792    24.1241   11.84424 1.0738e-01     47.727 0.0000e+00
        635 210.592633    0.04403     2.6417    158.500  1024.3394  49273.458    31.2391     47.486    6.56231     9.2723     9.3483    24.1215   11.85245 1.0584e-01     47.939 0.0000e+00
        636 210.592636    0.04410     2.6458    158.750  1024.3428  49274.690    31.2351     47.696    6.56756     9.2360     9.3134    24.1239   11.86118 1.0438e-01     48.152 0.0000e+00
        637 210.592639    0.04417     2.6500    159.000  1024.3474  49278.261    31.2325     47.907    6.57293     9.2000     9.2773    24.1275   11.87009 1.0299e-01     48.365 0.0000e+00
        638 210.592642    0.04424     2.6542    159.250  1024.3525  49282.560    31.2305     48.119    6.57829     9.1654     9.2411    24.1316   11.87900 1.0166e-01     48.578 0.0000e+00
        639 210.592645    0.04431     2.6583    159.500  1024.3597  49290.977    31.2313     48.330    6.58351     9.1339     9.2050    24.1378   11.88763 1.0037e-01     48.792 0.0000e+00
        640 210.592648    0.04437     2.6625    159.750  1024.3694  49303.977    31.2356     48.543    6.58838     9.1060     9.1705    24.1465   11.89564 9.9112e-02     49.007 0.0000e+00
        641 210.592650    0.04444     2.6667    160.000  1024.3793  49317.618    31.2407     48.758    6.59277     9.0813     9.1390    24.1553   11.90285 9.7880e-02     49.224 0.0000e+00
        642 210.592653    0.04451     2.6708    160.250  1024.3880  49329.332    31.2450     48.976    6.59668     9.0598     9.1111    24.1629   11.90927 9.6681e-02     49.444 0.0000e+00
        643 210.592656    0.04458     2.6750    160.500  1024.3964  49340.897    31.2496     49.197    6.60011     9.0423     9.0864    24.1703   11.91488 9.5510e-02     49.667 0.0000e+00
        644 210.592659    0.04465     2.6792    160.750  1024.4056  49354.130    31.2558     49.421    6.60299     9.0288     9.0649    24.1785   11.91957 9.4358e-02     49.894 0.0000e+00
        645 210.592662    0.04472     2.6833    161.000  1024.4145  49367.249    31.2624     49.649    6.60528     9.0189     9.0474    24.1864   11.92328 9.3235e-02     50.124 0.0000e+00
        646 210.592665    0.04479     2.6875    161.250  1024.4220  49378.024    31.2680     49.878    6.60701     9.0117     9.0340    24.1928   11.92608 9.2158e-02     50.355 0.0000e+00
        647 210.592668    0.04486     2.6917    161.500  1024.4279  49386.030    31.2721     50.107    6.60829     9.0066     9.0241    24.1976   11.92815 9.1128e-02     50.586 0.0000e+00
        648 210.592671    0.04493     2.6958    161.750  1024.4324  49391.916    31.2752     50.336    6.60921     9.0030     9.0169    24.2010   11.92965 9.0130e-02     50.817 0.0000e+00
        649 210.592674    0.04500     2.7000    162.000  1024.4361  49396.508    31.2776     50.564    6.60986     9.0007     9.0118    24.2037   11.93070 8.9170e-02     51.048 0.0000e+00
        650 210.592677    0.04507     2.7042    162.250  1024.4392  49400.128    31.2795     50.791    6.61030     8.9994     9.0082    24.2058   11.93140 8.8263e-02     51.277 0.0000e+00
        651 210.592679    0.04514     2.7083    162.500  1024.4417  49402.711    31.2809     51.017    6.61057     8.9986     9.0060    24.2072   11.93183 8.7400e-02     51.505 0.0000e+00
        652 210.592682    0.04521     2.7125    162.750  1024.4435  49404.200    31.2817     51.242    6.61074     8.9981     9.0047    24.2080   11.93209 8.6568e-02     51.732 0.0000e+00
        653 210.592685    0.04528     2.7167    163.000  1024.4448  49404.749    31.2819     51.467    6.61084     8.9976     9.0039    24.2083   11.93226 8.5761e-02     51.959 0.0000e+00
        654 210.592688    0.04535     2.7208    163.250  1024.4457  49404.732    31.2817     51.690    6.61092     8.9972     9.0035    24.2082   11.93239 8.4992e-02     52.184 0.0000e+00
        655 210.592691    0.04542     2.7250    163.500  1024.4466  49404.591    31.2815     51.912    6.61099     8.9967     9.0030    24.2081   11.93252 8.4267e-02     52.408 0.0000e+00
        656 210.592694    0.04549     2.7292    163.750  1024.4476  49404.497    31.2812     52.133    6.61106     8.9963     9.0026    24.2080   11.93264 8.3569e-02     52.631 0.0000e+00
        657 210.592697    0.04556     2.7333    164.000  1024.4486  49404.516    31.2811     52.354    6.61113     8.9960     9.0021    24.2079   11.93276 8.2894e-02     52.854 0.0000e+00
        658 210.592700    0.04562     2.7375    164.250  1024.4497  49404.764    31.2811     52.575    6.61119     8.9957     9.0017    24.2080   11.93285 8.2252e-02     53.077 0.0000e+00
        659 210.592703    0.04569     2.7417    164.500  1024.4508  49405.078    31.2812     52.796    6.61123     8.9956     9.0014    24.2081   11.93292 8.1638e-02     53.300 0.0000e+00
        660 210.592705    0.04576     2.7458    164.750  1024.4519  49405.298    31.2812     53.017    6.61126     8.9955     9.0012    24.2082   11.93297 8.1043e-02     53.524 0.0000e+00
        661 210.592708    0.04583     2.7500    165.000  1024.4529  49405.476    31.2812     53.239    6.61128     8.9955     9.0011    24.2082   11.93300 8.0460e-02     53.748 0.0000e+00
        662 210.592711    0.04590     2.7542    165.250  1024.4540  49405.630    31.2812     53.463    6.61128     8.9956     9.0010    24.2082   11.93301 7.9894e-02     53.974 0.0000e+00
        663 210.592714    0.04597     2.7583    165.500  1024.4550  49405.786    31.2812     53.688    6.61128     8.9957     9.0011    24.2082   11.93300 7.9353e-02     54.202 0.0000e+00
        664 210.592717    0.04604     2.7625    165.750  1024.4561  49405.999    31.2813     53.915    6.61126     8.9959     9.0012    24.2083   11.93297 7.8833e-02     54.432 0.0000e+00
        665 210.592720    0.04611     2.7667    166.000  1024.4572  49406.185    31.2813     54.144    6.61124     8.9961     9.0013    24.2083   11.93293 7.8326e-02     54.663 0.0000e+00
        666 210.592723    0.04618     2.7708    166.250  1024.4581  49406.218    31.2813     54.375    6.61121     8.9963     9.0015    24.2082   11.93289 7.7831e-02     54.896 0.0000e+00
        667 210.592726    0.04625     2.7750    166.500  1024.4590  49406.070    31.2811     54.609    6.61119     8.9963     9.0017    24.2081   11.93285 7.7353e-02     55.132 0.0000e+00
        668 210.592729    0.04632     2.7792    166.750  1024.4599  49405.770    31.2808     54.846    6.61117     8.9963     9.0019    24.2078   11.93283 7.6894e-02     55.371 0.0000e+00
        669 210.592731    0.04639     2.7833    167.000  1024.4607  49405.410    31.2805     55.084    6.61117     8.9961     9.0020    24.2075   11.93283 7.6448e-02     55.612 0.0000e+00
        670 210.592734    0.04646     2.7875    167.250  1024.4615  49405.076    31.2801     55.324    6.61119     8.9958     9.0020    24.2073   11.93286 7.6015e-02     55.854 0.0000e+00
        671 210.592737    0.04653     2.7917    167.500  1024.4624  49404.722    31.2798     55.564    6.61122     8.9953     9.0018    24.2070   11.93293 7.5599e-02     56.096 0.0000e+00
        672 210.592740    0.04660     2.7958    167.750  1024.4631  49404.230    31.2793     55.804    6.61129     8.9945     9.0016    24.2066   11.93304 7.5200e-02     56.338 0.0000e+00
        673 210.592743    0.04667     2.8000    168.000  1024.4637  49403.410    31.2785     56.043    6.61139     8.9932     9.0011    24.2061   11.93322 7.4821e-02     56.579 0.0000e+00
        674 210.592746    0.04674     2.8042    168.250  1024.4640  49402.007    31.2773     56.279    6.61156     8.9913     9.0003    24.2053   11.93351 7.4461e-02     56.818 0.0000e+00
        675 210.592749    0.04681     2.8083    168.500  1024.4643  49400.543    31.2760     56.511    6.61181     8.9892     8.9990    24.2045   11.93394 7.4116e-02     57.053 0.0000e+00
        676 210.592752    0.04688     2.8125    168.750  1024.4652  49400.260    31.2755     56.739    6.61210     8.9874     8.9972    24.2044   11.93443 7.3791e-02     57.283 0.0000e+00
        677 210.592755    0.04694     2.8167    169.000  1024.4668  49401.357    31.2758     56.963    6.61238     8.9859     8.9951    24.2050   11.93489 7.3486e-02     57.509 0.0000e+00
        678 210.592758    0.04701     2.8208    169.250  1024.4687  49402.863    31.2765     57.182    6.61262     8.9848     8.9933    24.2058   11.93528 7.3200e-02     57.730 0.0000e+00
        679 210.592760    0.04708     2.8250    169.500  1024.4702  49403.963    31.2770     57.397    6.61281     8.9837     8.9918    24.2064   11.93559 7.2925e-02     57.947 0.0000e+00
        680 210.592763    0.04715     2.8292    169.750  1024.4713  49404.201    31.2769     57.609    6.61298     8.9822     8.9907    24.2065   11.93587 7.2659e-02     58.161 0.0000e+00
