CTD-processing/allCTD/CNV--homogene/2015_02-12_t4_s04_cast186.cnv
* Sea-Bird SBE19plus Data File:
* FileName = C:\Users\kris.holderied\Documents\kasitsna\Research-Projects-and-Data\Oceanography-AK\CTD-Data-ALL-to-2014-10\2015-CTD-KachemakBay-CookInlet\2015-02-EVOSTC-CookInlet-quarterly\2015-02-12-CookInlet-Tran4-Barabara\2015-02-12-CookInlet-Tran4-cast186.hex
* Software Version 1.59
* Temperature SN =  4141
* Conductivity SN =  4141
* System UpLoad Time = Feb 12 2015 13:21:10
** Cook Inlet LTM Tran4 (Barabara) South to North
** Date: 02-12
** Station: 4-04
** Start time (AKST): 11:22
** Depth (m): 86
** Comment:  Zooplankton, Phytoplankton samples.
** Comment: Vessel is ADFG R/V Pandalus.
# nquan = 17
# nvalues = 876                         
# units = specified
# name 0 = scan: Scan Count
# name 1 = timeJ: Julian Days
# name 2 = timeH: Time, Elapsed [hours]
# name 3 = timeM: Time, Elapsed [minutes]
# name 4 = timeS: Time, Elapsed [seconds]
# name 5 = density00: Density [density, kg/m^3]
# name 6 = specc: Specific Conductance [uS/cm]
# name 7 = sal00: Salinity, Practical [PSU]
# name 8 = depSM: Depth [salt water, m], lat = 59.00
# name 9 = oxsolML/L: Oxygen Saturation, Garcia & Gordon [ml/l]
# name 10 = potemp090C: Potential Temperature [ITS-90, deg C]
# name 11 = tv290C: Temperature [ITS-90, deg C]
# name 12 = sigma-é00: Density [sigma-theta, kg/m^3]
# name 13 = n2satML/L: Nitrogen Saturation [ml/l]
# name 14 = par: PAR/Irradiance, Biospherical/Licor
# name 15 = prdM: Pressure, Strain Gauge [db]
# name 16 = flag:  0.000e+00
# span 0 =          1,        876       
# span 1 =  43.472477,  43.475009       
# span 2 =    0.00000,    0.06076       
# span 3 =     0.0000,     3.6458       
# span 4 =      0.000,    218.750       
# span 5 =  1000.2917,  1025.2716       
# span 6 =    841.804,  50684.574       
# span 7 =     0.3983,    31.5454       
# span 8 =     -0.151,     83.395       
# span 9 =    7.16023,    9.00892       
# span 10 =     4.5587,     5.4542      
# span 11 =     4.5586,     5.4589      
# span 12 =     0.2924,    24.8905      
# span 13 =   12.83749,   16.37095      
# span 14 = 3.6382e-02, 2.2893e+01      
# span 15 =     -0.153,     84.199      
# span 16 = 0.0000e+00, 0.0000e+00      
# interval = seconds: 0.25
# start_time = Feb 12 2015 11:20:22 [Instrument's time stamp, header]
# bad_flag = -9.990e-29
*END*
[from data line 86]
         87  43.472726    0.00597     0.3583     21.500  1024.8221  50505.091    31.4420      1.188    7.18236     5.3567     5.3562    24.8165   12.87530 8.5535e+00      1.199 0.0000e+00
         88  43.472729    0.00604     0.3625     21.750  1024.8234  50507.500    31.4437      1.185    7.18222     5.3569     5.3566    24.8178   12.87504 9.0068e+00      1.196 0.0000e+00
         89  43.472731    0.00611     0.3667     22.000  1024.8250  50510.579    31.4459      1.174    7.18207     5.3569     5.3568    24.8195   12.87477 9.4533e+00      1.185 0.0000e+00
         90  43.472734    0.00618     0.3708     22.250  1024.8262  50512.927    31.4476      1.154    7.18197     5.3569     5.3570    24.8208   12.87457 9.7030e+00      1.165 0.0000e+00
         91  43.472737    0.00625     0.3750     22.500  1024.8270  50514.597    31.4487      1.129    7.18190     5.3568     5.3570    24.8217   12.87445 9.7229e+00      1.140 0.0000e+00
         92  43.472740    0.00632     0.3792     22.750  1024.8277  50516.050    31.4497      1.104    7.18186     5.3567     5.3570    24.8225   12.87437 9.4938e+00      1.114 0.0000e+00
         93  43.472743    0.00639     0.3833     23.000  1024.8284  50517.552    31.4508      1.082    7.18183     5.3566     5.3569    24.8234   12.87430 9.1488e+00      1.092 0.0000e+00
         94  43.472746    0.00646     0.3875     23.250  1024.8291  50518.816    31.4516      1.071    7.18180     5.3565     5.3568    24.8241   12.87425 8.8559e+00      1.081 0.0000e+00
         95  43.472749    0.00653     0.3917     23.500  1024.8291  50518.907    31.4517      1.077    7.18182     5.3563     5.3567    24.8241   12.87428 8.7665e+00      1.087 0.0000e+00
         96  43.472752    0.00660     0.3958     23.750  1024.8278  50516.359    31.4499      1.102    7.18193     5.3559     5.3565    24.8227   12.87449 8.9211e+00      1.113 0.0000e+00
         97  43.472755    0.00667     0.4000     24.000  1024.8242  50509.411    31.4450      1.143    7.18220     5.3553     5.3563    24.8189   12.87499 9.0312e+00      1.154 0.0000e+00
         98  43.472758    0.00674     0.4042     24.250  1024.8173  50496.270    31.4359      1.190    7.18269     5.3540     5.3560    24.8117   12.87592 8.9398e+00      1.202 0.0000e+00
         99  43.472760    0.00681     0.4083     24.500  1024.8063  50475.830    31.4216      1.233    7.18348     5.3518     5.3554    24.8005   12.87741 8.7528e+00      1.245 0.0000e+00
        100  43.472763    0.00688     0.4125     24.750  1024.7937  50452.547    31.4053      1.260    7.18448     5.3485     5.3541    24.7878   12.87926 8.5584e+00      1.273 0.0000e+00
        101  43.472766    0.00694     0.4167     25.000  1024.7845  50435.794    31.3933      1.269    7.18543     5.3442     5.3519    24.7785   12.88098 8.4274e+00      1.281 0.0000e+00
        102  43.472769    0.00701     0.4208     25.250  1024.7814  50430.608    31.3891      1.256    7.18621     5.3398     5.3486    24.7755   12.88232 8.4903e+00      1.269 0.0000e+00
        103  43.472772    0.00708     0.4250     25.500  1024.7847  50437.300    31.3929      1.227    7.18675     5.3361     5.3443    24.7789   12.88317 8.8133e+00      1.239 0.0000e+00
        104  43.472775    0.00715     0.4292     25.750  1024.7937  50454.488    31.4038      1.187    7.18699     5.3341     5.3399    24.7881   12.88342 9.0730e+00      1.198 0.0000e+00
        105  43.472778    0.00722     0.4333     26.000  1024.8056  50477.139    31.4186      1.144    7.18691     5.3344     5.3362    24.8002   12.88311 9.0388e+00      1.155 0.0000e+00
        106  43.472781    0.00729     0.4375     26.250  1024.8166  50497.686    31.4324      1.107    7.18659     5.3365     5.3342    24.8113   12.88240 8.8958e+00      1.118 0.0000e+00
        107  43.472784    0.00736     0.4417     26.500  1024.8237  50510.912    31.4415      1.081    7.18610     5.3393     5.3345    24.8186   12.88147 8.8056e+00      1.092 0.0000e+00
        108  43.472786    0.00743     0.4458     26.750  1024.8262  50515.475    31.4451      1.068    7.18557     5.3421     5.3366    24.8212   12.88056 8.8249e+00      1.079 0.0000e+00
        109  43.472789    0.00750     0.4500     27.000  1024.8243  50511.597    31.4430      1.068    7.18519     5.3442     5.3394    24.8192   12.87995 8.8849e+00      1.079 0.0000e+00
        110  43.472792    0.00757     0.4542     27.250  1024.8180  50499.771    31.4354      1.079    7.18508     5.3456     5.3421    24.8129   12.87987 8.8301e+00      1.090 0.0000e+00
        111  43.472795    0.00764     0.4583     27.500  1024.8080  50481.073    31.4230      1.096    7.18531     5.3464     5.3443    24.8028   12.88041 8.6376e+00      1.106 0.0000e+00
        112  43.472798    0.00771     0.4625     27.750  1024.7966  50459.888    31.4087      1.115    7.18576     5.3469     5.3457    24.7913   12.88133 8.4799e+00      1.126 0.0000e+00
        113  43.472801    0.00778     0.4667     28.000  1024.7881  50444.005    31.3979      1.134    7.18613     5.3470     5.3465    24.7827   12.88209 8.4639e+00      1.145 0.0000e+00
        114  43.472804    0.00785     0.4708     28.250  1024.7855  50438.968    31.3946      1.153    7.18621     5.3466     5.3470    24.7800   12.88227 8.4635e+00      1.164 0.0000e+00
        115  43.472807    0.00792     0.4750     28.500  1024.7893  50445.850    31.3993      1.172    7.18597     5.3461     5.3471    24.7838   12.88181 8.3698e+00      1.183 0.0000e+00
        116  43.472810    0.00799     0.4792     28.750  1024.7974  50460.696    31.4095      1.192    7.18555     5.3456     5.3467    24.7918   12.88097 8.2885e+00      1.203 0.0000e+00
        117  43.472813    0.00806     0.4833     29.000  1024.8051  50474.579    31.4189      1.213    7.18519     5.3451     5.3462    24.7994   12.88025 8.2883e+00      1.225 0.0000e+00
        118  43.472815    0.00813     0.4875     29.250  1024.8080  50479.883    31.4225      1.235    7.18509     5.3442     5.3457    24.8022   12.88005 8.2502e+00      1.247 0.0000e+00
        119  43.472818    0.00819     0.4917     29.500  1024.8047  50473.772    31.4181      1.253    7.18538     5.3423     5.3452    24.7988   12.88059 8.2659e+00      1.265 0.0000e+00
        120  43.472821    0.00826     0.4958     29.750  1024.7959  50457.618    31.4068      1.263    7.18609     5.3391     5.3443    24.7900   12.88191 8.5061e+00      1.275 0.0000e+00
        121  43.472824    0.00833     0.5000     30.000  1024.7852  50438.096    31.3930      1.262    7.18708     5.3338     5.3424    24.7793   12.88372 8.8403e+00      1.274 0.0000e+00
        122  43.472827    0.00840     0.5042     30.250  1024.7769  50423.234    31.3821      1.247    7.18816     5.3263     5.3391    24.7710   12.88564 9.0698e+00      1.259 0.0000e+00
        123  43.472830    0.00847     0.5083     30.500  1024.7734  50417.563    31.3771      1.217    7.18930     5.3174     5.3339    24.7677   12.88758 9.1196e+00      1.229 0.0000e+00
        124  43.472833    0.00854     0.5125     30.750  1024.7762  50423.707    31.3798      1.174    7.19046     5.3091     5.3264    24.7706   12.88946 9.0559e+00      1.186 0.0000e+00
        125  43.472836    0.00861     0.5167     31.000  1024.7856  50442.371    31.3908      1.125    7.19146     5.3040     5.3174    24.7803   12.89098 9.0568e+00      1.135 0.0000e+00
        126  43.472839    0.00868     0.5208     31.250  1024.8005  50470.961    31.4088      1.076    7.19201     5.3032     5.3092    24.7955   12.89166 9.0545e+00      1.086 0.0000e+00
        127  43.472841    0.00875     0.5250     31.500  1024.8179  50503.747    31.4303      1.037    7.19186     5.3069     5.3040    24.8131   12.89113 8.9183e+00      1.047 0.0000e+00
        128  43.472844    0.00882     0.5292     31.750  1024.8342  50533.792    31.4508      1.017    7.19100     5.3140     5.3033    24.8294   12.88945 8.8146e+00      1.026 0.0000e+00
        129  43.472847    0.00889     0.5333     32.000  1024.8463  50555.720    31.4667      1.019    7.18961     5.3226     5.3070    24.8415   12.88694 8.6715e+00      1.028 0.0000e+00
        130  43.472850    0.00896     0.5375     32.250  1024.8527  50566.449    31.4756      1.043    7.18797     5.3309     5.3141    24.8477   12.88413 8.3027e+00      1.052 0.0000e+00
        131  43.472853    0.00903     0.5417     32.500  1024.8532  50566.224    31.4772      1.083    7.18642     5.3377     5.3227    24.8480   12.88155 7.8330e+00      1.093 0.0000e+00
        132  43.472856    0.00910     0.5458     32.750  1024.8491  50557.512    31.4729      1.133    7.18521     5.3422     5.3310    24.8437   12.87960 7.4810e+00      1.144 0.0000e+00
        133  43.472859    0.00917     0.5500     33.000  1024.8412  50542.079    31.4636      1.183    7.18449     5.3440     5.3378    24.8357   12.87853 7.4047e+00      1.195 0.0000e+00
        134  43.472862    0.00924     0.5542     33.250  1024.8296  50520.035    31.4494      1.225    7.18439     5.3427     5.3423    24.8239   12.87856 7.5776e+00      1.237 0.0000e+00
        135  43.472865    0.00931     0.5583     33.500  1024.8147  50492.189    31.4306      1.251    7.18499     5.3375     5.3441    24.8088   12.87978 7.8330e+00      1.263 0.0000e+00
        136  43.472867    0.00937     0.5625     33.750  1024.7995  50464.463    31.4112      1.256    7.18615     5.3281     5.3428    24.7936   12.88194 8.0027e+00      1.268 0.0000e+00
        137  43.472870    0.00944     0.5667     34.000  1024.7897  50447.052    31.3982      1.239    7.18765     5.3153     5.3376    24.7839   12.88459 8.0596e+00      1.251 0.0000e+00
        138  43.472873    0.00951     0.5708     34.250  1024.7894  50447.661    31.3967      1.206    7.18934     5.3024     5.3282    24.7837   12.88740 8.1932e+00      1.218 0.0000e+00
        139  43.472876    0.00958     0.5750     34.500  1024.7988  50466.556    31.4070      1.163    7.19103     5.2927     5.3154    24.7934   12.89005 8.5680e+00      1.174 0.0000e+00
        140  43.472879    0.00965     0.5792     34.750  1024.8151  50497.958    31.4260      1.120    7.19233     5.2884     5.3025    24.8098   12.89196 8.8538e+00      1.131 0.0000e+00
        141  43.472882    0.00972     0.5833     35.000  1024.8338  50533.640    31.4485      1.088    7.19290     5.2903     5.2928    24.8287   12.89262 8.7592e+00      1.099 0.0000e+00
        142  43.472885    0.00979     0.5875     35.250  1024.8509  50565.464    31.4695      1.076    7.19264     5.2977     5.2885    24.8458   12.89191 8.6055e+00      1.086 0.0000e+00
        143  43.472888    0.00986     0.5917     35.500  1024.8629  50587.384    31.4850      1.087    7.19157     5.3083     5.2904    24.8578   12.88996 8.4868e+00      1.097 0.0000e+00
        144  43.472891    0.00993     0.5958     35.750  1024.8679  50595.536    31.4921      1.116    7.18996     5.3193     5.2978    24.8627   12.88721 8.2378e+00      1.127 0.0000e+00
        145  43.472894    0.01000     0.6000     36.000  1024.8654  50589.674    31.4903      1.154    7.18823     5.3289     5.3084    24.8600   12.88438 7.9374e+00      1.166 0.0000e+00
        146  43.472896    0.01007     0.6042     36.250  1024.8573  50573.285    31.4813      1.191    7.18678     5.3361     5.3194    24.8517   12.88209 7.7483e+00      1.203 0.0000e+00
        147  43.472899    0.01014     0.6083     36.500  1024.8451  50549.801    31.4671      1.218    7.18582     5.3408     5.3290    24.8394   12.88069 7.7687e+00      1.230 0.0000e+00
        148  43.472902    0.01021     0.6125     36.750  1024.8305  50522.170    31.4495      1.229    7.18543     5.3433     5.3362    24.8247   12.88027 7.9486e+00      1.241 0.0000e+00
        149  43.472905    0.01028     0.6167     37.000  1024.8164  50495.841    31.4324      1.222    7.18544     5.3439     5.3409    24.8107   12.88050 8.1601e+00      1.234 0.0000e+00
        150  43.472908    0.01035     0.6208     37.250  1024.8061  50476.851    31.4199      1.198    7.18561     5.3430     5.3434    24.8005   12.88094 8.3488e+00      1.209 0.0000e+00
        151  43.472911    0.01042     0.6250     37.500  1024.8013  50468.393    31.4142      1.160    7.18579     5.3418     5.3440    24.7959   12.88132 8.5186e+00      1.172 0.0000e+00
        152  43.472914    0.01049     0.6292     37.750  1024.8029  50471.786    31.4164      1.117    7.18584     5.3411     5.3431    24.7977   12.88137 8.6183e+00      1.128 0.0000e+00
        153  43.472917    0.01056     0.6333     38.000  1024.8106  50486.301    31.4261      1.076    7.18557     5.3413     5.3419    24.8056   12.88080 8.6556e+00      1.087 0.0000e+00
        154  43.472920    0.01063     0.6375     38.250  1024.8221  50507.778    31.4408      1.047    7.18499     5.3428     5.3412    24.8172   12.87965 8.6712e+00      1.057 0.0000e+00
        155  43.472922    0.01069     0.6417     38.500  1024.8339  50529.492    31.4558      1.036    7.18424     5.3454     5.3414    24.8291   12.87822 8.5889e+00      1.047 0.0000e+00
        156  43.472925    0.01076     0.6458     38.750  1024.8427  50545.450    31.4671      1.047    7.18344     5.3484     5.3429    24.8378   12.87675 8.3646e+00      1.058 0.0000e+00
        157  43.472928    0.01083     0.6500     39.000  1024.8473  50553.346    31.4731      1.078    7.18271     5.3510     5.3455    24.8423   12.87547 8.0183e+00      1.088 0.0000e+00
        158  43.472931    0.01090     0.6542     39.250  1024.8480  50554.067    31.4742      1.122    7.18216     5.3531     5.3484    24.8428   12.87454 7.6083e+00      1.132 0.0000e+00
        159  43.472934    0.01097     0.6583     39.500  1024.8458  50549.307    31.4714      1.173    7.18183     5.3542     5.3511    24.8403   12.87404 7.2610e+00      1.183 0.0000e+00
        160  43.472937    0.01104     0.6625     39.750  1024.8410  50539.945    31.4653      1.222    7.18177     5.3544     5.3531    24.8353   12.87403 7.0653e+00      1.233 0.0000e+00
        161  43.472940    0.01111     0.6667     40.000  1024.8336  50525.832    31.4558      1.264    7.18203     5.3536     5.3543    24.8277   12.87457 7.0503e+00      1.275 0.0000e+00
        162  43.472943    0.01118     0.6708     40.250  1024.8236  50507.288    31.4431      1.293    7.18260     5.3517     5.3545    24.8176   12.87567 7.2105e+00      1.304 0.0000e+00
        163  43.472946    0.01125     0.6750     40.500  1024.8129  50487.597    31.4294      1.306    7.18340     5.3481     5.3537    24.8068   12.87716 7.5523e+00      1.318 0.0000e+00
        164  43.472948    0.01132     0.6792     40.750  1024.8040  50471.310    31.4178      1.302    7.18429     5.3427     5.3517    24.7979   12.87879 8.0555e+00      1.314 0.0000e+00
        165  43.472951    0.01139     0.6833     41.000  1024.7982  50461.176    31.4101      1.280    7.18526     5.3357     5.3482    24.7922   12.88050 8.5600e+00      1.292 0.0000e+00
        166  43.472954    0.01146     0.6875     41.250  1024.7966  50459.063    31.4075      1.243    7.18631     5.3279     5.3428    24.7907   12.88225 8.8897e+00      1.254 0.0000e+00
        167  43.472957    0.01153     0.6917     41.500  1024.7997  50465.894    31.4108      1.193    7.18736     5.3207     5.3358    24.7941   12.88395 8.9550e+00      1.203 0.0000e+00
        168  43.472960    0.01160     0.6958     41.750  1024.8073  50480.990    31.4196      1.136    7.18828     5.3156     5.3279    24.8019   12.88535 8.7959e+00      1.146 0.0000e+00
        169  43.472963    0.01167     0.7000     42.000  1024.8187  50503.039    31.4333      1.081    7.18885     5.3137     5.3208    24.8136   12.88611 8.6287e+00      1.091 0.0000e+00
        170  43.472966    0.01174     0.7042     42.250  1024.8325  50529.374    31.4504      1.037    7.18890     5.3157     5.3157    24.8277   12.88599 8.5248e+00      1.047 0.0000e+00
