CTD-processing/allCTD/CNV--homogene/2015_07-10_alongbay_skb10_cast133.cnv
* Sea-Bird SBE19plus Data File:
* FileName = C:\Users\Kris.Holderied\Documents\kasitsna\Research-KBL\Oceanography-AK\CTD-Data-ALL-to-2015-06\2015-CTD-KachemakBay-CookInlet\2015-07-10-KachemakBay-AlongBayLine\2015_07_10_KachemakBay_AlongBay_cast133.hex
* Software Version 1.59
* Temperature SN =  5028
* Conductivity SN =  5028
* System UpLoad Time = Jul 30 2015 17:42:13
** Kachemak Bay Along Bay Line - Flat Island to Bear Cove

** Date: 07-10
** Station:  KB10
** Start time (AKDT): 17:11
** Depth (m): 62
** Comment:  R/V Johanna Rose (Nuka Research)
** Comment: Seldovia subbay sampled before the along-bay line.
# nquan = 17
# nvalues = 537                         
# units = specified
# name 0 = scan: Scan Count
# name 1 = timeJ: Julian Days
# name 2 = timeH: Time, Elapsed [hours]
# name 3 = timeM: Time, Elapsed [minutes]
# name 4 = timeS: Time, Elapsed [seconds]
# name 5 = density00: Density [density, kg/m^3]
# name 6 = specc: Specific Conductance [uS/cm]
# name 7 = sal00: Salinity, Practical [PSU]
# name 8 = depSM: Depth [salt water, m], lat = 59.00
# name 9 = oxsolML/L: Oxygen Saturation, Garcia & Gordon [ml/l]
# name 10 = potemp090C: Potential Temperature [ITS-90, deg C]
# name 11 = tv290C: Temperature [ITS-90, deg C]
# name 12 = sigma-é00: Density [sigma-theta, kg/m^3]
# name 13 = n2satML/L: Nitrogen Saturation [ml/l]
# name 14 = par: PAR/Irradiance, Biospherical/Licor
# name 15 = prdM: Pressure, Strain Gauge [db]
# name 16 = flag:  0.000e+00
# span 0 =          1,        537       
# span 1 = 191.715231, 191.716782       
# span 2 =    0.00000,    0.03722       
# span 3 =     0.0000,     2.2333       
# span 4 =      0.000,    134.000       
# span 5 =   999.4171,  1024.7074       
# span 6 =    154.912,  49739.389       
# span 7 =     0.0740,    31.2598       
# span 8 =     -0.131,     60.861       
# span 9 =    6.43028,    7.34557       
# span 10 =     7.3642,    13.1750      
# span 11 =     7.3697,    13.1750      
# span 12 =    -0.5823,    24.4254      
# span 13 =   11.69733,   13.57005      
# span 14 = 6.2796e-02, 2.4737e+02      
# span 15 =     -0.132,     61.444      
# span 16 = 0.0000e+00, 0.0000e+00      
# interval = seconds: 0.25
# start_time = Jul 10 2015 17:09:56 [Instrument's time stamp, header]
# bad_flag = -9.990e-29
*END*
[from data line 256]
        257 191.715972    0.01778     1.0667     64.000  1012.6139  28145.654    17.0772      0.765    6.67882    12.6519    12.6542    12.6104   12.22106 1.1475e+02      0.772 0.0000e+00
        258 191.715975    0.01785     1.0708     64.250  1012.6173  28152.520    17.0818      0.763    6.67848    12.6441    12.6552    12.6137   12.22044 1.1642e+02      0.770 0.0000e+00
        259 191.715978    0.01792     1.0750     64.500  1012.6260  28168.679    17.0924      0.767    6.67850    12.6304    12.6520    12.6224   12.22035 1.1723e+02      0.774 0.0000e+00
        260 191.715981    0.01799     1.0792     64.750  1012.6418  28197.690    17.1113      0.774    6.67884    12.6098    12.6442    12.6382   12.22067 1.1683e+02      0.781 0.0000e+00
        261 191.715984    0.01806     1.0833     65.000  1012.6669  28243.372    17.1409      0.782    6.67957    12.5847    12.6305    12.6633   12.22152 1.1549e+02      0.789 0.0000e+00
        262 191.715987    0.01812     1.0875     65.250  1012.6982  28299.483    17.1772      0.787    6.68103    12.5608    12.6099    12.6946   12.22352 1.1411e+02      0.794 0.0000e+00
        263 191.715990    0.01819     1.0917     65.500  1012.7276  28350.810    17.2101      0.788    6.68329    12.5419    12.5848    12.7240   12.22688 1.1358e+02      0.795 0.0000e+00
        264 191.715992    0.01826     1.0958     65.750  1012.7508  28390.255    17.2352      0.784    6.68569    12.5284    12.5609    12.7472   12.23059 1.1441e+02      0.792 0.0000e+00
        265 191.715995    0.01833     1.1000     66.000  1012.7680  28419.278    17.2536      0.777    6.68765    12.5189    12.5420    12.7644   12.23364 1.1661e+02      0.784 0.0000e+00
        266 191.715998    0.01840     1.1042     66.250  1012.7803  28440.072    17.2667      0.768    6.68906    12.5123    12.5285    12.7767   12.23585 1.1904e+02      0.775 0.0000e+00
        267 191.716001    0.01847     1.1083     66.500  1012.7890  28454.786    17.2761      0.762    6.69004    12.5075    12.5190    12.7854   12.23737 1.2065e+02      0.769 0.0000e+00
        268 191.716004    0.01854     1.1125     66.750  1012.7952  28465.335    17.2828      0.760    6.69071    12.5037    12.5124    12.7916   12.23841 1.2122e+02      0.767 0.0000e+00
        269 191.716007    0.01861     1.1167     67.000  1012.7998  28473.169    17.2877      0.763    6.69120    12.5002    12.5076    12.7963   12.23917 1.2030e+02      0.771 0.0000e+00
        270 191.716010    0.01868     1.1208     67.250  1012.8033  28479.104    17.2915      0.770    6.69160    12.4966    12.5038    12.7998   12.23978 1.1815e+02      0.777 0.0000e+00
        271 191.716013    0.01875     1.1250     67.500  1012.8061  28483.682    17.2944      0.777    6.69198    12.4925    12.5003    12.8026   12.24038 1.1609e+02      0.784 0.0000e+00
        272 191.716016    0.01882     1.1292     67.750  1012.8085  28487.367    17.2967      0.779    6.69240    12.4879    12.4967    12.8049   12.24106 1.1528e+02      0.787 0.0000e+00
        273 191.716019    0.01889     1.1333     68.000  1012.8104  28490.263    17.2984      0.777    6.69292    12.4830    12.4926    12.8069   12.24191 1.1550e+02      0.784 0.0000e+00
        274 191.716021    0.01896     1.1375     68.250  1012.8120  28492.247    17.2995      0.771    6.69355    12.4779    12.4880    12.8085   12.24295 1.1561e+02      0.779 0.0000e+00
        275 191.716024    0.01903     1.1417     68.500  1012.8133  28493.610    17.3002      0.766    6.69424    12.4730    12.4830    12.8098   12.24410 1.1528e+02      0.773 0.0000e+00
        276 191.716027    0.01910     1.1458     68.750  1012.8141  28493.926    17.3002      0.763    6.69497    12.4684    12.4780    12.8106   12.24532 1.1476e+02      0.770 0.0000e+00
        277 191.716030    0.01917     1.1500     69.000  1012.8138  28492.227    17.2988      0.765    6.69574    12.4639    12.4731    12.8103   12.24662 1.1410e+02      0.772 0.0000e+00
        278 191.716033    0.01924     1.1542     69.250  1012.8130  28489.561    17.2968      0.770    6.69650    12.4597    12.4684    12.8095   12.24793 1.1325e+02      0.777 0.0000e+00
        279 191.716036    0.01931     1.1583     69.500  1012.8119  28486.285    17.2945      0.775    6.69724    12.4557    12.4640    12.8084   12.24921 1.1248e+02      0.782 0.0000e+00
        280 191.716039    0.01938     1.1625     69.750  1012.8094  28480.231    17.2903      0.777    6.69802    12.4519    12.4598    12.8058   12.25057 1.1257e+02      0.784 0.0000e+00
        281 191.716042    0.01944     1.1667     70.000  1012.8056  28471.871    17.2845      0.775    6.69884    12.4483    12.4558    12.8020   12.25201 1.1385e+02      0.782 0.0000e+00
        282 191.716045    0.01951     1.1708     70.250  1012.8017  28463.268    17.2786      0.770    6.69965    12.4448    12.4520    12.7981   12.25343 1.1545e+02      0.777 0.0000e+00
        283 191.716047    0.01958     1.1750     70.500  1012.7974  28454.106    17.2724      0.766    6.70043    12.4414    12.4484    12.7939   12.25482 1.1606e+02      0.773 0.0000e+00
        284 191.716050    0.01965     1.1792     70.750  1012.7935  28445.661    17.2666      0.765    6.70118    12.4382    12.4449    12.7900   12.25615 1.1546e+02      0.772 0.0000e+00
        285 191.716053    0.01972     1.1833     71.000  1012.7906  28439.139    17.2621      0.768    6.70186    12.4352    12.4415    12.7871   12.25735 1.1438e+02      0.775 0.0000e+00
        286 191.716056    0.01979     1.1875     71.250  1012.7871  28431.524    17.2569      0.774    6.70255    12.4325    12.4383    12.7836   12.25856 1.1308e+02      0.781 0.0000e+00
        287 191.716059    0.01986     1.1917     71.500  1012.7829  28422.529    17.2508      0.781    6.70323    12.4298    12.4353    12.7793   12.25979 1.1172e+02      0.788 0.0000e+00
        288 191.716062    0.01993     1.1958     71.750  1012.7787  28413.492    17.2447      0.786    6.70389    12.4269    12.4325    12.7750   12.26097 1.1094e+02      0.793 0.0000e+00
        289 191.716065    0.02000     1.2000     72.000  1012.7735  28402.602    17.2374      0.789    6.70459    12.4238    12.4298    12.7698   12.26224 1.1084e+02      0.796 0.0000e+00
        290 191.716068    0.02007     1.2042     72.250  1012.7682  28391.658    17.2300      0.790    6.70532    12.4205    12.4270    12.7645   12.26356 1.1097e+02      0.797 0.0000e+00
        291 191.716071    0.02014     1.2083     72.500  1012.7640  28382.765    17.2240      0.790    6.70603    12.4172    12.4239    12.7604   12.26482 1.1133e+02      0.798 0.0000e+00
        292 191.716073    0.02021     1.2125     72.750  1012.7602  28374.518    17.2184      0.792    6.70674    12.4142    12.4206    12.7566   12.26608 1.1161e+02      0.800 0.0000e+00
        293 191.716076    0.02028     1.2167     73.000  1012.7578  28368.874    17.2145      0.798    6.70738    12.4115    12.4173    12.7541   12.26719 1.1083e+02      0.806 0.0000e+00
        294 191.716079    0.02035     1.2208     73.250  1012.7575  28367.371    17.2134      0.809    6.70787    12.4092    12.4143    12.7537   12.26803 1.0888e+02      0.817 0.0000e+00
        295 191.716082    0.02042     1.2250     73.500  1012.7592  28369.801    17.2149      0.824    6.70819    12.4071    12.4116    12.7553   12.26855 1.0665e+02      0.832 0.0000e+00
        296 191.716085    0.02049     1.2292     73.750  1012.7641  28378.515    17.2207      0.841    6.70829    12.4051    12.4093    12.7602   12.26865 1.0483e+02      0.849 0.0000e+00
        297 191.716088    0.02056     1.2333     74.000  1012.7735  28396.120    17.2324      0.857    6.70811    12.4029    12.4072    12.7695   12.26820 1.0319e+02      0.866 0.0000e+00
        298 191.716091    0.02063     1.2375     74.250  1012.7907  28428.820    17.2542      0.874    6.70749    12.3999    12.4052    12.7867   12.26689 1.0081e+02      0.883 0.0000e+00
        299 191.716094    0.02069     1.2417     74.500  1012.8220  28488.660    17.2941      0.897    6.70615    12.3950    12.4030    12.8179   12.26415 9.6485e+01      0.905 0.0000e+00
        300 191.716097    0.02076     1.2458     74.750  1012.8760  28592.301    17.3633      0.934    6.70370    12.3863    12.4000    12.8717   12.25917 8.8941e+01      0.943 0.0000e+00
        301 191.716100    0.02083     1.2500     75.000  1012.9628  28758.624    17.4744      1.000    6.69976    12.3705    12.3952    12.9582   12.25121 7.8006e+01      1.010 0.0000e+00
        302 191.716102    0.02090     1.2542     75.250  1013.0973  29015.744    17.6461      1.104    6.69385    12.3431    12.3865    13.0922   12.23918 6.5264e+01      1.114 0.0000e+00
        303 191.716105    0.02097     1.2583     75.500  1013.3102  29422.417    17.9178      1.245    6.68481    12.3037    12.3707    13.3045   12.22068 5.2563e+01      1.257 0.0000e+00
        304 191.716108    0.02104     1.2625     75.750  1013.6418  30054.950    18.3406      1.416    6.67115    12.2606    12.3433    13.6352   12.19257 4.1078e+01      1.429 0.0000e+00
        305 191.716111    0.02111     1.2667     76.000  1014.1211  30968.547    18.9522      1.607    6.65140    12.2263    12.3039    14.1137   12.15195 3.1437e+01      1.622 0.0000e+00
        306 191.716114    0.02118     1.2708     76.250  1014.7452  32157.278    19.7502      1.810    6.62449    12.2081    12.2608    14.7368   12.09706 2.3799e+01      1.827 0.0000e+00
        307 191.716117    0.02125     1.2750     76.500  1015.4817  33559.486    20.6955      2.018    6.59029    12.2022    12.2266    15.4724   12.02825 1.7985e+01      2.037 0.0000e+00
        308 191.716120    0.02132     1.2792     76.750  1016.2796  35076.854    21.7233      2.226    6.55054    12.1900    12.2084    16.2693   11.94923 1.3669e+01      2.247 0.0000e+00
        309 191.716123    0.02139     1.2833     77.000  1017.0656  36568.609    22.7382      2.436    6.50974    12.1386    12.2025    17.0544   11.86868 1.0530e+01      2.459 0.0000e+00
        310 191.716126    0.02146     1.2875     77.250  1017.7917  37939.475    23.6738      2.647    6.47322    12.0205    12.1902    17.7796   11.79633 8.3014e+00      2.672 0.0000e+00
        311 191.716128    0.02153     1.2917     77.500  1018.4561  39180.292    24.5206      2.864    6.44585    11.8366    12.1389    18.4430   11.74039 6.7591e+00      2.891 0.0000e+00
        312 191.716131    0.02160     1.2958     77.750  1019.0592  40287.596    25.2730      3.085    6.43158    11.6070    12.0208    19.0450   11.70746 5.7065e+00      3.114 0.0000e+00
        313 191.716134    0.02167     1.3000     78.000  1019.5999  41261.577    25.9299      3.309    6.43028    11.3509    11.8370    19.5847   11.69733 4.9796e+00      3.341 0.0000e+00
        314 191.716137    0.02174     1.3042     78.250  1020.0866  42123.869    26.5067      3.534    6.43860    11.0872    11.6075    20.0704   11.70419 4.4557e+00      3.568 0.0000e+00
        315 191.716140    0.02181     1.3083     78.500  1020.5169  42875.726    27.0049      3.758    6.45391    10.8385    11.3513    20.4997   11.72362 4.0536e+00      3.794 0.0000e+00
        316 191.716143    0.02187     1.3125     78.750  1020.8824  43506.260    27.4182      3.980    6.47385    10.6226    11.0876    20.8642   11.75177 3.7279e+00      4.018 0.0000e+00
        317 191.716146    0.02194     1.3167     79.000  1021.1833  44020.105    27.7513      4.202    6.49510    10.4450    10.8389    21.1640   11.78304 3.4543e+00      4.242 0.0000e+00
        318 191.716149    0.02201     1.3208     79.250  1021.4222  44425.673    28.0120      4.426    6.51481    10.2982    10.6231    21.4019   11.81263 3.2181e+00      4.469 0.0000e+00
        319 191.716152    0.02208     1.3250     79.500  1021.6051  44734.365    28.2087      4.654    6.53185    10.1681    10.4455    21.5837   11.83855 3.0101e+00      4.698 0.0000e+00
        320 191.716155    0.02215     1.3292     79.750  1021.7469  44972.632    28.3591      4.882    6.54652    10.0434    10.2987    21.7244   11.86108 2.8237e+00      4.929 0.0000e+00
        321 191.716157    0.02222     1.3333     80.000  1021.8683  45176.461    28.4871      5.107    6.55980     9.9202    10.1686    21.8448   11.88159 2.6538e+00      5.156 0.0000e+00
        322 191.716160    0.02229     1.3375     80.250  1021.9878  45378.056    28.6137      5.325    6.57244     9.8000    10.0439    21.9633   11.90103 2.4972e+00      5.376 0.0000e+00
        323 191.716163    0.02236     1.3417     80.500  1022.1184  45600.950    28.7552      5.537    6.58430     9.6845     9.9207    22.0929   11.91898 2.3510e+00      5.590 0.0000e+00
        324 191.716166    0.02243     1.3458     80.750  1022.2648  45853.949    28.9177      5.748    6.59487     9.5753     9.8006    22.2384   11.93453 2.2117e+00      5.802 0.0000e+00
        325 191.716169    0.02250     1.3500     81.000  1022.4190  46122.105    29.0911      5.964    6.60434     9.4756     9.6851    22.3916   11.94813 2.0782e+00      6.021 0.0000e+00
        326 191.716172    0.02257     1.3542     81.250  1022.5643  46374.822    29.2542      6.191    6.61337     9.3893     9.5759    22.5359   11.96112 1.9526e+00      6.250 0.0000e+00
        327 191.716175    0.02264     1.3583     81.500  1022.6901  46593.161    29.3944      6.428    6.62200     9.3193     9.4762    22.6606   11.97373 1.8375e+00      6.489 0.0000e+00
        328 191.716178    0.02271     1.3625     81.750  1022.7958  46776.168    29.5115      6.669    6.62968     9.2662     9.3900    22.7652   11.98502 1.7344e+00      6.732 0.0000e+00
        329 191.716181    0.02278     1.3667     82.000  1022.8837  46928.296    29.6089      6.905    6.63581     9.2283     9.3200    22.8519   11.99401 1.6436e+00      6.970 0.0000e+00
        330 191.716183    0.02285     1.3708     82.250  1022.9573  47056.242    29.6914      7.128    6.64010     9.2029     9.2669    22.9245   12.00010 1.5633e+00      7.195 0.0000e+00
        331 191.716186    0.02292     1.3750     82.500  1023.0228  47170.962    29.7667      7.339    6.64246     9.1871     9.2290    22.9891   12.00309 1.4907e+00      7.408 0.0000e+00
        332 191.716189    0.02299     1.3792     82.750  1023.0887  47287.515    29.8448      7.543    6.64287     9.1788     9.2036    23.0540   12.00281 1.4224e+00      7.614 0.0000e+00
        333 191.716192    0.02306     1.3833     83.000  1023.1643  47422.803    29.9373      7.750    6.64123     9.1761     9.1879    23.1286   11.99897 1.3561e+00      7.823 0.0000e+00
        334 191.716195    0.02313     1.3875     83.250  1023.2524  47581.529    30.0472      7.969    6.63775     9.1772     9.1796    23.2157   11.99186 1.2917e+00      8.045 0.0000e+00
        335 191.716198    0.02319     1.3917     83.500  1023.3453  47749.453    30.1642      8.203    6.63313     9.1804     9.1769    23.3075   11.98279 1.2306e+00      8.281 0.0000e+00
        336 191.716201    0.02326     1.3958     83.750  1023.4353  47912.320    30.2782      8.448    6.62809     9.1838     9.1780    23.3964   11.97305 1.1749e+00      8.527 0.0000e+00
        337 191.716204    0.02333     1.4000     84.000  1023.5194  48064.337    30.3849      8.693    6.62306     9.1859     9.1812    23.4794   11.96340 1.1262e+00      8.775 0.0000e+00
        338 191.716207    0.02340     1.4042     84.250  1023.5947  48200.346    30.4805      8.930    6.61846     9.1861     9.1847    23.5535   11.95462 1.0846e+00      9.014 0.0000e+00
        339 191.716209    0.02347     1.4083     84.500  1023.6567  48312.156    30.5590      9.154    6.61479     9.1846     9.1869    23.6146   11.94759 1.0490e+00      9.240 0.0000e+00
        340 191.716212    0.02354     1.4125     84.750  1023.7029  48395.036    30.6170      9.366    6.61228     9.1822     9.1871    23.6599   11.94273 1.0175e+00      9.455 0.0000e+00
