CTD-processing/allCTD/CNV--homogene/2015_04-08_t6_s10_cast018.cnv
* Sea-Bird SBE19plus Data File:
* FileName = C:\Users\kris.holderied\Documents\kasitsna\Research-Projects-and-Data\Oceanography-AK\CTD-Data-ALL-to-2015-02\2015-CTD-KachemakBay-CookInlet\2015-04-EVOSTC-CookInlet-quarterly\2015-04-08-CookInlet-Tran6-Douglas\2015-04-08-CookInlet-Tran6-cast018.hex
* Software Version 1.59
* Temperature SN =  5028
* Conductivity SN =  5028
* System UpLoad Time = Apr 09 2015 19:12:11
** Cook Inlet LTM Tran 6 (Douglas) East to West - partial
** Date: 04-08
** Station: 6-10
** Start time (AKDT): 03:40
** Depth (m): 96
** Comment:  KBL CTD. Time is local (AKDT)
** Comment: On R/V Pandalus.  Weather limited stations (1-12, skipped  7,9)
# nquan = 17
# nvalues = 584                         
# units = specified
# name 0 = scan: Scan Count
# name 1 = timeJ: Julian Days
# name 2 = timeH: Time, Elapsed [hours]
# name 3 = timeM: Time, Elapsed [minutes]
# name 4 = timeS: Time, Elapsed [seconds]
# name 5 = density00: Density [density, kg/m^3]
# name 6 = specc: Specific Conductance [uS/cm]
# name 7 = sal00: Salinity, Practical [PSU]
# name 8 = depSM: Depth [salt water, m], lat = 59.00
# name 9 = oxsolML/L: Oxygen Saturation, Garcia & Gordon [ml/l]
# name 10 = potemp090C: Potential Temperature [ITS-90, deg C]
# name 11 = tv290C: Temperature [ITS-90, deg C]
# name 12 = sigma-é00: Density [sigma-theta, kg/m^3]
# name 13 = n2satML/L: Nitrogen Saturation [ml/l]
# name 14 = par: PAR/Irradiance, Biospherical/Licor
# name 15 = prdM: Pressure, Strain Gauge [db]
# name 16 = flag:  0.000e+00
# span 0 =          1,        584       
# span 1 =  98.153241,  98.154928       
# span 2 =    0.00000,    0.04049       
# span 3 =     0.0000,     2.4292       
# span 4 =      0.000,    145.750       
# span 5 =  1000.1413,  1025.5321       
# span 6 =    451.956,  51043.077       
# span 7 =     0.2078,    31.9056       
# span 8 =     -0.221,     91.791       
# span 9 =    7.05048,    9.21464       
# span 10 =     3.7715,     6.0049      
# span 11 =     3.7714,     6.0101      
# span 12 =     0.1424,    25.1077      
# span 13 =   12.65156,   16.71922      
# span 14 = 3.7976e-02, 5.5405e-01      
# span 15 =     -0.223,     92.678      
# span 16 = 0.0000e+00, 0.0000e+00      
# interval = seconds: 0.25
# start_time = Apr 08 2015 03:40:40 [Instrument's time stamp, header]
# bad_flag = -9.990e-29
*END*
[from data line 426]
        427  98.154473    0.02958     1.7750    106.500  1025.2961  50937.082    31.8448     50.267    7.05621     5.9895     5.9924    25.0616   12.66176 3.7976e-02     50.748 0.0000e+00
        428  98.154476    0.02965     1.7792    106.750  1025.2991  50939.892    31.8467     50.596    7.05602     5.9902     5.9930    25.0631   12.66143 3.7976e-02     51.080 0.0000e+00
        429  98.154479    0.02972     1.7833    107.000  1025.3027  50943.662    31.8493     50.952    7.05580     5.9912     5.9936    25.0650   12.66103 3.7976e-02     51.439 0.0000e+00
        430  98.154482    0.02979     1.7875    107.250  1025.3082  50950.847    31.8542     51.331    7.05545     5.9927     5.9943    25.0688   12.66039 3.7976e-02     51.822 0.0000e+00
        431  98.154485    0.02986     1.7917    107.500  1025.3160  50961.840    31.8618     51.729    7.05493     5.9946     5.9953    25.0747   12.65943 3.7976e-02     52.224 0.0000e+00
        432  98.154488    0.02993     1.7958    107.750  1025.3238  50972.914    31.8696     52.134    7.05430     5.9966     5.9969    25.0806   12.65830 3.7976e-02     52.633 0.0000e+00
        433  98.154491    0.03000     1.8000    108.000  1025.3298  50980.601    31.8751     52.533    7.05371     5.9984     5.9989    25.0848   12.65726 3.7976e-02     53.037 0.0000e+00
        434  98.154494    0.03007     1.8042    108.250  1025.3337  50984.776    31.8783     52.910    7.05323     5.9996     6.0009    25.0870   12.65642 3.7976e-02     53.417 0.0000e+00
        435  98.154497    0.03014     1.8083    108.500  1025.3359  50985.970    31.8793     53.247    7.05290     6.0004     6.0026    25.0876   12.65586 3.7976e-02     53.757 0.0000e+00
        436  98.154499    0.03021     1.8125    108.750  1025.3367  50985.055    31.8787     53.532    7.05271     6.0008     6.0039    25.0870   12.65555 3.7976e-02     54.045 0.0000e+00
        437  98.154502    0.03028     1.8167    109.000  1025.3369  50983.461    31.8777     53.767    7.05262     6.0010     6.0047    25.0861   12.65542 3.7976e-02     54.282 0.0000e+00
        438  98.154505    0.03035     1.8208    109.250  1025.3368  50981.719    31.8765     53.959    7.05261     6.0009     6.0051    25.0851   12.65542 3.7976e-02     54.476 0.0000e+00
        439  98.154508    0.03042     1.8250    109.500  1025.3363  50979.639    31.8750     54.119    7.05265     6.0006     6.0053    25.0839   12.65551 3.7976e-02     54.637 0.0000e+00
        440  98.154511    0.03049     1.8292    109.750  1025.3355  50977.028    31.8731     54.261    7.05275     6.0001     6.0053    25.0824   12.65570 3.7976e-02     54.781 0.0000e+00
        441  98.154514    0.03056     1.8333    110.000  1025.3342  50973.637    31.8706     54.402    7.05291     5.9994     6.0050    25.0805   12.65599 3.7976e-02     54.923 0.0000e+00
        442  98.154517    0.03062     1.8375    110.250  1025.3325  50969.202    31.8674     54.559    7.05314     5.9986     6.0045    25.0780   12.65641 3.7976e-02     55.081 0.0000e+00
        443  98.154520    0.03069     1.8417    110.500  1025.3309  50964.960    31.8642     54.744    7.05340     5.9979     6.0038    25.0756   12.65689 3.7976e-02     55.268 0.0000e+00
        444  98.154523    0.03076     1.8458    110.750  1025.3308  50962.962    31.8626     54.969    7.05362     5.9974     6.0030    25.0744   12.65726 3.7976e-02     55.495 0.0000e+00
        445  98.154525    0.03083     1.8500    111.000  1025.3323  50963.674    31.8628     55.239    7.05372     5.9974     6.0023    25.0747   12.65743 3.7976e-02     55.768 0.0000e+00
        446  98.154528    0.03090     1.8542    111.250  1025.3351  50966.415    31.8645     55.556    7.05371     5.9978     6.0019    25.0760   12.65739 3.7976e-02     56.088 0.0000e+00
        447  98.154531    0.03097     1.8583    111.500  1025.3388  50970.224    31.8669     55.915    7.05359     5.9984     6.0020    25.0780   12.65716 3.7977e-02     56.450 0.0000e+00
        448  98.154534    0.03104     1.8625    111.750  1025.3428  50974.412    31.8697     56.310    7.05340     5.9992     6.0023    25.0801   12.65680 3.7977e-02     56.849 0.0000e+00
        449  98.154537    0.03111     1.8667    112.000  1025.3470  50978.853    31.8727     56.732    7.05315     6.0000     6.0030    25.0824   12.65636 3.7978e-02     57.276 0.0000e+00
        450  98.154540    0.03118     1.8708    112.250  1025.3514  50983.390    31.8758     57.171    7.05288     6.0008     6.0038    25.0848   12.65587 3.7979e-02     57.719 0.0000e+00
        451  98.154543    0.03125     1.8750    112.500  1025.3559  50988.130    31.8791     57.616    7.05259     6.0016     6.0046    25.0872   12.65535 3.7981e-02     58.168 0.0000e+00
        452  98.154546    0.03132     1.8792    112.750  1025.3606  50993.177    31.8825     58.056    7.05228     6.0025     6.0054    25.0898   12.65480 3.7985e-02     58.612 0.0000e+00
        453  98.154549    0.03139     1.8833    113.000  1025.3647  50997.480    31.8855     58.477    7.05200     6.0033     6.0063    25.0921   12.65429 3.7991e-02     59.037 0.0000e+00
        454  98.154552    0.03146     1.8875    113.250  1025.3678  50999.974    31.8872     58.867    7.05177     6.0039     6.0072    25.0933   12.65389 3.8000e-02     59.431 0.0000e+00
        455  98.154554    0.03153     1.8917    113.500  1025.3700  51001.071    31.8879     59.219    7.05161     6.0043     6.0080    25.0938   12.65361 3.8017e-02     59.787 0.0000e+00
        456  98.154557    0.03160     1.8958    113.750  1025.3716  51001.655    31.8883     59.530    7.05149     6.0045     6.0087    25.0940   12.65342 3.8044e-02     60.100 0.0000e+00
        457  98.154560    0.03167     1.9000    114.000  1025.3730  51002.050    31.8885     59.798    7.05141     6.0047     6.0091    25.0942   12.65328 3.8089e-02     60.371 0.0000e+00
        458  98.154563    0.03174     1.9042    114.250  1025.3742  51002.335    31.8886     60.026    7.05135     6.0048     6.0094    25.0942   12.65319 3.8165e-02     60.601 0.0000e+00
        459  98.154566    0.03181     1.9083    114.500  1025.3751  51002.607    31.8888     60.217    7.05131     6.0049     6.0096    25.0943   12.65312 3.8291e-02     60.794 0.0000e+00
        460  98.154569    0.03188     1.9125    114.750  1025.3760  51002.937    31.8889     60.379    7.05129     6.0049     6.0097    25.0944   12.65307 3.8501e-02     60.957 0.0000e+00
        461  98.154572    0.03194     1.9167    115.000  1025.3768  51003.304    31.8891     60.519    7.05127     6.0048     6.0097    25.0946   12.65304 3.8654e-02     61.099 0.0000e+00
        462  98.154575    0.03201     1.9208    115.250  1025.3775  51003.590    31.8893     60.647    7.05126     6.0048     6.0097    25.0947   12.65302 3.8558e-02     61.228 0.0000e+00
        463  98.154578    0.03208     1.9250    115.500  1025.3782  51003.839    31.8894     60.772    7.05125     6.0048     6.0097    25.0948   12.65301 3.8347e-02     61.355 0.0000e+00
        464  98.154580    0.03215     1.9292    115.750  1025.3789  51004.177    31.8896     60.900    7.05125     6.0047     6.0097    25.0949   12.65300 3.8198e-02     61.484 0.0000e+00
        465  98.154583    0.03222     1.9333    116.000  1025.3797  51004.555    31.8898     61.033    7.05125     6.0047     6.0097    25.0951   12.65299 3.8109e-02     61.618 0.0000e+00
        466  98.154586    0.03229     1.9375    116.250  1025.3805  51004.867    31.8899     61.174    7.05124     6.0048     6.0097    25.0952   12.65298 3.8056e-02     61.761 0.0000e+00
        467  98.154589    0.03236     1.9417    116.500  1025.3812  51005.021    31.8899     61.329    7.05124     6.0048     6.0097    25.0952   12.65298 3.8024e-02     61.917 0.0000e+00
        468  98.154592    0.03243     1.9458    116.750  1025.3819  51004.847    31.8897     61.501    7.05124     6.0048     6.0097    25.0951   12.65299 3.8005e-02     62.091 0.0000e+00
        469  98.154595    0.03250     1.9500    117.000  1025.3823  51004.167    31.8892     61.696    7.05126     6.0047     6.0098    25.0946   12.65303 3.7993e-02     62.287 0.0000e+00
        470  98.154598    0.03257     1.9542    117.250  1025.3826  51002.901    31.8882     61.916    7.05130     6.0046     6.0098    25.0939   12.65311 3.7986e-02     62.510 0.0000e+00
        471  98.154601    0.03264     1.9583    117.500  1025.3829  51001.438    31.8871     62.167    7.05136     6.0045     6.0098    25.0930   12.65322 3.7982e-02     62.763 0.0000e+00
        472  98.154604    0.03271     1.9625    117.750  1025.3836  51000.460    31.8862     62.451    7.05141     6.0044     6.0097    25.0923   12.65331 3.7980e-02     63.050 0.0000e+00
        473  98.154606    0.03278     1.9667    118.000  1025.3848  51000.210    31.8859     62.771    7.05144     6.0043     6.0096    25.0921   12.65336 3.7978e-02     63.373 0.0000e+00
        474  98.154609    0.03285     1.9708    118.250  1025.3866  51000.617    31.8860     63.127    7.05144     6.0043     6.0095    25.0922   12.65337 3.7978e-02     63.732 0.0000e+00
        475  98.154612    0.03292     1.9750    118.500  1025.3887  51001.463    31.8864     63.514    7.05143     6.0043     6.0095    25.0925   12.65335 3.7977e-02     64.123 0.0000e+00
        476  98.154615    0.03299     1.9792    118.750  1025.3910  51002.542    31.8869     63.928    7.05140     6.0043     6.0095    25.0929   12.65330 3.7977e-02     64.542 0.0000e+00
        477  98.154618    0.03306     1.9833    119.000  1025.3937  51004.085    31.8878     64.360    7.05136     6.0043     6.0095    25.0936   12.65321 3.7976e-02     64.978 0.0000e+00
        478  98.154621    0.03313     1.9875    119.250  1025.3970  51006.629    31.8893     64.800    7.05128     6.0043     6.0096    25.0948   12.65306 3.7976e-02     65.422 0.0000e+00
        479  98.154624    0.03319     1.9917    119.500  1025.4006  51009.858    31.8914     65.239    7.05118     6.0044     6.0096    25.0964   12.65287 3.7976e-02     65.865 0.0000e+00
        480  98.154627    0.03326     1.9958    119.750  1025.4039  51012.398    31.8929     65.672    7.05110     6.0044     6.0097    25.0976   12.65272 3.7976e-02     66.303 0.0000e+00
        481  98.154630    0.03333     2.0000    120.000  1025.4062  51013.279    31.8934     66.096    7.05107     6.0044     6.0098    25.0980   12.65266 3.7976e-02     66.731 0.0000e+00
        482  98.154633    0.03340     2.0042    120.250  1025.4076  51012.561    31.8927     66.510    7.05109     6.0044     6.0098    25.0974   12.65270 3.7976e-02     67.148 0.0000e+00
        483  98.154635    0.03347     2.0083    120.500  1025.4086  51011.271    31.8916     66.910    7.05113     6.0044     6.0099    25.0966   12.65279 3.7976e-02     67.552 0.0000e+00
        484  98.154638    0.03354     2.0125    120.750  1025.4099  51010.544    31.8909     67.295    7.05116     6.0043     6.0099    25.0961   12.65284 3.7976e-02     67.941 0.0000e+00
        485  98.154641    0.03361     2.0167    121.000  1025.4114  51010.379    31.8906     67.664    7.05118     6.0042     6.0099    25.0958   12.65287 3.7976e-02     68.314 0.0000e+00
        486  98.154644    0.03368     2.0208    121.250  1025.4129  51010.361    31.8904     68.018    7.05119     6.0042     6.0098    25.0957   12.65290 3.7976e-02     68.671 0.0000e+00
        487  98.154647    0.03375     2.0250    121.500  1025.4147  51011.135    31.8908     68.356    7.05118     6.0041     6.0098    25.0960   12.65288 3.7976e-02     69.013 0.0000e+00
        488  98.154650    0.03382     2.0292    121.750  1025.4175  51013.691    31.8924     68.675    7.05111     6.0041     6.0097    25.0973   12.65275 3.7976e-02     69.335 0.0000e+00
        489  98.154653    0.03389     2.0333    122.000  1025.4209  51017.674    31.8950     68.967    7.05100     6.0040     6.0097    25.0993   12.65252 3.7976e-02     69.629 0.0000e+00
        490  98.154656    0.03396     2.0375    122.250  1025.4243  51021.918    31.8978     69.224    7.05087     6.0039     6.0097    25.1015   12.65227 3.7976e-02     69.889 0.0000e+00
        491  98.154659    0.03403     2.0417    122.500  1025.4273  51025.675    31.9003     69.440    7.05075     6.0038     6.0096    25.1035   12.65205 3.7976e-02     70.107 0.0000e+00
        492  98.154661    0.03410     2.0458    122.750  1025.4296  51028.493    31.9022     69.611    7.05068     6.0037     6.0096    25.1050   12.65190 3.7976e-02     70.280 0.0000e+00
        493  98.154664    0.03417     2.0500    123.000  1025.4311  51030.327    31.9034     69.738    7.05064     6.0035     6.0095    25.1059   12.65183 3.7976e-02     70.408 0.0000e+00
        494  98.154667    0.03424     2.0542    123.250  1025.4321  51031.484    31.9041     69.824    7.05063     6.0034     6.0093    25.1065   12.65180 3.7976e-02     70.495 0.0000e+00
        495  98.154670    0.03431     2.0583    123.500  1025.4327  51032.141    31.9045     69.878    7.05063     6.0034     6.0092    25.1068   12.65179 3.7976e-02     70.549 0.0000e+00
        496  98.154673    0.03438     2.0625    123.750  1025.4330  51032.456    31.9047     69.913    7.05064     6.0033     6.0091    25.1070   12.65180 3.7976e-02     70.584 0.0000e+00
        497  98.154676    0.03444     2.0667    124.000  1025.4332  51032.622    31.9047     69.943    7.05065     6.0033     6.0090    25.1071   12.65181 3.7976e-02     70.615 0.0000e+00
        498  98.154679    0.03451     2.0708    124.250  1025.4335  51032.761    31.9048     69.987    7.05066     6.0033     6.0090    25.1071   12.65183 3.7976e-02     70.659 0.0000e+00
        499  98.154682    0.03458     2.0750    124.500  1025.4339  51032.925    31.9049     70.060    7.05066     6.0033     6.0089    25.1072   12.65184 3.7976e-02     70.734 0.0000e+00
        500  98.154685    0.03465     2.0792    124.750  1025.4345  51033.082    31.9049     70.180    7.05066     6.0034     6.0089    25.1072   12.65183 3.7976e-02     70.855 0.0000e+00
        501  98.154687    0.03472     2.0833    125.000  1025.4353  51033.219    31.9049     70.358    7.05064     6.0035     6.0090    25.1073   12.65181 3.7976e-02     71.034 0.0000e+00
        502  98.154690    0.03479     2.0875    125.250  1025.4365  51033.483    31.9050     70.600    7.05062     6.0035     6.0091    25.1073   12.65177 3.7976e-02     71.278 0.0000e+00
        503  98.154693    0.03486     2.0917    125.500  1025.4380  51033.945    31.9052     70.903    7.05060     6.0035     6.0092    25.1075   12.65173 3.7976e-02     71.585 0.0000e+00
        504  98.154696    0.03493     2.0958    125.750  1025.4399  51034.468    31.9054     71.261    7.05058     6.0036     6.0093    25.1076   12.65169 3.7976e-02     71.947 0.0000e+00
        505  98.154699    0.03500     2.1000    126.000  1025.4418  51034.913    31.9056     71.662    7.05056     6.0036     6.0093    25.1077   12.65167 3.7976e-02     72.351 0.0000e+00
        506  98.154702    0.03507     2.1042    126.250  1025.4439  51035.217    31.9056     72.094    7.05055     6.0037     6.0094    25.1077   12.65165 3.7976e-02     72.787 0.0000e+00
        507  98.154705    0.03514     2.1083    126.500  1025.4459  51035.367    31.9055     72.545    7.05054     6.0038     6.0094    25.1076   12.65164 3.7976e-02     73.243 0.0000e+00
        508  98.154708    0.03521     2.1125    126.750  1025.4479  51035.405    31.9053     73.008    7.05054     6.0038     6.0095    25.1075   12.65163 3.7976e-02     73.710 0.0000e+00
        509  98.154711    0.03528     2.1167    127.000  1025.4499  51035.433    31.9051     73.472    7.05053     6.0039     6.0097    25.1073   12.65162 3.7976e-02     74.179 0.0000e+00
        510  98.154714    0.03535     2.1208    127.250  1025.4519  51035.522    31.9050     73.928    7.05052     6.0039     6.0098    25.1072   12.65160 3.7976e-02     74.639 0.0000e+00
