CTD-processing/allCTD/CNV--homogene/2015_10-19_t4_s01_cast216.cnv
* Sea-Bird SBE19plus Data File:
* FileName = C:\Users\Kris.Holderied\Documents\kasitsna\Research-KBL\Oceanography-AK\CTD-Data-ALL-to-2015-06\2015-CTD-KachemakBay-CookInlet\2015-10-19-CookInlet-Tran4-special\2015-10-19-CookInlet-Tran4-cast216.hex
* Software Version 1.59
* Temperature SN =  5028
* Conductivity SN =  5028
* System UpLoad Time = Oct 31 2015 16:40:42
** Cook Inlet LTM Transect 4 Barabara special, South to North

** Date: 10-19
** Station: 4-01
** Start time (AKDT): 16:27
** Depth (m): 17.1
** Comment:  R/V Edgecumbe
** Comment:
# nquan = 17
# nvalues = 486                         
# units = specified
# name 0 = scan: Scan Count
# name 1 = timeJ: Julian Days
# name 2 = timeH: Time, Elapsed [hours]
# name 3 = timeM: Time, Elapsed [minutes]
# name 4 = timeS: Time, Elapsed [seconds]
# name 5 = density00: Density [density, kg/m^3]
# name 6 = specc: Specific Conductance [uS/cm]
# name 7 = sal00: Salinity, Practical [PSU]
# name 8 = depSM: Depth [salt water, m], lat = 59.00
# name 9 = oxsolML/L: Oxygen Saturation, Garcia & Gordon [ml/l]
# name 10 = potemp090C: Potential Temperature [ITS-90, deg C]
# name 11 = tv290C: Temperature [ITS-90, deg C]
# name 12 = sigma-é00: Density [sigma-theta, kg/m^3]
# name 13 = n2satML/L: Nitrogen Saturation [ml/l]
# name 14 = par: PAR/Irradiance, Biospherical/Licor
# name 15 = prdM: Pressure, Strain Gauge [db]
# name 16 = flag:  0.000e+00
# span 0 =          1,        486       
# span 1 = 292.685150, 292.686554       
# span 2 =    0.00000,    0.03368       
# span 3 =     0.0000,     2.0208       
# span 4 =      0.000,    121.250       
# span 5 =  1011.5620,  1023.6406       
# span 6 =  24820.932,  48255.041       
# span 7 =    15.0654,    30.5310       
# span 8 =     -0.012,     13.938       
# span 9 =    6.60069,    7.36764       
# span 10 =     9.0046,     9.2896      
# span 11 =     8.9428,     9.2910      
# span 12 =    11.5621,    23.5768      
# span 13 =   11.92458,   13.40821      
# span 14 = 1.0645e+01, 1.3894e+02      
# span 15 =     -0.012,     14.070      
# span 16 = 0.0000e+00, 0.0000e+00      
# interval = seconds: 0.25
# start_time = Oct 19 2015 16:26:37 [Instrument's time stamp, header]
# bad_flag = -9.990e-29
*END*
[from data line 426]
        427 292.686383    0.02958     1.7750    106.500  1023.6072  48247.139    30.5272      7.051    6.60188     9.2849     9.2840    23.5748   11.92658 2.2458e+01      7.117 0.0000e+00
        428 292.686386    0.02965     1.7792    106.750  1023.6080  48247.192    30.5273      7.250    6.60173     9.2854     9.2849    23.5747   11.92634 2.1996e+01      7.319 0.0000e+00
        429 292.686389    0.02972     1.7833    107.000  1023.6089  48247.305    30.5274      7.452    6.60163     9.2858     9.2856    23.5747   11.92616 2.1540e+01      7.522 0.0000e+00
        430 292.686392    0.02979     1.7875    107.250  1023.6099  48247.640    30.5276      7.654    6.60154     9.2861     9.2862    23.5748   11.92601 2.1096e+01      7.726 0.0000e+00
        431 292.686395    0.02986     1.7917    107.500  1023.6111  48248.210    30.5280      7.854    6.60146     9.2865     9.2866    23.5750   11.92588 2.0677e+01      7.928 0.0000e+00
        432 292.686398    0.02993     1.7958    107.750  1023.6123  48248.890    30.5284      8.049    6.60139     9.2868     9.2870    23.5753   11.92576 2.0290e+01      8.125 0.0000e+00
        433 292.686400    0.03000     1.8000    108.000  1023.6134  48249.512    30.5288      8.237    6.60131     9.2871     9.2873    23.5755   11.92563 1.9927e+01      8.315 0.0000e+00
        434 292.686403    0.03007     1.8042    108.250  1023.6144  48249.945    30.5291      8.419    6.60125     9.2874     9.2877    23.5757   11.92552 1.9572e+01      8.499 0.0000e+00
        435 292.686406    0.03014     1.8083    108.500  1023.6153  48250.152    30.5292      8.599    6.60119     9.2877     9.2880    23.5757   11.92543 1.9215e+01      8.681 0.0000e+00
        436 292.686409    0.03021     1.8125    108.750  1023.6160  48250.188    30.5292      8.779    6.60115     9.2878     9.2883    23.5757   11.92535 1.8858e+01      8.862 0.0000e+00
        437 292.686412    0.03028     1.8167    109.000  1023.6168  48250.153    30.5291      8.958    6.60112     9.2879     9.2886    23.5756   11.92530 1.8505e+01      9.043 0.0000e+00
        438 292.686415    0.03035     1.8208    109.250  1023.6175  48250.127    30.5291      9.138    6.60110     9.2879     9.2887    23.5755   11.92528 1.8155e+01      9.224 0.0000e+00
        439 292.686418    0.03042     1.8250    109.500  1023.6183  48250.139    30.5290      9.316    6.60109     9.2879     9.2888    23.5754   11.92526 1.7815e+01      9.405 0.0000e+00
        440 292.686421    0.03049     1.8292    109.750  1023.6191  48250.148    30.5289      9.491    6.60109     9.2879     9.2888    23.5754   11.92526 1.7490e+01      9.581 0.0000e+00
        441 292.686424    0.03056     1.8333    110.000  1023.6198  48250.134    30.5289      9.660    6.60109     9.2878     9.2888    23.5753   11.92526 1.7183e+01      9.752 0.0000e+00
        442 292.686427    0.03062     1.8375    110.250  1023.6205  48250.186    30.5288      9.822    6.60109     9.2878     9.2888    23.5753   11.92526 1.6892e+01      9.916 0.0000e+00
        443 292.686429    0.03069     1.8417    110.500  1023.6212  48250.372    30.5289      9.979    6.60109     9.2879     9.2888    23.5754   11.92526 1.6610e+01     10.074 0.0000e+00
        444 292.686432    0.03076     1.8458    110.750  1023.6220  48250.650    30.5290     10.132    6.60108     9.2879     9.2889    23.5755   11.92524 1.6334e+01     10.228 0.0000e+00
        445 292.686435    0.03083     1.8500    111.000  1023.6229  48251.001    30.5292     10.284    6.60107     9.2880     9.2889    23.5756   11.92522 1.6060e+01     10.381 0.0000e+00
        446 292.686438    0.03090     1.8542    111.250  1023.6237  48251.400    30.5294     10.434    6.60105     9.2881     9.2889    23.5757   11.92519 1.5790e+01     10.533 0.0000e+00
        447 292.686441    0.03097     1.8583    111.500  1023.6245  48251.711    30.5296     10.585    6.60103     9.2882     9.2890    23.5759   11.92515 1.5524e+01     10.685 0.0000e+00
        448 292.686444    0.03104     1.8625    111.750  1023.6253  48251.866    30.5296     10.735    6.60101     9.2882     9.2892    23.5759   11.92512 1.5267e+01     10.837 0.0000e+00
        449 292.686447    0.03111     1.8667    112.000  1023.6259  48251.928    30.5296     10.883    6.60099     9.2883     9.2893    23.5759   11.92509 1.5024e+01     10.986 0.0000e+00
        450 292.686450    0.03118     1.8708    112.250  1023.6266  48251.970    30.5296     11.028    6.60098     9.2884     9.2894    23.5759   11.92506 1.4789e+01     11.133 0.0000e+00
        451 292.686453    0.03125     1.8750    112.500  1023.6272  48252.031    30.5296     11.173    6.60096     9.2885     9.2895    23.5759   11.92504 1.4552e+01     11.279 0.0000e+00
        452 292.686455    0.03132     1.8792    112.750  1023.6279  48252.122    30.5296     11.321    6.60095     9.2885     9.2896    23.5759   11.92502 1.4308e+01     11.429 0.0000e+00
        453 292.686458    0.03139     1.8833    113.000  1023.6286  48252.266    30.5297     11.473    6.60093     9.2886     9.2897    23.5759   11.92499 1.4059e+01     11.582 0.0000e+00
        454 292.686461    0.03146     1.8875    113.250  1023.6294  48252.454    30.5298     11.629    6.60092     9.2886     9.2898    23.5759   11.92496 1.3807e+01     11.739 0.0000e+00
        455 292.686464    0.03153     1.8917    113.500  1023.6301  48252.626    30.5298     11.787    6.60091     9.2887     9.2898    23.5760   11.92494 1.3555e+01     11.899 0.0000e+00
        456 292.686467    0.03160     1.8958    113.750  1023.6309  48252.782    30.5299     11.948    6.60090     9.2887     9.2899    23.5760   11.92493 1.3302e+01     12.062 0.0000e+00
        457 292.686470    0.03167     1.9000    114.000  1023.6318  48253.014    30.5300     12.113    6.60089     9.2888     9.2899    23.5761   11.92491 1.3049e+01     12.228 0.0000e+00
        458 292.686473    0.03174     1.9042    114.250  1023.6327  48253.357    30.5301     12.281    6.60087     9.2889     9.2900    23.5762   11.92488 1.2799e+01     12.397 0.0000e+00
        459 292.686476    0.03181     1.9083    114.500  1023.6336  48253.711    30.5303     12.448    6.60085     9.2890     9.2901    23.5763   11.92484 1.2555e+01     12.566 0.0000e+00
        460 292.686479    0.03188     1.9125    114.750  1023.6344  48254.040    30.5305     12.614    6.60082     9.2891     9.2902    23.5765   11.92480 1.2321e+01     12.734 0.0000e+00
        461 292.686481    0.03194     1.9167    115.000  1023.6353  48254.397    30.5307     12.780    6.60079     9.2893     9.2903    23.5766   11.92475 1.2095e+01     12.901 0.0000e+00
        462 292.686484    0.03201     1.9208    115.250  1023.6362  48254.734    30.5309     12.947    6.60076     9.2895     9.2905    23.5768   11.92469 1.1871e+01     13.070 0.0000e+00
        463 292.686487    0.03208     1.9250    115.500  1023.6371  48254.952    30.5310     13.115    6.60073     9.2896     9.2907    23.5768   11.92464 1.1650e+01     13.240 0.0000e+00
        464 292.686490    0.03215     1.9292    115.750  1023.6378  48255.018    30.5310     13.282    6.60071     9.2896     9.2908    23.5768   11.92461 1.1437e+01     13.408 0.0000e+00
        465 292.686493    0.03222     1.9333    116.000  1023.6385  48254.990    30.5309     13.439    6.60069     9.2896     9.2909    23.5767   11.92459 1.1246e+01     13.567 0.0000e+00
        466 292.686496    0.03229     1.9375    116.250  1023.6390  48254.948    30.5308     13.578    6.60069     9.2895     9.2910    23.5767   11.92458 1.1088e+01     13.707 0.0000e+00
        467 292.686499    0.03236     1.9417    116.500  1023.6395  48254.916    30.5308     13.691    6.60070     9.2894     9.2910    23.5766   11.92459 1.0970e+01     13.821 0.0000e+00
        468 292.686502    0.03243     1.9458    116.750  1023.6398  48254.911    30.5307     13.776    6.60071     9.2894     9.2909    23.5766   11.92460 1.0885e+01     13.906 0.0000e+00
        469 292.686505    0.03250     1.9500    117.000  1023.6401  48254.920    30.5307     13.836    6.60072     9.2893     9.2909    23.5766   11.92462 1.0827e+01     13.966 0.0000e+00
        470 292.686508    0.03257     1.9542    117.250  1023.6403  48254.905    30.5306     13.875    6.60072     9.2893     9.2908    23.5766   11.92464 1.0789e+01     14.006 0.0000e+00
        471 292.686510    0.03264     1.9583    117.500  1023.6404  48254.856    30.5306     13.900    6.60073     9.2893     9.2908    23.5765   11.92464 1.0771e+01     14.031 0.0000e+00
        472 292.686513    0.03271     1.9625    117.750  1023.6404  48254.765    30.5306     13.908    6.60074     9.2893     9.2908    23.5765   11.92465 1.0785e+01     14.040 0.0000e+00
        473 292.686516    0.03278     1.9667    118.000  1023.6402  48254.664    30.5305     13.891    6.60074     9.2892     9.2907    23.5764   11.92467 1.0843e+01     14.023 0.0000e+00
        474 292.686519    0.03285     1.9708    118.250  1023.6400  48254.594    30.5305     13.841    6.60075     9.2892     9.2907    23.5764   11.92468 1.0941e+01     13.973 0.0000e+00
        475 292.686522    0.03292     1.9750    118.500  1023.6396  48254.531    30.5304     13.763    6.60076     9.2891     9.2906    23.5764   11.92469 1.1060e+01     13.894 0.0000e+00
        476 292.686525    0.03299     1.9792    118.750  1023.6392  48254.495    30.5304     13.673    6.60077     9.2891     9.2906    23.5764   11.92471 1.1170e+01     13.802 0.0000e+00
        477 292.686528    0.03306     1.9833    119.000  1023.6389  48254.523    30.5305     13.593    6.60078     9.2891     9.2905    23.5764   11.92472 1.1238e+01     13.722 0.0000e+00
        478 292.686531    0.03313     1.9875    119.250  1023.6387  48254.593    30.5305     13.546    6.60078     9.2891     9.2905    23.5765   11.92472 1.1245e+01     13.674 0.0000e+00
        479 292.686534    0.03319     1.9917    119.500  1023.6388  48254.706    30.5306     13.541    6.60077     9.2892     9.2905    23.5765   11.92471 1.1196e+01     13.669 0.0000e+00
        480 292.686536    0.03326     1.9958    119.750  1023.6390  48254.835    30.5307     13.576    6.60076     9.2893     9.2905    23.5766   11.92470 1.1108e+01     13.704 0.0000e+00
        481 292.686539    0.03333     2.0000    120.000  1023.6393  48254.951    30.5308     13.639    6.60075     9.2894     9.2906    23.5767   11.92467 1.1004e+01     13.768 0.0000e+00
        482 292.686542    0.03340     2.0042    120.250  1023.6397  48255.036    30.5308     13.716    6.60073     9.2895     9.2908    23.5767   11.92464 1.0900e+01     13.846 0.0000e+00
        483 292.686545    0.03347     2.0083    120.500  1023.6400  48255.041    30.5308     13.794    6.60072     9.2895     9.2909    23.5766   11.92462 1.0805e+01     13.925 0.0000e+00
        484 292.686548    0.03354     2.0125    120.750  1023.6403  48255.003    30.5307     13.864    6.60071     9.2895     9.2909    23.5766   11.92461 1.0724e+01     13.996 0.0000e+00
        485 292.686551    0.03361     2.0167    121.000  1023.6405  48254.990    30.5307     13.917    6.60070 -9.990e-29     9.2910    23.5765   11.92460 1.0666e+01     14.049 0.0000e+00
        486 292.686554    0.03368     2.0208    121.250  1023.6406  48254.994    30.5307     13.938    6.60070 -9.990e-29     9.2910    23.5765   11.92460 1.0645e+01     14.070 0.0000e+00
