CTD-processing/allCTD/CNV--homogene/2015_04-13_t7_s17_cast068.cnv
* Sea-Bird SBE19plus Data File:
* FileName = C:\Users\kris.holderied\Documents\kasitsna\Research-Projects-and-Data\Oceanography-AK\CTD-Data-ALL-to-2015-04\2015-CTD-KachemakBay-CookInlet\2015-04-EVOSTC-CookInlet-quarterly\2015-04-13-CookInlet-Tran7-Augustine\2015_04_13_CookInlet_Tran7_cast068.hex
* Software Version 1.59
* Temperature SN =  5028
* Conductivity SN =  5028
* System UpLoad Time = Apr 28 2015 15:25:33
** Cook Inlet LTM Tran7 (Augustine) West to East
** Date: 04-13
** Station: 7-17
** Start time (AKDT): 06:11
** Depth (m): 87
** Comment:  KBL CTD.
** Comment: On R/V Pandalus.
# nquan = 17
# nvalues = 856                         
# units = specified
# name 0 = scan: Scan Count
# name 1 = timeJ: Julian Days
# name 2 = timeH: Time, Elapsed [hours]
# name 3 = timeM: Time, Elapsed [minutes]
# name 4 = timeS: Time, Elapsed [seconds]
# name 5 = density00: Density [density, kg/m^3]
# name 6 = specc: Specific Conductance [uS/cm]
# name 7 = sal00: Salinity, Practical [PSU]
# name 8 = depSM: Depth [salt water, m], lat = 59.00
# name 9 = oxsolML/L: Oxygen Saturation, Garcia & Gordon [ml/l]
# name 10 = potemp090C: Potential Temperature [ITS-90, deg C]
# name 11 = tv290C: Temperature [ITS-90, deg C]
# name 12 = sigma-é00: Density [sigma-theta, kg/m^3]
# name 13 = n2satML/L: Nitrogen Saturation [ml/l]
# name 14 = par: PAR/Irradiance, Biospherical/Licor
# name 15 = prdM: Pressure, Strain Gauge [db]
# name 16 = flag:  0.000e+00
# span 0 =          1,        856       
# span 1 = 103.257928, 103.260402       
# span 2 =    0.00000,    0.05937       
# span 3 =     0.0000,     3.5625       
# span 4 =      0.000,    213.750       
# span 5 =  1000.0749,  1025.4092       
# span 6 =    366.110,  50871.739       
# span 7 =     0.1645,    31.7297       
# span 8 =     -0.118,     87.476       
# span 9 =    7.10980,    9.67833       
# span 10 =     1.9530,     5.6984      
# span 11 =     1.9530,     5.7052      
# span 12 =     0.0755,    25.0094      
# span 13 =   12.75182,   17.49658      
# span 14 = 3.7976e-02, 5.0008e-01      
# span 15 =     -0.119,     88.321      
# span 16 = 0.0000e+00, 0.0000e+00      
# interval = seconds: 0.25
# start_time = Apr 13 2015 06:11:25 [Instrument's time stamp, header]
# bad_flag = -9.990e-29
*END*
[from data line 256]
        257 103.258669    0.01778     1.0667     64.000  1024.8178  50478.213    31.4678      1.135    7.14429     5.5799     5.5728    24.8125   12.81208 4.8779e-02      1.146 0.0000e+00
        258 103.258672    0.01785     1.0708     64.250  1024.7663  50383.114    31.4039      1.146    7.14600     5.5699     5.5807    24.7610   12.81572 5.5972e-02      1.156 0.0000e+00
        259 103.258675    0.01792     1.0750     64.500  1024.7319  50320.005    31.3602      1.141    7.14821     5.5532     5.5800    24.7266   12.81993 6.5139e-02      1.151 0.0000e+00
        260 103.258678    0.01799     1.0792     64.750  1024.7228  50304.202    31.3473      1.123    7.15051     5.5359     5.5700    24.7175   12.82388 7.2092e-02      1.133 0.0000e+00
        261 103.258681    0.01806     1.0833     65.000  1024.7397  50336.910    31.3665      1.096    7.15243     5.5244     5.5533    24.7346   12.82681 7.3539e-02      1.106 0.0000e+00
        262 103.258683    0.01812     1.0875     65.250  1024.7738  50401.323    31.4074      1.063    7.15341     5.5212     5.5360    24.7689   12.82791 6.8760e-02      1.073 0.0000e+00
        263 103.258686    0.01819     1.0917     65.500  1024.8119  50472.407    31.4541      1.031    7.15314     5.5250     5.5245    24.8071   12.82685 6.0000e-02      1.041 0.0000e+00
        264 103.258689    0.01826     1.0958     65.750  1024.8436  50531.082    31.4939      1.002    7.15180     5.5335     5.5213    24.8389   12.82413 5.1769e-02      1.012 0.0000e+00
        265 103.258692    0.01833     1.1000     66.000  1024.8644  50569.084    31.5209      0.980    7.14986     5.5443     5.5251    24.8598   12.82059 4.6281e-02      0.989 0.0000e+00
        266 103.258695    0.01840     1.1042     66.250  1024.8740  50586.079    31.5343      0.965    7.14778     5.5558     5.5335    24.8695   12.81699 4.2964e-02      0.974 0.0000e+00
        267 103.258698    0.01847     1.1083     66.500  1024.8744  50585.844    31.5363      0.958    7.14584     5.5664     5.5444    24.8699   12.81376 4.0978e-02      0.967 0.0000e+00
        268 103.258701    0.01854     1.1125     66.750  1024.8676  50572.355    31.5294      0.959    7.14423     5.5747     5.5559    24.8630   12.81119 3.9793e-02      0.967 0.0000e+00
        269 103.258704    0.01861     1.1167     67.000  1024.8554  50549.131    31.5155      0.965    7.14311     5.5801     5.5664    24.8509   12.80951 3.9092e-02      0.974 0.0000e+00
        270 103.258707    0.01868     1.1208     67.250  1024.8404  50520.821    31.4977      0.976    7.14254     5.5828     5.5748    24.8358   12.80880 3.8688e-02      0.985 0.0000e+00
        271 103.258709    0.01875     1.1250     67.500  1024.8258  50493.543    31.4799      0.990    7.14247     5.5836     5.5802    24.8212   12.80891 3.8474e-02      1.000 0.0000e+00
        272 103.258712    0.01882     1.1292     67.750  1024.8143  50472.006    31.4656      1.007    7.14270     5.5837     5.5829    24.8096   12.80946 3.8393e-02      1.017 0.0000e+00
        273 103.258715    0.01889     1.1333     68.000  1024.8060  50456.551    31.4552      1.025    7.14305     5.5838     5.5837    24.8012   12.81018 3.8424e-02      1.035 0.0000e+00
        274 103.258718    0.01896     1.1375     68.250  1024.7991  50443.773    31.4464      1.043    7.14345     5.5838     5.5838    24.7943   12.81096 3.8573e-02      1.053 0.0000e+00
        275 103.258721    0.01903     1.1417     68.500  1024.7912  50429.115    31.4363      1.061    7.14393     5.5837     5.5838    24.7863   12.81188 3.8882e-02      1.071 0.0000e+00
        276 103.258724    0.01910     1.1458     68.750  1024.7807  50409.692    31.4229      1.079    7.14456     5.5832     5.5839    24.7757   12.81309 3.9433e-02      1.089 0.0000e+00
        277 103.258727    0.01917     1.1500     69.000  1024.7679  50386.175    31.4066      1.094    7.14535     5.5824     5.5838    24.7628   12.81461 4.0373e-02      1.104 0.0000e+00
        278 103.258730    0.01924     1.1542     69.250  1024.7551  50362.560    31.3902      1.104    7.14621     5.5812     5.5833    24.7499   12.81624 4.1951e-02      1.115 0.0000e+00
        279 103.258733    0.01931     1.1583     69.500  1024.7448  50343.686    31.3770      1.109    7.14698     5.5796     5.5824    24.7396   12.81768 4.4589e-02      1.119 0.0000e+00
        280 103.258736    0.01938     1.1625     69.750  1024.7390  50333.135    31.3695      1.107    7.14754     5.5775     5.5813    24.7338   12.81870 4.8991e-02      1.117 0.0000e+00
        281 103.258738    0.01944     1.1667     70.000  1024.7391  50333.636    31.3696      1.099    7.14781     5.5754     5.5796    24.7340   12.81915 5.6330e-02      1.109 0.0000e+00
        282 103.258741    0.01951     1.1708     70.250  1024.7458  50346.072    31.3777      1.085    7.14777     5.5739     5.5776    24.7407   12.81898 6.7857e-02      1.095 0.0000e+00
        283 103.258744    0.01958     1.1750     70.500  1024.7573  50367.563    31.3921      1.069    7.14744     5.5733     5.5755    24.7523   12.81825 8.1730e-02      1.079 0.0000e+00
        284 103.258747    0.01965     1.1792     70.750  1024.7709  50392.706    31.4092      1.053    7.14689     5.5737     5.5740    24.7659   12.81712 9.2891e-02      1.062 0.0000e+00
        285 103.258750    0.01972     1.1833     71.000  1024.7834  50415.802    31.4250      1.038    7.14623     5.5748     5.5734    24.7785   12.81583 9.8050e-02      1.048 0.0000e+00
        286 103.258753    0.01979     1.1875     71.250  1024.7933  50434.030    31.4376      1.027    7.14556     5.5767     5.5738    24.7885   12.81456 9.6600e-02      1.036 0.0000e+00
        287 103.258756    0.01986     1.1917     71.500  1024.8034  50452.616    31.4507      1.018    7.14475     5.5802     5.5749    24.7987   12.81306 8.9266e-02      1.028 0.0000e+00
        288 103.258759    0.01993     1.1958     71.750  1024.8221  50486.736    31.4746      1.013    7.14329     5.5868     5.5768    24.8174   12.81034 7.7670e-02      1.023 0.0000e+00
        289 103.258762    0.02000     1.2000     72.000  1024.8601  50556.175    31.5232      1.012    7.14040     5.5977     5.5803    24.8554   12.80495 6.4831e-02      1.021 0.0000e+00
        290 103.258764    0.02007     1.2042     72.250  1024.9137  50653.791    31.5919      1.014    7.13602     5.6116     5.5869    24.9089   12.79683 5.4531e-02      1.023 0.0000e+00
        291 103.258767    0.02014     1.2083     72.500  1024.9600  50737.816    31.6520      1.019    7.13132     5.6252     5.5978    24.9552   12.78830 4.7944e-02      1.029 0.0000e+00
        292 103.258770    0.02021     1.2125     72.750  1024.9866  50785.338    31.6876      1.028    7.12730     5.6365     5.6116    24.9818   12.78120 4.3979e-02      1.038 0.0000e+00
        293 103.258773    0.02028     1.2167     73.000  1024.9987  50806.473    31.7050      1.039    7.12417     5.6449     5.6252    24.9939   12.77581 4.1615e-02      1.049 0.0000e+00
        294 103.258776    0.02035     1.2208     73.250  1025.0037  50814.501    31.7128      1.050    7.12190     5.6506     5.6365    24.9988   12.77195 4.0221e-02      1.060 0.0000e+00
        295 103.258779    0.02042     1.2250     73.500  1025.0053  50816.771    31.7160      1.058    7.12033     5.6541     5.6449    25.0004   12.76933 3.9426e-02      1.068 0.0000e+00
        296 103.258782    0.02049     1.2292     73.750  1025.0056  50816.813    31.7172      1.061    7.11932     5.6561     5.6506    25.0006   12.76764 3.9018e-02      1.071 0.0000e+00
        297 103.258785    0.02056     1.2333     74.000  1025.0054  50816.196    31.7175      1.057    7.11870     5.6569     5.6542    25.0005   12.76661 3.8888e-02      1.067 0.0000e+00
        298 103.258788    0.02063     1.2375     74.250  1025.0051  50815.486    31.7175      1.046    7.11837     5.6570     5.6562    25.0002   12.76607 3.9000e-02      1.056 0.0000e+00
        299 103.258791    0.02069     1.2417     74.500  1025.0049  50815.171    31.7174      1.030    7.11823     5.6568     5.6570    25.0001   12.76585 3.9386e-02      1.040 0.0000e+00
        300 103.258793    0.02076     1.2458     74.750  1025.0051  50815.750    31.7178      1.012    7.11820     5.6566     5.6571    25.0004   12.76579 4.0148e-02      1.021 0.0000e+00
        301 103.258796    0.02083     1.2500     75.000  1025.0059  50817.190    31.7188      0.996    7.11820     5.6569     5.6569    25.0012   12.76576 4.1490e-02      1.005 0.0000e+00
        302 103.258799    0.02090     1.2542     75.250  1025.0068  50819.027    31.7200      0.987    7.11816     5.6576     5.6567    25.0022   12.76568 4.3769e-02      0.996 0.0000e+00
        303 103.258802    0.02097     1.2583     75.500  1025.0077  50820.543    31.7211      0.988    7.11806     5.6585     5.6570    25.0030   12.76552 4.7510e-02      0.997 0.0000e+00
        304 103.258805    0.02104     1.2625     75.750  1025.0081  50821.225    31.7217      0.999    7.11792     5.6594     5.6577    25.0034   12.76528 5.2170e-02      1.008 0.0000e+00
        305 103.258808    0.02111     1.2667     76.000  1025.0081  50821.064    31.7218      1.015    7.11777     5.6602     5.6586    25.0033   12.76501 5.4316e-02      1.024 0.0000e+00
        306 103.258811    0.02118     1.2708     76.250  1025.0079  50820.462    31.7216      1.032    7.11762     5.6608     5.6595    25.0031   12.76477 5.1675e-02      1.042 0.0000e+00
        307 103.258814    0.02125     1.2750     76.500  1025.0076  50819.809    31.7213      1.048    7.11750     5.6610     5.6603    25.0028   12.76458 4.7079e-02      1.058 0.0000e+00
        308 103.258817    0.02132     1.2792     76.750  1025.0072  50818.822    31.7207      1.061    7.11743     5.6607     5.6609    25.0022   12.76448 4.3546e-02      1.071 0.0000e+00
        309 103.258819    0.02139     1.2833     77.000  1025.0065  50817.473    31.7198      1.069    7.11744     5.6599     5.6611    25.0015   12.76450 4.1351e-02      1.079 0.0000e+00
        310 103.258822    0.02146     1.2875     77.250  1025.0060  50816.546    31.7191      1.074    7.11753     5.6588     5.6607    25.0010   12.76465 4.0046e-02      1.084 0.0000e+00
        311 103.258825    0.02153     1.2917     77.500  1025.0059  50816.350    31.7188      1.075    7.11767     5.6577     5.6599    25.0008   12.76490 3.9262e-02      1.085 0.0000e+00
        312 103.258828    0.02160     1.2958     77.750  1025.0060  50816.680    31.7188      1.073    7.11785     5.6567     5.6589    25.0009   12.76519 3.8775e-02      1.084 0.0000e+00
        313 103.258831    0.02167     1.3000     78.000  1025.0064  50817.544    31.7192      1.069    7.11802     5.6560     5.6578    25.0014   12.76547 3.8479e-02      1.079 0.0000e+00
        314 103.258834    0.02174     1.3042     78.250  1025.0070  50818.747    31.7198      1.061    7.11816     5.6555     5.6568    25.0020   12.76569 3.8317e-02      1.071 0.0000e+00
        315 103.258837    0.02181     1.3083     78.500  1025.0074  50819.706    31.7204      1.051    7.11826     5.6551     5.6561    25.0025   12.76584 3.8242e-02      1.061 0.0000e+00
        316 103.258840    0.02187     1.3125     78.750  1025.0076  50820.171    31.7206      1.038    7.11833     5.6547     5.6556    25.0027   12.76595 3.8235e-02      1.048 0.0000e+00
        317 103.258843    0.02194     1.3167     79.000  1025.0076  50820.306    31.7206      1.024    7.11839     5.6542     5.6552    25.0028   12.76606 3.8282e-02      1.034 0.0000e+00
        318 103.258845    0.02201     1.3208     79.250  1025.0075  50820.380    31.7206      1.012    7.11846     5.6538     5.6548    25.0028   12.76617 3.8347e-02      1.021 0.0000e+00
        319 103.258848    0.02208     1.3250     79.500  1025.0077  50820.721    31.7207      1.002    7.11853     5.6535     5.6543    25.0030   12.76629 3.8397e-02      1.011 0.0000e+00
        320 103.258851    0.02215     1.3292     79.750  1025.0080  50821.400    31.7211      0.996    7.11859     5.6535     5.6539    25.0033   12.76638 3.8425e-02      1.006 0.0000e+00
        321 103.258854    0.02222     1.3333     80.000  1025.0085  50822.285    31.7216      0.995    7.11861     5.6538     5.6536    25.0038   12.76641 3.8436e-02      1.005 0.0000e+00
        322 103.258857    0.02229     1.3375     80.250  1025.0090  50823.191    31.7223      1.000    7.11858     5.6544     5.6536    25.0043   12.76636 3.8431e-02      1.009 0.0000e+00
        323 103.258860    0.02236     1.3417     80.500  1025.0094  50823.868    31.7228      1.008    7.11851     5.6553     5.6539    25.0046   12.76622 3.8404e-02      1.017 0.0000e+00
        324 103.258863    0.02243     1.3458     80.750  1025.0096  50824.139    31.7231      1.017    7.11839     5.6561     5.6545    25.0048   12.76602 3.8377e-02      1.026 0.0000e+00
        325 103.258866    0.02250     1.3500     81.000  1025.0095  50823.894    31.7231      1.026    7.11825     5.6568     5.6553    25.0047   12.76579 3.8396e-02      1.035 0.0000e+00
        326 103.258869    0.02257     1.3542     81.250  1025.0092  50823.229    31.7228      1.032    7.11812     5.6572     5.6562    25.0044   12.76558 3.8482e-02      1.042 0.0000e+00
        327 103.258872    0.02264     1.3583     81.500  1025.0088  50822.441    31.7224      1.036    7.11802     5.6573     5.6569    25.0040   12.76543 3.8669e-02      1.046 0.0000e+00
        328 103.258874    0.02271     1.3625     81.750  1025.0085  50821.800    31.7220      1.039    7.11797     5.6573     5.6573    25.0037   12.76535 3.9033e-02      1.049 0.0000e+00
        329 103.258877    0.02278     1.3667     82.000  1025.0085  50821.655    31.7220      1.041    7.11795     5.6573     5.6574    25.0036   12.76532 3.9675e-02      1.052 0.0000e+00
        330 103.258880    0.02285     1.3708     82.250  1025.0088  50822.274    31.7224      1.046    7.11794     5.6578     5.6573    25.0039   12.76529 4.0722e-02      1.056 0.0000e+00
        331 103.258883    0.02292     1.3750     82.500  1025.0096  50823.577    31.7233      1.054    7.11789     5.6587     5.6574    25.0046   12.76520 4.2350e-02      1.064 0.0000e+00
        332 103.258886    0.02299     1.3792     82.750  1025.0105  50825.095    31.7244      1.066    7.11776     5.6600     5.6578    25.0055   12.76498 4.4532e-02      1.076 0.0000e+00
        333 103.258889    0.02306     1.3833     83.000  1025.0111  50825.968    31.7252      1.078    7.11757     5.6613     5.6587    25.0060   12.76465 4.6501e-02      1.089 0.0000e+00
        334 103.258892    0.02313     1.3875     83.250  1025.0108  50825.346    31.7250      1.089    7.11735     5.6620     5.6600    25.0057   12.76429 4.7238e-02      1.099 0.0000e+00
        335 103.258895    0.02319     1.3917     83.500  1025.0095  50822.837    31.7236      1.092    7.11720     5.6615     5.6614    25.0044   12.76406 4.6406e-02      1.102 0.0000e+00
        336 103.258898    0.02326     1.3958     83.750  1025.0075  50819.015    31.7211      1.084    7.11720     5.6598     5.6621    25.0024   12.76410 4.4466e-02      1.094 0.0000e+00
        337 103.258900    0.02333     1.4000     84.000  1025.0055  50815.636    31.7187      1.065    7.11740     5.6573     5.6616    25.0005   12.76446 4.2380e-02      1.074 0.0000e+00
        338 103.258903    0.02340     1.4042     84.250  1025.0046  50814.350    31.7174      1.036    7.11775     5.6549     5.6599    24.9998   12.76505 4.0831e-02      1.045 0.0000e+00
        339 103.258906    0.02347     1.4083     84.500  1025.0050  50815.580    31.7178      1.003    7.11815     5.6532     5.6574    25.0003   12.76569 3.9919e-02      1.012 0.0000e+00
        340 103.258909    0.02354     1.4125     84.750  1025.0064  50818.499    31.7193      0.973    7.11848     5.6524     5.6550    25.0018   12.76622 3.9516e-02      0.982 0.0000e+00
