CTD-processing/allCTD/CNV--homogene/2015_09-24_t4_s09_cast197.cnv
* Sea-Bird SBE19plus Data File:
* FileName = C:\Users\Kris.Holderied\Documents\kasitsna\Research-KBL\Oceanography-AK\CTD-Data-ALL-to-2015-06\2015-CTD-KachemakBay-CookInlet\2015-09-24-CookInlet-Tran4-special\2015-09-24-CookInlet-Tran4-cast197.hex
* Software Version 1.59
* Temperature SN =  5028
* Conductivity SN =  5028
* System UpLoad Time = Oct 19 2015 12:41:26
** Cook Inlet LTM Transect 4 Homer Spit special

** Date: 09-24
** Station: 4-09
** Start time (AKDT): 15:11
** Depth (m): 26.8
** Comment:  R/V Edgecumbe
** Comment:
# nquan = 17
# nvalues = 474                         
# units = specified
# name 0 = scan: Scan Count
# name 1 = timeJ: Julian Days
# name 2 = timeH: Time, Elapsed [hours]
# name 3 = timeM: Time, Elapsed [minutes]
# name 4 = timeS: Time, Elapsed [seconds]
# name 5 = density00: Density [density, kg/m^3]
# name 6 = specc: Specific Conductance [uS/cm]
# name 7 = sal00: Salinity, Practical [PSU]
# name 8 = depSM: Depth [salt water, m], lat = 59.00
# name 9 = oxsolML/L: Oxygen Saturation, Garcia & Gordon [ml/l]
# name 10 = potemp090C: Potential Temperature [ITS-90, deg C]
# name 11 = tv290C: Temperature [ITS-90, deg C]
# name 12 = sigma-é00: Density [sigma-theta, kg/m^3]
# name 13 = n2satML/L: Nitrogen Saturation [ml/l]
# name 14 = par: PAR/Irradiance, Biospherical/Licor
# name 15 = prdM: Pressure, Strain Gauge [db]
# name 16 = flag:  0.000e+00
# span 0 =          1,        474       
# span 1 = 267.632894, 267.634262       
# span 2 =    0.00000,    0.03285       
# span 3 =     0.0000,     1.9708       
# span 4 =      0.000,    118.250       
# span 5 =   999.9229,  1023.7512       
# span 6 =    256.857,  48491.773       
# span 7 =     0.1192,    30.8260       
# span 8 =     -0.104,     24.783       
# span 9 =    6.43175,    8.21266       
# span 10 =     8.3053,    10.4581      
# span 11 =     8.3052,    10.4596      
# span 12 =    -0.0766,    23.6379      
# span 13 =   11.64315,   15.03567      
# span 14 = 2.9644e+00, 2.4764e+02      
# span 15 =     -0.105,     25.019      
# span 16 = 0.0000e+00, 0.0000e+00      
# interval = seconds: 0.25
# start_time = Sep 24 2015 15:11:22 [Instrument's time stamp, header]
# bad_flag = -9.990e-29
*END*
[from data line 426]
        427 267.634126    0.02958     1.7750    106.500  1023.5399  48193.801    30.6309     15.197    6.43189    10.4289    10.4411    23.4705   11.64366 1.3011e+01     15.341 0.0000e+00
        428 267.634129    0.02965     1.7792    106.750  1023.5554  48219.287    30.6481     15.448    6.43193    10.4242    10.4358    23.4848   11.64352 1.2561e+01     15.594 0.0000e+00
        429 267.634132    0.02972     1.7833    107.000  1023.5708  48244.863    30.6654     15.695    6.43193    10.4193    10.4307    23.4991   11.64331 1.2137e+01     15.843 0.0000e+00
        430 267.634135    0.02979     1.7875    107.250  1023.5849  48267.912    30.6810     15.941    6.43195    10.4141    10.4260    23.5120   11.64316 1.1723e+01     16.091 0.0000e+00
        431 267.634138    0.02986     1.7917    107.500  1023.5977  48288.707    30.6950     16.188    6.43204    10.4086    10.4212    23.5237   11.64315 1.1312e+01     16.341 0.0000e+00
        432 267.634141    0.02993     1.7958    107.750  1023.6104  48309.227    30.7088     16.439    6.43220    10.4029    10.4160    23.5353   11.64325 1.0897e+01     16.594 0.0000e+00
        433 267.634144    0.03000     1.8000    108.000  1023.6236  48330.581    30.7231     16.693    6.43238    10.3970    10.4106    23.5473   11.64338 1.0479e+01     16.851 0.0000e+00
        434 267.634146    0.03007     1.8042    108.250  1023.6375  48353.101    30.7382     16.948    6.43255    10.3903    10.4049    23.5600   11.64347 1.0066e+01     17.108 0.0000e+00
        435 267.634149    0.03014     1.8083    108.500  1023.6518  48376.389    30.7538     17.201    6.43274    10.3832    10.3990    23.5732   11.64360 9.6622e+00     17.364 0.0000e+00
        436 267.634152    0.03021     1.8125    108.750  1023.6656  48398.664    30.7686     17.453    6.43305    10.3761    10.3924    23.5859   11.64395 9.2700e+00     17.618 0.0000e+00
        437 267.634155    0.03028     1.8167    109.000  1023.6779  48418.172    30.7814     17.703    6.43352    10.3699    10.3852    23.5970   11.64458 8.8923e+00     17.871 0.0000e+00
        438 267.634158    0.03035     1.8208    109.250  1023.6884  48434.359    30.7919     17.951    6.43407    10.3648    10.3782    23.6064   11.64537 8.5337e+00     18.121 0.0000e+00
        439 267.634161    0.03042     1.8250    109.500  1023.6969  48447.226    30.8001     18.195    6.43461    10.3608    10.3720    23.6138   11.64615 8.2033e+00     18.368 0.0000e+00
        440 267.634164    0.03049     1.8292    109.750  1023.7037  48456.989    30.8063     18.429    6.43507    10.3577    10.3669    23.6195   11.64684 7.9105e+00     18.604 0.0000e+00
        441 267.634167    0.03056     1.8333    110.000  1023.7088  48464.129    30.8108     18.644    6.43544    10.3554    10.3629    23.6236   11.64740 7.6652e+00     18.820 0.0000e+00
        442 267.634170    0.03062     1.8375    110.250  1023.7126  48469.247    30.8139     18.828    6.43574    10.3537    10.3599    23.6266   11.64785 7.4810e+00     19.006 0.0000e+00
        443 267.634172    0.03069     1.8417    110.500  1023.7154  48472.872    30.8162     18.968    6.43597    10.3525    10.3576    23.6287   11.64821 7.3685e+00     19.147 0.0000e+00
        444 267.634175    0.03076     1.8458    110.750  1023.7173  48475.344    30.8177     19.058    6.43614    10.3516    10.3559    23.6302   11.64848 7.3190e+00     19.238 0.0000e+00
        445 267.634178    0.03083     1.8500    111.000  1023.7184  48476.918    30.8186     19.107    6.43627    10.3511    10.3547    23.6311   11.64869 7.3003e+00     19.288 0.0000e+00
        446 267.634181    0.03090     1.8542    111.250  1023.7192  48477.968    30.8193     19.142    6.43637    10.3508    10.3538    23.6317   11.64884 7.2726e+00     19.324 0.0000e+00
        447 267.634184    0.03097     1.8583    111.500  1023.7200  48478.926    30.8199     19.194    6.43642    10.3506    10.3533    23.6322   11.64891 7.2073e+00     19.375 0.0000e+00
        448 267.634187    0.03104     1.8625    111.750  1023.7209  48479.957    30.8205     19.282    6.43643    10.3504    10.3530    23.6328   11.64893 7.0932e+00     19.465 0.0000e+00
        449 267.634190    0.03111     1.8667    112.000  1023.7221  48480.943    30.8211     19.416    6.43643    10.3501    10.3528    23.6333   11.64892 6.9323e+00     19.600 0.0000e+00
        450 267.634193    0.03118     1.8708    112.250  1023.7233  48481.831    30.8216     19.590    6.43643    10.3499    10.3526    23.6338   11.64892 6.7348e+00     19.776 0.0000e+00
        451 267.634196    0.03125     1.8750    112.500  1023.7246  48482.643    30.8221     19.796    6.43645    10.3496    10.3524    23.6342   11.64894 6.5125e+00     19.984 0.0000e+00
        452 267.634198    0.03132     1.8792    112.750  1023.7260  48483.368    30.8225     20.027    6.43647    10.3493    10.3521    23.6345   11.64897 6.2751e+00     20.216 0.0000e+00
        453 267.634201    0.03139     1.8833    113.000  1023.7275  48484.048    30.8228     20.274    6.43649    10.3490    10.3519    23.6348   11.64900 6.0303e+00     20.466 0.0000e+00
        454 267.634204    0.03146     1.8875    113.250  1023.7290  48484.754    30.8232     20.535    6.43651    10.3487    10.3517    23.6352   11.64903 5.7849e+00     20.729 0.0000e+00
        455 267.634207    0.03153     1.8917    113.500  1023.7306  48485.497    30.8235     20.804    6.43654    10.3484    10.3514    23.6355   11.64906 5.5440e+00     21.001 0.0000e+00
        456 267.634210    0.03160     1.8958    113.750  1023.7322  48486.230    30.8239     21.077    6.43656    10.3481    10.3511    23.6358   11.64910 5.3108e+00     21.277 0.0000e+00
        457 267.634213    0.03167     1.9000    114.000  1023.7337  48486.880    30.8242     21.348    6.43659    10.3479    10.3508    23.6361   11.64914 5.0885e+00     21.551 0.0000e+00
        458 267.634216    0.03174     1.9042    114.250  1023.7352  48487.432    30.8245     21.612    6.43661    10.3477    10.3505    23.6364   11.64917 4.8802e+00     21.817 0.0000e+00
        459 267.634219    0.03181     1.9083    114.500  1023.7365  48487.945    30.8247     21.865    6.43663    10.3475    10.3503    23.6366   11.64920 4.6870e+00     22.073 0.0000e+00
        460 267.634222    0.03188     1.9125    114.750  1023.7379  48488.442    30.8249     22.109    6.43664    10.3474    10.3502    23.6368   11.64923 4.5074e+00     22.319 0.0000e+00
        461 267.634225    0.03194     1.9167    115.000  1023.7391  48488.871    30.8251     22.347    6.43665    10.3473    10.3500    23.6370   11.64924 4.3376e+00     22.558 0.0000e+00
        462 267.634227    0.03201     1.9208    115.250  1023.7403  48489.225    30.8253     22.583    6.43665    10.3472    10.3500    23.6371   11.64925 4.1733e+00     22.797 0.0000e+00
        463 267.634230    0.03208     1.9250    115.500  1023.7416  48489.560    30.8254     22.823    6.43666    10.3471    10.3499    23.6372   11.64925 4.0127e+00     23.040 0.0000e+00
        464 267.634233    0.03215     1.9292    115.750  1023.7428  48489.893    30.8255     23.067    6.43666    10.3471    10.3498    23.6373   11.64925 3.8567e+00     23.287 0.0000e+00
        465 267.634236    0.03222     1.9333    116.000  1023.7440  48490.184    30.8256     23.312    6.43667    10.3470    10.3498    23.6374   11.64926 3.7074e+00     23.534 0.0000e+00
        466 267.634239    0.03229     1.9375    116.250  1023.7452  48490.429    30.8257     23.554    6.43668    10.3469    10.3497    23.6375   11.64927 3.5665e+00     23.777 0.0000e+00
        467 267.634242    0.03236     1.9417    116.500  1023.7463  48490.659    30.8257     23.788    6.43668    10.3467    10.3497    23.6376   11.64928 3.4353e+00     24.014 0.0000e+00
        468 267.634245    0.03243     1.9458    116.750  1023.7474  48490.885    30.8258     24.013    6.43669    10.3466    10.3496    23.6377   11.64930 3.3150e+00     24.241 0.0000e+00
        469 267.634248    0.03250     1.9500    117.000  1023.7484  48491.117    30.8258     24.226    6.43671    10.3464    10.3495    23.6377   11.64932 3.2074e+00     24.456 0.0000e+00
        470 267.634251    0.03257     1.9542    117.250  1023.7494  48491.333    30.8259     24.417    6.43672    10.3462    10.3493    23.6378   11.64934 3.1161e+00     24.649 0.0000e+00
        471 267.634253    0.03264     1.9583    117.500  1023.7502  48491.504    30.8259     24.576    6.43674    10.3460    10.3492    23.6378   11.64937 3.0457e+00     24.810 0.0000e+00
        472 267.634256    0.03271     1.9625    117.750  1023.7507  48491.633    30.8259     24.692    6.43677    10.3459    10.3490    23.6378   11.64942 2.9982e+00     24.927 0.0000e+00
        473 267.634259    0.03278     1.9667    118.000  1023.7511  48491.730    30.8260     24.761    6.43680 -9.990e-29    10.3488    23.6379   11.64947 2.9723e+00     24.996 0.0000e+00
        474 267.634262    0.03285     1.9708    118.250  1023.7512  48491.773    30.8260     24.783    6.43681 -9.990e-29    10.3487    23.6379   11.64949 2.9644e+00     25.019 0.0000e+00
