CTD-processing/allCTD/CNV--homogene/2015_02-12_t4_s08_cast190.cnv
* Sea-Bird SBE19plus Data File:
* FileName = C:\Users\kris.holderied\Documents\kasitsna\Research-Projects-and-Data\Oceanography-AK\CTD-Data-ALL-to-2014-10\2015-CTD-KachemakBay-CookInlet\2015-02-EVOSTC-CookInlet-quarterly\2015-02-12-CookInlet-Tran4-Barabara\2015-02-12-CookInlet-Tran4-cast190.hex
* Software Version 1.59
* Temperature SN =  4141
* Conductivity SN =  4141
* System UpLoad Time = Feb 12 2015 13:24:33
** Cook Inlet LTM Tran4 (Barabara) South to North
** Date: 02-12
** Station: 4-08
** Start time (AKST): 12:21
** Depth (m): 26
** Comment:
** Comment: Vessel is ADFG R/V Pandalus.
# nquan = 17
# nvalues = 483                         
# units = specified
# name 0 = scan: Scan Count
# name 1 = timeJ: Julian Days
# name 2 = timeH: Time, Elapsed [hours]
# name 3 = timeM: Time, Elapsed [minutes]
# name 4 = timeS: Time, Elapsed [seconds]
# name 5 = density00: Density [density, kg/m^3]
# name 6 = specc: Specific Conductance [uS/cm]
# name 7 = sal00: Salinity, Practical [PSU]
# name 8 = depSM: Depth [salt water, m], lat = 59.00
# name 9 = oxsolML/L: Oxygen Saturation, Garcia & Gordon [ml/l]
# name 10 = potemp090C: Potential Temperature [ITS-90, deg C]
# name 11 = tv290C: Temperature [ITS-90, deg C]
# name 12 = sigma-é00: Density [sigma-theta, kg/m^3]
# name 13 = n2satML/L: Nitrogen Saturation [ml/l]
# name 14 = par: PAR/Irradiance, Biospherical/Licor
# name 15 = prdM: Pressure, Strain Gauge [db]
# name 16 = flag:  0.000e+00
# span 0 =          1,        483       
# span 1 =  43.515081,  43.516476       
# span 2 =    0.00000,    0.03347       
# span 3 =     0.0000,     2.0083       
# span 4 =      0.000,    120.500       
# span 5 =  1000.1034,  1025.1466       
# span 6 =    351.275,  51268.305       
# span 7 =     0.1604,    31.5236       
# span 8 =     -0.161,     26.546       
# span 9 =    7.19137,    9.13912       
# span 10 =     3.0670,     5.2828      
# span 11 =     3.0685,     5.2836      
# span 12 =     0.1042,    25.0206      
# span 13 =   12.88925,   16.59322      
# span 14 = 3.6382e-02, 5.9209e+01      
# span 15 =     -0.163,     26.798      
# span 16 = 0.0000e+00, 0.0000e+00      
# interval = seconds: 0.25
# start_time = Feb 12 2015 12:21:43 [Instrument's time stamp, header]
# bad_flag = -9.990e-29
*END*
[from data line 171]
        172  43.515576    0.01188     0.7125     42.750  1024.7784  50443.883    31.3621      1.084    7.21742     5.1730     5.1743    24.7733   12.93423 7.8172e+00      1.095 0.0000e+00
        173  43.515579    0.01194     0.7167     43.000  1024.7824  50451.348    31.3670      1.073    7.21731     5.1735     5.1736    24.7774   12.93398 7.8789e+00      1.084 0.0000e+00
        174  43.515582    0.01201     0.7208     43.250  1024.7911  50467.508    31.3780      1.068    7.21687     5.1757     5.1730    24.7861   12.93312 7.8003e+00      1.078 0.0000e+00
        175  43.515584    0.01208     0.7250     43.500  1024.8033  50489.728    31.3934      1.072    7.21605     5.1795     5.1735    24.7982   12.93156 7.6444e+00      1.082 0.0000e+00
        176  43.515587    0.01215     0.7292     43.750  1024.8151  50511.058    31.4085      1.084    7.21494     5.1838     5.1757    24.8100   12.92953 7.6703e+00      1.094 0.0000e+00
        177  43.515590    0.01222     0.7333     44.000  1024.8225  50524.137    31.4183      1.100    7.21381     5.1876     5.1795    24.8173   12.92755 7.9032e+00      1.111 0.0000e+00
        178  43.515593    0.01229     0.7375     44.250  1024.8231  50524.790    31.4197      1.116    7.21300     5.1900     5.1839    24.8179   12.92618 8.1104e+00      1.126 0.0000e+00
        179  43.515596    0.01236     0.7417     44.500  1024.8167  50512.497    31.4120      1.124    7.21272     5.1912     5.1877    24.8114   12.92582 8.0299e+00      1.135 0.0000e+00
        180  43.515599    0.01243     0.7458     44.750  1024.8053  50491.324    31.3979      1.123    7.21297     5.1911     5.1901    24.8000   12.92642 7.7899e+00      1.133 0.0000e+00
        181  43.515602    0.01250     0.7500     45.000  1024.7932  50469.026    31.3829      1.112    7.21350     5.1895     5.1913    24.7880   12.92749 7.7591e+00      1.122 0.0000e+00
        182  43.515605    0.01257     0.7542     45.250  1024.7837  50451.832    31.3710      1.093    7.21409     5.1870     5.1912    24.7786   12.92862 7.9307e+00      1.103 0.0000e+00
        183  43.515608    0.01264     0.7583     45.500  1024.7787  50442.924    31.3646      1.071    7.21466     5.1845     5.1896    24.7737   12.92965 8.0871e+00      1.081 0.0000e+00
        184  43.515611    0.01271     0.7625     45.750  1024.7789  50443.644    31.3646      1.051    7.21510     5.1824     5.1871    24.7740   12.93036 8.1783e+00      1.060 0.0000e+00
        185  43.515613    0.01278     0.7667     46.000  1024.7838  50453.086    31.3705      1.035    7.21525     5.1809     5.1846    24.7790   12.93053 8.2059e+00      1.044 0.0000e+00
        186  43.515616    0.01285     0.7708     46.250  1024.7923  50468.989    31.3810      1.026    7.21510     5.1805     5.1825    24.7875   12.93015 8.0754e+00      1.035 0.0000e+00
        187  43.515619    0.01292     0.7750     46.500  1024.8029  50488.616    31.3942      1.024    7.21472     5.1816     5.1810    24.7981   12.92936 7.8308e+00      1.033 0.0000e+00
        188  43.515622    0.01299     0.7792     46.750  1024.8136  50508.310    31.4076      1.028    7.21415     5.1846     5.1805    24.8087   12.92825 7.6549e+00      1.037 0.0000e+00
        189  43.515625    0.01306     0.7833     47.000  1024.8222  50523.965    31.4186      1.038    7.21342     5.1887     5.1817    24.8173   12.92690 7.5433e+00      1.047 0.0000e+00
        190  43.515628    0.01313     0.7875     47.250  1024.8273  50532.953    31.4254      1.051    7.21259     5.1929     5.1846    24.8224   12.92544 7.4534e+00      1.061 0.0000e+00
        191  43.515631    0.01319     0.7917     47.500  1024.8286  50534.829    31.4276      1.066    7.21178     5.1964     5.1887    24.8236   12.92407 7.4492e+00      1.076 0.0000e+00
        192  43.515634    0.01326     0.7958     47.750  1024.8265  50530.369    31.4254      1.080    7.21116     5.1987     5.1930    24.8214   12.92307 7.4998e+00      1.090 0.0000e+00
        193  43.515637    0.01333     0.8000     48.000  1024.8217  50521.062    31.4197      1.090    7.21083     5.2000     5.1965    24.8166   12.92259 7.5392e+00      1.100 0.0000e+00
        194  43.515639    0.01340     0.8042     48.250  1024.8158  50509.862    31.4125      1.098    7.21077     5.2007     5.1988    24.8106   12.92260 7.5011e+00      1.108 0.0000e+00
        195  43.515642    0.01347     0.8083     48.500  1024.8111  50501.044    31.4067      1.104    7.21084     5.2015     5.2001    24.8059   12.92278 7.3200e+00      1.115 0.0000e+00
        196  43.515645    0.01354     0.8125     48.750  1024.8093  50497.634    31.4045      1.110    7.21082     5.2027     5.2008    24.8040   12.92277 7.2002e+00      1.121 0.0000e+00
        197  43.515648    0.01361     0.8167     49.000  1024.8102  50499.109    31.4057      1.117    7.21062     5.2042     5.2016    24.8049   12.92244 7.3838e+00      1.128 0.0000e+00
        198  43.515651    0.01368     0.8208     49.250  1024.8115  50501.461    31.4076      1.125    7.21033     5.2057     5.2027    24.8062   12.92194 7.6939e+00      1.136 0.0000e+00
        199  43.515654    0.01375     0.8250     49.500  1024.8108  50499.875    31.4068      1.131    7.21011     5.2068     5.2042    24.8055   12.92158 7.7471e+00      1.142 0.0000e+00
        200  43.515657    0.01382     0.8292     49.750  1024.8065  50491.828    31.4016      1.132    7.21010     5.2073     5.2058    24.8012   12.92164 7.5184e+00      1.143 0.0000e+00
        201  43.515660    0.01389     0.8333     50.000  1024.7993  50478.573    31.3927      1.126    7.21034     5.2073     5.2069    24.7940   12.92214 7.4470e+00      1.136 0.0000e+00
        202  43.515663    0.01396     0.8375     50.250  1024.7917  50464.649    31.3833      1.111    7.21071     5.2069     5.2073    24.7865   12.92288 7.8796e+00      1.121 0.0000e+00
        203  43.515666    0.01403     0.8417     50.500  1024.7861  50454.504    31.3763      1.089    7.21105     5.2060     5.2073    24.7810   12.92352 8.5526e+00      1.099 0.0000e+00
        204  43.515668    0.01410     0.8458     50.750  1024.7837  50450.371    31.3734      1.062    7.21125     5.2047     5.2070    24.7787   12.92390 8.8731e+00      1.072 0.0000e+00
        205  43.515671    0.01417     0.8500     51.000  1024.7854  50453.858    31.3756      1.034    7.21130     5.2033     5.2061    24.7805   12.92394 8.6495e+00      1.044 0.0000e+00
        206  43.515674    0.01424     0.8542     51.250  1024.7920  50466.340    31.3839      1.009    7.21114     5.2029     5.2047    24.7873   12.92357 8.2625e+00      1.018 0.0000e+00
        207  43.515677    0.01431     0.8583     51.500  1024.8033  50487.299    31.3981      0.991    7.21069     5.2038     5.2034    24.7986   12.92264 8.1359e+00      1.001 0.0000e+00
        208  43.515680    0.01438     0.8625     51.750  1024.8172  50512.902    31.4156      0.986    7.20992     5.2057     5.2030    24.8125   12.92115 8.1846e+00      0.995 0.0000e+00
        209  43.515683    0.01444     0.8667     52.000  1024.8303  50536.862    31.4322      0.995    7.20896     5.2082     5.2039    24.8256   12.91935 8.0768e+00      1.004 0.0000e+00
        210  43.515686    0.01451     0.8708     52.250  1024.8399  50554.191    31.4445      1.016    7.20803     5.2105     5.2058    24.8352   12.91766 7.7792e+00      1.025 0.0000e+00
        211  43.515689    0.01458     0.8750     52.500  1024.8451  50563.278    31.4512      1.045    7.20729     5.2125     5.2083    24.8402   12.91635 7.3978e+00      1.055 0.0000e+00
        212  43.515692    0.01465     0.8792     52.750  1024.8462  50564.692    31.4527      1.077    7.20682     5.2139     5.2106    24.8411   12.91555 7.0060e+00      1.087 0.0000e+00
        213  43.515694    0.01472     0.8833     53.000  1024.8435  50559.397    31.4495      1.105    7.20663     5.2145     5.2126    24.8384   12.91528 6.7904e+00      1.116 0.0000e+00
        214  43.515697    0.01479     0.8875     53.250  1024.8373  50547.707    31.4417      1.127    7.20676     5.2144     5.2140    24.8321   12.91560 6.9311e+00      1.137 0.0000e+00
        215  43.515700    0.01486     0.8917     53.500  1024.8277  50529.847    31.4296      1.138    7.20723     5.2136     5.2146    24.8224   12.91652 7.3409e+00      1.149 0.0000e+00
        216  43.515703    0.01493     0.8958     53.750  1024.8160  50508.267    31.4147      1.138    7.20796     5.2122     5.2145    24.8106   12.91793 7.7997e+00      1.149 0.0000e+00
        217  43.515706    0.01500     0.9000     54.000  1024.8046  50487.490    31.4003      1.127    7.20880     5.2099     5.2137    24.7993   12.91949 8.1691e+00      1.138 0.0000e+00
        218  43.515709    0.01507     0.9042     54.250  1024.7963  50472.683    31.3898      1.107    7.20955     5.2070     5.2123    24.7911   12.92087 8.3715e+00      1.117 0.0000e+00
        219  43.515712    0.01514     0.9083     54.500  1024.7946  50469.908    31.3875      1.082    7.21005     5.2041     5.2100    24.7895   12.92174 8.3656e+00      1.092 0.0000e+00
        220  43.515715    0.01521     0.9125     54.750  1024.8013  50482.751    31.3957      1.058    7.21017     5.2023     5.2071    24.7963   12.92182 8.2166e+00      1.068 0.0000e+00
        221  43.515718    0.01528     0.9167     55.000  1024.8149  50508.094    31.4125      1.041    7.20986     5.2023     5.2042    24.8100   12.92109 8.1785e+00      1.051 0.0000e+00
        222  43.515720    0.01535     0.9208     55.250  1024.8303  50536.677    31.4317      1.035    7.20924     5.2040     5.2024    24.8254   12.91982 8.3802e+00      1.045 0.0000e+00
        223  43.515723    0.01542     0.9250     55.500  1024.8423  50558.641    31.4468      1.039    7.20851     5.2068     5.2024    24.8374   12.91843 8.5030e+00      1.050 0.0000e+00
        224  43.515726    0.01549     0.9292     55.750  1024.8482  50569.333    31.4546      1.050    7.20784     5.2097     5.2041    24.8433   12.91722 8.2638e+00      1.060 0.0000e+00
        225  43.515729    0.01556     0.9333     56.000  1024.8481  50568.710    31.4547      1.062    7.20736     5.2122     5.2069    24.8431   12.91642 7.8580e+00      1.073 0.0000e+00
        226  43.515732    0.01563     0.9375     56.250  1024.8426  50558.250    31.4481      1.072    7.20717     5.2141     5.2098    24.8376   12.91619 7.5973e+00      1.083 0.0000e+00
        227  43.515735    0.01569     0.9417     56.500  1024.8333  50540.826    31.4367      1.079    7.20729     5.2156     5.2123    24.8282   12.91654 7.5193e+00      1.090 0.0000e+00
        228  43.515738    0.01576     0.9458     56.750  1024.8227  50521.292    31.4236      1.083    7.20759     5.2167     5.2142    24.8177   12.91720 7.5402e+00      1.094 0.0000e+00
        229  43.515741    0.01583     0.9500     57.000  1024.8134  50503.901    31.4120      1.086    7.20790     5.2175     5.2157    24.8083   12.91786 7.7010e+00      1.097 0.0000e+00
        230  43.515744    0.01590     0.9542     57.250  1024.8057  50489.690    31.4025      1.088    7.20817     5.2179     5.2168    24.8006   12.91843 7.9427e+00      1.098 0.0000e+00
        231  43.515747    0.01597     0.9583     57.500  1024.7992  50477.663    31.3944      1.087    7.20843     5.2180     5.2176    24.7941   12.91896 8.0499e+00      1.097 0.0000e+00
        232  43.515749    0.01604     0.9625     57.750  1024.7933  50466.698    31.3869      1.084    7.20871     5.2176     5.2180    24.7882   12.91952 7.9569e+00      1.094 0.0000e+00
        233  43.515752    0.01611     0.9667     58.000  1024.7875  50456.018    31.3796      1.076    7.20905     5.2165     5.2181    24.7824   12.92018 7.7966e+00      1.086 0.0000e+00
        234  43.515755    0.01618     0.9708     58.250  1024.7822  50446.563    31.3730      1.065    7.20944     5.2146     5.2177    24.7772   12.92090 7.7251e+00      1.075 0.0000e+00
        235  43.515758    0.01625     0.9750     58.500  1024.7796  50441.913    31.3696      1.053    7.20979     5.2121     5.2166    24.7747   12.92153 7.8488e+00      1.063 0.0000e+00
        236  43.515761    0.01632     0.9792     58.750  1024.7813  50445.397    31.3716      1.045    7.21002     5.2098     5.2147    24.7765   12.92189 8.1158e+00      1.055 0.0000e+00
        237  43.515764    0.01639     0.9833     59.000  1024.7878  50457.525    31.3794      1.042    7.21006     5.2084     5.2122    24.7829   12.92185 8.1215e+00      1.052 0.0000e+00
        238  43.515767    0.01646     0.9875     59.250  1024.7979  50476.240    31.3918      1.047    7.20986     5.2080     5.2099    24.7930   12.92136 7.6027e+00      1.057 0.0000e+00
        239  43.515770    0.01653     0.9917     59.500  1024.8097  50497.878    31.4063      1.060    7.20941     5.2087     5.2085    24.8047   12.92043 7.0023e+00      1.071 0.0000e+00
        240  43.515773    0.01660     0.9958     59.750  1024.8207  50518.042    31.4201      1.080    7.20881     5.2098     5.2081    24.8156   12.91926 6.8865e+00      1.091 0.0000e+00
        241  43.515775    0.01667     1.0000     60.000  1024.8286  50532.265    31.4300      1.104    7.20822     5.2107     5.2088    24.8233   12.91816 7.1341e+00      1.115 0.0000e+00
        242  43.515778    0.01674     1.0042     60.250  1024.8313  50537.000    31.4335      1.125    7.20786     5.2109     5.2099    24.8260   12.91751 7.3283e+00      1.136 0.0000e+00
        243  43.515781    0.01681     1.0083     60.500  1024.8279  50530.505    31.4292      1.139    7.20790     5.2099     5.2108    24.8225   12.91764 7.4426e+00      1.150 0.0000e+00
        244  43.515784    0.01688     1.0125     60.750  1024.8192  50514.455    31.4182      1.142    7.20840     5.2073     5.2110    24.8138   12.91860 7.5506e+00      1.153 0.0000e+00
        245  43.515787    0.01694     1.0167     61.000  1024.8082  50494.556    31.4043      1.133    7.20924     5.2026     5.2100    24.8029   12.92018 7.5476e+00      1.143 0.0000e+00
        246  43.515790    0.01701     1.0208     61.250  1024.7990  50477.977    31.3924      1.113    7.21027     5.1958     5.2074    24.7937   12.92202 7.5689e+00      1.123 0.0000e+00
        247  43.515793    0.01708     1.0250     61.500  1024.7947  50470.861    31.3865      1.087    7.21136     5.1879     5.2027    24.7896   12.92390 7.8926e+00      1.097 0.0000e+00
        248  43.515796    0.01715     1.0292     61.750  1024.7973  50476.609    31.3891      1.060    7.21241     5.1809     5.1959    24.7924   12.92560 8.2457e+00      1.070 0.0000e+00
        249  43.515799    0.01722     1.0333     62.000  1024.8066  50494.605    31.3998      1.039    7.21325     5.1763     5.1880    24.8017   12.92684 8.1401e+00      1.049 0.0000e+00
        250  43.515802    0.01729     1.0375     62.250  1024.8200  50520.153    31.4159      1.027    7.21368     5.1747     5.1810    24.8152   12.92736 7.7425e+00      1.036 0.0000e+00
        251  43.515804    0.01736     1.0417     62.500  1024.8340  50546.297    31.4329      1.025    7.21365     5.1756     5.1764    24.8292   12.92709 7.5745e+00      1.035 0.0000e+00
        252  43.515807    0.01743     1.0458     62.750  1024.8451  50566.833    31.4467      1.033    7.21327     5.1783     5.1747    24.8403   12.92628 7.6839e+00      1.043 0.0000e+00
        253  43.515810    0.01750     1.0500     63.000  1024.8513  50577.976    31.4545      1.047    7.21273     5.1820     5.1757    24.8464   12.92530 7.7149e+00      1.057 0.0000e+00
        254  43.515813    0.01757     1.0542     63.250  1024.8518  50578.501    31.4555      1.063    7.21222     5.1855     5.1784    24.8468   12.92444 7.4828e+00      1.073 0.0000e+00
        255  43.515816    0.01764     1.0583     63.500  1024.8471  50569.324    31.4499      1.076    7.21186     5.1883     5.1821    24.8421   12.92391 7.2079e+00      1.087 0.0000e+00
