CTD-processing/allCTD/CNV--homogene/2015_04-12_t3_s11_cast046.cnv
* Sea-Bird SBE19plus Data File:
* FileName = C:\Users\kris.holderied\Documents\kasitsna\Research-Projects-and-Data\Oceanography-AK\CTD-Data-ALL-to-2015-02\2015-CTD-KachemakBay-CookInlet\2015-04-EVOSTC-CookInlet-quarterly\2015-04-12-CookInlet-Tran3-AnchorPt\20125_04_12_CookInlet_Tran3_cast046.hex
* Software Version 1.59
* Temperature SN =  5028
* Conductivity SN =  5028
* System UpLoad Time = Apr 12 2015 19:50:04
** Cook Inlet LTM Tran3 (Anchor Pt) Southeast to Northwest
** Date: 04-12
** Station: 3-11
** Start time (AKDT): 16:07
** Depth (m): 35
** Comment:  KBL CTD.
** Comment: ~ 2m off of the bottom
** Comment: On R/V Pandalus.
# nquan = 17
# nvalues = 420                         
# units = specified
# name 0 = scan: Scan Count
# name 1 = timeJ: Julian Days
# name 2 = timeH: Time, Elapsed [hours]
# name 3 = timeM: Time, Elapsed [minutes]
# name 4 = timeS: Time, Elapsed [seconds]
# name 5 = density00: Density [density, kg/m^3]
# name 6 = specc: Specific Conductance [uS/cm]
# name 7 = sal00: Salinity, Practical [PSU]
# name 8 = depSM: Depth [salt water, m], lat = 59.00
# name 9 = oxsolML/L: Oxygen Saturation, Garcia & Gordon [ml/l]
# name 10 = potemp090C: Potential Temperature [ITS-90, deg C]
# name 11 = tv290C: Temperature [ITS-90, deg C]
# name 12 = sigma-é00: Density [sigma-theta, kg/m^3]
# name 13 = n2satML/L: Nitrogen Saturation [ml/l]
# name 14 = par: PAR/Irradiance, Biospherical/Licor
# name 15 = prdM: Pressure, Strain Gauge [db]
# name 16 = flag:  0.000e+00
# span 0 =          1,        420       
# span 1 = 102.671898, 102.673111       
# span 2 =    0.00000,    0.02910       
# span 3 =     0.0000,     1.7458       
# span 4 =      0.000,    104.750       
# span 5 =  1000.2773,  1025.0689       
# span 6 =    816.095,  50943.123       
# span 7 =     0.3825,    31.7103       
# span 8 =     -0.215,     32.248       
# span 9 =    7.13226,    9.36923       
# span 10 =     3.1011,     5.6027      
# span 11 =     3.1009,     5.6052      
# span 12 =     0.2783,    25.0344      
# span 13 =   12.79044,   16.97536      
# span 14 = 2.0223e+00, 2.4310e+02      
# span 15 =     -0.217,     32.555      
# span 16 = 0.0000e+00, 0.0000e+00      
# interval = seconds: 0.25
# start_time = Apr 12 2015 16:07:32 [Instrument's time stamp, header]
# bad_flag = -9.990e-29
*END*
[from data line 341]
        342 102.672885    0.02368     1.4208     85.250  1024.9444  50670.373    31.6022      6.006    7.13437     5.5944     5.5937    24.9163   12.79397 3.9327e+01      6.063 0.0000e+00
        343 102.672888    0.02375     1.4250     85.500  1024.9463  50671.211    31.6027      6.313    7.13425     5.5952     5.5943    24.9167   12.79376 3.7875e+01      6.373 0.0000e+00
        344 102.672891    0.02382     1.4292     85.750  1024.9479  50671.783    31.6031      6.621    7.13412     5.5959     5.5950    24.9170   12.79354 3.6449e+01      6.683 0.0000e+00
        345 102.672894    0.02389     1.4333     86.000  1024.9494  50671.938    31.6033      6.932    7.13398     5.5964     5.5957    24.9170   12.79332 3.5003e+01      6.998 0.0000e+00
        346 102.672896    0.02396     1.4375     86.250  1024.9507  50671.759    31.6031      7.252    7.13387     5.5968     5.5964    24.9168   12.79313 3.3517e+01      7.321 0.0000e+00
        347 102.672899    0.02403     1.4417     86.500  1024.9520  50671.535    31.6029      7.586    7.13378     5.5971     5.5970    24.9165   12.79299 3.2006e+01      7.658 0.0000e+00
        348 102.672902    0.02410     1.4458     86.750  1024.9535  50671.474    31.6028      7.939    7.13372     5.5973     5.5974    24.9164   12.79289 3.0501e+01      8.014 0.0000e+00
        349 102.672905    0.02417     1.4500     87.000  1024.9551  50671.458    31.6027      8.312    7.13367     5.5974     5.5977    24.9163   12.79281 2.9036e+01      8.390 0.0000e+00
        350 102.672908    0.02424     1.4542     87.250  1024.9567  50671.298    31.6024      8.705    7.13364     5.5973     5.5980    24.9160   12.79277 2.7644e+01      8.787 0.0000e+00
        351 102.672911    0.02431     1.4583     87.500  1024.9584  50671.137    31.6021      9.115    7.13364     5.5972     5.5981    24.9158   12.79276 2.6349e+01      9.202 0.0000e+00
        352 102.672914    0.02438     1.4625     87.750  1024.9603  50671.260    31.6020      9.537    7.13365     5.5971     5.5980    24.9157   12.79278 2.5162e+01      9.628 0.0000e+00
        353 102.672917    0.02444     1.4667     88.000  1024.9623  50671.557    31.6020      9.964    7.13366     5.5970     5.5980    24.9157   12.79280 2.4089e+01     10.059 0.0000e+00
        354 102.672920    0.02451     1.4708     88.250  1024.9642  50671.744    31.6019     10.388    7.13368     5.5968     5.5979    24.9156   12.79283 2.3128e+01     10.486 0.0000e+00
        355 102.672922    0.02458     1.4750     88.500  1024.9661  50671.881    31.6017     10.801    7.13370     5.5966     5.5978    24.9155   12.79287 2.2267e+01     10.903 0.0000e+00
        356 102.672925    0.02465     1.4792     88.750  1024.9680  50672.242    31.6017     11.197    7.13372     5.5965     5.5976    24.9156   12.79291 2.1494e+01     11.303 0.0000e+00
        357 102.672928    0.02472     1.4833     89.000  1024.9699  50672.797    31.6019     11.573    7.13374     5.5965     5.5975    24.9157   12.79293 2.0798e+01     11.682 0.0000e+00
        358 102.672931    0.02479     1.4875     89.250  1024.9716  50673.257    31.6021     11.927    7.13375     5.5965     5.5974    24.9159   12.79294 2.0167e+01     12.039 0.0000e+00
        359 102.672934    0.02486     1.4917     89.500  1024.9732  50673.536    31.6021     12.260    7.13375     5.5965     5.5974    24.9159   12.79294 1.9588e+01     12.376 0.0000e+00
        360 102.672937    0.02493     1.4958     89.750  1024.9747  50673.743    31.6021     12.579    7.13375     5.5965     5.5974    24.9159   12.79294 1.9045e+01     12.698 0.0000e+00
        361 102.672940    0.02500     1.5000     90.000  1024.9762  50673.944    31.6021     12.893    7.13374     5.5964     5.5974    24.9159   12.79293 1.8515e+01     13.015 0.0000e+00
        362 102.672943    0.02507     1.5042     90.250  1024.9777  50674.110    31.6021     13.208    7.13374     5.5964     5.5975    24.9158   12.79293 1.7975e+01     13.333 0.0000e+00
        363 102.672946    0.02514     1.5083     90.500  1024.9791  50674.230    31.6020     13.531    7.13375     5.5963     5.5975    24.9158   12.79294 1.7419e+01     13.659 0.0000e+00
        364 102.672948    0.02521     1.5125     90.750  1024.9806  50674.374    31.6019     13.863    7.13375     5.5962     5.5974    24.9158   12.79296 1.6849e+01     13.994 0.0000e+00
        365 102.672951    0.02528     1.5167     91.000  1024.9822  50674.569    31.6019     14.204    7.13376     5.5962     5.5974    24.9157   12.79297 1.6267e+01     14.338 0.0000e+00
        366 102.672954    0.02535     1.5208     91.250  1024.9838  50674.833    31.6019     14.553    7.13377     5.5961     5.5974    24.9157   12.79298 1.5676e+01     14.690 0.0000e+00
        367 102.672957    0.02542     1.5250     91.500  1024.9855  50675.200    31.6019     14.906    7.13378     5.5961     5.5973    24.9158   12.79299 1.5086e+01     15.047 0.0000e+00
        368 102.672960    0.02549     1.5292     91.750  1024.9873  50675.573    31.6020     15.262    7.13378     5.5961     5.5973    24.9159   12.79299 1.4508e+01     15.407 0.0000e+00
        369 102.672963    0.02556     1.5333     92.000  1024.9889  50675.805    31.6020     15.617    7.13378     5.5960     5.5973    24.9159   12.79299 1.3949e+01     15.766 0.0000e+00
        370 102.672966    0.02562     1.5375     92.250  1024.9905  50675.868    31.6019     15.971    7.13378     5.5959     5.5973    24.9158   12.79300 1.3414e+01     16.123 0.0000e+00
        371 102.672969    0.02569     1.5417     92.500  1024.9920  50675.878    31.6017     16.324    7.13379     5.5958     5.5973    24.9157   12.79302 1.2900e+01     16.479 0.0000e+00
        372 102.672972    0.02576     1.5458     92.750  1024.9936  50675.961    31.6016     16.677    7.13381     5.5956     5.5972    24.9156   12.79305 1.2406e+01     16.835 0.0000e+00
        373 102.672975    0.02583     1.5500     93.000  1024.9952  50676.231    31.6016     17.034    7.13384     5.5954     5.5971    24.9156   12.79310 1.1924e+01     17.195 0.0000e+00
        374 102.672977    0.02590     1.5542     93.250  1024.9970  50676.669    31.6017     17.397    7.13386     5.5953     5.5969    24.9157   12.79313 1.1448e+01     17.562 0.0000e+00
        375 102.672980    0.02597     1.5583     93.500  1024.9989  50677.175    31.6018     17.767    7.13387     5.5953     5.5968    24.9158   12.79314 1.0977e+01     17.935 0.0000e+00
        376 102.672983    0.02604     1.5625     93.750  1025.0008  50677.743    31.6020     18.143    7.13387     5.5954     5.5968    24.9159   12.79314 1.0514e+01     18.315 0.0000e+00
        377 102.672986    0.02611     1.5667     94.000  1025.0027  50678.243    31.6022     18.521    7.13386     5.5954     5.5968    24.9161   12.79312 1.0066e+01     18.697 0.0000e+00
        378 102.672989    0.02618     1.5708     94.250  1025.0045  50678.468    31.6021     18.897    7.13385     5.5953     5.5968    24.9161   12.79311 9.6395e+00     19.077 0.0000e+00
        379 102.672992    0.02625     1.5750     94.500  1025.0060  50678.318    31.6019     19.268    7.13385     5.5951     5.5969    24.9158   12.79311 9.2375e+00     19.451 0.0000e+00
        380 102.672995    0.02632     1.5792     94.750  1025.0073  50677.879    31.6014     19.629    7.13388     5.5947     5.5968    24.9155   12.79317 8.8629e+00     19.816 0.0000e+00
        381 102.672998    0.02639     1.5833     95.000  1025.0086  50677.595    31.6010     19.980    7.13394     5.5943     5.5966    24.9152   12.79327 8.5168e+00     20.170 0.0000e+00
        382 102.673001    0.02646     1.5875     95.250  1025.0102  50677.918    31.6010     20.320    7.13400     5.5941     5.5962    24.9152   12.79337 8.1976e+00     20.513 0.0000e+00
        383 102.673003    0.02653     1.5917     95.500  1025.0121  50678.776    31.6013     20.651    7.13404     5.5941     5.5959    24.9155   12.79343 7.9013e+00     20.847 0.0000e+00
        384 102.673006    0.02660     1.5958     95.750  1025.0141  50679.899    31.6019     20.975    7.13404     5.5944     5.5957    24.9160   12.79343 7.6230e+00     21.174 0.0000e+00
        385 102.673009    0.02667     1.6000     96.000  1025.0162  50681.191    31.6027     21.295    7.13400     5.5951     5.5958    24.9166   12.79335 7.3579e+00     21.497 0.0000e+00
        386 102.673012    0.02674     1.6042     96.250  1025.0184  50682.601    31.6036     21.614    7.13390     5.5960     5.5961    24.9173   12.79317 7.1023e+00     21.819 0.0000e+00
        387 102.673015    0.02681     1.6083     96.500  1025.0205  50683.966    31.6045     21.934    7.13374     5.5970     5.5968    24.9179   12.79291 6.8546e+00     22.142 0.0000e+00
        388 102.673018    0.02688     1.6125     96.750  1025.0224  50684.805    31.6051     22.255    7.13356     5.5980     5.5977    24.9183   12.79259 6.6137e+00     22.466 0.0000e+00
        389 102.673021    0.02694     1.6167     97.000  1025.0238  50684.699    31.6050     22.578    7.13338     5.5986     5.5988    24.9181   12.79230 6.3788e+00     22.792 0.0000e+00
        390 102.673024    0.02701     1.6208     97.250  1025.0248  50683.991    31.6046     22.902    7.13324     5.5990     5.5997    24.9177   12.79207 6.1487e+00     23.119 0.0000e+00
        391 102.673027    0.02708     1.6250     97.500  1025.0259  50683.275    31.6041     23.230    7.13315     5.5992     5.6004    24.9172   12.79193 5.9221e+00     23.450 0.0000e+00
        392 102.673030    0.02715     1.6292     97.750  1025.0271  50682.950    31.6038     23.562    7.13310     5.5993     5.6008    24.9169   12.79184 5.6976e+00     23.786 0.0000e+00
        393 102.673032    0.02722     1.6333     98.000  1025.0288  50683.232    31.6038     23.903    7.13306     5.5995     5.6010    24.9169   12.79178 5.4734e+00     24.130 0.0000e+00
        394 102.673035    0.02729     1.6375     98.250  1025.0306  50683.853    31.6041     24.256    7.13302     5.5997     5.6012    24.9171   12.79172 5.2474e+00     24.486 0.0000e+00
        395 102.673038    0.02736     1.6417     98.500  1025.0325  50684.342    31.6043     24.623    7.13298     5.5999     5.6014    24.9173   12.79165 5.0191e+00     24.856 0.0000e+00
        396 102.673041    0.02743     1.6458     98.750  1025.0342  50684.489    31.6043     25.003    7.13294     5.6000     5.6016    24.9172   12.79158 4.7893e+00     25.241 0.0000e+00
        397 102.673044    0.02750     1.6500     99.000  1025.0359  50684.420    31.6041     25.396    7.13291     5.6000     5.6018    24.9171   12.79153 4.5606e+00     25.637 0.0000e+00
        398 102.673047    0.02757     1.6542     99.250  1025.0376  50684.333    31.6039     25.795    7.13289     5.5999     5.6020    24.9169   12.79151 4.3361e+00     26.040 0.0000e+00
        399 102.673050    0.02764     1.6583     99.500  1025.0393  50684.422    31.6037     26.194    7.13289     5.5999     5.6020    24.9168   12.79151 4.1178e+00     26.443 0.0000e+00
        400 102.673053    0.02771     1.6625     99.750  1025.0412  50684.829    31.6038     26.585    7.13289     5.5999     5.6020    24.9168   12.79151 3.9119e+00     26.838 0.0000e+00
        401 102.673056    0.02778     1.6667    100.000  1025.0431  50685.367    31.6040     26.960    7.13289     5.6000     5.6020    24.9170   12.79150 3.7280e+00     27.217 0.0000e+00
        402 102.673058    0.02785     1.6708    100.250  1025.0448  50685.804    31.6041     27.313    7.13287     5.6001     5.6020    24.9171   12.79147 3.5687e+00     27.573 0.0000e+00
        403 102.673061    0.02792     1.6750    100.500  1025.0464  50686.135    31.6042     27.640    7.13285     5.6002     5.6021    24.9172   12.79143 3.4314e+00     27.903 0.0000e+00
        404 102.673064    0.02799     1.6792    100.750  1025.0479  50686.369    31.6043     27.941    7.13283     5.6003     5.6022    24.9172   12.79139 3.3123e+00     28.207 0.0000e+00
        405 102.673067    0.02806     1.6833    101.000  1025.0492  50686.514    31.6043     28.219    7.13281     5.6004     5.6024    24.9172   12.79135 3.2072e+00     28.487 0.0000e+00
        406 102.673070    0.02813     1.6875    101.250  1025.0504  50686.625    31.6042     28.480    7.13279     5.6004     5.6025    24.9171   12.79132 3.1117e+00     28.750 0.0000e+00
        407 102.673073    0.02819     1.6917    101.500  1025.0515  50686.760    31.6042     28.734    7.13277     5.6005     5.6026    24.9171   12.79130 3.0217e+00     29.007 0.0000e+00
        408 102.673076    0.02826     1.6958    101.750  1025.0528  50687.036    31.6043     28.992    7.13275     5.6007     5.6027    24.9172   12.79127 2.9332e+00     29.267 0.0000e+00
        409 102.673079    0.02833     1.7000    102.000  1025.0542  50687.465    31.6045     29.260    7.13273     5.6009     5.6028    24.9173   12.79122 2.8429e+00     29.538 0.0000e+00
        410 102.673082    0.02840     1.7042    102.250  1025.0556  50687.837    31.6046     29.545    7.13269     5.6011     5.6029    24.9174   12.79116 2.7490e+00     29.826 0.0000e+00
        411 102.673084    0.02847     1.7083    102.500  1025.0570  50688.020    31.6046     29.850    7.13266     5.6012     5.6032    24.9174   12.79110 2.6514e+00     30.133 0.0000e+00
        412 102.673087    0.02854     1.7125    102.750  1025.0585  50688.119    31.6046     30.173    7.13262     5.6013     5.6034    24.9174   12.79105 2.5510e+00     30.460 0.0000e+00
        413 102.673090    0.02861     1.7167    103.000  1025.0601  50688.314    31.6046     30.512    7.13259     5.6015     5.6036    24.9174   12.79101 2.4497e+00     30.803 0.0000e+00
        414 102.673093    0.02868     1.7208    103.250  1025.0618  50688.761    31.6048     30.862    7.13256     5.6017     5.6037    24.9175   12.79095 2.3499e+00     31.156 0.0000e+00
        415 102.673096    0.02875     1.7250    103.500  1025.0637  50689.351    31.6051     31.211    7.13252     5.6019     5.6038    24.9177   12.79088 2.2552e+00     31.508 0.0000e+00
        416 102.673099    0.02882     1.7292    103.750  1025.0655  50689.996    31.6054     31.545    7.13247     5.6023     5.6041    24.9179   12.79079 2.1704e+00     31.845 0.0000e+00
        417 102.673102    0.02889     1.7333    104.000  1025.0671  50690.591    31.6058     31.841    7.13240     5.6026     5.6044    24.9182   12.79067 2.1020e+00     32.144 0.0000e+00
        418 102.673105    0.02896     1.7375    104.250  1025.0682  50690.779    31.6059     32.068    7.13233     5.6027     5.6048    24.9182   12.79055 2.0553e+00     32.373 0.0000e+00
        419 102.673108    0.02903     1.7417    104.500  1025.0687  50690.688    31.6058     32.204    7.13228 -9.990e-29     5.6051    24.9181   12.79047 2.0300e+00     32.511 0.0000e+00
        420 102.673111    0.02910     1.7458    104.750  1025.0689  50690.646    31.6058     32.248    7.13226 -9.990e-29     5.6052    24.9181   12.79044 2.0223e+00     32.555 0.0000e+00
