CTD-processing/allCTD/CNV--homogene/2015_02-23_t6_s13_cast235.cnv
* Sea-Bird SBE19plus Data File:
* FileName = C:\Users\amdoroff\Desktop\2015_02_23_CookInlet_Tran6_Douglas\2015_02_23_CookInlet_Tran6_cast235.hex
* Software Version 1.59
* Temperature SN =  4141
* Conductivity SN =  4141
* System UpLoad Time = Feb 24 2015 01:41:05
** Cook Inlet LTM Tran6 Douglas W to E
** Date 02-23
** Station: 6-13
** Start Time (AKST): 20:33
** Depth (m): 134
** Comment: Dark.
** Comment: On R/V Pandalus. Transect crossed 23-24 Feb.
# nquan = 17
# nvalues = 788                         
# units = specified
# name 0 = scan: Scan Count
# name 1 = timeJ: Julian Days
# name 2 = timeH: Time, Elapsed [hours]
# name 3 = timeM: Time, Elapsed [minutes]
# name 4 = timeS: Time, Elapsed [seconds]
# name 5 = density00: Density [density, kg/m^3]
# name 6 = specc: Specific Conductance [uS/cm]
# name 7 = sal00: Salinity, Practical [PSU]
# name 8 = depSM: Depth [salt water, m], lat = 59.00
# name 9 = oxsolML/L: Oxygen Saturation, Garcia & Gordon [ml/l]
# name 10 = potemp090C: Potential Temperature [ITS-90, deg C]
# name 11 = tv290C: Temperature [ITS-90, deg C]
# name 12 = sigma-é00: Density [sigma-theta, kg/m^3]
# name 13 = n2satML/L: Nitrogen Saturation [ml/l]
# name 14 = par: PAR/Irradiance, Biospherical/Licor
# name 15 = prdM: Pressure, Strain Gauge [db]
# name 16 = flag:  0.000e+00
# span 0 =          1,        788       
# span 1 =  54.856933,  54.859210       
# span 2 =    0.00000,    0.05465       
# span 3 =     0.0000,     3.2792       
# span 4 =      0.000,    196.750       
# span 5 =  1000.9575,  1025.7381       
# span 6 =   2473.650,  51081.834       
# span 7 =     1.2314,    32.0090       
# span 8 =      0.019,    131.653       
# span 9 =    6.96149,    8.92418       
# span 10 =     4.6918,     6.5142      
# span 11 =     4.6918,     6.5241      
# span 12 =     0.9574,    25.1264      
# span 13 =   12.50320,   16.21503      
# span 14 = 3.6382e-02, 8.5798e-01      
# span 15 =      0.019,    132.938      
# span 16 = 0.0000e+00, 0.0000e+00      
# interval = seconds: 0.25
# start_time = Feb 23 2015 20:33:59 [Instrument's time stamp, header]
# bad_flag = -9.990e-29
*END*
[from data line 681]
        682  54.858903    0.04729     2.8375    170.250  1025.5972  51025.334    31.9803    105.979    6.96424     6.5065     6.5152    25.1046   12.50811 3.6382e-02    107.007 0.0000e+00
        683  54.858906    0.04736     2.8417    170.500  1025.5984  51025.677    31.9804    106.210    6.96422     6.5066     6.5154    25.1047   12.50806 3.6382e-02    107.240 0.0000e+00
        684  54.858909    0.04743     2.8458    170.750  1025.5994  51025.845    31.9805    106.435    6.96419     6.5067     6.5155    25.1047   12.50802 3.6382e-02    107.467 0.0000e+00
        685  54.858912    0.04750     2.8500    171.000  1025.6005  51026.017    31.9805    106.658    6.96416     6.5069     6.5157    25.1047   12.50797 3.6382e-02    107.693 0.0000e+00
        686  54.858915    0.04757     2.8542    171.250  1025.6016  51026.372    31.9807    106.882    6.96413     6.5070     6.5158    25.1049   12.50792 3.6382e-02    107.919 0.0000e+00
        687  54.858918    0.04764     2.8583    171.500  1025.6028  51026.761    31.9809    107.106    6.96410     6.5070     6.5160    25.1050   12.50786 3.6382e-02    108.145 0.0000e+00
        688  54.858921    0.04771     2.8625    171.750  1025.6039  51027.029    31.9810    107.327    6.96407     6.5071     6.5161    25.1050   12.50782 3.6382e-02    108.368 0.0000e+00
        689  54.858924    0.04778     2.8667    172.000  1025.6050  51027.350    31.9811    107.541    6.96405     6.5071     6.5162    25.1051   12.50778 3.6382e-02    108.584 0.0000e+00
        690  54.858927    0.04785     2.8708    172.250  1025.6062  51027.959    31.9814    107.748    6.96403     6.5072     6.5163    25.1054   12.50774 3.6382e-02    108.793 0.0000e+00
        691  54.858929    0.04792     2.8750    172.500  1025.6076  51028.825    31.9820    107.947    6.96399     6.5074     6.5163    25.1058   12.50768 3.6382e-02    108.994 0.0000e+00
        692  54.858932    0.04799     2.8792    172.750  1025.6089  51029.753    31.9825    108.142    6.96395     6.5076     6.5164    25.1063   12.50760 3.6382e-02    109.191 0.0000e+00
        693  54.858935    0.04806     2.8833    173.000  1025.6101  51030.452    31.9830    108.337    6.96390     6.5077     6.5166    25.1066   12.50751 3.6382e-02    109.388 0.0000e+00
        694  54.858938    0.04813     2.8875    173.250  1025.6111  51030.693    31.9831    108.535    6.96386     6.5078     6.5168    25.1066   12.50745 3.6382e-02    109.588 0.0000e+00
        695  54.858941    0.04819     2.8917    173.500  1025.6120  51030.627    31.9830    108.744    6.96384     6.5078     6.5170    25.1065   12.50741 3.6382e-02    109.799 0.0000e+00
        696  54.858944    0.04826     2.8958    173.750  1025.6129  51030.551    31.9828    108.968    6.96383     6.5077     6.5171    25.1064   12.50740 3.6382e-02    110.026 0.0000e+00
        697  54.858947    0.04833     2.9000    174.000  1025.6139  51030.485    31.9827    109.214    6.96384     6.5076     6.5171    25.1063   12.50741 3.6382e-02    110.274 0.0000e+00
        698  54.858950    0.04840     2.9042    174.250  1025.6150  51030.322    31.9824    109.487    6.96386     6.5074     6.5171    25.1061   12.50744 3.6382e-02    110.550 0.0000e+00
        699  54.858953    0.04847     2.9083    174.500  1025.6162  51030.101    31.9821    109.789    6.96388     6.5073     6.5170    25.1059   12.50749 3.6382e-02    110.855 0.0000e+00
        700  54.858955    0.04854     2.9125    174.750  1025.6175  51029.951    31.9818    110.117    6.96392     6.5071     6.5169    25.1057   12.50755 3.6382e-02    111.186 0.0000e+00
        701  54.858958    0.04861     2.9167    175.000  1025.6190  51029.977    31.9817    110.467    6.96395     6.5070     6.5167    25.1056   12.50761 3.6382e-02    111.540 0.0000e+00
        702  54.858961    0.04868     2.9208    175.250  1025.6207  51030.192    31.9816    110.831    6.96397     6.5069     6.5166    25.1055   12.50765 3.6382e-02    111.907 0.0000e+00
        703  54.858964    0.04875     2.9250    175.500  1025.6225  51030.554    31.9816    111.198    6.96398     6.5069     6.5165    25.1056   12.50766 3.6382e-02    112.278 0.0000e+00
        704  54.858967    0.04882     2.9292    175.750  1025.6242  51030.979    31.9818    111.557    6.96398     6.5069     6.5165    25.1057   12.50766 3.6382e-02    112.641 0.0000e+00
        705  54.858970    0.04889     2.9333    176.000  1025.6259  51031.383    31.9819    111.898    6.96397     6.5069     6.5165    25.1058   12.50765 3.6382e-02    112.985 0.0000e+00
        706  54.858973    0.04896     2.9375    176.250  1025.6274  51031.742    31.9820    112.214    6.96396     6.5070     6.5165    25.1059   12.50763 3.6382e-02    113.304 0.0000e+00
        707  54.858976    0.04903     2.9417    176.500  1025.6288  51032.072    31.9821    112.503    6.96395     6.5071     6.5165    25.1059   12.50761 3.6382e-02    113.597 0.0000e+00
        708  54.858979    0.04910     2.9458    176.750  1025.6301  51032.379    31.9822    112.766    6.96393     6.5072     6.5166    25.1060   12.50757 3.6382e-02    113.862 0.0000e+00
        709  54.858981    0.04917     2.9500    177.000  1025.6313  51032.619    31.9823    113.005    6.96391     6.5073     6.5168    25.1061   12.50754 3.6382e-02    114.103 0.0000e+00
        710  54.858984    0.04924     2.9542    177.250  1025.6323  51032.710    31.9823    113.225    6.96389     6.5073     6.5169    25.1060   12.50751 3.6382e-02    114.325 0.0000e+00
        711  54.858987    0.04931     2.9583    177.500  1025.6333  51032.811    31.9822    113.434    6.96389     6.5072     6.5170    25.1060   12.50749 3.6382e-02    114.536 0.0000e+00
        712  54.858990    0.04938     2.9625    177.750  1025.6344  51033.262    31.9825    113.637    6.96388     6.5072     6.5170    25.1062   12.50747 3.6382e-02    114.741 0.0000e+00
        713  54.858993    0.04944     2.9667    178.000  1025.6357  51034.042    31.9829    113.841    6.96386     6.5072     6.5169    25.1065   12.50743 3.6382e-02    114.947 0.0000e+00
        714  54.858996    0.04951     2.9708    178.250  1025.6369  51034.735    31.9833    114.049    6.96384     6.5072     6.5169    25.1068   12.50740 3.6382e-02    115.157 0.0000e+00
        715  54.858999    0.04958     2.9750    178.500  1025.6380  51035.095    31.9835    114.261    6.96383     6.5072     6.5169    25.1070   12.50738 3.6382e-02    115.372 0.0000e+00
        716  54.859002    0.04965     2.9792    178.750  1025.6389  51035.065    31.9833    114.478    6.96383     6.5071     6.5170    25.1069   12.50738 3.6382e-02    115.591 0.0000e+00
        717  54.859005    0.04972     2.9833    179.000  1025.6397  51034.631    31.9829    114.699    6.96384     6.5071     6.5170    25.1065   12.50742 3.6382e-02    115.814 0.0000e+00
        718  54.859008    0.04979     2.9875    179.250  1025.6404  51034.170    31.9825    114.921    6.96387     6.5070     6.5169    25.1062   12.50747 3.6382e-02    116.038 0.0000e+00
        719  54.859010    0.04986     2.9917    179.500  1025.6412  51034.018    31.9823    115.143    6.96389     6.5070     6.5169    25.1061   12.50750 3.6382e-02    116.262 0.0000e+00
        720  54.859013    0.04993     2.9958    179.750  1025.6423  51034.310    31.9823    115.368    6.96389     6.5070     6.5168    25.1061   12.50751 3.6382e-02    116.490 0.0000e+00
        721  54.859016    0.05000     3.0000    180.000  1025.6438  51035.123    31.9828    115.599    6.96387     6.5071     6.5168    25.1065   12.50747 3.6382e-02    116.723 0.0000e+00
        722  54.859019    0.05007     3.0042    180.250  1025.6454  51036.308    31.9835    115.838    6.96383     6.5072     6.5169    25.1070   12.50739 3.6382e-02    116.964 0.0000e+00
        723  54.859022    0.05014     3.0083    180.500  1025.6473  51037.705    31.9844    116.089    6.96378     6.5073     6.5170    25.1077   12.50729 3.6382e-02    117.217 0.0000e+00
        724  54.859025    0.05021     3.0125    180.750  1025.6492  51039.227    31.9853    116.354    6.96371     6.5075     6.5171    25.1084   12.50716 3.6382e-02    117.486 0.0000e+00
        725  54.859028    0.05028     3.0167    181.000  1025.6513  51040.710    31.9862    116.637    6.96364     6.5076     6.5173    25.1092   12.50704 3.6382e-02    117.771 0.0000e+00
        726  54.859031    0.05035     3.0208    181.250  1025.6533  51042.008    31.9870    116.937    6.96357     6.5078     6.5175    25.1098   12.50692 3.6382e-02    118.074 0.0000e+00
        727  54.859034    0.05042     3.0250    181.500  1025.6553  51043.222    31.9878    117.250    6.96351     6.5079     6.5177    25.1103   12.50680 3.6382e-02    118.391 0.0000e+00
        728  54.859036    0.05049     3.0292    181.750  1025.6574  51044.574    31.9886    117.569    6.96344     6.5080     6.5178    25.1110   12.50669 3.6382e-02    118.713 0.0000e+00
        729  54.859039    0.05056     3.0333    182.000  1025.6596  51046.127    31.9896    117.882    6.96338     6.5080     6.5180    25.1117   12.50656 3.6382e-02    119.029 0.0000e+00
        730  54.859042    0.05063     3.0375    182.250  1025.6617  51047.641    31.9905    118.175    6.96332     6.5081     6.5181    25.1124   12.50645 3.6382e-02    119.325 0.0000e+00
        731  54.859045    0.05069     3.0417    182.500  1025.6634  51048.800    31.9912    118.441    6.96327     6.5081     6.5182    25.1130   12.50637 3.6382e-02    119.593 0.0000e+00
        732  54.859048    0.05076     3.0458    182.750  1025.6648  51049.520    31.9916    118.675    6.96325     6.5081     6.5182    25.1133   12.50632 3.6382e-02    119.830 0.0000e+00
        733  54.859051    0.05083     3.0500    183.000  1025.6659  51049.903    31.9918    118.880    6.96324     6.5081     6.5183    25.1134   12.50630 3.6382e-02    120.037 0.0000e+00
        734  54.859054    0.05090     3.0542    183.250  1025.6668  51050.135    31.9918    119.062    6.96323     6.5080     6.5183    25.1134   12.50629 3.6382e-02    120.221 0.0000e+00
        735  54.859057    0.05097     3.0583    183.500  1025.6677  51050.392    31.9919    119.230    6.96323     6.5080     6.5183    25.1135   12.50628 3.6382e-02    120.390 0.0000e+00
        736  54.859060    0.05104     3.0625    183.750  1025.6685  51050.681    31.9920    119.393    6.96322     6.5080     6.5183    25.1136   12.50627 3.6382e-02    120.555 0.0000e+00
        737  54.859063    0.05111     3.0667    184.000  1025.6694  51050.918    31.9921    119.562    6.96322     6.5080     6.5183    25.1137   12.50626 3.6382e-02    120.726 0.0000e+00
        738  54.859065    0.05118     3.0708    184.250  1025.6702  51051.034    31.9921    119.745    6.96322     6.5080     6.5183    25.1137   12.50626 3.6382e-02    120.911 0.0000e+00
        739  54.859068    0.05125     3.0750    184.500  1025.6711  51051.065    31.9921    119.947    6.96322     6.5080     6.5183    25.1137   12.50627 3.6382e-02    121.114 0.0000e+00
        740  54.859071    0.05132     3.0792    184.750  1025.6722  51051.317    31.9921    120.168    6.96322     6.5080     6.5183    25.1137   12.50626 3.6382e-02    121.338 0.0000e+00
        741  54.859074    0.05139     3.0833    185.000  1025.6736  51052.025    31.9925    120.410    6.96320     6.5080     6.5183    25.1140   12.50622 3.6382e-02    121.582 0.0000e+00
        742  54.859077    0.05146     3.0875    185.250  1025.6753  51053.062    31.9931    120.668    6.96316     6.5081     6.5183    25.1145   12.50616 3.6382e-02    121.842 0.0000e+00
        743  54.859080    0.05153     3.0917    185.500  1025.6771  51054.212    31.9938    120.938    6.96312     6.5081     6.5184    25.1150   12.50608 3.6382e-02    122.115 0.0000e+00
        744  54.859083    0.05160     3.0958    185.750  1025.6789  51055.380    31.9945    121.217    6.96308     6.5082     6.5184    25.1156   12.50600 3.6382e-02    122.397 0.0000e+00
        745  54.859086    0.05167     3.1000    186.000  1025.6808  51056.635    31.9953    121.502    6.96303     6.5082     6.5185    25.1161   12.50592 3.6382e-02    122.685 0.0000e+00
        746  54.859089    0.05174     3.1042    186.250  1025.6828  51057.969    31.9961    121.790    6.96298     6.5082     6.5186    25.1167   12.50583 3.6382e-02    122.976 0.0000e+00
        747  54.859091    0.05181     3.1083    186.500  1025.6847  51059.236    31.9968    122.081    6.96293     6.5083     6.5186    25.1173   12.50574 3.6382e-02    123.270 0.0000e+00
        748  54.859094    0.05187     3.1125    186.750  1025.6867  51060.583    31.9976    122.376    6.96289     6.5083     6.5187    25.1180   12.50566 3.6382e-02    123.567 0.0000e+00
        749  54.859097    0.05194     3.1167    187.000  1025.6889  51062.222    31.9986    122.677    6.96283     6.5083     6.5187    25.1188   12.50555 3.6382e-02    123.872 0.0000e+00
        750  54.859100    0.05201     3.1208    187.250  1025.6912  51064.080    31.9998    122.986    6.96277     6.5084     6.5188    25.1197   12.50543 3.6382e-02    124.185 0.0000e+00
        751  54.859103    0.05208     3.1250    187.500  1025.6937  51066.024    32.0010    123.305    6.96270     6.5086     6.5189    25.1206   12.50531 3.6382e-02    124.507 0.0000e+00
        752  54.859106    0.05215     3.1292    187.750  1025.6961  51067.844    32.0021    123.633    6.96263     6.5087     6.5190    25.1215   12.50518 3.6382e-02    124.837 0.0000e+00
        753  54.859109    0.05222     3.1333    188.000  1025.6983  51069.423    32.0031    123.964    6.96257     6.5089     6.5191    25.1223   12.50505 3.6382e-02    125.172 0.0000e+00
        754  54.859112    0.05229     3.1375    188.250  1025.7006  51070.968    32.0040    124.294    6.96249     6.5092     6.5193    25.1230   12.50492 3.6382e-02    125.506 0.0000e+00
        755  54.859115    0.05236     3.1417    188.500  1025.7029  51072.718    32.0051    124.614    6.96241     6.5095     6.5196    25.1238   12.50476 3.6382e-02    125.828 0.0000e+00
        756  54.859117    0.05243     3.1458    188.750  1025.7051  51074.399    32.0062    124.912    6.96231     6.5098     6.5198    25.1247   12.50459 3.6382e-02    126.130 0.0000e+00
        757  54.859120    0.05250     3.1500    189.000  1025.7069  51075.429    32.0068    125.183    6.96223     6.5101     6.5202    25.1251   12.50444 3.6382e-02    126.403 0.0000e+00
        758  54.859123    0.05257     3.1542    189.250  1025.7081  51075.818    32.0070    125.421    6.96216     6.5103     6.5206    25.1253   12.50432 3.6382e-02    126.643 0.0000e+00
        759  54.859126    0.05264     3.1583    189.500  1025.7090  51075.917    32.0071    125.626    6.96211     6.5105     6.5209    25.1253   12.50424 3.6382e-02    126.850 0.0000e+00
        760  54.859129    0.05271     3.1625    189.750  1025.7098  51075.960    32.0071    125.798    6.96207     6.5107     6.5212    25.1252   12.50417 3.6382e-02    127.025 0.0000e+00
        761  54.859132    0.05278     3.1667    190.000  1025.7105  51076.113    32.0072    125.944    6.96203     6.5109     6.5214    25.1253   12.50411 3.6382e-02    127.172 0.0000e+00
        762  54.859135    0.05285     3.1708    190.250  1025.7111  51076.340    32.0073    126.069    6.96200     6.5110     6.5215    25.1253   12.50405 3.6382e-02    127.298 0.0000e+00
        763  54.859138    0.05292     3.1750    190.500  1025.7118  51076.581    32.0075    126.183    6.96196     6.5112     6.5217    25.1254   12.50400 3.6382e-02    127.414 0.0000e+00
        764  54.859141    0.05299     3.1792    190.750  1025.7124  51076.876    32.0076    126.297    6.96193     6.5113     6.5218    25.1256   12.50394 3.6382e-02    127.528 0.0000e+00
        765  54.859144    0.05306     3.1833    191.000  1025.7132  51077.239    32.0079    126.421    6.96189     6.5115     6.5220    25.1257   12.50387 3.6382e-02    127.653 0.0000e+00
