CTD-processing/allCTD/CNV--homogene/2015_10-19_t4_s06_cast221.cnv
* Sea-Bird SBE19plus Data File:
* FileName = C:\Users\Kris.Holderied\Documents\kasitsna\Research-KBL\Oceanography-AK\CTD-Data-ALL-to-2015-06\2015-CTD-KachemakBay-CookInlet\2015-10-19-CookInlet-Tran4-special\2015-10-19-CookInlet-Tran4-cast221.hex
* Software Version 1.59
* Temperature SN =  5028
* Conductivity SN =  5028
* System UpLoad Time = Oct 31 2015 16:45:41
** Cook Inlet LTM Transect 4 Barabara special, South to North

** Date: 10-19
** Station: 4-06
** Start time (AKDT): 17:21
** Depth (m): 62.8
** Comment:  R/V Edgecumbe
** Comment:
# nquan = 17
# nvalues = 609                         
# units = specified
# name 0 = scan: Scan Count
# name 1 = timeJ: Julian Days
# name 2 = timeH: Time, Elapsed [hours]
# name 3 = timeM: Time, Elapsed [minutes]
# name 4 = timeS: Time, Elapsed [seconds]
# name 5 = density00: Density [density, kg/m^3]
# name 6 = specc: Specific Conductance [uS/cm]
# name 7 = sal00: Salinity, Practical [PSU]
# name 8 = depSM: Depth [salt water, m], lat = 59.00
# name 9 = oxsolML/L: Oxygen Saturation, Garcia & Gordon [ml/l]
# name 10 = potemp090C: Potential Temperature [ITS-90, deg C]
# name 11 = tv290C: Temperature [ITS-90, deg C]
# name 12 = sigma-é00: Density [sigma-theta, kg/m^3]
# name 13 = n2satML/L: Nitrogen Saturation [ml/l]
# name 14 = par: PAR/Irradiance, Biospherical/Licor
# name 15 = prdM: Pressure, Strain Gauge [db]
# name 16 = flag:  0.000e+00
# span 0 =          1,        609       
# span 1 = 292.722789, 292.724549       
# span 2 =    0.00000,    0.04222       
# span 3 =     0.0000,     2.5333       
# span 4 =      0.000,    152.000       
# span 5 =  1000.7821,  1023.8566       
# span 6 =   2413.666,  48322.694       
# span 7 =     1.2305,    30.5587       
# span 8 =     -0.156,     55.607       
# span 9 =    6.56719,    8.10247       
# span 10 =     8.6008,     9.5668      
# span 11 =     8.6008,     9.5679      
# span 12 =     0.7828,    23.6011      
# span 13 =   11.87095,   14.83330      
# span 14 = 4.7419e-02, 5.4969e+01      
# span 15 =     -0.157,     56.139      
# span 16 = 0.0000e+00, 0.0000e+00      
# interval = seconds: 0.25
# start_time = Oct 19 2015 17:20:49 [Instrument's time stamp, header]
# bad_flag = -9.990e-29
*END*
[from data line 596]
        597 292.724514    0.04139     2.4833    149.000  1023.8556  48322.150    30.5585     55.448    6.60134     9.2731     9.2785    23.6008   11.92531 5.2441e-02     55.978 0.0000e+00
        598 292.724517    0.04146     2.4875    149.250  1023.8551  48321.852    30.5584     55.373    6.60132     9.2731     9.2787    23.6006   11.92529 5.2541e-02     55.903 0.0000e+00
        599 292.724520    0.04153     2.4917    149.500  1023.8546  48321.586    30.5582     55.299    6.60131     9.2732     9.2788    23.6005   11.92527 5.2636e-02     55.828 0.0000e+00
        600 292.724523    0.04160     2.4958    149.750  1023.8542  48321.374    30.5581     55.234    6.60131     9.2731     9.2789    23.6005   11.92527 5.2697e-02     55.762 0.0000e+00
        601 292.724525    0.04167     2.5000    150.000  1023.8539  48321.208    30.5580     55.183    6.60131     9.2730     9.2789    23.6004   11.92527 5.2715e-02     55.711 0.0000e+00
        602 292.724528    0.04174     2.5042    150.250  1023.8537  48321.100    30.5579     55.153    6.60132     9.2729     9.2789    23.6004   11.92528 5.2699e-02     55.681 0.0000e+00
        603 292.724531    0.04181     2.5083    150.500  1023.8537  48321.090    30.5579     55.152    6.60133     9.2727     9.2788    23.6004   11.92530 5.2629e-02     55.680 0.0000e+00
        604 292.724534    0.04188     2.5125    150.750  1023.8539  48321.176    30.5579     55.184    6.60134     9.2725     9.2786    23.6004   11.92533 5.2442e-02     55.712 0.0000e+00
        605 292.724537    0.04194     2.5167    151.000  1023.8543  48321.326    30.5579     55.245    6.60137     9.2723     9.2785    23.6004   11.92537 5.2084e-02     55.773 0.0000e+00
        606 292.724540    0.04201     2.5208    151.250  1023.8547  48321.539    30.5580     55.325    6.60139     9.2722     9.2783    23.6005   11.92541 5.1547e-02     55.854 0.0000e+00
        607 292.724543    0.04208     2.5250    151.500  1023.8552  48321.776    30.5582     55.408    6.60141     9.2722     9.2781    23.6007   11.92544 5.1022e-02     55.938 0.0000e+00
        608 292.724546    0.04215     2.5292    151.750  1023.8556  48321.960    30.5583     55.471    6.60143 -9.990e-29     9.2780    23.6008   11.92546 5.0766e-02     56.001 0.0000e+00
        609 292.724549    0.04222     2.5333    152.000  1023.8557  48322.030    30.5583     55.494    6.60143 -9.990e-29     9.2780    23.6008   11.92547 5.0725e-02     56.025 0.0000e+00
