CTD-processing/allCTD/CNV--homogene/2015_02-24_t7_s03_cast262.cnv
* Sea-Bird SBE19plus Data File:
* FileName = C:\Users\amdoroff\Desktop\2015_02_24_CookInlet_Tran7_Augustine\2015_02_24_CookInlet_Tran7_cast262.hex
* Software Version 1.59
* Temperature SN =  4141
* Conductivity SN =  4141
* System UpLoad Time = Feb 24 2015 13:17:08
** Cook Inlet LTM Tran7 Augustine E to W
** Date 02-24
** Station: 7-03
** Start Time (AKST): 11:35
** Depth (m):  44
** Comment:
** Comment: On R/V Pandalus.
# nquan = 17
# nvalues = 498                         
# units = specified
# name 0 = scan: Scan Count
# name 1 = timeJ: Julian Days
# name 2 = timeH: Time, Elapsed [hours]
# name 3 = timeM: Time, Elapsed [minutes]
# name 4 = timeS: Time, Elapsed [seconds]
# name 5 = density00: Density [density, kg/m^3]
# name 6 = specc: Specific Conductance [uS/cm]
# name 7 = sal00: Salinity, Practical [PSU]
# name 8 = depSM: Depth [salt water, m], lat = 59.00
# name 9 = oxsolML/L: Oxygen Saturation, Garcia & Gordon [ml/l]
# name 10 = potemp090C: Potential Temperature [ITS-90, deg C]
# name 11 = tv290C: Temperature [ITS-90, deg C]
# name 12 = sigma-é00: Density [sigma-theta, kg/m^3]
# name 13 = n2satML/L: Nitrogen Saturation [ml/l]
# name 14 = par: PAR/Irradiance, Biospherical/Licor
# name 15 = prdM: Pressure, Strain Gauge [db]
# name 16 = flag:  0.000e+00
# span 0 =          1,        498       
# span 1 =  55.483611,  55.485049       
# span 2 =    0.00000,    0.03451       
# span 3 =     0.0000,     2.0708       
# span 4 =      0.000,    124.250       
# span 5 =  1000.6191,  1025.1059       
# span 6 =   1639.026,  50774.426       
# span 7 =     0.8009,    31.4498       
# span 8 =      0.041,     44.843       
# span 9 =    7.30330,    9.09440       
# span 10 =     2.8259,     4.6548      
# span 11 =     2.8260,     4.6578      
# span 12 =     0.6189,    24.9005      
# span 13 =   13.07497,   16.50770      
# span 14 = 3.6382e-02, 2.9416e+02      
# span 15 =      0.041,     45.272      
# span 16 = 0.0000e+00, 0.0000e+00      
# interval = seconds: 0.25
# start_time = Feb 24 2015 11:36:24 [Instrument's time stamp, header]
# bad_flag = -9.990e-29
*END*
[from data line 426]
        427  55.484844    0.02958     1.7750    106.500  1024.9952  50738.715    31.4204     23.566    7.32127     4.5653     4.5631    24.8843   13.10496 1.0569e-01     23.790 0.0000e+00
        428  55.484847    0.02965     1.7792    106.750  1024.9959  50737.057    31.4196     23.900    7.32093     4.5663     4.5653    24.8835   13.10441 9.8950e-02     24.127 0.0000e+00
        429  55.484850    0.02972     1.7833    107.000  1024.9964  50735.120    31.4185     24.226    7.32070     4.5667     4.5669    24.8824   13.10404 9.2606e-02     24.456 0.0000e+00
        430  55.484852    0.02979     1.7875    107.250  1024.9968  50733.208    31.4173     24.542    7.32057     4.5668     4.5679    24.8813   13.10385 8.6924e-02     24.775 0.0000e+00
        431  55.484855    0.02986     1.7917    107.500  1024.9975  50732.024    31.4164     24.846    7.32052     4.5666     4.5684    24.8806   13.10379 8.2001e-02     25.083 0.0000e+00
        432  55.484858    0.02993     1.7958    107.750  1024.9988  50732.058    31.4163     25.140    7.32052     4.5666     4.5685    24.8805   13.10379 7.7645e-02     25.379 0.0000e+00
        433  55.484861    0.03000     1.8000    108.000  1025.0005  50732.966    31.4167     25.426    7.32052     4.5668     4.5684    24.8809   13.10378 7.3781e-02     25.668 0.0000e+00
        434  55.484864    0.03007     1.8042    108.250  1025.0025  50734.331    31.4175     25.708    7.32048     4.5673     4.5684    24.8815   13.10371 7.0330e-02     25.952 0.0000e+00
        435  55.484867    0.03014     1.8083    108.500  1025.0046  50736.041    31.4186     25.991    7.32039     4.5682     4.5686    24.8824   13.10354 6.7157e-02     26.238 0.0000e+00
        436  55.484870    0.03021     1.8125    108.750  1025.0069  50737.809    31.4198     26.280    7.32023     4.5695     4.5692    24.8833   13.10326 6.4186e-02     26.530 0.0000e+00
        437  55.484873    0.03028     1.8167    109.000  1025.0093  50739.754    31.4212     26.581    7.32000     4.5713     4.5701    24.8843   13.10287 6.1322e-02     26.833 0.0000e+00
        438  55.484876    0.03035     1.8208    109.250  1025.0122  50742.493    31.4232     26.893    7.31968     4.5736     4.5713    24.8857   13.10230 5.8494e-02     27.149 0.0000e+00
        439  55.484878    0.03042     1.8250    109.500  1025.0154  50745.460    31.4255     27.217    7.31925     4.5763     4.5731    24.8873   13.10157 5.5775e-02     27.476 0.0000e+00
        440  55.484881    0.03049     1.8292    109.750  1025.0180  50747.323    31.4271     27.549    7.31875     4.5791     4.5755    24.8884   13.10072 5.3252e-02     27.811 0.0000e+00
        441  55.484884    0.03056     1.8333    110.000  1025.0200  50747.865    31.4279     27.884    7.31823     4.5816     4.5783    24.8887   13.09985 5.0920e-02     28.149 0.0000e+00
        442  55.484887    0.03062     1.8375    110.250  1025.0214  50747.539    31.4282     28.219    7.31772     4.5838     4.5810    24.8886   13.09902 4.8799e-02     28.487 0.0000e+00
        443  55.484890    0.03069     1.8417    110.500  1025.0227  50746.902    31.4281     28.550    7.31728     4.5857     4.5836    24.8884   13.09828 4.6865e-02     28.821 0.0000e+00
        444  55.484893    0.03076     1.8458    110.750  1025.0240  50746.407    31.4281     28.877    7.31689     4.5873     4.5858    24.8881   13.09763 4.5048e-02     29.151 0.0000e+00
        445  55.484896    0.03083     1.8500    111.000  1025.0251  50745.493    31.4278     29.199    7.31656     4.5884     4.5877    24.8877   13.09710 4.3380e-02     29.477 0.0000e+00
        446  55.484899    0.03090     1.8542    111.250  1025.0255  50743.537    31.4266     29.519    7.31633     4.5888     4.5893    24.8866   13.09674 4.1926e-02     29.800 0.0000e+00
        447  55.484902    0.03097     1.8583    111.500  1025.0258  50741.326    31.4252     29.839    7.31621     4.5889     4.5904    24.8854   13.09655 4.0667e-02     30.123 0.0000e+00
        448  55.484905    0.03104     1.8625    111.750  1025.0267  50740.339    31.4245     30.160    7.31616     4.5891     4.5909    24.8848   13.09648 3.9561e-02     30.447 0.0000e+00
        449  55.484907    0.03111     1.8667    112.000  1025.0286  50741.246    31.4250     30.483    7.31611     4.5896     4.5910    24.8851   13.09640 3.8635e-02     30.773 0.0000e+00
        450  55.484910    0.03118     1.8708    112.250  1025.0312  50743.532    31.4264     30.806    7.31601     4.5908     4.5912    24.8863   13.09621 3.7911e-02     31.099 0.0000e+00
        451  55.484913    0.03125     1.8750    112.500  1025.0343  50746.692    31.4285     31.130    7.31581     4.5928     4.5917    24.8879   13.09585 3.7362e-02     31.427 0.0000e+00
        452  55.484916    0.03132     1.8792    112.750  1025.0382  50751.107    31.4316     31.456    7.31545     4.5959     4.5929    24.8903   13.09521 3.6978e-02     31.755 0.0000e+00
        453  55.484919    0.03139     1.8833    113.000  1025.0426  50756.329    31.4355     31.782    7.31489     4.5999     4.5950    24.8931   13.09425 3.6739e-02     32.085 0.0000e+00
        454  55.484922    0.03146     1.8875    113.250  1025.0467  50760.741    31.4391     32.108    7.31417     4.6046     4.5981    24.8956   13.09302 3.6596e-02     32.413 0.0000e+00
        455  55.484925    0.03153     1.8917    113.500  1025.0499  50763.655    31.4418     32.431    7.31333     4.6095     4.6021    24.8974   13.09158 3.6511e-02     32.740 0.0000e+00
        456  55.484928    0.03160     1.8958    113.750  1025.0521  50764.529    31.4433     32.753    7.31242     4.6139     4.6068    24.8981   13.09007 3.6459e-02     33.065 0.0000e+00
        457  55.484931    0.03167     1.9000    114.000  1025.0530  50762.857    31.4431     33.074    7.31157     4.6174     4.6118    24.8974   13.08866 3.6428e-02     33.389 0.0000e+00
        458  55.484933    0.03174     1.9042    114.250  1025.0528  50759.348    31.4415     33.394    7.31085     4.6196     4.6162    24.8957   13.08750 3.6410e-02     33.712 0.0000e+00
        459  55.484936    0.03181     1.9083    114.500  1025.0520  50754.898    31.4391     33.716    7.31036     4.6205     4.6197    24.8934   13.08671 3.6399e-02     34.037 0.0000e+00
        460  55.484939    0.03188     1.9125    114.750  1025.0510  50750.083    31.4361     34.041    7.31011     4.6203     4.6219    24.8908   13.08634 3.6392e-02     34.365 0.0000e+00
        461  55.484942    0.03194     1.9167    115.000  1025.0502  50745.804    31.4333     34.370    7.31008     4.6193     4.6229    24.8885   13.08634 3.6388e-02     34.697 0.0000e+00
        462  55.484945    0.03201     1.9208    115.250  1025.0502  50743.318    31.4314     34.704    7.31022     4.6181     4.6226    24.8870   13.08658 3.6386e-02     35.034 0.0000e+00
        463  55.484948    0.03208     1.9250    115.500  1025.0513  50742.733    31.4306     35.041    7.31042     4.6170     4.6217    24.8865   13.08693 3.6384e-02     35.375 0.0000e+00
        464  55.484951    0.03215     1.9292    115.750  1025.0530  50743.314    31.4305     35.379    7.31063     4.6163     4.6205    24.8866   13.08728 3.6384e-02     35.716 0.0000e+00
        465  55.484954    0.03222     1.9333    116.000  1025.0555  50745.323    31.4315     35.716    7.31078     4.6163     4.6194    24.8874   13.08750 3.6383e-02     36.056 0.0000e+00
        466  55.484957    0.03229     1.9375    116.250  1025.0586  50748.560    31.4334     36.050    7.31080     4.6171     4.6188    24.8890   13.08751 3.6383e-02     36.393 0.0000e+00
        467  55.484959    0.03236     1.9417    116.500  1025.0619  50751.928    31.4356     36.380    7.31069     4.6187     4.6188    24.8907   13.08730 3.6382e-02     36.727 0.0000e+00
        468  55.484962    0.03243     1.9458    116.750  1025.0656  50756.065    31.4384     36.707    7.31041     4.6212     4.6196    24.8929   13.08681 3.6382e-02     37.057 0.0000e+00
        469  55.484965    0.03250     1.9500    117.000  1025.0697  50760.837    31.4419     37.032    7.30996     4.6243     4.6212    24.8955   13.08601 3.6382e-02     37.385 0.0000e+00
        470  55.484968    0.03257     1.9542    117.250  1025.0726  50763.381    31.4440     37.355    7.30940     4.6277     4.6237    24.8969   13.08506 3.6382e-02     37.711 0.0000e+00
        471  55.484971    0.03264     1.9583    117.500  1025.0748  50764.487    31.4453     37.675    7.30878     4.6313     4.6269    24.8976   13.08402 3.6382e-02     38.034 0.0000e+00
        472  55.484974    0.03271     1.9625    117.750  1025.0779  50767.096    31.4477     37.993    7.30807     4.6353     4.6303    24.8992   13.08282 3.6382e-02     38.355 0.0000e+00
        473  55.484977    0.03278     1.9667    118.000  1025.0807  50769.243    31.4498     38.309    7.30732     4.6391     4.6340    24.9005   13.08155 3.6382e-02     38.674 0.0000e+00
        474  55.484980    0.03285     1.9708    118.250  1025.0817  50768.109    31.4498     38.622    7.30661     4.6420     4.6380    24.9001   13.08038 3.6382e-02     38.990 0.0000e+00
        475  55.484983    0.03292     1.9750    118.500  1025.0814  50764.532    31.4480     38.931    7.30603     4.6439     4.6418    24.8983   13.07944 3.6382e-02     39.302 0.0000e+00
        476  55.484986    0.03299     1.9792    118.750  1025.0807  50760.423    31.4457     39.235    7.30563     4.6448     4.6447    24.8961   13.07881 3.6382e-02     39.608 0.0000e+00
        477  55.484988    0.03306     1.9833    119.000  1025.0802  50756.882    31.4435     39.532    7.30540     4.6451     4.6466    24.8942   13.07847 3.6382e-02     39.908 0.0000e+00
        478  55.484991    0.03313     1.9875    119.250  1025.0807  50755.519    31.4427     39.821    7.30529     4.6454     4.6475    24.8934   13.07829 3.6382e-02     40.200 0.0000e+00
        479  55.484994    0.03319     1.9917    119.500  1025.0828  50757.061    31.4437     40.102    7.30518     4.6462     4.6478    24.8942   13.07811 3.6382e-02     40.484 0.0000e+00
        480  55.484997    0.03326     1.9958    119.750  1025.0854  50759.570    31.4453     40.379    7.30503     4.6474     4.6482    24.8955   13.07783 3.6382e-02     40.764 0.0000e+00
        481  55.485000    0.03333     2.0000    120.000  1025.0876  50761.352    31.4466     40.656    7.30482     4.6488     4.6491    24.8964   13.07746 3.6382e-02     41.044 0.0000e+00
        482  55.485003    0.03340     2.0042    120.250  1025.0892  50761.930    31.4471     40.939    7.30458     4.6500     4.6503    24.8967   13.07706 3.6382e-02     41.329 0.0000e+00
        483  55.485006    0.03347     2.0083    120.500  1025.0903  50761.389    31.4469     41.231    7.30435     4.6510     4.6516    24.8964   13.07668 3.6382e-02     41.625 0.0000e+00
        484  55.485009    0.03354     2.0125    120.750  1025.0912  50760.553    31.4465     41.536    7.30416     4.6517     4.6528    24.8959   13.07637 3.6382e-02     41.932 0.0000e+00
        485  55.485012    0.03361     2.0167    121.000  1025.0924  50760.051    31.4462     41.850    7.30400     4.6523     4.6538    24.8956   13.07611 3.6382e-02     42.250 0.0000e+00
        486  55.485014    0.03368     2.0208    121.250  1025.0937  50759.834    31.4461     42.169    7.30387     4.6528     4.6546    24.8954   13.07590 3.6382e-02     42.572 0.0000e+00
        487  55.485017    0.03375     2.0250    121.500  1025.0950  50759.645    31.4459     42.486    7.30376     4.6533     4.6552    24.8952   13.07573 3.6382e-02     42.892 0.0000e+00
        488  55.485020    0.03382     2.0292    121.750  1025.0963  50759.395    31.4457     42.795    7.30367     4.6536     4.6558    24.8950   13.07559 3.6382e-02     43.204 0.0000e+00
        489  55.485023    0.03389     2.0333    122.000  1025.0975  50759.165    31.4455     43.090    7.30361     4.6538     4.6562    24.8948   13.07548 3.6382e-02     43.502 0.0000e+00
        490  55.485026    0.03396     2.0375    122.250  1025.0986  50759.067    31.4454     43.369    7.30355     4.6540     4.6566    24.8946   13.07539 3.6382e-02     43.783 0.0000e+00
        491  55.485029    0.03403     2.0417    122.500  1025.0998  50759.121    31.4453     43.631    7.30350     4.6542     4.6569    24.8946   13.07531 3.6382e-02     44.048 0.0000e+00
        492  55.485032    0.03410     2.0458    122.750  1025.1010  50759.299    31.4454     43.878    7.30346     4.6544     4.6571    24.8946   13.07524 3.6382e-02     44.297 0.0000e+00
        493  55.485035    0.03417     2.0500    123.000  1025.1021  50759.552    31.4455     44.109    7.30342     4.6545     4.6572    24.8947   13.07518 3.6382e-02     44.530 0.0000e+00
        494  55.485038    0.03424     2.0542    123.250  1025.1032  50759.871    31.4457     44.324    7.30339     4.6546     4.6574    24.8948   13.07512 3.6382e-02     44.747 0.0000e+00
        495  55.485041    0.03431     2.0583    123.500  1025.1043  50760.231    31.4458     44.519    7.30336     4.6547     4.6575    24.8949   13.07507 3.6382e-02     44.944 0.0000e+00
        496  55.485043    0.03438     2.0625    123.750  1025.1051  50760.482    31.4460     44.684    7.30333     4.6548     4.6577    24.8950   13.07502 3.6382e-02     45.111 0.0000e+00
        497  55.485046    0.03444     2.0667    124.000  1025.1057  50760.574    31.4460     44.800    7.30331 -9.990e-29     4.6578    24.8950   13.07498 3.6382e-02     45.229 0.0000e+00
        498  55.485049    0.03451     2.0708    124.250  1025.1059  50760.590    31.4460     44.843    7.30330 -9.990e-29     4.6578    24.8950   13.07497 3.6382e-02     45.272 0.0000e+00
