CTD-processing/allCTD/CNV--homogene/2015_07-10_alongbay_skb03_cast126.cnv
* Sea-Bird SBE19plus Data File:
* FileName = C:\Users\Kris.Holderied\Documents\kasitsna\Research-KBL\Oceanography-AK\CTD-Data-ALL-to-2015-06\2015-CTD-KachemakBay-CookInlet\2015-07-10-KachemakBay-AlongBayLine\2015_07_10_KachemakBay_AlongBay_cast126.hex
* Software Version 1.59
* Temperature SN =  5028
* Conductivity SN =  5028
* System UpLoad Time = Jul 30 2015 17:33:24
** Kachemak Bay Along Bay Line - Flat Island to Bear Cove

** Date: 07-10
** Station: KB03
** Start time (AKDT): 14:13
** Depth (m): 103
** Comment:  R/V Johanna Rose (Nuka Research)
** Comment: Seldovia subbay sampled before the along-bay line.
# nquan = 17
# nvalues = 814                         
# units = specified
# name 0 = scan: Scan Count
# name 1 = timeJ: Julian Days
# name 2 = timeH: Time, Elapsed [hours]
# name 3 = timeM: Time, Elapsed [minutes]
# name 4 = timeS: Time, Elapsed [seconds]
# name 5 = density00: Density [density, kg/m^3]
# name 6 = specc: Specific Conductance [uS/cm]
# name 7 = sal00: Salinity, Practical [PSU]
# name 8 = depSM: Depth [salt water, m], lat = 59.00
# name 9 = oxsolML/L: Oxygen Saturation, Garcia & Gordon [ml/l]
# name 10 = potemp090C: Potential Temperature [ITS-90, deg C]
# name 11 = tv290C: Temperature [ITS-90, deg C]
# name 12 = sigma-é00: Density [sigma-theta, kg/m^3]
# name 13 = n2satML/L: Nitrogen Saturation [ml/l]
# name 14 = par: PAR/Irradiance, Biospherical/Licor
# name 15 = prdM: Pressure, Strain Gauge [db]
# name 16 = flag:  0.000e+00
# span 0 =          1,        814       
# span 1 = 191.592604, 191.594957       
# span 2 =    0.00000,    0.05646       
# span 3 =     0.0000,     3.3875       
# span 4 =      0.000,    203.250       
# span 5 =  1002.0845,  1024.9783       
# span 6 =   5561.454,  49896.784       
# span 7 =     3.3097,    31.5302       
# span 8 =     -0.094,    106.052       
# span 9 =    6.31067,    7.41746       
# span 10 =     7.9859,    11.7925      
# span 11 =     7.9938,    11.8549      
# span 12 =     2.0850,    24.4897      
# span 13 =   11.43381,   13.65056      
# span 14 = 4.2789e-02, 1.1503e+03      
# span 15 =     -0.095,    107.080      
# span 16 = 0.0000e+00, 0.0000e+00      
# interval = seconds: 0.25
# start_time = Jul 10 2015 14:13:21 [Instrument's time stamp, header]
# bad_flag = -9.990e-29
*END*
[from data line 596]
        597 191.594329    0.04139     2.4833    149.000  1024.7250  49785.383    31.4728     63.924    6.67465     8.5028     8.5190    24.4306   12.03556 8.8920e-02     64.537 0.0000e+00
        598 191.594332    0.04146     2.4875    149.250  1024.7277  49788.407    31.4740     64.127    6.67538     8.4990     8.5138    24.4324   12.03675 8.7867e-02     64.742 0.0000e+00
        599 191.594334    0.04153     2.4917    149.500  1024.7305  49791.662    31.4755     64.325    6.67601     8.4960     8.5092    24.4342   12.03776 8.6876e-02     64.942 0.0000e+00
        600 191.594337    0.04160     2.4958    149.750  1024.7330  49794.487    31.4768     64.517    6.67652     8.4936     8.5054    24.4358   12.03859 8.5931e-02     65.136 0.0000e+00
        601 191.594340    0.04167     2.5000    150.000  1024.7350  49796.488    31.4777     64.708    6.67692     8.4916     8.5024    24.4370   12.03925 8.5008e-02     65.329 0.0000e+00
        602 191.594343    0.04174     2.5042    150.250  1024.7366  49797.714    31.4781     64.905    6.67726     8.4898     8.5001    24.4376   12.03980 8.4077e-02     65.527 0.0000e+00
        603 191.594346    0.04181     2.5083    150.500  1024.7378  49798.245    31.4781     65.110    6.67755     8.4880     8.4981    24.4379   12.04028 8.3133e-02     65.735 0.0000e+00
        604 191.594349    0.04188     2.5125    150.750  1024.7387  49798.223    31.4777     65.322    6.67783     8.4859     8.4964    24.4379   12.04075 8.2205e-02     65.949 0.0000e+00
        605 191.594352    0.04194     2.5167    151.000  1024.7395  49797.927    31.4772     65.535    6.67813     8.4836     8.4945    24.4377   12.04126 8.1324e-02     66.164 0.0000e+00
        606 191.594355    0.04201     2.5208    151.250  1024.7403  49797.549    31.4765     65.741    6.67846     8.4810     8.4925    24.4375   12.04182 8.0519e-02     66.372 0.0000e+00
        607 191.594358    0.04208     2.5250    151.500  1024.7408  49796.916    31.4756     65.937    6.67885     8.4779     8.4902    24.4372   12.04246 7.9799e-02     66.571 0.0000e+00
        608 191.594361    0.04215     2.5292    151.750  1024.7412  49795.888    31.4744     66.125    6.67929     8.4742     8.4875    24.4366   12.04322 7.9126e-02     66.760 0.0000e+00
        609 191.594363    0.04222     2.5333    152.000  1024.7413  49794.556    31.4730     66.311    6.67982     8.4700     8.4845    24.4359   12.04411 7.8447e-02     66.948 0.0000e+00
        610 191.594366    0.04229     2.5375    152.250  1024.7415  49793.101    31.4713     66.503    6.68044     8.4652     8.4808    24.4352   12.04515 7.7747e-02     67.142 0.0000e+00
        611 191.594369    0.04236     2.5417    152.500  1024.7418  49791.909    31.4697     66.705    6.68114     8.4599     8.4766    24.4346   12.04633 7.7034e-02     67.346 0.0000e+00
        612 191.594372    0.04243     2.5458    152.750  1024.7425  49791.221    31.4684     66.916    6.68192     8.4543     8.4718    24.4342   12.04763 7.6330e-02     67.558 0.0000e+00
        613 191.594375    0.04250     2.5500    153.000  1024.7435  49791.022    31.4674     67.128    6.68275     8.4485     8.4666    24.4342   12.04902 7.5661e-02     67.772 0.0000e+00
        614 191.594378    0.04257     2.5542    153.250  1024.7446  49791.143    31.4666     67.334    6.68363     8.4425     8.4610    24.4343   12.05048 7.5043e-02     67.980 0.0000e+00
        615 191.594381    0.04264     2.5583    153.500  1024.7456  49791.174    31.4656     67.531    6.68454     8.4361     8.4552    24.4345   12.05199 7.4470e-02     68.180 0.0000e+00
        616 191.594384    0.04271     2.5625    153.750  1024.7464  49790.813    31.4644     67.722    6.68549     8.4293     8.4492    24.4344   12.05359 7.3915e-02     68.373 0.0000e+00
        617 191.594387    0.04278     2.5667    154.000  1024.7469  49789.950    31.4627     67.913    6.68651     8.4217     8.4429    24.4340   12.05531 7.3350e-02     68.566 0.0000e+00
        618 191.594389    0.04285     2.5708    154.250  1024.7470  49788.247    31.4604     68.111    6.68765     8.4129     8.4360    24.4332   12.05721 7.2769e-02     68.765 0.0000e+00
        619 191.594392    0.04292     2.5750    154.500  1024.7466  49785.510    31.4573     68.317    6.68893     8.4029     8.4284    24.4319   12.05937 7.2183e-02     68.973 0.0000e+00
        620 191.594395    0.04299     2.5792    154.750  1024.7461  49782.455    31.4537     68.529    6.69040     8.3914     8.4197    24.4304   12.06184 7.1625e-02     69.187 0.0000e+00
        621 191.594398    0.04306     2.5833    155.000  1024.7457  49779.561    31.4501     68.740    6.69207     8.3781     8.4097    24.4290   12.06465 7.1114e-02     69.400 0.0000e+00
        622 191.594401    0.04312     2.5875    155.250  1024.7447  49775.447    31.4454     68.946    6.69400     8.3620     8.3982    24.4270   12.06791 7.0640e-02     69.608 0.0000e+00
        623 191.594404    0.04319     2.5917    155.500  1024.7420  49768.337    31.4383     69.146    6.69631     8.3425     8.3849    24.4234   12.07182 7.0174e-02     69.811 0.0000e+00
        624 191.594407    0.04326     2.5958    155.750  1024.7386  49759.676    31.4297     69.346    6.69911     8.3209     8.3688    24.4190   12.07656 6.9694e-02     70.012 0.0000e+00
        625 191.594410    0.04333     2.6000    156.000  1024.7379  49755.895    31.4239     69.550    6.70230     8.2999     8.3494    24.4173   12.08190 6.9200e-02     70.218 0.0000e+00
        626 191.594413    0.04340     2.6042    156.250  1024.7424  49761.448    31.4244     69.760    6.70555     8.2816     8.3277    24.4209   12.08727 6.8703e-02     70.430 0.0000e+00
        627 191.594416    0.04347     2.6083    156.500  1024.7499  49772.435    31.4288     69.976    6.70853     8.2661     8.3068    24.4273   12.09215 6.8215e-02     70.648 0.0000e+00
        628 191.594418    0.04354     2.6125    156.750  1024.7570  49782.711    31.4331     70.190    6.71111     8.2525     8.2885    24.4334   12.09636 6.7749e-02     70.865 0.0000e+00
        629 191.594421    0.04361     2.6167    157.000  1024.7619  49789.401    31.4353     70.395    6.71335     8.2394     8.2730    24.4373   12.10004 6.7331e-02     71.072 0.0000e+00
        630 191.594424    0.04368     2.6208    157.250  1024.7645  49791.908    31.4349     70.587    6.71543     8.2256     8.2593    24.4390   12.10350 6.6969e-02     71.266 0.0000e+00
        631 191.594427    0.04375     2.6250    157.500  1024.7648  49790.436    31.4317     70.769    6.71755     8.2100     8.2463    24.4384   12.10704 6.6638e-02     71.450 0.0000e+00
        632 191.594430    0.04382     2.6292    157.750  1024.7632  49785.479    31.4261     70.952    6.71989     8.1920     8.2325    24.4360   12.11098 6.6305e-02     71.634 0.0000e+00
        633 191.594433    0.04389     2.6333    158.000  1024.7610  49779.204    31.4192     71.146    6.72256     8.1723     8.2169    24.4328   12.11548 6.5969e-02     71.830 0.0000e+00
        634 191.594436    0.04396     2.6375    158.250  1024.7603  49775.634    31.4138     71.353    6.72552     8.1525     8.1990    24.4312   12.12044 6.5639e-02     72.040 0.0000e+00
        635 191.594439    0.04403     2.6417    158.500  1024.7631  49778.173    31.4125     71.570    6.72857     8.1348     8.1793    24.4330   12.12551 6.5306e-02     72.258 0.0000e+00
        636 191.594442    0.04410     2.6458    158.750  1024.7695  49787.312    31.4157     71.786    6.73144     8.1204     8.1595    24.4383   12.13022 6.4978e-02     72.476 0.0000e+00
        637 191.594444    0.04417     2.6500    159.000  1024.7777  49799.892    31.4216     71.992    6.73388     8.1095     8.1418    24.4455   12.13419 6.4674e-02     72.684 0.0000e+00
        638 191.594447    0.04424     2.6542    159.250  1024.7854  49811.887    31.4277     72.184    6.73581     8.1017     8.1274    24.4524   12.13730 6.4402e-02     72.877 0.0000e+00
        639 191.594450    0.04431     2.6583    159.500  1024.7917  49821.424    31.4326     72.363    6.73724     8.0962     8.1165    24.4578   12.13961 6.4158e-02     73.059 0.0000e+00
        640 191.594453    0.04437     2.6625    159.750  1024.7964  49828.289    31.4361     72.540    6.73828     8.0921     8.1087    24.4616   12.14127 6.3928e-02     73.237 0.0000e+00
        641 191.594456    0.04444     2.6667    160.000  1024.7997  49832.635    31.4382     72.725    6.73903     8.0888     8.1032    24.4641   12.14249 6.3685e-02     73.424 0.0000e+00
        642 191.594459    0.04451     2.6708    160.250  1024.8018  49834.707    31.4389     72.923    6.73961     8.0855     8.0991    24.4652   12.14344 6.3373e-02     73.625 0.0000e+00
        643 191.594462    0.04458     2.6750    160.500  1024.8028  49834.879    31.4384     73.136    6.74014     8.0817     8.0958    24.4653   12.14432 6.2984e-02     73.840 0.0000e+00
        644 191.594465    0.04465     2.6792    160.750  1024.8031  49833.455    31.4368     73.358    6.74070     8.0770     8.0926    24.4645   12.14528 6.2605e-02     74.063 0.0000e+00
        645 191.594468    0.04472     2.6833    161.000  1024.8027  49830.944    31.4344     73.577    6.74138     8.0713     8.0888    24.4631   12.14644 6.2295e-02     74.285 0.0000e+00
        646 191.594470    0.04479     2.6875    161.250  1024.8024  49828.541    31.4319     73.785    6.74221     8.0651     8.0841    24.4618   12.14783 6.2056e-02     74.495 0.0000e+00
        647 191.594473    0.04486     2.6917    161.500  1024.8028  49827.684    31.4303     73.974    6.74314     8.0590     8.0785    24.4614   12.14940 6.1862e-02     74.685 0.0000e+00
        648 191.594476    0.04493     2.6958    161.750  1024.8042  49828.600    31.4299     74.143    6.74410     8.0532     8.0723    24.4620   12.15099 6.1667e-02     74.857 0.0000e+00
        649 191.594479    0.04500     2.7000    162.000  1024.8059  49830.108    31.4299     74.304    6.74503     8.0477     8.0662    24.4629   12.15253 6.1459e-02     75.019 0.0000e+00
        650 191.594482    0.04507     2.7042    162.250  1024.8073  49831.213    31.4297     74.472    6.74592     8.0424     8.0604    24.4635   12.15401 6.1236e-02     75.189 0.0000e+00
        651 191.594485    0.04514     2.7083    162.500  1024.8086  49831.856    31.4292     74.659    6.74678     8.0371     8.0549    24.4639   12.15543 6.1008e-02     75.377 0.0000e+00
        652 191.594488    0.04521     2.7125    162.750  1024.8100  49832.610    31.4288     74.868    6.74762     8.0321     8.0496    24.4644   12.15682 6.0800e-02     75.588 0.0000e+00
        653 191.594491    0.04528     2.7167    163.000  1024.8117  49833.920    31.4288     75.091    6.74842     8.0275     8.0443    24.4651   12.15815 6.0604e-02     75.814 0.0000e+00
        654 191.594494    0.04535     2.7208    163.250  1024.8138  49835.731    31.4292     75.315    6.74917     8.0235     8.0393    24.4661   12.15938 6.0406e-02     76.040 0.0000e+00
        655 191.594497    0.04542     2.7250    163.500  1024.8159  49837.846    31.4298     75.526    6.74984     8.0201     8.0347    24.4673   12.16048 6.0225e-02     76.253 0.0000e+00
        656 191.594499    0.04549     2.7292    163.750  1024.8181  49840.095    31.4307     75.717    6.75042     8.0172     8.0307    24.4685   12.16143 6.0069e-02     76.445 0.0000e+00
        657 191.594502    0.04556     2.7333    164.000  1024.8200  49842.175    31.4315     75.889    6.75091     8.0149     8.0273    24.4697   12.16222 5.9919e-02     76.619 0.0000e+00
        658 191.594505    0.04562     2.7375    164.250  1024.8216  49843.764    31.4321     76.056    6.75131     8.0130     8.0245    24.4705   12.16288 5.9756e-02     76.788 0.0000e+00
        659 191.594508    0.04569     2.7417    164.500  1024.8231  49844.890    31.4324     76.232    6.75165     8.0113     8.0222    24.4711   12.16343 5.9576e-02     76.966 0.0000e+00
        660 191.594511    0.04576     2.7458    164.750  1024.8244  49845.729    31.4326     76.427    6.75193     8.0098     8.0203    24.4716   12.16390 5.9384e-02     77.163 0.0000e+00
        661 191.594514    0.04583     2.7500    165.000  1024.8256  49846.166    31.4326     76.641    6.75218     8.0083     8.0187    24.4718   12.16431 5.9188e-02     77.378 0.0000e+00
        662 191.594517    0.04590     2.7542    165.250  1024.8266  49846.114    31.4322     76.865    6.75242     8.0065     8.0172    24.4717   12.16472 5.8985e-02     77.604 0.0000e+00
        663 191.594520    0.04597     2.7583    165.500  1024.8274  49845.826    31.4316     77.088    6.75268     8.0046     8.0157    24.4715   12.16516 5.8796e-02     77.829 0.0000e+00
        664 191.594523    0.04604     2.7625    165.750  1024.8282  49845.573    31.4311     77.301    6.75297     8.0026     8.0140    24.4713   12.16564 5.8635e-02     78.045 0.0000e+00
        665 191.594525    0.04611     2.7667    166.000  1024.8290  49845.443    31.4306     77.501    6.75328     8.0004     8.0121    24.4712   12.16615 5.8485e-02     78.247 0.0000e+00
        666 191.594528    0.04618     2.7708    166.250  1024.8299  49845.465    31.4303     77.692    6.75361     7.9983     8.0101    24.4712   12.16670 5.8333e-02     78.440 0.0000e+00
        667 191.594531    0.04625     2.7750    166.500  1024.8309  49845.730    31.4300     77.881    6.75394     7.9963     8.0079    24.4713   12.16726 5.8175e-02     78.630 0.0000e+00
        668 191.594534    0.04632     2.7792    166.750  1024.8321  49846.353    31.4300     78.074    6.75427     7.9946     8.0058    24.4716   12.16780 5.8026e-02     78.825 0.0000e+00
        669 191.594537    0.04639     2.7833    167.000  1024.8335  49847.301    31.4303     78.274    6.75456     7.9931     8.0038    24.4721   12.16827 5.7902e-02     79.027 0.0000e+00
        670 191.594540    0.04646     2.7875    167.250  1024.8350  49848.411    31.4307     78.479    6.75480     7.9920     8.0021    24.4727   12.16867 5.7788e-02     79.235 0.0000e+00
        671 191.594543    0.04653     2.7917    167.500  1024.8365  49849.506    31.4312     78.686    6.75500     7.9911     8.0007    24.4732   12.16900 5.7661e-02     79.444 0.0000e+00
        672 191.594546    0.04660     2.7958    167.750  1024.8379  49850.388    31.4315     78.894    6.75516     7.9903     7.9995    24.4736   12.16926 5.7531e-02     79.654 0.0000e+00
        673 191.594549    0.04667     2.8000    168.000  1024.8391  49850.943    31.4316     79.102    6.75528     7.9897     7.9987    24.4739   12.16947 5.7422e-02     79.864 0.0000e+00
        674 191.594552    0.04674     2.8042    168.250  1024.8402  49851.228    31.4316     79.311    6.75540     7.9890     7.9979    24.4740   12.16965 5.7335e-02     80.075 0.0000e+00
        675 191.594554    0.04681     2.8083    168.500  1024.8412  49851.408    31.4316     79.520    6.75550     7.9884     7.9973    24.4740   12.16982 5.7252e-02     80.286 0.0000e+00
        676 191.594557    0.04688     2.8125    168.750  1024.8423  49851.659    31.4315     79.728    6.75560     7.9879     7.9967    24.4741   12.16998 5.7166e-02     80.497 0.0000e+00
        677 191.594560    0.04694     2.8167    169.000  1024.8433  49852.012    31.4316     79.934    6.75568     7.9874     7.9961    24.4742   12.17012 5.7075e-02     80.705 0.0000e+00
        678 191.594563    0.04701     2.8208    169.250  1024.8444  49852.368    31.4317     80.136    6.75576     7.9870     7.9956    24.4744   12.17024 5.6989e-02     80.909 0.0000e+00
        679 191.594566    0.04708     2.8250    169.500  1024.8454  49852.682    31.4317     80.334    6.75582     7.9867     7.9951    24.4745   12.17035 5.6904e-02     81.109 0.0000e+00
        680 191.594569    0.04715     2.8292    169.750  1024.8464  49852.964    31.4318     80.532    6.75588     7.9864     7.9947    24.4746   12.17045 5.6803e-02     81.308 0.0000e+00
