CTD-processing/allCTD/CNV--homogene/2015_11-04_t3_s10_cast012.cnv
* Sea-Bird SBE19plus Data File:
* FileName = C:\Users\Kris.Holderied\Documents\kasitsna\Research-KBL\Oceanography-AK\CTD-Data-ALL-to-2015-10\2015-CTD-KachemakBay-CookInlet\2015-11-EVOSTC-CookInlet-quarterly\2015-11-04-CookInlet-Tran3-AnchorPt\2015-11-04-CookInlet-Tran3-cast012.hex
* Software Version 1.59
* Temperature SN =  5028
* Conductivity SN =  5028
* System UpLoad Time = Nov 04 2015 14:02:54
** Cook Inlet LTM Tran3 Anchor Pt  Northwest to Southeast

** Date: 11-04
** Station: 3-10
** Start time (AKST): 08:03
** Depth (m): 48.2
** Comment: M/V Ursus.
** Comment:
# nquan = 17
# nvalues = 627                         
# units = specified
# name 0 = scan: Scan Count
# name 1 = timeJ: Julian Days
# name 2 = timeH: Time, Elapsed [hours]
# name 3 = timeM: Time, Elapsed [minutes]
# name 4 = timeS: Time, Elapsed [seconds]
# name 5 = density00: Density [density, kg/m^3]
# name 6 = specc: Specific Conductance [uS/cm]
# name 7 = sal00: Salinity, Practical [PSU]
# name 8 = depSM: Depth [salt water, m], lat = 59.00
# name 9 = oxsolML/L: Oxygen Saturation, Garcia & Gordon [ml/l]
# name 10 = potemp090C: Potential Temperature [ITS-90, deg C]
# name 11 = tv290C: Temperature [ITS-90, deg C]
# name 12 = sigma-é00: Density [sigma-theta, kg/m^3]
# name 13 = n2satML/L: Nitrogen Saturation [ml/l]
# name 14 = par: PAR/Irradiance, Biospherical/Licor
# name 15 = prdM: Pressure, Strain Gauge [db]
# name 16 = flag:  0.000e+00
# span 0 =          1,        627       
# span 1 = 308.335162, 308.336973       
# span 2 =    0.00000,    0.04347       
# span 3 =     0.0000,     2.6083       
# span 4 =      0.000,    156.500       
# span 5 =  1000.0230,  1023.8125       
# span 6 =    177.979,  48377.773       
# span 7 =     0.0806,    30.5144       
# span 8 =     -0.066,     49.534       
# span 9 =    6.67629,    8.83559       
# span 10 =     5.4185,     8.8000      
# span 11 =     5.4185,     8.8048      
# span 12 =     0.0234,    23.6860      
# span 13 =   12.05083,   16.08510      
# span 14 = 3.7976e-02, 1.2400e+00      
# span 15 =     -0.066,     50.008      
# span 16 = 0.0000e+00, 0.0000e+00      
# interval = seconds: 0.25
# start_time = Nov 04 2015 08:02:38 [Instrument's time stamp, header]
# bad_flag = -9.990e-29
*END*
[from data line 171]
        172 308.335657    0.01188     0.7125     42.750  1023.4979  48025.062    30.2522      1.560    6.74551     8.3334     8.4022    23.4907   12.16783 2.0838e-01      1.575 0.0000e+00
        173 308.335660    0.01194     0.7167     43.000  1023.5490  48116.244    30.3097      1.547    6.74946     8.3263     8.3597    23.5418   12.17366 2.0786e-01      1.562 0.0000e+00
        174 308.335663    0.01201     0.7208     43.250  1023.5880  48186.408    30.3548      1.516    6.75146     8.3395     8.3335    23.5809   12.17642 2.0529e-01      1.531 0.0000e+00
        175 308.335666    0.01208     0.7250     43.500  1023.6115  48229.393    30.3838      1.474    6.75127     8.3711     8.3265    23.6047   12.17575 2.0195e-01      1.489 0.0000e+00
        176 308.335668    0.01215     0.7292     43.750  1023.6225  48250.636    30.4005      1.430    6.74853     8.4146     8.3397    23.6159   12.17101 1.9848e-01      1.444 0.0000e+00
        177 308.335671    0.01222     0.7333     44.000  1023.6249  48257.028    30.4096      1.394    6.74332     8.4612     8.3713    23.6184   12.16227 1.9545e-01      1.408 0.0000e+00
        178 308.335674    0.01229     0.7375     44.250  1023.6177  48246.511    30.4086      1.375    6.73675     8.5029     8.4148    23.6114   12.15140 1.9343e-01      1.389 0.0000e+00
        179 308.335677    0.01236     0.7417     44.500  1023.5972  48211.563    30.3909      1.381    6.73046     8.5337     8.4613    23.5908   12.14120 1.9158e-01      1.394 0.0000e+00
        180 308.335680    0.01243     0.7458     44.750  1023.5622  48149.690    30.3537      1.412    6.72576     8.5496     8.5030    23.5557   12.13387 1.8885e-01      1.425 0.0000e+00
        181 308.335683    0.01250     0.7500     45.000  1023.5156  48065.901    30.2996      1.461    6.72344     8.5470     8.5339    23.5089   12.13069 1.8594e-01      1.475 0.0000e+00
        182 308.335686    0.01257     0.7542     45.250  1023.4656  47974.926    30.2384      1.516    6.72370     8.5214     8.5498    23.4586   12.13188 1.8435e-01      1.530 0.0000e+00
        183 308.335689    0.01264     0.7583     45.500  1023.4273  47904.307    30.1887      1.564    6.72626     8.4729     8.5472    23.4201   12.13674 1.8494e-01      1.579 0.0000e+00
        184 308.335692    0.01271     0.7625     45.750  1023.4193  47887.836    30.1735      1.594    6.73082     8.4140     8.5215    23.4119   12.14448 1.8703e-01      1.609 0.0000e+00
        185 308.335694    0.01278     0.7667     46.000  1023.4485  47938.493    30.2019      1.599    6.73695     8.3626     8.4730    23.4411   12.15428 1.8771e-01      1.613 0.0000e+00
        186 308.335697    0.01285     0.7708     46.250  1023.5013  48031.925    30.2586      1.575    6.74342     8.3312     8.4141    23.4940   12.16430 1.8409e-01      1.589 0.0000e+00
        187 308.335700    0.01292     0.7750     46.500  1023.5569  48131.261    30.3205      1.525    6.74853     8.3255     8.3627    23.5499   12.17200 1.7625e-01      1.539 0.0000e+00
        188 308.335703    0.01299     0.7792     46.750  1023.6019  48212.448    30.3726      1.458    6.75104     8.3466     8.3313    23.5952   12.17551 1.6615e-01      1.471 0.0000e+00
        189 308.335706    0.01306     0.7833     47.000  1023.6334  48270.365    30.4122      1.381    6.75017     8.3896     8.3256    23.6270   12.17359 1.5595e-01      1.394 0.0000e+00
        190 308.335709    0.01313     0.7875     47.250  1023.6546  48310.911    30.4436      1.306    6.74558     8.4447     8.3467    23.6486   12.16560 1.4907e-01      1.318 0.0000e+00
        191 308.335712    0.01319     0.7917     47.500  1023.6655  48333.609    30.4657      1.246    6.73808     8.5018     8.3897    23.6597   12.15290 1.4911e-01      1.258 0.0000e+00
        192 308.335715    0.01326     0.7958     47.750  1023.6627  48331.857    30.4725      1.215    6.72942     8.5536     8.4448    23.6571   12.13848 1.5651e-01      1.226 0.0000e+00
        193 308.335718    0.01333     0.8000     48.000  1023.6468  48306.189    30.4628      1.219    6.72118     8.5958     8.5019    23.6412   12.12496 1.6820e-01      1.230 0.0000e+00
        194 308.335720    0.01340     0.8042     48.250  1023.6225  48264.461    30.4411      1.258    6.71428     8.6263     8.5537    23.6167   12.11380 1.8101e-01      1.269 0.0000e+00
        195 308.335723    0.01347     0.8083     48.500  1023.5941  48214.564    30.4123      1.322    6.70916     8.6444     8.5959    23.5880   12.10568 1.9355e-01      1.334 0.0000e+00
        196 308.335726    0.01354     0.8125     48.750  1023.5641  48161.068    30.3792      1.397    6.70599     8.6492     8.6264    23.5576   12.10082 2.0465e-01      1.410 0.0000e+00
        197 308.335729    0.01361     0.8167     49.000  1023.5315  48101.998    30.3405      1.473    6.70493     8.6384     8.6446    23.5247   12.09956 2.1175e-01      1.486 0.0000e+00
        198 308.335732    0.01368     0.8208     49.250  1023.4951  48035.229    30.2946      1.538    6.70621     8.6090     8.6494    23.4880   12.10224 2.1181e-01      1.553 0.0000e+00
        199 308.335735    0.01375     0.8250     49.500  1023.4635  47976.207    30.2518      1.587    6.70971     8.5630     8.6385    23.4561   12.10856 2.0479e-01      1.602 0.0000e+00
        200 308.335738    0.01382     0.8292     49.750  1023.4480  47945.765    30.2264      1.618    6.71526     8.5085     8.6092    23.4405   12.11806 1.9436e-01      1.634 0.0000e+00
        201 308.335741    0.01389     0.8333     50.000  1023.4485  47943.711    30.2184      1.636    6.72257     8.4544     8.5631    23.4410   12.13027 1.8453e-01      1.652 0.0000e+00
        202 308.335744    0.01396     0.8375     50.250  1023.4597  47960.662    30.2225      1.646    6.73064     8.4060     8.5087    23.4521   12.14357 1.7779e-01      1.661 0.0000e+00
        203 308.335747    0.01403     0.8417     50.500  1023.4790  47992.750    30.2372      1.647    6.73821     8.3675     8.4546    23.4714   12.15593 1.7450e-01      1.663 0.0000e+00
        204 308.335749    0.01410     0.8458     50.750  1023.5031  48034.131    30.2591      1.639    6.74460     8.3417     8.4062    23.4955   12.16624 1.7294e-01      1.654 0.0000e+00
        205 308.335752    0.01417     0.8500     51.000  1023.5265  48075.057    30.2821      1.616    6.74945     8.3289     8.3677    23.5191   12.17400 1.7047e-01      1.631 0.0000e+00
        206 308.335755    0.01424     0.8542     51.250  1023.5456  48108.803    30.3019      1.576    6.75251     8.3267     8.3418    23.5383   12.17882 1.6538e-01      1.591 0.0000e+00
        207 308.335758    0.01431     0.8583     51.500  1023.5614  48137.545    30.3202      1.518    6.75366     8.3328     8.3290    23.5545   12.18050 1.5805e-01      1.532 0.0000e+00
        208 308.335761    0.01438     0.8625     51.750  1023.5791  48170.245    30.3427      1.446    6.75301     8.3467     8.3268    23.5724   12.17914 1.5039e-01      1.459 0.0000e+00
        209 308.335764    0.01444     0.8667     52.000  1023.6001  48209.645    30.3711      1.365    6.75084     8.3696     8.3329    23.5938   12.17519 1.4411e-01      1.378 0.0000e+00
        210 308.335767    0.01451     0.8708     52.250  1023.6204  48248.254    30.4001      1.284    6.74745     8.4035     8.3468    23.6145   12.16922 1.3883e-01      1.296 0.0000e+00
        211 308.335770    0.01458     0.8750     52.500  1023.6363  48279.172    30.4250      1.212    6.74288     8.4478     8.3697    23.6307   12.16134 1.3359e-01      1.224 0.0000e+00
        212 308.335773    0.01465     0.8792     52.750  1023.6464  48300.051    30.4445      1.159    6.73689     8.4978     8.4036    23.6411   12.15119 1.3001e-01      1.170 0.0000e+00
        213 308.335775    0.01472     0.8833     53.000  1023.6498  48309.045    30.4572      1.135    6.72961     8.5476     8.4479    23.6446   12.13898 1.3047e-01      1.146 0.0000e+00
        214 308.335778    0.01479     0.8875     53.250  1023.6461  48305.078    30.4616      1.146    6.72183     8.5925     8.4979    23.6408   12.12604 1.3519e-01      1.157 0.0000e+00
        215 308.335781    0.01486     0.8917     53.500  1023.6358  48288.951    30.4574      1.195    6.71449     8.6299     8.5477    23.6303   12.11393 1.4204e-01      1.206 0.0000e+00
        216 308.335784    0.01493     0.8958     53.750  1023.6217  48265.199    30.4472      1.275    6.70815     8.6591     8.5926    23.6158   12.10356 1.4818e-01      1.286 0.0000e+00
        217 308.335787    0.01500     0.9000     54.000  1023.6083  48242.325    30.4366      1.371    6.70296     8.6794     8.6301    23.6020   12.09510 1.5452e-01      1.383 0.0000e+00
        218 308.335790    0.01507     0.9042     54.250  1023.5956  48220.239    30.4252      1.470    6.69906     8.6893     8.6592    23.5888   12.08878 1.6541e-01      1.484 0.0000e+00
        219 308.335793    0.01514     0.9083     54.500  1023.5781  48188.829    30.4061      1.566    6.69683     8.6862     8.6795    23.5709   12.08533 1.7990e-01      1.580 0.0000e+00
        220 308.335796    0.01521     0.9125     54.750  1023.5527  48142.346    30.3750      1.650    6.69669     8.6670     8.6894    23.5451   12.08549 1.9068e-01      1.666 0.0000e+00
        221 308.335799    0.01528     0.9167     55.000  1023.5197  48081.214    30.3318      1.713    6.69903     8.6293     8.6864    23.5118   12.08988 1.9349e-01      1.729 0.0000e+00
        222 308.335802    0.01535     0.9208     55.250  1023.4835  48013.601    30.2819      1.741    6.70410     8.5753     8.6672    23.4755   12.09888 1.8935e-01      1.757 0.0000e+00
        223 308.335804    0.01542     0.9250     55.500  1023.4600  47968.252    30.2449      1.726    6.71140     8.5141     8.6295    23.4520   12.11144 1.8120e-01      1.742 0.0000e+00
        224 308.335807    0.01549     0.9292     55.750  1023.4662  47976.697    30.2431      1.672    6.71964     8.4586     8.5754    23.4585   12.12511 1.7033e-01      1.687 0.0000e+00
        225 308.335810    0.01556     0.9333     56.000  1023.5004  48036.109    30.2759      1.586    6.72746     8.4186     8.5143    23.4931   12.13766 1.5638e-01      1.601 0.0000e+00
        226 308.335813    0.01563     0.9375     56.250  1023.5452  48115.685    30.3236      1.481    6.73380     8.3991     8.4587    23.5384   12.14757 1.4132e-01      1.495 0.0000e+00
        227 308.335816    0.01569     0.9417     56.500  1023.5858  48188.393    30.3686      1.370    6.73790     8.4023     8.4187    23.5795   12.15379 1.2838e-01      1.383 0.0000e+00
        228 308.335819    0.01576     0.9458     56.750  1023.6174  48246.015    30.4061      1.263    6.73921     8.4273     8.3993    23.6116   12.15551 1.1938e-01      1.275 0.0000e+00
        229 308.335822    0.01583     0.9500     57.000  1023.6405  48289.028    30.4366      1.173    6.73740     8.4668     8.4024    23.6351   12.15213 1.1421e-01      1.185 0.0000e+00
        230 308.335825    0.01590     0.9542     57.250  1023.6491  48306.746    30.4526      1.110    6.73289     8.5078     8.4275    23.6440   12.14447 1.1123e-01      1.121 0.0000e+00
        231 308.335828    0.01597     0.9583     57.500  1023.6347  48282.898    30.4417      1.078    6.72737     8.5386     8.4670    23.6298   12.13546 1.0902e-01      1.088 0.0000e+00
        232 308.335830    0.01604     0.9625     57.750  1023.5976  48217.397    30.4019      1.076    6.72289     8.5519     8.5079    23.5926   12.12854 1.0707e-01      1.086 0.0000e+00
        233 308.335833    0.01611     0.9667     58.000  1023.5515  48134.778    30.3487      1.101    6.72055     8.5455     8.5387    23.5465   12.12531 1.0559e-01      1.112 0.0000e+00
        234 308.335836    0.01618     0.9708     58.250  1023.5213  48079.803    30.3122      1.149    6.72012     8.5279     8.5520    23.5160   12.12506 1.0564e-01      1.160 0.0000e+00
        235 308.335839    0.01625     0.9750     58.500  1023.5265  48088.332    30.3172      1.220    6.72088     8.5186     8.5456    23.5209   12.12625 1.0867e-01      1.231 0.0000e+00
        236 308.335842    0.01632     0.9792     58.750  1023.5648  48156.697    30.3623      1.317    6.72156     8.5309     8.5280    23.5588   12.12683 1.1616e-01      1.330 0.0000e+00
        237 308.335845    0.01639     0.9833     59.000  1023.6104  48238.681    30.4182      1.431    6.72053     8.5578     8.5188    23.6039   12.12444 1.2698e-01      1.444 0.0000e+00
        238 308.335848    0.01646     0.9875     59.250  1023.6300  48274.428    30.4448      1.532    6.71752     8.5822     8.5310    23.6230   12.11912 1.3643e-01      1.547 0.0000e+00
        239 308.335851    0.01653     0.9917     59.500  1023.6129  48244.228    30.4276      1.602    6.71420     8.5914     8.5580    23.6055   12.11383 1.4012e-01      1.617 0.0000e+00
        240 308.335854    0.01660     0.9958     59.750  1023.5748  48175.712    30.3832      1.638    6.71245     8.5829     8.5824    23.5672   12.11148 1.3697e-01      1.653 0.0000e+00
        241 308.335856    0.01667     1.0000     60.000  1023.5382  48109.352    30.3382      1.642    6.71302     8.5636     8.5915    23.5306   12.11298 1.2911e-01      1.658 0.0000e+00
        242 308.335859    0.01674     1.0042     60.250  1023.5211  48077.594    30.3148      1.618    6.71532     8.5436     8.5831    23.5136   12.11707 1.2000e-01      1.633 0.0000e+00
        243 308.335862    0.01681     1.0083     60.500  1023.5274  48088.298    30.3196      1.570    6.71802     8.5282     8.5638    23.5201   12.12149 1.1216e-01      1.585 0.0000e+00
        244 308.335865    0.01688     1.0125     60.750  1023.5462  48121.988    30.3403      1.506    6.72016     8.5182     8.5437    23.5392   12.12476 1.0662e-01      1.521 0.0000e+00
        245 308.335868    0.01694     1.0167     61.000  1023.5643  48154.775    30.3610      1.436    6.72157     8.5124     8.5284    23.5577   12.12685 1.0367e-01      1.449 0.0000e+00
        246 308.335871    0.01701     1.0208     61.250  1023.5774  48178.654    30.3763      1.366    6.72242     8.5098     8.5183    23.5711   12.12807 1.0296e-01      1.379 0.0000e+00
        247 308.335874    0.01708     1.0250     61.500  1023.5873  48196.927    30.3882      1.302    6.72278     8.5105     8.5125    23.5813   12.12852 1.0353e-01      1.314 0.0000e+00
        248 308.335877    0.01715     1.0292     61.750  1023.5959  48212.884    30.3990      1.249    6.72270     8.5149     8.5099    23.5901   12.12824 1.0472e-01      1.260 0.0000e+00
        249 308.335880    0.01722     1.0333     62.000  1023.6028  48225.974    30.4082      1.208    6.72220     8.5242     8.5106    23.5973   12.12730 1.0650e-01      1.220 0.0000e+00
        250 308.335883    0.01729     1.0375     62.250  1023.6065  48233.187    30.4139      1.184    6.72128     8.5390     8.5150    23.6011   12.12571 1.0931e-01      1.196 0.0000e+00
        251 308.335885    0.01736     1.0417     62.500  1023.6066  48233.879    30.4157      1.181    6.71979     8.5591     8.5243    23.6011   12.12324 1.1408e-01      1.192 0.0000e+00
        252 308.335888    0.01743     1.0458     62.750  1023.6048  48231.347    30.4161      1.200    6.71754     8.5827     8.5391    23.5992   12.11950 1.2202e-01      1.211 0.0000e+00
        253 308.335891    0.01750     1.0500     63.000  1023.6032  48229.334    30.4175      1.244    6.71445     8.6064     8.5592    23.5974   12.11436 1.3342e-01      1.256 0.0000e+00
        254 308.335894    0.01757     1.0542     63.250  1023.5994  48223.330    30.4167      1.310    6.71092     8.6258     8.5828    23.5933   12.10854 1.4650e-01      1.322 0.0000e+00
        255 308.335897    0.01764     1.0583     63.500  1023.5869  48201.408    30.4047      1.389    6.70786     8.6363     8.6066    23.5805   12.10361 1.5933e-01      1.402 0.0000e+00
