CTD-processing/allCTD/CNV--homogene/2015_04-08_t4_s06_cast026.cnv
* Sea-Bird SBE19plus Data File:
* FileName = C:\Users\kris.holderied\Documents\kasitsna\Research-Projects-and-Data\Oceanography-AK\CTD-Data-ALL-to-2015-02\2015-CTD-KachemakBay-CookInlet\2015-04-EVOSTC-CookInlet-quarterly\2015-04-08-CookInlet-Tran4-Barabara\2015-04-08-CookInlet-Tran4-cast026.hex
* Software Version 1.59
* Temperature SN =  5028
* Conductivity SN =  5028
* System UpLoad Time = Apr 09 2015 19:23:04
** Cook Inlet LTM Tran 4 (Barabara) South to North
** Date: 04-08
** Station: 4-06
** Start time:  10:19
** Depth (m): 58
** Comment:  KBL CTD. Time is local (AKDT)
** Comment: On R/V Pandalus.
# nquan = 17
# nvalues = 531                         
# units = specified
# name 0 = scan: Scan Count
# name 1 = timeJ: Julian Days
# name 2 = timeH: Time, Elapsed [hours]
# name 3 = timeM: Time, Elapsed [minutes]
# name 4 = timeS: Time, Elapsed [seconds]
# name 5 = density00: Density [density, kg/m^3]
# name 6 = specc: Specific Conductance [uS/cm]
# name 7 = sal00: Salinity, Practical [PSU]
# name 8 = depSM: Depth [salt water, m], lat = 59.00
# name 9 = oxsolML/L: Oxygen Saturation, Garcia & Gordon [ml/l]
# name 10 = potemp090C: Potential Temperature [ITS-90, deg C]
# name 11 = tv290C: Temperature [ITS-90, deg C]
# name 12 = sigma-é00: Density [sigma-theta, kg/m^3]
# name 13 = n2satML/L: Nitrogen Saturation [ml/l]
# name 14 = par: PAR/Irradiance, Biospherical/Licor
# name 15 = prdM: Pressure, Strain Gauge [db]
# name 16 = flag:  0.000e+00
# span 0 =          1,        531       
# span 1 =  98.431458,  98.432992       
# span 2 =    0.00000,    0.03681       
# span 3 =     0.0000,     2.2083       
# span 4 =      0.000,    132.500       
# span 5 =  1000.3800,  1025.1887       
# span 6 =   1043.583,  50707.223       
# span 7 =     0.5105,    31.6129       
# span 8 =     -0.202,     57.622       
# span 9 =    7.12002,    8.98782       
# span 10 =     4.6484,     5.6942      
# span 11 =     4.6469,     5.6954      
# span 12 =     0.3810,    24.9194      
# span 13 =   12.77092,   16.33382      
# span 14 = 9.2778e-02, 1.0574e+02      
# span 15 =     -0.204,     58.174      
# span 16 = 0.0000e+00, 0.0000e+00      
# interval = seconds: 0.25
# start_time = Apr 08 2015 10:21:18 [Instrument's time stamp, header]
# bad_flag = -9.990e-29
*END*
          1  98.431458    0.00000     0.0000      0.000  1000.3800   1043.583     0.5105     -0.199    8.98782     4.6484     4.6469     0.3810   16.33382 9.3971e+01     -0.201 0.0000e+00
          2  98.431461    0.00007     0.0042      0.250  1000.4240   1138.983     0.5659     -0.200    8.98459     4.6499     4.6475     0.4250   16.32758 9.5571e+01     -0.202 0.0000e+00
          3  98.431464    0.00014     0.0083      0.500  1000.4938   1288.947     0.6538     -0.200    8.97948     4.6525     4.6484     0.4948   16.31770 9.7123e+01     -0.202 0.0000e+00
          4  98.431467    0.00021     0.0125      0.750  1000.6027   1520.546     0.7913     -0.200    8.97150     4.6569     4.6499     0.6037   16.30230 9.8389e+01     -0.202 0.0000e+00
          5  98.431470    0.00028     0.0167      1.000  1000.7772   1888.465     1.0114     -0.199    8.95873     4.6642     4.6525     0.7782   16.27767 9.9504e+01     -0.201 0.0000e+00
          6  98.431473    0.00035     0.0208      1.250  1001.0618   2486.117     1.3705     -0.198    8.93790     4.6766     4.6569     1.0628   16.23751 1.0027e+02     -0.200 0.0000e+00
          7  98.431476    0.00042     0.0250      1.500  1001.5266   3458.301     1.9571     -0.196    8.90389     4.6972     4.6642     1.5275   16.17194 9.9867e+01     -0.198 0.0000e+00
          8  98.431479    0.00049     0.0292      1.750  1002.2850   5038.188     2.9146     -0.192    8.84839     4.7316     4.6766     2.2859   16.06501 9.8354e+01     -0.194 0.0000e+00
          9  98.431481    0.00056     0.0333      2.000  1003.5294   7622.346     4.4859     -0.185    8.75737     4.7890     4.6972     3.5303   15.88963 9.6978e+01     -0.187 0.0000e+00
         10  98.431484    0.00063     0.0375      2.250  1005.5882  11891.509     7.0859     -0.172    8.60677     4.8791     4.7316     5.5891   15.59953 9.6788e+01     -0.174 0.0000e+00
         11  98.431487    0.00069     0.0417      2.500  1008.8213  18546.484    11.1706     -0.152    8.37051     4.9954     4.7890     8.8221   15.14479 9.7893e+01     -0.153 0.0000e+00
         12  98.431490    0.00076     0.0458      2.750  1012.5470  26138.433    15.8818     -0.126    8.09524     5.1121     4.8791    12.5476   14.61650 9.9333e+01     -0.127 0.0000e+00
         13  98.431493    0.00083     0.0500      3.000  1015.0525  31213.133    19.0554     -0.103    7.89983     5.2081     4.9954    15.0530   14.24442 1.0014e+02     -0.104 0.0000e+00
         14  98.431496    0.00090     0.0542      3.250  1015.5141  32171.258    19.6461     -0.093    7.84364     5.2760     5.1121    15.5145   14.14192 1.0023e+02     -0.094 0.0000e+00
         15  98.431499    0.00097     0.0583      3.500  1013.9083  28999.174    17.6196     -0.099    7.93056     5.3155     5.2081    13.9088   14.31540 1.0029e+02     -0.100 0.0000e+00
         16  98.431502    0.00104     0.0625      3.750  1010.7280  22645.449    13.5985     -0.118    8.12952     5.3318     5.2760    10.7286   14.70464 1.0074e+02     -0.119 0.0000e+00
         17  98.431505    0.00111     0.0667      4.000  1007.4790  16074.210     9.4894     -0.143    8.34104     5.3347     5.3155     7.4797   15.11710 1.0120e+02     -0.145 0.0000e+00
         18  98.431508    0.00118     0.0708      4.250  1005.1867  11386.033     6.5906     -0.166    8.49406     5.3323     5.3318     5.1875   15.41507 1.0130e+02     -0.168 0.0000e+00
         19  98.431510    0.00125     0.0750      4.500  1003.7512   8434.372     4.7755     -0.181    8.59180     5.3280     5.3347     3.7521   15.60503 1.0099e+02     -0.183 0.0000e+00
         20  98.431513    0.00132     0.0792      4.750  1002.8683   6613.215     3.6592     -0.190    8.65296     5.3227     5.3323     2.8693   15.72365 1.0063e+02     -0.192 0.0000e+00
         21  98.431516    0.00139     0.0833      5.000  1002.3483   5542.824     3.0015     -0.195    8.68959     5.3169     5.3280     2.3493   15.79453 1.0071e+02     -0.197 0.0000e+00
         22  98.431519    0.00146     0.0875      5.250  1002.0587   4952.299     2.6349     -0.198    8.71053     5.3106     5.3227     2.0597   15.83486 1.0134e+02     -0.200 0.0000e+00
         23  98.431522    0.00153     0.0917      5.500  1001.8995   4631.462     2.4333     -0.200    8.72265     5.3042     5.3169     1.9005   15.85801 1.0228e+02     -0.202 0.0000e+00
         24  98.431525    0.00160     0.0958      5.750  1001.8008   4430.809     2.3082     -0.202    8.73078     5.2976     5.3106     1.8019   15.87342 1.0343e+02     -0.204 0.0000e+00
         25  98.431528    0.00167     0.1000      6.000  1001.7245   4269.586     2.2116     -0.202    8.73754     5.2911     5.3041     1.7255   15.88619 1.0462e+02     -0.204 0.0000e+00
         26  98.431531    0.00174     0.1042      6.250  1001.6547   4115.482     2.1234     -0.202    8.74398     5.2848     5.2976     1.6557   15.89833 1.0542e+02     -0.204 0.0000e+00
         27  98.431534    0.00181     0.1083      6.500  1001.5891   3965.068     2.0406     -0.202    8.75020     5.2785     5.2911     1.5901   15.91009 1.0574e+02     -0.204 0.0000e+00
         28  98.431536    0.00187     0.1125      6.750  1001.5345   3835.005     1.9719     -0.202    8.75568     5.2726     5.2847     1.5355   15.92041 1.0558e+02     -0.204 0.0000e+00
         29  98.431539    0.00194     0.1167      7.000  1001.5036   3753.862     1.9331     -0.201    8.75950     5.2670     5.2785     1.5045   15.92752 1.0493e+02     -0.203 0.0000e+00
         30  98.431542    0.00201     0.1208      7.250  1001.5108   3753.397     1.9425     -0.199    8.76061     5.2620     5.2726     1.5117   15.92938 1.0415e+02     -0.201 0.0000e+00
         31  98.431545    0.00208     0.1250      7.500  1001.5714   3864.941     2.0196     -0.197    8.75795     5.2582     5.2670     1.5724   15.92392 1.0354e+02     -0.198 0.0000e+00
         32  98.431548    0.00215     0.1292      7.750  1001.7095   4136.519     2.1945     -0.192    8.74984     5.2561     5.2620     1.7105   15.90790 1.0322e+02     -0.194 0.0000e+00
         33  98.431551    0.00222     0.1333      8.000  1001.9701   4659.967     2.5244     -0.185    8.73311     5.2572     5.2582     1.9710   15.87521 1.0282e+02     -0.187 0.0000e+00
         34  98.431554    0.00229     0.1375      8.250  1002.4380   5611.431     3.1167     -0.174    8.70177     5.2634     5.2561     2.4389   15.81424 1.0169e+02     -0.176 0.0000e+00
         35  98.431557    0.00236     0.1417      8.500  1003.2578   7291.575     4.1543     -0.155    8.64560     5.2781     5.2572     3.2586   15.70519 9.9625e+01     -0.157 0.0000e+00
         36  98.431560    0.00243     0.1458      8.750  1004.6611  10178.998     5.9299     -0.124    8.54826     5.3066     5.2634     4.6618   15.51645 9.6418e+01     -0.125 0.0000e+00
         37  98.431562    0.00250     0.1500      9.000  1007.0293  15060.784     8.9262     -0.072    8.38289     5.3515     5.2781     7.0297   15.19601 9.1543e+01     -0.073 0.0000e+00
         38  98.431565    0.00257     0.1542      9.250  1010.4490  22061.233    13.2544      0.013    8.14404     5.4075     5.3066    10.4490   14.73384 8.3991e+01      0.013 0.0000e+00
         39  98.431568    0.00264     0.1583      9.500  1014.4275  30056.579    18.2931      0.146    7.86834     5.4643     5.3515    14.4268   14.20179 7.1942e+01      0.147 0.0000e+00
         40  98.431571    0.00271     0.1625      9.750  1018.1361  37380.284    22.9929      0.334    7.61284     5.5122     5.4075    18.1345   13.71015 5.6922e+01      0.337 0.0000e+00
         41  98.431574    0.00278     0.1667     10.000  1020.8012  42607.149    26.3726      0.558    7.42750     5.5458     5.4643    20.7986   13.35448 4.4890e+01      0.563 0.0000e+00
         42  98.431577    0.00285     0.1708     10.250  1022.3964  45734.340    28.3970      0.773    7.31409     5.5644     5.5123    22.3928   13.13749 3.8490e+01      0.780 0.0000e+00
         43  98.431580    0.00292     0.1750     10.500  1023.3406  47586.153    29.5957      0.931    7.24600     5.5720     5.5458    23.3362   13.00743 3.5657e+01      0.940 0.0000e+00
         44  98.431583    0.00299     0.1792     10.750  1023.8927  48671.195    30.2967      1.013    7.20627     5.5739     5.5645    23.8880   12.93147 3.4438e+01      1.022 0.0000e+00
         45  98.431586    0.00306     0.1833     11.000  1024.2097  49296.474    30.6988      1.031    7.18392     5.5739     5.5721    24.2049   12.88859 3.3913e+01      1.041 0.0000e+00
         46  98.431589    0.00313     0.1875     11.250  1024.3795  49634.552    30.9141      1.011    7.17220     5.5744     5.5739    24.3748   12.86600 3.3381e+01      1.021 0.0000e+00
         47  98.431591    0.00319     0.1917     11.500  1024.4472  49774.806    31.0000      0.971    7.16742     5.5763     5.5740    24.4426   12.85671 3.2657e+01      0.981 0.0000e+00
         48  98.431594    0.00326     0.1958     11.750  1024.4326  49757.606    30.9819      0.924    7.16780     5.5796     5.5744    24.4282   12.85741 3.1976e+01      0.933 0.0000e+00
         49  98.431597    0.00333     0.2000     12.000  1024.3574  49625.180    30.8874      0.877    7.17175     5.5840     5.5763    24.3533   12.86505 3.1161e+01      0.885 0.0000e+00
         50  98.431600    0.00340     0.2042     12.250  1024.2792  49484.633    30.7891      0.836    7.17573     5.5889     5.5796    24.2752   12.87283 3.0012e+01      0.844 0.0000e+00
         51  98.431603    0.00347     0.2083     12.500  1024.2591  49449.580    30.7645      0.805    7.17607     5.5940     5.5840    24.2553   12.87367 2.9040e+01      0.813 0.0000e+00
         52  98.431606    0.00354     0.2125     12.750  1024.3083  49541.207    30.8277      0.787    7.17217     5.5990     5.5890    24.3046   12.86638 2.8931e+01      0.794 0.0000e+00
         53  98.431609    0.00361     0.2167     13.000  1024.4075  49723.953    30.9539      0.781    7.16525     5.6035     5.5941    24.4038   12.85331 2.9675e+01      0.789 0.0000e+00
         54  98.431612    0.00368     0.2208     13.250  1024.5201  49931.083    31.0971      0.790    7.15756     5.6077     5.5990    24.5164   12.83876 3.0705e+01      0.797 0.0000e+00
         55  98.431615    0.00375     0.2250     13.500  1024.6089  50094.009    31.2099      0.813    7.15139     5.6114     5.6036    24.6051   12.82711 3.1697e+01      0.821 0.0000e+00
         56  98.431617    0.00382     0.2292     13.750  1024.6689  50203.853    31.2862      0.852    7.14704     5.6143     5.6078    24.6649   12.81894 3.2736e+01      0.860 0.0000e+00
         57  98.431620    0.00389     0.2333     14.000  1024.7093  50277.519    31.3376      0.909    7.14396     5.6162     5.6115    24.7051   12.81320 3.3740e+01      0.917 0.0000e+00
         58  98.431623    0.00396     0.2375     14.250  1024.7339  50321.899    31.3686      0.985    7.14198     5.6168     5.6144    24.7293   12.80953 3.4451e+01      0.994 0.0000e+00
         59  98.431626    0.00403     0.2417     14.500  1024.7454  50342.202    31.3829      1.080    7.14097     5.6153     5.6163    24.7404   12.80768 3.4740e+01      1.090 0.0000e+00
         60  98.431629    0.00410     0.2458     14.750  1024.7466  50343.532    31.3839      1.187    7.14082     5.6105     5.6169    24.7411   12.80742 3.4652e+01      1.198 0.0000e+00
         61  98.431632    0.00417     0.2500     15.000  1024.7390  50328.895    31.3734      1.296    7.14157     5.6004     5.6155    24.7330   12.80879 3.4541e+01      1.308 0.0000e+00
         62  98.431635    0.00424     0.2542     15.250  1024.7263  50305.156    31.3560      1.392    7.14322     5.5837     5.6106    24.7198   12.81174 3.4806e+01      1.405 0.0000e+00
         63  98.431638    0.00431     0.2583     15.500  1024.7180  50290.212    31.3437      1.461    7.14551     5.5621     5.6005    24.7111   12.81568 3.5572e+01      1.475 0.0000e+00
         64  98.431641    0.00438     0.2625     15.750  1024.7219  50298.523    31.3460      1.495    7.14823     5.5408     5.5838    24.7149   12.82014 3.6804e+01      1.509 0.0000e+00
         65  98.431644    0.00444     0.2667     16.000  1024.7368  50327.763    31.3618      1.487    7.15114     5.5251     5.5622    24.7299   12.82476 3.8394e+01      1.501 0.0000e+00
         66  98.431646    0.00451     0.2708     16.250  1024.7571  50367.143    31.3846      1.440    7.15367     5.5179     5.5409    24.7504   12.82863 4.0238e+01      1.453 0.0000e+00
         67  98.431649    0.00458     0.2750     16.500  1024.7773  50406.258    31.4084      1.357    7.15520     5.5205     5.5252    24.7710   12.83086 4.2253e+01      1.370 0.0000e+00
         68  98.431652    0.00465     0.2792     16.750  1024.7936  50437.621    31.4287      1.250    7.15545     5.5314     5.5180    24.7877   12.83101 4.4466e+01      1.262 0.0000e+00
         69  98.431655    0.00472     0.2833     17.000  1024.8044  50458.226    31.4435      1.130    7.15430     5.5467     5.5206    24.7991   12.82893 4.6552e+01      1.141 0.0000e+00
         70  98.431658    0.00479     0.2875     17.250  1024.8082  50465.150    31.4505      1.012    7.15213     5.5629     5.5314    24.8034   12.82525 4.7673e+01      1.022 0.0000e+00
         71  98.431661    0.00486     0.2917     17.500  1024.8030  50455.220    31.4468      0.907    7.14971     5.5775     5.5468    24.7988   12.82129 4.7620e+01      0.916 0.0000e+00
         72  98.431664    0.00493     0.2958     17.750  1024.7910  50432.394    31.4344      0.825    7.14756     5.5894     5.5630    24.7871   12.81790 4.6624e+01      0.833 0.0000e+00
         73  98.431667    0.00500     0.3000     18.000  1024.7766  50405.163    31.4186      0.770    7.14584     5.5987     5.5776    24.7730   12.81526 4.4867e+01      0.777 0.0000e+00
         74  98.431670    0.00507     0.3042     18.250  1024.7635  50380.441    31.4040      0.743    7.14451     5.6056     5.5895    24.7601   12.81325 4.2901e+01      0.750 0.0000e+00
         75  98.431672    0.00514     0.3083     18.500  1024.7539  50362.005    31.3931      0.743    7.14346     5.6105     5.5987    24.7505   12.81166 4.1222e+01      0.750 0.0000e+00
         76  98.431675    0.00521     0.3125     18.750  1024.7464  50347.378    31.3844      0.766    7.14271     5.6136     5.6056    24.7428   12.81053 3.9907e+01      0.773 0.0000e+00
         77  98.431678    0.00528     0.3167     19.000  1024.7379  50331.143    31.3742      0.806    7.14236     5.6150     5.6105    24.7342   12.81009 3.8978e+01      0.814 0.0000e+00
         78  98.431681    0.00535     0.3208     19.250  1024.7269  50310.333    31.3605      0.857    7.14249     5.6145     5.6137    24.7229   12.81047 3.8498e+01      0.865 0.0000e+00
         79  98.431684    0.00542     0.3250     19.500  1024.7150  50287.997    31.3453      0.910    7.14297     5.6121     5.6150    24.7108   12.81146 3.8396e+01      0.919 0.0000e+00
         80  98.431687    0.00549     0.3292     19.750  1024.7072  50273.289    31.3351      0.962    7.14354     5.6083     5.6145    24.7028   12.81253 3.8561e+01      0.971 0.0000e+00
         81  98.431690    0.00556     0.3333     20.000  1024.7080  50274.450    31.3354      1.010    7.14393     5.6046     5.6121    24.7033   12.81317 3.9025e+01      1.019 0.0000e+00
         82  98.431693    0.00562     0.3375     20.250  1024.7194  50295.320    31.3490      1.054    7.14393     5.6029     5.6083    24.7144   12.81300 3.9804e+01      1.064 0.0000e+00
         83  98.431696    0.00569     0.3417     20.500  1024.7388  50330.937    31.3728      1.098    7.14342     5.6036     5.6047    24.7337   12.81185 4.0582e+01      1.109 0.0000e+00
         84  98.431698    0.00576     0.3458     20.750  1024.7586  50366.962    31.3972      1.147    7.14254     5.6057     5.6030    24.7532   12.81009 4.0981e+01      1.158 0.0000e+00
         85  98.431701    0.00583     0.3500     21.000  1024.7717  50390.564    31.4136      1.204    7.14164     5.6072     5.6037    24.7661   12.80839 4.0950e+01      1.215 0.0000e+00
