CTD-processing/allCTD/CNV--homogene/2015_02-23_t6_s06_cast242.cnv
* Sea-Bird SBE19plus Data File:
* FileName = C:\Users\amdoroff\Desktop\2015_02_23_CookInlet_Tran6_Douglas\2015_02_23_CookInlet_Tran6_cast242.hex
* Software Version 1.59
* Temperature SN =  4141
* Conductivity SN =  4141
* System UpLoad Time = Feb 24 2015 01:48:24
** Cook Inlet LTM Tran6 Douglas W to E
** Date 02-23
** Station: 6-06
** Start Time (AKST): 22:59
** Depth (m): 141
** Comment: Dark.
** Comment: On R/V Pandalus. Transect crossed 23-24 Feb.
# nquan = 17
# nvalues = 938                         
# units = specified
# name 0 = scan: Scan Count
# name 1 = timeJ: Julian Days
# name 2 = timeH: Time, Elapsed [hours]
# name 3 = timeM: Time, Elapsed [minutes]
# name 4 = timeS: Time, Elapsed [seconds]
# name 5 = density00: Density [density, kg/m^3]
# name 6 = specc: Specific Conductance [uS/cm]
# name 7 = sal00: Salinity, Practical [PSU]
# name 8 = depSM: Depth [salt water, m], lat = 59.00
# name 9 = oxsolML/L: Oxygen Saturation, Garcia & Gordon [ml/l]
# name 10 = potemp090C: Potential Temperature [ITS-90, deg C]
# name 11 = tv290C: Temperature [ITS-90, deg C]
# name 12 = sigma-é00: Density [sigma-theta, kg/m^3]
# name 13 = n2satML/L: Nitrogen Saturation [ml/l]
# name 14 = par: PAR/Irradiance, Biospherical/Licor
# name 15 = prdM: Pressure, Strain Gauge [db]
# name 16 = flag:  0.000e+00
# span 0 =          1,        938       
# span 1 =  54.957581,  54.960292       
# span 2 =    0.00000,    0.06507       
# span 3 =     0.0000,     3.9042       
# span 4 =      0.000,    234.250       
# span 5 =  1000.3009,  1025.5087       
# span 6 =    859.057,  50609.451       
# span 7 =     0.4074,    31.6437       
# span 8 =      0.028,    139.798       
# span 9 =    7.02640,    9.03373       
# span 10 =     4.4706,     6.2241      
# span 11 =     4.4706,     6.2357      
# span 12 =     0.3008,    24.8943      
# span 13 =   12.61533,   16.41243      
# span 14 = 3.6382e-02, 7.2809e-01      
# span 15 =      0.028,    141.165      
# span 16 = 0.0000e+00, 0.0000e+00      
# interval = seconds: 0.25
# start_time = Feb 23 2015 22:58:55 [Instrument's time stamp, header]
# bad_flag = -9.990e-29
*END*
[from data line 171]
        172  54.958076    0.01188     0.7125     42.750  1024.7991  50403.783    31.5236      1.405    7.05055     6.1312     6.1174    24.7925   12.65648 3.7389e-02      1.419 0.0000e+00
        173  54.958079    0.01194     0.7167     43.000  1024.8031  50410.651    31.5297      1.420    7.04908     6.1365     6.1245    24.7965   12.65398 3.7143e-02      1.433 0.0000e+00
        174  54.958082    0.01201     0.7208     43.250  1024.8012  50406.551    31.5282      1.445    7.04803     6.1393     6.1313    24.7944   12.65225 3.7099e-02      1.459 0.0000e+00
        175  54.958084    0.01208     0.7250     43.500  1024.7923  50389.759    31.5176      1.477    7.04765     6.1391     6.1366    24.7854   12.65176 3.7246e-02      1.490 0.0000e+00
        176  54.958087    0.01215     0.7292     43.750  1024.7774  50362.074    31.4989      1.511    7.04805     6.1353     6.1394    24.7703   12.65266 3.7624e-02      1.525 0.0000e+00
        177  54.958090    0.01222     0.7333     44.000  1024.7610  50331.712    31.4779      1.547    7.04907     6.1269     6.1392    24.7537   12.65461 3.8333e-02      1.561 0.0000e+00
        178  54.958093    0.01229     0.7375     44.250  1024.7479  50307.805    31.4606      1.582    7.05051     6.1131     6.1354    24.7406   12.65721 3.9563e-02      1.598 0.0000e+00
        179  54.958096    0.01236     0.7417     44.500  1024.7409  50295.191    31.4502      1.617    7.05237     6.0943     6.1271    24.7334   12.66042 4.1640e-02      1.633 0.0000e+00
        180  54.958099    0.01243     0.7458     44.750  1024.7415  50296.793    31.4487      1.650    7.05473     6.0729     6.1133    24.7339   12.66434 4.5120e-02      1.666 0.0000e+00
        181  54.958102    0.01250     0.7500     45.000  1024.7495  50312.227    31.4557      1.678    7.05751     6.0517     6.0945    24.7417   12.66885 5.0930e-02      1.694 0.0000e+00
        182  54.958105    0.01257     0.7542     45.250  1024.7623  50336.826    31.4686      1.697    7.06046     6.0323     6.0730    24.7544   12.67357 6.0115e-02      1.714 0.0000e+00
        183  54.958108    0.01264     0.7583     45.500  1024.7774  50365.544    31.4844      1.705    7.06324     6.0151     6.0518    24.7694   12.67796 7.3976e-02      1.721 0.0000e+00
        184  54.958111    0.01271     0.7625     45.750  1024.7929  50395.249    31.5012      1.699    7.06567     6.0000     6.0324    24.7850   12.68176 9.4169e-02      1.716 0.0000e+00
        185  54.958113    0.01278     0.7667     46.000  1024.8082  50424.393    31.5180      1.685    7.06774     5.9872     6.0152    24.8004   12.68496 1.1128e-01      1.702 0.0000e+00
        186  54.958116    0.01285     0.7708     46.250  1024.8226  50451.812    31.5341      1.668    7.06949     5.9772     6.0001    24.8148   12.68766 1.1582e-01      1.685 0.0000e+00
        187  54.958119    0.01292     0.7750     46.500  1024.8356  50476.435    31.5486      1.653    7.07093     5.9702     5.9873    24.8279   12.68985 1.1334e-01      1.669 0.0000e+00
        188  54.958122    0.01299     0.7792     46.750  1024.8468  50497.644    31.5614      1.641    7.07199     5.9660     5.9774    24.8391   12.69144 1.0774e-01      1.657 0.0000e+00
        189  54.958125    0.01306     0.7833     47.000  1024.8555  50514.062    31.5713      1.635    7.07269     5.9640     5.9704    24.8478   12.69246 9.9860e-02      1.651 0.0000e+00
        190  54.958128    0.01313     0.7875     47.250  1024.8602  50523.036    31.5767      1.630    7.07314     5.9633     5.9662    24.8526   12.69313 8.9350e-02      1.646 0.0000e+00
        191  54.958131    0.01319     0.7917     47.500  1024.8605  50523.716    31.5768      1.619    7.07347     5.9631     5.9641    24.8529   12.69368 7.6540e-02      1.635 0.0000e+00
        192  54.958134    0.01326     0.7958     47.750  1024.8578  50518.933    31.5734      1.599    7.07375     5.9631     5.9634    24.8503   12.69419 6.4557e-02      1.614 0.0000e+00
        193  54.958137    0.01333     0.8000     48.000  1024.8543  50512.924    31.5692      1.568    7.07397     5.9627     5.9632    24.8470   12.69460 5.4603e-02      1.584 0.0000e+00
        194  54.958139    0.01340     0.8042     48.250  1024.8518  50508.554    31.5662      1.531    7.07411     5.9617     5.9632    24.8447   12.69488 4.7500e-02      1.546 0.0000e+00
        195  54.958142    0.01347     0.8083     48.500  1024.8509  50507.337    31.5653      1.490    7.07423     5.9609     5.9628    24.8440   12.69508 4.3113e-02      1.505 0.0000e+00
        196  54.958145    0.01354     0.8125     48.750  1024.8523  50510.201    31.5671      1.451    7.07431     5.9615     5.9618    24.8455   12.69519 4.0521e-02      1.465 0.0000e+00
        197  54.958148    0.01361     0.8167     49.000  1024.8558  50516.970    31.5716      1.415    7.07423     5.9648     5.9610    24.8492   12.69500 3.9034e-02      1.428 0.0000e+00
        198  54.958151    0.01368     0.8208     49.250  1024.8609  50526.591    31.5784      1.385    7.07381     5.9721     5.9616    24.8545   12.69422 3.8253e-02      1.398 0.0000e+00
        199  54.958154    0.01375     0.8250     49.500  1024.8672  50538.063    31.5870      1.367    7.07285     5.9847     5.9649    24.8608   12.69254 3.7971e-02      1.379 0.0000e+00
        200  54.958157    0.01382     0.8292     49.750  1024.8743  50550.540    31.5971      1.365    7.07117     6.0034     5.9722    24.8679   12.68963 3.8114e-02      1.377 0.0000e+00
        201  54.958160    0.01389     0.8333     50.000  1024.8816  50563.091    31.6082      1.385    7.06857     6.0276     5.9848    24.8752   12.68519 3.8718e-02      1.398 0.0000e+00
        202  54.958163    0.01396     0.8375     50.250  1024.8879  50572.950    31.6186      1.432    7.06497     6.0540     6.0035    24.8812   12.67911 3.9945e-02      1.445 0.0000e+00
        203  54.958166    0.01403     0.8417     50.500  1024.8895  50573.877    31.6239      1.500    7.06072     6.0789     6.0277    24.8825   12.67201 4.2122e-02      1.513 0.0000e+00
        204  54.958168    0.01410     0.8458     50.750  1024.8835  50560.787    31.6200      1.580    7.05652     6.0997     6.0541    24.8762   12.66513 4.5830e-02      1.594 0.0000e+00
        205  54.958171    0.01417     0.8500     51.000  1024.8703  50534.522    31.6066      1.661    7.05301     6.1149     6.0791    24.8626   12.65950 5.2057e-02      1.676 0.0000e+00
        206  54.958174    0.01424     0.8542     51.250  1024.8516  50498.385    31.5855      1.733    7.05055     6.1238     6.0999    24.8435   12.65569 6.2464e-02      1.749 0.0000e+00
        207  54.958177    0.01431     0.8583     51.500  1024.8281  50454.154    31.5578      1.788    7.04933     6.1261     6.1151    24.8198   12.65403 7.7098e-02      1.805 0.0000e+00
        208  54.958180    0.01438     0.8625     51.750  1024.8024  50406.238    31.5263      1.822    7.04932     6.1210     6.1240    24.7939   12.65442 9.0841e-02      1.839 0.0000e+00
        209  54.958183    0.01444     0.8667     52.000  1024.7798  50364.774    31.4981      1.830    7.05027     6.1084     6.1263    24.7713   12.65634 9.9805e-02      1.847 0.0000e+00
        210  54.958186    0.01451     0.8708     52.250  1024.7666  50341.042    31.4807      1.814    7.05191     6.0904     6.1212    24.7582   12.65928 1.0442e-01      1.831 0.0000e+00
        211  54.958189    0.01458     0.8750     52.500  1024.7664  50341.719    31.4788      1.776    7.05410     6.0719     6.1086    24.7582   12.66292 1.0460e-01      1.793 0.0000e+00
        212  54.958192    0.01465     0.8792     52.750  1024.7779  50364.179    31.4909      1.722    7.05650     6.0570     6.0906    24.7699   12.66674 1.0332e-01      1.739 0.0000e+00
        213  54.958194    0.01472     0.8833     53.000  1024.7962  50399.304    31.5116      1.661    7.05860     6.0475     6.0720    24.7885   12.66995 1.0341e-01      1.677 0.0000e+00
        214  54.958197    0.01479     0.8875     53.250  1024.8164  50437.570    31.5353      1.600    7.05998     6.0438     6.0571    24.8090   12.67192 1.0412e-01      1.615 0.0000e+00
        215  54.958200    0.01486     0.8917     53.500  1024.8338  50470.283    31.5561      1.546    7.06057     6.0452     6.0476    24.8265   12.67263 1.0325e-01      1.561 0.0000e+00
        216  54.958203    0.01493     0.8958     53.750  1024.8451  50491.581    31.5701      1.502    7.06053     6.0508     6.0439    24.8381   12.67239 9.9103e-02      1.516 0.0000e+00
        217  54.958206    0.01500     0.9000     54.000  1024.8496  50499.926    31.5762      1.469    7.06002     6.0592     6.0453    24.8427   12.67147 9.0995e-02      1.482 0.0000e+00
        218  54.958209    0.01507     0.9042     54.250  1024.8480  50496.884    31.5752      1.448    7.05914     6.0686     6.0509    24.8412   12.67002 7.7408e-02      1.461 0.0000e+00
        219  54.958212    0.01514     0.9083     54.500  1024.8418  50485.175    31.5687      1.440    7.05804     6.0769     6.0593    24.8351   12.66829 6.2590e-02      1.453 0.0000e+00
        220  54.958215    0.01521     0.9125     54.750  1024.8322  50466.876    31.5579      1.445    7.05700     6.0829     6.0687    24.8254   12.66671 5.2239e-02      1.458 0.0000e+00
        221  54.958218    0.01528     0.9167     55.000  1024.8196  50443.302    31.5432      1.459    7.05630     6.0855     6.0771    24.8128   12.66574 4.6117e-02      1.473 0.0000e+00
        222  54.958220    0.01535     0.9208     55.250  1024.8057  50417.248    31.5263      1.480    7.05610     6.0836     6.0830    24.7988   12.66563 4.2592e-02      1.494 0.0000e+00
        223  54.958223    0.01542     0.9250     55.500  1024.7931  50393.846    31.5106      1.501    7.05641     6.0764     6.0856    24.7861   12.66633 4.0722e-02      1.515 0.0000e+00
        224  54.958226    0.01549     0.9292     55.750  1024.7850  50379.081    31.5000      1.521    7.05721     6.0647     6.0838    24.7780   12.66779 4.0009e-02      1.535 0.0000e+00
        225  54.958229    0.01556     0.9333     56.000  1024.7843  50377.997    31.4979      1.539    7.05851     6.0514     6.0766    24.7771   12.66996 4.0263e-02      1.553 0.0000e+00
        226  54.958232    0.01563     0.9375     56.250  1024.7912  50391.186    31.5047      1.555    7.06013     6.0398     6.0648    24.7839   12.67256 4.1552e-02      1.569 0.0000e+00
        227  54.958235    0.01569     0.9417     56.500  1024.8035  50414.354    31.5182      1.569    7.06171     6.0324     6.0515    24.7962   12.67499 4.4219e-02      1.583 0.0000e+00
        228  54.958238    0.01576     0.9458     56.750  1024.8185  50442.405    31.5353      1.584    7.06282     6.0303     6.0400    24.8111   12.67661 4.8977e-02      1.598 0.0000e+00
        229  54.958241    0.01583     0.9500     57.000  1024.8338  50470.784    31.5535      1.601    7.06320     6.0343     6.0325    24.8263   12.67701 5.7093e-02      1.615 0.0000e+00
        230  54.958244    0.01590     0.9542     57.250  1024.8468  50494.642    31.5696      1.622    7.06278     6.0440     6.0305    24.8393   12.67612 7.0702e-02      1.637 0.0000e+00
        231  54.958247    0.01597     0.9583     57.500  1024.8553  50509.703    31.5808      1.649    7.06160     6.0576     6.0345    24.8476   12.67402 8.8642e-02      1.665 0.0000e+00
        232  54.958249    0.01604     0.9625     57.750  1024.8578  50513.366    31.5852      1.683    7.05979     6.0720     6.0442    24.8499   12.67097 1.0026e-01      1.699 0.0000e+00
        233  54.958252    0.01611     0.9667     58.000  1024.8535  50504.383    31.5816      1.720    7.05771     6.0841     6.0578    24.8454   12.66757 9.8895e-02      1.736 0.0000e+00
        234  54.958255    0.01618     0.9708     58.250  1024.8421  50482.336    31.5691      1.753    7.05589     6.0911     6.0722    24.8338   12.66473 9.1738e-02      1.769 0.0000e+00
        235  54.958258    0.01625     0.9750     58.500  1024.8246  50449.419    31.5486      1.773    7.05486     6.0911     6.0842    24.8162   12.66328 8.4910e-02      1.790 0.0000e+00
        236  54.958261    0.01632     0.9792     58.750  1024.8055  50414.089    31.5255      1.775    7.05478     6.0829     6.0912    24.7971   12.66346 7.9822e-02      1.792 0.0000e+00
        237  54.958264    0.01639     0.9833     59.000  1024.7923  50390.079    31.5089      1.753    7.05556     6.0676     6.0912    24.7840   12.66495 7.5845e-02      1.770 0.0000e+00
        238  54.958267    0.01646     0.9875     59.250  1024.7907  50388.053    31.5059      1.707    7.05706     6.0496     6.0830    24.7827   12.66746 6.9950e-02      1.723 0.0000e+00
        239  54.958270    0.01653     0.9917     59.500  1024.8009  50408.245    31.5170      1.641    7.05907     6.0337     6.0678    24.7933   12.67065 6.1421e-02      1.657 0.0000e+00
        240  54.958273    0.01660     0.9958     59.750  1024.8186  50442.271    31.5371      1.563    7.06112     6.0231     6.0497    24.8113   12.67378 5.2643e-02      1.577 0.0000e+00
        241  54.958275    0.01667     1.0000     60.000  1024.8391  50481.403    31.5611      1.482    7.06263     6.0198     6.0338    24.8322   12.67598 4.6230e-02      1.496 0.0000e+00
        242  54.958278    0.01674     1.0042     60.250  1024.8594  50519.750    31.5857      1.410    7.06323     6.0248     6.0233    24.8528   12.67666 4.2441e-02      1.423 0.0000e+00
        243  54.958281    0.01681     1.0083     60.500  1024.8768  50552.260    31.6075      1.359    7.06277     6.0386     6.0199    24.8705   12.67561 4.0268e-02      1.371 0.0000e+00
        244  54.958284    0.01688     1.0125     60.750  1024.8903  50576.866    31.6255      1.337    7.06109     6.0591     6.0249    24.8841   12.67261 3.9131e-02      1.350 0.0000e+00
        245  54.958287    0.01694     1.0167     61.000  1024.8992  50592.245    31.6388      1.350    7.05819     6.0825     6.0387    24.8929   12.66765 3.8728e-02      1.363 0.0000e+00
        246  54.958290    0.01701     1.0208     61.250  1024.9008  50593.534    31.6437      1.396    7.05456     6.1043     6.0593    24.8943   12.66157 3.8950e-02      1.409 0.0000e+00
        247  54.958293    0.01708     1.0250     61.500  1024.8941  50579.369    31.6384      1.467    7.05094     6.1219     6.0826    24.8873   12.65567 3.9857e-02      1.481 0.0000e+00
        248  54.958296    0.01715     1.0292     61.750  1024.8819  50555.150    31.6258      1.550    7.04792     6.1345     6.1044    24.8747   12.65085 4.1690e-02      1.564 0.0000e+00
        249  54.958299    0.01722     1.0333     62.000  1024.8672  50526.456    31.6093      1.630    7.04578     6.1421     6.1220    24.8596   12.64752 4.4939e-02      1.645 0.0000e+00
        250  54.958302    0.01729     1.0375     62.250  1024.8508  50495.193    31.5900      1.695    7.04460     6.1451     6.1346    24.8429   12.64581 4.8408e-02      1.711 0.0000e+00
        251  54.958304    0.01736     1.0417     62.500  1024.8330  50461.891    31.5684      1.739    7.04435     6.1436     6.1422    24.8249   12.64566 4.9904e-02      1.755 0.0000e+00
        252  54.958307    0.01743     1.0458     62.750  1024.8164  50431.188    31.5477      1.759    7.04481     6.1375     6.1452    24.8082   12.64669 4.9550e-02      1.775 0.0000e+00
        253  54.958310    0.01750     1.0500     63.000  1024.8055  50411.358    31.5337      1.758    7.04571     6.1278     6.1438    24.7973   12.64836 4.8863e-02      1.774 0.0000e+00
        254  54.958313    0.01757     1.0542     63.250  1024.8029  50407.103    31.5296      1.742    7.04691     6.1169     6.1377    24.7948   12.65039 4.8528e-02      1.759 0.0000e+00
        255  54.958316    0.01764     1.0583     63.500  1024.8076  50416.402    31.5342      1.719    7.04830     6.1075     6.1280    24.7996   12.65263 4.8717e-02      1.735 0.0000e+00
