CTD-processing/allCTD/CNV--homogene/2015_10-19_t9_s07_cast209.cnv
* Sea-Bird SBE19plus Data File:
* FileName = C:\Users\Kris.Holderied\Documents\kasitsna\Research-KBL\Oceanography-AK\CTD-Data-ALL-to-2015-06\2015-CTD-KachemakBay-CookInlet\2015-10-19-CookInlet-HomerSpit-monthly\2015-10-19-CookInlet-Tran9-cast209.hex
* Software Version 1.59
* Temperature SN =  5028
* Conductivity SN =  5028
* System UpLoad Time = Oct 31 2015 16:30:56
** Cook Inlet LTM Transect 9 Homer Spit monthly

** Date: 10-19
** Station: 9-07
** Start time (AKDT): 14:54
** Depth (m): 100.6
** Comment:  R/V Edgecumbe
** Comment:
# nquan = 17
# nvalues = 703                         
# units = specified
# name 0 = scan: Scan Count
# name 1 = timeJ: Julian Days
# name 2 = timeH: Time, Elapsed [hours]
# name 3 = timeM: Time, Elapsed [minutes]
# name 4 = timeS: Time, Elapsed [seconds]
# name 5 = density00: Density [density, kg/m^3]
# name 6 = specc: Specific Conductance [uS/cm]
# name 7 = sal00: Salinity, Practical [PSU]
# name 8 = depSM: Depth [salt water, m], lat = 59.00
# name 9 = oxsolML/L: Oxygen Saturation, Garcia & Gordon [ml/l]
# name 10 = potemp090C: Potential Temperature [ITS-90, deg C]
# name 11 = tv290C: Temperature [ITS-90, deg C]
# name 12 = sigma-é00: Density [sigma-theta, kg/m^3]
# name 13 = n2satML/L: Nitrogen Saturation [ml/l]
# name 14 = par: PAR/Irradiance, Biospherical/Licor
# name 15 = prdM: Pressure, Strain Gauge [db]
# name 16 = flag:  0.000e+00
# span 0 =          1,        703       
# span 1 = 292.621042, 292.623073       
# span 2 =    0.00000,    0.04875       
# span 3 =     0.0000,     2.9250       
# span 4 =      0.000,    175.500       
# span 5 =  1000.2585,  1024.1257       
# span 6 =   1224.322,  48564.596       
# span 7 =     0.6033,    30.7411       
# span 8 =     -0.122,     90.142       
# span 9 =    6.55849,    8.05644       
# span 10 =     8.9818,     9.6622      
# span 11 =     8.9819,     9.6635      
# span 12 =     0.2590,    23.7121      
# span 13 =   11.85306,   14.76503      
# span 14 = 4.7864e-02, 3.3312e+02      
# span 15 =     -0.124,     91.013      
# span 16 = 0.0000e+00, 0.0000e+00      
# interval = seconds: 0.25
# start_time = Oct 19 2015 14:54:18 [Instrument's time stamp, header]
# bad_flag = -9.990e-29
*END*
[from data line 681]
        682 292.623012    0.04729     2.8375    170.250  1024.0967  48546.120    30.7301     85.757    6.56391     9.4757     9.4853    23.7033   11.86123 4.7943e-02     86.585 0.0000e+00
        683 292.623015    0.04736     2.8417    170.500  1024.0981  48546.707    30.7304     86.003    6.56392     9.4754     9.4851    23.7036   11.86125 4.7938e-02     86.833 0.0000e+00
        684 292.623018    0.04743     2.8458    170.750  1024.0996  48547.504    30.7308     86.251    6.56394     9.4752     9.4849    23.7040   11.86127 4.7937e-02     87.083 0.0000e+00
        685 292.623021    0.04750     2.8500    171.000  1024.1012  48548.477    30.7314     86.499    6.56395     9.4750     9.4846    23.7044   11.86129 4.7934e-02     87.334 0.0000e+00
        686 292.623024    0.04757     2.8542    171.250  1024.1028  48549.410    30.7319     86.746    6.56396     9.4749     9.4844    23.7049   11.86130 4.7927e-02     87.584 0.0000e+00
        687 292.623027    0.04764     2.8583    171.500  1024.1042  48550.107    30.7322     86.994    6.56396     9.4748     9.4843    23.7052   11.86130 4.7916e-02     87.833 0.0000e+00
        688 292.623030    0.04771     2.8625    171.750  1024.1056  48550.636    30.7325     87.241    6.56397     9.4747     9.4842    23.7054   11.86131 4.7903e-02     88.083 0.0000e+00
        689 292.623032    0.04778     2.8667    172.000  1024.1070  48551.237    30.7328     87.488    6.56397     9.4747     9.4841    23.7056   11.86130 4.7893e-02     88.332 0.0000e+00
        690 292.623035    0.04785     2.8708    172.250  1024.1085  48552.104    30.7333     87.733    6.56395     9.4748     9.4841    23.7060   11.86127 4.7885e-02     88.580 0.0000e+00
        691 292.623038    0.04792     2.8750    172.500  1024.1102  48553.324    30.7341     87.976    6.56392     9.4749     9.4841    23.7066   11.86120 4.7877e-02     88.826 0.0000e+00
        692 292.623041    0.04799     2.8792    172.750  1024.1121  48554.819    30.7350     88.218    6.56387     9.4750     9.4842    23.7073   11.86110 4.7869e-02     89.069 0.0000e+00
        693 292.623044    0.04806     2.8833    173.000  1024.1139  48556.372    30.7360     88.458    6.56381     9.4750     9.4843    23.7081   11.86099 4.7864e-02     89.312 0.0000e+00
        694 292.623047    0.04813     2.8875    173.250  1024.1158  48557.867    30.7370     88.698    6.56375     9.4750     9.4844    23.7089   11.86088 4.7871e-02     89.555 0.0000e+00
        695 292.623050    0.04819     2.8917    173.500  1024.1176  48559.259    30.7379     88.936    6.56370     9.4749     9.4845    23.7096   11.86079 4.7886e-02     89.795 0.0000e+00
        696 292.623053    0.04826     2.8958    173.750  1024.1192  48560.466    30.7386     89.168    6.56367     9.4748     9.4845    23.7102   11.86073 4.7898e-02     90.029 0.0000e+00
        697 292.623056    0.04833     2.9000    174.000  1024.1207  48561.480    30.7392     89.392    6.56365     9.4747     9.4844    23.7107   11.86069 4.7902e-02     90.256 0.0000e+00
        698 292.623058    0.04840     2.9042    174.250  1024.1222  48562.423    30.7398     89.603    6.56364     9.4746     9.4844    23.7111   11.86066 4.7903e-02     90.469 0.0000e+00
        699 292.623061    0.04847     2.9083    174.500  1024.1235  48563.331    30.7404     89.790    6.56363     9.4745     9.4843    23.7115   11.86064 4.7911e-02     90.658 0.0000e+00
        700 292.623064    0.04854     2.9125    174.750  1024.1245  48564.023    30.7408     89.943    6.56363     9.4744     9.4842    23.7118   11.86063 4.7925e-02     90.812 0.0000e+00
        701 292.623067    0.04861     2.9167    175.000  1024.1252  48564.399    30.7410     90.053    6.56363     9.4744     9.4841    23.7120   11.86064 4.7934e-02     90.923 0.0000e+00
        702 292.623070    0.04868     2.9208    175.250  1024.1256  48564.556    30.7411     90.120    6.56364 -9.990e-29     9.4840    23.7121   11.86065 4.7933e-02     90.991 0.0000e+00
        703 292.623073    0.04875     2.9250    175.500  1024.1257  48564.596    30.7411     90.142    6.56364 -9.990e-29     9.4840    23.7121   11.86065 4.7930e-02     91.013 0.0000e+00
