CTD-processing/allCTD/CNV--homogene/2015_04-13_t7_s01_cast057.cnv
* Sea-Bird SBE19plus Data File:
* FileName = C:\Users\kris.holderied\Documents\kasitsna\Research-Projects-and-Data\Oceanography-AK\CTD-Data-ALL-to-2015-04\2015-CTD-KachemakBay-CookInlet\2015-04-EVOSTC-CookInlet-quarterly\2015-04-13-CookInlet-Tran7-Augustine\2015_04_13_CookInlet_Tran7_cast057.hex
* Software Version 1.59
* Temperature SN =  5028
* Conductivity SN =  5028
* System UpLoad Time = Apr 28 2015 15:17:32
** Cook Inlet LTM Tran7 (Augustine) West to East
** Date: 04-13
** Station: 7-01
** Start time (AKDT): 01:35
** Depth (m): 29
** Comment:  KBL CTD.
** Comment: On R/V Pandalus.
# nquan = 17
# nvalues = 479                         
# units = specified
# name 0 = scan: Scan Count
# name 1 = timeJ: Julian Days
# name 2 = timeH: Time, Elapsed [hours]
# name 3 = timeM: Time, Elapsed [minutes]
# name 4 = timeS: Time, Elapsed [seconds]
# name 5 = density00: Density [density, kg/m^3]
# name 6 = specc: Specific Conductance [uS/cm]
# name 7 = sal00: Salinity, Practical [PSU]
# name 8 = depSM: Depth [salt water, m], lat = 59.00
# name 9 = oxsolML/L: Oxygen Saturation, Garcia & Gordon [ml/l]
# name 10 = potemp090C: Potential Temperature [ITS-90, deg C]
# name 11 = tv290C: Temperature [ITS-90, deg C]
# name 12 = sigma-é00: Density [sigma-theta, kg/m^3]
# name 13 = n2satML/L: Nitrogen Saturation [ml/l]
# name 14 = par: PAR/Irradiance, Biospherical/Licor
# name 15 = prdM: Pressure, Strain Gauge [db]
# name 16 = flag:  0.000e+00
# span 0 =          1,        479       
# span 1 = 103.066516, 103.067899       
# span 2 =    0.00000,    0.03319       
# span 3 =     0.0000,     1.9917       
# span 4 =      0.000,    119.500       
# span 5 =   999.6820,  1025.2975       
# span 6 =    165.277,  51658.382       
# span 7 =     0.0775,    31.8076       
# span 8 =     -0.137,     28.381       
# span 9 =    7.31251,    7.78249       
# span 10 =     3.2742,    10.9528      
# span 11 =     3.2744,    10.9528      
# span 12 =    -0.3173,    25.2935      
# span 13 =   13.21056,   14.30617      
# span 14 = 7.4925e-02, 6.6982e-01      
# span 15 =     -0.138,     28.651      
# span 16 = 0.0000e+00, 0.0000e+00      
# interval = seconds: 0.25
# start_time = Apr 13 2015 01:35:47 [Instrument's time stamp, header]
# bad_flag = -9.990e-29
*END*
[from data line 171]
        172 103.067011    0.01188     0.7125     42.750  1024.9048  50917.665    31.3233      0.800    7.50323     3.5477     3.5827    24.9010   13.40661 7.7245e-02      0.808 0.0000e+00
        173 103.067014    0.01194     0.7167     43.000  1024.9031  50918.143    31.3190      0.816    7.50692     3.5348     3.5639    24.8993   13.41276 7.7629e-02      0.824 0.0000e+00
        174 103.067017    0.01201     0.7208     43.250  1024.9075  50929.215    31.3226      0.833    7.50972     3.5274     3.5477    24.9036   13.41734 7.8028e-02      0.841 0.0000e+00
        175 103.067020    0.01208     0.7250     43.500  1024.9264  50966.587    31.3448      0.851    7.51097     3.5285     3.5349    24.9224   13.41911 7.8545e-02      0.859 0.0000e+00
        176 103.067023    0.01215     0.7292     43.750  1024.9623  51034.507    31.3890      0.866    7.51008     3.5402     3.5275    24.9583   13.41706 7.9140e-02      0.874 0.0000e+00
        177 103.067025    0.01222     0.7333     44.000  1025.0112  51124.758    31.4505      0.876    7.50677     3.5640     3.5286    25.0071   13.41077 7.9741e-02      0.884 0.0000e+00
        178 103.067028    0.01229     0.7375     44.250  1025.0600  51212.758    31.5131      0.880    7.50144     3.6033     3.5403    25.0558   13.40115 8.0292e-02      0.889 0.0000e+00
        179 103.067031    0.01236     0.7417     44.500  1025.0940  51271.034    31.5585      0.876    7.49477     3.6651     3.5640    25.0898   13.38955 8.0661e-02      0.885 0.0000e+00
        180 103.067034    0.01243     0.7458     44.750  1025.1017  51278.037    31.5728      0.864    7.48682     3.7495     3.6033    25.0976   13.37624 8.0737e-02      0.872 0.0000e+00
        181 103.067037    0.01250     0.7500     45.000  1025.0725  51212.551    31.5433      0.843    7.47699     3.8417     3.6651    25.0685   13.36041 8.0640e-02      0.851 0.0000e+00
        182 103.067040    0.01257     0.7542     45.250  1025.0041  51070.489    31.4673      0.815    7.46537     3.9190     3.7496    25.0002   13.34223 8.0489e-02      0.822 0.0000e+00
        183 103.067043    0.01264     0.7583     45.500  1024.9093  50878.546    31.3590      0.783    7.45400     3.9648     3.8417    24.9056   13.32489 8.0115e-02      0.790 0.0000e+00
        184 103.067046    0.01271     0.7625     45.750  1024.8033  50668.878    31.2349      0.752    7.44614     3.9707     3.9191    24.7997   13.31355 7.9406e-02      0.759 0.0000e+00
        185 103.067049    0.01278     0.7667     46.000  1024.6978  50465.809    31.1076      0.727    7.44422     3.9365     3.9648    24.6943   13.31204 7.8630e-02      0.734 0.0000e+00
        186 103.067052    0.01285     0.7708     46.250  1024.6086  50299.965    30.9963      0.712    7.44875     3.8728     3.9707    24.6052   13.32098 7.8071e-02      0.719 0.0000e+00
        187 103.067054    0.01292     0.7750     46.500  1024.5537  50204.330    30.9233      0.708    7.45866     3.7983     3.9366    24.5504   13.33831 7.7734e-02      0.714 0.0000e+00
        188 103.067057    0.01299     0.7792     46.750  1024.5427  50194.944    30.9019      0.713    7.47138     3.7297     3.8728    24.5393   13.35960 7.7520e-02      0.719 0.0000e+00
        189 103.067060    0.01306     0.7833     47.000  1024.5709  50260.333    30.9287      0.722    7.48366     3.6748     3.7983    24.5675   13.37951 7.7378e-02      0.728 0.0000e+00
        190 103.067063    0.01313     0.7875     47.250  1024.6210  50365.502    30.9838      0.733    7.49345     3.6337     3.7297    24.6176   13.39495 7.7305e-02      0.740 0.0000e+00
        191 103.067066    0.01319     0.7917     47.500  1024.6745  50474.471    31.0447      0.747    7.50044     3.6028     3.6748    24.6710   13.40569 7.7316e-02      0.754 0.0000e+00
        192 103.067069    0.01326     0.7958     47.750  1024.7257  50576.728    31.1042      0.762    7.50498     3.5796     3.6337    24.7221   13.41240 7.7410e-02      0.769 0.0000e+00
        193 103.067072    0.01333     0.8000     48.000  1024.7808  50684.382    31.1698      0.778    7.50732     3.5628     3.6029    24.7771   13.41539 7.7554e-02      0.786 0.0000e+00
        194 103.067075    0.01340     0.8042     48.250  1024.8439  50805.532    31.2464      0.795    7.50770     3.5507     3.5797    24.8401   13.41500 7.7721e-02      0.802 0.0000e+00
        195 103.067078    0.01347     0.8083     48.500  1024.9113  50933.338    31.3291      0.810    7.50660     3.5412     3.5628    24.9074   13.41209 7.7914e-02      0.817 0.0000e+00
        196 103.067080    0.01354     0.8125     48.750  1024.9747  51052.917    31.4073      0.823    7.50484     3.5329     3.5507    24.9708   13.40817 7.8143e-02      0.831 0.0000e+00
        197 103.067083    0.01361     0.8167     49.000  1025.0274  51152.306    31.4725      0.834    7.50328     3.5261     3.5412    25.0235   13.40474 7.8422e-02      0.842 0.0000e+00
        198 103.067086    0.01368     0.8208     49.250  1025.0681  51229.099    31.5226      0.843    7.50226     3.5216     3.5329    25.0641   13.40239 7.8793e-02      0.851 0.0000e+00
        199 103.067089    0.01375     0.8250     49.500  1025.0980  51285.684    31.5593      0.848    7.50165     3.5202     3.5261    25.0940   13.40089 7.9287e-02      0.857 0.0000e+00
        200 103.067092    0.01382     0.8292     49.750  1025.1182  51323.920    31.5842      0.851    7.50120     3.5215     3.5216    25.1141   13.39983 7.9827e-02      0.860 0.0000e+00
        201 103.067095    0.01389     0.8333     50.000  1025.1306  51347.257    31.5997      0.852    7.50068     3.5246     3.5202    25.1266   13.39877 8.0287e-02      0.861 0.0000e+00
        202 103.067098    0.01396     0.8375     50.250  1025.1399  51364.094    31.6115      0.852    7.49984     3.5280     3.5216    25.1358   13.39722 8.0581e-02      0.860 0.0000e+00
        203 103.067101    0.01403     0.8417     50.500  1025.1495  51381.298    31.6239      0.848    7.49864     3.5307     3.5247    25.1455   13.39508 8.0609e-02      0.857 0.0000e+00
        204 103.067104    0.01410     0.8458     50.750  1025.1570  51394.435    31.6337      0.841    7.49752     3.5321     3.5281    25.1530   13.39309 8.0263e-02      0.849 0.0000e+00
        205 103.067106    0.01417     0.8500     51.000  1025.1567  51393.480    31.6337      0.829    7.49703     3.5325     3.5307    25.1528   13.39228 7.9604e-02      0.837 0.0000e+00
        206 103.067109    0.01424     0.8542     51.250  1025.1446  51370.860    31.6187      0.814    7.49752     3.5314     3.5321    25.1407   13.39329 7.8872e-02      0.821 0.0000e+00
        207 103.067112    0.01431     0.8583     51.500  1025.1164  51318.721    31.5834      0.797    7.49925     3.5276     3.5325    25.1126   13.39661 7.8223e-02      0.804 0.0000e+00
        208 103.067115    0.01438     0.8625     51.750  1025.0722  51237.302    31.5279      0.780    7.50228     3.5200     3.5314    25.0684   13.40235 7.7676e-02      0.787 0.0000e+00
        209 103.067118    0.01444     0.8667     52.000  1025.0207  51142.996    31.4629      0.765    7.50630     3.5085     3.5276    25.0170   13.40983 7.7230e-02      0.772 0.0000e+00
        210 103.067121    0.01451     0.8708     52.250  1024.9694  51049.707    31.3977      0.752    7.51102     3.4938     3.5200    24.9658   13.41849 7.6904e-02      0.759 0.0000e+00
        211 103.067124    0.01458     0.8750     52.500  1024.9183  50957.548    31.3322      0.743    7.51649     3.4782     3.5085    24.9147   13.42838 7.6703e-02      0.750 0.0000e+00
        212 103.067127    0.01465     0.8792     52.750  1024.8687  50868.718    31.2683      0.737    7.52246     3.4642     3.4938    24.8652   13.43907 7.6602e-02      0.744 0.0000e+00
        213 103.067130    0.01472     0.8833     53.000  1024.8281  50796.782    31.2157      0.736    7.52805     3.4545     3.4782    24.8246   13.44900 7.6555e-02      0.743 0.0000e+00
        214 103.067133    0.01479     0.8875     53.250  1024.8035  50754.018    31.1832      0.738    7.53230     3.4506     3.4643    24.8000   13.45643 7.6510e-02      0.745 0.0000e+00
        215 103.067135    0.01486     0.8917     53.500  1024.7943  50739.087    31.1706      0.743    7.53474     3.4521     3.4546    24.7909   13.46062 7.6458e-02      0.750 0.0000e+00
        216 103.067138    0.01493     0.8958     53.750  1024.7925  50736.426    31.1679      0.750    7.53560     3.4555     3.4507    24.7890   13.46209 7.6443e-02      0.757 0.0000e+00
        217 103.067141    0.01500     0.9000     54.000  1024.7872  50726.151    31.1613      0.759    7.53567     3.4564     3.4521    24.7836   13.46228 7.6506e-02      0.766 0.0000e+00
        218 103.067144    0.01507     0.9042     54.250  1024.7759  50704.511    31.1474      0.773    7.53574     3.4534     3.4555    24.7723   13.46259 7.6656e-02      0.780 0.0000e+00
        219 103.067147    0.01514     0.9083     54.500  1024.7653  50684.577    31.1341      0.790    7.53624     3.4483     3.4565    24.7616   13.46359 7.6893e-02      0.797 0.0000e+00
        220 103.067150    0.01521     0.9125     54.750  1024.7619  50678.569    31.1293      0.811    7.53705     3.4443     3.4535    24.7580   13.46499 7.7202e-02      0.818 0.0000e+00
        221 103.067153    0.01528     0.9167     55.000  1024.7697  50694.012    31.1385      0.832    7.53752     3.4437     3.4484    24.7658   13.46565 7.7566e-02      0.840 0.0000e+00
        222 103.067156    0.01535     0.9208     55.250  1024.7911  50734.253    31.1648      0.852    7.53694     3.4483     3.4443    24.7871   13.46434 7.7974e-02      0.860 0.0000e+00
        223 103.067159    0.01542     0.9250     55.500  1024.8254  50797.805    31.2077      0.869    7.53484     3.4583     3.4438    24.8213   13.46031 7.8418e-02      0.877 0.0000e+00
        224 103.067161    0.01549     0.9292     55.750  1024.8688  50877.203    31.2627      0.881    7.53118     3.4727     3.4484    24.8647   13.45354 7.8874e-02      0.889 0.0000e+00
        225 103.067164    0.01556     0.9333     56.000  1024.9125  50956.127    31.3187      0.887    7.52646     3.4917     3.4584    24.9084   13.44502 7.9298e-02      0.895 0.0000e+00
        226 103.067167    0.01563     0.9375     56.250  1024.9473  51017.560    31.3640      0.886    7.52149     3.5169     3.4728    24.9431   13.43620 7.9576e-02      0.894 0.0000e+00
        227 103.067170    0.01569     0.9417     56.500  1024.9644  51045.450    31.3876      0.877    7.51676     3.5455     3.4918    24.9603   13.42809 7.9653e-02      0.885 0.0000e+00
        228 103.067173    0.01576     0.9458     56.750  1024.9538  51020.920    31.3772      0.863    7.51262     3.5694     3.5170    24.9498   13.42140 7.9628e-02      0.871 0.0000e+00
        229 103.067176    0.01583     0.9500     57.000  1024.9144  50942.437    31.3310      0.847    7.50968     3.5828     3.5456    24.9104   13.41717 7.9527e-02      0.855 0.0000e+00
        230 103.067179    0.01590     0.9542     57.250  1024.8613  50839.374    31.2670      0.831    7.50852     3.5858     3.5695    24.8573   13.41610 7.9229e-02      0.839 0.0000e+00
        231 103.067182    0.01597     0.9583     57.500  1024.8148  50750.721    31.2101      0.816    7.50895     3.5819     3.5828    24.8109   13.41756 7.8686e-02      0.824 0.0000e+00
        232 103.067185    0.01604     0.9625     57.750  1024.7843  50693.806    31.1722      0.802    7.51032     3.5732     3.5859    24.7805   13.42031 7.8045e-02      0.809 0.0000e+00
        233 103.067188    0.01611     0.9667     58.000  1024.7637  50656.501    31.1460      0.788    7.51238     3.5591     3.5820    24.7599   13.42405 7.7476e-02      0.795 0.0000e+00
        234 103.067190    0.01618     0.9708     58.250  1024.7436  50621.116    31.1198      0.775    7.51533     3.5402     3.5732    24.7399   13.42927 7.7047e-02      0.782 0.0000e+00
        235 103.067193    0.01625     0.9750     58.500  1024.7240  50587.579    31.0937      0.765    7.51927     3.5201     3.5592    24.7203   13.43612 7.6760e-02      0.773 0.0000e+00
        236 103.067196    0.01632     0.9792     58.750  1024.7128  50570.691    31.0776      0.759    7.52360     3.5035     3.5402    24.7092   13.44348 7.6580e-02      0.766 0.0000e+00
        237 103.067199    0.01639     0.9833     59.000  1024.7171  50582.625    31.0807      0.755    7.52715     3.4918     3.5202    24.7135   13.44930 7.6461e-02      0.762 0.0000e+00
        238 103.067202    0.01646     0.9875     59.250  1024.7316  50612.855    31.0972      0.752    7.52939     3.4823     3.5036    24.7280   13.45278 7.6389e-02      0.759 0.0000e+00
        239 103.067205    0.01653     0.9917     59.500  1024.7375  50626.137    31.1033      0.750    7.53125     3.4709     3.4919    24.7340   13.45576 7.6398e-02      0.757 0.0000e+00
        240 103.067208    0.01660     0.9958     59.750  1024.7214  50598.209    31.0820      0.752    7.53411     3.4572     3.4823    24.7179   13.46077 7.6519e-02      0.759 0.0000e+00
        241 103.067211    0.01667     1.0000     60.000  1024.6915  50544.928    31.0431      0.760    7.53821     3.4437     3.4710    24.6879   13.46804 7.6751e-02      0.767 0.0000e+00
        242 103.067214    0.01674     1.0042     60.250  1024.6662  50500.661    31.0097      0.776    7.54247     3.4337     3.4572    24.6625   13.47552 7.7054e-02      0.783 0.0000e+00
        243 103.067216    0.01681     1.0083     60.500  1024.6563  50484.899    30.9957      0.796    7.54570     3.4289     3.4437    24.6525   13.48104 7.7393e-02      0.804 0.0000e+00
        244 103.067219    0.01688     1.0125     60.750  1024.6626  50498.417    31.0024      0.819    7.54722     3.4291     3.4337    24.6587   13.48347 7.7783e-02      0.827 0.0000e+00
        245 103.067222    0.01694     1.0167     61.000  1024.6819  50535.089    31.0260      0.842    7.54691     3.4324     3.4289    24.6779   13.48263 7.8258e-02      0.850 0.0000e+00
        246 103.067225    0.01701     1.0208     61.250  1024.7107  50588.141    31.0620      0.863    7.54502     3.4358     3.4292    24.7066   13.47903 7.8859e-02      0.871 0.0000e+00
        247 103.067228    0.01708     1.0250     61.500  1024.7455  50651.797    31.1060      0.881    7.54216     3.4375     3.4324    24.7413   13.47373 7.9587e-02      0.889 0.0000e+00
        248 103.067231    0.01715     1.0292     61.750  1024.7839  50722.163    31.1545      0.895    7.53904     3.4372     3.4359    24.7796   13.46793 8.0398e-02      0.903 0.0000e+00
        249 103.067234    0.01722     1.0333     62.000  1024.8235  50795.239    31.2044      0.905    7.53617     3.4359     3.4375    24.8192   13.46255 8.1279e-02      0.913 0.0000e+00
        250 103.067237    0.01729     1.0375     62.250  1024.8621  50866.673    31.2527      0.909    7.53375     3.4351     3.4372    24.8578   13.45792 8.2058e-02      0.917 0.0000e+00
        251 103.067240    0.01736     1.0417     62.500  1024.8983  50934.016    31.2981      0.906    7.53167     3.4365     3.4359    24.8940   13.45389 8.2311e-02      0.915 0.0000e+00
        252 103.067242    0.01743     1.0458     62.750  1024.9322  50997.057    31.3406      0.897    7.52965     3.4425     3.4351    24.9279   13.44999 8.1793e-02      0.906 0.0000e+00
        253 103.067245    0.01750     1.0500     63.000  1024.9616  51051.298    31.3778      0.882    7.52748     3.4546     3.4366    24.9574   13.44592 8.0720e-02      0.891 0.0000e+00
        254 103.067248    0.01757     1.0542     63.250  1024.9788  51082.049    31.4001      0.863    7.52523     3.4714     3.4426    24.9747   13.44190 7.9525e-02      0.871 0.0000e+00
        255 103.067251    0.01764     1.0583     63.500  1024.9758  51074.364    31.3979      0.840    7.52309     3.4879     3.4547    24.9719   13.43841 7.8461e-02      0.848 0.0000e+00
