CTD-processing/allCTD/CNV--homogene/2015_09-24_t4_s10_cast196.cnv
* Sea-Bird SBE19plus Data File:
* FileName = C:\Users\Kris.Holderied\Documents\kasitsna\Research-KBL\Oceanography-AK\CTD-Data-ALL-to-2015-06\2015-CTD-KachemakBay-CookInlet\2015-09-24-CookInlet-Tran4-special\2015-09-24-CookInlet-Tran4-cast196.hex
* Software Version 1.59
* Temperature SN =  5028
* Conductivity SN =  5028
* System UpLoad Time = Oct 19 2015 12:40:51
** Cook Inlet LTM Transect 4 Homer Spit special

** Date: 09-24
** Station: 4-10
** Start time (AKDT): 15:05
** Depth (m): 19.8
** Comment:  R/V Edgecumbe
** Comment:
# nquan = 17
# nvalues = 423                         
# units = specified
# name 0 = scan: Scan Count
# name 1 = timeJ: Julian Days
# name 2 = timeH: Time, Elapsed [hours]
# name 3 = timeM: Time, Elapsed [minutes]
# name 4 = timeS: Time, Elapsed [seconds]
# name 5 = density00: Density [density, kg/m^3]
# name 6 = specc: Specific Conductance [uS/cm]
# name 7 = sal00: Salinity, Practical [PSU]
# name 8 = depSM: Depth [salt water, m], lat = 59.00
# name 9 = oxsolML/L: Oxygen Saturation, Garcia & Gordon [ml/l]
# name 10 = potemp090C: Potential Temperature [ITS-90, deg C]
# name 11 = tv290C: Temperature [ITS-90, deg C]
# name 12 = sigma-é00: Density [sigma-theta, kg/m^3]
# name 13 = n2satML/L: Nitrogen Saturation [ml/l]
# name 14 = par: PAR/Irradiance, Biospherical/Licor
# name 15 = prdM: Pressure, Strain Gauge [db]
# name 16 = flag:  0.000e+00
# span 0 =          1,        423       
# span 1 = 267.628843, 267.630064       
# span 2 =    0.00000,    0.02931       
# span 3 =     0.0000,     1.7583       
# span 4 =      0.000,    105.500       
# span 5 =  1000.7218,  1023.5581       
# span 6 =   2260.371,  48207.047       
# span 7 =     1.1449,    30.6299       
# span 8 =     -0.108,     16.331       
# span 9 =    6.44053,    8.13002       
# span 10 =     8.3950,    10.4065      
# span 11 =     8.3790,    10.4080      
# span 12 =     0.7223,    23.4835      
# span 13 =   11.65904,   14.87744      
# span 14 = 1.0713e+01, 1.5185e+02      
# span 15 =     -0.109,     16.485      
# span 16 = 0.0000e+00, 0.0000e+00      
# interval = seconds: 0.25
# start_time = Sep 24 2015 15:05:32 [Instrument's time stamp, header]
# bad_flag = -9.990e-29
*END*
[from data line 256]
        257 267.629583    0.01778     1.0667     64.000  1022.3612  46026.186    28.9993      1.295    6.64166     9.4551     9.4566    22.3552   12.01116 4.5059e+01      1.307 0.0000e+00
        258 267.629586    0.01785     1.0708     64.250  1022.3630  46029.401    29.0014      1.286    6.64174     9.4558     9.4555    22.3570   12.01126 4.5273e+01      1.298 0.0000e+00
        259 267.629589    0.01792     1.0750     64.500  1022.3636  46030.662    29.0023      1.283    6.64173     9.4571     9.4553    22.3577   12.01123 4.5074e+01      1.295 0.0000e+00
        260 267.629592    0.01799     1.0792     64.750  1022.3635  46030.373    29.0021      1.287    6.64163     9.4587     9.4560    22.3575   12.01108 4.4470e+01      1.299 0.0000e+00
        261 267.629595    0.01806     1.0833     65.000  1022.3627  46029.037    29.0013      1.295    6.64148     9.4602     9.4572    22.3567   12.01083 4.3924e+01      1.307 0.0000e+00
        262 267.629598    0.01812     1.0875     65.250  1022.3616  46027.183    29.0002      1.306    6.64129     9.4612     9.4588    22.3556   12.01053 4.3771e+01      1.318 0.0000e+00
        263 267.629601    0.01819     1.0917     65.500  1022.3608  46025.774    28.9994      1.316    6.64110     9.4620     9.4603    22.3548   12.01023 4.3988e+01      1.328 0.0000e+00
        264 267.629604    0.01826     1.0958     65.750  1022.3612  46026.513    29.0000      1.321    6.64092     9.4631     9.4614    22.3551   12.00993 4.4565e+01      1.334 0.0000e+00
        265 267.629606    0.01833     1.1000     66.000  1022.3634  46030.766    29.0031      1.320    6.64068     9.4659     9.4621    22.3574   12.00949 4.5422e+01      1.333 0.0000e+00
        266 267.629609    0.01840     1.1042     66.250  1022.3678  46038.946    29.0090      1.313    6.64026     9.4713     9.4633    22.3618   12.00872 4.6039e+01      1.326 0.0000e+00
        267 267.629612    0.01847     1.1083     66.500  1022.3736  46049.946    29.0170      1.299    6.63951     9.4789     9.4660    22.3676   12.00737 4.5883e+01      1.312 0.0000e+00
        268 267.629615    0.01854     1.1125     66.750  1022.3780  46058.704    29.0237      1.281    6.63843     9.4869     9.4714    22.3721   12.00549 4.4948e+01      1.294 0.0000e+00
        269 267.629618    0.01861     1.1167     67.000  1022.3784  46060.460    29.0259      1.265    6.63721     9.4935     9.4790    22.3726   12.00345 4.3830e+01      1.277 0.0000e+00
        270 267.629621    0.01868     1.1208     67.250  1022.3760  46056.955    29.0244      1.256    6.63610     9.4984     9.4870    22.3702   12.00163 4.3360e+01      1.268 0.0000e+00
        271 267.629624    0.01875     1.1250     67.500  1022.3731  46052.234    29.0219      1.258    6.63523     9.5017     9.4936    22.3672   12.00022 4.3649e+01      1.270 0.0000e+00
        272 267.629627    0.01882     1.1292     67.750  1022.3706  46048.185    29.0197      1.268    6.63461     9.5040     9.4985    22.3648   11.99921 4.3961e+01      1.280 0.0000e+00
        273 267.629630    0.01889     1.1333     68.000  1022.3688  46045.257    29.0180      1.278    6.63418     9.5054     9.5019    22.3630   11.99853 4.3738e+01      1.290 0.0000e+00
        274 267.629633    0.01896     1.1375     68.250  1022.3676  46043.272    29.0169      1.282    6.63390     9.5064     9.5041    22.3618   11.99808 4.3069e+01      1.294 0.0000e+00
        275 267.629635    0.01903     1.1417     68.500  1022.3668  46041.973    29.0162      1.278    6.63372     9.5070     9.5056    22.3610   11.99778 4.2439e+01      1.290 0.0000e+00
        276 267.629638    0.01910     1.1458     68.750  1022.3663  46041.186    29.0158      1.269    6.63360     9.5074     9.5065    22.3605   11.99758 4.2292e+01      1.281 0.0000e+00
        277 267.629641    0.01917     1.1500     69.000  1022.3660  46040.717    29.0156      1.262    6.63352     9.5076     9.5071    22.3602   11.99745 4.2480e+01      1.274 0.0000e+00
        278 267.629644    0.01924     1.1542     69.250  1022.3658  46040.409    29.0154      1.261    6.63347     9.5077     9.5075    22.3600   11.99738 4.2405e+01      1.273 0.0000e+00
        279 267.629647    0.01931     1.1583     69.500  1022.3657  46040.189    29.0153      1.266    6.63344     9.5077     9.5077    22.3599   11.99734 4.1933e+01      1.278 0.0000e+00
        280 267.629650    0.01938     1.1625     69.750  1022.3657  46040.029    29.0152      1.275    6.63343     9.5078     9.5078    22.3598   11.99732 4.1603e+01      1.287 0.0000e+00
        281 267.629653    0.01944     1.1667     70.000  1022.3656  46039.900    29.0151      1.281    6.63343     9.5079     9.5079    22.3597   11.99731 4.1850e+01      1.293 0.0000e+00
        282 267.629656    0.01951     1.1708     70.250  1022.3655  46039.722    29.0150      1.285    6.63342     9.5080     9.5080    22.3596   11.99731 4.2458e+01      1.297 0.0000e+00
        283 267.629659    0.01958     1.1750     70.500  1022.3654  46039.414    29.0148      1.285    6.63342     9.5081     9.5081    22.3595   11.99730 4.2908e+01      1.297 0.0000e+00
        284 267.629661    0.01965     1.1792     70.750  1022.3651  46038.950    29.0145      1.284    6.63341     9.5083     9.5082    22.3592   11.99730 4.2939e+01      1.296 0.0000e+00
        285 267.629664    0.01972     1.1833     71.000  1022.3647  46038.301    29.0140      1.284    6.63341     9.5084     9.5083    22.3588   11.99730 4.2586e+01      1.296 0.0000e+00
        286 267.629667    0.01979     1.1875     71.250  1022.3642  46037.429    29.0134      1.286    6.63342     9.5086     9.5085    22.3583   11.99732 4.1932e+01      1.298 0.0000e+00
        287 267.629670    0.01986     1.1917     71.500  1022.3637  46036.364    29.0127      1.289    6.63343     9.5088     9.5086    22.3578   11.99734 4.1190e+01      1.301 0.0000e+00
        288 267.629673    0.01993     1.1958     71.750  1022.3631  46035.281    29.0119      1.290    6.63343     9.5090     9.5088    22.3572   11.99736 4.0685e+01      1.302 0.0000e+00
        289 267.629676    0.02000     1.2000     72.000  1022.3626  46034.531    29.0114      1.285    6.63342     9.5091     9.5090    22.3567   11.99735 4.0404e+01      1.297 0.0000e+00
        290 267.629679    0.02007     1.2042     72.250  1022.3625  46034.400    29.0114      1.274    6.63340     9.5092     9.5092    22.3566   11.99731 4.0075e+01      1.286 0.0000e+00
        291 267.629682    0.02014     1.2083     72.500  1022.3627  46034.803    29.0117      1.257    6.63337     9.5091     9.5093    22.3569   11.99725 3.9699e+01      1.269 0.0000e+00
        292 267.629685    0.02021     1.2125     72.750  1022.3628  46035.279    29.0120      1.241    6.63335     9.5091     9.5093    22.3571   11.99722 3.9595e+01      1.253 0.0000e+00
        293 267.629687    0.02028     1.2167     73.000  1022.3629  46035.411    29.0121      1.230    6.63335     9.5092     9.5093    22.3572   11.99722 3.9987e+01      1.242 0.0000e+00
        294 267.629690    0.02035     1.2208     73.250  1022.3627  46035.113    29.0119      1.230    6.63336     9.5092     9.5093    22.3571   11.99724 4.0651e+01      1.242 0.0000e+00
        295 267.629693    0.02042     1.2250     73.500  1022.3625  46034.574    29.0115      1.242    6.63337     9.5093     9.5093    22.3568   11.99725 4.1143e+01      1.254 0.0000e+00
        296 267.629696    0.02049     1.2292     73.750  1022.3623  46034.060    29.0112      1.261    6.63337     9.5094     9.5094    22.3565   11.99726 4.1237e+01      1.273 0.0000e+00
        297 267.629699    0.02056     1.2333     74.000  1022.3622  46033.752    29.0110      1.280    6.63337     9.5094     9.5095    22.3563   11.99726 4.0980e+01      1.292 0.0000e+00
        298 267.629702    0.02063     1.2375     74.250  1022.3622  46033.753    29.0110      1.292    6.63336     9.5094     9.5095    22.3563   11.99725 4.0636e+01      1.304 0.0000e+00
        299 267.629705    0.02069     1.2417     74.500  1022.3624  46033.975    29.0111      1.294    6.63335     9.5094     9.5095    22.3564   11.99723 4.0536e+01      1.306 0.0000e+00
        300 267.629708    0.02076     1.2458     74.750  1022.3625  46034.249    29.0113      1.283    6.63334     9.5095     9.5095    22.3566   11.99721 4.0761e+01      1.295 0.0000e+00
        301 267.629711    0.02083     1.2500     75.000  1022.3626  46034.548    29.0115      1.263    6.63332     9.5096     9.5096    22.3567   11.99719 4.1142e+01      1.275 0.0000e+00
        302 267.629714    0.02090     1.2542     75.250  1022.3626  46034.873    29.0118      1.240    6.63330     9.5097     9.5096    22.3569   11.99716 4.1388e+01      1.251 0.0000e+00
        303 267.629716    0.02097     1.2583     75.500  1022.3627  46035.164    29.0120      1.219    6.63328     9.5099     9.5097    22.3571   11.99711 4.1300e+01      1.230 0.0000e+00
        304 267.629719    0.02104     1.2625     75.750  1022.3627  46035.362    29.0121      1.204    6.63326     9.5100     9.5098    22.3572   11.99707 4.0901e+01      1.216 0.0000e+00
        305 267.629722    0.02111     1.2667     76.000  1022.3627  46035.461    29.0122      1.197    6.63324     9.5100     9.5100    22.3572   11.99704 4.0380e+01      1.208 0.0000e+00
        306 267.629725    0.02118     1.2708     76.250  1022.3627  46035.449    29.0123      1.198    6.63322     9.5100     9.5101    22.3572   11.99701 3.9934e+01      1.210 0.0000e+00
        307 267.629728    0.02125     1.2750     76.500  1022.3627  46035.385    29.0122      1.211    6.63322     9.5099     9.5101    22.3572   11.99700 3.9599e+01      1.223 0.0000e+00
        308 267.629731    0.02132     1.2792     76.750  1022.3629  46035.396    29.0122      1.240    6.63323     9.5097     9.5101    22.3572   11.99701 3.9290e+01      1.252 0.0000e+00
        309 267.629734    0.02139     1.2833     77.000  1022.3631  46035.400    29.0122      1.286    6.63324     9.5096     9.5100    22.3572   11.99703 3.8933e+01      1.299 0.0000e+00
        310 267.629737    0.02146     1.2875     77.250  1022.3633  46035.245    29.0121      1.352    6.63326     9.5095     9.5099    22.3571   11.99707 3.8553e+01      1.365 0.0000e+00
        311 267.629740    0.02153     1.2917     77.500  1022.3636  46035.098    29.0119      1.438    6.63329     9.5093     9.5098    22.3570   11.99712 3.8141e+01      1.451 0.0000e+00
        312 267.629742    0.02160     1.2958     77.750  1022.3642  46035.306    29.0120      1.547    6.63330     9.5090     9.5096    22.3570   11.99714 3.7647e+01      1.561 0.0000e+00
        313 267.629745    0.02167     1.3000     78.000  1022.3652  46036.160    29.0125      1.678    6.63331     9.5085     9.5094    22.3575   11.99714 3.7284e+01      1.693 0.0000e+00
        314 267.629748    0.02174     1.3042     78.250  1022.3669  46038.006    29.0137      1.829    6.63330     9.5078     9.5091    22.3584   11.99711 3.7407e+01      1.846 0.0000e+00
        315 267.629751    0.02181     1.3083     78.500  1022.3694  46041.260    29.0158      1.996    6.63327     9.5068     9.5087    22.3602   11.99704 3.8055e+01      2.015 0.0000e+00
        316 267.629754    0.02187     1.3125     78.750  1022.3729  46046.192    29.0191      2.172    6.63323     9.5054     9.5080    22.3629   11.99694 3.8994e+01      2.193 0.0000e+00
        317 267.629757    0.02194     1.3167     79.000  1022.3773  46052.709    29.0234      2.355    6.63320     9.5036     9.5070    22.3664   11.99683 4.0110e+01      2.377 0.0000e+00
        318 267.629760    0.02201     1.3208     79.250  1022.3822  46060.121    29.0284      2.544    6.63319     9.5017     9.5056    22.3705   11.99676 4.1420e+01      2.568 0.0000e+00
        319 267.629763    0.02208     1.3250     79.500  1022.3872  46067.476    29.0332      2.744    6.63324     9.4996     9.5039    22.3745   11.99678 4.2910e+01      2.770 0.0000e+00
        320 267.629766    0.02215     1.3292     79.750  1022.3921  46074.604    29.0378      2.958    6.63333     9.4973     9.5020    22.3784   11.99687 4.4451e+01      2.986 0.0000e+00
        321 267.629769    0.02222     1.3333     80.000  1022.3976  46082.801    29.0432      3.186    6.63339     9.4940     9.4999    22.3829   11.99691 4.5950e+01      3.216 0.0000e+00
        322 267.629771    0.02229     1.3375     80.250  1022.4053  46094.812    29.0512      3.427    6.63339     9.4893     9.4976    22.3895   11.99681 4.7580e+01      3.459 0.0000e+00
        323 267.629774    0.02236     1.3417     80.500  1022.4158  46111.750    29.0625      3.674    6.63338     9.4831     9.4944    22.3989   11.99666 4.9563e+01      3.708 0.0000e+00
        324 267.629777    0.02243     1.3458     80.750  1022.4281  46131.966    29.0760      3.922    6.63350     9.4754     9.4897    22.4100   11.99668 5.2031e+01      3.959 0.0000e+00
        325 267.629780    0.02250     1.3500     81.000  1022.4417  46154.347    29.0907      4.167    6.63379     9.4668     9.4835    22.4225   11.99699 5.4957e+01      4.207 0.0000e+00
        326 267.629783    0.02257     1.3542     81.250  1022.4565  46178.942    29.1068      4.407    6.63423     9.4575     9.4758    22.4363   11.99751 5.7937e+01      4.449 0.0000e+00
        327 267.629786    0.02264     1.3583     81.500  1022.4727  46205.856    29.1245      4.639    6.63475     9.4484     9.4672    22.4514   11.99816 6.0307e+01      4.683 0.0000e+00
        328 267.629789    0.02271     1.3625     81.750  1022.4898  46234.631    29.1433      4.860    6.63530     9.4400     9.4580    22.4675   11.99885 6.1698e+01      4.906 0.0000e+00
        329 267.629792    0.02278     1.3667     82.000  1022.5075  46264.578    29.1630      5.066    6.63580     9.4328     9.4489    22.4842   11.99945 6.2398e+01      5.114 0.0000e+00
        330 267.629795    0.02285     1.3708     82.250  1022.5253  46294.823    29.1829      5.257    6.63618     9.4270     9.4405    22.5011   11.99983 6.3074e+01      5.307 0.0000e+00
        331 267.629797    0.02292     1.3750     82.500  1022.5426  46324.535    29.2027      5.438    6.63638     9.4220     9.4334    22.5176   11.99992 6.4274e+01      5.489 0.0000e+00
        332 267.629800    0.02299     1.3792     82.750  1022.5598  46354.091    29.2225      5.614    6.63640     9.4172     9.4276    22.5340   11.99971 6.6004e+01      5.667 0.0000e+00
        333 267.629803    0.02306     1.3833     83.000  1022.5769  46383.550    29.2424      5.792    6.63629     9.4123     9.4226    22.5502   11.99928 6.7637e+01      5.847 0.0000e+00
        334 267.629806    0.02313     1.3875     83.250  1022.5929  46410.996    29.2608      5.974    6.63620     9.4070     9.4178    22.5654   11.99890 6.8416e+01      6.030 0.0000e+00
        335 267.629809    0.02319     1.3917     83.500  1022.6068  46434.627    29.2766      6.159    6.63625     9.4021     9.4129    22.5785   11.99880 6.8158e+01      6.217 0.0000e+00
        336 267.629812    0.02326     1.3958     83.750  1022.6194  46455.717    29.2906      6.347    6.63642     9.3984     9.4077    22.5902   11.99891 6.7317e+01      6.407 0.0000e+00
        337 267.629815    0.02333     1.4000     84.000  1022.6318  46476.487    29.3044      6.537    6.63656     9.3966     9.4028    22.6017   11.99896 6.6246e+01      6.599 0.0000e+00
        338 267.629818    0.02340     1.4042     84.250  1022.6442  46497.367    29.3185      6.732    6.63649     9.3968     9.3991    22.6132   11.99868 6.4859e+01      6.795 0.0000e+00
        339 267.629821    0.02347     1.4083     84.500  1022.6574  46519.791    29.3338      6.934    6.63610     9.3993     9.3973    22.6255   11.99785 6.2997e+01      7.000 0.0000e+00
        340 267.629823    0.02354     1.4125     84.750  1022.6725  46545.961    29.3520      7.145    6.63529     9.4047     9.3976    22.6396   11.99628 6.0655e+01      7.214 0.0000e+00
