CTD-processing/allCTD/CNV--homogene/2015_04-08_t4_s02_cast022.cnv
* Sea-Bird SBE19plus Data File:
* FileName = C:\Users\kris.holderied\Documents\kasitsna\Research-Projects-and-Data\Oceanography-AK\CTD-Data-ALL-to-2015-02\2015-CTD-KachemakBay-CookInlet\2015-04-EVOSTC-CookInlet-quarterly\2015-04-08-CookInlet-Tran4-Barabara\2015-04-08-CookInlet-Tran4-cast022.hex
* Software Version 1.59
* Temperature SN =  5028
* Conductivity SN =  5028
* System UpLoad Time = Apr 09 2015 19:20:13
** Cook Inlet LTM Tran 4 (Barabara) South to North
** Date: 04-08
** Station: 4-02
** Start time:  09:19
** Depth (m): 97
** Comment:  KBL CTD. Time is local (AKDT)
** Comment: On R/V Pandalus.
# nquan = 17
# nvalues = 551                         
# units = specified
# name 0 = scan: Scan Count
# name 1 = timeJ: Julian Days
# name 2 = timeH: Time, Elapsed [hours]
# name 3 = timeM: Time, Elapsed [minutes]
# name 4 = timeS: Time, Elapsed [seconds]
# name 5 = density00: Density [density, kg/m^3]
# name 6 = specc: Specific Conductance [uS/cm]
# name 7 = sal00: Salinity, Practical [PSU]
# name 8 = depSM: Depth [salt water, m], lat = 59.00
# name 9 = oxsolML/L: Oxygen Saturation, Garcia & Gordon [ml/l]
# name 10 = potemp090C: Potential Temperature [ITS-90, deg C]
# name 11 = tv290C: Temperature [ITS-90, deg C]
# name 12 = sigma-é00: Density [sigma-theta, kg/m^3]
# name 13 = n2satML/L: Nitrogen Saturation [ml/l]
# name 14 = par: PAR/Irradiance, Biospherical/Licor
# name 15 = prdM: Pressure, Strain Gauge [db]
# name 16 = flag:  0.000e+00
# span 0 =          1,        551       
# span 1 =  98.387836,  98.389427       
# span 2 =    0.00000,    0.03819       
# span 3 =     0.0000,     2.2917       
# span 4 =      0.000,    137.500       
# span 5 =  1000.2132,  1025.3758       
# span 6 =    709.117,  50744.416       
# span 7 =     0.3356,    31.6253       
# span 8 =     -0.190,     96.175       
# span 9 =    7.10800,    8.71030       
# span 10 =     5.5274,     5.9124      
# span 11 =     5.5275,     5.9125      
# span 12 =     0.2141,    24.9354      
# span 13 =   12.75026,   15.87038      
# span 14 = 4.9343e-02, 6.4129e+01      
# span 15 =     -0.192,     97.106      
# span 16 = 0.0000e+00, 0.0000e+00      
# interval = seconds: 0.25
# start_time = Apr 08 2015 09:18:29 [Instrument's time stamp, header]
# bad_flag = -9.990e-29
*END*
[from data line 511]
        512  98.389314    0.03549     2.1292    127.750  1025.2949  50716.456    31.6199     80.575    7.11513     5.6963     5.7029    24.9184   12.76197 5.1533e-02     81.351 0.0000e+00
        513  98.389317    0.03556     2.1333    128.000  1025.2970  50717.037    31.6201     80.999    7.11515     5.6963     5.7027    24.9186   12.76199 5.1398e-02     81.780 0.0000e+00
        514  98.389320    0.03562     2.1375    128.250  1025.2991  50717.427    31.6201     81.424    7.11516     5.6962     5.7027    24.9186   12.76200 5.1372e-02     82.208 0.0000e+00
        515  98.389323    0.03569     2.1417    128.500  1025.3011  50717.735    31.6201     81.849    7.11516     5.6962     5.7027    24.9186   12.76200 5.1360e-02     82.638 0.0000e+00
        516  98.389326    0.03576     2.1458    128.750  1025.3031  50718.063    31.6202     82.275    7.11516     5.6961     5.7027    24.9187   12.76199 5.1313e-02     83.068 0.0000e+00
        517  98.389329    0.03583     2.1500    129.000  1025.3050  50718.225    31.6201     82.703    7.11516     5.6957     5.7027    24.9186   12.76200 5.1260e-02     83.500 0.0000e+00
        518  98.389332    0.03590     2.1542    129.250  1025.3067  50718.041    31.6197     83.134    7.11519     5.6950     5.7026    24.9183   12.76206 5.1230e-02     83.936 0.0000e+00
        519  98.389334    0.03597     2.1583    129.500  1025.3084  50717.624    31.6191     83.571    7.11527     5.6937     5.7022    24.9179   12.76220 5.1185e-02     84.376 0.0000e+00
        520  98.389337    0.03604     2.1625    129.750  1025.3100  50717.212    31.6185     84.012    7.11542     5.6921     5.7015    24.9175   12.76246 5.1046e-02     84.823 0.0000e+00
        521  98.389340    0.03611     2.1667    130.000  1025.3119  50717.134    31.6180     84.460    7.11565     5.6901     5.7003    24.9172   12.76284 5.0857e-02     85.275 0.0000e+00
        522  98.389343    0.03618     2.1708    130.250  1025.3141  50717.851    31.6179     84.912    7.11593     5.6883     5.6987    24.9174   12.76330 5.0690e-02     85.732 0.0000e+00
        523  98.389346    0.03625     2.1750    130.500  1025.3169  50719.416    31.6184     85.368    7.11622     5.6867     5.6968    24.9180   12.76378 5.0556e-02     86.192 0.0000e+00
        524  98.389349    0.03632     2.1792    130.750  1025.3198  50721.367    31.6192     85.824    7.11649     5.6853     5.6950    24.9188   12.76422 5.0453e-02     86.652 0.0000e+00
        525  98.389352    0.03639     2.1833    131.000  1025.3227  50723.246    31.6199     86.279    7.11672     5.6843     5.6934    24.9195   12.76459 5.0351e-02     87.112 0.0000e+00
        526  98.389355    0.03646     2.1875    131.250  1025.3255  50724.876    31.6206     86.729    7.11691     5.6835     5.6921    24.9202   12.76489 5.0237e-02     87.566 0.0000e+00
        527  98.389358    0.03653     2.1917    131.500  1025.3281  50726.284    31.6211     87.171    7.11705     5.6830     5.6911    24.9208   12.76512 5.0127e-02     88.012 0.0000e+00
        528  98.389361    0.03660     2.1958    131.750  1025.3306  50727.463    31.6216     87.600    7.11716     5.6826     5.6904    24.9212   12.76529 5.0016e-02     88.446 0.0000e+00
        529  98.389363    0.03667     2.2000    132.000  1025.3328  50728.391    31.6219     88.016    7.11723     5.6823     5.6898    24.9216   12.76540 4.9894e-02     88.866 0.0000e+00
        530  98.389366    0.03674     2.2042    132.250  1025.3349  50729.080    31.6221     88.419    7.11728     5.6820     5.6894    24.9218   12.76549 4.9749e-02     89.272 0.0000e+00
        531  98.389369    0.03681     2.2083    132.500  1025.3368  50729.501    31.6222     88.809    7.11733     5.6817     5.6892    24.9218   12.76555 4.9565e-02     89.667 0.0000e+00
        532  98.389372    0.03687     2.2125    132.750  1025.3385  50729.704    31.6221     89.191    7.11737     5.6813     5.6889    24.9218   12.76562 4.9400e-02     90.052 0.0000e+00
        533  98.389375    0.03694     2.2167    133.000  1025.3402  50729.874    31.6220     89.570    7.11742     5.6808     5.6887    24.9217   12.76571 4.9343e-02     90.435 0.0000e+00
        534  98.389378    0.03701     2.2208    133.250  1025.3420  50730.194    31.6219     89.950    7.11748     5.6803     5.6883    24.9218   12.76582 4.9395e-02     90.819 0.0000e+00
        535  98.389381    0.03708     2.2250    133.500  1025.3439  50730.661    31.6219     90.337    7.11756     5.6796     5.6878    24.9219   12.76595 4.9505e-02     91.209 0.0000e+00
        536  98.389384    0.03715     2.2292    133.750  1025.3459  50731.150    31.6220     90.731    7.11764     5.6789     5.6873    24.9220   12.76609 4.9616e-02     91.607 0.0000e+00
        537  98.389387    0.03722     2.2333    134.000  1025.3478  50731.635    31.6220     91.135    7.11774     5.6782     5.6868    24.9221   12.76624 4.9713e-02     92.015 0.0000e+00
        538  98.389389    0.03729     2.2375    134.250  1025.3499  50732.107    31.6220     91.551    7.11785     5.6773     5.6861    24.9221   12.76643 4.9850e-02     92.435 0.0000e+00
        539  98.389392    0.03736     2.2417    134.500  1025.3519  50732.542    31.6219     91.977    7.11798     5.6763     5.6854    24.9222   12.76664 5.0063e-02     92.866 0.0000e+00
        540  98.389395    0.03743     2.2458    134.750  1025.3540  50733.035    31.6219     92.411    7.11813     5.6751     5.6845    24.9222   12.76688 5.0399e-02     93.304 0.0000e+00
        541  98.389398    0.03750     2.2500    135.000  1025.3562  50733.693    31.6219     92.851    7.11830     5.6738     5.6835    24.9224   12.76716 5.1003e-02     93.749 0.0000e+00
        542  98.389401    0.03757     2.2542    135.250  1025.3585  50734.521    31.6221     93.293    7.11848     5.6724     5.6823    24.9226   12.76747 5.1663e-02     94.195 0.0000e+00
        543  98.389404    0.03764     2.2583    135.500  1025.3607  50735.295    31.6222     93.732    7.11869     5.6708     5.6811    24.9228   12.76781 5.1871e-02     94.638 0.0000e+00
        544  98.389407    0.03771     2.2625    135.750  1025.3628  50735.860    31.6221     94.163    7.11892     5.6690     5.6798    24.9229   12.76819 5.1643e-02     95.073 0.0000e+00
        545  98.389410    0.03778     2.2667    136.000  1025.3650  50736.734    31.6221     94.578    7.11918     5.6673     5.6782    24.9231   12.76862 5.1285e-02     95.493 0.0000e+00
        546  98.389413    0.03785     2.2708    136.250  1025.3675  50738.272    31.6226     94.973    7.11945     5.6658     5.6764    24.9238   12.76906 5.0923e-02     95.892 0.0000e+00
        547  98.389416    0.03792     2.2750    136.500  1025.3700  50740.048    31.6234     95.340    7.11970     5.6647     5.6748    24.9245   12.76946 5.0606e-02     96.262 0.0000e+00
        548  98.389418    0.03799     2.2792    136.750  1025.3722  50741.706    31.6241     95.665    7.11991     5.6640     5.6733    24.9253   12.76979 5.0349e-02     96.590 0.0000e+00
        549  98.389421    0.03806     2.2833    137.000  1025.3741  50743.123    31.6247     95.930    7.12006     5.6638     5.6722    24.9259   12.77004 5.0153e-02     96.858 0.0000e+00
        550  98.389424    0.03812     2.2875    137.250  1025.3754  50744.083    31.6251     96.110    7.12016 -9.990e-29     5.6715    24.9263   12.77019 5.0021e-02     97.040 0.0000e+00
        551  98.389427    0.03819     2.2917    137.500  1025.3758  50744.416    31.6253     96.175    7.12019 -9.990e-29     5.6713    24.9264   12.77024 4.9971e-02     97.106 0.0000e+00
