CTD-processing/allCTD/CNV--homogene/2015_07-29_t9_s08_cast140.cnv
* Sea-Bird SBE19plus Data File:
* FileName = C:\Users\Kris.Holderied\Documents\kasitsna\Research-KBL\Oceanography-AK\CTD-Data-ALL-to-2015-06\2015-CTD-KachemakBay-CookInlet\2015-07-29-CookInlet-HomerSpit-Monthly\2015-07-29-CookInlet-Tran9-cast140.hex
* Software Version 1.59
* Temperature SN =  5028
* Conductivity SN =  5028
* System UpLoad Time = Aug 13 2015 18:41:08
** Cook Inlet LTM Transect 9 (monthly) North to South
** Date (YYYY-MM-DD): 2015-07-29
** Station (ie. 9-01):  9-08
** Start time (AKDT): 14:03
** Depth (m): 94.2
** Comment:  R/V Barnacle
** Comment:
# nquan = 17
# nvalues = 700                         
# units = specified
# name 0 = scan: Scan Count
# name 1 = timeJ: Julian Days
# name 2 = timeH: Time, Elapsed [hours]
# name 3 = timeM: Time, Elapsed [minutes]
# name 4 = timeS: Time, Elapsed [seconds]
# name 5 = density00: Density [density, kg/m^3]
# name 6 = specc: Specific Conductance [uS/cm]
# name 7 = sal00: Salinity, Practical [PSU]
# name 8 = depSM: Depth [salt water, m], lat = 59.00
# name 9 = oxsolML/L: Oxygen Saturation, Garcia & Gordon [ml/l]
# name 10 = potemp090C: Potential Temperature [ITS-90, deg C]
# name 11 = tv290C: Temperature [ITS-90, deg C]
# name 12 = sigma-é00: Density [sigma-theta, kg/m^3]
# name 13 = n2satML/L: Nitrogen Saturation [ml/l]
# name 14 = par: PAR/Irradiance, Biospherical/Licor
# name 15 = prdM: Pressure, Strain Gauge [db]
# name 16 = flag:  0.000e+00
# span 0 =          1,        700       
# span 1 = 210.584178, 210.586201       
# span 2 =    0.00000,    0.04854       
# span 3 =     0.0000,     2.9125       
# span 4 =      0.000,    174.750       
# span 5 =  1003.0290,  1024.7048       
# span 6 =   8422.620,  49586.185       
# span 7 =     4.7576,    31.3489       
# span 8 =     -0.004,     84.871       
# span 9 =    6.06831,    7.12666       
# span 10 =     8.5237,    14.4624      
# span 11 =     8.5322,    14.4625      
# span 12 =     3.0290,    24.3140      
# span 13 =   11.08514,   13.13670      
# span 14 = 6.6492e-02, 3.0404e+02      
# span 15 =     -0.004,     85.690      
# span 16 = 0.0000e+00, 0.0000e+00      
# interval = seconds: 0.25
# start_time = Jul 29 2015 14:01:13 [Instrument's time stamp, header]
# bad_flag = -9.990e-29
*END*
[from data line 596]
        597 210.585903    0.04139     2.4833    149.000  1024.5257  49446.293    31.2832     63.536    6.63410     8.8319     8.8460    24.2334   11.97075 7.0489e-02     64.146 0.0000e+00
        598 210.585906    0.04146     2.4875    149.250  1024.5276  49447.500    31.2834     63.791    6.63465     8.8278     8.8422    24.2342   11.97165 7.0388e-02     64.403 0.0000e+00
        599 210.585909    0.04153     2.4917    149.500  1024.5294  49448.588    31.2835     64.047    6.63521     8.8237     8.8384    24.2348   11.97259 7.0288e-02     64.662 0.0000e+00
        600 210.585911    0.04160     2.4958    149.750  1024.5315  49450.109    31.2839     64.302    6.63579     8.8197     8.8344    24.2357   11.97355 7.0193e-02     64.919 0.0000e+00
        601 210.585914    0.04167     2.5000    150.000  1024.5340  49452.510    31.2849     64.553    6.63637     8.8164     8.8302    24.2371   11.97448 7.0101e-02     65.173 0.0000e+00
        602 210.585917    0.04174     2.5042    150.250  1024.5368  49455.481    31.2863     64.801    6.63689     8.8137     8.8263    24.2388   11.97533 7.0012e-02     65.423 0.0000e+00
        603 210.585920    0.04181     2.5083    150.500  1024.5396  49458.310    31.2877     65.043    6.63732     8.8115     8.8230    24.2404   11.97603 6.9919e-02     65.668 0.0000e+00
        604 210.585923    0.04188     2.5125    150.750  1024.5419  49460.510    31.2887     65.282    6.63768     8.8098     8.8203    24.2417   11.97660 6.9827e-02     65.909 0.0000e+00
        605 210.585926    0.04194     2.5167    151.000  1024.5438  49461.960    31.2894     65.519    6.63796     8.8083     8.8182    24.2424   11.97706 6.9741e-02     66.148 0.0000e+00
        606 210.585929    0.04201     2.5208    151.250  1024.5454  49462.835    31.2896     65.754    6.63820     8.8068     8.8165    24.2429   11.97745 6.9656e-02     66.386 0.0000e+00
        607 210.585932    0.04208     2.5250    151.500  1024.5467  49463.235    31.2896     65.989    6.63842     8.8049     8.8150    24.2431   11.97782 6.9573e-02     66.623 0.0000e+00
        608 210.585935    0.04215     2.5292    151.750  1024.5477  49463.192    31.2892     66.224    6.63866     8.8026     8.8135    24.2430   11.97822 6.9499e-02     66.860 0.0000e+00
        609 210.585938    0.04222     2.5333    152.000  1024.5486  49462.866    31.2886     66.461    6.63895     8.7995     8.8117    24.2429   11.97872 6.9426e-02     67.099 0.0000e+00
        610 210.585940    0.04229     2.5375    152.250  1024.5494  49462.389    31.2879     66.699    6.63933     8.7955     8.8094    24.2426   11.97935 6.9345e-02     67.339 0.0000e+00
        611 210.585943    0.04236     2.5417    152.500  1024.5504  49462.049    31.2871     66.937    6.63982     8.7908     8.8063    24.2425   11.98017 6.9272e-02     67.579 0.0000e+00
        612 210.585946    0.04243     2.5458    152.750  1024.5518  49462.593    31.2868     67.175    6.64042     8.7859     8.8024    24.2429   11.98117 6.9214e-02     67.820 0.0000e+00
        613 210.585949    0.04250     2.5500    153.000  1024.5541  49464.613    31.2874     67.415    6.64108     8.7814     8.7977    24.2441   11.98226 6.9156e-02     68.063 0.0000e+00
        614 210.585952    0.04257     2.5542    153.250  1024.5571  49467.834    31.2889     67.659    6.64174     8.7774     8.7929    24.2460   11.98333 6.9095e-02     68.309 0.0000e+00
        615 210.585955    0.04264     2.5583    153.500  1024.5603  49471.354    31.2906     67.905    6.64235     8.7740     8.7883    24.2480   11.98431 6.9026e-02     68.557 0.0000e+00
        616 210.585958    0.04271     2.5625    153.750  1024.5632  49474.434    31.2920     68.152    6.64287     8.7710     8.7843    24.2497   11.98516 6.8952e-02     68.806 0.0000e+00
        617 210.585961    0.04278     2.5667    154.000  1024.5657  49476.807    31.2931     68.399    6.64333     8.7682     8.7809    24.2510   11.98590 6.8881e-02     69.056 0.0000e+00
        618 210.585964    0.04285     2.5708    154.250  1024.5678  49478.502    31.2937     68.648    6.64374     8.7655     8.7780    24.2520   11.98658 6.8813e-02     69.307 0.0000e+00
        619 210.585966    0.04292     2.5750    154.500  1024.5696  49479.628    31.2940     68.897    6.64414     8.7626     8.7752    24.2526   11.98723 6.8748e-02     69.559 0.0000e+00
        620 210.585969    0.04299     2.5792    154.750  1024.5711  49480.254    31.2939     69.147    6.64454     8.7595     8.7725    24.2530   11.98791 6.8687e-02     69.811 0.0000e+00
        621 210.585972    0.04306     2.5833    155.000  1024.5726  49480.742    31.2938     69.396    6.64498     8.7562     8.7696    24.2533   11.98863 6.8631e-02     70.063 0.0000e+00
        622 210.585975    0.04312     2.5875    155.250  1024.5743  49481.697    31.2939     69.642    6.64543     8.7529     8.7665    24.2538   11.98938 6.8582e-02     70.311 0.0000e+00
        623 210.585978    0.04319     2.5917    155.500  1024.5762  49483.188    31.2944     69.883    6.64590     8.7499     8.7632    24.2547   11.99015 6.8538e-02     70.554 0.0000e+00
        624 210.585981    0.04326     2.5958    155.750  1024.5782  49484.740    31.2949     70.121    6.64635     8.7469     8.7600    24.2556   11.99089 6.8494e-02     70.794 0.0000e+00
        625 210.585984    0.04333     2.6000    156.000  1024.5801  49486.130    31.2953     70.357    6.64679     8.7441     8.7570    24.2564   11.99161 6.8447e-02     71.033 0.0000e+00
        626 210.585987    0.04340     2.6042    156.250  1024.5819  49487.457    31.2957     70.592    6.64721     8.7414     8.7541    24.2571   11.99229 6.8400e-02     71.270 0.0000e+00
        627 210.585990    0.04347     2.6083    156.500  1024.5837  49488.736    31.2961     70.826    6.64761     8.7387     8.7513    24.2578   11.99295 6.8361e-02     71.507 0.0000e+00
        628 210.585992    0.04354     2.6125    156.750  1024.5855  49489.976    31.2965     71.061    6.64799     8.7362     8.7486    24.2586   11.99358 6.8328e-02     71.744 0.0000e+00
        629 210.585995    0.04361     2.6167    157.000  1024.5874  49491.278    31.2969     71.296    6.64836     8.7339     8.7460    24.2593   11.99419 6.8293e-02     71.982 0.0000e+00
        630 210.585998    0.04368     2.6208    157.250  1024.5892  49492.661    31.2974     71.531    6.64871     8.7318     8.7435    24.2601   11.99475 6.8254e-02     72.219 0.0000e+00
        631 210.586001    0.04375     2.6250    157.500  1024.5910  49493.941    31.2979     71.765    6.64903     8.7298     8.7412    24.2608   11.99528 6.8216e-02     72.455 0.0000e+00
        632 210.586004    0.04382     2.6292    157.750  1024.5927  49495.047    31.2983     71.999    6.64932     8.7279     8.7391    24.2614   11.99577 6.8180e-02     72.692 0.0000e+00
        633 210.586007    0.04389     2.6333    158.000  1024.5943  49496.092    31.2986     72.233    6.64960     8.7261     8.7371    24.2619   11.99622 6.8140e-02     72.928 0.0000e+00
        634 210.586010    0.04396     2.6375    158.250  1024.5958  49496.942    31.2988     72.467    6.64987     8.7241     8.7353    24.2624   11.99666 6.8095e-02     73.164 0.0000e+00
        635 210.586013    0.04403     2.6417    158.500  1024.5971  49497.334    31.2987     72.700    6.65015     8.7218     8.7335    24.2626   11.99712 6.8047e-02     73.399 0.0000e+00
        636 210.586016    0.04410     2.6458    158.750  1024.5981  49497.255    31.2983     72.931    6.65046     8.7190     8.7315    24.2625   11.99764 6.7999e-02     73.632 0.0000e+00
        637 210.586019    0.04417     2.6500    159.000  1024.5991  49497.170    31.2978     73.157    6.65082     8.7159     8.7292    24.2625   11.99825 6.7949e-02     73.861 0.0000e+00
        638 210.586021    0.04424     2.6542    159.250  1024.6004  49497.648    31.2976     73.380    6.65124     8.7126     8.7264    24.2628   11.99895 6.7907e-02     74.085 0.0000e+00
        639 210.586024    0.04431     2.6583    159.500  1024.6020  49498.644    31.2977     73.600    6.65169     8.7092     8.7233    24.2634   11.99970 6.7883e-02     74.308 0.0000e+00
        640 210.586027    0.04437     2.6625    159.750  1024.6036  49499.609    31.2978     73.820    6.65217     8.7054     8.7201    24.2639   12.00049 6.7865e-02     74.531 0.0000e+00
        641 210.586030    0.04444     2.6667    160.000  1024.6050  49500.163    31.2976     74.043    6.65269     8.7011     8.7167    24.2643   12.00134 6.7839e-02     74.755 0.0000e+00
        642 210.586033    0.04451     2.6708    160.250  1024.6062  49500.438    31.2972     74.266    6.65327     8.6962     8.7129    24.2645   12.00231 6.7804e-02     74.980 0.0000e+00
        643 210.586036    0.04458     2.6750    160.500  1024.6075  49500.775    31.2967     74.490    6.65393     8.6908     8.7086    24.2648   12.00341 6.7768e-02     75.206 0.0000e+00
        644 210.586039    0.04465     2.6792    160.750  1024.6091  49501.584    31.2964     74.714    6.65467     8.6852     8.7037    24.2653   12.00464 6.7733e-02     75.433 0.0000e+00
        645 210.586042    0.04472     2.6833    161.000  1024.6113  49503.455    31.2969     74.939    6.65546     8.6798     8.6983    24.2664   12.00593 6.7703e-02     75.660 0.0000e+00
        646 210.586045    0.04479     2.6875    161.250  1024.6141  49506.520    31.2981     75.162    6.65624     8.6750     8.6927    24.2682   12.00721 6.7676e-02     75.885 0.0000e+00
        647 210.586047    0.04486     2.6917    161.500  1024.6172  49509.934    31.2996     75.383    6.65696     8.6706     8.6874    24.2702   12.00839 6.7651e-02     76.108 0.0000e+00
        648 210.586050    0.04493     2.6958    161.750  1024.6199  49512.829    31.3009     75.599    6.65762     8.6666     8.6826    24.2719   12.00947 6.7632e-02     76.327 0.0000e+00
        649 210.586053    0.04500     2.7000    162.000  1024.6223  49515.299    31.3019     75.809    6.65823     8.6629     8.6783    24.2733   12.01046 6.7615e-02     76.538 0.0000e+00
        650 210.586056    0.04507     2.7042    162.250  1024.6246  49517.782    31.3029     76.011    6.65878     8.6596     8.6743    24.2748   12.01137 6.7590e-02     76.742 0.0000e+00
        651 210.586059    0.04514     2.7083    162.500  1024.6269  49520.135    31.3039     76.208    6.65929     8.6565     8.6706    24.2761   12.01219 6.7556e-02     76.942 0.0000e+00
        652 210.586062    0.04521     2.7125    162.750  1024.6289  49522.051    31.3047     76.404    6.65975     8.6536     8.6673    24.2772   12.01294 6.7517e-02     77.140 0.0000e+00
        653 210.586065    0.04528     2.7167    163.000  1024.6307  49523.674    31.3053     76.602    6.66017     8.6509     8.6642    24.2781   12.01363 6.7480e-02     77.340 0.0000e+00
        654 210.586068    0.04535     2.7208    163.250  1024.6325  49525.194    31.3059     76.803    6.66057     8.6484     8.6614    24.2790   12.01429 6.7452e-02     77.543 0.0000e+00
        655 210.586071    0.04542     2.7250    163.500  1024.6343  49526.596    31.3064     77.006    6.66095     8.6459     8.6587    24.2798   12.01492 6.7427e-02     77.748 0.0000e+00
        656 210.586073    0.04549     2.7292    163.750  1024.6359  49527.783    31.3067     77.210    6.66132     8.6435     8.6562    24.2805   12.01552 6.7397e-02     77.953 0.0000e+00
        657 210.586076    0.04556     2.7333    164.000  1024.6374  49528.863    31.3070     77.414    6.66167     8.6414     8.6537    24.2811   12.01609 6.7369e-02     78.159 0.0000e+00
        658 210.586079    0.04562     2.7375    164.250  1024.6391  49530.255    31.3076     77.616    6.66199     8.6396     8.6514    24.2819   12.01662 6.7342e-02     78.363 0.0000e+00
        659 210.586082    0.04569     2.7417    164.500  1024.6410  49532.010    31.3084     77.815    6.66227     8.6380     8.6493    24.2828   12.01708 6.7317e-02     78.564 0.0000e+00
        660 210.586085    0.04576     2.7458    164.750  1024.6428  49533.627    31.3092     78.010    6.66251     8.6367     8.6475    24.2837   12.01747 6.7290e-02     78.761 0.0000e+00
        661 210.586088    0.04583     2.7500    165.000  1024.6443  49534.804    31.3097     78.200    6.66272     8.6355     8.6459    24.2844   12.01780 6.7258e-02     78.953 0.0000e+00
        662 210.586091    0.04590     2.7542    165.250  1024.6456  49535.626    31.3100     78.385    6.66290     8.6343     8.6446    24.2848   12.01810 6.7223e-02     79.140 0.0000e+00
        663 210.586094    0.04597     2.7583    165.500  1024.6467  49536.089    31.3100     78.562    6.66308     8.6328     8.6434    24.2851   12.01838 6.7189e-02     79.318 0.0000e+00
        664 210.586097    0.04604     2.7625    165.750  1024.6474  49536.064    31.3098     78.729    6.66327     8.6309     8.6422    24.2850   12.01871 6.7164e-02     79.487 0.0000e+00
        665 210.586100    0.04611     2.7667    166.000  1024.6479  49535.579    31.3092     78.885    6.66351     8.6284     8.6408    24.2848   12.01912 6.7151e-02     79.645 0.0000e+00
        666 210.586102    0.04618     2.7708    166.250  1024.6484  49535.277    31.3086     79.030    6.66382     8.6258     8.6389    24.2846   12.01964 6.7146e-02     79.791 0.0000e+00
        667 210.586105    0.04625     2.7750    166.500  1024.6494  49536.048    31.3087     79.163    6.66418     8.6234     8.6364    24.2851   12.02023 6.7132e-02     79.926 0.0000e+00
        668 210.586108    0.04632     2.7792    166.750  1024.6510  49537.709    31.3094     79.289    6.66454     8.6212     8.6338    24.2860   12.02081 6.7109e-02     80.053 0.0000e+00
        669 210.586111    0.04639     2.7833    167.000  1024.6526  49539.508    31.3103     79.411    6.66487     8.6195     8.6314    24.2870   12.02134 6.7085e-02     80.176 0.0000e+00
        670 210.586114    0.04646     2.7875    167.250  1024.6540  49541.158    31.3111     79.530    6.66515     8.6180     8.6292    24.2879   12.02180 6.7062e-02     80.296 0.0000e+00
        671 210.586117    0.04653     2.7917    167.500  1024.6553  49542.513    31.3118     79.649    6.66539     8.6166     8.6275    24.2887   12.02219 6.7039e-02     80.416 0.0000e+00
        672 210.586120    0.04660     2.7958    167.750  1024.6564  49543.480    31.3122     79.771    6.66559     8.6154     8.6260    24.2893   12.02253 6.7018e-02     80.540 0.0000e+00
        673 210.586123    0.04667     2.8000    168.000  1024.6574  49544.161    31.3124     79.899    6.66578     8.6142     8.6246    24.2896   12.02284 6.7003e-02     80.669 0.0000e+00
        674 210.586126    0.04674     2.8042    168.250  1024.6584  49544.829    31.3126     80.032    6.66596     8.6132     8.6234    24.2900   12.02312 6.6991e-02     80.803 0.0000e+00
        675 210.586128    0.04681     2.8083    168.500  1024.6595  49545.624    31.3129     80.168    6.66611     8.6123     8.6223    24.2904   12.02337 6.6977e-02     80.941 0.0000e+00
        676 210.586131    0.04688     2.8125    168.750  1024.6605  49546.342    31.3132     80.311    6.66625     8.6115     8.6213    24.2908   12.02360 6.6960e-02     81.085 0.0000e+00
        677 210.586134    0.04694     2.8167    169.000  1024.6614  49546.757    31.3133     80.465    6.66638     8.6105     8.6204    24.2910   12.02381 6.6940e-02     81.241 0.0000e+00
        678 210.586137    0.04701     2.8208    169.250  1024.6623  49546.904    31.3132     80.636    6.66651     8.6094     8.6196    24.2910   12.02402 6.6918e-02     81.413 0.0000e+00
        679 210.586140    0.04708     2.8250    169.500  1024.6632  49546.971    31.3131     80.824    6.66666     8.6082     8.6186    24.2911   12.02427 6.6893e-02     81.603 0.0000e+00
        680 210.586143    0.04715     2.8292    169.750  1024.6641  49547.095    31.3129     81.026    6.66682     8.6067     8.6176    24.2911   12.02454 6.6864e-02     81.807 0.0000e+00
