CTD-processing/allCTD/CNV--homogene/2015_04-08_t4_s08_cast028.cnv
* Sea-Bird SBE19plus Data File:
* FileName = C:\Users\kris.holderied\Documents\kasitsna\Research-Projects-and-Data\Oceanography-AK\CTD-Data-ALL-to-2015-02\2015-CTD-KachemakBay-CookInlet\2015-04-EVOSTC-CookInlet-quarterly\2015-04-08-CookInlet-Tran4-Barabara\2015-04-08-CookInlet-Tran4-cast028.hex
* Software Version 1.59
* Temperature SN =  5028
* Conductivity SN =  5028
* System UpLoad Time = Apr 09 2015 19:24:14
** Cook Inlet LTM Tran 4 (Barabara) South to North
** Date: 04-08
** Station: 4-08
** Start time:  10:50
** Depth (m): 24
** Comment:  KBL CTD. Time is local (AKDT)
** Comment: On R/V Pandalus.
# nquan = 17
# nvalues = 428                         
# units = specified
# name 0 = scan: Scan Count
# name 1 = timeJ: Julian Days
# name 2 = timeH: Time, Elapsed [hours]
# name 3 = timeM: Time, Elapsed [minutes]
# name 4 = timeS: Time, Elapsed [seconds]
# name 5 = density00: Density [density, kg/m^3]
# name 6 = specc: Specific Conductance [uS/cm]
# name 7 = sal00: Salinity, Practical [PSU]
# name 8 = depSM: Depth [salt water, m], lat = 59.00
# name 9 = oxsolML/L: Oxygen Saturation, Garcia & Gordon [ml/l]
# name 10 = potemp090C: Potential Temperature [ITS-90, deg C]
# name 11 = tv290C: Temperature [ITS-90, deg C]
# name 12 = sigma-é00: Density [sigma-theta, kg/m^3]
# name 13 = n2satML/L: Nitrogen Saturation [ml/l]
# name 14 = par: PAR/Irradiance, Biospherical/Licor
# name 15 = prdM: Pressure, Strain Gauge [db]
# name 16 = flag:  0.000e+00
# span 0 =          1,        428       
# span 1 =  98.451111,  98.452347       
# span 2 =    0.00000,    0.02965       
# span 3 =     0.0000,     1.7792       
# span 4 =      0.000,    106.750       
# span 5 =  1000.0422,  1024.9762       
# span 6 =    245.862,  50579.085       
# span 7 =     0.1121,    31.5435       
# span 8 =     -0.208,     24.291       
# span 9 =    7.12572,    8.79306       
# span 10 =     5.5786,     5.6639      
# span 11 =     5.5786,     5.6642      
# span 12 =     0.0433,    24.8626      
# span 13 =   12.78054,   16.01231      
# span 14 = 4.7046e+00, 1.6818e+02      
# span 15 =     -0.210,     24.522      
# span 16 = 0.0000e+00, 0.0000e+00      
# interval = seconds: 0.25
# start_time = Apr 08 2015 10:49:36 [Instrument's time stamp, header]
# bad_flag = -9.990e-29
*END*
[from data line 171]
        172  98.451606    0.01188     0.7125     42.750  1024.8457  50518.158    31.5114      1.726    7.12855     5.6536     5.6537    24.8376   12.78551 5.9977e+01      1.742 0.0000e+00
        173  98.451609    0.01194     0.7167     43.000  1024.8427  50512.426    31.5076      1.749    7.12865     5.6519     5.6542    24.8345   12.78573 5.7869e+01      1.766 0.0000e+00
        174  98.451612    0.01201     0.7208     43.250  1024.8405  50508.413    31.5047      1.748    7.12888     5.6492     5.6537    24.8323   12.78614 5.5994e+01      1.765 0.0000e+00
        175  98.451615    0.01208     0.7250     43.500  1024.8401  50508.007    31.5041      1.724    7.12919     5.6462     5.6520    24.8320   12.78666 5.5272e+01      1.741 0.0000e+00
        176  98.451617    0.01215     0.7292     43.750  1024.8416  50511.255    31.5058      1.682    7.12956     5.6435     5.6493    24.8337   12.78725 5.6108e+01      1.698 0.0000e+00
        177  98.451620    0.01222     0.7333     44.000  1024.8441  50516.520    31.5088      1.629    7.12993     5.6417     5.6463    24.8364   12.78782 5.7938e+01      1.644 0.0000e+00
        178  98.451623    0.01229     0.7375     44.250  1024.8468  50522.087    31.5122      1.574    7.13021     5.6406     5.6437    24.8394   12.78825 5.9937e+01      1.589 0.0000e+00
        179  98.451626    0.01236     0.7417     44.500  1024.8492  50527.034    31.5152      1.525    7.13038     5.6404     5.6418    24.8420   12.78849 6.1867e+01      1.539 0.0000e+00
        180  98.451629    0.01243     0.7458     44.750  1024.8511  50530.871    31.5177      1.488    7.13044     5.6410     5.6408    24.8441   12.78856 6.3247e+01      1.502 0.0000e+00
        181  98.451632    0.01250     0.7500     45.000  1024.8523  50533.258    31.5193      1.468    7.13041     5.6427     5.6405    24.8454   12.78848 6.3210e+01      1.482 0.0000e+00
        182  98.451635    0.01257     0.7542     45.250  1024.8528  50534.215    31.5201      1.466    7.13026     5.6450     5.6412    24.8459   12.78822 6.1610e+01      1.481 0.0000e+00
        183  98.451638    0.01264     0.7583     45.500  1024.8529  50534.123    31.5203      1.484    7.12997     5.6475     5.6428    24.8459   12.78775 5.9381e+01      1.499 0.0000e+00
        184  98.451641    0.01271     0.7625     45.750  1024.8526  50533.047    31.5200      1.519    7.12960     5.6497     5.6451    24.8454   12.78714 5.7872e+01      1.533 0.0000e+00
        185  98.451644    0.01278     0.7667     46.000  1024.8515  50530.617    31.5188      1.564    7.12923     5.6515     5.6476    24.8442   12.78654 5.7436e+01      1.579 0.0000e+00
        186  98.451646    0.01285     0.7708     46.250  1024.8497  50526.634    31.5165      1.612    7.12895     5.6524     5.6499    24.8421   12.78612 5.7162e+01      1.627 0.0000e+00
        187  98.451649    0.01292     0.7750     46.500  1024.8470  50521.386    31.5132      1.653    7.12882     5.6524     5.6516    24.8393   12.78594 5.6341e+01      1.669 0.0000e+00
        188  98.451652    0.01299     0.7792     46.750  1024.8443  50516.005    31.5097      1.681    7.12883     5.6514     5.6525    24.8364   12.78600 5.5005e+01      1.697 0.0000e+00
        189  98.451655    0.01306     0.7833     47.000  1024.8423  50512.311    31.5071      1.693    7.12895     5.6495     5.6525    24.8344   12.78623 5.3524e+01      1.709 0.0000e+00
        190  98.451658    0.01313     0.7875     47.250  1024.8419  50511.588    31.5064      1.691    7.12916     5.6471     5.6515    24.8340   12.78658 5.2622e+01      1.706 0.0000e+00
        191  98.451661    0.01319     0.7917     47.500  1024.8429  50513.764    31.5076      1.678    7.12943     5.6450     5.6496    24.8351   12.78701 5.3021e+01      1.694 0.0000e+00
        192  98.451664    0.01326     0.7958     47.750  1024.8449  50517.744    31.5099      1.663    7.12972     5.6434     5.6472    24.8371   12.78746 5.4356e+01      1.678 0.0000e+00
        193  98.451667    0.01333     0.8000     48.000  1024.8472  50522.270    31.5126      1.652    7.12995     5.6425     5.6451    24.8395   12.78781 5.5280e+01      1.667 0.0000e+00
        194  98.451670    0.01340     0.8042     48.250  1024.8494  50526.318    31.5150      1.649    7.13010     5.6421     5.6435    24.8417   12.78802 5.5143e+01      1.664 0.0000e+00
        195  98.451672    0.01347     0.8083     48.500  1024.8508  50529.022    31.5167      1.654    7.13018     5.6422     5.6426    24.8431   12.78813 5.4578e+01      1.669 0.0000e+00
        196  98.451675    0.01354     0.8125     48.750  1024.8513  50529.899    31.5172      1.663    7.13021     5.6426     5.6422    24.8436   12.78818 5.4462e+01      1.679 0.0000e+00
        197  98.451678    0.01361     0.8167     49.000  1024.8509  50529.019    31.5167      1.672    7.13022     5.6430     5.6424    24.8431   12.78820 5.5038e+01      1.688 0.0000e+00
        198  98.451681    0.01368     0.8208     49.250  1024.8498  50526.958    31.5153      1.674    7.13021     5.6430     5.6428    24.8420   12.78821 5.5875e+01      1.690 0.0000e+00
        199  98.451684    0.01375     0.8250     49.500  1024.8486  50524.762    31.5139      1.664    7.13022     5.6426     5.6431    24.8408   12.78824 5.6465e+01      1.680 0.0000e+00
        200  98.451687    0.01382     0.8292     49.750  1024.8478  50523.439    31.5130      1.641    7.13026     5.6419     5.6431    24.8401   12.78832 5.6699e+01      1.657 0.0000e+00
        201  98.451690    0.01389     0.8333     50.000  1024.8476  50523.468    31.5129      1.606    7.13033     5.6412     5.6428    24.8401   12.78843 5.6565e+01      1.621 0.0000e+00
        202  98.451693    0.01396     0.8375     50.250  1024.8481  50524.783    31.5137      1.563    7.13041     5.6407     5.6421    24.8408   12.78855 5.6390e+01      1.578 0.0000e+00
        203  98.451696    0.01403     0.8417     50.500  1024.8491  50527.030    31.5151      1.520    7.13047     5.6408     5.6413    24.8420   12.78863 5.6821e+01      1.535 0.0000e+00
        204  98.451698    0.01410     0.8458     50.750  1024.8504  50529.737    31.5169      1.486    7.13046     5.6418     5.6409    24.8435   12.78860 5.7853e+01      1.500 0.0000e+00
        205  98.451701    0.01417     0.8500     51.000  1024.8517  50532.271    31.5187      1.468    7.13037     5.6437     5.6409    24.8449   12.78842 5.8742e+01      1.482 0.0000e+00
        206  98.451704    0.01424     0.8542     51.250  1024.8528  50534.098    31.5201      1.470    7.13014     5.6463     5.6419    24.8459   12.78802 5.8759e+01      1.484 0.0000e+00
        207  98.451707    0.01431     0.8583     51.500  1024.8534  50534.862    31.5210      1.490    7.12977     5.6492     5.6438    24.8464   12.78740 5.7762e+01      1.504 0.0000e+00
        208  98.451710    0.01438     0.8625     51.750  1024.8533  50534.208    31.5211      1.526    7.12932     5.6518     5.6464    24.8461   12.78666 5.5969e+01      1.541 0.0000e+00
        209  98.451713    0.01444     0.8667     52.000  1024.8525  50532.158    31.5202      1.573    7.12889     5.6539     5.6493    24.8451   12.78595 5.3726e+01      1.588 0.0000e+00
        210  98.451716    0.01451     0.8708     52.250  1024.8512  50529.158    31.5187      1.624    7.12852     5.6556     5.6519    24.8436   12.78537 5.1722e+01      1.639 0.0000e+00
        211  98.451719    0.01458     0.8750     52.500  1024.8495  50525.550    31.5166      1.673    7.12825     5.6566     5.6540    24.8417   12.78495 5.0629e+01      1.689 0.0000e+00
        212  98.451722    0.01465     0.8792     52.750  1024.8475  50521.361    31.5140      1.715    7.12810     5.6569     5.6557    24.8395   12.78473 5.0352e+01      1.731 0.0000e+00
        213  98.451725    0.01472     0.8833     53.000  1024.8451  50516.669    31.5110      1.747    7.12807     5.6566     5.6567    24.8369   12.78472 5.0200e+01      1.763 0.0000e+00
        214  98.451727    0.01479     0.8875     53.250  1024.8427  50512.140    31.5079      1.764    7.12815     5.6555     5.6571    24.8345   12.78490 4.9973e+01      1.781 0.0000e+00
        215  98.451730    0.01486     0.8917     53.500  1024.8410  50508.867    31.5056      1.768    7.12832     5.6537     5.6567    24.8327   12.78520 5.0164e+01      1.785 0.0000e+00
        216  98.451733    0.01493     0.8958     53.750  1024.8403  50507.680    31.5045      1.760    7.12855     5.6514     5.6557    24.8320   12.78559 5.0966e+01      1.776 0.0000e+00
        217  98.451736    0.01500     0.9000     54.000  1024.8407  50508.702    31.5049      1.741    7.12884     5.6490     5.6539    24.8325   12.78607 5.2188e+01      1.758 0.0000e+00
        218  98.451739    0.01507     0.9042     54.250  1024.8419  50511.362    31.5062      1.716    7.12916     5.6468     5.6516    24.8339   12.78658 5.3900e+01      1.732 0.0000e+00
        219  98.451742    0.01514     0.9083     54.500  1024.8435  50514.790    31.5081      1.687    7.12948     5.6449     5.6492    24.8356   12.78709 5.6027e+01      1.703 0.0000e+00
        220  98.451745    0.01521     0.9125     54.750  1024.8452  50518.259    31.5101      1.655    7.12976     5.6435     5.6469    24.8374   12.78753 5.7921e+01      1.671 0.0000e+00
        221  98.451748    0.01528     0.9167     55.000  1024.8466  50521.389    31.5119      1.623    7.12999     5.6425     5.6451    24.8391   12.78788 5.8838e+01      1.638 0.0000e+00
        222  98.451751    0.01535     0.9208     55.250  1024.8479  50524.099    31.5135      1.591    7.13016     5.6419     5.6436    24.8405   12.78814 5.8610e+01      1.607 0.0000e+00
        223  98.451753    0.01542     0.9250     55.500  1024.8490  50526.467    31.5150      1.562    7.13026     5.6417     5.6426    24.8417   12.78829 5.7481e+01      1.577 0.0000e+00
        224  98.451756    0.01549     0.9292     55.750  1024.8501  50528.627    31.5163      1.538    7.13029     5.6420     5.6420    24.8429   12.78833 5.5928e+01      1.553 0.0000e+00
        225  98.451759    0.01556     0.9333     56.000  1024.8510  50530.457    31.5176      1.521    7.13026     5.6428     5.6419    24.8439   12.78826 5.4776e+01      1.535 0.0000e+00
        226  98.451762    0.01563     0.9375     56.250  1024.8515  50531.350    31.5182      1.512    7.13018     5.6440     5.6421    24.8444   12.78813 5.4521e+01      1.527 0.0000e+00
        227  98.451765    0.01569     0.9417     56.500  1024.8512  50530.722    31.5180      1.512    7.13007     5.6454     5.6429    24.8441   12.78793 5.4945e+01      1.527 0.0000e+00
        228  98.451768    0.01576     0.9458     56.750  1024.8501  50528.549    31.5167      1.518    7.12992     5.6467     5.6441    24.8430   12.78770 5.5383e+01      1.532 0.0000e+00
        229  98.451771    0.01583     0.9500     57.000  1024.8485  50525.412    31.5148      1.526    7.12977     5.6475     5.6455    24.8413   12.78748 5.5095e+01      1.540 0.0000e+00
        230  98.451774    0.01590     0.9542     57.250  1024.8469  50522.351    31.5130      1.533    7.12965     5.6477     5.6468    24.8397   12.78731 5.3756e+01      1.548 0.0000e+00
        231  98.451777    0.01597     0.9583     57.500  1024.8459  50520.328    31.5117      1.541    7.12957     5.6476     5.6476    24.8386   12.78720 5.1982e+01      1.555 0.0000e+00
        232  98.451780    0.01604     0.9625     57.750  1024.8456  50519.808    31.5114      1.550    7.12954     5.6474     5.6479    24.8383   12.78715 5.0906e+01      1.565 0.0000e+00
        233  98.451782    0.01611     0.9667     58.000  1024.8462  50520.765    31.5121      1.566    7.12953     5.6474     5.6478    24.8388   12.78712 5.0693e+01      1.581 0.0000e+00
        234  98.451785    0.01618     0.9708     58.250  1024.8473  50522.636    31.5133      1.591    7.12950     5.6479     5.6476    24.8398   12.78706 5.0499e+01      1.606 0.0000e+00
        235  98.451788    0.01625     0.9750     58.500  1024.8485  50524.496    31.5146      1.627    7.12943     5.6490     5.6476    24.8408   12.78694 4.9761e+01      1.643 0.0000e+00
        236  98.451791    0.01632     0.9792     58.750  1024.8492  50525.511    31.5154      1.672    7.12931     5.6504     5.6481    24.8414   12.78673 4.8622e+01      1.687 0.0000e+00
        237  98.451794    0.01639     0.9833     59.000  1024.8493  50525.150    31.5153      1.719    7.12914     5.6518     5.6491    24.8412   12.78644 4.7468e+01      1.735 0.0000e+00
        238  98.451797    0.01646     0.9875     59.250  1024.8485  50523.218    31.5142      1.763    7.12896     5.6528     5.6505    24.8402   12.78615 4.6785e+01      1.780 0.0000e+00
        239  98.451800    0.01653     0.9917     59.500  1024.8468  50519.876    31.5122      1.795    7.12882     5.6529     5.6519    24.8385   12.78594 4.7112e+01      1.813 0.0000e+00
        240  98.451803    0.01660     0.9958     59.750  1024.8448  50515.955    31.5097      1.810    7.12877     5.6521     5.6529    24.8364   12.78590 4.8580e+01      1.828 0.0000e+00
        241  98.451806    0.01667     1.0000     60.000  1024.8432  50513.036    31.5077      1.804    7.12884     5.6504     5.6531    24.8348   12.78603 5.0831e+01      1.821 0.0000e+00
        242  98.451808    0.01674     1.0042     60.250  1024.8428  50512.527    31.5072      1.775    7.12900     5.6481     5.6523    24.8345   12.78630 5.3452e+01      1.792 0.0000e+00
        243  98.451811    0.01681     1.0083     60.500  1024.8437  50514.734    31.5084      1.725    7.12923     5.6460     5.6505    24.8356   12.78668 5.5998e+01      1.742 0.0000e+00
        244  98.451814    0.01688     1.0125     60.750  1024.8456  50518.840    31.5108      1.660    7.12949     5.6445     5.6483    24.8378   12.78708 5.7843e+01      1.676 0.0000e+00
        245  98.451817    0.01694     1.0167     61.000  1024.8478  50523.666    31.5138      1.587    7.12971     5.6439     5.6462    24.8403   12.78740 5.8805e+01      1.601 0.0000e+00
        246  98.451820    0.01701     1.0208     61.250  1024.8500  50528.382    31.5168      1.514    7.12982     5.6444     5.6447    24.8429   12.78754 5.9228e+01      1.528 0.0000e+00
        247  98.451823    0.01708     1.0250     61.500  1024.8518  50532.339    31.5194      1.451    7.12980     5.6460     5.6440    24.8450   12.78747 5.9360e+01      1.465 0.0000e+00
        248  98.451826    0.01715     1.0292     61.750  1024.8532  50535.124    31.5214      1.409    7.12963     5.6486     5.6445    24.8466   12.78716 5.9032e+01      1.423 0.0000e+00
        249  98.451829    0.01722     1.0333     62.000  1024.8540  50536.556    31.5228      1.393    7.12929     5.6515     5.6461    24.8475   12.78659 5.8371e+01      1.406 0.0000e+00
        250  98.451832    0.01729     1.0375     62.250  1024.8540  50536.255    31.5231      1.401    7.12884     5.6542     5.6487    24.8474   12.78585 5.8050e+01      1.415 0.0000e+00
        251  98.451834    0.01736     1.0417     62.500  1024.8532  50534.288    31.5223      1.430    7.12839     5.6565     5.6516    24.8464   12.78511 5.7613e+01      1.444 0.0000e+00
        252  98.451837    0.01743     1.0458     62.750  1024.8519  50531.339    31.5207      1.472    7.12800     5.6582     5.6543    24.8449   12.78449 5.6034e+01      1.487 0.0000e+00
        253  98.451840    0.01750     1.0500     63.000  1024.8503  50527.971    31.5188      1.522    7.12772     5.6594     5.6566    24.8432   12.78404 5.3571e+01      1.537 0.0000e+00
        254  98.451843    0.01757     1.0542     63.250  1024.8487  50524.443    31.5167      1.574    7.12753     5.6602     5.6583    24.8413   12.78375 5.1377e+01      1.589 0.0000e+00
        255  98.451846    0.01764     1.0583     63.500  1024.8470  50520.887    31.5145      1.625    7.12743     5.6607     5.6595    24.8394   12.78362 5.0051e+01      1.641 0.0000e+00
