CTD-processing/allCTD/CNV--homogene/2015_04-13_t7_s10_cast064.cnv
* Sea-Bird SBE19plus Data File:
* FileName = C:\Users\kris.holderied\Documents\kasitsna\Research-Projects-and-Data\Oceanography-AK\CTD-Data-ALL-to-2015-04\2015-CTD-KachemakBay-CookInlet\2015-04-EVOSTC-CookInlet-quarterly\2015-04-13-CookInlet-Tran7-Augustine\2015_04_13_CookInlet_Tran7_cast064.hex
* Software Version 1.59
* Temperature SN =  5028
* Conductivity SN =  5028
* System UpLoad Time = Apr 28 2015 15:22:27
** Cook Inlet LTM Tran7 (Augustine) West to East
** Date: 04-13
** Station: 7-10
** Start time (AKDT): 04:04
** Depth (m): 75
** Comment:  KBL CTD.
** Comment: On R/V Pandalus.
# nquan = 17
# nvalues = 648                         
# units = specified
# name 0 = scan: Scan Count
# name 1 = timeJ: Julian Days
# name 2 = timeH: Time, Elapsed [hours]
# name 3 = timeM: Time, Elapsed [minutes]
# name 4 = timeS: Time, Elapsed [seconds]
# name 5 = density00: Density [density, kg/m^3]
# name 6 = specc: Specific Conductance [uS/cm]
# name 7 = sal00: Salinity, Practical [PSU]
# name 8 = depSM: Depth [salt water, m], lat = 59.00
# name 9 = oxsolML/L: Oxygen Saturation, Garcia & Gordon [ml/l]
# name 10 = potemp090C: Potential Temperature [ITS-90, deg C]
# name 11 = tv290C: Temperature [ITS-90, deg C]
# name 12 = sigma-é00: Density [sigma-theta, kg/m^3]
# name 13 = n2satML/L: Nitrogen Saturation [ml/l]
# name 14 = par: PAR/Irradiance, Biospherical/Licor
# name 15 = prdM: Pressure, Strain Gauge [db]
# name 16 = flag:  0.000e+00
# span 0 =          1,        648       
# span 1 = 103.169977, 103.171849       
# span 2 =    0.00000,    0.04493       
# span 3 =     0.0000,     2.6958       
# span 4 =      0.000,    161.750       
# span 5 =  1000.0153,  1025.3698       
# span 6 =    182.871,  50954.999       
# span 7 =     0.0801,    31.7451       
# span 8 =     -0.133,     75.064       
# span 9 =    7.11204,    9.60448       
# span 10 =     2.2387,     5.6803      
# span 11 =     2.2387,     5.6861      
# span 12 =     0.0159,    25.0462      
# span 13 =   12.75525,   17.37447      
# span 14 = 3.7976e-02, 6.6763e-01      
# span 15 =     -0.134,     75.786      
# span 16 = 0.0000e+00, 0.0000e+00      
# interval = seconds: 0.25
# start_time = Apr 13 2015 04:04:46 [Instrument's time stamp, header]
# bad_flag = -9.990e-29
*END*
[from data line 256]
        257 103.170718    0.01778     1.0667     64.000  1024.6735  50305.033    31.1674      1.082    7.30774     4.6608     4.7103    24.6684   13.08592 5.3503e-02      1.092 0.0000e+00
        258 103.170720    0.01785     1.0708     64.250  1024.6523  50268.740    31.1382      1.064    7.31262     4.6227     4.6908    24.6473   13.09435 6.2095e-02      1.074 0.0000e+00
        259 103.170723    0.01792     1.0750     64.500  1024.6556  50279.143    31.1388      1.029    7.31788     4.5835     4.6608    24.6508   13.10303 7.2015e-02      1.038 0.0000e+00
        260 103.170726    0.01799     1.0792     64.750  1024.6856  50339.770    31.1719      0.981    7.32297     4.5520     4.6228    24.6809   13.11100 7.7902e-02      0.990 0.0000e+00
        261 103.170729    0.01806     1.0833     65.000  1024.7364  50439.304    31.2313      0.926    7.32699     4.5349     4.5835    24.7321   13.11687 7.3076e-02      0.935 0.0000e+00
        262 103.170732    0.01812     1.0875     65.250  1024.7964  50554.660    31.3032      0.870    7.32901     4.5341     4.5520    24.7923   13.11927 6.2008e-02      0.879 0.0000e+00
        263 103.170735    0.01819     1.0917     65.500  1024.8525  50660.788    31.3720      0.820    7.32865     4.5491     4.5349    24.8487   13.11778 5.2751e-02      0.828 0.0000e+00
        264 103.170738    0.01826     1.0958     65.750  1024.8961  50741.526    31.4271      0.783    7.32608     4.5766     4.5341    24.8925   13.11282 4.6841e-02      0.790 0.0000e+00
        265 103.170741    0.01833     1.1000     66.000  1024.9242  50791.344    31.4646      0.762    7.32158     4.6105     4.5491    24.9207   13.10492 4.3295e-02      0.769 0.0000e+00
        266 103.170744    0.01840     1.1042     66.250  1024.9381  50813.063    31.4857      0.760    7.31569     4.6444     4.5767    24.9345   13.09491 4.1168e-02      0.767 0.0000e+00
        267 103.170747    0.01847     1.1083     66.500  1024.9400  50811.847    31.4924      0.778    7.30938     4.6745     4.6105    24.9364   13.08441 3.9891e-02      0.785 0.0000e+00
        268 103.170749    0.01854     1.1125     66.750  1024.9325  50793.116    31.4871      0.811    7.30366     4.6989     4.6445    24.9287   13.07503 3.9125e-02      0.818 0.0000e+00
        269 103.170752    0.01861     1.1167     67.000  1024.9181  50762.238    31.4726      0.855    7.29907     4.7169     4.6746    24.9141   13.06764 3.8665e-02      0.863 0.0000e+00
        270 103.170755    0.01868     1.1208     67.250  1024.8977  50720.952    31.4498      0.904    7.29589     4.7281     4.6990    24.8935   13.06268 3.8390e-02      0.913 0.0000e+00
        271 103.170758    0.01875     1.1250     67.500  1024.8697  50666.623    31.4165      0.954    7.29436     4.7320     4.7170    24.8652   13.06058 3.8224e-02      0.963 0.0000e+00
        272 103.170761    0.01882     1.1292     67.750  1024.8316  50594.668    31.3697      0.996    7.29469     4.7278     4.7281    24.8269   13.06174 3.8125e-02      1.006 0.0000e+00
        273 103.170764    0.01889     1.1333     68.000  1024.7856  50509.232    31.3120      1.027    7.29683     4.7141     4.7320    24.7808   13.06602 3.8065e-02      1.037 0.0000e+00
        274 103.170767    0.01896     1.1375     68.250  1024.7414  50428.219    31.2556      1.042    7.30031     4.6894     4.7279    24.7365   13.07250 3.8030e-02      1.053 0.0000e+00
        275 103.170770    0.01903     1.1417     68.500  1024.7110  50374.137    31.2155      1.041    7.30469     4.6557     4.7142    24.7062   13.08026 3.8008e-02      1.051 0.0000e+00
        276 103.170773    0.01910     1.1458     68.750  1024.7047  50365.774    31.2044      1.024    7.30960     4.6195     4.6895    24.6999   13.08851 3.7995e-02      1.034 0.0000e+00
        277 103.170775    0.01917     1.1500     69.000  1024.7250  50407.889    31.2258      0.996    7.31450     4.5892     4.6557    24.7203   13.09631 3.7988e-02      1.006 0.0000e+00
        278 103.170778    0.01924     1.1542     69.250  1024.7653  50487.398    31.2722      0.962    7.31859     4.5701     4.6196    24.7609   13.10248 3.7983e-02      0.971 0.0000e+00
        279 103.170781    0.01931     1.1583     69.500  1024.8133  50580.072    31.3289      0.927    7.32117     4.5634     4.5892    24.8089   13.10599 3.7980e-02      0.936 0.0000e+00
        280 103.170784    0.01938     1.1625     69.750  1024.8562  50661.955    31.3807      0.897    7.32199     4.5680     4.5701    24.8520   13.10667 3.7979e-02      0.905 0.0000e+00
        281 103.170787    0.01944     1.1667     70.000  1024.8870  50719.775    31.4188      0.874    7.32129     4.5820     4.5635    24.8829   13.10503 3.7978e-02      0.882 0.0000e+00
        282 103.170790    0.01951     1.1708     70.250  1024.9033  50749.289    31.4401      0.860    7.31943     4.6023     4.5681    24.8993   13.10168 3.7978e-02      0.868 0.0000e+00
        283 103.170793    0.01958     1.1750     70.500  1024.9059  50752.140    31.4452      0.856    7.31671     4.6249     4.5821    24.9019   13.09712 3.7979e-02      0.864 0.0000e+00
        284 103.170796    0.01965     1.1792     70.750  1024.8981  50735.056    31.4380      0.860    7.31348     4.6460     4.6024    24.8941   13.09187 3.7980e-02      0.868 0.0000e+00
        285 103.170799    0.01972     1.1833     71.000  1024.8838  50705.571    31.4228      0.870    7.31025     4.6635     4.6249    24.8797   13.08674 3.7983e-02      0.878 0.0000e+00
        286 103.170802    0.01979     1.1875     71.250  1024.8651  50668.136    31.4019      0.884    7.30755     4.6765     4.6460    24.8610   13.08256 3.7987e-02      0.892 0.0000e+00
        287 103.170804    0.01986     1.1917     71.500  1024.8429  50624.751    31.3761      0.899    7.30573     4.6855     4.6635    24.8387   13.07989 3.7995e-02      0.907 0.0000e+00
        288 103.170807    0.01993     1.1958     71.750  1024.8195  50579.751    31.3481      0.914    7.30480     4.6918     4.6766    24.8152   13.07872 3.8007e-02      0.923 0.0000e+00
        289 103.170810    0.02000     1.2000     72.000  1024.7996  50541.822    31.3241      0.927    7.30439     4.6963     4.6856    24.7953   13.07835 3.8028e-02      0.936 0.0000e+00
        290 103.170813    0.02007     1.2042     72.250  1024.7878  50519.178    31.3100      0.937    7.30397     4.6994     4.6919    24.7834   13.07784 3.8063e-02      0.946 0.0000e+00
        291 103.170816    0.02014     1.2083     72.500  1024.7877  50518.220    31.3104      0.944    7.30316     4.7024     4.6964    24.7832   13.07650 3.8121e-02      0.953 0.0000e+00
        292 103.170819    0.02021     1.2125     72.750  1024.8031  50546.265    31.3303      0.948    7.30165     4.7084     4.6994    24.7987   13.07375 3.8217e-02      0.957 0.0000e+00
        293 103.170822    0.02028     1.2167     73.000  1024.8370  50608.186    31.3734      0.953    7.29901     4.7195     4.7025    24.8325   13.06884 3.8378e-02      0.962 0.0000e+00
        294 103.170825    0.02035     1.2208     73.250  1024.8811  50688.605    31.4298      0.959    7.29519     4.7341     4.7085    24.8766   13.06179 3.8647e-02      0.968 0.0000e+00
        295 103.170828    0.02042     1.2250     73.500  1024.9169  50752.883    31.4763      0.969    7.29097     4.7487     4.7196    24.9123   13.05423 3.9094e-02      0.978 0.0000e+00
        296 103.170830    0.02049     1.2292     73.750  1024.9354  50785.006    31.5015      0.984    7.28717     4.7606     4.7342    24.9308   13.04762 3.9839e-02      0.993 0.0000e+00
        297 103.170833    0.02056     1.2333     74.000  1024.9421  50795.262    31.5117      1.000    7.28411     4.7692     4.7488    24.9374   13.04244 4.1081e-02      1.009 0.0000e+00
        298 103.170836    0.02063     1.2375     74.250  1024.9434  50796.080    31.5149      1.014    7.28187     4.7749     4.7607    24.9386   13.03869 4.3150e-02      1.023 0.0000e+00
        299 103.170839    0.02069     1.2417     74.500  1024.9429  50794.045    31.5154      1.019    7.28034     4.7784     4.7693    24.9381   13.03616 4.6600e-02      1.028 0.0000e+00
        300 103.170842    0.02076     1.2458     74.750  1024.9421  50791.779    31.5151      1.012    7.27936     4.7804     4.7750    24.9373   13.03455 5.0008e-02      1.022 0.0000e+00
        301 103.170845    0.02083     1.2500     75.000  1024.9412  50789.925    31.5146      0.991    7.27877     4.7813     4.7785    24.9365   13.03358 5.0465e-02      1.000 0.0000e+00
        302 103.170848    0.02090     1.2542     75.250  1024.9406  50788.711    31.5142      0.957    7.27844     4.7817     4.7804    24.9360   13.03304 4.7941e-02      0.965 0.0000e+00
        303 103.170851    0.02097     1.2583     75.500  1024.9402  50788.306    31.5142      0.913    7.27828     4.7819     4.7814    24.9359   13.03277 4.4565e-02      0.922 0.0000e+00
        304 103.170854    0.02104     1.2625     75.750  1024.9402  50788.659    31.5145      0.868    7.27820     4.7821     4.7818    24.9361   13.03263 4.1931e-02      0.876 0.0000e+00
        305 103.170856    0.02111     1.2667     76.000  1024.9405  50789.474    31.5151      0.828    7.27814     4.7824     4.7819    24.9366   13.03253 4.0352e-02      0.836 0.0000e+00
        306 103.170859    0.02118     1.2708     76.250  1024.9409  50790.436    31.5158      0.802    7.27807     4.7830     4.7821    24.9371   13.03241 3.9406e-02      0.809 0.0000e+00
        307 103.170862    0.02125     1.2750     76.500  1024.9414  50791.335    31.5165      0.794    7.27798     4.7837     4.7825    24.9377   13.03224 3.8842e-02      0.801 0.0000e+00
        308 103.170865    0.02132     1.2792     76.750  1024.9418  50791.891    31.5170      0.805    7.27786     4.7844     4.7830    24.9380   13.03203 3.8510e-02      0.812 0.0000e+00
        309 103.170868    0.02139     1.2833     77.000  1024.9419  50791.874    31.5172      0.832    7.27773     4.7849     4.7837    24.9380   13.03182 3.8319e-02      0.839 0.0000e+00
        310 103.170871    0.02146     1.2875     77.250  1024.9419  50791.394    31.5170      0.870    7.27761     4.7853     4.7844    24.9378   13.03163 3.8220e-02      0.878 0.0000e+00
        311 103.170874    0.02153     1.2917     77.500  1024.9418  50790.780    31.5166      0.913    7.27753     4.7855     4.7850    24.9375   13.03150 3.8186e-02      0.921 0.0000e+00
        312 103.170877    0.02160     1.2958     77.750  1024.9417  50790.263    31.5163      0.955    7.27748     4.7856     4.7853    24.9372   13.03143 3.8209e-02      0.964 0.0000e+00
        313 103.170880    0.02167     1.3000     78.000  1024.9417  50789.901    31.5161      0.993    7.27746     4.7855     4.7855    24.9370   13.03139 3.8293e-02      1.002 0.0000e+00
        314 103.170883    0.02174     1.3042     78.250  1024.9417  50789.709    31.5160      1.022    7.27745     4.7854     4.7856    24.9369   13.03138 3.8461e-02      1.031 0.0000e+00
        315 103.170885    0.02181     1.3083     78.500  1024.9417  50789.604    31.5159      1.039    7.27746     4.7852     4.7856    24.9368   13.03140 3.8759e-02      1.049 0.0000e+00
        316 103.170888    0.02187     1.3125     78.750  1024.9417  50789.453    31.5158      1.044    7.27748     4.7849     4.7855    24.9367   13.03144 3.9265e-02      1.054 0.0000e+00
        317 103.170891    0.02194     1.3167     79.000  1024.9415  50789.246    31.5156      1.036    7.27753     4.7844     4.7853    24.9366   13.03151 3.9815e-02      1.045 0.0000e+00
        318 103.170894    0.02201     1.3208     79.250  1024.9414  50789.147    31.5155      1.016    7.27760     4.7840     4.7850    24.9365   13.03162 3.9930e-02      1.025 0.0000e+00
        319 103.170897    0.02208     1.3250     79.500  1024.9413  50789.372    31.5155      0.987    7.27767     4.7835     4.7845    24.9367   13.03175 3.9510e-02      0.997 0.0000e+00
        320 103.170900    0.02215     1.3292     79.750  1024.9414  50789.913    31.5158      0.955    7.27774     4.7833     4.7840    24.9370   13.03186 3.8960e-02      0.964 0.0000e+00
        321 103.170903    0.02222     1.3333     80.000  1024.9417  50790.650    31.5162      0.924    7.27779     4.7832     4.7836    24.9373   13.03194 3.8567e-02      0.933 0.0000e+00
        322 103.170906    0.02229     1.3375     80.250  1024.9420  50791.542    31.5168      0.903    7.27781     4.7834     4.7833    24.9378   13.03197 3.8330e-02      0.911 0.0000e+00
        323 103.170909    0.02236     1.3417     80.500  1024.9426  50792.568    31.5175      0.901    7.27779     4.7839     4.7833    24.9383   13.03192 3.8189e-02      0.910 0.0000e+00
        324 103.170911    0.02243     1.3458     80.750  1024.9433  50793.657    31.5183      0.931    7.27771     4.7848     4.7835    24.9389   13.03178 3.8104e-02      0.939 0.0000e+00
        325 103.170914    0.02250     1.3500     81.000  1024.9443  50794.760    31.5191      1.004    7.27758     4.7860     4.7840    24.9396   13.03155 3.8053e-02      1.014 0.0000e+00
        326 103.170917    0.02257     1.3542     81.250  1024.9455  50795.804    31.5200      1.137    7.27739     4.7875     4.7849    24.9402   13.03122 3.8022e-02      1.148 0.0000e+00
        327 103.170920    0.02264     1.3583     81.500  1024.9471  50796.981    31.5209      1.338    7.27713     4.7896     4.7861    24.9408   13.03078 3.8004e-02      1.350 0.0000e+00
        328 103.170923    0.02271     1.3625     81.750  1024.9492  50798.610    31.5223      1.597    7.27679     4.7922     4.7877    24.9417   13.03020 3.7993e-02      1.613 0.0000e+00
        329 103.170926    0.02278     1.3667     82.000  1024.9516  50800.428    31.5238      1.895    7.27635     4.7953     4.7897    24.9427   13.02946 3.7986e-02      1.913 0.0000e+00
        330 103.170929    0.02285     1.3708     82.250  1024.9538  50801.623    31.5250      2.207    7.27583     4.7985     4.7924    24.9434   13.02859 3.7982e-02      2.228 0.0000e+00
        331 103.170932    0.02292     1.3750     82.500  1024.9555  50801.878    31.5257      2.523    7.27526     4.8017     4.7954    24.9436   13.02763 3.7980e-02      2.547 0.0000e+00
        332 103.170935    0.02299     1.3792     82.750  1024.9568  50801.303    31.5259      2.840    7.27468     4.8045     4.7987    24.9434   13.02667 3.7978e-02      2.867 0.0000e+00
        333 103.170937    0.02306     1.3833     83.000  1024.9573  50799.441    31.5252      3.157    7.27415     4.8068     4.8019    24.9425   13.02582 3.7978e-02      3.187 0.0000e+00
        334 103.170940    0.02313     1.3875     83.250  1024.9579  50797.697    31.5244      3.474    7.27370     4.8090     4.8047    24.9416   13.02507 3.7977e-02      3.507 0.0000e+00
        335 103.170943    0.02319     1.3917     83.500  1024.9597  50798.081    31.5251      3.794    7.27326     4.8115     4.8070    24.9419   13.02435 3.7977e-02      3.829 0.0000e+00
        336 103.170946    0.02326     1.3958     83.750  1024.9618  50799.209    31.5262      4.115    7.27282     4.8144     4.8093    24.9425   13.02359 3.7976e-02      4.154 0.0000e+00
        337 103.170949    0.02333     1.4000     84.000  1024.9643  50800.837    31.5277      4.441    7.27231     4.8185     4.8118    24.9434   13.02273 3.7976e-02      4.483 0.0000e+00
        338 103.170952    0.02340     1.4042     84.250  1024.9689  50806.267    31.5319      4.770    7.27160     4.8252     4.8147    24.9465   13.02151 3.7976e-02      4.815 0.0000e+00
        339 103.170955    0.02347     1.4083     84.500  1024.9765  50817.072    31.5400      5.101    7.27048     4.8357     4.8188    24.9525   13.01956 3.7976e-02      5.150 0.0000e+00
        340 103.170958    0.02354     1.4125     84.750  1024.9861  50831.378    31.5511      5.433    7.26876     4.8504     4.8255    24.9606   13.01658 3.7976e-02      5.485 0.0000e+00
