CTD-processing/allCTD/CNV--homogene/2015_07-10_t9_s01_cast278.cnv
* Sea-Bird SBE19plus Data File:
* FileName = C:\Users\Kris.Holderied\Documents\kasitsna\Research-KBL\Oceanography-AK\CTD-Data-ALL-to-2015-10\2015-CTD-KachemakBay-CookInlet\2015-07-10-CookInlet-Tran9-HomerSpit\2015-07-10-CookInlet-Tran9-cast278.hex
* Software Version 1.59
* Temperature SN =  4141
* Conductivity SN =  4141
* System UpLoad Time = Nov 02 2015 19:44:11
** Kachemak Bay Intensive Survey - Homer Spit (Tran 9)
** Date (YYYY-MM-DD): 2015-07-10
** Station (ie. 9-01):  9-01
** Start time (AKDT): 11:51
** Depth (m): 65.8
** Comment:  Survey included T9, sub-bays and along-bay line on two boats.
** Comment: R/V Barnacle. KBRR CTD.
# nquan = 17
# nvalues = 749                         
# units = specified
# name 0 = scan: Scan Count
# name 1 = timeJ: Julian Days
# name 2 = timeH: Time, Elapsed [hours]
# name 3 = timeM: Time, Elapsed [minutes]
# name 4 = timeS: Time, Elapsed [seconds]
# name 5 = density00: Density [density, kg/m^3]
# name 6 = specc: Specific Conductance [uS/cm]
# name 7 = sal00: Salinity, Practical [PSU]
# name 8 = depSM: Depth [salt water, m], lat = 59.00
# name 9 = oxsolML/L: Oxygen Saturation, Garcia & Gordon [ml/l]
# name 10 = potemp090C: Potential Temperature [ITS-90, deg C]
# name 11 = tv290C: Temperature [ITS-90, deg C]
# name 12 = sigma-é00: Density [sigma-theta, kg/m^3]
# name 13 = n2satML/L: Nitrogen Saturation [ml/l]
# name 14 = par: PAR/Irradiance, Biospherical/Licor
# name 15 = prdM: Pressure, Strain Gauge [db]
# name 16 = flag:  0.000e+00
# span 0 =          1,        749       
# span 1 = 191.494433, 191.496597       
# span 2 =    0.00000,    0.05194       
# span 3 =     0.0000,     3.1167       
# span 4 =      0.000,    187.000       
# span 5 =  1000.3739,  1024.5829       
# span 6 =   1953.516,  49561.851       
# span 7 =     0.9877,    31.3863       
# span 8 =     -0.134,     63.218       
# span 9 =    6.34911,    7.65787       
# span 10 =     8.9423,    12.2920      
# span 11 =     8.9488,    12.2921      
# span 12 =     0.3745,    24.2924      
# span 13 =   11.55657,   14.08611      
# span 14 = 6.1244e-02, 5.0785e+02      
# span 15 =     -0.135,     63.825      
# span 16 = 0.0000e+00, 0.0000e+00      
# interval = seconds: 0.25
# start_time = Jul 10 2015 11:51:59 [Instrument's time stamp, header]
# bad_flag = -9.990e-29
*END*
[from data line 341]
        342 191.495420    0.02368     1.4208     85.250  1020.5098  42979.886    27.1228      0.951    6.37933    11.8788    11.8538    20.5055   11.59821 3.8961e+02      0.960 0.0000e+00
        343 191.495422    0.02375     1.4250     85.500  1020.4966  42958.278    27.1090      0.953    6.37793    11.8840    11.8682    20.4923   11.59605 3.9020e+02      0.962 0.0000e+00
        344 191.495425    0.02382     1.4292     85.750  1020.4912  42950.446    27.1045      0.957    6.37665    11.8820    11.8789    20.4869   11.59398 3.8954e+02      0.966 0.0000e+00
        345 191.495428    0.02389     1.4333     86.000  1020.4959  42960.015    27.1116      0.963    6.37567    11.8721    11.8841    20.4915   11.59225 3.8895e+02      0.972 0.0000e+00
        346 191.495431    0.02396     1.4375     86.250  1020.5112  42987.972    27.1309      0.967    6.37515    11.8562    11.8821    20.5068   11.59117 3.8794e+02      0.976 0.0000e+00
        347 191.495434    0.02403     1.4417     86.500  1020.5333  43026.813    27.1572      0.969    6.37544    11.8391    11.8722    20.5289   11.59134 3.8650e+02      0.978 0.0000e+00
        348 191.495437    0.02410     1.4458     86.750  1020.5552  43064.197    27.1819      0.968    6.37663    11.8268    11.8563    20.5508   11.59301 3.8605e+02      0.977 0.0000e+00
        349 191.495440    0.02417     1.4500     87.000  1020.5694  43087.179    27.1964      0.963    6.37837    11.8244    11.8392    20.5650   11.59573 3.8582e+02      0.972 0.0000e+00
        350 191.495443    0.02424     1.4542     87.250  1020.5692  43084.524    27.1935      0.956    6.38016    11.8329    11.8269    20.5649   11.59874 3.8533e+02      0.965 0.0000e+00
        351 191.495446    0.02431     1.4583     87.500  1020.5545  43056.832    27.1740      0.949    6.38127    11.8486    11.8245    20.5502   11.60083 3.8513e+02      0.958 0.0000e+00
        352 191.495448    0.02438     1.4625     87.750  1020.5313  43015.687    27.1460      0.945    6.38124    11.8667    11.8330    20.5270   11.60110 3.8428e+02      0.954 0.0000e+00
        353 191.495451    0.02444     1.4667     88.000  1020.5060  42971.827    27.1168      0.945    6.38027    11.8837    11.8487    20.5017   11.59984 3.8292e+02      0.954 0.0000e+00
        354 191.495454    0.02451     1.4708     88.250  1020.4833  42933.455    27.0916      0.947    6.37882    11.8970    11.8668    20.4790   11.59773 3.8156e+02      0.956 0.0000e+00
        355 191.495457    0.02458     1.4750     88.500  1020.4667  42905.966    27.0738      0.952    6.37721    11.9047    11.8838    20.4623   11.59528 3.8032e+02      0.961 0.0000e+00
        356 191.495460    0.02465     1.4792     88.750  1020.4575  42891.507    27.0649      0.957    6.37576    11.9062    11.8971    20.4531   11.59298 3.8033e+02      0.966 0.0000e+00
        357 191.495463    0.02472     1.4833     89.000  1020.4568  42891.759    27.0657      0.961    6.37467    11.9014    11.9048    20.4524   11.59115 3.8095e+02      0.970 0.0000e+00
        358 191.495466    0.02479     1.4875     89.250  1020.4649  42906.970    27.0765      0.963    6.37404    11.8912    11.9063    20.4604   11.58996 3.8078e+02      0.972 0.0000e+00
        359 191.495469    0.02486     1.4917     89.500  1020.4801  42934.228    27.0951      0.964    6.37395    11.8776    11.9015    20.4757   11.58960 3.8042e+02      0.973 0.0000e+00
        360 191.495472    0.02493     1.4958     89.750  1020.4991  42967.313    27.1173      0.964    6.37445    11.8634    11.8913    20.4947   11.59017 3.7998e+02      0.973 0.0000e+00
        361 191.495475    0.02500     1.5000     90.000  1020.5178  42999.210    27.1384      0.962    6.37545    11.8521    11.8777    20.5134   11.59158 3.7899e+02      0.971 0.0000e+00
        362 191.495477    0.02507     1.5042     90.250  1020.5313  43021.400    27.1526      0.960    6.37681    11.8478    11.8635    20.5269   11.59367 3.7823e+02      0.969 0.0000e+00
        363 191.495480    0.02514     1.5083     90.500  1020.5342  43024.590    27.1539      0.957    6.37831    11.8522    11.8522    20.5298   11.59614 3.7780e+02      0.966 0.0000e+00
        364 191.495483    0.02521     1.5125     90.750  1020.5262  43008.983    27.1426      0.955    6.37934    11.8612    11.8479    20.5218   11.59800 3.7724e+02      0.964 0.0000e+00
        365 191.495486    0.02528     1.5167     91.000  1020.5143  42987.850    27.1282      0.954    6.37933    11.8681    11.8523    20.5099   11.59815 3.7759e+02      0.963 0.0000e+00
        366 191.495489    0.02535     1.5208     91.250  1020.5074  42976.740    27.1213      0.955    6.37837    11.8681    11.8613    20.5030   11.59664 3.7895e+02      0.964 0.0000e+00
        367 191.495492    0.02542     1.5250     91.500  1020.5103  42983.472    27.1266      0.957    6.37722    11.8598    11.8682    20.5059   11.59465 3.7886e+02      0.966 0.0000e+00
        368 191.495495    0.02549     1.5292     91.750  1020.5237  43008.366    27.1439      0.960    6.37652    11.8450    11.8682    20.5193   11.59329 3.7749e+02      0.969 0.0000e+00
        369 191.495498    0.02556     1.5333     92.000  1020.5442  43044.625    27.1685      0.963    6.37666    11.8272    11.8599    20.5398   11.59323 3.7763e+02      0.972 0.0000e+00
        370 191.495501    0.02562     1.5375     92.250  1020.5672  43084.259    27.1949      0.964    6.37763    11.8096    11.8451    20.5628   11.59452 3.7972e+02      0.973 0.0000e+00
        371 191.495503    0.02569     1.5417     92.500  1020.5902  43123.260    27.2206      0.965    6.37902    11.7948    11.8273    20.5858   11.59653 3.8174e+02      0.974 0.0000e+00
        372 191.495506    0.02576     1.5458     92.750  1020.6087  43154.070    27.2405      0.964    6.38063    11.7865    11.8097    20.6043   11.59896 3.8266e+02      0.973 0.0000e+00
        373 191.495509    0.02583     1.5500     93.000  1020.6169  43166.433    27.2479      0.961    6.38235    11.7867    11.7949    20.6126   11.60173 3.8318e+02      0.970 0.0000e+00
        374 191.495512    0.02590     1.5542     93.250  1020.6135  43158.499    27.2416      0.958    6.38373    11.7934    11.7866    20.6092   11.60411 3.8298e+02      0.967 0.0000e+00
        375 191.495515    0.02597     1.5583     93.500  1020.6032  43139.424    27.2283      0.954    6.38423    11.8020    11.7869    20.5988   11.60511 3.8241e+02      0.963 0.0000e+00
        376 191.495518    0.02604     1.5625     93.750  1020.5916  43119.411    27.2150      0.951    6.38386    11.8084    11.7935    20.5873   11.60465 3.8243e+02      0.960 0.0000e+00
        377 191.495521    0.02611     1.5667     94.000  1020.5833  43105.593    27.2061      0.950    6.38305    11.8096    11.8021    20.5789   11.60340 3.8283e+02      0.959 0.0000e+00
        378 191.495524    0.02618     1.5708     94.250  1020.5829  43106.250    27.2071      0.951    6.38212    11.8030    11.8086    20.5786   11.60184 3.8377e+02      0.960 0.0000e+00
        379 191.495527    0.02625     1.5750     94.500  1020.5945  43127.815    27.2222      0.954    6.38135    11.7881    11.8098    20.5901   11.60038 3.8518e+02      0.963 0.0000e+00
        380 191.495530    0.02632     1.5792     94.750  1020.6173  43168.626    27.2501      0.958    6.38114    11.7671    11.8031    20.6129   11.59970 3.8582e+02      0.967 0.0000e+00
        381 191.495532    0.02639     1.5833     95.000  1020.6476  43221.762    27.2859      0.961    6.38174    11.7431    11.7882    20.6432   11.60027 3.8565e+02      0.970 0.0000e+00
        382 191.495535    0.02646     1.5875     95.250  1020.6817  43280.858    27.3253      0.963    6.38302    11.7195    11.7672    20.6774   11.60193 3.8541e+02      0.972 0.0000e+00
        383 191.495538    0.02653     1.5917     95.500  1020.7153  43338.220    27.3632      0.963    6.38476    11.6997    11.7432    20.7109   11.60438 3.8473e+02      0.972 0.0000e+00
        384 191.495541    0.02660     1.5958     95.750  1020.7428  43384.566    27.3934      0.962    6.38677    11.6863    11.7196    20.7384   11.60735 3.8325e+02      0.971 0.0000e+00
        385 191.495544    0.02667     1.6000     96.000  1020.7603  43413.150    27.4116      0.959    6.38875    11.6807    11.6998    20.7559   11.61043 3.8164e+02      0.968 0.0000e+00
        386 191.495547    0.02674     1.6042     96.250  1020.7670  43422.891    27.4173      0.955    6.39035    11.6819    11.6864    20.7626   11.61302 3.8045e+02      0.964 0.0000e+00
        387 191.495550    0.02681     1.6083     96.500  1020.7649  43417.958    27.4133      0.951    6.39127    11.6877    11.6808    20.7605   11.61461 3.7968e+02      0.960 0.0000e+00
        388 191.495553    0.02688     1.6125     96.750  1020.7568  43403.244    27.4032      0.948    6.39152    11.6952    11.6820    20.7524   11.61515 3.7950e+02      0.957 0.0000e+00
        389 191.495556    0.02694     1.6167     97.000  1020.7467  43385.692    27.3915      0.947    6.39121    11.7012    11.6878    20.7424   11.61476 3.7942e+02      0.956 0.0000e+00
        390 191.495558    0.02701     1.6208     97.250  1020.7397  43374.319    27.3842      0.949    6.39047    11.7025    11.6953    20.7354   11.61361 3.7864e+02      0.958 0.0000e+00
        391 191.495561    0.02708     1.6250     97.500  1020.7398  43375.499    27.3856      0.954    6.38959    11.6962    11.7013    20.7354   11.61214 3.7769e+02      0.963 0.0000e+00
        392 191.495564    0.02715     1.6292     97.750  1020.7502  43395.004    27.3993      0.959    6.38887    11.6815    11.7026    20.7459   11.61077 3.7718e+02      0.968 0.0000e+00
        393 191.495567    0.02722     1.6333     98.000  1020.7709  43432.013    27.4246      0.963    6.38872    11.6627    11.6963    20.7665   11.61022 3.7624e+02      0.972 0.0000e+00
        394 191.495570    0.02729     1.6375     98.250  1020.7949  43473.633    27.4523      0.964    6.38960    11.6464    11.6817    20.7905   11.61136 3.7412e+02      0.973 0.0000e+00
        395 191.495573    0.02736     1.6417     98.500  1020.8144  43506.000    27.4732      0.962    6.39133    11.6364    11.6629    20.8100   11.61399 3.7222e+02      0.971 0.0000e+00
        396 191.495576    0.02743     1.6458     98.750  1020.8257  43523.899    27.4843      0.959    6.39313    11.6321    11.6465    20.8214   11.61684 3.7173e+02      0.968 0.0000e+00
        397 191.495579    0.02750     1.6500     99.000  1020.8305  43530.839    27.4882      0.957    6.39434    11.6300    11.6365    20.8262   11.61880 3.7182e+02      0.966 0.0000e+00
        398 191.495582    0.02757     1.6542     99.250  1020.8334  43535.322    27.4909      0.956    6.39482    11.6266    11.6322    20.8291   11.61957 3.7191e+02      0.965 0.0000e+00
        399 191.495584    0.02764     1.6583     99.500  1020.8390  43545.217    27.4977      0.957    6.39482    11.6197    11.6301    20.8346   11.61951 3.7182e+02      0.966 0.0000e+00
        400 191.495587    0.02771     1.6625     99.750  1020.8489  43562.812    27.5096      0.960    6.39481    11.6087    11.6267    20.8445   11.61935 3.7164e+02      0.969 0.0000e+00
        401 191.495590    0.02778     1.6667    100.000  1020.8640  43589.378    27.5276      0.963    6.39503    11.5922    11.6198    20.8596   11.61949 3.7184e+02      0.973 0.0000e+00
        402 191.495593    0.02785     1.6708    100.250  1020.8866  43629.153    27.5543      0.967    6.39546    11.5699    11.6088    20.8822   11.61989 3.7165e+02      0.977 0.0000e+00
        403 191.495596    0.02792     1.6750    100.500  1020.9165  43681.161    27.5892      0.969    6.39632    11.5456    11.5923    20.9120   11.62090 3.7005e+02      0.979 0.0000e+00
        404 191.495599    0.02799     1.6792    100.750  1020.9477  43734.666    27.6245      0.969    6.39794    11.5254    11.5700    20.9433   11.62318 3.6810e+02      0.979 0.0000e+00
        405 191.495602    0.02806     1.6833    101.000  1020.9726  43776.197    27.6513      0.966    6.40020    11.5143    11.5457    20.9682   11.62661 3.6779e+02      0.975 0.0000e+00
        406 191.495605    0.02813     1.6875    101.250  1020.9861  43797.360    27.6642      0.961    6.40246    11.5131    11.5255    20.9817   11.63021 3.6856e+02      0.970 0.0000e+00
        407 191.495608    0.02819     1.6917    101.500  1020.9878  43798.453    27.6640      0.956    6.40400    11.5186    11.5144    20.9834   11.63277 3.6874e+02      0.964 0.0000e+00
        408 191.495611    0.02826     1.6958    101.750  1020.9818  43787.159    27.6560      0.953    6.40449    11.5255    11.5132    20.9774   11.63367 3.6851e+02      0.961 0.0000e+00
        409 191.495613    0.02833     1.7000    102.000  1020.9743  43774.263    27.6475      0.954    6.40408    11.5291    11.5187    20.9699   11.63309 3.6824e+02      0.962 0.0000e+00
        410 191.495616    0.02840     1.7042    102.250  1020.9709  43769.345    27.6447      0.959    6.40324    11.5252    11.5256    20.9665   11.63173 3.6751e+02      0.968 0.0000e+00
        411 191.495619    0.02847     1.7083    102.500  1020.9771  43781.394    27.6534      0.967    6.40240    11.5111    11.5292    20.9727   11.63023 3.6620e+02      0.976 0.0000e+00
        412 191.495622    0.02854     1.7125    102.750  1020.9967  43816.826    27.6778      0.976    6.40195    11.4872    11.5253    20.9923   11.62919 3.6521e+02      0.985 0.0000e+00
        413 191.495625    0.02861     1.7167    103.000  1021.0282  43872.275    27.7152      0.984    6.40238    11.4581    11.5112    21.0237   11.62946 3.6430e+02      0.993 0.0000e+00
        414 191.495628    0.02868     1.7208    103.250  1021.0655  43936.681    27.7580      0.990    6.40393    11.4294    11.4873    21.0609   11.63153 3.6284e+02      0.999 0.0000e+00
        415 191.495631    0.02875     1.7250    103.500  1021.1018  43998.421    27.7984      0.995    6.40630    11.4021    11.4582    21.0973   11.63499 3.6111e+02      1.005 0.0000e+00
        416 191.495634    0.02882     1.7292    103.750  1021.1375  44058.920    27.8380      1.005    6.40866    11.3685    11.4295    21.1329   11.63844 3.5887e+02      1.014 0.0000e+00
        417 191.495637    0.02889     1.7333    104.000  1021.1832  44138.366    27.8908      1.023    6.41031    11.3146    11.4022    21.1785   11.64054 3.5465e+02      1.033 0.0000e+00
        418 191.495639    0.02896     1.7375    104.250  1021.2558  44266.145    27.9768      1.057    6.41148    11.2221    11.3686    21.2510   11.64145 3.4690e+02      1.067 0.0000e+00
        419 191.495642    0.02903     1.7417    104.500  1021.3786  44482.845    28.1229      1.111    6.41302    11.0716    11.3148    21.3735   11.64226 3.3553e+02      1.122 0.0000e+00
        420 191.495645    0.02910     1.7458    104.750  1021.5781  44834.095    28.3593      1.192    6.41627    10.8618    11.2223    21.5726   11.64483 3.2100e+02      1.204 0.0000e+00
        421 191.495648    0.02917     1.7500    105.000  1021.8579  45323.416    28.6864      1.302    6.42389    10.6227    11.0718    21.8519   11.65356 3.0399e+02      1.314 0.0000e+00
        422 191.495651    0.02924     1.7542    105.250  1022.1830  45886.378    29.0588      1.436    6.43794    10.3937    10.8620    22.1765   11.67241 2.8596e+02      1.450 0.0000e+00
        423 191.495654    0.02931     1.7583    105.500  1022.5080  46444.940    29.4247      1.588    6.45639    10.1967    10.6229    22.5007   11.69865 2.6842e+02      1.604 0.0000e+00
        424 191.495657    0.02937     1.7625    105.750  1022.8109  46965.313    29.7644      1.752    6.47458    10.0340    10.3939    22.8029   11.72475 2.5228e+02      1.769 0.0000e+00
        425 191.495660    0.02944     1.7667    106.000  1023.0890  47445.355    30.0790      1.920    6.48936     9.8994    10.1969    23.0802   11.74550 2.3807e+02      1.938 0.0000e+00
