CTD-processing/allCTD/CNV--homogene/2015_02-12_t4_s03_cast185.cnv
* Sea-Bird SBE19plus Data File:
* FileName = C:\Users\kris.holderied\Documents\kasitsna\Research-Projects-and-Data\Oceanography-AK\CTD-Data-ALL-to-2014-10\2015-CTD-KachemakBay-CookInlet\2015-02-EVOSTC-CookInlet-quarterly\2015-02-12-CookInlet-Tran4-Barabara\2015-02-12-CookInlet-Tran4-cast185.hex
* Software Version 1.59
* Temperature SN =  4141
* Conductivity SN =  4141
* System UpLoad Time = Feb 12 2015 13:19:57
** Cook Inlet LTM Tran4 (Barabara) South to North
** Date: 02-12
** Station: 4-03
** Start time (AKST): 11:06
** Depth (m): 108
** Comment:
** Comment: Vessel is ADFG R/V Pandalus.
# nquan = 17
# nvalues = 1143                        
# units = specified
# name 0 = scan: Scan Count
# name 1 = timeJ: Julian Days
# name 2 = timeH: Time, Elapsed [hours]
# name 3 = timeM: Time, Elapsed [minutes]
# name 4 = timeS: Time, Elapsed [seconds]
# name 5 = density00: Density [density, kg/m^3]
# name 6 = specc: Specific Conductance [uS/cm]
# name 7 = sal00: Salinity, Practical [PSU]
# name 8 = depSM: Depth [salt water, m], lat = 59.00
# name 9 = oxsolML/L: Oxygen Saturation, Garcia & Gordon [ml/l]
# name 10 = potemp090C: Potential Temperature [ITS-90, deg C]
# name 11 = tv290C: Temperature [ITS-90, deg C]
# name 12 = sigma-é00: Density [sigma-theta, kg/m^3]
# name 13 = n2satML/L: Nitrogen Saturation [ml/l]
# name 14 = par: PAR/Irradiance, Biospherical/Licor
# name 15 = prdM: Pressure, Strain Gauge [db]
# name 16 = flag:  0.000e+00
# span 0 =          1,       1143       
# span 1 =  43.462859,  43.466163       
# span 2 =    0.00000,    0.07931       
# span 3 =     0.0000,     4.7583       
# span 4 =      0.000,    285.500       
# span 5 =  1000.1187,  1025.4263       
# span 6 =    393.414,  50784.525       
# span 7 =     0.1806,    31.6324       
# span 8 =     -0.173,    105.339       
# span 9 =    7.12526,    9.08344       
# span 10 =     4.3194,     5.6358      
# span 11 =     4.3194,     5.6440      
# span 12 =     0.1196,    24.9417      
# span 13 =   12.77874,   16.49962      
# span 14 = 3.6382e-02, 4.8284e+01      
# span 15 =     -0.175,    106.360      
# span 16 = 0.0000e+00, 0.0000e+00      
# interval = seconds: 0.25
# start_time = Feb 12 2015 11:06:31 [Instrument's time stamp, header]
# bad_flag = -9.990e-29
*END*
[from data line 341]
        342  43.463845    0.02368     1.4208     85.250  1024.8588  50575.554    31.4847      1.152    7.18510     5.3284     5.3282    24.8534   12.87927 1.2989e+01      1.163 0.0000e+00
        343  43.463848    0.02375     1.4250     85.500  1024.8589  50575.614    31.4848      1.164    7.18507     5.3285     5.3284    24.8534   12.87923 1.3092e+01      1.175 0.0000e+00
        344  43.463851    0.02382     1.4292     85.750  1024.8591  50575.849    31.4850      1.168    7.18505     5.3287     5.3285    24.8536   12.87918 1.2853e+01      1.179 0.0000e+00
        345  43.463854    0.02389     1.4333     86.000  1024.8593  50576.359    31.4853      1.165    7.18501     5.3289     5.3286    24.8539   12.87911 1.2726e+01      1.176 0.0000e+00
        346  43.463857    0.02396     1.4375     86.250  1024.8596  50576.924    31.4858      1.155    7.18496     5.3291     5.3288    24.8542   12.87903 1.2896e+01      1.166 0.0000e+00
        347  43.463860    0.02403     1.4417     86.500  1024.8597  50577.281    31.4861      1.140    7.18492     5.3293     5.3290    24.8544   12.87895 1.3150e+01      1.150 0.0000e+00
        348  43.463863    0.02410     1.4458     86.750  1024.8599  50577.661    31.4864      1.121    7.18487     5.3297     5.3292    24.8546   12.87886 1.3305e+01      1.131 0.0000e+00
        349  43.463866    0.02417     1.4500     87.000  1024.8603  50578.486    31.4870      1.100    7.18479     5.3303     5.3294    24.8551   12.87873 1.3396e+01      1.111 0.0000e+00
        350  43.463869    0.02424     1.4542     87.250  1024.8609  50579.754    31.4880      1.081    7.18468     5.3312     5.3298    24.8558   12.87853 1.3373e+01      1.091 0.0000e+00
        351  43.463872    0.02431     1.4583     87.500  1024.8616  50581.173    31.4891      1.063    7.18452     5.3322     5.3304    24.8566   12.87826 1.3232e+01      1.073 0.0000e+00
        352  43.463874    0.02438     1.4625     87.750  1024.8623  50582.519    31.4902      1.050    7.18433     5.3333     5.3313    24.8574   12.87792 1.3148e+01      1.060 0.0000e+00
        353  43.463877    0.02444     1.4667     88.000  1024.8629  50583.513    31.4911      1.043    7.18411     5.3344     5.3323    24.8580   12.87755 1.3158e+01      1.052 0.0000e+00
        354  43.463880    0.02451     1.4708     88.250  1024.8630  50583.725    31.4915      1.041    7.18390     5.3353     5.3334    24.8582   12.87720 1.3143e+01      1.051 0.0000e+00
        355  43.463883    0.02458     1.4750     88.500  1024.8629  50583.321    31.4914      1.046    7.18372     5.3360     5.3345    24.8580   12.87690 1.2998e+01      1.056 0.0000e+00
        356  43.463886    0.02465     1.4792     88.750  1024.8628  50582.959    31.4913      1.056    7.18357     5.3365     5.3354    24.8579   12.87665 1.2647e+01      1.066 0.0000e+00
        357  43.463889    0.02472     1.4833     89.000  1024.8628  50582.816    31.4914      1.068    7.18345     5.3369     5.3361    24.8578   12.87645 1.2165e+01      1.079 0.0000e+00
        358  43.463892    0.02479     1.4875     89.250  1024.8628  50582.661    31.4914      1.084    7.18335     5.3372     5.3366    24.8578   12.87630 1.1865e+01      1.094 0.0000e+00
        359  43.463895    0.02486     1.4917     89.500  1024.8628  50582.466    31.4913      1.100    7.18328     5.3375     5.3370    24.8577   12.87619 1.1972e+01      1.110 0.0000e+00
        360  43.463898    0.02493     1.4958     89.750  1024.8629  50582.400    31.4913      1.117    7.18323     5.3377     5.3373    24.8576   12.87610 1.2282e+01      1.127 0.0000e+00
        361  43.463900    0.02500     1.5000     90.000  1024.8630  50582.500    31.4914      1.132    7.18318     5.3379     5.3376    24.8577   12.87602 1.2527e+01      1.142 0.0000e+00
        362  43.463903    0.02507     1.5042     90.250  1024.8632  50582.658    31.4916      1.142    7.18314     5.3381     5.3378    24.8578   12.87594 1.2705e+01      1.152 0.0000e+00
        363  43.463906    0.02514     1.5083     90.500  1024.8632  50582.745    31.4917      1.143    7.18310     5.3383     5.3380    24.8579   12.87587 1.2796e+01      1.154 0.0000e+00
        364  43.463909    0.02521     1.5125     90.750  1024.8632  50582.719    31.4917      1.135    7.18306     5.3384     5.3382    24.8579   12.87581 1.2682e+01      1.146 0.0000e+00
        365  43.463912    0.02528     1.5167     91.000  1024.8631  50582.721    31.4918      1.119    7.18303     5.3386     5.3384    24.8579   12.87576 1.2457e+01      1.129 0.0000e+00
        366  43.463915    0.02535     1.5208     91.250  1024.8631  50582.876    31.4919      1.099    7.18300     5.3388     5.3385    24.8580   12.87571 1.2557e+01      1.109 0.0000e+00
        367  43.463918    0.02542     1.5250     91.500  1024.8632  50583.128    31.4921      1.082    7.18297     5.3390     5.3387    24.8581   12.87565 1.3037e+01      1.092 0.0000e+00
        368  43.463921    0.02549     1.5292     91.750  1024.8633  50583.412    31.4924      1.074    7.18292     5.3394     5.3389    24.8583   12.87558 1.3380e+01      1.084 0.0000e+00
        369  43.463924    0.02556     1.5333     92.000  1024.8635  50583.726    31.4926      1.075    7.18286     5.3398     5.3391    24.8585   12.87547 1.3336e+01      1.085 0.0000e+00
        370  43.463927    0.02562     1.5375     92.250  1024.8637  50583.988    31.4929      1.081    7.18279     5.3402     5.3395    24.8586   12.87535 1.3058e+01      1.091 0.0000e+00
        371  43.463929    0.02569     1.5417     92.500  1024.8638  50584.056    31.4930      1.088    7.18271     5.3405     5.3398    24.8587   12.87522 1.2863e+01      1.098 0.0000e+00
        372  43.463932    0.02576     1.5458     92.750  1024.8638  50583.965    31.4930      1.090    7.18265     5.3407     5.3402    24.8587   12.87512 1.2818e+01      1.100 0.0000e+00
        373  43.463935    0.02583     1.5500     93.000  1024.8637  50583.890    31.4931      1.086    7.18259     5.3409     5.3405    24.8586   12.87503 1.2640e+01      1.096 0.0000e+00
        374  43.463938    0.02590     1.5542     93.250  1024.8637  50583.876    31.4931      1.076    7.18255     5.3411     5.3408    24.8586   12.87495 1.2275e+01      1.086 0.0000e+00
        375  43.463941    0.02597     1.5583     93.500  1024.8637  50583.965    31.4932      1.063    7.18251     5.3413     5.3410    24.8587   12.87488 1.1938e+01      1.074 0.0000e+00
        376  43.463944    0.02604     1.5625     93.750  1024.8638  50584.258    31.4935      1.054    7.18247     5.3416     5.3412    24.8589   12.87480 1.1806e+01      1.064 0.0000e+00
        377  43.463947    0.02611     1.5667     94.000  1024.8641  50584.682    31.4938      1.053    7.18241     5.3419     5.3414    24.8591   12.87471 1.1866e+01      1.063 0.0000e+00
        378  43.463950    0.02618     1.5708     94.250  1024.8643  50585.081    31.4941      1.062    7.18235     5.3422     5.3417    24.8593   12.87460 1.1903e+01      1.072 0.0000e+00
        379  43.463953    0.02625     1.5750     94.500  1024.8647  50585.501    31.4945      1.081    7.18228     5.3427     5.3420    24.8596   12.87448 1.1896e+01      1.092 0.0000e+00
        380  43.463955    0.02632     1.5792     94.750  1024.8651  50586.106    31.4949      1.108    7.18220     5.3432     5.3423    24.8599   12.87434 1.1885e+01      1.119 0.0000e+00
        381  43.463958    0.02639     1.5833     95.000  1024.8657  50586.904    31.4956      1.137    7.18209     5.3439     5.3428    24.8604   12.87416 1.1685e+01      1.148 0.0000e+00
        382  43.463961    0.02646     1.5875     95.250  1024.8662  50587.566    31.4961      1.163    7.18197     5.3444     5.3433    24.8608   12.87396 1.1493e+01      1.174 0.0000e+00
        383  43.463964    0.02653     1.5917     95.500  1024.8664  50587.670    31.4963      1.180    7.18186     5.3449     5.3439    24.8608   12.87377 1.1752e+01      1.192 0.0000e+00
        384  43.463967    0.02660     1.5958     95.750  1024.8663  50587.466    31.4963      1.186    7.18177     5.3452     5.3445    24.8607   12.87362 1.2326e+01      1.197 0.0000e+00
        385  43.463970    0.02667     1.6000     96.000  1024.8663  50587.488    31.4964      1.178    7.18169     5.3456     5.3449    24.8608   12.87348 1.2693e+01      1.189 0.0000e+00
        386  43.463973    0.02674     1.6042     96.250  1024.8664  50587.703    31.4966      1.158    7.18161     5.3460     5.3453    24.8609   12.87335 1.2678e+01      1.169 0.0000e+00
        387  43.463976    0.02681     1.6083     96.500  1024.8663  50587.788    31.4967      1.128    7.18154     5.3462     5.3457    24.8610   12.87323 1.2544e+01      1.139 0.0000e+00
        388  43.463979    0.02688     1.6125     96.750  1024.8660  50587.499    31.4966      1.095    7.18149     5.3464     5.3460    24.8609   12.87315 1.2580e+01      1.105 0.0000e+00
        389  43.463981    0.02694     1.6167     97.000  1024.8656  50586.842    31.4963      1.065    7.18146     5.3462     5.3463    24.8606   12.87311 1.2906e+01      1.074 0.0000e+00
        390  43.463984    0.02701     1.6208     97.250  1024.8648  50585.673    31.4955      1.041    7.18148     5.3457     5.3464    24.8600   12.87315 1.3351e+01      1.051 0.0000e+00
        391  43.463987    0.02708     1.6250     97.500  1024.8637  50583.840    31.4943      1.028    7.18156     5.3450     5.3463    24.8590   12.87330 1.3506e+01      1.037 0.0000e+00
        392  43.463990    0.02715     1.6292     97.750  1024.8628  50582.255    31.4931      1.025    7.18170     5.3443     5.3458    24.8581   12.87355 1.3127e+01      1.034 0.0000e+00
        393  43.463993    0.02722     1.6333     98.000  1024.8628  50582.165    31.4928      1.030    7.18184     5.3438     5.3451    24.8580   12.87378 1.2418e+01      1.040 0.0000e+00
        394  43.463996    0.02729     1.6375     98.250  1024.8635  50583.548    31.4936      1.042    7.18192     5.3437     5.3444    24.8587   12.87390 1.1949e+01      1.052 0.0000e+00
        395  43.463999    0.02736     1.6417     98.500  1024.8645  50585.135    31.4946      1.059    7.18195     5.3438     5.3439    24.8595   12.87393 1.1974e+01      1.069 0.0000e+00
        396  43.464002    0.02743     1.6458     98.750  1024.8650  50585.995    31.4952      1.077    7.18194     5.3440     5.3438    24.8600   12.87391 1.2035e+01      1.088 0.0000e+00
        397  43.464005    0.02750     1.6500     99.000  1024.8653  50586.337    31.4954      1.095    7.18191     5.3443     5.3439    24.8601   12.87386 1.1813e+01      1.106 0.0000e+00
        398  43.464008    0.02757     1.6542     99.250  1024.8655  50586.619    31.4957      1.111    7.18186     5.3446     5.3441    24.8603   12.87378 1.1680e+01      1.121 0.0000e+00
        399  43.464010    0.02764     1.6583     99.500  1024.8658  50587.035    31.4960      1.121    7.18180     5.3450     5.3444    24.8605   12.87368 1.1958e+01      1.132 0.0000e+00
        400  43.464013    0.02771     1.6625     99.750  1024.8661  50587.614    31.4965      1.127    7.18173     5.3456     5.3447    24.8609   12.87355 1.2359e+01      1.138 0.0000e+00
        401  43.464016    0.02778     1.6667    100.000  1024.8666  50588.454    31.4971      1.130    7.18162     5.3462     5.3451    24.8613   12.87337 1.2571e+01      1.140 0.0000e+00
        402  43.464019    0.02785     1.6708    100.250  1024.8673  50589.628    31.4980      1.130    7.18149     5.3471     5.3457    24.8620   12.87313 1.2587e+01      1.141 0.0000e+00
        403  43.464022    0.02792     1.6750    100.500  1024.8680  50590.791    31.4990      1.130    7.18133     5.3479     5.3463    24.8627   12.87285 1.2359e+01      1.141 0.0000e+00
        404  43.464025    0.02799     1.6792    100.750  1024.8683  50591.362    31.4995      1.130    7.18116     5.3485     5.3471    24.8630   12.87257 1.2062e+01      1.141 0.0000e+00
        405  43.464028    0.02806     1.6833    101.000  1024.8681  50590.945    31.4994      1.131    7.18103     5.3489     5.3480    24.8628   12.87235 1.2032e+01      1.142 0.0000e+00
        406  43.464031    0.02813     1.6875    101.250  1024.8674  50589.578    31.4986      1.132    7.18095     5.3488     5.3486    24.8621   12.87224 1.2304e+01      1.143 0.0000e+00
        407  43.464034    0.02819     1.6917    101.500  1024.8664  50587.660    31.4974      1.135    7.18096     5.3484     5.3489    24.8611   12.87226 1.2646e+01      1.146 0.0000e+00
        408  43.464036    0.02826     1.6958    101.750  1024.8654  50585.746    31.4961      1.138    7.18103     5.3477     5.3489    24.8600   12.87240 1.2712e+01      1.149 0.0000e+00
        409  43.464039    0.02833     1.7000    102.000  1024.8645  50584.188    31.4949      1.141    7.18116     5.3469     5.3484    24.8592   12.87263 1.2394e+01      1.152 0.0000e+00
        410  43.464042    0.02840     1.7042    102.250  1024.8638  50582.929    31.4939      1.145    7.18132     5.3460     5.3478    24.8584   12.87291 1.1974e+01      1.156 0.0000e+00
        411  43.464045    0.02847     1.7083    102.500  1024.8633  50581.903    31.4930      1.151    7.18151     5.3450     5.3469    24.8578   12.87323 1.1956e+01      1.162 0.0000e+00
        412  43.464048    0.02854     1.7125    102.750  1024.8629  50581.228    31.4923      1.157    7.18170     5.3441     5.3460    24.8574   12.87355 1.2515e+01      1.168 0.0000e+00
        413  43.464051    0.02861     1.7167    103.000  1024.8627  50580.968    31.4919      1.160    7.18188     5.3433     5.3451    24.8572   12.87385 1.3243e+01      1.171 0.0000e+00
        414  43.464054    0.02868     1.7208    103.250  1024.8626  50580.928    31.4917      1.157    7.18204     5.3426     5.3442    24.8572   12.87412 1.3775e+01      1.168 0.0000e+00
        415  43.464057    0.02875     1.7250    103.500  1024.8624  50580.765    31.4914      1.144    7.18219     5.3419     5.3434    24.8571   12.87437 1.4016e+01      1.155 0.0000e+00
        416  43.464060    0.02882     1.7292    103.750  1024.8621  50580.380    31.4910      1.118    7.18234     5.3412     5.3426    24.8568   12.87462 1.3955e+01      1.129 0.0000e+00
        417  43.464062    0.02889     1.7333    104.000  1024.8617  50580.110    31.4907      1.080    7.18247     5.3406     5.3419    24.8567   12.87485 1.3650e+01      1.091 0.0000e+00
        418  43.464065    0.02896     1.7375    104.250  1024.8616  50580.385    31.4908      1.036    7.18259     5.3403     5.3412    24.8568   12.87503 1.3190e+01      1.046 0.0000e+00
        419  43.464068    0.02903     1.7417    104.500  1024.8619  50581.338    31.4913      0.996    7.18265     5.3402     5.3407    24.8573   12.87514 1.2686e+01      1.006 0.0000e+00
        420  43.464071    0.02910     1.7458    104.750  1024.8627  50582.946    31.4924      0.975    7.18266     5.3406     5.3403    24.8582   12.87514 1.2252e+01      0.984 0.0000e+00
        421  43.464074    0.02917     1.7500    105.000  1024.8641  50585.468    31.4941      0.983    7.18259     5.3415     5.3403    24.8595   12.87500 1.1905e+01      0.992 0.0000e+00
        422  43.464077    0.02924     1.7542    105.250  1024.8663  50589.081    31.4967      1.019    7.18241     5.3429     5.3407    24.8615   12.87466 1.1814e+01      1.028 0.0000e+00
        423  43.464080    0.02931     1.7583    105.500  1024.8681  50592.028    31.4989      1.069    7.18214     5.3442     5.3416    24.8631   12.87419 1.1930e+01      1.079 0.0000e+00
        424  43.464083    0.02937     1.7625    105.750  1024.8683  50591.785    31.4990      1.118    7.18190     5.3450     5.3430    24.8630   12.87379 1.1689e+01      1.128 0.0000e+00
        425  43.464086    0.02944     1.7667    106.000  1024.8671  50589.176    31.4974      1.154    7.18174     5.3453     5.3443    24.8617   12.87356 1.1088e+01      1.165 0.0000e+00
