CTD-processing/allCTD/CNV--homogene/2015_08-14_t9_s07_cast174.cnv
* Sea-Bird SBE19plus Data File:
* FileName = C:\Users\Kris.Holderied\Documents\kasitsna\Research-KBL\Oceanography-AK\CTD-Data-ALL-to-2015-06\2015-CTD-KachemakBay-CookInlet\2015-08-14-CookInlet-east-and-KachemakBay\2015-08-14-CookInlet-east-and_KBay-cast174.hex
* Software Version 1.59
* Temperature SN =  5028
* Conductivity SN =  5028
* System UpLoad Time = Sep 24 2015 11:46:43
** Cook Inlet East side (T6/T7), along Kachemak Bay to Spit, T9 batch upload
** Date (YYYY-MM-DD): 2015-08-14
** Station (ie. 9-01):  9-07
** Start time (AKDT): 18:21
** Depth (m): 101
** Comment:  Nuka R/V Johanna Rose
** Comment:
# nquan = 17
# nvalues = 771                         
# units = specified
# name 0 = scan: Scan Count
# name 1 = timeJ: Julian Days
# name 2 = timeH: Time, Elapsed [hours]
# name 3 = timeM: Time, Elapsed [minutes]
# name 4 = timeS: Time, Elapsed [seconds]
# name 5 = density00: Density [density, kg/m^3]
# name 6 = specc: Specific Conductance [uS/cm]
# name 7 = sal00: Salinity, Practical [PSU]
# name 8 = depSM: Depth [salt water, m], lat = 59.00
# name 9 = oxsolML/L: Oxygen Saturation, Garcia & Gordon [ml/l]
# name 10 = potemp090C: Potential Temperature [ITS-90, deg C]
# name 11 = tv290C: Temperature [ITS-90, deg C]
# name 12 = sigma-é00: Density [sigma-theta, kg/m^3]
# name 13 = n2satML/L: Nitrogen Saturation [ml/l]
# name 14 = par: PAR/Irradiance, Biospherical/Licor
# name 15 = prdM: Pressure, Strain Gauge [db]
# name 16 = flag:  0.000e+00
# span 0 =          1,        771       
# span 1 = 226.765255, 226.767483       
# span 2 =    0.00000,    0.05347       
# span 3 =     0.0000,     3.2083       
# span 4 =      0.000,    192.500       
# span 5 =  1001.4936,  1024.5370       
# span 6 =   5397.224,  49250.883       
# span 7 =     2.9085,    31.2173       
# span 8 =      0.031,     98.147       
# span 9 =    6.10453,    7.08136       
# span 10 =     9.4553,    14.0507      
# span 11 =     9.4658,    14.0508      
# span 12 =     1.4935,    24.0870      
# span 13 =   11.14080,   13.08348      
# span 14 = 6.5964e-02, 2.3362e+02      
# span 15 =      0.031,     99.097      
# span 16 = 0.0000e+00, 0.0000e+00      
# interval = seconds: 0.25
# start_time = Aug 14 2015 18:21:58 [Instrument's time stamp, header]
# bad_flag = -9.990e-29
*END*
[from data line 511]
        512 226.766733    0.03549     2.1292    127.750  1024.0764  48951.426    31.1252     39.207    6.44646    10.1810    10.1921    23.8972   11.66191 4.7328e-01     39.581 0.0000e+00
        513 226.766736    0.03556     2.1333    128.000  1024.0791  48954.180    31.1266     39.429    6.44693    10.1787    10.1883    23.8989   11.66268 4.5651e-01     39.805 0.0000e+00
        514 226.766739    0.03562     2.1375    128.250  1024.0812  48955.965    31.1274     39.644    6.44730    10.1767    10.1854    23.9000   11.66329 4.4077e-01     40.022 0.0000e+00
        515 226.766742    0.03569     2.1417    128.500  1024.0830  48957.209    31.1279     39.859    6.44761    10.1751    10.1831    23.9008   11.66379 4.2560e-01     40.239 0.0000e+00
        516 226.766745    0.03576     2.1458    128.750  1024.0846  48958.266    31.1283     40.078    6.44786    10.1738    10.1812    23.9014   11.66420 4.1058e-01     40.460 0.0000e+00
        517 226.766748    0.03583     2.1500    129.000  1024.0862  48959.211    31.1287     40.307    6.44807    10.1728    10.1796    23.9020   11.66454 3.9548e-01     40.691 0.0000e+00
        518 226.766751    0.03590     2.1542    129.250  1024.0877  48959.888    31.1289     40.548    6.44824    10.1718    10.1784    23.9024   11.66482 3.8034e-01     40.934 0.0000e+00
        519 226.766753    0.03597     2.1583    129.500  1024.0890  48960.152    31.1288     40.799    6.44838    10.1707    10.1773    23.9025   11.66507 3.6538e-01     41.188 0.0000e+00
        520 226.766756    0.03604     2.1625    129.750  1024.0901  48960.005    31.1285     41.057    6.44853    10.1694    10.1764    23.9024   11.66532 3.5091e-01     41.448 0.0000e+00
        521 226.766759    0.03611     2.1667    130.000  1024.0910  48959.599    31.1279     41.314    6.44870    10.1679    10.1753    23.9022   11.66560 3.3721e-01     41.708 0.0000e+00
        522 226.766762    0.03618     2.1708    130.250  1024.0919  48959.157    31.1274     41.565    6.44890    10.1662    10.1741    23.9020   11.66594 3.2447e-01     41.961 0.0000e+00
        523 226.766765    0.03625     2.1750    130.500  1024.0929  48958.899    31.1269     41.809    6.44913    10.1643    10.1726    23.9018   11.66632 3.1267e-01     42.208 0.0000e+00
        524 226.766768    0.03632     2.1792    130.750  1024.0941  48959.071    31.1267     42.047    6.44939    10.1623    10.1709    23.9019   11.66674 3.0171e-01     42.449 0.0000e+00
        525 226.766771    0.03639     2.1833    131.000  1024.0956  48959.644    31.1268     42.280    6.44965    10.1603    10.1690    23.9023   11.66718 2.9142e-01     42.684 0.0000e+00
        526 226.766774    0.03646     2.1875    131.250  1024.0971  48960.322    31.1269     42.511    6.44992    10.1584    10.1670    23.9027   11.66762 2.8164e-01     42.917 0.0000e+00
        527 226.766777    0.03653     2.1917    131.500  1024.0984  48960.794    31.1269     42.740    6.45018    10.1561    10.1651    23.9031   11.66806 2.7228e-01     43.149 0.0000e+00
        528 226.766780    0.03660     2.1958    131.750  1024.0995  48960.754    31.1266     42.971    6.45047    10.1534    10.1632    23.9031   11.66855 2.6331e-01     43.381 0.0000e+00
        529 226.766782    0.03667     2.2000    132.000  1024.1003  48960.120    31.1257     43.204    6.45082    10.1500    10.1610    23.9028   11.66913 2.5464e-01     43.616 0.0000e+00
        530 226.766785    0.03674     2.2042    132.250  1024.1011  48959.317    31.1247     43.440    6.45124    10.1462    10.1582    23.9025   11.66984 2.4628e-01     43.854 0.0000e+00
        531 226.766788    0.03681     2.2083    132.500  1024.1022  48959.087    31.1241     43.677    6.45174    10.1422    10.1549    23.9025   11.67067 2.3825e-01     44.093 0.0000e+00
        532 226.766791    0.03687     2.2125    132.750  1024.1038  48959.719    31.1239     43.914    6.45228    10.1383    10.1511    23.9031   11.67157 2.3058e-01     44.333 0.0000e+00
        533 226.766794    0.03694     2.2167    133.000  1024.1056  48960.609    31.1240     44.151    6.45283    10.1343    10.1472    23.9037   11.67249 2.2324e-01     44.572 0.0000e+00
        534 226.766797    0.03701     2.2208    133.250  1024.1070  48960.854    31.1236     44.390    6.45340    10.1298    10.1433    23.9041   11.67343 2.1622e-01     44.813 0.0000e+00
        535 226.766800    0.03708     2.2250    133.500  1024.1078  48959.956    31.1223     44.630    6.45401    10.1243    10.1393    23.9038   11.67446 2.0952e-01     45.056 0.0000e+00
        536 226.766803    0.03715     2.2292    133.750  1024.1079  48957.743    31.1201     44.870    6.45474    10.1175    10.1348    23.9028   11.67569 2.0316e-01     45.298 0.0000e+00
        537 226.766806    0.03722     2.2333    134.000  1024.1076  48954.642    31.1171     45.107    6.45563    10.1096    10.1294    23.9014   11.67720 1.9721e-01     45.537 0.0000e+00
        538 226.766808    0.03729     2.2375    134.250  1024.1077  48952.179    31.1145     45.338    6.45669    10.1015    10.1226    23.9004   11.67899 1.9168e-01     45.771 0.0000e+00
        539 226.766811    0.03736     2.2417    134.500  1024.1093  48952.379    31.1135     45.563    6.45784    10.0943    10.1147    23.9010   11.68091 1.8649e-01     45.998 0.0000e+00
        540 226.766814    0.03743     2.2458    134.750  1024.1128  48955.948    31.1149     45.786    6.45893    10.0888    10.1066    23.9034   11.68270 1.8151e-01     46.223 0.0000e+00
        541 226.766817    0.03750     2.2500    135.000  1024.1172  48961.396    31.1178     46.013    6.45983    10.0851    10.0994    23.9068   11.68415 1.7660e-01     46.452 0.0000e+00
        542 226.766820    0.03757     2.2542    135.250  1024.1215  48966.799    31.1208     46.251    6.46047    10.0829    10.0939    23.9101   11.68518 1.7165e-01     46.692 0.0000e+00
        543 226.766823    0.03764     2.2583    135.500  1024.1253  48971.285    31.1234     46.502    6.46089    10.0819    10.0902    23.9127   11.68584 1.6669e-01     46.946 0.0000e+00
        544 226.766826    0.03771     2.2625    135.750  1024.1285  48974.800    31.1255     46.764    6.46110    10.0817    10.0881    23.9147   11.68618 1.6183e-01     47.210 0.0000e+00
        545 226.766829    0.03778     2.2667    136.000  1024.1312  48977.494    31.1272     47.026    6.46117    10.0821    10.0871    23.9162   11.68627 1.5729e-01     47.475 0.0000e+00
        546 226.766832    0.03785     2.2708    136.250  1024.1333  48979.271    31.1284     47.279    6.46114    10.0825    10.0870    23.9171   11.68620 1.5321e-01     47.731 0.0000e+00
        547 226.766834    0.03792     2.2750    136.500  1024.1345  48979.667    31.1286     47.518    6.46107    10.0826    10.0874    23.9172   11.68609 1.4959e-01     47.972 0.0000e+00
        548 226.766837    0.03799     2.2792    136.750  1024.1348  48978.575    31.1278     47.746    6.46104    10.0820    10.0878    23.9165   11.68605 1.4627e-01     48.202 0.0000e+00
        549 226.766840    0.03806     2.2833    137.000  1024.1347  48976.585    31.1263     47.970    6.46109    10.0804    10.0879    23.9153   11.68615 1.4309e-01     48.428 0.0000e+00
        550 226.766843    0.03812     2.2875    137.250  1024.1342  48973.794    31.1241     48.200    6.46126    10.0774    10.0873    23.9138   11.68646 1.3996e-01     48.660 0.0000e+00
        551 226.766846    0.03819     2.2917    137.500  1024.1330  48969.592    31.1209     48.438    6.46162    10.0728    10.0858    23.9115   11.68708 1.3686e-01     48.901 0.0000e+00
        552 226.766849    0.03826     2.2958    137.750  1024.1316  48964.873    31.1171     48.682    6.46219    10.0672    10.0829    23.9090   11.68807 1.3385e-01     49.147 0.0000e+00
        553 226.766852    0.03833     2.3000    138.000  1024.1316  48962.459    31.1147     48.926    6.46293    10.0616    10.0783    23.9079   11.68933 1.3098e-01     49.393 0.0000e+00
        554 226.766855    0.03840     2.3042    138.250  1024.1336  48963.562    31.1146     49.166    6.46373    10.0567    10.0727    23.9088   11.69065 1.2826e-01     49.636 0.0000e+00
        555 226.766858    0.03847     2.3083    138.500  1024.1368  48966.789    31.1161     49.405    6.46446    10.0529    10.0670    23.9109   11.69185 1.2563e-01     49.877 0.0000e+00
        556 226.766861    0.03854     2.3125    138.750  1024.1402  48970.566    31.1181     49.644    6.46506    10.0500    10.0622    23.9132   11.69282 1.2309e-01     50.119 0.0000e+00
        557 226.766863    0.03861     2.3167    139.000  1024.1435  48974.166    31.1201     49.884    6.46552    10.0477    10.0584    23.9153   11.69355 1.2066e-01     50.361 0.0000e+00
        558 226.766866    0.03868     2.3208    139.250  1024.1464  48977.263    31.1218     50.120    6.46585    10.0459    10.0555    23.9172   11.69409 1.1839e-01     50.599 0.0000e+00
        559 226.766869    0.03875     2.3250    139.500  1024.1488  48979.595    31.1231     50.349    6.46612    10.0441    10.0533    23.9185   11.69451 1.1632e-01     50.830 0.0000e+00
        560 226.766872    0.03882     2.3292    139.750  1024.1507  48981.160    31.1238     50.569    6.46635    10.0423    10.0515    23.9194   11.69488 1.1441e-01     51.052 0.0000e+00
        561 226.766875    0.03889     2.3333    140.000  1024.1524  48982.278    31.1243     50.785    6.46657    10.0405    10.0498    23.9201   11.69524 1.1261e-01     51.270 0.0000e+00
        562 226.766878    0.03896     2.3375    140.250  1024.1540  48983.420    31.1248     51.004    6.46680    10.0389    10.0480    23.9208   11.69562 1.1084e-01     51.491 0.0000e+00
        563 226.766881    0.03903     2.3417    140.500  1024.1559  48984.861    31.1255     51.232    6.46702    10.0376    10.0462    23.9216   11.69597 1.0902e-01     51.722 0.0000e+00
        564 226.766884    0.03910     2.3458    140.750  1024.1579  48986.427    31.1263     51.473    6.46721    10.0366    10.0446    23.9225   11.69628 1.0719e-01     51.966 0.0000e+00
        565 226.766887    0.03917     2.3500    141.000  1024.1599  48988.007    31.1271     51.726    6.46736    10.0359    10.0433    23.9234   11.69652 1.0539e-01     52.221 0.0000e+00
        566 226.766889    0.03924     2.3542    141.250  1024.1619  48989.567    31.1280     51.983    6.46746    10.0353    10.0424    23.9242   11.69667 1.0369e-01     52.481 0.0000e+00
        567 226.766892    0.03931     2.3583    141.500  1024.1637  48990.818    31.1287     52.235    6.46753    10.0347    10.0417    23.9249   11.69677 1.0214e-01     52.735 0.0000e+00
        568 226.766895    0.03938     2.3625    141.750  1024.1653  48991.688    31.1291     52.474    6.46759    10.0341    10.0411    23.9253   11.69687 1.0077e-01     52.977 0.0000e+00
        569 226.766898    0.03944     2.3667    142.000  1024.1667  48992.415    31.1295     52.699    6.46765    10.0334    10.0405    23.9257   11.69698 9.9547e-02     53.204 0.0000e+00
        570 226.766901    0.03951     2.3708    142.250  1024.1681  48993.174    31.1299     52.914    6.46773    10.0328    10.0399    23.9261   11.69710 9.8411e-02     53.421 0.0000e+00
        571 226.766904    0.03958     2.3750    142.500  1024.1695  48994.013    31.1303     53.128    6.46780    10.0323    10.0393    23.9265   11.69721 9.7302e-02     53.636 0.0000e+00
        572 226.766907    0.03965     2.3792    142.750  1024.1709  48994.935    31.1308     53.350    6.46786    10.0320    10.0387    23.9270   11.69730 9.6190e-02     53.860 0.0000e+00
        573 226.766910    0.03972     2.3833    143.000  1024.1725  48995.904    31.1313     53.583    6.46790    10.0320    10.0383    23.9275   11.69736 9.5083e-02     54.095 0.0000e+00
        574 226.766913    0.03979     2.3875    143.250  1024.1741  48996.893    31.1319     53.823    6.46791    10.0321    10.0381    23.9279   11.69738 9.4012e-02     54.337 0.0000e+00
        575 226.766916    0.03986     2.3917    143.500  1024.1756  48997.735    31.1323     54.063    6.46790    10.0322    10.0380    23.9283   11.69735 9.2995e-02     54.580 0.0000e+00
        576 226.766918    0.03993     2.3958    143.750  1024.1768  48998.110    31.1325     54.300    6.46788    10.0322    10.0381    23.9285   11.69732 9.2028e-02     54.819 0.0000e+00
        577 226.766921    0.04000     2.4000    144.000  1024.1778  48998.062    31.1324     54.536    6.46786    10.0320    10.0382    23.9284   11.69730 9.1111e-02     55.058 0.0000e+00
        578 226.766924    0.04007     2.4042    144.250  1024.1787  48997.917    31.1322     54.772    6.46787    10.0318    10.0383    23.9282   11.69730 9.0235e-02     55.296 0.0000e+00
        579 226.766927    0.04014     2.4083    144.500  1024.1796  48997.821    31.1320     55.006    6.46789    10.0314    10.0382    23.9281   11.69734 8.9406e-02     55.533 0.0000e+00
        580 226.766930    0.04021     2.4125    144.750  1024.1806  48997.816    31.1319     55.233    6.46793    10.0309    10.0379    23.9280   11.69740 8.8650e-02     55.762 0.0000e+00
        581 226.766933    0.04028     2.4167    145.000  1024.1817  48997.944    31.1318     55.450    6.46798    10.0303    10.0376    23.9280   11.69749 8.7963e-02     55.981 0.0000e+00
        582 226.766936    0.04035     2.4208    145.250  1024.1827  48998.183    31.1319     55.656    6.46805    10.0296    10.0371    23.9281   11.69760 8.7321e-02     56.189 0.0000e+00
        583 226.766939    0.04042     2.4250    145.500  1024.1837  48998.462    31.1319     55.859    6.46813    10.0287    10.0365    23.9283   11.69774 8.6690e-02     56.394 0.0000e+00
        584 226.766942    0.04049     2.4292    145.750  1024.1848  48998.658    31.1319     56.069    6.46824    10.0274    10.0357    23.9284   11.69791 8.6034e-02     56.606 0.0000e+00
        585 226.766944    0.04056     2.4333    146.000  1024.1858  48998.571    31.1316     56.296    6.46837    10.0256    10.0349    23.9283   11.69814 8.5358e-02     56.835 0.0000e+00
        586 226.766947    0.04063     2.4375    146.250  1024.1865  48997.776    31.1308     56.540    6.46857    10.0225    10.0337    23.9278   11.69848 8.4686e-02     57.081 0.0000e+00
        587 226.766950    0.04069     2.4417    146.500  1024.1864  48995.537    31.1289     56.795    6.46891    10.0175    10.0318    23.9266   11.69907 8.4038e-02     57.339 0.0000e+00
        588 226.766953    0.04076     2.4458    146.750  1024.1852  48990.984    31.1252     57.051    6.46949    10.0092    10.0289    23.9243   11.70007 8.3435e-02     57.597 0.0000e+00
        589 226.766956    0.04083     2.4500    147.000  1024.1825  48983.495    31.1191     57.298    6.47045     9.9972    10.0238    23.9204   11.70174 8.2891e-02     57.847 0.0000e+00
        590 226.766959    0.04090     2.4542    147.250  1024.1797  48975.602    31.1124     57.533    6.47190     9.9832    10.0156    23.9165   11.70422 8.2398e-02     58.084 0.0000e+00
        591 226.766962    0.04097     2.4583    147.500  1024.1801  48973.190    31.1091     57.758    6.47373     9.9697    10.0036    23.9159   11.70728 8.1940e-02     58.311 0.0000e+00
        592 226.766965    0.04104     2.4625    147.750  1024.1847  48978.050    31.1107     57.982    6.47564     9.9581     9.9896    23.9194   11.71043 8.1497e-02     58.537 0.0000e+00
        593 226.766968    0.04111     2.4667    148.000  1024.1906  48985.507    31.1141     58.210    6.47741     9.9478     9.9762    23.9243   11.71332 8.1055e-02     58.767 0.0000e+00
        594 226.766970    0.04118     2.4708    148.250  1024.1954  48990.925    31.1164     58.445    6.47897     9.9381     9.9645    23.9279   11.71588 8.0606e-02     59.005 0.0000e+00
        595 226.766973    0.04125     2.4750    148.500  1024.1987  48993.962    31.1172     58.687    6.48039     9.9288     9.9543    23.9302   11.71822 8.0159e-02     59.249 0.0000e+00
