CTD-processing/allCTD/CNV--homogene/2015_01-16_t9_s02_cast181.cnv
* Sea-Bird SBE19plus Data File:
* FileName = C:\Users\kris.holderied\Documents\kasitsna\Research-Projects-and-Data\Oceanography-AK\CTD-Data-ALL-to-2014-10\2015-CTD-KachemakBay-CookInlet\2015-01-16-CookInlet-HomerSpit-monthly\2015-01-16-CookInlet-Tran9-cast181.hex
* Software Version 1.59
* Temperature SN =  4141
* Conductivity SN =  4141
* System UpLoad Time = Feb 11 2015 17:11:30
** Cook Inlet LTM Tran9 (Homer Spit) North to South
** Date: 01-16
** Station: 9-02
** Start time:  15:19
** Depth (m): 73.5
** Comment:  CTD time is local time (AKST). CTD only transect.
** Comment: Vessel is Kasitsna Bay Lab R/V Barnacle.
# nquan = 17
# nvalues = 753                         
# units = specified
# name 0 = scan: Scan Count
# name 1 = timeJ: Julian Days
# name 2 = timeH: Time, Elapsed [hours]
# name 3 = timeM: Time, Elapsed [minutes]
# name 4 = timeS: Time, Elapsed [seconds]
# name 5 = density00: Density [density, kg/m^3]
# name 6 = specc: Specific Conductance [uS/cm]
# name 7 = sal00: Salinity, Practical [PSU]
# name 8 = depSM: Depth [salt water, m], lat = 59.00
# name 9 = oxsolML/L: Oxygen Saturation, Garcia & Gordon [ml/l]
# name 10 = potemp090C: Potential Temperature [ITS-90, deg C]
# name 11 = tv290C: Temperature [ITS-90, deg C]
# name 12 = sigma-é00: Density [sigma-theta, kg/m^3]
# name 13 = n2satML/L: Nitrogen Saturation [ml/l]
# name 14 = par: PAR/Irradiance, Biospherical/Licor
# name 15 = prdM: Pressure, Strain Gauge [db]
# name 16 = flag:  0.000e+00
# span 0 =          1,        753       
# span 1 =  16.637095,  16.639271       
# span 2 =    0.00000,    0.05222       
# span 3 =     0.0000,     3.1333       
# span 4 =      0.000,    188.000       
# span 5 =  1000.6315,  1024.9441       
# span 6 =   1746.520,  50062.643       
# span 7 =     0.8593,    31.4653       
# span 8 =     -0.365,     74.865       
# span 9 =    6.86337,    8.69193       
# span 10 =     5.7439,     7.2866      
# span 11 =     5.7438,     7.2934      
# span 12 =     0.6333,    24.5976      
# span 13 =   12.34782,   15.83093      
# span 14 = 3.6382e-02, 1.9854e+01      
# span 15 =     -0.369,     75.585      
# span 16 = 0.0000e+00, 0.0000e+00      
# interval = seconds: 0.25
# start_time = Jan 16 2015 15:17:25 [Instrument's time stamp, header]
# bad_flag = -9.990e-29
*END*
          1  16.637095    0.00000     0.0000      0.000  1000.6546   1803.183     0.8878     -0.357    8.69149     5.8557     5.8538     0.6564   15.82988 8.4535e+00     -0.360 0.0000e+00
          2  16.637098    0.00007     0.0042      0.250  1000.6492   1789.984     0.8810     -0.357    8.69169     5.8569     5.8546     0.6510   15.83033 8.4117e+00     -0.360 0.0000e+00
          3  16.637101    0.00014     0.0083      0.500  1000.6431   1775.357     0.8735     -0.358    8.69189     5.8581     5.8557     0.6449   15.83079 8.3582e+00     -0.361 0.0000e+00
          4  16.637104    0.00021     0.0125      0.750  1000.6390   1765.285     0.8683     -0.358    8.69193     5.8595     5.8569     0.6408   15.83093 8.3027e+00     -0.361 0.0000e+00
          5  16.637106    0.00028     0.0167      1.000  1000.6378   1762.454     0.8669     -0.358    8.69173     5.8608     5.8581     0.6396   15.83062 8.2612e+00     -0.361 0.0000e+00
          6  16.637109    0.00035     0.0208      1.250  1000.6383   1763.691     0.8676     -0.358    8.69140     5.8621     5.8595     0.6401   15.83006 8.2395e+00     -0.361 0.0000e+00
          7  16.637112    0.00042     0.0250      1.500  1000.6385   1764.171     0.8679     -0.358    8.69109     5.8633     5.8608     0.6403   15.82953 8.2195e+00     -0.361 0.0000e+00
          8  16.637115    0.00049     0.0292      1.750  1000.6369   1760.197     0.8659     -0.358    8.69092     5.8645     5.8621     0.6387   15.82928 8.2017e+00     -0.361 0.0000e+00
          9  16.637118    0.00056     0.0333      2.000  1000.6339   1752.818     0.8623     -0.358    8.69087     5.8656     5.8633     0.6357   15.82924 8.1943e+00     -0.361 0.0000e+00
         10  16.637121    0.00063     0.0375      2.250  1000.6315   1746.520     0.8593     -0.358    8.69079     5.8666     5.8645     0.6333   15.82915 8.1856e+00     -0.361 0.0000e+00
         11  16.637124    0.00069     0.0417      2.500  1000.6319   1746.826     0.8599     -0.358    8.69051     5.8677     5.8656     0.6337   15.82868 8.1684e+00     -0.361 0.0000e+00
         12  16.637127    0.00076     0.0458      2.750  1000.6384   1761.365     0.8681     -0.358    8.68980     5.8687     5.8666     0.6402   15.82737 8.1482e+00     -0.361 0.0000e+00
         13  16.637130    0.00083     0.0500      3.000  1000.6554   1800.978     0.8896     -0.358    8.68834     5.8696     5.8677     0.6572   15.82457 8.1449e+00     -0.361 0.0000e+00
         14  16.637133    0.00090     0.0542      3.250  1000.6900   1881.815     0.9332     -0.358    8.68563     5.8704     5.8687     0.6918   15.81933 8.1828e+00     -0.361 0.0000e+00
         15  16.637135    0.00097     0.0583      3.500  1000.7523   2027.891     1.0116     -0.358    8.68095     5.8708     5.8696     0.7541   15.81022 8.2983e+00     -0.361 0.0000e+00
         16  16.637138    0.00104     0.0625      3.750  1000.8585   2277.392     1.1454     -0.358    8.67316     5.8706     5.8704     0.8603   15.79499 8.5641e+00     -0.361 0.0000e+00
         17  16.637141    0.00111     0.0667      4.000  1001.0346   2690.622     1.3671     -0.357    8.66042     5.8694     5.8707     1.0364   15.77005 9.0656e+00     -0.360 0.0000e+00
         18  16.637144    0.00118     0.0708      4.250  1001.3054   3324.168     1.7079     -0.357    8.64101     5.8667     5.8705     1.3072   15.73202 9.7395e+00     -0.360 0.0000e+00
         19  16.637147    0.00125     0.0750      4.500  1001.6445   4113.438     2.1350     -0.357    8.61691     5.8619     5.8694     1.6463   15.68476 1.0371e+01     -0.360 0.0000e+00
         20  16.637150    0.00132     0.0792      4.750  1001.9867   4903.168     2.5661     -0.358    8.59295     5.8536     5.8667     1.9885   15.63768 1.0877e+01     -0.361 0.0000e+00
         21  16.637153    0.00139     0.0833      5.000  1002.3101   5641.929     2.9738     -0.358    8.57086     5.8406     5.8619     2.3119   15.59414 1.1303e+01     -0.361 0.0000e+00
         22  16.637156    0.00146     0.0875      5.250  1002.6291   6363.251     3.3759     -0.358    8.54988     5.8231     5.8535     2.6309   15.55258 1.1722e+01     -0.361 0.0000e+00
         23  16.637159    0.00153     0.0917      5.500  1002.9527   7087.948     3.7839     -0.358    8.52963     5.8028     5.8406     2.9545   15.51219 1.2238e+01     -0.361 0.0000e+00
         24  16.637161    0.00160     0.0958      5.750  1003.2899   7836.379     4.2090     -0.358    8.50944     5.7823     5.8231     3.2917   15.47165 1.2860e+01     -0.361 0.0000e+00
         25  16.637164    0.00167     0.1000      6.000  1003.5955   8510.366     4.5942     -0.359    8.49214     5.7642     5.8028     3.5973   15.43660 1.3519e+01     -0.362 0.0000e+00
         26  16.637167    0.00174     0.1042      6.250  1003.7754   8904.458     4.8205     -0.359    8.48385     5.7507     5.7823     3.7771   15.41918 1.4261e+01     -0.362 0.0000e+00
         27  16.637170    0.00181     0.1083      6.500  1003.8354   9031.434     4.8955     -0.360    8.48360     5.7439     5.7641     3.8371   15.41763 1.5183e+01     -0.363 0.0000e+00
         28  16.637173    0.00187     0.1125      6.750  1003.9382   9247.626     5.0250     -0.360    8.47936     5.7456     5.7507     3.9399   15.40857 1.6267e+01     -0.363 0.0000e+00
         29  16.637176    0.00194     0.1167      7.000  1004.2631   9946.052     5.4360     -0.361    8.45796     5.7577     5.7438     4.2648   15.36638 1.7381e+01     -0.364 0.0000e+00
         30  16.637179    0.00201     0.1208      7.250  1004.8033  11107.818     6.1199     -0.362    8.41952     5.7807     5.7456     4.8050   15.29144 1.8390e+01     -0.365 0.0000e+00
         31  16.637182    0.00208     0.1250      7.500  1005.3918  12365.063     6.8658     -0.363    8.37560     5.8136     5.7577     5.3935   15.20642 1.9183e+01     -0.366 0.0000e+00
         32  16.637185    0.00215     0.1292      7.750  1005.7523  13131.485     7.3239     -0.364    8.34544     5.8527     5.7807     5.7541   15.14891 1.9683e+01     -0.368 0.0000e+00
         33  16.637188    0.00222     0.1333      8.000  1005.6507  12916.348     7.1971     -0.365    8.34551     5.8909     5.8136     5.6525   15.15096 1.9854e+01     -0.369 0.0000e+00
         34  16.637190    0.00229     0.1375      8.250  1005.1647  11879.251     6.5838     -0.365    8.37123     5.9220     5.8527     5.1665   15.20345 1.9681e+01     -0.369 0.0000e+00
         35  16.637193    0.00236     0.1417      8.500  1004.5596  10577.823     5.8199     -0.365    8.40566     5.9450     5.8909     4.5613   15.27295 1.9292e+01     -0.369 0.0000e+00
         36  16.637196    0.00243     0.1458      8.750  1004.0526   9476.944     5.1801     -0.364    8.43487     5.9618     5.9220     4.0544   15.33186 1.8825e+01     -0.368 0.0000e+00
         37  16.637199    0.00250     0.1500      9.000  1003.7207   8743.164     4.7619     -0.362    8.45373     5.9756     5.9450     3.7225   15.37012 1.8274e+01     -0.366 0.0000e+00
         38  16.637202    0.00257     0.1542      9.250  1003.5762   8403.715     4.5808     -0.360    8.46102     5.9895     5.9618     3.5780   15.38544 1.7732e+01     -0.364 0.0000e+00
         39  16.637205    0.00264     0.1583      9.500  1003.6534   8530.476     4.6807     -0.355    8.45379     6.0073     5.9756     3.6552   15.37227 1.7312e+01     -0.359 0.0000e+00
         40  16.637208    0.00271     0.1625      9.750  1003.9866   9187.643     5.1054     -0.348    8.42926     6.0337     5.9895     3.9883   15.32537 1.7024e+01     -0.352 0.0000e+00
         41  16.637211    0.00278     0.1667     10.000  1004.6770  10578.688     5.9839     -0.337    8.38001     6.0760     6.0073     4.6786   15.23052 1.6927e+01     -0.341 0.0000e+00
         42  16.637214    0.00285     0.1708     10.250  1005.9740  13221.890     7.6329     -0.319    8.28821     6.1415     6.0337     5.9756   15.05327 1.6952e+01     -0.322 0.0000e+00
         43  16.637216    0.00292     0.1750     10.500  1008.1889  17745.663    10.4484     -0.289    8.13183     6.2275     6.0760     8.1903   14.75112 1.6906e+01     -0.292 0.0000e+00
         44  16.637219    0.00299     0.1792     10.750  1011.2380  23922.828    14.3260     -0.248    7.91672     6.3196     6.1415    11.2392   14.33609 1.6687e+01     -0.250 0.0000e+00
         45  16.637222    0.00306     0.1833     11.000  1014.6109  30645.713    18.6188     -0.195    7.67997     6.4052     6.2275    14.6118   13.88060 1.6213e+01     -0.197 0.0000e+00
         46  16.637225    0.00313     0.1875     11.250  1017.7614  36824.614    22.6315     -0.133    7.46052     6.4797     6.3196    17.7620   13.45950 1.5432e+01     -0.134 0.0000e+00
         47  16.637228    0.00319     0.1917     11.500  1020.1691  41505.019    25.7006     -0.062    7.29189     6.5411     6.4052    20.1694   13.13683 1.4382e+01     -0.062 0.0000e+00
         48  16.637231    0.00326     0.1958     11.750  1021.6888  44451.431    27.6409      0.014    7.18226     6.5884     6.4797    21.6888   12.92797 1.3022e+01      0.015 0.0000e+00
         49  16.637234    0.00333     0.2000     12.000  1022.5871  46193.524    28.7901      0.089    7.11442     6.6223     6.5411    22.5867   12.79945 1.1103e+01      0.090 0.0000e+00
         50  16.637237    0.00340     0.2042     12.250  1023.1154  47218.874    29.4678      0.158    7.07257     6.6453     6.5884    23.1147   12.72058 9.0618e+00      0.160 0.0000e+00
         51  16.637240    0.00347     0.2083     12.500  1023.4265  47822.999    29.8677      0.220    7.04687     6.6606     6.6223    23.4255   12.67237 7.8894e+00      0.222 0.0000e+00
         52  16.637242    0.00354     0.2125     12.750  1023.6113  48181.880    30.1056      0.277    7.03110     6.6708     6.6454    23.6101   12.64290 7.5350e+00      0.279 0.0000e+00
         53  16.637245    0.00361     0.2167     13.000  1023.7220  48396.617    30.2481      0.331    7.02141     6.6776     6.6607    23.7205   12.62483 7.5017e+00      0.334 0.0000e+00
         54  16.637248    0.00368     0.2208     13.250  1023.7877  48523.829    30.3327      0.382    7.01547     6.6824     6.6708    23.7859   12.61381 7.6861e+00      0.386 0.0000e+00
         55  16.637251    0.00375     0.2250     13.500  1023.8260  48598.206    30.3823      0.428    7.01184     6.6859     6.6777    23.8241   12.60709 7.9688e+00      0.432 0.0000e+00
         56  16.637254    0.00382     0.2292     13.750  1023.8490  48642.550    30.4119      0.465    7.00957     6.6889     6.6824    23.8468   12.60290 8.1514e+00      0.470 0.0000e+00
         57  16.637257    0.00389     0.2333     14.000  1023.8632  48669.861    30.4303      0.494    7.00807     6.6918     6.6860    23.8608   12.60016 8.2072e+00      0.498 0.0000e+00
         58  16.637260    0.00396     0.2375     14.250  1023.8720  48686.759    30.4418      0.513    7.00700     6.6945     6.6890    23.8696   12.59822 8.3358e+00      0.518 0.0000e+00
         59  16.637263    0.00403     0.2417     14.500  1023.8776  48697.459    30.4493      0.523    7.00616     6.6970     6.6918    23.8751   12.59672 8.5278e+00      0.528 0.0000e+00
         60  16.637266    0.00410     0.2458     14.750  1023.8819  48705.616    30.4552      0.528    7.00543     6.6993     6.6946    23.8794   12.59544 8.7005e+00      0.533 0.0000e+00
         61  16.637269    0.00417     0.2500     15.000  1023.8857  48712.757    30.4604      0.530    7.00477     6.7015     6.6971    23.8832   12.59428 8.8852e+00      0.535 0.0000e+00
         62  16.637271    0.00424     0.2542     15.250  1023.8886  48718.267    30.4646      0.530    7.00420     6.7036     6.6994    23.8862   12.59327 8.9804e+00      0.535 0.0000e+00
         63  16.637274    0.00431     0.2583     15.500  1023.8908  48722.180    30.4676      0.530    7.00369     6.7057     6.7016    23.8883   12.59240 8.8559e+00      0.535 0.0000e+00
         64  16.637277    0.00438     0.2625     15.750  1023.8927  48725.735    30.4704      0.531    7.00321     6.7077     6.7037    23.8902   12.59158 8.6253e+00      0.536 0.0000e+00
         65  16.637280    0.00444     0.2667     16.000  1023.8950  48729.798    30.4735      0.535    7.00273     6.7095     6.7058    23.8925   12.59074 8.5506e+00      0.540 0.0000e+00
         66  16.637283    0.00451     0.2708     16.250  1023.8972  48733.834    30.4766      0.543    7.00226     6.7112     6.7077    23.8947   12.58993 8.6160e+00      0.548 0.0000e+00
         67  16.637286    0.00458     0.2750     16.500  1023.8989  48736.805    30.4790      0.555    7.00185     6.7127     6.7095    23.8963   12.58922 8.6370e+00      0.560 0.0000e+00
         68  16.637289    0.00465     0.2792     16.750  1023.9000  48738.724    30.4806      0.568    7.00151     6.7140     6.7112    23.8973   12.58863 8.5550e+00      0.573 0.0000e+00
         69  16.637292    0.00472     0.2833     17.000  1023.9007  48739.999    30.4817      0.577    7.00120     6.7150     6.7127    23.8980   12.58811 8.3717e+00      0.582 0.0000e+00
         70  16.637295    0.00479     0.2875     17.250  1023.9009  48740.247    30.4821      0.584    7.00097     6.7155     6.7140    23.8982   12.58772 8.2393e+00      0.590 0.0000e+00
         71  16.637297    0.00486     0.2917     17.500  1023.9003  48739.053    30.4814      0.593    7.00085     6.7157     6.7150    23.8975   12.58753 8.2638e+00      0.599 0.0000e+00
         72  16.637300    0.00493     0.2958     17.750  1023.8993  48736.952    30.4801      0.608    7.00083     6.7158     6.7155    23.8964   12.58751 8.3385e+00      0.614 0.0000e+00
         73  16.637303    0.00500     0.3000     18.000  1023.8984  48735.231    30.4789      0.627    7.00085     6.7159     6.7157    23.8954   12.58755 8.3707e+00      0.633 0.0000e+00
         74  16.637306    0.00507     0.3042     18.250  1023.8983  48734.950    30.4787      0.646    7.00084     6.7160     6.7158    23.8953   12.58755 8.2461e+00      0.652 0.0000e+00
         75  16.637309    0.00514     0.3083     18.500  1023.8992  48736.345    30.4797      0.659    7.00078     6.7160     6.7159    23.8961   12.58744 8.0112e+00      0.665 0.0000e+00
         76  16.637312    0.00521     0.3125     18.750  1023.9004  48738.563    30.4812      0.666    7.00069     6.7158     6.7160    23.8973   12.58727 7.9625e+00      0.672 0.0000e+00
         77  16.637315    0.00528     0.3167     19.000  1023.9013  48740.182    30.4824      0.668    7.00064     6.7154     6.7160    23.8981   12.58717 8.1748e+00      0.673 0.0000e+00
         78  16.637318    0.00535     0.3208     19.250  1023.9014  48740.429    30.4825      0.665    7.00066     6.7147     6.7158    23.8983   12.58721 8.3898e+00      0.671 0.0000e+00
         79  16.637321    0.00542     0.3250     19.500  1023.9007  48739.205    30.4816      0.661    7.00078     6.7137     6.7154    23.8976   12.58740 8.3953e+00      0.666 0.0000e+00
         80  16.637323    0.00549     0.3292     19.750  1023.8993  48736.696    30.4797      0.655    7.00098     6.7124     6.7147    23.8962   12.58776 8.3152e+00      0.661 0.0000e+00
         81  16.637326    0.00556     0.3333     20.000  1023.8975  48733.319    30.4772      0.653    7.00125     6.7108     6.7137    23.8944   12.58825 8.3634e+00      0.659 0.0000e+00
         82  16.637329    0.00562     0.3375     20.250  1023.8953  48729.300    30.4742      0.656    7.00160     6.7090     6.7124    23.8922   12.58887 8.4427e+00      0.662 0.0000e+00
         83  16.637332    0.00569     0.3417     20.500  1023.8927  48724.542    30.4707      0.665    7.00203     6.7071     6.7109    23.8896   12.58961 8.3617e+00      0.671 0.0000e+00
         84  16.637335    0.00576     0.3458     20.750  1023.8898  48719.181    30.4667      0.680    7.00250     6.7053     6.7091    23.8866   12.59045 8.1519e+00      0.686 0.0000e+00
         85  16.637338    0.00583     0.3500     21.000  1023.8869  48713.791    30.4626      0.695    7.00299     6.7037     6.7072    23.8837   12.59132 7.9739e+00      0.701 0.0000e+00
