CTD-processing/allCTD/CNV--homogene/2015_02-23_t6_s16_cast232.cnv
* Sea-Bird SBE19plus Data File:
* FileName = C:\Users\amdoroff\Desktop\2015_02_23_CookInlet_Tran6_Douglas\2015_02_23_CookInlet_Tran6_cast232.hex
* Software Version 1.59
* Temperature SN =  4141
* Conductivity SN =  4141
* System UpLoad Time = Feb 24 2015 01:37:30
** Cook Inlet LTM Tran6 Douglas W to E
** Date 02-23
** Station: 6-16
** Start Time (AKST): 19:30
** Depth (m): 156
** Comment: Dark.
** Comment: On R/V Pandalus. Transect crossed 23-24 Feb.
# nquan = 17
# nvalues = 1029                        
# units = specified
# name 0 = scan: Scan Count
# name 1 = timeJ: Julian Days
# name 2 = timeH: Time, Elapsed [hours]
# name 3 = timeM: Time, Elapsed [minutes]
# name 4 = timeS: Time, Elapsed [seconds]
# name 5 = density00: Density [density, kg/m^3]
# name 6 = specc: Specific Conductance [uS/cm]
# name 7 = sal00: Salinity, Practical [PSU]
# name 8 = depSM: Depth [salt water, m], lat = 59.00
# name 9 = oxsolML/L: Oxygen Saturation, Garcia & Gordon [ml/l]
# name 10 = potemp090C: Potential Temperature [ITS-90, deg C]
# name 11 = tv290C: Temperature [ITS-90, deg C]
# name 12 = sigma-é00: Density [sigma-theta, kg/m^3]
# name 13 = n2satML/L: Nitrogen Saturation [ml/l]
# name 14 = par: PAR/Irradiance, Biospherical/Licor
# name 15 = prdM: Pressure, Strain Gauge [db]
# name 16 = flag:  0.000e+00
# span 0 =          1,       1029       
# span 1 =  54.813125,  54.816100       
# span 2 =    0.00000,    0.07139       
# span 3 =     0.0000,     4.2833       
# span 4 =      0.000,    257.000       
# span 5 =  1000.1765,  1025.8233       
# span 6 =    540.968,  51074.823       
# span 7 =     0.2515,    31.9935       
# span 8 =      0.016,    152.474       
# span 9 =    6.96288,    9.07174       
# span 10 =     4.3490,     6.5130      
# span 11 =     4.3490,     6.5199      
# span 12 =     0.1764,    25.1150      
# span 13 =   12.50570,   16.47881      
# span 14 = 3.6382e-02, 6.8841e+00      
# span 15 =      0.017,    153.971      
# span 16 = 0.0000e+00, 0.0000e+00      
# interval = seconds: 0.25
# start_time = Feb 23 2015 19:30:54 [Instrument's time stamp, header]
# bad_flag = -9.990e-29
*END*
[from data line 256]
        257  54.813866    0.01778     1.0667     64.000  1024.9664  50699.162    31.7635      1.542    7.00894     6.3161     6.3024    24.9592   12.58469 3.6569e-02      1.556 0.0000e+00
        258  54.813869    0.01785     1.0708     64.250  1024.9486  50665.912    31.7421      1.579    7.00852     6.3168     6.3110    24.9412   12.58426 3.6587e-02      1.594 0.0000e+00
        259  54.813872    0.01792     1.0750     64.500  1024.9239  50620.379    31.7115      1.610    7.00907     6.3116     6.3163    24.9164   12.58556 3.6660e-02      1.626 0.0000e+00
        260  54.813874    0.01799     1.0792     64.750  1024.9000  50576.410    31.6811      1.635    7.01036     6.2992     6.3170    24.8924   12.58809 3.6807e-02      1.650 0.0000e+00
        261  54.813877    0.01806     1.0833     65.000  1024.8831  50545.586    31.6587      1.654    7.01225     6.2802     6.3118    24.8754   12.59149 3.7068e-02      1.669 0.0000e+00
        262  54.813880    0.01812     1.0875     65.250  1024.8768  50534.685    31.6488      1.669    7.01474     6.2579     6.2994    24.8691   12.59574 3.7511e-02      1.684 0.0000e+00
        263  54.813883    0.01819     1.0917     65.500  1024.8811  50543.329    31.6512      1.682    7.01776     6.2369     6.2803    24.8733   12.60069 3.8256e-02      1.698 0.0000e+00
        264  54.813886    0.01826     1.0958     65.750  1024.8918  50563.794    31.6611      1.694    7.02095     6.2197     6.2581    24.8838   12.60584 3.9500e-02      1.710 0.0000e+00
        265  54.813889    0.01833     1.1000     66.000  1024.9040  50587.027    31.6732      1.705    7.02385     6.2070     6.2370    24.8960   12.61047 4.1576e-02      1.721 0.0000e+00
        266  54.813892    0.01840     1.1042     66.250  1024.9147  50607.464    31.6841      1.714    7.02616     6.1985     6.2198    24.9067   12.61416 4.4812e-02      1.730 0.0000e+00
        267  54.813895    0.01847     1.1083     66.500  1024.9231  50623.345    31.6927      1.721    7.02785     6.1935     6.2071    24.9150   12.61684 4.9402e-02      1.737 0.0000e+00
        268  54.813898    0.01854     1.1125     66.750  1024.9290  50634.567    31.6989      1.725    7.02896     6.1914     6.1986    24.9209   12.61860 5.5297e-02      1.742 0.0000e+00
        269  54.813900    0.01861     1.1167     67.000  1024.9326  50641.414    31.7027      1.727    7.02960     6.1911     6.1937    24.9245   12.61960 6.1889e-02      1.744 0.0000e+00
        270  54.813903    0.01868     1.1208     67.250  1024.9340  50644.107    31.7041      1.726    7.02989     6.1916     6.1916    24.9259   12.62006 6.8048e-02      1.743 0.0000e+00
        271  54.813906    0.01875     1.1250     67.500  1024.9332  50642.766    31.7031      1.721    7.02998     6.1917     6.1913    24.9252   12.62022 7.2846e-02      1.738 0.0000e+00
        272  54.813909    0.01882     1.1292     67.750  1024.9307  50638.115    31.7000      1.710    7.03005     6.1904     6.1917    24.9226   12.62037 7.6678e-02      1.727 0.0000e+00
        273  54.813912    0.01889     1.1333     68.000  1024.9274  50632.335    31.6960      1.692    7.03022     6.1871     6.1918    24.9195   12.62071 8.0716e-02      1.708 0.0000e+00
        274  54.813915    0.01896     1.1375     68.250  1024.9250  50628.178    31.6929      1.666    7.03058     6.1811     6.1905    24.9172   12.62134 8.3383e-02      1.682 0.0000e+00
        275  54.813918    0.01903     1.1417     68.500  1024.9244  50627.611    31.6919      1.632    7.03116     6.1714     6.1873    24.9168   12.62231 8.1408e-02      1.648 0.0000e+00
        276  54.813921    0.01910     1.1458     68.750  1024.9269  50632.793    31.6943      1.594    7.03204     6.1584     6.1812    24.9195   12.62373 7.5979e-02      1.610 0.0000e+00
        277  54.813924    0.01917     1.1500     69.000  1024.9335  50645.785    31.7015      1.554    7.03330     6.1435     6.1715    24.9263   12.62573 7.0857e-02      1.569 0.0000e+00
        278  54.813927    0.01924     1.1542     69.250  1024.9441  50666.089    31.7131      1.513    7.03491     6.1282     6.1585    24.9370   12.62824 6.5759e-02      1.528 0.0000e+00
        279  54.813929    0.01931     1.1583     69.500  1024.9572  50691.271    31.7277      1.474    7.03669     6.1142     6.1436    24.9504   12.63099 5.8926e-02      1.489 0.0000e+00
        280  54.813932    0.01938     1.1625     69.750  1024.9718  50719.143    31.7441      1.439    7.03844     6.1035     6.1284    24.9652   12.63369 5.1895e-02      1.453 0.0000e+00
        281  54.813935    0.01944     1.1667     70.000  1024.9870  50747.866    31.7613      1.411    7.03994     6.0974     6.1144    24.9804   12.63594 4.6539e-02      1.424 0.0000e+00
        282  54.813938    0.01951     1.1708     70.250  1025.0018  50775.786    31.7785      1.393    7.04090     6.0962     6.1037    24.9954   12.63731 4.2937e-02      1.406 0.0000e+00
        283  54.813941    0.01958     1.1750     70.500  1025.0162  50802.485    31.7958      1.392    7.04111     6.1006     6.0975    25.0098   12.63745 4.0824e-02      1.405 0.0000e+00
        284  54.813944    0.01965     1.1792     70.750  1025.0305  50828.415    31.8135      1.411    7.04049     6.1129     6.0963    25.0239   12.63619 3.9895e-02      1.424 0.0000e+00
        285  54.813947    0.01972     1.1833     71.000  1025.0440  50852.595    31.8311      1.449    7.03895     6.1354     6.1007    25.0372   12.63342 3.9902e-02      1.463 0.0000e+00
        286  54.813950    0.01979     1.1875     71.250  1025.0554  50872.299    31.8471      1.505    7.03617     6.1666     6.1130    25.0483   12.62864 4.0848e-02      1.519 0.0000e+00
        287  54.813953    0.01986     1.1917     71.500  1025.0625  50883.447    31.8592      1.573    7.03191     6.2017     6.1355    25.0551   12.62144 4.2986e-02      1.589 0.0000e+00
        288  54.813955    0.01993     1.1958     71.750  1025.0621  50880.369    31.8630      1.650    7.02658     6.2351     6.1668    25.0543   12.61259 4.6884e-02      1.666 0.0000e+00
        289  54.813958    0.02000     1.2000     72.000  1025.0521  50859.620    31.8554      1.728    7.02117     6.2631     6.2018    25.0440   12.60375 5.3583e-02      1.745 0.0000e+00
        290  54.813961    0.02007     1.2042     72.250  1025.0333  50823.032    31.8364      1.801    7.01656     6.2838     6.2352    25.0249   12.59638 6.3000e-02      1.818 0.0000e+00
        291  54.813964    0.02014     1.2083     72.500  1025.0076  50774.141    31.8078      1.861    7.01329     6.2967     6.2632    24.9989   12.59134 7.1386e-02      1.878 0.0000e+00
        292  54.813967    0.02021     1.2125     72.750  1024.9773  50717.230    31.7723      1.903    7.01154     6.3019     6.2839    24.9684   12.58889 7.5957e-02      1.921 0.0000e+00
        293  54.813970    0.02028     1.2167     73.000  1024.9478  50662.564    31.7369      1.927    7.01107     6.2992     6.2969    24.9388   12.58855 7.7760e-02      1.945 0.0000e+00
        294  54.813973    0.02035     1.2208     73.250  1024.9284  50626.607    31.7129      1.935    7.01134     6.2910     6.3020    24.9193   12.58929 7.7905e-02      1.954 0.0000e+00
        295  54.813976    0.02042     1.2250     73.500  1024.9277  50625.353    31.7116      1.942    7.01183     6.2833     6.2994    24.9185   12.59013 7.7230e-02      1.960 0.0000e+00
        296  54.813979    0.02049     1.2292     73.750  1024.9496  50665.547    31.7379      1.968    7.01196     6.2834     6.2911    24.9403   12.59001 7.5270e-02      1.986 0.0000e+00
        297  54.813981    0.02056     1.2333     74.000  1024.9861  50732.264    31.7827      2.035    7.01114     6.2939     6.2835    24.9766   12.58809 7.0552e-02      2.054 0.0000e+00
        298  54.813984    0.02063     1.2375     74.250  1025.0197  50792.804    31.8246      2.151    7.00918     6.3113     6.2836    25.0096   12.58432 6.3853e-02      2.171 0.0000e+00
        299  54.813987    0.02069     1.2417     74.500  1025.0390  50826.255    31.8497      2.311    7.00630     6.3306     6.2941    25.0282   12.57924 5.7205e-02      2.333 0.0000e+00
        300  54.813990    0.02076     1.2458     74.750  1025.0457  50836.221    31.8599      2.510    7.00298     6.3488     6.3115    25.0340   12.57364 5.1082e-02      2.533 0.0000e+00
        301  54.813993    0.02083     1.2500     75.000  1025.0461  50834.094    31.8619      2.740    6.99973     6.3648     6.3308    25.0333   12.56824 4.5892e-02      2.766 0.0000e+00
        302  54.813996    0.02090     1.2542     75.250  1025.0435  50826.666    31.8601      2.992    6.99683     6.3782     6.3490    25.0296   12.56347 4.2412e-02      3.020 0.0000e+00
        303  54.813999    0.02097     1.2583     75.500  1025.0397  50816.933    31.8563      3.252    6.99438     6.3888     6.3651    25.0246   12.55947 4.0319e-02      3.283 0.0000e+00
        304  54.814002    0.02104     1.2625     75.750  1025.0356  50806.691    31.8516      3.511    6.99241     6.3967     6.3785    25.0192   12.55628 3.9019e-02      3.544 0.0000e+00
        305  54.814005    0.02111     1.2667     76.000  1025.0317  50797.199    31.8469      3.761    6.99090     6.4025     6.3891    25.0141   12.55384 3.8235e-02      3.797 0.0000e+00
        306  54.814008    0.02118     1.2708     76.250  1025.0285  50789.072    31.8426      3.999    6.98979     6.4066     6.3971    25.0098   12.55206 3.7718e-02      4.037 0.0000e+00
        307  54.814010    0.02125     1.2750     76.500  1025.0260  50782.606    31.8391      4.226    6.98901     6.4093     6.4029    25.0063   12.55081 3.7267e-02      4.266 0.0000e+00
        308  54.814013    0.02132     1.2792     76.750  1025.0247  50778.193    31.8367      4.445    6.98846     6.4111     6.4069    25.0039   12.54994 3.6930e-02      4.487 0.0000e+00
        309  54.814016    0.02139     1.2833     77.000  1025.0245  50775.981    31.8356      4.665    6.98807     6.4123     6.4096    25.0027   12.54930 3.6739e-02      4.710 0.0000e+00
        310  54.814019    0.02146     1.2875     77.250  1025.0253  50775.696    31.8356      4.897    6.98777     6.4133     6.4115    25.0025   12.54881 3.6626e-02      4.944 0.0000e+00
        311  54.814022    0.02153     1.2917     77.500  1025.0271  50776.806    31.8365      5.151    6.98752     6.4141     6.4127    25.0031   12.54839 3.6539e-02      5.200 0.0000e+00
        312  54.814025    0.02160     1.2958     77.750  1025.0293  50778.686    31.8379      5.433    6.98729     6.4149     6.4137    25.0040   12.54800 3.6476e-02      5.484 0.0000e+00
        313  54.814028    0.02167     1.3000     78.000  1025.0318  50780.726    31.8393      5.743    6.98709     6.4155     6.4146    25.0051   12.54764 3.6439e-02      5.797 0.0000e+00
        314  54.814031    0.02174     1.3042     78.250  1025.0342  50782.521    31.8406      6.076    6.98691     6.4160     6.4154    25.0060   12.54732 3.6416e-02      6.133 0.0000e+00
        315  54.814034    0.02181     1.3083     78.500  1025.0367  50784.384    31.8418      6.420    6.98674     6.4166     6.4161    25.0069   12.54703 3.6402e-02      6.480 0.0000e+00
        316  54.814036    0.02187     1.3125     78.750  1025.0396  50786.922    31.8435      6.759    6.98657     6.4173     6.4166    25.0081   12.54673 3.6394e-02      6.823 0.0000e+00
        317  54.814039    0.02194     1.3167     79.000  1025.0426  50789.828    31.8455      7.079    6.98638     6.4181     6.4172    25.0096   12.54639 3.6389e-02      7.146 0.0000e+00
        318  54.814042    0.02201     1.3208     79.250  1025.0451  50792.209    31.8471      7.369    6.98619     6.4188     6.4180    25.0108   12.54604 3.6386e-02      7.439 0.0000e+00
        319  54.814045    0.02208     1.3250     79.500  1025.0470  50793.581    31.8481      7.623    6.98602     6.4193     6.4187    25.0115   12.54575 3.6385e-02      7.695 0.0000e+00
        320  54.814048    0.02215     1.3292     79.750  1025.0481  50793.987    31.8484      7.839    6.98589     6.4195     6.4194    25.0116   12.54553 3.6384e-02      7.914 0.0000e+00
        321  54.814051    0.02222     1.3333     80.000  1025.0489  50793.902    31.8484      8.021    6.98581     6.4195     6.4200    25.0115   12.54540 3.6383e-02      8.097 0.0000e+00
        322  54.814054    0.02229     1.3375     80.250  1025.0494  50793.667    31.8482      8.177    6.98577     6.4192     6.4202    25.0113   12.54535 3.6383e-02      8.254 0.0000e+00
        323  54.814057    0.02236     1.3417     80.500  1025.0498  50793.204    31.8478      8.318    6.98579     6.4185     6.4202    25.0110   12.54538 3.6382e-02      8.397 0.0000e+00
        324  54.814060    0.02243     1.3458     80.750  1025.0499  50792.306    31.8471      8.458    6.98587     6.4174     6.4199    25.0105   12.54552 3.6382e-02      8.538 0.0000e+00
        325  54.814062    0.02250     1.3500     81.000  1025.0498  50790.907    31.8459      8.609    6.98603     6.4159     6.4193    25.0097   12.54580 3.6382e-02      8.690 0.0000e+00
        326  54.814065    0.02257     1.3542     81.250  1025.0499  50789.746    31.8448      8.782    6.98626     6.4144     6.4182    25.0089   12.54619 3.6382e-02      8.865 0.0000e+00
        327  54.814068    0.02264     1.3583     81.500  1025.0509  50790.095    31.8447      8.980    6.98650     6.4133     6.4167    25.0090   12.54660 3.6382e-02      9.065 0.0000e+00
        328  54.814071    0.02271     1.3625     81.750  1025.0529  50792.075    31.8457      9.206    6.98670     6.4129     6.4152    25.0100   12.54691 3.6382e-02      9.293 0.0000e+00
        329  54.814074    0.02278     1.3667     82.000  1025.0553  50794.607    31.8471      9.454    6.98681     6.4130     6.4141    25.0113   12.54707 3.6382e-02      9.543 0.0000e+00
        330  54.814077    0.02285     1.3708     82.250  1025.0577  50796.998    31.8485      9.718    6.98682     6.4135     6.4137    25.0125   12.54707 3.6382e-02      9.810 0.0000e+00
        331  54.814080    0.02292     1.3750     82.500  1025.0599  50798.877    31.8497      9.988    6.98674     6.4143     6.4138    25.0134   12.54693 3.6382e-02     10.082 0.0000e+00
        332  54.814083    0.02299     1.3792     82.750  1025.0617  50799.947    31.8504     10.254    6.98661     6.4152     6.4144    25.0139   12.54670 3.6382e-02     10.351 0.0000e+00
        333  54.814086    0.02306     1.3833     83.000  1025.0631  50800.508    31.8509     10.511    6.98646     6.4163     6.4152    25.0142   12.54644 3.6382e-02     10.610 0.0000e+00
        334  54.814089    0.02313     1.3875     83.250  1025.0646  50801.329    31.8515     10.751    6.98628     6.4176     6.4162    25.0145   12.54613 3.6382e-02     10.853 0.0000e+00
        335  54.814091    0.02319     1.3917     83.500  1025.0667  50803.446    31.8531     10.974    6.98603     6.4196     6.4172    25.0156   12.54572 3.6382e-02     11.077 0.0000e+00
        336  54.814094    0.02326     1.3958     83.750  1025.0695  50806.886    31.8556     11.178    6.98569     6.4221     6.4186    25.0175   12.54512 3.6382e-02     11.284 0.0000e+00
        337  54.814097    0.02333     1.4000     84.000  1025.0721  50809.977    31.8581     11.368    6.98526     6.4249     6.4205    25.0191   12.54438 3.6382e-02     11.475 0.0000e+00
        338  54.814100    0.02340     1.4042     84.250  1025.0739  50811.789    31.8597     11.547    6.98477     6.4275     6.4231    25.0201   12.54355 3.6382e-02     11.656 0.0000e+00
        339  54.814103    0.02347     1.4083     84.500  1025.0752  50812.687    31.8608     11.722    6.98427     6.4298     6.4258    25.0206   12.54271 3.6382e-02     11.833 0.0000e+00
        340  54.814106    0.02354     1.4125     84.750  1025.0760  50812.738    31.8612     11.899    6.98382     6.4317     6.4284    25.0206   12.54196 3.6382e-02     12.012 0.0000e+00
