CTD-processing/allCTD/CNV--homogene/2015_02-22_t3_s11_cast208.cnv
* Sea-Bird SBE19plus Data File:
* FileName = C:\Users\amdoroff\Desktop\2015_02_22_CookInlet_Tran3_AnchorPt\2015_02_22_CookInlet_Tran3_Cast208.hex
* Software Version 1.59
* Temperature SN =  4141
* Conductivity SN =  4141
* System UpLoad Time = Feb 22 2015 17:13:39
** Cook Inlet LTM Tran3 Anchor Pt E to W
** Date 02-22
** Station: 3-11
** Start Time: 12:58
** Depth (m): 36
** Comment
# nquan = 17
# nvalues = 517                         
# units = specified
# name 0 = scan: Scan Count
# name 1 = timeJ: Julian Days
# name 2 = timeH: Time, Elapsed [hours]
# name 3 = timeM: Time, Elapsed [minutes]
# name 4 = timeS: Time, Elapsed [seconds]
# name 5 = density00: Density [density, kg/m^3]
# name 6 = specc: Specific Conductance [uS/cm]
# name 7 = sal00: Salinity, Practical [PSU]
# name 8 = depSM: Depth [salt water, m], lat = 59.00
# name 9 = oxsolML/L: Oxygen Saturation, Garcia & Gordon [ml/l]
# name 10 = potemp090C: Potential Temperature [ITS-90, deg C]
# name 11 = tv290C: Temperature [ITS-90, deg C]
# name 12 = sigma-é00: Density [sigma-theta, kg/m^3]
# name 13 = n2satML/L: Nitrogen Saturation [ml/l]
# name 14 = par: PAR/Irradiance, Biospherical/Licor
# name 15 = prdM: Pressure, Strain Gauge [db]
# name 16 = flag:  0.000e+00
# span 0 =          1,        517       
# span 1 =  53.541088,  53.542581       
# span 2 =    0.00000,    0.03583       
# span 3 =     0.0000,     2.1500       
# span 4 =      0.000,    129.000       
# span 5 =  1000.0699,  1025.0566       
# span 6 =    275.735,  50722.674       
# span 7 =     0.1255,    31.4636       
# span 8 =     -0.067,     36.221       
# span 9 =    7.26868,    8.96772       
# span 10 =     4.5437,     4.8495      
# span 11 =     4.5440,     4.8520      
# span 12 =     0.0702,    24.8905      
# span 13 =   13.01764,   16.30630      
# span 14 = 3.7646e-02, 4.1132e+02      
# span 15 =     -0.067,     36.566      
# span 16 = 0.0000e+00, 0.0000e+00      
# interval = seconds: 0.25
# start_time = Feb 22 2015 12:59:10 [Instrument's time stamp, header]
# bad_flag = -9.990e-29
*END*
[from data line 256]
        257  53.541829    0.01778     1.0667     64.000  1024.8259  50601.755    31.3349      1.769    7.32760     4.5514     4.5511    24.8176   13.11654 5.0043e+01      1.786 0.0000e+00
        258  53.541832    0.01785     1.0708     64.250  1024.8262  50602.563    31.3355      1.738    7.32754     4.5519     4.5513    24.8181   13.11643 5.2280e+01      1.755 0.0000e+00
        259  53.541834    0.01792     1.0750     64.500  1024.8262  50602.816    31.3358      1.705    7.32747     4.5524     4.5516    24.8182   13.11631 5.4182e+01      1.721 0.0000e+00
        260  53.541837    0.01799     1.0792     64.750  1024.8260  50602.519    31.3357      1.675    7.32739     4.5527     4.5520    24.8181   13.11618 5.5551e+01      1.691 0.0000e+00
        261  53.541840    0.01806     1.0833     65.000  1024.8255  50601.718    31.3353      1.655    7.32733     4.5530     4.5525    24.8177   13.11609 5.5895e+01      1.670 0.0000e+00
        262  53.541843    0.01812     1.0875     65.250  1024.8248  50600.482    31.3345      1.647    7.32730     4.5530     4.5529    24.8171   13.11605 5.4896e+01      1.663 0.0000e+00
        263  53.541846    0.01819     1.0917     65.500  1024.8240  50598.937    31.3335      1.656    7.32732     4.5527     4.5531    24.8162   13.11609 5.2647e+01      1.672 0.0000e+00
        264  53.541849    0.01826     1.0958     65.750  1024.8232  50597.176    31.3323      1.682    7.32738     4.5523     4.5531    24.8153   13.11620 4.9568e+01      1.698 0.0000e+00
        265  53.541852    0.01833     1.1000     66.000  1024.8224  50595.351    31.3310      1.722    7.32748     4.5516     4.5528    24.8143   13.11639 4.6169e+01      1.739 0.0000e+00
        266  53.541855    0.01840     1.1042     66.250  1024.8217  50593.735    31.3298      1.771    7.32762     4.5508     4.5524    24.8133   13.11664 4.2885e+01      1.788 0.0000e+00
        267  53.541858    0.01847     1.1083     66.500  1024.8212  50592.523    31.3288      1.821    7.32778     4.5500     4.5517    24.8126   13.11693 4.0150e+01      1.838 0.0000e+00
        268  53.541861    0.01854     1.1125     66.750  1024.8209  50591.744    31.3280      1.862    7.32796     4.5492     4.5510    24.8121   13.11722 3.8389e+01      1.880 0.0000e+00
        269  53.541863    0.01861     1.1167     67.000  1024.8208  50591.531    31.3277      1.887    7.32812     4.5486     4.5502    24.8119   13.11749 3.7886e+01      1.905 0.0000e+00
        270  53.541866    0.01868     1.1208     67.250  1024.8211  50592.065    31.3278      1.893    7.32826     4.5482     4.5494    24.8121   13.11770 3.8670e+01      1.911 0.0000e+00
        271  53.541869    0.01875     1.1250     67.500  1024.8215  50593.035    31.3284      1.877    7.32834     4.5481     4.5487    24.8126   13.11784 4.0571e+01      1.895 0.0000e+00
        272  53.541872    0.01882     1.1292     67.750  1024.8217  50593.817    31.3288      1.843    7.32838     4.5481     4.5484    24.8130   13.11790 4.3265e+01      1.860 0.0000e+00
        273  53.541875    0.01889     1.1333     68.000  1024.8217  50594.190    31.3291      1.795    7.32839     4.5482     4.5482    24.8133   13.11791 4.6241e+01      1.812 0.0000e+00
        274  53.541878    0.01896     1.1375     68.250  1024.8215  50594.292    31.3292      1.741    7.32839     4.5483     4.5483    24.8134   13.11790 4.8986e+01      1.757 0.0000e+00
        275  53.541881    0.01903     1.1417     68.500  1024.8214  50594.373    31.3293      1.687    7.32837     4.5484     4.5483    24.8134   13.11787 5.1253e+01      1.702 0.0000e+00
        276  53.541884    0.01910     1.1458     68.750  1024.8213  50594.559    31.3295      1.638    7.32835     4.5484     4.5484    24.8135   13.11783 5.2981e+01      1.654 0.0000e+00
        277  53.541887    0.01917     1.1500     69.000  1024.8212  50594.699    31.3296      1.601    7.32832     4.5484     4.5485    24.8136   13.11779 5.4091e+01      1.616 0.0000e+00
        278  53.541889    0.01924     1.1542     69.250  1024.8211  50594.738    31.3296      1.576    7.32831     4.5484     4.5485    24.8137   13.11778 5.4598e+01      1.591 0.0000e+00
        279  53.541892    0.01931     1.1583     69.500  1024.8210  50594.680    31.3296      1.565    7.32831     4.5483     4.5485    24.8136   13.11778 5.4651e+01      1.579 0.0000e+00
        280  53.541895    0.01938     1.1625     69.750  1024.8209  50594.452    31.3295      1.568    7.32833     4.5482     4.5485    24.8135   13.11781 5.4186e+01      1.583 0.0000e+00
        281  53.541898    0.01944     1.1667     70.000  1024.8208  50594.092    31.3292      1.586    7.32836     4.5480     4.5484    24.8133   13.11786 5.2962e+01      1.601 0.0000e+00
        282  53.541901    0.01951     1.1708     70.250  1024.8207  50593.759    31.3289      1.621    7.32840     4.5477     4.5483    24.8131   13.11793 5.0890e+01      1.636 0.0000e+00
        283  53.541904    0.01958     1.1750     70.500  1024.8209  50593.641    31.3287      1.672    7.32844     4.5475     4.5481    24.8130   13.11800 4.8154e+01      1.688 0.0000e+00
        284  53.541907    0.01965     1.1792     70.750  1024.8213  50593.930    31.3288      1.739    7.32848     4.5473     4.5478    24.8131   13.11807 4.5061e+01      1.755 0.0000e+00
        285  53.541910    0.01972     1.1833     71.000  1024.8219  50594.442    31.3291      1.818    7.32851     4.5472     4.5476    24.8133   13.11812 4.1800e+01      1.836 0.0000e+00
        286  53.541913    0.01979     1.1875     71.250  1024.8223  50594.552    31.3291      1.908    7.32854     4.5471     4.5474    24.8134   13.11816 3.8477e+01      1.926 0.0000e+00
        287  53.541916    0.01986     1.1917     71.500  1024.8226  50594.209    31.3288      2.008    7.32857     4.5469     4.5473    24.8131   13.11821 3.5192e+01      2.027 0.0000e+00
        288  53.541918    0.01993     1.1958     71.750  1024.8229  50593.928    31.3285      2.123    7.32860     4.5466     4.5472    24.8129   13.11827 3.1961e+01      2.143 0.0000e+00
        289  53.541921    0.02000     1.2000     72.000  1024.8234  50593.892    31.3284      2.260    7.32864     4.5464     4.5470    24.8128   13.11834 2.8827e+01      2.281 0.0000e+00
        290  53.541924    0.02007     1.2042     72.250  1024.8241  50593.950    31.3283      2.414    7.32869     4.5461     4.5468    24.8128   13.11842 2.6022e+01      2.436 0.0000e+00
        291  53.541927    0.02014     1.2083     72.500  1024.8248  50594.001    31.3282      2.572    7.32874     4.5458     4.5465    24.8127   13.11850 2.3698e+01      2.596 0.0000e+00
        292  53.541930    0.02021     1.2125     72.750  1024.8255  50594.137    31.3282      2.727    7.32879     4.5455     4.5463    24.8127   13.11858 2.1713e+01      2.753 0.0000e+00
        293  53.541933    0.02028     1.2167     73.000  1024.8263  50594.405    31.3282      2.879    7.32883     4.5453     4.5460    24.8128   13.11866 1.9870e+01      2.907 0.0000e+00
        294  53.541936    0.02035     1.2208     73.250  1024.8271  50594.586    31.3282      3.032    7.32888     4.5450     4.5457    24.8128   13.11874 1.8067e+01      3.060 0.0000e+00
        295  53.541939    0.02042     1.2250     73.500  1024.8277  50594.638    31.3281      3.185    7.32893     4.5448     4.5455    24.8127   13.11883 1.6264e+01      3.215 0.0000e+00
        296  53.541942    0.02049     1.2292     73.750  1024.8285  50594.884    31.3281      3.341    7.32898     4.5448     4.5452    24.8128   13.11890 1.4492e+01      3.372 0.0000e+00
        297  53.541944    0.02056     1.2333     74.000  1024.8294  50595.307    31.3283      3.500    7.32900     4.5448     4.5451    24.8129   13.11893 1.2797e+01      3.534 0.0000e+00
        298  53.541947    0.02063     1.2375     74.250  1024.8303  50595.567    31.3284      3.665    7.32900     4.5447     4.5450    24.8130   13.11893 1.1213e+01      3.700 0.0000e+00
        299  53.541950    0.02069     1.2417     74.500  1024.8310  50595.550    31.3283      3.833    7.32901     4.5445     4.5450    24.8129   13.11894 9.7796e+00      3.869 0.0000e+00
        300  53.541953    0.02076     1.2458     74.750  1024.8316  50595.447    31.3281      4.003    7.32903     4.5443     4.5449    24.8128   13.11897 8.5253e+00      4.041 0.0000e+00
        301  53.541956    0.02083     1.2500     75.000  1024.8325  50595.674    31.3282      4.173    7.32906     4.5440     4.5447    24.8129   13.11902 7.4566e+00      4.212 0.0000e+00
        302  53.541959    0.02090     1.2542     75.250  1024.8335  50596.256    31.3284      4.339    7.32909     4.5439     4.5445    24.8131   13.11906 6.5586e+00      4.380 0.0000e+00
        303  53.541962    0.02097     1.2583     75.500  1024.8345  50596.810    31.3287      4.503    7.32911     4.5438     4.5443    24.8133   13.11910 5.7985e+00      4.546 0.0000e+00
        304  53.541965    0.02104     1.2625     75.750  1024.8354  50597.152    31.3288      4.667    7.32912     4.5437     4.5442    24.8134   13.11913 5.1426e+00      4.711 0.0000e+00
        305  53.541968    0.02111     1.2667     76.000  1024.8362  50597.314    31.3288      4.832    7.32914     4.5437     4.5441    24.8134   13.11915 4.5617e+00      4.878 0.0000e+00
        306  53.541970    0.02118     1.2708     76.250  1024.8371  50597.569    31.3289      5.002    7.32914     4.5438     4.5440    24.8135   13.11916 4.0362e+00      5.049 0.0000e+00
        307  53.541973    0.02125     1.2750     76.500  1024.8382  50598.248    31.3292      5.177    7.32912     4.5442     4.5440    24.8138   13.11912 3.5579e+00      5.226 0.0000e+00
        308  53.541976    0.02132     1.2792     76.750  1024.8396  50599.399    31.3300      5.357    7.32906     4.5449     4.5442    24.8144   13.11901 3.1248e+00      5.408 0.0000e+00
        309  53.541979    0.02139     1.2833     77.000  1024.8413  50600.943    31.3310      5.543    7.32894     4.5459     4.5446    24.8152   13.11880 2.7389e+00      5.595 0.0000e+00
        310  53.541982    0.02146     1.2875     77.250  1024.8431  50602.661    31.3323      5.731    7.32876     4.5471     4.5452    24.8161   13.11849 2.4039e+00      5.785 0.0000e+00
        311  53.541985    0.02153     1.2917     77.500  1024.8449  50604.325    31.3335      5.917    7.32852     4.5486     4.5462    24.8170   13.11808 2.1225e+00      5.973 0.0000e+00
        312  53.541988    0.02160     1.2958     77.750  1024.8467  50606.078    31.3349      6.095    7.32823     4.5503     4.5475    24.8180   13.11758 1.8958e+00      6.153 0.0000e+00
        313  53.541991    0.02167     1.3000     78.000  1024.8485  50607.939    31.3364      6.261    7.32789     4.5520     4.5490    24.8190   13.11700 1.7217e+00      6.320 0.0000e+00
        314  53.541994    0.02174     1.3042     78.250  1024.8499  50609.081    31.3375      6.409    7.32754     4.5537     4.5507    24.8197   13.11640 1.5952e+00      6.470 0.0000e+00
        315  53.541997    0.02181     1.3083     78.500  1024.8504  50608.804    31.3377      6.536    7.32721     4.5550     4.5525    24.8196   13.11586 1.5094e+00      6.598 0.0000e+00
        316  53.541999    0.02187     1.3125     78.750  1024.8504  50607.631    31.3372      6.640    7.32695     4.5558     4.5541    24.8191   13.11543 1.4560e+00      6.703 0.0000e+00
        317  53.542002    0.02194     1.3167     79.000  1024.8501  50606.323    31.3365      6.722    7.32676     4.5563     4.5554    24.8184   13.11512 1.4254e+00      6.786 0.0000e+00
        318  53.542005    0.02201     1.3208     79.250  1024.8497  50605.023    31.3358      6.784    7.32664     4.5565     4.5563    24.8178   13.11493 1.4085e+00      6.848 0.0000e+00
        319  53.542008    0.02208     1.3250     79.500  1024.8494  50603.923    31.3351      6.828    7.32659     4.5565     4.5567    24.8172   13.11486 1.3965e+00      6.893 0.0000e+00
        320  53.542011    0.02215     1.3292     79.750  1024.8492  50603.310    31.3347      6.861    7.32658     4.5564     4.5569    24.8169   13.11484 1.3799e+00      6.926 0.0000e+00
        321  53.542014    0.02222     1.3333     80.000  1024.8491  50602.955    31.3345      6.891    7.32659     4.5562     4.5569    24.8167   13.11487 1.3493e+00      6.956 0.0000e+00
        322  53.542017    0.02229     1.3375     80.250  1024.8490  50602.578    31.3342      6.928    7.32662     4.5561     4.5568    24.8164   13.11493 1.2967e+00      6.993 0.0000e+00
        323  53.542020    0.02236     1.3417     80.500  1024.8493  50602.633    31.3342      6.983    7.32665     4.5562     4.5567    24.8164   13.11498 1.2168e+00      7.048 0.0000e+00
        324  53.542023    0.02243     1.3458     80.750  1024.8505  50604.072    31.3351      7.067    7.32663     4.5569     4.5565    24.8172   13.11493 1.1102e+00      7.133 0.0000e+00
        325  53.542025    0.02250     1.3500     81.000  1024.8528  50607.452    31.3373      7.187    7.32650     4.5587     4.5566    24.8190   13.11468 9.8554e-01      7.255 0.0000e+00
        326  53.542028    0.02257     1.3542     81.250  1024.8564  50612.756    31.3411      7.342    7.32618     4.5618     4.5574    24.8218   13.11411 8.5576e-01      7.412 0.0000e+00
        327  53.542031    0.02264     1.3583     81.500  1024.8612  50619.794    31.3462      7.527    7.32561     4.5665     4.5592    24.8257   13.11311 7.3185e-01      7.599 0.0000e+00
        328  53.542034    0.02271     1.3625     81.750  1024.8669  50628.267    31.3526      7.735    7.32475     4.5729     4.5623    24.8305   13.11159 6.2049e-01      7.808 0.0000e+00
        329  53.542037    0.02278     1.3667     82.000  1024.8730  50637.159    31.3596      7.958    7.32357     4.5804     4.5671    24.8356   13.10955 5.2508e-01      8.033 0.0000e+00
        330  53.542040    0.02285     1.3708     82.250  1024.8782  50644.025    31.3656      8.188    7.32214     4.5884     4.5734    24.8397   13.10713 4.4688e-01      8.265 0.0000e+00
        331  53.542043    0.02292     1.3750     82.500  1024.8818  50647.653    31.3697      8.417    7.32061     4.5966     4.5810    24.8421   13.10454 3.8548e-01      8.497 0.0000e+00
        332  53.542046    0.02299     1.3792     82.750  1024.8851  50650.910    31.3736      8.637    7.31900     4.6051     4.5890    24.8444   13.10184 3.3911e-01      8.719 0.0000e+00
        333  53.542049    0.02306     1.3833     83.000  1024.8890  50655.510    31.3785      8.840    7.31732     4.6139     4.5971    24.8474   13.09899 3.0548e-01      8.924 0.0000e+00
        334  53.542052    0.02313     1.3875     83.250  1024.8922  50658.631    31.3824      9.020    7.31560     4.6222     4.6057    24.8497   13.09611 2.8233e-01      9.106 0.0000e+00
        335  53.542054    0.02319     1.3917     83.500  1024.8932  50658.106    31.3839      9.175    7.31397     4.6291     4.6145    24.8500   13.09341 2.6726e-01      9.262 0.0000e+00
        336  53.542057    0.02326     1.3958     83.750  1024.8921  50653.962    31.3829      9.302    7.31256     4.6342     4.6228    24.8483   13.09109 2.5786e-01      9.390 0.0000e+00
        337  53.542060    0.02333     1.4000     84.000  1024.8893  50647.031    31.3796      9.403    7.31149     4.6372     4.6298    24.8450   13.08937 2.5199e-01      9.492 0.0000e+00
        338  53.542063    0.02340     1.4042     84.250  1024.8857  50639.150    31.3753      9.481    7.31081     4.6382     4.6349    24.8411   13.08830 2.4790e-01      9.570 0.0000e+00
        339  53.542066    0.02347     1.4083     84.500  1024.8822  50631.769    31.3709      9.540    7.31051     4.6375     4.6378    24.8373   13.08785 2.4428e-01      9.630 0.0000e+00
        340  53.542069    0.02354     1.4125     84.750  1024.8787  50624.916    31.3664      9.588    7.31055     4.6354     4.6388    24.8336   13.08798 2.4015e-01      9.679 0.0000e+00
