CTD-processing/allCTD/CNV--homogene/2015_08-14_t6_s06_cast154.cnv
* Sea-Bird SBE19plus Data File:
* FileName = C:\Users\Kris.Holderied\Documents\kasitsna\Research-KBL\Oceanography-AK\CTD-Data-ALL-to-2015-06\2015-CTD-KachemakBay-CookInlet\2015-08-14-CookInlet-east-and-KachemakBay\2015-08-14-CookInlet-east-and_KBay-cast154.hex
* Software Version 1.59
* Temperature SN =  5028
* Conductivity SN =  5028
* System UpLoad Time = Sep 24 2015 11:25:06
** Cook Inlet East side (T6/T7), along Kachemak Bay to Spit, T9 batch upload
** Date (YYYY-MM-DD): 2015-08-14
** Station (ie. 9-01):  6-06
** Start time (AKDT): 12:02
** Depth (m): 144
** Comment:  Nuka R/V Johanna Rose
** Comment:
# nquan = 17
# nvalues = 785                         
# units = specified
# name 0 = scan: Scan Count
# name 1 = timeJ: Julian Days
# name 2 = timeH: Time, Elapsed [hours]
# name 3 = timeM: Time, Elapsed [minutes]
# name 4 = timeS: Time, Elapsed [seconds]
# name 5 = density00: Density [density, kg/m^3]
# name 6 = specc: Specific Conductance [uS/cm]
# name 7 = sal00: Salinity, Practical [PSU]
# name 8 = depSM: Depth [salt water, m], lat = 59.00
# name 9 = oxsolML/L: Oxygen Saturation, Garcia & Gordon [ml/l]
# name 10 = potemp090C: Potential Temperature [ITS-90, deg C]
# name 11 = tv290C: Temperature [ITS-90, deg C]
# name 12 = sigma-é00: Density [sigma-theta, kg/m^3]
# name 13 = n2satML/L: Nitrogen Saturation [ml/l]
# name 14 = par: PAR/Irradiance, Biospherical/Licor
# name 15 = prdM: Pressure, Strain Gauge [db]
# name 16 = flag:  0.000e+00
# span 0 =          1,        785       
# span 1 = 226.500683, 226.502951       
# span 2 =    0.00000,    0.05444       
# span 3 =     0.0000,     3.2667       
# span 4 =      0.000,    196.000       
# span 5 =  1000.0965,  1025.4803       
# span 6 =   1748.886,  50536.463       
# span 7 =     0.8934,    31.9145       
# span 8 =      0.049,    142.396       
# span 9 =    6.27667,    7.36119       
# span 10 =     8.1777,    12.8271      
# span 11 =     8.1900,    12.8271      
# span 12 =     0.0963,    24.8258      
# span 13 =   11.38167,   13.58522      
# span 14 = 4.8719e-02, 3.6293e+02      
# span 15 =      0.050,    143.789      
# span 16 = 0.0000e+00, 0.0000e+00      
# interval = seconds: 0.25
# start_time = Aug 14 2015 12:00:59 [Instrument's time stamp, header]
# bad_flag = -9.990e-29
*END*
[from data line 766]
        767 226.502899    0.05319     3.1917    191.500  1025.4783  50535.757    31.9136    141.888    6.70431     8.1809     8.1948    24.8247   12.07924 5.5031e-02    143.277 0.0000e+00
        768 226.502902    0.05326     3.1958    191.750  1025.4790  50535.944    31.9137    142.032    6.70430     8.1811     8.1949    24.8247   12.07921 5.5028e-02    143.423 0.0000e+00
        769 226.502905    0.05333     3.2000    192.000  1025.4795  50536.160    31.9138    142.133    6.70428     8.1814     8.1950    24.8248   12.07917 5.5040e-02    143.524 0.0000e+00
        770 226.502908    0.05340     3.2042    192.250  1025.4799  50536.367    31.9139    142.196    6.70424     8.1817     8.1951    24.8249   12.07912 5.5058e-02    143.588 0.0000e+00
        771 226.502911    0.05347     3.2083    192.500  1025.4802  50536.463    31.9140    142.235    6.70420     8.1820     8.1954    24.8250   12.07904 5.5071e-02    143.627 0.0000e+00
        772 226.502914    0.05354     3.2125    192.750  1025.4802  50536.355    31.9140    142.262    6.70415     8.1822     8.1957    24.8249   12.07897 5.5080e-02    143.655 0.0000e+00
        773 226.502917    0.05361     3.2167    193.000  1025.4801  50536.024    31.9138    142.284    6.70411     8.1823     8.1960    24.8247   12.07890 5.5088e-02    143.677 0.0000e+00
        774 226.502920    0.05368     3.2208    193.250  1025.4799  50535.556    31.9135    142.305    6.70409     8.1822     8.1962    24.8244   12.07887 5.5098e-02    143.698 0.0000e+00
        775 226.502922    0.05375     3.2250    193.500  1025.4798  50535.153    31.9132    142.325    6.70409     8.1820     8.1963    24.8242   12.07887 5.5109e-02    143.718 0.0000e+00
        776 226.502925    0.05382     3.2292    193.750  1025.4798  50534.939    31.9130    142.344    6.70411     8.1818     8.1962    24.8241   12.07890 5.5120e-02    143.737 0.0000e+00
        777 226.502928    0.05389     3.2333    194.000  1025.4798  50534.870    31.9129    142.360    6.70415     8.1815     8.1960    24.8240   12.07896 5.5131e-02    143.753 0.0000e+00
        778 226.502931    0.05396     3.2375    194.250  1025.4799  50534.899    31.9129    142.372    6.70418     8.1813     8.1958    24.8241   12.07902 5.5140e-02    143.766 0.0000e+00
        779 226.502934    0.05403     3.2417    194.500  1025.4800  50535.006    31.9129    142.380    6.70422     8.1811     8.1956    24.8241   12.07908 5.5143e-02    143.774 0.0000e+00
        780 226.502937    0.05410     3.2458    194.750  1025.4801  50535.169    31.9130    142.386    6.70425     8.1809     8.1953    24.8242   12.07913 5.5146e-02    143.780 0.0000e+00
        781 226.502940    0.05417     3.2500    195.000  1025.4802  50535.331    31.9131    142.390    6.70427     8.1808     8.1951    24.8243   12.07917 5.5153e-02    143.784 0.0000e+00
        782 226.502943    0.05424     3.2542    195.250  1025.4803  50535.420    31.9131    142.392    6.70429     8.1808     8.1950    24.8243   12.07921 5.5158e-02    143.786 0.0000e+00
        783 226.502946    0.05431     3.2583    195.500  1025.4803  50535.450    31.9131    142.394    6.70431     8.1808     8.1949    24.8243   12.07923 5.5153e-02    143.788 0.0000e+00
        784 226.502948    0.05438     3.2625    195.750  1025.4803  50535.467    31.9131    142.396    6.70432 -9.990e-29     8.1948    24.8244   12.07925 5.5146e-02    143.789 0.0000e+00
        785 226.502951    0.05444     3.2667    196.000  1025.4803  50535.476    31.9131    142.396    6.70432 -9.990e-29     8.1948    24.8244   12.07925 5.5143e-02    143.789 0.0000e+00
