CTD-processing/allCTD/CNV--homogene/2015_09-04_t9_s03_cast183.cnv
* Sea-Bird SBE19plus Data File:
* FileName = C:\Users\Kris.Holderied\Documents\kasitsna\Research-KBL\Oceanography-AK\CTD-Data-ALL-to-2015-06\2015-CTD-KachemakBay-CookInlet\2015-09-04-CookInlet-HomerSpit-Monthly\2015-09-04-CookInlet-Tran9-cast183.hex
* Software Version 1.59
* Temperature SN =  5028
* Conductivity SN =  5028
* System UpLoad Time = Oct 19 2015 12:16:14
** Cook Inlet LTM Transect 9 Homer Spit Monthly

** Date: 09-04
** Station: 9-03
** Start time (AKDT): 11:03
** Depth (m): 90
** Comment:  R/V Barnacle
** Comment:
# nquan = 17
# nvalues = 739                         
# units = specified
# name 0 = scan: Scan Count
# name 1 = timeJ: Julian Days
# name 2 = timeH: Time, Elapsed [hours]
# name 3 = timeM: Time, Elapsed [minutes]
# name 4 = timeS: Time, Elapsed [seconds]
# name 5 = density00: Density [density, kg/m^3]
# name 6 = specc: Specific Conductance [uS/cm]
# name 7 = sal00: Salinity, Practical [PSU]
# name 8 = depSM: Depth [salt water, m], lat = 59.00
# name 9 = oxsolML/L: Oxygen Saturation, Garcia & Gordon [ml/l]
# name 10 = potemp090C: Potential Temperature [ITS-90, deg C]
# name 11 = tv290C: Temperature [ITS-90, deg C]
# name 12 = sigma-é00: Density [sigma-theta, kg/m^3]
# name 13 = n2satML/L: Nitrogen Saturation [ml/l]
# name 14 = par: PAR/Irradiance, Biospherical/Licor
# name 15 = prdM: Pressure, Strain Gauge [db]
# name 16 = flag:  0.000e+00
# span 0 =          1,        739       
# span 1 = 247.460394, 247.462529       
# span 2 =    0.00000,    0.05125       
# span 3 =     0.0000,     3.0750       
# span 4 =      0.000,    184.500       
# span 5 =  1000.6343,  1024.7060       
# span 6 =   2417.941,  49651.940       
# span 7 =     1.2285,    31.4738       
# span 8 =     -0.084,     83.339       
# span 9 =    6.46570,    7.77426       
# span 10 =     9.2222,    10.3457      
# span 11 =     9.2303,    10.3475      
# span 12 =     0.6347,    24.3238      
# span 13 =   11.70113,   14.27930      
# span 14 = 4.6496e-02, 1.1416e+02      
# span 15 =     -0.085,     84.143      
# span 16 = 0.0000e+00, 0.0000e+00      
# interval = seconds: 0.25
# start_time = Sep 04 2015 11:02:58 [Instrument's time stamp, header]
# bad_flag = -9.990e-29
*END*
[from data line 256]
        257 247.461134    0.01778     1.0667     64.000  1023.4240  48065.481    30.5203      0.782    6.46744    10.2192    10.2205    23.4205   11.70392 5.1706e+01      0.789 0.0000e+00
        258 247.461137    0.01785     1.0708     64.250  1023.4248  48066.839    30.5211      0.770    6.46755    10.2186    10.2195    23.4213   11.70409 5.2452e+01      0.778 0.0000e+00
        259 247.461140    0.01792     1.0750     64.500  1023.4243  48066.144    30.5206      0.746    6.46760    10.2160    10.2193    23.4209   11.70417 5.3064e+01      0.753 0.0000e+00
        260 247.461143    0.01799     1.0792     64.750  1023.4236  48065.027    30.5198      0.719    6.46772    10.2101    10.2187    23.4204   11.70437 5.3150e+01      0.726 0.0000e+00
        261 247.461146    0.01806     1.0833     65.000  1023.4244  48066.206    30.5203      0.703    6.46807    10.2017    10.2161    23.4212   11.70495 5.2771e+01      0.710 0.0000e+00
        262 247.461149    0.01812     1.0875     65.250  1023.4282  48072.328    30.5239      0.707    6.46875    10.1927    10.2102    23.4250   11.70603 5.2079e+01      0.714 0.0000e+00
        263 247.461152    0.01819     1.0917     65.500  1023.4351  48083.640    30.5309      0.728    6.46964    10.1847    10.2018    23.4318   11.70744 5.1359e+01      0.735 0.0000e+00
        264 247.461155    0.01826     1.0958     65.750  1023.4432  48097.024    30.5392      0.757    6.47057    10.1785    10.1928    23.4397   11.70888 5.1139e+01      0.764 0.0000e+00
        265 247.461157    0.01833     1.1000     66.000  1023.4503  48108.830    30.5465      0.779    6.47140    10.1743    10.1848    23.4468   11.71016 5.1488e+01      0.786 0.0000e+00
        266 247.461160    0.01840     1.1042     66.250  1023.4553  48117.160    30.5516      0.784    6.47206    10.1720    10.1786    23.4518   11.71120 5.2020e+01      0.791 0.0000e+00
        267 247.461163    0.01847     1.1083     66.500  1023.4580  48121.591    30.5542      0.770    6.47255    10.1711    10.1744    23.4545   11.71197 5.2581e+01      0.777 0.0000e+00
        268 247.461166    0.01854     1.1125     66.750  1023.4587  48122.836    30.5548      0.745    6.47286    10.1711    10.1721    23.4553   11.71247 5.3070e+01      0.752 0.0000e+00
        269 247.461169    0.01861     1.1167     67.000  1023.4584  48122.308    30.5544      0.722    6.47300    10.1713    10.1712    23.4551   11.71272 5.3188e+01      0.729 0.0000e+00
        270 247.461172    0.01868     1.1208     67.250  1023.4578  48121.321    30.5537      0.714    6.47303    10.1714    10.1712    23.4546   11.71278 5.2857e+01      0.721 0.0000e+00
        271 247.461175    0.01875     1.1250     67.500  1023.4577  48121.100    30.5535      0.724    6.47300    10.1709    10.1714    23.4544   11.71273 5.2104e+01      0.731 0.0000e+00
        272 247.461178    0.01882     1.1292     67.750  1023.4585  48122.415    30.5545      0.747    6.47296    10.1701    10.1715    23.4551   11.71265 5.1235e+01      0.754 0.0000e+00
        273 247.461181    0.01889     1.1333     68.000  1023.4598  48124.433    30.5558      0.770    6.47297    10.1696    10.1710    23.4563   11.71265 5.1036e+01      0.777 0.0000e+00
        274 247.461183    0.01896     1.1375     68.250  1023.4604  48125.491    30.5565      0.781    6.47305    10.1698    10.1702    23.4569   11.71278 5.1602e+01      0.788 0.0000e+00
        275 247.461186    0.01903     1.1417     68.500  1023.4600  48124.691    30.5559      0.773    6.47315    10.1706    10.1697    23.4565   11.71295 5.2371e+01      0.780 0.0000e+00
        276 247.461189    0.01910     1.1458     68.750  1023.4585  48122.200    30.5541      0.751    6.47320    10.1719    10.1699    23.4551   11.71304 5.2924e+01      0.758 0.0000e+00
        277 247.461192    0.01917     1.1500     69.000  1023.4565  48118.826    30.5519      0.728    6.47317    10.1732    10.1707    23.4532   11.71303 5.2881e+01      0.735 0.0000e+00
        278 247.461195    0.01924     1.1542     69.250  1023.4545  48115.336    30.5496      0.716    6.47309    10.1742    10.1719    23.4512   11.71292 5.2358e+01      0.723 0.0000e+00
        279 247.461198    0.01931     1.1583     69.500  1023.4529  48112.490    30.5477      0.722    6.47299    10.1748    10.1732    23.4496   11.71277 5.1949e+01      0.728 0.0000e+00
        280 247.461201    0.01938     1.1625     69.750  1023.4521  48111.027    30.5468      0.739    6.47287    10.1748    10.1743    23.4487   11.71259 5.1942e+01      0.746 0.0000e+00
        281 247.461204    0.01944     1.1667     70.000  1023.4520  48110.788    30.5467      0.758    6.47280    10.1748    10.1749    23.4485   11.71247 5.2186e+01      0.765 0.0000e+00
        282 247.461207    0.01951     1.1708     70.250  1023.4520  48110.797    30.5467      0.768    6.47278    10.1749    10.1749    23.4485   11.71245 5.2334e+01      0.776 0.0000e+00
        283 247.461209    0.01958     1.1750     70.500  1023.4518  48110.303    30.5464      0.766    6.47281    10.1754    10.1749    23.4483   11.71249 5.2278e+01      0.774 0.0000e+00
        284 247.461212    0.01965     1.1792     70.750  1023.4511  48109.136    30.5456      0.758    6.47282    10.1760    10.1750    23.4476   11.71253 5.2169e+01      0.765 0.0000e+00
        285 247.461215    0.01972     1.1833     71.000  1023.4502  48107.615    30.5445      0.751    6.47280    10.1765    10.1754    23.4467   11.71251 5.2105e+01      0.757 0.0000e+00
        286 247.461218    0.01979     1.1875     71.250  1023.4494  48106.317    30.5437      0.750    6.47275    10.1768    10.1760    23.4460   11.71244 5.1872e+01      0.756 0.0000e+00
        287 247.461221    0.01986     1.1917     71.500  1023.4489  48105.431    30.5431      0.752    6.47271    10.1771    10.1765    23.4455   11.71237 5.1288e+01      0.759 0.0000e+00
        288 247.461224    0.01993     1.1958     71.750  1023.4484  48104.591    30.5426      0.753    6.47268    10.1775    10.1769    23.4450   11.71234 5.0779e+01      0.760 0.0000e+00
        289 247.461227    0.02000     1.2000     72.000  1023.4477  48103.358    30.5418      0.747    6.47268    10.1782    10.1772    23.4443   11.71234 5.0773e+01      0.754 0.0000e+00
        290 247.461230    0.02007     1.2042     72.250  1023.4466  48101.448    30.5405      0.737    6.47267    10.1792    10.1776    23.4432   11.71234 5.1111e+01      0.744 0.0000e+00
        291 247.461233    0.02014     1.2083     72.500  1023.4451  48098.903    30.5387      0.728    6.47264    10.1804    10.1783    23.4417   11.71231 5.1412e+01      0.735 0.0000e+00
        292 247.461236    0.02021     1.2125     72.750  1023.4434  48096.036    30.5368      0.725    6.47258    10.1816    10.1793    23.4401   11.71223 5.1463e+01      0.732 0.0000e+00
        293 247.461238    0.02028     1.2167     73.000  1023.4418  48093.154    30.5350      0.731    6.47249    10.1826    10.1804    23.4384   11.71211 5.1254e+01      0.738 0.0000e+00
        294 247.461241    0.02035     1.2208     73.250  1023.4403  48090.544    30.5333      0.745    6.47240    10.1834    10.1816    23.4369   11.71197 5.0950e+01      0.752 0.0000e+00
        295 247.461244    0.02042     1.2250     73.500  1023.4392  48088.424    30.5319      0.762    6.47230    10.1840    10.1827    23.4357   11.71183 5.0669e+01      0.769 0.0000e+00
        296 247.461247    0.02049     1.2292     73.750  1023.4383  48086.755    30.5308      0.776    6.47223    10.1845    10.1835    23.4347   11.71172 5.0451e+01      0.783 0.0000e+00
        297 247.461250    0.02056     1.2333     74.000  1023.4374  48085.211    30.5298      0.782    6.47219    10.1852    10.1841    23.4338   11.71166 5.0505e+01      0.789 0.0000e+00
        298 247.461253    0.02063     1.2375     74.250  1023.4363  48083.227    30.5285      0.777    6.47217    10.1861    10.1846    23.4327   11.71165 5.0808e+01      0.785 0.0000e+00
        299 247.461256    0.02069     1.2417     74.500  1023.4344  48080.080    30.5263      0.764    6.47218    10.1876    10.1852    23.4310   11.71168 5.1020e+01      0.771 0.0000e+00
        300 247.461259    0.02076     1.2458     74.750  1023.4317  48075.322    30.5231      0.747    6.47218    10.1896    10.1862    23.4283   11.71172 5.1044e+01      0.754 0.0000e+00
        301 247.461262    0.02083     1.2500     75.000  1023.4281  48069.113    30.5189      0.732    6.47214    10.1919    10.1877    23.4248   11.71171 5.1015e+01      0.739 0.0000e+00
        302 247.461264    0.02090     1.2542     75.250  1023.4240  48061.886    30.5141      0.725    6.47206    10.1946    10.1897    23.4207   11.71163 5.0987e+01      0.732 0.0000e+00
        303 247.461267    0.02097     1.2583     75.500  1023.4195  48054.037    30.5089      0.727    6.47194    10.1973    10.1920    23.4162   11.71150 5.0942e+01      0.734 0.0000e+00
        304 247.461270    0.02104     1.2625     75.750  1023.4150  48046.031    30.5035      0.737    6.47179    10.1999    10.1947    23.4116   11.71131 5.0756e+01      0.744 0.0000e+00
        305 247.461273    0.02111     1.2667     76.000  1023.4108  48038.670    30.4987      0.751    6.47160    10.2021    10.1974    23.4074   11.71106 5.0379e+01      0.758 0.0000e+00
        306 247.461276    0.02118     1.2708     76.250  1023.4074  48032.709    30.4948      0.764    6.47139    10.2038    10.2000    23.4039   11.71077 5.0161e+01      0.771 0.0000e+00
        307 247.461279    0.02125     1.2750     76.500  1023.4047  48028.029    30.4917      0.769    6.47121    10.2052    10.2021    23.4012   11.71051 5.0372e+01      0.777 0.0000e+00
        308 247.461282    0.02132     1.2792     76.750  1023.4021  48023.626    30.4888      0.766    6.47110    10.2069    10.2038    23.3987   11.71035 5.0830e+01      0.773 0.0000e+00
        309 247.461285    0.02139     1.2833     77.000  1023.3991  48018.312    30.4853      0.754    6.47104    10.2089    10.2053    23.3957   11.71030 5.1245e+01      0.761 0.0000e+00
        310 247.461288    0.02146     1.2875     77.250  1023.3956  48012.198    30.4812      0.738    6.47097    10.2109    10.2070    23.3922   11.71023 5.1468e+01      0.745 0.0000e+00
        311 247.461291    0.02153     1.2917     77.500  1023.3923  48006.654    30.4775      0.727    6.47083    10.2124    10.2090    23.3890   11.71005 5.1419e+01      0.733 0.0000e+00
        312 247.461293    0.02160     1.2958     77.750  1023.3901  48002.850    30.4751      0.725    6.47065    10.2129    10.2110    23.3868   11.70978 5.1065e+01      0.732 0.0000e+00
        313 247.461296    0.02167     1.3000     78.000  1023.3895  48001.938    30.4746      0.736    6.47047    10.2122    10.2125    23.3862   11.70947 5.0549e+01      0.743 0.0000e+00
        314 247.461299    0.02174     1.3042     78.250  1023.3911  48004.712    30.4766      0.755    6.47031    10.2106    10.2130    23.3877   11.70919 5.0208e+01      0.762 0.0000e+00
        315 247.461302    0.02181     1.3083     78.500  1023.3940  48009.782    30.4801      0.774    6.47026    10.2091    10.2123    23.3905   11.70906 5.0264e+01      0.781 0.0000e+00
        316 247.461305    0.02187     1.3125     78.750  1023.3965  48013.992    30.4829      0.782    6.47037    10.2086    10.2107    23.3929   11.70922 5.0558e+01      0.790 0.0000e+00
        317 247.461308    0.02194     1.3167     79.000  1023.3970  48014.899    30.4833      0.776    6.47057    10.2094    10.2092    23.3935   11.70954 5.0863e+01      0.784 0.0000e+00
        318 247.461311    0.02201     1.3208     79.250  1023.3954  48011.967    30.4812      0.758    6.47073    10.2110    10.2086    23.3920   11.70984 5.1144e+01      0.766 0.0000e+00
        319 247.461314    0.02208     1.3250     79.500  1023.3925  48006.879    30.4777      0.737    6.47077    10.2127    10.2094    23.3891   11.70993 5.1295e+01      0.744 0.0000e+00
        320 247.461317    0.02215     1.3292     79.750  1023.3898  48002.402    30.4748      0.723    6.47065    10.2136    10.2111    23.3865   11.70977 5.1213e+01      0.730 0.0000e+00
        321 247.461319    0.02222     1.3333     80.000  1023.3887  48000.535    30.4737      0.723    6.47046    10.2132    10.2128    23.3854   11.70946 5.0958e+01      0.730 0.0000e+00
        322 247.461322    0.02229     1.3375     80.250  1023.3898  48002.486    30.4752      0.737    6.47027    10.2115    10.2137    23.3864   11.70914 5.0522e+01      0.744 0.0000e+00
        323 247.461325    0.02236     1.3417     80.500  1023.3928  48007.873    30.4789      0.755    6.47018    10.2095    10.2133    23.3894   11.70894 5.0053e+01      0.762 0.0000e+00
        324 247.461328    0.02243     1.3458     80.750  1023.3961  48013.554    30.4827      0.767    6.47026    10.2083    10.2116    23.3926   11.70903 5.0003e+01      0.773 0.0000e+00
        325 247.461331    0.02250     1.3500     81.000  1023.3977  48016.091    30.4842      0.766    6.47048    10.2085    10.2096    23.3941   11.70938 5.0500e+01      0.773 0.0000e+00
        326 247.461334    0.02257     1.3542     81.250  1023.3969  48014.695    30.4831      0.753    6.47069    10.2098    10.2084    23.3934   11.70974 5.1140e+01      0.760 0.0000e+00
        327 247.461337    0.02264     1.3583     81.500  1023.3947  48010.829    30.4804      0.736    6.47077    10.2113    10.2086    23.3913   11.70990 5.1645e+01      0.743 0.0000e+00
        328 247.461340    0.02271     1.3625     81.750  1023.3923  48006.655    30.4776      0.723    6.47071    10.2124    10.2099    23.3890   11.70983 5.1847e+01      0.730 0.0000e+00
        329 247.461343    0.02278     1.3667     82.000  1023.3907  48003.856    30.4758      0.723    6.47057    10.2126    10.2114    23.3873   11.70962 5.1470e+01      0.730 0.0000e+00
        330 247.461345    0.02285     1.3708     82.250  1023.3905  48003.675    30.4758      0.736    6.47041    10.2118    10.2125    23.3871   11.70936 5.0713e+01      0.743 0.0000e+00
        331 247.461348    0.02292     1.3750     82.500  1023.3923  48006.784    30.4780      0.760    6.47029    10.2101    10.2127    23.3888   11.70913 5.0147e+01      0.767 0.0000e+00
        332 247.461351    0.02299     1.3792     82.750  1023.3954  48012.067    30.4816      0.783    6.47026    10.2084    10.2119    23.3917   11.70904 4.9987e+01      0.790 0.0000e+00
        333 247.461354    0.02306     1.3833     83.000  1023.3982  48016.945    30.4849      0.796    6.47037    10.2075    10.2102    23.3945   11.70918 4.9988e+01      0.804 0.0000e+00
        334 247.461357    0.02313     1.3875     83.250  1023.3994  48018.861    30.4860      0.792    6.47056    10.2081    10.2085    23.3957   11.70948 4.9998e+01      0.799 0.0000e+00
        335 247.461360    0.02319     1.3917     83.500  1023.3981  48016.629    30.4844      0.771    6.47074    10.2098    10.2076    23.3946   11.70981 5.0146e+01      0.778 0.0000e+00
        336 247.461363    0.02326     1.3958     83.750  1023.3951  48011.451    30.4808      0.741    6.47081    10.2119    10.2082    23.3917   11.70997 5.0426e+01      0.748 0.0000e+00
        337 247.461366    0.02333     1.4000     84.000  1023.3917  48005.732    30.4770      0.716    6.47073    10.2136    10.2099    23.3885   11.70988 5.0654e+01      0.723 0.0000e+00
        338 247.461369    0.02340     1.4042     84.250  1023.3892  48001.460    30.4742      0.705    6.47055    10.2142    10.2120    23.3860   11.70961 5.0558e+01      0.711 0.0000e+00
        339 247.461372    0.02347     1.4083     84.500  1023.3885  48000.385    30.4737      0.711    6.47033    10.2133    10.2137    23.3852   11.70926 5.0087e+01      0.718 0.0000e+00
        340 247.461374    0.02354     1.4125     84.750  1023.3904  48003.685    30.4761      0.731    6.47015    10.2109    10.2143    23.3870   11.70893 4.9679e+01      0.738 0.0000e+00
