CTD-processing/allCTD/CNV--homogene/2015_07-10_alongbay_pt.kblandpogi_cast123.cnv
* Sea-Bird SBE19plus Data File:
* FileName = C:\Users\Kris.Holderied\Documents\kasitsna\Research-KBL\Oceanography-AK\CTD-Data-ALL-to-2015-06\2015-CTD-KachemakBay-CookInlet\2015-07-10-KachemakBay-AlongBayLine\2015_07_10_KachemakBay_AlongBay_cast123.hex
* Software Version 1.59
* Temperature SN =  5028
* Conductivity SN =  5028
* System UpLoad Time = Jul 30 2015 17:30:07
** Kachemak Bay Along Bay Line - Flat Island to Bear Cove

** Date: 07-10
** Station:  Pt.KBlandPogi
** Start time (AKDT): 12:57
** Depth (m): 61
** Comment:  R/V Johanna Rose (Nuka Research)
** Comment: Seldovia subbay sampled before the along-bay line.
# nquan = 17
# nvalues = 593                         
# units = specified
# name 0 = scan: Scan Count
# name 1 = timeJ: Julian Days
# name 2 = timeH: Time, Elapsed [hours]
# name 3 = timeM: Time, Elapsed [minutes]
# name 4 = timeS: Time, Elapsed [seconds]
# name 5 = density00: Density [density, kg/m^3]
# name 6 = specc: Specific Conductance [uS/cm]
# name 7 = sal00: Salinity, Practical [PSU]
# name 8 = depSM: Depth [salt water, m], lat = 59.00
# name 9 = oxsolML/L: Oxygen Saturation, Garcia & Gordon [ml/l]
# name 10 = potemp090C: Potential Temperature [ITS-90, deg C]
# name 11 = tv290C: Temperature [ITS-90, deg C]
# name 12 = sigma-é00: Density [sigma-theta, kg/m^3]
# name 13 = n2satML/L: Nitrogen Saturation [ml/l]
# name 14 = par: PAR/Irradiance, Biospherical/Licor
# name 15 = prdM: Pressure, Strain Gauge [db]
# name 16 = flag:  0.000e+00
# span 0 =          1,        593       
# span 1 = 191.540197, 191.541910       
# span 2 =    0.00000,    0.04111       
# span 3 =     0.0000,     2.4667       
# span 4 =      0.000,    148.000       
# span 5 =  1006.3081,  1024.3625       
# span 6 =  14287.823,  49382.962       
# span 7 =     8.6643,    31.4491       
# span 8 =     -0.052,     60.624       
# span 9 =    6.41016,    7.27322       
# span 10 =     9.8951,    11.1676      
# span 11 =     9.9017,    11.2826      
# span 12 =     6.3084,    24.1450      
# span 13 =   11.59892,   13.33768      
# span 14 = 1.4375e-01, 1.2297e+03      
# span 15 =     -0.052,     61.205      
# span 16 = 0.0000e+00, 0.0000e+00      
# interval = seconds: 0.25
# start_time = Jul 10 2015 12:57:53 [Instrument's time stamp, header]
# bad_flag = -9.990e-29
*END*
[from data line 426]
        427 191.541429    0.02958     1.7750    106.500  1024.2105  49244.951    31.3022     28.512    6.47801     9.9130     9.9168    24.0800   11.71208 8.1296e+00     28.783 0.0000e+00
        428 191.541432    0.02965     1.7792    106.750  1024.2117  49245.535    31.3024     28.714    6.47806     9.9128     9.9164    24.0803   11.71215 7.8756e+00     28.987 0.0000e+00
        429 191.541435    0.02972     1.7833    107.000  1024.2129  49246.117    31.3027     28.916    6.47809     9.9128     9.9161    24.0806   11.71220 7.6301e+00     29.191 0.0000e+00
        430 191.541438    0.02979     1.7875    107.250  1024.2140  49246.544    31.3029     29.120    6.47810     9.9128     9.9160    24.0808   11.71222 7.3916e+00     29.397 0.0000e+00
        431 191.541441    0.02986     1.7917    107.500  1024.2150  49246.799    31.3030     29.325    6.47810     9.9129     9.9160    24.0808   11.71221 7.1600e+00     29.604 0.0000e+00
        432 191.541444    0.02993     1.7958    107.750  1024.2160  49246.899    31.3030     29.530    6.47809     9.9129     9.9161    24.0808   11.71219 6.9364e+00     29.811 0.0000e+00
        433 191.541447    0.03000     1.8000    108.000  1024.2169  49246.939    31.3029     29.734    6.47808     9.9129     9.9161    24.0808   11.71218 6.7226e+00     30.017 0.0000e+00
        434 191.541450    0.03007     1.8042    108.250  1024.2177  49246.980    31.3029     29.936    6.47807     9.9129     9.9162    24.0807   11.71217 6.5185e+00     30.221 0.0000e+00
        435 191.541453    0.03014     1.8083    108.500  1024.2186  49247.031    31.3029     30.139    6.47807     9.9129     9.9162    24.0807   11.71216 6.3203e+00     30.426 0.0000e+00
        436 191.541455    0.03021     1.8125    108.750  1024.2196  49247.155    31.3029     30.347    6.47807     9.9128     9.9162    24.0807   11.71217 6.1239e+00     30.635 0.0000e+00
        437 191.541458    0.03028     1.8167    109.000  1024.2206  49247.355    31.3029     30.561    6.47808     9.9128     9.9162    24.0807   11.71217 5.9284e+00     30.852 0.0000e+00
        438 191.541461    0.03035     1.8208    109.250  1024.2216  49247.541    31.3030     30.780    6.47808     9.9127     9.9162    24.0808   11.71217 5.7375e+00     31.072 0.0000e+00
        439 191.541464    0.03042     1.8250    109.500  1024.2225  49247.613    31.3029     30.996    6.47808     9.9125     9.9162    24.0808   11.71217 5.5580e+00     31.291 0.0000e+00
        440 191.541467    0.03049     1.8292    109.750  1024.2234  49247.584    31.3028     31.204    6.47809     9.9123     9.9161    24.0807   11.71219 5.3943e+00     31.501 0.0000e+00
        441 191.541470    0.03056     1.8333    110.000  1024.2243  49247.693    31.3028     31.401    6.47811     9.9121     9.9160    24.0807   11.71223 5.2447e+00     31.700 0.0000e+00
        442 191.541473    0.03062     1.8375    110.250  1024.2254  49248.064    31.3029     31.591    6.47814     9.9120     9.9158    24.0809   11.71227 5.1023e+00     31.891 0.0000e+00
        443 191.541476    0.03069     1.8417    110.500  1024.2264  49248.454    31.3031     31.781    6.47816     9.9119     9.9156    24.0810   11.71230 4.9599e+00     32.083 0.0000e+00
        444 191.541479    0.03076     1.8458    110.750  1024.2274  49248.627    31.3031     31.978    6.47817     9.9118     9.9155    24.0811   11.71232 4.8146e+00     32.282 0.0000e+00
        445 191.541481    0.03083     1.8500    111.000  1024.2282  49248.627    31.3030     32.186    6.47818     9.9116     9.9155    24.0810   11.71233 4.6684e+00     32.492 0.0000e+00
        446 191.541484    0.03090     1.8542    111.250  1024.2292  49248.661    31.3029     32.400    6.47820     9.9115     9.9154    24.0810   11.71236 4.5258e+00     32.708 0.0000e+00
        447 191.541487    0.03097     1.8583    111.500  1024.2302  49248.816    31.3029     32.615    6.47821     9.9114     9.9152    24.0810   11.71239 4.3906e+00     32.926 0.0000e+00
        448 191.541490    0.03104     1.8625    111.750  1024.2312  49249.065    31.3030     32.826    6.47823     9.9115     9.9151    24.0810   11.71241 4.2647e+00     33.139 0.0000e+00
        449 191.541493    0.03111     1.8667    112.000  1024.2323  49249.402    31.3031     33.031    6.47823     9.9116     9.9151    24.0812   11.71241 4.1471e+00     33.346 0.0000e+00
        450 191.541496    0.03118     1.8708    112.250  1024.2333  49249.742    31.3033     33.230    6.47821     9.9119     9.9152    24.0813   11.71238 4.0345e+00     33.547 0.0000e+00
        451 191.541499    0.03125     1.8750    112.500  1024.2343  49249.908    31.3034     33.429    6.47818     9.9122     9.9154    24.0813   11.71233 3.9234e+00     33.747 0.0000e+00
        452 191.541502    0.03132     1.8792    112.750  1024.2351  49249.847    31.3033     33.631    6.47814     9.9125     9.9157    24.0812   11.71226 3.8125e+00     33.951 0.0000e+00
        453 191.541505    0.03139     1.8833    113.000  1024.2359  49249.677    31.3031     33.838    6.47810     9.9126     9.9160    24.0810   11.71220 3.7032e+00     34.160 0.0000e+00
        454 191.541508    0.03146     1.8875    113.250  1024.2367  49249.551    31.3030     34.046    6.47807     9.9127     9.9162    24.0809   11.71215 3.5982e+00     34.371 0.0000e+00
        455 191.541510    0.03153     1.8917    113.500  1024.2375  49249.520    31.3029     34.251    6.47805     9.9128     9.9164    24.0808   11.71212 3.4998e+00     34.577 0.0000e+00
        456 191.541513    0.03160     1.8958    113.750  1024.2383  49249.534    31.3028     34.449    6.47803     9.9127     9.9165    24.0807   11.71210 3.4080e+00     34.777 0.0000e+00
        457 191.541516    0.03167     1.9000    114.000  1024.2392  49249.576    31.3028     34.640    6.47803     9.9127     9.9165    24.0807   11.71209 3.3205e+00     34.970 0.0000e+00
        458 191.541519    0.03174     1.9042    114.250  1024.2400  49249.689    31.3028     34.831    6.47803     9.9126     9.9165    24.0807   11.71210 3.2340e+00     35.163 0.0000e+00
        459 191.541522    0.03181     1.9083    114.500  1024.2410  49249.884    31.3028     35.028    6.47803     9.9126     9.9165    24.0807   11.71210 3.1461e+00     35.362 0.0000e+00
        460 191.541525    0.03188     1.9125    114.750  1024.2421  49250.170    31.3029     35.234    6.47803     9.9127     9.9165    24.0808   11.71210 3.0572e+00     35.570 0.0000e+00
        461 191.541528    0.03194     1.9167    115.000  1024.2432  49250.554    31.3031     35.447    6.47802     9.9130     9.9165    24.0809   11.71208 2.9694e+00     35.785 0.0000e+00
        462 191.541531    0.03201     1.9208    115.250  1024.2442  49250.904    31.3033     35.662    6.47799     9.9134     9.9167    24.0810   11.71202 2.8853e+00     36.001 0.0000e+00
        463 191.541534    0.03208     1.9250    115.500  1024.2452  49251.015    31.3033     35.872    6.47794     9.9138     9.9170    24.0810   11.71195 2.8065e+00     36.214 0.0000e+00
        464 191.541536    0.03215     1.9292    115.750  1024.2459  49250.879    31.3032     36.076    6.47789     9.9142     9.9175    24.0809   11.71186 2.7334e+00     36.419 0.0000e+00
        465 191.541539    0.03222     1.9333    116.000  1024.2466  49250.646    31.3030     36.272    6.47784     9.9144     9.9179    24.0807   11.71178 2.6649e+00     36.617 0.0000e+00
        466 191.541542    0.03229     1.9375    116.250  1024.2473  49250.418    31.3028     36.463    6.47780     9.9146     9.9182    24.0805   11.71172 2.5986e+00     36.811 0.0000e+00
        467 191.541545    0.03236     1.9417    116.500  1024.2480  49250.260    31.3026     36.655    6.47777     9.9148     9.9185    24.0803   11.71166 2.5326e+00     37.004 0.0000e+00
        468 191.541548    0.03243     1.9458    116.750  1024.2488  49250.189    31.3025     36.852    6.47774     9.9149     9.9187    24.0802   11.71162 2.4658e+00     37.203 0.0000e+00
        469 191.541551    0.03250     1.9500    117.000  1024.2497  49250.163    31.3025     37.056    6.47772     9.9149     9.9189    24.0801   11.71158 2.3981e+00     37.409 0.0000e+00
        470 191.541554    0.03257     1.9542    117.250  1024.2505  49250.119    31.3024     37.266    6.47771     9.9149     9.9190    24.0800   11.71156 2.3310e+00     37.622 0.0000e+00
        471 191.541557    0.03264     1.9583    117.500  1024.2514  49250.044    31.3022     37.477    6.47770     9.9148     9.9191    24.0799   11.71155 2.2668e+00     37.835 0.0000e+00
        472 191.541560    0.03271     1.9625    117.750  1024.2522  49250.010    31.3021     37.684    6.47771     9.9147     9.9191    24.0798   11.71156 2.2067e+00     38.044 0.0000e+00
        473 191.541563    0.03278     1.9667    118.000  1024.2531  49250.089    31.3021     37.883    6.47772     9.9145     9.9190    24.0798   11.71158 2.1509e+00     38.244 0.0000e+00
        474 191.541565    0.03285     1.9708    118.250  1024.2540  49250.289    31.3021     38.074    6.47774     9.9144     9.9189    24.0798   11.71161 2.0981e+00     38.437 0.0000e+00
        475 191.541568    0.03292     1.9750    118.500  1024.2550  49250.552    31.3022     38.263    6.47775     9.9143     9.9187    24.0799   11.71163 2.0461e+00     38.628 0.0000e+00
        476 191.541571    0.03299     1.9792    118.750  1024.2559  49250.800    31.3022     38.457    6.47776     9.9143     9.9186    24.0800   11.71165 1.9935e+00     38.823 0.0000e+00
        477 191.541574    0.03306     1.9833    119.000  1024.2569  49251.012    31.3023     38.659    6.47776     9.9143     9.9186    24.0801   11.71165 1.9402e+00     39.028 0.0000e+00
        478 191.541577    0.03313     1.9875    119.250  1024.2580  49251.225    31.3023     38.869    6.47776     9.9144     9.9186    24.0801   11.71165 1.8873e+00     39.239 0.0000e+00
        479 191.541580    0.03319     1.9917    119.500  1024.2590  49251.429    31.3024     39.080    6.47775     9.9144     9.9186    24.0801   11.71164 1.8360e+00     39.453 0.0000e+00
        480 191.541583    0.03326     1.9958    119.750  1024.2599  49251.571    31.3024     39.289    6.47774     9.9145     9.9187    24.0801   11.71162 1.7873e+00     39.664 0.0000e+00
        481 191.541586    0.03333     2.0000    120.000  1024.2608  49251.640    31.3024     39.493    6.47773     9.9145     9.9188    24.0801   11.71160 1.7412e+00     39.869 0.0000e+00
        482 191.541589    0.03340     2.0042    120.250  1024.2617  49251.648    31.3024     39.691    6.47772     9.9145     9.9189    24.0800   11.71159 1.6975e+00     40.069 0.0000e+00
        483 191.541591    0.03347     2.0083    120.500  1024.2625  49251.627    31.3023     39.886    6.47771     9.9144     9.9190    24.0800   11.71158 1.6551e+00     40.266 0.0000e+00
        484 191.541594    0.03354     2.0125    120.750  1024.2633  49251.559    31.3021     40.082    6.47772     9.9141     9.9190    24.0799   11.71159 1.6131e+00     40.464 0.0000e+00
        485 191.541597    0.03361     2.0167    121.000  1024.2641  49251.505    31.3020     40.282    6.47774     9.9138     9.9189    24.0798   11.71162 1.5710e+00     40.666 0.0000e+00
        486 191.541600    0.03368     2.0208    121.250  1024.2651  49251.650    31.3020     40.486    6.47777     9.9136     9.9186    24.0798   11.71168 1.5288e+00     40.872 0.0000e+00
        487 191.541603    0.03375     2.0250    121.500  1024.2661  49251.976    31.3021     40.697    6.47781     9.9134     9.9184    24.0799   11.71173 1.4865e+00     41.085 0.0000e+00
        488 191.541606    0.03382     2.0292    121.750  1024.2673  49252.336    31.3023     40.913    6.47783     9.9133     9.9181    24.0801   11.71177 1.4448e+00     41.303 0.0000e+00
        489 191.541609    0.03389     2.0333    122.000  1024.2684  49252.645    31.3024     41.130    6.47785     9.9133     9.9180    24.0802   11.71180 1.4043e+00     41.522 0.0000e+00
        490 191.541612    0.03396     2.0375    122.250  1024.2694  49252.843    31.3024     41.346    6.47785     9.9133     9.9179    24.0803   11.71181 1.3657e+00     41.740 0.0000e+00
        491 191.541615    0.03403     2.0417    122.500  1024.2704  49252.946    31.3024     41.557    6.47786     9.9133     9.9179    24.0803   11.71182 1.3294e+00     41.953 0.0000e+00
        492 191.541617    0.03410     2.0458    122.750  1024.2713  49253.079    31.3024     41.761    6.47786     9.9134     9.9179    24.0803   11.71181 1.2954e+00     42.160 0.0000e+00
        493 191.541620    0.03417     2.0500    123.000  1024.2723  49253.341    31.3025     41.960    6.47785     9.9135     9.9179    24.0803   11.71180 1.2629e+00     42.360 0.0000e+00
        494 191.541623    0.03424     2.0542    123.250  1024.2734  49253.726    31.3027     42.155    6.47783     9.9139     9.9180    24.0805   11.71177 1.2312e+00     42.557 0.0000e+00
        495 191.541626    0.03431     2.0583    123.500  1024.2745  49254.212    31.3029     42.352    6.47779     9.9145     9.9182    24.0807   11.71170 1.1997e+00     42.757 0.0000e+00
        496 191.541629    0.03438     2.0625    123.750  1024.2755  49254.633    31.3032     42.555    6.47772     9.9153     9.9186    24.0808   11.71158 1.1682e+00     42.961 0.0000e+00
        497 191.541632    0.03444     2.0667    124.000  1024.2765  49254.739    31.3033     42.765    6.47763     9.9161     9.9193    24.0808   11.71142 1.1366e+00     43.173 0.0000e+00
        498 191.541635    0.03451     2.0708    124.250  1024.2772  49254.566    31.3032     42.980    6.47752     9.9169     9.9200    24.0806   11.71125 1.1050e+00     43.390 0.0000e+00
        499 191.541638    0.03458     2.0750    124.500  1024.2780  49254.295    31.3030     43.198    6.47741     9.9176     9.9209    24.0803   11.71107 1.0741e+00     43.610 0.0000e+00
        500 191.541641    0.03465     2.0792    124.750  1024.2787  49253.977    31.3027     43.415    6.47731     9.9182     9.9217    24.0800   11.71090 1.0444e+00     43.829 0.0000e+00
        501 191.541644    0.03472     2.0833    125.000  1024.2793  49253.575    31.3025     43.630    6.47722     9.9187     9.9224    24.0797   11.71075 1.0158e+00     44.046 0.0000e+00
        502 191.541646    0.03479     2.0875    125.250  1024.2799  49253.131    31.3022     43.842    6.47714     9.9190     9.9230    24.0793   11.71063 9.8820e-01     44.260 0.0000e+00
        503 191.541649    0.03486     2.0917    125.500  1024.2806  49252.784    31.3019     44.053    6.47708     9.9194     9.9235    24.0790   11.71053 9.6120e-01     44.473 0.0000e+00
        504 191.541652    0.03493     2.0958    125.750  1024.2814  49252.728    31.3018     44.263    6.47702     9.9199     9.9239    24.0789   11.71044 9.3499e-01     44.686 0.0000e+00
        505 191.541655    0.03500     2.1000    126.000  1024.2824  49252.947    31.3019     44.471    6.47696     9.9204     9.9243    24.0789   11.71034 9.0995e-01     44.895 0.0000e+00
        506 191.541658    0.03507     2.1042    126.250  1024.2833  49253.022    31.3020     44.674    6.47690     9.9209     9.9248    24.0788   11.71023 8.8630e-01     45.100 0.0000e+00
        507 191.541661    0.03514     2.1083    126.500  1024.2839  49252.737    31.3018     44.872    6.47683     9.9213     9.9253    24.0786   11.71011 8.6380e-01     45.300 0.0000e+00
        508 191.541664    0.03521     2.1125    126.750  1024.2845  49252.356    31.3015     45.069    6.47676     9.9216     9.9259    24.0783   11.71001 8.4190e-01     45.499 0.0000e+00
        509 191.541667    0.03528     2.1167    127.000  1024.2852  49252.087    31.3012     45.267    6.47672     9.9218     9.9263    24.0780   11.70993 8.2015e-01     45.699 0.0000e+00
        510 191.541670    0.03535     2.1208    127.250  1024.2859  49251.894    31.3011     45.468    6.47668     9.9219     9.9266    24.0779   11.70988 7.9845e-01     45.902 0.0000e+00
