CTD-processing/allCTD/CNV--homogene/2015_08-14_t9_s05_cast172.cnv
* Sea-Bird SBE19plus Data File:
* FileName = C:\Users\Kris.Holderied\Documents\kasitsna\Research-KBL\Oceanography-AK\CTD-Data-ALL-to-2015-06\2015-CTD-KachemakBay-CookInlet\2015-08-14-CookInlet-east-and-KachemakBay\2015-08-14-CookInlet-east-and_KBay-cast172.hex
* Software Version 1.59
* Temperature SN =  5028
* Conductivity SN =  5028
* System UpLoad Time = Sep 24 2015 11:43:30
** Cook Inlet East side (T6/T7), along Kachemak Bay to Spit, T9 batch upload
** Date (YYYY-MM-DD): 2015-08-14
** Station (ie. 9-01):  9-05
** Start time (AKDT): 17:28
** Depth (m): 97.8
** Comment:  Nuka R/V Johanna Rose
** Comment:
# nquan = 17
# nvalues = 848                         
# units = specified
# name 0 = scan: Scan Count
# name 1 = timeJ: Julian Days
# name 2 = timeH: Time, Elapsed [hours]
# name 3 = timeM: Time, Elapsed [minutes]
# name 4 = timeS: Time, Elapsed [seconds]
# name 5 = density00: Density [density, kg/m^3]
# name 6 = specc: Specific Conductance [uS/cm]
# name 7 = sal00: Salinity, Practical [PSU]
# name 8 = depSM: Depth [salt water, m], lat = 59.00
# name 9 = oxsolML/L: Oxygen Saturation, Garcia & Gordon [ml/l]
# name 10 = potemp090C: Potential Temperature [ITS-90, deg C]
# name 11 = tv290C: Temperature [ITS-90, deg C]
# name 12 = sigma-é00: Density [sigma-theta, kg/m^3]
# name 13 = n2satML/L: Nitrogen Saturation [ml/l]
# name 14 = par: PAR/Irradiance, Biospherical/Licor
# name 15 = prdM: Pressure, Strain Gauge [db]
# name 16 = flag:  0.000e+00
# span 0 =          1,        848       
# span 1 = 226.728079, 226.730530       
# span 2 =    0.00000,    0.05882       
# span 3 =     0.0000,     3.5292       
# span 4 =      0.000,    211.750       
# span 5 =  1000.5151,  1024.5618       
# span 6 =   3143.760,  49303.297       
# span 7 =     1.6411,    31.2421       
# span 8 =      0.019,     96.039       
# span 9 =    6.10366,    7.13646       
# span 10 =     9.3603,    14.0194      
# span 11 =     9.3705,    14.0220      
# span 12 =     0.5150,    24.1214      
# span 13 =   11.13690,   13.19393      
# span 14 = 6.4633e-02, 9.8092e+02      
# span 15 =      0.019,     96.968      
# span 16 = 0.0000e+00, 0.0000e+00      
# interval = seconds: 0.25
# start_time = Aug 14 2015 17:28:26 [Instrument's time stamp, header]
# bad_flag = -9.990e-29
*END*
[from data line 766]
        767 226.730295    0.05319     3.1917    191.500  1024.3633  49115.797    31.1701     78.843    6.50517     9.7426     9.7648    24.0024   11.75864 6.6284e-02     79.602 0.0000e+00
        768 226.730298    0.05326     3.1958    191.750  1024.3627  49112.235    31.1667     79.075    6.50610     9.7320     9.7593    24.0007   11.76022 6.6253e-02     79.836 0.0000e+00
        769 226.730301    0.05333     3.2000    192.000  1024.3628  49109.722    31.1638     79.307    6.50737     9.7200     9.7513    23.9997   11.76235 6.6221e-02     80.071 0.0000e+00
        770 226.730304    0.05340     3.2042    192.250  1024.3656  49111.745    31.1638     79.539    6.50890     9.7084     9.7406    24.0014   11.76488 6.6188e-02     80.306 0.0000e+00
        771 226.730307    0.05347     3.2083    192.500  1024.3707  49118.066    31.1666     79.774    6.51049     9.6976     9.7287    24.0055   11.76748 6.6167e-02     80.542 0.0000e+00
        772 226.730310    0.05354     3.2125    192.750  1024.3760  49124.644    31.1696     80.008    6.51203     9.6873     9.7170    24.0097   11.77000 6.6151e-02     80.779 0.0000e+00
        773 226.730313    0.05361     3.2167    193.000  1024.3805  49129.850    31.1717     80.238    6.51348     9.6778     9.7062    24.0131   11.77238 6.6123e-02     81.011 0.0000e+00
        774 226.730315    0.05368     3.2208    193.250  1024.3852  49135.633    31.1744     80.461    6.51484     9.6697     9.6960    24.0168   11.77460 6.6087e-02     81.236 0.0000e+00
        775 226.730318    0.05375     3.2250    193.500  1024.3907  49142.925    31.1782     80.673    6.51605     9.6634     9.6865    24.0213   11.77656 6.6061e-02     81.450 0.0000e+00
        776 226.730321    0.05382     3.2292    193.750  1024.3960  49150.135    31.1821     80.878    6.51704     9.6585     9.6784    24.0256   11.77815 6.6043e-02     81.657 0.0000e+00
        777 226.730324    0.05389     3.2333    194.000  1024.4001  49155.345    31.1848     81.082    6.51782     9.6541     9.6722    24.0288   11.77941 6.6011e-02     81.864 0.0000e+00
        778 226.730327    0.05396     3.2375    194.250  1024.4025  49157.498    31.1856     81.295    6.51848     9.6488     9.6673    24.0302   11.78050 6.5959e-02     82.079 0.0000e+00
        779 226.730330    0.05403     3.2417    194.500  1024.4030  49156.168    31.1840     81.522    6.51918     9.6418     9.6630    24.0296   11.78167 6.5897e-02     82.308 0.0000e+00
        780 226.730333    0.05410     3.2458    194.750  1024.4027  49153.183    31.1811     81.760    6.52005     9.6332     9.6577    24.0282   11.78315 6.5836e-02     82.548 0.0000e+00
        781 226.730336    0.05417     3.2500    195.000  1024.4036  49152.239    31.1794     82.001    6.52113     9.6243     9.6507    24.0280   11.78497 6.5783e-02     82.792 0.0000e+00
        782 226.730339    0.05424     3.2542    195.250  1024.4065  49154.733    31.1800     82.236    6.52234     9.6160     9.6421    24.0298   11.78696 6.5733e-02     83.029 0.0000e+00
        783 226.730341    0.05431     3.2583    195.500  1024.4106  49159.636    31.1821     82.459    6.52353     9.6089     9.6332    24.0329   11.78891 6.5668e-02     83.255 0.0000e+00
        784 226.730344    0.05438     3.2625    195.750  1024.4152  49165.434    31.1850     82.675    6.52460     9.6030     9.6249    24.0365   11.79064 6.5585e-02     83.473 0.0000e+00
        785 226.730347    0.05444     3.2667    196.000  1024.4193  49170.533    31.1876     82.893    6.52551     9.5980     9.6178    24.0396   11.79211 6.5492e-02     83.692 0.0000e+00
        786 226.730350    0.05451     3.2708    196.250  1024.4226  49174.189    31.1893     83.121    6.52628     9.5934     9.6120    24.0418   11.79337 6.5384e-02     83.922 0.0000e+00
        787 226.730353    0.05458     3.2750    196.500  1024.4253  49176.713    31.1903     83.360    6.52696     9.5891     9.6070    24.0434   11.79448 6.5274e-02     84.164 0.0000e+00
        788 226.730356    0.05465     3.2792    196.750  1024.4278  49178.794    31.1911     83.602    6.52758     9.5850     9.6024    24.0448   11.79550 6.5192e-02     84.408 0.0000e+00
        789 226.730359    0.05472     3.2833    197.000  1024.4301  49180.714    31.1918     83.833    6.52817     9.5809     9.5981    24.0460   11.79647 6.5141e-02     84.641 0.0000e+00
        790 226.730362    0.05479     3.2875    197.250  1024.4321  49182.350    31.1923     84.045    6.52874     9.5769     9.5940    24.0470   11.79741 6.5113e-02     84.856 0.0000e+00
        791 226.730365    0.05486     3.2917    197.500  1024.4339  49183.679    31.1926     84.243    6.52930     9.5727     9.5900    24.0479   11.79833 6.5117e-02     85.056 0.0000e+00
        792 226.730367    0.05493     3.2958    197.750  1024.4355  49184.669    31.1927     84.441    6.52987     9.5679     9.5860    24.0486   11.79928 6.5166e-02     85.255 0.0000e+00
        793 226.730370    0.05500     3.3000    198.000  1024.4369  49185.064    31.1923     84.653    6.53050     9.5622     9.5818    24.0490   11.80032 6.5227e-02     85.470 0.0000e+00
        794 226.730373    0.05507     3.3042    198.250  1024.4379  49184.632    31.1913     84.887    6.53122     9.5554     9.5771    24.0489   11.80153 6.5270e-02     85.706 0.0000e+00
        795 226.730376    0.05514     3.3083    198.500  1024.4391  49184.203    31.1901     85.136    6.53209     9.5478     9.5714    24.0489   11.80298 6.5284e-02     85.957 0.0000e+00
        796 226.730379    0.05521     3.3125    198.750  1024.4413  49185.616    31.1901     85.387    6.53307     9.5404     9.5646    24.0500   11.80460 6.5264e-02     86.210 0.0000e+00
        797 226.730382    0.05528     3.3167    199.000  1024.4449  49189.570    31.1918     85.627    6.53409     9.5338     9.5570    24.0525   11.80626 6.5231e-02     86.453 0.0000e+00
        798 226.730385    0.05535     3.3208    199.250  1024.4493  49195.122    31.1946     85.851    6.53504     9.5286     9.5496    24.0559   11.80781 6.5203e-02     86.679 0.0000e+00
        799 226.730388    0.05542     3.3250    199.500  1024.4538  49200.960    31.1977     86.061    6.53585     9.5246     9.5431    24.0594   11.80911 6.5181e-02     86.891 0.0000e+00
        800 226.730391    0.05549     3.3292    199.750  1024.4577  49205.985    31.2005     86.270    6.53649     9.5217     9.5378    24.0624   11.81013 6.5157e-02     87.102 0.0000e+00
        801 226.730394    0.05556     3.3333    200.000  1024.4610  49209.761    31.2025     86.488    6.53697     9.5195     9.5339    24.0646   11.81091 6.5132e-02     87.322 0.0000e+00
        802 226.730396    0.05563     3.3375    200.250  1024.4636  49212.569    31.2040     86.717    6.53733     9.5179     9.5310    24.0662   11.81149 6.5115e-02     87.554 0.0000e+00
        803 226.730399    0.05569     3.3417    200.500  1024.4660  49214.828    31.2052     86.952    6.53759     9.5169     9.5288    24.0674   11.81191 6.5104e-02     87.791 0.0000e+00
        804 226.730402    0.05576     3.3458    200.750  1024.4681  49216.623    31.2061     87.180    6.53777     9.5163     9.5273    24.0684   11.81219 6.5095e-02     88.022 0.0000e+00
        805 226.730405    0.05583     3.3500    201.000  1024.4697  49217.807    31.2068     87.397    6.53789     9.5158     9.5263    24.0691   11.81238 6.5092e-02     88.240 0.0000e+00
        806 226.730408    0.05590     3.3542    201.250  1024.4709  49218.385    31.2070     87.604    6.53796     9.5153     9.5257    24.0694   11.81250 6.5088e-02     88.450 0.0000e+00
        807 226.730411    0.05597     3.3583    201.500  1024.4719  49218.473    31.2069     87.814    6.53803     9.5145     9.5252    24.0694   11.81262 6.5072e-02     88.661 0.0000e+00
        808 226.730414    0.05604     3.3625    201.750  1024.4726  49218.167    31.2065     88.036    6.53812     9.5131     9.5247    24.0692   11.81277 6.5048e-02     88.886 0.0000e+00
        809 226.730417    0.05611     3.3667    202.000  1024.4733  49217.472    31.2058     88.274    6.53826     9.5109     9.5239    24.0687   11.81301 6.5023e-02     89.127 0.0000e+00
        810 226.730420    0.05618     3.3708    202.250  1024.4738  49216.325    31.2047     88.521    6.53850     9.5073     9.5226    24.0681   11.81342 6.5000e-02     89.377 0.0000e+00
        811 226.730422    0.05625     3.3750    202.500  1024.4741  49214.684    31.2032     88.765    6.53888     9.5019     9.5204    24.0672   11.81407 6.4980e-02     89.622 0.0000e+00
        812 226.730425    0.05632     3.3792    202.750  1024.4743  49212.890    31.2014     88.993    6.53947     9.4949     9.5169    24.0664   11.81507 6.4966e-02     89.853 0.0000e+00
        813 226.730428    0.05639     3.3833    203.000  1024.4754  49212.762    31.2005     89.204    6.54029     9.4873     9.5115    24.0665   11.81643 6.4959e-02     90.066 0.0000e+00
        814 226.730431    0.05646     3.3875    203.250  1024.4784  49215.988    31.2017     89.404    6.54125     9.4801     9.5044    24.0686   11.81801 6.4955e-02     90.267 0.0000e+00
        815 226.730434    0.05653     3.3917    203.500  1024.4827  49221.478    31.2044     89.603    6.54223     9.4739     9.4968    24.0720   11.81961 6.4948e-02     90.469 0.0000e+00
        816 226.730437    0.05660     3.3958    203.750  1024.4872  49227.280    31.2075     89.812    6.54313     9.4687     9.4897    24.0755   11.82106 6.4940e-02     90.680 0.0000e+00
        817 226.730440    0.05667     3.4000    204.000  1024.4914  49232.584    31.2103     90.034    6.54391     9.4644     9.4836    24.0787   11.82231 6.4926e-02     90.904 0.0000e+00
        818 226.730443    0.05674     3.4042    204.250  1024.4951  49237.002    31.2126     90.265    6.54456     9.4606     9.4784    24.0813   11.82336 6.4915e-02     91.137 0.0000e+00
        819 226.730446    0.05681     3.4083    204.500  1024.4981  49240.320    31.2143     90.498    6.54511     9.4572     9.4741    24.0832   11.82426 6.4906e-02     91.372 0.0000e+00
        820 226.730448    0.05688     3.4125    204.750  1024.5007  49242.848    31.2154     90.730    6.54561     9.4539     9.4703    24.0847   11.82506 6.4894e-02     91.606 0.0000e+00
        821 226.730451    0.05694     3.4167    205.000  1024.5030  49245.010    31.2164     90.959    6.54606     9.4508     9.4669    24.0860   11.82580 6.4879e-02     91.838 0.0000e+00
        822 226.730454    0.05701     3.4208    205.250  1024.5052  49246.869    31.2172     91.189    6.54649     9.4476     9.4637    24.0872   11.82650 6.4861e-02     92.071 0.0000e+00
        823 226.730457    0.05708     3.4250    205.500  1024.5072  49248.433    31.2178     91.421    6.54692     9.4442     9.4606    24.0881   11.82721 6.4846e-02     92.304 0.0000e+00
        824 226.730460    0.05715     3.4292    205.750  1024.5091  49249.760    31.2182     91.652    6.54737     9.4406     9.4574    24.0889   11.82795 6.4835e-02     92.538 0.0000e+00
        825 226.730463    0.05722     3.4333    206.000  1024.5111  49251.328    31.2187     91.882    6.54784     9.4371     9.4540    24.0899   11.82871 6.4823e-02     92.770 0.0000e+00
        826 226.730466    0.05729     3.4375    206.250  1024.5136  49253.675    31.2198     92.112    6.54830     9.4340     9.4504    24.0913   11.82947 6.4809e-02     93.002 0.0000e+00
        827 226.730469    0.05736     3.4417    206.500  1024.5162  49256.253    31.2210     92.341    6.54875     9.4310     9.4470    24.0928   11.83019 6.4790e-02     93.234 0.0000e+00
        828 226.730472    0.05743     3.4458    206.750  1024.5182  49257.930    31.2217     92.571    6.54916     9.4276     9.4439    24.0938   11.83087 6.4779e-02     93.466 0.0000e+00
        829 226.730475    0.05750     3.4500    207.000  1024.5195  49258.276    31.2215     92.800    6.54960     9.4231     9.4409    24.0941   11.83160 6.4787e-02     93.698 0.0000e+00
        830 226.730477    0.05757     3.4542    207.250  1024.5205  49257.985    31.2207     93.027    6.55013     9.4176     9.4375    24.0940   11.83249 6.4792e-02     93.927 0.0000e+00
        831 226.730480    0.05764     3.4583    207.500  1024.5219  49258.279    31.2202     93.249    6.55079     9.4113     9.4331    24.0944   11.83359 6.4783e-02     94.151 0.0000e+00
        832 226.730483    0.05771     3.4625    207.750  1024.5239  49259.715    31.2204     93.466    6.55158     9.4047     9.4276    24.0954   11.83490 6.4773e-02     94.370 0.0000e+00
        833 226.730486    0.05778     3.4667    208.000  1024.5265  49262.268    31.2212     93.679    6.55245     9.3980     9.4213    24.0970   11.83633 6.4761e-02     94.585 0.0000e+00
        834 226.730489    0.05785     3.4708    208.250  1024.5298  49265.995    31.2229     93.893    6.55335     9.3917     9.4147    24.0993   11.83780 6.4744e-02     94.802 0.0000e+00
        835 226.730492    0.05792     3.4750    208.500  1024.5336  49270.539    31.2251     94.112    6.55422     9.3860     9.4080    24.1021   11.83921 6.4727e-02     95.022 0.0000e+00
        836 226.730495    0.05799     3.4792    208.750  1024.5374  49275.014    31.2273     94.334    6.55503     9.3806     9.4018    24.1048   11.84052 6.4715e-02     95.247 0.0000e+00
        837 226.730498    0.05806     3.4833    209.000  1024.5408  49279.004    31.2292     94.559    6.55578     9.3758     9.3960    24.1072   11.84174 6.4708e-02     95.473 0.0000e+00
        838 226.730501    0.05813     3.4875    209.250  1024.5441  49282.847    31.2310     94.779    6.55647     9.3715     9.3907    24.1095   11.84286 6.4706e-02     95.695 0.0000e+00
        839 226.730503    0.05819     3.4917    209.500  1024.5475  49286.836    31.2331     94.986    6.55709     9.3681     9.3859    24.1119   11.84385 6.4701e-02     95.904 0.0000e+00
        840 226.730506    0.05826     3.4958    209.750  1024.5507  49290.832    31.2352     95.173    6.55761     9.3655     9.3816    24.1142   11.84470 6.4685e-02     96.094 0.0000e+00
        841 226.730509    0.05833     3.5000    210.000  1024.5535  49294.403    31.2372     95.341    6.55802     9.3636     9.3782    24.1163   11.84536 6.4665e-02     96.263 0.0000e+00
        842 226.730512    0.05840     3.5042    210.250  1024.5559  49297.228    31.2388     95.494    6.55834     9.3622     9.3756    24.1179   11.84586 6.4647e-02     96.418 0.0000e+00
        843 226.730515    0.05847     3.5083    210.500  1024.5577  49299.319    31.2399     95.636    6.55856     9.3613     9.3737    24.1191   11.84622 6.4635e-02     96.561 0.0000e+00
        844 226.730518    0.05854     3.5125    210.750  1024.5592  49300.826    31.2408     95.766    6.55872     9.3607     9.3724    24.1200   11.84646 6.4633e-02     96.692 0.0000e+00
        845 226.730521    0.05861     3.5167    211.000  1024.5603  49301.905    31.2414     95.879    6.55882     9.3604     9.3715    24.1206   11.84662 6.4639e-02     96.807 0.0000e+00
        846 226.730524    0.05868     3.5208    211.250  1024.5611  49302.658    31.2418     95.967    6.55889     9.3603     9.3709    24.1210   11.84673 6.4646e-02     96.896 0.0000e+00
        847 226.730527    0.05875     3.5250    211.500  1024.5616  49303.130    31.2420     96.021    6.55893 -9.990e-29     9.3706    24.1213   11.84678 6.4652e-02     96.950 0.0000e+00
        848 226.730530    0.05882     3.5292    211.750  1024.5618  49303.297    31.2421     96.039    6.55894 -9.990e-29     9.3705    24.1214   11.84680 6.4654e-02     96.968 0.0000e+00
