CTD-processing/allCTD/CNV--homogene/2015_09-04_t9_s08_cast178.cnv
* Sea-Bird SBE19plus Data File:
* FileName = C:\Users\Kris.Holderied\Documents\kasitsna\Research-KBL\Oceanography-AK\CTD-Data-ALL-to-2015-06\2015-CTD-KachemakBay-CookInlet\2015-09-04-CookInlet-HomerSpit-Monthly\2015-09-04-CookInlet-Tran9-cast178.hex
* Software Version 1.59
* Temperature SN =  5028
* Conductivity SN =  5028
* System UpLoad Time = Oct 19 2015 12:09:42
** Cook Inlet LTM Transect 9 Homer Spit Monthly

** Date: 09-04
** Station:  9-08
** Start time (AKDT): 09:58
** Depth (m): 91.4
** Comment:  R/V Barnacle
** Comment:
# nquan = 17
# nvalues = 641                         
# units = specified
# name 0 = scan: Scan Count
# name 1 = timeJ: Julian Days
# name 2 = timeH: Time, Elapsed [hours]
# name 3 = timeM: Time, Elapsed [minutes]
# name 4 = timeS: Time, Elapsed [seconds]
# name 5 = density00: Density [density, kg/m^3]
# name 6 = specc: Specific Conductance [uS/cm]
# name 7 = sal00: Salinity, Practical [PSU]
# name 8 = depSM: Depth [salt water, m], lat = 59.00
# name 9 = oxsolML/L: Oxygen Saturation, Garcia & Gordon [ml/l]
# name 10 = potemp090C: Potential Temperature [ITS-90, deg C]
# name 11 = tv290C: Temperature [ITS-90, deg C]
# name 12 = sigma-é00: Density [sigma-theta, kg/m^3]
# name 13 = n2satML/L: Nitrogen Saturation [ml/l]
# name 14 = par: PAR/Irradiance, Biospherical/Licor
# name 15 = prdM: Pressure, Strain Gauge [db]
# name 16 = flag:  0.000e+00
# span 0 =          1,        641       
# span 1 = 247.415475, 247.417326       
# span 2 =    0.00000,    0.04444       
# span 3 =     0.0000,     2.6667       
# span 4 =      0.000,    160.000       
# span 5 =  1000.2040,  1024.7195       
# span 6 =   1441.990,  49662.306       
# span 7 =     0.7151,    31.4775       
# span 8 =     -0.078,     84.950       
# span 9 =    6.40764,    7.74653       
# span 10 =     9.2033,    10.9220      
# span 11 =     9.2121,    10.9221      
# span 12 =     0.2044,    24.3297      
# span 13 =   11.61006,   14.23993      
# span 14 = 5.7497e-02, 1.3897e+02      
# span 15 =     -0.078,     85.770      
# span 16 = 0.0000e+00, 0.0000e+00      
# interval = seconds: 0.25
# start_time = Sep 04 2015 09:58:17 [Instrument's time stamp, header]
# bad_flag = -9.990e-29
*END*
[from data line 171]
        172 247.415969    0.01188     0.7125     42.750  1022.9379  47252.008    30.0077      0.675    6.41545    10.7443    10.7422    22.9348   11.62383 8.4503e+01      0.682 0.0000e+00
        173 247.415972    0.01194     0.7167     43.000  1022.9334  47243.998    30.0021      0.661    6.41562    10.7474    10.7425    22.9304   11.62419 8.3497e+01      0.667 0.0000e+00
        174 247.415975    0.01201     0.7208     43.250  1022.9270  47232.565    29.9943      0.662    6.41569    10.7509    10.7444    22.9240   11.62438 8.2154e+01      0.668 0.0000e+00
        175 247.415978    0.01208     0.7250     43.500  1022.9208  47221.600    29.9869      0.678    6.41556    10.7538    10.7475    22.9178   11.62426 8.1039e+01      0.685 0.0000e+00
        176 247.415981    0.01215     0.7292     43.750  1022.9178  47216.483    29.9837      0.702    6.41520    10.7555    10.7510    22.9147   11.62371 8.0448e+01      0.708 0.0000e+00
        177 247.415984    0.01222     0.7333     44.000  1022.9184  47217.934    29.9850      0.722    6.41474    10.7555    10.7539    22.9152   11.62292 8.0513e+01      0.728 0.0000e+00
        178 247.415987    0.01229     0.7375     44.250  1022.9203  47221.629    29.9878      0.728    6.41440    10.7543    10.7556    22.9171   11.62232 8.1026e+01      0.735 0.0000e+00
        179 247.415990    0.01236     0.7417     44.500  1022.9212  47223.183    29.9889      0.719    6.41436    10.7530    10.7555    22.9179   11.62224 8.1622e+01      0.726 0.0000e+00
        180 247.415992    0.01243     0.7458     44.750  1022.9198  47220.611    29.9870      0.698    6.41460    10.7528    10.7543    22.9166   11.62267 8.2194e+01      0.704 0.0000e+00
        181 247.415995    0.01250     0.7500     45.000  1022.9161  47213.841    29.9821      0.673    6.41498    10.7544    10.7531    22.9130   11.62335 8.2597e+01      0.680 0.0000e+00
        182 247.415998    0.01257     0.7542     45.250  1022.9107  47204.068    29.9752      0.657    6.41529    10.7579    10.7529    22.9077   11.62394 8.2585e+01      0.664 0.0000e+00
        183 247.416001    0.01264     0.7583     45.500  1022.9036  47191.237    29.9663      0.657    6.41543    10.7626    10.7545    22.9005   11.62427 8.2046e+01      0.663 0.0000e+00
        184 247.416004    0.01271     0.7625     45.750  1022.8950  47175.958    29.9559      0.673    6.41537    10.7673    10.7580    22.8919   11.62430 8.1517e+01      0.679 0.0000e+00
        185 247.416007    0.01278     0.7667     46.000  1022.8876  47163.031    29.9474      0.699    6.41507    10.7709    10.7627    22.8844   11.62390 8.1436e+01      0.706 0.0000e+00
        186 247.416010    0.01285     0.7708     46.250  1022.8843  47157.527    29.9440      0.725    6.41455    10.7725    10.7674    22.8810   11.62308 8.1541e+01      0.732 0.0000e+00
        187 247.416013    0.01292     0.7750     46.500  1022.8847  47158.707    29.9452      0.741    6.41400    10.7718    10.7710    22.8813   11.62215 8.1776e+01      0.747 0.0000e+00
        188 247.416016    0.01299     0.7792     46.750  1022.8860  47161.310    29.9472      0.739    6.41370    10.7696    10.7726    22.8826   11.62163 8.2267e+01      0.746 0.0000e+00
        189 247.416019    0.01306     0.7833     47.000  1022.8862  47161.739    29.9475      0.722    6.41379    10.7673    10.7718    22.8829   11.62178 8.2814e+01      0.729 0.0000e+00
        190 247.416021    0.01313     0.7875     47.250  1022.8846  47158.548    29.9450      0.698    6.41419    10.7662    10.7696    22.8814   11.62249 8.2882e+01      0.705 0.0000e+00
        191 247.416024    0.01319     0.7917     47.500  1022.8812  47152.155    29.9402      0.678    6.41469    10.7668    10.7674    22.8781   11.62338 8.2081e+01      0.685 0.0000e+00
        192 247.416027    0.01326     0.7958     47.750  1022.8769  47144.227    29.9345      0.671    6.41508    10.7688    10.7663    22.8738   11.62409 8.0781e+01      0.677 0.0000e+00
        193 247.416030    0.01333     0.8000     48.000  1022.8719  47135.103    29.9282      0.680    6.41527    10.7715    10.7669    22.8688   11.62447 7.9605e+01      0.686 0.0000e+00
        194 247.416033    0.01340     0.8042     48.250  1022.8671  47126.553    29.9224      0.701    6.41522    10.7739    10.7689    22.8639   11.62446 7.8857e+01      0.707 0.0000e+00
        195 247.416036    0.01347     0.8083     48.500  1022.8647  47122.367    29.9197      0.723    6.41495    10.7752    10.7716    22.8614   11.62405 7.8757e+01      0.730 0.0000e+00
        196 247.416039    0.01354     0.8125     48.750  1022.8653  47123.615    29.9208      0.738    6.41457    10.7751    10.7740    22.8619   11.62340 7.9261e+01      0.744 0.0000e+00
        197 247.416042    0.01361     0.8167     49.000  1022.8671  47127.062    29.9234      0.738    6.41428    10.7736    10.7753    22.8637   11.62289 8.0119e+01      0.745 0.0000e+00
        198 247.416045    0.01368     0.8208     49.250  1022.8682  47129.285    29.9250      0.725    6.41424    10.7718    10.7752    22.8649   11.62281 8.1009e+01      0.732 0.0000e+00
        199 247.416047    0.01375     0.8250     49.500  1022.8682  47129.183    29.9247      0.704    6.41445    10.7704    10.7737    22.8650   11.62316 8.1371e+01      0.711 0.0000e+00
        200 247.416050    0.01382     0.8292     49.750  1022.8672  47127.252    29.9232      0.686    6.41477    10.7698    10.7719    22.8641   11.62371 8.1083e+01      0.693 0.0000e+00
        201 247.416053    0.01389     0.8333     50.000  1022.8662  47125.252    29.9216      0.675    6.41503    10.7703    10.7704    22.8631   11.62417 8.0535e+01      0.682 0.0000e+00
        202 247.416056    0.01396     0.8375     50.250  1022.8655  47123.865    29.9206      0.677    6.41515    10.7718    10.7699    22.8624   11.62437 7.9915e+01      0.683 0.0000e+00
        203 247.416059    0.01403     0.8417     50.500  1022.8644  47121.914    29.9193      0.689    6.41513    10.7739    10.7704    22.8613   11.62436 7.9430e+01      0.695 0.0000e+00
        204 247.416062    0.01410     0.8458     50.750  1022.8627  47118.966    29.9174      0.707    6.41500    10.7760    10.7719    22.8595   11.62417 7.9268e+01      0.714 0.0000e+00
        205 247.416065    0.01417     0.8500     51.000  1022.8611  47116.076    29.9156      0.726    6.41479    10.7775    10.7740    22.8578   11.62383 7.9302e+01      0.733 0.0000e+00
        206 247.416068    0.01424     0.8542     51.250  1022.8602  47114.711    29.9148      0.739    6.41453    10.7781    10.7761    22.8568   11.62341 7.9622e+01      0.746 0.0000e+00
        207 247.416071    0.01431     0.8583     51.500  1022.8603  47115.139    29.9153      0.739    6.41430    10.7778    10.7776    22.8569   11.62303 8.0387e+01      0.746 0.0000e+00
        208 247.416073    0.01438     0.8625     51.750  1022.8605  47115.752    29.9158      0.723    6.41419    10.7772    10.7782    22.8572   11.62284 8.1503e+01      0.730 0.0000e+00
        209 247.416076    0.01444     0.8667     52.000  1022.8597  47114.457    29.9149      0.693    6.41427    10.7774    10.7779    22.8566   11.62298 8.2843e+01      0.700 0.0000e+00
        210 247.416079    0.01451     0.8708     52.250  1022.8566  47108.950    29.9109      0.656    6.41452    10.7795    10.7773    22.8536   11.62344 8.4043e+01      0.662 0.0000e+00
        211 247.416082    0.01458     0.8750     52.500  1022.8495  47096.172    29.9020      0.623    6.41486    10.7849    10.7775    22.8466   11.62412 8.4289e+01      0.629 0.0000e+00
        212 247.416085    0.01465     0.8792     52.750  1022.8366  47073.078    29.8860      0.606    6.41522    10.7939    10.7796    22.8338   11.62489 8.3140e+01      0.612 0.0000e+00
        213 247.416088    0.01472     0.8833     53.000  1022.8178  47039.579    29.8630      0.612    6.41541    10.8048    10.7850    22.8150   11.62548 8.1386e+01      0.618 0.0000e+00
        214 247.416091    0.01479     0.8875     53.250  1022.7975  47003.559    29.8386      0.634    6.41516    10.8146    10.7940    22.7946   11.62536 8.0282e+01      0.640 0.0000e+00
        215 247.416094    0.01486     0.8917     53.500  1022.7828  46978.301    29.8220      0.659    6.41433    10.8210    10.8049    22.7798   11.62417 8.0312e+01      0.665 0.0000e+00
        216 247.416097    0.01493     0.8958     53.750  1022.7765  46968.154    29.8159      0.675    6.41321    10.8230    10.8147    22.7735   11.62239 8.1069e+01      0.681 0.0000e+00
        217 247.416100    0.01500     0.9000     54.000  1022.7745  46965.489    29.8148      0.675    6.41237    10.8215    10.8211    22.7715   11.62101 8.2187e+01      0.681 0.0000e+00
        218 247.416102    0.01507     0.9042     54.250  1022.7731  46963.237    29.8134      0.662    6.41214    10.8190    10.8231    22.7701   11.62065 8.3195e+01      0.668 0.0000e+00
        219 247.416105    0.01514     0.9083     54.500  1022.7698  46957.270    29.8090      0.643    6.41253    10.8178    10.8216    22.7669   11.62135 8.3418e+01      0.648 0.0000e+00
        220 247.416108    0.01521     0.9125     54.750  1022.7636  46945.511    29.8005      0.629    6.41323    10.8195    10.8190    22.7607   11.62262 8.2949e+01      0.635 0.0000e+00
        221 247.416111    0.01528     0.9167     55.000  1022.7551  46929.926    29.7894      0.629    6.41384    10.8239    10.8179    22.7523   11.62376 8.2288e+01      0.635 0.0000e+00
        222 247.416114    0.01535     0.9208     55.250  1022.7453  46912.115    29.7771      0.646    6.41412    10.8294    10.8196    22.7424   11.62436 8.1635e+01      0.651 0.0000e+00
        223 247.416117    0.01542     0.9250     55.500  1022.7360  46895.519    29.7659      0.673    6.41397    10.8340    10.8239    22.7329   11.62425 8.1142e+01      0.678 0.0000e+00
        224 247.416120    0.01549     0.9292     55.750  1022.7323  46889.326    29.7621      0.700    6.41335    10.8359    10.8295    22.7291   11.62327 8.1178e+01      0.706 0.0000e+00
        225 247.416123    0.01556     0.9333     56.000  1022.7369  46898.436    29.7690      0.718    6.41244    10.8345    10.8341    22.7337   11.62167 8.1784e+01      0.725 0.0000e+00
        226 247.416126    0.01563     0.9375     56.250  1022.7462  46915.730    29.7814      0.721    6.41166    10.8301    10.8360    22.7430   11.62024 8.2454e+01      0.728 0.0000e+00
        227 247.416128    0.01569     0.9417     56.500  1022.7544  46930.605    29.7917      0.708    6.41144    10.8246    10.8346    22.7512   11.61975 8.2692e+01      0.715 0.0000e+00
        228 247.416131    0.01576     0.9458     56.750  1022.7583  46937.076    29.7958      0.687    6.41189    10.8201    10.8302    22.7552   11.62045 8.2226e+01      0.693 0.0000e+00
        229 247.416134    0.01583     0.9500     57.000  1022.7571  46934.242    29.7932      0.665    6.41276    10.8179    10.8247    22.7541   11.62192 8.1058e+01      0.671 0.0000e+00
        230 247.416137    0.01590     0.9542     57.250  1022.7535  46927.178    29.7877      0.651    6.41360    10.8181    10.8202    22.7506   11.62338 7.9549e+01      0.657 0.0000e+00
        231 247.416140    0.01597     0.9583     57.500  1022.7504  46921.135    29.7832      0.650    6.41409    10.8201    10.8180    22.7474   11.62424 7.8212e+01      0.656 0.0000e+00
        232 247.416143    0.01604     0.9625     57.750  1022.7477  46916.216    29.7798      0.659    6.41419    10.8225    10.8182    22.7447   11.62445 7.7450e+01      0.665 0.0000e+00
        233 247.416146    0.01611     0.9667     58.000  1022.7461  46913.432    29.7780      0.673    6.41400    10.8244    10.8202    22.7431   11.62415 7.7472e+01      0.679 0.0000e+00
        234 247.416149    0.01618     0.9708     58.250  1022.7473  46915.836    29.7800      0.686    6.41358    10.8251    10.8226    22.7442   11.62343 7.8230e+01      0.692 0.0000e+00
        235 247.416152    0.01625     0.9750     58.500  1022.7509  46922.681    29.7850      0.692    6.41311    10.8244    10.8245    22.7478   11.62259 7.9371e+01      0.699 0.0000e+00
        236 247.416155    0.01632     0.9792     58.750  1022.7547  46929.752    29.7901      0.692    6.41280    10.8223    10.8252    22.7516   11.62202 8.0382e+01      0.698 0.0000e+00
        237 247.416157    0.01639     0.9833     59.000  1022.7571  46934.120    29.7931      0.688    6.41279    10.8197    10.8245    22.7540   11.62197 8.0941e+01      0.694 0.0000e+00
        238 247.416160    0.01646     0.9875     59.250  1022.7579  46935.156    29.7936      0.682    6.41306    10.8176    10.8224    22.7548   11.62241 8.0837e+01      0.688 0.0000e+00
        239 247.416163    0.01653     0.9917     59.500  1022.7571  46933.316    29.7920      0.678    6.41348    10.8162    10.8198    22.7540   11.62312 8.0107e+01      0.684 0.0000e+00
        240 247.416166    0.01660     0.9958     59.750  1022.7555  46930.224    29.7896      0.676    6.41387    10.8155    10.8177    22.7525   11.62380 7.9193e+01      0.682 0.0000e+00
        241 247.416169    0.01667     1.0000     60.000  1022.7541  46927.473    29.7875      0.676    6.41414    10.8153    10.8163    22.7511   11.62427 7.8523e+01      0.682 0.0000e+00
        242 247.416172    0.01674     1.0042     60.250  1022.7530  46925.351    29.7859      0.677    6.41429    10.8155    10.8156    22.7500   11.62455 7.8096e+01      0.683 0.0000e+00
        243 247.416175    0.01681     1.0083     60.500  1022.7521  46923.578    29.7847      0.679    6.41437    10.8160    10.8154    22.7490   11.62470 7.7570e+01      0.685 0.0000e+00
        244 247.416178    0.01688     1.0125     60.750  1022.7514  46922.196    29.7837      0.682    6.41439    10.8167    10.8156    22.7482   11.62474 7.7006e+01      0.688 0.0000e+00
        245 247.416181    0.01694     1.0167     61.000  1022.7511  46921.773    29.7835      0.685    6.41433    10.8171    10.8161    22.7480   11.62465 7.6671e+01      0.691 0.0000e+00
        246 247.416183    0.01701     1.0208     61.250  1022.7519  46923.306    29.7846      0.686    6.41420    10.8171    10.8167    22.7488   11.62441 7.6539e+01      0.692 0.0000e+00
        247 247.416186    0.01708     1.0250     61.500  1022.7540  46927.272    29.7875      0.682    6.41402    10.8164    10.8172    22.7509   11.62408 7.6617e+01      0.689 0.0000e+00
        248 247.416189    0.01715     1.0292     61.750  1022.7564  46931.770    29.7906      0.675    6.41390    10.8153    10.8171    22.7534   11.62384 7.6994e+01      0.681 0.0000e+00
        249 247.416192    0.01722     1.0333     62.000  1022.7572  46933.209    29.7916      0.667    6.41396    10.8145    10.8164    22.7542   11.62393 7.7422e+01      0.673 0.0000e+00
        250 247.416195    0.01729     1.0375     62.250  1022.7557  46930.203    29.7893      0.662    6.41420    10.8147    10.8153    22.7527   11.62435 7.7513e+01      0.669 0.0000e+00
        251 247.416198    0.01736     1.0417     62.500  1022.7528  46924.841    29.7855      0.666    6.41447    10.8160    10.8146    22.7498   11.62484 7.7263e+01      0.672 0.0000e+00
        252 247.416201    0.01743     1.0458     62.750  1022.7501  46919.957    29.7820      0.677    6.41458    10.8178    10.8148    22.7471   11.62507 7.6880e+01      0.683 0.0000e+00
        253 247.416204    0.01750     1.0500     63.000  1022.7487  46917.465    29.7804      0.690    6.41447    10.8193    10.8160    22.7456   11.62491 7.6683e+01      0.696 0.0000e+00
        254 247.416207    0.01757     1.0542     63.250  1022.7493  46918.744    29.7815      0.699    6.41417    10.8199    10.8179    22.7462   11.62440 7.6841e+01      0.706 0.0000e+00
        255 247.416209    0.01764     1.0583     63.500  1022.7517  46923.398    29.7849      0.700    6.41382    10.8190    10.8194    22.7486   11.62377 7.7270e+01      0.707 0.0000e+00
