CTD-processing/allCTD/CNV--homogene/2015_11-04_t9_s05_cast035.cnv
* Sea-Bird SBE19plus Data File:
* FileName = C:\Users\Kris.Holderied\Documents\kasitsna\Research-KBL\Oceanography-AK\CTD-Data-ALL-to-2015-10\2015-CTD-KachemakBay-CookInlet\2015-11-EVOSTC-CookInlet-quarterly\2015-11-04-CookInlet-Tran9-HomerSpit\2015-11-04-CookInlet-Tran9-cast035.hex
* Software Version 1.59
* Temperature SN =  5028
* Conductivity SN =  5028
* System UpLoad Time = Nov 07 2015 12:24:36
** Cook Inlet LTM Tran9 Homer Spit south to north

** Date: 11-04
** Station: 9-05
** Start time (AKST): 21:26
** Depth (m): 96.4
** Comment: M/V Ursus.
** Comment:
# nquan = 17
# nvalues = 1090                        
# units = specified
# name 0 = scan: Scan Count
# name 1 = timeJ: Julian Days
# name 2 = timeH: Time, Elapsed [hours]
# name 3 = timeM: Time, Elapsed [minutes]
# name 4 = timeS: Time, Elapsed [seconds]
# name 5 = density00: Density [density, kg/m^3]
# name 6 = specc: Specific Conductance [uS/cm]
# name 7 = sal00: Salinity, Practical [PSU]
# name 8 = depSM: Depth [salt water, m], lat = 59.00
# name 9 = oxsolML/L: Oxygen Saturation, Garcia & Gordon [ml/l]
# name 10 = potemp090C: Potential Temperature [ITS-90, deg C]
# name 11 = tv290C: Temperature [ITS-90, deg C]
# name 12 = sigma-é00: Density [sigma-theta, kg/m^3]
# name 13 = n2satML/L: Nitrogen Saturation [ml/l]
# name 14 = par: PAR/Irradiance, Biospherical/Licor
# name 15 = prdM: Pressure, Strain Gauge [db]
# name 16 = flag:  0.000e+00
# span 0 =          1,       1090       
# span 1 = 308.892465, 308.895616       
# span 2 =    0.00000,    0.07562       
# span 3 =     0.0000,     4.5375       
# span 4 =      0.000,    272.250       
# span 5 =  1000.6997,  1024.3183       
# span 6 =   2029.638,  48821.547       
# span 7 =     1.0116,    30.8529       
# span 8 =     -0.118,     96.618       
# span 9 =    6.60626,    8.40588       
# span 10 =     7.0860,     9.2554      
# span 11 =     7.0860,     9.2599      
# span 12 =     0.7003,    23.8745      
# span 13 =   11.93405,   15.34759      
# span 14 = 3.7976e-02, 2.6208e+00      
# span 15 =     -0.119,     97.552      
# span 16 = 0.0000e+00, 0.0000e+00      
# interval = seconds: 0.25
# start_time = Nov 04 2015 21:25:09 [Instrument's time stamp, header]
# bad_flag = -9.990e-29
*END*
[from data line 511]
        512 308.893944    0.03549     2.1292    127.750  1023.6672  48208.985    30.4875     25.496    6.60928     9.2430     9.2451    23.5499   11.93933 5.4848e-02     25.738 0.0000e+00
        513 308.893947    0.03556     2.1333    128.000  1023.6677  48208.884    30.4874     25.631    6.60923     9.2431     9.2454    23.5498   11.93926 5.4691e-02     25.875 0.0000e+00
        514 308.893950    0.03562     2.1375    128.250  1023.6682  48208.690    30.4872     25.768    6.60920     9.2432     9.2457    23.5497   11.93921 5.4543e-02     26.013 0.0000e+00
        515 308.893953    0.03569     2.1417    128.500  1023.6686  48208.424    30.4870     25.906    6.60919     9.2432     9.2458    23.5495   11.93918 5.4401e-02     26.152 0.0000e+00
        516 308.893955    0.03576     2.1458    128.750  1023.6691  48208.178    30.4868     26.046    6.60919     9.2431     9.2459    23.5493   11.93918 5.4261e-02     26.294 0.0000e+00
        517 308.893958    0.03583     2.1500    129.000  1023.6696  48208.076    30.4866     26.189    6.60919     9.2431     9.2459    23.5492   11.93920 5.4120e-02     26.438 0.0000e+00
        518 308.893961    0.03590     2.1542    129.250  1023.6703  48208.085    30.4866     26.334    6.60920     9.2430     9.2458    23.5492   11.93921 5.3979e-02     26.584 0.0000e+00
        519 308.893964    0.03597     2.1583    129.500  1023.6709  48208.072    30.4865     26.479    6.60920     9.2430     9.2458    23.5491   11.93922 5.3841e-02     26.731 0.0000e+00
        520 308.893967    0.03604     2.1625    129.750  1023.6715  48208.003    30.4864     26.625    6.60921     9.2429     9.2458    23.5491   11.93924 5.3708e-02     26.879 0.0000e+00
        521 308.893970    0.03611     2.1667    130.000  1023.6720  48207.908    30.4863     26.771    6.60923     9.2428     9.2457    23.5490   11.93926 5.3587e-02     27.026 0.0000e+00
        522 308.893973    0.03618     2.1708    130.250  1023.6726  48207.737    30.4861     26.917    6.60924     9.2426     9.2457    23.5488   11.93929 5.3477e-02     27.173 0.0000e+00
        523 308.893976    0.03625     2.1750    130.500  1023.6730  48207.464    30.4858     27.061    6.60927     9.2425     9.2456    23.5486   11.93933 5.3374e-02     27.318 0.0000e+00
        524 308.893979    0.03632     2.1792    130.750  1023.6736  48207.364    30.4857     27.202    6.60930     9.2423     9.2455    23.5485   11.93938 5.3276e-02     27.461 0.0000e+00
        525 308.893981    0.03639     2.1833    131.000  1023.6743  48207.550    30.4857     27.341    6.60931     9.2422     9.2453    23.5486   11.93941 5.3179e-02     27.601 0.0000e+00
        526 308.893984    0.03646     2.1875    131.250  1023.6750  48207.684    30.4857     27.477    6.60933     9.2422     9.2452    23.5486   11.93943 5.3080e-02     27.738 0.0000e+00
        527 308.893987    0.03653     2.1917    131.500  1023.6756  48207.756    30.4857     27.610    6.60934     9.2422     9.2451    23.5486   11.93945 5.2981e-02     27.873 0.0000e+00
        528 308.893990    0.03660     2.1958    131.750  1023.6763  48208.012    30.4858     27.743    6.60934     9.2422     9.2451    23.5487   11.93946 5.2887e-02     28.007 0.0000e+00
        529 308.893993    0.03667     2.2000    132.000  1023.6771  48208.346    30.4860     27.877    6.60934     9.2423     9.2451    23.5489   11.93944 5.2802e-02     28.141 0.0000e+00
        530 308.893996    0.03674     2.2042    132.250  1023.6778  48208.669    30.4861     28.011    6.60932     9.2424     9.2451    23.5490   11.93942 5.2732e-02     28.277 0.0000e+00
        531 308.893999    0.03681     2.2083    132.500  1023.6786  48209.064    30.4864     28.146    6.60930     9.2425     9.2452    23.5492   11.93938 5.2668e-02     28.413 0.0000e+00
        532 308.894002    0.03687     2.2125    132.750  1023.6794  48209.529    30.4867     28.282    6.60927     9.2427     9.2453    23.5494   11.93933 5.2603e-02     28.551 0.0000e+00
        533 308.894005    0.03694     2.2167    133.000  1023.6803  48210.001    30.4869     28.420    6.60924     9.2428     9.2455    23.5496   11.93927 5.2539e-02     28.690 0.0000e+00
        534 308.894008    0.03701     2.2208    133.250  1023.6811  48210.480    30.4872     28.561    6.60920     9.2430     9.2457    23.5498   11.93920 5.2477e-02     28.832 0.0000e+00
        535 308.894010    0.03708     2.2250    133.500  1023.6820  48210.948    30.4875     28.703    6.60916     9.2433     9.2458    23.5500   11.93913 5.2416e-02     28.976 0.0000e+00
        536 308.894013    0.03715     2.2292    133.750  1023.6828  48211.353    30.4878     28.848    6.60911     9.2435     9.2460    23.5502   11.93905 5.2347e-02     29.122 0.0000e+00
        537 308.894016    0.03722     2.2333    134.000  1023.6836  48211.746    30.4881     28.993    6.60907     9.2437     9.2463    23.5503   11.93898 5.2275e-02     29.269 0.0000e+00
        538 308.894019    0.03729     2.2375    134.250  1023.6844  48212.053    30.4883     29.139    6.60903     9.2439     9.2465    23.5504   11.93890 5.2208e-02     29.416 0.0000e+00
        539 308.894022    0.03736     2.2417    134.500  1023.6851  48212.147    30.4883     29.286    6.60899     9.2441     9.2467    23.5504   11.93884 5.2148e-02     29.564 0.0000e+00
        540 308.894025    0.03743     2.2458    134.750  1023.6857  48212.176    30.4883     29.432    6.60897     9.2442     9.2469    23.5504   11.93879 5.2090e-02     29.712 0.0000e+00
        541 308.894028    0.03750     2.2500    135.000  1023.6863  48212.257    30.4883     29.577    6.60894     9.2442     9.2471    23.5504   11.93875 5.2030e-02     29.858 0.0000e+00
        542 308.894031    0.03757     2.2542    135.250  1023.6870  48212.327    30.4883     29.719    6.60892     9.2443     9.2473    23.5504   11.93872 5.1966e-02     30.001 0.0000e+00
        543 308.894034    0.03764     2.2583    135.500  1023.6876  48212.373    30.4883     29.857    6.60890     9.2444     9.2474    23.5504   11.93869 5.1897e-02     30.141 0.0000e+00
        544 308.894036    0.03771     2.2625    135.750  1023.6882  48212.530    30.4883     29.994    6.60889     9.2444     9.2474    23.5504   11.93867 5.1830e-02     30.279 0.0000e+00
        545 308.894039    0.03778     2.2667    136.000  1023.6890  48212.927    30.4886     30.128    6.60887     9.2446     9.2475    23.5505   11.93864 5.1768e-02     30.414 0.0000e+00
        546 308.894042    0.03785     2.2708    136.250  1023.6899  48213.435    30.4889     30.261    6.60884     9.2448     9.2476    23.5508   11.93859 5.1711e-02     30.549 0.0000e+00
        547 308.894045    0.03792     2.2750    136.500  1023.6907  48213.847    30.4891     30.393    6.60881     9.2450     9.2477    23.5510   11.93854 5.1657e-02     30.683 0.0000e+00
        548 308.894048    0.03799     2.2792    136.750  1023.6914  48214.134    30.4893     30.527    6.60877     9.2451     9.2479    23.5511   11.93847 5.1603e-02     30.818 0.0000e+00
        549 308.894051    0.03806     2.2833    137.000  1023.6921  48214.307    30.4894     30.661    6.60874     9.2453     9.2481    23.5511   11.93841 5.1549e-02     30.954 0.0000e+00
        550 308.894054    0.03812     2.2875    137.250  1023.6926  48214.334    30.4894     30.798    6.60871     9.2453     9.2483    23.5511   11.93837 5.1500e-02     31.091 0.0000e+00
        551 308.894057    0.03819     2.2917    137.500  1023.6931  48214.137    30.4892     30.935    6.60870     9.2453     9.2485    23.5509   11.93835 5.1456e-02     31.230 0.0000e+00
        552 308.894060    0.03826     2.2958    137.750  1023.6935  48213.774    30.4889     31.074    6.60871     9.2452     9.2485    23.5507   11.93837 5.1409e-02     31.370 0.0000e+00
        553 308.894063    0.03833     2.3000    138.000  1023.6940  48213.587    30.4887     31.215    6.60872     9.2451     9.2485    23.5505   11.93839 5.1361e-02     31.512 0.0000e+00
        554 308.894065    0.03840     2.3042    138.250  1023.6948  48213.810    30.4888     31.358    6.60873     9.2451     9.2484    23.5506   11.93841 5.1314e-02     31.656 0.0000e+00
        555 308.894068    0.03847     2.3083    138.500  1023.6957  48214.317    30.4891     31.502    6.60873     9.2452     9.2483    23.5508   11.93840 5.1264e-02     31.801 0.0000e+00
        556 308.894071    0.03854     2.3125    138.750  1023.6966  48214.856    30.4894     31.646    6.60871     9.2453     9.2483    23.5511   11.93837 5.1216e-02     31.947 0.0000e+00
        557 308.894074    0.03861     2.3167    139.000  1023.6974  48215.216    30.4896     31.790    6.60869     9.2454     9.2484    23.5512   11.93833 5.1172e-02     32.092 0.0000e+00
        558 308.894077    0.03868     2.3208    139.250  1023.6980  48215.278    30.4896     31.933    6.60867     9.2455     9.2486    23.5512   11.93829 5.1130e-02     32.237 0.0000e+00
        559 308.894080    0.03875     2.3250    139.500  1023.6985  48215.118    30.4895     32.075    6.60865     9.2455     9.2488    23.5511   11.93826 5.1088e-02     32.380 0.0000e+00
        560 308.894083    0.03882     2.3292    139.750  1023.6990  48214.907    30.4893     32.215    6.60864     9.2455     9.2489    23.5509   11.93826 5.1049e-02     32.522 0.0000e+00
        561 308.894086    0.03889     2.3333    140.000  1023.6995  48214.723    30.4891     32.354    6.60864     9.2454     9.2489    23.5508   11.93826 5.1011e-02     32.662 0.0000e+00
        562 308.894089    0.03896     2.3375    140.250  1023.7000  48214.617    30.4889     32.492    6.60865     9.2453     9.2489    23.5507   11.93827 5.0966e-02     32.801 0.0000e+00
        563 308.894091    0.03903     2.3417    140.500  1023.7006  48214.636    30.4889     32.628    6.60866     9.2453     9.2488    23.5506   11.93829 5.0911e-02     32.939 0.0000e+00
        564 308.894094    0.03910     2.3458    140.750  1023.7013  48214.754    30.4889     32.764    6.60867     9.2452     9.2487    23.5507   11.93831 5.0859e-02     33.076 0.0000e+00
        565 308.894097    0.03917     2.3500    141.000  1023.7020  48214.931    30.4890     32.900    6.60868     9.2452     9.2487    23.5507   11.93832 5.0822e-02     33.213 0.0000e+00
        566 308.894100    0.03924     2.3542    141.250  1023.7027  48215.170    30.4891     33.036    6.60868     9.2452     9.2486    23.5508   11.93832 5.0790e-02     33.350 0.0000e+00
        567 308.894103    0.03931     2.3583    141.500  1023.7034  48215.475    30.4892     33.172    6.60868     9.2452     9.2486    23.5509   11.93831 5.0753e-02     33.488 0.0000e+00
        568 308.894106    0.03938     2.3625    141.750  1023.7042  48215.784    30.4894     33.309    6.60867     9.2453     9.2487    23.5510   11.93829 5.0715e-02     33.626 0.0000e+00
        569 308.894109    0.03944     2.3667    142.000  1023.7049  48216.085    30.4895     33.446    6.60865     9.2455     9.2487    23.5512   11.93826 5.0680e-02     33.764 0.0000e+00
        570 308.894112    0.03951     2.3708    142.250  1023.7057  48216.477    30.4898     33.583    6.60863     9.2456     9.2488    23.5513   11.93822 5.0646e-02     33.903 0.0000e+00
        571 308.894115    0.03958     2.3750    142.500  1023.7065  48216.937    30.4900     33.721    6.60860     9.2458     9.2490    23.5516   11.93817 5.0614e-02     34.042 0.0000e+00
        572 308.894117    0.03965     2.3792    142.750  1023.7073  48217.320    30.4903     33.859    6.60856     9.2459     9.2491    23.5517   11.93811 5.0583e-02     34.181 0.0000e+00
        573 308.894120    0.03972     2.3833    143.000  1023.7081  48217.584    30.4904     33.998    6.60853     9.2461     9.2493    23.5518   11.93805 5.0550e-02     34.322 0.0000e+00
        574 308.894123    0.03979     2.3875    143.250  1023.7088  48217.765    30.4905     34.138    6.60850     9.2463     9.2495    23.5519   11.93800 5.0519e-02     34.463 0.0000e+00
        575 308.894126    0.03986     2.3917    143.500  1023.7094  48217.890    30.4906     34.279    6.60847     9.2465     9.2497    23.5519   11.93795 5.0490e-02     34.606 0.0000e+00
        576 308.894129    0.03993     2.3958    143.750  1023.7101  48217.977    30.4906     34.421    6.60844     9.2466     9.2498    23.5519   11.93790 5.0459e-02     34.749 0.0000e+00
        577 308.894132    0.04000     2.4000    144.000  1023.7107  48218.035    30.4906     34.563    6.60841     9.2468     9.2500    23.5518   11.93785 5.0424e-02     34.892 0.0000e+00
        578 308.894135    0.04007     2.4042    144.250  1023.7113  48218.042    30.4906     34.704    6.60838     9.2469     9.2502    23.5518   11.93781 5.0388e-02     35.035 0.0000e+00
        579 308.894138    0.04014     2.4083    144.500  1023.7119  48217.977    30.4905     34.845    6.60836     9.2470     9.2504    23.5517   11.93777 5.0358e-02     35.177 0.0000e+00
        580 308.894141    0.04021     2.4125    144.750  1023.7124  48217.906    30.4904     34.984    6.60834     9.2470     9.2506    23.5516   11.93775 5.0329e-02     35.317 0.0000e+00
        581 308.894144    0.04028     2.4167    145.000  1023.7130  48217.951    30.4904     35.121    6.60833     9.2470     9.2507    23.5516   11.93773 5.0298e-02     35.456 0.0000e+00
        582 308.894146    0.04035     2.4208    145.250  1023.7137  48218.173    30.4905     35.257    6.60832     9.2471     9.2507    23.5517   11.93771 5.0267e-02     35.592 0.0000e+00
        583 308.894149    0.04042     2.4250    145.500  1023.7145  48218.522    30.4907     35.392    6.60831     9.2473     9.2507    23.5518   11.93768 5.0238e-02     35.728 0.0000e+00
        584 308.894152    0.04049     2.4292    145.750  1023.7153  48218.924    30.4909     35.526    6.60828     9.2475     9.2508    23.5520   11.93763 5.0211e-02     35.864 0.0000e+00
        585 308.894155    0.04056     2.4333    146.000  1023.7161  48219.372    30.4912     35.660    6.60824     9.2478     9.2510    23.5522   11.93757 5.0185e-02     35.999 0.0000e+00
        586 308.894158    0.04063     2.4375    146.250  1023.7169  48219.872    30.4915     35.793    6.60819     9.2481     9.2512    23.5524   11.93749 5.0157e-02     36.134 0.0000e+00
        587 308.894161    0.04069     2.4417    146.500  1023.7178  48220.395    30.4919     35.928    6.60814     9.2485     9.2515    23.5526   11.93739 5.0130e-02     36.270 0.0000e+00
        588 308.894164    0.04076     2.4458    146.750  1023.7186  48220.937    30.4922     36.063    6.60807     9.2488     9.2519    23.5528   11.93728 5.0107e-02     36.407 0.0000e+00
        589 308.894167    0.04083     2.4500    147.000  1023.7195  48221.478    30.4926     36.201    6.60801     9.2492     9.2522    23.5531   11.93716 5.0090e-02     36.545 0.0000e+00
        590 308.894170    0.04090     2.4542    147.250  1023.7204  48222.058    30.4930     36.340    6.60794     9.2496     9.2526    23.5533   11.93704 5.0075e-02     36.686 0.0000e+00
        591 308.894172    0.04097     2.4583    147.500  1023.7213  48222.717    30.4934     36.480    6.60787     9.2499     9.2530    23.5536   11.93692 5.0060e-02     36.827 0.0000e+00
        592 308.894175    0.04104     2.4625    147.750  1023.7222  48223.266    30.4938     36.620    6.60779     9.2503     9.2534    23.5539   11.93679 5.0050e-02     36.969 0.0000e+00
        593 308.894178    0.04111     2.4667    148.000  1023.7230  48223.585    30.4940     36.761    6.60772     9.2506     9.2538    23.5540   11.93667 5.0038e-02     37.112 0.0000e+00
        594 308.894181    0.04118     2.4708    148.250  1023.7236  48223.723    30.4941     36.902    6.60766     9.2508     9.2541    23.5540   11.93657 5.0020e-02     37.254 0.0000e+00
        595 308.894184    0.04125     2.4750    148.500  1023.7242  48223.736    30.4941     37.043    6.60761     9.2510     9.2545    23.5539   11.93649 4.9995e-02     37.396 0.0000e+00
