CTD-processing/allCTD/CNV--homogene/2015_11-04_t9_s01a_cast030.cnv
* Sea-Bird SBE19plus Data File:
* FileName = C:\Users\Kris.Holderied\Documents\kasitsna\Research-KBL\Oceanography-AK\CTD-Data-ALL-to-2015-10\2015-CTD-KachemakBay-CookInlet\2015-11-EVOSTC-CookInlet-quarterly\2015-11-04-CookInlet-Tran9-HomerSpit\2015-11-04-CookInlet-Tran9-cast030.hex
* Software Version 1.59
* Temperature SN =  5028
* Conductivity SN =  5028
* System UpLoad Time = Nov 07 2015 12:18:53
** Cook Inlet LTM Tran9 Homer Spit south to north

** Date: 11-04
** Station: 9-01a
** Start time (AKST): 20:31
** Depth (m): 50.8
** Comment: M/V Ursus.
** Comment:
# nquan = 17
# nvalues = 683                         
# units = specified
# name 0 = scan: Scan Count
# name 1 = timeJ: Julian Days
# name 2 = timeH: Time, Elapsed [hours]
# name 3 = timeM: Time, Elapsed [minutes]
# name 4 = timeS: Time, Elapsed [seconds]
# name 5 = density00: Density [density, kg/m^3]
# name 6 = specc: Specific Conductance [uS/cm]
# name 7 = sal00: Salinity, Practical [PSU]
# name 8 = depSM: Depth [salt water, m], lat = 59.00
# name 9 = oxsolML/L: Oxygen Saturation, Garcia & Gordon [ml/l]
# name 10 = potemp090C: Potential Temperature [ITS-90, deg C]
# name 11 = tv290C: Temperature [ITS-90, deg C]
# name 12 = sigma-é00: Density [sigma-theta, kg/m^3]
# name 13 = n2satML/L: Nitrogen Saturation [ml/l]
# name 14 = par: PAR/Irradiance, Biospherical/Licor
# name 15 = prdM: Pressure, Strain Gauge [db]
# name 16 = flag:  0.000e+00
# span 0 =          1,        683       
# span 1 = 308.854630, 308.856603       
# span 2 =    0.00000,    0.04736       
# span 3 =     0.0000,     2.8417       
# span 4 =      0.000,    170.500       
# span 5 =  1000.0351,  1023.9615       
# span 6 =    192.486,  48568.399       
# span 7 =     0.0872,    30.7112       
# span 8 =     -0.114,     46.703       
# span 9 =    6.59845,    8.91507       
# span 10 =     5.0692,     9.3039      
# span 11 =     5.0686,     9.3045      
# span 12 =     0.0357,    23.7467      
# span 13 =   11.92077,   16.21851      
# span 14 = 3.7976e-02, 2.4761e+00      
# span 15 =     -0.115,     47.149      
# span 16 = 0.0000e+00, 0.0000e+00      
# interval = seconds: 0.25
# start_time = Nov 04 2015 20:30:40 [Instrument's time stamp, header]
# bad_flag = -9.990e-29
*END*
[from data line 426]
        427 308.855862    0.02958     1.7750    106.500  1023.6701  48332.563    30.5814     10.438    6.60430     9.2495     9.2517    23.6221   11.92994 3.7981e-02     10.537 0.0000e+00
        428 308.855865    0.02965     1.7792    106.750  1023.6711  48333.212    30.5817     10.581    6.60437     9.2490     9.2511    23.6224   11.93006 3.7984e-02     10.682 0.0000e+00
        429 308.855868    0.02972     1.7833    107.000  1023.6720  48333.723    30.5819     10.724    6.60444     9.2484     9.2506    23.6227   11.93017 3.7990e-02     10.826 0.0000e+00
        430 308.855871    0.02979     1.7875    107.250  1023.6728  48334.035    30.5820     10.866    6.60451     9.2476     9.2501    23.6228   11.93029 3.7999e-02     10.969 0.0000e+00
        431 308.855874    0.02986     1.7917    107.500  1023.6736  48334.296    30.5821     11.008    6.60460     9.2466     9.2495    23.6230   11.93043 3.8015e-02     11.113 0.0000e+00
        432 308.855877    0.02993     1.7958    107.750  1023.6745  48334.721    30.5822     11.151    6.60470     9.2456     9.2487    23.6232   11.93060 3.8041e-02     11.257 0.0000e+00
        433 308.855880    0.03000     1.8000    108.000  1023.6755  48335.330    30.5824     11.296    6.60483     9.2444     9.2478    23.6235   11.93081 3.8084e-02     11.403 0.0000e+00
        434 308.855883    0.03007     1.8042    108.250  1023.6765  48335.937    30.5826     11.443    6.60497     9.2428     9.2468    23.6239   11.93104 3.8156e-02     11.552 0.0000e+00
        435 308.855885    0.03014     1.8083    108.500  1023.6774  48336.394    30.5827     11.594    6.60514     9.2409     9.2456    23.6241   11.93132 3.8276e-02     11.704 0.0000e+00
        436 308.855888    0.03021     1.8125    108.750  1023.6785  48336.941    30.5829     11.747    6.60536     9.2387     9.2441    23.6244   11.93168 3.8475e-02     11.858 0.0000e+00
        437 308.855891    0.03028     1.8167    109.000  1023.6799  48338.133    30.5834     11.901    6.60562     9.2366     9.2421    23.6251   11.93210 3.8808e-02     12.013 0.0000e+00
        438 308.855894    0.03035     1.8208    109.250  1023.6817  48340.071    30.5844     12.055    6.60590     9.2349     9.2400    23.6263   11.93255 3.9363e-02     12.169 0.0000e+00
        439 308.855897    0.03042     1.8250    109.500  1023.6836  48342.249    30.5856     12.209    6.60615     9.2335     9.2379    23.6275   11.93296 4.0288e-02     12.324 0.0000e+00
        440 308.855900    0.03049     1.8292    109.750  1023.6854  48344.170    30.5866     12.362    6.60636     9.2324     9.2362    23.6286   11.93329 4.1829e-02     12.479 0.0000e+00
        441 308.855903    0.03056     1.8333    110.000  1023.6870  48345.641    30.5874     12.515    6.60652     9.2312     9.2348    23.6294   11.93355 4.4398e-02     12.633 0.0000e+00
        442 308.855906    0.03062     1.8375    110.250  1023.6883  48346.788    30.5880     12.666    6.60666     9.2300     9.2337    23.6300   11.93378 4.8680e-02     12.786 0.0000e+00
        443 308.855909    0.03069     1.8417    110.500  1023.6896  48347.934    30.5886     12.815    6.60680     9.2287     9.2326    23.6307   11.93400 5.5816e-02     12.936 0.0000e+00
        444 308.855911    0.03076     1.8458    110.750  1023.6911  48349.335    30.5893     12.962    6.60695     9.2275     9.2313    23.6314   11.93423 6.7709e-02     13.085 0.0000e+00
        445 308.855914    0.03083     1.8500    111.000  1023.6927  48350.943    30.5902     13.108    6.60709     9.2265     9.2301    23.6323   11.93446 8.2658e-02     13.232 0.0000e+00
        446 308.855917    0.03090     1.8542    111.250  1023.6942  48352.483    30.5911     13.253    6.60723     9.2255     9.2289    23.6332   11.93467 9.3946e-02     13.379 0.0000e+00
        447 308.855920    0.03097     1.8583    111.500  1023.6956  48353.816    30.5918     13.398    6.60735     9.2246     9.2279    23.6339   11.93486 9.8501e-02     13.525 0.0000e+00
        448 308.855923    0.03104     1.8625    111.750  1023.6969  48355.033    30.5925     13.542    6.60746     9.2238     9.2269    23.6346   11.93503 9.8540e-02     13.670 0.0000e+00
        449 308.855926    0.03111     1.8667    112.000  1023.6982  48356.210    30.5932     13.687    6.60756     9.2231     9.2260    23.6352   11.93520 9.6337e-02     13.816 0.0000e+00
        450 308.855929    0.03118     1.8708    112.250  1023.6995  48357.318    30.5938     13.831    6.60766     9.2225     9.2252    23.6358   11.93535 9.3136e-02     13.961 0.0000e+00
        451 308.855932    0.03125     1.8750    112.500  1023.7007  48358.307    30.5943     13.974    6.60774     9.2221     9.2246    23.6364   11.93547 8.9600e-02     14.106 0.0000e+00
        452 308.855935    0.03132     1.8792    112.750  1023.7018  48359.161    30.5948     14.118    6.60780     9.2218     9.2240    23.6368   11.93557 8.6076e-02     14.251 0.0000e+00
        453 308.855937    0.03139     1.8833    113.000  1023.7028  48359.858    30.5951     14.261    6.60785     9.2216     9.2236    23.6372   11.93565 8.2733e-02     14.396 0.0000e+00
        454 308.855940    0.03146     1.8875    113.250  1023.7037  48360.378    30.5954     14.403    6.60788     9.2215     9.2233    23.6374   11.93569 7.9644e-02     14.540 0.0000e+00
        455 308.855943    0.03153     1.8917    113.500  1023.7045  48360.753    30.5955     14.546    6.60790     9.2215     9.2231    23.6376   11.93572 7.6839e-02     14.684 0.0000e+00
        456 308.855946    0.03160     1.8958    113.750  1023.7052  48360.998    30.5956     14.690    6.60790     9.2216     9.2230    23.6377   11.93573 7.4329e-02     14.829 0.0000e+00
        457 308.855949    0.03167     1.9000    114.000  1023.7059  48361.086    30.5957     14.835    6.60790     9.2217     9.2230    23.6377   11.93573 7.2101e-02     14.975 0.0000e+00
        458 308.855952    0.03174     1.9042    114.250  1023.7065  48361.057    30.5956     14.980    6.60789     9.2217     9.2231    23.6377   11.93571 7.0122e-02     15.122 0.0000e+00
        459 308.855955    0.03181     1.9083    114.500  1023.7071  48360.987    30.5955     15.126    6.60788     9.2216     9.2232    23.6376   11.93570 6.8349e-02     15.269 0.0000e+00
        460 308.855958    0.03188     1.9125    114.750  1023.7077  48360.934    30.5954     15.273    6.60787     9.2215     9.2233    23.6375   11.93569 6.6749e-02     15.418 0.0000e+00
        461 308.855961    0.03194     1.9167    115.000  1023.7083  48360.960    30.5953     15.420    6.60788     9.2212     9.2232    23.6374   11.93570 6.5311e-02     15.566 0.0000e+00
        462 308.855964    0.03201     1.9208    115.250  1023.7091  48361.118    30.5954     15.565    6.60790     9.2210     9.2231    23.6375   11.93573 6.4017e-02     15.713 0.0000e+00
        463 308.855966    0.03208     1.9250    115.500  1023.7099  48361.427    30.5955     15.709    6.60793     9.2207     9.2229    23.6376   11.93578 6.2836e-02     15.858 0.0000e+00
        464 308.855969    0.03215     1.9292    115.750  1023.7107  48361.819    30.5957     15.852    6.60796     9.2205     9.2226    23.6378   11.93583 6.1753e-02     16.002 0.0000e+00
        465 308.855972    0.03222     1.9333    116.000  1023.7115  48362.216    30.5958     15.993    6.60799     9.2203     9.2223    23.6380   11.93587 6.0769e-02     16.145 0.0000e+00
        466 308.855975    0.03229     1.9375    116.250  1023.7123  48362.577    30.5960     16.133    6.60801     9.2201     9.2221    23.6382   11.93591 5.9875e-02     16.286 0.0000e+00
        467 308.855978    0.03236     1.9417    116.500  1023.7131  48362.877    30.5961     16.273    6.60803     9.2199     9.2220    23.6383   11.93594 5.9063e-02     16.427 0.0000e+00
        468 308.855981    0.03243     1.9458    116.750  1023.7138  48363.126    30.5962     16.411    6.60806     9.2196     9.2218    23.6384   11.93598 5.8326e-02     16.567 0.0000e+00
        469 308.855984    0.03250     1.9500    117.000  1023.7146  48363.343    30.5963     16.550    6.60808     9.2193     9.2216    23.6385   11.93602 5.7648e-02     16.706 0.0000e+00
        470 308.855987    0.03257     1.9542    117.250  1023.7153  48363.598    30.5964     16.689    6.60811     9.2189     9.2214    23.6386   11.93607 5.7021e-02     16.847 0.0000e+00
        471 308.855990    0.03264     1.9583    117.500  1023.7162  48364.029    30.5966     16.830    6.60816     9.2186     9.2210    23.6388   11.93614 5.6437e-02     16.990 0.0000e+00
        472 308.855992    0.03271     1.9625    117.750  1023.7171  48364.630    30.5969     16.972    6.60820     9.2187     9.2206    23.6391   11.93621 5.5906e-02     17.133 0.0000e+00
        473 308.855995    0.03278     1.9667    118.000  1023.7181  48365.187    30.5972     17.115    6.60823     9.2190     9.2204    23.6394   11.93625 5.5436e-02     17.278 0.0000e+00
        474 308.855998    0.03285     1.9708    118.250  1023.7188  48365.390    30.5973     17.260    6.60821     9.2194     9.2205    23.6394   11.93622 5.5006e-02     17.423 0.0000e+00
        475 308.856001    0.03292     1.9750    118.500  1023.7192  48365.118    30.5971     17.405    6.60817     9.2198     9.2208    23.6392   11.93615 5.4597e-02     17.570 0.0000e+00
        476 308.856004    0.03299     1.9792    118.750  1023.7196  48364.604    30.5967     17.552    6.60811     9.2199     9.2213    23.6388   11.93607 5.4213e-02     17.719 0.0000e+00
        477 308.856007    0.03306     1.9833    119.000  1023.7199  48364.172    30.5964     17.700    6.60807     9.2199     9.2216    23.6385   11.93601 5.3852e-02     17.868 0.0000e+00
        478 308.856010    0.03313     1.9875    119.250  1023.7205  48364.011    30.5962     17.847    6.60806     9.2198     9.2218    23.6384   11.93599 5.3509e-02     18.016 0.0000e+00
        479 308.856013    0.03319     1.9917    119.500  1023.7212  48364.109    30.5963     17.993    6.60806     9.2196     9.2218    23.6384   11.93599 5.3182e-02     18.164 0.0000e+00
        480 308.856016    0.03326     1.9958    119.750  1023.7219  48364.320    30.5963     18.138    6.60807     9.2193     9.2217    23.6385   11.93601 5.2864e-02     18.310 0.0000e+00
        481 308.856019    0.03333     2.0000    120.000  1023.7227  48364.590    30.5964     18.283    6.60809     9.2187     9.2215    23.6386   11.93604 5.2557e-02     18.456 0.0000e+00
        482 308.856021    0.03340     2.0042    120.250  1023.7235  48365.070    30.5967     18.426    6.60813     9.2179     9.2212    23.6388   11.93609 5.2275e-02     18.600 0.0000e+00
        483 308.856024    0.03347     2.0083    120.500  1023.7246  48365.925    30.5971     18.567    6.60819     9.2169     9.2206    23.6393   11.93619 5.2016e-02     18.743 0.0000e+00
        484 308.856027    0.03354     2.0125    120.750  1023.7260  48367.177    30.5978     18.708    6.60827     9.2158     9.2198    23.6400   11.93632 5.1769e-02     18.885 0.0000e+00
        485 308.856030    0.03361     2.0167    121.000  1023.7275  48368.814    30.5988     18.847    6.60837     9.2146     9.2189    23.6409   11.93648 5.1527e-02     19.026 0.0000e+00
        486 308.856033    0.03368     2.0208    121.250  1023.7292  48370.718    30.5999     18.986    6.60849     9.2136     9.2178    23.6420   11.93666 5.1294e-02     19.166 0.0000e+00
        487 308.856036    0.03375     2.0250    121.500  1023.7309  48372.610    30.6010     19.125    6.60861     9.2125     9.2166    23.6430   11.93684 5.1074e-02     19.306 0.0000e+00
        488 308.856039    0.03382     2.0292    121.750  1023.7325  48374.299    30.6020     19.264    6.60872     9.2112     9.2156    23.6439   11.93702 5.0872e-02     19.446 0.0000e+00
        489 308.856042    0.03389     2.0333    122.000  1023.7340  48375.899    30.6030     19.404    6.60884     9.2095     9.2145    23.6448   11.93720 5.0687e-02     19.587 0.0000e+00
        490 308.856045    0.03396     2.0375    122.250  1023.7357  48377.765    30.6040     19.545    6.60898     9.2072     9.2132    23.6458   11.93742 5.0516e-02     19.730 0.0000e+00
        491 308.856047    0.03403     2.0417    122.500  1023.7377  48380.255    30.6055     19.687    6.60917     9.2046     9.2115    23.6472   11.93771 5.0358e-02     19.873 0.0000e+00
        492 308.856050    0.03410     2.0458    122.750  1023.7403  48383.543    30.6074     19.830    6.60941     9.2020     9.2093    23.6491   11.93809 5.0217e-02     20.018 0.0000e+00
        493 308.856053    0.03417     2.0500    123.000  1023.7431  48387.413    30.6097     19.975    6.60969     9.1995     9.2067    23.6513   11.93853 5.0102e-02     20.164 0.0000e+00
        494 308.856056    0.03424     2.0542    123.250  1023.7461  48391.371    30.6121     20.121    6.60998     9.1971     9.2041    23.6536   11.93898 4.9996e-02     20.311 0.0000e+00
        495 308.856059    0.03431     2.0583    123.500  1023.7488  48395.060    30.6143     20.268    6.61026     9.1948     9.2015    23.6557   11.93941 4.9868e-02     20.460 0.0000e+00
        496 308.856062    0.03438     2.0625    123.750  1023.7514  48398.368    30.6162     20.416    6.61052     9.1926     9.1992    23.6575   11.93982 4.9714e-02     20.609 0.0000e+00
        497 308.856065    0.03444     2.0667    124.000  1023.7537  48401.358    30.6179     20.563    6.61078     9.1903     9.1969    23.6592   11.94022 4.9557e-02     20.758 0.0000e+00
        498 308.856068    0.03451     2.0708    124.250  1023.7561  48404.229    30.6196     20.710    6.61103     9.1882     9.1947    23.6609   11.94063 4.9398e-02     20.907 0.0000e+00
        499 308.856071    0.03458     2.0750    124.500  1023.7584  48407.159    30.6213     20.856    6.61129     9.1863     9.1925    23.6625   11.94103 4.9244e-02     21.054 0.0000e+00
        500 308.856073    0.03465     2.0792    124.750  1023.7608  48410.131    30.6230     21.001    6.61153     9.1847     9.1904    23.6642   11.94141 4.9106e-02     21.200 0.0000e+00
        501 308.856076    0.03472     2.0833    125.000  1023.7630  48413.017    30.6247     21.144    6.61173     9.1832     9.1885    23.6658   11.94173 4.8976e-02     21.344 0.0000e+00
        502 308.856079    0.03479     2.0875    125.250  1023.7652  48415.735    30.6263     21.284    6.61190     9.1820     9.1869    23.6673   11.94199 4.8852e-02     21.486 0.0000e+00
        503 308.856082    0.03486     2.0917    125.500  1023.7672  48418.212    30.6278     21.422    6.61205     9.1809     9.1854    23.6687   11.94221 4.8734e-02     21.625 0.0000e+00
        504 308.856085    0.03493     2.0958    125.750  1023.7690  48420.374    30.6291     21.558    6.61217     9.1799     9.1842    23.6699   11.94240 4.8615e-02     21.763 0.0000e+00
        505 308.856088    0.03500     2.1000    126.000  1023.7707  48422.242    30.6302     21.694    6.61229     9.1790     9.1831    23.6709   11.94257 4.8496e-02     21.899 0.0000e+00
        506 308.856091    0.03507     2.1042    126.250  1023.7723  48423.956    30.6312     21.829    6.61238     9.1781     9.1822    23.6719   11.94272 4.8381e-02     22.036 0.0000e+00
        507 308.856094    0.03514     2.1083    126.500  1023.7738  48425.600    30.6322     21.966    6.61247     9.1773     9.1813    23.6728   11.94286 4.8266e-02     22.175 0.0000e+00
        508 308.856097    0.03521     2.1125    126.750  1023.7753  48427.146    30.6331     22.105    6.61256     9.1765     9.1804    23.6736   11.94299 4.8152e-02     22.314 0.0000e+00
        509 308.856100    0.03528     2.1167    127.000  1023.7767  48428.679    30.6340     22.245    6.61264     9.1754     9.1796    23.6745   11.94311 4.8041e-02     22.456 0.0000e+00
        510 308.856102    0.03535     2.1208    127.250  1023.7784  48430.444    30.6351     22.388    6.61272     9.1741     9.1788    23.6754   11.94323 4.7938e-02     22.601 0.0000e+00
