CTD-processing/allCTD/CNV--homogene/2015_07-29_t9_s10_cast138.cnv
* Sea-Bird SBE19plus Data File:
* FileName = C:\Users\Kris.Holderied\Documents\kasitsna\Research-KBL\Oceanography-AK\CTD-Data-ALL-to-2015-06\2015-CTD-KachemakBay-CookInlet\2015-07-29-CookInlet-HomerSpit-Monthly\2015-07-29-CookInlet-Tran9-cast138.hex
* Software Version 1.59
* Temperature SN =  5028
* Conductivity SN =  5028
* System UpLoad Time = Aug 13 2015 18:38:37
** Cook Inlet LTM Transect 9 (monthly) North to South
** Date (YYYY-MM-DD): 2015-07-29
** Station (ie. 9-01):  9-10
** Start time (AKDT): 13:30
** Depth (m): 64
** Comment:  R/V Barnacle
** Comment:
# nquan = 17
# nvalues = 576                         
# units = specified
# name 0 = scan: Scan Count
# name 1 = timeJ: Julian Days
# name 2 = timeH: Time, Elapsed [hours]
# name 3 = timeM: Time, Elapsed [minutes]
# name 4 = timeS: Time, Elapsed [seconds]
# name 5 = density00: Density [density, kg/m^3]
# name 6 = specc: Specific Conductance [uS/cm]
# name 7 = sal00: Salinity, Practical [PSU]
# name 8 = depSM: Depth [salt water, m], lat = 59.00
# name 9 = oxsolML/L: Oxygen Saturation, Garcia & Gordon [ml/l]
# name 10 = potemp090C: Potential Temperature [ITS-90, deg C]
# name 11 = tv290C: Temperature [ITS-90, deg C]
# name 12 = sigma-é00: Density [sigma-theta, kg/m^3]
# name 13 = n2satML/L: Nitrogen Saturation [ml/l]
# name 14 = par: PAR/Irradiance, Biospherical/Licor
# name 15 = prdM: Pressure, Strain Gauge [db]
# name 16 = flag:  0.000e+00
# span 0 =          1,        576       
# span 1 = 210.556921, 210.558585       
# span 2 =    0.00000,    0.03993       
# span 3 =     0.0000,     2.3958       
# span 4 =      0.000,    143.750       
# span 5 =   998.8890,  1024.4987       
# span 6 =     -0.196,  49452.498       
# span 7 =     0.0000,    31.2964       
# span 8 =     -0.004,     57.326       
# span 9 =    6.08113,    6.86044       
# span 10 =     8.8651,    16.3371      
# span 11 =     8.8710,    16.3372      
# span 12 =    -1.1110,    24.2380      
# span 13 =   11.10753,   12.74660      
# span 14 = 8.3771e-02, 6.9611e+02      
# span 15 =     -0.004,     57.875      
# span 16 = 0.0000e+00, 0.0000e+00      
# interval = seconds: 0.25
# start_time = Jul 29 2015 13:21:58 [Instrument's time stamp, header]
# bad_flag = -9.990e-29
*END*
          1 210.556921    0.00000     0.0000      0.000   998.8890     -0.196     0.0000     -0.004    6.85777    16.3371    16.3371    -1.1110   12.74211 2.7415e+02     -0.004 0.0000e+00
          2 210.556924    0.00007     0.0042      0.250   998.8890     -0.167     0.0000     -0.004    6.85775    16.3367    16.3372    -1.1110   12.74209 2.7263e+02     -0.004 0.0000e+00
          3 210.556927    0.00014     0.0083      0.500   998.8890     -0.124     0.0000     -0.004    6.85776    16.3356    16.3371    -1.1110   12.74210 2.7120e+02     -0.004 0.0000e+00
          4 210.556930    0.00021     0.0125      0.750   998.8891     -0.065     0.0001     -0.004    6.85781    16.3335    16.3367    -1.1109   12.74220 2.7053e+02     -0.004 0.0000e+00
          5 210.556933    0.00028     0.0167      1.000   998.8893      0.021     0.0001     -0.004    6.85798    16.3305    16.3356    -1.1107   12.74248 2.7099e+02     -0.004 0.0000e+00
          6 210.556936    0.00035     0.0208      1.250   998.8897      0.162     0.0002     -0.004    6.85828    16.3270    16.3335    -1.1103   12.74299 2.7214e+02     -0.004 0.0000e+00
          7 210.556939    0.00042     0.0250      1.500   998.8903      0.397     0.0004     -0.004    6.85871    16.3237    16.3305    -1.1097   12.74371 2.7308e+02     -0.004 0.0000e+00
          8 210.556942    0.00049     0.0292      1.750   998.8911      0.787     0.0006     -0.004    6.85919    16.3209    16.3270    -1.1089   12.74454 2.7323e+02     -0.004 0.0000e+00
          9 210.556944    0.00056     0.0333      2.000   998.8919      1.438     0.0010     -0.004    6.85966    16.3188    16.3237    -1.1081   12.74533 2.7275e+02     -0.004 0.0000e+00
         10 210.556947    0.00063     0.0375      2.250   998.8929      2.526     0.0017     -0.004    6.86004    16.3173    16.3209    -1.1071   12.74597 2.7217e+02     -0.004 0.0000e+00
         11 210.556950    0.00069     0.0417      2.500   998.8941      4.342     0.0028     -0.004    6.86030    16.3165    16.3188    -1.1059   12.74640 2.7187e+02     -0.004 0.0000e+00
         12 210.556953    0.00076     0.0458      2.750   998.8958      7.370     0.0047     -0.004    6.86044    16.3162    16.3173    -1.1042   12.74660 2.7258e+02     -0.004 0.0000e+00
         13 210.556956    0.00083     0.0500      3.000   998.8983     12.417     0.0078     -0.004    6.86043    16.3161    16.3165    -1.1017   12.74654 2.7498e+02     -0.004 0.0000e+00
         14 210.556959    0.00090     0.0542      3.250   998.9023     20.825     0.0129     -0.004    6.86026    16.3156    16.3162    -1.0977   12.74620 2.7902e+02     -0.004 0.0000e+00
         15 210.556962    0.00097     0.0583      3.500   998.9090     34.829     0.0216     -0.004    6.85993    16.3143    16.3161    -1.0910   12.74554 2.8482e+02     -0.004 0.0000e+00
         16 210.556965    0.00104     0.0625      3.750   998.9201     58.165     0.0360     -0.004    6.85942    16.3113    16.3156    -1.0799   12.74450 2.9356e+02     -0.004 0.0000e+00
         17 210.556968    0.00111     0.0667      4.000   998.9387     97.056     0.0600     -0.004    6.85865    16.3055    16.3143    -1.0613   12.74290 3.0907e+02     -0.004 0.0000e+00
         18 210.556970    0.00118     0.0708      4.250   998.9698    161.878     0.0999     -0.003    6.85747    16.2952    16.3113    -1.0302   12.74042 3.3767e+02     -0.003 0.0000e+00
         19 210.556973    0.00125     0.0750      4.500   999.0219    269.926     0.1665     -0.003    6.85562    16.2773    16.3055    -0.9781   12.73646 3.8490e+02     -0.003 0.0000e+00
         20 210.556976    0.00132     0.0792      4.750   999.1087    450.013     0.2776     -0.002    6.85264    16.2469    16.2952    -0.8913   12.73006 4.4828e+02     -0.002 0.0000e+00
         21 210.556979    0.00139     0.0833      5.000   999.2536    750.158     0.4626     -0.000    6.84778    16.1963    16.2773    -0.7464   12.71957 5.1293e+02     -0.000 0.0000e+00
         22 210.556982    0.00146     0.0875      5.250   999.4952   1250.398     0.7710      0.003    6.83974    16.1125    16.2469    -0.5049   12.70220 5.6547e+02      0.003 0.0000e+00
         23 210.556985    0.00153     0.0917      5.500   999.8977   2084.132     1.2850      0.009    6.82634    15.9749    16.1963    -0.1023   12.67324 6.0480e+02      0.010 0.0000e+00
         24 210.556988    0.00160     0.0958      5.750  1000.5686   3473.688     2.1416      0.020    6.80395    15.7753    16.1125     0.5685   12.62487 6.3542e+02      0.020 0.0000e+00
         25 210.556991    0.00167     0.1000      6.000  1001.6864   5789.603     3.5693      0.037    6.76633    15.5432    15.9749     1.6862   12.54374 6.6244e+02      0.037 0.0000e+00
         26 210.556994    0.00174     0.1042      6.250  1003.5440   9649.421     5.9484      0.064    6.69929    15.3203    15.7753     3.5438   12.40115 6.8151e+02      0.065 0.0000e+00
         27 210.556997    0.00181     0.1083      6.500  1006.4475  15662.052     9.6846      0.103    6.58249    15.1285    15.5432     6.4471   12.15784 6.7860e+02      0.104 0.0000e+00
         28 210.556999    0.00187     0.1125      6.750  1009.9465  22833.448    14.1994      0.154    6.43348    14.9736    15.3203     9.9458   11.85095 6.4947e+02      0.156 0.0000e+00
         29 210.557002    0.00194     0.1167      7.000  1012.8986  28814.500    18.0064      0.214    6.30861    14.8550    15.1285    12.8977   11.59386 6.0508e+02      0.216 0.0000e+00
         30 210.557005    0.00201     0.1208      7.250  1014.8572  32745.387    20.5244      0.280    6.22986    14.7684    14.9736    14.8560   11.43049 5.6021e+02      0.282 0.0000e+00
         31 210.557008    0.00208     0.1250      7.500  1016.1022  35227.120    22.1194      0.348    6.18266    14.7081    14.8550    16.1006   11.33158 5.2239e+02      0.351 0.0000e+00
         32 210.557011    0.00215     0.1292      7.750  1016.8924  36792.422    23.1284      0.412    6.15431    14.6682    14.7684    16.8905   11.27158 4.9603e+02      0.417 0.0000e+00
         33 210.557014    0.00222     0.1333      8.000  1017.3924  37777.568    23.7654      0.467    6.13716    14.6432    14.7082    17.3903   11.23498 4.8261e+02      0.472 0.0000e+00
         34 210.557017    0.00229     0.1375      8.250  1017.7082  38397.197    24.1671      0.508    6.12659    14.6285    14.6683    17.7059   11.21232 4.7189e+02      0.513 0.0000e+00
         35 210.557020    0.00236     0.1417      8.500  1017.9060  38784.042    24.4186      0.537    6.11999    14.6207    14.6433    17.9035   11.19819 4.6107e+02      0.542 0.0000e+00
         36 210.557023    0.00243     0.1458      8.750  1018.0269  39020.388    24.5724      0.559    6.11589    14.6178    14.6286    18.0243   11.18943 4.5450e+02      0.564 0.0000e+00
         37 210.557025    0.00250     0.1500      9.000  1018.0978  39159.462    24.6629      0.580    6.11336    14.6187    14.6208    18.0952   11.18409 4.5162e+02      0.586 0.0000e+00
         38 210.557028    0.00257     0.1542      9.250  1018.1370  39237.048    24.7132      0.608    6.11178    14.6233    14.6178    18.1343   11.18082 4.5795e+02      0.614 0.0000e+00
         39 210.557031    0.00264     0.1583      9.500  1018.1586  39280.511    24.7414      0.645    6.11057    14.6324    14.6188    18.1557   11.17845 4.6556e+02      0.651 0.0000e+00
         40 210.557034    0.00271     0.1625      9.750  1018.1724  39309.237    24.7603      0.687    6.10925    14.6477    14.6234    18.1693   11.17601 4.6173e+02      0.694 0.0000e+00
         41 210.557037    0.00278     0.1667     10.000  1018.1804  39327.712    24.7729      0.727    6.10763    14.6705    14.6325    18.1771   11.17315 4.5631e+02      0.735 0.0000e+00
         42 210.557040    0.00285     0.1708     10.250  1018.1807  39333.185    24.7771      0.760    6.10555    14.6979    14.6478    18.1773   11.16963 4.5701e+02      0.768 0.0000e+00
         43 210.557043    0.00292     0.1750     10.500  1018.1736  39326.718    24.7735      0.781    6.10284    14.7238    14.6706    18.1701   11.16513 4.6299e+02      0.789 0.0000e+00
         44 210.557046    0.00299     0.1792     10.750  1018.1624  39313.895    24.7659      0.789    6.09969    14.7436    14.6980    18.1588   11.15997 4.7518e+02      0.796 0.0000e+00
         45 210.557049    0.00306     0.1833     11.000  1018.1525  39303.209    24.7598      0.786    6.09669    14.7558    14.7239    18.1490   11.15504 4.9491e+02      0.793 0.0000e+00
         46 210.557052    0.00313     0.1875     11.250  1018.1474  39299.560    24.7583      0.775    6.09428    14.7596    14.7437    18.1439   11.15102 5.1472e+02      0.782 0.0000e+00
         47 210.557054    0.00319     0.1917     11.500  1018.1463  39301.359    24.7602      0.760    6.09268    14.7543    14.7559    18.1429   11.14833 5.2092e+02      0.768 0.0000e+00
         48 210.557057    0.00326     0.1958     11.750  1018.1503  39309.988    24.7664      0.748    6.09197    14.7410    14.7597    18.1469   11.14707 5.1612e+02      0.755 0.0000e+00
         49 210.557060    0.00333     0.2000     12.000  1018.1631  39332.559    24.7818      0.741    6.09206    14.7237    14.7544    18.1598   11.14703 5.0893e+02      0.748 0.0000e+00
         50 210.557063    0.00340     0.2042     12.250  1018.1856  39370.671    24.8076      0.742    6.09274    14.7064    14.7411    18.1822   11.14789 5.0161e+02      0.748 0.0000e+00
         51 210.557066    0.00347     0.2083     12.500  1018.2129  39416.543    24.8385      0.750    6.09374    14.6912    14.7238    18.2095   11.14920 4.9555e+02      0.757 0.0000e+00
         52 210.557069    0.00354     0.2125     12.750  1018.2401  39462.255    24.8694      0.761    6.09473    14.6771    14.7065    18.2366   11.15050 4.9227e+02      0.769 0.0000e+00
         53 210.557072    0.00361     0.2167     13.000  1018.2658  39505.835    24.8989      0.771    6.09553    14.6629    14.6913    18.2623   11.15149 4.9332e+02      0.778 0.0000e+00
         54 210.557075    0.00368     0.2208     13.250  1018.2913  39549.333    24.9284      0.774    6.09618    14.6488    14.6772    18.2877   11.15223 4.9622e+02      0.781 0.0000e+00
         55 210.557078    0.00375     0.2250     13.500  1018.3178  39594.790    24.9593      0.773    6.09679    14.6359    14.6630    18.3142   11.15290 4.9875e+02      0.780 0.0000e+00
         56 210.557080    0.00382     0.2292     13.750  1018.3447  39641.051    24.9907      0.770    6.09738    14.6254    14.6489    18.3412   11.15352 5.0279e+02      0.777 0.0000e+00
         57 210.557083    0.00389     0.2333     14.000  1018.3691  39682.916    25.0191      0.766    6.09792    14.6174    14.6360    18.3656   11.15409 5.0749e+02      0.773 0.0000e+00
         58 210.557086    0.00396     0.2375     14.250  1018.3893  39717.827    25.0428      0.761    6.09833    14.6110    14.6255    18.3859   11.15450 5.1000e+02      0.768 0.0000e+00
         59 210.557089    0.00403     0.2417     14.500  1018.4082  39750.817    25.0654      0.757    6.09848    14.6054    14.6175    18.4048   11.15450 5.1123e+02      0.764 0.0000e+00
         60 210.557092    0.00410     0.2458     14.750  1018.4271  39784.296    25.0883      0.753    6.09843    14.6007    14.6111    18.4237   11.15414 5.1242e+02      0.760 0.0000e+00
         61 210.557095    0.00417     0.2500     15.000  1018.4444  39814.960    25.1094      0.751    6.09834    14.5972    14.6055    18.4410   11.15374 5.1367e+02      0.758 0.0000e+00
         62 210.557098    0.00424     0.2542     15.250  1018.4593  39841.536    25.1276      0.750    6.09824    14.5951    14.6008    18.4559   11.15337 5.1451e+02      0.757 0.0000e+00
         63 210.557101    0.00431     0.2583     15.500  1018.4717  39863.578    25.1428      0.749    6.09810    14.5936    14.5973    18.4683   11.15297 5.1237e+02      0.756 0.0000e+00
         64 210.557104    0.00438     0.2625     15.750  1018.4811  39880.595    25.1545      0.748    6.09793    14.5921    14.5952    18.4777   11.15255 5.0791e+02      0.755 0.0000e+00
         65 210.557106    0.00444     0.2667     16.000  1018.4882  39893.376    25.1633      0.747    6.09778    14.5901    14.5937    18.4848   11.15220 5.0648e+02      0.754 0.0000e+00
         66 210.557109    0.00451     0.2708     16.250  1018.4927  39901.310    25.1688      0.747    6.09777    14.5877    14.5922    18.4893   11.15211 5.0829e+02      0.754 0.0000e+00
         67 210.557112    0.00458     0.2750     16.500  1018.4943  39903.769    25.1704      0.747    6.09796    14.5856    14.5902    18.4909   11.15242 5.0818e+02      0.754 0.0000e+00
         68 210.557115    0.00465     0.2792     16.750  1018.4947  39903.952    25.1704      0.747    6.09825    14.5840    14.5878    18.4913   11.15290 5.0563e+02      0.754 0.0000e+00
         69 210.557118    0.00472     0.2833     17.000  1018.4963  39906.206    25.1718      0.747    6.09846    14.5832    14.5857    18.4929   11.15324 5.0259e+02      0.754 0.0000e+00
         70 210.557121    0.00479     0.2875     17.250  1018.4996  39911.928    25.1757      0.746    6.09851    14.5828    14.5841    18.4962   11.15327 5.0051e+02      0.753 0.0000e+00
         71 210.557124    0.00486     0.2917     17.500  1018.5040  39919.980    25.1813      0.746    6.09841    14.5825    14.5833    18.5006   11.15304 5.0072e+02      0.753 0.0000e+00
         72 210.557127    0.00493     0.2958     17.750  1018.5085  39928.217    25.1870      0.746    6.09824    14.5819    14.5829    18.5051   11.15269 5.0202e+02      0.753 0.0000e+00
         73 210.557130    0.00500     0.3000     18.000  1018.5119  39934.612    25.1914      0.746    6.09810    14.5808    14.5826    18.5086   11.15242 5.0229e+02      0.753 0.0000e+00
         74 210.557133    0.00507     0.3042     18.250  1018.5142  39938.581    25.1941      0.746    6.09808    14.5794    14.5820    18.5108   11.15234 5.0121e+02      0.753 0.0000e+00
         75 210.557135    0.00514     0.3083     18.500  1018.5159  39941.469    25.1961      0.746    6.09814    14.5780    14.5809    18.5125   11.15243 4.9980e+02      0.753 0.0000e+00
         76 210.557138    0.00521     0.3125     18.750  1018.5179  39944.814    25.1984      0.747    6.09823    14.5767    14.5795    18.5145   11.15255 4.9884e+02      0.754 0.0000e+00
         77 210.557141    0.00528     0.3167     19.000  1018.5201  39948.623    25.2010      0.747    6.09832    14.5757    14.5781    18.5168   11.15266 4.9879e+02      0.754 0.0000e+00
         78 210.557144    0.00535     0.3208     19.250  1018.5219  39951.547    25.2029      0.748    6.09840    14.5747    14.5768    18.5185   11.15277 4.9957e+02      0.755 0.0000e+00
         79 210.557147    0.00542     0.3250     19.500  1018.5226  39952.568    25.2036      0.749    6.09851    14.5740    14.5758    18.5193   11.15294 4.9918e+02      0.756 0.0000e+00
         80 210.557150    0.00549     0.3292     19.750  1018.5230  39952.916    25.2038      0.750    6.09862    14.5740    14.5748    18.5196   11.15313 4.9701e+02      0.757 0.0000e+00
         81 210.557153    0.00556     0.3333     20.000  1018.5242  39955.026    25.2052      0.753    6.09865    14.5751    14.5741    18.5208   11.15316 4.9558e+02      0.760 0.0000e+00
         82 210.557156    0.00562     0.3375     20.250  1018.5268  39959.806    25.2085      0.757    6.09852    14.5771    14.5741    18.5234   11.15291 4.9465e+02      0.764 0.0000e+00
         83 210.557159    0.00569     0.3417     20.500  1018.5299  39965.787    25.2127      0.761    6.09823    14.5792    14.5752    18.5264   11.15238 4.9468e+02      0.768 0.0000e+00
         84 210.557161    0.00576     0.3458     20.750  1018.5317  39969.732    25.2156      0.764    6.09787    14.5802    14.5772    18.5282   11.15174 4.9800e+02      0.771 0.0000e+00
         85 210.557164    0.00583     0.3500     21.000  1018.5307  39968.573    25.2149      0.765    6.09764    14.5800    14.5793    18.5272   11.15137 5.0117e+02      0.772 0.0000e+00
