CTD-processing/allCTD/CNV--homogene/2015_10-19_t4_s02_cast217.cnv
* Sea-Bird SBE19plus Data File:
* FileName = C:\Users\Kris.Holderied\Documents\kasitsna\Research-KBL\Oceanography-AK\CTD-Data-ALL-to-2015-06\2015-CTD-KachemakBay-CookInlet\2015-10-19-CookInlet-Tran4-special\2015-10-19-CookInlet-Tran4-cast217.hex
* Software Version 1.59
* Temperature SN =  5028
* Conductivity SN =  5028
* System UpLoad Time = Oct 31 2015 16:41:16
** Cook Inlet LTM Transect 4 Barabara special, South to North

** Date: 10-19
** Station: 4-02
** Start time (AKDT): 16:32
** Depth (m): 100.6
** Comment:  R/V Edgecumbe
** Comment:
# nquan = 17
# nvalues = 818                         
# units = specified
# name 0 = scan: Scan Count
# name 1 = timeJ: Julian Days
# name 2 = timeH: Time, Elapsed [hours]
# name 3 = timeM: Time, Elapsed [minutes]
# name 4 = timeS: Time, Elapsed [seconds]
# name 5 = density00: Density [density, kg/m^3]
# name 6 = specc: Specific Conductance [uS/cm]
# name 7 = sal00: Salinity, Practical [PSU]
# name 8 = depSM: Depth [salt water, m], lat = 59.00
# name 9 = oxsolML/L: Oxygen Saturation, Garcia & Gordon [ml/l]
# name 10 = potemp090C: Potential Temperature [ITS-90, deg C]
# name 11 = tv290C: Temperature [ITS-90, deg C]
# name 12 = sigma-é00: Density [sigma-theta, kg/m^3]
# name 13 = n2satML/L: Nitrogen Saturation [ml/l]
# name 14 = par: PAR/Irradiance, Biospherical/Licor
# name 15 = prdM: Pressure, Strain Gauge [db]
# name 16 = flag:  0.000e+00
# span 0 =          1,        818       
# span 1 = 292.689005, 292.691369       
# span 2 =    0.00000,    0.05674       
# span 3 =     0.0000,     3.4042       
# span 4 =      0.000,    204.250       
# span 5 =  1002.2029,  1024.1692       
# span 6 =   5370.832,  48611.946       
# span 7 =     3.0518,    30.7414       
# span 8 =     -0.131,     91.269       
# span 9 =    6.59050,    8.00703       
# span 10 =     8.6663,     9.3275      
# span 11 =     8.6394,     9.3343      
# span 12 =     2.2035,    23.7500      
# span 13 =   11.90659,   14.64792      
# span 14 = 4.7829e-02, 1.3452e+02      
# span 15 =     -0.133,     92.151      
# span 16 = 0.0000e+00, 0.0000e+00      
# interval = seconds: 0.25
# start_time = Oct 19 2015 16:32:10 [Instrument's time stamp, header]
# bad_flag = -9.990e-29
*END*
[from data line 681]
        682 292.690975    0.04729     2.8375    170.250  1023.9192  48391.116    30.6103     62.069    6.59220     9.3200     9.3259    23.6341   11.90956 9.4871e-02     62.664 0.0000e+00
        683 292.690978    0.04736     2.8417    170.500  1023.9203  48391.437    30.6105     62.288    6.59215     9.3203     9.3263    23.6342   11.90946 9.3976e-02     62.886 0.0000e+00
        684 292.690981    0.04743     2.8458    170.750  1023.9215  48392.044    30.6109     62.506    6.59209     9.3207     9.3266    23.6345   11.90935 9.3017e-02     63.106 0.0000e+00
        685 292.690984    0.04750     2.8500    171.000  1023.9230  48393.069    30.6116     62.723    6.59201     9.3213     9.3269    23.6349   11.90921 9.2048e-02     63.325 0.0000e+00
        686 292.690987    0.04757     2.8542    171.250  1023.9249  48394.820    30.6127     62.940    6.59189     9.3222     9.3274    23.6358   11.90901 9.1105e-02     63.544 0.0000e+00
        687 292.690990    0.04764     2.8583    171.500  1023.9272  48397.395    30.6145     63.159    6.59172     9.3234     9.3280    23.6371   11.90871 9.0205e-02     63.765 0.0000e+00
        688 292.690992    0.04771     2.8625    171.750  1023.9295  48399.944    30.6163     63.380    6.59151     9.3245     9.3289    23.6384   11.90833 8.9353e-02     63.988 0.0000e+00
        689 292.690995    0.04778     2.8667    172.000  1023.9312  48401.469    30.6175     63.602    6.59130     9.3255     9.3300    23.6391   11.90797 8.8563e-02     64.213 0.0000e+00
        690 292.690998    0.04785     2.8708    172.250  1023.9325  48402.156    30.6180     63.825    6.59110     9.3263     9.3312    23.6394   11.90764 8.7832e-02     64.438 0.0000e+00
        691 292.691001    0.04792     2.8750    172.500  1023.9337  48402.723    30.6184     64.048    6.59094     9.3269     9.3322    23.6396   11.90736 8.7077e-02     64.663 0.0000e+00
        692 292.691004    0.04799     2.8792    172.750  1023.9350  48403.367    30.6189     64.270    6.59080     9.3273     9.3330    23.6398   11.90713 8.6155e-02     64.887 0.0000e+00
        693 292.691007    0.04806     2.8833    173.000  1023.9363  48404.053    30.6194     64.493    6.59069     9.3275     9.3336    23.6400   11.90694 8.5047e-02     65.112 0.0000e+00
        694 292.691010    0.04813     2.8875    173.250  1023.9376  48404.842    30.6199     64.723    6.59060     9.3274     9.3341    23.6404   11.90679 8.3812e-02     65.344 0.0000e+00
        695 292.691013    0.04819     2.8917    173.500  1023.9392  48405.825    30.6205     64.961    6.59054     9.3272     9.3343    23.6408   11.90668 8.2453e-02     65.584 0.0000e+00
        696 292.691016    0.04826     2.8958    173.750  1023.9409  48407.094    30.6213     65.206    6.59051     9.3268     9.3343    23.6414   11.90662 8.0973e-02     65.832 0.0000e+00
        697 292.691019    0.04833     2.9000    174.000  1023.9428  48408.622    30.6222     65.456    6.59050     9.3264     9.3341    23.6422   11.90659 7.9274e-02     66.084 0.0000e+00
        698 292.691021    0.04840     2.9042    174.250  1023.9449  48410.335    30.6233     65.706    6.59051     9.3259     9.3337    23.6431   11.90659 7.7119e-02     66.337 0.0000e+00
        699 292.691024    0.04847     2.9083    174.500  1023.9470  48412.197    30.6244     65.955    6.59052     9.3254     9.3333    23.6440   11.90659 7.4132e-02     66.588 0.0000e+00
        700 292.691027    0.04854     2.9125    174.750  1023.9491  48414.162    30.6256     66.202    6.59053     9.3248     9.3329    23.6451   11.90660 7.1010e-02     66.838 0.0000e+00
        701 292.691030    0.04861     2.9167    175.000  1023.9513  48416.129    30.6268     66.448    6.59056     9.3242     9.3324    23.6461   11.90662 6.9312e-02     67.086 0.0000e+00
        702 292.691033    0.04868     2.9208    175.250  1023.9534  48417.987    30.6280     66.691    6.59059     9.3236     9.3318    23.6471   11.90667 6.9011e-02     67.331 0.0000e+00
        703 292.691036    0.04875     2.9250    175.500  1023.9554  48419.709    30.6290     66.931    6.59063     9.3230     9.3312    23.6480   11.90672 6.9171e-02     67.574 0.0000e+00
        704 292.691039    0.04882     2.9292    175.750  1023.9573  48421.331    30.6300     67.170    6.59068     9.3225     9.3306    23.6488   11.90678 6.9351e-02     67.815 0.0000e+00
        705 292.691042    0.04889     2.9333    176.000  1023.9592  48422.868    30.6309     67.412    6.59072     9.3221     9.3301    23.6496   11.90684 6.9354e-02     68.059 0.0000e+00
        706 292.691045    0.04896     2.9375    176.250  1023.9611  48424.332    30.6317     67.657    6.59075     9.3216     9.3296    23.6503   11.90688 6.9167e-02     68.307 0.0000e+00
        707 292.691047    0.04903     2.9417    176.500  1023.9630  48425.816    30.6326     67.906    6.59078     9.3210     9.3292    23.6511   11.90692 6.8842e-02     68.558 0.0000e+00
        708 292.691050    0.04910     2.9458    176.750  1023.9650  48427.410    30.6336     68.157    6.59081     9.3204     9.3287    23.6519   11.90696 6.8451e-02     68.811 0.0000e+00
        709 292.691053    0.04917     2.9500    177.000  1023.9670  48429.149    30.6346     68.408    6.59084     9.3197     9.3282    23.6528   11.90699 6.8045e-02     69.065 0.0000e+00
        710 292.691056    0.04924     2.9542    177.250  1023.9692  48431.064    30.6358     68.658    6.59087     9.3188     9.3276    23.6538   11.90704 6.7633e-02     69.318 0.0000e+00
        711 292.691059    0.04931     2.9583    177.500  1023.9714  48433.159    30.6371     68.906    6.59092     9.3179     9.3269    23.6549   11.90711 6.7212e-02     69.568 0.0000e+00
        712 292.691062    0.04938     2.9625    177.750  1023.9737  48435.422    30.6384     69.152    6.59098     9.3169     9.3261    23.6561   11.90719 6.6755e-02     69.816 0.0000e+00
        713 292.691065    0.04944     2.9667    178.000  1023.9762  48437.854    30.6399     69.395    6.59105     9.3158     9.3252    23.6574   11.90728 6.6249e-02     70.062 0.0000e+00
        714 292.691068    0.04951     2.9708    178.250  1023.9787  48440.440    30.6415     69.638    6.59113     9.3147     9.3242    23.6588   11.90738 6.5720e-02     70.308 0.0000e+00
        715 292.691071    0.04958     2.9750    178.500  1023.9812  48443.099    30.6431     69.882    6.59121     9.3135     9.3232    23.6603   11.90751 6.5225e-02     70.553 0.0000e+00
        716 292.691073    0.04965     2.9792    178.750  1023.9838  48445.775    30.6447     70.124    6.59131     9.3123     9.3220    23.6617   11.90765 6.4826e-02     70.798 0.0000e+00
        717 292.691076    0.04972     2.9833    179.000  1023.9863  48448.464    30.6463     70.363    6.59141     9.3110     9.3209    23.6632   11.90780 6.4479e-02     71.039 0.0000e+00
        718 292.691079    0.04979     2.9875    179.250  1023.9889  48451.221    30.6480     70.598    6.59152     9.3096     9.3197    23.6647   11.90795 6.4121e-02     71.276 0.0000e+00
        719 292.691082    0.04986     2.9917    179.500  1023.9916  48454.185    30.6498     70.831    6.59163     9.3081     9.3184    23.6663   11.90811 6.3762e-02     71.512 0.0000e+00
        720 292.691085    0.04993     2.9958    179.750  1023.9944  48457.437    30.6518     71.065    6.59174     9.3065     9.3170    23.6680   11.90829 6.3429e-02     71.748 0.0000e+00
        721 292.691088    0.05000     3.0000    180.000  1023.9974  48460.861    30.6539     71.300    6.59187     9.3051     9.3155    23.6699   11.90847 6.3128e-02     71.986 0.0000e+00
        722 292.691091    0.05007     3.0042    180.250  1024.0003  48464.202    30.6559     71.537    6.59200     9.3038     9.3140    23.6718   11.90867 6.2843e-02     72.225 0.0000e+00
        723 292.691094    0.05014     3.0083    180.500  1024.0030  48467.200    30.6578     71.774    6.59213     9.3027     9.3126    23.6734   11.90886 6.2556e-02     72.464 0.0000e+00
        724 292.691097    0.05021     3.0125    180.750  1024.0055  48469.742    30.6593     72.011    6.59225     9.3018     9.3113    23.6748   11.90904 6.2274e-02     72.703 0.0000e+00
        725 292.691100    0.05028     3.0167    181.000  1024.0077  48471.863    30.6605     72.246    6.59236     9.3009     9.3103    23.6759   11.90919 6.1954e-02     72.941 0.0000e+00
        726 292.691102    0.05035     3.0208    181.250  1024.0097  48473.646    30.6616     72.480    6.59244     9.3001     9.3094    23.6768   11.90932 6.1555e-02     73.177 0.0000e+00
        727 292.691105    0.05042     3.0250    181.500  1024.0116  48475.198    30.6624     72.712    6.59253     9.2991     9.3086    23.6777   11.90945 6.1163e-02     73.411 0.0000e+00
        728 292.691108    0.05049     3.0292    181.750  1024.0135  48476.643    30.6632     72.944    6.59262     9.2981     9.3077    23.6784   11.90960 6.0842e-02     73.645 0.0000e+00
        729 292.691111    0.05056     3.0333    182.000  1024.0153  48478.101    30.6640     73.175    6.59272     9.2972     9.3068    23.6792   11.90976 6.0542e-02     73.879 0.0000e+00
        730 292.691114    0.05063     3.0375    182.250  1024.0172  48479.569    30.6648     73.407    6.59283     9.2965     9.3058    23.6800   11.90992 6.0232e-02     74.113 0.0000e+00
        731 292.691117    0.05069     3.0417    182.500  1024.0189  48480.923    30.6656     73.638    6.59292     9.2959     9.3050    23.6807   11.91007 5.9930e-02     74.346 0.0000e+00
        732 292.691120    0.05076     3.0458    182.750  1024.0206  48482.036    30.6662     73.868    6.59300     9.2954     9.3042    23.6813   11.91019 5.9619e-02     74.579 0.0000e+00
        733 292.691123    0.05083     3.0500    183.000  1024.0220  48482.892    30.6666     74.098    6.59307     9.2948     9.3036    23.6817   11.91030 5.9280e-02     74.810 0.0000e+00
        734 292.691126    0.05090     3.0542    183.250  1024.0234  48483.586    30.6669     74.326    6.59313     9.2943     9.3031    23.6820   11.91040 5.8946e-02     75.041 0.0000e+00
        735 292.691128    0.05097     3.0583    183.500  1024.0248  48484.230    30.6672     74.553    6.59319     9.2938     9.3026    23.6824   11.91049 5.8656e-02     75.270 0.0000e+00
        736 292.691131    0.05104     3.0625    183.750  1024.0261  48484.905    30.6675     74.775    6.59325     9.2932     9.3021    23.6827   11.91059 5.8397e-02     75.494 0.0000e+00
        737 292.691134    0.05111     3.0667    184.000  1024.0275  48485.633    30.6678     74.994    6.59331     9.2927     9.3016    23.6830   11.91069 5.8124e-02     75.716 0.0000e+00
        738 292.691137    0.05118     3.0708    184.250  1024.0288  48486.379    30.6682     75.211    6.59338     9.2922     9.3011    23.6834   11.91079 5.7837e-02     75.935 0.0000e+00
        739 292.691140    0.05125     3.0750    184.500  1024.0301  48487.067    30.6685     75.428    6.59344     9.2918     9.3006    23.6837   11.91089 5.7564e-02     76.154 0.0000e+00
        740 292.691143    0.05132     3.0792    184.750  1024.0314  48487.673    30.6688     75.643    6.59349     9.2914     9.3001    23.6840   11.91097 5.7326e-02     76.371 0.0000e+00
        741 292.691146    0.05139     3.0833    185.000  1024.0327  48488.224    30.6691     75.857    6.59354     9.2910     9.2997    23.6843   11.91105 5.7137e-02     76.587 0.0000e+00
        742 292.691149    0.05146     3.0875    185.250  1024.0339  48488.765    30.6693     76.070    6.59358     9.2905     9.2994    23.6845   11.91112 5.6985e-02     76.802 0.0000e+00
        743 292.691152    0.05153     3.0917    185.500  1024.0352  48489.347    30.6695     76.284    6.59363     9.2899     9.2990    23.6848   11.91119 5.6806e-02     77.018 0.0000e+00
        744 292.691155    0.05160     3.0958    185.750  1024.0365  48489.993    30.6698     76.499    6.59368     9.2893     9.2985    23.6851   11.91127 5.6552e-02     77.235 0.0000e+00
        745 292.691157    0.05167     3.1000    186.000  1024.0378  48490.714    30.6702     76.714    6.59374     9.2887     9.2980    23.6854   11.91137 5.6238e-02     77.453 0.0000e+00
        746 292.691160    0.05174     3.1042    186.250  1024.0392  48491.510    30.6706     76.931    6.59381     9.2880     9.2974    23.6858   11.91148 5.5892e-02     77.672 0.0000e+00
        747 292.691163    0.05181     3.1083    186.500  1024.0406  48492.366    30.6710     77.148    6.59389     9.2872     9.2968    23.6863   11.91160 5.5583e-02     77.891 0.0000e+00
        748 292.691166    0.05187     3.1125    186.750  1024.0421  48493.304    30.6715     77.363    6.59397     9.2862     9.2961    23.6868   11.91173 5.5379e-02     78.108 0.0000e+00
        749 292.691169    0.05194     3.1167    187.000  1024.0436  48494.380    30.6720     77.576    6.59407     9.2852     9.2952    23.6873   11.91189 5.5278e-02     78.322 0.0000e+00
        750 292.691172    0.05201     3.1208    187.250  1024.0452  48495.602    30.6727     77.787    6.59418     9.2842     9.2943    23.6880   11.91206 5.5203e-02     78.536 0.0000e+00
        751 292.691175    0.05208     3.1250    187.500  1024.0469  48496.876    30.6734     77.998    6.59429     9.2834     9.2933    23.6887   11.91224 5.5039e-02     78.749 0.0000e+00
        752 292.691178    0.05215     3.1292    187.750  1024.0485  48498.099    30.6740     78.210    6.59440     9.2826     9.2924    23.6893   11.91241 5.4746e-02     78.964 0.0000e+00
        753 292.691181    0.05222     3.1333    188.000  1024.0500  48499.194    30.6745     78.423    6.59450     9.2820     9.2916    23.6898   11.91257 5.4420e-02     79.179 0.0000e+00
        754 292.691183    0.05229     3.1375    188.250  1024.0515  48500.146    30.6750     78.636    6.59458     9.2815     9.2909    23.6903   11.91271 5.4139e-02     79.393 0.0000e+00
        755 292.691186    0.05236     3.1417    188.500  1024.0529  48500.940    30.6754     78.850    6.59465     9.2811     9.2903    23.6907   11.91282 5.3882e-02     79.610 0.0000e+00
        756 292.691189    0.05243     3.1458    188.750  1024.0542  48501.551    30.6757     79.069    6.59471     9.2807     9.2898    23.6910   11.91290 5.3646e-02     79.831 0.0000e+00
        757 292.691192    0.05250     3.1500    189.000  1024.0554  48502.049    30.6759     79.290    6.59475     9.2803     9.2894    23.6912   11.91297 5.3469e-02     80.054 0.0000e+00
        758 292.691195    0.05257     3.1542    189.250  1024.0567  48502.527    30.6761     79.512    6.59480     9.2799     9.2891    23.6914   11.91304 5.3341e-02     80.278 0.0000e+00
        759 292.691198    0.05264     3.1583    189.500  1024.0579  48503.043    30.6763     79.730    6.59484     9.2795     9.2887    23.6917   11.91312 5.3235e-02     80.498 0.0000e+00
        760 292.691201    0.05271     3.1625    189.750  1024.0591  48503.583    30.6765     79.945    6.59489     9.2789     9.2883    23.6919   11.91319 5.3137e-02     80.715 0.0000e+00
        761 292.691204    0.05278     3.1667    190.000  1024.0604  48504.130    30.6768     80.160    6.59494     9.2784     9.2879    23.6922   11.91328 5.3036e-02     80.932 0.0000e+00
        762 292.691207    0.05285     3.1708    190.250  1024.0617  48504.765    30.6771     80.374    6.59500     9.2778     9.2874    23.6925   11.91338 5.2917e-02     81.148 0.0000e+00
        763 292.691209    0.05292     3.1750    190.500  1024.0630  48505.495    30.6774     80.587    6.59507     9.2774     9.2868    23.6929   11.91349 5.2772e-02     81.363 0.0000e+00
        764 292.691212    0.05299     3.1792    190.750  1024.0643  48506.260    30.6778     80.798    6.59513     9.2770     9.2863    23.6932   11.91358 5.2609e-02     81.576 0.0000e+00
        765 292.691215    0.05306     3.1833    191.000  1024.0657  48506.984    30.6781     81.009    6.59518     9.2767     9.2858    23.6936   11.91366 5.2457e-02     81.790 0.0000e+00
