CTD-processing/allCTD/CNV--homogene/2015_09-24_t9_s09_cast187.cnv
* Sea-Bird SBE19plus Data File:
* FileName = C:\Users\Kris.Holderied\Documents\kasitsna\Research-KBL\Oceanography-AK\CTD-Data-ALL-to-2015-06\2015-CTD-KachemakBay-CookInlet\2015-09-24-CookInlet-HomerSpit-special\2015-09-24-CookInlet-Tran9-cast187.hex
* Software Version 1.59
* Temperature SN =  5028
* Conductivity SN =  5028
* System UpLoad Time = Oct 19 2015 12:22:58
** Cook Inlet LTM Transect 9 Homer Spit special

** Date: 09-24
** Station: 9-09
** Start time (AKDT): 13:27
** Depth (m): 81.4
** Comment:  R/V Edgecumbe
** Comment:
# nquan = 17
# nvalues = 742                         
# units = specified
# name 0 = scan: Scan Count
# name 1 = timeJ: Julian Days
# name 2 = timeH: Time, Elapsed [hours]
# name 3 = timeM: Time, Elapsed [minutes]
# name 4 = timeS: Time, Elapsed [seconds]
# name 5 = density00: Density [density, kg/m^3]
# name 6 = specc: Specific Conductance [uS/cm]
# name 7 = sal00: Salinity, Practical [PSU]
# name 8 = depSM: Depth [salt water, m], lat = 59.00
# name 9 = oxsolML/L: Oxygen Saturation, Garcia & Gordon [ml/l]
# name 10 = potemp090C: Potential Temperature [ITS-90, deg C]
# name 11 = tv290C: Temperature [ITS-90, deg C]
# name 12 = sigma-é00: Density [sigma-theta, kg/m^3]
# name 13 = n2satML/L: Nitrogen Saturation [ml/l]
# name 14 = par: PAR/Irradiance, Biospherical/Licor
# name 15 = prdM: Pressure, Strain Gauge [db]
# name 16 = flag:  0.000e+00
# span 0 =          1,        742       
# span 1 = 267.559398, 267.561542       
# span 2 =    0.00000,    0.05146       
# span 3 =     0.0000,     3.0875       
# span 4 =      0.000,    185.250       
# span 5 =  1000.1605,  1024.4151       
# span 6 =    935.981,  49242.802       
# span 7 =     0.4530,    31.2340       
# span 8 =     -0.008,     71.866       
# span 9 =    6.44842,    8.11634       
# span 10 =     8.7274,    10.3131      
# span 11 =     8.7274,    10.3140      
# span 12 =     0.1606,    24.0867      
# span 13 =   11.67055,   14.86826      
# span 14 = 5.7910e-02, 1.4401e+03      
# span 15 =     -0.008,     72.557      
# span 16 = 0.0000e+00, 0.0000e+00      
# interval = seconds: 0.25
# start_time = Sep 24 2015 13:25:32 [Instrument's time stamp, header]
# bad_flag = -9.990e-29
*END*
[from data line 681]
        682 267.561369    0.04729     2.8375    170.250  1024.3738  49210.209    31.2216     67.002    6.52492     9.5916     9.6120    24.0667   11.79072 5.9128e-02     67.646 0.0000e+00
        683 267.561372    0.04736     2.8417    170.500  1024.3766  49212.364    31.2221     67.292    6.52584     9.5851     9.6054    24.0682   11.79225 5.8991e-02     67.939 0.0000e+00
        684 267.561374    0.04743     2.8458    170.750  1024.3795  49214.782    31.2228     67.582    6.52677     9.5789     9.5988    24.0698   11.79377 5.8867e-02     68.231 0.0000e+00
        685 267.561377    0.04750     2.8500    171.000  1024.3822  49216.834    31.2232     67.874    6.52767     9.5728     9.5924    24.0712   11.79526 5.8758e-02     68.526 0.0000e+00
        686 267.561380    0.04757     2.8542    171.250  1024.3847  49218.349    31.2234     68.168    6.52855     9.5667     9.5862    24.0723   11.79672 5.8661e-02     68.823 0.0000e+00
        687 267.561383    0.04764     2.8583    171.500  1024.3870  49219.678    31.2234     68.464    6.52943     9.5609     9.5801    24.0732   11.79817 5.8572e-02     69.121 0.0000e+00
        688 267.561386    0.04771     2.8625    171.750  1024.3896  49221.571    31.2238     68.760    6.53028     9.5557     9.5741    24.0745   11.79958 5.8491e-02     69.420 0.0000e+00
        689 267.561389    0.04778     2.8667    172.000  1024.3928  49224.473    31.2249     69.054    6.53107     9.5514     9.5683    24.0763   11.80087 5.8413e-02     69.718 0.0000e+00
        690 267.561392    0.04785     2.8708    172.250  1024.3963  49227.980    31.2265     69.347    6.53175     9.5481     9.5631    24.0784   11.80198 5.8333e-02     70.013 0.0000e+00
        691 267.561395    0.04792     2.8750    172.500  1024.3996  49231.365    31.2282     69.636    6.53229     9.5456     9.5588    24.0804   11.80286 5.8257e-02     70.305 0.0000e+00
        692 267.561398    0.04799     2.8792    172.750  1024.4026  49234.194    31.2297     69.919    6.53271     9.5438     9.5555    24.0821   11.80353 5.8190e-02     70.591 0.0000e+00
        693 267.561400    0.04806     2.8833    173.000  1024.4051  49236.383    31.2308     70.193    6.53301     9.5425     9.5531    24.0833   11.80402 5.8132e-02     70.868 0.0000e+00
        694 267.561403    0.04813     2.8875    173.250  1024.4072  49237.992    31.2316     70.453    6.53323     9.5415     9.5513    24.0842   11.80437 5.8085e-02     71.130 0.0000e+00
        695 267.561406    0.04819     2.8917    173.500  1024.4089  49239.109    31.2321     70.691    6.53340     9.5407     9.5500    24.0848   11.80464 5.8051e-02     71.371 0.0000e+00
        696 267.561409    0.04826     2.8958    173.750  1024.4102  49239.897    31.2324     70.899    6.53352     9.5402     9.5491    24.0852   11.80484 5.8025e-02     71.581 0.0000e+00
        697 267.561412    0.04833     2.9000    174.000  1024.4113  49240.551    31.2327     71.072    6.53361     9.5398     9.5483    24.0856   11.80499 5.8002e-02     71.755 0.0000e+00
        698 267.561415    0.04840     2.9042    174.250  1024.4123  49241.158    31.2330     71.209    6.53368     9.5396     9.5478    24.0859   11.80509 5.7980e-02     71.894 0.0000e+00
        699 267.561418    0.04847     2.9083    174.500  1024.4130  49241.745    31.2333     71.313    6.53372     9.5396     9.5474    24.0862   11.80516 5.7961e-02     71.998 0.0000e+00
        700 267.561421    0.04854     2.9125    174.750  1024.4137  49242.290    31.2337     71.388    6.53373     9.5398     9.5472    24.0865   11.80518 5.7950e-02     72.075 0.0000e+00
        701 267.561424    0.04861     2.9167    175.000  1024.4141  49242.688    31.2339     71.444    6.53372     9.5401     9.5473    24.0867   11.80515 5.7947e-02     72.131 0.0000e+00
        702 267.561427    0.04868     2.9208    175.250  1024.4144  49242.802    31.2340     71.487    6.53369     9.5403     9.5475    24.0867   11.80510 5.7946e-02     72.174 0.0000e+00
        703 267.561429    0.04875     2.9250    175.500  1024.4144  49242.556    31.2338     71.524    6.53365     9.5404     9.5478    24.0866   11.80504 5.7941e-02     72.211 0.0000e+00
        704 267.561432    0.04882     2.9292    175.750  1024.4143  49242.080    31.2335     71.558    6.53363     9.5404     9.5480    24.0863   11.80501 5.7936e-02     72.245 0.0000e+00
        705 267.561435    0.04889     2.9333    176.000  1024.4142  49241.618    31.2332     71.590    6.53363     9.5402     9.5481    24.0860   11.80501 5.7929e-02     72.278 0.0000e+00
        706 267.561438    0.04896     2.9375    176.250  1024.4141  49241.304    31.2330     71.620    6.53365     9.5400     9.5481    24.0859   11.80504 5.7917e-02     72.308 0.0000e+00
        707 267.561441    0.04903     2.9417    176.500  1024.4142  49241.166    31.2328     71.647    6.53368     9.5398     9.5479    24.0858   11.80509 5.7910e-02     72.336 0.0000e+00
        708 267.561444    0.04910     2.9458    176.750  1024.4143  49241.199    31.2328     71.667    6.53371     9.5396     9.5477    24.0858   11.80515 5.7916e-02     72.356 0.0000e+00
        709 267.561447    0.04917     2.9500    177.000  1024.4144  49241.396    31.2329     71.672    6.53374     9.5396     9.5475    24.0859   11.80519 5.7927e-02     72.361 0.0000e+00
        710 267.561450    0.04924     2.9542    177.250  1024.4145  49241.724    31.2331     71.653    6.53375     9.5398     9.5473    24.0861   11.80520 5.7935e-02     72.342 0.0000e+00
        711 267.561453    0.04931     2.9583    177.500  1024.4145  49242.046    31.2334     71.611    6.53374     9.5401     9.5473    24.0863   11.80518 5.7938e-02     72.300 0.0000e+00
        712 267.561455    0.04938     2.9625    177.750  1024.4143  49242.200    31.2336     71.553    6.53371     9.5403     9.5474    24.0864   11.80513 5.7941e-02     72.240 0.0000e+00
        713 267.561458    0.04944     2.9667    178.000  1024.4140  49242.120    31.2336     71.487    6.53367     9.5406     9.5477    24.0864   11.80507 5.7950e-02     72.174 0.0000e+00
        714 267.561461    0.04951     2.9708    178.250  1024.4136  49241.857    31.2335     71.422    6.53363     9.5408     9.5480    24.0862   11.80501 5.7961e-02     72.109 0.0000e+00
        715 267.561464    0.04958     2.9750    178.500  1024.4131  49241.500    31.2333     71.365    6.53360     9.5409     9.5483    24.0860   11.80496 5.7973e-02     72.051 0.0000e+00
        716 267.561467    0.04965     2.9792    178.750  1024.4127  49241.130    31.2330     71.317    6.53358     9.5409     9.5485    24.0858   11.80494 5.7987e-02     72.002 0.0000e+00
        717 267.561470    0.04972     2.9833    179.000  1024.4123  49240.832    31.2328     71.277    6.53358     9.5408     9.5486    24.0857   11.80493 5.8009e-02     71.962 0.0000e+00
        718 267.561473    0.04979     2.9875    179.250  1024.4121  49240.651    31.2327     71.243    6.53359     9.5407     9.5486    24.0856   11.80494 5.8035e-02     71.928 0.0000e+00
        719 267.561476    0.04986     2.9917    179.500  1024.4120  49240.603    31.2327     71.216    6.53360     9.5406     9.5485    24.0856   11.80496 5.8058e-02     71.901 0.0000e+00
        720 267.561479    0.04993     2.9958    179.750  1024.4120  49240.682    31.2327     71.198    6.53361     9.5405     9.5484    24.0856   11.80499 5.8074e-02     71.882 0.0000e+00
        721 267.561481    0.05000     3.0000    180.000  1024.4120  49240.828    31.2328     71.189    6.53363     9.5404     9.5482    24.0857   11.80502 5.8087e-02     71.873 0.0000e+00
        722 267.561484    0.05007     3.0042    180.250  1024.4121  49240.987    31.2329     71.188    6.53364     9.5403     9.5481    24.0858   11.80503 5.8092e-02     71.872 0.0000e+00
        723 267.561487    0.05014     3.0083    180.500  1024.4122  49241.128    31.2330     71.193    6.53364     9.5403     9.5480    24.0859   11.80504 5.8090e-02     71.877 0.0000e+00
        724 267.561490    0.05021     3.0125    180.750  1024.4123  49241.208    31.2331     71.199    6.53365     9.5404     9.5480    24.0859   11.80505 5.8086e-02     71.883 0.0000e+00
        725 267.561493    0.05028     3.0167    181.000  1024.4123  49241.198    31.2331     71.204    6.53365     9.5404     9.5480    24.0859   11.80505 5.8084e-02     71.889 0.0000e+00
        726 267.561496    0.05035     3.0208    181.250  1024.4123  49241.145    31.2330     71.209    6.53365     9.5404     9.5480    24.0859   11.80504 5.8083e-02     71.894 0.0000e+00
        727 267.561499    0.05042     3.0250    181.500  1024.4123  49241.109    31.2330     71.218    6.53364     9.5404     9.5480    24.0859   11.80504 5.8075e-02     71.903 0.0000e+00
        728 267.561502    0.05049     3.0292    181.750  1024.4123  49241.068    31.2330     71.239    6.53364     9.5404     9.5481    24.0858   11.80504 5.8062e-02     71.924 0.0000e+00
        729 267.561505    0.05056     3.0333    182.000  1024.4124  49240.986    31.2329     71.273    6.53365     9.5403     9.5481    24.0858   11.80504 5.8050e-02     71.958 0.0000e+00
        730 267.561508    0.05063     3.0375    182.250  1024.4126  49240.873    31.2328     71.321    6.53365     9.5402     9.5481    24.0857   11.80506 5.8041e-02     72.006 0.0000e+00
        731 267.561510    0.05069     3.0417    182.500  1024.4127  49240.728    31.2327     71.378    6.53367     9.5400     9.5480    24.0856   11.80508 5.8032e-02     72.064 0.0000e+00
        732 267.561513    0.05076     3.0458    182.750  1024.4129  49240.569    31.2325     71.441    6.53369     9.5397     9.5478    24.0855   11.80513 5.8019e-02     72.128 0.0000e+00
        733 267.561516    0.05083     3.0500    183.000  1024.4132  49240.592    31.2325     71.506    6.53373     9.5395     9.5476    24.0855   11.80519 5.7999e-02     72.193 0.0000e+00
        734 267.561519    0.05090     3.0542    183.250  1024.4137  49240.940    31.2326     71.570    6.53375     9.5395     9.5474    24.0857   11.80523 5.7979e-02     72.258 0.0000e+00
        735 267.561522    0.05097     3.0583    183.500  1024.4142  49241.340    31.2329     71.632    6.53377     9.5395     9.5472    24.0859   11.80525 5.7977e-02     72.320 0.0000e+00
        736 267.561525    0.05104     3.0625    183.750  1024.4146  49241.490    31.2330     71.690    6.53378     9.5394     9.5472    24.0860   11.80526 5.7986e-02     72.378 0.0000e+00
        737 267.561528    0.05111     3.0667    184.000  1024.4148  49241.434    31.2329     71.740    6.53378     9.5394     9.5472    24.0859   11.80526 5.7996e-02     72.430 0.0000e+00
        738 267.561531    0.05118     3.0708    184.250  1024.4149  49241.313    31.2328     71.782    6.53379     9.5393     9.5471    24.0858   11.80528 5.8000e-02     72.472 0.0000e+00
        739 267.561534    0.05125     3.0750    184.500  1024.4150  49241.193    31.2327     71.816    6.53380     9.5392     9.5471    24.0858   11.80530 5.7994e-02     72.507 0.0000e+00
        740 267.561536    0.05132     3.0792    184.750  1024.4150  49241.125    31.2326     71.842    6.53382     9.5392     9.5470    24.0857   11.80532 5.7980e-02     72.533 0.0000e+00
        741 267.561539    0.05139     3.0833    185.000  1024.4151  49241.102    31.2326     71.860    6.53383 -9.990e-29     9.5469    24.0857   11.80533 5.7969e-02     72.551 0.0000e+00
        742 267.561542    0.05146     3.0875    185.250  1024.4151  49241.095    31.2326     71.866    6.53383 -9.990e-29     9.5469    24.0857   11.80534 5.7965e-02     72.557 0.0000e+00
