CTD-processing/allCTD/CNV--homogene/2015_04-13_t7_s22_cast072.cnv
* Sea-Bird SBE19plus Data File:
* FileName = C:\Users\kris.holderied\Documents\kasitsna\Research-Projects-and-Data\Oceanography-AK\CTD-Data-ALL-to-2015-04\2015-CTD-KachemakBay-CookInlet\2015-04-EVOSTC-CookInlet-quarterly\2015-04-13-CookInlet-Tran7-Augustine\2015_04_13_CookInlet_Tran7_cast072.hex
* Software Version 1.59
* Temperature SN =  5028
* Conductivity SN =  5028
* System UpLoad Time = Apr 28 2015 15:28:39
** Cook Inlet LTM Tran7 (Augustine) West to East
** Date: 04-13
** Station: 7-22
** Start time (AKDT): 07:40
** Depth (m): 75
** Comment:  KBL CTD.
** Comment: On R/V Pandalus.
# nquan = 17
# nvalues = 533                         
# units = specified
# name 0 = scan: Scan Count
# name 1 = timeJ: Julian Days
# name 2 = timeH: Time, Elapsed [hours]
# name 3 = timeM: Time, Elapsed [minutes]
# name 4 = timeS: Time, Elapsed [seconds]
# name 5 = density00: Density [density, kg/m^3]
# name 6 = specc: Specific Conductance [uS/cm]
# name 7 = sal00: Salinity, Practical [PSU]
# name 8 = depSM: Depth [salt water, m], lat = 59.00
# name 9 = oxsolML/L: Oxygen Saturation, Garcia & Gordon [ml/l]
# name 10 = potemp090C: Potential Temperature [ITS-90, deg C]
# name 11 = tv290C: Temperature [ITS-90, deg C]
# name 12 = sigma-é00: Density [sigma-theta, kg/m^3]
# name 13 = n2satML/L: Nitrogen Saturation [ml/l]
# name 14 = par: PAR/Irradiance, Biospherical/Licor
# name 15 = prdM: Pressure, Strain Gauge [db]
# name 16 = flag:  0.000e+00
# span 0 =          1,        533       
# span 1 = 103.319572, 103.321111       
# span 2 =    0.00000,    0.03694       
# span 3 =     0.0000,     2.2167       
# span 4 =      0.000,    133.000       
# span 5 =  1000.1627,  1025.2314       
# span 6 =    505.395,  50652.018       
# span 7 =     0.2338,    31.5851       
# span 8 =     -0.123,     74.258       
# span 9 =    7.11479,    9.12432       
# span 10 =     4.1053,     5.7105      
# span 11 =     4.1053,     5.7148      
# span 12 =     0.1633,    24.8923      
# span 13 =   12.76185,   16.56726      
# span 14 = 4.3144e-02, 3.5813e+01      
# span 15 =     -0.124,     74.972      
# span 16 = 0.0000e+00, 0.0000e+00      
# interval = seconds: 0.25
# start_time = Apr 13 2015 07:40:11 [Instrument's time stamp, header]
# bad_flag = -9.990e-29
*END*
[from data line 256]
        257 103.320313    0.01778     1.0667     64.000  1024.7089  50280.296    31.3296      0.999    7.15247     5.5553     5.5634    24.7043   12.82735 2.1815e+01      1.009 0.0000e+00
        258 103.320315    0.01785     1.0708     64.250  1024.6863  50238.520    31.3007      1.033    7.15391     5.5407     5.5630    24.6815   12.83011 2.1477e+01      1.043 0.0000e+00
        259 103.320318    0.01792     1.0750     64.500  1024.6759  50219.988    31.2864      1.059    7.15589     5.5228     5.5554    24.6710   12.83356 2.1269e+01      1.070 0.0000e+00
        260 103.320321    0.01799     1.0792     64.750  1024.6828  50233.731    31.2929      1.077    7.15806     5.5067     5.5408    24.6778   12.83706 2.1232e+01      1.088 0.0000e+00
        261 103.320324    0.01806     1.0833     65.000  1024.7045  50274.868    31.3176      1.086    7.15993     5.4955     5.5228    24.6994   12.83983 2.1312e+01      1.097 0.0000e+00
        262 103.320327    0.01812     1.0875     65.250  1024.7319  50326.541    31.3499      1.088    7.16111     5.4894     5.5068    24.7268   12.84137 2.1423e+01      1.098 0.0000e+00
        263 103.320330    0.01819     1.0917     65.500  1024.7565  50372.751    31.3795      1.085    7.16160     5.4873     5.4956    24.7514   12.84181 2.1534e+01      1.095 0.0000e+00
        264 103.320333    0.01826     1.0958     65.750  1024.7738  50405.064    31.4005      1.077    7.16164     5.4876     5.4895    24.7687   12.84159 2.1630e+01      1.087 0.0000e+00
        265 103.320336    0.01833     1.1000     66.000  1024.7817  50419.909    31.4103      1.068    7.16152     5.4884     5.4874    24.7767   12.84128 2.1729e+01      1.078 0.0000e+00
        266 103.320339    0.01840     1.1042     66.250  1024.7799  50416.647    31.4081      1.057    7.16158     5.4884     5.4877    24.7750   12.84140 2.1933e+01      1.067 0.0000e+00
        267 103.320341    0.01847     1.1083     66.500  1024.7701  50398.614    31.3959      1.045    7.16203     5.4874     5.4885    24.7652   12.84230 2.2256e+01      1.055 0.0000e+00
        268 103.320344    0.01854     1.1125     66.750  1024.7564  50373.501    31.3786      1.032    7.16285     5.4852     5.4885    24.7515   12.84388 2.2560e+01      1.041 0.0000e+00
        269 103.320347    0.01861     1.1167     67.000  1024.7436  50350.381    31.3625      1.015    7.16380     5.4818     5.4874    24.7389   12.84565 2.2697e+01      1.024 0.0000e+00
        270 103.320350    0.01868     1.1208     67.250  1024.7362  50337.134    31.3529      0.994    7.16463     5.4781     5.4852    24.7316   12.84714 2.2671e+01      1.004 0.0000e+00
        271 103.320353    0.01875     1.1250     67.500  1024.7376  50340.066    31.3542      0.971    7.16513     5.4756     5.4819    24.7330   12.84795 2.2613e+01      0.980 0.0000e+00
        272 103.320356    0.01882     1.1292     67.750  1024.7478  50359.307    31.3668      0.947    7.16516     5.4749     5.4782    24.7433   12.84784 2.2664e+01      0.956 0.0000e+00
        273 103.320359    0.01889     1.1333     68.000  1024.7623  50386.345    31.3849      0.925    7.16473     5.4760     5.4757    24.7579   12.84690 2.2910e+01      0.933 0.0000e+00
        274 103.320362    0.01896     1.1375     68.250  1024.7747  50409.454    31.4007      0.907    7.16409     5.4781     5.4750    24.7705   12.84564 2.3255e+01      0.916 0.0000e+00
        275 103.320365    0.01903     1.1417     68.500  1024.7801  50419.361    31.4077      0.896    7.16357     5.4803     5.4761    24.7759   12.84469 2.3487e+01      0.905 0.0000e+00
        276 103.320367    0.01910     1.1458     68.750  1024.7764  50412.286    31.4033      0.893    7.16342     5.4816     5.4782    24.7722   12.84450 2.3452e+01      0.901 0.0000e+00
        277 103.320370    0.01917     1.1500     69.000  1024.7657  50392.470    31.3901      0.895    7.16368     5.4815     5.4804    24.7615   12.84510 2.3143e+01      0.904 0.0000e+00
        278 103.320373    0.01924     1.1542     69.250  1024.7538  50370.402    31.3751      0.902    7.16418     5.4797     5.4817    24.7495   12.84611 2.2645e+01      0.911 0.0000e+00
        279 103.320376    0.01931     1.1583     69.500  1024.7462  50356.389    31.3655      0.913    7.16466     5.4770     5.4816    24.7419   12.84703 2.2050e+01      0.921 0.0000e+00
        280 103.320379    0.01938     1.1625     69.750  1024.7463  50356.607    31.3653      0.928    7.16496     5.4747     5.4798    24.7419   12.84753 2.1557e+01      0.936 0.0000e+00
        281 103.320382    0.01944     1.1667     70.000  1024.7533  50369.570    31.3736      0.948    7.16502     5.4735     5.4771    24.7488   12.84752 2.1336e+01      0.957 0.0000e+00
        282 103.320385    0.01951     1.1708     70.250  1024.7622  50385.864    31.3844      0.973    7.16490     5.4733     5.4748    24.7576   12.84718 2.1320e+01      0.983 0.0000e+00
        283 103.320388    0.01958     1.1750     70.500  1024.7679  50396.277    31.3913      1.004    7.16477     5.4739     5.4736    24.7632   12.84688 2.1342e+01      1.014 0.0000e+00
        284 103.320391    0.01965     1.1792     70.750  1024.7692  50398.420    31.3927      1.039    7.16474     5.4758     5.4734    24.7644   12.84682 2.1325e+01      1.049 0.0000e+00
        285 103.320394    0.01972     1.1833     71.000  1024.7691  50397.893    31.3924      1.078    7.16466     5.4801     5.4740    24.7641   12.84668 2.1216e+01      1.088 0.0000e+00
        286 103.320396    0.01979     1.1875     71.250  1024.7735  50405.279    31.3979      1.125    7.16407     5.4884     5.4759    24.7682   12.84565 2.0938e+01      1.135 0.0000e+00
        287 103.320399    0.01986     1.1917     71.500  1024.7878  50430.730    31.4163      1.188    7.16246     5.5031     5.4803    24.7822   12.84275 2.0618e+01      1.199 0.0000e+00
        288 103.320402    0.01993     1.1958     71.750  1024.8163  50481.569    31.4530      1.281    7.15931     5.5266     5.4886    24.8102   12.83707 2.0322e+01      1.292 0.0000e+00
        289 103.320405    0.02000     1.2000     72.000  1024.8550  50550.258    31.5032      1.424    7.15443     5.5574     5.5032    24.8483   12.82837 1.9793e+01      1.437 0.0000e+00
        290 103.320408    0.02007     1.2042     72.250  1024.8875  50606.133    31.5464      1.634    7.14839     5.5890     5.5267    24.8798   12.81783 1.8871e+01      1.649 0.0000e+00
        291 103.320411    0.02014     1.2083     72.500  1024.9012  50626.599    31.5666      1.909    7.14220     5.6154     5.5576    24.8923   12.80736 1.7665e+01      1.927 0.0000e+00
        292 103.320414    0.02021     1.2125     72.750  1024.9005  50620.070    31.5684      2.232    7.13677     5.6343     5.5892    24.8901   12.79836 1.6434e+01      2.253 0.0000e+00
        293 103.320417    0.02028     1.2167     73.000  1024.8945  50604.105    31.5626      2.579    7.13258     5.6464     5.6156    24.8824   12.79152 1.5371e+01      2.603 0.0000e+00
        294 103.320420    0.02035     1.2208     73.250  1024.8884  50588.549    31.5555      2.932    7.12971     5.6534     5.6346    24.8747   12.78686 1.4408e+01      2.960 0.0000e+00
        295 103.320422    0.02042     1.2250     73.500  1024.8843  50577.308    31.5500      3.287    7.12792     5.6570     5.6467    24.8690   12.78397 1.3448e+01      3.318 0.0000e+00
        296 103.320425    0.02049     1.2292     73.750  1024.8823  50570.268    31.5464      3.640    7.12691     5.6584     5.6537    24.8653   12.78235 1.2540e+01      3.674 0.0000e+00
        297 103.320428    0.02056     1.2333     74.000  1024.8818  50566.290    31.5442      3.992    7.12640     5.6587     5.6573    24.8632   12.78155 1.1757e+01      4.029 0.0000e+00
        298 103.320431    0.02063     1.2375     74.250  1024.8828  50565.246    31.5436      4.344    7.12619     5.6589     5.6587    24.8625   12.78120 1.1105e+01      4.384 0.0000e+00
        299 103.320434    0.02069     1.2417     74.500  1024.8851  50566.544    31.5444      4.699    7.12609     5.6596     5.6590    24.8631   12.78103 1.0535e+01      4.743 0.0000e+00
        300 103.320437    0.02076     1.2458     74.750  1024.8879  50568.820    31.5459      5.057    7.12598     5.6610     5.6593    24.8642   12.78082 1.0011e+01      5.105 0.0000e+00
        301 103.320440    0.02083     1.2500     75.000  1024.8908  50571.234    31.5475      5.421    7.12578     5.6630     5.6600    24.8654   12.78048 9.5291e+00      5.472 0.0000e+00
        302 103.320443    0.02090     1.2542     75.250  1024.8936  50573.344    31.5491      5.792    7.12547     5.6656     5.6614    24.8665   12.77995 9.0840e+00      5.847 0.0000e+00
        303 103.320446    0.02097     1.2583     75.500  1024.8958  50574.267    31.5499      6.170    7.12508     5.6680     5.6635    24.8670   12.77928 8.6652e+00      6.229 0.0000e+00
        304 103.320448    0.02104     1.2625     75.750  1024.8971  50573.402    31.5496      6.558    7.12466     5.6699     5.6660    24.8665   12.77859 8.2675e+00      6.620 0.0000e+00
        305 103.320451    0.02111     1.2667     76.000  1024.8979  50571.526    31.5486      6.956    7.12429     5.6712     5.6685    24.8654   12.77800 7.8920e+00      7.022 0.0000e+00
        306 103.320454    0.02118     1.2708     76.250  1024.8988  50569.745    31.5476      7.359    7.12401     5.6720     5.6705    24.8644   12.77755 7.5479e+00      7.429 0.0000e+00
        307 103.320457    0.02125     1.2750     76.500  1024.8998  50568.401    31.5467      7.764    7.12383     5.6724     5.6718    24.8635   12.77726 7.2410e+00      7.837 0.0000e+00
        308 103.320460    0.02132     1.2792     76.750  1024.9011  50567.574    31.5461      8.166    7.12372     5.6725     5.6726    24.8630   12.77708 6.9697e+00      8.243 0.0000e+00
        309 103.320463    0.02139     1.2833     77.000  1024.9027  50567.209    31.5458      8.561    7.12366     5.6725     5.6730    24.8626   12.77700 6.7278e+00      8.641 0.0000e+00
        310 103.320466    0.02146     1.2875     77.250  1024.9042  50567.003    31.5455      8.945    7.12365     5.6724     5.6732    24.8624   12.77697 6.5082e+00      9.030 0.0000e+00
        311 103.320469    0.02153     1.2917     77.500  1024.9058  50566.896    31.5453      9.317    7.12365     5.6723     5.6733    24.8622   12.77699 6.3078e+00      9.405 0.0000e+00
        312 103.320472    0.02160     1.2958     77.750  1024.9074  50567.140    31.5453      9.675    7.12367     5.6722     5.6731    24.8622   12.77702 6.1259e+00      9.766 0.0000e+00
        313 103.320475    0.02167     1.3000     78.000  1024.9092  50567.644    31.5454     10.019    7.12369     5.6722     5.6730    24.8623   12.77704 5.9538e+00     10.114 0.0000e+00
        314 103.320477    0.02174     1.3042     78.250  1024.9109  50568.097    31.5455     10.353    7.12369     5.6723     5.6730    24.8625   12.77704 5.7820e+00     10.451 0.0000e+00
        315 103.320480    0.02181     1.3083     78.500  1024.9125  50568.534    31.5457     10.680    7.12367     5.6725     5.6730    24.8626   12.77701 5.6166e+00     10.781 0.0000e+00
        316 103.320483    0.02187     1.3125     78.750  1024.9141  50568.880    31.5458     11.005    7.12364     5.6727     5.6732    24.8627   12.77695 5.4633e+00     11.109 0.0000e+00
        317 103.320486    0.02194     1.3167     79.000  1024.9155  50568.880    31.5457     11.330    7.12360     5.6728     5.6734    24.8625   12.77689 5.3198e+00     11.437 0.0000e+00
        318 103.320489    0.02201     1.3208     79.250  1024.9169  50568.714    31.5455     11.658    7.12357     5.6728     5.6737    24.8623   12.77685 5.1841e+00     11.769 0.0000e+00
        319 103.320492    0.02208     1.3250     79.500  1024.9183  50568.700    31.5453     11.992    7.12356     5.6728     5.6738    24.8622   12.77684 5.0538e+00     12.105 0.0000e+00
        320 103.320495    0.02215     1.3292     79.750  1024.9199  50568.853    31.5453     12.331    7.12356     5.6727     5.6738    24.8622   12.77684 4.9257e+00     12.448 0.0000e+00
        321 103.320498    0.02222     1.3333     80.000  1024.9215  50569.101    31.5453     12.675    7.12356     5.6727     5.6738    24.8622   12.77685 4.7979e+00     12.795 0.0000e+00
        322 103.320501    0.02229     1.3375     80.250  1024.9231  50569.381    31.5453     13.024    7.12357     5.6726     5.6738    24.8622   12.77685 4.6694e+00     13.147 0.0000e+00
        323 103.320503    0.02236     1.3417     80.500  1024.9248  50569.647    31.5453     13.377    7.12358     5.6725     5.6737    24.8622   12.77686 4.5398e+00     13.503 0.0000e+00
        324 103.320506    0.02243     1.3458     80.750  1024.9264  50569.909    31.5453     13.732    7.12358     5.6724     5.6737    24.8622   12.77687 4.4096e+00     13.862 0.0000e+00
        325 103.320509    0.02250     1.3500     81.000  1024.9281  50570.134    31.5453     14.087    7.12359     5.6723     5.6736    24.8622   12.77689 4.2798e+00     14.221 0.0000e+00
        326 103.320512    0.02257     1.3542     81.250  1024.9297  50570.374    31.5452     14.440    7.12361     5.6723     5.6735    24.8622   12.77691 4.1500e+00     14.578 0.0000e+00
        327 103.320515    0.02264     1.3583     81.500  1024.9314  50570.766    31.5453     14.792    7.12362     5.6723     5.6734    24.8623   12.77692 4.0205e+00     14.932 0.0000e+00
        328 103.320518    0.02271     1.3625     81.750  1024.9332  50571.225    31.5455     15.142    7.12362     5.6723     5.6734    24.8624   12.77692 3.8915e+00     15.285 0.0000e+00
        329 103.320521    0.02278     1.3667     82.000  1024.9349  50571.585    31.5456     15.491    7.12361     5.6723     5.6734    24.8625   12.77691 3.7635e+00     15.638 0.0000e+00
        330 103.320524    0.02285     1.3708     82.250  1024.9365  50571.803    31.5456     15.841    7.12360     5.6723     5.6735    24.8625   12.77689 3.6374e+00     15.991 0.0000e+00
        331 103.320527    0.02292     1.3750     82.500  1024.9381  50571.909    31.5455     16.193    7.12359     5.6722     5.6736    24.8624   12.77689 3.5152e+00     16.346 0.0000e+00
        332 103.320530    0.02299     1.3792     82.750  1024.9397  50572.081    31.5454     16.547    7.12359     5.6722     5.6736    24.8623   12.77689 3.3975e+00     16.704 0.0000e+00
        333 103.320532    0.02306     1.3833     83.000  1024.9415  50572.486    31.5455     16.902    7.12359     5.6722     5.6735    24.8624   12.77688 3.2847e+00     17.062 0.0000e+00
        334 103.320535    0.02313     1.3875     83.250  1024.9434  50573.138    31.5458     17.256    7.12358     5.6724     5.6735    24.8626   12.77686 3.1776e+00     17.419 0.0000e+00
        335 103.320538    0.02319     1.3917     83.500  1024.9453  50574.012    31.5463     17.604    7.12355     5.6727     5.6736    24.8630   12.77681 3.0763e+00     17.771 0.0000e+00
        336 103.320541    0.02326     1.3958     83.750  1024.9474  50575.076    31.5469     17.944    7.12349     5.6732     5.6737    24.8634   12.77670 2.9812e+00     18.114 0.0000e+00
        337 103.320544    0.02333     1.4000     84.000  1024.9495  50576.334    31.5476     18.273    7.12339     5.6740     5.6741    24.8640   12.77653 2.8923e+00     18.446 0.0000e+00
        338 103.320547    0.02340     1.4042     84.250  1024.9517  50577.857    31.5486     18.591    7.12325     5.6751     5.6746    24.8648   12.77628 2.8091e+00     18.767 0.0000e+00
        339 103.320550    0.02347     1.4083     84.500  1024.9541  50579.727    31.5499     18.898    7.12306     5.6765     5.6754    24.8657   12.77594 2.7305e+00     19.077 0.0000e+00
        340 103.320553    0.02354     1.4125     84.750  1024.9566  50581.912    31.5515     19.199    7.12280     5.6781     5.6765    24.8668   12.77550 2.6549e+00     19.381 0.0000e+00
