CTD-processing/allCTD/CNV--homogene/2015_04-08_t6_s06_cast016.cnv
* Sea-Bird SBE19plus Data File:
* FileName = C:\Users\kris.holderied\Documents\kasitsna\Research-Projects-and-Data\Oceanography-AK\CTD-Data-ALL-to-2015-02\2015-CTD-KachemakBay-CookInlet\2015-04-EVOSTC-CookInlet-quarterly\2015-04-08-CookInlet-Tran6-Douglas\2015-04-08-CookInlet-Tran6-cast016.hex
* Software Version 1.59
* Temperature SN =  5028
* Conductivity SN =  5028
* System UpLoad Time = Apr 09 2015 19:10:12
** Cook Inlet LTM Tran 6 (Douglas) East to West - partial
** Date: 04-08
** Station: 6-06
** Start time (AKDT): 02:29
** Depth (m): 145
** Comment:  KBL CTD. Time is local (AKDT)
** Comment: On R/V Pandalus.  Weather limited stations (1-12, skipped  7,9)
# nquan = 17
# nvalues = 836                         
# units = specified
# name 0 = scan: Scan Count
# name 1 = timeJ: Julian Days
# name 2 = timeH: Time, Elapsed [hours]
# name 3 = timeM: Time, Elapsed [minutes]
# name 4 = timeS: Time, Elapsed [seconds]
# name 5 = density00: Density [density, kg/m^3]
# name 6 = specc: Specific Conductance [uS/cm]
# name 7 = sal00: Salinity, Practical [PSU]
# name 8 = depSM: Depth [salt water, m], lat = 59.00
# name 9 = oxsolML/L: Oxygen Saturation, Garcia & Gordon [ml/l]
# name 10 = potemp090C: Potential Temperature [ITS-90, deg C]
# name 11 = tv290C: Temperature [ITS-90, deg C]
# name 12 = sigma-é00: Density [sigma-theta, kg/m^3]
# name 13 = n2satML/L: Nitrogen Saturation [ml/l]
# name 14 = par: PAR/Irradiance, Biospherical/Licor
# name 15 = prdM: Pressure, Strain Gauge [db]
# name 16 = flag:  0.000e+00
# span 0 =          1,        836       
# span 1 =  98.104132,  98.106548       
# span 2 =    0.00000,    0.05799       
# span 3 =     0.0000,     3.4792       
# span 4 =      0.000,    208.750       
# span 5 =  1000.0693,  1025.6043       
# span 6 =    261.881,  50785.561       
# span 7 =     0.1181,    31.6827       
# span 8 =     -0.214,    142.410       
# span 9 =    7.08051,    9.19236       
# span 10 =     3.8858,     5.8833      
# span 11 =     3.8858,     5.8926      
# span 12 =     0.0703,    24.9463      
# span 13 =   12.70400,   16.68338      
# span 14 = 3.7976e-02, 7.6311e-01      
# span 15 =     -0.216,    143.804      
# span 16 = 0.0000e+00, 0.0000e+00      
# interval = seconds: 0.25
# start_time = Apr 08 2015 02:29:57 [Instrument's time stamp, header]
# bad_flag = -9.990e-29
*END*
[from data line 681]
        682  98.106102    0.04729     2.8375    170.250  1025.4090  50747.648    31.6664    101.597    7.08367     5.8702     5.8776    24.9348   12.70939 3.7976e-02    102.581 0.0000e+00
        683  98.106105    0.04736     2.8417    170.500  1025.4108  50748.587    31.6670    101.894    7.08358     5.8707     5.8780    24.9352   12.70924 3.7976e-02    102.882 0.0000e+00
        684  98.106108    0.04743     2.8458    170.750  1025.4126  50749.704    31.6677    102.173    7.08348     5.8712     5.8784    24.9358   12.70906 3.7976e-02    103.163 0.0000e+00
        685  98.106111    0.04750     2.8500    171.000  1025.4143  50750.817    31.6684    102.423    7.08337     5.8717     5.8789    24.9363   12.70887 3.7976e-02    103.416 0.0000e+00
        686  98.106114    0.04757     2.8542    171.250  1025.4157  50751.636    31.6690    102.639    7.08326     5.8722     5.8794    24.9367   12.70868 3.7976e-02    103.634 0.0000e+00
        687  98.106117    0.04764     2.8583    171.500  1025.4167  50752.132    31.6693    102.819    7.08315     5.8725     5.8799    24.9369   12.70850 3.7976e-02    103.816 0.0000e+00
        688  98.106120    0.04771     2.8625    171.750  1025.4175  50752.349    31.6695    102.969    7.08307     5.8728     5.8804    24.9370   12.70836 3.7976e-02    103.967 0.0000e+00
        689  98.106123    0.04778     2.8667    172.000  1025.4181  50752.330    31.6695    103.100    7.08300     5.8730     5.8808    24.9369   12.70825 3.7976e-02    104.099 0.0000e+00
        690  98.106126    0.04785     2.8708    172.250  1025.4186  50752.228    31.6694    103.225    7.08296     5.8731     5.8810    24.9369   12.70818 3.7976e-02    104.225 0.0000e+00
        691  98.106128    0.04792     2.8750    172.500  1025.4191  50752.178    31.6694    103.359    7.08293     5.8731     5.8812    24.9368   12.70814 3.7976e-02    104.361 0.0000e+00
        692  98.106131    0.04799     2.8792    172.750  1025.4199  50752.293    31.6694    103.518    7.08291     5.8732     5.8814    24.9368   12.70811 3.7976e-02    104.522 0.0000e+00
        693  98.106134    0.04806     2.8833    173.000  1025.4209  50752.598    31.6695    103.715    7.08289     5.8733     5.8814    24.9369   12.70807 3.7976e-02    104.721 0.0000e+00
        694  98.106137    0.04813     2.8875    173.250  1025.4221  50752.966    31.6697    103.959    7.08287     5.8734     5.8815    24.9370   12.70803 3.7976e-02    104.966 0.0000e+00
        695  98.106140    0.04819     2.8917    173.500  1025.4236  50753.271    31.6698    104.251    7.08284     5.8734     5.8816    24.9371   12.70799 3.7976e-02    105.261 0.0000e+00
        696  98.106143    0.04826     2.8958    173.750  1025.4251  50753.475    31.6698    104.588    7.08282     5.8735     5.8817    24.9371   12.70796 3.7976e-02    105.602 0.0000e+00
        697  98.106146    0.04833     2.9000    174.000  1025.4268  50753.647    31.6697    104.961    7.08281     5.8736     5.8818    24.9370   12.70793 3.7976e-02    105.979 0.0000e+00
        698  98.106149    0.04840     2.9042    174.250  1025.4287  50753.908    31.6697    105.359    7.08279     5.8736     5.8819    24.9370   12.70790 3.7976e-02    106.381 0.0000e+00
        699  98.106152    0.04847     2.9083    174.500  1025.4307  50754.300    31.6698    105.769    7.08278     5.8737     5.8820    24.9371   12.70788 3.7976e-02    106.795 0.0000e+00
        700  98.106155    0.04854     2.9125    174.750  1025.4327  50754.723    31.6699    106.174    7.08276     5.8737     5.8821    24.9372   12.70785 3.7976e-02    107.203 0.0000e+00
        701  98.106157    0.04861     2.9167    175.000  1025.4345  50755.067    31.6700    106.558    7.08274     5.8738     5.8822    24.9372   12.70781 3.7976e-02    107.592 0.0000e+00
        702  98.106160    0.04868     2.9208    175.250  1025.4361  50755.319    31.6700    106.908    7.08273     5.8738     5.8823    24.9372   12.70778 3.7976e-02    107.945 0.0000e+00
        703  98.106163    0.04875     2.9250    175.500  1025.4376  50755.521    31.6700    107.214    7.08271     5.8739     5.8824    24.9372   12.70776 3.7976e-02    108.254 0.0000e+00
        704  98.106166    0.04882     2.9292    175.750  1025.4388  50755.721    31.6701    107.475    7.08270     5.8739     5.8824    24.9372   12.70774 3.7976e-02    108.518 0.0000e+00
        705  98.106169    0.04889     2.9333    176.000  1025.4398  50755.912    31.6701    107.698    7.08269     5.8739     5.8825    24.9373   12.70773 3.7976e-02    108.742 0.0000e+00
        706  98.106172    0.04896     2.9375    176.250  1025.4407  50756.043    31.6701    107.891    7.08268     5.8739     5.8825    24.9373   12.70772 3.7976e-02    108.938 0.0000e+00
        707  98.106175    0.04903     2.9417    176.500  1025.4416  50756.162    31.6701    108.069    7.08268     5.8740     5.8825    24.9373   12.70771 3.7976e-02    109.117 0.0000e+00
        708  98.106178    0.04910     2.9458    176.750  1025.4424  50756.352    31.6702    108.245    7.08267     5.8740     5.8826    24.9373   12.70769 3.7976e-02    109.296 0.0000e+00
        709  98.106181    0.04917     2.9500    177.000  1025.4434  50756.585    31.6702    108.435    7.08266     5.8741     5.8826    24.9374   12.70767 3.7976e-02    109.487 0.0000e+00
        710  98.106183    0.04924     2.9542    177.250  1025.4444  50756.847    31.6703    108.648    7.08264     5.8741     5.8827    24.9374   12.70765 3.7976e-02    109.703 0.0000e+00
        711  98.106186    0.04931     2.9583    177.500  1025.4457  50757.242    31.6705    108.892    7.08262     5.8742     5.8827    24.9376   12.70761 3.7976e-02    109.949 0.0000e+00
        712  98.106189    0.04938     2.9625    177.750  1025.4472  50757.823    31.6708    109.169    7.08259     5.8744     5.8828    24.9378   12.70755 3.7976e-02    110.229 0.0000e+00
        713  98.106192    0.04944     2.9667    178.000  1025.4490  50758.615    31.6712    109.476    7.08255     5.8747     5.8830    24.9381   12.70748 3.7976e-02    110.539 0.0000e+00
        714  98.106195    0.04951     2.9708    178.250  1025.4510  50759.673    31.6718    109.810    7.08249     5.8750     5.8832    24.9386   12.70737 3.7976e-02    110.876 0.0000e+00
        715  98.106198    0.04958     2.9750    178.500  1025.4531  50760.817    31.6725    110.162    7.08241     5.8753     5.8834    24.9391   12.70724 3.7976e-02    111.232 0.0000e+00
        716  98.106201    0.04965     2.9792    178.750  1025.4552  50761.703    31.6730    110.524    7.08233     5.8756     5.8838    24.9394   12.70709 3.7976e-02    111.597 0.0000e+00
        717  98.106204    0.04972     2.9833    179.000  1025.4571  50762.269    31.6733    110.884    7.08225     5.8759     5.8841    24.9396   12.70696 3.7976e-02    111.961 0.0000e+00
        718  98.106207    0.04979     2.9875    179.250  1025.4588  50762.712    31.6735    111.235    7.08218     5.8762     5.8845    24.9398   12.70685 3.7976e-02    112.315 0.0000e+00
        719  98.106209    0.04986     2.9917    179.500  1025.4605  50763.249    31.6738    111.568    7.08212     5.8765     5.8848    24.9400   12.70674 3.7976e-02    112.652 0.0000e+00
        720  98.106212    0.04993     2.9958    179.750  1025.4623  50763.953    31.6742    111.880    7.08205     5.8768     5.8851    24.9402   12.70662 3.7976e-02    112.967 0.0000e+00
        721  98.106215    0.05000     3.0000    180.000  1025.4640  50764.760    31.6747    112.172    7.08197     5.8772     5.8855    24.9406   12.70649 3.7976e-02    113.261 0.0000e+00
        722  98.106218    0.05007     3.0042    180.250  1025.4657  50765.665    31.6753    112.445    7.08188     5.8776     5.8858    24.9410   12.70634 3.7976e-02    113.538 0.0000e+00
        723  98.106221    0.05014     3.0083    180.500  1025.4674  50766.802    31.6760    112.705    7.08178     5.8782     5.8862    24.9415   12.70616 3.7976e-02    113.800 0.0000e+00
        724  98.106224    0.05021     3.0125    180.750  1025.4693  50768.250    31.6770    112.957    7.08166     5.8788     5.8867    24.9422   12.70595 3.7976e-02    114.054 0.0000e+00
        725  98.106227    0.05028     3.0167    181.000  1025.4713  50769.967    31.6781    113.205    7.08151     5.8796     5.8872    24.9431   12.70569 3.7976e-02    114.306 0.0000e+00
        726  98.106230    0.05035     3.0208    181.250  1025.4734  50771.866    31.6795    113.456    7.08134     5.8805     5.8879    24.9441   12.70538 3.7976e-02    114.559 0.0000e+00
        727  98.106233    0.05042     3.0250    181.500  1025.4756  50773.835    31.6809    113.711    7.08114     5.8815     5.8887    24.9451   12.70503 3.7976e-02    114.816 0.0000e+00
        728  98.106236    0.05049     3.0292    181.750  1025.4777  50775.538    31.6821    113.971    7.08092     5.8824     5.8896    24.9459   12.70466 3.7976e-02    115.078 0.0000e+00
        729  98.106238    0.05056     3.0333    182.000  1025.4793  50776.314    31.6827    114.234    7.08073     5.8830     5.8906    24.9463   12.70433 3.7976e-02    115.344 0.0000e+00
        730  98.106241    0.05063     3.0375    182.250  1025.4802  50775.903    31.6825    114.498    7.08059     5.8833     5.8916    24.9460   12.70410 3.7976e-02    115.611 0.0000e+00
        731  98.106244    0.05069     3.0417    182.500  1025.4807  50774.603    31.6816    114.760    7.08052     5.8833     5.8922    24.9452   12.70400 3.7976e-02    115.876 0.0000e+00
        732  98.106247    0.05076     3.0458    182.750  1025.4809  50773.014    31.6804    115.016    7.08053     5.8830     5.8925    24.9443   12.70402 3.7976e-02    116.134 0.0000e+00
        733  98.106250    0.05083     3.0500    183.000  1025.4814  50771.888    31.6795    115.262    7.08057     5.8826     5.8925    24.9436   12.70412 3.7976e-02    116.383 0.0000e+00
        734  98.106253    0.05090     3.0542    183.250  1025.4821  50771.347    31.6789    115.499    7.08064     5.8822     5.8922    24.9432   12.70424 3.7976e-02    116.622 0.0000e+00
        735  98.106256    0.05097     3.0583    183.500  1025.4829  50770.978    31.6785    115.729    7.08072     5.8819     5.8919    24.9429   12.70437 3.7976e-02    116.854 0.0000e+00
        736  98.106259    0.05104     3.0625    183.750  1025.4836  50770.656    31.6781    115.954    7.08080     5.8815     5.8915    24.9426   12.70451 3.7976e-02    117.081 0.0000e+00
        737  98.106262    0.05111     3.0667    184.000  1025.4846  50770.635    31.6779    116.179    7.08087     5.8813     5.8912    24.9425   12.70462 3.7976e-02    117.308 0.0000e+00
        738  98.106264    0.05118     3.0708    184.250  1025.4857  50771.005    31.6780    116.407    7.08092     5.8812     5.8908    24.9426   12.70470 3.7976e-02    117.539 0.0000e+00
        739  98.106267    0.05125     3.0750    184.500  1025.4871  50771.607    31.6783    116.643    7.08094     5.8812     5.8906    24.9428   12.70474 3.7976e-02    117.777 0.0000e+00
        740  98.106270    0.05132     3.0792    184.750  1025.4885  50772.316    31.6786    116.890    7.08094     5.8812     5.8905    24.9431   12.70473 3.7976e-02    118.027 0.0000e+00
        741  98.106273    0.05139     3.0833    185.000  1025.4900  50773.021    31.6790    117.151    7.08093     5.8814     5.8905    24.9434   12.70470 3.7976e-02    118.291 0.0000e+00
        742  98.106276    0.05146     3.0875    185.250  1025.4915  50773.603    31.6793    117.429    7.08090     5.8815     5.8906    24.9436   12.70465 3.7976e-02    118.571 0.0000e+00
        743  98.106279    0.05153     3.0917    185.500  1025.4930  50774.014    31.6794    117.723    7.08087     5.8816     5.8908    24.9437   12.70460 3.7976e-02    118.868 0.0000e+00
        744  98.106282    0.05160     3.0958    185.750  1025.4945  50774.309    31.6795    118.029    7.08084     5.8817     5.8909    24.9438   12.70455 3.7976e-02    119.177 0.0000e+00
        745  98.106285    0.05167     3.1000    186.000  1025.4960  50774.615    31.6796    118.341    7.08081     5.8818     5.8911    24.9439   12.70450 3.7976e-02    119.492 0.0000e+00
        746  98.106288    0.05174     3.1042    186.250  1025.4975  50774.968    31.6798    118.652    7.08078     5.8819     5.8912    24.9440   12.70445 3.7976e-02    119.806 0.0000e+00
        747  98.106291    0.05181     3.1083    186.500  1025.4990  50775.253    31.6798    118.955    7.08075     5.8820     5.8913    24.9440   12.70441 3.7976e-02    120.112 0.0000e+00
        748  98.106293    0.05187     3.1125    186.750  1025.5003  50775.411    31.6798    119.246    7.08073     5.8821     5.8915    24.9440   12.70436 3.7976e-02    120.407 0.0000e+00
        749  98.106296    0.05194     3.1167    187.000  1025.5016  50775.519    31.6798    119.527    7.08071     5.8821     5.8916    24.9439   12.70433 3.7976e-02    120.690 0.0000e+00
        750  98.106299    0.05201     3.1208    187.250  1025.5028  50775.621    31.6797    119.799    7.08069     5.8822     5.8917    24.9439   12.70431 3.7976e-02    120.965 0.0000e+00
        751  98.106302    0.05208     3.1250    187.500  1025.5041  50775.728    31.6797    120.068    7.08069     5.8822     5.8917    24.9439   12.70430 3.7976e-02    121.237 0.0000e+00
        752  98.106305    0.05215     3.1292    187.750  1025.5054  50775.970    31.6797    120.341    7.08068     5.8823     5.8918    24.9439   12.70428 3.7976e-02    121.512 0.0000e+00
        753  98.106308    0.05222     3.1333    188.000  1025.5068  50776.454    31.6799    120.622    7.08066     5.8824     5.8918    24.9440   12.70425 3.7976e-02    121.797 0.0000e+00
        754  98.106311    0.05229     3.1375    188.250  1025.5084  50777.080    31.6802    120.915    7.08063     5.8825     5.8919    24.9443   12.70420 3.7976e-02    122.092 0.0000e+00
        755  98.106314    0.05236     3.1417    188.500  1025.5101  50777.669    31.6805    121.218    7.08060     5.8827     5.8921    24.9445   12.70413 3.7976e-02    122.398 0.0000e+00
        756  98.106317    0.05243     3.1458    188.750  1025.5116  50778.061    31.6807    121.530    7.08056     5.8828     5.8922    24.9446   12.70407 3.7976e-02    122.713 0.0000e+00
        757  98.106319    0.05250     3.1500    189.000  1025.5131  50778.198    31.6807    121.845    7.08053     5.8828     5.8924    24.9446   12.70402 3.7976e-02    123.031 0.0000e+00
        758  98.106322    0.05257     3.1542    189.250  1025.5144  50778.148    31.6805    122.154    7.08051     5.8828     5.8925    24.9444   12.70400 3.7976e-02    123.343 0.0000e+00
        759  98.106325    0.05264     3.1583    189.500  1025.5156  50778.007    31.6803    122.450    7.08051     5.8827     5.8926    24.9442   12.70400 3.7976e-02    123.643 0.0000e+00
        760  98.106328    0.05271     3.1625    189.750  1025.5167  50777.896    31.6801    122.726    7.08052     5.8827     5.8926    24.9441   12.70402 3.7976e-02    123.921 0.0000e+00
        761  98.106331    0.05278     3.1667    190.000  1025.5177  50777.901    31.6800    122.976    7.08054     5.8826     5.8926    24.9440   12.70404 3.7976e-02    124.174 0.0000e+00
        762  98.106334    0.05285     3.1708    190.250  1025.5188  50777.982    31.6799    123.201    7.08055     5.8825     5.8925    24.9440   12.70406 3.7976e-02    124.401 0.0000e+00
        763  98.106337    0.05292     3.1750    190.500  1025.5197  50778.083    31.6799    123.403    7.08056     5.8825     5.8925    24.9440   12.70408 3.7976e-02    124.605 0.0000e+00
        764  98.106340    0.05299     3.1792    190.750  1025.5205  50778.182    31.6798    123.587    7.08057     5.8824     5.8924    24.9439   12.70410 3.7976e-02    124.791 0.0000e+00
        765  98.106343    0.05306     3.1833    191.000  1025.5213  50778.254    31.6798    123.761    7.08058     5.8824     5.8924    24.9439   12.70411 3.7976e-02    124.967 0.0000e+00
