CTD-processing/allCTD/CNV--homogene/2015_09-04_t9_s07_cast179.cnv
* Sea-Bird SBE19plus Data File:
* FileName = C:\Users\Kris.Holderied\Documents\kasitsna\Research-KBL\Oceanography-AK\CTD-Data-ALL-to-2015-06\2015-CTD-KachemakBay-CookInlet\2015-09-04-CookInlet-HomerSpit-Monthly\2015-09-04-CookInlet-Tran9-cast179.hex
* Software Version 1.59
* Temperature SN =  5028
* Conductivity SN =  5028
* System UpLoad Time = Oct 19 2015 12:10:58
** Cook Inlet LTM Transect 9 Homer Spit Monthly

** Date: 09-04
** Station: 9-07
** Start time (AKDT): 10:07
** Depth (m): 98.8
** Comment:  R/V Barnacle
** Comment:
# nquan = 17
# nvalues = 645                         
# units = specified
# name 0 = scan: Scan Count
# name 1 = timeJ: Julian Days
# name 2 = timeH: Time, Elapsed [hours]
# name 3 = timeM: Time, Elapsed [minutes]
# name 4 = timeS: Time, Elapsed [seconds]
# name 5 = density00: Density [density, kg/m^3]
# name 6 = specc: Specific Conductance [uS/cm]
# name 7 = sal00: Salinity, Practical [PSU]
# name 8 = depSM: Depth [salt water, m], lat = 59.00
# name 9 = oxsolML/L: Oxygen Saturation, Garcia & Gordon [ml/l]
# name 10 = potemp090C: Potential Temperature [ITS-90, deg C]
# name 11 = tv290C: Temperature [ITS-90, deg C]
# name 12 = sigma-é00: Density [sigma-theta, kg/m^3]
# name 13 = n2satML/L: Nitrogen Saturation [ml/l]
# name 14 = par: PAR/Irradiance, Biospherical/Licor
# name 15 = prdM: Pressure, Strain Gauge [db]
# name 16 = flag:  0.000e+00
# span 0 =          1,        645       
# span 1 = 247.421863, 247.423727       
# span 2 =    0.00000,    0.04472       
# span 3 =     0.0000,     2.6833       
# span 4 =      0.000,    161.000       
# span 5 =  1000.4838,  1024.7387       
# span 6 =   2096.302,  49664.947       
# span 7 =     1.0597,    31.4764       
# span 8 =     -0.077,     89.023       
# span 9 =    6.40450,    7.74831       
# span 10 =     9.1943,    10.9403      
# span 11 =     9.2036,    10.9403      
# span 12 =     0.4842,    24.3303      
# span 13 =   11.60608,   14.23793      
# span 14 = 5.6295e-02, 2.0199e+02      
# span 15 =     -0.078,     89.882      
# span 16 = 0.0000e+00, 0.0000e+00      
# interval = seconds: 0.25
# start_time = Sep 04 2015 10:07:29 [Instrument's time stamp, header]
# bad_flag = -9.990e-29
*END*
[from data line 511]
        512 247.423342    0.03549     2.1292    127.750  1024.5149  49527.737    31.4242     56.766    6.54352     9.4171     9.4239    24.2546   11.81908 5.7334e-02     57.310 0.0000e+00
        513 247.423345    0.03556     2.1333    128.000  1024.5165  49528.484    31.4246     57.037    6.54356     9.4168     9.4235    24.2549   11.81914 5.7310e-02     57.583 0.0000e+00
        514 247.423348    0.03562     2.1375    128.250  1024.5181  49529.216    31.4250     57.310    6.54359     9.4165     9.4232    24.2553   11.81919 5.7284e-02     57.859 0.0000e+00
        515 247.423351    0.03569     2.1417    128.500  1024.5196  49529.872    31.4253     57.584    6.54362     9.4162     9.4229    24.2556   11.81924 5.7260e-02     58.135 0.0000e+00
        516 247.423354    0.03576     2.1458    128.750  1024.5211  49530.420    31.4255     57.858    6.54365     9.4157     9.4226    24.2558   11.81928 5.7239e-02     58.412 0.0000e+00
        517 247.423356    0.03583     2.1500    129.000  1024.5225  49530.887    31.4257     58.130    6.54368     9.4152     9.4223    24.2560   11.81934 5.7222e-02     58.687 0.0000e+00
        518 247.423359    0.03590     2.1542    129.250  1024.5239  49531.329    31.4258     58.400    6.54373     9.4145     9.4219    24.2561   11.81942 5.7213e-02     58.960 0.0000e+00
        519 247.423362    0.03597     2.1583    129.500  1024.5253  49531.846    31.4260     58.669    6.54380     9.4138     9.4214    24.2563   11.81953 5.7211e-02     59.231 0.0000e+00
        520 247.423365    0.03604     2.1625    129.750  1024.5268  49532.464    31.4262     58.937    6.54388     9.4130     9.4208    24.2566   11.81966 5.7207e-02     59.502 0.0000e+00
        521 247.423368    0.03611     2.1667    130.000  1024.5284  49533.124    31.4265     59.205    6.54397     9.4122     9.4201    24.2569   11.81980 5.7198e-02     59.772 0.0000e+00
        522 247.423371    0.03618     2.1708    130.250  1024.5300  49533.866    31.4268     59.471    6.54407     9.4113     9.4194    24.2573   11.81996 5.7187e-02     60.041 0.0000e+00
        523 247.423374    0.03625     2.1750    130.500  1024.5317  49534.758    31.4272     59.738    6.54417     9.4105     9.4185    24.2578   11.82013 5.7173e-02     60.310 0.0000e+00
        524 247.423377    0.03632     2.1792    130.750  1024.5334  49535.698    31.4276     60.004    6.54427     9.4097     9.4177    24.2582   11.82029 5.7159e-02     60.579 0.0000e+00
        525 247.423380    0.03639     2.1833    131.000  1024.5350  49536.550    31.4280     60.270    6.54437     9.4088     9.4169    24.2587   11.82045 5.7146e-02     60.848 0.0000e+00
        526 247.423383    0.03646     2.1875    131.250  1024.5366  49537.311    31.4283     60.535    6.54447     9.4078     9.4161    24.2590   11.82061 5.7131e-02     61.116 0.0000e+00
        527 247.423385    0.03653     2.1917    131.500  1024.5382  49538.116    31.4286     60.797    6.54458     9.4067     9.4153    24.2594   11.82079 5.7113e-02     61.380 0.0000e+00
        528 247.423388    0.03660     2.1958    131.750  1024.5399  49539.125    31.4291     61.054    6.54470     9.4056     9.4143    24.2600   11.82098 5.7095e-02     61.640 0.0000e+00
        529 247.423391    0.03667     2.2000    132.000  1024.5416  49540.286    31.4297     61.308    6.54483     9.4046     9.4132    24.2606   11.82119 5.7082e-02     61.896 0.0000e+00
        530 247.423394    0.03674     2.2042    132.250  1024.5434  49541.447    31.4302     61.560    6.54496     9.4036     9.4122    24.2612   11.82140 5.7081e-02     62.150 0.0000e+00
        531 247.423397    0.03681     2.2083    132.500  1024.5451  49542.490    31.4307     61.812    6.54508     9.4026     9.4112    24.2617   11.82159 5.7083e-02     62.405 0.0000e+00
        532 247.423400    0.03687     2.2125    132.750  1024.5467  49543.295    31.4310     62.064    6.54520     9.4012     9.4103    24.2621   11.82179 5.7077e-02     62.659 0.0000e+00
        533 247.423403    0.03694     2.2167    133.000  1024.5481  49543.796    31.4311     62.315    6.54535     9.3992     9.4092    24.2623   11.82203 5.7063e-02     62.914 0.0000e+00
        534 247.423406    0.03701     2.2208    133.250  1024.5495  49544.262    31.4312     62.567    6.54555     9.3967     9.4078    24.2626   11.82237 5.7048e-02     63.168 0.0000e+00
        535 247.423409    0.03708     2.2250    133.500  1024.5512  49545.248    31.4315     62.819    6.54582     9.3938     9.4058    24.2632   11.82281 5.7038e-02     63.422 0.0000e+00
        536 247.423411    0.03715     2.2292    133.750  1024.5533  49546.858    31.4321     63.070    6.54615     9.3908     9.4034    24.2641   11.82335 5.7033e-02     63.675 0.0000e+00
        537 247.423414    0.03722     2.2333    134.000  1024.5557  49549.018    31.4332     63.320    6.54652     9.3880     9.4005    24.2654   11.82395 5.7034e-02     63.928 0.0000e+00
        538 247.423417    0.03729     2.2375    134.250  1024.5585  49551.807    31.4346     63.570    6.54689     9.3856     9.3975    24.2670   11.82454 5.7029e-02     64.180 0.0000e+00
        539 247.423420    0.03736     2.2417    134.500  1024.5614  49554.843    31.4363     63.819    6.54722     9.3838     9.3948    24.2687   11.82507 5.7016e-02     64.431 0.0000e+00
        540 247.423423    0.03743     2.2458    134.750  1024.5640  49557.485    31.4377     64.069    6.54749     9.3821     9.3925    24.2702   11.82550 5.7000e-02     64.683 0.0000e+00
        541 247.423426    0.03750     2.2500    135.000  1024.5662  49559.392    31.4387     64.319    6.54772     9.3804     9.3906    24.2713   11.82587 5.6984e-02     64.936 0.0000e+00
        542 247.423429    0.03757     2.2542    135.250  1024.5679  49560.436    31.4391     64.572    6.54794     9.3780     9.3890    24.2718   11.82622 5.6970e-02     65.191 0.0000e+00
        543 247.423432    0.03764     2.2583    135.500  1024.5692  49560.646    31.4389     64.825    6.54820     9.3745     9.3872    24.2719   11.82666 5.6962e-02     65.446 0.0000e+00
        544 247.423435    0.03771     2.2625    135.750  1024.5703  49560.567    31.4384     65.076    6.54857     9.3699     9.3848    24.2719   11.82727 5.6956e-02     65.700 0.0000e+00
        545 247.423438    0.03778     2.2667    136.000  1024.5718  49561.024    31.4382     65.324    6.54907     9.3644     9.3814    24.2723   11.82811 5.6947e-02     65.951 0.0000e+00
        546 247.423440    0.03785     2.2708    136.250  1024.5739  49562.388    31.4384     65.570    6.54972     9.3580     9.3769    24.2732   11.82918 5.6941e-02     66.199 0.0000e+00
        547 247.423443    0.03792     2.2750    136.500  1024.5763  49564.407    31.4390     65.814    6.55049     9.3508     9.3714    24.2745   11.83045 5.6939e-02     66.446 0.0000e+00
        548 247.423446    0.03799     2.2792    136.750  1024.5789  49566.690    31.4396     66.058    6.55139     9.3428     9.3650    24.2760   11.83192 5.6936e-02     66.692 0.0000e+00
        549 247.423449    0.03806     2.2833    137.000  1024.5819  49569.610    31.4406     66.302    6.55239     9.3345     9.3578    24.2778   11.83358 5.6930e-02     66.939 0.0000e+00
        550 247.423452    0.03812     2.2875    137.250  1024.5858  49574.033    31.4425     66.546    6.55347     9.3268     9.3498    24.2806   11.83534 5.6922e-02     67.185 0.0000e+00
        551 247.423455    0.03819     2.2917    137.500  1024.5906  49580.075    31.4455     66.790    6.55453     9.3203     9.3416    24.2842   11.83707 5.6909e-02     67.432 0.0000e+00
        552 247.423458    0.03826     2.2958    137.750  1024.5957  49586.795    31.4491     67.034    6.55550     9.3152     9.3339    24.2882   11.83862 5.6894e-02     67.678 0.0000e+00
        553 247.423461    0.03833     2.3000    138.000  1024.6005  49593.000    31.4524     67.276    6.55630     9.3112     9.3275    24.2919   11.83990 5.6881e-02     67.923 0.0000e+00
        554 247.423464    0.03840     2.3042    138.250  1024.6045  49598.042    31.4552     67.516    6.55692     9.3081     9.3224    24.2948   11.84091 5.6866e-02     68.165 0.0000e+00
        555 247.423466    0.03847     2.3083    138.500  1024.6078  49601.805    31.4572     67.757    6.55741     9.3055     9.3184    24.2970   11.84169 5.6847e-02     68.408 0.0000e+00
        556 247.423469    0.03854     2.3125    138.750  1024.6104  49604.411    31.4585     67.999    6.55780     9.3031     9.3153    24.2985   11.84233 5.6832e-02     68.652 0.0000e+00
        557 247.423472    0.03861     2.3167    139.000  1024.6125  49606.095    31.4592     68.243    6.55815     9.3006     9.3127    24.2995   11.84289 5.6833e-02     68.899 0.0000e+00
        558 247.423475    0.03868     2.3208    139.250  1024.6143  49607.136    31.4595     68.489    6.55848     9.2978     9.3103    24.3001   11.84343 5.6842e-02     69.147 0.0000e+00
        559 247.423478    0.03875     2.3250    139.500  1024.6157  49607.666    31.4594     68.735    6.55883     9.2943     9.3079    24.3004   11.84402 5.6844e-02     69.395 0.0000e+00
        560 247.423481    0.03882     2.3292    139.750  1024.6169  49607.628    31.4589     68.976    6.55926     9.2897     9.3051    24.3005   11.84473 5.6841e-02     69.639 0.0000e+00
        561 247.423484    0.03889     2.3333    140.000  1024.6178  49607.119    31.4580     69.213    6.55981     9.2840     9.3016    24.3003   11.84565 5.6839e-02     69.878 0.0000e+00
        562 247.423487    0.03896     2.3375    140.250  1024.6188  49606.839    31.4570     69.445    6.56051     9.2774     9.2971    24.3003   11.84683 5.6838e-02     70.112 0.0000e+00
        563 247.423490    0.03903     2.3417    140.500  1024.6207  49607.908    31.4569     69.674    6.56135     9.2707     9.2914    24.3011   11.84822 5.6836e-02     70.344 0.0000e+00
        564 247.423492    0.03910     2.3458    140.750  1024.6235  49610.738    31.4579     69.902    6.56226     9.2644     9.2848    24.3029   11.84971 5.6830e-02     70.574 0.0000e+00
        565 247.423495    0.03917     2.3500    141.000  1024.6270  49614.748    31.4597     70.131    6.56316     9.2588     9.2781    24.3053   11.85117 5.6822e-02     70.805 0.0000e+00
        566 247.423498    0.03924     2.3542    141.250  1024.6307  49619.149    31.4618     70.359    6.56398     9.2541     9.2719    24.3080   11.85251 5.6813e-02     71.035 0.0000e+00
        567 247.423501    0.03931     2.3583    141.500  1024.6343  49623.345    31.4639     70.585    6.56470     9.2501     9.2663    24.3105   11.85368 5.6803e-02     71.263 0.0000e+00
        568 247.423504    0.03938     2.3625    141.750  1024.6375  49627.019    31.4657     70.810    6.56531     9.2468     9.2615    24.3126   11.85467 5.6792e-02     71.490 0.0000e+00
        569 247.423507    0.03944     2.3667    142.000  1024.6403  49630.088    31.4672     71.032    6.56583     9.2440     9.2576    24.3144   11.85550 5.6773e-02     71.715 0.0000e+00
        570 247.423510    0.03951     2.3708    142.250  1024.6428  49632.615    31.4685     71.252    6.56626     9.2416     9.2543    24.3159   11.85620 5.6753e-02     71.937 0.0000e+00
        571 247.423513    0.03958     2.3750    142.500  1024.6450  49634.695    31.4694     71.471    6.56662     9.2396     9.2515    24.3171   11.85678 5.6738e-02     72.158 0.0000e+00
        572 247.423516    0.03965     2.3792    142.750  1024.6470  49636.388    31.4702     71.691    6.56693     9.2378     9.2491    24.3181   11.85729 5.6723e-02     72.380 0.0000e+00
        573 247.423519    0.03972     2.3833    143.000  1024.6488  49637.720    31.4708     71.915    6.56719     9.2363     9.2472    24.3188   11.85772 5.6712e-02     72.606 0.0000e+00
        574 247.423521    0.03979     2.3875    143.250  1024.6504  49638.694    31.4711     72.141    6.56743     9.2348     9.2455    24.3194   11.85810 5.6708e-02     72.835 0.0000e+00
        575 247.423524    0.03986     2.3917    143.500  1024.6518  49639.423    31.4713     72.371    6.56764     9.2333     9.2439    24.3198   11.85846 5.6706e-02     73.066 0.0000e+00
        576 247.423527    0.03993     2.3958    143.750  1024.6532  49640.132    31.4715     72.601    6.56785     9.2320     9.2424    24.3202   11.85880 5.6704e-02     73.299 0.0000e+00
        577 247.423530    0.04000     2.4000    144.000  1024.6548  49640.983    31.4718     72.833    6.56804     9.2309     9.2410    24.3206   11.85911 5.6707e-02     73.534 0.0000e+00
        578 247.423533    0.04007     2.4042    144.250  1024.6564  49641.932    31.4722     73.067    6.56821     9.2299     9.2397    24.3211   11.85939 5.6712e-02     73.770 0.0000e+00
        579 247.423536    0.04014     2.4083    144.500  1024.6579  49642.805    31.4725     73.303    6.56836     9.2290     9.2386    24.3216   11.85963 5.6710e-02     74.008 0.0000e+00
        580 247.423539    0.04021     2.4125    144.750  1024.6593  49643.498    31.4728     73.540    6.56849     9.2283     9.2377    24.3219   11.85984 5.6701e-02     74.248 0.0000e+00
        581 247.423542    0.04028     2.4167    145.000  1024.6607  49644.055    31.4730     73.780    6.56861     9.2276     9.2368    24.3222   11.86003 5.6694e-02     74.490 0.0000e+00
        582 247.423545    0.04035     2.4208    145.250  1024.6620  49644.544    31.4731     74.021    6.56871     9.2269     9.2361    24.3224   11.86020 5.6685e-02     74.733 0.0000e+00
        583 247.423547    0.04042     2.4250    145.500  1024.6633  49644.880    31.4731     74.263    6.56880     9.2262     9.2354    24.3226   11.86035 5.6675e-02     74.977 0.0000e+00
        584 247.423550    0.04049     2.4292    145.750  1024.6644  49644.976    31.4730     74.505    6.56890     9.2254     9.2347    24.3226   11.86052 5.6673e-02     75.222 0.0000e+00
        585 247.423553    0.04056     2.4333    146.000  1024.6655  49644.979    31.4728     74.748    6.56901     9.2245     9.2341    24.3225   11.86070 5.6676e-02     75.467 0.0000e+00
        586 247.423556    0.04063     2.4375    146.250  1024.6666  49645.098    31.4727     74.991    6.56913     9.2236     9.2333    24.3225   11.86090 5.6679e-02     75.712 0.0000e+00
        587 247.423559    0.04069     2.4417    146.500  1024.6678  49645.362    31.4727     75.233    6.56926     9.2226     9.2324    24.3226   11.86111 5.6674e-02     75.957 0.0000e+00
        588 247.423562    0.04076     2.4458    146.750  1024.6691  49645.707    31.4727     75.476    6.56939     9.2216     9.2315    24.3228   11.86133 5.6666e-02     76.202 0.0000e+00
        589 247.423565    0.04083     2.4500    147.000  1024.6705  49646.172    31.4727     75.720    6.56953     9.2207     9.2305    24.3230   11.86156 5.6660e-02     76.448 0.0000e+00
        590 247.423568    0.04090     2.4542    147.250  1024.6719  49646.778    31.4729     75.964    6.56966     9.2198     9.2296    24.3233   11.86177 5.6655e-02     76.695 0.0000e+00
        591 247.423571    0.04097     2.4583    147.500  1024.6733  49647.414    31.4731     76.208    6.56978     9.2190     9.2287    24.3236   11.86197 5.6650e-02     76.942 0.0000e+00
        592 247.423573    0.04104     2.4625    147.750  1024.6747  49647.932    31.4733     76.453    6.56989     9.2182     9.2278    24.3239   11.86216 5.6643e-02     77.189 0.0000e+00
        593 247.423576    0.04111     2.4667    148.000  1024.6760  49648.316    31.4733     76.700    6.57000     9.2174     9.2271    24.3240   11.86234 5.6634e-02     77.438 0.0000e+00
        594 247.423579    0.04118     2.4708    148.250  1024.6773  49648.652    31.4733     76.948    6.57011     9.2166     9.2263    24.3242   11.86252 5.6625e-02     77.689 0.0000e+00
        595 247.423582    0.04125     2.4750    148.500  1024.6785  49648.943    31.4733     77.199    6.57023     9.2157     9.2255    24.3243   11.86272 5.6617e-02     77.942 0.0000e+00
