CTD-processing/allCTD/CNV--homogene/2015_07-10_t9_s09_cast270.cnv
* Sea-Bird SBE19plus Data File:
* FileName = C:\Users\Kris.Holderied\Documents\kasitsna\Research-KBL\Oceanography-AK\CTD-Data-ALL-to-2015-10\2015-CTD-KachemakBay-CookInlet\2015-07-10-CookInlet-Tran9-HomerSpit\2015-07-10-CookInlet-Tran9-cast270.hex
* Software Version 1.59
* Temperature SN =  4141
* Conductivity SN =  4141
* System UpLoad Time = Nov 02 2015 19:32:45
** Kachemak Bay Intensive Survey - Homer Spit (Tran 9)
** Date (YYYY-MM-DD): 2015-07-10
** Station (ie. 9-01):  9-09
** Start time (AKDT): 10:09
** Depth (m): 80.2
** Comment:  Survey included T9, sub-bays and along-bay line on two boats.
** Comment: R/V Barnacle. KBRR CTD.
# nquan = 17
# nvalues = 742                         
# units = specified
# name 0 = scan: Scan Count
# name 1 = timeJ: Julian Days
# name 2 = timeH: Time, Elapsed [hours]
# name 3 = timeM: Time, Elapsed [minutes]
# name 4 = timeS: Time, Elapsed [seconds]
# name 5 = density00: Density [density, kg/m^3]
# name 6 = specc: Specific Conductance [uS/cm]
# name 7 = sal00: Salinity, Practical [PSU]
# name 8 = depSM: Depth [salt water, m], lat = 59.00
# name 9 = oxsolML/L: Oxygen Saturation, Garcia & Gordon [ml/l]
# name 10 = potemp090C: Potential Temperature [ITS-90, deg C]
# name 11 = tv290C: Temperature [ITS-90, deg C]
# name 12 = sigma-é00: Density [sigma-theta, kg/m^3]
# name 13 = n2satML/L: Nitrogen Saturation [ml/l]
# name 14 = par: PAR/Irradiance, Biospherical/Licor
# name 15 = prdM: Pressure, Strain Gauge [db]
# name 16 = flag:  0.000e+00
# span 0 =          1,        742       
# span 1 = 191.423692, 191.425836       
# span 2 =    0.00000,    0.05146       
# span 3 =     0.0000,     3.0875       
# span 4 =      0.000,    185.250       
# span 5 =  1001.4780,  1024.7590       
# span 6 =   4634.243,  49701.973       
# span 7 =     2.4509,    31.3300       
# span 8 =     -0.131,     79.067       
# span 9 =    6.42120,    7.52927       
# span 10 =     7.9034,    11.5169      
# span 11 =     7.9109,    11.5170      
# span 12 =     1.4786,    24.3941      
# span 13 =   11.64722,   13.84777      
# span 14 = 3.6736e-02, 1.0682e+03      
# span 15 =     -0.133,     79.829      
# span 16 = 0.0000e+00, 0.0000e+00      
# interval = seconds: 0.25
# start_time = Jul 10 2015 10:10:07 [Instrument's time stamp, header]
# bad_flag = -9.990e-29
*END*
[from data line 341]
        342 191.424679    0.02368     1.4208     85.250  1020.8045  43425.783    27.3862      0.794    6.44208    11.3206    11.3207    20.8009   11.69939 6.3434e+02      0.802 0.0000e+00
        343 191.424682    0.02375     1.4250     85.500  1020.8040  43424.927    27.3856      0.795    6.44204    11.3193    11.3212    20.8004   11.69932 6.3030e+02      0.803 0.0000e+00
        344 191.424685    0.02382     1.4292     85.750  1020.8042  43425.100    27.3857      0.799    6.44209    11.3176    11.3207    20.8005   11.69941 6.2730e+02      0.806 0.0000e+00
        345 191.424688    0.02389     1.4333     86.000  1020.8051  43426.460    27.3865      0.802    6.44224    11.3162    11.3194    20.8014   11.69965 6.2676e+02      0.810 0.0000e+00
        346 191.424690    0.02396     1.4375     86.250  1020.8063  43428.448    27.3877      0.805    6.44243    11.3153    11.3177    20.8026   11.69995 6.2571e+02      0.812 0.0000e+00
        347 191.424693    0.02403     1.4417     86.500  1020.8074  43430.190    27.3888      0.807    6.44258    11.3150    11.3163    20.8037   11.70019 6.2277e+02      0.814 0.0000e+00
        348 191.424696    0.02410     1.4458     86.750  1020.8080  43431.176    27.3894      0.808    6.44267    11.3148    11.3154    20.8043   11.70033 6.1925e+02      0.816 0.0000e+00
        349 191.424699    0.02417     1.4500     87.000  1020.8083  43431.583    27.3897      0.809    6.44272    11.3148    11.3151    20.8046   11.70040 6.1724e+02      0.817 0.0000e+00
        350 191.424702    0.02424     1.4542     87.250  1020.8084  43431.775    27.3898      0.809    6.44273    11.3150    11.3149    20.8047   11.70043 6.1840e+02      0.817 0.0000e+00
        351 191.424705    0.02431     1.4583     87.500  1020.8085  43431.905    27.3899      0.808    6.44273    11.3156    11.3149    20.8048   11.70042 6.2039e+02      0.816 0.0000e+00
        352 191.424708    0.02438     1.4625     87.750  1020.8084  43431.883    27.3899      0.805    6.44270    11.3166    11.3151    20.8047   11.70037 6.2129e+02      0.812 0.0000e+00
        353 191.424711    0.02444     1.4667     88.000  1020.8081  43431.458    27.3897      0.802    6.44262    11.3177    11.3157    20.8044   11.70026 6.2137e+02      0.809 0.0000e+00
        354 191.424714    0.02451     1.4708     88.250  1020.8075  43430.535    27.3891      0.800    6.44251    11.3188    11.3167    20.8039   11.70008 6.2080e+02      0.808 0.0000e+00
        355 191.424716    0.02458     1.4750     88.500  1020.8067  43429.280    27.3883      0.802    6.44238    11.3195    11.3178    20.8031   11.69987 6.1903e+02      0.810 0.0000e+00
        356 191.424719    0.02465     1.4792     88.750  1020.8059  43427.983    27.3875      0.805    6.44227    11.3196    11.3189    20.8023   11.69968 6.1539e+02      0.813 0.0000e+00
        357 191.424722    0.02472     1.4833     89.000  1020.8054  43427.047    27.3869      0.808    6.44220    11.3194    11.3196    20.8017   11.69957 6.1164e+02      0.816 0.0000e+00
        358 191.424725    0.02479     1.4875     89.250  1020.8052  43426.786    27.3867      0.810    6.44218    11.3191    11.3197    20.8015   11.69955 6.1016e+02      0.818 0.0000e+00
        359 191.424728    0.02486     1.4917     89.500  1020.8054  43427.136    27.3870      0.808    6.44221    11.3191    11.3195    20.8017   11.69960 6.1161e+02      0.816 0.0000e+00
        360 191.424731    0.02493     1.4958     89.750  1020.8057  43427.680    27.3873      0.804    6.44224    11.3195    11.3192    20.8021   11.69964 6.1525e+02      0.812 0.0000e+00
        361 191.424734    0.02500     1.5000     90.000  1020.8058  43427.879    27.3875      0.801    6.44223    11.3200    11.3192    20.8022   11.69963 6.1771e+02      0.808 0.0000e+00
        362 191.424737    0.02507     1.5042     90.250  1020.8055  43427.469    27.3872      0.798    6.44219    11.3203    11.3196    20.8019   11.69956 6.1650e+02      0.806 0.0000e+00
        363 191.424740    0.02514     1.5083     90.500  1020.8051  43426.692    27.3867      0.798    6.44214    11.3202    11.3201    20.8014   11.69948 6.1371e+02      0.806 0.0000e+00
        364 191.424742    0.02521     1.5125     90.750  1020.8047  43426.028    27.3863      0.800    6.44211    11.3198    11.3204    20.8010   11.69944 6.1183e+02      0.808 0.0000e+00
        365 191.424745    0.02528     1.5167     91.000  1020.8046  43425.849    27.3862      0.803    6.44213    11.3191    11.3203    20.8009   11.69947 6.1330e+02      0.811 0.0000e+00
        366 191.424748    0.02535     1.5208     91.250  1020.8049  43426.275    27.3864      0.807    6.44218    11.3183    11.3199    20.8012   11.69955 6.1684e+02      0.814 0.0000e+00
        367 191.424751    0.02542     1.5250     91.500  1020.8054  43427.115    27.3870      0.810    6.44226    11.3177    11.3192    20.8017   11.69967 6.1912e+02      0.818 0.0000e+00
        368 191.424754    0.02549     1.5292     91.750  1020.8060  43428.053    27.3875      0.812    6.44234    11.3176    11.3184    20.8023   11.69980 6.1989e+02      0.820 0.0000e+00
        369 191.424757    0.02556     1.5333     92.000  1020.8065  43428.865    27.3881      0.812    6.44240    11.3181    11.3178    20.8028   11.69990 6.1876e+02      0.820 0.0000e+00
        370 191.424760    0.02562     1.5375     92.250  1020.8068  43429.304    27.3884      0.810    6.44241    11.3192    11.3177    20.8031   11.69991 6.1671e+02      0.818 0.0000e+00
        371 191.424763    0.02569     1.5417     92.500  1020.8066  43429.168    27.3883      0.807    6.44235    11.3207    11.3182    20.8030   11.69980 6.1700e+02      0.814 0.0000e+00
        372 191.424766    0.02576     1.5458     92.750  1020.8061  43428.448    27.3879      0.802    6.44221    11.3225    11.3193    20.8025   11.69958 6.2013e+02      0.810 0.0000e+00
        373 191.424769    0.02583     1.5500     93.000  1020.8053  43427.175    27.3872      0.799    6.44202    11.3241    11.3208    20.8016   11.69928 6.2217e+02      0.806 0.0000e+00
        374 191.424771    0.02590     1.5542     93.250  1020.8041  43425.419    27.3861      0.798    6.44182    11.3254    11.3226    20.8005   11.69896 6.2026e+02      0.805 0.0000e+00
        375 191.424774    0.02597     1.5583     93.500  1020.8030  43423.519    27.3849      0.799    6.44164    11.3260    11.3242    20.7993   11.69867 6.1653e+02      0.806 0.0000e+00
        376 191.424777    0.02604     1.5625     93.750  1020.8020  43421.989    27.3840      0.802    6.44151    11.3262    11.3254    20.7984   11.69846 6.1548e+02      0.809 0.0000e+00
        377 191.424780    0.02611     1.5667     94.000  1020.8015  43421.147    27.3835      0.807    6.44144    11.3262    11.3261    20.7978   11.69835 6.1887e+02      0.814 0.0000e+00
        378 191.424783    0.02618     1.5708     94.250  1020.8014  43420.972    27.3834      0.810    6.44141    11.3262    11.3263    20.7977   11.69831 6.2495e+02      0.817 0.0000e+00
        379 191.424786    0.02625     1.5750     94.500  1020.8015  43421.138    27.3835      0.811    6.44141    11.3264    11.3263    20.7978   11.69831 6.3326e+02      0.819 0.0000e+00
        380 191.424789    0.02632     1.5792     94.750  1020.8016  43421.337    27.3836      0.811    6.44140    11.3270    11.3263    20.7979   11.69829 6.4353e+02      0.818 0.0000e+00
        381 191.424792    0.02639     1.5833     95.000  1020.8017  43421.450    27.3837      0.809    6.44137    11.3277    11.3265    20.7980   11.69823 6.4843e+02      0.816 0.0000e+00
        382 191.424795    0.02646     1.5875     95.250  1020.8015  43421.322    27.3837      0.807    6.44130    11.3285    11.3271    20.7978   11.69811 6.4413e+02      0.815 0.0000e+00
        383 191.424797    0.02653     1.5917     95.500  1020.8012  43420.827    27.3834      0.807    6.44120    11.3292    11.3278    20.7975   11.69796 6.3925e+02      0.815 0.0000e+00
        384 191.424800    0.02660     1.5958     95.750  1020.8008  43420.101    27.3829      0.807    6.44111    11.3298    11.3286    20.7971   11.69781 6.3728e+02      0.815 0.0000e+00
        385 191.424803    0.02667     1.6000     96.000  1020.8003  43419.416    27.3825      0.808    6.44103    11.3306    11.3293    20.7966   11.69768 6.3464e+02      0.816 0.0000e+00
        386 191.424806    0.02674     1.6042     96.250  1020.8000  43418.891    27.3822      0.808    6.44095    11.3316    11.3299    20.7963   11.69756 6.3247e+02      0.816 0.0000e+00
        387 191.424809    0.02681     1.6083     96.500  1020.7996  43418.391    27.3819      0.807    6.44086    11.3329    11.3307    20.7959   11.69741 6.3228e+02      0.815 0.0000e+00
        388 191.424812    0.02688     1.6125     96.750  1020.7991  43417.618    27.3814      0.806    6.44073    11.3342    11.3317    20.7954   11.69720 6.3261e+02      0.814 0.0000e+00
        389 191.424815    0.02694     1.6167     97.000  1020.7983  43416.485    27.3808      0.805    6.44058    11.3351    11.3330    20.7946   11.69696 6.3188e+02      0.813 0.0000e+00
        390 191.424818    0.02701     1.6208     97.250  1020.7975  43415.275    27.3801      0.805    6.44044    11.3357    11.3343    20.7939   11.69674 6.2964e+02      0.813 0.0000e+00
        391 191.424821    0.02708     1.6250     97.500  1020.7969  43414.261    27.3795      0.806    6.44034    11.3361    11.3352    20.7932   11.69657 6.2619e+02      0.814 0.0000e+00
        392 191.424823    0.02715     1.6292     97.750  1020.7965  43413.562    27.3790      0.807    6.44027    11.3363    11.3358    20.7928   11.69647 6.2346e+02      0.815 0.0000e+00
        393 191.424826    0.02722     1.6333     98.000  1020.7963  43413.217    27.3788      0.808    6.44023    11.3365    11.3361    20.7926   11.69640 6.2284e+02      0.816 0.0000e+00
        394 191.424829    0.02729     1.6375     98.250  1020.7962  43413.151    27.3788      0.808    6.44019    11.3367    11.3364    20.7925   11.69634 6.2353e+02      0.815 0.0000e+00
        395 191.424832    0.02736     1.6417     98.500  1020.7963  43413.288    27.3789      0.807    6.44016    11.3371    11.3366    20.7926   11.69629 6.2624e+02      0.815 0.0000e+00
        396 191.424835    0.02743     1.6458     98.750  1020.7964  43413.615    27.3792      0.808    6.44012    11.3380    11.3368    20.7927   11.69623 6.3069e+02      0.816 0.0000e+00
        397 191.424838    0.02750     1.6500     99.000  1020.7966  43413.943    27.3794      0.810    6.44006    11.3393    11.3372    20.7929   11.69611 6.3423e+02      0.818 0.0000e+00
        398 191.424841    0.02757     1.6542     99.250  1020.7964  43413.819    27.3794      0.810    6.43994    11.3408    11.3380    20.7927   11.69592 6.3518e+02      0.818 0.0000e+00
        399 191.424844    0.02764     1.6583     99.500  1020.7959  43413.097    27.3790      0.808    6.43978    11.3423    11.3393    20.7922   11.69565 6.3308e+02      0.816 0.0000e+00
        400 191.424847    0.02771     1.6625     99.750  1020.7953  43412.303    27.3786      0.803    6.43958    11.3439    11.3408    20.7916   11.69533 6.3127e+02      0.811 0.0000e+00
        401 191.424850    0.02778     1.6667    100.000  1020.7948  43411.680    27.3784      0.797    6.43938    11.3454    11.3424    20.7911   11.69499 6.3216e+02      0.804 0.0000e+00
        402 191.424852    0.02785     1.6708    100.250  1020.7941  43410.754    27.3779      0.790    6.43918    11.3468    11.3440    20.7905   11.69467 6.3313e+02      0.798 0.0000e+00
        403 191.424855    0.02792     1.6750    100.500  1020.7932  43409.435    27.3771      0.787    6.43900    11.3477    11.3455    20.7896   11.69438 6.3445e+02      0.795 0.0000e+00
        404 191.424858    0.02799     1.6792    100.750  1020.7924  43408.061    27.3762      0.788    6.43885    11.3482    11.3468    20.7887   11.69414 6.3945e+02      0.796 0.0000e+00
        405 191.424861    0.02806     1.6833    101.000  1020.7916  43406.834    27.3755      0.792    6.43875    11.3482    11.3478    20.7880   11.69399 6.4619e+02      0.800 0.0000e+00
        406 191.424864    0.02813     1.6875    101.250  1020.7912  43406.074    27.3750      0.799    6.43871    11.3479    11.3482    20.7875   11.69392 6.4996e+02      0.806 0.0000e+00
        407 191.424867    0.02819     1.6917    101.500  1020.7912  43406.050    27.3750      0.804    6.43871    11.3477    11.3483    20.7875   11.69391 6.4939e+02      0.812 0.0000e+00
        408 191.424870    0.02826     1.6958    101.750  1020.7916  43406.732    27.3754      0.807    6.43872    11.3479    11.3480    20.7879   11.69393 6.4581e+02      0.815 0.0000e+00
        409 191.424873    0.02833     1.7000    102.000  1020.7922  43407.779    27.3761      0.808    6.43872    11.3484    11.3478    20.7885   11.69392 6.4412e+02      0.816 0.0000e+00
        410 191.424876    0.02840     1.7042    102.250  1020.7926  43408.593    27.3767      0.809    6.43868    11.3489    11.3480    20.7889   11.69384 6.4658e+02      0.817 0.0000e+00
        411 191.424878    0.02847     1.7083    102.500  1020.7929  43409.132    27.3771      0.810    6.43859    11.3494    11.3484    20.7892   11.69370 6.5100e+02      0.818 0.0000e+00
        412 191.424881    0.02854     1.7125    102.750  1020.7933  43409.937    27.3777      0.813    6.43849    11.3498    11.3490    20.7896   11.69352 6.5574e+02      0.821 0.0000e+00
        413 191.424884    0.02861     1.7167    103.000  1020.7940  43411.343    27.3787      0.819    6.43837    11.3495    11.3495    20.7903   11.69331 6.6076e+02      0.827 0.0000e+00
        414 191.424887    0.02868     1.7208    103.250  1020.7954  43413.854    27.3805      0.830    6.43826    11.3481    11.3499    20.7916   11.69310 6.6635e+02      0.838 0.0000e+00
        415 191.424890    0.02875     1.7250    103.500  1020.7981  43418.567    27.3838      0.847    6.43816    11.3449    11.3496    20.7941   11.69290 6.6723e+02      0.855 0.0000e+00
        416 191.424893    0.02882     1.7292    103.750  1020.8031  43427.306    27.3898      0.877    6.43812    11.3392    11.3481    20.7990   11.69275 6.5875e+02      0.886 0.0000e+00
        417 191.424896    0.02889     1.7333    104.000  1020.8121  43442.936    27.4003      0.929    6.43813    11.3301    11.3449    20.8078   11.69265 6.4044e+02      0.938 0.0000e+00
        418 191.424899    0.02896     1.7375    104.250  1020.8274  43469.565    27.4184      1.009    6.43817    11.3165    11.3393    20.8227   11.69251 6.1192e+02      1.018 0.0000e+00
        419 191.424902    0.02903     1.7417    104.500  1020.8531  43514.667    27.4490      1.120    6.43818    11.2977    11.3303    20.8480   11.69216 5.7369e+02      1.131 0.0000e+00
        420 191.424905    0.02910     1.7458    104.750  1020.8962  43590.532    27.5006      1.264    6.43797    11.2736    11.3166    20.8904   11.69119 5.2794e+02      1.276 0.0000e+00
        421 191.424907    0.02917     1.7500    105.000  1020.9650  43712.834    27.5842      1.438    6.43717    11.2442    11.2978    20.9584   11.68886 4.8010e+02      1.451 0.0000e+00
        422 191.424910    0.02924     1.7542    105.250  1021.0691  43899.079    27.7119      1.638    6.43531    11.2099    11.2738    21.0616   11.68423 4.3414e+02      1.653 0.0000e+00
        423 191.424913    0.02931     1.7583    105.500  1021.2119  44155.620    27.8882      1.858    6.43220    11.1699    11.2445    21.2034   11.67696 3.9072e+02      1.876 0.0000e+00
        424 191.424916    0.02937     1.7625    105.750  1021.3822  44461.920    28.0988      2.094    6.42838    11.1182    11.2102    21.3727   11.66809 3.5057e+02      2.115 0.0000e+00
        425 191.424919    0.02944     1.7667    106.000  1021.5662  44791.976    28.3255      2.342    6.42470    11.0427    11.1702    21.5554   11.65926 3.1410e+02      2.364 0.0000e+00
