CTD-processing/allCTD/CNV--homogene/2015_12-10_t4_s06_cast056.cnv
* Sea-Bird SBE19plus Data File:
* FileName = C:\Users\Kris.Holderied\Documents\kasitsna\Research-KBL\Oceanography-AK\CTD-Data-ALL-to-2016-05\2015-CTD-KachemakBay-CookInlet\2015-12-10-CookInlet-Tran4-SPECIAL\2015-12-10-CookInlet-Tran4-cast056.hex
* Software Version 1.59
* Temperature SN =  5028
* Conductivity SN =  5028
* System UpLoad Time = Jun 06 2016 17:53:20
** Cook Inlet LTM Tran4 Barabara  south to north SPECIAL
** Date (YYYY-MM-DD): 2015-12-10
** Station (eg. 9-01):  4-06
** Start time (AKST): 14:41
** Depth (m): 66.5
** Comment:  R/V Edgecumbe. Special transect done with monthly T9 to assess outer bay conditions.
** Comment:
# nquan = 17
# nvalues = 535                         
# units = specified
# name 0 = scan: Scan Count
# name 1 = timeJ: Julian Days
# name 2 = timeH: Time, Elapsed [hours]
# name 3 = timeM: Time, Elapsed [minutes]
# name 4 = timeS: Time, Elapsed [seconds]
# name 5 = density00: Density [density, kg/m^3]
# name 6 = specc: Specific Conductance [uS/cm]
# name 7 = sal00: Salinity, Practical [PSU]
# name 8 = depSM: Depth [salt water, m], lat = 59.00
# name 9 = oxsolML/L: Oxygen Saturation, Garcia & Gordon [ml/l]
# name 10 = potemp090C: Potential Temperature [ITS-90, deg C]
# name 11 = tv290C: Temperature [ITS-90, deg C]
# name 12 = sigma-é00: Density [sigma-theta, kg/m^3]
# name 13 = n2satML/L: Nitrogen Saturation [ml/l]
# name 14 = par: PAR/Irradiance, Biospherical/Licor
# name 15 = prdM: Pressure, Strain Gauge [db]
# name 16 = flag:  0.000e+00
# span 0 =          1,        535       
# span 1 = 344.612176, 344.613721       
# span 2 =    0.00000,    0.03708       
# span 3 =     0.0000,     2.2250       
# span 4 =      0.000,    133.500       
# span 5 =  1000.8429,  1024.6336       
# span 6 =   2241.433,  49611.110       
# span 7 =     1.1170,    31.1295       
# span 8 =     -0.266,     62.031       
# span 9 =    6.89848,    8.71767       
# span 10 =     5.6662,     7.1632      
# span 11 =     5.6648,     7.1688      
# span 12 =     0.8442,    24.3556      
# span 13 =   12.41013,   15.87020      
# span 14 = 7.0365e-02, 1.9452e+02      
# span 15 =     -0.269,     62.626      
# span 16 = 0.0000e+00, 0.0000e+00      
# interval = seconds: 0.25
# start_time = Dec 10 2015 14:41:32 [Instrument's time stamp, header]
# bad_flag = -9.990e-29
*END*
[from data line 426]
        427 344.613409    0.02958     1.7750    106.500  1024.4343  49448.302    30.9965     34.375    6.94056     6.9387     6.9416    24.2745   12.48132 7.9063e-01     34.703 0.0000e+00
        428 344.613411    0.02965     1.7792    106.750  1024.4353  49448.269    30.9964     34.620    6.94056     6.9386     6.9417    24.2744   12.48132 7.7141e-01     34.949 0.0000e+00
        429 344.613414    0.02972     1.7833    107.000  1024.4364  49448.294    30.9963     34.866    6.94057     6.9386     6.9417    24.2743   12.48133 7.5240e-01     35.198 0.0000e+00
        430 344.613417    0.02979     1.7875    107.250  1024.4375  49448.378    30.9962     35.113    6.94057     6.9386     6.9416    24.2743   12.48134 7.3377e-01     35.447 0.0000e+00
        431 344.613420    0.02986     1.7917    107.500  1024.4387  49448.551    30.9962     35.359    6.94058     6.9386     6.9416    24.2743   12.48135 7.1580e-01     35.696 0.0000e+00
        432 344.613423    0.02993     1.7958    107.750  1024.4399  49448.850    30.9963     35.604    6.94057     6.9387     6.9416    24.2744   12.48134 6.9850e-01     35.943 0.0000e+00
        433 344.613426    0.03000     1.8000    108.000  1024.4411  49449.237    30.9964     35.847    6.94056     6.9389     6.9417    24.2745   12.48131 6.8176e-01     36.189 0.0000e+00
        434 344.613429    0.03007     1.8042    108.250  1024.4425  49449.821    30.9967     36.091    6.94052     6.9392     6.9418    24.2747   12.48125 6.6540e-01     36.436 0.0000e+00
        435 344.613432    0.03014     1.8083    108.500  1024.4441  49450.810    30.9973     36.338    6.94046     6.9396     6.9420    24.2752   12.48115 6.4930e-01     36.685 0.0000e+00
        436 344.613435    0.03021     1.8125    108.750  1024.4459  49452.236    30.9983     36.587    6.94037     6.9402     6.9423    24.2759   12.48099 6.3351e-01     36.936 0.0000e+00
        437 344.613437    0.03028     1.8167    109.000  1024.4481  49454.154    30.9996     36.836    6.94024     6.9410     6.9427    24.2768   12.48076 6.1805e-01     37.188 0.0000e+00
        438 344.613440    0.03035     1.8208    109.250  1024.4505  49456.677    31.0013     37.087    6.94006     6.9421     6.9434    24.2781   12.48043 6.0283e-01     37.441 0.0000e+00
        439 344.613443    0.03042     1.8250    109.500  1024.4529  49459.032    31.0030     37.340    6.93984     6.9431     6.9443    24.2793   12.48005 5.8772e-01     37.696 0.0000e+00
        440 344.613446    0.03049     1.8292    109.750  1024.4548  49460.429    31.0040     37.598    6.93962     6.9441     6.9454    24.2800   12.47968 5.7265e-01     37.957 0.0000e+00
        441 344.613449    0.03056     1.8333    110.000  1024.4566  49461.747    31.0050     37.862    6.93941     6.9452     6.9464    24.2807   12.47931 5.5765e-01     38.223 0.0000e+00
        442 344.613452    0.03062     1.8375    110.250  1024.4590  49463.997    31.0066     38.132    6.93917     6.9465     6.9474    24.2818   12.47890 5.4277e-01     38.495 0.0000e+00
        443 344.613455    0.03069     1.8417    110.500  1024.4616  49466.568    31.0085     38.408    6.93891     6.9478     6.9486    24.2831   12.47843 5.2806e-01     38.774 0.0000e+00
        444 344.613458    0.03076     1.8458    110.750  1024.4637  49468.161    31.0097     38.688    6.93864     6.9488     6.9499    24.2839   12.47798 5.1362e-01     39.057 0.0000e+00
        445 344.613461    0.03083     1.8500    111.000  1024.4651  49468.487    31.0100     38.971    6.93842     6.9496     6.9512    24.2840   12.47761 4.9951e-01     39.342 0.0000e+00
        446 344.613464    0.03090     1.8542    111.250  1024.4662  49468.239    31.0099     39.253    6.93825     6.9502     6.9523    24.2837   12.47733 4.8582e-01     39.627 0.0000e+00
        447 344.613466    0.03097     1.8583    111.500  1024.4674  49468.275    31.0099     39.532    6.93812     6.9507     6.9530    24.2837   12.47712 4.7275e-01     39.908 0.0000e+00
        448 344.613469    0.03104     1.8625    111.750  1024.4689  49468.941    31.0103     39.805    6.93801     6.9512     6.9536    24.2840   12.47693 4.6045e-01     40.184 0.0000e+00
        449 344.613472    0.03111     1.8667    112.000  1024.4706  49469.831    31.0109     40.069    6.93790     6.9517     6.9541    24.2844   12.47674 4.4889e-01     40.451 0.0000e+00
        450 344.613475    0.03118     1.8708    112.250  1024.4721  49470.550    31.0114     40.326    6.93779     6.9522     6.9546    24.2847   12.47656 4.3799e-01     40.710 0.0000e+00
        451 344.613478    0.03125     1.8750    112.500  1024.4734  49471.020    31.0117     40.577    6.93769     6.9526     6.9552    24.2849   12.47638 4.2766e-01     40.963 0.0000e+00
        452 344.613481    0.03132     1.8792    112.750  1024.4747  49471.418    31.0120     40.822    6.93760     6.9530     6.9557    24.2850   12.47622 4.1777e-01     41.211 0.0000e+00
        453 344.613484    0.03139     1.8833    113.000  1024.4761  49472.081    31.0124     41.065    6.93751     6.9534     6.9561    24.2853   12.47607 4.0822e-01     41.456 0.0000e+00
        454 344.613487    0.03146     1.8875    113.250  1024.4777  49473.114    31.0131     41.305    6.93741     6.9539     6.9566    24.2857   12.47591 3.9903e-01     41.698 0.0000e+00
        455 344.613490    0.03153     1.8917    113.500  1024.4793  49474.102    31.0137     41.542    6.93731     6.9543     6.9570    24.2862   12.47573 3.9020e-01     41.938 0.0000e+00
        456 344.613492    0.03160     1.8958    113.750  1024.4805  49474.614    31.0141     41.776    6.93721     6.9547     6.9575    24.2864   12.47556 3.8163e-01     42.175 0.0000e+00
        457 344.613495    0.03167     1.9000    114.000  1024.4816  49474.718    31.0141     42.011    6.93713     6.9551     6.9580    24.2864   12.47543 3.7316e-01     42.412 0.0000e+00
        458 344.613498    0.03174     1.9042    114.250  1024.4826  49474.557    31.0139     42.248    6.93707     6.9553     6.9584    24.2862   12.47533 3.6471e-01     42.651 0.0000e+00
        459 344.613501    0.03181     1.9083    114.500  1024.4835  49474.285    31.0137     42.489    6.93703     6.9554     6.9588    24.2860   12.47526 3.5621e-01     42.895 0.0000e+00
        460 344.613504    0.03188     1.9125    114.750  1024.4845  49474.149    31.0135     42.737    6.93700     6.9554     6.9590    24.2858   12.47522 3.4766e-01     43.145 0.0000e+00
        461 344.613507    0.03194     1.9167    115.000  1024.4856  49474.232    31.0135     42.991    6.93698     6.9555     6.9591    24.2858   12.47518 3.3917e-01     43.402 0.0000e+00
        462 344.613510    0.03201     1.9208    115.250  1024.4868  49474.452    31.0135     43.250    6.93696     6.9556     6.9592    24.2858   12.47515 3.3082e-01     43.663 0.0000e+00
        463 344.613513    0.03208     1.9250    115.500  1024.4881  49474.736    31.0136     43.511    6.93694     6.9557     6.9593    24.2859   12.47512 3.2259e-01     43.926 0.0000e+00
        464 344.613516    0.03215     1.9292    115.750  1024.4894  49475.168    31.0138     43.773    6.93692     6.9559     6.9594    24.2860   12.47508 3.1461e-01     44.191 0.0000e+00
        465 344.613519    0.03222     1.9333    116.000  1024.4909  49475.744    31.0141     44.037    6.93689     6.9561     6.9595    24.2862   12.47503 3.0692e-01     44.458 0.0000e+00
        466 344.613521    0.03229     1.9375    116.250  1024.4923  49476.342    31.0145     44.301    6.93685     6.9563     6.9597    24.2865   12.47495 2.9947e-01     44.724 0.0000e+00
        467 344.613524    0.03236     1.9417    116.500  1024.4939  49477.058    31.0149     44.566    6.93679     6.9566     6.9599    24.2868   12.47485 2.9216e-01     44.991 0.0000e+00
        468 344.613527    0.03243     1.9458    116.750  1024.4955  49477.920    31.0154     44.832    6.93672     6.9570     6.9602    24.2871   12.47473 2.8500e-01     45.260 0.0000e+00
        469 344.613530    0.03250     1.9500    117.000  1024.4971  49478.823    31.0160     45.099    6.93664     6.9574     6.9606    24.2875   12.47459 2.7799e-01     45.529 0.0000e+00
        470 344.613533    0.03257     1.9542    117.250  1024.4987  49479.711    31.0165     45.366    6.93655     6.9578     6.9610    24.2879   12.47444 2.7119e-01     45.799 0.0000e+00
        471 344.613536    0.03264     1.9583    117.500  1024.5002  49480.306    31.0169     45.631    6.93646     6.9582     6.9614    24.2882   12.47429 2.6463e-01     46.066 0.0000e+00
        472 344.613539    0.03271     1.9625    117.750  1024.5014  49480.409    31.0169     45.893    6.93639     6.9584     6.9618    24.2881   12.47417 2.5834e-01     46.331 0.0000e+00
        473 344.613542    0.03278     1.9667    118.000  1024.5024  49480.192    31.0167     46.151    6.93634     6.9586     6.9622    24.2879   12.47408 2.5230e-01     46.592 0.0000e+00
        474 344.613545    0.03285     1.9708    118.250  1024.5034  49479.976    31.0165     46.409    6.93630     6.9586     6.9624    24.2877   12.47403 2.4646e-01     46.852 0.0000e+00
        475 344.613547    0.03292     1.9750    118.500  1024.5045  49479.973    31.0164     46.667    6.93629     6.9587     6.9626    24.2877   12.47401 2.4075e-01     47.113 0.0000e+00
        476 344.613550    0.03299     1.9792    118.750  1024.5057  49480.100    31.0164     46.928    6.93627     6.9588     6.9627    24.2876   12.47399 2.3514e-01     47.376 0.0000e+00
        477 344.613553    0.03306     1.9833    119.000  1024.5069  49480.210    31.0164     47.191    6.93626     6.9589     6.9628    24.2876   12.47396 2.2961e-01     47.641 0.0000e+00
        478 344.613556    0.03313     1.9875    119.250  1024.5080  49480.265    31.0163     47.456    6.93624     6.9590     6.9629    24.2875   12.47393 2.2415e-01     47.909 0.0000e+00
        479 344.613559    0.03319     1.9917    119.500  1024.5094  49480.627    31.0164     47.723    6.93622     6.9592     6.9630    24.2876   12.47389 2.1879e-01     48.179 0.0000e+00
        480 344.613562    0.03326     1.9958    119.750  1024.5112  49481.785    31.0171     47.993    6.93617     6.9597     6.9631    24.2882   12.47380 2.1357e-01     48.451 0.0000e+00
        481 344.613565    0.03333     2.0000    120.000  1024.5133  49483.526    31.0183     48.264    6.93608     6.9604     6.9634    24.2890   12.47363 2.0853e-01     48.725 0.0000e+00
        482 344.613568    0.03340     2.0042    120.250  1024.5155  49485.465    31.0196     48.536    6.93594     6.9614     6.9639    24.2900   12.47339 2.0368e-01     49.000 0.0000e+00
        483 344.613571    0.03347     2.0083    120.500  1024.5178  49487.526    31.0210     48.808    6.93576     6.9625     6.9646    24.2910   12.47306 1.9896e-01     49.274 0.0000e+00
        484 344.613573    0.03354     2.0125    120.750  1024.5201  49489.520    31.0225     49.078    6.93553     6.9638     6.9656    24.2920   12.47267 1.9435e-01     49.546 0.0000e+00
        485 344.613576    0.03361     2.0167    121.000  1024.5222  49491.177    31.0237     49.346    6.93528     6.9651     6.9668    24.2929   12.47225 1.8988e-01     49.817 0.0000e+00
        486 344.613579    0.03368     2.0208    121.250  1024.5241  49492.714    31.0249     49.612    6.93502     6.9667     6.9681    24.2936   12.47180 1.8558e-01     50.086 0.0000e+00
        487 344.613582    0.03375     2.0250    121.500  1024.5266  49495.157    31.0267     49.876    6.93472     6.9686     6.9695    24.2949   12.47129 1.8146e-01     50.353 0.0000e+00
        488 344.613585    0.03382     2.0292    121.750  1024.5298  49499.013    31.0295     50.138    6.93435     6.9713     6.9710    24.2969   12.47063 1.7746e-01     50.617 0.0000e+00
        489 344.613588    0.03389     2.0333    122.000  1024.5334  49503.436    31.0328     50.399    6.93387     6.9746     6.9730    24.2992   12.46981 1.7351e-01     50.881 0.0000e+00
        490 344.613591    0.03396     2.0375    122.250  1024.5372  49508.368    31.0365     50.661    6.93327     6.9786     6.9757    24.3018   12.46877 1.6961e-01     51.145 0.0000e+00
        491 344.613594    0.03403     2.0417    122.500  1024.5411  49513.399    31.0405     50.925    6.93255     6.9828     6.9791    24.3045   12.46752 1.6579e-01     51.412 0.0000e+00
        492 344.613597    0.03410     2.0458    122.750  1024.5439  49516.319    31.0431     51.192    6.93179     6.9865     6.9831    24.3061   12.46623 1.6204e-01     51.681 0.0000e+00
        493 344.613600    0.03417     2.0500    123.000  1024.5451  49516.538    31.0439     51.460    6.93108     6.9895     6.9873    24.3061   12.46505 1.5835e-01     51.952 0.0000e+00
        494 344.613602    0.03424     2.0542    123.250  1024.5457  49515.401    31.0436     51.731    6.93049     6.9918     6.9910    24.3054   12.46408 1.5475e-01     52.226 0.0000e+00
        495 344.613605    0.03431     2.0583    123.500  1024.5463  49514.265    31.0432     52.005    6.93003     6.9938     6.9941    24.3047   12.46332 1.5121e-01     52.503 0.0000e+00
        496 344.613608    0.03438     2.0625    123.750  1024.5475  49514.234    31.0435     52.285    6.92964     6.9956     6.9964    24.3046   12.46267 1.4770e-01     52.785 0.0000e+00
        497 344.613611    0.03444     2.0667    124.000  1024.5494  49515.404    31.0445     52.571    6.92927     6.9975     6.9984    24.3052   12.46206 1.4419e-01     53.074 0.0000e+00
        498 344.613614    0.03451     2.0708    124.250  1024.5513  49516.688    31.0456     52.862    6.92892     6.9993     7.0003    24.3058   12.46145 1.4071e-01     53.368 0.0000e+00
        499 344.613617    0.03458     2.0750    124.500  1024.5528  49517.112    31.0461     53.159    6.92859     7.0007     7.0022    24.3059   12.46090 1.3728e-01     53.668 0.0000e+00
        500 344.613620    0.03465     2.0792    124.750  1024.5540  49516.845    31.0461     53.460    6.92831     7.0019     7.0040    24.3057   12.46044 1.3391e-01     53.972 0.0000e+00
        501 344.613623    0.03472     2.0833    125.000  1024.5554  49516.976    31.0463     53.766    6.92807     7.0032     7.0054    24.3056   12.46004 1.3061e-01     54.281 0.0000e+00
        502 344.613626    0.03479     2.0875    125.250  1024.5576  49518.588    31.0474     54.075    6.92782     7.0051     7.0067    24.3064   12.45961 1.2739e-01     54.592 0.0000e+00
        503 344.613628    0.03486     2.0917    125.500  1024.5610  49522.253    31.0500     54.385    6.92748     7.0077     7.0080    24.3083   12.45902 1.2426e-01     54.905 0.0000e+00
        504 344.613631    0.03493     2.0958    125.750  1024.5651  49527.457    31.0538     54.693    6.92701     7.0113     7.0099    24.3111   12.45820 1.2130e-01     55.217 0.0000e+00
        505 344.613634    0.03500     2.1000    126.000  1024.5697  49533.400    31.0583     54.999    6.92638     7.0157     7.0126    24.3142   12.45710 1.1849e-01     55.526 0.0000e+00
        506 344.613637    0.03507     2.1042    126.250  1024.5741  49539.089    31.0627     55.303    6.92560     7.0205     7.0162    24.3172   12.45576 1.1576e-01     55.832 0.0000e+00
        507 344.613640    0.03514     2.1083    126.500  1024.5775  49542.767    31.0659     55.604    6.92475     7.0251     7.0206    24.3192   12.45431 1.1310e-01     56.137 0.0000e+00
        508 344.613643    0.03521     2.1125    126.750  1024.5799  49544.892    31.0681     55.904    6.92388     7.0298     7.0254    24.3202   12.45285 1.1055e-01     56.439 0.0000e+00
        509 344.613646    0.03528     2.1167    127.000  1024.5830  49548.060    31.0709     56.200    6.92300     7.0352     7.0301    24.3219   12.45135 1.0809e-01     56.739 0.0000e+00
        510 344.613649    0.03535     2.1208    127.250  1024.5878  49554.614    31.0762     56.494    6.92201     7.0422     7.0348    24.3254   12.44965 1.0572e-01     57.035 0.0000e+00
