CTD-processing/allCTD/CNV--homogene/2015_12-10_t4_s03_cast053.cnv
* Sea-Bird SBE19plus Data File:
* FileName = C:\Users\Kris.Holderied\Documents\kasitsna\Research-KBL\Oceanography-AK\CTD-Data-ALL-to-2016-05\2015-CTD-KachemakBay-CookInlet\2015-12-10-CookInlet-Tran4-SPECIAL\2015-12-10-CookInlet-Tran4-cast053.hex
* Software Version 1.59
* Temperature SN =  5028
* Conductivity SN =  5028
* System UpLoad Time = Jun 06 2016 17:50:11
** Cook Inlet LTM Tran4 Barabara  south to north SPECIAL
** Date (YYYY-MM-DD): 2015-12-10
** Station (eg. 9-01):  4-03
** Start time (AKST): 14:02
** Depth (m): 111.9
** Comment:  R/V Edgecumbe. Special transect done with monthly T9 to assess outer bay conditions.
** Comment:
# nquan = 17
# nvalues = 812                         
# units = specified
# name 0 = scan: Scan Count
# name 1 = timeJ: Julian Days
# name 2 = timeH: Time, Elapsed [hours]
# name 3 = timeM: Time, Elapsed [minutes]
# name 4 = timeS: Time, Elapsed [seconds]
# name 5 = density00: Density [density, kg/m^3]
# name 6 = specc: Specific Conductance [uS/cm]
# name 7 = sal00: Salinity, Practical [PSU]
# name 8 = depSM: Depth [salt water, m], lat = 59.00
# name 9 = oxsolML/L: Oxygen Saturation, Garcia & Gordon [ml/l]
# name 10 = potemp090C: Potential Temperature [ITS-90, deg C]
# name 11 = tv290C: Temperature [ITS-90, deg C]
# name 12 = sigma-é00: Density [sigma-theta, kg/m^3]
# name 13 = n2satML/L: Nitrogen Saturation [ml/l]
# name 14 = par: PAR/Irradiance, Biospherical/Licor
# name 15 = prdM: Pressure, Strain Gauge [db]
# name 16 = flag:  0.000e+00
# span 0 =          1,        812       
# span 1 = 344.585000, 344.587347       
# span 2 =    0.00000,    0.05632       
# span 3 =     0.0000,     3.3792       
# span 4 =      0.000,    202.750       
# span 5 =  1000.4210,  1024.8456       
# span 6 =   1194.717,  49651.724       
# span 7 =     0.5759,    31.1289       
# span 8 =     -0.279,    104.188       
# span 9 =    6.90985,    8.83130       
# span 10 =     5.1962,     7.0906      
# span 11 =     5.1896,     7.0987      
# span 12 =     0.4224,    24.3620      
# span 13 =   12.42899,   16.06979      
# span 14 = 3.7976e-02, 6.2800e+01      
# span 15 =     -0.282,    105.197      
# span 16 = 0.0000e+00, 0.0000e+00      
# interval = seconds: 0.25
# start_time = Dec 10 2015 14:02:24 [Instrument's time stamp, header]
# bad_flag = -9.990e-29
*END*
[from data line 341]
        342 344.585987    0.02368     1.4208     85.250  1024.1437  49175.487    30.8108      1.532    6.95985     6.9301     6.8747    24.1366   12.51555 2.1342e+01      1.546 0.0000e+00
        343 344.585990    0.02375     1.4250     85.500  1024.1636  49211.404    30.8396      1.560    6.95485     6.9650     6.8975    24.1563   12.50692 2.1098e+01      1.575 0.0000e+00
        344 344.585992    0.02382     1.4292     85.750  1024.1704  49223.162    30.8533      1.595    6.94897     6.9955     6.9302    24.1629   12.49702 2.0886e+01      1.610 0.0000e+00
        345 344.585995    0.02389     1.4333     86.000  1024.1643  49211.448    30.8512      1.622    6.94345     7.0188     6.9651    24.1568   12.48793 2.0706e+01      1.638 0.0000e+00
        346 344.585998    0.02396     1.4375     86.250  1024.1528  49189.934    30.8415      1.627    6.93898     7.0348     6.9957    24.1452   12.48066 2.0561e+01      1.642 0.0000e+00
        347 344.586001    0.02403     1.4417     86.500  1024.1416  49169.327    30.8312      1.601    6.93572     7.0451     7.0189    24.1341   12.47539 2.0503e+01      1.617 0.0000e+00
        348 344.586004    0.02410     1.4458     86.750  1024.1328  49153.526    30.8230      1.549    6.93352     7.0515     7.0350    24.1256   12.47186 2.0666e+01      1.563 0.0000e+00
        349 344.586007    0.02417     1.4500     87.000  1024.1268  49142.978    30.8175      1.481    6.93212     7.0553     7.0453    24.1199   12.46961 2.1077e+01      1.495 0.0000e+00
        350 344.586010    0.02424     1.4542     87.250  1024.1231  49136.683    30.8142      1.416    6.93125     7.0578     7.0516    24.1165   12.46821 2.1516e+01      1.430 0.0000e+00
        351 344.586013    0.02431     1.4583     87.500  1024.1211  49133.340    30.8126      1.371    6.93071     7.0595     7.0555    24.1147   12.46733 2.1723e+01      1.384 0.0000e+00
        352 344.586016    0.02438     1.4625     87.750  1024.1203  49131.906    30.8120      1.351    6.93034     7.0610     7.0579    24.1140   12.46674 2.1678e+01      1.364 0.0000e+00
        353 344.586019    0.02444     1.4667     88.000  1024.1200  49131.358    30.8120      1.353    6.93007     7.0623     7.0596    24.1137   12.46628 2.1586e+01      1.365 0.0000e+00
        354 344.586021    0.02451     1.4708     88.250  1024.1197  49130.742    30.8118      1.366    6.92983     7.0633     7.0611    24.1133   12.46590 2.1655e+01      1.378 0.0000e+00
        355 344.586024    0.02458     1.4750     88.500  1024.1192  49129.797    30.8113      1.378    6.92965     7.0639     7.0624    24.1128   12.46560 2.1992e+01      1.391 0.0000e+00
        356 344.586027    0.02465     1.4792     88.750  1024.1187  49128.833    30.8108      1.380    6.92951     7.0642     7.0634    24.1123   12.46539 2.2585e+01      1.393 0.0000e+00
        357 344.586030    0.02472     1.4833     89.000  1024.1183  49128.100    30.8104      1.370    6.92943     7.0644     7.0640    24.1119   12.46525 2.3232e+01      1.383 0.0000e+00
        358 344.586033    0.02479     1.4875     89.250  1024.1180  49127.718    30.8102      1.352    6.92938     7.0644     7.0644    24.1117   12.46518 2.3632e+01      1.365 0.0000e+00
        359 344.586036    0.02486     1.4917     89.500  1024.1179  49127.754    30.8103      1.333    6.92936     7.0644     7.0645    24.1117   12.46514 2.3654e+01      1.346 0.0000e+00
        360 344.586039    0.02493     1.4958     89.750  1024.1180  49128.030    30.8105      1.318    6.92935     7.0645     7.0645    24.1119   12.46512 2.3416e+01      1.331 0.0000e+00
        361 344.586042    0.02500     1.5000     90.000  1024.1181  49128.236    30.8106      1.305    6.92933     7.0645     7.0645    24.1120   12.46509 2.3202e+01      1.318 0.0000e+00
        362 344.586045    0.02507     1.5042     90.250  1024.1180  49128.251    30.8107      1.287    6.92932     7.0645     7.0646    24.1120   12.46507 2.3284e+01      1.300 0.0000e+00
        363 344.586047    0.02514     1.5083     90.500  1024.1178  49128.100    30.8106      1.258    6.92932     7.0643     7.0646    24.1120   12.46507 2.3736e+01      1.270 0.0000e+00
        364 344.586050    0.02521     1.5125     90.750  1024.1175  49127.862    30.8104      1.215    6.92934     7.0640     7.0646    24.1119   12.46510 2.4487e+01      1.226 0.0000e+00
        365 344.586053    0.02528     1.5167     91.000  1024.1171  49127.659    30.8103      1.156    6.92937     7.0638     7.0644    24.1118   12.46516 2.5388e+01      1.167 0.0000e+00
        366 344.586056    0.02535     1.5208     91.250  1024.1168  49127.627    30.8102      1.082    6.92941     7.0635     7.0641    24.1118   12.46523 2.6089e+01      1.093 0.0000e+00
        367 344.586059    0.02542     1.5250     91.500  1024.1166  49127.827    30.8104      1.004    6.92945     7.0634     7.0639    24.1119   12.46529 2.6331e+01      1.013 0.0000e+00
        368 344.586062    0.02549     1.5292     91.750  1024.1165  49128.196    30.8106      0.933    6.92948     7.0634     7.0636    24.1121   12.46534 2.6338e+01      0.942 0.0000e+00
        369 344.586065    0.02556     1.5333     92.000  1024.1165  49128.640    30.8109      0.880    6.92949     7.0635     7.0635    24.1124   12.46535 2.6557e+01      0.888 0.0000e+00
        370 344.586068    0.02562     1.5375     92.250  1024.1166  49129.101    30.8112      0.845    6.92948     7.0638     7.0635    24.1127   12.46533 2.7016e+01      0.853 0.0000e+00
        371 344.586071    0.02569     1.5417     92.500  1024.1167  49129.439    30.8115      0.822    6.92945     7.0641     7.0636    24.1129   12.46527 2.7222e+01      0.830 0.0000e+00
        372 344.586073    0.02576     1.5458     92.750  1024.1166  49129.427    30.8115      0.800    6.92940     7.0644     7.0639    24.1129   12.46519 2.7113e+01      0.808 0.0000e+00
        373 344.586076    0.02583     1.5500     93.000  1024.1162  49128.994    30.8113      0.768    6.92936     7.0645     7.0642    24.1126   12.46512 2.7209e+01      0.775 0.0000e+00
        374 344.586079    0.02590     1.5542     93.250  1024.1157  49128.384    30.8110      0.721    6.92933     7.0644     7.0645    24.1123   12.46508 2.7879e+01      0.728 0.0000e+00
        375 344.586082    0.02597     1.5583     93.500  1024.1152  49128.037    30.8108      0.667    6.92933     7.0643     7.0645    24.1121   12.46508 2.8878e+01      0.674 0.0000e+00
        376 344.586085    0.02604     1.5625     93.750  1024.1151  49128.105    30.8108      0.617    6.92933     7.0643     7.0645    24.1122   12.46509 2.9399e+01      0.623 0.0000e+00
        377 344.586088    0.02611     1.5667     94.000  1024.1150  49128.390    30.8110      0.576    6.92934     7.0644     7.0644    24.1124   12.46510 2.9241e+01      0.581 0.0000e+00
        378 344.586091    0.02618     1.5708     94.250  1024.1151  49128.764    30.8113      0.544    6.92933     7.0646     7.0644    24.1126   12.46508 2.9094e+01      0.549 0.0000e+00
        379 344.586094    0.02625     1.5750     94.500  1024.1152  49129.089    30.8115      0.518    6.92930     7.0648     7.0645    24.1128   12.46503 2.9351e+01      0.523 0.0000e+00
        380 344.586097    0.02632     1.5792     94.750  1024.1151  49129.203    30.8117      0.497    6.92927     7.0650     7.0647    24.1128   12.46497 3.0054e+01      0.501 0.0000e+00
        381 344.586100    0.02639     1.5833     95.000  1024.1150  49129.109    30.8117      0.476    6.92924     7.0650     7.0649    24.1128   12.46492 3.0924e+01      0.480 0.0000e+00
        382 344.586102    0.02646     1.5875     95.250  1024.1148  49128.920    30.8116      0.457    6.92922     7.0650     7.0650    24.1127   12.46489 3.1260e+01      0.461 0.0000e+00
        383 344.586105    0.02653     1.5917     95.500  1024.1147  49128.808    30.8115      0.445    6.92921     7.0649     7.0650    24.1127   12.46488 3.1105e+01      0.449 0.0000e+00
        384 344.586108    0.02660     1.5958     95.750  1024.1147  49128.849    30.8115      0.446    6.92921     7.0648     7.0650    24.1127   12.46488 3.0917e+01      0.450 0.0000e+00
        385 344.586111    0.02667     1.6000     96.000  1024.1148  49128.846    30.8115      0.463    6.92922     7.0646     7.0650    24.1126   12.46490 3.0693e+01      0.467 0.0000e+00
        386 344.586114    0.02674     1.6042     96.250  1024.1147  49128.493    30.8112      0.489    6.92925     7.0642     7.0649    24.1124   12.46495 3.0562e+01      0.493 0.0000e+00
        387 344.586117    0.02681     1.6083     96.500  1024.1147  49128.204    30.8110      0.513    6.92930     7.0639     7.0647    24.1123   12.46504 3.0619e+01      0.517 0.0000e+00
        388 344.586120    0.02688     1.6125     96.750  1024.1150  49128.784    30.8113      0.524    6.92935     7.0639     7.0643    24.1126   12.46512 3.0496e+01      0.529 0.0000e+00
        389 344.586123    0.02694     1.6167     97.000  1024.1157  49129.883    30.8120      0.527    6.92937     7.0642     7.0640    24.1132   12.46513 2.9857e+01      0.532 0.0000e+00
        390 344.586126    0.02701     1.6208     97.250  1024.1161  49130.587    30.8125      0.533    6.92934     7.0645     7.0640    24.1136   12.46508 2.8937e+01      0.538 0.0000e+00
        391 344.586128    0.02708     1.6250     97.500  1024.1162  49130.700    30.8126      0.560    6.92929     7.0648     7.0643    24.1136   12.46499 2.7999e+01      0.565 0.0000e+00
        392 344.586131    0.02715     1.6292     97.750  1024.1164  49130.429    30.8125      0.620    6.92925     7.0649     7.0646    24.1134   12.46492 2.6935e+01      0.626 0.0000e+00
        393 344.586134    0.02722     1.6333     98.000  1024.1165  49129.983    30.8122      0.718    6.92922     7.0648     7.0648    24.1132   12.46488 2.5831e+01      0.724 0.0000e+00
        394 344.586137    0.02729     1.6375     98.250  1024.1169  49129.549    30.8118      0.849    6.92922     7.0646     7.0649    24.1129   12.46488 2.4772e+01      0.857 0.0000e+00
        395 344.586140    0.02736     1.6417     98.500  1024.1174  49129.280    30.8115      1.008    6.92924     7.0642     7.0649    24.1127   12.46492 2.3628e+01      1.018 0.0000e+00
        396 344.586143    0.02743     1.6458     98.750  1024.1181  49129.207    30.8114      1.191    6.92929     7.0638     7.0646    24.1126   12.46500 2.2376e+01      1.202 0.0000e+00
        397 344.586146    0.02750     1.6500     99.000  1024.1190  49129.217    30.8112      1.391    6.92935     7.0634     7.0643    24.1125   12.46510 2.1168e+01      1.404 0.0000e+00
        398 344.586149    0.02757     1.6542     99.250  1024.1200  49129.427    30.8112      1.608    6.92941     7.0630     7.0640    24.1126   12.46520 2.0218e+01      1.623 0.0000e+00
        399 344.586152    0.02764     1.6583     99.500  1024.1213  49129.892    30.8114      1.841    6.92946     7.0628     7.0636    24.1128   12.46529 1.9549e+01      1.858 0.0000e+00
        400 344.586155    0.02771     1.6625     99.750  1024.1227  49130.472    30.8116      2.093    6.92950     7.0627     7.0633    24.1130   12.46536 1.8929e+01      2.112 0.0000e+00
        401 344.586157    0.02778     1.6667    100.000  1024.1241  49131.002    30.8118      2.361    6.92952     7.0627     7.0631    24.1132   12.46539 1.8201e+01      2.383 0.0000e+00
        402 344.586160    0.02785     1.6708    100.250  1024.1254  49131.081    30.8117      2.644    6.92953     7.0626     7.0630    24.1131   12.46541 1.7438e+01      2.669 0.0000e+00
        403 344.586163    0.02792     1.6750    100.500  1024.1267  49131.040    30.8116      2.939    6.92955     7.0625     7.0630    24.1130   12.46544 1.6801e+01      2.967 0.0000e+00
        404 344.586166    0.02799     1.6792    100.750  1024.1282  49131.371    30.8116      3.243    6.92956     7.0624     7.0629    24.1131   12.46545 1.6387e+01      3.273 0.0000e+00
        405 344.586169    0.02806     1.6833    101.000  1024.1297  49131.695    30.8117      3.551    6.92956     7.0624     7.0628    24.1131   12.46546 1.6174e+01      3.585 0.0000e+00
        406 344.586172    0.02813     1.6875    101.250  1024.1313  49132.204    30.8119      3.861    6.92956     7.0626     7.0628    24.1133   12.46545 1.6078e+01      3.898 0.0000e+00
        407 344.586175    0.02819     1.6917    101.500  1024.1333  49133.505    30.8127      4.172    6.92952     7.0633     7.0628    24.1139   12.46538 1.6031e+01      4.212 0.0000e+00
        408 344.586178    0.02826     1.6958    101.750  1024.1359  49135.756    30.8141      4.486    6.92941     7.0647     7.0630    24.1150   12.46518 1.5977e+01      4.529 0.0000e+00
        409 344.586181    0.02833     1.7000    102.000  1024.1388  49138.660    30.8161      4.804    6.92921     7.0666     7.0638    24.1165   12.46482 1.5867e+01      4.850 0.0000e+00
        410 344.586183    0.02840     1.7042    102.250  1024.1416  49141.240    30.8180      5.126    6.92891     7.0689     7.0651    24.1178   12.46429 1.5676e+01      5.175 0.0000e+00
        411 344.586186    0.02847     1.7083    102.500  1024.1440  49142.955    30.8194      5.451    6.92853     7.0713     7.0671    24.1186   12.46365 1.5406e+01      5.502 0.0000e+00
        412 344.586189    0.02854     1.7125    102.750  1024.1461  49144.332    30.8206      5.776    6.92811     7.0739     7.0694    24.1193   12.46294 1.5093e+01      5.831 0.0000e+00
        413 344.586192    0.02861     1.7167    103.000  1024.1481  49145.512    30.8217      6.101    6.92767     7.0763     7.0719    24.1198   12.46219 1.4777e+01      6.158 0.0000e+00
        414 344.586195    0.02868     1.7208    103.250  1024.1498  49145.950    30.8223      6.421    6.92723     7.0785     7.0744    24.1200   12.46147 1.4474e+01      6.481 0.0000e+00
        415 344.586198    0.02875     1.7250    103.500  1024.1509  49145.570    30.8223      6.735    6.92683     7.0803     7.0769    24.1197   12.46081 1.4179e+01      6.798 0.0000e+00
        416 344.586201    0.02882     1.7292    103.750  1024.1518  49144.800    30.8220      7.042    6.92649     7.0816     7.0791    24.1191   12.46025 1.3880e+01      7.109 0.0000e+00
        417 344.586204    0.02889     1.7333    104.000  1024.1528  49144.081    30.8216      7.343    6.92622     7.0826     7.0809    24.1186   12.45980 1.3572e+01      7.412 0.0000e+00
        418 344.586207    0.02896     1.7375    104.250  1024.1538  49143.701    30.8215      7.637    6.92601     7.0834     7.0823    24.1183   12.45945 1.3256e+01      7.710 0.0000e+00
        419 344.586209    0.02903     1.7417    104.500  1024.1550  49143.610    30.8215      7.926    6.92584     7.0840     7.0833    24.1182   12.45918 1.2936e+01      8.001 0.0000e+00
        420 344.586212    0.02910     1.7458    104.750  1024.1562  49143.560    30.8214      8.209    6.92572     7.0843     7.0841    24.1180   12.45897 1.2610e+01      8.287 0.0000e+00
        421 344.586215    0.02917     1.7500    105.000  1024.1573  49143.463    30.8213      8.488    6.92563     7.0845     7.0847    24.1179   12.45882 1.2279e+01      8.569 0.0000e+00
        422 344.586218    0.02924     1.7542    105.250  1024.1585  49143.421    30.8212      8.767    6.92557     7.0844     7.0851    24.1178   12.45873 1.1941e+01      8.850 0.0000e+00
        423 344.586221    0.02931     1.7583    105.500  1024.1598  49143.525    30.8212      9.046    6.92554     7.0843     7.0852    24.1177   12.45869 1.1597e+01      9.131 0.0000e+00
        424 344.586224    0.02937     1.7625    105.750  1024.1611  49143.798    30.8213      9.324    6.92554     7.0842     7.0853    24.1178   12.45868 1.1254e+01      9.412 0.0000e+00
        425 344.586227    0.02944     1.7667    106.000  1024.1625  49144.199    30.8214      9.599    6.92554     7.0839     7.0852    24.1179   12.45869 1.0920e+01      9.690 0.0000e+00
