CTD-processing/allCTD/CNV--homogene/2015_02-22_t3_s13_cast206.cnv
* Sea-Bird SBE19plus Data File:
* FileName = C:\Users\amdoroff\Desktop\2015_02_22_CookInlet_Tran3_AnchorPt\2015_02_22_CookInlet_Tran3_Cast206.hex
* Software Version 1.59
* Temperature SN =  4141
* Conductivity SN =  4141
* System UpLoad Time = Feb 22 2015 17:12:24
** Cook Inlet LTM Tran3 Anchor Pt E to W
** Date 02-22
** Station: 3-13
** Start Time: 12:20
** Depth (m): 27
** Comment
# nquan = 17
# nvalues = 463                         
# units = specified
# name 0 = scan: Scan Count
# name 1 = timeJ: Julian Days
# name 2 = timeH: Time, Elapsed [hours]
# name 3 = timeM: Time, Elapsed [minutes]
# name 4 = timeS: Time, Elapsed [seconds]
# name 5 = density00: Density [density, kg/m^3]
# name 6 = specc: Specific Conductance [uS/cm]
# name 7 = sal00: Salinity, Practical [PSU]
# name 8 = depSM: Depth [salt water, m], lat = 59.00
# name 9 = oxsolML/L: Oxygen Saturation, Garcia & Gordon [ml/l]
# name 10 = potemp090C: Potential Temperature [ITS-90, deg C]
# name 11 = tv290C: Temperature [ITS-90, deg C]
# name 12 = sigma-é00: Density [sigma-theta, kg/m^3]
# name 13 = n2satML/L: Nitrogen Saturation [ml/l]
# name 14 = par: PAR/Irradiance, Biospherical/Licor
# name 15 = prdM: Pressure, Strain Gauge [db]
# name 16 = flag:  0.000e+00
# span 0 =          1,        463       
# span 1 =  53.514097,  53.515434       
# span 2 =    0.00000,    0.03208       
# span 3 =     0.0000,     1.9250       
# span 4 =      0.000,    115.500       
# span 5 =  1001.4017,  1025.0838       
# span 6 =   3515.808,  50811.768       
# span 7 =     1.7802,    31.5642       
# span 8 =     -0.063,     28.211       
# span 9 =    7.23977,    8.99891       
# span 10 =     4.2700,     4.9872      
# span 11 =     4.2700,     4.9892      
# span 12 =     1.4020,    24.9555      
# span 13 =   12.96857,   16.33135      
# span 14 = 3.6382e-02, 9.8731e+01      
# span 15 =     -0.064,     28.479      
# span 16 = 0.0000e+00, 0.0000e+00      
# interval = seconds: 0.25
# start_time = Feb 22 2015 12:20:18 [Instrument's time stamp, header]
# bad_flag = -9.990e-29
*END*
[from data line 341]
        342  53.515084    0.02368     1.4208     85.250  1024.9949  50800.302    31.5621      9.003    7.24094     4.9819     4.9824    24.9526   12.97049 3.3458e+00      9.088 0.0000e+00
        343  53.515087    0.02375     1.4250     85.500  1024.9960  50800.672    31.5623      9.215    7.24092     4.9821     4.9824    24.9528   12.97046 3.0684e+00      9.302 0.0000e+00
        344  53.515090    0.02382     1.4292     85.750  1024.9970  50800.982    31.5625      9.414    7.24089     4.9824     4.9826    24.9529   12.97040 2.8312e+00      9.502 0.0000e+00
        345  53.515093    0.02389     1.4333     86.000  1024.9979  50801.185    31.5626      9.596    7.24084     4.9826     4.9828    24.9529   12.97033 2.6316e+00      9.686 0.0000e+00
        346  53.515095    0.02396     1.4375     86.250  1024.9987  50801.292    31.5626      9.760    7.24079     4.9829     4.9831    24.9530   12.97024 2.4648e+00      9.852 0.0000e+00
        347  53.515098    0.02403     1.4417     86.500  1024.9993  50801.202    31.5625      9.907    7.24075     4.9831     4.9833    24.9529   12.97017 2.3254e+00     10.001 0.0000e+00
        348  53.515101    0.02410     1.4458     86.750  1024.9998  50800.915    31.5623     10.040    7.24072     4.9832     4.9836    24.9527   12.97011 2.2081e+00     10.135 0.0000e+00
        349  53.515104    0.02417     1.4500     87.000  1025.0002  50800.624    31.5621     10.162    7.24069     4.9832     4.9838    24.9525   12.97008 2.1078e+00     10.258 0.0000e+00
        350  53.515107    0.02424     1.4542     87.250  1025.0006  50800.451    31.5620     10.277    7.24068     4.9832     4.9839    24.9523   12.97006 2.0191e+00     10.374 0.0000e+00
        351  53.515110    0.02431     1.4583     87.500  1025.0010  50800.386    31.5619     10.388    7.24068     4.9832     4.9840    24.9523   12.97006 1.9375e+00     10.486 0.0000e+00
        352  53.515113    0.02438     1.4625     87.750  1025.0015  50800.402    31.5618     10.499    7.24068     4.9832     4.9840    24.9522   12.97006 1.8603e+00     10.598 0.0000e+00
        353  53.515116    0.02444     1.4667     88.000  1025.0020  50800.438    31.5618     10.612    7.24068     4.9831     4.9840    24.9522   12.97007 1.7856e+00     10.713 0.0000e+00
        354  53.515119    0.02451     1.4708     88.250  1025.0025  50800.468    31.5618     10.729    7.24069     4.9831     4.9839    24.9522   12.97008 1.7114e+00     10.831 0.0000e+00
        355  53.515122    0.02458     1.4750     88.500  1025.0031  50800.543    31.5618     10.850    7.24069     4.9831     4.9839    24.9522   12.97008 1.6364e+00     10.953 0.0000e+00
        356  53.515124    0.02465     1.4792     88.750  1025.0037  50800.683    31.5618     10.978    7.24069     4.9831     4.9839    24.9522   12.97008 1.5599e+00     11.081 0.0000e+00
        357  53.515127    0.02472     1.4833     89.000  1025.0044  50800.859    31.5618     11.112    7.24068     4.9831     4.9839    24.9522   12.97008 1.4812e+00     11.217 0.0000e+00
        358  53.515130    0.02479     1.4875     89.250  1025.0051  50801.048    31.5619     11.256    7.24068     4.9831     4.9839    24.9523   12.97007 1.3996e+00     11.362 0.0000e+00
        359  53.515133    0.02486     1.4917     89.500  1025.0059  50801.200    31.5619     11.409    7.24067     4.9832     4.9840    24.9523   12.97006 1.3147e+00     11.517 0.0000e+00
        360  53.515136    0.02493     1.4958     89.750  1025.0066  50801.291    31.5619     11.574    7.24067     4.9832     4.9840    24.9523   12.97005 1.2267e+00     11.683 0.0000e+00
        361  53.515139    0.02500     1.5000     90.000  1025.0074  50801.389    31.5619     11.751    7.24066     4.9833     4.9840    24.9523   12.97003 1.1374e+00     11.862 0.0000e+00
        362  53.515142    0.02507     1.5042     90.250  1025.0083  50801.515    31.5619     11.939    7.24065     4.9833     4.9841    24.9523   12.97001 1.0488e+00     12.052 0.0000e+00
        363  53.515145    0.02514     1.5083     90.500  1025.0092  50801.617    31.5619     12.135    7.24063     4.9834     4.9842    24.9523   12.96999 9.6295e-01     12.250 0.0000e+00
        364  53.515148    0.02521     1.5125     90.750  1025.0101  50801.654    31.5618     12.337    7.24062     4.9834     4.9843    24.9522   12.96997 8.8245e-01     12.453 0.0000e+00
        365  53.515150    0.02528     1.5167     91.000  1025.0110  50801.629    31.5617     12.539    7.24062     4.9834     4.9843    24.9521   12.96996 8.0936e-01     12.657 0.0000e+00
        366  53.515153    0.02535     1.5208     91.250  1025.0119  50801.664    31.5616     12.735    7.24061     4.9835     4.9844    24.9521   12.96996 7.4488e-01     12.856 0.0000e+00
        367  53.515156    0.02542     1.5250     91.500  1025.0128  50801.841    31.5617     12.922    7.24061     4.9835     4.9844    24.9521   12.96995 6.8966e-01     13.045 0.0000e+00
        368  53.515159    0.02549     1.5292     91.750  1025.0136  50802.058    31.5617     13.096    7.24060     4.9835     4.9844    24.9521   12.96994 6.4353e-01     13.220 0.0000e+00
        369  53.515162    0.02556     1.5333     92.000  1025.0144  50802.178    31.5618     13.256    7.24059     4.9836     4.9845    24.9521   12.96992 6.0540e-01     13.381 0.0000e+00
        370  53.515165    0.02562     1.5375     92.250  1025.0150  50802.137    31.5617     13.401    7.24059     4.9836     4.9845    24.9521   12.96991 5.7399e-01     13.528 0.0000e+00
        371  53.515168    0.02569     1.5417     92.500  1025.0155  50802.013    31.5615     13.534    7.24059     4.9836     4.9846    24.9520   12.96991 5.4796e-01     13.663 0.0000e+00
        372  53.515171    0.02576     1.5458     92.750  1025.0159  50801.874    31.5614     13.657    7.24059     4.9835     4.9846    24.9518   12.96992 5.2586e-01     13.786 0.0000e+00
        373  53.515174    0.02583     1.5500     93.000  1025.0164  50801.755    31.5612     13.772    7.24061     4.9833     4.9845    24.9517   12.96995 5.0638e-01     13.902 0.0000e+00
        374  53.515177    0.02590     1.5542     93.250  1025.0169  50801.822    31.5612     13.882    7.24062     4.9832     4.9844    24.9517   12.96998 4.8822e-01     14.013 0.0000e+00
        375  53.515179    0.02597     1.5583     93.500  1025.0175  50802.138    31.5614     13.990    7.24064     4.9832     4.9843    24.9518   12.97000 4.7030e-01     14.122 0.0000e+00
        376  53.515182    0.02604     1.5625     93.750  1025.0182  50802.514    31.5616     14.099    7.24064     4.9832     4.9842    24.9520   12.97001 4.5221e-01     14.232 0.0000e+00
        377  53.515185    0.02611     1.5667     94.000  1025.0188  50802.853    31.5617     14.212    7.24064     4.9833     4.9842    24.9521   12.97000 4.3381e-01     14.346 0.0000e+00
        378  53.515188    0.02618     1.5708     94.250  1025.0195  50803.177    31.5619     14.330    7.24062     4.9833     4.9843    24.9523   12.96997 4.1459e-01     14.465 0.0000e+00
        379  53.515191    0.02625     1.5750     94.500  1025.0202  50803.365    31.5620     14.455    7.24061     4.9834     4.9844    24.9523   12.96994 3.9397e-01     14.592 0.0000e+00
        380  53.515194    0.02632     1.5792     94.750  1025.0208  50803.415    31.5620     14.589    7.24060     4.9835     4.9844    24.9523   12.96992 3.7226e-01     14.727 0.0000e+00
        381  53.515197    0.02639     1.5833     95.000  1025.0214  50803.500    31.5620     14.732    7.24058     4.9835     4.9845    24.9523   12.96990 3.5021e-01     14.872 0.0000e+00
        382  53.515200    0.02646     1.5875     95.250  1025.0222  50803.602    31.5620     14.884    7.24057     4.9836     4.9846    24.9523   12.96988 3.2836e-01     15.025 0.0000e+00
        383  53.515203    0.02653     1.5917     95.500  1025.0229  50803.637    31.5619     15.044    7.24056     4.9836     4.9846    24.9523   12.96987 3.0713e-01     15.187 0.0000e+00
        384  53.515205    0.02660     1.5958     95.750  1025.0236  50803.640    31.5619     15.213    7.24055     4.9836     4.9847    24.9522   12.96985 2.8674e-01     15.357 0.0000e+00
        385  53.515208    0.02667     1.6000     96.000  1025.0244  50803.628    31.5618     15.387    7.24055     4.9836     4.9848    24.9521   12.96985 2.6732e-01     15.533 0.0000e+00
        386  53.515211    0.02674     1.6042     96.250  1025.0252  50803.650    31.5617     15.566    7.24055     4.9836     4.9848    24.9521   12.96984 2.4901e-01     15.714 0.0000e+00
        387  53.515214    0.02681     1.6083     96.500  1025.0260  50803.803    31.5618     15.749    7.24054     4.9837     4.9848    24.9521   12.96984 2.3191e-01     15.899 0.0000e+00
        388  53.515217    0.02688     1.6125     96.750  1025.0270  50804.077    31.5619     15.936    7.24053     4.9837     4.9848    24.9522   12.96982 2.1600e-01     16.087 0.0000e+00
        389  53.515220    0.02694     1.6167     97.000  1025.0280  50804.392    31.5620     16.124    7.24052     4.9838     4.9849    24.9523   12.96979 2.0126e-01     16.277 0.0000e+00
        390  53.515223    0.02701     1.6208     97.250  1025.0290  50804.679    31.5621     16.314    7.24049     4.9840     4.9849    24.9524   12.96976 1.8768e-01     16.468 0.0000e+00
        391  53.515226    0.02708     1.6250     97.500  1025.0299  50804.847    31.5622     16.501    7.24047     4.9841     4.9850    24.9524   12.96972 1.7530e-01     16.657 0.0000e+00
        392  53.515229    0.02715     1.6292     97.750  1025.0306  50804.824    31.5621     16.684    7.24045     4.9841     4.9852    24.9523   12.96969 1.6419e-01     16.842 0.0000e+00
        393  53.515231    0.02722     1.6333     98.000  1025.0313  50804.699    31.5619     16.860    7.24044     4.9842     4.9853    24.9522   12.96967 1.5434e-01     17.020 0.0000e+00
        394  53.515234    0.02729     1.6375     98.250  1025.0320  50804.662    31.5618     17.026    7.24043     4.9842     4.9854    24.9521   12.96966 1.4566e-01     17.188 0.0000e+00
        395  53.515237    0.02736     1.6417     98.500  1025.0328  50804.778    31.5618     17.182    7.24042     4.9843     4.9854    24.9521   12.96964 1.3809e-01     17.345 0.0000e+00
        396  53.515240    0.02743     1.6458     98.750  1025.0335  50804.902    31.5619     17.326    7.24041     4.9843     4.9855    24.9521   12.96962 1.3153e-01     17.491 0.0000e+00
        397  53.515243    0.02750     1.6500     99.000  1025.0340  50804.900    31.5618     17.459    7.24040     4.9843     4.9855    24.9521   12.96961 1.2585e-01     17.625 0.0000e+00
        398  53.515246    0.02757     1.6542     99.250  1025.0346  50804.871    31.5617     17.581    7.24040     4.9842     4.9856    24.9520   12.96961 1.2093e-01     17.748 0.0000e+00
        399  53.515249    0.02764     1.6583     99.500  1025.0351  50804.975    31.5617     17.694    7.24040     4.9842     4.9856    24.9520   12.96961 1.1666e-01     17.862 0.0000e+00
        400  53.515252    0.02771     1.6625     99.750  1025.0357  50805.246    31.5619     17.799    7.24040     4.9843     4.9855    24.9521   12.96960 1.1289e-01     17.968 0.0000e+00
        401  53.515255    0.02778     1.6667    100.000  1025.0363  50805.585    31.5621     17.901    7.24039     4.9845     4.9855    24.9523   12.96958 1.0941e-01     18.071 0.0000e+00
        402  53.515258    0.02785     1.6708    100.250  1025.0369  50805.840    31.5622     18.003    7.24037     4.9846     4.9856    24.9524   12.96955 1.0601e-01     18.174 0.0000e+00
        403  53.515260    0.02792     1.6750    100.500  1025.0374  50805.906    31.5622     18.113    7.24034     4.9847     4.9858    24.9524   12.96951 1.0251e-01     18.285 0.0000e+00
        404  53.515263    0.02799     1.6792    100.750  1025.0379  50805.788    31.5621     18.235    7.24032     4.9848     4.9859    24.9523   12.96947 9.8738e-02     18.408 0.0000e+00
        405  53.515266    0.02806     1.6833    101.000  1025.0384  50805.602    31.5620     18.376    7.24031     4.9847     4.9861    24.9521   12.96946 9.4570e-02     18.550 0.0000e+00
        406  53.515269    0.02813     1.6875    101.250  1025.0390  50805.469    31.5618     18.539    7.24031     4.9846     4.9861    24.9520   12.96946 9.0050e-02     18.714 0.0000e+00
        407  53.515272    0.02819     1.6917    101.500  1025.0398  50805.483    31.5617     18.724    7.24032     4.9845     4.9860    24.9520   12.96948 8.5309e-02     18.901 0.0000e+00
        408  53.515275    0.02826     1.6958    101.750  1025.0408  50805.645    31.5617     18.930    7.24034     4.9845     4.9860    24.9520   12.96950 8.0473e-02     19.109 0.0000e+00
        409  53.515278    0.02833     1.7000    102.000  1025.0419  50805.895    31.5617     19.151    7.24034     4.9845     4.9859    24.9520   12.96951 7.5681e-02     19.333 0.0000e+00
        410  53.515281    0.02840     1.7042    102.250  1025.0430  50806.172    31.5618     19.384    7.24034     4.9845     4.9859    24.9521   12.96951 7.1143e-02     19.568 0.0000e+00
        411  53.515284    0.02847     1.7083    102.500  1025.0441  50806.340    31.5618     19.623    7.24034     4.9845     4.9859    24.9521   12.96950 6.7005e-02     19.808 0.0000e+00
        412  53.515286    0.02854     1.7125    102.750  1025.0452  50806.404    31.5617     19.860    7.24033     4.9845     4.9860    24.9521   12.96950 6.3294e-02     20.048 0.0000e+00
        413  53.515289    0.02861     1.7167    103.000  1025.0463  50806.524    31.5617     20.090    7.24033     4.9845     4.9860    24.9520   12.96950 6.0030e-02     20.280 0.0000e+00
        414  53.515292    0.02868     1.7208    103.250  1025.0474  50806.777    31.5617     20.308    7.24033     4.9845     4.9859    24.9521   12.96950 5.7229e-02     20.500 0.0000e+00
        415  53.515295    0.02875     1.7250    103.500  1025.0484  50807.155    31.5619     20.509    7.24033     4.9846     4.9859    24.9522   12.96949 5.4880e-02     20.703 0.0000e+00
        416  53.515298    0.02882     1.7292    103.750  1025.0495  50807.576    31.5621     20.690    7.24031     4.9848     4.9860    24.9523   12.96945 5.2952e-02     20.886 0.0000e+00
        417  53.515301    0.02889     1.7333    104.000  1025.0503  50807.899    31.5623     20.850    7.24028     4.9850     4.9861    24.9525   12.96940 5.1398e-02     21.048 0.0000e+00
        418  53.515304    0.02896     1.7375    104.250  1025.0510  50808.073    31.5624     20.988    7.24024     4.9852     4.9863    24.9525   12.96934 5.0151e-02     21.187 0.0000e+00
        419  53.515307    0.02903     1.7417    104.500  1025.0516  50808.120    31.5624     21.106    7.24021     4.9854     4.9865    24.9525   12.96928 4.9155e-02     21.306 0.0000e+00
        420  53.515310    0.02910     1.7458    104.750  1025.0520  50808.060    31.5624     21.206    7.24017     4.9855     4.9867    24.9525   12.96922 4.8363e-02     21.407 0.0000e+00
        421  53.515313    0.02917     1.7500    105.000  1025.0523  50807.935    31.5623     21.294    7.24014     4.9856     4.9869    24.9524   12.96917 4.7715e-02     21.496 0.0000e+00
        422  53.515315    0.02924     1.7542    105.250  1025.0526  50807.801    31.5622     21.376    7.24012     4.9856     4.9870    24.9523   12.96914 4.7169e-02     21.578 0.0000e+00
        423  53.515318    0.02931     1.7583    105.500  1025.0529  50807.704    31.5621     21.455    7.24011     4.9856     4.9871    24.9522   12.96913 4.6694e-02     21.659 0.0000e+00
        424  53.515321    0.02937     1.7625    105.750  1025.0533  50807.675    31.5620     21.539    7.24011     4.9857     4.9872    24.9522   12.96912 4.6233e-02     21.743 0.0000e+00
        425  53.515324    0.02944     1.7667    106.000  1025.0537  50807.725    31.5620     21.634    7.24010     4.9857     4.9872    24.9522   12.96911 4.5737e-02     21.839 0.0000e+00
