CTD-processing/allCTD/CNV--homogene/2015_09-24_t9_s06_cast190.cnv
* Sea-Bird SBE19plus Data File:
* FileName = C:\Users\Kris.Holderied\Documents\kasitsna\Research-KBL\Oceanography-AK\CTD-Data-ALL-to-2015-06\2015-CTD-KachemakBay-CookInlet\2015-09-24-CookInlet-HomerSpit-special\2015-09-24-CookInlet-Tran9-cast190.hex
* Software Version 1.59
* Temperature SN =  5028
* Conductivity SN =  5028
* System UpLoad Time = Oct 19 2015 12:26:18
** Cook Inlet LTM Transect 9 Homer Spit special

** Date: 09-24
** Station: 9-06
** Start time (AKDT): 13:52
** Depth (m): 101.8
** Comment:  R/V Edgecumbe
** Comment:
# nquan = 17
# nvalues = 702                         
# units = specified
# name 0 = scan: Scan Count
# name 1 = timeJ: Julian Days
# name 2 = timeH: Time, Elapsed [hours]
# name 3 = timeM: Time, Elapsed [minutes]
# name 4 = timeS: Time, Elapsed [seconds]
# name 5 = density00: Density [density, kg/m^3]
# name 6 = specc: Specific Conductance [uS/cm]
# name 7 = sal00: Salinity, Practical [PSU]
# name 8 = depSM: Depth [salt water, m], lat = 59.00
# name 9 = oxsolML/L: Oxygen Saturation, Garcia & Gordon [ml/l]
# name 10 = potemp090C: Potential Temperature [ITS-90, deg C]
# name 11 = tv290C: Temperature [ITS-90, deg C]
# name 12 = sigma-é00: Density [sigma-theta, kg/m^3]
# name 13 = n2satML/L: Nitrogen Saturation [ml/l]
# name 14 = par: PAR/Irradiance, Biospherical/Licor
# name 15 = prdM: Pressure, Strain Gauge [db]
# name 16 = flag:  0.000e+00
# span 0 =          1,        702       
# span 1 = 267.577894, 267.579922       
# span 2 =    0.00000,    0.04868       
# span 3 =     0.0000,     2.9208       
# span 4 =      0.000,    175.250       
# span 5 =  1000.5331,  1024.5143       
# span 6 =   1827.019,  49259.256       
# span 7 =     0.9128,    31.2286       
# span 8 =     -0.098,     92.439       
# span 9 =    6.45951,    8.12128       
# span 10 =     8.4841,    10.2068      
# span 11 =     8.4737,    10.2077      
# span 12 =     0.5336,    24.0949      
# span 13 =   11.68742,   14.86961      
# span 14 = 4.7334e-02, 1.7415e+03      
# span 15 =     -0.099,     93.332      
# span 16 = 0.0000e+00, 0.0000e+00      
# interval = seconds: 0.25
# start_time = Sep 24 2015 13:52:10 [Instrument's time stamp, header]
# bad_flag = -9.990e-29
*END*
[from data line 341]
        342 267.578880    0.02368     1.4208     85.250  1021.2103  43897.794    27.5116      0.695    6.71814     9.3706     9.3725    21.2070   12.15636 7.8419e+01      0.702 0.0000e+00
        343 267.578883    0.02375     1.4250     85.500  1021.2110  43899.169    27.5124      0.688    6.71828     9.3708     9.3713    21.2078   12.15658 7.8621e+01      0.694 0.0000e+00
        344 267.578886    0.02382     1.4292     85.750  1021.2114  43899.853    27.5128      0.684    6.71835     9.3717     9.3707    21.2082   12.15670 7.8084e+01      0.690 0.0000e+00
        345 267.578889    0.02389     1.4333     86.000  1021.2113  43899.575    27.5127      0.687    6.71833     9.3730     9.3709    21.2081   12.15667 7.7284e+01      0.693 0.0000e+00
        346 267.578892    0.02396     1.4375     86.250  1021.2107  43898.477    27.5120      0.696    6.71823     9.3744     9.3718    21.2074   12.15650 7.6753e+01      0.703 0.0000e+00
        347 267.578895    0.02403     1.4417     86.500  1021.2098  43896.970    27.5111      0.707    6.71807     9.3755     9.3731    21.2066   12.15625 7.6718e+01      0.714 0.0000e+00
        348 267.578898    0.02410     1.4458     86.750  1021.2090  43895.576    27.5103      0.715    6.71790     9.3763     9.3745    21.2057   12.15598 7.7156e+01      0.722 0.0000e+00
        349 267.578900    0.02417     1.4500     87.000  1021.2085  43894.673    27.5098      0.716    6.71775     9.3769     9.3756    21.2052   12.15574 7.7259e+01      0.723 0.0000e+00
        350 267.578903    0.02424     1.4542     87.250  1021.2083  43894.429    27.5097      0.713    6.71763     9.3774     9.3764    21.2050   12.15554 7.6860e+01      0.720 0.0000e+00
        351 267.578906    0.02431     1.4583     87.500  1021.2086  43894.984    27.5102      0.710    6.71752     9.3778     9.3770    21.2053   12.15535 7.6167e+01      0.716 0.0000e+00
        352 267.578909    0.02438     1.4625     87.750  1021.2094  43896.616    27.5114      0.714    6.71740     9.3781     9.3775    21.2061   12.15514 7.5178e+01      0.721 0.0000e+00
        353 267.578912    0.02444     1.4667     88.000  1021.2112  43899.838    27.5137      0.734    6.71725     9.3783     9.3779    21.2078   12.15486 7.3995e+01      0.741 0.0000e+00
        354 267.578915    0.02451     1.4708     88.250  1021.2145  43905.533    27.5176      0.773    6.71704     9.3784     9.3782    21.2109   12.15446 7.2661e+01      0.780 0.0000e+00
        355 267.578918    0.02458     1.4750     88.500  1021.2200  43915.290    27.5244      0.835    6.71671     9.3785     9.3784    21.2161   12.15383 7.1129e+01      0.843 0.0000e+00
        356 267.578921    0.02465     1.4792     88.750  1021.2293  43931.912    27.5359      0.920    6.71620     9.3788     9.3785    21.2251   12.15284 6.9021e+01      0.929 0.0000e+00
        357 267.578924    0.02472     1.4833     89.000  1021.2450  43959.985    27.5554      1.030    6.71535     9.3802     9.3786    21.2403   12.15121 6.6363e+01      1.040 0.0000e+00
        358 267.578927    0.02479     1.4875     89.250  1021.2709  44006.657    27.5878      1.165    6.71392     9.3842     9.3789    21.2655   12.14843 6.3645e+01      1.176 0.0000e+00
        359 267.578929    0.02486     1.4917     89.500  1021.3129  44083.140    27.6410      1.323    6.71144     9.3944     9.3803    21.3068   12.14366 6.1125e+01      1.335 0.0000e+00
        360 267.578932    0.02493     1.4958     89.750  1021.3801  44206.261    27.7268      1.501    6.70717     9.4171     9.3843    21.3731   12.13551 5.8877e+01      1.515 0.0000e+00
        361 267.578935    0.02500     1.5000     90.000  1021.4860  44401.428    27.8635      1.698    6.69981     9.4613     9.3945    21.4781   12.12162 5.7000e+01      1.714 0.0000e+00
        362 267.578938    0.02507     1.5042     90.250  1021.6490  44703.304    28.0757      1.908    6.68734     9.5313     9.4173    21.6402   12.09832 5.5604e+01      1.926 0.0000e+00
        363 267.578941    0.02514     1.5083     90.500  1021.8656  45106.051    28.3607      2.126    6.66860     9.6207     9.4615    21.8558   12.06373 5.4682e+01      2.146 0.0000e+00
        364 267.578944    0.02521     1.5125     90.750  1022.0930  45531.129    28.6645      2.351    6.64526     9.7147     9.5316    22.0821   12.02128 5.4257e+01      2.373 0.0000e+00
        365 267.578947    0.02528     1.5167     91.000  1022.2824  45888.320    28.9236      2.581    6.62106     9.8007     9.6209    22.2706   11.97797 5.4417e+01      2.606 0.0000e+00
        366 267.578950    0.02535     1.5208     91.250  1022.4114  46134.567    29.1062      2.818    6.59951     9.8729     9.7150    22.3985   11.93999 5.5234e+01      2.845 0.0000e+00
        367 267.578953    0.02542     1.5250     91.500  1022.4902  46287.621    29.2230      3.062    6.58200     9.9326     9.8010    22.4762   11.90952 5.6791e+01      3.092 0.0000e+00
        368 267.578955    0.02549     1.5292     91.750  1022.5425  46390.230    29.3030      3.316    6.56809     9.9834     9.8733    22.5273   11.88547 5.9156e+01      3.347 0.0000e+00
        369 267.578958    0.02556     1.5333     92.000  1022.5824  46468.637    29.3646      3.577    6.55682    10.0287     9.9329    22.5660   11.86603 6.2309e+01      3.611 0.0000e+00
        370 267.578961    0.02562     1.5375     92.250  1022.6168  46535.891    29.4175      3.844    6.54724    10.0707     9.9838    22.5992   11.84951 6.6143e+01      3.880 0.0000e+00
        371 267.578964    0.02569     1.5417     92.500  1022.6508  46601.636    29.4687      4.116    6.53855    10.1098    10.0292    22.6319   11.83447 7.0530e+01      4.155 0.0000e+00
        372 267.578967    0.02576     1.5458     92.750  1022.6886  46674.029    29.5242      4.392    6.53019    10.1448    10.0712    22.6685   11.81992 7.5261e+01      4.434 0.0000e+00
        373 267.578970    0.02583     1.5500     93.000  1022.7349  46761.435    29.5899      4.672    6.52184    10.1729    10.1102    22.7135   11.80528 7.9766e+01      4.716 0.0000e+00
        374 267.578973    0.02590     1.5542     93.250  1022.7920  46868.286    29.6688      4.953    6.51352    10.1896    10.1453    22.7693   11.79054 8.3347e+01      5.000 0.0000e+00
        375 267.578976    0.02597     1.5583     93.500  1022.8609  46995.691    29.7614      5.233    6.50566    10.1933    10.1734    22.8369   11.77638 8.5805e+01      5.283 0.0000e+00
        376 267.578979    0.02604     1.5625     93.750  1022.9476  47154.143    29.8745      5.511    6.49857    10.1900    10.1901    22.9224   11.76327 8.7392e+01      5.564 0.0000e+00
        377 267.578981    0.02611     1.5667     94.000  1023.0655  47367.866    30.0250      5.791    6.49177    10.1903    10.1939    23.0390   11.75019 8.8145e+01      5.846 0.0000e+00
        378 267.578984    0.02618     1.5708     94.250  1023.2153  47638.889    30.2149      6.073    6.48435    10.1982    10.1907    23.1875   11.73561 8.7869e+01      6.130 0.0000e+00
        379 267.578987    0.02625     1.5750     94.500  1023.3663  47912.297    30.4071      6.355    6.47633    10.2067    10.1911    23.3372   11.72001 8.6725e+01      6.416 0.0000e+00
        380 267.578990    0.02632     1.5792     94.750  1023.4852  48128.038    30.5596      6.638    6.46890    10.2068    10.1989    23.4548   11.70586 8.5042e+01      6.701 0.0000e+00
        381 267.578993    0.02639     1.5833     95.000  1023.5686  48279.115    30.6668      6.921    6.46325    10.1942    10.2075    23.5369   11.69522 8.2902e+01      6.987 0.0000e+00
        382 267.578996    0.02646     1.5875     95.250  1023.6289  48387.103    30.7427      7.204    6.46008    10.1694    10.2077    23.5960   11.68906 8.0298e+01      7.272 0.0000e+00
        383 267.578999    0.02653     1.5917     95.500  1023.6767  48470.396    30.7997      7.484    6.45951    10.1368    10.1950    23.6425   11.68742 7.7331e+01      7.555 0.0000e+00
        384 267.579002    0.02660     1.5958     95.750  1023.7184  48541.240    30.8465      7.762    6.46107    10.1020    10.1703    23.6830   11.68944 7.4177e+01      7.835 0.0000e+00
        385 267.579005    0.02667     1.6000     96.000  1023.7572  48605.567    30.8877      8.038    6.46396    10.0702    10.1377    23.7204   11.69374 7.0945e+01      8.114 0.0000e+00
        386 267.579008    0.02674     1.6042     96.250  1023.7928  48664.030    30.9245      8.313    6.46734    10.0448    10.1029    23.7548   11.69891 6.7759e+01      8.391 0.0000e+00
        387 267.579010    0.02681     1.6083     96.500  1023.8235  48713.877    30.9556      8.585    6.47054    10.0263    10.0712    23.7842   11.70383 6.4810e+01      8.666 0.0000e+00
        388 267.579013    0.02688     1.6125     96.750  1023.8476  48752.505    30.9795      8.856    6.47314    10.0135    10.0458    23.8071   11.70785 6.2178e+01      8.939 0.0000e+00
        389 267.579016    0.02694     1.6167     97.000  1023.8652  48780.197    30.9966      9.127    6.47505    10.0049    10.0273    23.8234   11.71081 5.9804e+01      9.213 0.0000e+00
        390 267.579019    0.02701     1.6208     97.250  1023.8776  48799.110    31.0082      9.399    6.47638     9.9992    10.0145    23.8346   11.71287 5.7616e+01      9.488 0.0000e+00
        391 267.579022    0.02708     1.6250     97.500  1023.8862  48811.582    31.0158      9.673    6.47727     9.9953    10.0059    23.8419   11.71427 5.5557e+01      9.764 0.0000e+00
        392 267.579025    0.02715     1.6292     97.750  1023.8921  48819.573    31.0206      9.944    6.47787     9.9925    10.0003    23.8466   11.71521 5.3581e+01     10.037 0.0000e+00
        393 267.579028    0.02722     1.6333     98.000  1023.8963  48824.673    31.0236     10.211    6.47829     9.9904     9.9964    23.8496   11.71587 5.1654e+01     10.307 0.0000e+00
        394 267.579031    0.02729     1.6375     98.250  1023.8995  48828.054    31.0256     10.475    6.47860     9.9887     9.9937    23.8515   11.71636 4.9751e+01     10.574 0.0000e+00
        395 267.579034    0.02736     1.6417     98.500  1023.9020  48830.396    31.0269     10.738    6.47885     9.9872     9.9916    23.8529   11.71675 4.7866e+01     10.839 0.0000e+00
        396 267.579036    0.02743     1.6458     98.750  1023.9041  48832.031    31.0277     11.000    6.47905     9.9857     9.9899    23.8538   11.71708 4.6014e+01     11.104 0.0000e+00
        397 267.579039    0.02750     1.6500     99.000  1023.9060  48833.230    31.0282     11.265    6.47924     9.9841     9.9884    23.8545   11.71739 4.4217e+01     11.371 0.0000e+00
        398 267.579042    0.02757     1.6542     99.250  1023.9078  48834.295    31.0287     11.533    6.47943     9.9825     9.9869    23.8551   11.71770 4.2512e+01     11.642 0.0000e+00
        399 267.579045    0.02764     1.6583     99.500  1023.9098  48835.525    31.0293     11.803    6.47962     9.9811     9.9854    23.8558   11.71801 4.0922e+01     11.915 0.0000e+00
        400 267.579048    0.02771     1.6625     99.750  1023.9118  48837.022    31.0300     12.074    6.47981     9.9800     9.9839    23.8566   11.71831 3.9438e+01     12.188 0.0000e+00
        401 267.579051    0.02778     1.6667    100.000  1023.9140  48838.637    31.0309     12.346    6.47996     9.9792     9.9825    23.8575   11.71856 3.8036e+01     12.463 0.0000e+00
        402 267.579054    0.02785     1.6708    100.250  1023.9161  48840.197    31.0317     12.620    6.48008     9.9787     9.9814    23.8583   11.71874 3.6685e+01     12.739 0.0000e+00
        403 267.579057    0.02792     1.6750    100.500  1023.9180  48841.578    31.0325     12.895    6.48016     9.9785     9.9807    23.8591   11.71886 3.5353e+01     13.017 0.0000e+00
        404 267.579060    0.02799     1.6792    100.750  1023.9199  48842.798    31.0332     13.172    6.48020     9.9784     9.9802    23.8597   11.71892 3.4018e+01     13.297 0.0000e+00
        405 267.579063    0.02806     1.6833    101.000  1023.9218  48844.046    31.0339     13.452    6.48020     9.9786     9.9799    23.8603   11.71891 3.2677e+01     13.579 0.0000e+00
        406 267.579065    0.02813     1.6875    101.250  1023.9238  48845.441    31.0348     13.733    6.48017     9.9790     9.9799    23.8610   11.71885 3.1341e+01     13.863 0.0000e+00
        407 267.579068    0.02819     1.6917    101.500  1023.9258  48846.830    31.0357     14.013    6.48010     9.9794     9.9801    23.8616   11.71873 3.0036e+01     14.146 0.0000e+00
        408 267.579071    0.02826     1.6958    101.750  1023.9276  48847.988    31.0364     14.292    6.48001     9.9798     9.9805    23.8621   11.71857 2.8790e+01     14.427 0.0000e+00
        409 267.579074    0.02833     1.7000    102.000  1023.9292  48848.866    31.0370     14.570    6.47992     9.9800     9.9810    23.8625   11.71841 2.7611e+01     14.708 0.0000e+00
        410 267.579077    0.02840     1.7042    102.250  1023.9307  48849.492    31.0373     14.850    6.47985     9.9800     9.9814    23.8628   11.71829 2.6492e+01     14.991 0.0000e+00
        411 267.579080    0.02847     1.7083    102.500  1023.9321  48849.987    31.0376     15.131    6.47980     9.9796     9.9817    23.8629   11.71821 2.5427e+01     15.275 0.0000e+00
        412 267.579083    0.02854     1.7125    102.750  1023.9337  48850.580    31.0379     15.412    6.47979     9.9788     9.9816    23.8631   11.71818 2.4421e+01     15.559 0.0000e+00
        413 267.579086    0.02861     1.7167    103.000  1023.9354  48851.454    31.0384     15.691    6.47982     9.9776     9.9813    23.8635   11.71822 2.3472e+01     15.840 0.0000e+00
        414 267.579089    0.02868     1.7208    103.250  1023.9372  48852.650    31.0390     15.966    6.47990     9.9757     9.9806    23.8642   11.71834 2.2578e+01     16.117 0.0000e+00
        415 267.579091    0.02875     1.7250    103.500  1023.9393  48854.135    31.0398     16.237    6.48004     9.9732     9.9793    23.8650   11.71858 2.1728e+01     16.391 0.0000e+00
        416 267.579094    0.02882     1.7292    103.750  1023.9415  48855.889    31.0407     16.508    6.48027     9.9701     9.9775    23.8660   11.71894 2.0914e+01     16.664 0.0000e+00
        417 267.579097    0.02889     1.7333    104.000  1023.9440  48857.973    31.0417     16.777    6.48058     9.9667     9.9750    23.8672   11.71944 2.0133e+01     16.936 0.0000e+00
        418 267.579100    0.02896     1.7375    104.250  1023.9467  48860.531    31.0430     17.046    6.48095     9.9629     9.9720    23.8688   11.72005 1.9382e+01     17.208 0.0000e+00
        419 267.579103    0.02903     1.7417    104.500  1023.9498  48863.634    31.0447     17.315    6.48137     9.9591     9.9685    23.8706   11.72072 1.8659e+01     17.480 0.0000e+00
        420 267.579106    0.02910     1.7458    104.750  1023.9532  48867.347    31.0467     17.584    6.48181     9.9554     9.9648    23.8728   11.72143 1.7964e+01     17.751 0.0000e+00
        421 267.579109    0.02917     1.7500    105.000  1023.9570  48871.589    31.0491     17.852    6.48225     9.9522     9.9611    23.8753   11.72213 1.7300e+01     18.021 0.0000e+00
        422 267.579112    0.02924     1.7542    105.250  1023.9608  48875.964    31.0516     18.119    6.48267     9.9494     9.9574    23.8778   11.72278 1.6660e+01     18.290 0.0000e+00
        423 267.579115    0.02931     1.7583    105.500  1023.9643  48880.012    31.0539     18.387    6.48303     9.9471     9.9542    23.8802   11.72336 1.6035e+01     18.561 0.0000e+00
        424 267.579117    0.02937     1.7625    105.750  1023.9675  48883.376    31.0558     18.660    6.48334     9.9450     9.9515    23.8821   11.72384 1.5421e+01     18.836 0.0000e+00
        425 267.579120    0.02944     1.7667    106.000  1023.9702  48885.939    31.0572     18.937    6.48361     9.9425     9.9492    23.8835   11.72426 1.4819e+01     19.115 0.0000e+00
