CTD-processing/allCTD/CNV--homogene/2015_04-08_t6_s08_cast017.cnv
* Sea-Bird SBE19plus Data File:
* FileName = C:\Users\kris.holderied\Documents\kasitsna\Research-Projects-and-Data\Oceanography-AK\CTD-Data-ALL-to-2015-02\2015-CTD-KachemakBay-CookInlet\2015-04-EVOSTC-CookInlet-quarterly\2015-04-08-CookInlet-Tran6-Douglas\2015-04-08-CookInlet-Tran6-cast017.hex
* Software Version 1.59
* Temperature SN =  5028
* Conductivity SN =  5028
* System UpLoad Time = Apr 09 2015 19:11:12
** Cook Inlet LTM Tran 6 (Douglas) East to West - partial
** Date: 04-08
** Station: 6-08
** Start time (AKDT): 03:04
** Depth (m): 137
** Comment:  KBL CTD. Time is local (AKDT)
** Comment: On R/V Pandalus.  Weather limited stations (1-12, skipped  7,9)
# nquan = 17
# nvalues = 867                         
# units = specified
# name 0 = scan: Scan Count
# name 1 = timeJ: Julian Days
# name 2 = timeH: Time, Elapsed [hours]
# name 3 = timeM: Time, Elapsed [minutes]
# name 4 = timeS: Time, Elapsed [seconds]
# name 5 = density00: Density [density, kg/m^3]
# name 6 = specc: Specific Conductance [uS/cm]
# name 7 = sal00: Salinity, Practical [PSU]
# name 8 = depSM: Depth [salt water, m], lat = 59.00
# name 9 = oxsolML/L: Oxygen Saturation, Garcia & Gordon [ml/l]
# name 10 = potemp090C: Potential Temperature [ITS-90, deg C]
# name 11 = tv290C: Temperature [ITS-90, deg C]
# name 12 = sigma-é00: Density [sigma-theta, kg/m^3]
# name 13 = n2satML/L: Nitrogen Saturation [ml/l]
# name 14 = par: PAR/Irradiance, Biospherical/Licor
# name 15 = prdM: Pressure, Strain Gauge [db]
# name 16 = flag:  0.000e+00
# span 0 =          1,        867       
# span 1 =  98.128241,  98.130747       
# span 2 =    0.00000,    0.06014       
# span 3 =     0.0000,     3.6083       
# span 4 =      0.000,    216.500       
# span 5 =  1000.0952,  1025.6512       
# span 6 =    330.342,  50897.073       
# span 7 =     0.1503,    31.7639       
# span 8 =     -0.221,    139.000       
# span 9 =    7.06845,    9.16401       
# span 10 =     3.9951,     5.9316      
# span 11 =     3.9950,     5.9416      
# span 12 =     0.0963,    25.0321      
# span 13 =   12.68302,   16.63529      
# span 14 = 3.7976e-02, 6.7807e-01      
# span 15 =     -0.223,    140.359      
# span 16 = 0.0000e+00, 0.0000e+00      
# interval = seconds: 0.25
# start_time = Apr 08 2015 03:04:40 [Instrument's time stamp, header]
# bad_flag = -9.990e-29
*END*
[from data line 852]
        853  98.130706    0.05917     3.5500    213.000  1025.6420  50894.625    31.7637    136.711    7.06845     5.9305     5.9416    25.0045   12.68302 3.8309e-02    138.047 0.0000e+00
        854  98.130709    0.05924     3.5542    213.250  1025.6436  50894.658    31.7636    137.082    7.06845     5.9304     5.9416    25.0044   12.68303 3.8393e-02    138.421 0.0000e+00
        855  98.130712    0.05931     3.5583    213.500  1025.6449  50894.558    31.7634    137.399    7.06847     5.9303     5.9416    25.0042   12.68305 3.8311e-02    138.742 0.0000e+00
        856  98.130715    0.05937     3.5625    213.750  1025.6459  50894.285    31.7630    137.656    7.06849     5.9301     5.9416    25.0040   12.68309 3.8180e-02    139.002 0.0000e+00
        857  98.130718    0.05944     3.5667    214.000  1025.6465  50893.873    31.7626    137.859    7.06852     5.9300     5.9415    25.0037   12.68315 3.8103e-02    139.206 0.0000e+00
        858  98.130720    0.05951     3.5708    214.250  1025.6470  50893.484    31.7623    138.020    7.06856     5.9298     5.9413    25.0034   12.68321 3.8061e-02    139.369 0.0000e+00
        859  98.130723    0.05958     3.5750    214.500  1025.6474  50893.243    31.7620    138.154    7.06860     5.9297     5.9412    25.0032   12.68328 3.8041e-02    139.504 0.0000e+00
        860  98.130726    0.05965     3.5792    214.750  1025.6479  50893.110    31.7618    138.275    7.06863     5.9296     5.9410    25.0031   12.68333 3.8038e-02    139.627 0.0000e+00
        861  98.130729    0.05972     3.5833    215.000  1025.6483  50893.061    31.7617    138.395    7.06866     5.9295     5.9409    25.0030   12.68338 3.8051e-02    139.749 0.0000e+00
        862  98.130732    0.05979     3.5875    215.250  1025.6489  50893.107    31.7616    138.523    7.06868     5.9294     5.9408    25.0029   12.68342 3.8060e-02    139.877 0.0000e+00
        863  98.130735    0.05986     3.5917    215.500  1025.6495  50893.223    31.7616    138.655    7.06870     5.9294     5.9407    25.0029   12.68345 3.8042e-02    140.011 0.0000e+00
        864  98.130738    0.05993     3.5958    215.750  1025.6502  50893.364    31.7617    138.785    7.06871     5.9294     5.9406    25.0030   12.68346 3.8017e-02    140.142 0.0000e+00
        865  98.130741    0.06000     3.6000    216.000  1025.6507  50893.471    31.7617    138.897    7.06871     5.9294     5.9406    25.0030   12.68346 3.8003e-02    140.255 0.0000e+00
        866  98.130744    0.06007     3.6042    216.250  1025.6511  50893.511    31.7617    138.973    7.06871 -9.990e-29     5.9406    25.0030   12.68346 3.7995e-02    140.332 0.0000e+00
        867  98.130747    0.06014     3.6083    216.500  1025.6512  50893.513    31.7617    139.000    7.06871 -9.990e-29     5.9406    25.0030   12.68346 3.7993e-02    140.359 0.0000e+00
