CTD-processing/allCTD/CNV--homogene/2015_11-04_t3_s03b_cast005.cnv
* Sea-Bird SBE19plus Data File:
* FileName = C:\Users\Kris.Holderied\Documents\kasitsna\Research-KBL\Oceanography-AK\CTD-Data-ALL-to-2015-10\2015-CTD-KachemakBay-CookInlet\2015-11-EVOSTC-CookInlet-quarterly\2015-11-04-CookInlet-Tran3-AnchorPt\2015-11-04-CookInlet-Tran3-cast005.hex
* Software Version 1.59
* Temperature SN =  5028
* Conductivity SN =  5028
* System UpLoad Time = Nov 04 2015 13:54:56
** Cook Inlet LTM Tran3 Anchor Pt  Northwest to Southeast

** Date: 11-04
** Station: 3-03b
** Start time (AKST): 04:05
** Depth (m): 25.7
** Comment: M/V Ursus.
** Comment:
# nquan = 17
# nvalues = 594                         
# units = specified
# name 0 = scan: Scan Count
# name 1 = timeJ: Julian Days
# name 2 = timeH: Time, Elapsed [hours]
# name 3 = timeM: Time, Elapsed [minutes]
# name 4 = timeS: Time, Elapsed [seconds]
# name 5 = density00: Density [density, kg/m^3]
# name 6 = specc: Specific Conductance [uS/cm]
# name 7 = sal00: Salinity, Practical [PSU]
# name 8 = depSM: Depth [salt water, m], lat = 59.00
# name 9 = oxsolML/L: Oxygen Saturation, Garcia & Gordon [ml/l]
# name 10 = potemp090C: Potential Temperature [ITS-90, deg C]
# name 11 = tv290C: Temperature [ITS-90, deg C]
# name 12 = sigma-é00: Density [sigma-theta, kg/m^3]
# name 13 = n2satML/L: Nitrogen Saturation [ml/l]
# name 14 = par: PAR/Irradiance, Biospherical/Licor
# name 15 = prdM: Pressure, Strain Gauge [db]
# name 16 = flag:  0.000e+00
# span 0 =          1,        594       
# span 1 = 308.170370, 308.172086       
# span 2 =    0.00000,    0.04118       
# span 3 =     0.0000,     2.4708       
# span 4 =      0.000,    148.250       
# span 5 =  1000.9559,  1022.5292       
# span 6 =   2656.084,  46012.073       
# span 7 =     1.4091,    28.8331       
# span 8 =     -0.049,     30.417       
# span 9 =    6.81714,    8.19279       
# span 10 =     8.1002,     8.3397      
# span 11 =     8.1002,     8.3425      
# span 12 =     0.9561,    22.3883      
# span 13 =   12.30411,   14.98339      
# span 14 = 4.1633e-02, 2.5155e+00      
# span 15 =     -0.050,     30.706      
# span 16 = 0.0000e+00, 0.0000e+00      
# interval = seconds: 0.25
# start_time = Nov 04 2015 04:05:20 [Instrument's time stamp, header]
# bad_flag = -9.990e-29
*END*
[from data line 171]
        172 308.170865    0.01188     0.7125     42.750  1022.2105  45645.089    28.5643      1.278    6.85955     8.1526     8.1465    22.2045   12.37777 9.3789e-02      1.290 0.0000e+00
        173 308.170868    0.01194     0.7167     43.000  1022.2087  45642.057    28.5627      1.272    6.85909     8.1544     8.1499    22.2028   12.37702 9.7120e-02      1.284 0.0000e+00
        174 308.170871    0.01201     0.7208     43.250  1022.2062  45637.446    28.5599      1.287    6.85877     8.1550     8.1527    22.2002   12.37653 1.0284e-01      1.299 0.0000e+00
        175 308.170874    0.01208     0.7250     43.500  1022.2030  45631.330    28.5559      1.319    6.85866     8.1540     8.1546    22.1968   12.37640 1.1010e-01      1.331 0.0000e+00
        176 308.170877    0.01215     0.7292     43.750  1022.1994  45624.438    28.5512      1.359    6.85879     8.1510     8.1551    22.1931   12.37666 1.1713e-01      1.372 0.0000e+00
        177 308.170880    0.01222     0.7333     44.000  1022.1970  45619.533    28.5476      1.401    6.85911     8.1465     8.1541    22.1904   12.37724 1.2237e-01      1.415 0.0000e+00
        178 308.170883    0.01229     0.7375     44.250  1022.1972  45619.449    28.5471      1.438    6.85959     8.1416     8.1511    22.1905   12.37805 1.2574e-01      1.452 0.0000e+00
        179 308.170885    0.01236     0.7417     44.500  1022.1998  45623.999    28.5496      1.465    6.86019     8.1374     8.1466    22.1930   12.37900 1.2839e-01      1.478 0.0000e+00
        180 308.170888    0.01243     0.7458     44.750  1022.2036  45630.548    28.5535      1.479    6.86078     8.1346     8.1417    22.1967   12.37993 1.3090e-01      1.493 0.0000e+00
        181 308.170891    0.01250     0.7500     45.000  1022.2073  45637.116    28.5574      1.482    6.86125     8.1331     8.1376    22.2004   12.38066 1.3275e-01      1.496 0.0000e+00
        182 308.170894    0.01257     0.7542     45.250  1022.2104  45642.771    28.5610      1.476    6.86154     8.1329     8.1347    22.2036   12.38110 1.3320e-01      1.489 0.0000e+00
        183 308.170897    0.01264     0.7583     45.500  1022.2123  45646.277    28.5632      1.463    6.86167     8.1340     8.1332    22.2055   12.38130 1.3202e-01      1.477 0.0000e+00
        184 308.170900    0.01271     0.7625     45.750  1022.2126  45647.073    28.5637      1.449    6.86167     8.1358     8.1331    22.2060   12.38129 1.2953e-01      1.462 0.0000e+00
        185 308.170903    0.01278     0.7667     46.000  1022.2119  45645.856    28.5630      1.434    6.86154     8.1380     8.1341    22.2053   12.38108 1.2621e-01      1.447 0.0000e+00
        186 308.170906    0.01285     0.7708     46.250  1022.2105  45643.379    28.5616      1.422    6.86132     8.1400     8.1359    22.2039   12.38073 1.2229e-01      1.435 0.0000e+00
        187 308.170909    0.01292     0.7750     46.500  1022.2086  45640.096    28.5596      1.415    6.86107     8.1417     8.1381    22.2021   12.38035 1.1809e-01      1.428 0.0000e+00
        188 308.170911    0.01299     0.7792     46.750  1022.2066  45636.496    28.5574      1.414    6.86085     8.1428     8.1401    22.2001   12.38000 1.1420e-01      1.427 0.0000e+00
        189 308.170914    0.01306     0.7833     47.000  1022.2046  45632.898    28.5552      1.419    6.86069     8.1432     8.1418    22.1981   12.37977 1.1093e-01      1.432 0.0000e+00
        190 308.170917    0.01313     0.7875     47.250  1022.2026  45629.227    28.5528      1.430    6.86063     8.1428     8.1429    22.1960   12.37970 1.0808e-01      1.443 0.0000e+00
        191 308.170920    0.01319     0.7917     47.500  1022.2006  45625.430    28.5502      1.442    6.86068     8.1415     8.1433    22.1939   12.37981 1.0520e-01      1.456 0.0000e+00
        192 308.170923    0.01326     0.7958     47.750  1022.1988  45622.010    28.5478      1.453    6.86084     8.1392     8.1430    22.1921   12.38010 1.0191e-01      1.467 0.0000e+00
        193 308.170926    0.01333     0.8000     48.000  1022.1979  45620.171    28.5464      1.459    6.86110     8.1360     8.1417    22.1911   12.38056 9.8328e-02      1.472 0.0000e+00
        194 308.170929    0.01340     0.8042     48.250  1022.1985  45621.191    28.5467      1.456    6.86146     8.1327     8.1393    22.1917   12.38114 9.4826e-02      1.469 0.0000e+00
        195 308.170932    0.01347     0.8083     48.500  1022.2008  45625.325    28.5492      1.444    6.86185     8.1302     8.1361    22.1940   12.38177 9.1472e-02      1.457 0.0000e+00
        196 308.170935    0.01354     0.8125     48.750  1022.2042  45631.516    28.5530      1.424    6.86220     8.1290     8.1329    22.1975   12.38229 8.8164e-02      1.437 0.0000e+00
        197 308.170937    0.01361     0.8167     49.000  1022.2077  45638.066    28.5572      1.398    6.86240     8.1293     8.1304    22.2011   12.38257 8.4805e-02      1.412 0.0000e+00
        198 308.170940    0.01368     0.8208     49.250  1022.2105  45643.431    28.5607      1.371    6.86242     8.1311     8.1292    22.2041   12.38257 8.1549e-02      1.384 0.0000e+00
        199 308.170943    0.01375     0.8250     49.500  1022.2121  45646.727    28.5631      1.345    6.86227     8.1340     8.1295    22.2059   12.38229 7.9113e-02      1.358 0.0000e+00
        200 308.170946    0.01382     0.8292     49.750  1022.2126  45647.842    28.5641      1.327    6.86195     8.1377     8.1313    22.2064   12.38175 7.8358e-02      1.340 0.0000e+00
        201 308.170949    0.01389     0.8333     50.000  1022.2121  45647.074    28.5640      1.321    6.86150     8.1412     8.1342    22.2059   12.38099 7.9703e-02      1.334 0.0000e+00
        202 308.170952    0.01396     0.8375     50.250  1022.2106  45644.509    28.5627      1.331    6.86099     8.1441     8.1378    22.2044   12.38016 8.3054e-02      1.343 0.0000e+00
        203 308.170955    0.01403     0.8417     50.500  1022.2082  45640.052    28.5601      1.356    6.86054     8.1457     8.1414    22.2019   12.37946 8.7976e-02      1.369 0.0000e+00
        204 308.170958    0.01410     0.8458     50.750  1022.2049  45633.668    28.5561      1.395    6.86028     8.1456     8.1442    22.1984   12.37907 9.3932e-02      1.408 0.0000e+00
        205 308.170961    0.01417     0.8500     51.000  1022.2009  45626.101    28.5510      1.440    6.86025     8.1434     8.1459    22.1942   12.37909 1.0037e-01      1.454 0.0000e+00
        206 308.170964    0.01424     0.8542     51.250  1022.1977  45619.777    28.5466      1.485    6.86046     8.1391     8.1458    22.1908   12.37950 1.0654e-01      1.499 0.0000e+00
        207 308.170966    0.01431     0.8583     51.500  1022.1968  45617.744    28.5449      1.524    6.86089     8.1338     8.1435    22.1897   12.38022 1.1138e-01      1.538 0.0000e+00
        208 308.170969    0.01438     0.8625     51.750  1022.1989  45621.115    28.5466      1.549    6.86148     8.1287     8.1393    22.1916   12.38117 1.1373e-01      1.563 0.0000e+00
        209 308.170972    0.01444     0.8667     52.000  1022.2029  45628.216    28.5508      1.555    6.86212     8.1248     8.1340    22.1956   12.38219 1.1291e-01      1.569 0.0000e+00
        210 308.170975    0.01451     0.8708     52.250  1022.2075  45636.614    28.5559      1.541    6.86268     8.1224     8.1289    22.2003   12.38306 1.0914e-01      1.555 0.0000e+00
        211 308.170978    0.01458     0.8750     52.500  1022.2118  45644.727    28.5610      1.507    6.86307     8.1216     8.1250    22.2049   12.38364 1.0323e-01      1.521 0.0000e+00
        212 308.170981    0.01465     0.8792     52.750  1022.2153  45651.370    28.5653      1.458    6.86326     8.1225     8.1225    22.2085   12.38390 9.5874e-02      1.472 0.0000e+00
        213 308.170984    0.01472     0.8833     53.000  1022.2174  45655.610    28.5681      1.400    6.86326     8.1254     8.1217    22.2109   12.38387 8.7660e-02      1.413 0.0000e+00
        214 308.170987    0.01479     0.8875     53.250  1022.2181  45657.509    28.5696      1.341    6.86305     8.1300     8.1227    22.2119   12.38349 7.9628e-02      1.354 0.0000e+00
        215 308.170990    0.01486     0.8917     53.500  1022.2181  45658.006    28.5703      1.291    6.86256     8.1354     8.1256    22.2121   12.38267 7.3327e-02      1.303 0.0000e+00
        216 308.170992    0.01493     0.8958     53.750  1022.2176  45657.685    28.5708      1.258    6.86183     8.1410     8.1301    22.2118   12.38146 7.0173e-02      1.270 0.0000e+00
        217 308.170995    0.01500     0.9000     54.000  1022.2166  45656.132    28.5704      1.254    6.86099     8.1458     8.1356    22.2108   12.38008 7.0837e-02      1.266 0.0000e+00
        218 308.170998    0.01507     0.9042     54.250  1022.2147  45652.694    28.5688      1.282    6.86020     8.1494     8.1411    22.2088   12.37879 7.5308e-02      1.294 0.0000e+00
        219 308.171001    0.01514     0.9083     54.500  1022.2119  45647.225    28.5657      1.340    6.85959     8.1513     8.1459    22.2057   12.37781 8.2995e-02      1.352 0.0000e+00
        220 308.171004    0.01521     0.9125     54.750  1022.2081  45639.715    28.5609      1.416    6.85924     8.1512     8.1495    22.2015   12.37729 9.2336e-02      1.429 0.0000e+00
        221 308.171007    0.01528     0.9167     55.000  1022.2035  45630.686    28.5549      1.492    6.85920     8.1487     8.1514    22.1965   12.37731 1.0089e-01      1.507 0.0000e+00
        222 308.171010    0.01535     0.9208     55.250  1022.1998  45623.479    28.5499      1.551    6.85945     8.1442     8.1513    22.1926   12.37777 1.0690e-01      1.566 0.0000e+00
        223 308.171013    0.01542     0.9250     55.500  1022.1995  45622.476    28.5489      1.582    6.85988     8.1392     8.1488    22.1921   12.37850 1.1017e-01      1.596 0.0000e+00
        224 308.171016    0.01549     0.9292     55.750  1022.2025  45627.778    28.5519      1.580    6.86044     8.1352     8.1444    22.1951   12.37938 1.1012e-01      1.594 0.0000e+00
        225 308.171019    0.01556     0.9333     56.000  1022.2069  45635.999    28.5569      1.547    6.86099     8.1328     8.1394    22.1997   12.38024 1.0544e-01      1.561 0.0000e+00
        226 308.171021    0.01563     0.9375     56.250  1022.2112  45644.089    28.5620      1.488    6.86141     8.1325     8.1353    22.2043   12.38086 9.6330e-02      1.502 0.0000e+00
        227 308.171024    0.01569     0.9417     56.500  1022.2142  45650.105    28.5659      1.414    6.86160     8.1343     8.1329    22.2076   12.38114 8.5320e-02      1.427 0.0000e+00
        228 308.171027    0.01576     0.9458     56.750  1022.2158  45653.713    28.5683      1.335    6.86154     8.1379     8.1326    22.2096   12.38101 7.5759e-02      1.347 0.0000e+00
        229 308.171030    0.01583     0.9500     57.000  1022.2166  45655.818    28.5701      1.266    6.86118     8.1425     8.1344    22.2107   12.38039 6.9715e-02      1.278 0.0000e+00
        230 308.171033    0.01590     0.9542     57.250  1022.2167  45656.619    28.5711      1.223    6.86057     8.1472     8.1380    22.2110   12.37937 6.7557e-02      1.235 0.0000e+00
        231 308.171036    0.01597     0.9583     57.500  1022.2159  45655.518    28.5710      1.217    6.85986     8.1513     8.1426    22.2103   12.37820 6.8999e-02      1.229 0.0000e+00
        232 308.171039    0.01604     0.9625     57.750  1022.2143  45652.409    28.5695      1.250    6.85920     8.1545     8.1473    22.2085   12.37711 7.3589e-02      1.262 0.0000e+00
        233 308.171042    0.01611     0.9667     58.000  1022.2119  45647.728    28.5668      1.313    6.85867     8.1564     8.1514    22.2058   12.37627 8.0377e-02      1.325 0.0000e+00
        234 308.171045    0.01618     0.9708     58.250  1022.2089  45641.770    28.5631      1.391    6.85834     8.1569     8.1546    22.2025   12.37577 8.7852e-02      1.405 0.0000e+00
        235 308.171047    0.01625     0.9750     58.500  1022.2056  45635.053    28.5587      1.471    6.85823     8.1560     8.1565    22.1987   12.37566 9.4473e-02      1.486 0.0000e+00
        236 308.171050    0.01632     0.9792     58.750  1022.2029  45629.580    28.5549      1.541    6.85831     8.1538     8.1571    22.1957   12.37584 9.9279e-02      1.556 0.0000e+00
        237 308.171053    0.01639     0.9833     59.000  1022.2022  45627.894    28.5536      1.589    6.85852     8.1510     8.1561    22.1948   12.37619 1.0220e-01      1.604 0.0000e+00
        238 308.171056    0.01646     0.9875     59.250  1022.2036  45630.197    28.5549      1.611    6.85881     8.1486     8.1539    22.1961   12.37666 1.0334e-01      1.627 0.0000e+00
        239 308.171059    0.01653     0.9917     59.500  1022.2060  45634.409    28.5574      1.606    6.85913     8.1469     8.1512    22.1985   12.37715 1.0241e-01      1.621 0.0000e+00
        240 308.171062    0.01660     0.9958     59.750  1022.2082  45638.745    28.5601      1.575    6.85939     8.1462     8.1488    22.2009   12.37755 9.9265e-02      1.590 0.0000e+00
        241 308.171065    0.01667     1.0000     60.000  1022.2099  45642.182    28.5623      1.524    6.85955     8.1464     8.1471    22.2029   12.37779 9.4288e-02      1.538 0.0000e+00
        242 308.171068    0.01674     1.0042     60.250  1022.2107  45644.056    28.5635      1.461    6.85962     8.1476     8.1463    22.2039   12.37788 8.8403e-02      1.474 0.0000e+00
        243 308.171071    0.01681     1.0083     60.500  1022.2106  45644.479    28.5639      1.393    6.85956     8.1492     8.1466    22.2041   12.37779 8.2371e-02      1.406 0.0000e+00
        244 308.171073    0.01688     1.0125     60.750  1022.2100  45643.978    28.5637      1.329    6.85939     8.1511     8.1477    22.2039   12.37751 7.6792e-02      1.341 0.0000e+00
        245 308.171076    0.01694     1.0167     61.000  1022.2092  45642.996    28.5633      1.276    6.85915     8.1529     8.1493    22.2033   12.37712 7.2555e-02      1.288 0.0000e+00
        246 308.171079    0.01701     1.0208     61.250  1022.2085  45642.015    28.5628      1.240    6.85888     8.1546     8.1512    22.2027   12.37668 7.0384e-02      1.252 0.0000e+00
        247 308.171082    0.01708     1.0250     61.500  1022.2081  45641.553    28.5628      1.228    6.85860     8.1563     8.1530    22.2024   12.37622 7.0781e-02      1.239 0.0000e+00
        248 308.171085    0.01715     1.0292     61.750  1022.2083  45641.958    28.5633      1.242    6.85831     8.1579     8.1547    22.2026   12.37573 7.4264e-02      1.254 0.0000e+00
        249 308.171088    0.01722     1.0333     62.000  1022.2092  45643.262    28.5644      1.285    6.85801     8.1594     8.1564    22.2032   12.37520 8.1037e-02      1.297 0.0000e+00
        250 308.171091    0.01729     1.0375     62.250  1022.2103  45644.908    28.5658      1.354    6.85769     8.1608     8.1580    22.2041   12.37467 9.0642e-02      1.367 0.0000e+00
        251 308.171094    0.01736     1.0417     62.500  1022.2113  45646.047    28.5667      1.439    6.85741     8.1620     8.1595    22.2046   12.37418 1.0166e-01      1.452 0.0000e+00
        252 308.171097    0.01743     1.0458     62.750  1022.2117  45646.312    28.5671      1.523    6.85717     8.1627     8.1609    22.2047   12.37378 1.1187e-01      1.537 0.0000e+00
        253 308.171100    0.01750     1.0500     63.000  1022.2118  45645.888    28.5669      1.589    6.85700     8.1630     8.1621    22.2044   12.37351 1.2006e-01      1.604 0.0000e+00
        254 308.171102    0.01757     1.0542     63.250  1022.2116  45645.338    28.5666      1.627    6.85691     8.1632     8.1628    22.2041   12.37335 1.2675e-01      1.642 0.0000e+00
        255 308.171105    0.01764     1.0583     63.500  1022.2115  45645.095    28.5665      1.631    6.85686     8.1633     8.1632    22.2040   12.37327 1.3178e-01      1.646 0.0000e+00
