CTD-processing/allCTD/CNV--homogene/2015_02-12_t4_s10_cast192.cnv
* Sea-Bird SBE19plus Data File:
* FileName = C:\Users\kris.holderied\Documents\kasitsna\Research-Projects-and-Data\Oceanography-AK\CTD-Data-ALL-to-2014-10\2015-CTD-KachemakBay-CookInlet\2015-02-EVOSTC-CookInlet-quarterly\2015-02-12-CookInlet-Tran4-Barabara\2015-02-12-CookInlet-Tran4-cast192.hex
* Software Version 1.59
* Temperature SN =  4141
* Conductivity SN =  4141
* System UpLoad Time = Feb 12 2015 13:25:45
** Cook Inlet LTM Tran4 (Barabara) South to North
** Date: 02-12
** Station: 4-10
** Start time (AKST): 12:39
** Depth (m): 14
** Comment: Sea otters.
** Comment: Vessel is ADFG R/V Pandalus.
# nquan = 17
# nvalues = 366                         
# units = specified
# name 0 = scan: Scan Count
# name 1 = timeJ: Julian Days
# name 2 = timeH: Time, Elapsed [hours]
# name 3 = timeM: Time, Elapsed [minutes]
# name 4 = timeS: Time, Elapsed [seconds]
# name 5 = density00: Density [density, kg/m^3]
# name 6 = specc: Specific Conductance [uS/cm]
# name 7 = sal00: Salinity, Practical [PSU]
# name 8 = depSM: Depth [salt water, m], lat = 59.00
# name 9 = oxsolML/L: Oxygen Saturation, Garcia & Gordon [ml/l]
# name 10 = potemp090C: Potential Temperature [ITS-90, deg C]
# name 11 = tv290C: Temperature [ITS-90, deg C]
# name 12 = sigma-é00: Density [sigma-theta, kg/m^3]
# name 13 = n2satML/L: Nitrogen Saturation [ml/l]
# name 14 = par: PAR/Irradiance, Biospherical/Licor
# name 15 = prdM: Pressure, Strain Gauge [db]
# name 16 = flag:  0.000e+00
# span 0 =          1,        366       
# span 1 =  43.527975,  43.529031       
# span 2 =    0.00000,    0.02535       
# span 3 =     0.0000,     1.5208       
# span 4 =      0.000,     91.250       
# span 5 =  1000.2725,  1025.0345       
# span 6 =    797.392,  51087.703       
# span 7 =     0.3769,    31.4848       
# span 8 =     -0.159,     14.660       
# span 9 =    7.24540,    8.97529       
# span 10 =     3.3788,     4.9792      
# span 11 =     3.3797,     4.9793      
# span 12 =     0.2733,    24.9650      
# span 13 =   12.97890,   16.31395      
# span 14 = 3.6382e-02, 3.1792e+01      
# span 15 =     -0.161,     14.798      
# span 16 = 0.0000e+00, 0.0000e+00      
# interval = seconds: 0.25
# start_time = Feb 12 2015 12:40:17 [Instrument's time stamp, header]
# bad_flag = -9.990e-29
*END*
          1  43.527975    0.00000     0.0000      0.000  1000.2725    797.392     0.3769     -0.152    8.97344     4.7391     4.7415     0.2733   16.31175 5.5105e+00     -0.153 0.0000e+00
          2  43.527977    0.00007     0.0042      0.250  1000.2753    804.155     0.3803     -0.152    8.97345     4.7366     4.7406     0.2760   16.31171 5.9827e+00     -0.153 0.0000e+00
          3  43.527980    0.00014     0.0083      0.500  1000.2780    810.909     0.3837     -0.151    8.97359     4.7325     4.7391     0.2788   16.31189 7.6091e+00     -0.152 0.0000e+00
          4  43.527983    0.00021     0.0125      0.750  1000.2814    819.174     0.3880     -0.151    8.97391     4.7266     4.7366     0.2822   16.31237 1.0031e+01     -0.152 0.0000e+00
          5  43.527986    0.00028     0.0167      1.000  1000.2875    833.800     0.3955     -0.151    8.97442     4.7193     4.7325     0.2883   16.31309 1.2079e+01     -0.152 0.0000e+00
          6  43.527989    0.00035     0.0208      1.250  1000.2983    860.032     0.4089     -0.151    8.97500     4.7118     4.7266     0.2991   16.31385 1.3769e+01     -0.152 0.0000e+00
          7  43.527992    0.00042     0.0250      1.500  1000.3172    905.826     0.4323     -0.151    8.97529     4.7047     4.7193     0.3179   16.31395 1.5636e+01     -0.152 0.0000e+00
          8  43.527995    0.00049     0.0292      1.750  1000.3495    984.750     0.4726     -0.151    8.97463     4.6985     4.7118     0.3503   16.31217 1.7837e+01     -0.153 0.0000e+00
          9  43.527998    0.00056     0.0333      2.000  1000.4046   1119.304     0.5413     -0.152    8.97217     4.6935     4.7047     0.4054   16.30691 1.9844e+01     -0.153 0.0000e+00
         10  43.528001    0.00063     0.0375      2.250  1000.4957   1342.152     0.6551     -0.152    8.96681     4.6900     4.6985     0.4965   16.29606 2.0931e+01     -0.153 0.0000e+00
         11  43.528003    0.00069     0.0417      2.500  1000.6374   1687.803     0.8320     -0.153    8.95740     4.6879     4.6935     0.6381   16.27735 2.1608e+01     -0.154 0.0000e+00
         12  43.528006    0.00076     0.0458      2.750  1000.8129   2114.559     1.0512     -0.153    8.94510     4.6869     4.6900     0.8136   16.25310 2.2751e+01     -0.155 0.0000e+00
         13  43.528009    0.00083     0.0500      3.000  1000.9749   2506.756     1.2537     -0.154    8.93347     4.6866     4.6879     0.9756   16.23027 2.4666e+01     -0.156 0.0000e+00
         14  43.528012    0.00090     0.0542      3.250  1001.0970   2801.062     1.4065     -0.155    8.92459     4.6868     4.6869     1.0978   16.21285 2.6996e+01     -0.157 0.0000e+00
         15  43.528015    0.00097     0.0583      3.500  1001.1768   2992.858     1.5062     -0.156    8.91870     4.6872     4.6866     1.1775   16.20134 2.8641e+01     -0.158 0.0000e+00
         16  43.528018    0.00104     0.0625      3.750  1001.2236   3105.617     1.5648     -0.158    8.91517     4.6878     4.6868     1.2244   16.19445 2.9394e+01     -0.159 0.0000e+00
         17  43.528021    0.00111     0.0667      4.000  1001.2539   3178.433     1.6027     -0.159    8.91280     4.6886     4.6872     1.2547   16.18986 3.0050e+01     -0.160 0.0000e+00
         18  43.528024    0.00118     0.0708      4.250  1001.2809   3242.847     1.6366     -0.159    8.91064     4.6895     4.6878     1.2818   16.18567 3.0966e+01     -0.161 0.0000e+00
         19  43.528027    0.00125     0.0750      4.500  1001.3120   3316.227     1.6754     -0.159    8.90815     4.6905     4.6886     1.3128   16.18085 3.1792e+01     -0.161 0.0000e+00
         20  43.528030    0.00132     0.0792      4.750  1001.3394   3380.807     1.7098     -0.159    8.90589     4.6917     4.6895     1.3402   16.17651 3.1769e+01     -0.161 0.0000e+00
         21  43.528032    0.00139     0.0833      5.000  1001.3465   3397.703     1.7188     -0.159    8.90512     4.6929     4.6905     1.3473   16.17507 3.0666e+01     -0.161 0.0000e+00
         22  43.528035    0.00146     0.0875      5.250  1001.3254   3348.105     1.6924     -0.159    8.90643     4.6941     4.6917     1.3262   16.17770 2.8857e+01     -0.161 0.0000e+00
         23  43.528038    0.00153     0.0917      5.500  1001.2839   3250.300     1.6404     -0.159    8.90926     4.6954     4.6929     1.2847   16.18329 2.6847e+01     -0.161 0.0000e+00
         24  43.528041    0.00160     0.0958      5.750  1001.2370   3139.424     1.5816     -0.158    8.91248     4.6967     4.6941     1.2378   16.18966 2.5149e+01     -0.160 0.0000e+00
         25  43.528044    0.00167     0.1000      6.000  1001.1925   3033.751     1.5259     -0.158    8.91551     4.6980     4.6954     1.1932   16.19567 2.4045e+01     -0.160 0.0000e+00
         26  43.528047    0.00174     0.1042      6.250  1001.1492   2930.580     1.4717     -0.159    8.91845     4.6994     4.6967     1.1500   16.20149 2.3391e+01     -0.161 0.0000e+00
         27  43.528050    0.00181     0.1083      6.500  1001.1068   2828.623     1.4187     -0.159    8.92133     4.7008     4.6980     1.1075   16.20720 2.2949e+01     -0.161 0.0000e+00
         28  43.528053    0.00187     0.1125      6.750  1001.0682   2734.847     1.3706     -0.159    8.92392     4.7022     4.6994     1.0690   16.21236 2.2708e+01     -0.161 0.0000e+00
         29  43.528056    0.00194     0.1167      7.000  1001.0371   2656.933     1.3317     -0.159    8.92599     4.7036     4.7008     1.0379   16.21649 2.2637e+01     -0.161 0.0000e+00
         30  43.528058    0.00201     0.1208      7.250  1001.0165   2601.478     1.3062     -0.158    8.92730     4.7051     4.7022     1.0173   16.21916 2.2633e+01     -0.160 0.0000e+00
         31  43.528061    0.00208     0.1250      7.500  1001.0112   2577.962     1.2999     -0.158    8.92754     4.7066     4.7036     1.0119   16.21975 2.2648e+01     -0.160 0.0000e+00
         32  43.528064    0.00215     0.1292      7.750  1001.0295   2603.875     1.3235     -0.157    8.92612     4.7084     4.7051     1.0303   16.21712 2.2628e+01     -0.159 0.0000e+00
         33  43.528067    0.00222     0.1333      8.000  1001.0859   2708.631     1.3950     -0.155    8.92203     4.7104     4.7066     1.0867   16.20932 2.2445e+01     -0.157 0.0000e+00
         34  43.528070    0.00229     0.1375      8.250  1001.2038   2940.675     1.5443     -0.153    8.91363     4.7129     4.7084     1.2046   16.19319 2.2058e+01     -0.155 0.0000e+00
         35  43.528073    0.00236     0.1417      8.500  1001.4218   3378.674     1.8197     -0.149    8.89825     4.7164     4.7104     1.4225   16.16352 2.1532e+01     -0.151 0.0000e+00
         36  43.528076    0.00243     0.1458      8.750  1001.8026   4150.891     2.3007     -0.143    8.87148     4.7214     4.7129     1.8032   16.11182 2.0899e+01     -0.145 0.0000e+00
         37  43.528079    0.00250     0.1500      9.000  1002.4509   5470.998     3.1195     -0.131    8.82602     4.7291     4.7164     2.4516   16.02396 2.0147e+01     -0.133 0.0000e+00
         38  43.528082    0.00257     0.1542      9.250  1003.5431   7699.041     4.4987     -0.112    8.74956     4.7413     4.7214     3.5437   15.87613 1.9288e+01     -0.114 0.0000e+00
         39  43.528084    0.00264     0.1583      9.500  1005.3767  11444.288     6.8137     -0.081    8.62131     4.7609     4.7291     5.3771   15.62809 1.8319e+01     -0.082 0.0000e+00
         40  43.528087    0.00271     0.1625      9.750  1008.4471  17721.588    10.6904     -0.029    8.40663     4.7903     4.7413     8.4473   15.21282 1.7132e+01     -0.029 0.0000e+00
         41  43.528090    0.00278     0.1667     10.000  1012.7915  26538.648    16.1764      0.052    8.10447     4.8268     4.7609    12.7913   14.62884 1.5607e+01      0.053 0.0000e+00
         42  43.528093    0.00285     0.1708     10.250  1017.1645  35306.803    21.7010      0.160    7.80181     4.8635     4.7903    17.1637   14.04500 1.3557e+01      0.162 0.0000e+00
         43  43.528096    0.00292     0.1750     10.500  1020.2784  41502.583    25.6373      0.279    7.58486     4.8944     4.8269    20.2771   13.62751 1.1606e+01      0.282 0.0000e+00
         44  43.528099    0.00299     0.1792     10.750  1022.1343  45195.036    27.9851      0.388    7.45279     4.9171     4.8636    22.1325   13.37408 1.1536e+01      0.391 0.0000e+00
         45  43.528102    0.00306     0.1833     11.000  1023.2383  47391.789    29.3828      0.467    7.37254     4.9320     4.8944    23.2361   13.22049 1.3319e+01      0.471 0.0000e+00
         46  43.528105    0.00313     0.1875     11.250  1023.8954  48699.625    30.2154      0.510    7.32397     4.9411     4.9171    23.8930   13.12771 1.5273e+01      0.515 0.0000e+00
         47  43.528108    0.00319     0.1917     11.500  1024.2876  49480.426    30.7125      0.524    7.29472     4.9469     4.9320    24.2851   13.07191 1.6853e+01      0.529 0.0000e+00
         48  43.528111    0.00326     0.1958     11.750  1024.5228  49948.932    31.0108      0.523    7.27715     4.9513     4.9411    24.5204   13.03838 1.7014e+01      0.528 0.0000e+00
         49  43.528113    0.00333     0.2000     12.000  1024.6649  50231.689    31.1910      0.520    7.26648     4.9553     4.9469    24.6625   13.01805 1.5678e+01      0.525 0.0000e+00
         50  43.528116    0.00340     0.2042     12.250  1024.7511  50402.910    31.3004      0.523    7.25984     4.9590     4.9514    24.7487   13.00544 1.4792e+01      0.528 0.0000e+00
         51  43.528119    0.00347     0.2083     12.500  1024.8033  50506.246    31.3668      0.534    7.25559     4.9623     4.9554    24.8008   12.99742 1.4276e+01      0.539 0.0000e+00
         52  43.528122    0.00354     0.2125     12.750  1024.8342  50567.354    31.4063      0.547    7.25283     4.9650     4.9591    24.8316   12.99227 1.3919e+01      0.552 0.0000e+00
         53  43.528125    0.00361     0.2167     13.000  1024.8522  50602.873    31.4294      0.559    7.25103     4.9673     4.9624    24.8496   12.98894 1.4205e+01      0.564 0.0000e+00
         54  43.528128    0.00368     0.2208     13.250  1024.8630  50623.990    31.4433      0.566    7.24981     4.9693     4.9651    24.8603   12.98671 1.4250e+01      0.571 0.0000e+00
         55  43.528131    0.00375     0.2250     13.500  1024.8696  50636.838    31.4519      0.572    7.24894     4.9711     4.9674    24.8669   12.98516 1.3887e+01      0.577 0.0000e+00
         56  43.528134    0.00382     0.2292     13.750  1024.8735  50644.303    31.4570      0.581    7.24832     4.9725     4.9694    24.8707   12.98406 1.3820e+01      0.587 0.0000e+00
         57  43.528137    0.00389     0.2333     14.000  1024.8756  50648.255    31.4599      0.601    7.24788     4.9735     4.9711    24.8728   12.98328 1.3798e+01      0.607 0.0000e+00
         58  43.528139    0.00396     0.2375     14.250  1024.8771  50650.676    31.4617      0.639    7.24754     4.9742     4.9725    24.8740   12.98269 1.3263e+01      0.646 0.0000e+00
         59  43.528142    0.00403     0.2417     14.500  1024.8786  50652.957    31.4633      0.703    7.24726     4.9745     4.9736    24.8753   12.98221 1.2354e+01      0.710 0.0000e+00
         60  43.528145    0.00410     0.2458     14.750  1024.8798  50654.569    31.4645      0.791    7.24708     4.9742     4.9743    24.8761   12.98189 1.1600e+01      0.798 0.0000e+00
         61  43.528148    0.00417     0.2500     15.000  1024.8799  50654.126    31.4642      0.881    7.24704     4.9733     4.9746    24.8758   12.98182 1.1470e+01      0.889 0.0000e+00
         62  43.528151    0.00424     0.2542     15.250  1024.8794  50652.544    31.4630      0.952    7.24715     4.9720     4.9743    24.8749   12.98202 1.1680e+01      0.961 0.0000e+00
         63  43.528154    0.00431     0.2583     15.500  1024.8795  50652.527    31.4627      1.001    7.24732     4.9711     4.9734    24.8748   12.98232 1.1570e+01      1.010 0.0000e+00
         64  43.528157    0.00438     0.2625     15.750  1024.8809  50655.045    31.4642      1.034    7.24747     4.9708     4.9721    24.8761   12.98254 1.1320e+01      1.044 0.0000e+00
         65  43.528160    0.00444     0.2667     16.000  1024.8830  50658.828    31.4665      1.057    7.24752     4.9711     4.9712    24.8781   12.98259 1.1522e+01      1.067 0.0000e+00
         66  43.528163    0.00451     0.2708     16.250  1024.8849  50662.160    31.4688      1.074    7.24746     4.9718     4.9709    24.8798   12.98246 1.1799e+01      1.084 0.0000e+00
         67  43.528166    0.00458     0.2750     16.500  1024.8860  50664.125    31.4702      1.086    7.24733     4.9725     4.9712    24.8809   12.98223 1.1721e+01      1.097 0.0000e+00
         68  43.528168    0.00465     0.2792     16.750  1024.8865  50664.840    31.4708      1.096    7.24719     4.9732     4.9719    24.8813   12.98198 1.1816e+01      1.106 0.0000e+00
         69  43.528171    0.00472     0.2833     17.000  1024.8865  50664.788    31.4709      1.102    7.24705     4.9737     4.9726    24.8813   12.98176 1.2560e+01      1.113 0.0000e+00
         70  43.528174    0.00479     0.2875     17.250  1024.8863  50664.339    31.4707      1.106    7.24695     4.9740     4.9733    24.8811   12.98159 1.3522e+01      1.116 0.0000e+00
         71  43.528177    0.00486     0.2917     17.500  1024.8861  50663.836    31.4705      1.105    7.24688     4.9741     4.9738    24.8809   12.98148 1.4041e+01      1.115 0.0000e+00
         72  43.528180    0.00493     0.2958     17.750  1024.8859  50663.482    31.4703      1.100    7.24683     4.9742     4.9741    24.8807   12.98141 1.3915e+01      1.110 0.0000e+00
         73  43.528183    0.00500     0.3000     18.000  1024.8857  50663.250    31.4702      1.092    7.24681     4.9742     4.9742    24.8806   12.98137 1.3603e+01      1.102 0.0000e+00
         74  43.528186    0.00507     0.3042     18.250  1024.8856  50663.101    31.4701      1.084    7.24680     4.9743     4.9743    24.8806   12.98136 1.4028e+01      1.094 0.0000e+00
         75  43.528189    0.00514     0.3083     18.500  1024.8855  50663.019    31.4701      1.078    7.24680     4.9743     4.9743    24.8805   12.98135 1.4918e+01      1.088 0.0000e+00
         76  43.528192    0.00521     0.3125     18.750  1024.8855  50662.986    31.4701      1.073    7.24679     4.9744     4.9744    24.8805   12.98135 1.5450e+01      1.083 0.0000e+00
         77  43.528194    0.00528     0.3167     19.000  1024.8855  50662.949    31.4700      1.071    7.24678     4.9746     4.9744    24.8805   12.98133 1.5121e+01      1.081 0.0000e+00
         78  43.528197    0.00535     0.3208     19.250  1024.8855  50662.908    31.4700      1.070    7.24677     4.9747     4.9745    24.8805   12.98130 1.3613e+01      1.080 0.0000e+00
         79  43.528200    0.00542     0.3250     19.500  1024.8855  50662.948    31.4701      1.071    7.24674     4.9749     4.9747    24.8805   12.98126 1.2179e+01      1.081 0.0000e+00
         80  43.528203    0.00549     0.3292     19.750  1024.8856  50663.061    31.4702      1.074    7.24671     4.9750     4.9748    24.8805   12.98121 1.2481e+01      1.085 0.0000e+00
         81  43.528206    0.00556     0.3333     20.000  1024.8857  50663.164    31.4703      1.081    7.24668     4.9752     4.9750    24.8806   12.98116 1.3727e+01      1.091 0.0000e+00
         82  43.528209    0.00562     0.3375     20.250  1024.8857  50663.158    31.4703      1.090    7.24665     4.9754     4.9751    24.8806   12.98111 1.4192e+01      1.101 0.0000e+00
         83  43.528212    0.00569     0.3417     20.500  1024.8857  50662.960    31.4702      1.100    7.24663     4.9755     4.9753    24.8805   12.98107 1.4157e+01      1.111 0.0000e+00
         84  43.528215    0.00576     0.3458     20.750  1024.8856  50662.646    31.4701      1.107    7.24660     4.9757     4.9755    24.8804   12.98103 1.3856e+01      1.118 0.0000e+00
         85  43.528218    0.00583     0.3500     21.000  1024.8855  50662.388    31.4699      1.111    7.24657     4.9758     4.9756    24.8802   12.98099 1.2900e+01      1.122 0.0000e+00
