CTD-processing/allCTD/CNV--homogene/2015_02-12_t4_s09_cast191.cnv
* Sea-Bird SBE19plus Data File:
* FileName = C:\Users\kris.holderied\Documents\kasitsna\Research-Projects-and-Data\Oceanography-AK\CTD-Data-ALL-to-2014-10\2015-CTD-KachemakBay-CookInlet\2015-02-EVOSTC-CookInlet-quarterly\2015-02-12-CookInlet-Tran4-Barabara\2015-02-12-CookInlet-Tran4-cast191.hex
* Software Version 1.59
* Temperature SN =  4141
* Conductivity SN =  4141
* System UpLoad Time = Feb 12 2015 13:25:09
** Cook Inlet LTM Tran4 (Barabara) South to North
** Date: 02-12
** Station: 4-09
** Start time (AKST): 12:32
** Depth (m): 23
** Comment: Sea otters.
** Comment: Vessel is ADFG R/V Pandalus.
# nquan = 17
# nvalues = 428                         
# units = specified
# name 0 = scan: Scan Count
# name 1 = timeJ: Julian Days
# name 2 = timeH: Time, Elapsed [hours]
# name 3 = timeM: Time, Elapsed [minutes]
# name 4 = timeS: Time, Elapsed [seconds]
# name 5 = density00: Density [density, kg/m^3]
# name 6 = specc: Specific Conductance [uS/cm]
# name 7 = sal00: Salinity, Practical [PSU]
# name 8 = depSM: Depth [salt water, m], lat = 59.00
# name 9 = oxsolML/L: Oxygen Saturation, Garcia & Gordon [ml/l]
# name 10 = potemp090C: Potential Temperature [ITS-90, deg C]
# name 11 = tv290C: Temperature [ITS-90, deg C]
# name 12 = sigma-é00: Density [sigma-theta, kg/m^3]
# name 13 = n2satML/L: Nitrogen Saturation [ml/l]
# name 14 = par: PAR/Irradiance, Biospherical/Licor
# name 15 = prdM: Pressure, Strain Gauge [db]
# name 16 = flag:  0.000e+00
# span 0 =          1,        428       
# span 1 =  43.522697,  43.523932       
# span 2 =    0.00000,    0.02965       
# span 3 =     0.0000,     1.7792       
# span 4 =      0.000,    106.750       
# span 5 =  1000.2720,  1025.0912       
# span 6 =    789.994,  51093.905       
# span 7 =     0.3726,    31.4995       
# span 8 =     -0.164,     24.077       
# span 9 =    7.22113,    9.03714       
# span 10 =     3.4914,     5.1173      
# span 11 =     3.4928,     5.1175      
# span 12 =     0.2728,    24.9772      
# span 13 =   12.93872,   16.41874      
# span 14 = 3.6382e-02, 2.9785e+01      
# span 15 =     -0.166,     24.306      
# span 16 = 0.0000e+00, 0.0000e+00      
# interval = seconds: 0.25
# start_time = Feb 12 2015 12:32:41 [Instrument's time stamp, header]
# bad_flag = -9.990e-29
*END*
[from data line 341]
        342  43.523683    0.02368     1.4208     85.250  1024.9120  50650.841    31.4881      6.803    7.22221     5.1104     5.1112    24.8801   12.94052 1.7944e+00      6.867 0.0000e+00
        343  43.523686    0.02375     1.4250     85.500  1024.9126  50650.464    31.4878      6.998    7.22225     5.1098     5.1111    24.8798   12.94059 1.8110e+00      7.064 0.0000e+00
        344  43.523689    0.02382     1.4292     85.750  1024.9132  50650.005    31.4873      7.199    7.22232     5.1090     5.1108    24.8795   12.94071 1.7707e+00      7.267 0.0000e+00
        345  43.523692    0.02389     1.4333     86.000  1024.9137  50649.339    31.4866      7.406    7.22244     5.1078     5.1103    24.8790   12.94092 1.6962e+00      7.477 0.0000e+00
        346  43.523695    0.02396     1.4375     86.250  1024.9142  50648.567    31.4858      7.621    7.22262     5.1063     5.1095    24.8784   12.94123 1.6114e+00      7.693 0.0000e+00
        347  43.523698    0.02403     1.4417     86.500  1024.9146  50647.746    31.4849      7.840    7.22287     5.1043     5.1084    24.8778   12.94165 1.5317e+00      7.915 0.0000e+00
        348  43.523701    0.02410     1.4458     86.750  1024.9150  50646.784    31.4838      8.064    7.22319     5.1018     5.1069    24.8771   12.94219 1.4733e+00      8.140 0.0000e+00
        349  43.523704    0.02417     1.4500     87.000  1024.9152  50645.615    31.4825      8.289    7.22359     5.0986     5.1049    24.8763   12.94287 1.4550e+00      8.368 0.0000e+00
        350  43.523707    0.02424     1.4542     87.250  1024.9154  50644.467    31.4811      8.515    7.22409     5.0951     5.1024    24.8754   12.94372 1.4787e+00      8.596 0.0000e+00
        351  43.523709    0.02431     1.4583     87.500  1024.9160  50644.186    31.4801      8.739    7.22468     5.0914     5.0993    24.8750   12.94469 1.5213e+00      8.822 0.0000e+00
        352  43.523712    0.02438     1.4625     87.750  1024.9172  50644.981    31.4798      8.959    7.22530     5.0876     5.0957    24.8751   12.94573 1.5573e+00      9.044 0.0000e+00
        353  43.523715    0.02444     1.4667     88.000  1024.9185  50646.073    31.4796      9.174    7.22595     5.0841     5.0920    24.8754   12.94680 1.5780e+00      9.261 0.0000e+00
        354  43.523718    0.02451     1.4708     88.250  1024.9202  50648.033    31.4801      9.382    7.22657     5.0813     5.0883    24.8762   12.94781 1.5878e+00      9.471 0.0000e+00
        355  43.523721    0.02458     1.4750     88.500  1024.9228  50651.666    31.4818      9.583    7.22709     5.0793     5.0849    24.8779   12.94865 1.5941e+00      9.673 0.0000e+00
        356  43.523724    0.02465     1.4792     88.750  1024.9251  50654.680    31.4831      9.774    7.22750     5.0775     5.0821    24.8793   12.94932 1.6039e+00      9.867 0.0000e+00
        357  43.523727    0.02472     1.4833     89.000  1024.9263  50655.608    31.4832      9.959    7.22785     5.0758     5.0800    24.8796   12.94990 1.6269e+00     10.053 0.0000e+00
        358  43.523730    0.02479     1.4875     89.250  1024.9274  50656.311    31.4832     10.138    7.22816     5.0741     5.0782    24.8798   12.95040 1.6664e+00     10.234 0.0000e+00
        359  43.523733    0.02486     1.4917     89.500  1024.9282  50656.637    31.4830     10.314    7.22846     5.0719     5.0765    24.8798   12.95091 1.7115e+00     10.412 0.0000e+00
        360  43.523736    0.02493     1.4958     89.750  1024.9281  50655.340    31.4816     10.492    7.22883     5.0691     5.0748    24.8790   12.95153 1.7460e+00     10.591 0.0000e+00
        361  43.523738    0.02500     1.5000     90.000  1024.9279  50653.773    31.4800     10.673    7.22928     5.0659     5.0727    24.8779   12.95229 1.7590e+00     10.773 0.0000e+00
        362  43.523741    0.02507     1.5042     90.250  1024.9283  50653.190    31.4789     10.860    7.22981     5.0625     5.0699    24.8773   12.95318 1.7439e+00     10.963 0.0000e+00
        363  43.523744    0.02514     1.5083     90.500  1024.9289  50653.048    31.4781     11.057    7.23040     5.0588     5.0667    24.8770   12.95417 1.6975e+00     11.162 0.0000e+00
        364  43.523747    0.02521     1.5125     90.750  1024.9297  50653.331    31.4774     11.263    7.23103     5.0550     5.0633    24.8768   12.95522 1.6265e+00     11.370 0.0000e+00
        365  43.523750    0.02528     1.5167     91.000  1024.9310  50654.376    31.4773     11.478    7.23167     5.0512     5.0596    24.8771   12.95628 1.5455e+00     11.587 0.0000e+00
        366  43.523753    0.02535     1.5208     91.250  1024.9323  50655.392    31.4771     11.701    7.23233     5.0472     5.0559    24.8774   12.95737 1.4643e+00     11.812 0.0000e+00
        367  43.523756    0.02542     1.5250     91.500  1024.9331  50655.477    31.4762     11.928    7.23302     5.0427     5.0521    24.8771   12.95853 1.3866e+00     12.041 0.0000e+00
        368  43.523759    0.02549     1.5292     91.750  1024.9336  50655.023    31.4749     12.157    7.23378     5.0378     5.0481    24.8765   12.95979 1.3134e+00     12.273 0.0000e+00
        369  43.523762    0.02556     1.5333     92.000  1024.9343  50654.969    31.4738     12.387    7.23461     5.0324     5.0436    24.8761   12.96117 1.2422e+00     12.504 0.0000e+00
        370  43.523764    0.02562     1.5375     92.250  1024.9351  50655.231    31.4728     12.614    7.23551     5.0266     5.0387    24.8759   12.96267 1.1714e+00     12.734 0.0000e+00
        371  43.523767    0.02569     1.5417     92.500  1024.9358  50655.336    31.4716     12.838    7.23649     5.0201     5.0334    24.8755   12.96430 1.1032e+00     12.960 0.0000e+00
        372  43.523770    0.02576     1.5458     92.750  1024.9361  50654.810    31.4699     13.056    7.23758     5.0126     5.0275    24.8748   12.96612 1.0401e+00     13.180 0.0000e+00
        373  43.523773    0.02583     1.5500     93.000  1024.9361  50653.899    31.4678     13.270    7.23881     5.0044     5.0210    24.8738   12.96819 9.8422e-01     13.395 0.0000e+00
        374  43.523776    0.02590     1.5542     93.250  1024.9362  50653.417    31.4658     13.478    7.24019     4.9954     5.0136    24.8730   12.97049 9.3893e-01     13.606 0.0000e+00
        375  43.523779    0.02597     1.5583     93.500  1024.9366  50653.441    31.4639     13.683    7.24171     4.9859     5.0054    24.8724   12.97303 9.0180e-01     13.813 0.0000e+00
        376  43.523782    0.02604     1.5625     93.750  1024.9374  50654.324    31.4625     13.885    7.24334     4.9763     4.9964    24.8722   12.97574 8.6483e-01     14.016 0.0000e+00
        377  43.523785    0.02611     1.5667     94.000  1024.9388  50656.342    31.4618     14.083    7.24501     4.9667     4.9870    24.8727   12.97851 8.2551e-01     14.216 0.0000e+00
        378  43.523788    0.02618     1.5708     94.250  1024.9404  50658.778    31.4613     14.278    7.24670     4.9568     4.9774    24.8733   12.98130 7.8690e-01     14.414 0.0000e+00
        379  43.523791    0.02625     1.5750     94.500  1024.9413  50659.994    31.4600     14.471    7.24842     4.9460     4.9678    24.8733   12.98417 7.4821e-01     14.608 0.0000e+00
        380  43.523793    0.02632     1.5792     94.750  1024.9410  50659.231    31.4572     14.661    7.25028     4.9342     4.9579    24.8722   12.98727 7.0539e-01     14.800 0.0000e+00
        381  43.523796    0.02639     1.5833     95.000  1024.9411  50659.110    31.4547     14.850    7.25228     4.9222     4.9471    24.8714   12.99061 6.5788e-01     14.990 0.0000e+00
        382  43.523799    0.02646     1.5875     95.250  1024.9428  50662.166    31.4542     15.037    7.25436     4.9107     4.9353    24.8722   12.99404 6.0741e-01     15.180 0.0000e+00
        383  43.523802    0.02653     1.5917     95.500  1024.9458  50667.594    31.4552     15.224    7.25639     4.9002     4.9233    24.8743   12.99740 5.5481e-01     15.368 0.0000e+00
        384  43.523805    0.02660     1.5958     95.750  1024.9493  50673.889    31.4570     15.411    7.25830     4.8908     4.9118    24.8769   13.00052 5.0290e-01     15.558 0.0000e+00
        385  43.523808    0.02667     1.6000     96.000  1024.9529  50680.249    31.4590     15.601    7.26003     4.8822     4.9013    24.8796   13.00336 4.5511e-01     15.749 0.0000e+00
        386  43.523811    0.02674     1.6042     96.250  1024.9560  50685.624    31.4605     15.793    7.26161     4.8742     4.8919    24.8818   13.00594 4.0977e-01     15.943 0.0000e+00
        387  43.523814    0.02681     1.6083     96.500  1024.9585  50689.629    31.4613     15.989    7.26306     4.8665     4.8833    24.8833   13.00833 3.6324e-01     16.140 0.0000e+00
        388  43.523817    0.02688     1.6125     96.750  1024.9606  50692.969    31.4617     16.189    7.26443     4.8591     4.8754    24.8846   13.01058 3.1363e-01     16.343 0.0000e+00
        389  43.523819    0.02694     1.6167     97.000  1024.9625  50695.771    31.4619     16.394    7.26575     4.8517     4.8678    24.8855   13.01275 2.6021e-01     16.550 0.0000e+00
        390  43.523822    0.02701     1.6208     97.250  1024.9639  50697.634    31.4614     16.603    7.26706     4.8441     4.8604    24.8859   13.01492 2.0536e-01     16.760 0.0000e+00
        391  43.523825    0.02708     1.6250     97.500  1024.9650  50698.898    31.4606     16.814    7.26839     4.8363     4.8530    24.8860   13.01713 1.5459e-01     16.973 0.0000e+00
        392  43.523828    0.02715     1.6292     97.750  1024.9663  50700.448    31.4599     17.027    7.26975     4.8284     4.8454    24.8863   13.01939 1.1310e-01     17.188 0.0000e+00
        393  43.523831    0.02722     1.6333     98.000  1024.9678  50702.511    31.4595     17.240    7.27113     4.8203     4.8376    24.8868   13.02167 8.3438e-02     17.404 0.0000e+00
        394  43.523834    0.02729     1.6375     98.250  1024.9691  50704.183    31.4588     17.454    7.27255     4.8117     4.8297    24.8871   13.02402 6.4616e-02     17.620 0.0000e+00
        395  43.523837    0.02736     1.6417     98.500  1024.9698  50704.843    31.4574     17.669    7.27404     4.8025     4.8215    24.8868   13.02650 5.3322e-02     17.837 0.0000e+00
        396  43.523840    0.02743     1.6458     98.750  1024.9703  50705.105    31.4556     17.886    7.27563     4.7923     4.8129    24.8863   13.02915 4.6546e-02     18.055 0.0000e+00
        397  43.523843    0.02750     1.6500     99.000  1024.9704  50704.725    31.4532     18.104    7.27736     4.7806     4.8037    24.8854   13.03204 4.2480e-02     18.276 0.0000e+00
        398  43.523845    0.02757     1.6542     99.250  1024.9692  50701.892    31.4489     18.324    7.27934     4.7662     4.7936    24.8830   13.03537 4.0041e-02     18.497 0.0000e+00
        399  43.523848    0.02764     1.6583     99.500  1024.9658  50695.523    31.4418     18.544    7.28174     4.7479     4.7819    24.8787   13.03941 3.8578e-02     18.720 0.0000e+00
        400  43.523851    0.02771     1.6625     99.750  1024.9605  50685.910    31.4320     18.764    7.28474     4.7247     4.7675    24.8723   13.04450 3.7699e-02     18.942 0.0000e+00
        401  43.523854    0.02778     1.6667    100.000  1024.9540  50674.556    31.4201     18.982    7.28853     4.6972     4.7492    24.8648   13.05092 3.7172e-02     19.162 0.0000e+00
        402  43.523857    0.02785     1.6708    100.250  1024.9496  50667.729    31.4102     19.194    7.29309     4.6676     4.7261    24.8594   13.05857 3.6856e-02     19.376 0.0000e+00
        403  43.523860    0.02792     1.6750    100.500  1024.9497  50669.984    31.4055     19.398    7.29815     4.6375     4.6986    24.8585   13.06698 3.6666e-02     19.582 0.0000e+00
        404  43.523863    0.02799     1.6792    100.750  1024.9524  50677.322    31.4039     19.593    7.30344     4.6072     4.6690    24.8603   13.07574 3.6553e-02     19.779 0.0000e+00
        405  43.523866    0.02806     1.6833    101.000  1024.9555  50685.604    31.4028     19.777    7.30881     4.5759     4.6388    24.8625   13.08462 3.6485e-02     19.965 0.0000e+00
        406  43.523869    0.02813     1.6875    101.250  1024.9564  50689.884    31.3989     19.951    7.31434     4.5405     4.6086    24.8625   13.09382 3.6444e-02     20.140 0.0000e+00
        407  43.523872    0.02819     1.6917    101.500  1024.9507  50682.549    31.3868     20.118    7.32048     4.4966     4.5773    24.8560   13.10411 3.6419e-02     20.308 0.0000e+00
        408  43.523874    0.02826     1.6958    101.750  1024.9371  50661.167    31.3641     20.280    7.32788     4.4407     4.5419    24.8416   13.11662 3.6404e-02     20.473 0.0000e+00
        409  43.523877    0.02833     1.7000    102.000  1024.9196  50633.956    31.3354     20.443    7.33711     4.3727     4.4980    24.8233   13.13224 3.6395e-02     20.637 0.0000e+00
        410  43.523880    0.02840     1.7042    102.250  1024.9041  50612.329    31.3079     20.610    7.34844     4.2943     4.4421    24.8070   13.15129 3.6390e-02     20.805 0.0000e+00
        411  43.523883    0.02847     1.7083    102.500  1024.8913  50597.595    31.2822     20.785    7.36184     4.2065     4.3741    24.7934   13.17376 3.6387e-02     20.982 0.0000e+00
        412  43.523886    0.02854     1.7125    102.750  1024.8803  50587.888    31.2575     20.972    7.37713     4.1096     4.2957    24.7814   13.19932 3.6385e-02     21.171 0.0000e+00
        413  43.523889    0.02861     1.7167    103.000  1024.8698  50580.732    31.2322     21.172    7.39418     4.0051     4.2079    24.7699   13.22780 3.6384e-02     21.373 0.0000e+00
        414  43.523892    0.02868     1.7208    103.250  1024.8630  50582.316    31.2106     21.386    7.41272     3.8997     4.1110    24.7621   13.25869 3.6383e-02     21.589 0.0000e+00
        415  43.523895    0.02875     1.7250    103.500  1024.8727  50615.925    31.2088     21.613    7.43173     3.8039     4.0064    24.7706   13.29010 3.6383e-02     21.818 0.0000e+00
        416  43.523898    0.02882     1.7292    103.750  1024.9015  50685.568    31.2311     21.850    7.44974     3.7245     3.9011    24.7983   13.31953 3.6382e-02     22.057 0.0000e+00
        417  43.523900    0.02889     1.7333    104.000  1024.9392  50770.236    31.2657     22.093    7.46543     3.6627     3.8053    24.8348   13.34498 3.6382e-02     22.303 0.0000e+00
        418  43.523903    0.02896     1.7375    104.250  1024.9765  50851.469    31.3018     22.339    7.47812     3.6166     3.7258    24.8708   13.36545 3.6382e-02     22.551 0.0000e+00
        419  43.523906    0.02903     1.7417    104.500  1025.0075  50918.290    31.3321     22.584    7.48788     3.5821     3.6641    24.9007   13.38116 3.6382e-02     22.798 0.0000e+00
        420  43.523909    0.02910     1.7458    104.750  1025.0300  50966.676    31.3537     22.824    7.49525     3.5554     3.6179    24.9220   13.39304 3.6382e-02     23.040 0.0000e+00
        421  43.523912    0.02917     1.7500    105.000  1025.0450  50998.927    31.3671     23.057    7.50090     3.5340     3.5835    24.9358   13.40219 3.6382e-02     23.276 0.0000e+00
        422  43.523915    0.02924     1.7542    105.250  1025.0557  51022.102    31.3762     23.279    7.50534     3.5173     3.5568    24.9455   13.40940 3.6382e-02     23.500 0.0000e+00
        423  43.523918    0.02931     1.7583    105.500  1025.0656  51042.824    31.3849     23.488    7.50883     3.5051     3.5354    24.9544   13.41504 3.6382e-02     23.711 0.0000e+00
        424  43.523921    0.02937     1.7625    105.750  1025.0749  51061.882    31.3936     23.677    7.51147     3.4972     3.5187    24.9628   13.41928 3.6382e-02     23.902 0.0000e+00
        425  43.523924    0.02944     1.7667    106.000  1025.0825  51076.941    31.4008     23.841    7.51335     3.4928     3.5065    24.9696   13.42229 3.6382e-02     24.067 0.0000e+00
