CTD-processing/allCTD/CNV--homogene/2015_04-12_t3_s06_cast051.cnv
* Sea-Bird SBE19plus Data File:
* FileName = C:\Users\kris.holderied\Documents\kasitsna\Research-Projects-and-Data\Oceanography-AK\CTD-Data-ALL-to-2015-02\2015-CTD-KachemakBay-CookInlet\2015-04-EVOSTC-CookInlet-quarterly\2015-04-12-CookInlet-Tran3-AnchorPt\20125_04_12_CookInlet_Tran3_cast051.hex
* Software Version 1.59
* Temperature SN =  5028
* Conductivity SN =  5028
* System UpLoad Time = Apr 12 2015 19:53:41
** Cook Inlet LTM Tran3 (Anchor Pt) Southeast to Northwest
** Date: 04-12
** Station: 3-06
** Start time (AKDT): 18:03
** Depth (m): 47
** Comment:  KBL CTD.
** Comment: On R/V Pandalus.
# nquan = 17
# nvalues = 543                         
# units = specified
# name 0 = scan: Scan Count
# name 1 = timeJ: Julian Days
# name 2 = timeH: Time, Elapsed [hours]
# name 3 = timeM: Time, Elapsed [minutes]
# name 4 = timeS: Time, Elapsed [seconds]
# name 5 = density00: Density [density, kg/m^3]
# name 6 = specc: Specific Conductance [uS/cm]
# name 7 = sal00: Salinity, Practical [PSU]
# name 8 = depSM: Depth [salt water, m], lat = 59.00
# name 9 = oxsolML/L: Oxygen Saturation, Garcia & Gordon [ml/l]
# name 10 = potemp090C: Potential Temperature [ITS-90, deg C]
# name 11 = tv290C: Temperature [ITS-90, deg C]
# name 12 = sigma-é00: Density [sigma-theta, kg/m^3]
# name 13 = n2satML/L: Nitrogen Saturation [ml/l]
# name 14 = par: PAR/Irradiance, Biospherical/Licor
# name 15 = prdM: Pressure, Strain Gauge [db]
# name 16 = flag:  0.000e+00
# span 0 =          1,        543       
# span 1 = 102.752176, 102.753744       
# span 2 =    0.00000,    0.03764       
# span 3 =     0.0000,     2.2583       
# span 4 =      0.000,    135.500       
# span 5 =  1000.2741,  1024.5472       
# span 6 =    893.643,  49864.668       
# span 7 =     0.4177,    30.6195       
# span 8 =     -0.208,     46.147       
# span 9 =    7.51300,    9.70864       
# span 10 =     1.7843,     3.7209      
# span 11 =     1.7775,     3.7236      
# span 12 =     0.2751,    24.3289      
# span 13 =   13.43204,   17.54288      
# span 14 = 3.7976e-02, 8.9461e+01      
# span 15 =     -0.210,     46.588      
# span 16 = 0.0000e+00, 0.0000e+00      
# interval = seconds: 0.25
# start_time = Apr 12 2015 18:03:08 [Instrument's time stamp, header]
# bad_flag = -9.990e-29
*END*
[from data line 171]
        172 102.752671    0.01188     0.7125     42.750  1023.6698  48881.145    29.6522      1.454    7.81618     2.4093     2.3999    23.6628   13.94553 1.9292e+01      1.468 0.0000e+00
        173 102.752674    0.01194     0.7167     43.000  1023.6810  48900.682    29.6662      1.533    7.81472     2.4185     2.4035    23.6737   13.94294 1.7822e+01      1.548 0.0000e+00
        174 102.752677    0.01201     0.7208     43.250  1023.6930  48920.747    29.6810      1.631    7.81277     2.4309     2.4094    23.6852   13.93950 1.6263e+01      1.646 0.0000e+00
        175 102.752679    0.01208     0.7250     43.500  1023.7031  48936.413    29.6938      1.738    7.81028     2.4454     2.4185    23.6948   13.93523 1.4837e+01      1.754 0.0000e+00
        176 102.752682    0.01215     0.7292     43.750  1023.7089  48943.182    29.7015      1.848    7.80741     2.4590     2.4310    23.7000   13.93039 1.3707e+01      1.865 0.0000e+00
        177 102.752685    0.01222     0.7333     44.000  1023.7064  48934.035    29.6991      1.954    7.80469     2.4677     2.4455    23.6971   13.92592 1.2922e+01      1.972 0.0000e+00
        178 102.752688    0.01229     0.7375     44.250  1023.6923  48903.356    29.6821      2.051    7.80293     2.4681     2.4591    23.6825   13.92325 1.2452e+01      2.070 0.0000e+00
        179 102.752691    0.01236     0.7417     44.500  1023.6698  48858.180    29.6541      2.136    7.80269     2.4577     2.4679    23.6596   13.92324 1.2279e+01      2.156 0.0000e+00
        180 102.752694    0.01243     0.7458     44.750  1023.6503  48820.913    29.6293      2.205    7.80394     2.4377     2.4683    23.6397   13.92564 1.2412e+01      2.225 0.0000e+00
        181 102.752697    0.01250     0.7500     45.000  1023.6441  48811.616    29.6204      2.255    7.80648     2.4139     2.4578    23.6333   13.92994 1.2868e+01      2.276 0.0000e+00
        182 102.752700    0.01257     0.7542     45.250  1023.6501  48827.700    29.6259      2.283    7.81012     2.3916     2.4378    23.6391   13.93587 1.3675e+01      2.304 0.0000e+00
        183 102.752703    0.01264     0.7583     45.500  1023.6595  48851.517    29.6356      2.286    7.81430     2.3730     2.4140    23.6486   13.94265 1.4855e+01      2.307 0.0000e+00
        184 102.752705    0.01271     0.7625     45.750  1023.6673  48872.090    29.6436      2.262    7.81827     2.3575     2.3917    23.6565   13.94909 1.6408e+01      2.283 0.0000e+00
        185 102.752708    0.01278     0.7667     46.000  1023.6737  48889.373    29.6503      2.209    7.82158     2.3440     2.3731    23.6632   13.95447 1.8280e+01      2.230 0.0000e+00
        186 102.752711    0.01285     0.7708     46.250  1023.6800  48905.884    29.6573      2.129    7.82427     2.3322     2.3576    23.6698   13.95882 2.0321e+01      2.149 0.0000e+00
        187 102.752714    0.01292     0.7750     46.500  1023.6863  48922.155    29.6647      2.024    7.82654     2.3221     2.3441    23.6766   13.96245 2.2264e+01      2.043 0.0000e+00
        188 102.752717    0.01299     0.7792     46.750  1023.6924  48937.636    29.6720      1.899    7.82848     2.3134     2.3323    23.6833   13.96556 2.3739e+01      1.917 0.0000e+00
        189 102.752720    0.01306     0.7833     47.000  1023.6986  48953.134    29.6797      1.764    7.83008     2.3066     2.3221    23.6902   13.96810 2.4407e+01      1.781 0.0000e+00
        190 102.752723    0.01313     0.7875     47.250  1023.7062  48970.765    29.6893      1.628    7.83128     2.3023     2.3135    23.6984   13.96996 2.4313e+01      1.644 0.0000e+00
        191 102.752726    0.01319     0.7917     47.500  1023.7160  48991.994    29.7017      1.505    7.83196     2.3012     2.3067    23.7088   13.97091 2.3970e+01      1.519 0.0000e+00
        192 102.752729    0.01326     0.7958     47.750  1023.7277  49015.917    29.7166      1.408    7.83201     2.3037     2.3024    23.7210   13.97079 2.3668e+01      1.421 0.0000e+00
        193 102.752731    0.01333     0.8000     48.000  1023.7395  49038.847    29.7316      1.349    7.83143     2.3106     2.3013    23.7331   13.96962 2.3169e+01      1.362 0.0000e+00
        194 102.752734    0.01340     0.8042     48.250  1023.7493  49056.570    29.7441      1.335    7.83026     2.3231     2.3038    23.7429   13.96752 2.2230e+01      1.348 0.0000e+00
        195 102.752737    0.01347     0.8083     48.500  1023.7564  49067.846    29.7534      1.368    7.82840     2.3431     2.3107    23.7498   13.96432 2.0835e+01      1.381 0.0000e+00
        196 102.752740    0.01354     0.8125     48.750  1023.7627  49075.865    29.7620      1.442    7.82546     2.3711     2.3232    23.7558   13.95935 1.9105e+01      1.456 0.0000e+00
        197 102.752743    0.01361     0.8167     49.000  1023.7688  49081.142    29.7707      1.552    7.82105     2.4040     2.3432    23.7614   13.95196 1.7245e+01      1.567 0.0000e+00
        198 102.752746    0.01368     0.8208     49.250  1023.7700  49074.899    29.7738      1.689    7.81536     2.4363     2.3712    23.7619   13.94252 1.5475e+01      1.705 0.0000e+00
        199 102.752749    0.01375     0.8250     49.500  1023.7621  49050.210    29.7659      1.843    7.80929     2.4633     2.4041    23.7533   13.93261 1.3981e+01      1.860 0.0000e+00
        200 102.752752    0.01382     0.8292     49.750  1023.7468  49011.789    29.7485      1.999    7.80387     2.4831     2.4364    23.7372   13.92389 1.2909e+01      2.018 0.0000e+00
        201 102.752755    0.01389     0.8333     50.000  1023.7279  48968.110    29.7263      2.144    7.79973     2.4955     2.4634    23.7176   13.91736 1.2357e+01      2.164 0.0000e+00
        202 102.752758    0.01396     0.8375     50.250  1023.7077  48924.179    29.7021      2.263    7.79712     2.5007     2.4832    23.6968   13.91338 1.2355e+01      2.284 0.0000e+00
        203 102.752760    0.01403     0.8417     50.500  1023.6883  48883.979    29.6784      2.347    7.79595     2.4991     2.4956    23.6770   13.91178 1.2869e+01      2.369 0.0000e+00
        204 102.752763    0.01410     0.8458     50.750  1023.6731  48853.856    29.6596      2.389    7.79593     2.4919     2.5008    23.6616   13.91199 1.3825e+01      2.412 0.0000e+00
        205 102.752766    0.01417     0.8500     51.000  1023.6644  48837.948    29.6486      2.387    7.79682     2.4813     2.4992    23.6529   13.91362 1.5129e+01      2.410 0.0000e+00
        206 102.752769    0.01424     0.8542     51.250  1023.6604  48832.609    29.6432      2.342    7.79853     2.4697     2.4920    23.6491   13.91652 1.6656e+01      2.365 0.0000e+00
        207 102.752772    0.01431     0.8583     51.500  1023.6574  48830.462    29.6391      2.261    7.80084     2.4586     2.4814    23.6466   13.92038 1.8235e+01      2.283 0.0000e+00
        208 102.752775    0.01438     0.8625     51.750  1023.6539  48827.599    29.6342      2.153    7.80338     2.4490     2.4698    23.6435   13.92465 1.9638e+01      2.173 0.0000e+00
        209 102.752778    0.01444     0.8667     52.000  1023.6508  48825.769    29.6302      2.029    7.80578     2.4415     2.4587    23.6411   13.92867 2.0662e+01      2.048 0.0000e+00
        210 102.752781    0.01451     0.8708     52.250  1023.6502  48828.186    29.6294      1.902    7.80771     2.4365     2.4491    23.6411   13.93187 2.1204e+01      1.919 0.0000e+00
        211 102.752784    0.01458     0.8750     52.500  1023.6523  48835.016    29.6321      1.780    7.80903     2.4336     2.4416    23.6438   13.93401 2.1265e+01      1.796 0.0000e+00
        212 102.752786    0.01465     0.8792     52.750  1023.6564  48844.877    29.6374      1.674    7.80975     2.4326     2.4366    23.6484   13.93512 2.1010e+01      1.689 0.0000e+00
        213 102.752789    0.01472     0.8833     53.000  1023.6624  48857.616    29.6452      1.589    7.80990     2.4332     2.4337    23.6549   13.93526 2.0731e+01      1.604 0.0000e+00
        214 102.752792    0.01479     0.8875     53.250  1023.6704  48873.200    29.6554      1.532    7.80954     2.4350     2.4327    23.6631   13.93453 2.0616e+01      1.546 0.0000e+00
        215 102.752795    0.01486     0.8917     53.500  1023.6793  48889.976    29.6668      1.503    7.80882     2.4381     2.4333    23.6721   13.93318 2.0577e+01      1.518 0.0000e+00
        216 102.752798    0.01493     0.8958     53.750  1023.6882  48906.152    29.6780      1.504    7.80785     2.4432     2.4351    23.6810   13.93144 2.0364e+01      1.518 0.0000e+00
        217 102.752801    0.01500     0.9000     54.000  1023.6964  48920.507    29.6884      1.532    7.80669     2.4510     2.4382    23.6891   13.92937 1.9797e+01      1.547 0.0000e+00
        218 102.752804    0.01507     0.9042     54.250  1023.7033  48931.564    29.6971      1.587    7.80523     2.4614     2.4433    23.6957   13.92684 1.8880e+01      1.603 0.0000e+00
        219 102.752807    0.01514     0.9083     54.500  1023.7090  48939.666    29.7045      1.667    7.80331     2.4741     2.4511    23.7010   13.92357 1.7761e+01      1.683 0.0000e+00
        220 102.752810    0.01521     0.9125     54.750  1023.7143  48946.027    29.7114      1.767    7.80088     2.4879     2.4615    23.7058   13.91946 1.6654e+01      1.784 0.0000e+00
        221 102.752813    0.01528     0.9167     55.000  1023.7177  48948.315    29.7162      1.882    7.79813     2.5010     2.4742    23.7087   13.91487 1.5694e+01      1.899 0.0000e+00
        222 102.752815    0.01535     0.9208     55.250  1023.7171  48942.829    29.7160      2.002    7.79543     2.5118     2.4880    23.7076   13.91041 1.4931e+01      2.020 0.0000e+00
        223 102.752818    0.01542     0.9250     55.500  1023.7118  48928.479    29.7098      2.119    7.79318     2.5189     2.5011    23.7016   13.90679 1.4433e+01      2.139 0.0000e+00
        224 102.752821    0.01549     0.9292     55.750  1023.7015  48905.601    29.6972      2.223    7.79174     2.5214     2.5119    23.6909   13.90457 1.4271e+01      2.245 0.0000e+00
        225 102.752824    0.01556     0.9333     56.000  1023.6864  48874.836    29.6784      2.304    7.79135     2.5183     2.5190    23.6754   13.90417 1.4478e+01      2.326 0.0000e+00
        226 102.752827    0.01563     0.9375     56.250  1023.6697  48842.655    29.6575      2.353    7.79197     2.5093     2.5215    23.6585   13.90548 1.5072e+01      2.375 0.0000e+00
        227 102.752830    0.01569     0.9417     56.500  1023.6590  48823.335    29.6438      2.362    7.79330     2.4961     2.5184    23.6478   13.90787 1.6047e+01      2.385 0.0000e+00
        228 102.752833    0.01576     0.9458     56.750  1023.6585  48824.905    29.6426      2.331    7.79514     2.4825     2.5094    23.6474   13.91093 1.7342e+01      2.353 0.0000e+00
        229 102.752836    0.01583     0.9500     57.000  1023.6646  48840.284    29.6495      2.261    7.79735     2.4710     2.4962    23.6538   13.91449 1.8831e+01      2.282 0.0000e+00
        230 102.752839    0.01590     0.9542     57.250  1023.6724  48859.069    29.6585      2.160    7.79956     2.4628     2.4826    23.6621   13.91800 2.0316e+01      2.181 0.0000e+00
        231 102.752841    0.01597     0.9583     57.500  1023.6811  48879.328    29.6692      2.040    7.80124     2.4584     2.4711    23.6714   13.92064 2.1550e+01      2.059 0.0000e+00
        232 102.752844    0.01604     0.9625     57.750  1023.6921  48903.076    29.6830      1.914    7.80211     2.4585     2.4629    23.6830   13.92189 2.2371e+01      1.932 0.0000e+00
        233 102.752847    0.01611     0.9667     58.000  1023.7037  48926.849    29.6978      1.793    7.80219     2.4636     2.4585    23.6951   13.92182 2.2869e+01      1.810 0.0000e+00
        234 102.752850    0.01618     0.9708     58.250  1023.7126  48944.425    29.7096      1.689    7.80155     2.4732     2.4586    23.7045   13.92060 2.3244e+01      1.705 0.0000e+00
        235 102.752853    0.01625     0.9750     58.500  1023.7179  48953.777    29.7172      1.610    7.80015     2.4851     2.4637    23.7103   13.91818 2.3511e+01      1.625 0.0000e+00
        236 102.752856    0.01632     0.9792     58.750  1023.7198  48955.149    29.7206      1.559    7.79808     2.4972     2.4732    23.7123   13.91472 2.3588e+01      1.574 0.0000e+00
        237 102.752859    0.01639     0.9833     59.000  1023.7181  48949.156    29.7197      1.537    7.79577     2.5079     2.4852    23.7108   13.91092 2.3466e+01      1.552 0.0000e+00
        238 102.752862    0.01646     0.9875     59.250  1023.7140  48938.443    29.7157      1.539    7.79362     2.5166     2.4973    23.7067   13.90742 2.3173e+01      1.554 0.0000e+00
        239 102.752865    0.01653     0.9917     59.500  1023.7093  48926.719    29.7106      1.562    7.79180     2.5236     2.5079    23.7019   13.90449 2.2703e+01      1.577 0.0000e+00
        240 102.752867    0.01660     0.9958     59.750  1023.7055  48916.971    29.7063      1.602    7.79031     2.5294     2.5166    23.6978   13.90209 2.2027e+01      1.617 0.0000e+00
        241 102.752870    0.01667     1.0000     60.000  1023.7035  48911.090    29.7042      1.658    7.78905     2.5344     2.5237    23.6956   13.90003 2.1127e+01      1.674 0.0000e+00
        242 102.752873    0.01674     1.0042     60.250  1023.7037  48909.315    29.7044      1.729    7.78789     2.5388     2.5295    23.6954   13.89813 2.0015e+01      1.746 0.0000e+00
        243 102.752876    0.01681     1.0083     60.500  1023.7050  48909.878    29.7061      1.815    7.78683     2.5425     2.5345    23.6963   13.89634 1.8783e+01      1.832 0.0000e+00
        244 102.752879    0.01688     1.0125     60.750  1023.7062  48910.248    29.7074      1.910    7.78590     2.5455     2.5388    23.6971   13.89479 1.7596e+01      1.928 0.0000e+00
        245 102.752882    0.01694     1.0167     61.000  1023.7060  48908.167    29.7069      2.007    7.78519     2.5476     2.5426    23.6964   13.89363 1.6602e+01      2.027 0.0000e+00
        246 102.752885    0.01701     1.0208     61.250  1023.7037  48902.341    29.7037      2.101    7.78477     2.5485     2.5456    23.6937   13.89299 1.5914e+01      2.121 0.0000e+00
        247 102.752888    0.01708     1.0250     61.500  1023.6990  48892.374    29.6975      2.183    7.78470     2.5478     2.5476    23.6886   13.89294 1.5613e+01      2.204 0.0000e+00
        248 102.752891    0.01715     1.0292     61.750  1023.6914  48877.388    29.6877      2.245    7.78504     2.5450     2.5485    23.6807   13.89365 1.5754e+01      2.267 0.0000e+00
        249 102.752894    0.01722     1.0333     62.000  1023.6809  48857.574    29.6743      2.280    7.78589     2.5391     2.5479    23.6700   13.89522 1.6351e+01      2.302 0.0000e+00
        250 102.752896    0.01729     1.0375     62.250  1023.6705  48838.730    29.6610      2.283    7.78715     2.5297     2.5451    23.6596   13.89748 1.7367e+01      2.305 0.0000e+00
        251 102.752899    0.01736     1.0417     62.500  1023.6652  48830.569    29.6540      2.251    7.78867     2.5181     2.5392    23.6545   13.90008 1.8715e+01      2.273 0.0000e+00
        252 102.752902    0.01743     1.0458     62.750  1023.6676  48837.916    29.6566      2.187    7.79037     2.5067     2.5298    23.6572   13.90287 2.0273e+01      2.208 0.0000e+00
        253 102.752905    0.01750     1.0500     63.000  1023.6759  48857.185    29.6665      2.096    7.79213     2.4978     2.5182    23.6659   13.90563 2.1884e+01      2.116 0.0000e+00
        254 102.752908    0.01757     1.0542     63.250  1023.6868  48881.293    29.6798      1.987    7.79365     2.4924     2.5068    23.6773   13.90797 2.3360e+01      2.005 0.0000e+00
        255 102.752911    0.01764     1.0583     63.500  1023.6977  48904.912    29.6933      1.869    7.79469     2.4909     2.4979    23.6887   13.90950 2.4516e+01      1.886 0.0000e+00
