CTD-processing/allCTD/CNV--homogene/2015_10-19_t9_s09_cast207.cnv
* Sea-Bird SBE19plus Data File:
* FileName = C:\Users\Kris.Holderied\Documents\kasitsna\Research-KBL\Oceanography-AK\CTD-Data-ALL-to-2015-06\2015-CTD-KachemakBay-CookInlet\2015-10-19-CookInlet-HomerSpit-monthly\2015-10-19-CookInlet-Tran9-cast207.hex
* Software Version 1.59
* Temperature SN =  5028
* Conductivity SN =  5028
* System UpLoad Time = Oct 31 2015 16:28:55
** Cook Inlet LTM Transect 9 Homer Spit monthly

** Date: 10-19
** Station: 9-09
** Start time (AKDT): 14:39
** Depth (m): 81.1
** Comment:  R/V Edgecumbe
** Comment:
# nquan = 17
# nvalues = 634                         
# units = specified
# name 0 = scan: Scan Count
# name 1 = timeJ: Julian Days
# name 2 = timeH: Time, Elapsed [hours]
# name 3 = timeM: Time, Elapsed [minutes]
# name 4 = timeS: Time, Elapsed [seconds]
# name 5 = density00: Density [density, kg/m^3]
# name 6 = specc: Specific Conductance [uS/cm]
# name 7 = sal00: Salinity, Practical [PSU]
# name 8 = depSM: Depth [salt water, m], lat = 59.00
# name 9 = oxsolML/L: Oxygen Saturation, Garcia & Gordon [ml/l]
# name 10 = potemp090C: Potential Temperature [ITS-90, deg C]
# name 11 = tv290C: Temperature [ITS-90, deg C]
# name 12 = sigma-é00: Density [sigma-theta, kg/m^3]
# name 13 = n2satML/L: Nitrogen Saturation [ml/l]
# name 14 = par: PAR/Irradiance, Biospherical/Licor
# name 15 = prdM: Pressure, Strain Gauge [db]
# name 16 = flag:  0.000e+00
# span 0 =          1,        634       
# span 1 = 292.611319, 292.613151       
# span 2 =    0.00000,    0.04396       
# span 3 =     0.0000,     2.6375       
# span 4 =      0.000,    158.250       
# span 5 =  1000.2724,  1023.9701       
# span 6 =   1212.806,  48419.071       
# span 7 =     0.5961,    30.6484       
# span 8 =     -0.108,     72.437       
# span 9 =    6.55268,    8.10745       
# span 10 =     8.7429,     9.6635      
# span 11 =     8.7429,     9.6661      
# span 12 =     0.2729,    23.6380      
# span 13 =   11.84686,   14.85117      
# span 14 = 5.0983e-02, 3.5076e+02      
# span 15 =     -0.109,     73.134      
# span 16 = 0.0000e+00, 0.0000e+00      
# interval = seconds: 0.25
# start_time = Oct 19 2015 14:40:18 [Instrument's time stamp, header]
# bad_flag = -9.990e-29
*END*
[from data line 256]
        257 292.612060    0.01778     1.0667     64.000  1022.2331  45759.527    28.7695      0.782    6.70473     9.1049     9.0991    22.2295   12.11855 1.7050e+02      0.789 0.0000e+00
        258 292.612063    0.01785     1.0708     64.250  1022.2375  45767.942    28.7758      0.775    6.70397     9.1087     9.1023    22.2339   12.11722 1.7219e+02      0.783 0.0000e+00
        259 292.612066    0.01792     1.0750     64.500  1022.2469  45785.598    28.7884      0.759    6.70302     9.1144     9.1050    22.2434   12.11549 1.7396e+02      0.766 0.0000e+00
        260 292.612069    0.01799     1.0792     64.750  1022.2559  45802.815    28.8009      0.736    6.70192     9.1208     9.1088    22.2525   12.11352 1.7576e+02      0.742 0.0000e+00
        261 292.612072    0.01806     1.0833     65.000  1022.2598  45810.666    28.8071      0.709    6.70080     9.1263     9.1145    22.2565   12.11158 1.7791e+02      0.716 0.0000e+00
        262 292.612075    0.01812     1.0875     65.250  1022.2594  45810.796    28.8080      0.684    6.69980     9.1302     9.1209    22.2563   12.10991 1.7978e+02      0.691 0.0000e+00
        263 292.612078    0.01819     1.0917     65.500  1022.2575  45807.828    28.8066      0.662    6.69903     9.1328     9.1264    22.2544   12.10866 1.8143e+02      0.669 0.0000e+00
        264 292.612080    0.01826     1.0958     65.750  1022.2550  45803.878    28.8044      0.645    6.69854     9.1342     9.1303    22.2520   12.10786 1.8326e+02      0.651 0.0000e+00
        265 292.612083    0.01833     1.1000     66.000  1022.2528  45800.166    28.8021      0.631    6.69825     9.1350     9.1329    22.2499   12.10742 1.8537e+02      0.637 0.0000e+00
        266 292.612086    0.01840     1.1042     66.250  1022.2513  45797.587    28.8005      0.617    6.69811     9.1355     9.1343    22.2484   12.10720 1.8820e+02      0.623 0.0000e+00
        267 292.612089    0.01847     1.1083     66.500  1022.2505  45796.290    28.7997      0.601    6.69802     9.1357     9.1351    22.2477   12.10707 1.9117e+02      0.606 0.0000e+00
        268 292.612092    0.01854     1.1125     66.750  1022.2501  45795.842    28.7994      0.580    6.69797     9.1359     9.1355    22.2474   12.10698 1.9347e+02      0.585 0.0000e+00
        269 292.612095    0.01861     1.1167     67.000  1022.2499  45795.654    28.7993      0.557    6.69793     9.1361     9.1358    22.2473   12.10692 1.9386e+02      0.562 0.0000e+00
        270 292.612098    0.01868     1.1208     67.250  1022.2496  45795.220    28.7991      0.540    6.69791     9.1361     9.1360    22.2471   12.10689 1.9269e+02      0.544 0.0000e+00
        271 292.612101    0.01875     1.1250     67.500  1022.2492  45794.533    28.7986      0.532    6.69791     9.1360     9.1361    22.2467   12.10690 1.9203e+02      0.536 0.0000e+00
        272 292.612104    0.01882     1.1292     67.750  1022.2489  45794.009    28.7982      0.530    6.69792     9.1360     9.1361    22.2465   12.10693 1.9198e+02      0.535 0.0000e+00
        273 292.612106    0.01889     1.1333     68.000  1022.2488  45793.963    28.7982      0.529    6.69793     9.1359     9.1361    22.2465   12.10695 1.9262e+02      0.534 0.0000e+00
        274 292.612109    0.01896     1.1375     68.250  1022.2491  45794.397    28.7985      0.524    6.69793     9.1360     9.1360    22.2467   12.10694 1.9294e+02      0.529 0.0000e+00
        275 292.612112    0.01903     1.1417     68.500  1022.2495  45795.163    28.7991      0.520    6.69791     9.1361     9.1360    22.2471   12.10690 1.9240e+02      0.525 0.0000e+00
        276 292.612115    0.01910     1.1458     68.750  1022.2500  45796.231    28.7998      0.519    6.69787     9.1363     9.1361    22.2477   12.10682 1.9225e+02      0.524 0.0000e+00
        277 292.612118    0.01917     1.1500     69.000  1022.2508  45797.663    28.8008      0.523    6.69781     9.1366     9.1362    22.2484   12.10671 1.9153e+02      0.528 0.0000e+00
        278 292.612121    0.01924     1.1542     69.250  1022.2517  45799.258    28.8019      0.529    6.69774     9.1369     9.1363    22.2493   12.10657 1.9075e+02      0.534 0.0000e+00
        279 292.612124    0.01931     1.1583     69.500  1022.2524  45800.486    28.8028      0.535    6.69766     9.1371     9.1366    22.2499   12.10643 1.9130e+02      0.540 0.0000e+00
        280 292.612127    0.01938     1.1625     69.750  1022.2527  45800.994    28.8032      0.538    6.69760     9.1372     9.1369    22.2502   12.10633 1.9150e+02      0.543 0.0000e+00
        281 292.612130    0.01944     1.1667     70.000  1022.2526  45800.885    28.8031      0.538    6.69757     9.1373     9.1371    22.2501   12.10627 1.9150e+02      0.544 0.0000e+00
        282 292.612133    0.01951     1.1708     70.250  1022.2523  45800.420    28.8028      0.537    6.69756     9.1372     9.1373    22.2499   12.10626 1.9187e+02      0.542 0.0000e+00
        283 292.612135    0.01958     1.1750     70.500  1022.2519  45799.658    28.8023      0.536    6.69758     9.1370     9.1373    22.2495   12.10629 1.9163e+02      0.541 0.0000e+00
        284 292.612138    0.01965     1.1792     70.750  1022.2514  45798.677    28.8016      0.537    6.69762     9.1367     9.1372    22.2489   12.10638 1.9078e+02      0.542 0.0000e+00
        285 292.612141    0.01972     1.1833     71.000  1022.2510  45797.893    28.8011      0.538    6.69768     9.1364     9.1370    22.2485   12.10648 1.8877e+02      0.543 0.0000e+00
        286 292.612144    0.01979     1.1875     71.250  1022.2509  45797.750    28.8009      0.539    6.69773     9.1362     9.1367    22.2484   12.10657 1.8670e+02      0.544 0.0000e+00
        287 292.612147    0.01986     1.1917     71.500  1022.2513  45798.407    28.8013      0.540    6.69775     9.1363     9.1364    22.2488   12.10660 1.8636e+02      0.545 0.0000e+00
        288 292.612150    0.01993     1.1958     71.750  1022.2520  45799.702    28.8022      0.540    6.69774     9.1366     9.1363    22.2495   12.10656 1.8662e+02      0.545 0.0000e+00
        289 292.612153    0.02000     1.2000     72.000  1022.2529  45801.250    28.8033      0.541    6.69768     9.1370     9.1363    22.2504   12.10645 1.8691e+02      0.546 0.0000e+00
        290 292.612156    0.02007     1.2042     72.250  1022.2539  45803.059    28.8046      0.546    6.69758     9.1376     9.1366    22.2513   12.10627 1.8738e+02      0.551 0.0000e+00
        291 292.612159    0.02014     1.2083     72.500  1022.2552  45805.515    28.8064      0.560    6.69744     9.1385     9.1370    22.2526   12.10602 1.8637e+02      0.565 0.0000e+00
        292 292.612161    0.02021     1.2125     72.750  1022.2571  45808.888    28.8088      0.585    6.69724     9.1396     9.1377    22.2544   12.10566 1.8256e+02      0.591 0.0000e+00
        293 292.612164    0.02028     1.2167     73.000  1022.2595  45812.918    28.8117      0.624    6.69699     9.1407     9.1385    22.2566   12.10521 1.7614e+02      0.630 0.0000e+00
        294 292.612167    0.02035     1.2208     73.250  1022.2614  45816.244    28.8141      0.677    6.69672     9.1418     9.1396    22.2583   12.10474 1.6894e+02      0.683 0.0000e+00
        295 292.612170    0.02042     1.2250     73.500  1022.2627  45818.225    28.8156      0.743    6.69648     9.1428     9.1408    22.2593   12.10432 1.6279e+02      0.750 0.0000e+00
        296 292.612173    0.02049     1.2292     73.750  1022.2646  45821.123    28.8177      0.827    6.69624     9.1442     9.1418    22.2608   12.10388 1.5664e+02      0.834 0.0000e+00
        297 292.612176    0.02056     1.2333     74.000  1022.2689  45828.302    28.8228      0.931    6.69586     9.1465     9.1429    22.2646   12.10320 1.4870e+02      0.940 0.0000e+00
        298 292.612179    0.02063     1.2375     74.250  1022.2761  45840.739    28.8316      1.058    6.69527     9.1499     9.1443    22.2712   12.10211 1.3939e+02      1.068 0.0000e+00
        299 292.612182    0.02069     1.2417     74.500  1022.2853  45856.670    28.8429      1.208    6.69443     9.1543     9.1466    22.2797   12.10058 1.2971e+02      1.219 0.0000e+00
        300 292.612185    0.02076     1.2458     74.750  1022.2958  45875.006    28.8560      1.379    6.69335     9.1597     9.1500    22.2895   12.09864 1.2005e+02      1.392 0.0000e+00
        301 292.612188    0.02083     1.2500     75.000  1022.3084  45896.998    28.8717      1.571    6.69202     9.1660     9.1544    22.3011   12.09623 1.1107e+02      1.586 0.0000e+00
        302 292.612190    0.02090     1.2542     75.250  1022.3239  45924.370    28.8914      1.778    6.69037     9.1733     9.1598    22.3157   12.09325 1.0311e+02      1.795 0.0000e+00
        303 292.612193    0.02097     1.2583     75.500  1022.3412  45955.119    28.9135      1.993    6.68846     9.1808     9.1662    22.3320   12.08981 9.5962e+01      2.012 0.0000e+00
        304 292.612196    0.02104     1.2625     75.750  1022.3578  45984.541    28.9348      2.215    6.68645     9.1880     9.1735    22.3475   12.08622 8.9439e+01      2.236 0.0000e+00
        305 292.612199    0.02111     1.2667     76.000  1022.3729  46011.367    28.9543      2.440    6.68447     9.1943     9.1811    22.3617   12.08271 8.3470e+01      2.464 0.0000e+00
        306 292.612202    0.02118     1.2708     76.250  1022.3881  46038.199    28.9738      2.669    6.68256     9.1997     9.1882    22.3758   12.07930 7.7939e+01      2.695 0.0000e+00
        307 292.612205    0.02125     1.2750     76.500  1022.4056  46069.111    28.9960      2.900    6.68066     9.2042     9.1946    22.3922   12.07587 7.2791e+01      2.928 0.0000e+00
        308 292.612208    0.02132     1.2792     76.750  1022.4246  46102.763    29.0200      3.130    6.67881     9.2071     9.2001    22.4102   12.07251 6.8076e+01      3.160 0.0000e+00
        309 292.612211    0.02139     1.2833     77.000  1022.4404  46130.467    29.0398      3.358    6.67730     9.2080     9.2045    22.4249   12.06975 6.3797e+01      3.390 0.0000e+00
        310 292.612214    0.02146     1.2875     77.250  1022.4504  46147.318    29.0518      3.584    6.67634     9.2067     9.2075    22.4339   12.06801 5.9836e+01      3.618 0.0000e+00
        311 292.612216    0.02153     1.2917     77.500  1022.4558  46155.548    29.0575      3.811    6.67595     9.2034     9.2084    22.4382   12.06730 5.6088e+01      3.847 0.0000e+00
        312 292.612219    0.02160     1.2958     77.750  1022.4592  46159.883    29.0603      4.041    6.67603     9.1992     9.2071    22.4406   12.06740 5.2556e+01      4.079 0.0000e+00
        313 292.612222    0.02167     1.3000     78.000  1022.4629  46164.493    29.0630      4.273    6.67640     9.1952     9.2038    22.4432   12.06798 4.9299e+01      4.313 0.0000e+00
        314 292.612225    0.02174     1.3042     78.250  1022.4673  46170.472    29.0665      4.503    6.67687     9.1921     9.1996    22.4466   12.06872 4.6343e+01      4.545 0.0000e+00
        315 292.612228    0.02181     1.3083     78.500  1022.4722  46177.320    29.0707      4.727    6.67728     9.1905     9.1957    22.4504   12.06934 4.3647e+01      4.772 0.0000e+00
        316 292.612231    0.02187     1.3125     78.750  1022.4775  46185.138    29.0757      4.945    6.67751     9.1905     9.1927    22.4548   12.06967 4.1157e+01      4.992 0.0000e+00
        317 292.612234    0.02194     1.3167     79.000  1022.4831  46193.576    29.0813      5.160    6.67752     9.1916     9.1910    22.4594   12.06961 3.8856e+01      5.208 0.0000e+00
        318 292.612237    0.02201     1.3208     79.250  1022.4881  46201.081    29.0864      5.368    6.67730     9.1931     9.1910    22.4634   12.06919 3.6760e+01      5.419 0.0000e+00
        319 292.612240    0.02208     1.3250     79.500  1022.4917  46206.127    29.0900      5.567    6.67697     9.1941     9.1922    22.4660   12.06860 3.4897e+01      5.620 0.0000e+00
        320 292.612242    0.02215     1.3292     79.750  1022.4937  46208.580    29.0918      5.752    6.67666     9.1938     9.1937    22.4672   12.06806 3.3266e+01      5.806 0.0000e+00
        321 292.612245    0.02222     1.3333     80.000  1022.4951  46209.958    29.0928      5.921    6.67648     9.1924     9.1946    22.4679   12.06774 3.1825e+01      5.977 0.0000e+00
        322 292.612248    0.02229     1.3375     80.250  1022.4971  46212.402    29.0944      6.079    6.67644     9.1899     9.1944    22.4692   12.06766 3.0514e+01      6.136 0.0000e+00
        323 292.612251    0.02236     1.3417     80.500  1022.5007  46217.579    29.0978      6.231    6.67651     9.1863     9.1930    22.4720   12.06773 2.9282e+01      6.289 0.0000e+00
        324 292.612254    0.02243     1.3458     80.750  1022.5065  46226.890    29.1039      6.382    6.67662     9.1817     9.1905    22.4772   12.06783 2.8086e+01      6.442 0.0000e+00
        325 292.612257    0.02250     1.3500     81.000  1022.5163  46243.280    29.1148      6.539    6.67668     9.1767     9.1870    22.4862   12.06780 2.6891e+01      6.601 0.0000e+00
        326 292.612260    0.02257     1.3542     81.250  1022.5329  46272.021    29.1342      6.705    6.67653     9.1735     9.1824    22.5020   12.06733 2.5674e+01      6.769 0.0000e+00
        327 292.612263    0.02264     1.3583     81.500  1022.5586  46317.257    29.1650      6.885    6.67594     9.1744     9.1774    22.5268   12.06597 2.4436e+01      6.951 0.0000e+00
        328 292.612266    0.02271     1.3625     81.750  1022.5930  46378.798    29.2074      7.080    6.67459     9.1801     9.1743    22.5604   12.06321 2.3183e+01      7.147 0.0000e+00
        329 292.612269    0.02278     1.3667     82.000  1022.6343  46453.056    29.2592      7.288    6.67224     9.1901     9.1751    22.6007   12.05867 2.1922e+01      7.357 0.0000e+00
        330 292.612271    0.02285     1.3708     82.250  1022.6781  46532.329    29.3151      7.509    6.66897     9.2021     9.1809    22.6435   12.05257 2.0661e+01      7.580 0.0000e+00
        331 292.612274    0.02292     1.3750     82.500  1022.7203  46608.896    29.3696      7.741    6.66515     9.2144     9.1908    22.6847   12.04556 1.9416e+01      7.814 0.0000e+00
        332 292.612277    0.02299     1.3792     82.750  1022.7599  46680.789    29.4212      7.982    6.66114     9.2269     9.2029    22.7231   12.03828 1.8213e+01      8.057 0.0000e+00
        333 292.612280    0.02306     1.3833     83.000  1022.7971  46748.285    29.4697      8.226    6.65722     9.2407     9.2153    22.7592   12.03119 1.7076e+01      8.304 0.0000e+00
        334 292.612283    0.02313     1.3875     83.250  1022.8321  46811.778    29.5155      8.472    6.65340     9.2565     9.2278    22.7930   12.02430 1.6005e+01      8.552 0.0000e+00
        335 292.612286    0.02319     1.3917     83.500  1022.8643  46870.234    29.5579      8.719    6.64954     9.2738     9.2416    22.8241   12.01738 1.4988e+01      8.802 0.0000e+00
        336 292.612289    0.02326     1.3958     83.750  1022.8934  46923.101    29.5967      8.970    6.64554     9.2922     9.2574    22.8520   12.01027 1.4022e+01      9.054 0.0000e+00
        337 292.612292    0.02333     1.4000     84.000  1022.9192  46970.215    29.6317      9.222    6.64147     9.3111     9.2747    22.8767   12.00311 1.3114e+01      9.309 0.0000e+00
        338 292.612295    0.02340     1.4042     84.250  1022.9402  47008.489    29.6607      9.472    6.63751     9.3301     9.2932    22.8966   11.99618 1.2270e+01      9.562 0.0000e+00
        339 292.612297    0.02347     1.4083     84.500  1022.9568  47038.887    29.6843      9.721    6.63370     9.3492     9.3121    22.9121   11.98958 1.1488e+01      9.812 0.0000e+00
        340 292.612300    0.02354     1.4125     84.750  1022.9715  47065.630    29.7053      9.967    6.63000     9.3683     9.3311    22.9256   11.98320 1.0759e+01     10.061 0.0000e+00
