CTD-processing/allCTD/CNV--homogene/2015_07-10_subbays_bearb_cast285.cnv
* Sea-Bird SBE19plus Data File:
* FileName = C:\Users\Kris.Holderied\Documents\kasitsna\Research-KBL\Oceanography-AK\CTD-Data-ALL-to-2015-10\2015-CTD-KachemakBay-CookInlet\2015-07-10-KachemakBay-Subbays\2015-07-10-KachemakBay-subbays-cast285.hex
* Software Version 1.59
* Temperature SN =  4141
* Conductivity SN =  4141
* System UpLoad Time = Nov 02 2015 20:01:55
** Kachemak Bay Intensive Survey - Sub-bays

** Date: 07-10
** Station: Bear B
** Start time (AKDT): 13:47
** Depth (m): 24.1
** Comment:  Survey included T9, sub-bays and along-bay line on two boats.
** Comment: R/V Barnacle. KBRR CTD.  Seldovia done with other boat.
# nquan = 17
# nvalues = 447                         
# units = specified
# name 0 = scan: Scan Count
# name 1 = timeJ: Julian Days
# name 2 = timeH: Time, Elapsed [hours]
# name 3 = timeM: Time, Elapsed [minutes]
# name 4 = timeS: Time, Elapsed [seconds]
# name 5 = density00: Density [density, kg/m^3]
# name 6 = specc: Specific Conductance [uS/cm]
# name 7 = sal00: Salinity, Practical [PSU]
# name 8 = depSM: Depth [salt water, m], lat = 59.00
# name 9 = oxsolML/L: Oxygen Saturation, Garcia & Gordon [ml/l]
# name 10 = potemp090C: Potential Temperature [ITS-90, deg C]
# name 11 = tv290C: Temperature [ITS-90, deg C]
# name 12 = sigma-é00: Density [sigma-theta, kg/m^3]
# name 13 = n2satML/L: Nitrogen Saturation [ml/l]
# name 14 = par: PAR/Irradiance, Biospherical/Licor
# name 15 = prdM: Pressure, Strain Gauge [db]
# name 16 = flag:  0.000e+00
# span 0 =          1,        447       
# span 1 = 191.574711, 191.576001       
# span 2 =    0.00000,    0.03097       
# span 3 =     0.0000,     1.8583       
# span 4 =      0.000,    111.500       
# span 5 =   999.7064,  1024.2362       
# span 6 =    623.117,  49206.165       
# span 7 =     0.3010,    31.0264       
# span 8 =     -0.152,     21.416       
# span 9 =    6.53123,    7.48685       
# span 10 =     8.1066,    13.0416      
# span 11 =     8.1083,    13.0416      
# span 12 =    -0.2929,    24.1377      
# span 13 =   11.91809,   13.80635      
# span 14 = 3.1852e-01, 6.6345e+02      
# span 15 =     -0.154,     21.619      
# span 16 = 0.0000e+00, 0.0000e+00      
# interval = seconds: 0.25
# start_time = Jul 10 2015 13:47:35 [Instrument's time stamp, header]
# bad_flag = -9.990e-29
*END*
[from data line 426]
        427 191.575943    0.02958     1.7750    106.500  1024.2242  49195.783    31.0187     19.820    6.75554     8.1144     8.1157    24.1326   12.17498 5.4981e-01     20.008 0.0000e+00
        428 191.575946    0.02965     1.7792    106.750  1024.2251  49196.488    31.0192     19.935    6.75546     8.1146     8.1161    24.1330   12.17484 5.2807e-01     20.125 0.0000e+00
        429 191.575949    0.02972     1.7833    107.000  1024.2262  49197.610    31.0200     20.057    6.75539     8.1148     8.1163    24.1335   12.17471 5.0579e-01     20.248 0.0000e+00
        430 191.575952    0.02979     1.7875    107.250  1024.2277  49199.259    31.0211     20.191    6.75531     8.1151     8.1165    24.1344   12.17457 4.8239e-01     20.383 0.0000e+00
        431 191.575955    0.02986     1.7917    107.500  1024.2292  49200.874    31.0222     20.339    6.75523     8.1155     8.1167    24.1352   12.17443 4.5791e-01     20.532 0.0000e+00
        432 191.575958    0.02993     1.7958    107.750  1024.2306  49202.142    31.0231     20.499    6.75515     8.1160     8.1170    24.1359   12.17428 4.3301e-01     20.693 0.0000e+00
        433 191.575961    0.03000     1.8000    108.000  1024.2319  49203.288    31.0239     20.665    6.75505     8.1166     8.1174    24.1364   12.17411 4.0863e-01     20.861 0.0000e+00
        434 191.575964    0.03007     1.8042    108.250  1024.2332  49204.421    31.0247     20.831    6.75494     8.1175     8.1180    24.1370   12.17391 3.8593e-01     21.029 0.0000e+00
        435 191.575966    0.03014     1.8083    108.500  1024.2344  49205.369    31.0254     20.989    6.75481     8.1185     8.1187    24.1374   12.17368 3.6637e-01     21.188 0.0000e+00
        436 191.575969    0.03021     1.8125    108.750  1024.2352  49205.820    31.0258     21.126    6.75465     8.1195     8.1195    24.1376   12.17342 3.5156e-01     21.327 0.0000e+00
        437 191.575972    0.03028     1.8167    109.000  1024.2356  49205.859    31.0259     21.229    6.75449     8.1206     8.1205    24.1376   12.17316 3.4220e-01     21.431 0.0000e+00
        438 191.575975    0.03035     1.8208    109.250  1024.2360  49206.021    31.0261     21.293    6.75433     8.1219     8.1215    24.1376   12.17288 3.3716e-01     21.495 0.0000e+00
        439 191.575978    0.03042     1.8250    109.500  1024.2362  49206.165    31.0264     21.326    6.75414     8.1231     8.1226    24.1377   12.17258 3.3427e-01     21.528 0.0000e+00
        440 191.575981    0.03049     1.8292    109.750  1024.2358  49205.420    31.0261     21.342    6.75396     8.1241     8.1239    24.1372   12.17228 3.3231e-01     21.544 0.0000e+00
        441 191.575984    0.03056     1.8333    110.000  1024.2349  49203.772    31.0251     21.350    6.75382     8.1246     8.1251    24.1363   12.17205 3.3106e-01     21.552 0.0000e+00
        442 191.575987    0.03062     1.8375    110.250  1024.2340  49202.206    31.0242     21.353    6.75372     8.1249     8.1261    24.1354   12.17189 3.2996e-01     21.556 0.0000e+00
        443 191.575990    0.03069     1.8417    110.500  1024.2335  49201.144    31.0235     21.358    6.75366     8.1250     8.1267    24.1348   12.17180 3.2809e-01     21.561 0.0000e+00
        444 191.575992    0.03076     1.8458    110.750  1024.2331  49200.373    31.0230     21.370    6.75363     8.1249     8.1270    24.1344   12.17177 3.2517e-01     21.573 0.0000e+00
        445 191.575995    0.03083     1.8500    111.000  1024.2331  49200.177    31.0229     21.389    6.75363     8.1248     8.1270    24.1343   12.17177 3.2186e-01     21.592 0.0000e+00
        446 191.575998    0.03090     1.8542    111.250  1024.2334  49200.760    31.0232     21.408    6.75362 -9.990e-29     8.1270    24.1346   12.17175 3.1939e-01     21.611 0.0000e+00
        447 191.576001    0.03097     1.8583    111.500  1024.2337  49201.202    31.0235     21.416    6.75362 -9.990e-29     8.1269    24.1348   12.17174 3.1852e-01     21.619 0.0000e+00
