CTD-processing/allCTD/CNV--homogene/2015_02-24_t7_s15_cast254.cnv
* Sea-Bird SBE19plus Data File:
* FileName = C:\Users\amdoroff\Desktop\2015_02_24_CookInlet_Tran7_Augustine\2015_02_24_CookInlet_Tran7_cast254.hex
* Software Version 1.59
* Temperature SN =  4141
* Conductivity SN =  4141
* System UpLoad Time = Feb 24 2015 13:11:19
** Cook Inlet LTM Tran7 Augustine E to W
** Date 02-24
** Station: 7-15
** Start Time (AKST): 08:06
** Depth (m):  74
** Comment:
** Comment: On R/V Pandalus.
# nquan = 17
# nvalues = 570                         
# units = specified
# name 0 = scan: Scan Count
# name 1 = timeJ: Julian Days
# name 2 = timeH: Time, Elapsed [hours]
# name 3 = timeM: Time, Elapsed [minutes]
# name 4 = timeS: Time, Elapsed [seconds]
# name 5 = density00: Density [density, kg/m^3]
# name 6 = specc: Specific Conductance [uS/cm]
# name 7 = sal00: Salinity, Practical [PSU]
# name 8 = depSM: Depth [salt water, m], lat = 59.00
# name 9 = oxsolML/L: Oxygen Saturation, Garcia & Gordon [ml/l]
# name 10 = potemp090C: Potential Temperature [ITS-90, deg C]
# name 11 = tv290C: Temperature [ITS-90, deg C]
# name 12 = sigma-é00: Density [sigma-theta, kg/m^3]
# name 13 = n2satML/L: Nitrogen Saturation [ml/l]
# name 14 = par: PAR/Irradiance, Biospherical/Licor
# name 15 = prdM: Pressure, Strain Gauge [db]
# name 16 = flag:  0.000e+00
# span 0 =          1,        570       
# span 1 =  55.338090,  55.339737       
# span 2 =    0.00000,    0.03951       
# span 3 =     0.0000,     2.3708       
# span 4 =      0.000,    142.250       
# span 5 =  1000.7811,  1025.2347       
# span 6 =   2044.888,  50846.009       
# span 7 =     1.0022,    31.7630       
# span 8 =      0.027,     72.783       
# span 9 =    7.05162,    9.22892       
# span 10 =     3.5103,     6.0704      
# span 11 =     3.5103,     6.0761      
# span 12 =     0.7810,    25.0217      
# span 13 =   12.65669,   16.72981      
# span 14 = 3.6382e-02, 1.0792e+00      
# span 15 =      0.027,     73.482      
# span 16 = 0.0000e+00, 0.0000e+00      
# interval = seconds: 0.25
# start_time = Feb 24 2015 08:06:51 [Instrument's time stamp, header]
# bad_flag = -9.990e-29
*END*
[from data line 86]
         87  55.338339    0.00597     0.3583     21.500  1024.8132  50437.095    31.5254      1.286    7.06877     6.0035     6.0069    24.8072   12.68656 4.9770e-01      1.298 0.0000e+00
         88  55.338342    0.00604     0.3625     21.750  1024.8102  50431.803    31.5214      1.284    7.06925     6.0027     6.0051    24.8042   12.68742 4.8812e-01      1.296 0.0000e+00
         89  55.338345    0.00611     0.3667     22.000  1024.8073  50426.581    31.5175      1.281    7.06968     6.0027     6.0036    24.8014   12.68817 4.6255e-01      1.293 0.0000e+00
         90  55.338348    0.00618     0.3708     22.250  1024.8068  50425.641    31.5167      1.278    7.06986     6.0034     6.0028    24.8008   12.68848 4.3547e-01      1.290 0.0000e+00
         91  55.338351    0.00625     0.3750     22.500  1024.8092  50430.193    31.5198      1.275    7.06972     6.0043     6.0028    24.8033   12.68820 4.2172e-01      1.287 0.0000e+00
         92  55.338354    0.00632     0.3792     22.750  1024.8125  50436.026    31.5240      1.275    7.06941     6.0051     6.0035    24.8065   12.68764 4.2070e-01      1.287 0.0000e+00
         93  55.338356    0.00639     0.3833     23.000  1024.8140  50438.815    31.5261      1.279    7.06915     6.0054     6.0044    24.8081   12.68719 4.2752e-01      1.291 0.0000e+00
         94  55.338359    0.00646     0.3875     23.250  1024.8131  50436.925    31.5249      1.289    7.06909     6.0052     6.0052    24.8070   12.68710 4.3264e-01      1.301 0.0000e+00
         95  55.338362    0.00653     0.3917     23.500  1024.8091  50429.603    31.5199      1.303    7.06927     6.0047     6.0055    24.8030   12.68747 4.3017e-01      1.315 0.0000e+00
         96  55.338365    0.00660     0.3958     23.750  1024.8020  50416.362    31.5108      1.321    7.06972     6.0037     6.0053    24.7958   12.68833 4.2762e-01      1.333 0.0000e+00
         97  55.338368    0.00667     0.4000     24.000  1024.7913  50396.622    31.4970      1.342    7.07046     6.0022     6.0048    24.7850   12.68972 4.2808e-01      1.355 0.0000e+00
         98  55.338371    0.00674     0.4042     24.250  1024.7764  50369.238    31.4779      1.366    7.07152     5.9999     6.0038    24.7700   12.69171 4.2704e-01      1.379 0.0000e+00
         99  55.338374    0.00681     0.4083     24.500  1024.7564  50332.504    31.4522      1.389    7.07298     5.9969     6.0023    24.7499   12.69446 4.2681e-01      1.403 0.0000e+00
        100  55.338377    0.00688     0.4125     24.750  1024.7316  50286.913    31.4202      1.408    7.07486     5.9939     6.0000    24.7250   12.69797 4.2946e-01      1.422 0.0000e+00
        101  55.338380    0.00694     0.4167     25.000  1024.7062  50240.590    31.3876      1.419    7.07688     5.9916     5.9970    24.6996   12.70173 4.3366e-01      1.433 0.0000e+00
        102  55.338383    0.00701     0.4208     25.250  1024.6876  50206.529    31.3635      1.420    7.07852     5.9901     5.9940    24.6809   12.70474 4.3980e-01      1.434 0.0000e+00
        103  55.338385    0.00708     0.4250     25.500  1024.6799  50192.652    31.3534      1.409    7.07938     5.9891     5.9917    24.6733   12.70628 4.4881e-01      1.423 0.0000e+00
        104  55.338388    0.00715     0.4292     25.750  1024.6839  50200.395    31.3585      1.389    7.07939     5.9888     5.9902    24.6775   12.70624 4.6052e-01      1.402 0.0000e+00
        105  55.338391    0.00722     0.4333     26.000  1024.6968  50224.314    31.3749      1.361    7.07878     5.9894     5.9893    24.6905   12.70502 4.6987e-01      1.374 0.0000e+00
        106  55.338394    0.00729     0.4375     26.250  1024.7115  50251.544    31.3936      1.330    7.07794     5.9905     5.9890    24.7053   12.70340 4.7380e-01      1.343 0.0000e+00
        107  55.338397    0.00736     0.4417     26.500  1024.7221  50271.164    31.4073      1.300    7.07722     5.9915     5.9895    24.7161   12.70203 4.7725e-01      1.312 0.0000e+00
        108  55.338400    0.00743     0.4458     26.750  1024.7262  50278.709    31.4127      1.273    7.07678     5.9918     5.9906    24.7202   12.70123 4.8288e-01      1.285 0.0000e+00
        109  55.338403    0.00750     0.4500     27.000  1024.7228  50272.637    31.4088      1.251    7.07680     5.9909     5.9916    24.7169   12.70131 4.9078e-01      1.263 0.0000e+00
        110  55.338406    0.00757     0.4542     27.250  1024.7121  50253.129    31.3954      1.233    7.07738     5.9890     5.9919    24.7063   12.70244 4.9354e-01      1.245 0.0000e+00
        111  55.338409    0.00764     0.4583     27.500  1024.6969  50225.564    31.3761      1.219    7.07843     5.9870     5.9909    24.6913   12.70443 4.8087e-01      1.231 0.0000e+00
        112  55.338411    0.00771     0.4625     27.750  1024.6845  50202.933    31.3601      1.209    7.07950     5.9859     5.9890    24.6789   12.70640 4.5779e-01      1.220 0.0000e+00
        113  55.338414    0.00778     0.4667     28.000  1024.6820  50198.529    31.3567      1.203    7.08000     5.9859     5.9870    24.6764   12.70726 4.3568e-01      1.215 0.0000e+00
        114  55.338417    0.00785     0.4708     28.250  1024.6926  50217.951    31.3699      1.205    7.07956     5.9870     5.9859    24.6870   12.70637 4.2045e-01      1.216 0.0000e+00
        115  55.338420    0.00792     0.4750     28.500  1024.7127  50254.855    31.3954      1.215    7.07836     5.9887     5.9860    24.7071   12.70406 4.1094e-01      1.226 0.0000e+00
        116  55.338423    0.00799     0.4792     28.750  1024.7341  50293.776    31.4225      1.234    7.07691     5.9906     5.9870    24.7284   12.70132 4.0337e-01      1.246 0.0000e+00
        117  55.338426    0.00806     0.4833     29.000  1024.7506  50323.773    31.4436      1.262    7.07562     5.9920     5.9888    24.7448   12.69893 3.9689e-01      1.274 0.0000e+00
        118  55.338429    0.00813     0.4875     29.250  1024.7612  50342.753    31.4571      1.297    7.07467     5.9924     5.9907    24.7552   12.69719 3.9224e-01      1.309 0.0000e+00
        119  55.338432    0.00819     0.4917     29.500  1024.7659  50350.945    31.4630      1.338    7.07416     5.9912     5.9921    24.7597   12.69626 3.9125e-01      1.351 0.0000e+00
        120  55.338435    0.00826     0.4958     29.750  1024.7637  50346.577    31.4600      1.382    7.07423     5.9872     5.9925    24.7573   12.69642 3.9666e-01      1.395 0.0000e+00
        121  55.338437    0.00833     0.5000     30.000  1024.7524  50325.672    31.4453      1.424    7.07514     5.9792     5.9913    24.7458   12.69811 4.0965e-01      1.438 0.0000e+00
        122  55.338440    0.00840     0.5042     30.250  1024.7304  50285.269    31.4165      1.457    7.07715     5.9656     5.9873    24.7236   12.70179 4.2650e-01      1.470 0.0000e+00
        123  55.338443    0.00847     0.5083     30.500  1024.7006  50230.982    31.3775      1.475    7.08031     5.9435     5.9794    24.6937   12.70752 4.4047e-01      1.489 0.0000e+00
        124  55.338446    0.00854     0.5125     30.750  1024.6712  50178.047    31.3382      1.479    7.08443     5.9096     5.9657    24.6643   12.71482 4.5248e-01      1.493 0.0000e+00
        125  55.338449    0.00861     0.5167     31.000  1024.6521  50144.650    31.3108      1.467    7.08941     5.8639     5.9436    24.6453   12.72340 4.7169e-01      1.482 0.0000e+00
        126  55.338452    0.00868     0.5208     31.250  1024.6527  50148.099    31.3066      1.442    7.09528     5.8118     5.9097    24.6459   12.73315 4.8919e-01      1.456 0.0000e+00
        127  55.338455    0.00875     0.5250     31.500  1024.6753  50193.122    31.3287      1.404    7.10189     5.7618     5.8640    24.6688   12.74380 4.8983e-01      1.418 0.0000e+00
        128  55.338458    0.00882     0.5292     31.750  1024.7126  50265.533    31.3685      1.358    7.10875     5.7207     5.8119    24.7063   12.75462 4.8597e-01      1.371 0.0000e+00
        129  55.338461    0.00889     0.5333     32.000  1024.7536  50344.634    31.4133      1.309    7.11502     5.6909     5.7619    24.7475   12.76441 4.8696e-01      1.321 0.0000e+00
        130  55.338464    0.00896     0.5375     32.250  1024.7908  50416.322    31.4546      1.261    7.11997     5.6720     5.7208    24.7850   12.77206 4.8392e-01      1.273 0.0000e+00
        131  55.338466    0.00903     0.5417     32.500  1024.8224  50476.729    31.4904      1.217    7.12328     5.6625     5.6910    24.8167   12.77708 4.7294e-01      1.229 0.0000e+00
        132  55.338469    0.00910     0.5458     32.750  1024.8492  50527.712    31.5219      1.183    7.12497     5.6613     5.6721    24.8437   12.77947 4.5565e-01      1.195 0.0000e+00
        133  55.338472    0.00917     0.5500     33.000  1024.8718  50570.035    31.5492      1.162    7.12528     5.6692     5.6626    24.8664   12.77963 4.3593e-01      1.174 0.0000e+00
        134  55.338475    0.00924     0.5542     33.250  1024.8885  50600.770    31.5702      1.157    7.12449     5.6885     5.6614    24.8831   12.77805 4.1990e-01      1.168 0.0000e+00
        135  55.338478    0.00931     0.5583     33.500  1024.8974  50616.310    31.5825      1.167    7.12258     5.7192     5.6693    24.8919   12.77474 4.0898e-01      1.178 0.0000e+00
        136  55.338481    0.00937     0.5625     33.750  1024.8980  50615.770    31.5860      1.192    7.11918     5.7567     5.6885    24.8925   12.76908 3.9955e-01      1.203 0.0000e+00
        137  55.338484    0.00944     0.5667     34.000  1024.8916  50601.302    31.5821      1.228    7.11419     5.7944     5.7193    24.8859   12.76090 3.8919e-01      1.239 0.0000e+00
        138  55.338487    0.00951     0.5708     34.250  1024.8792  50575.445    31.5717      1.270    7.10838     5.8273     5.7568    24.8733   12.75143 3.7883e-01      1.283 0.0000e+00
        139  55.338490    0.00958     0.5750     34.500  1024.8599  50536.936    31.5526      1.315    7.10295     5.8519     5.7945    24.8538   12.74271 3.7179e-01      1.328 0.0000e+00
        140  55.338492    0.00965     0.5792     34.750  1024.8316  50482.378    31.5215      1.357    7.09892     5.8668     5.8273    24.8253   12.73644 3.7091e-01      1.370 0.0000e+00
        141  55.338495    0.00972     0.5833     35.000  1024.7951  50413.284    31.4786      1.392    7.09681     5.8714     5.8520    24.7886   12.73349 3.7594e-01      1.406 0.0000e+00
        142  55.338498    0.00979     0.5875     35.250  1024.7566  50341.446    31.4319      1.418    7.09652     5.8645     5.8669    24.7499   12.73360 3.8470e-01      1.432 0.0000e+00
        143  55.338501    0.00986     0.5917     35.500  1024.7249  50282.970    31.3924      1.433    7.09761     5.8451     5.8715    24.7182   12.73592 3.9605e-01      1.446 0.0000e+00
        144  55.338504    0.00993     0.5958     35.750  1024.7064  50249.509    31.3679      1.436    7.09992     5.8163     5.8646    24.6997   12.74003 4.1156e-01      1.449 0.0000e+00
        145  55.338507    0.01000     0.6000     36.000  1024.7053  50248.896    31.3637      1.429    7.10336     5.7852     5.8453    24.6986   12.74577 4.3358e-01      1.443 0.0000e+00
        146  55.338510    0.01007     0.6042     36.250  1024.7209  50279.586    31.3792      1.416    7.10745     5.7582     5.8165    24.7143   12.75234 4.5860e-01      1.430 0.0000e+00
        147  55.338513    0.01014     0.6083     36.500  1024.7463  50328.689    31.4070      1.399    7.11136     5.7381     5.7853    24.7398   12.75845 4.7658e-01      1.412 0.0000e+00
        148  55.338516    0.01021     0.6125     36.750  1024.7734  50380.425    31.4373      1.380    7.11447     5.7246     5.7583    24.7670   12.76320 4.8305e-01      1.393 0.0000e+00
        149  55.338519    0.01028     0.6167     37.000  1024.7952  50421.967    31.4620      1.361    7.11668     5.7157     5.7382    24.7889   12.76653 4.8858e-01      1.374 0.0000e+00
        150  55.338521    0.01035     0.6208     37.250  1024.8084  50447.428    31.4769      1.341    7.11824     5.7095     5.7247    24.8022   12.76892 4.9491e-01      1.354 0.0000e+00
        151  55.338524    0.01042     0.6250     37.500  1024.8134  50457.430    31.4821      1.320    7.11949     5.7053     5.7158    24.8073   12.77093 4.8923e-01      1.332 0.0000e+00
        152  55.338527    0.01049     0.6292     37.750  1024.8127  50456.676    31.4804      1.297    7.12062     5.7034     5.7096    24.8066   12.77280 4.7417e-01      1.309 0.0000e+00
        153  55.338530    0.01056     0.6333     38.000  1024.8103  50452.918    31.4770      1.272    7.12148     5.7044     5.7054    24.8044   12.77427 4.5842e-01      1.284 0.0000e+00
        154  55.338533    0.01063     0.6375     38.250  1024.8104  50453.306    31.4769      1.248    7.12180     5.7086     5.7035    24.8046   12.77480 4.4341e-01      1.260 0.0000e+00
        155  55.338536    0.01069     0.6417     38.500  1024.8151  50462.054    31.4831      1.227    7.12135     5.7170     5.7045    24.8094   12.77397 4.3087e-01      1.239 0.0000e+00
        156  55.338539    0.01076     0.6458     38.750  1024.8255  50480.834    31.4969      1.214    7.11998     5.7311     5.7087    24.8198   12.77154 4.2249e-01      1.225 0.0000e+00
        157  55.338542    0.01083     0.6500     39.000  1024.8389  50504.880    31.5152      1.211    7.11771     5.7521     5.7171    24.8333   12.76756 4.1738e-01      1.223 0.0000e+00
        158  55.338545    0.01090     0.6542     39.250  1024.8488  50521.954    31.5298      1.219    7.11465     5.7783     5.7312    24.8432   12.76231 4.1240e-01      1.231 0.0000e+00
        159  55.338547    0.01097     0.6583     39.500  1024.8497  50521.832    31.5338      1.237    7.11093     5.8054     5.7522    24.8439   12.75611 4.0630e-01      1.248 0.0000e+00
        160  55.338550    0.01104     0.6625     39.750  1024.8409  50503.559    31.5264      1.260    7.10689     5.8295     5.7784    24.8350   12.74953 4.0007e-01      1.271 0.0000e+00
        161  55.338553    0.01111     0.6667     40.000  1024.8248  50472.012    31.5100      1.285    7.10312     5.8484     5.8055    24.8188   12.74352 3.9472e-01      1.297 0.0000e+00
        162  55.338556    0.01118     0.6708     40.250  1024.8040  50431.980    31.4871      1.310    7.10015     5.8607     5.8296    24.7979   12.73891 3.9186e-01      1.323 0.0000e+00
        163  55.338559    0.01125     0.6750     40.500  1024.7799  50386.245    31.4592      1.334    7.09831     5.8663     5.8485    24.7737   12.73622 3.9264e-01      1.346 0.0000e+00
        164  55.338562    0.01132     0.6792     40.750  1024.7537  50337.102    31.4277      1.353    7.09774     5.8664     5.8608    24.7474   12.73568 3.9700e-01      1.366 0.0000e+00
        165  55.338565    0.01139     0.6833     41.000  1024.7276  50288.733    31.3954      1.369    7.09832     5.8617     5.8664    24.7212   12.73703 4.0647e-01      1.381 0.0000e+00
        166  55.338568    0.01146     0.6875     41.250  1024.7044  50246.051    31.3660      1.379    7.09970     5.8506     5.8665    24.6979   12.73969 4.2295e-01      1.391 0.0000e+00
        167  55.338571    0.01153     0.6917     41.500  1024.6857  50212.040    31.3415      1.383    7.10164     5.8305     5.8618    24.6792   12.74321 4.4721e-01      1.396 0.0000e+00
        168  55.338573    0.01160     0.6958     41.750  1024.6739  50191.188    31.3250      1.383    7.10428     5.8017     5.8507    24.6674   12.74779 4.7331e-01      1.396 0.0000e+00
        169  55.338576    0.01167     0.7000     42.000  1024.6727  50190.599    31.3206      1.378    7.10785     5.7679     5.8306    24.6663   12.75375 4.8740e-01      1.390 0.0000e+00
        170  55.338579    0.01174     0.7042     42.250  1024.6834  50212.194    31.3298      1.369    7.11226     5.7341     5.8018    24.6770   12.76091 4.9015e-01      1.381 0.0000e+00
