CTD-processing/allCTD/CNV--homogene/2015_04-08_t4_s03_cast023.cnv
* Sea-Bird SBE19plus Data File:
* FileName = C:\Users\kris.holderied\Documents\kasitsna\Research-Projects-and-Data\Oceanography-AK\CTD-Data-ALL-to-2015-02\2015-CTD-KachemakBay-CookInlet\2015-04-EVOSTC-CookInlet-quarterly\2015-04-08-CookInlet-Tran4-Barabara\2015-04-08-CookInlet-Tran4-cast023.hex
* Software Version 1.59
* Temperature SN =  5028
* Conductivity SN =  5028
* System UpLoad Time = Apr 09 2015 19:20:54
** Cook Inlet LTM Tran 4 (Barabara) South to North
** Date: 04-08
** Station: 4-03
** Start time:  09:38
** Depth (m): 105
** Comment:  KBL CTD. Time is local (AKDT)
** Comment: On R/V Pandalus.
# nquan = 17
# nvalues = 623                         
# units = specified
# name 0 = scan: Scan Count
# name 1 = timeJ: Julian Days
# name 2 = timeH: Time, Elapsed [hours]
# name 3 = timeM: Time, Elapsed [minutes]
# name 4 = timeS: Time, Elapsed [seconds]
# name 5 = density00: Density [density, kg/m^3]
# name 6 = specc: Specific Conductance [uS/cm]
# name 7 = sal00: Salinity, Practical [PSU]
# name 8 = depSM: Depth [salt water, m], lat = 59.00
# name 9 = oxsolML/L: Oxygen Saturation, Garcia & Gordon [ml/l]
# name 10 = potemp090C: Potential Temperature [ITS-90, deg C]
# name 11 = tv290C: Temperature [ITS-90, deg C]
# name 12 = sigma-é00: Density [sigma-theta, kg/m^3]
# name 13 = n2satML/L: Nitrogen Saturation [ml/l]
# name 14 = par: PAR/Irradiance, Biospherical/Licor
# name 15 = prdM: Pressure, Strain Gauge [db]
# name 16 = flag:  0.000e+00
# span 0 =          1,        623       
# span 1 =  98.401701,  98.403501       
# span 2 =    0.00000,    0.04319       
# span 3 =     0.0000,     2.5917       
# span 4 =      0.000,    155.500       
# span 5 =  1000.1233,  1025.4477       
# span 6 =    405.237,  51017.906       
# span 7 =     0.1865,    31.7509       
# span 8 =     -0.201,    103.723       
# span 9 =    7.14008,    9.07864       
# span 10 =     4.3357,     5.5449      
# span 11 =     4.3357,     5.5500      
# span 12 =     0.1242,    25.0838      
# span 13 =   12.80295,   16.49147      
# span 14 = 3.7976e-02, 1.3250e+02      
# span 15 =     -0.203,    104.728      
# span 16 = 0.0000e+00, 0.0000e+00      
# interval = seconds: 0.25
# start_time = Apr 08 2015 09:38:27 [Instrument's time stamp, header]
# bad_flag = -9.990e-29
*END*
[from data line 511]
        512  98.403180    0.03549     2.1292    127.750  1025.2935  50781.589    31.6322     73.792    7.14424     5.5165     5.5269    24.9483   12.80989 4.1838e-02     74.501 0.0000e+00
        513  98.403183    0.03556     2.1333    128.000  1025.2955  50782.876    31.6324     74.115    7.14464     5.5142     5.5245    24.9488   12.81055 4.1603e-02     74.828 0.0000e+00
        514  98.403186    0.03562     2.1375    128.250  1025.2974  50783.995    31.6326     74.458    7.14503     5.5119     5.5221    24.9492   12.81119 4.1375e-02     75.174 0.0000e+00
        515  98.403189    0.03569     2.1417    128.500  1025.2992  50784.597    31.6324     74.816    7.14542     5.5092     5.5199    24.9493   12.81183 4.1158e-02     75.535 0.0000e+00
        516  98.403192    0.03576     2.1458    128.750  1025.3005  50784.447    31.6316     75.182    7.14584     5.5057     5.5176    24.9489   12.81255 4.0954e-02     75.904 0.0000e+00
        517  98.403194    0.03583     2.1500    129.000  1025.3012  50783.049    31.6299     75.549    7.14638     5.5012     5.5150    24.9479   12.81345 4.0760e-02     76.275 0.0000e+00
        518  98.403197    0.03590     2.1542    129.250  1025.3016  50781.156    31.6277     75.910    7.14707     5.4963     5.5115    24.9466   12.81462 4.0575e-02     76.640 0.0000e+00
        519  98.403200    0.03597     2.1583    129.500  1025.3032  50781.774    31.6271     76.259    7.14786     5.4921     5.5070    24.9465   12.81594 4.0408e-02     76.993 0.0000e+00
        520  98.403203    0.03604     2.1625    129.750  1025.3067  50786.003    31.6288     76.591    7.14861     5.4893     5.5021    24.9485   12.81715 4.0263e-02     77.327 0.0000e+00
        521  98.403206    0.03611     2.1667    130.000  1025.3110  50791.731    31.6318     76.900    7.14918     5.4878     5.4979    24.9513   12.81805 4.0143e-02     77.639 0.0000e+00
        522  98.403209    0.03618     2.1708    130.250  1025.3146  50796.299    31.6342     77.185    7.14953     5.4870     5.4952    24.9535   12.81860 4.0045e-02     77.928 0.0000e+00
        523  98.403212    0.03625     2.1750    130.500  1025.3169  50798.599    31.6354     77.447    7.14972     5.4866     5.4937    24.9546   12.81890 3.9957e-02     78.193 0.0000e+00
        524  98.403215    0.03632     2.1792    130.750  1025.3185  50799.666    31.6358     77.691    7.14983     5.4864     5.4930    24.9550   12.81907 3.9876e-02     78.439 0.0000e+00
        525  98.403218    0.03639     2.1833    131.000  1025.3200  50800.603    31.6363     77.921    7.14988     5.4864     5.4925    24.9554   12.81916 3.9797e-02     78.671 0.0000e+00
        526  98.403220    0.03646     2.1875    131.250  1025.3214  50801.568    31.6368     78.144    7.14989     5.4867     5.4923    24.9559   12.81916 3.9717e-02     78.896 0.0000e+00
        527  98.403223    0.03653     2.1917    131.500  1025.3228  50802.410    31.6373     78.366    7.14985     5.4872     5.4924    24.9562   12.81909 3.9641e-02     79.120 0.0000e+00
        528  98.403226    0.03660     2.1958    131.750  1025.3241  50802.961    31.6376     78.593    7.14978     5.4879     5.4927    24.9565   12.81897 3.9568e-02     79.350 0.0000e+00
        529  98.403229    0.03667     2.2000    132.000  1025.3253  50803.252    31.6378     78.832    7.14968     5.4886     5.4933    24.9566   12.81880 3.9492e-02     79.592 0.0000e+00
        530  98.403232    0.03674     2.2042    132.250  1025.3265  50803.281    31.6378     79.088    7.14957     5.4891     5.4939    24.9565   12.81861 3.9408e-02     79.850 0.0000e+00
        531  98.403235    0.03681     2.2083    132.500  1025.3274  50802.792    31.6375     79.362    7.14946     5.4894     5.4946    24.9562   12.81844 3.9324e-02     80.126 0.0000e+00
        532  98.403238    0.03687     2.2125    132.750  1025.3283  50801.922    31.6369     79.654    7.14939     5.4894     5.4952    24.9556   12.81834 3.9239e-02     80.421 0.0000e+00
        533  98.403241    0.03694     2.2167    133.000  1025.3293  50801.315    31.6364     79.962    7.14937     5.4893     5.4955    24.9552   12.81830 3.9151e-02     80.732 0.0000e+00
        534  98.403244    0.03701     2.2208    133.250  1025.3306  50801.307    31.6362     80.283    7.14937     5.4892     5.4955    24.9551   12.81831 3.9051e-02     81.056 0.0000e+00
        535  98.403247    0.03708     2.2250    133.500  1025.3323  50801.803    31.6364     80.614    7.14938     5.4893     5.4955    24.9552   12.81832 3.8936e-02     81.391 0.0000e+00
        536  98.403249    0.03715     2.2292    133.750  1025.3341  50802.460    31.6366     80.954    7.14936     5.4895     5.4955    24.9554   12.81829 3.8810e-02     81.734 0.0000e+00
        537  98.403252    0.03722     2.2333    134.000  1025.3359  50802.927    31.6368     81.298    7.14933     5.4897     5.4956    24.9556   12.81824 3.8667e-02     82.081 0.0000e+00
        538  98.403255    0.03729     2.2375    134.250  1025.3375  50803.172    31.6369     81.643    7.14929     5.4899     5.4958    24.9556   12.81818 3.8509e-02     82.430 0.0000e+00
        539  98.403258    0.03736     2.2417    134.500  1025.3391  50803.288    31.6368     81.988    7.14925     5.4901     5.4960    24.9556   12.81811 3.8365e-02     82.778 0.0000e+00
        540  98.403261    0.03743     2.2458    134.750  1025.3405  50803.204    31.6367     82.329    7.14922     5.4901     5.4963    24.9554   12.81806 3.8247e-02     83.122 0.0000e+00
        541  98.403264    0.03750     2.2500    135.000  1025.3418  50802.940    31.6364     82.663    7.14921     5.4900     5.4964    24.9551   12.81805 3.8152e-02     83.459 0.0000e+00
        542  98.403267    0.03757     2.2542    135.250  1025.3431  50802.780    31.6361     82.987    7.14922     5.4898     5.4965    24.9549   12.81807 3.8084e-02     83.787 0.0000e+00
        543  98.403270    0.03764     2.2583    135.500  1025.3445  50802.853    31.6359     83.298    7.14925     5.4896     5.4963    24.9548   12.81811 3.8041e-02     84.101 0.0000e+00
        544  98.403273    0.03771     2.2625    135.750  1025.3459  50803.160    31.6360     83.595    7.14928     5.4895     5.4961    24.9549   12.81816 3.8015e-02     84.401 0.0000e+00
        545  98.403275    0.03778     2.2667    136.000  1025.3474  50803.735    31.6362     83.878    7.14929     5.4897     5.4960    24.9551   12.81818 3.7999e-02     84.687 0.0000e+00
        546  98.403278    0.03785     2.2708    136.250  1025.3490  50804.455    31.6366     84.148    7.14928     5.4900     5.4959    24.9554   12.81816 3.7990e-02     84.960 0.0000e+00
        547  98.403281    0.03792     2.2750    136.500  1025.3505  50805.125    31.6369     84.407    7.14924     5.4906     5.4961    24.9556   12.81808 3.7984e-02     85.221 0.0000e+00
        548  98.403284    0.03799     2.2792    136.750  1025.3519  50805.777    31.6373     84.657    7.14916     5.4915     5.4965    24.9559   12.81794 3.7981e-02     85.474 0.0000e+00
        549  98.403287    0.03806     2.2833    137.000  1025.3534  50806.617    31.6379     84.900    7.14903     5.4927     5.4971    24.9563   12.81772 3.7979e-02     85.719 0.0000e+00
        550  98.403290    0.03812     2.2875    137.250  1025.3550  50807.531    31.6386     85.140    7.14884     5.4942     5.4980    24.9568   12.81740 3.7978e-02     85.961 0.0000e+00
        551  98.403293    0.03819     2.2917    137.500  1025.3563  50808.021    31.6391     85.378    7.14861     5.4956     5.4992    24.9570   12.81701 3.7977e-02     86.202 0.0000e+00
        552  98.403296    0.03826     2.2958    137.750  1025.3572  50807.612    31.6390     85.618    7.14836     5.4967     5.5007    24.9568   12.81660 3.7977e-02     86.444 0.0000e+00
        553  98.403299    0.03833     2.3000    138.000  1025.3576  50806.276    31.6383     85.862    7.14814     5.4972     5.5022    24.9560   12.81626 3.7976e-02     86.691 0.0000e+00
        554  98.403302    0.03840     2.3042    138.250  1025.3577  50804.398    31.6371     86.113    7.14801     5.4970     5.5033    24.9550   12.81605 3.7976e-02     86.944 0.0000e+00
        555  98.403304    0.03847     2.3083    138.500  1025.3577  50802.289    31.6356     86.373    7.14799     5.4960     5.5039    24.9538   12.81603 3.7976e-02     87.207 0.0000e+00
        556  98.403307    0.03854     2.3125    138.750  1025.3577  50800.174    31.6340     86.645    7.14809     5.4942     5.5037    24.9525   12.81623 3.7976e-02     87.482 0.0000e+00
        557  98.403310    0.03861     2.3167    139.000  1025.3578  50798.144    31.6323     86.930    7.14834     5.4915     5.5027    24.9512   12.81666 3.7976e-02     87.769 0.0000e+00
        558  98.403313    0.03868     2.3208    139.250  1025.3582  50796.707    31.6308     87.226    7.14873     5.4886     5.5009    24.9502   12.81731 3.7976e-02     88.068 0.0000e+00
        559  98.403316    0.03875     2.3250    139.500  1025.3596  50797.130    31.6304     87.531    7.14919     5.4860     5.4983    24.9502   12.81808 3.7976e-02     88.376 0.0000e+00
        560  98.403319    0.03882     2.3292    139.750  1025.3621  50799.473    31.6312     87.844    7.14964     5.4840     5.4954    24.9512   12.81881 3.7976e-02     88.692 0.0000e+00
        561  98.403322    0.03889     2.3333    140.000  1025.3649  50802.246    31.6325     88.162    7.15002     5.4824     5.4928    24.9525   12.81942 3.7976e-02     89.013 0.0000e+00
        562  98.403325    0.03896     2.3375    140.250  1025.3673  50804.354    31.6333     88.484    7.15032     5.4812     5.4908    24.9534   12.81991 3.7976e-02     89.338 0.0000e+00
        563  98.403328    0.03903     2.3417    140.500  1025.3694  50805.753    31.6338     88.808    7.15056     5.4801     5.4892    24.9540   12.82030 3.7976e-02     89.665 0.0000e+00
        564  98.403330    0.03910     2.3458    140.750  1025.3713  50806.812    31.6341     89.130    7.15076     5.4791     5.4880    24.9544   12.82062 3.7976e-02     89.991 0.0000e+00
        565  98.403333    0.03917     2.3500    141.000  1025.3730  50807.654    31.6343     89.450    7.15093     5.4782     5.4869    24.9547   12.82090 3.7976e-02     90.314 0.0000e+00
        566  98.403336    0.03924     2.3542    141.250  1025.3746  50808.098    31.6343     89.766    7.15109     5.4771     5.4859    24.9547   12.82117 3.7976e-02     90.633 0.0000e+00
        567  98.403339    0.03931     2.3583    141.500  1025.3759  50808.134    31.6340     90.076    7.15126     5.4759     5.4850    24.9546   12.82146 3.7976e-02     90.946 0.0000e+00
        568  98.403342    0.03938     2.3625    141.750  1025.3772  50808.149    31.6336     90.377    7.15146     5.4745     5.4840    24.9545   12.82179 3.7976e-02     91.250 0.0000e+00
        569  98.403345    0.03944     2.3667    142.000  1025.3785  50808.392    31.6334     90.665    7.15167     5.4731     5.4828    24.9544   12.82215 3.7976e-02     91.541 0.0000e+00
        570  98.403348    0.03951     2.3708    142.250  1025.3798  50808.791    31.6332     90.938    7.15190     5.4716     5.4814    24.9545   12.82253 3.7976e-02     91.816 0.0000e+00
        571  98.403351    0.03958     2.3750    142.500  1025.3810  50809.115    31.6331     91.191    7.15215     5.4699     5.4800    24.9545   12.82294 3.7976e-02     92.073 0.0000e+00
        572  98.403354    0.03965     2.3792    142.750  1025.3818  50808.819    31.6324     91.425    7.15242     5.4676     5.4786    24.9541   12.82340 3.7976e-02     92.309 0.0000e+00
        573  98.403356    0.03972     2.3833    143.000  1025.3821  50807.776    31.6313     91.638    7.15277     5.4648     5.4769    24.9534   12.82399 3.7976e-02     92.524 0.0000e+00
        574  98.403359    0.03979     2.3875    143.250  1025.3824  50807.001    31.6302     91.832    7.15320     5.4619     5.4746    24.9528   12.82472 3.7976e-02     92.719 0.0000e+00
        575  98.403362    0.03986     2.3917    143.500  1025.3833  50807.613    31.6299     92.008    7.15368     5.4593     5.4719    24.9529   12.82552 3.7976e-02     92.898 0.0000e+00
        576  98.403365    0.03993     2.3958    143.750  1025.3849  50809.521    31.6306     92.173    7.15415     5.4572     5.4690    24.9538   12.82628 3.7976e-02     93.064 0.0000e+00
        577  98.403368    0.04000     2.4000    144.000  1025.3867  50811.845    31.6316     92.333    7.15455     5.4556     5.4663    24.9548   12.82692 3.7976e-02     93.225 0.0000e+00
        578  98.403371    0.04007     2.4042    144.250  1025.3885  50813.993    31.6325     92.493    7.15486     5.4544     5.4642    24.9558   12.82742 3.7976e-02     93.387 0.0000e+00
        579  98.403374    0.04014     2.4083    144.500  1025.3901  50815.735    31.6333     92.662    7.15509     5.4536     5.4626    24.9566   12.82780 3.7976e-02     93.558 0.0000e+00
        580  98.403377    0.04021     2.4125    144.750  1025.3915  50816.910    31.6338     92.847    7.15526     5.4528     5.4615    24.9571   12.82807 3.7977e-02     93.744 0.0000e+00
        581  98.403380    0.04028     2.4167    145.000  1025.3926  50817.453    31.6339     93.053    7.15540     5.4520     5.4606    24.9573   12.82830 3.7977e-02     93.952 0.0000e+00
        582  98.403383    0.04035     2.4208    145.250  1025.3936  50817.500    31.6337     93.283    7.15554     5.4511     5.4599    24.9572   12.82853 3.7978e-02     94.185 0.0000e+00
        583  98.403385    0.04042     2.4250    145.500  1025.3946  50817.341    31.6333     93.541    7.15569     5.4500     5.4591    24.9570   12.82878 3.7979e-02     94.445 0.0000e+00
        584  98.403388    0.04049     2.4292    145.750  1025.3957  50817.325    31.6329     93.825    7.15586     5.4489     5.4582    24.9569   12.82907 3.7981e-02     94.732 0.0000e+00
        585  98.403391    0.04056     2.4333    146.000  1025.3972  50817.692    31.6328     94.134    7.15604     5.4477     5.4572    24.9569   12.82937 3.7985e-02     95.044 0.0000e+00
        586  98.403394    0.04063     2.4375    146.250  1025.3988  50818.149    31.6328     94.463    7.15623     5.4464     5.4561    24.9570   12.82969 3.7991e-02     95.377 0.0000e+00
        587  98.403397    0.04069     2.4417    146.500  1025.4002  50818.110    31.6323     94.809    7.15644     5.4446     5.4550    24.9568   12.83004 3.8001e-02     95.726 0.0000e+00
        588  98.403400    0.04076     2.4458    146.750  1025.4011  50817.042    31.6311     95.164    7.15672     5.4418     5.4537    24.9560   12.83051 3.8018e-02     96.084 0.0000e+00
        589  98.403403    0.04083     2.4500    147.000  1025.4011  50814.349    31.6287     95.520    7.15714     5.4375     5.4519    24.9543   12.83123 3.8046e-02     96.444 0.0000e+00
        590  98.403406    0.04090     2.4542    147.250  1025.4006  50810.883    31.6256     95.870    7.15777     5.4321     5.4491    24.9521   12.83232 3.8092e-02     96.797 0.0000e+00
        591  98.403409    0.04097     2.4583    147.500  1025.4011  50809.507    31.6236     96.206    7.15860     5.4267     5.4448    24.9510   12.83371 3.8169e-02     97.136 0.0000e+00
        592  98.403411    0.04104     2.4625    147.750  1025.4033  50811.679    31.6238     96.521    7.15949     5.4221     5.4395    24.9518   12.83518 3.8298e-02     97.454 0.0000e+00
        593  98.403414    0.04111     2.4667    148.000  1025.4066  50815.932    31.6255     96.810    7.16032     5.4185     5.4341    24.9537   12.83653 3.8513e-02     97.747 0.0000e+00
        594  98.403417    0.04118     2.4708    148.250  1025.4100  50820.398    31.6275     97.071    7.16101     5.4157     5.4295    24.9558   12.83764 3.8871e-02     98.010 0.0000e+00
        595  98.403420    0.04125     2.4750    148.500  1025.4129  50824.154    31.6292     97.304    7.16154     5.4137     5.4259    24.9576   12.83850 3.9143e-02     98.246 0.0000e+00
