CTD-processing/allCTD/CNV--homogene/2015_08-14_t4_s03_cast166.cnv
* Sea-Bird SBE19plus Data File:
* FileName = C:\Users\Kris.Holderied\Documents\kasitsna\Research-KBL\Oceanography-AK\CTD-Data-ALL-to-2015-06\2015-CTD-KachemakBay-CookInlet\2015-08-14-CookInlet-east-and-KachemakBay\2015-08-14-CookInlet-east-and_KBay-cast166.hex
* Software Version 1.59
* Temperature SN =  5028
* Conductivity SN =  5028
* System UpLoad Time = Sep 24 2015 11:36:43
** Cook Inlet East side (T6/T7), along Kachemak Bay to Spit, T9 batch upload
** Date (YYYY-MM-DD): 2015-08-14
** Station (ie. 9-01):  4-03
** Start time (AKDT): 15:16
** Depth (m): 110
** Comment:  Nuka R/V Johanna Rose
** Comment:
# nquan = 17
# nvalues = 916                         
# units = specified
# name 0 = scan: Scan Count
# name 1 = timeJ: Julian Days
# name 2 = timeH: Time, Elapsed [hours]
# name 3 = timeM: Time, Elapsed [minutes]
# name 4 = timeS: Time, Elapsed [seconds]
# name 5 = density00: Density [density, kg/m^3]
# name 6 = specc: Specific Conductance [uS/cm]
# name 7 = sal00: Salinity, Practical [PSU]
# name 8 = depSM: Depth [salt water, m], lat = 59.00
# name 9 = oxsolML/L: Oxygen Saturation, Garcia & Gordon [ml/l]
# name 10 = potemp090C: Potential Temperature [ITS-90, deg C]
# name 11 = tv290C: Temperature [ITS-90, deg C]
# name 12 = sigma-é00: Density [sigma-theta, kg/m^3]
# name 13 = n2satML/L: Nitrogen Saturation [ml/l]
# name 14 = par: PAR/Irradiance, Biospherical/Licor
# name 15 = prdM: Pressure, Strain Gauge [db]
# name 16 = flag:  0.000e+00
# span 0 =          1,        916       
# span 1 = 226.635729, 226.638377       
# span 2 =    0.00000,    0.06354       
# span 3 =     0.0000,     3.8125       
# span 4 =      0.000,    228.750       
# span 5 =  1001.2774,  1024.6131       
# span 6 =   4042.539,  49315.690       
# span 7 =     2.2888,    31.2757       
# span 8 =      0.040,    109.345       
# span 9 =    6.23704,    7.43716       
# span 10 =     9.5818,    11.9925      
# span 11 =     9.5936,    12.0011      
# span 12 =     1.2772,    24.1123      
# span 13 =   11.31603,   13.69610      
# span 14 = 5.7231e-02, 4.3893e+02      
# span 15 =      0.040,    110.407      
# span 16 = 0.0000e+00, 0.0000e+00      
# interval = seconds: 0.25
# start_time = Aug 14 2015 15:15:27 [Instrument's time stamp, header]
# bad_flag = -9.990e-29
*END*
[from data line 426]
        427 226.636962    0.02958     1.7750    106.500  1023.6819  48687.912    31.0794      0.902    6.30036    11.2673    11.2667    23.6778   11.42032 3.0022e+02      0.910 0.0000e+00
        428 226.636965    0.02965     1.7792    106.750  1023.6822  48688.607    31.0799      0.894    6.30032    11.2680    11.2668    23.6781   11.42024 2.9857e+02      0.903 0.0000e+00
        429 226.636968    0.02972     1.7833    107.000  1023.6823  48688.956    31.0802      0.885    6.30024    11.2687    11.2674    23.6783   11.42010 2.9878e+02      0.893 0.0000e+00
        430 226.636970    0.02979     1.7875    107.250  1023.6821  48688.715    31.0802      0.879    6.30015    11.2691    11.2681    23.6781   11.41995 2.9997e+02      0.887 0.0000e+00
        431 226.636973    0.02986     1.7917    107.500  1023.6814  48687.635    31.0795      0.881    6.30008    11.2688    11.2688    23.6774   11.41984 3.0027e+02      0.889 0.0000e+00
        432 226.636976    0.02993     1.7958    107.750  1023.6805  48685.841    31.0782      0.891    6.30008    11.2678    11.2692    23.6764   11.41986 2.9806e+02      0.899 0.0000e+00
        433 226.636979    0.03000     1.8000    108.000  1023.6796  48684.188    31.0770      0.904    6.30017    11.2666    11.2689    23.6755   11.42002 2.9474e+02      0.912 0.0000e+00
        434 226.636982    0.03007     1.8042    108.250  1023.6796  48683.947    31.0768      0.913    6.30031    11.2658    11.2679    23.6755   11.42027 2.9378e+02      0.921 0.0000e+00
        435 226.636985    0.03014     1.8083    108.500  1023.6807  48685.651    31.0779      0.913    6.30044    11.2660    11.2667    23.6765   11.42046 2.9588e+02      0.921 0.0000e+00
        436 226.636988    0.03021     1.8125    108.750  1023.6820  48688.090    31.0795      0.905    6.30047    11.2669    11.2659    23.6779   11.42049 2.9849e+02      0.913 0.0000e+00
        437 226.636991    0.03028     1.8167    109.000  1023.6828  48689.595    31.0806      0.892    6.30040    11.2681    11.2661    23.6787   11.42036 2.9917e+02      0.901 0.0000e+00
        438 226.636994    0.03035     1.8208    109.250  1023.6828  48689.775    31.0808      0.883    6.30027    11.2691    11.2670    23.6787   11.42015 2.9871e+02      0.891 0.0000e+00
        439 226.636997    0.03042     1.8250    109.500  1023.6823  48689.174    31.0805      0.880    6.30013    11.2700    11.2682    23.6783   11.41992 2.9884e+02      0.889 0.0000e+00
        440 226.636999    0.03049     1.8292    109.750  1023.6818  48688.433    31.0801      0.883    6.30000    11.2706    11.2692    23.6778   11.41971 2.9977e+02      0.892 0.0000e+00
        441 226.637002    0.03056     1.8333    110.000  1023.6814  48687.845    31.0798      0.888    6.29990    11.2710    11.2701    23.6774   11.41954 2.9994e+02      0.896 0.0000e+00
        442 226.637005    0.03062     1.8375    110.250  1023.6810  48687.175    31.0794      0.891    6.29982    11.2711    11.2707    23.6770   11.41942 2.9880e+02      0.900 0.0000e+00
        443 226.637008    0.03069     1.8417    110.500  1023.6805  48686.280    31.0788      0.891    6.29979    11.2708    11.2711    23.6765   11.41937 2.9823e+02      0.900 0.0000e+00
        444 226.637011    0.03076     1.8458    110.750  1023.6801  48685.475    31.0782      0.888    6.29980    11.2702    11.2712    23.6760   11.41940 2.9820e+02      0.896 0.0000e+00
        445 226.637014    0.03083     1.8500    111.000  1023.6797  48684.816    31.0777      0.884    6.29986    11.2692    11.2709    23.6757   11.41950 2.9770e+02      0.893 0.0000e+00
        446 226.637017    0.03090     1.8542    111.250  1023.6792  48683.825    31.0770      0.884    6.29997    11.2676    11.2703    23.6752   11.41969 2.9766e+02      0.892 0.0000e+00
        447 226.637020    0.03097     1.8583    111.500  1023.6785  48682.381    31.0758      0.887    6.30015    11.2654    11.2693    23.6745   11.42001 2.9824e+02      0.896 0.0000e+00
        448 226.637023    0.03104     1.8625    111.750  1023.6781  48681.410    31.0749      0.893    6.30041    11.2631    11.2677    23.6741   11.42045 2.9858e+02      0.902 0.0000e+00
        449 226.637025    0.03111     1.8667    112.000  1023.6787  48682.064    31.0752      0.898    6.30070    11.2614    11.2655    23.6746   11.42092 2.9909e+02      0.906 0.0000e+00
        450 226.637028    0.03118     1.8708    112.250  1023.6801  48684.243    31.0765      0.899    6.30095    11.2607    11.2632    23.6760   11.42132 2.9974e+02      0.907 0.0000e+00
        451 226.637031    0.03125     1.8750    112.500  1023.6817  48686.846    31.0782      0.895    6.30110    11.2608    11.2616    23.6776   11.42156 2.9942e+02      0.903 0.0000e+00
        452 226.637034    0.03132     1.8792    112.750  1023.6829  48688.922    31.0796      0.890    6.30115    11.2614    11.2609    23.6788   11.42161 2.9897e+02      0.898 0.0000e+00
        453 226.637037    0.03139     1.8833    113.000  1023.6833  48689.769    31.0802      0.886    6.30111    11.2619    11.2610    23.6793   11.42154 2.9936e+02      0.894 0.0000e+00
        454 226.637040    0.03146     1.8875    113.250  1023.6830  48689.309    31.0799      0.885    6.30105    11.2621    11.2615    23.6790   11.42145 2.9944e+02      0.893 0.0000e+00
        455 226.637043    0.03153     1.8917    113.500  1023.6826  48688.702    31.0795      0.887    6.30100    11.2625    11.2620    23.6786   11.42137 2.9868e+02      0.895 0.0000e+00
        456 226.637046    0.03160     1.8958    113.750  1023.6828  48689.044    31.0798      0.891    6.30095    11.2633    11.2622    23.6788   11.42128 2.9765e+02      0.899 0.0000e+00
        457 226.637049    0.03167     1.9000    114.000  1023.6832  48689.746    31.0803      0.894    6.30088    11.2642    11.2626    23.6791   11.42115 2.9747e+02      0.902 0.0000e+00
        458 226.637052    0.03174     1.9042    114.250  1023.6833  48689.956    31.0805      0.894    6.30077    11.2651    11.2634    23.6792   11.42098 2.9858e+02      0.903 0.0000e+00
        459 226.637054    0.03181     1.9083    114.500  1023.6831  48689.878    31.0806      0.892    6.30065    11.2662    11.2643    23.6791   11.42077 2.9947e+02      0.901 0.0000e+00
        460 226.637057    0.03188     1.9125    114.750  1023.6830  48689.812    31.0807      0.891    6.30052    11.2672    11.2653    23.6790   11.42055 2.9955e+02      0.899 0.0000e+00
        461 226.637060    0.03194     1.9167    115.000  1023.6828  48689.597    31.0807      0.892    6.30038    11.2681    11.2663    23.6787   11.42032 2.9954e+02      0.901 0.0000e+00
        462 226.637063    0.03201     1.9208    115.250  1023.6824  48688.990    31.0803      0.896    6.30025    11.2686    11.2673    23.6783   11.42012 2.9905e+02      0.905 0.0000e+00
        463 226.637066    0.03208     1.9250    115.500  1023.6818  48687.931    31.0797      0.902    6.30016    11.2686    11.2682    23.6776   11.41997 2.9832e+02      0.910 0.0000e+00
        464 226.637069    0.03215     1.9292    115.750  1023.6809  48686.448    31.0787      0.906    6.30012    11.2681    11.2688    23.6768   11.41992 2.9850e+02      0.914 0.0000e+00
        465 226.637072    0.03222     1.9333    116.000  1023.6802  48685.252    31.0778      0.907    6.30016    11.2675    11.2687    23.6761   11.41999 2.9881e+02      0.915 0.0000e+00
        466 226.637075    0.03229     1.9375    116.250  1023.6804  48685.493    31.0779      0.904    6.30023    11.2674    11.2682    23.6763   11.42010 2.9880e+02      0.912 0.0000e+00
        467 226.637078    0.03236     1.9417    116.500  1023.6811  48686.702    31.0787      0.899    6.30027    11.2675    11.2676    23.6770   11.42016 2.9830e+02      0.907 0.0000e+00
        468 226.637080    0.03243     1.9458    116.750  1023.6814  48687.230    31.0791      0.894    6.30027    11.2674    11.2675    23.6773   11.42017 2.9624e+02      0.902 0.0000e+00
        469 226.637083    0.03250     1.9500    117.000  1023.6810  48686.634    31.0786      0.891    6.30027    11.2668    11.2676    23.6770   11.42018 2.9473e+02      0.899 0.0000e+00
        470 226.637086    0.03257     1.9542    117.250  1023.6804  48685.465    31.0778      0.893    6.30032    11.2658    11.2675    23.6764   11.42027 2.9566e+02      0.901 0.0000e+00
        471 226.637089    0.03264     1.9583    117.500  1023.6798  48684.221    31.0769      0.898    6.30043    11.2643    11.2669    23.6757   11.42046 2.9674e+02      0.906 0.0000e+00
        472 226.637092    0.03271     1.9625    117.750  1023.6794  48683.265    31.0761      0.903    6.30060    11.2626    11.2659    23.6753   11.42075 2.9735e+02      0.911 0.0000e+00
        473 226.637095    0.03278     1.9667    118.000  1023.6796  48683.336    31.0760      0.905    6.30081    11.2614    11.2644    23.6755   11.42110 2.9798e+02      0.913 0.0000e+00
        474 226.637098    0.03285     1.9708    118.250  1023.6806  48685.032    31.0770      0.903    6.30099    11.2610    11.2627    23.6766   11.42139 2.9698e+02      0.911 0.0000e+00
        475 226.637101    0.03292     1.9750    118.500  1023.6821  48687.443    31.0786      0.898    6.30109    11.2614    11.2615    23.6780   11.42154 2.9588e+02      0.906 0.0000e+00
        476 226.637104    0.03299     1.9792    118.750  1023.6831  48689.193    31.0798      0.893    6.30110    11.2622    11.2611    23.6790   11.42153 2.9792e+02      0.901 0.0000e+00
        477 226.637106    0.03306     1.9833    119.000  1023.6834  48689.899    31.0803      0.890    6.30103    11.2630    11.2615    23.6793   11.42141 3.0123e+02      0.899 0.0000e+00
        478 226.637109    0.03313     1.9875    119.250  1023.6833  48689.782    31.0803      0.891    6.30093    11.2637    11.2623    23.6792   11.42124 3.0209e+02      0.899 0.0000e+00
        479 226.637112    0.03319     1.9917    119.500  1023.6828  48689.090    31.0799      0.894    6.30083    11.2639    11.2631    23.6788   11.42108 3.0057e+02      0.902 0.0000e+00
        480 226.637115    0.03326     1.9958    119.750  1023.6822  48688.061    31.0793      0.899    6.30077    11.2638    11.2638    23.6781   11.42099 2.9923e+02      0.907 0.0000e+00
        481 226.637118    0.03333     2.0000    120.000  1023.6816  48687.056    31.0786      0.905    6.30076    11.2634    11.2640    23.6775   11.42098 2.9827e+02      0.913 0.0000e+00
        482 226.637121    0.03340     2.0042    120.250  1023.6813  48686.428    31.0781      0.910    6.30079    11.2629    11.2639    23.6772   11.42104 2.9698e+02      0.919 0.0000e+00
        483 226.637124    0.03347     2.0083    120.500  1023.6813  48686.310    31.0780      0.914    6.30085    11.2625    11.2635    23.6772   11.42114 2.9665e+02      0.923 0.0000e+00
        484 226.637127    0.03354     2.0125    120.750  1023.6815  48686.602    31.0781      0.914    6.30091    11.2622    11.2630    23.6774   11.42124 2.9673e+02      0.923 0.0000e+00
        485 226.637130    0.03361     2.0167    121.000  1023.6819  48687.195    31.0785      0.908    6.30096    11.2622    11.2626    23.6777   11.42130 2.9535e+02      0.916 0.0000e+00
        486 226.637133    0.03368     2.0208    121.250  1023.6822  48687.806    31.0789      0.897    6.30097    11.2623    11.2624    23.6781   11.42132 2.9414e+02      0.906 0.0000e+00
        487 226.637135    0.03375     2.0250    121.500  1023.6822  48687.872    31.0790      0.888    6.30097    11.2621    11.2623    23.6781   11.42132 2.9530e+02      0.896 0.0000e+00
        488 226.637138    0.03382     2.0292    121.750  1023.6818  48687.308    31.0786      0.884    6.30098    11.2617    11.2624    23.6778   11.42135 2.9735e+02      0.892 0.0000e+00
        489 226.637141    0.03389     2.0333    122.000  1023.6815  48686.651    31.0781      0.887    6.30102    11.2611    11.2622    23.6775   11.42143 2.9815e+02      0.896 0.0000e+00
        490 226.637144    0.03396     2.0375    122.250  1023.6814  48686.406    31.0779      0.896    6.30109    11.2606    11.2618    23.6774   11.42154 2.9688e+02      0.905 0.0000e+00
        491 226.637147    0.03403     2.0417    122.500  1023.6817  48686.701    31.0780      0.906    6.30116    11.2603    11.2612    23.6776   11.42165 2.9516e+02      0.915 0.0000e+00
        492 226.637150    0.03410     2.0458    122.750  1023.6821  48687.232    31.0783      0.913    6.30121    11.2602    11.2608    23.6779   11.42174 2.9602e+02      0.922 0.0000e+00
        493 226.637153    0.03417     2.0500    123.000  1023.6824  48687.696    31.0786      0.914    6.30124    11.2602    11.2605    23.6782   11.42178 2.9956e+02      0.922 0.0000e+00
        494 226.637156    0.03424     2.0542    123.250  1023.6826  48688.040    31.0789      0.907    6.30126    11.2602    11.2603    23.6784   11.42180 3.0328e+02      0.916 0.0000e+00
        495 226.637159    0.03431     2.0583    123.500  1023.6826  48688.241    31.0790      0.897    6.30125    11.2603    11.2603    23.6785   11.42180 3.0397e+02      0.906 0.0000e+00
        496 226.637161    0.03438     2.0625    123.750  1023.6826  48688.275    31.0790      0.889    6.30125    11.2602    11.2603    23.6785   11.42178 3.0101e+02      0.898 0.0000e+00
        497 226.637164    0.03444     2.0667    124.000  1023.6825  48688.098    31.0789      0.890    6.30124    11.2600    11.2604    23.6784   11.42178 2.9836e+02      0.898 0.0000e+00
        498 226.637167    0.03451     2.0708    124.250  1023.6823  48687.607    31.0786      0.902    6.30126    11.2595    11.2603    23.6782   11.42181 2.9828e+02      0.910 0.0000e+00
        499 226.637170    0.03458     2.0750    124.500  1023.6820  48686.937    31.0781      0.922    6.30131    11.2588    11.2601    23.6778   11.42190 2.9774e+02      0.930 0.0000e+00
        500 226.637173    0.03465     2.0792    124.750  1023.6821  48686.761    31.0779      0.944    6.30139    11.2582    11.2596    23.6778   11.42203 2.9503e+02      0.952 0.0000e+00
        501 226.637176    0.03472     2.0833    125.000  1023.6826  48687.496    31.0783      0.961    6.30147    11.2581    11.2589    23.6782   11.42216 2.9256e+02      0.970 0.0000e+00
        502 226.637179    0.03479     2.0875    125.250  1023.6833  48688.590    31.0790      0.975    6.30151    11.2581    11.2583    23.6789   11.42222 2.9089e+02      0.984 0.0000e+00
        503 226.637182    0.03486     2.0917    125.500  1023.6837  48689.217    31.0794      0.994    6.30152    11.2580    11.2582    23.6792   11.42223 2.8690e+02      1.003 0.0000e+00
        504 226.637185    0.03493     2.0958    125.750  1023.6836  48688.720    31.0790      1.034    6.30152    11.2570    11.2583    23.6790   11.42224 2.7916e+02      1.044 0.0000e+00
        505 226.637188    0.03500     2.1000    126.000  1023.6828  48686.617    31.0775      1.111    6.30160    11.2544    11.2581    23.6778   11.42239 2.6812e+02      1.121 0.0000e+00
        506 226.637190    0.03507     2.1042    126.250  1023.6818  48683.550    31.0752      1.233    6.30183    11.2506    11.2571    23.6762   11.42280 2.5320e+02      1.245 0.0000e+00
        507 226.637193    0.03514     2.1083    126.500  1023.6817  48681.794    31.0736      1.399    6.30223    11.2463    11.2546    23.6754   11.42348 2.3502e+02      1.412 0.0000e+00
        508 226.637196    0.03521     2.1125    126.750  1023.6833  48682.596    31.0737      1.596    6.30274    11.2417    11.2508    23.6761   11.42432 2.1670e+02      1.611 0.0000e+00
        509 226.637199    0.03528     2.1167    127.000  1023.6859  48684.881    31.0747      1.813    6.30328    11.2370    11.2465    23.6777   11.42521 2.0052e+02      1.830 0.0000e+00
        510 226.637202    0.03535     2.1208    127.250  1023.6890  48688.017    31.0764      2.041    6.30382    11.2318    11.2420    23.6798   11.42609 1.8653e+02      2.060 0.0000e+00
