CTD-processing/allCTD/CNV--homogene/2015_11-04_t9_s08_cast038.cnv
* Sea-Bird SBE19plus Data File:
* FileName = C:\Users\Kris.Holderied\Documents\kasitsna\Research-KBL\Oceanography-AK\CTD-Data-ALL-to-2015-10\2015-CTD-KachemakBay-CookInlet\2015-11-EVOSTC-CookInlet-quarterly\2015-11-04-CookInlet-Tran9-HomerSpit\2015-11-04-CookInlet-Tran9-cast038.hex
* Software Version 1.59
* Temperature SN =  5028
* Conductivity SN =  5028
* System UpLoad Time = Nov 07 2015 12:29:39
** Cook Inlet LTM Tran9 Homer Spit south to north

** Date: 11-04
** Station: 9-08
** Start time (AKST): 22:13
** Depth (m): 93.3
** Comment: M/V Ursus.
** Comment:
# nquan = 17
# nvalues = 1013                        
# units = specified
# name 0 = scan: Scan Count
# name 1 = timeJ: Julian Days
# name 2 = timeH: Time, Elapsed [hours]
# name 3 = timeM: Time, Elapsed [minutes]
# name 4 = timeS: Time, Elapsed [seconds]
# name 5 = density00: Density [density, kg/m^3]
# name 6 = specc: Specific Conductance [uS/cm]
# name 7 = sal00: Salinity, Practical [PSU]
# name 8 = depSM: Depth [salt water, m], lat = 59.00
# name 9 = oxsolML/L: Oxygen Saturation, Garcia & Gordon [ml/l]
# name 10 = potemp090C: Potential Temperature [ITS-90, deg C]
# name 11 = tv290C: Temperature [ITS-90, deg C]
# name 12 = sigma-é00: Density [sigma-theta, kg/m^3]
# name 13 = n2satML/L: Nitrogen Saturation [ml/l]
# name 14 = par: PAR/Irradiance, Biospherical/Licor
# name 15 = prdM: Pressure, Strain Gauge [db]
# name 16 = flag:  0.000e+00
# span 0 =          1,       1013       
# span 1 = 308.925289, 308.928218       
# span 2 =    0.00000,    0.07028       
# span 3 =     0.0000,     4.2167       
# span 4 =      0.000,    253.000       
# span 5 =  1000.5954,  1024.2449       
# span 6 =   1752.449,  48778.489       
# span 7 =     0.8796,    30.8303       
# span 8 =     -0.127,     85.180       
# span 9 =    6.60921,    8.41700       
# span 10 =     7.1327,     9.2411      
# span 11 =     7.1327,     9.2466      
# span 12 =     0.5960,    23.8532      
# span 13 =   11.93926,   15.36852      
# span 14 = 4.0742e-02, 3.4144e+00      
# span 15 =     -0.128,     86.002      
# span 16 = 0.0000e+00, 0.0000e+00      
# interval = seconds: 0.25
# start_time = Nov 04 2015 22:12:25 [Instrument's time stamp, header]
# bad_flag = -9.990e-29
*END*
[from data line 852]
        853 308.927755    0.05917     3.5500    213.000  1024.0928  48629.078    30.7357     68.991    6.62848     9.0351     9.0427    23.7756   11.96811 4.5446e-02     69.654 0.0000e+00
        854 308.927758    0.05924     3.5542    213.250  1024.0941  48630.727    30.7368     69.083    6.62847     9.0348     9.0424    23.7765   11.96808 4.5426e-02     69.747 0.0000e+00
        855 308.927760    0.05931     3.5583    213.500  1024.0957  48632.869    30.7382     69.177    6.62844     9.0345     9.0422    23.7776   11.96802 4.5412e-02     69.841 0.0000e+00
        856 308.927763    0.05937     3.5625    213.750  1024.0977  48635.702    30.7401     69.273    6.62840     9.0341     9.0419    23.7791   11.96792 4.5417e-02     69.939 0.0000e+00
        857 308.927766    0.05944     3.5667    214.000  1024.1001  48639.338    30.7426     69.374    6.62834     9.0335     9.0416    23.7811   11.96780 4.5431e-02     70.041 0.0000e+00
        858 308.927769    0.05951     3.5708    214.250  1024.1030  48643.634    30.7455     69.480    6.62828     9.0329     9.0412    23.7834   11.96765 4.5448e-02     70.148 0.0000e+00
        859 308.927772    0.05958     3.5750    214.500  1024.1060  48648.349    30.7487     69.590    6.62821     9.0323     9.0407    23.7860   11.96751 4.5463e-02     70.259 0.0000e+00
        860 308.927775    0.05965     3.5792    214.750  1024.1093  48653.431    30.7521     69.700    6.62815     9.0316     9.0401    23.7888   11.96737 4.5468e-02     70.370 0.0000e+00
        861 308.927778    0.05972     3.5833    215.000  1024.1127  48658.733    30.7557     69.810    6.62809     9.0309     9.0395    23.7917   11.96723 4.5466e-02     70.481 0.0000e+00
        862 308.927781    0.05979     3.5875    215.250  1024.1160  48663.841    30.7592     69.919    6.62804     9.0303     9.0388    23.7945   11.96711 4.5464e-02     70.591 0.0000e+00
        863 308.927784    0.05986     3.5917    215.500  1024.1190  48668.491    30.7623     70.024    6.62801     9.0297     9.0381    23.7970   11.96701 4.5462e-02     70.697 0.0000e+00
        864 308.927786    0.05993     3.5958    215.750  1024.1219  48672.874    30.7652     70.127    6.62798     9.0292     9.0375    23.7994   11.96692 4.5461e-02     70.801 0.0000e+00
        865 308.927789    0.06000     3.6000    216.000  1024.1248  48677.305    30.7682     70.228    6.62793     9.0287     9.0369    23.8018   11.96681 4.5462e-02     70.903 0.0000e+00
        866 308.927792    0.06007     3.6042    216.250  1024.1276  48681.581    30.7711     70.328    6.62789     9.0282     9.0364    23.8041   11.96671 4.5466e-02     71.004 0.0000e+00
        867 308.927795    0.06014     3.6083    216.500  1024.1300  48685.157    30.7735     70.428    6.62787     9.0277     9.0359    23.8061   11.96664 4.5464e-02     71.104 0.0000e+00
        868 308.927798    0.06021     3.6125    216.750  1024.1319  48687.895    30.7753     70.529    6.62786     9.0274     9.0354    23.8076   11.96661 4.5456e-02     71.207 0.0000e+00
        869 308.927801    0.06028     3.6167    217.000  1024.1335  48690.057    30.7767     70.632    6.62786     9.0271     9.0350    23.8087   11.96659 4.5449e-02     71.311 0.0000e+00
        870 308.927804    0.06035     3.6208    217.250  1024.1350  48691.940    30.7779     70.736    6.62785     9.0269     9.0347    23.8098   11.96656 4.5447e-02     71.416 0.0000e+00
        871 308.927807    0.06042     3.6250    217.500  1024.1365  48693.742    30.7791     70.840    6.62784     9.0266     9.0344    23.8108   11.96653 4.5445e-02     71.521 0.0000e+00
        872 308.927810    0.06049     3.6292    217.750  1024.1379  48695.413    30.7802     70.943    6.62783     9.0264     9.0342    23.8117   11.96649 4.5444e-02     71.625 0.0000e+00
        873 308.927813    0.06056     3.6333    218.000  1024.1391  48696.811    30.7811     71.045    6.62782     9.0262     9.0339    23.8124   11.96647 4.5446e-02     71.728 0.0000e+00
        874 308.927815    0.06062     3.6375    218.250  1024.1402  48697.978    30.7819     71.146    6.62782     9.0261     9.0337    23.8130   11.96646 4.5449e-02     71.830 0.0000e+00
        875 308.927818    0.06069     3.6417    218.500  1024.1412  48699.046    30.7825     71.247    6.62782     9.0259     9.0336    23.8135   11.96644 4.5449e-02     71.932 0.0000e+00
        876 308.927821    0.06076     3.6458    218.750  1024.1422  48700.077    30.7832     71.347    6.62781     9.0258     9.0334    23.8141   11.96643 4.5442e-02     72.033 0.0000e+00
        877 308.927824    0.06083     3.6500    219.000  1024.1432  48701.102    30.7838     71.449    6.62780     9.0257     9.0333    23.8146   11.96640 4.5430e-02     72.136 0.0000e+00
        878 308.927827    0.06090     3.6542    219.250  1024.1442  48702.182    30.7845     71.553    6.62779     9.0256     9.0332    23.8152   11.96637 4.5421e-02     72.241 0.0000e+00
        879 308.927830    0.06097     3.6583    219.500  1024.1453  48703.332    30.7853     71.659    6.62777     9.0255     9.0331    23.8158   11.96633 4.5416e-02     72.348 0.0000e+00
        880 308.927833    0.06104     3.6625    219.750  1024.1464  48704.488    30.7860     71.766    6.62775     9.0255     9.0330    23.8164   11.96629 4.5413e-02     72.456 0.0000e+00
        881 308.927836    0.06111     3.6667    220.000  1024.1475  48705.634    30.7868     71.874    6.62773     9.0254     9.0329    23.8170   11.96624 4.5406e-02     72.565 0.0000e+00
        882 308.927839    0.06118     3.6708    220.250  1024.1486  48706.789    30.7875     71.982    6.62770     9.0254     9.0329    23.8176   11.96619 4.5403e-02     72.674 0.0000e+00
        883 308.927841    0.06125     3.6750    220.500  1024.1497  48707.852    30.7882     72.087    6.62768     9.0254     9.0329    23.8181   11.96614 4.5411e-02     72.780 0.0000e+00
        884 308.927844    0.06132     3.6792    220.750  1024.1506  48708.700    30.7888     72.190    6.62766     9.0254     9.0329    23.8186   11.96610 4.5422e-02     72.884 0.0000e+00
        885 308.927847    0.06139     3.6833    221.000  1024.1514  48709.408    30.7892     72.291    6.62764     9.0254     9.0328    23.8189   11.96607 4.5430e-02     72.986 0.0000e+00
        886 308.927850    0.06146     3.6875    221.250  1024.1521  48710.103    30.7897     72.389    6.62763     9.0253     9.0328    23.8193   11.96604 4.5435e-02     73.085 0.0000e+00
        887 308.927853    0.06153     3.6917    221.500  1024.1529  48710.806    30.7901     72.486    6.62761     9.0253     9.0328    23.8196   11.96601 4.5436e-02     73.183 0.0000e+00
        888 308.927856    0.06160     3.6958    221.750  1024.1538  48711.550    30.7906     72.583    6.62759     9.0252     9.0328    23.8200   11.96597 4.5437e-02     73.281 0.0000e+00
        889 308.927859    0.06167     3.7000    222.000  1024.1546  48712.338    30.7911     72.682    6.62757     9.0251     9.0327    23.8204   11.96594 4.5441e-02     73.381 0.0000e+00
        890 308.927862    0.06174     3.7042    222.250  1024.1555  48713.161    30.7916     72.785    6.62756     9.0251     9.0327    23.8208   11.96591 4.5443e-02     73.485 0.0000e+00
        891 308.927865    0.06181     3.7083    222.500  1024.1565  48714.075    30.7922     72.891    6.62754     9.0250     9.0326    23.8213   11.96587 4.5444e-02     73.592 0.0000e+00
        892 308.927867    0.06187     3.7125    222.750  1024.1575  48715.120    30.7929     73.001    6.62752     9.0249     9.0326    23.8218   11.96583 4.5443e-02     73.703 0.0000e+00
        893 308.927870    0.06194     3.7167    223.000  1024.1586  48716.259    30.7936     73.113    6.62750     9.0248     9.0325    23.8224   11.96578 4.5442e-02     73.816 0.0000e+00
        894 308.927873    0.06201     3.7208    223.250  1024.1597  48717.397    30.7944     73.226    6.62748     9.0247     9.0324    23.8230   11.96574 4.5444e-02     73.931 0.0000e+00
        895 308.927876    0.06208     3.7250    223.500  1024.1608  48718.474    30.7951     73.340    6.62746     9.0245     9.0323    23.8236   11.96571 4.5449e-02     74.045 0.0000e+00
        896 308.927879    0.06215     3.7292    223.750  1024.1619  48719.527    30.7957     73.452    6.62745     9.0244     9.0322    23.8241   11.96568 4.5452e-02     74.158 0.0000e+00
        897 308.927882    0.06222     3.7333    224.000  1024.1629  48720.563    30.7964     73.561    6.62744     9.0243     9.0321    23.8247   11.96565 4.5455e-02     74.268 0.0000e+00
        898 308.927885    0.06229     3.7375    224.250  1024.1639  48721.559    30.7970     73.666    6.62743     9.0242     9.0320    23.8252   11.96563 4.5460e-02     74.375 0.0000e+00
        899 308.927888    0.06236     3.7417    224.500  1024.1649  48722.517    30.7976     73.768    6.62742     9.0242     9.0319    23.8257   11.96561 4.5463e-02     74.478 0.0000e+00
        900 308.927891    0.06243     3.7458    224.750  1024.1658  48723.396    30.7982     73.868    6.62741     9.0241     9.0318    23.8261   11.96558 4.5458e-02     74.579 0.0000e+00
        901 308.927894    0.06250     3.7500    225.000  1024.1666  48724.148    30.7987     73.967    6.62740     9.0241     9.0318    23.8265   11.96555 4.5450e-02     74.679 0.0000e+00
        902 308.927896    0.06257     3.7542    225.250  1024.1674  48724.798    30.7991     74.066    6.62738     9.0240     9.0318    23.8268   11.96552 4.5442e-02     74.779 0.0000e+00
        903 308.927899    0.06264     3.7583    225.500  1024.1681  48725.380    30.7994     74.166    6.62737     9.0240     9.0317    23.8271   11.96549 4.5434e-02     74.880 0.0000e+00
        904 308.927902    0.06271     3.7625    225.750  1024.1689  48725.918    30.7997     74.269    6.62737     9.0239     9.0317    23.8274   11.96548 4.5425e-02     74.984 0.0000e+00
        905 308.927905    0.06278     3.7667    226.000  1024.1696  48726.444    30.8001     74.374    6.62736     9.0238     9.0316    23.8277   11.96547 4.5417e-02     75.090 0.0000e+00
        906 308.927908    0.06285     3.7708    226.250  1024.1704  48726.991    30.8004     74.482    6.62735     9.0237     9.0316    23.8279   11.96545 4.5412e-02     75.198 0.0000e+00
        907 308.927911    0.06292     3.7750    226.500  1024.1712  48727.606    30.8008     74.590    6.62735     9.0236     9.0315    23.8282   11.96544 4.5404e-02     75.308 0.0000e+00
        908 308.927914    0.06299     3.7792    226.750  1024.1720  48728.257    30.8012     74.699    6.62734     9.0236     9.0314    23.8285   11.96542 4.5399e-02     75.417 0.0000e+00
        909 308.927917    0.06306     3.7833    227.000  1024.1728  48728.857    30.8015     74.806    6.62733     9.0235     9.0313    23.8288   11.96541 4.5410e-02     75.525 0.0000e+00
        910 308.927920    0.06313     3.7875    227.250  1024.1735  48729.372    30.8018     74.912    6.62733     9.0235     9.0313    23.8291   11.96540 4.5426e-02     75.632 0.0000e+00
        911 308.927922    0.06319     3.7917    227.500  1024.1742  48729.790    30.8021     75.016    6.62733     9.0234     9.0312    23.8293   11.96540 4.5431e-02     75.738 0.0000e+00
        912 308.927925    0.06326     3.7958    227.750  1024.1748  48730.125    30.8023     75.119    6.62733     9.0234     9.0312    23.8295   11.96539 4.5426e-02     75.841 0.0000e+00
        913 308.927928    0.06333     3.8000    228.000  1024.1755  48730.438    30.8024     75.221    6.62732     9.0233     9.0312    23.8296   11.96538 4.5422e-02     75.944 0.0000e+00
        914 308.927931    0.06340     3.8042    228.250  1024.1761  48730.794    30.8026     75.323    6.62732     9.0233     9.0311    23.8298   11.96537 4.5419e-02     76.048 0.0000e+00
        915 308.927934    0.06347     3.8083    228.500  1024.1768  48731.183    30.8029     75.426    6.62731     9.0234     9.0311    23.8299   11.96535 4.5418e-02     76.152 0.0000e+00
        916 308.927937    0.06354     3.8125    228.750  1024.1774  48731.527    30.8031     75.530    6.62730     9.0234     9.0311    23.8301   11.96534 4.5423e-02     76.257 0.0000e+00
        917 308.927940    0.06361     3.8167    229.000  1024.1780  48731.811    30.8032     75.635    6.62729     9.0233     9.0311    23.8302   11.96532 4.5433e-02     76.363 0.0000e+00
        918 308.927943    0.06368     3.8208    229.250  1024.1786  48732.085    30.8034     75.742    6.62728     9.0233     9.0311    23.8303   11.96530 4.5443e-02     76.471 0.0000e+00
        919 308.927946    0.06375     3.8250    229.500  1024.1792  48732.382    30.8035     75.849    6.62728     9.0232     9.0311    23.8305   11.96529 4.5445e-02     76.579 0.0000e+00
        920 308.927948    0.06382     3.8292    229.750  1024.1799  48732.725    30.8037     75.956    6.62727     9.0231     9.0311    23.8306   11.96529 4.5440e-02     76.687 0.0000e+00
        921 308.927951    0.06389     3.8333    230.000  1024.1805  48733.120    30.8040     76.062    6.62727     9.0230     9.0310    23.8308   11.96529 4.5433e-02     76.794 0.0000e+00
        922 308.927954    0.06396     3.8375    230.250  1024.1812  48733.520    30.8042     76.168    6.62728     9.0229     9.0309    23.8310   11.96529 4.5427e-02     76.901 0.0000e+00
        923 308.927957    0.06403     3.8417    230.500  1024.1818  48733.846    30.8044     76.272    6.62729     9.0228     9.0308    23.8311   11.96531 4.5419e-02     77.006 0.0000e+00
        924 308.927960    0.06410     3.8458    230.750  1024.1824  48734.076    30.8045     76.375    6.62730     9.0228     9.0307    23.8312   11.96532 4.5409e-02     77.110 0.0000e+00
        925 308.927963    0.06417     3.8500    231.000  1024.1829  48734.283    30.8046     76.477    6.62730     9.0227     9.0307    23.8313   11.96532 4.5404e-02     77.213 0.0000e+00
        926 308.927966    0.06424     3.8542    231.250  1024.1835  48734.533    30.8047     76.579    6.62730     9.0225     9.0306    23.8314   11.96532 4.5405e-02     77.316 0.0000e+00
        927 308.927969    0.06431     3.8583    231.500  1024.1841  48734.820    30.8048     76.681    6.62731     9.0224     9.0305    23.8315   11.96533 4.5408e-02     77.419 0.0000e+00
        928 308.927972    0.06438     3.8625    231.750  1024.1848  48735.130    30.8050     76.785    6.62732     9.0223     9.0304    23.8317   11.96534 4.5412e-02     77.524 0.0000e+00
        929 308.927975    0.06444     3.8667    232.000  1024.1854  48735.462    30.8052     76.891    6.62733     9.0222     9.0303    23.8318   11.96536 4.5416e-02     77.631 0.0000e+00
        930 308.927977    0.06451     3.8708    232.250  1024.1860  48735.767    30.8053     76.998    6.62734     9.0220     9.0302    23.8320   11.96538 4.5420e-02     77.739 0.0000e+00
        931 308.927980    0.06458     3.8750    232.500  1024.1866  48736.052    30.8055     77.106    6.62735     9.0219     9.0301    23.8321   11.96539 4.5422e-02     77.849 0.0000e+00
        932 308.927983    0.06465     3.8792    232.750  1024.1873  48736.395    30.8056     77.216    6.62736     9.0218     9.0300    23.8323   11.96540 4.5421e-02     77.959 0.0000e+00
        933 308.927986    0.06472     3.8833    233.000  1024.1880  48736.786    30.8058     77.324    6.62737     9.0216     9.0298    23.8324   11.96542 4.5418e-02     78.069 0.0000e+00
        934 308.927989    0.06479     3.8875    233.250  1024.1886  48737.200    30.8061     77.431    6.62738     9.0215     9.0297    23.8326   11.96543 4.5414e-02     78.176 0.0000e+00
        935 308.927992    0.06486     3.8917    233.500  1024.1893  48737.654    30.8063     77.534    6.62739     9.0213     9.0296    23.8329   11.96545 4.5418e-02     78.281 0.0000e+00
        936 308.927995    0.06493     3.8958    233.750  1024.1901  48738.140    30.8066     77.635    6.62740     9.0212     9.0295    23.8331   11.96546 4.5433e-02     78.383 0.0000e+00
