CTD-processing/allCTD/CNV--homogene/2015_07-10_subbays_tutkaa_cast292.cnv
* Sea-Bird SBE19plus Data File:
* FileName = C:\Users\Kris.Holderied\Documents\kasitsna\Research-KBL\Oceanography-AK\CTD-Data-ALL-to-2015-10\2015-CTD-KachemakBay-CookInlet\2015-07-10-KachemakBay-Subbays\2015-07-10-KachemakBay-subbays-cast292.hex
* Software Version 1.59
* Temperature SN =  4141
* Conductivity SN =  4141
* System UpLoad Time = Nov 02 2015 20:08:39
** Kachemak Bay Intensive Survey - Sub-bays

** Date: 07-10
** Station: Tutka A
** Start time (AKDT): 18:26
** Depth (m): 24.4
** Comment:  Survey included T9, sub-bays and along-bay line on two boats.
** Comment: R/V Barnacle. KBRR CTD.  Seldovia done with other boat.
# nquan = 17
# nvalues = 400                         
# units = specified
# name 0 = scan: Scan Count
# name 1 = timeJ: Julian Days
# name 2 = timeH: Time, Elapsed [hours]
# name 3 = timeM: Time, Elapsed [minutes]
# name 4 = timeS: Time, Elapsed [seconds]
# name 5 = density00: Density [density, kg/m^3]
# name 6 = specc: Specific Conductance [uS/cm]
# name 7 = sal00: Salinity, Practical [PSU]
# name 8 = depSM: Depth [salt water, m], lat = 59.00
# name 9 = oxsolML/L: Oxygen Saturation, Garcia & Gordon [ml/l]
# name 10 = potemp090C: Potential Temperature [ITS-90, deg C]
# name 11 = tv290C: Temperature [ITS-90, deg C]
# name 12 = sigma-é00: Density [sigma-theta, kg/m^3]
# name 13 = n2satML/L: Nitrogen Saturation [ml/l]
# name 14 = par: PAR/Irradiance, Biospherical/Licor
# name 15 = prdM: Pressure, Strain Gauge [db]
# name 16 = flag:  0.000e+00
# span 0 =          1,        400       
# span 1 = 191.767465, 191.768620       
# span 2 =    0.00000,    0.02771       
# span 3 =     0.0000,     1.6625       
# span 4 =      0.000,     99.750       
# span 5 =   999.9988,  1024.2403       
# span 6 =   1199.386,  49319.313       
# span 7 =     0.5917,    31.3259       
# span 8 =     -0.161,     22.497       
# span 9 =    6.21050,    7.57061       
# span 10 =     9.6731,    12.8655      
# span 11 =     9.6755,    12.8656      
# span 12 =    -0.0005,    24.1373      
# span 13 =   11.30294,   13.94407      
# span 14 = 1.4130e+00, 1.2600e+02      
# span 15 =     -0.163,     22.711      
# span 16 = 0.0000e+00, 0.0000e+00      
# interval = seconds: 0.25
# start_time = Jul 10 2015 18:25:09 [Instrument's time stamp, header]
# bad_flag = -9.990e-29
*END*
[from data line 256]
        257 191.768206    0.01778     1.0667     64.000  1023.2405  47899.990    30.5323      1.221    6.30864    11.3663    11.3674    23.2349   11.44046 1.0805e+02      1.233 0.0000e+00
        258 191.768209    0.01785     1.0708     64.250  1023.2380  47895.541    30.5292      1.243    6.30861    11.3624    11.3685    23.2324   11.44045 1.0749e+02      1.255 0.0000e+00
        259 191.768212    0.01792     1.0750     64.500  1023.2394  47897.466    30.5304      1.266    6.30884    11.3584    11.3664    23.2336   11.44083 1.0729e+02      1.278 0.0000e+00
        260 191.768215    0.01799     1.0792     64.750  1023.2437  47904.582    30.5350      1.280    6.30919    11.3562    11.3625    23.2379   11.44134 1.0749e+02      1.292 0.0000e+00
        261 191.768218    0.01806     1.0833     65.000  1023.2492  47913.810    30.5411      1.281    6.30948    11.3571    11.3586    23.2434   11.44175 1.0807e+02      1.293 0.0000e+00
        262 191.768220    0.01812     1.0875     65.250  1023.2532  47920.778    30.5458      1.269    6.30959    11.3613    11.3564    23.2474   11.44189 1.0891e+02      1.281 0.0000e+00
        263 191.768223    0.01819     1.0917     65.500  1023.2537  47921.955    30.5467      1.249    6.30944    11.3673    11.3572    23.2480   11.44163 1.0967e+02      1.261 0.0000e+00
        264 191.768226    0.01826     1.0958     65.750  1023.2499  47915.934    30.5429      1.228    6.30902    11.3721    11.3615    23.2443   11.44096 1.1000e+02      1.240 0.0000e+00
        265 191.768229    0.01833     1.1000     66.000  1023.2430  47904.469    30.5354      1.216    6.30850    11.3730    11.3675    23.2374   11.44020 1.0982e+02      1.228 0.0000e+00
        266 191.768232    0.01840     1.1042     66.250  1023.2356  47891.921    30.5271      1.216    6.30820    11.3691    11.3722    23.2301   11.43980 1.0922e+02      1.228 0.0000e+00
        267 191.768235    0.01847     1.1083     66.500  1023.2304  47882.575    30.5205      1.229    6.30834    11.3602    11.3732    23.2249   11.44009 1.0842e+02      1.241 0.0000e+00
        268 191.768238    0.01854     1.1125     66.750  1023.2286  47878.377    30.5171      1.247    6.30900    11.3465    11.3693    23.2229   11.44123 1.0780e+02      1.259 0.0000e+00
        269 191.768241    0.01861     1.1167     67.000  1023.2295  47878.482    30.5163      1.264    6.31024    11.3291    11.3603    23.2238   11.44330 1.0765e+02      1.276 0.0000e+00
        270 191.768244    0.01868     1.1208     67.250  1023.2333  47882.985    30.5180      1.272    6.31201    11.3106    11.3467    23.2275   11.44622 1.0796e+02      1.284 0.0000e+00
        271 191.768247    0.01875     1.1250     67.500  1023.2412  47894.319    30.5242      1.270    6.31412    11.2946    11.3293    23.2354   11.44965 1.0856e+02      1.282 0.0000e+00
        272 191.768249    0.01882     1.1292     67.750  1023.2520  47910.990    30.5340      1.259    6.31623    11.2832    11.3108    23.2463   11.45303 1.0932e+02      1.272 0.0000e+00
        273 191.768252    0.01889     1.1333     68.000  1023.2623  47927.121    30.5437      1.246    6.31800    11.2760    11.2948    23.2566   11.45585 1.1014e+02      1.258 0.0000e+00
        274 191.768255    0.01896     1.1375     68.250  1023.2698  47938.977    30.5509      1.235    6.31925    11.2717    11.2834    23.2642   11.45784 1.1075e+02      1.247 0.0000e+00
        275 191.768258    0.01903     1.1417     68.500  1023.2745  47946.441    30.5554      1.230    6.32005    11.2691    11.2762    23.2689   11.45911 1.1074e+02      1.242 0.0000e+00
        276 191.768261    0.01910     1.1458     68.750  1023.2773  47950.683    30.5580      1.230    6.32053    11.2671    11.2719    23.2717   11.45988 1.1010e+02      1.242 0.0000e+00
        277 191.768264    0.01917     1.1500     69.000  1023.2789  47953.080    30.5594      1.235    6.32082    11.2644    11.2693    23.2732   11.46035 1.0914e+02      1.247 0.0000e+00
        278 191.768267    0.01924     1.1542     69.250  1023.2802  47955.191    30.5606      1.242    6.32105    11.2604    11.2672    23.2746   11.46071 1.0832e+02      1.254 0.0000e+00
        279 191.768270    0.01931     1.1583     69.500  1023.2823  47958.442    30.5626      1.250    6.32134    11.2552    11.2645    23.2766   11.46116 1.0812e+02      1.262 0.0000e+00
        280 191.768273    0.01938     1.1625     69.750  1023.2855  47963.491    30.5658      1.255    6.32175    11.2500    11.2606    23.2798   11.46181 1.0861e+02      1.267 0.0000e+00
        281 191.768275    0.01944     1.1667     70.000  1023.2895  47969.987    30.5698      1.256    6.32228    11.2462    11.2554    23.2838   11.46264 1.0925e+02      1.267 0.0000e+00
        282 191.768278    0.01951     1.1708     70.250  1023.2937  47976.800    30.5741      1.251    6.32282    11.2450    11.2502    23.2880   11.46349 1.0963e+02      1.262 0.0000e+00
        283 191.768281    0.01958     1.1750     70.500  1023.2969  47982.002    30.5774      1.242    6.32320    11.2459    11.2464    23.2912   11.46409 1.0975e+02      1.253 0.0000e+00
        284 191.768284    0.01965     1.1792     70.750  1023.2980  47983.960    30.5787      1.233    6.32332    11.2474    11.2452    23.2924   11.46427 1.0974e+02      1.244 0.0000e+00
        285 191.768287    0.01972     1.1833     71.000  1023.2974  47983.004    30.5781      1.228    6.32323    11.2482    11.2460    23.2918   11.46412 1.0976e+02      1.240 0.0000e+00
        286 191.768290    0.01979     1.1875     71.250  1023.2961  47980.879    30.5768      1.231    6.32308    11.2472    11.2475    23.2905   11.46388 1.0978e+02      1.242 0.0000e+00
        287 191.768293    0.01986     1.1917     71.500  1023.2953  47979.499    30.5759      1.238    6.32300    11.2441    11.2483    23.2897   11.46377 1.0973e+02      1.250 0.0000e+00
        288 191.768296    0.01993     1.1958     71.750  1023.2960  47980.530    30.5765      1.246    6.32312    11.2401    11.2473    23.2903   11.46395 1.0973e+02      1.258 0.0000e+00
        289 191.768299    0.02000     1.2000     72.000  1023.2986  47984.668    30.5791      1.251    6.32343    11.2372    11.2442    23.2929   11.46444 1.0981e+02      1.263 0.0000e+00
        290 191.768302    0.02007     1.2042     72.250  1023.3022  47990.560    30.5828      1.250    6.32383    11.2368    11.2402    23.2965   11.46505 1.1002e+02      1.262 0.0000e+00
        291 191.768304    0.02014     1.2083     72.500  1023.3050  47995.212    30.5858      1.246    6.32409    11.2381    11.2373    23.2993   11.46546 1.1035e+02      1.258 0.0000e+00
        292 191.768307    0.02021     1.2125     72.750  1023.3058  47996.585    30.5867      1.241    6.32411    11.2396    11.2369    23.3001   11.46549 1.1068e+02      1.253 0.0000e+00
        293 191.768310    0.02028     1.2167     73.000  1023.3049  47995.181    30.5859      1.238    6.32397    11.2402    11.2382    23.2992   11.46526 1.1086e+02      1.250 0.0000e+00
        294 191.768313    0.02035     1.2208     73.250  1023.3035  47992.969    30.5845      1.238    6.32381    11.2390    11.2398    23.2979   11.46501 1.1078e+02      1.250 0.0000e+00
        295 191.768316    0.02042     1.2250     73.500  1023.3028  47991.837    30.5837      1.240    6.32377    11.2364    11.2404    23.2972   11.46495 1.1048e+02      1.252 0.0000e+00
        296 191.768319    0.02049     1.2292     73.750  1023.3036  47993.051    30.5844      1.241    6.32390    11.2339    11.2392    23.2980   11.46516 1.1015e+02      1.253 0.0000e+00
        297 191.768322    0.02056     1.2333     74.000  1023.3058  47996.549    30.5866      1.242    6.32416    11.2326    11.2366    23.3001   11.46557 1.0990e+02      1.253 0.0000e+00
        298 191.768325    0.02063     1.2375     74.250  1023.3081  48000.437    30.5891      1.242    6.32440    11.2325    11.2341    23.3025   11.46594 1.0988e+02      1.253 0.0000e+00
        299 191.768328    0.02069     1.2417     74.500  1023.3095  48002.785    30.5906      1.242    6.32451    11.2324    11.2328    23.3039   11.46610 1.1006e+02      1.254 0.0000e+00
        300 191.768330    0.02076     1.2458     74.750  1023.3099  48003.422    30.5911      1.245    6.32452    11.2316    11.2326    23.3043   11.46611 1.1024e+02      1.257 0.0000e+00
        301 191.768333    0.02083     1.2500     75.000  1023.3100  48003.528    30.5911      1.250    6.32452    11.2295    11.2326    23.3043   11.46612 1.1031e+02      1.261 0.0000e+00
        302 191.768336    0.02090     1.2542     75.250  1023.3106  48004.454    30.5917      1.255    6.32462    11.2266    11.2317    23.3049   11.46627 1.1024e+02      1.266 0.0000e+00
        303 191.768339    0.02097     1.2583     75.500  1023.3123  48007.099    30.5933      1.258    6.32483    11.2242    11.2296    23.3065   11.46661 1.1010e+02      1.270 0.0000e+00
        304 191.768342    0.02104     1.2625     75.750  1023.3148  48011.229    30.5960      1.258    6.32512    11.2232    11.2267    23.3091   11.46704 1.1014e+02      1.270 0.0000e+00
        305 191.768345    0.02111     1.2667     76.000  1023.3173  48015.380    30.5986      1.254    6.32534    11.2239    11.2243    23.3116   11.46738 1.1051e+02      1.266 0.0000e+00
        306 191.768348    0.02118     1.2708     76.250  1023.3187  48017.916    30.6003      1.248    6.32541    11.2258    11.2233    23.3130   11.46748 1.1100e+02      1.260 0.0000e+00
        307 191.768351    0.02125     1.2750     76.500  1023.3186  48017.876    30.6003      1.242    6.32531    11.2278    11.2240    23.3130   11.46731 1.1136e+02      1.254 0.0000e+00
        308 191.768354    0.02132     1.2792     76.750  1023.3173  48015.699    30.5990      1.239    6.32511    11.2290    11.2259    23.3116   11.46699 1.1148e+02      1.250 0.0000e+00
        309 191.768356    0.02139     1.2833     77.000  1023.3155  48012.921    30.5973      1.239    6.32490    11.2285    11.2280    23.3099   11.46667 1.1138e+02      1.251 0.0000e+00
        310 191.768359    0.02146     1.2875     77.250  1023.3144  48011.114    30.5961      1.243    6.32479    11.2260    11.2291    23.3088   11.46650 1.1121e+02      1.254 0.0000e+00
        311 191.768362    0.02153     1.2917     77.500  1023.3146  48011.382    30.5962      1.247    6.32485    11.2223    11.2286    23.3090   11.46661 1.1115e+02      1.259 0.0000e+00
        312 191.768365    0.02160     1.2958     77.750  1023.3163  48014.061    30.5979      1.251    6.32512    11.2185    11.2262    23.3107   11.46703 1.1125e+02      1.263 0.0000e+00
        313 191.768368    0.02167     1.3000     78.000  1023.3192  48018.713    30.6008      1.253    6.32551    11.2160    11.2224    23.3136   11.46765 1.1143e+02      1.265 0.0000e+00
        314 191.768371    0.02174     1.3042     78.250  1023.3224  48023.884    30.6040      1.254    6.32589    11.2150    11.2186    23.3168   11.46824 1.1162e+02      1.266 0.0000e+00
        315 191.768374    0.02181     1.3083     78.500  1023.3248  48027.710    30.6065      1.256    6.32613    11.2148    11.2162    23.3191   11.46860 1.1180e+02      1.268 0.0000e+00
        316 191.768377    0.02187     1.3125     78.750  1023.3260  48029.651    30.6077      1.259    6.32622    11.2147    11.2152    23.3202   11.46873 1.1192e+02      1.270 0.0000e+00
        317 191.768380    0.02194     1.3167     79.000  1023.3266  48030.695    30.6084      1.264    6.32622    11.2142    11.2149    23.3208   11.46872 1.1190e+02      1.275 0.0000e+00
        318 191.768383    0.02201     1.3208     79.250  1023.3274  48032.068    30.6094      1.271    6.32619    11.2131    11.2148    23.3216   11.46868 1.1172e+02      1.282 0.0000e+00
        319 191.768385    0.02208     1.3250     79.500  1023.3287  48034.383    30.6110      1.281    6.32619    11.2103    11.2144    23.3229   11.46864 1.1120e+02      1.293 0.0000e+00
        320 191.768388    0.02215     1.3292     79.750  1023.3308  48037.830    30.6133      1.298    6.32625    11.2040    11.2133    23.3249   11.46872 1.1014e+02      1.311 0.0000e+00
        321 191.768391    0.02222     1.3333     80.000  1023.3342  48043.312    30.6168      1.331    6.32650    11.1918    11.2104    23.3281   11.46909 1.0848e+02      1.344 0.0000e+00
        322 191.768394    0.02229     1.3375     80.250  1023.3404  48053.097    30.6230      1.388    6.32711    11.1706    11.2041    23.3340   11.47003 1.0602e+02      1.401 0.0000e+00
        323 191.768397    0.02236     1.3417     80.500  1023.3518  48071.129    30.6344      1.480    6.32831    11.1384    11.1919    23.3450   11.47188 1.0270e+02      1.495 0.0000e+00
        324 191.768400    0.02243     1.3458     80.750  1023.3716  48102.790    30.6544      1.614    6.33038    11.0966    11.1708    23.3643   11.47509 9.8841e+01      1.630 0.0000e+00
        325 191.768403    0.02250     1.3500     81.000  1023.4013  48150.323    30.6844      1.788    6.33356    11.0480    11.1386    23.3932   11.48001 9.5131e+01      1.806 0.0000e+00
        326 191.768406    0.02257     1.3542     81.250  1023.4384  48209.550    30.7216      1.996    6.33776    10.9938    11.0968    23.4293   11.48653 9.2363e+01      2.015 0.0000e+00
        327 191.768409    0.02264     1.3583     81.500  1023.4792  48274.292    30.7620      2.230    6.34276    10.9331    11.0483    23.4691   11.49434 9.1336e+01      2.251 0.0000e+00
        328 191.768411    0.02271     1.3625     81.750  1023.5218  48341.337    30.8032      2.489    6.34849    10.8654    10.9941    23.5105   11.50336 9.2913e+01      2.512 0.0000e+00
        329 191.768414    0.02278     1.3667     82.000  1023.5662  48410.534    30.8452      2.770    6.35511    10.7937    10.9334    23.5536   11.51383 9.7935e+01      2.795 0.0000e+00
        330 191.768417    0.02285     1.3708     82.250  1023.6129  48482.827    30.8886      3.068    6.36263    10.7230    10.8658    23.5989   11.52579 1.0672e+02      3.096 0.0000e+00
        331 191.768420    0.02292     1.3750     82.500  1023.6612  48557.397    30.9330      3.378    6.37068    10.6571    10.7941    23.6457   11.53862 1.1717e+02      3.410 0.0000e+00
        332 191.768423    0.02299     1.3792     82.750  1023.7079  48629.459    30.9757      3.699    6.37868    10.5972    10.7234    23.6910   11.55137 1.2443e+02      3.733 0.0000e+00
        333 191.768426    0.02306     1.3833     83.000  1023.7492  48692.358    31.0125      4.026    6.38626    10.5415    10.6576    23.7308   11.56350 1.2600e+02      4.064 0.0000e+00
        334 191.768429    0.02313     1.3875     83.250  1023.7831  48742.776    31.0410      4.357    6.39338    10.4883    10.5977    23.7632   11.57497 1.2343e+02      4.398 0.0000e+00
        335 191.768432    0.02319     1.3917     83.500  1023.8118  48784.551    31.0638      4.690    6.40016    10.4379    10.5420    23.7904   11.58592 1.1803e+02      4.734 0.0000e+00
        336 191.768435    0.02326     1.3958     83.750  1023.8390  48823.927    31.0852      5.025    6.40666    10.3919    10.4889    23.8160   11.59644 1.1027e+02      5.072 0.0000e+00
        337 191.768438    0.02333     1.4000     84.000  1023.8654  48862.453    31.1063      5.362    6.41280    10.3515    10.4385    23.8409   11.60637 1.0114e+02      5.413 0.0000e+00
        338 191.768440    0.02340     1.4042     84.250  1023.8904  48898.958    31.1265      5.703    6.41838    10.3173    10.3925    23.8643   11.61537 9.1712e+01      5.757 0.0000e+00
        339 191.768443    0.02347     1.4083     84.500  1023.9129  48931.935    31.1448      6.046    6.42324    10.2889    10.3522    23.8853   11.62321 8.2660e+01      6.103 0.0000e+00
        340 191.768446    0.02354     1.4125     84.750  1023.9322  48959.876    31.1603      6.387    6.42738    10.2655    10.3180    23.9030   11.62987 7.4141e+01      6.448 0.0000e+00
