CTD-processing/allCTD/CNV--homogene/2015_07-10_t9_s10_cast269.cnv
* Sea-Bird SBE19plus Data File:
* FileName = C:\Users\Kris.Holderied\Documents\kasitsna\Research-KBL\Oceanography-AK\CTD-Data-ALL-to-2015-10\2015-CTD-KachemakBay-CookInlet\2015-07-10-CookInlet-Tran9-HomerSpit\2015-07-10-CookInlet-Tran9-cast269.hex
* Software Version 1.59
* Temperature SN =  4141
* Conductivity SN =  4141
* System UpLoad Time = Nov 02 2015 19:31:29
** Kachemak Bay Intensive Survey - Homer Spit (Tran 9)
** Date (YYYY-MM-DD): 2015-07-10
** Station (ie. 9-01):  9-10
** Start time (AKDT): 09:47
** Depth (m): 62.2
** Comment:  Survey included T9, sub-bays and along-bay line on two boats.
** Comment: R/V Barnacle. KBRR CTD.
# nquan = 17
# nvalues = 616                         
# units = specified
# name 0 = scan: Scan Count
# name 1 = timeJ: Julian Days
# name 2 = timeH: Time, Elapsed [hours]
# name 3 = timeM: Time, Elapsed [minutes]
# name 4 = timeS: Time, Elapsed [seconds]
# name 5 = density00: Density [density, kg/m^3]
# name 6 = specc: Specific Conductance [uS/cm]
# name 7 = sal00: Salinity, Practical [PSU]
# name 8 = depSM: Depth [salt water, m], lat = 59.00
# name 9 = oxsolML/L: Oxygen Saturation, Garcia & Gordon [ml/l]
# name 10 = potemp090C: Potential Temperature [ITS-90, deg C]
# name 11 = tv290C: Temperature [ITS-90, deg C]
# name 12 = sigma-é00: Density [sigma-theta, kg/m^3]
# name 13 = n2satML/L: Nitrogen Saturation [ml/l]
# name 14 = par: PAR/Irradiance, Biospherical/Licor
# name 15 = prdM: Pressure, Strain Gauge [db]
# name 16 = flag:  0.000e+00
# span 0 =          1,        616       
# span 1 = 191.408461, 191.410240       
# span 2 =    0.00000,    0.04271       
# span 3 =     0.0000,     2.5625       
# span 4 =      0.000,    153.750       
# span 5 =   999.3299,  1024.6849       
# span 6 =      4.601,  49679.332       
# span 7 =     0.0079,    31.3452       
# span 8 =     -0.129,     64.760       
# span 9 =    6.41423,    7.47073       
# span 10 =     7.9234,    13.4224      
# span 11 =     7.9295,    13.4224      
# span 12 =    -0.6695,    24.3859      
# span 13 =   11.64408,   13.76807      
# span 14 = 5.5869e-02, 3.9104e+02      
# span 15 =     -0.131,     65.381      
# span 16 = 0.0000e+00, 0.0000e+00      
# interval = seconds: 0.25
# start_time = Jul 10 2015 09:48:11 [Instrument's time stamp, header]
# bad_flag = -9.990e-29
*END*
[from data line 256]
        257 191.409201    0.01778     1.0667     64.000  1020.4406  42808.610    26.9836      0.780    6.41630    11.6327    11.6252    20.4370   11.66135 2.7080e+02      0.787 0.0000e+00
        258 191.409204    0.01785     1.0708     64.250  1020.4367  42802.054    26.9794      0.783    6.41592    11.6354    11.6293    20.4331   11.66076 2.7268e+02      0.790 0.0000e+00
        259 191.409207    0.01792     1.0750     64.500  1020.4329  42795.779    26.9753      0.783    6.41560    11.6371    11.6328    20.4293   11.66029 2.7497e+02      0.790 0.0000e+00
        260 191.409210    0.01799     1.0792     64.750  1020.4298  42790.581    26.9720      0.782    6.41537    11.6381    11.6355    20.4263   11.65994 2.7754e+02      0.789 0.0000e+00
        261 191.409213    0.01806     1.0833     65.000  1020.4278  42787.180    26.9698      0.779    6.41522    11.6386    11.6372    20.4242   11.65971 2.7962e+02      0.786 0.0000e+00
        262 191.409216    0.01812     1.0875     65.250  1020.4268  42785.582    26.9687      0.777    6.41513    11.6390    11.6381    20.4233   11.65958 2.8015e+02      0.784 0.0000e+00
        263 191.409219    0.01819     1.0917     65.500  1020.4265  42785.189    26.9685      0.775    6.41507    11.6396    11.6386    20.4230   11.65948 2.8002e+02      0.782 0.0000e+00
        264 191.409222    0.01826     1.0958     65.750  1020.4266  42785.333    26.9686      0.775    6.41500    11.6404    11.6391    20.4230   11.65937 2.8087e+02      0.782 0.0000e+00
        265 191.409225    0.01833     1.1000     66.000  1020.4266  42785.557    26.9688      0.774    6.41491    11.6412    11.6396    20.4231   11.65922 2.8231e+02      0.781 0.0000e+00
        266 191.409227    0.01840     1.1042     66.250  1020.4266  42785.683    26.9690      0.774    6.41479    11.6419    11.6404    20.4231   11.65903 2.8308e+02      0.781 0.0000e+00
        267 191.409230    0.01847     1.1083     66.500  1020.4267  42785.905    26.9692      0.774    6.41467    11.6423    11.6413    20.4231   11.65882 2.8312e+02      0.782 0.0000e+00
        268 191.409233    0.01854     1.1125     66.750  1020.4269  42786.539    26.9697      0.774    6.41455    11.6424    11.6420    20.4234   11.65862 2.8284e+02      0.782 0.0000e+00
        269 191.409236    0.01861     1.1167     67.000  1020.4275  42787.730    26.9706      0.774    6.41447    11.6423    11.6424    20.4240   11.65846 2.8167e+02      0.782 0.0000e+00
        270 191.409239    0.01868     1.1208     67.250  1020.4285  42789.532    26.9719      0.773    6.41440    11.6422    11.6425    20.4250   11.65834 2.7963e+02      0.780 0.0000e+00
        271 191.409242    0.01875     1.1250     67.500  1020.4298  42791.898    26.9735      0.768    6.41435    11.6422    11.6424    20.4262   11.65823 2.7826e+02      0.776 0.0000e+00
        272 191.409245    0.01882     1.1292     67.750  1020.4311  42794.445    26.9753      0.761    6.41429    11.6424    11.6423    20.4276   11.65812 2.7841e+02      0.768 0.0000e+00
        273 191.409248    0.01889     1.1333     68.000  1020.4320  42796.068    26.9764      0.754    6.41424    11.6425    11.6423    20.4285   11.65802 2.7936e+02      0.761 0.0000e+00
        274 191.409251    0.01896     1.1375     68.250  1020.4315  42795.229    26.9759      0.749    6.41423    11.6419    11.6425    20.4280   11.65801 2.7930e+02      0.756 0.0000e+00
        275 191.409253    0.01903     1.1417     68.500  1020.4294  42791.400    26.9732      0.751    6.41433    11.6400    11.6426    20.4259   11.65820 2.7689e+02      0.758 0.0000e+00
        276 191.409256    0.01910     1.1458     68.750  1020.4263  42785.509    26.9690      0.759    6.41459    11.6365    11.6420    20.4228   11.65868 2.7393e+02      0.766 0.0000e+00
        277 191.409259    0.01917     1.1500     69.000  1020.4226  42778.214    26.9638      0.770    6.41506    11.6305    11.6401    20.4191   11.65952 2.7319e+02      0.777 0.0000e+00
        278 191.409262    0.01924     1.1542     69.250  1020.4177  42768.354    26.9566      0.779    6.41584    11.6206    11.6366    20.4141   11.66091 2.7477e+02      0.786 0.0000e+00
        279 191.409265    0.01931     1.1583     69.500  1020.4099  42752.790    26.9452      0.782    6.41714    11.6046    11.6306    20.4063   11.66320 2.7721e+02      0.789 0.0000e+00
        280 191.409268    0.01938     1.1625     69.750  1020.3965  42726.141    26.9258      0.779    6.41929    11.5784    11.6207    20.3930   11.66701 2.7968e+02      0.786 0.0000e+00
        281 191.409271    0.01944     1.1667     70.000  1020.3730  42679.710    26.8921      0.772    6.42287    11.5373    11.6047    20.3695   11.67337 2.8148e+02      0.780 0.0000e+00
        282 191.409274    0.01951     1.1708     70.250  1020.3444  42621.784    26.8495      0.765    6.42823    11.4829    11.5785    20.3409   11.68280 2.8165e+02      0.773 0.0000e+00
        283 191.409277    0.01958     1.1750     70.500  1020.3309  42589.107    26.8231      0.760    6.43499    11.4256    11.5374    20.3274   11.69436 2.7992e+02      0.768 0.0000e+00
        284 191.409280    0.01965     1.1792     70.750  1020.3432  42601.733    26.8270      0.758    6.44239    11.3761    11.4829    20.3397   11.70661 2.7757e+02      0.765 0.0000e+00
        285 191.409282    0.01972     1.1833     71.000  1020.3700  42640.810    26.8491      0.758    6.44944    11.3386    11.4256    20.3665   11.71808 2.7640e+02      0.765 0.0000e+00
        286 191.409285    0.01979     1.1875     71.250  1020.3973  42682.274    26.8735      0.760    6.45532    11.3122    11.3762    20.3938   11.72756 2.7651e+02      0.767 0.0000e+00
        287 191.409288    0.01986     1.1917     71.500  1020.4192  42715.933    26.8935      0.763    6.45973    11.2946    11.3387    20.4157   11.73464 2.7633e+02      0.771 0.0000e+00
        288 191.409291    0.01993     1.1958     71.750  1020.4351  42740.593    26.9083      0.767    6.46279    11.2832    11.3123    20.4316   11.73955 2.7491e+02      0.775 0.0000e+00
        289 191.409294    0.02000     1.2000     72.000  1020.4466  42758.666    26.9193      0.771    6.46479    11.2757    11.2947    20.4430   11.74275 2.7248e+02      0.778 0.0000e+00
        290 191.409297    0.02007     1.2042     72.250  1020.4555  42773.074    26.9283      0.773    6.46602    11.2706    11.2832    20.4519   11.74469 2.6987e+02      0.780 0.0000e+00
        291 191.409300    0.02014     1.2083     72.500  1020.4629  42785.474    26.9362      0.772    6.46674    11.2669    11.2757    20.4594   11.74579 2.6809e+02      0.779 0.0000e+00
        292 191.409303    0.02021     1.2125     72.750  1020.4690  42795.934    26.9430      0.769    6.46717    11.2642    11.2706    20.4655   11.74643 2.6727e+02      0.777 0.0000e+00
        293 191.409306    0.02028     1.2167     73.000  1020.4741  42804.786    26.9489      0.766    6.46745    11.2621    11.2669    20.4706   11.74682 2.6672e+02      0.773 0.0000e+00
        294 191.409308    0.02035     1.2208     73.250  1020.4784  42812.140    26.9537      0.763    6.46763    11.2607    11.2642    20.4749   11.74706 2.6615e+02      0.770 0.0000e+00
        295 191.409311    0.02042     1.2250     73.500  1020.4814  42817.308    26.9571      0.763    6.46777    11.2596    11.2622    20.4778   11.74726 2.6573e+02      0.770 0.0000e+00
        296 191.409314    0.02049     1.2292     73.750  1020.4840  42821.855    26.9602      0.765    6.46784    11.2584    11.2608    20.4804   11.74734 2.6525e+02      0.772 0.0000e+00
        297 191.409317    0.02056     1.2333     74.000  1020.4873  42827.748    26.9642      0.771    6.46784    11.2571    11.2597    20.4837   11.74727 2.6502e+02      0.778 0.0000e+00
        298 191.409320    0.02063     1.2375     74.250  1020.4908  42834.033    26.9684      0.778    6.46783    11.2559    11.2585    20.4872   11.74721 2.6599e+02      0.785 0.0000e+00
        299 191.409323    0.02069     1.2417     74.500  1020.4940  42839.672    26.9722      0.784    6.46786    11.2549    11.2572    20.4904   11.74722 2.6783e+02      0.791 0.0000e+00
        300 191.409326    0.02076     1.2458     74.750  1020.4972  42845.349    26.9761      0.788    6.46788    11.2542    11.2559    20.4936   11.74720 2.6906e+02      0.795 0.0000e+00
        301 191.409329    0.02083     1.2500     75.000  1020.5005  42851.248    26.9801      0.789    6.46784    11.2537    11.2549    20.4969   11.74710 2.6906e+02      0.797 0.0000e+00
        302 191.409332    0.02090     1.2542     75.250  1020.5040  42857.535    26.9844      0.791    6.46776    11.2530    11.2543    20.5003   11.74691 2.6820e+02      0.799 0.0000e+00
        303 191.409334    0.02097     1.2583     75.500  1020.5083  42865.506    26.9899      0.795    6.46761    11.2521    11.2538    20.5047   11.74660 2.6659e+02      0.802 0.0000e+00
        304 191.409337    0.02104     1.2625     75.750  1020.5137  42875.354    26.9967      0.799    6.46742    11.2511    11.2531    20.5100   11.74621 2.6456e+02      0.807 0.0000e+00
        305 191.409340    0.02111     1.2667     76.000  1020.5189  42884.776    27.0032      0.804    6.46729    11.2502    11.2522    20.5152   11.74590 2.6314e+02      0.812 0.0000e+00
        306 191.409343    0.02118     1.2708     76.250  1020.5231  42892.286    27.0083      0.810    6.46722    11.2494    11.2512    20.5193   11.74572 2.6266e+02      0.818 0.0000e+00
        307 191.409346    0.02125     1.2750     76.500  1020.5264  42898.290    27.0124      0.817    6.46718    11.2488    11.2503    20.5227   11.74560 2.6268e+02      0.825 0.0000e+00
        308 191.409349    0.02132     1.2792     76.750  1020.5293  42903.480    27.0160      0.823    6.46714    11.2482    11.2495    20.5256   11.74550 2.6338e+02      0.831 0.0000e+00
        309 191.409352    0.02139     1.2833     77.000  1020.5326  42909.318    27.0200      0.827    6.46706    11.2475    11.2489    20.5288   11.74532 2.6456e+02      0.835 0.0000e+00
        310 191.409355    0.02146     1.2875     77.250  1020.5362  42915.982    27.0245      0.828    6.46696    11.2468    11.2483    20.5324   11.74510 2.6519e+02      0.836 0.0000e+00
        311 191.409358    0.02153     1.2917     77.500  1020.5394  42921.775    27.0285      0.824    6.46689    11.2462    11.2476    20.5356   11.74494 2.6531e+02      0.832 0.0000e+00
        312 191.409361    0.02160     1.2958     77.750  1020.5416  42925.832    27.0312      0.819    6.46688    11.2457    11.2469    20.5379   11.74488 2.6579e+02      0.827 0.0000e+00
        313 191.409363    0.02167     1.3000     78.000  1020.5429  42928.187    27.0328      0.813    6.46690    11.2454    11.2463    20.5392   11.74490 2.6622e+02      0.820 0.0000e+00
        314 191.409366    0.02174     1.3042     78.250  1020.5434  42928.943    27.0333      0.807    6.46695    11.2453    11.2458    20.5397   11.74497 2.6549e+02      0.815 0.0000e+00
        315 191.409369    0.02181     1.3083     78.500  1020.5433  42928.736    27.0331      0.803    6.46700    11.2453    11.2455    20.5396   11.74505 2.6408e+02      0.811 0.0000e+00
        316 191.409372    0.02187     1.3125     78.750  1020.5431  42928.480    27.0329      0.800    6.46702    11.2453    11.2454    20.5394   11.74509 2.6330e+02      0.808 0.0000e+00
        317 191.409375    0.02194     1.3167     79.000  1020.5431  42928.449    27.0329      0.800    6.46702    11.2451    11.2454    20.5394   11.74509 2.6303e+02      0.808 0.0000e+00
        318 191.409378    0.02201     1.3208     79.250  1020.5431  42928.462    27.0329      0.799    6.46702    11.2449    11.2454    20.5394   11.74510 2.6293e+02      0.807 0.0000e+00
        319 191.409381    0.02208     1.3250     79.500  1020.5430  42928.286    27.0328      0.797    6.46705    11.2447    11.2452    20.5394   11.74514 2.6368e+02      0.805 0.0000e+00
        320 191.409384    0.02215     1.3292     79.750  1020.5427  42927.650    27.0323      0.793    6.46710    11.2444    11.2450    20.5391   11.74523 2.6556e+02      0.801 0.0000e+00
        321 191.409387    0.02222     1.3333     80.000  1020.5421  42926.558    27.0315      0.788    6.46717    11.2441    11.2448    20.5385   11.74535 2.6782e+02      0.795 0.0000e+00
        322 191.409389    0.02229     1.3375     80.250  1020.5413  42925.197    27.0306      0.782    6.46725    11.2440    11.2445    20.5378   11.74550 2.6995e+02      0.789 0.0000e+00
        323 191.409392    0.02236     1.3417     80.500  1020.5405  42923.668    27.0295      0.777    6.46733    11.2440    11.2442    20.5370   11.74565 2.7171e+02      0.784 0.0000e+00
        324 191.409395    0.02243     1.3458     80.750  1020.5397  42922.033    27.0283      0.775    6.46740    11.2441    11.2440    20.5361   11.74577 2.7212e+02      0.782 0.0000e+00
        325 191.409398    0.02250     1.3500     81.000  1020.5388  42920.432    27.0272      0.775    6.46744    11.2440    11.2440    20.5352   11.74586 2.7093e+02      0.782 0.0000e+00
        326 191.409401    0.02257     1.3542     81.250  1020.5381  42919.175    27.0263      0.777    6.46747    11.2438    11.2441    20.5345   11.74591 2.6956e+02      0.784 0.0000e+00
        327 191.409404    0.02264     1.3583     81.500  1020.5378  42918.532    27.0259      0.781    6.46749    11.2437    11.2441    20.5342   11.74596 2.6917e+02      0.788 0.0000e+00
        328 191.409407    0.02271     1.3625     81.750  1020.5378  42918.538    27.0259      0.784    6.46751    11.2436    11.2439    20.5342   11.74600 2.6915e+02      0.791 0.0000e+00
        329 191.409410    0.02278     1.3667     82.000  1020.5380  42918.916    27.0261      0.787    6.46752    11.2435    11.2438    20.5344   11.74601 2.6860e+02      0.794 0.0000e+00
        330 191.409413    0.02285     1.3708     82.250  1020.5382  42919.235    27.0263      0.787    6.46753    11.2435    11.2437    20.5346   11.74602 2.6759e+02      0.794 0.0000e+00
        331 191.409416    0.02292     1.3750     82.500  1020.5382  42919.187    27.0263      0.786    6.46754    11.2435    11.2436    20.5346   11.74604 2.6638e+02      0.793 0.0000e+00
        332 191.409418    0.02299     1.3792     82.750  1020.5379  42918.582    27.0259      0.784    6.46756    11.2438    11.2436    20.5343   11.74608 2.6551e+02      0.791 0.0000e+00
        333 191.409421    0.02306     1.3833     83.000  1020.5372  42917.276    27.0250      0.781    6.46759    11.2443    11.2436    20.5336   11.74614 2.6560e+02      0.789 0.0000e+00
        334 191.409424    0.02313     1.3875     83.250  1020.5361  42915.312    27.0236      0.779    6.46761    11.2450    11.2439    20.5325   11.74619 2.6634e+02      0.786 0.0000e+00
        335 191.409427    0.02319     1.3917     83.500  1020.5348  42913.016    27.0221      0.778    6.46761    11.2458    11.2443    20.5312   11.74620 2.6736e+02      0.785 0.0000e+00
        336 191.409430    0.02326     1.3958     83.750  1020.5336  42910.896    27.0207      0.778    6.46756    11.2463    11.2451    20.5300   11.74615 2.6825e+02      0.785 0.0000e+00
        337 191.409433    0.02333     1.4000     84.000  1020.5327  42909.465    27.0198      0.780    6.46749    11.2465    11.2459    20.5291   11.74604 2.6830e+02      0.788 0.0000e+00
        338 191.409436    0.02340     1.4042     84.250  1020.5324  42908.978    27.0195      0.784    6.46742    11.2461    11.2464    20.5288   11.74593 2.6809e+02      0.791 0.0000e+00
        339 191.409439    0.02347     1.4083     84.500  1020.5326  42909.276    27.0197      0.788    6.46740    11.2456    11.2465    20.5290   11.74588 2.6874e+02      0.795 0.0000e+00
        340 191.409442    0.02354     1.4125     84.750  1020.5329  42909.900    27.0201      0.791    6.46743    11.2451    11.2462    20.5294   11.74593 2.6964e+02      0.798 0.0000e+00
