CTD-processing/allCTD/CNV--homogene/2015_02-23_t6_s26_cast221.cnv
* Sea-Bird SBE19plus Data File:
* FileName = C:\Users\amdoroff\Desktop\2015_02_23_CookInlet_Tran6_Douglas\2015_02_23_CookInlet_Tran6_cast221.hex
* Software Version 1.59
* Temperature SN =  4141
* Conductivity SN =  4141
* System UpLoad Time = Feb 24 2015 01:25:51
** Cook Inlet LTM Tran6 Douglas W to E
** Date 02-23
** Station: 6-26
** Start Time (AKST): 15:52
** Depth (m): 173
** Comment: Turbid water
** Comment: On R/V Pandalus. Transect crossed 23-24 Feb.
# nquan = 17
# nvalues = 1074                        
# units = specified
# name 0 = scan: Scan Count
# name 1 = timeJ: Julian Days
# name 2 = timeH: Time, Elapsed [hours]
# name 3 = timeM: Time, Elapsed [minutes]
# name 4 = timeS: Time, Elapsed [seconds]
# name 5 = density00: Density [density, kg/m^3]
# name 6 = specc: Specific Conductance [uS/cm]
# name 7 = sal00: Salinity, Practical [PSU]
# name 8 = depSM: Depth [salt water, m], lat = 59.00
# name 9 = oxsolML/L: Oxygen Saturation, Garcia & Gordon [ml/l]
# name 10 = potemp090C: Potential Temperature [ITS-90, deg C]
# name 11 = tv290C: Temperature [ITS-90, deg C]
# name 12 = sigma-é00: Density [sigma-theta, kg/m^3]
# name 13 = n2satML/L: Nitrogen Saturation [ml/l]
# name 14 = par: PAR/Irradiance, Biospherical/Licor
# name 15 = prdM: Pressure, Strain Gauge [db]
# name 16 = flag:  0.000e+00
# span 0 =          1,       1074       
# span 1 =  54.661377,  54.664482       
# span 2 =    0.00000,    0.07451       
# span 3 =     0.0000,     4.4708       
# span 4 =      0.000,    268.250       
# span 5 =  1000.3552,  1025.9282       
# span 6 =    993.757,  51146.262       
# span 7 =     0.4717,    32.0188       
# span 8 =      0.008,    168.348       
# span 9 =    6.97568,    9.16161       
# span 10 =     3.2542,     6.4242      
# span 11 =     3.2543,     6.4361      
# span 12 =     0.3552,    25.1461      
# span 13 =   12.52661,   16.62588      
# span 14 = 3.6382e-02, 1.5943e+02      
# span 15 =      0.008,    170.006      
# span 16 = 0.0000e+00, 0.0000e+00      
# interval = seconds: 0.25
# start_time = Feb 23 2015 15:52:23 [Instrument's time stamp, header]
# bad_flag = -9.990e-29
*END*
[from data line 852]
        853  54.663843    0.05917     3.5500    213.000  1025.4931  50806.480    31.7730    111.084    7.01920     6.2295     6.2371    24.9758   12.60152 3.6382e-02    112.163 0.0000e+00
        854  54.663845    0.05924     3.5542    213.250  1025.4943  50807.563    31.7738    111.229    7.01902     6.2304     6.2379    24.9763   12.60122 3.6382e-02    112.309 0.0000e+00
        855  54.663848    0.05931     3.5583    213.500  1025.4957  50808.994    31.7749    111.373    7.01883     6.2314     6.2387    24.9771   12.60089 3.6382e-02    112.455 0.0000e+00
        856  54.663851    0.05937     3.5625    213.750  1025.4973  50810.706    31.7762    111.526    7.01862     6.2325     6.2396    24.9780   12.60053 3.6382e-02    112.609 0.0000e+00
        857  54.663854    0.05944     3.5667    214.000  1025.4990  50812.420    31.7775    111.695    7.01840     6.2337     6.2407    24.9789   12.60015 3.6382e-02    112.779 0.0000e+00
        858  54.663857    0.05951     3.5708    214.250  1025.5007  50814.009    31.7787    111.885    7.01816     6.2349     6.2418    24.9798   12.59974 3.6382e-02    112.971 0.0000e+00
        859  54.663860    0.05958     3.5750    214.500  1025.5026  50815.749    31.7800    112.101    7.01791     6.2363     6.2429    24.9807   12.59931 3.6382e-02    113.190 0.0000e+00
        860  54.663863    0.05965     3.5792    214.750  1025.5050  50818.086    31.7818    112.348    7.01762     6.2380     6.2442    24.9819   12.59881 3.6382e-02    113.439 0.0000e+00
        861  54.663866    0.05972     3.5833    215.000  1025.5080  50821.392    31.7842    112.625    7.01728     6.2401     6.2456    24.9836   12.59821 3.6382e-02    113.719 0.0000e+00
        862  54.663869    0.05979     3.5875    215.250  1025.5118  50825.763    31.7874    112.933    7.01685     6.2429     6.2473    24.9859   12.59746 3.6382e-02    114.031 0.0000e+00
        863  54.663872    0.05986     3.5917    215.500  1025.5163  50831.231    31.7915    113.272    7.01630     6.2463     6.2495    24.9889   12.59650 3.6382e-02    114.373 0.0000e+00
        864  54.663874    0.05993     3.5958    215.750  1025.5214  50837.580    31.7962    113.639    7.01562     6.2505     6.2523    24.9923   12.59532 3.6382e-02    114.743 0.0000e+00
        865  54.663877    0.06000     3.6000    216.000  1025.5267  50844.127    31.8012    114.029    7.01481     6.2552     6.2558    24.9958   12.59392 3.6382e-02    115.137 0.0000e+00
        866  54.663880    0.06007     3.6042    216.250  1025.5321  50850.548    31.8063    114.436    7.01389     6.2604     6.2600    24.9993   12.59234 3.6382e-02    115.548 0.0000e+00
        867  54.663883    0.06014     3.6083    216.500  1025.5376  50857.259    31.8117    114.851    7.01286     6.2662     6.2647    25.0030   12.59058 3.6382e-02    115.967 0.0000e+00
        868  54.663886    0.06021     3.6125    216.750  1025.5438  50864.971    31.8178    115.265    7.01171     6.2725     6.2700    25.0072   12.58860 3.6382e-02    116.386 0.0000e+00
        869  54.663889    0.06028     3.6167    217.000  1025.5503  50873.498    31.8247    115.667    7.01044     6.2789     6.2758    25.0119   12.58640 3.6382e-02    116.791 0.0000e+00
        870  54.663892    0.06035     3.6208    217.250  1025.5559  50880.632    31.8307    116.042    7.00912     6.2848     6.2822    25.0158   12.58415 3.6382e-02    117.170 0.0000e+00
        871  54.663895    0.06042     3.6250    217.500  1025.5595  50884.267    31.8343    116.379    7.00790     6.2896     6.2886    25.0178   12.58208 3.6382e-02    117.511 0.0000e+00
        872  54.663898    0.06049     3.6292    217.750  1025.5612  50884.817    31.8357    116.672    7.00687     6.2932     6.2945    25.0182   12.58036 3.6382e-02    117.807 0.0000e+00
        873  54.663900    0.06056     3.6333    218.000  1025.5620  50884.000    31.8359    116.920    7.00607     6.2958     6.2993    25.0178   12.57904 3.6382e-02    118.057 0.0000e+00
        874  54.663903    0.06062     3.6375    218.250  1025.5624  50883.019    31.8358    117.124    7.00548     6.2977     6.3030    25.0173   12.57806 3.6382e-02    118.263 0.0000e+00
        875  54.663906    0.06069     3.6417    218.500  1025.5627  50882.172    31.8357    117.289    7.00505     6.2990     6.3056    25.0169   12.57735 3.6382e-02    118.430 0.0000e+00
        876  54.663909    0.06076     3.6458    218.750  1025.5628  50881.140    31.8352    117.420    7.00476     6.2997     6.3075    25.0163   12.57688 3.6382e-02    118.562 0.0000e+00
        877  54.663912    0.06083     3.6500    219.000  1025.5625  50879.795    31.8345    117.524    7.00459     6.3000     6.3088    25.0155   12.57660 3.6382e-02    118.667 0.0000e+00
        878  54.663915    0.06090     3.6542    219.250  1025.5622  50878.577    31.8338    117.610    7.00450     6.3000     6.3095    25.0149   12.57648 3.6382e-02    118.754 0.0000e+00
        879  54.663918    0.06097     3.6583    219.500  1025.5624  50878.143    31.8335    117.689    7.00447     6.3001     6.3098    25.0146   12.57643 3.6382e-02    118.834 0.0000e+00
        880  54.663921    0.06104     3.6625    219.750  1025.5634  50879.257    31.8342    117.773    7.00443     6.3008     6.3099    25.0152   12.57635 3.6382e-02    118.918 0.0000e+00
        881  54.663924    0.06111     3.6667    220.000  1025.5655  50882.456    31.8364    117.873    7.00429     6.3021     6.3100    25.0169   12.57611 3.6382e-02    119.019 0.0000e+00
        882  54.663927    0.06118     3.6708    220.250  1025.5686  50887.167    31.8397    118.000    7.00404     6.3040     6.3106    25.0195   12.57564 3.6382e-02    119.148 0.0000e+00
        883  54.663929    0.06125     3.6750    220.500  1025.5721  50892.121    31.8433    118.165    7.00366     6.3064     6.3119    25.0222   12.57497 3.6382e-02    119.314 0.0000e+00
        884  54.663932    0.06132     3.6792    220.750  1025.5757  50896.969    31.8470    118.374    7.00317     6.3091     6.3139    25.0248   12.57412 3.6382e-02    119.525 0.0000e+00
        885  54.663935    0.06139     3.6833    221.000  1025.5793  50901.488    31.8504    118.631    7.00261     6.3118     6.3163    25.0272   12.57315 3.6382e-02    119.785 0.0000e+00
        886  54.663938    0.06146     3.6875    221.250  1025.5826  50905.039    31.8533    118.935    7.00204     6.3144     6.3190    25.0291   12.57217 3.6382e-02    120.092 0.0000e+00
        887  54.663941    0.06153     3.6917    221.500  1025.5857  50907.812    31.8555    119.284    7.00149     6.3166     6.3218    25.0306   12.57122 3.6382e-02    120.444 0.0000e+00
        888  54.663944    0.06160     3.6958    221.750  1025.5887  50910.294    31.8576    119.669    7.00097     6.3186     6.3243    25.0319   12.57034 3.6382e-02    120.834 0.0000e+00
        889  54.663947    0.06167     3.7000    222.000  1025.5918  50912.674    31.8595    120.081    7.00050     6.3204     6.3267    25.0331   12.56955 3.6382e-02    121.250 0.0000e+00
        890  54.663950    0.06174     3.7042    222.250  1025.5951  50915.183    31.8614    120.509    7.00008     6.3220     6.3287    25.0344   12.56883 3.6382e-02    121.682 0.0000e+00
        891  54.663953    0.06181     3.7083    222.500  1025.5985  50917.932    31.8634    120.942    6.99969     6.3235     6.3305    25.0358   12.56816 3.6382e-02    122.119 0.0000e+00
        892  54.663955    0.06187     3.7125    222.750  1025.6019  50920.718    31.8655    121.367    6.99933     6.3249     6.3322    25.0372   12.56753 3.6382e-02    122.549 0.0000e+00
        893  54.663958    0.06194     3.7167    223.000  1025.6050  50923.208    31.8673    121.771    6.99899     6.3262     6.3337    25.0384   12.56694 3.6382e-02    122.956 0.0000e+00
        894  54.663961    0.06201     3.7208    223.250  1025.6078  50925.248    31.8689    122.142    6.99868     6.3274     6.3352    25.0395   12.56642 3.6382e-02    123.331 0.0000e+00
        895  54.663964    0.06208     3.7250    223.500  1025.6101  50926.837    31.8701    122.474    6.99841     6.3283     6.3365    25.0403   12.56595 3.6382e-02    123.667 0.0000e+00
        896  54.663967    0.06215     3.7292    223.750  1025.6119  50927.883    31.8709    122.769    6.99818     6.3291     6.3376    25.0408   12.56557 3.6382e-02    123.965 0.0000e+00
        897  54.663970    0.06222     3.7333    224.000  1025.6133  50928.333    31.8712    123.029    6.99801     6.3297     6.3386    25.0409   12.56527 3.6382e-02    124.227 0.0000e+00
        898  54.663973    0.06229     3.7375    224.250  1025.6143  50928.395    31.8713    123.258    6.99787     6.3301     6.3394    25.0409   12.56505 3.6382e-02    124.458 0.0000e+00
        899  54.663976    0.06236     3.7417    224.500  1025.6152  50928.382    31.8713    123.462    6.99778     6.3304     6.3400    25.0408   12.56489 3.6382e-02    124.664 0.0000e+00
        900  54.663979    0.06243     3.7458    224.750  1025.6161  50928.447    31.8714    123.646    6.99771     6.3306     6.3404    25.0408   12.56477 3.6382e-02    124.850 0.0000e+00
        901  54.663981    0.06250     3.7500    225.000  1025.6170  50928.757    31.8716    123.816    6.99765     6.3308     6.3407    25.0409   12.56467 3.6382e-02    125.022 0.0000e+00
        902  54.663984    0.06257     3.7542    225.250  1025.6181  50929.445    31.8720    123.979    6.99759     6.3311     6.3410    25.0412   12.56457 3.6382e-02    125.187 0.0000e+00
        903  54.663987    0.06264     3.7583    225.500  1025.6193  50930.387    31.8726    124.138    6.99752     6.3314     6.3412    25.0417   12.56445 3.6382e-02    125.348 0.0000e+00
        904  54.663990    0.06271     3.7625    225.750  1025.6206  50931.529    31.8734    124.297    6.99745     6.3318     6.3415    25.0423   12.56431 3.6382e-02    125.508 0.0000e+00
        905  54.663993    0.06278     3.7667    226.000  1025.6221  50933.009    31.8744    124.460    6.99735     6.3323     6.3418    25.0430   12.56414 3.6382e-02    125.674 0.0000e+00
        906  54.663996    0.06285     3.7708    226.250  1025.6239  50934.988    31.8757    124.634    6.99721     6.3331     6.3422    25.0441   12.56390 3.6382e-02    125.849 0.0000e+00
        907  54.663999    0.06292     3.7750    226.500  1025.6262  50937.695    31.8776    124.825    6.99703     6.3342     6.3428    25.0455   12.56358 3.6382e-02    126.041 0.0000e+00
        908  54.664002    0.06299     3.7792    226.750  1025.6293  50941.642    31.8804    125.039    6.99678     6.3359     6.3436    25.0476   12.56313 3.6382e-02    126.258 0.0000e+00
        909  54.664005    0.06306     3.7833    227.000  1025.6337  50947.735    31.8848    125.283    6.99640     6.3385     6.3447    25.0509   12.56244 3.6382e-02    126.504 0.0000e+00
        910  54.664008    0.06313     3.7875    227.250  1025.6402  50957.299    31.8916    125.560    6.99580     6.3427     6.3464    25.0561   12.56136 3.6382e-02    126.784 0.0000e+00
        911  54.664010    0.06319     3.7917    227.500  1025.6496  50971.979    31.9021    125.872    6.99487     6.3487     6.3491    25.0640   12.55970 3.6382e-02    127.099 0.0000e+00
        912  54.664013    0.06326     3.7958    227.750  1025.6615  50990.940    31.9159    126.217    6.99355     6.3562     6.3533    25.0744   12.55734 3.6382e-02    127.447 0.0000e+00
        913  54.664016    0.06333     3.8000    228.000  1025.6728  51008.471    31.9291    126.589    6.99195     6.3643     6.3593    25.0840   12.55454 3.6382e-02    127.823 0.0000e+00
        914  54.664019    0.06340     3.8042    228.250  1025.6808  51019.617    31.9381    126.983    6.99030     6.3719     6.3670    25.0901   12.55169 3.6382e-02    128.221 0.0000e+00
        915  54.664022    0.06347     3.8083    228.500  1025.6856  51024.849    31.9431    127.387    6.98874     6.3785     6.3751    25.0931   12.54906 3.6382e-02    128.629 0.0000e+00
        916  54.664025    0.06354     3.8125    228.750  1025.6885  51026.777    31.9457    127.788    6.98738     6.3841     6.3827    25.0942   12.54679 3.6382e-02    129.034 0.0000e+00
        917  54.664028    0.06361     3.8167    229.000  1025.6908  51027.676    31.9474    128.172    6.98622     6.3890     6.3893    25.0947   12.54485 3.6382e-02    129.422 0.0000e+00
        918  54.664031    0.06368     3.8208    229.250  1025.6928  51028.482    31.9488    128.524    6.98523     6.3932     6.3950    25.0952   12.54319 3.6382e-02    129.777 0.0000e+00
        919  54.664034    0.06375     3.8250    229.500  1025.6944  51028.711    31.9498    128.833    6.98439     6.3968     6.3999    25.0953   12.54179 3.6382e-02    130.089 0.0000e+00
        920  54.664036    0.06382     3.8292    229.750  1025.6957  51028.776    31.9505    129.094    6.98367     6.3999     6.4041    25.0954   12.54059 3.6382e-02    130.353 0.0000e+00
        921  54.664039    0.06389     3.8333    230.000  1025.6970  51029.402    31.9515    129.308    6.98304     6.4026     6.4077    25.0957   12.53953 3.6382e-02    130.570 0.0000e+00
        922  54.664042    0.06396     3.8375    230.250  1025.6980  51029.722    31.9523    129.480    6.98249     6.4047     6.4109    25.0959   12.53861 3.6382e-02    130.743 0.0000e+00
        923  54.664045    0.06403     3.8417    230.500  1025.6981  51028.744    31.9521    129.616    6.98206     6.4060     6.4136    25.0954   12.53790 3.6382e-02    130.880 0.0000e+00
        924  54.664048    0.06410     3.8458    230.750  1025.6975  51026.665    31.9510    129.725    6.98177     6.4065     6.4156    25.0943   12.53744 3.6382e-02    130.991 0.0000e+00
        925  54.664051    0.06417     3.8500    231.000  1025.6967  51024.453    31.9496    129.821    6.98162     6.4067     6.4170    25.0930   12.53720 3.6382e-02    131.087 0.0000e+00
        926  54.664054    0.06424     3.8542    231.250  1025.6967  51023.743    31.9492    129.915    6.98154     6.4069     6.4175    25.0926   12.53709 3.6382e-02    131.182 0.0000e+00
        927  54.664057    0.06431     3.8583    231.500  1025.6984  51025.875    31.9507    130.022    6.98145     6.4079     6.4177    25.0938   12.53692 3.6382e-02    131.290 0.0000e+00
        928  54.664060    0.06438     3.8625    231.750  1025.7016  51030.702    31.9540    130.153    6.98125     6.4097     6.4180    25.0964   12.53654 3.6382e-02    131.423 0.0000e+00
        929  54.664063    0.06444     3.8667    232.000  1025.7055  51036.584    31.9582    130.320    6.98090     6.4120     6.4189    25.0995   12.53591 3.6382e-02    131.592 0.0000e+00
        930  54.664065    0.06451     3.8708    232.250  1025.7090  51041.347    31.9617    130.529    6.98044     6.4142     6.4207    25.1021   12.53512 3.6382e-02    131.803 0.0000e+00
        931  54.664068    0.06458     3.8750    232.500  1025.7117  51044.182    31.9640    130.783    6.97997     6.4162     6.4230    25.1037   12.53430 3.6382e-02    132.060 0.0000e+00
        932  54.664071    0.06465     3.8792    232.750  1025.7140  51045.829    31.9655    131.082    6.97953     6.4177     6.4253    25.1045   12.53356 3.6382e-02    132.362 0.0000e+00
        933  54.664074    0.06472     3.8833    233.000  1025.7162  51047.078    31.9666    131.423    6.97916     6.4188     6.4273    25.1051   12.53293 3.6382e-02    132.706 0.0000e+00
        934  54.664077    0.06479     3.8875    233.250  1025.7184  51048.123    31.9674    131.798    6.97886     6.4196     6.4289    25.1056   12.53243 3.6382e-02    133.085 0.0000e+00
        935  54.664080    0.06486     3.8917    233.500  1025.7205  51048.843    31.9679    132.199    6.97865     6.4201     6.4300    25.1058   12.53207 3.6382e-02    133.490 0.0000e+00
        936  54.664083    0.06493     3.8958    233.750  1025.7226  51049.283    31.9682    132.615    6.97850     6.4205     6.4308    25.1059   12.53183 3.6382e-02    133.910 0.0000e+00
