CTD-processing/allCTD/CNV--homogene/2015_07-10_subbays_sadieb_cast287.cnv
* Sea-Bird SBE19plus Data File:
* FileName = C:\Users\Kris.Holderied\Documents\kasitsna\Research-KBL\Oceanography-AK\CTD-Data-ALL-to-2015-10\2015-CTD-KachemakBay-CookInlet\2015-07-10-KachemakBay-Subbays\2015-07-10-KachemakBay-subbays-cast287.hex
* Software Version 1.59
* Temperature SN =  4141
* Conductivity SN =  4141
* System UpLoad Time = Nov 02 2015 20:03:21
** Kachemak Bay Intensive Survey - Sub-bays
** Date: 07-10
** Station: Sadie B
** Start time (AKDT): 16:36
** Depth (m): 34.4
** Comment:  Survey included T9, sub-bays and along-bay line on two boats.
** Comment: R/V Barnacle. KBRR CTD.  Seldovia done with other boat.
# nquan = 17
# nvalues = 554                         
# units = specified
# name 0 = scan: Scan Count
# name 1 = timeJ: Julian Days
# name 2 = timeH: Time, Elapsed [hours]
# name 3 = timeM: Time, Elapsed [minutes]
# name 4 = timeS: Time, Elapsed [seconds]
# name 5 = density00: Density [density, kg/m^3]
# name 6 = specc: Specific Conductance [uS/cm]
# name 7 = sal00: Salinity, Practical [PSU]
# name 8 = depSM: Depth [salt water, m], lat = 59.00
# name 9 = oxsolML/L: Oxygen Saturation, Garcia & Gordon [ml/l]
# name 10 = potemp090C: Potential Temperature [ITS-90, deg C]
# name 11 = tv290C: Temperature [ITS-90, deg C]
# name 12 = sigma-é00: Density [sigma-theta, kg/m^3]
# name 13 = n2satML/L: Nitrogen Saturation [ml/l]
# name 14 = par: PAR/Irradiance, Biospherical/Licor
# name 15 = prdM: Pressure, Strain Gauge [db]
# name 16 = flag:  0.000e+00
# span 0 =          1,        554       
# span 1 = 191.692037, 191.693637       
# span 2 =    0.00000,    0.03840       
# span 3 =     0.0000,     2.3042       
# span 4 =      0.000,    138.250       
# span 5 =   999.7574,  1024.4001       
# span 6 =   1468.472,  49477.176       
# span 7 =     0.7336,    31.3029       
# span 8 =     -0.153,     29.912       
# span 9 =    6.20653,    7.11630       
# span 10 =     8.6631,    14.4079      
# span 11 =     8.6661,    14.4079      
# span 12 =    -0.2418,    24.2661      
# span 13 =   11.27978,   13.17191      
# span 14 = 2.2727e+00, 2.1042e+02      
# span 15 =     -0.155,     30.196      
# span 16 = 0.0000e+00, 0.0000e+00      
# interval = seconds: 0.25
# start_time = Jul 10 2015 16:36:32 [Instrument's time stamp, header]
# bad_flag = -9.990e-29
*END*
[from data line 341]
        342 191.693024    0.02368     1.4208     85.250  1022.4612  46593.417    29.6708      1.058    6.26001    11.9955    11.9863    22.4564   11.36986 4.4814e+01      1.068 0.0000e+00
        343 191.693027    0.02375     1.4250     85.500  1022.4562  46585.131    29.6654      1.058    6.25961    11.9999    11.9909    22.4513   11.36925 4.4892e+01      1.068 0.0000e+00
        344 191.693030    0.02382     1.4292     85.750  1022.4512  46576.976    29.6601      1.058    6.25919    12.0033    11.9956    22.4464   11.36862 4.4845e+01      1.068 0.0000e+00
        345 191.693032    0.02389     1.4333     86.000  1022.4468  46569.773    29.6554      1.059    6.25880    12.0052    12.0000    22.4420   11.36802 4.4635e+01      1.069 0.0000e+00
        346 191.693035    0.02396     1.4375     86.250  1022.4436  46564.571    29.6520      1.062    6.25848    12.0057    12.0034    22.4388   11.36754 4.4443e+01      1.072 0.0000e+00
        347 191.693038    0.02403     1.4417     86.500  1022.4419  46561.966    29.6504      1.065    6.25828    12.0047    12.0054    22.4371   11.36723 4.4224e+01      1.075 0.0000e+00
        348 191.693041    0.02410     1.4458     86.750  1022.4420  46562.139    29.6506      1.067    6.25822    12.0031    12.0058    22.4372   11.36712 4.4136e+01      1.078 0.0000e+00
        349 191.693044    0.02417     1.4500     87.000  1022.4433  46564.279    29.6520      1.069    6.25829    12.0015    12.0048    22.4384   11.36722 4.4395e+01      1.079 0.0000e+00
        350 191.693047    0.02424     1.4542     87.250  1022.4449  46566.967    29.6537      1.070    6.25844    12.0002    12.0032    22.4401   11.36745 4.4732e+01      1.080 0.0000e+00
        351 191.693050    0.02431     1.4583     87.500  1022.4465  46569.571    29.6554      1.071    6.25858    11.9988    12.0016    22.4417   11.36767 4.4840e+01      1.081 0.0000e+00
        352 191.693053    0.02438     1.4625     87.750  1022.4484  46572.743    29.6576      1.074    6.25867    11.9963    12.0003    22.4435   11.36779 4.4916e+01      1.084 0.0000e+00
        353 191.693056    0.02444     1.4667     88.000  1022.4512  46577.446    29.6607      1.078    6.25874    11.9924    11.9989    22.4463   11.36787 4.5420e+01      1.088 0.0000e+00
        354 191.693058    0.02451     1.4708     88.250  1022.4553  46584.379    29.6654      1.084    6.25888    11.9864    11.9965    22.4503   11.36804 4.6299e+01      1.094 0.0000e+00
        355 191.693061    0.02458     1.4750     88.500  1022.4613  46594.482    29.6722      1.089    6.25914    11.9786    11.9925    22.4563   11.36839 4.7010e+01      1.099 0.0000e+00
        356 191.693064    0.02465     1.4792     88.750  1022.4692  46607.894    29.6811      1.093    6.25958    11.9705    11.9865    22.4643   11.36902 4.7666e+01      1.103 0.0000e+00
        357 191.693067    0.02472     1.4833     89.000  1022.4781  46622.536    29.6906      1.095    6.26024    11.9640    11.9787    22.4731   11.37001 4.8632e+01      1.106 0.0000e+00
        358 191.693070    0.02479     1.4875     89.250  1022.4860  46635.335    29.6989      1.096    6.26099    11.9600    11.9706    22.4810   11.37116 4.9559e+01      1.106 0.0000e+00
        359 191.693073    0.02486     1.4917     89.500  1022.4915  46644.164    29.7045      1.095    6.26163    11.9586    11.9641    22.4865   11.37216 5.0549e+01      1.105 0.0000e+00
        360 191.693076    0.02493     1.4958     89.750  1022.4943  46648.496    29.7072      1.094    6.26205    11.9583    11.9602    22.4893   11.37282 5.2043e+01      1.105 0.0000e+00
        361 191.693079    0.02500     1.5000     90.000  1022.4950  46649.477    29.7078      1.095    6.26222    11.9576    11.9587    22.4900   11.37310 5.3969e+01      1.105 0.0000e+00
        362 191.693082    0.02507     1.5042     90.250  1022.4951  46649.661    29.7079      1.098    6.26224    11.9552    11.9585    22.4901   11.37314 5.6879e+01      1.108 0.0000e+00
        363 191.693084    0.02514     1.5083     90.500  1022.4961  46651.318    29.7090      1.102    6.26230    11.9513    11.9578    22.4911   11.37321 6.1072e+01      1.112 0.0000e+00
        364 191.693087    0.02521     1.5125     90.750  1022.4984  46654.894    29.7113      1.106    6.26252    11.9469    11.9554    22.4933   11.37356 6.6236e+01      1.116 0.0000e+00
        365 191.693090    0.02528     1.5167     91.000  1022.5014  46659.602    29.7142      1.109    6.26293    11.9428    11.9514    22.4963   11.37419 7.0719e+01      1.120 0.0000e+00
        366 191.693093    0.02535     1.5208     91.250  1022.5045  46664.363    29.7172      1.111    6.26340    11.9396    11.9470    22.4994   11.37495 7.5163e+01      1.121 0.0000e+00
        367 191.693096    0.02542     1.5250     91.500  1022.5070  46668.174    29.7195      1.110    6.26386    11.9377    11.9429    22.5019   11.37568 8.3731e+01      1.121 0.0000e+00
        368 191.693099    0.02549     1.5292     91.750  1022.5086  46670.491    29.7208      1.108    6.26422    11.9369    11.9398    22.5035   11.37627 9.2736e+01      1.119 0.0000e+00
        369 191.693102    0.02556     1.5333     92.000  1022.5091  46671.098    29.7211      1.106    6.26447    11.9369    11.9379    22.5041   11.37667 9.3504e+01      1.117 0.0000e+00
        370 191.693105    0.02562     1.5375     92.250  1022.5085  46669.989    29.7202      1.105    6.26461    11.9369    11.9371    22.5035   11.37691 8.7620e+01      1.116 0.0000e+00
        371 191.693108    0.02569     1.5417     92.500  1022.5075  46668.046    29.7188      1.105    6.26467    11.9366    11.9370    22.5025   11.37703 8.3387e+01      1.116 0.0000e+00
        372 191.693111    0.02576     1.5458     92.750  1022.5067  46666.697    29.7179      1.105    6.26470    11.9358    11.9370    22.5017   11.37710 8.2028e+01      1.116 0.0000e+00
        373 191.693113    0.02583     1.5500     93.000  1022.5066  46666.409    29.7176      1.106    6.26476    11.9348    11.9367    22.5016   11.37719 8.0038e+01      1.117 0.0000e+00
        374 191.693116    0.02590     1.5542     93.250  1022.5067  46666.493    29.7176      1.106    6.26486    11.9341    11.9359    22.5017   11.37736 7.7013e+01      1.117 0.0000e+00
        375 191.693119    0.02597     1.5583     93.500  1022.5067  46666.220    29.7174      1.106    6.26500    11.9339    11.9350    22.5017   11.37759 7.4169e+01      1.117 0.0000e+00
        376 191.693122    0.02604     1.5625     93.750  1022.5063  46665.375    29.7167      1.107    6.26511    11.9342    11.9343    22.5013   11.37778 7.1891e+01      1.118 0.0000e+00
        377 191.693125    0.02611     1.5667     94.000  1022.5055  46663.913    29.7157      1.107    6.26518    11.9349    11.9341    22.5005   11.37791 7.0682e+01      1.118 0.0000e+00
        378 191.693128    0.02618     1.5708     94.250  1022.5044  46661.868    29.7142      1.107    6.26520    11.9360    11.9344    22.4993   11.37795 7.0528e+01      1.118 0.0000e+00
        379 191.693131    0.02625     1.5750     94.500  1022.5031  46659.646    29.7127      1.106    6.26516    11.9374    11.9351    22.4980   11.37792 7.1338e+01      1.117 0.0000e+00
        380 191.693134    0.02632     1.5792     94.750  1022.5017  46657.416    29.7113      1.104    6.26508    11.9390    11.9362    22.4967   11.37779 7.2875e+01      1.115 0.0000e+00
        381 191.693137    0.02639     1.5833     95.000  1022.5002  46654.832    29.7096      1.102    6.26496    11.9407    11.9375    22.4951   11.37762 7.3210e+01      1.113 0.0000e+00
        382 191.693139    0.02646     1.5875     95.250  1022.4983  46651.713    29.7075      1.101    6.26483    11.9425    11.9391    22.4933   11.37743 7.2582e+01      1.112 0.0000e+00
        383 191.693142    0.02653     1.5917     95.500  1022.4961  46647.965    29.7050      1.102    6.26471    11.9447    11.9408    22.4910   11.37725 7.0690e+01      1.112 0.0000e+00
        384 191.693145    0.02660     1.5958     95.750  1022.4932  46643.004    29.7017      1.104    6.26460    11.9479    11.9426    22.4881   11.37711 6.6630e+01      1.114 0.0000e+00
        385 191.693148    0.02667     1.6000     96.000  1022.4893  46636.292    29.6971      1.105    6.26448    11.9522    11.9448    22.4842   11.37697 6.3449e+01      1.115 0.0000e+00
        386 191.693151    0.02674     1.6042     96.250  1022.4845  46628.250    29.6918      1.105    6.26427    11.9571    11.9480    22.4795   11.37668 6.1598e+01      1.116 0.0000e+00
        387 191.693154    0.02681     1.6083     96.500  1022.4794  46619.718    29.6862      1.103    6.26392    11.9621    11.9523    22.4743   11.37617 6.0648e+01      1.114 0.0000e+00
        388 191.693157    0.02688     1.6125     96.750  1022.4742  46611.176    29.6806      1.100    6.26348    11.9668    11.9573    22.4691   11.37551 6.2141e+01      1.111 0.0000e+00
        389 191.693160    0.02694     1.6167     97.000  1022.4690  46602.689    29.6751      1.098    6.26303    11.9706    11.9623    22.4640   11.37483 6.5289e+01      1.109 0.0000e+00
        390 191.693163    0.02701     1.6208     97.250  1022.4643  46595.014    29.6701      1.097    6.26260    11.9725    11.9670    22.4593   11.37417 6.9235e+01      1.108 0.0000e+00
        391 191.693166    0.02708     1.6250     97.500  1022.4611  46589.963    29.6669      1.098    6.26223    11.9725    11.9708    22.4561   11.37359 7.1651e+01      1.108 0.0000e+00
        392 191.693168    0.02715     1.6292     97.750  1022.4600  46588.404    29.6660      1.098    6.26201    11.9715    11.9727    22.4551   11.37324 6.9796e+01      1.109 0.0000e+00
        393 191.693171    0.02722     1.6333     98.000  1022.4605  46589.197    29.6665      1.097    6.26199    11.9708    11.9727    22.4555   11.37320 6.5885e+01      1.108 0.0000e+00
        394 191.693174    0.02729     1.6375     98.250  1022.4613  46590.561    29.6674      1.094    6.26209    11.9708    11.9717    22.4564   11.37335 6.3989e+01      1.104 0.0000e+00
        395 191.693177    0.02736     1.6417     98.500  1022.4620  46591.608    29.6681      1.089    6.26215    11.9710    11.9710    22.4570   11.37345 6.4870e+01      1.100 0.0000e+00
        396 191.693180    0.02743     1.6458     98.750  1022.4624  46592.442    29.6687      1.084    6.26213    11.9708    11.9710    22.4575   11.37341 6.5410e+01      1.095 0.0000e+00
        397 191.693183    0.02750     1.6500     99.000  1022.4630  46593.689    29.6696      1.080    6.26207    11.9696    11.9712    22.4582   11.37330 6.3532e+01      1.091 0.0000e+00
        398 191.693186    0.02757     1.6542     99.250  1022.4643  46596.090    29.6712      1.079    6.26204    11.9675    11.9709    22.4595   11.37323 6.0880e+01      1.089 0.0000e+00
        399 191.693189    0.02764     1.6583     99.500  1022.4666  46599.958    29.6738      1.079    6.26209    11.9647    11.9697    22.4617   11.37328 5.9719e+01      1.089 0.0000e+00
        400 191.693192    0.02771     1.6625     99.750  1022.4695  46604.916    29.6771      1.079    6.26224    11.9617    11.9676    22.4647   11.37349 6.0536e+01      1.089 0.0000e+00
        401 191.693194    0.02778     1.6667    100.000  1022.4728  46610.232    29.6806      1.079    6.26248    11.9595    11.9648    22.4679   11.37385 6.1293e+01      1.089 0.0000e+00
        402 191.693197    0.02785     1.6708    100.250  1022.4755  46614.664    29.6835      1.078    6.26276    11.9589    11.9618    22.4706   11.37428 6.0848e+01      1.088 0.0000e+00
        403 191.693200    0.02792     1.6750    100.500  1022.4769  46616.750    29.6848      1.075    6.26300    11.9597    11.9596    22.4720   11.37467 6.0021e+01      1.085 0.0000e+00
        404 191.693203    0.02799     1.6792    100.750  1022.4765  46616.043    29.6842      1.072    6.26311    11.9612    11.9590    22.4717   11.37485 5.9333e+01      1.081 0.0000e+00
        405 191.693206    0.02806     1.6833    101.000  1022.4750  46613.468    29.6825      1.068    6.26307    11.9624    11.9598    22.4702   11.37479 6.1358e+01      1.077 0.0000e+00
        406 191.693209    0.02813     1.6875    101.250  1022.4733  46610.674    29.6806      1.065    6.26294    11.9629    11.9613    22.4685   11.37461 6.8244e+01      1.074 0.0000e+00
        407 191.693212    0.02819     1.6917    101.500  1022.4723  46608.968    29.6795      1.063    6.26282    11.9626    11.9625    22.4674   11.37443 7.3623e+01      1.073 0.0000e+00
        408 191.693215    0.02826     1.6958    101.750  1022.4721  46608.787    29.6794      1.064    6.26276    11.9615    11.9630    22.4673   11.37432 7.2009e+01      1.073 0.0000e+00
        409 191.693218    0.02833     1.7000    102.000  1022.4729  46610.140    29.6804      1.065    6.26276    11.9597    11.9627    22.4680   11.37432 6.9756e+01      1.075 0.0000e+00
        410 191.693220    0.02840     1.7042    102.250  1022.4744  46612.778    29.6821      1.066    6.26284    11.9577    11.9616    22.4696   11.37442 7.2589e+01      1.076 0.0000e+00
        411 191.693223    0.02847     1.7083    102.500  1022.4764  46615.973    29.6842      1.066    6.26299    11.9561    11.9598    22.4715   11.37465 8.0471e+01      1.076 0.0000e+00
        412 191.693226    0.02854     1.7125    102.750  1022.4780  46618.589    29.6859      1.064    6.26320    11.9554    11.9578    22.4732   11.37497 8.5760e+01      1.074 0.0000e+00
        413 191.693229    0.02861     1.7167    103.000  1022.4787  46619.530    29.6864      1.060    6.26340    11.9561    11.9562    22.4739   11.37529 8.2358e+01      1.070 0.0000e+00
        414 191.693232    0.02868     1.7208    103.250  1022.4781  46618.379    29.6855      1.055    6.26351    11.9575    11.9556    22.4733   11.37549 8.0160e+01      1.065 0.0000e+00
        415 191.693235    0.02875     1.7250    103.500  1022.4766  46615.821    29.6838      1.051    6.26350    11.9588    11.9562    22.4718   11.37549 8.1397e+01      1.061 0.0000e+00
        416 191.693238    0.02882     1.7292    103.750  1022.4751  46613.262    29.6821      1.047    6.26338    11.9591    11.9576    22.4703   11.37531 7.7229e+01      1.057 0.0000e+00
        417 191.693241    0.02889     1.7333    104.000  1022.4743  46612.114    29.6814      1.046    6.26323    11.9581    11.9589    22.4696   11.37508 7.0288e+01      1.057 0.0000e+00
        418 191.693244    0.02896     1.7375    104.250  1022.4749  46613.296    29.6823      1.050    6.26316    11.9558    11.9592    22.4702   11.37494 6.6348e+01      1.060 0.0000e+00
        419 191.693247    0.02903     1.7417    104.500  1022.4770  46616.779    29.6846      1.057    6.26320    11.9524    11.9582    22.4722   11.37498 6.5004e+01      1.067 0.0000e+00
        420 191.693249    0.02910     1.7458    104.750  1022.4801  46621.964    29.6881      1.067    6.26337    11.9482    11.9559    22.4752   11.37523 6.5179e+01      1.077 0.0000e+00
        421 191.693252    0.02917     1.7500    105.000  1022.4843  46628.923    29.6927      1.078    6.26363    11.9432    11.9526    22.4794   11.37561 6.6043e+01      1.088 0.0000e+00
        422 191.693255    0.02924     1.7542    105.250  1022.4900  46638.330    29.6989      1.088    6.26394    11.9377    11.9484    22.4850   11.37606 6.8654e+01      1.098 0.0000e+00
        423 191.693258    0.02931     1.7583    105.500  1022.4966  46649.375    29.7062      1.095    6.26433    11.9331    11.9433    22.4916   11.37661 7.1824e+01      1.106 0.0000e+00
        424 191.693261    0.02937     1.7625    105.750  1022.5026  46659.277    29.7127      1.100    6.26480    11.9302    11.9378    22.4976   11.37731 7.2124e+01      1.111 0.0000e+00
        425 191.693264    0.02944     1.7667    106.000  1022.5069  46666.189    29.7171      1.104    6.26524    11.9282    11.9332    22.5018   11.37799 7.1452e+01      1.115 0.0000e+00
