CTD-processing/allCTD/CNV--homogene/2015_10-19_t9_s03_cast213.cnv
* Sea-Bird SBE19plus Data File:
* FileName = C:\Users\Kris.Holderied\Documents\kasitsna\Research-KBL\Oceanography-AK\CTD-Data-ALL-to-2015-06\2015-CTD-KachemakBay-CookInlet\2015-10-19-CookInlet-HomerSpit-monthly\2015-10-19-CookInlet-Tran9-cast213.hex
* Software Version 1.59
* Temperature SN =  5028
* Conductivity SN =  5028
* System UpLoad Time = Oct 31 2015 16:35:22
** Cook Inlet LTM Transect 9 Homer Spit monthly

** Date: 10-19
** Station: 9-03
** Start time (AKDT): 15:30
** Depth (m): 92.4
** Comment:  R/V Edgecumbe
** Comment:
# nquan = 17
# nvalues = 694                         
# units = specified
# name 0 = scan: Scan Count
# name 1 = timeJ: Julian Days
# name 2 = timeH: Time, Elapsed [hours]
# name 3 = timeM: Time, Elapsed [minutes]
# name 4 = timeS: Time, Elapsed [seconds]
# name 5 = density00: Density [density, kg/m^3]
# name 6 = specc: Specific Conductance [uS/cm]
# name 7 = sal00: Salinity, Practical [PSU]
# name 8 = depSM: Depth [salt water, m], lat = 59.00
# name 9 = oxsolML/L: Oxygen Saturation, Garcia & Gordon [ml/l]
# name 10 = potemp090C: Potential Temperature [ITS-90, deg C]
# name 11 = tv290C: Temperature [ITS-90, deg C]
# name 12 = sigma-é00: Density [sigma-theta, kg/m^3]
# name 13 = n2satML/L: Nitrogen Saturation [ml/l]
# name 14 = par: PAR/Irradiance, Biospherical/Licor
# name 15 = prdM: Pressure, Strain Gauge [db]
# name 16 = flag:  0.000e+00
# span 0 =          1,        694       
# span 1 = 292.646065, 292.648070       
# span 2 =    0.00000,    0.04813       
# span 3 =     0.0000,     2.8875       
# span 4 =      0.000,    173.250       
# span 5 =  1000.9159,  1024.0882       
# span 6 =   2819.950,  48524.308       
# span 7 =     1.4526,    30.7131       
# span 8 =     -0.135,     86.410       
# span 9 =    6.56283,    7.98778       
# span 10 =     8.6803,     9.6132      
# span 11 =     8.6803,     9.6150      
# span 12 =     0.9165,    23.6917      
# span 13 =   11.86252,   14.63657      
# span 14 = 4.4966e-02, 3.0845e+02      
# span 15 =     -0.136,     87.244      
# span 16 = 0.0000e+00, 0.0000e+00      
# interval = seconds: 0.25
# start_time = Oct 19 2015 15:30:20 [Instrument's time stamp, header]
# bad_flag = -9.990e-29
*END*
[from data line 511]
        512 292.647543    0.03549     2.1292    127.750  1023.8103  48298.369    30.5722     50.584    6.56939     9.4861     9.4935    23.5782   11.87223 5.7874e-02     51.068 0.0000e+00
        513 292.647546    0.03556     2.1333    128.000  1023.8126  48300.638    30.5736     50.820    6.56950     9.4853     9.4924    23.5794   11.87239 5.7682e-02     51.305 0.0000e+00
        514 292.647549    0.03562     2.1375    128.250  1023.8148  48302.623    30.5747     51.058    6.56958     9.4847     9.4915    23.5805   11.87250 5.7493e-02     51.545 0.0000e+00
        515 292.647552    0.03569     2.1417    128.500  1023.8168  48304.380    30.5758     51.297    6.56964     9.4842     9.4908    23.5814   11.87259 5.7326e-02     51.787 0.0000e+00
        516 292.647555    0.03576     2.1458    128.750  1023.8187  48305.887    30.5767     51.537    6.56969     9.4838     9.4902    23.5822   11.87266 5.7181e-02     52.029 0.0000e+00
        517 292.647558    0.03583     2.1500    129.000  1023.8204  48307.103    30.5774     51.774    6.56973     9.4835     9.4897    23.5828   11.87272 5.7037e-02     52.270 0.0000e+00
        518 292.647561    0.03590     2.1542    129.250  1023.8219  48308.052    30.5779     52.009    6.56976     9.4832     9.4893    23.5833   11.87277 5.6880e-02     52.507 0.0000e+00
        519 292.647564    0.03597     2.1583    129.500  1023.8234  48308.794    30.5782     52.243    6.56979     9.4830     9.4890    23.5836   11.87281 5.6712e-02     52.743 0.0000e+00
        520 292.647567    0.03604     2.1625    129.750  1023.8247  48309.383    30.5785     52.478    6.56981     9.4828     9.4888    23.5839   11.87284 5.6545e-02     52.981 0.0000e+00
        521 292.647569    0.03611     2.1667    130.000  1023.8260  48309.898    30.5788     52.716    6.56982     9.4825     9.4886    23.5841   11.87286 5.6386e-02     53.220 0.0000e+00
        522 292.647572    0.03618     2.1708    130.250  1023.8274  48310.412    30.5790     52.955    6.56984     9.4821     9.4884    23.5843   11.87289 5.6238e-02     53.462 0.0000e+00
        523 292.647575    0.03625     2.1750    130.500  1023.8287  48310.970    30.5793     53.197    6.56987     9.4816     9.4881    23.5845   11.87293 5.6097e-02     53.706 0.0000e+00
        524 292.647578    0.03632     2.1792    130.750  1023.8301  48311.604    30.5796     53.441    6.56991     9.4809     9.4878    23.5848   11.87299 5.5957e-02     53.952 0.0000e+00
        525 292.647581    0.03639     2.1833    131.000  1023.8316  48312.342    30.5799     53.685    6.56997     9.4800     9.4873    23.5852   11.87309 5.5825e-02     54.199 0.0000e+00
        526 292.647584    0.03646     2.1875    131.250  1023.8332  48313.196    30.5803     53.929    6.57005     9.4788     9.4866    23.5856   11.87322 5.5716e-02     54.445 0.0000e+00
        527 292.647587    0.03653     2.1917    131.500  1023.8348  48314.221    30.5808     54.170    6.57016     9.4776     9.4857    23.5861   11.87340 5.5619e-02     54.689 0.0000e+00
        528 292.647590    0.03660     2.1958    131.750  1023.8366  48315.500    30.5815     54.405    6.57030     9.4762     9.4846    23.5868   11.87361 5.5524e-02     54.926 0.0000e+00
        529 292.647593    0.03667     2.2000    132.000  1023.8384  48316.967    30.5823     54.631    6.57045     9.4749     9.4834    23.5876   11.87384 5.5438e-02     55.154 0.0000e+00
        530 292.647595    0.03674     2.2042    132.250  1023.8402  48318.420    30.5830     54.850    6.57060     9.4734     9.4821    23.5884   11.87410 5.5360e-02     55.375 0.0000e+00
        531 292.647598    0.03681     2.2083    132.500  1023.8419  48319.736    30.5837     55.065    6.57077     9.4715     9.4807    23.5891   11.87437 5.5283e-02     55.592 0.0000e+00
        532 292.647601    0.03687     2.2125    132.750  1023.8436  48320.929    30.5842     55.280    6.57096     9.4690     9.4792    23.5898   11.87468 5.5203e-02     55.809 0.0000e+00
        533 292.647604    0.03694     2.2167    133.000  1023.8452  48322.111    30.5847     55.494    6.57121     9.4656     9.4773    23.5905   11.87509 5.5125e-02     56.025 0.0000e+00
        534 292.647607    0.03701     2.2208    133.250  1023.8470  48323.435    30.5852     55.708    6.57155     9.4610     9.4748    23.5913   11.87564 5.5054e-02     56.241 0.0000e+00
        535 292.647610    0.03708     2.2250    133.500  1023.8490  48325.123    30.5859     55.920    6.57202     9.4555     9.4714    23.5923   11.87641 5.4990e-02     56.455 0.0000e+00
        536 292.647613    0.03715     2.2292    133.750  1023.8516  48327.748    30.5870     56.126    6.57263     9.4496     9.4669    23.5939   11.87741 5.4930e-02     56.664 0.0000e+00
        537 292.647616    0.03722     2.2333    134.000  1023.8550  48331.933    30.5892     56.325    6.57334     9.4441     9.4614    23.5965   11.87856 5.4872e-02     56.865 0.0000e+00
        538 292.647619    0.03729     2.2375    134.250  1023.8592  48337.446    30.5922     56.518    6.57406     9.4395     9.4556    23.5997   11.87972 5.4814e-02     57.059 0.0000e+00
        539 292.647622    0.03736     2.2417    134.500  1023.8635  48343.195    30.5954     56.707    6.57472     9.4359     9.4501    23.6031   11.88077 5.4749e-02     57.250 0.0000e+00
        540 292.647624    0.03743     2.2458    134.750  1023.8672  48348.163    30.5982     56.893    6.57527     9.4330     9.4455    23.6060   11.88164 5.4675e-02     57.437 0.0000e+00
        541 292.647627    0.03750     2.2500    135.000  1023.8702  48351.899    30.6003     57.076    6.57571     9.4304     9.4419    23.6082   11.88235 5.4600e-02     57.623 0.0000e+00
        542 292.647630    0.03757     2.2542    135.250  1023.8725  48354.381    30.6016     57.258    6.57608     9.4280     9.4390    23.6097   11.88294 5.4531e-02     57.806 0.0000e+00
        543 292.647633    0.03764     2.2583    135.500  1023.8743  48355.967    30.6023     57.439    6.57641     9.4254     9.4365    23.6106   11.88349 5.4469e-02     57.990 0.0000e+00
        544 292.647636    0.03771     2.2625    135.750  1023.8759  48357.191    30.6027     57.623    6.57675     9.4226     9.4340    23.6113   11.88405 5.4416e-02     58.175 0.0000e+00
        545 292.647639    0.03778     2.2667    136.000  1023.8775  48358.345    30.6031     57.809    6.57711     9.4196     9.4315    23.6121   11.88464 5.4375e-02     58.363 0.0000e+00
        546 292.647642    0.03785     2.2708    136.250  1023.8792  48359.772    30.6037     57.996    6.57750     9.4166     9.4287    23.6129   11.88527 5.4337e-02     58.552 0.0000e+00
        547 292.647645    0.03792     2.2750    136.500  1023.8814  48362.003    30.6048     58.186    6.57788     9.4138     9.4257    23.6143   11.88590 5.4289e-02     58.744 0.0000e+00
        548 292.647648    0.03799     2.2792    136.750  1023.8840  48364.993    30.6064     58.380    6.57825     9.4114     9.4227    23.6160   11.88648 5.4231e-02     58.939 0.0000e+00
        549 292.647650    0.03806     2.2833    137.000  1023.8867  48368.070    30.6081     58.579    6.57857     9.4094     9.4199    23.6177   11.88700 5.4175e-02     59.140 0.0000e+00
        550 292.647653    0.03812     2.2875    137.250  1023.8892  48370.793    30.6096     58.782    6.57886     9.4078     9.4175    23.6193   11.88745 5.4128e-02     59.346 0.0000e+00
        551 292.647656    0.03819     2.2917    137.500  1023.8915  48373.205    30.6110     58.986    6.57909     9.4065     9.4156    23.6207   11.88782 5.4083e-02     59.551 0.0000e+00
        552 292.647659    0.03826     2.2958    137.750  1023.8937  48375.478    30.6123     59.186    6.57927     9.4056     9.4140    23.6219   11.88810 5.4035e-02     59.753 0.0000e+00
        553 292.647662    0.03833     2.3000    138.000  1023.8958  48377.770    30.6136     59.379    6.57939     9.4050     9.4128    23.6232   11.88828 5.3993e-02     59.948 0.0000e+00
        554 292.647665    0.03840     2.3042    138.250  1023.8979  48380.020    30.6150     59.566    6.57946     9.4046     9.4119    23.6244   11.88838 5.3961e-02     60.137 0.0000e+00
        555 292.647668    0.03847     2.3083    138.500  1023.8998  48381.902    30.6161     59.750    6.57949     9.4042     9.4113    23.6254   11.88843 5.3935e-02     60.323 0.0000e+00
        556 292.647671    0.03854     2.3125    138.750  1023.9013  48383.323    30.6170     59.933    6.57951     9.4037     9.4109    23.6262   11.88845 5.3910e-02     60.508 0.0000e+00
        557 292.647674    0.03861     2.3167    139.000  1023.9028  48384.443    30.6177     60.118    6.57954     9.4031     9.4105    23.6268   11.88849 5.3877e-02     60.694 0.0000e+00
        558 292.647677    0.03868     2.3208    139.250  1023.9041  48385.404    30.6182     60.306    6.57959     9.4024     9.4100    23.6273   11.88857 5.3833e-02     60.883 0.0000e+00
        559 292.647679    0.03875     2.3250    139.500  1023.9055  48386.313    30.6187     60.497    6.57965     9.4016     9.4095    23.6277   11.88867 5.3781e-02     61.077 0.0000e+00
        560 292.647682    0.03882     2.3292    139.750  1023.9068  48387.186    30.6192     60.694    6.57973     9.4008     9.4088    23.6282   11.88879 5.3728e-02     61.275 0.0000e+00
        561 292.647685    0.03889     2.3333    140.000  1023.9082  48388.070    30.6196     60.894    6.57982     9.4001     9.4081    23.6286   11.88893 5.3678e-02     61.478 0.0000e+00
        562 292.647688    0.03896     2.3375    140.250  1023.9097  48389.060    30.6201     61.099    6.57991     9.3995     9.4073    23.6291   11.88907 5.3630e-02     61.685 0.0000e+00
        563 292.647691    0.03903     2.3417    140.500  1023.9112  48390.153    30.6207     61.308    6.57999     9.3990     9.4066    23.6297   11.88919 5.3591e-02     61.895 0.0000e+00
        564 292.647694    0.03910     2.3458    140.750  1023.9128  48391.315    30.6213     61.517    6.58005     9.3987     9.4060    23.6303   11.88928 5.3559e-02     62.107 0.0000e+00
        565 292.647697    0.03917     2.3500    141.000  1023.9143  48392.525    30.6220     61.725    6.58009     9.3985     9.4055    23.6309   11.88934 5.3528e-02     62.316 0.0000e+00
        566 292.647700    0.03924     2.3542    141.250  1023.9159  48393.757    30.6227     61.931    6.58010     9.3984     9.4052    23.6316   11.88936 5.3494e-02     62.524 0.0000e+00
        567 292.647703    0.03931     2.3583    141.500  1023.9174  48394.976    30.6235     62.134    6.58010     9.3983     9.4050    23.6322   11.88934 5.3458e-02     62.730 0.0000e+00
        568 292.647705    0.03938     2.3625    141.750  1023.9189  48396.128    30.6242     62.337    6.58008     9.3984     9.4050    23.6328   11.88929 5.3420e-02     62.935 0.0000e+00
        569 292.647708    0.03944     2.3667    142.000  1023.9204  48397.195    30.6249     62.541    6.58005     9.3984     9.4050    23.6333   11.88924 5.3380e-02     63.141 0.0000e+00
        570 292.647711    0.03951     2.3708    142.250  1023.9219  48398.258    30.6255     62.747    6.58001     9.3986     9.4050    23.6338   11.88917 5.3339e-02     63.349 0.0000e+00
        571 292.647714    0.03958     2.3750    142.500  1023.9234  48399.412    30.6262     62.955    6.57997     9.3988     9.4051    23.6343   11.88909 5.3303e-02     63.559 0.0000e+00
        572 292.647717    0.03965     2.3792    142.750  1023.9250  48400.740    30.6271     63.164    6.57991     9.3990     9.4052    23.6350   11.88899 5.3267e-02     63.770 0.0000e+00
        573 292.647720    0.03972     2.3833    143.000  1023.9267  48402.244    30.6281     63.374    6.57984     9.3994     9.4054    23.6357   11.88886 5.3223e-02     63.982 0.0000e+00
        574 292.647723    0.03979     2.3875    143.250  1023.9284  48403.731    30.6291     63.584    6.57976     9.3998     9.4057    23.6365   11.88871 5.3170e-02     64.194 0.0000e+00
        575 292.647726    0.03986     2.3917    143.500  1023.9300  48405.100    30.6300     63.795    6.57966     9.4003     9.4061    23.6371   11.88854 5.3104e-02     64.407 0.0000e+00
        576 292.647729    0.03993     2.3958    143.750  1023.9317  48406.531    30.6310     64.009    6.57955     9.4009     9.4066    23.6378   11.88835 5.3008e-02     64.624 0.0000e+00
        577 292.647731    0.04000     2.4000    144.000  1023.9334  48408.042    30.6320     64.228    6.57944     9.4015     9.4071    23.6385   11.88814 5.2879e-02     64.844 0.0000e+00
        578 292.647734    0.04007     2.4042    144.250  1023.9350  48409.349    30.6329     64.450    6.57931     9.4021     9.4077    23.6392   11.88792 5.2701e-02     65.068 0.0000e+00
        579 292.647737    0.04014     2.4083    144.500  1023.9365  48410.345    30.6336     64.674    6.57919     9.4027     9.4083    23.6396   11.88771 5.2436e-02     65.295 0.0000e+00
        580 292.647740    0.04021     2.4125    144.750  1023.9379  48411.167    30.6342     64.899    6.57907     9.4032     9.4089    23.6399   11.88751 5.2017e-02     65.522 0.0000e+00
        581 292.647743    0.04028     2.4167    145.000  1023.9392  48411.934    30.6347     65.125    6.57896     9.4036     9.4095    23.6403   11.88733 5.1326e-02     65.751 0.0000e+00
        582 292.647746    0.04035     2.4208    145.250  1023.9406  48412.670    30.6352     65.351    6.57886     9.4040     9.4101    23.6406   11.88715 5.0177e-02     65.979 0.0000e+00
        583 292.647749    0.04042     2.4250    145.500  1023.9419  48413.367    30.6357     65.576    6.57877     9.4044     9.4106    23.6409   11.88700 4.8270e-02     66.206 0.0000e+00
        584 292.647752    0.04049     2.4292    145.750  1023.9432  48414.016    30.6361     65.800    6.57869     9.4047     9.4110    23.6411   11.88686 4.6098e-02     66.431 0.0000e+00
        585 292.647755    0.04056     2.4333    146.000  1023.9444  48414.530    30.6364     66.024    6.57862     9.4049     9.4114    23.6413   11.88675 4.4966e-02     66.658 0.0000e+00
        586 292.647758    0.04063     2.4375    146.250  1023.9456  48414.913    30.6366     66.249    6.57857     9.4051     9.4117    23.6415   11.88665 4.5099e-02     66.886 0.0000e+00
        587 292.647760    0.04069     2.4417    146.500  1023.9468  48415.320    30.6369     66.476    6.57853     9.4053     9.4119    23.6416   11.88657 4.5786e-02     67.115 0.0000e+00
        588 292.647763    0.04076     2.4458    146.750  1023.9480  48415.827    30.6372     66.702    6.57848     9.4055     9.4121    23.6418   11.88650 4.6577e-02     67.343 0.0000e+00
        589 292.647766    0.04083     2.4500    147.000  1023.9493  48416.505    30.6376     66.927    6.57844     9.4058     9.4123    23.6421   11.88642 4.7274e-02     67.570 0.0000e+00
        590 292.647769    0.04090     2.4542    147.250  1023.9508  48417.480    30.6382     67.152    6.57838     9.4063     9.4126    23.6426   11.88631 4.7819e-02     67.797 0.0000e+00
        591 292.647772    0.04097     2.4583    147.500  1023.9524  48418.725    30.6390     67.379    6.57829     9.4069     9.4129    23.6431   11.88616 4.8242e-02     68.026 0.0000e+00
        592 292.647775    0.04104     2.4625    147.750  1023.9541  48420.068    30.6399     67.607    6.57818     9.4077     9.4134    23.6438   11.88596 4.8587e-02     68.256 0.0000e+00
        593 292.647778    0.04111     2.4667    148.000  1023.9558  48421.484    30.6409     67.837    6.57804     9.4086     9.4141    23.6444   11.88572 4.8884e-02     68.488 0.0000e+00
        594 292.647781    0.04118     2.4708    148.250  1023.9577  48423.077    30.6420     68.065    6.57788     9.4096     9.4149    23.6452   11.88544 4.9143e-02     68.719 0.0000e+00
        595 292.647784    0.04125     2.4750    148.500  1023.9594  48424.626    30.6431     68.293    6.57769     9.4107     9.4158    23.6459   11.88512 4.9362e-02     68.949 0.0000e+00
