CTD-processing/allCTD/CNV--homogene/2015_04-13_t7_s09_cast063.cnv
* Sea-Bird SBE19plus Data File:
* FileName = C:\Users\kris.holderied\Documents\kasitsna\Research-Projects-and-Data\Oceanography-AK\CTD-Data-ALL-to-2015-04\2015-CTD-KachemakBay-CookInlet\2015-04-EVOSTC-CookInlet-quarterly\2015-04-13-CookInlet-Tran7-Augustine\2015_04_13_CookInlet_Tran7_cast063.hex
* Software Version 1.59
* Temperature SN =  5028
* Conductivity SN =  5028
* System UpLoad Time = Apr 28 2015 15:21:41
** Cook Inlet LTM Tran7 (Augustine) West to East
** Date: 04-13
** Station: 7-09
** Start time (AKDT): 03:46
** Depth (m): 75
** Comment:  KBL CTD.
** Comment: On R/V Pandalus.
# nquan = 17
# nvalues = 643                         
# units = specified
# name 0 = scan: Scan Count
# name 1 = timeJ: Julian Days
# name 2 = timeH: Time, Elapsed [hours]
# name 3 = timeM: Time, Elapsed [minutes]
# name 4 = timeS: Time, Elapsed [seconds]
# name 5 = density00: Density [density, kg/m^3]
# name 6 = specc: Specific Conductance [uS/cm]
# name 7 = sal00: Salinity, Practical [PSU]
# name 8 = depSM: Depth [salt water, m], lat = 59.00
# name 9 = oxsolML/L: Oxygen Saturation, Garcia & Gordon [ml/l]
# name 10 = potemp090C: Potential Temperature [ITS-90, deg C]
# name 11 = tv290C: Temperature [ITS-90, deg C]
# name 12 = sigma-é00: Density [sigma-theta, kg/m^3]
# name 13 = n2satML/L: Nitrogen Saturation [ml/l]
# name 14 = par: PAR/Irradiance, Biospherical/Licor
# name 15 = prdM: Pressure, Strain Gauge [db]
# name 16 = flag:  0.000e+00
# span 0 =          1,        643       
# span 1 = 103.156991, 103.158848       
# span 2 =    0.00000,    0.04458       
# span 3 =     0.0000,     2.6750       
# span 4 =      0.000,    160.500       
# span 5 =  1000.1053,  1025.3610       
# span 6 =    538.126,  50961.724       
# span 7 =     0.2444,    31.7258       
# span 8 =     -0.128,     74.667       
# span 9 =    7.12554,    9.90510       
# span 10 =     1.0879,     5.6058      
# span 11 =     1.0879,     5.6116      
# span 12 =     0.1059,    25.0374      
# span 13 =   12.77782,   17.87440      
# span 14 = 3.7976e-02, 4.6446e-01      
# span 15 =     -0.129,     75.385      
# span 16 = 0.0000e+00, 0.0000e+00      
# interval = seconds: 0.25
# start_time = Apr 13 2015 03:46:04 [Instrument's time stamp, header]
# bad_flag = -9.990e-29
*END*
[from data line 256]
        257 103.157731    0.01778     1.0667     64.000  1024.7099  50412.842    31.1769      0.992    7.35851     4.3863     4.4213    24.7052   13.16963 6.2492e-02      1.001 0.0000e+00
        258 103.157734    0.01785     1.0708     64.250  1024.7665  50521.365    31.2453      0.946    7.35967     4.3960     4.3957    24.7621   13.17066 5.2704e-02      0.954 0.0000e+00
        259 103.157737    0.01792     1.0750     64.500  1024.8293  50638.716    31.3234      0.914    7.35748     4.4266     4.3864    24.8250   13.16602 4.6843e-02      0.922 0.0000e+00
        260 103.157740    0.01799     1.0792     64.750  1024.8901  50749.521    31.4014      0.900    7.35189     4.4757     4.3961    24.8858   13.15578 4.3347e-02      0.909 0.0000e+00
        261 103.157743    0.01806     1.0833     65.000  1024.9363  50830.274    31.4635      0.908    7.34340     4.5347     4.4267    24.9320   13.14095 4.1284e-02      0.916 0.0000e+00
        262 103.157746    0.01812     1.0875     65.250  1024.9583  50863.487    31.4972      0.934    7.33303     4.5931     4.4757    24.9539   13.12339 4.0102e-02      0.942 0.0000e+00
        263 103.157749    0.01819     1.0917     65.500  1024.9554  50849.578    31.5010      0.972    7.32239     4.6445     4.5348    24.9509   13.10577 3.9487e-02      0.981 0.0000e+00
        264 103.157752    0.01826     1.0958     65.750  1024.9361  50805.421    31.4838      1.019    7.31290     4.6865     4.5932    24.9313   13.09032 3.9276e-02      1.028 0.0000e+00
        265 103.157755    0.01833     1.1000     66.000  1024.9090  50748.016    31.4560      1.072    7.30520     4.7191     4.6445    24.9040   13.07798 3.9410e-02      1.081 0.0000e+00
        266 103.157758    0.01840     1.1042     66.250  1024.8760  50681.059    31.4195      1.126    7.29958     4.7423     4.6866    24.8707   13.06917 3.9928e-02      1.136 0.0000e+00
        267 103.157760    0.01847     1.1083     66.500  1024.8326  50596.313    31.3686      1.177    7.29633     4.7566     4.7192    24.8270   13.06446 4.0966e-02      1.188 0.0000e+00
        268 103.157763    0.01854     1.1125     66.750  1024.7765  50489.741    31.3008      1.218    7.29556     4.7625     4.7424    24.7708   13.06407 4.2801e-02      1.230 0.0000e+00
        269 103.157766    0.01861     1.1167     67.000  1024.7173  50378.439    31.2277      1.245    7.29662     4.7610     4.7567    24.7114   13.06678 4.5922e-02      1.257 0.0000e+00
        270 103.157769    0.01868     1.1208     67.250  1024.6722  50294.567    31.1716      1.258    7.29832     4.7544     4.7626    24.6663   13.07032 5.1163e-02      1.270 0.0000e+00
        271 103.157772    0.01875     1.1250     67.500  1024.6562  50265.223    31.1512      1.260    7.29958     4.7462     4.7611    24.6503   13.07267 5.9743e-02      1.273 0.0000e+00
        272 103.157775    0.01882     1.1292     67.750  1024.6720  50295.159    31.1703      1.257    7.29982     4.7397     4.7545    24.6661   13.07281 7.2313e-02      1.269 0.0000e+00
        273 103.157778    0.01889     1.1333     68.000  1024.7055  50357.910    31.2115      1.252    7.29923     4.7358     4.7463    24.6996   13.07130 8.6555e-02      1.264 0.0000e+00
        274 103.157781    0.01896     1.1375     68.250  1024.7343  50411.786    31.2469      1.245    7.29863     4.7323     4.7398    24.7284   13.06985 9.5799e-02      1.257 0.0000e+00
        275 103.157784    0.01903     1.1417     68.500  1024.7420  50426.635    31.2562      1.233    7.29888     4.7255     4.7359    24.7362   13.07013 9.7834e-02      1.245 0.0000e+00
        276 103.157786    0.01910     1.1458     68.750  1024.7237  50393.591    31.2328      1.214    7.30064     4.7107     4.7324    24.7180   13.07334 9.8701e-02      1.226 0.0000e+00
        277 103.157789    0.01917     1.1500     69.000  1024.6872  50327.486    31.1860      1.185    7.30414     4.6834     4.7255    24.6816   13.07974 9.8590e-02      1.196 0.0000e+00
        278 103.157792    0.01924     1.1542     69.250  1024.6517  50264.328    31.1395      1.143    7.30903     4.6417     4.7107    24.6463   13.08841 9.3447e-02      1.154 0.0000e+00
        279 103.157795    0.01931     1.1583     69.500  1024.6392  50245.385    31.1206      1.090    7.31478     4.5916     4.6834    24.6340   13.09816 8.3032e-02      1.100 0.0000e+00
        280 103.157798    0.01938     1.1625     69.750  1024.6639  50296.994    31.1467      1.031    7.32086     4.5467     4.6417    24.6590   13.10786 6.9128e-02      1.041 0.0000e+00
        281 103.157801    0.01944     1.1667     70.000  1024.7249  50416.668    31.2175      0.975    7.32624     4.5207     4.5916    24.7203   13.11582 5.6976e-02      0.984 0.0000e+00
        282 103.157804    0.01951     1.1708     70.250  1024.8061  50572.946    31.3144      0.930    7.32942     4.5214     4.5467    24.8018   13.11981 4.9403e-02      0.939 0.0000e+00
        283 103.157807    0.01958     1.1750     70.500  1024.8838  50719.863    31.4092      0.906    7.32934     4.5475     4.5208    24.8795   13.11846 4.4877e-02      0.914 0.0000e+00
        284 103.157810    0.01965     1.1792     70.750  1024.9409  50824.992    31.4813      0.906    7.32567     4.5899     4.5215    24.9366   13.11146 4.2192e-02      0.915 0.0000e+00
        285 103.157813    0.01972     1.1833     71.000  1024.9724  50879.107    31.5242      0.932    7.31895     4.6369     4.5476    24.9680   13.09980 4.0631e-02      0.940 0.0000e+00
        286 103.157815    0.01979     1.1875     71.250  1024.9778  50882.758    31.5362      0.979    7.31088     4.6794     4.5900    24.9732   13.08631 3.9778e-02      0.987 0.0000e+00
        287 103.157818    0.01986     1.1917     71.500  1024.9603  50843.675    31.5199      1.039    7.30340     4.7123     4.6370    24.9554   13.07417 3.9405e-02      1.048 0.0000e+00
        288 103.157821    0.01993     1.1958     71.750  1024.9253  50772.914    31.4809      1.105    7.29782     4.7328     4.6795    24.9201   13.06546 3.9414e-02      1.115 0.0000e+00
        289 103.157824    0.02000     1.2000     72.000  1024.8752  50675.835    31.4216      1.167    7.29494     4.7397     4.7123    24.8697   13.06147 3.9806e-02      1.177 0.0000e+00
        290 103.157827    0.02007     1.2042     72.250  1024.8146  50561.167    31.3476      1.215    7.29494     4.7313     4.7329    24.8089   13.06244 4.0686e-02      1.226 0.0000e+00
        291 103.157830    0.02014     1.2083     72.500  1024.7589  50457.466    31.2781      1.244    7.29714     4.7077     4.7398    24.7531   13.06697 4.2289e-02      1.255 0.0000e+00
        292 103.157833    0.02021     1.2125     72.750  1024.7310  50406.957    31.2417      1.251    7.30040     4.6770     4.7314    24.7251   13.07283 4.5042e-02      1.263 0.0000e+00
        293 103.157836    0.02028     1.2167     73.000  1024.7476  50440.687    31.2596      1.239    7.30366     4.6555     4.7078    24.7417   13.07799 4.9679e-02      1.251 0.0000e+00
        294 103.157839    0.02035     1.2208     73.250  1024.8115  50562.650    31.3363      1.213    7.30531     4.6590     4.6771    24.8058   13.07972 5.5905e-02      1.224 0.0000e+00
        295 103.157841    0.02042     1.2250     73.500  1024.9022  50732.854    31.4481      1.180    7.30363     4.6889     4.6555    24.8966   13.07549 6.3407e-02      1.191 0.0000e+00
        296 103.157844    0.02049     1.2292     73.750  1024.9764  50869.184    31.5423      1.149    7.29840     4.7305     4.6590    24.9709   13.06564 7.2358e-02      1.160 0.0000e+00
        297 103.157847    0.02056     1.2333     74.000  1025.0071  50921.965    31.5851      1.124    7.29105     4.7689     4.6890    25.0018   13.05294 7.9406e-02      1.135 0.0000e+00
        298 103.157850    0.02063     1.2375     74.250  1025.0062  50914.877    31.5895      1.109    7.28353     4.7984     4.7306    25.0009   13.04047 8.0730e-02      1.119 0.0000e+00
        299 103.157853    0.02069     1.2417     74.500  1024.9944  50888.305    31.5798      1.101    7.27728     4.8189     4.7690    24.9892   13.03027 7.7692e-02      1.111 0.0000e+00
        300 103.157856    0.02076     1.2458     74.750  1024.9820  50861.664    31.5680      1.096    7.27269     4.8325     4.7984    24.9768   13.02285 7.1587e-02      1.106 0.0000e+00
        301 103.157859    0.02083     1.2500     75.000  1024.9720  50840.835    31.5583      1.087    7.26957     4.8412     4.8190    24.9669   13.01782 6.2141e-02      1.097 0.0000e+00
        302 103.157862    0.02090     1.2542     75.250  1024.9650  50826.369    31.5514      1.073    7.26753     4.8466     4.8326    24.9600   13.01454 5.2981e-02      1.083 0.0000e+00
        303 103.157865    0.02097     1.2583     75.500  1024.9604  50816.941    31.5468      1.055    7.26623     4.8498     4.8413    24.9555   13.01246 4.7009e-02      1.064 0.0000e+00
        304 103.157867    0.02104     1.2625     75.750  1024.9574  50810.857    31.5439      1.036    7.26543     4.8516     4.8466    24.9526   13.01118 4.3446e-02      1.045 0.0000e+00
        305 103.157870    0.02111     1.2667     76.000  1024.9555  50807.040    31.5420      1.023    7.26496     4.8526     4.8498    24.9507   13.01042 4.1341e-02      1.032 0.0000e+00
        306 103.157873    0.02118     1.2708     76.250  1024.9546  50805.086    31.5410      1.020    7.26469     4.8533     4.8517    24.9498   13.00998 4.0133e-02      1.030 0.0000e+00
        307 103.157876    0.02125     1.2750     76.500  1024.9543  50804.453    31.5408      1.031    7.26453     4.8538     4.8527    24.9495   13.00971 3.9501e-02      1.040 0.0000e+00
        308 103.157879    0.02132     1.2792     76.750  1024.9544  50804.417    31.5409      1.052    7.26441     4.8544     4.8533    24.9495   13.00952 3.9276e-02      1.062 0.0000e+00
        309 103.157882    0.02139     1.2833     77.000  1024.9547  50804.572    31.5411      1.081    7.26430     4.8549     4.8539    24.9496   13.00934 3.9398e-02      1.091 0.0000e+00
        310 103.157885    0.02146     1.2875     77.250  1024.9548  50804.383    31.5411      1.115    7.26420     4.8551     4.8545    24.9496   13.00918 3.9899e-02      1.126 0.0000e+00
        311 103.157888    0.02153     1.2917     77.500  1024.9546  50803.732    31.5407      1.151    7.26414     4.8551     4.8550    24.9492   13.00907 4.0913e-02      1.162 0.0000e+00
        312 103.157891    0.02160     1.2958     77.750  1024.9548  50803.716    31.5407      1.187    7.26410     4.8553     4.8552    24.9492   13.00901 4.2709e-02      1.199 0.0000e+00
        313 103.157894    0.02167     1.3000     78.000  1024.9554  50804.494    31.5413      1.219    7.26406     4.8556     4.8552    24.9496   13.00895 4.5470e-02      1.231 0.0000e+00
        314 103.157896    0.02174     1.3042     78.250  1024.9556  50804.702    31.5415      1.242    7.26402     4.8557     4.8554    24.9497   13.00887 4.9555e-02      1.253 0.0000e+00
        315 103.157899    0.02181     1.3083     78.500  1024.9551  50803.771    31.5409      1.249    7.26399     4.8551     4.8557    24.9492   13.00884 5.6066e-02      1.261 0.0000e+00
        316 103.157902    0.02187     1.3125     78.750  1024.9543  50802.353    31.5399      1.239    7.26404     4.8540     4.8557    24.9485   13.00892 6.4585e-02      1.251 0.0000e+00
        317 103.157905    0.02194     1.3167     79.000  1024.9535  50801.258    31.5391      1.210    7.26417     4.8526     4.8552    24.9479   13.00915 7.1766e-02      1.221 0.0000e+00
        318 103.157908    0.02201     1.3208     79.250  1024.9530  50800.818    31.5385      1.166    7.26439     4.8509     4.8541    24.9476   13.00952 7.3068e-02      1.177 0.0000e+00
        319 103.157911    0.02208     1.3250     79.500  1024.9529  50801.169    31.5385      1.113    7.26465     4.8494     4.8526    24.9477   13.00995 6.8392e-02      1.124 0.0000e+00
        320 103.157914    0.02215     1.3292     79.750  1024.9532  50802.334    31.5390      1.061    7.26491     4.8483     4.8510    24.9483   13.01038 6.1509e-02      1.071 0.0000e+00
        321 103.157917    0.02222     1.3333     80.000  1024.9539  50804.044    31.5398      1.018    7.26514     4.8476     4.8495    24.9491   13.01073 5.3922e-02      1.027 0.0000e+00
        322 103.157920    0.02229     1.3375     80.250  1024.9547  50805.946    31.5409      0.991    7.26529     4.8473     4.8483    24.9500   13.01097 4.7573e-02      1.000 0.0000e+00
        323 103.157922    0.02236     1.3417     80.500  1024.9556  50807.613    31.5419      0.984    7.26536     4.8475     4.8476    24.9509   13.01107 4.3783e-02      0.993 0.0000e+00
        324 103.157925    0.02243     1.3458     80.750  1024.9562  50808.769    31.5426      0.996    7.26536     4.8478     4.8474    24.9515   13.01107 4.1542e-02      1.006 0.0000e+00
        325 103.157928    0.02250     1.3500     81.000  1024.9567  50809.406    31.5431      1.024    7.26532     4.8483     4.8475    24.9518   13.01099 4.0252e-02      1.033 0.0000e+00
        326 103.157931    0.02257     1.3542     81.250  1024.9570  50809.670    31.5433      1.060    7.26525     4.8488     4.8479    24.9520   13.01087 3.9569e-02      1.070 0.0000e+00
        327 103.157934    0.02264     1.3583     81.500  1024.9573  50809.793    31.5435      1.097    7.26516     4.8494     4.8483    24.9521   13.01072 3.9310e-02      1.108 0.0000e+00
        328 103.157937    0.02271     1.3625     81.750  1024.9575  50809.802    31.5436      1.132    7.26505     4.8500     4.8489    24.9521   13.01055 3.9408e-02      1.142 0.0000e+00
        329 103.157940    0.02278     1.3667     82.000  1024.9574  50809.323    31.5434      1.160    7.26495     4.8502     4.8495    24.9519   13.01039 3.9887e-02      1.171 0.0000e+00
        330 103.157943    0.02285     1.3708     82.250  1024.9568  50808.050    31.5426      1.183    7.26489     4.8499     4.8501    24.9512   13.01030 4.0876e-02      1.194 0.0000e+00
        331 103.157946    0.02292     1.3750     82.500  1024.9561  50806.602    31.5417      1.202    7.26490     4.8493     4.8503    24.9505   13.01032 4.2638e-02      1.214 0.0000e+00
        332 103.157948    0.02299     1.3792     82.750  1024.9559  50806.114    31.5412      1.223    7.26497     4.8487     4.8500    24.9502   13.01044 4.5642e-02      1.234 0.0000e+00
        333 103.157951    0.02306     1.3833     83.000  1024.9564  50806.911    31.5416      1.249    7.26507     4.8485     4.8494    24.9505   13.01059 4.9475e-02      1.261 0.0000e+00
        334 103.157954    0.02313     1.3875     83.250  1024.9575  50808.609    31.5427      1.291    7.26512     4.8491     4.8488    24.9514   13.01067 5.1951e-02      1.303 0.0000e+00
        335 103.157957    0.02319     1.3917     83.500  1024.9591  50811.016    31.5443      1.361    7.26507     4.8506     4.8486    24.9527   13.01057 5.0982e-02      1.374 0.0000e+00
        336 103.157960    0.02326     1.3958     83.750  1024.9612  50813.901    31.5463      1.476    7.26487     4.8530     4.8492    24.9542   13.01021 4.7320e-02      1.490 0.0000e+00
        337 103.157963    0.02333     1.4000     84.000  1024.9631  50815.994    31.5480      1.641    7.26452     4.8557     4.8507    24.9554   13.00962 4.3719e-02      1.657 0.0000e+00
        338 103.157966    0.02340     1.4042     84.250  1024.9642  50815.965    31.5484      1.847    7.26408     4.8581     4.8531    24.9555   13.00889 4.1422e-02      1.865 0.0000e+00
        339 103.157969    0.02347     1.4083     84.500  1024.9644  50814.224    31.5477      2.080    7.26364     4.8600     4.8558    24.9546   13.00817 4.0044e-02      2.100 0.0000e+00
        340 103.157972    0.02354     1.4125     84.750  1024.9644  50811.953    31.5465      2.332    7.26327     4.8613     4.8583    24.9535   13.00757 3.9217e-02      2.355 0.0000e+00
