CTD-processing/allCTD/CNV--homogene/2015_04-08_t9_s07_cast037.cnv
* Sea-Bird SBE19plus Data File:
* FileName = C:\Users\kris.holderied\Documents\kasitsna\Research-Projects-and-Data\Oceanography-AK\CTD-Data-ALL-to-2015-02\2015-CTD-KachemakBay-CookInlet\2015-04-EVOSTC-CookInlet-quarterly\2015-04-08-CookInlet-Tran9-HomerSpit\2015-04-08-CookInlet-Tran9-cast037.hex
* Software Version 1.59
* Temperature SN =  5028
* Conductivity SN =  5028
* System UpLoad Time = Apr 09 2015 19:32:41
** Cook Inlet LTM Tran 9 (Homer Spit) South to North
** Date: 04-08
** Station: 9-07
** Start time (AKDT): 15:07
** Depth (m): 98.2
** Comment:  KBL CTD. Time is local (AKDT)
** Comment: On R/V Pandalus.
# nquan = 17
# nvalues = 705                         
# units = specified
# name 0 = scan: Scan Count
# name 1 = timeJ: Julian Days
# name 2 = timeH: Time, Elapsed [hours]
# name 3 = timeM: Time, Elapsed [minutes]
# name 4 = timeS: Time, Elapsed [seconds]
# name 5 = density00: Density [density, kg/m^3]
# name 6 = specc: Specific Conductance [uS/cm]
# name 7 = sal00: Salinity, Practical [PSU]
# name 8 = depSM: Depth [salt water, m], lat = 59.00
# name 9 = oxsolML/L: Oxygen Saturation, Garcia & Gordon [ml/l]
# name 10 = potemp090C: Potential Temperature [ITS-90, deg C]
# name 11 = tv290C: Temperature [ITS-90, deg C]
# name 12 = sigma-é00: Density [sigma-theta, kg/m^3]
# name 13 = n2satML/L: Nitrogen Saturation [ml/l]
# name 14 = par: PAR/Irradiance, Biospherical/Licor
# name 15 = prdM: Pressure, Strain Gauge [db]
# name 16 = flag:  0.000e+00
# span 0 =          1,        705       
# span 1 =  98.629282,  98.631319       
# span 2 =    0.00000,    0.04889       
# span 3 =     0.0000,     2.9333       
# span 4 =      0.000,    176.000       
# span 5 =  1000.1783,  1025.3855       
# span 6 =    585.516,  50780.636       
# span 7 =     0.2754,    31.5731       
# span 8 =     -0.222,     97.897       
# span 9 =    7.18442,    8.82384       
# span 10 =     5.0804,     5.4303      
# span 11 =     5.0811,     5.4302      
# span 12 =     0.1794,    24.9270      
# span 13 =   12.87703,   16.06217      
# span 14 = 3.7976e-02, 1.8182e+03      
# span 15 =     -0.224,     98.844      
# span 16 = 0.0000e+00, 0.0000e+00      
# interval = seconds: 0.25
# start_time = Apr 08 2015 15:06:10 [Instrument's time stamp, header]
# bad_flag = -9.990e-29
*END*
[from data line 256]
        257  98.630023    0.01778     1.0667     64.000  1024.5336  49975.900    31.0783      1.055    7.19957     5.3587     5.3576    24.5287   12.90841 2.2140e+02      1.064 0.0000e+00
        258  98.630026    0.01785     1.0708     64.250  1024.5309  49970.934    31.0752      1.031    7.19950     5.3576     5.3589    24.5261   12.90832 2.2434e+02      1.041 0.0000e+00
        259  98.630029    0.01792     1.0750     64.500  1024.5313  49971.917    31.0759      1.005    7.19949     5.3559     5.3588    24.5266   12.90829 2.2541e+02      1.014 0.0000e+00
        260  98.630032    0.01799     1.0792     64.750  1024.5330  49975.350    31.0780      0.977    7.19957     5.3537     5.3577    24.5284   12.90840 2.2425e+02      0.985 0.0000e+00
        261  98.630035    0.01806     1.0833     65.000  1024.5336  49976.857    31.0787      0.947    7.19984     5.3505     5.3560    24.5292   12.90883 2.2248e+02      0.955 0.0000e+00
        262  98.630038    0.01812     1.0875     65.250  1024.5322  49974.629    31.0768      0.921    7.20031     5.3456     5.3538    24.5278   12.90964 2.2179e+02      0.929 0.0000e+00
        263  98.630041    0.01819     1.0917     65.500  1024.5302  49971.391    31.0739      0.904    7.20099     5.3385     5.3506    24.5259   12.91079 2.2108e+02      0.913 0.0000e+00
        264  98.630043    0.01826     1.0958     65.750  1024.5301  49971.758    31.0732      0.903    7.20187     5.3304     5.3457    24.5259   12.91226 2.1867e+02      0.912 0.0000e+00
        265  98.630046    0.01833     1.1000     66.000  1024.5335  49978.435    31.0763      0.918    7.20293     5.3231     5.3386    24.5291   12.91397 2.1541e+02      0.927 0.0000e+00
        266  98.630049    0.01840     1.1042     66.250  1024.5403  49991.455    31.0836      0.947    7.20397     5.3179     5.3305    24.5358   12.91560 2.1199e+02      0.955 0.0000e+00
        267  98.630052    0.01847     1.1083     66.500  1024.5495  50008.902    31.0940      0.983    7.20473     5.3153     5.3232    24.5449   12.91671 2.0861e+02      0.992 0.0000e+00
        268  98.630055    0.01854     1.1125     66.750  1024.5594  50027.262    31.1055      1.021    7.20507     5.3157     5.3179    24.5546   12.91714 2.0613e+02      1.030 0.0000e+00
        269  98.630058    0.01861     1.1167     67.000  1024.5676  50042.333    31.1154      1.055    7.20505     5.3193     5.3154    24.5626   12.91696 2.0527e+02      1.065 0.0000e+00
        270  98.630061    0.01868     1.1208     67.250  1024.5720  50050.148    31.1208      1.082    7.20470     5.3248     5.3158    24.5669   12.91632 2.0646e+02      1.093 0.0000e+00
        271  98.630064    0.01875     1.1250     67.500  1024.5712  50048.174    31.1202      1.099    7.20411     5.3300     5.3194    24.5660   12.91536 2.0849e+02      1.110 0.0000e+00
        272  98.630067    0.01882     1.1292     67.750  1024.5656  50037.288    31.1138      1.105    7.20349     5.3332     5.3249    24.5604   12.91441 2.0938e+02      1.115 0.0000e+00
        273  98.630069    0.01889     1.1333     68.000  1024.5573  50021.625    31.1041      1.099    7.20307     5.3337     5.3301    24.5522   12.91384 2.1024e+02      1.109 0.0000e+00
        274  98.630072    0.01896     1.1375     68.250  1024.5492  50006.631    31.0945      1.085    7.20298     5.3315     5.3333    24.5442   12.91381 2.1340e+02      1.095 0.0000e+00
        275  98.630075    0.01903     1.1417     68.500  1024.5441  49997.328    31.0882      1.068    7.20319     5.3273     5.3338    24.5391   12.91424 2.1765e+02      1.078 0.0000e+00
        276  98.630078    0.01910     1.1458     68.750  1024.5437  49996.831    31.0874      1.054    7.20361     5.3228     5.3316    24.5387   12.91494 2.1984e+02      1.064 0.0000e+00
        277  98.630081    0.01917     1.1500     69.000  1024.5478  50004.968    31.0921      1.045    7.20410     5.3196     5.3274    24.5429   12.91569 2.1915e+02      1.055 0.0000e+00
        278  98.630084    0.01924     1.1542     69.250  1024.5547  50018.007    31.1002      1.040    7.20448     5.3183     5.3229    24.5498   12.91622 2.1836e+02      1.050 0.0000e+00
        279  98.630087    0.01931     1.1583     69.500  1024.5616  50030.967    31.1084      1.040    7.20464     5.3194     5.3197    24.5567   12.91638 2.1907e+02      1.050 0.0000e+00
        280  98.630090    0.01938     1.1625     69.750  1024.5665  50040.202    31.1145      1.041    7.20456     5.3224     5.3184    24.5616   12.91617 2.1909e+02      1.051 0.0000e+00
        281  98.630093    0.01944     1.1667     70.000  1024.5684  50043.591    31.1171      1.041    7.20426     5.3264     5.3195    24.5635   12.91564 2.1824e+02      1.050 0.0000e+00
        282  98.630095    0.01951     1.1708     70.250  1024.5668  50040.281    31.1154      1.036    7.20383     5.3300     5.3225    24.5619   12.91494 2.1833e+02      1.045 0.0000e+00
        283  98.630098    0.01958     1.1750     70.500  1024.5618  50030.864    31.1098      1.024    7.20341     5.3322     5.3265    24.5570   12.91433 2.1946e+02      1.034 0.0000e+00
        284  98.630101    0.01965     1.1792     70.750  1024.5544  50017.016    31.1010      1.005    7.20321     5.3319     5.3301    24.5497   12.91410 2.2108e+02      1.015 0.0000e+00
        285  98.630104    0.01972     1.1833     71.000  1024.5455  50000.598    31.0902      0.980    7.20337     5.3287     5.3322    24.5409   12.91450 2.2183e+02      0.989 0.0000e+00
        286  98.630107    0.01979     1.1875     71.250  1024.5355  49982.513    31.0777      0.951    7.20401     5.3228     5.3320    24.5310   12.91573 2.2008e+02      0.960 0.0000e+00
        287  98.630110    0.01986     1.1917     71.500  1024.5262  49965.967    31.0657      0.925    7.20513     5.3158     5.3288    24.5219   12.91774 2.1631e+02      0.934 0.0000e+00
        288  98.630113    0.01993     1.1958     71.750  1024.5212  49957.371    31.0586      0.907    7.20650     5.3107     5.3229    24.5169   12.92008 2.1404e+02      0.915 0.0000e+00
        289  98.630116    0.02000     1.2000     72.000  1024.5209  49957.650    31.0574      0.902    7.20775     5.3089     5.3159    24.5167   12.92217 2.1378e+02      0.911 0.0000e+00
        290  98.630119    0.02007     1.2042     72.250  1024.5223  49960.619    31.0583      0.913    7.20858     5.3099     5.3108    24.5180   12.92353 2.1192e+02      0.921 0.0000e+00
        291  98.630122    0.02014     1.2083     72.500  1024.5227  49961.234    31.0584      0.937    7.20889     5.3126     5.3089    24.5183   12.92405 2.0797e+02      0.946 0.0000e+00
        292  98.630124    0.02021     1.2125     72.750  1024.5214  49958.443    31.0566      0.971    7.20879     5.3156     5.3100    24.5168   12.92390 2.0298e+02      0.980 0.0000e+00
        293  98.630127    0.02028     1.2167     73.000  1024.5187  49952.939    31.0534      1.011    7.20848     5.3176     5.3127    24.5139   12.92344 1.9791e+02      1.021 0.0000e+00
        294  98.630130    0.02035     1.2208     73.250  1024.5155  49946.358    31.0495      1.055    7.20817     5.3186     5.3156    24.5105   12.92297 1.9498e+02      1.065 0.0000e+00
        295  98.630133    0.02042     1.2250     73.500  1024.5127  49940.775    31.0461      1.098    7.20797     5.3188     5.3177    24.5075   12.92269 1.9449e+02      1.109 0.0000e+00
        296  98.630136    0.02049     1.2292     73.750  1024.5110  49937.282    31.0438      1.134    7.20792     5.3188     5.3187    24.5057   12.92262 1.9471e+02      1.145 0.0000e+00
        297  98.630139    0.02056     1.2333     74.000  1024.5103  49935.773    31.0428      1.157    7.20792     5.3188     5.3189    24.5049   12.92265 1.9502e+02      1.168 0.0000e+00
        298  98.630142    0.02063     1.2375     74.250  1024.5103  49935.707    31.0428      1.164    7.20793     5.3189     5.3189    24.5048   12.92266 1.9640e+02      1.175 0.0000e+00
        299  98.630145    0.02069     1.2417     74.500  1024.5106  49936.383    31.0432      1.155    7.20791     5.3190     5.3188    24.5052   12.92262 1.9927e+02      1.166 0.0000e+00
        300  98.630148    0.02076     1.2458     74.750  1024.5110  49937.221    31.0438      1.132    7.20787     5.3192     5.3189    24.5057   12.92256 2.0288e+02      1.142 0.0000e+00
        301  98.630150    0.02083     1.2500     75.000  1024.5113  49937.996    31.0444      1.100    7.20783     5.3195     5.3190    24.5061   12.92247 2.0663e+02      1.111 0.0000e+00
        302  98.630153    0.02090     1.2542     75.250  1024.5114  49938.493    31.0448      1.067    7.20777     5.3201     5.3192    24.5064   12.92238 2.1051e+02      1.078 0.0000e+00
        303  98.630156    0.02097     1.2583     75.500  1024.5113  49938.495    31.0449      1.038    7.20770     5.3210     5.3196    24.5064   12.92226 2.1412e+02      1.048 0.0000e+00
        304  98.630159    0.02104     1.2625     75.750  1024.5109  49937.955    31.0447      1.017    7.20761     5.3220     5.3202    24.5062   12.92211 2.1656e+02      1.027 0.0000e+00
        305  98.630162    0.02111     1.2667     76.000  1024.5104  49937.000    31.0442      1.008    7.20749     5.3232     5.3210    24.5057   12.92192 2.1646e+02      1.018 0.0000e+00
        306  98.630165    0.02118     1.2708     76.250  1024.5099  49935.861    31.0436      1.020    7.20734     5.3244     5.3221    24.5051   12.92168 2.1293e+02      1.029 0.0000e+00
        307  98.630168    0.02125     1.2750     76.500  1024.5095  49934.525    31.0429      1.064    7.20717     5.3252     5.3233    24.5045   12.92141 2.0686e+02      1.074 0.0000e+00
        308  98.630171    0.02132     1.2792     76.750  1024.5091  49932.933    31.0420      1.161    7.20701     5.3255     5.3244    24.5036   12.92115 1.9809e+02      1.172 0.0000e+00
        309  98.630174    0.02139     1.2833     77.000  1024.5090  49931.345    31.0410      1.336    7.20691     5.3249     5.3253    24.5027   12.92099 1.8509e+02      1.349 0.0000e+00
        310  98.630177    0.02146     1.2875     77.250  1024.5095  49930.031    31.0401      1.602    7.20690     5.3228     5.3257    24.5019   12.92099 1.6885e+02      1.617 0.0000e+00
        311  98.630179    0.02153     1.2917     77.500  1024.5103  49928.957    31.0390      1.946    7.20705     5.3185     5.3251    24.5012   12.92125 1.5172e+02      1.964 0.0000e+00
        312  98.630182    0.02160     1.2958     77.750  1024.5117  49928.528    31.0381      2.341    7.20745     5.3112     5.3230    24.5007   12.92193 1.3547e+02      2.363 0.0000e+00
        313  98.630185    0.02167     1.3000     78.000  1024.5142  49930.409    31.0383      2.754    7.20818     5.3013     5.3187    24.5013   12.92314 1.2141e+02      2.779 0.0000e+00
        314  98.630188    0.02174     1.3042     78.250  1024.5190  49936.660    31.0409      3.163    7.20930     5.2900     5.3114    24.5042   12.92495 1.0977e+02      3.193 0.0000e+00
        315  98.630191    0.02181     1.3083     78.500  1024.5263  49947.738    31.0463      3.564    7.21074     5.2784     5.3015    24.5096   12.92726 1.0005e+02      3.597 0.0000e+00
        316  98.630194    0.02187     1.3125     78.750  1024.5348  49961.360    31.0532      3.953    7.21235     5.2659     5.2903    24.5162   12.92982 9.1811e+01      3.990 0.0000e+00
        317  98.630197    0.02194     1.3167     79.000  1024.5433  49975.295    31.0602      4.331    7.21399     5.2508     5.2788    24.5230   12.93245 8.4857e+01      4.371 0.0000e+00
        318  98.630200    0.02201     1.3208     79.250  1024.5521  49989.721    31.0673      4.697    7.21579     5.2312     5.2663    24.5300   12.93534 7.9018e+01      4.742 0.0000e+00
        319  98.630203    0.02208     1.3250     79.500  1024.5625  50007.483    31.0762      5.057    7.21797     5.2074     5.2512    24.5387   12.93882 7.4067e+01      5.105 0.0000e+00
        320  98.630205    0.02215     1.3292     79.750  1024.5777  50034.584    31.0906      5.414    7.22064     5.1821     5.2317    24.5523   12.94304 6.9768e+01      5.465 0.0000e+00
        321  98.630208    0.02222     1.3333     80.000  1024.5997  50074.637    31.1130      5.769    7.22366     5.1586     5.2079    24.5726   12.94774 6.5929e+01      5.824 0.0000e+00
        322  98.630211    0.02229     1.3375     80.250  1024.6262  50123.194    31.1409      6.125    7.22668     5.1388     5.1826    24.5974   12.95238 6.2407e+01      6.183 0.0000e+00
        323  98.630214    0.02236     1.3417     80.500  1024.6527  50171.502    31.1690      6.482    7.22939     5.1233     5.1591    24.6222   12.95649 5.9082e+01      6.544 0.0000e+00
        324  98.630217    0.02243     1.3458     80.750  1024.6757  50213.014    31.1932      6.840    7.23163     5.1119     5.1393    24.6435   12.95988 5.5905e+01      6.905 0.0000e+00
        325  98.630220    0.02250     1.3500     81.000  1024.6942  50245.929    31.2124      7.195    7.23337     5.1038     5.1239    24.6604   12.96249 5.2897e+01      7.263 0.0000e+00
        326  98.630223    0.02257     1.3542     81.250  1024.7090  50271.563    31.2275      7.546    7.23460     5.0978     5.1125    24.6736   12.96434 5.0087e+01      7.617 0.0000e+00
        327  98.630226    0.02264     1.3583     81.500  1024.7212  50292.148    31.2398      7.890    7.23542     5.0932     5.1043    24.6842   12.96554 4.7512e+01      7.965 0.0000e+00
        328  98.630229    0.02271     1.3625     81.750  1024.7320  50309.901    31.2505      8.229    7.23593     5.0893     5.0984    24.6934   12.96624 4.5216e+01      8.307 0.0000e+00
        329  98.630231    0.02278     1.3667     82.000  1024.7421  50326.350    31.2607      8.562    7.23623     5.0858     5.0938    24.7019   12.96661 4.3208e+01      8.643 0.0000e+00
        330  98.630234    0.02285     1.3708     82.250  1024.7519  50342.166    31.2705      8.889    7.23642     5.0829     5.0899    24.7101   12.96680 4.1452e+01      8.974 0.0000e+00
        331  98.630237    0.02292     1.3750     82.500  1024.7615  50357.652    31.2803      9.212    7.23654     5.0809     5.0865    24.7182   12.96687 3.9899e+01      9.300 0.0000e+00
        332  98.630240    0.02299     1.3792     82.750  1024.7714  50373.559    31.2905      9.531    7.23655     5.0804     5.0836    24.7266   12.96675 3.8493e+01      9.621 0.0000e+00
        333  98.630243    0.02306     1.3833     83.000  1024.7821  50390.974    31.3019      9.846    7.23634     5.0816     5.0817    24.7358   12.96625 3.7195e+01      9.939 0.0000e+00
        334  98.630246    0.02313     1.3875     83.250  1024.7932  50408.951    31.3140     10.159    7.23585     5.0846     5.0811    24.7454   12.96529 3.5970e+01     10.255 0.0000e+00
        335  98.630249    0.02319     1.3917     83.500  1024.8030  50424.350    31.3247     10.473    7.23511     5.0885     5.0824    24.7538   12.96392 3.4775e+01     10.572 0.0000e+00
        336  98.630252    0.02326     1.3958     83.750  1024.8105  50435.458    31.3328     10.791    7.23420     5.0926     5.0854    24.7599   12.96232 3.3568e+01     10.893 0.0000e+00
        337  98.630255    0.02333     1.4000     84.000  1024.8161  50442.676    31.3384     11.114    7.23325     5.0961     5.0893    24.7639   12.96067 3.2327e+01     11.219 0.0000e+00
        338  98.630258    0.02340     1.4042     84.250  1024.8199  50446.634    31.3418     11.443    7.23237     5.0985     5.0934    24.7662   12.95918 3.1055e+01     11.551 0.0000e+00
        339  98.630260    0.02347     1.4083     84.500  1024.8223  50447.984    31.3433     11.777    7.23169     5.0998     5.0969    24.7670   12.95803 2.9764e+01     11.888 0.0000e+00
        340  98.630263    0.02354     1.4125     84.750  1024.8238  50447.864    31.3436     12.113    7.23124     5.0999     5.0994    24.7669   12.95730 2.8473e+01     12.228 0.0000e+00
