CTD-processing/allCTD/CNV--homogene/2015_04-08_t6_s11_cast019.cnv
* Sea-Bird SBE19plus Data File:
* FileName = C:\Users\kris.holderied\Documents\kasitsna\Research-Projects-and-Data\Oceanography-AK\CTD-Data-ALL-to-2015-02\2015-CTD-KachemakBay-CookInlet\2015-04-EVOSTC-CookInlet-quarterly\2015-04-08-CookInlet-Tran6-Douglas\2015-04-08-CookInlet-Tran6-cast019.hex
* Software Version 1.59
* Temperature SN =  5028
* Conductivity SN =  5028
* System UpLoad Time = Apr 09 2015 19:13:13
** Cook Inlet LTM Tran 6 (Douglas) East to West - partial
** Date: 04-08
** Station: 6-11
** Start time (AKDT): 04:03
** Depth (m): 115
** Comment:  KBL CTD. Phytoplankton surface 40 liters.  No zooplankton tow - too rough.
** Comment: On R/V Pandalus.  Weather limited stations (1-12, skipped  7,9)
# nquan = 17
# nvalues = 734                         
# units = specified
# name 0 = scan: Scan Count
# name 1 = timeJ: Julian Days
# name 2 = timeH: Time, Elapsed [hours]
# name 3 = timeM: Time, Elapsed [minutes]
# name 4 = timeS: Time, Elapsed [seconds]
# name 5 = density00: Density [density, kg/m^3]
# name 6 = specc: Specific Conductance [uS/cm]
# name 7 = sal00: Salinity, Practical [PSU]
# name 8 = depSM: Depth [salt water, m], lat = 59.00
# name 9 = oxsolML/L: Oxygen Saturation, Garcia & Gordon [ml/l]
# name 10 = potemp090C: Potential Temperature [ITS-90, deg C]
# name 11 = tv290C: Temperature [ITS-90, deg C]
# name 12 = sigma-é00: Density [sigma-theta, kg/m^3]
# name 13 = n2satML/L: Nitrogen Saturation [ml/l]
# name 14 = par: PAR/Irradiance, Biospherical/Licor
# name 15 = prdM: Pressure, Strain Gauge [db]
# name 16 = flag:  0.000e+00
# span 0 =          1,        734       
# span 1 =  98.169155,  98.171276       
# span 2 =    0.00000,    0.05090       
# span 3 =     0.0000,     3.0542       
# span 4 =      0.000,    183.250       
# span 5 =  1000.0385,  1025.6914       
# span 6 =    179.838,  51162.962       
# span 7 =     0.0803,    31.9775       
# span 8 =     -0.220,    113.625       
# span 9 =    7.04622,    9.12905       
# span 10 =     4.1477,     6.0111      
# span 11 =     4.1477,     6.0164      
# span 12 =     0.0395,    25.1641      
# span 13 =   12.64358,   16.57781      
# span 14 = 3.7976e-02, 7.5231e-01      
# span 15 =     -0.222,    114.729      
# span 16 = 0.0000e+00, 0.0000e+00      
# interval = seconds: 0.25
# start_time = Apr 08 2015 04:03:35 [Instrument's time stamp, header]
# bad_flag = -9.990e-29
*END*
[from data line 341]
        342  98.170142    0.02368     1.4208     85.250  1025.0129  50808.431    31.7550      1.718    7.08088     5.8695     5.8693    25.0048   12.70366 3.7976e-02      1.735 0.0000e+00
        343  98.170145    0.02375     1.4250     85.500  1025.0132  50809.051    31.7555      1.712    7.08084     5.8698     5.8694    25.0052   12.70360 3.7976e-02      1.728 0.0000e+00
        344  98.170148    0.02382     1.4292     85.750  1025.0135  50809.687    31.7559      1.690    7.08079     5.8701     5.8696    25.0056   12.70351 3.7976e-02      1.706 0.0000e+00
        345  98.170150    0.02389     1.4333     86.000  1025.0137  50810.357    31.7565      1.659    7.08073     5.8706     5.8699    25.0060   12.70339 3.7976e-02      1.675 0.0000e+00
        346  98.170153    0.02396     1.4375     86.250  1025.0141  50811.301    31.7572      1.627    7.08063     5.8713     5.8702    25.0065   12.70323 3.7976e-02      1.643 0.0000e+00
        347  98.170156    0.02403     1.4417     86.500  1025.0147  50812.493    31.7581      1.601    7.08050     5.8722     5.8707    25.0072   12.70300 3.7976e-02      1.617 0.0000e+00
        348  98.170159    0.02410     1.4458     86.750  1025.0152  50813.464    31.7590      1.586    7.08034     5.8731     5.8714    25.0078   12.70273 3.7976e-02      1.602 0.0000e+00
        349  98.170162    0.02417     1.4500     87.000  1025.0153  50813.749    31.7593      1.583    7.08017     5.8739     5.8723    25.0080   12.70244 3.7976e-02      1.598 0.0000e+00
        350  98.170165    0.02424     1.4542     87.250  1025.0151  50813.255    31.7592      1.590    7.08003     5.8744     5.8733    25.0077   12.70220 3.7976e-02      1.605 0.0000e+00
        351  98.170168    0.02431     1.4583     87.500  1025.0146  50812.273    31.7586      1.601    7.07993     5.8745     5.8740    25.0072   12.70204 3.7976e-02      1.616 0.0000e+00
        352  98.170171    0.02438     1.4625     87.750  1025.0141  50811.110    31.7579      1.610    7.07989     5.8743     5.8745    25.0066   12.70198 3.7976e-02      1.625 0.0000e+00
        353  98.170174    0.02444     1.4667     88.000  1025.0135  50810.001    31.7572      1.613    7.07990     5.8739     5.8746    25.0060   12.70202 3.7976e-02      1.628 0.0000e+00
        354  98.170177    0.02451     1.4708     88.250  1025.0130  50809.217    31.7566      1.605    7.07996     5.8733     5.8744    25.0055   12.70212 3.7976e-02      1.620 0.0000e+00
        355  98.170179    0.02458     1.4750     88.500  1025.0127  50808.858    31.7563      1.587    7.08005     5.8727     5.8740    25.0053   12.70227 3.7976e-02      1.602 0.0000e+00
        356  98.170182    0.02465     1.4792     88.750  1025.0126  50808.802    31.7561      1.561    7.08015     5.8721     5.8734    25.0053   12.70244 3.7976e-02      1.576 0.0000e+00
        357  98.170185    0.02472     1.4833     89.000  1025.0125  50808.889    31.7561      1.532    7.08025     5.8716     5.8728    25.0053   12.70261 3.7976e-02      1.547 0.0000e+00
        358  98.170188    0.02479     1.4875     89.250  1025.0124  50809.024    31.7561      1.506    7.08035     5.8712     5.8722    25.0054   12.70277 3.7976e-02      1.521 0.0000e+00
        359  98.170191    0.02486     1.4917     89.500  1025.0124  50809.186    31.7561      1.490    7.08043     5.8709     5.8717    25.0055   12.70290 3.7976e-02      1.504 0.0000e+00
        360  98.170194    0.02493     1.4958     89.750  1025.0125  50809.337    31.7561      1.487    7.08049     5.8706     5.8713    25.0055   12.70301 3.7976e-02      1.501 0.0000e+00
        361  98.170197    0.02500     1.5000     90.000  1025.0126  50809.371    31.7561      1.500    7.08055     5.8702     5.8710    25.0056   12.70310 3.7976e-02      1.514 0.0000e+00
        362  98.170200    0.02507     1.5042     90.250  1025.0126  50809.345    31.7560      1.528    7.08061     5.8698     5.8707    25.0055   12.70319 3.7976e-02      1.542 0.0000e+00
        363  98.170203    0.02514     1.5083     90.500  1025.0129  50809.624    31.7561      1.567    7.08067     5.8695     5.8703    25.0056   12.70329 3.7976e-02      1.581 0.0000e+00
        364  98.170205    0.02521     1.5125     90.750  1025.0136  50810.547    31.7566      1.613    7.08071     5.8696     5.8699    25.0061   12.70336 3.7976e-02      1.628 0.0000e+00
        365  98.170208    0.02528     1.5167     91.000  1025.0147  50812.041    31.7576      1.661    7.08071     5.8701     5.8696    25.0069   12.70335 3.7976e-02      1.676 0.0000e+00
        366  98.170211    0.02535     1.5208     91.250  1025.0158  50813.739    31.7587      1.703    7.08065     5.8710     5.8697    25.0078   12.70323 3.7976e-02      1.719 0.0000e+00
        367  98.170214    0.02542     1.5250     91.500  1025.0167  50815.183    31.7598      1.734    7.08051     5.8721     5.8702    25.0086   12.70299 3.7976e-02      1.750 0.0000e+00
        368  98.170217    0.02549     1.5292     91.750  1025.0171  50815.768    31.7604      1.748    7.08033     5.8730     5.8711    25.0089   12.70269 3.7976e-02      1.764 0.0000e+00
        369  98.170220    0.02556     1.5333     92.000  1025.0168  50815.241    31.7603      1.741    7.08016     5.8738     5.8722    25.0087   12.70240 3.7976e-02      1.757 0.0000e+00
        370  98.170223    0.02562     1.5375     92.250  1025.0162  50814.279    31.7598      1.713    7.08002     5.8743     5.8732    25.0082   12.70218 3.7976e-02      1.729 0.0000e+00
        371  98.170226    0.02569     1.5417     92.500  1025.0157  50813.541    31.7595      1.666    7.07992     5.8746     5.8739    25.0078   12.70201 3.7976e-02      1.682 0.0000e+00
        372  98.170229    0.02576     1.5458     92.750  1025.0151  50812.970    31.7592      1.603    7.07984     5.8749     5.8744    25.0076   12.70189 3.7976e-02      1.619 0.0000e+00
        373  98.170231    0.02583     1.5500     93.000  1025.0146  50812.542    31.7590      1.532    7.07979     5.8752     5.8748    25.0074   12.70181 3.7976e-02      1.547 0.0000e+00
        374  98.170234    0.02590     1.5542     93.250  1025.0142  50812.487    31.7591      1.458    7.07975     5.8756     5.8750    25.0074   12.70174 3.7976e-02      1.473 0.0000e+00
        375  98.170237    0.02597     1.5583     93.500  1025.0141  50812.813    31.7594      1.391    7.07969     5.8760     5.8753    25.0076   12.70163 3.7976e-02      1.405 0.0000e+00
        376  98.170240    0.02604     1.5625     93.750  1025.0142  50813.249    31.7598      1.338    7.07961     5.8764     5.8757    25.0079   12.70150 3.7976e-02      1.351 0.0000e+00
        377  98.170243    0.02611     1.5667     94.000  1025.0142  50813.602    31.7601      1.303    7.07952     5.8769     5.8761    25.0081   12.70135 3.7976e-02      1.316 0.0000e+00
        378  98.170246    0.02618     1.5708     94.250  1025.0142  50813.765    31.7603      1.292    7.07943     5.8773     5.8765    25.0082   12.70120 3.7976e-02      1.304 0.0000e+00
        379  98.170249    0.02625     1.5750     94.500  1025.0143  50813.677    31.7603      1.305    7.07936     5.8776     5.8770    25.0082   12.70107 3.7976e-02      1.317 0.0000e+00
        380  98.170252    0.02632     1.5792     94.750  1025.0143  50813.439    31.7602      1.345    7.07929     5.8778     5.8774    25.0081   12.70097 3.7976e-02      1.358 0.0000e+00
        381  98.170255    0.02639     1.5833     95.000  1025.0145  50813.176    31.7601      1.411    7.07925     5.8780     5.8777    25.0079   12.70090 3.7976e-02      1.424 0.0000e+00
        382  98.170258    0.02646     1.5875     95.250  1025.0148  50812.942    31.7599      1.501    7.07922     5.8781     5.8779    25.0078   12.70085 3.7976e-02      1.515 0.0000e+00
        383  98.170260    0.02653     1.5917     95.500  1025.0151  50812.771    31.7598      1.608    7.07919     5.8783     5.8781    25.0077   12.70081 3.7976e-02      1.623 0.0000e+00
        384  98.170263    0.02660     1.5958     95.750  1025.0156  50812.704    31.7597      1.722    7.07917     5.8784     5.8783    25.0076   12.70078 3.7976e-02      1.738 0.0000e+00
        385  98.170266    0.02667     1.6000     96.000  1025.0160  50812.573    31.7596      1.831    7.07915     5.8784     5.8784    25.0075   12.70075 3.7976e-02      1.848 0.0000e+00
        386  98.170269    0.02674     1.6042     96.250  1025.0162  50812.221    31.7593      1.921    7.07915     5.8784     5.8785    25.0072   12.70074 3.7976e-02      1.939 0.0000e+00
        387  98.170272    0.02681     1.6083     96.500  1025.0163  50811.917    31.7591      1.984    7.07916     5.8782     5.8785    25.0070   12.70076 3.7976e-02      2.002 0.0000e+00
        388  98.170275    0.02688     1.6125     96.750  1025.0164  50811.912    31.7591      2.012    7.07917     5.8781     5.8785    25.0070   12.70078 3.7976e-02      2.030 0.0000e+00
        389  98.170278    0.02694     1.6167     97.000  1025.0165  50812.129    31.7592      2.005    7.07918     5.8780     5.8784    25.0071   12.70080 3.7976e-02      2.023 0.0000e+00
        390  98.170281    0.02701     1.6208     97.250  1025.0165  50812.444    31.7595      1.970    7.07919     5.8779     5.8783    25.0073   12.70082 3.7976e-02      1.988 0.0000e+00
        391  98.170284    0.02708     1.6250     97.500  1025.0165  50812.803    31.7597      1.923    7.07920     5.8779     5.8782    25.0075   12.70082 3.7976e-02      1.941 0.0000e+00
        392  98.170286    0.02715     1.6292     97.750  1025.0166  50813.238    31.7600      1.888    7.07920     5.8779     5.8781    25.0078   12.70081 3.7976e-02      1.906 0.0000e+00
        393  98.170289    0.02722     1.6333     98.000  1025.0169  50813.720    31.7603      1.891    7.07919     5.8779     5.8780    25.0080   12.70079 3.7976e-02      1.908 0.0000e+00
        394  98.170292    0.02729     1.6375     98.250  1025.0173  50814.121    31.7606      1.942    7.07918     5.8779     5.8780    25.0083   12.70077 3.7976e-02      1.960 0.0000e+00
        395  98.170295    0.02736     1.6417     98.500  1025.0180  50814.611    31.7609      2.039    7.07916     5.8780     5.8780    25.0085   12.70075 3.7976e-02      2.058 0.0000e+00
        396  98.170298    0.02743     1.6458     98.750  1025.0191  50815.639    31.7615      2.174    7.07913     5.8783     5.8780    25.0090   12.70069 3.7976e-02      2.195 0.0000e+00
        397  98.170301    0.02750     1.6500     99.000  1025.0208  50817.274    31.7626      2.348    7.07907     5.8789     5.8781    25.0098   12.70057 3.7976e-02      2.370 0.0000e+00
        398  98.170304    0.02757     1.6542     99.250  1025.0228  50819.332    31.7640      2.560    7.07894     5.8798     5.8785    25.0109   12.70035 3.7976e-02      2.584 0.0000e+00
        399  98.170307    0.02764     1.6583     99.500  1025.0255  50822.141    31.7659      2.810    7.07875     5.8813     5.8791    25.0123   12.70000 3.7976e-02      2.836 0.0000e+00
        400  98.170310    0.02771     1.6625     99.750  1025.0293  50826.778    31.7692      3.095    7.07843     5.8838     5.8801    25.0148   12.69944 3.7976e-02      3.124 0.0000e+00
        401  98.170312    0.02778     1.6667    100.000  1025.0349  50834.490    31.7747      3.410    7.07792     5.8875     5.8816    25.0190   12.69852 3.7976e-02      3.442 0.0000e+00
        402  98.170315    0.02785     1.6708    100.250  1025.0421  50844.882    31.7822      3.748    7.07715     5.8921     5.8841    25.0246   12.69715 3.7976e-02      3.783 0.0000e+00
        403  98.170318    0.02792     1.6750    100.500  1025.0495  50855.462    31.7900      4.099    7.07616     5.8974     5.8878    25.0304   12.69542 3.7976e-02      4.138 0.0000e+00
        404  98.170321    0.02799     1.6792    100.750  1025.0564  50864.855    31.7973      4.455    7.07504     5.9030     5.8925    25.0356   12.69347 3.7976e-02      4.497 0.0000e+00
        405  98.170324    0.02806     1.6833    101.000  1025.0631  50873.991    31.8045      4.806    7.07382     5.9085     5.8978    25.0406   12.69137 3.7976e-02      4.851 0.0000e+00
        406  98.170327    0.02813     1.6875    101.250  1025.0688  50881.472    31.8106      5.139    7.07260     5.9137     5.9034    25.0448   12.68928 3.7977e-02      5.188 0.0000e+00
        407  98.170330    0.02819     1.6917    101.500  1025.0729  50886.139    31.8148      5.449    7.07148     5.9184     5.9089    25.0475   12.68737 3.7977e-02      5.501 0.0000e+00
        408  98.170333    0.02826     1.6958    101.750  1025.0770  50890.939    31.8190      5.735    7.07042     5.9228     5.9141    25.0502   12.68557 3.7977e-02      5.789 0.0000e+00
        409  98.170336    0.02833     1.7000    102.000  1025.0809  50895.729    31.8231      5.998    7.06943     5.9265     5.9189    25.0529   12.68389 3.7978e-02      6.055 0.0000e+00
        410  98.170339    0.02840     1.7042    102.250  1025.0830  50897.445    31.8251      6.245    7.06861     5.9291     5.9233    25.0539   12.68250 3.7980e-02      6.304 0.0000e+00
        411  98.170341    0.02847     1.7083    102.500  1025.0833  50895.763    31.8245      6.483    7.06802     5.9305     5.9270    25.0530   12.68153 3.7983e-02      6.544 0.0000e+00
        412  98.170344    0.02854     1.7125    102.750  1025.0823  50892.008    31.8223      6.718    7.06768     5.9308     5.9296    25.0509   12.68101 3.7987e-02      6.782 0.0000e+00
        413  98.170347    0.02861     1.7167    103.000  1025.0811  50887.880    31.8196      6.957    7.06758     5.9305     5.9310    25.0486   12.68087 3.7995e-02      7.023 0.0000e+00
        414  98.170350    0.02868     1.7208    103.250  1025.0808  50885.292    31.8178      7.200    7.06761     5.9302     5.9314    25.0471   12.68094 3.8007e-02      7.268 0.0000e+00
        415  98.170353    0.02875     1.7250    103.500  1025.0819  50885.504    31.8178      7.445    7.06765     5.9303     5.9311    25.0472   12.68101 3.8028e-02      7.515 0.0000e+00
        416  98.170356    0.02882     1.7292    103.750  1025.0846  50888.481    31.8196      7.690    7.06762     5.9309     5.9308    25.0487   12.68093 3.8062e-02      7.763 0.0000e+00
        417  98.170359    0.02889     1.7333    104.000  1025.0882  50893.195    31.8228      7.932    7.06745     5.9323     5.9308    25.0512   12.68062 3.8120e-02      8.006 0.0000e+00
        418  98.170362    0.02896     1.7375    104.250  1025.0925  50899.157    31.8270      8.167    7.06715     5.9344     5.9315    25.0544   12.68006 3.8216e-02      8.244 0.0000e+00
        419  98.170365    0.02903     1.7417    104.500  1025.0976  50906.519    31.8322      8.397    7.06667     5.9372     5.9329    25.0584   12.67921 3.8375e-02      8.476 0.0000e+00
        420  98.170367    0.02910     1.7458    104.750  1025.1031  50914.642    31.8381      8.623    7.06605     5.9405     5.9350    25.0628   12.67810 3.8642e-02      8.704 0.0000e+00
        421  98.170370    0.02917     1.7500    105.000  1025.1083  50922.282    31.8439      8.849    7.06531     5.9442     5.9378    25.0670   12.67681 3.9085e-02      8.933 0.0000e+00
        422  98.170373    0.02924     1.7542    105.250  1025.1129  50928.731    31.8489      9.079    7.06452     5.9481     5.9412    25.0706   12.67543 3.9825e-02      9.165 0.0000e+00
        423  98.170376    0.02931     1.7583    105.500  1025.1169  50933.912    31.8531      9.318    7.06370     5.9518     5.9449    25.0735   12.67403 4.1057e-02      9.406 0.0000e+00
        424  98.170379    0.02937     1.7625    105.750  1025.1199  50937.149    31.8560      9.567    7.06292     5.9549     5.9488    25.0753   12.67271 4.3111e-02      9.657 0.0000e+00
        425  98.170382    0.02944     1.7667    106.000  1025.1214  50937.744    31.8570      9.826    7.06225     5.9573     5.9526    25.0756   12.67159 4.6535e-02      9.919 0.0000e+00
