CTD-processing/allCTD/CNV--homogene/2015_03-31_t9_s01_cast001.cnv
* Sea-Bird SBE19plus Data File:
* FileName = C:\Users\kris.holderied\Documents\kasitsna\Research-Projects-and-Data\Oceanography-AK\CTD-Data-ALL-to-2015-02\2015-CTD-KachemakBay-CookInlet\2015-03-31-CookInlet-HomerSpit-monthly\2015-03-31-CookInlet-Tran9-cast001.hex
* Software Version 1.59
* Temperature SN =  5028
* Conductivity SN =  5028
* System UpLoad Time = Apr 06 2015 13:41:13
** Cook Inlet LTM Tran9 (Homer Spit) South to North
** Date: 03-31
** Station: 9-01
** Start time:  13:07
** Depth (m): 66.4
** Comment:  KBL CTD. Time is local (AKDT)
** Comment: Vessel KBL Barnacle.
# nquan = 17
# nvalues = 577                         
# units = specified
# name 0 = scan: Scan Count
# name 1 = timeJ: Julian Days
# name 2 = timeH: Time, Elapsed [hours]
# name 3 = timeM: Time, Elapsed [minutes]
# name 4 = timeS: Time, Elapsed [seconds]
# name 5 = density00: Density [density, kg/m^3]
# name 6 = specc: Specific Conductance [uS/cm]
# name 7 = sal00: Salinity, Practical [PSU]
# name 8 = depSM: Depth [salt water, m], lat = 59.00
# name 9 = oxsolML/L: Oxygen Saturation, Garcia & Gordon [ml/l]
# name 10 = potemp090C: Potential Temperature [ITS-90, deg C]
# name 11 = tv290C: Temperature [ITS-90, deg C]
# name 12 = sigma-é00: Density [sigma-theta, kg/m^3]
# name 13 = n2satML/L: Nitrogen Saturation [ml/l]
# name 14 = par: PAR/Irradiance, Biospherical/Licor
# name 15 = prdM: Pressure, Strain Gauge [db]
# name 16 = flag:  0.000e+00
# span 0 =          1,        577       
# span 1 =  90.546667,  90.548333       
# span 2 =    0.00000,    0.04000       
# span 3 =     0.0000,     2.4000       
# span 4 =      0.000,    144.000       
# span 5 =  1000.0140,  1025.2837       
# span 6 =    702.585,  50879.064       
# span 7 =     0.4103,    31.5830       
# span 8 =     -0.158,     66.566       
# span 9 =    7.18680,    7.85990       
# span 10 =     4.6388,    10.0184      
# span 11 =     4.6390,    10.0989      
# span 12 =     0.0147,    24.9728      
# span 13 =   12.89071,   14.43640      
# span 14 = 5.9015e-02, 1.0016e+03      
# span 15 =     -0.159,     67.205      
# span 16 = 0.0000e+00, 0.0000e+00      
# interval = seconds: 0.25
# start_time = Mar 31 2015 13:07:12 [Instrument's time stamp, header]
# bad_flag = -9.990e-29
*END*
[from data line 426]
        427  90.547899    0.02958     1.7750    106.500  1025.0453  50751.370    31.4794     29.579    7.27616     4.8019     4.8032    24.9063   13.02972 2.2962e+00     29.861 0.0000e+00
        428  90.547902    0.02965     1.7792    106.750  1025.0460  50750.684    31.4789     29.821    7.27609     4.8018     4.8037    24.9058   13.02962 2.2083e+00     30.105 0.0000e+00
        429  90.547905    0.02972     1.7833    107.000  1025.0465  50749.685    31.4781     30.059    7.27609     4.8015     4.8040    24.9052   13.02962 2.1256e+00     30.345 0.0000e+00
        430  90.547908    0.02979     1.7875    107.250  1025.0471  50748.972    31.4775     30.290    7.27613     4.8011     4.8039    24.9047   13.02970 2.0484e+00     30.578 0.0000e+00
        431  90.547911    0.02986     1.7917    107.500  1025.0481  50749.057    31.4774     30.512    7.27619     4.8008     4.8036    24.9047   13.02980 1.9765e+00     30.803 0.0000e+00
        432  90.547914    0.02993     1.7958    107.750  1025.0493  50749.712    31.4777     30.728    7.27624     4.8007     4.8032    24.9049   13.02988 1.9092e+00     31.021 0.0000e+00
        433  90.547917    0.03000     1.8000    108.000  1025.0507  50750.671    31.4782     30.941    7.27627     4.8009     4.8030    24.9053   13.02991 1.8454e+00     31.235 0.0000e+00
        434  90.547920    0.03007     1.8042    108.250  1025.0524  50752.124    31.4790     31.151    7.27623     4.8017     4.8029    24.9060   13.02984 1.7843e+00     31.448 0.0000e+00
        435  90.547922    0.03014     1.8083    108.500  1025.0548  50754.705    31.4808     31.363    7.27610     4.8031     4.8032    24.9074   13.02961 1.7251e+00     31.661 0.0000e+00
        436  90.547925    0.03021     1.8125    108.750  1025.0579  50758.710    31.4836     31.577    7.27584     4.8051     4.8039    24.9095   13.02913 1.6671e+00     31.877 0.0000e+00
        437  90.547928    0.03028     1.8167    109.000  1025.0610  50762.419    31.4863     31.795    7.27545     4.8072     4.8053    24.9115   13.02846 1.6101e+00     32.097 0.0000e+00
        438  90.547931    0.03035     1.8208    109.250  1025.0629  50763.973    31.4877     32.017    7.27503     4.8091     4.8073    24.9124   13.02774 1.5542e+00     32.321 0.0000e+00
        439  90.547934    0.03042     1.8250    109.500  1025.0638  50763.615    31.4878     32.243    7.27465     4.8103     4.8095    24.9123   13.02711 1.4993e+00     32.549 0.0000e+00
        440  90.547937    0.03049     1.8292    109.750  1025.0641  50762.002    31.4870     32.474    7.27436     4.8113     4.8113    24.9114   13.02666 1.4453e+00     32.783 0.0000e+00
        441  90.547940    0.03056     1.8333    110.000  1025.0648  50761.314    31.4867     32.710    7.27415     4.8125     4.8126    24.9111   13.02631 1.3923e+00     33.021 0.0000e+00
        442  90.547943    0.03062     1.8375    110.250  1025.0673  50763.868    31.4886     32.949    7.27390     4.8142     4.8136    24.9124   13.02587 1.3406e+00     33.263 0.0000e+00
        443  90.547946    0.03069     1.8417    110.500  1025.0703  50767.441    31.4912     33.190    7.27356     4.8163     4.8148    24.9144   13.02527 1.2906e+00     33.506 0.0000e+00
        444  90.547948    0.03076     1.8458    110.750  1025.0728  50769.831    31.4931     33.430    7.27315     4.8186     4.8166    24.9157   13.02458 1.2428e+00     33.748 0.0000e+00
        445  90.547951    0.03083     1.8500    111.000  1025.0752  50772.212    31.4950     33.668    7.27269     4.8212     4.8187    24.9171   13.02379 1.1972e+00     33.988 0.0000e+00
        446  90.547954    0.03090     1.8542    111.250  1025.0780  50775.061    31.4974     33.902    7.27217     4.8242     4.8210    24.9187   13.02290 1.1537e+00     34.225 0.0000e+00
        447  90.547957    0.03097     1.8583    111.500  1025.0808  50778.061    31.4999     34.132    7.27159     4.8274     4.8236    24.9204   13.02191 1.1122e+00     34.457 0.0000e+00
        448  90.547960    0.03104     1.8625    111.750  1025.0836  50781.161    31.5025     34.359    7.27095     4.8308     4.8266    24.9222   13.02081 1.0720e+00     34.686 0.0000e+00
        449  90.547963    0.03111     1.8667    112.000  1025.0860  50783.294    31.5046     34.584    7.27028     4.8338     4.8298    24.9235   13.01968 1.0321e+00     34.913 0.0000e+00
        450  90.547966    0.03118     1.8708    112.250  1025.0875  50783.840    31.5056     34.809    7.26964     4.8365     4.8332    24.9239   13.01862 9.9181e-01     35.140 0.0000e+00
        451  90.547969    0.03125     1.8750    112.500  1025.0886  50783.723    31.5061     35.034    7.26907     4.8388     4.8363    24.9240   13.01768 9.4982e-01     35.367 0.0000e+00
        452  90.547972    0.03132     1.8792    112.750  1025.0898  50783.827    31.5067     35.259    7.26858     4.8409     4.8390    24.9241   13.01685 9.1024e-01     35.595 0.0000e+00
        453  90.547975    0.03139     1.8833    113.000  1025.0912  50784.377    31.5074     35.483    7.26813     4.8427     4.8413    24.9245   13.01611 8.7897e-01     35.821 0.0000e+00
        454  90.547977    0.03146     1.8875    113.250  1025.0926  50785.036    31.5082     35.702    7.26773     4.8444     4.8434    24.9250   13.01544 8.5315e-01     36.042 0.0000e+00
        455  90.547980    0.03153     1.8917    113.500  1025.0938  50785.300    31.5087     35.914    7.26738     4.8458     4.8452    24.9252   13.01485 8.2833e-01     36.257 0.0000e+00
        456  90.547983    0.03160     1.8958    113.750  1025.0948  50785.262    31.5090     36.122    7.26708     4.8471     4.8469    24.9252   13.01434 8.0403e-01     36.467 0.0000e+00
        457  90.547986    0.03167     1.9000    114.000  1025.0959  50785.450    31.5093     36.328    7.26681     4.8483     4.8484    24.9253   13.01390 7.8016e-01     36.675 0.0000e+00
        458  90.547989    0.03174     1.9042    114.250  1025.0973  50786.211    31.5100     36.536    7.26655     4.8495     4.8496    24.9257   13.01347 7.5624e-01     36.884 0.0000e+00
        459  90.547992    0.03181     1.9083    114.500  1025.0989  50787.443    31.5110     36.748    7.26630     4.8508     4.8509    24.9263   13.01303 7.3211e-01     37.098 0.0000e+00
        460  90.547995    0.03188     1.9125    114.750  1025.1008  50788.893    31.5121     36.966    7.26603     4.8522     4.8521    24.9271   13.01257 7.0796e-01     37.318 0.0000e+00
        461  90.547998    0.03194     1.9167    115.000  1025.1028  50790.629    31.5135     37.190    7.26573     4.8538     4.8534    24.9281   13.01207 6.8386e-01     37.545 0.0000e+00
        462  90.548001    0.03201     1.9208    115.250  1025.1050  50792.788    31.5152     37.422    7.26540     4.8556     4.8548    24.9293   13.01150 6.5982e-01     37.779 0.0000e+00
        463  90.548003    0.03208     1.9250    115.500  1025.1076  50795.380    31.5172     37.662    7.26502     4.8579     4.8564    24.9307   13.01084 6.3585e-01     38.021 0.0000e+00
        464  90.548006    0.03215     1.9292    115.750  1025.1104  50798.477    31.5196     37.911    7.26458     4.8604     4.8583    24.9324   13.01007 6.1195e-01     38.272 0.0000e+00
        465  90.548009    0.03222     1.9333    116.000  1025.1134  50801.650    31.5222     38.167    7.26406     4.8632     4.8606    24.9341   13.00918 5.8829e-01     38.531 0.0000e+00
        466  90.548012    0.03229     1.9375    116.250  1025.1162  50804.324    31.5244     38.427    7.26350     4.8662     4.8632    24.9357   13.00822 5.6523e-01     38.793 0.0000e+00
        467  90.548015    0.03236     1.9417    116.500  1025.1187  50806.630    31.5265     38.687    7.26290     4.8692     4.8660    24.9370   13.00722 5.4312e-01     39.056 0.0000e+00
        468  90.548018    0.03243     1.9458    116.750  1025.1211  50808.689    31.5284     38.946    7.26229     4.8722     4.8690    24.9383   13.00619 5.2205e-01     39.317 0.0000e+00
        469  90.548021    0.03250     1.9500    117.000  1025.1233  50810.218    31.5300     39.204    7.26169     4.8750     4.8720    24.9392   13.00517 5.0194e-01     39.578 0.0000e+00
        470  90.548024    0.03257     1.9542    117.250  1025.1250  50810.976    31.5311     39.461    7.26111     4.8774     4.8750    24.9397   13.00421 4.8263e-01     39.838 0.0000e+00
        471  90.548027    0.03264     1.9583    117.500  1025.1264  50811.127    31.5317     39.720    7.26060     4.8795     4.8778    24.9399   13.00335 4.6398e-01     40.099 0.0000e+00
        472  90.548030    0.03271     1.9625    117.750  1025.1278  50811.305    31.5322     39.981    7.26014     4.8815     4.8802    24.9401   13.00259 4.4589e-01     40.362 0.0000e+00
        473  90.548032    0.03278     1.9667    118.000  1025.1295  50812.012    31.5330     40.244    7.25973     4.8833     4.8824    24.9405   13.00189 4.2839e-01     40.628 0.0000e+00
        474  90.548035    0.03285     1.9708    118.250  1025.1313  50813.054    31.5340     40.507    7.25934     4.8851     4.8843    24.9411   13.00124 4.1159e-01     40.894 0.0000e+00
        475  90.548038    0.03292     1.9750    118.500  1025.1331  50814.051    31.5350     40.770    7.25896     4.8869     4.8862    24.9417   13.00061 3.9556e-01     41.160 0.0000e+00
        476  90.548041    0.03299     1.9792    118.750  1025.1349  50815.185    31.5360     41.033    7.25860     4.8886     4.8880    24.9423   12.99999 3.8025e-01     41.424 0.0000e+00
        477  90.548044    0.03306     1.9833    119.000  1025.1369  50816.571    31.5372     41.295    7.25823     4.8903     4.8898    24.9431   12.99937 3.6554e-01     41.688 0.0000e+00
        478  90.548047    0.03313     1.9875    119.250  1025.1388  50817.690    31.5382     41.557    7.25787     4.8919     4.8916    24.9437   12.99877 3.5137e-01     41.953 0.0000e+00
        479  90.548050    0.03319     1.9917    119.500  1025.1404  50818.323    31.5389     41.820    7.25754     4.8934     4.8933    24.9440   12.99820 3.3767e-01     42.219 0.0000e+00
        480  90.548053    0.03326     1.9958    119.750  1025.1419  50818.842    31.5395     42.086    7.25723     4.8948     4.8949    24.9443   12.99768 3.2442e-01     42.488 0.0000e+00
        481  90.548056    0.03333     2.0000    120.000  1025.1436  50819.644    31.5403     42.355    7.25693     4.8962     4.8964    24.9447   12.99719 3.1158e-01     42.760 0.0000e+00
        482  90.548058    0.03340     2.0042    120.250  1025.1455  50820.771    31.5412     42.627    7.25664     4.8975     4.8978    24.9454   12.99670 2.9922e-01     43.034 0.0000e+00
        483  90.548061    0.03347     2.0083    120.500  1025.1474  50821.963    31.5422     42.900    7.25636     4.8989     4.8992    24.9460   12.99621 2.8737e-01     43.310 0.0000e+00
        484  90.548064    0.03354     2.0125    120.750  1025.1493  50823.069    31.5431     43.172    7.25607     4.9002     4.9005    24.9466   12.99573 2.7603e-01     43.584 0.0000e+00
        485  90.548067    0.03361     2.0167    121.000  1025.1511  50824.131    31.5440     43.441    7.25579     4.9015     4.9019    24.9471   12.99525 2.6529e-01     43.856 0.0000e+00
        486  90.548070    0.03368     2.0208    121.250  1025.1531  50825.453    31.5451     43.708    7.25551     4.9029     4.9032    24.9478   12.99477 2.5523e-01     44.125 0.0000e+00
        487  90.548073    0.03375     2.0250    121.500  1025.1552  50827.168    31.5464     43.972    7.25520     4.9044     4.9046    24.9488   12.99425 2.4579e-01     44.391 0.0000e+00
        488  90.548076    0.03382     2.0292    121.750  1025.1573  50828.712    31.5477     44.232    7.25489     4.9059     4.9061    24.9496   12.99372 2.3694e-01     44.654 0.0000e+00
        489  90.548079    0.03389     2.0333    122.000  1025.1589  50829.460    31.5484     44.488    7.25459     4.9071     4.9076    24.9500   12.99321 2.2862e-01     44.913 0.0000e+00
        490  90.548082    0.03396     2.0375    122.250  1025.1600  50829.405    31.5485     44.741    7.25432     4.9081     4.9091    24.9500   12.99277 2.2072e-01     45.168 0.0000e+00
        491  90.548084    0.03403     2.0417    122.500  1025.1609  50828.960    31.5484     44.989    7.25411     4.9088     4.9104    24.9497   12.99242 2.1322e-01     45.419 0.0000e+00
        492  90.548087    0.03410     2.0458    122.750  1025.1618  50828.535    31.5482     45.233    7.25395     4.9094     4.9113    24.9495   12.99216 2.0615e-01     45.664 0.0000e+00
        493  90.548090    0.03417     2.0500    123.000  1025.1628  50828.386    31.5481     45.474    7.25383     4.9099     4.9121    24.9493   12.99195 1.9946e-01     45.907 0.0000e+00
        494  90.548093    0.03424     2.0542    123.250  1025.1640  50828.611    31.5483     45.715    7.25372     4.9104     4.9126    24.9494   12.99178 1.9307e-01     46.151 0.0000e+00
        495  90.548096    0.03431     2.0583    123.500  1025.1654  50829.223    31.5487     45.956    7.25361     4.9110     4.9131    24.9497   12.99159 1.8695e-01     46.395 0.0000e+00
        496  90.548099    0.03438     2.0625    123.750  1025.1670  50830.138    31.5493     46.197    7.25349     4.9118     4.9137    24.9501   12.99138 1.8107e-01     46.639 0.0000e+00
        497  90.548102    0.03444     2.0667    124.000  1025.1687  50831.357    31.5502     46.436    7.25334     4.9128     4.9143    24.9507   12.99112 1.7544e-01     46.880 0.0000e+00
        498  90.548105    0.03451     2.0708    124.250  1025.1706  50832.839    31.5512     46.672    7.25315     4.9139     4.9151    24.9515   12.99079 1.7010e-01     47.118 0.0000e+00
        499  90.548108    0.03458     2.0750    124.500  1025.1723  50834.060    31.5522     46.905    7.25293     4.9149     4.9161    24.9521   12.99041 1.6505e-01     47.353 0.0000e+00
        500  90.548111    0.03465     2.0792    124.750  1025.1737  50834.613    31.5527     47.136    7.25271     4.9159     4.9172    24.9524   12.99004 1.6025e-01     47.586 0.0000e+00
        501  90.548113    0.03472     2.0833    125.000  1025.1749  50834.840    31.5530     47.366    7.25250     4.9168     4.9183    24.9525   12.98970 1.5567e-01     47.818 0.0000e+00
        502  90.548116    0.03479     2.0875    125.250  1025.1762  50835.186    31.5533     47.596    7.25231     4.9176     4.9193    24.9527   12.98938 1.5125e-01     48.050 0.0000e+00
        503  90.548119    0.03486     2.0917    125.500  1025.1774  50835.614    31.5537     47.826    7.25213     4.9183     4.9202    24.9529   12.98909 1.4707e-01     48.282 0.0000e+00
        504  90.548122    0.03493     2.0958    125.750  1025.1787  50836.025    31.5541     48.056    7.25198     4.9190     4.9211    24.9531   12.98883 1.4313e-01     48.514 0.0000e+00
        505  90.548125    0.03500     2.1000    126.000  1025.1800  50836.571    31.5545     48.286    7.25183     4.9197     4.9218    24.9534   12.98858 1.3938e-01     48.747 0.0000e+00
        506  90.548128    0.03507     2.1042    126.250  1025.1816  50837.502    31.5551     48.518    7.25168     4.9205     4.9225    24.9538   12.98832 1.3578e-01     48.981 0.0000e+00
        507  90.548131    0.03514     2.1083    126.500  1025.1834  50838.902    31.5561     48.749    7.25150     4.9215     4.9232    24.9546   12.98801 1.3231e-01     49.214 0.0000e+00
        508  90.548134    0.03521     2.1125    126.750  1025.1853  50840.583    31.5574     48.979    7.25129     4.9227     4.9241    24.9555   12.98766 1.2897e-01     49.447 0.0000e+00
        509  90.548137    0.03528     2.1167    127.000  1025.1875  50842.600    31.5589     49.210    7.25104     4.9241     4.9251    24.9565   12.98723 1.2576e-01     49.680 0.0000e+00
        510  90.548139    0.03535     2.1208    127.250  1025.1899  50845.051    31.5607     49.440    7.25075     4.9255     4.9263    24.9578   12.98672 1.2268e-01     49.913 0.0000e+00
