CTD-processing/allCTD/CNV--homogene/2015_02-23_t6_s08_cast240.cnv
* Sea-Bird SBE19plus Data File:
* FileName = C:\Users\amdoroff\Desktop\2015_02_23_CookInlet_Tran6_Douglas\2015_02_23_CookInlet_Tran6_cast240.hex
* Software Version 1.59
* Temperature SN =  4141
* Conductivity SN =  4141
* System UpLoad Time = Feb 24 2015 01:46:18
** Cook Inlet LTM Tran6 Douglas W to E
** Date 02-23
** Station: 6-08
** Start Time (AKST): 22:20
** Depth (m): 131
** Comment: Dark.
** Comment: On R/V Pandalus. Transect crossed 23-24 Feb.
# nquan = 17
# nvalues = 923                         
# units = specified
# name 0 = scan: Scan Count
# name 1 = timeJ: Julian Days
# name 2 = timeH: Time, Elapsed [hours]
# name 3 = timeM: Time, Elapsed [minutes]
# name 4 = timeS: Time, Elapsed [seconds]
# name 5 = density00: Density [density, kg/m^3]
# name 6 = specc: Specific Conductance [uS/cm]
# name 7 = sal00: Salinity, Practical [PSU]
# name 8 = depSM: Depth [salt water, m], lat = 59.00
# name 9 = oxsolML/L: Oxygen Saturation, Garcia & Gordon [ml/l]
# name 10 = potemp090C: Potential Temperature [ITS-90, deg C]
# name 11 = tv290C: Temperature [ITS-90, deg C]
# name 12 = sigma-é00: Density [sigma-theta, kg/m^3]
# name 13 = n2satML/L: Nitrogen Saturation [ml/l]
# name 14 = par: PAR/Irradiance, Biospherical/Licor
# name 15 = prdM: Pressure, Strain Gauge [db]
# name 16 = flag:  0.000e+00
# span 0 =          1,        923       
# span 1 =  54.931470,  54.934138       
# span 2 =    0.00000,    0.06403       
# span 3 =     0.0000,     3.8417       
# span 4 =      0.000,    230.500       
# span 5 =  1000.2200,  1025.5136       
# span 6 =    660.154,  50668.719       
# span 7 =     0.3096,    31.6792       
# span 8 =      0.022,    133.044       
# span 9 =    7.01331,    8.98794       
# span 10 =     4.6854,     6.2886      
# span 11 =     4.6854,     6.2997      
# span 12 =     0.2198,    24.8944      
# span 13 =   12.59297,   16.33720      
# span 14 = 3.6382e-02, 8.4145e-01      
# span 15 =      0.022,    134.343      
# span 16 = 0.0000e+00, 0.0000e+00      
# interval = seconds: 0.25
# start_time = Feb 23 2015 22:21:19 [Instrument's time stamp, header]
# bad_flag = -9.990e-29
*END*
[from data line 171]
        172  54.931965    0.01188     0.7125     42.750  1024.8007  50412.617    31.5065      1.561    7.07124     5.9888     5.9974    24.7934   12.69088 8.9160e-02      1.576 0.0000e+00
        173  54.931968    0.01194     0.7167     43.000  1024.8085  50427.080    31.5154      1.583    7.07177     5.9874     5.9917    24.8011   12.69165 9.8650e-02      1.598 0.0000e+00
        174  54.931970    0.01201     0.7208     43.250  1024.8069  50424.109    31.5128      1.604    7.07235     5.9857     5.9889    24.7994   12.69264 1.1309e-01      1.620 0.0000e+00
        175  54.931973    0.01208     0.7250     43.500  1024.7986  50408.826    31.5019      1.621    7.07310     5.9822     5.9875    24.7910   12.69401 1.2412e-01      1.636 0.0000e+00
        176  54.931976    0.01215     0.7292     43.750  1024.7887  50390.785    31.4891      1.628    7.07398     5.9758     5.9858    24.7811   12.69564 1.2057e-01      1.643 0.0000e+00
        177  54.931979    0.01222     0.7333     44.000  1024.7813  50377.582    31.4793      1.622    7.07501     5.9662     5.9823    24.7737   12.69748 1.1231e-01      1.638 0.0000e+00
        178  54.931982    0.01229     0.7375     44.250  1024.7791  50373.967    31.4756      1.601    7.07625     5.9550     5.9759    24.7716   12.69957 1.0756e-01      1.616 0.0000e+00
        179  54.931985    0.01236     0.7417     44.500  1024.7836  50383.152    31.4801      1.564    7.07764     5.9450     5.9663    24.7763   12.70181 1.0380e-01      1.578 0.0000e+00
        180  54.931988    0.01243     0.7458     44.750  1024.7950  50405.226    31.4932      1.510    7.07890     5.9390     5.9551    24.7879   12.70373 1.0226e-01      1.524 0.0000e+00
        181  54.931991    0.01250     0.7500     45.000  1024.8117  50436.978    31.5132      1.445    7.07963     5.9390     5.9451    24.8049   12.70468 1.0177e-01      1.459 0.0000e+00
        182  54.931994    0.01257     0.7542     45.250  1024.8307  50472.730    31.5368      1.375    7.07953     5.9468     5.9391    24.8243   12.70420 9.9941e-02      1.388 0.0000e+00
        183  54.931997    0.01264     0.7583     45.500  1024.8484  50505.635    31.5596      1.309    7.07845     5.9634     5.9391    24.8422   12.70213 9.8028e-02      1.321 0.0000e+00
        184  54.931999    0.01271     0.7625     45.750  1024.8622  50530.944    31.5786      1.257    7.07626     5.9876     5.9469    24.8563   12.69827 9.5133e-02      1.269 0.0000e+00
        185  54.932002    0.01278     0.7667     46.000  1024.8721  50548.236    31.5938      1.229    7.07278     6.0155     5.9635    24.8664   12.69232 8.7446e-02      1.241 0.0000e+00
        186  54.932005    0.01285     0.7708     46.250  1024.8781  50557.610    31.6050      1.235    7.06825     6.0432     5.9877    24.8723   12.68469 7.4650e-02      1.246 0.0000e+00
        187  54.932008    0.01292     0.7750     46.500  1024.8780  50555.485    31.6089      1.273    7.06343     6.0679     6.0156    24.8721   12.67669 6.1685e-02      1.285 0.0000e+00
        188  54.932011    0.01299     0.7792     46.750  1024.8698  50538.231    31.6023      1.338    7.05914     6.0871     6.0433    24.8636   12.66967 5.2790e-02      1.350 0.0000e+00
        189  54.932014    0.01306     0.7833     47.000  1024.8532  50505.793    31.5846      1.414    7.05588     6.0995     6.0680    24.8466   12.66451 4.8076e-02      1.427 0.0000e+00
        190  54.932017    0.01313     0.7875     47.250  1024.8289  50459.504    31.5563      1.487    7.05401     6.1040     6.0873    24.8219   12.66178 4.6480e-02      1.500 0.0000e+00
        191  54.932020    0.01319     0.7917     47.500  1024.7984  50402.592    31.5193      1.544    7.05368     6.0996     6.0997    24.7912   12.66172 4.7578e-02      1.558 0.0000e+00
        192  54.932023    0.01326     0.7958     47.750  1024.7677  50345.864    31.4809      1.580    7.05473     6.0850     6.1042    24.7604   12.66393 5.1661e-02      1.595 0.0000e+00
        193  54.932025    0.01333     0.8000     48.000  1024.7461  50306.284    31.4526      1.594    7.05679     6.0613     6.0997    24.7386   12.66769 5.9406e-02      1.609 0.0000e+00
        194  54.932028    0.01340     0.8042     48.250  1024.7402  50296.467    31.4430      1.589    7.05966     6.0332     6.0851    24.7328   12.67256 7.0447e-02      1.604 0.0000e+00
        195  54.932031    0.01347     0.8083     48.500  1024.7506  50317.034    31.4527      1.569    7.06313     6.0064     6.0615    24.7433   12.67817 8.1010e-02      1.584 0.0000e+00
        196  54.932034    0.01354     0.8125     48.750  1024.7722  50358.507    31.4760      1.542    7.06670     5.9850     6.0334    24.7650   12.68377 8.6372e-02      1.556 0.0000e+00
        197  54.932037    0.01361     0.8167     49.000  1024.7984  50408.291    31.5052      1.514    7.06978     5.9698     6.0066    24.7913   12.68849 8.8534e-02      1.528 0.0000e+00
        198  54.932040    0.01368     0.8208     49.250  1024.8224  50453.818    31.5326      1.491    7.07207     5.9600     5.9851    24.8154   12.69192 9.2492e-02      1.505 0.0000e+00
        199  54.932043    0.01375     0.8250     49.500  1024.8393  50485.806    31.5518      1.475    7.07368     5.9538     5.9700    24.8324   12.69434 9.4702e-02      1.489 0.0000e+00
        200  54.932046    0.01382     0.8292     49.750  1024.8478  50501.967    31.5610      1.464    7.07487     5.9499     5.9602    24.8409   12.69620 9.0052e-02      1.478 0.0000e+00
        201  54.932049    0.01389     0.8333     50.000  1024.8494  50505.492    31.5623      1.456    7.07584     5.9475     5.9540    24.8427   12.69778 8.2946e-02      1.470 0.0000e+00
        202  54.932052    0.01396     0.8375     50.250  1024.8476  50502.365    31.5594      1.448    7.07663     5.9464     5.9501    24.8408   12.69912 7.7101e-02      1.462 0.0000e+00
        203  54.932054    0.01403     0.8417     50.500  1024.8449  50497.738    31.5557      1.439    7.07720     5.9465     5.9477    24.8382   12.70012 7.0055e-02      1.452 0.0000e+00
        204  54.932057    0.01410     0.8458     50.750  1024.8427  50493.850    31.5528      1.427    7.07752     5.9475     5.9465    24.8360   12.70069 6.1778e-02      1.440 0.0000e+00
        205  54.932060    0.01417     0.8500     51.000  1024.8417  50492.177    31.5517      1.414    7.07757     5.9493     5.9466    24.8351   12.70077 5.4755e-02      1.427 0.0000e+00
        206  54.932063    0.01424     0.8542     51.250  1024.8430  50494.516    31.5535      1.402    7.07731     5.9521     5.9476    24.8365   12.70033 5.0589e-02      1.415 0.0000e+00
        207  54.932066    0.01431     0.8583     51.500  1024.8472  50502.099    31.5591      1.395    7.07674     5.9564     5.9495    24.8407   12.69931 4.9901e-02      1.408 0.0000e+00
        208  54.932069    0.01438     0.8625     51.750  1024.8536  50513.694    31.5676      1.397    7.07588     5.9630     5.9522    24.8471   12.69778 5.2819e-02      1.409 0.0000e+00
        209  54.932072    0.01444     0.8667     52.000  1024.8595  50524.136    31.5757      1.409    7.07479     5.9732     5.9565    24.8530   12.69588 6.0120e-02      1.422 0.0000e+00
        210  54.932075    0.01451     0.8708     52.250  1024.8612  50526.634    31.5787      1.432    7.07354     5.9869     5.9632    24.8545   12.69378 7.0768e-02      1.446 0.0000e+00
        211  54.932078    0.01458     0.8750     52.500  1024.8562  50516.545    31.5737      1.464    7.07209     6.0018     5.9733    24.8494   12.69145 8.0690e-02      1.477 0.0000e+00
        212  54.932080    0.01465     0.8792     52.750  1024.8439  50493.006    31.5601      1.498    7.07046     6.0143     5.9870    24.8370   12.68893 8.8289e-02      1.512 0.0000e+00
        213  54.932083    0.01472     0.8833     53.000  1024.8260  50458.945    31.5394      1.530    7.06896     6.0220     6.0019    24.8189   12.68670 9.4519e-02      1.544 0.0000e+00
        214  54.932086    0.01479     0.8875     53.250  1024.8059  50421.127    31.5157      1.554    7.06798     6.0237     6.0144    24.7986   12.68539 9.7788e-02      1.568 0.0000e+00
        215  54.932089    0.01486     0.8917     53.500  1024.7882  50388.134    31.4943      1.565    7.06770     6.0184     6.0221    24.7809   12.68519 9.6451e-02      1.580 0.0000e+00
        216  54.932092    0.01493     0.8958     53.750  1024.7767  50367.013    31.4801      1.563    7.06809     6.0073     6.0238    24.7694   12.68603 9.0869e-02      1.578 0.0000e+00
        217  54.932095    0.01500     0.9000     54.000  1024.7740  50362.514    31.4759      1.549    7.06916     5.9941     6.0185    24.7668   12.68784 8.3481e-02      1.564 0.0000e+00
        218  54.932098    0.01507     0.9042     54.250  1024.7804  50375.136    31.4825      1.528    7.07070     5.9825     6.0074    24.7733   12.69029 7.6205e-02      1.543 0.0000e+00
        219  54.932101    0.01514     0.9083     54.500  1024.7933  50399.706    31.4970      1.504    7.07222     5.9742     5.9942    24.7863   12.69263 6.8744e-02      1.519 0.0000e+00
        220  54.932104    0.01521     0.9125     54.750  1024.8085  50428.514    31.5146      1.483    7.07333     5.9695     5.9826    24.8016   12.69423 6.4371e-02      1.497 0.0000e+00
        221  54.932106    0.01528     0.9167     55.000  1024.8226  50454.872    31.5313      1.467    7.07391     5.9678     5.9744    24.8157   12.69499 6.6762e-02      1.480 0.0000e+00
        222  54.932109    0.01535     0.9208     55.250  1024.8330  50474.385    31.5439      1.456    7.07410     5.9684     5.9697    24.8262   12.69514 7.4365e-02      1.469 0.0000e+00
        223  54.932112    0.01542     0.9250     55.500  1024.8386  50484.847    31.5508      1.450    7.07406     5.9702     5.9680    24.8319   12.69498 8.2467e-02      1.463 0.0000e+00
        224  54.932115    0.01549     0.9292     55.750  1024.8392  50485.970    31.5516      1.447    7.07393     5.9723     5.9685    24.8325   12.69476 8.8957e-02      1.461 0.0000e+00
        225  54.932118    0.01556     0.9333     56.000  1024.8356  50479.202    31.5473      1.448    7.07384     5.9740     5.9703    24.8289   12.69466 9.4201e-02      1.461 0.0000e+00
        226  54.932121    0.01563     0.9375     56.250  1024.8293  50467.564    31.5397      1.449    7.07384     5.9752     5.9724    24.8226   12.69476 9.5847e-02      1.463 0.0000e+00
        227  54.932124    0.01569     0.9417     56.500  1024.8223  50454.522    31.5310      1.450    7.07395     5.9759     5.9741    24.8155   12.69506 9.4461e-02      1.464 0.0000e+00
        228  54.932127    0.01576     0.9458     56.750  1024.8158  50442.547    31.5230      1.449    7.07413     5.9760     5.9754    24.8090   12.69545 9.2182e-02      1.463 0.0000e+00
        229  54.932130    0.01583     0.9500     57.000  1024.8106  50433.043    31.5165      1.442    7.07431     5.9751     5.9761    24.8039   12.69584 8.8226e-02      1.456 0.0000e+00
        230  54.932133    0.01590     0.9542     57.250  1024.8073  50427.066    31.5124      1.429    7.07450     5.9736     5.9761    24.8006   12.69620 8.2555e-02      1.442 0.0000e+00
        231  54.932135    0.01597     0.9583     57.500  1024.8067  50426.315    31.5118      1.408    7.07467     5.9724     5.9752    24.8002   12.69649 7.5217e-02      1.422 0.0000e+00
        232  54.932138    0.01604     0.9625     57.750  1024.8103  50433.161    31.5162      1.384    7.07472     5.9731     5.9737    24.8039   12.69652 6.6630e-02      1.397 0.0000e+00
        233  54.932141    0.01611     0.9667     58.000  1024.8188  50449.018    31.5269      1.361    7.07442     5.9773     5.9725    24.8125   12.69589 5.7505e-02      1.374 0.0000e+00
        234  54.932144    0.01618     0.9708     58.250  1024.8321  50473.353    31.5439      1.345    7.07351     5.9868     5.9732    24.8258   12.69417 4.9970e-02      1.358 0.0000e+00
        235  54.932147    0.01625     0.9750     58.500  1024.8488  50503.658    31.5657      1.346    7.07179     6.0031     5.9774    24.8425   12.69105 4.5689e-02      1.358 0.0000e+00
        236  54.932150    0.01632     0.9792     58.750  1024.8663  50534.975    31.5892      1.366    7.06911     6.0253     5.9869    24.8599   12.68632 4.3889e-02      1.379 0.0000e+00
        237  54.932153    0.01639     0.9833     59.000  1024.8798  50558.364    31.6085      1.407    7.06550     6.0497     6.0032    24.8732   12.68011 4.4092e-02      1.420 0.0000e+00
        238  54.932156    0.01646     0.9875     59.250  1024.8836  50563.543    31.6164      1.461    7.06145     6.0723     6.0254    24.8768   12.67331 4.6351e-02      1.475 0.0000e+00
        239  54.932159    0.01653     0.9917     59.500  1024.8756  50547.028    31.6097      1.519    7.05771     6.0899     6.0498    24.8685   12.66722 5.1267e-02      1.533 0.0000e+00
        240  54.932161    0.01660     0.9958     59.750  1024.8579  50512.839    31.5903      1.571    7.05488     6.1013     6.0724    24.8506   12.66279 5.9644e-02      1.585 0.0000e+00
        241  54.932164    0.01667     1.0000     60.000  1024.8326  50465.196    31.5608      1.609    7.05334     6.1057     6.0900    24.8251   12.66061 7.0104e-02      1.623 0.0000e+00
        242  54.932167    0.01674     1.0042     60.250  1024.8026  50409.393    31.5243      1.628    7.05316     6.1023     6.1014    24.7950   12.66078 7.7463e-02      1.643 0.0000e+00
        243  54.932170    0.01681     1.0083     60.500  1024.7738  50356.399    31.4885      1.627    7.05411     6.0901     6.1058    24.7661   12.66281 8.0384e-02      1.642 0.0000e+00
        244  54.932173    0.01688     1.0125     60.750  1024.7535  50319.675    31.4625      1.607    7.05589     6.0702     6.1024    24.7460   12.66608 8.2888e-02      1.622 0.0000e+00
        245  54.932176    0.01694     1.0167     61.000  1024.7472  50309.040    31.4528      1.575    7.05836     6.0465     6.0902    24.7398   12.67028 8.7163e-02      1.589 0.0000e+00
        246  54.932179    0.01701     1.0208     61.250  1024.7548  50324.450    31.4596      1.533    7.06134     6.0238     6.0703    24.7476   12.67512 9.3675e-02      1.547 0.0000e+00
        247  54.932182    0.01708     1.0250     61.500  1024.7714  50356.574    31.4773      1.485    7.06444     6.0057     6.0466    24.7644   12.68003 9.4504e-02      1.499 0.0000e+00
        248  54.932185    0.01715     1.0292     61.750  1024.7914  50394.970    31.4995      1.435    7.06716     5.9940     6.0239    24.7847   12.68424 8.3477e-02      1.449 0.0000e+00
        249  54.932187    0.01722     1.0333     62.000  1024.8113  50432.981    31.5223      1.386    7.06910     5.9888     6.0058    24.8048   12.68715 6.9398e-02      1.399 0.0000e+00
        250  54.932190    0.01729     1.0375     62.250  1024.8297  50467.697    31.5441      1.342    7.07003     5.9893     5.9941    24.8234   12.68841 5.8363e-02      1.355 0.0000e+00
        251  54.932193    0.01736     1.0417     62.500  1024.8459  50497.984    31.5640      1.307    7.06997     5.9950     5.9889    24.8398   12.68805 5.0061e-02      1.320 0.0000e+00
        252  54.932196    0.01743     1.0458     62.750  1024.8593  50522.749    31.5812      1.286    7.06908     6.0063     5.9894    24.8534   12.68636 4.4739e-02      1.298 0.0000e+00
        253  54.932199    0.01750     1.0500     63.000  1024.8692  50540.480    31.5946      1.282    7.06749     6.0229     5.9951    24.8633   12.68358 4.1645e-02      1.294 0.0000e+00
        254  54.932202    0.01757     1.0542     63.250  1024.8753  50550.774    31.6039      1.297    7.06519     6.0431     6.0064    24.8693   12.67965 3.9954e-02      1.309 0.0000e+00
        255  54.932205    0.01764     1.0583     63.500  1024.8780  50554.535    31.6098      1.329    7.06216     6.0640     6.0230    24.8719   12.67458 3.9216e-02      1.342 0.0000e+00
