CTD-processing/allCTD/CNV--homogene/2015_03-31_t9_s10_cast010.cnv
* Sea-Bird SBE19plus Data File:
* FileName = C:\Users\kris.holderied\Documents\kasitsna\Research-Projects-and-Data\Oceanography-AK\CTD-Data-ALL-to-2015-02\2015-CTD-KachemakBay-CookInlet\2015-03-31-CookInlet-HomerSpit-monthly\2015-03-31-CookInlet-Tran9-cast010.hex
* Software Version 1.59
* Temperature SN =  5028
* Conductivity SN =  5028
* System UpLoad Time = Apr 06 2015 13:52:18
** Cook Inlet LTM Tran9 (Homer Spit) South to North
** Date: 03-31
** Station: 9-10
** Start time:  14:44
** Depth (m): 62.2
** Comment:  KBL CTD. Time is local (AKDT)
** Comment: Vessel KBL Barnacle.
# nquan = 17
# nvalues = 591                         
# units = specified
# name 0 = scan: Scan Count
# name 1 = timeJ: Julian Days
# name 2 = timeH: Time, Elapsed [hours]
# name 3 = timeM: Time, Elapsed [minutes]
# name 4 = timeS: Time, Elapsed [seconds]
# name 5 = density00: Density [density, kg/m^3]
# name 6 = specc: Specific Conductance [uS/cm]
# name 7 = sal00: Salinity, Practical [PSU]
# name 8 = depSM: Depth [salt water, m], lat = 59.00
# name 9 = oxsolML/L: Oxygen Saturation, Garcia & Gordon [ml/l]
# name 10 = potemp090C: Potential Temperature [ITS-90, deg C]
# name 11 = tv290C: Temperature [ITS-90, deg C]
# name 12 = sigma-é00: Density [sigma-theta, kg/m^3]
# name 13 = n2satML/L: Nitrogen Saturation [ml/l]
# name 14 = par: PAR/Irradiance, Biospherical/Licor
# name 15 = prdM: Pressure, Strain Gauge [db]
# name 16 = flag:  0.000e+00
# span 0 =          1,        591       
# span 1 =  90.613819,  90.615527       
# span 2 =    0.00000,    0.04097       
# span 3 =     0.0000,     2.4583       
# span 4 =      0.000,    147.500       
# span 5 =  1000.7814,  1025.2059       
# span 6 =   2053.271,  50825.552       
# span 7 =     1.0129,    31.5415       
# span 8 =     -0.154,     56.221       
# span 9 =    7.25355,    8.92738       
# span 10 =     4.6081,     4.9121      
# span 11 =     4.6091,     4.9162      
# span 12 =     0.7821,    24.9447      
# span 13 =   12.99161,   16.22398      
# span 14 = 3.7976e-02, 2.6841e+02      
# span 15 =     -0.156,     56.760      
# span 16 = 0.0000e+00, 0.0000e+00      
# interval = seconds: 0.25
# start_time = Mar 31 2015 14:43:54 [Instrument's time stamp, header]
# bad_flag = -9.990e-29
*END*
          1  90.613819    0.00000     0.0000      0.000  1003.7146   8754.942     4.6968     -0.134    8.71021     4.7769     4.7774     3.7153   15.80032 1.5318e+02     -0.135 0.0000e+00
          2  90.613822    0.00007     0.0042      0.250  1003.6718   8658.793     4.6429     -0.134    8.71342     4.7767     4.7771     3.6724   15.80657 1.5153e+02     -0.135 0.0000e+00
          3  90.613825    0.00014     0.0083      0.500  1003.5508   8389.999     4.4907     -0.134    8.72237     4.7765     4.7769     3.5515   15.82400 1.5003e+02     -0.135 0.0000e+00
          4  90.613828    0.00021     0.0125      0.750  1003.3386   7919.317     4.2235     -0.134    8.73801     4.7763     4.7767     3.3392   15.85447 1.4934e+02     -0.135 0.0000e+00
          5  90.613831    0.00028     0.0167      1.000  1003.1420   7483.566     3.9761     -0.134    8.75250     4.7761     4.7765     3.1426   15.88271 1.5023e+02     -0.135 0.0000e+00
          6  90.613834    0.00035     0.0208      1.250  1003.0612   7305.163     3.8744     -0.134    8.75848     4.7762     4.7763     3.0618   15.89436 1.5277e+02     -0.135 0.0000e+00
          7  90.613837    0.00042     0.0250      1.500  1003.0681   7321.607     3.8830     -0.134    8.75799     4.7763     4.7761     3.0688   15.89339 1.5629e+02     -0.135 0.0000e+00
          8  90.613840    0.00049     0.0292      1.750  1003.0713   7328.618     3.8870     -0.135    8.75775     4.7766     4.7762     3.0719   15.89291 1.6049e+02     -0.136 0.0000e+00
          9  90.613843    0.00056     0.0333      2.000  1002.9978   7164.208     3.7946     -0.135    8.76312     4.7768     4.7763     2.9985   15.90339 1.6534e+02     -0.136 0.0000e+00
         10  90.613845    0.00063     0.0375      2.250  1002.8459   6823.793     3.6036     -0.136    8.77426     4.7771     4.7766     2.8466   15.92514 1.7072e+02     -0.137 0.0000e+00
         11  90.613848    0.00069     0.0417      2.500  1002.6623   6411.023     3.3727     -0.136    8.78775     4.7773     4.7768     2.6630   15.95147 1.7636e+02     -0.138 0.0000e+00
         12  90.613851    0.00076     0.0458      2.750  1002.4709   5978.905     3.1321     -0.137    8.80183     4.7774     4.7771     2.4716   15.97895 1.8149e+02     -0.138 0.0000e+00
         13  90.613854    0.00083     0.0500      3.000  1002.2732   5530.491     2.8837     -0.137    8.81639     4.7776     4.7773     2.2739   16.00738 1.8455e+02     -0.139 0.0000e+00
         14  90.613857    0.00090     0.0542      3.250  1002.0814   5093.571     2.6428     -0.138    8.83054     4.7777     4.7774     2.0821   16.03499 1.8469e+02     -0.139 0.0000e+00
         15  90.613860    0.00097     0.0583      3.500  1001.9084   4697.556     2.4256     -0.138    8.84332     4.7779     4.7776     1.9091   16.05993 1.8304e+02     -0.139 0.0000e+00
         16  90.613863    0.00104     0.0625      3.750  1001.7499   4333.062     2.2267     -0.138    8.85503     4.7780     4.7777     1.7506   16.08280 1.8137e+02     -0.139 0.0000e+00
         17  90.613866    0.00111     0.0667      4.000  1001.6041   3996.052     2.0437     -0.138    8.86582     4.7781     4.7779     1.6048   16.10386 1.8100e+02     -0.139 0.0000e+00
         18  90.613869    0.00118     0.0708      4.250  1001.4815   3711.648     1.8899     -0.137    8.87489     4.7783     4.7780     1.4822   16.12158 1.8253e+02     -0.139 0.0000e+00
         19  90.613872    0.00125     0.0750      4.500  1001.3908   3500.800     1.7761     -0.137    8.88159     4.7784     4.7781     1.3915   16.13467 1.8548e+02     -0.139 0.0000e+00
         20  90.613874    0.00132     0.0792      4.750  1001.3272   3352.507     1.6963     -0.137    8.88629     4.7785     4.7783     1.3279   16.14384 1.8858e+02     -0.139 0.0000e+00
         21  90.613877    0.00139     0.0833      5.000  1001.2786   3239.065     1.6355     -0.138    8.88986     4.7787     4.7784     1.2793   16.15083 1.9055e+02     -0.139 0.0000e+00
         22  90.613880    0.00146     0.0875      5.250  1001.2458   3162.130     1.5943     -0.138    8.89227     4.7788     4.7785     1.2465   16.15554 1.9079e+02     -0.140 0.0000e+00
         23  90.613883    0.00153     0.0917      5.500  1001.2370   3141.640     1.5832     -0.138    8.89289     4.7789     4.7787     1.2377   16.15677 1.8938e+02     -0.140 0.0000e+00
         24  90.613886    0.00160     0.0958      5.750  1001.2415   3152.568     1.5889     -0.137    8.89253     4.7790     4.7788     1.2422   16.15607 1.8675e+02     -0.139 0.0000e+00
         25  90.613889    0.00167     0.1000      6.000  1001.2344   3135.853     1.5801     -0.137    8.89304     4.7790     4.7789     1.2351   16.15707 1.8339e+02     -0.139 0.0000e+00
         26  90.613892    0.00174     0.1042      6.250  1001.2072   3071.518     1.5460     -0.137    8.89504     4.7791     4.7790     1.2079   16.16100 1.7974e+02     -0.138 0.0000e+00
         27  90.613895    0.00181     0.1083      6.500  1001.1674   2977.010     1.4961     -0.137    8.89800     4.7791     4.7790     1.1681   16.16676 1.7630e+02     -0.138 0.0000e+00
         28  90.613898    0.00187     0.1125      6.750  1001.1202   2864.974     1.4371     -0.136    8.90149     4.7790     4.7791     1.1209   16.17359 1.7231e+02     -0.138 0.0000e+00
         29  90.613900    0.00194     0.1167      7.000  1001.0633   2729.221     1.3658     -0.136    8.90573     4.7789     4.7791     1.0640   16.18187 1.6532e+02     -0.138 0.0000e+00
         30  90.613903    0.00201     0.1208      7.250  1000.9911   2556.666     1.2754     -0.136    8.91112     4.7786     4.7790     0.9918   16.19239 1.5579e+02     -0.137 0.0000e+00
         31  90.613906    0.00208     0.1250      7.500  1000.9118   2366.797     1.1761     -0.135    8.91706     4.7780     4.7789     0.9125   16.20398 1.4791e+02     -0.136 0.0000e+00
         32  90.613909    0.00215     0.1292      7.750  1000.8467   2210.667     1.0947     -0.134    8.92198     4.7772     4.7786     0.8474   16.21357 1.4300e+02     -0.135 0.0000e+00
         33  90.613912    0.00222     0.1333      8.000  1000.8068   2114.777     1.0447     -0.134    8.92508     4.7763     4.7780     0.8075   16.21960 1.3945e+02     -0.135 0.0000e+00
         34  90.613915    0.00229     0.1375      8.250  1000.7870   2067.196     1.0200     -0.135    8.92675     4.7754     4.7772     0.7877   16.22279 1.3662e+02     -0.136 0.0000e+00
         35  90.613918    0.00236     0.1417      8.500  1000.7814   2053.271     1.0129     -0.135    8.92738     4.7746     4.7763     0.7821   16.22398 1.3336e+02     -0.136 0.0000e+00
         36  90.613921    0.00243     0.1458      8.750  1000.7850   2061.369     1.0175     -0.135    8.92732     4.7737     4.7754     0.7857   16.22380 1.2797e+02     -0.136 0.0000e+00
         37  90.613924    0.00250     0.1500      9.000  1000.7938   2081.394     1.0285     -0.135    8.92686     4.7726     4.7746     0.7945   16.22286 1.2021e+02     -0.136 0.0000e+00
         38  90.613927    0.00257     0.1542      9.250  1000.8119   2122.774     1.0512     -0.134    8.92573     4.7714     4.7737     0.8126   16.22060 1.1222e+02     -0.136 0.0000e+00
         39  90.613929    0.00264     0.1583      9.500  1000.8507   2212.666     1.0999     -0.134    8.92310     4.7702     4.7726     0.8514   16.21540 1.0902e+02     -0.136 0.0000e+00
         40  90.613932    0.00271     0.1625      9.750  1000.9209   2375.883     1.1879     -0.135    8.91817     4.7691     4.7714     0.9216   16.20571 1.1342e+02     -0.136 0.0000e+00
         41  90.613935    0.00278     0.1667     10.000  1001.0267   2620.691     1.3206     -0.135    8.91062     4.7681     4.7702     1.0273   16.19091 1.2206e+02     -0.137 0.0000e+00
         42  90.613938    0.00285     0.1708     10.250  1001.1752   2961.883     1.5070     -0.137    8.89990     4.7673     4.7691     1.1758   16.16991 1.3093e+02     -0.138 0.0000e+00
         43  90.613941    0.00292     0.1750     10.500  1001.3934   3459.820     1.7811     -0.139    8.88401     4.7667     4.7681     1.3941   16.13884 1.3913e+02     -0.141 0.0000e+00
         44  90.613944    0.00299     0.1792     10.750  1001.7318   4228.882     2.2062     -0.142    8.85921     4.7663     4.7673     1.7325   16.09042 1.4649e+02     -0.144 0.0000e+00
         45  90.613947    0.00306     0.1833     11.000  1002.2573   5418.666     2.8667     -0.146    8.82057     4.7661     4.7667     2.2580   16.01502 1.5256e+02     -0.148 0.0000e+00
         46  90.613950    0.00313     0.1875     11.250  1002.9166   6903.375     3.6955     -0.149    8.77208     4.7659     4.7663     2.9173   15.92043 1.5799e+02     -0.151 0.0000e+00
         47  90.613953    0.00319     0.1917     11.500  1003.4071   8006.895     4.3122     -0.152    8.73601     4.7658     4.7661     3.4079   15.85006 1.6414e+02     -0.154 0.0000e+00
         48  90.613955    0.00326     0.1958     11.750  1003.4931   8212.360     4.4198     -0.154    8.72960     4.7658     4.7659     3.4939   15.83754 1.7081e+02     -0.156 0.0000e+00
         49  90.613958    0.00333     0.2000     12.000  1003.2689   7726.882     4.1371     -0.154    8.74601     4.7658     4.7658     3.2696   15.86949 1.7696e+02     -0.156 0.0000e+00
         50  90.613961    0.00340     0.2042     12.250  1002.9351   6989.802     3.7169     -0.154    8.77054     4.7659     4.7658     2.9359   15.91730 1.8237e+02     -0.156 0.0000e+00
         51  90.613964    0.00347     0.2083     12.500  1002.6334   6315.646     3.3372     -0.154    8.79281     4.7659     4.7658     2.6341   15.96073 1.8629e+02     -0.156 0.0000e+00
         52  90.613967    0.00354     0.2125     12.750  1002.4375   5871.607     3.0910     -0.154    8.80736     4.7660     4.7658     2.4382   15.98914 1.8706e+02     -0.156 0.0000e+00
         53  90.613970    0.00361     0.2167     13.000  1002.3370   5634.349     2.9649     -0.153    8.81499     4.7661     4.7659     2.3377   16.00407 1.8429e+02     -0.155 0.0000e+00
         54  90.613973    0.00368     0.2208     13.250  1002.2790   5480.986     2.8928     -0.153    8.81968     4.7661     4.7660     2.2798   16.01332 1.7939e+02     -0.155 0.0000e+00
         55  90.613976    0.00375     0.2250     13.500  1002.2663   5411.856     2.8779     -0.152    8.82135     4.7660     4.7661     2.2670   16.01673 1.7381e+02     -0.154 0.0000e+00
         56  90.613979    0.00382     0.2292     13.750  1002.3714   5583.321     3.0119     -0.150    8.81483     4.7655     4.7661     2.3721   16.00426 1.6836e+02     -0.152 0.0000e+00
         57  90.613981    0.00389     0.2333     14.000  1002.7010   6223.198     3.4292     -0.145    8.79256     4.7646     4.7660     2.7017   15.96121 1.6360e+02     -0.147 0.0000e+00
         58  90.613984    0.00396     0.2375     14.250  1003.4050   7647.101     4.3187     -0.137    8.74401     4.7629     4.7655     3.4057   15.86713 1.6055e+02     -0.138 0.0000e+00
         59  90.613987    0.00403     0.2417     14.500  1004.7065  10317.850     5.9619     -0.122    8.65362     4.7602     4.7646     4.7071   15.69184 1.6099e+02     -0.123 0.0000e+00
         60  90.613990    0.00410     0.2458     14.750  1006.9669  14981.701     8.8150     -0.098    8.49623     4.7567     4.7629     6.9674   15.38652 1.6557e+02     -0.099 0.0000e+00
         61  90.613993    0.00417     0.2500     15.000  1010.2632  21743.455    12.9762     -0.062    8.26796     4.7531     4.7602    10.2635   14.94392 1.7370e+02     -0.062 0.0000e+00
         62  90.613996    0.00424     0.2542     15.250  1014.1325  29541.091    17.8624     -0.013    8.00418     4.7502     4.7567    14.1325   14.43323 1.8595e+02     -0.013 0.0000e+00
         63  90.613999    0.00431     0.2583     15.500  1017.7863  36781.068    22.4778      0.048    7.75893     4.7482     4.7531    17.7861   13.95914 2.0442e+02      0.048 0.0000e+00
         64  90.614002    0.00438     0.2625     15.750  1020.4467  42017.371    25.8384      0.114    7.58160     4.7470     4.7502    20.4462   13.61654 2.2704e+02      0.115 0.0000e+00
         65  90.614005    0.00444     0.2667     16.000  1022.0568  45184.631    27.8721      0.176    7.47439     4.7465     4.7482    22.0560   13.40942 2.4691e+02      0.178 0.0000e+00
         66  90.614008    0.00451     0.2708     16.250  1023.0236  47086.167    29.0931      0.226    7.41002     4.7464     4.7470    23.0225   13.28507 2.6036e+02      0.228 0.0000e+00
         67  90.614010    0.00458     0.2750     16.500  1023.6039  48227.379    29.8259      0.260    7.37136     4.7465     4.7465    23.6026   13.21038 2.6752e+02      0.262 0.0000e+00
         68  90.614013    0.00465     0.2792     16.750  1023.9522  48912.238    30.2657      0.286    7.34813     4.7468     4.7464    23.9508   13.16550 2.6841e+02      0.289 0.0000e+00
         69  90.614016    0.00472     0.2833     17.000  1024.1612  49323.212    30.5297      0.317    7.33414     4.7472     4.7465    24.1597   13.13850 2.6176e+02      0.320 0.0000e+00
         70  90.614019    0.00479     0.2875     17.250  1024.2868  49569.782    30.6882      0.360    7.32570     4.7475     4.7468    24.2850   13.12223 2.4427e+02      0.364 0.0000e+00
         71  90.614022    0.00486     0.2917     17.500  1024.3623  49717.757    30.7833      0.417    7.32061     4.7479     4.7472    24.3603   13.11241 2.2086e+02      0.421 0.0000e+00
         72  90.614025    0.00493     0.2958     17.750  1024.4078  49806.710    30.8404      0.479    7.31753     4.7483     4.7475    24.4055   13.10647 2.0454e+02      0.484 0.0000e+00
         73  90.614028    0.00500     0.3000     18.000  1024.4353  49860.235    30.8749      0.536    7.31565     4.7487     4.7479    24.4327   13.10286 1.9711e+02      0.542 0.0000e+00
         74  90.614031    0.00507     0.3042     18.250  1024.4518  49892.271    30.8955      0.580    7.31449     4.7492     4.7483    24.4490   13.10065 1.9303e+02      0.586 0.0000e+00
         75  90.614034    0.00514     0.3083     18.500  1024.4616  49911.221    30.9078      0.610    7.31376     4.7497     4.7487    24.4587   13.09926 1.9007e+02      0.616 0.0000e+00
         76  90.614036    0.00521     0.3125     18.750  1024.4673  49922.293    30.9150      0.625    7.31329     4.7501     4.7493    24.4643   13.09837 1.8714e+02      0.631 0.0000e+00
         77  90.614039    0.00528     0.3167     19.000  1024.4705  49928.683    30.9191      0.630    7.31298     4.7503     4.7498    24.4676   13.09780 1.8478e+02      0.636 0.0000e+00
         78  90.614042    0.00535     0.3208     19.250  1024.4724  49932.310    30.9215      0.631    7.31278     4.7504     4.7502    24.4694   13.09744 1.8299e+02      0.637 0.0000e+00
         79  90.614045    0.00542     0.3250     19.500  1024.4735  49934.353    30.9229      0.631    7.31267     4.7504     4.7504    24.4705   13.09723 1.8133e+02      0.637 0.0000e+00
         80  90.614048    0.00549     0.3292     19.750  1024.4741  49935.631    30.9237      0.633    7.31260     4.7504     4.7505    24.4711   13.09712 1.8067e+02      0.639 0.0000e+00
         81  90.614051    0.00556     0.3333     20.000  1024.4747  49936.676    30.9244      0.636    7.31257     4.7504     4.7505    24.4717   13.09705 1.8115e+02      0.642 0.0000e+00
         82  90.614054    0.00562     0.3375     20.250  1024.4751  49937.589    30.9250      0.638    7.31254     4.7504     4.7505    24.4721   13.09699 1.8344e+02      0.644 0.0000e+00
         83  90.614057    0.00569     0.3417     20.500  1024.4754  49938.130    30.9253      0.635    7.31252     4.7504     4.7505    24.4724   13.09696 1.8817e+02      0.641 0.0000e+00
         84  90.614060    0.00576     0.3458     20.750  1024.4753  49938.067    30.9253      0.628    7.31253     4.7504     4.7505    24.4724   13.09697 1.9370e+02      0.634 0.0000e+00
         85  90.614063    0.00583     0.3500     21.000  1024.4750  49937.548    30.9250      0.621    7.31254     4.7505     4.7505    24.4721   13.09699 1.9861e+02      0.626 0.0000e+00
