CTD-processing/allCTD/CNV--homogene/2015_02-12_t9_s07_cast199.cnv
* Sea-Bird SBE19plus Data File:
* FileName = C:\Users\kris.holderied\Documents\kasitsna\Research-Projects-and-Data\Oceanography-AK\CTD-Data-ALL-to-2014-10\2015-CTD-KachemakBay-CookInlet\2015-02-EVOSTC-CookInlet-quarterly\2015-02-12-CookInlet-Tran9-HomerSpit\2015-02-12-CookInlet-Tran9-cast199.hex
* Software Version 1.59
* Temperature SN =  4141
* Conductivity SN =  4141
* System UpLoad Time = Feb 13 2015 09:51:06
** Cook Inlet LTM Tran9 (Homer Spit) South to North
** Date: 02-12
** Station: 9-07
** Start time (AKST): 16:44
** Depth (m): 97
** Comment:  Very clear water.
** Comment: Vessel is ADFG R/V Pandalus.
# nquan = 17
# nvalues = 827                         
# units = specified
# name 0 = scan: Scan Count
# name 1 = timeJ: Julian Days
# name 2 = timeH: Time, Elapsed [hours]
# name 3 = timeM: Time, Elapsed [minutes]
# name 4 = timeS: Time, Elapsed [seconds]
# name 5 = density00: Density [density, kg/m^3]
# name 6 = specc: Specific Conductance [uS/cm]
# name 7 = sal00: Salinity, Practical [PSU]
# name 8 = depSM: Depth [salt water, m], lat = 59.00
# name 9 = oxsolML/L: Oxygen Saturation, Garcia & Gordon [ml/l]
# name 10 = potemp090C: Potential Temperature [ITS-90, deg C]
# name 11 = tv290C: Temperature [ITS-90, deg C]
# name 12 = sigma-é00: Density [sigma-theta, kg/m^3]
# name 13 = n2satML/L: Nitrogen Saturation [ml/l]
# name 14 = par: PAR/Irradiance, Biospherical/Licor
# name 15 = prdM: Pressure, Strain Gauge [db]
# name 16 = flag:  0.000e+00
# span 0 =          1,        827       
# span 1 =  43.697373,  43.699763       
# span 2 =    0.00000,    0.05736       
# span 3 =     0.0000,     3.4417       
# span 4 =      0.000,    206.500       
# span 5 =  1000.7045,  1025.3761       
# span 6 =   1869.117,  50908.975       
# span 7 =     0.9174,    31.5245       
# span 8 =     -0.170,     94.944       
# span 9 =    7.18784,    8.92871       
# span 10 =     4.3085,     5.3023      
# span 11 =     4.3148,     5.3033      
# span 12 =     0.7053,    24.9289      
# span 13 =   12.88337,   16.22777      
# span 14 = 3.6382e-02, 7.0287e+01      
# span 15 =     -0.172,     95.862      
# span 16 = 0.0000e+00, 0.0000e+00      
# interval = seconds: 0.25
# start_time = Feb 12 2015 16:44:13 [Instrument's time stamp, header]
# bad_flag = -9.990e-29
*END*
[from data line 511]
        512  43.698851    0.03549     2.1292    127.750  1025.0438  50686.494    31.5000     32.880    7.22152     5.1050     5.1120    24.8896   12.93923 1.1825e-01     33.192 0.0000e+00
        513  43.698854    0.03556     2.1333    128.000  1025.0441  50685.927    31.4990     33.051    7.22194     5.1016     5.1098    24.8891   12.93992 1.1300e-01     33.365 0.0000e+00
        514  43.698857    0.03562     2.1375    128.250  1025.0434  50683.541    31.4968     33.232    7.22247     5.0964     5.1074    24.8875   12.94084 1.0755e-01     33.548 0.0000e+00
        515  43.698860    0.03569     2.1417    128.500  1025.0405  50677.000    31.4915     33.423    7.22330     5.0880     5.1040    24.8837   12.94227 1.0180e-01     33.741 0.0000e+00
        516  43.698863    0.03576     2.1458    128.750  1025.0354  50666.702    31.4832     33.625    7.22461     5.0766     5.0988    24.8777   12.94455 9.5777e-02     33.945 0.0000e+00
        517  43.698866    0.03583     2.1500    129.000  1025.0313  50658.317    31.4755     33.836    7.22643     5.0642     5.0904    24.8726   12.94764 8.9705e-02     34.158 0.0000e+00
        518  43.698869    0.03590     2.1542    129.250  1025.0315  50658.306    31.4730     34.051    7.22851     5.0529     5.0791    24.8718   12.95111 8.3888e-02     34.376 0.0000e+00
        519  43.698872    0.03597     2.1583    129.500  1025.0362  50666.604    31.4759     34.267    7.23051     5.0438     5.0667    24.8755   12.95439 7.8335e-02     34.594 0.0000e+00
        520  43.698874    0.03604     2.1625    129.750  1025.0420  50676.738    31.4804     34.482    7.23224     5.0366     5.0554    24.8802   12.95719 7.2973e-02     34.811 0.0000e+00
        521  43.698877    0.03611     2.1667    130.000  1025.0467  50684.636    31.4838     34.696    7.23366     5.0310     5.0463    24.8839   12.95947 6.7908e-02     35.027 0.0000e+00
        522  43.698880    0.03618     2.1708    130.250  1025.0509  50691.579    31.4869     34.909    7.23475     5.0271     5.0391    24.8871   12.96124 6.3179e-02     35.242 0.0000e+00
        523  43.698883    0.03625     2.1750    130.500  1025.0552  50698.453    31.4903     35.123    7.23554     5.0246     5.0336    24.8904   12.96250 5.8749e-02     35.457 0.0000e+00
        524  43.698886    0.03632     2.1792    130.750  1025.0590  50704.032    31.4932     35.339    7.23608     5.0230     5.0297    24.8931   12.96335 5.4635e-02     35.675 0.0000e+00
        525  43.698889    0.03639     2.1833    131.000  1025.0616  50707.437    31.4949     35.557    7.23643     5.0219     5.0272    24.8948   12.96391 5.0827e-02     35.896 0.0000e+00
        526  43.698892    0.03646     2.1875    131.250  1025.0634  50709.083    31.4956     35.780    7.23667     5.0211     5.0256    24.8955   12.96429 4.7329e-02     36.121 0.0000e+00
        527  43.698895    0.03653     2.1917    131.500  1025.0648  50709.914    31.4958     36.008    7.23684     5.0203     5.0245    24.8958   12.96458 4.4222e-02     36.351 0.0000e+00
        528  43.698898    0.03660     2.1958    131.750  1025.0659  50710.259    31.4957     36.240    7.23699     5.0195     5.0237    24.8958   12.96482 4.1615e-02     36.585 0.0000e+00
        529  43.698900    0.03667     2.2000    132.000  1025.0668  50710.158    31.4954     36.474    7.23714     5.0185     5.0229    24.8956   12.96507 3.9636e-02     36.822 0.0000e+00
        530  43.698903    0.03674     2.2042    132.250  1025.0676  50709.950    31.4950     36.710    7.23730     5.0174     5.0221    24.8953   12.96535 3.8334e-02     37.060 0.0000e+00
        531  43.698906    0.03681     2.2083    132.500  1025.0686  50710.015    31.4947     36.946    7.23748     5.0164     5.0212    24.8952   12.96566 3.7553e-02     37.298 0.0000e+00
        532  43.698909    0.03687     2.2125    132.750  1025.0700  50710.732    31.4948     37.182    7.23766     5.0155     5.0201    24.8955   12.96595 3.7085e-02     37.536 0.0000e+00
        533  43.698912    0.03694     2.2167    133.000  1025.0715  50711.866    31.4953     37.417    7.23781     5.0149     5.0191    24.8960   12.96619 3.6804e-02     37.773 0.0000e+00
        534  43.698915    0.03701     2.2208    133.250  1025.0730  50712.851    31.4957     37.649    7.23793     5.0144     5.0183    24.8964   12.96639 3.6635e-02     38.008 0.0000e+00
        535  43.698918    0.03708     2.2250    133.500  1025.0743  50713.411    31.4958     37.878    7.23803     5.0136     5.0177    24.8965   12.96654 3.6534e-02     38.239 0.0000e+00
        536  43.698921    0.03715     2.2292    133.750  1025.0746  50712.249    31.4948     38.101    7.23816     5.0115     5.0172    24.8958   12.96677 3.6473e-02     38.465 0.0000e+00
        537  43.698924    0.03722     2.2333    134.000  1025.0731  50707.867    31.4915     38.320    7.23847     5.0073     5.0164    24.8933   12.96732 3.6437e-02     38.686 0.0000e+00
        538  43.698927    0.03729     2.2375    134.250  1025.0699  50700.547    31.4859     38.533    7.23910     5.0008     5.0143    24.8891   12.96843 3.6415e-02     38.901 0.0000e+00
        539  43.698929    0.03736     2.2417    134.500  1025.0668  50693.719    31.4802     38.741    7.24010     4.9933     5.0101    24.8850   12.97017 3.6402e-02     39.111 0.0000e+00
        540  43.698932    0.03743     2.2458    134.750  1025.0665  50692.162    31.4776     38.945    7.24135     4.9861     5.0036    24.8837   12.97225 3.6394e-02     39.316 0.0000e+00
        541  43.698935    0.03750     2.2500    135.000  1025.0691  50696.259    31.4787     39.144    7.24260     4.9803     4.9961    24.8854   12.97431 3.6389e-02     39.518 0.0000e+00
        542  43.698938    0.03757     2.2542    135.250  1025.0729  50702.582    31.4815     39.342    7.24371     4.9760     4.9889    24.8883   12.97610 3.6386e-02     39.717 0.0000e+00
        543  43.698941    0.03764     2.2583    135.500  1025.0768  50708.787    31.4844     39.541    7.24457     4.9730     4.9831    24.8912   12.97749 3.6385e-02     39.918 0.0000e+00
        544  43.698944    0.03771     2.2625    135.750  1025.0802  50713.942    31.4869     39.743    7.24519     4.9710     4.9789    24.8937   12.97849 3.6384e-02     40.122 0.0000e+00
        545  43.698947    0.03778     2.2667    136.000  1025.0828  50717.369    31.4885     39.952    7.24563     4.9695     4.9759    24.8953   12.97918 3.6383e-02     40.333 0.0000e+00
        546  43.698950    0.03785     2.2708    136.250  1025.0846  50719.250    31.4893     40.169    7.24594     4.9681     4.9739    24.8961   12.97969 3.6383e-02     40.552 0.0000e+00
        547  43.698953    0.03792     2.2750    136.500  1025.0860  50720.107    31.4894     40.392    7.24620     4.9667     4.9724    24.8963   12.98012 3.6382e-02     40.777 0.0000e+00
        548  43.698955    0.03799     2.2792    136.750  1025.0869  50720.216    31.4891     40.620    7.24645     4.9652     4.9710    24.8962   12.98053 3.6382e-02     41.007 0.0000e+00
        549  43.698958    0.03806     2.2833    137.000  1025.0880  50720.450    31.4888     40.851    7.24670     4.9640     4.9696    24.8962   12.98095 3.6382e-02     41.240 0.0000e+00
        550  43.698961    0.03812     2.2875    137.250  1025.0894  50721.516    31.4891     41.081    7.24693     4.9630     4.9682    24.8966   12.98133 3.6382e-02     41.473 0.0000e+00
        551  43.698964    0.03819     2.2917    137.500  1025.0911  50722.929    31.4897     41.309    7.24712     4.9622     4.9670    24.8972   12.98163 3.6382e-02     41.703 0.0000e+00
        552  43.698967    0.03826     2.2958    137.750  1025.0924  50723.708    31.4899     41.532    7.24727     4.9614     4.9660    24.8974   12.98189 3.6382e-02     41.928 0.0000e+00
        553  43.698970    0.03833     2.3000    138.000  1025.0933  50723.652    31.4896     41.747    7.24742     4.9606     4.9652    24.8973   12.98214 3.6382e-02     42.146 0.0000e+00
        554  43.698973    0.03840     2.3042    138.250  1025.0942  50723.753    31.4894     41.955    7.24757     4.9599     4.9644    24.8972   12.98239 3.6382e-02     42.356 0.0000e+00
        555  43.698976    0.03847     2.3083    138.500  1025.0956  50724.846    31.4899     42.157    7.24770     4.9595     4.9636    24.8977   12.98259 3.6382e-02     42.559 0.0000e+00
        556  43.698979    0.03854     2.3125    138.750  1025.0971  50726.270    31.4906     42.353    7.24778     4.9592     4.9629    24.8983   12.98272 3.6382e-02     42.757 0.0000e+00
        557  43.698981    0.03861     2.3167    139.000  1025.0983  50726.831    31.4908     42.547    7.24784     4.9588     4.9625    24.8986   12.98281 3.6382e-02     42.953 0.0000e+00
        558  43.698984    0.03868     2.3208    139.250  1025.0988  50726.371    31.4903     42.742    7.24791     4.9581     4.9622    24.8982   12.98292 3.6382e-02     43.149 0.0000e+00
        559  43.698987    0.03875     2.3250    139.500  1025.0992  50725.619    31.4896     42.940    7.24801     4.9572     4.9618    24.8977   12.98310 3.6382e-02     43.349 0.0000e+00
        560  43.698990    0.03882     2.3292    139.750  1025.0998  50725.091    31.4890     43.144    7.24816     4.9560     4.9612    24.8973   12.98335 3.6382e-02     43.555 0.0000e+00
        561  43.698993    0.03889     2.3333    140.000  1025.1004  50724.690    31.4885     43.355    7.24835     4.9546     4.9603    24.8970   12.98367 3.6382e-02     43.768 0.0000e+00
        562  43.698996    0.03896     2.3375    140.250  1025.1010  50724.187    31.4878     43.572    7.24858     4.9529     4.9591    24.8965   12.98406 3.6382e-02     43.987 0.0000e+00
        563  43.698999    0.03903     2.3417    140.500  1025.1015  50723.441    31.4868     43.793    7.24886     4.9507     4.9577    24.8959   12.98455 3.6382e-02     44.211 0.0000e+00
        564  43.699002    0.03910     2.3458    140.750  1025.1019  50722.631    31.4858     44.016    7.24921     4.9483     4.9560    24.8953   12.98514 3.6382e-02     44.436 0.0000e+00
        565  43.699005    0.03917     2.3500    141.000  1025.1028  50722.662    31.4852     44.237    7.24961     4.9460     4.9539    24.8951   12.98581 3.6382e-02     44.659 0.0000e+00
        566  43.699008    0.03924     2.3542    141.250  1025.1043  50724.032    31.4856     44.455    7.25001     4.9441     4.9515    24.8956   12.98646 3.6382e-02     44.879 0.0000e+00
        567  43.699010    0.03931     2.3583    141.500  1025.1061  50726.031    31.4863     44.669    7.25037     4.9427     4.9492    24.8964   12.98704 3.6382e-02     45.096 0.0000e+00
        568  43.699013    0.03938     2.3625    141.750  1025.1079  50727.846    31.4871     44.879    7.25066     4.9416     4.9473    24.8972   12.98751 3.6382e-02     45.307 0.0000e+00
        569  43.699016    0.03944     2.3667    142.000  1025.1094  50729.093    31.4875     45.085    7.25089     4.9406     4.9459    24.8977   12.98788 3.6382e-02     45.515 0.0000e+00
        570  43.699019    0.03951     2.3708    142.250  1025.1105  50729.743    31.4876     45.290    7.25107     4.9396     4.9448    24.8979   12.98819 3.6382e-02     45.722 0.0000e+00
        571  43.699022    0.03958     2.3750    142.500  1025.1115  50729.943    31.4875     45.494    7.25125     4.9385     4.9438    24.8979   12.98848 3.6382e-02     45.929 0.0000e+00
        572  43.699025    0.03965     2.3792    142.750  1025.1122  50729.768    31.4870     45.700    7.25143     4.9372     4.9429    24.8976   12.98879 3.6382e-02     46.136 0.0000e+00
        573  43.699028    0.03972     2.3833    143.000  1025.1127  50729.107    31.4863     45.907    7.25166     4.9355     4.9418    24.8971   12.98917 3.6382e-02     46.345 0.0000e+00
        574  43.699031    0.03979     2.3875    143.250  1025.1130  50728.189    31.4853     46.116    7.25193     4.9334     4.9405    24.8965   12.98964 3.6382e-02     46.556 0.0000e+00
        575  43.699034    0.03986     2.3917    143.500  1025.1133  50727.339    31.4842     46.327    7.25228     4.9306     4.9388    24.8958   12.99022 3.6382e-02     46.770 0.0000e+00
        576  43.699036    0.03993     2.3958    143.750  1025.1134  50726.147    31.4828     46.538    7.25272     4.9273     4.9367    24.8950   12.99097 3.6382e-02     46.983 0.0000e+00
        577  43.699039    0.04000     2.4000    144.000  1025.1134  50724.733    31.4811     46.748    7.25327     4.9236     4.9340    24.8939   12.99190 3.6382e-02     47.195 0.0000e+00
        578  43.699042    0.04007     2.4042    144.250  1025.1141  50724.701    31.4803     46.955    7.25389     4.9199     4.9307    24.8936   12.99293 3.6382e-02     47.404 0.0000e+00
        579  43.699045    0.04014     2.4083    144.500  1025.1154  50726.045    31.4803     47.158    7.25453     4.9157     4.9270    24.8940   12.99399 3.6382e-02     47.609 0.0000e+00
        580  43.699048    0.04021     2.4125    144.750  1025.1154  50724.896    31.4786     47.359    7.25525     4.9098     4.9233    24.8931   12.99521 3.6382e-02     47.811 0.0000e+00
        581  43.699051    0.04028     2.4167    145.000  1025.1128  50718.942    31.4735     47.557    7.25622     4.9018     4.9191    24.8895   12.99687 3.6382e-02     48.012 0.0000e+00
        582  43.699054    0.04035     2.4208    145.250  1025.1099  50712.763    31.4679     47.755    7.25752     4.8928     4.9132    24.8857   12.99909 3.6382e-02     48.212 0.0000e+00
        583  43.699057    0.04042     2.4250    145.500  1025.1099  50712.222    31.4657     47.954    7.25903     4.8843     4.9052    24.8848   13.00161 3.6382e-02     48.412 0.0000e+00
        584  43.699060    0.04049     2.4292    145.750  1025.1127  50716.842    31.4668     48.155    7.26054     4.8771     4.8962    24.8866   13.00408 3.6382e-02     48.615 0.0000e+00
        585  43.699062    0.04056     2.4333    146.000  1025.1164  50723.066    31.4692     48.359    7.26190     4.8711     4.8878    24.8894   13.00630 3.6382e-02     48.821 0.0000e+00
        586  43.699065    0.04063     2.4375    146.250  1025.1201  50729.007    31.4716     48.566    7.26305     4.8662     4.8806    24.8920   13.00817 3.6382e-02     49.030 0.0000e+00
        587  43.699068    0.04069     2.4417    146.500  1025.1234  50734.113    31.4737     48.774    7.26399     4.8624     4.8746    24.8943   13.00969 3.6382e-02     49.240 0.0000e+00
        588  43.699071    0.04076     2.4458    146.750  1025.1262  50738.327    31.4754     48.981    7.26474     4.8593     4.8697    24.8962   13.01092 3.6382e-02     49.449 0.0000e+00
        589  43.699074    0.04083     2.4500    147.000  1025.1287  50741.788    31.4768     49.184    7.26534     4.8570     4.8659    24.8978   13.01189 3.6382e-02     49.655 0.0000e+00
        590  43.699077    0.04090     2.4542    147.250  1025.1310  50744.752    31.4781     49.383    7.26581     4.8551     4.8629    24.8991   13.01265 3.6382e-02     49.855 0.0000e+00
        591  43.699080    0.04097     2.4583    147.500  1025.1330  50747.199    31.4791     49.577    7.26617     4.8537     4.8605    24.9002   13.01323 3.6382e-02     50.050 0.0000e+00
        592  43.699083    0.04104     2.4625    147.750  1025.1346  50748.841    31.4798     49.764    7.26645     4.8523     4.8587    24.9009   13.01369 3.6382e-02     50.240 0.0000e+00
        593  43.699086    0.04111     2.4667    148.000  1025.1356  50749.401    31.4798     49.948    7.26670     4.8507     4.8573    24.9010   13.01411 3.6382e-02     50.426 0.0000e+00
        594  43.699089    0.04118     2.4708    148.250  1025.1359  50748.672    31.4789     50.131    7.26698     4.8483     4.8559    24.9004   13.01457 3.6382e-02     50.610 0.0000e+00
        595  43.699091    0.04125     2.4750    148.500  1025.1355  50746.593    31.4770     50.315    7.26736     4.8449     4.8543    24.8991   13.01521 3.6382e-02     50.796 0.0000e+00
