CTD-processing/allCTD/CNV--homogene/2015_04-12_t3_s05_cast052.cnv
* Sea-Bird SBE19plus Data File:
* FileName = C:\Users\kris.holderied\Documents\kasitsna\Research-Projects-and-Data\Oceanography-AK\CTD-Data-ALL-to-2015-02\2015-CTD-KachemakBay-CookInlet\2015-04-EVOSTC-CookInlet-quarterly\2015-04-12-CookInlet-Tran3-AnchorPt\20125_04_12_CookInlet_Tran3_cast052.hex
* Software Version 1.59
* Temperature SN =  5028
* Conductivity SN =  5028
* System UpLoad Time = Apr 12 2015 19:54:26
** Cook Inlet LTM Tran3 (Anchor Pt) Southeast to Northwest
** Date: 04-12
** Station: 3-05
** Start time (AKDT):  18:22
** Depth (m): 24
** Comment:  KBL CTD.
** Comment: On R/V Pandalus.
# nquan = 17
# nvalues = 381                         
# units = specified
# name 0 = scan: Scan Count
# name 1 = timeJ: Julian Days
# name 2 = timeH: Time, Elapsed [hours]
# name 3 = timeM: Time, Elapsed [minutes]
# name 4 = timeS: Time, Elapsed [seconds]
# name 5 = density00: Density [density, kg/m^3]
# name 6 = specc: Specific Conductance [uS/cm]
# name 7 = sal00: Salinity, Practical [PSU]
# name 8 = depSM: Depth [salt water, m], lat = 59.00
# name 9 = oxsolML/L: Oxygen Saturation, Garcia & Gordon [ml/l]
# name 10 = potemp090C: Potential Temperature [ITS-90, deg C]
# name 11 = tv290C: Temperature [ITS-90, deg C]
# name 12 = sigma-é00: Density [sigma-theta, kg/m^3]
# name 13 = n2satML/L: Nitrogen Saturation [ml/l]
# name 14 = par: PAR/Irradiance, Biospherical/Licor
# name 15 = prdM: Pressure, Strain Gauge [db]
# name 16 = flag:  0.000e+00
# span 0 =          1,        381       
# span 1 = 102.765440, 102.766539       
# span 2 =    0.00000,    0.02639       
# span 3 =     0.0000,     1.5833       
# span 4 =      0.000,     95.000       
# span 5 =  1000.0414,  1024.3618       
# span 6 =    316.376,  49734.329       
# span 7 =     0.1408,    30.4964       
# span 8 =     -0.207,     24.167       
# span 9 =    7.55599,    9.78131       
# span 10 =     1.5750,     3.5246      
# span 11 =     1.5750,     3.5260      
# span 12 =     0.0424,    24.2482      
# span 13 =   13.50467,   17.66928      
# span 14 = 3.7976e-02, 1.3175e+02      
# span 15 =     -0.209,     24.396      
# span 16 = 0.0000e+00, 0.0000e+00      
# interval = seconds: 0.25
# start_time = Apr 12 2015 18:22:14 [Instrument's time stamp, header]
# bad_flag = -9.990e-29
*END*
[from data line 341]
        342 102.766427    0.02368     1.4208     85.250  1024.3172  49717.471    30.4845     16.293    7.55969     3.5105     3.5092    24.2399   13.51092 3.7976e-02     16.448 0.0000e+00
        343 102.766429    0.02375     1.4250     85.500  1024.3191  49718.981    30.4857     16.506    7.55942     3.5117     3.5104    24.2408   13.51045 3.7976e-02     16.663 0.0000e+00
        344 102.766432    0.02382     1.4292     85.750  1024.3211  49720.693    30.4870     16.728    7.55913     3.5130     3.5115    24.2418   13.50996 3.7976e-02     16.887 0.0000e+00
        345 102.766435    0.02389     1.4333     86.000  1024.3232  49722.588    30.4885     16.957    7.55883     3.5142     3.5127    24.2428   13.50944 3.7976e-02     17.118 0.0000e+00
        346 102.766438    0.02396     1.4375     86.250  1024.3248  49723.335    30.4892     17.190    7.55855     3.5150     3.5140    24.2433   13.50896 3.7976e-02     17.353 0.0000e+00
        347 102.766441    0.02403     1.4417     86.500  1024.3253  49722.227    30.4886     17.424    7.55835     3.5153     3.5152    24.2427   13.50865 3.7976e-02     17.589 0.0000e+00
        348 102.766444    0.02410     1.4458     86.750  1024.3255  49720.438    30.4875     17.655    7.55826     3.5154     3.5160    24.2417   13.50851 3.7976e-02     17.822 0.0000e+00
        349 102.766447    0.02417     1.4500     87.000  1024.3262  49719.873    30.4870     17.878    7.55822     3.5155     3.5163    24.2414   13.50845 3.7976e-02     18.047 0.0000e+00
        350 102.766450    0.02424     1.4542     87.250  1024.3276  49720.816    30.4876     18.090    7.55818     3.5159     3.5164    24.2418   13.50838 3.7976e-02     18.261 0.0000e+00
        351 102.766453    0.02431     1.4583     87.500  1024.3291  49721.980    30.4883     18.289    7.55811     3.5163     3.5166    24.2424   13.50826 3.7976e-02     18.462 0.0000e+00
        352 102.766455    0.02438     1.4625     87.750  1024.3303  49722.635    30.4887     18.476    7.55803     3.5166     3.5169    24.2427   13.50811 3.7976e-02     18.651 0.0000e+00
        353 102.766458    0.02444     1.4667     88.000  1024.3312  49722.770    30.4888     18.655    7.55795     3.5168     3.5173    24.2427   13.50798 3.7976e-02     18.831 0.0000e+00
        354 102.766461    0.02451     1.4708     88.250  1024.3318  49722.449    30.4886     18.828    7.55789     3.5169     3.5177    24.2425   13.50789 3.7976e-02     19.007 0.0000e+00
        355 102.766464    0.02458     1.4750     88.500  1024.3323  49721.967    30.4882     19.002    7.55787     3.5169     3.5179    24.2422   13.50786 3.7976e-02     19.183 0.0000e+00
        356 102.766467    0.02465     1.4792     88.750  1024.3330  49721.735    30.4880     19.183    7.55786     3.5169     3.5180    24.2420   13.50785 3.7976e-02     19.365 0.0000e+00
        357 102.766470    0.02472     1.4833     89.000  1024.3339  49721.951    30.4881     19.375    7.55786     3.5169     3.5180    24.2421   13.50785 3.7976e-02     19.559 0.0000e+00
        358 102.766473    0.02479     1.4875     89.250  1024.3352  49722.583    30.4884     19.584    7.55785     3.5171     3.5180    24.2423   13.50782 3.7976e-02     19.770 0.0000e+00
        359 102.766476    0.02486     1.4917     89.500  1024.3367  49723.527    30.4890     19.812    7.55780     3.5174     3.5181    24.2428   13.50774 3.7976e-02     20.001 0.0000e+00
        360 102.766479    0.02493     1.4958     89.750  1024.3383  49724.498    30.4895     20.062    7.55774     3.5178     3.5183    24.2432   13.50762 3.7976e-02     20.253 0.0000e+00
        361 102.766481    0.02500     1.5000     90.000  1024.3400  49725.376    30.4901     20.334    7.55765     3.5183     3.5186    24.2436   13.50747 3.7976e-02     20.527 0.0000e+00
        362 102.766484    0.02507     1.5042     90.250  1024.3420  49726.675    30.4909     20.624    7.55754     3.5190     3.5190    24.2442   13.50727 3.7976e-02     20.820 0.0000e+00
        363 102.766487    0.02514     1.5083     90.500  1024.3445  49728.655    30.4922     20.929    7.55737     3.5200     3.5195    24.2452   13.50698 3.7976e-02     21.127 0.0000e+00
        364 102.766490    0.02521     1.5125     90.750  1024.3470  49730.783    30.4936     21.241    7.55716     3.5211     3.5202    24.2463   13.50661 3.7976e-02     21.442 0.0000e+00
        365 102.766493    0.02528     1.5167     91.000  1024.3494  49732.546    30.4949     21.552    7.55691     3.5222     3.5212    24.2472   13.50619 3.7976e-02     21.756 0.0000e+00
        366 102.766496    0.02535     1.5208     91.250  1024.3515  49733.831    30.4959     21.853    7.55666     3.5232     3.5223    24.2479   13.50575 3.7976e-02     22.060 0.0000e+00
        367 102.766499    0.02542     1.5250     91.500  1024.3532  49734.329    30.4964     22.136    7.55642     3.5239     3.5234    24.2482   13.50536 3.7976e-02     22.346 0.0000e+00
        368 102.766502    0.02549     1.5292     91.750  1024.3541  49733.801    30.4961     22.395    7.55625     3.5243     3.5244    24.2479   13.50508 3.7976e-02     22.608 0.0000e+00
        369 102.766505    0.02556     1.5333     92.000  1024.3547  49732.902    30.4956     22.628    7.55615     3.5245     3.5252    24.2474   13.50491 3.7976e-02     22.843 0.0000e+00
        370 102.766508    0.02562     1.5375     92.250  1024.3554  49732.391    30.4952     22.836    7.55609     3.5246     3.5256    24.2471   13.50481 3.7976e-02     23.052 0.0000e+00
        371 102.766510    0.02569     1.5417     92.500  1024.3562  49732.243    30.4951     23.020    7.55605     3.5246     3.5258    24.2470   13.50476 3.7976e-02     23.238 0.0000e+00
        372 102.766513    0.02576     1.5458     92.750  1024.3568  49732.141    30.4950     23.186    7.55604     3.5246     3.5259    24.2469   13.50474 3.7976e-02     23.407 0.0000e+00
        373 102.766516    0.02583     1.5500     93.000  1024.3573  49731.796    30.4947     23.341    7.55604     3.5244     3.5260    24.2466   13.50475 3.7976e-02     23.563 0.0000e+00
        374 102.766519    0.02590     1.5542     93.250  1024.3577  49731.227    30.4942     23.490    7.55607     3.5242     3.5259    24.2463   13.50481 3.7976e-02     23.713 0.0000e+00
        375 102.766522    0.02597     1.5583     93.500  1024.3582  49731.014    30.4939     23.634    7.55611     3.5241     3.5258    24.2461   13.50488 3.7976e-02     23.859 0.0000e+00
        376 102.766525    0.02604     1.5625     93.750  1024.3591  49731.724    30.4943     23.775    7.55613     3.5242     3.5256    24.2464   13.50490 3.7976e-02     24.001 0.0000e+00
        377 102.766528    0.02611     1.5667     94.000  1024.3604  49732.994    30.4951     23.907    7.55610     3.5244     3.5255    24.2470   13.50485 3.7976e-02     24.134 0.0000e+00
        378 102.766531    0.02618     1.5708     94.250  1024.3613  49733.797    30.4956     24.019    7.55606     3.5245     3.5256    24.2474   13.50478 3.7976e-02     24.247 0.0000e+00
        379 102.766534    0.02625     1.5750     94.500  1024.3617  49733.832    30.4956     24.101    7.55602     3.5246     3.5258    24.2474   13.50471 3.7976e-02     24.330 0.0000e+00
        380 102.766536    0.02632     1.5792     94.750  1024.3618  49733.612    30.4955     24.150    7.55600 -9.990e-29     3.5259    24.2473   13.50468 3.7976e-02     24.379 0.0000e+00
        381 102.766539    0.02639     1.5833     95.000  1024.3618  49733.518    30.4954     24.167    7.55599 -9.990e-29     3.5260    24.2472   13.50467 3.7976e-02     24.396 0.0000e+00
