CTD-processing/allCTD/CNV--homogene/2015_04-08_t9_s06_cast036.cnv
* Sea-Bird SBE19plus Data File:
* FileName = C:\Users\kris.holderied\Documents\kasitsna\Research-Projects-and-Data\Oceanography-AK\CTD-Data-ALL-to-2015-02\2015-CTD-KachemakBay-CookInlet\2015-04-EVOSTC-CookInlet-quarterly\2015-04-08-CookInlet-Tran9-HomerSpit\2015-04-08-CookInlet-Tran9-cast036.hex
* Software Version 1.59
* Temperature SN =  5028
* Conductivity SN =  5028
* System UpLoad Time = Apr 09 2015 19:31:52
** Cook Inlet LTM Tran 9 (Homer Spit) South to North
** Date: 04-08
** Station: 9-06
** Start time (AKDT): 14:48
** Depth (m): 98.6
** Comment:  KBL CTD. Zooplankton 50 m vertical tow. Phytoplankton surface 40 liters.
** Comment: On R/V Pandalus. Dropped KBRR CTD after for cross-calibration.
# nquan = 17
# nvalues = 663                         
# units = specified
# name 0 = scan: Scan Count
# name 1 = timeJ: Julian Days
# name 2 = timeH: Time, Elapsed [hours]
# name 3 = timeM: Time, Elapsed [minutes]
# name 4 = timeS: Time, Elapsed [seconds]
# name 5 = density00: Density [density, kg/m^3]
# name 6 = specc: Specific Conductance [uS/cm]
# name 7 = sal00: Salinity, Practical [PSU]
# name 8 = depSM: Depth [salt water, m], lat = 59.00
# name 9 = oxsolML/L: Oxygen Saturation, Garcia & Gordon [ml/l]
# name 10 = potemp090C: Potential Temperature [ITS-90, deg C]
# name 11 = tv290C: Temperature [ITS-90, deg C]
# name 12 = sigma-é00: Density [sigma-theta, kg/m^3]
# name 13 = n2satML/L: Nitrogen Saturation [ml/l]
# name 14 = par: PAR/Irradiance, Biospherical/Licor
# name 15 = prdM: Pressure, Strain Gauge [db]
# name 16 = flag:  0.000e+00
# span 0 =          1,        663       
# span 1 =  98.616829,  98.618744       
# span 2 =    0.00000,    0.04597       
# span 3 =     0.0000,     2.7583       
# span 4 =      0.000,    165.500       
# span 5 =  1000.2261,  1025.3958       
# span 6 =    699.304,  50808.133       
# span 7 =     0.3297,    31.5853       
# span 8 =     -0.213,     97.238       
# span 9 =    7.18585,    8.86339       
# span 10 =     5.0948,     5.3051      
# span 11 =     5.0958,     5.3090      
# span 12 =     0.2271,    24.9404      
# span 13 =   12.87983,   16.12773      
# span 14 = 3.8115e-02, 3.7989e+02      
# span 15 =     -0.215,     98.178      
# span 16 = 0.0000e+00, 0.0000e+00      
# interval = seconds: 0.25
# start_time = Apr 08 2015 14:48:14 [Instrument's time stamp, header]
# bad_flag = -9.990e-29
*END*
[from data line 86]
         87  98.617078    0.00597     0.3583     21.500  1024.5456  50010.375    31.0753      1.080    7.22213     5.2254     5.2273    24.5406   12.94571 2.1118e+02      1.090 0.0000e+00
         88  98.617080    0.00604     0.3625     21.750  1024.5478  50014.458    31.0779      1.070    7.22217     5.2244     5.2263    24.5427   12.94574 2.0981e+02      1.080 0.0000e+00
         89  98.617083    0.00611     0.3667     22.000  1024.5507  50020.126    31.0816      1.056    7.22214     5.2232     5.2255    24.5458   12.94564 2.0809e+02      1.066 0.0000e+00
         90  98.617086    0.00618     0.3708     22.250  1024.5538  50026.024    31.0855      1.042    7.22212     5.2213     5.2245    24.5489   12.94555 2.0565e+02      1.052 0.0000e+00
         91  98.617089    0.00625     0.3750     22.500  1024.5567  50031.567    31.0890      1.031    7.22216     5.2186     5.2233    24.5519   12.94557 2.0188e+02      1.041 0.0000e+00
         92  98.617092    0.00632     0.3792     22.750  1024.5597  50037.301    31.0926      1.026    7.22230     5.2150     5.2214    24.5549   12.94576 1.9700e+02      1.036 0.0000e+00
         93  98.617095    0.00639     0.3833     23.000  1024.5631  50043.809    31.0965      1.031    7.22258     5.2108     5.2187    24.5583   12.94617 1.9218e+02      1.041 0.0000e+00
         94  98.617098    0.00646     0.3875     23.250  1024.5669  50050.944    31.1006      1.047    7.22300     5.2065     5.2151    24.5620   12.94682 1.8901e+02      1.057 0.0000e+00
         95  98.617101    0.00653     0.3917     23.500  1024.5705  50057.824    31.1045      1.074    7.22355     5.2029     5.2109    24.5655   12.94768 1.8845e+02      1.084 0.0000e+00
         96  98.617104    0.00660     0.3958     23.750  1024.5732  50062.914    31.1070      1.109    7.22416     5.2007     5.2066    24.5680   12.94866 1.9014e+02      1.120 0.0000e+00
         97  98.617106    0.00667     0.4000     24.000  1024.5739  50064.362    31.1073      1.149    7.22477     5.2000     5.2030    24.5686   12.94965 1.9322e+02      1.159 0.0000e+00
         98  98.617109    0.00674     0.4042     24.250  1024.5725  50061.697    31.1050      1.187    7.22527     5.2013     5.2007    24.5670   12.95052 1.9748e+02      1.197 0.0000e+00
         99  98.617112    0.00681     0.4083     24.500  1024.5698  50056.446    31.1012      1.217    7.22557     5.2043     5.2001    24.5641   12.95105 2.0314e+02      1.228 0.0000e+00
        100  98.617115    0.00688     0.4125     24.750  1024.5665  50050.117    31.0971      1.235    7.22555     5.2083     5.2013    24.5607   12.95108 2.0932e+02      1.246 0.0000e+00
        101  98.617118    0.00694     0.4167     25.000  1024.5632  50043.840    31.0934      1.236    7.22520     5.2119     5.2044    24.5574   12.95055 2.1431e+02      1.248 0.0000e+00
        102  98.617121    0.00701     0.4208     25.250  1024.5609  50039.207    31.0911      1.221    7.22463     5.2143     5.2083    24.5551   12.94963 2.1782e+02      1.233 0.0000e+00
        103  98.617124    0.00708     0.4250     25.500  1024.5598  50037.171    31.0905      1.190    7.22404     5.2153     5.2120    24.5543   12.94865 2.2062e+02      1.202 0.0000e+00
        104  98.617127    0.00715     0.4292     25.750  1024.5599  50037.317    31.0911      1.146    7.22359     5.2150     5.2144    24.5545   12.94790 2.2269e+02      1.158 0.0000e+00
        105  98.617130    0.00722     0.4333     26.000  1024.5606  50038.983    31.0924      1.095    7.22335     5.2136     5.2154    24.5555   12.94749 2.2276e+02      1.106 0.0000e+00
        106  98.617133    0.00729     0.4375     26.250  1024.5620  50041.928    31.0944      1.044    7.22331     5.2115     5.2151    24.5571   12.94741 2.2027e+02      1.054 0.0000e+00
        107  98.617135    0.00736     0.4417     26.500  1024.5639  50045.876    31.0968      0.998    7.22344     5.2092     5.2136    24.5592   12.94759 2.1636e+02      1.008 0.0000e+00
        108  98.617138    0.00743     0.4458     26.750  1024.5660  50050.232    31.0994      0.963    7.22367     5.2069     5.2115    24.5614   12.94794 2.1189e+02      0.972 0.0000e+00
        109  98.617141    0.00750     0.4500     27.000  1024.5680  50054.401    31.1018      0.942    7.22395     5.2049     5.2092    24.5636   12.94837 2.0732e+02      0.951 0.0000e+00
        110  98.617144    0.00757     0.4542     27.250  1024.5699  50058.104    31.1039      0.939    7.22424     5.2034     5.2070    24.5655   12.94883 2.0268e+02      0.948 0.0000e+00
        111  98.617147    0.00764     0.4583     27.500  1024.5714  50061.046    31.1055      0.953    7.22451     5.2024     5.2050    24.5669   12.94925 1.9811e+02      0.963 0.0000e+00
        112  98.617150    0.00771     0.4625     27.750  1024.5723  50062.538    31.1062      0.983    7.22475     5.2021     5.2034    24.5676   12.94964 1.9487e+02      0.993 0.0000e+00
        113  98.617153    0.00778     0.4667     28.000  1024.5720  50061.854    31.1055      1.025    7.22496     5.2025     5.2024    24.5672   12.94999 1.9347e+02      1.035 0.0000e+00
        114  98.617156    0.00785     0.4708     28.250  1024.5706  50058.913    31.1034      1.073    7.22511     5.2038     5.2021    24.5656   12.95027 1.9346e+02      1.083 0.0000e+00
        115  98.617159    0.00792     0.4750     28.500  1024.5683  50054.299    31.1003      1.121    7.22519     5.2060     5.2025    24.5631   12.95043 1.9497e+02      1.131 0.0000e+00
        116  98.617161    0.00799     0.4792     28.750  1024.5656  50048.795    31.0968      1.161    7.22513     5.2089     5.2038    24.5601   12.95039 1.9790e+02      1.171 0.0000e+00
        117  98.617164    0.00806     0.4833     29.000  1024.5628  50043.150    31.0933      1.188    7.22491     5.2118     5.2061    24.5572   12.95008 2.0124e+02      1.199 0.0000e+00
        118  98.617167    0.00813     0.4875     29.250  1024.5602  50038.026    31.0904      1.201    7.22456     5.2141     5.2090    24.5546   12.94952 2.0448e+02      1.212 0.0000e+00
        119  98.617170    0.00819     0.4917     29.500  1024.5583  50034.194    31.0884      1.198    7.22416     5.2155     5.2119    24.5527   12.94888 2.0795e+02      1.209 0.0000e+00
        120  98.617173    0.00826     0.4958     29.750  1024.5573  50032.315    31.0876      1.182    7.22380     5.2160     5.2142    24.5518   12.94830 2.1201e+02      1.193 0.0000e+00
        121  98.617176    0.00833     0.5000     30.000  1024.5572  50032.195    31.0878      1.159    7.22354     5.2155     5.2156    24.5518   12.94788 2.1628e+02      1.169 0.0000e+00
        122  98.617179    0.00840     0.5042     30.250  1024.5576  50033.086    31.0885      1.132    7.22342     5.2143     5.2161    24.5523   12.94767 2.1937e+02      1.142 0.0000e+00
        123  98.617182    0.00847     0.5083     30.500  1024.5584  50034.712    31.0895      1.107    7.22345     5.2127     5.2156    24.5532   12.94770 2.2036e+02      1.117 0.0000e+00
        124  98.617185    0.00854     0.5125     30.750  1024.5594  50036.994    31.0909      1.087    7.22360     5.2111     5.2144    24.5544   12.94792 2.2017e+02      1.097 0.0000e+00
        125  98.617188    0.00861     0.5167     31.000  1024.5605  50039.270    31.0921      1.074    7.22382     5.2100     5.2128    24.5555   12.94828 2.2025e+02      1.084 0.0000e+00
        126  98.617190    0.00868     0.5208     31.250  1024.5611  50040.541    31.0927      1.069    7.22406     5.2094     5.2112    24.5561   12.94867 2.2072e+02      1.079 0.0000e+00
        127  98.617193    0.00875     0.5250     31.500  1024.5609  50040.223    31.0922      1.071    7.22428     5.2095     5.2101    24.5559   12.94903 2.2035e+02      1.081 0.0000e+00
        128  98.617196    0.00882     0.5292     31.750  1024.5600  50038.679    31.0911      1.076    7.22443     5.2101     5.2095    24.5550   12.94930 2.1852e+02      1.086 0.0000e+00
        129  98.617199    0.00889     0.5333     32.000  1024.5590  50036.749    31.0897      1.082    7.22448     5.2111     5.2096    24.5540   12.94940 2.1628e+02      1.092 0.0000e+00
        130  98.617202    0.00896     0.5375     32.250  1024.5580  50034.795    31.0885      1.086    7.22444     5.2123     5.2102    24.5529   12.94935 2.1491e+02      1.096 0.0000e+00
        131  98.617205    0.00903     0.5417     32.500  1024.5570  50032.818    31.0873      1.087    7.22432     5.2135     5.2112    24.5519   12.94917 2.1456e+02      1.098 0.0000e+00
        132  98.617208    0.00910     0.5458     32.750  1024.5560  50031.004    31.0863      1.085    7.22416     5.2145     5.2124    24.5510   12.94892 2.1436e+02      1.095 0.0000e+00
        133  98.617211    0.00917     0.5500     33.000  1024.5553  50029.646    31.0856      1.080    7.22400     5.2152     5.2135    24.5503   12.94865 2.1307e+02      1.090 0.0000e+00
        134  98.617214    0.00924     0.5542     33.250  1024.5550  50028.914    31.0853      1.072    7.22385     5.2156     5.2145    24.5500   12.94841 2.1077e+02      1.082 0.0000e+00
        135  98.617216    0.00931     0.5583     33.500  1024.5549  50028.751    31.0854      1.065    7.22372     5.2159     5.2152    24.5499   12.94820 2.0885e+02      1.075 0.0000e+00
        136  98.617219    0.00937     0.5625     33.750  1024.5550  50028.895    31.0856      1.061    7.22363     5.2161     5.2157    24.5500   12.94804 2.0781e+02      1.071 0.0000e+00
        137  98.617222    0.00944     0.5667     34.000  1024.5550  50028.866    31.0856      1.062    7.22357     5.2162     5.2160    24.5500   12.94795 2.0693e+02      1.072 0.0000e+00
        138  98.617225    0.00951     0.5708     34.250  1024.5546  50028.053    31.0851      1.067    7.22357     5.2163     5.2162    24.5495   12.94796 2.0613e+02      1.077 0.0000e+00
        139  98.617228    0.00958     0.5750     34.500  1024.5537  50026.367    31.0839      1.077    7.22361     5.2164     5.2163    24.5486   12.94804 2.0600e+02      1.087 0.0000e+00
        140  98.617231    0.00965     0.5792     34.750  1024.5527  50024.351    31.0826      1.088    7.22366     5.2167     5.2164    24.5476   12.94814 2.0712e+02      1.098 0.0000e+00
        141  98.617234    0.00972     0.5833     35.000  1024.5517  50022.475    31.0813      1.099    7.22369     5.2171     5.2165    24.5466   12.94821 2.0944e+02      1.109 0.0000e+00
        142  98.617237    0.00979     0.5875     35.250  1024.5509  50020.989    31.0804      1.107    7.22369     5.2175     5.2168    24.5458   12.94821 2.1179e+02      1.118 0.0000e+00
        143  98.617240    0.00986     0.5917     35.500  1024.5505  50020.101    31.0798      1.112    7.22364     5.2178     5.2172    24.5453   12.94815 2.1296e+02      1.122 0.0000e+00
        144  98.617242    0.00993     0.5958     35.750  1024.5504  50019.971    31.0798      1.113    7.22358     5.2181     5.2176    24.5452   12.94804 2.1339e+02      1.123 0.0000e+00
        145  98.617245    0.01000     0.6000     36.000  1024.5508  50020.543    31.0803      1.112    7.22350     5.2182     5.2179    24.5456   12.94791 2.1473e+02      1.122 0.0000e+00
        146  98.617248    0.01007     0.6042     36.250  1024.5512  50021.388    31.0809      1.110    7.22343     5.2182     5.2181    24.5460   12.94778 2.1777e+02      1.120 0.0000e+00
        147  98.617251    0.01014     0.6083     36.500  1024.5515  50021.945    31.0813      1.109    7.22339     5.2181     5.2183    24.5463   12.94771 2.2105e+02      1.119 0.0000e+00
        148  98.617254    0.01021     0.6125     36.750  1024.5515  50021.840    31.0812      1.107    7.22339     5.2180     5.2183    24.5463   12.94771 2.2236e+02      1.118 0.0000e+00
        149  98.617257    0.01028     0.6167     37.000  1024.5512  50021.214    31.0808      1.105    7.22343     5.2180     5.2182    24.5460   12.94778 2.2179e+02      1.116 0.0000e+00
        150  98.617260    0.01035     0.6208     37.250  1024.5509  50020.760    31.0805      1.102    7.22346     5.2179     5.2181    24.5457   12.94783 2.2115e+02      1.112 0.0000e+00
        151  98.617263    0.01042     0.6250     37.500  1024.5510  50021.039    31.0807      1.098    7.22346     5.2177     5.2180    24.5459   12.94784 2.2149e+02      1.109 0.0000e+00
        152  98.617266    0.01049     0.6292     37.750  1024.5515  50021.974    31.0813      1.096    7.22345     5.2174     5.2179    24.5464   12.94781 2.2288e+02      1.107 0.0000e+00
        153  98.617269    0.01056     0.6333     38.000  1024.5519  50022.813    31.0818      1.097    7.22345     5.2172     5.2177    24.5468   12.94781 2.2523e+02      1.107 0.0000e+00
        154  98.617271    0.01063     0.6375     38.250  1024.5518  50022.558    31.0816      1.098    7.22351     5.2171     5.2175    24.5467   12.94790 2.2757e+02      1.109 0.0000e+00
        155  98.617274    0.01069     0.6417     38.500  1024.5510  50021.056    31.0805      1.098    7.22360     5.2172     5.2173    24.5459   12.94807 2.2855e+02      1.109 0.0000e+00
        156  98.617277    0.01076     0.6458     38.750  1024.5499  50019.166    31.0792      1.096    7.22368     5.2176     5.2172    24.5448   12.94822 2.2792e+02      1.106 0.0000e+00
        157  98.617280    0.01083     0.6500     39.000  1024.5492  50017.850    31.0783      1.089    7.22370     5.2180     5.2173    24.5441   12.94826 2.2655e+02      1.100 0.0000e+00
        158  98.617283    0.01090     0.6542     39.250  1024.5491  50017.640    31.0783      1.079    7.22365     5.2184     5.2176    24.5440   12.94817 2.2513e+02      1.090 0.0000e+00
        159  98.617286    0.01097     0.6583     39.500  1024.5494  50018.350    31.0788      1.068    7.22355     5.2186     5.2180    24.5444   12.94800 2.2358e+02      1.078 0.0000e+00
        160  98.617289    0.01104     0.6625     39.750  1024.5499  50019.286    31.0796      1.058    7.22345     5.2186     5.2184    24.5449   12.94783 2.2121e+02      1.068 0.0000e+00
        161  98.617292    0.01111     0.6667     40.000  1024.5502  50019.930    31.0801      1.049    7.22339     5.2185     5.2186    24.5453   12.94773 2.1735e+02      1.059 0.0000e+00
        162  98.617295    0.01118     0.6708     40.250  1024.5504  50020.291    31.0803      1.043    7.22337     5.2180     5.2186    24.5455   12.94769 2.1234e+02      1.053 0.0000e+00
        163  98.617297    0.01125     0.6750     40.500  1024.5508  50020.947    31.0807      1.042    7.22338     5.2171     5.2185    24.5459   12.94769 2.0759e+02      1.051 0.0000e+00
        164  98.617300    0.01132     0.6792     40.750  1024.5516  50022.509    31.0817      1.047    7.22341     5.2156     5.2181    24.5467   12.94773 2.0378e+02      1.056 0.0000e+00
        165  98.617303    0.01139     0.6833     41.000  1024.5529  50024.933    31.0832      1.059    7.22349     5.2135     5.2172    24.5480   12.94785 2.0110e+02      1.069 0.0000e+00
        166  98.617306    0.01146     0.6875     41.250  1024.5545  50027.811    31.0848      1.079    7.22367     5.2112     5.2157    24.5494   12.94813 2.0065e+02      1.089 0.0000e+00
        167  98.617309    0.01153     0.6917     41.500  1024.5560  50030.627    31.0863      1.104    7.22397     5.2095     5.2135    24.5508   12.94860 2.0324e+02      1.115 0.0000e+00
        168  98.617312    0.01160     0.6958     41.750  1024.5570  50032.526    31.0871      1.133    7.22432     5.2089     5.2113    24.5517   12.94917 2.0852e+02      1.144 0.0000e+00
        169  98.617315    0.01167     0.7000     42.000  1024.5572  50032.867    31.0870      1.160    7.22461     5.2095     5.2096    24.5518   12.94964 2.1501e+02      1.171 0.0000e+00
        170  98.617318    0.01174     0.7042     42.250  1024.5567  50031.736    31.0861      1.181    7.22476     5.2109     5.2090    24.5511   12.94990 2.2029e+02      1.192 0.0000e+00
