CTD-processing/allCTD/CNV--homogene/2015_02-22_t3_s07_cast212.cnv
* Sea-Bird SBE19plus Data File:
* FileName = C:\Users\amdoroff\Desktop\2015_02_22_CookInlet_Tran3_AnchorPt\2015_02_22_CookInlet_Tran3_Cast212.hex
* Software Version 1.59
* Temperature SN =  4141
* Conductivity SN =  4141
* System UpLoad Time = Feb 22 2015 17:17:17
** Cook Inlet LTM Tran3 Anchor Pt E to W
** Date 02-22
** Station: 3-07
** Start Time: 14:24
** Depth (m): 109
** Comment
# nquan = 17
# nvalues = 1100                        
# units = specified
# name 0 = scan: Scan Count
# name 1 = timeJ: Julian Days
# name 2 = timeH: Time, Elapsed [hours]
# name 3 = timeM: Time, Elapsed [minutes]
# name 4 = timeS: Time, Elapsed [seconds]
# name 5 = density00: Density [density, kg/m^3]
# name 6 = specc: Specific Conductance [uS/cm]
# name 7 = sal00: Salinity, Practical [PSU]
# name 8 = depSM: Depth [salt water, m], lat = 59.00
# name 9 = oxsolML/L: Oxygen Saturation, Garcia & Gordon [ml/l]
# name 10 = potemp090C: Potential Temperature [ITS-90, deg C]
# name 11 = tv290C: Temperature [ITS-90, deg C]
# name 12 = sigma-é00: Density [sigma-theta, kg/m^3]
# name 13 = n2satML/L: Nitrogen Saturation [ml/l]
# name 14 = par: PAR/Irradiance, Biospherical/Licor
# name 15 = prdM: Pressure, Strain Gauge [db]
# name 16 = flag:  0.000e+00
# span 0 =          1,       1100       
# span 1 =  53.600764,  53.603944       
# span 2 =    0.00000,    0.07632       
# span 3 =     0.0000,     4.5792       
# span 4 =      0.000,    274.750       
# span 5 =  1000.0618,  1024.5559       
# span 6 =    261.968,  49871.093       
# span 7 =     0.1173,    30.1833       
# span 8 =     -0.075,    108.361       
# span 9 =    7.87191,    9.41306       
# span 10 =     1.8354,     2.9947      
# span 11 =     1.8359,     2.9947      
# span 12 =     0.0622,    24.1198      
# span 13 =   14.03123,   17.05332      
# span 14 = 3.6382e-02, 1.1196e+02      
# span 15 =     -0.076,    109.413      
# span 16 = 0.0000e+00, 0.0000e+00      
# interval = seconds: 0.25
# start_time = Feb 22 2015 14:25:06 [Instrument's time stamp, header]
# bad_flag = -9.990e-29
*END*
[from data line 596]
        597  53.602488    0.04139     2.4833    149.000  1024.2252  49770.778    30.0771     38.776    7.90284     1.8488     1.8502    24.0394   14.08277 3.6382e-02     39.145 0.0000e+00
        598  53.602491    0.04146     2.4875    149.250  1024.2261  49771.039    30.0772     38.945    7.90280     1.8489     1.8503    24.0395   14.08270 3.6382e-02     39.316 0.0000e+00
        599  53.602494    0.04153     2.4917    149.500  1024.2270  49771.175    30.0773     39.118    7.90277     1.8490     1.8505    24.0395   14.08264 3.6382e-02     39.491 0.0000e+00
        600  53.602497    0.04160     2.4958    149.750  1024.2278  49771.131    30.0772     39.294    7.90274     1.8490     1.8506    24.0394   14.08260 3.6382e-02     39.668 0.0000e+00
        601  53.602500    0.04167     2.5000    150.000  1024.2284  49770.909    30.0770     39.471    7.90274     1.8489     1.8507    24.0393   14.08259 3.6382e-02     39.847 0.0000e+00
        602  53.602503    0.04174     2.5042    150.250  1024.2290  49770.573    30.0767     39.645    7.90276     1.8487     1.8507    24.0390   14.08263 3.6382e-02     40.023 0.0000e+00
        603  53.602506    0.04181     2.5083    150.500  1024.2296  49770.326    30.0764     39.813    7.90279     1.8485     1.8506    24.0388   14.08269 3.6382e-02     40.192 0.0000e+00
        604  53.602509    0.04188     2.5125    150.750  1024.2303  49770.311    30.0763     39.971    7.90284     1.8483     1.8504    24.0387   14.08277 3.6382e-02     40.352 0.0000e+00
        605  53.602512    0.04194     2.5167    151.000  1024.2310  49770.535    30.0763     40.116    7.90288     1.8482     1.8502    24.0387   14.08283 3.6382e-02     40.498 0.0000e+00
        606  53.602514    0.04201     2.5208    151.250  1024.2318  49770.947    30.0764     40.246    7.90290     1.8482     1.8500    24.0389   14.08287 3.6382e-02     40.629 0.0000e+00
        607  53.602517    0.04208     2.5250    151.500  1024.2324  49771.287    30.0766     40.360    7.90291     1.8482     1.8500    24.0390   14.08289 3.6382e-02     40.745 0.0000e+00
        608  53.602520    0.04215     2.5292    151.750  1024.2329  49771.374    30.0766     40.462    7.90291     1.8482     1.8500    24.0390   14.08289 3.6382e-02     40.848 0.0000e+00
        609  53.602523    0.04222     2.5333    152.000  1024.2333  49771.342    30.0765     40.555    7.90291     1.8482     1.8500    24.0389   14.08289 3.6382e-02     40.941 0.0000e+00
        610  53.602526    0.04229     2.5375    152.250  1024.2337  49771.344    30.0765     40.643    7.90291     1.8483     1.8500    24.0389   14.08289 3.6382e-02     41.031 0.0000e+00
        611  53.602529    0.04236     2.5417    152.500  1024.2341  49771.467    30.0765     40.734    7.90291     1.8483     1.8500    24.0389   14.08288 3.6382e-02     41.122 0.0000e+00
        612  53.602532    0.04243     2.5458    152.750  1024.2347  49771.773    30.0767     40.831    7.90289     1.8485     1.8501    24.0391   14.08285 3.6382e-02     41.221 0.0000e+00
        613  53.602535    0.04250     2.5500    153.000  1024.2355  49772.315    30.0770     40.942    7.90286     1.8487     1.8501    24.0393   14.08280 3.6382e-02     41.332 0.0000e+00
        614  53.602538    0.04257     2.5542    153.250  1024.2366  49773.208    30.0776     41.069    7.90281     1.8491     1.8502    24.0398   14.08270 3.6382e-02     41.461 0.0000e+00
        615  53.602541    0.04264     2.5583    153.500  1024.2379  49774.419    30.0784     41.214    7.90271     1.8497     1.8505    24.0404   14.08254 3.6382e-02     41.607 0.0000e+00
        616  53.602543    0.04271     2.5625    153.750  1024.2393  49775.583    30.0792     41.375    7.90259     1.8503     1.8509    24.0410   14.08232 3.6382e-02     41.770 0.0000e+00
        617  53.602546    0.04278     2.5667    154.000  1024.2405  49776.228    30.0797     41.550    7.90244     1.8509     1.8515    24.0414   14.08207 3.6382e-02     41.946 0.0000e+00
        618  53.602549    0.04285     2.5708    154.250  1024.2414  49776.271    30.0798     41.734    7.90231     1.8513     1.8521    24.0414   14.08185 3.6382e-02     42.132 0.0000e+00
        619  53.602552    0.04292     2.5750    154.500  1024.2422  49776.061    30.0797     41.921    7.90219     1.8516     1.8527    24.0413   14.08166 3.6382e-02     42.321 0.0000e+00
        620  53.602555    0.04299     2.5792    154.750  1024.2429  49775.698    30.0795     42.105    7.90212     1.8517     1.8531    24.0411   14.08153 3.6382e-02     42.506 0.0000e+00
        621  53.602558    0.04306     2.5833    155.000  1024.2434  49775.091    30.0791     42.278    7.90208     1.8517     1.8534    24.0407   14.08148 3.6382e-02     42.682 0.0000e+00
        622  53.602561    0.04312     2.5875    155.250  1024.2438  49774.475    30.0786     42.438    7.90208     1.8516     1.8536    24.0404   14.08148 3.6382e-02     42.842 0.0000e+00
        623  53.602564    0.04319     2.5917    155.500  1024.2443  49774.237    30.0784     42.581    7.90210     1.8514     1.8535    24.0402   14.08152 3.6382e-02     42.987 0.0000e+00
        624  53.602567    0.04326     2.5958    155.750  1024.2449  49774.440    30.0784     42.711    7.90212     1.8514     1.8534    24.0402   14.08156 3.6382e-02     43.119 0.0000e+00
        625  53.602569    0.04333     2.6000    156.000  1024.2456  49774.783    30.0785     42.833    7.90214     1.8513     1.8533    24.0403   14.08159 3.6382e-02     43.241 0.0000e+00
        626  53.602572    0.04340     2.6042    156.250  1024.2462  49774.981    30.0786     42.951    7.90215     1.8512     1.8532    24.0404   14.08160 3.6382e-02     43.361 0.0000e+00
        627  53.602575    0.04347     2.6083    156.500  1024.2467  49774.923    30.0785     43.072    7.90217     1.8511     1.8532    24.0403   14.08163 3.6382e-02     43.483 0.0000e+00
        628  53.602578    0.04354     2.6125    156.750  1024.2471  49774.693    30.0782     43.199    7.90220     1.8509     1.8531    24.0401   14.08168 3.6382e-02     43.611 0.0000e+00
        629  53.602581    0.04361     2.6167    157.000  1024.2476  49774.542    30.0780     43.334    7.90223     1.8508     1.8530    24.0400   14.08174 3.6382e-02     43.747 0.0000e+00
        630  53.602584    0.04368     2.6208    157.250  1024.2483  49774.682    30.0780     43.476    7.90226     1.8508     1.8528    24.0400   14.08179 3.6382e-02     43.891 0.0000e+00
        631  53.602587    0.04375     2.6250    157.500  1024.2492  49775.108    30.0782     43.625    7.90228     1.8508     1.8527    24.0401   14.08181 3.6382e-02     44.042 0.0000e+00
        632  53.602590    0.04382     2.6292    157.750  1024.2501  49775.639    30.0784     43.778    7.90227     1.8509     1.8527    24.0403   14.08180 3.6382e-02     44.197 0.0000e+00
        633  53.602593    0.04389     2.6333    158.000  1024.2511  49776.119    30.0787     43.933    7.90225     1.8510     1.8527    24.0405   14.08177 3.6382e-02     44.353 0.0000e+00
        634  53.602595    0.04396     2.6375    158.250  1024.2520  49776.525    30.0789     44.087    7.90222     1.8511     1.8528    24.0407   14.08172 3.6382e-02     44.508 0.0000e+00
        635  53.602598    0.04403     2.6417    158.500  1024.2528  49776.869    30.0791     44.238    7.90219     1.8513     1.8529    24.0408   14.08166 3.6382e-02     44.661 0.0000e+00
        636  53.602601    0.04410     2.6458    158.750  1024.2536  49777.116    30.0792     44.386    7.90215     1.8515     1.8531    24.0409   14.08159 3.6382e-02     44.809 0.0000e+00
        637  53.602604    0.04417     2.6500    159.000  1024.2544  49777.268    30.0793     44.529    7.90211     1.8517     1.8533    24.0410   14.08152 3.6382e-02     44.954 0.0000e+00
        638  53.602607    0.04424     2.6542    159.250  1024.2550  49777.266    30.0793     44.666    7.90207     1.8518     1.8534    24.0409   14.08146 3.6382e-02     45.093 0.0000e+00
        639  53.602610    0.04431     2.6583    159.500  1024.2555  49777.170    30.0792     44.797    7.90204     1.8519     1.8536    24.0409   14.08142 3.6382e-02     45.225 0.0000e+00
        640  53.602613    0.04437     2.6625    159.750  1024.2561  49777.202    30.0792     44.921    7.90202     1.8519     1.8537    24.0408   14.08138 3.6382e-02     45.350 0.0000e+00
        641  53.602616    0.04444     2.6667    160.000  1024.2568  49777.386    30.0793     45.039    7.90200     1.8520     1.8538    24.0409   14.08134 3.6382e-02     45.469 0.0000e+00
        642  53.602619    0.04451     2.6708    160.250  1024.2574  49777.693    30.0794     45.153    7.90197     1.8521     1.8539    24.0410   14.08130 3.6382e-02     45.584 0.0000e+00
        643  53.602622    0.04458     2.6750    160.500  1024.2582  49778.131    30.0797     45.262    7.90194     1.8522     1.8539    24.0412   14.08124 3.6382e-02     45.694 0.0000e+00
        644  53.602624    0.04465     2.6792    160.750  1024.2589  49778.552    30.0799     45.370    7.90191     1.8523     1.8540    24.0414   14.08119 3.6382e-02     45.803 0.0000e+00
        645  53.602627    0.04472     2.6833    161.000  1024.2595  49778.770    30.0801     45.477    7.90188     1.8524     1.8541    24.0415   14.08114 3.6382e-02     45.911 0.0000e+00
        646  53.602630    0.04479     2.6875    161.250  1024.2600  49778.734    30.0800     45.587    7.90186     1.8525     1.8543    24.0415   14.08111 3.6382e-02     46.022 0.0000e+00
        647  53.602633    0.04486     2.6917    161.500  1024.2604  49778.566    30.0799     45.703    7.90185     1.8525     1.8544    24.0414   14.08108 3.6382e-02     46.140 0.0000e+00
        648  53.602636    0.04493     2.6958    161.750  1024.2609  49778.499    30.0798     45.831    7.90184     1.8525     1.8544    24.0413   14.08107 3.6382e-02     46.268 0.0000e+00
        649  53.602639    0.04500     2.7000    162.000  1024.2616  49778.646    30.0798     45.973    7.90183     1.8526     1.8545    24.0413   14.08105 3.6382e-02     46.411 0.0000e+00
        650  53.602642    0.04507     2.7042    162.250  1024.2625  49778.931    30.0799     46.130    7.90182     1.8526     1.8545    24.0414   14.08103 3.6382e-02     46.571 0.0000e+00
        651  53.602645    0.04514     2.7083    162.500  1024.2634  49779.207    30.0800     46.305    7.90180     1.8527     1.8546    24.0415   14.08100 3.6382e-02     46.747 0.0000e+00
        652  53.602648    0.04521     2.7125    162.750  1024.2643  49779.363    30.0800     46.497    7.90178     1.8527     1.8547    24.0415   14.08098 3.6382e-02     46.941 0.0000e+00
        653  53.602650    0.04528     2.7167    163.000  1024.2652  49779.417    30.0800     46.704    7.90177     1.8527     1.8547    24.0414   14.08096 3.6382e-02     47.150 0.0000e+00
        654  53.602653    0.04535     2.7208    163.250  1024.2663  49779.569    30.0800     46.921    7.90176     1.8528     1.8548    24.0414   14.08094 3.6382e-02     47.370 0.0000e+00
        655  53.602656    0.04542     2.7250    163.500  1024.2675  49780.009    30.0802     47.142    7.90174     1.8528     1.8548    24.0416   14.08091 3.6382e-02     47.593 0.0000e+00
        656  53.602659    0.04549     2.7292    163.750  1024.2688  49780.553    30.0804     47.358    7.90172     1.8530     1.8548    24.0418   14.08087 3.6382e-02     47.810 0.0000e+00
        657  53.602662    0.04556     2.7333    164.000  1024.2698  49780.920    30.0806     47.558    7.90169     1.8531     1.8549    24.0420   14.08082 3.6382e-02     48.012 0.0000e+00
        658  53.602665    0.04562     2.7375    164.250  1024.2707  49781.098    30.0807     47.733    7.90167     1.8532     1.8551    24.0420   14.08077 3.6382e-02     48.189 0.0000e+00
        659  53.602668    0.04569     2.7417    164.500  1024.2714  49781.133    30.0807     47.879    7.90164     1.8533     1.8552    24.0420   14.08073 3.6382e-02     48.337 0.0000e+00
        660  53.602671    0.04576     2.7458    164.750  1024.2719  49781.081    30.0806     47.993    7.90162     1.8534     1.8553    24.0419   14.08070 3.6382e-02     48.452 0.0000e+00
        661  53.602674    0.04583     2.7500    165.000  1024.2723  49781.054    30.0806     48.077    7.90160     1.8534     1.8554    24.0419   14.08068 3.6382e-02     48.537 0.0000e+00
        662  53.602677    0.04590     2.7542    165.250  1024.2726  49781.067    30.0806     48.136    7.90159     1.8534     1.8555    24.0419   14.08066 3.6382e-02     48.596 0.0000e+00
        663  53.602679    0.04597     2.7583    165.500  1024.2727  49781.021    30.0805     48.178    7.90158     1.8534     1.8555    24.0418   14.08064 3.6382e-02     48.639 0.0000e+00
        664  53.602682    0.04604     2.7625    165.750  1024.2728  49780.804    30.0804     48.216    7.90158     1.8533     1.8555    24.0417   14.08064 3.6382e-02     48.677 0.0000e+00
        665  53.602685    0.04611     2.7667    166.000  1024.2727  49780.412    30.0801     48.261    7.90160     1.8531     1.8555    24.0415   14.08067 3.6382e-02     48.722 0.0000e+00
        666  53.602688    0.04618     2.7708    166.250  1024.2728  49779.948    30.0797     48.326    7.90163     1.8528     1.8555    24.0412   14.08074 3.6382e-02     48.788 0.0000e+00
        667  53.602691    0.04625     2.7750    166.500  1024.2730  49779.620    30.0794     48.420    7.90169     1.8525     1.8553    24.0409   14.08084 3.6382e-02     48.883 0.0000e+00
        668  53.602694    0.04632     2.7792    166.750  1024.2735  49779.658    30.0793     48.549    7.90176     1.8522     1.8550    24.0409   14.08095 3.6382e-02     49.013 0.0000e+00
        669  53.602697    0.04639     2.7833    167.000  1024.2743  49779.949    30.0793     48.713    7.90182     1.8519     1.8546    24.0409   14.08106 3.6382e-02     49.178 0.0000e+00
        670  53.602700    0.04646     2.7875    167.250  1024.2753  49780.297    30.0793     48.909    7.90189     1.8517     1.8543    24.0410   14.08116 3.6382e-02     49.376 0.0000e+00
        671  53.602703    0.04653     2.7917    167.500  1024.2765  49780.782    30.0795     49.129    7.90194     1.8516     1.8540    24.0411   14.08124 3.6382e-02     49.598 0.0000e+00
        672  53.602705    0.04660     2.7958    167.750  1024.2778  49781.385    30.0797     49.361    7.90196     1.8515     1.8538    24.0413   14.08128 3.6382e-02     49.832 0.0000e+00
        673  53.602708    0.04667     2.8000    168.000  1024.2790  49781.879    30.0799     49.588    7.90198     1.8515     1.8537    24.0414   14.08129 3.6382e-02     50.061 0.0000e+00
        674  53.602711    0.04674     2.8042    168.250  1024.2800  49782.020    30.0799     49.795    7.90199     1.8514     1.8537    24.0414   14.08131 3.6382e-02     50.271 0.0000e+00
        675  53.602714    0.04681     2.8083    168.500  1024.2806  49781.697    30.0795     49.972    7.90201     1.8512     1.8537    24.0412   14.08135 3.6382e-02     50.449 0.0000e+00
        676  53.602717    0.04688     2.8125    168.750  1024.2810  49781.259    30.0791     50.111    7.90205     1.8509     1.8536    24.0409   14.08143 3.6382e-02     50.590 0.0000e+00
        677  53.602720    0.04694     2.8167    169.000  1024.2814  49781.254    30.0790     50.211    7.90210     1.8508     1.8533    24.0408   14.08152 3.6382e-02     50.691 0.0000e+00
        678  53.602723    0.04701     2.8208    169.250  1024.2819  49781.755    30.0793     50.277    7.90214     1.8508     1.8531    24.0410   14.08157 3.6382e-02     50.758 0.0000e+00
        679  53.602726    0.04708     2.8250    169.500  1024.2824  49782.353    30.0796     50.319    7.90214     1.8509     1.8530    24.0413   14.08157 3.6382e-02     50.800 0.0000e+00
        680  53.602729    0.04715     2.8292    169.750  1024.2827  49782.672    30.0798     50.349    7.90212     1.8511     1.8530    24.0414   14.08154 3.6382e-02     50.831 0.0000e+00
