CTD-processing/allCTD/CNV--homogene/2015_04-12_t3_s04_cast053.cnv
* Sea-Bird SBE19plus Data File:
* FileName = C:\Users\kris.holderied\Documents\kasitsna\Research-Projects-and-Data\Oceanography-AK\CTD-Data-ALL-to-2015-02\2015-CTD-KachemakBay-CookInlet\2015-04-EVOSTC-CookInlet-quarterly\2015-04-12-CookInlet-Tran3-AnchorPt\20125_04_12_CookInlet_Tran3_cast053.hex
* Software Version 1.59
* Temperature SN =  5028
* Conductivity SN =  5028
* System UpLoad Time = Apr 12 2015 19:54:58
** Cook Inlet LTM Tran3 (Anchor Pt) Southeast to Northwest
** Date: 04-12
** Station: 3-04
** Start time (AKDT): 18:39
** Depth (m): 26
** Comment:  KBL CTD. Zooplankton 15 m vertical tow. Phytoplankton surface 40 liters.
** Comment: On R/V Pandalus.
# nquan = 17
# nvalues = 497                         
# units = specified
# name 0 = scan: Scan Count
# name 1 = timeJ: Julian Days
# name 2 = timeH: Time, Elapsed [hours]
# name 3 = timeM: Time, Elapsed [minutes]
# name 4 = timeS: Time, Elapsed [seconds]
# name 5 = density00: Density [density, kg/m^3]
# name 6 = specc: Specific Conductance [uS/cm]
# name 7 = sal00: Salinity, Practical [PSU]
# name 8 = depSM: Depth [salt water, m], lat = 59.00
# name 9 = oxsolML/L: Oxygen Saturation, Garcia & Gordon [ml/l]
# name 10 = potemp090C: Potential Temperature [ITS-90, deg C]
# name 11 = tv290C: Temperature [ITS-90, deg C]
# name 12 = sigma-é00: Density [sigma-theta, kg/m^3]
# name 13 = n2satML/L: Nitrogen Saturation [ml/l]
# name 14 = par: PAR/Irradiance, Biospherical/Licor
# name 15 = prdM: Pressure, Strain Gauge [db]
# name 16 = flag:  0.000e+00
# span 0 =          1,        497       
# span 1 = 102.777199, 102.778634       
# span 2 =    0.00000,    0.03444       
# span 3 =     0.0000,     2.0667       
# span 4 =      0.000,    124.000       
# span 5 =  1000.0585,  1024.3517       
# span 6 =    321.946,  49711.836       
# span 7 =     0.1442,    30.4613       
# span 8 =     -0.203,     26.524       
# span 9 =    7.57090,    9.67508       
# span 10 =     1.9721,     3.4543      
# span 11 =     1.9721,     3.4556      
# span 12 =     0.0594,    24.2261      
# span 13 =   13.52973,   17.49154      
# span 14 = 3.7976e-02, 1.2318e+02      
# span 15 =     -0.205,     26.776      
# span 16 = 0.0000e+00, 0.0000e+00      
# interval = seconds: 0.25
# start_time = Apr 12 2015 18:39:10 [Instrument's time stamp, header]
# bad_flag = -9.990e-29
*END*
[from data line 256]
        257 102.777940    0.01778     1.0667     64.000  1023.9764  49310.450    30.0906      1.599    7.67794     2.9605     2.9916    23.9688   13.71140 3.7106e+01      1.614 0.0000e+00
        258 102.777943    0.01785     1.0708     64.250  1023.9833  49326.862    30.0981      1.565    7.68028     2.9447     2.9773    23.9759   13.71516 3.8327e+01      1.579 0.0000e+00
        259 102.777946    0.01792     1.0750     64.500  1023.9957  49354.038    30.1122      1.516    7.68274     2.9314     2.9606    23.9885   13.71904 3.9539e+01      1.530 0.0000e+00
        260 102.777948    0.01799     1.0792     64.750  1024.0088  49382.673    30.1274      1.458    7.68499     2.9212     2.9447    24.0019   13.72254 4.0768e+01      1.472 0.0000e+00
        261 102.777951    0.01806     1.0833     65.000  1024.0206  49408.230    30.1413      1.396    7.68681     2.9143     2.9314    24.0140   13.72536 4.2052e+01      1.410 0.0000e+00
        262 102.777954    0.01812     1.0875     65.250  1024.0305  49429.528    30.1531      1.335    7.68814     2.9104     2.9213    24.0242   13.72739 4.3247e+01      1.348 0.0000e+00
        263 102.777957    0.01819     1.0917     65.500  1024.0388  49447.007    30.1632      1.279    7.68894     2.9096     2.9144    24.0327   13.72859 4.4202e+01      1.291 0.0000e+00
        264 102.777960    0.01826     1.0958     65.750  1024.0462  49462.003    30.1723      1.232    7.68921     2.9121     2.9105    24.0403   13.72891 4.4882e+01      1.243 0.0000e+00
        265 102.777963    0.01833     1.1000     66.000  1024.0528  49474.886    30.1807      1.197    7.68894     2.9188     2.9096    24.0471   13.72834 4.5288e+01      1.209 0.0000e+00
        266 102.777966    0.01840     1.1042     66.250  1024.0577  49483.634    30.1873      1.180    7.68811     2.9302     2.9122    24.0521   13.72689 4.5444e+01      1.191 0.0000e+00
        267 102.777969    0.01847     1.1083     66.500  1024.0601  49486.507    30.1909      1.181    7.68662     2.9449     2.9189    24.0545   13.72438 4.5204e+01      1.192 0.0000e+00
        268 102.777972    0.01854     1.1125     66.750  1024.0603  49484.166    30.1922      1.201    7.68438     2.9605     2.9303    24.0547   13.72066 4.4278e+01      1.212 0.0000e+00
        269 102.777975    0.01861     1.1167     67.000  1024.0586  49477.314    30.1912      1.238    7.68161     2.9752     2.9449    24.0528   13.71611 4.2817e+01      1.250 0.0000e+00
        270 102.777977    0.01868     1.1208     67.250  1024.0548  49466.088    30.1876      1.289    7.67881     2.9879     2.9606    24.0486   13.71153 4.1295e+01      1.301 0.0000e+00
        271 102.777980    0.01875     1.1250     67.500  1024.0492  49451.818    30.1817      1.350    7.67631     2.9982     2.9752    24.0427   13.70748 3.9782e+01      1.363 0.0000e+00
        272 102.777983    0.01882     1.1292     67.750  1024.0427  49436.322    30.1744      1.414    7.67426     3.0062     2.9879    24.0359   13.70419 3.8190e+01      1.427 0.0000e+00
        273 102.777986    0.01889     1.1333     68.000  1024.0357  49420.496    30.1663      1.474    7.67270     3.0120     2.9983    24.0287   13.70173 3.6699e+01      1.488 0.0000e+00
        274 102.777989    0.01896     1.1375     68.250  1024.0281  49404.142    30.1573      1.526    7.67165     3.0160     3.0063    24.0208   13.70011 3.5490e+01      1.540 0.0000e+00
        275 102.777992    0.01903     1.1417     68.500  1024.0197  49386.829    30.1471      1.564    7.67106     3.0185     3.0121    24.0123   13.69927 3.4627e+01      1.579 0.0000e+00
        276 102.777995    0.01910     1.1458     68.750  1024.0115  49370.534    30.1371      1.585    7.67081     3.0198     3.0161    24.0040   13.69901 3.4250e+01      1.600 0.0000e+00
        277 102.777998    0.01917     1.1500     69.000  1024.0067  49360.959    30.1313      1.587    7.67065     3.0207     3.0186    23.9992   13.69881 3.4562e+01      1.602 0.0000e+00
        278 102.778001    0.01924     1.1542     69.250  1024.0102  49367.288    30.1359      1.567    7.67016     3.0228     3.0199    24.0027   13.69794 3.5607e+01      1.582 0.0000e+00
        279 102.778003    0.01931     1.1583     69.500  1024.0231  49391.478    30.1524      1.528    7.66912     3.0270     3.0208    24.0158   13.69600 3.7181e+01      1.543 0.0000e+00
        280 102.778006    0.01938     1.1625     69.750  1024.0369  49417.177    30.1703      1.474    7.66778     3.0319     3.0229    24.0299   13.69356 3.9005e+01      1.488 0.0000e+00
        281 102.778009    0.01944     1.1667     70.000  1024.0435  49429.066    30.1793      1.411    7.66651     3.0356     3.0271    24.0368   13.69133 4.0894e+01      1.425 0.0000e+00
        282 102.778012    0.01951     1.1708     70.250  1024.0439  49429.360    30.1808      1.348    7.66550     3.0376     3.0320    24.0375   13.68964 4.2706e+01      1.362 0.0000e+00
        283 102.778015    0.01958     1.1750     70.500  1024.0421  49425.519    30.1792      1.295    7.66487     3.0380     3.0357    24.0359   13.68864 4.4113e+01      1.307 0.0000e+00
        284 102.778018    0.01965     1.1792     70.750  1024.0398  49421.177    30.1767      1.259    7.66463     3.0372     3.0376    24.0339   13.68827 4.4699e+01      1.271 0.0000e+00
        285 102.778021    0.01972     1.1833     71.000  1024.0377  49417.282    30.1742      1.245    7.66469     3.0355     3.0380    24.0318   13.68841 4.4522e+01      1.257 0.0000e+00
        286 102.778024    0.01979     1.1875     71.250  1024.0356  49413.389    30.1714      1.253    7.66499     3.0329     3.0372    24.0296   13.68893 4.3907e+01      1.265 0.0000e+00
        287 102.778027    0.01986     1.1917     71.500  1024.0328  49408.357    30.1676      1.279    7.66550     3.0295     3.0356    24.0267   13.68983 4.2938e+01      1.291 0.0000e+00
        288 102.778030    0.01993     1.1958     71.750  1024.0299  49403.207    30.1635      1.315    7.66621     3.0259     3.0330    24.0237   13.69105 4.1724e+01      1.327 0.0000e+00
        289 102.778032    0.02000     1.2000     72.000  1024.0285  49401.092    30.1612      1.355    7.66698     3.0228     3.0296    24.0221   13.69235 4.0505e+01      1.368 0.0000e+00
        290 102.778035    0.02007     1.2042     72.250  1024.0291  49402.533    30.1612      1.395    7.66767     3.0206     3.0260    24.0224   13.69349 3.9448e+01      1.408 0.0000e+00
        291 102.778038    0.02014     1.2083     72.500  1024.0305  49405.619    30.1625      1.428    7.66819     3.0193     3.0229    24.0237   13.69434 3.8684e+01      1.441 0.0000e+00
        292 102.778041    0.02021     1.2125     72.750  1024.0319  49408.583    30.1639      1.450    7.66853     3.0186     3.0207    24.0250   13.69489 3.8320e+01      1.463 0.0000e+00
        293 102.778044    0.02028     1.2167     73.000  1024.0329  49410.640    30.1650      1.459    7.66873     3.0183     3.0194    24.0260   13.69520 3.8348e+01      1.473 0.0000e+00
        294 102.778047    0.02035     1.2208     73.250  1024.0335  49411.929    30.1657      1.455    7.66883     3.0181     3.0187    24.0266   13.69535 3.8686e+01      1.468 0.0000e+00
        295 102.778050    0.02042     1.2250     73.500  1024.0338  49412.703    30.1661      1.438    7.66888     3.0181     3.0183    24.0269   13.69542 3.9188e+01      1.452 0.0000e+00
        296 102.778053    0.02049     1.2292     73.750  1024.0340  49413.313    30.1665      1.415    7.66888     3.0183     3.0182    24.0272   13.69542 3.9613e+01      1.428 0.0000e+00
        297 102.778056    0.02056     1.2333     74.000  1024.0344  49414.236    30.1671      1.391    7.66885     3.0188     3.0182    24.0277   13.69536 3.9886e+01      1.404 0.0000e+00
        298 102.778058    0.02063     1.2375     74.250  1024.0352  49415.937    30.1683      1.374    7.66875     3.0198     3.0184    24.0287   13.69519 4.0138e+01      1.386 0.0000e+00
        299 102.778061    0.02069     1.2417     74.500  1024.0368  49418.790    30.1704      1.368    7.66855     3.0216     3.0189    24.0303   13.69482 4.0262e+01      1.381 0.0000e+00
        300 102.778064    0.02076     1.2458     74.750  1024.0389  49422.385    30.1731      1.375    7.66821     3.0239     3.0199    24.0323   13.69422 4.0016e+01      1.387 0.0000e+00
        301 102.778067    0.02083     1.2500     75.000  1024.0409  49425.619    30.1757      1.390    7.66774     3.0265     3.0216    24.0343   13.69342 3.9491e+01      1.402 0.0000e+00
        302 102.778070    0.02090     1.2542     75.250  1024.0424  49427.868    30.1777      1.408    7.66719     3.0291     3.0239    24.0357   13.69248 3.8991e+01      1.421 0.0000e+00
        303 102.778073    0.02097     1.2583     75.500  1024.0430  49428.275    30.1787      1.426    7.66664     3.0310     3.0265    24.0363   13.69156 3.8689e+01      1.439 0.0000e+00
        304 102.778076    0.02104     1.2625     75.750  1024.0423  49426.248    30.1779      1.440    7.66619     3.0321     3.0291    24.0355   13.69082 3.8538e+01      1.453 0.0000e+00
        305 102.778079    0.02111     1.2667     76.000  1024.0409  49423.116    30.1763      1.449    7.66590     3.0324     3.0311    24.0340   13.69037 3.8426e+01      1.462 0.0000e+00
        306 102.778082    0.02118     1.2708     76.250  1024.0397  49420.557    30.1748      1.453    7.66577     3.0323     3.0322    24.0328   13.69018 3.8323e+01      1.467 0.0000e+00
        307 102.778084    0.02125     1.2750     76.500  1024.0390  49419.210    30.1740      1.454    7.66576     3.0320     3.0325    24.0321   13.69017 3.8267e+01      1.468 0.0000e+00
        308 102.778087    0.02132     1.2792     76.750  1024.0386  49418.438    30.1735      1.449    7.66580     3.0315     3.0324    24.0317   13.69025 3.8318e+01      1.463 0.0000e+00
        309 102.778090    0.02139     1.2833     77.000  1024.0379  49417.306    30.1726      1.440    7.66590     3.0308     3.0321    24.0310   13.69042 3.8474e+01      1.454 0.0000e+00
        310 102.778093    0.02146     1.2875     77.250  1024.0370  49415.940    30.1716      1.426    7.66605     3.0298     3.0316    24.0303   13.69068 3.8729e+01      1.440 0.0000e+00
        311 102.778096    0.02153     1.2917     77.500  1024.0362  49414.820    30.1706      1.409    7.66625     3.0287     3.0309    24.0296   13.69102 3.9156e+01      1.422 0.0000e+00
        312 102.778099    0.02160     1.2958     77.750  1024.0357  49414.164    30.1700      1.391    7.66647     3.0277     3.0299    24.0291   13.69140 3.9779e+01      1.404 0.0000e+00
        313 102.778102    0.02167     1.3000     78.000  1024.0354  49413.976    30.1696      1.373    7.66670     3.0268     3.0288    24.0289   13.69177 4.0583e+01      1.386 0.0000e+00
        314 102.778105    0.02174     1.3042     78.250  1024.0353  49414.121    30.1694      1.356    7.66690     3.0261     3.0278    24.0289   13.69211 4.1481e+01      1.368 0.0000e+00
        315 102.778108    0.02181     1.3083     78.500  1024.0353  49414.410    30.1694      1.340    7.66707     3.0257     3.0269    24.0289   13.69239 4.2229e+01      1.352 0.0000e+00
        316 102.778111    0.02187     1.3125     78.750  1024.0353  49414.776    30.1695      1.326    7.66720     3.0254     3.0262    24.0290   13.69260 4.2640e+01      1.338 0.0000e+00
        317 102.778113    0.02194     1.3167     79.000  1024.0356  49415.497    30.1699      1.316    7.66727     3.0255     3.0257    24.0293   13.69271 4.2663e+01      1.329 0.0000e+00
        318 102.778116    0.02201     1.3208     79.250  1024.0362  49416.666    30.1706      1.314    7.66728     3.0259     3.0254    24.0299   13.69272 4.2270e+01      1.326 0.0000e+00
        319 102.778119    0.02208     1.3250     79.500  1024.0370  49418.037    30.1715      1.321    7.66721     3.0268     3.0255    24.0307   13.69260 4.1359e+01      1.334 0.0000e+00
        320 102.778122    0.02215     1.3292     79.750  1024.0381  49419.786    30.1728      1.341    7.66706     3.0279     3.0260    24.0317   13.69233 3.9872e+01      1.353 0.0000e+00
        321 102.778125    0.02222     1.3333     80.000  1024.0391  49421.396    30.1741      1.370    7.66683     3.0289     3.0268    24.0326   13.69194 3.8055e+01      1.382 0.0000e+00
        322 102.778128    0.02229     1.3375     80.250  1024.0394  49421.405    30.1744      1.402    7.66661     3.0296     3.0279    24.0328   13.69157 3.6350e+01      1.415 0.0000e+00
        323 102.778131    0.02236     1.3417     80.500  1024.0390  49420.163    30.1738      1.433    7.66643     3.0300     3.0290    24.0322   13.69129 3.5120e+01      1.446 0.0000e+00
        324 102.778134    0.02243     1.3458     80.750  1024.0385  49418.916    30.1731      1.455    7.66633     3.0299     3.0297    24.0316   13.69112 3.4599e+01      1.469 0.0000e+00
        325 102.778137    0.02250     1.3500     81.000  1024.0380  49417.695    30.1724      1.466    7.66630     3.0295     3.0301    24.0310   13.69109 3.4887e+01      1.480 0.0000e+00
        326 102.778139    0.02257     1.3542     81.250  1024.0372  49416.223    30.1714      1.465    7.66637     3.0286     3.0300    24.0302   13.69121 3.5866e+01      1.479 0.0000e+00
        327 102.778142    0.02264     1.3583     81.500  1024.0360  49414.233    30.1699      1.454    7.66653     3.0272     3.0295    24.0291   13.69150 3.7179e+01      1.467 0.0000e+00
        328 102.778145    0.02271     1.3625     81.750  1024.0345  49411.719    30.1680      1.437    7.66680     3.0256     3.0286    24.0277   13.69197 3.8421e+01      1.451 0.0000e+00
        329 102.778148    0.02278     1.3667     82.000  1024.0331  49409.525    30.1662      1.423    7.66715     3.0239     3.0273    24.0263   13.69257 3.9204e+01      1.436 0.0000e+00
        330 102.778151    0.02285     1.3708     82.250  1024.0323  49408.492    30.1651      1.418    7.66752     3.0224     3.0256    24.0256   13.69320 3.9198e+01      1.431 0.0000e+00
        331 102.778154    0.02292     1.3750     82.500  1024.0322  49408.663    30.1648      1.426    7.66786     3.0213     3.0240    24.0255   13.69377 3.8557e+01      1.439 0.0000e+00
        332 102.778157    0.02299     1.3792     82.750  1024.0327  49409.770    30.1652      1.444    7.66812     3.0207     3.0225    24.0259   13.69420 3.7760e+01      1.457 0.0000e+00
        333 102.778160    0.02306     1.3833     83.000  1024.0335  49411.290    30.1659      1.463    7.66829     3.0203     3.0214    24.0265   13.69446 3.7153e+01      1.476 0.0000e+00
        334 102.778163    0.02313     1.3875     83.250  1024.0340  49412.237    30.1664      1.473    7.66839     3.0200     3.0208    24.0270   13.69462 3.7077e+01      1.487 0.0000e+00
        335 102.778166    0.02319     1.3917     83.500  1024.0338  49412.034    30.1662      1.467    7.66847     3.0195     3.0204    24.0268   13.69476 3.7835e+01      1.481 0.0000e+00
        336 102.778168    0.02326     1.3958     83.750  1024.0334  49411.458    30.1657      1.444    7.66857     3.0191     3.0200    24.0264   13.69492 3.9447e+01      1.457 0.0000e+00
        337 102.778171    0.02333     1.4000     84.000  1024.0332  49411.623    30.1658      1.404    7.66866     3.0188     3.0196    24.0265   13.69507 4.1528e+01      1.417 0.0000e+00
        338 102.778174    0.02340     1.4042     84.250  1024.0335  49412.603    30.1663      1.353    7.66872     3.0188     3.0191    24.0270   13.69515 4.3529e+01      1.366 0.0000e+00
        339 102.778177    0.02347     1.4083     84.500  1024.0340  49414.139    30.1673      1.300    7.66872     3.0191     3.0188    24.0278   13.69514 4.5162e+01      1.312 0.0000e+00
        340 102.778180    0.02354     1.4125     84.750  1024.0350  49416.285    30.1688      1.254    7.66864     3.0200     3.0188    24.0290   13.69500 4.6188e+01      1.266 0.0000e+00
