CTD-processing/allCTD/CNV--homogene/2016_04-11_t3_s10_cast204.cnv
* Sea-Bird SBE19plus Data File:
* FileName = C:\Users\Kris.Holderied\Documents\kasitsna\Research-KBL\Oceanography-AK\CTD-Data-ALL-to-2016-02\2016-CTD-KachemakBay-CookInlet\2016-04-CookInlet-quarterly\2016-04-11-CookInlet-Tran3-AnchorPt\2016-04-11-CookInlet-Tran3-cast204.hex
* Software Version 1.59
* Temperature SN =  5028
* Conductivity SN =  5028
* System UpLoad Time = Apr 11 2016 11:21:29
** Cook Inlet LTM Tran3 Anchor Pt west to east
** Date (YYYY-MM-DD): 2016-04-11
** Station (ie. 9-01): 3-10
** Start time (AKST): 09:36
** Depth (m): 47
** Comment:  R/V Pandalus.
** Comment:
# nquan = 17
# nvalues = 452                         
# units = specified
# name 0 = scan: Scan Count
# name 1 = timeJ: Julian Days
# name 2 = timeH: Time, Elapsed [hours]
# name 3 = timeM: Time, Elapsed [minutes]
# name 4 = timeS: Time, Elapsed [seconds]
# name 5 = density00: Density [density, kg/m^3]
# name 6 = specc: Specific Conductance [uS/cm]
# name 7 = sal00: Salinity, Practical [PSU]
# name 8 = depSM: Depth [salt water, m], lat = 59.00
# name 9 = oxsolML/L: Oxygen Saturation, Garcia & Gordon [ml/l]
# name 10 = potemp090C: Potential Temperature [ITS-90, deg C]
# name 11 = tv290C: Temperature [ITS-90, deg C]
# name 12 = sigma-é00: Density [sigma-theta, kg/m^3]
# name 13 = n2satML/L: Nitrogen Saturation [ml/l]
# name 14 = par: PAR/Irradiance, Biospherical/Licor
# name 15 = prdM: Pressure, Strain Gauge [db]
# name 16 = flag:  0.000e+00
# span 0 =          1,        452       
# span 1 = 102.400231, 102.401536       
# span 2 =    0.00000,    0.03132       
# span 3 =     0.0000,     1.8792       
# span 4 =      0.000,    112.750       
# span 5 =  1001.8547,  1024.9292       
# span 6 =   4403.910,  50279.633       
# span 7 =     2.3692,    31.4195       
# span 8 =     -0.170,     47.347       
# span 9 =    7.05167,    8.81578       
# span 10 =     4.9764,     6.1408      
# span 11 =     4.9277,     6.1413      
# span 12 =     1.8555,    24.7102      
# span 13 =   12.65972,   16.01603      
# span 14 = 6.3928e-02, 1.8842e+02      
# span 15 =     -0.171,     47.799      
# span 16 = 0.0000e+00, 0.0000e+00      
# interval = seconds: 0.25
# start_time = Apr 11 2016 09:36:20 [Instrument's time stamp, header]
# bad_flag = -9.990e-29
*END*
[from data line 86]
         87 102.400480    0.00597     0.3583     21.500  1024.6304  50104.590    31.2967      0.932    7.07865     6.0019     6.0120    24.6260   12.70581 8.8143e+01      0.941 0.0000e+00
         88 102.400483    0.00604     0.3625     21.750  1024.6304  50104.729    31.2962      0.934    7.07921     5.9940     6.0088    24.6260   12.70674 8.9537e+01      0.943 0.0000e+00
         89 102.400486    0.00611     0.3667     22.000  1024.6367  50116.778    31.3032      0.923    7.08002     5.9880     6.0020    24.6324   12.70797 9.0824e+01      0.932 0.0000e+00
         90 102.400489    0.00618     0.3708     22.250  1024.6481  50138.358    31.3166      0.900    7.08070     5.9862     5.9941    24.6439   12.70893 9.1235e+01      0.909 0.0000e+00
         91 102.400492    0.00625     0.3750     22.500  1024.6634  50167.037    31.3353      0.873    7.08083     5.9909     5.9880    24.6593   12.70892 9.0422e+01      0.882 0.0000e+00
         92 102.400495    0.00632     0.3792     22.750  1024.6804  50198.366    31.3566      0.852    7.08012     6.0031     5.9863    24.6763   12.70748 8.9741e+01      0.860 0.0000e+00
         93 102.400498    0.00639     0.3833     23.000  1024.6950  50224.863    31.3758      0.846    7.07843     6.0204     5.9910    24.6910   12.70444 8.9748e+01      0.854 0.0000e+00
         94 102.400501    0.00646     0.3875     23.250  1024.7021  50237.154    31.3866      0.860    7.07590     6.0385     6.0032    24.6981   12.70012 8.9274e+01      0.868 0.0000e+00
         95 102.400503    0.00653     0.3917     23.500  1024.6980  50228.291    31.3838      0.889    7.07316     6.0539     6.0204    24.6938   12.69563 8.8636e+01      0.898 0.0000e+00
         96 102.400506    0.00660     0.3958     23.750  1024.6830  50199.411    31.3673      0.922    7.07093     6.0648     6.0385    24.6786   12.69215 8.8464e+01      0.931 0.0000e+00
         97 102.400509    0.00667     0.4000     24.000  1024.6610  50158.123    31.3417      0.947    7.06957     6.0706     6.0539    24.6566   12.69022 8.8121e+01      0.956 0.0000e+00
         98 102.400512    0.00674     0.4042     24.250  1024.6389  50116.888    31.3153      0.954    7.06899     6.0710     6.0649    24.6345   12.68959 8.7963e+01      0.963 0.0000e+00
         99 102.400515    0.00681     0.4083     24.500  1024.6246  50090.384    31.2981      0.944    7.06884     6.0682     6.0706    24.6202   12.68957 8.8608e+01      0.952 0.0000e+00
        100 102.400518    0.00688     0.4125     24.750  1024.6232  50087.945    31.2965      0.922    7.06883     6.0658     6.0711    24.6189   12.68958 8.9118e+01      0.930 0.0000e+00
        101 102.400521    0.00694     0.4167     25.000  1024.6335  50107.146    31.3093      0.900    7.06871     6.0668     6.0683    24.6293   12.68922 8.8728e+01      0.908 0.0000e+00
        102 102.400524    0.00701     0.4208     25.250  1024.6474  50132.896    31.3266      0.890    7.06829     6.0712     6.0659    24.6432   12.68830 8.8442e+01      0.898 0.0000e+00
        103 102.400527    0.00708     0.4250     25.500  1024.6560  50148.634    31.3377      0.895    7.06761     6.0771     6.0668    24.6519   12.68703 8.8603e+01      0.904 0.0000e+00
        104 102.400530    0.00715     0.4292     25.750  1024.6550  50146.281    31.3369      0.914    7.06692     6.0824     6.0712    24.6507   12.68591 8.8418e+01      0.922 0.0000e+00
        105 102.400532    0.00722     0.4333     26.000  1024.6438  50125.395    31.3236      0.935    7.06656     6.0857     6.0771    24.6395   12.68549 8.7963e+01      0.944 0.0000e+00
        106 102.400535    0.00729     0.4375     26.250  1024.6275  50095.100    31.3036      0.951    7.06661     6.0868     6.0824    24.6231   12.68583 8.7797e+01      0.960 0.0000e+00
        107 102.400538    0.00736     0.4417     26.500  1024.6146  50071.100    31.2877      0.956    7.06680     6.0862     6.0858    24.6101   12.68634 8.7892e+01      0.965 0.0000e+00
        108 102.400541    0.00743     0.4458     26.750  1024.6098  50062.365    31.2819      0.951    7.06690     6.0852     6.0869    24.6054   12.68658 8.8109e+01      0.960 0.0000e+00
        109 102.400544    0.00750     0.4500     27.000  1024.6118  50066.099    31.2843      0.943    7.06689     6.0847     6.0863    24.6074   12.68653 8.8555e+01      0.952 0.0000e+00
        110 102.400547    0.00757     0.4542     27.250  1024.6157  50073.257    31.2891      0.936    7.06683     6.0849     6.0853    24.6113   12.68637 8.8921e+01      0.944 0.0000e+00
        111 102.400550    0.00764     0.4583     27.500  1024.6170  50075.789    31.2908      0.932    7.06683     6.0853     6.0848    24.6127   12.68635 8.8686e+01      0.941 0.0000e+00
        112 102.400553    0.00771     0.4625     27.750  1024.6138  50069.800    31.2867      0.934    7.06699     6.0852     6.0850    24.6094   12.68666 8.8377e+01      0.942 0.0000e+00
        113 102.400556    0.00778     0.4667     28.000  1024.6059  50055.293    31.2767      0.939    7.06739     6.0840     6.0854    24.6015   12.68745 8.8678e+01      0.948 0.0000e+00
        114 102.400558    0.00785     0.4708     28.250  1024.5959  50036.990    31.2640      0.945    7.06802     6.0817     6.0852    24.5915   12.68864 8.8723e+01      0.954 0.0000e+00
        115 102.400561    0.00792     0.4750     28.500  1024.5879  50022.343    31.2537      0.948    7.06870     6.0785     6.0840    24.5835   12.68990 8.8163e+01      0.957 0.0000e+00
        116 102.400564    0.00799     0.4792     28.750  1024.5850  50017.104    31.2496      0.948    7.06927     6.0752     6.0817    24.5806   12.69090 8.8008e+01      0.957 0.0000e+00
        117 102.400567    0.00806     0.4833     29.000  1024.5883  50023.414    31.2533      0.944    7.06962     6.0727     6.0786    24.5839   12.69143 8.8252e+01      0.953 0.0000e+00
        118 102.400570    0.00813     0.4875     29.250  1024.5962  50038.066    31.2628      0.939    7.06972     6.0715     6.0753    24.5918   12.69148 8.8093e+01      0.948 0.0000e+00
        119 102.400573    0.00819     0.4917     29.500  1024.6045  50053.399    31.2730      0.935    7.06966     6.0715     6.0728    24.6001   12.69125 8.7516e+01      0.944 0.0000e+00
        120 102.400576    0.00826     0.4958     29.750  1024.6092  50062.182    31.2788      0.933    7.06959     6.0723     6.0715    24.6049   12.69106 8.7491e+01      0.942 0.0000e+00
        121 102.400579    0.00833     0.5000     30.000  1024.6084  50060.734    31.2778      0.933    7.06962     6.0727     6.0716    24.6041   12.69113 8.8384e+01      0.942 0.0000e+00
        122 102.400582    0.00840     0.5042     30.250  1024.6033  50051.354    31.2715      0.934    7.06980     6.0727     6.0723    24.5990   12.69150 8.8896e+01      0.943 0.0000e+00
        123 102.400584    0.00847     0.5083     30.500  1024.5986  50042.572    31.2655      0.937    7.07001     6.0724     6.0728    24.5942   12.69191 8.8370e+01      0.946 0.0000e+00
        124 102.400587    0.00854     0.5125     30.750  1024.5986  50042.661    31.2656      0.942    7.07001     6.0723     6.0728    24.5943   12.69191 8.7824e+01      0.951 0.0000e+00
        125 102.400590    0.00861     0.5167     31.000  1024.6044  50053.204    31.2728      0.951    7.06972     6.0725     6.0725    24.6000   12.69134 8.7733e+01      0.961 0.0000e+00
        126 102.400593    0.00868     0.5208     31.250  1024.6122  50067.461    31.2826      0.967    7.06928     6.0727     6.0723    24.6077   12.69050 8.7588e+01      0.976 0.0000e+00
        127 102.400596    0.00875     0.5250     31.500  1024.6161  50074.313    31.2874      0.986    7.06902     6.0715     6.0726    24.6115   12.69000 8.7137e+01      0.996 0.0000e+00
        128 102.400599    0.00882     0.5292     31.750  1024.6123  50067.180    31.2825      1.004    7.06921     6.0674     6.0728    24.6076   12.69038 8.6595e+01      1.014 0.0000e+00
        129 102.400602    0.00889     0.5333     32.000  1024.6035  50051.136    31.2712      1.013    7.06994     6.0593     6.0716    24.5988   12.69173 8.6630e+01      1.023 0.0000e+00
        130 102.400605    0.00896     0.5375     32.250  1024.5974  50040.168    31.2628      1.010    7.07101     6.0480     6.0675    24.5927   12.69361 8.7590e+01      1.019 0.0000e+00
        131 102.400608    0.00903     0.5417     32.500  1024.6005  50046.551    31.2657      0.994    7.07223     6.0372     6.0594    24.5959   12.69558 8.8547e+01      1.004 0.0000e+00
        132 102.400611    0.00910     0.5458     32.750  1024.6153  50074.434    31.2828      0.972    7.07331     6.0313     6.0481    24.6108   12.69716 8.8692e+01      0.981 0.0000e+00
        133 102.400613    0.00917     0.5500     33.000  1024.6382  50117.232    31.3103      0.949    7.07382     6.0325     6.0373    24.6338   12.69764 8.8426e+01      0.959 0.0000e+00
        134 102.400616    0.00924     0.5542     33.250  1024.6612  50159.890    31.3387      0.935    7.07346     6.0401     6.0314    24.6569   12.69669 8.8449e+01      0.944 0.0000e+00
        135 102.400619    0.00931     0.5583     33.500  1024.6770  50188.796    31.3589      0.935    7.07231     6.0514     6.0326    24.6727   12.69454 8.8733e+01      0.944 0.0000e+00
        136 102.400622    0.00937     0.5625     33.750  1024.6817  50196.916    31.3659      0.948    7.07072     6.0627     6.0402    24.6774   12.69181 8.8527e+01      0.957 0.0000e+00
        137 102.400625    0.00944     0.5667     34.000  1024.6742  50182.223    31.3579      0.968    7.06923     6.0717     6.0514    24.6697   12.68945 8.7839e+01      0.977 0.0000e+00
        138 102.400628    0.00951     0.5708     34.250  1024.6562  50148.450    31.3367      0.986    7.06833     6.0771     6.0628    24.6516   12.68824 8.7533e+01      0.995 0.0000e+00
        139 102.400631    0.00958     0.5750     34.500  1024.6343  50107.619    31.3102      0.995    7.06808     6.0785     6.0718    24.6296   12.68816 8.7776e+01      1.004 0.0000e+00
        140 102.400634    0.00965     0.5792     34.750  1024.6169  50075.495    31.2891      0.994    7.06818     6.0765     6.0772    24.6122   12.68859 8.7915e+01      1.003 0.0000e+00
        141 102.400637    0.00972     0.5833     35.000  1024.6096  50062.180    31.2801      0.985    7.06837     6.0732     6.0785    24.6050   12.68902 8.7673e+01      0.994 0.0000e+00
        142 102.400639    0.00979     0.5875     35.250  1024.6134  50069.327    31.2847      0.973    7.06848     6.0708     6.0766    24.6089   12.68914 8.7533e+01      0.982 0.0000e+00
        143 102.400642    0.00986     0.5917     35.500  1024.6245  50089.983    31.2984      0.961    7.06839     6.0704     6.0733    24.6200   12.68881 8.7933e+01      0.970 0.0000e+00
        144 102.400645    0.00993     0.5958     35.750  1024.6361  50111.452    31.3128      0.952    7.06811     6.0716     6.0709    24.6317   12.68818 8.8550e+01      0.961 0.0000e+00
        145 102.400648    0.01000     0.6000     36.000  1024.6427  50123.595    31.3211      0.949    7.06780     6.0735     6.0704    24.6383   12.68756 8.8622e+01      0.958 0.0000e+00
        146 102.400651    0.01007     0.6042     36.250  1024.6424  50122.900    31.3208      0.950    7.06760     6.0751     6.0717    24.6379   12.68723 8.7966e+01      0.959 0.0000e+00
        147 102.400654    0.01014     0.6083     36.500  1024.6369  50112.713    31.3142      0.956    7.06760     6.0761     6.0736    24.6324   12.68731 8.7145e+01      0.965 0.0000e+00
        148 102.400657    0.01021     0.6125     36.750  1024.6306  50100.921    31.3063      0.967    7.06770     6.0765     6.0752    24.6260   12.68758 8.6511e+01      0.976 0.0000e+00
        149 102.400660    0.01028     0.6167     37.000  1024.6261  50092.441    31.3006      0.981    7.06780     6.0757     6.0762    24.6214   12.68782 8.6211e+01      0.991 0.0000e+00
        150 102.400663    0.01035     0.6208     37.250  1024.6215  50084.010    31.2949      0.997    7.06800     6.0724     6.0766    24.6168   12.68823 8.6776e+01      1.007 0.0000e+00
        151 102.400666    0.01042     0.6250     37.500  1024.6151  50072.155    31.2865      1.007    7.06853     6.0652     6.0758    24.6103   12.68921 8.7895e+01      1.017 0.0000e+00
        152 102.400668    0.01049     0.6292     37.750  1024.6105  50063.850    31.2801      1.005    7.06937     6.0548     6.0725    24.6057   12.69069 8.8578e+01      1.014 0.0000e+00
        153 102.400671    0.01056     0.6333     38.000  1024.6144  50071.665    31.2842      0.989    7.07038     6.0449     6.0653    24.6098   12.69229 8.8918e+01      0.998 0.0000e+00
        154 102.400674    0.01063     0.6375     38.250  1024.6296  50100.240    31.3019      0.968    7.07128     6.0402     6.0548    24.6250   12.69356 8.9098e+01      0.976 0.0000e+00
        155 102.400677    0.01069     0.6417     38.500  1024.6503  50139.021    31.3268      0.951    7.07175     6.0422     6.0450    24.6459   12.69402 8.8839e+01      0.959 0.0000e+00
        156 102.400680    0.01076     0.6458     38.750  1024.6673  50170.362    31.3476      0.946    7.07156     6.0490     6.0403    24.6628   12.69344 8.7948e+01      0.955 0.0000e+00
        157 102.400683    0.01083     0.6500     39.000  1024.6741  50182.669    31.3565      0.955    7.07081     6.0567     6.0423    24.6696   12.69208 8.6516e+01      0.963 0.0000e+00
        158 102.400686    0.01090     0.6542     39.250  1024.6686  50172.238    31.3506      0.968    7.06996     6.0621     6.0491    24.6642   12.69076 8.5649e+01      0.977 0.0000e+00
        159 102.400689    0.01097     0.6583     39.500  1024.6539  50144.689    31.3330      0.979    7.06951     6.0631     6.0568    24.6494   12.69023 8.5963e+01      0.988 0.0000e+00
        160 102.400692    0.01104     0.6625     39.750  1024.6387  50116.454    31.3145      0.979    7.06948     6.0598     6.0621    24.6341   12.69041 8.6756e+01      0.988 0.0000e+00
        161 102.400694    0.01111     0.6667     40.000  1024.6327  50105.419    31.3071      0.970    7.06964     6.0552     6.0632    24.6281   12.69079 8.7151e+01      0.979 0.0000e+00
        162 102.400697    0.01118     0.6708     40.250  1024.6406  50120.191    31.3167      0.957    7.06975     6.0537     6.0599    24.6361   12.69083 8.6816e+01      0.966 0.0000e+00
        163 102.400700    0.01125     0.6750     40.500  1024.6585  50153.365    31.3387      0.952    7.06949     6.0573     6.0553    24.6541   12.69012 8.6406e+01      0.961 0.0000e+00
        164 102.400703    0.01132     0.6792     40.750  1024.6761  50185.555    31.3607      0.961    7.06871     6.0645     6.0538    24.6716   12.68855 8.6137e+01      0.970 0.0000e+00
        165 102.400706    0.01139     0.6833     41.000  1024.6846  50200.834    31.3719      0.982    7.06759     6.0723     6.0574    24.6800   12.68656 8.5764e+01      0.991 0.0000e+00
        166 102.400709    0.01146     0.6875     41.250  1024.6810  50193.640    31.3684      1.008    7.06655     6.0776     6.0646    24.6763   12.68490 8.5910e+01      1.017 0.0000e+00
        167 102.400712    0.01153     0.6917     41.500  1024.6668  50166.980    31.3514      1.026    7.06606     6.0784     6.0723    24.6620   12.68431 8.6755e+01      1.036 0.0000e+00
        168 102.400715    0.01160     0.6958     41.750  1024.6487  50133.455    31.3292      1.028    7.06622     6.0742     6.0776    24.6439   12.68485 8.7944e+01      1.038 0.0000e+00
        169 102.400718    0.01167     0.7000     42.000  1024.6367  50111.712    31.3144      1.009    7.06677     6.0668     6.0785    24.6321   12.68595 8.9515e+01      1.019 0.0000e+00
        170 102.400720    0.01174     0.7042     42.250  1024.6379  50114.338    31.3154      0.977    7.06743     6.0608     6.0743    24.6334   12.68702 9.0745e+01      0.986 0.0000e+00
