CTD-processing/allCTD/CNV--homogene/2016_07-27_t4_s08_cast013.cnv
* Sea-Bird SBE19plus Data File:
* FileName = C:\Users\Kris.Holderied\Documents\kasitsna\Research-KBL\Oceanography-AK\CTD-Data-ALL-to-2016-05\2016-CTD-KachemakBay-CookInlet\2016-07-27-CookInlet-Tran4-Barabara-special\2016-07-27-CookInlet-Tran4-cast013.hex
* Software Version 1.59
* Temperature SN =  5028
* Conductivity SN =  5028
* System UpLoad Time = Jul 27 2016 20:18:03
** Cook Inlet LTM Tran4 Barabara north to south
** Date (YYYY-MM-DD): 2016-07-27
** Station (eg. 9-01):  4-08
** Start time (AKDT): 12:52
** Depth (m): 28
** Comment:  R/V Edgecumbe.  Part of all-bay survey with T9 and along-bay stations (1-9).
** Comment:
# nquan = 17
# nvalues = 423                         
# units = specified
# name 0 = scan: Scan Count
# name 1 = timeJ: Julian Days
# name 2 = timeH: Time, Elapsed [hours]
# name 3 = timeM: Time, Elapsed [minutes]
# name 4 = timeS: Time, Elapsed [seconds]
# name 5 = density00: Density [density, kg/m^3]
# name 6 = specc: Specific Conductance [uS/cm]
# name 7 = sal00: Salinity, Practical [PSU]
# name 8 = depSM: Depth [salt water, m], lat = 59.00
# name 9 = oxsolML/L: Oxygen Saturation, Garcia & Gordon [ml/l]
# name 10 = potemp090C: Potential Temperature [ITS-90, deg C]
# name 11 = tv290C: Temperature [ITS-90, deg C]
# name 12 = sigma-é00: Density [sigma-theta, kg/m^3]
# name 13 = n2satML/L: Nitrogen Saturation [ml/l]
# name 14 = par: PAR/Irradiance, Biospherical/Licor
# name 15 = prdM: Pressure, Strain Gauge [db]
# name 16 = flag:  0.000e+00
# span 0 =          1,        423       
# span 1 = 209.536597, 209.537818       
# span 2 =    0.00000,    0.02931       
# span 3 =     0.0000,     1.7583       
# span 4 =      0.000,    105.500       
# span 5 =  1000.1454,  1024.1530       
# span 6 =   1742.007,  49203.370       
# span 7 =     0.9269,    31.3269       
# span 8 =     -0.100,     27.721       
# span 9 =    6.19984,    7.39394       
# span 10 =    10.3379,    13.8131      
# span 11 =    10.3411,    13.8132      
# span 12 =     0.1459,    24.0288      
# span 13 =   11.27889,   13.64066      
# span 14 = 2.5484e-01, 2.2632e+02      
# span 15 =     -0.101,     27.984      
# span 16 = 0.0000e+00, 0.0000e+00      
# interval = seconds: 0.25
# start_time = Jul 27 2016 12:52:42 [Instrument's time stamp, header]
# bad_flag = -9.990e-29
*END*
          1 209.536597    0.00000     0.0000      0.000  1000.1454   1742.007     0.9269     -0.100    7.39394    12.6348    12.6233     0.1459   13.64066 2.2582e+02     -0.101 0.0000e+00
          2 209.536600    0.00007     0.0042      0.250  1000.3441   2171.375     1.1849     -0.097    7.38204    12.6468    12.6276     0.3446   13.61721 2.2632e+02     -0.098 0.0000e+00
          3 209.536603    0.00014     0.0083      0.500  1000.6534   2832.385     1.5866     -0.092    7.36353    12.6667    12.6348     0.6538   13.58075 2.2621e+02     -0.093 0.0000e+00
          4 209.536606    0.00021     0.0125      0.750  1001.1331   3845.394     2.2103     -0.082    7.33479    12.6998    12.6468     1.1335   13.52421 2.2541e+02     -0.083 0.0000e+00
          5 209.536609    0.00028     0.0167      1.000  1001.9032   5460.706     3.2120     -0.066    7.28865    12.7550    12.6667     1.9035   13.43349 2.2388e+02     -0.067 0.0000e+00
          6 209.536612    0.00035     0.0208      1.250  1003.1630   8094.403     4.8510     -0.040    7.21316    12.8469    12.6998     3.1632   13.28511 2.2048e+02     -0.041 0.0000e+00
          7 209.536615    0.00042     0.0250      1.500  1005.2413  12431.009     7.5551      0.003    7.08862    12.9894    12.7550     5.2413   13.04036 2.1418e+02      0.003 0.0000e+00
          8 209.536617    0.00049     0.0292      1.750  1008.3654  18896.302    11.6232      0.073    6.90095    13.1712    12.8469     8.3651   12.67210 2.0416e+02      0.074 0.0000e+00
          9 209.536620    0.00056     0.0333      2.000  1011.8196  25976.526    16.1317      0.172    6.68882    13.3543    12.9894    11.8188   12.25774 1.8968e+02      0.173 0.0000e+00
         10 209.536623    0.00063     0.0375      2.250  1014.4104  31276.287    19.5314      0.284    6.51951    13.5068    13.1713    14.4091   11.92994 1.6923e+02      0.286 0.0000e+00
         11 209.536626    0.00069     0.0417      2.500  1015.9437  34434.798    21.5612      0.391    6.40859    13.6197    13.3543    15.9419   11.71782 1.4722e+02      0.395 0.0000e+00
         12 209.536629    0.00076     0.0458      2.750  1016.8448  36305.431    22.7647      0.483    6.33702    13.6970    13.5068    16.8426   11.58235 1.3374e+02      0.487 0.0000e+00
         13 209.536632    0.00083     0.0500      3.000  1017.3740  37411.765    23.4770      0.555    6.29168    13.7471    13.6198    17.3714   11.49717 1.2879e+02      0.560 0.0000e+00
         14 209.536635    0.00090     0.0542      3.250  1017.6881  38071.781    23.9024      0.609    6.26331    13.7781    13.6971    17.6853   11.44415 1.2642e+02      0.615 0.0000e+00
         15 209.536638    0.00097     0.0583      3.500  1017.8793  38473.714    24.1619      0.650    6.24565    13.7965    13.7471    17.8763   11.41122 1.2481e+02      0.656 0.0000e+00
         16 209.536641    0.00104     0.0625      3.750  1017.9977  38721.954    24.3225      0.684    6.23473    13.8066    13.7782    17.9946   11.39086 1.2357e+02      0.691 0.0000e+00
         17 209.536644    0.00111     0.0667      4.000  1018.0708  38874.614    24.4215      0.715    6.22811    13.8116    13.7966    18.0675   11.37850 1.2227e+02      0.721 0.0000e+00
         18 209.536646    0.00118     0.0708      4.250  1018.1171  38970.519    24.4838      0.744    6.22414    13.8131    13.8067    18.1137   11.37106 1.2070e+02      0.751 0.0000e+00
         19 209.536649    0.00125     0.0750      4.500  1018.1479  39033.297    24.5248      0.775    6.22177    13.8120    13.8117    18.1444   11.36657 1.1900e+02      0.783 0.0000e+00
         20 209.536652    0.00132     0.0792      4.750  1018.1684  39074.089    24.5514      0.811    6.22045    13.8083    13.8132    18.1647   11.36403 1.1717e+02      0.818 0.0000e+00
         21 209.536655    0.00139     0.0833      5.000  1018.1805  39097.553    24.5666      0.849    6.21996    13.8015    13.8121    18.1766   11.36302 1.1512e+02      0.857 0.0000e+00
         22 209.536658    0.00146     0.0875      5.250  1018.1840  39103.828    24.5701      0.885    6.22027    13.7907    13.8084    18.1800   11.36348 1.1308e+02      0.893 0.0000e+00
         23 209.536661    0.00153     0.0917      5.500  1018.1843  39102.787    24.5686      0.912    6.22119    13.7762    13.8016    18.1801   11.36501 1.1134e+02      0.921 0.0000e+00
         24 209.536664    0.00160     0.0958      5.750  1018.1945  39119.281    24.5791      0.928    6.22216    13.7605    13.7908    18.1903   11.36651 1.0983e+02      0.936 0.0000e+00
         25 209.536667    0.00167     0.1000      6.000  1018.2230  39168.903    24.6125      0.934    6.22275    13.7470    13.7763    18.2188   11.36709 1.0835e+02      0.943 0.0000e+00
         26 209.536670    0.00174     0.1042      6.250  1018.2684  39249.749    24.6676      0.939    6.22264    13.7362    13.7607    18.2641   11.36627 1.0691e+02      0.947 0.0000e+00
         27 209.536672    0.00181     0.1083      6.500  1018.3229  39348.329    24.7350      0.945    6.22179    13.7274    13.7471    18.3186   11.36405 1.0557e+02      0.953 0.0000e+00
         28 209.536675    0.00187     0.1125      6.750  1018.3721  39437.522    24.7962      0.953    6.22082    13.7201    13.7364    18.3678   11.36172 1.0432e+02      0.962 0.0000e+00
         29 209.536678    0.00194     0.1167      7.000  1018.4012  39489.727    24.8319      0.963    6.22058    13.7139    13.7276    18.3969   11.36090 1.0318e+02      0.972 0.0000e+00
         30 209.536681    0.00201     0.1208      7.250  1018.4107  39505.366    24.8422      0.973    6.22113    13.7088    13.7202    18.4063   11.36170 1.0215e+02      0.982 0.0000e+00
         31 209.536684    0.00208     0.1250      7.500  1018.4202  39521.429    24.8530      0.981    6.22152    13.7047    13.7140    18.4157   11.36222 1.0129e+02      0.991 0.0000e+00
         32 209.536687    0.00215     0.1292      7.750  1018.4466  39569.422    24.8860      0.986    6.22090    13.7010    13.7089    18.4421   11.36080 1.0073e+02      0.996 0.0000e+00
         33 209.536690    0.00222     0.1333      8.000  1018.4861  39642.315    24.9363      0.990    6.21949    13.6972    13.7048    18.4816   11.35786 1.0044e+02      1.000 0.0000e+00
         34 209.536693    0.00229     0.1375      8.250  1018.5267  39717.285    24.9881      0.992    6.21797    13.6930    13.7011    18.5222   11.35472 1.0019e+02      1.002 0.0000e+00
         35 209.536696    0.00236     0.1417      8.500  1018.5616  39781.531    25.0325      0.994    6.21674    13.6884    13.6973    18.5571   11.35216 9.9785e+01      1.004 0.0000e+00
         36 209.536698    0.00243     0.1458      8.750  1018.5919  39837.045    25.0707      0.996    6.21581    13.6836    13.6931    18.5874   11.35015 9.9178e+01      1.006 0.0000e+00
         37 209.536701    0.00250     0.1500      9.000  1018.6193  39886.985    25.1051      1.000    6.21507    13.6785    13.6885    18.6147   11.34853 9.8500e+01      1.010 0.0000e+00
         38 209.536704    0.00257     0.1542      9.250  1018.6417  39927.571    25.1330      1.006    6.21462    13.6733    13.6837    18.6371   11.34745 9.7812e+01      1.016 0.0000e+00
         39 209.536707    0.00264     0.1583      9.500  1018.6579  39956.408    25.1527      1.015    6.21452    13.6679    13.6786    18.6533   11.34704 9.6975e+01      1.025 0.0000e+00
         40 209.536710    0.00271     0.1625      9.750  1018.6668  39971.654    25.1630      1.024    6.21480    13.6625    13.6734    18.6622   11.34738 9.5941e+01      1.034 0.0000e+00
         41 209.536713    0.00278     0.1667     10.000  1018.6683  39973.050    25.1636      1.031    6.21547    13.6575    13.6680    18.6637   11.34850 9.4970e+01      1.041 0.0000e+00
         42 209.536716    0.00285     0.1708     10.250  1018.6676  39970.163    25.1613      1.032    6.21626    13.6531    13.6626    18.6629   11.34984 9.4414e+01      1.042 0.0000e+00
         43 209.536719    0.00292     0.1750     10.500  1018.6743  39981.422    25.1688      1.026    6.21662    13.6493    13.6576    18.6696   11.35035 9.4256e+01      1.036 0.0000e+00
         44 209.536722    0.00299     0.1792     10.750  1018.6926  40014.623    25.1916      1.016    6.21630    13.6455    13.6532    18.6880   11.34956 9.4034e+01      1.026 0.0000e+00
         45 209.536725    0.00306     0.1833     11.000  1018.7165  40058.195    25.2216      1.006    6.21564    13.6412    13.6494    18.7119   11.34810 9.3444e+01      1.016 0.0000e+00
         46 209.536727    0.00313     0.1875     11.250  1018.7393  40099.911    25.2504      1.000    6.21503    13.6367    13.6456    18.7348   11.34675 9.2680e+01      1.010 0.0000e+00
         47 209.536730    0.00319     0.1917     11.500  1018.7565  40130.907    25.2717      1.002    6.21476    13.6328    13.6413    18.7520   11.34606 9.1996e+01      1.011 0.0000e+00
         48 209.536733    0.00326     0.1958     11.750  1018.7610  40138.091    25.2764      1.011    6.21515    13.6292    13.6368    18.7564   11.34665 9.1385e+01      1.021 0.0000e+00
         49 209.536736    0.00333     0.2000     12.000  1018.7469  40110.572    25.2571      1.026    6.21641    13.6253    13.6329    18.7422   11.34897 9.0765e+01      1.036 0.0000e+00
         50 209.536739    0.00340     0.2042     12.250  1018.7173  40054.362    25.2178      1.040    6.21839    13.6202    13.6294    18.7126   11.35273 9.0178e+01      1.050 0.0000e+00
         51 209.536742    0.00347     0.2083     12.500  1018.6871  39996.888    25.1776      1.048    6.22045    13.6135    13.6255    18.6824   11.35664 8.9838e+01      1.058 0.0000e+00
         52 209.536745    0.00354     0.2125     12.750  1018.6738  39970.735    25.1591      1.048    6.22182    13.6062    13.6204    18.6691   11.35915 8.9949e+01      1.058 0.0000e+00
         53 209.536748    0.00361     0.2167     13.000  1018.6859  39991.581    25.1731      1.040    6.22215    13.6005    13.6137    18.6812   11.35953 9.0428e+01      1.050 0.0000e+00
         54 209.536751    0.00368     0.2208     13.250  1018.7167  40047.255    25.2113      1.028    6.22163    13.5976    13.6063    18.7120   11.35820 9.0896e+01      1.038 0.0000e+00
         55 209.536753    0.00375     0.2250     13.500  1018.7517  40111.269    25.2555      1.018    6.22066    13.5968    13.6006    18.7471   11.35607 9.1026e+01      1.027 0.0000e+00
         56 209.536756    0.00382     0.2292     13.750  1018.7806  40164.539    25.2923      1.014    6.21961    13.5967    13.5977    18.7760   11.35389 9.0846e+01      1.023 0.0000e+00
         57 209.536759    0.00389     0.2333     14.000  1018.7991  40198.811    25.3161      1.018    6.21880    13.5966    13.5969    18.7945   11.35226 9.0500e+01      1.028 0.0000e+00
         58 209.536762    0.00396     0.2375     14.250  1018.8053  40210.219    25.3240      1.031    6.21850    13.5960    13.5968    18.8006   11.35168 8.9939e+01      1.040 0.0000e+00
         59 209.536765    0.00403     0.2417     14.500  1018.7979  40196.297    25.3143      1.047    6.21889    13.5947    13.5967    18.7932   11.35244 8.9112e+01      1.057 0.0000e+00
         60 209.536768    0.00410     0.2458     14.750  1018.7779  40158.617    25.2881      1.064    6.21998    13.5926    13.5961    18.7731   11.35457 8.8265e+01      1.074 0.0000e+00
         61 209.536771    0.00417     0.2500     15.000  1018.7540  40113.528    25.2567      1.075    6.22137    13.5899    13.5948    18.7491   11.35724 8.7682e+01      1.085 0.0000e+00
         62 209.536774    0.00424     0.2542     15.250  1018.7408  40088.351    25.2390      1.077    6.22232    13.5869    13.5927    18.7359   11.35903 8.7326e+01      1.087 0.0000e+00
         63 209.536777    0.00431     0.2583     15.500  1018.7474  40100.102    25.2470      1.070    6.22236    13.5839    13.5900    18.7425   11.35900 8.6987e+01      1.080 0.0000e+00
         64 209.536780    0.00438     0.2625     15.750  1018.7716  40144.504    25.2777      1.058    6.22157    13.5814    13.5870    18.7667   11.35733 8.6534e+01      1.068 0.0000e+00
         65 209.536782    0.00444     0.2667     16.000  1018.8014  40199.478    25.3157      1.046    6.22047    13.5789    13.5841    18.7966   11.35506 8.5989e+01      1.056 0.0000e+00
         66 209.536785    0.00451     0.2708     16.250  1018.8253  40243.507    25.3462      1.039    6.21962    13.5758    13.5816    18.8205   11.35329 8.5599e+01      1.049 0.0000e+00
         67 209.536788    0.00458     0.2750     16.500  1018.8369  40264.527    25.3606      1.039    6.21939    13.5723    13.5790    18.8322   11.35274 8.5649e+01      1.049 0.0000e+00
         68 209.536791    0.00465     0.2792     16.750  1018.8307  40252.123    25.3518      1.046    6.22013    13.5683    13.5760    18.8259   11.35406 8.6076e+01      1.055 0.0000e+00
         69 209.536794    0.00472     0.2833     17.000  1018.8093  40211.205    25.3231      1.054    6.22170    13.5636    13.5725    18.8045   11.35701 8.6575e+01      1.064 0.0000e+00
         70 209.536797    0.00479     0.2875     17.250  1018.7882  40170.617    25.2946      1.061    6.22332    13.5585    13.5685    18.7833   11.36005 8.7055e+01      1.071 0.0000e+00
         71 209.536800    0.00486     0.2917     17.500  1018.7818  40157.471    25.2852      1.064    6.22429    13.5536    13.5638    18.7769   11.36178 8.7613e+01      1.074 0.0000e+00
         72 209.536803    0.00493     0.2958     17.750  1018.7930  40177.208    25.2985      1.064    6.22444    13.5500    13.5586    18.7882   11.36187 8.8146e+01      1.074 0.0000e+00
         73 209.536806    0.00500     0.3000     18.000  1018.8132  40213.600    25.3235      1.064    6.22410    13.5474    13.5538    18.8083   11.36101 8.8318e+01      1.074 0.0000e+00
         74 209.536808    0.00507     0.3042     18.250  1018.8284  40241.089    25.3424      1.065    6.22384    13.5454    13.5501    18.8236   11.36037 8.7962e+01      1.075 0.0000e+00
         75 209.536811    0.00514     0.3083     18.500  1018.8291  40241.775    25.3427      1.068    6.22416    13.5430    13.5476    18.8243   11.36089 8.7275e+01      1.078 0.0000e+00
         76 209.536814    0.00521     0.3125     18.750  1018.8170  40218.641    25.3265      1.072    6.22506    13.5399    13.5455    18.8122   11.36258 8.6662e+01      1.082 0.0000e+00
         77 209.536817    0.00528     0.3167     19.000  1018.8025  40190.823    25.3070      1.076    6.22611    13.5356    13.5432    18.7976   11.36457 8.6479e+01      1.086 0.0000e+00
         78 209.536820    0.00535     0.3208     19.250  1018.7938  40173.858    25.2950      1.077    6.22699    13.5304    13.5400    18.7889   11.36616 8.6706e+01      1.087 0.0000e+00
         79 209.536823    0.00542     0.3250     19.500  1018.7951  40175.093    25.2956      1.077    6.22753    13.5256    13.5357    18.7902   11.36705 8.6963e+01      1.087 0.0000e+00
         80 209.536826    0.00549     0.3292     19.750  1018.8055  40193.233    25.3079      1.078    6.22772    13.5222    13.5306    18.8006   11.36723 8.6888e+01      1.088 0.0000e+00
         81 209.536829    0.00556     0.3333     20.000  1018.8186  40216.493    25.3238      1.080    6.22773    13.5202    13.5258    18.8137   11.36706 8.6391e+01      1.090 0.0000e+00
         82 209.536832    0.00562     0.3375     20.250  1018.8273  40231.708    25.3341      1.084    6.22778    13.5190    13.5223    18.8224   11.36702 8.5662e+01      1.094 0.0000e+00
         83 209.536834    0.00569     0.3417     20.500  1018.8268  40230.268    25.3330      1.091    6.22807    13.5175    13.5204    18.8219   11.36752 8.4900e+01      1.101 0.0000e+00
         84 209.536837    0.00576     0.3458     20.750  1018.8175  40212.605    25.3206      1.097    6.22871    13.5150    13.5192    18.8126   11.36873 8.4058e+01      1.107 0.0000e+00
         85 209.536840    0.00583     0.3500     21.000  1018.8058  40190.258    25.3050      1.100    6.22952    13.5113    13.5176    18.8008   11.37026 8.3103e+01      1.110 0.0000e+00
