CTD-processing/allCTD/CNV--homogene/2016-05-11-stevekibler-cast224.cnv
* Sea-Bird SBE19plus Data File:
* FileName = C:\Users\Kris.Holderied\Documents\kasitsna\Research-KBL\Oceanography-AK\CTD-Data-ALL-to-2016-02\2016-CTD-KachemakBay-CookInlet\2016-04-CookInlet-quarterly\2016-05-11-SteveKibler\2016-05-11-SteveKibler-cast224.hex
* Software Version 1.59
* Temperature SN =  5028
* Conductivity SN =  5028
* System UpLoad Time = May 12 2016 11:49:09
** Steve Kibler CTD profiles
** Date (YYYY-MM-DD): 2016-05-11
** Station (ie. 9-01):  to add
** Start time (AKST): to add
** Depth (m): to add
** Comment:  6 total casts
** Comment:
# nquan = 17
# nvalues = 290                         
# units = specified
# name 0 = scan: Scan Count
# name 1 = timeJ: Julian Days
# name 2 = timeH: Time, Elapsed [hours]
# name 3 = timeM: Time, Elapsed [minutes]
# name 4 = timeS: Time, Elapsed [seconds]
# name 5 = density00: Density [density, kg/m^3]
# name 6 = specc: Specific Conductance [uS/cm]
# name 7 = sal00: Salinity, Practical [PSU]
# name 8 = depSM: Depth [salt water, m], lat = 59.00
# name 9 = oxsolML/L: Oxygen Saturation, Garcia & Gordon [ml/l]
# name 10 = potemp090C: Potential Temperature [ITS-90, deg C]
# name 11 = tv290C: Temperature [ITS-90, deg C]
# name 12 = sigma-é00: Density [sigma-theta, kg/m^3]
# name 13 = n2satML/L: Nitrogen Saturation [ml/l]
# name 14 = par: PAR/Irradiance, Biospherical/Licor
# name 15 = prdM: Pressure, Strain Gauge [db]
# name 16 = flag:  0.000e+00
# span 0 =          1,        290       
# span 1 = 132.741470, 132.742306       
# span 2 =    0.00000,    0.02007       
# span 3 =     0.0000,     1.2042       
# span 4 =      0.000,     72.250       
# span 5 =  1024.0217,  1024.4650       
# span 6 =  48970.218,  49733.084       
# span 7 =    30.8386,    31.3142       
# span 8 =      0.498,      9.536       
# span 9 =    6.79457,    6.87999       
# span 10 =     7.2530,     7.7915      
# span 11 =     7.2538,     7.9138      
# span 12 =    24.0194,    24.4417      
# span 13 =   12.24180,   12.37818      
# span 14 = 2.3875e+01, 2.7343e+02      
# span 15 =      0.503,      9.626      
# span 16 = 0.0000e+00, 0.0000e+00      
# interval = seconds: 0.25
# start_time = May 11 2016 17:47:43 [Instrument's time stamp, header]
# bad_flag = -9.990e-29
*END*
[from data line 171]
        172 132.741965    0.01188     0.7125     42.750  1024.3149  49498.033    31.1805      0.832    6.80518     7.7473     7.7470    24.3111   12.25510 1.7362e+02      0.840 0.0000e+00
        173 132.741968    0.01194     0.7167     43.000  1024.3144  49497.239    31.1799      0.825    6.80522     7.7478     7.7469    24.3106   12.25518 1.7436e+02      0.833 0.0000e+00
        174 132.741970    0.01201     0.7208     43.250  1024.3103  49489.662    31.1747      0.818    6.80538     7.7479     7.7474    24.3065   12.25551 1.7499e+02      0.826 0.0000e+00
        175 132.741973    0.01208     0.7250     43.500  1024.3057  49481.353    31.1690      0.814    6.80556     7.7478     7.7478    24.3019   12.25589 1.7565e+02      0.821 0.0000e+00
        176 132.741976    0.01215     0.7292     43.750  1024.3045  49479.232    31.1676      0.813    6.80561     7.7481     7.7480    24.3008   12.25597 1.7594e+02      0.820 0.0000e+00
        177 132.741979    0.01222     0.7333     44.000  1024.3077  49484.941    31.1715      0.814    6.80544     7.7496     7.7479    24.3039   12.25565 1.7544e+02      0.822 0.0000e+00
        178 132.741982    0.01229     0.7375     44.250  1024.3124  49493.495    31.1775      0.815    6.80513     7.7531     7.7482    24.3086   12.25507 1.7466e+02      0.823 0.0000e+00
        179 132.741985    0.01236     0.7417     44.500  1024.3142  49496.923    31.1802      0.814    6.80478     7.7579     7.7497    24.3104   12.25446 1.7407e+02      0.822 0.0000e+00
        180 132.741988    0.01243     0.7458     44.750  1024.3102  49489.798    31.1758      0.811    6.80443     7.7620     7.7532    24.3065   12.25393 1.7380e+02      0.819 0.0000e+00
        181 132.741991    0.01250     0.7500     45.000  1024.3018  49474.607    31.1659      0.809    6.80412     7.7642     7.7580    24.2981   12.25354 1.7342e+02      0.817 0.0000e+00
        182 132.741994    0.01257     0.7542     45.250  1024.2940  49460.411    31.1567      0.808    6.80390     7.7647     7.7621    24.2902   12.25329 1.7300e+02      0.816 0.0000e+00
        183 132.741997    0.01264     0.7583     45.500  1024.2909  49454.872    31.1532      0.810    6.80372     7.7647     7.7643    24.2872   12.25303 1.7289e+02      0.818 0.0000e+00
        184 132.741999    0.01271     0.7625     45.750  1024.2933  49459.178    31.1563      0.813    6.80350     7.7655     7.7648    24.2895   12.25263 1.7300e+02      0.820 0.0000e+00
        185 132.742002    0.01278     0.7667     46.000  1024.2981  49467.904    31.1623      0.814    6.80323     7.7680     7.7648    24.2943   12.25212 1.7364e+02      0.821 0.0000e+00
        186 132.742005    0.01285     0.7708     46.250  1024.3005  49472.371    31.1656      0.812    6.80297     7.7716     7.7655    24.2968   12.25164 1.7462e+02      0.819 0.0000e+00
        187 132.742008    0.01292     0.7750     46.500  1024.2974  49466.740    31.1620      0.807    6.80273     7.7743     7.7681    24.2937   12.25128 1.7586e+02      0.815 0.0000e+00
        188 132.742011    0.01299     0.7792     46.750  1024.2902  49453.702    31.1535      0.802    6.80255     7.7750     7.7717    24.2865   12.25109 1.7721e+02      0.810 0.0000e+00
        189 132.742014    0.01306     0.7833     47.000  1024.2839  49442.347    31.1460      0.800    6.80246     7.7742     7.7744    24.2802   12.25104 1.7776e+02      0.807 0.0000e+00
        190 132.742017    0.01313     0.7875     47.250  1024.2825  49439.878    31.1444      0.800    6.80242     7.7731     7.7751    24.2788   12.25099 1.7751e+02      0.808 0.0000e+00
        191 132.742020    0.01319     0.7917     47.500  1024.2862  49446.485    31.1489      0.802    6.80235     7.7730     7.7743    24.2825   12.25082 1.7678e+02      0.810 0.0000e+00
        192 132.742023    0.01326     0.7958     47.750  1024.2912  49455.606    31.1551      0.802    6.80225     7.7743     7.7732    24.2875   12.25058 1.7585e+02      0.810 0.0000e+00
        193 132.742025    0.01333     0.8000     48.000  1024.2929  49458.840    31.1573      0.799    6.80217     7.7760     7.7730    24.2893   12.25042 1.7529e+02      0.807 0.0000e+00
        194 132.742028    0.01340     0.8042     48.250  1024.2898  49453.136    31.1536      0.795    6.80213     7.7768     7.7743    24.2861   12.25041 1.7563e+02      0.803 0.0000e+00
        195 132.742031    0.01347     0.8083     48.500  1024.2843  49443.159    31.1469      0.791    6.80216     7.7761     7.7761    24.2807   12.25054 1.7664e+02      0.799 0.0000e+00
        196 132.742034    0.01354     0.8125     48.750  1024.2802  49435.628    31.1417      0.790    6.80228     7.7745     7.7768    24.2765   12.25080 1.7732e+02      0.797 0.0000e+00
        197 132.742037    0.01361     0.8167     49.000  1024.2794  49434.189    31.1406      0.792    6.80244     7.7728     7.7761    24.2757   12.25107 1.7724e+02      0.800 0.0000e+00
        198 132.742040    0.01368     0.8208     49.250  1024.2820  49438.793    31.1436      0.797    6.80255     7.7716     7.7745    24.2783   12.25122 1.7666e+02      0.805 0.0000e+00
        199 132.742043    0.01375     0.8250     49.500  1024.2866  49447.192    31.1492      0.805    6.80256     7.7709     7.7729    24.2829   12.25117 1.7593e+02      0.813 0.0000e+00
        200 132.742046    0.01382     0.8292     49.750  1024.2916  49456.292    31.1553      0.812    6.80248     7.7709     7.7716    24.2879   12.25096 1.7521e+02      0.820 0.0000e+00
        201 132.742049    0.01389     0.8333     50.000  1024.2949  49462.242    31.1594      0.816    6.80240     7.7713     7.7710    24.2911   12.25077 1.7440e+02      0.824 0.0000e+00
        202 132.742052    0.01396     0.8375     50.250  1024.2950  49462.385    31.1595      0.818    6.80240     7.7716     7.7710    24.2912   12.25077 1.7367e+02      0.826 0.0000e+00
        203 132.742054    0.01403     0.8417     50.500  1024.2923  49457.371    31.1560      0.818    6.80249     7.7717     7.7713    24.2885   12.25097 1.7354e+02      0.825 0.0000e+00
        204 132.742057    0.01410     0.8458     50.750  1024.2884  49450.334    31.1512      0.817    6.80265     7.7713     7.7717    24.2846   12.25129 1.7352e+02      0.824 0.0000e+00
        205 132.742060    0.01417     0.8500     51.000  1024.2851  49444.398    31.1470      0.817    6.80283     7.7704     7.7718    24.2814   12.25163 1.7284e+02      0.824 0.0000e+00
        206 132.742063    0.01424     0.8542     51.250  1024.2834  49441.296    31.1448      0.819    6.80299     7.7696     7.7713    24.2797   12.25193 1.7163e+02      0.826 0.0000e+00
        207 132.742066    0.01431     0.8583     51.500  1024.2839  49442.048    31.1452      0.823    6.80310     7.7692     7.7705    24.2801   12.25211 1.7051e+02      0.831 0.0000e+00
        208 132.742069    0.01438     0.8625     51.750  1024.2865  49446.693    31.1483      0.830    6.80310     7.7697     7.7696    24.2827   12.25207 1.7018e+02      0.838 0.0000e+00
        209 132.742072    0.01444     0.8667     52.000  1024.2901  49453.352    31.1529      0.837    6.80296     7.7713     7.7692    24.2863   12.25178 1.7043e+02      0.845 0.0000e+00
        210 132.742075    0.01451     0.8708     52.250  1024.2929  49458.321    31.1565      0.842    6.80272     7.7738     7.7698    24.2890   12.25134 1.7085e+02      0.850 0.0000e+00
        211 132.742078    0.01458     0.8750     52.500  1024.2924  49457.447    31.1561      0.843    6.80248     7.7763     7.7714    24.2885   12.25096 1.7144e+02      0.851 0.0000e+00
        212 132.742080    0.01465     0.8792     52.750  1024.2884  49450.155    31.1514      0.843    6.80231     7.7777     7.7739    24.2845   12.25072 1.7153e+02      0.851 0.0000e+00
        213 132.742083    0.01472     0.8833     53.000  1024.2834  49441.117    31.1455      0.842    6.80219     7.7780     7.7763    24.2795   12.25060 1.7069e+02      0.850 0.0000e+00
        214 132.742086    0.01479     0.8875     53.250  1024.2806  49435.981    31.1422      0.842    6.80211     7.7776     7.7778    24.2767   12.25051 1.6981e+02      0.850 0.0000e+00
        215 132.742089    0.01486     0.8917     53.500  1024.2810  49436.702    31.1427      0.842    6.80204     7.7767     7.7781    24.2771   12.25039 1.6906e+02      0.850 0.0000e+00
        216 132.742092    0.01493     0.8958     53.750  1024.2833  49440.947    31.1456      0.842    6.80198     7.7758     7.7777    24.2794   12.25025 1.6820e+02      0.850 0.0000e+00
        217 132.742095    0.01500     0.9000     54.000  1024.2856  49445.126    31.1484      0.843    6.80198     7.7749     7.7768    24.2817   12.25023 1.6786e+02      0.851 0.0000e+00
        218 132.742098    0.01507     0.9042     54.250  1024.2868  49447.255    31.1497      0.843    6.80208     7.7743     7.7758    24.2829   12.25036 1.6835e+02      0.851 0.0000e+00
        219 132.742101    0.01514     0.9083     54.500  1024.2870  49447.662    31.1498      0.844    6.80220     7.7739     7.7750    24.2831   12.25057 1.6937e+02      0.852 0.0000e+00
        220 132.742104    0.01521     0.9125     54.750  1024.2873  49448.212    31.1501      0.845    6.80229     7.7739     7.7744    24.2834   12.25070 1.7040e+02      0.853 0.0000e+00
        221 132.742106    0.01528     0.9167     55.000  1024.2882  49449.804    31.1512      0.845    6.80230     7.7741     7.7740    24.2843   12.25071 1.7151e+02      0.853 0.0000e+00
        222 132.742109    0.01535     0.9208     55.250  1024.2888  49450.864    31.1519      0.843    6.80227     7.7743     7.7740    24.2849   12.25065 1.7268e+02      0.851 0.0000e+00
        223 132.742112    0.01542     0.9250     55.500  1024.2880  49449.442    31.1510      0.841    6.80227     7.7741     7.7742    24.2841   12.25066 1.7333e+02      0.849 0.0000e+00
        224 132.742115    0.01549     0.9292     55.750  1024.2860  49445.934    31.1485      0.839    6.80235     7.7735     7.7744    24.2822   12.25083 1.7344e+02      0.847 0.0000e+00
        225 132.742118    0.01556     0.9333     56.000  1024.2846  49443.238    31.1466      0.838    6.80247     7.7728     7.7742    24.2807   12.25105 1.7332e+02      0.846 0.0000e+00
        226 132.742121    0.01563     0.9375     56.250  1024.2849  49443.867    31.1470      0.838    6.80255     7.7721     7.7736    24.2810   12.25117 1.7327e+02      0.846 0.0000e+00
        227 132.742124    0.01569     0.9417     56.500  1024.2869  49447.496    31.1494      0.839    6.80255     7.7716     7.7729    24.2830   12.25114 1.7360e+02      0.847 0.0000e+00
        228 132.742127    0.01576     0.9458     56.750  1024.2894  49451.950    31.1524      0.840    6.80252     7.7714     7.7722    24.2855   12.25106 1.7415e+02      0.848 0.0000e+00
        229 132.742130    0.01583     0.9500     57.000  1024.2910  49454.846    31.1543      0.840    6.80251     7.7714     7.7717    24.2871   12.25102 1.7453e+02      0.847 0.0000e+00
        230 132.742133    0.01590     0.9542     57.250  1024.2909  49454.653    31.1541      0.838    6.80256     7.7713     7.7714    24.2870   12.25110 1.7432e+02      0.846 0.0000e+00
        231 132.742135    0.01597     0.9583     57.500  1024.2892  49451.634    31.1520      0.835    6.80265     7.7707     7.7714    24.2853   12.25128 1.7353e+02      0.843 0.0000e+00
        232 132.742138    0.01604     0.9625     57.750  1024.2870  49447.654    31.1493      0.833    6.80279     7.7697     7.7713    24.2832   12.25155 1.7323e+02      0.840 0.0000e+00
        233 132.742141    0.01611     0.9667     58.000  1024.2853  49444.643    31.1471      0.831    6.80298     7.7683     7.7708    24.2815   12.25188 1.7355e+02      0.838 0.0000e+00
        234 132.742144    0.01618     0.9708     58.250  1024.2847  49443.529    31.1461      0.830    6.80318     7.7670     7.7697    24.2809   12.25223 1.7407e+02      0.838 0.0000e+00
        235 132.742147    0.01625     0.9750     58.500  1024.2850  49444.050    31.1463      0.830    6.80338     7.7654     7.7684    24.2812   12.25256 1.7471e+02      0.838 0.0000e+00
        236 132.742150    0.01632     0.9792     58.750  1024.2851  49444.220    31.1462      0.830    6.80360     7.7630     7.7670    24.2813   12.25292 1.7493e+02      0.837 0.0000e+00
        237 132.742153    0.01639     0.9833     59.000  1024.2831  49440.553    31.1434      0.828    6.80397     7.7585     7.7655    24.2793   12.25356 1.7481e+02      0.835 0.0000e+00
        238 132.742156    0.01646     0.9875     59.250  1024.2774  49429.964    31.1356      0.826    6.80469     7.7503     7.7631    24.2735   12.25485 1.7477e+02      0.833 0.0000e+00
        239 132.742159    0.01653     0.9917     59.500  1024.2673  49411.421    31.1220      0.826    6.80599     7.7358     7.7586    24.2634   12.25717 1.7472e+02      0.833 0.0000e+00
        240 132.742161    0.01660     0.9958     59.750  1024.2528  49384.846    31.1021      0.827    6.80816     7.7115     7.7504    24.2490   12.26101 1.7436e+02      0.835 0.0000e+00
        241 132.742164    0.01667     1.0000     60.000  1024.2326  49347.484    31.0737      0.830    6.81168     7.6749     7.7359    24.2287   12.26718 1.7362e+02      0.838 0.0000e+00
        242 132.742167    0.01674     1.0042     60.250  1024.2088  49303.558    31.0392      0.833    6.81700     7.6306     7.7116    24.2049   12.27642 1.7311e+02      0.841 0.0000e+00
        243 132.742170    0.01681     1.0083     60.500  1024.1946  49276.843    31.0147      0.834    6.82380     7.5890     7.6750    24.1907   12.28796 1.7381e+02      0.842 0.0000e+00
        244 132.742173    0.01688     1.0125     60.750  1024.1988  49283.620    31.0123      0.833    6.83081     7.5571     7.6307    24.1949   12.29960 1.7518e+02      0.841 0.0000e+00
        245 132.742176    0.01694     1.0167     61.000  1024.2134  49309.517    31.0236      0.830    6.83679     7.5349     7.5891    24.2095   12.30935 1.7568e+02      0.838 0.0000e+00
        246 132.742179    0.01701     1.0208     61.250  1024.2277  49335.167    31.0363      0.827    6.84122     7.5202     7.5571    24.2239   12.31651 1.7492e+02      0.835 0.0000e+00
        247 132.742182    0.01708     1.0250     61.500  1024.2385  49354.544    31.0462      0.827    6.84424     7.5114     7.5349    24.2347   12.32140 1.7369e+02      0.835 0.0000e+00
        248 132.742185    0.01715     1.0292     61.750  1024.2460  49367.976    31.0532      0.829    6.84622     7.5075     7.5202    24.2422   12.32459 1.7317e+02      0.837 0.0000e+00
        249 132.742188    0.01722     1.0333     62.000  1024.2505  49375.937    31.0573      0.833    6.84741     7.5065     7.5115    24.2466   12.32649 1.7364e+02      0.840 0.0000e+00
        250 132.742190    0.01729     1.0375     62.250  1024.2519  49378.555    31.0585      0.836    6.84797     7.5064     7.5076    24.2481   12.32741 1.7470e+02      0.843 0.0000e+00
        251 132.742193    0.01736     1.0417     62.500  1024.2515  49377.676    31.0578      0.837    6.84816     7.5063     7.5066    24.2476   12.32773 1.7538e+02      0.844 0.0000e+00
        252 132.742196    0.01743     1.0458     62.750  1024.2505  49375.932    31.0565      0.835    6.84822     7.5059     7.5065    24.2467   12.32785 1.7512e+02      0.843 0.0000e+00
        253 132.742199    0.01750     1.0500     63.000  1024.2499  49374.750    31.0557      0.834    6.84828     7.5052     7.5064    24.2460   12.32795 1.7435e+02      0.842 0.0000e+00
        254 132.742202    0.01757     1.0542     63.250  1024.2496  49374.272    31.0553      0.836    6.84836     7.5045     7.5059    24.2458   12.32810 1.7338e+02      0.843 0.0000e+00
        255 132.742205    0.01764     1.0583     63.500  1024.2495  49374.053    31.0550      0.841    6.84848     7.5039     7.5053    24.2456   12.32829 1.7284e+02      0.849 0.0000e+00
