CTD-processing/allCTD/CNV--homogene/2016_02-14_t3_s10_cast103.cnv
* Sea-Bird SBE19plus Data File:
* FileName = C:\Users\Kris.Holderied\Documents\kasitsna\Research-KBL\Oceanography-AK\CTD-Data-ALL-to-2016-02\2016-CTD-KachemakBay-CookInlet\2016-02-CookInlet-quarterly\2016-02-14-CookInlet-Tran3-AnchorPt\2016-02-14-CookInlet-Tran3-cast103.hex
* Software Version 1.59
* Temperature SN =  5028
* Conductivity SN =  5028
* System UpLoad Time = Feb 15 2016 00:32:16
** Cook Inlet LTM Tran3 Anchor Pt Southeast to northwest

** Date: 02-14
** Station: 3-10
** Start time (AKST): 15:11
** Depth (m): 46
** Comment:  R/V Pandalus
** Comment:
# nquan = 17
# nvalues = 394                         
# units = specified
# name 0 = scan: Scan Count
# name 1 = timeJ: Julian Days
# name 2 = timeH: Time, Elapsed [hours]
# name 3 = timeM: Time, Elapsed [minutes]
# name 4 = timeS: Time, Elapsed [seconds]
# name 5 = density00: Density [density, kg/m^3]
# name 6 = specc: Specific Conductance [uS/cm]
# name 7 = sal00: Salinity, Practical [PSU]
# name 8 = depSM: Depth [salt water, m], lat = 59.00
# name 9 = oxsolML/L: Oxygen Saturation, Garcia & Gordon [ml/l]
# name 10 = potemp090C: Potential Temperature [ITS-90, deg C]
# name 11 = tv290C: Temperature [ITS-90, deg C]
# name 12 = sigma-é00: Density [sigma-theta, kg/m^3]
# name 13 = n2satML/L: Nitrogen Saturation [ml/l]
# name 14 = par: PAR/Irradiance, Biospherical/Licor
# name 15 = prdM: Pressure, Strain Gauge [db]
# name 16 = flag:  0.000e+00
# span 0 =          1,        394       
# span 1 =  45.632859,  45.633996       
# span 2 =    0.00000,    0.02729       
# span 3 =     0.0000,     1.6375       
# span 4 =      0.000,     98.250       
# span 5 =  1000.1018,  1024.8075       
# span 6 =    348.309,  50163.989       
# span 7 =     0.1595,    31.1160       
# span 8 =     -0.270,     46.043       
# span 9 =    7.25313,    9.11930       
# span 10 =     4.1423,     5.0343      
# span 11 =     4.1423,     5.0376      
# span 12 =     0.1032,    24.5968      
# span 13 =   12.99642,   16.55949      
# span 14 = 3.7976e-02, 4.2694e+01      
# span 15 =     -0.272,     46.483      
# span 16 = 0.0000e+00, 0.0000e+00      
# interval = seconds: 0.25
# start_time = Feb 14 2016 15:11:19 [Instrument's time stamp, header]
# bad_flag = -9.990e-29
*END*
[from data line 86]
         87  45.633108    0.00597     0.3583     21.500  1024.5118  50000.020    30.9728      0.908    7.30586     4.7728     4.7751    24.5075   13.08534 1.3707e+01      0.916 0.0000e+00
         88  45.633111    0.00604     0.3625     21.750  1024.5243  50023.929    30.9883      0.862    7.30582     4.7803     4.7710    24.5202   13.08507 1.4732e+01      0.870 0.0000e+00
         89  45.633113    0.00611     0.3667     22.000  1024.5333  50040.546    31.0001      0.829    7.30492     4.7909     4.7728    24.5293   13.08343 1.5072e+01      0.837 0.0000e+00
         90  45.633116    0.00618     0.3708     22.250  1024.5366  50045.814    31.0054      0.824    7.30334     4.8012     4.7804    24.5327   13.08075 1.4617e+01      0.832 0.0000e+00
         91  45.633119    0.00625     0.3750     22.500  1024.5322  50036.180    31.0010      0.852    7.30168     4.8080     4.7910    24.5282   13.07807 1.3500e+01      0.860 0.0000e+00
         92  45.633122    0.00632     0.3792     22.750  1024.5201  50012.153    30.9868      0.904    7.30057     4.8091     4.8013    24.5158   13.07643 1.2094e+01      0.913 0.0000e+00
         93  45.633125    0.00639     0.3833     23.000  1024.5036  49980.327    30.9664      0.966    7.30037     4.8030     4.8081    24.4990   13.07636 1.0781e+01      0.975 0.0000e+00
         94  45.633128    0.00646     0.3875     23.250  1024.4901  49954.867    30.9492      1.021    7.30102     4.7907     4.8092    24.4852   13.07766 9.8292e+00      1.031 0.0000e+00
         95  45.633131    0.00653     0.3917     23.500  1024.4870  49949.757    30.9444      1.058    7.30233     4.7766     4.8031    24.4821   13.07989 9.4391e+00      1.068 0.0000e+00
         96  45.633134    0.00660     0.3958     23.750  1024.4948  49965.538    30.9525      1.068    7.30409     4.7652     4.7908    24.4898   13.08268 9.7551e+00      1.078 0.0000e+00
         97  45.633137    0.00667     0.4000     24.000  1024.5076  49990.996    30.9669      1.049    7.30587     4.7589     4.7766    24.5027   13.08544 1.0798e+01      1.059 0.0000e+00
         98  45.633139    0.00674     0.4042     24.250  1024.5205  50016.535    30.9820      1.004    7.30715     4.7589     4.7652    24.5158   13.08735 1.2386e+01      1.014 0.0000e+00
         99  45.633142    0.00681     0.4083     24.500  1024.5312  50037.526    30.9950      0.939    7.30762     4.7656     4.7589    24.5267   13.08796 1.4184e+01      0.948 0.0000e+00
        100  45.633145    0.00688     0.4125     24.750  1024.5385  50051.603    31.0047      0.868    7.30714     4.7774     4.7590    24.5344   13.08704 1.5728e+01      0.876 0.0000e+00
        101  45.633148    0.00694     0.4167     25.000  1024.5421  50057.923    31.0105      0.803    7.30568     4.7913     4.7657    24.5383   13.08455 1.6625e+01      0.811 0.0000e+00
        102  45.633151    0.00701     0.4208     25.250  1024.5413  50055.461    31.0113      0.760    7.30356     4.8047     4.7774    24.5378   13.08105 1.6797e+01      0.767 0.0000e+00
        103  45.633154    0.00708     0.4250     25.500  1024.5364  50044.740    31.0070      0.747    7.30133     4.8158     4.7913    24.5329   13.07742 1.6281e+01      0.754 0.0000e+00
        104  45.633157    0.00715     0.4292     25.750  1024.5281  50027.575    30.9981      0.768    7.29942     4.8234     4.8047    24.5245   13.07437 1.5178e+01      0.775 0.0000e+00
        105  45.633160    0.00722     0.4333     26.000  1024.5165  50004.409    30.9846      0.820    7.29813     4.8263     4.8158    24.5126   13.07241 1.3775e+01      0.827 0.0000e+00
        106  45.633163    0.00729     0.4375     26.250  1024.5014  49975.141    30.9662      0.893    7.29770     4.8235     4.8234    24.4972   13.07194 1.2315e+01      0.901 0.0000e+00
        107  45.633166    0.00736     0.4417     26.500  1024.4852  49944.267    30.9457      0.973    7.29818     4.8141     4.8263    24.4807   13.07301 1.0946e+01      0.982 0.0000e+00
        108  45.633168    0.00743     0.4458     26.750  1024.4741  49923.536    30.9308      1.046    7.29940     4.7990     4.8235    24.4692   13.07521 9.8749e+00      1.056 0.0000e+00
        109  45.633171    0.00750     0.4500     27.000  1024.4735  49923.152    30.9285      1.100    7.30116     4.7822     4.8141    24.4684   13.07816 9.3019e+00      1.111 0.0000e+00
        110  45.633174    0.00757     0.4542     27.250  1024.4827  49941.788    30.9380      1.125    7.30334     4.7676     4.7991    24.4775   13.08164 9.3401e+00      1.136 0.0000e+00
        111  45.633177    0.00764     0.4583     27.500  1024.4967  49969.702    30.9535      1.115    7.30555     4.7576     4.7823    24.4915   13.08508 1.0035e+01      1.126 0.0000e+00
        112  45.633180    0.00771     0.4625     27.750  1024.5116  49999.290    30.9706      1.073    7.30729     4.7538     4.7677    24.5065   13.08772 1.1335e+01      1.083 0.0000e+00
        113  45.633183    0.00778     0.4667     28.000  1024.5254  50026.514    30.9872      1.004    7.30823     4.7570     4.7577    24.5207   13.08905 1.3003e+01      1.014 0.0000e+00
        114  45.633186    0.00785     0.4708     28.250  1024.5360  50047.273    31.0006      0.922    7.30825     4.7670     4.7539    24.5317   13.08891 1.4596e+01      0.931 0.0000e+00
        115  45.633189    0.00792     0.4750     28.500  1024.5422  50058.785    31.0092      0.843    7.30726     4.7810     4.7571    24.5382   13.08716 1.5658e+01      0.851 0.0000e+00
        116  45.633192    0.00799     0.4792     28.750  1024.5423  50058.270    31.0110      0.783    7.30541     4.7949     4.7671    24.5386   13.08409 1.6003e+01      0.791 0.0000e+00
        117  45.633194    0.00806     0.4833     29.000  1024.5342  50041.930    31.0029      0.753    7.30334     4.8053     4.7811    24.5307   13.08079 1.5692e+01      0.760 0.0000e+00
        118  45.633197    0.00813     0.4875     29.250  1024.5177  50009.659    30.9838      0.751    7.30183     4.8099     4.7950    24.5141   13.07855 1.4948e+01      0.759 0.0000e+00
        119  45.633200    0.00819     0.4917     29.500  1024.4969  49969.929    30.9588      0.773    7.30124     4.8080     4.8053    24.4932   13.07788 1.4031e+01      0.781 0.0000e+00
        120  45.633203    0.00826     0.4958     29.750  1024.4803  49938.314    30.9381      0.811    7.30143     4.8002     4.8100    24.4764   13.07846 1.3068e+01      0.818 0.0000e+00
        121  45.633206    0.00833     0.5000     30.000  1024.4734  49925.602    30.9290      0.857    7.30221     4.7894     4.8080    24.4694   13.07988 1.2086e+01      0.864 0.0000e+00
        122  45.633209    0.00840     0.5042     30.250  1024.4757  49930.456    30.9306      0.905    7.30350     4.7790     4.8002    24.4715   13.08199 1.1150e+01      0.913 0.0000e+00
        123  45.633212    0.00847     0.5083     30.500  1024.4829  49944.710    30.9381      0.952    7.30503     4.7708     4.7895    24.4785   13.08442 1.0337e+01      0.960 0.0000e+00
        124  45.633215    0.00854     0.5125     30.750  1024.4912  49960.914    30.9469      0.993    7.30644     4.7651     4.7790    24.4866   13.08662 9.6868e+00      1.002 0.0000e+00
        125  45.633218    0.00861     0.5167     31.000  1024.4986  49975.361    30.9550      1.025    7.30749     4.7618     4.7708    24.4938   13.08825 9.2304e+00      1.034 0.0000e+00
        126  45.633220    0.00868     0.5208     31.250  1024.5047  49987.051    30.9618      1.044    7.30814     4.7602     4.7652    24.4998   13.08925 9.0162e+00      1.054 0.0000e+00
        127  45.633223    0.00875     0.5250     31.500  1024.5099  49997.052    30.9679      1.048    7.30843     4.7605     4.7619    24.5050   13.08965 9.0973e+00      1.058 0.0000e+00
        128  45.633226    0.00882     0.5292     31.750  1024.5155  50007.737    30.9748      1.036    7.30836     4.7630     4.7603    24.5106   13.08944 9.5281e+00      1.045 0.0000e+00
        129  45.633229    0.00889     0.5333     32.000  1024.5219  50019.723    30.9831      1.009    7.30791     4.7685     4.7606    24.5171   13.08859 1.0346e+01      1.019 0.0000e+00
        130  45.633232    0.00896     0.5375     32.250  1024.5275  50030.013    30.9907      0.972    7.30709     4.7772     4.7631    24.5229   13.08714 1.1504e+01      0.981 0.0000e+00
        131  45.633235    0.00903     0.5417     32.500  1024.5306  50035.396    30.9956      0.930    7.30589     4.7878     4.7686    24.5262   13.08509 1.2803e+01      0.939 0.0000e+00
        132  45.633238    0.00910     0.5458     32.750  1024.5311  50035.574    30.9976      0.889    7.30427     4.7987     4.7772    24.5269   13.08238 1.3914e+01      0.897 0.0000e+00
        133  45.633241    0.00917     0.5500     33.000  1024.5292  50030.998    30.9968      0.857    7.30243     4.8079     4.7879    24.5252   13.07936 1.4481e+01      0.865 0.0000e+00
        134  45.633244    0.00924     0.5542     33.250  1024.5245  50020.930    30.9923      0.847    7.30075     4.8141     4.7987    24.5205   13.07665 1.4338e+01      0.854 0.0000e+00
        135  45.633247    0.00931     0.5583     33.500  1024.5161  50004.346    30.9829      0.863    7.29958     4.8160     4.8080    24.5121   13.07485 1.3630e+01      0.870 0.0000e+00
        136  45.633249    0.00937     0.5625     33.750  1024.5039  49980.790    30.9681      0.899    7.29921     4.8122     4.8142    24.4997   13.07443 1.2690e+01      0.908 0.0000e+00
        137  45.633252    0.00944     0.5667     34.000  1024.4901  49954.737    30.9507      0.944    7.29973     4.8019     4.8161    24.4857   13.07551 1.1880e+01      0.953 0.0000e+00
        138  45.633255    0.00951     0.5708     34.250  1024.4814  49938.869    30.9390      0.980    7.30098     4.7869     4.8123    24.4768   13.07772 1.1465e+01      0.989 0.0000e+00
        139  45.633258    0.00958     0.5750     34.500  1024.4834  49943.554    30.9399      0.999    7.30275     4.7718     4.8020    24.4786   13.08063 1.1520e+01      1.008 0.0000e+00
        140  45.633261    0.00965     0.5792     34.750  1024.4947  49966.365    30.9523      0.998    7.30478     4.7611     4.7870    24.4900   13.08382 1.1878e+01      1.007 0.0000e+00
        141  45.633264    0.00972     0.5833     35.000  1024.5099  49996.347    30.9696      0.981    7.30658     4.7572     4.7719    24.5053   13.08658 1.2164e+01      0.991 0.0000e+00
        142  45.633267    0.00979     0.5875     35.250  1024.5227  50021.538    30.9845      0.958    7.30774     4.7601     4.7612    24.5182   13.08829 1.2040e+01      0.967 0.0000e+00
        143  45.633270    0.00986     0.5917     35.500  1024.5290  50033.822    30.9921      0.939    7.30805     4.7663     4.7573    24.5246   13.08869 1.1512e+01      0.948 0.0000e+00
        144  45.633273    0.00993     0.5958     35.750  1024.5271  50029.910    30.9900      0.931    7.30765     4.7720     4.7601    24.5227   13.08806 1.0922e+01      0.940 0.0000e+00
        145  45.633275    0.01000     0.6000     36.000  1024.5183  50012.989    30.9798      0.926    7.30705     4.7744     4.7664    24.5139   13.08721 1.0675e+01      0.935 0.0000e+00
        146  45.633278    0.01007     0.6042     36.250  1024.5089  49994.974    30.9687      0.916    7.30660     4.7737     4.7720    24.5046   13.08661 1.1062e+01      0.925 0.0000e+00
        147  45.633281    0.01014     0.6083     36.500  1024.5053  49988.103    30.9646      0.901    7.30637     4.7724     4.7745    24.5010   13.08629 1.2096e+01      0.910 0.0000e+00
        148  45.633284    0.01021     0.6125     36.750  1024.5098  49996.658    30.9703      0.882    7.30622     4.7738     4.7738    24.5056   13.08596 1.3285e+01      0.891 0.0000e+00
        149  45.633287    0.01028     0.6167     37.000  1024.5203  50016.347    30.9835      0.866    7.30580     4.7794     4.7725    24.5162   13.08509 1.3885e+01      0.875 0.0000e+00
        150  45.633290    0.01035     0.6208     37.250  1024.5315  50036.919    30.9978      0.865    7.30485     4.7881     4.7738    24.5275   13.08335 1.3509e+01      0.874 0.0000e+00
        151  45.633293    0.01042     0.6250     37.500  1024.5373  50046.793    31.0058      0.891    7.30348     4.7966     4.7794    24.5332   13.08098 1.2396e+01      0.900 0.0000e+00
        152  45.633296    0.01049     0.6292     37.750  1024.5337  50038.675    31.0021      0.940    7.30213     4.8014     4.7881    24.5294   13.07879 1.1178e+01      0.949 0.0000e+00
        153  45.633299    0.01056     0.6333     38.000  1024.5222  50015.851    30.9882      0.993    7.30131     4.8005     4.7966    24.5175   13.07763 1.0375e+01      1.002 0.0000e+00
        154  45.633302    0.01063     0.6375     38.250  1024.5102  49992.970    30.9736      1.030    7.30119     4.7946     4.8014    24.5054   13.07760 1.0227e+01      1.039 0.0000e+00
        155  45.633304    0.01069     0.6417     38.500  1024.5060  49985.253    30.9681      1.041    7.30161     4.7869     4.8006    24.5012   13.07837 1.0811e+01      1.050 0.0000e+00
        156  45.633307    0.01076     0.6458     38.750  1024.5108  49994.933    30.9735      1.024    7.30240     4.7814     4.7946    24.5060   13.07961 1.2012e+01      1.033 0.0000e+00
        157  45.633310    0.01083     0.6500     39.000  1024.5202  50013.541    30.9846      0.982    7.30319     4.7801     4.7870    24.5156   13.08078 1.3530e+01      0.991 0.0000e+00
        158  45.633313    0.01090     0.6542     39.250  1024.5295  50031.849    30.9960      0.925    7.30361     4.7841     4.7814    24.5252   13.08133 1.4940e+01      0.934 0.0000e+00
        159  45.633316    0.01097     0.6583     39.500  1024.5362  50044.786    31.0046      0.868    7.30341     4.7923     4.7802    24.5321   13.08087 1.5800e+01      0.876 0.0000e+00
        160  45.633319    0.01104     0.6625     39.750  1024.5401  50051.814    31.0103      0.830    7.30243     4.8023     4.7841    24.5362   13.07919 1.5851e+01      0.837 0.0000e+00
        161  45.633322    0.01111     0.6667     40.000  1024.5412  50052.856    31.0127      0.824    7.30088     4.8121     4.7923    24.5373   13.07660 1.5058e+01      0.831 0.0000e+00
        162  45.633325    0.01118     0.6708     40.250  1024.5389  50047.070    31.0109      0.854    7.29920     4.8197     4.8023    24.5348   13.07384 1.3616e+01      0.861 0.0000e+00
        163  45.633328    0.01125     0.6750     40.500  1024.5326  50033.815    31.0039      0.910    7.29783     4.8239     4.8121    24.5283   13.07167 1.1960e+01      0.918 0.0000e+00
        164  45.633330    0.01132     0.6792     40.750  1024.5222  50013.161    30.9914      0.975    7.29710     4.8236     4.8198    24.5176   13.07063 1.0578e+01      0.983 0.0000e+00
        165  45.633333    0.01139     0.6833     41.000  1024.5101  49989.973    30.9764      1.030    7.29710     4.8183     4.8240    24.5053   13.07081 9.7825e+00      1.039 0.0000e+00
        166  45.633336    0.01146     0.6875     41.250  1024.5021  49974.913    30.9660      1.066    7.29767     4.8097     4.8236    24.4971   13.07188 9.6409e+00      1.076 0.0000e+00
        167  45.633339    0.01153     0.6917     41.500  1024.5019  49975.104    30.9650      1.079    7.29864     4.8009     4.8184    24.4968   13.07350 1.0042e+01      1.089 0.0000e+00
        168  45.633342    0.01160     0.6958     41.750  1024.5083  49988.079    30.9721      1.070    7.29980     4.7947     4.8098    24.5033   13.07534 1.0683e+01      1.080 0.0000e+00
        169  45.633345    0.01167     0.7000     42.000  1024.5171  50005.476    30.9821      1.047    7.30086     4.7922     4.8010    24.5122   13.07695 1.1204e+01      1.057 0.0000e+00
        170  45.633348    0.01174     0.7042     42.250  1024.5236  50018.461    30.9896      1.022    7.30159     4.7931     4.7947    24.5188   13.07806 1.1450e+01      1.032 0.0000e+00
