CTD-processing/allCTD/CNV--homogene/2016_02-16_t7_s03_cast162.cnv
* Sea-Bird SBE19plus Data File:
* FileName = C:\Users\Kris.Holderied\Documents\kasitsna\Research-KBL\Oceanography-AK\CTD-Data-ALL-to-2016-02\2016-CTD-KachemakBay-CookInlet\2016-02-CookInlet-quarterly\2016-02-16-CookInlet-Tran7-Augustine\2016-02-16-CookInlet-Tran7-cast162.hex
* Software Version 1.59
* Temperature SN =  5028
* Conductivity SN =  5028
* System UpLoad Time = Feb 16 2016 10:49:37
** Cook Inlet LTM Tran7 Augustine East to West

** Date: 02-16
** Station: 7-03
** Start time (AKST): 06:17
** Depth (m): 47
** Comment:  R/V Pandalus
** Comment:
# nquan = 17
# nvalues = 479                         
# units = specified
# name 0 = scan: Scan Count
# name 1 = timeJ: Julian Days
# name 2 = timeH: Time, Elapsed [hours]
# name 3 = timeM: Time, Elapsed [minutes]
# name 4 = timeS: Time, Elapsed [seconds]
# name 5 = density00: Density [density, kg/m^3]
# name 6 = specc: Specific Conductance [uS/cm]
# name 7 = sal00: Salinity, Practical [PSU]
# name 8 = depSM: Depth [salt water, m], lat = 59.00
# name 9 = oxsolML/L: Oxygen Saturation, Garcia & Gordon [ml/l]
# name 10 = potemp090C: Potential Temperature [ITS-90, deg C]
# name 11 = tv290C: Temperature [ITS-90, deg C]
# name 12 = sigma-é00: Density [sigma-theta, kg/m^3]
# name 13 = n2satML/L: Nitrogen Saturation [ml/l]
# name 14 = par: PAR/Irradiance, Biospherical/Licor
# name 15 = prdM: Pressure, Strain Gauge [db]
# name 16 = flag:  0.000e+00
# span 0 =          1,        479       
# span 1 =  47.262326,  47.263709       
# span 2 =    0.00000,    0.03319       
# span 3 =     0.0000,     1.9917       
# span 4 =      0.000,    119.500       
# span 5 =  1000.1433,  1024.9769       
# span 6 =    457.997,  50424.700       
# span 7 =     0.2104,    31.3547       
# span 8 =     -0.135,     47.947       
# span 9 =    7.19560,    9.25221       
# span 10 =     3.6167,     5.3007      
# span 11 =     3.6167,     5.3038      
# span 12 =     0.1440,    24.7548      
# span 13 =   12.89829,   16.78218      
# span 14 = 3.7976e-02, 6.6410e-01      
# span 15 =     -0.136,     48.405      
# span 16 = 0.0000e+00, 0.0000e+00      
# interval = seconds: 0.25
# start_time = Feb 16 2016 06:17:45 [Instrument's time stamp, header]
# bad_flag = -9.990e-29
*END*
[from data line 86]
         87  47.262575    0.00597     0.3583     21.500  1024.5828  50114.168    31.0794      1.000    7.27738     4.9096     4.9078    24.5781   13.03692 7.0578e-02      1.010 0.0000e+00
         88  47.262578    0.00604     0.3625     21.750  1024.5822  50113.107    31.0789      0.987    7.27722     4.9101     4.9089    24.5776   13.03665 7.1490e-02      0.996 0.0000e+00
         89  47.262581    0.00611     0.3667     22.000  1024.5806  50110.192    31.0771      0.976    7.27718     4.9103     4.9096    24.5761   13.03660 7.4043e-02      0.985 0.0000e+00
         90  47.262584    0.00618     0.3708     22.250  1024.5781  50105.477    31.0740      0.966    7.27724     4.9101     4.9101    24.5736   13.03675 7.6680e-02      0.975 0.0000e+00
         91  47.262587    0.00625     0.3750     22.500  1024.5739  50097.775    31.0687      0.958    7.27746     4.9094     4.9103    24.5694   13.03718 7.4843e-02      0.967 0.0000e+00
         92  47.262590    0.00632     0.3792     22.750  1024.5671  50085.318    31.0602      0.951    7.27791     4.9082     4.9101    24.5626   13.03804 7.1423e-02      0.960 0.0000e+00
         93  47.262593    0.00639     0.3833     23.000  1024.5584  50069.489    31.0492      0.945    7.27857     4.9068     4.9094    24.5540   13.03927 6.9770e-02      0.954 0.0000e+00
         94  47.262595    0.00646     0.3875     23.250  1024.5521  50058.058    31.0411      0.940    7.27917     4.9058     4.9082    24.5477   13.04037 7.1788e-02      0.949 0.0000e+00
         95  47.262598    0.00653     0.3917     23.500  1024.5525  50058.854    31.0414      0.936    7.27940     4.9053     4.9069    24.5481   13.04074 7.5704e-02      0.945 0.0000e+00
         96  47.262601    0.00660     0.3958     23.750  1024.5583  50069.798    31.0486      0.934    7.27922     4.9052     4.9058    24.5539   13.04036 7.8193e-02      0.943 0.0000e+00
         97  47.262604    0.00667     0.4000     24.000  1024.5654  50082.871    31.0575      0.936    7.27888     4.9050     4.9054    24.5610   13.03967 7.8695e-02      0.945 0.0000e+00
         98  47.262607    0.00674     0.4042     24.250  1024.5714  50093.880    31.0650      0.943    7.27853     4.9044     4.9053    24.5670   13.03900 7.5621e-02      0.952 0.0000e+00
         99  47.262610    0.00681     0.4083     24.500  1024.5759  50102.094    31.0706      0.957    7.27829     4.9027     4.9051    24.5714   13.03853 7.0902e-02      0.966 0.0000e+00
        100  47.262613    0.00688     0.4125     24.750  1024.5783  50106.375    31.0734      0.980    7.27827     4.8997     4.9044    24.5737   13.03846 6.8066e-02      0.988 0.0000e+00
        101  47.262616    0.00694     0.4167     25.000  1024.5768  50103.610    31.0711      1.011    7.27866     4.8946     4.9028    24.5720   13.03913 6.7054e-02      1.021 0.0000e+00
        102  47.262619    0.00701     0.4208     25.250  1024.5691  50089.389    31.0607      1.050    7.27970     4.8866     4.8998    24.5641   13.04099 6.7212e-02      1.060 0.0000e+00
        103  47.262622    0.00708     0.4250     25.500  1024.5539  50061.758    31.0407      1.089    7.28158     4.8745     4.8947    24.5488   13.04435 6.8744e-02      1.100 0.0000e+00
        104  47.262624    0.00715     0.4292     25.750  1024.5355  50028.604    31.0162      1.122    7.28417     4.8569     4.8867    24.5303   13.04895 7.0810e-02      1.133 0.0000e+00
        105  47.262627    0.00722     0.4333     26.000  1024.5225  50005.892    30.9980      1.141    7.28717     4.8338     4.8746    24.5171   13.05414 7.1870e-02      1.152 0.0000e+00
        106  47.262630    0.00729     0.4375     26.250  1024.5207  50004.637    30.9934      1.144    7.29049     4.8087     4.8569    24.5153   13.05969 7.1869e-02      1.155 0.0000e+00
        107  47.262633    0.00736     0.4417     26.500  1024.5306  50025.877    31.0030      1.129    7.29408     4.7863     4.8338    24.5253   13.06548 7.1183e-02      1.139 0.0000e+00
        108  47.262636    0.00743     0.4458     26.750  1024.5490  50063.102    31.0231      1.098    7.29749     4.7695     4.8088    24.5439   13.07086 7.0106e-02      1.109 0.0000e+00
        109  47.262639    0.00750     0.4500     27.000  1024.5712  50107.137    31.0484      1.058    7.30018     4.7596     4.7863    24.5663   13.07498 7.0607e-02      1.069 0.0000e+00
        110  47.262642    0.00757     0.4542     27.250  1024.5925  50148.790    31.0733      1.016    7.30192     4.7571     4.7695    24.5878   13.07752 7.3443e-02      1.026 0.0000e+00
        111  47.262645    0.00764     0.4583     27.500  1024.6074  50177.747    31.0911      0.980    7.30278     4.7606     4.7597    24.6028   13.07871 7.5266e-02      0.989 0.0000e+00
        112  47.262648    0.00771     0.4625     27.750  1024.6120  50186.665    31.0966      0.952    7.30295     4.7667     4.7572    24.6075   13.07892 7.5050e-02      0.962 0.0000e+00
        113  47.262650    0.00778     0.4667     28.000  1024.6061  50175.613    31.0898      0.935    7.30267     4.7716     4.7607    24.6018   13.07855 7.5059e-02      0.944 0.0000e+00
        114  47.262653    0.00785     0.4708     28.250  1024.5939  50152.371    31.0753      0.925    7.30231     4.7732     4.7667    24.5896   13.07815 7.4513e-02      0.933 0.0000e+00
        115  47.262656    0.00792     0.4750     28.500  1024.5820  50129.815    31.0609      0.918    7.30214     4.7705     4.7717    24.5777   13.07805 7.0931e-02      0.927 0.0000e+00
        116  47.262659    0.00799     0.4792     28.750  1024.5756  50117.902    31.0531      0.912    7.30225     4.7643     4.7733    24.5713   13.07833 6.5583e-02      0.921 0.0000e+00
        117  47.262662    0.00806     0.4833     29.000  1024.5763  50119.578    31.0537      0.906    7.30270     4.7571     4.7705    24.5720   13.07907 6.1249e-02      0.915 0.0000e+00
        118  47.262665    0.00813     0.4875     29.250  1024.5836  50133.802    31.0621      0.901    7.30338     4.7524     4.7643    24.5793   13.08009 5.6681e-02      0.909 0.0000e+00
        119  47.262668    0.00819     0.4917     29.500  1024.5962  50158.008    31.0771      0.899    7.30390     4.7532     4.7572    24.5920   13.08075 5.1296e-02      0.908 0.0000e+00
        120  47.262671    0.00826     0.4958     29.750  1024.6125  50188.530    31.0969      0.906    7.30376     4.7614     4.7524    24.6082   13.08026 4.7596e-02      0.915 0.0000e+00
        121  47.262674    0.00833     0.5000     30.000  1024.6290  50218.668    31.1177      0.926    7.30261     4.7762     4.7532    24.6246   13.07809 4.6462e-02      0.935 0.0000e+00
        122  47.262677    0.00840     0.5042     30.250  1024.6406  50238.724    31.1332      0.961    7.30041     4.7936     4.7614    24.6360   13.07425 4.7590e-02      0.970 0.0000e+00
        123  47.262679    0.00847     0.5083     30.500  1024.6423  50239.742    31.1371      1.007    7.29762     4.8090     4.7762    24.6376   13.06959 5.1279e-02      1.017 0.0000e+00
        124  47.262682    0.00854     0.5125     30.750  1024.6318  50217.814    31.1258      1.057    7.29511     4.8190     4.7936    24.6268   13.06560 5.6614e-02      1.067 0.0000e+00
        125  47.262685    0.00861     0.5167     31.000  1024.6107  50176.593    31.1009      1.103    7.29363     4.8214     4.8090    24.6055   13.06348 6.1090e-02      1.114 0.0000e+00
        126  47.262688    0.00868     0.5208     31.250  1024.5858  50129.222    31.0706      1.138    7.29336     4.8146     4.8190    24.5804   13.06342 6.3636e-02      1.149 0.0000e+00
        127  47.262691    0.00875     0.5250     31.500  1024.5670  50094.065    31.0470      1.157    7.29409     4.7994     4.8214    24.5615   13.06494 6.5449e-02      1.168 0.0000e+00
        128  47.262694    0.00882     0.5292     31.750  1024.5603  50082.690    31.0378      1.157    7.29573     4.7798     4.8147    24.5549   13.06776 6.7960e-02      1.168 0.0000e+00
        129  47.262697    0.00889     0.5333     32.000  1024.5659  50094.914    31.0429      1.139    7.29814     4.7605     4.7995    24.5605   13.07168 7.0944e-02      1.150 0.0000e+00
        130  47.262700    0.00896     0.5375     32.250  1024.5793  50122.510    31.0575      1.103    7.30087     4.7444     4.7799    24.5742   13.07600 7.4015e-02      1.114 0.0000e+00
        131  47.262703    0.00903     0.5417     32.500  1024.5963  50156.626    31.0767      1.055    7.30334     4.7330     4.7605    24.5914   13.07982 7.7316e-02      1.065 0.0000e+00
        132  47.262705    0.00910     0.5458     32.750  1024.6142  50192.027    31.0975      1.001    7.30514     4.7266     4.7445    24.6095   13.08253 7.9333e-02      1.010 0.0000e+00
        133  47.262708    0.00917     0.5500     33.000  1024.6305  50223.986    31.1170      0.949    7.30620     4.7255     4.7331    24.6261   13.08401 7.9441e-02      0.958 0.0000e+00
        134  47.262711    0.00924     0.5542     33.250  1024.6420  50246.198    31.1308      0.907    7.30665     4.7301     4.7266    24.6377   13.08459 7.7780e-02      0.916 0.0000e+00
        135  47.262714    0.00931     0.5583     33.500  1024.6458  50253.656    31.1356      0.881    7.30660     4.7392     4.7255    24.6417   13.08444 7.3401e-02      0.889 0.0000e+00
        136  47.262717    0.00937     0.5625     33.750  1024.6418  50245.727    31.1312      0.873    7.30600     4.7497     4.7302    24.6377   13.08351 6.8542e-02      0.881 0.0000e+00
        137  47.262720    0.00944     0.5667     34.000  1024.6317  50225.886    31.1196      0.879    7.30498     4.7587     4.7392    24.6276   13.08197 6.6223e-02      0.887 0.0000e+00
        138  47.262723    0.00951     0.5708     34.250  1024.6180  50199.139    31.1036      0.896    7.30391     4.7637     4.7497    24.6138   13.08042 6.5438e-02      0.904 0.0000e+00
        139  47.262726    0.00958     0.5750     34.500  1024.6036  50171.383    31.0865      0.918    7.30317     4.7638     4.7587    24.5993   13.07942 6.2701e-02      0.926 0.0000e+00
        140  47.262729    0.00965     0.5792     34.750  1024.5927  50150.339    31.0732      0.939    7.30293     4.7590     4.7638    24.5882   13.07919 5.7184e-02      0.948 0.0000e+00
        141  47.262731    0.00972     0.5833     35.000  1024.5884  50142.284    31.0677      0.956    7.30318     4.7513     4.7639    24.5839   13.07968 5.2652e-02      0.966 0.0000e+00
        142  47.262734    0.00979     0.5875     35.250  1024.5919  50149.334    31.0715      0.970    7.30384     4.7441     4.7591    24.5874   13.08071 5.1648e-02      0.979 0.0000e+00
        143  47.262737    0.00986     0.5917     35.500  1024.6024  50169.530    31.0836      0.981    7.30460     4.7412     4.7514    24.5978   13.08182 5.4288e-02      0.990 0.0000e+00
        144  47.262740    0.00993     0.5958     35.750  1024.6161  50195.677    31.1000      0.993    7.30506     4.7448     4.7442    24.6115   13.08237 6.1279e-02      1.002 0.0000e+00
        145  47.262743    0.01000     0.6000     36.000  1024.6276  50216.969    31.1139      1.009    7.30489     4.7545     4.7413    24.6228   13.08191 7.2864e-02      1.019 0.0000e+00
        146  47.262746    0.01007     0.6042     36.250  1024.6319  50224.328    31.1197      1.032    7.30399     4.7670     4.7448    24.6271   13.08034 8.4907e-02      1.042 0.0000e+00
        147  47.262749    0.01014     0.6083     36.500  1024.6270  50213.733    31.1145      1.060    7.30252     4.7776     4.7546    24.6220   13.07799 9.0989e-02      1.070 0.0000e+00
        148  47.262752    0.01021     0.6125     36.750  1024.6130  50186.287    31.0985      1.087    7.30112     4.7826     4.7671    24.6079   13.07587 9.0410e-02      1.097 0.0000e+00
        149  47.262755    0.01028     0.6167     37.000  1024.5946  50150.811    31.0765      1.107    7.30034     4.7799     4.7776    24.5894   13.07487 8.7622e-02      1.118 0.0000e+00
        150  47.262758    0.01035     0.6208     37.250  1024.5795  50122.348    31.0581      1.115    7.30036     4.7695     4.7827    24.5743   13.07514 8.8076e-02      1.126 0.0000e+00
        151  47.262760    0.01042     0.6250     37.500  1024.5735  50111.638    31.0502      1.108    7.30121     4.7545     4.7800    24.5683   13.07666 9.2689e-02      1.119 0.0000e+00
        152  47.262763    0.01049     0.6292     37.750  1024.5772  50120.022    31.0537      1.087    7.30287     4.7392     4.7696    24.5721   13.07934 9.5734e-02      1.097 0.0000e+00
        153  47.262766    0.01056     0.6333     38.000  1024.5880  50142.051    31.0655      1.054    7.30492     4.7265     4.7546    24.5831   13.08257 9.5759e-02      1.064 0.0000e+00
        154  47.262769    0.01063     0.6375     38.250  1024.6024  50170.794    31.0819      1.016    7.30683     4.7184     4.7392    24.5977   13.08551 9.6574e-02      1.025 0.0000e+00
        155  47.262772    0.01069     0.6417     38.500  1024.6181  50201.539    31.1002      0.976    7.30816     4.7156     4.7265    24.6135   13.08748 9.5604e-02      0.985 0.0000e+00
        156  47.262775    0.01076     0.6458     38.750  1024.6328  50230.077    31.1179      0.942    7.30872     4.7178     4.7184    24.6284   13.08817 8.9293e-02      0.950 0.0000e+00
        157  47.262778    0.01083     0.6500     39.000  1024.6441  50251.500    31.1320      0.918    7.30853     4.7251     4.7156    24.6398   13.08768 8.2428e-02      0.926 0.0000e+00
        158  47.262781    0.01090     0.6542     39.250  1024.6501  50262.267    31.1399      0.907    7.30775     4.7372     4.7179    24.6458   13.08628 7.8314e-02      0.915 0.0000e+00
        159  47.262784    0.01097     0.6583     39.500  1024.6501  50261.269    31.1408      0.911    7.30641     4.7524     4.7252    24.6458   13.08407 7.5503e-02      0.919 0.0000e+00
        160  47.262786    0.01104     0.6625     39.750  1024.6443  50248.975    31.1350      0.928    7.30458     4.7675     4.7372    24.6399   13.08111 7.4840e-02      0.936 0.0000e+00
        161  47.262789    0.01111     0.6667     40.000  1024.6333  50226.471    31.1228      0.953    7.30250     4.7789     4.7524    24.6288   13.07784 7.6947e-02      0.962 0.0000e+00
        162  47.262792    0.01118     0.6708     40.250  1024.6171  50194.555    31.1042      0.982    7.30076     4.7841     4.7675    24.6125   13.07520 7.7466e-02      0.991 0.0000e+00
        163  47.262795    0.01125     0.6750     40.500  1024.5983  50158.305    31.0819      1.006    7.29984     4.7815     4.7790    24.5936   13.07397 7.4538e-02      1.016 0.0000e+00
        164  47.262798    0.01132     0.6792     40.750  1024.5833  50129.897    31.0636      1.022    7.29983     4.7715     4.7842    24.5785   13.07419 7.2211e-02      1.031 0.0000e+00
        165  47.262801    0.01139     0.6833     41.000  1024.5783  50120.873    31.0568      1.026    7.30061     4.7579     4.7816    24.5734   13.07558 7.1445e-02      1.036 0.0000e+00
        166  47.262804    0.01146     0.6875     41.250  1024.5853  50135.162    31.0644      1.021    7.30200     4.7461     4.7716    24.5805   13.07777 7.0325e-02      1.031 0.0000e+00
        167  47.262807    0.01153     0.6917     41.500  1024.6014  50166.602    31.0830      1.011    7.30347     4.7393     4.7580    24.5966   13.07996 6.8634e-02      1.021 0.0000e+00
        168  47.262810    0.01160     0.6958     41.750  1024.6194  50201.255    31.1042      1.003    7.30451     4.7380     4.7462    24.6146   13.08140 6.7590e-02      1.012 0.0000e+00
        169  47.262813    0.01167     0.7000     42.000  1024.6323  50225.983    31.1197      1.001    7.30495     4.7415     4.7393    24.6276   13.08193 6.7236e-02      1.011 0.0000e+00
        170  47.262815    0.01174     0.7042     42.250  1024.6373  50235.249    31.1257      1.007    7.30488     4.7476     4.7381    24.6325   13.08173 6.5899e-02      1.016 0.0000e+00
