CTD-processing/allCTD/CNV--homogene/2016_12-12_t6_s12_cast169.cnv
* Sea-Bird SBE19plus Data File:
* FileName = P:\My Documents\kasitsna\Research-KBL\Oceanography-AK\CTD-Data-ALL-to-2016-05\2016-CTD-KachemakBay-CookInlet\2016-12-CookInlet-quarterly\2016-12-12-CookInlet-Tran6-Douglas\2016-12-12-CookInlet-Tran6-cast169.hex
* Software Version 1.59
* Temperature SN =  5028
* Conductivity SN =  5028
* System UpLoad Time = Dec 12 2016 22:18:15
** Cook Inlet LTM Tran 6 Douglas east to west, partial
** Date: (YYYY-MM-DD): 2016-12-12
** Station: (eg. 9-01): 6-12
** Start time (AKST): 19:53
** Depth (m): 138.7
** Comment: CTD time 1 hr ahead on AK daylight time
** Comment: R/V Alaska Dream Catcher
** Comment: Partial transect due to weather. Only to 6-16 and skipped stations.
# nquan = 17
# nvalues = 1012                        
# units = specified
# name 0 = scan: Scan Count
# name 1 = timeJ: Julian Days
# name 2 = timeH: Time, Elapsed [hours]
# name 3 = timeM: Time, Elapsed [minutes]
# name 4 = timeS: Time, Elapsed [seconds]
# name 5 = density00: Density [density, kg/m^3]
# name 6 = specc: Specific Conductance [uS/cm]
# name 7 = sal00: Salinity, Practical [PSU]
# name 8 = depSM: Depth [salt water, m], lat = 59.00
# name 9 = oxsolML/L: Oxygen Saturation, Garcia & Gordon [ml/l]
# name 10 = potemp090C: Potential Temperature [ITS-90, deg C]
# name 11 = tv290C: Temperature [ITS-90, deg C]
# name 12 = sigma-é00: Density [sigma-theta, kg/m^3]
# name 13 = n2satML/L: Nitrogen Saturation [ml/l]
# name 14 = par: PAR/Irradiance, Biospherical/Licor
# name 15 = prdM: Pressure, Strain Gauge [db]
# name 16 = flag:  0.000e+00
# span 0 =          1,       1012       
# span 1 = 347.870498, 347.873423       
# span 2 =    0.00000,    0.07021       
# span 3 =     0.0000,     4.2125       
# span 4 =      0.000,    252.750       
# span 5 =  1000.4667,  1025.8726       
# span 6 =   1268.374,  51303.194       
# span 7 =     0.6118,    32.3449       
# span 8 =      0.095,    135.013       
# span 9 =    6.74483,    9.06789       
# span 10 =     4.2730,     7.8463      
# span 11 =     4.2728,     7.8485      
# span 12 =     0.4662,    25.2831      
# span 13 =   12.14277,   16.46638      
# span 14 = 3.7976e-02, 2.0442e-01      
# span 15 =      0.096,    136.332      
# span 16 = 0.0000e+00, 0.0000e+00      
# interval = seconds: 0.25
# start_time = Dec 12 2016 20:53:31 [Instrument's time stamp, header]
# bad_flag = -9.990e-29
*END*
[from data line 341]
        342 347.871484    0.02368     1.4208     85.250  1025.0790  50888.256    32.1614      1.206    6.75328     7.8043     7.8019    25.0735   12.15716 3.8332e-02      1.218 0.0000e+00
        343 347.871487    0.02375     1.4250     85.500  1025.0797  50889.345    32.1624      1.228    6.75306     7.8059     7.8031    25.0740   12.15679 3.8472e-02      1.240 0.0000e+00
        344 347.871490    0.02382     1.4292     85.750  1025.0804  50890.475    32.1634      1.264    6.75281     7.8075     7.8044    25.0746   12.15636 3.8579e-02      1.275 0.0000e+00
        345 347.871493    0.02389     1.4333     86.000  1025.0810  50891.257    32.1642      1.301    6.75253     7.8091     7.8060    25.0750   12.15589 3.8605e-02      1.314 0.0000e+00
        346 347.871496    0.02396     1.4375     86.250  1025.0814  50891.759    32.1648      1.332    6.75225     7.8106     7.8076    25.0752   12.15542 3.8582e-02      1.345 0.0000e+00
        347 347.871499    0.02403     1.4417     86.500  1025.0817  50892.282    32.1654      1.351    6.75197     7.8118     7.8092    25.0755   12.15496 3.8527e-02      1.363 0.0000e+00
        348 347.871502    0.02410     1.4458     86.750  1025.0820  50892.858    32.1660      1.353    6.75173     7.8129     7.8107    25.0758   12.15454 3.8416e-02      1.366 0.0000e+00
        349 347.871505    0.02417     1.4500     87.000  1025.0823  50893.372    32.1666      1.342    6.75151     7.8138     7.8119    25.0761   12.15418 3.8274e-02      1.355 0.0000e+00
        350 347.871508    0.02424     1.4542     87.250  1025.0824  50893.782    32.1671      1.323    6.75133     7.8145     7.8130    25.0763   12.15386 3.8161e-02      1.335 0.0000e+00
        351 347.871510    0.02431     1.4583     87.500  1025.0824  50893.971    32.1674      1.301    6.75117     7.8150     7.8139    25.0764   12.15361 3.8092e-02      1.313 0.0000e+00
        352 347.871513    0.02438     1.4625     87.750  1025.0823  50893.890    32.1674      1.281    6.75106     7.8153     7.8146    25.0764   12.15343 3.8048e-02      1.293 0.0000e+00
        353 347.871516    0.02444     1.4667     88.000  1025.0821  50893.660    32.1674      1.262    6.75099     7.8155     7.8151    25.0762   12.15331 3.8021e-02      1.274 0.0000e+00
        354 347.871519    0.02451     1.4708     88.250  1025.0818  50893.387    32.1672      1.243    6.75095     7.8155     7.8154    25.0761   12.15325 3.8006e-02      1.255 0.0000e+00
        355 347.871522    0.02458     1.4750     88.500  1025.0816  50893.167    32.1671      1.223    6.75093     7.8155     7.8156    25.0760   12.15322 3.8000e-02      1.235 0.0000e+00
        356 347.871525    0.02465     1.4792     88.750  1025.0815  50893.077    32.1671      1.204    6.75092     7.8154     7.8156    25.0759   12.15320 3.8000e-02      1.216 0.0000e+00
        357 347.871528    0.02472     1.4833     89.000  1025.0815  50893.210    32.1672      1.187    6.75092     7.8153     7.8156    25.0760   12.15320 3.8007e-02      1.199 0.0000e+00
        358 347.871531    0.02479     1.4875     89.250  1025.0817  50893.714    32.1675      1.176    6.75092     7.8155     7.8155    25.0763   12.15320 3.8021e-02      1.188 0.0000e+00
        359 347.871534    0.02486     1.4917     89.500  1025.0822  50894.610    32.1681      1.177    6.75090     7.8158     7.8155    25.0768   12.15316 3.8047e-02      1.188 0.0000e+00
        360 347.871536    0.02493     1.4958     89.750  1025.0829  50895.699    32.1689      1.192    6.75085     7.8165     7.8156    25.0774   12.15306 3.8090e-02      1.204 0.0000e+00
        361 347.871539    0.02500     1.5000     90.000  1025.0836  50896.797    32.1697      1.222    6.75075     7.8174     7.8160    25.0780   12.15290 3.8151e-02      1.234 0.0000e+00
        362 347.871542    0.02507     1.5042     90.250  1025.0845  50898.037    32.1707      1.263    6.75061     7.8187     7.8166    25.0786   12.15265 3.8202e-02      1.275 0.0000e+00
        363 347.871545    0.02514     1.5083     90.500  1025.0854  50899.427    32.1718      1.306    6.75042     7.8201     7.8176    25.0794   12.15231 3.8213e-02      1.319 0.0000e+00
        364 347.871548    0.02521     1.5125     90.750  1025.0860  50900.259    32.1726      1.345    6.75019     7.8211     7.8189    25.0798   12.15192 3.8216e-02      1.357 0.0000e+00
        365 347.871551    0.02528     1.5167     91.000  1025.0859  50899.927    32.1726      1.370    6.74998     7.8216     7.8202    25.0796   12.15158 3.8221e-02      1.383 0.0000e+00
        366 347.871554    0.02535     1.5208     91.250  1025.0853  50898.724    32.1719      1.377    6.74986     7.8215     7.8213    25.0789   12.15138 3.8199e-02      1.390 0.0000e+00
        367 347.871557    0.02542     1.5250     91.500  1025.0844  50897.211    32.1709      1.364    6.74982     7.8208     7.8217    25.0781   12.15133 3.8155e-02      1.377 0.0000e+00
        368 347.871560    0.02549     1.5292     91.750  1025.0834  50895.629    32.1697      1.333    6.74989     7.8195     7.8216    25.0772   12.15146 3.8119e-02      1.346 0.0000e+00
        369 347.871562    0.02556     1.5333     92.000  1025.0824  50894.098    32.1686      1.291    6.75005     7.8178     7.8209    25.0764   12.15174 3.8112e-02      1.303 0.0000e+00
        370 347.871565    0.02562     1.5375     92.250  1025.0815  50892.851    32.1675      1.247    6.75029     7.8160     7.8196    25.0758   12.15215 3.8140e-02      1.258 0.0000e+00
        371 347.871568    0.02569     1.5417     92.500  1025.0809  50892.001    32.1667      1.209    6.75058     7.8141     7.8180    25.0753   12.15264 3.8212e-02      1.220 0.0000e+00
        372 347.871571    0.02576     1.5458     92.750  1025.0806  50891.513    32.1660      1.187    6.75089     7.8122     7.8161    25.0751   12.15317 3.8323e-02      1.198 0.0000e+00
        373 347.871574    0.02583     1.5500     93.000  1025.0805  50891.284    32.1655      1.187    6.75120     7.8103     7.8142    25.0750   12.15369 3.8424e-02      1.198 0.0000e+00
        374 347.871577    0.02590     1.5542     93.250  1025.0804  50890.978    32.1650      1.210    6.75151     7.8084     7.8124    25.0748   12.15421 3.8481e-02      1.222 0.0000e+00
        375 347.871580    0.02597     1.5583     93.500  1025.0803  50890.400    32.1643      1.249    6.75184     7.8065     7.8105    25.0745   12.15475 3.8504e-02      1.261 0.0000e+00
        376 347.871583    0.02604     1.5625     93.750  1025.0802  50889.920    32.1636      1.292    6.75217     7.8048     7.8085    25.0742   12.15530 3.8484e-02      1.305 0.0000e+00
        377 347.871586    0.02611     1.5667     94.000  1025.0805  50890.056    32.1634      1.329    6.75247     7.8035     7.8066    25.0743   12.15580 3.8418e-02      1.342 0.0000e+00
        378 347.871589    0.02618     1.5708     94.250  1025.0810  50890.790    32.1636      1.350    6.75271     7.8026     7.8050    25.0747   12.15620 3.8335e-02      1.362 0.0000e+00
        379 347.871591    0.02625     1.5750     94.500  1025.0815  50891.710    32.1640      1.349    6.75289     7.8019     7.8036    25.0753   12.15650 3.8245e-02      1.362 0.0000e+00
        380 347.871594    0.02632     1.5792     94.750  1025.0819  50892.519    32.1645      1.328    6.75302     7.8013     7.8027    25.0757   12.15671 3.8158e-02      1.341 0.0000e+00
        381 347.871597    0.02639     1.5833     95.000  1025.0820  50893.061    32.1647      1.292    6.75312     7.8007     7.8020    25.0761   12.15686 3.8099e-02      1.305 0.0000e+00
        382 347.871600    0.02646     1.5875     95.250  1025.0820  50893.359    32.1649      1.250    6.75321     7.8002     7.8014    25.0763   12.15700 3.8072e-02      1.262 0.0000e+00
        383 347.871603    0.02653     1.5917     95.500  1025.0820  50893.572    32.1650      1.212    6.75329     7.7996     7.8008    25.0764   12.15713 3.8071e-02      1.224 0.0000e+00
        384 347.871606    0.02660     1.5958     95.750  1025.0819  50893.606    32.1649      1.188    6.75337     7.7989     7.8003    25.0764   12.15727 3.8086e-02      1.199 0.0000e+00
        385 347.871609    0.02667     1.6000     96.000  1025.0815  50892.964    32.1644      1.183    6.75348     7.7977     7.7997    25.0761   12.15746 3.8104e-02      1.194 0.0000e+00
        386 347.871612    0.02674     1.6042     96.250  1025.0806  50891.168    32.1630      1.195    6.75365     7.7958     7.7990    25.0751   12.15777 3.8127e-02      1.206 0.0000e+00
        387 347.871615    0.02681     1.6083     96.500  1025.0792  50888.337    32.1608      1.220    6.75394     7.7932     7.7978    25.0735   12.15827 3.8173e-02      1.231 0.0000e+00
        388 347.871617    0.02688     1.6125     96.750  1025.0776  50885.271    32.1583      1.251    6.75433     7.7902     7.7959    25.0718   12.15895 3.8243e-02      1.263 0.0000e+00
        389 347.871620    0.02694     1.6167     97.000  1025.0766  50883.086    32.1563      1.282    6.75481     7.7873     7.7933    25.0707   12.15977 3.8283e-02      1.293 0.0000e+00
        390 347.871623    0.02701     1.6208     97.250  1025.0764  50882.554    32.1555      1.306    6.75531     7.7848     7.7903    25.0704   12.16060 3.8267e-02      1.318 0.0000e+00
        391 347.871626    0.02708     1.6250     97.500  1025.0771  50883.648    32.1557      1.321    6.75575     7.7831     7.7874    25.0710   12.16132 3.8224e-02      1.333 0.0000e+00
        392 347.871629    0.02715     1.6292     97.750  1025.0784  50885.952    32.1569      1.326    6.75607     7.7822     7.7849    25.0723   12.16185 3.8186e-02      1.338 0.0000e+00
        393 347.871632    0.02722     1.6333     98.000  1025.0799  50888.640    32.1585      1.321    6.75627     7.7818     7.7832    25.0738   12.16215 3.8177e-02      1.334 0.0000e+00
        394 347.871635    0.02729     1.6375     98.250  1025.0810  50890.678    32.1598      1.308    6.75636     7.7816     7.7823    25.0750   12.16227 3.8176e-02      1.321 0.0000e+00
        395 347.871638    0.02736     1.6417     98.500  1025.0815  50891.685    32.1605      1.290    6.75639     7.7815     7.7819    25.0756   12.16232 3.8145e-02      1.302 0.0000e+00
        396 347.871641    0.02743     1.6458     98.750  1025.0815  50891.928    32.1606      1.270    6.75641     7.7813     7.7818    25.0757   12.16234 3.8116e-02      1.282 0.0000e+00
        397 347.871644    0.02750     1.6500     99.000  1025.0815  50891.962    32.1606      1.254    6.75643     7.7811     7.7817    25.0757   12.16237 3.8126e-02      1.265 0.0000e+00
        398 347.871646    0.02757     1.6542     99.250  1025.0814  50891.769    32.1605      1.246    6.75645     7.7806     7.7815    25.0756   12.16242 3.8163e-02      1.258 0.0000e+00
        399 347.871649    0.02764     1.6583     99.500  1025.0808  50890.665    32.1597      1.250    6.75652     7.7795     7.7813    25.0750   12.16255 3.8194e-02      1.261 0.0000e+00
        400 347.871652    0.02771     1.6625     99.750  1025.0795  50888.252    32.1579      1.264    6.75668     7.7775     7.7808    25.0737   12.16283 3.8185e-02      1.275 0.0000e+00
        401 347.871655    0.02778     1.6667    100.000  1025.0777  50884.852    32.1553      1.279    6.75697     7.7747     7.7796    25.0718   12.16334 3.8137e-02      1.291 0.0000e+00
        402 347.871658    0.02785     1.6708    100.250  1025.0759  50881.451    32.1526      1.287    6.75740     7.7712     7.7776    25.0700   12.16408 3.8084e-02      1.299 0.0000e+00
        403 347.871661    0.02792     1.6750    100.500  1025.0743  50878.563    32.1501      1.279    6.75794     7.7674     7.7748    25.0684   12.16500 3.8050e-02      1.291 0.0000e+00
        404 347.871664    0.02799     1.6792    100.750  1025.0731  50876.506    32.1481      1.256    6.75856     7.7638     7.7713    25.0673   12.16605 3.8032e-02      1.268 0.0000e+00
        405 347.871667    0.02806     1.6833    101.000  1025.0730  50876.504    32.1475      1.220    6.75917     7.7609     7.7675    25.0674   12.16708 3.8028e-02      1.232 0.0000e+00
        406 347.871670    0.02813     1.6875    101.250  1025.0741  50878.715    32.1484      1.182    6.75968     7.7590     7.7639    25.0687   12.16791 3.8038e-02      1.194 0.0000e+00
        407 347.871672    0.02819     1.6917    101.500  1025.0757  50881.794    32.1501      1.156    6.76005     7.7582     7.7610    25.0704   12.16849 3.8064e-02      1.167 0.0000e+00
        408 347.871675    0.02826     1.6958    101.750  1025.0775  50885.037    32.1521      1.162    6.76025     7.7583     7.7592    25.0722   12.16881 3.8110e-02      1.173 0.0000e+00
        409 347.871678    0.02833     1.7000    102.000  1025.0796  50888.422    32.1543      1.213    6.76029     7.7591     7.7583    25.0741   12.16884 3.8187e-02      1.224 0.0000e+00
        410 347.871681    0.02840     1.7042    102.250  1025.0816  50891.280    32.1563      1.309    6.76018     7.7609     7.7584    25.0756   12.16865 3.8307e-02      1.321 0.0000e+00
        411 347.871684    0.02847     1.7083    102.500  1025.0840  50894.586    32.1587      1.447    6.75995     7.7647     7.7592    25.0774   12.16823 3.8423e-02      1.460 0.0000e+00
        412 347.871687    0.02854     1.7125    102.750  1025.0892  50902.676    32.1646      1.623    6.75942     7.7719     7.7610    25.0817   12.16728 3.8450e-02      1.638 0.0000e+00
        413 347.871690    0.02861     1.7167    103.000  1025.0977  50916.583    32.1748      1.827    6.75838     7.7824     7.7648    25.0893   12.16543 3.8369e-02      1.844 0.0000e+00
        414 347.871693    0.02868     1.7208    103.250  1025.1058  50929.831    32.1852      2.042    6.75679     7.7941     7.7721    25.0964   12.16269 3.8240e-02      2.062 0.0000e+00
        415 347.871696    0.02875     1.7250    103.500  1025.1098  50935.632    32.1909      2.250    6.75492     7.8048     7.7827    25.0994   12.15952 3.8134e-02      2.271 0.0000e+00
        416 347.871698    0.02882     1.7292    103.750  1025.1095  50933.901    32.1916      2.442    6.75310     7.8134     7.7944    25.0982   12.15650 3.8071e-02      2.465 0.0000e+00
        417 347.871701    0.02889     1.7333    104.000  1025.1072  50928.533    32.1895      2.616    6.75155     7.8197     7.8051    25.0951   12.15396 3.8033e-02      2.641 0.0000e+00
        418 347.871704    0.02896     1.7375    104.250  1025.1045  50922.537    32.1866      2.776    6.75035     7.8238     7.8137    25.0916   12.15202 3.8010e-02      2.802 0.0000e+00
        419 347.871707    0.02903     1.7417    104.500  1025.1022  50917.308    32.1839      2.930    6.74951     7.8263     7.8200    25.0886   12.15066 3.7997e-02      2.957 0.0000e+00
        420 347.871710    0.02910     1.7458    104.750  1025.1006  50913.397    32.1818      3.090    6.74897     7.8277     7.8242    25.0864   12.14979 3.7988e-02      3.119 0.0000e+00
        421 347.871713    0.02917     1.7500    105.000  1025.1000  50910.952    32.1804      3.268    6.74864     7.8284     7.8267    25.0849   12.14927 3.7983e-02      3.299 0.0000e+00
        422 347.871716    0.02924     1.7542    105.250  1025.1000  50909.401    32.1795      3.472    6.74847     7.8283     7.8281    25.0840   12.14899 3.7980e-02      3.506 0.0000e+00
        423 347.871719    0.02931     1.7583    105.500  1025.1000  50907.464    32.1781      3.708    6.74842     7.8273     7.8287    25.0829   12.14894 3.7979e-02      3.743 0.0000e+00
        424 347.871722    0.02937     1.7625    105.750  1025.0994  50904.372    32.1758      3.971    6.74853     7.8251     7.8287    25.0811   12.14914 3.7978e-02      4.009 0.0000e+00
        425 347.871725    0.02944     1.7667    106.000  1025.0984  50900.353    32.1727      4.255    6.74882     7.8215     7.8277    25.0788   12.14966 3.7977e-02      4.295 0.0000e+00
