CTD-processing/allCTD/CNV--homogene/2016_09-23_t9_s01_cast130.cnv
* Sea-Bird SBE19plus Data File:
* FileName = P:\My Documents\kasitsna\Research-KBL\Oceanography-AK\CTD-Data-ALL-to-2016-05\2016-CTD-KachemakBay-CookInlet\2016-09-23-CookInlet-HomerSpit\2016-09-23-CookInlet-Tran9-cast130.hex
* Software Version 1.59
* Temperature SN =  5028
* Conductivity SN =  5028
* System UpLoad Time = Oct 13 2016 11:49:00
** Cook Inlet LTM Tran 9
** Date: (YYYY-MM-DD): 2016-09-23
** Station: (eg. 9-01): 9-01
** Start time (AKDT): 10:40
** Depth (m): 61.3
** Comment:
** Comment:
# nquan = 17
# nvalues = 580                         
# units = specified
# name 0 = scan: Scan Count
# name 1 = timeJ: Julian Days
# name 2 = timeH: Time, Elapsed [hours]
# name 3 = timeM: Time, Elapsed [minutes]
# name 4 = timeS: Time, Elapsed [seconds]
# name 5 = density00: Density [density, kg/m^3]
# name 6 = specc: Specific Conductance [uS/cm]
# name 7 = sal00: Salinity, Practical [PSU]
# name 8 = depSM: Depth [salt water, m], lat = 59.00
# name 9 = oxsolML/L: Oxygen Saturation, Garcia & Gordon [ml/l]
# name 10 = potemp090C: Potential Temperature [ITS-90, deg C]
# name 11 = tv290C: Temperature [ITS-90, deg C]
# name 12 = sigma-é00: Density [sigma-theta, kg/m^3]
# name 13 = n2satML/L: Nitrogen Saturation [ml/l]
# name 14 = par: PAR/Irradiance, Biospherical/Licor
# name 15 = prdM: Pressure, Strain Gauge [db]
# name 16 = flag:  0.000e+00
# span 0 =          1,        580       
# span 1 = 267.444711, 267.446386       
# span 2 =    0.00000,    0.04021       
# span 3 =     0.0000,     2.4125       
# span 4 =      0.000,    144.750       
# span 5 =   999.6125,  1023.7816       
# span 6 =     -0.447,  48332.535       
# span 7 =     0.0000,    30.7015       
# span 8 =     -0.251,     52.291       
# span 9 =    6.33889,    7.72814       
# span 10 =    10.3353,    11.3590      
# span 11 =    10.3411,    11.3602      
# span 12 =    -0.3863,    23.5427      
# span 13 =   11.49850,   14.21924      
# span 14 = 4.6649e-02, 2.4149e+02      
# span 15 =     -0.254,     52.791      
# span 16 = 0.0000e+00, 0.0000e+00      
# interval = seconds: 0.25
# start_time = Sep 23 2016 10:40:23 [Instrument's time stamp, header]
# bad_flag = -9.990e-29
*END*
[from data line 171]
        172 267.445205    0.01188     0.7125     42.750  1019.8896  41632.263    26.0878      0.437    6.57721    10.7442    10.7444    19.8876   11.93977 7.4094e+01      0.441 0.0000e+00
        173 267.445208    0.01194     0.7167     43.000  1019.8904  41633.649    26.0887      0.441    6.57718    10.7442    10.7443    19.8884   11.93971 7.3811e+01      0.445 0.0000e+00
        174 267.445211    0.01201     0.7208     43.250  1019.8922  41637.005    26.0911      0.443    6.57709    10.7443    10.7443    19.8902   11.93953 7.3537e+01      0.447 0.0000e+00
        175 267.445214    0.01208     0.7250     43.500  1019.8952  41642.567    26.0949      0.443    6.57692    10.7445    10.7443    19.8932   11.93921 7.3512e+01      0.447 0.0000e+00
        176 267.445217    0.01215     0.7292     43.750  1019.8988  41649.237    26.0995      0.439    6.57672    10.7447    10.7444    19.8967   11.93881 7.3744e+01      0.444 0.0000e+00
        177 267.445220    0.01222     0.7333     44.000  1019.9017  41654.803    26.1034      0.433    6.57653    10.7448    10.7445    19.8997   11.93845 7.4127e+01      0.437 0.0000e+00
        178 267.445223    0.01229     0.7375     44.250  1019.9031  41657.492    26.1053      0.427    6.57643    10.7448    10.7447    19.9011   11.93826 7.4527e+01      0.431 0.0000e+00
        179 267.445226    0.01236     0.7417     44.500  1019.9027  41656.788    26.1048      0.422    6.57643    10.7449    10.7448    19.9008   11.93827 7.4684e+01      0.426 0.0000e+00
        180 267.445229    0.01243     0.7458     44.750  1019.9010  41653.542    26.1026      0.422    6.57652    10.7449    10.7449    19.8990   11.93844 7.4408e+01      0.426 0.0000e+00
        181 267.445231    0.01250     0.7500     45.000  1019.8992  41650.213    26.1003      0.426    6.57661    10.7449    10.7449    19.8972   11.93862 7.3829e+01      0.430 0.0000e+00
        182 267.445234    0.01257     0.7542     45.250  1019.8989  41649.620    26.0999      0.434    6.57662    10.7451    10.7449    19.8969   11.93865 7.3286e+01      0.438 0.0000e+00
        183 267.445237    0.01264     0.7583     45.500  1019.9009  41653.252    26.1024      0.441    6.57651    10.7453    10.7450    19.8988   11.93844 7.3045e+01      0.445 0.0000e+00
        184 267.445240    0.01271     0.7625     45.750  1019.9048  41660.586    26.1075      0.445    6.57628    10.7457    10.7451    19.9028   11.93799 7.3114e+01      0.450 0.0000e+00
        185 267.445243    0.01278     0.7667     46.000  1019.9093  41668.964    26.1133      0.446    6.57600    10.7463    10.7454    19.9073   11.93745 7.3196e+01      0.450 0.0000e+00
        186 267.445246    0.01285     0.7708     46.250  1019.9127  41675.359    26.1177      0.444    6.57576    10.7471    10.7458    19.9107   11.93699 7.3031e+01      0.448 0.0000e+00
        187 267.445249    0.01292     0.7750     46.500  1019.9141  41678.028    26.1196      0.444    6.57559    10.7479    10.7464    19.9120   11.93669 7.2573e+01      0.448 0.0000e+00
        188 267.445252    0.01299     0.7792     46.750  1019.9136  41677.264    26.1192      0.446    6.57550    10.7487    10.7472    19.9116   11.93654 7.1874e+01      0.450 0.0000e+00
        189 267.445255    0.01306     0.7833     47.000  1019.9126  41675.542    26.1180      0.451    6.57543    10.7494    10.7480    19.9106   11.93644 7.1101e+01      0.455 0.0000e+00
        190 267.445258    0.01313     0.7875     47.250  1019.9125  41675.329    26.1180      0.457    6.57532    10.7501    10.7487    19.9104   11.93626 7.0490e+01      0.462 0.0000e+00
        191 267.445260    0.01319     0.7917     47.500  1019.9134  41677.168    26.1193      0.464    6.57516    10.7506    10.7494    19.9113   11.93598 7.0149e+01      0.469 0.0000e+00
        192 267.445263    0.01326     0.7958     47.750  1019.9148  41679.758    26.1212      0.469    6.57499    10.7511    10.7501    19.9126   11.93567 6.9908e+01      0.474 0.0000e+00
        193 267.445266    0.01333     0.8000     48.000  1019.9156  41681.226    26.1222      0.473    6.57486    10.7514    10.7507    19.9134   11.93545 6.9625e+01      0.478 0.0000e+00
        194 267.445269    0.01340     0.8042     48.250  1019.9153  41680.787    26.1220      0.476    6.57481    10.7516    10.7511    19.9131   11.93537 6.9360e+01      0.481 0.0000e+00
        195 267.445272    0.01347     0.8083     48.500  1019.9144  41679.096    26.1208      0.478    6.57481    10.7517    10.7514    19.9122   11.93538 6.9252e+01      0.483 0.0000e+00
        196 267.445275    0.01354     0.8125     48.750  1019.9132  41676.999    26.1194      0.478    6.57484    10.7518    10.7516    19.9110   11.93545 6.9475e+01      0.483 0.0000e+00
        197 267.445278    0.01361     0.8167     49.000  1019.9119  41674.565    26.1177      0.476    6.57489    10.7518    10.7518    19.9097   11.93555 7.0025e+01      0.481 0.0000e+00
        198 267.445281    0.01368     0.8208     49.250  1019.9099  41670.875    26.1152      0.472    6.57499    10.7515    10.7518    19.9077   11.93574 7.0621e+01      0.477 0.0000e+00
        199 267.445284    0.01375     0.8250     49.500  1019.9064  41664.421    26.1107      0.468    6.57518    10.7510    10.7518    19.9043   11.93612 7.0949e+01      0.472 0.0000e+00
        200 267.445286    0.01382     0.8292     49.750  1019.9016  41655.527    26.1045      0.465    6.57547    10.7501    10.7516    19.8995   11.93668 7.0872e+01      0.469 0.0000e+00
        201 267.445289    0.01389     0.8333     50.000  1019.8970  41646.941    26.0986      0.464    6.57580    10.7489    10.7511    19.8949   11.93729 7.0503e+01      0.469 0.0000e+00
        202 267.445292    0.01396     0.8375     50.250  1019.8938  41640.811    26.0943      0.466    6.57611    10.7475    10.7502    19.8917   11.93786 7.0212e+01      0.470 0.0000e+00
        203 267.445295    0.01403     0.8417     50.500  1019.8924  41637.899    26.0921      0.468    6.57637    10.7464    10.7489    19.8902   11.93833 7.0212e+01      0.472 0.0000e+00
        204 267.445298    0.01410     0.8458     50.750  1019.8922  41637.380    26.0916      0.468    6.57658    10.7455    10.7476    19.8900   11.93869 7.0344e+01      0.472 0.0000e+00
        205 267.445301    0.01417     0.8500     51.000  1019.8919  41636.510    26.0909      0.467    6.57678    10.7447    10.7464    19.8897   11.93902 7.0346e+01      0.471 0.0000e+00
        206 267.445304    0.01424     0.8542     51.250  1019.8906  41633.970    26.0891      0.466    6.57699    10.7440    10.7455    19.8884   11.93939 7.0024e+01      0.470 0.0000e+00
        207 267.445307    0.01431     0.8583     51.500  1019.8892  41631.340    26.0872      0.466    6.57718    10.7434    10.7448    19.8870   11.93972 6.9471e+01      0.470 0.0000e+00
        208 267.445310    0.01438     0.8625     51.750  1019.8888  41630.373    26.0865      0.466    6.57731    10.7430    10.7440    19.8866   11.93996 6.9135e+01      0.471 0.0000e+00
        209 267.445313    0.01444     0.8667     52.000  1019.8894  41631.443    26.0872      0.465    6.57738    10.7427    10.7434    19.8872   11.94005 6.9324e+01      0.469 0.0000e+00
        210 267.445315    0.01451     0.8708     52.250  1019.8903  41633.035    26.0882      0.461    6.57739    10.7427    10.7430    19.8881   11.94007 6.9880e+01      0.466 0.0000e+00
        211 267.445318    0.01458     0.8750     52.500  1019.8899  41632.246    26.0877      0.457    6.57745    10.7429    10.7428    19.8877   11.94018 7.0505e+01      0.461 0.0000e+00
        212 267.445321    0.01465     0.8792     52.750  1019.8872  41627.268    26.0842      0.453    6.57760    10.7435    10.7427    19.8851   11.94047 7.0909e+01      0.457 0.0000e+00
        213 267.445324    0.01472     0.8833     53.000  1019.8828  41619.029    26.0785      0.451    6.57780    10.7447    10.7429    19.8806   11.94088 7.0884e+01      0.455 0.0000e+00
        214 267.445327    0.01479     0.8875     53.250  1019.8779  41610.026    26.0723      0.451    6.57797    10.7461    10.7436    19.8758   11.94123 7.0596e+01      0.455 0.0000e+00
        215 267.445330    0.01486     0.8917     53.500  1019.8739  41602.846    26.0675      0.452    6.57801    10.7476    10.7447    19.8718   11.94135 7.0375e+01      0.457 0.0000e+00
        216 267.445333    0.01493     0.8958     53.750  1019.8723  41600.026    26.0657      0.453    6.57788    10.7488    10.7462    19.8702   11.94115 7.0396e+01      0.457 0.0000e+00
        217 267.445336    0.01500     0.9000     54.000  1019.8734  41602.372    26.0674      0.451    6.57759    10.7498    10.7477    19.8713   11.94066 7.0761e+01      0.456 0.0000e+00
        218 267.445339    0.01507     0.9042     54.250  1019.8760  41607.448    26.0710      0.447    6.57726    10.7506    10.7489    19.8739   11.94006 7.1431e+01      0.451 0.0000e+00
        219 267.445341    0.01514     0.9083     54.500  1019.8779  41611.281    26.0738      0.441    6.57700    10.7511    10.7499    19.8759   11.93960 7.2100e+01      0.445 0.0000e+00
        220 267.445344    0.01521     0.9125     54.750  1019.8778  41611.239    26.0738      0.436    6.57689    10.7514    10.7506    19.8758   11.93941 7.2447e+01      0.440 0.0000e+00
        221 267.445347    0.01528     0.9167     55.000  1019.8755  41607.032    26.0710      0.434    6.57694    10.7515    10.7511    19.8735   11.93953 7.2441e+01      0.438 0.0000e+00
        222 267.445350    0.01535     0.9208     55.250  1019.8722  41600.818    26.0667      0.435    6.57708    10.7517    10.7514    19.8701   11.93981 7.2151e+01      0.440 0.0000e+00
        223 267.445353    0.01542     0.9250     55.500  1019.8697  41596.251    26.0636      0.440    6.57719    10.7519    10.7516    19.8677   11.94003 7.1622e+01      0.444 0.0000e+00
        224 267.445356    0.01549     0.9292     55.750  1019.8694  41595.668    26.0632      0.445    6.57718    10.7521    10.7517    19.8673   11.94003 7.1207e+01      0.449 0.0000e+00
        225 267.445359    0.01556     0.9333     56.000  1019.8714  41599.401    26.0658      0.447    6.57705    10.7523    10.7519    19.8693   11.93978 7.1308e+01      0.451 0.0000e+00
        226 267.445362    0.01563     0.9375     56.250  1019.8750  41606.115    26.0704      0.443    6.57683    10.7526    10.7521    19.8729   11.93934 7.1906e+01      0.448 0.0000e+00
        227 267.445365    0.01569     0.9417     56.500  1019.8785  41612.904    26.0752      0.436    6.57660    10.7529    10.7523    19.8766   11.93890 7.2730e+01      0.440 0.0000e+00
        228 267.445367    0.01576     0.9458     56.750  1019.8805  41616.627    26.0778      0.427    6.57645    10.7531    10.7526    19.8785   11.93862 7.3448e+01      0.431 0.0000e+00
        229 267.445370    0.01583     0.9500     57.000  1019.8798  41615.401    26.0770      0.421    6.57644    10.7530    10.7529    19.8779   11.93862 7.3783e+01      0.425 0.0000e+00
        230 267.445373    0.01590     0.9542     57.250  1019.8770  41610.317    26.0735      0.420    6.57656    10.7526    10.7531    19.8751   11.93886 7.3589e+01      0.424 0.0000e+00
        231 267.445376    0.01597     0.9583     57.500  1019.8742  41604.917    26.0697      0.425    6.57672    10.7520    10.7530    19.8722   11.93917 7.2876e+01      0.429 0.0000e+00
        232 267.445379    0.01604     0.9625     57.750  1019.8728  41602.300    26.0678      0.434    6.57685    10.7512    10.7527    19.8709   11.93941 7.2034e+01      0.439 0.0000e+00
        233 267.445382    0.01611     0.9667     58.000  1019.8738  41603.835    26.0688      0.444    6.57691    10.7504    10.7520    19.8717   11.93949 7.1599e+01      0.449 0.0000e+00
        234 267.445385    0.01618     0.9708     58.250  1019.8768  41609.395    26.0726      0.450    6.57686    10.7500    10.7512    19.8748   11.93937 7.1766e+01      0.454 0.0000e+00
        235 267.445388    0.01625     0.9750     58.500  1019.8810  41617.017    26.0778      0.449    6.57675    10.7500    10.7505    19.8789   11.93912 7.2321e+01      0.454 0.0000e+00
        236 267.445391    0.01632     0.9792     58.750  1019.8844  41623.386    26.0822      0.442    6.57662    10.7503    10.7501    19.8824   11.93886 7.2869e+01      0.447 0.0000e+00
        237 267.445394    0.01639     0.9833     59.000  1019.8856  41625.733    26.0838      0.434    6.57655    10.7507    10.7501    19.8836   11.93874 7.3093e+01      0.438 0.0000e+00
        238 267.445396    0.01646     0.9875     59.250  1019.8843  41623.279    26.0822      0.427    6.57658    10.7509    10.7504    19.8823   11.93879 7.2850e+01      0.432 0.0000e+00
        239 267.445399    0.01653     0.9917     59.500  1019.8813  41617.796    26.0784      0.426    6.57668    10.7505    10.7508    19.8793   11.93900 7.2259e+01      0.431 0.0000e+00
        240 267.445402    0.01660     0.9958     59.750  1019.8784  41612.471    26.0747      0.430    6.57681    10.7498    10.7509    19.8764   11.93927 7.1660e+01      0.434 0.0000e+00
        241 267.445405    0.01667     1.0000     60.000  1019.8772  41610.054    26.0730      0.435    6.57693    10.7488    10.7506    19.8752   11.93949 7.1462e+01      0.439 0.0000e+00
        242 267.445408    0.01674     1.0042     60.250  1019.8781  41611.626    26.0740      0.438    6.57700    10.7478    10.7498    19.8761   11.93959 7.1825e+01      0.443 0.0000e+00
        243 267.445411    0.01681     1.0083     60.500  1019.8805  41615.879    26.0769      0.438    6.57702    10.7468    10.7489    19.8785   11.93959 7.2402e+01      0.443 0.0000e+00
        244 267.445414    0.01688     1.0125     60.750  1019.8827  41619.909    26.0796      0.436    6.57705    10.7458    10.7479    19.8807   11.93962 7.2789e+01      0.440 0.0000e+00
        245 267.445417    0.01694     1.0167     61.000  1019.8836  41621.475    26.0806      0.433    6.57716    10.7449    10.7468    19.8816   11.93978 7.2815e+01      0.437 0.0000e+00
        246 267.445420    0.01701     1.0208     61.250  1019.8832  41620.503    26.0798      0.432    6.57733    10.7441    10.7459    19.8812   11.94008 7.2507e+01      0.437 0.0000e+00
        247 267.445422    0.01708     1.0250     61.500  1019.8825  41619.000    26.0787      0.434    6.57751    10.7433    10.7450    19.8805   11.94038 7.2023e+01      0.438 0.0000e+00
        248 267.445425    0.01715     1.0292     61.750  1019.8828  41619.467    26.0790      0.436    6.57762    10.7427    10.7441    19.8808   11.94056 7.1703e+01      0.440 0.0000e+00
        249 267.445428    0.01722     1.0333     62.000  1019.8845  41622.437    26.0809      0.437    6.57765    10.7424    10.7433    19.8825   11.94059 7.1902e+01      0.441 0.0000e+00
        250 267.445431    0.01729     1.0375     62.250  1019.8865  41626.060    26.0834      0.435    6.57763    10.7424    10.7428    19.8845   11.94052 7.2365e+01      0.439 0.0000e+00
        251 267.445434    0.01736     1.0417     62.500  1019.8876  41628.097    26.0847      0.432    6.57761    10.7425    10.7425    19.8856   11.94048 7.2635e+01      0.437 0.0000e+00
        252 267.445437    0.01743     1.0458     62.750  1019.8873  41627.575    26.0844      0.430    6.57763    10.7427    10.7424    19.8853   11.94052 7.2634e+01      0.435 0.0000e+00
        253 267.445440    0.01750     1.0500     63.000  1019.8859  41625.083    26.0827      0.430    6.57768    10.7427    10.7426    19.8840   11.94062 7.2365e+01      0.435 0.0000e+00
        254 267.445443    0.01757     1.0542     63.250  1019.8844  41622.157    26.0806      0.432    6.57775    10.7426    10.7427    19.8824   11.94076 7.1916e+01      0.436 0.0000e+00
        255 267.445446    0.01764     1.0583     63.500  1019.8833  41620.146    26.0792      0.434    6.57781    10.7425    10.7427    19.8813   11.94088 7.1611e+01      0.438 0.0000e+00
