CTD-processing/allCTD/CNV--homogene/2016_04-11_t3_s09_cast203.cnv
* Sea-Bird SBE19plus Data File:
* FileName = C:\Users\Kris.Holderied\Documents\kasitsna\Research-KBL\Oceanography-AK\CTD-Data-ALL-to-2016-02\2016-CTD-KachemakBay-CookInlet\2016-04-CookInlet-quarterly\2016-04-11-CookInlet-Tran3-AnchorPt\2016-04-11-CookInlet-Tran3-cast203.hex
* Software Version 1.59
* Temperature SN =  5028
* Conductivity SN =  5028
* System UpLoad Time = Apr 11 2016 11:20:44
** Cook Inlet LTM Tran3 Anchor Pt west to east
** Date (YYYY-MM-DD): 2016-04-11
** Station (ie. 9-01): 3-09
** Start time (AKST): 09:18
** Depth (m): 73
** Comment:  R/V Pandalus.
** Comment:
# nquan = 17
# nvalues = 617                         
# units = specified
# name 0 = scan: Scan Count
# name 1 = timeJ: Julian Days
# name 2 = timeH: Time, Elapsed [hours]
# name 3 = timeM: Time, Elapsed [minutes]
# name 4 = timeS: Time, Elapsed [seconds]
# name 5 = density00: Density [density, kg/m^3]
# name 6 = specc: Specific Conductance [uS/cm]
# name 7 = sal00: Salinity, Practical [PSU]
# name 8 = depSM: Depth [salt water, m], lat = 59.00
# name 9 = oxsolML/L: Oxygen Saturation, Garcia & Gordon [ml/l]
# name 10 = potemp090C: Potential Temperature [ITS-90, deg C]
# name 11 = tv290C: Temperature [ITS-90, deg C]
# name 12 = sigma-é00: Density [sigma-theta, kg/m^3]
# name 13 = n2satML/L: Nitrogen Saturation [ml/l]
# name 14 = par: PAR/Irradiance, Biospherical/Licor
# name 15 = prdM: Pressure, Strain Gauge [db]
# name 16 = flag:  0.000e+00
# span 0 =          1,        617       
# span 1 = 102.387593, 102.389375       
# span 2 =    0.00000,    0.04278       
# span 3 =     0.0000,     2.5667       
# span 4 =      0.000,    154.000       
# span 5 =  1000.6360,  1025.0563       
# span 6 =   1692.775,  50327.152       
# span 7 =     0.8277,    31.3799       
# span 8 =     -0.176,     73.326       
# span 9 =    7.10679,    8.98807       
# span 10 =     4.5577,     5.8149      
# span 11 =     4.5577,     5.8205      
# span 12 =     0.6367,    24.7167      
# span 13 =   12.75125,   16.32887      
# span 14 = 3.7976e-02, 1.2599e+02      
# span 15 =     -0.178,     74.031      
# span 16 = 0.0000e+00, 0.0000e+00      
# interval = seconds: 0.25
# start_time = Apr 11 2016 09:18:08 [Instrument's time stamp, header]
# bad_flag = -9.990e-29
*END*
[from data line 596]
        597 102.389317    0.04139     2.4833    149.000  1025.0391  50324.799    31.3784     69.615    7.10691     5.8143     5.8198    24.7139   12.75146 3.7976e-02     70.284 0.0000e+00
        598 102.389320    0.04146     2.4875    149.250  1025.0402  50324.906    31.3784     69.852    7.10691     5.8143     5.8198    24.7139   12.75146 3.7976e-02     70.524 0.0000e+00
        599 102.389323    0.04153     2.4917    149.500  1025.0414  50325.270    31.3785     70.094    7.10691     5.8143     5.8198    24.7140   12.75146 3.7976e-02     70.768 0.0000e+00
        600 102.389326    0.04160     2.4958    149.750  1025.0427  50325.748    31.3787     70.337    7.10690     5.8144     5.8198    24.7141   12.75144 3.7976e-02     71.013 0.0000e+00
        601 102.389329    0.04167     2.5000    150.000  1025.0439  50326.100    31.3789     70.573    7.10688     5.8146     5.8199    24.7142   12.75141 3.7976e-02     71.251 0.0000e+00
        602 102.389332    0.04174     2.5042    150.250  1025.0450  50326.294    31.3789     70.797    7.10686     5.8147     5.8200    24.7143   12.75137 3.7976e-02     71.478 0.0000e+00
        603 102.389334    0.04181     2.5083    150.500  1025.0460  50326.399    31.3789     71.008    7.10683     5.8148     5.8202    24.7142   12.75132 3.7976e-02     71.691 0.0000e+00
        604 102.389337    0.04188     2.5125    150.750  1025.0468  50326.464    31.3789     71.204    7.10681     5.8149     5.8203    24.7142   12.75129 3.7976e-02     71.888 0.0000e+00
        605 102.389340    0.04194     2.5167    151.000  1025.0476  50326.480    31.3788     71.387    7.10679     5.8149     5.8204    24.7141   12.75126 3.7976e-02     72.073 0.0000e+00
        606 102.389343    0.04201     2.5208    151.250  1025.0484  50326.453    31.3787     71.561    7.10679     5.8149     5.8205    24.7141   12.75125 3.7976e-02     72.249 0.0000e+00
        607 102.389346    0.04208     2.5250    151.500  1025.0491  50326.414    31.3786     71.734    7.10679     5.8149     5.8205    24.7140   12.75125 3.7976e-02     72.424 0.0000e+00
        608 102.389349    0.04215     2.5292    151.750  1025.0499  50326.366    31.3785     71.911    7.10679     5.8148     5.8205    24.7139   12.75125 3.7976e-02     72.602 0.0000e+00
        609 102.389352    0.04222     2.5333    152.000  1025.0506  50326.302    31.3784     72.095    7.10680     5.8146     5.8205    24.7138   12.75127 3.7976e-02     72.788 0.0000e+00
        610 102.389355    0.04229     2.5375    152.250  1025.0514  50326.237    31.3782     72.287    7.10682     5.8144     5.8204    24.7137   12.75130 3.7976e-02     72.982 0.0000e+00
        611 102.389358    0.04236     2.5417    152.500  1025.0522  50326.216    31.3781     72.485    7.10685     5.8142     5.8203    24.7136   12.75135 3.7976e-02     73.182 0.0000e+00
        612 102.389361    0.04243     2.5458    152.750  1025.0531  50326.319    31.3780     72.683    7.10688     5.8141     5.8201    24.7136   12.75140 3.7976e-02     73.382 0.0000e+00
        613 102.389363    0.04250     2.5500    153.000  1025.0541  50326.555    31.3781     72.873    7.10691     5.8139     5.8200    24.7136   12.75145 3.7976e-02     73.574 0.0000e+00
        614 102.389366    0.04257     2.5542    153.250  1025.0549  50326.811    31.3781     73.047    7.10693     5.8138     5.8198    24.7137   12.75149 3.7976e-02     73.750 0.0000e+00
        615 102.389369    0.04264     2.5583    153.500  1025.0557  50327.002    31.3782     73.193    7.10695     5.8138     5.8197    24.7137   12.75152 3.7976e-02     73.897 0.0000e+00
        616 102.389372    0.04271     2.5625    153.750  1025.0561  50327.114    31.3782     73.291    7.10696 -9.990e-29     5.8196    24.7138   12.75154 3.7976e-02     73.996 0.0000e+00
        617 102.389375    0.04278     2.5667    154.000  1025.0563  50327.152    31.3782     73.326    7.10696 -9.990e-29     5.8196    24.7138   12.75155 3.7976e-02     74.031 0.0000e+00
