CTD-processing/allCTD/CNV--homogene/2016_12-13_t9_s02_cast188.cnv
* Sea-Bird SBE19plus Data File:
* FileName = P:\My Documents\kasitsna\Research-KBL\Oceanography-AK\CTD-Data-ALL-to-2016-05\2016-CTD-KachemakBay-CookInlet\2016-12-CookInlet-quarterly\2016-12-13-CookInlet-Tran9-HomerSpit\2016-12-13-CookInlet-Tran9-cast188.hex
* Software Version 1.59
* Temperature SN =  5028
* Conductivity SN =  5028
* System UpLoad Time = Jan 04 2017 19:25:35
** Cook Inlet LTM Tran 9 south to north
** Date: (YYYY-MM-DD): 2016-12-13
** Station: (eg. 9-01): 9-02
** Start time (AKST): 16:45
** Depth (m): 71
** Comment: R/V Alaska Dream Catcher. CTD on AKDT (1 hr ahead).
** Comment:
# nquan = 17
# nvalues = 651                         
# units = specified
# name 0 = scan: Scan Count
# name 1 = timeJ: Julian Days
# name 2 = timeH: Time, Elapsed [hours]
# name 3 = timeM: Time, Elapsed [minutes]
# name 4 = timeS: Time, Elapsed [seconds]
# name 5 = density00: Density [density, kg/m^3]
# name 6 = specc: Specific Conductance [uS/cm]
# name 7 = sal00: Salinity, Practical [PSU]
# name 8 = depSM: Depth [salt water, m], lat = 59.00
# name 9 = oxsolML/L: Oxygen Saturation, Garcia & Gordon [ml/l]
# name 10 = potemp090C: Potential Temperature [ITS-90, deg C]
# name 11 = tv290C: Temperature [ITS-90, deg C]
# name 12 = sigma-é00: Density [sigma-theta, kg/m^3]
# name 13 = n2satML/L: Nitrogen Saturation [ml/l]
# name 14 = par: PAR/Irradiance, Biospherical/Licor
# name 15 = prdM: Pressure, Strain Gauge [db]
# name 16 = flag:  0.000e+00
# span 0 =          1,        651       
# span 1 = 348.740208, 348.742089       
# span 2 =    0.00000,    0.04514       
# span 3 =     0.0000,     2.7083       
# span 4 =      0.000,    162.500       
# span 5 =  1000.4202,  1025.0254       
# span 6 =   1173.971,  50257.678       
# span 7 =     0.5646,    31.5421       
# span 8 =      0.083,     71.590       
# span 9 =    6.90580,    8.90461       
# span 10 =     4.9806,     6.9984      
# span 11 =     4.9806,     7.0047      
# span 12 =     0.4198,    24.7073      
# span 13 =   12.41706,   16.19310      
# span 14 = 4.3572e-02, 6.5365e-01      
# span 15 =      0.083,     72.278      
# span 16 = 0.0000e+00, 0.0000e+00      
# interval = seconds: 0.25
# start_time = Dec 13 2016 17:45:54 [Instrument's time stamp, header]
# bad_flag = -9.990e-29
*END*
[from data line 171]
        172 348.740703    0.01188     0.7125     42.750  1024.3570  49576.820    31.0317      1.173    7.00235     6.5076     6.5500    24.3515   12.58306 6.1407e-02      1.184 0.0000e+00
        173 348.740706    0.01194     0.7167     43.000  1024.3642  49590.888    31.0377      1.157    7.00542     6.4868     6.5294    24.3588   12.58805 6.1554e-02      1.168 0.0000e+00
        174 348.740709    0.01201     0.7208     43.250  1024.3753  49612.028    31.0484      1.140    7.00848     6.4681     6.5077    24.3700   12.59297 6.1630e-02      1.151 0.0000e+00
        175 348.740712    0.01208     0.7250     43.500  1024.3887  49637.447    31.0622      1.122    7.01124     6.4529     6.4869    24.3834   12.59736 6.1805e-02      1.133 0.0000e+00
        176 348.740715    0.01215     0.7292     43.750  1024.4048  49667.695    31.0798      1.104    7.01348     6.4427     6.4682    24.3996   12.60083 6.2030e-02      1.115 0.0000e+00
        177 348.740718    0.01222     0.7333     44.000  1024.4249  49705.350    31.1031      1.088    7.01489     6.4390     6.4530    24.4199   12.60287 6.2098e-02      1.099 0.0000e+00
        178 348.740720    0.01229     0.7375     44.250  1024.4500  49751.667    31.1333      1.078    7.01516     6.4424     6.4428    24.4449   12.60294 6.2123e-02      1.088 0.0000e+00
        179 348.740723    0.01236     0.7417     44.500  1024.4787  49804.457    31.1692      1.074    7.01411     6.4530     6.4391    24.4737   12.60074 6.2296e-02      1.084 0.0000e+00
        180 348.740726    0.01243     0.7458     44.750  1024.5077  49857.492    31.2066      1.079    7.01181     6.4694     6.4425    24.5027   12.59647 6.2372e-02      1.089 0.0000e+00
        181 348.740729    0.01250     0.7500     45.000  1024.5315  49900.509    31.2383      1.091    7.00862     6.4895     6.4531    24.5264   12.59080 6.2240e-02      1.101 0.0000e+00
        182 348.740732    0.01257     0.7542     45.250  1024.5446  49923.721    31.2574      1.108    7.00505     6.5102     6.4695    24.5394   12.58465 6.2149e-02      1.119 0.0000e+00
        183 348.740735    0.01264     0.7583     45.500  1024.5445  49922.640    31.2603      1.128    7.00163     6.5284     6.4896    24.5392   12.57896 6.2096e-02      1.139 0.0000e+00
        184 348.740738    0.01271     0.7625     45.750  1024.5319  49898.667    31.2475      1.149    6.99885     6.5423     6.5103    24.5265   12.57452 6.1943e-02      1.160 0.0000e+00
        185 348.740741    0.01278     0.7667     46.000  1024.5098  49857.518    31.2223      1.167    6.99704     6.5515     6.5285    24.5043   12.57185 6.1769e-02      1.178 0.0000e+00
        186 348.740744    0.01285     0.7708     46.250  1024.4825  49807.002    31.1898      1.181    6.99628     6.5572     6.5424    24.4770   12.57101 6.1709e-02      1.193 0.0000e+00
        187 348.740747    0.01292     0.7750     46.500  1024.4540  49754.307    31.1549      1.192    6.99638     6.5606     6.5516    24.4484   12.57162 6.1746e-02      1.203 0.0000e+00
        188 348.740749    0.01299     0.7792     46.750  1024.4266  49703.785    31.1210      1.197    6.99702     6.5619     6.5573    24.4209   12.57310 6.1804e-02      1.208 0.0000e+00
        189 348.740752    0.01306     0.7833     47.000  1024.4018  49658.360    31.0901      1.196    6.99789     6.5597     6.5607    24.3962   12.57493 6.1874e-02      1.208 0.0000e+00
        190 348.740755    0.01313     0.7875     47.250  1024.3813  49620.784    31.0643      1.189    6.99887     6.5517     6.5620    24.3757   12.57687 6.2004e-02      1.201 0.0000e+00
        191 348.740758    0.01319     0.7917     47.500  1024.3672  49595.075    31.0461      1.177    7.00008     6.5379     6.5598    24.3617   12.57910 6.2158e-02      1.188 0.0000e+00
        192 348.740761    0.01326     0.7958     47.750  1024.3633  49588.408    31.0401      1.162    7.00166     6.5210     6.5518    24.3579   12.58179 6.2282e-02      1.173 0.0000e+00
        193 348.740764    0.01333     0.8000     48.000  1024.3724  49605.661    31.0495      1.145    7.00348     6.5056     6.5380    24.3671   12.58468 6.2424e-02      1.156 0.0000e+00
        194 348.740767    0.01340     0.8042     48.250  1024.3934  49644.719    31.0735      1.131    7.00512     6.4954     6.5211    24.3881   12.58709 6.2496e-02      1.142 0.0000e+00
        195 348.740770    0.01347     0.8083     48.500  1024.4218  49697.442    31.1072      1.120    7.00609     6.4923     6.5057    24.4166   12.58826 6.2465e-02      1.131 0.0000e+00
        196 348.740773    0.01354     0.8125     48.750  1024.4508  49751.012    31.1425      1.114    7.00611     6.4955     6.4955    24.4457   12.58785 6.2464e-02      1.124 0.0000e+00
        197 348.740775    0.01361     0.8167     49.000  1024.4731  49792.065    31.1704      1.111    7.00533     6.5031     6.4924    24.4680   12.58622 6.2502e-02      1.121 0.0000e+00
        198 348.740778    0.01368     0.8208     49.250  1024.4845  49812.744    31.1853      1.110    7.00411     6.5122     6.4956    24.4794   12.58401 6.2490e-02      1.120 0.0000e+00
        199 348.740781    0.01375     0.8250     49.500  1024.4857  49814.775    31.1881      1.109    7.00274     6.5211     6.5032    24.4806   12.58172 6.2398e-02      1.120 0.0000e+00
        200 348.740784    0.01382     0.8292     49.750  1024.4829  49809.307    31.1859      1.108    7.00136     6.5305     6.5123    24.4778   12.57947 6.2337e-02      1.119 0.0000e+00
        201 348.740787    0.01389     0.8333     50.000  1024.4834  49809.959    31.1880      1.108    6.99981     6.5422     6.5212    24.4783   12.57688 6.2332e-02      1.118 0.0000e+00
        202 348.740790    0.01396     0.8375     50.250  1024.4901  49821.961    31.1980      1.109    6.99782     6.5570     6.5306    24.4850   12.57345 6.2287e-02      1.120 0.0000e+00
        203 348.740793    0.01403     0.8417     50.500  1024.5002  49840.026    31.2127      1.114    6.99525     6.5741     6.5423    24.4951   12.56902 6.2240e-02      1.125 0.0000e+00
        204 348.740796    0.01410     0.8458     50.750  1024.5090  49855.530    31.2261      1.122    6.99221     6.5912     6.5571    24.5038   12.56383 6.2174e-02      1.133 0.0000e+00
        205 348.740799    0.01417     0.8500     51.000  1024.5125  49861.314    31.2332      1.133    6.98909     6.6062     6.5742    24.5073   12.55859 6.2018e-02      1.144 0.0000e+00
        206 348.740802    0.01424     0.8542     51.250  1024.5082  49852.815    31.2304      1.144    6.98643     6.6176     6.5913    24.5029   12.55423 6.1814e-02      1.154 0.0000e+00
        207 348.740804    0.01431     0.8583     51.500  1024.4949  49827.876    31.2158      1.152    6.98468     6.6252     6.6063    24.4896   12.55151 6.1637e-02      1.163 0.0000e+00
        208 348.740807    0.01438     0.8625     51.750  1024.4741  49789.407    31.1912      1.158    6.98396     6.6305     6.6177    24.4687   12.55063 6.1525e-02      1.169 0.0000e+00
        209 348.740810    0.01444     0.8667     52.000  1024.4527  49749.919    31.1652      1.162    6.98392     6.6350     6.6253    24.4473   12.55088 6.1419e-02      1.173 0.0000e+00
        210 348.740813    0.01451     0.8708     52.250  1024.4396  49725.839    31.1495      1.164    6.98379     6.6396     6.6306    24.4342   12.55087 6.1283e-02      1.175 0.0000e+00
        211 348.740816    0.01458     0.8750     52.500  1024.4399  49726.174    31.1505      1.166    6.98300     6.6441     6.6351    24.4345   12.54955 6.1213e-02      1.177 0.0000e+00
        212 348.740819    0.01465     0.8792     52.750  1024.4524  49748.875    31.1671      1.169    6.98150     6.6484     6.6397    24.4469   12.54686 6.1304e-02      1.180 0.0000e+00
        213 348.740822    0.01472     0.8833     53.000  1024.4702  49781.271    31.1903      1.174    6.97970     6.6519     6.6442    24.4647   12.54360 6.1440e-02      1.185 0.0000e+00
        214 348.740825    0.01479     0.8875     53.250  1024.4833  49805.091    31.2076      1.179    6.97821     6.6529     6.6485    24.4778   12.54091 6.1479e-02      1.190 0.0000e+00
        215 348.740828    0.01486     0.8917     53.500  1024.4838  49805.948    31.2088      1.183    6.97759     6.6498     6.6520    24.4783   12.53987 6.1510e-02      1.194 0.0000e+00
        216 348.740830    0.01493     0.8958     53.750  1024.4685  49777.890    31.1896      1.182    6.97830     6.6412     6.6530    24.4630   12.54129 6.1611e-02      1.193 0.0000e+00
        217 348.740833    0.01500     0.9000     54.000  1024.4403  49726.509    31.1534      1.174    6.98048     6.6255     6.6499    24.4348   12.54535 6.1742e-02      1.185 0.0000e+00
        218 348.740836    0.01507     0.9042     54.250  1024.4080  49667.653    31.1110      1.159    6.98383     6.6003     6.6413    24.4026   12.55143 6.1943e-02      1.170 0.0000e+00
        219 348.740839    0.01514     0.9083     54.500  1024.3822  49620.984    31.0759      1.137    6.98800     6.5655     6.6256    24.3769   12.55877 6.2213e-02      1.148 0.0000e+00
        220 348.740842    0.01521     0.9125     54.750  1024.3739  49606.857    31.0615      1.110    6.99277     6.5274     6.6004    24.3687   12.56683 6.2417e-02      1.121 0.0000e+00
        221 348.740845    0.01528     0.9167     55.000  1024.3895  49636.816    31.0760      1.083    6.99777     6.4954     6.5656    24.3845   12.57492 6.2578e-02      1.094 0.0000e+00
        222 348.740848    0.01535     0.9208     55.250  1024.4265  49705.987    31.1171      1.060    7.00208     6.4763     6.5275    24.4216   12.58153 6.2820e-02      1.070 0.0000e+00
        223 348.740851    0.01542     0.9250     55.500  1024.4769  49799.374    31.1760      1.044    7.00458     6.4723     6.4955    24.4720   12.58491 6.2935e-02      1.054 0.0000e+00
        224 348.740854    0.01549     0.9292     55.750  1024.5306  49898.550    31.2412      1.041    7.00469     6.4821     6.4764    24.5258   12.58427 6.2774e-02      1.051 0.0000e+00
        225 348.740856    0.01556     0.9333     56.000  1024.5782  49985.708    31.3009      1.050    7.00258     6.5029     6.4724    24.5733   12.58003 6.2561e-02      1.060 0.0000e+00
        226 348.740859    0.01563     0.9375     56.250  1024.6132  50049.351    31.3468      1.073    6.99885     6.5307     6.4822    24.6083   12.57329 6.2347e-02      1.083 0.0000e+00
        227 348.740862    0.01569     0.9417     56.500  1024.6337  50085.882    31.3759      1.107    6.99412     6.5604     6.5030    24.6286   12.56510 6.2050e-02      1.117 0.0000e+00
        228 348.740865    0.01576     0.9458     56.750  1024.6389  50094.057    31.3866      1.146    6.98909     6.5867     6.5308    24.6336   12.55665 6.1788e-02      1.157 0.0000e+00
        229 348.740868    0.01583     0.9500     57.000  1024.6283  50073.259    31.3776      1.185    6.98467     6.6059     6.5605    24.6228   12.54946 6.1649e-02      1.196 0.0000e+00
        230 348.740871    0.01590     0.9542     57.250  1024.6030  50025.962    31.3496      1.219    6.98168     6.6156     6.5868    24.5974   12.54487 6.1547e-02      1.231 0.0000e+00
        231 348.740874    0.01597     0.9583     57.500  1024.5645  49954.711    31.3036      1.243    6.98068     6.6140     6.6060    24.5588   12.54380 6.1425e-02      1.255 0.0000e+00
        232 348.740877    0.01604     0.9625     57.750  1024.5175  49868.242    31.2454      1.253    6.98179     6.5986     6.6157    24.5117   12.54636 6.1381e-02      1.265 0.0000e+00
        233 348.740880    0.01611     0.9667     58.000  1024.4739  49788.533    31.1899      1.250    6.98461     6.5675     6.6141    24.4681   12.55173 6.1500e-02      1.262 0.0000e+00
        234 348.740883    0.01618     0.9708     58.250  1024.4481  49741.851    31.1547      1.233    6.98874     6.5241     6.5987    24.4424   12.55899 6.1733e-02      1.245 0.0000e+00
        235 348.740885    0.01625     0.9750     58.500  1024.4499  49746.422    31.1522      1.205    6.99392     6.4772     6.5676    24.4443   12.56758 6.1993e-02      1.217 0.0000e+00
        236 348.740888    0.01632     0.9792     58.750  1024.4780  49799.630    31.1812      1.170    6.99967     6.4364     6.5242    24.4725   12.57672 6.2222e-02      1.181 0.0000e+00
        237 348.740891    0.01639     0.9833     59.000  1024.5218  49881.838    31.2296      1.131    7.00508     6.4078     6.4773    24.5165   12.58506 6.2395e-02      1.142 0.0000e+00
        238 348.740894    0.01646     0.9875     59.250  1024.5712  49974.158    31.2861      1.094    7.00913     6.3936     6.4365    24.5661   12.59104 6.2532e-02      1.105 0.0000e+00
        239 348.740897    0.01653     0.9917     59.500  1024.6184  50061.833    31.3416      1.065    7.01124     6.3943     6.4079    24.6134   12.59382 6.2677e-02      1.075 0.0000e+00
        240 348.740900    0.01660     0.9958     59.750  1024.6553  50130.194    31.3864      1.045    7.01148     6.4109     6.3937    24.6505   12.59366 6.2746e-02      1.055 0.0000e+00
        241 348.740903    0.01667     1.0000     60.000  1024.6765  50168.999    31.4134      1.037    7.01012     6.4417     6.3944    24.6717   12.59106 6.2645e-02      1.047 0.0000e+00
        242 348.740906    0.01674     1.0042     60.250  1024.6819  50178.237    31.4229      1.040    7.00698     6.4806     6.4109    24.6771   12.58576 6.2421e-02      1.050 0.0000e+00
        243 348.740909    0.01681     1.0083     60.500  1024.6761  50166.363    31.4203      1.054    7.00206     6.5201     6.4418    24.6712   12.57765 6.2046e-02      1.064 0.0000e+00
        244 348.740911    0.01688     1.0125     60.750  1024.6647  50143.856    31.4119      1.076    6.99611     6.5559     6.4806    24.6597   12.56792 6.1609e-02      1.086 0.0000e+00
        245 348.740914    0.01694     1.0167     61.000  1024.6506  50116.265    31.4000      1.103    6.99020     6.5858     6.5202    24.6454   12.55831 6.1288e-02      1.114 0.0000e+00
        246 348.740917    0.01701     1.0208     61.250  1024.6332  50082.924    31.3835      1.133    6.98514     6.6088     6.5560    24.6279   12.55015 6.1009e-02      1.144 0.0000e+00
        247 348.740920    0.01708     1.0250     61.500  1024.6108  50040.749    31.3597      1.163    6.98138     6.6247     6.5859    24.6054   12.54423 6.0713e-02      1.174 0.0000e+00
        248 348.740923    0.01715     1.0292     61.750  1024.5817  49986.479    31.3262      1.189    6.97917     6.6338     6.6089    24.5762   12.54102 6.0483e-02      1.200 0.0000e+00
        249 348.740926    0.01722     1.0333     62.000  1024.5462  49920.792    31.2835      1.208    6.97855     6.6366     6.6248    24.5406   12.54053 6.0367e-02      1.219 0.0000e+00
        250 348.740929    0.01729     1.0375     62.250  1024.5095  49853.341    31.2384      1.219    6.97916     6.6333     6.6339    24.5039   12.54209 6.0361e-02      1.230 0.0000e+00
        251 348.740932    0.01736     1.0417     62.500  1024.4786  49796.626    31.1996      1.221    6.98048     6.6237     6.6368    24.4730   12.54477 6.0468e-02      1.233 0.0000e+00
        252 348.740935    0.01743     1.0458     62.750  1024.4578  49758.521    31.1726      1.215    6.98226     6.6091     6.6335    24.4521   12.54805 6.0655e-02      1.227 0.0000e+00
        253 348.740937    0.01750     1.0500     63.000  1024.4487  49742.382    31.1597      1.203    6.98441     6.5926     6.6239    24.4431   12.55177 6.0871e-02      1.215 0.0000e+00
        254 348.740940    0.01757     1.0542     63.250  1024.4498  49744.883    31.1588      1.186    6.98683     6.5771     6.6093    24.4443   12.55577 6.1128e-02      1.198 0.0000e+00
        255 348.740943    0.01764     1.0583     63.500  1024.4560  49757.017    31.1643      1.166    6.98926     6.5638     6.5928    24.4506   12.55972 6.1449e-02      1.177 0.0000e+00
