CTD-processing/allCTD/CNV--homogene/2016_02-15_t6_s19_cast122.cnv
* Sea-Bird SBE19plus Data File:
* FileName = C:\Users\Kris.Holderied\Documents\kasitsna\Research-KBL\Oceanography-AK\CTD-Data-ALL-to-2016-02\2016-CTD-KachemakBay-CookInlet\2016-02-CookInlet-quarterly\2016-02-15-CookInlet-Tran6-Douglas\2016-02-15-CookInlet-Tran6-cast122.hex
* Software Version 1.59
* Temperature SN =  5028
* Conductivity SN =  5028
* System UpLoad Time = Feb 15 2016 19:38:08
** Cook Inlet LTM Tran6 Douglas West to East

** Date: 02-15
** Station: 6-19
** Start time (AKST): 13:08
** Depth (m): 177
** Comment:  R/V Pandalus
** Comment:
# nquan = 17
# nvalues = 1148                        
# units = specified
# name 0 = scan: Scan Count
# name 1 = timeJ: Julian Days
# name 2 = timeH: Time, Elapsed [hours]
# name 3 = timeM: Time, Elapsed [minutes]
# name 4 = timeS: Time, Elapsed [seconds]
# name 5 = density00: Density [density, kg/m^3]
# name 6 = specc: Specific Conductance [uS/cm]
# name 7 = sal00: Salinity, Practical [PSU]
# name 8 = depSM: Depth [salt water, m], lat = 59.00
# name 9 = oxsolML/L: Oxygen Saturation, Garcia & Gordon [ml/l]
# name 10 = potemp090C: Potential Temperature [ITS-90, deg C]
# name 11 = tv290C: Temperature [ITS-90, deg C]
# name 12 = sigma-é00: Density [sigma-theta, kg/m^3]
# name 13 = n2satML/L: Nitrogen Saturation [ml/l]
# name 14 = par: PAR/Irradiance, Biospherical/Licor
# name 15 = prdM: Pressure, Strain Gauge [db]
# name 16 = flag:  0.000e+00
# span 0 =          1,       1148       
# span 1 =  46.547581,  46.550900       
# span 2 =    0.00000,    0.07965       
# span 3 =     0.0000,     4.7792       
# span 4 =      0.000,    286.750       
# span 5 =  1000.0479,  1026.0590       
# span 6 =    286.678,  51326.479       
# span 7 =     0.1334,    32.1609       
# span 8 =     -0.156,    175.374       
# span 9 =    6.95174,    8.69443       
# span 10 =     6.0371,     6.5636      
# span 11 =     6.0370,     6.5722      
# span 12 =     0.0486,    25.2450      
# span 13 =   12.48570,   15.84697      
# span 14 = 3.7976e-02, 2.2772e+02      
# span 15 =     -0.157,    177.106      
# span 16 = 0.0000e+00, 0.0000e+00      
# interval = seconds: 0.25
# start_time = Feb 15 2016 13:08:31 [Instrument's time stamp, header]
# bad_flag = -9.990e-29
*END*
[from data line 681]
        682  46.549552    0.04729     2.8375    170.250  1025.1858  50811.957    31.8620     37.230    6.97214     6.4998     6.5001    25.0125   12.52265 2.3779e+00     37.584 0.0000e+00
        683  46.549554    0.04736     2.8417    170.500  1025.1883  50813.488    31.8632     37.626    6.97187     6.5014     6.5015    25.0133   12.52218 2.2786e+00     37.985 0.0000e+00
        684  46.549557    0.04743     2.8458    170.750  1025.1910  50815.124    31.8644     38.043    6.97156     6.5033     6.5030    25.0140   12.52165 2.1812e+00     38.406 0.0000e+00
        685  46.549560    0.04750     2.8500    171.000  1025.1939  50817.022    31.8658     38.467    6.97122     6.5053     6.5047    25.0149   12.52107 2.0894e+00     38.834 0.0000e+00
        686  46.549563    0.04757     2.8542    171.250  1025.1968  50818.970    31.8673     38.886    6.97085     6.5074     6.5066    25.0159   12.52044 2.0068e+00     39.257 0.0000e+00
        687  46.549566    0.04764     2.8583    171.500  1025.1993  50820.253    31.8684     39.284    6.97047     6.5093     6.5086    25.0165   12.51979 1.9355e+00     39.658 0.0000e+00
        688  46.549569    0.04771     2.8625    171.750  1025.2011  50820.715    31.8689     39.645    6.97010     6.5110     6.5107    25.0167   12.51919 1.8752e+00     40.023 0.0000e+00
        689  46.549572    0.04778     2.8667    172.000  1025.2025  50820.777    31.8692     39.959    6.96977     6.5124     6.5127    25.0166   12.51864 1.8248e+00     40.340 0.0000e+00
        690  46.549575    0.04785     2.8708    172.250  1025.2036  50820.612    31.8693     40.223    6.96949     6.5136     6.5144    25.0165   12.51818 1.7831e+00     40.606 0.0000e+00
        691  46.549578    0.04792     2.8750    172.500  1025.2044  50820.233    31.8692     40.441    6.96925     6.5146     6.5159    25.0162   12.51779 1.7487e+00     40.826 0.0000e+00
        692  46.549580    0.04799     2.8792    172.750  1025.2049  50819.795    31.8690     40.620    6.96906     6.5153     6.5171    25.0160   12.51748 1.7197e+00     41.007 0.0000e+00
        693  46.549583    0.04806     2.8833    173.000  1025.2054  50819.505    31.8689     40.770    6.96891     6.5160     6.5181    25.0158   12.51723 1.6942e+00     41.159 0.0000e+00
        694  46.549586    0.04813     2.8875    173.250  1025.2060  50819.517    31.8690     40.901    6.96879     6.5165     6.5188    25.0157   12.51702 1.6704e+00     41.291 0.0000e+00
        695  46.549589    0.04819     2.8917    173.500  1025.2068  50819.904    31.8694     41.022    6.96867     6.5172     6.5194    25.0159   12.51683 1.6473e+00     41.414 0.0000e+00
        696  46.549592    0.04826     2.8958    173.750  1025.2077  50820.639    31.8699     41.142    6.96855     6.5179     6.5200    25.0163   12.51662 1.6241e+00     41.535 0.0000e+00
        697  46.549595    0.04833     2.9000    174.000  1025.2087  50821.497    31.8706     41.264    6.96841     6.5186     6.5206    25.0167   12.51639 1.6002e+00     41.658 0.0000e+00
        698  46.549598    0.04840     2.9042    174.250  1025.2096  50822.210    31.8712     41.393    6.96827     6.5194     6.5214    25.0171   12.51614 1.5756e+00     41.788 0.0000e+00
        699  46.549601    0.04847     2.9083    174.500  1025.2105  50822.764    31.8716     41.530    6.96812     6.5201     6.5221    25.0174   12.51589 1.5500e+00     41.926 0.0000e+00
        700  46.549604    0.04854     2.9125    174.750  1025.2115  50823.300    31.8720     41.677    6.96798     6.5208     6.5229    25.0176   12.51565 1.5229e+00     42.075 0.0000e+00
        701  46.549606    0.04861     2.9167    175.000  1025.2126  50824.031    31.8726     41.839    6.96784     6.5215     6.5236    25.0180   12.51541 1.4942e+00     42.238 0.0000e+00
        702  46.549609    0.04868     2.9208    175.250  1025.2139  50825.079    31.8734     42.018    6.96770     6.5222     6.5243    25.0185   12.51516 1.4633e+00     42.418 0.0000e+00
        703  46.549612    0.04875     2.9250    175.500  1025.2155  50826.340    31.8743     42.219    6.96754     6.5231     6.5251    25.0191   12.51488 1.4296e+00     42.622 0.0000e+00
        704  46.549615    0.04882     2.9292    175.750  1025.2173  50827.812    31.8753     42.450    6.96736     6.5242     6.5259    25.0199   12.51457 1.3925e+00     42.855 0.0000e+00
        705  46.549618    0.04889     2.9333    176.000  1025.2195  50829.746    31.8767     42.714    6.96715     6.5255     6.5268    25.0209   12.51420 1.3519e+00     43.122 0.0000e+00
        706  46.549621    0.04896     2.9375    176.250  1025.2223  50832.377    31.8786     43.015    6.96689     6.5270     6.5278    25.0222   12.51375 1.3079e+00     43.426 0.0000e+00
        707  46.549624    0.04903     2.9417    176.500  1025.2256  50835.709    31.8810     43.353    6.96657     6.5287     6.5291    25.0239   12.51320 1.2612e+00     43.767 0.0000e+00
        708  46.549627    0.04910     2.9458    176.750  1025.2292  50839.387    31.8837     43.724    6.96620     6.5305     6.5307    25.0259   12.51255 1.2128e+00     44.141 0.0000e+00
        709  46.549630    0.04917     2.9500    177.000  1025.2328  50842.824    31.8862     44.120    6.96580     6.5322     6.5324    25.0276   12.51185 1.1645e+00     44.541 0.0000e+00
        710  46.549633    0.04924     2.9542    177.250  1025.2363  50845.883    31.8885     44.533    6.96539     6.5337     6.5343    25.0292   12.51115 1.1181e+00     44.958 0.0000e+00
        711  46.549635    0.04931     2.9583    177.500  1025.2398  50848.886    31.8907     44.951    6.96500     6.5351     6.5360    25.0307   12.51049 1.0749e+00     45.380 0.0000e+00
        712  46.549638    0.04938     2.9625    177.750  1025.2433  50852.001    31.8930     45.364    6.96464     6.5363     6.5376    25.0323   12.50987 1.0361e+00     45.797 0.0000e+00
        713  46.549641    0.04944     2.9667    178.000  1025.2469  50855.527    31.8955     45.760    6.96431     6.5375     6.5390    25.0341   12.50928 1.0018e+00     46.197 0.0000e+00
        714  46.549644    0.04951     2.9708    178.250  1025.2510  50859.995    31.8986     46.131    6.96396     6.5388     6.5402    25.0364   12.50866 9.7168e-01     46.571 0.0000e+00
        715  46.549647    0.04958     2.9750    178.500  1025.2553  50865.159    31.9023     46.470    6.96359     6.5401     6.5414    25.0392   12.50800 9.4536e-01     46.914 0.0000e+00
        716  46.549650    0.04965     2.9792    178.750  1025.2593  50869.974    31.9058     46.775    6.96322     6.5414     6.5427    25.0417   12.50735 9.2261e-01     47.222 0.0000e+00
        717  46.549653    0.04972     2.9833    179.000  1025.2626  50873.932    31.9086     47.047    6.96286     6.5425     6.5441    25.0438   12.50673 9.0311e-01     47.497 0.0000e+00
        718  46.549656    0.04979     2.9875    179.250  1025.2655  50877.322    31.9111     47.288    6.96254     6.5435     6.5454    25.0456   12.50616 8.8634e-01     47.740 0.0000e+00
        719  46.549659    0.04986     2.9917    179.500  1025.2681  50880.324    31.9133     47.502    6.96225     6.5443     6.5466    25.0472   12.50566 8.7169e-01     47.955 0.0000e+00
        720  46.549661    0.04993     2.9958    179.750  1025.2704  50882.986    31.9153     47.693    6.96200     6.5450     6.5476    25.0486   12.50522 8.5851e-01     48.149 0.0000e+00
        721  46.549664    0.05000     3.0000    180.000  1025.2726  50885.538    31.9171     47.869    6.96178     6.5455     6.5484    25.0500   12.50483 8.4610e-01     48.327 0.0000e+00
        722  46.549667    0.05007     3.0042    180.250  1025.2747  50888.056    31.9189     48.037    6.96159     6.5459     6.5491    25.0513   12.50450 8.3371e-01     48.496 0.0000e+00
        723  46.549670    0.05014     3.0083    180.500  1025.2767  50890.426    31.9206     48.205    6.96143     6.5461     6.5496    25.0526   12.50421 8.2059e-01     48.666 0.0000e+00
        724  46.549673    0.05021     3.0125    180.750  1025.2787  50892.728    31.9221     48.381    6.96130     6.5462     6.5500    25.0538   12.50397 8.0619e-01     48.844 0.0000e+00
        725  46.549676    0.05028     3.0167    181.000  1025.2809  50895.171    31.9238     48.573    6.96118     6.5462     6.5502    25.0550   12.50376 7.9007e-01     49.037 0.0000e+00
        726  46.549679    0.05035     3.0208    181.250  1025.2832  50897.788    31.9255     48.786    6.96109     6.5462     6.5503    25.0564   12.50358 7.7205e-01     49.252 0.0000e+00
        727  46.549682    0.05042     3.0250    181.500  1025.2858  50900.679    31.9274     49.024    6.96099     6.5463     6.5504    25.0579   12.50340 7.5216e-01     49.493 0.0000e+00
        728  46.549685    0.05049     3.0292    181.750  1025.2887  50903.768    31.9294     49.290    6.96089     6.5463     6.5504    25.0595   12.50320 7.3061e-01     49.761 0.0000e+00
        729  46.549687    0.05056     3.0333    182.000  1025.2915  50906.571    31.9313     49.582    6.96080     6.5464     6.5505    25.0609   12.50303 7.0782e-01     50.055 0.0000e+00
        730  46.549690    0.05063     3.0375    182.250  1025.2940  50908.807    31.9327     49.897    6.96072     6.5464     6.5506    25.0620   12.50288 6.8442e-01     50.373 0.0000e+00
        731  46.549693    0.05069     3.0417    182.500  1025.2964  50910.497    31.9337     50.227    6.96065     6.5465     6.5507    25.0628   12.50276 6.6112e-01     50.706 0.0000e+00
        732  46.549696    0.05076     3.0458    182.750  1025.2985  50911.718    31.9344     50.564    6.96061     6.5465     6.5507    25.0634   12.50268 6.3861e-01     51.047 0.0000e+00
        733  46.549699    0.05083     3.0500    183.000  1025.3004  50912.614    31.9349     50.899    6.96057     6.5465     6.5508    25.0638   12.50262 6.1743e-01     51.386 0.0000e+00
        734  46.549702    0.05090     3.0542    183.250  1025.3022  50913.321    31.9353     51.224    6.96055     6.5465     6.5508    25.0640   12.50258 5.9798e-01     51.714 0.0000e+00
        735  46.549705    0.05097     3.0583    183.500  1025.3038  50913.888    31.9355     51.529    6.96054     6.5464     6.5509    25.0642   12.50255 5.8065e-01     52.022 0.0000e+00
        736  46.549708    0.05104     3.0625    183.750  1025.3052  50914.350    31.9357     51.806    6.96053     6.5464     6.5509    25.0644   12.50253 5.6566e-01     52.302 0.0000e+00
        737  46.549711    0.05111     3.0667    184.000  1025.3065  50914.758    31.9359     52.053    6.96052     6.5465     6.5509    25.0645   12.50252 5.5289e-01     52.551 0.0000e+00
        738  46.549714    0.05118     3.0708    184.250  1025.3077  50915.094    31.9360     52.270    6.96051     6.5465     6.5509    25.0646   12.50250 5.4205e-01     52.771 0.0000e+00
        739  46.549716    0.05125     3.0750    184.500  1025.3086  50915.315    31.9361     52.462    6.96050     6.5465     6.5510    25.0647   12.50248 5.3270e-01     52.965 0.0000e+00
        740  46.549719    0.05132     3.0792    184.750  1025.3094  50915.444    31.9361     52.637    6.96050     6.5465     6.5510    25.0647   12.50247 5.2431e-01     53.141 0.0000e+00
        741  46.549722    0.05139     3.0833    185.000  1025.3102  50915.541    31.9361     52.802    6.96049     6.5465     6.5510    25.0647   12.50247 5.1650e-01     53.307 0.0000e+00
        742  46.549725    0.05146     3.0875    185.250  1025.3109  50915.618    31.9361     52.963    6.96049     6.5465     6.5510    25.0647   12.50246 5.0893e-01     53.470 0.0000e+00
        743  46.549728    0.05153     3.0917    185.500  1025.3116  50915.687    31.9360     53.127    6.96048     6.5465     6.5511    25.0647   12.50246 5.0133e-01     53.635 0.0000e+00
        744  46.549731    0.05160     3.0958    185.750  1025.3124  50915.780    31.9360     53.299    6.96048     6.5464     6.5511    25.0646   12.50246 4.9349e-01     53.809 0.0000e+00
        745  46.549734    0.05167     3.1000    186.000  1025.3133  50915.915    31.9360     53.483    6.96049     6.5464     6.5511    25.0646   12.50246 4.8530e-01     53.995 0.0000e+00
        746  46.549737    0.05174     3.1042    186.250  1025.3143  50916.113    31.9360     53.681    6.96049     6.5464     6.5510    25.0647   12.50246 4.7665e-01     54.195 0.0000e+00
        747  46.549740    0.05181     3.1083    186.500  1025.3153  50916.376    31.9361     53.895    6.96048     6.5464     6.5510    25.0647   12.50246 4.6746e-01     54.411 0.0000e+00
        748  46.549742    0.05187     3.1125    186.750  1025.3165  50916.695    31.9362     54.128    6.96048     6.5464     6.5510    25.0648   12.50245 4.5769e-01     54.646 0.0000e+00
        749  46.549745    0.05194     3.1167    187.000  1025.3178  50917.086    31.9364     54.382    6.96047     6.5463     6.5510    25.0649   12.50243 4.4724e-01     54.903 0.0000e+00
        750  46.549748    0.05201     3.1208    187.250  1025.3192  50917.506    31.9366     54.659    6.96046     6.5463     6.5510    25.0650   12.50242 4.3601e-01     55.182 0.0000e+00
        751  46.549751    0.05208     3.1250    187.500  1025.3207  50917.894    31.9367     54.960    6.96045     6.5464     6.5510    25.0651   12.50240 4.2396e-01     55.486 0.0000e+00
        752  46.549754    0.05215     3.1292    187.750  1025.3223  50918.284    31.9368     55.285    6.96044     6.5464     6.5511    25.0652   12.50238 4.1118e-01     55.814 0.0000e+00
        753  46.549757    0.05222     3.1333    188.000  1025.3240  50918.722    31.9369     55.631    6.96043     6.5464     6.5511    25.0654   12.50236 3.9786e-01     56.163 0.0000e+00
        754  46.549760    0.05229     3.1375    188.250  1025.3258  50919.174    31.9371     55.995    6.96042     6.5464     6.5512    25.0655   12.50233 3.8441e-01     56.531 0.0000e+00
        755  46.549763    0.05236     3.1417    188.500  1025.3277  50919.572    31.9372     56.373    6.96041     6.5464     6.5512    25.0656   12.50232 3.7125e-01     56.912 0.0000e+00
        756  46.549766    0.05243     3.1458    188.750  1025.3295  50919.862    31.9372     56.757    6.96040     6.5463     6.5512    25.0656   12.50231 3.5858e-01     57.300 0.0000e+00
        757  46.549769    0.05250     3.1500    189.000  1025.3313  50920.066    31.9372     57.140    6.96040     6.5463     6.5513    25.0655   12.50230 3.4635e-01     57.687 0.0000e+00
        758  46.549771    0.05257     3.1542    189.250  1025.3330  50920.296    31.9372     57.515    6.96040     6.5462     6.5513    25.0655   12.50230 3.3482e-01     58.065 0.0000e+00
        759  46.549774    0.05264     3.1583    189.500  1025.3347  50920.641    31.9372     57.873    6.96040     6.5461     6.5512    25.0656   12.50230 3.2448e-01     58.427 0.0000e+00
        760  46.549777    0.05271     3.1625    189.750  1025.3364  50921.091    31.9374     58.210    6.96040     6.5460     6.5512    25.0657   12.50230 3.1537e-01     58.768 0.0000e+00
        761  46.549780    0.05278     3.1667    190.000  1025.3380  50921.581    31.9376     58.521    6.96041     6.5459     6.5511    25.0659   12.50231 3.0726e-01     59.081 0.0000e+00
        762  46.549783    0.05285     3.1708    190.250  1025.3394  50922.044    31.9377     58.802    6.96041     6.5459     6.5511    25.0660   12.50231 3.0008e-01     59.366 0.0000e+00
        763  46.549786    0.05292     3.1750    190.500  1025.3408  50922.483    31.9379     59.055    6.96041     6.5458     6.5510    25.0662   12.50230 2.9381e-01     59.621 0.0000e+00
        764  46.549789    0.05299     3.1792    190.750  1025.3420  50922.923    31.9381     59.280    6.96041     6.5458     6.5510    25.0663   12.50230 2.8828e-01     59.849 0.0000e+00
        765  46.549792    0.05306     3.1833    191.000  1025.3430  50923.329    31.9383     59.482    6.96041     6.5457     6.5509    25.0665   12.50229 2.8335e-01     60.053 0.0000e+00
