CTD-processing/allCTD/CNV--homogene/2016_08-30_t7_s05_cast084.cnv
* Sea-Bird SBE19plus Data File:
* FileName = C:\Users\Kim.Powell\Desktop\2016_08-30_T7_5028\2016_08-30_T7_5028_cast084.hex
* Software Version 1.59
* Temperature SN =  5028
* Conductivity SN =  5028
* System UpLoad Time = Aug 30 2016 17:40:19
** CookInlet LTM Transect 7
** 2016_08-30
** Station: 7-05
** Start Time: 14:07
** Depth (m): 51.8
** Comment:
** Comment:
# nquan = 17
# nvalues = 607                         
# units = specified
# name 0 = scan: Scan Count
# name 1 = timeJ: Julian Days
# name 2 = timeH: Time, Elapsed [hours]
# name 3 = timeM: Time, Elapsed [minutes]
# name 4 = timeS: Time, Elapsed [seconds]
# name 5 = density00: Density [density, kg/m^3]
# name 6 = specc: Specific Conductance [uS/cm]
# name 7 = sal00: Salinity, Practical [PSU]
# name 8 = depSM: Depth [salt water, m], lat = 59.00
# name 9 = oxsolML/L: Oxygen Saturation, Garcia & Gordon [ml/l]
# name 10 = potemp090C: Potential Temperature [ITS-90, deg C]
# name 11 = tv290C: Temperature [ITS-90, deg C]
# name 12 = sigma-é00: Density [sigma-theta, kg/m^3]
# name 13 = n2satML/L: Nitrogen Saturation [ml/l]
# name 14 = par: PAR/Irradiance, Biospherical/Licor
# name 15 = prdM: Pressure, Strain Gauge [db]
# name 16 = flag:  0.000e+00
# span 0 =          1,        607       
# span 1 = 243.588657, 243.590411       
# span 2 =    0.00000,    0.04208       
# span 3 =     0.0000,     2.5250       
# span 4 =      0.000,    151.500       
# span 5 =   999.4613,  1022.9541       
# span 6 =    323.288,  47096.069       
# span 7 =     0.1537,    30.0030       
# span 8 =     -0.040,     51.140       
# span 9 =    6.06717,    7.31873       
# span 10 =    11.9410,    13.6634      
# span 11 =    11.9471,    13.6635      
# span 12 =    -0.5385,    22.7220      
# span 13 =   11.05637,   13.52341      
# span 14 = 7.9535e-02, 1.8884e+03      
# span 15 =     -0.041,     51.629      
# span 16 = 0.0000e+00, 0.0000e+00      
# interval = seconds: 0.25
# start_time = Aug 30 2016 14:07:40 [Instrument's time stamp, header]
# bad_flag = -9.990e-29
*END*
[from data line 86]
         87 243.588906    0.00597     0.3583     21.500  1021.6851  45544.315    29.0692      0.756    6.07096    13.6323    13.6324    21.6816   11.06269 1.1925e+03      0.763 0.0000e+00
         88 243.588909    0.00604     0.3625     21.750  1021.6804  45536.063    29.0635      0.750    6.07106    13.6302    13.6333    21.6770   11.06293 1.2241e+03      0.757 0.0000e+00
         89 243.588912    0.00611     0.3667     22.000  1021.6785  45532.440    29.0608      0.750    6.07128    13.6281    13.6324    21.6752   11.06332 1.1971e+03      0.756 0.0000e+00
         90 243.588915    0.00618     0.3708     22.250  1021.6799  45534.279    29.0620      0.759    6.07150    13.6271    13.6303    21.6764   11.06367 1.1891e+03      0.766 0.0000e+00
         91 243.588918    0.00625     0.3750     22.500  1021.6839  45541.003    29.0666      0.776    6.07158    13.6277    13.6282    21.6804   11.06375 1.2281e+03      0.783 0.0000e+00
         92 243.588921    0.00632     0.3792     22.750  1021.6890  45549.956    29.0728      0.795    6.07147    13.6304    13.6272    21.6854   11.06351 1.2535e+03      0.802 0.0000e+00
         93 243.588924    0.00639     0.3833     23.000  1021.6924  45556.236    29.0773      0.809    6.07122    13.6347    13.6278    21.6888   11.06304 1.1899e+03      0.816 0.0000e+00
         94 243.588927    0.00646     0.3875     23.250  1021.6919  45556.040    29.0774      0.813    6.07088    13.6389    13.6305    21.6883   11.06247 1.1122e+03      0.820 0.0000e+00
         95 243.588929    0.00653     0.3917     23.500  1021.6877  45549.403    29.0730      0.805    6.07051    13.6414    13.6348    21.6841   11.06190 1.1106e+03      0.813 0.0000e+00
         96 243.588932    0.00660     0.3958     23.750  1021.6818  45539.799    29.0665      0.788    6.07022    13.6413    13.6390    21.6782   11.06150 1.1409e+03      0.796 0.0000e+00
         97 243.588935    0.00667     0.4000     24.000  1021.6770  45531.755    29.0610      0.768    6.07012    13.6391    13.6415    21.6735   11.06139 1.1660e+03      0.775 0.0000e+00
         98 243.588938    0.00674     0.4042     24.250  1021.6749  45528.077    29.0584      0.750    6.07023    13.6361    13.6414    21.6715   11.06161 1.2217e+03      0.757 0.0000e+00
         99 243.588941    0.00681     0.4083     24.500  1021.6762  45529.909    29.0596      0.738    6.07046    13.6336    13.6392    21.6728   11.06198 1.2923e+03      0.745 0.0000e+00
        100 243.588944    0.00688     0.4125     24.750  1021.6804  45536.947    29.0643      0.732    6.07066    13.6322    13.6362    21.6771   11.06225 1.2686e+03      0.739 0.0000e+00
        101 243.588947    0.00694     0.4167     25.000  1021.6861  45546.626    29.0710      0.733    6.07072    13.6325    13.6337    21.6827   11.06229 1.1684e+03      0.740 0.0000e+00
        102 243.588950    0.00701     0.4208     25.250  1021.6907  45554.831    29.0767      0.737    6.07068    13.6343    13.6323    21.6874   11.06214 1.1122e+03      0.744 0.0000e+00
        103 243.588953    0.00708     0.4250     25.500  1021.6926  45558.325    29.0792      0.744    6.07055    13.6367    13.6326    21.6893   11.06190 1.1408e+03      0.751 0.0000e+00
        104 243.588955    0.00715     0.4292     25.750  1021.6912  45556.133    29.0778      0.750    6.07037    13.6385    13.6344    21.6878   11.06163 1.2036e+03      0.757 0.0000e+00
        105 243.588958    0.00722     0.4333     26.000  1021.6873  45549.494    29.0732      0.754    6.07024    13.6390    13.6368    21.6839   11.06147 1.2306e+03      0.761 0.0000e+00
        106 243.588961    0.00729     0.4375     26.250  1021.6826  45541.349    29.0676      0.756    6.07023    13.6379    13.6386    21.6791   11.06151 1.2017e+03      0.763 0.0000e+00
        107 243.588964    0.00736     0.4417     26.500  1021.6789  45534.748    29.0630      0.757    6.07035    13.6355    13.6391    21.6754   11.06175 1.1259e+03      0.764 0.0000e+00
        108 243.588967    0.00743     0.4458     26.750  1021.6772  45531.270    29.0604      0.758    6.07058    13.6326    13.6380    21.6737   11.06217 1.0716e+03      0.765 0.0000e+00
        109 243.588970    0.00750     0.4500     27.000  1021.6773  45530.978    29.0601      0.761    6.07089    13.6297    13.6356    21.6739   11.06268 1.0984e+03      0.768 0.0000e+00
        110 243.588973    0.00757     0.4542     27.250  1021.6792  45533.577    29.0617      0.767    6.07120    13.6273    13.6327    21.6757   11.06318 1.1238e+03      0.774 0.0000e+00
        111 243.588976    0.00764     0.4583     27.500  1021.6826  45539.087    29.0653      0.776    6.07142    13.6255    13.6298    21.6791   11.06351 1.0626e+03      0.784 0.0000e+00
        112 243.588979    0.00771     0.4625     27.750  1021.6876  45547.504    29.0711      0.787    6.07151    13.6244    13.6274    21.6840   11.06359 9.9027e+02      0.794 0.0000e+00
        113 243.588981    0.00778     0.4667     28.000  1021.6932  45557.333    29.0779      0.796    6.07148    13.6243    13.6256    21.6896   11.06346 9.9442e+02      0.803 0.0000e+00
        114 243.588984    0.00785     0.4708     28.250  1021.6979  45565.614    29.0837      0.800    6.07139    13.6252    13.6245    21.6943   11.06325 1.0708e+03      0.807 0.0000e+00
        115 243.588987    0.00792     0.4750     28.500  1021.7003  45569.980    29.0868      0.798    6.07129    13.6266    13.6244    21.6967   11.06304 1.1633e+03      0.805 0.0000e+00
        116 243.588990    0.00799     0.4792     28.750  1021.6997  45569.073    29.0862      0.789    6.07120    13.6279    13.6253    21.6961   11.06290 1.2311e+03      0.796 0.0000e+00
        117 243.588993    0.00806     0.4833     29.000  1021.6961  45562.982    29.0820      0.775    6.07118    13.6284    13.6267    21.6926   11.06292 1.2746e+03      0.782 0.0000e+00
        118 243.588996    0.00813     0.4875     29.250  1021.6912  45554.567    29.0761      0.759    6.07124    13.6280    13.6280    21.6879   11.06309 1.2673e+03      0.766 0.0000e+00
        119 243.588999    0.00819     0.4917     29.500  1021.6876  45548.120    29.0716      0.746    6.07135    13.6270    13.6285    21.6843   11.06332 1.2199e+03      0.753 0.0000e+00
        120 243.589002    0.00826     0.4958     29.750  1021.6867  45546.343    29.0703      0.738    6.07144    13.6260    13.6281    21.6833   11.06349 1.2090e+03      0.745 0.0000e+00
        121 243.589005    0.00833     0.5000     30.000  1021.6886  45549.699    29.0726      0.737    6.07148    13.6252    13.6271    21.6853   11.06352 1.2611e+03      0.744 0.0000e+00
        122 243.589008    0.00840     0.5042     30.250  1021.6929  45557.285    29.0779      0.741    6.07141    13.6250    13.6261    21.6896   11.06335 1.3242e+03      0.748 0.0000e+00
        123 243.589010    0.00847     0.5083     30.500  1021.6982  45566.660    29.0845      0.749    6.07127    13.6257    13.6253    21.6948   11.06303 1.3237e+03      0.756 0.0000e+00
        124 243.589013    0.00854     0.5125     30.750  1021.7028  45574.852    29.0903      0.759    6.07107    13.6274    13.6251    21.6993   11.06263 1.2481e+03      0.766 0.0000e+00
        125 243.589016    0.00861     0.5167     31.000  1021.7056  45580.073    29.0940      0.770    6.07084    13.6296    13.6258    21.7021   11.06221 1.1677e+03      0.777 0.0000e+00
        126 243.589019    0.00868     0.5208     31.250  1021.7062  45581.517    29.0952      0.781    6.07059    13.6319    13.6275    21.7026   11.06179 1.1662e+03      0.788 0.0000e+00
        127 243.589022    0.00875     0.5250     31.500  1021.7047  45579.347    29.0938      0.792    6.07036    13.6336    13.6297    21.7011   11.06141 1.2250e+03      0.799 0.0000e+00
        128 243.589025    0.00882     0.5292     31.750  1021.7022  45575.272    29.0911      0.800    6.07018    13.6345    13.6320    21.6986   11.06114 1.2402e+03      0.807 0.0000e+00
        129 243.589028    0.00889     0.5333     32.000  1021.7001  45571.895    29.0889      0.805    6.07005    13.6349    13.6337    21.6965   11.06096 1.1863e+03      0.813 0.0000e+00
        130 243.589031    0.00896     0.5375     32.250  1021.6995  45570.863    29.0882      0.807    6.06996    13.6351    13.6346    21.6958   11.06082 1.1411e+03      0.815 0.0000e+00
        131 243.589034    0.00903     0.5417     32.500  1021.6997  45571.420    29.0886      0.805    6.06989    13.6348    13.6350    21.6961   11.06070 1.1946e+03      0.813 0.0000e+00
        132 243.589036    0.00910     0.5458     32.750  1021.6995  45571.157    29.0884      0.799    6.06988    13.6342    13.6352    21.6959   11.06069 1.3051e+03      0.807 0.0000e+00
        133 243.589039    0.00917     0.5500     33.000  1021.6979  45568.131    29.0863      0.790    6.06999    13.6332    13.6349    21.6943   11.06090 1.4084e+03      0.798 0.0000e+00
        134 243.589042    0.00924     0.5542     33.250  1021.6949  45562.625    29.0823      0.781    6.07022    13.6320    13.6343    21.6914   11.06132 1.4353e+03      0.789 0.0000e+00
        135 243.589045    0.00931     0.5583     33.500  1021.6921  45557.283    29.0785      0.774    6.07049    13.6308    13.6333    21.6886   11.06181 1.3050e+03      0.782 0.0000e+00
        136 243.589048    0.00937     0.5625     33.750  1021.6911  45555.108    29.0769      0.771    6.07071    13.6298    13.6321    21.6876   11.06219 1.1374e+03      0.778 0.0000e+00
        137 243.589051    0.00944     0.5667     34.000  1021.6926  45557.623    29.0786      0.772    6.07080    13.6295    13.6309    21.6891   11.06232 1.0215e+03      0.779 0.0000e+00
        138 243.589054    0.00951     0.5708     34.250  1021.6965  45564.461    29.0833      0.776    6.07074    13.6302    13.6299    21.6930   11.06217 9.2498e+02      0.783 0.0000e+00
        139 243.589057    0.00958     0.5750     34.500  1021.7012  45573.016    29.0893      0.782    6.07055    13.6324    13.6296    21.6977   11.06179 8.4044e+02      0.789 0.0000e+00
        140 243.589060    0.00965     0.5792     34.750  1021.7045  45579.207    29.0938      0.788    6.07029    13.6359    13.6303    21.7010   11.06131 7.7525e+02      0.795 0.0000e+00
        141 243.589063    0.00972     0.5833     35.000  1021.7046  45579.895    29.0944      0.795    6.06999    13.6398    13.6325    21.7011   11.06080 7.3002e+02      0.802 0.0000e+00
        142 243.589065    0.00979     0.5875     35.250  1021.7014  45574.840    29.0911      0.801    6.06967    13.6429    13.6360    21.6978   11.06031 7.0856e+02      0.809 0.0000e+00
        143 243.589068    0.00986     0.5917     35.500  1021.6966  45566.992    29.0859      0.807    6.06938    13.6448    13.6399    21.6930   11.05988 7.2839e+02      0.815 0.0000e+00
        144 243.589071    0.00993     0.5958     35.750  1021.6924  45559.970    29.0811      0.810    6.06917    13.6455    13.6431    21.6887   11.05958 7.6457e+02      0.818 0.0000e+00
        145 243.589074    0.01000     0.6000     36.000  1021.6893  45554.795    29.0776      0.809    6.06906    13.6451    13.6449    21.6856   11.05945 8.0618e+02      0.817 0.0000e+00
        146 243.589077    0.01007     0.6042     36.250  1021.6868  45550.462    29.0746      0.807    6.06909    13.6440    13.6456    21.6832   11.05954 8.6067e+02      0.815 0.0000e+00
        147 243.589080    0.01014     0.6083     36.500  1021.6847  45546.527    29.0718      0.804    6.06924    13.6422    13.6453    21.6811   11.05982 9.1573e+02      0.812 0.0000e+00
        148 243.589083    0.01021     0.6125     36.750  1021.6833  45543.685    29.0697      0.802    6.06947    13.6402    13.6441    21.6797   11.06022 9.5052e+02      0.810 0.0000e+00
        149 243.589086    0.01028     0.6167     37.000  1021.6831  45542.931    29.0690      0.804    6.06971    13.6384    13.6424    21.6795   11.06063 9.5070e+02      0.811 0.0000e+00
        150 243.589089    0.01035     0.6208     37.250  1021.6845  45544.862    29.0702      0.810    6.06992    13.6370    13.6404    21.6808   11.06096 9.5947e+02      0.818 0.0000e+00
        151 243.589091    0.01042     0.6250     37.500  1021.6874  45549.732    29.0735      0.822    6.07003    13.6364    13.6385    21.6837   11.06110 9.8103e+02      0.830 0.0000e+00
        152 243.589094    0.01049     0.6292     37.750  1021.6920  45557.563    29.0790      0.837    6.06999    13.6370    13.6371    21.6882   11.06098 9.8026e+02      0.845 0.0000e+00
        153 243.589097    0.01056     0.6333     38.000  1021.6973  45567.039    29.0856      0.849    6.06981    13.6390    13.6365    21.6935   11.06061 9.4551e+02      0.857 0.0000e+00
        154 243.589100    0.01063     0.6375     38.250  1021.7017  45575.142    29.0914      0.853    6.06953    13.6429    13.6371    21.6978   11.06007 8.8414e+02      0.861 0.0000e+00
        155 243.589103    0.01069     0.6417     38.500  1021.7032  45578.586    29.0940      0.848    6.06917    13.6481    13.6391    21.6994   11.05944 8.6920e+02      0.856 0.0000e+00
        156 243.589106    0.01076     0.6458     38.750  1021.7008  45575.164    29.0918      0.834    6.06877    13.6531    13.6430    21.6970   11.05879 9.3082e+02      0.842 0.0000e+00
        157 243.589109    0.01083     0.6500     39.000  1021.6944  45564.880    29.0849      0.813    6.06838    13.6563    13.6482    21.6907   11.05823 9.9071e+02      0.821 0.0000e+00
        158 243.589112    0.01090     0.6542     39.250  1021.6859  45550.850    29.0754      0.792    6.06812    13.6569    13.6531    21.6823   11.05790 9.8922e+02      0.799 0.0000e+00
        159 243.589115    0.01097     0.6583     39.500  1021.6785  45538.195    29.0667      0.776    6.06804    13.6549    13.6564    21.6750   11.05787 9.7771e+02      0.783 0.0000e+00
        160 243.589117    0.01104     0.6625     39.750  1021.6743  45530.742    29.0615      0.770    6.06816    13.6514    13.6570    21.6708   11.05814 1.0299e+03      0.777 0.0000e+00
        161 243.589120    0.01111     0.6667     40.000  1021.6741  45529.898    29.0607      0.773    6.06844    13.6477    13.6550    21.6706   11.05861 1.0987e+03      0.781 0.0000e+00
        162 243.589123    0.01118     0.6708     40.250  1021.6779  45535.815    29.0647      0.785    6.06873    13.6449    13.6515    21.6744   11.05905 1.1171e+03      0.793 0.0000e+00
        163 243.589126    0.01125     0.6750     40.500  1021.6842  45546.369    29.0719      0.800    6.06892    13.6436    13.6478    21.6806   11.05928 1.1514e+03      0.808 0.0000e+00
        164 243.589129    0.01132     0.6792     40.750  1021.6906  45557.151    29.0793      0.816    6.06899    13.6439    13.6450    21.6869   11.05931 1.1980e+03      0.823 0.0000e+00
        165 243.589132    0.01139     0.6833     41.000  1021.6946  45564.181    29.0841      0.828    6.06897    13.6455    13.6437    21.6909   11.05922 1.1500e+03      0.836 0.0000e+00
        166 243.589135    0.01146     0.6875     41.250  1021.6953  45565.326    29.0850      0.839    6.06890    13.6472    13.6440    21.6915   11.05909 1.0335e+03      0.846 0.0000e+00
        167 243.589138    0.01153     0.6917     41.500  1021.6929  45561.393    29.0823      0.847    6.06881    13.6484    13.6456    21.6892   11.05897 9.2389e+02      0.855 0.0000e+00
        168 243.589141    0.01160     0.6958     41.750  1021.6899  45556.121    29.0787      0.855    6.06872    13.6489    13.6474    21.6860   11.05886 8.3058e+02      0.863 0.0000e+00
        169 243.589144    0.01167     0.7000     42.000  1021.6882  45553.243    29.0767      0.862    6.06864    13.6492    13.6486    21.6843   11.05876 7.4722e+02      0.870 0.0000e+00
        170 243.589146    0.01174     0.7042     42.250  1021.6888  45554.440    29.0776      0.867    6.06854    13.6496    13.6491    21.6849   11.05858 6.9320e+02      0.875 0.0000e+00
