CTD-processing/allCTD/CNV--homogene/2016_07-29_subbays_sadie06_cast040.cnv
* Sea-Bird SBE19plus Data File:
* FileName = C:\Users\Kris.Holderied\Documents\kasitsna\Research-KBL\Oceanography-AK\CTD-Data-ALL-to-2016-05\2016-CTD-KachemakBay-CookInlet\2016-07-29-KachemakBay-Plankton\2016-07-29-KachemakBay-Plankton-cast040.hex
* Software Version 1.59
* Temperature SN =  5028
* Conductivity SN =  5028
* System UpLoad Time = Aug 05 2016 20:06:49
** Kachemak Bay CTDs for sub-bay plankton sampling
** Date (YYYY-MM-DD): 2016-07-29
** Station (eg. 9-01):  Sadie06
** Start time (AKDT): 12:58
** Depth (m): 87.2
** Comment:  R/V Edgecumbe.  Sampling to evaluate sub-bay water column.
** Comment:
# nquan = 17
# nvalues = 684                         
# units = specified
# name 0 = scan: Scan Count
# name 1 = timeJ: Julian Days
# name 2 = timeH: Time, Elapsed [hours]
# name 3 = timeM: Time, Elapsed [minutes]
# name 4 = timeS: Time, Elapsed [seconds]
# name 5 = density00: Density [density, kg/m^3]
# name 6 = specc: Specific Conductance [uS/cm]
# name 7 = sal00: Salinity, Practical [PSU]
# name 8 = depSM: Depth [salt water, m], lat = 59.00
# name 9 = oxsolML/L: Oxygen Saturation, Garcia & Gordon [ml/l]
# name 10 = potemp090C: Potential Temperature [ITS-90, deg C]
# name 11 = tv290C: Temperature [ITS-90, deg C]
# name 12 = sigma-é00: Density [sigma-theta, kg/m^3]
# name 13 = n2satML/L: Nitrogen Saturation [ml/l]
# name 14 = par: PAR/Irradiance, Biospherical/Licor
# name 15 = prdM: Pressure, Strain Gauge [db]
# name 16 = flag:  0.000e+00
# span 0 =          1,        684       
# span 1 = 211.540810, 211.542786       
# span 2 =    0.00000,    0.04743       
# span 3 =     0.0000,     2.8458       
# span 4 =      0.000,    170.750       
# span 5 =  1000.1232,  1024.6125       
# span 6 =   1942.105,  49594.388       
# span 7 =     0.9878,    31.5074       
# span 8 =      0.015,     75.431       
# span 9 =    6.08225,    7.29803       
# span 10 =     9.7446,    14.4674      
# span 11 =     9.7528,    14.4675      
# span 12 =     0.1231,    24.2673      
# span 13 =   11.11470,   13.47682      
# span 14 = 6.7787e-02, 5.1362e+02      
# span 15 =      0.015,     76.156      
# span 16 = 0.0000e+00, 0.0000e+00      
# interval = seconds: 0.25
# start_time = Jul 29 2016 12:58:46 [Instrument's time stamp, header]
# bad_flag = -9.990e-29
*END*
[from data line 341]
        342 211.541797    0.02368     1.4208     85.250  1019.0805  40958.440    25.8987      0.804    6.08705    14.4577    14.4584    19.0769   11.12583 2.3826e+02      0.812 0.0000e+00
        343 211.541800    0.02375     1.4250     85.500  1019.0825  40962.015    25.9012      0.803    6.08696    14.4566    14.4583    19.0788   11.12565 2.3935e+02      0.811 0.0000e+00
        344 211.541803    0.02382     1.4292     85.750  1019.0857  40967.890    25.9053      0.805    6.08687    14.4547    14.4578    19.0820   11.12546 2.4074e+02      0.813 0.0000e+00
        345 211.541806    0.02389     1.4333     86.000  1019.0908  40977.013    25.9116      0.811    6.08678    14.4521    14.4567    19.0871   11.12523 2.4194e+02      0.819 0.0000e+00
        346 211.541808    0.02396     1.4375     86.250  1019.0976  40989.091    25.9199      0.820    6.08670    14.4492    14.4548    19.0939   11.12500 2.4336e+02      0.828 0.0000e+00
        347 211.541811    0.02403     1.4417     86.500  1019.1053  41002.620    25.9292      0.829    6.08666    14.4466    14.4522    19.1016   11.12484 2.4534e+02      0.837 0.0000e+00
        348 211.541814    0.02410     1.4458     86.750  1019.1119  41014.104    25.9371      0.834    6.08673    14.4451    14.4493    19.1082   11.12486 2.4723e+02      0.842 0.0000e+00
        349 211.541817    0.02417     1.4500     87.000  1019.1143  41017.836    25.9395      0.833    6.08697    14.4451    14.4467    19.1106   11.12523 2.4866e+02      0.841 0.0000e+00
        350 211.541820    0.02424     1.4542     87.250  1019.1119  41012.937    25.9360      0.827    6.08729    14.4460    14.4452    19.1082   11.12581 2.4935e+02      0.835 0.0000e+00
        351 211.541823    0.02431     1.4583     87.500  1019.1083  41006.296    25.9314      0.819    6.08747    14.4469    14.4452    19.1046   11.12616 2.4791e+02      0.827 0.0000e+00
        352 211.541826    0.02438     1.4625     87.750  1019.1069  41003.930    25.9298      0.814    6.08742    14.4470    14.4461    19.1032   11.12608 2.4434e+02      0.822 0.0000e+00
        353 211.541829    0.02444     1.4667     88.000  1019.1090  41008.060    25.9327      0.813    6.08719    14.4461    14.4470    19.1053   11.12568 2.4110e+02      0.821 0.0000e+00
        354 211.541832    0.02451     1.4708     88.250  1019.1150  41019.239    25.9405      0.815    6.08688    14.4440    14.4471    19.1113   11.12506 2.3892e+02      0.823 0.0000e+00
        355 211.541834    0.02458     1.4750     88.500  1019.1246  41036.859    25.9528      0.819    6.08654    14.4409    14.4462    19.1209   11.12435 2.3769e+02      0.826 0.0000e+00
        356 211.541837    0.02465     1.4792     88.750  1019.1364  41058.202    25.9676      0.820    6.08625    14.4378    14.4441    19.1327   11.12370 2.3831e+02      0.828 0.0000e+00
        357 211.541840    0.02472     1.4833     89.000  1019.1463  41075.874    25.9797      0.818    6.08616    14.4356    14.4410    19.1426   11.12342 2.3927e+02      0.826 0.0000e+00
        358 211.541843    0.02479     1.4875     89.250  1019.1508  41083.465    25.9849      0.811    6.08636    14.4346    14.4379    19.1472   11.12368 2.3901e+02      0.818 0.0000e+00
        359 211.541846    0.02486     1.4917     89.500  1019.1507  41082.671    25.9842      0.802    6.08667    14.4348    14.4357    19.1471   11.12420 2.3899e+02      0.809 0.0000e+00
        360 211.541849    0.02493     1.4958     89.750  1019.1491  41079.366    25.9818      0.794    6.08687    14.4354    14.4347    19.1455   11.12458 2.3952e+02      0.802 0.0000e+00
        361 211.541852    0.02500     1.5000     90.000  1019.1490  41079.200    25.9817      0.794    6.08686    14.4356    14.4349    19.1454   11.12455 2.3870e+02      0.801 0.0000e+00
        362 211.541855    0.02507     1.5042     90.250  1019.1529  41086.582    25.9869      0.800    6.08659    14.4353    14.4355    19.1493   11.12404 2.3680e+02      0.808 0.0000e+00
        363 211.541858    0.02514     1.5083     90.500  1019.1590  41097.904    25.9948      0.811    6.08626    14.4352    14.4357    19.1553   11.12341 2.3596e+02      0.818 0.0000e+00
        364 211.541861    0.02521     1.5125     90.750  1019.1613  41102.134    25.9978      0.818    6.08620    14.4366    14.4354    19.1576   11.12327 2.3587e+02      0.826 0.0000e+00
        365 211.541863    0.02528     1.5167     91.000  1019.1565  41093.123    25.9915      0.816    6.08644    14.4395    14.4353    19.1528   11.12374 2.3554e+02      0.824 0.0000e+00
        366 211.541866    0.02535     1.5208     91.250  1019.1464  41074.908    25.9788      0.804    6.08674    14.4431    14.4367    19.1428   11.12439 2.3533e+02      0.812 0.0000e+00
        367 211.541869    0.02542     1.5250     91.500  1019.1361  41056.646    25.9662      0.787    6.08685    14.4464    14.4396    19.1326   11.12472 2.3475e+02      0.795 0.0000e+00
        368 211.541872    0.02549     1.5292     91.750  1019.1286  41043.798    25.9574      0.772    6.08673    14.4488    14.4432    19.1251   11.12462 2.3283e+02      0.780 0.0000e+00
        369 211.541875    0.02556     1.5333     92.000  1019.1244  41037.013    25.9529      0.766    6.08650    14.4502    14.4465    19.1210   11.12428 2.3005e+02      0.773 0.0000e+00
        370 211.541878    0.02562     1.5375     92.250  1019.1234  41035.802    25.9522      0.768    6.08623    14.4511    14.4489    19.1199   11.12384 2.2795e+02      0.775 0.0000e+00
        371 211.541881    0.02569     1.5417     92.500  1019.1237  41036.751    25.9529      0.775    6.08602    14.4524    14.4503    19.1202   11.12348 2.2668e+02      0.782 0.0000e+00
        372 211.541884    0.02576     1.5458     92.750  1019.1213  41032.373    25.9499      0.781    6.08602    14.4549    14.4512    19.1177   11.12352 2.2566e+02      0.788 0.0000e+00
        373 211.541887    0.02583     1.5500     93.000  1019.1141  41019.383    25.9409      0.785    6.08619    14.4582    14.4525    19.1105   11.12391 2.2551e+02      0.792 0.0000e+00
        374 211.541889    0.02590     1.5542     93.250  1019.1051  41003.298    25.9298      0.786    6.08630    14.4617    14.4550    19.1015   11.12423 2.2689e+02      0.793 0.0000e+00
        375 211.541892    0.02597     1.5583     93.500  1019.0969  40988.941    25.9200      0.785    6.08626    14.4647    14.4583    19.0933   11.12426 2.3018e+02      0.792 0.0000e+00
        376 211.541895    0.02604     1.5625     93.750  1019.0902  40977.469    25.9122      0.784    6.08611    14.4667    14.4618    19.0866   11.12412 2.3492e+02      0.792 0.0000e+00
        377 211.541898    0.02611     1.5667     94.000  1019.0858  40970.138    25.9072      0.786    6.08593    14.4674    14.4648    19.0822   11.12386 2.3934e+02      0.793 0.0000e+00
        378 211.541901    0.02618     1.5708     94.250  1019.0841  40967.463    25.9055      0.789    6.08575    14.4669    14.4668    19.0804   11.12358 2.4331e+02      0.797 0.0000e+00
        379 211.541904    0.02625     1.5750     94.500  1019.0848  40968.940    25.9065      0.795    6.08562    14.4654    14.4675    19.0811   11.12336 2.4731e+02      0.802 0.0000e+00
        380 211.541907    0.02632     1.5792     94.750  1019.0879  40974.602    25.9105      0.801    6.08553    14.4631    14.4670    19.0843   11.12317 2.5048e+02      0.809 0.0000e+00
        381 211.541910    0.02639     1.5833     95.000  1019.0939  40985.239    25.9178      0.807    6.08544    14.4601    14.4655    19.0902   11.12294 2.5184e+02      0.815 0.0000e+00
        382 211.541913    0.02646     1.5875     95.250  1019.1025  41000.568    25.9284      0.810    6.08534    14.4569    14.4632    19.0988   11.12263 2.5202e+02      0.818 0.0000e+00
        383 211.541916    0.02653     1.5917     95.500  1019.1113  41016.186    25.9391      0.809    6.08530    14.4543    14.4602    19.1076   11.12246 2.5177e+02      0.817 0.0000e+00
        384 211.541918    0.02660     1.5958     95.750  1019.1163  41024.707    25.9449      0.802    6.08548    14.4527    14.4570    19.1127   11.12269 2.5060e+02      0.810 0.0000e+00
        385 211.541921    0.02667     1.6000     96.000  1019.1169  41025.060    25.9450      0.791    6.08580    14.4519    14.4544    19.1133   11.12322 2.4810e+02      0.799 0.0000e+00
        386 211.541924    0.02674     1.6042     96.250  1019.1169  41024.602    25.9446      0.783    6.08602    14.4510    14.4528    19.1133   11.12358 2.4288e+02      0.790 0.0000e+00
        387 211.541927    0.02681     1.6083     96.500  1019.1199  41030.005    25.9484      0.780    6.08598    14.4494    14.4520    19.1163   11.12348 2.3576e+02      0.787 0.0000e+00
        388 211.541930    0.02688     1.6125     96.750  1019.1279  41044.669    25.9586      0.784    6.08570    14.4466    14.4511    19.1243   11.12290 2.2923e+02      0.791 0.0000e+00
        389 211.541933    0.02694     1.6167     97.000  1019.1400  41066.594    25.9738      0.793    6.08534    14.4434    14.4495    19.1364   11.12211 2.2436e+02      0.800 0.0000e+00
        390 211.541936    0.02701     1.6208     97.250  1019.1511  41086.488    25.9875      0.801    6.08516    14.4409    14.4467    19.1475   11.12166 2.2200e+02      0.809 0.0000e+00
        391 211.541939    0.02708     1.6250     97.500  1019.1566  41095.718    25.9938      0.806    6.08533    14.4399    14.4435    19.1529   11.12186 2.2203e+02      0.814 0.0000e+00
        392 211.541942    0.02715     1.6292     97.750  1019.1560  41093.987    25.9925      0.804    6.08568    14.4399    14.4410    19.1524   11.12248 2.2366e+02      0.812 0.0000e+00
        393 211.541944    0.02722     1.6333     98.000  1019.1539  41089.834    25.9895      0.799    6.08592    14.4399    14.4400    19.1503   11.12291 2.2613e+02      0.807 0.0000e+00
        394 211.541947    0.02729     1.6375     98.250  1019.1552  41092.295    25.9912      0.795    6.08586    14.4391    14.4400    19.1516   11.12278 2.2859e+02      0.802 0.0000e+00
        395 211.541950    0.02736     1.6417     98.500  1019.1625  41105.793    26.0006      0.795    6.08550    14.4367    14.4400    19.1589   11.12208 2.3034e+02      0.802 0.0000e+00
        396 211.541953    0.02743     1.6458     98.750  1019.1772  41132.815    26.0195      0.801    6.08490    14.4329    14.4392    19.1735   11.12086 2.3180e+02      0.808 0.0000e+00
        397 211.541956    0.02750     1.6500     99.000  1019.1992  41172.894    26.0474      0.811    6.08415    14.4280    14.4368    19.1954   11.11928 2.3309e+02      0.819 0.0000e+00
        398 211.541959    0.02757     1.6542     99.250  1019.2252  41220.062    26.0801      0.824    6.08340    14.4227    14.4330    19.2214   11.11766 2.3328e+02      0.832 0.0000e+00
        399 211.541962    0.02764     1.6583     99.500  1019.2503  41265.196    26.1114      0.836    6.08284    14.4182    14.4281    19.2465   11.11637 2.3242e+02      0.844 0.0000e+00
        400 211.541965    0.02771     1.6625     99.750  1019.2691  41298.574    26.1344      0.843    6.08262    14.4152    14.4228    19.2652   11.11574 2.3156e+02      0.851 0.0000e+00
        401 211.541968    0.02778     1.6667    100.000  1019.2770  41312.119    26.1436      0.842    6.08284    14.4142    14.4183    19.2732   11.11600 2.3025e+02      0.851 0.0000e+00
        402 211.541970    0.02785     1.6708    100.250  1019.2732  41304.138    26.1379      0.833    6.08343    14.4152    14.4153    19.2693   11.11705 2.2727e+02      0.842 0.0000e+00
        403 211.541973    0.02792     1.6750    100.500  1019.2613  41281.938    26.1223      0.820    6.08414    14.4174    14.4143    19.2575   11.11841 2.2329e+02      0.828 0.0000e+00
        404 211.541976    0.02799     1.6792    100.750  1019.2487  41258.935    26.1062      0.811    6.08462    14.4195    14.4153    19.2450   11.11940 2.1954e+02      0.819 0.0000e+00
        405 211.541979    0.02806     1.6833    101.000  1019.2434  41249.608    26.0998      0.812    6.08459    14.4199    14.4175    19.2397   11.11941 2.1646e+02      0.819 0.0000e+00
        406 211.541982    0.02813     1.6875    101.250  1019.2516  41265.336    26.1110      0.824    6.08391    14.4180    14.4196    19.2478   11.11815 2.1439e+02      0.832 0.0000e+00
        407 211.541985    0.02819     1.6917    101.500  1019.2707  41300.788    26.1358      0.844    6.08293    14.4148    14.4200    19.2668   11.11623 2.1454e+02      0.852 0.0000e+00
        408 211.541988    0.02826     1.6958    101.750  1019.2891  41334.357    26.1592      0.863    6.08229    14.4118    14.4181    19.2852   11.11491 2.1712e+02      0.871 0.0000e+00
        409 211.541991    0.02833     1.7000    102.000  1019.2989  41351.659    26.1711      0.872    6.08225    14.4102    14.4149    19.2950   11.11470 2.2178e+02      0.880 0.0000e+00
        410 211.541994    0.02840     1.7042    102.250  1019.2988  41350.643    26.1702      0.870    6.08265    14.4099    14.4119    19.2949   11.11537 2.2734e+02      0.878 0.0000e+00
        411 211.541997    0.02847     1.7083    102.500  1019.2920  41337.496    26.1609      0.861    6.08320    14.4105    14.4103    19.2881   11.11640 2.3101e+02      0.869 0.0000e+00
        412 211.541999    0.02854     1.7125    102.750  1019.2845  41323.714    26.1512      0.851    6.08359    14.4112    14.4100    19.2807   11.11717 2.3322e+02      0.858 0.0000e+00
        413 211.542002    0.02861     1.7167    103.000  1019.2805  41316.478    26.1462      0.846    6.08371    14.4115    14.4106    19.2767   11.11742 2.3484e+02      0.854 0.0000e+00
        414 211.542005    0.02868     1.7208    103.250  1019.2799  41315.541    26.1456      0.849    6.08364    14.4115    14.4113    19.2761   11.11732 2.3473e+02      0.857 0.0000e+00
        415 211.542008    0.02875     1.7250    103.500  1019.2791  41314.035    26.1445      0.855    6.08364    14.4117    14.4116    19.2752   11.11733 2.3443e+02      0.863 0.0000e+00
        416 211.542011    0.02882     1.7292    103.750  1019.2749  41306.274    26.1391      0.861    6.08384    14.4122    14.4117    19.2710   11.11772 2.3489e+02      0.869 0.0000e+00
        417 211.542014    0.02889     1.7333    104.000  1019.2685  41294.362    26.1308      0.863    6.08414    14.4131    14.4118    19.2646   11.11831 2.3451e+02      0.871 0.0000e+00
        418 211.542017    0.02896     1.7375    104.250  1019.2605  41279.677    26.1205      0.863    6.08447    14.4144    14.4123    19.2566   11.11897 2.3442e+02      0.871 0.0000e+00
        419 211.542020    0.02903     1.7417    104.500  1019.2503  41260.997    26.1075      0.862    6.08484    14.4159    14.4132    19.2464   11.11975 2.3549e+02      0.870 0.0000e+00
        420 211.542023    0.02910     1.7458    104.750  1019.2392  41240.680    26.0934      0.863    6.08521    14.4169    14.4145    19.2353   11.12052 2.3483e+02      0.872 0.0000e+00
        421 211.542025    0.02917     1.7500    105.000  1019.2300  41223.937    26.0818      0.870    6.08546    14.4163    14.4160    19.2261   11.12107 2.3089e+02      0.878 0.0000e+00
        422 211.542028    0.02924     1.7542    105.250  1019.2257  41216.054    26.0763      0.884    6.08554    14.4128    14.4170    19.2217   11.12127 2.2557e+02      0.892 0.0000e+00
        423 211.542031    0.02931     1.7583    105.500  1019.2285  41221.090    26.0798      0.908    6.08548    14.4044    14.4164    19.2244   11.12114 2.2026e+02      0.916 0.0000e+00
        424 211.542034    0.02937     1.7625    105.750  1019.2422  41245.304    26.0965      0.945    6.08530    14.3878    14.4129    19.2380   11.12064 2.1392e+02      0.954 0.0000e+00
        425 211.542037    0.02944     1.7667    106.000  1019.2728  41299.421    26.1338      1.002    6.08497    14.3588    14.4045    19.2683   11.11965 2.0576e+02      1.012 0.0000e+00
