CTD-processing/allCTD/CNV--homogene/2016_05-12_alongbay_sdvpt_cast242.cnv
* Sea-Bird SBE19plus Data File:
* FileName = C:\Users\Kris.Holderied\Documents\kasitsna\Research-KBL\Oceanography-AK\CTD-Data-ALL-to-2016-05\2016-CTD-KachemakBay-CookInlet\2016-05-12-CookInlet-AlongBay\2016-05-12-CookInlet-AlongBay-cast242.hex
* Software Version 1.59
* Temperature SN =  5028
* Conductivity SN =  5028
* System UpLoad Time = May 16 2016 17:20:30
** Cook Inlet Along-bay Tran7 to Homer Spit SW to NE
** Date (YYYY-MM-DD): 2016-05-12
** Station (ie. 9-01):  SDV Pt
** Start time (AKST): 18:17
** Depth (m): 76.5
** Comment:  R/V Edgecumbe.  Along-bay line from south of Tran7 to station 9-6.
** Comment:
# nquan = 17
# nvalues = 531                         
# units = specified
# name 0 = scan: Scan Count
# name 1 = timeJ: Julian Days
# name 2 = timeH: Time, Elapsed [hours]
# name 3 = timeM: Time, Elapsed [minutes]
# name 4 = timeS: Time, Elapsed [seconds]
# name 5 = density00: Density [density, kg/m^3]
# name 6 = specc: Specific Conductance [uS/cm]
# name 7 = sal00: Salinity, Practical [PSU]
# name 8 = depSM: Depth [salt water, m], lat = 59.00
# name 9 = oxsolML/L: Oxygen Saturation, Garcia & Gordon [ml/l]
# name 10 = potemp090C: Potential Temperature [ITS-90, deg C]
# name 11 = tv290C: Temperature [ITS-90, deg C]
# name 12 = sigma-é00: Density [sigma-theta, kg/m^3]
# name 13 = n2satML/L: Nitrogen Saturation [ml/l]
# name 14 = par: PAR/Irradiance, Biospherical/Licor
# name 15 = prdM: Pressure, Strain Gauge [db]
# name 16 = flag:  0.000e+00
# span 0 =          1,        531       
# span 1 = 133.761667, 133.763200       
# span 2 =    0.00000,    0.03681       
# span 3 =     0.0000,     2.2083       
# span 4 =      0.000,    132.500       
# span 5 =  1002.9924,  1024.8494       
# span 6 =   6852.184,  49951.927       
# span 7 =     4.1088,    31.4907       
# span 8 =      0.138,     66.980       
# span 9 =    6.69416,    7.87151       
# span 10 =     7.1128,     9.0262      
# span 11 =     7.1176,     9.0905      
# span 12 =     2.9917,    24.5395      
# span 13 =   12.06869,   14.40673      
# span 14 = 7.7999e-02, 5.4547e+02      
# span 15 =      0.140,     67.623      
# span 16 = 0.0000e+00, 0.0000e+00      
# interval = seconds: 0.25
# start_time = May 12 2016 18:16:48 [Instrument's time stamp, header]
# bad_flag = -9.990e-29
*END*
[from data line 256]
        257 133.762407    0.01778     1.0667     64.000  1024.3550  49589.493    31.3260      0.823    6.71866     8.2678     8.2694    24.3512   12.11018 4.0545e+02      0.831 0.0000e+00
        258 133.762410    0.01785     1.0708     64.250  1024.3546  49588.699    31.3254      0.827    6.71878     8.2665     8.2688    24.3508   12.11037 3.8757e+02      0.834 0.0000e+00
        259 133.762413    0.01792     1.0750     64.500  1024.3543  49587.970    31.3247      0.835    6.71895     8.2649     8.2679    24.3504   12.11066 3.8062e+02      0.843 0.0000e+00
        260 133.762416    0.01799     1.0792     64.750  1024.3539  49587.115    31.3239      0.846    6.71918     8.2631     8.2666    24.3500   12.11106 3.9421e+02      0.854 0.0000e+00
        261 133.762419    0.01806     1.0833     65.000  1024.3540  49587.233    31.3237      0.855    6.71944     8.2616     8.2650    24.3501   12.11149 4.1029e+02      0.863 0.0000e+00
        262 133.762422    0.01812     1.0875     65.250  1024.3547  49588.392    31.3243      0.859    6.71968     8.2603     8.2632    24.3507   12.11188 4.0850e+02      0.867 0.0000e+00
        263 133.762425    0.01819     1.0917     65.500  1024.3553  49589.467    31.3248      0.857    6.71989     8.2591     8.2617    24.3514   12.11222 3.9897e+02      0.865 0.0000e+00
        264 133.762428    0.01826     1.0958     65.750  1024.3556  49590.020    31.3250      0.851    6.72007     8.2579     8.2604    24.3517   12.11252 3.9153e+02      0.860 0.0000e+00
        265 133.762431    0.01833     1.1000     66.000  1024.3557  49590.104    31.3249      0.849    6.72025     8.2566     8.2592    24.3518   12.11282 3.8195e+02      0.857 0.0000e+00
        266 133.762433    0.01840     1.1042     66.250  1024.3558  49590.241    31.3248      0.854    6.72044     8.2553     8.2580    24.3519   12.11313 3.7438e+02      0.862 0.0000e+00
        267 133.762436    0.01847     1.1083     66.500  1024.3562  49590.703    31.3249      0.869    6.72063     8.2537     8.2567    24.3522   12.11344 3.6207e+02      0.877 0.0000e+00
        268 133.762439    0.01854     1.1125     66.750  1024.3561  49590.352    31.3245      0.892    6.72085     8.2515     8.2554    24.3520   12.11382 3.4441e+02      0.900 0.0000e+00
        269 133.762442    0.01861     1.1167     67.000  1024.3554  49588.712    31.3231      0.920    6.72115     8.2486     8.2538    24.3511   12.11434 3.3209e+02      0.928 0.0000e+00
        270 133.762445    0.01868     1.1208     67.250  1024.3548  49587.297    31.3217      0.952    6.72155     8.2454     8.2516    24.3504   12.11501 3.3054e+02      0.961 0.0000e+00
        271 133.762448    0.01875     1.1250     67.500  1024.3550  49587.399    31.3214      0.987    6.72201     8.2428     8.2487    24.3505   12.11576 3.3589e+02      0.996 0.0000e+00
        272 133.762451    0.01882     1.1292     67.750  1024.3566  49589.744    31.3225      1.023    6.72243     8.2416     8.2455    24.3519   12.11646 3.3621e+02      1.033 0.0000e+00
        273 133.762454    0.01889     1.1333     68.000  1024.3594  49594.587    31.3254      1.056    6.72270     8.2425     8.2429    24.3546   12.11687 3.3190e+02      1.067 0.0000e+00
        274 133.762457    0.01896     1.1375     68.250  1024.3629  49600.541    31.3294      1.084    6.72271     8.2455     8.2417    24.3579   12.11684 3.2633e+02      1.095 0.0000e+00
        275 133.762459    0.01903     1.1417     68.500  1024.3660  49606.078    31.3334      1.106    6.72241     8.2500     8.2426    24.3609   12.11628 3.1911e+02      1.117 0.0000e+00
        276 133.762462    0.01910     1.1458     68.750  1024.3677  49609.187    31.3360      1.121    6.72184     8.2543     8.2456    24.3625   12.11530 3.1569e+02      1.132 0.0000e+00
        277 133.762465    0.01917     1.1500     69.000  1024.3665  49607.092    31.3353      1.128    6.72119     8.2571     8.2501    24.3613   12.11425 3.2084e+02      1.139 0.0000e+00
        278 133.762468    0.01924     1.1542     69.250  1024.3631  49601.269    31.3319      1.123    6.72068     8.2583     8.2544    24.3580   12.11344 3.3292e+02      1.134 0.0000e+00
        279 133.762471    0.01931     1.1583     69.500  1024.3602  49596.277    31.3288      1.105    6.72039     8.2584     8.2572    24.3552   12.11299 3.4030e+02      1.116 0.0000e+00
        280 133.762474    0.01938     1.1625     69.750  1024.3586  49593.480    31.3270      1.080    6.72029     8.2577     8.2584    24.3536   12.11285 3.3442e+02      1.090 0.0000e+00
        281 133.762477    0.01944     1.1667     70.000  1024.3574  49591.602    31.3257      1.055    6.72033     8.2563     8.2585    24.3526   12.11294 3.2633e+02      1.065 0.0000e+00
        282 133.762480    0.01951     1.1708     70.250  1024.3562  49589.527    31.3242      1.037    6.72050     8.2536     8.2578    24.3514   12.11324 3.2611e+02      1.047 0.0000e+00
        283 133.762483    0.01958     1.1750     70.500  1024.3546  49586.483    31.3218      1.029    6.72083     8.2496     8.2564    24.3498   12.11381 3.2907e+02      1.039 0.0000e+00
        284 133.762486    0.01965     1.1792     70.750  1024.3532  49583.987    31.3197      1.026    6.72134     8.2458     8.2537    24.3485   12.11468 3.2899e+02      1.036 0.0000e+00
        285 133.762488    0.01972     1.1833     71.000  1024.3545  49586.196    31.3206      1.022    6.72189     8.2442     8.2497    24.3498   12.11559 3.2558e+02      1.031 0.0000e+00
        286 133.762491    0.01979     1.1875     71.250  1024.3586  49593.495    31.3251      1.009    6.72227     8.2453     8.2459    24.3539   12.11615 3.2313e+02      1.019 0.0000e+00
        287 133.762494    0.01986     1.1917     71.500  1024.3627  49601.155    31.3303      0.989    6.72229     8.2486     8.2443    24.3582   12.11612 3.2420e+02      0.998 0.0000e+00
        288 133.762497    0.01993     1.1958     71.750  1024.3653  49606.145    31.3339      0.968    6.72195     8.2535     8.2454    24.3609   12.11552 3.2462e+02      0.977 0.0000e+00
        289 133.762500    0.02000     1.2000     72.000  1024.3670  49609.370    31.3367      0.954    6.72133     8.2597     8.2487    24.3626   12.11446 3.1892e+02      0.963 0.0000e+00
        290 133.762503    0.02007     1.2042     72.250  1024.3680  49611.454    31.3389      0.952    6.72049     8.2665     8.2536    24.3636   12.11305 3.0903e+02      0.961 0.0000e+00
        291 133.762506    0.02014     1.2083     72.500  1024.3677  49611.153    31.3396      0.959    6.71953     8.2730     8.2598    24.3633   12.11144 2.9844e+02      0.968 0.0000e+00
        292 133.762509    0.02021     1.2125     72.750  1024.3661  49608.427    31.3387      0.969    6.71854     8.2787     8.2666    24.3616   12.10981 2.8276e+02      0.978 0.0000e+00
        293 133.762512    0.02028     1.2167     73.000  1024.3639  49604.769    31.3372      0.979    6.71762     8.2836     8.2731    24.3594   12.10831 2.6060e+02      0.988 0.0000e+00
        294 133.762514    0.02035     1.2208     73.250  1024.3618  49601.094    31.3355      0.988    6.71682     8.2874     8.2788    24.3573   12.10701 2.4109e+02      0.998 0.0000e+00
        295 133.762517    0.02042     1.2250     73.500  1024.3596  49597.285    31.3335      1.001    6.71617     8.2900     8.2837    24.3550   12.10596 2.2757e+02      1.011 0.0000e+00
        296 133.762520    0.02049     1.2292     73.750  1024.3574  49593.173    31.3312      1.026    6.71570     8.2911     8.2875    24.3527   12.10520 2.1489e+02      1.036 0.0000e+00
        297 133.762523    0.02056     1.2333     74.000  1024.3552  49588.909    31.3286      1.072    6.71542     8.2905     8.2901    24.3502   12.10478 2.0120e+02      1.082 0.0000e+00
        298 133.762526    0.02063     1.2375     74.250  1024.3528  49583.944    31.3253      1.148    6.71539     8.2873     8.2913    24.3475   12.10476 1.8746e+02      1.159 0.0000e+00
        299 133.762529    0.02069     1.2417     74.500  1024.3493  49576.778    31.3202      1.262    6.71571     8.2801     8.2907    24.3435   12.10535 1.7431e+02      1.275 0.0000e+00
        300 133.762532    0.02076     1.2458     74.750  1024.3445  49566.612    31.3125      1.419    6.71654     8.2674     8.2874    24.3380   12.10683 1.6176e+02      1.433 0.0000e+00
        301 133.762535    0.02083     1.2500     75.000  1024.3383  49553.435    31.3020      1.615    6.71809     8.2472     8.2802    24.3308   12.10953 1.5031e+02      1.630 0.0000e+00
        302 133.762538    0.02090     1.2542     75.250  1024.3299  49535.949    31.2877      1.843    6.72065     8.2168     8.2676    24.3215   12.11393 1.4075e+02      1.860 0.0000e+00
        303 133.762541    0.02097     1.2583     75.500  1024.3187  49512.592    31.2682      2.094    6.72457     8.1734     8.2474    24.3090   12.12067 1.3249e+02      2.114 0.0000e+00
        304 133.762543    0.02104     1.2625     75.750  1024.3046  49483.702    31.2432      2.363    6.73030     8.1141     8.2171    24.2938   12.13046 1.2479e+02      2.386 0.0000e+00
        305 133.762546    0.02111     1.2667     76.000  1024.2884  49450.109    31.2129      2.645    6.73827     8.0391     8.1736    24.2762   12.14401 1.1766e+02      2.670 0.0000e+00
        306 133.762549    0.02118     1.2708     76.250  1024.2739  49419.280    31.1820      2.935    6.74868     7.9544     8.1144    24.2604   12.16161 1.1119e+02      2.963 0.0000e+00
        307 133.762552    0.02125     1.2750     76.500  1024.2717  49410.253    31.1639      3.232    6.76097     7.8704     8.0394    24.2568   12.18217 1.0528e+02      3.262 0.0000e+00
        308 133.762555    0.02132     1.2792     76.750  1024.2875  49433.822    31.1670      3.531    6.77383     7.7965     7.9547    24.2712   12.20341 9.9977e+01      3.565 0.0000e+00
        309 133.762558    0.02139     1.2833     77.000  1024.3168  49482.240    31.1874      3.832    6.78584     7.7380     7.8708    24.2991   12.22303 9.5389e+01      3.868 0.0000e+00
        310 133.762561    0.02146     1.2875     77.250  1024.3516  49541.199    31.2168      4.133    6.79593     7.6949     7.7969    24.3325   12.23936 9.1401e+01      4.173 0.0000e+00
        311 133.762564    0.02153     1.2917     77.500  1024.3830  49594.676    31.2447      4.434    6.80372     7.6634     7.7385    24.3626   12.25190 8.7752e+01      4.476 0.0000e+00
        312 133.762567    0.02160     1.2958     77.750  1024.4058  49632.821    31.2643      4.733    6.80952     7.6395     7.6954    24.3840   12.26124 8.4331e+01      4.778 0.0000e+00
        313 133.762569    0.02167     1.3000     78.000  1024.4216  49658.436    31.2770      5.031    6.81383     7.6209     7.6639    24.3983   12.26823 8.1188e+01      5.078 0.0000e+00
        314 133.762572    0.02174     1.3042     78.250  1024.4333  49676.902    31.2859      5.327    6.81713     7.6056     7.6400    24.4086   12.27358 7.8332e+01      5.377 0.0000e+00
        315 133.762575    0.02181     1.3083     78.500  1024.4415  49689.166    31.2913      5.621    6.81978     7.5919     7.6214    24.4154   12.27789 7.5742e+01      5.674 0.0000e+00
        316 133.762578    0.02187     1.3125     78.750  1024.4469  49696.427    31.2938      5.912    6.82205     7.5792     7.6061    24.4195   12.28160 7.3391e+01      5.969 0.0000e+00
        317 133.762581    0.02194     1.3167     79.000  1024.4511  49701.674    31.2951      6.202    6.82411     7.5671     7.5925    24.4224   12.28499 7.1184e+01      6.261 0.0000e+00
        318 133.762584    0.02201     1.3208     79.250  1024.4551  49706.555    31.2963      6.490    6.82604     7.5555     7.5798    24.4250   12.28817 6.9041e+01      6.551 0.0000e+00
        319 133.762587    0.02208     1.3250     79.500  1024.4588  49710.821    31.2972      6.775    6.82788     7.5440     7.5677    24.4274   12.29121 6.6988e+01      6.840 0.0000e+00
        320 133.762590    0.02215     1.3292     79.750  1024.4617  49713.709    31.2972      7.059    6.82968     7.5320     7.5562    24.4290   12.29419 6.5109e+01      7.127 0.0000e+00
        321 133.762593    0.02222     1.3333     80.000  1024.4639  49715.292    31.2963      7.344    6.83152     7.5193     7.5447    24.4298   12.29724 6.3411e+01      7.414 0.0000e+00
        322 133.762595    0.02229     1.3375     80.250  1024.4658  49716.303    31.2949      7.631    6.83345     7.5062     7.5327    24.4304   12.30045 6.1768e+01      7.704 0.0000e+00
        323 133.762598    0.02236     1.3417     80.500  1024.4685  49718.856    31.2945      7.924    6.83544     7.4941     7.5201    24.4318   12.30376 6.0072e+01      7.999 0.0000e+00
        324 133.762601    0.02243     1.3458     80.750  1024.4735  49725.493    31.2968      8.221    6.83737     7.4841     7.5070    24.4354   12.30692 5.8338e+01      8.299 0.0000e+00
        325 133.762604    0.02250     1.3500     81.000  1024.4800  49734.923    31.3013      8.524    6.83907     7.4761     7.4949    24.4406   12.30967 5.6628e+01      8.605 0.0000e+00
        326 133.762607    0.02257     1.3542     81.250  1024.4859  49743.064    31.3051      8.832    6.84046     7.4690     7.4849    24.4450   12.31192 5.4954e+01      8.916 0.0000e+00
        327 133.762610    0.02264     1.3583     81.500  1024.4895  49747.162    31.3065      9.143    6.84164     7.4615     7.4770    24.4471   12.31386 5.3289e+01      9.229 0.0000e+00
        328 133.762613    0.02271     1.3625     81.750  1024.4912  49747.812    31.3057      9.454    6.84279     7.4533     7.4699    24.4474   12.31576 5.1600e+01      9.543 0.0000e+00
        329 133.762616    0.02278     1.3667     82.000  1024.4929  49748.305    31.3046      9.766    6.84401     7.4447     7.4624    24.4476   12.31779 4.9871e+01      9.858 0.0000e+00
        330 133.762619    0.02285     1.3708     82.250  1024.4953  49750.212    31.3044     10.080    6.84530     7.4360     7.4542    24.4486   12.31993 4.8123e+01     10.175 0.0000e+00
        331 133.762622    0.02292     1.3750     82.500  1024.4982  49752.973    31.3048     10.400    6.84663     7.4275     7.4456    24.4501   12.32213 4.6381e+01     10.498 0.0000e+00
        332 133.762624    0.02299     1.3792     82.750  1024.5018  49756.823    31.3058     10.728    6.84794     7.4197     7.4369    24.4521   12.32429 4.4622e+01     10.829 0.0000e+00
        333 133.762627    0.02306     1.3833     83.000  1024.5060  49761.828    31.3078     11.063    6.84918     7.4129     7.4285    24.4548   12.32631 4.2824e+01     11.168 0.0000e+00
        334 133.762630    0.02313     1.3875     83.250  1024.5104  49767.035    31.3100     11.402    6.85030     7.4068     7.4207    24.4575   12.32813 4.1017e+01     11.510 0.0000e+00
        335 133.762633    0.02319     1.3917     83.500  1024.5141  49771.187    31.3116     11.743    6.85130     7.4008     7.4139    24.4597   12.32977 3.9254e+01     11.854 0.0000e+00
        336 133.762636    0.02326     1.3958     83.750  1024.5169  49773.615    31.3121     12.085    6.85223     7.3946     7.4078    24.4610   12.33130 3.7565e+01     12.199 0.0000e+00
        337 133.762639    0.02333     1.4000     84.000  1024.5191  49774.811    31.3118     12.426    6.85317     7.3880     7.4019    24.4615   12.33286 3.5949e+01     12.544 0.0000e+00
        338 133.762642    0.02340     1.4042     84.250  1024.5210  49775.695    31.3112     12.770    6.85416     7.3809     7.3958    24.4619   12.33451 3.4385e+01     12.891 0.0000e+00
        339 133.762645    0.02347     1.4083     84.500  1024.5232  49776.826    31.3108     13.115    6.85522     7.3734     7.3892    24.4624   12.33627 3.2852e+01     13.240 0.0000e+00
        340 133.762648    0.02354     1.4125     84.750  1024.5256  49778.568    31.3106     13.464    6.85635     7.3660     7.3821    24.4633   12.33813 3.1345e+01     13.591 0.0000e+00
