CTD-processing/allCTD/CNV--homogene/2016_08-31_t6_s06_cast114.cnv
* Sea-Bird SBE19plus Data File:
* FileName = C:\Users\Kim.Powell\Desktop\2016_08-31_T6_5028\2016_08-31_T6_5028_cast114.hex
* Software Version 1.59
* Temperature SN =  5028
* Conductivity SN =  5028
* System UpLoad Time = Aug 31 2016 22:19:41
** CookInlet LTM Transect 7
** 2016_08-30
** Station: 6-06
** Start Time: 17:32
** Depth (m): 142.3
** Comment:
** Comment:
# nquan = 17
# nvalues = 901                         
# units = specified
# name 0 = scan: Scan Count
# name 1 = timeJ: Julian Days
# name 2 = timeH: Time, Elapsed [hours]
# name 3 = timeM: Time, Elapsed [minutes]
# name 4 = timeS: Time, Elapsed [seconds]
# name 5 = density00: Density [density, kg/m^3]
# name 6 = specc: Specific Conductance [uS/cm]
# name 7 = sal00: Salinity, Practical [PSU]
# name 8 = depSM: Depth [salt water, m], lat = 59.00
# name 9 = oxsolML/L: Oxygen Saturation, Garcia & Gordon [ml/l]
# name 10 = potemp090C: Potential Temperature [ITS-90, deg C]
# name 11 = tv290C: Temperature [ITS-90, deg C]
# name 12 = sigma-é00: Density [sigma-theta, kg/m^3]
# name 13 = n2satML/L: Nitrogen Saturation [ml/l]
# name 14 = par: PAR/Irradiance, Biospherical/Licor
# name 15 = prdM: Pressure, Strain Gauge [db]
# name 16 = flag:  0.000e+00
# span 0 =          1,        901       
# span 1 = 244.730775, 244.733380       
# span 2 =    0.00000,    0.06250       
# span 3 =     0.0000,     3.7500       
# span 4 =      0.000,    225.000       
# span 5 =   999.6616,  1025.5365       
# span 6 =    794.949,  50671.321       
# span 7 =     0.3875,    32.0336       
# span 8 =     -0.078,    138.979       
# span 9 =    6.09719,    7.33213       
# span 10 =     8.3304,    13.3388      
# span 11 =     8.3443,    13.3389      
# span 12 =    -0.3380,    24.8969      
# span 13 =   11.10306,   13.54288      
# span 14 = 6.1409e-02, 1.1071e+03      
# span 15 =     -0.079,    140.338      
# span 16 = 0.0000e+00, 0.0000e+00      
# interval = seconds: 0.25
# start_time = Aug 31 2016 17:32:19 [Instrument's time stamp, header]
# bad_flag = -9.990e-29
*END*
[from data line 511]
        512 244.732254    0.03549     2.1292    127.750  1024.2329  49189.139    31.2768     43.452    6.45629    10.0617    10.0779    24.0343   11.67639 8.6546e-01     43.866 0.0000e+00
        513 244.732257    0.03556     2.1333    128.000  1024.2343  49189.033    31.2761     43.721    6.45694    10.0520    10.0735    24.0344   11.67747 8.4682e-01     44.139 0.0000e+00
        514 244.732260    0.03562     2.1375    128.250  1024.2366  49190.205    31.2760     43.988    6.45792    10.0399    10.0666    24.0354   11.67909 8.2880e-01     44.408 0.0000e+00
        515 244.732263    0.03569     2.1417    128.500  1024.2406  49194.263    31.2775     44.248    6.45922    10.0261    10.0569    24.0382   11.68123 8.1164e-01     44.671 0.0000e+00
        516 244.732266    0.03576     2.1458    128.750  1024.2463  49201.239    31.2808     44.502    6.46079    10.0111    10.0448    24.0428   11.68379 7.9527e-01     44.927 0.0000e+00
        517 244.732269    0.03583     2.1500    129.000  1024.2529  49209.840    31.2850     44.748    6.46256     9.9950    10.0311    24.0483   11.68667 7.7941e-01     45.176 0.0000e+00
        518 244.732271    0.03590     2.1542    129.250  1024.2604  49219.691    31.2900     44.989    6.46447     9.9786    10.0161    24.0546   11.68978 7.6399e-01     45.419 0.0000e+00
        519 244.732274    0.03597     2.1583    129.500  1024.2694  49232.275    31.2967     45.225    6.46646     9.9628    10.0001    24.0625   11.69300 7.4901e-01     45.657 0.0000e+00
        520 244.732277    0.03604     2.1625    129.750  1024.2799  49247.718    31.3054     45.459    6.46842     9.9477     9.9837    24.0720   11.69614 7.3440e-01     45.893 0.0000e+00
        521 244.732280    0.03611     2.1667    130.000  1024.2909  49264.034    31.3148     45.692    6.47026     9.9329     9.9679    24.0819   11.69908 7.1998e-01     46.128 0.0000e+00
        522 244.732283    0.03618     2.1708    130.250  1024.3019  49280.549    31.3244     45.924    6.47201     9.9194     9.9527    24.0918   11.70186 7.0559e-01     46.363 0.0000e+00
        523 244.732286    0.03625     2.1750    130.500  1024.3133  49297.761    31.3346     46.157    6.47368     9.9085     9.9380    24.1022   11.70450 6.9114e-01     46.598 0.0000e+00
        524 244.732289    0.03632     2.1792    130.750  1024.3244  49314.444    31.3445     46.391    6.47517     9.9003     9.9245    24.1121   11.70685 6.7658e-01     46.834 0.0000e+00
        525 244.732292    0.03639     2.1833    131.000  1024.3339  49328.633    31.3530     46.625    6.47637     9.8942     9.9136    24.1205   11.70873 6.6198e-01     47.070 0.0000e+00
        526 244.732295    0.03646     2.1875    131.250  1024.3417  49340.097    31.3600     46.860    6.47724     9.8894     9.9054    24.1273   11.71009 6.4741e-01     47.308 0.0000e+00
        527 244.732297    0.03653     2.1917    131.500  1024.3485  49349.963    31.3660     47.098    6.47784     9.8850     9.8994    24.1330   11.71102 6.3288e-01     47.548 0.0000e+00
        528 244.732300    0.03660     2.1958    131.750  1024.3552  49359.806    31.3723     47.337    6.47826     9.8806     9.8946    24.1387   11.71164 6.1842e-01     47.789 0.0000e+00
        529 244.732303    0.03667     2.2000    132.000  1024.3629  49371.402    31.3798     47.578    6.47857     9.8763     9.8903    24.1452   11.71206 6.0415e-01     48.033 0.0000e+00
        530 244.732306    0.03674     2.2042    132.250  1024.3717  49384.922    31.3887     47.821    6.47883     9.8727     9.8858    24.1529   11.71238 5.9019e-01     48.279 0.0000e+00
        531 244.732309    0.03681     2.2083    132.500  1024.3808  49399.047    31.3980     48.069    6.47905     9.8703     9.8816    24.1608   11.71263 5.7652e-01     48.529 0.0000e+00
        532 244.732312    0.03687     2.2125    132.750  1024.3896  49412.834    31.4071     48.322    6.47917     9.8692     9.8780    24.1686   11.71273 5.6297e-01     48.784 0.0000e+00
        533 244.732315    0.03694     2.2167    133.000  1024.3975  49424.872    31.4152     48.579    6.47916     9.8690     9.8757    24.1752   11.71263 5.4952e-01     49.044 0.0000e+00
        534 244.732318    0.03701     2.2208    133.250  1024.4037  49433.962    31.4214     48.842    6.47907     9.8693     9.8746    24.1802   11.71239 5.3635e-01     49.309 0.0000e+00
        535 244.732321    0.03708     2.2250    133.500  1024.4082  49440.175    31.4256     49.107    6.47891     9.8696     9.8744    24.1836   11.71209 5.2359e-01     49.577 0.0000e+00
        536 244.732323    0.03715     2.2292    133.750  1024.4116  49444.217    31.4284     49.375    6.47875     9.8699     9.8747    24.1857   11.71179 5.1125e-01     49.847 0.0000e+00
        537 244.732326    0.03722     2.2333    134.000  1024.4142  49446.917    31.4302     49.642    6.47862     9.8700     9.8751    24.1871   11.71155 4.9933e-01     50.117 0.0000e+00
        538 244.732329    0.03729     2.2375    134.250  1024.4164  49448.814    31.4315     49.910    6.47853     9.8699     9.8754    24.1880   11.71138 4.8787e-01     50.387 0.0000e+00
        539 244.732332    0.03736     2.2417    134.500  1024.4183  49450.253    31.4324     50.175    6.47847     9.8695     9.8755    24.1887   11.71128 4.7694e-01     50.655 0.0000e+00
        540 244.732335    0.03743     2.2458    134.750  1024.4201  49451.568    31.4332     50.437    6.47845     9.8686     9.8754    24.1894   11.71123 4.6662e-01     50.919 0.0000e+00
        541 244.732338    0.03750     2.2500    135.000  1024.4221  49453.208    31.4342     50.695    6.47846     9.8671     9.8750    24.1902   11.71124 4.5685e-01     51.180 0.0000e+00
        542 244.732341    0.03757     2.2542    135.250  1024.4245  49455.479    31.4356     50.951    6.47853     9.8647     9.8742    24.1914   11.71133 4.4753e-01     51.438 0.0000e+00
        543 244.732344    0.03764     2.2583    135.500  1024.4273  49458.359    31.4373     51.205    6.47867     9.8612     9.8726    24.1930   11.71155 4.3863e-01     51.695 0.0000e+00
        544 244.732347    0.03771     2.2625    135.750  1024.4304  49461.860    31.4394     51.458    6.47892     9.8564     9.8703    24.1950   11.71194 4.3008e-01     51.951 0.0000e+00
        545 244.732350    0.03778     2.2667    136.000  1024.4341  49466.157    31.4418     51.711    6.47930     9.8502     9.8669    24.1975   11.71254 4.2176e-01     52.206 0.0000e+00
        546 244.732352    0.03785     2.2708    136.250  1024.4384  49471.568    31.4449     51.964    6.47985     9.8427     9.8622    24.2007   11.71341 4.1361e-01     52.462 0.0000e+00
        547 244.732355    0.03792     2.2750    136.500  1024.4437  49478.414    31.4488     52.217    6.48057     9.8347     9.8559    24.2048   11.71456 4.0558e-01     52.717 0.0000e+00
        548 244.732358    0.03799     2.2792    136.750  1024.4496  49486.383    31.4534     52.470    6.48144     9.8267     9.8485    24.2095   11.71594 3.9762e-01     52.972 0.0000e+00
        549 244.732361    0.03806     2.2833    137.000  1024.4556  49494.592    31.4580     52.722    6.48237     9.8189     9.8406    24.2144   11.71743 3.8974e-01     53.226 0.0000e+00
        550 244.732364    0.03812     2.2875    137.250  1024.4614  49502.299    31.4623     52.972    6.48333     9.8112     9.8326    24.2191   11.71896 3.8197e-01     53.478 0.0000e+00
        551 244.732367    0.03819     2.2917    137.500  1024.4667  49509.018    31.4659     53.219    6.48429     9.8034     9.8248    24.2232   11.72050 3.7436e-01     53.729 0.0000e+00
        552 244.732370    0.03826     2.2958    137.750  1024.4714  49514.844    31.4689     53.465    6.48525     9.7955     9.8171    24.2268   11.72207 3.6693e-01     53.977 0.0000e+00
        553 244.732373    0.03833     2.3000    138.000  1024.4761  49520.572    31.4718     53.710    6.48624     9.7879     9.8093    24.2303   11.72367 3.5969e-01     54.225 0.0000e+00
        554 244.732376    0.03840     2.3042    138.250  1024.4809  49526.611    31.4750     53.956    6.48723     9.7808     9.8014    24.2340   11.72528 3.5256e-01     54.473 0.0000e+00
        555 244.732378    0.03847     2.3083    138.500  1024.4857  49532.515    31.4781     54.204    6.48818     9.7740     9.7938    24.2376   11.72681 3.4550e-01     54.723 0.0000e+00
        556 244.732381    0.03854     2.3125    138.750  1024.4899  49537.540    31.4806     54.458    6.48909     9.7668     9.7868    24.2407   11.72828 3.3847e-01     54.979 0.0000e+00
        557 244.732384    0.03861     2.3167    139.000  1024.4934  49541.117    31.4821     54.718    6.48999     9.7583     9.7800    24.2430   11.72975 3.3143e-01     55.241 0.0000e+00
        558 244.732387    0.03868     2.3208    139.250  1024.4961  49543.143    31.4825     54.986    6.49099     9.7476     9.7729    24.2444   11.73141 3.2438e-01     55.512 0.0000e+00
        559 244.732390    0.03875     2.3250    139.500  1024.4985  49544.452    31.4822     55.262    6.49221     9.7337     9.7644    24.2456   11.73343 3.1731e-01     55.791 0.0000e+00
        560 244.732393    0.03882     2.3292    139.750  1024.5012  49545.941    31.4817     55.544    6.49377     9.7156     9.7537    24.2469   11.73601 3.1029e-01     56.076 0.0000e+00
        561 244.732396    0.03889     2.3333    140.000  1024.5043  49547.961    31.4811     55.828    6.49578     9.6924     9.7398    24.2488   11.73934 3.0339e-01     56.363 0.0000e+00
        562 244.732399    0.03896     2.3375    140.250  1024.5085  49551.466    31.4811     56.109    6.49836     9.6636     9.7217    24.2516   11.74362 2.9670e-01     56.646 0.0000e+00
        563 244.732402    0.03903     2.3417    140.500  1024.5145  49557.786    31.4824     56.383    6.50161     9.6296     9.6986    24.2563   11.74899 2.9032e-01     56.923 0.0000e+00
        564 244.732405    0.03910     2.3458    140.750  1024.5234  49568.914    31.4863     56.651    6.50557     9.5922     9.6698    24.2640   11.75550 2.8431e-01     57.194 0.0000e+00
        565 244.732407    0.03917     2.3500    141.000  1024.5365  49587.192    31.4945     56.912    6.51010     9.5544     9.6357    24.2759   11.76291 2.7867e-01     57.458 0.0000e+00
        566 244.732410    0.03924     2.3542    141.250  1024.5538  49612.923    31.5075     57.166    6.51492     9.5194     9.5983    24.2920   11.77073 2.7339e-01     57.713 0.0000e+00
        567 244.732413    0.03931     2.3583    141.500  1024.5740  49643.994    31.5242     57.412    6.51964     9.4894     9.5606    24.3111   11.77834 2.6844e-01     57.961 0.0000e+00
        568 244.732416    0.03938     2.3625    141.750  1024.5948  49676.324    31.5422     57.652    6.52391     9.4649     9.5256    24.3307   11.78520 2.6375e-01     58.204 0.0000e+00
        569 244.732419    0.03944     2.3667    142.000  1024.6134  49705.304    31.5585     57.889    6.52753     9.4449     9.4956    24.3481   11.79100 2.5921e-01     58.444 0.0000e+00
        570 244.732422    0.03951     2.3708    142.250  1024.6286  49728.651    31.5715     58.126    6.53051     9.4279     9.4711    24.3622   11.79577 2.5474e-01     58.682 0.0000e+00
        571 244.732425    0.03958     2.3750    142.500  1024.6405  49746.610    31.5813     58.363    6.53298     9.4125     9.4511    24.3730   11.79975 2.5030e-01     58.922 0.0000e+00
        572 244.732428    0.03965     2.3792    142.750  1024.6500  49760.317    31.5886     58.601    6.53513     9.3978     9.4341    24.3814   11.80321 2.4589e-01     59.163 0.0000e+00
        573 244.732431    0.03972     2.3833    143.000  1024.6579  49771.447    31.5942     58.840    6.53711     9.3836     9.4188    24.3882   11.80642 2.4154e-01     59.403 0.0000e+00
        574 244.732433    0.03979     2.3875    143.250  1024.6656  49782.143    31.5996     59.076    6.53900     9.3704     9.4041    24.3948   11.80949 2.3728e-01     59.642 0.0000e+00
        575 244.732436    0.03986     2.3917    143.500  1024.6735  49793.422    31.6055     59.311    6.54080     9.3586     9.3899    24.4016   11.81239 2.3306e-01     59.879 0.0000e+00
        576 244.732439    0.03993     2.3958    143.750  1024.6813  49804.576    31.6115     59.543    6.54245     9.3484     9.3768    24.4083   11.81505 2.2892e-01     60.114 0.0000e+00
        577 244.732442    0.04000     2.4000    144.000  1024.6886  49814.842    31.6170     59.774    6.54391     9.3394     9.3650    24.4145   11.81741 2.2486e-01     60.347 0.0000e+00
        578 244.732445    0.04007     2.4042    144.250  1024.6950  49823.847    31.6218     60.004    6.54519     9.3314     9.3548    24.4199   11.81947 2.2086e-01     60.579 0.0000e+00
        579 244.732448    0.04014     2.4083    144.500  1024.7005  49831.181    31.6257     60.236    6.54632     9.3236     9.3459    24.4243   11.82129 2.1689e-01     60.813 0.0000e+00
        580 244.732451    0.04021     2.4125    144.750  1024.7050  49836.902    31.6285     60.472    6.54736     9.3157     9.3379    24.4278   11.82298 2.1295e-01     61.052 0.0000e+00
        581 244.732454    0.04028     2.4167    145.000  1024.7093  49842.048    31.6309     60.716    6.54838     9.3079     9.3301    24.4309   11.82464 2.0901e-01     61.297 0.0000e+00
        582 244.732457    0.04035     2.4208    145.250  1024.7139  49847.753    31.6338     60.966    6.54939     9.3005     9.3223    24.4343   11.82629 2.0508e-01     61.551 0.0000e+00
        583 244.732459    0.04042     2.4250    145.500  1024.7189  49854.053    31.6370     61.225    6.55038     9.2935     9.3145    24.4381   11.82789 2.0114e-01     61.812 0.0000e+00
        584 244.732462    0.04049     2.4292    145.750  1024.7238  49860.329    31.6403     61.492    6.55132     9.2871     9.3070    24.4418   11.82940 1.9723e-01     62.081 0.0000e+00
        585 244.732465    0.04056     2.4333    146.000  1024.7287  49866.399    31.6435     61.765    6.55219     9.2812     9.3001    24.4454   11.83080 1.9338e-01     62.357 0.0000e+00
        586 244.732468    0.04063     2.4375    146.250  1024.7335  49872.486    31.6468     62.040    6.55299     9.2760     9.2937    24.4490   11.83209 1.8966e-01     62.635 0.0000e+00
        587 244.732471    0.04069     2.4417    146.500  1024.7382  49878.376    31.6500     62.314    6.55371     9.2715     9.2878    24.4524   11.83323 1.8613e-01     62.911 0.0000e+00
        588 244.732474    0.04076     2.4458    146.750  1024.7425  49883.682    31.6529     62.584    6.55433     9.2677     9.2827    24.4555   11.83423 1.8280e-01     63.184 0.0000e+00
        589 244.732477    0.04083     2.4500    147.000  1024.7465  49888.359    31.6554     62.850    6.55486     9.2644     9.2782    24.4582   11.83508 1.7963e-01     63.452 0.0000e+00
        590 244.732480    0.04090     2.4542    147.250  1024.7499  49892.310    31.6576     63.111    6.55532     9.2614     9.2745    24.4605   11.83581 1.7663e-01     63.716 0.0000e+00
        591 244.732483    0.04097     2.4583    147.500  1024.7529  49895.465    31.6592     63.369    6.55572     9.2585     9.2712    24.4623   11.83646 1.7377e-01     63.977 0.0000e+00
        592 244.732486    0.04104     2.4625    147.750  1024.7556  49898.051    31.6605     63.625    6.55610     9.2554     9.2682    24.4637   11.83707 1.7100e-01     64.236 0.0000e+00
        593 244.732488    0.04111     2.4667    148.000  1024.7581  49900.372    31.6616     63.882    6.55648     9.2520     9.2653    24.4651   11.83769 1.6832e-01     64.495 0.0000e+00
        594 244.732491    0.04118     2.4708    148.250  1024.7605  49902.589    31.6627     64.139    6.55689     9.2483     9.2622    24.4664   11.83835 1.6572e-01     64.755 0.0000e+00
        595 244.732494    0.04125     2.4750    148.500  1024.7630  49904.761    31.6636     64.399    6.55733     9.2441     9.2588    24.4676   11.83907 1.6318e-01     65.016 0.0000e+00
