CTD-processing/allCTD/CNV--homogene/2016_04-10_t6_s26_cast192.cnv
* Sea-Bird SBE19plus Data File:
* FileName = C:\Users\Kris.Holderied\Documents\kasitsna\Research-KBL\Oceanography-AK\CTD-Data-ALL-to-2016-02\2016-CTD-KachemakBay-CookInlet\2016-04-CookInlet-quarterly\2016-04-10-CookInlet-Tran6-Douglas\2016-04-10-CookInlet-Tran6-cast192.hex
* Software Version 1.59
* Temperature SN =  5028
* Conductivity SN =  5028
* System UpLoad Time = Apr 11 2016 02:25:48
** Cook Inlet LTM Tran6 Douglas east to west
** Date (YYYY-MM-DD): 2016-04-10
** Station (ie. 9-01): 6-26
** Start time (AKST): 15:33
** Depth (m): 171
** Comment:  R/V Pandalus. Skipped stations.
** Comment:
# nquan = 17
# nvalues = 1202                        
# units = specified
# name 0 = scan: Scan Count
# name 1 = timeJ: Julian Days
# name 2 = timeH: Time, Elapsed [hours]
# name 3 = timeM: Time, Elapsed [minutes]
# name 4 = timeS: Time, Elapsed [seconds]
# name 5 = density00: Density [density, kg/m^3]
# name 6 = specc: Specific Conductance [uS/cm]
# name 7 = sal00: Salinity, Practical [PSU]
# name 8 = depSM: Depth [salt water, m], lat = 59.00
# name 9 = oxsolML/L: Oxygen Saturation, Garcia & Gordon [ml/l]
# name 10 = potemp090C: Potential Temperature [ITS-90, deg C]
# name 11 = tv290C: Temperature [ITS-90, deg C]
# name 12 = sigma-é00: Density [sigma-theta, kg/m^3]
# name 13 = n2satML/L: Nitrogen Saturation [ml/l]
# name 14 = par: PAR/Irradiance, Biospherical/Licor
# name 15 = prdM: Pressure, Strain Gauge [db]
# name 16 = flag:  0.000e+00
# span 0 =          1,       1202       
# span 1 = 101.647477, 101.650952       
# span 2 =    0.00000,    0.08340       
# span 3 =     0.0000,     5.0042       
# span 4 =      0.000,    300.250       
# span 5 =  1000.2178,  1025.8862       
# span 6 =    755.017,  51068.544       
# span 7 =     0.3647,    31.9858       
# span 8 =     -0.242,    167.883       
# span 9 =    6.95978,    8.65105       
# span 10 =     4.7000,     6.5277      
# span 11 =     4.7006,     6.5418      
# span 12 =     0.2190,    25.1063      
# span 13 =   12.50067,   15.72579      
# span 14 = 3.7976e-02, 1.3891e+03      
# span 15 =     -0.245,    169.537      
# span 16 = 0.0000e+00, 0.0000e+00      
# interval = seconds: 0.25
# start_time = Apr 10 2016 15:32:22 [Instrument's time stamp, header]
# bad_flag = -9.990e-29
*END*
[from data line 1022]
       1023 101.650434    0.07097     4.2583    255.500  1025.5390  50729.545    31.7538    130.358    6.98302     6.4525     6.4639    24.9328   12.54199 3.7976e-02    131.630 0.0000e+00
       1024 101.650437    0.07104     4.2625    255.750  1025.5395  50728.517    31.7530    130.600    6.98308     6.4522     6.4638    24.9321   12.54210 3.7976e-02    131.875 0.0000e+00
       1025 101.650440    0.07111     4.2667    256.000  1025.5400  50727.337    31.7520    130.879    6.98315     6.4519     6.4636    24.9314   12.54224 3.7976e-02    132.157 0.0000e+00
       1026 101.650443    0.07118     4.2708    256.250  1025.5409  50726.689    31.7513    131.190    6.98323     6.4517     6.4633    24.9309   12.54237 3.7976e-02    132.470 0.0000e+00
       1027 101.650446    0.07125     4.2750    256.500  1025.5425  50726.944    31.7513    131.524    6.98328     6.4516     6.4630    24.9309   12.54244 3.7976e-02    132.808 0.0000e+00
       1028 101.650448    0.07132     4.2792    256.750  1025.5446  50727.993    31.7518    131.875    6.98329     6.4516     6.4628    24.9314   12.54245 3.7976e-02    133.162 0.0000e+00
       1029 101.650451    0.07139     4.2833    257.000  1025.5470  50729.554    31.7527    132.234    6.98325     6.4519     6.4628    24.9321   12.54239 3.7976e-02    133.525 0.0000e+00
       1030 101.650454    0.07146     4.2875    257.250  1025.5495  50731.270    31.7537    132.593    6.98318     6.4522     6.4629    24.9329   12.54226 3.7976e-02    133.888 0.0000e+00
       1031 101.650457    0.07153     4.2917    257.500  1025.5519  50732.918    31.7547    132.941    6.98309     6.4525     6.4631    24.9337   12.54210 3.7976e-02    134.239 0.0000e+00
       1032 101.650460    0.07160     4.2958    257.750  1025.5540  50734.301    31.7556    133.267    6.98300     6.4529     6.4635    24.9343   12.54193 3.7976e-02    134.569 0.0000e+00
       1033 101.650463    0.07167     4.3000    258.000  1025.5558  50735.215    31.7562    133.564    6.98291     6.4531     6.4639    24.9347   12.54178 3.7976e-02    134.869 0.0000e+00
       1034 101.650466    0.07174     4.3042    258.250  1025.5572  50735.691    31.7564    133.828    6.98284     6.4533     6.4642    24.9349   12.54166 3.7976e-02    135.135 0.0000e+00
       1035 101.650469    0.07181     4.3083    258.500  1025.5583  50735.923    31.7566    134.057    6.98279     6.4535     6.4645    24.9349   12.54157 3.7976e-02    135.366 0.0000e+00
       1036 101.650472    0.07187     4.3125    258.750  1025.5592  50736.048    31.7566    134.252    6.98275     6.4536     6.4647    24.9349   12.54151 3.7976e-02    135.563 0.0000e+00
       1037 101.650475    0.07194     4.3167    259.000  1025.5600  50736.103    31.7566    134.414    6.98273     6.4536     6.4649    24.9349   12.54147 3.7976e-02    135.727 0.0000e+00
       1038 101.650477    0.07201     4.3208    259.250  1025.5605  50736.112    31.7565    134.546    6.98271     6.4537     6.4650    24.9349   12.54144 3.7976e-02    135.860 0.0000e+00
       1039 101.650480    0.07208     4.3250    259.500  1025.5610  50736.117    31.7565    134.649    6.98270     6.4537     6.4650    24.9349   12.54143 3.7976e-02    135.964 0.0000e+00
       1040 101.650483    0.07215     4.3292    259.750  1025.5614  50736.183    31.7565    134.731    6.98269     6.4537     6.4651    24.9349   12.54142 3.7976e-02    136.046 0.0000e+00
       1041 101.650486    0.07222     4.3333    260.000  1025.5618  50736.376    31.7566    134.799    6.98269     6.4537     6.4651    24.9349   12.54141 3.7976e-02    136.116 0.0000e+00
       1042 101.650489    0.07229     4.3375    260.250  1025.5622  50736.676    31.7568    134.867    6.98268     6.4537     6.4651    24.9351   12.54139 3.7976e-02    136.185 0.0000e+00
       1043 101.650492    0.07236     4.3417    260.500  1025.5628  50737.017    31.7570    134.948    6.98266     6.4538     6.4651    24.9352   12.54136 3.7976e-02    136.266 0.0000e+00
       1044 101.650495    0.07243     4.3458    260.750  1025.5634  50737.370    31.7572    135.052    6.98264     6.4540     6.4652    24.9354   12.54133 3.7976e-02    136.372 0.0000e+00
       1045 101.650498    0.07250     4.3500    261.000  1025.5642  50737.781    31.7575    135.190    6.98262     6.4541     6.4653    24.9356   12.54128 3.7976e-02    136.511 0.0000e+00
       1046 101.650501    0.07257     4.3542    261.250  1025.5653  50738.350    31.7578    135.364    6.98258     6.4544     6.4654    24.9358   12.54121 3.7976e-02    136.687 0.0000e+00
       1047 101.650503    0.07264     4.3583    261.500  1025.5665  50739.022    31.7582    135.577    6.98253     6.4547     6.4656    24.9361   12.54112 3.7976e-02    136.902 0.0000e+00
       1048 101.650506    0.07271     4.3625    261.750  1025.5679  50739.598    31.7585    135.827    6.98247     6.4550     6.4659    24.9363   12.54101 3.7976e-02    137.154 0.0000e+00
       1049 101.650509    0.07278     4.3667    262.000  1025.5694  50740.034    31.7588    136.109    6.98241     6.4552     6.4662    24.9365   12.54091 3.7976e-02    137.439 0.0000e+00
       1050 101.650512    0.07285     4.3708    262.250  1025.5709  50740.459    31.7590    136.416    6.98235     6.4555     6.4665    24.9366   12.54081 3.7976e-02    137.749 0.0000e+00
       1051 101.650515    0.07292     4.3750    262.500  1025.5727  50741.132    31.7594    136.739    6.98228     6.4559     6.4668    24.9369   12.54069 3.7976e-02    138.075 0.0000e+00
       1052 101.650518    0.07299     4.3792    262.750  1025.5747  50742.273    31.7601    137.069    6.98220     6.4563     6.4672    24.9374   12.54055 3.7976e-02    138.409 0.0000e+00
       1053 101.650521    0.07306     4.3833    263.000  1025.5771  50743.951    31.7611    137.399    6.98208     6.4570     6.4676    24.9382   12.54035 3.7976e-02    138.742 0.0000e+00
       1054 101.650524    0.07312     4.3875    263.250  1025.5796  50746.142    31.7626    137.720    6.98193     6.4579     6.4681    24.9393   12.54008 3.7976e-02    139.066 0.0000e+00
       1055 101.650527    0.07319     4.3917    263.500  1025.5823  50748.611    31.7643    138.025    6.98174     6.4590     6.4688    24.9405   12.53974 3.7976e-02    139.375 0.0000e+00
       1056 101.650530    0.07326     4.3958    263.750  1025.5847  50750.772    31.7659    138.308    6.98152     6.4600     6.4697    24.9416   12.53936 3.7976e-02    139.660 0.0000e+00
       1057 101.650532    0.07333     4.4000    264.000  1025.5866  50752.110    31.7669    138.564    6.98131     6.4609     6.4707    24.9423   12.53899 3.7976e-02    139.919 0.0000e+00
       1058 101.650535    0.07340     4.4042    264.250  1025.5879  50752.733    31.7674    138.793    6.98111     6.4617     6.4718    24.9426   12.53866 3.7976e-02    140.150 0.0000e+00
       1059 101.650538    0.07347     4.4083    264.500  1025.5889  50752.934    31.7676    138.993    6.98095     6.4623     6.4727    24.9426   12.53838 3.7976e-02    140.352 0.0000e+00
       1060 101.650541    0.07354     4.4125    264.750  1025.5896  50752.862    31.7676    139.168    6.98082     6.4628     6.4735    24.9425   12.53817 3.7976e-02    140.529 0.0000e+00
       1061 101.650544    0.07361     4.4167    265.000  1025.5902  50752.689    31.7675    139.323    6.98071     6.4632     6.4742    24.9424   12.53800 3.7976e-02    140.686 0.0000e+00
       1062 101.650547    0.07368     4.4208    265.250  1025.5907  50752.554    31.7675    139.467    6.98064     6.4634     6.4747    24.9423   12.53787 3.7976e-02    140.832 0.0000e+00
       1063 101.650550    0.07375     4.4250    265.500  1025.5913  50752.501    31.7674    139.608    6.98058     6.4636     6.4750    24.9422   12.53778 3.7976e-02    140.974 0.0000e+00
       1064 101.650553    0.07382     4.4292    265.750  1025.5919  50752.443    31.7674    139.755    6.98054     6.4638     6.4753    24.9422   12.53771 3.7976e-02    141.122 0.0000e+00
       1065 101.650556    0.07389     4.4333    266.000  1025.5926  50752.349    31.7673    139.913    6.98051     6.4638     6.4755    24.9421   12.53766 3.7976e-02    141.281 0.0000e+00
       1066 101.650558    0.07396     4.4375    266.250  1025.5933  50752.308    31.7672    140.087    6.98048     6.4639     6.4757    24.9420   12.53762 3.7976e-02    141.457 0.0000e+00
       1067 101.650561    0.07403     4.4417    266.500  1025.5941  50752.367    31.7672    140.277    6.98047     6.4639     6.4758    24.9419   12.53760 3.7976e-02    141.650 0.0000e+00
       1068 101.650564    0.07410     4.4458    266.750  1025.5951  50752.495    31.7672    140.483    6.98046     6.4639     6.4758    24.9419   12.53758 3.7976e-02    141.858 0.0000e+00
       1069 101.650567    0.07417     4.4500    267.000  1025.5961  50752.684    31.7672    140.702    6.98045     6.4639     6.4759    24.9420   12.53757 3.7976e-02    142.079 0.0000e+00
       1070 101.650570    0.07424     4.4542    267.250  1025.5973  50752.953    31.7673    140.932    6.98044     6.4640     6.4759    24.9420   12.53755 3.7976e-02    142.311 0.0000e+00
       1071 101.650573    0.07431     4.4583    267.500  1025.5985  50753.291    31.7674    141.168    6.98043     6.4640     6.4759    24.9421   12.53753 3.7976e-02    142.549 0.0000e+00
       1072 101.650576    0.07437     4.4625    267.750  1025.5997  50753.694    31.7676    141.408    6.98041     6.4641     6.4760    24.9422   12.53751 3.7976e-02    142.791 0.0000e+00
       1073 101.650579    0.07444     4.4667    268.000  1025.6010  50754.164    31.7678    141.648    6.98040     6.4641     6.4760    24.9424   12.53747 3.7976e-02    143.034 0.0000e+00
       1074 101.650582    0.07451     4.4708    268.250  1025.6023  50754.711    31.7681    141.889    6.98037     6.4642     6.4761    24.9426   12.53743 3.7976e-02    143.277 0.0000e+00
       1075 101.650584    0.07458     4.4750    268.500  1025.6037  50755.379    31.7685    142.131    6.98034     6.4644     6.4762    24.9429   12.53737 3.7976e-02    143.522 0.0000e+00
       1076 101.650587    0.07465     4.4792    268.750  1025.6052  50756.178    31.7689    142.376    6.98030     6.4646     6.4763    24.9433   12.53730 3.7976e-02    143.770 0.0000e+00
       1077 101.650590    0.07472     4.4833    269.000  1025.6068  50757.138    31.7695    142.625    6.98024     6.4649     6.4765    24.9437   12.53720 3.7976e-02    144.021 0.0000e+00
       1078 101.650593    0.07479     4.4875    269.250  1025.6086  50758.440    31.7703    142.876    6.98017     6.4653     6.4767    24.9443   12.53707 3.7976e-02    144.275 0.0000e+00
       1079 101.650596    0.07486     4.4917    269.500  1025.6106  50760.001    31.7714    143.128    6.98007     6.4658     6.4770    24.9451   12.53689 3.7976e-02    144.529 0.0000e+00
       1080 101.650599    0.07493     4.4958    269.750  1025.6124  50761.356    31.7723    143.376    6.97996     6.4662     6.4774    24.9458   12.53669 3.7976e-02    144.780 0.0000e+00
       1081 101.650602    0.07500     4.5000    270.000  1025.6141  50762.688    31.7732    143.615    6.97984     6.4667     6.4779    24.9464   12.53648 3.7976e-02    145.021 0.0000e+00
       1082 101.650605    0.07507     4.5042    270.250  1025.6162  50764.765    31.7746    143.843    6.97969     6.4674     6.4784    24.9475   12.53623 3.7976e-02    145.251 0.0000e+00
       1083 101.650608    0.07514     4.5083    270.500  1025.6188  50767.819    31.7767    144.058    6.97950     6.4682     6.4789    24.9491   12.53589 3.7976e-02    145.468 0.0000e+00
       1084 101.650611    0.07521     4.5125    270.750  1025.6217  50771.525    31.7793    144.261    6.97927     6.4692     6.4796    24.9511   12.53548 3.7976e-02    145.674 0.0000e+00
       1085 101.650613    0.07528     4.5167    271.000  1025.6250  50775.919    31.7824    144.455    6.97900     6.4705     6.4804    24.9534   12.53498 3.7976e-02    145.870 0.0000e+00
       1086 101.650616    0.07535     4.5208    271.250  1025.6287  50781.202    31.7862    144.644    6.97866     6.4720     6.4815    24.9563   12.53437 3.7976e-02    146.061 0.0000e+00
       1087 101.650619    0.07542     4.5250    271.500  1025.6324  50786.537    31.7900    144.832    6.97828     6.4735     6.4828    24.9592   12.53369 3.7976e-02    146.251 0.0000e+00
       1088 101.650622    0.07549     4.5292    271.750  1025.6357  50791.005    31.7933    145.026    6.97788     6.4749     6.4843    24.9616   12.53300 3.7976e-02    146.447 0.0000e+00
       1089 101.650625    0.07556     4.5333    272.000  1025.6385  50794.475    31.7959    145.231    6.97751     6.4761     6.4858    24.9634   12.53236 3.7976e-02    146.653 0.0000e+00
       1090 101.650628    0.07562     4.5375    272.250  1025.6409  50797.041    31.7979    145.450    6.97719     6.4771     6.4872    24.9648   12.53180 3.7976e-02    146.874 0.0000e+00
       1091 101.650631    0.07569     4.5417    272.500  1025.6432  50799.297    31.7996    145.686    6.97692     6.4780     6.4885    24.9660   12.53132 3.7976e-02    147.113 0.0000e+00
       1092 101.650634    0.07576     4.5458    272.750  1025.6458  50801.994    31.8015    145.940    6.97666     6.4789     6.4895    24.9674   12.53087 3.7976e-02    147.369 0.0000e+00
       1093 101.650637    0.07583     4.5500    273.000  1025.6487  50805.174    31.8037    146.208    6.97640     6.4798     6.4904    24.9690   12.53042 3.7976e-02    147.640 0.0000e+00
       1094 101.650639    0.07590     4.5542    273.250  1025.6517  50808.598    31.8061    146.485    6.97614     6.4808     6.4913    24.9708   12.52995 3.7977e-02    147.920 0.0000e+00
       1095 101.650642    0.07597     4.5583    273.500  1025.6552  50812.764    31.8091    146.762    6.97585     6.4821     6.4923    24.9730   12.52944 3.7977e-02    148.200 0.0000e+00
       1096 101.650645    0.07604     4.5625    273.750  1025.6598  50819.128    31.8136    147.031    6.97548     6.4837     6.4933    24.9764   12.52876 3.7978e-02    148.472 0.0000e+00
       1097 101.650648    0.07611     4.5667    274.000  1025.6657  50827.894    31.8198    147.284    6.97499     6.4856     6.4946    24.9811   12.52787 3.7980e-02    148.727 0.0000e+00
       1098 101.650651    0.07618     4.5708    274.250  1025.6713  50836.215    31.8258    147.515    6.97444     6.4874     6.4962    24.9856   12.52690 3.7982e-02    148.961 0.0000e+00
       1099 101.650654    0.07625     4.5750    274.500  1025.6752  50841.656    31.8298    147.724    6.97394     6.4889     6.4981    24.9886   12.52603 3.7986e-02    149.172 0.0000e+00
       1100 101.650657    0.07632     4.5792    274.750  1025.6778  50844.742    31.8322    147.915    6.97353     6.4901     6.5000    24.9902   12.52532 3.7993e-02    149.365 0.0000e+00
       1101 101.650660    0.07639     4.5833    275.000  1025.6797  50846.843    31.8339    148.094    6.97320     6.4911     6.5016    24.9914   12.52476 3.8004e-02    149.545 0.0000e+00
       1102 101.650663    0.07646     4.5875    275.250  1025.6816  50848.947    31.8355    148.268    6.97293     6.4920     6.5028    24.9925   12.52429 3.8022e-02    149.722 0.0000e+00
       1103 101.650666    0.07653     4.5917    275.500  1025.6838  50851.558    31.8374    148.449    6.97268     6.4928     6.5038    24.9939   12.52385 3.8053e-02    149.904 0.0000e+00
       1104 101.650668    0.07660     4.5958    275.750  1025.6862  50854.404    31.8394    148.642    6.97245     6.4935     6.5047    24.9954   12.52344 3.8105e-02    150.099 0.0000e+00
       1105 101.650671    0.07667     4.6000    276.000  1025.6887  50857.280    31.8415    148.852    6.97222     6.4943     6.5055    24.9969   12.52304 3.8190e-02    150.311 0.0000e+00
       1106 101.650674    0.07674     4.6042    276.250  1025.6914  50860.508    31.8438    149.079    6.97199     6.4951     6.5062    24.9986   12.52263 3.8333e-02    150.541 0.0000e+00
