CTD-processing/allCTD/CNV--homogene/2016_12-12_t6_s16_cast171.cnv
* Sea-Bird SBE19plus Data File:
* FileName = P:\My Documents\kasitsna\Research-KBL\Oceanography-AK\CTD-Data-ALL-to-2016-05\2016-CTD-KachemakBay-CookInlet\2016-12-CookInlet-quarterly\2016-12-12-CookInlet-Tran6-Douglas\2016-12-12-CookInlet-Tran6-cast171.hex
* Software Version 1.59
* Temperature SN =  5028
* Conductivity SN =  5028
* System UpLoad Time = Dec 12 2016 22:21:07
** Cook Inlet LTM Tran 6 Douglas east to west, partial
** Date: (YYYY-MM-DD): 2016-12-12
** Station: (eg. 9-01): 6-16
** Start time (AKST): 21:08
** Depth (m): 155.1
** Comment: R/V Alaska Dream Catcher
** Comment: Partial transect due to weather. Only to 6-16 and skipped stations.
# nquan = 17
# nvalues = 1373                        
# units = specified
# name 0 = scan: Scan Count
# name 1 = timeJ: Julian Days
# name 2 = timeH: Time, Elapsed [hours]
# name 3 = timeM: Time, Elapsed [minutes]
# name 4 = timeS: Time, Elapsed [seconds]
# name 5 = density00: Density [density, kg/m^3]
# name 6 = specc: Specific Conductance [uS/cm]
# name 7 = sal00: Salinity, Practical [PSU]
# name 8 = depSM: Depth [salt water, m], lat = 59.00
# name 9 = oxsolML/L: Oxygen Saturation, Garcia & Gordon [ml/l]
# name 10 = potemp090C: Potential Temperature [ITS-90, deg C]
# name 11 = tv290C: Temperature [ITS-90, deg C]
# name 12 = sigma-é00: Density [sigma-theta, kg/m^3]
# name 13 = n2satML/L: Nitrogen Saturation [ml/l]
# name 14 = par: PAR/Irradiance, Biospherical/Licor
# name 15 = prdM: Pressure, Strain Gauge [db]
# name 16 = flag:  0.000e+00
# span 0 =          1,       1373       
# span 1 = 347.922130, 347.926100       
# span 2 =    0.00000,    0.09528       
# span 3 =     0.0000,     5.7167       
# span 4 =      0.000,    343.000       
# span 5 =  1000.1306,  1026.3140       
# span 6 =    418.807,  51953.400       
# span 7 =     0.1924,    32.7235       
# span 8 =      0.089,    153.042       
# span 9 =    6.72727,    9.14190       
# span 10 =     4.0762,     7.9855      
# span 11 =     4.0762,     7.9878      
# span 12 =     0.1301,    25.6067      
# span 13 =   12.11464,   16.59749      
# span 14 = 3.7976e-02, 5.1785e-01      
# span 15 =      0.090,    154.544      
# span 16 = 0.0000e+00, 0.0000e+00      
# interval = seconds: 0.25
# start_time = Dec 12 2016 22:07:52 [Instrument's time stamp, header]
# bad_flag = -9.990e-29
*END*
[from data line 1022]
       1023 347.925087    0.07097     4.2583    255.500  1025.6129  51231.159    32.2931     81.470    6.81199     7.3729     7.3844    25.2361   12.25260 3.7976e-02     82.256 0.0000e+00
       1024 347.925090    0.07104     4.2625    255.750  1025.6148  51232.827    32.2938     81.708    6.81227     7.3713     7.3824    25.2369   12.25305 3.7976e-02     82.496 0.0000e+00
       1025 347.925093    0.07111     4.2667    256.000  1025.6167  51234.496    32.2945     81.932    6.81252     7.3699     7.3805    25.2378   12.25346 3.7976e-02     82.721 0.0000e+00
       1026 347.925095    0.07118     4.2708    256.250  1025.6185  51236.100    32.2953     82.140    6.81274     7.3688     7.3789    25.2386   12.25381 3.7976e-02     82.932 0.0000e+00
       1027 347.925098    0.07125     4.2750    256.500  1025.6201  51237.582    32.2960     82.334    6.81292     7.3679     7.3776    25.2393   12.25410 3.7976e-02     83.127 0.0000e+00
       1028 347.925101    0.07132     4.2792    256.750  1025.6216  51238.865    32.2966     82.518    6.81307     7.3670     7.3764    25.2399   12.25433 3.7976e-02     83.313 0.0000e+00
       1029 347.925104    0.07139     4.2833    257.000  1025.6230  51239.945    32.2971     82.698    6.81319     7.3662     7.3755    25.2405   12.25453 3.7976e-02     83.495 0.0000e+00
       1030 347.925107    0.07146     4.2875    257.250  1025.6243  51240.951    32.2976     82.882    6.81330     7.3654     7.3746    25.2410   12.25471 3.7976e-02     83.681 0.0000e+00
       1031 347.925110    0.07153     4.2917    257.500  1025.6257  51241.994    32.2981     83.077    6.81341     7.3647     7.3738    25.2415   12.25488 3.7976e-02     83.878 0.0000e+00
       1032 347.925113    0.07160     4.2958    257.750  1025.6272  51243.070    32.2986     83.285    6.81350     7.3640     7.3731    25.2420   12.25503 3.7976e-02     84.088 0.0000e+00
       1033 347.925116    0.07167     4.3000    258.000  1025.6287  51244.087    32.2991     83.506    6.81359     7.3634     7.3724    25.2425   12.25517 3.7976e-02     84.311 0.0000e+00
       1034 347.925119    0.07174     4.3042    258.250  1025.6302  51244.960    32.2995     83.735    6.81367     7.3626     7.3717    25.2429   12.25530 3.7976e-02     84.542 0.0000e+00
       1035 347.925122    0.07181     4.3083    258.500  1025.6315  51245.631    32.2997     83.967    6.81375     7.3618     7.3711    25.2432   12.25544 3.7976e-02     84.776 0.0000e+00
       1036 347.925124    0.07187     4.3125    258.750  1025.6328  51246.228    32.2999     84.196    6.81385     7.3610     7.3704    25.2434   12.25560 3.7976e-02     85.008 0.0000e+00
       1037 347.925127    0.07194     4.3167    259.000  1025.6343  51247.061    32.3002     84.421    6.81396     7.3602     7.3696    25.2438   12.25577 3.7976e-02     85.235 0.0000e+00
       1038 347.925130    0.07201     4.3208    259.250  1025.6358  51248.141    32.3007     84.638    6.81407     7.3596     7.3688    25.2443   12.25594 3.7976e-02     85.454 0.0000e+00
       1039 347.925133    0.07208     4.3250    259.500  1025.6373  51249.193    32.3012     84.846    6.81416     7.3590     7.3680    25.2448   12.25609 3.7976e-02     85.665 0.0000e+00
       1040 347.925136    0.07215     4.3292    259.750  1025.6386  51250.048    32.3016     85.049    6.81424     7.3585     7.3674    25.2452   12.25622 3.7976e-02     85.870 0.0000e+00
       1041 347.925139    0.07222     4.3333    260.000  1025.6398  51250.636    32.3018     85.251    6.81432     7.3578     7.3669    25.2454   12.25634 3.7976e-02     86.074 0.0000e+00
       1042 347.925142    0.07229     4.3375    260.250  1025.6408  51250.930    32.3018     85.456    6.81440     7.3570     7.3663    25.2455   12.25647 3.7976e-02     86.280 0.0000e+00
       1043 347.925145    0.07236     4.3417    260.500  1025.6418  51250.971    32.3017     85.667    6.81450     7.3559     7.3657    25.2455   12.25664 3.7976e-02     86.493 0.0000e+00
       1044 347.925148    0.07243     4.3458    260.750  1025.6426  51250.799    32.3013     85.886    6.81464     7.3543     7.3649    25.2453   12.25688 3.7976e-02     86.715 0.0000e+00
       1045 347.925150    0.07250     4.3500    261.000  1025.6433  51250.338    32.3007     86.116    6.81484     7.3523     7.3638    25.2450   12.25722 3.7976e-02     86.946 0.0000e+00
       1046 347.925153    0.07257     4.3542    261.250  1025.6439  51249.532    32.2998     86.355    6.81512     7.3495     7.3623    25.2444   12.25769 3.7976e-02     87.188 0.0000e+00
       1047 347.925156    0.07264     4.3583    261.500  1025.6444  51248.494    32.2985     86.602    6.81549     7.3461     7.3603    25.2438   12.25832 3.7976e-02     87.438 0.0000e+00
       1048 347.925159    0.07271     4.3625    261.750  1025.6449  51247.384    32.2972     86.856    6.81598     7.3419     7.3576    25.2431   12.25914 3.7976e-02     87.695 0.0000e+00
       1049 347.925162    0.07278     4.3667    262.000  1025.6453  51246.137    32.2956     87.113    6.81658     7.3369     7.3541    25.2423   12.26016 3.7976e-02     87.954 0.0000e+00
       1050 347.925165    0.07285     4.3708    262.250  1025.6454  51244.352    32.2935     87.371    6.81733     7.3308     7.3500    25.2412   12.26142 3.7976e-02     88.214 0.0000e+00
       1051 347.925168    0.07292     4.3750    262.500  1025.6452  51241.895    32.2908     87.627    6.81824     7.3240     7.3449    25.2398   12.26295 3.7976e-02     88.474 0.0000e+00
       1052 347.925171    0.07299     4.3792    262.750  1025.6455  51240.494    32.2886     87.883    6.81927     7.3173     7.3389    25.2389   12.26469 3.7976e-02     88.731 0.0000e+00
       1053 347.925174    0.07306     4.3833    263.000  1025.6474  51242.085    32.2884     88.135    6.82034     7.3112     7.3322    25.2397   12.26646 3.7976e-02     88.986 0.0000e+00
       1054 347.925177    0.07312     4.3875    263.250  1025.6502  51245.255    32.2893     88.381    6.82134     7.3056     7.3255    25.2413   12.26811 3.7976e-02     89.235 0.0000e+00
       1055 347.925179    0.07319     4.3917    263.500  1025.6523  51247.237    32.2895     88.620    6.82228     7.2997     7.3194    25.2423   12.26966 3.7976e-02     89.475 0.0000e+00
       1056 347.925182    0.07326     4.3958    263.750  1025.6532  51247.007    32.2883     88.847    6.82322     7.2932     7.3137    25.2421   12.27122 3.7976e-02     89.705 0.0000e+00
       1057 347.925185    0.07333     4.4000    264.000  1025.6534  51245.726    32.2863     89.064    6.82422     7.2862     7.3079    25.2413   12.27290 3.7976e-02     89.925 0.0000e+00
       1058 347.925188    0.07340     4.4042    264.250  1025.6542  51245.522    32.2849     89.274    6.82529     7.2791     7.3014    25.2411   12.27470 3.7976e-02     90.136 0.0000e+00
       1059 347.925191    0.07347     4.4083    264.500  1025.6557  51246.583    32.2843     89.479    6.82641     7.2720     7.2945    25.2416   12.27655 3.7976e-02     90.344 0.0000e+00
       1060 347.925194    0.07354     4.4125    264.750  1025.6575  51248.374    32.2842     89.685    6.82753     7.2653     7.2873    25.2425   12.27840 3.7976e-02     90.551 0.0000e+00
       1061 347.925197    0.07361     4.4167    265.000  1025.6602  51251.693    32.2852     89.893    6.82860     7.2595     7.2802    25.2442   12.28016 3.7976e-02     90.762 0.0000e+00
       1062 347.925200    0.07368     4.4208    265.250  1025.6635  51256.013    32.2869     90.106    6.82956     7.2544     7.2735    25.2465   12.28172 3.7976e-02     90.977 0.0000e+00
       1063 347.925203    0.07375     4.4250    265.500  1025.6663  51259.497    32.2882     90.323    6.83041     7.2497     7.2678    25.2483   12.28310 3.7976e-02     91.196 0.0000e+00
       1064 347.925205    0.07382     4.4292    265.750  1025.6684  51261.646    32.2887     90.543    6.83118     7.2451     7.2627    25.2494   12.28437 3.7976e-02     91.418 0.0000e+00
       1065 347.925208    0.07389     4.4333    266.000  1025.6703  51263.254    32.2889     90.766    6.83191     7.2405     7.2580    25.2502   12.28558 3.7976e-02     91.643 0.0000e+00
       1066 347.925211    0.07396     4.4375    266.250  1025.6722  51265.116    32.2893     90.992    6.83262     7.2361     7.2534    25.2511   12.28675 3.7976e-02     91.870 0.0000e+00
       1067 347.925214    0.07403     4.4417    266.500  1025.6745  51267.590    32.2901     91.217    6.83330     7.2323     7.2488    25.2524   12.28786 3.7976e-02     92.098 0.0000e+00
       1068 347.925217    0.07410     4.4458    266.750  1025.6770  51270.387    32.2912     91.440    6.83393     7.2288     7.2445    25.2538   12.28888 3.7976e-02     92.323 0.0000e+00
       1069 347.925220    0.07417     4.4500    267.000  1025.6793  51272.858    32.2922     91.656    6.83449     7.2257     7.2406    25.2551   12.28979 3.7976e-02     92.541 0.0000e+00
       1070 347.925223    0.07424     4.4542    267.250  1025.6813  51274.918    32.2929     91.862    6.83499     7.2229     7.2372    25.2561   12.29061 3.7976e-02     92.750 0.0000e+00
       1071 347.925226    0.07431     4.4583    267.500  1025.6832  51276.801    32.2936     92.059    6.83544     7.2202     7.2341    25.2570   12.29135 3.7976e-02     92.949 0.0000e+00
       1072 347.925229    0.07437     4.4625    267.750  1025.6849  51278.446    32.2941     92.249    6.83586     7.2176     7.2313    25.2579   12.29204 3.7976e-02     93.141 0.0000e+00
       1073 347.925231    0.07444     4.4667    268.000  1025.6864  51279.683    32.2944     92.438    6.83627     7.2149     7.2286    25.2585   12.29271 3.7976e-02     93.331 0.0000e+00
       1074 347.925234    0.07451     4.4708    268.250  1025.6876  51280.509    32.2945     92.629    6.83668     7.2122     7.2260    25.2589   12.29338 3.7976e-02     93.525 0.0000e+00
       1075 347.925237    0.07458     4.4750    268.500  1025.6888  51281.106    32.2943     92.828    6.83709     7.2095     7.2234    25.2591   12.29408 3.7976e-02     93.726 0.0000e+00
       1076 347.925240    0.07465     4.4792    268.750  1025.6900  51281.682    32.2942     93.038    6.83752     7.2068     7.2207    25.2593   12.29479 3.7976e-02     93.938 0.0000e+00
       1077 347.925243    0.07472     4.4833    269.000  1025.6913  51282.297    32.2940     93.259    6.83795     7.2042     7.2180    25.2596   12.29550 3.7976e-02     94.161 0.0000e+00
       1078 347.925246    0.07479     4.4875    269.250  1025.6927  51282.997    32.2939     93.490    6.83838     7.2017     7.2153    25.2599   12.29620 3.7976e-02     94.393 0.0000e+00
       1079 347.925249    0.07486     4.4917    269.500  1025.6941  51283.843    32.2939     93.727    6.83878     7.1994     7.2128    25.2602   12.29688 3.7976e-02     94.634 0.0000e+00
       1080 347.925252    0.07493     4.4958    269.750  1025.6957  51284.908    32.2941     93.970    6.83916     7.1974     7.2103    25.2607   12.29750 3.7976e-02     94.879 0.0000e+00
       1081 347.925255    0.07500     4.5000    270.000  1025.6976  51286.310    32.2945     94.215    6.83950     7.1957     7.2080    25.2614   12.29805 3.7976e-02     95.126 0.0000e+00
       1082 347.925258    0.07507     4.5042    270.250  1025.6995  51287.896    32.2952     94.458    6.83979     7.1943     7.2060    25.2622   12.29852 3.7976e-02     95.372 0.0000e+00
       1083 347.925260    0.07514     4.5083    270.500  1025.7013  51289.324    32.2957     94.699    6.84003     7.1931     7.2043    25.2629   12.29891 3.7976e-02     95.615 0.0000e+00
       1084 347.925263    0.07521     4.5125    270.750  1025.7029  51290.463    32.2962     94.936    6.84022     7.1921     7.2029    25.2634   12.29922 3.7976e-02     95.854 0.0000e+00
       1085 347.925266    0.07528     4.5167    271.000  1025.7044  51291.365    32.2965     95.170    6.84039     7.1912     7.2018    25.2638   12.29949 3.7976e-02     96.090 0.0000e+00
       1086 347.925269    0.07535     4.5208    271.250  1025.7058  51292.134    32.2968     95.406    6.84053     7.1903     7.2008    25.2641   12.29972 3.7976e-02     96.329 0.0000e+00
       1087 347.925272    0.07542     4.5250    271.500  1025.7072  51292.946    32.2971     95.646    6.84066     7.1896     7.1999    25.2645   12.29993 3.7976e-02     96.572 0.0000e+00
       1088 347.925275    0.07549     4.5292    271.750  1025.7088  51293.939    32.2975     95.892    6.84077     7.1891     7.1991    25.2649   12.30011 3.7976e-02     96.820 0.0000e+00
       1089 347.925278    0.07556     4.5333    272.000  1025.7105  51295.101    32.2981     96.142    6.84085     7.1889     7.1984    25.2655   12.30023 3.7976e-02     97.072 0.0000e+00
       1090 347.925281    0.07562     4.5375    272.250  1025.7123  51296.374    32.2988     96.393    6.84090     7.1888     7.1979    25.2661   12.30030 3.7976e-02     97.325 0.0000e+00
       1091 347.925284    0.07569     4.5417    272.500  1025.7141  51297.782    32.2996     96.639    6.84090     7.1890     7.1977    25.2668   12.30030 3.7976e-02     97.574 0.0000e+00
       1092 347.925286    0.07576     4.5458    272.750  1025.7158  51299.020    32.3003     96.878    6.84087     7.1892     7.1977    25.2674   12.30023 3.7976e-02     97.815 0.0000e+00
       1093 347.925289    0.07583     4.5500    273.000  1025.7171  51299.605    32.3006     97.107    6.84082     7.1894     7.1979    25.2676   12.30015 3.7976e-02     98.046 0.0000e+00
       1094 347.925292    0.07590     4.5542    273.250  1025.7181  51299.690    32.3006     97.325    6.84078     7.1894     7.1981    25.2676   12.30008 3.7976e-02     98.267 0.0000e+00
       1095 347.925295    0.07597     4.5583    273.500  1025.7190  51299.618    32.3005     97.535    6.84075     7.1894     7.1983    25.2675   12.30004 3.7976e-02     98.478 0.0000e+00
       1096 347.925298    0.07604     4.5625    273.750  1025.7198  51299.571    32.3004     97.735    6.84075     7.1893     7.1984    25.2674   12.30004 3.7976e-02     98.681 0.0000e+00
       1097 347.925301    0.07611     4.5667    274.000  1025.7209  51300.058    32.3007     97.928    6.84075     7.1896     7.1983    25.2676   12.30003 3.7976e-02     98.876 0.0000e+00
       1098 347.925304    0.07618     4.5708    274.250  1025.7225  51301.507    32.3016     98.115    6.84071     7.1902     7.1983    25.2683   12.29996 3.7976e-02     99.065 0.0000e+00
       1099 347.925307    0.07625     4.5750    274.500  1025.7244  51303.561    32.3030     98.299    6.84061     7.1913     7.1985    25.2694   12.29978 3.7976e-02     99.250 0.0000e+00
       1100 347.925310    0.07632     4.5792    274.750  1025.7261  51305.257    32.3042     98.482    6.84045     7.1925     7.1992    25.2702   12.29949 3.7976e-02     99.435 0.0000e+00
       1101 347.925313    0.07639     4.5833    275.000  1025.7274  51306.093    32.3049     98.668    6.84025     7.1937     7.2003    25.2706   12.29915 3.7976e-02     99.623 0.0000e+00
       1102 347.925315    0.07646     4.5875    275.250  1025.7283  51306.360    32.3052     98.863    6.84004     7.1949     7.2015    25.2707   12.29880 3.7976e-02     99.819 0.0000e+00
       1103 347.925318    0.07653     4.5917    275.500  1025.7293  51306.537    32.3055     99.068    6.83983     7.1962     7.2028    25.2707   12.29845 3.7976e-02    100.027 0.0000e+00
       1104 347.925321    0.07660     4.5958    275.750  1025.7306  51307.065    32.3059     99.286    6.83962     7.1976     7.2040    25.2710   12.29810 3.7976e-02    100.247 0.0000e+00
       1105 347.925324    0.07667     4.6000    276.000  1025.7322  51308.245    32.3069     99.512    6.83938     7.1994     7.2052    25.2715   12.29769 3.7976e-02    100.476 0.0000e+00
       1106 347.925327    0.07674     4.6042    276.250  1025.7344  51310.397    32.3085     99.744    6.83908     7.2019     7.2067    25.2726   12.29718 3.7976e-02    100.710 0.0000e+00
