CTD-processing/allCTD/CNV--homogene/2016_04-10_t6_s02_cast176.cnv
* Sea-Bird SBE19plus Data File:
* FileName = C:\Users\Kris.Holderied\Documents\kasitsna\Research-KBL\Oceanography-AK\CTD-Data-ALL-to-2016-02\2016-CTD-KachemakBay-CookInlet\2016-04-CookInlet-quarterly\2016-04-10-CookInlet-Tran6-Douglas\2016-04-10-CookInlet-Tran6-cast176.hex
* Software Version 1.59
* Temperature SN =  5028
* Conductivity SN =  5028
* System UpLoad Time = Apr 11 2016 02:09:17
** Cook Inlet LTM Tran6 Douglas east to west
** Date (YYYY-MM-DD): 2016-04-10
** Station (ie. 9-01):  6-02
** Start time (AKST): 08:01
** Depth (m): 47
** Comment:  R/V Pandalus. Skipped stations.
** Comment:
# nquan = 17
# nvalues = 510                         
# units = specified
# name 0 = scan: Scan Count
# name 1 = timeJ: Julian Days
# name 2 = timeH: Time, Elapsed [hours]
# name 3 = timeM: Time, Elapsed [minutes]
# name 4 = timeS: Time, Elapsed [seconds]
# name 5 = density00: Density [density, kg/m^3]
# name 6 = specc: Specific Conductance [uS/cm]
# name 7 = sal00: Salinity, Practical [PSU]
# name 8 = depSM: Depth [salt water, m], lat = 59.00
# name 9 = oxsolML/L: Oxygen Saturation, Garcia & Gordon [ml/l]
# name 10 = potemp090C: Potential Temperature [ITS-90, deg C]
# name 11 = tv290C: Temperature [ITS-90, deg C]
# name 12 = sigma-é00: Density [sigma-theta, kg/m^3]
# name 13 = n2satML/L: Nitrogen Saturation [ml/l]
# name 14 = par: PAR/Irradiance, Biospherical/Licor
# name 15 = prdM: Pressure, Strain Gauge [db]
# name 16 = flag:  0.000e+00
# span 0 =          1,        510       
# span 1 = 101.332882, 101.334355       
# span 2 =    0.00000,    0.03535       
# span 3 =     0.0000,     2.1208       
# span 4 =      0.000,    127.250       
# span 5 =  1000.1295,  1025.0065       
# span 6 =    563.714,  50393.203       
# span 7 =     0.2788,    31.5738       
# span 8 =     -0.205,     49.097       
# span 9 =    6.98938,    8.50010       
# span 10 =     6.4371,     6.9010      
# span 11 =     6.4374,     6.9010      
# span 12 =     0.1304,    24.7902      
# span 13 =   12.55500,   15.51780      
# span 14 = 6.2089e-02, 1.7060e+01      
# span 15 =     -0.207,     49.567      
# span 16 = 0.0000e+00, 0.0000e+00      
# interval = seconds: 0.25
# start_time = Apr 10 2016 07:59:21 [Instrument's time stamp, header]
# bad_flag = -9.990e-29
*END*
[from data line 256]
        257 101.333623    0.01778     1.0667     64.000  1024.7782  50351.557    31.5492      1.189    6.99574     6.4418     6.4438    24.7726   12.56558 6.2603e+00      1.201 0.0000e+00
        258 101.333626    0.01785     1.0708     64.250  1024.7782  50351.596    31.5490      1.208    6.99589     6.4407     6.4429    24.7726   12.56585 6.1820e+00      1.220 0.0000e+00
        259 101.333628    0.01792     1.0750     64.500  1024.7786  50352.084    31.5491      1.242    6.99605     6.4398     6.4419    24.7728   12.56610 6.0431e+00      1.254 0.0000e+00
        260 101.333631    0.01799     1.0792     64.750  1024.7793  50352.924    31.5495      1.289    6.99620     6.4390     6.4409    24.7732   12.56635 5.8094e+00      1.301 0.0000e+00
        261 101.333634    0.01806     1.0833     65.000  1024.7800  50353.880    31.5500      1.346    6.99634     6.4384     6.4399    24.7737   12.56656 5.5381e+00      1.359 0.0000e+00
        262 101.333637    0.01812     1.0875     65.250  1024.7808  50354.809    31.5504      1.411    6.99644     6.4381     6.4391    24.7742   12.56673 5.3511e+00      1.425 0.0000e+00
        263 101.333640    0.01819     1.0917     65.500  1024.7815  50355.615    31.5509      1.481    6.99651     6.4379     6.4386    24.7746   12.56684 5.2987e+00      1.495 0.0000e+00
        264 101.333643    0.01826     1.0958     65.750  1024.7821  50356.237    31.5512      1.552    6.99655     6.4378     6.4382    24.7749   12.56690 5.3138e+00      1.567 0.0000e+00
        265 101.333646    0.01833     1.1000     66.000  1024.7827  50356.691    31.5514      1.617    6.99657     6.4378     6.4381    24.7751   12.56693 5.3292e+00      1.633 0.0000e+00
        266 101.333649    0.01840     1.1042     66.250  1024.7831  50357.018    31.5516      1.670    6.99658     6.4379     6.4380    24.7753   12.56693 5.3418e+00      1.686 0.0000e+00
        267 101.333652    0.01847     1.1083     66.500  1024.7834  50357.252    31.5518      1.707    6.99657     6.4382     6.4380    24.7754   12.56692 5.3775e+00      1.723 0.0000e+00
        268 101.333655    0.01854     1.1125     66.750  1024.7836  50357.463    31.5520      1.726    6.99654     6.4385     6.4381    24.7755   12.56687 5.4586e+00      1.742 0.0000e+00
        269 101.333657    0.01861     1.1167     67.000  1024.7837  50357.619    31.5521      1.727    6.99650     6.4389     6.4383    24.7756   12.56680 5.5836e+00      1.743 0.0000e+00
        270 101.333660    0.01868     1.1208     67.250  1024.7836  50357.620    31.5522      1.711    6.99644     6.4392     6.4386    24.7756   12.56671 5.7281e+00      1.727 0.0000e+00
        271 101.333663    0.01875     1.1250     67.500  1024.7834  50357.438    31.5521      1.681    6.99639     6.4395     6.4390    24.7756   12.56662 5.8882e+00      1.697 0.0000e+00
        272 101.333666    0.01882     1.1292     67.750  1024.7830  50357.090    31.5520      1.640    6.99634     6.4396     6.4393    24.7754   12.56654 6.0832e+00      1.656 0.0000e+00
        273 101.333669    0.01889     1.1333     68.000  1024.7826  50356.676    31.5517      1.592    6.99631     6.4395     6.4396    24.7752   12.56649 6.2921e+00      1.607 0.0000e+00
        274 101.333672    0.01896     1.1375     68.250  1024.7822  50356.282    31.5515      1.541    6.99630     6.4394     6.4397    24.7750   12.56648 6.4536e+00      1.555 0.0000e+00
        275 101.333675    0.01903     1.1417     68.500  1024.7818  50356.019    31.5513      1.489    6.99631     6.4393     6.4397    24.7748   12.56651 6.5332e+00      1.503 0.0000e+00
        276 101.333678    0.01910     1.1458     68.750  1024.7816  50356.035    31.5513      1.440    6.99634     6.4392     6.4395    24.7749   12.56654 6.5383e+00      1.453 0.0000e+00
        277 101.333681    0.01917     1.1500     69.000  1024.7815  50356.273    31.5515      1.394    6.99635     6.4392     6.4394    24.7750   12.56657 6.4958e+00      1.407 0.0000e+00
        278 101.333683    0.01924     1.1542     69.250  1024.7815  50356.559    31.5517      1.354    6.99636     6.4392     6.4393    24.7752   12.56657 6.4287e+00      1.367 0.0000e+00
        279 101.333686    0.01931     1.1583     69.500  1024.7815  50356.738    31.5518      1.322    6.99635     6.4392     6.4393    24.7753   12.56656 6.3449e+00      1.334 0.0000e+00
        280 101.333689    0.01938     1.1625     69.750  1024.7813  50356.696    31.5518      1.300    6.99634     6.4391     6.4393    24.7753   12.56656 6.2462e+00      1.313 0.0000e+00
        281 101.333692    0.01944     1.1667     70.000  1024.7812  50356.502    31.5517      1.294    6.99635     6.4389     6.4393    24.7752   12.56657 6.1363e+00      1.306 0.0000e+00
        282 101.333695    0.01951     1.1708     70.250  1024.7812  50356.350    31.5516      1.304    6.99637     6.4386     6.4392    24.7751   12.56661 6.0370e+00      1.316 0.0000e+00
        283 101.333698    0.01958     1.1750     70.500  1024.7813  50356.331    31.5515      1.329    6.99641     6.4384     6.4390    24.7751   12.56667 5.9624e+00      1.342 0.0000e+00
        284 101.333701    0.01965     1.1792     70.750  1024.7815  50356.428    31.5515      1.365    6.99645     6.4382     6.4388    24.7751   12.56674 5.8864e+00      1.378 0.0000e+00
        285 101.333704    0.01972     1.1833     71.000  1024.7817  50356.577    31.5516      1.408    6.99649     6.4381     6.4385    24.7751   12.56680 5.7917e+00      1.421 0.0000e+00
        286 101.333707    0.01979     1.1875     71.250  1024.7819  50356.694    31.5516      1.453    6.99652     6.4380     6.4383    24.7752   12.56685 5.6986e+00      1.466 0.0000e+00
        287 101.333709    0.01986     1.1917     71.500  1024.7822  50356.787    31.5516      1.496    6.99654     6.4379     6.4382    24.7752   12.56688 5.6300e+00      1.509 0.0000e+00
        288 101.333712    0.01993     1.1958     71.750  1024.7824  50356.884    31.5517      1.532    6.99655     6.4380     6.4381    24.7753   12.56690 5.5851e+00      1.546 0.0000e+00
        289 101.333715    0.02000     1.2000     72.000  1024.7826  50356.967    31.5517      1.560    6.99655     6.4381     6.4381    24.7754   12.56691 5.5698e+00      1.575 0.0000e+00
        290 101.333718    0.02007     1.2042     72.250  1024.7827  50357.054    31.5518      1.577    6.99654     6.4384     6.4381    24.7754   12.56689 5.6077e+00      1.592 0.0000e+00
        291 101.333721    0.02014     1.2083     72.500  1024.7828  50357.174    31.5519      1.583    6.99651     6.4387     6.4383    24.7754   12.56684 5.6951e+00      1.598 0.0000e+00
        292 101.333724    0.02021     1.2125     72.750  1024.7828  50357.235    31.5519      1.578    6.99647     6.4389     6.4385    24.7755   12.56677 5.8152e+00      1.593 0.0000e+00
        293 101.333727    0.02028     1.2167     73.000  1024.7826  50357.019    31.5518      1.564    6.99643     6.4390     6.4388    24.7754   12.56671 5.9568e+00      1.579 0.0000e+00
        294 101.333730    0.02035     1.2208     73.250  1024.7823  50356.531    31.5516      1.542    6.99641     6.4390     6.4390    24.7751   12.56666 6.0988e+00      1.557 0.0000e+00
        295 101.333733    0.02042     1.2250     73.500  1024.7819  50356.093    31.5513      1.516    6.99640     6.4390     6.4391    24.7748   12.56665 6.2110e+00      1.530 0.0000e+00
        296 101.333736    0.02049     1.2292     73.750  1024.7817  50355.903    31.5512      1.488    6.99640     6.4389     6.4392    24.7747   12.56666 6.2521e+00      1.502 0.0000e+00
        297 101.333738    0.02056     1.2333     74.000  1024.7816  50355.870    31.5511      1.464    6.99641     6.4388     6.4391    24.7747   12.56667 6.2333e+00      1.478 0.0000e+00
        298 101.333741    0.02063     1.2375     74.250  1024.7814  50355.797    31.5511      1.448    6.99643     6.4386     6.4391    24.7747   12.56670 6.2335e+00      1.461 0.0000e+00
        299 101.333744    0.02069     1.2417     74.500  1024.7813  50355.565    31.5509      1.444    6.99645     6.4383     6.4390    24.7746   12.56674 6.2722e+00      1.457 0.0000e+00
        300 101.333747    0.02076     1.2458     74.750  1024.7813  50355.317    31.5507      1.460    6.99649     6.4380     6.4388    24.7744   12.56680 6.2992e+00      1.473 0.0000e+00
        301 101.333750    0.02083     1.2500     75.000  1024.7814  50355.296    31.5506      1.503    6.99654     6.4377     6.4385    24.7744   12.56688 6.2726e+00      1.517 0.0000e+00
        302 101.333753    0.02090     1.2542     75.250  1024.7819  50355.498    31.5507      1.587    6.99659     6.4374     6.4382    24.7745   12.56696 6.1525e+00      1.602 0.0000e+00
        303 101.333756    0.02097     1.2583     75.500  1024.7826  50355.824    31.5508      1.730    6.99663     6.4372     6.4379    24.7746   12.56704 5.9050e+00      1.746 0.0000e+00
        304 101.333759    0.02104     1.2625     75.750  1024.7839  50356.357    31.5510      1.947    6.99667     6.4371     6.4376    24.7748   12.56709 5.5404e+00      1.965 0.0000e+00
        305 101.333762    0.02111     1.2667     76.000  1024.7855  50357.029    31.5513      2.236    6.99668     6.4371     6.4374    24.7750   12.56712 5.1136e+00      2.257 0.0000e+00
        306 101.333764    0.02118     1.2708     76.250  1024.7873  50357.577    31.5515      2.581    6.99668     6.4371     6.4374    24.7752   12.56712 4.6821e+00      2.606 0.0000e+00
        307 101.333767    0.02125     1.2750     76.500  1024.7892  50358.080    31.5516      2.964    6.99668     6.4372     6.4374    24.7753   12.56710 4.2715e+00      2.992 0.0000e+00
        308 101.333770    0.02132     1.2792     76.750  1024.7914  50358.808    31.5520      3.376    6.99666     6.4373     6.4374    24.7756   12.56707 3.8815e+00      3.407 0.0000e+00
        309 101.333773    0.02139     1.2833     77.000  1024.7937  50359.697    31.5524      3.814    6.99662     6.4376     6.4375    24.7759   12.56700 3.5088e+00      3.850 0.0000e+00
        310 101.333776    0.02146     1.2875     77.250  1024.7961  50360.345    31.5527      4.280    6.99658     6.4377     6.4377    24.7761   12.56692 3.1625e+00      4.320 0.0000e+00
        311 101.333779    0.02153     1.2917     77.500  1024.7983  50360.555    31.5526      4.768    6.99654     6.4378     6.4379    24.7761   12.56686 2.8585e+00      4.814 0.0000e+00
        312 101.333782    0.02160     1.2958     77.750  1024.8005  50360.515    31.5524      5.272    6.99652     6.4378     6.4382    24.7759   12.56682 2.6006e+00      5.323 0.0000e+00
        313 101.333785    0.02167     1.3000     78.000  1024.8026  50360.474    31.5521      5.783    6.99650     6.4378     6.4383    24.7757   12.56681 2.3820e+00      5.838 0.0000e+00
        314 101.333788    0.02174     1.3042     78.250  1024.8049  50360.576    31.5520      6.295    6.99650     6.4378     6.4384    24.7756   12.56680 2.1949e+00      6.355 0.0000e+00
        315 101.333791    0.02181     1.3083     78.500  1024.8072  50360.802    31.5519      6.804    6.99650     6.4377     6.4384    24.7755   12.56680 2.0358e+00      6.869 0.0000e+00
        316 101.333793    0.02187     1.3125     78.750  1024.8095  50361.072    31.5518      7.306    6.99650     6.4377     6.4384    24.7754   12.56681 1.9039e+00      7.376 0.0000e+00
        317 101.333796    0.02194     1.3167     79.000  1024.8118  50361.387    31.5518      7.800    6.99651     6.4376     6.4384    24.7754   12.56681 1.7962e+00      7.875 0.0000e+00
        318 101.333799    0.02201     1.3208     79.250  1024.8140  50361.669    31.5518      8.283    6.99651     6.4375     6.4383    24.7754   12.56682 1.7083e+00      8.362 0.0000e+00
        319 101.333802    0.02208     1.3250     79.500  1024.8161  50361.803    31.5517      8.751    6.99652     6.4375     6.4383    24.7753   12.56684 1.6351e+00      8.834 0.0000e+00
        320 101.333805    0.02215     1.3292     79.750  1024.8181  50361.896    31.5515      9.196    6.99653     6.4374     6.4383    24.7752   12.56686 1.5714e+00      9.284 0.0000e+00
        321 101.333808    0.02222     1.3333     80.000  1024.8200  50362.057    31.5514      9.618    6.99654     6.4374     6.4383    24.7751   12.56687 1.5129e+00      9.709 0.0000e+00
        322 101.333811    0.02229     1.3375     80.250  1024.8218  50362.219    31.5513     10.018    6.99654     6.4373     6.4383    24.7751   12.56689 1.4569e+00     10.113 0.0000e+00
        323 101.333814    0.02236     1.3417     80.500  1024.8235  50362.386    31.5513     10.403    6.99655     6.4373     6.4382    24.7750   12.56690 1.4032e+00     10.501 0.0000e+00
        324 101.333817    0.02243     1.3458     80.750  1024.8252  50362.601    31.5512     10.778    6.99655     6.4372     6.4382    24.7750   12.56691 1.3528e+00     10.880 0.0000e+00
        325 101.333819    0.02250     1.3500     81.000  1024.8269  50362.849    31.5512     11.148    6.99655     6.4372     6.4382    24.7750   12.56691 1.3049e+00     11.253 0.0000e+00
        326 101.333822    0.02257     1.3542     81.250  1024.8287  50363.156    31.5513     11.518    6.99655     6.4373     6.4382    24.7750   12.56690 1.2584e+00     11.627 0.0000e+00
        327 101.333825    0.02264     1.3583     81.500  1024.8305  50363.542    31.5514     11.894    6.99654     6.4373     6.4383    24.7751   12.56688 1.2126e+00     12.007 0.0000e+00
        328 101.333828    0.02271     1.3625     81.750  1024.8324  50364.003    31.5515     12.280    6.99652     6.4374     6.4383    24.7752   12.56685 1.1668e+00     12.396 0.0000e+00
        329 101.333831    0.02278     1.3667     82.000  1024.8345  50364.560    31.5517     12.677    6.99650     6.4375     6.4384    24.7754   12.56681 1.1201e+00     12.798 0.0000e+00
        330 101.333834    0.02285     1.3708     82.250  1024.8366  50365.241    31.5520     13.088    6.99647     6.4377     6.4385    24.7756   12.56676 1.0725e+00     13.212 0.0000e+00
        331 101.333837    0.02292     1.3750     82.500  1024.8388  50365.974    31.5524     13.509    6.99643     6.4378     6.4387    24.7759   12.56669 1.0243e+00     13.637 0.0000e+00
        332 101.333840    0.02299     1.3792     82.750  1024.8409  50366.555    31.5526     13.935    6.99639     6.4380     6.4389    24.7760   12.56662 9.7718e-01     14.067 0.0000e+00
        333 101.333843    0.02306     1.3833     83.000  1024.8430  50367.027    31.5527     14.356    6.99635     6.4381     6.4391    24.7761   12.56655 9.3357e-01     14.492 0.0000e+00
        334 101.333845    0.02313     1.3875     83.250  1024.8450  50367.521    31.5529     14.758    6.99631     6.4383     6.4392    24.7763   12.56648 8.9536e-01     14.898 0.0000e+00
        335 101.333848    0.02319     1.3917     83.500  1024.8468  50367.899    31.5531     15.130    6.99627     6.4384     6.4394    24.7764   12.56642 8.6142e-01     15.274 0.0000e+00
        336 101.333851    0.02326     1.3958     83.750  1024.8484  50368.117    31.5531     15.481    6.99624     6.4386     6.4396    24.7764   12.56637 8.2827e-01     15.627 0.0000e+00
        337 101.333854    0.02333     1.4000     84.000  1024.8500  50368.271    31.5531     15.831    6.99622     6.4387     6.4398    24.7763   12.56633 7.9509e-01     15.981 0.0000e+00
        338 101.333857    0.02340     1.4042     84.250  1024.8517  50368.421    31.5530     16.195    6.99620     6.4387     6.4399    24.7763   12.56630 7.6405e-01     16.349 0.0000e+00
        339 101.333860    0.02347     1.4083     84.500  1024.8534  50368.625    31.5530     16.568    6.99618     6.4388     6.4400    24.7763   12.56627 7.3640e-01     16.726 0.0000e+00
        340 101.333863    0.02354     1.4125     84.750  1024.8551  50368.858    31.5530     16.927    6.99616     6.4389     6.4401    24.7763   12.56624 7.1158e-01     17.088 0.0000e+00
