CTD-processing/allCTD/CNV--homogene/2016_04-11_t3_s05_cast199.cnv
* Sea-Bird SBE19plus Data File:
* FileName = C:\Users\Kris.Holderied\Documents\kasitsna\Research-KBL\Oceanography-AK\CTD-Data-ALL-to-2016-02\2016-CTD-KachemakBay-CookInlet\2016-04-CookInlet-quarterly\2016-04-11-CookInlet-Tran3-AnchorPt\2016-04-11-CookInlet-Tran3-cast199.hex
* Software Version 1.59
* Temperature SN =  5028
* Conductivity SN =  5028
* System UpLoad Time = Apr 11 2016 11:17:20
** Cook Inlet LTM Tran3 Anchor Pt west to east
** Date (YYYY-MM-DD): 2016-04-11
** Station (ie. 9-01): 3-05
** Start time (AKST): 07:52
** Depth (m): 27
** Comment:  R/V Pandalus.
** Comment:
# nquan = 17
# nvalues = 403                         
# units = specified
# name 0 = scan: Scan Count
# name 1 = timeJ: Julian Days
# name 2 = timeH: Time, Elapsed [hours]
# name 3 = timeM: Time, Elapsed [minutes]
# name 4 = timeS: Time, Elapsed [seconds]
# name 5 = density00: Density [density, kg/m^3]
# name 6 = specc: Specific Conductance [uS/cm]
# name 7 = sal00: Salinity, Practical [PSU]
# name 8 = depSM: Depth [salt water, m], lat = 59.00
# name 9 = oxsolML/L: Oxygen Saturation, Garcia & Gordon [ml/l]
# name 10 = potemp090C: Potential Temperature [ITS-90, deg C]
# name 11 = tv290C: Temperature [ITS-90, deg C]
# name 12 = sigma-é00: Density [sigma-theta, kg/m^3]
# name 13 = n2satML/L: Nitrogen Saturation [ml/l]
# name 14 = par: PAR/Irradiance, Biospherical/Licor
# name 15 = prdM: Pressure, Strain Gauge [db]
# name 16 = flag:  0.000e+00
# span 0 =          1,        403       
# span 1 = 102.327431, 102.328594       
# span 2 =    0.00000,    0.02792       
# span 3 =     0.0000,     1.6750       
# span 4 =      0.000,    100.500       
# span 5 =  1000.0779,  1024.2782       
# span 6 =    275.231,  49347.013       
# span 7 =     0.1299,    30.5163       
# span 8 =     -0.165,     28.485       
# span 9 =    7.32620,    9.09863       
# span 10 =     4.2948,     4.7869      
# span 11 =     4.2737,     4.7872      
# span 12 =     0.0787,    24.1482      
# span 13 =   13.12489,   16.52600      
# span 14 = 3.8028e-02, 5.3459e+01      
# span 15 =     -0.167,     28.756      
# span 16 = 0.0000e+00, 0.0000e+00      
# interval = seconds: 0.25
# start_time = Apr 11 2016 07:51:30 [Instrument's time stamp, header]
# bad_flag = -9.990e-29
*END*
[from data line 171]
        172 102.327925    0.01188     0.7125     42.750  1024.1312  49295.574    30.4887      1.307    7.33170     4.7625     4.7633    24.1250   13.13432 3.3148e+00      1.319 0.0000e+00
        173 102.327928    0.01194     0.7167     43.000  1024.1258  49285.559    30.4819      1.311    7.33194     4.7593     4.7638    24.1197   13.13481 3.4250e+00      1.324 0.0000e+00
        174 102.327931    0.01201     0.7208     43.250  1024.1223  49279.162    30.4773      1.304    7.33238     4.7547     4.7626    24.1161   13.13560 3.6490e+00      1.316 0.0000e+00
        175 102.327934    0.01208     0.7250     43.500  1024.1214  49278.134    30.4759      1.286    7.33301     4.7497     4.7594    24.1154   13.13667 3.9558e+00      1.298 0.0000e+00
        176 102.327937    0.01215     0.7292     43.750  1024.1230  49281.837    30.4775      1.261    7.33376     4.7452     4.7548    24.1171   13.13788 4.2821e+00      1.273 0.0000e+00
        177 102.327940    0.01222     0.7333     44.000  1024.1259  49288.131    30.4807      1.235    7.33449     4.7416     4.7498    24.1202   13.13904 4.5475e+00      1.247 0.0000e+00
        178 102.327943    0.01229     0.7375     44.250  1024.1294  49295.187    30.4846      1.211    7.33509     4.7390     4.7453    24.1237   13.13999 4.7060e+00      1.223 0.0000e+00
        179 102.327946    0.01236     0.7417     44.500  1024.1326  49301.796    30.4884      1.190    7.33554     4.7370     4.7417    24.1270   13.14068 4.7838e+00      1.201 0.0000e+00
        180 102.327948    0.01243     0.7458     44.750  1024.1351  49306.915    30.4913      1.173    7.33586     4.7356     4.7391    24.1296   13.14117 4.8467e+00      1.184 0.0000e+00
        181 102.327951    0.01250     0.7500     45.000  1024.1365  49309.793    30.4929      1.158    7.33613     4.7343     4.7371    24.1311   13.14159 4.9483e+00      1.169 0.0000e+00
        182 102.327954    0.01257     0.7542     45.250  1024.1369  49310.838    30.4933      1.145    7.33636     4.7330     4.7357    24.1315   13.14197 5.1242e+00      1.156 0.0000e+00
        183 102.327957    0.01264     0.7583     45.500  1024.1373  49311.843    30.4938      1.131    7.33657     4.7316     4.7344    24.1320   13.14230 5.3987e+00      1.142 0.0000e+00
        184 102.327960    0.01271     0.7625     45.750  1024.1386  49314.497    30.4953      1.117    7.33672     4.7305     4.7331    24.1334   13.14253 5.7602e+00      1.127 0.0000e+00
        185 102.327963    0.01278     0.7667     46.000  1024.1410  49319.223    30.4982      1.105    7.33682     4.7303     4.7317    24.1358   13.14265 6.1168e+00      1.115 0.0000e+00
        186 102.327966    0.01285     0.7708     46.250  1024.1444  49325.679    30.5024      1.100    7.33682     4.7319     4.7306    24.1392   13.14260 6.2742e+00      1.111 0.0000e+00
        187 102.327969    0.01292     0.7750     46.500  1024.1483  49332.813    30.5072      1.110    7.33661     4.7358     4.7304    24.1431   13.14220 6.0246e+00      1.121 0.0000e+00
        188 102.327972    0.01299     0.7792     46.750  1024.1518  49338.852    30.5117      1.138    7.33611     4.7413     4.7320    24.1464   13.14131 5.3401e+00      1.149 0.0000e+00
        189 102.327975    0.01306     0.7833     47.000  1024.1537  49341.620    30.5143      1.181    7.33530     4.7473     4.7359    24.1482   13.13993 4.4454e+00      1.192 0.0000e+00
        190 102.327977    0.01313     0.7875     47.250  1024.1528  49338.845    30.5136      1.231    7.33436     4.7524     4.7414    24.1470   13.13838 3.6470e+00      1.243 0.0000e+00
        191 102.327980    0.01319     0.7917     47.500  1024.1485  49329.780    30.5086      1.277    7.33354     4.7556     4.7474    24.1425   13.13710 3.1462e+00      1.289 0.0000e+00
        192 102.327983    0.01326     0.7958     47.750  1024.1417  49316.349    30.5005      1.311    7.33304     4.7566     4.7525    24.1355   13.13637 3.0201e+00      1.323 0.0000e+00
        193 102.327986    0.01333     0.8000     48.000  1024.1347  49302.868    30.4920      1.325    7.33287     4.7552     4.7557    24.1284   13.13622 3.2745e+00      1.338 0.0000e+00
        194 102.327989    0.01340     0.8042     48.250  1024.1301  49294.222    30.4863      1.318    7.33298     4.7522     4.7567    24.1238   13.13647 3.8642e+00      1.331 0.0000e+00
        195 102.327992    0.01347     0.8083     48.500  1024.1291  49292.870    30.4851      1.293    7.33328     4.7489     4.7553    24.1230   13.13698 4.6722e+00      1.305 0.0000e+00
        196 102.327995    0.01354     0.8125     48.750  1024.1316  49297.997    30.4880      1.256    7.33367     4.7465     4.7523    24.1256   13.13759 5.4890e+00      1.268 0.0000e+00
        197 102.327998    0.01361     0.8167     49.000  1024.1360  49306.907    30.4934      1.219    7.33399     4.7458     4.7490    24.1303   13.13805 6.0519e+00      1.231 0.0000e+00
        198 102.328001    0.01368     0.8208     49.250  1024.1407  49316.058    30.4992      1.193    7.33413     4.7470     4.7466    24.1351   13.13821 6.1607e+00      1.204 0.0000e+00
        199 102.328003    0.01375     0.8250     49.500  1024.1440  49322.347    30.5033      1.181    7.33406     4.7498     4.7459    24.1384   13.13804 5.7973e+00      1.193 0.0000e+00
        200 102.328006    0.01382     0.8292     49.750  1024.1452  49324.438    30.5050      1.185    7.33376     4.7532     4.7471    24.1396   13.13752 5.1480e+00      1.196 0.0000e+00
        201 102.328009    0.01389     0.8333     50.000  1024.1442  49322.062    30.5040      1.196    7.33331     4.7560     4.7499    24.1385   13.13679 4.4961e+00      1.208 0.0000e+00
        202 102.328012    0.01396     0.8375     50.250  1024.1407  49315.209    30.5000      1.209    7.33292     4.7575     4.7532    24.1350   13.13619 4.0580e+00      1.221 0.0000e+00
        203 102.328015    0.01403     0.8417     50.500  1024.1357  49305.482    30.4939      1.217    7.33272     4.7574     4.7560    24.1300   13.13595 3.9184e+00      1.228 0.0000e+00
        204 102.328018    0.01410     0.8458     50.750  1024.1309  49296.350    30.4880      1.215    7.33273     4.7555     4.7576    24.1251   13.13604 4.0641e+00      1.226 0.0000e+00
        205 102.328021    0.01417     0.8500     51.000  1024.1279  49290.955    30.4843      1.203    7.33293     4.7523     4.7575    24.1222   13.13642 4.4173e+00      1.214 0.0000e+00
        206 102.328024    0.01424     0.8542     51.250  1024.1276  49290.772    30.4838      1.183    7.33330     4.7487     4.7556    24.1220   13.13703 4.8636e+00      1.194 0.0000e+00
        207 102.328027    0.01431     0.8583     51.500  1024.1298  49295.434    30.4863      1.161    7.33375     4.7457     4.7524    24.1243   13.13774 5.2923e+00      1.171 0.0000e+00
        208 102.328030    0.01438     0.8625     51.750  1024.1338  49303.399    30.4910      1.140    7.33415     4.7438     4.7488    24.1284   13.13835 5.6427e+00      1.151 0.0000e+00
        209 102.328032    0.01444     0.8667     52.000  1024.1386  49312.763    30.4968      1.127    7.33440     4.7435     4.7458    24.1332   13.13868 5.9093e+00      1.137 0.0000e+00
        210 102.328035    0.01451     0.8708     52.250  1024.1431  49321.463    30.5023      1.122    7.33446     4.7450     4.7439    24.1378   13.13870 6.0704e+00      1.132 0.0000e+00
        211 102.328038    0.01458     0.8750     52.500  1024.1466  49327.868    30.5066      1.127    7.33430     4.7482     4.7436    24.1413   13.13839 6.0330e+00      1.137 0.0000e+00
        212 102.328041    0.01465     0.8792     52.750  1024.1487  49331.463    30.5094      1.144    7.33391     4.7526     4.7451    24.1433   13.13771 5.6994e+00      1.154 0.0000e+00
        213 102.328044    0.01472     0.8833     53.000  1024.1497  49332.651    30.5108      1.173    7.33328     4.7573     4.7483    24.1442   13.13664 5.0825e+00      1.184 0.0000e+00
        214 102.328047    0.01479     0.8875     53.250  1024.1496  49331.597    30.5110      1.212    7.33248     4.7616     4.7527    24.1439   13.13532 4.3283e+00      1.223 0.0000e+00
        215 102.328050    0.01486     0.8917     53.500  1024.1480  49327.749    30.5094      1.256    7.33172     4.7648     4.7574    24.1421   13.13408 3.6304e+00      1.268 0.0000e+00
        216 102.328053    0.01493     0.8958     53.750  1024.1447  49320.765    30.5055      1.299    7.33116     4.7666     4.7617    24.1386   13.13321 3.1353e+00      1.311 0.0000e+00
        217 102.328056    0.01500     0.9000     54.000  1024.1396  49310.841    30.4994      1.330    7.33089     4.7668     4.7649    24.1334   13.13285 2.9128e+00      1.342 0.0000e+00
        218 102.328058    0.01507     0.9042     54.250  1024.1337  49299.497    30.4920      1.342    7.33094     4.7651     4.7667    24.1274   13.13302 2.9891e+00      1.354 0.0000e+00
        219 102.328061    0.01514     0.9083     54.500  1024.1287  49290.237    30.4858      1.333    7.33122     4.7618     4.7669    24.1224   13.13356 3.3815e+00      1.346 0.0000e+00
        220 102.328064    0.01521     0.9125     54.750  1024.1264  49286.406    30.4828      1.304    7.33166     4.7578     4.7652    24.1202   13.13432 4.0954e+00      1.316 0.0000e+00
        221 102.328067    0.01528     0.9167     55.000  1024.1273  49288.920    30.4839      1.258    7.33219     4.7543     4.7619    24.1214   13.13519 5.0987e+00      1.270 0.0000e+00
        222 102.328070    0.01535     0.9208     55.250  1024.1308  49296.429    30.4882      1.203    7.33268     4.7521     4.7579    24.1252   13.13595 6.2915e+00      1.214 0.0000e+00
        223 102.328073    0.01542     0.9250     55.500  1024.1360  49306.835    30.4945      1.147    7.33299     4.7516     4.7544    24.1306   13.13639 7.4745e+00      1.158 0.0000e+00
        224 102.328076    0.01549     0.9292     55.750  1024.1416  49317.761    30.5015      1.101    7.33305     4.7532     4.7522    24.1364   13.13638 8.3105e+00      1.112 0.0000e+00
        225 102.328079    0.01556     0.9333     56.000  1024.1464  49327.018    30.5078      1.077    7.33282     4.7565     4.7517    24.1414   13.13592 8.3892e+00      1.087 0.0000e+00
        226 102.328082    0.01563     0.9375     56.250  1024.1499  49333.134    30.5123      1.080    7.33231     4.7607     4.7533    24.1448   13.13503 7.5593e+00      1.090 0.0000e+00
        227 102.328084    0.01569     0.9417     56.500  1024.1510  49334.670    30.5140      1.111    7.33164     4.7645     4.7566    24.1458   13.13389 6.1867e+00      1.121 0.0000e+00
        228 102.328087    0.01576     0.9458     56.750  1024.1495  49330.969    30.5124      1.159    7.33099     4.7673     4.7607    24.1441   13.13284 4.8671e+00      1.170 0.0000e+00
        229 102.328090    0.01583     0.9500     57.000  1024.1456  49322.872    30.5076      1.208    7.33054     4.7685     4.7646    24.1399   13.13216 3.9884e+00      1.219 0.0000e+00
        230 102.328093    0.01590     0.9542     57.250  1024.1402  49312.259    30.5009      1.244    7.33038     4.7679     4.7674    24.1343   13.13198 3.6683e+00      1.255 0.0000e+00
        231 102.328096    0.01597     0.9583     57.500  1024.1351  49302.608    30.4946      1.258    7.33047     4.7655     4.7686    24.1292   13.13222 3.8988e+00      1.269 0.0000e+00
        232 102.328099    0.01604     0.9625     57.750  1024.1326  49298.104    30.4914      1.248    7.33074     4.7620     4.7680    24.1267   13.13270 4.6185e+00      1.259 0.0000e+00
        233 102.328102    0.01611     0.9667     58.000  1024.1335  49300.388    30.4925      1.217    7.33112     4.7589     4.7656    24.1278   13.13332 5.6653e+00      1.228 0.0000e+00
        234 102.328105    0.01618     0.9708     58.250  1024.1371  49307.698    30.4967      1.174    7.33152     4.7570     4.7621    24.1315   13.13392 6.7055e+00      1.185 0.0000e+00
        235 102.328108    0.01625     0.9750     58.500  1024.1417  49316.923    30.5024      1.132    7.33180     4.7571     4.7590    24.1363   13.13431 7.3083e+00      1.143 0.0000e+00
        236 102.328111    0.01632     0.9792     58.750  1024.1460  49325.282    30.5077      1.104    7.33187     4.7591     4.7571    24.1408   13.13435 7.2232e+00      1.115 0.0000e+00
        237 102.328113    0.01639     0.9833     59.000  1024.1492  49331.265    30.5118      1.099    7.33165     4.7624     4.7571    24.1440   13.13394 6.5634e+00      1.109 0.0000e+00
        238 102.328116    0.01646     0.9875     59.250  1024.1509  49334.069    30.5141      1.117    7.33119     4.7660     4.7591    24.1456   13.13314 5.6501e+00      1.128 0.0000e+00
        239 102.328119    0.01653     0.9917     59.500  1024.1507  49332.983    30.5141      1.152    7.33061     4.7691     4.7624    24.1453   13.13218 4.7752e+00      1.163 0.0000e+00
        240 102.328122    0.01660     0.9958     59.750  1024.1486  49328.271    30.5116      1.193    7.33009     4.7713     4.7661    24.1430   13.13136 4.1125e+00      1.204 0.0000e+00
        241 102.328125    0.01667     1.0000     60.000  1024.1449  49320.828    30.5072      1.232    7.32975     4.7723     4.7692    24.1391   13.13085 3.7192e+00      1.244 0.0000e+00
        242 102.328128    0.01674     1.0042     60.250  1024.1403  49311.742    30.5014      1.263    7.32964     4.7720     4.7714    24.1343   13.13075 3.5699e+00      1.275 0.0000e+00
        243 102.328131    0.01681     1.0083     60.500  1024.1357  49302.990    30.4956      1.281    7.32975     4.7704     4.7724    24.1297   13.13100 3.5897e+00      1.293 0.0000e+00
        244 102.328134    0.01688     1.0125     60.750  1024.1324  49296.921    30.4914      1.287    7.33001     4.7679     4.7721    24.1264   13.13149 3.6881e+00      1.299 0.0000e+00
        245 102.328137    0.01694     1.0167     61.000  1024.1311  49294.726    30.4896      1.282    7.33038     4.7651     4.7705    24.1251   13.13214 3.8058e+00      1.294 0.0000e+00
        246 102.328139    0.01701     1.0208     61.250  1024.1314  49295.741    30.4898      1.270    7.33083     4.7625     4.7679    24.1255   13.13287 3.9442e+00      1.282 0.0000e+00
        247 102.328142    0.01708     1.0250     61.500  1024.1326  49298.392    30.4910      1.252    7.33126     4.7603     4.7651    24.1267   13.13357 4.1515e+00      1.264 0.0000e+00
        248 102.328145    0.01715     1.0292     61.750  1024.1340  49301.575    30.4926      1.229    7.33164     4.7587     4.7625    24.1283   13.13418 4.4857e+00      1.240 0.0000e+00
        249 102.328148    0.01722     1.0333     62.000  1024.1356  49304.845    30.4944      1.201    7.33193     4.7577     4.7604    24.1299   13.13464 4.9828e+00      1.212 0.0000e+00
        250 102.328151    0.01729     1.0375     62.250  1024.1371  49308.062    30.4963      1.172    7.33212     4.7572     4.7588    24.1316   13.13493 5.6201e+00      1.183 0.0000e+00
        251 102.328154    0.01736     1.0417     62.500  1024.1387  49311.418    30.4984      1.145    7.33221     4.7573     4.7577    24.1333   13.13504 6.2634e+00      1.156 0.0000e+00
        252 102.328157    0.01743     1.0458     62.750  1024.1407  49315.301    30.5009      1.125    7.33217     4.7582     4.7572    24.1354   13.13494 6.6627e+00      1.135 0.0000e+00
        253 102.328160    0.01750     1.0500     63.000  1024.1430  49319.638    30.5039      1.115    7.33200     4.7600     4.7574    24.1377   13.13462 6.6026e+00      1.126 0.0000e+00
        254 102.328163    0.01757     1.0542     63.250  1024.1452  49323.596    30.5068      1.120    7.33170     4.7625     4.7583    24.1399   13.13409 6.0921e+00      1.130 0.0000e+00
        255 102.328166    0.01764     1.0583     63.500  1024.1467  49326.131    30.5089      1.137    7.33129     4.7653     4.7600    24.1414   13.13338 5.3503e+00      1.148 0.0000e+00
