CTD-processing/allCTD/CNV--homogene/2016_07-27_alongbay_skb02_cast022.cnv
* Sea-Bird SBE19plus Data File:
* FileName = C:\Users\Kris.Holderied\Documents\kasitsna\Research-KBL\Oceanography-AK\CTD-Data-ALL-to-2016-05\2016-CTD-KachemakBay-CookInlet\2016-07-27-KachemakBay-AlongBay\2016-07-27-KachemakBay-AlongBay-cast022.hex
* Software Version 1.59
* Temperature SN =  5028
* Conductivity SN =  5028
* System UpLoad Time = Jul 27 2016 20:30:42
** Cook Inlet Kachemak Bay Along-Bay west to east (sta 1-9)
** Date (YYYY-MM-DD): 2016-07-27
** Station (eg. 9-01):  KB02
** Start time (AKDT): 15:19
** Depth (m): 119.5
** Comment:  R/V Edgecumbe.  Part of all-bay survey with T4 and T9.
** Comment:
# nquan = 17
# nvalues = 681                         
# units = specified
# name 0 = scan: Scan Count
# name 1 = timeJ: Julian Days
# name 2 = timeH: Time, Elapsed [hours]
# name 3 = timeM: Time, Elapsed [minutes]
# name 4 = timeS: Time, Elapsed [seconds]
# name 5 = density00: Density [density, kg/m^3]
# name 6 = specc: Specific Conductance [uS/cm]
# name 7 = sal00: Salinity, Practical [PSU]
# name 8 = depSM: Depth [salt water, m], lat = 59.00
# name 9 = oxsolML/L: Oxygen Saturation, Garcia & Gordon [ml/l]
# name 10 = potemp090C: Potential Temperature [ITS-90, deg C]
# name 11 = tv290C: Temperature [ITS-90, deg C]
# name 12 = sigma-é00: Density [sigma-theta, kg/m^3]
# name 13 = n2satML/L: Nitrogen Saturation [ml/l]
# name 14 = par: PAR/Irradiance, Biospherical/Licor
# name 15 = prdM: Pressure, Strain Gauge [db]
# name 16 = flag:  0.000e+00
# span 0 =          1,        681       
# span 1 = 209.639132, 209.641100       
# span 2 =    0.00000,    0.04722       
# span 3 =     0.0000,     2.8333       
# span 4 =      0.000,    170.000       
# span 5 =  1000.1895,  1024.9219       
# span 6 =   1628.613,  49909.058       
# span 7 =     0.8904,    31.6762       
# span 8 =     -0.109,    103.460       
# span 9 =    6.29730,    7.49772       
# span 10 =     9.4395,    12.0162      
# span 11 =     9.4503,    12.0172      
# span 12 =     0.1900,    24.4480      
# span 13 =   11.43617,   13.81714      
# span 14 = 5.7809e-02, 3.4084e+02      
# span 15 =     -0.110,    104.462      
# span 16 = 0.0000e+00, 0.0000e+00      
# interval = seconds: 0.25
# start_time = Jul 27 2016 15:20:21 [Instrument's time stamp, header]
# bad_flag = -9.990e-29
*END*
[from data line 596]
        597 209.640856    0.04139     2.4833    149.000  1024.8112  49889.428    31.6733     80.064    6.52829     9.4480     9.4568    24.4444   11.79087 5.9800e-02     80.836 0.0000e+00
        598 209.640859    0.04146     2.4875    149.250  1024.8125  49889.601    31.6733     80.328    6.52829     9.4480     9.4567    24.4444   11.79088 5.9755e-02     81.103 0.0000e+00
        599 209.640862    0.04153     2.4917    149.500  1024.8137  49889.802    31.6734     80.597    6.52830     9.4479     9.4567    24.4444   11.79088 5.9710e-02     81.374 0.0000e+00
        600 209.640865    0.04160     2.4958    149.750  1024.8150  49890.016    31.6734     80.870    6.52830     9.4479     9.4567    24.4445   11.79089 5.9667e-02     81.649 0.0000e+00
        601 209.640868    0.04167     2.5000    150.000  1024.8163  49890.250    31.6734     81.149    6.52830     9.4478     9.4567    24.4445   11.79089 5.9625e-02     81.931 0.0000e+00
        602 209.640871    0.04174     2.5042    150.250  1024.8177  49890.559    31.6735     81.433    6.52830     9.4478     9.4567    24.4446   11.79089 5.9581e-02     82.217 0.0000e+00
        603 209.640874    0.04181     2.5083    150.500  1024.8191  49890.919    31.6737     81.719    6.52830     9.4478     9.4566    24.4447   11.79088 5.9539e-02     82.507 0.0000e+00
        604 209.640877    0.04188     2.5125    150.750  1024.8205  49891.281    31.6738     82.007    6.52829     9.4478     9.4566    24.4448   11.79087 5.9504e-02     82.797 0.0000e+00
        605 209.640880    0.04194     2.5167    151.000  1024.8220  49891.673    31.6740     82.295    6.52828     9.4478     9.4566    24.4449   11.79085 5.9464e-02     83.088 0.0000e+00
        606 209.640883    0.04201     2.5208    151.250  1024.8234  49892.091    31.6741     82.586    6.52827     9.4478     9.4566    24.4451   11.79084 5.9417e-02     83.382 0.0000e+00
        607 209.640885    0.04208     2.5250    151.500  1024.8249  49892.490    31.6743     82.877    6.52826     9.4479     9.4567    24.4452   11.79082 5.9369e-02     83.676 0.0000e+00
        608 209.640888    0.04215     2.5292    151.750  1024.8263  49892.844    31.6744     83.168    6.52825     9.4479     9.4567    24.4453   11.79080 5.9324e-02     83.970 0.0000e+00
        609 209.640891    0.04222     2.5333    152.000  1024.8278  49893.179    31.6745     83.459    6.52823     9.4480     9.4568    24.4454   11.79077 5.9285e-02     84.264 0.0000e+00
        610 209.640894    0.04229     2.5375    152.250  1024.8292  49893.500    31.6746     83.749    6.52821     9.4481     9.4569    24.4454   11.79073 5.9252e-02     84.557 0.0000e+00
        611 209.640897    0.04236     2.5417    152.500  1024.8305  49893.793    31.6747     84.038    6.52819     9.4483     9.4571    24.4455   11.79069 5.9223e-02     84.848 0.0000e+00
        612 209.640900    0.04243     2.5458    152.750  1024.8319  49894.098    31.6749     84.327    6.52816     9.4484     9.4572    24.4455   11.79065 5.9192e-02     85.140 0.0000e+00
        613 209.640903    0.04250     2.5500    153.000  1024.8333  49894.396    31.6750     84.616    6.52813     9.4485     9.4574    24.4456   11.79060 5.9155e-02     85.432 0.0000e+00
        614 209.640906    0.04257     2.5542    153.250  1024.8347  49894.632    31.6750     84.907    6.52810     9.4486     9.4576    24.4456   11.79055 5.9110e-02     85.726 0.0000e+00
        615 209.640909    0.04264     2.5583    153.500  1024.8360  49894.782    31.6750     85.200    6.52808     9.4487     9.4577    24.4456   11.79051 5.9060e-02     86.022 0.0000e+00
        616 209.640911    0.04271     2.5625    153.750  1024.8372  49894.822    31.6750     85.493    6.52807     9.4486     9.4578    24.4455   11.79049 5.9016e-02     86.318 0.0000e+00
        617 209.640914    0.04278     2.5667    154.000  1024.8385  49894.813    31.6748     85.784    6.52806     9.4483     9.4579    24.4454   11.79049 5.8991e-02     86.612 0.0000e+00
        618 209.640917    0.04285     2.5708    154.250  1024.8397  49894.808    31.6747     86.072    6.52808     9.4479     9.4578    24.4454   11.79052 5.8976e-02     86.902 0.0000e+00
        619 209.640920    0.04292     2.5750    154.500  1024.8410  49894.904    31.6746     86.355    6.52812     9.4474     9.4575    24.4454   11.79058 5.8954e-02     87.188 0.0000e+00
        620 209.640923    0.04299     2.5792    154.750  1024.8424  49895.223    31.6746     86.638    6.52818     9.4469     9.4572    24.4455   11.79067 5.8924e-02     87.474 0.0000e+00
        621 209.640926    0.04306     2.5833    155.000  1024.8438  49895.606    31.6747     86.923    6.52824     9.4464     9.4567    24.4456   11.79077 5.8887e-02     87.762 0.0000e+00
        622 209.640929    0.04312     2.5875    155.250  1024.8452  49895.833    31.6747     87.212    6.52830     9.4458     9.4563    24.4457   11.79089 5.8849e-02     88.054 0.0000e+00
        623 209.640932    0.04319     2.5917    155.500  1024.8465  49895.984    31.6746     87.504    6.52838     9.4452     9.4558    24.4457   11.79101 5.8821e-02     88.349 0.0000e+00
        624 209.640935    0.04326     2.5958    155.750  1024.8480  49896.258    31.6746     87.796    6.52846     9.4447     9.4552    24.4458   11.79114 5.8802e-02     88.644 0.0000e+00
        625 209.640938    0.04333     2.6000    156.000  1024.8495  49896.714    31.6747     88.087    6.52854     9.4443     9.4546    24.4459   11.79127 5.8783e-02     88.937 0.0000e+00
        626 209.640940    0.04340     2.6042    156.250  1024.8511  49897.325    31.6749     88.374    6.52860     9.4440     9.4541    24.4462   11.79137 5.8762e-02     89.228 0.0000e+00
        627 209.640943    0.04347     2.6083    156.500  1024.8527  49897.946    31.6752     88.661    6.52864     9.4438     9.4538    24.4465   11.79144 5.8737e-02     89.517 0.0000e+00
        628 209.640946    0.04354     2.6125    156.750  1024.8541  49898.405    31.6754     88.947    6.52867     9.4437     9.4536    24.4466   11.79148 5.8709e-02     89.806 0.0000e+00
        629 209.640949    0.04361     2.6167    157.000  1024.8555  49898.716    31.6755     89.234    6.52868     9.4437     9.4535    24.4467   11.79150 5.8681e-02     90.096 0.0000e+00
        630 209.640952    0.04368     2.6208    157.250  1024.8569  49899.006    31.6755     89.520    6.52869     9.4436     9.4534    24.4468   11.79152 5.8652e-02     90.384 0.0000e+00
        631 209.640955    0.04375     2.6250    157.500  1024.8583  49899.313    31.6756     89.803    6.52869     9.4435     9.4533    24.4469   11.79152 5.8622e-02     90.670 0.0000e+00
        632 209.640958    0.04382     2.6292    157.750  1024.8596  49899.432    31.6755     90.083    6.52870     9.4433     9.4533    24.4468   11.79153 5.8594e-02     90.952 0.0000e+00
        633 209.640961    0.04389     2.6333    158.000  1024.8607  49899.274    31.6753     90.358    6.52871     9.4430     9.4532    24.4466   11.79156 5.8572e-02     91.230 0.0000e+00
        634 209.640964    0.04396     2.6375    158.250  1024.8617  49899.103    31.6751     90.630    6.52875     9.4426     9.4531    24.4465   11.79162 5.8554e-02     91.506 0.0000e+00
        635 209.640966    0.04403     2.6417    158.500  1024.8629  49899.112    31.6749     90.904    6.52880     9.4421     9.4528    24.4464   11.79170 5.8537e-02     91.782 0.0000e+00
        636 209.640969    0.04410     2.6458    158.750  1024.8642  49899.304    31.6748     91.180    6.52886     9.4416     9.4523    24.4465   11.79180 5.8518e-02     92.061 0.0000e+00
        637 209.640972    0.04417     2.6500    159.000  1024.8656  49899.592    31.6749     91.458    6.52893     9.4412     9.4519    24.4466   11.79191 5.8497e-02     92.342 0.0000e+00
        638 209.640975    0.04424     2.6542    159.250  1024.8670  49899.929    31.6749     91.737    6.52899     9.4408     9.4514    24.4467   11.79201 5.8476e-02     92.624 0.0000e+00
        639 209.640978    0.04431     2.6583    159.500  1024.8684  49900.353    31.6750     92.015    6.52904     9.4405     9.4510    24.4468   11.79210 5.8456e-02     92.905 0.0000e+00
        640 209.640981    0.04437     2.6625    159.750  1024.8699  49900.852    31.6752     92.291    6.52909     9.4404     9.4507    24.4470   11.79217 5.8432e-02     93.183 0.0000e+00
        641 209.640984    0.04444     2.6667    160.000  1024.8713  49901.377    31.6755     92.566    6.52912     9.4404     9.4504    24.4473   11.79221 5.8402e-02     93.460 0.0000e+00
        642 209.640987    0.04451     2.6708    160.250  1024.8728  49901.875    31.6757     92.845    6.52913     9.4405     9.4503    24.4475   11.79223 5.8369e-02     93.742 0.0000e+00
        643 209.640990    0.04458     2.6750    160.500  1024.8743  49902.302    31.6758     93.128    6.52911     9.4407     9.4504    24.4476   11.79220 5.8346e-02     94.027 0.0000e+00
        644 209.640992    0.04465     2.6792    160.750  1024.8757  49902.665    31.6760     93.414    6.52908     9.4410     9.4505    24.4477   11.79215 5.8341e-02     94.317 0.0000e+00
        645 209.640995    0.04472     2.6833    161.000  1024.8770  49902.896    31.6761     93.705    6.52904     9.4412     9.4508    24.4477   11.79209 5.8341e-02     94.611 0.0000e+00
        646 209.640998    0.04479     2.6875    161.250  1024.8782  49902.888    31.6760     94.000    6.52900     9.4413     9.4511    24.4476   11.79202 5.8331e-02     94.909 0.0000e+00
        647 209.641001    0.04486     2.6917    161.500  1024.8793  49902.635    31.6757     94.296    6.52897     9.4412     9.4513    24.4474   11.79198 5.8312e-02     95.208 0.0000e+00
        648 209.641004    0.04493     2.6958    161.750  1024.8804  49902.265    31.6753     94.594    6.52897     9.4409     9.4515    24.4470   11.79198 5.8286e-02     95.509 0.0000e+00
        649 209.641007    0.04500     2.7000    162.000  1024.8816  49902.080    31.6751     94.892    6.52900     9.4405     9.4514    24.4468   11.79203 5.8258e-02     95.810 0.0000e+00
        650 209.641010    0.04507     2.7042    162.250  1024.8829  49902.262    31.6750     95.190    6.52904     9.4402     9.4511    24.4469   11.79210 5.8227e-02     96.111 0.0000e+00
        651 209.641013    0.04514     2.7083    162.500  1024.8844  49902.667    31.6751     95.486    6.52908     9.4400     9.4508    24.4470   11.79217 5.8193e-02     96.410 0.0000e+00
        652 209.641016    0.04521     2.7125    162.750  1024.8860  49903.133    31.6753     95.780    6.52911     9.4399     9.4505    24.4472   11.79221 5.8165e-02     96.707 0.0000e+00
        653 209.641019    0.04528     2.7167    163.000  1024.8875  49903.582    31.6755     96.071    6.52913     9.4399     9.4504    24.4474   11.79224 5.8143e-02     97.000 0.0000e+00
        654 209.641021    0.04535     2.7208    163.250  1024.8889  49903.940    31.6756     96.360    6.52913     9.4400     9.4503    24.4475   11.79224 5.8123e-02     97.293 0.0000e+00
        655 209.641024    0.04542     2.7250    163.500  1024.8903  49904.177    31.6756     96.650    6.52913     9.4400     9.4503    24.4475   11.79223 5.8106e-02     97.585 0.0000e+00
        656 209.641027    0.04549     2.7292    163.750  1024.8916  49904.305    31.6756     96.939    6.52912     9.4401     9.4504    24.4475   11.79221 5.8092e-02     97.877 0.0000e+00
        657 209.641030    0.04556     2.7333    164.000  1024.8929  49904.388    31.6756     97.230    6.52910     9.4401     9.4505    24.4474   11.79219 5.8083e-02     98.171 0.0000e+00
        658 209.641033    0.04562     2.7375    164.250  1024.8942  49904.519    31.6755     97.524    6.52909     9.4402     9.4506    24.4474   11.79217 5.8073e-02     98.468 0.0000e+00
        659 209.641036    0.04569     2.7417    164.500  1024.8955  49904.704    31.6755     97.822    6.52908     9.4402     9.4507    24.4474   11.79215 5.8054e-02     98.769 0.0000e+00
        660 209.641039    0.04576     2.7458    164.750  1024.8969  49904.900    31.6756     98.124    6.52906     9.4402     9.4507    24.4474   11.79213 5.8030e-02     99.074 0.0000e+00
        661 209.641042    0.04583     2.7500    165.000  1024.8983  49905.109    31.6756     98.430    6.52905     9.4402     9.4508    24.4474   11.79211 5.8010e-02     99.383 0.0000e+00
        662 209.641045    0.04590     2.7542    165.250  1024.8997  49905.346    31.6756     98.739    6.52905     9.4401     9.4508    24.4474   11.79211 5.7986e-02     99.694 0.0000e+00
        663 209.641047    0.04597     2.7583    165.500  1024.9012  49905.600    31.6756     99.049    6.52905     9.4400     9.4508    24.4475   11.79211 5.7957e-02    100.007 0.0000e+00
        664 209.641050    0.04604     2.7625    165.750  1024.9027  49905.863    31.6757     99.361    6.52906     9.4399     9.4508    24.4475   11.79212 5.7930e-02    100.323 0.0000e+00
        665 209.641053    0.04611     2.7667    166.000  1024.9042  49906.148    31.6757     99.676    6.52907     9.4398     9.4507    24.4476   11.79213 5.7912e-02    100.641 0.0000e+00
        666 209.641056    0.04618     2.7708    166.250  1024.9057  49906.424    31.6758     99.995    6.52907     9.4397     9.4507    24.4476   11.79213 5.7896e-02    100.963 0.0000e+00
        667 209.641059    0.04625     2.7750    166.500  1024.9072  49906.657    31.6758    100.316    6.52907     9.4397     9.4506    24.4477   11.79214 5.7878e-02    101.288 0.0000e+00
        668 209.641062    0.04632     2.7792    166.750  1024.9087  49906.923    31.6759    100.640    6.52908     9.4396     9.4506    24.4477   11.79214 5.7859e-02    101.614 0.0000e+00
        669 209.641065    0.04639     2.7833    167.000  1024.9103  49907.273    31.6760    100.963    6.52908     9.4396     9.4505    24.4478   11.79214 5.7839e-02    101.941 0.0000e+00
        670 209.641068    0.04646     2.7875    167.250  1024.9119  49907.624    31.6761    101.283    6.52907     9.4396     9.4505    24.4479   11.79214 5.7823e-02    102.264 0.0000e+00
        671 209.641071    0.04653     2.7917    167.500  1024.9134  49907.888    31.6761    101.598    6.52907     9.4397     9.4506    24.4479   11.79213 5.7819e-02    102.582 0.0000e+00
        672 209.641073    0.04660     2.7958    167.750  1024.9148  49908.096    31.6762    101.905    6.52906     9.4397     9.4506    24.4479   11.79212 5.7819e-02    102.892 0.0000e+00
        673 209.641076    0.04667     2.8000    168.000  1024.9161  49908.278    31.6762    102.197    6.52906     9.4398     9.4506    24.4479   11.79211 5.7815e-02    103.187 0.0000e+00
        674 209.641079    0.04674     2.8042    168.250  1024.9173  49908.383    31.6761    102.470    6.52905     9.4398     9.4507    24.4479   11.79210 5.7812e-02    103.462 0.0000e+00
        675 209.641082    0.04681     2.8083    168.500  1024.9184  49908.418    31.6760    102.717    6.52904     9.4397     9.4508    24.4479   11.79209 5.7811e-02    103.712 0.0000e+00
        676 209.641085    0.04688     2.8125    168.750  1024.9193  49908.449    31.6760    102.934    6.52903     9.4397     9.4509    24.4478   11.79208 5.7811e-02    103.931 0.0000e+00
        677 209.641088    0.04694     2.8167    169.000  1024.9201  49908.515    31.6759    103.116    6.52903     9.4396     9.4509    24.4478   11.79208 5.7813e-02    104.115 0.0000e+00
        678 209.641091    0.04701     2.8208    169.250  1024.9208  49908.627    31.6759    103.262    6.52904     9.4395     9.4508    24.4478   11.79209 5.7814e-02    104.263 0.0000e+00
        679 209.641094    0.04708     2.8250    169.500  1024.9214  49908.790    31.6760    103.371    6.52904     9.4395     9.4508    24.4479   11.79210 5.7812e-02    104.372 0.0000e+00
        680 209.641097    0.04715     2.8292    169.750  1024.9218  49908.972    31.6761    103.437    6.52905 -9.990e-29     9.4507    24.4480   11.79211 5.7810e-02    104.439 0.0000e+00
        681 209.641100    0.04722     2.8333    170.000  1024.9219  49909.058    31.6761    103.460    6.52905 -9.990e-29     9.4507    24.4480   11.79211 5.7809e-02    104.462 0.0000e+00
