CTD-processing/allCTD/CNV--homogene/2016_06-16_alongbay_skb04_cast272.cnv
* Sea-Bird SBE19plus Data File:
* FileName = C:\Users\Kris.Holderied\Documents\kasitsna\Research-KBL\Oceanography-AK\CTD-Data-ALL-to-2016-05\2016-CTD-KachemakBay-CookInlet\2016-06-16-KachemakBay-AlongBay-partial\2016-06-16-KachemakBay-AlongBay-cast272.hex
* Software Version 1.59
* Temperature SN =  5028
* Conductivity SN =  5028
* System UpLoad Time = Jul 26 2016 19:53:40
** Cook Inlet Kachemak Bay Along-bay line- partial
** Date (YYYY-MM-DD): 2016-06-16
** Station (eg. 9-01):  KB04
** Start time (AKDT): 14:55
** Depth (m): 150.9
** Comment:  R/V Edgecumbe.  Additional stations after monthly Transect 9 survey.
** Comment:
# nquan = 17
# nvalues = 973                         
# units = specified
# name 0 = scan: Scan Count
# name 1 = timeJ: Julian Days
# name 2 = timeH: Time, Elapsed [hours]
# name 3 = timeM: Time, Elapsed [minutes]
# name 4 = timeS: Time, Elapsed [seconds]
# name 5 = density00: Density [density, kg/m^3]
# name 6 = specc: Specific Conductance [uS/cm]
# name 7 = sal00: Salinity, Practical [PSU]
# name 8 = depSM: Depth [salt water, m], lat = 59.00
# name 9 = oxsolML/L: Oxygen Saturation, Garcia & Gordon [ml/l]
# name 10 = potemp090C: Potential Temperature [ITS-90, deg C]
# name 11 = tv290C: Temperature [ITS-90, deg C]
# name 12 = sigma-é00: Density [sigma-theta, kg/m^3]
# name 13 = n2satML/L: Nitrogen Saturation [ml/l]
# name 14 = par: PAR/Irradiance, Biospherical/Licor
# name 15 = prdM: Pressure, Strain Gauge [db]
# name 16 = flag:  0.000e+00
# span 0 =          1,        973       
# span 1 = 168.620903, 168.623715       
# span 2 =    0.00000,    0.06750       
# span 3 =     0.0000,     4.0500       
# span 4 =      0.000,    243.000       
# span 5 =  1000.9736,  1025.1187       
# span 6 =   3598.533,  49864.639       
# span 7 =     1.9358,    31.4218       
# span 8 =     -0.049,    141.912       
# span 9 =    6.15884,    7.40643       
# span 10 =     7.7578,    12.3217      
# span 11 =     7.7707,    12.3219      
# span 12 =     0.9738,    24.4648      
# span 13 =   11.18495,   13.64788      
# span 14 = 6.2217e-02, 1.8335e+03      
# span 15 =     -0.050,    143.301      
# span 16 = 0.0000e+00, 0.0000e+00      
# interval = seconds: 0.25
# start_time = Jun 16 2016 14:54:06 [Instrument's time stamp, header]
# bad_flag = -9.990e-29
*END*
          1 168.620903    0.00000     0.0000      0.000  1000.9736   3598.533     1.9358     -0.049    7.40643    12.2696    12.2691     0.9738   13.64788 1.8335e+03     -0.050 0.0000e+00
          2 168.620906    0.00007     0.0042      0.250  1001.2085   4080.643     2.2399     -0.047    7.39316    12.2696    12.2693     1.2087   13.62160 1.8067e+03     -0.047 0.0000e+00
          3 168.620909    0.00014     0.0083      0.500  1001.6049   4895.254     2.7528     -0.043    7.37078    12.2693    12.2695     1.6051   13.57728 1.7596e+03     -0.043 0.0000e+00
          4 168.620911    0.00021     0.0125      0.750  1002.2726   6269.948     3.6169     -0.037    7.33311    12.2687    12.2696     2.2728   13.50265 1.6730e+03     -0.037 0.0000e+00
          5 168.620914    0.00028     0.0167      1.000  1003.4029   8602.442     5.0792     -0.026    7.26934    12.2677    12.2693     3.4031   13.37629 1.5580e+03     -0.026 0.0000e+00
          6 168.620917    0.00035     0.0208      1.250  1005.3190  12566.775     7.5580     -0.008    7.16116    12.2661    12.2687     5.3191   13.16189 1.4293e+03     -0.008 0.0000e+00
          7 168.620920    0.00042     0.0250      1.500  1008.1271  18334.470    11.1908      0.018    7.00347    12.2641    12.2677     8.1270   12.84952 1.2928e+03      0.019 0.0000e+00
          8 168.620923    0.00049     0.0292      1.750  1011.6195  25364.138    15.7101      0.054    6.81012    12.2620    12.2661    11.6193   12.46709 1.1466e+03      0.054 0.0000e+00
          9 168.620926    0.00056     0.0333      2.000  1015.1801  32408.565    20.3183      0.091    6.61544    12.2600    12.2641    15.1797   12.08255 9.7304e+02      0.092 0.0000e+00
         10 168.620929    0.00063     0.0375      2.250  1017.9517  37846.895    23.9049      0.124    6.46500    12.2581    12.2620    17.9511   11.78560 8.5639e+02      0.126 0.0000e+00
         11 168.620932    0.00069     0.0417      2.500  1019.8301  41504.343    26.3349      0.153    6.36392    12.2561    12.2600    19.8294   11.58621 8.2609e+02      0.155 0.0000e+00
         12 168.620935    0.00076     0.0458      2.750  1021.1378  44028.743    28.0260      0.182    6.29425    12.2538    12.2581    21.1369   11.44887 8.1299e+02      0.184 0.0000e+00
         13 168.620938    0.00083     0.0500      3.000  1022.0277  45734.631    29.1761      0.217    6.24727    12.2505    12.2562    22.0267   11.35631 8.2067e+02      0.219 0.0000e+00
         14 168.620940    0.00090     0.0542      3.250  1022.6144  46853.697    29.9339      0.268    6.21661    12.2460    12.2538    22.6132   11.29587 8.8201e+02      0.270 0.0000e+00
         15 168.620943    0.00097     0.0583      3.500  1022.9768  47543.242    30.4013      0.337    6.19795    12.2407    12.2505    22.9752   11.25905 9.5902e+02      0.340 0.0000e+00
         16 168.620946    0.00104     0.0625      3.750  1023.1949  47957.297    30.6817      0.424    6.18709    12.2350    12.2461    23.1929   11.23749 9.6342e+02      0.428 0.0000e+00
         17 168.620949    0.00111     0.0667      4.000  1023.3237  48201.082    30.8463      0.522    6.18106    12.2298    12.2407    23.3213   11.22541 9.2291e+02      0.527 0.0000e+00
         18 168.620952    0.00118     0.0708      4.250  1023.3957  48337.076    30.9376      0.623    6.17804    12.2256    12.2351    23.3929   11.21925 9.2054e+02      0.628 0.0000e+00
         19 168.620955    0.00125     0.0750      4.500  1023.4295  48400.915    30.9795      0.715    6.17697    12.2227    12.2299    23.4263   11.21692 9.6491e+02      0.722 0.0000e+00
         20 168.620958    0.00132     0.0792      4.750  1023.4318  48406.212    30.9811      0.789    6.17738    12.2210    12.2257    23.4282   11.21755 1.0109e+03      0.796 0.0000e+00
         21 168.620961    0.00139     0.0833      5.000  1023.4065  48360.831    30.9475      0.841    6.17902    12.2199    12.2228    23.4027   11.22064 1.0381e+03      0.849 0.0000e+00
         22 168.620964    0.00146     0.0875      5.250  1023.3879  48327.352    30.9229      0.877    6.18018    12.2189    12.2211    23.3839   11.22283 1.0721e+03      0.886 0.0000e+00
         23 168.620966    0.00153     0.0917      5.500  1023.4092  48366.216    30.9500      0.901    6.17925    12.2179    12.2200    23.4051   11.22096 1.0647e+03      0.910 0.0000e+00
         24 168.620969    0.00160     0.0958      5.750  1023.4468  48434.484    30.9982      0.912    6.17749    12.2167    12.2190    23.4426   11.21748 9.7515e+02      0.921 0.0000e+00
         25 168.620972    0.00167     0.1000      6.000  1023.4748  48485.440    31.0342      0.908    6.17622    12.2154    12.2180    23.4707   11.21495 8.6964e+02      0.917 0.0000e+00
         26 168.620975    0.00174     0.1042      6.250  1023.4961  48524.069    31.0615      0.889    6.17531    12.2137    12.2168    23.4920   11.21312 8.0696e+02      0.898 0.0000e+00
         27 168.620978    0.00181     0.1083      6.500  1023.5143  48557.195    31.0848      0.861    6.17457    12.2115    12.2155    23.5104   11.21164 7.8690e+02      0.869 0.0000e+00
         28 168.620981    0.00187     0.1125      6.750  1023.5289  48583.608    31.1034      0.831    6.17407    12.2090    12.2138    23.5251   11.21059 7.8897e+02      0.839 0.0000e+00
         29 168.620984    0.00194     0.1167      7.000  1023.5385  48600.814    31.1154      0.810    6.17388    12.2062    12.2116    23.5348   11.21014 8.1043e+02      0.817 0.0000e+00
         30 168.620987    0.00201     0.1208      7.250  1023.5447  48611.658    31.1229      0.802    6.17392    12.2032    12.2091    23.5411   11.21011 8.1068e+02      0.810 0.0000e+00
         31 168.620990    0.00208     0.1250      7.500  1023.5502  48621.077    31.1293      0.806    6.17403    12.1998    12.2063    23.5466   11.21023 7.5032e+02      0.813 0.0000e+00
         32 168.620992    0.00215     0.1292      7.750  1023.5556  48630.227    31.1355      0.811    6.17419    12.1952    12.2033    23.5519   11.21041 6.9412e+02      0.818 0.0000e+00
         33 168.620995    0.00222     0.1333      8.000  1023.5586  48634.937    31.1385      0.809    6.17451    12.1870    12.1999    23.5549   11.21091 6.8495e+02      0.816 0.0000e+00
         34 168.620998    0.00229     0.1375      8.250  1023.5573  48631.759    31.1358      0.797    6.17522    12.1723    12.1953    23.5537   11.21212 7.0657e+02      0.804 0.0000e+00
         35 168.621001    0.00236     0.1417      8.500  1023.5538  48624.068    31.1295      0.782    6.17653    12.1496    12.1871    23.5503   11.21435 7.4267e+02      0.788 0.0000e+00
         36 168.621004    0.00243     0.1458      8.750  1023.5527  48619.133    31.1245      0.774    6.17863    12.1216    12.1724    23.5492   11.21790 7.8684e+02      0.781 0.0000e+00
         37 168.621007    0.00250     0.1500      9.000  1023.5573  48622.948    31.1250      0.782    6.18157    12.0936    12.1497    23.5537   11.22278 8.2280e+02      0.789 0.0000e+00
         38 168.621010    0.00257     0.1542      9.250  1023.5697  48639.726    31.1342      0.807    6.18487    12.0702    12.1217    23.5660   11.22814 8.1176e+02      0.815 0.0000e+00
         39 168.621013    0.00264     0.1583      9.500  1023.5894  48669.691    31.1527      0.843    6.18779    12.0540    12.0937    23.5855   11.23278 7.8634e+02      0.851 0.0000e+00
         40 168.621016    0.00271     0.1625      9.750  1023.6120  48705.894    31.1761      0.877    6.18993    12.0456    12.0703    23.6080   11.23606 7.8227e+02      0.885 0.0000e+00
         41 168.621019    0.00278     0.1667     10.000  1023.6293  48734.012    31.1945      0.899    6.19133    12.0418    12.0541    23.6252   11.23816 7.7759e+02      0.907 0.0000e+00
         42 168.621021    0.00285     0.1708     10.250  1023.6341  48741.033    31.1986      0.904    6.19227    12.0350    12.0457    23.6300   11.23968 7.7657e+02      0.912 0.0000e+00
         43 168.621024    0.00292     0.1750     10.500  1023.6267  48726.904    31.1882      0.896    6.19317    12.0167    12.0419    23.6226   11.24129 7.8902e+02      0.905 0.0000e+00
         44 168.621027    0.00299     0.1792     10.750  1023.6146  48703.792    31.1710      0.890    6.19473    11.9848    12.0351    23.6106   11.24407 7.9057e+02      0.898 0.0000e+00
         45 168.621030    0.00306     0.1833     11.000  1023.6076  48687.529    31.1576      0.894    6.19765    11.9460    12.0168    23.6036   11.24907 7.5396e+02      0.902 0.0000e+00
         46 168.621033    0.00313     0.1875     11.250  1023.6147  48694.219    31.1592      0.910    6.20177    11.9114    11.9849    23.6106   11.25589 6.9891e+02      0.918 0.0000e+00
         47 168.621036    0.00319     0.1917     11.500  1023.6396  48731.805    31.1820      0.934    6.20596    11.8889    11.9462    23.6354   11.26257 6.5521e+02      0.942 0.0000e+00
         48 168.621039    0.00326     0.1958     11.750  1023.6729  48785.589    31.2167      0.955    6.20914    11.8804    11.9115    23.6686   11.26745 6.3902e+02      0.964 0.0000e+00
         49 168.621042    0.00333     0.2000     12.000  1023.6970  48824.927    31.2424      0.968    6.21109    11.8810    11.8890    23.6927   11.27039 6.6543e+02      0.977 0.0000e+00
         50 168.621045    0.00340     0.2042     12.250  1023.7009  48830.296    31.2453      0.971    6.21209    11.8818    11.8805    23.6965   11.27201 7.2505e+02      0.980 0.0000e+00
         51 168.621047    0.00347     0.2083     12.500  1023.6876  48806.256    31.2283      0.969    6.21267    11.8754    11.8811    23.6832   11.27317 7.6103e+02      0.978 0.0000e+00
         52 168.621050    0.00354     0.2125     12.750  1023.6683  48771.456    31.2036      0.967    6.21354    11.8603    11.8819    23.6639   11.27489 7.2537e+02      0.976 0.0000e+00
         53 168.621053    0.00361     0.2167     13.000  1023.6531  48742.676    31.1825      0.973    6.21520    11.8411    11.8755    23.6487   11.27790 6.5694e+02      0.983 0.0000e+00
         54 168.621056    0.00368     0.2208     13.250  1023.6483  48730.906    31.1726      0.989    6.21757    11.8242    11.8605    23.6438   11.28195 6.0335e+02      0.998 0.0000e+00
         55 168.621059    0.00375     0.2250     13.500  1023.6568  48742.584    31.1790      1.010    6.21986    11.8143    11.8413    23.6522   11.28567 5.6836e+02      1.020 0.0000e+00
         56 168.621062    0.00382     0.2292     13.750  1023.6768  48775.707    31.2008      1.031    6.22123    11.8137    11.8244    23.6722   11.28768 5.4998e+02      1.041 0.0000e+00
         57 168.621065    0.00389     0.2333     14.000  1023.7001  48815.947    31.2284      1.044    6.22145    11.8222    11.8145    23.6954   11.28773 5.4507e+02      1.055 0.0000e+00
         58 168.621068    0.00396     0.2375     14.250  1023.7132  48839.533    31.2451      1.045    6.22087    11.8353    11.8139    23.7085   11.28658 5.4698e+02      1.056 0.0000e+00
         59 168.621071    0.00403     0.2417     14.500  1023.7083  48832.221    31.2407      1.037    6.21992    11.8454    11.8224    23.7036   11.28505 5.5189e+02      1.048 0.0000e+00
         60 168.621073    0.00410     0.2458     14.750  1023.6913  48803.872    31.2219      1.029    6.21894    11.8480    11.8354    23.6866   11.28364 5.6420e+02      1.039 0.0000e+00
         61 168.621076    0.00417     0.2500     15.000  1023.6743  48774.984    31.2024      1.027    6.21838    11.8447    11.8455    23.6696   11.28293 5.8786e+02      1.037 0.0000e+00
         62 168.621079    0.00424     0.2542     15.250  1023.6651  48758.663    31.1911      1.036    6.21847    11.8399    11.8482    23.6604   11.28322 6.1399e+02      1.046 0.0000e+00
         63 168.621082    0.00431     0.2583     15.500  1023.6665  48760.470    31.1920      1.050    6.21888    11.8379    11.8448    23.6617   11.28389 6.3184e+02      1.060 0.0000e+00
         64 168.621085    0.00438     0.2625     15.750  1023.6760  48776.751    31.2031      1.062    6.21907    11.8410    11.8400    23.6711   11.28408 6.4952e+02      1.072 0.0000e+00
         65 168.621088    0.00444     0.2667     16.000  1023.6851  48792.845    31.2143      1.064    6.21889    11.8483    11.8380    23.6802   11.28364 6.8173e+02      1.074 0.0000e+00
         66 168.621091    0.00451     0.2708     16.250  1023.6861  48795.348    31.2164      1.054    6.21841    11.8563    11.8411    23.6813   11.28282 7.2183e+02      1.063 0.0000e+00
         67 168.621094    0.00458     0.2750     16.500  1023.6779  48782.090    31.2078      1.034    6.21779    11.8617    11.8484    23.6732   11.28189 7.6038e+02      1.044 0.0000e+00
         68 168.621097    0.00465     0.2792     16.750  1023.6658  48761.686    31.1941      1.013    6.21726    11.8632    11.8564    23.6612   11.28118 7.9038e+02      1.022 0.0000e+00
         69 168.621100    0.00472     0.2833     17.000  1023.6556  48744.334    31.1823      0.998    6.21701    11.8617    11.8619    23.6511   11.28089 8.1406e+02      1.008 0.0000e+00
         70 168.621102    0.00479     0.2875     17.250  1023.6495  48733.580    31.1748      0.995    6.21710    11.8593    11.8634    23.6450   11.28114 8.5686e+02      1.005 0.0000e+00
         71 168.621105    0.00486     0.2917     17.500  1023.6483  48731.066    31.1729      1.006    6.21738    11.8580    11.8619    23.6437   11.28162 9.3256e+02      1.015 0.0000e+00
         72 168.621108    0.00493     0.2958     17.750  1023.6534  48739.674    31.1788      1.025    6.21747    11.8595    11.8594    23.6487   11.28170 1.0058e+03      1.034 0.0000e+00
         73 168.621111    0.00500     0.3000     18.000  1023.6631  48756.937    31.1909      1.045    6.21715    11.8647    11.8582    23.6584   11.28104 1.0428e+03      1.054 0.0000e+00
         74 168.621114    0.00507     0.3042     18.250  1023.6730  48775.024    31.2039      1.058    6.21646    11.8741    11.8596    23.6682   11.27973 1.0592e+03      1.067 0.0000e+00
         75 168.621117    0.00514     0.3083     18.500  1023.6785  48786.064    31.2123      1.057    6.21544    11.8860    11.8649    23.6737   11.27794 1.0622e+03      1.067 0.0000e+00
         76 168.621120    0.00521     0.3125     18.750  1023.6767  48784.586    31.2122      1.042    6.21422    11.8982    11.8742    23.6720   11.27592 1.0446e+03      1.052 0.0000e+00
         77 168.621123    0.00528     0.3167     19.000  1023.6682  48771.620    31.2042      1.015    6.21296    11.9082    11.8861    23.6636   11.27392 1.0287e+03      1.024 0.0000e+00
         78 168.621126    0.00535     0.3208     19.250  1023.6567  48753.180    31.1923      0.983    6.21183    11.9148    11.8983    23.6522   11.27218 1.0407e+03      0.992 0.0000e+00
         79 168.621128    0.00542     0.3250     19.500  1023.6455  48735.092    31.1805      0.956    6.21097    11.9172    11.9083    23.6412   11.27089 1.0632e+03      0.965 0.0000e+00
         80 168.621131    0.00549     0.3292     19.750  1023.6379  48722.653    31.1723      0.941    6.21043    11.9154    11.9149    23.6336   11.27009 1.0926e+03      0.950 0.0000e+00
         81 168.621134    0.00556     0.3333     20.000  1023.6356  48718.898    31.1699      0.944    6.21021    11.9109    11.9173    23.6313   11.26976 1.1570e+03      0.953 0.0000e+00
         82 168.621137    0.00562     0.3375     20.250  1023.6380  48722.860    31.1726      0.963    6.21033    11.9063    11.9155    23.6337   11.26994 1.2150e+03      0.972 0.0000e+00
         83 168.621140    0.00569     0.3417     20.500  1023.6443  48733.156    31.1794      0.989    6.21066    11.9046    11.9110    23.6398   11.27040 1.1879e+03      0.998 0.0000e+00
         84 168.621143    0.00576     0.3458     20.750  1023.6532  48748.289    31.1897      1.009    6.21086    11.9080    11.9064    23.6486   11.27062 1.0999e+03      1.018 0.0000e+00
         85 168.621146    0.00583     0.3500     21.000  1023.6614  48762.763    31.1998      1.014    6.21069    11.9170    11.9047    23.6568   11.27022 1.0280e+03      1.023 0.0000e+00
