CTD-processing/allCTD/CNV--homogene/2016_02-15_t6_s23_cast118.cnv
* Sea-Bird SBE19plus Data File:
* FileName = C:\Users\Kris.Holderied\Documents\kasitsna\Research-KBL\Oceanography-AK\CTD-Data-ALL-to-2016-02\2016-CTD-KachemakBay-CookInlet\2016-02-CookInlet-quarterly\2016-02-15-CookInlet-Tran6-Douglas\2016-02-15-CookInlet-Tran6-cast118.hex
* Software Version 1.59
* Temperature SN =  5028
* Conductivity SN =  5028
* System UpLoad Time = Feb 15 2016 19:33:46
** Cook Inlet LTM Tran6 Douglas West to East

** Date: 02-15
** Station: 6-23
** Start time (AKST): 11:47
** Depth (m): 164
** Comment:  R/V Pandalus
** Comment:
# nquan = 17
# nvalues = 957                         
# units = specified
# name 0 = scan: Scan Count
# name 1 = timeJ: Julian Days
# name 2 = timeH: Time, Elapsed [hours]
# name 3 = timeM: Time, Elapsed [minutes]
# name 4 = timeS: Time, Elapsed [seconds]
# name 5 = density00: Density [density, kg/m^3]
# name 6 = specc: Specific Conductance [uS/cm]
# name 7 = sal00: Salinity, Practical [PSU]
# name 8 = depSM: Depth [salt water, m], lat = 59.00
# name 9 = oxsolML/L: Oxygen Saturation, Garcia & Gordon [ml/l]
# name 10 = potemp090C: Potential Temperature [ITS-90, deg C]
# name 11 = tv290C: Temperature [ITS-90, deg C]
# name 12 = sigma-é00: Density [sigma-theta, kg/m^3]
# name 13 = n2satML/L: Nitrogen Saturation [ml/l]
# name 14 = par: PAR/Irradiance, Biospherical/Licor
# name 15 = prdM: Pressure, Strain Gauge [db]
# name 16 = flag:  0.000e+00
# span 0 =          1,        957       
# span 1 =  46.491528,  46.494294       
# span 2 =    0.00000,    0.06639       
# span 3 =     0.0000,     3.9833       
# span 4 =      0.000,    239.000       
# span 5 =  1000.0585,  1025.9056       
# span 6 =    263.007,  51149.016       
# span 7 =     0.1206,    32.0540       
# span 8 =     -0.153,    161.930       
# span 9 =    6.94665,    8.87448       
# span 10 =     5.2214,     6.6121      
# span 11 =     5.2214,     6.6246      
# span 12 =     0.0593,    25.1537      
# span 13 =   12.47889,   16.14978      
# span 14 = 3.7976e-02, 2.2817e+02      
# span 15 =     -0.154,    163.523      
# span 16 = 0.0000e+00, 0.0000e+00      
# interval = seconds: 0.25
# start_time = Feb 15 2016 11:47:48 [Instrument's time stamp, header]
# bad_flag = -9.990e-29
*END*
[from data line 426]
        427  46.492760    0.02958     1.7750    106.500  1025.0963  50580.798    31.6911     46.029    6.98549     6.4632     6.4665    24.8821   12.54687 5.0734e-01     46.469 0.0000e+00
        428  46.492763    0.02965     1.7792    106.750  1025.0976  50581.454    31.6915     46.233    6.98542     6.4634     6.4668    24.8824   12.54674 4.9672e-01     46.675 0.0000e+00
        429  46.492766    0.02972     1.7833    107.000  1025.0989  50582.227    31.6920     46.442    6.98535     6.4637     6.4671    24.8828   12.54662 4.8588e-01     46.886 0.0000e+00
        430  46.492769    0.02979     1.7875    107.250  1025.1003  50583.076    31.6925     46.660    6.98527     6.4640     6.4673    24.8832   12.54649 4.7477e-01     47.106 0.0000e+00
        431  46.492772    0.02986     1.7917    107.500  1025.1018  50583.955    31.6931     46.888    6.98520     6.4643     6.4676    24.8836   12.54636 4.6336e-01     47.336 0.0000e+00
        432  46.492775    0.02993     1.7958    107.750  1025.1033  50584.846    31.6937     47.124    6.98512     6.4647     6.4680    24.8840   12.54622 4.5171e-01     47.575 0.0000e+00
        433  46.492778    0.03000     1.8000    108.000  1025.1048  50585.773    31.6943     47.366    6.98504     6.4650     6.4683    24.8844   12.54608 4.4006e-01     47.818 0.0000e+00
        434  46.492781    0.03007     1.8042    108.250  1025.1064  50586.755    31.6949     47.609    6.98496     6.4653     6.4686    24.8849   12.54593 4.2860e-01     48.064 0.0000e+00
        435  46.492784    0.03014     1.8083    108.500  1025.1081  50587.859    31.6956     47.849    6.98487     6.4657     6.4690    24.8854   12.54577 4.1751e-01     48.306 0.0000e+00
        436  46.492786    0.03021     1.8125    108.750  1025.1098  50589.086    31.6964     48.082    6.98477     6.4661     6.4694    24.8860   12.54560 4.0695e-01     48.541 0.0000e+00
        437  46.492789    0.03028     1.8167    109.000  1025.1114  50590.261    31.6972     48.305    6.98467     6.4665     6.4698    24.8865   12.54543 3.9691e-01     48.767 0.0000e+00
        438  46.492792    0.03035     1.8208    109.250  1025.1129  50591.375    31.6979     48.516    6.98457     6.4670     6.4702    24.8871   12.54525 3.8747e-01     48.980 0.0000e+00
        439  46.492795    0.03042     1.8250    109.500  1025.1144  50592.617    31.6988     48.715    6.98446     6.4674     6.4706    24.8877   12.54507 3.7904e-01     49.181 0.0000e+00
        440  46.492798    0.03049     1.8292    109.750  1025.1160  50593.922    31.6997     48.903    6.98435     6.4678     6.4711    24.8883   12.54487 3.7168e-01     49.371 0.0000e+00
        441  46.492801    0.03056     1.8333    110.000  1025.1174  50595.068    31.7005     49.084    6.98424     6.4682     6.4715    24.8889   12.54467 3.6500e-01     49.553 0.0000e+00
        442  46.492804    0.03062     1.8375    110.250  1025.1187  50596.088    31.7012     49.262    6.98413     6.4687     6.4720    24.8894   12.54448 3.5853e-01     49.733 0.0000e+00
        443  46.492807    0.03069     1.8417    110.500  1025.1200  50597.124    31.7019     49.444    6.98402     6.4691     6.4724    24.8899   12.54430 3.5189e-01     49.916 0.0000e+00
        444  46.492810    0.03076     1.8458    110.750  1025.1215  50598.297    31.7027     49.634    6.98392     6.4696     6.4729    24.8905   12.54411 3.4488e-01     50.108 0.0000e+00
        445  46.492812    0.03083     1.8500    111.000  1025.1231  50599.669    31.7036     49.837    6.98380     6.4701     6.4733    24.8912   12.54390 3.3754e-01     50.313 0.0000e+00
        446  46.492815    0.03090     1.8542    111.250  1025.1249  50601.214    31.7047     50.055    6.98367     6.4706     6.4738    24.8920   12.54368 3.3000e-01     50.533 0.0000e+00
        447  46.492818    0.03097     1.8583    111.500  1025.1269  50602.954    31.7059     50.288    6.98353     6.4712     6.4743    24.8929   12.54343 3.2245e-01     50.768 0.0000e+00
        448  46.492821    0.03104     1.8625    111.750  1025.1290  50604.847    31.7072     50.534    6.98338     6.4719     6.4749    24.8938   12.54316 3.1517e-01     51.016 0.0000e+00
        449  46.492824    0.03111     1.8667    112.000  1025.1312  50606.992    31.7087     50.788    6.98321     6.4726     6.4755    24.8949   12.54286 3.0846e-01     51.273 0.0000e+00
        450  46.492827    0.03118     1.8708    112.250  1025.1337  50609.439    31.7104     51.044    6.98302     6.4734     6.4762    24.8962   12.54253 3.0194e-01     51.532 0.0000e+00
        451  46.492830    0.03125     1.8750    112.500  1025.1360  50611.729    31.7120     51.298    6.98283     6.4741     6.4769    24.8974   12.54219 2.9484e-01     51.788 0.0000e+00
        452  46.492833    0.03132     1.8792    112.750  1025.1380  50613.413    31.7132     51.545    6.98264     6.4748     6.4777    24.8982   12.54187 2.8731e-01     52.037 0.0000e+00
        453  46.492836    0.03139     1.8833    113.000  1025.1396  50614.450    31.7140     51.781    6.98249     6.4753     6.4784    24.8987   12.54160 2.8014e-01     52.276 0.0000e+00
        454  46.492839    0.03146     1.8875    113.250  1025.1409  50615.003    31.7144     52.006    6.98236     6.4756     6.4791    24.8989   12.54139 2.7379e-01     52.504 0.0000e+00
        455  46.492841    0.03153     1.8917    113.500  1025.1420  50615.196    31.7145     52.220    6.98227     6.4759     6.4796    24.8990   12.54124 2.6812e-01     52.720 0.0000e+00
        456  46.492844    0.03160     1.8958    113.750  1025.1428  50615.068    31.7144     52.426    6.98221     6.4760     6.4800    24.8988   12.54115 2.6282e-01     52.927 0.0000e+00
        457  46.492847    0.03167     1.9000    114.000  1025.1436  50614.824    31.7142     52.626    6.98218     6.4760     6.4803    24.8986   12.54110 2.5774e-01     53.129 0.0000e+00
        458  46.492850    0.03174     1.9042    114.250  1025.1444  50614.836    31.7141     52.822    6.98216     6.4761     6.4804    24.8986   12.54107 2.5282e-01     53.328 0.0000e+00
        459  46.492853    0.03181     1.9083    114.500  1025.1454  50615.202    31.7143     53.020    6.98214     6.4762     6.4805    24.8987   12.54103 2.4796e-01     53.527 0.0000e+00
        460  46.492856    0.03188     1.9125    114.750  1025.1466  50615.839    31.7146     53.222    6.98211     6.4763     6.4806    24.8990   12.54098 2.4309e-01     53.731 0.0000e+00
        461  46.492859    0.03194     1.9167    115.000  1025.1481  50616.807    31.7152     53.432    6.98207     6.4766     6.4807    24.8994   12.54090 2.3814e-01     53.943 0.0000e+00
        462  46.492862    0.03201     1.9208    115.250  1025.1497  50618.070    31.7160     53.650    6.98200     6.4769     6.4808    24.9000   12.54078 2.3299e-01     54.164 0.0000e+00
        463  46.492865    0.03208     1.9250    115.500  1025.1514  50619.409    31.7169     53.879    6.98192     6.4772     6.4811    24.9007   12.54063 2.2765e-01     54.395 0.0000e+00
        464  46.492867    0.03215     1.9292    115.750  1025.1531  50620.687    31.7177     54.119    6.98183     6.4776     6.4815    24.9013   12.54047 2.2223e-01     54.636 0.0000e+00
        465  46.492870    0.03222     1.9333    116.000  1025.1549  50621.889    31.7185     54.367    6.98173     6.4781     6.4819    24.9019   12.54029 2.1689e-01     54.887 0.0000e+00
        466  46.492873    0.03229     1.9375    116.250  1025.1566  50623.066    31.7193     54.619    6.98162     6.4785     6.4823    24.9025   12.54010 2.1170e-01     55.142 0.0000e+00
        467  46.492876    0.03236     1.9417    116.500  1025.1584  50624.368    31.7202     54.873    6.98151     6.4790     6.4827    24.9031   12.53991 2.0664e-01     55.398 0.0000e+00
        468  46.492879    0.03243     1.9458    116.750  1025.1603  50625.878    31.7212     55.122    6.98139     6.4795     6.4832    24.9038   12.53969 2.0170e-01     55.650 0.0000e+00
        469  46.492882    0.03250     1.9500    117.000  1025.1622  50627.397    31.7222     55.364    6.98126     6.4800     6.4837    24.9046   12.53947 1.9701e-01     55.894 0.0000e+00
        470  46.492885    0.03257     1.9542    117.250  1025.1639  50628.646    31.7231     55.595    6.98113     6.4805     6.4842    24.9052   12.53925 1.9264e-01     56.127 0.0000e+00
        471  46.492888    0.03264     1.9583    117.500  1025.1653  50629.603    31.7237     55.811    6.98102     6.4810     6.4847    24.9057   12.53905 1.8855e-01     56.346 0.0000e+00
        472  46.492891    0.03271     1.9625    117.750  1025.1666  50630.357    31.7242     56.013    6.98091     6.4814     6.4852    24.9060   12.53887 1.8480e-01     56.549 0.0000e+00
        473  46.492894    0.03278     1.9667    118.000  1025.1678  50630.942    31.7246     56.199    6.98081     6.4817     6.4857    24.9063   12.53871 1.8147e-01     56.737 0.0000e+00
        474  46.492896    0.03285     1.9708    118.250  1025.1688  50631.491    31.7250     56.372    6.98073     6.4820     6.4861    24.9065   12.53857 1.7851e-01     56.912 0.0000e+00
        475  46.492899    0.03292     1.9750    118.500  1025.1699  50632.188    31.7255     56.534    6.98065     6.4823     6.4865    24.9069   12.53843 1.7577e-01     57.075 0.0000e+00
        476  46.492902    0.03299     1.9792    118.750  1025.1711  50633.099    31.7261     56.689    6.98057     6.4826     6.4868    24.9073   12.53830 1.7313e-01     57.231 0.0000e+00
        477  46.492905    0.03306     1.9833    119.000  1025.1724  50634.264    31.7269     56.842    6.98049     6.4830     6.4871    24.9079   12.53815 1.7024e-01     57.386 0.0000e+00
        478  46.492908    0.03313     1.9875    119.250  1025.1739  50635.856    31.7280     57.000    6.98038     6.4835     6.4874    24.9087   12.53796 1.6661e-01     57.545 0.0000e+00
        479  46.492911    0.03319     1.9917    119.500  1025.1759  50638.134    31.7296     57.169    6.98025     6.4841     6.4878    24.9099   12.53771 1.6196e-01     57.716 0.0000e+00
        480  46.492914    0.03326     1.9958    119.750  1025.1782  50640.910    31.7315     57.354    6.98007     6.4849     6.4883    24.9114   12.53740 1.5627e-01     57.903 0.0000e+00
        481  46.492917    0.03333     2.0000    120.000  1025.1805  50643.506    31.7334     57.560    6.97988     6.4857     6.4890    24.9127   12.53705 1.5035e-01     58.110 0.0000e+00
        482  46.492920    0.03340     2.0042    120.250  1025.1828  50645.803    31.7350     57.789    6.97968     6.4865     6.4898    24.9139   12.53670 1.4541e-01     58.342 0.0000e+00
        483  46.492922    0.03347     2.0083    120.500  1025.1853  50648.405    31.7368     58.043    6.97946     6.4875     6.4906    24.9153   12.53632 1.4150e-01     58.600 0.0000e+00
        484  46.492925    0.03354     2.0125    120.750  1025.1884  50651.862    31.7393     58.321    6.97921     6.4887     6.4914    24.9171   12.53587 1.3767e-01     58.880 0.0000e+00
        485  46.492928    0.03361     2.0167    121.000  1025.1922  50656.476    31.7425     58.617    6.97890     6.4901     6.4924    24.9195   12.53532 1.3337e-01     59.179 0.0000e+00
        486  46.492931    0.03368     2.0208    121.250  1025.1968  50662.386    31.7467     58.922    6.97851     6.4920     6.4936    24.9226   12.53463 1.2881e-01     59.487 0.0000e+00
        487  46.492934    0.03375     2.0250    121.500  1025.2019  50669.255    31.7516     59.227    6.97804     6.4943     6.4951    24.9263   12.53379 1.2454e-01     59.794 0.0000e+00
        488  46.492937    0.03382     2.0292    121.750  1025.2072  50676.588    31.7569     59.521    6.97749     6.4971     6.4970    24.9303   12.53281 1.2086e-01     60.091 0.0000e+00
        489  46.492940    0.03389     2.0333    122.000  1025.2128  50684.549    31.7627     59.794    6.97684     6.5003     6.4994    24.9346   12.53166 1.1802e-01     60.367 0.0000e+00
        490  46.492943    0.03396     2.0375    122.250  1025.2186  50693.173    31.7691     60.041    6.97609     6.5038     6.5022    24.9393   12.53034 1.1661e-01     60.617 0.0000e+00
        491  46.492946    0.03403     2.0417    122.500  1025.2240  50701.178    31.7752     60.260    6.97528     6.5072     6.5054    24.9436   12.52893 1.1615e-01     60.838 0.0000e+00
        492  46.492948    0.03410     2.0458    122.750  1025.2279  50706.709    31.7796     60.451    6.97451     6.5101     6.5089    24.9467   12.52760 1.1571e-01     61.031 0.0000e+00
        493  46.492951    0.03417     2.0500    123.000  1025.2302  50709.432    31.7820     60.618    6.97385     6.5124     6.5123    24.9482   12.52648 1.1513e-01     61.200 0.0000e+00
        494  46.492954    0.03424     2.0542    123.250  1025.2316  50710.772    31.7834     60.768    6.97331     6.5142     6.5153    24.9490   12.52557 1.1441e-01     61.351 0.0000e+00
        495  46.492957    0.03431     2.0583    123.500  1025.2328  50711.865    31.7845     60.907    6.97288     6.5157     6.5176    24.9496   12.52484 1.1357e-01     61.491 0.0000e+00
        496  46.492960    0.03438     2.0625    123.750  1025.2342  50713.181    31.7857     61.044    6.97253     6.5170     6.5194    24.9503   12.52425 1.1260e-01     61.629 0.0000e+00
        497  46.492963    0.03444     2.0667    124.000  1025.2360  50715.319    31.7874     61.186    6.97221     6.5184     6.5209    24.9514   12.52370 1.1146e-01     61.773 0.0000e+00
        498  46.492966    0.03451     2.0708    124.250  1025.2384  50718.447    31.7897     61.339    6.97189     6.5198     6.5222    24.9531   12.52313 1.1014e-01     61.928 0.0000e+00
        499  46.492969    0.03458     2.0750    124.500  1025.2410  50721.919    31.7923     61.509    6.97155     6.5212     6.5236    24.9549   12.52254 1.0863e-01     62.099 0.0000e+00
        500  46.492972    0.03465     2.0792    124.750  1025.2435  50724.909    31.7946     61.699    6.97121     6.5225     6.5250    24.9565   12.52195 1.0697e-01     62.290 0.0000e+00
        501  46.492975    0.03472     2.0833    125.000  1025.2455  50726.952    31.7962     61.910    6.97090     6.5236     6.5265    24.9576   12.52142 1.0516e-01     62.503 0.0000e+00
        502  46.492977    0.03479     2.0875    125.250  1025.2472  50728.188    31.7972     62.143    6.97064     6.5246     6.5278    24.9582   12.52098 1.0318e-01     62.738 0.0000e+00
        503  46.492980    0.03486     2.0917    125.500  1025.2489  50729.219    31.7980     62.396    6.97042     6.5254     6.5289    24.9587   12.52060 1.0106e-01     62.995 0.0000e+00
        504  46.492983    0.03493     2.0958    125.750  1025.2508  50730.566    31.7989     62.668    6.97022     6.5261     6.5299    24.9594   12.52026 9.8840e-02     63.269 0.0000e+00
        505  46.492986    0.03500     2.1000    126.000  1025.2530  50732.300    31.8002     62.953    6.97003     6.5269     6.5307    24.9602   12.51993 9.6580e-02     63.557 0.0000e+00
        506  46.492989    0.03507     2.1042    126.250  1025.2553  50734.112    31.8014     63.246    6.96984     6.5276     6.5315    24.9611   12.51961 9.4337e-02     63.853 0.0000e+00
        507  46.492992    0.03514     2.1083    126.500  1025.2574  50735.704    31.8026     63.539    6.96966     6.5283     6.5323    24.9619   12.51930 9.2188e-02     64.149 0.0000e+00
        508  46.492995    0.03521     2.1125    126.750  1025.2594  50737.145    31.8036     63.827    6.96949     6.5290     6.5330    24.9626   12.51901 9.0228e-02     64.440 0.0000e+00
        509  46.492998    0.03528     2.1167    127.000  1025.2614  50738.535    31.8046     64.104    6.96933     6.5297     6.5338    24.9633   12.51872 8.8433e-02     64.720 0.0000e+00
        510  46.493001    0.03535     2.1208    127.250  1025.2632  50739.655    31.8053     64.365    6.96917     6.5302     6.5345    24.9638   12.51846 8.6771e-02     64.984 0.0000e+00
