CTD-processing/allCTD/CNV--homogene/2016_01-07_t9_s08_cast063.cnv
* Sea-Bird SBE19plus Data File:
* FileName = C:\Users\Kris.Holderied\Documents\kasitsna\Research-KBL\Oceanography-AK\CTD-Data-ALL-to-2015-10\2016-CTD-KachemakBay-CookInlet\2016-01-07-CookInlet-HomerSpit-monthly-plus\2016-01-07-CookInlet-Tran9-plus-cast063.hex
* Software Version 1.59
* Temperature SN =  5028
* Conductivity SN =  5028
* System UpLoad Time = Feb 09 2016 07:56:36
** Cook Inlet LTM Tran9 Homer Spit
** Date (YYYY-MM-DD): 2016-01-07
** Station (ie. 9-01):  9-08
** Start time (AKST): 12:29
** Depth (m): 97.2
** Comment: R/V Edgecumbe
** Comment:
# nquan = 17
# nvalues = 712                         
# units = specified
# name 0 = scan: Scan Count
# name 1 = timeJ: Julian Days
# name 2 = timeH: Time, Elapsed [hours]
# name 3 = timeM: Time, Elapsed [minutes]
# name 4 = timeS: Time, Elapsed [seconds]
# name 5 = density00: Density [density, kg/m^3]
# name 6 = specc: Specific Conductance [uS/cm]
# name 7 = sal00: Salinity, Practical [PSU]
# name 8 = depSM: Depth [salt water, m], lat = 59.00
# name 9 = oxsolML/L: Oxygen Saturation, Garcia & Gordon [ml/l]
# name 10 = potemp090C: Potential Temperature [ITS-90, deg C]
# name 11 = tv290C: Temperature [ITS-90, deg C]
# name 12 = sigma-é00: Density [sigma-theta, kg/m^3]
# name 13 = n2satML/L: Nitrogen Saturation [ml/l]
# name 14 = par: PAR/Irradiance, Biospherical/Licor
# name 15 = prdM: Pressure, Strain Gauge [db]
# name 16 = flag:  0.000e+00
# span 0 =          1,        712       
# span 1 =   7.520613,   7.522671       
# span 2 =    0.00000,    0.04938       
# span 3 =     0.0000,     2.9625       
# span 4 =      0.000,    177.750       
# span 5 =  1005.2052,  1025.0495       
# span 6 =  11155.106,  50131.797       
# span 7 =     6.5849,    31.3873       
# span 8 =     -0.034,     91.638       
# span 9 =    6.97395,    8.66067       
# span 10 =     3.9848,     6.6161      
# span 11 =     3.9848,     6.6239      
# span 12 =     5.2054,    24.6235      
# span 13 =   12.53162,   15.69591      
# span 14 = 3.7976e-02, 6.8707e+01      
# span 15 =     -0.034,     92.523      
# span 16 = 0.0000e+00, 0.0000e+00      
# interval = seconds: 0.25
# start_time = Jan 07 2016 12:29:41 [Instrument's time stamp, header]
# bad_flag = -9.990e-29
*END*
[from data line 681]
        682   7.522584    0.04729     2.8375    170.250  1025.0477  50131.270    31.3869     91.254    6.97416     6.6150     6.6225    24.6233   12.53197 3.7976e-02     92.136 0.0000e+00
        683   7.522587    0.04736     2.8417    170.500  1025.0477  50131.382    31.3870     91.235    6.97414     6.6152     6.6226    24.6234   12.53192 3.7976e-02     92.117 0.0000e+00
        684   7.522590    0.04743     2.8458    170.750  1025.0476  50131.309    31.3870     91.224    6.97411     6.6153     6.6228    24.6233   12.53188 3.7976e-02     92.105 0.0000e+00
        685   7.522593    0.04750     2.8500    171.000  1025.0474  50131.113    31.3869     91.215    6.97409     6.6154     6.6230    24.6232   12.53184 3.7976e-02     92.097 0.0000e+00
        686   7.522595    0.04757     2.8542    171.250  1025.0473  50130.874    31.3868     91.204    6.97407     6.6154     6.6231    24.6231   12.53182 3.7976e-02     92.086 0.0000e+00
        687   7.522598    0.04764     2.8583    171.500  1025.0471  50130.645    31.3866     91.187    6.97407     6.6153     6.6231    24.6230   12.53182 3.7976e-02     92.068 0.0000e+00
        688   7.522601    0.04771     2.8625    171.750  1025.0469  50130.487    31.3865     91.165    6.97408     6.6152     6.6231    24.6229   12.53183 3.7976e-02     92.046 0.0000e+00
        689   7.522604    0.04778     2.8667    172.000  1025.0468  50130.441    31.3865     91.143    6.97409     6.6152     6.6231    24.6228   12.53185 3.7976e-02     92.024 0.0000e+00
        690   7.522607    0.04785     2.8708    172.250  1025.0468  50130.527    31.3865     91.128    6.97410     6.6152     6.6230    24.6229   12.53186 3.7976e-02     92.008 0.0000e+00
        691   7.522610    0.04792     2.8750    172.500  1025.0468  50130.704    31.3867     91.125    6.97410     6.6153     6.6230    24.6230   12.53186 3.7976e-02     92.005 0.0000e+00
        692   7.522613    0.04799     2.8792    172.750  1025.0470  50130.866    31.3868     91.135    6.97409     6.6155     6.6230    24.6231   12.53185 3.7976e-02     92.015 0.0000e+00
        693   7.522616    0.04806     2.8833    173.000  1025.0471  50130.924    31.3868     91.153    6.97407     6.6156     6.6231    24.6231   12.53182 3.7976e-02     92.033 0.0000e+00
        694   7.522619    0.04813     2.8875    173.250  1025.0471  50130.854    31.3868     91.173    6.97405     6.6156     6.6232    24.6231   12.53178 3.7976e-02     92.053 0.0000e+00
        695   7.522622    0.04819     2.8917    173.500  1025.0471  50130.709    31.3867     91.189    6.97403     6.6156     6.6234    24.6230   12.53176 3.7976e-02     92.070 0.0000e+00
        696   7.522624    0.04826     2.8958    173.750  1025.0471  50130.543    31.3865     91.201    6.97403     6.6155     6.6234    24.6229   12.53176 3.7976e-02     92.082 0.0000e+00
        697   7.522627    0.04833     2.9000    174.000  1025.0470  50130.402    31.3864     91.212    6.97404     6.6154     6.6233    24.6228   12.53178 3.7976e-02     92.093 0.0000e+00
        698   7.522630    0.04840     2.9042    174.250  1025.0471  50130.403    31.3864     91.226    6.97406     6.6153     6.6232    24.6228   12.53180 3.7976e-02     92.107 0.0000e+00
        699   7.522633    0.04847     2.9083    174.500  1025.0473  50130.640    31.3866     91.248    6.97407     6.6154     6.6231    24.6229   12.53182 3.7976e-02     92.130 0.0000e+00
        700   7.522636    0.04854     2.9125    174.750  1025.0476  50130.967    31.3868     91.279    6.97407     6.6155     6.6231    24.6231   12.53181 3.7976e-02     92.161 0.0000e+00
        701   7.522639    0.04861     2.9167    175.000  1025.0479  50131.115    31.3869     91.314    6.97405     6.6156     6.6232    24.6232   12.53178 3.7976e-02     92.197 0.0000e+00
        702   7.522642    0.04868     2.9208    175.250  1025.0480  50131.014    31.3868     91.346    6.97403     6.6156     6.6233    24.6231   12.53176 3.7976e-02     92.229 0.0000e+00
        703   7.522645    0.04875     2.9250    175.500  1025.0479  50130.771    31.3867     91.370    6.97403     6.6155     6.6234    24.6230   12.53175 3.7976e-02     92.252 0.0000e+00
        704   7.522648    0.04882     2.9292    175.750  1025.0478  50130.532    31.3865     91.383    6.97404     6.6153     6.6234    24.6228   12.53176 3.7976e-02     92.266 0.0000e+00
        705   7.522650    0.04889     2.9333    176.000  1025.0478  50130.413    31.3864     91.392    6.97406     6.6151     6.6232    24.6227   12.53181 3.7976e-02     92.275 0.0000e+00
        706   7.522653    0.04896     2.9375    176.250  1025.0479  50130.525    31.3864     91.403    6.97409     6.6150     6.6230    24.6228   12.53186 3.7976e-02     92.286 0.0000e+00
        707   7.522656    0.04903     2.9417    176.500  1025.0482  50130.931    31.3867     91.426    6.97412     6.6150     6.6228    24.6230   12.53189 3.7976e-02     92.310 0.0000e+00
        708   7.522659    0.04910     2.9458    176.750  1025.0487  50131.441    31.3870     91.464    6.97412     6.6152     6.6227    24.6233   12.53189 3.7976e-02     92.348 0.0000e+00
        709   7.522662    0.04917     2.9500    177.000  1025.0490  50131.753    31.3872     91.515    6.97410     6.6153     6.6228    24.6235   12.53185 3.7976e-02     92.400 0.0000e+00
        710   7.522665    0.04924     2.9542    177.250  1025.0493  50131.797    31.3873     91.569    6.97407     6.6154     6.6230    24.6235   12.53180 3.7976e-02     92.455 0.0000e+00
        711   7.522668    0.04931     2.9583    177.500  1025.0495  50131.724    31.3872     91.612    6.97404 -9.990e-29     6.6231    24.6234   12.53176 3.7976e-02     92.498 0.0000e+00
        712   7.522671    0.04938     2.9625    177.750  1025.0495  50131.683    31.3872     91.629    6.97403 -9.990e-29     6.6232    24.6234   12.53175 3.7976e-02     92.515 0.0000e+00
