CTD-processing/allCTD/CNV--homogene/2016_08-31_t6_s07_cast113.cnv
* Sea-Bird SBE19plus Data File:
* FileName = C:\Users\Kim.Powell\Desktop\2016_08-31_T6_5028\2016_08-31_T6_5028_cast113.hex
* Software Version 1.59
* Temperature SN =  5028
* Conductivity SN =  5028
* System UpLoad Time = Aug 31 2016 22:18:27
** CookInlet LTM Transect 7
** 2016_08-30
** Station: 6-07
** Start Time: 17:06
** Depth (m): 124.1
** Comment:
** Comment:
# nquan = 17
# nvalues = 823                         
# units = specified
# name 0 = scan: Scan Count
# name 1 = timeJ: Julian Days
# name 2 = timeH: Time, Elapsed [hours]
# name 3 = timeM: Time, Elapsed [minutes]
# name 4 = timeS: Time, Elapsed [seconds]
# name 5 = density00: Density [density, kg/m^3]
# name 6 = specc: Specific Conductance [uS/cm]
# name 7 = sal00: Salinity, Practical [PSU]
# name 8 = depSM: Depth [salt water, m], lat = 59.00
# name 9 = oxsolML/L: Oxygen Saturation, Garcia & Gordon [ml/l]
# name 10 = potemp090C: Potential Temperature [ITS-90, deg C]
# name 11 = tv290C: Temperature [ITS-90, deg C]
# name 12 = sigma-é00: Density [sigma-theta, kg/m^3]
# name 13 = n2satML/L: Nitrogen Saturation [ml/l]
# name 14 = par: PAR/Irradiance, Biospherical/Licor
# name 15 = prdM: Pressure, Strain Gauge [db]
# name 16 = flag:  0.000e+00
# span 0 =          1,        823       
# span 1 = 244.712720, 244.715098       
# span 2 =    0.00000,    0.05708       
# span 3 =     0.0000,     3.4250       
# span 4 =      0.000,    205.500       
# span 5 =   999.4741,  1025.4717       
# span 6 =    289.850,  50723.167       
# span 7 =     0.1399,    32.0653       
# span 8 =     -0.080,    116.894       
# span 9 =    6.13608,    7.34940       
# span 10 =     8.2389,    13.3329      
# span 11 =     8.2504,    13.3329      
# span 12 =    -0.5255,    24.9352      
# span 13 =   11.16658,   13.57564      
# span 14 = 6.1952e-02, 1.6288e+03      
# span 15 =     -0.080,    118.031      
# span 16 = 0.0000e+00, 0.0000e+00      
# interval = seconds: 0.25
# start_time = Aug 31 2016 17:06:19 [Instrument's time stamp, header]
# bad_flag = -9.990e-29
*END*
[from data line 511]
        512 244.714198    0.03549     2.1292    127.750  1024.4760  49546.461    31.4743     48.428    6.50579     9.6611     9.6716    24.2542   11.75601 4.4411e-01     48.891 0.0000e+00
        513 244.714201    0.03556     2.1333    128.000  1024.4780  49547.955    31.4749     48.658    6.50613     9.6583     9.6691    24.2551   11.75657 4.3540e-01     49.123 0.0000e+00
        514 244.714204    0.03562     2.1375    128.250  1024.4799  49549.387    31.4754     48.884    6.50649     9.6556     9.6664    24.2560   11.75715 4.2707e-01     49.351 0.0000e+00
        515 244.714207    0.03569     2.1417    128.500  1024.4818  49550.917    31.4761     49.106    6.50685     9.6529     9.6637    24.2569   11.75774 4.1908e-01     49.575 0.0000e+00
        516 244.714210    0.03576     2.1458    128.750  1024.4838  49552.608    31.4768     49.325    6.50721     9.6502     9.6609    24.2579   11.75834 4.1137e-01     49.796 0.0000e+00
        517 244.714213    0.03583     2.1500    129.000  1024.4858  49554.228    31.4775     49.543    6.50757     9.6475     9.6582    24.2589   11.75892 4.0389e-01     50.016 0.0000e+00
        518 244.714216    0.03590     2.1542    129.250  1024.4876  49555.536    31.4780     49.759    6.50793     9.6446     9.6556    24.2597   11.75950 3.9660e-01     50.235 0.0000e+00
        519 244.714219    0.03597     2.1583    129.500  1024.4894  49556.848    31.4785     49.976    6.50829     9.6418     9.6529    24.2605   11.76010 3.8945e-01     50.454 0.0000e+00
        520 244.714222    0.03604     2.1625    129.750  1024.4915  49558.715    31.4793     50.195    6.50866     9.6391     9.6501    24.2616   11.76070 3.8244e-01     50.674 0.0000e+00
        521 244.714225    0.03611     2.1667    130.000  1024.4940  49561.190    31.4806     50.414    6.50901     9.6365     9.6473    24.2631   11.76127 3.7558e-01     50.896 0.0000e+00
        522 244.714227    0.03618     2.1708    130.250  1024.4965  49563.914    31.4821     50.635    6.50934     9.6337     9.6446    24.2647   11.76179 3.6883e-01     51.120 0.0000e+00
        523 244.714230    0.03625     2.1750    130.500  1024.4991  49566.549    31.4835     50.857    6.50964     9.6304     9.6420    24.2662   11.76229 3.6221e-01     51.344 0.0000e+00
        524 244.714233    0.03632     2.1792    130.750  1024.5015  49569.039    31.4848     51.079    6.50998     9.6257     9.6393    24.2676   11.76282 3.5572e-01     51.568 0.0000e+00
        525 244.714236    0.03639     2.1833    131.000  1024.5041  49571.542    31.4860     51.301    6.51040     9.6187     9.6360    24.2691   11.76351 3.4934e-01     51.792 0.0000e+00
        526 244.714239    0.03646     2.1875    131.250  1024.5067  49574.196    31.4871     51.521    6.51102     9.6083     9.6313    24.2708   11.76452 3.4303e-01     52.014 0.0000e+00
        527 244.714242    0.03653     2.1917    131.500  1024.5098  49577.378    31.4884     51.743    6.51197     9.5939     9.6244    24.2728   11.76608 3.3675e-01     52.238 0.0000e+00
        528 244.714245    0.03660     2.1958    131.750  1024.5142  49582.591    31.4905     51.966    6.51337     9.5764     9.6139    24.2762   11.76838 3.3048e-01     52.463 0.0000e+00
        529 244.714248    0.03667     2.2000    132.000  1024.5212  49592.095    31.4952     52.192    6.51525     9.5580     9.5995    24.2822   11.77142 3.2424e-01     52.691 0.0000e+00
        530 244.714251    0.03674     2.2042    132.250  1024.5311  49606.515    31.5029     52.421    6.51743     9.5407     9.5821    24.2910   11.77493 3.1803e-01     52.922 0.0000e+00
        531 244.714253    0.03681     2.2083    132.500  1024.5429  49624.313    31.5129     52.652    6.51965     9.5259     9.5637    24.3017   11.77849 3.1187e-01     53.155 0.0000e+00
        532 244.714256    0.03687     2.2125    132.750  1024.5552  49643.199    31.5238     52.884    6.52168     9.5144     9.5464    24.3129   11.78173 3.0582e-01     53.390 0.0000e+00
        533 244.714259    0.03694     2.2167    133.000  1024.5665  49660.529    31.5339     53.115    6.52338     9.5060     9.5316    24.3232   11.78442 2.9990e-01     53.623 0.0000e+00
        534 244.714262    0.03701     2.2208    133.250  1024.5757  49674.291    31.5419     53.344    6.52469     9.5000     9.5201    24.3313   11.78650 2.9416e-01     53.854 0.0000e+00
        535 244.714265    0.03708     2.2250    133.500  1024.5825  49684.064    31.5476     53.567    6.52566     9.4956     9.5118    24.3370   11.78803 2.8866e-01     54.080 0.0000e+00
        536 244.714268    0.03715     2.2292    133.750  1024.5873  49690.542    31.5513     53.784    6.52637     9.4922     9.5058    24.3409   11.78916 2.8346e-01     54.298 0.0000e+00
        537 244.714271    0.03722     2.2333    134.000  1024.5908  49694.819    31.5536     53.992    6.52690     9.4896     9.5014    24.3434   11.79001 2.7859e-01     54.509 0.0000e+00
        538 244.714274    0.03729     2.2375    134.250  1024.5934  49697.763    31.5552     54.192    6.52732     9.4874     9.4980    24.3451   11.79068 2.7406e-01     54.710 0.0000e+00
        539 244.714277    0.03736     2.2417    134.500  1024.5955  49699.832    31.5562     54.385    6.52765     9.4856     9.4954    24.3463   11.79122 2.6980e-01     54.905 0.0000e+00
        540 244.714280    0.03743     2.2458    134.750  1024.5973  49701.391    31.5569     54.573    6.52792     9.4840     9.4933    24.3472   11.79167 2.6570e-01     55.096 0.0000e+00
        541 244.714282    0.03750     2.2500    135.000  1024.5990  49702.790    31.5576     54.759    6.52816     9.4828     9.4915    24.3480   11.79205 2.6169e-01     55.284 0.0000e+00
        542 244.714285    0.03757     2.2542    135.250  1024.6006  49704.091    31.5582     54.947    6.52835     9.4819     9.4900    24.3487   11.79236 2.5773e-01     55.473 0.0000e+00
        543 244.714288    0.03764     2.2583    135.500  1024.6021  49705.163    31.5587     55.138    6.52850     9.4813     9.4888    24.3493   11.79260 2.5377e-01     55.666 0.0000e+00
        544 244.714291    0.03771     2.2625    135.750  1024.6034  49705.947    31.5590     55.335    6.52861     9.4807     9.4879    24.3497   11.79278 2.4978e-01     55.865 0.0000e+00
        545 244.714294    0.03778     2.2667    136.000  1024.6046  49706.465    31.5592     55.538    6.52870     9.4802     9.4873    24.3500   11.79292 2.4578e-01     56.069 0.0000e+00
        546 244.714297    0.03785     2.2708    136.250  1024.6057  49706.801    31.5593     55.744    6.52877     9.4795     9.4867    24.3501   11.79304 2.4180e-01     56.278 0.0000e+00
        547 244.714300    0.03792     2.2750    136.500  1024.6067  49707.080    31.5594     55.955    6.52884     9.4788     9.4862    24.3503   11.79316 2.3786e-01     56.491 0.0000e+00
        548 244.714303    0.03799     2.2792    136.750  1024.6079  49707.439    31.5594     56.169    6.52893     9.4779     9.4856    24.3504   11.79330 2.3401e-01     56.707 0.0000e+00
        549 244.714306    0.03806     2.2833    137.000  1024.6091  49707.882    31.5595     56.387    6.52903     9.4767     9.4849    24.3507   11.79347 2.3024e-01     56.926 0.0000e+00
        550 244.714308    0.03812     2.2875    137.250  1024.6104  49708.452    31.5597     56.609    6.52915     9.4755     9.4839    24.3510   11.79367 2.2651e-01     57.150 0.0000e+00
        551 244.714311    0.03819     2.2917    137.500  1024.6119  49709.459    31.5602     56.836    6.52929     9.4742     9.4828    24.3515   11.79389 2.2278e-01     57.379 0.0000e+00
        552 244.714314    0.03826     2.2958    137.750  1024.6139  49711.091    31.5611     57.068    6.52944     9.4729     9.4816    24.3524   11.79412 2.1906e-01     57.615 0.0000e+00
        553 244.714317    0.03833     2.3000    138.000  1024.6161  49713.217    31.5623     57.309    6.52957     9.4718     9.4803    24.3535   11.79433 2.1535e-01     57.857 0.0000e+00
        554 244.714320    0.03840     2.3042    138.250  1024.6185  49715.479    31.5636     57.557    6.52969     9.4709     9.4791    24.3548   11.79451 2.1164e-01     58.108 0.0000e+00
        555 244.714323    0.03847     2.3083    138.500  1024.6208  49717.511    31.5648     57.811    6.52979     9.4701     9.4780    24.3559   11.79467 2.0795e-01     58.365 0.0000e+00
        556 244.714326    0.03854     2.3125    138.750  1024.6228  49719.193    31.5657     58.069    6.52988     9.4694     9.4771    24.3567   11.79481 2.0433e-01     58.625 0.0000e+00
        557 244.714329    0.03861     2.3167    139.000  1024.6248  49720.605    31.5665     58.328    6.52996     9.4687     9.4764    24.3575   11.79493 2.0078e-01     58.886 0.0000e+00
        558 244.714332    0.03868     2.3208    139.250  1024.6266  49721.834    31.5672     58.585    6.53004     9.4680     9.4757    24.3581   11.79504 1.9735e-01     59.146 0.0000e+00
        559 244.714334    0.03875     2.3250    139.500  1024.6283  49722.885    31.5677     58.838    6.53011     9.4675     9.4750    24.3586   11.79516 1.9406e-01     59.402 0.0000e+00
        560 244.714337    0.03882     2.3292    139.750  1024.6298  49723.750    31.5681     59.086    6.53018     9.4670     9.4744    24.3591   11.79526 1.9090e-01     59.652 0.0000e+00
        561 244.714340    0.03889     2.3333    140.000  1024.6312  49724.397    31.5684     59.327    6.53024     9.4665     9.4739    24.3594   11.79536 1.8786e-01     59.895 0.0000e+00
        562 244.714343    0.03896     2.3375    140.250  1024.6325  49724.767    31.5685     59.561    6.53030     9.4660     9.4734    24.3595   11.79546 1.8496e-01     60.132 0.0000e+00
        563 244.714346    0.03903     2.3417    140.500  1024.6336  49724.972    31.5685     59.788    6.53037     9.4654     9.4730    24.3596   11.79557 1.8218e-01     60.361 0.0000e+00
        564 244.714349    0.03910     2.3458    140.750  1024.6347  49725.199    31.5685     60.010    6.53044     9.4648     9.4725    24.3597   11.79569 1.7949e-01     60.585 0.0000e+00
        565 244.714352    0.03917     2.3500    141.000  1024.6358  49725.451    31.5685     60.225    6.53052     9.4641     9.4719    24.3598   11.79583 1.7688e-01     60.803 0.0000e+00
        566 244.714355    0.03924     2.3542    141.250  1024.6368  49725.679    31.5685     60.435    6.53060     9.4635     9.4713    24.3598   11.79597 1.7436e-01     61.014 0.0000e+00
        567 244.714358    0.03931     2.3583    141.500  1024.6379  49725.943    31.5685     60.637    6.53069     9.4628     9.4707    24.3599   11.79612 1.7194e-01     61.219 0.0000e+00
        568 244.714361    0.03938     2.3625    141.750  1024.6390  49726.352    31.5686     60.832    6.53078     9.4622     9.4700    24.3601   11.79626 1.6963e-01     61.415 0.0000e+00
        569 244.714363    0.03944     2.3667    142.000  1024.6401  49726.892    31.5688     61.018    6.53087     9.4617     9.4694    24.3604   11.79640 1.6743e-01     61.604 0.0000e+00
        570 244.714366    0.03951     2.3708    142.250  1024.6412  49727.418    31.5690     61.198    6.53094     9.4612     9.4688    24.3607   11.79652 1.6533e-01     61.785 0.0000e+00
        571 244.714369    0.03958     2.3750    142.500  1024.6422  49727.823    31.5692     61.371    6.53101     9.4607     9.4683    24.3609   11.79663 1.6330e-01     61.960 0.0000e+00
        572 244.714372    0.03965     2.3792    142.750  1024.6431  49728.138    31.5692     61.541    6.53107     9.4602     9.4679    24.3611   11.79673 1.6131e-01     62.132 0.0000e+00
        573 244.714375    0.03972     2.3833    143.000  1024.6440  49728.505    31.5694     61.713    6.53113     9.4596     9.4674    24.3612   11.79684 1.5931e-01     62.305 0.0000e+00
        574 244.714378    0.03979     2.3875    143.250  1024.6451  49729.003    31.5696     61.888    6.53120     9.4590     9.4668    24.3615   11.79694 1.5726e-01     62.482 0.0000e+00
        575 244.714381    0.03986     2.3917    143.500  1024.6462  49729.640    31.5699     62.071    6.53127     9.4583     9.4663    24.3618   11.79705 1.5518e-01     62.667 0.0000e+00
        576 244.714384    0.03993     2.3958    143.750  1024.6475  49730.481    31.5703     62.263    6.53134     9.4576     9.4657    24.3622   11.79716 1.5307e-01     62.860 0.0000e+00
        577 244.714387    0.04000     2.4000    144.000  1024.6490  49731.581    31.5709     62.464    6.53141     9.4570     9.4650    24.3628   11.79727 1.5094e-01     63.063 0.0000e+00
        578 244.714389    0.04007     2.4042    144.250  1024.6507  49732.878    31.5717     62.674    6.53147     9.4565     9.4644    24.3635   11.79737 1.4883e-01     63.275 0.0000e+00
        579 244.714392    0.04014     2.4083    144.500  1024.6524  49734.273    31.5725     62.890    6.53152     9.4560     9.4638    24.3642   11.79744 1.4674e-01     63.493 0.0000e+00
        580 244.714395    0.04021     2.4125    144.750  1024.6541  49735.689    31.5733     63.109    6.53156     9.4555     9.4633    24.3649   11.79749 1.4470e-01     63.715 0.0000e+00
        581 244.714398    0.04028     2.4167    145.000  1024.6559  49737.088    31.5741     63.330    6.53159     9.4548     9.4628    24.3656   11.79753 1.4274e-01     63.938 0.0000e+00
        582 244.714401    0.04035     2.4208    145.250  1024.6577  49738.563    31.5750     63.551    6.53163     9.4540     9.4623    24.3664   11.79758 1.4086e-01     64.161 0.0000e+00
        583 244.714404    0.04042     2.4250    145.500  1024.6596  49740.263    31.5760     63.773    6.53168     9.4530     9.4617    24.3673   11.79765 1.3904e-01     64.385 0.0000e+00
        584 244.714407    0.04049     2.4292    145.750  1024.6616  49742.240    31.5772     63.996    6.53175     9.4518     9.4609    24.3684   11.79775 1.3729e-01     64.611 0.0000e+00
        585 244.714410    0.04056     2.4333    146.000  1024.6638  49744.364    31.5785     64.222    6.53184     9.4506     9.4599    24.3695   11.79789 1.3561e-01     64.839 0.0000e+00
        586 244.714413    0.04063     2.4375    146.250  1024.6660  49746.376    31.5796     64.452    6.53196     9.4494     9.4587    24.3706   11.79808 1.3397e-01     65.071 0.0000e+00
        587 244.714416    0.04069     2.4417    146.500  1024.6680  49748.101    31.5806     64.687    6.53209     9.4483     9.4575    24.3715   11.79828 1.3234e-01     65.308 0.0000e+00
        588 244.714418    0.04076     2.4458    146.750  1024.6699  49749.548    31.5813     64.927    6.53222     9.4472     9.4564    24.3723   11.79848 1.3073e-01     65.551 0.0000e+00
        589 244.714421    0.04083     2.4500    147.000  1024.6717  49750.799    31.5819     65.171    6.53235     9.4459     9.4553    24.3730   11.79869 1.2915e-01     65.797 0.0000e+00
        590 244.714424    0.04090     2.4542    147.250  1024.6734  49751.906    31.5825     65.418    6.53249     9.4446     9.4542    24.3736   11.79891 1.2761e-01     66.046 0.0000e+00
        591 244.714427    0.04097     2.4583    147.500  1024.6751  49753.008    31.5830     65.665    6.53264     9.4433     9.4530    24.3742   11.79916 1.2611e-01     66.295 0.0000e+00
        592 244.714430    0.04104     2.4625    147.750  1024.6769  49754.307    31.5836     65.909    6.53280     9.4422     9.4517    24.3749   11.79941 1.2465e-01     66.542 0.0000e+00
        593 244.714433    0.04111     2.4667    148.000  1024.6788  49755.759    31.5843     66.148    6.53295     9.4413     9.4504    24.3756   11.79966 1.2327e-01     66.783 0.0000e+00
        594 244.714436    0.04118     2.4708    148.250  1024.6806  49757.093    31.5850     66.383    6.53308     9.4405     9.4493    24.3763   11.79987 1.2196e-01     67.020 0.0000e+00
        595 244.714439    0.04125     2.4750    148.500  1024.6822  49758.136    31.5855     66.612    6.53319     9.4399     9.4484    24.3769   11.80004 1.2071e-01     67.252 0.0000e+00
