CTD-processing/allCTD/CNV--homogene/2016-05-11-stevekibler-cast225.cnv
* Sea-Bird SBE19plus Data File:
* FileName = C:\Users\Kris.Holderied\Documents\kasitsna\Research-KBL\Oceanography-AK\CTD-Data-ALL-to-2016-02\2016-CTD-KachemakBay-CookInlet\2016-04-CookInlet-quarterly\2016-05-11-SteveKibler\2016-05-11-SteveKibler-cast225.hex
* Software Version 1.59
* Temperature SN =  5028
* Conductivity SN =  5028
* System UpLoad Time = May 12 2016 11:49:32
** Steve Kibler CTD profiles
** Date (YYYY-MM-DD): 2016-05-11
** Station (ie. 9-01):  to add
** Start time (AKST): to add
** Depth (m): to add
** Comment:  6 total casts
** Comment:
# nquan = 17
# nvalues = 473                         
# units = specified
# name 0 = scan: Scan Count
# name 1 = timeJ: Julian Days
# name 2 = timeH: Time, Elapsed [hours]
# name 3 = timeM: Time, Elapsed [minutes]
# name 4 = timeS: Time, Elapsed [seconds]
# name 5 = density00: Density [density, kg/m^3]
# name 6 = specc: Specific Conductance [uS/cm]
# name 7 = sal00: Salinity, Practical [PSU]
# name 8 = depSM: Depth [salt water, m], lat = 59.00
# name 9 = oxsolML/L: Oxygen Saturation, Garcia & Gordon [ml/l]
# name 10 = potemp090C: Potential Temperature [ITS-90, deg C]
# name 11 = tv290C: Temperature [ITS-90, deg C]
# name 12 = sigma-é00: Density [sigma-theta, kg/m^3]
# name 13 = n2satML/L: Nitrogen Saturation [ml/l]
# name 14 = par: PAR/Irradiance, Biospherical/Licor
# name 15 = prdM: Pressure, Strain Gauge [db]
# name 16 = flag:  0.000e+00
# span 0 =          1,        473       
# span 1 = 132.744780, 132.746146       
# span 2 =    0.00000,    0.03278       
# span 3 =     0.0000,     1.9667       
# span 4 =      0.000,    118.000       
# span 5 =  1023.9073,  1024.4087       
# span 6 =  48762.962,  49616.498       
# span 7 =    30.7027,    31.1913       
# span 8 =      0.418,      6.819       
# span 9 =    6.79057,    6.87070       
# span 10 =     7.3245,     7.9660      
# span 11 =     7.3251,     7.9677      
# span 12 =    23.9054,    24.3770      
# span 13 =   12.23617,   12.36335      
# span 14 = 4.0080e+01, 6.2858e+02      
# span 15 =      0.422,      6.884      
# span 16 = 0.0000e+00, 0.0000e+00      
# interval = seconds: 0.25
# start_time = May 11 2016 17:52:29 [Instrument's time stamp, header]
# bad_flag = -9.990e-29
*END*
[from data line 171]
        172 132.745275    0.01188     0.7125     42.750  1024.1129  49128.618    30.9216      0.859    6.81795     7.7205     7.7390    24.1089   12.27944 2.1894e+02      0.867 0.0000e+00
        173 132.745278    0.01194     0.7167     43.000  1024.1183  49138.244    30.9268      0.865    6.81926     7.7136     7.7291    24.1143   12.28156 2.2435e+02      0.874 0.0000e+00
        174 132.745281    0.01201     0.7208     43.250  1024.1237  49147.687    30.9320      0.870    6.82034     7.7081     7.7206    24.1196   12.28328 2.3318e+02      0.879 0.0000e+00
        175 132.745284    0.01208     0.7250     43.500  1024.1286  49156.569    30.9371      0.874    6.82119     7.7038     7.7137    24.1246   12.28462 2.4204e+02      0.882 0.0000e+00
        176 132.745286    0.01215     0.7292     43.750  1024.1328  49163.957    30.9414      0.875    6.82185     7.7003     7.7082    24.1287   12.28566 2.4865e+02      0.883 0.0000e+00
        177 132.745289    0.01222     0.7333     44.000  1024.1357  49169.203    30.9444      0.876    6.82239     7.6973     7.7039    24.1316   12.28652 2.4805e+02      0.884 0.0000e+00
        178 132.745292    0.01229     0.7375     44.250  1024.1376  49172.652    30.9462      0.877    6.82285     7.6948     7.7004    24.1335   12.28726 2.4321e+02      0.886 0.0000e+00
        179 132.745295    0.01236     0.7417     44.500  1024.1392  49175.463    30.9477      0.881    6.82325     7.6926     7.6974    24.1351   12.28789 2.3908e+02      0.889 0.0000e+00
        180 132.745298    0.01243     0.7458     44.750  1024.1409  49178.462    30.9494      0.885    6.82357     7.6906     7.6949    24.1367   12.28841 2.3472e+02      0.893 0.0000e+00
        181 132.745301    0.01250     0.7500     45.000  1024.1427  49181.724    30.9513      0.889    6.82383     7.6890     7.6926    24.1385   12.28882 2.3132e+02      0.897 0.0000e+00
        182 132.745304    0.01257     0.7542     45.250  1024.1445  49184.933    30.9532      0.891    6.82405     7.6875     7.6907    24.1403   12.28915 2.2804e+02      0.899 0.0000e+00
        183 132.745307    0.01264     0.7583     45.500  1024.1460  49187.657    30.9548      0.893    6.82423     7.6863     7.6890    24.1419   12.28943 2.2385e+02      0.901 0.0000e+00
        184 132.745310    0.01271     0.7625     45.750  1024.1472  49189.888    30.9561      0.895    6.82440     7.6853     7.6876    24.1431   12.28969 2.2156e+02      0.903 0.0000e+00
        185 132.745313    0.01278     0.7667     46.000  1024.1486  49192.329    30.9576      0.898    6.82453     7.6845     7.6863    24.1445   12.28988 2.2074e+02      0.906 0.0000e+00
        186 132.745315    0.01285     0.7708     46.250  1024.1505  49195.758    30.9599      0.902    6.82459     7.6840     7.6853    24.1463   12.28995 2.2109e+02      0.910 0.0000e+00
        187 132.745318    0.01292     0.7750     46.500  1024.1530  49200.298    30.9629      0.904    6.82457     7.6838     7.6846    24.1488   12.28988 2.2297e+02      0.912 0.0000e+00
        188 132.745321    0.01299     0.7792     46.750  1024.1557  49205.127    30.9662      0.904    6.82450     7.6835     7.6841    24.1515   12.28972 2.2398e+02      0.913 0.0000e+00
        189 132.745324    0.01306     0.7833     47.000  1024.1577  49208.819    30.9687      0.903    6.82443     7.6829     7.6839    24.1535   12.28957 2.2342e+02      0.911 0.0000e+00
        190 132.745327    0.01313     0.7875     47.250  1024.1585  49210.320    30.9697      0.901    6.82443     7.6821     7.6836    24.1543   12.28956 2.2355e+02      0.910 0.0000e+00
        191 132.745330    0.01319     0.7917     47.500  1024.1582  49209.718    30.9692      0.902    6.82453     7.6811     7.6830    24.1540   12.28974 2.2546e+02      0.910 0.0000e+00
        192 132.745333    0.01326     0.7958     47.750  1024.1574  49208.245    30.9681      0.904    6.82470     7.6799     7.6822    24.1532   12.29004 2.2944e+02      0.912 0.0000e+00
        193 132.745336    0.01333     0.8000     48.000  1024.1569  49207.231    30.9672      0.909    6.82490     7.6789     7.6812    24.1526   12.29039 2.3388e+02      0.917 0.0000e+00
        194 132.745339    0.01340     0.8042     48.250  1024.1569  49207.259    30.9670      0.914    6.82509     7.6781     7.6800    24.1527   12.29070 2.3368e+02      0.923 0.0000e+00
        195 132.745341    0.01347     0.8083     48.500  1024.1575  49208.250    30.9675      0.918    6.82524     7.6776     7.6790    24.1532   12.29094 2.2948e+02      0.926 0.0000e+00
        196 132.745344    0.01354     0.8125     48.750  1024.1582  49209.554    30.9683      0.919    6.82533     7.6774     7.6782    24.1539   12.29108 2.2725e+02      0.928 0.0000e+00
        197 132.745347    0.01361     0.8167     49.000  1024.1586  49210.331    30.9688      0.919    6.82538     7.6773     7.6777    24.1544   12.29116 2.2797e+02      0.928 0.0000e+00
        198 132.745350    0.01368     0.8208     49.250  1024.1586  49210.337    30.9688      0.919    6.82542     7.6771     7.6774    24.1544   12.29122 2.2886e+02      0.928 0.0000e+00
        199 132.745353    0.01375     0.8250     49.500  1024.1585  49210.033    30.9685      0.920    6.82545     7.6769     7.6773    24.1542   12.29128 2.2834e+02      0.928 0.0000e+00
        200 132.745356    0.01382     0.8292     49.750  1024.1585  49210.004    30.9685      0.920    6.82548     7.6766     7.6771    24.1542   12.29133 2.2641e+02      0.929 0.0000e+00
        201 132.745359    0.01389     0.8333     50.000  1024.1587  49210.432    30.9687      0.921    6.82550     7.6764     7.6769    24.1545   12.29136 2.2304e+02      0.930 0.0000e+00
        202 132.745362    0.01396     0.8375     50.250  1024.1591  49211.171    30.9692      0.922    6.82552     7.6761     7.6766    24.1549   12.29138 2.1991e+02      0.931 0.0000e+00
        203 132.745365    0.01403     0.8417     50.500  1024.1597  49212.172    30.9699      0.923    6.82553     7.6758     7.6764    24.1554   12.29139 2.1855e+02      0.932 0.0000e+00
        204 132.745367    0.01410     0.8458     50.750  1024.1605  49213.576    30.9708      0.925    6.82553     7.6756     7.6762    24.1562   12.29138 2.1797e+02      0.934 0.0000e+00
        205 132.745370    0.01417     0.8500     51.000  1024.1616  49215.675    30.9722      0.927    6.82551     7.6756     7.6759    24.1574   12.29132 2.1862e+02      0.936 0.0000e+00
        206 132.745373    0.01424     0.8542     51.250  1024.1633  49218.727    30.9743      0.927    6.82544     7.6756     7.6757    24.1590   12.29119 2.2096e+02      0.936 0.0000e+00
        207 132.745376    0.01431     0.8583     51.500  1024.1653  49222.342    30.9768      0.926    6.82534     7.6758     7.6756    24.1610   12.29100 2.2348e+02      0.935 0.0000e+00
        208 132.745379    0.01438     0.8625     51.750  1024.1669  49225.357    30.9789      0.923    6.82524     7.6759     7.6757    24.1627   12.29080 2.2417e+02      0.932 0.0000e+00
        209 132.745382    0.01444     0.8667     52.000  1024.1677  49226.830    30.9800      0.921    6.82517     7.6761     7.6759    24.1635   12.29067 2.2232e+02      0.929 0.0000e+00
        210 132.745385    0.01451     0.8708     52.250  1024.1675  49226.529    30.9798      0.920    6.82515     7.6762     7.6760    24.1633   12.29064 2.2201e+02      0.929 0.0000e+00
        211 132.745388    0.01458     0.8750     52.500  1024.1666  49224.755    30.9786      0.923    6.82518     7.6763     7.6762    24.1623   12.29071 2.2373e+02      0.932 0.0000e+00
        212 132.745391    0.01465     0.8792     52.750  1024.1655  49222.720    30.9772      0.930    6.82523     7.6765     7.6763    24.1612   12.29080 2.2071e+02      0.938 0.0000e+00
        213 132.745394    0.01472     0.8833     53.000  1024.1652  49222.151    30.9768      0.937    6.82523     7.6769     7.6764    24.1609   12.29080 2.1185e+02      0.945 0.0000e+00
        214 132.745396    0.01479     0.8875     53.250  1024.1662  49223.893    30.9781      0.942    6.82514     7.6773     7.6766    24.1619   12.29065 2.0099e+02      0.951 0.0000e+00
        215 132.745399    0.01486     0.8917     53.500  1024.1681  49227.284    30.9805      0.944    6.82498     7.6778     7.6769    24.1637   12.29035 1.9248e+02      0.953 0.0000e+00
        216 132.745402    0.01493     0.8958     53.750  1024.1700  49230.899    30.9831      0.942    6.82479     7.6785     7.6774    24.1656   12.29000 1.8898e+02      0.951 0.0000e+00
        217 132.745405    0.01500     0.9000     54.000  1024.1716  49233.843    30.9852      0.939    6.82461     7.6794     7.6779    24.1672   12.28968 1.8726e+02      0.948 0.0000e+00
        218 132.745408    0.01507     0.9042     54.250  1024.1727  49235.864    30.9867      0.935    6.82445     7.6806     7.6786    24.1683   12.28939 1.8554e+02      0.944 0.0000e+00
        219 132.745411    0.01514     0.9083     54.500  1024.1731  49236.713    30.9875      0.932    6.82428     7.6820     7.6795    24.1688   12.28910 1.8452e+02      0.940 0.0000e+00
        220 132.745414    0.01521     0.9125     54.750  1024.1729  49236.302    30.9874      0.930    6.82409     7.6836     7.6807    24.1686   12.28880 1.8383e+02      0.939 0.0000e+00
        221 132.745417    0.01528     0.9167     55.000  1024.1722  49235.177    30.9868      0.931    6.82389     7.6852     7.6821    24.1679   12.28847 1.8479e+02      0.940 0.0000e+00
        222 132.745420    0.01535     0.9208     55.250  1024.1717  49234.156    30.9863      0.932    6.82367     7.6869     7.6837    24.1674   12.28811 1.8673e+02      0.941 0.0000e+00
        223 132.745422    0.01542     0.9250     55.500  1024.1713  49233.472    30.9861      0.934    6.82343     7.6887     7.6853    24.1670   12.28772 1.8768e+02      0.943 0.0000e+00
        224 132.745425    0.01549     0.9292     55.750  1024.1709  49232.770    30.9859      0.935    6.82318     7.6905     7.6870    24.1666   12.28730 1.8844e+02      0.944 0.0000e+00
        225 132.745428    0.01556     0.9333     56.000  1024.1704  49231.850    30.9855      0.936    6.82291     7.6922     7.6888    24.1660   12.28686 1.8965e+02      0.945 0.0000e+00
        226 132.745431    0.01563     0.9375     56.250  1024.1699  49230.950    30.9852      0.935    6.82264     7.6939     7.6906    24.1655   12.28642 1.9080e+02      0.944 0.0000e+00
        227 132.745434    0.01569     0.9417     56.500  1024.1695  49230.306    30.9850      0.934    6.82238     7.6955     7.6923    24.1651   12.28599 1.9100e+02      0.942 0.0000e+00
        228 132.745437    0.01576     0.9458     56.750  1024.1691  49229.723    30.9849      0.930    6.82213     7.6972     7.6940    24.1648   12.28558 1.9150e+02      0.939 0.0000e+00
        229 132.745440    0.01583     0.9500     57.000  1024.1685  49228.608    30.9844      0.927    6.82189     7.6988     7.6956    24.1642   12.28519 1.9224e+02      0.935 0.0000e+00
        230 132.745443    0.01590     0.9542     57.250  1024.1673  49226.486    30.9832      0.924    6.82169     7.7001     7.6973    24.1630   12.28487 1.9038e+02      0.932 0.0000e+00
        231 132.745446    0.01597     0.9583     57.500  1024.1656  49223.439    30.9813      0.923    6.82153     7.7011     7.6989    24.1613   12.28462 1.8763e+02      0.932 0.0000e+00
        232 132.745448    0.01604     0.9625     57.750  1024.1637  49220.032    30.9792      0.925    6.82142     7.7018     7.7002    24.1594   12.28447 1.8626e+02      0.934 0.0000e+00
        233 132.745451    0.01611     0.9667     58.000  1024.1621  49216.991    30.9772      0.930    6.82135     7.7023     7.7012    24.1577   12.28438 1.8619e+02      0.938 0.0000e+00
        234 132.745454    0.01618     0.9708     58.250  1024.1609  49214.780    30.9758      0.934    6.82130     7.7029     7.7019    24.1565   12.28432 1.8712e+02      0.943 0.0000e+00
        235 132.745457    0.01625     0.9750     58.500  1024.1601  49213.378    30.9749      0.938    6.82125     7.7036     7.7024    24.1558   12.28425 1.8807e+02      0.946 0.0000e+00
        236 132.745460    0.01632     0.9792     58.750  1024.1596  49212.430    30.9743      0.938    6.82119     7.7046     7.7030    24.1553   12.28416 1.8771e+02      0.947 0.0000e+00
        237 132.745463    0.01639     0.9833     59.000  1024.1589  49211.246    30.9736      0.936    6.82112     7.7058     7.7037    24.1546   12.28405 1.8504e+02      0.944 0.0000e+00
        238 132.745466    0.01646     0.9875     59.250  1024.1574  49208.457    30.9718      0.931    6.82105     7.7069     7.7047    24.1530   12.28395 1.8234e+02      0.939 0.0000e+00
        239 132.745469    0.01653     0.9917     59.500  1024.1540  49202.316    30.9677      0.926    6.82104     7.7068     7.7059    24.1497   12.28398 1.8215e+02      0.934 0.0000e+00
        240 132.745472    0.01660     0.9958     59.750  1024.1482  49191.926    30.9607      0.923    6.82118     7.7041     7.7070    24.1440   12.28431 1.8378e+02      0.932 0.0000e+00
        241 132.745475    0.01667     1.0000     60.000  1024.1404  49177.662    30.9507      0.924    6.82164     7.6978     7.7069    24.1362   12.28519 1.8525e+02      0.932 0.0000e+00
        242 132.745477    0.01674     1.0042     60.250  1024.1325  49163.070    30.9401      0.926    6.82253     7.6887     7.7042    24.1282   12.28680 1.8561e+02      0.935 0.0000e+00
        243 132.745480    0.01681     1.0083     60.500  1024.1282  49155.120    30.9335      0.929    6.82381     7.6793     7.6979    24.1240   12.28901 1.8521e+02      0.938 0.0000e+00
        244 132.745483    0.01688     1.0125     60.750  1024.1292  49156.681    30.9332      0.931    6.82525     7.6718     7.6888    24.1249   12.29138 1.8458e+02      0.939 0.0000e+00
        245 132.745486    0.01694     1.0167     61.000  1024.1332  49163.739    30.9366      0.930    6.82655     7.6669     7.6794    24.1289   12.29350 1.8493e+02      0.939 0.0000e+00
        246 132.745489    0.01701     1.0208     61.250  1024.1376  49171.548    30.9408      0.929    6.82754     7.6647     7.6719    24.1333   12.29508 1.8660e+02      0.938 0.0000e+00
        247 132.745492    0.01708     1.0250     61.500  1024.1409  49177.492    30.9442      0.927    6.82815     7.6646     7.6670    24.1366   12.29603 1.8885e+02      0.936 0.0000e+00
        248 132.745495    0.01715     1.0292     61.750  1024.1426  49180.591    30.9460      0.925    6.82841     7.6658     7.6648    24.1383   12.29644 1.9003e+02      0.934 0.0000e+00
        249 132.745498    0.01722     1.0333     62.000  1024.1430  49181.378    30.9465      0.923    6.82841     7.6680     7.6647    24.1387   12.29643 1.8957e+02      0.932 0.0000e+00
        250 132.745501    0.01729     1.0375     62.250  1024.1425  49180.642    30.9462      0.922    6.82823     7.6710     7.6659    24.1383   12.29614 1.8985e+02      0.931 0.0000e+00
        251 132.745503    0.01736     1.0417     62.500  1024.1414  49178.670    30.9452      0.923    6.82792     7.6744     7.6681    24.1372   12.29566 1.9063e+02      0.932 0.0000e+00
        252 132.745506    0.01743     1.0458     62.750  1024.1398  49175.781    30.9437      0.925    6.82753     7.6778     7.6711    24.1356   12.29503 1.9051e+02      0.934 0.0000e+00
        253 132.745509    0.01750     1.0500     63.000  1024.1377  49172.009    30.9416      0.929    6.82709     7.6806     7.6745    24.1335   12.29433 1.9045e+02      0.937 0.0000e+00
        254 132.745512    0.01757     1.0542     63.250  1024.1353  49167.663    30.9391      0.932    6.82667     7.6824     7.6779    24.1310   12.29366 1.8991e+02      0.941 0.0000e+00
        255 132.745515    0.01764     1.0583     63.500  1024.1333  49163.912    30.9370      0.934    6.82634     7.6834     7.6807    24.1290   12.29314 1.8864e+02      0.943 0.0000e+00
