CTD-processing/allCTD/CNV--homogene/2016_07-27_alongbay_skb09_cast029.cnv
* Sea-Bird SBE19plus Data File:
* FileName = C:\Users\Kris.Holderied\Documents\kasitsna\Research-KBL\Oceanography-AK\CTD-Data-ALL-to-2016-05\2016-CTD-KachemakBay-CookInlet\2016-07-27-KachemakBay-AlongBay\2016-07-27-KachemakBay-AlongBay-cast029.hex
* Software Version 1.59
* Temperature SN =  5028
* Conductivity SN =  5028
* System UpLoad Time = Jul 27 2016 20:38:04
** Cook Inlet Kachemak Bay Along-Bay west to east (sta 1-9)
** Date (YYYY-MM-DD): 2016-07-27
** Station (eg. 9-01): KB09
** Start time (AKDT): 16:49
** Depth (m): 66.4
** Comment:  R/V Edgecumbe.  Part of all-bay survey with T4 and T9.
** Comment:
# nquan = 17
# nvalues = 613                         
# units = specified
# name 0 = scan: Scan Count
# name 1 = timeJ: Julian Days
# name 2 = timeH: Time, Elapsed [hours]
# name 3 = timeM: Time, Elapsed [minutes]
# name 4 = timeS: Time, Elapsed [seconds]
# name 5 = density00: Density [density, kg/m^3]
# name 6 = specc: Specific Conductance [uS/cm]
# name 7 = sal00: Salinity, Practical [PSU]
# name 8 = depSM: Depth [salt water, m], lat = 59.00
# name 9 = oxsolML/L: Oxygen Saturation, Garcia & Gordon [ml/l]
# name 10 = potemp090C: Potential Temperature [ITS-90, deg C]
# name 11 = tv290C: Temperature [ITS-90, deg C]
# name 12 = sigma-é00: Density [sigma-theta, kg/m^3]
# name 13 = n2satML/L: Nitrogen Saturation [ml/l]
# name 14 = par: PAR/Irradiance, Biospherical/Licor
# name 15 = prdM: Pressure, Strain Gauge [db]
# name 16 = flag:  0.000e+00
# span 0 =          1,        613       
# span 1 = 209.701389, 209.703160       
# span 2 =    0.00000,    0.04250       
# span 3 =     0.0000,     2.5500       
# span 4 =      0.000,    153.000       
# span 5 =  1000.2341,  1024.6354       
# span 6 =   1976.924,  49725.685       
# span 7 =     1.0018,    31.5874       
# span 8 =     -0.123,     61.926       
# span 9 =    6.29091,    7.42798       
# span 10 =     9.0977,    13.4312      
# span 11 =     9.1013,    13.4313      
# span 12 =     0.2347,    24.3518      
# span 13 =   11.46258,   13.69682      
# span 14 = 6.5768e-02, 6.6027e+02      
# span 15 =     -0.124,     62.520      
# span 16 = 0.0000e+00, 0.0000e+00      
# interval = seconds: 0.25
# start_time = Jul 27 2016 16:50:00 [Instrument's time stamp, header]
# bad_flag = -9.990e-29
*END*
[from data line 256]
        257 209.702130    0.01778     1.0667     64.000  1017.5512  37753.342    23.5979      0.880    6.34099    13.1789    13.1787    17.5472   11.57637 3.1844e+02      0.888 0.0000e+00
        258 209.702133    0.01785     1.0708     64.250  1017.5593  37768.689    23.6086      0.885    6.34050    13.1792    13.1792    17.5553   11.57541 3.1808e+02      0.893 0.0000e+00
        259 209.702135    0.01792     1.0750     64.500  1017.5733  37794.949    23.6267      0.888    6.33981    13.1815    13.1790    17.5693   11.57406 3.1689e+02      0.896 0.0000e+00
        260 209.702138    0.01799     1.0792     64.750  1017.5964  37838.393    23.6566      0.891    6.33859    13.1871    13.1793    17.5923   11.57167 3.1517e+02      0.900 0.0000e+00
        261 209.702141    0.01806     1.0833     65.000  1017.6337  37909.230    23.7055      0.897    6.33635    13.1963    13.1816    17.6296   11.56734 3.1385e+02      0.905 0.0000e+00
        262 209.702144    0.01812     1.0875     65.250  1017.6880  38012.794    23.7773      0.904    6.33277    13.2073    13.1872    17.6839   11.56052 3.1321e+02      0.913 0.0000e+00
        263 209.702147    0.01819     1.0917     65.500  1017.7467  38125.419    23.8554      0.911    6.32847    13.2174    13.1964    17.7425   11.55241 3.1300e+02      0.920 0.0000e+00
        264 209.702150    0.01826     1.0958     65.750  1017.7907  38210.919    23.9150      0.917    6.32465    13.2252    13.2074    17.7865   11.54534 3.1310e+02      0.926 0.0000e+00
        265 209.702153    0.01833     1.1000     66.000  1017.8170  38263.014    23.9516      0.922    6.32186    13.2306    13.2175    17.8128   11.54025 3.1334e+02      0.930 0.0000e+00
        266 209.702156    0.01840     1.1042     66.250  1017.8325  38294.096    23.9735      0.925    6.31996    13.2342    13.2253    17.8283   11.53681 3.1297e+02      0.934 0.0000e+00
        267 209.702159    0.01847     1.1083     66.500  1017.8414  38312.115    23.9862      0.930    6.31873    13.2365    13.2307    17.8371   11.53461 3.1135e+02      0.939 0.0000e+00
        268 209.702161    0.01854     1.1125     66.750  1017.8464  38322.350    23.9935      0.937    6.31797    13.2378    13.2343    17.8421   11.53325 3.0922e+02      0.946 0.0000e+00
        269 209.702164    0.01861     1.1167     67.000  1017.8495  38328.750    23.9981      0.946    6.31749    13.2386    13.2366    17.8452   11.53239 3.0786e+02      0.955 0.0000e+00
        270 209.702167    0.01868     1.1208     67.250  1017.8520  38333.812    24.0016      0.953    6.31716    13.2389    13.2380    17.8477   11.53181 3.0768e+02      0.962 0.0000e+00
        271 209.702170    0.01875     1.1250     67.500  1017.8544  38338.328    24.0048      0.958    6.31694    13.2390    13.2387    17.8500   11.53139 3.0832e+02      0.967 0.0000e+00
        272 209.702173    0.01882     1.1292     67.750  1017.8562  38341.827    24.0072      0.959    6.31680    13.2389    13.2391    17.8518   11.53113 3.0909e+02      0.968 0.0000e+00
        273 209.702176    0.01889     1.1333     68.000  1017.8574  38344.152    24.0088      0.959    6.31673    13.2388    13.2391    17.8530   11.53100 3.0917e+02      0.968 0.0000e+00
        274 209.702179    0.01896     1.1375     68.250  1017.8582  38345.638    24.0098      0.961    6.31670    13.2388    13.2390    17.8538   11.53093 3.0823e+02      0.970 0.0000e+00
        275 209.702182    0.01903     1.1417     68.500  1017.8588  38346.795    24.0106      0.967    6.31668    13.2387    13.2389    17.8545   11.53089 3.0674e+02      0.976 0.0000e+00
        276 209.702185    0.01910     1.1458     68.750  1017.8596  38348.052    24.0115      0.978    6.31665    13.2386    13.2389    17.8551   11.53084 3.0511e+02      0.987 0.0000e+00
        277 209.702188    0.01917     1.1500     69.000  1017.8605  38349.766    24.0127      0.991    6.31661    13.2384    13.2388    17.8561   11.53075 3.0392e+02      1.000 0.0000e+00
        278 209.702190    0.01924     1.1542     69.250  1017.8620  38352.521    24.0146      1.001    6.31654    13.2382    13.2388    17.8575   11.53062 3.0383e+02      1.011 0.0000e+00
        279 209.702193    0.01931     1.1583     69.500  1017.8639  38355.987    24.0169      1.007    6.31647    13.2379    13.2386    17.8594   11.53048 3.0482e+02      1.017 0.0000e+00
        280 209.702196    0.01938     1.1625     69.750  1017.8654  38358.694    24.0188      1.008    6.31644    13.2376    13.2383    17.8609   11.53040 3.0584e+02      1.018 0.0000e+00
        281 209.702199    0.01944     1.1667     70.000  1017.8660  38359.587    24.0194      1.006    6.31646    13.2374    13.2380    17.8614   11.53042 3.0576e+02      1.015 0.0000e+00
        282 209.702202    0.01951     1.1708     70.250  1017.8657  38359.091    24.0191      1.004    6.31651    13.2374    13.2377    17.8612   11.53051 3.0491e+02      1.014 0.0000e+00
        283 209.702205    0.01958     1.1750     70.500  1017.8652  38357.953    24.0183      1.006    6.31656    13.2374    13.2375    17.8606   11.53062 3.0378e+02      1.015 0.0000e+00
        284 209.702208    0.01965     1.1792     70.750  1017.8644  38356.378    24.0172      1.011    6.31661    13.2375    13.2375    17.8598   11.53071 3.0223e+02      1.021 0.0000e+00
        285 209.702211    0.01972     1.1833     71.000  1017.8637  38355.099    24.0163      1.021    6.31664    13.2376    13.2375    17.8591   11.53077 3.0033e+02      1.030 0.0000e+00
        286 209.702214    0.01979     1.1875     71.250  1017.8637  38354.990    24.0162      1.030    6.31662    13.2376    13.2376    17.8590   11.53074 2.9865e+02      1.040 0.0000e+00
        287 209.702216    0.01986     1.1917     71.500  1017.8642  38356.029    24.0170      1.038    6.31658    13.2375    13.2377    17.8595   11.53067 2.9779e+02      1.048 0.0000e+00
        288 209.702219    0.01993     1.1958     71.750  1017.8649  38357.299    24.0178      1.042    6.31655    13.2374    13.2377    17.8602   11.53060 2.9785e+02      1.052 0.0000e+00
        289 209.702222    0.02000     1.2000     72.000  1017.8651  38357.551    24.0180      1.044    6.31656    13.2373    13.2376    17.8603   11.53061 2.9845e+02      1.054 0.0000e+00
        290 209.702225    0.02007     1.2042     72.250  1017.8647  38356.749    24.0174      1.045    6.31660    13.2372    13.2375    17.8599   11.53068 2.9884e+02      1.055 0.0000e+00
        291 209.702228    0.02014     1.2083     72.500  1017.8643  38355.893    24.0168      1.047    6.31664    13.2371    13.2374    17.8595   11.53076 2.9845e+02      1.057 0.0000e+00
        292 209.702231    0.02021     1.2125     72.750  1017.8641  38355.544    24.0166      1.051    6.31666    13.2370    13.2373    17.8593   11.53080 2.9755e+02      1.061 0.0000e+00
        293 209.702234    0.02028     1.2167     73.000  1017.8643  38355.893    24.0168      1.057    6.31666    13.2368    13.2372    17.8595   11.53079 2.9690e+02      1.067 0.0000e+00
        294 209.702237    0.02035     1.2208     73.250  1017.8649  38356.768    24.0174      1.065    6.31665    13.2365    13.2371    17.8600   11.53077 2.9669e+02      1.075 0.0000e+00
        295 209.702240    0.02042     1.2250     73.500  1017.8656  38358.016    24.0182      1.072    6.31664    13.2360    13.2370    17.8607   11.53074 2.9653e+02      1.082 0.0000e+00
        296 209.702242    0.02049     1.2292     73.750  1017.8667  38359.964    24.0196      1.077    6.31663    13.2354    13.2367    17.8618   11.53071 2.9628e+02      1.087 0.0000e+00
        297 209.702245    0.02056     1.2333     74.000  1017.8680  38362.278    24.0211      1.079    6.31664    13.2348    13.2362    17.8631   11.53070 2.9634e+02      1.089 0.0000e+00
        298 209.702248    0.02063     1.2375     74.250  1017.8690  38364.000    24.0223      1.078    6.31668    13.2344    13.2355    17.8641   11.53075 2.9708e+02      1.088 0.0000e+00
        299 209.702251    0.02069     1.2417     74.500  1017.8695  38364.815    24.0228      1.075    6.31673    13.2342    13.2350    17.8646   11.53083 2.9815e+02      1.085 0.0000e+00
        300 209.702254    0.02076     1.2458     74.750  1017.8696  38365.069    24.0230      1.072    6.31678    13.2340    13.2346    17.8647   11.53091 2.9888e+02      1.082 0.0000e+00
        301 209.702257    0.02083     1.2500     75.000  1017.8697  38365.201    24.0230      1.070    6.31680    13.2339    13.2343    17.8648   11.53096 2.9878e+02      1.080 0.0000e+00
        302 209.702260    0.02090     1.2542     75.250  1017.8698  38365.245    24.0230      1.072    6.31682    13.2338    13.2342    17.8649   11.53100 2.9790e+02      1.082 0.0000e+00
        303 209.702263    0.02097     1.2583     75.500  1017.8697  38365.019    24.0229      1.076    6.31685    13.2337    13.2340    17.8648   11.53104 2.9676e+02      1.086 0.0000e+00
        304 209.702266    0.02104     1.2625     75.750  1017.8696  38364.801    24.0227      1.081    6.31687    13.2336    13.2339    17.8647   11.53108 2.9584e+02      1.091 0.0000e+00
        305 209.702269    0.02111     1.2667     76.000  1017.8699  38365.253    24.0230      1.087    6.31687    13.2333    13.2338    17.8649   11.53106 2.9553e+02      1.097 0.0000e+00
        306 209.702271    0.02118     1.2708     76.250  1017.8708  38366.833    24.0241      1.091    6.31684    13.2328    13.2337    17.8658   11.53100 2.9571e+02      1.101 0.0000e+00
        307 209.702274    0.02125     1.2750     76.500  1017.8721  38369.312    24.0258      1.092    6.31681    13.2322    13.2334    17.8671   11.53094 2.9582e+02      1.102 0.0000e+00
        308 209.702277    0.02132     1.2792     76.750  1017.8733  38371.462    24.0273      1.090    6.31682    13.2318    13.2329    17.8683   11.53094 2.9569e+02      1.100 0.0000e+00
        309 209.702280    0.02139     1.2833     77.000  1017.8736  38371.904    24.0275      1.088    6.31689    13.2318    13.2323    17.8686   11.53105 2.9548e+02      1.098 0.0000e+00
        310 209.702283    0.02146     1.2875     77.250  1017.8730  38370.670    24.0267      1.086    6.31698    13.2322    13.2319    17.8680   11.53121 2.9529e+02      1.096 0.0000e+00
        311 209.702286    0.02153     1.2917     77.500  1017.8721  38368.841    24.0254      1.087    6.31703    13.2326    13.2319    17.8671   11.53130 2.9496e+02      1.097 0.0000e+00
        312 209.702289    0.02160     1.2958     77.750  1017.8712  38367.376    24.0244      1.090    6.31702    13.2328    13.2323    17.8663   11.53130 2.9414e+02      1.101 0.0000e+00
        313 209.702292    0.02167     1.3000     78.000  1017.8710  38366.930    24.0241      1.095    6.31698    13.2328    13.2327    17.8660   11.53123 2.9294e+02      1.105 0.0000e+00
        314 209.702295    0.02174     1.3042     78.250  1017.8714  38367.658    24.0246      1.099    6.31692    13.2326    13.2330    17.8663   11.53113 2.9195e+02      1.110 0.0000e+00
        315 209.702297    0.02181     1.3083     78.500  1017.8721  38369.091    24.0256      1.102    6.31688    13.2324    13.2330    17.8670   11.53105 2.9137e+02      1.112 0.0000e+00
        316 209.702300    0.02187     1.3125     78.750  1017.8728  38370.418    24.0265      1.102    6.31687    13.2322    13.2328    17.8678   11.53103 2.9097e+02      1.112 0.0000e+00
        317 209.702303    0.02194     1.3167     79.000  1017.8732  38371.007    24.0269      1.100    6.31689    13.2322    13.2325    17.8681   11.53106 2.9067e+02      1.111 0.0000e+00
        318 209.702306    0.02201     1.3208     79.250  1017.8731  38370.803    24.0267      1.098    6.31692    13.2324    13.2323    17.8681   11.53111 2.9041e+02      1.109 0.0000e+00
        319 209.702309    0.02208     1.3250     79.500  1017.8727  38370.104    24.0263      1.098    6.31694    13.2328    13.2324    17.8677   11.53114 2.8997e+02      1.109 0.0000e+00
        320 209.702312    0.02215     1.3292     79.750  1017.8722  38369.181    24.0257      1.099    6.31693    13.2332    13.2326    17.8672   11.53114 2.8934e+02      1.110 0.0000e+00
        321 209.702315    0.02222     1.3333     80.000  1017.8717  38368.204    24.0250      1.101    6.31691    13.2336    13.2329    17.8666   11.53111 2.8892e+02      1.111 0.0000e+00
        322 209.702318    0.02229     1.3375     80.250  1017.8711  38367.322    24.0244      1.102    6.31688    13.2339    13.2333    17.8661   11.53107 2.8889e+02      1.112 0.0000e+00
        323 209.702321    0.02236     1.3417     80.500  1017.8706  38366.500    24.0239      1.101    6.31685    13.2341    13.2337    17.8656   11.53102 2.8901e+02      1.112 0.0000e+00
        324 209.702323    0.02243     1.3458     80.750  1017.8700  38365.400    24.0231      1.099    6.31684    13.2344    13.2340    17.8650   11.53101 2.8904e+02      1.109 0.0000e+00
        325 209.702326    0.02250     1.3500     81.000  1017.8691  38363.814    24.0221      1.095    6.31684    13.2347    13.2343    17.8641   11.53103 2.8899e+02      1.106 0.0000e+00
        326 209.702329    0.02257     1.3542     81.250  1017.8680  38361.903    24.0208      1.091    6.31686    13.2350    13.2346    17.8631   11.53107 2.8903e+02      1.102 0.0000e+00
        327 209.702332    0.02264     1.3583     81.500  1017.8669  38359.885    24.0194      1.088    6.31687    13.2353    13.2349    17.8619   11.53112 2.8917e+02      1.098 0.0000e+00
        328 209.702335    0.02271     1.3625     81.750  1017.8658  38357.841    24.0180      1.085    6.31689    13.2355    13.2351    17.8608   11.53116 2.8935e+02      1.095 0.0000e+00
        329 209.702338    0.02278     1.3667     82.000  1017.8647  38355.930    24.0167      1.081    6.31691    13.2357    13.2354    17.8597   11.53120 2.8969e+02      1.091 0.0000e+00
        330 209.702341    0.02285     1.3708     82.250  1017.8639  38354.418    24.0157      1.078    6.31692    13.2358    13.2356    17.8589   11.53123 2.8997e+02      1.088 0.0000e+00
        331 209.702344    0.02292     1.3750     82.500  1017.8633  38353.330    24.0150      1.076    6.31692    13.2359    13.2358    17.8583   11.53125 2.8982e+02      1.086 0.0000e+00
        332 209.702347    0.02299     1.3792     82.750  1017.8628  38352.462    24.0144      1.074    6.31693    13.2360    13.2359    17.8579   11.53127 2.8928e+02      1.084 0.0000e+00
        333 209.702350    0.02306     1.3833     83.000  1017.8623  38351.570    24.0137      1.072    6.31694    13.2360    13.2360    17.8574   11.53130 2.8869e+02      1.082 0.0000e+00
        334 209.702352    0.02313     1.3875     83.250  1017.8617  38350.549    24.0130      1.072    6.31696    13.2360    13.2361    17.8568   11.53134 2.8844e+02      1.082 0.0000e+00
        335 209.702355    0.02319     1.3917     83.500  1017.8611  38349.358    24.0122      1.071    6.31699    13.2361    13.2362    17.8562   11.53139 2.8866e+02      1.081 0.0000e+00
        336 209.702358    0.02326     1.3958     83.750  1017.8602  38347.650    24.0110      1.069    6.31703    13.2362    13.2362    17.8553   11.53148 2.8885e+02      1.079 0.0000e+00
        337 209.702361    0.02333     1.4000     84.000  1017.8587  38344.955    24.0092      1.066    6.31710    13.2365    13.2363    17.8539   11.53161 2.8871e+02      1.076 0.0000e+00
        338 209.702364    0.02340     1.4042     84.250  1017.8565  38340.958    24.0064      1.061    6.31719    13.2370    13.2364    17.8517   11.53179 2.8847e+02      1.071 0.0000e+00
        339 209.702367    0.02347     1.4083     84.500  1017.8536  38335.666    24.0028      1.055    6.31729    13.2375    13.2367    17.8489   11.53201 2.8839e+02      1.065 0.0000e+00
        340 209.702370    0.02354     1.4125     84.750  1017.8503  38329.456    23.9985      1.050    6.31740    13.2382    13.2371    17.8455   11.53225 2.8837e+02      1.060 0.0000e+00
