CTD-processing/allCTD/CNV--homogene/2016_07-27_t9_s04_cast007.cnv
* Sea-Bird SBE19plus Data File:
* FileName = C:\Users\Kris.Holderied\Documents\kasitsna\Research-KBL\Oceanography-AK\CTD-Data-ALL-to-2016-05\2016-CTD-KachemakBay-CookInlet\2016-07-27-CookInlet-HomerSpit-monthly\2016-07-27-CookInlet-Tran9-cast007.hex
* Software Version 1.59
* Temperature SN =  5028
* Conductivity SN =  5028
* System UpLoad Time = Jul 27 2016 20:07:06
** Cook Inlet LTM Tran9 Homer Spit monthly
** Date (YYYY-MM-DD): 2016-07-27
** Station (eg. 9-01):  9-04
** Start time (AKDT): 11:37
** Depth (m): 94.2
** Comment:  R/V Edgecumbe.  Part of all-bay survey with T4 and along-bay stations (1-9).
** Comment:
# nquan = 17
# nvalues = 544                         
# units = specified
# name 0 = scan: Scan Count
# name 1 = timeJ: Julian Days
# name 2 = timeH: Time, Elapsed [hours]
# name 3 = timeM: Time, Elapsed [minutes]
# name 4 = timeS: Time, Elapsed [seconds]
# name 5 = density00: Density [density, kg/m^3]
# name 6 = specc: Specific Conductance [uS/cm]
# name 7 = sal00: Salinity, Practical [PSU]
# name 8 = depSM: Depth [salt water, m], lat = 59.00
# name 9 = oxsolML/L: Oxygen Saturation, Garcia & Gordon [ml/l]
# name 10 = potemp090C: Potential Temperature [ITS-90, deg C]
# name 11 = tv290C: Temperature [ITS-90, deg C]
# name 12 = sigma-é00: Density [sigma-theta, kg/m^3]
# name 13 = n2satML/L: Nitrogen Saturation [ml/l]
# name 14 = par: PAR/Irradiance, Biospherical/Licor
# name 15 = prdM: Pressure, Strain Gauge [db]
# name 16 = flag:  0.000e+00
# span 0 =          1,        544       
# span 1 = 209.484907, 209.486479       
# span 2 =    0.00000,    0.03771       
# span 3 =     0.0000,     2.2625       
# span 4 =      0.000,    135.750       
# span 5 =  1000.0676,  1024.8341       
# span 6 =   1156.992,  49858.060       
# span 7 =     0.6016,    31.6672       
# span 8 =     -0.095,     91.473       
# span 9 =    6.25783,    7.67240       
# span 10 =     9.0949,    13.8954      
# span 11 =     9.0961,    13.8955      
# span 12 =     0.0681,    24.4154      
# span 13 =   11.41366,   14.11649      
# span 14 = 6.2618e-02, 2.8264e+02      
# span 15 =     -0.096,     92.356      
# span 16 = 0.0000e+00, 0.0000e+00      
# interval = seconds: 0.25
# start_time = Jul 27 2016 11:38:16 [Instrument's time stamp, header]
# bad_flag = -9.990e-29
*END*
[from data line 256]
        257 209.485648    0.01778     1.0667     64.000  1016.2174  35401.737    22.0216      0.830    6.31571    13.8505    13.8357    16.2137   11.55293 1.0703e+02      0.838 0.0000e+00
        258 209.485651    0.01785     1.0708     64.250  1016.2446  35455.337    22.0586      0.838    6.31329    13.8574    13.8430    16.2408   11.54845 1.0894e+02      0.846 0.0000e+00
        259 209.485654    0.01792     1.0750     64.500  1016.2647  35495.595    22.0865      0.843    6.31119    13.8631    13.8506    16.2609   11.54461 1.1049e+02      0.851 0.0000e+00
        260 209.485657    0.01799     1.0792     64.750  1016.2780  35522.584    22.1054      0.846    6.30954    13.8676    13.8575    16.2741   11.54162 1.1137e+02      0.854 0.0000e+00
        261 209.485660    0.01806     1.0833     65.000  1016.2882  35543.486    22.1200      0.847    6.30822    13.8710    13.8632    16.2843   11.53924 1.1185e+02      0.855 0.0000e+00
        262 209.485663    0.01812     1.0875     65.250  1016.2966  35560.747    22.1320      0.848    6.30715    13.8733    13.8677    16.2927   11.53731 1.1225e+02      0.856 0.0000e+00
        263 209.485666    0.01819     1.0917     65.500  1016.3026  35573.073    22.1406      0.849    6.30636    13.8744    13.8711    16.2987   11.53590 1.1263e+02      0.857 0.0000e+00
        264 209.485668    0.01826     1.0958     65.750  1016.3056  35579.295    22.1450      0.848    6.30589    13.8742    13.8734    16.3017   11.53506 1.1305e+02      0.856 0.0000e+00
        265 209.485671    0.01833     1.1000     66.000  1016.3038  35576.268    22.1430      0.844    6.30582    13.8724    13.8745    16.2999   11.53497 1.1354e+02      0.853 0.0000e+00
        266 209.485674    0.01840     1.1042     66.250  1016.2976  35564.497    22.1349      0.840    6.30617    13.8699    13.8743    16.2938   11.53565 1.1404e+02      0.849 0.0000e+00
        267 209.485677    0.01847     1.1083     66.500  1016.2926  35554.492    22.1280      0.839    6.30668    13.8683    13.8725    16.2888   11.53657 1.1440e+02      0.847 0.0000e+00
        268 209.485680    0.01854     1.1125     66.750  1016.2953  35558.862    22.1308      0.842    6.30689    13.8693    13.8700    16.2914   11.53690 1.1464e+02      0.850 0.0000e+00
        269 209.485683    0.01861     1.1167     67.000  1016.3090  35584.368    22.1482      0.853    6.30642    13.8732    13.8684    16.3051   11.53591 1.1478e+02      0.861 0.0000e+00
        270 209.485686    0.01868     1.1208     67.250  1016.3314  35627.000    22.1775      0.869    6.30516    13.8792    13.8694    16.3274   11.53346 1.1453e+02      0.878 0.0000e+00
        271 209.485689    0.01875     1.1250     67.500  1016.3552  35673.177    22.2093      0.889    6.30340    13.8857    13.8733    16.3511   11.53014 1.1380e+02      0.898 0.0000e+00
        272 209.485692    0.01882     1.1292     67.750  1016.3737  35709.845    22.2347      0.908    6.30162    13.8909    13.8793    16.3696   11.52685 1.1301e+02      0.917 0.0000e+00
        273 209.485694    0.01889     1.1333     68.000  1016.3830  35729.223    22.2483      0.923    6.30023    13.8941    13.8858    16.3788   11.52437 1.1252e+02      0.932 0.0000e+00
        274 209.485697    0.01896     1.1375     68.250  1016.3846  35733.610    22.2516      0.934    6.29941    13.8954    13.8910    16.3804   11.52296 1.1228e+02      0.943 0.0000e+00
        275 209.485700    0.01903     1.1417     68.500  1016.3818  35728.999    22.2486      0.942    6.29911    13.8950    13.8942    16.3775   11.52249 1.1215e+02      0.951 0.0000e+00
        276 209.485703    0.01910     1.1458     68.750  1016.3745  35715.489    22.2394      0.944    6.29930    13.8928    13.8955    16.3702   11.52292 1.1220e+02      0.953 0.0000e+00
        277 209.485706    0.01917     1.1500     69.000  1016.3616  35690.974    22.2226      0.941    6.30001    13.8889    13.8951    16.3573   11.52431 1.1248e+02      0.950 0.0000e+00
        278 209.485709    0.01924     1.1542     69.250  1016.3448  35658.398    22.2002      0.932    6.30117    13.8837    13.8929    16.3405   11.52652 1.1295e+02      0.941 0.0000e+00
        279 209.485712    0.01931     1.1583     69.500  1016.3281  35625.781    22.1777      0.923    6.30256    13.8781    13.8890    16.3239   11.52911 1.1359e+02      0.932 0.0000e+00
        280 209.485715    0.01938     1.1625     69.750  1016.3142  35597.946    22.1584      0.916    6.30400    13.8728    13.8839    16.3100   11.53173 1.1414e+02      0.924 0.0000e+00
        281 209.485718    0.01944     1.1667     70.000  1016.3068  35582.378    22.1474      0.916    6.30517    13.8694    13.8782    16.3026   11.53383 1.1415e+02      0.924 0.0000e+00
        282 209.485720    0.01951     1.1708     70.250  1016.3127  35592.156    22.1539      0.925    6.30561    13.8682    13.8729    16.3086   11.53448 1.1349e+02      0.934 0.0000e+00
        283 209.485723    0.01958     1.1750     70.500  1016.3322  35627.990    22.1783      0.944    6.30511    13.8684    13.8695    16.3280   11.53336 1.1222e+02      0.953 0.0000e+00
        284 209.485726    0.01965     1.1792     70.750  1016.3593  35678.700    22.2130      0.971    6.30391    13.8685    13.8683    16.3549   11.53095 1.1035e+02      0.980 0.0000e+00
        285 209.485729    0.01972     1.1833     71.000  1016.3941  35744.377    22.2581      1.008    6.30213    13.8669    13.8685    16.3896   11.52744 1.0783e+02      1.017 0.0000e+00
        286 209.485732    0.01979     1.1875     71.250  1016.4413  35833.227    22.3191      1.058    6.29974    13.8609    13.8686    16.4365   11.52272 1.0446e+02      1.068 0.0000e+00
        287 209.485735    0.01986     1.1917     71.500  1016.5021  35947.143    22.3973      1.125    6.29690    13.8455    13.8670    16.4970   11.51704 1.0000e+02      1.135 0.0000e+00
        288 209.485738    0.01993     1.1958     71.750  1016.5838  36098.759    22.5014      1.214    6.29365    13.8141    13.8610    16.5783   11.51039 9.4420e+01      1.225 0.0000e+00
        289 209.485741    0.02000     1.2000     72.000  1016.7068  36325.447    22.6567      1.335    6.28964    13.7564    13.8456    16.7007   11.50184 8.7844e+01      1.347 0.0000e+00
        290 209.485744    0.02007     1.2042     72.250  1016.9039  36687.079    22.9041      1.494    6.28415    13.6563    13.8142    16.8970   11.48974 8.0606e+01      1.507 0.0000e+00
        291 209.485747    0.02014     1.2083     72.500  1017.2183  37262.230    23.2975      1.697    6.27645    13.4929    13.7565    17.2106   11.47224 7.2989e+01      1.713 0.0000e+00
        292 209.485749    0.02021     1.2125     72.750  1017.6779  38098.311    23.8687      1.944    6.26741    13.2460    13.6565    17.6690   11.45041 6.5223e+01      1.963 0.0000e+00
        293 209.485752    0.02028     1.2167     73.000  1018.2787  39181.545    24.6077      2.232    6.26020    12.8984    13.4932    18.2686   11.42963 5.7703e+01      2.253 0.0000e+00
        294 209.485755    0.02035     1.2208     73.250  1019.0177  40500.128    25.5054      2.555    6.25783    12.4491    13.2463    19.0061   11.41507 5.0861e+01      2.579 0.0000e+00
        295 209.485758    0.02042     1.2250     73.500  1019.8664  41997.047    26.5209      2.906    6.26419    11.9416    12.8988    19.8531   11.41366 4.4937e+01      2.933 0.0000e+00
        296 209.485761    0.02049     1.2292     73.750  1020.7200  43479.361    27.5186      3.280    6.28482    11.4505    12.4495    20.7050   11.43618 3.9934e+01      3.311 0.0000e+00
        297 209.485764    0.02056     1.2333     74.000  1021.4695  44757.739    28.3682      3.670    6.31924    11.0297    11.9421    21.4527   11.48335 3.5725e+01      3.704 0.0000e+00
        298 209.485767    0.02063     1.2375     74.250  1022.0761  45778.527    29.0374      4.071    6.35893    10.6948    11.4511    22.0575   11.54136 3.2157e+01      4.109 0.0000e+00
        299 209.485770    0.02069     1.2417     74.500  1022.5467  46565.242    29.5477      4.480    6.39579    10.4375    11.0303    22.5262   11.59652 2.9132e+01      4.522 0.0000e+00
        300 209.485773    0.02076     1.2458     74.750  1022.9015  47156.858    29.9284      4.894    6.42640    10.2371    10.6954    22.8791   11.64280 2.6578e+01      4.941 0.0000e+00
        301 209.485775    0.02083     1.2500     75.000  1023.1624  47590.832    30.2056      5.311    6.45071    10.0697    10.4382    23.1381   11.67985 2.4417e+01      5.362 0.0000e+00
        302 209.485778    0.02090     1.2542     75.250  1023.3482  47897.748    30.3989      5.727    6.47073     9.9198    10.2378    23.3220   11.71075 2.2574e+01      5.781 0.0000e+00
        303 209.485781    0.02097     1.2583     75.500  1023.4839  48119.270    30.5352      6.138    6.48862     9.7861    10.0704    23.4558   11.73878 2.0976e+01      6.196 0.0000e+00
        304 209.485784    0.02104     1.2625     75.750  1023.5956  48300.639    30.6448      6.543    6.50528     9.6742     9.9205    23.5656   11.76508 1.9558e+01      6.605 0.0000e+00
        305 209.485787    0.02111     1.2667     76.000  1023.6945  48461.709    30.7416      6.943    6.52026     9.5863     9.7868    23.6627   11.78875 1.8275e+01      7.009 0.0000e+00
        306 209.485790    0.02118     1.2708     76.250  1023.7786  48598.792    30.8239      7.341    6.53279     9.5184     9.6750    23.7449   11.80853 1.7103e+01      7.411 0.0000e+00
        307 209.485793    0.02125     1.2750     76.500  1023.8434  48703.926    30.8866      7.736    6.54276     9.4626     9.5871    23.8079   11.82429 1.6026e+01      7.809 0.0000e+00
        308 209.485796    0.02132     1.2792     76.750  1023.8885  48775.762    30.9283      8.128    6.55076     9.4097     9.5193    23.8512   11.83705 1.5035e+01      8.205 0.0000e+00
        309 209.485799    0.02139     1.2833     77.000  1023.9175  48819.708    30.9518      8.518    6.55782     9.3536     9.4635    23.8784   11.84846 1.4121e+01      8.598 0.0000e+00
        310 209.485802    0.02146     1.2875     77.250  1023.9377  48848.220    30.9648      8.903    6.56492     9.2952     9.4106    23.8969   11.86007 1.3277e+01      8.987 0.0000e+00
        311 209.485804    0.02153     1.2917     77.500  1023.9598  48880.053    30.9796      9.282    6.57244     9.2406     9.3545    23.9172   11.87234 1.2495e+01      9.370 0.0000e+00
        312 209.485807    0.02160     1.2958     77.750  1023.9891  48925.037    31.0032      9.656    6.57993     9.1947     9.2961    23.9447   11.88447 1.1771e+01      9.747 0.0000e+00
        313 209.485810    0.02167     1.3000     78.000  1024.0214  48976.108    31.0316     10.024    6.58667     9.1579     9.2417    23.9753   11.89528 1.1096e+01     10.119 0.0000e+00
        314 209.485813    0.02174     1.3042     78.250  1024.0517  49024.420    31.0592     10.388    6.59220     9.1291     9.1958    24.0040   11.90411 1.0459e+01     10.487 0.0000e+00
        315 209.485816    0.02181     1.3083     78.500  1024.0798  49069.426    31.0856     10.755    6.59645     9.1078     9.1590    24.0304   11.91082 9.8465e+00     10.857 0.0000e+00
        316 209.485819    0.02187     1.3125     78.750  1024.1091  49117.423    31.1152     11.126    6.59940     9.0956     9.1302    24.0580   11.91535 9.2539e+00     11.232 0.0000e+00
        317 209.485822    0.02194     1.3167     79.000  1024.1438  49175.917    31.1532     11.502    6.60090     9.0949     9.1090    24.0910   11.91737 8.6835e+00     11.611 0.0000e+00
        318 209.485825    0.02201     1.3208     79.250  1024.1823  49242.093    31.1979     11.881    6.60078     9.1053     9.0968    24.1278   11.91662 8.1372e+00     11.994 0.0000e+00
        319 209.485828    0.02208     1.3250     79.500  1024.2166  49301.471    31.2394     12.263    6.59911     9.1231     9.0961    24.1603   11.91335 7.6169e+00     12.380 0.0000e+00
        320 209.485830    0.02215     1.3292     79.750  1024.2397  49341.355    31.2687     12.648    6.59632     9.1438     9.1066    24.1816   11.90839 7.1246e+00     12.768 0.0000e+00
        321 209.485833    0.02222     1.3333     80.000  1024.2515  49361.291    31.2850     13.034    6.59301     9.1648     9.1244    24.1916   11.90271 6.6617e+00     13.158 0.0000e+00
        322 209.485836    0.02229     1.3375     80.250  1024.2571  49370.205    31.2940     13.421    6.58958     9.1856     9.1452    24.1954   11.89693 6.2280e+00     13.549 0.0000e+00
        323 209.485839    0.02236     1.3417     80.500  1024.2616  49377.052    31.3015     13.810    6.58618     9.2069     9.1662    24.1981   11.89121 5.8213e+00     13.941 0.0000e+00
        324 209.485842    0.02243     1.3458     80.750  1024.2672  49386.008    31.3105     14.199    6.58276     9.2293     9.1871    24.2019   11.88542 5.4396e+00     14.333 0.0000e+00
        325 209.485845    0.02250     1.3500     81.000  1024.2733  49395.960    31.3203     14.589    6.57922     9.2521     9.2085    24.2063   11.87945 5.0820e+00     14.726 0.0000e+00
        326 209.485848    0.02257     1.3542     81.250  1024.2781  49403.709    31.3287     14.979    6.57560     9.2740     9.2309    24.2094   11.87335 4.7469e+00     15.120 0.0000e+00
        327 209.485851    0.02264     1.3583     81.500  1024.2803  49406.586    31.3337     15.369    6.57206     9.2933     9.2537    24.2097   11.86743 4.4330e+00     15.514 0.0000e+00
        328 209.485854    0.02271     1.3625     81.750  1024.2796  49404.105    31.3348     15.758    6.56882     9.3095     9.2756    24.2072   11.86205 4.1393e+00     15.907 0.0000e+00
        329 209.485856    0.02278     1.3667     82.000  1024.2782  49400.379    31.3347     16.148    6.56600     9.3230     9.2951    24.2041   11.85738 3.8650e+00     16.301 0.0000e+00
        330 209.485859    0.02285     1.3708     82.250  1024.2787  49399.603    31.3362     16.536    6.56357     9.3346     9.3113    24.2028   11.85334 3.6097e+00     16.692 0.0000e+00
        331 209.485862    0.02292     1.3750     82.500  1024.2817  49403.334    31.3405     16.922    6.56143     9.3454     9.3248    24.2040   11.84974 3.3724e+00     17.082 0.0000e+00
        332 209.485865    0.02299     1.3792     82.750  1024.2877  49412.389    31.3483     17.306    6.55940     9.3559     9.3365    24.2083   11.84630 3.1524e+00     17.470 0.0000e+00
        333 209.485868    0.02306     1.3833     83.000  1024.2960  49425.533    31.3588     17.687    6.55739     9.3668     9.3473    24.2149   11.84284 2.9492e+00     17.856 0.0000e+00
        334 209.485871    0.02313     1.3875     83.250  1024.3059  49441.530    31.3714     18.067    6.55532     9.3789     9.3579    24.2230   11.83927 2.7611e+00     18.239 0.0000e+00
        335 209.485874    0.02319     1.3917     83.500  1024.3183  49462.147    31.3872     18.446    6.55307     9.3935     9.3688    24.2337   11.83535 2.5870e+00     18.621 0.0000e+00
        336 209.485877    0.02326     1.3958     83.750  1024.3334  49487.820    31.4068     18.824    6.55050     9.4117     9.3808    24.2471   11.83085 2.4258e+00     19.002 0.0000e+00
        337 209.485880    0.02333     1.4000     84.000  1024.3482  49513.220    31.4265     19.202    6.54754     9.4323     9.3955    24.2602   11.82571 2.2767e+00     19.384 0.0000e+00
        338 209.485883    0.02340     1.4042     84.250  1024.3587  49531.087    31.4414     19.579    6.54428     9.4531     9.4137    24.2689   11.82014 2.1392e+00     19.765 0.0000e+00
        339 209.485885    0.02347     1.4083     84.500  1024.3634  49538.696    31.4494     19.957    6.54095     9.4718     9.4344    24.2719   11.81453 2.0124e+00     20.147 0.0000e+00
        340 209.485888    0.02354     1.4125     84.750  1024.3635  49537.844    31.4514     20.335    6.53786     9.4873     9.4553    24.2702   11.80938 1.8953e+00     20.528 0.0000e+00
