CTD-processing/allCTD/CNV--homogene/2016_02-15_t6_s18_cast123.cnv
* Sea-Bird SBE19plus Data File:
* FileName = C:\Users\Kris.Holderied\Documents\kasitsna\Research-KBL\Oceanography-AK\CTD-Data-ALL-to-2016-02\2016-CTD-KachemakBay-CookInlet\2016-02-CookInlet-quarterly\2016-02-15-CookInlet-Tran6-Douglas\2016-02-15-CookInlet-Tran6-cast123.hex
* Software Version 1.59
* Temperature SN =  5028
* Conductivity SN =  5028
* System UpLoad Time = Feb 15 2016 19:39:21
** Cook Inlet LTM Tran6 Douglas West to East

** Date: 02-15
** Station: 6-18
** Start time (AKST): 13:28
** Depth (m): 173
** Comment:  R/V Pandalus
** Comment:
# nquan = 17
# nvalues = 917                         
# units = specified
# name 0 = scan: Scan Count
# name 1 = timeJ: Julian Days
# name 2 = timeH: Time, Elapsed [hours]
# name 3 = timeM: Time, Elapsed [minutes]
# name 4 = timeS: Time, Elapsed [seconds]
# name 5 = density00: Density [density, kg/m^3]
# name 6 = specc: Specific Conductance [uS/cm]
# name 7 = sal00: Salinity, Practical [PSU]
# name 8 = depSM: Depth [salt water, m], lat = 59.00
# name 9 = oxsolML/L: Oxygen Saturation, Garcia & Gordon [ml/l]
# name 10 = potemp090C: Potential Temperature [ITS-90, deg C]
# name 11 = tv290C: Temperature [ITS-90, deg C]
# name 12 = sigma-é00: Density [sigma-theta, kg/m^3]
# name 13 = n2satML/L: Nitrogen Saturation [ml/l]
# name 14 = par: PAR/Irradiance, Biospherical/Licor
# name 15 = prdM: Pressure, Strain Gauge [db]
# name 16 = flag:  0.000e+00
# span 0 =          1,        917       
# span 1 =  46.561273,  46.563924       
# span 2 =    0.00000,    0.06361       
# span 3 =     0.0000,     3.8167       
# span 4 =      0.000,    229.000       
# span 5 =  1001.0588,  1026.0430       
# span 6 =   2756.968,  51327.331       
# span 7 =     1.4075,    32.1651       
# span 8 =     -0.148,    171.479       
# span 9 =    6.94693,    8.60301       
# span 10 =     6.1258,     6.6095      
# span 11 =     6.1254,     6.6149      
# span 12 =     1.0595,    25.2468      
# span 13 =   12.47757,   15.67315      
# span 14 = 3.7976e-02, 2.0431e+02      
# span 15 =     -0.150,    173.170      
# span 16 = 0.0000e+00, 0.0000e+00      
# interval = seconds: 0.25
# start_time = Feb 15 2016 13:28:14 [Instrument's time stamp, header]
# bad_flag = -9.990e-29
*END*
[from data line 596]
        597  46.562998    0.04139     2.4833    149.000  1025.4656  51010.897    32.0023     76.653    6.94770     6.6048     6.6113    25.1094   12.48051 8.4798e-02     77.391 0.0000e+00
        598  46.563001    0.04146     2.4875    149.250  1025.4671  51011.398    32.0025     76.946    6.94769     6.6049     6.6114    25.1096   12.48047 8.3285e-02     77.687 0.0000e+00
        599  46.563003    0.04153     2.4917    149.500  1025.4687  51011.979    32.0027     77.238    6.94766     6.6050     6.6115    25.1098   12.48043 8.1852e-02     77.982 0.0000e+00
        600  46.563006    0.04160     2.4958    149.750  1025.4705  51012.871    32.0032     77.534    6.94763     6.6051     6.6116    25.1102   12.48036 8.0489e-02     78.281 0.0000e+00
        601  46.563009    0.04167     2.5000    150.000  1025.4724  51013.999    32.0039     77.834    6.94758     6.6054     6.6117    25.1107   12.48028 7.9155e-02     78.583 0.0000e+00
        602  46.563012    0.04174     2.5042    150.250  1025.4742  51015.032    32.0045     78.136    6.94752     6.6056     6.6119    25.1111   12.48017 7.7817e-02     78.888 0.0000e+00
        603  46.563015    0.04181     2.5083    150.500  1025.4758  51015.599    32.0048     78.441    6.94746     6.6058     6.6121    25.1113   12.48007 7.6481e-02     79.196 0.0000e+00
        604  46.563018    0.04188     2.5125    150.750  1025.4772  51015.729    32.0048     78.747    6.94741     6.6059     6.6124    25.1113   12.47999 7.5174e-02     79.505 0.0000e+00
        605  46.563021    0.04194     2.5167    151.000  1025.4786  51015.765    32.0047     79.052    6.94738     6.6060     6.6126    25.1112   12.47994 7.3911e-02     79.814 0.0000e+00
        606  46.563024    0.04201     2.5208    151.250  1025.4800  51015.919    32.0047     79.358    6.94736     6.6059     6.6127    25.1112   12.47991 7.2679e-02     80.123 0.0000e+00
        607  46.563027    0.04208     2.5250    151.500  1025.4814  51016.190    32.0048     79.667    6.94735     6.6058     6.6128    25.1112   12.47989 7.1458e-02     80.435 0.0000e+00
        608  46.563030    0.04215     2.5292    151.750  1025.4829  51016.522    32.0048     79.978    6.94735     6.6056     6.6128    25.1113   12.47989 7.0255e-02     80.749 0.0000e+00
        609  46.563032    0.04222     2.5333    152.000  1025.4845  51016.976    32.0050     80.293    6.94736     6.6054     6.6127    25.1115   12.47990 6.9093e-02     81.067 0.0000e+00
        610  46.563035    0.04229     2.5375    152.250  1025.4863  51017.703    32.0053     80.610    6.94737     6.6053     6.6125    25.1117   12.47991 6.7979e-02     81.387 0.0000e+00
        611  46.563038    0.04236     2.5417    152.500  1025.4882  51018.703    32.0058     80.930    6.94737     6.6053     6.6123    25.1122   12.47991 6.6911e-02     81.710 0.0000e+00
        612  46.563041    0.04243     2.5458    152.750  1025.4902  51019.815    32.0064     81.251    6.94736     6.6055     6.6123    25.1126   12.47988 6.5885e-02     82.033 0.0000e+00
        613  46.563044    0.04250     2.5500    153.000  1025.4921  51020.776    32.0069     81.569    6.94732     6.6057     6.6123    25.1130   12.47982 6.4901e-02     82.355 0.0000e+00
        614  46.563047    0.04257     2.5542    153.250  1025.4937  51021.323    32.0072     81.882    6.94728     6.6058     6.6125    25.1132   12.47975 6.3964e-02     82.672 0.0000e+00
        615  46.563050    0.04264     2.5583    153.500  1025.4951  51021.528    32.0072     82.189    6.94725     6.6059     6.6127    25.1132   12.47969 6.3087e-02     82.981 0.0000e+00
        616  46.563053    0.04271     2.5625    153.750  1025.4965  51021.710    32.0072     82.485    6.94722     6.6059     6.6129    25.1132   12.47965 6.2274e-02     83.281 0.0000e+00
        617  46.563056    0.04278     2.5667    154.000  1025.4979  51022.059    32.0074     82.772    6.94720     6.6059     6.6130    25.1133   12.47961 6.1518e-02     83.570 0.0000e+00
        618  46.563058    0.04285     2.5708    154.250  1025.4994  51022.592    32.0076     83.049    6.94718     6.6058     6.6130    25.1135   12.47958 6.0814e-02     83.849 0.0000e+00
        619  46.563061    0.04292     2.5750    154.500  1025.5010  51023.318    32.0080     83.317    6.94717     6.6056     6.6130    25.1138   12.47955 6.0161e-02     84.120 0.0000e+00
        620  46.563064    0.04299     2.5792    154.750  1025.5026  51024.157    32.0085     83.581    6.94716     6.6053     6.6129    25.1142   12.47953 5.9547e-02     84.387 0.0000e+00
        621  46.563067    0.04306     2.5833    155.000  1025.5041  51024.991    32.0089     83.844    6.94717     6.6049     6.6128    25.1145   12.47954 5.8957e-02     84.653 0.0000e+00
        622  46.563070    0.04312     2.5875    155.250  1025.5058  51025.872    32.0093     84.113    6.94719     6.6045     6.6125    25.1149   12.47957 5.8374e-02     84.924 0.0000e+00
        623  46.563073    0.04319     2.5917    155.500  1025.5075  51026.824    32.0098     84.394    6.94722     6.6040     6.6122    25.1153   12.47962 5.7772e-02     85.208 0.0000e+00
        624  46.563076    0.04326     2.5958    155.750  1025.5093  51027.783    32.0103     84.691    6.94727     6.6035     6.6118    25.1157   12.47969 5.7142e-02     85.509 0.0000e+00
        625  46.563079    0.04333     2.6000    156.000  1025.5112  51028.753    32.0107     85.010    6.94732     6.6031     6.6113    25.1161   12.47977 5.6498e-02     85.830 0.0000e+00
        626  46.563082    0.04340     2.6042    156.250  1025.5131  51029.756    32.0111     85.348    6.94737     6.6028     6.6109    25.1165   12.47985 5.5867e-02     86.172 0.0000e+00
        627  46.563084    0.04347     2.6083    156.500  1025.5152  51030.822    32.0116     85.704    6.94741     6.6026     6.6105    25.1170   12.47991 5.5260e-02     86.531 0.0000e+00
        628  46.563087    0.04354     2.6125    156.750  1025.5174  51031.984    32.0122     86.071    6.94743     6.6024     6.6102    25.1175   12.47994 5.4674e-02     86.901 0.0000e+00
        629  46.563090    0.04361     2.6167    157.000  1025.5196  51033.113    32.0128     86.444    6.94744     6.6023     6.6100    25.1180   12.47994 5.4110e-02     87.278 0.0000e+00
        630  46.563093    0.04368     2.6208    157.250  1025.5217  51033.998    32.0132     86.816    6.94743     6.6022     6.6099    25.1183   12.47992 5.3579e-02     87.653 0.0000e+00
        631  46.563096    0.04375     2.6250    157.500  1025.5236  51034.615    32.0135     87.180    6.94743     6.6019     6.6098    25.1185   12.47991 5.3122e-02     88.021 0.0000e+00
        632  46.563099    0.04382     2.6292    157.750  1025.5253  51035.120    32.0136     87.530    6.94745     6.6016     6.6097    25.1187   12.47993 5.2764e-02     88.376 0.0000e+00
        633  46.563102    0.04389     2.6333    158.000  1025.5271  51035.678    32.0138     87.863    6.94747     6.6011     6.6095    25.1188   12.47998 5.2496e-02     88.712 0.0000e+00
        634  46.563105    0.04396     2.6375    158.250  1025.5288  51036.383    32.0141     88.178    6.94751     6.6006     6.6091    25.1191   12.48004 5.2236e-02     89.030 0.0000e+00
        635  46.563108    0.04403     2.6417    158.500  1025.5305  51037.201    32.0144     88.476    6.94756     6.6001     6.6087    25.1194   12.48012 5.1840e-02     89.331 0.0000e+00
        636  46.563111    0.04410     2.6458    158.750  1025.5322  51038.085    32.0148     88.759    6.94762     6.5995     6.6083    25.1198   12.48021 5.1308e-02     89.616 0.0000e+00
        637  46.563113    0.04417     2.6500    159.000  1025.5339  51039.058    32.0153     89.031    6.94769     6.5989     6.6077    25.1202   12.48031 5.0749e-02     89.890 0.0000e+00
        638  46.563116    0.04424     2.6542    159.250  1025.5356  51040.078    32.0157     89.295    6.94776     6.5984     6.6071    25.1207   12.48043 5.0212e-02     90.157 0.0000e+00
        639  46.563119    0.04431     2.6583    159.500  1025.5372  51041.024    32.0162     89.555    6.94784     6.5979     6.6066    25.1211   12.48055 4.9700e-02     90.419 0.0000e+00
        640  46.563122    0.04437     2.6625    159.750  1025.5387  51041.841    32.0165     89.813    6.94790     6.5976     6.6061    25.1214   12.48065 4.9189e-02     90.680 0.0000e+00
        641  46.563125    0.04444     2.6667    160.000  1025.5402  51042.550    32.0168     90.072    6.94795     6.5973     6.6057    25.1217   12.48073 4.8650e-02     90.942 0.0000e+00
        642  46.563128    0.04451     2.6708    160.250  1025.5417  51043.185    32.0171     90.336    6.94799     6.5971     6.6053    25.1220   12.48080 4.8048e-02     91.209 0.0000e+00
        643  46.563131    0.04458     2.6750    160.500  1025.5432  51043.767    32.0173     90.608    6.94803     6.5969     6.6051    25.1222   12.48085 4.7329e-02     91.483 0.0000e+00
        644  46.563134    0.04465     2.6792    160.750  1025.5446  51044.263    32.0175     90.888    6.94805     6.5968     6.6049    25.1224   12.48088 4.6407e-02     91.766 0.0000e+00
        645  46.563137    0.04472     2.6833    161.000  1025.5461  51044.622    32.0176     91.176    6.94806     6.5967     6.6048    25.1225   12.48091 4.5165e-02     92.057 0.0000e+00
        646  46.563139    0.04479     2.6875    161.250  1025.5475  51044.878    32.0176     91.472    6.94808     6.5966     6.6047    25.1225   12.48093 4.3478e-02     92.356 0.0000e+00
        647  46.563142    0.04486     2.6917    161.500  1025.5489  51045.125    32.0176     91.772    6.94809     6.5965     6.6046    25.1225   12.48095 4.1624e-02     92.659 0.0000e+00
        648  46.563145    0.04493     2.6958    161.750  1025.5503  51045.371    32.0176     92.072    6.94810     6.5963     6.6045    25.1225   12.48097 4.0227e-02     92.962 0.0000e+00
        649  46.563148    0.04500     2.7000    162.000  1025.5517  51045.572    32.0176     92.367    6.94812     6.5961     6.6044    25.1225   12.48100 3.9430e-02     93.260 0.0000e+00
        650  46.563151    0.04507     2.7042    162.250  1025.5530  51045.756    32.0175     92.654    6.94814     6.5958     6.6042    25.1225   12.48104 3.9020e-02     93.550 0.0000e+00
        651  46.563154    0.04514     2.7083    162.500  1025.5543  51045.967    32.0175     92.931    6.94818     6.5953     6.6040    25.1225   12.48110 3.8848e-02     93.830 0.0000e+00
        652  46.563157    0.04521     2.7125    162.750  1025.5556  51046.264    32.0175     93.198    6.94823     6.5948     6.6038    25.1226   12.48118 3.8759e-02     94.099 0.0000e+00
        653  46.563160    0.04528     2.7167    163.000  1025.5570  51046.707    32.0176     93.455    6.94829     6.5942     6.6034    25.1228   12.48128 3.8657e-02     94.359 0.0000e+00
        654  46.563163    0.04535     2.7208    163.250  1025.5583  51047.270    32.0178     93.704    6.94836     6.5935     6.6029    25.1230   12.48140 3.8569e-02     94.610 0.0000e+00
        655  46.563166    0.04542     2.7250    163.500  1025.5597  51047.840    32.0180     93.951    6.94845     6.5928     6.6023    25.1232   12.48154 3.8580e-02     94.859 0.0000e+00
        656  46.563168    0.04549     2.7292    163.750  1025.5610  51048.284    32.0181     94.201    6.94855     6.5919     6.6017    25.1233   12.48170 3.8716e-02     95.112 0.0000e+00
        657  46.563171    0.04556     2.7333    164.000  1025.5623  51048.545    32.0180     94.463    6.94867     6.5906     6.6009    25.1233   12.48190 3.8922e-02     95.377 0.0000e+00
        658  46.563174    0.04562     2.7375    164.250  1025.5636  51048.778    32.0178     94.744    6.94882     6.5892     6.6000    25.1233   12.48215 3.9121e-02     95.660 0.0000e+00
        659  46.563177    0.04569     2.7417    164.500  1025.5652  51049.367    32.0179     95.051    6.94901     6.5877     6.5988    25.1235   12.48247 3.9256e-02     95.970 0.0000e+00
        660  46.563180    0.04576     2.7458    164.750  1025.5672  51050.596    32.0183     95.388    6.94922     6.5863     6.5974    25.1240   12.48280 3.9296e-02     96.310 0.0000e+00
        661  46.563183    0.04583     2.7500    165.000  1025.5697  51052.335    32.0190     95.754    6.94941     6.5851     6.5960    25.1248   12.48312 3.9291e-02     96.680 0.0000e+00
        662  46.563186    0.04590     2.7542    165.250  1025.5724  51054.251    32.0199     96.146    6.94959     6.5842     6.5946    25.1257   12.48340 3.9315e-02     97.077 0.0000e+00
        663  46.563189    0.04597     2.7583    165.500  1025.5753  51056.306    32.0210     96.558    6.94972     6.5834     6.5935    25.1266   12.48362 3.9340e-02     97.493 0.0000e+00
        664  46.563192    0.04604     2.7625    165.750  1025.5784  51058.737    32.0223     96.980    6.94982     6.5828     6.5925    25.1278   12.48375 3.9316e-02     97.918 0.0000e+00
        665  46.563194    0.04611     2.7667    166.000  1025.5816  51061.248    32.0237     97.399    6.94987     6.5823     6.5918    25.1290   12.48382 3.9241e-02     98.341 0.0000e+00
        666  46.563197    0.04618     2.7708    166.250  1025.5844  51063.248    32.0248     97.803    6.94991     6.5818     6.5913    25.1300   12.48387 3.9124e-02     98.749 0.0000e+00
        667  46.563200    0.04625     2.7750    166.500  1025.5868  51064.777    32.0256     98.178    6.94995     6.5812     6.5908    25.1307   12.48394 3.8959e-02     99.128 0.0000e+00
        668  46.563203    0.04632     2.7792    166.750  1025.5890  51066.081    32.0263     98.517    6.95001     6.5807     6.5902    25.1312   12.48402 3.8776e-02     99.471 0.0000e+00
        669  46.563206    0.04639     2.7833    167.000  1025.5909  51067.205    32.0268     98.822    6.95007     6.5803     6.5897    25.1317   12.48411 3.8651e-02     99.778 0.0000e+00
        670  46.563209    0.04646     2.7875    167.250  1025.5926  51068.218    32.0273     99.098    6.95012     6.5798     6.5892    25.1322   12.48419 3.8579e-02    100.057 0.0000e+00
        671  46.563212    0.04653     2.7917    167.500  1025.5942  51069.159    32.0277     99.353    6.95017     6.5794     6.5888    25.1326   12.48427 3.8522e-02    100.315 0.0000e+00
        672  46.563215    0.04660     2.7958    167.750  1025.5957  51070.017    32.0281     99.600    6.95022     6.5789     6.5884    25.1330   12.48435 3.8473e-02    100.564 0.0000e+00
        673  46.563218    0.04667     2.8000    168.000  1025.5972  51070.827    32.0285     99.848    6.95028     6.5784     6.5879    25.1333   12.48443 3.8422e-02    100.815 0.0000e+00
        674  46.563220    0.04674     2.8042    168.250  1025.5988  51071.617    32.0288    100.108    6.95033     6.5779     6.5875    25.1336   12.48451 3.8345e-02    101.078 0.0000e+00
        675  46.563223    0.04681     2.8083    168.500  1025.6004  51072.390    32.0291    100.387    6.95039     6.5772     6.5870    25.1339   12.48461 3.8246e-02    101.359 0.0000e+00
        676  46.563226    0.04688     2.8125    168.750  1025.6021  51073.178    32.0294    100.685    6.95046     6.5764     6.5865    25.1343   12.48473 3.8166e-02    101.660 0.0000e+00
        677  46.563229    0.04694     2.8167    169.000  1025.6039  51074.023    32.0298    100.996    6.95056     6.5755     6.5858    25.1346   12.48487 3.8124e-02    101.974 0.0000e+00
        678  46.563232    0.04701     2.8208    169.250  1025.6057  51074.995    32.0301    101.315    6.95067     6.5745     6.5850    25.1350   12.48505 3.8108e-02    102.296 0.0000e+00
        679  46.563235    0.04708     2.8250    169.500  1025.6077  51076.141    32.0306    101.632    6.95079     6.5736     6.5842    25.1355   12.48524 3.8092e-02    102.616 0.0000e+00
        680  46.563238    0.04715     2.8292    169.750  1025.6096  51077.419    32.0312    101.935    6.95091     6.5727     6.5833    25.1361   12.48544 3.8065e-02    102.923 0.0000e+00
