CTD-processing/allCTD/CNV--homogene/2016_11-10_t9_s03_cast003.cnv
* Sea-Bird SBE19plus Data File:
* FileName = P:\My Documents\kasitsna\Research-KBL\Oceanography-AK\CTD-Data-ALL-to-2016-05\2016-CTD-KachemakBay-CookInlet\2016-11-10-CookIInlet-Tran9-monthly\2016-11-10-CookInlet-Tran9-cast003.hex
* Software Version 1.59
* Temperature SN =  4141
* Conductivity SN =  4141
* System UpLoad Time = Jan 10 2017 14:19:35
** Cook Inlet LTM Tran 9 south to north
** Date: (YYYY-MM-DD): 2016-11-10
** Station: (eg. 9-01): 9-03
** Start time (AKST): 9-03
** Depth (m): 94.8
** Comment: R/V Edgecumbe. CTD time is 2 hrs ahead of  local time (was on PDT)
** Comment:
# nquan = 17
# nvalues = 739                         
# units = specified
# name 0 = scan: Scan Count
# name 1 = timeJ: Julian Days
# name 2 = timeH: Time, Elapsed [hours]
# name 3 = timeM: Time, Elapsed [minutes]
# name 4 = timeS: Time, Elapsed [seconds]
# name 5 = density00: Density [density, kg/m^3]
# name 6 = specc: Specific Conductance [uS/cm]
# name 7 = sal00: Salinity, Practical [PSU]
# name 8 = depSM: Depth [salt water, m], lat = 59.00
# name 9 = oxsolML/L: Oxygen Saturation, Garcia & Gordon [ml/l]
# name 10 = potemp090C: Potential Temperature [ITS-90, deg C]
# name 11 = tv290C: Temperature [ITS-90, deg C]
# name 12 = sigma-é00: Density [sigma-theta, kg/m^3]
# name 13 = n2satML/L: Nitrogen Saturation [ml/l]
# name 14 = par: PAR/Irradiance, Biospherical/Licor
# name 15 = prdM: Pressure, Strain Gauge [db]
# name 16 = flag:  0.000e+00
# span 0 =          1,        739       
# span 1 = 315.578252, 315.580388       
# span 2 =    0.00000,    0.05125       
# span 3 =     0.0000,     3.0750       
# span 4 =      0.000,    184.500       
# span 5 =  1019.9248,  1024.1630       
# span 6 =  41352.526,  48623.961       
# span 7 =    25.6200,    30.7475       
# span 8 =      0.011,     87.950       
# span 9 =    6.60299,    7.02486       
# span 10 =     7.9993,     9.2033      
# span 11 =     7.9547,     9.2125      
# span 12 =    19.9247,    23.7604      
# span 13 =   11.92576,   12.69010      
# span 14 = 4.4178e-02, 2.0989e+01      
# span 15 =      0.010,     88.799      
# span 16 = 0.0000e+00, 0.0000e+00      
# interval = seconds: 0.25
# start_time = Nov 10 2016 13:52:41 [Instrument's time stamp, header]
# bad_flag = -9.990e-29
*END*
[from data line 426]
        427 315.579485    0.02958     1.7750    106.500  1023.7828  48370.499    30.5800     30.288    6.62572     9.1095     9.1065    23.6435   11.96544 2.7739e-01     30.576 0.0000e+00
        428 315.579488    0.02965     1.7792    106.750  1023.7861  48375.293    30.5836     30.495    6.62515     9.1133     9.1094    23.6459   11.96445 2.7229e-01     30.785 0.0000e+00
        429 315.579491    0.02972     1.7833    107.000  1023.7895  48380.059    30.5873     30.705    6.62450     9.1175     9.1127    23.6483   11.96332 2.6699e-01     30.997 0.0000e+00
        430 315.579494    0.02979     1.7875    107.250  1023.7930  48385.139    30.5913     30.916    6.62377     9.1223     9.1165    23.6508   11.96206 2.6155e-01     31.210 0.0000e+00
        431 315.579497    0.02986     1.7917    107.500  1023.7974  48391.972    30.5965     31.123    6.62292     9.1276     9.1207    23.6543   11.96059 2.5635e-01     31.419 0.0000e+00
        432 315.579499    0.02993     1.7958    107.750  1023.8025  48400.020    30.6027     31.327    6.62195     9.1333     9.1255    23.6584   11.95891 2.5145e-01     31.625 0.0000e+00
        433 315.579502    0.03000     1.8000    108.000  1023.8067  48406.601    30.6080     31.531    6.62093     9.1388     9.1308    23.6617   11.95716 2.4666e-01     31.831 0.0000e+00
        434 315.579505    0.03007     1.8042    108.250  1023.8097  48410.939    30.6117     31.735    6.61993     9.1440     9.1365    23.6638   11.95546 2.4195e-01     32.036 0.0000e+00
        435 315.579508    0.03014     1.8083    108.500  1023.8123  48414.649    30.6150     31.938    6.61897     9.1489     9.1421    23.6655   11.95384 2.3731e-01     32.242 0.0000e+00
        436 315.579511    0.03021     1.8125    108.750  1023.8148  48418.015    30.6180     32.141    6.61807     9.1533     9.1473    23.6670   11.95231 2.3263e-01     32.447 0.0000e+00
        437 315.579514    0.03028     1.8167    109.000  1023.8169  48420.751    30.6205     32.342    6.61725     9.1571     9.1522    23.6682   11.95092 2.2791e-01     32.650 0.0000e+00
        438 315.579517    0.03035     1.8208    109.250  1023.8187  48422.893    30.6225     32.542    6.61652     9.1604     9.1566    23.6691   11.94968 2.2334e-01     32.851 0.0000e+00
        439 315.579520    0.03042     1.8250    109.500  1023.8201  48424.125    30.6238     32.739    6.61590     9.1630     9.1605    23.6696   11.94863 2.1899e-01     33.051 0.0000e+00
        440 315.579523    0.03049     1.8292    109.750  1023.8210  48424.607    30.6245     32.935    6.61539     9.1650     9.1637    23.6696   11.94778 2.1479e-01     33.248 0.0000e+00
        441 315.579525    0.03056     1.8333    110.000  1023.8217  48424.670    30.6248     33.128    6.61499     9.1665     9.1664    23.6695   11.94711 2.1071e-01     33.443 0.0000e+00
        442 315.579528    0.03062     1.8375    110.250  1023.8224  48424.556    30.6249     33.319    6.61468     9.1676     9.1684    23.6692   11.94661 2.0673e-01     33.636 0.0000e+00
        443 315.579531    0.03069     1.8417    110.500  1023.8233  48424.811    30.6252     33.511    6.61445     9.1684     9.1699    23.6692   11.94622 2.0276e-01     33.830 0.0000e+00
        444 315.579534    0.03076     1.8458    110.750  1023.8246  48425.783    30.6260     33.705    6.61426     9.1691     9.1710    23.6696   11.94589 1.9881e-01     34.026 0.0000e+00
        445 315.579537    0.03083     1.8500    111.000  1023.8263  48427.366    30.6271     33.904    6.61408     9.1697     9.1719    23.6704   11.94558 1.9492e-01     34.227 0.0000e+00
        446 315.579540    0.03090     1.8542    111.250  1023.8284  48429.768    30.6288     34.108    6.61390     9.1703     9.1726    23.6716   11.94526 1.9109e-01     34.433 0.0000e+00
        447 315.579543    0.03097     1.8583    111.500  1023.8310  48432.879    30.6310     34.314    6.61371     9.1708     9.1733    23.6732   11.94492 1.8733e-01     34.641 0.0000e+00
        448 315.579546    0.03104     1.8625    111.750  1023.8334  48435.643    30.6329     34.521    6.61354     9.1710     9.1739    23.6747   11.94461 1.8367e-01     34.849 0.0000e+00
        449 315.579549    0.03111     1.8667    112.000  1023.8353  48437.561    30.6342     34.725    6.61341     9.1710     9.1744    23.6756   11.94439 1.8007e-01     35.055 0.0000e+00
        450 315.579552    0.03118     1.8708    112.250  1023.8369  48438.951    30.6351     34.926    6.61334     9.1710     9.1746    23.6763   11.94426 1.7652e-01     35.258 0.0000e+00
        451 315.579554    0.03125     1.8750    112.500  1023.8383  48440.018    30.6358     35.126    6.61330     9.1710     9.1747    23.6768   11.94418 1.7302e-01     35.460 0.0000e+00
        452 315.579557    0.03132     1.8792    112.750  1023.8396  48440.818    30.6363     35.326    6.61327     9.1708     9.1747    23.6772   11.94413 1.6960e-01     35.662 0.0000e+00
        453 315.579560    0.03139     1.8833    113.000  1023.8408  48441.402    30.6366     35.529    6.61326     9.1702     9.1747    23.6774   11.94411 1.6624e-01     35.867 0.0000e+00
        454 315.579563    0.03146     1.8875    113.250  1023.8420  48441.992    30.6369     35.736    6.61327     9.1692     9.1745    23.6777   11.94413 1.6298e-01     36.076 0.0000e+00
        455 315.579566    0.03153     1.8917    113.500  1023.8435  48442.992    30.6374     35.945    6.61333     9.1676     9.1739    23.6782   11.94422 1.5982e-01     36.288 0.0000e+00
        456 315.579569    0.03160     1.8958    113.750  1023.8453  48444.627    30.6383     36.155    6.61344     9.1658     9.1729    23.6790   11.94439 1.5675e-01     36.500 0.0000e+00
        457 315.579572    0.03167     1.9000    114.000  1023.8473  48446.548    30.6394     36.362    6.61362     9.1637     9.1714    23.6801   11.94467 1.5376e-01     36.709 0.0000e+00
        458 315.579575    0.03174     1.9042    114.250  1023.8492  48448.202    30.6402     36.563    6.61385     9.1616     9.1696    23.6811   11.94505 1.5088e-01     36.911 0.0000e+00
        459 315.579578    0.03181     1.9083    114.500  1023.8509  48449.721    30.6409     36.753    6.61412     9.1595     9.1675    23.6819   11.94549 1.4822e-01     37.104 0.0000e+00
        460 315.579580    0.03188     1.9125    114.750  1023.8526  48451.333    30.6417     36.931    6.61441     9.1574     9.1654    23.6829   11.94595 1.4585e-01     37.283 0.0000e+00
        461 315.579583    0.03194     1.9167    115.000  1023.8542  48452.703    30.6423     37.097    6.61469     9.1552     9.1633    23.6837   11.94640 1.4370e-01     37.451 0.0000e+00
        462 315.579586    0.03201     1.9208    115.250  1023.8555  48453.576    30.6425     37.257    6.61498     9.1527     9.1613    23.6842   11.94688 1.4159e-01     37.613 0.0000e+00
        463 315.579589    0.03208     1.9250    115.500  1023.8565  48454.044    30.6425     37.422    6.61530     9.1498     9.1591    23.6845   11.94741 1.3936e-01     37.779 0.0000e+00
        464 315.579592    0.03215     1.9292    115.750  1023.8577  48454.594    30.6425     37.603    6.61567     9.1468     9.1566    23.6849   11.94803 1.3692e-01     37.961 0.0000e+00
        465 315.579595    0.03222     1.9333    116.000  1023.8594  48455.790    30.6428     37.806    6.61608     9.1438     9.1537    23.6856   11.94870 1.3428e-01     38.166 0.0000e+00
        466 315.579598    0.03229     1.9375    116.250  1023.8614  48457.496    30.6435     38.028    6.61649     9.1412     9.1507    23.6866   11.94937 1.3158e-01     38.391 0.0000e+00
        467 315.579601    0.03236     1.9417    116.500  1023.8637  48459.465    30.6444     38.262    6.61688     9.1390     9.1478    23.6877   11.95001 1.2886e-01     38.626 0.0000e+00
        468 315.579604    0.03243     1.9458    116.750  1023.8661  48461.734    30.6456     38.497    6.61722     9.1374     9.1452    23.6890   11.95055 1.2615e-01     38.864 0.0000e+00
        469 315.579606    0.03250     1.9500    117.000  1023.8683  48463.891    30.6467     38.726    6.61749     9.1362     9.1430    23.6902   11.95099 1.2360e-01     39.095 0.0000e+00
        470 315.579609    0.03257     1.9542    117.250  1023.8703  48465.568    30.6475     38.946    6.61769     9.1353     9.1414    23.6912   11.95131 1.2124e-01     39.318 0.0000e+00
        471 315.579612    0.03264     1.9583    117.500  1023.8719  48466.816    30.6482     39.159    6.61783     9.1348     9.1403    23.6918   11.95154 1.1901e-01     39.533 0.0000e+00
        472 315.579615    0.03271     1.9625    117.750  1023.8735  48467.990    30.6488     39.365    6.61793     9.1347     9.1394    23.6924   11.95169 1.1689e-01     39.741 0.0000e+00
        473 315.579618    0.03278     1.9667    118.000  1023.8750  48469.223    30.6495     39.563    6.61797     9.1347     9.1389    23.6931   11.95175 1.1492e-01     39.941 0.0000e+00
        474 315.579621    0.03285     1.9708    118.250  1023.8761  48469.848    30.6499     39.752    6.61797     9.1347     9.1388    23.6934   11.95176 1.1309e-01     40.131 0.0000e+00
        475 315.579624    0.03292     1.9750    118.500  1023.8767  48469.555    30.6496     39.929    6.61797     9.1345     9.1389    23.6931   11.95176 1.1143e-01     40.310 0.0000e+00
        476 315.579627    0.03299     1.9792    118.750  1023.8771  48468.895    30.6491     40.096    6.61799     9.1341     9.1389    23.6927   11.95180 1.0991e-01     40.479 0.0000e+00
        477 315.579630    0.03306     1.9833    119.000  1023.8775  48468.414    30.6486     40.258    6.61804     9.1336     9.1387    23.6924   11.95188 1.0844e-01     40.641 0.0000e+00
        478 315.579633    0.03313     1.9875    119.250  1023.8782  48468.306    30.6484     40.420    6.61810     9.1330     9.1383    23.6923   11.95199 1.0695e-01     40.806 0.0000e+00
        479 315.579635    0.03319     1.9917    119.500  1023.8790  48468.445    30.6484     40.593    6.61818     9.1324     9.1378    23.6924   11.95212 1.0534e-01     40.980 0.0000e+00
        480 315.579638    0.03326     1.9958    119.750  1023.8800  48468.638    30.6484     40.782    6.61826     9.1317     9.1373    23.6924   11.95225 1.0361e-01     41.171 0.0000e+00
        481 315.579641    0.03333     2.0000    120.000  1023.8809  48468.702    30.6483     40.990    6.61835     9.1308     9.1367    23.6924   11.95241 1.0180e-01     41.381 0.0000e+00
        482 315.579644    0.03340     2.0042    120.250  1023.8818  48468.490    30.6479     41.212    6.61847     9.1297     9.1360    23.6923   11.95260 1.0004e-01     41.606 0.0000e+00
        483 315.579647    0.03347     2.0083    120.500  1023.8828  48468.351    30.6476     41.442    6.61862     9.1285     9.1351    23.6922   11.95285 9.8365e-02     41.837 0.0000e+00
        484 315.579650    0.03354     2.0125    120.750  1023.8840  48468.808    30.6477     41.668    6.61878     9.1274     9.1339    23.6924   11.95312 9.6773e-02     42.066 0.0000e+00
        485 315.579653    0.03361     2.0167    121.000  1023.8855  48469.674    30.6480     41.886    6.61894     9.1265     9.1328    23.6929   11.95337 9.5273e-02     42.286 0.0000e+00
        486 315.579656    0.03368     2.0208    121.250  1023.8868  48470.402    30.6483     42.091    6.61908     9.1257     9.1318    23.6932   11.95360 9.3858e-02     42.493 0.0000e+00
        487 315.579659    0.03375     2.0250    121.500  1023.8880  48470.977    30.6485     42.285    6.61920     9.1250     9.1309    23.6935   11.95380 9.2530e-02     42.689 0.0000e+00
        488 315.579661    0.03382     2.0292    121.750  1023.8891  48471.629    30.6488     42.466    6.61931     9.1243     9.1301    23.6939   11.95398 9.1305e-02     42.872 0.0000e+00
        489 315.579664    0.03389     2.0333    122.000  1023.8903  48472.299    30.6491     42.636    6.61940     9.1238     9.1293    23.6943   11.95413 9.0197e-02     43.043 0.0000e+00
        490 315.579667    0.03396     2.0375    122.250  1023.8913  48472.898    30.6493     42.797    6.61948     9.1235     9.1287    23.6946   11.95425 8.9183e-02     43.206 0.0000e+00
        491 315.579670    0.03403     2.0417    122.500  1023.8923  48473.458    30.6496     42.956    6.61954     9.1233     9.1283    23.6948   11.95435 8.8193e-02     43.366 0.0000e+00
        492 315.579673    0.03410     2.0458    122.750  1023.8934  48474.064    30.6499     43.122    6.61957     9.1231     9.1279    23.6951   11.95440 8.7165e-02     43.533 0.0000e+00
        493 315.579676    0.03417     2.0500    123.000  1023.8945  48474.653    30.6502     43.301    6.61959     9.1230     9.1277    23.6954   11.95443 8.6063e-02     43.714 0.0000e+00
        494 315.579679    0.03424     2.0542    123.250  1023.8955  48475.017    30.6504     43.497    6.61960     9.1230     9.1276    23.6955   11.95445 8.4908e-02     43.912 0.0000e+00
        495 315.579682    0.03431     2.0583    123.500  1023.8965  48475.100    30.6503     43.706    6.61962     9.1229     9.1275    23.6955   11.95447 8.3759e-02     44.123 0.0000e+00
        496 315.579685    0.03438     2.0625    123.750  1023.8974  48475.065    30.6502     43.921    6.61963     9.1227     9.1275    23.6954   11.95449 8.2600e-02     44.340 0.0000e+00
        497 315.579687    0.03444     2.0667    124.000  1023.8983  48475.097    30.6501     44.136    6.61964     9.1226     9.1274    23.6954   11.95451 8.1429e-02     44.557 0.0000e+00
        498 315.579690    0.03451     2.0708    124.250  1023.8993  48475.259    30.6501     44.344    6.61965     9.1226     9.1273    23.6954   11.95453 8.0339e-02     44.767 0.0000e+00
        499 315.579693    0.03458     2.0750    124.500  1023.9003  48475.544    30.6502     44.542    6.61966     9.1226     9.1272    23.6955   11.95454 7.9360e-02     44.967 0.0000e+00
        500 315.579696    0.03465     2.0792    124.750  1023.9013  48475.871    30.6504     44.733    6.61966     9.1227     9.1272    23.6956   11.95454 7.8441e-02     45.159 0.0000e+00
        501 315.579699    0.03472     2.0833    125.000  1023.9022  48476.052    30.6504     44.918    6.61965     9.1226     9.1272    23.6957   11.95453 7.7548e-02     45.347 0.0000e+00
        502 315.579702    0.03479     2.0875    125.250  1023.9029  48475.856    30.6502     45.103    6.61965     9.1223     9.1273    23.6955   11.95453 7.6670e-02     45.534 0.0000e+00
        503 315.579705    0.03486     2.0917    125.500  1023.9034  48475.289    30.6497     45.291    6.61967     9.1217     9.1273    23.6951   11.95457 7.5832e-02     45.723 0.0000e+00
        504 315.579708    0.03493     2.0958    125.750  1023.9039  48474.653    30.6491     45.483    6.61974     9.1206     9.1270    23.6947   11.95468 7.5034e-02     45.917 0.0000e+00
        505 315.579711    0.03500     2.1000    126.000  1023.9045  48474.172    30.6486     45.679    6.61985     9.1192     9.1264    23.6944   11.95488 7.4257e-02     46.115 0.0000e+00
        506 315.579714    0.03507     2.1042    126.250  1023.9052  48473.818    30.6482     45.877    6.62002     9.1174     9.1254    23.6942   11.95517 7.3492e-02     46.315 0.0000e+00
        507 315.579716    0.03514     2.1083    126.500  1023.9061  48473.747    30.6479     46.077    6.62024     9.1155     9.1240    23.6942   11.95554 7.2726e-02     46.517 0.0000e+00
        508 315.579719    0.03521     2.1125    126.750  1023.9073  48474.324    30.6479     46.278    6.62050     9.1135     9.1222    23.6945   11.95596 7.1964e-02     46.720 0.0000e+00
        509 315.579722    0.03528     2.1167    127.000  1023.9088  48475.338    30.6483     46.482    6.62077     9.1116     9.1202    23.6951   11.95641 7.1228e-02     46.926 0.0000e+00
        510 315.579725    0.03535     2.1208    127.250  1023.9103  48476.217    30.6486     46.689    6.62105     9.1097     9.1183    23.6956   11.95686 7.0515e-02     47.135 0.0000e+00
