CTD-processing/allCTD/CNV--homogene/2016_06-16_t9_s10_cast261.cnv
* Sea-Bird SBE19plus Data File:
* FileName = C:\Users\Kris.Holderied\Documents\kasitsna\Research-KBL\Oceanography-AK\CTD-Data-ALL-to-2016-05\2016-CTD-KachemakBay-CookInlet\2016-06-16-CookInlet-HomerSpit-monthly\2016-06-16-CookInlet-Tran9-cast261.hex
* Software Version 1.59
* Temperature SN =  5028
* Conductivity SN =  5028
* System UpLoad Time = Jul 26 2016 19:39:50
** Cook Inlet LTM Tran9 Homer Spit monthly
** Date (YYYY-MM-DD): 2016-06-16
** Station (eg. 9-01):  9-10
** Start time (AKDT): 11:55
** Depth (m): 65.5
** Comment:  R/V Edgecumbe.
** Comment:
# nquan = 17
# nvalues = 656                         
# units = specified
# name 0 = scan: Scan Count
# name 1 = timeJ: Julian Days
# name 2 = timeH: Time, Elapsed [hours]
# name 3 = timeM: Time, Elapsed [minutes]
# name 4 = timeS: Time, Elapsed [seconds]
# name 5 = density00: Density [density, kg/m^3]
# name 6 = specc: Specific Conductance [uS/cm]
# name 7 = sal00: Salinity, Practical [PSU]
# name 8 = depSM: Depth [salt water, m], lat = 59.00
# name 9 = oxsolML/L: Oxygen Saturation, Garcia & Gordon [ml/l]
# name 10 = potemp090C: Potential Temperature [ITS-90, deg C]
# name 11 = tv290C: Temperature [ITS-90, deg C]
# name 12 = sigma-é00: Density [sigma-theta, kg/m^3]
# name 13 = n2satML/L: Nitrogen Saturation [ml/l]
# name 14 = par: PAR/Irradiance, Biospherical/Licor
# name 15 = prdM: Pressure, Strain Gauge [db]
# name 16 = flag:  0.000e+00
# span 0 =          1,        656       
# span 1 = 168.494931, 168.496826       
# span 2 =    0.00000,    0.04549       
# span 3 =     0.0000,     2.7292       
# span 4 =      0.000,    163.750       
# span 5 =   997.9277,  1024.6757       
# span 6 =     77.123,  49666.467       
# span 7 =     0.0485,    31.2574       
# span 8 =     -0.043,     63.174       
# span 9 =    6.12405,    6.82254       
# span 10 =     7.6100,    21.4431      
# span 11 =     7.6158,    21.4681      
# span 12 =    -2.0721,    24.3833      
# span 13 =   11.24320,   12.28298      
# span 14 = 1.0118e-01, 2.2389e+03      
# span 15 =     -0.043,     63.780      
# span 16 = 0.0000e+00, 0.0000e+00      
# interval = seconds: 0.25
# start_time = Jun 16 2016 11:52:42 [Instrument's time stamp, header]
# bad_flag = -9.990e-29
*END*
[from data line 511]
        512 168.496409    0.03549     2.1292    127.750  1024.2823  49256.875    31.0723     26.085    6.73946     8.1606     8.2057    24.1619   12.14771 1.2511e-01     26.333 0.0000e+00
        513 168.496412    0.03556     2.1333    128.000  1024.2973  49281.093    31.0858     26.357    6.74223     8.1433     8.1837    24.1756   12.15212 1.2341e-01     26.608 0.0000e+00
        514 168.496415    0.03562     2.1375    128.250  1024.3132  49307.224    31.1008     26.626    6.74470     8.1303     8.1631    24.1903   12.15602 1.2189e-01     26.879 0.0000e+00
        515 168.496418    0.03569     2.1417    128.500  1024.3282  49331.753    31.1152     26.890    6.74671     8.1215     8.1458    24.2040   12.15917 1.2053e-01     27.146 0.0000e+00
        516 168.496421    0.03576     2.1458    128.750  1024.3408  49352.059    31.1272     27.153    6.74816     8.1161     8.1329    24.2154   12.16142 1.1930e-01     27.411 0.0000e+00
        517 168.496424    0.03583     2.1500    129.000  1024.3507  49367.841    31.1368     27.414    6.74907     8.1133     8.1241    24.2242   12.16281 1.1817e-01     27.674 0.0000e+00
        518 168.496427    0.03590     2.1542    129.250  1024.3586  49380.000    31.1444     27.673    6.74955     8.1123     8.1188    24.2309   12.16351 1.1713e-01     27.936 0.0000e+00
        519 168.496429    0.03597     2.1583    129.500  1024.3653  49390.113    31.1509     27.932    6.74969     8.1125     8.1160    24.2364   12.16366 1.1617e-01     28.198 0.0000e+00
        520 168.496432    0.03604     2.1625    129.750  1024.3714  49399.155    31.1569     28.193    6.74957     8.1132     8.1150    24.2413   12.16340 1.1525e-01     28.461 0.0000e+00
        521 168.496435    0.03611     2.1667    130.000  1024.3766  49406.599    31.1621     28.457    6.74931     8.1139     8.1152    24.2452   12.16291 1.1437e-01     28.728 0.0000e+00
        522 168.496438    0.03618     2.1708    130.250  1024.3812  49412.866    31.1665     28.724    6.74901     8.1147     8.1159    24.2485   12.16236 1.1352e-01     28.996 0.0000e+00
        523 168.496441    0.03625     2.1750    130.500  1024.3860  49419.501    31.1711     28.992    6.74870     8.1159     8.1167    24.2521   12.16178 1.1271e-01     29.267 0.0000e+00
        524 168.496444    0.03632     2.1792    130.750  1024.3909  49426.463    31.1760     29.260    6.74835     8.1170     8.1176    24.2558   12.16114 1.1194e-01     29.538 0.0000e+00
        525 168.496447    0.03639     2.1833    131.000  1024.3955  49432.832    31.1805     29.527    6.74797     8.1173     8.1188    24.2592   12.16045 1.1122e-01     29.808 0.0000e+00
        526 168.496450    0.03646     2.1875    131.250  1024.3998  49438.674    31.1846     29.790    6.74761     8.1160     8.1199    24.2622   12.15981 1.1055e-01     30.073 0.0000e+00
        527 168.496453    0.03653     2.1917    131.500  1024.4041  49444.450    31.1886     30.049    6.74738     8.1125     8.1203    24.2653   12.15939 1.0993e-01     30.335 0.0000e+00
        528 168.496455    0.03660     2.1958    131.750  1024.4084  49450.169    31.1923     30.309    6.74741     8.1066     8.1190    24.2684   12.15939 1.0934e-01     30.598 0.0000e+00
        529 168.496458    0.03667     2.2000    132.000  1024.4127  49455.893    31.1956     30.572    6.74780     8.0986     8.1155    24.2715   12.15998 1.0876e-01     30.863 0.0000e+00
        530 168.496461    0.03674     2.2042    132.250  1024.4176  49462.506    31.1992     30.835    6.74854     8.0897     8.1096    24.2752   12.16117 1.0821e-01     31.129 0.0000e+00
        531 168.496464    0.03681     2.2083    132.500  1024.4234  49470.772    31.2036     31.099    6.74957     8.0812     8.1016    24.2798   12.16281 1.0769e-01     31.396 0.0000e+00
        532 168.496467    0.03687     2.2125    132.750  1024.4297  49479.813    31.2085     31.362    6.75071     8.0736     8.0927    24.2848   12.16464 1.0721e-01     31.661 0.0000e+00
        533 168.496470    0.03694     2.2167    133.000  1024.4356  49488.273    31.2129     31.621    6.75182     8.0672     8.0842    24.2895   12.16642 1.0675e-01     31.923 0.0000e+00
        534 168.496473    0.03701     2.2208    133.250  1024.4408  49495.554    31.2167     31.877    6.75281     8.0620     8.0766    24.2936   12.16802 1.0632e-01     32.181 0.0000e+00
        535 168.496476    0.03708     2.2250    133.500  1024.4453  49501.467    31.2198     32.127    6.75365     8.0578     8.0703    24.2969   12.16937 1.0592e-01     32.433 0.0000e+00
        536 168.496479    0.03715     2.2292    133.750  1024.4491  49506.233    31.2222     32.371    6.75433     8.0546     8.0651    24.2995   12.17048 1.0555e-01     32.679 0.0000e+00
        537 168.496481    0.03722     2.2333    134.000  1024.4522  49510.043    31.2241     32.609    6.75488     8.0521     8.0610    24.3016   12.17136 1.0522e-01     32.919 0.0000e+00
        538 168.496484    0.03729     2.2375    134.250  1024.4547  49512.546    31.2253     32.845    6.75532     8.0498     8.0578    24.3030   12.17207 1.0493e-01     33.158 0.0000e+00
        539 168.496487    0.03736     2.2417    134.500  1024.4562  49513.386    31.2254     33.081    6.75570     8.0471     8.0552    24.3034   12.17270 1.0466e-01     33.396 0.0000e+00
        540 168.496490    0.03743     2.2458    134.750  1024.4566  49512.112    31.2240     33.319    6.75611     8.0436     8.0530    24.3027   12.17340 1.0440e-01     33.636 0.0000e+00
        541 168.496493    0.03750     2.2500    135.000  1024.4560  49509.059    31.2213     33.558    6.75664     8.0391     8.0503    24.3010   12.17429 1.0415e-01     33.878 0.0000e+00
        542 168.496496    0.03757     2.2542    135.250  1024.4555  49506.131    31.2186     33.796    6.75729     8.0337     8.0468    24.2994   12.17541 1.0392e-01     34.118 0.0000e+00
        543 168.496499    0.03764     2.2583    135.500  1024.4552  49503.619    31.2161     34.031    6.75809     8.0274     8.0423    24.2980   12.17676 1.0370e-01     34.355 0.0000e+00
        544 168.496502    0.03771     2.2625    135.750  1024.4549  49501.090    31.2134     34.260    6.75902     8.0207     8.0370    24.2966   12.17835 1.0349e-01     34.586 0.0000e+00
        545 168.496505    0.03778     2.2667    136.000  1024.4557  49500.656    31.2120     34.479    6.76004     8.0147     8.0307    24.2964   12.18005 1.0331e-01     34.807 0.0000e+00
        546 168.496508    0.03785     2.2708    136.250  1024.4585  49503.849    31.2131     34.681    6.76102     8.0103     8.0240    24.2982   12.18166 1.0316e-01     35.011 0.0000e+00
        547 168.496510    0.03792     2.2750    136.500  1024.4623  49509.145    31.2158     34.863    6.76182     8.0075     8.0180    24.3012   12.18295 1.0303e-01     35.195 0.0000e+00
        548 168.496513    0.03799     2.2792    136.750  1024.4656  49513.825    31.2183     35.023    6.76238     8.0058     8.0136    24.3038   12.18384 1.0292e-01     35.356 0.0000e+00
        549 168.496516    0.03806     2.2833    137.000  1024.4678  49516.581    31.2197     35.158    6.76275     8.0046     8.0109    24.3053   12.18442 1.0284e-01     35.492 0.0000e+00
        550 168.496519    0.03812     2.2875    137.250  1024.4689  49517.678    31.2202     35.275    6.76299     8.0034     8.0092    24.3059   12.18482 1.0277e-01     35.611 0.0000e+00
        551 168.496522    0.03819     2.2917    137.500  1024.4691  49517.074    31.2195     35.392    6.76320     8.0013     8.0080    24.3055   12.18518 1.0269e-01     35.729 0.0000e+00
        552 168.496525    0.03826     2.2958    137.750  1024.4684  49514.732    31.2176     35.529    6.76348     7.9979     8.0068    24.3042   12.18566 1.0260e-01     35.867 0.0000e+00
        553 168.496528    0.03833     2.3000    138.000  1024.4670  49510.803    31.2145     35.695    6.76392     7.9923     8.0048    24.3021   12.18643 1.0249e-01     36.035 0.0000e+00
        554 168.496531    0.03840     2.3042    138.250  1024.4647  49504.875    31.2097     35.892    6.76466     7.9840     8.0014    24.2988   12.18771 1.0239e-01     36.234 0.0000e+00
        555 168.496534    0.03847     2.3083    138.500  1024.4614  49496.932    31.2032     36.115    6.76579     7.9733     7.9958    24.2945   12.18967 1.0228e-01     36.459 0.0000e+00
        556 168.496536    0.03854     2.3125    138.750  1024.4590  49490.367    31.1972     36.357    6.76733     7.9617     7.9875    24.2910   12.19229 1.0215e-01     36.703 0.0000e+00
        557 168.496539    0.03861     2.3167    139.000  1024.4600  49489.793    31.1950     36.611    6.76909     7.9508     7.9768    24.2908   12.19521 1.0201e-01     36.959 0.0000e+00
        558 168.496542    0.03868     2.3208    139.250  1024.4637  49494.139    31.1961     36.874    6.77082     7.9413     7.9652    24.2933   12.19806 1.0186e-01     37.225 0.0000e+00
        559 168.496545    0.03875     2.3250    139.500  1024.4681  49499.735    31.1982     37.148    6.77239     7.9331     7.9544    24.2964   12.20064 1.0172e-01     37.501 0.0000e+00
        560 168.496548    0.03882     2.3292    139.750  1024.4725  49505.214    31.2004     37.430    6.77375     7.9259     7.9449    24.2995   12.20287 1.0158e-01     37.786 0.0000e+00
        561 168.496551    0.03889     2.3333    140.000  1024.4761  49509.206    31.2018     37.716    6.77494     7.9187     7.9367    24.3017   12.20483 1.0145e-01     38.076 0.0000e+00
        562 168.496554    0.03896     2.3375    140.250  1024.4778  49509.921    31.2010     38.005    6.77608     7.9105     7.9295    24.3021   12.20672 1.0133e-01     38.367 0.0000e+00
        563 168.496557    0.03903     2.3417    140.500  1024.4778  49507.456    31.1980     38.293    6.77732     7.9011     7.9223    24.3008   12.20880 1.0125e-01     38.658 0.0000e+00
        564 168.496560    0.03910     2.3458    140.750  1024.4778  49504.860    31.1948     38.584    6.77872     7.8912     7.9141    24.2994   12.21116 1.0119e-01     38.952 0.0000e+00
        565 168.496563    0.03917     2.3500    141.000  1024.4792  49504.880    31.1932     38.877    6.78024     7.8815     7.9047    24.2995   12.21369 1.0118e-01     39.247 0.0000e+00
        566 168.496565    0.03924     2.3542    141.250  1024.4819  49507.050    31.1930     39.172    6.78177     7.8725     7.8949    24.3007   12.21623 1.0123e-01     39.545 0.0000e+00
        567 168.496568    0.03931     2.3583    141.500  1024.4853  49510.664    31.1939     39.471    6.78322     7.8646     7.8852    24.3028   12.21862 1.0138e-01     39.847 0.0000e+00
        568 168.496571    0.03938     2.3625    141.750  1024.4893  49515.434    31.1956     39.774    6.78452     7.8578     7.8762    24.3054   12.22075 1.0169e-01     40.153 0.0000e+00
        569 168.496574    0.03944     2.3667    142.000  1024.4933  49520.029    31.1974     40.081    6.78565     7.8519     7.8684    24.3080   12.22260 1.0225e-01     40.463 0.0000e+00
        570 168.496577    0.03951     2.3708    142.250  1024.4970  49524.066    31.1990     40.390    6.78662     7.8469     7.8616    24.3102   12.22418 1.0321e-01     40.775 0.0000e+00
        571 168.496580    0.03958     2.3750    142.500  1024.5007  49528.262    31.2009     40.697    6.78744     7.8428     7.8558    24.3124   12.22552 1.0488e-01     41.085 0.0000e+00
        572 168.496583    0.03965     2.3792    142.750  1024.5048  49533.233    31.2034     41.001    6.78811     7.8399     7.8507    24.3151   12.22659 1.0747e-01     41.392 0.0000e+00
        573 168.496586    0.03972     2.3833    143.000  1024.5096  49539.505    31.2070     41.299    6.78858     7.8386     7.8466    24.3185   12.22733 1.1076e-01     41.693 0.0000e+00
        574 168.496589    0.03979     2.3875    143.250  1024.5149  49546.958    31.2116     41.591    6.78882     7.8392     7.8438    24.3225   12.22766 1.1427e-01     41.987 0.0000e+00
        575 168.496591    0.03986     2.3917    143.500  1024.5205  49554.953    31.2169     41.876    6.78878     7.8416     7.8426    24.3268   12.22753 1.1771e-01     42.275 0.0000e+00
        576 168.496594    0.03993     2.3958    143.750  1024.5260  49562.729    31.2223     42.157    6.78845     7.8455     7.8432    24.3310   12.22691 1.2094e-01     42.559 0.0000e+00
        577 168.496597    0.04000     2.4000    144.000  1024.5305  49568.883    31.2269     42.437    6.78786     7.8502     7.8456    24.3342   12.22589 1.2383e-01     42.841 0.0000e+00
        578 168.496600    0.04007     2.4042    144.250  1024.5335  49572.263    31.2297     42.716    6.78713     7.8549     7.8496    24.3359   12.22464 1.2626e-01     43.123 0.0000e+00
        579 168.496603    0.04014     2.4083    144.500  1024.5353  49573.570    31.2313     42.994    6.78633     7.8596     7.8542    24.3365   12.22331 1.2827e-01     43.404 0.0000e+00
        580 168.496606    0.04021     2.4125    144.750  1024.5369  49574.465    31.2325     43.271    6.78554     7.8645     7.8590    24.3368   12.22198 1.3003e-01     43.683 0.0000e+00
        581 168.496609    0.04028     2.4167    145.000  1024.5390  49576.356    31.2345     43.545    6.78473     7.8704     7.8637    24.3377   12.22061 1.3160e-01     43.960 0.0000e+00
        582 168.496612    0.04035     2.4208    145.250  1024.5426  49580.897    31.2383     43.818    6.78380     7.8782     7.8687    24.3400   12.21903 1.3302e-01     44.236 0.0000e+00
        583 168.496615    0.04042     2.4250    145.500  1024.5482  49589.285    31.2450     44.092    6.78260     7.8883     7.8746    24.3444   12.21695 1.3432e-01     44.513 0.0000e+00
        584 168.496617    0.04049     2.4292    145.750  1024.5543  49598.384    31.2525     44.367    6.78106     7.8993     7.8824    24.3492   12.21431 1.3555e-01     44.791 0.0000e+00
        585 168.496620    0.04056     2.4333    146.000  1024.5576  49602.639    31.2569     44.643    6.77931     7.9098     7.8925    24.3513   12.21137 1.3660e-01     45.069 0.0000e+00
        586 168.496623    0.04063     2.4375    146.250  1024.5578  49601.063    31.2574     44.923    6.77758     7.9186     7.9035    24.3501   12.20850 1.3735e-01     45.351 0.0000e+00
        587 168.496626    0.04069     2.4417    146.500  1024.5563  49596.502    31.2558     45.205    6.77604     7.9256     7.9140    24.3474   12.20597 1.3779e-01     45.637 0.0000e+00
        588 168.496629    0.04076     2.4458    146.750  1024.5549  49592.035    31.2539     45.490    6.77476     7.9310     7.9228    24.3447   12.20388 1.3801e-01     45.925 0.0000e+00
        589 168.496632    0.04083     2.4500    147.000  1024.5541  49588.573    31.2525     45.775    6.77374     7.9349     7.9299    24.3426   12.20221 1.3805e-01     46.212 0.0000e+00
        590 168.496635    0.04090     2.4542    147.250  1024.5536  49585.451    31.2510     46.059    6.77297     7.9370     7.9353    24.3407   12.20095 1.3797e-01     46.499 0.0000e+00
        591 168.496638    0.04097     2.4583    147.500  1024.5528  49582.047    31.2491     46.342    6.77245     7.9369     7.9392    24.3387   12.20011 1.3780e-01     46.784 0.0000e+00
        592 168.496641    0.04104     2.4625    147.750  1024.5517  49577.904    31.2465     46.623    6.77223     7.9347     7.9414    24.3363   12.19979 1.3755e-01     47.069 0.0000e+00
        593 168.496644    0.04111     2.4667    148.000  1024.5509  49574.098    31.2437     46.905    6.77236     7.9306     7.9414    24.3341   12.20003 1.3723e-01     47.353 0.0000e+00
        594 168.496646    0.04118     2.4708    148.250  1024.5507  49571.483    31.2414     47.186    6.77280     7.9249     7.9392    24.3326   12.20080 1.3688e-01     47.637 0.0000e+00
        595 168.496649    0.04125     2.4750    148.500  1024.5507  49569.245    31.2390     47.466    6.77353     7.9177     7.9351    24.3314   12.20204 1.3657e-01     47.920 0.0000e+00
