CTD-processing/allCTD/CNV--homogene/2016_02-16_t7_s06_cast159.cnv
* Sea-Bird SBE19plus Data File:
* FileName = C:\Users\Kris.Holderied\Documents\kasitsna\Research-KBL\Oceanography-AK\CTD-Data-ALL-to-2016-02\2016-CTD-KachemakBay-CookInlet\2016-02-CookInlet-quarterly\2016-02-16-CookInlet-Tran7-Augustine\2016-02-16-CookInlet-Tran7-cast159.hex
* Software Version 1.59
* Temperature SN =  5028
* Conductivity SN =  5028
* System UpLoad Time = Feb 16 2016 10:47:31
** Cook Inlet LTM Tran7 Augustine East to West

** Date: 02-16
** Station: 7-06
** Start time (AKST): 05:18
** Depth (m): 55
** Comment:  R/V Pandalus
** Comment:
# nquan = 17
# nvalues = 542                         
# units = specified
# name 0 = scan: Scan Count
# name 1 = timeJ: Julian Days
# name 2 = timeH: Time, Elapsed [hours]
# name 3 = timeM: Time, Elapsed [minutes]
# name 4 = timeS: Time, Elapsed [seconds]
# name 5 = density00: Density [density, kg/m^3]
# name 6 = specc: Specific Conductance [uS/cm]
# name 7 = sal00: Salinity, Practical [PSU]
# name 8 = depSM: Depth [salt water, m], lat = 59.00
# name 9 = oxsolML/L: Oxygen Saturation, Garcia & Gordon [ml/l]
# name 10 = potemp090C: Potential Temperature [ITS-90, deg C]
# name 11 = tv290C: Temperature [ITS-90, deg C]
# name 12 = sigma-é00: Density [sigma-theta, kg/m^3]
# name 13 = n2satML/L: Nitrogen Saturation [ml/l]
# name 14 = par: PAR/Irradiance, Biospherical/Licor
# name 15 = prdM: Pressure, Strain Gauge [db]
# name 16 = flag:  0.000e+00
# span 0 =          1,        542       
# span 1 =  47.221470,  47.223035       
# span 2 =    0.00000,    0.03757       
# span 3 =     0.0000,     2.2542       
# span 4 =      0.000,    135.250       
# span 5 =  1000.7678,  1025.0030       
# span 6 =   2010.323,  50379.641       
# span 7 =     0.9865,    31.3891       
# span 8 =     -0.139,     55.913       
# span 9 =    7.13567,    9.11457       
# span 10 =     3.9815,     5.6460      
# span 11 =     3.9815,     5.6468      
# span 12 =     0.7685,    24.7438      
# span 13 =   12.79887,   16.53839      
# span 14 = 3.7976e-02, 3.3854e-01      
# span 15 =     -0.140,     56.449      
# span 16 = 0.0000e+00, 0.0000e+00      
# interval = seconds: 0.25
# start_time = Feb 16 2016 05:18:55 [Instrument's time stamp, header]
# bad_flag = -9.990e-29
*END*
[from data line 426]
        427  47.222703    0.02958     1.7750    106.500  1024.8864  50363.488    31.3874     30.952    7.13716     5.6352     5.6376    24.7417   12.80132 3.7976e-02     31.246 0.0000e+00
        428  47.222705    0.02965     1.7792    106.750  1024.8872  50363.489    31.3873     31.137    7.13716     5.6351     5.6376    24.7416   12.80133 3.7976e-02     31.433 0.0000e+00
        429  47.222708    0.02972     1.7833    107.000  1024.8881  50363.594    31.3872     31.330    7.13717     5.6351     5.6375    24.7416   12.80134 3.7976e-02     31.628 0.0000e+00
        430  47.222711    0.02979     1.7875    107.250  1024.8892  50363.874    31.3873     31.535    7.13717     5.6351     5.6375    24.7417   12.80135 3.7976e-02     31.835 0.0000e+00
        431  47.222714    0.02986     1.7917    107.500  1024.8903  50364.193    31.3874     31.749    7.13718     5.6351     5.6375    24.7418   12.80135 3.7976e-02     32.052 0.0000e+00
        432  47.222717    0.02993     1.7958    107.750  1024.8913  50364.341    31.3874     31.973    7.13718     5.6350     5.6375    24.7418   12.80135 3.7976e-02     32.277 0.0000e+00
        433  47.222720    0.03000     1.8000    108.000  1024.8923  50364.361    31.3873     32.202    7.13718     5.6350     5.6375    24.7417   12.80135 3.7976e-02     32.509 0.0000e+00
        434  47.222723    0.03007     1.8042    108.250  1024.8934  50364.497    31.3873     32.435    7.13718     5.6351     5.6375    24.7417   12.80135 3.7976e-02     32.744 0.0000e+00
        435  47.222726    0.03014     1.8083    108.500  1024.8946  50364.850    31.3874     32.668    7.13717     5.6352     5.6375    24.7418   12.80133 3.7976e-02     32.979 0.0000e+00
        436  47.222729    0.03021     1.8125    108.750  1024.8958  50365.268    31.3876     32.899    7.13715     5.6355     5.6376    24.7420   12.80130 3.7976e-02     33.213 0.0000e+00
        437  47.222731    0.03028     1.8167    109.000  1024.8970  50365.624    31.3878     33.127    7.13712     5.6358     5.6378    24.7421   12.80124 3.7976e-02     33.442 0.0000e+00
        438  47.222734    0.03035     1.8208    109.250  1024.8982  50365.956    31.3880     33.351    7.13707     5.6361     5.6380    24.7422   12.80115 3.7976e-02     33.668 0.0000e+00
        439  47.222737    0.03042     1.8250    109.500  1024.8992  50366.168    31.3881     33.571    7.13701     5.6364     5.6383    24.7422   12.80106 3.7976e-02     33.891 0.0000e+00
        440  47.222740    0.03049     1.8292    109.750  1024.9002  50366.155    31.3880     33.790    7.13695     5.6367     5.6387    24.7422   12.80096 3.7976e-02     34.112 0.0000e+00
        441  47.222743    0.03056     1.8333    110.000  1024.9011  50365.984    31.3879     34.009    7.13689     5.6369     5.6391    24.7420   12.80087 3.7976e-02     34.333 0.0000e+00
        442  47.222746    0.03062     1.8375    110.250  1024.9019  50365.774    31.3877     34.230    7.13685     5.6370     5.6394    24.7418   12.80081 3.7976e-02     34.556 0.0000e+00
        443  47.222749    0.03069     1.8417    110.500  1024.9028  50365.627    31.3875     34.453    7.13682     5.6370     5.6396    24.7416   12.80077 3.7976e-02     34.781 0.0000e+00
        444  47.222752    0.03076     1.8458    110.750  1024.9037  50365.543    31.3874     34.676    7.13682     5.6369     5.6396    24.7415   12.80076 3.7976e-02     35.006 0.0000e+00
        445  47.222755    0.03083     1.8500    111.000  1024.9047  50365.493    31.3872     34.897    7.13682     5.6368     5.6396    24.7414   12.80077 3.7976e-02     35.230 0.0000e+00
        446  47.222758    0.03090     1.8542    111.250  1024.9056  50365.486    31.3871     35.115    7.13684     5.6367     5.6396    24.7413   12.80079 3.7976e-02     35.450 0.0000e+00
        447  47.222760    0.03097     1.8583    111.500  1024.9066  50365.577    31.3871     35.328    7.13685     5.6366     5.6395    24.7413   12.80082 3.7976e-02     35.665 0.0000e+00
        448  47.222763    0.03104     1.8625    111.750  1024.9076  50365.810    31.3871     35.535    7.13687     5.6365     5.6394    24.7413   12.80085 3.7976e-02     35.874 0.0000e+00
        449  47.222766    0.03111     1.8667    112.000  1024.9086  50366.119    31.3872     35.737    7.13688     5.6366     5.6393    24.7414   12.80086 3.7976e-02     36.078 0.0000e+00
        450  47.222769    0.03118     1.8708    112.250  1024.9096  50366.411    31.3873     35.937    7.13688     5.6367     5.6393    24.7415   12.80085 3.7976e-02     36.280 0.0000e+00
        451  47.222772    0.03125     1.8750    112.500  1024.9106  50366.629    31.3874     36.138    7.13686     5.6368     5.6394    24.7415   12.80083 3.7976e-02     36.483 0.0000e+00
        452  47.222775    0.03132     1.8792    112.750  1024.9115  50366.730    31.3874     36.345    7.13685     5.6368     5.6395    24.7415   12.80080 3.7976e-02     36.691 0.0000e+00
        453  47.222778    0.03139     1.8833    113.000  1024.9125  50366.727    31.3873     36.560    7.13683     5.6368     5.6396    24.7415   12.80077 3.7976e-02     36.908 0.0000e+00
        454  47.222781    0.03146     1.8875    113.250  1024.9134  50366.671    31.3871     36.785    7.13682     5.6367     5.6397    24.7414   12.80076 3.7976e-02     37.135 0.0000e+00
        455  47.222784    0.03153     1.8917    113.500  1024.9144  50366.608    31.3870     37.020    7.13683     5.6365     5.6397    24.7412   12.80078 3.7976e-02     37.372 0.0000e+00
        456  47.222786    0.03160     1.8958    113.750  1024.9154  50366.580    31.3868     37.263    7.13685     5.6362     5.6396    24.7411   12.80082 3.7976e-02     37.618 0.0000e+00
        457  47.222789    0.03167     1.9000    114.000  1024.9165  50366.615    31.3867     37.511    7.13689     5.6358     5.6394    24.7410   12.80089 3.7976e-02     37.868 0.0000e+00
        458  47.222792    0.03174     1.9042    114.250  1024.9176  50366.734    31.3866     37.757    7.13695     5.6354     5.6391    24.7410   12.80098 3.7976e-02     38.117 0.0000e+00
        459  47.222795    0.03181     1.9083    114.500  1024.9187  50366.981    31.3866     37.997    7.13701     5.6350     5.6387    24.7410   12.80109 3.7976e-02     38.359 0.0000e+00
        460  47.222798    0.03188     1.9125    114.750  1024.9199  50367.324    31.3866     38.226    7.13708     5.6346     5.6383    24.7411   12.80120 3.7976e-02     38.591 0.0000e+00
        461  47.222801    0.03194     1.9167    115.000  1024.9210  50367.625    31.3867     38.444    7.13714     5.6342     5.6379    24.7411   12.80130 3.7976e-02     38.810 0.0000e+00
        462  47.222804    0.03201     1.9208    115.250  1024.9220  50367.907    31.3867     38.650    7.13721     5.6339     5.6376    24.7412   12.80141 3.7976e-02     39.019 0.0000e+00
        463  47.222807    0.03208     1.9250    115.500  1024.9231  50368.318    31.3868     38.848    7.13726     5.6337     5.6372    24.7413   12.80150 3.7976e-02     39.218 0.0000e+00
        464  47.222810    0.03215     1.9292    115.750  1024.9242  50368.789    31.3870     39.040    7.13730     5.6335     5.6369    24.7415   12.80156 3.7976e-02     39.412 0.0000e+00
        465  47.222813    0.03222     1.9333    116.000  1024.9252  50369.116    31.3871     39.233    7.13733     5.6333     5.6367    24.7416   12.80161 3.7976e-02     39.607 0.0000e+00
        466  47.222815    0.03229     1.9375    116.250  1024.9261  50369.315    31.3871     39.429    7.13736     5.6332     5.6365    24.7416   12.80165 3.7976e-02     39.805 0.0000e+00
        467  47.222818    0.03236     1.9417    116.500  1024.9271  50369.620    31.3871     39.634    7.13738     5.6331     5.6364    24.7417   12.80169 3.7976e-02     40.012 0.0000e+00
        468  47.222821    0.03243     1.9458    116.750  1024.9283  50370.090    31.3873     39.848    7.13739     5.6331     5.6362    24.7419   12.80171 3.7976e-02     40.228 0.0000e+00
        469  47.222824    0.03250     1.9500    117.000  1024.9295  50370.505    31.3875     40.074    7.13739     5.6331     5.6362    24.7420   12.80170 3.7976e-02     40.456 0.0000e+00
        470  47.222827    0.03257     1.9542    117.250  1024.9307  50370.742    31.3876     40.308    7.13738     5.6332     5.6362    24.7421   12.80169 3.7976e-02     40.692 0.0000e+00
        471  47.222830    0.03264     1.9583    117.500  1024.9318  50371.001    31.3876     40.549    7.13737     5.6333     5.6363    24.7421   12.80167 3.7976e-02     40.935 0.0000e+00
        472  47.222833    0.03271     1.9625    117.750  1024.9331  50371.424    31.3878     40.791    7.13735     5.6335     5.6364    24.7423   12.80163 3.7976e-02     41.180 0.0000e+00
        473  47.222836    0.03278     1.9667    118.000  1024.9343  50371.775    31.3880     41.029    7.13732     5.6337     5.6365    24.7424   12.80157 3.7976e-02     41.421 0.0000e+00
        474  47.222839    0.03285     1.9708    118.250  1024.9354  50371.885    31.3880     41.260    7.13728     5.6339     5.6367    24.7424   12.80151 3.7976e-02     41.654 0.0000e+00
        475  47.222841    0.03292     1.9750    118.500  1024.9363  50371.837    31.3879     41.479    7.13725     5.6340     5.6369    24.7423   12.80146 3.7976e-02     41.876 0.0000e+00
        476  47.222844    0.03299     1.9792    118.750  1024.9372  50371.704    31.3877     41.686    7.13723     5.6341     5.6371    24.7421   12.80142 3.7976e-02     42.084 0.0000e+00
        477  47.222847    0.03306     1.9833    119.000  1024.9379  50371.577    31.3876     41.880    7.13721     5.6342     5.6373    24.7420   12.80139 3.7976e-02     42.280 0.0000e+00
        478  47.222850    0.03313     1.9875    119.250  1024.9387  50371.559    31.3875     42.066    7.13719     5.6342     5.6374    24.7419   12.80137 3.7976e-02     42.467 0.0000e+00
        479  47.222853    0.03319     1.9917    119.500  1024.9395  50371.652    31.3875     42.249    7.13718     5.6343     5.6375    24.7419   12.80135 3.7977e-02     42.652 0.0000e+00
        480  47.222856    0.03326     1.9958    119.750  1024.9404  50371.792    31.3875     42.436    7.13717     5.6344     5.6375    24.7419   12.80133 3.7977e-02     42.840 0.0000e+00
        481  47.222859    0.03333     2.0000    120.000  1024.9413  50371.950    31.3875     42.633    7.13715     5.6345     5.6376    24.7419   12.80129 3.7977e-02     43.040 0.0000e+00
        482  47.222862    0.03340     2.0042    120.250  1024.9423  50372.083    31.3875     42.846    7.13713     5.6346     5.6377    24.7419   12.80126 3.7978e-02     43.255 0.0000e+00
        483  47.222865    0.03347     2.0083    120.500  1024.9434  50372.153    31.3875     43.077    7.13711     5.6347     5.6379    24.7419   12.80122 3.7980e-02     43.488 0.0000e+00
        484  47.222867    0.03354     2.0125    120.750  1024.9445  50372.238    31.3875     43.326    7.13709     5.6346     5.6380    24.7419   12.80120 3.7983e-02     43.740 0.0000e+00
        485  47.222870    0.03361     2.0167    121.000  1024.9457  50372.368    31.3874     43.591    7.13709     5.6345     5.6380    24.7418   12.80120 3.7987e-02     44.007 0.0000e+00
        486  47.222873    0.03368     2.0208    121.250  1024.9470  50372.463    31.3874     43.867    7.13710     5.6344     5.6380    24.7418   12.80121 3.7995e-02     44.286 0.0000e+00
        487  47.222876    0.03375     2.0250    121.500  1024.9482  50372.548    31.3873     44.148    7.13711     5.6342     5.6380    24.7417   12.80123 3.8007e-02     44.569 0.0000e+00
        488  47.222879    0.03382     2.0292    121.750  1024.9494  50372.626    31.3872     44.428    7.13713     5.6340     5.6379    24.7417   12.80127 3.8027e-02     44.853 0.0000e+00
        489  47.222882    0.03389     2.0333    122.000  1024.9506  50372.648    31.3871     44.703    7.13717     5.6337     5.6377    24.7416   12.80133 3.8062e-02     45.130 0.0000e+00
        490  47.222885    0.03396     2.0375    122.250  1024.9518  50372.732    31.3870     44.967    7.13721     5.6335     5.6375    24.7415   12.80140 3.8119e-02     45.396 0.0000e+00
        491  47.222888    0.03403     2.0417    122.500  1024.9530  50372.961    31.3869     45.217    7.13725     5.6332     5.6372    24.7415   12.80147 3.8214e-02     45.649 0.0000e+00
        492  47.222891    0.03410     2.0458    122.750  1024.9542  50373.277    31.3870     45.453    7.13728     5.6330     5.6370    24.7416   12.80153 3.8274e-02     45.887 0.0000e+00
        493  47.222894    0.03417     2.0500    123.000  1024.9553  50373.633    31.3871     45.674    7.13732     5.6328     5.6367    24.7417   12.80158 3.8214e-02     46.110 0.0000e+00
        494  47.222896    0.03424     2.0542    123.250  1024.9564  50373.945    31.3871     45.884    7.13734     5.6326     5.6365    24.7418   12.80163 3.8119e-02     46.322 0.0000e+00
        495  47.222899    0.03431     2.0583    123.500  1024.9574  50374.149    31.3871     46.087    7.13737     5.6324     5.6363    24.7418   12.80168 3.8062e-02     46.527 0.0000e+00
        496  47.222902    0.03438     2.0625    123.750  1024.9583  50374.267    31.3871     46.287    7.13741     5.6321     5.6362    24.7418   12.80174 3.8028e-02     46.729 0.0000e+00
        497  47.222905    0.03444     2.0667    124.000  1024.9592  50374.333    31.3870     46.490    7.13744     5.6318     5.6360    24.7418   12.80180 3.8007e-02     46.934 0.0000e+00
        498  47.222908    0.03451     2.0708    124.250  1024.9601  50374.422    31.3869     46.698    7.13749     5.6315     5.6358    24.7417   12.80187 3.7994e-02     47.144 0.0000e+00
        499  47.222911    0.03458     2.0750    124.500  1024.9611  50374.638    31.3869     46.914    7.13754     5.6313     5.6355    24.7417   12.80196 3.7987e-02     47.362 0.0000e+00
        500  47.222914    0.03465     2.0792    124.750  1024.9623  50375.078    31.3870     47.137    7.13759     5.6312     5.6352    24.7419   12.80203 3.7983e-02     47.587 0.0000e+00
        501  47.222917    0.03472     2.0833    125.000  1024.9637  50375.824    31.3874     47.368    7.13761     5.6314     5.6349    24.7422   12.80206 3.7980e-02     47.820 0.0000e+00
        502  47.222920    0.03479     2.0875    125.250  1024.9652  50376.694    31.3879     47.604    7.13760     5.6317     5.6349    24.7425   12.80204 3.7979e-02     48.059 0.0000e+00
        503  47.222922    0.03486     2.0917    125.500  1024.9666  50377.310    31.3882     47.844    7.13756     5.6321     5.6350    24.7428   12.80196 3.7978e-02     48.301 0.0000e+00
        504  47.222925    0.03493     2.0958    125.750  1024.9678  50377.592    31.3883     48.084    7.13749     5.6326     5.6353    24.7429   12.80185 3.7977e-02     48.543 0.0000e+00
        505  47.222928    0.03500     2.1000    126.000  1024.9690  50377.857    31.3885     48.320    7.13741     5.6334     5.6358    24.7430   12.80171 3.7977e-02     48.782 0.0000e+00
        506  47.222931    0.03507     2.1042    126.250  1024.9702  50378.314    31.3888     48.550    7.13729     5.6343     5.6364    24.7432   12.80153 3.7976e-02     49.014 0.0000e+00
        507  47.222934    0.03514     2.1083    126.500  1024.9714  50378.606    31.3891     48.772    7.13716     5.6352     5.6371    24.7433   12.80130 3.7976e-02     49.239 0.0000e+00
        508  47.222937    0.03521     2.1125    126.750  1024.9722  50378.361    31.3890     48.987    7.13701     5.6359     5.6380    24.7431   12.80105 3.7976e-02     49.456 0.0000e+00
        509  47.222940    0.03528     2.1167    127.000  1024.9728  50377.801    31.3887     49.195    7.13687     5.6364     5.6389    24.7428   12.80083 3.7976e-02     49.666 0.0000e+00
        510  47.222943    0.03535     2.1208    127.250  1024.9734  50377.250    31.3884     49.399    7.13676     5.6368     5.6397    24.7424   12.80065 3.7976e-02     49.871 0.0000e+00
