CTD-processing/allCTD/CNV--homogene/2016_10-13_t4_s09_cast158.cnv
* Sea-Bird SBE19plus Data File:
* FileName = P:\My Documents\kasitsna\Research-KBL\Oceanography-AK\CTD-Data-ALL-to-2016-05\2016-CTD-KachemakBay-CookInlet\2016-10-13-CookInlet-Tran4\2016-10-13-CookInlet-Tran4-cast158.hex
* Software Version 1.59
* Temperature SN =  5028
* Conductivity SN =  5028
* System UpLoad Time = Dec 06 2016 20:41:45
** Cook Inlet LTM Tran 4 Barabara south to north
** Date: (YYYY-MM-DD): 2016-10-13
** Station: (eg. 9-01): 4-09
** Start time (AKDT): 16:28
** Depth (m): 27.7
** Comment: R/V Edgecumbe
** Comment:
# nquan = 17
# nvalues = 405                         
# units = specified
# name 0 = scan: Scan Count
# name 1 = timeJ: Julian Days
# name 2 = timeH: Time, Elapsed [hours]
# name 3 = timeM: Time, Elapsed [minutes]
# name 4 = timeS: Time, Elapsed [seconds]
# name 5 = density00: Density [density, kg/m^3]
# name 6 = specc: Specific Conductance [uS/cm]
# name 7 = sal00: Salinity, Practical [PSU]
# name 8 = depSM: Depth [salt water, m], lat = 59.00
# name 9 = oxsolML/L: Oxygen Saturation, Garcia & Gordon [ml/l]
# name 10 = potemp090C: Potential Temperature [ITS-90, deg C]
# name 11 = tv290C: Temperature [ITS-90, deg C]
# name 12 = sigma-é00: Density [sigma-theta, kg/m^3]
# name 13 = n2satML/L: Nitrogen Saturation [ml/l]
# name 14 = par: PAR/Irradiance, Biospherical/Licor
# name 15 = prdM: Pressure, Strain Gauge [db]
# name 16 = flag:  0.000e+00
# span 0 =          1,        405       
# span 1 = 287.686597, 287.687766       
# span 2 =    0.00000,    0.02806       
# span 3 =     0.0000,     1.6833       
# span 4 =      0.000,    101.000       
# span 5 =  1022.3555,  1022.8283       
# span 6 =  46156.618,  46806.117       
# span 7 =    29.2147,    29.6544       
# span 8 =      0.329,     27.162       
# span 9 =    6.45246,    6.49507       
# span 10 =    10.3404,    10.6570      
# span 11 =    10.3429,    10.6580      
# span 12 =    22.3537,    22.7041      
# span 13 =   11.69258,   11.76277      
# span 14 = 1.1577e-01, 4.6289e+02      
# span 15 =      0.332,     27.421      
# span 16 = 0.0000e+00, 0.0000e+00      
# interval = seconds: 0.25
# start_time = Oct 13 2016 16:28:42 [Instrument's time stamp, header]
# bad_flag = -9.990e-29
*END*
[from data line 341]
        342 287.687584    0.02368     1.4208     85.250  1022.5668  46431.927    29.4066     15.427    6.46421    10.5548    10.5698    22.4962   11.71189 2.7234e+00     15.574 0.0000e+00
        343 287.687587    0.02375     1.4250     85.500  1022.5662  46428.535    29.4035     15.629    6.46514    10.5459    10.5641    22.4947   11.71347 2.5816e+00     15.777 0.0000e+00
        344 287.687590    0.02382     1.4292     85.750  1022.5667  46426.645    29.4012     15.844    6.46629    10.5368    10.5566    22.4942   11.71540 2.4360e+00     15.994 0.0000e+00
        345 287.687593    0.02389     1.4333     86.000  1022.5693  46428.420    29.4014     16.070    6.46753    10.5289    10.5477    22.4958   11.71746 2.2909e+00     16.223 0.0000e+00
        346 287.687595    0.02396     1.4375     86.250  1022.5736  46433.132    29.4036     16.301    6.46871    10.5225    10.5387    22.4990   11.71940 2.1515e+00     16.456 0.0000e+00
        347 287.687598    0.02403     1.4417     86.500  1022.5781  46438.465    29.4064     16.530    6.46972    10.5176    10.5307    22.5024   11.72103 2.0221e+00     16.687 0.0000e+00
        348 287.687601    0.02410     1.4458     86.750  1022.5819  46442.667    29.4085     16.752    6.47052    10.5136    10.5244    22.5052   11.72234 1.9045e+00     16.911 0.0000e+00
        349 287.687604    0.02417     1.4500     87.000  1022.5847  46445.480    29.4099     16.966    6.47115    10.5102    10.5195    22.5070   11.72338 1.8000e+00     17.127 0.0000e+00
        350 287.687607    0.02424     1.4542     87.250  1022.5870  46447.540    29.4108     17.167    6.47167    10.5074    10.5155    22.5084   11.72423 1.7090e+00     17.329 0.0000e+00
        351 287.687610    0.02431     1.4583     87.500  1022.5890  46449.204    29.4115     17.353    6.47211    10.5048    10.5122    22.5095   11.72495 1.6306e+00     17.517 0.0000e+00
        352 287.687613    0.02438     1.4625     87.750  1022.5905  46450.217    29.4118     17.524    6.47250    10.5020    10.5093    22.5103   11.72559 1.5622e+00     17.690 0.0000e+00
        353 287.687616    0.02444     1.4667     88.000  1022.5914  46450.267    29.4115     17.685    6.47288    10.4987    10.5067    22.5105   11.72622 1.4995e+00     17.853 0.0000e+00
        354 287.687619    0.02451     1.4708     88.250  1022.5919  46449.509    29.4106     17.844    6.47331    10.4946    10.5040    22.5102   11.72693 1.4376e+00     18.014 0.0000e+00
        355 287.687622    0.02458     1.4750     88.500  1022.5922  46448.400    29.4094     18.012    6.47382    10.4895    10.5007    22.5098   11.72780 1.3725e+00     18.183 0.0000e+00
        356 287.687624    0.02465     1.4792     88.750  1022.5924  46446.749    29.4078     18.195    6.47446    10.4829    10.4967    22.5092   11.72888 1.3029e+00     18.368 0.0000e+00
        357 287.687627    0.02472     1.4833     89.000  1022.5923  46444.120    29.4053     18.397    6.47528    10.4744    10.4916    22.5081   11.73027 1.2299e+00     18.572 0.0000e+00
        358 287.687630    0.02479     1.4875     89.250  1022.5921  46441.130    29.4024     18.616    6.47633    10.4639    10.4850    22.5069   11.73205 1.1559e+00     18.793 0.0000e+00
        359 287.687633    0.02486     1.4917     89.500  1022.5925  46438.785    29.3997     18.845    6.47764    10.4518    10.4765    22.5062   11.73426 1.0837e+00     19.023 0.0000e+00
        360 287.687636    0.02493     1.4958     89.750  1022.5935  46437.259    29.3973     19.076    6.47921    10.4385    10.4661    22.5061   11.73689 1.0150e+00     19.256 0.0000e+00
        361 287.687639    0.02500     1.5000     90.000  1022.5954  46437.219    29.3959     19.306    6.48098    10.4250    10.4540    22.5070   11.73984 9.5078e-01     19.488 0.0000e+00
        362 287.687642    0.02507     1.5042     90.250  1022.5988  46439.970    29.3962     19.531    6.48284    10.4123    10.4407    22.5094   11.74292 8.9130e-01     19.716 0.0000e+00
        363 287.687645    0.02514     1.5083     90.500  1022.6038  46445.464    29.3984     19.749    6.48466    10.4012    10.4272    22.5134   11.74591 8.3672e-01     19.935 0.0000e+00
        364 287.687648    0.02521     1.5125     90.750  1022.6095  46452.607    29.4020     19.955    6.48631    10.3921    10.4145    22.5182   11.74861 7.8772e-01     20.144 0.0000e+00
        365 287.687650    0.02528     1.5167     91.000  1022.6153  46460.029    29.4059     20.147    6.48771    10.3849    10.4034    22.5230   11.75089 7.4476e-01     20.338 0.0000e+00
        366 287.687653    0.02535     1.5208     91.250  1022.6204  46466.683    29.4095     20.323    6.48885    10.3793    10.3944    22.5273   11.75273 7.0744e-01     20.516 0.0000e+00
        367 287.687656    0.02542     1.5250     91.500  1022.6247  46472.263    29.4125     20.485    6.48974    10.3749    10.3872    22.5308   11.75418 6.7421e-01     20.679 0.0000e+00
        368 287.687659    0.02549     1.5292     91.750  1022.6280  46476.402    29.4147     20.640    6.49044    10.3709    10.3816    22.5334   11.75531 6.4276e-01     20.836 0.0000e+00
        369 287.687662    0.02556     1.5333     92.000  1022.6303  46478.882    29.4159     20.799    6.49102    10.3667    10.3772    22.5351   11.75625 6.1079e-01     20.997 0.0000e+00
        370 287.687665    0.02562     1.5375     92.250  1022.6320  46480.067    29.4162     20.974    6.49156    10.3619    10.3732    22.5360   11.75715 5.7717e-01     21.173 0.0000e+00
        371 287.687668    0.02569     1.5417     92.500  1022.6337  46480.897    29.4162     21.170    6.49215    10.3567    10.3690    22.5367   11.75813 5.4205e-01     21.370 0.0000e+00
        372 287.687671    0.02576     1.5458     92.750  1022.6360  46482.829    29.4170     21.385    6.49280    10.3515    10.3643    22.5380   11.75919 5.0653e-01     21.587 0.0000e+00
        373 287.687674    0.02583     1.5500     93.000  1022.6394  46486.641    29.4190     21.610    6.49346    10.3472    10.3590    22.5404   11.76027 4.7263e-01     21.815 0.0000e+00
        374 287.687677    0.02590     1.5542     93.250  1022.6436  46491.800    29.4219     21.834    6.49406    10.3441    10.3539    22.5436   11.76123 4.4235e-01     22.041 0.0000e+00
        375 287.687679    0.02597     1.5583     93.500  1022.6478  46497.237    29.4251     22.043    6.49453    10.3420    10.3496    22.5468   11.76198 4.1640e-01     22.252 0.0000e+00
        376 287.687682    0.02604     1.5625     93.750  1022.6516  46502.292    29.4282     22.235    6.49485    10.3409    10.3465    22.5497   11.76246 3.9420e-01     22.446 0.0000e+00
        377 287.687685    0.02611     1.5667     94.000  1022.6550  46506.737    29.4311     22.414    6.49502    10.3404    10.3445    22.5523   11.76271 3.7454e-01     22.627 0.0000e+00
        378 287.687688    0.02618     1.5708     94.250  1022.6579  46510.585    29.4336     22.585    6.49507    10.3405    10.3434    22.5544   11.76277 3.5643e-01     22.800 0.0000e+00
        379 287.687691    0.02625     1.5750     94.500  1022.6607  46514.410    29.4361     22.755    6.49502    10.3411    10.3429    22.5565   11.76266 3.3927e-01     22.971 0.0000e+00
        380 287.687694    0.02632     1.5792     94.750  1022.6640  46519.066    29.4393     22.925    6.49487    10.3423    10.3430    22.5590   11.76238 3.2282e-01     23.142 0.0000e+00
        381 287.687697    0.02639     1.5833     95.000  1022.6681  46525.329    29.4437     23.097    6.49460    10.3443    10.3437    22.5623   11.76187 3.0691e-01     23.316 0.0000e+00
        382 287.687700    0.02646     1.5875     95.250  1022.6736  46534.254    29.4501     23.274    6.49417    10.3474    10.3449    22.5670   11.76108 2.9123e-01     23.495 0.0000e+00
        383 287.687703    0.02653     1.5917     95.500  1022.6815  46547.656    29.4596     23.461    6.49349    10.3523    10.3469    22.5741   11.75984 2.7548e-01     23.684 0.0000e+00
        384 287.687705    0.02660     1.5958     95.750  1022.6933  46568.074    29.4742     23.661    6.49244    10.3596    10.3500    22.5850   11.75792 2.5959e-01     23.886 0.0000e+00
        385 287.687708    0.02667     1.6000     96.000  1022.7100  46597.610    29.4954     23.875    6.49087    10.3701    10.3549    22.6006   11.75507 2.4384e-01     24.102 0.0000e+00
        386 287.687711    0.02674     1.6042     96.250  1022.7321  46637.469    29.5241     24.101    6.48864    10.3839    10.3623    22.6218   11.75102 2.2872e-01     24.330 0.0000e+00
        387 287.687714    0.02681     1.6083     96.500  1022.7579  46684.358    29.5580     24.330    6.48575    10.3999    10.3728    22.6465   11.74581 2.1478e-01     24.561 0.0000e+00
        388 287.687717    0.02688     1.6125     96.750  1022.7813  46727.285    29.5896     24.553    6.48248    10.4158    10.3866    22.6689   11.74001 2.0235e-01     24.786 0.0000e+00
        389 287.687720    0.02694     1.6167     97.000  1022.7974  46757.393    29.6124     24.765    6.47927    10.4301    10.4026    22.6840   11.73442 1.9151e-01     25.000 0.0000e+00
        390 287.687723    0.02701     1.6208     97.250  1022.8074  46776.362    29.6275     24.964    6.47640    10.4421    10.4186    22.6931   11.72947 1.8212e-01     25.201 0.0000e+00
        391 287.687726    0.02708     1.6250     97.500  1022.8139  46788.764    29.6377     25.151    6.47396    10.4516    10.4329    22.6987   11.72530 1.7398e-01     25.390 0.0000e+00
        392 287.687729    0.02715     1.6292     97.750  1022.8174  46795.496    29.6437     25.328    6.47201    10.4588    10.4449    22.7015   11.72200 1.6688e-01     25.568 0.0000e+00
        393 287.687731    0.02722     1.6333     98.000  1022.8186  46797.689    29.6463     25.493    6.47055    10.4639    10.4545    22.7019   11.71954 1.6069e-01     25.736 0.0000e+00
        394 287.687734    0.02729     1.6375     98.250  1022.8188  46797.898    29.6472     25.649    6.46950    10.4674    10.4617    22.7014   11.71779 1.5528e-01     25.893 0.0000e+00
        395 287.687737    0.02736     1.6417     98.500  1022.8189  46797.635    29.6475     25.798    6.46877    10.4699    10.4668    22.7008   11.71657 1.5051e-01     26.043 0.0000e+00
        396 287.687740    0.02743     1.6458     98.750  1022.8192  46797.539    29.6478     25.943    6.46826    10.4716    10.4703    22.7005   11.71572 1.4611e-01     26.189 0.0000e+00
        397 287.687743    0.02750     1.6500     99.000  1022.8198  46797.812    29.6482     26.091    6.46789    10.4728    10.4728    22.7004   11.71511 1.4177e-01     26.339 0.0000e+00
        398 287.687746    0.02757     1.6542     99.250  1022.8206  46798.331    29.6487     26.246    6.46763    10.4738    10.4746    22.7005   11.71466 1.3736e-01     26.496 0.0000e+00
        399 287.687749    0.02764     1.6583     99.500  1022.8216  46799.102    29.6493     26.410    6.46742    10.4746    10.4758    22.7007   11.71431 1.3291e-01     26.662 0.0000e+00
        400 287.687752    0.02771     1.6625     99.750  1022.8229  46800.361    29.6502     26.581    6.46725    10.4754    10.4768    22.7013   11.71401 1.2852e-01     26.834 0.0000e+00
        401 287.687755    0.02778     1.6667    100.000  1022.8246  46802.170    29.6515     26.750    6.46708    10.4761    10.4776    22.7022   11.71371 1.2438e-01     27.005 0.0000e+00
        402 287.687758    0.02785     1.6708    100.250  1022.8262  46804.065    29.6529     26.909    6.46691    10.4767    10.4784    22.7031   11.71342 1.2074e-01     27.165 0.0000e+00
        403 287.687760    0.02792     1.6750    100.500  1022.8275  46805.388    29.6539     27.042    6.46677    10.4769    10.4791    22.7038   11.71317 1.1793e-01     27.299 0.0000e+00
        404 287.687763    0.02799     1.6792    100.750  1022.8281  46805.979    29.6543     27.131    6.46667 -9.990e-29    10.4797    22.7040   11.71299 1.1628e-01     27.389 0.0000e+00
        405 287.687766    0.02806     1.6833    101.000  1022.8283  46806.117    29.6544     27.162    6.46663 -9.990e-29    10.4799    22.7041   11.71293 1.1577e-01     27.421 0.0000e+00
