CTD-processing/allCTD/CNV--homogene/2016_05-12_t9_s06_cast231.cnv
* Sea-Bird SBE19plus Data File:
* FileName = C:\Users\Kris.Holderied\Documents\kasitsna\Research-KBL\Oceanography-AK\CTD-Data-ALL-to-2016-05\2016-CTD-KachemakBay-CookInlet\2016-05-12-CookInlet-HomerSpit-monthly\2016-05-12-CookInlet-Tran9-cast231.hex
* Software Version 1.59
* Temperature SN =  5028
* Conductivity SN =  5028
* System UpLoad Time = May 16 2016 17:01:58
** Cook Inlet LTM Tran9 Homer Spit north to south
** Date (YYYY-MM-DD): 2016-05-12
** Station (ie. 9-01):  9-06
** Start time (AKST): 13:35
** Depth (m): 100
** Comment:  R/V Edgecumbe
** Comment:
# nquan = 17
# nvalues = 671                         
# units = specified
# name 0 = scan: Scan Count
# name 1 = timeJ: Julian Days
# name 2 = timeH: Time, Elapsed [hours]
# name 3 = timeM: Time, Elapsed [minutes]
# name 4 = timeS: Time, Elapsed [seconds]
# name 5 = density00: Density [density, kg/m^3]
# name 6 = specc: Specific Conductance [uS/cm]
# name 7 = sal00: Salinity, Practical [PSU]
# name 8 = depSM: Depth [salt water, m], lat = 59.00
# name 9 = oxsolML/L: Oxygen Saturation, Garcia & Gordon [ml/l]
# name 10 = potemp090C: Potential Temperature [ITS-90, deg C]
# name 11 = tv290C: Temperature [ITS-90, deg C]
# name 12 = sigma-é00: Density [sigma-theta, kg/m^3]
# name 13 = n2satML/L: Nitrogen Saturation [ml/l]
# name 14 = par: PAR/Irradiance, Biospherical/Licor
# name 15 = prdM: Pressure, Strain Gauge [db]
# name 16 = flag:  0.000e+00
# span 0 =          1,        671       
# span 1 = 133.566470, 133.568409       
# span 2 =    0.00000,    0.04653       
# span 3 =     0.0000,     2.7917       
# span 4 =      0.000,    167.500       
# span 5 =  1000.7291,  1024.9914       
# span 6 =   2230.586,  50026.578       
# span 7 =     1.1333,    31.3208       
# span 8 =      0.121,     91.339       
# span 9 =    6.72773,    8.16977       
# span 10 =     6.6157,     8.4655      
# span 11 =     6.6225,     8.4655      
# span 12 =     0.7285,    24.5668      
# span 13 =   12.13608,   14.94822      
# span 14 = 4.9581e-02, 1.8317e+03      
# span 15 =      0.122,     92.221      
# span 16 = 0.0000e+00, 0.0000e+00      
# interval = seconds: 0.25
# start_time = May 12 2016 13:35:43 [Instrument's time stamp, header]
# bad_flag = -9.990e-29
*END*
[from data line 256]
        257 133.567211    0.01778     1.0667     64.000  1023.6498  48301.250    30.4279      0.958    6.75592     8.2683     8.2831    23.6454   12.18291 1.0845e+02      0.967 0.0000e+00
        258 133.567214    0.01785     1.0708     64.250  1023.6545  48309.317    30.4322      0.964    6.75704     8.2644     8.2746    23.6501   12.18470 1.1388e+02      0.973 0.0000e+00
        259 133.567216    0.01792     1.0750     64.500  1023.6582  48315.753    30.4358      0.967    6.75781     8.2623     8.2684    23.6538   12.18594 1.1425e+02      0.976 0.0000e+00
        260 133.567219    0.01799     1.0792     64.750  1023.6611  48320.836    30.4388      0.965    6.75829     8.2619     8.2645    23.6566   12.18669 1.0771e+02      0.974 0.0000e+00
        261 133.567222    0.01806     1.0833     65.000  1023.6635  48325.230    30.4415      0.961    6.75849     8.2633     8.2624    23.6591   12.18700 9.8544e+01      0.970 0.0000e+00
        262 133.567225    0.01812     1.0875     65.250  1023.6654  48328.709    30.4439      0.956    6.75844     8.2659     8.2620    23.6610   12.18688 9.2118e+01      0.965 0.0000e+00
        263 133.567228    0.01819     1.0917     65.500  1023.6663  48330.435    30.4453      0.956    6.75817     8.2690     8.2634    23.6619   12.18642 9.0231e+01      0.965 0.0000e+00
        264 133.567231    0.01826     1.0958     65.750  1023.6661  48330.048    30.4454      0.962    6.75777     8.2721     8.2660    23.6616   12.18575 9.1755e+01      0.971 0.0000e+00
        265 133.567234    0.01833     1.1000     66.000  1023.6650  48328.224    30.4446      0.969    6.75733     8.2746     8.2691    23.6605   12.18503 9.5359e+01      0.978 0.0000e+00
        266 133.567237    0.01840     1.1042     66.250  1023.6636  48325.799    30.4434      0.972    6.75692     8.2765     8.2721    23.6591   12.18437 1.0029e+02      0.981 0.0000e+00
        267 133.567240    0.01847     1.1083     66.500  1023.6622  48323.213    30.4420      0.970    6.75659     8.2775     8.2747    23.6577   12.18384 1.0190e+02      0.979 0.0000e+00
        268 133.567242    0.01854     1.1125     66.750  1023.6607  48320.612    30.4404      0.964    6.75637     8.2775     8.2766    23.6562   12.18349 9.5907e+01      0.973 0.0000e+00
        269 133.567245    0.01861     1.1167     67.000  1023.6591  48317.932    30.4387      0.958    6.75629     8.2760     8.2776    23.6547   12.18337 8.8005e+01      0.967 0.0000e+00
        270 133.567248    0.01868     1.1208     67.250  1023.6576  48315.142    30.4368      0.960    6.75638     8.2727     8.2776    23.6532   12.18355 8.3386e+01      0.969 0.0000e+00
        271 133.567251    0.01875     1.1250     67.500  1023.6562  48312.393    30.4346      0.975    6.75670     8.2674     8.2761    23.6517   12.18411 8.1080e+01      0.984 0.0000e+00
        272 133.567254    0.01882     1.1292     67.750  1023.6551  48310.000    30.4324      1.006    6.75729     8.2596     8.2728    23.6505   12.18512 8.0151e+01      1.015 0.0000e+00
        273 133.567257    0.01889     1.1333     68.000  1023.6543  48307.849    30.4301      1.051    6.75821     8.2490     8.2675    23.6494   12.18667 8.0043e+01      1.061 0.0000e+00
        274 133.567260    0.01896     1.1375     68.250  1023.6538  48306.121    30.4278      1.108    6.75951     8.2354     8.2597    23.6487   12.18885 7.9917e+01      1.118 0.0000e+00
        275 133.567263    0.01903     1.1417     68.500  1023.6542  48305.792    30.4260      1.174    6.76121     8.2190     8.2491    23.6487   12.19170 7.8589e+01      1.185 0.0000e+00
        276 133.567266    0.01910     1.1458     68.750  1023.6555  48306.964    30.4247      1.251    6.76334     8.1997     8.2355    23.6497   12.19523 7.5552e+01      1.262 0.0000e+00
        277 133.567269    0.01917     1.1500     69.000  1023.6578  48309.713    30.4242      1.343    6.76589     8.1786     8.2191    23.6516   12.19945 7.2344e+01      1.356 0.0000e+00
        278 133.567271    0.01924     1.1542     69.250  1023.6622  48315.886    30.4256      1.458    6.76877     8.1572     8.1998    23.6554   12.20421 7.0543e+01      1.472 0.0000e+00
        279 133.567274    0.01931     1.1583     69.500  1023.6691  48326.479    30.4297      1.597    6.77183     8.1367     8.1787    23.6617   12.20922 7.0138e+01      1.612 0.0000e+00
        280 133.567277    0.01938     1.1625     69.750  1023.6774  48339.464    30.4355      1.758    6.77486     8.1180     8.1573    23.6693   12.21416 7.0290e+01      1.774 0.0000e+00
        281 133.567280    0.01944     1.1667     70.000  1023.6863  48353.354    30.4421      1.936    6.77770     8.1019     8.1369    23.6773   12.21879 7.0030e+01      1.954 0.0000e+00
        282 133.567283    0.01951     1.1708     70.250  1023.6957  48368.318    30.4497      2.126    6.78024     8.0890     8.1182    23.6859   12.22290 6.8929e+01      2.146 0.0000e+00
        283 133.567286    0.01958     1.1750     70.500  1023.7048  48382.783    30.4573      2.325    6.78238     8.0787     8.1022    23.6941   12.22634 6.7181e+01      2.347 0.0000e+00
        284 133.567289    0.01965     1.1792     70.750  1023.7124  48394.345    30.4633      2.532    6.78410     8.0698     8.0892    23.7007   12.22912 6.5211e+01      2.556 0.0000e+00
        285 133.567292    0.01972     1.1833     71.000  1023.7176  48401.872    30.4669      2.746    6.78552     8.0607     8.0789    23.7049   12.23143 6.3300e+01      2.772 0.0000e+00
        286 133.567295    0.01979     1.1875     71.250  1023.7207  48405.404    30.4679      2.967    6.78685     8.0497     8.0701    23.7070   12.23361 6.1439e+01      2.995 0.0000e+00
        287 133.567297    0.01986     1.1917     71.500  1023.7219  48405.480    30.4665      3.193    6.78831     8.0351     8.0610    23.7071   12.23604 5.9444e+01      3.223 0.0000e+00
        288 133.567300    0.01993     1.1958     71.750  1023.7217  48402.829    30.4629      3.426    6.79016     8.0158     8.0500    23.7058   12.23915 5.7165e+01      3.458 0.0000e+00
        289 133.567303    0.02000     1.2000     72.000  1023.7213  48399.820    30.4585      3.662    6.79262     7.9917     8.0354    23.7044   12.24327 5.4645e+01      3.697 0.0000e+00
        290 133.567306    0.02007     1.2042     72.250  1023.7217  48397.888    30.4541      3.902    6.79578     7.9612     8.0162    23.7037   12.24856 5.2028e+01      3.939 0.0000e+00
        291 133.567309    0.02014     1.2083     72.500  1023.7205  48392.800    30.4468      4.144    6.79982     7.9221     7.9921    23.7013   12.25535 4.9452e+01      4.183 0.0000e+00
        292 133.567312    0.02021     1.2125     72.750  1023.7176  48384.617    30.4363      4.387    6.80501     7.8767     7.9616    23.6973   12.26407 4.6989e+01      4.428 0.0000e+00
        293 133.567315    0.02028     1.2167     73.000  1023.7198  48385.346    30.4307      4.627    6.81131     7.8303     7.9226    23.6984   12.27456 4.4618e+01      4.671 0.0000e+00
        294 133.567318    0.02035     1.2208     73.250  1023.7299  48400.525    30.4342      4.863    6.81821     7.7876     7.8772    23.7074   12.28593 4.2293e+01      4.909 0.0000e+00
        295 133.567321    0.02042     1.2250     73.500  1023.7448  48424.407    30.4436      5.094    6.82499     7.7514     7.8309    23.7212   12.29703 4.0019e+01      5.142 0.0000e+00
        296 133.567323    0.02049     1.2292     73.750  1023.7625  48453.703    30.4573      5.323    6.83102     7.7234     7.7882    23.7378   12.30684 3.7831e+01      5.374 0.0000e+00
        297 133.567326    0.02056     1.2333     74.000  1023.7814  48485.522    30.4738      5.553    6.83592     7.7035     7.7520    23.7557   12.31475 3.5754e+01      5.605 0.0000e+00
        298 133.567329    0.02063     1.2375     74.250  1023.7994  48515.828    30.4904      5.783    6.83955     7.6903     7.7239    23.7726   12.32055 3.3792e+01      5.837 0.0000e+00
        299 133.567332    0.02069     1.2417     74.500  1023.8143  48540.767    30.5045      6.014    6.84201     7.6808     7.7041    23.7864   12.32444 3.1906e+01      6.070 0.0000e+00
        300 133.567335    0.02076     1.2458     74.750  1023.8244  48557.025    30.5137      6.245    6.84366     7.6722     7.6909    23.7954   12.32706 3.0041e+01      6.304 0.0000e+00
        301 133.567338    0.02083     1.2500     75.000  1023.8306  48566.423    30.5186      6.477    6.84492     7.6631     7.6814    23.8006   12.32909 2.8195e+01      6.538 0.0000e+00
        302 133.567341    0.02090     1.2542     75.250  1023.8352  48572.703    30.5216      6.710    6.84612     7.6522     7.6729    23.8040   12.33104 2.6394e+01      6.774 0.0000e+00
        303 133.567344    0.02097     1.2583     75.500  1023.8391  48577.864    30.5236      6.945    6.84745     7.6377     7.6638    23.8069   12.33321 2.4657e+01      7.011 0.0000e+00
        304 133.567347    0.02104     1.2625     75.750  1023.8420  48581.048    30.5240      7.184    6.84915     7.6183     7.6528    23.8087   12.33602 2.2981e+01      7.252 0.0000e+00
        305 133.567350    0.02111     1.2667     76.000  1023.8437  48581.856    30.5222      7.427    6.85150     7.5951     7.6384    23.8092   12.33994 2.1353e+01      7.497 0.0000e+00
        306 133.567352    0.02118     1.2708     76.250  1023.8469  48585.462    30.5215      7.677    6.85456     7.5704     7.6191    23.8113   12.34500 1.9759e+01      7.749 0.0000e+00
        307 133.567355    0.02125     1.2750     76.500  1023.8536  48595.374    30.5246      7.932    6.85806     7.5465     7.5959    23.8169   12.35076 1.8213e+01      8.006 0.0000e+00
        308 133.567358    0.02132     1.2792     76.750  1023.8632  48610.344    30.5310      8.190    6.86165     7.5253     7.5712    23.8252   12.35662 1.6750e+01      8.267 0.0000e+00
        309 133.567361    0.02139     1.2833     77.000  1023.8747  48629.007    30.5401      8.448    6.86499     7.5076     7.5473    23.8355   12.36203 1.5405e+01      8.527 0.0000e+00
        310 133.567364    0.02146     1.2875     77.250  1023.8873  48649.741    30.5510      8.703    6.86783     7.4932     7.5261    23.8470   12.36659 1.4193e+01      8.785 0.0000e+00
        311 133.567367    0.02153     1.2917     77.500  1023.8995  48669.818    30.5620      8.953    6.87012     7.4814     7.5084    23.8580   12.37024 1.3109e+01      9.037 0.0000e+00
        312 133.567370    0.02160     1.2958     77.750  1023.9103  48687.416    30.5718      9.196    6.87195     7.4717     7.4940    23.8677   12.37314 1.2128e+01      9.284 0.0000e+00
        313 133.567373    0.02167     1.3000     78.000  1023.9204  48703.739    30.5812      9.435    6.87339     7.4639     7.4822    23.8766   12.37541 1.1215e+01      9.524 0.0000e+00
        314 133.567376    0.02174     1.3042     78.250  1023.9310  48721.270    30.5917      9.670    6.87444     7.4572     7.4726    23.8862   12.37702 1.0344e+01      9.761 0.0000e+00
        315 133.567378    0.02181     1.3083     78.500  1023.9423  48739.960    30.6033      9.906    6.87514     7.4492     7.4648    23.8963   12.37803 9.5048e+00      9.999 0.0000e+00
        316 133.567381    0.02187     1.3125     78.750  1023.9533  48758.188    30.6147     10.144    6.87568     7.4367     7.4581    23.9062   12.37879 8.6944e+00     10.240 0.0000e+00
        317 133.567384    0.02194     1.3167     79.000  1023.9642  48776.155    30.6258     10.386    6.87643     7.4171     7.4502    23.9160   12.37989 7.9170e+00     10.484 0.0000e+00
        318 133.567387    0.02201     1.3208     79.250  1023.9764  48796.443    30.6378     10.630    6.87788     7.3910     7.4376    23.9271   12.38213 7.1743e+00     10.730 0.0000e+00
        319 133.567390    0.02208     1.3250     79.500  1023.9917  48822.305    30.6524     10.876    6.88031     7.3607     7.4180    23.9412   12.38598 6.4630e+00     10.979 0.0000e+00
        320 133.567393    0.02215     1.3292     79.750  1024.0102  48853.997    30.6701     11.127    6.88364     7.3287     7.3920    23.9586   12.39127 5.7837e+00     11.232 0.0000e+00
        321 133.567396    0.02222     1.3333     80.000  1024.0311  48890.010    30.6900     11.382    6.88753     7.2981     7.3617    23.9783   12.39745 5.1438e+00     11.490 0.0000e+00
        322 133.567399    0.02229     1.3375     80.250  1024.0539  48929.614    30.7122     11.644    6.89159     7.2720     7.3297    23.9999   12.40389 4.5514e+00     11.754 0.0000e+00
        323 133.567402    0.02236     1.3417     80.500  1024.0773  48970.134    30.7352     11.913    6.89539     7.2518     7.2992    24.0220   12.40989 4.0124e+00     12.025 0.0000e+00
        324 133.567405    0.02243     1.3458     80.750  1024.0988  49007.043    30.7564     12.187    6.89856     7.2370     7.2731    24.0421   12.41487 3.5298e+00     12.303 0.0000e+00
        325 133.567407    0.02250     1.3500     81.000  1024.1166  49037.473    30.7741     12.465    6.90097     7.2263     7.2529    24.0587   12.41864 3.1036e+00     12.584 0.0000e+00
        326 133.567410    0.02257     1.3542     81.250  1024.1307  49060.990    30.7879     12.746    6.90269     7.2178     7.2381    24.0715   12.42131 2.7298e+00     12.867 0.0000e+00
        327 133.567413    0.02264     1.3583     81.500  1024.1415  49078.570    30.7982     13.028    6.90393     7.2097     7.2274    24.0810   12.42323 2.4023e+00     13.152 0.0000e+00
        328 133.567416    0.02271     1.3625     81.750  1024.1500  49091.815    30.8058     13.312    6.90493     7.1999     7.2189    24.0882   12.42478 2.1165e+00     13.439 0.0000e+00
        329 133.567419    0.02278     1.3667     82.000  1024.1571  49102.625    30.8119     13.597    6.90594     7.1867     7.2108    24.0940   12.42638 1.8691e+00     13.726 0.0000e+00
        330 133.567422    0.02285     1.3708     82.250  1024.1645  49113.834    30.8179     13.881    6.90722     7.1694     7.2011    24.1000   12.42842 1.6573e+00     14.012 0.0000e+00
        331 133.567425    0.02292     1.3750     82.500  1024.1730  49127.232    30.8248     14.161    6.90901     7.1490     7.1879    24.1072   12.43130 1.4784e+00     14.295 0.0000e+00
        332 133.567428    0.02299     1.3792     82.750  1024.1818  49141.289    30.8315     14.438    6.91146     7.1269     7.1706    24.1148   12.43526 1.3279e+00     14.575 0.0000e+00
        333 133.567431    0.02306     1.3833     83.000  1024.1905  49155.053    30.8375     14.712    6.91443     7.1048     7.1502    24.1222   12.44010 1.1994e+00     14.851 0.0000e+00
        334 133.567433    0.02313     1.3875     83.250  1024.2000  49170.328    30.8443     14.985    6.91763     7.0843     7.1282    24.1304   12.44531 1.0879e+00     15.127 0.0000e+00
        335 133.567436    0.02319     1.3917     83.500  1024.2112  49188.847    30.8533     15.259    6.92074     7.0669     7.1062    24.1403   12.45035 9.9028e-01     15.404 0.0000e+00
        336 133.567439    0.02326     1.3958     83.750  1024.2248  49211.648    30.8655     15.534    6.92346     7.0535     7.0856    24.1526   12.45470 9.0423e-01     15.681 0.0000e+00
        337 133.567442    0.02333     1.4000     84.000  1024.2400  49237.472    30.8804     15.807    6.92557     7.0441     7.0682    24.1666   12.45800 8.2800e-01     15.957 0.0000e+00
        338 133.567445    0.02340     1.4042     84.250  1024.2543  49261.509    30.8947     16.076    6.92705     7.0377     7.0549    24.1796   12.46027 7.6040e-01     16.228 0.0000e+00
        339 133.567448    0.02347     1.4083     84.500  1024.2655  49280.085    30.9058     16.336    6.92804     7.0334     7.0455    24.1896   12.46176 7.0046e-01     16.491 0.0000e+00
        340 133.567451    0.02354     1.4125     84.750  1024.2738  49293.422    30.9139     16.587    6.92870     7.0304     7.0391    24.1968   12.46274 6.4715e-01     16.745 0.0000e+00
