CTD-processing/allCTD/CNV--homogene/2016_07-27_alongbay_skb04_cast024.cnv
* Sea-Bird SBE19plus Data File:
* FileName = C:\Users\Kris.Holderied\Documents\kasitsna\Research-KBL\Oceanography-AK\CTD-Data-ALL-to-2016-05\2016-CTD-KachemakBay-CookInlet\2016-07-27-KachemakBay-AlongBay\2016-07-27-KachemakBay-AlongBay-cast024.hex
* Software Version 1.59
* Temperature SN =  5028
* Conductivity SN =  5028
* System UpLoad Time = Jul 27 2016 20:32:36
** Cook Inlet Kachemak Bay Along-Bay west to east (sta 1-9)
** Date (YYYY-MM-DD): 2016-07-27
** Station (eg. 9-01):  KB04
** Start time (AKDT): 15:48
** Depth (m): 151.5
** Comment:  R/V Edgecumbe.  Part of all-bay survey with T4 and T9.
** Comment:
# nquan = 17
# nvalues = 760                         
# units = specified
# name 0 = scan: Scan Count
# name 1 = timeJ: Julian Days
# name 2 = timeH: Time, Elapsed [hours]
# name 3 = timeM: Time, Elapsed [minutes]
# name 4 = timeS: Time, Elapsed [seconds]
# name 5 = density00: Density [density, kg/m^3]
# name 6 = specc: Specific Conductance [uS/cm]
# name 7 = sal00: Salinity, Practical [PSU]
# name 8 = depSM: Depth [salt water, m], lat = 59.00
# name 9 = oxsolML/L: Oxygen Saturation, Garcia & Gordon [ml/l]
# name 10 = potemp090C: Potential Temperature [ITS-90, deg C]
# name 11 = tv290C: Temperature [ITS-90, deg C]
# name 12 = sigma-é00: Density [sigma-theta, kg/m^3]
# name 13 = n2satML/L: Nitrogen Saturation [ml/l]
# name 14 = par: PAR/Irradiance, Biospherical/Licor
# name 15 = prdM: Pressure, Strain Gauge [db]
# name 16 = flag:  0.000e+00
# span 0 =          1,        760       
# span 1 = 209.659016, 209.661212       
# span 2 =    0.00000,    0.05271       
# span 3 =     0.0000,     3.1625       
# span 4 =      0.000,    189.750       
# span 5 =  1000.4637,  1025.1076       
# span 6 =   2234.122,  49957.497       
# span 7 =     1.2464,    31.6948       
# span 8 =     -0.101,    140.933       
# span 9 =    6.22047,    7.48150       
# span 10 =     9.4414,    13.5301      
# span 11 =     9.4566,    13.5302      
# span 12 =     0.4641,    24.4623      
# span 13 =   11.34333,   13.78502      
# span 14 = 5.7782e-02, 4.2794e+02      
# span 15 =     -0.102,    142.312      
# span 16 = 0.0000e+00, 0.0000e+00      
# interval = seconds: 0.25
# start_time = Jul 27 2016 15:48:59 [Instrument's time stamp, header]
# bad_flag = -9.990e-29
*END*
[from data line 511]
        512 209.660495    0.03549     2.1292    127.750  1024.6571  49738.064    31.6078     66.848    6.49338     9.7104     9.7195    24.3511   11.73386 7.0178e-02     67.490 0.0000e+00
        513 209.660498    0.03556     2.1333    128.000  1024.6590  49739.111    31.6083     67.150    6.49348     9.7095     9.7186    24.3516   11.73403 7.0157e-02     67.795 0.0000e+00
        514 209.660501    0.03562     2.1375    128.250  1024.6608  49740.008    31.6087     67.454    6.49359     9.7084     9.7177    24.3521   11.73420 7.0141e-02     68.102 0.0000e+00
        515 209.660503    0.03569     2.1417    128.500  1024.6625  49740.699    31.6089     67.758    6.49371     9.7069     9.7168    24.3524   11.73439 7.0070e-02     68.409 0.0000e+00
        516 209.660506    0.03576     2.1458    128.750  1024.6641  49741.127    31.6089     68.061    6.49385     9.7049     9.7157    24.3526   11.73464 6.9933e-02     68.715 0.0000e+00
        517 209.660509    0.03583     2.1500    129.000  1024.6655  49741.229    31.6087     68.362    6.49406     9.7020     9.7143    24.3527   11.73499 6.9749e-02     69.019 0.0000e+00
        518 209.660512    0.03590     2.1542    129.250  1024.6670  49741.413    31.6084     68.663    6.49437     9.6983     9.7123    24.3528   11.73549 6.9528e-02     69.323 0.0000e+00
        519 209.660515    0.03597     2.1583    129.500  1024.6690  49742.427    31.6086     68.964    6.49477     9.6942     9.7095    24.3534   11.73615 6.9282e-02     69.627 0.0000e+00
        520 209.660518    0.03604     2.1625    129.750  1024.6716  49744.460    31.6094     69.266    6.49525     9.6899     9.7059    24.3546   11.73693 6.9032e-02     69.932 0.0000e+00
        521 209.660521    0.03611     2.1667    130.000  1024.6748  49747.366    31.6108     69.571    6.49577     9.6858     9.7018    24.3564   11.73779 6.8778e-02     70.240 0.0000e+00
        522 209.660524    0.03618     2.1708    130.250  1024.6782  49750.751    31.6125     69.877    6.49631     9.6819     9.6975    24.3584   11.73866 6.8511e-02     70.549 0.0000e+00
        523 209.660527    0.03625     2.1750    130.500  1024.6816  49754.109    31.6142     70.184    6.49683     9.6784     9.6934    24.3603   11.73950 6.8232e-02     70.859 0.0000e+00
        524 209.660530    0.03632     2.1792    130.750  1024.6850  49757.458    31.6159     70.492    6.49731     9.6755     9.6895    24.3623   11.74027 6.7958e-02     71.169 0.0000e+00
        525 209.660532    0.03639     2.1833    131.000  1024.6884  49760.938    31.6178     70.799    6.49772     9.6734     9.6861    24.3643   11.74093 6.7685e-02     71.479 0.0000e+00
        526 209.660535    0.03646     2.1875    131.250  1024.6916  49764.170    31.6195     71.106    6.49805     9.6717     9.6833    24.3661   11.74146 6.7402e-02     71.789 0.0000e+00
        527 209.660538    0.03653     2.1917    131.500  1024.6944  49766.591    31.6208     71.414    6.49830     9.6703     9.6811    24.3675   11.74186 6.7119e-02     72.100 0.0000e+00
        528 209.660541    0.03660     2.1958    131.750  1024.6966  49768.079    31.6215     71.723    6.49850     9.6688     9.6796    24.3683   11.74217 6.6847e-02     72.412 0.0000e+00
        529 209.660544    0.03667     2.2000    132.000  1024.6985  49768.912    31.6218     72.033    6.49868     9.6669     9.6782    24.3687   11.74247 6.6585e-02     72.726 0.0000e+00
        530 209.660547    0.03674     2.2042    132.250  1024.7001  49769.299    31.6217     72.344    6.49890     9.6644     9.6767    24.3689   11.74283 6.6337e-02     73.040 0.0000e+00
        531 209.660550    0.03681     2.2083    132.500  1024.7018  49769.785    31.6217     72.654    6.49917     9.6618     9.6748    24.3692   11.74329 6.6107e-02     73.353 0.0000e+00
        532 209.660553    0.03687     2.2125    132.750  1024.7041  49771.363    31.6224     72.963    6.49949     9.6595     9.6724    24.3701   11.74381 6.5894e-02     73.665 0.0000e+00
        533 209.660556    0.03694     2.2167    133.000  1024.7070  49774.004    31.6237     73.271    6.49980     9.6579     9.6698    24.3716   11.74431 6.5704e-02     73.975 0.0000e+00
        534 209.660558    0.03701     2.2208    133.250  1024.7099  49776.636    31.6251     73.578    6.50006     9.6568     9.6676    24.3731   11.74472 6.5529e-02     74.285 0.0000e+00
        535 209.660561    0.03708     2.2250    133.500  1024.7124  49778.619    31.6262     73.883    6.50025     9.6560     9.6659    24.3742   11.74501 6.5357e-02     74.594 0.0000e+00
        536 209.660564    0.03715     2.2292    133.750  1024.7145  49780.006    31.6269     74.188    6.50038     9.6554     9.6648    24.3749   11.74522 6.5183e-02     74.901 0.0000e+00
        537 209.660567    0.03722     2.2333    134.000  1024.7164  49781.061    31.6274     74.493    6.50046     9.6551     9.6641    24.3754   11.74536 6.5006e-02     75.209 0.0000e+00
        538 209.660570    0.03729     2.2375    134.250  1024.7182  49781.953    31.6279     74.799    6.50051     9.6551     9.6636    24.3758   11.74544 6.4835e-02     75.519 0.0000e+00
        539 209.660573    0.03736     2.2417    134.500  1024.7199  49782.637    31.6282     75.106    6.50054     9.6551     9.6634    24.3761   11.74547 6.4673e-02     75.829 0.0000e+00
        540 209.660576    0.03743     2.2458    134.750  1024.7214  49782.945    31.6283     75.413    6.50054     9.6551     9.6633    24.3762   11.74547 6.4521e-02     76.139 0.0000e+00
        541 209.660579    0.03750     2.2500    135.000  1024.7227  49782.841    31.6281     75.720    6.50053     9.6547     9.6634    24.3761   11.74547 6.4369e-02     76.449 0.0000e+00
        542 209.660582    0.03757     2.2542    135.250  1024.7237  49782.433    31.6276     76.026    6.50055     9.6536     9.6634    24.3757   11.74551 6.4222e-02     76.757 0.0000e+00
        543 209.660584    0.03764     2.2583    135.500  1024.7247  49781.789    31.6270     76.329    6.50064     9.6515     9.6630    24.3753   11.74565 6.4077e-02     77.063 0.0000e+00
        544 209.660587    0.03771     2.2625    135.750  1024.7258  49781.222    31.6263     76.629    6.50082     9.6483     9.6619    24.3750   11.74596 6.3929e-02     77.367 0.0000e+00
        545 209.660590    0.03778     2.2667    136.000  1024.7272  49781.300    31.6260     76.928    6.50113     9.6438     9.6599    24.3750   11.74647 6.3789e-02     77.668 0.0000e+00
        546 209.660593    0.03785     2.2708    136.250  1024.7291  49782.136    31.6260     77.226    6.50158     9.6377     9.6567    24.3756   11.74722 6.3659e-02     77.969 0.0000e+00
        547 209.660596    0.03792     2.2750    136.500  1024.7314  49783.486    31.6262     77.526    6.50220     9.6296     9.6523    24.3765   11.74825 6.3537e-02     78.272 0.0000e+00
        548 209.660599    0.03799     2.2792    136.750  1024.7344  49785.934    31.6270     77.830    6.50305     9.6199     9.6461    24.3780   11.74964 6.3426e-02     78.579 0.0000e+00
        549 209.660602    0.03806     2.2833    137.000  1024.7388  49790.752    31.6292     78.136    6.50411     9.6098     9.6381    24.3810   11.75137 6.3321e-02     78.888 0.0000e+00
        550 209.660605    0.03812     2.2875    137.250  1024.7448  49798.434    31.6332     78.443    6.50532     9.6005     9.6285    24.3857   11.75333 6.3219e-02     79.198 0.0000e+00
        551 209.660608    0.03819     2.2917    137.500  1024.7521  49808.192    31.6386     78.749    6.50654     9.5928     9.6184    24.3916   11.75529 6.3118e-02     79.507 0.0000e+00
        552 209.660611    0.03826     2.2958    137.750  1024.7594  49818.211    31.6443     79.053    6.50763     9.5868     9.6091    24.3975   11.75703 6.3016e-02     79.814 0.0000e+00
        553 209.660613    0.03833     2.3000    138.000  1024.7658  49826.713    31.6491     79.354    6.50853     9.5820     9.6014    24.4025   11.75845 6.2918e-02     80.118 0.0000e+00
        554 209.660616    0.03840     2.3042    138.250  1024.7709  49833.006    31.6526     79.652    6.50924     9.5778     9.5954    24.4062   11.75958 6.2832e-02     80.420 0.0000e+00
        555 209.660619    0.03847     2.3083    138.500  1024.7748  49837.394    31.6549     79.949    6.50982     9.5739     9.5907    24.4087   11.76052 6.2757e-02     80.719 0.0000e+00
        556 209.660622    0.03854     2.3125    138.750  1024.7782  49840.790    31.6566     80.246    6.51034     9.5702     9.5866    24.4107   11.76137 6.2683e-02     81.020 0.0000e+00
        557 209.660625    0.03861     2.3167    139.000  1024.7815  49844.013    31.6582     80.546    6.51084     9.5668     9.5827    24.4126   11.76216 6.2596e-02     81.323 0.0000e+00
        558 209.660628    0.03868     2.3208    139.250  1024.7847  49847.071    31.6598     80.849    6.51130     9.5635     9.5790    24.4144   11.76290 6.2493e-02     81.628 0.0000e+00
        559 209.660631    0.03875     2.3250    139.500  1024.7875  49849.518    31.6609     81.154    6.51173     9.5598     9.5756    24.4158   11.76361 6.2386e-02     81.936 0.0000e+00
        560 209.660634    0.03882     2.3292    139.750  1024.7898  49851.004    31.6614     81.460    6.51218     9.5552     9.5724    24.4167   11.76434 6.2296e-02     82.246 0.0000e+00
        561 209.660637    0.03889     2.3333    140.000  1024.7917  49851.726    31.6613     81.767    6.51270     9.5495     9.5687    24.4173   11.76522 6.2217e-02     82.555 0.0000e+00
        562 209.660639    0.03896     2.3375    140.250  1024.7939  49853.010    31.6614     82.073    6.51336     9.5433     9.5641    24.4181   11.76630 6.2138e-02     82.864 0.0000e+00
        563 209.660642    0.03903     2.3417    140.500  1024.7973  49856.126    31.6627     82.379    6.51413     9.5375     9.5584    24.4200   11.76755 6.2058e-02     83.173 0.0000e+00
        564 209.660645    0.03910     2.3458    140.750  1024.8015  49860.801    31.6651     82.684    6.51491     9.5326     9.5522    24.4228   11.76882 6.1977e-02     83.481 0.0000e+00
        565 209.660648    0.03917     2.3500    141.000  1024.8059  49865.894    31.6677     82.988    6.51563     9.5287     9.5465    24.4258   11.76997 6.1896e-02     83.788 0.0000e+00
        566 209.660651    0.03924     2.3542    141.250  1024.8098  49870.284    31.6700     83.293    6.51623     9.5253     9.5416    24.4284   11.77094 6.1822e-02     84.096 0.0000e+00
        567 209.660654    0.03931     2.3583    141.500  1024.8130  49873.367    31.6715     83.600    6.51673     9.5223     9.5377    24.4302   11.77176 6.1763e-02     84.406 0.0000e+00
        568 209.660657    0.03938     2.3625    141.750  1024.8156  49875.288    31.6723     83.909    6.51717     9.5194     9.5344    24.4314   11.77248 6.1714e-02     84.718 0.0000e+00
        569 209.660660    0.03944     2.3667    142.000  1024.8178  49876.554    31.6726     84.219    6.51758     9.5164     9.5314    24.4321   11.77316 6.1663e-02     85.031 0.0000e+00
        570 209.660663    0.03951     2.3708    142.250  1024.8198  49877.623    31.6729     84.529    6.51799     9.5135     9.5285    24.4328   11.77383 6.1608e-02     85.344 0.0000e+00
        571 209.660666    0.03958     2.3750    142.500  1024.8219  49878.650    31.6731     84.838    6.51840     9.5104     9.5256    24.4334   11.77450 6.1549e-02     85.656 0.0000e+00
        572 209.660668    0.03965     2.3792    142.750  1024.8239  49879.628    31.6732     85.143    6.51881     9.5074     9.5227    24.4340   11.77519 6.1484e-02     85.964 0.0000e+00
        573 209.660671    0.03972     2.3833    143.000  1024.8260  49880.888    31.6736     85.445    6.51923     9.5046     9.5197    24.4347   11.77588 6.1421e-02     86.269 0.0000e+00
        574 209.660674    0.03979     2.3875    143.250  1024.8285  49882.887    31.6745     85.744    6.51963     9.5023     9.5167    24.4359   11.77652 6.1363e-02     86.571 0.0000e+00
        575 209.660677    0.03986     2.3917    143.500  1024.8314  49885.428    31.6758     86.042    6.51998     9.5007     9.5139    24.4373   11.77708 6.1307e-02     86.872 0.0000e+00
        576 209.660680    0.03993     2.3958    143.750  1024.8341  49887.860    31.6770     86.341    6.52024     9.4995     9.5116    24.4387   11.77750 6.1255e-02     87.174 0.0000e+00
        577 209.660683    0.04000     2.4000    144.000  1024.8366  49889.813    31.6781     86.641    6.52044     9.4986     9.5100    24.4398   11.77781 6.1207e-02     87.477 0.0000e+00
        578 209.660686    0.04007     2.4042    144.250  1024.8387  49891.260    31.6788     86.941    6.52057     9.4980     9.5088    24.4405   11.77803 6.1161e-02     87.780 0.0000e+00
        579 209.660689    0.04014     2.4083    144.500  1024.8405  49892.264    31.6792     87.241    6.52067     9.4973     9.5080    24.4410   11.77818 6.1116e-02     88.083 0.0000e+00
        580 209.660692    0.04021     2.4125    144.750  1024.8422  49892.864    31.6794     87.540    6.52075     9.4966     9.5074    24.4413   11.77832 6.1075e-02     88.384 0.0000e+00
        581 209.660694    0.04028     2.4167    145.000  1024.8437  49893.166    31.6794     87.840    6.52083     9.4956     9.5068    24.4414   11.77846 6.1037e-02     88.688 0.0000e+00
        582 209.660697    0.04035     2.4208    145.250  1024.8451  49893.360    31.6793     88.142    6.52094     9.4943     9.5061    24.4414   11.77863 6.0995e-02     88.993 0.0000e+00
        583 209.660700    0.04042     2.4250    145.500  1024.8466  49893.606    31.6793     88.445    6.52108     9.4926     9.5052    24.4415   11.77886 6.0949e-02     89.298 0.0000e+00
        584 209.660703    0.04049     2.4292    145.750  1024.8482  49894.044    31.6793     88.746    6.52126     9.4906     9.5039    24.4417   11.77917 6.0900e-02     89.603 0.0000e+00
        585 209.660706    0.04056     2.4333    146.000  1024.8501  49894.930    31.6795     89.049    6.52149     9.4886     9.5022    24.4422   11.77954 6.0847e-02     89.909 0.0000e+00
        586 209.660709    0.04063     2.4375    146.250  1024.8523  49896.463    31.6802     89.354    6.52174     9.4869     9.5003    24.4430   11.77994 6.0799e-02     90.217 0.0000e+00
        587 209.660712    0.04069     2.4417    146.500  1024.8548  49898.401    31.6812     89.659    6.52198     9.4855     9.4983    24.4441   11.78034 6.0766e-02     90.525 0.0000e+00
        588 209.660715    0.04076     2.4458    146.750  1024.8572  49900.274    31.6821     89.963    6.52219     9.4846     9.4966    24.4451   11.78067 6.0739e-02     90.832 0.0000e+00
        589 209.660718    0.04083     2.4500    147.000  1024.8594  49901.866    31.6829     90.266    6.52234     9.4840     9.4953    24.4459   11.78091 6.0710e-02     91.138 0.0000e+00
        590 209.660720    0.04090     2.4542    147.250  1024.8614  49903.082    31.6835     90.566    6.52245     9.4836     9.4944    24.4466   11.78108 6.0679e-02     91.441 0.0000e+00
        591 209.660723    0.04097     2.4583    147.500  1024.8631  49903.851    31.6839     90.863    6.52252     9.4832     9.4938    24.4469   11.78120 6.0648e-02     91.741 0.0000e+00
        592 209.660726    0.04104     2.4625    147.750  1024.8646  49904.258    31.6840     91.157    6.52257     9.4828     9.4934    24.4471   11.78129 6.0616e-02     92.038 0.0000e+00
        593 209.660729    0.04111     2.4667    148.000  1024.8660  49904.430    31.6840     91.451    6.52262     9.4822     9.4930    24.4471   11.78137 6.0578e-02     92.334 0.0000e+00
        594 209.660732    0.04118     2.4708    148.250  1024.8673  49904.420    31.6838     91.746    6.52268     9.4814     9.4927    24.4470   11.78147 6.0533e-02     92.632 0.0000e+00
        595 209.660735    0.04125     2.4750    148.500  1024.8685  49904.355    31.6835     92.046    6.52277     9.4803     9.4921    24.4469   11.78162 6.0490e-02     92.935 0.0000e+00
