CTD-processing/allCTD/CNV--homogene/2016_05-12_alongbay_9-06(2)_cast244.cnv
* Sea-Bird SBE19plus Data File:
* FileName = C:\Users\Kris.Holderied\Documents\kasitsna\Research-KBL\Oceanography-AK\CTD-Data-ALL-to-2016-05\2016-CTD-KachemakBay-CookInlet\2016-05-12-CookInlet-AlongBay\2016-05-12-CookInlet-AlongBay-cast244.hex
* Software Version 1.59
* Temperature SN =  5028
* Conductivity SN =  5028
* System UpLoad Time = May 16 2016 17:22:16
** Cook Inlet Along-bay Tran7 to Homer Spit SW to NE
** Date (YYYY-MM-DD): 2016-05-12
** Station (ie. 9-01):  9-06(2)
** Start time (AKST): 20:00
** Depth (m): 102
** Comment:  R/V Edgecumbe.  Along-bay line from south of Tran7 to station 9-6.
** Comment:
# nquan = 17
# nvalues = 623                         
# units = specified
# name 0 = scan: Scan Count
# name 1 = timeJ: Julian Days
# name 2 = timeH: Time, Elapsed [hours]
# name 3 = timeM: Time, Elapsed [minutes]
# name 4 = timeS: Time, Elapsed [seconds]
# name 5 = density00: Density [density, kg/m^3]
# name 6 = specc: Specific Conductance [uS/cm]
# name 7 = sal00: Salinity, Practical [PSU]
# name 8 = depSM: Depth [salt water, m], lat = 59.00
# name 9 = oxsolML/L: Oxygen Saturation, Garcia & Gordon [ml/l]
# name 10 = potemp090C: Potential Temperature [ITS-90, deg C]
# name 11 = tv290C: Temperature [ITS-90, deg C]
# name 12 = sigma-é00: Density [sigma-theta, kg/m^3]
# name 13 = n2satML/L: Nitrogen Saturation [ml/l]
# name 14 = par: PAR/Irradiance, Biospherical/Licor
# name 15 = prdM: Pressure, Strain Gauge [db]
# name 16 = flag:  0.000e+00
# span 0 =          1,        623       
# span 1 = 133.833519, 133.835318       
# span 2 =    0.00000,    0.04319       
# span 3 =     0.0000,     2.5917       
# span 4 =      0.000,    155.500       
# span 5 =  1000.6227,  1025.0132       
# span 6 =   2130.819,  50074.975       
# span 7 =     1.1301,    31.3552       
# span 8 =      0.102,     90.459       
# span 9 =    6.67846,    7.91468       
# span 10 =     6.6471,     9.6079      
# span 11 =     6.6548,     9.6154      
# span 12 =     0.6223,    24.5938      
# span 13 =   12.05389,   14.51852      
# span 14 = 4.6957e-02, 8.5938e+02      
# span 15 =      0.102,     91.333      
# span 16 = 0.0000e+00, 0.0000e+00      
# interval = seconds: 0.25
# start_time = May 12 2016 20:00:16 [Instrument's time stamp, header]
# bad_flag = -9.990e-29
*END*
[from data line 511]
        512 133.834997    0.03549     2.1292    127.750  1024.9022  50029.601    31.3482     69.878    6.95642     6.7330     6.7432    24.5773   12.50312 4.7730e-02     70.549 0.0000e+00
        513 133.835000    0.03556     2.1333    128.000  1024.9045  50031.901    31.3493     70.137    6.95673     6.7314     6.7409    24.5784   12.50362 4.7716e-02     70.811 0.0000e+00
        514 133.835003    0.03562     2.1375    128.250  1024.9067  50034.024    31.3503     70.392    6.95699     6.7302     6.7390    24.5795   12.50404 4.7698e-02     71.068 0.0000e+00
        515 133.835006    0.03569     2.1417    128.500  1024.9087  50035.715    31.3511     70.644    6.95720     6.7292     6.7375    24.5803   12.50438 4.7676e-02     71.322 0.0000e+00
        516 133.835009    0.03576     2.1458    128.750  1024.9104  50036.917    31.3516     70.895    6.95737     6.7282     6.7363    24.5808   12.50466 4.7658e-02     71.576 0.0000e+00
        517 133.835012    0.03583     2.1500    129.000  1024.9119  50037.656    31.3518     71.146    6.95752     6.7273     6.7353    24.5811   12.50491 4.7647e-02     71.830 0.0000e+00
        518 133.835014    0.03590     2.1542    129.250  1024.9132  50038.142    31.3518     71.397    6.95767     6.7263     6.7344    24.5813   12.50515 4.7640e-02     72.083 0.0000e+00
        519 133.835017    0.03597     2.1583    129.500  1024.9145  50038.647    31.3519     71.646    6.95782     6.7252     6.7334    24.5814   12.50539 4.7634e-02     72.334 0.0000e+00
        520 133.835020    0.03604     2.1625    129.750  1024.9159  50039.260    31.3521     71.893    6.95797     6.7243     6.7324    24.5817   12.50564 4.7625e-02     72.584 0.0000e+00
        521 133.835023    0.03611     2.1667    130.000  1024.9173  50039.975    31.3523     72.138    6.95812     6.7234     6.7314    24.5820   12.50589 4.7618e-02     72.832 0.0000e+00
        522 133.835026    0.03618     2.1708    130.250  1024.9188  50040.751    31.3525     72.383    6.95826     6.7227     6.7305    24.5823   12.50612 4.7615e-02     73.079 0.0000e+00
        523 133.835029    0.03625     2.1750    130.500  1024.9202  50041.470    31.3527     72.627    6.95839     6.7220     6.7296    24.5826   12.50633 4.7606e-02     73.325 0.0000e+00
        524 133.835032    0.03632     2.1792    130.750  1024.9216  50042.039    31.3529     72.869    6.95851     6.7213     6.7289    24.5828   12.50652 4.7586e-02     73.569 0.0000e+00
        525 133.835035    0.03639     2.1833    131.000  1024.9228  50042.391    31.3529     73.109    6.95861     6.7205     6.7283    24.5829   12.50669 4.7566e-02     73.812 0.0000e+00
        526 133.835038    0.03646     2.1875    131.250  1024.9239  50042.463    31.3527     73.347    6.95873     6.7195     6.7276    24.5829   12.50689 4.7560e-02     74.052 0.0000e+00
        527 133.835041    0.03653     2.1917    131.500  1024.9247  50042.214    31.3523     73.584    6.95887     6.7181     6.7268    24.5826   12.50713 4.7558e-02     74.291 0.0000e+00
        528 133.835043    0.03660     2.1958    131.750  1024.9254  50041.729    31.3517     73.819    6.95906     6.7162     6.7258    24.5823   12.50745 4.7545e-02     74.529 0.0000e+00
        529 133.835046    0.03667     2.2000    132.000  1024.9261  50041.082    31.3509     74.054    6.95932     6.7137     6.7244    24.5818   12.50789 4.7528e-02     74.766 0.0000e+00
        530 133.835049    0.03674     2.2042    132.250  1024.9265  50040.015    31.3497     74.288    6.95967     6.7105     6.7226    24.5811   12.50848 4.7516e-02     75.003 0.0000e+00
        531 133.835052    0.03681     2.2083    132.500  1024.9269  50039.101    31.3485     74.521    6.96013     6.7071     6.7201    24.5805   12.50925 4.7511e-02     75.238 0.0000e+00
        532 133.835055    0.03687     2.2125    132.750  1024.9284  50039.963    31.3484     74.754    6.96065     6.7040     6.7169    24.5808   12.51011 4.7508e-02     75.473 0.0000e+00
        533 133.835058    0.03694     2.2167    133.000  1024.9308  50042.649    31.3495     74.986    6.96116     6.7015     6.7135    24.5821   12.51094 4.7498e-02     75.708 0.0000e+00
        534 133.835061    0.03701     2.2208    133.250  1024.9333  50045.499    31.3508     75.221    6.96159     6.6993     6.7104    24.5836   12.51164 4.7483e-02     75.944 0.0000e+00
        535 133.835064    0.03708     2.2250    133.500  1024.9352  50047.195    31.3515     75.457    6.96196     6.6972     6.7079    24.5844   12.51224 4.7466e-02     76.184 0.0000e+00
        536 133.835067    0.03715     2.2292    133.750  1024.9366  50047.970    31.3515     75.697    6.96230     6.6952     6.7058    24.5847   12.51280 4.7450e-02     76.426 0.0000e+00
        537 133.835069    0.03722     2.2333    134.000  1024.9382  50049.056    31.3518     75.940    6.96263     6.6934     6.7037    24.5852   12.51334 4.7438e-02     76.671 0.0000e+00
        538 133.835072    0.03729     2.2375    134.250  1024.9401  50050.561    31.3523     76.185    6.96293     6.6919     6.7017    24.5859   12.51383 4.7432e-02     76.918 0.0000e+00
        539 133.835075    0.03736     2.2417    134.500  1024.9420  50052.074    31.3530     76.434    6.96319     6.6908     6.6999    24.5866   12.51425 4.7426e-02     77.169 0.0000e+00
        540 133.835078    0.03743     2.2458    134.750  1024.9439  50053.706    31.3537     76.685    6.96339     6.6901     6.6985    24.5874   12.51457 4.7415e-02     77.423 0.0000e+00
        541 133.835081    0.03750     2.2500    135.000  1024.9458  50055.131    31.3544     76.938    6.96352     6.6896     6.6974    24.5881   12.51479 4.7409e-02     77.679 0.0000e+00
        542 133.835084    0.03757     2.2542    135.250  1024.9472  50055.781    31.3546     77.193    6.96362     6.6888     6.6967    24.5883   12.51495 4.7401e-02     77.937 0.0000e+00
        543 133.835087    0.03764     2.2583    135.500  1024.9481  50055.448    31.3542     77.450    6.96373     6.6877     6.6962    24.5881   12.51514 4.7386e-02     78.196 0.0000e+00
        544 133.835090    0.03771     2.2625    135.750  1024.9488  50054.737    31.3534     77.708    6.96389     6.6864     6.6955    24.5876   12.51540 4.7376e-02     78.457 0.0000e+00
        545 133.835093    0.03778     2.2667    136.000  1024.9499  50054.778    31.3531     77.967    6.96407     6.6852     6.6944    24.5875   12.51571 4.7371e-02     78.717 0.0000e+00
        546 133.835095    0.03785     2.2708    136.250  1024.9514  50055.504    31.3533     78.223    6.96427     6.6839     6.6931    24.5877   12.51604 4.7369e-02     78.976 0.0000e+00
        547 133.835098    0.03792     2.2750    136.500  1024.9528  50056.130    31.3534     78.476    6.96447     6.6826     6.6919    24.5879   12.51637 4.7372e-02     79.232 0.0000e+00
        548 133.835101    0.03799     2.2792    136.750  1024.9540  50056.382    31.3532     78.725    6.96467     6.6811     6.6907    24.5880   12.51670 4.7379e-02     79.483 0.0000e+00
        549 133.835104    0.03806     2.2833    137.000  1024.9549  50056.120    31.3527     78.971    6.96490     6.6791     6.6894    24.5877   12.51709 4.7380e-02     79.731 0.0000e+00
        550 133.835107    0.03812     2.2875    137.250  1024.9555  50055.320    31.3517     79.216    6.96519     6.6766     6.6879    24.5872   12.51758 4.7365e-02     79.979 0.0000e+00
        551 133.835110    0.03819     2.2917    137.500  1024.9560  50054.407    31.3506     79.465    6.96556     6.6737     6.6859    24.5865   12.51821 4.7344e-02     80.230 0.0000e+00
        552 133.835113    0.03826     2.2958    137.750  1024.9570  50054.272    31.3500     79.719    6.96600     6.6709     6.6834    24.5863   12.51893 4.7329e-02     80.486 0.0000e+00
        553 133.835116    0.03833     2.3000    138.000  1024.9588  50055.538    31.3502     79.976    6.96645     6.6685     6.6805    24.5869   12.51967 4.7322e-02     80.746 0.0000e+00
        554 133.835119    0.03840     2.3042    138.250  1024.9611  50057.859    31.3512     80.233    6.96685     6.6668     6.6777    24.5880   12.52033 4.7323e-02     81.006 0.0000e+00
        555 133.835122    0.03847     2.3083    138.500  1024.9636  50060.349    31.3524     80.491    6.96717     6.6657     6.6754    24.5893   12.52085 4.7323e-02     81.267 0.0000e+00
        556 133.835124    0.03854     2.3125    138.750  1024.9658  50062.393    31.3534     80.749    6.96740     6.6650     6.6738    24.5903   12.52121 4.7319e-02     81.527 0.0000e+00
        557 133.835127    0.03861     2.3167    139.000  1024.9676  50063.828    31.3540     81.007    6.96755     6.6645     6.6726    24.5909   12.52145 4.7311e-02     81.788 0.0000e+00
        558 133.835130    0.03868     2.3208    139.250  1024.9693  50064.769    31.3544     81.267    6.96765     6.6641     6.6719    24.5913   12.52161 4.7300e-02     82.050 0.0000e+00
        559 133.835133    0.03875     2.3250    139.500  1024.9707  50065.418    31.3547     81.528    6.96772     6.6639     6.6714    24.5916   12.52172 4.7284e-02     82.314 0.0000e+00
        560 133.835136    0.03882     2.3292    139.750  1024.9721  50065.889    31.3548     81.792    6.96776     6.6637     6.6711    24.5918   12.52179 4.7268e-02     82.580 0.0000e+00
        561 133.835139    0.03889     2.3333    140.000  1024.9734  50066.191    31.3549     82.057    6.96780     6.6634     6.6709    24.5918   12.52185 4.7256e-02     82.848 0.0000e+00
        562 133.835142    0.03896     2.3375    140.250  1024.9746  50066.281    31.3548     82.323    6.96784     6.6631     6.6707    24.5918   12.52191 4.7245e-02     83.116 0.0000e+00
        563 133.835145    0.03903     2.3417    140.500  1024.9757  50066.206    31.3546     82.588    6.96788     6.6626     6.6705    24.5917   12.52199 4.7239e-02     83.384 0.0000e+00
        564 133.835148    0.03910     2.3458    140.750  1024.9768  50066.112    31.3543     82.852    6.96795     6.6621     6.6701    24.5915   12.52210 4.7239e-02     83.651 0.0000e+00
        565 133.835150    0.03917     2.3500    141.000  1024.9779  50066.192    31.3542     83.115    6.96802     6.6616     6.6697    24.5914   12.52222 4.7238e-02     83.917 0.0000e+00
        566 133.835153    0.03924     2.3542    141.250  1024.9792  50066.529    31.3542     83.378    6.96810     6.6611     6.6692    24.5915   12.52235 4.7234e-02     84.182 0.0000e+00
        567 133.835156    0.03931     2.3583    141.500  1024.9806  50066.948    31.3543     83.640    6.96817     6.6607     6.6687    24.5916   12.52248 4.7231e-02     84.447 0.0000e+00
        568 133.835159    0.03938     2.3625    141.750  1024.9818  50067.211    31.3543     83.902    6.96824     6.6602     6.6683    24.5917   12.52259 4.7230e-02     84.711 0.0000e+00
        569 133.835162    0.03944     2.3667    142.000  1024.9829  50067.176    31.3540     84.164    6.96832     6.6596     6.6679    24.5916   12.52272 4.7225e-02     84.976 0.0000e+00
        570 133.835165    0.03951     2.3708    142.250  1024.9839  50066.862    31.3536     84.426    6.96841     6.6587     6.6675    24.5913   12.52288 4.7217e-02     85.240 0.0000e+00
        571 133.835168    0.03958     2.3750    142.500  1024.9848  50066.457    31.3531     84.688    6.96853     6.6577     6.6669    24.5910   12.52309 4.7211e-02     85.505 0.0000e+00
        572 133.835171    0.03965     2.3792    142.750  1024.9859  50066.318    31.3527     84.949    6.96869     6.6567     6.6660    24.5908   12.52335 4.7209e-02     85.768 0.0000e+00
        573 133.835174    0.03972     2.3833    143.000  1024.9872  50066.806    31.3527     85.209    6.96886     6.6558     6.6650    24.5909   12.52362 4.7208e-02     86.031 0.0000e+00
        574 133.835177    0.03979     2.3875    143.250  1024.9889  50067.826    31.3531     85.468    6.96900     6.6552     6.6639    24.5914   12.52386 4.7197e-02     86.293 0.0000e+00
        575 133.835179    0.03986     2.3917    143.500  1024.9906  50069.032    31.3537     85.727    6.96911     6.6549     6.6631    24.5919   12.52403 4.7176e-02     86.554 0.0000e+00
        576 133.835182    0.03993     2.3958    143.750  1024.9924  50070.236    31.3543     85.984    6.96917     6.6549     6.6625    24.5925   12.52412 4.7151e-02     86.813 0.0000e+00
        577 133.835185    0.04000     2.4000    144.000  1024.9940  50071.211    31.3548     86.239    6.96919     6.6550     6.6623    24.5929   12.52414 4.7128e-02     87.071 0.0000e+00
        578 133.835188    0.04007     2.4042    144.250  1024.9953  50071.590    31.3550     86.493    6.96918     6.6550     6.6623    24.5930   12.52412 4.7101e-02     87.328 0.0000e+00
        579 133.835191    0.04014     2.4083    144.500  1024.9961  50071.129    31.3546     86.748    6.96918     6.6546     6.6624    24.5927   12.52413 4.7081e-02     87.585 0.0000e+00
        580 133.835194    0.04021     2.4125    144.750  1024.9967  50070.261    31.3538     87.000    6.96922     6.6539     6.6624    24.5921   12.52420 4.7077e-02     87.840 0.0000e+00
        581 133.835197    0.04028     2.4167    145.000  1024.9975  50069.838    31.3534     87.250    6.96930     6.6532     6.6620    24.5918   12.52435 4.7081e-02     88.093 0.0000e+00
        582 133.835200    0.04035     2.4208    145.250  1024.9987  50070.122    31.3533     87.498    6.96941     6.6526     6.6614    24.5919   12.52453 4.7084e-02     88.343 0.0000e+00
        583 133.835203    0.04042     2.4250    145.500  1025.0001  50070.764    31.3535     87.742    6.96952     6.6521     6.6607    24.5921   12.52470 4.7085e-02     88.589 0.0000e+00
        584 133.835205    0.04049     2.4292    145.750  1025.0015  50071.434    31.3538     87.982    6.96960     6.6518     6.6601    24.5924   12.52484 4.7088e-02     88.831 0.0000e+00
        585 133.835208    0.04056     2.4333    146.000  1025.0029  50072.041    31.3540     88.214    6.96966     6.6516     6.6596    24.5926   12.52493 4.7091e-02     89.065 0.0000e+00
        586 133.835211    0.04063     2.4375    146.250  1025.0041  50072.513    31.3542     88.437    6.96970     6.6514     6.6593    24.5928   12.52500 4.7093e-02     89.291 0.0000e+00
        587 133.835214    0.04069     2.4417    146.500  1025.0051  50072.674    31.3542     88.647    6.96973     6.6511     6.6591    24.5928   12.52505 4.7093e-02     89.503 0.0000e+00
        588 133.835217    0.04076     2.4458    146.750  1025.0057  50072.386    31.3539     88.837    6.96977     6.6507     6.6590    24.5926   12.52512 4.7093e-02     89.694 0.0000e+00
        589 133.835220    0.04083     2.4500    147.000  1025.0062  50071.954    31.3534     88.999    6.96983     6.6502     6.6587    24.5923   12.52523 4.7098e-02     89.858 0.0000e+00
        590 133.835223    0.04090     2.4542    147.250  1025.0068  50072.057    31.3534     89.126    6.96991     6.6499     6.6583    24.5923   12.52535 4.7107e-02     89.987 0.0000e+00
        591 133.835226    0.04097     2.4583    147.500  1025.0075  50072.782    31.3538     89.214    6.96997     6.6499     6.6578    24.5927   12.52545 4.7116e-02     90.075 0.0000e+00
        592 133.835229    0.04104     2.4625    147.750  1025.0082  50073.728    31.3543     89.258    6.96999     6.6501     6.6575    24.5932   12.52548 4.7121e-02     90.120 0.0000e+00
        593 133.835231    0.04111     2.4667    148.000  1025.0087  50074.564    31.3549     89.264    6.96997     6.6506     6.6575    24.5936   12.52544 4.7121e-02     90.126 0.0000e+00
        594 133.835234    0.04118     2.4708    148.250  1025.0088  50074.865    31.3552     89.245    6.96991     6.6510     6.6577    24.5938   12.52534 4.7117e-02     90.106 0.0000e+00
        595 133.835237    0.04125     2.4750    148.500  1025.0085  50074.477    31.3550     89.215    6.96984     6.6513     6.6582    24.5936   12.52523 4.7112e-02     90.076 0.0000e+00
