CTD-processing/allCTD/CNV--homogene/2016_11-10_t9_s02_cast002.cnv
* Sea-Bird SBE19plus Data File:
* FileName = P:\My Documents\kasitsna\Research-KBL\Oceanography-AK\CTD-Data-ALL-to-2016-05\2016-CTD-KachemakBay-CookInlet\2016-11-10-CookIInlet-Tran9-monthly\2016-11-10-CookInlet-Tran9-cast002.hex
* Software Version 1.59
* Temperature SN =  4141
* Conductivity SN =  4141
* System UpLoad Time = Jan 10 2017 14:18:41
** Cook Inlet LTM Tran 9 south to north
** Date: (YYYY-MM-DD): 2016-11-10
** Station: (eg. 9-01): 9-02
** Start time (AKST): 11:45
** Depth (m): 74.7
** Comment: R/V Edgecumbe. CTD time is 2 hrs ahead of  local time (was on PDT)
** Comment:
# nquan = 17
# nvalues = 656                         
# units = specified
# name 0 = scan: Scan Count
# name 1 = timeJ: Julian Days
# name 2 = timeH: Time, Elapsed [hours]
# name 3 = timeM: Time, Elapsed [minutes]
# name 4 = timeS: Time, Elapsed [seconds]
# name 5 = density00: Density [density, kg/m^3]
# name 6 = specc: Specific Conductance [uS/cm]
# name 7 = sal00: Salinity, Practical [PSU]
# name 8 = depSM: Depth [salt water, m], lat = 59.00
# name 9 = oxsolML/L: Oxygen Saturation, Garcia & Gordon [ml/l]
# name 10 = potemp090C: Potential Temperature [ITS-90, deg C]
# name 11 = tv290C: Temperature [ITS-90, deg C]
# name 12 = sigma-é00: Density [sigma-theta, kg/m^3]
# name 13 = n2satML/L: Nitrogen Saturation [ml/l]
# name 14 = par: PAR/Irradiance, Biospherical/Licor
# name 15 = prdM: Pressure, Strain Gauge [db]
# name 16 = flag:  0.000e+00
# span 0 =          1,        656       
# span 1 = 315.573090, 315.574986       
# span 2 =    0.00000,    0.04549       
# span 3 =     0.0000,     2.7292       
# span 4 =      0.000,    163.750       
# span 5 =  1000.8393,  1024.0406       
# span 6 =   2085.761,  48547.977       
# span 7 =     1.2055,    30.7035       
# span 8 =     -0.352,     69.255       
# span 9 =    6.60390,    8.37954       
# span 10 =     7.2702,     9.2169      
# span 11 =     7.2524,     9.2217      
# span 12 =     0.8410,    23.7236      
# span 13 =   11.92783,   15.30219      
# span 14 = 4.2974e-02, 3.2707e+01      
# span 15 =     -0.355,     69.920      
# span 16 = 0.0000e+00, 0.0000e+00      
# interval = seconds: 0.25
# start_time = Nov 10 2016 13:45:15 [Instrument's time stamp, header]
# bad_flag = -9.990e-29
*END*
[from data line 341]
        342 315.574077    0.02368     1.4208     85.250  1023.6489  48276.168    30.5169     10.653    6.63420     9.0710     9.0673    23.5999   11.98026 2.3327e+00     10.754 0.0000e+00
        343 315.574080    0.02375     1.4250     85.500  1023.6493  48275.934    30.5171     10.807    6.63380     9.0726     9.0700    23.5996   11.97960 2.3012e+00     10.910 0.0000e+00
        344 315.574083    0.02382     1.4292     85.750  1023.6497  48275.700    30.5171     10.957    6.63349     9.0740     9.0721    23.5993   11.97907 2.2691e+00     11.061 0.0000e+00
        345 315.574086    0.02389     1.4333     86.000  1023.6505  48275.926    30.5174     11.115    6.63323     9.0752     9.0738    23.5993   11.97864 2.2336e+00     11.221 0.0000e+00
        346 315.574089    0.02396     1.4375     86.250  1023.6518  48277.131    30.5184     11.289    6.63299     9.0763     9.0751    23.5998   11.97823 2.1931e+00     11.396 0.0000e+00
        347 315.574091    0.02403     1.4417     86.500  1023.6534  48278.665    30.5196     11.483    6.63276     9.0775     9.0763    23.6006   11.97784 2.1473e+00     11.592 0.0000e+00
        348 315.574094    0.02410     1.4458     86.750  1023.6548  48279.712    30.5204     11.696    6.63255     9.0787     9.0776    23.6010   11.97748 2.0975e+00     11.807 0.0000e+00
        349 315.574097    0.02417     1.4500     87.000  1023.6561  48280.398    30.5209     11.924    6.63235     9.0800     9.0788    23.6013   11.97714 2.0458e+00     12.037 0.0000e+00
        350 315.574100    0.02424     1.4542     87.250  1023.6576  48281.353    30.5216     12.161    6.63214     9.0815     9.0800    23.6017   11.97678 1.9937e+00     12.276 0.0000e+00
        351 315.574103    0.02431     1.4583     87.500  1023.6594  48282.877    30.5228     12.399    6.63190     9.0832     9.0813    23.6024   11.97637 1.9424e+00     12.516 0.0000e+00
        352 315.574106    0.02438     1.4625     87.750  1023.6612  48284.512    30.5240     12.632    6.63162     9.0849     9.0828    23.6031   11.97588 1.8932e+00     12.752 0.0000e+00
        353 315.574109    0.02444     1.4667     88.000  1023.6629  48285.902    30.5251     12.857    6.63131     9.0867     9.0845    23.6037   11.97537 1.8471e+00     12.979 0.0000e+00
        354 315.574112    0.02451     1.4708     88.250  1023.6644  48287.194    30.5262     13.072    6.63101     9.0885     9.0863    23.6043   11.97485 1.8042e+00     13.196 0.0000e+00
        355 315.574115    0.02458     1.4750     88.500  1023.6660  48288.705    30.5274     13.278    6.63070     9.0905     9.0880    23.6050   11.97432 1.7641e+00     13.404 0.0000e+00
        356 315.574117    0.02465     1.4792     88.750  1023.6678  48290.620    30.5289     13.476    6.63037     9.0926     9.0898    23.6059   11.97376 1.7261e+00     13.604 0.0000e+00
        357 315.574120    0.02472     1.4833     89.000  1023.6694  48292.107    30.5301     13.667    6.63002     9.0948     9.0918    23.6065   11.97316 1.6901e+00     13.796 0.0000e+00
        358 315.574123    0.02479     1.4875     89.250  1023.6702  48292.343    30.5305     13.849    6.62968     9.0967     9.0940    23.6065   11.97259 1.6563e+00     13.980 0.0000e+00
        359 315.574126    0.02486     1.4917     89.500  1023.6707  48292.044    30.5306     14.023    6.62936     9.0984     9.0962    23.6062   11.97206 1.6249e+00     14.156 0.0000e+00
        360 315.574129    0.02493     1.4958     89.750  1023.6714  48292.214    30.5309     14.190    6.62907     9.1001     9.0981    23.6061   11.97157 1.5957e+00     14.324 0.0000e+00
        361 315.574132    0.02500     1.5000     90.000  1023.6724  48292.867    30.5315     14.352    6.62878     9.1019     9.0998    23.6064   11.97109 1.5677e+00     14.487 0.0000e+00
        362 315.574135    0.02507     1.5042     90.250  1023.6735  48293.751    30.5322     14.513    6.62849     9.1039     9.1016    23.6067   11.97060 1.5395e+00     14.650 0.0000e+00
        363 315.574138    0.02514     1.5083     90.500  1023.6747  48294.854    30.5332     14.680    6.62817     9.1059     9.1034    23.6072   11.97007 1.5097e+00     14.819 0.0000e+00
        364 315.574141    0.02521     1.5125     90.750  1023.6759  48295.833    30.5341     14.857    6.62785     9.1078     9.1054    23.6076   11.96952 1.4775e+00     14.998 0.0000e+00
        365 315.574144    0.02528     1.5167     91.000  1023.6769  48296.433    30.5347     15.049    6.62753     9.1096     9.1074    23.6078   11.96898 1.4430e+00     15.191 0.0000e+00
        366 315.574146    0.02535     1.5208     91.250  1023.6780  48296.941    30.5352     15.258    6.62721     9.1113     9.1093    23.6079   11.96846 1.4062e+00     15.402 0.0000e+00
        367 315.574149    0.02542     1.5250     91.500  1023.6794  48297.820    30.5360     15.484    6.62692     9.1132     9.1111    23.6082   11.96796 1.3680e+00     15.630 0.0000e+00
        368 315.574152    0.02549     1.5292     91.750  1023.6814  48299.704    30.5374     15.721    6.62660     9.1159     9.1129    23.6091   11.96741 1.3302e+00     15.870 0.0000e+00
        369 315.574155    0.02556     1.5333     92.000  1023.6842  48303.144    30.5400     15.959    6.62619     9.1194     9.1149    23.6108   11.96671 1.2941e+00     16.111 0.0000e+00
        370 315.574158    0.02562     1.5375     92.250  1023.6871  48306.922    30.5429     16.188    6.62567     9.1232     9.1176    23.6126   11.96581 1.2603e+00     16.342 0.0000e+00
        371 315.574161    0.02569     1.5417     92.500  1023.6886  48308.280    30.5443     16.399    6.62510     9.1265     9.1211    23.6131   11.96484 1.2303e+00     16.554 0.0000e+00
        372 315.574164    0.02576     1.5458     92.750  1023.6883  48306.674    30.5436     16.586    6.62456     9.1290     9.1249    23.6120   11.96396 1.2047e+00     16.743 0.0000e+00
        373 315.574167    0.02583     1.5500     93.000  1023.6874  48303.905    30.5420     16.755    6.62413     9.1307     9.1283    23.6103   11.96327 1.1820e+00     16.914 0.0000e+00
        374 315.574170    0.02590     1.5542     93.250  1023.6865  48301.268    30.5404     16.911    6.62383     9.1316     9.1308    23.6087   11.96278 1.1607e+00     17.072 0.0000e+00
        375 315.574172    0.02597     1.5583     93.500  1023.6859  48299.143    30.5391     17.065    6.62364     9.1321     9.1325    23.6074   11.96248 1.1391e+00     17.227 0.0000e+00
        376 315.574175    0.02604     1.5625     93.750  1023.6857  48297.652    30.5381     17.225    6.62354     9.1322     9.1335    23.6065   11.96233 1.1163e+00     17.388 0.0000e+00
        377 315.574178    0.02611     1.5667     94.000  1023.6861  48297.062    30.5377     17.396    6.62350     9.1324     9.1339    23.6061   11.96226 1.0920e+00     17.561 0.0000e+00
        378 315.574181    0.02618     1.5708     94.250  1023.6872  48297.599    30.5380     17.578    6.62345     9.1329     9.1341    23.6063   11.96219 1.0666e+00     17.745 0.0000e+00
        379 315.574184    0.02625     1.5750     94.500  1023.6888  48299.039    30.5390     17.767    6.62338     9.1338     9.1343    23.6070   11.96206 1.0409e+00     17.935 0.0000e+00
        380 315.574187    0.02632     1.5792     94.750  1023.6907  48301.104    30.5404     17.956    6.62325     9.1352     9.1348    23.6081   11.96182 1.0165e+00     18.127 0.0000e+00
        381 315.574190    0.02639     1.5833     95.000  1023.6929  48303.852    30.5424     18.141    6.62303     9.1373     9.1356    23.6095   11.96144 9.9384e-01     18.313 0.0000e+00
        382 315.574193    0.02646     1.5875     95.250  1023.6954  48307.063    30.5448     18.317    6.62272     9.1400     9.1371    23.6111   11.96089 9.7263e-01     18.491 0.0000e+00
        383 315.574196    0.02653     1.5917     95.500  1023.6978  48310.394    30.5473     18.488    6.62230     9.1433     9.1392    23.6128   11.96017 9.5233e-01     18.663 0.0000e+00
        384 315.574198    0.02660     1.5958     95.750  1023.7005  48314.150    30.5502     18.658    6.62177     9.1472     9.1419    23.6147   11.95926 9.3234e-01     18.835 0.0000e+00
        385 315.574201    0.02667     1.6000     96.000  1023.7036  48318.722    30.5538     18.834    6.62113     9.1520     9.1453    23.6170   11.95816 9.1201e-01     19.013 0.0000e+00
        386 315.574204    0.02674     1.6042     96.250  1023.7074  48324.659    30.5584     19.022    6.62035     9.1577     9.1492    23.6200   11.95681 8.9094e-01     19.203 0.0000e+00
        387 315.574207    0.02681     1.6083     96.500  1023.7120  48331.893    30.5640     19.225    6.61940     9.1641     9.1540    23.6237   11.95517 8.6913e-01     19.407 0.0000e+00
        388 315.574210    0.02688     1.6125     96.750  1023.7161  48338.048    30.5690     19.441    6.61834     9.1705     9.1598    23.6267   11.95335 8.4691e-01     19.625 0.0000e+00
        389 315.574213    0.02694     1.6167     97.000  1023.7185  48341.207    30.5720     19.665    6.61727     9.1764     9.1662    23.6280   11.95154 8.2462e-01     19.852 0.0000e+00
        390 315.574216    0.02701     1.6208     97.250  1023.7196  48342.041    30.5733     19.893    6.61626     9.1814     9.1726    23.6281   11.94986 8.0256e-01     20.082 0.0000e+00
        391 315.574219    0.02708     1.6250     97.500  1023.7200  48341.554    30.5737     20.121    6.61538     9.1854     9.1785    23.6275   11.94839 7.8121e-01     20.312 0.0000e+00
        392 315.574222    0.02715     1.6292     97.750  1023.7201  48340.490    30.5735     20.342    6.61465     9.1885     9.1835    23.6266   11.94718 7.6101e-01     20.536 0.0000e+00
        393 315.574225    0.02722     1.6333     98.000  1023.7205  48339.745    30.5735     20.554    6.61406     9.1909     9.1875    23.6259   11.94621 7.4223e-01     20.749 0.0000e+00
        394 315.574227    0.02729     1.6375     98.250  1023.7212  48339.733    30.5738     20.752    6.61359     9.1929     9.1907    23.6257   11.94542 7.2497e-01     20.949 0.0000e+00
        395 315.574230    0.02736     1.6417     98.500  1023.7221  48340.246    30.5744     20.934    6.61320     9.1946     9.1931    23.6258   11.94477 7.0922e-01     21.133 0.0000e+00
        396 315.574233    0.02743     1.6458     98.750  1023.7232  48341.031    30.5752     21.103    6.61288     9.1960     9.1951    23.6261   11.94423 6.9464e-01     21.304 0.0000e+00
        397 315.574236    0.02750     1.6500     99.000  1023.7245  48342.301    30.5762     21.263    6.61259     9.1974     9.1968    23.6267   11.94374 6.8054e-01     21.466 0.0000e+00
        398 315.574239    0.02757     1.6542     99.250  1023.7261  48344.264    30.5777     21.423    6.61231     9.1989     9.1982    23.6276   11.94325 6.6616e-01     21.626 0.0000e+00
        399 315.574242    0.02764     1.6583     99.500  1023.7281  48346.674    30.5795     21.588    6.61202     9.2003     9.1997    23.6288   11.94275 6.5093e-01     21.794 0.0000e+00
        400 315.574245    0.02771     1.6625     99.750  1023.7301  48349.010    30.5813     21.766    6.61173     9.2016     9.2011    23.6300   11.94225 6.3454e-01     21.973 0.0000e+00
        401 315.574248    0.02778     1.6667    100.000  1023.7320  48351.081    30.5828     21.959    6.61146     9.2029     9.2026    23.6310   11.94177 6.1687e-01     22.167 0.0000e+00
        402 315.574251    0.02785     1.6708    100.250  1023.7340  48353.253    30.5845     22.164    6.61119     9.2042     9.2039    23.6320   11.94131 5.9848e-01     22.374 0.0000e+00
        403 315.574253    0.02792     1.6750    100.500  1023.7363  48356.001    30.5865     22.377    6.61091     9.2055     9.2052    23.6334   11.94082 5.8039e-01     22.589 0.0000e+00
        404 315.574256    0.02799     1.6792    100.750  1023.7390  48359.334    30.5889     22.589    6.61061     9.2068     9.2065    23.6351   11.94031 5.6305e-01     22.803 0.0000e+00
        405 315.574259    0.02806     1.6833    101.000  1023.7415  48362.501    30.5912     22.792    6.61032     9.2081     9.2079    23.6367   11.93979 5.4675e-01     23.008 0.0000e+00
        406 315.574262    0.02813     1.6875    101.250  1023.7436  48364.897    30.5930     22.982    6.61004     9.2093     9.2092    23.6379   11.93931 5.3186e-01     23.200 0.0000e+00
        407 315.574265    0.02819     1.6917    101.500  1023.7452  48366.500    30.5942     23.159    6.60979     9.2103     9.2106    23.6386   11.93889 5.1844e-01     23.379 0.0000e+00
        408 315.574268    0.02826     1.6958    101.750  1023.7463  48367.406    30.5949     23.327    6.60958     9.2112     9.2118    23.6390   11.93853 5.0620e-01     23.548 0.0000e+00
        409 315.574271    0.02833     1.7000    102.000  1023.7472  48367.907    30.5953     23.490    6.60941     9.2119     9.2128    23.6392   11.93824 4.9447e-01     23.713 0.0000e+00
        410 315.574274    0.02840     1.7042    102.250  1023.7482  48368.456    30.5958     23.655    6.60927     9.2125     9.2137    23.6394   11.93800 4.8274e-01     23.880 0.0000e+00
        411 315.574277    0.02847     1.7083    102.500  1023.7494  48369.295    30.5964     23.827    6.60914     9.2130     9.2144    23.6397   11.93778 4.7088e-01     24.054 0.0000e+00
        412 315.574280    0.02854     1.7125    102.750  1023.7507  48370.325    30.5971     24.007    6.60902     9.2136     9.2150    23.6402   11.93756 4.5903e-01     24.235 0.0000e+00
        413 315.574282    0.02861     1.7167    103.000  1023.7520  48371.363    30.5978     24.193    6.60890     9.2141     9.2156    23.6407   11.93736 4.4736e-01     24.423 0.0000e+00
        414 315.574285    0.02868     1.7208    103.250  1023.7534  48372.422    30.5986     24.382    6.60878     9.2147     9.2161    23.6412   11.93716 4.3602e-01     24.614 0.0000e+00
        415 315.574288    0.02875     1.7250    103.500  1023.7548  48373.691    30.5995     24.572    6.60867     9.2152     9.2167    23.6418   11.93695 4.2495e-01     24.805 0.0000e+00
        416 315.574291    0.02882     1.7292    103.750  1023.7565  48375.238    30.6006     24.764    6.60854     9.2157     9.2172    23.6426   11.93673 4.1387e-01     24.999 0.0000e+00
        417 315.574294    0.02889     1.7333    104.000  1023.7582  48376.850    30.6017     24.962    6.60841     9.2162     9.2178    23.6434   11.93650 4.0256e-01     25.199 0.0000e+00
        418 315.574297    0.02896     1.7375    104.250  1023.7598  48378.258    30.6026     25.170    6.60829     9.2165     9.2183    23.6441   11.93629 3.9120e-01     25.409 0.0000e+00
        419 315.574300    0.02903     1.7417    104.500  1023.7613  48379.414    30.6034     25.384    6.60819     9.2167     9.2187    23.6446   11.93612 3.8030e-01     25.626 0.0000e+00
        420 315.574303    0.02910     1.7458    104.750  1023.7627  48380.428    30.6041     25.597    6.60811     9.2169     9.2191    23.6451   11.93597 3.7020e-01     25.840 0.0000e+00
        421 315.574306    0.02917     1.7500    105.000  1023.7641  48381.288    30.6046     25.799    6.60805     9.2169     9.2194    23.6455   11.93587 3.6111e-01     26.044 0.0000e+00
        422 315.574308    0.02924     1.7542    105.250  1023.7652  48381.917    30.6050     25.982    6.60802     9.2169     9.2195    23.6458   11.93581 3.5335e-01     26.229 0.0000e+00
        423 315.574311    0.02931     1.7583    105.500  1023.7661  48382.371    30.6053     26.143    6.60800     9.2168     9.2195    23.6460   11.93577 3.4678e-01     26.392 0.0000e+00
        424 315.574314    0.02937     1.7625    105.750  1023.7670  48382.773    30.6055     26.290    6.60799     9.2166     9.2195    23.6461   11.93576 3.4083e-01     26.540 0.0000e+00
        425 315.574317    0.02944     1.7667    106.000  1023.7678  48383.253    30.6058     26.431    6.60799     9.2164     9.2195    23.6463   11.93575 3.3493e-01     26.683 0.0000e+00
