CTD-processing/allCTD/CNV--homogene/2016_04-10_t6_s06_cast180.cnv
* Sea-Bird SBE19plus Data File:
* FileName = C:\Users\Kris.Holderied\Documents\kasitsna\Research-KBL\Oceanography-AK\CTD-Data-ALL-to-2016-02\2016-CTD-KachemakBay-CookInlet\2016-04-CookInlet-quarterly\2016-04-10-CookInlet-Tran6-Douglas\2016-04-10-CookInlet-Tran6-cast180.hex
* Software Version 1.59
* Temperature SN =  5028
* Conductivity SN =  5028
* System UpLoad Time = Apr 11 2016 02:12:40
** Cook Inlet LTM Tran6 Douglas east to west
** Date (YYYY-MM-DD): 2016-04-10
** Station (ie. 9-01):  6-06
** Start time (AKST): 09:20
** Depth (m): 140
** Comment:  R/V Pandalus. Skipped stations.
** Comment:
# nquan = 17
# nvalues = 879                         
# units = specified
# name 0 = scan: Scan Count
# name 1 = timeJ: Julian Days
# name 2 = timeH: Time, Elapsed [hours]
# name 3 = timeM: Time, Elapsed [minutes]
# name 4 = timeS: Time, Elapsed [seconds]
# name 5 = density00: Density [density, kg/m^3]
# name 6 = specc: Specific Conductance [uS/cm]
# name 7 = sal00: Salinity, Practical [PSU]
# name 8 = depSM: Depth [salt water, m], lat = 59.00
# name 9 = oxsolML/L: Oxygen Saturation, Garcia & Gordon [ml/l]
# name 10 = potemp090C: Potential Temperature [ITS-90, deg C]
# name 11 = tv290C: Temperature [ITS-90, deg C]
# name 12 = sigma-é00: Density [sigma-theta, kg/m^3]
# name 13 = n2satML/L: Nitrogen Saturation [ml/l]
# name 14 = par: PAR/Irradiance, Biospherical/Licor
# name 15 = prdM: Pressure, Strain Gauge [db]
# name 16 = flag:  0.000e+00
# span 0 =          1,        879       
# span 1 = 101.389016, 101.391557       
# span 2 =    0.00000,    0.06097       
# span 3 =     0.0000,     3.6583       
# span 4 =      0.000,    219.500       
# span 5 =  1000.3060,  1025.4708       
# span 6 =    887.543,  50547.613       
# span 7 =     0.4241,    31.6257       
# span 8 =     -0.221,    137.595       
# span 9 =    6.98794,    8.91159       
# span 10 =     4.9975,     6.4586      
# span 11 =     4.9970,     6.4700      
# span 12 =     0.3071,    24.8311      
# span 13 =   12.55174,   16.20717      
# span 14 = 3.7976e-02, 1.3114e+02      
# span 15 =     -0.223,    138.941      
# span 16 = 0.0000e+00, 0.0000e+00      
# interval = seconds: 0.25
# start_time = Apr 10 2016 09:20:11 [Instrument's time stamp, header]
# bad_flag = -9.990e-29
*END*
          1 101.389016    0.00000     0.0000      0.000  1000.3060    887.543     0.4241     -0.220    8.91159     4.9975     4.9970     0.3071   16.20717 6.4657e+01     -0.222 0.0000e+00
          2 101.389019    0.00007     0.0042      0.250  1000.3095    893.504     0.4286     -0.219    8.91133     4.9980     4.9972     0.3106   16.20667 6.5201e+01     -0.221 0.0000e+00
          3 101.389022    0.00014     0.0083      0.500  1000.3184    911.185     0.4399     -0.219    8.91067     4.9987     4.9975     0.3195   16.20540 6.7585e+01     -0.221 0.0000e+00
          4 101.389025    0.00021     0.0125      0.750  1000.3383    953.286     0.4651     -0.219    8.90920     4.9999     4.9980     0.3394   16.20257 7.2654e+01     -0.221 0.0000e+00
          5 101.389028    0.00028     0.0167      1.000  1000.3762   1035.438     0.5128     -0.220    8.90641     5.0018     4.9987     0.3773   16.19718 7.9570e+01     -0.222 0.0000e+00
          6 101.389031    0.00035     0.0208      1.250  1000.4416   1178.345     0.5954     -0.221    8.90160     5.0048     4.9999     0.4427   16.18789 8.6729e+01     -0.223 0.0000e+00
          7 101.389034    0.00042     0.0250      1.500  1000.5499   1414.317     0.7320     -0.221    8.89367     5.0097     5.0018     0.5510   16.17257 9.3519e+01     -0.223 0.0000e+00
          8 101.389036    0.00049     0.0292      1.750  1000.7274   1800.323     0.9559     -0.220    8.88069     5.0178     5.0048     0.7285   16.14749 1.0034e+02     -0.222 0.0000e+00
          9 101.389039    0.00056     0.0333      2.000  1001.0187   2431.744     1.3233     -0.218    8.85942     5.0314     5.0097     1.0197   16.10641 1.0694e+02     -0.220 0.0000e+00
         10 101.389042    0.00063     0.0375      2.250  1001.4639   3385.060     1.8855     -0.214    8.82697     5.0539     5.0178     1.4650   16.04378 1.1103e+02     -0.216 0.0000e+00
         11 101.389045    0.00069     0.0417      2.500  1002.1095   4736.318     2.7016     -0.206    8.78005     5.0915     5.0314     2.1105   15.95340 1.1061e+02     -0.208 0.0000e+00
         12 101.389048    0.00076     0.0458      2.750  1003.0930   6761.351     3.9465     -0.192    8.70870     5.1543     5.0539     3.0939   15.81614 1.0739e+02     -0.194 0.0000e+00
         13 101.389051    0.00083     0.0500      3.000  1004.6793  10006.205     5.9550     -0.169    8.59367     5.2594     5.0915     4.6801   15.59503 1.0308e+02     -0.171 0.0000e+00
         14 101.389054    0.00090     0.0542      3.250  1007.2604  15262.376     9.2241     -0.130    8.40657     5.4224     5.1543     7.2610   15.23550 9.7249e+01     -0.131 0.0000e+00
         15 101.389057    0.00097     0.0583      3.500  1011.2874  23389.148    14.3274     -0.064    8.11487     5.6297     5.2594    11.2877   14.67565 8.8814e+01     -0.064 0.0000e+00
         16 101.389060    0.00104     0.0625      3.750  1016.0081  32839.095    20.3174      0.032    7.76743     5.8355     5.4225    16.0080   14.01095 7.7107e+01      0.033 0.0000e+00
         17 101.389062    0.00111     0.0667      4.000  1019.6370  40079.681    24.9345      0.138    7.48622     6.0029     5.6298    19.6364   13.47661 6.6243e+01      0.140 0.0000e+00
         18 101.389065    0.00118     0.0708      4.250  1021.7474  44295.161    27.6321      0.229    7.30734     6.1235     5.8355    21.7464   13.14017 6.1370e+01      0.231 0.0000e+00
         19 101.389068    0.00125     0.0750      4.500  1022.9658  46733.688    29.1967      0.293    7.19530     6.2054     6.0029    22.9645   12.93120 6.1953e+01      0.296 0.0000e+00
         20 101.389071    0.00132     0.0792      4.750  1023.6700  48145.713    30.1044      0.333    7.12622     6.2604     6.1235    23.6684   12.80318 6.5507e+01      0.336 0.0000e+00
         21 101.389074    0.00139     0.0833      5.000  1024.0753  48959.736    30.6288      0.354    7.08421     6.2978     6.2054    24.0737   12.72571 7.0949e+01      0.357 0.0000e+00
         22 101.389077    0.00146     0.0875      5.250  1024.2988  49409.678    30.9194      0.364    7.05924     6.3229     6.2605    24.2972   12.67996 7.7276e+01      0.368 0.0000e+00
         23 101.389080    0.00153     0.0917      5.500  1024.4003  49615.977    31.0530      0.371    7.04560     6.3382     6.2978    24.3986   12.65532 8.3467e+01      0.375 0.0000e+00
         24 101.389083    0.00160     0.0958      5.750  1024.4047  49629.905    31.0618      0.376    7.04056     6.3436     6.3229    24.4029   12.64673 8.8869e+01      0.379 0.0000e+00
         25 101.389086    0.00167     0.1000      6.000  1024.3147  49458.523    30.9497      0.367    7.04338     6.3381     6.3382    24.3130   12.65293 9.3637e+01      0.371 0.0000e+00
         26 101.389089    0.00174     0.1042      6.250  1024.1161  49074.130    30.6984      0.334    7.05496     6.3218     6.3436    24.1146   12.67563 9.9104e+01      0.337 0.0000e+00
         27 101.389091    0.00181     0.1083      6.500  1023.7662  48392.950    30.2535      0.271    7.07821     6.2969     6.3381    23.7649   12.72045 1.0589e+02      0.273 0.0000e+00
         28 101.389094    0.00187     0.1125      6.750  1023.1746  47238.656    29.5003      0.181    7.11890     6.2649     6.3218    23.1737   12.79857 1.1279e+02      0.182 0.0000e+00
         29 101.389097    0.00194     0.1167      7.000  1022.1819  45299.669    28.2365      0.076    7.18687     6.2260     6.2969    22.1815   12.92916 1.1835e+02      0.076 0.0000e+00
         30 101.389100    0.00201     0.1208      7.250  1020.5220  42055.843    26.1246     -0.023    7.29893     6.1830     6.2649    20.5221   13.14490 1.2271e+02     -0.023 0.0000e+00
         31 101.389103    0.00208     0.1250      7.500  1017.7556  36647.351    22.6064     -0.095    7.48326     6.1426     6.2260    17.7560   13.50044 1.2672e+02     -0.096 0.0000e+00
         32 101.389106    0.00215     0.1292      7.750  1014.0530  29368.097    17.8993     -0.136    7.72984     6.1115     6.1830    14.0537   13.97668 1.2996e+02     -0.138 0.0000e+00
         33 101.389109    0.00222     0.1333      8.000  1010.7098  22723.693    13.6497     -0.153    7.95528     6.0928     6.1426    10.7105   14.41241 1.3114e+02     -0.155 0.0000e+00
         34 101.389112    0.00229     0.1375      8.250  1008.7198  18719.458    11.1203     -0.151    8.09237     6.0870     6.1115     8.7206   14.67727 1.2872e+02     -0.153 0.0000e+00
         35 101.389115    0.00236     0.1417      8.500  1008.1287  17500.023    10.3688     -0.129    8.13566     6.0952     6.0928     8.1294   14.76058 1.2219e+02     -0.130 0.0000e+00
         36 101.389117    0.00243     0.1458      8.750  1008.9033  19015.597    11.3522     -0.082    8.08676     6.1212     6.0870     8.9037   14.66541 1.1275e+02     -0.083 0.0000e+00
         37 101.389120    0.00250     0.1500      9.000  1011.3354  23860.726    14.4409      0.004    7.92601     6.1672     6.0952    11.3354   14.35360 9.9863e+01      0.004 0.0000e+00
         38 101.389123    0.00257     0.1542      9.250  1015.0768  31303.927    19.1933      0.143    7.67687     6.2250     6.1213    15.0762   13.87111 8.1869e+01      0.144 0.0000e+00
         39 101.389126    0.00264     0.1583      9.500  1018.6417  38340.186    23.7237      0.336    7.43779     6.2800     6.1673    18.6401   13.40949 6.2175e+01      0.339 0.0000e+00
         40 101.389129    0.00271     0.1625      9.750  1021.0791  43116.598    26.8246      0.557    7.27098     6.3226     6.2251    21.0765   13.08885 4.7283e+01      0.562 0.0000e+00
         41 101.389132    0.00278     0.1667     10.000  1022.5623  46018.762    28.7141      0.773    7.16622     6.3506     6.2801    22.5587   12.88836 3.9245e+01      0.780 0.0000e+00
         42 101.389135    0.00285     0.1708     10.250  1023.4471  47749.965    29.8425      0.957    7.10202     6.3653     6.3227    23.4427   12.76592 3.6142e+01      0.965 0.0000e+00
         43 101.389138    0.00292     0.1750     10.500  1023.9688  48771.450    30.5081      1.087    7.06364     6.3699     6.3507    23.9637   12.69283 3.6765e+01      1.097 0.0000e+00
         44 101.389141    0.00299     0.1792     10.750  1024.2760  49374.067    30.8999      1.152    7.04131     6.3695     6.3653    24.2707   12.65022 4.1232e+01      1.163 0.0000e+00
         45 101.389144    0.00306     0.1833     11.000  1024.4577  49731.145    31.1311      1.152    7.02876     6.3690     6.3700    24.4523   12.62611 4.8679e+01      1.163 0.0000e+00
         46 101.389146    0.00313     0.1875     11.250  1024.5658  49944.385    31.2686      1.104    7.02183     6.3718     6.3696    24.5607   12.61265 5.5981e+01      1.114 0.0000e+00
         47 101.389149    0.00319     0.1917     11.500  1024.6278  50067.260    31.3475      1.036    7.01787     6.3783     6.3691    24.6230   12.60495 6.0104e+01      1.046 0.0000e+00
         48 101.389152    0.00326     0.1958     11.750  1024.6661  50142.995    31.3969      0.976    7.01488     6.3864     6.3719    24.6615   12.59929 6.0522e+01      0.985 0.0000e+00
         49 101.389155    0.00333     0.2000     12.000  1024.6978  50204.294    31.4384      0.941    7.01176     6.3938     6.3784    24.6934   12.59355 5.8692e+01      0.950 0.0000e+00
         50 101.389158    0.00340     0.2042     12.250  1024.7190  50244.745    31.4666      0.936    7.00905     6.3987     6.3865    24.7146   12.58867 5.6255e+01      0.945 0.0000e+00
         51 101.389161    0.00347     0.2083     12.500  1024.7259  50258.118    31.4764      0.955    7.00734     6.4003     6.3939    24.7215   12.58571 5.4075e+01      0.964 0.0000e+00
         52 101.389164    0.00354     0.2125     12.750  1024.7252  50257.010    31.4761      0.989    7.00653     6.3986     6.3988    24.7206   12.58435 5.2497e+01      0.998 0.0000e+00
         53 101.389167    0.00361     0.2167     13.000  1024.7222  50251.574    31.4723      1.028    7.00641     6.3941     6.4004    24.7174   12.58420 5.1652e+01      1.038 0.0000e+00
         54 101.389170    0.00368     0.2208     13.250  1024.7201  50247.841    31.4692      1.064    7.00683     6.3882     6.3987    24.7152   12.58492 5.1683e+01      1.074 0.0000e+00
         55 101.389172    0.00375     0.2250     13.500  1024.7195  50246.812    31.4675      1.090    7.00764     6.3828     6.3942    24.7144   12.58628 5.2555e+01      1.100 0.0000e+00
         56 101.389175    0.00382     0.2292     13.750  1024.7199  50247.828    31.4671      1.099    7.00861     6.3786     6.3883    24.7148   12.58789 5.3923e+01      1.109 0.0000e+00
         57 101.389178    0.00389     0.2333     14.000  1024.7206  50249.447    31.4672      1.089    7.00949     6.3760     6.3829    24.7155   12.58935 5.5462e+01      1.099 0.0000e+00
         58 101.389181    0.00396     0.2375     14.250  1024.7197  50248.327    31.4656      1.060    7.01024     6.3750     6.3787    24.7148   12.59060 5.6769e+01      1.070 0.0000e+00
         59 101.389184    0.00403     0.2417     14.500  1024.7181  50245.762    31.4634      1.015    7.01077     6.3756     6.3761    24.7133   12.59151 5.7761e+01      1.024 0.0000e+00
         60 101.389187    0.00410     0.2458     14.750  1024.7184  50246.918    31.4640      0.959    7.01091     6.3779     6.3751    24.7140   12.59173 5.9004e+01      0.969 0.0000e+00
         61 101.389190    0.00417     0.2500     15.000  1024.7215  50253.029    31.4683      0.902    7.01061     6.3814     6.3757    24.7173   12.59118 6.0234e+01      0.910 0.0000e+00
         62 101.389193    0.00424     0.2542     15.250  1024.7259  50261.302    31.4745      0.851    7.00995     6.3853     6.3779    24.7219   12.59002 6.0452e+01      0.859 0.0000e+00
         63 101.389196    0.00431     0.2583     15.500  1024.7297  50268.472    31.4801      0.818    7.00912     6.3887     6.3814    24.7259   12.58858 5.9703e+01      0.825 0.0000e+00
         64 101.389198    0.00438     0.2625     15.750  1024.7316  50271.830    31.4832      0.809    7.00834     6.3910     6.3854    24.7278   12.58725 5.8569e+01      0.816 0.0000e+00
         65 101.389201    0.00444     0.2667     16.000  1024.7311  50270.547    31.4829      0.830    7.00779     6.3920     6.3888    24.7272   12.58634 5.7226e+01      0.837 0.0000e+00
         66 101.389204    0.00451     0.2708     16.250  1024.7292  50266.623    31.4806      0.881    7.00752     6.3912     6.3911    24.7251   12.58591 5.5600e+01      0.889 0.0000e+00
         67 101.389207    0.00458     0.2750     16.500  1024.7267  50261.462    31.4772      0.958    7.00752     6.3879     6.3921    24.7223   12.58597 5.3732e+01      0.966 0.0000e+00
         68 101.389210    0.00465     0.2792     16.750  1024.7223  50252.752    31.4709      1.051    7.00794     6.3808     6.3913    24.7175   12.58673 5.2082e+01      1.060 0.0000e+00
         69 101.389213    0.00472     0.2833     17.000  1024.7161  50240.740    31.4619      1.147    7.00890     6.3686     6.3880    24.7108   12.58843 5.1203e+01      1.158 0.0000e+00
         70 101.389216    0.00479     0.2875     17.250  1024.7127  50234.169    31.4560      1.233    7.01034     6.3519     6.3809    24.7070   12.59089 5.1293e+01      1.245 0.0000e+00
         71 101.389219    0.00486     0.2917     17.500  1024.7169  50241.834    31.4590      1.297    7.01220     6.3344     6.3687    24.7109   12.59392 5.2246e+01      1.309 0.0000e+00
         72 101.389222    0.00493     0.2958     17.750  1024.7279  50262.356    31.4701      1.329    7.01441     6.3199     6.3520    24.7217   12.59744 5.3811e+01      1.342 0.0000e+00
         73 101.389225    0.00500     0.3000     18.000  1024.7410  50287.281    31.4841      1.322    7.01664     6.3107     6.3345    24.7349   12.60094 5.5642e+01      1.334 0.0000e+00
         74 101.389227    0.00507     0.3042     18.250  1024.7526  50309.421    31.4968      1.272    7.01843     6.3079     6.3200    24.7466   12.60374 5.7404e+01      1.284 0.0000e+00
         75 101.389230    0.00514     0.3083     18.500  1024.7607  50325.475    31.5062      1.185    7.01949     6.3115     6.3108    24.7552   12.60538 5.8750e+01      1.196 0.0000e+00
         76 101.389233    0.00521     0.3125     18.750  1024.7657  50335.591    31.5128      1.072    7.01964     6.3203     6.3080    24.7607   12.60555 5.8865e+01      1.081 0.0000e+00
         77 101.389236    0.00528     0.3167     19.000  1024.7691  50342.485    31.5183      0.952    7.01880     6.3322     6.3116    24.7646   12.60409 5.6047e+01      0.961 0.0000e+00
         78 101.389239    0.00535     0.3208     19.250  1024.7716  50347.563    31.5235      0.846    7.01712     6.3451     6.3204    24.7677   12.60125 4.9396e+01      0.855 0.0000e+00
         79 101.389242    0.00542     0.3250     19.500  1024.7714  50347.220    31.5255      0.773    7.01507     6.3565     6.3323    24.7678   12.59783 4.1953e+01      0.780 0.0000e+00
         80 101.389245    0.00549     0.3292     19.750  1024.7654  50335.871    31.5201      0.740    7.01322     6.3651     6.3451    24.7619   12.59484 3.7882e+01      0.747 0.0000e+00
         81 101.389248    0.00556     0.3333     20.000  1024.7529  50312.474    31.5060      0.749    7.01200     6.3703     6.3566    24.7494   12.59301 3.7299e+01      0.756 0.0000e+00
         82 101.389251    0.00562     0.3375     20.250  1024.7371  50282.863    31.4871      0.795    7.01147     6.3718     6.3652    24.7334   12.59237 3.8279e+01      0.802 0.0000e+00
         83 101.389253    0.00569     0.3417     20.500  1024.7217  50253.936    31.4680      0.868    7.01150     6.3688     6.3704    24.7177   12.59266 3.9952e+01      0.876 0.0000e+00
         84 101.389256    0.00576     0.3458     20.750  1024.7090  50229.793    31.4515      0.957    7.01201     6.3596     6.3719    24.7045   12.59371 4.2070e+01      0.966 0.0000e+00
         85 101.389259    0.00583     0.3500     21.000  1024.7016  50215.743    31.4411      1.052    7.01298     6.3436     6.3689    24.6967   12.59545 4.4386e+01      1.062 0.0000e+00
