CTD-processing/allCTD/CNV--homogene/2016_12-13_t4_s02_cast178.cnv
* Sea-Bird SBE19plus Data File:
* FileName = P:\My Documents\kasitsna\Research-KBL\Oceanography-AK\CTD-Data-ALL-to-2016-05\2016-CTD-KachemakBay-CookInlet\2016-12-CookInlet-quarterly\2016-12-13-CookInlet-Tran4-Barabara\2016-12-13-CookInlet-Tran4-cast178.hex
* Software Version 1.59
* Temperature SN =  5028
* Conductivity SN =  5028
* System UpLoad Time = Dec 13 2016 15:36:58
** Cook Inlet LTM Tran 4 south to north
** Date: (YYYY-MM-DD): 2016-12-13
** Station: (eg. 9-01): 4-02
** Start time (AKST): 13:00
** Depth (m): 103.3
** Comment: R/V Alaska Dream Catcher. CTD on AKDT (1 hr ahead).
** Comment:
# nquan = 17
# nvalues = 786                         
# units = specified
# name 0 = scan: Scan Count
# name 1 = timeJ: Julian Days
# name 2 = timeH: Time, Elapsed [hours]
# name 3 = timeM: Time, Elapsed [minutes]
# name 4 = timeS: Time, Elapsed [seconds]
# name 5 = density00: Density [density, kg/m^3]
# name 6 = specc: Specific Conductance [uS/cm]
# name 7 = sal00: Salinity, Practical [PSU]
# name 8 = depSM: Depth [salt water, m], lat = 59.00
# name 9 = oxsolML/L: Oxygen Saturation, Garcia & Gordon [ml/l]
# name 10 = potemp090C: Potential Temperature [ITS-90, deg C]
# name 11 = tv290C: Temperature [ITS-90, deg C]
# name 12 = sigma-é00: Density [sigma-theta, kg/m^3]
# name 13 = n2satML/L: Nitrogen Saturation [ml/l]
# name 14 = par: PAR/Irradiance, Biospherical/Licor
# name 15 = prdM: Pressure, Strain Gauge [db]
# name 16 = flag:  0.000e+00
# span 0 =          1,        786       
# span 1 = 348.584190, 348.586461       
# span 2 =    0.00000,    0.05451       
# span 3 =     0.0000,     3.2708       
# span 4 =      0.000,    196.250       
# span 5 =  1000.1656,  1025.1601       
# span 6 =    545.070,  50506.730       
# span 7 =     0.2547,    31.6936       
# span 8 =      0.102,     99.153       
# span 9 =    6.89350,    8.84724       
# span 10 =     5.3054,     7.0763      
# span 11 =     5.3054,     7.0804      
# span 12 =     0.1651,    24.8608      
# span 13 =   12.39664,   16.10183      
# span 14 = 4.7632e-02, 5.3503e+01      
# span 15 =      0.103,    100.114      
# span 16 = 0.0000e+00, 0.0000e+00      
# interval = seconds: 0.25
# start_time = Dec 13 2016 14:01:14 [Instrument's time stamp, header]
# bad_flag = -9.990e-29
*END*
[from data line 426]
        427 348.585422    0.02958     1.7750    106.500  1024.7525  50177.055    31.5341     15.524    6.89540     7.0698     7.0713    24.6804   12.39992 3.6200e+00     15.671 0.0000e+00
        428 348.585425    0.02965     1.7792    106.750  1024.7536  50177.276    31.5341     15.748    6.89540     7.0698     7.0712    24.6805   12.39991 3.5453e+00     15.897 0.0000e+00
        429 348.585428    0.02972     1.7833    107.000  1024.7546  50177.481    31.5342     15.974    6.89540     7.0699     7.0712    24.6805   12.39991 3.4706e+00     16.125 0.0000e+00
        430 348.585431    0.02979     1.7875    107.250  1024.7557  50177.673    31.5342     16.202    6.89539     7.0699     7.0713    24.6805   12.39990 3.3948e+00     16.355 0.0000e+00
        431 348.585434    0.02986     1.7917    107.500  1024.7568  50177.867    31.5342     16.435    6.89538     7.0699     7.0713    24.6805   12.39988 3.3170e+00     16.591 0.0000e+00
        432 348.585437    0.02993     1.7958    107.750  1024.7579  50178.049    31.5343     16.675    6.89537     7.0699     7.0714    24.6806   12.39987 3.2372e+00     16.833 0.0000e+00
        433 348.585440    0.03000     1.8000    108.000  1024.7591  50178.211    31.5343     16.923    6.89537     7.0699     7.0714    24.6806   12.39986 3.1559e+00     17.084 0.0000e+00
        434 348.585443    0.03007     1.8042    108.250  1024.7602  50178.356    31.5342     17.178    6.89537     7.0699     7.0714    24.6805   12.39986 3.0738e+00     17.341 0.0000e+00
        435 348.585446    0.03014     1.8083    108.500  1024.7614  50178.504    31.5342     17.437    6.89537     7.0699     7.0714    24.6805   12.39986 2.9922e+00     17.603 0.0000e+00
        436 348.585448    0.03021     1.8125    108.750  1024.7626  50178.675    31.5342     17.697    6.89536     7.0699     7.0714    24.6805   12.39985 2.9118e+00     17.866 0.0000e+00
        437 348.585451    0.03028     1.8167    109.000  1024.7639  50178.861    31.5342     17.959    6.89536     7.0698     7.0715    24.6805   12.39985 2.8329e+00     18.130 0.0000e+00
        438 348.585454    0.03035     1.8208    109.250  1024.7651  50179.057    31.5342     18.223    6.89536     7.0698     7.0715    24.6805   12.39985 2.7551e+00     18.396 0.0000e+00
        439 348.585457    0.03042     1.8250    109.500  1024.7664  50179.262    31.5342     18.488    6.89536     7.0697     7.0715    24.6806   12.39985 2.6787e+00     18.664 0.0000e+00
        440 348.585460    0.03049     1.8292    109.750  1024.7676  50179.478    31.5343     18.754    6.89536     7.0697     7.0715    24.6806   12.39985 2.6045e+00     18.932 0.0000e+00
        441 348.585463    0.03056     1.8333    110.000  1024.7689  50179.724    31.5343     19.017    6.89537     7.0697     7.0714    24.6807   12.39985 2.5336e+00     19.197 0.0000e+00
        442 348.585466    0.03062     1.8375    110.250  1024.7701  50179.956    31.5344     19.274    6.89537     7.0697     7.0714    24.6807   12.39985 2.4666e+00     19.457 0.0000e+00
        443 348.585469    0.03069     1.8417    110.500  1024.7713  50180.123    31.5344     19.526    6.89536     7.0697     7.0714    24.6807   12.39985 2.4034e+00     19.711 0.0000e+00
        444 348.585472    0.03076     1.8458    110.750  1024.7724  50180.262    31.5344     19.771    6.89536     7.0696     7.0714    24.6807   12.39985 2.3434e+00     19.959 0.0000e+00
        445 348.585475    0.03083     1.8500    111.000  1024.7735  50180.409    31.5343     20.011    6.89536     7.0696     7.0714    24.6807   12.39985 2.2861e+00     20.201 0.0000e+00
        446 348.585477    0.03090     1.8542    111.250  1024.7746  50180.569    31.5343     20.246    6.89536     7.0696     7.0714    24.6807   12.39985 2.2313e+00     20.438 0.0000e+00
        447 348.585480    0.03097     1.8583    111.500  1024.7757  50180.720    31.5343     20.475    6.89536     7.0696     7.0714    24.6807   12.39985 2.1791e+00     20.670 0.0000e+00
        448 348.585483    0.03104     1.8625    111.750  1024.7767  50180.865    31.5343     20.700    6.89536     7.0696     7.0714    24.6807   12.39985 2.1292e+00     20.896 0.0000e+00
        449 348.585486    0.03111     1.8667    112.000  1024.7777  50181.026    31.5344     20.920    6.89536     7.0695     7.0714    24.6807   12.39984 2.0808e+00     21.119 0.0000e+00
        450 348.585489    0.03118     1.8708    112.250  1024.7788  50181.193    31.5344     21.140    6.89536     7.0694     7.0714    24.6807   12.39984 2.0326e+00     21.341 0.0000e+00
        451 348.585492    0.03125     1.8750    112.500  1024.7799  50181.407    31.5344     21.365    6.89536     7.0693     7.0714    24.6807   12.39985 1.9834e+00     21.567 0.0000e+00
        452 348.585495    0.03132     1.8792    112.750  1024.7810  50181.702    31.5345     21.599    6.89537     7.0692     7.0713    24.6808   12.39986 1.9324e+00     21.803 0.0000e+00
        453 348.585498    0.03139     1.8833    113.000  1024.7823  50182.000    31.5346     21.844    6.89538     7.0692     7.0712    24.6809   12.39987 1.8795e+00     22.051 0.0000e+00
        454 348.585501    0.03146     1.8875    113.250  1024.7835  50182.271    31.5346     22.100    6.89539     7.0691     7.0712    24.6809   12.39989 1.8252e+00     22.310 0.0000e+00
        455 348.585503    0.03153     1.8917    113.500  1024.7848  50182.564    31.5347     22.364    6.89540     7.0691     7.0711    24.6810   12.39990 1.7709e+00     22.576 0.0000e+00
        456 348.585506    0.03160     1.8958    113.750  1024.7861  50182.867    31.5348     22.631    6.89540     7.0690     7.0711    24.6811   12.39990 1.7176e+00     22.845 0.0000e+00
        457 348.585509    0.03167     1.9000    114.000  1024.7874  50183.127    31.5348     22.899    6.89540     7.0690     7.0711    24.6811   12.39990 1.6659e+00     23.116 0.0000e+00
        458 348.585512    0.03174     1.9042    114.250  1024.7887  50183.342    31.5349     23.165    6.89540     7.0690     7.0711    24.6812   12.39990 1.6161e+00     23.385 0.0000e+00
        459 348.585515    0.03181     1.9083    114.500  1024.7899  50183.528    31.5349     23.428    6.89540     7.0690     7.0711    24.6812   12.39989 1.5684e+00     23.651 0.0000e+00
        460 348.585518    0.03188     1.9125    114.750  1024.7911  50183.707    31.5349     23.685    6.89539     7.0690     7.0711    24.6812   12.39989 1.5235e+00     23.910 0.0000e+00
        461 348.585521    0.03194     1.9167    115.000  1024.7923  50183.881    31.5349     23.934    6.89539     7.0690     7.0711    24.6812   12.39988 1.4814e+00     24.162 0.0000e+00
        462 348.585524    0.03201     1.9208    115.250  1024.7934  50184.037    31.5349     24.175    6.89538     7.0690     7.0711    24.6812   12.39988 1.4418e+00     24.405 0.0000e+00
        463 348.585527    0.03208     1.9250    115.500  1024.7945  50184.216    31.5349     24.408    6.89538     7.0690     7.0711    24.6812   12.39987 1.4043e+00     24.640 0.0000e+00
        464 348.585530    0.03215     1.9292    115.750  1024.7955  50184.417    31.5349     24.638    6.89537     7.0690     7.0712    24.6812   12.39986 1.3680e+00     24.872 0.0000e+00
        465 348.585532    0.03222     1.9333    116.000  1024.7966  50184.564    31.5349     24.868    6.89537     7.0690     7.0712    24.6812   12.39985 1.3325e+00     25.104 0.0000e+00
        466 348.585535    0.03229     1.9375    116.250  1024.7977  50184.640    31.5349     25.099    6.89537     7.0690     7.0712    24.6812   12.39985 1.2977e+00     25.338 0.0000e+00
        467 348.585538    0.03236     1.9417    116.500  1024.7987  50184.699    31.5348     25.332    6.89537     7.0689     7.0712    24.6811   12.39985 1.2639e+00     25.573 0.0000e+00
        468 348.585541    0.03243     1.9458    116.750  1024.7997  50184.755    31.5348     25.564    6.89537     7.0688     7.0712    24.6811   12.39986 1.2311e+00     25.807 0.0000e+00
        469 348.585544    0.03250     1.9500    117.000  1024.8008  50184.827    31.5347     25.794    6.89538     7.0687     7.0712    24.6810   12.39987 1.1995e+00     26.040 0.0000e+00
        470 348.585547    0.03257     1.9542    117.250  1024.8018  50184.976    31.5347     26.024    6.89540     7.0686     7.0711    24.6810   12.39990 1.1689e+00     26.272 0.0000e+00
        471 348.585550    0.03264     1.9583    117.500  1024.8029  50185.177    31.5347     26.256    6.89541     7.0686     7.0710    24.6810   12.39992 1.1387e+00     26.506 0.0000e+00
        472 348.585553    0.03271     1.9625    117.750  1024.8041  50185.383    31.5347     26.493    6.89542     7.0685     7.0710    24.6811   12.39993 1.1084e+00     26.745 0.0000e+00
        473 348.585556    0.03278     1.9667    118.000  1024.8052  50185.582    31.5347     26.737    6.89542     7.0685     7.0709    24.6811   12.39995 1.0779e+00     26.991 0.0000e+00
        474 348.585558    0.03285     1.9708    118.250  1024.8063  50185.745    31.5347     26.990    6.89543     7.0684     7.0709    24.6811   12.39996 1.0473e+00     27.246 0.0000e+00
        475 348.585561    0.03292     1.9750    118.500  1024.8075  50185.874    31.5347     27.250    6.89543     7.0684     7.0709    24.6811   12.39996 1.0167e+00     27.509 0.0000e+00
        476 348.585564    0.03299     1.9792    118.750  1024.8088  50186.016    31.5346     27.517    6.89544     7.0683     7.0709    24.6811   12.39997 9.8615e-01     27.779 0.0000e+00
        477 348.585567    0.03306     1.9833    119.000  1024.8100  50186.196    31.5346     27.788    6.89544     7.0682     7.0708    24.6811   12.39998 9.5592e-01     28.052 0.0000e+00
        478 348.585570    0.03313     1.9875    119.250  1024.8113  50186.421    31.5347     28.061    6.89545     7.0682     7.0708    24.6811   12.39999 9.2645e-01     28.328 0.0000e+00
        479 348.585573    0.03319     1.9917    119.500  1024.8126  50186.688    31.5347     28.332    6.89545     7.0682     7.0707    24.6811   12.40000 8.9827e-01     28.601 0.0000e+00
        480 348.585576    0.03326     1.9958    119.750  1024.8139  50186.959    31.5348     28.596    6.89545     7.0682     7.0707    24.6812   12.39999 8.7175e-01     28.868 0.0000e+00
        481 348.585579    0.03333     2.0000    120.000  1024.8151  50187.181    31.5348     28.850    6.89545     7.0682     7.0707    24.6813   12.39999 8.4704e-01     29.124 0.0000e+00
        482 348.585582    0.03340     2.0042    120.250  1024.8163  50187.325    31.5348     29.091    6.89545     7.0682     7.0707    24.6813   12.39998 8.2421e-01     29.368 0.0000e+00
        483 348.585584    0.03347     2.0083    120.500  1024.8173  50187.428    31.5348     29.320    6.89545     7.0681     7.0708    24.6812   12.39998 8.0318e-01     29.599 0.0000e+00
        484 348.585587    0.03354     2.0125    120.750  1024.8183  50187.544    31.5348     29.539    6.89545     7.0681     7.0708    24.6812   12.39998 7.8343e-01     29.820 0.0000e+00
        485 348.585590    0.03361     2.0167    121.000  1024.8193  50187.691    31.5348     29.754    6.89545     7.0681     7.0708    24.6812   12.39998 7.6438e-01     30.037 0.0000e+00
        486 348.585593    0.03368     2.0208    121.250  1024.8203  50187.848    31.5348     29.968    6.89544     7.0682     7.0708    24.6812   12.39998 7.4571e-01     30.253 0.0000e+00
        487 348.585596    0.03375     2.0250    121.500  1024.8213  50187.985    31.5348     30.185    6.89544     7.0682     7.0708    24.6812   12.39997 7.2722e-01     30.473 0.0000e+00
        488 348.585599    0.03382     2.0292    121.750  1024.8223  50188.126    31.5348     30.407    6.89544     7.0682     7.0708    24.6812   12.39996 7.0881e-01     30.697 0.0000e+00
        489 348.585602    0.03389     2.0333    122.000  1024.8234  50188.301    31.5348     30.635    6.89543     7.0683     7.0709    24.6812   12.39995 6.9042e-01     30.926 0.0000e+00
        490 348.585605    0.03396     2.0375    122.250  1024.8245  50188.455    31.5348     30.868    6.89541     7.0684     7.0710    24.6812   12.39993 6.7193e-01     31.162 0.0000e+00
        491 348.585608    0.03403     2.0417    122.500  1024.8255  50188.536    31.5348     31.109    6.89540     7.0684     7.0711    24.6812   12.39991 6.5337e-01     31.405 0.0000e+00
        492 348.585611    0.03410     2.0458    122.750  1024.8266  50188.602    31.5347     31.355    6.89539     7.0684     7.0711    24.6811   12.39989 6.3491e-01     31.654 0.0000e+00
        493 348.585613    0.03417     2.0500    123.000  1024.8278  50188.702    31.5347     31.607    6.89538     7.0684     7.0712    24.6811   12.39988 6.1673e-01     31.908 0.0000e+00
        494 348.585616    0.03424     2.0542    123.250  1024.8289  50188.840    31.5347     31.861    6.89538     7.0685     7.0712    24.6811   12.39987 5.9906e-01     32.164 0.0000e+00
        495 348.585619    0.03431     2.0583    123.500  1024.8301  50189.021    31.5347     32.114    6.89537     7.0685     7.0713    24.6811   12.39986 5.8209e-01     32.419 0.0000e+00
        496 348.585622    0.03438     2.0625    123.750  1024.8313  50189.232    31.5347     32.365    6.89536     7.0686     7.0713    24.6811   12.39984 5.6582e-01     32.672 0.0000e+00
        497 348.585625    0.03444     2.0667    124.000  1024.8325  50189.484    31.5348     32.614    6.89535     7.0686     7.0714    24.6812   12.39982 5.5006e-01     32.925 0.0000e+00
        498 348.585628    0.03451     2.0708    124.250  1024.8337  50189.763    31.5349     32.865    6.89533     7.0686     7.0714    24.6812   12.39980 5.3462e-01     33.178 0.0000e+00
        499 348.585631    0.03458     2.0750    124.500  1024.8350  50190.076    31.5350     33.119    6.89532     7.0687     7.0715    24.6813   12.39977 5.1942e-01     33.434 0.0000e+00
        500 348.585634    0.03465     2.0792    124.750  1024.8363  50190.467    31.5352     33.375    6.89530     7.0689     7.0716    24.6815   12.39974 5.0452e-01     33.693 0.0000e+00
        501 348.585637    0.03472     2.0833    125.000  1024.8377  50190.979    31.5354     33.631    6.89527     7.0691     7.0717    24.6816   12.39968 4.9008e-01     33.952 0.0000e+00
        502 348.585639    0.03479     2.0875    125.250  1024.8392  50191.756    31.5359     33.885    6.89522     7.0696     7.0718    24.6820   12.39960 4.7627e-01     34.208 0.0000e+00
        503 348.585642    0.03486     2.0917    125.500  1024.8409  50192.938    31.5366     34.133    6.89514     7.0702     7.0721    24.6825   12.39946 4.6317e-01     34.458 0.0000e+00
        504 348.585645    0.03493     2.0958    125.750  1024.8426  50194.112    31.5374     34.376    6.89503     7.0708     7.0726    24.6831   12.39927 4.5071e-01     34.704 0.0000e+00
        505 348.585648    0.03500     2.1000    126.000  1024.8439  50194.673    31.5378     34.615    6.89492     7.0713     7.0732    24.6833   12.39908 4.3884e-01     34.944 0.0000e+00
        506 348.585651    0.03507     2.1042    126.250  1024.8451  50194.900    31.5379     34.848    6.89481     7.0718     7.0739    24.6833   12.39889 4.2753e-01     35.180 0.0000e+00
        507 348.585654    0.03514     2.1083    126.500  1024.8462  50195.151    31.5381     35.076    6.89472     7.0722     7.0744    24.6834   12.39873 4.1674e-01     35.410 0.0000e+00
        508 348.585657    0.03521     2.1125    126.750  1024.8472  50195.286    31.5382     35.301    6.89463     7.0725     7.0749    24.6834   12.39860 4.0639e-01     35.637 0.0000e+00
        509 348.585660    0.03528     2.1167    127.000  1024.8483  50195.474    31.5383     35.524    6.89457     7.0728     7.0753    24.6834   12.39848 3.9629e-01     35.863 0.0000e+00
        510 348.585663    0.03535     2.1208    127.250  1024.8495  50195.878    31.5385     35.750    6.89450     7.0731     7.0756    24.6836   12.39838 3.8620e-01     36.091 0.0000e+00
