CTD-processing/allCTD/CNV--homogene/2016_05-12_t9_s07_cast230.cnv
* Sea-Bird SBE19plus Data File:
* FileName = C:\Users\Kris.Holderied\Documents\kasitsna\Research-KBL\Oceanography-AK\CTD-Data-ALL-to-2016-05\2016-CTD-KachemakBay-CookInlet\2016-05-12-CookInlet-HomerSpit-monthly\2016-05-12-CookInlet-Tran9-cast230.hex
* Software Version 1.59
* Temperature SN =  5028
* Conductivity SN =  5028
* System UpLoad Time = May 16 2016 17:01:01
** Cook Inlet LTM Tran9 Homer Spit north to south
** Date (YYYY-MM-DD): 2016-05-12
** Station (ie. 9-01):  9-07
** Start time (AKST): 13:28
** Depth (m): 98
** Comment:  R/V Edgecumbe
** Comment:
# nquan = 17
# nvalues = 614                         
# units = specified
# name 0 = scan: Scan Count
# name 1 = timeJ: Julian Days
# name 2 = timeH: Time, Elapsed [hours]
# name 3 = timeM: Time, Elapsed [minutes]
# name 4 = timeS: Time, Elapsed [seconds]
# name 5 = density00: Density [density, kg/m^3]
# name 6 = specc: Specific Conductance [uS/cm]
# name 7 = sal00: Salinity, Practical [PSU]
# name 8 = depSM: Depth [salt water, m], lat = 59.00
# name 9 = oxsolML/L: Oxygen Saturation, Garcia & Gordon [ml/l]
# name 10 = potemp090C: Potential Temperature [ITS-90, deg C]
# name 11 = tv290C: Temperature [ITS-90, deg C]
# name 12 = sigma-é00: Density [sigma-theta, kg/m^3]
# name 13 = n2satML/L: Nitrogen Saturation [ml/l]
# name 14 = par: PAR/Irradiance, Biospherical/Licor
# name 15 = prdM: Pressure, Strain Gauge [db]
# name 16 = flag:  0.000e+00
# span 0 =          1,        614       
# span 1 = 133.561609, 133.563383       
# span 2 =    0.00000,    0.04257       
# span 3 =     0.0000,     2.5542       
# span 4 =      0.000,    153.250       
# span 5 =  1001.1086,  1024.9778       
# span 6 =   2869.229,  50011.089       
# span 7 =     1.6252,    31.3146       
# span 8 =      0.148,     90.128       
# span 9 =    6.69296,    8.14197       
# span 10 =     6.6009,     8.7270      
# span 11 =     6.6061,     8.7271      
# span 12 =     1.1080,    24.5590      
# span 13 =   12.07985,   14.89576      
# span 14 = 5.3219e-02, 1.5742e+03      
# span 15 =      0.149,     90.998      
# span 16 = 0.0000e+00, 0.0000e+00      
# interval = seconds: 0.25
# start_time = May 12 2016 13:28:43 [Instrument's time stamp, header]
# bad_flag = -9.990e-29
*END*
[from data line 426]
        427 133.562841    0.02958     1.7750    106.500  1024.6258  49723.895    31.1410     44.475    6.97236     6.6986     6.7034    24.4188   12.53208 5.4679e-02     44.900 0.0000e+00
        428 133.562844    0.02965     1.7792    106.750  1024.6273  49724.572    31.1412     44.756    6.97242     6.6982     6.7029    24.4191   12.53218 5.4656e-02     45.183 0.0000e+00
        429 133.562847    0.02972     1.7833    107.000  1024.6289  49725.243    31.1415     45.037    6.97249     6.6978     6.7024    24.4194   12.53229 5.4643e-02     45.467 0.0000e+00
        430 133.562850    0.02979     1.7875    107.250  1024.6304  49725.857    31.1417     45.318    6.97255     6.6975     6.7020    24.4196   12.53239 5.4633e-02     45.751 0.0000e+00
        431 133.562853    0.02986     1.7917    107.500  1024.6319  49726.365    31.1418     45.597    6.97260     6.6971     6.7016    24.4197   12.53247 5.4622e-02     46.033 0.0000e+00
        432 133.562856    0.02993     1.7958    107.750  1024.6333  49726.772    31.1419     45.875    6.97265     6.6968     6.7013    24.4198   12.53255 5.4616e-02     46.313 0.0000e+00
        433 133.562859    0.03000     1.8000    108.000  1024.6347  49727.158    31.1420     46.151    6.97270     6.6965     6.7010    24.4199   12.53262 5.4616e-02     46.591 0.0000e+00
        434 133.562862    0.03007     1.8042    108.250  1024.6361  49727.578    31.1421     46.425    6.97274     6.6961     6.7007    24.4201   12.53270 5.4617e-02     46.869 0.0000e+00
        435 133.562865    0.03014     1.8083    108.500  1024.6375  49727.950    31.1422     46.699    6.97279     6.6956     6.7004    24.4202   12.53278 5.4617e-02     47.146 0.0000e+00
        436 133.562867    0.03021     1.8125    108.750  1024.6388  49728.216    31.1422     46.973    6.97285     6.6950     6.7000    24.4203   12.53288 5.4613e-02     47.423 0.0000e+00
        437 133.562870    0.03028     1.8167    109.000  1024.6401  49728.478    31.1422     47.248    6.97293     6.6944     6.6996    24.4203   12.53300 5.4603e-02     47.700 0.0000e+00
        438 133.562873    0.03035     1.8208    109.250  1024.6415  49728.831    31.1422     47.524    6.97301     6.6938     6.6991    24.4204   12.53313 5.4590e-02     47.979 0.0000e+00
        439 133.562876    0.03042     1.8250    109.500  1024.6429  49729.275    31.1423     47.801    6.97310     6.6933     6.6985    24.4205   12.53328 5.4575e-02     48.258 0.0000e+00
        440 133.562879    0.03049     1.8292    109.750  1024.6444  49729.847    31.1425     48.078    6.97318     6.6928     6.6979    24.4207   12.53342 5.4558e-02     48.537 0.0000e+00
        441 133.562882    0.03056     1.8333    110.000  1024.6459  49730.512    31.1427     48.355    6.97326     6.6924     6.6974    24.4209   12.53355 5.4539e-02     48.817 0.0000e+00
        442 133.562885    0.03062     1.8375    110.250  1024.6475  49731.108    31.1429     48.633    6.97332     6.6920     6.6969    24.4212   12.53365 5.4521e-02     49.098 0.0000e+00
        443 133.562888    0.03069     1.8417    110.500  1024.6489  49731.579    31.1430     48.912    6.97338     6.6916     6.6965    24.4213   12.53374 5.4510e-02     49.380 0.0000e+00
        444 133.562891    0.03076     1.8458    110.750  1024.6503  49732.030    31.1431     49.192    6.97344     6.6912     6.6962    24.4215   12.53383 5.4501e-02     49.662 0.0000e+00
        445 133.562894    0.03083     1.8500    111.000  1024.6518  49732.445    31.1432     49.473    6.97349     6.6909     6.6958    24.4216   12.53392 5.4495e-02     49.946 0.0000e+00
        446 133.562896    0.03090     1.8542    111.250  1024.6531  49732.724    31.1432     49.754    6.97354     6.6906     6.6955    24.4216   12.53401 5.4499e-02     50.230 0.0000e+00
        447 133.562899    0.03097     1.8583    111.500  1024.6544  49732.927    31.1432     50.037    6.97359     6.6902     6.6952    24.4216   12.53409 5.4504e-02     50.515 0.0000e+00
        448 133.562902    0.03104     1.8625    111.750  1024.6558  49733.158    31.1432     50.320    6.97365     6.6897     6.6948    24.4217   12.53419 5.4501e-02     50.801 0.0000e+00
        449 133.562905    0.03111     1.8667    112.000  1024.6571  49733.421    31.1431     50.604    6.97371     6.6892     6.6945    24.4217   12.53429 5.4492e-02     51.088 0.0000e+00
        450 133.562908    0.03118     1.8708    112.250  1024.6585  49733.655    31.1431     50.889    6.97378     6.6887     6.6941    24.4217   12.53440 5.4484e-02     51.376 0.0000e+00
        451 133.562911    0.03125     1.8750    112.500  1024.6598  49733.819    31.1430     51.175    6.97386     6.6881     6.6936    24.4217   12.53454 5.4478e-02     51.664 0.0000e+00
        452 133.562914    0.03132     1.8792    112.750  1024.6611  49733.985    31.1429     51.462    6.97395     6.6875     6.6931    24.4217   12.53469 5.4468e-02     51.954 0.0000e+00
        453 133.562917    0.03139     1.8833    113.000  1024.6626  49734.384    31.1429     51.750    6.97405     6.6871     6.6925    24.4218   12.53484 5.4455e-02     52.244 0.0000e+00
        454 133.562920    0.03146     1.8875    113.250  1024.6642  49735.184    31.1432     52.038    6.97412     6.6869     6.6919    24.4221   12.53496 5.4443e-02     52.535 0.0000e+00
        455 133.562922    0.03153     1.8917    113.500  1024.6659  49736.040    31.1436     52.325    6.97416     6.6868     6.6915    24.4225   12.53503 5.4431e-02     52.826 0.0000e+00
        456 133.562925    0.03160     1.8958    113.750  1024.6673  49736.381    31.1437     52.614    6.97418     6.6866     6.6914    24.4226   12.53507 5.4416e-02     53.117 0.0000e+00
        457 133.562928    0.03167     1.9000    114.000  1024.6685  49736.225    31.1434     52.903    6.97421     6.6861     6.6913    24.4224   12.53512 5.4404e-02     53.409 0.0000e+00
        458 133.562931    0.03174     1.9042    114.250  1024.6695  49735.817    31.1430     53.193    6.97427     6.6852     6.6911    24.4221   12.53521 5.4404e-02     53.702 0.0000e+00
        459 133.562934    0.03181     1.9083    114.500  1024.6704  49735.113    31.1423     53.484    6.97438     6.6837     6.6906    24.4216   12.53540 5.4412e-02     53.996 0.0000e+00
        460 133.562937    0.03188     1.9125    114.750  1024.6712  49734.359    31.1415     53.776    6.97456     6.6818     6.6897    24.4210   12.53571 5.4421e-02     54.290 0.0000e+00
        461 133.562940    0.03194     1.9167    115.000  1024.6724  49734.273    31.1410     54.067    6.97481     6.6796     6.6883    24.4209   12.53613 5.4418e-02     54.585 0.0000e+00
        462 133.562943    0.03201     1.9208    115.250  1024.6741  49735.240    31.1412     54.359    6.97511     6.6774     6.6864    24.4213   12.53663 5.4396e-02     54.880 0.0000e+00
        463 133.562946    0.03208     1.9250    115.500  1024.6763  49736.908    31.1418     54.651    6.97542     6.6753     6.6843    24.4220   12.53714 5.4363e-02     55.174 0.0000e+00
        464 133.562948    0.03215     1.9292    115.750  1024.6786  49738.899    31.1427     54.942    6.97573     6.6733     6.6821    24.4230   12.53764 5.4328e-02     55.468 0.0000e+00
        465 133.562951    0.03222     1.9333    116.000  1024.6810  49741.074    31.1437     55.232    6.97602     6.6713     6.6801    24.4240   12.53811 5.4308e-02     55.760 0.0000e+00
        466 133.562954    0.03229     1.9375    116.250  1024.6833  49743.167    31.1446     55.518    6.97630     6.6692     6.6781    24.4250   12.53856 5.4308e-02     56.050 0.0000e+00
        467 133.562957    0.03236     1.9417    116.500  1024.6856  49745.126    31.1455     55.802    6.97658     6.6670     6.6761    24.4260   12.53901 5.4322e-02     56.336 0.0000e+00
        468 133.562960    0.03243     1.9458    116.750  1024.6879  49747.187    31.1464     56.085    6.97687     6.6646     6.6740    24.4270   12.53948 5.4351e-02     56.622 0.0000e+00
        469 133.562963    0.03250     1.9500    117.000  1024.6903  49749.413    31.1475     56.370    6.97718     6.6618     6.6718    24.4280   12.53997 5.4385e-02     56.909 0.0000e+00
        470 133.562966    0.03257     1.9542    117.250  1024.6928  49751.798    31.1486     56.655    6.97752     6.6587     6.6694    24.4292   12.54052 5.4409e-02     57.198 0.0000e+00
        471 133.562969    0.03264     1.9583    117.500  1024.6956  49754.653    31.1499     56.941    6.97791     6.6552     6.6667    24.4306   12.54114 5.4417e-02     57.486 0.0000e+00
        472 133.562972    0.03271     1.9625    117.750  1024.6987  49758.291    31.1517     57.226    6.97833     6.6514     6.6635    24.4324   12.54182 5.4419e-02     57.775 0.0000e+00
        473 133.562975    0.03278     1.9667    118.000  1024.7023  49762.629    31.1540     57.512    6.97880     6.6473     6.6600    24.4347   12.54256 5.4431e-02     58.063 0.0000e+00
        474 133.562977    0.03285     1.9708    118.250  1024.7061  49767.496    31.1565     57.799    6.97929     6.6429     6.6563    24.4372   12.54335 5.4448e-02     58.353 0.0000e+00
        475 133.562980    0.03292     1.9750    118.500  1024.7101  49772.784    31.1593     58.087    6.97982     6.6382     6.6522    24.4399   12.54419 5.4465e-02     58.644 0.0000e+00
        476 133.562983    0.03299     1.9792    118.750  1024.7144  49778.470    31.1624     58.377    6.98038     6.6330     6.6479    24.4428   12.54508 5.4482e-02     58.937 0.0000e+00
        477 133.562986    0.03306     1.9833    119.000  1024.7190  49784.739    31.1657     58.670    6.98100     6.6279     6.6431    24.4461   12.54606 5.4490e-02     59.232 0.0000e+00
        478 133.562989    0.03313     1.9875    119.250  1024.7240  49791.636    31.1694     58.964    6.98166     6.6234     6.6380    24.4497   12.54710 5.4479e-02     59.530 0.0000e+00
        479 133.562992    0.03319     1.9917    119.500  1024.7291  49798.712    31.1733     59.261    6.98230     6.6196     6.6330    24.4533   12.54811 5.4460e-02     59.829 0.0000e+00
        480 133.562995    0.03326     1.9958    119.750  1024.7339  49805.245    31.1769     59.558    6.98287     6.6165     6.6285    24.4567   12.54901 5.4446e-02     60.129 0.0000e+00
        481 133.562998    0.03333     2.0000    120.000  1024.7381  49810.729    31.1799     59.853    6.98334     6.6136     6.6247    24.4595   12.54975 5.4436e-02     60.427 0.0000e+00
        482 133.563001    0.03340     2.0042    120.250  1024.7417  49815.237    31.1823     60.147    6.98374     6.6107     6.6216    24.4618   12.55037 5.4429e-02     60.723 0.0000e+00
        483 133.563003    0.03347     2.0083    120.500  1024.7451  49819.283    31.1844     60.439    6.98410     6.6077     6.6187    24.4639   12.55095 5.4420e-02     61.018 0.0000e+00
        484 133.563006    0.03354     2.0125    120.750  1024.7487  49823.561    31.1867     60.729    6.98446     6.6049     6.6158    24.4661   12.55152 5.4412e-02     61.311 0.0000e+00
        485 133.563009    0.03361     2.0167    121.000  1024.7526  49828.595    31.1895     61.020    6.98482     6.6028     6.6128    24.4687   12.55207 5.4408e-02     61.605 0.0000e+00
        486 133.563012    0.03368     2.0208    121.250  1024.7569  49834.254    31.1928     61.311    6.98512     6.6014     6.6101    24.4716   12.55252 5.4404e-02     61.899 0.0000e+00
        487 133.563015    0.03375     2.0250    121.500  1024.7614  49840.191    31.1964     61.601    6.98529     6.6009     6.6079    24.4747   12.55277 5.4397e-02     62.192 0.0000e+00
        488 133.563018    0.03382     2.0292    121.750  1024.7660  49846.387    31.2003     61.890    6.98533     6.6011     6.6066    24.4780   12.55278 5.4386e-02     62.484 0.0000e+00
        489 133.563021    0.03389     2.0333    122.000  1024.7708  49852.927    31.2046     62.178    6.98521     6.6022     6.6061    24.4814   12.55253 5.4373e-02     62.774 0.0000e+00
        490 133.563024    0.03396     2.0375    122.250  1024.7759  49860.111    31.2095     62.464    6.98494     6.6041     6.6064    24.4852   12.55202 5.4359e-02     63.063 0.0000e+00
        491 133.563027    0.03403     2.0417    122.500  1024.7815  49867.990    31.2151     62.750    6.98451     6.6069     6.6075    24.4895   12.55123 5.4342e-02     63.352 0.0000e+00
        492 133.563030    0.03410     2.0458    122.750  1024.7873  49876.293    31.2210     63.034    6.98391     6.6106     6.6095    24.4939   12.55018 5.4322e-02     63.639 0.0000e+00
        493 133.563032    0.03417     2.0500    123.000  1024.7940  49886.294    31.2283     63.317    6.98312     6.6151     6.6123    24.4993   12.54878 5.4301e-02     63.924 0.0000e+00
        494 133.563035    0.03424     2.0542    123.250  1024.8011  49897.090    31.2363     63.599    6.98215     6.6199     6.6160    24.5052   12.54707 5.4283e-02     64.209 0.0000e+00
        495 133.563038    0.03431     2.0583    123.500  1024.8061  49903.966    31.2418     63.880    6.98116     6.6240     6.6205    24.5089   12.54536 5.4264e-02     64.493 0.0000e+00
        496 133.563041    0.03438     2.0625    123.750  1024.8084  49905.709    31.2437     64.160    6.98029     6.6271     6.6253    24.5099   12.54390 5.4242e-02     64.776 0.0000e+00
        497 133.563044    0.03444     2.0667    124.000  1024.8091  49904.820    31.2437     64.439    6.97961     6.6293     6.6295    24.5093   12.54279 5.4218e-02     65.057 0.0000e+00
        498 133.563047    0.03451     2.0708    124.250  1024.8096  49903.382    31.2432     64.715    6.97913     6.6307     6.6326    24.5085   12.54199 5.4195e-02     65.336 0.0000e+00
        499 133.563050    0.03458     2.0750    124.500  1024.8103  49902.499    31.2428     64.990    6.97879     6.6318     6.6348    24.5079   12.54144 5.4178e-02     65.613 0.0000e+00
        500 133.563053    0.03465     2.0792    124.750  1024.8113  49902.065    31.2427     65.263    6.97856     6.6325     6.6363    24.5076   12.54106 5.4180e-02     65.889 0.0000e+00
        501 133.563056    0.03472     2.0833    125.000  1024.8123  49901.781    31.2425     65.535    6.97839     6.6330     6.6373    24.5074   12.54079 5.4190e-02     66.163 0.0000e+00
        502 133.563058    0.03479     2.0875    125.250  1024.8135  49901.750    31.2425     65.806    6.97827     6.6335     6.6381    24.5073   12.54059 5.4191e-02     66.437 0.0000e+00
        503 133.563061    0.03486     2.0917    125.500  1024.8149  49902.180    31.2428     66.076    6.97817     6.6340     6.6386    24.5075   12.54042 5.4184e-02     66.710 0.0000e+00
        504 133.563064    0.03493     2.0958    125.750  1024.8168  49903.500    31.2437     66.343    6.97805     6.6348     6.6391    24.5081   12.54021 5.4171e-02     66.980 0.0000e+00
        505 133.563067    0.03500     2.1000    126.000  1024.8193  49906.051    31.2454     66.609    6.97789     6.6360     6.6397    24.5094   12.53991 5.4157e-02     67.248 0.0000e+00
        506 133.563070    0.03507     2.1042    126.250  1024.8225  49909.841    31.2481     66.875    6.97764     6.6377     6.6405    24.5114   12.53946 5.4146e-02     67.517 0.0000e+00
        507 133.563073    0.03514     2.1083    126.500  1024.8262  49914.468    31.2514     67.141    6.97728     6.6398     6.6417    24.5138   12.53883 5.4132e-02     67.785 0.0000e+00
        508 133.563076    0.03521     2.1125    126.750  1024.8297  49918.815    31.2546     67.405    6.97686     6.6419     6.6434    24.5161   12.53809 5.4116e-02     68.052 0.0000e+00
        509 133.563079    0.03528     2.1167    127.000  1024.8323  49921.383    31.2566     67.665    6.97642     6.6437     6.6455    24.5175   12.53735 5.4101e-02     68.315 0.0000e+00
        510 133.563082    0.03535     2.1208    127.250  1024.8337  49922.020    31.2573     67.919    6.97604     6.6452     6.6477    24.5178   12.53671 5.4087e-02     68.571 0.0000e+00
