CTD-processing/allCTD/CNV--homogene/2016_02-15_t6_s04_cast137.cnv
* Sea-Bird SBE19plus Data File:
* FileName = C:\Users\Kris.Holderied\Documents\kasitsna\Research-KBL\Oceanography-AK\CTD-Data-ALL-to-2016-02\2016-CTD-KachemakBay-CookInlet\2016-02-CookInlet-quarterly\2016-02-15-CookInlet-Tran6-Douglas\2016-02-15-CookInlet-Tran6-cast137.hex
* Software Version 1.59
* Temperature SN =  5028
* Conductivity SN =  5028
* System UpLoad Time = Feb 15 2016 19:52:19
** Cook Inlet LTM Tran6 Douglas West to East

** Date: 02-15
** Station: 6-04
** Start time (AKST): 18:17
** Depth (m): 108
** Comment:  R/V Pandalus
** Comment:
# nquan = 17
# nvalues = 725                         
# units = specified
# name 0 = scan: Scan Count
# name 1 = timeJ: Julian Days
# name 2 = timeH: Time, Elapsed [hours]
# name 3 = timeM: Time, Elapsed [minutes]
# name 4 = timeS: Time, Elapsed [seconds]
# name 5 = density00: Density [density, kg/m^3]
# name 6 = specc: Specific Conductance [uS/cm]
# name 7 = sal00: Salinity, Practical [PSU]
# name 8 = depSM: Depth [salt water, m], lat = 59.00
# name 9 = oxsolML/L: Oxygen Saturation, Garcia & Gordon [ml/l]
# name 10 = potemp090C: Potential Temperature [ITS-90, deg C]
# name 11 = tv290C: Temperature [ITS-90, deg C]
# name 12 = sigma-é00: Density [sigma-theta, kg/m^3]
# name 13 = n2satML/L: Nitrogen Saturation [ml/l]
# name 14 = par: PAR/Irradiance, Biospherical/Licor
# name 15 = prdM: Pressure, Strain Gauge [db]
# name 16 = flag:  0.000e+00
# span 0 =          1,        725       
# span 1 =  46.761898,  46.763993       
# span 2 =    0.00000,    0.05028       
# span 3 =     0.0000,     3.0167       
# span 4 =      0.000,    181.000       
# span 5 =  1000.9549,  1025.2559       
# span 6 =   2448.029,  50435.232       
# span 7 =     1.2298,    31.5254       
# span 8 =     -0.155,    106.287       
# span 9 =    7.01106,    8.92809       
# span 10 =     4.7187,     6.3489      
# span 11 =     4.7187,     6.3569      
# span 12 =     0.9557,    24.7979      
# span 13 =   12.59121,   16.22180      
# span 14 = 3.7976e-02, 1.7875e+00      
# span 15 =     -0.157,    107.318      
# span 16 = 0.0000e+00, 0.0000e+00      
# interval = seconds: 0.25
# start_time = Feb 15 2016 18:17:08 [Instrument's time stamp, header]
# bad_flag = -9.990e-29
*END*
[from data line 86]
         87  46.762147    0.00597     0.3583     21.500  1024.6171  50067.282    31.3171      0.905    7.03748     6.2535     6.2549    24.6129   12.63750 6.7446e-01      0.914 0.0000e+00
         88  46.762150    0.00604     0.3625     21.750  1024.6138  50061.212    31.3128      0.907    7.03772     6.2515     6.2546    24.6096   12.63795 6.7965e-01      0.916 0.0000e+00
         89  46.762153    0.00611     0.3667     22.000  1024.6024  50040.315    31.2982      0.915    7.03858     6.2484     6.2536    24.5981   12.63956 6.9094e-01      0.923 0.0000e+00
         90  46.762156    0.00618     0.3708     22.250  1024.5811  50001.358    31.2709      0.924    7.04017     6.2441     6.2516    24.5768   12.64254 6.9591e-01      0.933 0.0000e+00
         91  46.762159    0.00625     0.3750     22.500  1024.5540  49951.616    31.2359      0.933    7.04231     6.2383     6.2485    24.5496   12.64652 6.8986e-01      0.942 0.0000e+00
         92  46.762161    0.00632     0.3792     22.750  1024.5310  49909.705    31.2060      0.938    7.04442     6.2311     6.2442    24.5266   12.65038 6.8200e-01      0.947 0.0000e+00
         93  46.762164    0.00639     0.3833     23.000  1024.5191  49888.278    31.1901      0.936    7.04611     6.2236     6.2384    24.5148   12.65339 6.8776e-01      0.945 0.0000e+00
         94  46.762167    0.00646     0.3875     23.250  1024.5181  49886.775    31.1878      0.929    7.04742     6.2172     6.2311    24.5138   12.65558 7.1236e-01      0.938 0.0000e+00
         95  46.762170    0.00653     0.3917     23.500  1024.5232  49896.542    31.1931      0.918    7.04841     6.2120     6.2236    24.5189   12.65715 7.4272e-01      0.927 0.0000e+00
         96  46.762173    0.00660     0.3958     23.750  1024.5287  49907.152    31.1993      0.903    7.04918     6.2078     6.2172    24.5245   12.65833 7.6069e-01      0.912 0.0000e+00
         97  46.762176    0.00667     0.4000     24.000  1024.5327  49914.855    31.2036      0.887    7.04982     6.2048     6.2121    24.5286   12.65934 7.5940e-01      0.896 0.0000e+00
         98  46.762179    0.00674     0.4042     24.250  1024.5382  49925.281    31.2101      0.872    7.05022     6.2037     6.2079    24.5342   12.65992 7.4364e-01      0.880 0.0000e+00
         99  46.762182    0.00681     0.4083     24.500  1024.5482  49943.891    31.2224      0.860    7.05015     6.2049     6.2049    24.5442   12.65965 7.2517e-01      0.869 0.0000e+00
        100  46.762185    0.00688     0.4125     24.750  1024.5596  49964.734    31.2366      0.856    7.04966     6.2070     6.2038    24.5556   12.65866 7.1334e-01      0.864 0.0000e+00
        101  46.762188    0.00694     0.4167     25.000  1024.5648  49974.131    31.2433      0.861    7.04916     6.2077     6.2049    24.5607   12.65775 7.0867e-01      0.869 0.0000e+00
        102  46.762190    0.00701     0.4208     25.250  1024.5582  49961.880    31.2352      0.877    7.04919     6.2053     6.2070    24.5541   12.65790 7.0320e-01      0.885 0.0000e+00
        103  46.762193    0.00708     0.4250     25.500  1024.5403  49928.845    31.2125      0.903    7.05012     6.1986     6.2078    24.5361   12.65973 6.8927e-01      0.912 0.0000e+00
        104  46.762196    0.00715     0.4292     25.750  1024.5188  49889.365    31.1847      0.938    7.05182     6.1858     6.2054    24.5144   12.66289 6.7390e-01      0.947 0.0000e+00
        105  46.762199    0.00722     0.4333     26.000  1024.5025  49859.513    31.1628      0.977    7.05396     6.1647     6.1987    24.4979   12.66670 6.7161e-01      0.987 0.0000e+00
        106  46.762202    0.00729     0.4375     26.250  1024.4948  49845.716    31.1508      1.014    7.05664     6.1346     6.1858    24.4900   12.67129 6.8488e-01      1.024 0.0000e+00
        107  46.762205    0.00736     0.4417     26.500  1024.4969  49850.548    31.1501      1.044    7.06017     6.0964     6.1647    24.4921   12.67713 7.0011e-01      1.054 0.0000e+00
        108  46.762208    0.00743     0.4458     26.750  1024.5113  49878.416    31.1636      1.060    7.06453     6.0535     6.1347    24.5064   12.68416 7.0682e-01      1.070 0.0000e+00
        109  46.762211    0.00750     0.4500     27.000  1024.5397  49932.526    31.1938      1.061    7.06946     6.0125     6.0965    24.5347   12.69192 7.1328e-01      1.071 0.0000e+00
        110  46.762214    0.00757     0.4542     27.250  1024.5787  50006.614    31.2368      1.045    7.07457     5.9792     6.0536    24.5738   12.69981 7.2985e-01      1.055 0.0000e+00
        111  46.762216    0.00764     0.4583     27.500  1024.6190  50083.282    31.2819      1.014    7.07927     5.9549     6.0126    24.6143   12.70701 7.5301e-01      1.023 0.0000e+00
        112  46.762219    0.00771     0.4625     27.750  1024.6525  50146.999    31.3196      0.969    7.08304     5.9374     5.9793    24.6480   12.71275 7.7027e-01      0.978 0.0000e+00
        113  46.762222    0.00778     0.4667     28.000  1024.6766  50193.071    31.3468      0.915    7.08581     5.9242     5.9550    24.6723   12.71699 7.6968e-01      0.924 0.0000e+00
        114  46.762225    0.00785     0.4708     28.250  1024.6928  50224.314    31.3650      0.859    7.08787     5.9138     5.9375    24.6888   12.72017 7.5138e-01      0.868 0.0000e+00
        115  46.762228    0.00792     0.4750     28.500  1024.7042  50246.429    31.3778      0.809    7.08947     5.9051     5.9243    24.7004   12.72264 7.2826e-01      0.817 0.0000e+00
        116  46.762231    0.00799     0.4792     28.750  1024.7129  50263.296    31.3874      0.772    7.09075     5.8975     5.9139    24.7093   12.72465 7.0968e-01      0.779 0.0000e+00
        117  46.762234    0.00806     0.4833     29.000  1024.7183  50273.932    31.3931      0.753    7.09194     5.8905     5.9052    24.7148   12.72653 6.9681e-01      0.760 0.0000e+00
        118  46.762237    0.00813     0.4875     29.250  1024.7198  50277.107    31.3938      0.755    7.09318     5.8839     5.8975    24.7163   12.72857 6.8754e-01      0.762 0.0000e+00
        119  46.762240    0.00819     0.4917     29.500  1024.7185  50275.002    31.3910      0.777    7.09447     5.8774     5.8906    24.7149   12.73075 6.7570e-01      0.784 0.0000e+00
        120  46.762242    0.00826     0.4958     29.750  1024.7163  50271.111    31.3870      0.813    7.09576     5.8701     5.8840    24.7125   12.73293 6.5956e-01      0.821 0.0000e+00
        121  46.762245    0.00833     0.5000     30.000  1024.7143  50267.607    31.3833      0.858    7.09704     5.8610     5.8774    24.7103   12.73508 6.4619e-01      0.866 0.0000e+00
        122  46.762248    0.00840     0.5042     30.250  1024.7132  50265.731    31.3805      0.902    7.09838     5.8493     5.8702    24.7090   12.73733 6.4150e-01      0.911 0.0000e+00
        123  46.762251    0.00847     0.5083     30.500  1024.7143  50268.000    31.3803      0.940    7.09991     5.8357     5.8611    24.7099   12.73987 6.4388e-01      0.949 0.0000e+00
        124  46.762254    0.00854     0.5125     30.750  1024.7182  50275.791    31.3833      0.967    7.10173     5.8217     5.8494    24.7137   12.74284 6.4768e-01      0.976 0.0000e+00
        125  46.762257    0.00861     0.5167     31.000  1024.7227  50284.877    31.3869      0.980    7.10384     5.8075     5.8358    24.7181   12.74628 6.5015e-01      0.989 0.0000e+00
        126  46.762260    0.00868     0.5208     31.250  1024.7255  50290.964    31.3884      0.981    7.10613     5.7928     5.8217    24.7209   12.75004 6.5191e-01      0.990 0.0000e+00
        127  46.762263    0.00875     0.5250     31.500  1024.7286  50297.827    31.3903      0.972    7.10840     5.7779     5.8076    24.7241   12.75377 6.5335e-01      0.981 0.0000e+00
        128  46.762266    0.00882     0.5292     31.750  1024.7351  50310.889    31.3964      0.958    7.11060     5.7646     5.7928    24.7306   12.75732 6.5606e-01      0.967 0.0000e+00
        129  46.762269    0.00889     0.5333     32.000  1024.7442  50328.834    31.4059      0.941    7.11264     5.7538     5.7780    24.7398   12.76057 6.6460e-01      0.949 0.0000e+00
        130  46.762271    0.00896     0.5375     32.250  1024.7535  50346.880    31.4157      0.922    7.11440     5.7456     5.7647    24.7492   12.76336 6.8081e-01      0.930 0.0000e+00
        131  46.762274    0.00903     0.5417     32.500  1024.7613  50362.083    31.4241      0.903    7.11582     5.7395     5.7539    24.7570   12.76560 6.9836e-01      0.911 0.0000e+00
        132  46.762277    0.00910     0.5458     32.750  1024.7674  50374.151    31.4308      0.885    7.11689     5.7351     5.7457    24.7633   12.76728 7.0722e-01      0.893 0.0000e+00
        133  46.762280    0.00917     0.5500     33.000  1024.7725  50383.990    31.4364      0.867    7.11766     5.7323     5.7395    24.7684   12.76848 7.0283e-01      0.875 0.0000e+00
        134  46.762283    0.00924     0.5542     33.250  1024.7768  50392.413    31.4414      0.849    7.11816     5.7308     5.7352    24.7728   12.76924 6.9106e-01      0.856 0.0000e+00
        135  46.762286    0.00931     0.5583     33.500  1024.7807  50399.893    31.4460      0.830    7.11842     5.7307     5.7323    24.7768   12.76960 6.8291e-01      0.838 0.0000e+00
        136  46.762289    0.00937     0.5625     33.750  1024.7844  50406.963    31.4506      0.813    7.11844     5.7321     5.7309    24.7806   12.76958 6.8394e-01      0.821 0.0000e+00
        137  46.762292    0.00944     0.5667     34.000  1024.7882  50414.012    31.4554      0.798    7.11822     5.7351     5.7308    24.7845   12.76916 6.9036e-01      0.806 0.0000e+00
        138  46.762295    0.00951     0.5708     34.250  1024.7918  50420.532    31.4602      0.789    7.11776     5.7396     5.7322    24.7881   12.76834 6.9425e-01      0.797 0.0000e+00
        139  46.762297    0.00958     0.5750     34.500  1024.7947  50425.669    31.4643      0.787    7.11707     5.7454     5.7352    24.7910   12.76714 6.8883e-01      0.794 0.0000e+00
        140  46.762300    0.00965     0.5792     34.750  1024.7969  50429.301    31.4677      0.790    7.11616     5.7523     5.7397    24.7932   12.76559 6.7335e-01      0.797 0.0000e+00
        141  46.762303    0.00972     0.5833     35.000  1024.7985  50431.807    31.4706      0.797    7.11505     5.7602     5.7454    24.7948   12.76372 6.5864e-01      0.805 0.0000e+00
        142  46.762306    0.00979     0.5875     35.250  1024.7997  50433.458    31.4731      0.808    7.11376     5.7690     5.7523    24.7959   12.76157 6.5693e-01      0.815 0.0000e+00
        143  46.762309    0.00986     0.5917     35.500  1024.8006  50434.423    31.4754      0.820    7.11233     5.7788     5.7602    24.7968   12.75918 6.6836e-01      0.828 0.0000e+00
        144  46.762312    0.00993     0.5958     35.750  1024.8014  50435.039    31.4775      0.835    7.11075     5.7896     5.7690    24.7974   12.75654 6.8696e-01      0.843 0.0000e+00
        145  46.762315    0.01000     0.6000     36.000  1024.8019  50435.232    31.4796      0.852    7.10902     5.8018     5.7788    24.7979   12.75366 7.0772e-01      0.860 0.0000e+00
        146  46.762318    0.01007     0.6042     36.250  1024.8019  50434.353    31.4811      0.871    7.10712     5.8153     5.7897    24.7979   12.75050 7.2584e-01      0.879 0.0000e+00
        147  46.762321    0.01014     0.6083     36.500  1024.8011  50431.872    31.4818      0.888    7.10504     5.8294     5.8019    24.7970   12.74706 7.4261e-01      0.896 0.0000e+00
        148  46.762323    0.01021     0.6125     36.750  1024.7994  50427.636    31.4815      0.899    7.10281     5.8438     5.8153    24.7952   12.74336 7.5821e-01      0.907 0.0000e+00
        149  46.762326    0.01028     0.6167     37.000  1024.7971  50422.384    31.4807      0.900    7.10047     5.8581     5.8295    24.7929   12.73952 7.6440e-01      0.908 0.0000e+00
        150  46.762329    0.01035     0.6208     37.250  1024.7948  50417.205    31.4799      0.887    7.09811     5.8722     5.8438    24.7906   12.73562 7.6240e-01      0.895 0.0000e+00
        151  46.762332    0.01042     0.6250     37.500  1024.7924  50412.139    31.4793      0.860    7.09574     5.8861     5.8581    24.7884   12.73172 7.6482e-01      0.868 0.0000e+00
        152  46.762335    0.01049     0.6292     37.750  1024.7896  50406.360    31.4781      0.820    7.09343     5.8992     5.8723    24.7858   12.72791 7.7455e-01      0.828 0.0000e+00
        153  46.762338    0.01056     0.6333     38.000  1024.7861  50399.330    31.4760      0.772    7.09122     5.9116     5.8862    24.7825   12.72428 7.8475e-01      0.780 0.0000e+00
        154  46.762341    0.01063     0.6375     38.250  1024.7821  50391.523    31.4732      0.720    7.08915     5.9231     5.8993    24.7787   12.72090 7.9593e-01      0.727 0.0000e+00
        155  46.762344    0.01069     0.6417     38.500  1024.7783  50384.159    31.4705      0.671    7.08722     5.9341     5.9117    24.7752   12.71774 8.1354e-01      0.677 0.0000e+00
        156  46.762347    0.01076     0.6458     38.750  1024.7753  50378.120    31.4687      0.628    7.08538     5.9449     5.9232    24.7723   12.71474 8.2982e-01      0.634 0.0000e+00
        157  46.762350    0.01083     0.6500     39.000  1024.7729  50373.385    31.4676      0.593    7.08359     5.9555     5.9342    24.7702   12.71180 8.3496e-01      0.599 0.0000e+00
        158  46.762352    0.01090     0.6542     39.250  1024.7711  50369.618    31.4671      0.567    7.08182     5.9659     5.9450    24.7685   12.70887 8.1924e-01      0.572 0.0000e+00
        159  46.762355    0.01097     0.6583     39.500  1024.7697  50366.536    31.4670      0.548    7.08005     5.9760     5.9556    24.7672   12.70595 7.7215e-01      0.553 0.0000e+00
        160  46.762358    0.01104     0.6625     39.750  1024.7686  50363.893    31.4672      0.536    7.07831     5.9858     5.9660    24.7661   12.70308 7.1860e-01      0.541 0.0000e+00
        161  46.762361    0.01111     0.6667     40.000  1024.7677  50361.636    31.4676      0.530    7.07661     5.9954     5.9761    24.7652   12.70026 6.8916e-01      0.535 0.0000e+00
        162  46.762364    0.01118     0.6708     40.250  1024.7670  50359.787    31.4682      0.529    7.07495     6.0049     5.9859    24.7645   12.69751 6.8182e-01      0.534 0.0000e+00
        163  46.762367    0.01125     0.6750     40.500  1024.7664  50358.030    31.4689      0.534    7.07332     6.0146     5.9955    24.7639   12.69481 6.8283e-01      0.539 0.0000e+00
        164  46.762370    0.01132     0.6792     40.750  1024.7654  50355.547    31.4690      0.544    7.07173     6.0242     6.0050    24.7629   12.69218 6.8662e-01      0.549 0.0000e+00
        165  46.762373    0.01139     0.6833     41.000  1024.7639  50351.999    31.4684      0.558    7.07016     6.0336     6.0146    24.7613   12.68960 7.0081e-01      0.563 0.0000e+00
        166  46.762376    0.01146     0.6875     41.250  1024.7621  50348.101    31.4676      0.576    7.06861     6.0427     6.0242    24.7594   12.68703 7.2458e-01      0.582 0.0000e+00
        167  46.762378    0.01153     0.6917     41.500  1024.7606  50344.482    31.4669      0.598    7.06708     6.0517     6.0336    24.7578   12.68452 7.3957e-01      0.604 0.0000e+00
        168  46.762381    0.01160     0.6958     41.750  1024.7591  50341.079    31.4663      0.621    7.06559     6.0604     6.0428    24.7562   12.68206 7.4380e-01      0.627 0.0000e+00
        169  46.762384    0.01167     0.7000     42.000  1024.7576  50337.706    31.4656      0.643    7.06413     6.0689     6.0517    24.7547   12.67967 7.5946e-01      0.649 0.0000e+00
        170  46.762387    0.01174     0.7042     42.250  1024.7562  50334.478    31.4651      0.659    7.06271     6.0772     6.0604    24.7532   12.67733 7.8621e-01      0.665 0.0000e+00
