CTD-processing/allCTD/CNV--homogene/2016_08-30_t7_s13_cast076.cnv
* Sea-Bird SBE19plus Data File:
* FileName = C:\Users\Kim.Powell\Desktop\2016_08-30_T7_5028\2016_08-30_T7_5028_cast076.hex
* Software Version 1.59
* Temperature SN =  5028
* Conductivity SN =  5028
* System UpLoad Time = Aug 30 2016 17:32:06
** CookInlet LTM Transect 7
** 2016_08-30
** Station: 7-13
** Start Time: 11:10
** Depth (m): 68.6
** Comment:
** Comment:
# nquan = 17
# nvalues = 730                         
# units = specified
# name 0 = scan: Scan Count
# name 1 = timeJ: Julian Days
# name 2 = timeH: Time, Elapsed [hours]
# name 3 = timeM: Time, Elapsed [minutes]
# name 4 = timeS: Time, Elapsed [seconds]
# name 5 = density00: Density [density, kg/m^3]
# name 6 = specc: Specific Conductance [uS/cm]
# name 7 = sal00: Salinity, Practical [PSU]
# name 8 = depSM: Depth [salt water, m], lat = 59.00
# name 9 = oxsolML/L: Oxygen Saturation, Garcia & Gordon [ml/l]
# name 10 = potemp090C: Potential Temperature [ITS-90, deg C]
# name 11 = tv290C: Temperature [ITS-90, deg C]
# name 12 = sigma-é00: Density [sigma-theta, kg/m^3]
# name 13 = n2satML/L: Nitrogen Saturation [ml/l]
# name 14 = par: PAR/Irradiance, Biospherical/Licor
# name 15 = prdM: Pressure, Strain Gauge [db]
# name 16 = flag:  0.000e+00
# span 0 =          1,        730       
# span 1 = 243.465382, 243.467491       
# span 2 =    0.00000,    0.05063       
# span 3 =     0.0000,     3.0375       
# span 4 =      0.000,    182.250       
# span 5 =   999.7059,  1023.7942       
# span 6 =    655.015,  48427.705       
# span 7 =     0.3201,    30.8112       
# span 8 =     -0.032,     49.369       
# span 9 =    6.17406,    7.46709       
# span 10 =    10.6883,    12.6160      
# span 11 =    10.6940,    12.6161      
# span 12 =    -0.2939,    23.5690      
# span 13 =   11.22461,   13.77241      
# span 14 = 3.4276e-01, 1.2318e+03      
# span 15 =     -0.032,     49.841      
# span 16 = 0.0000e+00, 0.0000e+00      
# interval = seconds: 0.25
# start_time = Aug 30 2016 11:10:09 [Instrument's time stamp, header]
# bad_flag = -9.990e-29
*END*
[from data line 681]
        682 243.467352    0.04729     2.8375    170.250  1023.6285  48207.467    30.6793     42.342    6.36982    10.8672    10.8748    23.4355   11.54018 6.4149e-01     42.746 0.0000e+00
        683 243.467355    0.04736     2.8417    170.500  1023.6302  48209.101    30.6802     42.500    6.36997    10.8665    10.8734    23.4365   11.54042 6.3201e-01     42.906 0.0000e+00
        684 243.467358    0.04743     2.8458    170.750  1023.6318  48210.709    30.6811     42.658    6.37009    10.8664    10.8722    23.4374   11.54061 6.2283e-01     43.066 0.0000e+00
        685 243.467361    0.04750     2.8500    171.000  1023.6332  48211.845    30.6818     42.815    6.37015    10.8666    10.8715    23.4380   11.54072 6.1392e-01     43.224 0.0000e+00
        686 243.467364    0.04757     2.8542    171.250  1023.6341  48212.249    30.6820     42.970    6.37016    10.8672    10.8714    23.4382   11.54073 6.0529e-01     43.381 0.0000e+00
        687 243.467367    0.04764     2.8583    171.500  1023.6346  48212.113    30.6819     43.124    6.37013    10.8680    10.8716    23.4380   11.54068 5.9690e-01     43.536 0.0000e+00
        688 243.467370    0.04771     2.8625    171.750  1023.6350  48211.657    30.6815     43.277    6.37007    10.8689    10.8722    23.4377   11.54058 5.8863e-01     43.690 0.0000e+00
        689 243.467373    0.04778     2.8667    172.000  1023.6352  48210.940    30.6810     43.428    6.36998    10.8700    10.8730    23.4372   11.54043 5.8044e-01     43.843 0.0000e+00
        690 243.467376    0.04785     2.8708    172.250  1023.6352  48210.044    30.6804     43.578    6.36987    10.8711    10.8740    23.4366   11.54026 5.7239e-01     43.994 0.0000e+00
        691 243.467378    0.04792     2.8750    172.500  1023.6352  48209.048    30.6798     43.727    6.36975    10.8721    10.8750    23.4359   11.54006 5.6454e-01     44.144 0.0000e+00
        692 243.467381    0.04799     2.8792    172.750  1023.6351  48207.916    30.6791     43.874    6.36962    10.8728    10.8762    23.4351   11.53986 5.5695e-01     44.292 0.0000e+00
        693 243.467384    0.04806     2.8833    173.000  1023.6349  48206.633    30.6783     44.017    6.36951    10.8726    10.8772    23.4343   11.53968 5.4969e-01     44.438 0.0000e+00
        694 243.467387    0.04813     2.8875    173.250  1023.6349  48205.646    30.6776     44.158    6.36945    10.8717    10.8779    23.4336   11.53959 5.4277e-01     44.580 0.0000e+00
        695 243.467390    0.04819     2.8917    173.500  1023.6355  48205.595    30.6775     44.297    6.36948    10.8703    10.8777    23.4336   11.53964 5.3603e-01     44.721 0.0000e+00
        696 243.467393    0.04826     2.8958    173.750  1023.6367  48206.490    30.6779     44.437    6.36958    10.8685    10.8768    23.4341   11.53981 5.2931e-01     44.861 0.0000e+00
        697 243.467396    0.04833     2.9000    174.000  1023.6382  48207.913    30.6787     44.578    6.36974    10.8661    10.8754    23.4349   11.54006 5.2265e-01     45.003 0.0000e+00
        698 243.467399    0.04840     2.9042    174.250  1023.6400  48209.813    30.6798     44.721    6.36994    10.8630    10.8737    23.4361   11.54038 5.1609e-01     45.148 0.0000e+00
        699 243.467402    0.04847     2.9083    174.500  1023.6423  48212.446    30.6813     44.868    6.37020    10.8591    10.8713    23.4377   11.54079 5.0954e-01     45.296 0.0000e+00
        700 243.467405    0.04854     2.9125    174.750  1023.6451  48216.011    30.6834     45.019    6.37053    10.8540    10.8683    23.4398   11.54132 5.0294e-01     45.449 0.0000e+00
        701 243.467407    0.04861     2.9167    175.000  1023.6487  48220.723    30.6863     45.176    6.37095    10.8475    10.8644    23.4427   11.54198 4.9628e-01     45.607 0.0000e+00
        702 243.467410    0.04868     2.9208    175.250  1023.6533  48227.029    30.6901     45.338    6.37149    10.8400    10.8593    23.4465   11.54283 4.8947e-01     45.771 0.0000e+00
        703 243.467413    0.04875     2.9250    175.500  1023.6591  48235.282    30.6951     45.505    6.37218    10.8321    10.8528    23.4516   11.54391 4.8253e-01     45.939 0.0000e+00
        704 243.467416    0.04882     2.9292    175.750  1023.6658  48245.040    30.7011     45.674    6.37298    10.8246    10.8453    23.4575   11.54516 4.7553e-01     46.111 0.0000e+00
        705 243.467419    0.04889     2.9333    176.000  1023.6728  48255.328    30.7074     45.844    6.37380    10.8184    10.8374    23.4638   11.54645 4.6864e-01     46.281 0.0000e+00
        706 243.467422    0.04896     2.9375    176.250  1023.6795  48265.117    30.7134     46.010    6.37458    10.8137    10.8300    23.4697   11.54767 4.6201e-01     46.449 0.0000e+00
        707 243.467425    0.04903     2.9417    176.500  1023.6853  48273.337    30.7184     46.172    6.37523    10.8099    10.8238    23.4747   11.54869 4.5564e-01     46.613 0.0000e+00
        708 243.467428    0.04910     2.9458    176.750  1023.6897  48279.541    30.7222     46.329    6.37572    10.8062    10.8191    23.4785   11.54947 4.4948e-01     46.771 0.0000e+00
        709 243.467431    0.04917     2.9500    177.000  1023.6934  48284.461    30.7252     46.480    6.37612    10.8021    10.8153    23.4814   11.55009 4.4357e-01     46.924 0.0000e+00
        710 243.467433    0.04924     2.9542    177.250  1023.6969  48289.293    30.7282     46.625    6.37651    10.7980    10.8116    23.4844   11.55071 4.3796e-01     47.070 0.0000e+00
        711 243.467436    0.04931     2.9583    177.500  1023.7008  48294.565    30.7314     46.765    6.37694    10.7944    10.8075    23.4876   11.55138 4.3261e-01     47.212 0.0000e+00
        712 243.467439    0.04938     2.9625    177.750  1023.7046  48299.853    30.7346     46.901    6.37737    10.7914    10.8035    23.4908   11.55206 4.2742e-01     47.349 0.0000e+00
        713 243.467442    0.04944     2.9667    178.000  1023.7080  48304.542    30.7374     47.035    6.37775    10.7888    10.7999    23.4936   11.55266 4.2232e-01     47.485 0.0000e+00
        714 243.467445    0.04951     2.9708    178.250  1023.7110  48308.460    30.7398     47.171    6.37808    10.7865    10.7968    23.4960   11.55316 4.1720e-01     47.622 0.0000e+00
        715 243.467448    0.04958     2.9750    178.500  1023.7136  48311.763    30.7417     47.310    6.37835    10.7842    10.7943    23.4979   11.55359 4.1197e-01     47.762 0.0000e+00
        716 243.467451    0.04965     2.9792    178.750  1023.7160  48314.663    30.7434     47.455    6.37860    10.7815    10.7920    23.4997   11.55398 4.0658e-01     47.909 0.0000e+00
        717 243.467454    0.04972     2.9833    179.000  1023.7184  48317.436    30.7451     47.607    6.37884    10.7780    10.7897    23.5013   11.55436 4.0093e-01     48.061 0.0000e+00
        718 243.467457    0.04979     2.9875    179.250  1023.7210  48320.570    30.7469     47.765    6.37913    10.7728    10.7871    23.5032   11.55482 3.9504e-01     48.221 0.0000e+00
        719 243.467459    0.04986     2.9917    179.500  1023.7243  48324.785    30.7494     47.928    6.37952    10.7654    10.7835    23.5057   11.55543 3.8905e-01     48.386 0.0000e+00
        720 243.467462    0.04993     2.9958    179.750  1023.7289  48331.041    30.7532     48.095    6.38008    10.7562    10.7783    23.5095   11.55632 3.8306e-01     48.554 0.0000e+00
        721 243.467465    0.05000     3.0000    180.000  1023.7352  48340.081    30.7587     48.264    6.38087    10.7463    10.7710    23.5150   11.55756 3.7716e-01     48.725 0.0000e+00
        722 243.467468    0.05007     3.0042    180.250  1023.7429  48351.479    30.7656     48.432    6.38186    10.7370    10.7618    23.5220   11.55912 3.7146e-01     48.895 0.0000e+00
        723 243.467471    0.05014     3.0083    180.500  1023.7510  48363.577    30.7730     48.597    6.38292    10.7283    10.7519    23.5294   11.56079 3.6608e-01     49.061 0.0000e+00
        724 243.467474    0.05021     3.0125    180.750  1023.7586  48374.676    30.7797     48.755    6.38393    10.7196    10.7426    23.5362   11.56240 3.6106e-01     49.221 0.0000e+00
        725 243.467477    0.05028     3.0167    181.000  1023.7652  48384.310    30.7854     48.904    6.38489    10.7102    10.7339    23.5421   11.56392 3.5640e-01     49.372 0.0000e+00
        726 243.467480    0.05035     3.0208    181.250  1023.7714  48393.304    30.7907     49.042    6.38587    10.7002    10.7253    23.5477   11.56548 3.5218e-01     49.511 0.0000e+00
        727 243.467483    0.05042     3.0250    181.500  1023.7780  48402.951    30.7963     49.166    6.38694    10.6918    10.7159    23.5537   11.56719 3.4850e-01     49.636 0.0000e+00
        728 243.467486    0.05049     3.0292    181.750  1023.7852  48413.735    30.8027     49.269    6.38806    10.6883    10.7059    23.5604   11.56896 3.4552e-01     49.740 0.0000e+00
        729 243.467488    0.05056     3.0333    182.000  1023.7915  48423.536    30.8087     49.342    6.38899 -9.990e-29    10.6975    23.5665   11.57043 3.4349e-01     49.814 0.0000e+00
        730 243.467491    0.05063     3.0375    182.250  1023.7942  48427.705    30.8112     49.369    6.38936 -9.990e-29    10.6940    23.5690   11.57102 3.4276e-01     49.841 0.0000e+00
