CTD-processing/allCTD/CNV--homogene/2016_10-13_t4_s07_cast156.cnv
* Sea-Bird SBE19plus Data File:
* FileName = P:\My Documents\kasitsna\Research-KBL\Oceanography-AK\CTD-Data-ALL-to-2016-05\2016-CTD-KachemakBay-CookInlet\2016-10-13-CookInlet-Tran4\2016-10-13-CookInlet-Tran4-cast156.hex
* Software Version 1.59
* Temperature SN =  5028
* Conductivity SN =  5028
* System UpLoad Time = Dec 06 2016 20:40:26
** Cook Inlet LTM Tran 4 Barabara south to north
** Date: (YYYY-MM-DD): 2016-10-13
** Station: (eg. 9-01): 4-07
** Start time (AKDT): 16:08
** Depth (m): 37.2
** Comment: R/V Edgecumbe
** Comment:
# nquan = 17
# nvalues = 500                         
# units = specified
# name 0 = scan: Scan Count
# name 1 = timeJ: Julian Days
# name 2 = timeH: Time, Elapsed [hours]
# name 3 = timeM: Time, Elapsed [minutes]
# name 4 = timeS: Time, Elapsed [seconds]
# name 5 = density00: Density [density, kg/m^3]
# name 6 = specc: Specific Conductance [uS/cm]
# name 7 = sal00: Salinity, Practical [PSU]
# name 8 = depSM: Depth [salt water, m], lat = 59.00
# name 9 = oxsolML/L: Oxygen Saturation, Garcia & Gordon [ml/l]
# name 10 = potemp090C: Potential Temperature [ITS-90, deg C]
# name 11 = tv290C: Temperature [ITS-90, deg C]
# name 12 = sigma-é00: Density [sigma-theta, kg/m^3]
# name 13 = n2satML/L: Nitrogen Saturation [ml/l]
# name 14 = par: PAR/Irradiance, Biospherical/Licor
# name 15 = prdM: Pressure, Strain Gauge [db]
# name 16 = flag:  0.000e+00
# span 0 =          1,        500       
# span 1 = 287.672535, 287.673979       
# span 2 =    0.00000,    0.03465       
# span 3 =     0.0000,     2.0792       
# span 4 =      0.000,    124.750       
# span 5 =  1000.2336,  1023.1102       
# span 6 =   1432.033,  47271.023       
# span 7 =     0.7092,    29.9944       
# span 8 =     -0.270,     36.466       
# span 9 =    6.42700,    7.81326       
# span 10 =    10.2561,    10.8978      
# span 11 =    10.2540,    10.8978      
# span 12 =     0.2349,    22.9436      
# span 13 =   11.64824,   14.35281      
# span 14 = 7.3095e-02, 6.4781e+02      
# span 15 =     -0.273,     36.813      
# span 16 = 0.0000e+00, 0.0000e+00      
# interval = seconds: 0.25
# start_time = Oct 13 2016 16:08:27 [Instrument's time stamp, header]
# bad_flag = -9.990e-29
*END*
[from data line 341]
        342 287.673521    0.02368     1.4208     85.250  1022.3520  46164.298    29.2510      4.321    6.43467    10.8240    10.8264    22.3323   11.66474 8.4392e+01      4.362 0.0000e+00
        343 287.673524    0.02375     1.4250     85.500  1022.3553  46168.768    29.2539      4.514    6.43469    10.8233    10.8254    22.3347   11.66473 7.9344e+01      4.557 0.0000e+00
        344 287.673527    0.02382     1.4292     85.750  1022.3584  46172.633    29.2565      4.710    6.43470    10.8228    10.8246    22.3368   11.66472 7.4316e+01      4.754 0.0000e+00
        345 287.673530    0.02389     1.4333     86.000  1022.3612  46176.095    29.2587      4.911    6.43470    10.8223    10.8239    22.3387   11.66470 6.9543e+01      4.958 0.0000e+00
        346 287.673533    0.02396     1.4375     86.250  1022.3640  46179.517    29.2610      5.119    6.43468    10.8218    10.8234    22.3406   11.66465 6.5619e+01      5.167 0.0000e+00
        347 287.673536    0.02403     1.4417     86.500  1022.3670  46183.220    29.2635      5.329    6.43465    10.8213    10.8229    22.3426   11.66456 6.2610e+01      5.379 0.0000e+00
        348 287.673539    0.02410     1.4458     86.750  1022.3701  46187.189    29.2661      5.538    6.43460    10.8209    10.8224    22.3447   11.66445 6.0186e+01      5.590 0.0000e+00
        349 287.673542    0.02417     1.4500     87.000  1022.3732  46191.194    29.2688      5.742    6.43455    10.8204    10.8220    22.3469   11.66433 5.8309e+01      5.796 0.0000e+00
        350 287.673545    0.02424     1.4542     87.250  1022.3763  46195.247    29.2715      5.940    6.43450    10.8198    10.8215    22.3491   11.66422 5.6823e+01      5.996 0.0000e+00
        351 287.673547    0.02431     1.4583     87.500  1022.3794  46199.355    29.2743      6.134    6.43446    10.8192    10.8211    22.3513   11.66411 5.4869e+01      6.192 0.0000e+00
        352 287.673550    0.02438     1.4625     87.750  1022.3824  46203.313    29.2769      6.332    6.43442    10.8185    10.8205    22.3535   11.66402 5.1951e+01      6.391 0.0000e+00
        353 287.673553    0.02444     1.4667     88.000  1022.3854  46207.009    29.2794      6.538    6.43441    10.8178    10.8199    22.3555   11.66396 4.8602e+01      6.600 0.0000e+00
        354 287.673556    0.02451     1.4708     88.250  1022.3883  46210.517    29.2817      6.755    6.43441    10.8170    10.8192    22.3574   11.66393 4.5442e+01      6.819 0.0000e+00
        355 287.673559    0.02458     1.4750     88.500  1022.3911  46213.832    29.2838      6.980    6.43442    10.8162    10.8185    22.3592   11.66393 4.2615e+01      7.046 0.0000e+00
        356 287.673562    0.02465     1.4792     88.750  1022.3938  46216.845    29.2858      7.206    6.43444    10.8155    10.8178    22.3608   11.66394 4.0032e+01      7.274 0.0000e+00
        357 287.673565    0.02472     1.4833     89.000  1022.3963  46219.591    29.2875      7.425    6.43447    10.8149    10.8171    22.3623   11.66397 3.7697e+01      7.495 0.0000e+00
        358 287.673568    0.02479     1.4875     89.250  1022.3986  46222.066    29.2891      7.631    6.43450    10.8142    10.8164    22.3637   11.66401 3.5725e+01      7.703 0.0000e+00
        359 287.673571    0.02486     1.4917     89.500  1022.4006  46224.180    29.2904      7.825    6.43454    10.8137    10.8157    22.3648   11.66405 3.4087e+01      7.899 0.0000e+00
        360 287.673573    0.02493     1.4958     89.750  1022.4024  46225.918    29.2915      8.013    6.43458    10.8133    10.8151    22.3658   11.66411 3.2672e+01      8.089 0.0000e+00
        361 287.673576    0.02500     1.5000     90.000  1022.4040  46227.292    29.2924      8.201    6.43462    10.8129    10.8146    22.3665   11.66416 3.1401e+01      8.279 0.0000e+00
        362 287.673579    0.02507     1.5042     90.250  1022.4055  46228.368    29.2930      8.395    6.43465    10.8127    10.8142    22.3671   11.66420 3.0124e+01      8.474 0.0000e+00
        363 287.673582    0.02514     1.5083     90.500  1022.4068  46229.175    29.2935      8.595    6.43467    10.8125    10.8139    22.3675   11.66423 2.8671e+01      8.677 0.0000e+00
        364 287.673585    0.02521     1.5125     90.750  1022.4080  46229.728    29.2937      8.801    6.43469    10.8124    10.8137    22.3678   11.66425 2.7033e+01      8.885 0.0000e+00
        365 287.673588    0.02528     1.5167     91.000  1022.4091  46230.120    29.2939      9.009    6.43470    10.8124    10.8136    22.3679   11.66427 2.5389e+01      9.094 0.0000e+00
        366 287.673591    0.02535     1.5208     91.250  1022.4102  46230.497    29.2941      9.216    6.43470    10.8123    10.8135    22.3681   11.66428 2.3899e+01      9.303 0.0000e+00
        367 287.673594    0.02542     1.5250     91.500  1022.4114  46231.015    29.2944      9.420    6.43470    10.8123    10.8135    22.3683   11.66427 2.2575e+01      9.509 0.0000e+00
        368 287.673597    0.02549     1.5292     91.750  1022.4126  46231.691    29.2948      9.620    6.43469    10.8122    10.8134    22.3686   11.66425 2.1393e+01      9.711 0.0000e+00
        369 287.673600    0.02556     1.5333     92.000  1022.4138  46232.420    29.2952      9.816    6.43467    10.8122    10.8134    22.3690   11.66422 2.0375e+01      9.909 0.0000e+00
        370 287.673602    0.02562     1.5375     92.250  1022.4150  46233.094    29.2956     10.010    6.43466    10.8121    10.8133    22.3693   11.66419 1.9518e+01     10.104 0.0000e+00
        371 287.673605    0.02569     1.5417     92.500  1022.4161  46233.648    29.2959     10.202    6.43465    10.8121    10.8133    22.3695   11.66417 1.8766e+01     10.298 0.0000e+00
        372 287.673608    0.02576     1.5458     92.750  1022.4172  46234.146    29.2962     10.393    6.43464    10.8121    10.8133    22.3697   11.66415 1.8043e+01     10.492 0.0000e+00
        373 287.673611    0.02583     1.5500     93.000  1022.4184  46234.781    29.2966     10.587    6.43462    10.8122    10.8133    22.3700   11.66412 1.7283e+01     10.687 0.0000e+00
        374 287.673614    0.02590     1.5542     93.250  1022.4198  46235.733    29.2972     10.784    6.43460    10.8122    10.8133    22.3705   11.66407 1.6464e+01     10.886 0.0000e+00
        375 287.673617    0.02597     1.5583     93.500  1022.4214  46237.149    29.2981     10.986    6.43455    10.8123    10.8134    22.3712   11.66399 1.5593e+01     11.090 0.0000e+00
        376 287.673620    0.02604     1.5625     93.750  1022.4233  46238.918    29.2992     11.194    6.43450    10.8124    10.8134    22.3721   11.66388 1.4694e+01     11.300 0.0000e+00
        377 287.673623    0.02611     1.5667     94.000  1022.4251  46240.619    29.3004     11.407    6.43444    10.8124    10.8135    22.3730   11.66376 1.3821e+01     11.515 0.0000e+00
        378 287.673626    0.02618     1.5708     94.250  1022.4268  46242.025    29.3013     11.623    6.43438    10.8125    10.8137    22.3737   11.66366 1.3028e+01     11.733 0.0000e+00
        379 287.673628    0.02625     1.5750     94.500  1022.4284  46243.308    29.3021     11.838    6.43434    10.8125    10.8138    22.3743   11.66357 1.2344e+01     11.950 0.0000e+00
        380 287.673631    0.02632     1.5792     94.750  1022.4301  46244.766    29.3030     12.046    6.43429    10.8126    10.8138    22.3750   11.66348 1.1769e+01     12.160 0.0000e+00
        381 287.673634    0.02639     1.5833     95.000  1022.4320  46246.628    29.3043     12.246    6.43423    10.8128    10.8139    22.3760   11.66336 1.1281e+01     12.362 0.0000e+00
        382 287.673637    0.02646     1.5875     95.250  1022.4341  46249.079    29.3059     12.436    6.43414    10.8130    10.8141    22.3772   11.66321 1.0840e+01     12.554 0.0000e+00
        383 287.673640    0.02653     1.5917     95.500  1022.4365  46252.168    29.3080     12.618    6.43403    10.8134    10.8142    22.3788   11.66300 1.0413e+01     12.738 0.0000e+00
        384 287.673643    0.02660     1.5958     95.750  1022.4393  46255.882    29.3106     12.797    6.43389    10.8138    10.8145    22.3808   11.66273 9.9790e+00     12.919 0.0000e+00
        385 287.673646    0.02667     1.6000     96.000  1022.4425  46260.450    29.3138     12.978    6.43371    10.8143    10.8148    22.3832   11.66239 9.5327e+00     13.101 0.0000e+00
        386 287.673649    0.02674     1.6042     96.250  1022.4463  46265.890    29.3176     13.167    6.43349    10.8149    10.8153    22.3861   11.66199 9.0766e+00     13.292 0.0000e+00
        387 287.673652    0.02681     1.6083     96.500  1022.4502  46271.625    29.3216     13.370    6.43325    10.8155    10.8158    22.3891   11.66154 8.6131e+00     13.496 0.0000e+00
        388 287.673655    0.02688     1.6125     96.750  1022.4541  46277.161    29.3254     13.585    6.43301    10.8160    10.8164    22.3920   11.66110 8.1511e+00     13.714 0.0000e+00
        389 287.673657    0.02694     1.6167     97.000  1022.4581  46282.825    29.3294     13.809    6.43276    10.8166    10.8170    22.3950   11.66064 7.7115e+00     13.940 0.0000e+00
        390 287.673660    0.02701     1.6208     97.250  1022.4628  46289.843    29.3343     14.032    6.43248    10.8173    10.8176    22.3987   11.66010 7.3139e+00     14.165 0.0000e+00
        391 287.673663    0.02708     1.6250     97.500  1022.4688  46299.212    29.3408     14.246    6.43212    10.8180    10.8183    22.4037   11.65944 6.9684e+00     14.381 0.0000e+00
        392 287.673666    0.02715     1.6292     97.750  1022.4754  46309.909    29.3483     14.443    6.43172    10.8185    10.8189    22.4094   11.65868 6.6742e+00     14.580 0.0000e+00
        393 287.673669    0.02722     1.6333     98.000  1022.4814  46319.559    29.3551     14.624    6.43134    10.8188    10.8196    22.4146   11.65797 6.4190e+00     14.762 0.0000e+00
        394 287.673672    0.02729     1.6375     98.250  1022.4862  46327.070    29.3604     14.792    6.43105    10.8187    10.8202    22.4186   11.65742 6.1858e+00     14.932 0.0000e+00
        395 287.673675    0.02736     1.6417     98.500  1022.4901  46332.929    29.3645     14.954    6.43084    10.8182    10.8205    22.4217   11.65702 5.9591e+00     15.096 0.0000e+00
        396 287.673678    0.02743     1.6458     98.750  1022.4935  46337.854    29.3679     15.118    6.43071    10.8172    10.8205    22.4244   11.65677 5.7271e+00     15.261 0.0000e+00
        397 287.673681    0.02750     1.6500     99.000  1022.4968  46342.443    29.3710     15.293    6.43065    10.8157    10.8200    22.4269   11.65663 5.4828e+00     15.437 0.0000e+00
        398 287.673683    0.02757     1.6542     99.250  1022.5002  46347.039    29.3740     15.484    6.43066    10.8135    10.8190    22.4294   11.65662 5.2275e+00     15.630 0.0000e+00
        399 287.673686    0.02764     1.6583     99.500  1022.5038  46351.759    29.3771     15.693    6.43075    10.8108    10.8174    22.4321   11.65673 4.9669e+00     15.842 0.0000e+00
        400 287.673689    0.02771     1.6625     99.750  1022.5078  46356.967    29.3804     15.921    6.43091    10.8077    10.8153    22.4350   11.65696 4.7060e+00     16.071 0.0000e+00
        401 287.673692    0.02778     1.6667    100.000  1022.5126  46363.492    29.3846     16.160    6.43111    10.8046    10.8127    22.4387   11.65724 4.4507e+00     16.314 0.0000e+00
        402 287.673695    0.02785     1.6708    100.250  1022.5186  46372.141    29.3903     16.404    6.43131    10.8019    10.8096    22.4436   11.65750 4.2088e+00     16.560 0.0000e+00
        403 287.673698    0.02792     1.6750    100.500  1022.5255  46382.353    29.3970     16.642    6.43146    10.7995    10.8065    22.4494   11.65767 3.9867e+00     16.800 0.0000e+00
        404 287.673701    0.02799     1.6792    100.750  1022.5322  46392.461    29.4037     16.867    6.43156    10.7974    10.8038    22.4551   11.65776 3.7887e+00     17.027 0.0000e+00
        405 287.673704    0.02806     1.6833    101.000  1022.5384  46401.898    29.4100     17.072    6.43163    10.7952    10.8015    22.4604   11.65780 3.6180e+00     17.234 0.0000e+00
        406 287.673707    0.02813     1.6875    101.250  1022.5446  46411.515    29.4165     17.258    6.43167    10.7931    10.7993    22.4658   11.65778 3.4726e+00     17.421 0.0000e+00
        407 287.673709    0.02819     1.6917    101.500  1022.5513  46422.076    29.4236     17.427    6.43167    10.7914    10.7972    22.4717   11.65771 3.3464e+00     17.592 0.0000e+00
        408 287.673712    0.02826     1.6958    101.750  1022.5583  46433.308    29.4312     17.586    6.43165    10.7903    10.7951    22.4779   11.65758 3.2330e+00     17.752 0.0000e+00
        409 287.673715    0.02833     1.7000    102.000  1022.5650  46444.043    29.4385     17.743    6.43158    10.7897    10.7935    22.4839   11.65737 3.1258e+00     17.912 0.0000e+00
        410 287.673718    0.02840     1.7042    102.250  1022.5708  46453.349    29.4448     17.908    6.43147    10.7895    10.7924    22.4890   11.65712 3.0185e+00     18.078 0.0000e+00
        411 287.673721    0.02847     1.7083    102.500  1022.5760  46461.340    29.4503     18.086    6.43133    10.7895    10.7918    22.4933   11.65681 2.9073e+00     18.257 0.0000e+00
        412 287.673724    0.02854     1.7125    102.750  1022.5808  46468.531    29.4553     18.279    6.43115    10.7896    10.7916    22.4972   11.65647 2.7916e+00     18.452 0.0000e+00
        413 287.673727    0.02861     1.7167    103.000  1022.5854  46475.441    29.4601     18.486    6.43096    10.7899    10.7916    22.5009   11.65608 2.6721e+00     18.661 0.0000e+00
        414 287.673730    0.02868     1.7208    103.250  1022.5902  46482.569    29.4650     18.702    6.43073    10.7903    10.7918    22.5047   11.65565 2.5502e+00     18.880 0.0000e+00
        415 287.673733    0.02875     1.7250    103.500  1022.5951  46489.899    29.4701     18.923    6.43048    10.7908    10.7921    22.5086   11.65517 2.4290e+00     19.102 0.0000e+00
        416 287.673736    0.02882     1.7292    103.750  1022.6000  46497.150    29.4751     19.142    6.43022    10.7913    10.7925    22.5125   11.65467 2.3122e+00     19.323 0.0000e+00
        417 287.673738    0.02889     1.7333    104.000  1022.6049  46504.428    29.4802     19.354    6.42994    10.7918    10.7930    22.5164   11.65415 2.2032e+00     19.538 0.0000e+00
        418 287.673741    0.02896     1.7375    104.250  1022.6101  46512.467    29.4859     19.558    6.42963    10.7922    10.7935    22.5207   11.65358 2.1045e+00     19.743 0.0000e+00
        419 287.673744    0.02903     1.7417    104.500  1022.6161  46522.155    29.4926     19.752    6.42929    10.7925    10.7940    22.5259   11.65292 2.0163e+00     19.939 0.0000e+00
        420 287.673747    0.02910     1.7458    104.750  1022.6235  46534.203    29.5010     19.940    6.42888    10.7924    10.7945    22.5324   11.65215 1.9365e+00     20.129 0.0000e+00
        421 287.673750    0.02917     1.7500    105.000  1022.6326  46549.502    29.5117     20.125    6.42841    10.7917    10.7947    22.5406   11.65123 1.8621e+00     20.316 0.0000e+00
        422 287.673753    0.02924     1.7542    105.250  1022.6434  46567.770    29.5245     20.313    6.42789    10.7904    10.7947    22.5506   11.65023 1.7906e+00     20.506 0.0000e+00
        423 287.673756    0.02931     1.7583    105.500  1022.6546  46586.656    29.5376     20.507    6.42744    10.7884    10.7941    22.5609   11.64932 1.7199e+00     20.701 0.0000e+00
        424 287.673759    0.02937     1.7625    105.750  1022.6649  46603.752    29.5494     20.708    6.42715    10.7861    10.7927    22.5703   11.64869 1.6487e+00     20.905 0.0000e+00
        425 287.673762    0.02944     1.7667    106.000  1022.6738  46618.064    29.5592     20.919    6.42702    10.7838    10.7908    22.5782   11.64836 1.5768e+00     21.117 0.0000e+00
