CTD-processing/allCTD/CNV--homogene/2016_04-11_t4_s06_cast216.cnv
* Sea-Bird SBE19plus Data File:
* FileName = C:\Users\Kris.Holderied\Documents\kasitsna\Research-KBL\Oceanography-AK\CTD-Data-ALL-to-2016-02\2016-CTD-KachemakBay-CookInlet\2016-04-CookInlet-quarterly\2016-04-11-CookInlet-Tran4-Barabara\2016-04-11-CookInlet-Tran4-cast216.hex
* Software Version 1.59
* Temperature SN =  5028
* Conductivity SN =  5028
* System UpLoad Time = May 12 2016 11:39:14
** Cook Inlet LTM Tran4 Barabara south to north
** Date (YYYY-MM-DD): 2016-04-11
** Station (ie. 9-01): 4-06
** Start time (AKST): 14:29
** Depth (m): 60
** Comment:  R/V Pandalus.
** Comment:
# nquan = 17
# nvalues = 574                         
# units = specified
# name 0 = scan: Scan Count
# name 1 = timeJ: Julian Days
# name 2 = timeH: Time, Elapsed [hours]
# name 3 = timeM: Time, Elapsed [minutes]
# name 4 = timeS: Time, Elapsed [seconds]
# name 5 = density00: Density [density, kg/m^3]
# name 6 = specc: Specific Conductance [uS/cm]
# name 7 = sal00: Salinity, Practical [PSU]
# name 8 = depSM: Depth [salt water, m], lat = 59.00
# name 9 = oxsolML/L: Oxygen Saturation, Garcia & Gordon [ml/l]
# name 10 = potemp090C: Potential Temperature [ITS-90, deg C]
# name 11 = tv290C: Temperature [ITS-90, deg C]
# name 12 = sigma-é00: Density [sigma-theta, kg/m^3]
# name 13 = n2satML/L: Nitrogen Saturation [ml/l]
# name 14 = par: PAR/Irradiance, Biospherical/Licor
# name 15 = prdM: Pressure, Strain Gauge [db]
# name 16 = flag:  0.000e+00
# span 0 =          1,        574       
# span 1 = 102.603241, 102.604899       
# span 2 =    0.00000,    0.03979       
# span 3 =     0.0000,     2.3875       
# span 4 =      0.000,    143.250       
# span 5 =  1000.8582,  1024.9967       
# span 6 =   2310.722,  50319.055       
# span 7 =     1.1571,    31.4163       
# span 8 =     -0.168,     58.950       
# span 9 =    7.05268,    8.60449       
# span 10 =     6.0029,     6.2092      
# span 11 =     6.0076,     6.2100      
# span 12 =     0.8590,    24.7216      
# span 13 =   12.66473,   15.67940      
# span 14 = 3.9989e-02, 4.9630e+02      
# span 15 =     -0.170,     59.515      
# span 16 = 0.0000e+00, 0.0000e+00      
# interval = seconds: 0.25
# start_time = Apr 11 2016 14:28:40 [Instrument's time stamp, header]
# bad_flag = -9.990e-29
*END*
[from data line 426]
        427 102.604473    0.02958     1.7750    106.500  1024.7896  50145.924    31.3278     32.031    7.06218     6.1001     6.1024    24.6401   12.67818 1.2328e+00     32.336 0.0000e+00
        428 102.604476    0.02965     1.7792    106.750  1024.7910  50147.136    31.3285     32.216    7.06212     6.1002     6.1025    24.6407   12.67808 1.1992e+00     32.522 0.0000e+00
        429 102.604479    0.02972     1.7833    107.000  1024.7925  50148.279    31.3293     32.401    7.06206     6.1004     6.1027    24.6413   12.67797 1.1661e+00     32.709 0.0000e+00
        430 102.604482    0.02979     1.7875    107.250  1024.7939  50149.380    31.3300     32.588    7.06200     6.1005     6.1028    24.6418   12.67787 1.1332e+00     32.898 0.0000e+00
        431 102.604485    0.02986     1.7917    107.500  1024.7952  50150.289    31.3306     32.778    7.06195     6.1007     6.1030    24.6422   12.67777 1.1006e+00     33.090 0.0000e+00
        432 102.604488    0.02993     1.7958    107.750  1024.7964  50151.054    31.3310     32.972    7.06189     6.1009     6.1032    24.6426   12.67767 1.0682e+00     33.286 0.0000e+00
        433 102.604491    0.03000     1.8000    108.000  1024.7977  50151.780    31.3315     33.167    7.06184     6.1012     6.1034    24.6429   12.67758 1.0363e+00     33.483 0.0000e+00
        434 102.604494    0.03007     1.8042    108.250  1024.7988  50152.367    31.3319     33.364    7.06178     6.1014     6.1036    24.6431   12.67748 1.0050e+00     33.682 0.0000e+00
        435 102.604497    0.03014     1.8083    108.500  1024.7999  50152.796    31.3321     33.561    7.06173     6.1016     6.1039    24.6433   12.67740 9.7444e-01     33.881 0.0000e+00
        436 102.604499    0.03021     1.8125    108.750  1024.8010  50153.182    31.3323     33.757    7.06169     6.1018     6.1041    24.6435   12.67732 9.4490e-01     34.078 0.0000e+00
        437 102.604502    0.03028     1.8167    109.000  1024.8021  50153.627    31.3326     33.950    7.06164     6.1020     6.1043    24.6436   12.67723 9.1664e-01     34.273 0.0000e+00
        438 102.604505    0.03035     1.8208    109.250  1024.8031  50154.070    31.3328     34.141    7.06159     6.1022     6.1045    24.6438   12.67715 8.8981e-01     34.465 0.0000e+00
        439 102.604508    0.03042     1.8250    109.500  1024.8041  50154.389    31.3329     34.328    7.06155     6.1023     6.1047    24.6439   12.67708 8.6434e-01     34.654 0.0000e+00
        440 102.604511    0.03049     1.8292    109.750  1024.8050  50154.596    31.3330     34.511    7.06151     6.1025     6.1049    24.6440   12.67702 8.4010e-01     34.839 0.0000e+00
        441 102.604514    0.03056     1.8333    110.000  1024.8059  50154.748    31.3331     34.691    7.06148     6.1027     6.1051    24.6440   12.67696 8.1698e-01     35.021 0.0000e+00
        442 102.604517    0.03062     1.8375    110.250  1024.8067  50154.905    31.3332     34.868    7.06145     6.1028     6.1053    24.6440   12.67690 7.9485e-01     35.200 0.0000e+00
        443 102.604520    0.03069     1.8417    110.500  1024.8076  50155.077    31.3333     35.043    7.06142     6.1028     6.1054    24.6441   12.67686 7.7352e-01     35.376 0.0000e+00
        444 102.604523    0.03076     1.8458    110.750  1024.8084  50155.211    31.3333     35.216    7.06140     6.1029     6.1055    24.6441   12.67682 7.5278e-01     35.551 0.0000e+00
        445 102.604525    0.03083     1.8500    111.000  1024.8092  50155.319    31.3333     35.390    7.06138     6.1029     6.1056    24.6441   12.67680 7.3252e-01     35.726 0.0000e+00
        446 102.604528    0.03090     1.8542    111.250  1024.8100  50155.429    31.3333     35.565    7.06137     6.1029     6.1057    24.6441   12.67678 7.1247e-01     35.903 0.0000e+00
        447 102.604531    0.03097     1.8583    111.500  1024.8109  50155.555    31.3333     35.743    7.06136     6.1029     6.1057    24.6441   12.67677 6.9234e-01     36.083 0.0000e+00
        448 102.604534    0.03104     1.8625    111.750  1024.8118  50155.710    31.3333     35.927    7.06136     6.1029     6.1058    24.6441   12.67676 6.7204e-01     36.269 0.0000e+00
        449 102.604537    0.03111     1.8667    112.000  1024.8127  50155.874    31.3333     36.117    7.06136     6.1029     6.1058    24.6441   12.67676 6.5154e-01     36.461 0.0000e+00
        450 102.604540    0.03118     1.8708    112.250  1024.8136  50156.057    31.3334     36.314    7.06135     6.1029     6.1058    24.6442   12.67675 6.3094e-01     36.660 0.0000e+00
        451 102.604543    0.03125     1.8750    112.500  1024.8146  50156.276    31.3334     36.516    7.06135     6.1028     6.1058    24.6442   12.67675 6.1048e-01     36.864 0.0000e+00
        452 102.604546    0.03132     1.8792    112.750  1024.8156  50156.489    31.3335     36.724    7.06135     6.1028     6.1058    24.6442   12.67674 5.9044e-01     37.074 0.0000e+00
        453 102.604549    0.03139     1.8833    113.000  1024.8166  50156.657    31.3335     36.933    7.06135     6.1028     6.1058    24.6442   12.67674 5.7119e-01     37.284 0.0000e+00
        454 102.604552    0.03146     1.8875    113.250  1024.8176  50156.824    31.3335     37.140    7.06134     6.1028     6.1058    24.6443   12.67674 5.5296e-01     37.494 0.0000e+00
        455 102.604554    0.03153     1.8917    113.500  1024.8185  50157.024    31.3336     37.343    7.06134     6.1028     6.1058    24.6443   12.67673 5.3589e-01     37.698 0.0000e+00
        456 102.604557    0.03160     1.8958    113.750  1024.8195  50157.215    31.3336     37.538    7.06134     6.1028     6.1058    24.6443   12.67672 5.2014e-01     37.896 0.0000e+00
        457 102.604560    0.03167     1.9000    114.000  1024.8204  50157.379    31.3336     37.725    7.06133     6.1028     6.1058    24.6443   12.67671 5.0579e-01     38.084 0.0000e+00
        458 102.604563    0.03174     1.9042    114.250  1024.8212  50157.538    31.3337     37.902    7.06132     6.1028     6.1058    24.6444   12.67670 4.9270e-01     38.263 0.0000e+00
        459 102.604566    0.03181     1.9083    114.500  1024.8220  50157.695    31.3337     38.071    7.06132     6.1028     6.1059    24.6444   12.67670 4.8054e-01     38.434 0.0000e+00
        460 102.604569    0.03188     1.9125    114.750  1024.8228  50157.817    31.3337     38.235    7.06132     6.1028     6.1059    24.6444   12.67669 4.6894e-01     38.600 0.0000e+00
        461 102.604572    0.03194     1.9167    115.000  1024.8235  50157.894    31.3337     38.397    7.06132     6.1027     6.1059    24.6444   12.67670 4.5753e-01     38.763 0.0000e+00
        462 102.604575    0.03201     1.9208    115.250  1024.8243  50157.928    31.3336     38.561    7.06133     6.1027     6.1059    24.6444   12.67671 4.4606e-01     38.928 0.0000e+00
        463 102.604578    0.03208     1.9250    115.500  1024.8250  50157.916    31.3335     38.730    7.06133     6.1027     6.1059    24.6443   12.67672 4.3432e-01     39.100 0.0000e+00
        464 102.604580    0.03215     1.9292    115.750  1024.8258  50157.887    31.3334     38.908    7.06134     6.1026     6.1059    24.6442   12.67673 4.2218e-01     39.279 0.0000e+00
        465 102.604583    0.03222     1.9333    116.000  1024.8266  50157.880    31.3333     39.096    7.06135     6.1026     6.1058    24.6441   12.67675 4.0970e-01     39.469 0.0000e+00
        466 102.604586    0.03229     1.9375    116.250  1024.8275  50157.942    31.3333     39.294    7.06136     6.1026     6.1058    24.6441   12.67676 3.9704e-01     39.668 0.0000e+00
        467 102.604589    0.03236     1.9417    116.500  1024.8284  50158.069    31.3333     39.499    7.06136     6.1026     6.1058    24.6441   12.67676 3.8439e-01     39.876 0.0000e+00
        468 102.604592    0.03243     1.9458    116.750  1024.8294  50158.190    31.3332     39.710    7.06136     6.1026     6.1058    24.6441   12.67676 3.7197e-01     40.088 0.0000e+00
        469 102.604595    0.03250     1.9500    117.000  1024.8304  50158.322    31.3332     39.922    7.06135     6.1026     6.1058    24.6441   12.67675 3.6000e-01     40.302 0.0000e+00
        470 102.604598    0.03257     1.9542    117.250  1024.8313  50158.485    31.3333     40.131    7.06135     6.1026     6.1058    24.6441   12.67674 3.4867e-01     40.514 0.0000e+00
        471 102.604601    0.03264     1.9583    117.500  1024.8322  50158.569    31.3332     40.335    7.06135     6.1026     6.1059    24.6441   12.67674 3.3808e-01     40.720 0.0000e+00
        472 102.604604    0.03271     1.9625    117.750  1024.8331  50158.547    31.3331     40.531    7.06135     6.1026     6.1059    24.6440   12.67674 3.2829e-01     40.917 0.0000e+00
        473 102.604606    0.03278     1.9667    118.000  1024.8339  50158.626    31.3331     40.718    7.06135     6.1026     6.1059    24.6439   12.67674 3.1924e-01     41.107 0.0000e+00
        474 102.604609    0.03285     1.9708    118.250  1024.8349  50158.941    31.3332     40.898    7.06134     6.1026     6.1059    24.6441   12.67673 3.1079e-01     41.289 0.0000e+00
        475 102.604612    0.03292     1.9750    118.500  1024.8358  50159.301    31.3334     41.073    7.06133     6.1026     6.1059    24.6442   12.67671 3.0275e-01     41.465 0.0000e+00
        476 102.604615    0.03299     1.9792    118.750  1024.8367  50159.574    31.3335     41.244    7.06132     6.1026     6.1059    24.6443   12.67669 2.9499e-01     41.638 0.0000e+00
        477 102.604618    0.03306     1.9833    119.000  1024.8376  50159.818    31.3336     41.415    7.06132     6.1026     6.1060    24.6444   12.67669 2.8747e-01     41.810 0.0000e+00
        478 102.604621    0.03313     1.9875    119.250  1024.8385  50160.064    31.3337     41.587    7.06131     6.1025     6.1060    24.6444   12.67668 2.8011e-01     41.984 0.0000e+00
        479 102.604624    0.03319     1.9917    119.500  1024.8394  50160.363    31.3338     41.763    7.06131     6.1024     6.1060    24.6445   12.67668 2.7285e-01     42.162 0.0000e+00
        480 102.604627    0.03326     1.9958    119.750  1024.8404  50160.781    31.3340     41.944    7.06131     6.1023     6.1059    24.6447   12.67667 2.6571e-01     42.344 0.0000e+00
        481 102.604630    0.03333     2.0000    120.000  1024.8415  50161.304    31.3343     42.129    7.06130     6.1022     6.1059    24.6449   12.67666 2.5875e-01     42.531 0.0000e+00
        482 102.604633    0.03340     2.0042    120.250  1024.8426  50161.884    31.3346     42.318    7.06130     6.1021     6.1058    24.6451   12.67666 2.5188e-01     42.722 0.0000e+00
        483 102.604635    0.03347     2.0083    120.500  1024.8437  50162.457    31.3349     42.510    7.06131     6.1019     6.1057    24.6454   12.67666 2.4493e-01     42.915 0.0000e+00
        484 102.604638    0.03354     2.0125    120.750  1024.8448  50162.954    31.3351     42.703    7.06132     6.1018     6.1055    24.6456   12.67668 2.3793e-01     43.111 0.0000e+00
        485 102.604641    0.03361     2.0167    121.000  1024.8459  50163.411    31.3353     42.897    7.06133     6.1017     6.1054    24.6457   12.67669 2.3097e-01     43.306 0.0000e+00
        486 102.604644    0.03368     2.0208    121.250  1024.8470  50163.906    31.3355     43.090    7.06133     6.1017     6.1053    24.6459   12.67669 2.2401e-01     43.501 0.0000e+00
        487 102.604647    0.03375     2.0250    121.500  1024.8481  50164.425    31.3358     43.282    7.06133     6.1016     6.1052    24.6461   12.67668 2.1718e-01     43.695 0.0000e+00
        488 102.604650    0.03382     2.0292    121.750  1024.8492  50164.887    31.3360     43.473    7.06133     6.1015     6.1052    24.6463   12.67668 2.1074e-01     43.887 0.0000e+00
        489 102.604653    0.03389     2.0333    122.000  1024.8502  50165.255    31.3361     43.661    7.06133     6.1015     6.1051    24.6464   12.67668 2.0471e-01     44.077 0.0000e+00
        490 102.604656    0.03396     2.0375    122.250  1024.8512  50165.582    31.3362     43.848    7.06133     6.1014     6.1051    24.6465   12.67668 1.9903e-01     44.266 0.0000e+00
        491 102.604659    0.03403     2.0417    122.500  1024.8521  50165.909    31.3364     44.032    7.06134     6.1014     6.1050    24.6467   12.67669 1.9362e-01     44.452 0.0000e+00
        492 102.604661    0.03410     2.0458    122.750  1024.8531  50166.219    31.3365     44.216    7.06134     6.1013     6.1050    24.6468   12.67669 1.8842e-01     44.638 0.0000e+00
        493 102.604664    0.03417     2.0500    123.000  1024.8540  50166.494    31.3366     44.400    7.06134     6.1013     6.1050    24.6469   12.67669 1.8335e-01     44.823 0.0000e+00
        494 102.604667    0.03424     2.0542    123.250  1024.8550  50166.742    31.3367     44.584    7.06134     6.1012     6.1050    24.6469   12.67669 1.7839e-01     45.009 0.0000e+00
        495 102.604670    0.03431     2.0583    123.500  1024.8559  50167.013    31.3368     44.769    7.06134     6.1012     6.1049    24.6470   12.67668 1.7356e-01     45.196 0.0000e+00
        496 102.604673    0.03438     2.0625    123.750  1024.8569  50167.326    31.3369     44.955    7.06134     6.1011     6.1049    24.6471   12.67668 1.6888e-01     45.384 0.0000e+00
        497 102.604676    0.03444     2.0667    124.000  1024.8578  50167.616    31.3370     45.143    7.06135     6.1010     6.1048    24.6472   12.67669 1.6434e-01     45.574 0.0000e+00
        498 102.604679    0.03451     2.0708    124.250  1024.8588  50167.877    31.3371     45.333    7.06135     6.1009     6.1048    24.6473   12.67670 1.5991e-01     45.766 0.0000e+00
        499 102.604682    0.03458     2.0750    124.500  1024.8597  50168.153    31.3371     45.524    7.06136     6.1008     6.1047    24.6473   12.67672 1.5556e-01     45.959 0.0000e+00
        500 102.604685    0.03465     2.0792    124.750  1024.8607  50168.465    31.3372     45.717    7.06137     6.1007     6.1046    24.6474   12.67673 1.5125e-01     46.153 0.0000e+00
        501 102.604688    0.03472     2.0833    125.000  1024.8618  50168.813    31.3374     45.911    7.06138     6.1006     6.1045    24.6476   12.67675 1.4701e-01     46.349 0.0000e+00
        502 102.604690    0.03479     2.0875    125.250  1024.8628  50169.185    31.3375     46.106    7.06139     6.1005     6.1044    24.6477   12.67676 1.4290e-01     46.547 0.0000e+00
        503 102.604693    0.03486     2.0917    125.500  1024.8639  50169.562    31.3377     46.303    7.06140     6.1004     6.1043    24.6478   12.67677 1.3891e-01     46.745 0.0000e+00
        504 102.604696    0.03493     2.0958    125.750  1024.8649  50169.896    31.3378     46.500    7.06141     6.1004     6.1042    24.6479   12.67678 1.3503e-01     46.944 0.0000e+00
        505 102.604699    0.03500     2.1000    126.000  1024.8659  50170.144    31.3379     46.697    7.06141     6.1004     6.1042    24.6480   12.67678 1.3130e-01     47.143 0.0000e+00
        506 102.604702    0.03507     2.1042    126.250  1024.8668  50170.319    31.3379     46.895    7.06141     6.1004     6.1042    24.6480   12.67678 1.2776e-01     47.343 0.0000e+00
        507 102.604705    0.03514     2.1083    126.500  1024.8678  50170.484    31.3380     47.091    7.06140     6.1003     6.1042    24.6481   12.67678 1.2439e-01     47.540 0.0000e+00
        508 102.604708    0.03521     2.1125    126.750  1024.8687  50170.688    31.3380     47.284    7.06140     6.1003     6.1042    24.6481   12.67677 1.2127e-01     47.735 0.0000e+00
        509 102.604711    0.03528     2.1167    127.000  1024.8696  50170.919    31.3381     47.473    7.06140     6.1002     6.1042    24.6482   12.67677 1.1850e-01     47.926 0.0000e+00
        510 102.604714    0.03535     2.1208    127.250  1024.8706  50171.178    31.3382     47.657    7.06140     6.1001     6.1042    24.6482   12.67677 1.1599e-01     48.113 0.0000e+00
