CTD-processing/allCTD/CNV--homogene/2016_05-12_t9_s01_cast236.cnv
* Sea-Bird SBE19plus Data File:
* FileName = C:\Users\Kris.Holderied\Documents\kasitsna\Research-KBL\Oceanography-AK\CTD-Data-ALL-to-2016-05\2016-CTD-KachemakBay-CookInlet\2016-05-12-CookInlet-HomerSpit-monthly\2016-05-12-CookInlet-Tran9-cast236.hex
* Software Version 1.59
* Temperature SN =  5028
* Conductivity SN =  5028
* System UpLoad Time = May 16 2016 17:06:30
** Cook Inlet LTM Tran9 Homer Spit north to south
** Date (YYYY-MM-DD): 2016-05-12
** Station (ie. 9-01):  9-01
** Start time (AKST): 14:22
** Depth (m): 53
** Comment:  R/V Edgecumbe
** Comment: on turbid side of convergence zone
# nquan = 17
# nvalues = 512                         
# units = specified
# name 0 = scan: Scan Count
# name 1 = timeJ: Julian Days
# name 2 = timeH: Time, Elapsed [hours]
# name 3 = timeM: Time, Elapsed [minutes]
# name 4 = timeS: Time, Elapsed [seconds]
# name 5 = density00: Density [density, kg/m^3]
# name 6 = specc: Specific Conductance [uS/cm]
# name 7 = sal00: Salinity, Practical [PSU]
# name 8 = depSM: Depth [salt water, m], lat = 59.00
# name 9 = oxsolML/L: Oxygen Saturation, Garcia & Gordon [ml/l]
# name 10 = potemp090C: Potential Temperature [ITS-90, deg C]
# name 11 = tv290C: Temperature [ITS-90, deg C]
# name 12 = sigma-é00: Density [sigma-theta, kg/m^3]
# name 13 = n2satML/L: Nitrogen Saturation [ml/l]
# name 14 = par: PAR/Irradiance, Biospherical/Licor
# name 15 = prdM: Pressure, Strain Gauge [db]
# name 16 = flag:  0.000e+00
# span 0 =          1,        512       
# span 1 = 133.599363, 133.600842       
# span 2 =    0.00000,    0.03549       
# span 3 =     0.0000,     2.1292       
# span 4 =      0.000,    127.750       
# span 5 =  1000.6673,  1024.7793       
# span 6 =   1946.273,  49949.923       
# span 7 =     0.9959,    31.2892       
# span 8 =      0.108,     51.678       
# span 9 =    6.83579,    8.33186       
# span 10 =     6.6505,     8.5645      
# span 11 =     6.6541,     8.5646      
# span 12 =     0.6667,    24.5394      
# span 13 =   12.32724,   15.22356      
# span 14 = 4.6209e-02, 1.7669e+03      
# span 15 =      0.109,     52.172      
# span 16 = 0.0000e+00, 0.0000e+00      
# interval = seconds: 0.25
# start_time = May 12 2016 14:23:05 [Instrument's time stamp, header]
# bad_flag = -9.990e-29
*END*
[from data line 341]
        342 133.600350    0.02368     1.4208     85.250  1024.0388  48947.615    30.6947      5.754    6.92378     7.1285     7.1323    24.0121   12.45737 5.1024e+01      5.808 0.0000e+00
        343 133.600353    0.02375     1.4250     85.500  1024.0533  48972.118    30.7111      6.025    6.92344     7.1289     7.1297    24.0253   12.45660 4.8213e+01      6.081 0.0000e+00
        344 133.600356    0.02382     1.4292     85.750  1024.0650  48991.320    30.7242      6.294    6.92296     7.1293     7.1291    24.0357   12.45563 4.5513e+01      6.354 0.0000e+00
        345 133.600359    0.02389     1.4333     86.000  1024.0727  49003.444    30.7326      6.562    6.92251     7.1289     7.1295    24.0423   12.45478 4.2926e+01      6.624 0.0000e+00
        346 133.600362    0.02396     1.4375     86.250  1024.0779  49010.718    30.7376      6.830    6.92221     7.1274     7.1299    24.0461   12.45422 4.0444e+01      6.895 0.0000e+00
        347 133.600365    0.02403     1.4417     86.500  1024.0834  49018.645    30.7429      7.099    6.92202     7.1247     7.1296    24.0504   12.45385 3.8049e+01      7.166 0.0000e+00
        348 133.600367    0.02410     1.4458     86.750  1024.0909  49030.400    30.7507      7.370    6.92191     7.1203     7.1281    24.0567   12.45356 3.5722e+01      7.440 0.0000e+00
        349 133.600370    0.02417     1.4500     87.000  1024.1007  49046.146    30.7610      7.642    6.92187     7.1135     7.1254    24.0652   12.45336 3.3462e+01      7.714 0.0000e+00
        350 133.600373    0.02424     1.4542     87.250  1024.1126  49065.821    30.7738      7.915    6.92199     7.1040     7.1210    24.0758   12.45340 3.1286e+01      7.989 0.0000e+00
        351 133.600376    0.02431     1.4583     87.500  1024.1268  49089.856    30.7892      8.187    6.92237     7.0919     7.1142    24.0888   12.45385 2.9210e+01      8.265 0.0000e+00
        352 133.600379    0.02438     1.4625     87.750  1024.1437  49118.574    30.8074      8.458    6.92305     7.0769     7.1048    24.1044   12.45474 2.7243e+01      8.538 0.0000e+00
        353 133.600382    0.02444     1.4667     88.000  1024.1631  49152.103    30.8285      8.725    6.92402     7.0595     7.0927    24.1225   12.45608 2.5381e+01      8.808 0.0000e+00
        354 133.600385    0.02451     1.4708     88.250  1024.1843  49189.019    30.8515      8.992    6.92537     7.0414     7.0777    24.1426   12.45803 2.3616e+01      9.078 0.0000e+00
        355 133.600388    0.02458     1.4750     88.500  1024.2055  49225.800    30.8739      9.260    6.92712     7.0234     7.0604    24.1625   12.46064 2.1943e+01      9.348 0.0000e+00
        356 133.600391    0.02465     1.4792     88.750  1024.2250  49259.512    30.8941      9.531    6.92910     7.0057     7.0423    24.1807   12.46365 2.0360e+01      9.621 0.0000e+00
        357 133.600394    0.02472     1.4833     89.000  1024.2428  49290.087    30.9122      9.803    6.93116     6.9887     7.0243    24.1972   12.46684 1.8863e+01      9.896 0.0000e+00
        358 133.600396    0.02479     1.4875     89.250  1024.2595  49318.584    30.9288     10.077    6.93324     6.9725     7.0066    24.2126   12.47007 1.7455e+01     10.172 0.0000e+00
        359 133.600399    0.02486     1.4917     89.500  1024.2750  49345.053    30.9441     10.351    6.93526     6.9571     6.9896    24.2269   12.47323 1.6133e+01     10.449 0.0000e+00
        360 133.600402    0.02493     1.4958     89.750  1024.2894  49369.417    30.9581     10.628    6.93721     6.9425     6.9735    24.2400   12.47627 1.4887e+01     10.728 0.0000e+00
        361 133.600405    0.02500     1.5000     90.000  1024.3029  49392.126    30.9711     10.909    6.93909     6.9290     6.9581    24.2522   12.47921 1.3710e+01     11.012 0.0000e+00
        362 133.600408    0.02507     1.5042     90.250  1024.3157  49413.550    30.9833     11.194    6.94087     6.9175     6.9435    24.2637   12.48201 1.2609e+01     11.300 0.0000e+00
        363 133.600411    0.02514     1.5083     90.500  1024.3278  49433.530    30.9947     11.481    6.94251     6.9085     6.9300    24.2744   12.48457 1.1591e+01     11.590 0.0000e+00
        364 133.600414    0.02521     1.5125     90.750  1024.3385  49451.044    31.0047     11.768    6.94390     6.9021     6.9185    24.2838   12.48674 1.0655e+01     11.880 0.0000e+00
        365 133.600417    0.02528     1.5167     91.000  1024.3473  49465.042    31.0128     12.054    6.94496     6.8976     6.9096    24.2913   12.48840 9.7963e+00     12.168 0.0000e+00
        366 133.600420    0.02535     1.5208     91.250  1024.3542  49475.660    31.0189     12.338    6.94572     6.8946     6.9031    24.2969   12.48958 9.0054e+00     12.455 0.0000e+00
        367 133.600422    0.02542     1.5250     91.500  1024.3600  49484.046    31.0238     12.623    6.94622     6.8930     6.8986    24.3013   12.49034 8.2692e+00     12.742 0.0000e+00
        368 133.600425    0.02549     1.5292     91.750  1024.3652  49491.414    31.0283     12.910    6.94649     6.8926     6.8957    24.3052   12.49073 7.5811e+00     13.032 0.0000e+00
        369 133.600428    0.02556     1.5333     92.000  1024.3702  49498.277    31.0326     13.200    6.94654     6.8932     6.8941    24.3089   12.49076 6.9427e+00     13.324 0.0000e+00
        370 133.600431    0.02562     1.5375     92.250  1024.3745  49503.949    31.0364     13.491    6.94643     6.8943     6.8938    24.3119   12.49052 6.3541e+00     13.618 0.0000e+00
        371 133.600434    0.02569     1.5417     92.500  1024.3778  49507.620    31.0389     13.784    6.94621     6.8953     6.8944    24.3138   12.49013 5.8118e+00     13.914 0.0000e+00
        372 133.600437    0.02576     1.5458     92.750  1024.3802  49509.684    31.0404     14.079    6.94597     6.8960     6.8955    24.3148   12.48973 5.3121e+00     14.213 0.0000e+00
        373 133.600440    0.02583     1.5500     93.000  1024.3823  49511.060    31.0413     14.377    6.94577     6.8963     6.8965    24.3154   12.48937 4.8537e+00     14.513 0.0000e+00
        374 133.600443    0.02590     1.5542     93.250  1024.3844  49512.588    31.0424     14.673    6.94560     6.8964     6.8972    24.3162   12.48908 4.4391e+00     14.812 0.0000e+00
        375 133.600446    0.02597     1.5583     93.500  1024.3869  49514.950    31.0440     14.965    6.94546     6.8962     6.8976    24.3173   12.48883 4.0671e+00     15.106 0.0000e+00
        376 133.600448    0.02604     1.5625     93.750  1024.3901  49518.549    31.0464     15.252    6.94534     6.8960     6.8977    24.3192   12.48860 3.7304e+00     15.397 0.0000e+00
        377 133.600451    0.02611     1.5667     94.000  1024.3943  49523.859    31.0499     15.538    6.94520     6.8959     6.8976    24.3220   12.48833 3.4225e+00     15.685 0.0000e+00
        378 133.600454    0.02618     1.5708     94.250  1024.3997  49531.436    31.0550     15.824    6.94501     6.8965     6.8974    24.3261   12.48794 3.1403e+00     15.974 0.0000e+00
        379 133.600457    0.02625     1.5750     94.500  1024.4065  49541.742    31.0620     16.110    6.94470     6.8982     6.8973    24.3316   12.48735 2.8819e+00     16.262 0.0000e+00
        380 133.600460    0.02632     1.5792     94.750  1024.4146  49554.180    31.0706     16.395    6.94421     6.9009     6.8979    24.3383   12.48643 2.6453e+00     16.551 0.0000e+00
        381 133.600463    0.02639     1.5833     95.000  1024.4223  49566.092    31.0790     16.681    6.94355     6.9041     6.8996    24.3447   12.48522 2.4288e+00     16.839 0.0000e+00
        382 133.600466    0.02646     1.5875     95.250  1024.4283  49574.779    31.0854     16.967    6.94281     6.9074     6.9023    24.3494   12.48393 2.2318e+00     17.128 0.0000e+00
        383 133.600469    0.02653     1.5917     95.500  1024.4323  49579.792    31.0893     17.252    6.94211     6.9106     6.9056    24.3520   12.48272 2.0540e+00     17.416 0.0000e+00
        384 133.600472    0.02660     1.5958     95.750  1024.4348  49582.064    31.0913     17.535    6.94147     6.9136     6.9090    24.3532   12.48165 1.8940e+00     17.701 0.0000e+00
        385 133.600475    0.02667     1.6000     96.000  1024.4364  49582.870    31.0923     17.813    6.94091     6.9164     6.9122    24.3536   12.48070 1.7503e+00     17.982 0.0000e+00
        386 133.600477    0.02674     1.6042     96.250  1024.4376  49582.851    31.0927     18.085    6.94042     6.9190     6.9152    24.3535   12.47988 1.6210e+00     18.256 0.0000e+00
        387 133.600480    0.02681     1.6083     96.500  1024.4382  49581.899    31.0924     18.351    6.93998     6.9216     6.9180    24.3529   12.47916 1.5037e+00     18.525 0.0000e+00
        388 133.600483    0.02688     1.6125     96.750  1024.4389  49580.935    31.0921     18.614    6.93957     6.9243     6.9206    24.3523   12.47848 1.3960e+00     18.791 0.0000e+00
        389 133.600486    0.02694     1.6167     97.000  1024.4398  49580.600    31.0922     18.875    6.93915     6.9272     6.9232    24.3521   12.47778 1.2961e+00     19.055 0.0000e+00
        390 133.600489    0.02701     1.6208     97.250  1024.4411  49580.797    31.0927     19.136    6.93869     6.9304     6.9260    24.3521   12.47701 1.2033e+00     19.318 0.0000e+00
        391 133.600492    0.02708     1.6250     97.500  1024.4431  49582.353    31.0942     19.398    6.93816     6.9340     6.9288    24.3529   12.47612 1.1174e+00     19.582 0.0000e+00
        392 133.600495    0.02715     1.6292     97.750  1024.4449  49583.655    31.0955     19.658    6.93757     6.9369     6.9321    24.3535   12.47514 1.0386e+00     19.845 0.0000e+00
        393 133.600498    0.02722     1.6333     98.000  1024.4447  49581.299    31.0944     19.916    6.93705     6.9385     6.9357    24.3522   12.47429 9.6688e-01     20.105 0.0000e+00
        394 133.600501    0.02729     1.6375     98.250  1024.4434  49576.833    31.0917     20.169    6.93670     6.9393     6.9386    24.3497   12.47374 9.0190e-01     20.360 0.0000e+00
        395 133.600503    0.02736     1.6417     98.500  1024.4436  49575.282    31.0907     20.417    6.93648     6.9408     6.9402    24.3487   12.47339 8.4266e-01     20.611 0.0000e+00
        396 133.600506    0.02743     1.6458     98.750  1024.4463  49578.263    31.0928     20.661    6.93625     6.9438     6.9411    24.3503   12.47298 7.8811e-01     20.857 0.0000e+00
        397 133.600509    0.02750     1.6500     99.000  1024.4504  49583.802    31.0968     20.903    6.93582     6.9482     6.9426    24.3533   12.47223 7.3711e-01     21.102 0.0000e+00
        398 133.600512    0.02757     1.6542     99.250  1024.4541  49588.623    31.1006     21.147    6.93516     6.9528     6.9457    24.3558   12.47110 6.8876e-01     21.348 0.0000e+00
        399 133.600515    0.02764     1.6583     99.500  1024.4553  49588.949    31.1015     21.395    6.93441     6.9560     6.9501    24.3559   12.46984 6.4278e-01     21.598 0.0000e+00
        400 133.600518    0.02771     1.6625     99.750  1024.4544  49585.119    31.0995     21.647    6.93377     6.9576     6.9547    24.3538   12.46880 5.9924e-01     21.853 0.0000e+00
        401 133.600521    0.02778     1.6667    100.000  1024.4534  49581.338    31.0973     21.904    6.93335     6.9580     6.9579    24.3517   12.46813 5.5818e-01     22.112 0.0000e+00
        402 133.600524    0.02785     1.6708    100.250  1024.4537  49579.747    31.0964     22.164    6.93314     6.9579     6.9595    24.3507   12.46780 5.1970e-01     22.374 0.0000e+00
        403 133.600527    0.02792     1.6750    100.500  1024.4548  49579.764    31.0964     22.427    6.93306     6.9574     6.9600    24.3506   12.46767 4.8391e-01     22.639 0.0000e+00
        404 133.600530    0.02799     1.6792    100.750  1024.4562  49580.214    31.0966     22.691    6.93307     6.9563     6.9599    24.3508   12.46768 4.5061e-01     22.906 0.0000e+00
        405 133.600532    0.02806     1.6833    101.000  1024.4575  49580.462    31.0965     22.959    6.93315     6.9543     6.9594    24.3508   12.46782 4.1943e-01     23.176 0.0000e+00
        406 133.600535    0.02813     1.6875    101.250  1024.4590  49580.970    31.0965     23.230    6.93333     6.9516     6.9582    24.3510   12.46812 3.9017e-01     23.450 0.0000e+00
        407 133.600538    0.02819     1.6917    101.500  1024.4610  49582.605    31.0972     23.506    6.93362     6.9486     6.9563    24.3518   12.46857 3.6272e-01     23.729 0.0000e+00
        408 133.600541    0.02826     1.6958    101.750  1024.4638  49585.407    31.0986     23.788    6.93398     6.9457     6.9536    24.3532   12.46915 3.3695e-01     24.013 0.0000e+00
        409 133.600544    0.02833     1.7000    102.000  1024.4668  49588.688    31.1002     24.075    6.93438     6.9428     6.9507    24.3549   12.46980 3.1284e-01     24.304 0.0000e+00
        410 133.600547    0.02840     1.7042    102.250  1024.4699  49592.174    31.1020     24.368    6.93476     6.9397     6.9478    24.3566   12.47041 2.9044e-01     24.600 0.0000e+00
        411 133.600550    0.02847     1.7083    102.500  1024.4734  49596.290    31.1042     24.665    6.93512     6.9361     6.9449    24.3587   12.47097 2.6979e-01     24.900 0.0000e+00
        412 133.600553    0.02854     1.7125    102.750  1024.4775  49601.445    31.1071     24.964    6.93547     6.9317     6.9419    24.3614   12.47152 2.5087e-01     25.201 0.0000e+00
        413 133.600556    0.02861     1.7167    103.000  1024.4822  49607.792    31.1107     25.262    6.93589     6.9266     6.9383    24.3648   12.47216 2.3361e-01     25.502 0.0000e+00
        414 133.600558    0.02868     1.7208    103.250  1024.4873  49614.892    31.1147     25.559    6.93641     6.9207     6.9339    24.3685   12.47297 2.1787e-01     25.802 0.0000e+00
        415 133.600561    0.02875     1.7250    103.500  1024.4921  49621.523    31.1183     25.856    6.93706     6.9137     6.9288    24.3720   12.47400 2.0350e-01     26.102 0.0000e+00
        416 133.600564    0.02882     1.7292    103.750  1024.4961  49626.501    31.1207     26.153    6.93789     6.9048     6.9230    24.3746   12.47535 1.9037e-01     26.401 0.0000e+00
        417 133.600567    0.02889     1.7333    104.000  1024.4992  49629.936    31.1217     26.451    6.93897     6.8936     6.9160    24.3763   12.47711 1.7835e-01     26.702 0.0000e+00
        418 133.600570    0.02896     1.7375    104.250  1024.5021  49632.943    31.1221     26.749    6.94037     6.8802     6.9071    24.3777   12.47944 1.6734e-01     27.003 0.0000e+00
        419 133.600573    0.02903     1.7417    104.500  1024.5055  49637.048    31.1228     27.047    6.94214     6.8658     6.8959    24.3798   12.48235 1.5727e-01     27.304 0.0000e+00
        420 133.600576    0.02910     1.7458    104.750  1024.5105  49644.131    31.1253     27.345    6.94417     6.8518     6.8826    24.3834   12.48568 1.4807e-01     27.605 0.0000e+00
        421 133.600579    0.02917     1.7500    105.000  1024.5170  49653.896    31.1294     27.641    6.94629     6.8389     6.8682    24.3885   12.48913 1.3966e-01     27.904 0.0000e+00
        422 133.600582    0.02924     1.7542    105.250  1024.5239  49664.406    31.1341     27.936    6.94834     6.8276     6.8542    24.3940   12.49245 1.3194e-01     28.202 0.0000e+00
        423 133.600584    0.02931     1.7583    105.500  1024.5309  49675.203    31.1392     28.231    6.95018     6.8183     6.8413    24.3996   12.49543 1.2484e-01     28.500 0.0000e+00
        424 133.600587    0.02937     1.7625    105.750  1024.5379  49685.936    31.1445     28.528    6.95174     6.8109     6.8301    24.4053   12.49796 1.1830e-01     28.799 0.0000e+00
        425 133.600590    0.02944     1.7667    106.000  1024.5444  49695.581    31.1495     28.825    6.95301     6.8051     6.8208    24.4103   12.49999 1.1228e-01     29.099 0.0000e+00
