CTD-processing/allCTD/CNV--homogene/2016_02-09_t9_s09_cast095.cnv
* Sea-Bird SBE19plus Data File:
* FileName = C:\Users\Kris.Holderied\Documents\kasitsna\Research-KBL\Oceanography-AK\CTD-Data-ALL-to-2016-02\2016-CTD-KachemakBay-CookInlet\2016-02-CookInlet-quarterly\2016-02-09-CookInlet-Tran9-HomerSpit\2016-02-09-CookInlet-Tran9-cast095.hex
* Software Version 1.59
* Temperature SN =  5028
* Conductivity SN =  5028
* System UpLoad Time = Feb 13 2016 19:13:03
** Cook Inlet LTM Tran9 Homer Spit south to north

** Date: 02-09
** Station: 9-09
** Start time (AKST): 14:59
** Depth (m): 86
** Comment:  R/V Pandalus
** Comment:
# nquan = 17
# nvalues = 583                         
# units = specified
# name 0 = scan: Scan Count
# name 1 = timeJ: Julian Days
# name 2 = timeH: Time, Elapsed [hours]
# name 3 = timeM: Time, Elapsed [minutes]
# name 4 = timeS: Time, Elapsed [seconds]
# name 5 = density00: Density [density, kg/m^3]
# name 6 = specc: Specific Conductance [uS/cm]
# name 7 = sal00: Salinity, Practical [PSU]
# name 8 = depSM: Depth [salt water, m], lat = 59.00
# name 9 = oxsolML/L: Oxygen Saturation, Garcia & Gordon [ml/l]
# name 10 = potemp090C: Potential Temperature [ITS-90, deg C]
# name 11 = tv290C: Temperature [ITS-90, deg C]
# name 12 = sigma-é00: Density [sigma-theta, kg/m^3]
# name 13 = n2satML/L: Nitrogen Saturation [ml/l]
# name 14 = par: PAR/Irradiance, Biospherical/Licor
# name 15 = prdM: Pressure, Strain Gauge [db]
# name 16 = flag:  0.000e+00
# span 0 =          1,        583       
# span 1 =  40.622257,  40.623941       
# span 2 =    0.00000,    0.04042       
# span 3 =     0.0000,     2.4250       
# span 4 =      0.000,    145.500       
# span 5 =  1001.0952,  1025.0498       
# span 6 =   2803.132,  50197.473       
# span 7 =     1.4303,    31.3712       
# span 8 =     -0.078,     85.086       
# span 9 =    7.03204,    8.71956       
# span 10 =     5.5774,     6.2659      
# span 11 =     5.5772,     6.2729      
# span 12 =     1.0956,    24.6546      
# span 13 =   12.62784,   15.86860      
# span 14 = 3.7979e-02, 7.0986e+02      
# span 15 =     -0.079,     85.907      
# span 16 = 0.0000e+00, 0.0000e+00      
# interval = seconds: 0.25
# start_time = Feb 09 2016 14:56:03 [Instrument's time stamp, header]
# bad_flag = -9.990e-29
*END*
[from data line 511]
        512  40.623736    0.03549     2.1292    127.750  1024.9427  50163.255    31.3393     64.933    7.04851     6.1804     6.1817    24.6399   12.65545 3.8247e-02     65.556 0.0000e+00
        513  40.623738    0.03556     2.1333    128.000  1024.9437  50162.838    31.3393     65.215    7.04815     6.1821     6.1839    24.6396   12.65485 3.8288e-02     65.841 0.0000e+00
        514  40.623741    0.03562     2.1375    128.250  1024.9453  50163.383    31.3398     65.499    7.04781     6.1839     6.1858    24.6399   12.65430 3.8327e-02     66.128 0.0000e+00
        515  40.623744    0.03569     2.1417    128.500  1024.9474  50164.808    31.3410     65.784    7.04747     6.1859     6.1875    24.6406   12.65372 3.8352e-02     66.416 0.0000e+00
        516  40.623747    0.03576     2.1458    128.750  1024.9495  50166.338    31.3423     66.071    7.04711     6.1879     6.1893    24.6414   12.65310 3.8365e-02     66.705 0.0000e+00
        517  40.623750    0.03583     2.1500    129.000  1024.9512  50167.231    31.3432     66.360    7.04674     6.1898     6.1914    24.6418   12.65248 3.8372e-02     66.996 0.0000e+00
        518  40.623753    0.03590     2.1542    129.250  1024.9527  50167.501    31.3436     66.650    7.04638     6.1915     6.1934    24.6419   12.65189 3.8377e-02     67.289 0.0000e+00
        519  40.623756    0.03597     2.1583    129.500  1024.9541  50167.686    31.3439     66.943    7.04606     6.1932     6.1953    24.6420   12.65134 3.8377e-02     67.585 0.0000e+00
        520  40.623759    0.03604     2.1625    129.750  1024.9558  50168.359    31.3446     67.240    7.04574     6.1950     6.1970    24.6423   12.65081 3.8379e-02     67.885 0.0000e+00
        521  40.623762    0.03611     2.1667    130.000  1024.9579  50169.733    31.3457     67.542    7.04541     6.1971     6.1987    24.6429   12.65025 3.8389e-02     68.190 0.0000e+00
        522  40.623764    0.03618     2.1708    130.250  1024.9603  50171.647    31.3473     67.847    7.04504     6.1995     6.2005    24.6439   12.64961 3.8402e-02     68.498 0.0000e+00
        523  40.623767    0.03625     2.1750    130.500  1024.9631  50174.161    31.3492     68.155    7.04460     6.2026     6.2026    24.6453   12.64886 3.8406e-02     68.809 0.0000e+00
        524  40.623770    0.03632     2.1792    130.750  1024.9664  50177.683    31.3520     68.463    7.04407     6.2063     6.2051    24.6472   12.64794 3.8398e-02     69.120 0.0000e+00
        525  40.623773    0.03639     2.1833    131.000  1024.9700  50181.838    31.3553     68.770    7.04341     6.2106     6.2081    24.6494   12.64681 3.8403e-02     69.430 0.0000e+00
        526  40.623776    0.03646     2.1875    131.250  1024.9733  50185.208    31.3582     69.072    7.04265     6.2150     6.2119    24.6512   12.64552 3.8440e-02     69.735 0.0000e+00
        527  40.623779    0.03653     2.1917    131.500  1024.9757  50187.201    31.3603     69.369    7.04184     6.2193     6.2162    24.6523   12.64416 3.8484e-02     70.035 0.0000e+00
        528  40.623782    0.03660     2.1958    131.750  1024.9776  50188.202    31.3617     69.659    7.04104     6.2233     6.2207    24.6529   12.64282 3.8512e-02     70.328 0.0000e+00
        529  40.623785    0.03667     2.2000    132.000  1024.9790  50188.187    31.3624     69.943    7.04029     6.2267     6.2250    24.6529   12.64157 3.8533e-02     70.615 0.0000e+00
        530  40.623788    0.03674     2.2042    132.250  1024.9798  50187.290    31.3624     70.223    7.03963     6.2296     6.2290    24.6525   12.64048 3.8550e-02     70.898 0.0000e+00
        531  40.623791    0.03681     2.2083    132.500  1024.9805  50186.314    31.3622     70.500    7.03906     6.2320     6.2325    24.6519   12.63955 3.8553e-02     71.178 0.0000e+00
        532  40.623793    0.03687     2.2125    132.750  1024.9816  50185.944    31.3624     70.776    7.03858     6.2343     6.2354    24.6517   12.63875 3.8542e-02     71.457 0.0000e+00
        533  40.623796    0.03694     2.2167    133.000  1024.9830  50186.184    31.3629     71.053    7.03815     6.2365     6.2379    24.6518   12.63803 3.8525e-02     71.736 0.0000e+00
        534  40.623799    0.03701     2.2208    133.250  1024.9845  50186.700    31.3636     71.331    7.03774     6.2386     6.2401    24.6521   12.63735 3.8502e-02     72.017 0.0000e+00
        535  40.623802    0.03708     2.2250    133.500  1024.9861  50187.296    31.3642     71.612    7.03735     6.2406     6.2423    24.6523   12.63669 3.8477e-02     72.301 0.0000e+00
        536  40.623805    0.03715     2.2292    133.750  1024.9876  50187.689    31.3648     71.896    7.03697     6.2424     6.2445    24.6525   12.63606 3.8462e-02     72.588 0.0000e+00
        537  40.623808    0.03722     2.2333    134.000  1024.9888  50187.547    31.3649     72.186    7.03663     6.2439     6.2465    24.6524   12.63549 3.8443e-02     72.880 0.0000e+00
        538  40.623811    0.03729     2.2375    134.250  1024.9899  50187.165    31.3649     72.481    7.03632     6.2453     6.2483    24.6521   12.63499 3.8405e-02     73.178 0.0000e+00
        539  40.623814    0.03736     2.2417    134.500  1024.9913  50187.308    31.3651     72.780    7.03605     6.2467     6.2499    24.6521   12.63454 3.8378e-02     73.480 0.0000e+00
        540  40.623817    0.03743     2.2458    134.750  1024.9929  50187.732    31.3655     73.083    7.03580     6.2479     6.2514    24.6523   12.63411 3.8388e-02     73.786 0.0000e+00
        541  40.623819    0.03750     2.2500    135.000  1024.9944  50187.878    31.3657     73.388    7.03557     6.2490     6.2527    24.6523   12.63373 3.8413e-02     74.094 0.0000e+00
        542  40.623822    0.03757     2.2542    135.250  1024.9960  50188.324    31.3661     73.695    7.03534     6.2502     6.2539    24.6524   12.63336 3.8438e-02     74.404 0.0000e+00
        543  40.623825    0.03764     2.2583    135.500  1024.9978  50189.220    31.3668     74.001    7.03512     6.2513     6.2551    24.6528   12.63298 3.8465e-02     74.713 0.0000e+00
        544  40.623828    0.03771     2.2625    135.750  1024.9993  50189.526    31.3671     74.304    7.03491     6.2522     6.2563    24.6529   12.63263 3.8478e-02     75.019 0.0000e+00
        545  40.623831    0.03778     2.2667    136.000  1025.0003  50188.956    31.3668     74.603    7.03473     6.2529     6.2575    24.6525   12.63234 3.8473e-02     75.321 0.0000e+00
        546  40.623834    0.03785     2.2708    136.250  1025.0014  50188.772    31.3667     74.896    7.03459     6.2537     6.2584    24.6524   12.63210 3.8468e-02     75.617 0.0000e+00
        547  40.623837    0.03792     2.2750    136.500  1025.0031  50189.556    31.3673     75.184    7.03444     6.2546     6.2591    24.6527   12.63185 3.8472e-02     75.908 0.0000e+00
        548  40.623840    0.03799     2.2792    136.750  1025.0048  50190.387    31.3679     75.469    7.03428     6.2555     6.2599    24.6531   12.63157 3.8480e-02     76.196 0.0000e+00
        549  40.623843    0.03806     2.2833    137.000  1025.0063  50190.707    31.3681     75.753    7.03412     6.2563     6.2608    24.6532   12.63130 3.8481e-02     76.482 0.0000e+00
        550  40.623845    0.03812     2.2875    137.250  1025.0076  50190.841    31.3683     76.036    7.03397     6.2570     6.2617    24.6532   12.63105 3.8470e-02     76.767 0.0000e+00
        551  40.623848    0.03819     2.2917    137.500  1025.0090  50191.164    31.3685     76.320    7.03382     6.2578     6.2626    24.6533   12.63080 3.8459e-02     77.054 0.0000e+00
        552  40.623851    0.03826     2.2958    137.750  1025.0105  50191.616    31.3688     76.606    7.03367     6.2585     6.2634    24.6534   12.63056 3.8453e-02     77.343 0.0000e+00
        553  40.623854    0.03833     2.3000    138.000  1025.0118  50191.829    31.3690     76.896    7.03354     6.2591     6.2641    24.6535   12.63033 3.8448e-02     77.636 0.0000e+00
        554  40.623857    0.03840     2.3042    138.250  1025.0131  50191.788    31.3689     77.191    7.03341     6.2596     6.2649    24.6534   12.63013 3.8454e-02     77.934 0.0000e+00
        555  40.623860    0.03847     2.3083    138.500  1025.0144  50191.836    31.3689     77.492    7.03331     6.2601     6.2655    24.6533   12.62996 3.8479e-02     78.238 0.0000e+00
        556  40.623863    0.03854     2.3125    138.750  1025.0159  50192.094    31.3691     77.800    7.03322     6.2605     6.2660    24.6533   12.62980 3.8510e-02     78.549 0.0000e+00
        557  40.623866    0.03861     2.3167    139.000  1025.0174  50192.474    31.3693     78.113    7.03313     6.2610     6.2665    24.6534   12.62965 3.8534e-02     78.865 0.0000e+00
        558  40.623869    0.03868     2.3208    139.250  1025.0190  50192.780    31.3694     78.429    7.03304     6.2614     6.2670    24.6535   12.62950 3.8547e-02     79.184 0.0000e+00
        559  40.623872    0.03875     2.3250    139.500  1025.0204  50192.856    31.3694     78.746    7.03296     6.2617     6.2675    24.6534   12.62937 3.8548e-02     79.504 0.0000e+00
        560  40.623874    0.03882     2.3292    139.750  1025.0217  50192.725    31.3693     79.062    7.03290     6.2619     6.2679    24.6533   12.62927 3.8539e-02     79.823 0.0000e+00
        561  40.623877    0.03889     2.3333    140.000  1025.0229  50192.431    31.3690     79.374    7.03285     6.2619     6.2683    24.6530   12.62920 3.8519e-02     80.138 0.0000e+00
        562  40.623880    0.03896     2.3375    140.250  1025.0240  50192.109    31.3687     79.679    7.03283     6.2619     6.2685    24.6527   12.62917 3.8493e-02     80.446 0.0000e+00
        563  40.623883    0.03903     2.3417    140.500  1025.0252  50191.905    31.3684     79.974    7.03283     6.2617     6.2685    24.6525   12.62918 3.8469e-02     80.745 0.0000e+00
        564  40.623886    0.03910     2.3458    140.750  1025.0264  50191.794    31.3682     80.258    7.03285     6.2615     6.2685    24.6524   12.62921 3.8454e-02     81.031 0.0000e+00
        565  40.623889    0.03917     2.3500    141.000  1025.0275  50191.689    31.3680     80.531    7.03289     6.2612     6.2683    24.6522   12.62927 3.8459e-02     81.307 0.0000e+00
        566  40.623892    0.03924     2.3542    141.250  1025.0286  50191.673    31.3678     80.796    7.03293     6.2610     6.2681    24.6521   12.62935 3.8479e-02     81.574 0.0000e+00
        567  40.623895    0.03931     2.3583    141.500  1025.0300  50192.164    31.3680     81.056    7.03296     6.2611     6.2679    24.6523   12.62940 3.8496e-02     81.836 0.0000e+00
        568  40.623898    0.03938     2.3625    141.750  1025.0317  50193.330    31.3686     81.314    7.03296     6.2613     6.2677    24.6528   12.62939 3.8502e-02     82.098 0.0000e+00
        569  40.623900    0.03944     2.3667    142.000  1025.0335  50194.579    31.3694     81.577    7.03292     6.2618     6.2678    24.6534   12.62931 3.8494e-02     82.363 0.0000e+00
        570  40.623903    0.03951     2.3708    142.250  1025.0352  50195.437    31.3699     81.847    7.03285     6.2623     6.2681    24.6538   12.62918 3.8480e-02     82.636 0.0000e+00
        571  40.623906    0.03958     2.3750    142.500  1025.0368  50196.169    31.3704     82.125    7.03275     6.2629     6.2685    24.6541   12.62901 3.8466e-02     82.917 0.0000e+00
        572  40.623909    0.03965     2.3792    142.750  1025.0385  50196.955    31.3709     82.412    7.03264     6.2637     6.2691    24.6544   12.62881 3.8455e-02     83.207 0.0000e+00
        573  40.623912    0.03972     2.3833    143.000  1025.0400  50197.443    31.3712     82.708    7.03251     6.2643     6.2698    24.6546   12.62860 3.8441e-02     83.505 0.0000e+00
        574  40.623915    0.03979     2.3875    143.250  1025.0413  50197.473    31.3712     83.011    7.03238     6.2649     6.2705    24.6545   12.62839 3.8425e-02     83.811 0.0000e+00
        575  40.623918    0.03986     2.3917    143.500  1025.0426  50197.290    31.3711     83.319    7.03227     6.2653     6.2712    24.6543   12.62822 3.8416e-02     84.122 0.0000e+00
        576  40.623921    0.03993     2.3958    143.750  1025.0438  50197.114    31.3709     83.628    7.03219     6.2655     6.2718    24.6541   12.62808 3.8407e-02     84.434 0.0000e+00
        577  40.623924    0.04000     2.4000    144.000  1025.0451  50197.057    31.3708     83.930    7.03213     6.2657     6.2722    24.6540   12.62798 3.8399e-02     84.740 0.0000e+00
        578  40.623927    0.04007     2.4042    144.250  1025.0463  50197.069    31.3707     84.220    7.03209     6.2659     6.2725    24.6539   12.62791 3.8396e-02     85.032 0.0000e+00
        579  40.623929    0.04014     2.4083    144.500  1025.0475  50196.983    31.3706     84.488    7.03206     6.2659     6.2727    24.6538   12.62786 3.8392e-02     85.303 0.0000e+00
        580  40.623932    0.04021     2.4125    144.750  1025.0484  50196.769    31.3704     84.724    7.03204     6.2659     6.2728    24.6536   12.62784 3.8385e-02     85.541 0.0000e+00
        581  40.623935    0.04028     2.4167    145.000  1025.0491  50196.573    31.3702     84.915    7.03204     6.2659     6.2729    24.6534   12.62784 3.8375e-02     85.734 0.0000e+00
        582  40.623938    0.04035     2.4208    145.250  1025.0496  50196.497    31.3700     85.041    7.03204 -9.990e-29     6.2729    24.6533   12.62785 3.8370e-02     85.862 0.0000e+00
        583  40.623941    0.04042     2.4250    145.500  1025.0498  50196.490    31.3700     85.086    7.03204 -9.990e-29     6.2729    24.6533   12.62785 3.8370e-02     85.907 0.0000e+00
