CTD-processing/allCTD/CNV--homogene/2016_01-07_t9_s07_cast064.cnv
* Sea-Bird SBE19plus Data File:
* FileName = C:\Users\Kris.Holderied\Documents\kasitsna\Research-KBL\Oceanography-AK\CTD-Data-ALL-to-2015-10\2016-CTD-KachemakBay-CookInlet\2016-01-07-CookInlet-HomerSpit-monthly-plus\2016-01-07-CookInlet-Tran9-plus-cast064.hex
* Software Version 1.59
* Temperature SN =  5028
* Conductivity SN =  5028
* System UpLoad Time = Feb 09 2016 07:57:35
** Cook Inlet LTM Tran9 Homer Spit
** Date (YYYY-MM-DD): 2016-01-07
** Station (ie. 9-01): 9-07
** Start time (AKST): 12:37
** Depth (m): 103.3
** Comment: R/V Edgecumbe
** Comment:
# nquan = 17
# nvalues = 679                         
# units = specified
# name 0 = scan: Scan Count
# name 1 = timeJ: Julian Days
# name 2 = timeH: Time, Elapsed [hours]
# name 3 = timeM: Time, Elapsed [minutes]
# name 4 = timeS: Time, Elapsed [seconds]
# name 5 = density00: Density [density, kg/m^3]
# name 6 = specc: Specific Conductance [uS/cm]
# name 7 = sal00: Salinity, Practical [PSU]
# name 8 = depSM: Depth [salt water, m], lat = 59.00
# name 9 = oxsolML/L: Oxygen Saturation, Garcia & Gordon [ml/l]
# name 10 = potemp090C: Potential Temperature [ITS-90, deg C]
# name 11 = tv290C: Temperature [ITS-90, deg C]
# name 12 = sigma-é00: Density [sigma-theta, kg/m^3]
# name 13 = n2satML/L: Nitrogen Saturation [ml/l]
# name 14 = par: PAR/Irradiance, Biospherical/Licor
# name 15 = prdM: Pressure, Strain Gauge [db]
# name 16 = flag:  0.000e+00
# span 0 =          1,        679       
# span 1 =   7.526111,   7.528073       
# span 2 =    0.00000,    0.04708       
# span 3 =     0.0000,     2.8250       
# span 4 =      0.000,    169.500       
# span 5 =  1000.2984,  1025.0557       
# span 6 =    850.936,  50135.018       
# span 7 =     0.4077,    31.3886       
# span 8 =     -0.088,     92.648       
# span 9 =    6.97413,    8.99378       
# span 10 =     3.8667,     6.6148      
# span 11 =     3.8667,     6.6226      
# span 12 =     0.2989,    24.6248      
# span 13 =   12.53189,   16.34536      
# span 14 = 3.7976e-02, 8.5901e+01      
# span 15 =     -0.089,     93.544      
# span 16 = 0.0000e+00, 0.0000e+00      
# interval = seconds: 0.25
# start_time = Jan 07 2016 12:37:36 [Instrument's time stamp, header]
# bad_flag = -9.990e-29
*END*
[from data line 256]
        257   7.526852    0.01778     1.0667     64.000  1022.6092  46574.438    28.4829      0.645    7.57050     3.9891     4.0011    22.6060   13.55549 2.9575e+01      0.651 0.0000e+00
        258   7.526855    0.01785     1.0708     64.250  1022.6047  46566.794    28.4769      0.648    7.57164     3.9768     3.9966    22.6016   13.55745 2.9494e+01      0.654 0.0000e+00
        259   7.526858    0.01792     1.0750     64.500  1022.5978  46554.962    28.4673      0.654    7.57352     3.9587     3.9891    22.5947   13.56069 2.9202e+01      0.660 0.0000e+00
        260   7.526861    0.01799     1.0792     64.750  1022.5896  46541.456    28.4556      0.660    7.57641     3.9368     3.9769    22.5865   13.56563 2.9009e+01      0.666 0.0000e+00
        261   7.526863    0.01806     1.0833     65.000  1022.5857  46536.914    28.4487      0.663    7.58015     3.9163     3.9587    22.5825   13.57190 2.9102e+01      0.670 0.0000e+00
        262   7.526866    0.01812     1.0875     65.250  1022.5895  46547.447    28.4511      0.662    7.58410     3.9003     3.9369    22.5864   13.57839 2.9456e+01      0.669 0.0000e+00
        263   7.526869    0.01819     1.0917     65.500  1022.5976  46565.786    28.4591      0.657    7.58753     3.8892     3.9163    22.5945   13.58396 2.9953e+01      0.664 0.0000e+00
        264   7.526872    0.01826     1.0958     65.750  1022.6054  46582.892    28.4672      0.652    7.59010     3.8821     3.9003    22.6023   13.58810 3.0279e+01      0.658 0.0000e+00
        265   7.526875    0.01833     1.1000     66.000  1022.6111  46595.323    28.4732      0.651    7.59185     3.8773     3.8893    22.6080   13.59091 3.0221e+01      0.657 0.0000e+00
        266   7.526878    0.01840     1.1042     66.250  1022.6145  46602.891    28.4768      0.657    7.59301     3.8738     3.8821    22.6114   13.59277 3.0059e+01      0.663 0.0000e+00
        267   7.526881    0.01847     1.1083     66.500  1022.6165  46607.283    28.4787      0.668    7.59380     3.8712     3.8773    22.6134   13.59406 3.0010e+01      0.674 0.0000e+00
        268   7.526884    0.01854     1.1125     66.750  1022.6181  46610.737    28.4803      0.677    7.59438     3.8697     3.8738    22.6149   13.59499 3.0006e+01      0.683 0.0000e+00
        269   7.526887    0.01861     1.1167     67.000  1022.6198  46614.262    28.4821      0.679    7.59477     3.8693     3.8712    22.6166   13.59562 3.0179e+01      0.685 0.0000e+00
        270   7.526889    0.01868     1.1208     67.250  1022.6213  46617.384    28.4838      0.672    7.59497     3.8698     3.8697    22.6181   13.59591 3.0595e+01      0.678 0.0000e+00
        271   7.526892    0.01875     1.1250     67.500  1022.6222  46619.144    28.4849      0.661    7.59498     3.8708     3.8693    22.6190   13.59592 3.1044e+01      0.667 0.0000e+00
        272   7.526895    0.01882     1.1292     67.750  1022.6222  46619.125    28.4850      0.653    7.59487     3.8715     3.8699    22.6190   13.59574 3.1264e+01      0.659 0.0000e+00
        273   7.526898    0.01889     1.1333     68.000  1022.6214  46617.640    28.4842      0.654    7.59474     3.8716     3.8708    22.6183   13.59554 3.1120e+01      0.660 0.0000e+00
        274   7.526901    0.01896     1.1375     68.250  1022.6203  46615.326    28.4829      0.663    7.59468     3.8710     3.8716    22.6172   13.59545 3.0852e+01      0.669 0.0000e+00
        275   7.526904    0.01903     1.1417     68.500  1022.6193  46613.403    28.4816      0.675    7.59472     3.8701     3.8717    22.6161   13.59554 3.0773e+01      0.682 0.0000e+00
        276   7.526907    0.01910     1.1458     68.750  1022.6191  46613.064    28.4812      0.683    7.59485     3.8696     3.8711    22.6159   13.59576 3.0904e+01      0.690 0.0000e+00
        277   7.526910    0.01917     1.1500     69.000  1022.6196  46614.131    28.4818      0.683    7.59499     3.8696     3.8702    22.6164   13.59598 3.1212e+01      0.689 0.0000e+00
        278   7.526913    0.01924     1.1542     69.250  1022.6203  46615.520    28.4826      0.674    7.59505     3.8703     3.8696    22.6171   13.59607 3.1687e+01      0.680 0.0000e+00
        279   7.526916    0.01931     1.1583     69.500  1022.6206  46616.246    28.4831      0.661    7.59501     3.8711     3.8697    22.6175   13.59600 3.2120e+01      0.667 0.0000e+00
        280   7.526918    0.01938     1.1625     69.750  1022.6204  46615.682    28.4828      0.653    7.59490     3.8716     3.8704    22.6172   13.59582 3.2262e+01      0.659 0.0000e+00
        281   7.526921    0.01944     1.1667     70.000  1022.6195  46613.910    28.4818      0.655    7.59479     3.8713     3.8712    22.6164   13.59566 3.1999e+01      0.661 0.0000e+00
        282   7.526924    0.01951     1.1708     70.250  1022.6185  46611.847    28.4805      0.666    7.59478     3.8705     3.8716    22.6153   13.59565 3.1418e+01      0.673 0.0000e+00
        283   7.526927    0.01958     1.1750     70.500  1022.6179  46610.628    28.4797      0.680    7.59487     3.8695     3.8714    22.6146   13.59581 3.0955e+01      0.687 0.0000e+00
        284   7.526930    0.01965     1.1792     70.750  1022.6179  46610.779    28.4796      0.688    7.59503     3.8689     3.8705    22.6146   13.59608 3.0918e+01      0.694 0.0000e+00
        285   7.526933    0.01972     1.1833     71.000  1022.6184  46611.887    28.4801      0.684    7.59518     3.8689     3.8696    22.6152   13.59632 3.1166e+01      0.691 0.0000e+00
        286   7.526936    0.01979     1.1875     71.250  1022.6189  46613.041    28.4808      0.670    7.59526     3.8693     3.8690    22.6158   13.59644 3.1473e+01      0.677 0.0000e+00
        287   7.526939    0.01986     1.1917     71.500  1022.6191  46613.486    28.4811      0.653    7.59525     3.8698     3.8690    22.6160   13.59641 3.1756e+01      0.660 0.0000e+00
        288   7.526942    0.01993     1.1958     71.750  1022.6188  46613.028    28.4809      0.643    7.59518     3.8701     3.8694    22.6158   13.59630 3.1980e+01      0.650 0.0000e+00
        289   7.526944    0.02000     1.2000     72.000  1022.6183  46611.983    28.4803      0.646    7.59512     3.8698     3.8699    22.6153   13.59621 3.2051e+01      0.652 0.0000e+00
        290   7.526947    0.02007     1.2042     72.250  1022.6178  46610.926    28.4796      0.658    7.59511     3.8692     3.8701    22.6147   13.59621 3.1997e+01      0.664 0.0000e+00
        291   7.526950    0.02014     1.2083     72.500  1022.6176  46610.504    28.4793      0.674    7.59517     3.8685     3.8699    22.6144   13.59631 3.2066e+01      0.680 0.0000e+00
        292   7.526953    0.02021     1.2125     72.750  1022.6179  46610.970    28.4794      0.685    7.59527     3.8681     3.8693    22.6146   13.59648 3.2317e+01      0.691 0.0000e+00
        293   7.526956    0.02028     1.2167     73.000  1022.6184  46612.031    28.4800      0.687    7.59537     3.8681     3.8686    22.6151   13.59664 3.2528e+01      0.693 0.0000e+00
        294   7.526959    0.02035     1.2208     73.250  1022.6189  46613.002    28.4806      0.681    7.59542     3.8684     3.8681    22.6156   13.59671 3.2561e+01      0.687 0.0000e+00
        295   7.526962    0.02042     1.2250     73.500  1022.6190  46613.320    28.4808      0.672    7.59541     3.8689     3.8681    22.6158   13.59669 3.2343e+01      0.678 0.0000e+00
        296   7.526965    0.02049     1.2292     73.750  1022.6189  46613.069    28.4807      0.665    7.59536     3.8693     3.8684    22.6157   13.59661 3.2017e+01      0.672 0.0000e+00
        297   7.526968    0.02056     1.2333     74.000  1022.6186  46612.598    28.4804      0.662    7.59529     3.8697     3.8689    22.6155   13.59650 3.1903e+01      0.669 0.0000e+00
        298   7.526970    0.02063     1.2375     74.250  1022.6184  46612.139    28.4802      0.662    7.59522     3.8700     3.8693    22.6153   13.59639 3.1989e+01      0.669 0.0000e+00
        299   7.526973    0.02069     1.2417     74.500  1022.6182  46611.789    28.4800      0.662    7.59517     3.8702     3.8697    22.6151   13.59630 3.2114e+01      0.668 0.0000e+00
        300   7.526976    0.02076     1.2458     74.750  1022.6181  46611.485    28.4799      0.660    7.59512     3.8705     3.8700    22.6150   13.59622 3.2258e+01      0.667 0.0000e+00
        301   7.526979    0.02083     1.2500     75.000  1022.6180  46611.131    28.4797      0.659    7.59507     3.8707     3.8702    22.6149   13.59614 3.2374e+01      0.665 0.0000e+00
        302   7.526982    0.02090     1.2542     75.250  1022.6178  46610.770    28.4796      0.659    7.59503     3.8709     3.8705    22.6147   13.59608 3.2441e+01      0.665 0.0000e+00
        303   7.526985    0.02097     1.2583     75.500  1022.6177  46610.484    28.4794      0.661    7.59499     3.8711     3.8707    22.6145   13.59602 3.2554e+01      0.667 0.0000e+00
        304   7.526988    0.02104     1.2625     75.750  1022.6176  46610.280    28.4793      0.663    7.59496     3.8711     3.8709    22.6144   13.59597 3.2753e+01      0.669 0.0000e+00
        305   7.526991    0.02111     1.2667     76.000  1022.6175  46610.156    28.4793      0.665    7.59494     3.8710     3.8711    22.6144   13.59593 3.3071e+01      0.671 0.0000e+00
        306   7.526994    0.02118     1.2708     76.250  1022.6175  46610.077    28.4792      0.663    7.59493     3.8708     3.8711    22.6143   13.59592 3.3510e+01      0.669 0.0000e+00
        307   7.526997    0.02125     1.2750     76.500  1022.6174  46610.072    28.4792      0.660    7.59495     3.8705     3.8710    22.6143   13.59595 3.3855e+01      0.666 0.0000e+00
        308   7.526999    0.02132     1.2792     76.750  1022.6175  46610.269    28.4793      0.659    7.59498     3.8702     3.8708    22.6144   13.59600 3.3924e+01      0.665 0.0000e+00
        309   7.527002    0.02139     1.2833     77.000  1022.6177  46610.608    28.4795      0.661    7.59503     3.8699     3.8705    22.6145   13.59608 3.3860e+01      0.667 0.0000e+00
        310   7.527005    0.02146     1.2875     77.250  1022.6178  46610.868    28.4796      0.666    7.59508     3.8694     3.8703    22.6147   13.59615 3.3779e+01      0.672 0.0000e+00
        311   7.527008    0.02153     1.2917     77.500  1022.6179  46611.105    28.4797      0.672    7.59513     3.8688     3.8699    22.6148   13.59625 3.3612e+01      0.678 0.0000e+00
        312   7.527011    0.02160     1.2958     77.750  1022.6181  46611.509    28.4798      0.674    7.59522     3.8680     3.8695    22.6150   13.59638 3.3493e+01      0.680 0.0000e+00
        313   7.527014    0.02167     1.3000     78.000  1022.6184  46612.091    28.4801      0.672    7.59533     3.8673     3.8688    22.6152   13.59656 3.3511e+01      0.678 0.0000e+00
        314   7.527017    0.02174     1.3042     78.250  1022.6187  46612.919    28.4805      0.668    7.59545     3.8668     3.8680    22.6156   13.59676 3.3531e+01      0.674 0.0000e+00
        315   7.527020    0.02181     1.3083     78.500  1022.6192  46613.985    28.4811      0.664    7.59555     3.8667     3.8673    22.6161   13.59693 3.3397e+01      0.670 0.0000e+00
        316   7.527023    0.02187     1.3125     78.750  1022.6197  46614.954    28.4816      0.664    7.59561     3.8668     3.8668    22.6166   13.59702 3.3049e+01      0.670 0.0000e+00
        317   7.527025    0.02194     1.3167     79.000  1022.6200  46615.486    28.4819      0.666    7.59561     3.8668     3.8667    22.6169   13.59702 3.2736e+01      0.672 0.0000e+00
        318   7.527028    0.02201     1.3208     79.250  1022.6201  46615.615    28.4820      0.668    7.59559     3.8668     3.8668    22.6169   13.59698 3.2798e+01      0.674 0.0000e+00
        319   7.527031    0.02208     1.3250     79.500  1022.6201  46615.683    28.4821      0.666    7.59558     3.8667     3.8669    22.6170   13.59696 3.3211e+01      0.671 0.0000e+00
        320   7.527034    0.02215     1.3292     79.750  1022.6202  46615.892    28.4823      0.658    7.59558     3.8667     3.8668    22.6171   13.59696 3.3785e+01      0.664 0.0000e+00
        321   7.527037    0.02222     1.3333     80.000  1022.6203  46616.127    28.4824      0.647    7.59560     3.8669     3.8667    22.6172   13.59698 3.4536e+01      0.652 0.0000e+00
        322   7.527040    0.02229     1.3375     80.250  1022.6202  46616.172    28.4824      0.634    7.59560     3.8673     3.8667    22.6172   13.59698 3.5291e+01      0.640 0.0000e+00
        323   7.527043    0.02236     1.3417     80.500  1022.6200  46615.814    28.4822      0.628    7.59557     3.8678     3.8669    22.6171   13.59693 3.5673e+01      0.634 0.0000e+00
        324   7.527046    0.02243     1.3458     80.750  1022.6196  46614.993    28.4818      0.632    7.59550     3.8681     3.8674    22.6167   13.59683 3.5581e+01      0.638 0.0000e+00
        325   7.527049    0.02250     1.3500     81.000  1022.6193  46614.263    28.4814      0.645    7.59543     3.8683     3.8679    22.6163   13.59672 3.5196e+01      0.651 0.0000e+00
        326   7.527052    0.02257     1.3542     81.250  1022.6195  46614.383    28.4815      0.660    7.59537     3.8685     3.8682    22.6164   13.59662 3.4873e+01      0.666 0.0000e+00
        327   7.527054    0.02264     1.3583     81.500  1022.6202  46615.499    28.4823      0.671    7.59530     3.8688     3.8683    22.6170   13.59650 3.4736e+01      0.677 0.0000e+00
        328   7.527057    0.02271     1.3625     81.750  1022.6214  46617.604    28.4837      0.680    7.59520     3.8692     3.8685    22.6181   13.59631 3.4491e+01      0.686 0.0000e+00
        329   7.527060    0.02278     1.3667     82.000  1022.6232  46620.871    28.4860      0.695    7.59503     3.8698     3.8688    22.6199   13.59600 3.3759e+01      0.701 0.0000e+00
        330   7.527063    0.02285     1.3708     82.250  1022.6259  46625.636    28.4893      0.729    7.59477     3.8702     3.8692    22.6225   13.59553 3.2245e+01      0.736 0.0000e+00
        331   7.527066    0.02292     1.3750     82.500  1022.6303  46633.095    28.4944      0.794    7.59441     3.8705     3.8698    22.6265   13.59486 3.0031e+01      0.802 0.0000e+00
        332   7.527069    0.02299     1.3792     82.750  1022.6376  46645.886    28.5031      0.894    7.59389     3.8715     3.8702    22.6333   13.59389 2.7510e+01      0.902 0.0000e+00
        333   7.527072    0.02306     1.3833     83.000  1022.6500  46667.968    28.5179      1.024    7.59309     3.8754     3.8705    22.6451   13.59236 2.4887e+01      1.034 0.0000e+00
        334   7.527075    0.02313     1.3875     83.250  1022.6696  46703.294    28.5419      1.180    7.59167     3.8844     3.8716    22.6640   13.58969 2.2275e+01      1.191 0.0000e+00
        335   7.527078    0.02319     1.3917     83.500  1022.6989  46756.034    28.5781      1.357    7.58911     3.9017     3.8754    22.6925   13.58498 1.9821e+01      1.370 0.0000e+00
        336   7.527080    0.02326     1.3958     83.750  1022.7416  46832.939    28.6318      1.554    7.58470     3.9304     3.8845    22.7343   13.57696 1.7595e+01      1.569 0.0000e+00
        337   7.527083    0.02333     1.4000     84.000  1022.8030  46943.255    28.7097      1.769    7.57753     3.9746     3.9017    22.7946   13.56407 1.5588e+01      1.786 0.0000e+00
        338   7.527086    0.02340     1.4042     84.250  1022.8883  47096.249    28.8189      2.002    7.56663     4.0372     3.9306    22.8788   13.54461 1.3765e+01      2.020 0.0000e+00
        339   7.527089    0.02347     1.4083     84.500  1022.9986  47293.454    28.9613      2.252    7.55123     4.1175     3.9747    22.9879   13.51724 1.2106e+01      2.273 0.0000e+00
        340   7.527092    0.02354     1.4125     84.750  1023.1197  47507.815    29.1193      2.519    7.53164     4.2082     4.0374    23.1078   13.48277 1.0611e+01      2.543 0.0000e+00
