CTD-processing/allCTD/CNV--homogene/2016_12-13_t4_s04_cast180.cnv
* Sea-Bird SBE19plus Data File:
* FileName = P:\My Documents\kasitsna\Research-KBL\Oceanography-AK\CTD-Data-ALL-to-2016-05\2016-CTD-KachemakBay-CookInlet\2016-12-CookInlet-quarterly\2016-12-13-CookInlet-Tran4-Barabara\2016-12-13-CookInlet-Tran4-cast180.hex
* Software Version 1.59
* Temperature SN =  5028
* Conductivity SN =  5028
* System UpLoad Time = Dec 13 2016 15:39:36
** Cook Inlet LTM Tran 4 south to north
** Date: (YYYY-MM-DD): 2016-12-13
** Station: (eg. 9-01): 4-04
** Start time (AKST): 13:36
** Depth (m): 90.5
** Comment: R/V Alaska Dream Catcher. CTD on AKDT (1 hr ahead).
** Comment:
# nquan = 17
# nvalues = 668                         
# units = specified
# name 0 = scan: Scan Count
# name 1 = timeJ: Julian Days
# name 2 = timeH: Time, Elapsed [hours]
# name 3 = timeM: Time, Elapsed [minutes]
# name 4 = timeS: Time, Elapsed [seconds]
# name 5 = density00: Density [density, kg/m^3]
# name 6 = specc: Specific Conductance [uS/cm]
# name 7 = sal00: Salinity, Practical [PSU]
# name 8 = depSM: Depth [salt water, m], lat = 59.00
# name 9 = oxsolML/L: Oxygen Saturation, Garcia & Gordon [ml/l]
# name 10 = potemp090C: Potential Temperature [ITS-90, deg C]
# name 11 = tv290C: Temperature [ITS-90, deg C]
# name 12 = sigma-é00: Density [sigma-theta, kg/m^3]
# name 13 = n2satML/L: Nitrogen Saturation [ml/l]
# name 14 = par: PAR/Irradiance, Biospherical/Licor
# name 15 = prdM: Pressure, Strain Gauge [db]
# name 16 = flag:  0.000e+00
# span 0 =          1,        668       
# span 1 = 348.609282, 348.611212       
# span 2 =    0.00000,    0.04632       
# span 3 =     0.0000,     2.7792       
# span 4 =      0.000,    166.750       
# span 5 =  1000.1121,  1025.1085       
# span 6 =    373.963,  50287.304       
# span 7 =     0.1716,    31.5621       
# span 8 =      0.090,     89.094       
# span 9 =    6.89565,    9.05922       
# span 10 =     4.4308,     7.0586      
# span 11 =     4.4286,     7.0650      
# span 12 =     0.1116,    24.7424      
# span 13 =   12.40012,   16.45912      
# span 14 = 3.9850e-02, 8.5576e+01      
# span 15 =      0.091,     89.954      
# span 16 = 0.0000e+00, 0.0000e+00      
# interval = seconds: 0.25
# start_time = Dec 13 2016 14:37:22 [Instrument's time stamp, header]
# bad_flag = -9.990e-29
*END*
[from data line 596]
        597 348.611007    0.04139     2.4833    149.000  1025.0350  50241.126    31.5506     73.277    6.89577     7.0577     7.0642    24.6950   12.40032 4.5917e-02     73.981 0.0000e+00
        598 348.611010    0.04146     2.4875    149.250  1025.0361  50241.295    31.5506     73.509    6.89577     7.0577     7.0642    24.6950   12.40032 4.5740e-02     74.216 0.0000e+00
        599 348.611013    0.04153     2.4917    149.500  1025.0372  50241.492    31.5506     73.753    6.89577     7.0577     7.0642    24.6950   12.40031 4.5557e-02     74.463 0.0000e+00
        600 348.611016    0.04160     2.4958    149.750  1025.0384  50241.626    31.5506     74.010    6.89577     7.0577     7.0643    24.6950   12.40031 4.5363e-02     74.722 0.0000e+00
        601 348.611019    0.04167     2.5000    150.000  1025.0395  50241.673    31.5505     74.275    6.89576     7.0577     7.0643    24.6949   12.40031 4.5165e-02     74.989 0.0000e+00
        602 348.611021    0.04174     2.5042    150.250  1025.0407  50241.722    31.5504     74.544    6.89576     7.0577     7.0643    24.6949   12.40031 4.4978e-02     75.261 0.0000e+00
        603 348.611024    0.04181     2.5083    150.500  1025.0419  50241.817    31.5504     74.815    6.89576     7.0576     7.0643    24.6948   12.40031 4.4801e-02     75.534 0.0000e+00
        604 348.611027    0.04188     2.5125    150.750  1025.0431  50241.931    31.5503     75.086    6.89577     7.0576     7.0643    24.6948   12.40032 4.4620e-02     75.808 0.0000e+00
        605 348.611030    0.04194     2.5167    151.000  1025.0444  50242.048    31.5503     75.356    6.89577     7.0575     7.0643    24.6947   12.40033 4.4436e-02     76.081 0.0000e+00
        606 348.611033    0.04201     2.5208    151.250  1025.0456  50242.146    31.5502     75.622    6.89578     7.0574     7.0642    24.6947   12.40034 4.4257e-02     76.350 0.0000e+00
        607 348.611036    0.04208     2.5250    151.500  1025.0467  50242.252    31.5501     75.881    6.89579     7.0573     7.0642    24.6947   12.40036 4.4081e-02     76.612 0.0000e+00
        608 348.611039    0.04215     2.5292    151.750  1025.0479  50242.414    31.5501     76.129    6.89580     7.0572     7.0641    24.6947   12.40038 4.3918e-02     76.862 0.0000e+00
        609 348.611042    0.04222     2.5333    152.000  1025.0490  50242.572    31.5501     76.365    6.89582     7.0570     7.0640    24.6947   12.40041 4.3785e-02     77.100 0.0000e+00
        610 348.611045    0.04229     2.5375    152.250  1025.0500  50242.711    31.5501     76.588    6.89584     7.0569     7.0639    24.6947   12.40044 4.3677e-02     77.326 0.0000e+00
        611 348.611047    0.04236     2.5417    152.500  1025.0510  50242.901    31.5501     76.801    6.89585     7.0568     7.0638    24.6947   12.40046 4.3577e-02     77.541 0.0000e+00
        612 348.611050    0.04243     2.5458    152.750  1025.0520  50243.054    31.5501     77.005    6.89587     7.0567     7.0637    24.6947   12.40049 4.3474e-02     77.747 0.0000e+00
        613 348.611053    0.04250     2.5500    153.000  1025.0529  50243.129    31.5501     77.202    6.89588     7.0565     7.0636    24.6947   12.40051 4.3368e-02     77.945 0.0000e+00
        614 348.611056    0.04257     2.5542    153.250  1025.0538  50243.344    31.5501     77.395    6.89590     7.0565     7.0635    24.6948   12.40054 4.3271e-02     78.140 0.0000e+00
        615 348.611059    0.04264     2.5583    153.500  1025.0549  50243.787    31.5503     77.588    6.89591     7.0565     7.0634    24.6949   12.40055 4.3181e-02     78.336 0.0000e+00
        616 348.611062    0.04271     2.5625    153.750  1025.0560  50244.252    31.5505     77.787    6.89591     7.0566     7.0634    24.6951   12.40055 4.3087e-02     78.536 0.0000e+00
        617 348.611065    0.04278     2.5667    154.000  1025.0570  50244.518    31.5506     77.994    6.89590     7.0566     7.0634    24.6952   12.40053 4.2985e-02     78.746 0.0000e+00
        618 348.611068    0.04285     2.5708    154.250  1025.0580  50244.606    31.5506     78.215    6.89588     7.0567     7.0635    24.6952   12.40051 4.2881e-02     78.969 0.0000e+00
        619 348.611071    0.04292     2.5750    154.500  1025.0591  50244.667    31.5505     78.450    6.89587     7.0567     7.0636    24.6951   12.40049 4.2778e-02     79.206 0.0000e+00
        620 348.611073    0.04299     2.5792    154.750  1025.0602  50244.771    31.5505     78.695    6.89587     7.0567     7.0637    24.6951   12.40048 4.2672e-02     79.454 0.0000e+00
        621 348.611076    0.04306     2.5833    155.000  1025.0613  50244.888    31.5504     78.948    6.89586     7.0567     7.0637    24.6951   12.40047 4.2561e-02     79.709 0.0000e+00
        622 348.611079    0.04312     2.5875    155.250  1025.0624  50244.948    31.5504     79.207    6.89586     7.0567     7.0637    24.6950   12.40046 4.2444e-02     79.970 0.0000e+00
        623 348.611082    0.04319     2.5917    155.500  1025.0636  50244.947    31.5502     79.469    6.89586     7.0566     7.0638    24.6949   12.40046 4.2325e-02     80.234 0.0000e+00
        624 348.611085    0.04326     2.5958    155.750  1025.0647  50244.880    31.5501     79.735    6.89586     7.0564     7.0638    24.6948   12.40048 4.2207e-02     80.503 0.0000e+00
        625 348.611088    0.04333     2.6000    156.000  1025.0658  50244.814    31.5499     80.003    6.89588     7.0562     7.0637    24.6947   12.40051 4.2089e-02     80.774 0.0000e+00
        626 348.611091    0.04340     2.6042    156.250  1025.0670  50244.974    31.5499     80.271    6.89591     7.0561     7.0635    24.6947   12.40056 4.1972e-02     81.044 0.0000e+00
        627 348.611094    0.04347     2.6083    156.500  1025.0684  50245.520    31.5501     80.536    6.89593     7.0561     7.0633    24.6949   12.40060 4.1862e-02     81.312 0.0000e+00
        628 348.611097    0.04354     2.6125    156.750  1025.0699  50246.248    31.5504     80.796    6.89593     7.0563     7.0632    24.6952   12.40059 4.1766e-02     81.574 0.0000e+00
        629 348.611100    0.04361     2.6167    157.000  1025.0713  50246.820    31.5507     81.049    6.89591     7.0565     7.0633    24.6954   12.40056 4.1681e-02     81.830 0.0000e+00
        630 348.611102    0.04368     2.6208    157.250  1025.0726  50247.193    31.5509     81.293    6.89588     7.0568     7.0635    24.6955   12.40049 4.1601e-02     82.077 0.0000e+00
        631 348.611105    0.04375     2.6250    157.500  1025.0738  50247.469    31.5510     81.529    6.89583     7.0571     7.0637    24.6955   12.40042 4.1527e-02     82.315 0.0000e+00
        632 348.611108    0.04382     2.6292    157.750  1025.0748  50247.620    31.5511     81.756    6.89578     7.0573     7.0640    24.6955   12.40033 4.1461e-02     82.544 0.0000e+00
        633 348.611111    0.04389     2.6333    158.000  1025.0757  50247.588    31.5510     81.972    6.89573     7.0575     7.0643    24.6955   12.40026 4.1396e-02     82.762 0.0000e+00
        634 348.611114    0.04396     2.6375    158.250  1025.0765  50247.458    31.5509     82.178    6.89570     7.0576     7.0646    24.6953   12.40020 4.1322e-02     82.970 0.0000e+00
        635 348.611117    0.04403     2.6417    158.500  1025.0773  50247.367    31.5508     82.378    6.89567     7.0576     7.0648    24.6952   12.40015 4.1249e-02     83.172 0.0000e+00
        636 348.611120    0.04410     2.6458    158.750  1025.0782  50247.339    31.5507     82.576    6.89566     7.0576     7.0649    24.6951   12.40013 4.1195e-02     83.372 0.0000e+00
        637 348.611123    0.04417     2.6500    159.000  1025.0790  50247.318    31.5506     82.777    6.89565     7.0574     7.0650    24.6950   12.40012 4.1149e-02     83.575 0.0000e+00
        638 348.611126    0.04424     2.6542    159.250  1025.0799  50247.198    31.5504     82.984    6.89566     7.0571     7.0650    24.6949   12.40015 4.1102e-02     83.784 0.0000e+00
        639 348.611128    0.04431     2.6583    159.500  1025.0806  50246.867    31.5501     83.199    6.89570     7.0565     7.0648    24.6946   12.40021 4.1057e-02     84.001 0.0000e+00
        640 348.611131    0.04437     2.6625    159.750  1025.0811  50246.136    31.5494     83.422    6.89577     7.0555     7.0646    24.6941   12.40034 4.1008e-02     84.226 0.0000e+00
        641 348.611134    0.04444     2.6667    160.000  1025.0814  50244.747    31.5482     83.652    6.89591     7.0538     7.0640    24.6933   12.40059 4.0951e-02     84.459 0.0000e+00
        642 348.611137    0.04451     2.6708    160.250  1025.0814  50242.990    31.5467     83.889    6.89615     7.0518     7.0629    24.6922   12.40100 4.0896e-02     84.698 0.0000e+00
        643 348.611140    0.04458     2.6750    160.500  1025.0820  50242.086    31.5457     84.132    6.89646     7.0499     7.0613    24.6917   12.40152 4.0850e-02     84.943 0.0000e+00
        644 348.611143    0.04465     2.6792    160.750  1025.0834  50242.830    31.5457     84.380    6.89677     7.0485     7.0594    24.6920   12.40204 4.0804e-02     85.194 0.0000e+00
        645 348.611146    0.04472     2.6833    161.000  1025.0855  50244.635    31.5465     84.633    6.89704     7.0476     7.0575    24.6929   12.40246 4.0746e-02     85.449 0.0000e+00
        646 348.611149    0.04479     2.6875    161.250  1025.0876  50246.586    31.5475     84.888    6.89722     7.0473     7.0560    24.6938   12.40275 4.0680e-02     85.707 0.0000e+00
        647 348.611152    0.04486     2.6917    161.500  1025.0896  50248.311    31.5485     85.144    6.89731     7.0474     7.0552    24.6947   12.40288 4.0620e-02     85.965 0.0000e+00
        648 348.611155    0.04493     2.6958    161.750  1025.0915  50249.793    31.5493     85.397    6.89731     7.0478     7.0549    24.6954   12.40289 4.0576e-02     86.221 0.0000e+00
        649 348.611157    0.04500     2.7000    162.000  1025.0932  50250.951    31.5500     85.646    6.89726     7.0484     7.0550    24.6959   12.40279 4.0543e-02     86.472 0.0000e+00
        650 348.611160    0.04507     2.7042    162.250  1025.0946  50251.559    31.5504     85.892    6.89717     7.0490     7.0555    24.6962   12.40264 4.0507e-02     86.720 0.0000e+00
        651 348.611163    0.04514     2.7083    162.500  1025.0956  50251.424    31.5503     86.134    6.89708     7.0492     7.0561    24.6960   12.40249 4.0465e-02     86.965 0.0000e+00
        652 348.611166    0.04521     2.7125    162.750  1025.0961  50250.457    31.5496     86.372    6.89702     7.0488     7.0566    24.6954   12.40240 4.0418e-02     87.205 0.0000e+00
        653 348.611169    0.04528     2.7167    163.000  1025.0962  50248.755    31.5484     86.604    6.89704     7.0480     7.0568    24.6944   12.40245 4.0378e-02     87.440 0.0000e+00
        654 348.611172    0.04535     2.7208    163.250  1025.0964  50247.493    31.5474     86.830    6.89714     7.0472     7.0565    24.6937   12.40262 4.0354e-02     87.668 0.0000e+00
        655 348.611175    0.04542     2.7250    163.500  1025.0976  50247.899    31.5474     87.049    6.89726     7.0468     7.0558    24.6938   12.40283 4.0337e-02     87.889 0.0000e+00
        656 348.611178    0.04549     2.7292    163.750  1025.0993  50249.317    31.5481     87.263    6.89735     7.0467     7.0550    24.6945   12.40297 4.0313e-02     88.106 0.0000e+00
        657 348.611181    0.04556     2.7333    164.000  1025.1009  50250.677    31.5489     87.474    6.89739     7.0470     7.0545    24.6952   12.40302 4.0284e-02     88.319 0.0000e+00
        658 348.611183    0.04562     2.7375    164.250  1025.1024  50251.760    31.5496     87.681    6.89737     7.0475     7.0545    24.6957   12.40297 4.0249e-02     88.528 0.0000e+00
        659 348.611186    0.04569     2.7417    164.500  1025.1037  50252.589    31.5501     87.885    6.89730     7.0482     7.0548    24.6961   12.40285 4.0210e-02     88.733 0.0000e+00
        660 348.611189    0.04576     2.7458    164.750  1025.1049  50253.190    31.5505     88.084    6.89719     7.0490     7.0553    24.6963   12.40267 4.0176e-02     88.935 0.0000e+00
        661 348.611192    0.04583     2.7500    165.000  1025.1060  50253.707    31.5509     88.280    6.89706     7.0498     7.0560    24.6965   12.40246 4.0119e-02     89.132 0.0000e+00
        662 348.611195    0.04590     2.7542    165.250  1025.1071  50254.102    31.5512     88.470    6.89692     7.0507     7.0568    24.6967   12.40222 4.0035e-02     89.324 0.0000e+00
        663 348.611198    0.04597     2.7583    165.500  1025.1078  50254.078    31.5513     88.652    6.89677     7.0515     7.0577    24.6966   12.40198 3.9949e-02     89.508 0.0000e+00
        664 348.611201    0.04604     2.7625    165.750  1025.1083  50253.585    31.5510     88.814    6.89664     7.0520     7.0586    24.6963   12.40176 3.9878e-02     89.671 0.0000e+00
        665 348.611204    0.04611     2.7667    166.000  1025.1084  50252.880    31.5506     88.941    6.89654     7.0523     7.0593    24.6959   12.40160 3.9850e-02     89.800 0.0000e+00
        666 348.611207    0.04618     2.7708    166.250  1025.1085  50252.263    31.5502     89.028    6.89647     7.0524     7.0599    24.6955   12.40149 3.9856e-02     89.888 0.0000e+00
        667 348.611209    0.04625     2.7750    166.500  1025.1085  50251.879    31.5500     89.078    6.89643 -9.990e-29     7.0602    24.6953   12.40143 3.9863e-02     89.938 0.0000e+00
        668 348.611212    0.04632     2.7792    166.750  1025.1085  50251.747    31.5499     89.094    6.89642 -9.990e-29     7.0603    24.6952   12.40141 3.9864e-02     89.954 0.0000e+00
