CTD-processing/allCTD/CNV--homogene/2016-05-17-tutkabay-intensive-cast251.cnv
* Sea-Bird SBE19plus Data File:
* FileName = C:\Users\Kris.Holderied\Documents\kasitsna\Research-KBL\Oceanography-AK\CTD-Data-ALL-to-2016-05\2016-CTD-KachemakBay-CookInlet\2016-05-17-TutkaBay-Intensive-phytoplankton\2016-05-17-TutkaBay-Intensive-cast251.hex
* Software Version 1.59
* Temperature SN =  5028
* Conductivity SN =  5028
* System UpLoad Time = Jun 03 2016 19:07:46
** Tutka Bay Intensive Phytoplankton Transect - head to entrance
** Date (YYYY-MM-DD): 2016-05-17
** Station (ie. 9-01):  to add
** Start time (AKST): to add
** Depth (m): to add
** Comment:  Along-bay transect with CTD, phytoplankton and nutrient sampling
** Comment:
# nquan = 17
# nvalues = 459                         
# units = specified
# name 0 = scan: Scan Count
# name 1 = timeJ: Julian Days
# name 2 = timeH: Time, Elapsed [hours]
# name 3 = timeM: Time, Elapsed [minutes]
# name 4 = timeS: Time, Elapsed [seconds]
# name 5 = density00: Density [density, kg/m^3]
# name 6 = specc: Specific Conductance [uS/cm]
# name 7 = sal00: Salinity, Practical [PSU]
# name 8 = depSM: Depth [salt water, m], lat = 59.00
# name 9 = oxsolML/L: Oxygen Saturation, Garcia & Gordon [ml/l]
# name 10 = potemp090C: Potential Temperature [ITS-90, deg C]
# name 11 = tv290C: Temperature [ITS-90, deg C]
# name 12 = sigma-é00: Density [sigma-theta, kg/m^3]
# name 13 = n2satML/L: Nitrogen Saturation [ml/l]
# name 14 = par: PAR/Irradiance, Biospherical/Licor
# name 15 = prdM: Pressure, Strain Gauge [db]
# name 16 = flag:  0.000e+00
# span 0 =          1,        459       
# span 1 = 138.510706, 138.512031       
# span 2 =    0.00000,    0.03181       
# span 3 =     0.0000,     1.9083       
# span 4 =      0.000,    114.500       
# span 5 =  1003.7936,  1024.7623       
# span 6 =   8503.865,  49879.808       
# span 7 =     5.1245,    31.2959       
# span 8 =     -0.098,     55.821       
# span 9 =    6.70253,    7.86173       
# span 10 =     6.9664,     9.6254      
# span 11 =     6.9678,     9.6254      
# span 12 =     3.7941,    24.5031      
# span 13 =   12.11408,   14.37612      
# span 14 = 5.3831e-02, 8.5448e+02      
# span 15 =     -0.100,     56.355      
# span 16 = 0.0000e+00, 0.0000e+00      
# interval = seconds: 0.25
# start_time = May 17 2016 12:15:25 [Instrument's time stamp, header]
# bad_flag = -9.990e-29
*END*
[from data line 256]
        257 138.511447    0.01778     1.0667     64.000  1021.8915  45136.801    28.3450      0.625    6.71366     9.1596     9.1620    21.8886   12.13862 2.4699e+02      0.630 0.0000e+00
        258 138.511450    0.01785     1.0708     64.250  1021.8959  45144.772    28.3503      0.623    6.71366     9.1590     9.1605    21.8930   12.13855 2.4727e+02      0.629 0.0000e+00
        259 138.511453    0.01792     1.0750     64.500  1021.9018  45155.538    28.3577      0.623    6.71347     9.1585     9.1596    21.8989   12.13814 2.4594e+02      0.628 0.0000e+00
        260 138.511455    0.01799     1.0792     64.750  1021.9090  45168.903    28.3669      0.625    6.71315     9.1580     9.1591    21.9061   12.13751 2.4495e+02      0.630 0.0000e+00
        261 138.511458    0.01806     1.0833     65.000  1021.9145  45178.833    28.3737      0.628    6.71294     9.1578     9.1585    21.9115   12.13707 2.4411e+02      0.634 0.0000e+00
        262 138.511461    0.01812     1.0875     65.250  1021.9166  45182.691    28.3763      0.632    6.71289     9.1581     9.1581    21.9137   12.13696 2.4325e+02      0.638 0.0000e+00
        263 138.511464    0.01819     1.0917     65.500  1021.9162  45181.882    28.3758      0.634    6.71294     9.1589     9.1579    21.9132   12.13705 2.4209e+02      0.640 0.0000e+00
        264 138.511467    0.01826     1.0958     65.750  1021.9132  45176.395    28.3720      0.633    6.71307     9.1604     9.1581    21.9102   12.13731 2.4125e+02      0.639 0.0000e+00
        265 138.511470    0.01833     1.1000     66.000  1021.9093  45169.238    28.3672      0.629    6.71316     9.1620     9.1590    21.9063   12.13751 2.4241e+02      0.635 0.0000e+00
        266 138.511473    0.01840     1.1042     66.250  1021.9110  45172.588    28.3697      0.626    6.71283     9.1630     9.1604    21.9081   12.13694 2.4464e+02      0.632 0.0000e+00
        267 138.511476    0.01847     1.1083     66.500  1021.9237  45196.240    28.3863      0.625    6.71186     9.1628     9.1621    21.9208   12.13513 2.4548e+02      0.631 0.0000e+00
        268 138.511479    0.01854     1.1125     66.750  1021.9427  45231.230    28.4107      0.629    6.71066     9.1619     9.1630    21.9397   12.13283 2.4477e+02      0.635 0.0000e+00
        269 138.511481    0.01861     1.1167     67.000  1021.9587  45260.679    28.4311      0.637    6.70980     9.1607     9.1629    21.9557   12.13115 2.4485e+02      0.643 0.0000e+00
        270 138.511484    0.01868     1.1208     67.250  1021.9706  45282.543    28.4461      0.647    6.70929     9.1596     9.1620    21.9676   12.13012 2.4582e+02      0.653 0.0000e+00
        271 138.511487    0.01875     1.1250     67.500  1021.9818  45303.018    28.4602      0.655    6.70886     9.1587     9.1608    21.9788   12.12922 2.4612e+02      0.661 0.0000e+00
        272 138.511490    0.01882     1.1292     67.750  1021.9914  45320.587    28.4722      0.658    6.70850     9.1581     9.1597    21.9884   12.12848 2.4634e+02      0.664 0.0000e+00
        273 138.511493    0.01889     1.1333     68.000  1021.9978  45332.454    28.4804      0.655    6.70829     9.1577     9.1588    21.9948   12.12803 2.4646e+02      0.662 0.0000e+00
        274 138.511496    0.01896     1.1375     68.250  1022.0041  45343.950    28.4883      0.651    6.70804     9.1572     9.1581    22.0011   12.12752 2.4608e+02      0.657 0.0000e+00
        275 138.511499    0.01903     1.1417     68.500  1022.0146  45363.326    28.5017      0.647    6.70752     9.1565     9.1577    22.0116   12.12649 2.4514e+02      0.653 0.0000e+00
        276 138.511502    0.01910     1.1458     68.750  1022.0294  45390.643    28.5206      0.645    6.70676     9.1556     9.1573    22.0264   12.12501 2.4344e+02      0.651 0.0000e+00
        277 138.511505    0.01917     1.1500     69.000  1022.0440  45417.486    28.5391      0.644    6.70606     9.1548     9.1566    22.0410   12.12362 2.4144e+02      0.650 0.0000e+00
        278 138.511508    0.01924     1.1542     69.250  1022.0550  45437.612    28.5530      0.645    6.70560     9.1543     9.1557    22.0520   12.12267 2.3981e+02      0.651 0.0000e+00
        279 138.511510    0.01931     1.1583     69.500  1022.0631  45452.461    28.5632      0.645    6.70527     9.1540     9.1549    22.0601   12.12201 2.3911e+02      0.652 0.0000e+00
        280 138.511513    0.01938     1.1625     69.750  1022.0695  45464.263    28.5713      0.646    6.70500     9.1539     9.1544    22.0665   12.12146 2.3798e+02      0.652 0.0000e+00
        281 138.511516    0.01944     1.1667     70.000  1022.0731  45470.807    28.5758      0.646    6.70486     9.1540     9.1541    22.0701   12.12116 2.3552e+02      0.652 0.0000e+00
        282 138.511519    0.01951     1.1708     70.250  1022.0728  45470.278    28.5755      0.645    6.70489     9.1542     9.1539    22.0698   12.12123 2.3440e+02      0.651 0.0000e+00
        283 138.511522    0.01958     1.1750     70.500  1022.0698  45464.843    28.5717      0.645    6.70505     9.1546     9.1540    22.0669   12.12153 2.3492e+02      0.651 0.0000e+00
        284 138.511525    0.01965     1.1792     70.750  1022.0672  45459.988    28.5684      0.644    6.70515     9.1548     9.1543    22.0642   12.12174 2.3390e+02      0.650 0.0000e+00
        285 138.511528    0.01972     1.1833     71.000  1022.0669  45459.507    28.5681      0.645    6.70512     9.1548     9.1546    22.0640   12.12169 2.3220e+02      0.651 0.0000e+00
        286 138.511531    0.01979     1.1875     71.250  1022.0685  45462.510    28.5702      0.646    6.70499     9.1546     9.1548    22.0656   12.12146 2.3219e+02      0.652 0.0000e+00
        287 138.511534    0.01986     1.1917     71.500  1022.0716  45468.138    28.5741      0.649    6.70482     9.1543     9.1548    22.0686   12.12113 2.3236e+02      0.655 0.0000e+00
        288 138.511536    0.01993     1.1958     71.750  1022.0758  45475.896    28.5795      0.652    6.70462     9.1540     9.1546    22.0728   12.12072 2.3132e+02      0.658 0.0000e+00
        289 138.511539    0.02000     1.2000     72.000  1022.0800  45483.520    28.5847      0.654    6.70444     9.1539     9.1543    22.0770   12.12036 2.3121e+02      0.660 0.0000e+00
        290 138.511542    0.02007     1.2042     72.250  1022.0828  45488.732    28.5883      0.654    6.70432     9.1539     9.1541    22.0798   12.12012 2.3214e+02      0.660 0.0000e+00
        291 138.511545    0.02014     1.2083     72.500  1022.0832  45489.473    28.5888      0.650    6.70432     9.1541     9.1539    22.0802   12.12012 2.3228e+02      0.657 0.0000e+00
        292 138.511548    0.02021     1.2125     72.750  1022.0812  45485.806    28.5863      0.646    6.70442     9.1545     9.1540    22.0782   12.12032 2.3295e+02      0.652 0.0000e+00
        293 138.511551    0.02028     1.2167     73.000  1022.0790  45481.897    28.5836      0.642    6.70450     9.1548     9.1542    22.0761   12.12048 2.3445e+02      0.648 0.0000e+00
        294 138.511554    0.02035     1.2208     73.250  1022.0785  45480.943    28.5830      0.642    6.70447     9.1550     9.1546    22.0756   12.12044 2.3444e+02      0.648 0.0000e+00
        295 138.511557    0.02042     1.2250     73.500  1022.0798  45483.225    28.5846      0.646    6.70436     9.1550     9.1549    22.0768   12.12023 2.3373e+02      0.652 0.0000e+00
        296 138.511560    0.02049     1.2292     73.750  1022.0825  45488.304    28.5881      0.652    6.70418     9.1548     9.1550    22.0795   12.11989 2.3445e+02      0.658 0.0000e+00
        297 138.511563    0.02056     1.2333     74.000  1022.0859  45494.376    28.5923      0.656    6.70400     9.1546     9.1550    22.0828   12.11954 2.3569e+02      0.663 0.0000e+00
        298 138.511565    0.02063     1.2375     74.250  1022.0885  45499.145    28.5956      0.658    6.70388     9.1544     9.1549    22.0854   12.11930 2.3630e+02      0.665 0.0000e+00
        299 138.511568    0.02069     1.2417     74.500  1022.0900  45501.912    28.5975      0.658    6.70383     9.1543     9.1547    22.0869   12.11920 2.3641e+02      0.664 0.0000e+00
        300 138.511571    0.02076     1.2458     74.750  1022.0912  45504.171    28.5991      0.659    6.70379     9.1542     9.1545    22.0882   12.11911 2.3537e+02      0.665 0.0000e+00
        301 138.511574    0.02083     1.2500     75.000  1022.0933  45507.938    28.6017      0.663    6.70369     9.1540     9.1544    22.0902   12.11892 2.3302e+02      0.669 0.0000e+00
        302 138.511577    0.02090     1.2542     75.250  1022.0960  45512.882    28.6051      0.669    6.70356     9.1538     9.1543    22.0929   12.11866 2.3076e+02      0.676 0.0000e+00
        303 138.511580    0.02097     1.2583     75.500  1022.0978  45516.194    28.6074      0.675    6.70349     9.1534     9.1541    22.0947   12.11852 2.2977e+02      0.682 0.0000e+00
        304 138.511583    0.02104     1.2625     75.750  1022.0973  45515.242    28.6067      0.678    6.70356     9.1529     9.1538    22.0942   12.11864 2.2880e+02      0.685 0.0000e+00
        305 138.511586    0.02111     1.2667     76.000  1022.0950  45510.832    28.6036      0.681    6.70374     9.1516     9.1535    22.0918   12.11898 2.2477e+02      0.688 0.0000e+00
        306 138.511589    0.02118     1.2708     76.250  1022.0934  45507.783    28.6014      0.687    6.70392     9.1490     9.1529    22.0902   12.11931 2.1897e+02      0.694 0.0000e+00
        307 138.511591    0.02125     1.2750     76.500  1022.0956  45511.630    28.6039      0.703    6.70401     9.1441     9.1517    22.0923   12.11941 2.1523e+02      0.710 0.0000e+00
        308 138.511594    0.02132     1.2792     76.750  1022.1040  45526.591    28.6140      0.736    6.70396     9.1353     9.1491    22.1006   12.11921 2.1143e+02      0.742 0.0000e+00
        309 138.511597    0.02139     1.2833     77.000  1022.1217  45558.338    28.6354      0.790    6.70377     9.1200     9.1441    22.1180   12.11863 2.0320e+02      0.797 0.0000e+00
        310 138.511600    0.02146     1.2875     77.250  1022.1539  45616.210    28.6744      0.874    6.70341     9.0942     9.1353    22.1499   12.11754 1.9279e+02      0.882 0.0000e+00
        311 138.511603    0.02153     1.2917     77.500  1022.2080  45713.519    28.7401      0.998    6.70286     9.0538     9.1201    22.2034   12.11583 1.8337e+02      1.007 0.0000e+00
        312 138.511606    0.02160     1.2958     77.750  1022.2885  45858.124    28.8372      1.173    6.70253     8.9998     9.0943    22.2831   12.11408 1.7218e+02      1.184 0.0000e+00
        313 138.511609    0.02167     1.3000     78.000  1022.3876  46035.108    28.9550      1.405    6.70349     8.9396     9.0539    22.3811   12.11423 1.5762e+02      1.418 0.0000e+00
        314 138.511612    0.02174     1.3042     78.250  1022.4925  46221.332    29.0775      1.687    6.70630     8.8794     8.9999    22.4847   12.11736 1.4185e+02      1.703 0.0000e+00
        315 138.511615    0.02181     1.3083     78.500  1022.6010  46413.279    29.2030      2.012    6.70990     8.8176     8.9398    22.5917   12.12178 1.2683e+02      2.032 0.0000e+00
        316 138.511617    0.02187     1.3125     78.750  1022.7219  46627.786    29.3442      2.370    6.71285     8.7455     8.8796    22.7109   12.12493 1.1342e+02      2.393 0.0000e+00
        317 138.511620    0.02194     1.3167     79.000  1022.8726  46897.058    29.5232      2.751    6.71440     8.6514     8.8178    22.8600   12.12529 1.0195e+02      2.777 0.0000e+00
        318 138.511623    0.02201     1.3208     79.250  1023.0618  47236.155    29.7494      3.149    6.71547     8.5313     8.7458    23.0474   12.12427 9.2138e+01      3.179 0.0000e+00
        319 138.511626    0.02208     1.3250     79.500  1023.2640  47597.544    29.9879      3.558    6.71934     8.3932     8.6517    23.2476   12.12774 8.3353e+01      3.591 0.0000e+00
        320 138.511629    0.02215     1.3292     79.750  1023.4429  47914.964    30.1919      3.976    6.72867     8.2475     8.5317    23.4246   12.14067 7.4998e+01      4.013 0.0000e+00
        321 138.511632    0.02222     1.3333     80.000  1023.5890  48171.456    30.3506      4.401    6.74275     8.0993     8.3937    23.5686   12.16203 6.6813e+01      4.442 0.0000e+00
        322 138.511635    0.02229     1.3375     80.250  1023.7065  48376.043    30.4716      4.829    6.75970     7.9479     8.2480    23.6842   12.18860 5.8768e+01      4.874 0.0000e+00
        323 138.511638    0.02236     1.3417     80.500  1023.7987  48534.790    30.5599      5.256    6.77857     7.7952     8.0998    23.7743   12.21874 5.0950e+01      5.306 0.0000e+00
        324 138.511641    0.02243     1.3458     80.750  1023.8793  48673.157    30.6331      5.682    6.79867     7.6508     7.9484    23.8529   12.25110 4.3581e+01      5.736 0.0000e+00
        325 138.511644    0.02250     1.3500     81.000  1023.9654  48822.485    30.7133      6.104    6.81876     7.5244     7.7957    23.9371   12.28336 3.6916e+01      6.162 0.0000e+00
        326 138.511646    0.02257     1.3542     81.250  1024.0558  48980.694    30.8007      6.522    6.83731     7.4187     7.6514    24.0255   12.31297 3.1143e+01      6.584 0.0000e+00
        327 138.511649    0.02264     1.3583     81.500  1024.1404  49129.505    30.8840      6.936    6.85330     7.3322     7.5251    24.1083   12.33839 2.6313e+01      7.002 0.0000e+00
        328 138.511652    0.02271     1.3625     81.750  1024.2149  49260.758    30.9581      7.346    6.86654     7.2635     7.4193    24.1809   12.35936 2.2359e+01      7.415 0.0000e+00
        329 138.511655    0.02278     1.3667     82.000  1024.2790  49373.609    31.0224      7.752    6.87723     7.2120     7.3329    24.2430   12.37624 1.9165e+01      7.826 0.0000e+00
        330 138.511658    0.02285     1.3708     82.250  1024.3347  49471.567    31.0791      8.156    6.88548     7.1762     7.2642    24.2968   12.38918 1.6581e+01      8.233 0.0000e+00
        331 138.511661    0.02292     1.3750     82.500  1024.3821  49554.759    31.1282      8.557    6.89139     7.1520     7.2127    24.3424   12.39835 1.4459e+01      8.637 0.0000e+00
        332 138.511664    0.02299     1.3792     82.750  1024.4158  49613.185    31.1628      8.955    6.89547     7.1324     7.1770    24.3743   12.40466 1.2689e+01      9.040 0.0000e+00
        333 138.511667    0.02306     1.3833     83.000  1024.4329  49641.176    31.1780      9.352    6.89861     7.1129     7.1528    24.3895   12.40966 1.1200e+01      9.440 0.0000e+00
        334 138.511670    0.02313     1.3875     83.250  1024.4394  49649.887    31.1806      9.746    6.90158     7.0927     7.1333    24.3941   12.41455 9.9485e+00      9.838 0.0000e+00
        335 138.511672    0.02319     1.3917     83.500  1024.4439  49655.120    31.1808     10.138    6.90468     7.0736     7.1137    24.3968   12.41967 8.8955e+00     10.234 0.0000e+00
        336 138.511675    0.02326     1.3958     83.750  1024.4509  49664.820    31.1839     10.529    6.90774     7.0574     7.0936    24.4019   12.42469 8.0003e+00     10.628 0.0000e+00
        337 138.511678    0.02333     1.4000     84.000  1024.4601  49678.760    31.1901     10.918    6.91048     7.0446     7.0746    24.4094   12.42915 7.2272e+00     11.021 0.0000e+00
        338 138.511681    0.02340     1.4042     84.250  1024.4699  49693.765    31.1976     11.306    6.91273     7.0352     7.0584    24.4174   12.43276 6.5491e+00     11.413 0.0000e+00
        339 138.511684    0.02347     1.4083     84.500  1024.4795  49708.296    31.2054     11.693    6.91440     7.0292     7.0456    24.4251   12.43544 5.9470e+00     11.804 0.0000e+00
        340 138.511687    0.02354     1.4125     84.750  1024.4892  49723.186    31.2139     12.081    6.91550     7.0258     7.0363    24.4331   12.43715 5.4091e+00     12.195 0.0000e+00
