CTD-processing/allCTD/CNV--homogene/2016_05-12_alongbay_ptgraham_cast239.cnv
* Sea-Bird SBE19plus Data File:
* FileName = C:\Users\Kris.Holderied\Documents\kasitsna\Research-KBL\Oceanography-AK\CTD-Data-ALL-to-2016-05\2016-CTD-KachemakBay-CookInlet\2016-05-12-CookInlet-AlongBay\2016-05-12-CookInlet-AlongBay-cast239.hex
* Software Version 1.59
* Temperature SN =  5028
* Conductivity SN =  5028
* System UpLoad Time = May 16 2016 17:17:58
** Cook Inlet Along-bay Tran7 to Homer Spit SW to NE
** Date (YYYY-MM-DD): 2016-05-12
** Station (ie. 9-01):  PtGraham
** Start time (AKST): 17:13
** Depth (m): 63
** Comment:  R/V Edgecumbe.  Along-bay line from south of Tran7 to station 9-6.
** Comment:
# nquan = 17
# nvalues = 500                         
# units = specified
# name 0 = scan: Scan Count
# name 1 = timeJ: Julian Days
# name 2 = timeH: Time, Elapsed [hours]
# name 3 = timeM: Time, Elapsed [minutes]
# name 4 = timeS: Time, Elapsed [seconds]
# name 5 = density00: Density [density, kg/m^3]
# name 6 = specc: Specific Conductance [uS/cm]
# name 7 = sal00: Salinity, Practical [PSU]
# name 8 = depSM: Depth [salt water, m], lat = 59.00
# name 9 = oxsolML/L: Oxygen Saturation, Garcia & Gordon [ml/l]
# name 10 = potemp090C: Potential Temperature [ITS-90, deg C]
# name 11 = tv290C: Temperature [ITS-90, deg C]
# name 12 = sigma-é00: Density [sigma-theta, kg/m^3]
# name 13 = n2satML/L: Nitrogen Saturation [ml/l]
# name 14 = par: PAR/Irradiance, Biospherical/Licor
# name 15 = prdM: Pressure, Strain Gauge [db]
# name 16 = flag:  0.000e+00
# span 0 =          1,        500       
# span 1 = 133.717222, 133.718666       
# span 2 =    0.00000,    0.03465       
# span 3 =     0.0000,     2.0792       
# span 4 =      0.000,    124.750       
# span 5 =  1000.2920,  1024.8579       
# span 6 =   1194.872,  50296.955       
# span 7 =     0.6684,    31.6875       
# span 8 =      0.111,     56.899       
# span 9 =    6.75442,    8.01349       
# span 10 =     7.1894,     9.1995      
# span 11 =     7.1945,     9.2184      
# span 12 =     0.2914,    24.7514      
# span 13 =   12.16775,   14.69233      
# span 14 = 3.9206e-01, 1.4266e+03      
# span 15 =      0.112,     57.444      
# span 16 = 0.0000e+00, 0.0000e+00      
# interval = seconds: 0.25
# start_time = May 12 2016 17:12:48 [Instrument's time stamp, header]
# bad_flag = -9.990e-29
*END*
[from data line 171]
        172 133.717717    0.01188     0.7125     42.750  1024.6721  50138.453    31.5970      1.861    6.81526     7.6159     7.5628    24.6635   12.26662 6.5472e+02      1.879 0.0000e+00
        173 133.717720    0.01194     0.7167     43.000  1024.6615  50119.574    31.5878      1.839    6.81195     7.6434     7.5868    24.6530   12.26125 6.9499e+02      1.856 0.0000e+00
        174 133.717723    0.01201     0.7208     43.250  1024.6413  50083.286    31.5673      1.820    6.80831     7.6655     7.6161    24.6328   12.25548 7.3276e+02      1.837 0.0000e+00
        175 133.717726    0.01208     0.7250     43.500  1024.6168  50039.096    31.5409      1.812    6.80521     7.6813     7.6435    24.6084   12.25069 7.4593e+02      1.829 0.0000e+00
        176 133.717729    0.01215     0.7292     43.750  1024.5933  49996.590    31.5149      1.819    6.80294     7.6917     7.6657    24.5848   12.24725 7.2823e+02      1.836 0.0000e+00
        177 133.717731    0.01222     0.7333     44.000  1024.5778  49968.512    31.4979      1.837    6.80124     7.6988     7.6815    24.5693   12.24465 7.0292e+02      1.855 0.0000e+00
        178 133.717734    0.01229     0.7375     44.250  1024.5759  49965.033    31.4971      1.860    6.79967     7.7072     7.6918    24.5673   12.24206 6.7375e+02      1.877 0.0000e+00
        179 133.717737    0.01236     0.7417     44.500  1024.5869  49985.135    31.5123      1.874    6.79789     7.7217     7.6990    24.5782   12.23893 6.4194e+02      1.891 0.0000e+00
        180 133.717740    0.01243     0.7458     44.750  1024.6011  50011.237    31.5319      1.870    6.79571     7.7425     7.7074    24.5924   12.23508 6.1734e+02      1.887 0.0000e+00
        181 133.717743    0.01250     0.7500     45.000  1024.6066  50021.762    31.5416      1.847    6.79303     7.7643     7.7219    24.5980   12.23054 5.9354e+02      1.865 0.0000e+00
        182 133.717746    0.01257     0.7542     45.250  1024.6001  50010.622    31.5372      1.815    6.79002     7.7815     7.7427    24.5917   12.22561 5.7545e+02      1.832 0.0000e+00
        183 133.717749    0.01264     0.7583     45.500  1024.5844  49982.760    31.5213      1.787    6.78735     7.7904     7.7645    24.5762   12.22140 5.7603e+02      1.804 0.0000e+00
        184 133.717752    0.01271     0.7625     45.750  1024.5669  49951.181    31.5020      1.776    6.78555     7.7902     7.7816    24.5586   12.21867 5.8341e+02      1.792 0.0000e+00
        185 133.717755    0.01278     0.7667     46.000  1024.5586  49936.294    31.4931      1.785    6.78457     7.7849     7.7905    24.5503   12.21716 5.7749e+02      1.801 0.0000e+00
        186 133.717758    0.01285     0.7708     46.250  1024.5652  49948.125    31.5013      1.807    6.78423     7.7818     7.7904    24.5568   12.21648 5.6893e+02      1.824 0.0000e+00
        187 133.717760    0.01292     0.7750     46.500  1024.5826  49979.529    31.5224      1.833    6.78411     7.7871     7.7851    24.5741   12.21603 5.6894e+02      1.850 0.0000e+00
        188 133.717763    0.01299     0.7792     46.750  1024.6012  50013.156    31.5454      1.853    6.78358     7.8028     7.7820    24.5926   12.21486 5.5599e+02      1.870 0.0000e+00
        189 133.717766    0.01306     0.7833     47.000  1024.6113  50031.694    31.5592      1.862    6.78215     7.8262     7.7873    24.6027   12.21233 5.2930e+02      1.880 0.0000e+00
        190 133.717769    0.01313     0.7875     47.250  1024.6104  50030.514    31.5609      1.858    6.77966     7.8534     7.8030    24.6018   12.20819 5.0197e+02      1.876 0.0000e+00
        191 133.717772    0.01319     0.7917     47.500  1024.6023  50016.415    31.5548      1.841    6.77632     7.8807     7.8264    24.5938   12.20274 4.7020e+02      1.859 0.0000e+00
        192 133.717775    0.01326     0.7958     47.750  1024.5891  49993.293    31.5430      1.813    6.77266     7.9042     7.8535    24.5807   12.19684 4.4181e+02      1.831 0.0000e+00
        193 133.717778    0.01333     0.8000     48.000  1024.5701  49959.606    31.5238      1.783    6.76930     7.9190     7.8809    24.5618   12.19151 4.2563e+02      1.800 0.0000e+00
        194 133.717781    0.01340     0.8042     48.250  1024.5462  49917.024    31.4978      1.761    6.76685     7.9209     7.9043    24.5381   12.18777 4.1854e+02      1.778 0.0000e+00
        195 133.717784    0.01347     0.8083     48.500  1024.5230  49875.125    31.4709      1.757    6.76577     7.9066     7.9191    24.5149   12.18632 4.1781e+02      1.774 0.0000e+00
        196 133.717786    0.01354     0.8125     48.750  1024.5089  49849.398    31.4532      1.776    6.76625     7.8764     7.9210    24.5007   12.18734 4.2258e+02      1.792 0.0000e+00
        197 133.717789    0.01361     0.8167     49.000  1024.5105  49851.686    31.4525      1.810    6.76848     7.8412     7.9067    24.5021   12.19105 4.2390e+02      1.827 0.0000e+00
        198 133.717792    0.01368     0.8208     49.250  1024.5327  49891.113    31.4752      1.844    6.77211     7.8187     7.8766    24.5242   12.19677 4.1920e+02      1.862 0.0000e+00
        199 133.717795    0.01375     0.8250     49.500  1024.5710  49959.706    31.5175      1.862    6.77567     7.8189     7.8414    24.5624   12.20212 4.2518e+02      1.880 0.0000e+00
        200 133.717798    0.01382     0.8292     49.750  1024.6012  50014.310    31.5521      1.853    6.77761     7.8348     7.8188    24.5927   12.20491 4.4346e+02      1.871 0.0000e+00
        201 133.717801    0.01389     0.8333     50.000  1024.6043  50020.217    31.5562      1.822    6.77739     7.8505     7.8190    24.5960   12.20450 4.5796e+02      1.839 0.0000e+00
        202 133.717804    0.01396     0.8375     50.250  1024.5840  49983.942    31.5335      1.781    6.77594     7.8533     7.8350    24.5758   12.20238 4.6836e+02      1.798 0.0000e+00
        203 133.717807    0.01403     0.8417     50.500  1024.5539  49929.698    31.4981      1.750    6.77510     7.8364     7.8507    24.5458   12.20141 4.7990e+02      1.766 0.0000e+00
        204 133.717810    0.01410     0.8458     50.750  1024.5264  49879.687    31.4636      1.744    6.77619     7.8000     7.8535    24.5183   12.20366 4.8510e+02      1.760 0.0000e+00
        205 133.717813    0.01417     0.8500     51.000  1024.5115  49851.838    31.4414      1.766    6.77979     7.7561     7.8366    24.5033   12.20988 4.8119e+02      1.783 0.0000e+00
        206 133.717815    0.01424     0.8542     51.250  1024.5210  49867.965    31.4468      1.806    6.78516     7.7233     7.8002    24.5126   12.21870 4.7945e+02      1.823 0.0000e+00
        207 133.717818    0.01431     0.8583     51.500  1024.5589  49935.834    31.4871      1.841    6.79016     7.7144     7.7563    24.5504   12.22647 4.8772e+02      1.858 0.0000e+00
        208 133.717821    0.01438     0.8625     51.750  1024.6028  50015.097    31.5371      1.853    6.79300     7.7271     7.7235    24.5943   12.23055 5.0498e+02      1.870 0.0000e+00
        209 133.717824    0.01444     0.8667     52.000  1024.6244  50054.283    31.5631      1.839    6.79323     7.7480     7.7146    24.6159   12.23060 5.3237e+02      1.856 0.0000e+00
        210 133.717827    0.01451     0.8708     52.250  1024.6180  50043.091    31.5574      1.810    6.79151     7.7637     7.7273    24.6097   12.22784 5.5320e+02      1.827 0.0000e+00
        211 133.717830    0.01458     0.8750     52.500  1024.5942  50000.324    31.5309      1.784    6.78945     7.7659     7.7482    24.5860   12.22476 5.4690e+02      1.801 0.0000e+00
        212 133.717833    0.01465     0.8792     52.750  1024.5686  49954.145    31.5012      1.775    6.78834     7.7513     7.7639    24.5605   12.22328 5.2899e+02      1.791 0.0000e+00
        213 133.717836    0.01472     0.8833     53.000  1024.5545  49928.233    31.4834      1.789    6.78880     7.7258     7.7660    24.5462   12.22426 5.1798e+02      1.806 0.0000e+00
        214 133.717839    0.01479     0.8875     53.250  1024.5576  49933.291    31.4846      1.823    6.79099     7.7022     7.7515    24.5492   12.22788 5.2003e+02      1.840 0.0000e+00
        215 133.717841    0.01486     0.8917     53.500  1024.5818  49976.545    31.5106      1.860    6.79379     7.6934     7.7259    24.5732   12.23218 5.3161e+02      1.878 0.0000e+00
        216 133.717844    0.01493     0.8958     53.750  1024.6201  50045.791    31.5551      1.886    6.79547     7.7059     7.7023    24.6114   12.23441 5.3335e+02      1.904 0.0000e+00
        217 133.717847    0.01500     0.9000     54.000  1024.6491  50098.429    31.5905      1.892    6.79526     7.7353     7.6935    24.6404   12.23363 5.2261e+02      1.909 0.0000e+00
        218 133.717850    0.01507     0.9042     54.250  1024.6514  50103.007    31.5957      1.877    6.79310     7.7702     7.7060    24.6427   12.22998 5.1222e+02      1.894 0.0000e+00
        219 133.717853    0.01514     0.9083     54.500  1024.6307  50066.095    31.5747      1.850    6.78948     7.8014     7.7354    24.6222   12.22426 5.0811e+02      1.867 0.0000e+00
        220 133.717856    0.01521     0.9125     54.750  1024.5991  50009.395    31.5408      1.824    6.78559     7.8255     7.7703    24.5906   12.21825 5.1330e+02      1.841 0.0000e+00
        221 133.717859    0.01528     0.9167     55.000  1024.5658  49949.615    31.5041      1.809    6.78239     7.8424     7.8016    24.5574   12.21340 5.1862e+02      1.826 0.0000e+00
        222 133.717862    0.01535     0.9208     55.250  1024.5384  49900.194    31.4735      1.808    6.78002     7.8538     7.8257    24.5300   12.20987 5.1602e+02      1.825 0.0000e+00
        223 133.717865    0.01542     0.9250     55.500  1024.5226  49871.656    31.4563      1.820    6.77817     7.8615     7.8426    24.5142   12.20702 5.1764e+02      1.838 0.0000e+00
        224 133.717867    0.01549     0.9292     55.750  1024.5203  49867.714    31.4553      1.839    6.77646     7.8674     7.8540    24.5118   12.20420 5.3452e+02      1.857 0.0000e+00
        225 133.717870    0.01556     0.9333     56.000  1024.5294  49884.487    31.4683      1.857    6.77471     7.8742     7.8617    24.5209   12.20115 5.6287e+02      1.874 0.0000e+00
        226 133.717873    0.01563     0.9375     56.250  1024.5434  49910.075    31.4871      1.866    6.77297     7.8846     7.8676    24.5349   12.19803 5.8664e+02      1.884 0.0000e+00
        227 133.717876    0.01569     0.9417     56.500  1024.5544  49930.221    31.5023      1.866    6.77124     7.8987     7.8744    24.5458   12.19499 5.8774e+02      1.884 0.0000e+00
        228 133.717879    0.01576     0.9458     56.750  1024.5589  49938.820    31.5100      1.858    6.76930     7.9146     7.8848    24.5504   12.19169 5.6790e+02      1.875 0.0000e+00
        229 133.717882    0.01583     0.9500     57.000  1024.5577  49936.976    31.5109      1.845    6.76710     7.9305     7.8989    24.5491   12.18803 5.4684e+02      1.862 0.0000e+00
        230 133.717885    0.01590     0.9542     57.250  1024.5521  49927.408    31.5068      1.830    6.76484     7.9448     7.9148    24.5436   12.18434 5.3070e+02      1.848 0.0000e+00
        231 133.717888    0.01597     0.9583     57.500  1024.5449  49914.912    31.5006      1.818    6.76267     7.9571     7.9307    24.5365   12.18083 5.0275e+02      1.835 0.0000e+00
        232 133.717891    0.01604     0.9625     57.750  1024.5386  49903.891    31.4951      1.806    6.76071     7.9683     7.9450    24.5303   12.17767 4.5579e+02      1.823 0.0000e+00
        233 133.717894    0.01611     0.9667     58.000  1024.5329  49894.000    31.4902      1.792    6.75904     7.9788     7.9573    24.5246   12.17496 4.0603e+02      1.808 0.0000e+00
        234 133.717896    0.01618     0.9708     58.250  1024.5261  49882.020    31.4836      1.774    6.75763     7.9878     7.9685    24.5179   12.17270 3.6831e+02      1.790 0.0000e+00
        235 133.717899    0.01625     0.9750     58.500  1024.5175  49866.940    31.4747      1.756    6.75641     7.9942     7.9789    24.5094   12.17080 3.4426e+02      1.772 0.0000e+00
        236 133.717902    0.01632     0.9792     58.750  1024.5090  49851.764    31.4655      1.740    6.75543     7.9975     7.9880    24.5009   12.16929 3.3160e+02      1.756 0.0000e+00
        237 133.717905    0.01639     0.9833     59.000  1024.5026  49840.410    31.4586      1.727    6.75475     7.9977     7.9944    24.4946   12.16825 3.2653e+02      1.743 0.0000e+00
        238 133.717908    0.01646     0.9875     59.250  1024.4991  49834.396    31.4549      1.712    6.75442     7.9961     7.9977    24.4912   12.16775 3.1376e+02      1.728 0.0000e+00
        239 133.717911    0.01653     0.9917     59.500  1024.4980  49832.425    31.4536      1.690    6.75444     7.9936     7.9979    24.4901   12.16780 2.9007e+02      1.705 0.0000e+00
        240 133.717914    0.01660     0.9958     59.750  1024.4971  49831.031    31.4523      1.655    6.75474     7.9898     7.9963    24.4894   12.16831 2.7484e+02      1.671 0.0000e+00
        241 133.717917    0.01667     1.0000     60.000  1024.4944  49826.514    31.4488      1.605    6.75528     7.9828     7.9938    24.4870   12.16924 2.7244e+02      1.620 0.0000e+00
        242 133.717920    0.01674     1.0042     60.250  1024.4894  49817.705    31.4420      1.541    6.75616     7.9696     7.9900    24.4822   12.17079 2.7505e+02      1.556 0.0000e+00
        243 133.717922    0.01681     1.0083     60.500  1024.4832  49806.749    31.4333      1.472    6.75764     7.9463     7.9829    24.4763   12.17334 2.8741e+02      1.485 0.0000e+00
        244 133.717925    0.01688     1.0125     60.750  1024.4788  49798.893    31.4257      1.409    6.76000     7.9087     7.9697    24.4722   12.17734 3.0763e+02      1.422 0.0000e+00
        245 133.717928    0.01694     1.0167     61.000  1024.4791  49799.285    31.4223      1.364    6.76374     7.8578     7.9464    24.4728   12.18358 3.1708e+02      1.376 0.0000e+00
        246 133.717931    0.01701     1.0208     61.250  1024.4874  49813.565    31.4263      1.334    6.76936     7.8020     7.9088    24.4813   12.19282 3.1595e+02      1.347 0.0000e+00
        247 133.717934    0.01708     1.0250     61.500  1024.5025  49839.839    31.4365      1.313    6.77676     7.7472     7.8579    24.4964   12.20493 3.1833e+02      1.325 0.0000e+00
        248 133.717937    0.01715     1.0292     61.750  1024.5082  49848.930    31.4339      1.292    6.78548     7.6880     7.8021    24.5022   12.21939 3.1222e+02      1.304 0.0000e+00
        249 133.717940    0.01722     1.0333     62.000  1024.4897  49814.180    31.4009      1.270    6.79542     7.6195     7.7474    24.4839   12.23625 2.8729e+02      1.282 0.0000e+00
        250 133.717943    0.01729     1.0375     62.250  1024.4661  49769.976    31.3604      1.246    6.80640     7.5505     7.6881    24.4603   12.25491 2.6102e+02      1.258 0.0000e+00
        251 133.717946    0.01736     1.0417     62.500  1024.4668  49770.303    31.3495      1.220    6.81753     7.4928     7.6196    24.4611   12.27345 2.4643e+02      1.232 0.0000e+00
        252 133.717948    0.01743     1.0458     62.750  1024.4895  49810.806    31.3664      1.191    6.82752     7.4501     7.5506    24.4839   12.28976 2.4304e+02      1.203 0.0000e+00
        253 133.717951    0.01750     1.0500     63.000  1024.5162  49858.937    31.3905      1.158    6.83544     7.4206     7.4929    24.5108   12.30255 2.4829e+02      1.170 0.0000e+00
        254 133.717954    0.01757     1.0542     63.250  1024.5385  49899.384    31.4117      1.121    6.84116     7.4009     7.4502    24.5333   12.31174 2.6203e+02      1.132 0.0000e+00
        255 133.717957    0.01764     1.0583     63.500  1024.5547  49928.954    31.4275      1.080    6.84507     7.3880     7.4207    24.5497   12.31802 2.8691e+02      1.090 0.0000e+00
