CTD-processing/allCTD/CNV--homogene/2016_02-14_t3_s07_cast106.cnv
* Sea-Bird SBE19plus Data File:
* FileName = C:\Users\Kris.Holderied\Documents\kasitsna\Research-KBL\Oceanography-AK\CTD-Data-ALL-to-2016-02\2016-CTD-KachemakBay-CookInlet\2016-02-CookInlet-quarterly\2016-02-14-CookInlet-Tran3-AnchorPt\2016-02-14-CookInlet-Tran3-cast106.hex
* Software Version 1.59
* Temperature SN =  5028
* Conductivity SN =  5028
* System UpLoad Time = Feb 15 2016 00:34:04
** Cook Inlet LTM Tran3 Anchor Pt Southeast to northwest

** Date: 02-14
** Station (ie. 9-01): 3-07
** Start time (AKST): 16:19
** Depth (m): 109
** Comment:  R/V Pandalus
** Comment:
# nquan = 17
# nvalues = 573                         
# units = specified
# name 0 = scan: Scan Count
# name 1 = timeJ: Julian Days
# name 2 = timeH: Time, Elapsed [hours]
# name 3 = timeM: Time, Elapsed [minutes]
# name 4 = timeS: Time, Elapsed [seconds]
# name 5 = density00: Density [density, kg/m^3]
# name 6 = specc: Specific Conductance [uS/cm]
# name 7 = sal00: Salinity, Practical [PSU]
# name 8 = depSM: Depth [salt water, m], lat = 59.00
# name 9 = oxsolML/L: Oxygen Saturation, Garcia & Gordon [ml/l]
# name 10 = potemp090C: Potential Temperature [ITS-90, deg C]
# name 11 = tv290C: Temperature [ITS-90, deg C]
# name 12 = sigma-é00: Density [sigma-theta, kg/m^3]
# name 13 = n2satML/L: Nitrogen Saturation [ml/l]
# name 14 = par: PAR/Irradiance, Biospherical/Licor
# name 15 = prdM: Pressure, Strain Gauge [db]
# name 16 = flag:  0.000e+00
# span 0 =          1,        573       
# span 1 =  45.680278,  45.681933       
# span 2 =    0.00000,    0.03972       
# span 3 =     0.0000,     2.3833       
# span 4 =      0.000,    143.000       
# span 5 =  1000.1617,  1024.3896       
# span 6 =    516.075,  49179.598       
# span 7 =     0.2376,    29.9955       
# span 8 =     -0.273,    107.498       
# span 9 =    7.64755,    9.34029       
# span 10 =     3.0398,     3.2549      
# span 11 =     3.0398,     3.2551      
# span 12 =     0.1630,    23.8787      
# span 13 =   13.66251,   16.92935      
# span 14 = 3.7976e-02, 2.2597e+01      
# span 15 =     -0.276,    108.540      
# span 16 = 0.0000e+00, 0.0000e+00      
# interval = seconds: 0.25
# start_time = Feb 14 2016 16:19:36 [Instrument's time stamp, header]
# bad_flag = -9.990e-29
*END*
[from data line 511]
        512  45.681756    0.03549     2.1292    127.750  1024.2960  49164.160    29.9942     87.968    7.64815     3.1693     3.1740    23.8778   13.66351 3.7976e-02     88.817 0.0000e+00
        513  45.681759    0.03556     2.1333    128.000  1024.2977  49164.320    29.9941     88.338    7.64814     3.1693     3.1741    23.8778   13.66350 3.7976e-02     89.192 0.0000e+00
        514  45.681762    0.03562     2.1375    128.250  1024.2994  49164.587    29.9941     88.705    7.64813     3.1694     3.1742    23.8778   13.66348 3.7976e-02     89.562 0.0000e+00
        515  45.681765    0.03569     2.1417    128.500  1024.3012  49164.973    29.9942     89.065    7.64811     3.1695     3.1742    23.8778   13.66345 3.7976e-02     89.926 0.0000e+00
        516  45.681768    0.03576     2.1458    128.750  1024.3030  49165.382    29.9943     89.419    7.64809     3.1696     3.1743    23.8779   13.66341 3.7976e-02     90.283 0.0000e+00
        517  45.681771    0.03583     2.1500    129.000  1024.3047  49165.694    29.9944     89.768    7.64807     3.1697     3.1744    23.8779   13.66337 3.7976e-02     90.635 0.0000e+00
        518  45.681774    0.03590     2.1542    129.250  1024.3063  49165.875    29.9944     90.112    7.64804     3.1697     3.1745    23.8779   13.66334 3.7976e-02     90.982 0.0000e+00
        519  45.681777    0.03597     2.1583    129.500  1024.3078  49165.983    29.9943     90.451    7.64803     3.1698     3.1746    23.8778   13.66331 3.7976e-02     91.325 0.0000e+00
        520  45.681780    0.03604     2.1625    129.750  1024.3093  49166.091    29.9942     90.784    7.64802     3.1698     3.1747    23.8778   13.66330 3.7976e-02     91.661 0.0000e+00
        521  45.681782    0.03611     2.1667    130.000  1024.3108  49166.240    29.9942     91.110    7.64802     3.1697     3.1747    23.8777   13.66329 3.7976e-02     91.990 0.0000e+00
        522  45.681785    0.03618     2.1708    130.250  1024.3123  49166.456    29.9941     91.429    7.64802     3.1697     3.1747    23.8777   13.66329 3.7976e-02     92.312 0.0000e+00
        523  45.681788    0.03625     2.1750    130.500  1024.3138  49166.767    29.9942     91.742    7.64802     3.1697     3.1747    23.8778   13.66328 3.7976e-02     92.628 0.0000e+00
        524  45.681791    0.03632     2.1792    130.750  1024.3154  49167.134    29.9943     92.050    7.64801     3.1697     3.1747    23.8778   13.66327 3.7976e-02     92.939 0.0000e+00
        525  45.681794    0.03639     2.1833    131.000  1024.3169  49167.523    29.9944     92.355    7.64800     3.1697     3.1747    23.8779   13.66326 3.7976e-02     93.248 0.0000e+00
        526  45.681797    0.03646     2.1875    131.250  1024.3185  49167.958    29.9945     92.660    7.64799     3.1698     3.1748    23.8781   13.66323 3.7976e-02     93.556 0.0000e+00
        527  45.681800    0.03653     2.1917    131.500  1024.3201  49168.435    29.9947     92.967    7.64797     3.1699     3.1748    23.8782   13.66320 3.7976e-02     93.866 0.0000e+00
        528  45.681803    0.03660     2.1958    131.750  1024.3217  49168.896    29.9949     93.280    7.64794     3.1701     3.1749    23.8783   13.66315 3.7976e-02     94.182 0.0000e+00
        529  45.681806    0.03667     2.2000    132.000  1024.3233  49169.259    29.9950     93.602    7.64791     3.1702     3.1750    23.8784   13.66310 3.7976e-02     94.507 0.0000e+00
        530  45.681808    0.03674     2.2042    132.250  1024.3250  49169.524    29.9950     93.934    7.64788     3.1702     3.1752    23.8784   13.66305 3.7976e-02     94.843 0.0000e+00
        531  45.681811    0.03681     2.2083    132.500  1024.3266  49169.746    29.9950     94.280    7.64786     3.1703     3.1753    23.8784   13.66302 3.7976e-02     95.192 0.0000e+00
        532  45.681814    0.03687     2.2125    132.750  1024.3283  49169.934    29.9950     94.640    7.64784     3.1703     3.1754    23.8784   13.66299 3.7976e-02     95.555 0.0000e+00
        533  45.681817    0.03694     2.2167    133.000  1024.3300  49170.076    29.9949     95.013    7.64783     3.1703     3.1754    23.8784   13.66298 3.7976e-02     95.932 0.0000e+00
        534  45.681820    0.03701     2.2208    133.250  1024.3317  49170.206    29.9948     95.397    7.64783     3.1703     3.1755    23.8783   13.66297 3.7976e-02     96.319 0.0000e+00
        535  45.681823    0.03708     2.2250    133.500  1024.3335  49170.396    29.9948     95.785    7.64783     3.1703     3.1755    23.8782   13.66296 3.7976e-02     96.712 0.0000e+00
        536  45.681826    0.03715     2.2292    133.750  1024.3353  49170.626    29.9947     96.173    7.64782     3.1703     3.1756    23.8782   13.66296 3.7976e-02     97.103 0.0000e+00
        537  45.681829    0.03722     2.2333    134.000  1024.3371  49170.839    29.9947     96.551    7.64782     3.1703     3.1756    23.8782   13.66296 3.7976e-02     97.485 0.0000e+00
        538  45.681832    0.03729     2.2375    134.250  1024.3388  49171.047    29.9947     96.912    7.64782     3.1703     3.1756    23.8782   13.66296 3.7976e-02     97.849 0.0000e+00
        539  45.681834    0.03736     2.2417    134.500  1024.3404  49171.253    29.9946     97.253    7.64782     3.1702     3.1756    23.8781   13.66296 3.7976e-02     98.194 0.0000e+00
        540  45.681837    0.03743     2.2458    134.750  1024.3419  49171.476    29.9946     97.573    7.64783     3.1702     3.1756    23.8781   13.66297 3.7976e-02     98.517 0.0000e+00
        541  45.681840    0.03750     2.2500    135.000  1024.3433  49171.722    29.9946     97.873    7.64783     3.1702     3.1756    23.8781   13.66297 3.7976e-02     98.820 0.0000e+00
        542  45.681843    0.03757     2.2542    135.250  1024.3447  49171.954    29.9947     98.154    7.64783     3.1702     3.1756    23.8782   13.66297 3.7976e-02     99.104 0.0000e+00
        543  45.681846    0.03764     2.2583    135.500  1024.3460  49172.159    29.9947     98.422    7.64783     3.1702     3.1756    23.8782   13.66297 3.7976e-02     99.375 0.0000e+00
        544  45.681849    0.03771     2.2625    135.750  1024.3472  49172.366    29.9947     98.683    7.64783     3.1702     3.1756    23.8782   13.66296 3.7976e-02     99.639 0.0000e+00
        545  45.681852    0.03778     2.2667    136.000  1024.3485  49172.614    29.9947     98.948    7.64782     3.1702     3.1756    23.8782   13.66295 3.7976e-02     99.906 0.0000e+00
        546  45.681855    0.03785     2.2708    136.250  1024.3499  49172.890    29.9948     99.223    7.64781     3.1702     3.1756    23.8783   13.66294 3.7976e-02    100.185 0.0000e+00
        547  45.681858    0.03792     2.2750    136.500  1024.3513  49173.181    29.9948     99.517    7.64780     3.1703     3.1757    23.8783   13.66292 3.7976e-02    100.481 0.0000e+00
        548  45.681861    0.03799     2.2792    136.750  1024.3529  49173.501    29.9949     99.832    7.64779     3.1703     3.1757    23.8784   13.66290 3.7976e-02    100.799 0.0000e+00
        549  45.681863    0.03806     2.2833    137.000  1024.3545  49173.847    29.9950    100.170    7.64778     3.1704     3.1758    23.8784   13.66288 3.7976e-02    101.141 0.0000e+00
        550  45.681866    0.03812     2.2875    137.250  1024.3563  49174.251    29.9951    100.531    7.64776     3.1704     3.1758    23.8785   13.66285 3.7976e-02    101.505 0.0000e+00
        551  45.681869    0.03819     2.2917    137.500  1024.3582  49174.710    29.9952    100.909    7.64774     3.1705     3.1759    23.8786   13.66282 3.7976e-02    101.887 0.0000e+00
        552  45.681872    0.03826     2.2958    137.750  1024.3601  49175.120    29.9953    101.298    7.64772     3.1706     3.1760    23.8787   13.66278 3.7976e-02    102.280 0.0000e+00
        553  45.681875    0.03833     2.3000    138.000  1024.3620  49175.454    29.9954    101.689    7.64769     3.1707     3.1761    23.8787   13.66274 3.7976e-02    102.675 0.0000e+00
        554  45.681878    0.03840     2.3042    138.250  1024.3639  49175.758    29.9955    102.075    7.64767     3.1707     3.1762    23.8787   13.66271 3.7976e-02    103.065 0.0000e+00
        555  45.681881    0.03847     2.3083    138.500  1024.3656  49176.002    29.9955    102.451    7.64766     3.1708     3.1763    23.8787   13.66268 3.7976e-02    103.444 0.0000e+00
        556  45.681884    0.03854     2.3125    138.750  1024.3673  49176.180    29.9954    102.809    7.64764     3.1708     3.1763    23.8787   13.66266 3.7976e-02    103.806 0.0000e+00
        557  45.681887    0.03861     2.3167    139.000  1024.3689  49176.365    29.9954    103.149    7.64763     3.1708     3.1764    23.8787   13.66264 3.7976e-02    104.149 0.0000e+00
        558  45.681889    0.03868     2.3208    139.250  1024.3704  49176.592    29.9954    103.472    7.64762     3.1708     3.1764    23.8787   13.66262 3.7976e-02    104.475 0.0000e+00
        559  45.681892    0.03875     2.3250    139.500  1024.3719  49176.809    29.9954    103.782    7.64762     3.1708     3.1765    23.8787   13.66262 3.7976e-02    104.787 0.0000e+00
        560  45.681895    0.03882     2.3292    139.750  1024.3733  49177.005    29.9954    104.082    7.64762     3.1708     3.1765    23.8786   13.66262 3.7976e-02    105.090 0.0000e+00
        561  45.681898    0.03889     2.3333    140.000  1024.3747  49177.221    29.9954    104.378    7.64761     3.1708     3.1765    23.8786   13.66261 3.7976e-02    105.389 0.0000e+00
        562  45.681901    0.03896     2.3375    140.250  1024.3761  49177.438    29.9954    104.674    7.64761     3.1708     3.1765    23.8786   13.66260 3.7976e-02    105.688 0.0000e+00
        563  45.681904    0.03903     2.3417    140.500  1024.3776  49177.677    29.9954    104.973    7.64760     3.1708     3.1765    23.8786   13.66259 3.7976e-02    105.991 0.0000e+00
        564  45.681907    0.03910     2.3458    140.750  1024.3791  49177.943    29.9954    105.278    7.64760     3.1708     3.1766    23.8787   13.66258 3.7976e-02    106.299 0.0000e+00
        565  45.681910    0.03917     2.3500    141.000  1024.3805  49178.174    29.9954    105.588    7.64759     3.1708     3.1766    23.8787   13.66257 3.7976e-02    106.612 0.0000e+00
        566  45.681913    0.03924     2.3542    141.250  1024.3820  49178.379    29.9954    105.903    7.64759     3.1708     3.1766    23.8787   13.66256 3.7976e-02    106.930 0.0000e+00
        567  45.681916    0.03931     2.3583    141.500  1024.3835  49178.603    29.9954    106.217    7.64758     3.1708     3.1766    23.8787   13.66256 3.7976e-02    107.248 0.0000e+00
        568  45.681918    0.03938     2.3625    141.750  1024.3850  49178.862    29.9954    106.525    7.64758     3.1708     3.1767    23.8787   13.66255 3.7976e-02    107.558 0.0000e+00
        569  45.681921    0.03944     2.3667    142.000  1024.3864  49179.123    29.9955    106.816    7.64757     3.1709     3.1767    23.8787   13.66254 3.7976e-02    107.853 0.0000e+00
        570  45.681924    0.03951     2.3708    142.250  1024.3876  49179.311    29.9955    107.079    7.64757     3.1709     3.1767    23.8787   13.66253 3.7976e-02    108.117 0.0000e+00
        571  45.681927    0.03958     2.3750    142.500  1024.3886  49179.436    29.9955    107.295    7.64756     3.1709     3.1768    23.8787   13.66252 3.7976e-02    108.335 0.0000e+00
        572  45.681930    0.03965     2.3792    142.750  1024.3893  49179.547    29.9955    107.444    7.64755 -9.990e-29     3.1768    23.8787   13.66251 3.7976e-02    108.485 0.0000e+00
        573  45.681933    0.03972     2.3833    143.000  1024.3896  49179.598    29.9955    107.498    7.64755 -9.990e-29     3.1768    23.8787   13.66251 3.7976e-02    108.540 0.0000e+00
