CTD-processing/allCTD/CNV--homogene/2016_04-07_t9_s03_cast167.cnv
* Sea-Bird SBE19plus Data File:
* FileName = C:\Users\Kris.Holderied\Documents\kasitsna\Research-KBL\Oceanography-AK\CTD-Data-ALL-to-2016-02\2016-CTD-KachemakBay-CookInlet\2016-04-CookInlet-quarterly\2016-04-06-Tran9-HomerSpit\2016-04-06-CookInlet-Tran9-cast167.hex
* Software Version 1.59
* Temperature SN =  5028
* Conductivity SN =  5028
* System UpLoad Time = Apr 10 2016 01:33:08
** Cook Inlet LTM Tran9 Homer Spit
** Date (YYYY-MM-DD): 2016-04-07
** Station (ie. 9-01): 9-03
** Start time (AKST): 14:33
** Depth (m): 94
** Comment:  KBL R/V Barnacle
** Comment:
# nquan = 17
# nvalues = 765                         
# units = specified
# name 0 = scan: Scan Count
# name 1 = timeJ: Julian Days
# name 2 = timeH: Time, Elapsed [hours]
# name 3 = timeM: Time, Elapsed [minutes]
# name 4 = timeS: Time, Elapsed [seconds]
# name 5 = density00: Density [density, kg/m^3]
# name 6 = specc: Specific Conductance [uS/cm]
# name 7 = sal00: Salinity, Practical [PSU]
# name 8 = depSM: Depth [salt water, m], lat = 59.00
# name 9 = oxsolML/L: Oxygen Saturation, Garcia & Gordon [ml/l]
# name 10 = potemp090C: Potential Temperature [ITS-90, deg C]
# name 11 = tv290C: Temperature [ITS-90, deg C]
# name 12 = sigma-é00: Density [sigma-theta, kg/m^3]
# name 13 = n2satML/L: Nitrogen Saturation [ml/l]
# name 14 = par: PAR/Irradiance, Biospherical/Licor
# name 15 = prdM: Pressure, Strain Gauge [db]
# name 16 = flag:  0.000e+00
# span 0 =          1,        765       
# span 1 =  98.606910,  98.609120       
# span 2 =    0.00000,    0.05306       
# span 3 =     0.0000,     3.1833       
# span 4 =      0.000,    191.000       
# span 5 =  1024.1476,  1025.2057       
# span 6 =  49206.067,  50453.838       
# span 7 =    30.7282,    31.4705       
# span 8 =      0.110,     91.677       
# span 9 =    7.05476,    7.09117       
# span 10 =     5.8810,     6.3106      
# span 11 =     5.8883,     6.3106      
# span 12 =    24.1443,    24.7788      
# span 13 =   12.67326,   12.72433      
# span 14 = 4.2389e-02, 1.4893e+03      
# span 15 =      0.111,     92.563      
# span 16 = 0.0000e+00, 0.0000e+00      
# interval = seconds: 0.25
# start_time = Apr 07 2016 14:33:57 [Instrument's time stamp, header]
# bad_flag = -9.990e-29
*END*
[from data line 681]
        682  98.608880    0.04729     2.8375    170.250  1025.2051  50453.458    31.4703     91.373    7.09112     5.8810     5.8883    24.7786   12.72419 4.2636e-02     92.255 0.0000e+00
        683  98.608883    0.04736     2.8417    170.500  1025.2055  50453.689    31.4704     91.426    7.09112     5.8811     5.8883    24.7787   12.72419 4.2634e-02     92.309 0.0000e+00
        684  98.608886    0.04743     2.8458    170.750  1025.2057  50453.814    31.4705     91.449    7.09111     5.8813     5.8883    24.7788   12.72418 4.2627e-02     92.332 0.0000e+00
        685  98.608889    0.04750     2.8500    171.000  1025.2057  50453.838    31.4705     91.441    7.09110     5.8816     5.8884    24.7788   12.72415 4.2623e-02     92.324 0.0000e+00
        686  98.608892    0.04757     2.8542    171.250  1025.2054  50453.687    31.4705     91.404    7.09107     5.8819     5.8886    24.7787   12.72411 4.2630e-02     92.287 0.0000e+00
        687  98.608895    0.04764     2.8583    171.500  1025.2050  50453.308    31.4703     91.341    7.09103     5.8822     5.8888    24.7786   12.72405 4.2644e-02     92.224 0.0000e+00
        688  98.608898    0.04771     2.8625    171.750  1025.2044  50452.762    31.4700     91.262    7.09099     5.8825     5.8892    24.7783   12.72398 4.2658e-02     92.144 0.0000e+00
        689  98.608900    0.04778     2.8667    172.000  1025.2037  50452.179    31.4697     91.178    7.09095     5.8826     5.8895    24.7780   12.72393 4.2669e-02     92.059 0.0000e+00
        690  98.608903    0.04785     2.8708    172.250  1025.2031  50451.669    31.4695     91.101    7.09093     5.8827     5.8897    24.7778   12.72389 4.2673e-02     91.982 0.0000e+00
        691  98.608906    0.04792     2.8750    172.500  1025.2026  50451.249    31.4692     91.040    7.09091     5.8827     5.8898    24.7776   12.72388 4.2673e-02     91.920 0.0000e+00
        692  98.608909    0.04799     2.8792    172.750  1025.2023  50450.905    31.4690     90.998    7.09091     5.8826     5.8899    24.7774   12.72388 4.2670e-02     91.877 0.0000e+00
        693  98.608912    0.04806     2.8833    173.000  1025.2020  50450.645    31.4689     90.974    7.09092     5.8825     5.8899    24.7773   12.72389 4.2663e-02     91.853 0.0000e+00
        694  98.608915    0.04813     2.8875    173.250  1025.2019  50450.461    31.4687     90.964    7.09094     5.8824     5.8898    24.7772   12.72393 4.2653e-02     91.843 0.0000e+00
        695  98.608918    0.04819     2.8917    173.500  1025.2018  50450.337    31.4686     90.962    7.09096     5.8823     5.8897    24.7771   12.72397 4.2644e-02     91.840 0.0000e+00
        696  98.608921    0.04826     2.8958    173.750  1025.2017  50450.232    31.4685     90.962    7.09099     5.8822     5.8896    24.7771   12.72401 4.2641e-02     91.841 0.0000e+00
        697  98.608924    0.04833     2.9000    174.000  1025.2017  50450.125    31.4684     90.964    7.09101     5.8823     5.8895    24.7770   12.72404 4.2641e-02     91.842 0.0000e+00
        698  98.608927    0.04840     2.9042    174.250  1025.2016  50450.012    31.4683     90.968    7.09102     5.8823     5.8894    24.7769   12.72405 4.2638e-02     91.847 0.0000e+00
        699  98.608929    0.04847     2.9083    174.500  1025.2016  50449.890    31.4682     90.978    7.09102     5.8823     5.8895    24.7769   12.72405 4.2633e-02     91.857 0.0000e+00
        700  98.608932    0.04854     2.9125    174.750  1025.2016  50449.778    31.4682     90.993    7.09101     5.8824     5.8895    24.7768   12.72405 4.2632e-02     91.872 0.0000e+00
        701  98.608935    0.04861     2.9167    175.000  1025.2016  50449.721    31.4681     91.008    7.09101     5.8824     5.8895    24.7768   12.72404 4.2633e-02     91.887 0.0000e+00
        702  98.608938    0.04868     2.9208    175.250  1025.2017  50449.744    31.4681     91.017    7.09100     5.8824     5.8896    24.7768   12.72403 4.2634e-02     91.896 0.0000e+00
        703  98.608941    0.04875     2.9250    175.500  1025.2017  50449.793    31.4682     91.014    7.09100     5.8825     5.8896    24.7768   12.72402 4.2636e-02     91.893 0.0000e+00
        704  98.608944    0.04882     2.9292    175.750  1025.2017  50449.841    31.4682     91.000    7.09099     5.8826     5.8897    24.7768   12.72401 4.2639e-02     91.878 0.0000e+00
        705  98.608947    0.04889     2.9333    176.000  1025.2016  50449.880    31.4683     90.976    7.09097     5.8827     5.8897    24.7769   12.72399 4.2640e-02     91.855 0.0000e+00
        706  98.608950    0.04896     2.9375    176.250  1025.2015  50449.865    31.4683     90.952    7.09096     5.8827     5.8898    24.7769   12.72396 4.2639e-02     91.831 0.0000e+00
        707  98.608953    0.04903     2.9417    176.500  1025.2013  50449.763    31.4683     90.935    7.09095     5.8828     5.8899    24.7768   12.72394 4.2639e-02     91.813 0.0000e+00
        708  98.608955    0.04910     2.9458    176.750  1025.2012  50449.595    31.4682     90.929    7.09094     5.8827     5.8900    24.7767   12.72393 4.2638e-02     91.807 0.0000e+00
        709  98.608958    0.04917     2.9500    177.000  1025.2012  50449.425    31.4680     90.936    7.09094     5.8826     5.8901    24.7766   12.72392 4.2631e-02     91.815 0.0000e+00
        710  98.608961    0.04924     2.9542    177.250  1025.2012  50449.345    31.4680     90.956    7.09094     5.8825     5.8900    24.7766   12.72394 4.2615e-02     91.835 0.0000e+00
        711  98.608964    0.04931     2.9583    177.500  1025.2014  50449.443    31.4680     90.983    7.09096     5.8823     5.8899    24.7766   12.72396 4.2596e-02     91.862 0.0000e+00
        712  98.608967    0.04938     2.9625    177.750  1025.2017  50449.730    31.4682     91.014    7.09098     5.8821     5.8897    24.7767   12.72399 4.2582e-02     91.893 0.0000e+00
        713  98.608970    0.04944     2.9667    178.000  1025.2020  50450.127    31.4684     91.043    7.09099     5.8820     5.8896    24.7769   12.72402 4.2580e-02     91.922 0.0000e+00
        714  98.608973    0.04951     2.9708    178.250  1025.2023  50450.491    31.4686     91.068    7.09101     5.8820     5.8894    24.7771   12.72404 4.2580e-02     91.947 0.0000e+00
        715  98.608976    0.04958     2.9750    178.500  1025.2025  50450.759    31.4688     91.088    7.09103     5.8819     5.8893    24.7773   12.72406 4.2577e-02     91.968 0.0000e+00
        716  98.608979    0.04965     2.9792    178.750  1025.2027  50450.958    31.4689     91.103    7.09104     5.8819     5.8892    24.7774   12.72407 4.2572e-02     91.983 0.0000e+00
        717  98.608981    0.04972     2.9833    179.000  1025.2028  50451.115    31.4690     91.112    7.09104     5.8819     5.8892    24.7775   12.72408 4.2558e-02     91.992 0.0000e+00
        718  98.608984    0.04979     2.9875    179.250  1025.2029  50451.240    31.4690     91.111    7.09104     5.8820     5.8892    24.7775   12.72407 4.2539e-02     91.991 0.0000e+00
        719  98.608987    0.04986     2.9917    179.500  1025.2028  50451.306    31.4691     91.096    7.09103     5.8821     5.8892    24.7776   12.72407 4.2525e-02     91.976 0.0000e+00
        720  98.608990    0.04993     2.9958    179.750  1025.2027  50451.300    31.4691     91.069    7.09102     5.8824     5.8892    24.7776   12.72405 4.2519e-02     91.949 0.0000e+00
        721  98.608993    0.05000     3.0000    180.000  1025.2025  50451.193    31.4691     91.036    7.09099     5.8826     5.8894    24.7775   12.72401 4.2515e-02     91.916 0.0000e+00
        722  98.608996    0.05007     3.0042    180.250  1025.2023  50450.951    31.4690     91.005    7.09096     5.8828     5.8896    24.7774   12.72396 4.2515e-02     91.885 0.0000e+00
        723  98.608999    0.05014     3.0083    180.500  1025.2020  50450.612    31.4688     90.983    7.09094     5.8828     5.8898    24.7773   12.72392 4.2513e-02     91.862 0.0000e+00
        724  98.609002    0.05021     3.0125    180.750  1025.2018  50450.237    31.4686     90.972    7.09092     5.8828     5.8900    24.7771   12.72389 4.2509e-02     91.851 0.0000e+00
        725  98.609005    0.05028     3.0167    181.000  1025.2016  50449.905    31.4684     90.971    7.09092     5.8826     5.8900    24.7769   12.72389 4.2507e-02     91.850 0.0000e+00
        726  98.609008    0.05035     3.0208    181.250  1025.2015  50449.747    31.4683     90.977    7.09094     5.8824     5.8900    24.7768   12.72392 4.2506e-02     91.856 0.0000e+00
        727  98.609010    0.05042     3.0250    181.500  1025.2016  50449.824    31.4683     90.985    7.09096     5.8823     5.8898    24.7769   12.72396 4.2505e-02     91.864 0.0000e+00
        728  98.609013    0.05049     3.0292    181.750  1025.2017  50450.059    31.4684     90.993    7.09099     5.8822     5.8896    24.7770   12.72400 4.2502e-02     91.872 0.0000e+00
        729  98.609016    0.05056     3.0333    182.000  1025.2019  50450.305    31.4685     91.003    7.09101     5.8821     5.8895    24.7771   12.72403 4.2495e-02     91.883 0.0000e+00
        730  98.609019    0.05063     3.0375    182.250  1025.2021  50450.446    31.4686     91.023    7.09102     5.8821     5.8894    24.7771   12.72405 4.2491e-02     91.903 0.0000e+00
        731  98.609022    0.05069     3.0417    182.500  1025.2022  50450.454    31.4686     91.055    7.09103     5.8821     5.8893    24.7771   12.72406 4.2492e-02     91.935 0.0000e+00
        732  98.609025    0.05076     3.0458    182.750  1025.2023  50450.398    31.4685     91.098    7.09103     5.8822     5.8893    24.7771   12.72407 4.2493e-02     91.978 0.0000e+00
        733  98.609028    0.05083     3.0500    183.000  1025.2025  50450.328    31.4684     91.141    7.09103     5.8822     5.8893    24.7770   12.72408 4.2493e-02     92.022 0.0000e+00
        734  98.609031    0.05090     3.0542    183.250  1025.2026  50450.235    31.4684     91.173    7.09103     5.8823     5.8894    24.7770   12.72407 4.2488e-02     92.054 0.0000e+00
        735  98.609034    0.05097     3.0583    183.500  1025.2027  50450.191    31.4684     91.185    7.09102     5.8824     5.8894    24.7769   12.72405 4.2480e-02     92.066 0.0000e+00
        736  98.609036    0.05104     3.0625    183.750  1025.2027  50450.271    31.4684     91.176    7.09100     5.8826     5.8895    24.7770   12.72402 4.2471e-02     92.056 0.0000e+00
        737  98.609039    0.05111     3.0667    184.000  1025.2026  50450.412    31.4685     91.153    7.09098     5.8827     5.8896    24.7771   12.72398 4.2464e-02     92.033 0.0000e+00
        738  98.609042    0.05118     3.0708    184.250  1025.2026  50450.492    31.4686     91.129    7.09095     5.8828     5.8898    24.7772   12.72393 4.2456e-02     92.010 0.0000e+00
        739  98.609045    0.05125     3.0750    184.500  1025.2025  50450.429    31.4686     91.118    7.09093     5.8829     5.8899    24.7771   12.72390 4.2451e-02     91.998 0.0000e+00
        740  98.609048    0.05132     3.0792    184.750  1025.2024  50450.226    31.4685     91.126    7.09091     5.8828     5.8900    24.7770   12.72387 4.2452e-02     92.006 0.0000e+00
        741  98.609051    0.05139     3.0833    185.000  1025.2024  50449.937    31.4683     91.155    7.09091     5.8827     5.8901    24.7769   12.72388 4.2455e-02     92.036 0.0000e+00
        742  98.609054    0.05146     3.0875    185.250  1025.2024  50449.642    31.4681     91.204    7.09093     5.8826     5.8901    24.7767   12.72391 4.2453e-02     92.086 0.0000e+00
        743  98.609057    0.05153     3.0917    185.500  1025.2026  50449.407    31.4679     91.269    7.09095     5.8826     5.8900    24.7765   12.72395 4.2453e-02     92.151 0.0000e+00
        744  98.609060    0.05160     3.0958    185.750  1025.2028  50449.268    31.4677     91.344    7.09097     5.8826     5.8899    24.7764   12.72399 4.2456e-02     92.227 0.0000e+00
        745  98.609062    0.05167     3.1000    186.000  1025.2031  50449.196    31.4676     91.422    7.09098     5.8826     5.8898    24.7764   12.72401 4.2458e-02     92.306 0.0000e+00
        746  98.609065    0.05174     3.1042    186.250  1025.2034  50449.095    31.4675     91.496    7.09099     5.8827     5.8898    24.7763   12.72402 4.2457e-02     92.380 0.0000e+00
        747  98.609068    0.05181     3.1083    186.500  1025.2036  50448.932    31.4674     91.559    7.09099     5.8828     5.8898    24.7761   12.72402 4.2453e-02     92.444 0.0000e+00
        748  98.609071    0.05187     3.1125    186.750  1025.2037  50448.736    31.4672     91.608    7.09098     5.8829     5.8899    24.7760   12.72401 4.2450e-02     92.493 0.0000e+00
        749  98.609074    0.05194     3.1167    187.000  1025.2037  50448.517    31.4671     91.642    7.09097     5.8830     5.8901    24.7759   12.72399 4.2450e-02     92.528 0.0000e+00
        750  98.609077    0.05201     3.1208    187.250  1025.2037  50448.348    31.4670     91.663    7.09096     5.8831     5.8902    24.7758   12.72397 4.2448e-02     92.548 0.0000e+00
        751  98.609080    0.05208     3.1250    187.500  1025.2038  50448.327    31.4670     91.672    7.09094     5.8831     5.8903    24.7758   12.72393 4.2446e-02     92.558 0.0000e+00
        752  98.609083    0.05215     3.1292    187.750  1025.2038  50448.435    31.4671     91.676    7.09092     5.8832     5.8904    24.7759   12.72390 4.2445e-02     92.562 0.0000e+00
        753  98.609086    0.05222     3.1333    188.000  1025.2039  50448.556    31.4672     91.677    7.09091     5.8832     5.8904    24.7759   12.72389 4.2445e-02     92.563 0.0000e+00
        754  98.609089    0.05229     3.1375    188.250  1025.2039  50448.576    31.4672     91.675    7.09090     5.8833     5.8905    24.7759   12.72388 4.2445e-02     92.561 0.0000e+00
        755  98.609091    0.05236     3.1417    188.500  1025.2038  50448.490    31.4671     91.665    7.09090     5.8834     5.8905    24.7759   12.72387 4.2440e-02     92.551 0.0000e+00
        756  98.609094    0.05243     3.1458    188.750  1025.2037  50448.438    31.4671     91.644    7.09088     5.8836     5.8906    24.7759   12.72384 4.2432e-02     92.529 0.0000e+00
        757  98.609097    0.05250     3.1500    189.000  1025.2036  50448.482    31.4672     91.611    7.09086     5.8837     5.8907    24.7759   12.72381 4.2423e-02     92.496 0.0000e+00
        758  98.609100    0.05257     3.1542    189.250  1025.2034  50448.470    31.4673     91.573    7.09084     5.8838     5.8909    24.7759   12.72377 4.2415e-02     92.457 0.0000e+00
        759  98.609103    0.05264     3.1583    189.500  1025.2032  50448.285    31.4672     91.543    7.09082     5.8839     5.8910    24.7758   12.72374 4.2409e-02     92.427 0.0000e+00
        760  98.609106    0.05271     3.1625    189.750  1025.2030  50447.947    31.4670     91.531    7.09080     5.8840     5.8911    24.7757   12.72372 4.2405e-02     92.415 0.0000e+00
        761  98.609109    0.05278     3.1667    190.000  1025.2028  50447.494    31.4667     91.545    7.09080     5.8840     5.8912    24.7754   12.72372 4.2397e-02     92.429 0.0000e+00
        762  98.609112    0.05285     3.1708    190.250  1025.2027  50447.025    31.4664     91.579    7.09081     5.8839     5.8913    24.7751   12.72374 4.2391e-02     92.463 0.0000e+00
        763  98.609115    0.05292     3.1750    190.500  1025.2027  50446.683    31.4661     91.620    7.09083     5.8839     5.8913    24.7749   12.72376 4.2389e-02     92.505 0.0000e+00
        764  98.609117    0.05299     3.1792    190.750  1025.2028  50446.527    31.4659     91.652    7.09084 -9.990e-29     5.8912    24.7748   12.72378 4.2389e-02     92.537 0.0000e+00
        765  98.609120    0.05306     3.1833    191.000  1025.2028  50446.493    31.4659     91.663    7.09084 -9.990e-29     5.8912    24.7748   12.72379 4.2389e-02     92.548 0.0000e+00
