CTD-processing/allCTD/CNV--homogene/2016_05-12_t9_s02_cast235.cnv
* Sea-Bird SBE19plus Data File:
* FileName = C:\Users\Kris.Holderied\Documents\kasitsna\Research-KBL\Oceanography-AK\CTD-Data-ALL-to-2016-05\2016-CTD-KachemakBay-CookInlet\2016-05-12-CookInlet-HomerSpit-monthly\2016-05-12-CookInlet-Tran9-cast235.hex
* Software Version 1.59
* Temperature SN =  5028
* Conductivity SN =  5028
* System UpLoad Time = May 16 2016 17:05:43
** Cook Inlet LTM Tran9 Homer Spit north to south
** Date (YYYY-MM-DD): 2016-05-12
** Station (ie. 9-01):  9-02
** Start time (AKST): 14:16
** Depth (m): 73
** Comment:  R/V Edgecumbe
** Comment: on the clear side of convergence zone
# nquan = 17
# nvalues = 550                         
# units = specified
# name 0 = scan: Scan Count
# name 1 = timeJ: Julian Days
# name 2 = timeH: Time, Elapsed [hours]
# name 3 = timeM: Time, Elapsed [minutes]
# name 4 = timeS: Time, Elapsed [seconds]
# name 5 = density00: Density [density, kg/m^3]
# name 6 = specc: Specific Conductance [uS/cm]
# name 7 = sal00: Salinity, Practical [PSU]
# name 8 = depSM: Depth [salt water, m], lat = 59.00
# name 9 = oxsolML/L: Oxygen Saturation, Garcia & Gordon [ml/l]
# name 10 = potemp090C: Potential Temperature [ITS-90, deg C]
# name 11 = tv290C: Temperature [ITS-90, deg C]
# name 12 = sigma-é00: Density [sigma-theta, kg/m^3]
# name 13 = n2satML/L: Nitrogen Saturation [ml/l]
# name 14 = par: PAR/Irradiance, Biospherical/Licor
# name 15 = prdM: Pressure, Strain Gauge [db]
# name 16 = flag:  0.000e+00
# span 0 =          1,        550       
# span 1 = 133.595231, 133.596820       
# span 2 =    0.00000,    0.03812       
# span 3 =     0.0000,     2.2875       
# span 4 =      0.000,    137.250       
# span 5 =  1000.5703,  1024.8362       
# span 6 =   1688.468,  49981.231       
# span 7 =     0.8812,    31.2962       
# span 8 =      0.120,     61.081       
# span 9 =    6.88554,    8.31789       
# span 10 =     6.6126,     7.6207      
# span 11 =     6.6173,     7.6208      
# span 12 =     0.5697,    24.5520      
# span 13 =   12.39235,   15.20200      
# span 14 = 4.6433e-02, 1.4997e+03      
# span 15 =      0.121,     61.667      
# span 16 = 0.0000e+00, 0.0000e+00      
# interval = seconds: 0.25
# start_time = May 12 2016 14:17:08 [Instrument's time stamp, header]
# bad_flag = -9.990e-29
*END*
[from data line 426]
        427 133.596464    0.02958     1.7750    106.500  1024.5947  49779.561    31.1889     30.136    6.96781     6.7098     6.7180    24.4545   12.52395 1.2547e-01     30.422 0.0000e+00
        428 133.596467    0.02965     1.7792    106.750  1024.5961  49780.254    31.1888     30.393    6.96819     6.7061     6.7156    24.4547   12.52458 1.1950e-01     30.682 0.0000e+00
        429 133.596470    0.02972     1.7833    107.000  1024.5984  49782.514    31.1897     30.649    6.96867     6.7023     6.7124    24.4558   12.52536 1.1397e-01     30.941 0.0000e+00
        430 133.596473    0.02979     1.7875    107.250  1024.6012  49785.662    31.1911     30.909    6.96919     6.6984     6.7088    24.4574   12.52622 1.0877e-01     31.204 0.0000e+00
        431 133.596476    0.02986     1.7917    107.500  1024.6042  49789.098    31.1926     31.175    6.96974     6.6946     6.7050    24.4592   12.52710 1.0386e-01     31.472 0.0000e+00
        432 133.596479    0.02993     1.7958    107.750  1024.6073  49792.825    31.1944     31.446    6.97028     6.6909     6.7011    24.4611   12.52798 9.9218e-02     31.746 0.0000e+00
        433 133.596481    0.03000     1.8000    108.000  1024.6105  49796.618    31.1962     31.721    6.97081     6.6874     6.6973    24.4630   12.52883 9.4881e-02     32.024 0.0000e+00
        434 133.596484    0.03007     1.8042    108.250  1024.6137  49800.357    31.1980     31.999    6.97132     6.6842     6.6937    24.4649   12.52964 9.0873e-02     32.304 0.0000e+00
        435 133.596487    0.03014     1.8083    108.500  1024.6170  49804.175    31.1999     32.278    6.97180     6.6812     6.6902    24.4668   12.53040 8.7204e-02     32.585 0.0000e+00
        436 133.596490    0.03021     1.8125    108.750  1024.6202  49807.975    31.2018     32.556    6.97223     6.6784     6.6869    24.4687   12.53110 8.3853e-02     32.866 0.0000e+00
        437 133.596493    0.03028     1.8167    109.000  1024.6233  49811.426    31.2036     32.834    6.97263     6.6756     6.6840    24.4705   12.53174 8.0796e-02     33.146 0.0000e+00
        438 133.596496    0.03035     1.8208    109.250  1024.6261  49814.549    31.2051     33.110    6.97301     6.6730     6.6812    24.4720   12.53235 7.8012e-02     33.426 0.0000e+00
        439 133.596499    0.03042     1.8250    109.500  1024.6290  49817.792    31.2067     33.385    6.97338     6.6708     6.6785    24.4737   12.53294 7.5482e-02     33.703 0.0000e+00
        440 133.596502    0.03049     1.8292    109.750  1024.6320  49821.188    31.2085     33.657    6.97372     6.6692     6.6758    24.4754   12.53349 7.3183e-02     33.977 0.0000e+00
        441 133.596505    0.03056     1.8333    110.000  1024.6348  49824.215    31.2101     33.927    6.97400     6.6682     6.6737    24.4769   12.53393 7.1079e-02     34.250 0.0000e+00
        442 133.596508    0.03062     1.8375    110.250  1024.6372  49826.548    31.2113     34.198    6.97420     6.6675     6.6721    24.4780   12.53425 6.9134e-02     34.524 0.0000e+00
        443 133.596510    0.03069     1.8417    110.500  1024.6392  49828.187    31.2121     34.471    6.97433     6.6670     6.6711    24.4788   12.53444 6.7336e-02     34.799 0.0000e+00
        444 133.596513    0.03076     1.8458    110.750  1024.6409  49829.204    31.2126     34.744    6.97441     6.6665     6.6705    24.4793   12.53456 6.5691e-02     35.074 0.0000e+00
        445 133.596516    0.03083     1.8500    111.000  1024.6424  49829.776    31.2128     35.016    6.97447     6.6657     6.6700    24.4795   12.53467 6.4194e-02     35.350 0.0000e+00
        446 133.596519    0.03090     1.8542    111.250  1024.6438  49830.254    31.2129     35.288    6.97455     6.6648     6.6695    24.4796   12.53480 6.2828e-02     35.624 0.0000e+00
        447 133.596522    0.03097     1.8583    111.500  1024.6454  49831.063    31.2132     35.556    6.97466     6.6639     6.6687    24.4800   12.53498 6.1582e-02     35.895 0.0000e+00
        448 133.596525    0.03104     1.8625    111.750  1024.6472  49832.299    31.2138     35.821    6.97478     6.6633     6.6678    24.4805   12.53517 6.0446e-02     36.162 0.0000e+00
        449 133.596528    0.03111     1.8667    112.000  1024.6491  49833.630    31.2144     36.081    6.97489     6.6628     6.6670    24.4811   12.53534 5.9403e-02     36.425 0.0000e+00
        450 133.596531    0.03118     1.8708    112.250  1024.6508  49834.687    31.2149     36.339    6.97497     6.6625     6.6663    24.4816   12.53547 5.8442e-02     36.685 0.0000e+00
        451 133.596534    0.03125     1.8750    112.500  1024.6522  49835.369    31.2152     36.596    6.97502     6.6622     6.6659    24.4819   12.53555 5.7567e-02     36.945 0.0000e+00
        452 133.596536    0.03132     1.8792    112.750  1024.6536  49835.822    31.2153     36.853    6.97506     6.6618     6.6656    24.4820   12.53562 5.6776e-02     37.204 0.0000e+00
        453 133.596539    0.03139     1.8833    113.000  1024.6549  49836.219    31.2154     37.109    6.97510     6.6615     6.6653    24.4822   12.53569 5.6042e-02     37.462 0.0000e+00
        454 133.596542    0.03146     1.8875    113.250  1024.6562  49836.687    31.2156     37.362    6.97515     6.6612     6.6650    24.4823   12.53577 5.5358e-02     37.719 0.0000e+00
        455 133.596545    0.03153     1.8917    113.500  1024.6576  49837.276    31.2158     37.614    6.97520     6.6610     6.6647    24.4826   12.53584 5.4731e-02     37.972 0.0000e+00
        456 133.596548    0.03160     1.8958    113.750  1024.6590  49837.876    31.2161     37.862    6.97523     6.6610     6.6644    24.4828   12.53589 5.4151e-02     38.223 0.0000e+00
        457 133.596551    0.03167     1.9000    114.000  1024.6603  49838.280    31.2162     38.109    6.97525     6.6609     6.6643    24.4829   12.53591 5.3604e-02     38.472 0.0000e+00
        458 133.596554    0.03174     1.9042    114.250  1024.6614  49838.398    31.2162     38.354    6.97525     6.6608     6.6642    24.4829   12.53592 5.3102e-02     38.720 0.0000e+00
        459 133.596557    0.03181     1.9083    114.500  1024.6625  49838.392    31.2160     38.599    6.97526     6.6605     6.6642    24.4828   12.53593 5.2660e-02     38.967 0.0000e+00
        460 133.596560    0.03188     1.9125    114.750  1024.6636  49838.474    31.2160     38.844    6.97529     6.6600     6.6641    24.4828   12.53597 5.2262e-02     39.214 0.0000e+00
        461 133.596563    0.03194     1.9167    115.000  1024.6648  49838.775    31.2160     39.090    6.97533     6.6594     6.6638    24.4829   12.53605 5.1898e-02     39.463 0.0000e+00
        462 133.596565    0.03201     1.9208    115.250  1024.6661  49839.319    31.2162     39.339    6.97540     6.6588     6.6634    24.4831   12.53615 5.1557e-02     39.714 0.0000e+00
        463 133.596568    0.03208     1.9250    115.500  1024.6675  49839.896    31.2164     39.591    6.97548     6.6578     6.6628    24.4833   12.53628 5.1231e-02     39.968 0.0000e+00
        464 133.596571    0.03215     1.9292    115.750  1024.6689  49840.438    31.2165     39.844    6.97558     6.6566     6.6622    24.4835   12.53645 5.0922e-02     40.224 0.0000e+00
        465 133.596574    0.03222     1.9333    116.000  1024.6704  49841.221    31.2168     40.097    6.97571     6.6554     6.6612    24.4838   12.53667 5.0632e-02     40.480 0.0000e+00
        466 133.596577    0.03229     1.9375    116.250  1024.6721  49842.368    31.2172     40.350    6.97588     6.6542     6.6601    24.4843   12.53694 5.0357e-02     40.735 0.0000e+00
        467 133.596580    0.03236     1.9417    116.500  1024.6739  49843.769    31.2179     40.602    6.97605     6.6532     6.6588    24.4850   12.53721 5.0091e-02     40.989 0.0000e+00
        468 133.596583    0.03243     1.9458    116.750  1024.6758  49845.280    31.2186     40.853    6.97621     6.6524     6.6577    24.4857   12.53746 4.9840e-02     41.242 0.0000e+00
        469 133.596586    0.03250     1.9500    117.000  1024.6776  49846.707    31.2193     41.104    6.97633     6.6519     6.6567    24.4864   12.53766 4.9611e-02     41.496 0.0000e+00
        470 133.596589    0.03257     1.9542    117.250  1024.6793  49847.909    31.2199     41.357    6.97642     6.6515     6.6560    24.4869   12.53780 4.9397e-02     41.752 0.0000e+00
        471 133.596591    0.03264     1.9583    117.500  1024.6810  49848.903    31.2204     41.612    6.97648     6.6512     6.6555    24.4874   12.53790 4.9196e-02     42.009 0.0000e+00
        472 133.596594    0.03271     1.9625    117.750  1024.6825  49849.722    31.2207     41.868    6.97652     6.6510     6.6551    24.4877   12.53796 4.9008e-02     42.268 0.0000e+00
        473 133.596597    0.03278     1.9667    118.000  1024.6839  49850.331    31.2210     42.123    6.97655     6.6508     6.6548    24.4880   12.53801 4.8825e-02     42.525 0.0000e+00
        474 133.596600    0.03285     1.9708    118.250  1024.6853  49850.835    31.2212     42.374    6.97658     6.6506     6.6546    24.4881   12.53805 4.8651e-02     42.779 0.0000e+00
        475 133.596603    0.03292     1.9750    118.500  1024.6866  49851.362    31.2214     42.622    6.97661     6.6504     6.6544    24.4883   12.53809 4.8495e-02     43.029 0.0000e+00
        476 133.596606    0.03299     1.9792    118.750  1024.6879  49851.840    31.2216     42.867    6.97663     6.6501     6.6542    24.4885   12.53812 4.8354e-02     43.276 0.0000e+00
        477 133.596609    0.03306     1.9833    119.000  1024.6892  49852.220    31.2217     43.112    6.97665     6.6499     6.6540    24.4886   12.53816 4.8216e-02     43.524 0.0000e+00
        478 133.596612    0.03313     1.9875    119.250  1024.6905  49852.641    31.2219     43.360    6.97668     6.6495     6.6538    24.4887   12.53821 4.8086e-02     43.774 0.0000e+00
        479 133.596615    0.03319     1.9917    119.500  1024.6919  49853.241    31.2221     43.613    6.97671     6.6489     6.6536    24.4890   12.53825 4.7968e-02     44.030 0.0000e+00
        480 133.596617    0.03326     1.9958    119.750  1024.6935  49854.110    31.2225     43.871    6.97674     6.6481     6.6532    24.4894   12.53831 4.7847e-02     44.289 0.0000e+00
        481 133.596620    0.03333     2.0000    120.000  1024.6953  49855.392    31.2231     44.130    6.97680     6.6470     6.6527    24.4900   12.53839 4.7705e-02     44.551 0.0000e+00
        482 133.596623    0.03340     2.0042    120.250  1024.6974  49857.204    31.2241     44.389    6.97689     6.6457     6.6519    24.4908   12.53852 4.7533e-02     44.813 0.0000e+00
        483 133.596626    0.03347     2.0083    120.500  1024.6998  49859.592    31.2255     44.650    6.97700     6.6442     6.6508    24.4920   12.53869 4.7312e-02     45.076 0.0000e+00
        484 133.596629    0.03354     2.0125    120.750  1024.7025  49862.557    31.2272     44.911    6.97713     6.6425     6.6495    24.4935   12.53888 4.7147e-02     45.340 0.0000e+00
        485 133.596632    0.03361     2.0167    121.000  1024.7055  49866.025    31.2292     45.173    6.97728     6.6406     6.6481    24.4953   12.53910 4.7146e-02     45.604 0.0000e+00
        486 133.596635    0.03368     2.0208    121.250  1024.7088  49869.945    31.2315     45.436    6.97744     6.6386     6.6464    24.4973   12.53935 4.7181e-02     45.870 0.0000e+00
        487 133.596638    0.03375     2.0250    121.500  1024.7123  49874.326    31.2341     45.700    6.97763     6.6365     6.6445    24.4996   12.53962 4.7176e-02     46.137 0.0000e+00
        488 133.596641    0.03382     2.0292    121.750  1024.7160  49879.095    31.2369     45.964    6.97782     6.6344     6.6425    24.5021   12.53990 4.7176e-02     46.403 0.0000e+00
        489 133.596644    0.03389     2.0333    122.000  1024.7198  49884.059    31.2398     46.229    6.97802     6.6324     6.6405    24.5046   12.54020 4.7168e-02     46.670 0.0000e+00
        490 133.596646    0.03396     2.0375    122.250  1024.7237  49889.158    31.2429     46.493    6.97822     6.6306     6.6384    24.5073   12.54049 4.7149e-02     46.938 0.0000e+00
        491 133.596649    0.03403     2.0417    122.500  1024.7277  49894.461    31.2461     46.758    6.97839     6.6289     6.6364    24.5101   12.54073 4.7127e-02     47.205 0.0000e+00
        492 133.596652    0.03410     2.0458    122.750  1024.7318  49900.002    31.2494     47.022    6.97853     6.6272     6.6346    24.5130   12.54092 4.7098e-02     47.471 0.0000e+00
        493 133.596655    0.03417     2.0500    123.000  1024.7361  49905.810    31.2530     47.286    6.97864     6.6257     6.6329    24.5160   12.54105 4.7066e-02     47.738 0.0000e+00
        494 133.596658    0.03424     2.0542    123.250  1024.7405  49911.806    31.2568     47.551    6.97872     6.6242     6.6313    24.5192   12.54115 4.7037e-02     48.005 0.0000e+00
        495 133.596661    0.03431     2.0583    123.500  1024.7447  49917.517    31.2603     47.817    6.97881     6.6228     6.6297    24.5222   12.54125 4.7007e-02     48.274 0.0000e+00
        496 133.596664    0.03438     2.0625    123.750  1024.7485  49922.308    31.2633     48.085    6.97892     6.6217     6.6282    24.5247   12.54139 4.6974e-02     48.545 0.0000e+00
        497 133.596667    0.03444     2.0667    124.000  1024.7517  49926.102    31.2655     48.353    6.97903     6.6208     6.6269    24.5266   12.54155 4.6945e-02     48.815 0.0000e+00
        498 133.596670    0.03451     2.0708    124.250  1024.7545  49929.177    31.2674     48.621    6.97913     6.6202     6.6258    24.5282   12.54168 4.6924e-02     49.086 0.0000e+00
        499 133.596672    0.03458     2.0750    124.500  1024.7569  49931.612    31.2688     48.889    6.97920     6.6197     6.6250    24.5294   12.54177 4.6904e-02     49.356 0.0000e+00
        500 133.596675    0.03465     2.0792    124.750  1024.7591  49933.474    31.2698     49.157    6.97925     6.6193     6.6244    24.5303   12.54185 4.6884e-02     49.627 0.0000e+00
        501 133.596678    0.03472     2.0833    125.000  1024.7610  49934.870    31.2706     49.427    6.97929     6.6189     6.6239    24.5310   12.54191 4.6864e-02     49.900 0.0000e+00
        502 133.596681    0.03479     2.0875    125.250  1024.7628  49936.006    31.2712     49.698    6.97932     6.6186     6.6235    24.5315   12.54196 4.6845e-02     50.173 0.0000e+00
        503 133.596684    0.03486     2.0917    125.500  1024.7646  49937.279    31.2719     49.970    6.97935     6.6181     6.6232    24.5321   12.54199 4.6826e-02     50.447 0.0000e+00
        504 133.596687    0.03493     2.0958    125.750  1024.7667  49939.064    31.2729     50.241    6.97935     6.6174     6.6229    24.5330   12.54199 4.6802e-02     50.721 0.0000e+00
        505 133.596690    0.03500     2.1000    126.000  1024.7692  49941.555    31.2745     50.510    6.97936     6.6167     6.6224    24.5342   12.54198 4.6777e-02     50.993 0.0000e+00
        506 133.596693    0.03507     2.1042    126.250  1024.7720  49944.457    31.2762     50.778    6.97938     6.6160     6.6218    24.5357   12.54199 4.6759e-02     51.263 0.0000e+00
        507 133.596696    0.03514     2.1083    126.500  1024.7746  49947.189    31.2778     51.044    6.97942     6.6154     6.6211    24.5371   12.54203 4.6744e-02     51.532 0.0000e+00
        508 133.596698    0.03521     2.1125    126.750  1024.7770  49949.615    31.2793     51.310    6.97946     6.6149     6.6204    24.5383   12.54208 4.6729e-02     51.800 0.0000e+00
        509 133.596701    0.03528     2.1167    127.000  1024.7794  49951.823    31.2806     51.574    6.97950     6.6145     6.6198    24.5394   12.54211 4.6712e-02     52.067 0.0000e+00
        510 133.596704    0.03535     2.1208    127.250  1024.7816  49953.820    31.2818     51.836    6.97952     6.6142     6.6193    24.5404   12.54214 4.6687e-02     52.331 0.0000e+00
