CTD-processing/allCTD/CNV--homogene/2016_04-10_t6_s18_cast187.cnv
* Sea-Bird SBE19plus Data File:
* FileName = C:\Users\Kris.Holderied\Documents\kasitsna\Research-KBL\Oceanography-AK\CTD-Data-ALL-to-2016-02\2016-CTD-KachemakBay-CookInlet\2016-04-CookInlet-quarterly\2016-04-10-CookInlet-Tran6-Douglas\2016-04-10-CookInlet-Tran6-cast187.hex
* Software Version 1.59
* Temperature SN =  5028
* Conductivity SN =  5028
* System UpLoad Time = Apr 11 2016 02:20:07
** Cook Inlet LTM Tran6 Douglas east to west
** Date (YYYY-MM-DD): 2016-04-10
** Station (ie. 9-01):  6-18
** Start time (AKST): 13:05
** Depth (m): 172
** Comment:  R/V Pandalus. Skipped stations.
** Comment:
# nquan = 17
# nvalues = 945                         
# units = specified
# name 0 = scan: Scan Count
# name 1 = timeJ: Julian Days
# name 2 = timeH: Time, Elapsed [hours]
# name 3 = timeM: Time, Elapsed [minutes]
# name 4 = timeS: Time, Elapsed [seconds]
# name 5 = density00: Density [density, kg/m^3]
# name 6 = specc: Specific Conductance [uS/cm]
# name 7 = sal00: Salinity, Practical [PSU]
# name 8 = depSM: Depth [salt water, m], lat = 59.00
# name 9 = oxsolML/L: Oxygen Saturation, Garcia & Gordon [ml/l]
# name 10 = potemp090C: Potential Temperature [ITS-90, deg C]
# name 11 = tv290C: Temperature [ITS-90, deg C]
# name 12 = sigma-é00: Density [sigma-theta, kg/m^3]
# name 13 = n2satML/L: Nitrogen Saturation [ml/l]
# name 14 = par: PAR/Irradiance, Biospherical/Licor
# name 15 = prdM: Pressure, Strain Gauge [db]
# name 16 = flag:  0.000e+00
# span 0 =          1,        945       
# span 1 = 101.545174, 101.547905       
# span 2 =    0.00000,    0.06556       
# span 3 =     0.0000,     3.9333       
# span 4 =      0.000,    236.000       
# span 5 =  1000.4439,  1025.9284       
# span 6 =   1399.880,  51141.837       
# span 7 =     0.6895,    32.0391       
# span 8 =     -0.245,    168.354       
# span 9 =    6.94687,    8.42430       
# span 10 =     6.5378,     7.1348      
# span 11 =     6.5472,     7.1509      
# span 12 =     0.4450,    25.1469      
# span 13 =   12.48069,   15.38364      
# span 14 = 3.7976e-02, 1.0094e+03      
# span 15 =     -0.248,    170.013      
# span 16 = 0.0000e+00, 0.0000e+00      
# interval = seconds: 0.25
# start_time = Apr 10 2016 13:05:03 [Instrument's time stamp, header]
# bad_flag = -9.990e-29
*END*
[from data line 511]
        512 101.546652    0.03549     2.1292    127.750  1025.3473  50902.379    31.9248     63.083    6.95859     6.5604     6.5660    25.0540   12.49947 6.9786e-01     63.688 0.0000e+00
        513 101.546655    0.03556     2.1333    128.000  1025.3487  50903.077    31.9252     63.332    6.95859     6.5604     6.5659    25.0543   12.49945 6.8084e-01     63.939 0.0000e+00
        514 101.546658    0.03562     2.1375    128.250  1025.3501  50903.709    31.9255     63.571    6.95858     6.5603     6.5659    25.0546   12.49943 6.6504e-01     64.181 0.0000e+00
        515 101.546661    0.03569     2.1417    128.500  1025.3514  50904.335    31.9258     63.797    6.95856     6.5603     6.5658    25.0548   12.49941 6.5063e-01     64.408 0.0000e+00
        516 101.546664    0.03576     2.1458    128.750  1025.3526  50904.874    31.9261     64.005    6.95855     6.5601     6.5658    25.0551   12.49939 6.3760e-01     64.619 0.0000e+00
        517 101.546667    0.03583     2.1500    129.000  1025.3536  50905.287    31.9263     64.195    6.95856     6.5599     6.5657    25.0552   12.49939 6.2579e-01     64.810 0.0000e+00
        518 101.546670    0.03590     2.1542    129.250  1025.3546  50905.665    31.9264     64.366    6.95857     6.5597     6.5656    25.0554   12.49941 6.1493e-01     64.983 0.0000e+00
        519 101.546672    0.03597     2.1583    129.500  1025.3555  50906.109    31.9266     64.520    6.95859     6.5595     6.5654    25.0555   12.49945 6.0471e-01     65.139 0.0000e+00
        520 101.546675    0.03604     2.1625    129.750  1025.3563  50906.597    31.9269     64.661    6.95862     6.5593     6.5652    25.0557   12.49948 5.9497e-01     65.282 0.0000e+00
        521 101.546678    0.03611     2.1667    130.000  1025.3571  50906.980    31.9270     64.793    6.95864     6.5592     6.5650    25.0559   12.49952 5.8547e-01     65.415 0.0000e+00
        522 101.546681    0.03618     2.1708    130.250  1025.3578  50907.198    31.9271     64.920    6.95866     6.5591     6.5649    25.0560   12.49955 5.7571e-01     65.544 0.0000e+00
        523 101.546684    0.03625     2.1750    130.500  1025.3584  50907.364    31.9271     65.047    6.95868     6.5589     6.5647    25.0560   12.49958 5.6535e-01     65.672 0.0000e+00
        524 101.546687    0.03632     2.1792    130.750  1025.3591  50907.569    31.9272     65.179    6.95870     6.5588     6.5646    25.0560   12.49961 5.5430e-01     65.805 0.0000e+00
        525 101.546690    0.03639     2.1833    131.000  1025.3598  50907.831    31.9273     65.321    6.95871     6.5587     6.5645    25.0561   12.49963 5.4259e-01     65.948 0.0000e+00
        526 101.546693    0.03646     2.1875    131.250  1025.3607  50908.142    31.9274     65.477    6.95872     6.5586     6.5644    25.0563   12.49965 5.3027e-01     66.105 0.0000e+00
        527 101.546696    0.03653     2.1917    131.500  1025.3616  50908.458    31.9275     65.650    6.95873     6.5585     6.5643    25.0564   12.49966 5.1746e-01     66.280 0.0000e+00
        528 101.546698    0.03660     2.1958    131.750  1025.3625  50908.740    31.9276     65.842    6.95874     6.5584     6.5642    25.0564   12.49968 5.0426e-01     66.474 0.0000e+00
        529 101.546701    0.03667     2.2000    132.000  1025.3636  50908.943    31.9276     66.053    6.95875     6.5584     6.5642    25.0565   12.49970 4.9082e-01     66.688 0.0000e+00
        530 101.546704    0.03674     2.2042    132.250  1025.3646  50909.065    31.9276     66.283    6.95876     6.5583     6.5641    25.0564   12.49971 4.7741e-01     66.920 0.0000e+00
        531 101.546707    0.03681     2.2083    132.500  1025.3657  50909.189    31.9275     66.528    6.95877     6.5582     6.5641    25.0564   12.49973 4.6438e-01     67.167 0.0000e+00
        532 101.546710    0.03687     2.2125    132.750  1025.3669  50909.383    31.9275     66.782    6.95878     6.5581     6.5640    25.0565   12.49974 4.5202e-01     67.423 0.0000e+00
        533 101.546713    0.03694     2.2167    133.000  1025.3682  50909.651    31.9276     67.036    6.95879     6.5579     6.5640    25.0565   12.49976 4.4062e-01     67.680 0.0000e+00
        534 101.546716    0.03701     2.2208    133.250  1025.3694  50909.998    31.9277     67.281    6.95880     6.5577     6.5639    25.0566   12.49977 4.3042e-01     67.927 0.0000e+00
        535 101.546719    0.03708     2.2250    133.500  1025.3706  50910.431    31.9279     67.511    6.95881     6.5574     6.5637    25.0567   12.49979 4.2153e-01     68.159 0.0000e+00
        536 101.546722    0.03715     2.2292    133.750  1025.3718  50910.925    31.9281     67.723    6.95884     6.5572     6.5635    25.0569   12.49983 4.1397e-01     68.374 0.0000e+00
        537 101.546725    0.03722     2.2333    134.000  1025.3729  50911.484    31.9283     67.916    6.95886     6.5569     6.5633    25.0572   12.49988 4.0769e-01     68.568 0.0000e+00
        538 101.546727    0.03729     2.2375    134.250  1025.3740  50912.097    31.9286     68.089    6.95889     6.5567     6.5630    25.0574   12.49992 4.0243e-01     68.743 0.0000e+00
        539 101.546730    0.03736     2.2417    134.500  1025.3750  50912.682    31.9289     68.243    6.95891     6.5565     6.5627    25.0577   12.49995 3.9793e-01     68.899 0.0000e+00
        540 101.546733    0.03743     2.2458    134.750  1025.3759  50913.223    31.9292     68.383    6.95893     6.5564     6.5625    25.0580   12.49998 3.9399e-01     69.039 0.0000e+00
        541 101.546736    0.03750     2.2500    135.000  1025.3767  50913.757    31.9295     68.510    6.95895     6.5562     6.5624    25.0582   12.50000 3.9040e-01     69.168 0.0000e+00
        542 101.546739    0.03757     2.2542    135.250  1025.3775  50914.260    31.9297     68.630    6.95897     6.5560     6.5622    25.0584   12.50003 3.8702e-01     69.289 0.0000e+00
        543 101.546742    0.03764     2.2583    135.500  1025.3782  50914.715    31.9300     68.745    6.95898     6.5558     6.5621    25.0586   12.50005 3.8372e-01     69.406 0.0000e+00
        544 101.546745    0.03771     2.2625    135.750  1025.3790  50915.179    31.9302     68.860    6.95900     6.5556     6.5619    25.0588   12.50007 3.8042e-01     69.522 0.0000e+00
        545 101.546748    0.03778     2.2667    136.000  1025.3798  50915.746    31.9305     68.977    6.95901     6.5554     6.5617    25.0591   12.50009 3.7707e-01     69.640 0.0000e+00
        546 101.546751    0.03785     2.2708    136.250  1025.3807  50916.482    31.9310     69.098    6.95902     6.5551     6.5615    25.0594   12.50010 3.7363e-01     69.762 0.0000e+00
        547 101.546753    0.03792     2.2750    136.500  1025.3817  50917.472    31.9315     69.224    6.95903     6.5547     6.5613    25.0599   12.50011 3.7008e-01     69.889 0.0000e+00
        548 101.546756    0.03799     2.2792    136.750  1025.3830  50918.748    31.9323     69.356    6.95905     6.5542     6.5610    25.0606   12.50013 3.6643e-01     70.022 0.0000e+00
        549 101.546759    0.03806     2.2833    137.000  1025.3844  50920.242    31.9332     69.493    6.95908     6.5538     6.5606    25.0613   12.50016 3.6269e-01     70.161 0.0000e+00
        550 101.546762    0.03812     2.2875    137.250  1025.3859  50921.930    31.9342     69.636    6.95910     6.5534     6.5601    25.0622   12.50019 3.5886e-01     70.306 0.0000e+00
        551 101.546765    0.03819     2.2917    137.500  1025.3876  50923.788    31.9354     69.788    6.95911     6.5531     6.5597    25.0631   12.50019 3.5487e-01     70.459 0.0000e+00
        552 101.546768    0.03826     2.2958    137.750  1025.3893  50925.665    31.9365     69.948    6.95912     6.5529     6.5594    25.0641   12.50018 3.5070e-01     70.621 0.0000e+00
        553 101.546771    0.03833     2.3000    138.000  1025.3910  50927.403    31.9376     70.118    6.95911     6.5528     6.5591    25.0650   12.50016 3.4634e-01     70.792 0.0000e+00
        554 101.546774    0.03840     2.3042    138.250  1025.3926  50928.942    31.9385     70.295    6.95910     6.5526     6.5589    25.0658   12.50013 3.4185e-01     70.971 0.0000e+00
        555 101.546777    0.03847     2.3083    138.500  1025.3941  50930.260    31.9393     70.479    6.95909     6.5525     6.5587    25.0664   12.50010 3.3728e-01     71.157 0.0000e+00
        556 101.546780    0.03854     2.3125    138.750  1025.3955  50931.377    31.9400     70.668    6.95908     6.5524     6.5586    25.0670   12.50007 3.3265e-01     71.347 0.0000e+00
        557 101.546782    0.03861     2.3167    139.000  1025.3968  50932.345    31.9406     70.858    6.95906     6.5524     6.5585    25.0674   12.50005 3.2799e-01     71.539 0.0000e+00
        558 101.546785    0.03868     2.3208    139.250  1025.3981  50933.156    31.9410     71.047    6.95905     6.5523     6.5585    25.0678   12.50003 3.2334e-01     71.730 0.0000e+00
        559 101.546788    0.03875     2.3250    139.500  1025.3992  50933.793    31.9414     71.232    6.95905     6.5522     6.5584    25.0681   12.50001 3.1871e-01     71.917 0.0000e+00
        560 101.546791    0.03882     2.3292    139.750  1025.4002  50934.288    31.9416     71.410    6.95904     6.5522     6.5584    25.0683   12.50000 3.1413e-01     72.096 0.0000e+00
        561 101.546794    0.03889     2.3333    140.000  1025.4012  50934.687    31.9418     71.581    6.95904     6.5522     6.5584    25.0684   12.49999 3.0958e-01     72.269 0.0000e+00
        562 101.546797    0.03896     2.3375    140.250  1025.4021  50935.027    31.9419     71.749    6.95903     6.5522     6.5584    25.0686   12.49998 3.0500e-01     72.438 0.0000e+00
        563 101.546800    0.03903     2.3417    140.500  1025.4029  50935.327    31.9421     71.916    6.95903     6.5522     6.5584    25.0687   12.49997 3.0025e-01     72.607 0.0000e+00
        564 101.546803    0.03910     2.3458    140.750  1025.4038  50935.606    31.9422     72.086    6.95902     6.5522     6.5584    25.0687   12.49996 2.9519e-01     72.780 0.0000e+00
        565 101.546806    0.03917     2.3500    141.000  1025.4048  50935.925    31.9423     72.266    6.95901     6.5522     6.5584    25.0688   12.49995 2.8972e-01     72.961 0.0000e+00
        566 101.546808    0.03924     2.3542    141.250  1025.4059  50936.361    31.9426     72.460    6.95900     6.5522     6.5584    25.0690   12.49992 2.8381e-01     73.157 0.0000e+00
        567 101.546811    0.03931     2.3583    141.500  1025.4071  50936.919    31.9429     72.671    6.95898     6.5523     6.5584    25.0692   12.49989 2.7743e-01     73.370 0.0000e+00
        568 101.546814    0.03938     2.3625    141.750  1025.4084  50937.560    31.9432     72.902    6.95895     6.5524     6.5585    25.0695   12.49984 2.7067e-01     73.603 0.0000e+00
        569 101.546817    0.03944     2.3667    142.000  1025.4099  50938.226    31.9435     73.149    6.95892     6.5525     6.5585    25.0698   12.49979 2.6366e-01     73.852 0.0000e+00
        570 101.546820    0.03951     2.3708    142.250  1025.4113  50938.824    31.9438     73.409    6.95889     6.5526     6.5586    25.0701   12.49973 2.5664e-01     74.115 0.0000e+00
        571 101.546823    0.03958     2.3750    142.500  1025.4128  50939.359    31.9441     73.677    6.95887     6.5527     6.5587    25.0703   12.49968 2.4985e-01     74.385 0.0000e+00
        572 101.546826    0.03965     2.3792    142.750  1025.4142  50939.895    31.9444     73.940    6.95884     6.5528     6.5588    25.0705   12.49963 2.4351e-01     74.652 0.0000e+00
        573 101.546829    0.03972     2.3833    143.000  1025.4155  50940.421    31.9446     74.189    6.95881     6.5529     6.5590    25.0707   12.49957 2.3783e-01     74.903 0.0000e+00
        574 101.546832    0.03979     2.3875    143.250  1025.4167  50940.854    31.9449     74.414    6.95878     6.5530     6.5591    25.0708   12.49952 2.3304e-01     75.130 0.0000e+00
        575 101.546834    0.03986     2.3917    143.500  1025.4177  50941.161    31.9450     74.610    6.95875     6.5530     6.5592    25.0709   12.49948 2.2922e-01     75.328 0.0000e+00
        576 101.546837    0.03993     2.3958    143.750  1025.4186  50941.405    31.9451     74.774    6.95873     6.5531     6.5593    25.0710   12.49944 2.2635e-01     75.494 0.0000e+00
        577 101.546840    0.04000     2.4000    144.000  1025.4193  50941.650    31.9453     74.907    6.95871     6.5532     6.5594    25.0711   12.49940 2.2432e-01     75.628 0.0000e+00
        578 101.546843    0.04007     2.4042    144.250  1025.4198  50941.859    31.9454     75.012    6.95868     6.5533     6.5595    25.0711   12.49936 2.2299e-01     75.734 0.0000e+00
        579 101.546846    0.04014     2.4083    144.500  1025.4203  50942.001    31.9454     75.096    6.95866     6.5534     6.5596    25.0712   12.49933 2.2210e-01     75.819 0.0000e+00
        580 101.546849    0.04021     2.4125    144.750  1025.4206  50942.122    31.9455     75.169    6.95865     6.5534     6.5597    25.0712   12.49930 2.2135e-01     75.892 0.0000e+00
        581 101.546852    0.04028     2.4167    145.000  1025.4210  50942.254    31.9456     75.239    6.95863     6.5535     6.5598    25.0713   12.49927 2.2052e-01     75.963 0.0000e+00
        582 101.546855    0.04035     2.4208    145.250  1025.4215  50942.424    31.9457     75.319    6.95862     6.5535     6.5599    25.0713   12.49924 2.1945e-01     76.044 0.0000e+00
        583 101.546858    0.04042     2.4250    145.500  1025.4220  50942.668    31.9458     75.419    6.95860     6.5535     6.5599    25.0714   12.49922 2.1799e-01     76.145 0.0000e+00
        584 101.546861    0.04049     2.4292    145.750  1025.4228  50943.037    31.9460     75.543    6.95859     6.5535     6.5599    25.0716   12.49920 2.1602e-01     76.270 0.0000e+00
        585 101.546863    0.04056     2.4333    146.000  1025.4237  50943.590    31.9463     75.696    6.95858     6.5535     6.5600    25.0718   12.49917 2.1356e-01     76.424 0.0000e+00
        586 101.546866    0.04063     2.4375    146.250  1025.4248  50944.264    31.9467     75.874    6.95855     6.5536     6.5600    25.0721   12.49913 2.1071e-01     76.604 0.0000e+00
        587 101.546869    0.04069     2.4417    146.500  1025.4261  50944.991    31.9471     76.073    6.95852     6.5538     6.5601    25.0725   12.49907 2.0758e-01     76.805 0.0000e+00
        588 101.546872    0.04076     2.4458    146.750  1025.4275  50945.828    31.9476     76.284    6.95848     6.5539     6.5602    25.0729   12.49900 2.0430e-01     77.018 0.0000e+00
        589 101.546875    0.04083     2.4500    147.000  1025.4289  50946.823    31.9483     76.500    6.95843     6.5541     6.5603    25.0733   12.49891 2.0102e-01     77.236 0.0000e+00
        590 101.546878    0.04090     2.4542    147.250  1025.4305  50948.032    31.9490     76.714    6.95837     6.5544     6.5605    25.0739   12.49879 1.9785e-01     77.453 0.0000e+00
        591 101.546881    0.04097     2.4583    147.500  1025.4323  50949.689    31.9501     76.923    6.95828     6.5547     6.5607    25.0747   12.49863 1.9484e-01     77.664 0.0000e+00
        592 101.546884    0.04104     2.4625    147.750  1025.4343  50951.849    31.9516     77.124    6.95817     6.5551     6.5609    25.0759   12.49843 1.9198e-01     77.867 0.0000e+00
        593 101.546887    0.04111     2.4667    148.000  1025.4364  50954.163    31.9532     77.317    6.95804     6.5556     6.5613    25.0771   12.49820 1.8923e-01     78.062 0.0000e+00
        594 101.546889    0.04118     2.4708    148.250  1025.4384  50956.246    31.9546     77.504    6.95791     6.5560     6.5617    25.0782   12.49796 1.8656e-01     78.250 0.0000e+00
        595 101.546892    0.04125     2.4750    148.500  1025.4402  50958.024    31.9558     77.687    6.95778     6.5563     6.5621    25.0791   12.49773 1.8393e-01     78.436 0.0000e+00
