CTD-processing/allCTD/CNV--homogene/2016_07-29_subbays_sadie01_cast045.cnv
* Sea-Bird SBE19plus Data File:
* FileName = C:\Users\Kris.Holderied\Documents\kasitsna\Research-KBL\Oceanography-AK\CTD-Data-ALL-to-2016-05\2016-CTD-KachemakBay-CookInlet\2016-07-29-KachemakBay-Plankton\2016-07-29-KachemakBay-Plankton-cast045.hex
* Software Version 1.59
* Temperature SN =  5028
* Conductivity SN =  5028
* System UpLoad Time = Aug 05 2016 20:11:39
** Kachemak Bay CTDs for sub-bay plankton sampling
** Date (YYYY-MM-DD): 2016-07-29
** Station (eg. 9-01):  Sadie01
** Start time (AKDT): 13:41
** Depth (m): 39.6
** Comment:  R/V Edgecumbe.  Sampling to evaluate sub-bay water column.
** Comment:
# nquan = 17
# nvalues = 422                         
# units = specified
# name 0 = scan: Scan Count
# name 1 = timeJ: Julian Days
# name 2 = timeH: Time, Elapsed [hours]
# name 3 = timeM: Time, Elapsed [minutes]
# name 4 = timeS: Time, Elapsed [seconds]
# name 5 = density00: Density [density, kg/m^3]
# name 6 = specc: Specific Conductance [uS/cm]
# name 7 = sal00: Salinity, Practical [PSU]
# name 8 = depSM: Depth [salt water, m], lat = 59.00
# name 9 = oxsolML/L: Oxygen Saturation, Garcia & Gordon [ml/l]
# name 10 = potemp090C: Potential Temperature [ITS-90, deg C]
# name 11 = tv290C: Temperature [ITS-90, deg C]
# name 12 = sigma-é00: Density [sigma-theta, kg/m^3]
# name 13 = n2satML/L: Nitrogen Saturation [ml/l]
# name 14 = par: PAR/Irradiance, Biospherical/Licor
# name 15 = prdM: Pressure, Strain Gauge [db]
# name 16 = flag:  0.000e+00
# span 0 =          1,        422       
# span 1 = 211.571146, 211.572364       
# span 2 =    0.00000,    0.02924       
# span 3 =     0.0000,     1.7542       
# span 4 =      0.000,    105.250       
# span 5 =  1016.9088,  1024.3975       
# span 6 =  36191.229,  49424.692       
# span 7 =    22.6011,    31.3687       
# span 8 =      0.016,     43.573       
# span 9 =    6.28213,    6.54317       
# span 10 =     9.4589,    12.6352      
# span 11 =     9.4616,    12.6355      
# span 12 =    16.8905,    24.1978      
# span 13 =   11.43488,   11.82007      
# span 14 = 8.1372e-01, 1.0167e+03      
# span 15 =      0.017,     43.989      
# span 16 = 0.0000e+00, 0.0000e+00      
# interval = seconds: 0.25
# start_time = Jul 29 2016 13:42:27 [Instrument's time stamp, header]
# bad_flag = -9.990e-29
*END*
          1 211.571146    0.00000     0.0000      0.000  1021.0711  43972.399    27.7921      0.021    6.38944    11.5856    11.5827    21.0710   11.60703 2.5804e+02      0.021 0.0000e+00
          2 211.571149    0.00007     0.0042      0.250  1021.0709  43972.131    27.7920      0.021    6.38926    11.5875    11.5840    21.0708   11.60675 2.3868e+02      0.021 0.0000e+00
          3 211.571152    0.00014     0.0083      0.500  1021.0705  43971.782    27.7919      0.021    6.38904    11.5895    11.5856    21.0704   11.60638 2.1819e+02      0.021 0.0000e+00
          4 211.571155    0.00021     0.0125      0.750  1021.0701  43971.357    27.7918      0.021    6.38879    11.5916    11.5875    21.0700   11.60596 2.0329e+02      0.021 0.0000e+00
          5 211.571157    0.00028     0.0167      1.000  1021.0696  43970.853    27.7916      0.021    6.38852    11.5936    11.5895    21.0695   11.60552 1.9498e+02      0.021 0.0000e+00
          6 211.571160    0.00035     0.0208      1.250  1021.0691  43970.314    27.7914      0.021    6.38824    11.5957    11.5916    21.0690   11.60507 1.9122e+02      0.021 0.0000e+00
          7 211.571163    0.00042     0.0250      1.500  1021.0687  43969.831    27.7913      0.021    6.38796    11.5979    11.5936    21.0686   11.60460 1.9308e+02      0.021 0.0000e+00
          8 211.571166    0.00049     0.0292      1.750  1021.0682  43969.398    27.7912      0.022    6.38768    11.6000    11.5957    21.0681   11.60413 2.0415e+02      0.022 0.0000e+00
          9 211.571169    0.00056     0.0333      2.000  1021.0678  43968.949    27.7911      0.023    6.38740    11.6021    11.5979    21.0677   11.60366 2.2493e+02      0.023 0.0000e+00
         10 211.571172    0.00063     0.0375      2.250  1021.0673  43968.448    27.7909      0.023    6.38711    11.6042    11.6000    21.0672   11.60318 2.5205e+02      0.024 0.0000e+00
         11 211.571175    0.00069     0.0417      2.500  1021.0668  43967.874    27.7907      0.023    6.38683    11.6063    11.6021    21.0667   11.60271 2.8142e+02      0.024 0.0000e+00
         12 211.571178    0.00076     0.0458      2.750  1021.0662  43967.192    27.7905      0.023    6.38655    11.6085    11.6042    21.0661   11.60225 3.0950e+02      0.023 0.0000e+00
         13 211.571181    0.00083     0.0500      3.000  1021.0655  43966.310    27.7901      0.022    6.38628    11.6106    11.6063    21.0654   11.60181 3.3619e+02      0.023 0.0000e+00
         14 211.571183    0.00090     0.0542      3.250  1021.0646  43965.158    27.7894      0.022    6.38601    11.6127    11.6085    21.0645   11.60137 3.6534e+02      0.022 0.0000e+00
         15 211.571186    0.00097     0.0583      3.500  1021.0636  43963.661    27.7886      0.021    6.38576    11.6147    11.6106    21.0635   11.60096 3.9634e+02      0.021 0.0000e+00
         16 211.571189    0.00104     0.0625      3.750  1021.0623  43961.641    27.7873      0.019    6.38553    11.6166    11.6127    21.0622   11.60059 4.2086e+02      0.019 0.0000e+00
         17 211.571192    0.00111     0.0667      4.000  1021.0608  43959.197    27.7858      0.018    6.38531    11.6184    11.6147    21.0607   11.60026 4.3436e+02      0.018 0.0000e+00
         18 211.571195    0.00118     0.0708      4.250  1021.0593  43956.867    27.7844      0.017    6.38510    11.6202    11.6166    21.0592   11.59993 4.4351e+02      0.017 0.0000e+00
         19 211.571198    0.00125     0.0750      4.500  1021.0581  43955.031    27.7833      0.017    6.38489    11.6220    11.6184    21.0580   11.59959 4.5606e+02      0.017 0.0000e+00
         20 211.571201    0.00132     0.0792      4.750  1021.0572  43953.673    27.7825      0.017    6.38468    11.6238    11.6202    21.0571   11.59924 4.7147e+02      0.017 0.0000e+00
         21 211.571204    0.00139     0.0833      5.000  1021.0564  43952.628    27.7819      0.017    6.38446    11.6256    11.6220    21.0564   11.59889 4.8571e+02      0.017 0.0000e+00
         22 211.571207    0.00146     0.0875      5.250  1021.0558  43951.772    27.7815      0.017    6.38424    11.6273    11.6238    21.0557   11.59852 4.9868e+02      0.017 0.0000e+00
         23 211.571209    0.00153     0.0917      5.500  1021.0552  43951.029    27.7811      0.016    6.38401    11.6291    11.6256    21.0552   11.59814 5.1287e+02      0.017 0.0000e+00
         24 211.571212    0.00160     0.0958      5.750  1021.0546  43950.287    27.7807      0.016    6.38378    11.6309    11.6273    21.0546   11.59777 5.2888e+02      0.017 0.0000e+00
         25 211.571215    0.00167     0.1000      6.000  1021.0540  43949.472    27.7803      0.018    6.38355    11.6328    11.6291    21.0539   11.59739 5.4644e+02      0.018 0.0000e+00
         26 211.571218    0.00174     0.1042      6.250  1021.0534  43948.605    27.7799      0.021    6.38332    11.6346    11.6309    21.0533   11.59701 5.6746e+02      0.021 0.0000e+00
         27 211.571221    0.00181     0.1083      6.500  1021.0527  43947.743    27.7794      0.028    6.38309    11.6364    11.6328    21.0526   11.59663 5.9386e+02      0.028 0.0000e+00
         28 211.571224    0.00187     0.1125      6.750  1021.0521  43946.922    27.7790      0.039    6.38286    11.6383    11.6346    21.0520   11.59625 6.2161e+02      0.039 0.0000e+00
         29 211.571227    0.00194     0.1167      7.000  1021.0516  43946.143    27.7786      0.058    6.38262    11.6401    11.6364    21.0514   11.59587 6.4129e+02      0.059 0.0000e+00
         30 211.571230    0.00201     0.1208      7.250  1021.0511  43945.383    27.7782      0.090    6.38239    11.6420    11.6383    21.0508   11.59548 6.4543e+02      0.091 0.0000e+00
         31 211.571233    0.00208     0.1250      7.500  1021.0508  43944.634    27.7779      0.142    6.38215    11.6439    11.6401    21.0501   11.59509 6.3230e+02      0.143 0.0000e+00
         32 211.571236    0.00215     0.1292      7.750  1021.0505  43943.915    27.7775      0.215    6.38191    11.6458    11.6420    21.0495   11.59469 6.0218e+02      0.217 0.0000e+00
         33 211.571238    0.00222     0.1333      8.000  1021.0503  43943.225    27.7772      0.307    6.38166    11.6478    11.6439    21.0490   11.59428 5.5137e+02      0.310 0.0000e+00
         34 211.571241    0.00229     0.1375      8.250  1021.0502  43942.543    27.7768      0.406    6.38140    11.6499    11.6459    21.0484   11.59386 4.9045e+02      0.410 0.0000e+00
         35 211.571244    0.00236     0.1417      8.500  1021.0500  43941.880    27.7765      0.498    6.38114    11.6519    11.6479    21.0478   11.59343 4.4919e+02      0.503 0.0000e+00
         36 211.571247    0.00243     0.1458      8.750  1021.0498  43941.249    27.7763      0.578    6.38087    11.6540    11.6500    21.0472   11.59299 4.3358e+02      0.583 0.0000e+00
         37 211.571250    0.00250     0.1500      9.000  1021.0496  43940.664    27.7760      0.645    6.38060    11.6560    11.6520    21.0467   11.59254 4.2490e+02      0.650 0.0000e+00
         38 211.571253    0.00257     0.1542      9.250  1021.0493  43940.115    27.7758      0.700    6.38032    11.6581    11.6541    21.0461   11.59209 4.1539e+02      0.706 0.0000e+00
         39 211.571256    0.00264     0.1583      9.500  1021.0490  43939.570    27.7756      0.741    6.38005    11.6602    11.6561    21.0456   11.59163 4.0988e+02      0.748 0.0000e+00
         40 211.571259    0.00271     0.1625      9.750  1021.0486  43939.062    27.7754      0.768    6.37977    11.6623    11.6582    21.0451   11.59118 4.0960e+02      0.775 0.0000e+00
         41 211.571262    0.00278     0.1667     10.000  1021.0482  43938.608    27.7753      0.782    6.37950    11.6643    11.6603    21.0446   11.59072 4.1076e+02      0.790 0.0000e+00
         42 211.571264    0.00285     0.1708     10.250  1021.0478  43938.161    27.7752      0.791    6.37922    11.6664    11.6624    21.0442   11.59026 4.1173e+02      0.799 0.0000e+00
         43 211.571267    0.00292     0.1750     10.500  1021.0473  43937.669    27.7750      0.798    6.37894    11.6686    11.6644    21.0437   11.58979 4.1013e+02      0.806 0.0000e+00
         44 211.571270    0.00299     0.1792     10.750  1021.0469  43937.145    27.7748      0.806    6.37866    11.6707    11.6665    21.0432   11.58933 4.0568e+02      0.814 0.0000e+00
         45 211.571273    0.00306     0.1833     11.000  1021.0464  43936.637    27.7747      0.815    6.37838    11.6729    11.6687    21.0427   11.58886 4.0067e+02      0.822 0.0000e+00
         46 211.571276    0.00313     0.1875     11.250  1021.0460  43936.141    27.7745      0.823    6.37809    11.6750    11.6708    21.0422   11.58839 3.9670e+02      0.830 0.0000e+00
         47 211.571279    0.00319     0.1917     11.500  1021.0455  43935.618    27.7743      0.828    6.37780    11.6772    11.6730    21.0417   11.58791 3.9306e+02      0.836 0.0000e+00
         48 211.571282    0.00326     0.1958     11.750  1021.0449  43935.055    27.7741      0.831    6.37751    11.6795    11.6751    21.0412   11.58743 3.9052e+02      0.838 0.0000e+00
         49 211.571285    0.00333     0.2000     12.000  1021.0444  43934.453    27.7739      0.831    6.37722    11.6817    11.6773    21.0406   11.58695 3.9327e+02      0.838 0.0000e+00
         50 211.571288    0.00340     0.2042     12.250  1021.0438  43933.827    27.7737      0.829    6.37693    11.6839    11.6796    21.0401   11.58647 3.9960e+02      0.837 0.0000e+00
         51 211.571291    0.00347     0.2083     12.500  1021.0433  43933.221    27.7735      0.827    6.37663    11.6861    11.6818    21.0395   11.58598 4.0360e+02      0.835 0.0000e+00
         52 211.571293    0.00354     0.2125     12.750  1021.0427  43932.636    27.7732      0.827    6.37634    11.6883    11.6840    21.0390   11.58550 4.0370e+02      0.834 0.0000e+00
         53 211.571296    0.00361     0.2167     13.000  1021.0421  43932.020    27.7730      0.828    6.37605    11.6906    11.6862    21.0384   11.58501 4.0479e+02      0.835 0.0000e+00
         54 211.571299    0.00368     0.2208     13.250  1021.0416  43931.343    27.7728      0.831    6.37575    11.6930    11.6884    21.0378   11.58452 4.0819e+02      0.839 0.0000e+00
         55 211.571302    0.00375     0.2250     13.500  1021.0410  43930.623    27.7725      0.837    6.37544    11.6953    11.6907    21.0371   11.58402 4.1144e+02      0.845 0.0000e+00
         56 211.571305    0.00382     0.2292     13.750  1021.0404  43929.900    27.7722      0.842    6.37514    11.6977    11.6931    21.0365   11.58351 4.1503e+02      0.850 0.0000e+00
         57 211.571308    0.00389     0.2333     14.000  1021.0397  43929.160    27.7719      0.847    6.37483    11.7001    11.6954    21.0358   11.58300 4.1697e+02      0.855 0.0000e+00
         58 211.571311    0.00396     0.2375     14.250  1021.0391  43928.386    27.7715      0.851    6.37452    11.7025    11.6978    21.0352   11.58249 4.1530e+02      0.858 0.0000e+00
         59 211.571314    0.00403     0.2417     14.500  1021.0384  43927.632    27.7712      0.853    6.37421    11.7049    11.7002    21.0345   11.58198 4.1322e+02      0.861 0.0000e+00
         60 211.571317    0.00410     0.2458     14.750  1021.0378  43926.895    27.7709      0.854    6.37390    11.7074    11.7026    21.0339   11.58146 4.1181e+02      0.862 0.0000e+00
         61 211.571319    0.00417     0.2500     15.000  1021.0371  43926.105    27.7706      0.856    6.37358    11.7099    11.7050    21.0332   11.58093 4.1035e+02      0.864 0.0000e+00
         62 211.571322    0.00424     0.2542     15.250  1021.0364  43925.255    27.7702      0.858    6.37326    11.7123    11.7075    21.0325   11.58040 4.1179e+02      0.866 0.0000e+00
         63 211.571325    0.00431     0.2583     15.500  1021.0357  43924.376    27.7698      0.862    6.37293    11.7148    11.7100    21.0318   11.57987 4.1363e+02      0.870 0.0000e+00
         64 211.571328    0.00438     0.2625     15.750  1021.0350  43923.491    27.7694      0.866    6.37261    11.7174    11.7124    21.0310   11.57934 4.1327e+02      0.874 0.0000e+00
         65 211.571331    0.00444     0.2667     16.000  1021.0343  43922.630    27.7690      0.870    6.37228    11.7199    11.7149    21.0303   11.57880 4.1361e+02      0.878 0.0000e+00
         66 211.571334    0.00451     0.2708     16.250  1021.0336  43921.794    27.7687      0.874    6.37195    11.7225    11.7175    21.0296   11.57826 4.1337e+02      0.882 0.0000e+00
         67 211.571337    0.00458     0.2750     16.500  1021.0328  43920.939    27.7683      0.876    6.37162    11.7252    11.7200    21.0289   11.57770 4.1260e+02      0.884 0.0000e+00
         68 211.571340    0.00465     0.2792     16.750  1021.0321  43920.030    27.7679      0.878    6.37128    11.7278    11.7226    21.0281   11.57714 4.1294e+02      0.886 0.0000e+00
         69 211.571343    0.00472     0.2833     17.000  1021.0313  43919.072    27.7675      0.880    6.37094    11.7305    11.7253    21.0273   11.57658 4.1437e+02      0.888 0.0000e+00
         70 211.571345    0.00479     0.2875     17.250  1021.0305  43918.095    27.7670      0.881    6.37059    11.7332    11.7279    21.0265   11.57602 4.1743e+02      0.889 0.0000e+00
         71 211.571348    0.00486     0.2917     17.500  1021.0297  43917.112    27.7666      0.882    6.37025    11.7359    11.7306    21.0257   11.57544 4.1954e+02      0.890 0.0000e+00
         72 211.571351    0.00493     0.2958     17.750  1021.0289  43916.096    27.7661      0.884    6.36990    11.7387    11.7333    21.0248   11.57487 4.2013e+02      0.892 0.0000e+00
         73 211.571354    0.00500     0.3000     18.000  1021.0281  43915.050    27.7656      0.886    6.36955    11.7414    11.7360    21.0240   11.57429 4.2207e+02      0.894 0.0000e+00
         74 211.571357    0.00507     0.3042     18.250  1021.0272  43914.015    27.7651      0.889    6.36919    11.7442    11.7388    21.0231   11.57371 4.2318e+02      0.897 0.0000e+00
         75 211.571360    0.00514     0.3083     18.500  1021.0264  43912.986    27.7647      0.892    6.36884    11.7470    11.7415    21.0223   11.57313 4.2065e+02      0.901 0.0000e+00
         76 211.571363    0.00521     0.3125     18.750  1021.0256  43911.930    27.7642      0.895    6.36848    11.7498    11.7443    21.0215   11.57254 4.1759e+02      0.904 0.0000e+00
         77 211.571366    0.00528     0.3167     19.000  1021.0247  43910.821    27.7636      0.898    6.36812    11.7527    11.7471    21.0206   11.57194 4.1702e+02      0.906 0.0000e+00
         78 211.571369    0.00535     0.3208     19.250  1021.0237  43909.665    27.7631      0.897    6.36775    11.7556    11.7499    21.0196   11.57134 4.1896e+02      0.905 0.0000e+00
         79 211.571372    0.00542     0.3250     19.500  1021.0228  43908.514    27.7625      0.894    6.36738    11.7585    11.7528    21.0187   11.57073 4.2007e+02      0.902 0.0000e+00
         80 211.571374    0.00549     0.3292     19.750  1021.0219  43907.399    27.7620      0.889    6.36701    11.7615    11.7557    21.0178   11.57011 4.1867e+02      0.897 0.0000e+00
         81 211.571377    0.00556     0.3333     20.000  1021.0209  43906.301    27.7615      0.882    6.36663    11.7644    11.7586    21.0169   11.56949 4.1793e+02      0.891 0.0000e+00
         82 211.571380    0.00562     0.3375     20.250  1021.0200  43905.187    27.7610      0.876    6.36625    11.7674    11.7616    21.0160   11.56887 4.1773e+02      0.884 0.0000e+00
         83 211.571383    0.00569     0.3417     20.500  1021.0190  43904.031    27.7604      0.870    6.36587    11.7704    11.7645    21.0151   11.56825 4.1767e+02      0.878 0.0000e+00
         84 211.571386    0.00576     0.3458     20.750  1021.0180  43902.840    27.7599      0.865    6.36549    11.7734    11.7675    21.0141   11.56762 4.2014e+02      0.873 0.0000e+00
         85 211.571389    0.00583     0.3500     21.000  1021.0171  43901.651    27.7593      0.863    6.36510    11.7764    11.7705    21.0132   11.56698 4.2349e+02      0.871 0.0000e+00
