CTD-processing/allCTD/CNV--homogene/2016-05-18-sadiecove-intensive-phytoplankton257.cnv
* Sea-Bird SBE19plus Data File:
* FileName = C:\Users\Kris.Holderied\Documents\kasitsna\Research-KBL\Oceanography-AK\CTD-Data-ALL-to-2016-05\2016-CTD-KachemakBay-CookInlet\2016-05-18-SadieCove-Intensive-phytoplanton\2016-05-18-SadieCove-Intensive-Phytoplankton257.hex
* Software Version 1.59
* Temperature SN =  5028
* Conductivity SN =  5028
* System UpLoad Time = Jun 03 2016 19:18:34
** Sadie Cove Intensive Phytoplankton Transect - head to entrance
** Date (YYYY-MM-DD): 2016-05-18
** Station (ie. 9-01):  to add
** Start time (AKST): to add
** Depth (m): to add
** Comment:  Along-bay transect with CTD, phytoplankton and nutrient sampling
** Comment:
# nquan = 17
# nvalues = 375                         
# units = specified
# name 0 = scan: Scan Count
# name 1 = timeJ: Julian Days
# name 2 = timeH: Time, Elapsed [hours]
# name 3 = timeM: Time, Elapsed [minutes]
# name 4 = timeS: Time, Elapsed [seconds]
# name 5 = density00: Density [density, kg/m^3]
# name 6 = specc: Specific Conductance [uS/cm]
# name 7 = sal00: Salinity, Practical [PSU]
# name 8 = depSM: Depth [salt water, m], lat = 59.00
# name 9 = oxsolML/L: Oxygen Saturation, Garcia & Gordon [ml/l]
# name 10 = potemp090C: Potential Temperature [ITS-90, deg C]
# name 11 = tv290C: Temperature [ITS-90, deg C]
# name 12 = sigma-é00: Density [sigma-theta, kg/m^3]
# name 13 = n2satML/L: Nitrogen Saturation [ml/l]
# name 14 = par: PAR/Irradiance, Biospherical/Licor
# name 15 = prdM: Pressure, Strain Gauge [db]
# name 16 = flag:  0.000e+00
# span 0 =          1,        375       
# span 1 = 139.510046, 139.511128       
# span 2 =    0.00000,    0.02597       
# span 3 =     0.0000,     1.5583       
# span 4 =      0.000,     93.500       
# span 5 =  1001.1704,  1024.6280       
# span 6 =   3290.252,  49829.046       
# span 7 =     1.8657,    31.2434       
# span 8 =     -0.022,     31.288       
# span 9 =    6.55542,    7.82984       
# span 10 =     6.8318,     9.8856      
# span 11 =     6.8344,     9.8879      
# span 12 =     1.1705,    24.4826      
# span 13 =   11.86078,   14.36577      
# span 14 = 1.1622e-01, 1.2529e+03      
# span 15 =     -0.022,     31.585      
# span 16 = 0.0000e+00, 0.0000e+00      
# interval = seconds: 0.25
# start_time = May 18 2016 12:14:28 [Instrument's time stamp, header]
# bad_flag = -9.990e-29
*END*
[from data line 341]
        342 139.511033    0.02368     1.4208     85.250  1024.5466  49770.150    31.2229     19.627    6.93364     6.9127     6.9203    24.4553   12.46704 6.3177e-01     19.813 0.0000e+00
        343 139.511036    0.02375     1.4250     85.500  1024.5500  49773.400    31.2245     20.013    6.93407     6.9101     6.9172    24.4570   12.46773 5.9221e-01     20.203 0.0000e+00
        344 139.511039    0.02382     1.4292     85.750  1024.5527  49775.424    31.2252     20.399    6.93448     6.9076     6.9145    24.4579   12.46839 5.5569e-01     20.592 0.0000e+00
        345 139.511042    0.02389     1.4333     86.000  1024.5552  49777.018    31.2257     20.785    6.93487     6.9051     6.9119    24.4586   12.46904 5.2187e-01     20.982 0.0000e+00
        346 139.511045    0.02396     1.4375     86.250  1024.5578  49778.701    31.2262     21.171    6.93526     6.9029     6.9093    24.4594   12.46966 4.9045e-01     21.372 0.0000e+00
        347 139.511047    0.02403     1.4417     86.500  1024.5603  49780.334    31.2268     21.557    6.93562     6.9007     6.9070    24.4601   12.47025 4.6117e-01     21.762 0.0000e+00
        348 139.511050    0.02410     1.4458     86.750  1024.5627  49781.597    31.2271     21.944    6.93596     6.8985     6.9048    24.4607   12.47081 4.3385e-01     22.152 0.0000e+00
        349 139.511053    0.02417     1.4500     87.000  1024.5647  49782.291    31.2270     22.332    6.93630     6.8961     6.9027    24.4609   12.47137 4.0842e-01     22.544 0.0000e+00
        350 139.511056    0.02424     1.4542     87.250  1024.5665  49782.629    31.2267     22.719    6.93666     6.8935     6.9005    24.4609   12.47198 3.8480e-01     22.934 0.0000e+00
        351 139.511059    0.02431     1.4583     87.500  1024.5684  49783.089    31.2264     23.105    6.93706     6.8907     6.8981    24.4610   12.47264 3.6277e-01     23.324 0.0000e+00
        352 139.511062    0.02438     1.4625     87.750  1024.5703  49783.634    31.2262     23.491    6.93749     6.8875     6.8955    24.4611   12.47335 3.4215e-01     23.714 0.0000e+00
        353 139.511065    0.02444     1.4667     88.000  1024.5720  49783.763    31.2256     23.879    6.93796     6.8838     6.8928    24.4610   12.47414 3.2294e-01     24.106 0.0000e+00
        354 139.511068    0.02451     1.4708     88.250  1024.5734  49783.231    31.2245     24.268    6.93850     6.8794     6.8897    24.4606   12.47505 3.0498e-01     24.498 0.0000e+00
        355 139.511071    0.02458     1.4750     88.500  1024.5747  49782.632    31.2232     24.657    6.93915     6.8743     6.8860    24.4601   12.47614 2.8808e-01     24.891 0.0000e+00
        356 139.511073    0.02465     1.4792     88.750  1024.5765  49782.871    31.2224     25.046    6.93989     6.8688     6.8815    24.4600   12.47738 2.7221e-01     25.284 0.0000e+00
        357 139.511076    0.02472     1.4833     89.000  1024.5788  49784.190    31.2223     25.434    6.94071     6.8630     6.8765    24.4605   12.47873 2.5741e-01     25.676 0.0000e+00
        358 139.511079    0.02479     1.4875     89.250  1024.5816  49786.437    31.2227     25.823    6.94157     6.8571     6.8710    24.4616   12.48016 2.4366e-01     26.069 0.0000e+00
        359 139.511082    0.02486     1.4917     89.500  1024.5849  49789.520    31.2236     26.211    6.94246     6.8513     6.8653    24.4631   12.48160 2.3078e-01     26.461 0.0000e+00
        360 139.511085    0.02493     1.4958     89.750  1024.5889  49793.730    31.2253     26.599    6.94333     6.8461     6.8594    24.4652   12.48302 2.1860e-01     26.852 0.0000e+00
        361 139.511088    0.02500     1.5000     90.000  1024.5935  49799.255    31.2280     26.986    6.94413     6.8418     6.8536    24.4680   12.48432 2.0698e-01     27.243 0.0000e+00
        362 139.511091    0.02507     1.5042     90.250  1024.5984  49805.262    31.2311     27.374    6.94482     6.8386     6.8485    24.4711   12.48542 1.9587e-01     27.635 0.0000e+00
        363 139.511094    0.02514     1.5083     90.500  1024.6030  49810.633    31.2339     27.763    6.94537     6.8363     6.8443    24.4739   12.48629 1.8532e-01     28.026 0.0000e+00
        364 139.511097    0.02521     1.5125     90.750  1024.6069  49814.870    31.2361     28.149    6.94577     6.8347     6.8411    24.4760   12.48693 1.7533e-01     28.416 0.0000e+00
        365 139.511100    0.02528     1.5167     91.000  1024.6102  49817.955    31.2377     28.532    6.94607     6.8335     6.8388    24.4775   12.48740 1.6595e-01     28.803 0.0000e+00
        366 139.511102    0.02535     1.5208     91.250  1024.6130  49820.158    31.2387     28.911    6.94628     6.8327     6.8372    24.4786   12.48773 1.5723e-01     29.186 0.0000e+00
        367 139.511105    0.02542     1.5250     91.500  1024.6155  49821.845    31.2395     29.286    6.94642     6.8322     6.8361    24.4794   12.48797 1.4916e-01     29.564 0.0000e+00
        368 139.511108    0.02549     1.5292     91.750  1024.6178  49823.277    31.2402     29.654    6.94652     6.8319     6.8353    24.4800   12.48812 1.4180e-01     29.936 0.0000e+00
        369 139.511111    0.02556     1.5333     92.000  1024.6200  49824.507    31.2408     30.013    6.94658     6.8318     6.8347    24.4806   12.48821 1.3518e-01     30.298 0.0000e+00
        370 139.511114    0.02562     1.5375     92.250  1024.6220  49825.471    31.2413     30.355    6.94660     6.8318     6.8345    24.4810   12.48824 1.2934e-01     30.643 0.0000e+00
        371 139.511117    0.02569     1.5417     92.500  1024.6238  49826.229    31.2416     30.667    6.94660     6.8318     6.8344    24.4813   12.48822 1.2442e-01     30.959 0.0000e+00
        372 139.511120    0.02576     1.5458     92.750  1024.6254  49827.029    31.2421     30.931    6.94657     6.8319     6.8344    24.4816   12.48817 1.2064e-01     31.225 0.0000e+00
        373 139.511123    0.02583     1.5500     93.000  1024.6267  49827.984    31.2427     31.129    6.94653     6.8320     6.8345    24.4821   12.48810 1.1808e-01     31.424 0.0000e+00
        374 139.511126    0.02590     1.5542     93.250  1024.6277  49828.768    31.2432     31.248    6.94649 -9.990e-29     6.8346    24.4825   12.48802 1.1666e-01     31.545 0.0000e+00
        375 139.511128    0.02597     1.5583     93.500  1024.6280  49829.046    31.2434     31.288    6.94647 -9.990e-29     6.8347    24.4826   12.48799 1.1622e-01     31.585 0.0000e+00
