CTD-processing/allCTD/CNV--homogene/2016_12-13_t4_s03_cast179.cnv
* Sea-Bird SBE19plus Data File:
* FileName = P:\My Documents\kasitsna\Research-KBL\Oceanography-AK\CTD-Data-ALL-to-2016-05\2016-CTD-KachemakBay-CookInlet\2016-12-CookInlet-quarterly\2016-12-13-CookInlet-Tran4-Barabara\2016-12-13-CookInlet-Tran4-cast179.hex
* Software Version 1.59
* Temperature SN =  5028
* Conductivity SN =  5028
* System UpLoad Time = Dec 13 2016 15:38:25
** Cook Inlet LTM Tran 4 south to north
** Date: (YYYY-MM-DD): 2016-12-13
** Station: (eg. 9-01): 4-03
** Start time (AKST): 13:21
** Depth (m): 111.9
** Comment: R/V Alaska Dream Catcher. CTD on AKDT (1 hr ahead).
** Comment:
# nquan = 17
# nvalues = 870                         
# units = specified
# name 0 = scan: Scan Count
# name 1 = timeJ: Julian Days
# name 2 = timeH: Time, Elapsed [hours]
# name 3 = timeM: Time, Elapsed [minutes]
# name 4 = timeS: Time, Elapsed [seconds]
# name 5 = density00: Density [density, kg/m^3]
# name 6 = specc: Specific Conductance [uS/cm]
# name 7 = sal00: Salinity, Practical [PSU]
# name 8 = depSM: Depth [salt water, m], lat = 59.00
# name 9 = oxsolML/L: Oxygen Saturation, Garcia & Gordon [ml/l]
# name 10 = potemp090C: Potential Temperature [ITS-90, deg C]
# name 11 = tv290C: Temperature [ITS-90, deg C]
# name 12 = sigma-é00: Density [sigma-theta, kg/m^3]
# name 13 = n2satML/L: Nitrogen Saturation [ml/l]
# name 14 = par: PAR/Irradiance, Biospherical/Licor
# name 15 = prdM: Pressure, Strain Gauge [db]
# name 16 = flag:  0.000e+00
# span 0 =          1,        870       
# span 1 = 348.598461, 348.600975       
# span 2 =    0.00000,    0.06035       
# span 3 =     0.0000,     3.6208       
# span 4 =      0.000,    217.250       
# span 5 =  1000.1701,  1025.2042       
# span 6 =    525.582,  50260.171       
# span 7 =     0.2443,    31.5659       
# span 8 =      0.093,    110.523       
# span 9 =    6.89612,    9.03986       
# span 10 =     4.4648,     7.0560      
# span 11 =     4.4648,     7.0628      
# span 12 =     0.1696,    24.7178      
# span 13 =   12.40093,   16.42542      
# span 14 = 4.0478e-02, 6.2256e+01      
# span 15 =      0.094,    111.596      
# span 16 = 0.0000e+00, 0.0000e+00      
# interval = seconds: 0.25
# start_time = Dec 13 2016 14:21:47 [Instrument's time stamp, header]
# bad_flag = -9.990e-29
*END*
[from data line 681]
        682 348.600431    0.04729     2.8375    170.250  1025.0018  50232.583    31.5465     66.645    6.89709     7.0511     7.0571    24.6926   12.40256 5.8320e-02     67.285 0.0000e+00
        683 348.600434    0.04736     2.8417    170.500  1025.0031  50232.946    31.5466     66.900    6.89709     7.0511     7.0570    24.6927   12.40256 5.7788e-02     67.543 0.0000e+00
        684 348.600437    0.04743     2.8458    170.750  1025.0045  50233.411    31.5468     67.156    6.89709     7.0513     7.0570    24.6929   12.40255 5.7286e-02     67.801 0.0000e+00
        685 348.600440    0.04750     2.8500    171.000  1025.0057  50233.762    31.5469     67.408    6.89707     7.0514     7.0571    24.6930   12.40252 5.6820e-02     68.055 0.0000e+00
        686 348.600443    0.04757     2.8542    171.250  1025.0069  50233.914    31.5469     67.653    6.89705     7.0515     7.0572    24.6930   12.40248 5.6385e-02     68.303 0.0000e+00
        687 348.600446    0.04764     2.8583    171.500  1025.0079  50233.919    31.5469     67.890    6.89703     7.0515     7.0574    24.6929   12.40244 5.5976e-02     68.542 0.0000e+00
        688 348.600448    0.04771     2.8625    171.750  1025.0088  50233.845    31.5467     68.119    6.89702     7.0514     7.0575    24.6928   12.40243 5.5587e-02     68.773 0.0000e+00
        689 348.600451    0.04778     2.8667    172.000  1025.0097  50233.818    31.5466     68.341    6.89702     7.0511     7.0575    24.6927   12.40243 5.5209e-02     68.997 0.0000e+00
        690 348.600454    0.04785     2.8708    172.250  1025.0107  50233.928    31.5466     68.561    6.89703     7.0508     7.0574    24.6927   12.40246 5.4845e-02     69.219 0.0000e+00
        691 348.600457    0.04792     2.8750    172.500  1025.0118  50234.197    31.5466     68.782    6.89706     7.0505     7.0572    24.6928   12.40250 5.4494e-02     69.443 0.0000e+00
        692 348.600460    0.04799     2.8792    172.750  1025.0131  50234.729    31.5469     69.008    6.89710     7.0501     7.0570    24.6930   12.40256 5.4142e-02     69.671 0.0000e+00
        693 348.600463    0.04806     2.8833    173.000  1025.0146  50235.555    31.5473     69.239    6.89713     7.0498     7.0566    24.6933   12.40262 5.3782e-02     69.904 0.0000e+00
        694 348.600466    0.04813     2.8875    173.250  1025.0161  50236.503    31.5477     69.477    6.89716     7.0496     7.0563    24.6938   12.40266 5.3422e-02     70.144 0.0000e+00
        695 348.600469    0.04819     2.8917    173.500  1025.0176  50237.350    31.5481     69.720    6.89719     7.0495     7.0560    24.6941   12.40270 5.3070e-02     70.390 0.0000e+00
        696 348.600472    0.04826     2.8958    173.750  1025.0190  50237.967    31.5484     69.970    6.89720     7.0495     7.0558    24.6944   12.40271 5.2724e-02     70.642 0.0000e+00
        697 348.600475    0.04833     2.9000    174.000  1025.0203  50238.389    31.5486     70.227    6.89720     7.0495     7.0558    24.6945   12.40271 5.2380e-02     70.902 0.0000e+00
        698 348.600477    0.04840     2.9042    174.250  1025.0216  50238.694    31.5487     70.488    6.89720     7.0495     7.0558    24.6946   12.40271 5.2055e-02     71.165 0.0000e+00
        699 348.600480    0.04847     2.9083    174.500  1025.0229  50238.908    31.5487     70.749    6.89720     7.0495     7.0558    24.6946   12.40271 5.1778e-02     71.429 0.0000e+00
        700 348.600483    0.04854     2.9125    174.750  1025.0241  50239.068    31.5487     71.009    6.89720     7.0495     7.0558    24.6947   12.40270 5.1582e-02     71.692 0.0000e+00
        701 348.600486    0.04861     2.9167    175.000  1025.0253  50239.201    31.5487     71.268    6.89719     7.0494     7.0558    24.6947   12.40270 5.1432e-02     71.953 0.0000e+00
        702 348.600489    0.04868     2.9208    175.250  1025.0265  50239.380    31.5487     71.526    6.89719     7.0494     7.0558    24.6947   12.40270 5.1219e-02     72.214 0.0000e+00
        703 348.600492    0.04875     2.9250    175.500  1025.0277  50239.640    31.5487     71.787    6.89719     7.0493     7.0558    24.6947   12.40270 5.0907e-02     72.477 0.0000e+00
        704 348.600495    0.04882     2.9292    175.750  1025.0290  50239.900    31.5488     72.051    6.89719     7.0493     7.0558    24.6947   12.40270 5.0547e-02     72.744 0.0000e+00
        705 348.600498    0.04889     2.9333    176.000  1025.0302  50240.130    31.5489     72.317    6.89719     7.0493     7.0557    24.6948   12.40270 5.0185e-02     73.012 0.0000e+00
        706 348.600501    0.04896     2.9375    176.250  1025.0315  50240.367    31.5489     72.580    6.89719     7.0493     7.0557    24.6948   12.40270 4.9849e-02     73.278 0.0000e+00
        707 348.600503    0.04903     2.9417    176.500  1025.0327  50240.589    31.5489     72.837    6.89719     7.0493     7.0558    24.6948   12.40269 4.9550e-02     73.538 0.0000e+00
        708 348.600506    0.04910     2.9458    176.750  1025.0339  50240.755    31.5489     73.088    6.89719     7.0493     7.0558    24.6948   12.40268 4.9284e-02     73.791 0.0000e+00
        709 348.600509    0.04917     2.9500    177.000  1025.0350  50240.912    31.5489     73.329    6.89718     7.0492     7.0558    24.6948   12.40268 4.9040e-02     74.035 0.0000e+00
        710 348.600512    0.04924     2.9542    177.250  1025.0361  50241.094    31.5489     73.562    6.89719     7.0492     7.0558    24.6948   12.40268 4.8808e-02     74.269 0.0000e+00
        711 348.600515    0.04931     2.9583    177.500  1025.0372  50241.291    31.5490     73.784    6.89719     7.0491     7.0558    24.6949   12.40269 4.8589e-02     74.493 0.0000e+00
        712 348.600518    0.04938     2.9625    177.750  1025.0382  50241.524    31.5490     73.996    6.89720     7.0490     7.0557    24.6949   12.40270 4.8389e-02     74.708 0.0000e+00
        713 348.600521    0.04944     2.9667    178.000  1025.0392  50241.802    31.5491     74.201    6.89720     7.0489     7.0556    24.6950   12.40271 4.8207e-02     74.915 0.0000e+00
        714 348.600524    0.04951     2.9708    178.250  1025.0403  50242.131    31.5492     74.403    6.89721     7.0489     7.0556    24.6951   12.40272 4.8032e-02     75.119 0.0000e+00
        715 348.600527    0.04958     2.9750    178.500  1025.0413  50242.462    31.5493     74.608    6.89721     7.0489     7.0555    24.6952   12.40272 4.7855e-02     75.326 0.0000e+00
        716 348.600530    0.04965     2.9792    178.750  1025.0424  50242.734    31.5494     74.823    6.89721     7.0489     7.0555    24.6953   12.40272 4.7672e-02     75.543 0.0000e+00
        717 348.600532    0.04972     2.9833    179.000  1025.0435  50243.006    31.5495     75.054    6.89720     7.0490     7.0555    24.6954   12.40270 4.7478e-02     75.776 0.0000e+00
        718 348.600535    0.04979     2.9875    179.250  1025.0448  50243.325    31.5496     75.302    6.89718     7.0492     7.0556    24.6954   12.40267 4.7273e-02     76.027 0.0000e+00
        719 348.600538    0.04986     2.9917    179.500  1025.0461  50243.628    31.5497     75.567    6.89715     7.0494     7.0557    24.6955   12.40262 4.7063e-02     76.295 0.0000e+00
        720 348.600541    0.04993     2.9958    179.750  1025.0475  50243.915    31.5498     75.843    6.89712     7.0497     7.0559    24.6956   12.40257 4.6855e-02     76.574 0.0000e+00
        721 348.600544    0.05000     3.0000    180.000  1025.0488  50244.214    31.5500     76.125    6.89708     7.0501     7.0561    24.6956   12.40250 4.6651e-02     76.858 0.0000e+00
        722 348.600547    0.05007     3.0042    180.250  1025.0501  50244.379    31.5500     76.409    6.89703     7.0505     7.0565    24.6956   12.40241 4.6451e-02     77.144 0.0000e+00
        723 348.600550    0.05014     3.0083    180.500  1025.0513  50244.308    31.5499     76.690    6.89697     7.0508     7.0569    24.6955   12.40232 4.6260e-02     77.428 0.0000e+00
        724 348.600553    0.05021     3.0125    180.750  1025.0524  50244.169    31.5497     76.964    6.89691     7.0512     7.0573    24.6953   12.40222 4.6083e-02     77.705 0.0000e+00
        725 348.600556    0.05028     3.0167    181.000  1025.0535  50244.077    31.5496     77.228    6.89685     7.0516     7.0577    24.6952   12.40213 4.5922e-02     77.972 0.0000e+00
        726 348.600558    0.05035     3.0208    181.250  1025.0545  50243.898    31.5495     77.479    6.89680     7.0520     7.0581    24.6950   12.40204 4.5769e-02     78.225 0.0000e+00
        727 348.600561    0.05042     3.0250    181.500  1025.0553  50243.531    31.5492     77.717    6.89674     7.0523     7.0585    24.6947   12.40195 4.5624e-02     78.465 0.0000e+00
        728 348.600564    0.05049     3.0292    181.750  1025.0560  50243.123    31.5488     77.944    6.89669     7.0525     7.0589    24.6944   12.40187 4.5496e-02     78.695 0.0000e+00
        729 348.600567    0.05056     3.0333    182.000  1025.0568  50242.869    31.5486     78.167    6.89666     7.0526     7.0592    24.6942   12.40182 4.5382e-02     78.919 0.0000e+00
        730 348.600570    0.05063     3.0375    182.250  1025.0577  50242.788    31.5485     78.391    6.89663     7.0528     7.0594    24.6941   12.40177 4.5274e-02     79.146 0.0000e+00
        731 348.600573    0.05069     3.0417    182.500  1025.0587  50242.792    31.5484     78.623    6.89661     7.0529     7.0596    24.6940   12.40173 4.5166e-02     79.380 0.0000e+00
        732 348.600576    0.05076     3.0458    182.750  1025.0598  50242.828    31.5484     78.863    6.89658     7.0531     7.0598    24.6939   12.40169 4.5050e-02     79.623 0.0000e+00
        733 348.600579    0.05083     3.0500    183.000  1025.0608  50242.832    31.5483     79.114    6.89656     7.0532     7.0599    24.6939   12.40165 4.4932e-02     79.876 0.0000e+00
        734 348.600582    0.05090     3.0542    183.250  1025.0619  50242.792    31.5482     79.375    6.89654     7.0533     7.0601    24.6937   12.40162 4.4816e-02     80.139 0.0000e+00
        735 348.600584    0.05097     3.0583    183.500  1025.0631  50242.794    31.5481     79.644    6.89652     7.0534     7.0602    24.6936   12.40158 4.4703e-02     80.411 0.0000e+00
        736 348.600587    0.05104     3.0625    183.750  1025.0643  50242.846    31.5480     79.915    6.89650     7.0534     7.0604    24.6936   12.40155 4.4592e-02     80.685 0.0000e+00
        737 348.600590    0.05111     3.0667    184.000  1025.0655  50242.914    31.5479     80.185    6.89648     7.0535     7.0605    24.6935   12.40153 4.4482e-02     80.957 0.0000e+00
        738 348.600593    0.05118     3.0708    184.250  1025.0666  50242.968    31.5479     80.446    6.89647     7.0535     7.0605    24.6935   12.40151 4.4379e-02     81.220 0.0000e+00
        739 348.600596    0.05125     3.0750    184.500  1025.0677  50242.973    31.5478     80.693    6.89647     7.0535     7.0606    24.6934   12.40151 4.4285e-02     81.471 0.0000e+00
        740 348.600599    0.05132     3.0792    184.750  1025.0687  50242.936    31.5477     80.926    6.89647     7.0534     7.0606    24.6933   12.40151 4.4194e-02     81.705 0.0000e+00
        741 348.600602    0.05139     3.0833    185.000  1025.0696  50242.905    31.5476     81.143    6.89648     7.0533     7.0606    24.6932   12.40153 4.4106e-02     81.925 0.0000e+00
        742 348.600605    0.05146     3.0875    185.250  1025.0705  50242.938    31.5475     81.351    6.89649     7.0531     7.0606    24.6931   12.40155 4.4021e-02     82.135 0.0000e+00
        743 348.600608    0.05153     3.0917    185.500  1025.0714  50243.038    31.5474     81.554    6.89650     7.0529     7.0605    24.6931   12.40158 4.3940e-02     82.339 0.0000e+00
        744 348.600611    0.05160     3.0958    185.750  1025.0724  50243.180    31.5474     81.756    6.89652     7.0526     7.0604    24.6931   12.40161 4.3859e-02     82.544 0.0000e+00
        745 348.600613    0.05167     3.1000    186.000  1025.0734  50243.387    31.5474     81.964    6.89656     7.0523     7.0602    24.6931   12.40167 4.3780e-02     82.754 0.0000e+00
        746 348.600616    0.05174     3.1042    186.250  1025.0745  50243.720    31.5475     82.183    6.89660     7.0519     7.0599    24.6932   12.40173 4.3703e-02     82.974 0.0000e+00
        747 348.600619    0.05181     3.1083    186.500  1025.0757  50244.169    31.5476     82.415    6.89665     7.0514     7.0595    24.6934   12.40181 4.3625e-02     83.209 0.0000e+00
        748 348.600622    0.05187     3.1125    186.750  1025.0770  50244.623    31.5478     82.663    6.89670     7.0508     7.0592    24.6936   12.40189 4.3544e-02     83.460 0.0000e+00
        749 348.600625    0.05194     3.1167    187.000  1025.0784  50245.030    31.5479     82.928    6.89676     7.0500     7.0588    24.6937   12.40200 4.3461e-02     83.727 0.0000e+00
        750 348.600628    0.05201     3.1208    187.250  1025.0798  50245.505    31.5480     83.206    6.89685     7.0492     7.0582    24.6939   12.40214 4.3380e-02     84.008 0.0000e+00
        751 348.600631    0.05208     3.1250    187.500  1025.0814  50246.226    31.5482     83.492    6.89696     7.0485     7.0575    24.6942   12.40231 4.3301e-02     84.297 0.0000e+00
        752 348.600634    0.05215     3.1292    187.750  1025.0832  50247.208    31.5486     83.778    6.89706     7.0480     7.0567    24.6946   12.40248 4.3221e-02     84.586 0.0000e+00
        753 348.600637    0.05222     3.1333    188.000  1025.0850  50248.244    31.5491     84.059    6.89715     7.0476     7.0560    24.6951   12.40262 4.3133e-02     84.869 0.0000e+00
        754 348.600639    0.05229     3.1375    188.250  1025.0866  50249.112    31.5495     84.331    6.89721     7.0473     7.0555    24.6954   12.40272 4.3049e-02     85.144 0.0000e+00
        755 348.600642    0.05236     3.1417    188.500  1025.0881  50249.783    31.5498     84.594    6.89725     7.0471     7.0551    24.6957   12.40279 4.2983e-02     85.410 0.0000e+00
        756 348.600645    0.05243     3.1458    188.750  1025.0895  50250.366    31.5500     84.847    6.89728     7.0471     7.0549    24.6959   12.40283 4.2927e-02     85.665 0.0000e+00
        757 348.600648    0.05250     3.1500    189.000  1025.0909  50250.935    31.5502     85.091    6.89730     7.0471     7.0547    24.6962   12.40285 4.2872e-02     85.912 0.0000e+00
        758 348.600651    0.05257     3.1542    189.250  1025.0922  50251.466    31.5505     85.329    6.89730     7.0473     7.0547    24.6964   12.40285 4.2817e-02     86.152 0.0000e+00
        759 348.600654    0.05264     3.1583    189.500  1025.0934  50251.905    31.5507     85.563    6.89728     7.0475     7.0547    24.6965   12.40282 4.2760e-02     86.388 0.0000e+00
        760 348.600657    0.05271     3.1625    189.750  1025.0946  50252.224    31.5508     85.795    6.89724     7.0479     7.0549    24.6966   12.40276 4.2702e-02     86.623 0.0000e+00
        761 348.600660    0.05278     3.1667    190.000  1025.0957  50252.432    31.5509     86.030    6.89719     7.0484     7.0552    24.6966   12.40268 4.2649e-02     86.860 0.0000e+00
        762 348.600663    0.05285     3.1708    190.250  1025.0968  50252.533    31.5510     86.268    6.89713     7.0489     7.0555    24.6966   12.40257 4.2598e-02     87.100 0.0000e+00
        763 348.600666    0.05292     3.1750    190.500  1025.0978  50252.465    31.5509     86.510    6.89706     7.0493     7.0560    24.6965   12.40245 4.2549e-02     87.344 0.0000e+00
        764 348.600668    0.05299     3.1792    190.750  1025.0986  50252.066    31.5506     86.752    6.89700     7.0494     7.0565    24.6962   12.40235 4.2503e-02     87.589 0.0000e+00
        765 348.600671    0.05306     3.1833    191.000  1025.0992  50251.227    31.5500     86.990    6.89696     7.0493     7.0569    24.6956   12.40229 4.2458e-02     87.830 0.0000e+00
