CTD-processing/allCTD/CNV--homogene/2016_08-31_t6_s21_cast096.cnv
* Sea-Bird SBE19plus Data File:
* FileName = C:\Users\Kim.Powell\Desktop\2016_08-31_T6_5028\2016_08-31_T6_5028_cast096.hex
* Software Version 1.59
* Temperature SN =  5028
* Conductivity SN =  5028
* System UpLoad Time = Aug 31 2016 21:55:48
** CookInlet LTM Transect 7
** 2016_08-30
** Station: 6-21
** Start Time: 10:32
** Depth (m): 164.3
** Comment:
** Comment:
# nquan = 17
# nvalues = 1022                        
# units = specified
# name 0 = scan: Scan Count
# name 1 = timeJ: Julian Days
# name 2 = timeH: Time, Elapsed [hours]
# name 3 = timeM: Time, Elapsed [minutes]
# name 4 = timeS: Time, Elapsed [seconds]
# name 5 = density00: Density [density, kg/m^3]
# name 6 = specc: Specific Conductance [uS/cm]
# name 7 = sal00: Salinity, Practical [PSU]
# name 8 = depSM: Depth [salt water, m], lat = 59.00
# name 9 = oxsolML/L: Oxygen Saturation, Garcia & Gordon [ml/l]
# name 10 = potemp090C: Potential Temperature [ITS-90, deg C]
# name 11 = tv290C: Temperature [ITS-90, deg C]
# name 12 = sigma-é00: Density [sigma-theta, kg/m^3]
# name 13 = n2satML/L: Nitrogen Saturation [ml/l]
# name 14 = par: PAR/Irradiance, Biospherical/Licor
# name 15 = prdM: Pressure, Strain Gauge [db]
# name 16 = flag:  0.000e+00
# span 0 =          1,       1022       
# span 1 = 244.439456, 244.442410       
# span 2 =    0.00000,    0.07090       
# span 3 =     0.0000,     4.2542       
# span 4 =      0.000,    255.250       
# span 5 =   999.3658,  1026.2338       
# span 6 =    147.366,  51766.022       
# span 7 =     0.0703,    32.5221       
# span 8 =     -0.045,    159.023       
# span 9 =    6.06329,    7.28506       
# span 10 =     6.7767,    13.5598      
# span 11 =     6.7908,    13.5599      
# span 12 =    -0.6340,    25.4967      
# span 13 =   11.04480,   13.46743      
# span 14 = 6.3197e-02, 9.0737e+02      
# span 15 =     -0.045,    160.586      
# span 16 = 0.0000e+00, 0.0000e+00      
# interval = seconds: 0.25
# start_time = Aug 31 2016 10:32:49 [Instrument's time stamp, header]
# bad_flag = -9.990e-29
*END*
[from data line 171]
        172 244.439951    0.01188     0.7125     42.750  1022.1580  46334.349    29.6054      0.837    6.08853    13.3408    13.3311    22.1542   11.08577 3.8227e+01      0.845 0.0000e+00
        173 244.439954    0.01194     0.7167     43.000  1022.1483  46318.007    29.5942      0.840    6.08826    13.3445    13.3366    22.1445   11.08545 3.8032e+01      0.848 0.0000e+00
        174 244.439957    0.01201     0.7208     43.250  1022.1476  46317.782    29.5944      0.844    6.08772    13.3485    13.3409    22.1438   11.08455 3.8250e+01      0.852 0.0000e+00
        175 244.439959    0.01208     0.7250     43.500  1022.1553  46332.627    29.6053      0.847    6.08685    13.3540    13.3446    22.1515   11.08298 3.8877e+01      0.855 0.0000e+00
        176 244.439962    0.01215     0.7292     43.750  1022.1640  46349.568    29.6176      0.847    6.08587    13.3611    13.3486    22.1602   11.08121 3.9319e+01      0.855 0.0000e+00
        177 244.439965    0.01222     0.7333     44.000  1022.1663  46355.025    29.6219      0.842    6.08501    13.3686    13.3541    22.1625   11.07974 3.8884e+01      0.850 0.0000e+00
        178 244.439968    0.01229     0.7375     44.250  1022.1574  46340.622    29.6123      0.834    6.08448    13.3742    13.3612    22.1537   11.07896 3.8224e+01      0.842 0.0000e+00
        179 244.439971    0.01236     0.7417     44.500  1022.1378  46306.698    29.5888      0.825    6.08442    13.3760    13.3687    22.1341   11.07914 3.8230e+01      0.833 0.0000e+00
        180 244.439974    0.01243     0.7458     44.750  1022.1143  46265.250    29.5599      0.821    6.08481    13.3723    13.3743    22.1106   11.08011 3.8496e+01      0.828 0.0000e+00
        181 244.439977    0.01250     0.7500     45.000  1022.0970  46234.121    29.5379      0.821    6.08542    13.3637    13.3761    22.0934   11.08137 3.8931e+01      0.828 0.0000e+00
        182 244.439980    0.01257     0.7542     45.250  1022.0937  46227.174    29.5327      0.824    6.08608    13.3536    13.3724    22.0901   11.08254 3.9645e+01      0.831 0.0000e+00
        183 244.439983    0.01264     0.7583     45.500  1022.1050  46245.705    29.5452      0.826    6.08669    13.3454    13.3638    22.1013   11.08341 3.9567e+01      0.834 0.0000e+00
        184 244.439986    0.01271     0.7625     45.750  1022.1226  46275.401    29.5654      0.824    6.08720    13.3408    13.3537    22.1189   11.08402 3.8615e+01      0.832 0.0000e+00
        185 244.439988    0.01278     0.7667     46.000  1022.1350  46296.081    29.5794      0.820    6.08770    13.3392    13.3455    22.1313   11.08470 3.7784e+01      0.828 0.0000e+00
        186 244.439991    0.01285     0.7708     46.250  1022.1359  46296.661    29.5794      0.814    6.08829    13.3385    13.3409    22.1322   11.08567 3.7318e+01      0.822 0.0000e+00
        187 244.439994    0.01292     0.7750     46.500  1022.1277  46281.363    29.5685      0.811    6.08890    13.3368    13.3393    22.1241   11.08681 3.7479e+01      0.819 0.0000e+00
        188 244.439997    0.01299     0.7792     46.750  1022.1197  46266.539    29.5579      0.812    6.08939    13.3341    13.3386    22.1161   11.08774 3.8185e+01      0.819 0.0000e+00
        189 244.440000    0.01306     0.7833     47.000  1022.1211  46268.554    29.5592      0.815    6.08956    13.3323    13.3369    22.1174   11.08801 3.8710e+01      0.823 0.0000e+00
        190 244.440003    0.01313     0.7875     47.250  1022.1341  46291.723    29.5754      0.819    6.08928    13.3342    13.3342    22.1304   11.08737 3.8827e+01      0.827 0.0000e+00
        191 244.440006    0.01319     0.7917     47.500  1022.1534  46326.487    29.5999      0.821    6.08857    13.3424    13.3324    22.1497   11.08591 3.8631e+01      0.829 0.0000e+00
        192 244.440009    0.01326     0.7958     47.750  1022.1700  46357.150    29.6218      0.821    6.08750    13.3578    13.3344    22.1662   11.08388 3.8773e+01      0.829 0.0000e+00
        193 244.440012    0.01333     0.8000     48.000  1022.1760  46370.111    29.6316      0.818    6.08610    13.3775    13.3425    22.1723   11.08144 3.9356e+01      0.825 0.0000e+00
        194 244.440014    0.01340     0.8042     48.250  1022.1666  46356.834    29.6235      0.812    6.08447    13.3953    13.3580    22.1630   11.07882 3.9134e+01      0.820 0.0000e+00
        195 244.440017    0.01347     0.8083     48.500  1022.1428  46318.064    29.5976      0.807    6.08297    13.4061    13.3777    22.1391   11.07662 3.8338e+01      0.815 0.0000e+00
        196 244.440020    0.01354     0.8125     48.750  1022.1129  46267.795    29.5633      0.805    6.08203    13.4090    13.3954    22.1093   11.07545 3.8240e+01      0.813 0.0000e+00
        197 244.440023    0.01361     0.8167     49.000  1022.0896  46227.890    29.5359      0.809    6.08171    13.4064    13.4062    22.0860   11.07524 3.8615e+01      0.816 0.0000e+00
        198 244.440026    0.01368     0.8208     49.250  1022.0820  46214.689    29.5268      0.817    6.08168    13.4013    13.4091    22.0783   11.07530 3.8817e+01      0.824 0.0000e+00
        199 244.440029    0.01375     0.8250     49.500  1022.0909  46230.108    29.5375      0.828    6.08160    13.3965    13.4065    22.0871   11.07505 3.8841e+01      0.835 0.0000e+00
        200 244.440032    0.01382     0.8292     49.750  1022.1090  46261.828    29.5596      0.837    6.08142    13.3949    13.4014    22.1052   11.07448 3.8507e+01      0.844 0.0000e+00
        201 244.440035    0.01389     0.8333     50.000  1022.1259  46291.602    29.5803      0.843    6.08123    13.3973    13.3966    22.1221   11.07394 3.8027e+01      0.850 0.0000e+00
        202 244.440038    0.01396     0.8375     50.250  1022.1338  46305.514    29.5900      0.846    6.08107    13.4023    13.3950    22.1300   11.07356 3.7985e+01      0.853 0.0000e+00
        203 244.440041    0.01403     0.8417     50.500  1022.1311  46301.145    29.5871      0.849    6.08088    13.4084    13.3974    22.1273   11.07327 3.8187e+01      0.856 0.0000e+00
        204 244.440043    0.01410     0.8458     50.750  1022.1242  46289.798    29.5795      0.852    6.08053    13.4142    13.4024    22.1204   11.07278 3.8406e+01      0.860 0.0000e+00
        205 244.440046    0.01417     0.8500     51.000  1022.1207  46284.956    29.5766      0.855    6.07988    13.4190    13.4085    22.1169   11.07174 3.8562e+01      0.863 0.0000e+00
        206 244.440049    0.01424     0.8542     51.250  1022.1224  46289.360    29.5801      0.856    6.07902    13.4230    13.4143    22.1185   11.07026 3.8481e+01      0.864 0.0000e+00
        207 244.440052    0.01431     0.8583     51.500  1022.1253  46295.812    29.5851      0.854    6.07822    13.4266    13.4191    22.1214   11.06887 3.8318e+01      0.862 0.0000e+00
        208 244.440055    0.01438     0.8625     51.750  1022.1242  46294.882    29.5848      0.848    6.07774    13.4299    13.4231    22.1204   11.06807 3.8427e+01      0.856 0.0000e+00
        209 244.440058    0.01444     0.8667     52.000  1022.1163  46281.389    29.5755      0.839    6.07764    13.4321    13.4267    22.1125   11.06801 3.8651e+01      0.847 0.0000e+00
        210 244.440061    0.01451     0.8708     52.250  1022.1030  46257.958    29.5591      0.829    6.07784    13.4325    13.4300    22.0993   11.06853 3.8679e+01      0.837 0.0000e+00
        211 244.440064    0.01458     0.8750     52.500  1022.0895  46233.887    29.5422      0.820    6.07820    13.4312    13.4322    22.0858   11.06933 3.8711e+01      0.828 0.0000e+00
        212 244.440067    0.01465     0.8792     52.750  1022.0810  46218.554    29.5314      0.813    6.07856    13.4287    13.4326    22.0774   11.07005 3.8878e+01      0.821 0.0000e+00
        213 244.440069    0.01472     0.8833     53.000  1022.0801  46216.627    29.5299      0.808    6.07878    13.4253    13.4313    22.0765   11.07043 3.9290e+01      0.816 0.0000e+00
        214 244.440072    0.01479     0.8875     53.250  1022.0858  46226.481    29.5367      0.803    6.07884    13.4211    13.4288    22.0822   11.07045 3.9833e+01      0.810 0.0000e+00
        215 244.440075    0.01486     0.8917     53.500  1022.0935  46239.709    29.5458      0.797    6.07891    13.4157    13.4254    22.0899   11.07047 3.9827e+01      0.805 0.0000e+00
        216 244.440078    0.01493     0.8958     53.750  1022.0971  46245.241    29.5494      0.792    6.07931    13.4084    13.4212    22.0935   11.07108 3.9385e+01      0.800 0.0000e+00
        217 244.440081    0.01500     0.9000     54.000  1022.0928  46236.201    29.5425      0.790    6.08025    13.3982    13.4158    22.0892   11.07273 3.9348e+01      0.797 0.0000e+00
        218 244.440084    0.01507     0.9042     54.250  1022.0828  46216.080    29.5277      0.792    6.08173    13.3840    13.4085    22.0792   11.07536 3.9768e+01      0.800 0.0000e+00
        219 244.440087    0.01514     0.9083     54.500  1022.0750  46199.219    29.5150      0.802    6.08350    13.3670    13.3983    22.0713   11.07845 3.9862e+01      0.809 0.0000e+00
        220 244.440090    0.01521     0.9125     54.750  1022.0775  46200.254    29.5146      0.817    6.08530    13.3516    13.3841    22.0737   11.08145 3.9247e+01      0.825 0.0000e+00
        221 244.440093    0.01528     0.9167     55.000  1022.0932  46224.785    29.5306      0.836    6.08684    13.3427    13.3671    22.0894   11.08382 3.8933e+01      0.844 0.0000e+00
        222 244.440095    0.01535     0.9208     55.250  1022.1193  46268.514    29.5604      0.854    6.08765    13.3440    13.3517    22.1154   11.08483 3.9388e+01      0.862 0.0000e+00
        223 244.440098    0.01542     0.9250     55.500  1022.1475  46317.789    29.5946      0.869    6.08748    13.3581    13.3428    22.1436   11.08415 3.9447e+01      0.877 0.0000e+00
        224 244.440101    0.01549     0.9292     55.750  1022.1667  46353.137    29.6197      0.876    6.08636    13.3834    13.3441    22.1627   11.08200 3.8843e+01      0.884 0.0000e+00
        225 244.440104    0.01556     0.9333     56.000  1022.1666  46356.361    29.6232      0.876    6.08445    13.4122    13.3582    22.1627   11.07880 3.8382e+01      0.884 0.0000e+00
        226 244.440107    0.01563     0.9375     56.250  1022.1432  46319.799    29.5993      0.870    6.08217    13.4347    13.3835    22.1393   11.07527 3.8330e+01      0.878 0.0000e+00
        227 244.440110    0.01569     0.9417     56.500  1022.1049  46256.865    29.5570      0.861    6.08015    13.4462    13.4123    22.1010   11.07240 3.8619e+01      0.869 0.0000e+00
        228 244.440113    0.01576     0.9458     56.750  1022.0691  46197.080    29.5164      0.854    6.07885    13.4475    13.4348    22.0653   11.07071 3.9139e+01      0.862 0.0000e+00
        229 244.440116    0.01583     0.9500     57.000  1022.0496  46164.168    29.4939      0.850    6.07826    13.4427    13.4463    22.0458   11.06998 3.9871e+01      0.858 0.0000e+00
        230 244.440119    0.01590     0.9542     57.250  1022.0499  46165.227    29.4948      0.847    6.07805    13.4368    13.4477    22.0462   11.06963 4.0621e+01      0.855 0.0000e+00
        231 244.440122    0.01597     0.9583     57.500  1022.0651  46191.891    29.5133      0.841    6.07796    13.4343    13.4429    22.0614   11.06925 4.0774e+01      0.849 0.0000e+00
        232 244.440124    0.01604     0.9625     57.750  1022.0834  46223.920    29.5356      0.830    6.07786    13.4371    13.4369    22.0797   11.06885 4.0434e+01      0.838 0.0000e+00
        233 244.440127    0.01611     0.9667     58.000  1022.0922  46239.369    29.5464      0.814    6.07777    13.4424    13.4344    22.0885   11.06857 4.0270e+01      0.822 0.0000e+00
        234 244.440130    0.01618     0.9708     58.250  1022.0842  46225.629    29.5368      0.797    6.07777    13.4441    13.4372    22.0806   11.06869 4.0270e+01      0.805 0.0000e+00
        235 244.440133    0.01625     0.9750     58.500  1022.0629  46188.125    29.5106      0.784    6.07810    13.4368    13.4425    22.0594   11.06952 4.0344e+01      0.791 0.0000e+00
        236 244.440136    0.01632     0.9792     58.750  1022.0400  46146.802    29.4815      0.778    6.07899    13.4190    13.4442    22.0365   11.07134 4.0527e+01      0.785 0.0000e+00
        237 244.440139    0.01639     0.9833     59.000  1022.0263  46119.844    29.4618      0.782    6.08066    13.3942    13.4369    22.0228   11.07433 4.0382e+01      0.789 0.0000e+00
        238 244.440142    0.01646     0.9875     59.250  1022.0262  46115.396    29.4572      0.796    6.08307    13.3690    13.4191    22.0227   11.07839 3.9953e+01      0.803 0.0000e+00
        239 244.440145    0.01653     0.9917     59.500  1022.0404  46135.102    29.4692      0.816    6.08574    13.3493    13.3943    22.0367   11.08268 3.9842e+01      0.823 0.0000e+00
        240 244.440148    0.01660     0.9958     59.750  1022.0677  46178.670    29.4981      0.837    6.08782    13.3393    13.3691    22.0639   11.08582 4.0072e+01      0.845 0.0000e+00
        241 244.440150    0.01667     1.0000     60.000  1022.1031  46238.435    29.5389      0.855    6.08875    13.3416    13.3494    22.0992   11.08690 4.0269e+01      0.863 0.0000e+00
        242 244.440153    0.01674     1.0042     60.250  1022.1350  46294.338    29.5777      0.864    6.08855    13.3568    13.3394    22.1312   11.08612 4.0154e+01      0.872 0.0000e+00
        243 244.440156    0.01681     1.0083     60.500  1022.1505  46323.217    29.5983      0.864    6.08747    13.3798    13.3417    22.1467   11.08409 3.9866e+01      0.872 0.0000e+00
        244 244.440159    0.01688     1.0125     60.750  1022.1421  46311.518    29.5913      0.857    6.08582    13.4017    13.3570    22.1382   11.08143 3.9837e+01      0.865 0.0000e+00
        245 244.440162    0.01694     1.0167     61.000  1022.1137  46265.282    29.5603      0.848    6.08410    13.4168    13.3799    22.1099   11.07893 4.0304e+01      0.856 0.0000e+00
        246 244.440165    0.01701     1.0208     61.250  1022.0794  46207.864    29.5214      0.842    6.08282    13.4241    13.4018    22.0756   11.07725 4.0868e+01      0.850 0.0000e+00
        247 244.440168    0.01708     1.0250     61.500  1022.0525  46162.453    29.4904      0.841    6.08208    13.4244    13.4169    22.0487   11.07638 4.0999e+01      0.849 0.0000e+00
        248 244.440171    0.01715     1.0292     61.750  1022.0397  46140.773    29.4756      0.845    6.08173    13.4208    13.4242    22.0359   11.07596 4.1019e+01      0.853 0.0000e+00
        249 244.440174    0.01722     1.0333     62.000  1022.0415  46144.045    29.4779      0.851    6.08160    13.4167    13.4245    22.0376   11.07571 4.1250e+01      0.858 0.0000e+00
        250 244.440177    0.01729     1.0375     62.250  1022.0529  46163.979    29.4918      0.855    6.08153    13.4140    13.4209    22.0490   11.07545 4.1386e+01      0.863 0.0000e+00
        251 244.440179    0.01736     1.0417     62.500  1022.0653  46185.636    29.5068      0.857    6.08148    13.4129    13.4168    22.0614   11.07519 4.1319e+01      0.865 0.0000e+00
        252 244.440182    0.01743     1.0458     62.750  1022.0719  46197.162    29.5148      0.854    6.08151    13.4124    13.4141    22.0681   11.07514 4.1402e+01      0.862 0.0000e+00
        253 244.440185    0.01750     1.0500     63.000  1022.0710  46195.295    29.5134      0.848    6.08170    13.4109    13.4130    22.0672   11.07548 4.1505e+01      0.856 0.0000e+00
        254 244.440188    0.01757     1.0542     63.250  1022.0650  46184.145    29.5054      0.840    6.08207    13.4080    13.4125    22.0612   11.07619 4.1175e+01      0.847 0.0000e+00
        255 244.440191    0.01764     1.0583     63.500  1022.0589  46172.839    29.4973      0.832    6.08257    13.4041    13.4110    22.0552   11.07710 4.1057e+01      0.839 0.0000e+00
