CTD-processing/allCTD/CNV--homogene/2016_10-13_t9_s08_cast142.cnv
* Sea-Bird SBE19plus Data File:
* FileName = P:\My Documents\kasitsna\Research-KBL\Oceanography-AK\CTD-Data-ALL-to-2016-05\2016-CTD-KachemakBay-CookInlet\2016-10-13-CookInlet-HomerSpit-monthly\2016-10-13-CookInlet-Tran9-cast142.hex
* Software Version 1.59
* Temperature SN =  5028
* Conductivity SN =  5028
* System UpLoad Time = Dec 06 2016 20:22:49
** Cook Inlet LTM Tran 9 Homer Spit north to south
** Date: (YYYY-MM-DD): 2016-10-13
** Station: (eg. 9-01): 9-08
** Start time (AKDT): 13:00
** Depth (m): 95.1
** Comment: R/V Edgecumbe
** Comment:
# nquan = 17
# nvalues = 748                         
# units = specified
# name 0 = scan: Scan Count
# name 1 = timeJ: Julian Days
# name 2 = timeH: Time, Elapsed [hours]
# name 3 = timeM: Time, Elapsed [minutes]
# name 4 = timeS: Time, Elapsed [seconds]
# name 5 = density00: Density [density, kg/m^3]
# name 6 = specc: Specific Conductance [uS/cm]
# name 7 = sal00: Salinity, Practical [PSU]
# name 8 = depSM: Depth [salt water, m], lat = 59.00
# name 9 = oxsolML/L: Oxygen Saturation, Garcia & Gordon [ml/l]
# name 10 = potemp090C: Potential Temperature [ITS-90, deg C]
# name 11 = tv290C: Temperature [ITS-90, deg C]
# name 12 = sigma-é00: Density [sigma-theta, kg/m^3]
# name 13 = n2satML/L: Nitrogen Saturation [ml/l]
# name 14 = par: PAR/Irradiance, Biospherical/Licor
# name 15 = prdM: Pressure, Strain Gauge [db]
# name 16 = flag:  0.000e+00
# span 0 =          1,        748       
# span 1 = 287.542164, 287.544326       
# span 2 =    0.00000,    0.05187       
# span 3 =     0.0000,     3.1125       
# span 4 =      0.000,    186.750       
# span 5 =  1000.1709,  1023.7950       
# span 6 =   1212.150,  48081.738       
# span 7 =     0.5950,    30.5210       
# span 8 =     -0.216,     89.367       
# span 9 =    6.42457,    7.87257       
# span 10 =     9.9714,    10.7341      
# span 11 =     9.9713,    10.7362      
# span 12 =     0.1720,    23.3868      
# span 13 =   11.63602,   14.45470      
# span 14 = 6.6623e-02, 1.1706e+02      
# span 15 =     -0.218,     90.230      
# span 16 = 0.0000e+00, 0.0000e+00      
# interval = seconds: 0.25
# start_time = Oct 13 2016 13:00:43 [Instrument's time stamp, header]
# bad_flag = -9.990e-29
*END*
[from data line 256]
        257 287.542905    0.01778     1.0667     64.000  1021.5572  44633.970    28.1095      0.494    6.57882    10.1589    10.1450    21.5549   11.91776 3.7417e+01      0.498 0.0000e+00
        258 287.542908    0.01785     1.0708     64.250  1021.5529  44627.051    28.1054      0.497    6.57795    10.1645    10.1522    21.5506   11.91638 3.6895e+01      0.501 0.0000e+00
        259 287.542911    0.01792     1.0750     64.500  1021.5472  44617.366    28.0994      0.494    6.57722    10.1687    10.1590    21.5449   11.91524 3.6414e+01      0.499 0.0000e+00
        260 287.542914    0.01799     1.0792     64.750  1021.5431  44610.759    28.0954      0.486    6.57658    10.1714    10.1645    21.5409   11.91423 3.6256e+01      0.491 0.0000e+00
        261 287.542917    0.01806     1.0833     65.000  1021.5434  44611.935    28.0967      0.477    6.57592    10.1734    10.1687    21.5412   11.91312 3.6430e+01      0.482 0.0000e+00
        262 287.542920    0.01812     1.0875     65.250  1021.5492  44622.982    28.1047      0.470    6.57519    10.1758    10.1715    21.5470   11.91180 3.6803e+01      0.474 0.0000e+00
        263 287.542922    0.01819     1.0917     65.500  1021.5598  44642.940    28.1188      0.467    6.57431    10.1790    10.1735    21.5577   11.91017 3.7292e+01      0.471 0.0000e+00
        264 287.542925    0.01826     1.0958     65.750  1021.5730  44667.472    28.1362      0.469    6.57324    10.1831    10.1758    21.5708   11.90819 3.7734e+01      0.474 0.0000e+00
        265 287.542928    0.01833     1.1000     66.000  1021.5853  44690.628    28.1527      0.475    6.57208    10.1877    10.1791    21.5831   11.90605 3.7932e+01      0.480 0.0000e+00
        266 287.542931    0.01840     1.1042     66.250  1021.5945  44707.949    28.1652      0.482    6.57096    10.1925    10.1832    21.5922   11.90405 3.7907e+01      0.487 0.0000e+00
        267 287.542934    0.01847     1.1083     66.500  1021.6001  44718.883    28.1733      0.487    6.56996    10.1974    10.1877    21.5978   11.90229 3.7788e+01      0.492 0.0000e+00
        268 287.542937    0.01854     1.1125     66.750  1021.6034  44725.724    28.1786      0.490    6.56905    10.2022    10.1925    21.6012   11.90071 3.7604e+01      0.495 0.0000e+00
        269 287.542940    0.01861     1.1167     67.000  1021.6063  44731.624    28.1832      0.489    6.56815    10.2072    10.1974    21.6040   11.89917 3.7356e+01      0.494 0.0000e+00
        270 287.542943    0.01868     1.1208     67.250  1021.6105  44740.168    28.1897      0.486    6.56718    10.2128    10.2023    21.6083   11.89747 3.7099e+01      0.491 0.0000e+00
        271 287.542946    0.01875     1.1250     67.500  1021.6184  44755.405    28.2009      0.482    6.56599    10.2199    10.2073    21.6162   11.89536 3.6944e+01      0.486 0.0000e+00
        272 287.542948    0.01882     1.1292     67.750  1021.6327  44782.477    28.2203      0.478    6.56436    10.2296    10.2129    21.6305   11.89242 3.6888e+01      0.483 0.0000e+00
        273 287.542951    0.01889     1.1333     68.000  1021.6577  44829.665    28.2540      0.476    6.56194    10.2427    10.2199    21.6556   11.88799 3.6747e+01      0.481 0.0000e+00
        274 287.542954    0.01896     1.1375     68.250  1021.6930  44896.046    28.3013      0.478    6.55856    10.2573    10.2296    21.6908   11.88180 3.6423e+01      0.482 0.0000e+00
        275 287.542957    0.01903     1.1417     68.500  1021.7228  44952.646    28.3421      0.482    6.55496    10.2692    10.2427    21.7206   11.87533 3.5989e+01      0.486 0.0000e+00
        276 287.542960    0.01910     1.1458     68.750  1021.7313  44970.312    28.3560      0.487    6.55227    10.2757    10.2573    21.7291   11.87071 3.5518e+01      0.491 0.0000e+00
        277 287.542963    0.01917     1.1500     69.000  1021.7229  44956.447    28.3477      0.491    6.55092    10.2773    10.2692    21.7206   11.86856 3.5146e+01      0.496 0.0000e+00
        278 287.542966    0.01924     1.1542     69.250  1021.7093  44932.284    28.3315      0.493    6.55065    10.2750    10.2758    21.7070   11.86831 3.5031e+01      0.498 0.0000e+00
        279 287.542969    0.01931     1.1583     69.500  1021.6933  44902.869    28.3112      0.492    6.55128    10.2697    10.2773    21.6910   11.86960 3.5111e+01      0.497 0.0000e+00
        280 287.542972    0.01938     1.1625     69.750  1021.6733  44865.701    28.2851      0.491    6.55270    10.2626    10.2750    21.6710   11.87228 3.5272e+01      0.496 0.0000e+00
        281 287.542975    0.01944     1.1667     70.000  1021.6548  44830.976    28.2603      0.490    6.55451    10.2560    10.2697    21.6525   11.87557 3.5514e+01      0.495 0.0000e+00
        282 287.542977    0.01951     1.1708     70.250  1021.6462  44814.184    28.2478      0.490    6.55604    10.2515    10.2626    21.6439   11.87828 3.5733e+01      0.495 0.0000e+00
        283 287.542980    0.01958     1.1750     70.500  1021.6463  44813.510    28.2466      0.493    6.55703    10.2489    10.2561    21.6441   11.87993 3.5744e+01      0.498 0.0000e+00
        284 287.542983    0.01965     1.1792     70.750  1021.6489  44817.570    28.2489      0.497    6.55759    10.2476    10.2515    21.6466   11.88083 3.5576e+01      0.501 0.0000e+00
        285 287.542986    0.01972     1.1833     71.000  1021.6513  44821.636    28.2515      0.501    6.55786    10.2470    10.2489    21.6490   11.88124 3.5434e+01      0.506 0.0000e+00
        286 287.542989    0.01979     1.1875     71.250  1021.6527  44824.136    28.2531      0.504    6.55798    10.2466    10.2477    21.6505   11.88141 3.5418e+01      0.509 0.0000e+00
        287 287.542992    0.01986     1.1917     71.500  1021.6533  44825.056    28.2537      0.504    6.55804    10.2465    10.2471    21.6510   11.88151 3.5524e+01      0.509 0.0000e+00
        288 287.542995    0.01993     1.1958     71.750  1021.6551  44828.414    28.2560      0.501    6.55800    10.2469    10.2466    21.6529   11.88143 3.5701e+01      0.505 0.0000e+00
        289 287.542998    0.02000     1.2000     72.000  1021.6594  44836.327    28.2615      0.496    6.55779    10.2477    10.2465    21.6572   11.88101 3.5798e+01      0.500 0.0000e+00
        290 287.543001    0.02007     1.2042     72.250  1021.6635  44843.928    28.2668      0.491    6.55751    10.2480    10.2469    21.6613   11.88048 3.5717e+01      0.496 0.0000e+00
        291 287.543003    0.02014     1.2083     72.500  1021.6629  44842.806    28.2661      0.491    6.55742    10.2468    10.2477    21.6606   11.88035 3.5506e+01      0.495 0.0000e+00
        292 287.543006    0.02021     1.2125     72.750  1021.6547  44827.802    28.2557      0.494    6.55781    10.2433    10.2481    21.6524   11.88111 3.5235e+01      0.498 0.0000e+00
        293 287.543009    0.02028     1.2167     73.000  1021.6406  44801.592    28.2373      0.498    6.55875    10.2377    10.2469    21.6383   11.88290 3.4909e+01      0.503 0.0000e+00
        294 287.543012    0.02035     1.2208     73.250  1021.6240  44770.552    28.2153      0.502    6.56017    10.2305    10.2434    21.6217   11.88553 3.4440e+01      0.507 0.0000e+00
        295 287.543015    0.02042     1.2250     73.500  1021.6057  44735.953    28.1906      0.503    6.56202    10.2218    10.2378    21.6034   11.88889 3.3884e+01      0.508 0.0000e+00
        296 287.543018    0.02049     1.2292     73.750  1021.5839  44694.898    28.1612      0.501    6.56430    10.2118    10.2306    21.5817   11.89303 3.3465e+01      0.505 0.0000e+00
        297 287.543021    0.02056     1.2333     74.000  1021.5602  44649.886    28.1289      0.497    6.56690    10.2013    10.2219    21.5579   11.89775 3.3300e+01      0.501 0.0000e+00
        298 287.543024    0.02063     1.2375     74.250  1021.5399  44611.188    28.1009      0.494    6.56952    10.1914    10.2119    21.5377   11.90244 3.3343e+01      0.498 0.0000e+00
        299 287.543027    0.02069     1.2417     74.500  1021.5246  44581.404    28.0790      0.493    6.57195    10.1826    10.2014    21.5223   11.90674 3.3393e+01      0.497 0.0000e+00
        300 287.543030    0.02076     1.2458     74.750  1021.5120  44556.835    28.0608      0.497    6.57414    10.1751    10.1915    21.5097   11.91060 3.3196e+01      0.501 0.0000e+00
        301 287.543032    0.02083     1.2500     75.000  1021.5041  44541.032    28.0489      0.505    6.57592    10.1691    10.1827    21.5018   11.91370 3.2732e+01      0.509 0.0000e+00
        302 287.543035    0.02090     1.2542     75.250  1021.5001  44532.487    28.0421      0.512    6.57729    10.1641    10.1752    21.4977   11.91605 3.2166e+01      0.517 0.0000e+00
        303 287.543038    0.02097     1.2583     75.500  1021.4961  44524.248    28.0357      0.515    6.57843    10.1599    10.1691    21.4937   11.91802 3.1577e+01      0.520 0.0000e+00
        304 287.543041    0.02104     1.2625     75.750  1021.4922  44516.542    28.0298      0.511    6.57940    10.1567    10.1642    21.4899   11.91970 3.1131e+01      0.516 0.0000e+00
        305 287.543044    0.02111     1.2667     76.000  1021.4907  44513.144    28.0270      0.502    6.58012    10.1548    10.1600    21.4884   11.92093 3.1046e+01      0.507 0.0000e+00
        306 287.543047    0.02118     1.2708     76.250  1021.4920  44515.247    28.0281      0.495    6.58054    10.1542    10.1568    21.4897   11.92162 3.1311e+01      0.500 0.0000e+00
        307 287.543050    0.02125     1.2750     76.500  1021.4959  44522.238    28.0328      0.495    6.58063    10.1549    10.1548    21.4937   11.92171 3.1855e+01      0.500 0.0000e+00
        308 287.543053    0.02132     1.2792     76.750  1021.5019  44533.171    28.0403      0.506    6.58040    10.1568    10.1542    21.4996   11.92123 3.2489e+01      0.511 0.0000e+00
        309 287.543056    0.02139     1.2833     77.000  1021.5097  44547.351    28.0503      0.532    6.57988    10.1601    10.1549    21.5073   11.92024 3.2626e+01      0.537 0.0000e+00
        310 287.543058    0.02146     1.2875     77.250  1021.5201  44566.397    28.0638      0.574    6.57903    10.1651    10.1569    21.5174   11.91868 3.1840e+01      0.580 0.0000e+00
        311 287.543061    0.02153     1.2917     77.500  1021.5356  44594.906    28.0840      0.638    6.57773    10.1730    10.1601    21.5327   11.91626 3.0146e+01      0.644 0.0000e+00
        312 287.543064    0.02160     1.2958     77.750  1021.5608  44641.207    28.1168      0.729    6.57564    10.1862    10.1651    21.5574   11.91240 2.7748e+01      0.736 0.0000e+00
        313 287.543067    0.02167     1.3000     78.000  1021.6049  44722.447    28.1744      0.853    6.57210    10.2093    10.1730    21.6010   11.90583 2.5043e+01      0.861 0.0000e+00
        314 287.543070    0.02174     1.3042     78.250  1021.6851  44870.700    28.2792      1.006    6.56582    10.2482    10.1863    21.6805   11.89414 2.2361e+01      1.016 0.0000e+00
        315 287.543073    0.02181     1.3083     78.500  1021.8183  45117.787    28.4541      1.184    6.55519    10.3044    10.2094    21.8129   11.87438 1.9842e+01      1.196 0.0000e+00
        316 287.543076    0.02187     1.3125     78.750  1021.9855  45429.192    28.6757      1.383    6.54035    10.3708    10.2484    21.9791   11.84707 1.7641e+01      1.396 0.0000e+00
        317 287.543079    0.02194     1.3167     79.000  1022.1379  45715.656    28.8818      1.597    6.52372    10.4378    10.3045    22.1305   11.81698 1.5945e+01      1.612 0.0000e+00
        318 287.543082    0.02201     1.3208     79.250  1022.2523  45933.532    29.0413      1.816    6.50760    10.4978    10.3710    22.2439   11.78830 1.4807e+01      1.833 0.0000e+00
        319 287.543084    0.02208     1.3250     79.500  1022.3296  46083.351    29.1534      2.033    6.49342    10.5470    10.4380    22.3203   11.76342 1.4145e+01      2.052 0.0000e+00
        320 287.543087    0.02215     1.3292     79.750  1022.3759  46175.373    29.2242      2.242    6.48196    10.5848    10.4980    22.3657   11.74355 1.3837e+01      2.263 0.0000e+00
        321 287.543090    0.02222     1.3333     80.000  1022.4021  46228.861    29.2669      2.443    6.47323    10.6133    10.5472    22.3909   11.72854 1.3767e+01      2.466 0.0000e+00
        322 287.543093    0.02229     1.3375     80.250  1022.4180  46262.029    29.2942      2.640    6.46675    10.6354    10.5851    22.4059   11.71746 1.3846e+01      2.665 0.0000e+00
        323 287.543096    0.02236     1.3417     80.500  1022.4295  46285.729    29.3138      2.840    6.46191    10.6530    10.6136    22.4165   11.70919 1.4014e+01      2.866 0.0000e+00
        324 287.543099    0.02243     1.3458     80.750  1022.4383  46303.575    29.3287      3.045    6.45818    10.6675    10.6357    22.4244   11.70283 1.4220e+01      3.074 0.0000e+00
        325 287.543102    0.02250     1.3500     81.000  1022.4450  46316.840    29.3398      3.258    6.45523    10.6793    10.6534    22.4302   11.69780 1.4418e+01      3.289 0.0000e+00
        326 287.543105    0.02257     1.3542     81.250  1022.4494  46325.367    29.3473      3.477    6.45289    10.6885    10.6679    22.4336   11.69382 1.4570e+01      3.510 0.0000e+00
        327 287.543108    0.02264     1.3583     81.500  1022.4516  46329.298    29.3512      3.698    6.45107    10.6953    10.6797    22.4347   11.69075 1.4662e+01      3.734 0.0000e+00
        328 287.543111    0.02271     1.3625     81.750  1022.4523  46330.228    29.3528      3.918    6.44971    10.7002    10.6890    22.4344   11.68847 1.4697e+01      3.956 0.0000e+00
        329 287.543113    0.02278     1.3667     82.000  1022.4525  46329.952    29.3533      4.134    6.44872    10.7037    10.6958    22.4336   11.68683 1.4688e+01      4.174 0.0000e+00
        330 287.543116    0.02285     1.3708     82.250  1022.4527  46329.443    29.3534      4.346    6.44803    10.7061    10.7007    22.4328   11.68568 1.4648e+01      4.387 0.0000e+00
        331 287.543119    0.02292     1.3750     82.500  1022.4530  46328.941    29.3533      4.555    6.44754    10.7077    10.7042    22.4322   11.68488 1.4578e+01      4.598 0.0000e+00
        332 287.543122    0.02299     1.3792     82.750  1022.4537  46328.874    29.3534      4.762    6.44720    10.7090    10.7066    22.4320   11.68431 1.4467e+01      4.807 0.0000e+00
        333 287.543125    0.02306     1.3833     83.000  1022.4548  46329.595    29.3540      4.972    6.44694    10.7100    10.7083    22.4322   11.68387 1.4305e+01      5.019 0.0000e+00
        334 287.543128    0.02313     1.3875     83.250  1022.4562  46330.532    29.3547      5.185    6.44673    10.7109    10.7095    22.4325   11.68352 1.4083e+01      5.234 0.0000e+00
        335 287.543131    0.02319     1.3917     83.500  1022.4572  46330.914    29.3550      5.402    6.44657    10.7115    10.7106    22.4325   11.68324 1.3804e+01      5.453 0.0000e+00
        336 287.543134    0.02326     1.3958     83.750  1022.4582  46331.138    29.3552      5.618    6.44644    10.7122    10.7115    22.4325   11.68303 1.3484e+01      5.671 0.0000e+00
        337 287.543137    0.02333     1.4000     84.000  1022.4598  46332.438    29.3561      5.831    6.44631    10.7132    10.7122    22.4331   11.68281 1.3143e+01      5.886 0.0000e+00
        338 287.543139    0.02340     1.4042     84.250  1022.4622  46335.269    29.3581      6.038    6.44613    10.7146    10.7129    22.4346   11.68249 1.2798e+01      6.096 0.0000e+00
        339 287.543142    0.02347     1.4083     84.500  1022.4647  46338.445    29.3603      6.241    6.44590    10.7162    10.7139    22.4361   11.68207 1.2462e+01      6.300 0.0000e+00
        340 287.543145    0.02354     1.4125     84.750  1022.4667  46340.791    29.3621      6.439    6.44562    10.7178    10.7153    22.4372   11.68159 1.2138e+01      6.500 0.0000e+00
