CTD-processing/allCTD/CNV--homogene/2016_02-15_t6_s13_cast128.cnv
* Sea-Bird SBE19plus Data File:
* FileName = C:\Users\Kris.Holderied\Documents\kasitsna\Research-KBL\Oceanography-AK\CTD-Data-ALL-to-2016-02\2016-CTD-KachemakBay-CookInlet\2016-02-CookInlet-quarterly\2016-02-15-CookInlet-Tran6-Douglas\2016-02-15-CookInlet-Tran6-cast128.hex
* Software Version 1.59
* Temperature SN =  5028
* Conductivity SN =  5028
* System UpLoad Time = Feb 15 2016 19:43:52
** Cook Inlet LTM Tran6 Douglas West to East

** Date: 02-15
** Station: 6-13
** Start time (AKST): 15:04
** Depth (m): 131
** Comment:  R/V Pandalus
** Comment:
# nquan = 17
# nvalues = 668                         
# units = specified
# name 0 = scan: Scan Count
# name 1 = timeJ: Julian Days
# name 2 = timeH: Time, Elapsed [hours]
# name 3 = timeM: Time, Elapsed [minutes]
# name 4 = timeS: Time, Elapsed [seconds]
# name 5 = density00: Density [density, kg/m^3]
# name 6 = specc: Specific Conductance [uS/cm]
# name 7 = sal00: Salinity, Practical [PSU]
# name 8 = depSM: Depth [salt water, m], lat = 59.00
# name 9 = oxsolML/L: Oxygen Saturation, Garcia & Gordon [ml/l]
# name 10 = potemp090C: Potential Temperature [ITS-90, deg C]
# name 11 = tv290C: Temperature [ITS-90, deg C]
# name 12 = sigma-é00: Density [sigma-theta, kg/m^3]
# name 13 = n2satML/L: Nitrogen Saturation [ml/l]
# name 14 = par: PAR/Irradiance, Biospherical/Licor
# name 15 = prdM: Pressure, Strain Gauge [db]
# name 16 = flag:  0.000e+00
# span 0 =          1,        668       
# span 1 =  46.628067,  46.629997       
# span 2 =    0.00000,    0.04632       
# span 3 =     0.0000,     2.7792       
# span 4 =      0.000,    166.750       
# span 5 =  1000.1060,  1025.7915       
# span 6 =    405.460,  51188.707       
# span 7 =     0.1886,    32.1164       
# span 8 =     -0.147,    129.818       
# span 9 =    6.92768,    8.79910       
# span 10 =     5.5590,     6.6927      
# span 11 =     5.5524,     6.7034      
# span 12 =     0.1067,    25.1892      
# span 13 =   12.44599,   16.02203      
# span 14 = 3.7976e-02, 1.6765e+02      
# span 15 =     -0.149,    131.084      
# span 16 = 0.0000e+00, 0.0000e+00      
# interval = seconds: 0.25
# start_time = Feb 15 2016 15:04:25 [Instrument's time stamp, header]
# bad_flag = -9.990e-29
*END*
[from data line 256]
        257  46.628808    0.01778     1.0667     64.000  1025.1011  50935.066    31.9660      1.697    6.96607     6.5184     6.5080    25.0932   12.51131 5.8099e+01      1.713 0.0000e+00
        258  46.628811    0.01785     1.0708     64.250  1025.1168  50961.765    31.9852      1.932    6.96455     6.5291     6.5120    25.1078   12.50855 5.4662e+01      1.950 0.0000e+00
        259  46.628814    0.01792     1.0750     64.500  1025.1344  50991.437    32.0070      2.226    6.96248     6.5418     6.5186    25.1241   12.50487 5.1071e+01      2.248 0.0000e+00
        260  46.628817    0.01799     1.0792     64.750  1025.1449  51007.478    32.0199      2.576    6.96015     6.5537     6.5293    25.1330   12.50086 4.7510e+01      2.601 0.0000e+00
        261  46.628819    0.01806     1.0833     65.000  1025.1475  51008.675    32.0230      2.961    6.95795     6.5638     6.5421    25.1338   12.49718 4.4031e+01      2.990 0.0000e+00
        262  46.628822    0.01812     1.0875     65.250  1025.1491  51008.022    32.0245      3.366    6.95595     6.5721     6.5540    25.1335   12.49385 4.0760e+01      3.398 0.0000e+00
        263  46.628825    0.01819     1.0917     65.500  1025.1521  51009.853    32.0275      3.782    6.95418     6.5787     6.5641    25.1345   12.49088 3.7910e+01      3.818 0.0000e+00
        264  46.628828    0.01826     1.0958     65.750  1025.1547  51010.913    32.0296      4.209    6.95273     6.5836     6.5725    25.1351   12.48846 3.5613e+01      4.249 0.0000e+00
        265  46.628831    0.01833     1.1000     66.000  1025.1564  51010.334    32.0303      4.646    6.95163     6.5870     6.5791    25.1348   12.48663 3.3803e+01      4.690 0.0000e+00
        266  46.628834    0.01840     1.1042     66.250  1025.1577  51009.253    32.0302      5.084    6.95083     6.5893     6.5840    25.1341   12.48532 3.2303e+01      5.132 0.0000e+00
        267  46.628837    0.01847     1.1083     66.500  1025.1592  51008.470    32.0301      5.515    6.95027     6.5908     6.5875    25.1336   12.48440 3.0976e+01      5.567 0.0000e+00
        268  46.628840    0.01854     1.1125     66.750  1025.1610  51008.368    32.0303      5.932    6.94989     6.5918     6.5899    25.1334   12.48377 2.9782e+01      5.988 0.0000e+00
        269  46.628843    0.01861     1.1167     67.000  1025.1631  51009.040    32.0308      6.328    6.94962     6.5924     6.5914    25.1337   12.48331 2.8745e+01      6.388 0.0000e+00
        270  46.628845    0.01868     1.1208     67.250  1025.1654  51010.167    32.0316      6.702    6.94942     6.5929     6.5924    25.1342   12.48298 2.7887e+01      6.765 0.0000e+00
        271  46.628848    0.01875     1.1250     67.500  1025.1675  51011.245    32.0323      7.056    6.94928     6.5931     6.5931    25.1347   12.48274 2.7222e+01      7.122 0.0000e+00
        272  46.628851    0.01882     1.1292     67.750  1025.1694  51012.103    32.0328      7.397    6.94918     6.5933     6.5935    25.1350   12.48257 2.6748e+01      7.467 0.0000e+00
        273  46.628854    0.01889     1.1333     68.000  1025.1713  51012.845    32.0332      7.733    6.94911     6.5935     6.5938    25.1353   12.48245 2.6426e+01      7.806 0.0000e+00
        274  46.628857    0.01896     1.1375     68.250  1025.1731  51013.541    32.0336      8.073    6.94906     6.5936     6.5940    25.1356   12.48236 2.6201e+01      8.149 0.0000e+00
        275  46.628860    0.01903     1.1417     68.500  1025.1749  51014.172    32.0339      8.421    6.94902     6.5936     6.5942    25.1358   12.48229 2.6018e+01      8.500 0.0000e+00
        276  46.628863    0.01910     1.1458     68.750  1025.1768  51014.713    32.0341      8.781    6.94899     6.5937     6.5943    25.1360   12.48224 2.5828e+01      8.863 0.0000e+00
        277  46.628866    0.01917     1.1500     69.000  1025.1786  51015.173    32.0343      9.153    6.94897     6.5937     6.5944    25.1361   12.48219 2.5601e+01      9.240 0.0000e+00
        278  46.628869    0.01924     1.1542     69.250  1025.1805  51015.570    32.0344      9.538    6.94895     6.5937     6.5945    25.1361   12.48216 2.5309e+01      9.628 0.0000e+00
        279  46.628872    0.01931     1.1583     69.500  1025.1824  51015.976    32.0345      9.932    6.94893     6.5936     6.5946    25.1362   12.48213 2.4920e+01     10.026 0.0000e+00
        280  46.628874    0.01938     1.1625     69.750  1025.1844  51016.496    32.0347     10.331    6.94892     6.5935     6.5946    25.1364   12.48211 2.4426e+01     10.429 0.0000e+00
        281  46.628877    0.01944     1.1667     70.000  1025.1865  51017.127    32.0349     10.731    6.94892     6.5934     6.5945    25.1366   12.48210 2.3850e+01     10.833 0.0000e+00
        282  46.628880    0.01951     1.1708     70.250  1025.1885  51017.791    32.0352     11.134    6.94892     6.5933     6.5945    25.1368   12.48210 2.3230e+01     11.240 0.0000e+00
        283  46.628883    0.01958     1.1750     70.500  1025.1906  51018.467    32.0354     11.540    6.94892     6.5932     6.5944    25.1370   12.48210 2.2605e+01     11.649 0.0000e+00
        284  46.628886    0.01965     1.1792     70.750  1025.1928  51019.143    32.0357     11.947    6.94892     6.5930     6.5943    25.1373   12.48210 2.1994e+01     12.060 0.0000e+00
        285  46.628889    0.01972     1.1833     71.000  1025.1949  51019.782    32.0360     12.354    6.94893     6.5929     6.5942    25.1375   12.48210 2.1392e+01     12.470 0.0000e+00
        286  46.628892    0.01979     1.1875     71.250  1025.1969  51020.380    32.0362     12.755    6.94893     6.5929     6.5941    25.1376   12.48211 2.0804e+01     12.876 0.0000e+00
        287  46.628895    0.01986     1.1917     71.500  1025.1989  51020.946    32.0363     13.146    6.94893     6.5928     6.5941    25.1378   12.48211 2.0249e+01     13.271 0.0000e+00
        288  46.628898    0.01993     1.1958     71.750  1025.2008  51021.457    32.0365     13.523    6.94893     6.5928     6.5940    25.1379   12.48211 1.9737e+01     13.651 0.0000e+00
        289  46.628900    0.02000     1.2000     72.000  1025.2026  51021.918    32.0366     13.882    6.94893     6.5928     6.5940    25.1380   12.48210 1.9265e+01     14.013 0.0000e+00
        290  46.628903    0.02007     1.2042     72.250  1025.2043  51022.365    32.0368     14.221    6.94892     6.5928     6.5940    25.1382   12.48209 1.8826e+01     14.355 0.0000e+00
        291  46.628906    0.02014     1.2083     72.500  1025.2059  51022.811    32.0369     14.540    6.94891     6.5929     6.5940    25.1383   12.48207 1.8412e+01     14.678 0.0000e+00
        292  46.628909    0.02021     1.2125     72.750  1025.2075  51023.280    32.0371     14.844    6.94889     6.5930     6.5941    25.1384   12.48203 1.8020e+01     14.984 0.0000e+00
        293  46.628912    0.02028     1.2167     73.000  1025.2090  51023.829    32.0374     15.134    6.94886     6.5932     6.5942    25.1386   12.48198 1.7643e+01     15.277 0.0000e+00
        294  46.628915    0.02035     1.2208     73.250  1025.2105  51024.442    32.0377     15.414    6.94883     6.5934     6.5943    25.1389   12.48192 1.7277e+01     15.560 0.0000e+00
        295  46.628918    0.02042     1.2250     73.500  1025.2120  51025.000    32.0380     15.686    6.94878     6.5937     6.5945    25.1391   12.48184 1.6918e+01     15.835 0.0000e+00
        296  46.628921    0.02049     1.2292     73.750  1025.2134  51025.422    32.0382     15.953    6.94873     6.5940     6.5948    25.1392   12.48175 1.6558e+01     16.105 0.0000e+00
        297  46.628924    0.02056     1.2333     74.000  1025.2147  51025.733    32.0384     16.218    6.94867     6.5942     6.5951    25.1393   12.48166 1.6194e+01     16.372 0.0000e+00
        298  46.628927    0.02063     1.2375     74.250  1025.2160  51025.975    32.0385     16.484    6.94862     6.5945     6.5954    25.1393   12.48157 1.5825e+01     16.640 0.0000e+00
        299  46.628929    0.02069     1.2417     74.500  1025.2173  51026.185    32.0385     16.755    6.94857     6.5947     6.5957    25.1393   12.48148 1.5448e+01     16.913 0.0000e+00
        300  46.628932    0.02076     1.2458     74.750  1025.2186  51026.415    32.0386     17.034    6.94852     6.5950     6.5960    25.1394   12.48140 1.5061e+01     17.195 0.0000e+00
        301  46.628935    0.02083     1.2500     75.000  1025.2200  51026.746    32.0388     17.325    6.94847     6.5952     6.5962    25.1395   12.48132 1.4665e+01     17.489 0.0000e+00
        302  46.628938    0.02090     1.2542     75.250  1025.2216  51027.249    32.0390     17.631    6.94842     6.5954     6.5965    25.1396   12.48122 1.4259e+01     17.798 0.0000e+00
        303  46.628941    0.02097     1.2583     75.500  1025.2233  51027.847    32.0393     17.955    6.94836     6.5957     6.5967    25.1398   12.48112 1.3839e+01     18.125 0.0000e+00
        304  46.628944    0.02104     1.2625     75.750  1025.2251  51028.367    32.0396     18.297    6.94830     6.5959     6.5970    25.1400   12.48102 1.3401e+01     18.470 0.0000e+00
        305  46.628947    0.02111     1.2667     76.000  1025.2268  51028.762    32.0397     18.659    6.94825     6.5961     6.5973    25.1401   12.48093 1.2944e+01     18.836 0.0000e+00
        306  46.628950    0.02118     1.2708     76.250  1025.2287  51029.128    32.0398     19.040    6.94820     6.5963     6.5976    25.1402   12.48086 1.2470e+01     19.220 0.0000e+00
        307  46.628953    0.02125     1.2750     76.500  1025.2306  51029.558    32.0400     19.437    6.94816     6.5964     6.5978    25.1403   12.48079 1.1988e+01     19.621 0.0000e+00
        308  46.628955    0.02132     1.2792     76.750  1025.2327  51030.069    32.0402     19.846    6.94812     6.5966     6.5980    25.1404   12.48072 1.1507e+01     20.035 0.0000e+00
        309  46.628958    0.02139     1.2833     77.000  1025.2348  51030.642    32.0404     20.265    6.94808     6.5967     6.5981    25.1405   12.48065 1.1038e+01     20.457 0.0000e+00
        310  46.628961    0.02146     1.2875     77.250  1025.2369  51031.232    32.0407     20.686    6.94804     6.5969     6.5983    25.1407   12.48058 1.0587e+01     20.883 0.0000e+00
        311  46.628964    0.02153     1.2917     77.500  1025.2390  51031.766    32.0409     21.106    6.94800     6.5970     6.5985    25.1409   12.48051 1.0161e+01     21.306 0.0000e+00
        312  46.628967    0.02160     1.2958     77.750  1025.2410  51032.215    32.0410     21.516    6.94796     6.5971     6.5987    25.1410   12.48045 9.7679e+00     21.721 0.0000e+00
        313  46.628970    0.02167     1.3000     78.000  1025.2429  51032.620    32.0412     21.911    6.94793     6.5971     6.5989    25.1410   12.48040 9.4119e+00     22.119 0.0000e+00
        314  46.628973    0.02174     1.3042     78.250  1025.2447  51033.044    32.0413     22.282    6.94791     6.5972     6.5990    25.1411   12.48035 9.0966e+00     22.494 0.0000e+00
        315  46.628976    0.02181     1.3083     78.500  1025.2464  51033.506    32.0415     22.624    6.94788     6.5973     6.5991    25.1413   12.48030 8.8228e+00     22.839 0.0000e+00
        316  46.628979    0.02187     1.3125     78.750  1025.2480  51033.974    32.0417     22.931    6.94786     6.5973     6.5992    25.1414   12.48026 8.5886e+00     23.149 0.0000e+00
        317  46.628981    0.02194     1.3167     79.000  1025.2494  51034.462    32.0419     23.203    6.94783     6.5974     6.5993    25.1416   12.48022 8.3907e+00     23.424 0.0000e+00
        318  46.628984    0.02201     1.3208     79.250  1025.2508  51035.055    32.0422     23.443    6.94781     6.5976     6.5993    25.1418   12.48017 8.2228e+00     23.666 0.0000e+00
        319  46.628987    0.02208     1.3250     79.500  1025.2521  51035.796    32.0426     23.658    6.94777     6.5978     6.5994    25.1421   12.48011 8.0748e+00     23.882 0.0000e+00
        320  46.628990    0.02215     1.3292     79.750  1025.2535  51036.629    32.0431     23.857    6.94772     6.5981     6.5996    25.1425   12.48002 7.9346e+00     24.083 0.0000e+00
        321  46.628993    0.02222     1.3333     80.000  1025.2548  51037.514    32.0437     24.052    6.94766     6.5986     6.5999    25.1430   12.47991 7.7898e+00     24.280 0.0000e+00
        322  46.628996    0.02229     1.3375     80.250  1025.2562  51038.525    32.0444     24.257    6.94757     6.5992     6.6002    25.1435   12.47976 7.6289e+00     24.487 0.0000e+00
        323  46.628999    0.02236     1.3417     80.500  1025.2579  51039.819    32.0452     24.485    6.94746     6.5999     6.6007    25.1441   12.47956 7.4429e+00     24.717 0.0000e+00
        324  46.629002    0.02243     1.3458     80.750  1025.2599  51041.488    32.0464     24.745    6.94731     6.6009     6.6013    25.1449   12.47929 7.2279e+00     24.980 0.0000e+00
        325  46.629005    0.02250     1.3500     81.000  1025.2622  51043.293    32.0477     25.044    6.94712     6.6019     6.6021    25.1458   12.47897 6.9849e+00     25.281 0.0000e+00
        326  46.629008    0.02257     1.3542     81.250  1025.2645  51044.821    32.0488     25.382    6.94691     6.6029     6.6030    25.1466   12.47861 6.7196e+00     25.623 0.0000e+00
        327  46.629010    0.02264     1.3583     81.500  1025.2667  51045.806    32.0495     25.755    6.94670     6.6038     6.6041    25.1470   12.47826 6.4418e+00     26.000 0.0000e+00
        328  46.629013    0.02271     1.3625     81.750  1025.2686  51046.229    32.0498     26.155    6.94652     6.6044     6.6052    25.1471   12.47795 6.1633e+00     26.404 0.0000e+00
        329  46.629016    0.02278     1.3667     82.000  1025.2705  51046.342    32.0498     26.571    6.94637     6.6049     6.6061    25.1470   12.47771 5.8956e+00     26.823 0.0000e+00
        330  46.629019    0.02285     1.3708     82.250  1025.2724  51046.454    32.0498     26.988    6.94627     6.6051     6.6068    25.1470   12.47753 5.6483e+00     27.245 0.0000e+00
        331  46.629022    0.02292     1.3750     82.500  1025.2743  51046.698    32.0499     27.395    6.94619     6.6053     6.6072    25.1470   12.47740 5.4265e+00     27.656 0.0000e+00
        332  46.629025    0.02299     1.3792     82.750  1025.2761  51047.025    32.0500     27.781    6.94614     6.6054     6.6075    25.1470   12.47731 5.2292e+00     28.045 0.0000e+00
        333  46.629028    0.02306     1.3833     83.000  1025.2778  51047.336    32.0501     28.137    6.94610     6.6055     6.6077    25.1470   12.47725 5.0538e+00     28.405 0.0000e+00
        334  46.629031    0.02313     1.3875     83.250  1025.2793  51047.577    32.0501     28.466    6.94608     6.6055     6.6079    25.1470   12.47721 4.8984e+00     28.736 0.0000e+00
        335  46.629034    0.02319     1.3917     83.500  1025.2807  51047.724    32.0501     28.771    6.94606     6.6054     6.6080    25.1470   12.47718 4.7595e+00     29.045 0.0000e+00
        336  46.629036    0.02326     1.3958     83.750  1025.2820  51047.786    32.0500     29.061    6.94606     6.6053     6.6080    25.1469   12.47718 4.6320e+00     29.337 0.0000e+00
        337  46.629039    0.02333     1.4000     84.000  1025.2832  51047.810    32.0499     29.343    6.94607     6.6050     6.6079    25.1468   12.47721 4.5102e+00     29.622 0.0000e+00
        338  46.629042    0.02340     1.4042     84.250  1025.2844  51047.835    32.0497     29.626    6.94610     6.6047     6.6078    25.1467   12.47726 4.3891e+00     29.908 0.0000e+00
        339  46.629045    0.02347     1.4083     84.500  1025.2857  51047.826    32.0495     29.917    6.94614     6.6042     6.6076    25.1466   12.47733 4.2664e+00     30.202 0.0000e+00
        340  46.629048    0.02354     1.4125     84.750  1025.2869  51047.808    32.0493     30.219    6.94620     6.6037     6.6073    25.1465   12.47744 4.1413e+00     30.507 0.0000e+00
