CTD-processing/allCTD/CNV--homogene/2016_07-29_subbays_tutka08_cast036.cnv
* Sea-Bird SBE19plus Data File:
* FileName = C:\Users\Kris.Holderied\Documents\kasitsna\Research-KBL\Oceanography-AK\CTD-Data-ALL-to-2016-05\2016-CTD-KachemakBay-CookInlet\2016-07-29-KachemakBay-Plankton\2016-07-29-KachemakBay-Plankton-cast036.hex
* Software Version 1.59
* Temperature SN =  5028
* Conductivity SN =  5028
* System UpLoad Time = Aug 05 2016 20:03:31
** Kachemak Bay CTDs for sub-bay plankton sampling
** Date (YYYY-MM-DD): 2016-07-29
** Station (eg. 9-01):  Tutka08
** Start time (AKDT): 12:26
** Depth (m): 56.4
** Comment:  R/V Edgecumbe.  Sampling to evaluate sub-bay water column.
** Comment:
# nquan = 17
# nvalues = 516                         
# units = specified
# name 0 = scan: Scan Count
# name 1 = timeJ: Julian Days
# name 2 = timeH: Time, Elapsed [hours]
# name 3 = timeM: Time, Elapsed [minutes]
# name 4 = timeS: Time, Elapsed [seconds]
# name 5 = density00: Density [density, kg/m^3]
# name 6 = specc: Specific Conductance [uS/cm]
# name 7 = sal00: Salinity, Practical [PSU]
# name 8 = depSM: Depth [salt water, m], lat = 59.00
# name 9 = oxsolML/L: Oxygen Saturation, Garcia & Gordon [ml/l]
# name 10 = potemp090C: Potential Temperature [ITS-90, deg C]
# name 11 = tv290C: Temperature [ITS-90, deg C]
# name 12 = sigma-é00: Density [sigma-theta, kg/m^3]
# name 13 = n2satML/L: Nitrogen Saturation [ml/l]
# name 14 = par: PAR/Irradiance, Biospherical/Licor
# name 15 = prdM: Pressure, Strain Gauge [db]
# name 16 = flag:  0.000e+00
# span 0 =          1,        516       
# span 1 = 211.518796, 211.520286       
# span 2 =    0.00000,    0.03576       
# span 3 =     0.0000,     2.1458       
# span 4 =      0.000,    128.750       
# span 5 =  1001.5030,  1024.4964       
# span 6 =   4851.613,  49602.449       
# span 7 =     2.5922,    31.5268       
# span 8 =      0.025,     47.307       
# span 9 =    6.29391,    7.40036       
# span 10 =     9.6374,    12.4473      
# span 11 =     9.6390,    12.4474      
# span 12 =     1.5029,    24.2799      
# span 13 =   11.43413,   13.62790      
# span 14 = 1.2951e-01, 3.7865e+02      
# span 15 =      0.025,     47.759      
# span 16 = 0.0000e+00, 0.0000e+00      
# interval = seconds: 0.25
# start_time = Jul 29 2016 12:27:04 [Instrument's time stamp, header]
# bad_flag = -9.990e-29
*END*
          1 211.518796    0.00000     0.0000      0.000  1001.5030   4851.613     2.5922      0.026    7.40036    12.1143    12.1166     1.5029   13.62790 1.3146e+02      0.027 0.0000e+00
          2 211.518799    0.00007     0.0042      0.250  1001.7056   5308.017     2.8533      0.026    7.38847    12.1128    12.1156     1.7055   13.60417 1.3267e+02      0.026 0.0000e+00
          3 211.518802    0.00014     0.0083      0.500  1001.7288   5359.277     2.8831      0.026    7.38732    12.1112    12.1143     1.7287   13.60180 1.3380e+02      0.026 0.0000e+00
          4 211.518805    0.00021     0.0125      0.750  1001.6986   5286.489     2.8440      0.026    7.38941    12.1095    12.1128     1.6985   13.60588 1.3475e+02      0.026 0.0000e+00
          5 211.518808    0.00028     0.0167      1.000  1001.8607   5647.862     3.0530      0.026    7.38005    12.1078    12.1112     1.8606   13.58718 1.3575e+02      0.026 0.0000e+00
          6 211.518811    0.00035     0.0208      1.250  1002.2455   6511.778     3.5492      0.026    7.35745    12.1061    12.1095     2.2454   13.54209 1.3711e+02      0.026 0.0000e+00
          7 211.518814    0.00042     0.0250      1.500  1002.7221   7574.931     4.1640      0.026    7.32943    12.1045    12.1078     2.7220   13.48623 1.3916e+02      0.026 0.0000e+00
          8 211.518817    0.00049     0.0292      1.750  1003.1829   8592.567     4.7589      0.026    7.30242    12.1030    12.1061     3.1828   13.43240 1.4250e+02      0.026 0.0000e+00
          9 211.518819    0.00056     0.0333      2.000  1003.5570   9410.858     5.2420      0.025    7.28061    12.1016    12.1045     3.5569   13.38892 1.4834e+02      0.025 0.0000e+00
         10 211.518822    0.00063     0.0375      2.250  1003.7691   9868.642     5.5159      0.025    7.26840    12.1002    12.1030     3.7690   13.36458 1.5803e+02      0.025 0.0000e+00
         11 211.518825    0.00069     0.0417      2.500  1003.7699   9860.800     5.5171      0.025    7.26869    12.0990    12.1016     3.7698   13.36510 1.7226e+02      0.025 0.0000e+00
         12 211.518828    0.00076     0.0458      2.750  1003.4954   9247.930     5.1625      0.025    7.28526    12.0980    12.1002     3.4952   13.39801 1.9167e+02      0.025 0.0000e+00
         13 211.518831    0.00083     0.0500      3.000  1002.9739   8088.946     4.4891      0.025    7.31644    12.0974    12.0990     2.9738   13.46001 2.1762e+02      0.025 0.0000e+00
         14 211.518834    0.00090     0.0542      3.250  1002.3942   6786.230     3.7409      0.026    7.35116    12.0974    12.0980     2.3941   13.52910 2.5066e+02      0.026 0.0000e+00
         15 211.518837    0.00097     0.0583      3.500  1001.9207   5698.774     3.1306      0.026    7.37970    12.0987    12.0974     1.9206   13.58594 2.8758e+02      0.026 0.0000e+00
         16 211.518840    0.00104     0.0625      3.750  1001.6940   5150.154     2.8392      0.028    7.39364    12.1029    12.0974     1.6938   13.61379 3.2173e+02      0.028 0.0000e+00
         17 211.518843    0.00111     0.0667      4.000  1001.8496   5454.670     3.0414      0.032    7.38481    12.1123    12.0987     1.8494   13.59640 3.4843e+02      0.032 0.0000e+00
         18 211.518845    0.00118     0.0708      4.250  1002.4500   6744.350     3.8181      0.042    7.34939    12.1302    12.1029     2.4497   13.52625 3.6644e+02      0.043 0.0000e+00
         19 211.518848    0.00125     0.0750      4.500  1003.4793   8949.512     5.1504      0.062    7.28826    12.1612    12.1123     3.4790   13.40532 3.7613e+02      0.062 0.0000e+00
         20 211.518851    0.00132     0.0792      4.750  1005.0027  12169.653     7.1240      0.095    7.19757    12.2066    12.1302     5.0022   13.22618 3.7865e+02      0.096 0.0000e+00
         21 211.518854    0.00139     0.0833      5.000  1007.1385  16628.451     9.8936      0.147    7.07019    12.2595    12.1612     7.1378   12.97501 3.7436e+02      0.148 0.0000e+00
         22 211.518857    0.00146     0.0875      5.250  1009.5430  21590.011    13.0147      0.218    6.92615    12.3099    12.2066     9.5419   12.69165 3.6296e+02      0.220 0.0000e+00
         23 211.518860    0.00153     0.0917      5.500  1011.5280  25651.295    15.5951      0.301    6.80562    12.3517    12.2596    11.5266   12.45536 3.4390e+02      0.304 0.0000e+00
         24 211.518863    0.00160     0.0958      5.750  1012.8099  28269.241    17.2647      0.387    6.72552    12.3832    12.3100    12.8081   12.29904 3.1531e+02      0.391 0.0000e+00
         25 211.518866    0.00167     0.1000      6.000  1013.5671  29819.618    18.2534      0.466    6.67636    12.4051    12.3517    13.5650   12.20356 2.8096e+02      0.470 0.0000e+00
         26 211.518869    0.00174     0.1042      6.250  1014.0217  30751.620    18.8482      0.531    6.64588    12.4196    12.3832    14.0193   12.14462 2.5179e+02      0.536 0.0000e+00
         27 211.518872    0.00181     0.1083      6.500  1014.3011  31324.248    19.2142      0.579    6.62678    12.4290    12.4052    14.2984   12.10777 2.3141e+02      0.584 0.0000e+00
         28 211.518874    0.00187     0.1125      6.750  1014.4797  31689.126    19.4483      0.610    6.61453    12.4350    12.4197    14.4769   12.08418 2.1583e+02      0.616 0.0000e+00
         29 211.518877    0.00194     0.1167      7.000  1014.6054  31943.765    19.6128      0.630    6.60610    12.4391    12.4291    14.6024   12.06791 2.0380e+02      0.636 0.0000e+00
         30 211.518880    0.00201     0.1208      7.250  1014.7123  32157.399    19.7526      0.640    6.59928    12.4419    12.4351    14.7094   12.05470 1.9653e+02      0.646 0.0000e+00
         31 211.518883    0.00208     0.1250      7.500  1014.8250  32378.803    19.8993      0.643    6.59254    12.4439    12.4392    14.8220   12.04156 1.9365e+02      0.649 0.0000e+00
         32 211.518886    0.00215     0.1292      7.750  1014.9557  32633.062    20.0693      0.640    6.58506    12.4454    12.4420    14.9527   12.02693 1.9221e+02      0.646 0.0000e+00
         33 211.518889    0.00222     0.1333      8.000  1015.0981  32908.549    20.2543      0.636    6.57711    12.4464    12.4440    15.0951   12.01133 1.9087e+02      0.642 0.0000e+00
         34 211.518892    0.00229     0.1375      8.250  1015.2325  33167.944    20.4289      0.630    6.56968    12.4470    12.4455    15.2296   11.99676 1.9040e+02      0.636 0.0000e+00
         35 211.518895    0.00236     0.1417      8.500  1015.3482  33390.604    20.5790      0.624    6.56335    12.4473    12.4464    15.3453   11.98431 1.8952e+02      0.630 0.0000e+00
         36 211.518898    0.00243     0.1458      8.750  1015.4428  33572.519    20.7017      0.619    6.55820    12.4471    12.4471    15.4399   11.97418 1.8722e+02      0.625 0.0000e+00
         37 211.518900    0.00250     0.1500      9.000  1015.5098  33701.220    20.7886      0.616    6.55457    12.4465    12.4474    15.5069   11.96705 1.8506e+02      0.622 0.0000e+00
         38 211.518903    0.00257     0.1542      9.250  1015.5467  33772.018    20.8364      0.617    6.55263    12.4455    12.4472    15.5438   11.96321 1.8434e+02      0.623 0.0000e+00
         39 211.518906    0.00264     0.1583      9.500  1015.5602  33797.841    20.8537      0.620    6.55200    12.4446    12.4465    15.5573   11.96195 1.8440e+02      0.626 0.0000e+00
         40 211.518909    0.00271     0.1625      9.750  1015.5596  33796.561    20.8527      0.623    6.55217    12.4436    12.4456    15.5567   11.96224 1.8383e+02      0.629 0.0000e+00
         41 211.518912    0.00278     0.1667     10.000  1015.5518  33781.385    20.8424      0.623    6.55273    12.4428    12.4446    15.5489   11.96330 1.8257e+02      0.629 0.0000e+00
         42 211.518915    0.00285     0.1708     10.250  1015.5454  33768.966    20.8339      0.621    6.55321    12.4422    12.4437    15.5425   11.96421 1.8123e+02      0.627 0.0000e+00
         43 211.518918    0.00292     0.1750     10.500  1015.5473  33772.522    20.8362      0.617    6.55323    12.4420    12.4429    15.5444   11.96421 1.7902e+02      0.623 0.0000e+00
         44 211.518921    0.00299     0.1792     10.750  1015.5534  33784.159    20.8441      0.611    6.55299    12.4420    12.4423    15.5506   11.96371 1.7576e+02      0.617 0.0000e+00
         45 211.518924    0.00306     0.1833     11.000  1015.5576  33792.155    20.8495      0.606    6.55280    12.4418    12.4421    15.5548   11.96333 1.7345e+02      0.611 0.0000e+00
         46 211.518927    0.00313     0.1875     11.250  1015.5566  33790.212    20.8481      0.602    6.55286    12.4414    12.4420    15.5538   11.96345 1.7329e+02      0.607 0.0000e+00
         47 211.518929    0.00319     0.1917     11.500  1015.5487  33775.105    20.8379      0.600    6.55330    12.4408    12.4419    15.5459   11.96432 1.7437e+02      0.605 0.0000e+00
         48 211.518932    0.00326     0.1958     11.750  1015.5378  33754.186    20.8237      0.600    6.55394    12.4405    12.4415    15.5350   11.96556 1.7483e+02      0.605 0.0000e+00
         49 211.518935    0.00333     0.2000     12.000  1015.5331  33745.165    20.8176      0.600    6.55427    12.4405    12.4409    15.5304   11.96619 1.7431e+02      0.605 0.0000e+00
         50 211.518938    0.00340     0.2042     12.250  1015.5364  33751.282    20.8217      0.602    6.55415    12.4406    12.4405    15.5336   11.96594 1.7401e+02      0.607 0.0000e+00
         51 211.518941    0.00347     0.2083     12.500  1015.5387  33755.669    20.8247      0.606    6.55403    12.4406    12.4405    15.5359   11.96570 1.7419e+02      0.611 0.0000e+00
         52 211.518944    0.00354     0.2125     12.750  1015.5355  33749.560    20.8205      0.610    6.55418    12.4403    12.4407    15.5327   11.96599 1.7490e+02      0.615 0.0000e+00
         53 211.518947    0.00361     0.2167     13.000  1015.5272  33733.672    20.8098      0.612    6.55462    12.4399    12.4407    15.5244   11.96687 1.7600e+02      0.618 0.0000e+00
         54 211.518950    0.00368     0.2208     13.250  1015.5129  33706.158    20.7912      0.612    6.55544    12.4397    12.4404    15.5101   11.96846 1.7713e+02      0.618 0.0000e+00
         55 211.518953    0.00375     0.2250     13.500  1015.4903  33662.885    20.7619      0.611    6.55670    12.4396    12.4400    15.4875   11.97093 1.7786e+02      0.617 0.0000e+00
         56 211.518955    0.00382     0.2292     13.750  1015.4593  33603.443    20.7217      0.610    6.55838    12.4395    12.4398    15.4565   11.97423 1.7797e+02      0.616 0.0000e+00
         57 211.518958    0.00389     0.2333     14.000  1015.4243  33536.312    20.6762      0.610    6.56026    12.4392    12.4397    15.4215   11.97793 1.7847e+02      0.616 0.0000e+00
         58 211.518961    0.00396     0.2375     14.250  1015.3915  33473.394    20.6336      0.611    6.56203    12.4388    12.4396    15.3887   11.98141 1.7961e+02      0.617 0.0000e+00
         59 211.518964    0.00403     0.2417     14.500  1015.3634  33419.580    20.5972      0.612    6.56357    12.4385    12.4393    15.3606   11.98443 1.7947e+02      0.618 0.0000e+00
         60 211.518967    0.00410     0.2458     14.750  1015.3376  33369.921    20.5637      0.613    6.56500    12.4384    12.4389    15.3348   11.98724 1.7764e+02      0.619 0.0000e+00
         61 211.518970    0.00417     0.2500     15.000  1015.3109  33318.690    20.5290      0.616    6.56646    12.4384    12.4386    15.3081   11.99011 1.7616e+02      0.622 0.0000e+00
         62 211.518973    0.00424     0.2542     15.250  1015.2857  33270.220    20.4963      0.621    6.56783    12.4381    12.4385    15.2828   11.99279 1.7571e+02      0.627 0.0000e+00
         63 211.518976    0.00431     0.2583     15.500  1015.2672  33234.691    20.4723      0.625    6.56883    12.4378    12.4384    15.2643   11.99476 1.7575e+02      0.631 0.0000e+00
         64 211.518979    0.00438     0.2625     15.750  1015.2564  33213.927    20.4582      0.628    6.56944    12.4374    12.4382    15.2535   11.99595 1.7635e+02      0.634 0.0000e+00
         65 211.518981    0.00444     0.2667     16.000  1015.2477  33197.213    20.4469      0.627    6.56996    12.4372    12.4378    15.2448   11.99696 1.7704e+02      0.633 0.0000e+00
         66 211.518984    0.00451     0.2708     16.250  1015.2339  33170.629    20.4289      0.624    6.57075    12.4370    12.4375    15.2310   11.99850 1.7693e+02      0.630 0.0000e+00
         67 211.518987    0.00458     0.2750     16.500  1015.2127  33129.965    20.4014      0.621    6.57191    12.4369    12.4373    15.2098   12.00079 1.7630e+02      0.627 0.0000e+00
         68 211.518990    0.00465     0.2792     16.750  1015.1890  33084.504    20.3707      0.620    6.57320    12.4369    12.4371    15.1861   12.00332 1.7634e+02      0.626 0.0000e+00
         69 211.518993    0.00472     0.2833     17.000  1015.1695  33047.065    20.3454      0.621    6.57425    12.4370    12.4370    15.1666   12.00540 1.7761e+02      0.627 0.0000e+00
         70 211.518996    0.00479     0.2875     17.250  1015.1564  33021.996    20.3285      0.623    6.57495    12.4373    12.4370    15.1536   12.00678 1.7898e+02      0.629 0.0000e+00
         71 211.518999    0.00486     0.2917     17.500  1015.1481  33005.954    20.3177      0.625    6.57538    12.4377    12.4371    15.1452   12.00763 1.7910e+02      0.631 0.0000e+00
         72 211.519002    0.00493     0.2958     17.750  1015.1422  32994.666    20.3101      0.628    6.57566    12.4383    12.4373    15.1393   12.00819 1.7891e+02      0.634 0.0000e+00
         73 211.519005    0.00500     0.3000     18.000  1015.1374  32985.610    20.3040      0.631    6.57585    12.4387    12.4378    15.1345   12.00858 1.7972e+02      0.637 0.0000e+00
         74 211.519008    0.00507     0.3042     18.250  1015.1339  32978.918    20.2995      0.634    6.57596    12.4389    12.4383    15.1310   12.00881 1.8135e+02      0.640 0.0000e+00
         75 211.519010    0.00514     0.3083     18.500  1015.1318  32975.031    20.2969      0.633    6.57601    12.4390    12.4387    15.1289   12.00893 1.8293e+02      0.639 0.0000e+00
         76 211.519013    0.00521     0.3125     18.750  1015.1290  32969.723    20.2933      0.628    6.57613    12.4393    12.4389    15.1261   12.00917 1.8350e+02      0.634 0.0000e+00
         77 211.519016    0.00528     0.3167     19.000  1015.1222  32956.776    20.2846      0.621    6.57646    12.4396    12.4391    15.1194   12.00984 1.8317e+02      0.627 0.0000e+00
         78 211.519019    0.00535     0.3208     19.250  1015.1112  32935.749    20.2704      0.615    6.57701    12.4397    12.4394    15.1084   12.01092 1.8226e+02      0.621 0.0000e+00
         79 211.519022    0.00542     0.3250     19.500  1015.0996  32913.634    20.2555      0.614    6.57758    12.4394    12.4397    15.0968   12.01205 1.8010e+02      0.619 0.0000e+00
         80 211.519025    0.00549     0.3292     19.750  1015.0930  32900.981    20.2470      0.617    6.57792    12.4387    12.4398    15.0902   12.01273 1.7780e+02      0.623 0.0000e+00
         81 211.519028    0.00556     0.3333     20.000  1015.0952  32905.020    20.2497      0.623    6.57785    12.4380    12.4394    15.0923   12.01259 1.7658e+02      0.629 0.0000e+00
         82 211.519031    0.00562     0.3375     20.250  1015.1044  32922.504    20.2614      0.629    6.57746    12.4372    12.4388    15.1015   12.01179 1.7578e+02      0.635 0.0000e+00
         83 211.519034    0.00569     0.3417     20.500  1015.1143  32941.352    20.2741      0.632    6.57704    12.4363    12.4381    15.1114   12.01093 1.7496e+02      0.639 0.0000e+00
         84 211.519036    0.00576     0.3458     20.750  1015.1189  32949.981    20.2799      0.631    6.57691    12.4354    12.4373    15.1160   12.01065 1.7464e+02      0.638 0.0000e+00
         85 211.519039    0.00583     0.3500     21.000  1015.1156  32943.378    20.2754      0.627    6.57722    12.4347    12.4364    15.1127   12.01123 1.7460e+02      0.634 0.0000e+00
