CTD-processing/allCTD/CNV--homogene/2016_01-07_t9_s04_cast067.cnv
* Sea-Bird SBE19plus Data File:
* FileName = C:\Users\Kris.Holderied\Documents\kasitsna\Research-KBL\Oceanography-AK\CTD-Data-ALL-to-2015-10\2016-CTD-KachemakBay-CookInlet\2016-01-07-CookInlet-HomerSpit-monthly-plus\2016-01-07-CookInlet-Tran9-plus-cast067.hex
* Software Version 1.59
* Temperature SN =  5028
* Conductivity SN =  5028
* System UpLoad Time = Feb 09 2016 08:00:44
** Cook Inlet LTM Tran9 Homer Spit
** Date (YYYY-MM-DD): 2016-01-07
** Station (ie. 9-01):  9-04
** Start time (AKST): 13:11
** Depth (m): 97.5
** Comment: R/V Edgecumbe
** Comment:
# nquan = 17
# nvalues = 734                         
# units = specified
# name 0 = scan: Scan Count
# name 1 = timeJ: Julian Days
# name 2 = timeH: Time, Elapsed [hours]
# name 3 = timeM: Time, Elapsed [minutes]
# name 4 = timeS: Time, Elapsed [seconds]
# name 5 = density00: Density [density, kg/m^3]
# name 6 = specc: Specific Conductance [uS/cm]
# name 7 = sal00: Salinity, Practical [PSU]
# name 8 = depSM: Depth [salt water, m], lat = 59.00
# name 9 = oxsolML/L: Oxygen Saturation, Garcia & Gordon [ml/l]
# name 10 = potemp090C: Potential Temperature [ITS-90, deg C]
# name 11 = tv290C: Temperature [ITS-90, deg C]
# name 12 = sigma-é00: Density [sigma-theta, kg/m^3]
# name 13 = n2satML/L: Nitrogen Saturation [ml/l]
# name 14 = par: PAR/Irradiance, Biospherical/Licor
# name 15 = prdM: Pressure, Strain Gauge [db]
# name 16 = flag:  0.000e+00
# span 0 =          1,        734       
# span 1 =   7.549838,   7.551959       
# span 2 =    0.00000,    0.05090       
# span 3 =     0.0000,     3.0542       
# span 4 =      0.000,    183.250       
# span 5 =  1021.9237,  1025.0373       
# span 6 =  45264.451,  50116.906       
# span 7 =    27.6404,    31.3755       
# span 8 =      0.458,     90.713       
# span 9 =    6.97634,    7.57994       
# span 10 =     4.2426,     6.6047      
# span 11 =     4.1823,     6.6124      
# span 12 =    21.9215,    24.6156      
# span 13 =   12.53571,   13.58244      
# span 14 = 3.7976e-02, 4.7827e+01      
# span 15 =      0.463,     91.589      
# span 16 = 0.0000e+00, 0.0000e+00      
# interval = seconds: 0.25
# start_time = Jan 07 2016 13:11:46 [Instrument's time stamp, header]
# bad_flag = -9.990e-29
*END*
[from data line 596]
        597   7.551563    0.04139     2.4833    149.000  1024.9052  50074.133    31.3512     65.492    6.98310     6.5736     6.5776    24.6005   12.54719 3.7976e-02     66.121 0.0000e+00
        598   7.551565    0.04146     2.4875    149.250  1024.9063  50074.477    31.3515     65.701    6.98295     6.5743     6.5784    24.6006   12.54694 3.7976e-02     66.332 0.0000e+00
        599   7.551568    0.04153     2.4917    149.500  1024.9075  50075.015    31.3519     65.913    6.98281     6.5751     6.5792    24.6008   12.54670 3.7976e-02     66.546 0.0000e+00
        600   7.551571    0.04160     2.4958    149.750  1024.9089  50075.809    31.3524     66.126    6.98266     6.5760     6.5799    24.6012   12.54644 3.7976e-02     66.761 0.0000e+00
        601   7.551574    0.04167     2.5000    150.000  1024.9104  50076.827    31.3532     66.337    6.98249     6.5770     6.5807    24.6017   12.54616 3.7976e-02     66.974 0.0000e+00
        602   7.551577    0.04174     2.5042    150.250  1024.9119  50078.020    31.3541     66.540    6.98231     6.5782     6.5816    24.6023   12.54584 3.7976e-02     67.179 0.0000e+00
        603   7.551580    0.04181     2.5083    150.500  1024.9135  50079.291    31.3551     66.734    6.98209     6.5793     6.5827    24.6030   12.54547 3.7976e-02     67.375 0.0000e+00
        604   7.551583    0.04188     2.5125    150.750  1024.9148  50080.242    31.3559     66.921    6.98187     6.5803     6.5838    24.6034   12.54510 3.7976e-02     67.563 0.0000e+00
        605   7.551586    0.04194     2.5167    151.000  1024.9157  50080.472    31.3561     67.104    6.98167     6.5811     6.5850    24.6035   12.54476 3.7976e-02     67.748 0.0000e+00
        606   7.551589    0.04201     2.5208    151.250  1024.9164  50080.140    31.3560     67.287    6.98150     6.5817     6.5860    24.6033   12.54449 3.7976e-02     67.932 0.0000e+00
        607   7.551591    0.04208     2.5250    151.500  1024.9170  50079.926    31.3559     67.470    6.98138     6.5822     6.5868    24.6031   12.54428 3.7976e-02     68.118 0.0000e+00
        608   7.551594    0.04215     2.5292    151.750  1024.9179  50080.097    31.3561     67.655    6.98127     6.5826     6.5874    24.6032   12.54411 3.7976e-02     68.304 0.0000e+00
        609   7.551597    0.04222     2.5333    152.000  1024.9188  50080.308    31.3562     67.839    6.98118     6.5830     6.5879    24.6032   12.54396 3.7976e-02     68.490 0.0000e+00
        610   7.551600    0.04229     2.5375    152.250  1024.9197  50080.519    31.3564     68.023    6.98111     6.5833     6.5884    24.6033   12.54383 3.7976e-02     68.676 0.0000e+00
        611   7.551603    0.04236     2.5417    152.500  1024.9207  50080.877    31.3566     68.207    6.98104     6.5836     6.5887    24.6034   12.54372 3.7976e-02     68.862 0.0000e+00
        612   7.551606    0.04243     2.5458    152.750  1024.9218  50081.357    31.3569     68.393    6.98097     6.5839     6.5890    24.6036   12.54361 3.7976e-02     69.050 0.0000e+00
        613   7.551609    0.04250     2.5500    153.000  1024.9231  50082.198    31.3574     68.582    6.98090     6.5845     6.5893    24.6040   12.54347 3.7976e-02     69.240 0.0000e+00
        614   7.551612    0.04257     2.5542    153.250  1024.9248  50083.794    31.3585     68.772    6.98078     6.5853     6.5897    24.6048   12.54327 3.7976e-02     69.433 0.0000e+00
        615   7.551615    0.04264     2.5583    153.500  1024.9268  50086.075    31.3601     68.964    6.98062     6.5863     6.5903    24.6060   12.54297 3.7976e-02     69.626 0.0000e+00
        616   7.551617    0.04271     2.5625    153.750  1024.9289  50088.330    31.3617     69.153    6.98041     6.5874     6.5911    24.6072   12.54261 3.7976e-02     69.818 0.0000e+00
        617   7.551620    0.04278     2.5667    154.000  1024.9304  50089.553    31.3627     69.337    6.98019     6.5882     6.5922    24.6078   12.54224 3.7976e-02     70.003 0.0000e+00
        618   7.551623    0.04285     2.5708    154.250  1024.9310  50089.312    31.3626     69.511    6.98002     6.5886     6.5933    24.6076   12.54195 3.7976e-02     70.179 0.0000e+00
        619   7.551626    0.04292     2.5750    154.500  1024.9312  50088.264    31.3620     69.675    6.97991     6.5887     6.5941    24.6070   12.54179 3.7976e-02     70.345 0.0000e+00
        620   7.551629    0.04299     2.5792    154.750  1024.9314  50087.390    31.3614     69.831    6.97987     6.5886     6.5945    24.6065   12.54173 3.7976e-02     70.502 0.0000e+00
        621   7.551632    0.04306     2.5833    155.000  1024.9319  50087.208    31.3612     69.981    6.97987     6.5886     6.5946    24.6063   12.54172 3.7976e-02     70.653 0.0000e+00
        622   7.551635    0.04312     2.5875    155.250  1024.9328  50087.726    31.3615     70.128    6.97987     6.5887     6.5945    24.6066   12.54171 3.7976e-02     70.802 0.0000e+00
        623   7.551638    0.04319     2.5917    155.500  1024.9340  50088.753    31.3621     70.276    6.97984     6.5891     6.5945    24.6071   12.54166 3.7976e-02     70.952 0.0000e+00
        624   7.551641    0.04326     2.5958    155.750  1024.9353  50090.004    31.3629     70.428    6.97977     6.5896     6.5947    24.6077   12.54154 3.7976e-02     71.105 0.0000e+00
        625   7.551644    0.04333     2.6000    156.000  1024.9367  50091.235    31.3638     70.586    6.97967     6.5903     6.5951    24.6083   12.54136 3.7976e-02     71.264 0.0000e+00
        626   7.551646    0.04340     2.6042    156.250  1024.9380  50092.391    31.3646     70.750    6.97954     6.5911     6.5957    24.6089   12.54114 3.7977e-02     71.430 0.0000e+00
        627   7.551649    0.04347     2.6083    156.500  1024.9393  50093.342    31.3653     70.920    6.97939     6.5919     6.5964    24.6093   12.54088 3.7977e-02     71.602 0.0000e+00
        628   7.551652    0.04354     2.6125    156.750  1024.9404  50093.916    31.3658     71.095    6.97924     6.5926     6.5972    24.6096   12.54063 3.7978e-02     71.779 0.0000e+00
        629   7.551655    0.04361     2.6167    157.000  1024.9412  50094.072    31.3660     71.274    6.97911     6.5932     6.5980    24.6096   12.54040 3.7979e-02     71.959 0.0000e+00
        630   7.551658    0.04368     2.6208    157.250  1024.9420  50093.932    31.3659     71.454    6.97899     6.5936     6.5987    24.6095   12.54022 3.7980e-02     72.141 0.0000e+00
        631   7.551661    0.04375     2.6250    157.500  1024.9427  50093.745    31.3658     71.637    6.97891     6.5939     6.5992    24.6094   12.54008 3.7983e-02     72.325 0.0000e+00
        632   7.551664    0.04382     2.6292    157.750  1024.9434  50093.640    31.3657     71.821    6.97884     6.5941     6.5997    24.6093   12.53997 3.7988e-02     72.511 0.0000e+00
        633   7.551667    0.04389     2.6333    158.000  1024.9442  50093.560    31.3656     72.005    6.97879     6.5942     6.6000    24.6092   12.53989 3.7993e-02     72.698 0.0000e+00
        634   7.551670    0.04396     2.6375    158.250  1024.9449  50093.486    31.3655     72.187    6.97876     6.5943     6.6002    24.6091   12.53984 3.7993e-02     72.881 0.0000e+00
        635   7.551672    0.04403     2.6417    158.500  1024.9456  50093.488    31.3655     72.361    6.97874     6.5944     6.6003    24.6090   12.53981 3.7988e-02     73.057 0.0000e+00
        636   7.551675    0.04410     2.6458    158.750  1024.9464  50093.579    31.3655     72.528    6.97872     6.5945     6.6005    24.6090   12.53977 3.7983e-02     73.225 0.0000e+00
        637   7.551678    0.04417     2.6500    159.000  1024.9471  50093.675    31.3655     72.688    6.97870     6.5945     6.6006    24.6090   12.53975 3.7980e-02     73.387 0.0000e+00
        638   7.551681    0.04424     2.6542    159.250  1024.9478  50093.731    31.3655     72.844    6.97869     6.5945     6.6006    24.6090   12.53973 3.7979e-02     73.545 0.0000e+00
        639   7.551684    0.04431     2.6583    159.500  1024.9485  50093.794    31.3655     72.998    6.97869     6.5946     6.6007    24.6090   12.53972 3.7978e-02     73.700 0.0000e+00
        640   7.551687    0.04437     2.6625    159.750  1024.9493  50093.915    31.3655     73.152    6.97868     6.5946     6.6007    24.6090   12.53970 3.7977e-02     73.856 0.0000e+00
        641   7.551690    0.04444     2.6667    160.000  1024.9501  50094.148    31.3656     73.307    6.97866     6.5947     6.6008    24.6090   12.53968 3.7977e-02     74.012 0.0000e+00
        642   7.551693    0.04451     2.6708    160.250  1024.9509  50094.452    31.3657     73.462    6.97864     6.5948     6.6008    24.6091   12.53964 3.7976e-02     74.168 0.0000e+00
        643   7.551696    0.04458     2.6750    160.500  1024.9517  50094.756    31.3659     73.615    6.97862     6.5949     6.6009    24.6092   12.53960 3.7976e-02     74.323 0.0000e+00
        644   7.551698    0.04465     2.6792    160.750  1024.9525  50095.096    31.3661     73.768    6.97860     6.5951     6.6011    24.6094   12.53956 3.7976e-02     74.477 0.0000e+00
        645   7.551701    0.04472     2.6833    161.000  1024.9534  50095.455    31.3663     73.920    6.97857     6.5952     6.6012    24.6095   12.53950 3.7976e-02     74.630 0.0000e+00
        646   7.551704    0.04479     2.6875    161.250  1024.9542  50095.747    31.3664     74.074    6.97853     6.5953     6.6013    24.6097   12.53945 3.7976e-02     74.786 0.0000e+00
        647   7.551707    0.04486     2.6917    161.500  1024.9550  50095.933    31.3665     74.234    6.97850     6.5954     6.6015    24.6097   12.53940 3.7976e-02     74.947 0.0000e+00
        648   7.551710    0.04493     2.6958    161.750  1024.9558  50096.011    31.3666     74.400    6.97848     6.5955     6.6017    24.6097   12.53936 3.7976e-02     75.116 0.0000e+00
        649   7.551713    0.04500     2.7000    162.000  1024.9566  50096.048    31.3665     74.573    6.97846     6.5955     6.6018    24.6096   12.53934 3.7976e-02     75.290 0.0000e+00
        650   7.551716    0.04507     2.7042    162.250  1024.9574  50096.132    31.3665     74.749    6.97845     6.5956     6.6018    24.6096   12.53932 3.7976e-02     75.468 0.0000e+00
        651   7.551719    0.04514     2.7083    162.500  1024.9582  50096.271    31.3665     74.928    6.97844     6.5956     6.6019    24.6096   12.53930 3.7976e-02     75.648 0.0000e+00
        652   7.551722    0.04521     2.7125    162.750  1024.9591  50096.483    31.3666     75.106    6.97843     6.5957     6.6019    24.6097   12.53929 3.7976e-02     75.828 0.0000e+00
        653   7.551725    0.04528     2.7167    163.000  1024.9600  50096.805    31.3668     75.283    6.97842     6.5958     6.6020    24.6098   12.53926 3.7976e-02     76.007 0.0000e+00
        654   7.551727    0.04535     2.7208    163.250  1024.9610  50097.216    31.3670     75.458    6.97839     6.5959     6.6021    24.6100   12.53922 3.7976e-02     76.185 0.0000e+00
        655   7.551730    0.04542     2.7250    163.500  1024.9620  50097.664    31.3672     75.633    6.97836     6.5961     6.6022    24.6101   12.53916 3.7976e-02     76.361 0.0000e+00
        656   7.551733    0.04549     2.7292    163.750  1024.9629  50098.070    31.3674     75.808    6.97832     6.5964     6.6024    24.6103   12.53909 3.7976e-02     76.538 0.0000e+00
        657   7.551736    0.04556     2.7333    164.000  1024.9639  50098.423    31.3676     75.985    6.97828     6.5966     6.6026    24.6104   12.53902 3.7977e-02     76.716 0.0000e+00
        658   7.551739    0.04562     2.7375    164.250  1024.9649  50098.765    31.3678     76.164    6.97823     6.5968     6.6028    24.6106   12.53893 3.7977e-02     76.898 0.0000e+00
        659   7.551742    0.04569     2.7417    164.500  1024.9658  50099.028    31.3680     76.347    6.97818     6.5971     6.6031    24.6107   12.53885 3.7978e-02     77.082 0.0000e+00
        660   7.551745    0.04576     2.7458    164.750  1024.9667  50099.236    31.3681     76.531    6.97814     6.5973     6.6033    24.6107   12.53877 3.7979e-02     77.268 0.0000e+00
        661   7.551748    0.04583     2.7500    165.000  1024.9677  50099.588    31.3683     76.716    6.97809     6.5976     6.6036    24.6108   12.53869 3.7982e-02     77.455 0.0000e+00
        662   7.551751    0.04590     2.7542    165.250  1024.9689  50100.307    31.3687     76.902    6.97803     6.5980     6.6038    24.6112   12.53858 3.7985e-02     77.643 0.0000e+00
        663   7.551753    0.04597     2.7583    165.500  1024.9703  50101.378    31.3694     77.090    6.97794     6.5986     6.6042    24.6117   12.53843 3.7992e-02     77.833 0.0000e+00
        664   7.551756    0.04604     2.7625    165.750  1024.9717  50102.355    31.3701     77.281    6.97784     6.5991     6.6046    24.6122   12.53826 3.8002e-02     78.025 0.0000e+00
        665   7.551759    0.04611     2.7667    166.000  1024.9728  50102.858    31.3705     77.474    6.97773     6.5996     6.6052    24.6124   12.53808 3.8019e-02     78.220 0.0000e+00
        666   7.551762    0.04618     2.7708    166.250  1024.9737  50102.987    31.3706     77.669    6.97764     6.5999     6.6058    24.6124   12.53792 3.8048e-02     78.418 0.0000e+00
        667   7.551765    0.04625     2.7750    166.500  1024.9746  50103.000    31.3706     77.864    6.97756     6.6002     6.6062    24.6123   12.53779 3.8066e-02     78.614 0.0000e+00
        668   7.551768    0.04632     2.7792    166.750  1024.9754  50102.993    31.3705     78.055    6.97750     6.6004     6.6066    24.6122   12.53769 3.8048e-02     78.806 0.0000e+00
        669   7.551771    0.04639     2.7833    167.000  1024.9762  50102.971    31.3705     78.241    6.97746     6.6005     6.6068    24.6122   12.53763 3.8019e-02     78.994 0.0000e+00
        670   7.551774    0.04646     2.7875    167.250  1024.9769  50102.964    31.3704     78.424    6.97743     6.6006     6.6070    24.6121   12.53758 3.8002e-02     79.179 0.0000e+00
        671   7.551777    0.04653     2.7917    167.500  1024.9777  50103.012    31.3704     78.606    6.97741     6.6006     6.6072    24.6121   12.53754 3.7992e-02     79.363 0.0000e+00
        672   7.551780    0.04660     2.7958    167.750  1024.9786  50103.134    31.3704     78.790    6.97739     6.6007     6.6073    24.6121   12.53751 3.7985e-02     79.549 0.0000e+00
        673   7.551782    0.04667     2.8000    168.000  1024.9795  50103.294    31.3705     78.978    6.97737     6.6007     6.6074    24.6121   12.53749 3.7982e-02     79.739 0.0000e+00
        674   7.551785    0.04674     2.8042    168.250  1024.9804  50103.432    31.3705     79.170    6.97736     6.6007     6.6074    24.6121   12.53747 3.7979e-02     79.933 0.0000e+00
        675   7.551788    0.04681     2.8083    168.500  1024.9813  50103.531    31.3705     79.369    6.97736     6.6007     6.6075    24.6121   12.53746 3.7978e-02     80.134 0.0000e+00
        676   7.551791    0.04688     2.8125    168.750  1024.9822  50103.650    31.3705     79.571    6.97735     6.6007     6.6075    24.6121   12.53745 3.7977e-02     80.338 0.0000e+00
        677   7.551794    0.04694     2.8167    169.000  1024.9832  50103.840    31.3705     79.774    6.97735     6.6007     6.6075    24.6121   12.53744 3.7977e-02     80.543 0.0000e+00
        678   7.551797    0.04701     2.8208    169.250  1024.9842  50104.080    31.3706     79.978    6.97734     6.6008     6.6075    24.6122   12.53743 3.7977e-02     80.749 0.0000e+00
        679   7.551800    0.04708     2.8250    169.500  1024.9852  50104.329    31.3707     80.181    6.97733     6.6009     6.6076    24.6122   12.53741 3.7976e-02     80.953 0.0000e+00
        680   7.551803    0.04715     2.8292    169.750  1024.9862  50104.560    31.3708     80.382    6.97731     6.6010     6.6076    24.6123   12.53738 3.7976e-02     81.156 0.0000e+00
