CTD-processing/allCTD/CNV--homogene/2016_12-12_t6_s11_cast168.cnv
* Sea-Bird SBE19plus Data File:
* FileName = P:\My Documents\kasitsna\Research-KBL\Oceanography-AK\CTD-Data-ALL-to-2016-05\2016-CTD-KachemakBay-CookInlet\2016-12-CookInlet-quarterly\2016-12-12-CookInlet-Tran6-Douglas\2016-12-12-CookInlet-Tran6-cast168.hex
* Software Version 1.59
* Temperature SN =  5028
* Conductivity SN =  5028
* System UpLoad Time = Dec 12 2016 22:16:44
** Cook Inlet LTM Tran 6 Douglas east to west, partial
** Date: (YYYY-MM-DD): 2016-12-12
** Station: (eg. 9-01): 6-11
** Start time (AKST): 19:18
** Depth (m): 112.2
** Comment: CTD time 1 hr ahead on AK daylight time
** Comment: R/V Alaska Dream Catcher
** Comment: Partial transect due to weather. Only to 6-16 and skipped stations.
# nquan = 17
# nvalues = 873                         
# units = specified
# name 0 = scan: Scan Count
# name 1 = timeJ: Julian Days
# name 2 = timeH: Time, Elapsed [hours]
# name 3 = timeM: Time, Elapsed [minutes]
# name 4 = timeS: Time, Elapsed [seconds]
# name 5 = density00: Density [density, kg/m^3]
# name 6 = specc: Specific Conductance [uS/cm]
# name 7 = sal00: Salinity, Practical [PSU]
# name 8 = depSM: Depth [salt water, m], lat = 59.00
# name 9 = oxsolML/L: Oxygen Saturation, Garcia & Gordon [ml/l]
# name 10 = potemp090C: Potential Temperature [ITS-90, deg C]
# name 11 = tv290C: Temperature [ITS-90, deg C]
# name 12 = sigma-é00: Density [sigma-theta, kg/m^3]
# name 13 = n2satML/L: Nitrogen Saturation [ml/l]
# name 14 = par: PAR/Irradiance, Biospherical/Licor
# name 15 = prdM: Pressure, Strain Gauge [db]
# name 16 = flag:  0.000e+00
# span 0 =          1,        873       
# span 1 = 347.846447, 347.848970       
# span 2 =    0.00000,    0.06056       
# span 3 =     0.0000,     3.6333       
# span 4 =      0.000,    218.000       
# span 5 =  1000.3228,  1025.5879       
# span 6 =    921.612,  50968.365       
# span 7 =     0.4391,    32.1745       
# span 8 =      0.101,    110.342       
# span 9 =    6.73013,    8.95692       
# span 10 =     4.7910,     7.9849      
# span 11 =     4.7910,     7.9897      
# span 12 =     0.3223,    25.0789      
# span 13 =   12.12044,   16.28299      
# span 14 = 3.7976e-02, 2.6196e-01      
# span 15 =      0.102,    111.414      
# span 16 = 0.0000e+00, 0.0000e+00      
# interval = seconds: 0.25
# start_time = Dec 12 2016 20:18:53 [Instrument's time stamp, header]
# bad_flag = -9.990e-29
*END*
[from data line 852]
        853 347.848912    0.05917     3.5500    213.000  1025.5690  50960.791    32.1709    106.869    6.74587     7.8370     7.8476    25.0759   12.14480 3.7976e-02    107.906 0.0000e+00
        854 347.848915    0.05924     3.5542    213.250  1025.5704  50961.730    32.1714    107.079    6.74586     7.8369     7.8475    25.0763   12.14477 3.7976e-02    108.117 0.0000e+00
        855 347.848918    0.05931     3.5583    213.500  1025.5719  50962.757    32.1720    107.296    6.74585     7.8367     7.8474    25.0768   12.14475 3.7976e-02    108.337 0.0000e+00
        856 347.848921    0.05937     3.5625    213.750  1025.5735  50963.840    32.1727    107.529    6.74584     7.8365     7.8472    25.0773   12.14473 3.7976e-02    108.572 0.0000e+00
        857 347.848924    0.05944     3.5667    214.000  1025.5752  50964.965    32.1733    107.780    6.74584     7.8363     7.8470    25.0778   12.14472 3.7976e-02    108.826 0.0000e+00
        858 347.848927    0.05951     3.5708    214.250  1025.5769  50966.027    32.1739    108.048    6.74584     7.8361     7.8469    25.0783   12.14471 3.7976e-02    109.097 0.0000e+00
        859 347.848929    0.05958     3.5750    214.500  1025.5785  50966.856    32.1743    108.325    6.74585     7.8360     7.8467    25.0787   12.14472 3.7976e-02    109.376 0.0000e+00
        860 347.848932    0.05965     3.5792    214.750  1025.5800  50967.348    32.1745    108.600    6.74586     7.8359     7.8466    25.0789   12.14474 3.7976e-02    109.655 0.0000e+00
        861 347.848935    0.05972     3.5833    215.000  1025.5812  50967.558    32.1745    108.865    6.74588     7.8359     7.8465    25.0789   12.14476 3.7976e-02    109.921 0.0000e+00
        862 347.848938    0.05979     3.5875    215.250  1025.5823  50967.672    32.1745    109.111    6.74589     7.8359     7.8464    25.0789   12.14478 3.7976e-02    110.170 0.0000e+00
        863 347.848941    0.05986     3.5917    215.500  1025.5834  50967.787    32.1744    109.335    6.74589     7.8359     7.8464    25.0789   12.14479 3.7976e-02    110.397 0.0000e+00
        864 347.848944    0.05993     3.5958    215.750  1025.5843  50967.906    32.1744    109.539    6.74589     7.8359     7.8464    25.0789   12.14478 3.7976e-02    110.603 0.0000e+00
        865 347.848947    0.06000     3.6000    216.000  1025.5852  50968.054    32.1745    109.723    6.74588     7.8359     7.8464    25.0789   12.14478 3.7976e-02    110.788 0.0000e+00
        866 347.848950    0.06007     3.6042    216.250  1025.5859  50968.209    32.1745    109.887    6.74588     7.8359     7.8464    25.0789   12.14477 3.7977e-02    110.954 0.0000e+00
        867 347.848953    0.06014     3.6083    216.500  1025.5866  50968.317    32.1745    110.029    6.74588     7.8358     7.8464    25.0789   12.14477 3.7977e-02    111.098 0.0000e+00
        868 347.848955    0.06021     3.6125    216.750  1025.5871  50968.365    32.1745    110.147    6.74588     7.8358     7.8464    25.0789   12.14478 3.7978e-02    111.216 0.0000e+00
        869 347.848958    0.06028     3.6167    217.000  1025.5875  50968.354    32.1745    110.233    6.74589     7.8358     7.8464    25.0789   12.14479 3.7978e-02    111.303 0.0000e+00
        870 347.848961    0.06035     3.6208    217.250  1025.5877  50968.314    32.1744    110.288    6.74589     7.8358     7.8464    25.0788   12.14479 3.7978e-02    111.359 0.0000e+00
        871 347.848964    0.06042     3.6250    217.500  1025.5878  50968.287    32.1744    110.321    6.74589     7.8358     7.8464    25.0788   12.14479 3.7977e-02    111.392 0.0000e+00
        872 347.848967    0.06049     3.6292    217.750  1025.5879  50968.258    32.1743    110.337    6.74589 -9.990e-29     7.8464    25.0788   12.14479 3.7977e-02    111.409 0.0000e+00
        873 347.848970    0.06056     3.6333    218.000  1025.5879  50968.239    32.1743    110.342    6.74589 -9.990e-29     7.8464    25.0788   12.14479 3.7977e-02    111.414 0.0000e+00
