CTD-processing/allCTD/CNV--homogene/2016_02-16_t7_s22_cast142.cnv
* Sea-Bird SBE19plus Data File:
* FileName = C:\Users\Kris.Holderied\Documents\kasitsna\Research-KBL\Oceanography-AK\CTD-Data-ALL-to-2016-02\2016-CTD-KachemakBay-CookInlet\2016-02-CookInlet-quarterly\2016-02-16-CookInlet-Tran7-Augustine\2016-02-16-CookInlet-Tran7-cast142.hex
* Software Version 1.59
* Temperature SN =  5028
* Conductivity SN =  5028
* System UpLoad Time = Feb 16 2016 10:34:37
** Cook Inlet LTM Tran7 Augustine East to West

** Dat: 02-16
** Station: 7-22
** Start time (AKST): 00:12
** Depth (m): 72
** Comment:  R/V Pandalus
** Comment:
# nquan = 17
# nvalues = 577                         
# units = specified
# name 0 = scan: Scan Count
# name 1 = timeJ: Julian Days
# name 2 = timeH: Time, Elapsed [hours]
# name 3 = timeM: Time, Elapsed [minutes]
# name 4 = timeS: Time, Elapsed [seconds]
# name 5 = density00: Density [density, kg/m^3]
# name 6 = specc: Specific Conductance [uS/cm]
# name 7 = sal00: Salinity, Practical [PSU]
# name 8 = depSM: Depth [salt water, m], lat = 59.00
# name 9 = oxsolML/L: Oxygen Saturation, Garcia & Gordon [ml/l]
# name 10 = potemp090C: Potential Temperature [ITS-90, deg C]
# name 11 = tv290C: Temperature [ITS-90, deg C]
# name 12 = sigma-é00: Density [sigma-theta, kg/m^3]
# name 13 = n2satML/L: Nitrogen Saturation [ml/l]
# name 14 = par: PAR/Irradiance, Biospherical/Licor
# name 15 = prdM: Pressure, Strain Gauge [db]
# name 16 = flag:  0.000e+00
# span 0 =          1,        577       
# span 1 =  47.008981,  47.010648       
# span 2 =    0.00000,    0.04000       
# span 3 =     0.0000,     2.4000       
# span 4 =      0.000,    144.000       
# span 5 =  1000.6413,  1025.0403       
# span 6 =   1786.968,  50271.266       
# span 7 =     0.8823,    31.4256       
# span 8 =     -0.104,     73.503       
# span 9 =    7.03222,    8.62684       
# span 10 =     6.1242,     6.2506      
# span 11 =     6.1242,     6.2566      
# span 12 =     0.6418,    24.7110      
# span 13 =   12.62745,   15.72133      
# span 14 = 4.8021e-02, 3.1518e-01      
# span 15 =     -0.105,     74.210      
# span 16 = 0.0000e+00, 0.0000e+00      
# interval = seconds: 0.25
# start_time = Feb 16 2016 00:12:56 [Instrument's time stamp, header]
# bad_flag = -9.990e-29
*END*
[from data line 256]
        257  47.009722    0.01778     1.0667     64.000  1024.6956  50216.904    31.4025      0.790    7.04935     6.1635     6.1588    24.6920   12.65605 8.7155e-02      0.798 0.0000e+00
        258  47.009725    0.01785     1.0708     64.250  1024.6937  50213.193    31.4003      0.798    7.04913     6.1663     6.1608    24.6900   12.65570 8.4464e-02      0.805 0.0000e+00
        259  47.009728    0.01792     1.0750     64.500  1024.6900  50206.217    31.3960      0.804    7.04887     6.1688     6.1635    24.6863   12.65533 7.9910e-02      0.812 0.0000e+00
        260  47.009731    0.01799     1.0792     64.750  1024.6863  50199.335    31.3918      0.810    7.04860     6.1710     6.1664    24.6826   12.65493 7.5593e-02      0.818 0.0000e+00
        261  47.009734    0.01806     1.0833     65.000  1024.6843  50195.436    31.3896      0.817    7.04829     6.1733     6.1689    24.6805   12.65445 7.3333e-02      0.825 0.0000e+00
        262  47.009737    0.01812     1.0875     65.250  1024.6846  50195.801    31.3903      0.828    7.04788     6.1762     6.1711    24.6808   12.65377 7.6055e-02      0.836 0.0000e+00
        263  47.009740    0.01819     1.0917     65.500  1024.6872  50200.206    31.3937      0.845    7.04734     6.1805     6.1734    24.6832   12.65284 8.1432e-02      0.853 0.0000e+00
        264  47.009742    0.01826     1.0958     65.750  1024.6911  50207.087    31.3990      0.871    7.04662     6.1866     6.1763    24.6871   12.65157 8.4286e-02      0.879 0.0000e+00
        265  47.009745    0.01833     1.1000     66.000  1024.6954  50214.359    31.4049      0.907    7.04564     6.1941     6.1806    24.6911   12.64988 8.5984e-02      0.915 0.0000e+00
        266  47.009748    0.01840     1.1042     66.250  1024.6987  50219.817    31.4098      0.951    7.04439     6.2016     6.1867    24.6943   12.64776 8.9322e-02      0.960 0.0000e+00
        267  47.009751    0.01847     1.1083     66.500  1024.7001  50221.639    31.4124      0.999    7.04304     6.2085     6.1942    24.6955   12.64550 9.5108e-02      1.008 0.0000e+00
        268  47.009754    0.01854     1.1125     66.750  1024.6996  50220.067    31.4127      1.044    7.04178     6.2142     6.2017    24.6948   12.64341 1.0358e-01      1.054 0.0000e+00
        269  47.009757    0.01861     1.1167     67.000  1024.6987  50217.806    31.4124      1.077    7.04067     6.2188     6.2086    24.6937   12.64158 1.1019e-01      1.087 0.0000e+00
        270  47.009760    0.01868     1.1208     67.250  1024.6986  50217.075    31.4130      1.093    7.03970     6.2226     6.2143    24.6935   12.63997 1.1218e-01      1.103 0.0000e+00
        271  47.009763    0.01875     1.1250     67.500  1024.6987  50217.083    31.4139      1.088    7.03889     6.2256     6.2189    24.6936   12.63861 1.1136e-01      1.099 0.0000e+00
        272  47.009766    0.01882     1.1292     67.750  1024.6984  50216.442    31.4142      1.066    7.03826     6.2277     6.2227    24.6934   12.63756 1.0948e-01      1.076 0.0000e+00
        273  47.009769    0.01889     1.1333     68.000  1024.6977  50215.305    31.4139      1.030    7.03779     6.2293     6.2257    24.6929   12.63678 1.0695e-01      1.040 0.0000e+00
        274  47.009771    0.01896     1.1375     68.250  1024.6970  50214.225    31.4136      0.986    7.03745     6.2304     6.2278    24.6923   12.63622 1.0279e-01      0.995 0.0000e+00
        275  47.009774    0.01903     1.1417     68.500  1024.6964  50213.381    31.4133      0.938    7.03720     6.2312     6.2294    24.6919   12.63582 9.7693e-02      0.947 0.0000e+00
        276  47.009777    0.01910     1.1458     68.750  1024.6958  50212.696    31.4131      0.889    7.03703     6.2318     6.2305    24.6916   12.63554 9.3726e-02      0.897 0.0000e+00
        277  47.009780    0.01917     1.1500     69.000  1024.6953  50212.102    31.4129      0.842    7.03690     6.2323     6.2313    24.6914   12.63534 9.3817e-02      0.850 0.0000e+00
        278  47.009783    0.01924     1.1542     69.250  1024.6948  50211.589    31.4127      0.801    7.03681     6.2325     6.2319    24.6911   12.63519 9.8145e-02      0.808 0.0000e+00
        279  47.009786    0.01931     1.1583     69.500  1024.6945  50211.151    31.4125      0.773    7.03675     6.2327     6.2323    24.6909   12.63510 1.0278e-01      0.780 0.0000e+00
        280  47.009789    0.01938     1.1625     69.750  1024.6943  50210.849    31.4123      0.768    7.03671     6.2328     6.2326    24.6907   12.63503 1.0587e-01      0.775 0.0000e+00
        281  47.009792    0.01944     1.1667     70.000  1024.6944  50210.732    31.4123      0.799    7.03669     6.2328     6.2327    24.6907   12.63499 1.0840e-01      0.807 0.0000e+00
        282  47.009795    0.01951     1.1708     70.250  1024.6948  50210.794    31.4123      0.879    7.03668     6.2327     6.2328    24.6907   12.63497 1.0658e-01      0.887 0.0000e+00
        283  47.009797    0.01958     1.1750     70.500  1024.6955  50211.079    31.4124      1.016    7.03667     6.2328     6.2328    24.6908   12.63496 9.5984e-02      1.026 0.0000e+00
        284  47.009800    0.01965     1.1792     70.750  1024.6967  50211.688    31.4128      1.212    7.03665     6.2330     6.2328    24.6910   12.63493 8.1436e-02      1.223 0.0000e+00
        285  47.009803    0.01972     1.1833     71.000  1024.6982  50212.548    31.4132      1.451    7.03662     6.2333     6.2329    24.6914   12.63487 6.9330e-02      1.465 0.0000e+00
        286  47.009806    0.01979     1.1875     71.250  1024.6997  50213.293    31.4137      1.714    7.03657     6.2337     6.2331    24.6917   12.63477 6.1220e-02      1.731 0.0000e+00
        287  47.009809    0.01986     1.1917     71.500  1024.7011  50213.631    31.4138      1.984    7.03650     6.2340     6.2334    24.6918   12.63466 5.6231e-02      2.003 0.0000e+00
        288  47.009812    0.01993     1.1958     71.750  1024.7023  50213.628    31.4138      2.254    7.03644     6.2343     6.2338    24.6917   12.63456 5.3158e-02      2.275 0.0000e+00
        289  47.009815    0.02000     1.2000     72.000  1024.7033  50213.483    31.4136      2.521    7.03638     6.2345     6.2342    24.6915   12.63447 5.1271e-02      2.545 0.0000e+00
        290  47.009818    0.02007     1.2042     72.250  1024.7044  50213.364    31.4135      2.788    7.03634     6.2347     6.2345    24.6914   12.63440 5.0090e-02      2.814 0.0000e+00
        291  47.009821    0.02014     1.2083     72.500  1024.7056  50213.410    31.4134      3.056    7.03631     6.2348     6.2348    24.6913   12.63434 4.9350e-02      3.085 0.0000e+00
        292  47.009823    0.02021     1.2125     72.750  1024.7069  50213.634    31.4135      3.329    7.03628     6.2350     6.2349    24.6913   12.63429 4.8907e-02      3.360 0.0000e+00
        293  47.009826    0.02028     1.2167     73.000  1024.7082  50213.852    31.4135      3.608    7.03624     6.2352     6.2351    24.6914   12.63423 4.8655e-02      3.643 0.0000e+00
        294  47.009829    0.02035     1.2208     73.250  1024.7095  50213.880    31.4135      3.895    7.03621     6.2352     6.2353    24.6913   12.63418 4.8545e-02      3.932 0.0000e+00
        295  47.009832    0.02042     1.2250     73.500  1024.7107  50213.773    31.4133      4.188    7.03619     6.2352     6.2355    24.6911   12.63415 4.8563e-02      4.227 0.0000e+00
        296  47.009835    0.02049     1.2292     73.750  1024.7119  50213.681    31.4131      4.485    7.03618     6.2350     6.2356    24.6910   12.63415 4.8630e-02      4.528 0.0000e+00
        297  47.009838    0.02056     1.2333     74.000  1024.7132  50213.688    31.4129      4.787    7.03619     6.2348     6.2356    24.6908   12.63417 4.8587e-02      4.832 0.0000e+00
        298  47.009841    0.02063     1.2375     74.250  1024.7147  50213.945    31.4130      5.094    7.03621     6.2347     6.2355    24.6909   12.63420 4.8391e-02      5.142 0.0000e+00
        299  47.009844    0.02069     1.2417     74.500  1024.7163  50214.494    31.4132      5.408    7.03623     6.2347     6.2353    24.6911   12.63422 4.8199e-02      5.459 0.0000e+00
        300  47.009847    0.02076     1.2458     74.750  1024.7180  50215.100    31.4134      5.728    7.03624     6.2347     6.2352    24.6913   12.63423 4.8102e-02      5.782 0.0000e+00
        301  47.009850    0.02083     1.2500     75.000  1024.7196  50215.522    31.4136      6.052    7.03623     6.2348     6.2352    24.6914   12.63421 4.8049e-02      6.109 0.0000e+00
        302  47.009852    0.02090     1.2542     75.250  1024.7212  50215.731    31.4136      6.378    7.03622     6.2348     6.2353    24.6914   12.63419 4.8021e-02      6.438 0.0000e+00
        303  47.009855    0.02097     1.2583     75.500  1024.7226  50215.813    31.4135      6.703    7.03621     6.2347     6.2353    24.6913   12.63418 4.8072e-02      6.766 0.0000e+00
        304  47.009858    0.02104     1.2625     75.750  1024.7240  50215.857    31.4133      7.026    7.03621     6.2346     6.2354    24.6912   12.63419 4.8263e-02      7.093 0.0000e+00
        305  47.009861    0.02111     1.2667     76.000  1024.7254  50215.946    31.4132      7.347    7.03622     6.2344     6.2353    24.6912   12.63421 4.8606e-02      7.417 0.0000e+00
        306  47.009864    0.02118     1.2708     76.250  1024.7268  50216.038    31.4131      7.664    7.03625     6.2342     6.2352    24.6911   12.63425 4.9118e-02      7.736 0.0000e+00
        307  47.009867    0.02125     1.2750     76.500  1024.7282  50216.081    31.4130      7.974    7.03628     6.2339     6.2351    24.6910   12.63430 4.9929e-02      8.050 0.0000e+00
        308  47.009870    0.02132     1.2792     76.750  1024.7296  50216.248    31.4129      8.280    7.03632     6.2337     6.2349    24.6910   12.63436 5.1313e-02      8.358 0.0000e+00
        309  47.009873    0.02139     1.2833     77.000  1024.7311  50216.659    31.4130      8.579    7.03635     6.2336     6.2346    24.6911   12.63442 5.3680e-02      8.659 0.0000e+00
        310  47.009876    0.02146     1.2875     77.250  1024.7326  50217.235    31.4132      8.869    7.03637     6.2336     6.2344    24.6913   12.63445 5.7672e-02      8.953 0.0000e+00
        311  47.009878    0.02153     1.2917     77.500  1024.7341  50217.824    31.4135      9.151    7.03638     6.2337     6.2343    24.6915   12.63446 6.4367e-02      9.238 0.0000e+00
        312  47.009881    0.02160     1.2958     77.750  1024.7356  50218.296    31.4137      9.423    7.03636     6.2338     6.2343    24.6917   12.63444 7.5579e-02      9.513 0.0000e+00
        313  47.009884    0.02167     1.3000     78.000  1024.7369  50218.579    31.4138      9.686    7.03634     6.2340     6.2344    24.6917   12.63439 8.8459e-02      9.779 0.0000e+00
        314  47.009887    0.02174     1.3042     78.250  1024.7380  50218.622    31.4137      9.942    7.03631     6.2341     6.2346    24.6917   12.63435 9.5783e-02     10.037 0.0000e+00
        315  47.009890    0.02181     1.3083     78.500  1024.7390  50218.492    31.4135     10.192    7.03629     6.2340     6.2348    24.6915   12.63431 9.6550e-02     10.288 0.0000e+00
        316  47.009893    0.02187     1.3125     78.750  1024.7400  50218.335    31.4133     10.437    7.03628     6.2339     6.2349    24.6913   12.63430 9.4229e-02     10.536 0.0000e+00
        317  47.009896    0.02194     1.3167     79.000  1024.7411  50218.318    31.4132     10.681    7.03629     6.2338     6.2349    24.6912   12.63432 9.0691e-02     10.782 0.0000e+00
        318  47.009899    0.02201     1.3208     79.250  1024.7423  50218.586    31.4133     10.926    7.03630     6.2338     6.2348    24.6913   12.63434 8.6876e-02     11.030 0.0000e+00
        319  47.009902    0.02208     1.3250     79.500  1024.7436  50218.999    31.4134     11.175    7.03631     6.2338     6.2347    24.6914   12.63435 8.3226e-02     11.281 0.0000e+00
        320  47.009905    0.02215     1.3292     79.750  1024.7448  50219.301    31.4135     11.427    7.03631     6.2338     6.2347    24.6915   12.63435 7.9943e-02     11.536 0.0000e+00
        321  47.009907    0.02222     1.3333     80.000  1024.7460  50219.426    31.4135     11.685    7.03630     6.2337     6.2347    24.6915   12.63434 7.7112e-02     11.795 0.0000e+00
        322  47.009910    0.02229     1.3375     80.250  1024.7471  50219.380    31.4133     11.947    7.03631     6.2336     6.2348    24.6913   12.63434 7.4742e-02     12.060 0.0000e+00
        323  47.009913    0.02236     1.3417     80.500  1024.7482  50219.264    31.4131     12.214    7.03632     6.2334     6.2348    24.6912   12.63436 7.2825e-02     12.329 0.0000e+00
        324  47.009916    0.02243     1.3458     80.750  1024.7493  50219.270    31.4130     12.486    7.03634     6.2331     6.2346    24.6911   12.63441 7.1367e-02     12.604 0.0000e+00
        325  47.009919    0.02250     1.3500     81.000  1024.7506  50219.445    31.4129     12.763    7.03638     6.2328     6.2344    24.6911   12.63447 7.0364e-02     12.884 0.0000e+00
        326  47.009922    0.02257     1.3542     81.250  1024.7520  50219.763    31.4130     13.044    7.03642     6.2326     6.2342    24.6911   12.63454 6.9874e-02     13.168 0.0000e+00
        327  47.009925    0.02264     1.3583     81.500  1024.7534  50220.207    31.4131     13.327    7.03646     6.2324     6.2339    24.6913   12.63460 7.0081e-02     13.454 0.0000e+00
        328  47.009928    0.02271     1.3625     81.750  1024.7549  50220.657    31.4132     13.610    7.03649     6.2323     6.2337    24.6914   12.63464 7.1307e-02     13.739 0.0000e+00
        329  47.009931    0.02278     1.3667     82.000  1024.7563  50221.045    31.4133     13.890    7.03651     6.2322     6.2336    24.6915   12.63468 7.1997e-02     14.022 0.0000e+00
        330  47.009933    0.02285     1.3708     82.250  1024.7577  50221.438    31.4134     14.166    7.03652     6.2322     6.2335    24.6916   12.63470 7.0310e-02     14.300 0.0000e+00
        331  47.009936    0.02292     1.3750     82.500  1024.7591  50221.837    31.4136     14.437    7.03652     6.2321     6.2334    24.6917   12.63470 6.7858e-02     14.574 0.0000e+00
        332  47.009939    0.02299     1.3792     82.750  1024.7604  50222.081    31.4136     14.704    7.03652     6.2321     6.2334    24.6918   12.63470 6.6180e-02     14.843 0.0000e+00
        333  47.009942    0.02306     1.3833     83.000  1024.7615  50222.124    31.4135     14.966    7.03653     6.2319     6.2334    24.6917   12.63471 6.5013e-02     15.108 0.0000e+00
        334  47.009945    0.02313     1.3875     83.250  1024.7626  50222.161    31.4134     15.225    7.03655     6.2318     6.2333    24.6916   12.63474 6.4172e-02     15.370 0.0000e+00
        335  47.009948    0.02319     1.3917     83.500  1024.7638  50222.309    31.4133     15.485    7.03657     6.2316     6.2332    24.6916   12.63478 6.3533e-02     15.632 0.0000e+00
        336  47.009951    0.02326     1.3958     83.750  1024.7650  50222.534    31.4133     15.745    7.03659     6.2315     6.2331    24.6916   12.63481 6.3023e-02     15.894 0.0000e+00
        337  47.009954    0.02333     1.4000     84.000  1024.7663  50222.827    31.4134     16.007    7.03660     6.2315     6.2330    24.6917   12.63483 6.2597e-02     16.159 0.0000e+00
        338  47.009957    0.02340     1.4042     84.250  1024.7677  50223.177    31.4135     16.271    7.03661     6.2315     6.2329    24.6918   12.63484 6.2230e-02     16.425 0.0000e+00
        339  47.009959    0.02347     1.4083     84.500  1024.7690  50223.468    31.4136     16.537    7.03661     6.2315     6.2329    24.6918   12.63484 6.1913e-02     16.694 0.0000e+00
        340  47.009962    0.02354     1.4125     84.750  1024.7702  50223.620    31.4136     16.806    7.03661     6.2315     6.2329    24.6918   12.63484 6.1628e-02     16.964 0.0000e+00
