CTD-processing/allCTD/CNV--homogene/2016_08-29_t3_s13_cast060.cnv
* Sea-Bird SBE19plus Data File:
* FileName = C:\Users\Kim.Powell\Desktop\2016_08-29_T3_5028\2016_08-29_T3_5028_cast060.hex
* Software Version 1.59
* Temperature SN =  5028
* Conductivity SN =  5028
* System UpLoad Time = Aug 29 2016 21:43:34
** CookInlet LTM Transect 3
** 2016_08-29
** Station: 3-13
** Start Time: 14:06
** Depth (m): 32.3
** Comment:
** Comment:
# nquan = 17
# nvalues = 457                         
# units = specified
# name 0 = scan: Scan Count
# name 1 = timeJ: Julian Days
# name 2 = timeH: Time, Elapsed [hours]
# name 3 = timeM: Time, Elapsed [minutes]
# name 4 = timeS: Time, Elapsed [seconds]
# name 5 = density00: Density [density, kg/m^3]
# name 6 = specc: Specific Conductance [uS/cm]
# name 7 = sal00: Salinity, Practical [PSU]
# name 8 = depSM: Depth [salt water, m], lat = 59.00
# name 9 = oxsolML/L: Oxygen Saturation, Garcia & Gordon [ml/l]
# name 10 = potemp090C: Potential Temperature [ITS-90, deg C]
# name 11 = tv290C: Temperature [ITS-90, deg C]
# name 12 = sigma-é00: Density [sigma-theta, kg/m^3]
# name 13 = n2satML/L: Nitrogen Saturation [ml/l]
# name 14 = par: PAR/Irradiance, Biospherical/Licor
# name 15 = prdM: Pressure, Strain Gauge [db]
# name 16 = flag:  0.000e+00
# span 0 =          1,        457       
# span 1 = 242.588056, 242.589375       
# span 2 =    0.00000,    0.03167       
# span 3 =     0.0000,     1.9000       
# span 4 =      0.000,    114.000       
# span 5 =   998.8635,  1023.2044       
# span 6 =    517.665,  48133.023       
# span 7 =     0.2502,    30.8444       
# span 8 =     -0.053,     31.149       
# span 9 =    5.99521,    6.67052       
# span 10 =    12.5754,    17.6046      
# span 11 =    12.5771,    17.6055      
# span 12 =    -1.1362,    23.2004      
# span 13 =   10.92749,   12.41989      
# span 14 = 9.7387e-01, 1.5774e+03      
# span 15 =     -0.054,     31.445      
# span 16 = 0.0000e+00, 0.0000e+00      
# interval = seconds: 0.25
# start_time = Aug 29 2016 14:06:48 [Instrument's time stamp, header]
# bad_flag = -9.990e-29
*END*
[from data line 86]
         87 242.588304    0.00597     0.3583     21.500  1022.9082  47591.045    30.4574      0.859    6.11650    12.9155    12.8549    22.9043   11.12246 4.0240e+01      0.867 0.0000e+00
         88 242.588307    0.00604     0.3625     21.750  1022.9489  47669.509    30.5149      0.868    6.11179    12.9658    12.8745    22.9450   11.11399 3.9168e+01      0.876 0.0000e+00
         89 242.588310    0.00611     0.3667     22.000  1022.9199  47625.945    30.4875      0.872    6.10760    13.0011    12.9156    22.9160   11.10736 3.8376e+01      0.880 0.0000e+00
         90 242.588313    0.00618     0.3708     22.250  1022.8338  47480.671    30.3886      0.873    6.10498    13.0045    12.9660    22.8298   11.10413 3.8612e+01      0.882 0.0000e+00
         91 242.588316    0.00625     0.3750     22.500  1022.7335  47306.061    30.2676      0.873    6.10512    12.9784    13.0012    22.7295   11.10576 3.9701e+01      0.882 0.0000e+00
         92 242.588319    0.00632     0.3792     22.750  1022.6555  47164.856    30.1676      0.874    6.10850    12.9358    13.0046    22.6515   11.11252 4.0765e+01      0.883 0.0000e+00
         93 242.588322    0.00639     0.3833     23.000  1022.6151  47085.417    30.1089      0.875    6.11407    12.8896    12.9785    22.6111   11.12244 4.1127e+01      0.883 0.0000e+00
         94 242.588325    0.00646     0.3875     23.250  1022.6152  47075.978    30.0985      0.877    6.11989    12.8479    12.9359    22.6112   11.13222 4.0692e+01      0.885 0.0000e+00
         95 242.588328    0.00653     0.3917     23.500  1022.6492  47127.405    30.1310      0.881    6.12453    12.8145    12.8898    22.6452   11.13955 4.0163e+01      0.889 0.0000e+00
         96 242.588330    0.00660     0.3958     23.750  1022.7072  47223.707    30.1958      0.887    6.12737    12.7908    12.8480    22.7032   11.14353 4.0267e+01      0.895 0.0000e+00
         97 242.588333    0.00667     0.4000     24.000  1022.7824  47353.065    30.2847      0.893    6.12822    12.7753    12.8147    22.7783   11.14392 4.0469e+01      0.901 0.0000e+00
         98 242.588336    0.00674     0.4042     24.250  1022.8616  47491.840    30.3812      0.898    6.12755    12.7638    12.7910    22.8575   11.14169 4.0037e+01      0.906 0.0000e+00
         99 242.588339    0.00681     0.4083     24.500  1022.9179  47590.732    30.4501      0.900    6.12690    12.7528    12.7754    22.9138   11.13983 3.9425e+01      0.908 0.0000e+00
        100 242.588342    0.00688     0.4125     24.750  1022.9273  47605.451    30.4596      0.898    6.12801    12.7414    12.7639    22.9233   11.14156 3.9232e+01      0.906 0.0000e+00
        101 242.588345    0.00694     0.4167     25.000  1022.8925  47539.831    30.4120      0.892    6.13124    12.7304    12.7529    22.8885   11.14747 3.9439e+01      0.900 0.0000e+00
        102 242.588348    0.00701     0.4208     25.250  1022.8405  47442.717    30.3419      0.885    6.13539    12.7215    12.7415    22.8365   11.15517 3.9940e+01      0.893 0.0000e+00
        103 242.588351    0.00708     0.4250     25.500  1022.7963  47360.008    30.2822      0.878    6.13909    12.7150    12.7305    22.7923   11.16199 4.0427e+01      0.886 0.0000e+00
        104 242.588354    0.00715     0.4292     25.750  1022.7691  47308.634    30.2449      0.873    6.14166    12.7099    12.7216    22.7652   11.16669 4.0340e+01      0.881 0.0000e+00
        105 242.588356    0.00722     0.4333     26.000  1022.7573  47285.726    30.2280      0.870    6.14315    12.7054    12.7151    22.7534   11.16935 3.9742e+01      0.878 0.0000e+00
        106 242.588359    0.00729     0.4375     26.250  1022.7553  47281.009    30.2242      0.870    6.14395    12.7016    12.7100    22.7514   11.17073 3.9474e+01      0.878 0.0000e+00
        107 242.588362    0.00736     0.4417     26.500  1022.7586  47285.948    30.2273      0.874    6.14440    12.6988    12.7055    22.7546   11.17144 3.9682e+01      0.882 0.0000e+00
        108 242.588365    0.00743     0.4458     26.750  1022.7655  47297.623    30.2353      0.880    6.14458    12.6972    12.7018    22.7615   11.17165 3.9447e+01      0.888 0.0000e+00
        109 242.588368    0.00750     0.4500     27.000  1022.7765  47316.991    30.2488      0.888    6.14442    12.6971    12.6990    22.7725   11.17124 3.8841e+01      0.896 0.0000e+00
        110 242.588371    0.00757     0.4542     27.250  1022.7919  47344.738    30.2683      0.897    6.14388    12.6985    12.6974    22.7879   11.17011 3.8814e+01      0.906 0.0000e+00
        111 242.588374    0.00764     0.4583     27.500  1022.8102  47377.816    30.2918      0.905    6.14299    12.7012    12.6972    22.8061   11.16837 3.9414e+01      0.914 0.0000e+00
        112 242.588377    0.00771     0.4625     27.750  1022.8272  47409.037    30.3141      0.909    6.14196    12.7045    12.6986    22.8231   11.16639 3.9937e+01      0.918 0.0000e+00
        113 242.588380    0.00778     0.4667     28.000  1022.8378  47428.888    30.3284      0.907    6.14106    12.7074    12.7013    22.8336   11.16474 3.9803e+01      0.915 0.0000e+00
        114 242.588383    0.00785     0.4708     28.250  1022.8365  47427.356    30.3276      0.897    6.14067    12.7101    12.7046    22.8324   11.16410 3.9176e+01      0.905 0.0000e+00
        115 242.588385    0.00792     0.4750     28.500  1022.8189  47395.989    30.3057      0.884    6.14114    12.7142    12.7075    22.8148   11.16513 3.8573e+01      0.892 0.0000e+00
        116 242.588388    0.00799     0.4792     28.750  1022.7903  47344.598    30.2695      0.873    6.14219    12.7222    12.7102    22.7863   11.16730 3.8406e+01      0.881 0.0000e+00
        117 242.588391    0.00806     0.4833     29.000  1022.7694  47307.616    30.2436      0.869    6.14266    12.7359    12.7143    22.7655   11.16838 3.8706e+01      0.876 0.0000e+00
        118 242.588394    0.00813     0.4875     29.250  1022.7735  47316.759    30.2508      0.875    6.14136    12.7572    12.7224    22.7696   11.16614 3.9045e+01      0.882 0.0000e+00
        119 242.588397    0.00819     0.4917     29.500  1022.8123  47390.216    30.3042      0.888    6.13757    12.7907    12.7360    22.8083   11.15923 3.9296e+01      0.896 0.0000e+00
        120 242.588400    0.00826     0.4958     29.750  1022.8863  47529.393    30.4050      0.904    6.13099    12.8443    12.7573    22.8822   11.14715 3.9466e+01      0.912 0.0000e+00
        121 242.588403    0.00833     0.5000     30.000  1022.9687  47686.674    30.5197      0.914    6.12231    12.9227    12.7908    22.9646   11.13142 3.9309e+01      0.922 0.0000e+00
        122 242.588406    0.00840     0.5042     30.250  1023.0091  47772.070    30.5850      0.916    6.11298    13.0145    12.8444    23.0050   11.11517 3.8823e+01      0.924 0.0000e+00
        123 242.588409    0.00847     0.5083     30.500  1022.9751  47728.072    30.5606      0.909    6.10394    13.0924    12.9229    22.9710   11.10043 3.8162e+01      0.917 0.0000e+00
        124 242.588411    0.00854     0.5125     30.750  1022.8812  47578.208    30.4620      0.896    6.09604    13.1342    13.0147    22.8772   11.08845 3.7752e+01      0.904 0.0000e+00
        125 242.588414    0.00861     0.5167     31.000  1022.7773  47407.090    30.3471      0.883    6.09055    13.1366    13.0925    22.7733   11.08063 3.8342e+01      0.891 0.0000e+00
        126 242.588417    0.00868     0.5208     31.250  1022.7119  47297.767    30.2730      0.874    6.08808    13.1126    13.1343    22.7080   11.07738 3.9750e+01      0.882 0.0000e+00
        127 242.588420    0.00875     0.5250     31.500  1022.7018  47279.909    30.2605      0.870    6.08823    13.0783    13.1367    22.6979   11.07778 4.0722e+01      0.878 0.0000e+00
        128 242.588423    0.00882     0.5292     31.750  1022.7339  47332.690    30.2960      0.868    6.08990    13.0411    13.1128    22.7300   11.08015 4.0461e+01      0.876 0.0000e+00
        129 242.588426    0.00889     0.5333     32.000  1022.7795  47407.666    30.3464      0.869    6.09232    13.0019    13.0784    22.7756   11.08360 3.9460e+01      0.877 0.0000e+00
        130 242.588429    0.00896     0.5375     32.250  1022.8114  47457.161    30.3784      0.872    6.09581    12.9612    13.0413    22.8075   11.08903 3.8723e+01      0.880 0.0000e+00
        131 242.588432    0.00903     0.5417     32.500  1022.8264  47475.427    30.3880      0.878    6.10042    12.9230    13.0020    22.8224   11.09658 3.8760e+01      0.886 0.0000e+00
        132 242.588435    0.00910     0.5458     32.750  1022.8466  47502.824    30.4039      0.888    6.10498    12.8925    12.9613    22.8426   11.10396 3.9406e+01      0.896 0.0000e+00
        133 242.588438    0.00917     0.5500     33.000  1022.8940  47580.254    30.4556      0.900    6.10785    12.8711    12.9231    22.8899   11.10813 4.0054e+01      0.908 0.0000e+00
        134 242.588440    0.00924     0.5542     33.250  1022.9689  47709.471    30.5448      0.909    6.10832    12.8564    12.8926    22.9647   11.10789 4.0117e+01      0.917 0.0000e+00
        135 242.588443    0.00931     0.5583     33.500  1023.0493  47850.721    30.6434      0.913    6.10727    12.8470    12.8712    23.0451   11.10502 3.9742e+01      0.921 0.0000e+00
        136 242.588446    0.00937     0.5625     33.750  1023.1124  47962.105    30.7213      0.913    6.10617    12.8451    12.8565    23.1082   11.10230 3.9820e+01      0.921 0.0000e+00
        137 242.588449    0.00944     0.5667     34.000  1023.1529  48033.813    30.7715      0.908    6.10544    12.8529    12.8472    23.1488   11.10051 4.0884e+01      0.917 0.0000e+00
        138 242.588452    0.00951     0.5708     34.250  1023.1794  48081.458    30.8052      0.901    6.10440    12.8723    12.8452    23.1753   11.09840 4.2275e+01      0.910 0.0000e+00
        139 242.588455    0.00958     0.5750     34.500  1023.1988  48118.477    30.8323      0.893    6.10237    12.9052    12.8530    23.1947   11.09472 4.2615e+01      0.901 0.0000e+00
        140 242.588458    0.00965     0.5792     34.750  1023.2044  48133.023    30.8444      0.883    6.09945    12.9506    12.8724    23.2004   11.08974 4.1611e+01      0.891 0.0000e+00
        141 242.588461    0.00972     0.5833     35.000  1023.1793  48094.925    30.8202      0.872    6.09621    12.9985    12.9053    23.1754   11.08462 4.0561e+01      0.881 0.0000e+00
        142 242.588464    0.00979     0.5875     35.250  1023.1124  47983.673    30.7451      0.865    6.09332    13.0333    12.9507    23.1085   11.08068 4.0323e+01      0.874 0.0000e+00
        143 242.588466    0.00986     0.5917     35.500  1023.0160  47819.360    30.6324      0.865    6.09154    13.0447    12.9986    23.0121   11.07901 4.0513e+01      0.873 0.0000e+00
        144 242.588469    0.00993     0.5958     35.750  1022.9268  47664.995    30.5256      0.871    6.09120    13.0349    13.0334    22.9228   11.07967 4.0364e+01      0.879 0.0000e+00
        145 242.588472    0.01000     0.6000     36.000  1022.8808  47583.913    30.4689      0.880    6.09190    13.0141    13.0448    22.8768   11.08150 3.9484e+01      0.888 0.0000e+00
        146 242.588475    0.01007     0.6042     36.250  1022.8907  47599.704    30.4793      0.890    6.09275    12.9910    13.0350    22.8867   11.08278 3.8216e+01      0.898 0.0000e+00
        147 242.588478    0.01014     0.6083     36.500  1022.9421  47688.373    30.5405      0.898    6.09304    12.9684    13.0142    22.9381   11.08257 3.7470e+01      0.906 0.0000e+00
        148 242.588481    0.01021     0.6125     36.750  1023.0082  47803.086    30.6201      0.904    6.09294    12.9469    12.9911    23.0041   11.08149 3.7908e+01      0.912 0.0000e+00
        149 242.588484    0.01028     0.6167     37.000  1023.0692  47908.905    30.6934      0.907    6.09301    12.9274    12.9685    23.0651   11.08077 3.8842e+01      0.916 0.0000e+00
        150 242.588487    0.01035     0.6208     37.250  1023.1159  47988.843    30.7484      0.907    6.09364    12.9109    12.9470    23.1118   11.08119 3.9103e+01      0.916 0.0000e+00
        151 242.588490    0.01042     0.6250     37.500  1023.1439  48035.308    30.7797      0.905    6.09492    12.8979    12.9275    23.1398   11.08296 3.8750e+01      0.914 0.0000e+00
        152 242.588492    0.01049     0.6292     37.750  1023.1525  48047.240    30.7868      0.901    6.09674    12.8881    12.9110    23.1484   11.08590 3.8780e+01      0.910 0.0000e+00
        153 242.588495    0.01056     0.6333     38.000  1023.1464  48033.377    30.7758      0.895    6.09881    12.8808    12.8981    23.1424   11.08946 3.9557e+01      0.903 0.0000e+00
        154 242.588498    0.01063     0.6375     38.250  1023.1394  48018.572    30.7644      0.888    6.10049    12.8755    12.8883    23.1354   11.09238 4.0415e+01      0.896 0.0000e+00
        155 242.588501    0.01069     0.6417     38.500  1023.1437  48024.840    30.7682      0.881    6.10127    12.8713    12.8810    23.1398   11.09364 4.0603e+01      0.889 0.0000e+00
        156 242.588504    0.01076     0.6458     38.750  1023.1535  48041.416    30.7795      0.874    6.10152    12.8667    12.8756    23.1496   11.09391 4.0235e+01      0.883 0.0000e+00
        157 242.588507    0.01083     0.6500     39.000  1023.1491  48032.446    30.7728      0.870    6.10231    12.8601    12.8714    23.1452   11.09531 4.0193e+01      0.878 0.0000e+00
        158 242.588510    0.01090     0.6542     39.250  1023.1157  47970.697    30.7285      0.869    6.10460    12.8507    12.8668    23.1118   11.09961 4.0461e+01      0.878 0.0000e+00
        159 242.588513    0.01097     0.6583     39.500  1023.0552  47859.350    30.6487      0.872    6.10848    12.8386    12.8602    23.0513   11.10697 4.0081e+01      0.881 0.0000e+00
        160 242.588516    0.01104     0.6625     39.750  1022.9845  47728.615    30.5548      0.880    6.11327    12.8263    12.8508    22.9805   11.11600 3.9076e+01      0.889 0.0000e+00
        161 242.588519    0.01111     0.6667     40.000  1022.9253  47618.337    30.4753      0.890    6.11786    12.8183    12.8387    22.9213   11.12453 3.8230e+01      0.899 0.0000e+00
        162 242.588521    0.01118     0.6708     40.250  1022.8974  47564.762    30.4362      0.903    6.12094    12.8196    12.8264    22.8934   11.13009 3.7834e+01      0.912 0.0000e+00
        163 242.588524    0.01125     0.6750     40.500  1022.9129  47591.258    30.4543      0.915    6.12126    12.8339    12.8185    22.9089   11.13042 3.7778e+01      0.924 0.0000e+00
        164 242.588527    0.01132     0.6792     40.750  1022.9716  47698.272    30.5305      0.924    6.11819    12.8647    12.8198    22.9675   11.12445 3.7776e+01      0.932 0.0000e+00
        165 242.588530    0.01139     0.6833     41.000  1023.0524  47848.335    30.6384      0.927    6.11226    12.9193    12.8341    23.0482   11.11336 3.7555e+01      0.935 0.0000e+00
        166 242.588533    0.01146     0.6875     41.250  1023.1233  47984.304    30.7378      0.923    6.10456    13.0060    12.8649    23.1192   11.09944 3.7356e+01      0.932 0.0000e+00
        167 242.588536    0.01153     0.6917     41.500  1023.1603  48064.016    30.7993      0.912    6.09532    13.1227    12.9194    23.1562   11.08339 3.7749e+01      0.921 0.0000e+00
        168 242.588539    0.01160     0.6958     41.750  1023.1472  48060.098    30.8040      0.897    6.08418    13.2499    13.0062    23.1431   11.06484 3.8798e+01      0.906 0.0000e+00
        169 242.588542    0.01167     0.7000     42.000  1023.0813  47967.397    30.7481      0.879    6.07160    13.3629    13.1228    23.0773   11.04460 3.9710e+01      0.887 0.0000e+00
        170 242.588545    0.01174     0.7042     42.250  1022.9758  47805.425    30.6437      0.861    6.05957    13.4435    13.2500    22.9719   11.02580 3.9750e+01      0.869 0.0000e+00
