CTD-processing/allCTD/CNV--homogene/2016_06-16_alongbay_skb08_cast276.cnv
* Sea-Bird SBE19plus Data File:
* FileName = C:\Users\Kris.Holderied\Documents\kasitsna\Research-KBL\Oceanography-AK\CTD-Data-ALL-to-2016-05\2016-CTD-KachemakBay-CookInlet\2016-06-16-KachemakBay-AlongBay-partial\2016-06-16-KachemakBay-AlongBay-cast276.hex
* Software Version 1.59
* Temperature SN =  5028
* Conductivity SN =  5028
* System UpLoad Time = Jul 26 2016 19:59:00
** Cook Inlet Kachemak Bay Along-bay line- partial
** Date (YYYY-MM-DD): 2016-06-16
** Station (eg. 9-01):  KB08
** Start time (AKDT): 15:52
** Depth (m): 79.6
** Comment:  R/V Edgecumbe.  Additional stations after monthly Transect 9 survey.
** Comment:
# nquan = 17
# nvalues = 645                         
# units = specified
# name 0 = scan: Scan Count
# name 1 = timeJ: Julian Days
# name 2 = timeH: Time, Elapsed [hours]
# name 3 = timeM: Time, Elapsed [minutes]
# name 4 = timeS: Time, Elapsed [seconds]
# name 5 = density00: Density [density, kg/m^3]
# name 6 = specc: Specific Conductance [uS/cm]
# name 7 = sal00: Salinity, Practical [PSU]
# name 8 = depSM: Depth [salt water, m], lat = 59.00
# name 9 = oxsolML/L: Oxygen Saturation, Garcia & Gordon [ml/l]
# name 10 = potemp090C: Potential Temperature [ITS-90, deg C]
# name 11 = tv290C: Temperature [ITS-90, deg C]
# name 12 = sigma-é00: Density [sigma-theta, kg/m^3]
# name 13 = n2satML/L: Nitrogen Saturation [ml/l]
# name 14 = par: PAR/Irradiance, Biospherical/Licor
# name 15 = prdM: Pressure, Strain Gauge [db]
# name 16 = flag:  0.000e+00
# span 0 =          1,        645       
# span 1 = 168.661076, 168.662940       
# span 2 =    0.00000,    0.04472       
# span 3 =     0.0000,     2.6833       
# span 4 =      0.000,    161.000       
# span 5 =   999.6794,  1024.7226       
# span 6 =    762.499,  49669.418       
# span 7 =     0.3701,    31.2007       
# span 8 =     -0.066,     73.281       
# span 9 =    6.10694,    7.37198       
# span 10 =     7.3045,    13.8570      
# span 11 =     7.3111,    13.8572      
# span 12 =    -0.3203,    24.3829      
# span 13 =   11.14204,   13.61074      
# span 14 = 5.7701e-02, 1.9106e+03      
# span 15 =     -0.066,     73.986      
# span 16 = 0.0000e+00, 0.0000e+00      
# interval = seconds: 0.25
# start_time = Jun 16 2016 15:51:57 [Instrument's time stamp, header]
# bad_flag = -9.990e-29
*END*
[from data line 426]
        427 168.662309    0.02958     1.7750    106.500  1024.3908  49481.521    31.1727     20.922    6.79313     7.8382     7.8271    24.2940   12.23527 2.0717e+00     21.120 0.0000e+00
        428 168.662312    0.02965     1.7792    106.750  1024.3914  49480.777    31.1732     21.184    6.79202     7.8433     7.8341    24.2934   12.23343 1.9749e+00     21.385 0.0000e+00
        429 168.662315    0.02972     1.7833    107.000  1024.3917  49479.310    31.1730     21.445    6.79109     7.8474     7.8402    24.2924   12.23189 1.8836e+00     21.649 0.0000e+00
        430 168.662318    0.02979     1.7875    107.250  1024.3917  49477.484    31.1724     21.704    6.79032     7.8506     7.8453    24.2913   12.23063 1.7980e+00     21.910 0.0000e+00
        431 168.662321    0.02986     1.7917    107.500  1024.3920  49476.192    31.1721     21.959    6.78970     7.8532     7.8494    24.2904   12.22961 1.7172e+00     22.167 0.0000e+00
        432 168.662323    0.02993     1.7958    107.750  1024.3929  49475.903    31.1723     22.214    6.78919     7.8554     7.8527    24.2901   12.22877 1.6400e+00     22.425 0.0000e+00
        433 168.662326    0.03000     1.8000    108.000  1024.3943  49476.612    31.1731     22.473    6.78875     7.8574     7.8553    24.2904   12.22802 1.5650e+00     22.686 0.0000e+00
        434 168.662329    0.03007     1.8042    108.250  1024.3964  49478.308    31.1745     22.736    6.78834     7.8591     7.8576    24.2912   12.22732 1.4918e+00     22.952 0.0000e+00
        435 168.662332    0.03014     1.8083    108.500  1024.3989  49480.970    31.1765     23.004    6.78794     7.8604     7.8596    24.2926   12.22664 1.4207e+00     23.222 0.0000e+00
        436 168.662335    0.03021     1.8125    108.750  1024.4017  49483.895    31.1787     23.274    6.78758     7.8604     7.8613    24.2941   12.22600 1.3523e+00     23.494 0.0000e+00
        437 168.662338    0.03028     1.8167    109.000  1024.4034  49485.077    31.1796     23.543    6.78734     7.8583     7.8626    24.2946   12.22560 1.2867e+00     23.766 0.0000e+00
        438 168.662341    0.03035     1.8208    109.250  1024.4036  49483.352    31.1783     23.810    6.78738     7.8538     7.8627    24.2935   12.22569 1.2239e+00     24.037 0.0000e+00
        439 168.662344    0.03042     1.8250    109.500  1024.4037  49481.275    31.1764     24.075    6.78779     7.8479     7.8606    24.2923   12.22639 1.1638e+00     24.304 0.0000e+00
        440 168.662347    0.03049     1.8292    109.750  1024.4054  49482.297    31.1763     24.335    6.78849     7.8419     7.8561    24.2929   12.22755 1.1059e+00     24.566 0.0000e+00
        441 168.662350    0.03056     1.8333    110.000  1024.4089  49486.581    31.1782     24.592    6.78931     7.8364     7.8502    24.2952   12.22888 1.0493e+00     24.825 0.0000e+00
        442 168.662352    0.03062     1.8375    110.250  1024.4132  49492.255    31.1811     24.849    6.79011     7.8314     7.8442    24.2983   12.23016 9.9369e-01     25.084 0.0000e+00
        443 168.662355    0.03069     1.8417    110.500  1024.4174  49497.710    31.1839     25.108    6.79083     7.8265     7.8388    24.3013   12.23132 9.3909e-01     25.347 0.0000e+00
        444 168.662358    0.03076     1.8458    110.750  1024.4209  49501.813    31.1859     25.372    6.79151     7.8207     7.8338    24.3035   12.23242 8.8574e-01     25.613 0.0000e+00
        445 168.662361    0.03083     1.8500    111.000  1024.4229  49503.220    31.1860     25.640    6.79226     7.8121     7.8289    24.3043   12.23366 8.3409e-01     25.884 0.0000e+00
        446 168.662364    0.03090     1.8542    111.250  1024.4219  49499.121    31.1821     25.910    6.79332     7.7982     7.8231    24.3020   12.23548 7.8467e-01     26.157 0.0000e+00
        447 168.662367    0.03097     1.8583    111.500  1024.4173  49488.400    31.1731     26.182    6.79506     7.7787     7.8145    24.2962   12.23846 7.3805e-01     26.430 0.0000e+00
        448 168.662370    0.03104     1.8625    111.750  1024.4126  49477.352    31.1631     26.452    6.79764     7.7554     7.8007    24.2902   12.24286 6.9465e-01     26.703 0.0000e+00
        449 168.662373    0.03111     1.8667    112.000  1024.4116  49473.019    31.1568     26.721    6.80095     7.7303     7.7812    24.2880   12.24840 6.5460e-01     26.974 0.0000e+00
        450 168.662376    0.03118     1.8708    112.250  1024.4133  49473.397    31.1532     26.987    6.80471     7.7033     7.7579    24.2884   12.25468 6.1769e-01     27.243 0.0000e+00
        451 168.662378    0.03125     1.8750    112.500  1024.4141  49472.229    31.1482     27.251    6.80883     7.6740     7.7328    24.2880   12.26155 5.8341e-01     27.510 0.0000e+00
        452 168.662381    0.03132     1.8792    112.750  1024.4137  49468.917    31.1415     27.516    6.81331     7.6434     7.7059    24.2864   12.26906 5.5123e-01     27.778 0.0000e+00
        453 168.662384    0.03139     1.8833    113.000  1024.4160  49470.375    31.1376     27.782    6.81805     7.6145     7.6765    24.2874   12.27693 5.2084e-01     28.046 0.0000e+00
        454 168.662387    0.03146     1.8875    113.250  1024.4234  49481.089    31.1401     28.048    6.82269     7.5897     7.6460    24.2935   12.28459 4.9221e-01     28.314 0.0000e+00
        455 168.662390    0.03153     1.8917    113.500  1024.4343  49498.308    31.1473     28.313    6.82687     7.5702     7.6171    24.3032   12.29141 4.6536e-01     28.582 0.0000e+00
        456 168.662393    0.03160     1.8958    113.750  1024.4464  49517.892    31.1568     28.579    6.83031     7.5560     7.5923    24.3140   12.29698 4.4022e-01     28.850 0.0000e+00
        457 168.662396    0.03167     1.9000    114.000  1024.4577  49536.159    31.1662     28.845    6.83293     7.5462     7.5728    24.3241   12.30120 4.1670e-01     29.119 0.0000e+00
        458 168.662399    0.03174     1.9042    114.250  1024.4669  49550.546    31.1738     29.110    6.83480     7.5396     7.5587    24.3320   12.30420 3.9477e-01     29.387 0.0000e+00
        459 168.662402    0.03181     1.9083    114.500  1024.4737  49560.767    31.1792     29.373    6.83609     7.5351     7.5489    24.3376   12.30626 3.7438e-01     29.652 0.0000e+00
        460 168.662405    0.03188     1.9125    114.750  1024.4786  49567.641    31.1828     29.632    6.83696     7.5321     7.5423    24.3414   12.30766 3.5543e-01     29.914 0.0000e+00
        461 168.662407    0.03194     1.9167    115.000  1024.4822  49572.133    31.1851     29.888    6.83755     7.5300     7.5378    24.3438   12.30861 3.3774e-01     30.172 0.0000e+00
        462 168.662410    0.03201     1.9208    115.250  1024.4850  49575.174    31.1866     30.142    6.83795     7.5287     7.5348    24.3454   12.30925 3.2116e-01     30.428 0.0000e+00
        463 168.662413    0.03208     1.9250    115.500  1024.4873  49577.458    31.1878     30.393    6.83822     7.5279     7.5328    24.3465   12.30967 3.0567e-01     30.682 0.0000e+00
        464 168.662416    0.03215     1.9292    115.750  1024.4894  49579.230    31.1887     30.642    6.83839     7.5275     7.5315    24.3474   12.30993 2.9122e-01     30.933 0.0000e+00
        465 168.662419    0.03222     1.9333    116.000  1024.4911  49580.444    31.1893     30.889    6.83848     7.5273     7.5307    24.3480   12.31008 2.7770e-01     31.183 0.0000e+00
        466 168.662422    0.03229     1.9375    116.250  1024.4925  49581.076    31.1895     31.134    6.83853     7.5272     7.5303    24.3483   12.31016 2.6505e-01     31.430 0.0000e+00
        467 168.662425    0.03236     1.9417    116.500  1024.4937  49581.311    31.1896     31.377    6.83856     7.5271     7.5301    24.3483   12.31021 2.5317e-01     31.676 0.0000e+00
        468 168.662428    0.03243     1.9458    116.750  1024.4948  49581.461    31.1895     31.619    6.83857     7.5270     7.5300    24.3483   12.31023 2.4198e-01     31.920 0.0000e+00
        469 168.662431    0.03250     1.9500    117.000  1024.4960  49581.646    31.1895     31.861    6.83858     7.5271     7.5299    24.3483   12.31025 2.3142e-01     32.164 0.0000e+00
        470 168.662433    0.03257     1.9542    117.250  1024.4971  49581.787    31.1895     32.104    6.83858     7.5273     7.5300    24.3483   12.31025 2.2142e-01     32.409 0.0000e+00
        471 168.662436    0.03264     1.9583    117.500  1024.4982  49581.961    31.1896     32.348    6.83856     7.5276     7.5301    24.3483   12.31022 2.1193e-01     32.655 0.0000e+00
        472 168.662439    0.03271     1.9625    117.750  1024.4993  49582.137    31.1896     32.593    6.83853     7.5278     7.5303    24.3484   12.31017 2.0293e-01     32.903 0.0000e+00
        473 168.662442    0.03278     1.9667    118.000  1024.5003  49581.954    31.1894     32.841    6.83849     7.5279     7.5306    24.3482   12.31011 1.9442e-01     33.153 0.0000e+00
        474 168.662445    0.03285     1.9708    118.250  1024.5010  49581.332    31.1889     33.089    6.83847     7.5278     7.5309    24.3477   12.31008 1.8636e-01     33.404 0.0000e+00
        475 168.662448    0.03292     1.9750    118.500  1024.5018  49580.751    31.1884     33.339    6.83848     7.5275     7.5310    24.3473   12.31009 1.7872e-01     33.656 0.0000e+00
        476 168.662451    0.03299     1.9792    118.750  1024.5028  49580.607    31.1882     33.590    6.83851     7.5273     7.5308    24.3472   12.31014 1.7144e-01     33.910 0.0000e+00
        477 168.662454    0.03306     1.9833    119.000  1024.5041  49580.974    31.1883     33.844    6.83854     7.5272     7.5306    24.3473   12.31020 1.6450e-01     34.166 0.0000e+00
        478 168.662457    0.03313     1.9875    119.250  1024.5056  49581.873    31.1888     34.099    6.83856     7.5274     7.5303    24.3477   12.31022 1.5793e-01     34.423 0.0000e+00
        479 168.662459    0.03319     1.9917    119.500  1024.5074  49583.104    31.1895     34.355    6.83853     7.5279     7.5303    24.3483   12.31017 1.5173e-01     34.682 0.0000e+00
        480 168.662462    0.03326     1.9958    119.750  1024.5091  49584.265    31.1902     34.611    6.83846     7.5285     7.5306    24.3488   12.31004 1.4590e-01     34.941 0.0000e+00
        481 168.662465    0.03333     2.0000    120.000  1024.5105  49584.810    31.1906     34.869    6.83836     7.5290     7.5311    24.3490   12.30987 1.4037e-01     35.201 0.0000e+00
        482 168.662468    0.03340     2.0042    120.250  1024.5113  49584.287    31.1902     35.131    6.83827     7.5288     7.5318    24.3486   12.30973 1.3512e-01     35.466 0.0000e+00
        483 168.662471    0.03347     2.0083    120.500  1024.5116  49582.632    31.1890     35.396    6.83826     7.5275     7.5322    24.3476   12.30972 1.3012e-01     35.733 0.0000e+00
        484 168.662474    0.03354     2.0125    120.750  1024.5112  49579.778    31.1868     35.663    6.83838     7.5248     7.5320    24.3460   12.30995 1.2540e-01     36.003 0.0000e+00
        485 168.662477    0.03361     2.0167    121.000  1024.5103  49576.074    31.1839     35.930    6.83870     7.5208     7.5308    24.3439   12.31052 1.2099e-01     36.272 0.0000e+00
        486 168.662480    0.03368     2.0208    121.250  1024.5099  49573.312    31.1815     36.195    6.83923     7.5163     7.5281    24.3423   12.31143 1.1688e-01     36.540 0.0000e+00
        487 168.662483    0.03375     2.0250    121.500  1024.5111  49573.310    31.1807     36.459    6.83990     7.5120     7.5241    24.3422   12.31253 1.1306e-01     36.806 0.0000e+00
        488 168.662486    0.03382     2.0292    121.750  1024.5135  49575.593    31.1814     36.722    6.84057     7.5083     7.5196    24.3434   12.31364 1.0949e-01     37.072 0.0000e+00
        489 168.662488    0.03389     2.0333    122.000  1024.5163  49578.497    31.1826     36.983    6.84118     7.5051     7.5153    24.3449   12.31464 1.0619e-01     37.335 0.0000e+00
        490 168.662491    0.03396     2.0375    122.250  1024.5188  49581.051    31.1837     37.239    6.84171     7.5024     7.5117    24.3462   12.31550 1.0319e-01     37.594 0.0000e+00
        491 168.662494    0.03403     2.0417    122.500  1024.5210  49583.110    31.1845     37.490    6.84216     7.5000     7.5086    24.3473   12.31623 1.0049e-01     37.847 0.0000e+00
        492 168.662497    0.03410     2.0458    122.750  1024.5230  49584.820    31.1851     37.734    6.84255     7.4979     7.5059    24.3482   12.31687 9.8077e-02     38.093 0.0000e+00
        493 168.662500    0.03417     2.0500    123.000  1024.5248  49586.179    31.1855     37.970    6.84290     7.4959     7.5035    24.3489   12.31745 9.5976e-02     38.331 0.0000e+00
        494 168.662503    0.03424     2.0542    123.250  1024.5263  49587.165    31.1858     38.198    6.84322     7.4938     7.5014    24.3494   12.31797 9.4208e-02     38.562 0.0000e+00
        495 168.662506    0.03431     2.0583    123.500  1024.5276  49587.653    31.1857     38.421    6.84354     7.4913     7.4994    24.3496   12.31850 9.2571e-02     38.787 0.0000e+00
        496 168.662509    0.03438     2.0625    123.750  1024.5286  49587.750    31.1853     38.645    6.84388     7.4886     7.4973    24.3496   12.31907 9.0778e-02     39.013 0.0000e+00
        497 168.662512    0.03444     2.0667    124.000  1024.5297  49588.036    31.1851     38.872    6.84427     7.4856     7.4949    24.3497   12.31972 8.8911e-02     39.243 0.0000e+00
        498 168.662514    0.03451     2.0708    124.250  1024.5312  49588.971    31.1852     39.103    6.84469     7.4826     7.4922    24.3501   12.32042 8.7135e-02     39.476 0.0000e+00
        499 168.662517    0.03458     2.0750    124.500  1024.5332  49590.764    31.1858     39.336    6.84513     7.4798     7.4892    24.3510   12.32113 8.5468e-02     39.711 0.0000e+00
        500 168.662520    0.03465     2.0792    124.750  1024.5356  49593.194    31.1869     39.569    6.84555     7.4774     7.4862    24.3523   12.32181 8.3912e-02     39.947 0.0000e+00
        501 168.662523    0.03472     2.0833    125.000  1024.5379  49595.578    31.1880     39.802    6.84593     7.4753     7.4835    24.3535   12.32243 8.2459e-02     40.182 0.0000e+00
        502 168.662526    0.03479     2.0875    125.250  1024.5401  49597.608    31.1889     40.035    6.84627     7.4736     7.4811    24.3546   12.32297 8.1095e-02     40.417 0.0000e+00
        503 168.662529    0.03486     2.0917    125.500  1024.5421  49599.451    31.1897     40.268    6.84655     7.4721     7.4790    24.3555   12.32343 7.9807e-02     40.652 0.0000e+00
        504 168.662532    0.03493     2.0958    125.750  1024.5440  49601.068    31.1905     40.501    6.84679     7.4706     7.4773    24.3564   12.32382 7.8590e-02     40.888 0.0000e+00
        505 168.662535    0.03500     2.1000    126.000  1024.5457  49602.294    31.1910     40.735    6.84700     7.4691     7.4758    24.3570   12.32417 7.7451e-02     41.124 0.0000e+00
        506 168.662538    0.03507     2.1042    126.250  1024.5472  49603.186    31.1913     40.969    6.84721     7.4675     7.4744    24.3574   12.32451 7.6378e-02     41.360 0.0000e+00
        507 168.662541    0.03514     2.1083    126.500  1024.5487  49604.115    31.1916     41.204    6.84743     7.4658     7.4729    24.3578   12.32487 7.5355e-02     41.596 0.0000e+00
        508 168.662543    0.03521     2.1125    126.750  1024.5505  49605.538    31.1922     41.438    6.84766     7.4643     7.4713    24.3585   12.32524 7.4387e-02     41.833 0.0000e+00
        509 168.662546    0.03528     2.1167    127.000  1024.5525  49607.454    31.1931     41.671    6.84788     7.4631     7.4697    24.3594   12.32558 7.3479e-02     42.068 0.0000e+00
        510 168.662549    0.03535     2.1208    127.250  1024.5546  49609.450    31.1941     41.899    6.84806     7.4622     7.4682    24.3605   12.32588 7.2635e-02     42.299 0.0000e+00
