CTD-processing/allCTD/CNV--homogene/2016_02-16_t7_s10_cast155.cnv
* Sea-Bird SBE19plus Data File:
* FileName = C:\Users\Kris.Holderied\Documents\kasitsna\Research-KBL\Oceanography-AK\CTD-Data-ALL-to-2016-02\2016-CTD-KachemakBay-CookInlet\2016-02-CookInlet-quarterly\2016-02-16-CookInlet-Tran7-Augustine\2016-02-16-CookInlet-Tran7-cast155.hex
* Software Version 1.59
* Temperature SN =  5028
* Conductivity SN =  5028
* System UpLoad Time = Feb 16 2016 10:44:24
** Cook Inlet LTM Tran7 Augustine East to West

** Date: 02-16
** Station: 7-10
** Start time (AKST): 03:57
** Depth (m): 76
** Comment:  R/V Pandalus
** Comment: Zooplankton 50m vert tow, Phytoplankton 40 l surface, OA samples surface and 71m
# nquan = 17
# nvalues = 579                         
# units = specified
# name 0 = scan: Scan Count
# name 1 = timeJ: Julian Days
# name 2 = timeH: Time, Elapsed [hours]
# name 3 = timeM: Time, Elapsed [minutes]
# name 4 = timeS: Time, Elapsed [seconds]
# name 5 = density00: Density [density, kg/m^3]
# name 6 = specc: Specific Conductance [uS/cm]
# name 7 = sal00: Salinity, Practical [PSU]
# name 8 = depSM: Depth [salt water, m], lat = 59.00
# name 9 = oxsolML/L: Oxygen Saturation, Garcia & Gordon [ml/l]
# name 10 = potemp090C: Potential Temperature [ITS-90, deg C]
# name 11 = tv290C: Temperature [ITS-90, deg C]
# name 12 = sigma-é00: Density [sigma-theta, kg/m^3]
# name 13 = n2satML/L: Nitrogen Saturation [ml/l]
# name 14 = par: PAR/Irradiance, Biospherical/Licor
# name 15 = prdM: Pressure, Strain Gauge [db]
# name 16 = flag:  0.000e+00
# span 0 =          1,        579       
# span 1 =  47.164803,  47.166476       
# span 2 =    0.00000,    0.04014       
# span 3 =     0.0000,     2.4083       
# span 4 =      0.000,    144.500       
# span 5 =  1000.5670,  1025.1683       
# span 6 =   1521.083,  50481.722       
# span 7 =     0.7375,    31.5777       
# span 8 =     -0.133,     76.277       
# span 9 =    7.01707,    9.07585       
# span 10 =     4.2111,     6.2990      
# span 11 =     4.2111,     6.3054      
# span 12 =     0.5677,    24.8131      
# span 13 =   12.60047,   16.47761      
# span 14 = 3.7976e-02, 3.1083e-01      
# span 15 =     -0.135,     77.010      
# span 16 = 0.0000e+00, 0.0000e+00      
# interval = seconds: 0.25
# start_time = Feb 16 2016 03:57:19 [Instrument's time stamp, header]
# bad_flag = -9.990e-29
*END*
[from data line 256]
        257  47.165544    0.01778     1.0667     64.000  1024.6959  50227.523    31.3732      0.902    7.08239     5.9395     5.9680    24.6917   12.71102 8.9393e-02      0.910 0.0000e+00
        258  47.165547    0.01785     1.0708     64.250  1024.7066  50248.300    31.3848      0.885    7.08414     5.9262     5.9542    24.7025   12.71376 8.3997e-02      0.893 0.0000e+00
        259  47.165550    0.01792     1.0750     64.500  1024.7194  50272.799    31.3989      0.863    7.08592     5.9157     5.9395    24.7154   12.71652 7.7263e-02      0.872 0.0000e+00
        260  47.165553    0.01799     1.0792     64.750  1024.7326  50298.042    31.4138      0.839    7.08744     5.9084     5.9263    24.7287   12.71883 7.0959e-02      0.847 0.0000e+00
        261  47.165556    0.01806     1.0833     65.000  1024.7452  50322.126    31.4284      0.813    7.08850     5.9042     5.9158    24.7415   12.72041 6.2673e-02      0.821 0.0000e+00
        262  47.165558    0.01812     1.0875     65.250  1024.7567  50343.829    31.4420      0.787    7.08908     5.9026     5.9085    24.7531   12.72119 5.4010e-02      0.794 0.0000e+00
        263  47.165561    0.01819     1.0917     65.500  1024.7664  50362.039    31.4538      0.762    7.08924     5.9035     5.9042    24.7628   12.72129 4.7597e-02      0.769 0.0000e+00
        264  47.165564    0.01826     1.0958     65.750  1024.7737  50375.776    31.4630      0.741    7.08906     5.9072     5.9027    24.7703   12.72089 4.3748e-02      0.748 0.0000e+00
        265  47.165567    0.01833     1.1000     66.000  1024.7784  50384.351    31.4691      0.725    7.08863     5.9147     5.9036    24.7750   12.72009 4.1439e-02      0.732 0.0000e+00
        266  47.165570    0.01840     1.1042     66.250  1024.7801  50387.365    31.4719      0.716    7.08789     5.9274     5.9072    24.7768   12.71883 4.0054e-02      0.722 0.0000e+00
        267  47.165573    0.01847     1.1083     66.500  1024.7789  50384.687    31.4715      0.715    7.08665     5.9448     5.9148    24.7756   12.71679 3.9223e-02      0.721 0.0000e+00
        268  47.165576    0.01854     1.1125     66.750  1024.7752  50377.003    31.4686      0.725    7.08468     5.9647     5.9274    24.7718   12.71357 3.8724e-02      0.731 0.0000e+00
        269  47.165579    0.01861     1.1167     67.000  1024.7703  50366.770    31.4649      0.748    7.08195     5.9846     5.9448    24.7668   12.70911 3.8425e-02      0.754 0.0000e+00
        270  47.165582    0.01868     1.1208     67.250  1024.7654  50356.155    31.4615      0.785    7.07879     6.0029     5.9648    24.7617   12.70393 3.8245e-02      0.793 0.0000e+00
        271  47.165584    0.01875     1.1250     67.500  1024.7603  50345.197    31.4578      0.838    7.07564     6.0186     5.9848    24.7564   12.69877 3.8138e-02      0.846 0.0000e+00
        272  47.165587    0.01882     1.1292     67.750  1024.7559  50335.299    31.4544      0.909    7.07276     6.0325     6.0030    24.7516   12.69406 3.8073e-02      0.918 0.0000e+00
        273  47.165590    0.01889     1.1333     68.000  1024.7553  50332.613    31.4556      1.004    7.07009     6.0461     6.0187    24.7507   12.68963 3.8034e-02      1.014 0.0000e+00
        274  47.165593    0.01896     1.1375     68.250  1024.7616  50342.225    31.4648      1.139    7.06734     6.0600     6.0326    24.7563   12.68498 3.8011e-02      1.150 0.0000e+00
        275  47.165596    0.01903     1.1417     68.500  1024.7709  50356.968    31.4776      1.323    7.06448     6.0730     6.0462    24.7647   12.68010 3.7997e-02      1.335 0.0000e+00
        276  47.165599    0.01910     1.1458     68.750  1024.7766  50364.811    31.4856      1.545    7.06180     6.0838     6.0601    24.7694   12.67557 3.7988e-02      1.559 0.0000e+00
        277  47.165602    0.01917     1.1500     69.000  1024.7780  50364.722    31.4879      1.783    7.05953     6.0920     6.0732    24.7697   12.67178 3.7983e-02      1.799 0.0000e+00
        278  47.165605    0.01924     1.1542     69.250  1024.7777  50361.700    31.4878      2.017    7.05774     6.0978     6.0840    24.7683   12.66883 3.7980e-02      2.036 0.0000e+00
        279  47.165608    0.01931     1.1583     69.500  1024.7770  50358.164    31.4868      2.240    7.05643     6.1019     6.0922    24.7665   12.66667 3.7979e-02      2.261 0.0000e+00
        280  47.165611    0.01938     1.1625     69.750  1024.7764  50355.047    31.4857      2.452    7.05551     6.1047     6.0981    24.7649   12.66517 3.7978e-02      2.475 0.0000e+00
        281  47.165613    0.01944     1.1667     70.000  1024.7761  50352.791    31.4848      2.657    7.05488     6.1067     6.1021    24.7637   12.66413 3.7977e-02      2.682 0.0000e+00
        282  47.165616    0.01951     1.1708     70.250  1024.7763  50351.412    31.4843      2.859    7.05443     6.1082     6.1049    24.7630   12.66340 3.7977e-02      2.886 0.0000e+00
        283  47.165619    0.01958     1.1750     70.500  1024.7768  50350.585    31.4840      3.061    7.05411     6.1093     6.1069    24.7625   12.66287 3.7976e-02      3.090 0.0000e+00
        284  47.165622    0.01965     1.1792     70.750  1024.7774  50349.918    31.4837      3.266    7.05388     6.1100     6.1084    24.7621   12.66249 3.7976e-02      3.297 0.0000e+00
        285  47.165625    0.01972     1.1833     71.000  1024.7780  50349.328    31.4835      3.475    7.05371     6.1104     6.1095    24.7618   12.66222 3.7976e-02      3.508 0.0000e+00
        286  47.165628    0.01979     1.1875     71.250  1024.7786  50348.688    31.4831      3.689    7.05361     6.1104     6.1103    24.7614   12.66205 3.7976e-02      3.724 0.0000e+00
        287  47.165631    0.01986     1.1917     71.500  1024.7791  50347.874    31.4825      3.909    7.05357     6.1101     6.1107    24.7609   12.66200 3.7976e-02      3.946 0.0000e+00
        288  47.165634    0.01993     1.1958     71.750  1024.7798  50347.307    31.4820      4.135    7.05359     6.1097     6.1107    24.7605   12.66204 3.7976e-02      4.174 0.0000e+00
        289  47.165637    0.02000     1.2000     72.000  1024.7808  50347.412    31.4819      4.367    7.05364     6.1093     6.1104    24.7605   12.66212 3.7976e-02      4.408 0.0000e+00
        290  47.165639    0.02007     1.2042     72.250  1024.7821  50348.007    31.4821      4.606    7.05370     6.1090     6.1100    24.7607   12.66221 3.7976e-02      4.650 0.0000e+00
        291  47.165642    0.02014     1.2083     72.500  1024.7836  50348.733    31.4824      4.855    7.05375     6.1089     6.1097    24.7610   12.66228 3.7976e-02      4.901 0.0000e+00
        292  47.165645    0.02021     1.2125     72.750  1024.7851  50349.457    31.4827      5.116    7.05377     6.1090     6.1094    24.7613   12.66232 3.7976e-02      5.164 0.0000e+00
        293  47.165648    0.02028     1.2167     73.000  1024.7867  50350.354    31.4832      5.388    7.05377     6.1094     6.1093    24.7616   12.66231 3.7976e-02      5.438 0.0000e+00
        294  47.165651    0.02035     1.2208     73.250  1024.7886  50351.488    31.4839      5.667    7.05371     6.1102     6.1094    24.7621   12.66221 3.7976e-02      5.721 0.0000e+00
        295  47.165654    0.02042     1.2250     73.500  1024.7905  50352.736    31.4847      5.952    7.05360     6.1114     6.1099    24.7627   12.66202 3.7976e-02      6.008 0.0000e+00
        296  47.165657    0.02049     1.2292     73.750  1024.7925  50354.083    31.4856      6.238    7.05342     6.1131     6.1107    24.7634   12.66170 3.7976e-02      6.297 0.0000e+00
        297  47.165660    0.02056     1.2333     74.000  1024.7944  50355.307    31.4865      6.525    7.05317     6.1150     6.1119    24.7640   12.66128 3.7976e-02      6.587 0.0000e+00
        298  47.165663    0.02063     1.2375     74.250  1024.7963  50356.292    31.4874      6.812    7.05286     6.1170     6.1136    24.7645   12.66075 3.7976e-02      6.876 0.0000e+00
        299  47.165666    0.02069     1.2417     74.500  1024.7977  50356.652    31.4879      7.095    7.05251     6.1188     6.1156    24.7646   12.66017 3.7976e-02      7.162 0.0000e+00
        300  47.165668    0.02076     1.2458     74.750  1024.7984  50355.615    31.4875      7.373    7.05219     6.1200     6.1176    24.7640   12.65964 3.7976e-02      7.442 0.0000e+00
        301  47.165671    0.02083     1.2500     75.000  1024.7986  50353.746    31.4864      7.644    7.05194     6.1207     6.1194    24.7630   12.65925 3.7976e-02      7.716 0.0000e+00
        302  47.165674    0.02090     1.2542     75.250  1024.7992  50352.572    31.4857      7.909    7.05178     6.1213     6.1206    24.7623   12.65899 3.7976e-02      7.984 0.0000e+00
        303  47.165677    0.02097     1.2583     75.500  1024.8002  50352.477    31.4857      8.167    7.05166     6.1218     6.1214    24.7621   12.65879 3.7976e-02      8.244 0.0000e+00
        304  47.165680    0.02104     1.2625     75.750  1024.8015  50352.770    31.4859      8.419    7.05155     6.1224     6.1219    24.7622   12.65862 3.7976e-02      8.498 0.0000e+00
        305  47.165683    0.02111     1.2667     76.000  1024.8028  50353.233    31.4862      8.664    7.05144     6.1233     6.1225    24.7624   12.65843 3.7976e-02      8.746 0.0000e+00
        306  47.165686    0.02118     1.2708     76.250  1024.8045  50354.283    31.4869      8.904    7.05130     6.1243     6.1231    24.7629   12.65819 3.7976e-02      8.988 0.0000e+00
        307  47.165689    0.02125     1.2750     76.500  1024.8061  50355.416    31.4877      9.139    7.05113     6.1253     6.1240    24.7635   12.65789 3.7976e-02      9.226 0.0000e+00
        308  47.165692    0.02132     1.2792     76.750  1024.8072  50355.524    31.4879      9.370    7.05094     6.1261     6.1250    24.7635   12.65758 3.7976e-02      9.458 0.0000e+00
        309  47.165694    0.02139     1.2833     77.000  1024.8078  50354.772    31.4875      9.596    7.05079     6.1265     6.1261    24.7630   12.65734 3.7976e-02      9.687 0.0000e+00
        310  47.165697    0.02146     1.2875     77.250  1024.8084  50354.022    31.4870      9.819    7.05069     6.1267     6.1268    24.7625   12.65717 3.7976e-02      9.912 0.0000e+00
        311  47.165700    0.02153     1.2917     77.500  1024.8091  50353.595    31.4866     10.041    7.05062     6.1268     6.1273    24.7622   12.65707 3.7976e-02     10.135 0.0000e+00
        312  47.165703    0.02160     1.2958     77.750  1024.8100  50353.433    31.4865     10.263    7.05059     6.1268     6.1276    24.7621   12.65702 3.7976e-02     10.360 0.0000e+00
        313  47.165706    0.02167     1.3000     78.000  1024.8110  50353.485    31.4864     10.491    7.05058     6.1268     6.1277    24.7620   12.65700 3.7976e-02     10.591 0.0000e+00
        314  47.165709    0.02174     1.3042     78.250  1024.8121  50353.769    31.4865     10.728    7.05057     6.1268     6.1277    24.7621   12.65699 3.7976e-02     10.830 0.0000e+00
        315  47.165712    0.02181     1.3083     78.500  1024.8134  50354.211    31.4867     10.977    7.05056     6.1268     6.1277    24.7622   12.65697 3.7976e-02     11.081 0.0000e+00
        316  47.165715    0.02187     1.3125     78.750  1024.8148  50354.672    31.4869     11.242    7.05055     6.1269     6.1277    24.7624   12.65695 3.7976e-02     11.348 0.0000e+00
        317  47.165718    0.02194     1.3167     79.000  1024.8163  50355.080    31.4870     11.524    7.05054     6.1270     6.1277    24.7625   12.65693 3.7976e-02     11.633 0.0000e+00
        318  47.165720    0.02201     1.3208     79.250  1024.8178  50355.463    31.4872     11.822    7.05052     6.1271     6.1278    24.7626   12.65689 3.7976e-02     11.934 0.0000e+00
        319  47.165723    0.02208     1.3250     79.500  1024.8194  50355.841    31.4873     12.134    7.05049     6.1273     6.1279    24.7627   12.65685 3.7976e-02     12.249 0.0000e+00
        320  47.165726    0.02215     1.3292     79.750  1024.8211  50356.433    31.4876     12.453    7.05045     6.1278     6.1281    24.7629   12.65677 3.7976e-02     12.571 0.0000e+00
        321  47.165729    0.02222     1.3333     80.000  1024.8233  50358.083    31.4887     12.771    7.05036     6.1291     6.1283    24.7637   12.65662 3.7976e-02     12.892 0.0000e+00
        322  47.165732    0.02229     1.3375     80.250  1024.8267  50361.783    31.4912     13.082    7.05016     6.1316     6.1288    24.7657   12.65625 3.7976e-02     13.206 0.0000e+00
        323  47.165735    0.02236     1.3417     80.500  1024.8314  50368.049    31.4956     13.380    7.04974     6.1355     6.1301    24.7690   12.65550 3.7976e-02     13.506 0.0000e+00
        324  47.165738    0.02243     1.3458     80.750  1024.8361  50374.275    31.5003     13.659    7.04909     6.1395     6.1327    24.7723   12.65437 3.7976e-02     13.788 0.0000e+00
        325  47.165741    0.02250     1.3500     81.000  1024.8381  50375.646    31.5019     13.917    7.04838     6.1425     6.1366    24.7731   12.65317 3.7976e-02     14.049 0.0000e+00
        326  47.165744    0.02257     1.3542     81.250  1024.8374  50372.340    31.5002     14.155    7.04779     6.1442     6.1406    24.7713   12.65222 3.7977e-02     14.289 0.0000e+00
        327  47.165747    0.02264     1.3583     81.500  1024.8362  50368.277    31.4979     14.376    7.04740     6.1450     6.1436    24.7691   12.65161 3.7977e-02     14.513 0.0000e+00
        328  47.165749    0.02271     1.3625     81.750  1024.8358  50365.676    31.4963     14.588    7.04719     6.1455     6.1454    24.7677   12.65128 3.7978e-02     14.726 0.0000e+00
        329  47.165752    0.02278     1.3667     82.000  1024.8365  50365.317    31.4961     14.794    7.04706     6.1462     6.1462    24.7674   12.65108 3.7979e-02     14.934 0.0000e+00
        330  47.165755    0.02285     1.3708     82.250  1024.8380  50366.551    31.4970     15.000    7.04694     6.1471     6.1467    24.7681   12.65086 3.7982e-02     15.142 0.0000e+00
        331  47.165758    0.02292     1.3750     82.500  1024.8397  50367.996    31.4980     15.212    7.04677     6.1483     6.1474    24.7688   12.65057 3.7985e-02     15.356 0.0000e+00
        332  47.165761    0.02299     1.3792     82.750  1024.8415  50369.493    31.4991     15.432    7.04656     6.1499     6.1484    24.7695   12.65021 3.7992e-02     15.579 0.0000e+00
        333  47.165764    0.02306     1.3833     83.000  1024.8436  50371.456    31.5006     15.664    7.04629     6.1519     6.1496    24.7706   12.64974 3.8002e-02     15.812 0.0000e+00
        334  47.165767    0.02313     1.3875     83.250  1024.8462  50374.152    31.5026     15.905    7.04594     6.1544     6.1511    24.7720   12.64912 3.8019e-02     16.056 0.0000e+00
        335  47.165770    0.02319     1.3917     83.500  1024.8489  50377.085    31.5049     16.157    7.04549     6.1571     6.1532    24.7736   12.64836 3.8048e-02     16.310 0.0000e+00
        336  47.165773    0.02326     1.3958     83.750  1024.8509  50378.449    31.5063     16.416    7.04501     6.1594     6.1558    24.7743   12.64754 3.8097e-02     16.572 0.0000e+00
        337  47.165775    0.02333     1.4000     84.000  1024.8515  50377.394    31.5059     16.683    7.04458     6.1610     6.1585    24.7737   12.64683 3.8177e-02     16.841 0.0000e+00
        338  47.165778    0.02340     1.4042     84.250  1024.8517  50375.509    31.5049     16.954    7.04424     6.1621     6.1608    24.7726   12.64630 3.8312e-02     17.115 0.0000e+00
        339  47.165781    0.02347     1.4083     84.500  1024.8525  50374.656    31.5045     17.227    7.04400     6.1630     6.1624    24.7721   12.64590 3.8535e-02     17.391 0.0000e+00
        340  47.165784    0.02354     1.4125     84.750  1024.8537  50374.763    31.5047     17.502    7.04380     6.1639     6.1635    24.7721   12.64557 3.8908e-02     17.668 0.0000e+00
