CTD-processing/allCTD/CNV--homogene/2016_08-31_t6_s16_cast101.cnv
* Sea-Bird SBE19plus Data File:
* FileName = C:\Users\Kim.Powell\Desktop\2016_08-31_T6_5028\2016_08-31_T6_5028_cast101.hex
* Software Version 1.59
* Temperature SN =  5028
* Conductivity SN =  5028
* System UpLoad Time = Aug 31 2016 22:03:56
** CookInlet LTM Transect 7
** 2016_08-30
** Station: 6-16
** Start Time: 12:58
** Depth (m): 153.9
** Comment:
** Comment:
# nquan = 17
# nvalues = 936                         
# units = specified
# name 0 = scan: Scan Count
# name 1 = timeJ: Julian Days
# name 2 = timeH: Time, Elapsed [hours]
# name 3 = timeM: Time, Elapsed [minutes]
# name 4 = timeS: Time, Elapsed [seconds]
# name 5 = density00: Density [density, kg/m^3]
# name 6 = specc: Specific Conductance [uS/cm]
# name 7 = sal00: Salinity, Practical [PSU]
# name 8 = depSM: Depth [salt water, m], lat = 59.00
# name 9 = oxsolML/L: Oxygen Saturation, Garcia & Gordon [ml/l]
# name 10 = potemp090C: Potential Temperature [ITS-90, deg C]
# name 11 = tv290C: Temperature [ITS-90, deg C]
# name 12 = sigma-é00: Density [sigma-theta, kg/m^3]
# name 13 = n2satML/L: Nitrogen Saturation [ml/l]
# name 14 = par: PAR/Irradiance, Biospherical/Licor
# name 15 = prdM: Pressure, Strain Gauge [db]
# name 16 = flag:  0.000e+00
# span 0 =          1,        936       
# span 1 = 244.540856, 244.543562       
# span 2 =    0.00000,    0.06493       
# span 3 =     0.0000,     3.8958       
# span 4 =      0.000,    233.750       
# span 5 =   999.1755,  1025.7056       
# span 6 =    159.987,  51083.136       
# span 7 =     0.0767,    32.2222       
# span 8 =     -0.062,    122.701       
# span 9 =    6.09363,    7.06845       
# span 10 =     7.6737,    14.9163      
# span 11 =     7.6854,    14.9163      
# span 12 =    -0.8242,    25.1391      
# span 13 =   11.09433,   13.09947      
# span 14 = 7.6005e-02, 1.1123e+03      
# span 15 =     -0.063,    123.896      
# span 16 = 0.0000e+00, 0.0000e+00      
# interval = seconds: 0.25
# start_time = Aug 31 2016 12:58:50 [Instrument's time stamp, header]
# bad_flag = -9.990e-29
*END*
[from data line 171]
        172 244.541351    0.01188     0.7125     42.750  1022.1741  46322.731    29.5833      0.943    6.11085    13.1776    13.1614    22.1698   11.12312 4.4188e+01      0.952 0.0000e+00
        173 244.541354    0.01194     0.7167     43.000  1022.1904  46353.652    29.6056      0.950    6.10937    13.1960    13.1664    22.1861   11.12041 4.4061e+01      0.959 0.0000e+00
        174 244.541357    0.01201     0.7208     43.250  1022.1960  46366.596    29.6157      0.936    6.10754    13.2182    13.1778    22.1917   11.11725 4.4266e+01      0.945 0.0000e+00
        175 244.541360    0.01208     0.7250     43.500  1022.1872  46355.166    29.6091      0.905    6.10546    13.2383    13.1962    22.1831   11.11386 4.5108e+01      0.913 0.0000e+00
        176 244.541363    0.01215     0.7292     43.750  1022.1672  46324.208    29.5890      0.862    6.10341    13.2515    13.2184    22.1633   11.11069 4.6357e+01      0.870 0.0000e+00
        177 244.541366    0.01222     0.7333     44.000  1022.1426  46284.352    29.5624      0.816    6.10188    13.2556    13.2385    22.1389   11.10845 4.7341e+01      0.824 0.0000e+00
        178 244.541369    0.01229     0.7375     44.250  1022.1211  46248.672    29.5382      0.774    6.10113    13.2510    13.2517    22.1177   11.10748 4.7777e+01      0.782 0.0000e+00
        179 244.541372    0.01236     0.7417     44.500  1022.1086  46227.058    29.5232      0.740    6.10119    13.2412    13.2557    22.1053   11.10775 4.8280e+01      0.747 0.0000e+00
        180 244.541374    0.01243     0.7458     44.750  1022.1070  46223.178    29.5201      0.712    6.10189    13.2303    13.2511    22.1038   11.10895 4.9358e+01      0.718 0.0000e+00
        181 244.541377    0.01250     0.7500     45.000  1022.1151  46235.886    29.5284      0.685    6.10282    13.2208    13.2413    22.1120   11.11040 5.0633e+01      0.691 0.0000e+00
        182 244.541380    0.01257     0.7542     45.250  1022.1272  46255.547    29.5414      0.657    6.10370    13.2138    13.2304    22.1242   11.11172 5.1466e+01      0.664 0.0000e+00
        183 244.541383    0.01264     0.7583     45.500  1022.1345  46266.918    29.5487      0.633    6.10462    13.2089    13.2209    22.1317   11.11317 5.1392e+01      0.639 0.0000e+00
        184 244.541386    0.01271     0.7625     45.750  1022.1318  46260.452    29.5436      0.617    6.10570    13.2048    13.2139    22.1291   11.11503 5.0288e+01      0.623 0.0000e+00
        185 244.541389    0.01278     0.7667     46.000  1022.1207  46238.938    29.5279      0.621    6.10692    13.2008    13.2090    22.1179   11.11723 4.7946e+01      0.627 0.0000e+00
        186 244.541392    0.01285     0.7708     46.250  1022.1086  46215.670    29.5111      0.653    6.10809    13.1974    13.2049    22.1057   11.11936 4.5461e+01      0.659 0.0000e+00
        187 244.541395    0.01292     0.7750     46.500  1022.1020  46202.116    29.5011      0.713    6.10897    13.1952    13.2009    22.0988   11.12094 4.5253e+01      0.719 0.0000e+00
        188 244.541398    0.01299     0.7792     46.750  1022.1016  46199.972    29.4993      0.786    6.10947    13.1943    13.1975    22.0980   11.12178 4.6653e+01      0.794 0.0000e+00
        189 244.541400    0.01306     0.7833     47.000  1022.1059  46206.718    29.5039      0.853    6.10957    13.1955    13.1953    22.1019   11.12191 4.7029e+01      0.861 0.0000e+00
        190 244.541403    0.01313     0.7875     47.250  1022.1126  46218.468    29.5121      0.900    6.10937    13.1996    13.1944    22.1085   11.12148 4.6175e+01      0.909 0.0000e+00
        191 244.541406    0.01319     0.7917     47.500  1022.1182  46228.785    29.5195      0.923    6.10894    13.2063    13.1956    22.1140   11.12068 4.5456e+01      0.931 0.0000e+00
        192 244.541409    0.01326     0.7958     47.750  1022.1199  46232.863    29.5227      0.920    6.10830    13.2135    13.1997    22.1157   11.11957 4.5304e+01      0.928 0.0000e+00
        193 244.541412    0.01333     0.8000     48.000  1022.1172  46229.745    29.5211      0.896    6.10752    13.2192    13.2064    22.1131   11.11829 4.5602e+01      0.904 0.0000e+00
        194 244.541415    0.01340     0.8042     48.250  1022.1112  46220.773    29.5153      0.861    6.10682    13.2218    13.2136    22.1073   11.11720 4.6828e+01      0.869 0.0000e+00
        195 244.541418    0.01347     0.8083     48.500  1022.1043  46209.773    29.5080      0.823    6.10638    13.2207    13.2193    22.1006   11.11656 4.8900e+01      0.831 0.0000e+00
        196 244.541421    0.01354     0.8125     48.750  1022.0996  46202.146    29.5029      0.790    6.10625    13.2166    13.2219    22.0961   11.11639 5.0962e+01      0.797 0.0000e+00
        197 244.541424    0.01361     0.8167     49.000  1022.0994  46201.616    29.5024      0.760    6.10640    13.2112    13.2208    22.0959   11.11664 5.2751e+01      0.767 0.0000e+00
        198 244.541427    0.01368     0.8208     49.250  1022.1039  46209.089    29.5074      0.731    6.10673    13.2063    13.2167    22.1005   11.11715 5.4318e+01      0.737 0.0000e+00
        199 244.541429    0.01375     0.8250     49.500  1022.1109  46220.855    29.5153      0.698    6.10712    13.2031    13.2113    22.1077   11.11770 5.5588e+01      0.705 0.0000e+00
        200 244.541432    0.01382     0.8292     49.750  1022.1154  46228.335    29.5202      0.663    6.10754    13.2018    13.2064    22.1124   11.11835 5.6121e+01      0.669 0.0000e+00
        201 244.541435    0.01389     0.8333     50.000  1022.1134  46224.072    29.5169      0.628    6.10807    13.2019    13.2032    22.1105   11.11926 5.5200e+01      0.634 0.0000e+00
        202 244.541438    0.01396     0.8375     50.250  1022.1051  46208.906    29.5061      0.605    6.10865    13.2034    13.2019    22.1024   11.12035 5.2381e+01      0.611 0.0000e+00
        203 244.541441    0.01403     0.8417     50.500  1022.0963  46192.842    29.4947      0.608    6.10908    13.2067    13.2020    22.0936   11.12119 4.8374e+01      0.613 0.0000e+00
        204 244.541444    0.01410     0.8458     50.750  1022.0913  46183.677    29.4883      0.640    6.10914    13.2115    13.2035    22.0884   11.12137 4.5832e+01      0.646 0.0000e+00
        205 244.541447    0.01417     0.8500     51.000  1022.0894  46180.609    29.4864      0.692    6.10879    13.2168    13.2068    22.0863   11.12082 4.5712e+01      0.699 0.0000e+00
        206 244.541450    0.01424     0.8542     51.250  1022.0894  46181.390    29.4873      0.750    6.10814    13.2218    13.2116    22.0861   11.11973 4.5846e+01      0.757 0.0000e+00
        207 244.541453    0.01431     0.8583     51.500  1022.0911  46185.311    29.4905      0.800    6.10735    13.2269    13.2169    22.0875   11.11838 4.5261e+01      0.807 0.0000e+00
        208 244.541455    0.01438     0.8625     51.750  1022.0933  46190.223    29.4944      0.835    6.10656    13.2324    13.2219    22.0895   11.11702 4.4772e+01      0.843 0.0000e+00
        209 244.541458    0.01444     0.8667     52.000  1022.0944  46193.316    29.4970      0.854    6.10582    13.2382    13.2270    22.0906   11.11575 4.4969e+01      0.862 0.0000e+00
        210 244.541461    0.01451     0.8708     52.250  1022.0939  46193.703    29.4977      0.857    6.10510    13.2439    13.2325    22.0901   11.11455 4.5946e+01      0.865 0.0000e+00
        211 244.541464    0.01458     0.8750     52.500  1022.0922  46192.120    29.4971      0.849    6.10438    13.2488    13.2383    22.0885   11.11336 4.6983e+01      0.857 0.0000e+00
        212 244.541467    0.01465     0.8792     52.750  1022.0902  46189.820    29.4959      0.833    6.10371    13.2525    13.2440    22.0865   11.11225 4.7710e+01      0.841 0.0000e+00
        213 244.541470    0.01472     0.8833     53.000  1022.0883  46187.758    29.4948      0.811    6.10313    13.2551    13.2489    22.0847   11.11131 4.8735e+01      0.819 0.0000e+00
        214 244.541473    0.01479     0.8875     53.250  1022.0865  46185.527    29.4935      0.784    6.10271    13.2569    13.2526    22.0830   11.11062 5.0158e+01      0.791 0.0000e+00
        215 244.541476    0.01486     0.8917     53.500  1022.0839  46181.581    29.4910      0.751    6.10248    13.2581    13.2552    22.0805   11.11026 5.2024e+01      0.758 0.0000e+00
        216 244.541479    0.01493     0.8958     53.750  1022.0794  46174.131    29.4859      0.715    6.10244    13.2587    13.2570    22.0762   11.11026 5.4033e+01      0.721 0.0000e+00
        217 244.541481    0.01500     0.9000     54.000  1022.0728  46162.650    29.4778      0.678    6.10260    13.2593    13.2582    22.0697   11.11062 5.3913e+01      0.684 0.0000e+00
        218 244.541484    0.01507     0.9042     54.250  1022.0655  46149.687    29.4687      0.649    6.10286    13.2603    13.2588    22.0626   11.11116 5.0061e+01      0.655 0.0000e+00
        219 244.541487    0.01514     0.9083     54.500  1022.0597  46139.182    29.4613      0.642    6.10307    13.2620    13.2594    22.0568   11.11158 4.4993e+01      0.648 0.0000e+00
        220 244.541490    0.01521     0.9125     54.750  1022.0564  46133.284    29.4572      0.660    6.10310    13.2645    13.2604    22.0534   11.11169 4.2285e+01      0.666 0.0000e+00
        221 244.541493    0.01528     0.9167     55.000  1022.0556  46131.964    29.4564      0.697    6.10292    13.2676    13.2621    22.0524   11.11139 4.2112e+01      0.704 0.0000e+00
        222 244.541496    0.01535     0.9208     55.250  1022.0569  46134.520    29.4584      0.741    6.10252    13.2706    13.2646    22.0535   11.11071 4.2397e+01      0.748 0.0000e+00
        223 244.541499    0.01542     0.9250     55.500  1022.0595  46139.777    29.4623      0.783    6.10198    13.2734    13.2677    22.0560   11.10977 4.2107e+01      0.790 0.0000e+00
        224 244.541502    0.01549     0.9292     55.750  1022.0625  46145.607    29.4667      0.819    6.10143    13.2759    13.2707    22.0587   11.10880 4.2008e+01      0.827 0.0000e+00
        225 244.541505    0.01556     0.9333     56.000  1022.0648  46150.298    29.4702      0.850    6.10095    13.2783    13.2735    22.0609   11.10796 4.2821e+01      0.858 0.0000e+00
        226 244.541508    0.01563     0.9375     56.250  1022.0665  46153.760    29.4729      0.873    6.10053    13.2805    13.2760    22.0625   11.10723 4.4059e+01      0.881 0.0000e+00
        227 244.541510    0.01569     0.9417     56.500  1022.0677  46156.444    29.4750      0.886    6.10015    13.2829    13.2784    22.0636   11.10657 4.4867e+01      0.894 0.0000e+00
        228 244.541513    0.01576     0.9458     56.750  1022.0682  46157.999    29.4763      0.885    6.09981    13.2854    13.2807    22.0642   11.10600 4.5372e+01      0.893 0.0000e+00
        229 244.541516    0.01583     0.9500     57.000  1022.0677  46157.816    29.4764      0.872    6.09951    13.2877    13.2830    22.0638   11.10550 4.6086e+01      0.880 0.0000e+00
        230 244.541519    0.01590     0.9542     57.250  1022.0663  46155.865    29.4752      0.851    6.09924    13.2897    13.2855    22.0624   11.10506 4.7338e+01      0.860 0.0000e+00
        231 244.541522    0.01597     0.9583     57.500  1022.0643  46152.933    29.4733      0.826    6.09902    13.2912    13.2878    22.0605   11.10471 4.9331e+01      0.834 0.0000e+00
        232 244.541525    0.01604     0.9625     57.750  1022.0625  46150.375    29.4717      0.796    6.09883    13.2923    13.2898    22.0589   11.10443 5.1260e+01      0.804 0.0000e+00
        233 244.541528    0.01611     0.9667     58.000  1022.0610  46148.315    29.4704      0.759    6.09869    13.2930    13.2913    22.0576   11.10422 5.2757e+01      0.767 0.0000e+00
        234 244.541531    0.01618     0.9708     58.250  1022.0587  46144.611    29.4678      0.717    6.09865    13.2931    13.2924    22.0554   11.10417 5.4118e+01      0.724 0.0000e+00
        235 244.541534    0.01625     0.9750     58.500  1022.0542  46136.881    29.4624      0.673    6.09877    13.2921    13.2931    22.0511   11.10442 5.4675e+01      0.680 0.0000e+00
        236 244.541536    0.01632     0.9792     58.750  1022.0479  46125.772    29.4546      0.637    6.09905    13.2900    13.2932    22.0450   11.10499 5.3834e+01      0.644 0.0000e+00
        237 244.541539    0.01639     0.9833     59.000  1022.0425  46115.710    29.4474      0.621    6.09945    13.2874    13.2922    22.0396   11.10573 5.1403e+01      0.627 0.0000e+00
        238 244.541542    0.01646     0.9875     59.250  1022.0402  46110.958    29.4438      0.629    6.09986    13.2852    13.2901    22.0373   11.10645 4.8279e+01      0.635 0.0000e+00
        239 244.541545    0.01653     0.9917     59.500  1022.0414  46112.396    29.4446      0.659    6.10015    13.2838    13.2875    22.0384   11.10692 4.6374e+01      0.665 0.0000e+00
        240 244.541548    0.01660     0.9958     59.750  1022.0455  46119.034    29.4491      0.700    6.10025    13.2831    13.2853    22.0423   11.10704 4.5457e+01      0.706 0.0000e+00
        241 244.541551    0.01667     1.0000     60.000  1022.0511  46128.691    29.4558      0.742    6.10018    13.2833    13.2839    22.0478   11.10685 4.4390e+01      0.749 0.0000e+00
        242 244.541554    0.01674     1.0042     60.250  1022.0562  46137.423    29.4620      0.782    6.10003    13.2840    13.2832    22.0527   11.10653 4.3120e+01      0.789 0.0000e+00
        243 244.541557    0.01681     1.0083     60.500  1022.0588  46141.973    29.4652      0.819    6.09989    13.2851    13.2834    22.0551   11.10626 4.2078e+01      0.826 0.0000e+00
        244 244.541560    0.01688     1.0125     60.750  1022.0589  46142.087    29.4653      0.854    6.09979    13.2863    13.2841    22.0551   11.10609 4.1893e+01      0.862 0.0000e+00
        245 244.541563    0.01694     1.0167     61.000  1022.0579  46140.315    29.4641      0.886    6.09969    13.2875    13.2852    22.0539   11.10594 4.2421e+01      0.895 0.0000e+00
        246 244.541565    0.01701     1.0208     61.250  1022.0578  46140.219    29.4642      0.910    6.09954    13.2891    13.2864    22.0537   11.10570 4.2871e+01      0.920 0.0000e+00
        247 244.541568    0.01708     1.0250     61.500  1022.0592  46142.826    29.4661      0.922    6.09931    13.2913    13.2876    22.0550   11.10529 4.2731e+01      0.932 0.0000e+00
        248 244.541571    0.01715     1.0292     61.750  1022.0603  46145.391    29.4681      0.918    6.09904    13.2942    13.2892    22.0562   11.10482 4.2174e+01      0.927 0.0000e+00
        249 244.541574    0.01722     1.0333     62.000  1022.0597  46144.896    29.4679      0.899    6.09877    13.2973    13.2914    22.0556   11.10437 4.1949e+01      0.907 0.0000e+00
        250 244.541577    0.01729     1.0375     62.250  1022.0567  46140.365    29.4649      0.867    6.09852    13.2995    13.2943    22.0528   11.10398 4.2332e+01      0.875 0.0000e+00
        251 244.541580    0.01736     1.0417     62.500  1022.0518  46132.483    29.4596      0.828    6.09833    13.3001    13.2974    22.0481   11.10373 4.2777e+01      0.835 0.0000e+00
        252 244.541583    0.01743     1.0458     62.750  1022.0462  46123.123    29.4532      0.788    6.09829    13.2987    13.2996    22.0427   11.10374 4.3063e+01      0.795 0.0000e+00
        253 244.541586    0.01750     1.0500     63.000  1022.0413  46114.488    29.4471      0.755    6.09845    13.2957    13.3002    22.0379   11.10407 4.3556e+01      0.762 0.0000e+00
        254 244.541589    0.01757     1.0542     63.250  1022.0381  46108.449    29.4427      0.732    6.09879    13.2919    13.2988    22.0348   11.10470 4.4191e+01      0.739 0.0000e+00
        255 244.541591    0.01764     1.0583     63.500  1022.0372  46106.164    29.4409      0.718    6.09925    13.2883    13.2958    22.0339   11.10547 4.4713e+01      0.725 0.0000e+00
