CTD-processing/allCTD/CNV--homogene/2016_07-27_t4_s03_cast018.cnv
* Sea-Bird SBE19plus Data File:
* FileName = C:\Users\Kris.Holderied\Documents\kasitsna\Research-KBL\Oceanography-AK\CTD-Data-ALL-to-2016-05\2016-CTD-KachemakBay-CookInlet\2016-07-27-CookInlet-Tran4-Barabara-special\2016-07-27-CookInlet-Tran4-cast018.hex
* Software Version 1.59
* Temperature SN =  5028
* Conductivity SN =  5028
* System UpLoad Time = Jul 27 2016 20:21:41
** Cook Inlet LTM Tran4 Barabara north to south
** Date (YYYY-MM-DD): 2016-07-27
** Station (eg. 9-01):  4-03
** Start time (AKDT): 14:03
** Depth (m): 105.8
** Comment:  R/V Edgecumbe.  Part of all-bay survey with T9 and along-bay stations (1-9).
** Comment:
# nquan = 17
# nvalues = 620                         
# units = specified
# name 0 = scan: Scan Count
# name 1 = timeJ: Julian Days
# name 2 = timeH: Time, Elapsed [hours]
# name 3 = timeM: Time, Elapsed [minutes]
# name 4 = timeS: Time, Elapsed [seconds]
# name 5 = density00: Density [density, kg/m^3]
# name 6 = specc: Specific Conductance [uS/cm]
# name 7 = sal00: Salinity, Practical [PSU]
# name 8 = depSM: Depth [salt water, m], lat = 59.00
# name 9 = oxsolML/L: Oxygen Saturation, Garcia & Gordon [ml/l]
# name 10 = potemp090C: Potential Temperature [ITS-90, deg C]
# name 11 = tv290C: Temperature [ITS-90, deg C]
# name 12 = sigma-é00: Density [sigma-theta, kg/m^3]
# name 13 = n2satML/L: Nitrogen Saturation [ml/l]
# name 14 = par: PAR/Irradiance, Biospherical/Licor
# name 15 = prdM: Pressure, Strain Gauge [db]
# name 16 = flag:  0.000e+00
# span 0 =          1,        620       
# span 1 = 209.585810, 209.587601       
# span 2 =    0.00000,    0.04299       
# span 3 =     0.0000,     2.5792       
# span 4 =      0.000,    154.750       
# span 5 =  1001.9298,  1024.9048       
# span 6 =   5381.894,  49919.733       
# span 7 =     3.1995,    31.6837       
# span 8 =     -0.060,     97.853       
# span 9 =    6.31848,    7.33405       
# span 10 =     9.4229,    12.4675      
# span 11 =     9.4334,    12.4676      
# span 12 =     1.9301,    24.4565      
# span 13 =   11.48006,   13.51051      
# span 14 = 6.0686e-02, 1.9934e+02      
# span 15 =     -0.061,     98.801      
# span 16 = 0.0000e+00, 0.0000e+00      
# interval = seconds: 0.25
# start_time = Jul 27 2016 14:03:34 [Instrument's time stamp, header]
# bad_flag = -9.990e-29
*END*
[from data line 256]
        257 209.586551    0.01778     1.0667     64.000  1021.5746  44930.126    28.4808      0.899    6.33479    11.7712    11.7808    21.5705   11.50805 9.4854e+01      0.908 0.0000e+00
        258 209.586554    0.01785     1.0708     64.250  1021.5871  44952.172    28.4958      0.901    6.33487    11.7682    11.7758    21.5830   11.50801 9.5485e+01      0.910 0.0000e+00
        259 209.586557    0.01792     1.0750     64.500  1021.5937  44963.439    28.5033      0.897    6.33518    11.7668    11.7713    21.5896   11.50843 9.6177e+01      0.906 0.0000e+00
        260 209.586560    0.01799     1.0792     64.750  1021.5957  44966.460    28.5051      0.890    6.33552    11.7665    11.7683    21.5916   11.50897 9.6705e+01      0.898 0.0000e+00
        261 209.586563    0.01806     1.0833     65.000  1021.5963  44967.363    28.5056      0.882    6.33568    11.7661    11.7669    21.5922   11.50924 9.6942e+01      0.890 0.0000e+00
        262 209.586565    0.01812     1.0875     65.250  1021.5987  44971.757    28.5087      0.877    6.33560    11.7646    11.7666    21.5947   11.50907 9.6957e+01      0.885 0.0000e+00
        263 209.586568    0.01819     1.0917     65.500  1021.6050  44983.333    28.5168      0.876    6.33533    11.7617    11.7662    21.6010   11.50852 9.6874e+01      0.884 0.0000e+00
        264 209.586571    0.01826     1.0958     65.750  1021.6148  45001.030    28.5291      0.878    6.33504    11.7580    11.7647    21.6108   11.50789 9.6826e+01      0.887 0.0000e+00
        265 209.586574    0.01833     1.1000     66.000  1021.6250  45019.180    28.5415      0.881    6.33493    11.7546    11.7618    21.6210   11.50757 9.6995e+01      0.889 0.0000e+00
        266 209.586577    0.01840     1.1042     66.250  1021.6330  45033.223    28.5510      0.881    6.33505    11.7522    11.7581    21.6290   11.50765 9.7358e+01      0.889 0.0000e+00
        267 209.586580    0.01847     1.1083     66.500  1021.6380  45041.737    28.5567      0.878    6.33528    11.7509    11.7547    21.6340   11.50798 9.7691e+01      0.886 0.0000e+00
        268 209.586583    0.01854     1.1125     66.750  1021.6400  45045.003    28.5588      0.874    6.33553    11.7505    11.7523    21.6360   11.50836 9.7842e+01      0.882 0.0000e+00
        269 209.586586    0.01861     1.1167     67.000  1021.6403  45045.336    28.5589      0.871    6.33570    11.7501    11.7510    21.6363   11.50865 9.7855e+01      0.879 0.0000e+00
        270 209.586589    0.01868     1.1208     67.250  1021.6414  45047.367    28.5603      0.872    6.33571    11.7492    11.7506    21.6374   11.50864 9.7882e+01      0.880 0.0000e+00
        271 209.586591    0.01875     1.1250     67.500  1021.6448  45053.531    28.5646      0.876    6.33558    11.7476    11.7502    21.6408   11.50838 9.7984e+01      0.884 0.0000e+00
        272 209.586594    0.01882     1.1292     67.750  1021.6494  45061.752    28.5703      0.882    6.33547    11.7458    11.7493    21.6454   11.50814 9.8143e+01      0.891 0.0000e+00
        273 209.586597    0.01889     1.1333     68.000  1021.6538  45069.487    28.5756      0.889    6.33548    11.7441    11.7477    21.6498   11.50808 9.8375e+01      0.898 0.0000e+00
        274 209.586600    0.01896     1.1375     68.250  1021.6574  45075.735    28.5798      0.895    6.33556    11.7429    11.7459    21.6534   11.50817 9.8657e+01      0.903 0.0000e+00
        275 209.586603    0.01903     1.1417     68.500  1021.6600  45080.064    28.5826      0.897    6.33567    11.7422    11.7442    21.6559   11.50831 9.8982e+01      0.906 0.0000e+00
        276 209.586606    0.01910     1.1458     68.750  1021.6612  45082.190    28.5840      0.895    6.33578    11.7421    11.7430    21.6572   11.50847 9.9346e+01      0.904 0.0000e+00
        277 209.586609    0.01917     1.1500     69.000  1021.6613  45082.202    28.5840      0.891    6.33587    11.7424    11.7423    21.6573   11.50863 9.9635e+01      0.899 0.0000e+00
        278 209.586612    0.01924     1.1542     69.250  1021.6604  45080.628    28.5828      0.884    6.33594    11.7429    11.7422    21.6564   11.50875 9.9777e+01      0.892 0.0000e+00
        279 209.586615    0.01931     1.1583     69.500  1021.6593  45078.667    28.5815      0.876    6.33595    11.7433    11.7425    21.6553   11.50879 9.9834e+01      0.884 0.0000e+00
        280 209.586617    0.01938     1.1625     69.750  1021.6589  45078.046    28.5811      0.870    6.33589    11.7432    11.7430    21.6550   11.50870 9.9877e+01      0.878 0.0000e+00
        281 209.586620    0.01944     1.1667     70.000  1021.6604  45080.804    28.5831      0.866    6.33576    11.7421    11.7434    21.6564   11.50845 9.9905e+01      0.874 0.0000e+00
        282 209.586623    0.01951     1.1708     70.250  1021.6647  45088.666    28.5886      0.866    6.33556    11.7399    11.7433    21.6607   11.50805 9.9874e+01      0.874 0.0000e+00
        283 209.586626    0.01958     1.1750     70.500  1021.6717  45101.341    28.5974      0.871    6.33536    11.7370    11.7422    21.6677   11.50762 9.9757e+01      0.879 0.0000e+00
        284 209.586629    0.01965     1.1792     70.750  1021.6808  45117.632    28.6087      0.880    6.33521    11.7340    11.7400    21.6768   11.50723 9.9594e+01      0.888 0.0000e+00
        285 209.586632    0.01972     1.1833     71.000  1021.6914  45136.500    28.6216      0.892    6.33507    11.7310    11.7371    21.6873   11.50685 9.9471e+01      0.901 0.0000e+00
        286 209.586635    0.01979     1.1875     71.250  1021.7018  45154.834    28.6342      0.904    6.33498    11.7286    11.7341    21.6976   11.50656 9.9464e+01      0.913 0.0000e+00
        287 209.586638    0.01986     1.1917     71.500  1021.7091  45167.710    28.6430      0.911    6.33503    11.7272    11.7311    21.7050   11.50653 9.9651e+01      0.920 0.0000e+00
        288 209.586641    0.01993     1.1958     71.750  1021.7113  45171.270    28.6452      0.910    6.33526    11.7273    11.7287    21.7072   11.50690 1.0011e+02      0.919 0.0000e+00
        289 209.586644    0.02000     1.2000     72.000  1021.7072  45163.509    28.6397      0.902    6.33567    11.7291    11.7273    21.7031   11.50765 1.0080e+02      0.911 0.0000e+00
        290 209.586646    0.02007     1.2042     72.250  1021.6965  45143.895    28.6259      0.889    6.33621    11.7325    11.7274    21.6924   11.50870 1.0146e+02      0.897 0.0000e+00
        291 209.586649    0.02014     1.2083     72.500  1021.6801  45114.325    28.6053      0.877    6.33679    11.7373    11.7292    21.6761   11.50991 1.0184e+02      0.885 0.0000e+00
        292 209.586652    0.02021     1.2125     72.750  1021.6592  45076.465    28.5790      0.870    6.33738    11.7434    11.7326    21.6551   11.51119 1.0177e+02      0.878 0.0000e+00
        293 209.586655    0.02028     1.2167     73.000  1021.6323  45028.039    28.5455      0.873    6.33808    11.7507    11.7374    21.6283   11.51275 1.0138e+02      0.881 0.0000e+00
        294 209.586658    0.02035     1.2208     73.250  1021.6017  44972.839    28.5074      0.885    6.33878    11.7578    11.7435    21.5977   11.51437 1.0090e+02      0.893 0.0000e+00
        295 209.586661    0.02042     1.2250     73.500  1021.5755  44925.897    28.4751      0.902    6.33909    11.7631    11.7508    21.5714   11.51527 1.0040e+02      0.911 0.0000e+00
        296 209.586664    0.02049     1.2292     73.750  1021.5592  44897.317    28.4557      0.920    6.33890    11.7660    11.7579    21.5551   11.51518 9.9892e+01      0.929 0.0000e+00
        297 209.586667    0.02056     1.2333     74.000  1021.5518  44884.491    28.4472      0.933    6.33852    11.7671    11.7632    21.5475   11.51465 9.9450e+01      0.942 0.0000e+00
        298 209.586670    0.02063     1.2375     74.250  1021.5489  44879.675    28.4440      0.939    6.33826    11.7676    11.7661    21.5446   11.51425 9.9169e+01      0.948 0.0000e+00
        299 209.586672    0.02069     1.2417     74.500  1021.5466  44875.659    28.4413      0.939    6.33822    11.7688    11.7672    21.5423   11.51422 9.9141e+01      0.948 0.0000e+00
        300 209.586675    0.02076     1.2458     74.750  1021.5422  44867.834    28.4358      0.933    6.33836    11.7711    11.7677    21.5380   11.51451 9.9242e+01      0.942 0.0000e+00
        301 209.586678    0.02083     1.2500     75.000  1021.5353  44855.381    28.4272      0.925    6.33854    11.7740    11.7689    21.5311   11.51492 9.9212e+01      0.934 0.0000e+00
        302 209.586681    0.02090     1.2542     75.250  1021.5269  44840.400    28.4169      0.921    6.33865    11.7769    11.7712    21.5227   11.51523 9.8966e+01      0.930 0.0000e+00
        303 209.586684    0.02097     1.2583     75.500  1021.5183  44825.139    28.4065      0.923    6.33868    11.7791    11.7741    21.5141   11.51539 9.8504e+01      0.932 0.0000e+00
        304 209.586687    0.02104     1.2625     75.750  1021.5116  44813.272    28.3984      0.936    6.33860    11.7796    11.7770    21.5074   11.51536 9.7836e+01      0.945 0.0000e+00
        305 209.586690    0.02111     1.2667     76.000  1021.5109  44812.193    28.3979      0.959    6.33832    11.7770    11.7792    21.5066   11.51491 9.6980e+01      0.968 0.0000e+00
        306 209.586693    0.02118     1.2708     76.250  1021.5205  44829.511    28.4101      0.990    6.33777    11.7700    11.7797    21.5159   11.51384 9.5866e+01      1.000 0.0000e+00
        307 209.586696    0.02125     1.2750     76.500  1021.5431  44870.254    28.4384      1.030    6.33699    11.7572    11.7771    21.5384   11.51220 9.4314e+01      1.040 0.0000e+00
        308 209.586698    0.02132     1.2792     76.750  1021.5811  44938.365    28.4856      1.082    6.33605    11.7373    11.7701    21.5762   11.51009 9.2118e+01      1.092 0.0000e+00
        309 209.586701    0.02139     1.2833     77.000  1021.6368  45037.826    28.5542      1.152    6.33503    11.7083    11.7574    21.6316   11.50758 8.9050e+01      1.163 0.0000e+00
        310 209.586704    0.02146     1.2875     77.250  1021.7133  45173.752    28.6478      1.249    6.33399    11.6678    11.7374    21.7076   11.50475 8.4908e+01      1.261 0.0000e+00
        311 209.586707    0.02153     1.2917     77.500  1021.8141  45352.207    28.7704      1.380    6.33300    11.6147    11.7084    21.8078   11.50166 7.9753e+01      1.393 0.0000e+00
        312 209.586710    0.02160     1.2958     77.750  1021.9388  45572.204    28.9211      1.548    6.33245    11.5541    11.6679    21.9318   11.49897 7.4037e+01      1.563 0.0000e+00
        313 209.586713    0.02167     1.3000     78.000  1022.0845  45827.910    29.0958      1.746    6.33264    11.4949    11.6149    22.0766   11.49721 6.8375e+01      1.762 0.0000e+00
        314 209.586716    0.02174     1.3042     78.250  1022.2521  46122.008    29.2968      1.963    6.33280    11.4421    11.5543    22.2432   11.49511 6.3176e+01      1.981 0.0000e+00
        315 209.586719    0.02181     1.3083     78.500  1022.4378  46449.534    29.5215      2.191    6.33181    11.3935    11.4952    22.4279   11.49082 5.8520e+01      2.211 0.0000e+00
        316 209.586722    0.02187     1.3125     78.750  1022.6228  46776.522    29.7465      2.427    6.32996    11.3436    11.4424    22.6118   11.48508 5.4354e+01      2.450 0.0000e+00
        317 209.586725    0.02194     1.3167     79.000  1022.7838  47060.302    29.9415      2.669    6.32873    11.2879    11.3938    22.7716   11.48074 5.0654e+01      2.694 0.0000e+00
        318 209.586727    0.02201     1.3208     79.250  1022.9116  47283.304    30.0935      2.913    6.32940    11.2250    11.3439    22.8983   11.48006 4.7378e+01      2.941 0.0000e+00
        319 209.586730    0.02208     1.3250     79.500  1023.0144  47459.699    30.2120      3.157    6.33220    11.1568    11.2883    23.0001   11.48332 4.4405e+01      3.187 0.0000e+00
        320 209.586733    0.02215     1.3292     79.750  1023.1045  47611.690    30.3125      3.402    6.33671    11.0871    11.2254    23.0891   11.48962 4.1605e+01      3.434 0.0000e+00
        321 209.586736    0.02222     1.3333     80.000  1023.1872  47749.200    30.4022      3.647    6.34239    11.0202    11.1572    23.1706   11.49798 3.8939e+01      3.681 0.0000e+00
        322 209.586739    0.02229     1.3375     80.250  1023.2627  47873.664    30.4824      3.890    6.34866    10.9593    11.0876    23.2450   11.50742 3.6452e+01      3.927 0.0000e+00
        323 209.586742    0.02236     1.3417     80.500  1023.3305  47984.606    30.5534      4.128    6.35494    10.9060    11.0207    23.3117   11.51699 3.4155e+01      4.167 0.0000e+00
        324 209.586745    0.02243     1.3458     80.750  1023.3899  48081.254    30.6149      4.361    6.36079    10.8597    10.9598    23.3700   11.52596 3.1988e+01      4.402 0.0000e+00
        325 209.586748    0.02250     1.3500     81.000  1023.4413  48164.819    30.6680      4.593    6.36594    10.8185    10.9065    23.4204   11.53388 2.9884e+01      4.637 0.0000e+00
        326 209.586751    0.02257     1.3542     81.250  1023.4871  48239.177    30.7152      4.832    6.37037    10.7795    10.8603    23.4651   11.54067 2.7826e+01      4.877 0.0000e+00
        327 209.586753    0.02264     1.3583     81.500  1023.5308  48310.499    30.7609      5.076    6.37418    10.7395    10.8191    23.5077   11.54644 2.5849e+01      5.124 0.0000e+00
        328 209.586756    0.02271     1.3625     81.750  1023.5770  48386.861    30.8103      5.322    6.37754    10.6966    10.7801    23.5528   11.55143 2.3986e+01      5.372 0.0000e+00
        329 209.586759    0.02278     1.3667     82.000  1023.6271  48470.036    30.8644      5.567    6.38085    10.6508    10.7402    23.6017   11.55627 2.2232e+01      5.620 0.0000e+00
        330 209.586762    0.02285     1.3708     82.250  1023.6763  48551.436    30.9168      5.813    6.38464    10.6047    10.6972    23.6498   11.56193 2.0576e+01      5.868 0.0000e+00
        331 209.586765    0.02292     1.3750     82.500  1023.7217  48625.515    30.9638      6.060    6.38905    10.5625    10.6515    23.6941   11.56869 1.9033e+01      6.118 0.0000e+00
        332 209.586768    0.02299     1.3792     82.750  1023.7632  48692.476    31.0056      6.309    6.39371    10.5271    10.6055    23.7344   11.57592 1.7625e+01      6.369 0.0000e+00
        333 209.586771    0.02306     1.3833     83.000  1023.7995  48750.520    31.0416      6.557    6.39809    10.4993    10.5633    23.7696   11.58275 1.6352e+01      6.619 0.0000e+00
        334 209.586774    0.02313     1.3875     83.250  1023.8291  48797.457    31.0705      6.804    6.40181    10.4787    10.5279    23.7981   11.58858 1.5189e+01      6.868 0.0000e+00
        335 209.586777    0.02319     1.3917     83.500  1023.8520  48833.299    31.0925      7.052    6.40476    10.4638    10.5001    23.8198   11.59321 1.4112e+01      7.119 0.0000e+00
        336 209.586780    0.02326     1.3958     83.750  1023.8691  48859.522    31.1085      7.305    6.40698    10.4535    10.4795    23.8358   11.59669 1.3116e+01      7.374 0.0000e+00
        337 209.586782    0.02333     1.4000     84.000  1023.8815  48878.051    31.1197      7.560    6.40857    10.4464    10.4647    23.8470   11.59920 1.2206e+01      7.631 0.0000e+00
        338 209.586785    0.02340     1.4042     84.250  1023.8904  48890.775    31.1274      7.815    6.40969    10.4414    10.4544    23.8547   11.60096 1.1376e+01      7.889 0.0000e+00
        339 209.586788    0.02347     1.4083     84.500  1023.8968  48899.444    31.1325      8.069    6.41047    10.4380    10.4473    23.8600   11.60219 1.0618e+01      8.145 0.0000e+00
        340 209.586791    0.02354     1.4125     84.750  1023.9015  48905.379    31.1360      8.322    6.41101    10.4355    10.4423    23.8635   11.60304 9.9195e+00      8.400 0.0000e+00
