CTD-processing/allCTD/CNV--homogene/2016_04-11_t4_s09_cast219.cnv
* Sea-Bird SBE19plus Data File:
* FileName = C:\Users\Kris.Holderied\Documents\kasitsna\Research-KBL\Oceanography-AK\CTD-Data-ALL-to-2016-02\2016-CTD-KachemakBay-CookInlet\2016-04-CookInlet-quarterly\2016-04-11-CookInlet-Tran4-Barabara\2016-04-11-CookInlet-Tran4-cast219.hex
* Software Version 1.59
* Temperature SN =  5028
* Conductivity SN =  5028
* System UpLoad Time = May 12 2016 11:41:06
** Cook Inlet LTM Tran4 Barabara south to north
** Date (YYYY-MM-DD): 2016-04-11
** Station (ie. 9-01): 4-09
** Start time (AKST): 15:07
** Depth (m): 24
** Comment:  R/V Pandalus.
** Comment:
# nquan = 17
# nvalues = 353                         
# units = specified
# name 0 = scan: Scan Count
# name 1 = timeJ: Julian Days
# name 2 = timeH: Time, Elapsed [hours]
# name 3 = timeM: Time, Elapsed [minutes]
# name 4 = timeS: Time, Elapsed [seconds]
# name 5 = density00: Density [density, kg/m^3]
# name 6 = specc: Specific Conductance [uS/cm]
# name 7 = sal00: Salinity, Practical [PSU]
# name 8 = depSM: Depth [salt water, m], lat = 59.00
# name 9 = oxsolML/L: Oxygen Saturation, Garcia & Gordon [ml/l]
# name 10 = potemp090C: Potential Temperature [ITS-90, deg C]
# name 11 = tv290C: Temperature [ITS-90, deg C]
# name 12 = sigma-é00: Density [sigma-theta, kg/m^3]
# name 13 = n2satML/L: Nitrogen Saturation [ml/l]
# name 14 = par: PAR/Irradiance, Biospherical/Licor
# name 15 = prdM: Pressure, Strain Gauge [db]
# name 16 = flag:  0.000e+00
# span 0 =          1,        353       
# span 1 = 102.629977, 102.630995       
# span 2 =    0.00000,    0.02444       
# span 3 =     0.0000,     1.4667       
# span 4 =      0.000,     88.000       
# span 5 =  1000.5835,  1024.5419       
# span 6 =   1642.822,  49749.652       
# span 7 =     0.8078,    31.0604       
# span 8 =     -0.173,     24.568       
# span 9 =    7.06879,    8.64191       
# span 10 =     6.1013,     6.1969      
# span 11 =     6.1007,     6.1969      
# span 12 =     0.5843,    24.4273      
# span 13 =   12.69506,   15.74782      
# span 14 = 4.1521e-01, 3.7675e+02      
# span 15 =     -0.174,     24.801      
# span 16 = 0.0000e+00, 0.0000e+00      
# interval = seconds: 0.25
# start_time = Apr 11 2016 15:07:10 [Instrument's time stamp, header]
# bad_flag = -9.990e-29
*END*
[from data line 86]
         87 102.630226    0.00597     0.3583     21.500  1024.2509  49401.552    30.8455      0.532    7.06985     6.1911     6.1923    24.2484   12.69699 2.0869e+02      0.537 0.0000e+00
         88 102.630229    0.00604     0.3625     21.750  1024.2511  49401.955    30.8456      0.518    7.06995     6.1907     6.1916    24.2486   12.69716 2.1138e+02      0.523 0.0000e+00
         89 102.630231    0.00611     0.3667     22.000  1024.2513  49402.507    30.8459      0.503    7.07003     6.1904     6.1911    24.2489   12.69729 2.1469e+02      0.508 0.0000e+00
         90 102.630234    0.00618     0.3708     22.250  1024.2516  49403.278    30.8464      0.488    7.07008     6.1904     6.1907    24.2493   12.69736 2.1783e+02      0.493 0.0000e+00
         91 102.630237    0.00625     0.3750     22.500  1024.2522  49404.418    30.8471      0.479    7.07008     6.1906     6.1905    24.2500   12.69736 2.1843e+02      0.484 0.0000e+00
         92 102.630240    0.00632     0.3792     22.750  1024.2529  49405.653    30.8480      0.480    7.07004     6.1909     6.1905    24.2506   12.69728 2.1541e+02      0.484 0.0000e+00
         93 102.630243    0.00639     0.3833     23.000  1024.2533  49406.245    30.8484      0.492    7.06998     6.1911     6.1907    24.2510   12.69718 2.1072e+02      0.497 0.0000e+00
         94 102.630246    0.00646     0.3875     23.250  1024.2533  49406.099    30.8484      0.514    7.06993     6.1909     6.1910    24.2509   12.69709 2.0589e+02      0.519 0.0000e+00
         95 102.630249    0.00653     0.3917     23.500  1024.2534  49406.051    30.8484      0.541    7.06990     6.1903     6.1912    24.2509   12.69705 2.0041e+02      0.546 0.0000e+00
         96 102.630252    0.00660     0.3958     23.750  1024.2538  49406.672    30.8487      0.569    7.06992     6.1893     6.1910    24.2512   12.69706 1.9462e+02      0.574 0.0000e+00
         97 102.630255    0.00667     0.4000     24.000  1024.2545  49407.703    30.8493      0.596    7.06999     6.1884     6.1904    24.2517   12.69718 1.9058e+02      0.602 0.0000e+00
         98 102.630258    0.00674     0.4042     24.250  1024.2552  49408.806    30.8499      0.620    7.07013     6.1876     6.1894    24.2523   12.69739 1.8944e+02      0.626 0.0000e+00
         99 102.630260    0.00681     0.4083     24.500  1024.2558  49409.892    30.8504      0.638    7.07026     6.1872     6.1885    24.2528   12.69761 1.9013e+02      0.644 0.0000e+00
        100 102.630263    0.00688     0.4125     24.750  1024.2564  49410.935    30.8510      0.644    7.07035     6.1872     6.1877    24.2534   12.69776 1.9091e+02      0.650 0.0000e+00
        101 102.630266    0.00694     0.4167     25.000  1024.2569  49412.045    30.8517      0.637    7.07039     6.1876     6.1873    24.2540   12.69781 1.9282e+02      0.643 0.0000e+00
        102 102.630269    0.00701     0.4208     25.250  1024.2576  49413.330    30.8526      0.621    7.07036     6.1884     6.1872    24.2547   12.69775 1.9567e+02      0.627 0.0000e+00
        103 102.630272    0.00708     0.4250     25.500  1024.2582  49414.557    30.8535      0.603    7.07026     6.1895     6.1876    24.2553   12.69756 1.9673e+02      0.609 0.0000e+00
        104 102.630275    0.00715     0.4292     25.750  1024.2585  49415.139    30.8541      0.589    7.07010     6.1905     6.1884    24.2557   12.69729 1.9604e+02      0.595 0.0000e+00
        105 102.630278    0.00722     0.4333     26.000  1024.2582  49414.610    30.8539      0.583    7.06992     6.1912     6.1895    24.2554   12.69700 1.9440e+02      0.589 0.0000e+00
        106 102.630281    0.00729     0.4375     26.250  1024.2575  49413.446    30.8533      0.584    7.06978     6.1914     6.1905    24.2548   12.69678 1.9257e+02      0.589 0.0000e+00
        107 102.630284    0.00736     0.4417     26.500  1024.2573  49412.870    30.8530      0.590    7.06968     6.1911     6.1912    24.2545   12.69661 1.9079e+02      0.595 0.0000e+00
        108 102.630286    0.00743     0.4458     26.750  1024.2576  49413.457    30.8535      0.600    7.06962     6.1904     6.1915    24.2549   12.69650 1.8861e+02      0.605 0.0000e+00
        109 102.630289    0.00750     0.4500     27.000  1024.2584  49414.766    30.8543      0.611    7.06962     6.1897     6.1912    24.2556   12.69651 1.8698e+02      0.617 0.0000e+00
        110 102.630292    0.00757     0.4542     27.250  1024.2591  49416.041    30.8551      0.622    7.06970     6.1890     6.1905    24.2563   12.69663 1.8684e+02      0.627 0.0000e+00
        111 102.630295    0.00764     0.4583     27.500  1024.2595  49416.749    30.8554      0.628    7.06981     6.1886     6.1897    24.2566   12.69681 1.8664e+02      0.634 0.0000e+00
        112 102.630298    0.00771     0.4625     27.750  1024.2596  49416.892    30.8554      0.631    7.06992     6.1884     6.1891    24.2567   12.69699 1.8595e+02      0.637 0.0000e+00
        113 102.630301    0.00778     0.4667     28.000  1024.2595  49416.728    30.8552      0.631    7.07000     6.1884     6.1886    24.2566   12.69712 1.8719e+02      0.637 0.0000e+00
        114 102.630304    0.00785     0.4708     28.250  1024.2593  49416.317    30.8549      0.629    7.07005     6.1884     6.1885    24.2563   12.69720 1.9024e+02      0.635 0.0000e+00
        115 102.630307    0.00792     0.4750     28.500  1024.2589  49415.676    30.8544      0.628    7.07007     6.1885     6.1884    24.2560   12.69724 1.9238e+02      0.634 0.0000e+00
        116 102.630310    0.00799     0.4792     28.750  1024.2585  49414.889    30.8539      0.629    7.07009     6.1887     6.1885    24.2556   12.69727 1.9240e+02      0.635 0.0000e+00
        117 102.630313    0.00806     0.4833     29.000  1024.2581  49414.086    30.8533      0.633    7.07009     6.1890     6.1886    24.2551   12.69729 1.9244e+02      0.639 0.0000e+00
        118 102.630315    0.00813     0.4875     29.250  1024.2578  49413.398    30.8529      0.644    7.07009     6.1892     6.1888    24.2548   12.69728 1.9273e+02      0.650 0.0000e+00
        119 102.630318    0.00819     0.4917     29.500  1024.2575  49412.809    30.8525      0.663    7.07006     6.1893     6.1890    24.2544   12.69725 1.9250e+02      0.669 0.0000e+00
        120 102.630321    0.00826     0.4958     29.750  1024.2574  49412.379    30.8522      0.687    7.07004     6.1890     6.1892    24.2542   12.69721 1.9280e+02      0.694 0.0000e+00
        121 102.630324    0.00833     0.5000     30.000  1024.2576  49412.547    30.8524      0.713    7.07002     6.1883     6.1893    24.2543   12.69719 1.9326e+02      0.720 0.0000e+00
        122 102.630327    0.00840     0.5042     30.250  1024.2583  49413.710    30.8531      0.734    7.07004     6.1873     6.1890    24.2549   12.69721 1.9365e+02      0.741 0.0000e+00
        123 102.630330    0.00847     0.5083     30.500  1024.2594  49415.586    30.8543      0.747    7.07010     6.1863     6.1883    24.2559   12.69730 1.9459e+02      0.754 0.0000e+00
        124 102.630333    0.00854     0.5125     30.750  1024.2603  49417.357    30.8553      0.749    7.07021     6.1855     6.1873    24.2568   12.69747 1.9606e+02      0.756 0.0000e+00
        125 102.630336    0.00861     0.5167     31.000  1024.2609  49418.472    30.8559      0.742    7.07035     6.1850     6.1863    24.2574   12.69768 1.9741e+02      0.749 0.0000e+00
        126 102.630339    0.00868     0.5208     31.250  1024.2611  49419.059    30.8562      0.728    7.07046     6.1848     6.1856    24.2577   12.69787 1.9991e+02      0.735 0.0000e+00
        127 102.630341    0.00875     0.5250     31.500  1024.2612  49419.349    30.8563      0.710    7.07055     6.1849     6.1850    24.2578   12.69801 2.0506e+02      0.717 0.0000e+00
        128 102.630344    0.00882     0.5292     31.750  1024.2610  49419.273    30.8562      0.692    7.07059     6.1852     6.1848    24.2578   12.69808 2.0951e+02      0.699 0.0000e+00
        129 102.630347    0.00889     0.5333     32.000  1024.2607  49418.749    30.8558      0.676    7.07059     6.1858     6.1849    24.2575   12.69809 2.0997e+02      0.683 0.0000e+00
        130 102.630350    0.00896     0.5375     32.250  1024.2602  49417.928    30.8553      0.667    7.07055     6.1865     6.1852    24.2571   12.69804 2.0842e+02      0.673 0.0000e+00
        131 102.630353    0.00903     0.5417     32.500  1024.2597  49417.026    30.8548      0.668    7.07048     6.1872     6.1858    24.2566   12.69793 2.0681e+02      0.675 0.0000e+00
        132 102.630356    0.00910     0.5458     32.750  1024.2593  49416.054    30.8543      0.681    7.07039     6.1878     6.1865    24.2561   12.69778 2.0393e+02      0.688 0.0000e+00
        133 102.630359    0.00917     0.5500     33.000  1024.2588  49414.970    30.8537      0.702    7.07029     6.1881     6.1873    24.2555   12.69763 2.0034e+02      0.708 0.0000e+00
        134 102.630362    0.00924     0.5542     33.250  1024.2585  49414.111    30.8532      0.723    7.07021     6.1881     6.1879    24.2551   12.69751 1.9910e+02      0.730 0.0000e+00
        135 102.630365    0.00931     0.5583     33.500  1024.2585  49413.966    30.8531      0.740    7.07017     6.1876     6.1882    24.2550   12.69743 1.9955e+02      0.747 0.0000e+00
        136 102.630367    0.00937     0.5625     33.750  1024.2588  49414.497    30.8535      0.750    7.07016     6.1869     6.1881    24.2553   12.69742 1.9925e+02      0.757 0.0000e+00
        137 102.630370    0.00944     0.5667     34.000  1024.2592  49415.225    30.8539      0.752    7.07022     6.1863     6.1877    24.2557   12.69750 1.9947e+02      0.759 0.0000e+00
        138 102.630373    0.00951     0.5708     34.250  1024.2595  49415.817    30.8542      0.747    7.07031     6.1859     6.1870    24.2560   12.69766 2.0182e+02      0.754 0.0000e+00
        139 102.630376    0.00958     0.5750     34.500  1024.2597  49416.286    30.8544      0.739    7.07040     6.1857     6.1864    24.2562   12.69781 2.0341e+02      0.746 0.0000e+00
        140 102.630379    0.00965     0.5792     34.750  1024.2598  49416.624    30.8545      0.728    7.07047     6.1857     6.1859    24.2564   12.69791 2.0338e+02      0.735 0.0000e+00
        141 102.630382    0.00972     0.5833     35.000  1024.2598  49416.685    30.8546      0.717    7.07051     6.1857     6.1857    24.2564   12.69797 2.0454e+02      0.724 0.0000e+00
        142 102.630385    0.00979     0.5875     35.250  1024.2596  49416.436    30.8544      0.708    7.07053     6.1858     6.1857    24.2563   12.69800 2.0602e+02      0.715 0.0000e+00
        143 102.630388    0.00986     0.5917     35.500  1024.2594  49416.036    30.8541      0.704    7.07053     6.1860     6.1857    24.2561   12.69801 2.0631e+02      0.711 0.0000e+00
        144 102.630391    0.00993     0.5958     35.750  1024.2592  49415.675    30.8539      0.707    7.07052     6.1861     6.1859    24.2559   12.69800 2.0637e+02      0.714 0.0000e+00
        145 102.630394    0.01000     0.6000     36.000  1024.2591  49415.392    30.8537      0.716    7.07051     6.1861     6.1860    24.2557   12.69798 2.0626e+02      0.723 0.0000e+00
        146 102.630396    0.01007     0.6042     36.250  1024.2590  49415.177    30.8536      0.729    7.07049     6.1860     6.1861    24.2556   12.69795 2.0476e+02      0.736 0.0000e+00
        147 102.630399    0.01014     0.6083     36.500  1024.2591  49415.239    30.8536      0.741    7.07048     6.1856     6.1862    24.2556   12.69793 2.0307e+02      0.748 0.0000e+00
        148 102.630402    0.01021     0.6125     36.750  1024.2595  49415.821    30.8540      0.749    7.07048     6.1850     6.1861    24.2559   12.69793 2.0301e+02      0.756 0.0000e+00
        149 102.630405    0.01028     0.6167     37.000  1024.2600  49416.803    30.8546      0.751    7.07051     6.1843     6.1857    24.2564   12.69797 2.0303e+02      0.758 0.0000e+00
        150 102.630408    0.01035     0.6208     37.250  1024.2605  49417.811    30.8552      0.748    7.07059     6.1835     6.1851    24.2570   12.69809 2.0256e+02      0.755 0.0000e+00
        151 102.630411    0.01042     0.6250     37.500  1024.2609  49418.599    30.8556      0.740    7.07069     6.1830     6.1844    24.2574   12.69825 2.0360e+02      0.747 0.0000e+00
        152 102.630414    0.01049     0.6292     37.750  1024.2612  49419.151    30.8559      0.731    7.07080     6.1826     6.1836    24.2577   12.69843 2.0602e+02      0.738 0.0000e+00
        153 102.630417    0.01056     0.6333     38.000  1024.2613  49419.531    30.8561      0.721    7.07089     6.1823     6.1831    24.2579   12.69857 2.0726e+02      0.728 0.0000e+00
        154 102.630420    0.01063     0.6375     38.250  1024.2614  49419.792    30.8562      0.713    7.07095     6.1822     6.1827    24.2580   12.69867 2.0563e+02      0.719 0.0000e+00
        155 102.630422    0.01069     0.6417     38.500  1024.2614  49419.933    30.8562      0.708    7.07099     6.1822     6.1824    24.2581   12.69874 2.0342e+02      0.714 0.0000e+00
        156 102.630425    0.01076     0.6458     38.750  1024.2614  49419.959    30.8562      0.709    7.07102     6.1822     6.1823    24.2581   12.69878 2.0343e+02      0.715 0.0000e+00
        157 102.630428    0.01083     0.6500     39.000  1024.2615  49419.939    30.8562      0.715    7.07102     6.1822     6.1822    24.2581   12.69879 2.0392e+02      0.721 0.0000e+00
        158 102.630431    0.01090     0.6542     39.250  1024.2615  49419.947    30.8562      0.725    7.07101     6.1822     6.1822    24.2581   12.69878 2.0311e+02      0.731 0.0000e+00
        159 102.630434    0.01097     0.6583     39.500  1024.2617  49420.130    30.8563      0.735    7.07100     6.1820     6.1822    24.2582   12.69877 2.0175e+02      0.741 0.0000e+00
        160 102.630437    0.01104     0.6625     39.750  1024.2619  49420.581    30.8566      0.742    7.07100     6.1816     6.1822    24.2585   12.69876 2.0095e+02      0.749 0.0000e+00
        161 102.630440    0.01111     0.6667     40.000  1024.2622  49421.134    30.8570      0.746    7.07101     6.1813     6.1820    24.2588   12.69878 2.0093e+02      0.753 0.0000e+00
        162 102.630443    0.01118     0.6708     40.250  1024.2624  49421.588    30.8572      0.744    7.07105     6.1809     6.1817    24.2590   12.69884 2.0178e+02      0.751 0.0000e+00
        163 102.630446    0.01125     0.6750     40.500  1024.2626  49421.902    30.8574      0.738    7.07111     6.1807     6.1813    24.2591   12.69893 2.0399e+02      0.745 0.0000e+00
        164 102.630448    0.01132     0.6792     40.750  1024.2626  49422.082    30.8574      0.729    7.07116     6.1807     6.1810    24.2592   12.69902 2.0558e+02      0.736 0.0000e+00
        165 102.630451    0.01139     0.6833     41.000  1024.2626  49422.187    30.8574      0.719    7.07120     6.1808     6.1808    24.2593   12.69907 2.0542e+02      0.726 0.0000e+00
        166 102.630454    0.01146     0.6875     41.250  1024.2626  49422.213    30.8574      0.712    7.07121     6.1812     6.1807    24.2593   12.69909 2.0546e+02      0.718 0.0000e+00
        167 102.630457    0.01153     0.6917     41.500  1024.2625  49422.020    30.8573      0.710    7.07118     6.1817     6.1809    24.2592   12.69905 2.0554e+02      0.716 0.0000e+00
        168 102.630460    0.01160     0.6958     41.750  1024.2623  49421.518    30.8571      0.714    7.07113     6.1823     6.1813    24.2589   12.69897 2.0445e+02      0.721 0.0000e+00
        169 102.630463    0.01167     0.7000     42.000  1024.2619  49420.774    30.8566      0.723    7.07106     6.1826     6.1818    24.2586   12.69886 2.0332e+02      0.730 0.0000e+00
        170 102.630466    0.01174     0.7042     42.250  1024.2616  49420.154    30.8563      0.733    7.07099     6.1828     6.1824    24.2582   12.69874 2.0277e+02      0.740 0.0000e+00
