CTD-processing/allCTD/CNV--homogene/2016_02-14_t3_s13_cast100.cnv
* Sea-Bird SBE19plus Data File:
* FileName = C:\Users\Kris.Holderied\Documents\kasitsna\Research-KBL\Oceanography-AK\CTD-Data-ALL-to-2016-02\2016-CTD-KachemakBay-CookInlet\2016-02-CookInlet-quarterly\2016-02-14-CookInlet-Tran3-AnchorPt\2016-02-14-CookInlet-Tran3-cast100.hex
* Software Version 1.59
* Temperature SN =  5028
* Conductivity SN =  5028
* System UpLoad Time = Feb 15 2016 00:30:46
** Cook Inlet LTM Tran3 Anchor Pt Southeast to northwest

** Date: 02-14
** Station: 3-13
** Start time (AKST): 14:01
** Depth (m): 29
** Comment:  R/V Pandalus
** Comment:
# nquan = 17
# nvalues = 432                         
# units = specified
# name 0 = scan: Scan Count
# name 1 = timeJ: Julian Days
# name 2 = timeH: Time, Elapsed [hours]
# name 3 = timeM: Time, Elapsed [minutes]
# name 4 = timeS: Time, Elapsed [seconds]
# name 5 = density00: Density [density, kg/m^3]
# name 6 = specc: Specific Conductance [uS/cm]
# name 7 = sal00: Salinity, Practical [PSU]
# name 8 = depSM: Depth [salt water, m], lat = 59.00
# name 9 = oxsolML/L: Oxygen Saturation, Garcia & Gordon [ml/l]
# name 10 = potemp090C: Potential Temperature [ITS-90, deg C]
# name 11 = tv290C: Temperature [ITS-90, deg C]
# name 12 = sigma-é00: Density [sigma-theta, kg/m^3]
# name 13 = n2satML/L: Nitrogen Saturation [ml/l]
# name 14 = par: PAR/Irradiance, Biospherical/Licor
# name 15 = prdM: Pressure, Strain Gauge [db]
# name 16 = flag:  0.000e+00
# span 0 =          1,        432       
# span 1 =  45.584410,  45.585657       
# span 2 =    0.00000,    0.02993       
# span 3 =     0.0000,     1.7958       
# span 4 =      0.000,    107.750       
# span 5 =  1001.0331,  1024.7575       
# span 6 =   2282.119,  50158.557       
# span 7 =     1.3371,    31.2010       
# span 8 =     -0.263,     29.640       
# span 9 =    7.18184,    8.98103       
# span 10 =     4.5126,     5.4282      
# span 11 =     4.4876,     5.4283      
# span 12 =     1.0344,    24.6238      
# span 13 =   12.87759,   16.31112      
# span 14 = 3.8714e-02, 7.2123e+01      
# span 15 =     -0.266,     29.922      
# span 16 = 0.0000e+00, 0.0000e+00      
# interval = seconds: 0.25
# start_time = Feb 14 2016 14:01:33 [Instrument's time stamp, header]
# bad_flag = -9.990e-29
*END*
          1  45.584410    0.00000     0.0000      0.000  1001.0331   2282.119     1.3371     -0.263    8.98103     4.5126     4.4876     1.0344   16.31112 5.8534e+01     -0.266 0.0000e+00
          2  45.584413    0.00007     0.0042      0.250  1001.6698   3610.001     2.1405     -0.260    8.93439     4.5387     4.4969     1.6711   16.22121 5.9932e+01     -0.263 0.0000e+00
          3  45.584416    0.00014     0.0083      0.500  1002.7247   5806.750     3.4717     -0.254    8.85710     4.5823     4.5126     2.7260   16.07225 6.1322e+01     -0.257 0.0000e+00
          4  45.584418    0.00021     0.0125      0.750  1004.4726   9440.951     5.6777     -0.244    8.72906     4.6545     4.5387     4.4739   15.82548 6.2223e+01     -0.246 0.0000e+00
          5  45.584421    0.00028     0.0167      1.000  1007.3718  15461.492     9.3369     -0.227    8.51671     4.7601     4.5823     7.3730   15.41626 6.2362e+01     -0.229 0.0000e+00
          6  45.584424    0.00035     0.0208      1.250  1011.3900  23736.872    14.4110     -0.202    8.22199     4.8819     4.6545    11.3910   14.84926 6.1933e+01     -0.204 0.0000e+00
          7  45.584427    0.00042     0.0250      1.500  1015.2685  31623.468    19.3145     -0.174    7.93350     4.9929     4.7601    15.2694   14.29655 6.1835e+01     -0.176 0.0000e+00
          8  45.584430    0.00049     0.0292      1.750  1017.7790  36690.273    22.4948     -0.152    7.73756     5.0790     4.8819    17.7797   13.92391 6.2690e+01     -0.153 0.0000e+00
          9  45.584433    0.00056     0.0333      2.000  1018.8701  38906.079    23.8824     -0.138    7.64065     5.1391     4.9929    18.8708   13.74220 6.4037e+01     -0.139 0.0000e+00
         10  45.584436    0.00063     0.0375      2.250  1018.8831  38959.812    23.9051     -0.132    7.62185     5.1760     5.0790    18.8838   13.71033 6.5562e+01     -0.133 0.0000e+00
         11  45.584439    0.00069     0.0417      2.500  1017.8699  36958.122    22.6274     -0.139    7.67754     5.1922     5.1390    17.8706   13.82132 6.7061e+01     -0.140 0.0000e+00
         12  45.584442    0.00076     0.0458      2.750  1015.4952  32247.757    19.6244     -0.163    7.82896     5.1915     5.1760    15.4960   14.11646 6.8305e+01     -0.164 0.0000e+00
         13  45.584444    0.00083     0.0500      3.000  1012.0327  25351.683    15.2432     -0.195    8.05784     5.1824     5.1922    12.0336   14.56062 6.9417e+01     -0.196 0.0000e+00
         14  45.584447    0.00090     0.0542      3.250  1008.9232  19103.660    11.3086     -0.220    8.26804     5.1740     5.1915     8.9242   14.96794 7.0419e+01     -0.222 0.0000e+00
         15  45.584450    0.00097     0.0583      3.500  1007.0954  15400.397     8.9960     -0.233    8.39424     5.1713     5.1824     7.0965   15.21216 7.1263e+01     -0.235 0.0000e+00
         16  45.584453    0.00104     0.0625      3.750  1006.4934  14187.880     8.2341     -0.237    8.43663     5.1772     5.1740     6.4945   15.29383 7.1884e+01     -0.239 0.0000e+00
         17  45.584456    0.00111     0.0667      4.000  1007.0293  15307.341     8.9115     -0.232    8.39959     5.1930     5.1713     7.0305   15.22164 7.2123e+01     -0.235 0.0000e+00
         18  45.584459    0.00118     0.0708      4.250  1008.3974  18099.947    10.6419     -0.220    8.30443     5.2136     5.1772     8.3984   15.03733 7.1861e+01     -0.223 0.0000e+00
         19  45.584462    0.00125     0.0750      4.500  1009.1089  19524.483    11.5429     -0.207    8.25299     5.2300     5.1930     9.1099   14.93858 7.1029e+01     -0.209 0.0000e+00
         20  45.584465    0.00132     0.0792      4.750  1008.0852  17417.013    10.2496     -0.200    8.31903     5.2384     5.2136     8.0862   15.06799 6.9510e+01     -0.201 0.0000e+00
         21  45.584468    0.00139     0.0833      5.000  1006.5735  14281.851     8.3394     -0.191    8.42018     5.2422     5.2300     6.5744   15.26544 6.7224e+01     -0.193 0.0000e+00
         22  45.584470    0.00146     0.0875      5.250  1005.9592  12947.096     7.5644     -0.168    8.46261     5.2461     5.2384     5.9600   15.34865 6.4271e+01     -0.170 0.0000e+00
         23  45.584473    0.00153     0.0917      5.500  1006.5021  13983.711     8.2524     -0.119    8.42694     5.2549     5.2422     6.5027   15.27997 6.0383e+01     -0.120 0.0000e+00
         24  45.584476    0.00160     0.0958      5.750  1008.4108  17816.982    10.6673     -0.030    8.29809     5.2733     5.2461     8.4109   15.03048 5.4474e+01     -0.031 0.0000e+00
         25  45.584479    0.00167     0.1000      6.000  1011.9441  24917.674    15.1379      0.118    8.05897     5.3008     5.2549    11.9436   14.56751 4.5161e+01      0.120 0.0000e+00
         26  45.584482    0.00174     0.1042      6.250  1016.2182  33448.764    20.5475      0.338    7.76961     5.3290     5.2734    16.2166   14.00798 3.3766e+01      0.342 0.0000e+00
         27  45.584485    0.00181     0.1083      6.500  1019.5552  40080.392    24.7729      0.599    7.54205     5.3504     5.3009    19.5524   13.56873 2.4717e+01      0.605 0.0000e+00
         28  45.584488    0.00187     0.1125      6.750  1021.5649  44071.324    27.3187      0.846    7.40297     5.3623     5.3291    21.5610   13.30084 2.0180e+01      0.853 0.0000e+00
         29  45.584491    0.00194     0.1167      7.000  1022.7673  46458.704    28.8421      1.038    7.31896     5.3659     5.3505    22.7624   13.13923 1.9173e+01      1.047 0.0000e+00
         30  45.584494    0.00201     0.1208      7.250  1023.4830  47880.665    29.7488      1.162    7.26907     5.3641     5.3624    23.4775   13.04322 2.0129e+01      1.172 0.0000e+00
         31  45.584497    0.00208     0.1250      7.500  1023.9093  48728.605    30.2884      1.218    7.23996     5.3606     5.3659    23.9036   12.98703 2.1766e+01      1.229 0.0000e+00
         32  45.584499    0.00215     0.1292      7.750  1024.1630  49234.114    30.6092      1.216    7.22330     5.3582     5.3642    24.1573   12.95468 2.3614e+01      1.227 0.0000e+00
         33  45.584502    0.00222     0.1333      8.000  1024.3125  49533.172    30.7983      1.168    7.21388     5.3586     5.3607    24.3071   12.93628 2.5579e+01      1.178 0.0000e+00
         34  45.584505    0.00229     0.1375      8.250  1024.3966  49702.554    30.9048      1.089    7.20863     5.3624     5.3583    24.3915   12.92597 2.7406e+01      1.099 0.0000e+00
         35  45.584508    0.00236     0.1417      8.500  1024.4348  49781.864    30.9538      0.998    7.20588     5.3687     5.3587    24.4301   12.92064 2.8636e+01      1.007 0.0000e+00
         36  45.584511    0.00243     0.1458      8.750  1024.4362  49789.773    30.9567      0.911    7.20489     5.3760     5.3625    24.4319   12.91887 2.8855e+01      0.919 0.0000e+00
         37  45.584514    0.00250     0.1500      9.000  1024.4127  49749.464    30.9283      0.843    7.20505     5.3826     5.3688    24.4088   12.91946 2.8388e+01      0.851 0.0000e+00
         38  45.584517    0.00257     0.1542      9.250  1024.3936  49715.739    30.9054      0.805    7.20484     5.3877     5.3760    24.3899   12.91938 2.8090e+01      0.813 0.0000e+00
         39  45.584520    0.00264     0.1583      9.500  1024.4093  49744.991    30.9261      0.801    7.20266     5.3903     5.3827    24.4055   12.91548 2.8034e+01      0.809 0.0000e+00
         40  45.584523    0.00271     0.1625      9.750  1024.4508  49821.298    30.9791      0.827    7.19922     5.3897     5.3878    24.4468   12.90911 2.7784e+01      0.835 0.0000e+00
         41  45.584525    0.00278     0.1667     10.000  1024.4854  49884.818    31.0229      0.877    7.19665     5.3853     5.3903    24.4812   12.90430 2.7335e+01      0.886 0.0000e+00
         42  45.584528    0.00285     0.1708     10.250  1024.5047  49920.253    31.0470      0.942    7.19559     5.3773     5.3897    24.5003   12.90224 2.6890e+01      0.951 0.0000e+00
         43  45.584531    0.00292     0.1750     10.500  1024.5169  49942.566    31.0613      1.012    7.19565     5.3673     5.3854    24.5121   12.90214 2.6532e+01      1.022 0.0000e+00
         44  45.584534    0.00299     0.1792     10.750  1024.5250  49957.825    31.0700      1.080    7.19660     5.3577     5.3774    24.5199   12.90359 2.6246e+01      1.090 0.0000e+00
         45  45.584537    0.00306     0.1833     11.000  1024.5297  49966.879    31.0742      1.139    7.19811     5.3505     5.3674    24.5243   12.90604 2.6058e+01      1.150 0.0000e+00
         46  45.584540    0.00313     0.1875     11.250  1024.5305  49969.008    31.0737      1.183    7.19977     5.3463     5.3578    24.5250   12.90878 2.6184e+01      1.195 0.0000e+00
         47  45.584543    0.00319     0.1917     11.500  1024.5296  49967.995    31.0715      1.206    7.20111     5.3453     5.3506    24.5240   12.91103 2.6899e+01      1.218 0.0000e+00
         48  45.584546    0.00326     0.1958     11.750  1024.5310  49970.885    31.0726      1.203    7.20178     5.3475     5.3464    24.5253   12.91212 2.8190e+01      1.215 0.0000e+00
         49  45.584549    0.00333     0.2000     12.000  1024.5370  49982.240    31.0802      1.174    7.20159     5.3527     5.3453    24.5315   12.91171 2.9822e+01      1.185 0.0000e+00
         50  45.584552    0.00340     0.2042     12.250  1024.5472  50001.344    31.0938      1.124    7.20056     5.3599     5.3475    24.5420   12.90984 3.1563e+01      1.134 0.0000e+00
         51  45.584554    0.00347     0.2083     12.500  1024.5570  50019.372    31.1073      1.065    7.19902     5.3675     5.3527    24.5520   12.90712 3.3139e+01      1.074 0.0000e+00
         52  45.584557    0.00354     0.2125     12.750  1024.5628  50029.808    31.1159      1.009    7.19738     5.3743     5.3599    24.5581   12.90429 3.4247e+01      1.018 0.0000e+00
         53  45.584560    0.00361     0.2167     13.000  1024.5645  50032.353    31.1193      0.972    7.19590     5.3790     5.3676    24.5599   12.90181 3.4810e+01      0.981 0.0000e+00
         54  45.584563    0.00368     0.2208     13.250  1024.5618  50026.871    31.1169      0.965    7.19486     5.3808     5.3743    24.5572   12.90012 3.4936e+01      0.974 0.0000e+00
         55  45.584566    0.00375     0.2250     13.500  1024.5548  50013.332    31.1085      0.987    7.19445     5.3788     5.3791    24.5501   12.89954 3.4642e+01      0.996 0.0000e+00
         56  45.584569    0.00382     0.2292     13.750  1024.5445  49993.879    31.0955      1.029    7.19476     5.3717     5.3809    24.5396   12.90023 3.4054e+01      1.038 0.0000e+00
         57  45.584572    0.00389     0.2333     14.000  1024.5349  49976.149    31.0829      1.076    7.19573     5.3594     5.3788    24.5299   12.90199 3.3415e+01      1.086 0.0000e+00
         58  45.584575    0.00396     0.2375     14.250  1024.5319  49970.955    31.0778      1.117    7.19718     5.3439     5.3718    24.5267   12.90445 3.2848e+01      1.127 0.0000e+00
         59  45.584578    0.00403     0.2417     14.500  1024.5374  49981.978    31.0829      1.142    7.19905     5.3290     5.3595    24.5320   12.90747 3.2524e+01      1.153 0.0000e+00
         60  45.584580    0.00410     0.2458     14.750  1024.5478  50002.563    31.0939      1.148    7.20117     5.3172     5.3440    24.5424   12.91084 3.2670e+01      1.159 0.0000e+00
         61  45.584583    0.00417     0.2500     15.000  1024.5589  50024.474    31.1059      1.136    7.20315     5.3093     5.3291    24.5536   12.91396 3.3176e+01      1.146 0.0000e+00
         62  45.584586    0.00424     0.2542     15.250  1024.5688  50043.931    31.1169      1.108    7.20466     5.3059     5.3173    24.5636   12.91630 3.3627e+01      1.118 0.0000e+00
         63  45.584589    0.00431     0.2583     15.500  1024.5768  50059.680    31.1261      1.071    7.20555     5.3072     5.3094    24.5717   12.91766 3.3849e+01      1.081 0.0000e+00
         64  45.584592    0.00438     0.2625     15.750  1024.5828  50071.360    31.1334      1.032    7.20579     5.3133     5.3060    24.5779   12.91796 3.4020e+01      1.041 0.0000e+00
         65  45.584595    0.00444     0.2667     16.000  1024.5876  50080.428    31.1399      0.997    7.20525     5.3233     5.3073    24.5830   12.91699 3.4072e+01      1.006 0.0000e+00
         66  45.584598    0.00451     0.2708     16.250  1024.5922  50088.361    31.1466      0.976    7.20389     5.3353     5.3134    24.5876   12.91465 3.3542e+01      0.986 0.0000e+00
         67  45.584601    0.00458     0.2750     16.500  1024.5954  50093.394    31.1521      0.978    7.20191     5.3468     5.3234    24.5909   12.91130 3.2265e+01      0.987 0.0000e+00
         68  45.584604    0.00465     0.2792     16.750  1024.5948  50090.787    31.1528      1.007    7.19981     5.3555     5.3354    24.5901   12.90783 3.0664e+01      1.017 0.0000e+00
         69  45.584606    0.00472     0.2833     17.000  1024.5879  50076.583    31.1454      1.064    7.19820     5.3592     5.3469    24.5829   12.90526 2.9215e+01      1.074 0.0000e+00
         70  45.584609    0.00479     0.2875     17.250  1024.5740  50049.657    31.1286      1.137    7.19752     5.3560     5.3556    24.5687   12.90436 2.8114e+01      1.148 0.0000e+00
         71  45.584612    0.00486     0.2917     17.500  1024.5558  50015.373    31.1058      1.208    7.19798     5.3447     5.3593    24.5502   12.90542 2.7606e+01      1.219 0.0000e+00
         72  45.584615    0.00493     0.2958     17.750  1024.5418  49989.463    31.0873      1.256    7.19942     5.3271     5.3561    24.5359   12.90803 2.7986e+01      1.268 0.0000e+00
         73  45.584618    0.00500     0.3000     18.000  1024.5395  49986.302    31.0828      1.267    7.20157     5.3086     5.3448    24.5336   12.91165 2.9302e+01      1.279 0.0000e+00
         74  45.584621    0.00507     0.3042     18.250  1024.5484  50004.505    31.0917      1.237    7.20415     5.2939     5.3272    24.5426   12.91579 3.1388e+01      1.249 0.0000e+00
         75  45.584624    0.00514     0.3083     18.500  1024.5623  50032.425    31.1071      1.169    7.20658     5.2851     5.3087    24.5568   12.91961 3.4013e+01      1.180 0.0000e+00
         76  45.584627    0.00521     0.3125     18.750  1024.5767  50060.985    31.1238      1.071    7.20831     5.2830     5.2940    24.5716   12.92224 3.6826e+01      1.081 0.0000e+00
         77  45.584630    0.00528     0.3167     19.000  1024.5896  50086.583    31.1396      0.959    7.20906     5.2883     5.2852    24.5851   12.92328 3.9287e+01      0.968 0.0000e+00
         78  45.584633    0.00535     0.3208     19.250  1024.6006  50107.803    31.1538      0.848    7.20875     5.3009     5.2831    24.5966   12.92258 4.0968e+01      0.856 0.0000e+00
         79  45.584635    0.00542     0.3250     19.500  1024.6099  50125.117    31.1669      0.760    7.20720     5.3183     5.2884    24.6063   12.91986 4.1596e+01      0.767 0.0000e+00
         80  45.584638    0.00549     0.3292     19.750  1024.6176  50138.477    31.1787      0.713    7.20448     5.3370     5.3010    24.6143   12.91521 4.0597e+01      0.720 0.0000e+00
         81  45.584641    0.00556     0.3333     20.000  1024.6209  50142.795    31.1852      0.724    7.20118     5.3535     5.3183    24.6175   12.90968 3.8053e+01      0.730 0.0000e+00
         82  45.584644    0.00562     0.3375     20.250  1024.6168  50132.854    31.1821      0.792    7.19813     5.3649     5.3370    24.6131   12.90467 3.5282e+01      0.799 0.0000e+00
         83  45.584647    0.00569     0.3417     20.500  1024.6053  50109.287    31.1693      0.901    7.19592     5.3694     5.3535    24.6010   12.90118 3.2983e+01      0.909 0.0000e+00
         84  45.584650    0.00576     0.3458     20.750  1024.5898  50078.757    31.1506      1.024    7.19485     5.3660     5.3650    24.5850   12.89966 3.1003e+01      1.034 0.0000e+00
         85  45.584653    0.00583     0.3500     21.000  1024.5759  50051.845    31.1329      1.137    7.19493     5.3556     5.3694    24.5705   12.90002 2.9537e+01      1.148 0.0000e+00
