CTD-processing/allCTD/CNV--homogene/2016_01-07_t9_s09_cast062.cnv
* Sea-Bird SBE19plus Data File:
* FileName = C:\Users\Kris.Holderied\Documents\kasitsna\Research-KBL\Oceanography-AK\CTD-Data-ALL-to-2015-10\2016-CTD-KachemakBay-CookInlet\2016-01-07-CookInlet-HomerSpit-monthly-plus\2016-01-07-CookInlet-Tran9-plus-cast062.hex
* Software Version 1.59
* Temperature SN =  5028
* Conductivity SN =  5028
* System UpLoad Time = Feb 09 2016 07:55:42
** Cook Inlet LTM Tran9 Homer Spit
** Date (YYYY-MM-DD): 2016-01-07
** Station (ie. 9-01): 9-09
** Start time (AKST): 12:21
** Depth (m): 85.6
** Comment: R/V Edgecumbe
** Comment:
# nquan = 17
# nvalues = 578                         
# units = specified
# name 0 = scan: Scan Count
# name 1 = timeJ: Julian Days
# name 2 = timeH: Time, Elapsed [hours]
# name 3 = timeM: Time, Elapsed [minutes]
# name 4 = timeS: Time, Elapsed [seconds]
# name 5 = density00: Density [density, kg/m^3]
# name 6 = specc: Specific Conductance [uS/cm]
# name 7 = sal00: Salinity, Practical [PSU]
# name 8 = depSM: Depth [salt water, m], lat = 59.00
# name 9 = oxsolML/L: Oxygen Saturation, Garcia & Gordon [ml/l]
# name 10 = potemp090C: Potential Temperature [ITS-90, deg C]
# name 11 = tv290C: Temperature [ITS-90, deg C]
# name 12 = sigma-é00: Density [sigma-theta, kg/m^3]
# name 13 = n2satML/L: Nitrogen Saturation [ml/l]
# name 14 = par: PAR/Irradiance, Biospherical/Licor
# name 15 = prdM: Pressure, Strain Gauge [db]
# name 16 = flag:  0.000e+00
# span 0 =          1,        578       
# span 1 =   7.515451,   7.517121       
# span 2 =    0.00000,    0.04007       
# span 3 =     0.0000,     2.4042       
# span 4 =      0.000,    144.250       
# span 5 =  1001.0855,  1025.0112       
# span 6 =   2762.002,  50117.002       
# span 7 =     1.4000,    31.3796       
# span 8 =     -0.072,     84.582       
# span 9 =    6.97519,    8.84568       
# span 10 =     3.9203,     6.6111      
# span 11 =     3.9204,     6.6183      
# span 12 =     1.0859,    24.6180      
# span 13 =   12.53376,   16.08077      
# span 14 = 3.7976e-02, 7.1077e+01      
# span 15 =     -0.073,     85.398      
# span 16 = 0.0000e+00, 0.0000e+00      
# interval = seconds: 0.25
# start_time = Jan 07 2016 12:22:15 [Instrument's time stamp, header]
# bad_flag = -9.990e-29
*END*
[from data line 511]
        512   7.516930    0.03549     2.1292    127.750  1024.9188  50101.385    31.3766     65.060    6.97626     6.6072     6.6125    24.6161   12.53556 3.7995e-02     65.685 0.0000e+00
        513   7.516933    0.03556     2.1333    128.000  1024.9205  50101.762    31.3767     65.406    6.97623     6.6073     6.6126    24.6162   12.53552 3.8001e-02     66.034 0.0000e+00
        514   7.516936    0.03562     2.1375    128.250  1024.9221  50102.062    31.3768     65.749    6.97621     6.6074     6.6127    24.6163   12.53547 3.8011e-02     66.381 0.0000e+00
        515   7.516939    0.03569     2.1417    128.500  1024.9238  50102.348    31.3769     66.094    6.97618     6.6075     6.6129    24.6163   12.53543 3.8029e-02     66.729 0.0000e+00
        516   7.516942    0.03576     2.1458    128.750  1024.9254  50102.636    31.3769     66.440    6.97616     6.6076     6.6130    24.6163   12.53539 3.8056e-02     67.078 0.0000e+00
        517   7.516944    0.03583     2.1500    129.000  1024.9271  50102.970    31.3770     66.787    6.97613     6.6078     6.6132    24.6164   12.53534 3.8102e-02     67.428 0.0000e+00
        518   7.516947    0.03590     2.1542    129.250  1024.9288  50103.420    31.3772     67.135    6.97610     6.6079     6.6133    24.6165   12.53529 3.8181e-02     67.780 0.0000e+00
        519   7.516950    0.03597     2.1583    129.500  1024.9306  50103.979    31.3774     67.486    6.97606     6.6081     6.6135    24.6167   12.53522 3.8271e-02     68.134 0.0000e+00
        520   7.516953    0.03604     2.1625    129.750  1024.9325  50104.561    31.3777     67.837    6.97601     6.6083     6.6137    24.6169   12.53514 3.8327e-02     68.488 0.0000e+00
        521   7.516956    0.03611     2.1667    130.000  1024.9343  50105.097    31.3780     68.185    6.97597     6.6085     6.6139    24.6171   12.53506 3.8348e-02     68.841 0.0000e+00
        522   7.516959    0.03618     2.1708    130.250  1024.9360  50105.503    31.3781     68.530    6.97592     6.6087     6.6141    24.6172   12.53498 3.8361e-02     69.189 0.0000e+00
        523   7.516962    0.03625     2.1750    130.500  1024.9376  50105.730    31.3782     68.870    6.97588     6.6088     6.6144    24.6172   12.53492 3.8385e-02     69.532 0.0000e+00
        524   7.516965    0.03632     2.1792    130.750  1024.9391  50105.877    31.3782     69.208    6.97585     6.6088     6.6146    24.6171   12.53487 3.8434e-02     69.873 0.0000e+00
        525   7.516968    0.03639     2.1833    131.000  1024.9407  50106.082    31.3782     69.547    6.97583     6.6089     6.6147    24.6171   12.53483 3.8509e-02     70.215 0.0000e+00
        526   7.516970    0.03646     2.1875    131.250  1024.9423  50106.391    31.3782     69.885    6.97581     6.6090     6.6148    24.6171   12.53480 3.8598e-02     70.556 0.0000e+00
        527   7.516973    0.03653     2.1917    131.500  1024.9439  50106.793    31.3784     70.221    6.97579     6.6091     6.6149    24.6172   12.53477 3.8682e-02     70.896 0.0000e+00
        528   7.516976    0.03660     2.1958    131.750  1024.9456  50107.177    31.3785     70.556    6.97577     6.6092     6.6150    24.6173   12.53473 3.8744e-02     71.234 0.0000e+00
        529   7.516979    0.03667     2.2000    132.000  1024.9471  50107.427    31.3785     70.891    6.97574     6.6094     6.6151    24.6174   12.53468 3.8785e-02     71.572 0.0000e+00
        530   7.516982    0.03674     2.2042    132.250  1024.9487  50107.713    31.3786     71.228    6.97571     6.6095     6.6153    24.6174   12.53464 3.8828e-02     71.913 0.0000e+00
        531   7.516985    0.03681     2.2083    132.500  1024.9505  50108.201    31.3788     71.569    6.97568     6.6097     6.6154    24.6176   12.53458 3.8876e-02     72.257 0.0000e+00
        532   7.516988    0.03687     2.2125    132.750  1024.9522  50108.708    31.3790     71.913    6.97564     6.6099     6.6156    24.6177   12.53451 3.8939e-02     72.604 0.0000e+00
        533   7.516991    0.03694     2.2167    133.000  1024.9539  50109.075    31.3792     72.259    6.97560     6.6101     6.6158    24.6178   12.53444 3.9007e-02     72.954 0.0000e+00
        534   7.516994    0.03701     2.2208    133.250  1024.9555  50109.305    31.3792     72.605    6.97556     6.6102     6.6161    24.6178   12.53437 3.9052e-02     73.303 0.0000e+00
        535   7.516997    0.03708     2.2250    133.500  1024.9571  50109.462    31.3792     72.949    6.97552     6.6103     6.6163    24.6178   12.53432 3.9066e-02     73.650 0.0000e+00
        536   7.516999    0.03715     2.2292    133.750  1024.9587  50109.623    31.3792     73.292    6.97550     6.6103     6.6165    24.6178   12.53428 3.9035e-02     73.996 0.0000e+00
        537   7.517002    0.03722     2.2333    134.000  1024.9602  50109.795    31.3792     73.633    6.97548     6.6104     6.6166    24.6177   12.53425 3.8981e-02     74.341 0.0000e+00
        538   7.517005    0.03729     2.2375    134.250  1024.9618  50110.000    31.3792     73.974    6.97547     6.6104     6.6166    24.6177   12.53423 3.8942e-02     74.686 0.0000e+00
        539   7.517008    0.03736     2.2417    134.500  1024.9634  50110.260    31.3792     74.314    6.97546     6.6105     6.6167    24.6178   12.53420 3.8933e-02     75.029 0.0000e+00
        540   7.517011    0.03743     2.2458    134.750  1024.9650  50110.524    31.3793     74.652    6.97544     6.6105     6.6168    24.6178   12.53418 3.8950e-02     75.371 0.0000e+00
        541   7.517014    0.03750     2.2500    135.000  1024.9666  50110.767    31.3793     74.989    6.97543     6.6106     6.6169    24.6178   12.53416 3.8971e-02     75.710 0.0000e+00
        542   7.517017    0.03757     2.2542    135.250  1024.9682  50111.007    31.3793     75.323    6.97541     6.6107     6.6170    24.6178   12.53413 3.8963e-02     76.048 0.0000e+00
        543   7.517020    0.03764     2.2583    135.500  1024.9697  50111.257    31.3794     75.655    6.97539     6.6107     6.6170    24.6178   12.53410 3.8924e-02     76.382 0.0000e+00
        544   7.517023    0.03771     2.2625    135.750  1024.9713  50111.522    31.3794     75.982    6.97538     6.6108     6.6171    24.6178   12.53407 3.8886e-02     76.713 0.0000e+00
        545   7.517025    0.03778     2.2667    136.000  1024.9728  50111.772    31.3794     76.305    6.97536     6.6108     6.6172    24.6179   12.53404 3.8862e-02     77.039 0.0000e+00
        546   7.517028    0.03785     2.2708    136.250  1024.9743  50111.969    31.3794     76.625    6.97535     6.6109     6.6173    24.6179   12.53402 3.8872e-02     77.362 0.0000e+00
        547   7.517031    0.03792     2.2750    136.500  1024.9757  50112.111    31.3794     76.940    6.97534     6.6109     6.6174    24.6178   12.53401 3.8916e-02     77.680 0.0000e+00
        548   7.517034    0.03799     2.2792    136.750  1024.9771  50112.214    31.3793     77.248    6.97533     6.6110     6.6175    24.6178   12.53399 3.8951e-02     77.991 0.0000e+00
        549   7.517037    0.03806     2.2833    137.000  1024.9785  50112.318    31.3793     77.551    6.97532     6.6110     6.6175    24.6177   12.53398 3.8961e-02     78.297 0.0000e+00
        550   7.517040    0.03812     2.2875    137.250  1024.9798  50112.480    31.3793     77.853    6.97531     6.6110     6.6176    24.6177   12.53396 3.8967e-02     78.602 0.0000e+00
        551   7.517043    0.03819     2.2917    137.500  1024.9813  50112.701    31.3793     78.157    6.97530     6.6110     6.6176    24.6177   12.53395 3.9005e-02     78.910 0.0000e+00
        552   7.517046    0.03826     2.2958    137.750  1024.9827  50112.934    31.3793     78.465    6.97530     6.6110     6.6177    24.6177   12.53394 3.9094e-02     79.221 0.0000e+00
        553   7.517049    0.03833     2.3000    138.000  1024.9842  50113.155    31.3793     78.775    6.97529     6.6110     6.6177    24.6177   12.53393 3.9222e-02     79.534 0.0000e+00
        554   7.517052    0.03840     2.3042    138.250  1024.9856  50113.374    31.3793     79.084    6.97529     6.6110     6.6177    24.6177   12.53392 3.9319e-02     79.846 0.0000e+00
        555   7.517054    0.03847     2.3083    138.500  1024.9870  50113.610    31.3794     79.387    6.97528     6.6110     6.6178    24.6178   12.53391 3.9351e-02     80.152 0.0000e+00
        556   7.517057    0.03854     2.3125    138.750  1024.9884  50113.838    31.3794     79.679    6.97527     6.6110     6.6178    24.6178   12.53390 3.9427e-02     80.447 0.0000e+00
        557   7.517060    0.03861     2.3167    139.000  1024.9898  50114.044    31.3794     79.958    6.97527     6.6110     6.6178    24.6178   12.53389 3.9565e-02     80.729 0.0000e+00
        558   7.517063    0.03868     2.3208    139.250  1024.9910  50114.242    31.3794     80.224    6.97527     6.6110     6.6178    24.6178   12.53388 3.9586e-02     80.996 0.0000e+00
        559   7.517066    0.03875     2.3250    139.500  1024.9922  50114.419    31.3794     80.478    6.97526     6.6110     6.6179    24.6178   12.53388 3.9414e-02     81.254 0.0000e+00
        560   7.517069    0.03882     2.3292    139.750  1024.9933  50114.588    31.3794     80.728    6.97526     6.6110     6.6179    24.6178   12.53387 3.9233e-02     81.506 0.0000e+00
        561   7.517072    0.03889     2.3333    140.000  1024.9945  50114.788    31.3795     80.978    6.97525     6.6110     6.6179    24.6178   12.53386 3.9196e-02     81.759 0.0000e+00
        562   7.517075    0.03896     2.3375    140.250  1024.9957  50114.996    31.3795     81.230    6.97525     6.6110     6.6179    24.6179   12.53385 3.9248e-02     82.013 0.0000e+00
        563   7.517078    0.03903     2.3417    140.500  1024.9969  50115.181    31.3795     81.485    6.97524     6.6110     6.6180    24.6179   12.53384 3.9269e-02     82.270 0.0000e+00
        564   7.517080    0.03910     2.3458    140.750  1024.9981  50115.372    31.3795     81.741    6.97524     6.6110     6.6180    24.6179   12.53383 3.9136e-02     82.529 0.0000e+00
        565   7.517083    0.03917     2.3500    141.000  1024.9993  50115.598    31.3796     82.002    6.97523     6.6110     6.6180    24.6179   12.53382 3.8890e-02     82.792 0.0000e+00
        566   7.517086    0.03924     2.3542    141.250  1025.0006  50115.833    31.3796     82.266    6.97523     6.6110     6.6180    24.6180   12.53382 3.8722e-02     83.059 0.0000e+00
        567   7.517089    0.03931     2.3583    141.500  1025.0019  50116.034    31.3796     82.534    6.97522     6.6110     6.6180    24.6180   12.53381 3.8664e-02     83.329 0.0000e+00
        568   7.517092    0.03938     2.3625    141.750  1025.0031  50116.194    31.3796     82.802    6.97522     6.6110     6.6180    24.6180   12.53380 3.8639e-02     83.600 0.0000e+00
        569   7.517095    0.03944     2.3667    142.000  1025.0043  50116.348    31.3796     83.069    6.97521     6.6111     6.6181    24.6180   12.53380 3.8626e-02     83.870 0.0000e+00
        570   7.517098    0.03951     2.3708    142.250  1025.0056  50116.523    31.3796     83.334    6.97521     6.6111     6.6181    24.6180   12.53379 3.8637e-02     84.138 0.0000e+00
        571   7.517101    0.03958     2.3750    142.500  1025.0068  50116.699    31.3796     83.593    6.97520     6.6111     6.6181    24.6180   12.53378 3.8660e-02     84.399 0.0000e+00
        572   7.517104    0.03965     2.3792    142.750  1025.0079  50116.847    31.3796     83.840    6.97520     6.6111     6.6182    24.6180   12.53377 3.8667e-02     84.649 0.0000e+00
        573   7.517106    0.03972     2.3833    143.000  1025.0090  50116.952    31.3796     84.066    6.97519     6.6111     6.6182    24.6180   12.53376 3.8655e-02     84.877 0.0000e+00
        574   7.517109    0.03979     2.3875    143.250  1025.0098  50117.002    31.3795     84.260    6.97519     6.6111     6.6183    24.6179   12.53376 3.8655e-02     85.073 0.0000e+00
        575   7.517112    0.03986     2.3917    143.500  1025.0105  50116.989    31.3794     84.411    6.97519     6.6111     6.6183    24.6179   12.53376 3.8676e-02     85.226 0.0000e+00
        576   7.517115    0.03993     2.3958    143.750  1025.0109  50116.949    31.3793     84.512    6.97519     6.6111     6.6183    24.6178   12.53376 3.8673e-02     85.327 0.0000e+00
        577   7.517118    0.04000     2.4000    144.000  1025.0111  50116.935    31.3793     84.565    6.97519 -9.990e-29     6.6183    24.6178   12.53376 3.8640e-02     85.381 0.0000e+00
        578   7.517121    0.04007     2.4042    144.250  1025.0112  50116.939    31.3793     84.582    6.97519 -9.990e-29     6.6183    24.6178   12.53376 3.8622e-02     85.398 0.0000e+00
