CTD-processing/allCTD/CNV--homogene/2016_06-16_alongbay_skb10_cast278.cnv
* Sea-Bird SBE19plus Data File:
* FileName = C:\Users\Kris.Holderied\Documents\kasitsna\Research-KBL\Oceanography-AK\CTD-Data-ALL-to-2016-05\2016-CTD-KachemakBay-CookInlet\2016-06-16-KachemakBay-AlongBay-partial\2016-06-16-KachemakBay-AlongBay-cast278.hex
* Software Version 1.59
* Temperature SN =  5028
* Conductivity SN =  5028
* System UpLoad Time = Jul 26 2016 20:00:43
** Cook Inlet Kachemak Bay Along-bay line- partial
** Date (YYYY-MM-DD): 2016-06-16
** Station (eg. 9-01):  KB10
** Start time (AKDT): 16:12
** Depth (m): 63.4
** Comment:  R/V Edgecumbe.  Additional stations after monthly Transect 9 survey.
** Comment:
# nquan = 17
# nvalues = 566                         
# units = specified
# name 0 = scan: Scan Count
# name 1 = timeJ: Julian Days
# name 2 = timeH: Time, Elapsed [hours]
# name 3 = timeM: Time, Elapsed [minutes]
# name 4 = timeS: Time, Elapsed [seconds]
# name 5 = density00: Density [density, kg/m^3]
# name 6 = specc: Specific Conductance [uS/cm]
# name 7 = sal00: Salinity, Practical [PSU]
# name 8 = depSM: Depth [salt water, m], lat = 59.00
# name 9 = oxsolML/L: Oxygen Saturation, Garcia & Gordon [ml/l]
# name 10 = potemp090C: Potential Temperature [ITS-90, deg C]
# name 11 = tv290C: Temperature [ITS-90, deg C]
# name 12 = sigma-é00: Density [sigma-theta, kg/m^3]
# name 13 = n2satML/L: Nitrogen Saturation [ml/l]
# name 14 = par: PAR/Irradiance, Biospherical/Licor
# name 15 = prdM: Pressure, Strain Gauge [db]
# name 16 = flag:  0.000e+00
# span 0 =          1,        566       
# span 1 = 168.675880, 168.677514       
# span 2 =    0.00000,    0.03924       
# span 3 =     0.0000,     2.3542       
# span 4 =      0.000,    141.250       
# span 5 =  1001.1669,  1024.6303       
# span 6 =   3912.880,  49609.140       
# span 7 =     2.1674,    31.1528       
# span 8 =     -0.062,     59.439       
# span 9 =    6.08668,    7.42047       
# span 10 =     7.2352,    13.9827      
# span 11 =     7.2396,    13.9828      
# span 12 =     1.1671,    24.3563      
# span 13 =   11.10657,   13.66920      
# span 14 = 6.2889e-02, 1.8621e+03      
# span 15 =     -0.063,     60.009      
# span 16 = 0.0000e+00, 0.0000e+00      
# interval = seconds: 0.25
# start_time = Jun 16 2016 16:13:16 [Instrument's time stamp, header]
# bad_flag = -9.990e-29
*END*
[from data line 511]
        512 168.677358    0.03549     2.1292    127.750  1024.5598  49572.344    31.1302     47.660    6.88438     7.2417     7.2559    24.3388   12.38674 6.4746e-02     48.115 0.0000e+00
        513 168.677361    0.03556     2.1333    128.000  1024.5637  49577.709    31.1329     47.879    6.88515     7.2386     7.2503    24.3416   12.38798 6.4490e-02     48.336 0.0000e+00
        514 168.677364    0.03562     2.1375    128.250  1024.5672  49582.370    31.1353     48.095    6.88572     7.2366     7.2460    24.3441   12.38889 6.4242e-02     48.555 0.0000e+00
        515 168.677367    0.03569     2.1417    128.500  1024.5703  49586.346    31.1375     48.310    6.88611     7.2354     7.2429    24.3462   12.38950 6.4008e-02     48.772 0.0000e+00
        516 168.677370    0.03576     2.1458    128.750  1024.5733  49590.246    31.1397     48.523    6.88633     7.2352     7.2409    24.3483   12.38985 6.3794e-02     48.987 0.0000e+00
        517 168.677373    0.03583     2.1500    129.000  1024.5763  49593.920    31.1420     48.736    6.88640     7.2356     7.2398    24.3502   12.38994 6.3610e-02     49.202 0.0000e+00
        518 168.677376    0.03590     2.1542    129.250  1024.5785  49596.269    31.1435     48.949    6.88636     7.2362     7.2396    24.3514   12.38986 6.3453e-02     49.417 0.0000e+00
        519 168.677378    0.03597     2.1583    129.500  1024.5797  49596.858    31.1439     49.163    6.88628     7.2368     7.2400    24.3516   12.38971 6.3324e-02     49.633 0.0000e+00
        520 168.677381    0.03604     2.1625    129.750  1024.5804  49596.564    31.1437     49.376    6.88618     7.2373     7.2407    24.3514   12.38956 6.3226e-02     49.848 0.0000e+00
        521 168.677384    0.03611     2.1667    130.000  1024.5813  49596.509    31.1437     49.585    6.88609     7.2379     7.2412    24.3513   12.38941 6.3170e-02     50.059 0.0000e+00
        522 168.677387    0.03618     2.1708    130.250  1024.5824  49596.917    31.1440     49.787    6.88600     7.2386     7.2418    24.3515   12.38925 6.3183e-02     50.263 0.0000e+00
        523 168.677390    0.03625     2.1750    130.500  1024.5834  49597.288    31.1443     49.981    6.88589     7.2393     7.2424    24.3516   12.38906 6.3307e-02     50.459 0.0000e+00
        524 168.677393    0.03632     2.1792    130.750  1024.5843  49597.326    31.1443     50.169    6.88577     7.2400     7.2431    24.3516   12.38887 6.3509e-02     50.649 0.0000e+00
        525 168.677396    0.03639     2.1833    131.000  1024.5850  49597.093    31.1442     50.358    6.88566     7.2407     7.2438    24.3514   12.38868 6.3671e-02     50.840 0.0000e+00
        526 168.677399    0.03646     2.1875    131.250  1024.5857  49596.951    31.1441     50.552    6.88555     7.2414     7.2446    24.3512   12.38850 6.3745e-02     51.036 0.0000e+00
        527 168.677402    0.03653     2.1917    131.500  1024.5868  49597.334    31.1444     50.753    6.88543     7.2423     7.2453    24.3514   12.38829 6.3757e-02     51.239 0.0000e+00
        528 168.677405    0.03660     2.1958    131.750  1024.5883  49598.376    31.1452     50.960    6.88528     7.2435     7.2460    24.3519   12.38804 6.3734e-02     51.447 0.0000e+00
        529 168.677407    0.03667     2.2000    132.000  1024.5900  49599.882    31.1463     51.169    6.88509     7.2451     7.2468    24.3526   12.38771 6.3696e-02     51.658 0.0000e+00
        530 168.677410    0.03674     2.2042    132.250  1024.5918  49601.524    31.1475     51.378    6.88484     7.2471     7.2481    24.3535   12.38728 6.3654e-02     51.869 0.0000e+00
        531 168.677413    0.03681     2.2083    132.500  1024.5935  49603.132    31.1488     51.586    6.88452     7.2495     7.2497    24.3543   12.38674 6.3619e-02     52.079 0.0000e+00
        532 168.677416    0.03687     2.2125    132.750  1024.5952  49604.568    31.1501     51.794    6.88415     7.2522     7.2517    24.3550   12.38610 6.3588e-02     52.290 0.0000e+00
        533 168.677419    0.03694     2.2167    133.000  1024.5969  49605.963    31.1513     52.004    6.88371     7.2553     7.2541    24.3557   12.38537 6.3550e-02     52.502 0.0000e+00
        534 168.677422    0.03701     2.2208    133.250  1024.5985  49607.304    31.1526     52.217    6.88322     7.2582     7.2569    24.3563   12.38453 6.3516e-02     52.717 0.0000e+00
        535 168.677425    0.03708     2.2250    133.500  1024.5993  49607.006    31.1528     52.432    6.88272     7.2603     7.2600    24.3561   12.38371 6.3497e-02     52.934 0.0000e+00
        536 168.677428    0.03715     2.2292    133.750  1024.5987  49604.264    31.1513     52.649    6.88231     7.2613     7.2629    24.3545   12.38306 6.3486e-02     53.152 0.0000e+00
        537 168.677431    0.03722     2.2333    134.000  1024.5979  49600.992    31.1493     52.868    6.88207     7.2614     7.2651    24.3526   12.38268 6.3475e-02     53.373 0.0000e+00
        538 168.677433    0.03729     2.2375    134.250  1024.5975  49598.686    31.1478     53.089    6.88197     7.2610     7.2661    24.3513   12.38254 6.3455e-02     53.597 0.0000e+00
        539 168.677436    0.03736     2.2417    134.500  1024.5979  49597.576    31.1469     53.312    6.88199     7.2605     7.2662    24.3506   12.38258 6.3423e-02     53.822 0.0000e+00
        540 168.677439    0.03743     2.2458    134.750  1024.5989  49597.649    31.1468     53.539    6.88206     7.2600     7.2658    24.3506   12.38269 6.3380e-02     54.051 0.0000e+00
        541 168.677442    0.03750     2.2500    135.000  1024.6002  49598.334    31.1471     53.769    6.88213     7.2596     7.2653    24.3508   12.38281 6.3327e-02     54.284 0.0000e+00
        542 168.677445    0.03757     2.2542    135.250  1024.6016  49598.974    31.1474     54.002    6.88219     7.2592     7.2648    24.3511   12.38291 6.3266e-02     54.519 0.0000e+00
        543 168.677448    0.03764     2.2583    135.500  1024.6027  49599.184    31.1474     54.236    6.88225     7.2587     7.2645    24.3512   12.38301 6.3208e-02     54.755 0.0000e+00
        544 168.677451    0.03771     2.2625    135.750  1024.6036  49598.906    31.1470     54.470    6.88233     7.2579     7.2641    24.3509   12.38314 6.3167e-02     54.992 0.0000e+00
        545 168.677454    0.03778     2.2667    136.000  1024.6044  49598.513    31.1465     54.707    6.88244     7.2569     7.2636    24.3506   12.38332 6.3132e-02     55.231 0.0000e+00
        546 168.677457    0.03785     2.2708    136.250  1024.6052  49598.147    31.1460     54.945    6.88258     7.2557     7.2628    24.3504   12.38356 6.3091e-02     55.471 0.0000e+00
        547 168.677459    0.03792     2.2750    136.500  1024.6059  49597.530    31.1453     55.184    6.88276     7.2541     7.2618    24.3499   12.38387 6.3045e-02     55.712 0.0000e+00
        548 168.677462    0.03799     2.2792    136.750  1024.6066  49596.962    31.1446     55.422    6.88299     7.2524     7.2606    24.3495   12.38426 6.2998e-02     55.953 0.0000e+00
        549 168.677465    0.03806     2.2833    137.000  1024.6077  49597.069    31.1443     55.660    6.88325     7.2509     7.2591    24.3495   12.38469 6.2953e-02     56.193 0.0000e+00
        550 168.677468    0.03812     2.2875    137.250  1024.6092  49597.976    31.1446     55.896    6.88350     7.2498     7.2574    24.3499   12.38510 6.2919e-02     56.431 0.0000e+00
        551 168.677471    0.03819     2.2917    137.500  1024.6110  49599.476    31.1452     56.133    6.88370     7.2492     7.2559    24.3507   12.38542 6.2910e-02     56.671 0.0000e+00
        552 168.677474    0.03826     2.2958    137.750  1024.6130  49601.141    31.1461     56.375    6.88383     7.2490     7.2549    24.3515   12.38562 6.2919e-02     56.915 0.0000e+00
        553 168.677477    0.03833     2.3000    138.000  1024.6148  49602.476    31.1468     56.622    6.88389     7.2489     7.2543    24.3521   12.38572 6.2923e-02     57.165 0.0000e+00
        554 168.677480    0.03840     2.3042    138.250  1024.6162  49603.132    31.1471     56.874    6.88391     7.2488     7.2540    24.3524   12.38575 6.2912e-02     57.419 0.0000e+00
        555 168.677483    0.03847     2.3083    138.500  1024.6173  49603.180    31.1470     57.130    6.88392     7.2487     7.2540    24.3523   12.38577 6.2895e-02     57.677 0.0000e+00
        556 168.677486    0.03854     2.3125    138.750  1024.6184  49603.150    31.1469     57.388    6.88394     7.2486     7.2540    24.3522   12.38579 6.2889e-02     57.937 0.0000e+00
        557 168.677488    0.03861     2.3167    139.000  1024.6197  49603.465    31.1470     57.646    6.88395     7.2485     7.2539    24.3523   12.38581 6.2908e-02     58.199 0.0000e+00
        558 168.677491    0.03868     2.3208    139.250  1024.6212  49604.119    31.1473     57.905    6.88395     7.2486     7.2538    24.3526   12.38581 6.2953e-02     58.460 0.0000e+00
        559 168.677494    0.03875     2.3250    139.500  1024.6227  49604.967    31.1478     58.163    6.88393     7.2489     7.2537    24.3530   12.38578 6.3021e-02     58.721 0.0000e+00
        560 168.677497    0.03882     2.3292    139.750  1024.6245  49606.220    31.1485     58.420    6.88388     7.2493     7.2538    24.3536   12.38569 6.3111e-02     58.980 0.0000e+00
        561 168.677500    0.03889     2.3333    140.000  1024.6264  49607.802    31.1496     58.672    6.88379     7.2499     7.2541    24.3543   12.38553 6.3229e-02     59.233 0.0000e+00
        562 168.677503    0.03896     2.3375    140.250  1024.6280  49608.886    31.1503     58.908    6.88369     7.2504     7.2546    24.3548   12.38534 6.3386e-02     59.472 0.0000e+00
        563 168.677506    0.03903     2.3417    140.500  1024.6291  49609.140    31.1505     59.117    6.88359     7.2506     7.2551    24.3549   12.38518 6.3572e-02     59.684 0.0000e+00
        564 168.677509    0.03910     2.3458    140.750  1024.6297  49609.027    31.1504     59.287    6.88351     7.2507     7.2556    24.3548   12.38505 6.3752e-02     59.855 0.0000e+00
        565 168.677512    0.03917     2.3500    141.000  1024.6301  49608.931    31.1503     59.399    6.88346 -9.990e-29     7.2559    24.3547   12.38498 6.3882e-02     59.969 0.0000e+00
        566 168.677514    0.03924     2.3542    141.250  1024.6303  49608.909    31.1503     59.439    6.88345 -9.990e-29     7.2560    24.3547   12.38496 6.3928e-02     60.009 0.0000e+00
