CTD-processing/allCTD/CNV--homogene/2016_08-30_t7_s11_cast078.cnv
* Sea-Bird SBE19plus Data File:
* FileName = C:\Users\Kim.Powell\Desktop\2016_08-30_T7_5028\2016_08-30_T7_5028_cast078.hex
* Software Version 1.59
* Temperature SN =  5028
* Conductivity SN =  5028
* System UpLoad Time = Aug 30 2016 17:34:09
** CookInlet LTM Transect 7
** 2016_08-30
** Station: 7-11
** Start Time: 11:49
** Depth (m): 66.4
** Comment:
** Comment:
# nquan = 17
# nvalues = 573                         
# units = specified
# name 0 = scan: Scan Count
# name 1 = timeJ: Julian Days
# name 2 = timeH: Time, Elapsed [hours]
# name 3 = timeM: Time, Elapsed [minutes]
# name 4 = timeS: Time, Elapsed [seconds]
# name 5 = density00: Density [density, kg/m^3]
# name 6 = specc: Specific Conductance [uS/cm]
# name 7 = sal00: Salinity, Practical [PSU]
# name 8 = depSM: Depth [salt water, m], lat = 59.00
# name 9 = oxsolML/L: Oxygen Saturation, Garcia & Gordon [ml/l]
# name 10 = potemp090C: Potential Temperature [ITS-90, deg C]
# name 11 = tv290C: Temperature [ITS-90, deg C]
# name 12 = sigma-é00: Density [sigma-theta, kg/m^3]
# name 13 = n2satML/L: Nitrogen Saturation [ml/l]
# name 14 = par: PAR/Irradiance, Biospherical/Licor
# name 15 = prdM: Pressure, Strain Gauge [db]
# name 16 = flag:  0.000e+00
# span 0 =          1,        573       
# span 1 = 243.492454, 243.494109       
# span 2 =    0.00000,    0.03972       
# span 3 =     0.0000,     2.3833       
# span 4 =      0.000,    143.000       
# span 5 =   999.4853,  1024.1000       
# span 6 =    140.554,  48838.272       
# span 7 =     0.0668,    31.0517       
# span 8 =     -0.036,     61.509       
# span 9 =    6.09845,    7.44290       
# span 10 =    10.3144,    13.2423      
# span 11 =    10.3214,    13.2453      
# span 12 =    -0.5145,    23.8190      
# span 13 =   11.10192,   13.73520      
# span 14 = 7.3775e-02, 1.4750e+03      
# span 15 =     -0.037,     62.099      
# span 16 = 0.0000e+00, 0.0000e+00      
# interval = seconds: 0.25
# start_time = Aug 30 2016 11:49:08 [Instrument's time stamp, header]
# bad_flag = -9.990e-29
*END*
[from data line 426]
        427 243.493686    0.02958     1.7750    106.500  1022.5481  46738.301    29.8491     28.908    6.12826    12.9127    12.9450    22.4174   11.14898 1.1066e+00     29.182 0.0000e+00
        428 243.493689    0.02965     1.7792    106.750  1022.5535  46743.425    29.8515     29.115    6.12988    12.8964    12.9315    22.4218   11.15166 1.0542e+00     29.392 0.0000e+00
        429 243.493692    0.02972     1.7833    107.000  1022.5599  46750.095    29.8549     29.327    6.13167    12.8795    12.9166    22.4273   11.15458 1.0039e+00     29.606 0.0000e+00
        430 243.493695    0.02979     1.7875    107.250  1022.5676  46758.905    29.8597     29.544    6.13356    12.8621    12.9003    22.4340   11.15768 9.5570e-01     29.825 0.0000e+00
        431 243.493698    0.02986     1.7917    107.500  1022.5761  46768.887    29.8652     29.767    6.13552    12.8443    12.8834    22.4415   11.16086 9.0950e-01     30.050 0.0000e+00
        432 243.493701    0.02993     1.7958    107.750  1022.5852  46779.681    29.8712     29.995    6.13751    12.8261    12.8660    22.4495   11.16410 8.6526e-01     30.280 0.0000e+00
        433 243.493704    0.03000     1.8000    108.000  1022.5947  46791.292    29.8778     30.229    6.13953    12.8074    12.8482    22.4580   11.16739 8.2277e-01     30.517 0.0000e+00
        434 243.493707    0.03007     1.8042    108.250  1022.6044  46803.037    29.8845     30.470    6.14160    12.7883    12.8301    22.4666   11.17074 7.8173e-01     30.760 0.0000e+00
        435 243.493709    0.03014     1.8083    108.500  1022.6145  46815.301    29.8915     30.719    6.14373    12.7694    12.8114    22.4755   11.17420 7.4203e-01     31.011 0.0000e+00
        436 243.493712    0.03021     1.8125    108.750  1022.6253  46828.711    29.8992     30.975    6.14589    12.7513    12.7923    22.4851   11.17770 7.0369e-01     31.270 0.0000e+00
        437 243.493715    0.03028     1.8167    109.000  1022.6361  46842.307    29.9071     31.241    6.14801    12.7339    12.7734    22.4948   11.18113 6.6678e-01     31.538 0.0000e+00
        438 243.493718    0.03035     1.8208    109.250  1022.6462  46854.618    29.9141     31.514    6.15005    12.7160    12.7554    22.5036   11.18444 6.3128e-01     31.814 0.0000e+00
        439 243.493721    0.03042     1.8250    109.500  1022.6551  46864.847    29.9197     31.793    6.15207    12.6961    12.7380    22.5113   11.18774 5.9729e-01     32.096 0.0000e+00
        440 243.493724    0.03049     1.8292    109.750  1022.6633  46873.703    29.9243     32.074    6.15420    12.6737    12.7201    22.5182   11.19122 5.6520e-01     32.379 0.0000e+00
        441 243.493727    0.03056     1.8333    110.000  1022.6723  46883.604    29.9295     32.349    6.15656    12.6501    12.7003    22.5259   11.19508 5.3567e-01     32.657 0.0000e+00
        442 243.493730    0.03062     1.8375    110.250  1022.6835  46897.044    29.9369     32.612    6.15915    12.6276    12.6779    22.5359   11.19930 5.0947e-01     32.923 0.0000e+00
        443 243.493733    0.03069     1.8417    110.500  1022.6969  46914.417    29.9470     32.856    6.16181    12.6083    12.6543    22.5481   11.20359 4.8714e-01     33.169 0.0000e+00
        444 243.493736    0.03076     1.8458    110.750  1022.7109  46933.360    29.9584     33.075    6.16428    12.5931    12.6318    22.5611   11.20755 4.6862e-01     33.389 0.0000e+00
        445 243.493738    0.03083     1.8500    111.000  1022.7234  46950.611    29.9688     33.268    6.16636    12.5814    12.6126    22.5728   11.21088 4.5336e-01     33.585 0.0000e+00
        446 243.493741    0.03090     1.8542    111.250  1022.7335  46964.288    29.9771     33.442    6.16800    12.5722    12.5974    22.5820   11.21352 4.4055e-01     33.760 0.0000e+00
        447 243.493744    0.03097     1.8583    111.500  1022.7410  46974.297    29.9831     33.602    6.16928    12.5645    12.5857    22.5889   11.21558 4.2918e-01     33.922 0.0000e+00
        448 243.493747    0.03104     1.8625    111.750  1022.7467  46981.435    29.9872     33.760    6.17030    12.5573    12.5765    22.5938   11.21723 4.1824e-01     34.082 0.0000e+00
        449 243.493750    0.03111     1.8667    112.000  1022.7511  46986.495    29.9901     33.925    6.17119    12.5498    12.5688    22.5975   11.21866 4.0695e-01     34.249 0.0000e+00
        450 243.493753    0.03118     1.8708    112.250  1022.7547  46990.117    29.9919     34.108    6.17204    12.5412    12.5617    22.6002   11.22006 3.9485e-01     34.433 0.0000e+00
        451 243.493756    0.03125     1.8750    112.500  1022.7580  46992.992    29.9932     34.314    6.17296    12.5309    12.5542    22.6026   11.22157 3.8169e-01     34.641 0.0000e+00
        452 243.493759    0.03132     1.8792    112.750  1022.7615  46995.657    29.9942     34.548    6.17403    12.5182    12.5457    22.6050   11.22333 3.6742e-01     34.877 0.0000e+00
        453 243.493762    0.03139     1.8833    113.000  1022.7655  46998.712    29.9954     34.810    6.17532    12.5026    12.5354    22.6078   11.22546 3.5229e-01     35.142 0.0000e+00
        454 243.493764    0.03146     1.8875    113.250  1022.7703  47002.653    29.9969     35.096    6.17690    12.4829    12.5227    22.6114   11.22807 3.3670e-01     35.430 0.0000e+00
        455 243.493767    0.03153     1.8917    113.500  1022.7756  47006.673    29.9982     35.400    6.17888    12.4577    12.5071    22.6153   11.23133 3.2121e-01     35.737 0.0000e+00
        456 243.493770    0.03160     1.8958    113.750  1022.7821  47011.811    29.9999     35.713    6.18137    12.4285    12.4874    22.6203   11.23545 3.0644e-01     36.053 0.0000e+00
        457 243.493773    0.03167     1.9000    114.000  1022.7927  47023.561    30.0058     36.022    6.18441    12.3999    12.4622    22.6295   11.24044 2.9287e-01     36.365 0.0000e+00
        458 243.493776    0.03174     1.9042    114.250  1022.8086  47044.138    30.0176     36.316    6.18774    12.3756    12.4331    22.6441   11.24583 2.8093e-01     36.661 0.0000e+00
        459 243.493779    0.03181     1.9083    114.500  1022.8263  47068.387    30.0320     36.584    6.19089    12.3566    12.4045    22.6605   11.25090 2.7088e-01     36.932 0.0000e+00
        460 243.493782    0.03188     1.9125    114.750  1022.8423  47090.610    30.0454     36.820    6.19354    12.3425    12.3802    22.6754   11.25513 2.6275e-01     37.170 0.0000e+00
        461 243.493785    0.03194     1.9167    115.000  1022.8551  47108.391    30.0562     37.020    6.19558    12.3322    12.3613    22.6873   11.25840 2.5631e-01     37.373 0.0000e+00
        462 243.493788    0.03201     1.9208    115.250  1022.8646  47121.444    30.0641     37.191    6.19711    12.3243    12.3472    22.6960   11.26085 2.5107e-01     37.546 0.0000e+00
        463 243.493791    0.03208     1.9250    115.500  1022.8713  47130.393    30.0694     37.343    6.19825    12.3175    12.3369    22.7020   11.26268 2.4650e-01     37.699 0.0000e+00
        464 243.493793    0.03215     1.9292    115.750  1022.8759  47136.082    30.0727     37.488    6.19915    12.3108    12.3290    22.7060   11.26414 2.4211e-01     37.845 0.0000e+00
        465 243.493796    0.03222     1.9333    116.000  1022.8792  47139.446    30.0744     37.640    6.19996    12.3031    12.3223    22.7086   11.26546 2.3752e-01     37.998 0.0000e+00
        466 243.493799    0.03229     1.9375    116.250  1022.8817  47141.376    30.0751     37.810    6.20081    12.2932    12.3156    22.7103   11.26686 2.3245e-01     38.170 0.0000e+00
        467 243.493802    0.03236     1.9417    116.500  1022.8840  47142.392    30.0750     38.008    6.20183    12.2798    12.3079    22.7117   11.26855 2.2675e-01     38.370 0.0000e+00
        468 243.493805    0.03243     1.9458    116.750  1022.8862  47142.623    30.0741     38.237    6.20315    12.2608    12.2980    22.7129   11.27075 2.2046e-01     38.602 0.0000e+00
        469 243.493808    0.03250     1.9500    117.000  1022.8884  47141.922    30.0723     38.495    6.20497    12.2337    12.2847    22.7139   11.27380 2.1376e-01     38.863 0.0000e+00
        470 243.493811    0.03257     1.9542    117.250  1022.8910  47140.666    30.0695     38.777    6.20756    12.1966    12.2657    22.7152   11.27814 2.0685e-01     39.147 0.0000e+00
        471 243.493814    0.03264     1.9583    117.500  1022.8959  47141.758    30.0676     39.074    6.21119    12.1505    12.2386    22.7187   11.28419 2.0000e-01     39.447 0.0000e+00
        472 243.493817    0.03271     1.9625    117.750  1022.9065  47151.314    30.0707     39.375    6.21594    12.1004    12.2015    22.7280   11.29203 1.9348e-01     39.751 0.0000e+00
        473 243.493819    0.03278     1.9667    118.000  1022.9255  47174.464    30.0826     39.671    6.22152    12.0529    12.1555    22.7456   11.30116 1.8750e-01     40.049 0.0000e+00
        474 243.493822    0.03285     1.9708    118.250  1022.9515  47209.551    30.1025     39.954    6.22732    12.0128    12.1054    22.7702   11.31056 1.8218e-01     40.335 0.0000e+00
        475 243.493825    0.03292     1.9750    118.500  1022.9793  47248.853    30.1257     40.221    6.23266    11.9814    12.0579    22.7968   11.31915 1.7750e-01     40.604 0.0000e+00
        476 243.493828    0.03299     1.9792    118.750  1023.0043  47284.556    30.1470     40.469    6.23711    11.9574    12.0179    22.8206   11.32628 1.7337e-01     40.855 0.0000e+00
        477 243.493831    0.03306     1.9833    119.000  1023.0242  47312.927    30.1640     40.699    6.24059    11.9391    11.9864    22.8395   11.33187 1.6971e-01     41.088 0.0000e+00
        478 243.493834    0.03313     1.9875    119.250  1023.0392  47333.937    30.1765     40.915    6.24326    11.9246    11.9625    22.8535   11.33615 1.6642e-01     41.305 0.0000e+00
        479 243.493837    0.03319     1.9917    119.500  1023.0504  47349.061    30.1853     41.120    6.24533    11.9124    11.9442    22.8637   11.33949 1.6339e-01     41.512 0.0000e+00
        480 243.493840    0.03326     1.9958    119.750  1023.0587  47359.992    30.1915     41.319    6.24700    11.9016    11.9297    22.8711   11.34218 1.6053e-01     41.713 0.0000e+00
        481 243.493843    0.03333     2.0000    120.000  1023.0653  47368.195    30.1961     41.516    6.24842    11.8913    11.9176    22.8769   11.34449 1.5776e-01     41.912 0.0000e+00
        482 243.493845    0.03340     2.0042    120.250  1023.0710  47374.882    30.1996     41.714    6.24972    11.8812    11.9067    22.8816   11.34660 1.5504e-01     42.113 0.0000e+00
        483 243.493848    0.03347     2.0083    120.500  1023.0763  47380.933    30.2028     41.917    6.25095    11.8709    11.8964    22.8860   11.34861 1.5235e-01     42.317 0.0000e+00
        484 243.493851    0.03354     2.0125    120.750  1023.0815  47386.799    30.2059     42.125    6.25218    11.8601    11.8863    22.8902   11.35060 1.4968e-01     42.527 0.0000e+00
        485 243.493854    0.03361     2.0167    121.000  1023.0865  47392.362    30.2087     42.339    6.25343    11.8483    11.8761    22.8942   11.35264 1.4702e-01     42.743 0.0000e+00
        486 243.493857    0.03368     2.0208    121.250  1023.0913  47397.419    30.2112     42.559    6.25475    11.8350    11.8653    22.8980   11.35482 1.4438e-01     42.965 0.0000e+00
        487 243.493860    0.03375     2.0250    121.500  1023.0963  47402.544    30.2136     42.785    6.25622    11.8203    11.8535    22.9020   11.35723 1.4176e-01     43.193 0.0000e+00
        488 243.493863    0.03382     2.0292    121.750  1023.1024  47409.316    30.2169     43.017    6.25786    11.8056    11.8402    22.9070   11.35990 1.3918e-01     43.428 0.0000e+00
        489 243.493866    0.03389     2.0333    122.000  1023.1101  47418.698    30.2220     43.256    6.25960    11.7918    11.8256    22.9136   11.36273 1.3662e-01     43.669 0.0000e+00
        490 243.493869    0.03396     2.0375    122.250  1023.1186  47429.656    30.2282     43.501    6.26131    11.7791    11.8109    22.9211   11.36550 1.3411e-01     43.917 0.0000e+00
        491 243.493872    0.03403     2.0417    122.500  1023.1273  47440.847    30.2347     43.751    6.26289    11.7674    11.7972    22.9285   11.36805 1.3167e-01     44.169 0.0000e+00
        492 243.493874    0.03410     2.0458    122.750  1023.1358  47452.073    30.2412     44.005    6.26431    11.7567    11.7845    22.9359   11.37033 1.2933e-01     44.425 0.0000e+00
        493 243.493877    0.03417     2.0500    123.000  1023.1442  47463.253    30.2479     44.259    6.26559    11.7465    11.7729    22.9431   11.37238 1.2712e-01     44.681 0.0000e+00
        494 243.493880    0.03424     2.0542    123.250  1023.1521  47473.663    30.2541     44.511    6.26678    11.7367    11.7621    22.9499   11.37428 1.2504e-01     44.935 0.0000e+00
        495 243.493883    0.03431     2.0583    123.500  1023.1593  47482.969    30.2595     44.757    6.26791    11.7271    11.7520    22.9559   11.37609 1.2308e-01     45.184 0.0000e+00
        496 243.493886    0.03438     2.0625    123.750  1023.1659  47491.290    30.2644     44.995    6.26903    11.7176    11.7422    22.9614   11.37789 1.2126e-01     45.425 0.0000e+00
        497 243.493889    0.03444     2.0667    124.000  1023.1719  47498.755    30.2686     45.222    6.27015    11.7086    11.7326    22.9664   11.37969 1.1957e-01     45.654 0.0000e+00
        498 243.493892    0.03451     2.0708    124.250  1023.1776  47505.724    30.2725     45.437    6.27125    11.7001    11.7231    22.9712   11.38148 1.1801e-01     45.871 0.0000e+00
        499 243.493895    0.03458     2.0750    124.500  1023.1829  47512.105    30.2760     45.640    6.27232    11.6918    11.7141    22.9755   11.38320 1.1658e-01     46.075 0.0000e+00
        500 243.493898    0.03465     2.0792    124.750  1023.1873  47517.197    30.2787     45.832    6.27335    11.6829    11.7056    22.9791   11.38488 1.1527e-01     46.269 0.0000e+00
        501 243.493900    0.03472     2.0833    125.000  1023.1907  47520.420    30.2800     46.017    6.27440    11.6723    11.6974    22.9817   11.38661 1.1405e-01     46.456 0.0000e+00
        502 243.493903    0.03479     2.0875    125.250  1023.1931  47521.660    30.2799     46.200    6.27558    11.6587    11.6885    22.9832   11.38857 1.1289e-01     46.641 0.0000e+00
        503 243.493906    0.03486     2.0917    125.500  1023.1946  47521.104    30.2784     46.385    6.27705    11.6408    11.6780    22.9839   11.39103 1.1176e-01     46.828 0.0000e+00
        504 243.493909    0.03493     2.0958    125.750  1023.1959  47519.404    30.2758     46.576    6.27897    11.6179    11.6644    22.9842   11.39425 1.1063e-01     47.020 0.0000e+00
        505 243.493912    0.03500     2.1000    126.000  1023.1982  47518.863    30.2735     46.777    6.28146    11.5906    11.6465    22.9857   11.39841 1.0946e-01     47.223 0.0000e+00
        506 243.493915    0.03507     2.1042    126.250  1023.2037  47523.009    30.2740     46.991    6.28450    11.5605    11.6236    22.9901   11.40345 1.0825e-01     47.440 0.0000e+00
        507 243.493918    0.03514     2.1083    126.500  1023.2135  47534.156    30.2790     47.221    6.28796    11.5294    11.5964    22.9988   11.40912 1.0699e-01     47.673 0.0000e+00
        508 243.493921    0.03521     2.1125    126.750  1023.2273  47552.015    30.2884     47.467    6.29162    11.4985    11.5663    23.0115   11.41508 1.0571e-01     47.921 0.0000e+00
        509 243.493924    0.03528     2.1167    127.000  1023.2435  47574.014    30.3006     47.727    6.29531    11.4681    11.5351    23.0265   11.42106 1.0445e-01     48.184 0.0000e+00
        510 243.493927    0.03535     2.1208    127.250  1023.2606  47597.674    30.3141     47.997    6.29893    11.4391    11.5042    23.0424   11.42691 1.0320e-01     48.456 0.0000e+00
