CTD-processing/allCTD/CNV--homogene/2016_04-11_t3_s13_cast207.cnv
* Sea-Bird SBE19plus Data File:
* FileName = C:\Users\Kris.Holderied\Documents\kasitsna\Research-KBL\Oceanography-AK\CTD-Data-ALL-to-2016-02\2016-CTD-KachemakBay-CookInlet\2016-04-CookInlet-quarterly\2016-04-11-CookInlet-Tran3-AnchorPt\2016-04-11-CookInlet-Tran3-cast207.hex
* Software Version 1.59
* Temperature SN =  5028
* Conductivity SN =  5028
* System UpLoad Time = Apr 11 2016 11:23:09
** Cook Inlet LTM Tran3 Anchor Pt west to east
** Date (YYYY-MM-DD): 2016-04-11
** Station (ie. 9-01): 3-13
** Start time (AKST): 10:26
** Depth (m): 29
** Comment:  R/V Pandalus.
** Comment:
# nquan = 17
# nvalues = 438                         
# units = specified
# name 0 = scan: Scan Count
# name 1 = timeJ: Julian Days
# name 2 = timeH: Time, Elapsed [hours]
# name 3 = timeM: Time, Elapsed [minutes]
# name 4 = timeS: Time, Elapsed [seconds]
# name 5 = density00: Density [density, kg/m^3]
# name 6 = specc: Specific Conductance [uS/cm]
# name 7 = sal00: Salinity, Practical [PSU]
# name 8 = depSM: Depth [salt water, m], lat = 59.00
# name 9 = oxsolML/L: Oxygen Saturation, Garcia & Gordon [ml/l]
# name 10 = potemp090C: Potential Temperature [ITS-90, deg C]
# name 11 = tv290C: Temperature [ITS-90, deg C]
# name 12 = sigma-é00: Density [sigma-theta, kg/m^3]
# name 13 = n2satML/L: Nitrogen Saturation [ml/l]
# name 14 = par: PAR/Irradiance, Biospherical/Licor
# name 15 = prdM: Pressure, Strain Gauge [db]
# name 16 = flag:  0.000e+00
# span 0 =          1,        438       
# span 1 = 102.434410, 102.435674       
# span 2 =    0.00000,    0.03035       
# span 3 =     0.0000,     1.8208       
# span 4 =      0.000,    109.250       
# span 5 =  1000.8147,  1024.7567       
# span 6 =   2161.255,  50096.870       
# span 7 =     1.0725,    31.3107       
# span 8 =     -0.176,     30.063       
# span 9 =    7.04959,    8.77250       
# span 10 =     5.4313,     6.1810      
# span 11 =     5.4313,     6.1834      
# span 12 =     0.8155,    24.6169      
# span 13 =   12.65761,   15.96300      
# span 14 = 9.0147e-02, 1.4142e+02      
# span 15 =     -0.178,     30.349      
# span 16 = 0.0000e+00, 0.0000e+00      
# interval = seconds: 0.25
# start_time = Apr 11 2016 10:25:33 [Instrument's time stamp, header]
# bad_flag = -9.990e-29
*END*
[from data line 426]
        427 102.435642    0.02958     1.7750    106.500  1024.7452  50094.814    31.3099     27.649    7.04964     6.1810     6.1832    24.6162   12.65769 1.4203e-01     27.912 0.0000e+00
        428 102.435645    0.02965     1.7792    106.750  1024.7464  50095.097    31.3100     27.894    7.04963     6.1810     6.1832    24.6163   12.65768 1.3534e-01     28.159 0.0000e+00
        429 102.435648    0.02972     1.7833    107.000  1024.7477  50095.434    31.3101     28.152    7.04962     6.1809     6.1832    24.6164   12.65766 1.2870e-01     28.419 0.0000e+00
        430 102.435651    0.02979     1.7875    107.250  1024.7490  50095.786    31.3102     28.419    7.04962     6.1809     6.1832    24.6165   12.65765 1.2215e-01     28.689 0.0000e+00
        431 102.435654    0.02986     1.7917    107.500  1024.7504  50096.107    31.3103     28.690    7.04961     6.1809     6.1833    24.6165   12.65764 1.1583e-01     28.963 0.0000e+00
        432 102.435657    0.02993     1.7958    107.750  1024.7517  50096.370    31.3104     28.960    7.04961     6.1809     6.1833    24.6166   12.65763 1.0991e-01     29.236 0.0000e+00
        433 102.435660    0.03000     1.8000    108.000  1024.7529  50096.611    31.3104     29.224    7.04960     6.1809     6.1833    24.6166   12.65762 1.0453e-01     29.502 0.0000e+00
        434 102.435663    0.03007     1.8042    108.250  1024.7541  50096.793    31.3104     29.474    7.04960     6.1809     6.1833    24.6166   12.65761 9.9789e-02     29.755 0.0000e+00
        435 102.435666    0.03014     1.8083    108.500  1024.7551  50096.857    31.3104     29.700    7.04960     6.1809     6.1833    24.6165   12.65761 9.5828e-02     29.982 0.0000e+00
        436 102.435668    0.03021     1.8125    108.750  1024.7559  50096.864    31.3103     29.886    7.04960     6.1809     6.1834    24.6165   12.65761 9.2783e-02     30.171 0.0000e+00
        437 102.435671    0.03028     1.8167    109.000  1024.7565  50096.868    31.3102     30.016    7.04959 -9.990e-29     6.1834    24.6164   12.65761 9.0826e-02     30.301 0.0000e+00
        438 102.435674    0.03035     1.8208    109.250  1024.7567  50096.870    31.3102     30.063    7.04959 -9.990e-29     6.1834    24.6164   12.65761 9.0147e-02     30.349 0.0000e+00
