CTD-processing/allCTD/CNV--homogene/2016_12-12_t6_s06_cast165.cnv
* Sea-Bird SBE19plus Data File:
* FileName = P:\My Documents\kasitsna\Research-KBL\Oceanography-AK\CTD-Data-ALL-to-2016-05\2016-CTD-KachemakBay-CookInlet\2016-12-CookInlet-quarterly\2016-12-12-CookInlet-Tran6-Douglas\2016-12-12-CookInlet-Tran6-cast165.hex
* Software Version 1.59
* Temperature SN =  5028
* Conductivity SN =  5028
* System UpLoad Time = Dec 12 2016 22:13:05
** Cook Inlet LTM Tran 6 Douglas east to west, partial
** Date: (YYYY-MM-DD): 2016-12-12
** Station: (eg. 9-01): 6-06
** Start time (AKST): 17:43
** Depth (m): 139
** Comment: CTD time 1 hr ahead on AK daylight time
** Comment: R/V Alaska Dream Catcher
** Comment: Partial transect due to weather. Only to 6-16 and skipped stations.
# nquan = 17
# nvalues = 886                         
# units = specified
# name 0 = scan: Scan Count
# name 1 = timeJ: Julian Days
# name 2 = timeH: Time, Elapsed [hours]
# name 3 = timeM: Time, Elapsed [minutes]
# name 4 = timeS: Time, Elapsed [seconds]
# name 5 = density00: Density [density, kg/m^3]
# name 6 = specc: Specific Conductance [uS/cm]
# name 7 = sal00: Salinity, Practical [PSU]
# name 8 = depSM: Depth [salt water, m], lat = 59.00
# name 9 = oxsolML/L: Oxygen Saturation, Garcia & Gordon [ml/l]
# name 10 = potemp090C: Potential Temperature [ITS-90, deg C]
# name 11 = tv290C: Temperature [ITS-90, deg C]
# name 12 = sigma-é00: Density [sigma-theta, kg/m^3]
# name 13 = n2satML/L: Nitrogen Saturation [ml/l]
# name 14 = par: PAR/Irradiance, Biospherical/Licor
# name 15 = prdM: Pressure, Strain Gauge [db]
# name 16 = flag:  0.000e+00
# span 0 =          1,        886       
# span 1 = 347.781019, 347.783579       
# span 2 =    0.00000,    0.06146       
# span 3 =     0.0000,     3.6875       
# span 4 =      0.000,    221.250       
# span 5 =  1000.2189,  1025.3796       
# span 6 =    646.128,  50408.733       
# span 7 =     0.3019,    31.7517       
# span 8 =      0.095,    136.589       
# span 9 =    6.76659,    9.18956       
# span 10 =     3.8510,     7.8200      
# span 11 =     3.8506,     7.8330      
# span 12 =     0.2184,    24.7996      
# span 13 =   12.18423,   16.67560      
# span 14 = 3.7976e-02, 2.4655e-01      
# span 15 =      0.096,    137.924      
# span 16 = 0.0000e+00, 0.0000e+00      
# interval = seconds: 0.25
# start_time = Dec 12 2016 18:44:40 [Instrument's time stamp, header]
# bad_flag = -9.990e-29
*END*
[from data line 852]
        853 347.783484    0.05917     3.5500    213.000  1025.3476  50375.697    31.7469    130.122    6.76832     7.8108     7.8231    24.7468   12.18715 3.7976e-02    131.392 0.0000e+00
        854 347.783487    0.05924     3.5542    213.250  1025.3484  50375.223    31.7465    130.374    6.76831     7.8108     7.8233    24.7465   12.18714 3.7976e-02    131.647 0.0000e+00
        855 347.783490    0.05931     3.5583    213.500  1025.3496  50375.432    31.7466    130.627    6.76831     7.8109     7.8233    24.7465   12.18713 3.7976e-02    131.901 0.0000e+00
        856 347.783492    0.05937     3.5625    213.750  1025.3512  50376.410    31.7471    130.873    6.76829     7.8112     7.8232    24.7469   12.18709 3.7976e-02    132.150 0.0000e+00
        857 347.783495    0.05944     3.5667    214.000  1025.3530  50377.855    31.7480    131.107    6.76823     7.8119     7.8234    24.7476   12.18698 3.7976e-02    132.387 0.0000e+00
        858 347.783498    0.05951     3.5708    214.250  1025.3547  50379.339    31.7490    131.326    6.76812     7.8128     7.8238    24.7484   12.18679 3.7976e-02    132.608 0.0000e+00
        859 347.783501    0.05958     3.5750    214.500  1025.3562  50380.518    31.7499    131.531    6.76798     7.8137     7.8245    24.7489   12.18654 3.7976e-02    132.815 0.0000e+00
        860 347.783504    0.05965     3.5792    214.750  1025.3576  50381.481    31.7506    131.722    6.76781     7.8147     7.8253    24.7494   12.18626 3.7976e-02    133.008 0.0000e+00
        861 347.783507    0.05972     3.5833    215.000  1025.3588  50382.341    31.7513    131.903    6.76763     7.8157     7.8263    24.7498   12.18595 3.7976e-02    133.191 0.0000e+00
        862 347.783510    0.05979     3.5875    215.250  1025.3597  50382.588    31.7516    132.078    6.76746     7.8165     7.8273    24.7498   12.18566 3.7976e-02    133.368 0.0000e+00
        863 347.783513    0.05986     3.5917    215.500  1025.3601  50382.128    31.7513    132.251    6.76732     7.8170     7.8283    24.7495   12.18543 3.7976e-02    133.542 0.0000e+00
        864 347.783516    0.05993     3.5958    215.750  1025.3605  50381.462    31.7509    132.423    6.76722     7.8172     7.8291    24.7491   12.18527 3.7976e-02    133.716 0.0000e+00
        865 347.783519    0.06000     3.6000    216.000  1025.3607  50380.552    31.7503    132.599    6.76716     7.8172     7.8297    24.7485   12.18519 3.7976e-02    133.894 0.0000e+00
        866 347.783521    0.06007     3.6042    216.250  1025.3609  50379.590    31.7496    132.779    6.76716     7.8171     7.8299    24.7480   12.18518 3.7976e-02    134.076 0.0000e+00
        867 347.783524    0.06014     3.6083    216.500  1025.3617  50379.580    31.7495    132.966    6.76716     7.8172     7.8299    24.7479   12.18519 3.7976e-02    134.264 0.0000e+00
        868 347.783527    0.06021     3.6125    216.750  1025.3631  50380.594    31.7501    133.161    6.76715     7.8174     7.8298    24.7484   12.18516 3.7976e-02    134.461 0.0000e+00
        869 347.783530    0.06028     3.6167    217.000  1025.3646  50381.711    31.7508    133.364    6.76711     7.8178     7.8299    24.7489   12.18508 3.7976e-02    134.667 0.0000e+00
        870 347.783533    0.06035     3.6208    217.250  1025.3660  50382.486    31.7513    133.577    6.76704     7.8182     7.8302    24.7493   12.18497 3.7976e-02    134.882 0.0000e+00
        871 347.783536    0.06042     3.6250    217.500  1025.3671  50382.811    31.7515    133.799    6.76697     7.8185     7.8306    24.7494   12.18485 3.7976e-02    135.106 0.0000e+00
        872 347.783539    0.06049     3.6292    217.750  1025.3680  50382.770    31.7514    134.027    6.76691     7.8187     7.8310    24.7492   12.18475 3.7976e-02    135.337 0.0000e+00
        873 347.783542    0.06056     3.6333    218.000  1025.3689  50382.597    31.7512    134.261    6.76686     7.8188     7.8314    24.7490   12.18468 3.7976e-02    135.572 0.0000e+00
        874 347.783545    0.06062     3.6375    218.250  1025.3698  50382.461    31.7511    134.497    6.76684     7.8189     7.8316    24.7489   12.18464 3.7976e-02    135.811 0.0000e+00
        875 347.783547    0.06069     3.6417    218.500  1025.3710  50382.660    31.7511    134.733    6.76682     7.8190     7.8317    24.7489   12.18460 3.7976e-02    136.049 0.0000e+00
        876 347.783550    0.06076     3.6458    218.750  1025.3722  50383.081    31.7513    134.966    6.76679     7.8192     7.8318    24.7491   12.18456 3.7976e-02    136.285 0.0000e+00
        877 347.783553    0.06083     3.6500    219.000  1025.3734  50383.436    31.7515    135.192    6.76676     7.8194     7.8320    24.7492   12.18450 3.7976e-02    136.513 0.0000e+00
        878 347.783556    0.06090     3.6542    219.250  1025.3745  50383.777    31.7517    135.409    6.76672     7.8196     7.8322    24.7493   12.18443 3.7976e-02    136.732 0.0000e+00
        879 347.783559    0.06097     3.6583    219.500  1025.3754  50383.957    31.7517    135.617    6.76668     7.8198     7.8324    24.7493   12.18437 3.7976e-02    136.942 0.0000e+00
        880 347.783562    0.06104     3.6625    219.750  1025.3763  50383.963    31.7517    135.815    6.76665     7.8199     7.8326    24.7492   12.18432 3.7976e-02    137.142 0.0000e+00
        881 347.783565    0.06111     3.6667    220.000  1025.3771  50383.966    31.7516    136.005    6.76663     7.8200     7.8328    24.7492   12.18428 3.7976e-02    137.334 0.0000e+00
        882 347.783568    0.06118     3.6708    220.250  1025.3779  50383.980    31.7516    136.185    6.76661     7.8200     7.8329    24.7491   12.18426 3.7976e-02    137.516 0.0000e+00
        883 347.783571    0.06125     3.6750    220.500  1025.3786  50383.993    31.7515    136.348    6.76660     7.8200     7.8330    24.7491   12.18424 3.7976e-02    137.680 0.0000e+00
        884 347.783573    0.06132     3.6792    220.750  1025.3791  50383.994    31.7515    136.478    6.76659     7.8200     7.8330    24.7491   12.18423 3.7976e-02    137.812 0.0000e+00
        885 347.783576    0.06139     3.6833    221.000  1025.3795  50383.977    31.7514    136.561    6.76659 -9.990e-29     7.8330    24.7490   12.18423 3.7976e-02    137.896 0.0000e+00
        886 347.783579    0.06146     3.6875    221.250  1025.3796  50383.964    31.7514    136.589    6.76659 -9.990e-29     7.8330    24.7490   12.18423 3.7976e-02    137.924 0.0000e+00
