CTD-processing/allCTD/CNV--homogene/2016_02-09_t9_s02_cast088.cnv
* Sea-Bird SBE19plus Data File:
* FileName = C:\Users\Kris.Holderied\Documents\kasitsna\Research-KBL\Oceanography-AK\CTD-Data-ALL-to-2016-02\2016-CTD-KachemakBay-CookInlet\2016-02-CookInlet-quarterly\2016-02-09-CookInlet-Tran9-HomerSpit\2016-02-09-CookInlet-Tran9-cast088.hex
* Software Version 1.59
* Temperature SN =  5028
* Conductivity SN =  5028
* System UpLoad Time = Feb 13 2016 19:07:17
** Cook Inlet LTM Tran9 Homer Spit south to north

** Date: 02-09
** Station: 9-02
** Start time (AKST): 14:00
** Depth (m): 77
** Comment:  R/V Pandalus
** Comment:
# nquan = 17
# nvalues = 580                         
# units = specified
# name 0 = scan: Scan Count
# name 1 = timeJ: Julian Days
# name 2 = timeH: Time, Elapsed [hours]
# name 3 = timeM: Time, Elapsed [minutes]
# name 4 = timeS: Time, Elapsed [seconds]
# name 5 = density00: Density [density, kg/m^3]
# name 6 = specc: Specific Conductance [uS/cm]
# name 7 = sal00: Salinity, Practical [PSU]
# name 8 = depSM: Depth [salt water, m], lat = 59.00
# name 9 = oxsolML/L: Oxygen Saturation, Garcia & Gordon [ml/l]
# name 10 = potemp090C: Potential Temperature [ITS-90, deg C]
# name 11 = tv290C: Temperature [ITS-90, deg C]
# name 12 = sigma-é00: Density [sigma-theta, kg/m^3]
# name 13 = n2satML/L: Nitrogen Saturation [ml/l]
# name 14 = par: PAR/Irradiance, Biospherical/Licor
# name 15 = prdM: Pressure, Strain Gauge [db]
# name 16 = flag:  0.000e+00
# span 0 =          1,        580       
# span 1 =  40.583426,  40.585101       
# span 2 =    0.00000,    0.04021       
# span 3 =     0.0000,     2.4125       
# span 4 =      0.000,    144.750       
# span 5 =  1001.0882,  1025.0095       
# span 6 =   2844.364,  50188.951       
# span 7 =     1.4342,    31.3691       
# span 8 =     -0.032,     76.652       
# span 9 =    7.03179,    8.66007       
# span 10 =     5.3282,     6.2684      
# span 11 =     5.3282,     6.2747      
# span 12 =     1.0883,    24.6532      
# span 13 =   12.62744,   15.76532      
# span 14 = 4.0782e-02, 7.0470e+02      
# span 15 =     -0.032,     77.390      
# span 16 = 0.0000e+00, 0.0000e+00      
# interval = seconds: 0.25
# start_time = Feb 09 2016 14:00:08 [Instrument's time stamp, header]
# bad_flag = -9.990e-29
*END*
[from data line 426]
        427  40.584659    0.02958     1.7750    106.500  1024.7089  50033.408    31.2332     28.253    7.08279     6.0038     6.0050    24.5770   12.71346 1.9864e-01     28.522 0.0000e+00
        428  40.584661    0.02965     1.7792    106.750  1024.7101  50033.207    31.2330     28.543    7.08270     6.0040     6.0057    24.5768   12.71330 1.8868e-01     28.814 0.0000e+00
        429  40.584664    0.02972     1.7833    107.000  1024.7111  50032.755    31.2326     28.832    7.08264     6.0041     6.0061    24.5765   12.71321 1.7926e-01     29.107 0.0000e+00
        430  40.584667    0.02979     1.7875    107.250  1024.7119  50031.937    31.2320     29.123    7.08262     6.0040     6.0064    24.5759   12.71319 1.7028e-01     29.401 0.0000e+00
        431  40.584670    0.02986     1.7917    107.500  1024.7127  50031.147    31.2313     29.417    7.08264     6.0039     6.0065    24.5754   12.71324 1.6166e-01     29.698 0.0000e+00
        432  40.584673    0.02993     1.7958    107.750  1024.7141  50031.353    31.2313     29.715    7.08266     6.0040     6.0063    24.5754   12.71327 1.5339e-01     29.998 0.0000e+00
        433  40.584676    0.03000     1.8000    108.000  1024.7162  50032.822    31.2321     30.017    7.08264     6.0046     6.0062    24.5761   12.71322 1.4550e-01     30.302 0.0000e+00
        434  40.584679    0.03007     1.8042    108.250  1024.7186  50034.737    31.2334     30.323    7.08255     6.0055     6.0064    24.5770   12.71305 1.3802e-01     30.611 0.0000e+00
        435  40.584682    0.03014     1.8083    108.500  1024.7207  50036.175    31.2343     30.631    7.08241     6.0064     6.0070    24.5777   12.71280 1.3095e-01     30.922 0.0000e+00
        436  40.584685    0.03021     1.8125    108.750  1024.7224  50036.716    31.2347     30.942    7.08224     6.0071     6.0079    24.5779   12.71252 1.2438e-01     31.236 0.0000e+00
        437  40.584688    0.03028     1.8167    109.000  1024.7238  50036.681    31.2347     31.255    7.08209     6.0077     6.0088    24.5778   12.71227 1.1833e-01     31.552 0.0000e+00
        438  40.584690    0.03035     1.8208    109.250  1024.7252  50036.813    31.2348     31.566    7.08196     6.0084     6.0096    24.5778   12.71205 1.1280e-01     31.866 0.0000e+00
        439  40.584693    0.03042     1.8250    109.500  1024.7269  50037.452    31.2353     31.875    7.08183     6.0091     6.0102    24.5781   12.71183 1.0769e-01     32.178 0.0000e+00
        440  40.584696    0.03049     1.8292    109.750  1024.7286  50038.233    31.2358     32.182    7.08169     6.0098     6.0109    24.5784   12.71160 1.0298e-01     32.488 0.0000e+00
        441  40.584699    0.03056     1.8333    110.000  1024.7303  50038.749    31.2362     32.486    7.08155     6.0105     6.0117    24.5786   12.71137 9.8648e-02     32.796 0.0000e+00
        442  40.584702    0.03062     1.8375    110.250  1024.7317  50038.951    31.2363     32.787    7.08142     6.0112     6.0124    24.5786   12.71114 9.4660e-02     33.100 0.0000e+00
        443  40.584705    0.03069     1.8417    110.500  1024.7331  50039.111    31.2364     33.085    7.08129     6.0118     6.0131    24.5786   12.71093 9.0974e-02     33.401 0.0000e+00
        444  40.584708    0.03076     1.8458    110.750  1024.7347  50039.713    31.2368     33.381    7.08116     6.0127     6.0138    24.5789   12.71071 8.7558e-02     33.699 0.0000e+00
        445  40.584711    0.03083     1.8500    111.000  1024.7368  50041.060    31.2377     33.676    7.08100     6.0140     6.0145    24.5795   12.71043 8.4380e-02     33.997 0.0000e+00
        446  40.584714    0.03090     1.8542    111.250  1024.7391  50042.942    31.2390     33.971    7.08079     6.0155     6.0154    24.5804   12.71006 8.1418e-02     34.295 0.0000e+00
        447  40.584716    0.03097     1.8583    111.500  1024.7414  50044.843    31.2405     34.269    7.08051     6.0172     6.0167    24.5814   12.70959 7.8667e-02     34.595 0.0000e+00
        448  40.584719    0.03104     1.8625    111.750  1024.7437  50046.601    31.2419     34.569    7.08019     6.0191     6.0183    24.5823   12.70904 7.6122e-02     34.898 0.0000e+00
        449  40.584722    0.03111     1.8667    112.000  1024.7460  50048.302    31.2432     34.874    7.07983     6.0211     6.0200    24.5832   12.70842 7.3771e-02     35.206 0.0000e+00
        450  40.584725    0.03118     1.8708    112.250  1024.7483  50049.895    31.2445     35.184    7.07945     6.0231     6.0219    24.5840   12.70778 7.1585e-02     35.519 0.0000e+00
        451  40.584728    0.03125     1.8750    112.500  1024.7506  50051.507    31.2459     35.499    7.07905     6.0252     6.0239    24.5848   12.70711 6.9528e-02     35.837 0.0000e+00
        452  40.584731    0.03132     1.8792    112.750  1024.7531  50053.545    31.2476     35.819    7.07864     6.0274     6.0260    24.5859   12.70640 6.7584e-02     36.160 0.0000e+00
        453  40.584734    0.03139     1.8833    113.000  1024.7559  50055.936    31.2495     36.143    7.07819     6.0297     6.0281    24.5872   12.70565 6.5762e-02     36.488 0.0000e+00
        454  40.584737    0.03146     1.8875    113.250  1024.7583  50057.630    31.2509     36.470    7.07775     6.0318     6.0304    24.5881   12.70490 6.4060e-02     36.817 0.0000e+00
        455  40.584740    0.03153     1.8917    113.500  1024.7599  50057.854    31.2513     36.797    7.07735     6.0334     6.0327    24.5881   12.70423 6.2471e-02     37.148 0.0000e+00
        456  40.584742    0.03160     1.8958    113.750  1024.7610  50057.136    31.2511     37.124    7.07702     6.0346     6.0347    24.5877   12.70368 6.0998e-02     37.478 0.0000e+00
        457  40.584745    0.03167     1.9000    114.000  1024.7620  50056.379    31.2507     37.449    7.07676     6.0354     6.0364    24.5872   12.70326 5.9649e-02     37.806 0.0000e+00
        458  40.584748    0.03174     1.9042    114.250  1024.7631  50055.840    31.2504     37.771    7.07658     6.0359     6.0376    24.5868   12.70296 5.8427e-02     38.131 0.0000e+00
        459  40.584751    0.03181     1.9083    114.500  1024.7643  50055.342    31.2501     38.088    7.07645     6.0363     6.0384    24.5864   12.70275 5.7312e-02     38.451 0.0000e+00
        460  40.584754    0.03188     1.9125    114.750  1024.7654  50054.943    31.2498     38.401    7.07636     6.0365     6.0390    24.5861   12.70262 5.6290e-02     38.767 0.0000e+00
        461  40.584757    0.03194     1.9167    115.000  1024.7667  50054.827    31.2496     38.712    7.07631     6.0367     6.0394    24.5860   12.70253 5.5352e-02     39.081 0.0000e+00
        462  40.584760    0.03201     1.9208    115.250  1024.7681  50054.897    31.2496     39.021    7.07627     6.0368     6.0396    24.5859   12.70247 5.4478e-02     39.393 0.0000e+00
        463  40.584763    0.03208     1.9250    115.500  1024.7695  50054.956    31.2495     39.331    7.07624     6.0368     6.0398    24.5858   12.70242 5.3654e-02     39.706 0.0000e+00
        464  40.584766    0.03215     1.9292    115.750  1024.7708  50054.993    31.2494     39.642    7.07622     6.0369     6.0399    24.5857   12.70239 5.2886e-02     40.020 0.0000e+00
        465  40.584769    0.03222     1.9333    116.000  1024.7723  50055.142    31.2494     39.957    7.07621     6.0370     6.0400    24.5857   12.70238 5.2169e-02     40.338 0.0000e+00
        466  40.584771    0.03229     1.9375    116.250  1024.7739  50055.611    31.2495     40.275    7.07619     6.0373     6.0401    24.5859   12.70235 5.1498e-02     40.659 0.0000e+00
        467  40.584774    0.03236     1.9417    116.500  1024.7759  50056.847    31.2502     40.597    7.07614     6.0380     6.0402    24.5864   12.70225 5.0860e-02     40.984 0.0000e+00
        468  40.584777    0.03243     1.9458    116.750  1024.7784  50058.786    31.2515     40.923    7.07602     6.0390     6.0405    24.5874   12.70204 5.0246e-02     41.313 0.0000e+00
        469  40.584780    0.03250     1.9500    117.000  1024.7807  50060.310    31.2525     41.252    7.07585     6.0401     6.0413    24.5881   12.70174 4.9661e-02     41.645 0.0000e+00
        470  40.584783    0.03257     1.9542    117.250  1024.7824  50060.810    31.2529     41.583    7.07566     6.0410     6.0423    24.5883   12.70141 4.9111e-02     41.980 0.0000e+00
        471  40.584786    0.03264     1.9583    117.500  1024.7838  50060.637    31.2529     41.915    7.07548     6.0416     6.0434    24.5881   12.70112 4.8605e-02     42.315 0.0000e+00
        472  40.584789    0.03271     1.9625    117.750  1024.7850  50060.195    31.2526     42.248    7.07534     6.0420     6.0443    24.5878   12.70089 4.8145e-02     42.651 0.0000e+00
        473  40.584792    0.03278     1.9667    118.000  1024.7862  50059.748    31.2522     42.580    7.07524     6.0423     6.0450    24.5874   12.70074 4.7734e-02     42.987 0.0000e+00
        474  40.584795    0.03285     1.9708    118.250  1024.7875  50059.560    31.2520     42.910    7.07518     6.0425     6.0455    24.5872   12.70063 4.7363e-02     43.320 0.0000e+00
        475  40.584797    0.03292     1.9750    118.500  1024.7891  50059.892    31.2522     43.238    7.07513     6.0428     6.0458    24.5873   12.70054 4.7022e-02     43.652 0.0000e+00
        476  40.584800    0.03299     1.9792    118.750  1024.7909  50060.516    31.2525     43.565    7.07507     6.0431     6.0460    24.5875   12.70044 4.6699e-02     43.981 0.0000e+00
        477  40.584803    0.03306     1.9833    119.000  1024.7926  50061.076    31.2528     43.889    7.07500     6.0435     6.0463    24.5877   12.70033 4.6399e-02     44.308 0.0000e+00
        478  40.584806    0.03313     1.9875    119.250  1024.7943  50061.706    31.2531     44.211    7.07492     6.0440     6.0467    24.5879   12.70020 4.6136e-02     44.633 0.0000e+00
        479  40.584809    0.03319     1.9917    119.500  1024.7962  50062.584    31.2537     44.531    7.07483     6.0447     6.0471    24.5883   12.70004 4.5900e-02     44.957 0.0000e+00
        480  40.584812    0.03326     1.9958    119.750  1024.7982  50063.670    31.2544     44.850    7.07471     6.0455     6.0476    24.5888   12.69983 4.5678e-02     45.279 0.0000e+00
        481  40.584815    0.03333     2.0000    120.000  1024.8001  50064.681    31.2550     45.168    7.07457     6.0463     6.0483    24.5892   12.69958 4.5465e-02     45.600 0.0000e+00
        482  40.584818    0.03340     2.0042    120.250  1024.8018  50065.201    31.2554     45.486    7.07442     6.0469     6.0491    24.5894   12.69933 4.5256e-02     45.921 0.0000e+00
        483  40.584821    0.03347     2.0083    120.500  1024.8033  50065.282    31.2555     45.805    7.07428     6.0475     6.0500    24.5894   12.69910 4.5055e-02     46.242 0.0000e+00
        484  40.584823    0.03354     2.0125    120.750  1024.8047  50065.372    31.2555     46.124    7.07415     6.0481     6.0507    24.5894   12.69890 4.4875e-02     46.565 0.0000e+00
        485  40.584826    0.03361     2.0167    121.000  1024.8063  50065.722    31.2557     46.446    7.07404     6.0487     6.0513    24.5895   12.69871 4.4711e-02     46.890 0.0000e+00
        486  40.584829    0.03368     2.0208    121.250  1024.8081  50066.396    31.2562     46.771    7.07392     6.0495     6.0519    24.5898   12.69851 4.4539e-02     47.218 0.0000e+00
        487  40.584832    0.03375     2.0250    121.500  1024.8101  50067.434    31.2568     47.099    7.07378     6.0505     6.0525    24.5902   12.69827 4.4346e-02     47.550 0.0000e+00
        488  40.584835    0.03382     2.0292    121.750  1024.8121  50068.501    31.2576     47.431    7.07361     6.0515     6.0534    24.5907   12.69797 4.4144e-02     47.884 0.0000e+00
        489  40.584838    0.03389     2.0333    122.000  1024.8139  50069.149    31.2581     47.763    7.07342     6.0525     6.0544    24.5910   12.69765 4.3949e-02     48.220 0.0000e+00
        490  40.584841    0.03396     2.0375    122.250  1024.8155  50069.313    31.2582     48.096    7.07324     6.0534     6.0554    24.5910   12.69734 4.3769e-02     48.555 0.0000e+00
        491  40.584844    0.03403     2.0417    122.500  1024.8168  50069.042    31.2581     48.428    7.07307     6.0541     6.0564    24.5907   12.69707 4.3604e-02     48.891 0.0000e+00
        492  40.584847    0.03410     2.0458    122.750  1024.8180  50068.572    31.2578     48.759    7.07294     6.0546     6.0573    24.5904   12.69685 4.3461e-02     49.225 0.0000e+00
        493  40.584850    0.03417     2.0500    123.000  1024.8192  50068.276    31.2576     49.089    7.07283     6.0550     6.0581    24.5901   12.69667 4.3341e-02     49.558 0.0000e+00
        494  40.584852    0.03424     2.0542    123.250  1024.8206  50068.263    31.2575     49.416    7.07274     6.0554     6.0586    24.5900   12.69653 4.3232e-02     49.888 0.0000e+00
        495  40.584855    0.03431     2.0583    123.500  1024.8222  50068.489    31.2576     49.739    7.07266     6.0559     6.0590    24.5901   12.69641 4.3124e-02     50.215 0.0000e+00
        496  40.584858    0.03438     2.0625    123.750  1024.8239  50069.171    31.2580     50.057    7.07258     6.0566     6.0594    24.5903   12.69626 4.3014e-02     50.535 0.0000e+00
        497  40.584861    0.03444     2.0667    124.000  1024.8262  50070.793    31.2590     50.369    7.07245     6.0579     6.0599    24.5911   12.69604 4.2891e-02     50.850 0.0000e+00
        498  40.584864    0.03451     2.0708    124.250  1024.8292  50073.923    31.2612     50.677    7.07222     6.0602     6.0607    24.5927   12.69563 4.2770e-02     51.162 0.0000e+00
        499  40.584867    0.03458     2.0750    124.500  1024.8333  50079.014    31.2648     50.983    7.07183     6.0637     6.0620    24.5954   12.69494 4.2676e-02     51.470 0.0000e+00
        500  40.584870    0.03465     2.0792    124.750  1024.8382  50085.373    31.2695     51.287    7.07122     6.0682     6.0644    24.5988   12.69388 4.2616e-02     51.778 0.0000e+00
        501  40.584873    0.03472     2.0833    125.000  1024.8427  50090.986    31.2739     51.591    7.07043     6.0734     6.0679    24.6019   12.69251 4.2566e-02     52.085 0.0000e+00
        502  40.584876    0.03479     2.0875    125.250  1024.8465  50095.286    31.2776     51.897    7.06950     6.0793     6.0724    24.6043   12.69093 4.2503e-02     52.393 0.0000e+00
        503  40.584878    0.03486     2.0917    125.500  1024.8513  50101.363    31.2826     52.203    7.06841     6.0867     6.0776    24.6076   12.68906 4.2436e-02     52.702 0.0000e+00
        504  40.584881    0.03493     2.0958    125.750  1024.8578  50110.696    31.2901     52.510    7.06707     6.0952     6.0836    24.6128   12.68675 4.2382e-02     53.012 0.0000e+00
        505  40.584884    0.03500     2.1000    126.000  1024.8641  50119.341    31.2973     52.818    7.06551     6.1043     6.0909    24.6176   12.68408 4.2329e-02     53.324 0.0000e+00
        506  40.584887    0.03507     2.1042    126.250  1024.8686  50124.795    31.3026     53.129    7.06383     6.1131     6.0995    24.6208   12.68124 4.2271e-02     53.637 0.0000e+00
        507  40.584890    0.03514     2.1083    126.500  1024.8718  50127.712    31.3062     53.442    7.06216     6.1212     6.1086    24.6225   12.67843 4.2212e-02     53.953 0.0000e+00
        508  40.584893    0.03521     2.1125    126.750  1024.8738  50128.321    31.3082     53.759    7.06060     6.1283     6.1175    24.6230   12.67583 4.2149e-02     54.273 0.0000e+00
        509  40.584896    0.03528     2.1167    127.000  1024.8754  50128.281    31.3095     54.079    7.05920     6.1349     6.1255    24.6231   12.67349 4.2079e-02     54.596 0.0000e+00
        510  40.584899    0.03535     2.1208    127.250  1024.8780  50130.060    31.3120     54.402    7.05790     6.1416     6.1327    24.6242   12.67132 4.2001e-02     54.922 0.0000e+00
