CTD-processing/allCTD/CNV--homogene/2016_08-31_t6_s08_cast112.cnv
* Sea-Bird SBE19plus Data File:
* FileName = C:\Users\Kim.Powell\Desktop\2016_08-31_T6_5028\2016_08-31_T6_5028_cast112.hex
* Software Version 1.59
* Temperature SN =  5028
* Conductivity SN =  5028
* System UpLoad Time = Aug 31 2016 22:17:06
** CookInlet LTM Transect 7
** 2016_08-30
** Station: 6-08
** Start Time: 16:43
** Depth (m): 134.7
** Comment:
** Comment:
# nquan = 17
# nvalues = 848                         
# units = specified
# name 0 = scan: Scan Count
# name 1 = timeJ: Julian Days
# name 2 = timeH: Time, Elapsed [hours]
# name 3 = timeM: Time, Elapsed [minutes]
# name 4 = timeS: Time, Elapsed [seconds]
# name 5 = density00: Density [density, kg/m^3]
# name 6 = specc: Specific Conductance [uS/cm]
# name 7 = sal00: Salinity, Practical [PSU]
# name 8 = depSM: Depth [salt water, m], lat = 59.00
# name 9 = oxsolML/L: Oxygen Saturation, Garcia & Gordon [ml/l]
# name 10 = potemp090C: Potential Temperature [ITS-90, deg C]
# name 11 = tv290C: Temperature [ITS-90, deg C]
# name 12 = sigma-é00: Density [sigma-theta, kg/m^3]
# name 13 = n2satML/L: Nitrogen Saturation [ml/l]
# name 14 = par: PAR/Irradiance, Biospherical/Licor
# name 15 = prdM: Pressure, Strain Gauge [db]
# name 16 = flag:  0.000e+00
# span 0 =          1,        848       
# span 1 = 244.696875, 244.699326       
# span 2 =    0.00000,    0.05882       
# span 3 =     0.0000,     3.5292       
# span 4 =      0.000,    211.750       
# span 5 =   999.6294,  1025.5183       
# span 6 =    861.971,  50673.066       
# span 7 =     0.4208,    32.0349       
# span 8 =     -0.083,    134.463       
# span 9 =    6.16188,    7.25867       
# span 10 =     8.3085,    13.5909      
# span 11 =     8.3214,    13.5909      
# span 12 =    -0.3702,    24.9012      
# span 13 =   11.20828,   13.41784      
# span 14 = 6.3935e-02, 1.6625e+03      
# span 15 =     -0.083,    135.777      
# span 16 = 0.0000e+00, 0.0000e+00      
# interval = seconds: 0.25
# start_time = Aug 31 2016 16:43:30 [Instrument's time stamp, header]
# bad_flag = -9.990e-29
*END*
[from data line 86]
         87 244.697124    0.00597     0.3583     21.500  1022.3323  46469.681    29.6334      1.035    6.18989    12.5760    12.5313    22.3276   11.25385 5.3309e+02      1.045 0.0000e+00
         88 244.697127    0.00604     0.3625     21.750  1022.3444  46495.075    29.6528      1.053    6.18709    12.6131    12.5471    22.3396   11.24898 5.4110e+02      1.062 0.0000e+00
         89 244.697130    0.00611     0.3667     22.000  1022.3326  46479.856    29.6446      1.055    6.18364    12.6472    12.5761    22.3279   11.24334 5.4101e+02      1.065 0.0000e+00
         90 244.697133    0.00618     0.3708     22.250  1022.3038  46435.324    29.6163      1.042    6.17992    12.6686    12.6133    22.2991   11.23749 5.5897e+02      1.052 0.0000e+00
         91 244.697135    0.00625     0.3750     22.500  1022.2726  46385.902    29.5843      1.018    6.17674    12.6729    12.6474    22.2680   11.23257 5.7478e+02      1.027 0.0000e+00
         92 244.697138    0.00632     0.3792     22.750  1022.2525  46353.967    29.5636      0.991    6.17478    12.6631    12.6687    22.2480   11.22955 5.6390e+02      1.000 0.0000e+00
         93 244.697141    0.00639     0.3833     23.000  1022.2498  46350.087    29.5612      0.972    6.17431    12.6480    12.6730    22.2454   11.22880 5.4484e+02      0.981 0.0000e+00
         94 244.697144    0.00646     0.3875     23.250  1022.2646  46375.003    29.5780      0.964    6.17492    12.6361    12.6632    22.2602   11.22962 5.0939e+02      0.973 0.0000e+00
         95 244.697147    0.00653     0.3917     23.500  1022.2903  46418.683    29.6076      0.966    6.17573    12.6335    12.6481    22.2859   11.23063 4.5644e+02      0.975 0.0000e+00
         96 244.697150    0.00660     0.3958     23.750  1022.3150  46461.222    29.6367      0.977    6.17615    12.6424    12.6362    22.3106   11.23098 4.3010e+02      0.986 0.0000e+00
         97 244.697153    0.00667     0.4000     24.000  1022.3295  46486.957    29.6546      0.990    6.17579    12.6594    12.6336    22.3250   11.23018 4.4529e+02      1.000 0.0000e+00
         98 244.697156    0.00674     0.4042     24.250  1022.3312  46491.840    29.6589      1.004    6.17447    12.6780    12.6426    22.3266   11.22793 4.7350e+02      1.013 0.0000e+00
         99 244.697159    0.00681     0.4083     24.500  1022.3240  46482.258    29.6536      1.015    6.17248    12.6948    12.6595    22.3193   11.22469 5.0238e+02      1.025 0.0000e+00
        100 244.697161    0.00688     0.4125     24.750  1022.3143  46468.683    29.6456      1.022    6.17038    12.7105    12.6781    22.3097   11.22130 5.4412e+02      1.032 0.0000e+00
        101 244.697164    0.00694     0.4167     25.000  1022.3049  46455.176    29.6375      1.023    6.16852    12.7271    12.6950    22.3003   11.21830 5.9310e+02      1.033 0.0000e+00
        102 244.697167    0.00701     0.4208     25.250  1022.2938  46438.300    29.6269      1.017    6.16690    12.7452    12.7106    22.2891   11.21574 6.3757e+02      1.027 0.0000e+00
        103 244.697170    0.00708     0.4250     25.500  1022.2788  46414.794    29.6117      1.005    6.16534    12.7617    12.7273    22.2743   11.21332 6.5671e+02      1.015 0.0000e+00
        104 244.697173    0.00715     0.4292     25.750  1022.2603  46385.003    29.5922      0.992    6.16376    12.7722    12.7453    22.2558   11.21092 6.3699e+02      1.001 0.0000e+00
        105 244.697176    0.00722     0.4333     26.000  1022.2401  46351.973    29.5703      0.983    6.16248    12.7732    12.7618    22.2357   11.20905 5.8806e+02      0.992 0.0000e+00
        106 244.697179    0.00729     0.4375     26.250  1022.2229  46322.798    29.5506      0.984    6.16188    12.7625    12.7724    22.2185   11.20828 5.4498e+02      0.993 0.0000e+00
        107 244.697182    0.00736     0.4417     26.500  1022.2147  46307.824    29.5400      0.995    6.16217    12.7436    12.7733    22.2101   11.20888 5.5944e+02      1.004 0.0000e+00
        108 244.697185    0.00743     0.4458     26.750  1022.2205  46316.085    29.5450      1.010    6.16336    12.7255    12.7626    22.2159   11.21080 6.2991e+02      1.020 0.0000e+00
        109 244.697188    0.00750     0.4500     27.000  1022.2402  46347.789    29.5658      1.022    6.16499    12.7168    12.7438    22.2356   11.21327 7.0458e+02      1.031 0.0000e+00
        110 244.697190    0.00757     0.4542     27.250  1022.2633  46385.982    29.5912      1.023    6.16633    12.7200    12.7257    22.2587   11.21521 7.5100e+02      1.033 0.0000e+00
        111 244.697193    0.00764     0.4583     27.500  1022.2756  46406.642    29.6051      1.013    6.16693    12.7297    12.7169    22.2711   11.21604 7.6746e+02      1.022 0.0000e+00
        112 244.697196    0.00771     0.4625     27.750  1022.2703  46397.782    29.5991      0.994    6.16675    12.7358    12.7201    22.2658   11.21581 7.8957e+02      1.004 0.0000e+00
        113 244.697199    0.00778     0.4667     28.000  1022.2511  46364.871    29.5767      0.977    6.16636    12.7289    12.7299    22.2466   11.21542 7.9854e+02      0.986 0.0000e+00
        114 244.697202    0.00785     0.4708     28.250  1022.2296  46327.096    29.5505      0.969    6.16659    12.7064    12.7359    22.2252   11.21611 7.1981e+02      0.978 0.0000e+00
        115 244.697205    0.00792     0.4750     28.500  1022.2185  46305.317    29.5345      0.974    6.16810    12.6741    12.7290    22.2141   11.21880 6.1697e+02      0.983 0.0000e+00
        116 244.697208    0.00799     0.4792     28.750  1022.2254  46312.913    29.5379      0.987    6.17088    12.6423    12.7065    22.2210   11.22338 5.7451e+02      0.997 0.0000e+00
        117 244.697211    0.00806     0.4833     29.000  1022.2521  46354.432    29.5644      1.003    6.17402    12.6183    12.6742    22.2476   11.22829 5.5816e+02      1.012 0.0000e+00
        118 244.697214    0.00813     0.4875     29.250  1022.2898  46416.210    29.6054      1.015    6.17655    12.6053    12.6424    22.2852   11.23203 5.4301e+02      1.024 0.0000e+00
        119 244.697216    0.00819     0.4917     29.500  1022.3220  46469.854    29.6412      1.020    6.17828    12.6025    12.6184    22.3175   11.23447 5.2512e+02      1.029 0.0000e+00
        120 244.697219    0.00826     0.4958     29.750  1022.3370  46494.297    29.6574      1.020    6.17933    12.6040    12.6055    22.3324   11.23603 4.8699e+02      1.029 0.0000e+00
        121 244.697222    0.00833     0.5000     30.000  1022.3340  46488.241    29.6528      1.019    6.17986    12.6031    12.6027    22.3294   11.23697 4.5690e+02      1.029 0.0000e+00
        122 244.697225    0.00840     0.5042     30.250  1022.3239  46470.140    29.6401      1.021    6.18016    12.5984    12.6041    22.3193   11.23762 4.5037e+02      1.030 0.0000e+00
        123 244.697228    0.00847     0.5083     30.500  1022.3209  46464.512    29.6361      1.024    6.18044    12.5941    12.6032    22.3163   11.23813 4.4817e+02      1.033 0.0000e+00
        124 244.697231    0.00854     0.5125     30.750  1022.3314  46482.598    29.6485      1.026    6.18056    12.5965    12.5986    22.3268   11.23819 4.6426e+02      1.036 0.0000e+00
        125 244.697234    0.00861     0.5167     31.000  1022.3487  46513.210    29.6697      1.025    6.18030    12.6101    12.5942    22.3441   11.23751 4.9420e+02      1.034 0.0000e+00
        126 244.697237    0.00868     0.5208     31.250  1022.3588  46532.203    29.6834      1.018    6.17946    12.6322    12.5966    22.3542   11.23596 5.1348e+02      1.027 0.0000e+00
        127 244.697240    0.00875     0.5250     31.500  1022.3523  46523.417    29.6784      1.006    6.17790    12.6533    12.6102    22.3478   11.23342 5.2499e+02      1.016 0.0000e+00
        128 244.697242    0.00882     0.5292     31.750  1022.3310  46489.316    29.6562      0.997    6.17590    12.6650    12.6323    22.3265   11.23035 5.1832e+02      1.006 0.0000e+00
        129 244.697245    0.00889     0.5333     32.000  1022.3050  46446.525    29.6278      0.991    6.17426    12.6641    12.6535    22.3005   11.22795 4.7745e+02      1.001 0.0000e+00
        130 244.697248    0.00896     0.5375     32.250  1022.2857  46413.860    29.6057      0.991    6.17361    12.6528    12.6651    22.2812   11.22712 4.3634e+02      1.001 0.0000e+00
        131 244.697251    0.00903     0.5417     32.500  1022.2799  46403.129    29.5980      0.995    6.17401    12.6362    12.6642    22.2755   11.22788 4.1274e+02      1.004 0.0000e+00
        132 244.697254    0.00910     0.5458     32.750  1022.2884  46416.058    29.6062      1.001    6.17517    12.6200    12.6529    22.2839   11.22971 3.8707e+02      1.010 0.0000e+00
        133 244.697257    0.00917     0.5500     33.000  1022.3068  46446.015    29.6259      1.007    6.17655    12.6072    12.6363    22.3023   11.23177 3.5325e+02      1.016 0.0000e+00
        134 244.697260    0.00924     0.5542     33.250  1022.3285  46482.026    29.6500      1.012    6.17770    12.5971    12.6202    22.3239   11.23342 3.1827e+02      1.021 0.0000e+00
        135 244.697263    0.00931     0.5583     33.500  1022.3473  46513.578    29.6712      1.015    6.17855    12.5885    12.6073    22.3427   11.23458 2.9763e+02      1.024 0.0000e+00
        136 244.697266    0.00937     0.5625     33.750  1022.3612  46536.690    29.6867      1.016    6.17925    12.5812    12.5973    22.3566   11.23557 2.9293e+02      1.026 0.0000e+00
        137 244.697269    0.00944     0.5667     34.000  1022.3720  46554.559    29.6985      1.016    6.17991    12.5761    12.5887    22.3674   11.23652 2.9253e+02      1.026 0.0000e+00
        138 244.697271    0.00951     0.5708     34.250  1022.3825  46572.324    29.7104      1.014    6.18040    12.5744    12.5813    22.3779   11.23719 2.9101e+02      1.024 0.0000e+00
        139 244.697274    0.00958     0.5750     34.500  1022.3927  46589.749    29.7223      1.010    6.18060    12.5767    12.5762    22.3881   11.23739 2.8980e+02      1.019 0.0000e+00
        140 244.697277    0.00965     0.5792     34.750  1022.3981  46599.384    29.7290      1.004    6.18056    12.5819    12.5745    22.3935   11.23724 2.9220e+02      1.014 0.0000e+00
        141 244.697280    0.00972     0.5833     35.000  1022.3946  46593.346    29.7250      1.000    6.18042    12.5857    12.5768    22.3900   11.23706 2.9160e+02      1.009 0.0000e+00
        142 244.697283    0.00979     0.5875     35.250  1022.3809  46569.596    29.7086      0.999    6.18038    12.5822    12.5820    22.3764   11.23718 2.8923e+02      1.008 0.0000e+00
        143 244.697286    0.00986     0.5917     35.500  1022.3628  46537.270    29.6861      1.003    6.18075    12.5685    12.5859    22.3582   11.23807 3.0816e+02      1.012 0.0000e+00
        144 244.697289    0.00993     0.5958     35.750  1022.3518  46516.365    29.6709      1.011    6.18180    12.5488    12.5823    22.3472   11.23998 3.5007e+02      1.020 0.0000e+00
        145 244.697292    0.01000     0.6000     36.000  1022.3578  46524.435    29.6754      1.019    6.18340    12.5299    12.5687    22.3532   11.24258 3.9285e+02      1.028 0.0000e+00
        146 244.697295    0.01007     0.6042     36.250  1022.3809  46562.379    29.7005      1.024    6.18499    12.5175    12.5489    22.3763   11.24494 4.2739e+02      1.034 0.0000e+00
        147 244.697297    0.01014     0.6083     36.500  1022.4111  46613.375    29.7349      1.026    6.18611    12.5154    12.5300    22.4064   11.24639 4.5288e+02      1.036 0.0000e+00
        148 244.697300    0.01021     0.6125     36.750  1022.4363  46656.790    29.7645      1.024    6.18658    12.5245    12.5176    22.4317   11.24683 4.7555e+02      1.034 0.0000e+00
        149 244.697303    0.01028     0.6167     37.000  1022.4501  46681.564    29.7819      1.021    6.18618    12.5427    12.5155    22.4455   11.24597 5.2479e+02      1.031 0.0000e+00
        150 244.697306    0.01035     0.6208     37.250  1022.4518  46686.655    29.7863      1.016    6.18482    12.5675    12.5247    22.4472   11.24365 6.1289e+02      1.026 0.0000e+00
        151 244.697309    0.01042     0.6250     37.500  1022.4436  46675.642    29.7801      1.010    6.18270    12.5974    12.5429    22.4390   11.24020 6.6676e+02      1.020 0.0000e+00
        152 244.697312    0.01049     0.6292     37.750  1022.4273  46651.311    29.7651      1.001    6.18006    12.6299    12.5677    22.4228   11.23600 6.4020e+02      1.010 0.0000e+00
        153 244.697315    0.01056     0.6333     38.000  1022.4029  46613.301    29.7409      0.989    6.17713    12.6594    12.5975    22.3984   11.23140 6.1511e+02      0.998 0.0000e+00
        154 244.697318    0.01063     0.6375     38.250  1022.3701  46560.560    29.7064      0.979    6.17426    12.6776    12.6300    22.3657   11.22704 6.2426e+02      0.988 0.0000e+00
        155 244.697321    0.01069     0.6417     38.500  1022.3316  46496.707    29.6638      0.975    6.17210    12.6760    12.6595    22.3272   11.22394 6.2137e+02      0.984 0.0000e+00
        156 244.697323    0.01076     0.6458     38.750  1022.2957  46434.980    29.6217      0.983    6.17137    12.6507    12.6777    22.2912   11.22321 6.1035e+02      0.992 0.0000e+00
        157 244.697326    0.01083     0.6500     39.000  1022.2744  46395.568    29.5937      1.001    6.17267    12.6098    12.6761    22.2698   11.22569 6.1569e+02      1.010 0.0000e+00
        158 244.697329    0.01090     0.6542     39.250  1022.2785  46397.401    29.5928      1.023    6.17598    12.5698    12.6508    22.2738   11.23120 6.6656e+02      1.032 0.0000e+00
        159 244.697332    0.01097     0.6583     39.500  1022.3103  46446.566    29.6239      1.039    6.18006    12.5449    12.6099    22.3056   11.23763 7.2944e+02      1.048 0.0000e+00
        160 244.697335    0.01104     0.6625     39.750  1022.3561  46521.407    29.6734      1.045    6.18333    12.5419    12.5700    22.3513   11.24248 7.3319e+02      1.055 0.0000e+00
        161 244.697338    0.01111     0.6667     40.000  1022.3915  46580.832    29.7132      1.041    6.18501    12.5571    12.5451    22.3868   11.24482 7.1889e+02      1.050 0.0000e+00
        162 244.697341    0.01118     0.6708     40.250  1022.4000  46595.707    29.7235      1.029    6.18500    12.5774    12.5420    22.3953   11.24469 7.5970e+02      1.038 0.0000e+00
        163 244.697344    0.01125     0.6750     40.500  1022.3816  46565.496    29.7035      1.016    6.18380    12.5888    12.5573    22.3770   11.24292 8.2135e+02      1.026 0.0000e+00
        164 244.697347    0.01132     0.6792     40.750  1022.3510  46514.003    29.6688      1.011    6.18251    12.5827    12.5775    22.3464   11.24118 8.5920e+02      1.020 0.0000e+00
        165 244.697350    0.01139     0.6833     41.000  1022.3275  46473.620    29.6413      1.013    6.18211    12.5588    12.5889    22.3230   11.24083 8.5481e+02      1.023 0.0000e+00
        166 244.697352    0.01146     0.6875     41.250  1022.3238  46465.512    29.6350      1.021    6.18313    12.5245    12.5828    22.3193   11.24261 7.8511e+02      1.031 0.0000e+00
        167 244.697355    0.01153     0.6917     41.500  1022.3415  46492.539    29.6520      1.030    6.18559    12.4892    12.5589    22.3369   11.24648 7.1929e+02      1.040 0.0000e+00
        168 244.697358    0.01160     0.6958     41.750  1022.3734  46543.552    29.6850      1.035    6.18876    12.4575    12.5246    22.3688   11.25137 7.0942e+02      1.045 0.0000e+00
        169 244.697361    0.01167     0.7000     42.000  1022.4091  46601.204    29.7227      1.035    6.19188    12.4301    12.4893    22.4045   11.25612 7.4716e+02      1.045 0.0000e+00
        170 244.697364    0.01174     0.7042     42.250  1022.4416  46653.808    29.7571      1.033    6.19468    12.4069    12.4576    22.4370   11.26036 8.0183e+02      1.043 0.0000e+00
