CTD-processing/allCTD/CNV--homogene/2016_09-23_t9_s03_cast132.cnv
* Sea-Bird SBE19plus Data File:
* FileName = P:\My Documents\kasitsna\Research-KBL\Oceanography-AK\CTD-Data-ALL-to-2016-05\2016-CTD-KachemakBay-CookInlet\2016-09-23-CookInlet-HomerSpit\2016-09-23-CookInlet-Tran9-cast132.hex
* Software Version 1.59
* Temperature SN =  5028
* Conductivity SN =  5028
* System UpLoad Time = Oct 13 2016 11:50:41
** Cook Inlet LTM Tran 9
** Date: (YYYY-MM-DD): 2016-09-23
** Station: (eg. 9-01): 9-03
** Start time (AKDT): 11:04
** Depth (m): 91.4
** Comment:
** Comment:
# nquan = 17
# nvalues = 678                         
# units = specified
# name 0 = scan: Scan Count
# name 1 = timeJ: Julian Days
# name 2 = timeH: Time, Elapsed [hours]
# name 3 = timeM: Time, Elapsed [minutes]
# name 4 = timeS: Time, Elapsed [seconds]
# name 5 = density00: Density [density, kg/m^3]
# name 6 = specc: Specific Conductance [uS/cm]
# name 7 = sal00: Salinity, Practical [PSU]
# name 8 = depSM: Depth [salt water, m], lat = 59.00
# name 9 = oxsolML/L: Oxygen Saturation, Garcia & Gordon [ml/l]
# name 10 = potemp090C: Potential Temperature [ITS-90, deg C]
# name 11 = tv290C: Temperature [ITS-90, deg C]
# name 12 = sigma-é00: Density [sigma-theta, kg/m^3]
# name 13 = n2satML/L: Nitrogen Saturation [ml/l]
# name 14 = par: PAR/Irradiance, Biospherical/Licor
# name 15 = prdM: Pressure, Strain Gauge [db]
# name 16 = flag:  0.000e+00
# span 0 =          1,        678       
# span 1 = 267.461343, 267.463302       
# span 2 =    0.00000,    0.04701       
# span 3 =     0.0000,     2.8208       
# span 4 =      0.000,    169.250       
# span 5 =  1000.9573,  1024.1056       
# span 6 =   3253.205,  48666.071       
# span 7 =     1.7006,    30.8891       
# span 8 =     -0.248,     80.553       
# span 9 =    6.35549,    7.67100       
# span 10 =    10.0416,    11.4949      
# span 11 =    10.0505,    11.4958      
# span 12 =     0.9585,    23.7371      
# span 13 =   11.53083,   14.09815      
# span 14 = 5.9230e-02, 6.9519e+02      
# span 15 =     -0.251,     81.329      
# span 16 = 0.0000e+00, 0.0000e+00      
# interval = seconds: 0.25
# start_time = Sep 23 2016 11:04:20 [Instrument's time stamp, header]
# bad_flag = -9.990e-29
*END*
[from data line 171]
        172 267.461837    0.01188     0.7125     42.750  1020.2752  42375.333    26.6173      0.510    6.53201    10.9055    10.9061    20.2728   11.85817 3.8551e+02      0.515 0.0000e+00
        173 267.461840    0.01194     0.7167     43.000  1020.2764  42377.523    26.6188      0.510    6.53199    10.9050    10.9058    20.2740   11.85811 3.8120e+02      0.514 0.0000e+00
        174 267.461843    0.01201     0.7208     43.250  1020.2765  42377.652    26.6189      0.512    6.53202    10.9041    10.9055    20.2741   11.85817 3.6822e+02      0.516 0.0000e+00
        175 267.461846    0.01208     0.7250     43.500  1020.2756  42375.950    26.6177      0.515    6.53214    10.9026    10.9051    20.2732   11.85838 3.5995e+02      0.520 0.0000e+00
        176 267.461849    0.01215     0.7292     43.750  1020.2747  42374.072    26.6163      0.518    6.53233    10.9004    10.9042    20.2723   11.85871 3.6146e+02      0.523 0.0000e+00
        177 267.461852    0.01222     0.7333     44.000  1020.2747  42373.873    26.6160      0.517    6.53256    10.8980    10.9026    20.2723   11.85909 3.6567e+02      0.522 0.0000e+00
        178 267.461855    0.01229     0.7375     44.250  1020.2762  42376.334    26.6175      0.513    6.53280    10.8958    10.9004    20.2738   11.85948 3.6889e+02      0.518 0.0000e+00
        179 267.461858    0.01236     0.7417     44.500  1020.2789  42380.880    26.6204      0.508    6.53303    10.8942    10.8980    20.2765   11.85983 3.7263e+02      0.513 0.0000e+00
        180 267.461861    0.01243     0.7458     44.750  1020.2816  42385.538    26.6234      0.505    6.53322    10.8931    10.8958    20.2792   11.86010 3.7024e+02      0.510 0.0000e+00
        181 267.461863    0.01250     0.7500     45.000  1020.2832  42388.395    26.6253      0.506    6.53337    10.8921    10.8942    20.2809   11.86032 3.5454e+02      0.511 0.0000e+00
        182 267.461866    0.01257     0.7542     45.250  1020.2835  42388.747    26.6254      0.511    6.53352    10.8913    10.8931    20.2812   11.86058 3.3592e+02      0.516 0.0000e+00
        183 267.461869    0.01264     0.7583     45.500  1020.2827  42387.002    26.6241      0.519    6.53371    10.8905    10.8922    20.2804   11.86091 3.2338e+02      0.524 0.0000e+00
        184 267.461872    0.01271     0.7625     45.750  1020.2812  42384.022    26.6220      0.526    6.53392    10.8897    10.8913    20.2788   11.86128 3.1661e+02      0.531 0.0000e+00
        185 267.461875    0.01278     0.7667     46.000  1020.2796  42380.889    26.6197      0.529    6.53412    10.8889    10.8905    20.2772   11.86165 3.1426e+02      0.534 0.0000e+00
        186 267.461878    0.01285     0.7708     46.250  1020.2784  42378.432    26.6179      0.527    6.53431    10.8883    10.8898    20.2760   11.86198 3.1228e+02      0.532 0.0000e+00
        187 267.461881    0.01292     0.7750     46.500  1020.2774  42376.486    26.6165      0.522    6.53448    10.8880    10.8890    20.2750   11.86228 3.0880e+02      0.527 0.0000e+00
        188 267.461884    0.01299     0.7792     46.750  1020.2763  42374.464    26.6150      0.516    6.53463    10.8881    10.8883    20.2739   11.86255 3.0611e+02      0.521 0.0000e+00
        189 267.461887    0.01306     0.7833     47.000  1020.2748  42371.618    26.6130      0.514    6.53475    10.8883    10.8880    20.2724   11.86278 3.0431e+02      0.519 0.0000e+00
        190 267.461889    0.01313     0.7875     47.250  1020.2729  42368.187    26.6107      0.516    6.53484    10.8883    10.8881    20.2706   11.86295 3.0327e+02      0.521 0.0000e+00
        191 267.461892    0.01319     0.7917     47.500  1020.2718  42365.991    26.6092      0.523    6.53488    10.8881    10.8883    20.2694   11.86303 3.0386e+02      0.528 0.0000e+00
        192 267.461895    0.01326     0.7958     47.750  1020.2714  42365.277    26.6087      0.531    6.53489    10.8877    10.8884    20.2690   11.86305 3.0520e+02      0.536 0.0000e+00
        193 267.461898    0.01333     0.8000     48.000  1020.2711  42364.638    26.6082      0.536    6.53493    10.8871    10.8882    20.2686   11.86313 3.0567e+02      0.541 0.0000e+00
        194 267.461901    0.01340     0.8042     48.250  1020.2703  42363.002    26.6070      0.539    6.53505    10.8865    10.8877    20.2678   11.86334 3.0354e+02      0.544 0.0000e+00
        195 267.461904    0.01347     0.8083     48.500  1020.2685  42359.591    26.6046      0.538    6.53524    10.8861    10.8871    20.2660   11.86369 3.0004e+02      0.543 0.0000e+00
        196 267.461907    0.01354     0.8125     48.750  1020.2661  42355.018    26.6014      0.535    6.53545    10.8858    10.8866    20.2636   11.86408 2.9726e+02      0.540 0.0000e+00
        197 267.461910    0.01361     0.8167     49.000  1020.2639  42350.913    26.5985      0.533    6.53563    10.8857    10.8862    20.2615   11.86442 2.9521e+02      0.538 0.0000e+00
        198 267.461913    0.01368     0.8208     49.250  1020.2625  42348.282    26.5967      0.531    6.53575    10.8856    10.8859    20.2601   11.86463 2.9320e+02      0.536 0.0000e+00
        199 267.461916    0.01375     0.8250     49.500  1020.2622  42347.779    26.5963      0.532    6.53578    10.8856    10.8857    20.2598   11.86469 2.9215e+02      0.537 0.0000e+00
        200 267.461918    0.01382     0.8292     49.750  1020.2630  42349.201    26.5973      0.535    6.53574    10.8855    10.8857    20.2606   11.86462 2.9311e+02      0.540 0.0000e+00
        201 267.461921    0.01389     0.8333     50.000  1020.2643  42351.519    26.5989      0.541    6.53568    10.8854    10.8857    20.2618   11.86450 2.9613e+02      0.546 0.0000e+00
        202 267.461924    0.01396     0.8375     50.250  1020.2656  42353.943    26.6006      0.546    6.53563    10.8852    10.8856    20.2631   11.86438 3.0006e+02      0.551 0.0000e+00
        203 267.461927    0.01403     0.8417     50.500  1020.2667  42355.921    26.6019      0.548    6.53559    10.8850    10.8854    20.2642   11.86431 3.0349e+02      0.553 0.0000e+00
        204 267.461930    0.01410     0.8458     50.750  1020.2673  42356.917    26.6026      0.547    6.53559    10.8847    10.8852    20.2648   11.86430 3.0755e+02      0.552 0.0000e+00
        205 267.461933    0.01417     0.8500     51.000  1020.2670  42356.449    26.6023      0.543    6.53564    10.8845    10.8850    20.2646   11.86438 3.1405e+02      0.548 0.0000e+00
        206 267.461936    0.01424     0.8542     51.250  1020.2661  42354.670    26.6010      0.538    6.53572    10.8844    10.8848    20.2636   11.86453 3.2175e+02      0.543 0.0000e+00
        207 267.461939    0.01431     0.8583     51.500  1020.2650  42352.626    26.5995      0.535    6.53581    10.8843    10.8846    20.2625   11.86470 3.2769e+02      0.540 0.0000e+00
        208 267.461942    0.01438     0.8625     51.750  1020.2644  42351.626    26.5988      0.535    6.53586    10.8843    10.8845    20.2620   11.86478 3.3175e+02      0.540 0.0000e+00
        209 267.461944    0.01444     0.8667     52.000  1020.2648  42352.208    26.5992      0.537    6.53585    10.8842    10.8844    20.2623   11.86476 3.3650e+02      0.542 0.0000e+00
        210 267.461947    0.01451     0.8708     52.250  1020.2655  42353.582    26.6002      0.539    6.53582    10.8839    10.8844    20.2630   11.86469 3.4420e+02      0.544 0.0000e+00
        211 267.461950    0.01458     0.8750     52.500  1020.2659  42354.353    26.6007      0.540    6.53581    10.8835    10.8842    20.2634   11.86469 3.5356e+02      0.545 0.0000e+00
        212 267.461953    0.01465     0.8792     52.750  1020.2656  42353.620    26.6002      0.541    6.53588    10.8831    10.8839    20.2631   11.86480 3.6665e+02      0.546 0.0000e+00
        213 267.461956    0.01472     0.8833     53.000  1020.2646  42351.759    26.5988      0.542    6.53599    10.8829    10.8835    20.2621   11.86500 3.8182e+02      0.548 0.0000e+00
        214 267.461959    0.01479     0.8875     53.250  1020.2638  42350.270    26.5978      0.546    6.53609    10.8828    10.8832    20.2614   11.86517 3.8796e+02      0.551 0.0000e+00
        215 267.461962    0.01486     0.8917     53.500  1020.2639  42350.316    26.5978      0.549    6.53611    10.8827    10.8830    20.2614   11.86522 3.8408e+02      0.555 0.0000e+00
        216 267.461965    0.01493     0.8958     53.750  1020.2646  42351.567    26.5986      0.551    6.53609    10.8826    10.8829    20.2621   11.86517 3.7690e+02      0.556 0.0000e+00
        217 267.461968    0.01500     0.9000     54.000  1020.2651  42352.530    26.5993      0.550    6.53607    10.8824    10.8828    20.2626   11.86514 3.6816e+02      0.555 0.0000e+00
        218 267.461970    0.01507     0.9042     54.250  1020.2648  42351.986    26.5989      0.546    6.53611    10.8823    10.8827    20.2624   11.86520 3.5785e+02      0.551 0.0000e+00
        219 267.461973    0.01514     0.9083     54.500  1020.2638  42350.057    26.5976      0.541    6.53619    10.8822    10.8825    20.2613   11.86535 3.4866e+02      0.546 0.0000e+00
        220 267.461976    0.01521     0.9125     54.750  1020.2626  42347.869    26.5960      0.539    6.53628    10.8821    10.8823    20.2602   11.86552 3.4171e+02      0.544 0.0000e+00
        221 267.461979    0.01528     0.9167     55.000  1020.2619  42346.602    26.5951      0.539    6.53633    10.8822    10.8822    20.2595   11.86561 3.3558e+02      0.545 0.0000e+00
        222 267.461982    0.01535     0.9208     55.250  1020.2620  42346.680    26.5952      0.541    6.53633    10.8822    10.8822    20.2595   11.86561 3.3029e+02      0.547 0.0000e+00
        223 267.461985    0.01542     0.9250     55.500  1020.2623  42347.338    26.5957      0.544    6.53631    10.8821    10.8822    20.2599   11.86557 3.2754e+02      0.550 0.0000e+00
        224 267.461988    0.01549     0.9292     55.750  1020.2624  42347.500    26.5958      0.546    6.53630    10.8820    10.8822    20.2600   11.86556 3.2575e+02      0.552 0.0000e+00
        225 267.461991    0.01556     0.9333     56.000  1020.2621  42346.901    26.5954      0.548    6.53633    10.8818    10.8822    20.2596   11.86561 3.2156e+02      0.553 0.0000e+00
        226 267.461994    0.01563     0.9375     56.250  1020.2617  42346.009    26.5947      0.549    6.53637    10.8817    10.8820    20.2592   11.86569 3.1511e+02      0.554 0.0000e+00
        227 267.461997    0.01569     0.9417     56.500  1020.2614  42345.408    26.5943      0.549    6.53641    10.8815    10.8819    20.2589   11.86577 3.0716e+02      0.554 0.0000e+00
        228 267.461999    0.01576     0.9458     56.750  1020.2613  42345.272    26.5942      0.547    6.53644    10.8814    10.8817    20.2588   11.86581 3.0149e+02      0.552 0.0000e+00
        229 267.462002    0.01583     0.9500     57.000  1020.2613  42345.271    26.5942      0.543    6.53646    10.8813    10.8816    20.2588   11.86584 2.9950e+02      0.549 0.0000e+00
        230 267.462005    0.01590     0.9542     57.250  1020.2611  42344.874    26.5939      0.540    6.53649    10.8813    10.8815    20.2586   11.86589 2.9700e+02      0.545 0.0000e+00
        231 267.462008    0.01597     0.9583     57.500  1020.2605  42343.821    26.5931      0.539    6.53653    10.8812    10.8814    20.2580   11.86597 2.9339e+02      0.544 0.0000e+00
        232 267.462011    0.01604     0.9625     57.750  1020.2598  42342.442    26.5922      0.541    6.53658    10.8811    10.8813    20.2573   11.86607 2.9048e+02      0.546 0.0000e+00
        233 267.462014    0.01611     0.9667     58.000  1020.2593  42341.462    26.5915      0.547    6.53662    10.8809    10.8812    20.2568   11.86614 2.8997e+02      0.552 0.0000e+00
        234 267.462017    0.01618     0.9708     58.250  1020.2593  42341.380    26.5914      0.554    6.53664    10.8807    10.8811    20.2567   11.86617 2.9340e+02      0.559 0.0000e+00
        235 267.462020    0.01625     0.9750     58.500  1020.2596  42341.905    26.5918      0.558    6.53664    10.8803    10.8810    20.2570   11.86618 3.0181e+02      0.564 0.0000e+00
        236 267.462023    0.01632     0.9792     58.750  1020.2598  42342.261    26.5920      0.558    6.53667    10.8800    10.8808    20.2573   11.86621 3.1204e+02      0.564 0.0000e+00
        237 267.462025    0.01639     0.9833     59.000  1020.2596  42341.914    26.5917      0.554    6.53673    10.8797    10.8804    20.2571   11.86632 3.1812e+02      0.559 0.0000e+00
        238 267.462028    0.01646     0.9875     59.250  1020.2590  42340.782    26.5909      0.547    6.53681    10.8796    10.8801    20.2566   11.86647 3.2185e+02      0.552 0.0000e+00
        239 267.462031    0.01653     0.9917     59.500  1020.2581  42339.147    26.5897      0.541    6.53690    10.8797    10.8798    20.2557   11.86663 3.2523e+02      0.546 0.0000e+00
        240 267.462034    0.01660     0.9958     59.750  1020.2573  42337.610    26.5887      0.539    6.53696    10.8798    10.8797    20.2549   11.86674 3.2551e+02      0.544 0.0000e+00
        241 267.462037    0.01667     1.0000     60.000  1020.2569  42336.866    26.5882      0.541    6.53697    10.8800    10.8797    20.2545   11.86677 3.2496e+02      0.546 0.0000e+00
        242 267.462040    0.01674     1.0042     60.250  1020.2570  42337.036    26.5883      0.545    6.53694    10.8802    10.8799    20.2545   11.86672 3.2629e+02      0.550 0.0000e+00
        243 267.462043    0.01681     1.0083     60.500  1020.2573  42337.539    26.5887      0.550    6.53690    10.8802    10.8801    20.2548   11.86664 3.2774e+02      0.555 0.0000e+00
        244 267.462046    0.01688     1.0125     60.750  1020.2574  42337.744    26.5888      0.554    6.53688    10.8801    10.8802    20.2549   11.86660 3.2652e+02      0.559 0.0000e+00
        245 267.462049    0.01694     1.0167     61.000  1020.2572  42337.346    26.5885      0.555    6.53689    10.8800    10.8802    20.2547   11.86663 3.2385e+02      0.560 0.0000e+00
        246 267.462052    0.01701     1.0208     61.250  1020.2567  42336.422    26.5879      0.554    6.53693    10.8800    10.8801    20.2542   11.86670 3.2366e+02      0.559 0.0000e+00
        247 267.462054    0.01708     1.0250     61.500  1020.2562  42335.328    26.5871      0.552    6.53697    10.8802    10.8800    20.2536   11.86678 3.2566e+02      0.557 0.0000e+00
        248 267.462057    0.01715     1.0292     61.750  1020.2557  42334.450    26.5865      0.550    6.53699    10.8806    10.8801    20.2531   11.86682 3.2550e+02      0.555 0.0000e+00
        249 267.462060    0.01722     1.0333     62.000  1020.2555  42334.208    26.5864      0.549    6.53697    10.8812    10.8803    20.2529   11.86679 3.2168e+02      0.555 0.0000e+00
        250 267.462063    0.01729     1.0375     62.250  1020.2560  42335.188    26.5871      0.550    6.53688    10.8821    10.8807    20.2534   11.86663 3.1634e+02      0.556 0.0000e+00
        251 267.462066    0.01736     1.0417     62.500  1020.2574  42337.955    26.5891      0.552    6.53671    10.8835    10.8813    20.2549   11.86632 3.1004e+02      0.557 0.0000e+00
        252 267.462069    0.01743     1.0458     62.750  1020.2601  42342.988    26.5926      0.553    6.53644    10.8856    10.8822    20.2575   11.86582 3.0360e+02      0.558 0.0000e+00
        253 267.462072    0.01750     1.0500     63.000  1020.2644  42351.236    26.5985      0.552    6.53600    10.8892    10.8836    20.2619   11.86503 2.9942e+02      0.557 0.0000e+00
        254 267.462075    0.01757     1.0542     63.250  1020.2715  42364.871    26.6082      0.549    6.53529    10.8952    10.8857    20.2690   11.86374 3.0039e+02      0.554 0.0000e+00
        255 267.462078    0.01764     1.0583     63.500  1020.2835  42387.705    26.6244      0.544    6.53412    10.9053    10.8893    20.2810   11.86159 3.0325e+02      0.549 0.0000e+00
