CTD-processing/allCTD/CNV--homogene/2016_07-29_subbays_tutka07_cast035.cnv
* Sea-Bird SBE19plus Data File:
* FileName = C:\Users\Kris.Holderied\Documents\kasitsna\Research-KBL\Oceanography-AK\CTD-Data-ALL-to-2016-05\2016-CTD-KachemakBay-CookInlet\2016-07-29-KachemakBay-Plankton\2016-07-29-KachemakBay-Plankton-cast035.hex
* Software Version 1.59
* Temperature SN =  5028
* Conductivity SN =  5028
* System UpLoad Time = Aug 05 2016 20:02:50
** Kachemak Bay CTDs for sub-bay plankton sampling
** Date (YYYY-MM-DD): 2016-07-29
** Station (eg. 9-01): Tutka07
** Start time (AKDT): 12:20
** Depth (m): 43
** Comment:  R/V Edgecumbe.  Sampling to evaluate sub-bay water column.
** Comment:
# nquan = 17
# nvalues = 401                         
# units = specified
# name 0 = scan: Scan Count
# name 1 = timeJ: Julian Days
# name 2 = timeH: Time, Elapsed [hours]
# name 3 = timeM: Time, Elapsed [minutes]
# name 4 = timeS: Time, Elapsed [seconds]
# name 5 = density00: Density [density, kg/m^3]
# name 6 = specc: Specific Conductance [uS/cm]
# name 7 = sal00: Salinity, Practical [PSU]
# name 8 = depSM: Depth [salt water, m], lat = 59.00
# name 9 = oxsolML/L: Oxygen Saturation, Garcia & Gordon [ml/l]
# name 10 = potemp090C: Potential Temperature [ITS-90, deg C]
# name 11 = tv290C: Temperature [ITS-90, deg C]
# name 12 = sigma-é00: Density [sigma-theta, kg/m^3]
# name 13 = n2satML/L: Nitrogen Saturation [ml/l]
# name 14 = par: PAR/Irradiance, Biospherical/Licor
# name 15 = prdM: Pressure, Strain Gauge [db]
# name 16 = flag:  0.000e+00
# span 0 =          1,        401       
# span 1 = 211.514583, 211.515741       
# span 2 =    0.00000,    0.02778       
# span 3 =     0.0000,     1.6667       
# span 4 =      0.000,    100.000       
# span 5 =   999.5991,  1024.3867       
# span 6 =    256.923,  49517.506       
# span 7 =     0.1217,    31.4705       
# span 8 =      0.023,     32.215       
# span 9 =    6.28860,    7.54219       
# span 10 =     9.6896,    12.3566      
# span 11 =     9.6915,    12.3566      
# span 12 =    -0.4010,    24.2392      
# span 13 =   11.41423,   13.90268      
# span 14 = 1.5301e+00, 5.4664e+02      
# span 15 =      0.023,     32.522      
# span 16 = 0.0000e+00, 0.0000e+00      
# interval = seconds: 0.25
# start_time = Jul 29 2016 12:21:00 [Instrument's time stamp, header]
# bad_flag = -9.990e-29
*END*
[from data line 86]
         87 211.514832    0.00597     0.3583     21.500  1018.3105  38937.436    24.3434      0.771    6.45389    12.1400    12.1288    18.3070   11.75570 4.5531e+02      0.778 0.0000e+00
         88 211.514835    0.00604     0.3625     21.750  1018.3005  38919.359    24.3315      0.772    6.45371    12.1484    12.1336    18.2970   11.75556 4.5142e+02      0.779 0.0000e+00
         89 211.514838    0.00611     0.3667     22.000  1018.2366  38800.086    24.2502      0.771    6.45612    12.1588    12.1401    18.2331   11.76057 4.5466e+02      0.779 0.0000e+00
         90 211.514841    0.00618     0.3708     22.250  1018.1067  38556.842    24.0840      0.768    6.46173    12.1715    12.1485    18.1032   11.77194 4.6261e+02      0.775 0.0000e+00
         91 211.514844    0.00625     0.3750     22.500  1017.8910  38152.247    23.8073      0.763    6.47156    12.1863    12.1589    17.8875   11.79169 4.6890e+02      0.770 0.0000e+00
         92 211.514847    0.00632     0.3792     22.750  1017.5830  37573.579    23.4116      0.760    6.48593    12.2021    12.1716    17.5795   11.82048 4.7152e+02      0.767 0.0000e+00
         93 211.514850    0.00639     0.3833     23.000  1017.2239  36898.043    22.9502      0.759    6.50271    12.2171    12.1864    17.2204   11.85408 4.7422e+02      0.766 0.0000e+00
         94 211.514852    0.00646     0.3875     23.250  1016.9014  36291.101    22.5364      0.761    6.51742    12.2298    12.2022    16.8979   11.88367 4.7889e+02      0.768 0.0000e+00
         95 211.514855    0.00653     0.3917     23.500  1016.6873  35888.492    22.2625      0.764    6.52654    12.2400    12.2171    16.6838   11.90222 4.8726e+02      0.771 0.0000e+00
         96 211.514858    0.00660     0.3958     23.750  1016.5552  35640.430    22.0944      0.764    6.53166    12.2482    12.2299    16.5517   11.91282 4.9867e+02      0.771 0.0000e+00
         97 211.514861    0.00667     0.4000     24.000  1016.3884  35324.743    21.8806      0.760    6.53902    12.2547    12.2401    16.3849   11.92774 5.0917e+02      0.767 0.0000e+00
         98 211.514864    0.00674     0.4042     24.250  1016.0986  34773.610    21.5072      0.755    6.55326    12.2602    12.2482    16.0951   11.95610 5.1647e+02      0.762 0.0000e+00
         99 211.514867    0.00681     0.4083     24.500  1015.7177  34047.372    21.0154      0.751    6.57260    12.2649    12.2548    15.7142   11.99447 5.1889e+02      0.758 0.0000e+00
        100 211.514870    0.00688     0.4125     24.750  1015.3736  33390.570    20.5711      0.750    6.59016    12.2684    12.2603    15.3702   12.02928 5.1790e+02      0.757 0.0000e+00
        101 211.514873    0.00694     0.4167     25.000  1015.1862  33033.178    20.3294      0.753    6.59948    12.2709    12.2649    15.1827   12.04783 5.1357e+02      0.760 0.0000e+00
        102 211.514876    0.00701     0.4208     25.250  1015.1810  33025.011    20.3234      0.758    6.59919    12.2724    12.2685    15.1775   12.04741 5.0722e+02      0.765 0.0000e+00
        103 211.514878    0.00708     0.4250     25.500  1015.2494  33157.617    20.4126      0.763    6.59512    12.2732    12.2710    15.2459   12.03950 5.0726e+02      0.770 0.0000e+00
        104 211.514881    0.00715     0.4292     25.750  1015.2336  33128.112    20.3924      0.767    6.59572    12.2734    12.2725    15.2300   12.04073 5.1330e+02      0.774 0.0000e+00
        105 211.514884    0.00722     0.4333     26.000  1015.1149  32901.034    20.2389      0.769    6.60195    12.2731    12.2733    15.1114   12.05304 5.1513e+02      0.776 0.0000e+00
        106 211.514887    0.00729     0.4375     26.250  1014.9945  32670.148    20.0829      0.770    6.60838    12.2725    12.2734    14.9910   12.06571 5.1375e+02      0.777 0.0000e+00
        107 211.514890    0.00736     0.4417     26.500  1014.9253  32537.288    19.9932      0.768    6.61213    12.2715    12.2732    14.9217   12.07309 5.1394e+02      0.775 0.0000e+00
        108 211.514893    0.00743     0.4458     26.750  1014.8829  32455.606    19.9382      0.763    6.61450    12.2698    12.2726    14.8793   12.07773 5.1131e+02      0.770 0.0000e+00
        109 211.514896    0.00750     0.4500     27.000  1014.8531  32397.900    19.8994      0.757    6.61626    12.2672    12.2716    14.8496   12.08116 5.0965e+02      0.765 0.0000e+00
        110 211.514899    0.00757     0.4542     27.250  1014.8832  32455.061    19.9381      0.754    6.61492    12.2642    12.2698    14.8797   12.07844 5.1175e+02      0.762 0.0000e+00
        111 211.514902    0.00764     0.4583     27.500  1015.0228  32722.370    20.1183      0.754    6.60782    12.2614    12.2672    15.0193   12.06435 5.0987e+02      0.761 0.0000e+00
        112 211.514905    0.00771     0.4625     27.750  1015.2374  33133.713    20.3956      0.756    6.59676    12.2592    12.2642    15.2339   12.04243 5.0699e+02      0.763 0.0000e+00
        113 211.514907    0.00778     0.4667     28.000  1015.4127  33469.638    20.6221      0.757    6.58778    12.2576    12.2614    15.4092   12.02461 5.0706e+02      0.764 0.0000e+00
        114 211.514910    0.00785     0.4708     28.250  1015.4670  33573.626    20.6919      0.759    6.58519    12.2566    12.2592    15.4635   12.01942 5.0784e+02      0.766 0.0000e+00
        115 211.514913    0.00792     0.4750     28.500  1015.4380  33518.081    20.6540      0.762    6.58697    12.2559    12.2577    15.4345   12.02286 5.1410e+02      0.769 0.0000e+00
        116 211.514916    0.00799     0.4792     28.750  1015.4246  33492.395    20.6364      0.765    6.58784    12.2555    12.2566    15.4210   12.02452 5.2330e+02      0.772 0.0000e+00
        117 211.514919    0.00806     0.4833     29.000  1015.4619  33563.850    20.6846      0.766    6.58593    12.2552    12.2560    15.4583   12.02074 5.2768e+02      0.773 0.0000e+00
        118 211.514922    0.00813     0.4875     29.250  1015.4950  33627.335    20.7274      0.765    6.58422    12.2549    12.2556    15.4915   12.01734 5.2878e+02      0.772 0.0000e+00
        119 211.514925    0.00819     0.4917     29.500  1015.4717  33582.725    20.6972      0.763    6.58551    12.2545    12.2553    15.4682   12.01987 5.2994e+02      0.770 0.0000e+00
        120 211.514928    0.00826     0.4958     29.750  1015.4110  33466.345    20.6185      0.760    6.58881    12.2540    12.2550    15.4075   12.02636 5.2837e+02      0.767 0.0000e+00
        121 211.514931    0.00833     0.5000     30.000  1015.3793  33405.473    20.5774      0.759    6.59056    12.2535    12.2546    15.3758   12.02980 5.2226e+02      0.766 0.0000e+00
        122 211.514933    0.00840     0.5042     30.250  1015.4202  33483.701    20.6302      0.760    6.58844    12.2529    12.2541    15.4166   12.02561 5.1824e+02      0.767 0.0000e+00
        123 211.514936    0.00847     0.5083     30.500  1015.5087  33653.329    20.7448      0.761    6.58378    12.2522    12.2536    15.5052   12.01640 5.2220e+02      0.768 0.0000e+00
        124 211.514939    0.00854     0.5125     30.750  1015.5944  33817.398    20.8556      0.765    6.57928    12.2513    12.2530    15.5909   12.00751 5.2713e+02      0.772 0.0000e+00
        125 211.514942    0.00861     0.5167     31.000  1015.6629  33948.294    20.9441      0.771    6.57572    12.2503    12.2523    15.6594   12.00047 5.2440e+02      0.778 0.0000e+00
        126 211.514945    0.00868     0.5208     31.250  1015.7185  34054.437    21.0159      0.777    6.57288    12.2491    12.2514    15.7149   11.99484 5.1682e+02      0.784 0.0000e+00
        127 211.514948    0.00875     0.5250     31.500  1015.7524  34118.925    21.0595      0.782    6.57123    12.2481    12.2504    15.7488   11.99155 5.0411e+02      0.789 0.0000e+00
        128 211.514951    0.00882     0.5292     31.750  1015.7463  34106.959    21.0513      0.785    6.57173    12.2473    12.2492    15.7427   11.99249 4.8884e+02      0.792 0.0000e+00
        129 211.514954    0.00889     0.5333     32.000  1015.6975  34013.492    20.9880      0.786    6.57450    12.2469    12.2482    15.6939   11.99788 4.7737e+02      0.793 0.0000e+00
        130 211.514957    0.00896     0.5375     32.250  1015.6305  33885.159    20.9010      0.786    6.57819    12.2468    12.2474    15.6269   12.00513 4.7170e+02      0.794 0.0000e+00
        131 211.514959    0.00903     0.5417     32.500  1015.5725  33774.075    20.8258      0.786    6.58136    12.2469    12.2470    15.5689   12.01134 4.7500e+02      0.793 0.0000e+00
        132 211.514962    0.00910     0.5458     32.750  1015.5433  33718.157    20.7880      0.785    6.58293    12.2469    12.2469    15.5397   12.01444 4.8302e+02      0.792 0.0000e+00
        133 211.514965    0.00917     0.5500     33.000  1015.5516  33734.184    20.7988      0.784    6.58247    12.2469    12.2470    15.5480   12.01354 4.8583e+02      0.791 0.0000e+00
        134 211.514968    0.00924     0.5542     33.250  1015.5837  33795.635    20.8404      0.783    6.58075    12.2469    12.2470    15.5801   12.01015 4.8220e+02      0.790 0.0000e+00
        135 211.514971    0.00931     0.5583     33.500  1015.6148  33855.264    20.8807      0.782    6.57909    12.2469    12.2470    15.6112   12.00688 4.7769e+02      0.790 0.0000e+00
        136 211.514974    0.00937     0.5625     33.750  1015.6343  33892.626    20.9059      0.783    6.57805    12.2468    12.2469    15.6308   12.00483 4.7383e+02      0.791 0.0000e+00
        137 211.514977    0.00944     0.5667     34.000  1015.6505  33923.503    20.9268      0.785    6.57719    12.2468    12.2469    15.6469   12.00313 4.7057e+02      0.793 0.0000e+00
        138 211.514980    0.00951     0.5708     34.250  1015.6692  33959.389    20.9511      0.787    6.57619    12.2466    12.2469    15.6657   12.00116 4.6758e+02      0.795 0.0000e+00
        139 211.514983    0.00958     0.5750     34.500  1015.6853  33989.977    20.9718      0.790    6.57534    12.2464    12.2469    15.6817   11.99949 4.6421e+02      0.798 0.0000e+00
        140 211.514986    0.00965     0.5792     34.750  1015.6960  34010.388    20.9856      0.793    6.57479    12.2460    12.2467    15.6924   11.99840 4.6391e+02      0.800 0.0000e+00
        141 211.514988    0.00972     0.5833     35.000  1015.7103  34037.670    21.0041      0.795    6.57407    12.2455    12.2465    15.7067   11.99696 4.6873e+02      0.802 0.0000e+00
        142 211.514991    0.00979     0.5875     35.250  1015.7328  34080.493    21.0332      0.795    6.57292    12.2449    12.2461    15.7292   11.99469 4.7554e+02      0.803 0.0000e+00
        143 211.514994    0.00986     0.5917     35.500  1015.7436  34100.841    21.0470      0.794    6.57242    12.2442    12.2456    15.7399   11.99369 4.7999e+02      0.801 0.0000e+00
        144 211.514997    0.00993     0.5958     35.750  1015.7125  34041.219    21.0066      0.790    6.57418    12.2435    12.2450    15.7089   11.99712 4.8130e+02      0.798 0.0000e+00
        145 211.515000    0.01000     0.6000     36.000  1015.6433  33908.585    20.9169      0.787    6.57799    12.2427    12.2443    15.6397   12.00460 4.7973e+02      0.795 0.0000e+00
        146 211.515003    0.01007     0.6042     36.250  1015.5886  33803.715    20.8459      0.787    6.58103    12.2417    12.2436    15.5850   12.01055 4.7393e+02      0.795 0.0000e+00
        147 211.515006    0.01014     0.6083     36.500  1015.6018  33828.734    20.8628      0.791    6.58045    12.2405    12.2428    15.5981   12.00937 4.6538e+02      0.798 0.0000e+00
        148 211.515009    0.01021     0.6125     36.750  1015.6792  33976.560    20.9628      0.796    6.57646    12.2394    12.2418    15.6755   12.00147 4.6012e+02      0.803 0.0000e+00
        149 211.515012    0.01028     0.6167     37.000  1015.7670  34144.238    21.0762      0.799    6.57193    12.2382    12.2406    15.7633   11.99252 4.6042e+02      0.807 0.0000e+00
        150 211.515014    0.01035     0.6208     37.250  1015.8152  34236.060    21.1383      0.801    6.56954    12.2372    12.2395    15.8115   11.98775 4.5859e+02      0.808 0.0000e+00
        151 211.515017    0.01042     0.6250     37.500  1015.8043  34215.116    21.1241      0.799    6.57029    12.2365    12.2383    15.8006   11.98918 4.5296e+02      0.807 0.0000e+00
        152 211.515020    0.01049     0.6292     37.750  1015.7473  34106.044    21.0501      0.797    6.57347    12.2357    12.2373    15.7437   11.99541 4.5331e+02      0.805 0.0000e+00
        153 211.515023    0.01056     0.6333     38.000  1015.6893  33994.921    20.9748      0.795    6.57669    12.2348    12.2366    15.6856   12.00171 4.5776e+02      0.803 0.0000e+00
        154 211.515026    0.01063     0.6375     38.250  1015.6779  33973.104    20.9599      0.796    6.57741    12.2338    12.2358    15.6743   12.00309 4.5512e+02      0.803 0.0000e+00
        155 211.515029    0.01069     0.6417     38.500  1015.7133  34040.539    21.0055      0.798    6.57565    12.2330    12.2349    15.7096   11.99959 4.4970e+02      0.805 0.0000e+00
        156 211.515032    0.01076     0.6458     38.750  1015.7599  34129.560    21.0657      0.802    6.57330    12.2324    12.2339    15.7563   11.99493 4.5047e+02      0.809 0.0000e+00
        157 211.515035    0.01083     0.6500     39.000  1015.7995  34204.933    21.1166      0.808    6.57132    12.2321    12.2331    15.7958   11.99099 4.5287e+02      0.815 0.0000e+00
        158 211.515038    0.01090     0.6542     39.250  1015.8312  34265.301    21.1575      0.815    6.56971    12.2321    12.2325    15.8274   11.98780 4.5332e+02      0.822 0.0000e+00
        159 211.515041    0.01097     0.6583     39.500  1015.8540  34308.733    21.1869      0.821    6.56854    12.2322    12.2322    15.8502   11.98547 4.5416e+02      0.829 0.0000e+00
        160 211.515043    0.01104     0.6625     39.750  1015.8619  34323.897    21.1972      0.825    6.56812    12.2324    12.2322    15.8581   11.98465 4.5655e+02      0.833 0.0000e+00
        161 211.515046    0.01111     0.6667     40.000  1015.8462  34293.859    21.1768      0.826    6.56894    12.2326    12.2323    15.8424   11.98628 4.6163e+02      0.834 0.0000e+00
        162 211.515049    0.01118     0.6708     40.250  1015.8046  34214.397    21.1230      0.822    6.57114    12.2328    12.2325    15.8008   11.99062 4.6562e+02      0.830 0.0000e+00
        163 211.515052    0.01125     0.6750     40.500  1015.7475  34105.350    21.0492      0.817    6.57417    12.2332    12.2327    15.7437   11.99657 4.6548e+02      0.825 0.0000e+00
        164 211.515055    0.01132     0.6792     40.750  1015.6925  34000.225    20.9780      0.811    6.57707    12.2335    12.2329    15.6887   12.00230 4.6556e+02      0.819 0.0000e+00
        165 211.515058    0.01139     0.6833     41.000  1015.6599  33937.946    20.9359      0.806    6.57876    12.2336    12.2332    15.6561   12.00565 4.6637e+02      0.814 0.0000e+00
        166 211.515061    0.01146     0.6875     41.250  1015.6664  33950.544    20.9444      0.804    6.57837    12.2335    12.2335    15.6627   12.00488 4.6546e+02      0.812 0.0000e+00
        167 211.515064    0.01153     0.6917     41.500  1015.7087  34031.529    20.9993      0.805    6.57608    12.2334    12.2337    15.7050   12.00039 4.6484e+02      0.812 0.0000e+00
        168 211.515067    0.01160     0.6958     41.750  1015.7655  34140.019    21.0727      0.806    6.57306    12.2333    12.2336    15.7618   11.99443 4.6447e+02      0.814 0.0000e+00
        169 211.515069    0.01167     0.7000     42.000  1015.8090  34223.233    21.1291      0.807    6.57075    12.2332    12.2335    15.8053   11.98988 4.6609e+02      0.815 0.0000e+00
        170 211.515072    0.01174     0.7042     42.250  1015.8143  34233.191    21.1358      0.807    6.57049    12.2334    12.2333    15.8105   11.98937 4.6999e+02      0.815 0.0000e+00
