CTD-processing/allCTD/CNV--homogene/2016_08-29_t3_s07_cast054.cnv
* Sea-Bird SBE19plus Data File:
* FileName = C:\Users\Kim.Powell\Desktop\2016_08-29_T3_5028\2016_08-29_T3_5028_cast054.hex
* Software Version 1.59
* Temperature SN =  5028
* Conductivity SN =  5028
* System UpLoad Time = Aug 29 2016 21:36:21
** CookInlet LTM Transect 3
** 2016_08-29
** Station: 3-07
** Start Time: 10:31
** Depth (m): 103.3
** Comment:
** Comment:
# nquan = 17
# nvalues = 1004                        
# units = specified
# name 0 = scan: Scan Count
# name 1 = timeJ: Julian Days
# name 2 = timeH: Time, Elapsed [hours]
# name 3 = timeM: Time, Elapsed [minutes]
# name 4 = timeS: Time, Elapsed [seconds]
# name 5 = density00: Density [density, kg/m^3]
# name 6 = specc: Specific Conductance [uS/cm]
# name 7 = sal00: Salinity, Practical [PSU]
# name 8 = depSM: Depth [salt water, m], lat = 59.00
# name 9 = oxsolML/L: Oxygen Saturation, Garcia & Gordon [ml/l]
# name 10 = potemp090C: Potential Temperature [ITS-90, deg C]
# name 11 = tv290C: Temperature [ITS-90, deg C]
# name 12 = sigma-é00: Density [sigma-theta, kg/m^3]
# name 13 = n2satML/L: Nitrogen Saturation [ml/l]
# name 14 = par: PAR/Irradiance, Biospherical/Licor
# name 15 = prdM: Pressure, Strain Gauge [db]
# name 16 = flag:  0.000e+00
# span 0 =          1,       1004       
# span 1 = 242.438495, 242.441398       
# span 2 =    0.00000,    0.06965       
# span 3 =     0.0000,     4.1792       
# span 4 =      0.000,    250.750       
# span 5 =   999.3833,  1022.5905       
# span 6 =    411.936,  46235.169       
# span 7 =     0.1984,    29.4202       
# span 8 =      0.053,     87.099       
# span 9 =    6.18195,    7.18334       
# span 10 =    12.3527,    14.1926      
# span 11 =    12.3637,    14.1926      
# span 12 =    -0.6169,    22.1955      
# span 13 =   11.27310,   13.29301      
# span 14 = 6.9046e-02, 1.3690e+03      
# span 15 =      0.053,     87.939      
# span 16 = 0.0000e+00, 0.0000e+00      
# interval = seconds: 0.25
# start_time = Aug 29 2016 10:31:26 [Instrument's time stamp, header]
# bad_flag = -9.990e-29
*END*
[from data line 86]
         87 242.438744    0.00597     0.3583     21.500  1020.0237  42397.862    26.8290      0.785    6.20108    13.2801    13.2824    20.0201   11.30507 4.0454e+02      0.793 0.0000e+00
         88 242.438747    0.00604     0.3625     21.750  1020.0287  42406.949    26.8351      0.798    6.20100    13.2795    13.2812    20.0251   11.30486 4.2492e+02      0.806 0.0000e+00
         89 242.438750    0.00611     0.3667     22.000  1020.0337  42416.055    26.8414      0.799    6.20088    13.2792    13.2802    20.0301   11.30458 4.4986e+02      0.807 0.0000e+00
         90 242.438753    0.00618     0.3708     22.250  1020.0387  42425.290    26.8478      0.790    6.20071    13.2789    13.2796    20.0351   11.30423 4.4398e+02      0.798 0.0000e+00
         91 242.438756    0.00625     0.3750     22.500  1020.0425  42432.435    26.8527      0.773    6.20056    13.2784    13.2793    20.0390   11.30391 4.1929e+02      0.780 0.0000e+00
         92 242.438759    0.00632     0.3792     22.750  1020.0440  42435.380    26.8547      0.750    6.20051    13.2776    13.2790    20.0406   11.30381 4.0652e+02      0.757 0.0000e+00
         93 242.438762    0.00639     0.3833     23.000  1020.0436  42434.685    26.8542      0.724    6.20060    13.2767    13.2785    20.0403   11.30397 4.0874e+02      0.731 0.0000e+00
         94 242.438764    0.00646     0.3875     23.250  1020.0427  42432.982    26.8529      0.699    6.20076    13.2760    13.2777    20.0395   11.30425 4.2832e+02      0.706 0.0000e+00
         95 242.438767    0.00653     0.3917     23.500  1020.0423  42432.239    26.8524      0.680    6.20090    13.2755    13.2768    20.0392   11.30448 4.5783e+02      0.687 0.0000e+00
         96 242.438770    0.00660     0.3958     23.750  1020.0430  42433.337    26.8531      0.670    6.20096    13.2751    13.2761    20.0399   11.30458 4.7302e+02      0.676 0.0000e+00
         97 242.438773    0.00667     0.4000     24.000  1020.0448  42436.656    26.8554      0.668    6.20093    13.2748    13.2756    20.0418   11.30451 4.8698e+02      0.674 0.0000e+00
         98 242.438776    0.00674     0.4042     24.250  1020.0477  42441.956    26.8591      0.675    6.20084    13.2746    13.2752    20.0447   11.30431 5.2028e+02      0.681 0.0000e+00
         99 242.438779    0.00681     0.4083     24.500  1020.0513  42448.484    26.8636      0.688    6.20070    13.2746    13.2749    20.0482   11.30403 5.5401e+02      0.694 0.0000e+00
        100 242.438782    0.00688     0.4125     24.750  1020.0551  42455.232    26.8683      0.703    6.20054    13.2746    13.2747    20.0519   11.30371 5.5249e+02      0.710 0.0000e+00
        101 242.438785    0.00694     0.4167     25.000  1020.0583  42461.105    26.8724      0.718    6.20039    13.2746    13.2747    20.0551   11.30341 5.2729e+02      0.725 0.0000e+00
        102 242.438788    0.00701     0.4208     25.250  1020.0604  42464.954    26.8751      0.729    6.20028    13.2745    13.2747    20.0571   11.30319 5.2574e+02      0.736 0.0000e+00
        103 242.438791    0.00708     0.4250     25.500  1020.0609  42465.730    26.8757      0.734    6.20026    13.2743    13.2747    20.0576   11.30315 5.5064e+02      0.741 0.0000e+00
        104 242.438793    0.00715     0.4292     25.750  1020.0592  42462.663    26.8735      0.731    6.20035    13.2740    13.2746    20.0559   11.30334 5.6690e+02      0.738 0.0000e+00
        105 242.438796    0.00722     0.4333     26.000  1020.0556  42456.036    26.8689      0.723    6.20056    13.2738    13.2744    20.0524   11.30374 5.4307e+02      0.729 0.0000e+00
        106 242.438799    0.00729     0.4375     26.250  1020.0512  42447.856    26.8631      0.709    6.20083    13.2740    13.2741    20.0480   11.30425 4.9938e+02      0.716 0.0000e+00
        107 242.438802    0.00736     0.4417     26.500  1020.0474  42441.006    26.8583      0.694    6.20104    13.2744    13.2739    20.0443   11.30465 4.6844e+02      0.700 0.0000e+00
        108 242.438805    0.00743     0.4458     26.750  1020.0458  42438.086    26.8563      0.680    6.20110    13.2752    13.2741    20.0427   11.30477 4.4703e+02      0.686 0.0000e+00
        109 242.438808    0.00750     0.4500     27.000  1020.0474  42441.345    26.8586      0.669    6.20094    13.2764    13.2745    20.0444   11.30449 4.4193e+02      0.675 0.0000e+00
        110 242.438811    0.00757     0.4542     27.250  1020.0535  42452.781    26.8667      0.663    6.20053    13.2786    13.2753    20.0505   11.30372 4.5928e+02      0.669 0.0000e+00
        111 242.438814    0.00764     0.4583     27.500  1020.0638  42472.215    26.8803      0.661    6.19984    13.2823    13.2765    20.0609   11.30241 4.6411e+02      0.667 0.0000e+00
        112 242.438817    0.00771     0.4625     27.750  1020.0751  42493.595    26.8954      0.661    6.19898    13.2880    13.2787    20.0721   11.30079 4.3473e+02      0.667 0.0000e+00
        113 242.438819    0.00778     0.4667     28.000  1020.0826  42508.477    26.9061      0.663    6.19809    13.2957    13.2824    20.0797   11.29919 4.0391e+02      0.669 0.0000e+00
        114 242.438822    0.00785     0.4708     28.250  1020.0842  42512.707    26.9095      0.664    6.19723    13.3041    13.2881    20.0812   11.29771 3.9491e+02      0.670 0.0000e+00
        115 242.438825    0.00792     0.4750     28.500  1020.0789  42504.834    26.9045      0.664    6.19642    13.3110    13.2958    20.0759   11.29643 4.0103e+02      0.670 0.0000e+00
        116 242.438828    0.00799     0.4792     28.750  1020.0673  42485.506    26.8916      0.664    6.19583    13.3140    13.3042    20.0644   11.29558 4.0866e+02      0.670 0.0000e+00
        117 242.438831    0.00806     0.4833     29.000  1020.0531  42460.776    26.8748      0.666    6.19559    13.3122    13.3111    20.0501   11.29538 4.0525e+02      0.672 0.0000e+00
        118 242.438834    0.00813     0.4875     29.250  1020.0420  42440.920    26.8611      0.671    6.19573    13.3073    13.3140    20.0390   11.29578 4.0185e+02      0.677 0.0000e+00
        119 242.438837    0.00819     0.4917     29.500  1020.0385  42433.938    26.8561      0.680    6.19615    13.3014    13.3123    20.0354   11.29654 4.1505e+02      0.687 0.0000e+00
        120 242.438840    0.00826     0.4958     29.750  1020.0433  42441.510    26.8610      0.693    6.19660    13.2962    13.3074    20.0402   11.29723 4.3670e+02      0.700 0.0000e+00
        121 242.438843    0.00833     0.5000     30.000  1020.0543  42460.251    26.8737      0.707    6.19687    13.2919    13.3015    20.0511   11.29753 4.6052e+02      0.714 0.0000e+00
        122 242.438845    0.00840     0.5042     30.250  1020.0673  42482.997    26.8893      0.718    6.19694    13.2883    13.2963    20.0640   11.29747 5.0041e+02      0.725 0.0000e+00
        123 242.438848    0.00847     0.5083     30.500  1020.0784  42502.359    26.9025      0.724    6.19698    13.2853    13.2920    20.0751   11.29738 5.6877e+02      0.731 0.0000e+00
        124 242.438851    0.00854     0.5125     30.750  1020.0857  42515.007    26.9111      0.724    6.19712    13.2830    13.2884    20.0824   11.29751 6.1992e+02      0.730 0.0000e+00
        125 242.438854    0.00861     0.5167     31.000  1020.0888  42520.116    26.9145      0.715    6.19739    13.2814    13.2854    20.0855   11.29791 6.1206e+02      0.722 0.0000e+00
        126 242.438857    0.00868     0.5208     31.250  1020.0870  42516.390    26.9117      0.699    6.19779    13.2799    13.2831    20.0838   11.29861 5.8878e+02      0.706 0.0000e+00
        127 242.438860    0.00875     0.5250     31.500  1020.0805  42504.190    26.9031      0.679    6.19833    13.2784    13.2814    20.0775   11.29962 5.6457e+02      0.685 0.0000e+00
        128 242.438863    0.00882     0.5292     31.750  1020.0720  42488.216    26.8918      0.658    6.19896    13.2769    13.2800    20.0690   11.30079 5.2362e+02      0.664 0.0000e+00
        129 242.438866    0.00889     0.5333     32.000  1020.0649  42474.892    26.8824      0.640    6.19952    13.2761    13.2785    20.0620   11.30183 4.8958e+02      0.646 0.0000e+00
        130 242.438869    0.00896     0.5375     32.250  1020.0616  42468.523    26.8778      0.630    6.19988    13.2766    13.2770    20.0588   11.30249 4.6919e+02      0.635 0.0000e+00
        131 242.438872    0.00903     0.5417     32.500  1020.0630  42470.746    26.8793      0.629    6.19993    13.2792    13.2761    20.0601   11.30256 4.4423e+02      0.634 0.0000e+00
        132 242.438874    0.00910     0.5458     32.750  1020.0690  42482.016    26.8872      0.638    6.19956    13.2849    13.2766    20.0661   11.30186 4.2067e+02      0.644 0.0000e+00
        133 242.438877    0.00917     0.5500     33.000  1020.0783  42499.694    26.8998      0.656    6.19873    13.2947    13.2793    20.0753   11.30034 4.2513e+02      0.662 0.0000e+00
        134 242.438880    0.00924     0.5542     33.250  1020.0866  42516.324    26.9118      0.679    6.19754    13.3097    13.2850    20.0835   11.29821 4.7348e+02      0.685 0.0000e+00
        135 242.438883    0.00931     0.5583     33.500  1020.0894  42523.781    26.9177      0.701    6.19604    13.3287    13.2948    20.0862   11.29564 5.5358e+02      0.708 0.0000e+00
        136 242.438886    0.00937     0.5625     33.750  1020.0840  42517.344    26.9143      0.720    6.19423    13.3478    13.3098    20.0808   11.29266 5.8976e+02      0.727 0.0000e+00
        137 242.438889    0.00944     0.5667     34.000  1020.0709  42497.593    26.9018      0.734    6.19226    13.3631    13.3288    20.0676   11.28952 5.3773e+02      0.741 0.0000e+00
        138 242.438892    0.00951     0.5708     34.250  1020.0537  42470.294    26.8841      0.742    6.19048    13.3725    13.3479    20.0503   11.28677 4.6882e+02      0.749 0.0000e+00
        139 242.438895    0.00958     0.5750     34.500  1020.0372  42443.617    26.8665      0.744    6.18919    13.3756    13.3632    20.0338   11.28483 4.3570e+02      0.751 0.0000e+00
        140 242.438898    0.00965     0.5792     34.750  1020.0257  42424.639    26.8539      0.744    6.18846    13.3730    13.3726    20.0223   11.28375 4.1995e+02      0.751 0.0000e+00
        141 242.438900    0.00972     0.5833     35.000  1020.0215  42417.519    26.8491      0.744    6.18824    13.3675    13.3757    20.0181   11.28345 3.9455e+02      0.751 0.0000e+00
        142 242.438903    0.00979     0.5875     35.250  1020.0249  42423.316    26.8530      0.744    6.18843    13.3633    13.3731    20.0216   11.28372 3.5981e+02      0.751 0.0000e+00
        143 242.438906    0.00986     0.5917     35.500  1020.0344  42439.465    26.8639      0.744    6.18871    13.3631    13.3676    20.0310   11.28406 3.3394e+02      0.751 0.0000e+00
        144 242.438909    0.00993     0.5958     35.750  1020.0454  42458.849    26.8772      0.744    6.18875    13.3693    13.3634    20.0421   11.28398 3.2048e+02      0.751 0.0000e+00
        145 242.438912    0.01000     0.6000     36.000  1020.0529  42472.619    26.8868      0.743    6.18839    13.3821    13.3632    20.0495   11.28327 3.1892e+02      0.750 0.0000e+00
        146 242.438915    0.01007     0.6042     36.250  1020.0534  42475.080    26.8890      0.739    6.18752    13.3983    13.3694    20.0500   11.28179 3.2762e+02      0.746 0.0000e+00
        147 242.438918    0.01014     0.6083     36.500  1020.0462  42465.103    26.8829      0.732    6.18610    13.4128    13.3822    20.0429   11.27949 3.4618e+02      0.739 0.0000e+00
        148 242.438921    0.01021     0.6125     36.750  1020.0338  42446.219    26.8708      0.722    6.18448    13.4228    13.3984    20.0305   11.27694 3.7448e+02      0.729 0.0000e+00
        149 242.438924    0.01028     0.6167     37.000  1020.0204  42425.013    26.8570      0.712    6.18313    13.4277    13.4129    20.0171   11.27486 3.9439e+02      0.719 0.0000e+00
        150 242.438927    0.01035     0.6208     37.250  1020.0095  42407.378    26.8454      0.703    6.18230    13.4276    13.4229    20.0063   11.27360 4.1037e+02      0.709 0.0000e+00
        151 242.438929    0.01042     0.6250     37.500  1020.0030  42396.692    26.8382      0.696    6.18195    13.4234    13.4278    19.9998   11.27310 4.5261e+02      0.703 0.0000e+00
        152 242.438932    0.01049     0.6292     37.750  1020.0018  42394.465    26.8367      0.695    6.18202    13.4169    13.4277    19.9986   11.27323 4.9950e+02      0.702 0.0000e+00
        153 242.438935    0.01056     0.6333     38.000  1020.0053  42399.914    26.8402      0.699    6.18242    13.4096    13.4235    20.0021   11.27387 5.0947e+02      0.706 0.0000e+00
        154 242.438938    0.01063     0.6375     38.250  1020.0116  42409.761    26.8466      0.710    6.18301    13.4021    13.4170    20.0083   11.27478 4.9761e+02      0.717 0.0000e+00
        155 242.438941    0.01069     0.6417     38.500  1020.0189  42421.395    26.8543      0.727    6.18366    13.3950    13.4097    20.0156   11.27576 4.9391e+02      0.735 0.0000e+00
        156 242.438944    0.01076     0.6458     38.750  1020.0272  42434.622    26.8630      0.750    6.18429    13.3891    13.4022    20.0238   11.27670 5.1832e+02      0.758 0.0000e+00
        157 242.438947    0.01083     0.6500     39.000  1020.0362  42449.381    26.8728      0.776    6.18483    13.3850    13.3951    20.0327   11.27749 6.0319e+02      0.784 0.0000e+00
        158 242.438950    0.01090     0.6542     39.250  1020.0448  42463.574    26.8823      0.800    6.18522    13.3825    13.3892    20.0412   11.27803 6.9298e+02      0.808 0.0000e+00
        159 242.438953    0.01097     0.6583     39.500  1020.0509  42473.765    26.8891      0.819    6.18548    13.3809    13.3851    20.0472   11.27839 6.7013e+02      0.827 0.0000e+00
        160 242.438955    0.01104     0.6625     39.750  1020.0534  42477.547    26.8916      0.830    6.18571    13.3788    13.3826    20.0496   11.27874 5.6540e+02      0.838 0.0000e+00
        161 242.438958    0.01111     0.6667     40.000  1020.0521  42474.761    26.8895      0.831    6.18600    13.3750    13.3810    20.0483   11.27925 4.9217e+02      0.839 0.0000e+00
        162 242.438961    0.01118     0.6708     40.250  1020.0486  42467.879    26.8846      0.823    6.18645    13.3685    13.3790    20.0448   11.28006 4.6291e+02      0.831 0.0000e+00
        163 242.438964    0.01125     0.6750     40.500  1020.0455  42461.263    26.8797      0.808    6.18714    13.3598    13.3751    20.0418   11.28126 4.3730e+02      0.816 0.0000e+00
        164 242.438967    0.01132     0.6792     40.750  1020.0449  42458.810    26.8775      0.791    6.18806    13.3504    13.3686    20.0413   11.28282 4.0073e+02      0.799 0.0000e+00
        165 242.438970    0.01139     0.6833     41.000  1020.0482  42462.883    26.8797      0.776    6.18910    13.3424    13.3599    20.0447   11.28453 3.5509e+02      0.783 0.0000e+00
        166 242.438973    0.01146     0.6875     41.250  1020.0556  42474.323    26.8871      0.766    6.19002    13.3368    13.3505    20.0521   11.28599 3.2293e+02      0.773 0.0000e+00
        167 242.438976    0.01153     0.6917     41.500  1020.0658  42491.237    26.8984      0.764    6.19063    13.3337    13.3425    20.0623   11.28686 3.1579e+02      0.772 0.0000e+00
        168 242.438979    0.01160     0.6958     41.750  1020.0760  42508.612    26.9101      0.772    6.19089    13.3328    13.3369    20.0725   11.28715 3.1543e+02      0.780 0.0000e+00
        169 242.438981    0.01167     0.7000     42.000  1020.0835  42521.564    26.9190      0.788    6.19095    13.3343    13.3338    20.0799   11.28715 3.1136e+02      0.796 0.0000e+00
        170 242.438984    0.01174     0.7042     42.250  1020.0870  42527.689    26.9232      0.810    6.19091    13.3373    13.3329    20.0833   11.28703 3.0813e+02      0.818 0.0000e+00
