CTD-processing/allCTD/CNV--homogene/2016_02-14_t3_s11_cast102.cnv
* Sea-Bird SBE19plus Data File:
* FileName = C:\Users\Kris.Holderied\Documents\kasitsna\Research-KBL\Oceanography-AK\CTD-Data-ALL-to-2016-02\2016-CTD-KachemakBay-CookInlet\2016-02-CookInlet-quarterly\2016-02-14-CookInlet-Tran3-AnchorPt\2016-02-14-CookInlet-Tran3-cast102.hex
* Software Version 1.59
* Temperature SN =  5028
* Conductivity SN =  5028
* System UpLoad Time = Feb 15 2016 00:31:48
** Cook Inlet LTM Tran3 Anchor Pt Southeast to northwest

** Date: 02-14
** Station: 3-11
** Start time (AKST): 14:53
** Depth (m): 35
** Comment:  R/V Pandalus
** Comment:
# nquan = 17
# nvalues = 349                         
# units = specified
# name 0 = scan: Scan Count
# name 1 = timeJ: Julian Days
# name 2 = timeH: Time, Elapsed [hours]
# name 3 = timeM: Time, Elapsed [minutes]
# name 4 = timeS: Time, Elapsed [seconds]
# name 5 = density00: Density [density, kg/m^3]
# name 6 = specc: Specific Conductance [uS/cm]
# name 7 = sal00: Salinity, Practical [PSU]
# name 8 = depSM: Depth [salt water, m], lat = 59.00
# name 9 = oxsolML/L: Oxygen Saturation, Garcia & Gordon [ml/l]
# name 10 = potemp090C: Potential Temperature [ITS-90, deg C]
# name 11 = tv290C: Temperature [ITS-90, deg C]
# name 12 = sigma-é00: Density [sigma-theta, kg/m^3]
# name 13 = n2satML/L: Nitrogen Saturation [ml/l]
# name 14 = par: PAR/Irradiance, Biospherical/Licor
# name 15 = prdM: Pressure, Strain Gauge [db]
# name 16 = flag:  0.000e+00
# span 0 =          1,        349       
# span 1 =  45.620532,  45.621539       
# span 2 =    0.00000,    0.02417       
# span 3 =     0.0000,     1.4500       
# span 4 =      0.000,     87.000       
# span 5 =  1000.7660,  1024.8469       
# span 6 =   1939.441,  50295.763       
# span 7 =     0.9913,    31.2916       
# span 8 =     -0.279,     35.874       
# span 9 =    7.17816,    9.01607       
# span 10 =     4.4134,     5.4261      
# span 11 =     4.4064,     5.4270      
# span 12 =     0.7674,    24.6993      
# span 13 =   12.87046,   16.37362      
# span 14 = 3.9679e-02, 4.2979e+01      
# span 15 =     -0.282,     36.216      
# span 16 = 0.0000e+00, 0.0000e+00      
# interval = seconds: 0.25
# start_time = Feb 14 2016 14:53:34 [Instrument's time stamp, header]
# bad_flag = -9.990e-29
*END*
[from data line 171]
        172  45.621027    0.01188     0.7125     42.750  1024.6792  50245.664    31.2462      1.814    7.20592     5.2872     5.2737    24.6707   12.91672 1.5756e+01      1.831 0.0000e+00
        173  45.621030    0.01194     0.7167     43.000  1024.6756  50238.666    31.2425      1.782    7.20513     5.2962     5.2793    24.6672   12.91546 1.5880e+01      1.799 0.0000e+00
        174  45.621033    0.01201     0.7208     43.250  1024.6688  50225.532    31.2352      1.756    7.20410     5.3047     5.2873    24.6605   12.91386 1.5956e+01      1.773 0.0000e+00
        175  45.621036    0.01208     0.7250     43.500  1024.6600  50208.587    31.2254      1.739    7.20302     5.3112     5.2964    24.6518   12.91219 1.6009e+01      1.755 0.0000e+00
        176  45.621039    0.01215     0.7292     43.750  1024.6504  50190.206    31.2145      1.732    7.20208     5.3146     5.3049    24.6423   12.91079 1.5987e+01      1.748 0.0000e+00
        177  45.621042    0.01222     0.7333     44.000  1024.6410  50172.268    31.2035      1.734    7.20149     5.3144     5.3114    24.6329   12.90996 1.5859e+01      1.750 0.0000e+00
        178  45.621045    0.01229     0.7375     44.250  1024.6329  50156.937    31.1937      1.746    7.20138     5.3103     5.3148    24.6247   12.90989 1.5662e+01      1.763 0.0000e+00
        179  45.621047    0.01236     0.7417     44.500  1024.6274  50146.742    31.1866      1.765    7.20176     5.3028     5.3145    24.6191   12.91062 1.5440e+01      1.782 0.0000e+00
        180  45.621050    0.01243     0.7458     44.750  1024.6258  50144.054    31.1839      1.786    7.20260     5.2933     5.3104    24.6174   12.91204 1.5174e+01      1.803 0.0000e+00
        181  45.621053    0.01250     0.7500     45.000  1024.6290  50150.559    31.1868      1.806    7.20374     5.2840     5.3029    24.6206   12.91389 1.4831e+01      1.823 0.0000e+00
        182  45.621056    0.01257     0.7542     45.250  1024.6365  50165.060    31.1948      1.824    7.20498     5.2765     5.2935    24.6280   12.91584 1.4463e+01      1.841 0.0000e+00
        183  45.621059    0.01264     0.7583     45.500  1024.6456  50182.709    31.2050      1.837    7.20609     5.2711     5.2842    24.6371   12.91753 1.4195e+01      1.854 0.0000e+00
        184  45.621062    0.01271     0.7625     45.750  1024.6534  50197.728    31.2138      1.844    7.20696     5.2674     5.2766    24.6448   12.91886 1.4143e+01      1.861 0.0000e+00
        185  45.621065    0.01278     0.7667     46.000  1024.6581  50206.756    31.2189      1.843    7.20765     5.2650     5.2712    24.6494   12.91993 1.4337e+01      1.860 0.0000e+00
        186  45.621068    0.01285     0.7708     46.250  1024.6601  50210.979    31.2210      1.830    7.20817     5.2637     5.2675    24.6515   12.92077 1.4725e+01      1.848 0.0000e+00
        187  45.621071    0.01292     0.7750     46.500  1024.6620  50214.800    31.2232      1.807    7.20848     5.2639     5.2652    24.6535   12.92124 1.5214e+01      1.824 0.0000e+00
        188  45.621073    0.01299     0.7792     46.750  1024.6657  50221.980    31.2279      1.775    7.20847     5.2663     5.2639    24.6573   12.92118 1.5703e+01      1.792 0.0000e+00
        189  45.621076    0.01306     0.7833     47.000  1024.6717  50233.295    31.2357      1.740    7.20808     5.2722     5.2640    24.6635   12.92042 1.6112e+01      1.756 0.0000e+00
        190  45.621079    0.01313     0.7875     47.250  1024.6788  50246.422    31.2452      1.708    7.20721     5.2827     5.2664    24.6708   12.91887 1.6370e+01      1.724 0.0000e+00
        191  45.621082    0.01319     0.7917     47.500  1024.6852  50257.766    31.2542      1.686    7.20576     5.2972     5.2723    24.6773   12.91636 1.6386e+01      1.702 0.0000e+00
        192  45.621085    0.01326     0.7958     47.750  1024.6892  50264.164    31.2608      1.685    7.20364     5.3131     5.2828    24.6813   12.91277 1.6142e+01      1.701 0.0000e+00
        193  45.621088    0.01333     0.8000     48.000  1024.6889  50261.892    31.2623      1.709    7.20107     5.3267     5.2974    24.6808   12.90851 1.5763e+01      1.725 0.0000e+00
        194  45.621091    0.01340     0.8042     48.250  1024.6819  50247.151    31.2554      1.757    7.19869     5.3353     5.3132    24.6736   12.90466 1.5368e+01      1.774 0.0000e+00
        195  45.621094    0.01347     0.8083     48.500  1024.6674  50218.831    31.2387      1.818    7.19715     5.3366     5.3268    24.6589   12.90234 1.4984e+01      1.835 0.0000e+00
        196  45.621097    0.01354     0.8125     48.750  1024.6481  50181.941    31.2150      1.877    7.19681     5.3288     5.3354    24.6393   12.90208 1.4663e+01      1.894 0.0000e+00
        197  45.621100    0.01361     0.8167     49.000  1024.6317  50151.365    31.1942      1.920    7.19759     5.3129     5.3367    24.6227   12.90364 1.4489e+01      1.938 0.0000e+00
        198  45.621102    0.01368     0.8208     49.250  1024.6277  50144.638    31.1880      1.937    7.19923     5.2945     5.3289    24.6186   12.90642 1.4509e+01      1.955 0.0000e+00
        199  45.621105    0.01375     0.8250     49.500  1024.6383  50165.687    31.1992      1.924    7.20141     5.2796     5.3131    24.6292   12.90987 1.4743e+01      1.942 0.0000e+00
        200  45.621108    0.01382     0.8292     49.750  1024.6573  50202.876    31.2210      1.881    7.20353     5.2717     5.2946    24.6485   12.91310 1.5161e+01      1.899 0.0000e+00
        201  45.621111    0.01389     0.8333     50.000  1024.6771  50241.191    31.2443      1.816    7.20497     5.2725     5.2797    24.6686   12.91518 1.5694e+01      1.833 0.0000e+00
        202  45.621114    0.01396     0.8375     50.250  1024.6921  50270.121    31.2626      1.736    7.20543     5.2818     5.2718    24.6839   12.91571 1.6292e+01      1.753 0.0000e+00
        203  45.621117    0.01403     0.8417     50.500  1024.7012  50287.445    31.2747      1.655    7.20472     5.2975     5.2726    24.6934   12.91438 1.6875e+01      1.670 0.0000e+00
        204  45.621120    0.01410     0.8458     50.750  1024.7059  50295.763    31.2824      1.585    7.20275     5.3159     5.2819    24.6985   12.91102 1.7283e+01      1.600 0.0000e+00
        205  45.621123    0.01417     0.8500     51.000  1024.7062  50295.177    31.2853      1.541    7.19993     5.3340     5.2976    24.6990   12.90632 1.7361e+01      1.556 0.0000e+00
        206  45.621126    0.01424     0.8542     51.250  1024.7022  50285.968    31.2828      1.534    7.19689     5.3498     5.3160    24.6950   12.90134 1.7079e+01      1.549 0.0000e+00
        207  45.621128    0.01431     0.8583     51.500  1024.6950  50270.766    31.2760      1.565    7.19411     5.3620     5.3341    24.6876   12.89683 1.6569e+01      1.579 0.0000e+00
        208  45.621131    0.01438     0.8625     51.750  1024.6854  50251.205    31.2658      1.624    7.19190     5.3700     5.3499    24.6778   12.89331 1.5990e+01      1.639 0.0000e+00
        209  45.621134    0.01444     0.8667     52.000  1024.6731  50226.869    31.2515      1.700    7.19049     5.3730     5.3621    24.6651   12.89117 1.5434e+01      1.716 0.0000e+00
        210  45.621137    0.01451     0.8708     52.250  1024.6572  50196.286    31.2321      1.781    7.19006     5.3702     5.3701    24.6489   12.89071 1.4973e+01      1.797 0.0000e+00
        211  45.621140    0.01458     0.8750     52.500  1024.6395  50162.924    31.2097      1.854    7.19061     5.3610     5.3732    24.6309   12.89190 1.4665e+01      1.872 0.0000e+00
        212  45.621143    0.01465     0.8792     52.750  1024.6272  50140.113    31.1934      1.913    7.19186     5.3470     5.3704    24.6183   12.89418 1.4538e+01      1.931 0.0000e+00
        213  45.621146    0.01472     0.8833     53.000  1024.6269  50140.055    31.1915      1.950    7.19353     5.3325     5.3612    24.6178   12.89696 1.4564e+01      1.969 0.0000e+00
        214  45.621149    0.01479     0.8875     53.250  1024.6378  50161.344    31.2032      1.967    7.19537     5.3211     5.3472    24.6287   12.89984 1.4656e+01      1.985 0.0000e+00
        215  45.621152    0.01486     0.8917     53.500  1024.6537  50191.833    31.2212      1.965    7.19700     5.3148     5.3326    24.6445   12.90231 1.4732e+01      1.984 0.0000e+00
        216  45.621155    0.01493     0.8958     53.750  1024.6670  50217.466    31.2365      1.952    7.19821     5.3136     5.3213    24.6578   12.90411 1.4780e+01      1.970 0.0000e+00
        217  45.621157    0.01500     0.9000     54.000  1024.6734  50230.063    31.2439      1.935    7.19894     5.3157     5.3149    24.6644   12.90523 1.4848e+01      1.954 0.0000e+00
        218  45.621160    0.01507     0.9042     54.250  1024.6728  50229.191    31.2430      1.920    7.19919     5.3181     5.3137    24.6638   12.90565 1.5007e+01      1.938 0.0000e+00
        219  45.621163    0.01514     0.9083     54.500  1024.6675  50219.282    31.2367      1.903    7.19913     5.3182     5.3158    24.6586   12.90564 1.5302e+01      1.921 0.0000e+00
        220  45.621166    0.01521     0.9125     54.750  1024.6615  50208.204    31.2296      1.877    7.19906     5.3150     5.3183    24.6527   12.90560 1.5721e+01      1.894 0.0000e+00
        221  45.621169    0.01528     0.9167     55.000  1024.6589  50203.738    31.2266      1.834    7.19919     5.3101     5.3183    24.6503   12.90586 1.6251e+01      1.851 0.0000e+00
        222  45.621172    0.01535     0.9208     55.250  1024.6613  50209.100    31.2296      1.770    7.19959     5.3059     5.3152    24.6531   12.90648 1.6899e+01      1.787 0.0000e+00
        223  45.621175    0.01542     0.9250     55.500  1024.6681  50222.700    31.2380      1.689    7.20004     5.3045     5.3102    24.6602   12.90711 1.7645e+01      1.705 0.0000e+00
        224  45.621178    0.01549     0.9292     55.750  1024.6773  50240.695    31.2495      1.595    7.20020     5.3076     5.3060    24.6698   12.90723 1.8430e+01      1.610 0.0000e+00
        225  45.621181    0.01556     0.9333     56.000  1024.6867  50258.929    31.2618      1.498    7.19985     5.3161     5.3046    24.6797   12.90648 1.9119e+01      1.512 0.0000e+00
        226  45.621183    0.01563     0.9375     56.250  1024.6952  50274.836    31.2734      1.413    7.19877     5.3296     5.3077    24.6886   12.90456 1.9449e+01      1.426 0.0000e+00
        227  45.621186    0.01569     0.9417     56.500  1024.7020  50286.989    31.2835      1.359    7.19682     5.3457     5.3162    24.6956   12.90121 1.9237e+01      1.372 0.0000e+00
        228  45.621189    0.01576     0.9458     56.750  1024.7057  50292.492    31.2901      1.354    7.19419     5.3618     5.3297    24.6993   12.89679 1.8538e+01      1.367 0.0000e+00
        229  45.621192    0.01583     0.9500     57.000  1024.7053  50289.791    31.2916      1.410    7.19136     5.3762     5.3458    24.6987   12.89209 1.7481e+01      1.423 0.0000e+00
        230  45.621195    0.01590     0.9542     57.250  1024.7018  50280.997    31.2888      1.522    7.18873     5.3878     5.3620    24.6947   12.88778 1.6163e+01      1.537 0.0000e+00
        231  45.621198    0.01597     0.9583     57.500  1024.6966  50268.838    31.2833      1.673    7.18653     5.3961     5.3764    24.6888   12.88421 1.4711e+01      1.689 0.0000e+00
        232  45.621201    0.01604     0.9625     57.750  1024.6904  50255.140    31.2762      1.837    7.18490     5.4012     5.3880    24.6818   12.88160 1.3342e+01      1.855 0.0000e+00
        233  45.621204    0.01611     0.9667     58.000  1024.6838  50240.926    31.2680      1.986    7.18386     5.4034     5.3963    24.6744   12.87999 1.2291e+01      2.005 0.0000e+00
        234  45.621207    0.01618     0.9708     58.250  1024.6773  50227.659    31.2599      2.097    7.18337     5.4028     5.4014    24.6674   12.87929 1.1723e+01      2.116 0.0000e+00
        235  45.621209    0.01625     0.9750     58.500  1024.6727  50218.649    31.2541      2.153    7.18328     5.4004     5.4036    24.6626   12.87922 1.1696e+01      2.173 0.0000e+00
        236  45.621212    0.01632     0.9792     58.750  1024.6712  50215.977    31.2522      2.148    7.18347     5.3975     5.4030    24.6612   12.87956 1.2194e+01      2.169 0.0000e+00
        237  45.621215    0.01639     0.9833     59.000  1024.6720  50218.057    31.2531      2.085    7.18384     5.3953     5.4006    24.6622   12.88015 1.3198e+01      2.104 0.0000e+00
        238  45.621218    0.01646     0.9875     59.250  1024.6739  50222.765    31.2559      1.965    7.18420     5.3944     5.3977    24.6647   12.88071 1.4731e+01      1.984 0.0000e+00
        239  45.621221    0.01653     0.9917     59.500  1024.6766  50229.365    31.2600      1.797    7.18438     5.3952     5.3955    24.6682   12.88096 1.6875e+01      1.813 0.0000e+00
        240  45.621224    0.01660     0.9958     59.750  1024.6799  50237.096    31.2653      1.593    7.18428     5.3978     5.3946    24.6724   12.88074 1.9600e+01      1.608 0.0000e+00
        241  45.621227    0.01667     1.0000     60.000  1024.6831  50244.659    31.2707      1.377    7.18389     5.4015     5.3953    24.6767   12.88002 2.2387e+01      1.390 0.0000e+00
        242  45.621230    0.01674     1.0042     60.250  1024.6855  50250.261    31.2752      1.182    7.18325     5.4057     5.3979    24.6799   12.87890 2.4062e+01      1.193 0.0000e+00
        243  45.621233    0.01681     1.0083     60.500  1024.6863  50252.529    31.2776      1.047    7.18249     5.4094     5.4016    24.6813   12.87762 2.3190e+01      1.057 0.0000e+00
        244  45.621236    0.01688     1.0125     60.750  1024.6861  50252.067    31.2782      1.014    7.18176     5.4125     5.4057    24.6813   12.87640 1.9772e+01      1.024 0.0000e+00
        245  45.621238    0.01694     1.0167     61.000  1024.6858  50250.497    31.2778      1.105    7.18113     5.4149     5.4095    24.6806   12.87536 1.5881e+01      1.116 0.0000e+00
        246  45.621241    0.01701     1.0208     61.250  1024.6860  50248.948    31.2773      1.303    7.18063     5.4167     5.4126    24.6799   12.87455 1.3127e+01      1.315 0.0000e+00
        247  45.621244    0.01708     1.0250     61.500  1024.6867  50247.855    31.2769      1.571    7.18025     5.4181     5.4149    24.6793   12.87392 1.1370e+01      1.586 0.0000e+00
        248  45.621247    0.01715     1.0292     61.750  1024.6876  50247.046    31.2765      1.878    7.17995     5.4191     5.4168    24.6789   12.87343 1.0093e+01      1.895 0.0000e+00
        249  45.621250    0.01722     1.0333     62.000  1024.6886  50246.246    31.2761      2.197    7.17972     5.4197     5.4182    24.6784   12.87306 9.1509e+00      2.218 0.0000e+00
        250  45.621253    0.01729     1.0375     62.250  1024.6894  50245.070    31.2754      2.505    7.17958     5.4197     5.4193    24.6777   12.87284 8.6024e+00      2.529 0.0000e+00
        251  45.621256    0.01736     1.0417     62.500  1024.6896  50243.346    31.2742      2.775    7.17953     5.4194     5.4199    24.6767   12.87278 8.4432e+00      2.802 0.0000e+00
        252  45.621259    0.01743     1.0458     62.750  1024.6897  50241.776    31.2730      2.984    7.17958     5.4188     5.4199    24.6757   12.87286 8.5354e+00      3.012 0.0000e+00
        253  45.621262    0.01750     1.0500     63.000  1024.6899  50241.115    31.2724      3.134    7.17967     5.4183     5.4196    24.6753   12.87302 8.7298e+00      3.163 0.0000e+00
        254  45.621264    0.01757     1.0542     63.250  1024.6907  50241.662    31.2726      3.257    7.17976     5.4180     5.4190    24.6755   12.87316 8.8583e+00      3.288 0.0000e+00
        255  45.621267    0.01764     1.0583     63.500  1024.6923  50243.335    31.2736      3.401    7.17979     5.4181     5.4185    24.6763   12.87321 8.7830e+00      3.433 0.0000e+00
