CTD-processing/allCTD/CNV--homogene/2016_08-31_t6_s18_cast099.cnv
* Sea-Bird SBE19plus Data File:
* FileName = C:\Users\Kim.Powell\Desktop\2016_08-31_T6_5028\2016_08-31_T6_5028_cast099.hex
* Software Version 1.59
* Temperature SN =  5028
* Conductivity SN =  5028
* System UpLoad Time = Aug 31 2016 22:00:44
** CookInlet LTM Transect 7
** 2016_08-30
** Station: 6-18
** Start Time: 11:59
** Depth (m): 172.5
** Comment:
** Comment:
# nquan = 17
# nvalues = 1051                        
# units = specified
# name 0 = scan: Scan Count
# name 1 = timeJ: Julian Days
# name 2 = timeH: Time, Elapsed [hours]
# name 3 = timeM: Time, Elapsed [minutes]
# name 4 = timeS: Time, Elapsed [seconds]
# name 5 = density00: Density [density, kg/m^3]
# name 6 = specc: Specific Conductance [uS/cm]
# name 7 = sal00: Salinity, Practical [PSU]
# name 8 = depSM: Depth [salt water, m], lat = 59.00
# name 9 = oxsolML/L: Oxygen Saturation, Garcia & Gordon [ml/l]
# name 10 = potemp090C: Potential Temperature [ITS-90, deg C]
# name 11 = tv290C: Temperature [ITS-90, deg C]
# name 12 = sigma-é00: Density [sigma-theta, kg/m^3]
# name 13 = n2satML/L: Nitrogen Saturation [ml/l]
# name 14 = par: PAR/Irradiance, Biospherical/Licor
# name 15 = prdM: Pressure, Strain Gauge [db]
# name 16 = flag:  0.000e+00
# span 0 =          1,       1051       
# span 1 = 244.500000, 244.503038       
# span 2 =    0.00000,    0.07292       
# span 3 =     0.0000,     4.3750       
# span 4 =      0.000,    262.500       
# span 5 =   999.0724,  1026.2294       
# span 6 =    159.580,  51810.429       
# span 7 =     0.0778,    32.5472       
# span 8 =     -0.057,    152.428       
# span 9 =    6.04253,    6.96641       
# span 10 =     6.7300,    15.5742      
# span 11 =     6.7435,    15.5746      
# span 12 =    -0.9273,    25.5227      
# span 13 =   11.00827,   12.92597      
# span 14 = 6.9321e-02, 1.0472e+03      
# span 15 =     -0.057,    153.924      
# span 16 = 0.0000e+00, 0.0000e+00      
# interval = seconds: 0.25
# start_time = Aug 31 2016 12:00:00 [Instrument's time stamp, header]
# bad_flag = -9.990e-29
*END*
[from data line 511]
        512 244.501479    0.03549     2.1292    127.750  1023.6537  48357.618    30.8420     39.469    6.29467    11.3511    11.3794    23.4742   11.41366 9.7929e-01     39.845 0.0000e+00
        513 244.501481    0.03556     2.1333    128.000  1023.6616  48368.125    30.8481     39.707    6.29600    11.3401    11.3677    23.4810   11.41579 9.5085e-01     40.086 0.0000e+00
        514 244.501484    0.03562     2.1375    128.250  1023.6700  48379.586    30.8548     39.954    6.29732    11.3307    11.3559    23.4883   11.41790 9.2232e-01     40.335 0.0000e+00
        515 244.501487    0.03569     2.1417    128.500  1023.6782  48390.633    30.8613     40.208    6.29853    11.3227    11.3449    23.4953   11.41983 8.9371e-01     40.591 0.0000e+00
        516 244.501490    0.03576     2.1458    128.750  1023.6854  48400.137    30.8669     40.469    6.29957    11.3159    11.3355    23.5014   11.42149 8.6511e-01     40.855 0.0000e+00
        517 244.501493    0.03583     2.1500    129.000  1023.6916  48407.949    30.8715     40.736    6.30046    11.3100    11.3276    23.5063   11.42291 8.3678e-01     41.124 0.0000e+00
        518 244.501496    0.03590     2.1542    129.250  1023.6969  48414.439    30.8753     41.007    6.30123    11.3048    11.3208    23.5104   11.42414 8.0913e-01     41.398 0.0000e+00
        519 244.501499    0.03597     2.1583    129.500  1023.7017  48420.024    30.8785     41.281    6.30190    11.3005    11.3149    23.5140   11.42521 7.8244e-01     41.675 0.0000e+00
        520 244.501502    0.03604     2.1625    129.750  1023.7060  48424.894    30.8813     41.556    6.30247    11.2967    11.3098    23.5171   11.42614 7.5669e-01     41.953 0.0000e+00
        521 244.501505    0.03611     2.1667    130.000  1023.7099  48428.996    30.8836     41.830    6.30296    11.2935    11.3054    23.5196   11.42693 7.3181e-01     42.229 0.0000e+00
        522 244.501508    0.03618     2.1708    130.250  1023.7132  48432.340    30.8855     42.100    6.30339    11.2905    11.3017    23.5217   11.42761 7.0778e-01     42.501 0.0000e+00
        523 244.501510    0.03625     2.1750    130.500  1023.7161  48435.084    30.8869     42.367    6.30376    11.2878    11.2985    23.5234   11.42821 6.8459e-01     42.771 0.0000e+00
        524 244.501513    0.03632     2.1792    130.750  1023.7188  48437.447    30.8882     42.630    6.30411    11.2851    11.2956    23.5249   11.42876 6.6218e-01     43.037 0.0000e+00
        525 244.501516    0.03639     2.1833    131.000  1023.7214  48439.569    30.8892     42.891    6.30443    11.2825    11.2929    23.5263   11.42929 6.4054e-01     43.300 0.0000e+00
        526 244.501519    0.03646     2.1875    131.250  1023.7238  48441.485    30.8902     43.147    6.30474    11.2799    11.2903    23.5275   11.42980 6.1973e-01     43.559 0.0000e+00
        527 244.501522    0.03653     2.1917    131.500  1023.7260  48443.205    30.8911     43.400    6.30505    11.2772    11.2877    23.5286   11.43031 5.9980e-01     43.815 0.0000e+00
        528 244.501525    0.03660     2.1958    131.750  1023.7282  48444.761    30.8918     43.649    6.30537    11.2742    11.2851    23.5296   11.43083 5.8074e-01     44.066 0.0000e+00
        529 244.501528    0.03667     2.2000    132.000  1023.7303  48446.370    30.8925     43.895    6.30571    11.2712    11.2824    23.5307   11.43138 5.6257e-01     44.314 0.0000e+00
        530 244.501531    0.03674     2.2042    132.250  1023.7327  48448.314    30.8935     44.136    6.30607    11.2682    11.2795    23.5320   11.43196 5.4529e-01     44.557 0.0000e+00
        531 244.501534    0.03681     2.2083    132.500  1023.7352  48450.520    30.8946     44.373    6.30643    11.2652    11.2765    23.5334   11.43254 5.2891e-01     44.797 0.0000e+00
        532 244.501536    0.03687     2.2125    132.750  1023.7377  48452.729    30.8958     44.605    6.30678    11.2622    11.2735    23.5348   11.43312 5.1340e-01     45.031 0.0000e+00
        533 244.501539    0.03694     2.2167    133.000  1023.7400  48454.761    30.8968     44.833    6.30714    11.2589    11.2706    23.5361   11.43370 4.9865e-01     45.261 0.0000e+00
        534 244.501542    0.03701     2.2208    133.250  1023.7422  48456.513    30.8976     45.057    6.30751    11.2552    11.2676    23.5373   11.43431 4.8452e-01     45.488 0.0000e+00
        535 244.501545    0.03708     2.2250    133.500  1023.7443  48458.094    30.8983     45.278    6.30793    11.2508    11.2643    23.5384   11.43498 4.7102e-01     45.711 0.0000e+00
        536 244.501548    0.03715     2.2292    133.750  1023.7464  48459.559    30.8989     45.498    6.30840    11.2454    11.2606    23.5394   11.43577 4.5816e-01     45.933 0.0000e+00
        537 244.501551    0.03722     2.2333    134.000  1023.7483  48460.607    30.8990     45.718    6.30898    11.2381    11.2563    23.5403   11.43672 4.4583e-01     46.155 0.0000e+00
        538 244.501554    0.03729     2.2375    134.250  1023.7499  48460.963    30.8986     45.939    6.30973    11.2277    11.2509    23.5410   11.43797 4.3391e-01     46.378 0.0000e+00
        539 244.501557    0.03736     2.2417    134.500  1023.7512  48460.418    30.8973     46.162    6.31077    11.2122    11.2436    23.5413   11.43971 4.2236e-01     46.603 0.0000e+00
        540 244.501560    0.03743     2.2458    134.750  1023.7521  48458.528    30.8947     46.388    6.31228    11.1889    11.2332    23.5411   11.44225 4.1113e-01     46.832 0.0000e+00
        541 244.501563    0.03750     2.2500    135.000  1023.7526  48455.160    30.8906     46.618    6.31454    11.1545    11.2178    23.5405   11.44604 4.0020e-01     47.063 0.0000e+00
        542 244.501565    0.03757     2.2542    135.250  1023.7541  48452.266    30.8859     46.851    6.31790    11.1081    11.1944    23.5409   11.45166 3.8957e-01     47.298 0.0000e+00
        543 244.501568    0.03764     2.2583    135.500  1023.7601  48455.780    30.8845     47.089    6.32262    11.0531    11.1601    23.5458   11.45950 3.7924e-01     47.539 0.0000e+00
        544 244.501571    0.03771     2.2625    135.750  1023.7753  48474.153    30.8922     47.334    6.32862    10.9962    11.1137    23.5599   11.46935 3.6920e-01     47.787 0.0000e+00
        545 244.501574    0.03778     2.2667    136.000  1023.8008  48509.812    30.9112     47.587    6.33533    10.9430    11.0587    23.5842   11.48026 3.5944e-01     48.041 0.0000e+00
        546 244.501577    0.03785     2.2708    136.250  1023.8321  48555.599    30.9371     47.846    6.34203    10.8960    11.0019    23.6142   11.49106 3.4993e-01     48.303 0.0000e+00
        547 244.501580    0.03792     2.2750    136.500  1023.8642  48603.600    30.9650     48.113    6.34817    10.8562    10.9486    23.6451   11.50092 3.4070e-01     48.572 0.0000e+00
        548 244.501583    0.03799     2.2792    136.750  1023.8950  48650.142    30.9925     48.386    6.35348    10.8240    10.9017    23.6746   11.50939 3.3173e-01     48.848 0.0000e+00
        549 244.501586    0.03806     2.2833    137.000  1023.9238  48694.247    31.0190     48.663    6.35784    10.7994    10.8619    23.7021   11.51631 3.2303e-01     49.128 0.0000e+00
        550 244.501589    0.03812     2.2875    137.250  1023.9501  48734.984    31.0441     48.944    6.36123    10.7811    10.8297    23.7271   11.52164 3.1461e-01     49.411 0.0000e+00
        551 244.501591    0.03819     2.2917    137.500  1023.9723  48769.420    31.0655     49.225    6.36374    10.7671    10.8051    23.7480   11.52555 3.0645e-01     49.696 0.0000e+00
        552 244.501594    0.03826     2.2958    137.750  1023.9894  48795.418    31.0817     49.507    6.36559    10.7552    10.7868    23.7637   11.52842 2.9858e-01     49.980 0.0000e+00
        553 244.501597    0.03833     2.3000    138.000  1024.0020  48814.061    31.0931     49.786    6.36705    10.7439    10.7728    23.7750   11.53070 2.9108e-01     50.262 0.0000e+00
        554 244.501600    0.03840     2.3042    138.250  1024.0114  48827.346    31.1010     50.059    6.36835    10.7322    10.7610    23.7832   11.53277 2.8399e-01     50.538 0.0000e+00
        555 244.501603    0.03847     2.3083    138.500  1024.0185  48836.572    31.1061     50.326    6.36969    10.7196    10.7497    23.7891   11.53493 2.7735e-01     50.808 0.0000e+00
        556 244.501606    0.03854     2.3125    138.750  1024.0243  48843.390    31.1095     50.586    6.37116    10.7063    10.7380    23.7937   11.53733 2.7110e-01     51.069 0.0000e+00
        557 244.501609    0.03861     2.3167    139.000  1024.0299  48849.686    31.1124     50.838    6.37278    10.6931    10.7255    23.7981   11.53997 2.6517e-01     51.324 0.0000e+00
        558 244.501612    0.03868     2.3208    139.250  1024.0357  48856.513    31.1156     51.082    6.37447    10.6805    10.7123    23.8028   11.54273 2.5955e-01     51.571 0.0000e+00
        559 244.501615    0.03875     2.3250    139.500  1024.0417  48863.629    31.1190     51.319    6.37615    10.6684    10.6991    23.8077   11.54547 2.5425e-01     51.810 0.0000e+00
        560 244.501617    0.03882     2.3292    139.750  1024.0472  48869.983    31.1219     51.550    6.37777    10.6568    10.6865    23.8121   11.54813 2.4921e-01     52.043 0.0000e+00
        561 244.501620    0.03889     2.3333    140.000  1024.0521  48875.417    31.1242     51.777    6.37933    10.6457    10.6744    23.8160   11.55069 2.4435e-01     52.272 0.0000e+00
        562 244.501623    0.03896     2.3375    140.250  1024.0568  48880.606    31.1264     52.003    6.38084    10.6349    10.6629    23.8197   11.55316 2.3962e-01     52.500 0.0000e+00
        563 244.501626    0.03903     2.3417    140.500  1024.0613  48885.296    31.1283     52.230    6.38230    10.6237    10.6517    23.8231   11.55556 2.3499e-01     52.729 0.0000e+00
        564 244.501629    0.03910     2.3458    140.750  1024.0649  48888.507    31.1292     52.459    6.38376    10.6115    10.6409    23.8256   11.55796 2.3043e-01     52.961 0.0000e+00
        565 244.501632    0.03917     2.3500    141.000  1024.0677  48890.210    31.1290     52.693    6.38530    10.5980    10.6298    23.8274   11.56052 2.2589e-01     53.197 0.0000e+00
        566 244.501635    0.03924     2.3542    141.250  1024.0705  48891.715    31.1286     52.933    6.38700    10.5831    10.6176    23.8290   11.56335 2.2134e-01     53.439 0.0000e+00
        567 244.501638    0.03931     2.3583    141.500  1024.0741  48894.442    31.1288     53.178    6.38887    10.5674    10.6041    23.8315   11.56644 2.1681e-01     53.687 0.0000e+00
        568 244.501641    0.03938     2.3625    141.750  1024.0787  48898.931    31.1301     53.430    6.39087    10.5512    10.5893    23.8350   11.56974 2.1234e-01     53.941 0.0000e+00
        569 244.501644    0.03944     2.3667    142.000  1024.0841  48904.553    31.1321     53.688    6.39295    10.5343    10.5736    23.8392   11.57317 2.0793e-01     54.202 0.0000e+00
        570 244.501646    0.03951     2.3708    142.250  1024.0895  48909.912    31.1339     53.951    6.39512    10.5159    10.5574    23.8433   11.57674 2.0354e-01     54.468 0.0000e+00
        571 244.501649    0.03958     2.3750    142.500  1024.0944  48914.394    31.1349     54.218    6.39743    10.4959    10.5405    23.8470   11.58055 1.9920e-01     54.737 0.0000e+00
        572 244.501652    0.03965     2.3792    142.750  1024.0997  48919.417    31.1362     54.486    6.39992    10.4747    10.5222    23.8511   11.58466 1.9503e-01     55.008 0.0000e+00
        573 244.501655    0.03972     2.3833    143.000  1024.1066  48927.149    31.1391     54.753    6.40257    10.4529    10.5022    23.8568   11.58903 1.9109e-01     55.278 0.0000e+00
        574 244.501658    0.03979     2.3875    143.250  1024.1149  48937.279    31.1436     55.018    6.40533    10.4307    10.4810    23.8638   11.59355 1.8736e-01     55.545 0.0000e+00
        575 244.501661    0.03986     2.3917    143.500  1024.1235  48947.914    31.1484     55.278    6.40816    10.4079    10.4592    23.8712   11.59818 1.8384e-01     55.808 0.0000e+00
        576 244.501664    0.03993     2.3958    143.750  1024.1323  48958.997    31.1535     55.533    6.41105    10.3847    10.4370    23.8789   11.60291 1.8051e-01     56.066 0.0000e+00
        577 244.501667    0.04000     2.4000    144.000  1024.1416  48970.906    31.1590     55.783    6.41400    10.3607    10.4142    23.8870   11.60772 1.7737e-01     56.318 0.0000e+00
        578 244.501670    0.04007     2.4042    144.250  1024.1507  48982.408    31.1642     56.028    6.41701    10.3352    10.3910    23.8950   11.61266 1.7439e-01     56.565 0.0000e+00
        579 244.501672    0.04014     2.4083    144.500  1024.1592  48992.806    31.1686     56.267    6.42017    10.3077    10.3671    23.9023   11.61784 1.7153e-01     56.807 0.0000e+00
        580 244.501675    0.04021     2.4125    144.750  1024.1679  49003.452    31.1729     56.504    6.42356    10.2789    10.3416    23.9099   11.62340 1.6879e-01     57.045 0.0000e+00
        581 244.501678    0.04028     2.4167    145.000  1024.1782  49016.689    31.1788     56.738    6.42716    10.2501    10.3141    23.9191   11.62930 1.6616e-01     57.281 0.0000e+00
        582 244.501681    0.04035     2.4208    145.250  1024.1903  49033.150    31.1868     56.972    6.43086    10.2220    10.2853    23.9301   11.63533 1.6359e-01     57.518 0.0000e+00
        583 244.501684    0.04042     2.4250    145.500  1024.2031  49050.936    31.1957     57.208    6.43452    10.1950    10.2565    23.9418   11.64129 1.6105e-01     57.756 0.0000e+00
        584 244.501687    0.04049     2.4292    145.750  1024.2162  49069.184    31.2050     57.445    6.43808    10.1696    10.2284    23.9537   11.64708 1.5857e-01     57.995 0.0000e+00
        585 244.501690    0.04056     2.4333    146.000  1024.2293  49087.719    31.2147     57.683    6.44147    10.1460    10.2015    23.9657   11.65258 1.5614e-01     58.236 0.0000e+00
        586 244.501693    0.04063     2.4375    146.250  1024.2418  49105.361    31.2239     57.924    6.44465    10.1239    10.1761    23.9771   11.65773 1.5378e-01     58.479 0.0000e+00
        587 244.501696    0.04069     2.4417    146.500  1024.2536  49121.924    31.2325     58.168    6.44762    10.1032    10.1525    23.9877   11.66254 1.5149e-01     58.725 0.0000e+00
        588 244.501698    0.04076     2.4458    146.750  1024.2650  49137.986    31.2410     58.414    6.45037    10.0841    10.1304    23.9980   11.66701 1.4927e-01     58.974 0.0000e+00
        589 244.501701    0.04083     2.4500    147.000  1024.2760  49153.660    31.2494     58.663    6.45293    10.0665    10.1098    24.0079   11.67115 1.4711e-01     59.225 0.0000e+00
        590 244.501704    0.04090     2.4542    147.250  1024.2866  49168.683    31.2575     58.914    6.45529    10.0504    10.0907    24.0173   11.67496 1.4500e-01     59.478 0.0000e+00
        591 244.501707    0.04097     2.4583    147.500  1024.2964  49182.398    31.2648     59.165    6.45746    10.0353    10.0732    24.0260   11.67846 1.4295e-01     59.732 0.0000e+00
        592 244.501710    0.04104     2.4625    147.750  1024.3054  49194.790    31.2714     59.416    6.45946    10.0213    10.0570    24.0338   11.68170 1.4096e-01     59.986 0.0000e+00
        593 244.501713    0.04111     2.4667    148.000  1024.3140  49206.692    31.2778     59.667    6.46132    10.0083    10.0420    24.0412   11.68471 1.3904e-01     60.240 0.0000e+00
        594 244.501716    0.04118     2.4708    148.250  1024.3222  49217.991    31.2839     59.918    6.46304     9.9961    10.0279    24.0482   11.68750 1.3718e-01     60.493 0.0000e+00
        595 244.501719    0.04125     2.4750    148.500  1024.3295  49227.644    31.2890     60.168    6.46465     9.9836    10.0150    24.0543   11.69011 1.3537e-01     60.745 0.0000e+00
