CTD-processing/allCTD/CNV--homogene/2016_02-16_t7_s05_cast160.cnv
* Sea-Bird SBE19plus Data File:
* FileName = C:\Users\Kris.Holderied\Documents\kasitsna\Research-KBL\Oceanography-AK\CTD-Data-ALL-to-2016-02\2016-CTD-KachemakBay-CookInlet\2016-02-CookInlet-quarterly\2016-02-16-CookInlet-Tran7-Augustine\2016-02-16-CookInlet-Tran7-cast160.hex
* Software Version 1.59
* Temperature SN =  5028
* Conductivity SN =  5028
* System UpLoad Time = Feb 16 2016 10:48:10
** Cook Inlet LTM Tran7 Augustine East to West

** Date: 02-16
** Station: 7-05
** Start time (AKST): 05:37
** Depth (m): 51
** Comment:  R/V Pandalus
** Comment:
# nquan = 17
# nvalues = 514                         
# units = specified
# name 0 = scan: Scan Count
# name 1 = timeJ: Julian Days
# name 2 = timeH: Time, Elapsed [hours]
# name 3 = timeM: Time, Elapsed [minutes]
# name 4 = timeS: Time, Elapsed [seconds]
# name 5 = density00: Density [density, kg/m^3]
# name 6 = specc: Specific Conductance [uS/cm]
# name 7 = sal00: Salinity, Practical [PSU]
# name 8 = depSM: Depth [salt water, m], lat = 59.00
# name 9 = oxsolML/L: Oxygen Saturation, Garcia & Gordon [ml/l]
# name 10 = potemp090C: Potential Temperature [ITS-90, deg C]
# name 11 = tv290C: Temperature [ITS-90, deg C]
# name 12 = sigma-é00: Density [sigma-theta, kg/m^3]
# name 13 = n2satML/L: Nitrogen Saturation [ml/l]
# name 14 = par: PAR/Irradiance, Biospherical/Licor
# name 15 = prdM: Pressure, Strain Gauge [db]
# name 16 = flag:  0.000e+00
# span 0 =          1,        514       
# span 1 =  47.234178,  47.235663       
# span 2 =    0.00000,    0.03562       
# span 3 =     0.0000,     2.1375       
# span 4 =      0.000,    128.250       
# span 5 =  1000.5325,  1025.0236       
# span 6 =   1434.863,  50478.441       
# span 7 =     0.6931,    31.4411       
# span 8 =     -0.142,     51.995       
# span 9 =    7.15224,    9.15632       
# span 10 =     3.8867,     5.5382      
# span 11 =     3.8867,     5.5401      
# span 12 =     0.5331,    24.8056      
# span 13 =   12.82583,   16.61330      
# span 14 = 3.7976e-02, 6.7464e-01      
# span 15 =     -0.143,     52.492      
# span 16 = 0.0000e+00, 0.0000e+00      
# interval = seconds: 0.25
# start_time = Feb 16 2016 05:37:13 [Instrument's time stamp, header]
# bad_flag = -9.990e-29
*END*
          1  47.234178    0.00000     0.0000      0.000  1000.5325   1434.863     0.6931     -0.125    9.15632     3.8881     3.8883     0.5331   16.61330 6.7464e-01     -0.126 0.0000e+00
          2  47.234181    0.00007     0.0042      0.250  1000.5753   1539.485     0.7464     -0.128    9.15305     3.8879     3.8882     0.5760   16.60693 5.6616e-01     -0.129 0.0000e+00
          3  47.234184    0.00014     0.0083      0.500  1000.6405   1698.348     0.8276     -0.131    9.14809     3.8878     3.8881     0.6411   16.59725 4.8879e-01     -0.133 0.0000e+00
          4  47.234187    0.00021     0.0125      0.750  1000.7315   1919.702     0.9410     -0.135    9.14114     3.8877     3.8879     0.7322   16.58371 4.3150e-01     -0.136 0.0000e+00
          5  47.234190    0.00028     0.0167      1.000  1000.8297   2157.921     1.0633     -0.138    9.13365     3.8876     3.8878     0.8303   16.56911 3.5214e-01     -0.139 0.0000e+00
          6  47.234193    0.00035     0.0208      1.250  1000.9023   2333.990     1.1537     -0.140    9.12812     3.8874     3.8877     0.9030   16.55832 2.6234e-01     -0.141 0.0000e+00
          7  47.234196    0.00042     0.0250      1.500  1000.9428   2432.302     1.2042     -0.141    9.12504     3.8873     3.8876     0.9435   16.55232 2.0059e-01     -0.142 0.0000e+00
          8  47.234198    0.00049     0.0292      1.750  1000.9589   2471.560     1.2243     -0.142    9.12384     3.8872     3.8874     0.9596   16.54996 1.7586e-01     -0.143 0.0000e+00
          9  47.234201    0.00056     0.0333      2.000  1000.9505   2451.633     1.2138     -0.142    9.12451     3.8871     3.8873     0.9512   16.55127 1.8088e-01     -0.143 0.0000e+00
         10  47.234204    0.00063     0.0375      2.250  1000.9230   2385.760     1.1796     -0.141    9.12664     3.8870     3.8872     0.9237   16.55542 2.0273e-01     -0.142 0.0000e+00
         11  47.234207    0.00069     0.0417      2.500  1000.8951   2318.409     1.1447     -0.140    9.12881     3.8869     3.8871     0.8958   16.55964 2.2722e-01     -0.142 0.0000e+00
         12  47.234210    0.00076     0.0458      2.750  1000.8877   2300.326     1.1355     -0.140    9.12941     3.8868     3.8870     0.8884   16.56078 2.4150e-01     -0.141 0.0000e+00
         13  47.234213    0.00083     0.0500      3.000  1000.9157   2367.379     1.1705     -0.140    9.12728     3.8868     3.8869     0.9164   16.55664 2.3773e-01     -0.141 0.0000e+00
         14  47.234216    0.00090     0.0542      3.250  1000.9807   2523.015     1.2516     -0.140    9.12232     3.8867     3.8868     0.9814   16.54697 2.4597e-01     -0.141 0.0000e+00
         15  47.234219    0.00097     0.0583      3.500  1001.0604   2713.534     1.3509     -0.141    9.11623     3.8867     3.8868     1.0611   16.53511 2.7083e-01     -0.142 0.0000e+00
         16  47.234222    0.00104     0.0625      3.750  1001.1282   2875.272     1.4355     -0.141    9.11105     3.8867     3.8867     1.1289   16.52501 2.7570e-01     -0.142 0.0000e+00
         17  47.234225    0.00111     0.0667      4.000  1001.1770   2991.404     1.4963     -0.141    9.10732     3.8868     3.8867     1.1777   16.51774 2.5591e-01     -0.143 0.0000e+00
         18  47.234227    0.00118     0.0708      4.250  1001.2026   3052.451     1.5284     -0.142    9.10536     3.8868     3.8867     1.2033   16.51392 2.3521e-01     -0.143 0.0000e+00
         19  47.234230    0.00125     0.0750      4.500  1001.1985   3042.801     1.5232     -0.142    9.10567     3.8869     3.8868     1.1992   16.51452 2.3172e-01     -0.143 0.0000e+00
         20  47.234233    0.00132     0.0792      4.750  1001.1722   2980.496     1.4903     -0.141    9.10767     3.8869     3.8868     1.1729   16.51843 2.4867e-01     -0.143 0.0000e+00
         21  47.234236    0.00139     0.0833      5.000  1001.1376   2898.268     1.4471     -0.141    9.11030     3.8870     3.8869     1.1383   16.52357 2.8076e-01     -0.142 0.0000e+00
         22  47.234239    0.00146     0.0875      5.250  1001.0988   2805.863     1.3988     -0.140    9.11326     3.8872     3.8869     1.0995   16.52933 3.0854e-01     -0.142 0.0000e+00
         23  47.234242    0.00153     0.0917      5.500  1001.0568   2705.512     1.3464     -0.140    9.11645     3.8874     3.8870     1.0575   16.53556 3.1963e-01     -0.141 0.0000e+00
         24  47.234245    0.00160     0.0958      5.750  1001.0166   2608.693     1.2962     -0.140    9.11951     3.8877     3.8872     1.0173   16.54153 3.1868e-01     -0.141 0.0000e+00
         25  47.234248    0.00167     0.1000      6.000  1000.9803   2520.610     1.2510     -0.140    9.12226     3.8881     3.8874     0.9810   16.54690 3.1275e-01     -0.141 0.0000e+00
         26  47.234251    0.00174     0.1042      6.250  1000.9467   2438.086     1.2092     -0.141    9.12480     3.8888     3.8877     0.9474   16.55187 3.0760e-01     -0.142 0.0000e+00
         27  47.234253    0.00181     0.1083      6.500  1000.9155   2359.838     1.1705     -0.141    9.12714     3.8898     3.8881     0.9162   16.55647 3.0435e-01     -0.142 0.0000e+00
         28  47.234256    0.00187     0.1125      6.750  1000.8878   2287.304     1.1362     -0.141    9.12922     3.8913     3.8888     0.8885   16.56057 3.0467e-01     -0.142 0.0000e+00
         29  47.234259    0.00194     0.1167      7.000  1000.8692   2232.638     1.1135     -0.140    9.13059     3.8938     3.8898     0.8699   16.56332 3.0825e-01     -0.141 0.0000e+00
         30  47.234262    0.00201     0.1208      7.250  1000.8746   2229.481     1.1210     -0.140    9.13011     3.8979     3.8913     0.8753   16.56251 3.1093e-01     -0.141 0.0000e+00
         31  47.234265    0.00208     0.1250      7.500  1000.9240   2321.703     1.1837     -0.139    9.12623     3.9046     3.8938     0.9247   16.55516 3.1260e-01     -0.140 0.0000e+00
         32  47.234268    0.00215     0.1292      7.750  1001.0387   2553.853     1.3285     -0.138    9.11730     3.9156     3.8979     1.0394   16.53812 3.1403e-01     -0.139 0.0000e+00
         33  47.234271    0.00222     0.1333      8.000  1001.2485   2986.151     1.5933     -0.136    9.10100     3.9340     3.9046     1.2492   16.50694 3.1129e-01     -0.137 0.0000e+00
         34  47.234274    0.00229     0.1375      8.250  1001.6053   3723.533     2.0434     -0.133    9.07331     3.9646     3.9156     1.6060   16.45397 3.0326e-01     -0.134 0.0000e+00
         35  47.234277    0.00236     0.1417      8.500  1002.2028   4959.274     2.7970     -0.128    9.02696     4.0155     3.9340     2.2034   16.36529 2.9133e-01     -0.129 0.0000e+00
         36  47.234280    0.00243     0.1458      8.750  1003.2034   7030.686     4.0591     -0.119    8.94936     4.1004     3.9646     3.2040   16.21678 2.7541e-01     -0.120 0.0000e+00
         37  47.234282    0.00250     0.1500      9.000  1004.8725  10486.263     6.1642     -0.104    8.81993     4.2363     4.0156     4.8730   15.96908 2.5353e-01     -0.105 0.0000e+00
         38  47.234285    0.00257     0.1542      9.250  1007.6399  16210.737     9.6549     -0.079    8.60532     4.4198     4.1005     7.6403   15.55841 2.3003e-01     -0.079 0.0000e+00
         39  47.234288    0.00264     0.1583      9.500  1011.3670  23866.891    14.3593     -0.041    8.31383     4.6178     4.2363    11.3672   15.00193 2.1278e-01     -0.041 0.0000e+00
         40  47.234291    0.00271     0.1625      9.750  1015.2728  31742.584    19.2973      0.008    8.00584     4.8006     4.4198    15.2728   14.41670 1.9670e-01      0.008 0.0000e+00
         41  47.234294    0.00278     0.1667     10.000  1018.7325  38582.412    23.6792      0.064    7.73178     4.9598     4.6178    18.7322   13.89821 1.7353e-01      0.064 0.0000e+00
         42  47.234297    0.00285     0.1708     10.250  1021.2122  43447.343    26.8265      0.129    7.52937     5.0953     4.8007    21.2116   13.51718 1.4320e-01      0.130 0.0000e+00
         43  47.234300    0.00292     0.1750     10.500  1022.6837  46330.292    28.7007      0.210    7.40007     5.2082     4.9598    22.6827   13.27576 1.1111e-01      0.212 0.0000e+00
         44  47.234303    0.00299     0.1792     10.750  1023.5511  48027.048    29.8110      0.314    7.31628     5.2980     5.0954    23.5496   13.12084 8.4221e-02      0.317 0.0000e+00
         45  47.234306    0.00306     0.1833     11.000  1024.0525  49006.524    30.4571      0.445    7.26156     5.3648     5.2083    24.0505   13.02079 6.5958e-02      0.448 0.0000e+00
         46  47.234308    0.00313     0.1875     11.250  1024.3334  49554.796    30.8222      0.596    7.22604     5.4109     5.2981    24.3306   12.95662 5.4996e-02      0.601 0.0000e+00
         47  47.234311    0.00319     0.1917     11.500  1024.4827  49846.753    31.0184      0.756    7.20363     5.4400     5.3648    24.4792   12.91658 4.8571e-02      0.763 0.0000e+00
         48  47.234314    0.00326     0.1958     11.750  1024.5555  49990.011    31.1153      0.909    7.19014     5.4560     5.4109    24.5512   12.89277 4.4972e-02      0.917 0.0000e+00
         49  47.234317    0.00333     0.2000     12.000  1024.5889  50056.849    31.1606      1.041    7.18242     5.4622     5.4400    24.5841   12.87926 4.3210e-02      1.051 0.0000e+00
         50  47.234320    0.00340     0.2042     12.250  1024.6055  50090.281    31.1829      1.149    7.17827     5.4604     5.4561    24.6001   12.87201 4.2712e-02      1.160 0.0000e+00
         51  47.234323    0.00347     0.2083     12.500  1024.6154  50110.553    31.1957      1.230    7.17638     5.4516     5.4623    24.6096   12.86867 4.3131e-02      1.241 0.0000e+00
         52  47.234326    0.00354     0.2125     12.750  1024.6253  50130.491    31.2076      1.282    7.17598     5.4383     5.4605    24.6193   12.86781 4.4152e-02      1.294 0.0000e+00
         53  47.234329    0.00361     0.2167     13.000  1024.6379  50155.423    31.2221      1.303    7.17671     5.4252     5.4517    24.6319   12.86880 4.5715e-02      1.315 0.0000e+00
         54  47.234332    0.00368     0.2208     13.250  1024.6520  50183.220    31.2380      1.294    7.17818     5.4168     5.4384    24.6460   12.87102 4.8420e-02      1.306 0.0000e+00
         55  47.234334    0.00375     0.2250     13.500  1024.6679  50214.213    31.2564      1.261    7.17951     5.4154     5.4252    24.6620   12.87298 5.1906e-02      1.273 0.0000e+00
         56  47.234337    0.00382     0.2292     13.750  1024.6860  50248.887    31.2784      1.210    7.17987     5.4207     5.4168    24.6803   12.87329 5.2873e-02      1.222 0.0000e+00
         57  47.234340    0.00389     0.2333     14.000  1024.7005  50276.339    31.2969      1.153    7.17921     5.4297     5.4155    24.6951   12.87195 4.9657e-02      1.164 0.0000e+00
         58  47.234343    0.00396     0.2375     14.250  1024.7044  50283.432    31.3028      1.098    7.17802     5.4393     5.4208    24.6992   12.86990 4.5384e-02      1.108 0.0000e+00
         59  47.234346    0.00403     0.2417     14.500  1024.6976  50270.600    31.2958      1.052    7.17682     5.4476     5.4297    24.6927   12.86801 4.2450e-02      1.062 0.0000e+00
         60  47.234349    0.00410     0.2458     14.750  1024.6849  50246.707    31.2813      1.019    7.17588     5.4542     5.4393    24.6801   12.86664 4.0660e-02      1.029 0.0000e+00
         61  47.234352    0.00417     0.2500     15.000  1024.6703  50219.346    31.2642      1.000    7.17527     5.4590     5.4477    24.6657   12.86586 3.9587e-02      1.010 0.0000e+00
         62  47.234355    0.00424     0.2542     15.250  1024.6565  50193.486    31.2477      0.995    7.17494     5.4625     5.4542    24.6519   12.86553 3.8942e-02      1.005 0.0000e+00
         63  47.234358    0.00431     0.2583     15.500  1024.6453  50172.309    31.2341      1.004    7.17477     5.4653     5.4591    24.6406   12.86542 3.8556e-02      1.014 0.0000e+00
         64  47.234361    0.00438     0.2625     15.750  1024.6371  50156.775    31.2241      1.026    7.17464     5.4678     5.4626    24.6323   12.86533 3.8324e-02      1.036 0.0000e+00
         65  47.234363    0.00444     0.2667     16.000  1024.6308  50144.696    31.2164      1.056    7.17453     5.4696     5.4654    24.6258   12.86525 3.8184e-02      1.067 0.0000e+00
         66  47.234366    0.00451     0.2708     16.250  1024.6237  50131.211    31.2076      1.092    7.17454     5.4704     5.4679    24.6186   12.86537 3.8101e-02      1.103 0.0000e+00
         67  47.234369    0.00458     0.2750     16.500  1024.6134  50111.755    31.1945      1.128    7.17485     5.4701     5.4697    24.6081   12.86606 3.8051e-02      1.139 0.0000e+00
         68  47.234372    0.00465     0.2792     16.750  1024.6010  50088.659    31.1788      1.157    7.17546     5.4693     5.4705    24.5956   12.86727 3.8021e-02      1.169 0.0000e+00
         69  47.234375    0.00472     0.2833     17.000  1024.5935  50074.736    31.1692      1.173    7.17597     5.4689     5.4702    24.5880   12.86823 3.8003e-02      1.185 0.0000e+00
         70  47.234378    0.00479     0.2875     17.250  1024.5985  50084.069    31.1754      1.173    7.17581     5.4694     5.4694    24.5930   12.86789 3.7992e-02      1.185 0.0000e+00
         71  47.234381    0.00486     0.2917     17.500  1024.6164  50117.079    31.1980      1.159    7.17480     5.4704     5.4690    24.6109   12.86594 3.7986e-02      1.170 0.0000e+00
         72  47.234384    0.00493     0.2958     17.750  1024.6393  50159.318    31.2272      1.135    7.17333     5.4716     5.4694    24.6340   12.86313 3.7982e-02      1.146 0.0000e+00
         73  47.234387    0.00500     0.3000     18.000  1024.6588  50195.300    31.2522      1.110    7.17195     5.4729     5.4705    24.6536   12.86053 3.7980e-02      1.121 0.0000e+00
         74  47.234389    0.00507     0.3042     18.250  1024.6703  50216.392    31.2670      1.091    7.17104     5.4743     5.4717    24.6652   12.85883 3.7978e-02      1.101 0.0000e+00
         75  47.234392    0.00514     0.3083     18.500  1024.6714  50218.394    31.2686      1.080    7.17074     5.4750     5.4730    24.6663   12.85831 3.7978e-02      1.091 0.0000e+00
         76  47.234395    0.00521     0.3125     18.750  1024.6611  50199.356    31.2558      1.077    7.17112     5.4742     5.4744    24.6560   12.85912 3.7977e-02      1.088 0.0000e+00
         77  47.234398    0.00528     0.3167     19.000  1024.6412  50162.806    31.2308      1.079    7.17220     5.4718     5.4751    24.6361   12.86121 3.7977e-02      1.089 0.0000e+00
         78  47.234401    0.00535     0.3208     19.250  1024.6206  50124.976    31.2046      1.080    7.17357     5.4678     5.4743    24.6155   12.86382 3.7976e-02      1.091 0.0000e+00
         79  47.234404    0.00542     0.3250     19.500  1024.6099  50105.602    31.1908      1.079    7.17465     5.4635     5.4719    24.6048   12.86578 3.7976e-02      1.090 0.0000e+00
         80  47.234407    0.00549     0.3292     19.750  1024.6123  50110.312    31.1932      1.078    7.17521     5.4608     5.4679    24.6072   12.86667 3.7976e-02      1.088 0.0000e+00
         81  47.234410    0.00556     0.3333     20.000  1024.6224  50129.332    31.2054      1.078    7.17536     5.4604     5.4636    24.6174   12.86677 3.7976e-02      1.088 0.0000e+00
         82  47.234413    0.00562     0.3375     20.250  1024.6317  50146.608    31.2168      1.082    7.17528     5.4615     5.4609    24.6266   12.86649 3.7976e-02      1.093 0.0000e+00
         83  47.234416    0.00569     0.3417     20.500  1024.6344  50151.521    31.2201      1.091    7.17519     5.4628     5.4605    24.6293   12.86629 3.7976e-02      1.102 0.0000e+00
         84  47.234418    0.00576     0.3458     20.750  1024.6294  50142.227    31.2139      1.102    7.17530     5.4640     5.4616    24.6243   12.86656 3.7976e-02      1.113 0.0000e+00
         85  47.234421    0.00583     0.3500     21.000  1024.6207  50126.022    31.2030      1.113    7.17561     5.4657     5.4629    24.6155   12.86720 3.7976e-02      1.123 0.0000e+00
