CTD-processing/allCTD/CNV--homogene/2016_08-31_t6_s11_cast107.cnv
* Sea-Bird SBE19plus Data File:
* FileName = C:\Users\Kim.Powell\Desktop\2016_08-31_T6_5028\2016_08-31_T6_5028_cast107.hex
* Software Version 1.59
* Temperature SN =  5028
* Conductivity SN =  5028
* System UpLoad Time = Aug 31 2016 22:11:41
** CookInlet LTM Transect 7
** 2016_08-30
** Station: 6-11
** Start Time: 15:24
** Depth (m): 114.9
** Comment:
** Comment:
# nquan = 17
# nvalues = 808                         
# units = specified
# name 0 = scan: Scan Count
# name 1 = timeJ: Julian Days
# name 2 = timeH: Time, Elapsed [hours]
# name 3 = timeM: Time, Elapsed [minutes]
# name 4 = timeS: Time, Elapsed [seconds]
# name 5 = density00: Density [density, kg/m^3]
# name 6 = specc: Specific Conductance [uS/cm]
# name 7 = sal00: Salinity, Practical [PSU]
# name 8 = depSM: Depth [salt water, m], lat = 59.00
# name 9 = oxsolML/L: Oxygen Saturation, Garcia & Gordon [ml/l]
# name 10 = potemp090C: Potential Temperature [ITS-90, deg C]
# name 11 = tv290C: Temperature [ITS-90, deg C]
# name 12 = sigma-é00: Density [sigma-theta, kg/m^3]
# name 13 = n2satML/L: Nitrogen Saturation [ml/l]
# name 14 = par: PAR/Irradiance, Biospherical/Licor
# name 15 = prdM: Pressure, Strain Gauge [db]
# name 16 = flag:  0.000e+00
# span 0 =          1,        808       
# span 1 = 244.641759, 244.644094       
# span 2 =    0.00000,    0.05604       
# span 3 =     0.0000,     3.3625       
# span 4 =      0.000,    201.750       
# span 5 =   999.4826,  1025.6666       
# span 6 =    832.609,  51088.006       
# span 7 =     0.4066,    32.2274       
# span 8 =     -0.077,    113.020       
# span 9 =    6.13063,    7.10724       
# span 10 =     7.6581,    14.5641      
# span 11 =     7.6688,    14.5641      
# span 12 =    -0.5171,    25.1454      
# span 13 =   11.15048,   13.16094      
# span 14 = 6.9358e-02, 1.4744e+03      
# span 15 =     -0.078,    114.118      
# span 16 = 0.0000e+00, 0.0000e+00      
# interval = seconds: 0.25
# start_time = Aug 31 2016 15:24:08 [Instrument's time stamp, header]
# bad_flag = -9.990e-29
*END*
[from data line 426]
        427 244.642992    0.02958     1.7750    106.500  1023.3095  47807.945    30.4540     28.885    6.31436    11.2863    11.3483    23.1781   11.45086 2.0199e+00     29.160 0.0000e+00
        428 244.642995    0.02965     1.7792    106.750  1023.3262  47831.659    30.4677     29.115    6.31759    11.2534    11.3204    23.1937   11.45607 1.9666e+00     29.391 0.0000e+00
        429 244.642998    0.02972     1.7833    107.000  1023.3446  47858.197    30.4831     29.350    6.32111    11.2187    11.2898    23.2110   11.46173 1.9128e+00     29.629 0.0000e+00
        430 244.643001    0.02979     1.7875    107.250  1023.3645  47887.090    30.4999     29.592    6.32489    11.1826    11.2570    23.2298   11.46780 1.8586e+00     29.873 0.0000e+00
        431 244.643003    0.02986     1.7917    107.500  1023.3860  47918.666    30.5184     29.842    6.32886    11.1469    11.2222    23.2502   11.47417 1.8052e+00     30.126 0.0000e+00
        432 244.643006    0.02993     1.7958    107.750  1023.4093  47953.018    30.5387     30.099    6.33294    11.1137    11.1862    23.2722   11.48069 1.7535e+00     30.385 0.0000e+00
        433 244.643009    0.03000     1.8000    108.000  1023.4332  47988.810    30.5601     30.360    6.33693    11.0841    11.1505    23.2950   11.48706 1.7040e+00     30.649 0.0000e+00
        434 244.643012    0.03007     1.8042    108.250  1023.4561  48023.063    30.5805     30.622    6.34063    11.0583    11.1172    23.3167   11.49296 1.6577e+00     30.914 0.0000e+00
        435 244.643015    0.03014     1.8083    108.500  1023.4765  48053.385    30.5986     30.882    6.34393    11.0353    11.0877    23.3359   11.49821 1.6149e+00     31.177 0.0000e+00
        436 244.643018    0.03021     1.8125    108.750  1023.4942  48079.391    30.6141     31.138    6.34683    11.0142    11.0619    23.3524   11.50284 1.5750e+00     31.434 0.0000e+00
        437 244.643021    0.03028     1.8167    109.000  1023.5095  48101.532    30.6271     31.386    6.34943    10.9937    11.0390    23.3665   11.50699 1.5373e+00     31.685 0.0000e+00
        438 244.643024    0.03035     1.8208    109.250  1023.5229  48120.810    30.6384     31.626    6.35185    10.9728    11.0179    23.3788   11.51088 1.5012e+00     31.927 0.0000e+00
        439 244.643027    0.03042     1.8250    109.500  1023.5357  48139.018    30.6489     31.859    6.35424    10.9518    10.9974    23.3905   11.51471 1.4663e+00     32.163 0.0000e+00
        440 244.643030    0.03049     1.8292    109.750  1023.5488  48157.719    30.6597     32.087    6.35665    10.9316    10.9765    23.4025   11.51859 1.4323e+00     32.392 0.0000e+00
        441 244.643032    0.03056     1.8333    110.000  1023.5622  48177.153    30.6710     32.311    6.35906    10.9128    10.9556    23.4149   11.52245 1.3990e+00     32.618 0.0000e+00
        442 244.643035    0.03062     1.8375    110.250  1023.5754  48196.278    30.6821     32.534    6.36139    10.8957    10.9353    23.4270   11.52617 1.3663e+00     32.844 0.0000e+00
        443 244.643038    0.03069     1.8417    110.500  1023.5876  48213.932    30.6924     32.758    6.36354    10.8799    10.9166    23.4383   11.52962 1.3343e+00     33.070 0.0000e+00
        444 244.643041    0.03076     1.8458    110.750  1023.5987  48229.661    30.7015     32.984    6.36551    10.8649    10.8996    23.4483   11.53278 1.3031e+00     33.298 0.0000e+00
        445 244.643044    0.03083     1.8500    111.000  1023.6086  48243.455    30.7094     33.212    6.36735    10.8501    10.8838    23.4571   11.53574 1.2726e+00     33.528 0.0000e+00
        446 244.643047    0.03090     1.8542    111.250  1023.6178  48256.256    30.7167     33.443    6.36913    10.8360    10.8688    23.4654   11.53859 1.2425e+00     33.761 0.0000e+00
        447 244.643050    0.03097     1.8583    111.500  1023.6273  48269.386    30.7242     33.676    6.37085    10.8230    10.8540    23.4737   11.54135 1.2127e+00     33.997 0.0000e+00
        448 244.643053    0.03104     1.8625    111.750  1023.6365  48282.248    30.7316     33.911    6.37248    10.8107    10.8400    23.4819   11.54397 1.1837e+00     34.234 0.0000e+00
        449 244.643056    0.03111     1.8667    112.000  1023.6449  48293.650    30.7380     34.148    6.37400    10.7983    10.8270    23.4891   11.54642 1.1555e+00     34.473 0.0000e+00
        450 244.643058    0.03118     1.8708    112.250  1023.6527  48304.115    30.7439     34.386    6.37546    10.7858    10.8147    23.4958   11.54877 1.1280e+00     34.713 0.0000e+00
        451 244.643061    0.03125     1.8750    112.500  1023.6606  48314.807    30.7500     34.621    6.37690    10.7733    10.8024    23.5027   11.55109 1.1021e+00     34.951 0.0000e+00
        452 244.643064    0.03132     1.8792    112.750  1023.6690  48326.428    30.7567     34.851    6.37836    10.7615    10.7899    23.5100   11.55342 1.0778e+00     35.183 0.0000e+00
        453 244.643067    0.03139     1.8833    113.000  1023.6777  48338.799    30.7639     35.075    6.37978    10.7511    10.7774    23.5178   11.55570 1.0551e+00     35.409 0.0000e+00
        454 244.643070    0.03146     1.8875    113.250  1023.6863  48351.066    30.7711     35.290    6.38110    10.7422    10.7657    23.5254   11.55780 1.0336e+00     35.626 0.0000e+00
        455 244.643073    0.03153     1.8917    113.500  1023.6943  48362.419    30.7778     35.499    6.38227    10.7350    10.7552    23.5324   11.55966 1.0132e+00     35.837 0.0000e+00
        456 244.643076    0.03160     1.8958    113.750  1023.7013  48372.221    30.7837     35.704    6.38325    10.7292    10.7463    23.5384   11.56122 9.9335e-01     36.044 0.0000e+00
        457 244.643079    0.03167     1.9000    114.000  1023.7072  48380.216    30.7884     35.906    6.38405    10.7243    10.7392    23.5434   11.56248 9.7349e-01     36.248 0.0000e+00
        458 244.643082    0.03174     1.9042    114.250  1023.7120  48386.525    30.7921     36.109    6.38470    10.7198    10.7334    23.5473   11.56351 9.5305e-01     36.453 0.0000e+00
        459 244.643084    0.03181     1.9083    114.500  1023.7160  48391.473    30.7950     36.317    6.38525    10.7151    10.7285    23.5503   11.56440 9.3206e-01     36.663 0.0000e+00
        460 244.643087    0.03188     1.9125    114.750  1023.7195  48395.593    30.7973     36.534    6.38578    10.7100    10.7240    23.5529   11.56525 9.1073e-01     36.882 0.0000e+00
        461 244.643090    0.03194     1.9167    115.000  1023.7229  48399.380    30.7993     36.762    6.38634    10.7042    10.7194    23.5553   11.56614 8.8901e-01     37.112 0.0000e+00
        462 244.643093    0.03201     1.9208    115.250  1023.7265  48403.316    30.8014     37.003    6.38695    10.6976    10.7143    23.5578   11.56714 8.6668e-01     37.355 0.0000e+00
        463 244.643096    0.03208     1.9250    115.500  1023.7307  48408.003    30.8040     37.257    6.38765    10.6903    10.7085    23.5607   11.56828 8.4378e-01     37.611 0.0000e+00
        464 244.643099    0.03215     1.9292    115.750  1023.7354  48413.608    30.8071     37.520    6.38843    10.6821    10.7019    23.5642   11.56953 8.2076e-01     37.877 0.0000e+00
        465 244.643102    0.03222     1.9333    116.000  1023.7405  48419.840    30.8105     37.789    6.38930    10.6727    10.6946    23.5681   11.57092 7.9833e-01     38.149 0.0000e+00
        466 244.643105    0.03229     1.9375    116.250  1023.7461  48426.749    30.8144     38.060    6.39027    10.6621    10.6865    23.5725   11.57249 7.7711e-01     38.422 0.0000e+00
        467 244.643108    0.03236     1.9417    116.500  1023.7525  48434.828    30.8189     38.328    6.39138    10.6506    10.6771    23.5776   11.57428 7.5735e-01     38.692 0.0000e+00
        468 244.643111    0.03243     1.9458    116.750  1023.7596  48444.299    30.8242     38.588    6.39263    10.6386    10.6665    23.5836   11.57629 7.3908e-01     38.956 0.0000e+00
        469 244.643113    0.03250     1.9500    117.000  1023.7675  48454.924    30.8303     38.839    6.39397    10.6267    10.6550    23.5902   11.57844 7.2232e-01     39.209 0.0000e+00
        470 244.643116    0.03257     1.9542    117.250  1023.7758  48466.452    30.8370     39.078    6.39536    10.6154    10.6430    23.5974   11.58066 7.0698e-01     39.450 0.0000e+00
        471 244.643119    0.03264     1.9583    117.500  1023.7843  48478.465    30.8440     39.303    6.39672    10.6053    10.6312    23.6049   11.58283 6.9284e-01     39.677 0.0000e+00
        472 244.643122    0.03271     1.9625    117.750  1023.7925  48490.177    30.8508     39.515    6.39799    10.5962    10.6200    23.6121   11.58486 6.7963e-01     39.892 0.0000e+00
        473 244.643125    0.03278     1.9667    118.000  1023.8001  48500.999    30.8572     39.717    6.39914    10.5879    10.6098    23.6188   11.58667 6.6715e-01     40.096 0.0000e+00
        474 244.643128    0.03285     1.9708    118.250  1023.8070  48510.820    30.8630     39.912    6.40015    10.5799    10.6008    23.6249   11.58829 6.5534e-01     40.292 0.0000e+00
        475 244.643131    0.03292     1.9750    118.500  1023.8135  48519.956    30.8684     40.104    6.40108    10.5719    10.5925    23.6305   11.58977 6.4412e-01     40.486 0.0000e+00
        476 244.643134    0.03299     1.9792    118.750  1023.8199  48529.092    30.8738     40.297    6.40197    10.5634    10.5845    23.6361   11.59117 6.3311e-01     40.681 0.0000e+00
        477 244.643137    0.03306     1.9833    119.000  1023.8268  48538.916    30.8797     40.493    6.40284    10.5546    10.5765    23.6420   11.59255 6.2189e-01     40.880 0.0000e+00
        478 244.643139    0.03313     1.9875    119.250  1023.8343  48549.807    30.8863     40.696    6.40375    10.5463    10.5680    23.6486   11.59397 6.1033e-01     41.085 0.0000e+00
        479 244.643142    0.03319     1.9917    119.500  1023.8422  48561.354    30.8934     40.906    6.40468    10.5393    10.5592    23.6556   11.59543 5.9846e-01     41.297 0.0000e+00
        480 244.643145    0.03326     1.9958    119.750  1023.8498  48572.264    30.9000     41.124    6.40555    10.5339    10.5510    23.6621   11.59680 5.8637e-01     41.517 0.0000e+00
        481 244.643148    0.03333     2.0000    120.000  1023.8563  48581.395    30.9056     41.350    6.40629    10.5298    10.5441    23.6676   11.59796 5.7416e-01     41.745 0.0000e+00
        482 244.643151    0.03340     2.0042    120.250  1023.8616  48588.475    30.9098     41.582    6.40686    10.5265    10.5386    23.6718   11.59887 5.6191e-01     41.979 0.0000e+00
        483 244.643154    0.03347     2.0083    120.500  1023.8659  48593.846    30.9130     41.817    6.40730    10.5236    10.5345    23.6750   11.59956 5.4981e-01     42.216 0.0000e+00
        484 244.643157    0.03354     2.0125    120.750  1023.8695  48598.072    30.9155     42.052    6.40765    10.5204    10.5313    23.6775   11.60010 5.3803e-01     42.453 0.0000e+00
        485 244.643160    0.03361     2.0167    121.000  1023.8728  48601.858    30.9177     42.284    6.40797    10.5168    10.5284    23.6798   11.60060 5.2668e-01     42.688 0.0000e+00
        486 244.643163    0.03368     2.0208    121.250  1023.8762  48605.988    30.9202     42.511    6.40830    10.5133    10.5253    23.6822   11.60112 5.1584e-01     42.917 0.0000e+00
        487 244.643166    0.03375     2.0250    121.500  1023.8800  48610.693    30.9230     42.731    6.40868    10.5102    10.5218    23.6850   11.60172 5.0564e-01     43.139 0.0000e+00
        488 244.643168    0.03382     2.0292    121.750  1023.8838  48615.400    30.9258     42.944    6.40905    10.5077    10.5182    23.6878   11.60231 4.9607e-01     43.354 0.0000e+00
        489 244.643171    0.03389     2.0333    122.000  1023.8871  48619.439    30.9282     43.150    6.40938    10.5055    10.5151    23.6902   11.60282 4.8702e-01     43.562 0.0000e+00
        490 244.643174    0.03396     2.0375    122.250  1023.8899  48622.604    30.9301     43.350    6.40965    10.5029    10.5127    23.6920   11.60323 4.7840e-01     43.764 0.0000e+00
        491 244.643177    0.03403     2.0417    122.500  1023.8924  48625.363    30.9317     43.544    6.40989    10.4993    10.5105    23.6936   11.60361 4.7011e-01     43.960 0.0000e+00
        492 244.643180    0.03410     2.0458    122.750  1023.8952  48628.631    30.9336     43.735    6.41017    10.4946    10.5078    23.6956   11.60407 4.6201e-01     44.152 0.0000e+00
        493 244.643183    0.03417     2.0500    123.000  1023.8988  48633.046    30.9362     43.925    6.41057    10.4891    10.5042    23.6982   11.60469 4.5401e-01     44.345 0.0000e+00
        494 244.643186    0.03424     2.0542    123.250  1023.9031  48638.715    30.9396     44.120    6.41107    10.4834    10.4996    23.7016   11.60548 4.4599e-01     44.541 0.0000e+00
        495 244.643189    0.03431     2.0583    123.500  1023.9080  48645.461    30.9436     44.321    6.41166    10.4783    10.4942    23.7057   11.60641 4.3777e-01     44.744 0.0000e+00
        496 244.643192    0.03438     2.0625    123.750  1023.9133  48652.696    30.9480     44.532    6.41227    10.4741    10.4885    23.7100   11.60737 4.2928e-01     44.957 0.0000e+00
        497 244.643194    0.03444     2.0667    124.000  1023.9183  48659.395    30.9520     44.753    6.41282    10.4708    10.4834    23.7140   11.60824 4.2063e-01     45.180 0.0000e+00
        498 244.643197    0.03451     2.0708    124.250  1023.9226  48664.841    30.9553     44.984    6.41327    10.4678    10.4792    23.7172   11.60894 4.1195e-01     45.413 0.0000e+00
        499 244.643200    0.03458     2.0750    124.500  1023.9262  48669.122    30.9578     45.224    6.41362    10.4645    10.4759    23.7198   11.60950 4.0328e-01     45.656 0.0000e+00
        500 244.643203    0.03465     2.0792    124.750  1023.9296  48672.950    30.9601     45.473    6.41394    10.4604    10.4730    23.7220   11.60999 3.9465e-01     45.907 0.0000e+00
        501 244.643206    0.03472     2.0833    125.000  1023.9333  48677.243    30.9626     45.726    6.41429    10.4553    10.4697    23.7246   11.61055 3.8618e-01     46.163 0.0000e+00
        502 244.643209    0.03479     2.0875    125.250  1023.9376  48682.648    30.9658     45.982    6.41474    10.4497    10.4656    23.7278   11.61124 3.7802e-01     46.421 0.0000e+00
        503 244.643212    0.03486     2.0917    125.500  1023.9428  48689.309    30.9698     46.235    6.41528    10.4442    10.4605    23.7317   11.61209 3.7031e-01     46.677 0.0000e+00
        504 244.643215    0.03493     2.0958    125.750  1023.9484  48696.780    30.9743     46.483    6.41587    10.4394    10.4549    23.7362   11.61303 3.6312e-01     46.926 0.0000e+00
        505 244.643218    0.03500     2.1000    126.000  1023.9538  48704.095    30.9787     46.720    6.41645    10.4352    10.4495    23.7405   11.61393 3.5646e-01     47.166 0.0000e+00
        506 244.643220    0.03507     2.1042    126.250  1023.9586  48710.438    30.9826     46.945    6.41696    10.4312    10.4447    23.7443   11.61472 3.5029e-01     47.394 0.0000e+00
        507 244.643223    0.03514     2.1083    126.500  1023.9628  48715.834    30.9858     47.157    6.41740    10.4271    10.4406    23.7475   11.61543 3.4459e-01     47.608 0.0000e+00
        508 244.643226    0.03521     2.1125    126.750  1023.9667  48720.912    30.9888     47.355    6.41784    10.4229    10.4366    23.7505   11.61611 3.3938e-01     47.807 0.0000e+00
        509 244.643229    0.03528     2.1167    127.000  1023.9707  48726.182    30.9919     47.537    6.41828    10.4189    10.4325    23.7537   11.61681 3.3461e-01     47.992 0.0000e+00
        510 244.643232    0.03535     2.1208    127.250  1023.9748  48731.640    30.9952     47.706    6.41873    10.4156    10.4283    23.7569   11.61752 3.3018e-01     48.163 0.0000e+00
