CTD-processing/allCTD/CNV--homogene/2016_01-07_t9_s06_cast065.cnv
* Sea-Bird SBE19plus Data File:
* FileName = C:\Users\Kris.Holderied\Documents\kasitsna\Research-KBL\Oceanography-AK\CTD-Data-ALL-to-2015-10\2016-CTD-KachemakBay-CookInlet\2016-01-07-CookInlet-HomerSpit-monthly-plus\2016-01-07-CookInlet-Tran9-plus-cast065.hex
* Software Version 1.59
* Temperature SN =  5028
* Conductivity SN =  5028
* System UpLoad Time = Feb 09 2016 07:58:33
** Cook Inlet LTM Tran9 Homer Spit
** Date (YYYY-MM-DD): 2016-01-07
** Station (ie. 9-01):  9-06
** Start time (AKST): 12:44
** Depth (m): 103.9
** Comment: R/V Edgecumbe
** Comment:
# nquan = 17
# nvalues = 678                         
# units = specified
# name 0 = scan: Scan Count
# name 1 = timeJ: Julian Days
# name 2 = timeH: Time, Elapsed [hours]
# name 3 = timeM: Time, Elapsed [minutes]
# name 4 = timeS: Time, Elapsed [seconds]
# name 5 = density00: Density [density, kg/m^3]
# name 6 = specc: Specific Conductance [uS/cm]
# name 7 = sal00: Salinity, Practical [PSU]
# name 8 = depSM: Depth [salt water, m], lat = 59.00
# name 9 = oxsolML/L: Oxygen Saturation, Garcia & Gordon [ml/l]
# name 10 = potemp090C: Potential Temperature [ITS-90, deg C]
# name 11 = tv290C: Temperature [ITS-90, deg C]
# name 12 = sigma-é00: Density [sigma-theta, kg/m^3]
# name 13 = n2satML/L: Nitrogen Saturation [ml/l]
# name 14 = par: PAR/Irradiance, Biospherical/Licor
# name 15 = prdM: Pressure, Strain Gauge [db]
# name 16 = flag:  0.000e+00
# span 0 =          1,        678       
# span 1 =   7.531412,   7.533371       
# span 2 =    0.00000,    0.04701       
# span 3 =     0.0000,     2.8208       
# span 4 =      0.000,    169.250       
# span 5 =  1001.2367,  1025.0587       
# span 6 =   2908.114,  50135.366       
# span 7 =     1.5874,    31.3896       
# span 8 =     -0.086,     93.283       
# span 9 =    6.97340,    8.91353       
# span 10 =     4.2807,     6.6185      
# span 11 =     4.2807,     6.6265      
# span 12 =     1.2371,    24.6250      
# span 13 =   12.53067,   16.19306      
# span 14 = 3.8090e-02, 8.3110e+01      
# span 15 =     -0.086,     94.186      
# span 16 = 0.0000e+00, 0.0000e+00      
# interval = seconds: 0.25
# start_time = Jan 07 2016 12:45:14 [Instrument's time stamp, header]
# bad_flag = -9.990e-29
*END*
[from data line 596]
        597   7.533137    0.04139     2.4833    149.000  1024.9828  50112.048    31.3760     78.657    6.97775     6.5977     6.6035    24.6170   12.53803 3.8862e-02     79.414 0.0000e+00
        598   7.533139    0.04146     2.4875    149.250  1024.9841  50112.570    31.3763     78.887    6.97766     6.5981     6.6039    24.6172   12.53788 3.8893e-02     79.647 0.0000e+00
        599   7.533142    0.04153     2.4917    149.500  1024.9854  50113.169    31.3767     79.118    6.97757     6.5986     6.6044    24.6174   12.53772 3.8935e-02     79.880 0.0000e+00
        600   7.533145    0.04160     2.4958    149.750  1024.9867  50113.764    31.3771     79.350    6.97747     6.5990     6.6048    24.6176   12.53756 3.8987e-02     80.114 0.0000e+00
        601   7.533148    0.04167     2.5000    150.000  1024.9880  50114.332    31.3775     79.583    6.97738     6.5995     6.6053    24.6179   12.53741 3.9033e-02     80.349 0.0000e+00
        602   7.533151    0.04174     2.5042    150.250  1024.9893  50114.849    31.3778     79.815    6.97729     6.6000     6.6058    24.6181   12.53725 3.9052e-02     80.584 0.0000e+00
        603   7.533154    0.04181     2.5083    150.500  1024.9906  50115.263    31.3781     80.046    6.97720     6.6005     6.6063    24.6183   12.53709 3.9037e-02     80.817 0.0000e+00
        604   7.533157    0.04188     2.5125    150.750  1024.9917  50115.582    31.3783     80.275    6.97710     6.6010     6.6068    24.6184   12.53693 3.8989e-02     81.048 0.0000e+00
        605   7.533160    0.04194     2.5167    151.000  1024.9929  50115.847    31.3784     80.500    6.97701     6.6015     6.6073    24.6184   12.53677 3.8924e-02     81.276 0.0000e+00
        606   7.533163    0.04201     2.5208    151.250  1024.9940  50116.090    31.3786     80.723    6.97692     6.6019     6.6078    24.6185   12.53662 3.8868e-02     81.501 0.0000e+00
        607   7.533166    0.04208     2.5250    151.500  1024.9950  50116.270    31.3787     80.941    6.97684     6.6022     6.6083    24.6185   12.53649 3.8811e-02     81.721 0.0000e+00
        608   7.533168    0.04215     2.5292    151.750  1024.9960  50116.378    31.3788     81.156    6.97676     6.6026     6.6088    24.6185   12.53637 3.8790e-02     81.938 0.0000e+00
        609   7.533171    0.04222     2.5333    152.000  1024.9970  50116.506    31.3788     81.371    6.97669     6.6029     6.6092    24.6185   12.53625 3.8882e-02     82.155 0.0000e+00
        610   7.533174    0.04229     2.5375    152.250  1024.9981  50116.744    31.3790     81.587    6.97663     6.6033     6.6095    24.6186   12.53614 3.9073e-02     82.374 0.0000e+00
        611   7.533177    0.04236     2.5417    152.500  1024.9992  50117.135    31.3792     81.804    6.97656     6.6036     6.6099    24.6187   12.53602 3.9259e-02     82.593 0.0000e+00
        612   7.533180    0.04243     2.5458    152.750  1025.0004  50117.682    31.3795     82.020    6.97648     6.6040     6.6102    24.6189   12.53590 3.9351e-02     82.811 0.0000e+00
        613   7.533183    0.04250     2.5500    153.000  1025.0016  50118.162    31.3798     82.234    6.97641     6.6043     6.6106    24.6191   12.53577 3.9344e-02     83.027 0.0000e+00
        614   7.533186    0.04257     2.5542    153.250  1025.0027  50118.381    31.3800     82.445    6.97635     6.6045     6.6110    24.6192   12.53567 3.9286e-02     83.240 0.0000e+00
        615   7.533189    0.04264     2.5583    153.500  1025.0036  50118.511    31.3800     82.655    6.97630     6.6047     6.6113    24.6192   12.53558 3.9198e-02     83.452 0.0000e+00
        616   7.533192    0.04271     2.5625    153.750  1025.0046  50118.632    31.3801     82.861    6.97625     6.6048     6.6115    24.6192   12.53551 3.9076e-02     83.660 0.0000e+00
        617   7.533194    0.04278     2.5667    154.000  1025.0056  50118.790    31.3801     83.064    6.97622     6.6050     6.6117    24.6192   12.53545 3.8904e-02     83.865 0.0000e+00
        618   7.533197    0.04285     2.5708    154.250  1025.0066  50119.135    31.3803     83.266    6.97619     6.6052     6.6119    24.6193   12.53540 3.8669e-02     84.069 0.0000e+00
        619   7.533200    0.04292     2.5750    154.500  1025.0078  50119.668    31.3806     83.467    6.97615     6.6054     6.6121    24.6195   12.53533 3.8428e-02     84.272 0.0000e+00
        620   7.533203    0.04299     2.5792    154.750  1025.0090  50120.293    31.3810     83.668    6.97610     6.6057     6.6123    24.6198   12.53524 3.8255e-02     84.475 0.0000e+00
        621   7.533206    0.04306     2.5833    155.000  1025.0102  50120.905    31.3814     83.870    6.97603     6.6061     6.6125    24.6201   12.53513 3.8156e-02     84.678 0.0000e+00
        622   7.533209    0.04312     2.5875    155.250  1025.0114  50121.491    31.3817     84.071    6.97596     6.6064     6.6129    24.6203   12.53501 3.8106e-02     84.882 0.0000e+00
        623   7.533212    0.04319     2.5917    155.500  1025.0125  50122.050    31.3821     84.272    6.97589     6.6068     6.6132    24.6206   12.53488 3.8090e-02     85.085 0.0000e+00
        624   7.533215    0.04326     2.5958    155.750  1025.0137  50122.597    31.3825     84.471    6.97581     6.6072     6.6136    24.6208   12.53475 3.8105e-02     85.285 0.0000e+00
        625   7.533218    0.04333     2.6000    156.000  1025.0149  50123.266    31.3829     84.667    6.97573     6.6076     6.6140    24.6211   12.53461 3.8138e-02     85.483 0.0000e+00
        626   7.533220    0.04340     2.6042    156.250  1025.0162  50124.069    31.3834     84.860    6.97565     6.6080     6.6144    24.6215   12.53446 3.8169e-02     85.679 0.0000e+00
        627   7.533223    0.04347     2.6083    156.500  1025.0174  50124.776    31.3839     85.053    6.97555     6.6084     6.6148    24.6218   12.53430 3.8204e-02     85.873 0.0000e+00
        628   7.533226    0.04354     2.6125    156.750  1025.0185  50125.267    31.3842     85.245    6.97546     6.6088     6.6152    24.6220   12.53415 3.8257e-02     86.067 0.0000e+00
        629   7.533229    0.04361     2.6167    157.000  1025.0195  50125.593    31.3845     85.437    6.97538     6.6091     6.6157    24.6221   12.53401 3.8320e-02     86.261 0.0000e+00
        630   7.533232    0.04368     2.6208    157.250  1025.0205  50125.822    31.3846     85.628    6.97532     6.6094     6.6161    24.6222   12.53390 3.8427e-02     86.455 0.0000e+00
        631   7.533235    0.04375     2.6250    157.500  1025.0214  50126.057    31.3847     85.820    6.97526     6.6096     6.6164    24.6222   12.53379 3.8561e-02     86.649 0.0000e+00
        632   7.533238    0.04382     2.6292    157.750  1025.0224  50126.349    31.3849     86.011    6.97520     6.6099     6.6167    24.6223   12.53370 3.8621e-02     86.842 0.0000e+00
        633   7.533241    0.04389     2.6333    158.000  1025.0234  50126.684    31.3851     86.199    6.97515     6.6101     6.6170    24.6225   12.53361 3.8601e-02     87.031 0.0000e+00
        634   7.533244    0.04396     2.6375    158.250  1025.0244  50127.021    31.3853     86.385    6.97509     6.6104     6.6173    24.6226   12.53352 3.8566e-02     87.218 0.0000e+00
        635   7.533247    0.04403     2.6417    158.500  1025.0253  50127.251    31.3854     86.568    6.97504     6.6106     6.6175    24.6227   12.53344 3.8512e-02     87.403 0.0000e+00
        636   7.533249    0.04410     2.6458    158.750  1025.0261  50127.363    31.3854     86.748    6.97499     6.6108     6.6178    24.6227   12.53336 3.8426e-02     87.585 0.0000e+00
        637   7.533252    0.04417     2.6500    159.000  1025.0269  50127.483    31.3855     86.926    6.97495     6.6110     6.6180    24.6227   12.53329 3.8359e-02     87.765 0.0000e+00
        638   7.533255    0.04424     2.6542    159.250  1025.0278  50127.684    31.3856     87.104    6.97491     6.6112     6.6182    24.6227   12.53323 3.8353e-02     87.945 0.0000e+00
        639   7.533258    0.04431     2.6583    159.500  1025.0288  50127.985    31.3857     87.283    6.97487     6.6115     6.6184    24.6228   12.53316 3.8397e-02     88.125 0.0000e+00
        640   7.533261    0.04437     2.6625    159.750  1025.0298  50128.437    31.3860     87.462    6.97482     6.6118     6.6187    24.6230   12.53307 3.8455e-02     88.307 0.0000e+00
        641   7.533264    0.04444     2.6667    160.000  1025.0309  50128.991    31.3864     87.643    6.97476     6.6122     6.6190    24.6233   12.53296 3.8480e-02     88.489 0.0000e+00
        642   7.533267    0.04451     2.6708    160.250  1025.0319  50129.504    31.3867     87.823    6.97469     6.6126     6.6193    24.6235   12.53284 3.8473e-02     88.671 0.0000e+00
        643   7.533270    0.04458     2.6750    160.500  1025.0330  50129.969    31.3870     88.004    6.97461     6.6130     6.6197    24.6237   12.53271 3.8469e-02     88.853 0.0000e+00
        644   7.533273    0.04465     2.6792    160.750  1025.0340  50130.457    31.3873     88.184    6.97453     6.6135     6.6201    24.6239   12.53257 3.8482e-02     89.035 0.0000e+00
        645   7.533275    0.04472     2.6833    161.000  1025.0351  50131.007    31.3877     88.364    6.97444     6.6140     6.6205    24.6241   12.53242 3.8512e-02     89.217 0.0000e+00
        646   7.533278    0.04479     2.6875    161.250  1025.0362  50131.651    31.3881     88.546    6.97434     6.6146     6.6210    24.6244   12.53225 3.8555e-02     89.400 0.0000e+00
        647   7.533281    0.04486     2.6917    161.500  1025.0373  50132.300    31.3886     88.727    6.97424     6.6152     6.6215    24.6247   12.53207 3.8567e-02     89.583 0.0000e+00
        648   7.533284    0.04493     2.6958    161.750  1025.0384  50132.797    31.3890     88.908    6.97413     6.6157     6.6221    24.6249   12.53188 3.8529e-02     89.766 0.0000e+00
        649   7.533287    0.04500     2.7000    162.000  1025.0393  50133.018    31.3891     89.087    6.97402     6.6161     6.6227    24.6250   12.53170 3.8499e-02     89.947 0.0000e+00
        650   7.533290    0.04507     2.7042    162.250  1025.0401  50132.964    31.3891     89.264    6.97393     6.6164     6.6233    24.6249   12.53156 3.8484e-02     90.126 0.0000e+00
        651   7.533293    0.04514     2.7083    162.500  1025.0407  50132.830    31.3891     89.435    6.97386     6.6167     6.6238    24.6248   12.53144 3.8467e-02     90.298 0.0000e+00
        652   7.533296    0.04521     2.7125    162.750  1025.0414  50132.738    31.3890     89.599    6.97381     6.6168     6.6241    24.6247   12.53136 3.8461e-02     90.464 0.0000e+00
        653   7.533299    0.04528     2.7167    163.000  1025.0420  50132.653    31.3889     89.760    6.97378     6.6169     6.6243    24.6246   12.53130 3.8431e-02     90.627 0.0000e+00
        654   7.533302    0.04535     2.7208    163.250  1025.0427  50132.581    31.3888     89.923    6.97375     6.6170     6.6245    24.6245   12.53127 3.8375e-02     90.792 0.0000e+00
        655   7.533304    0.04542     2.7250    163.500  1025.0435  50132.613    31.3887     90.090    6.97374     6.6170     6.6246    24.6245   12.53124 3.8355e-02     90.960 0.0000e+00
        656   7.533307    0.04549     2.7292    163.750  1025.0443  50132.829    31.3888     90.259    6.97373     6.6171     6.6246    24.6245   12.53122 3.8363e-02     91.131 0.0000e+00
        657   7.533310    0.04556     2.7333    164.000  1025.0452  50133.170    31.3890     90.429    6.97371     6.6172     6.6247    24.6247   12.53119 3.8367e-02     91.302 0.0000e+00
        658   7.533313    0.04562     2.7375    164.250  1025.0461  50133.431    31.3891     90.596    6.97369     6.6173     6.6247    24.6247   12.53115 3.8381e-02     91.471 0.0000e+00
        659   7.533316    0.04569     2.7417    164.500  1025.0468  50133.547    31.3892     90.762    6.97367     6.6175     6.6249    24.6247   12.53112 3.8420e-02     91.639 0.0000e+00
        660   7.533319    0.04576     2.7458    164.750  1025.0476  50133.689    31.3892     90.928    6.97364     6.6177     6.6250    24.6247   12.53108 3.8461e-02     91.807 0.0000e+00
        661   7.533322    0.04583     2.7500    165.000  1025.0485  50133.911    31.3893     91.097    6.97361     6.6178     6.6252    24.6248   12.53102 3.8471e-02     91.977 0.0000e+00
        662   7.533325    0.04590     2.7542    165.250  1025.0493  50134.137    31.3894     91.265    6.97358     6.6180     6.6254    24.6249   12.53096 3.8472e-02     92.147 0.0000e+00
        663   7.533328    0.04597     2.7583    165.500  1025.0501  50134.342    31.3895     91.430    6.97354     6.6181     6.6256    24.6250   12.53091 3.8500e-02     92.313 0.0000e+00
        664   7.533330    0.04604     2.7625    165.750  1025.0509  50134.488    31.3896     91.586    6.97351     6.6182     6.6257    24.6250   12.53085 3.8547e-02     92.471 0.0000e+00
        665   7.533333    0.04611     2.7667    166.000  1025.0516  50134.538    31.3896     91.729    6.97348     6.6183     6.6259    24.6250   12.53081 3.8611e-02     92.615 0.0000e+00
        666   7.533336    0.04618     2.7708    166.250  1025.0521  50134.506    31.3895     91.857    6.97346     6.6184     6.6261    24.6249   12.53078 3.8722e-02     92.745 0.0000e+00
        667   7.533339    0.04625     2.7750    166.500  1025.0526  50134.485    31.3894     91.976    6.97345     6.6184     6.6262    24.6249   12.53076 3.8915e-02     92.865 0.0000e+00
        668   7.533342    0.04632     2.7792    166.750  1025.0531  50134.538    31.3894     92.096    6.97344     6.6184     6.6262    24.6249   12.53075 3.9184e-02     92.986 0.0000e+00
        669   7.533345    0.04639     2.7833    167.000  1025.0537  50134.616    31.3894     92.223    6.97344     6.6184     6.6262    24.6249   12.53075 3.9582e-02     93.114 0.0000e+00
        670   7.533348    0.04646     2.7875    167.250  1025.0543  50134.681    31.3894     92.361    6.97344     6.6184     6.6262    24.6248   12.53074 4.0278e-02     93.253 0.0000e+00
        671   7.533351    0.04653     2.7917    167.500  1025.0550  50134.750    31.3894     92.507    6.97343     6.6184     6.6263    24.6248   12.53074 4.1442e-02     93.401 0.0000e+00
        672   7.533354    0.04660     2.7958    167.750  1025.0557  50134.842    31.3894     92.659    6.97343     6.6184     6.6263    24.6248   12.53073 4.2549e-02     93.555 0.0000e+00
        673   7.533356    0.04667     2.8000    168.000  1025.0564  50134.966    31.3894     92.811    6.97342     6.6184     6.6263    24.6248   12.53072 4.2706e-02     93.709 0.0000e+00
        674   7.533359    0.04674     2.8042    168.250  1025.0571  50135.121    31.3894     92.957    6.97342     6.6185     6.6264    24.6248   12.53070 4.2129e-02     93.856 0.0000e+00
        675   7.533362    0.04681     2.8083    168.500  1025.0578  50135.262    31.3895     93.088    6.97341     6.6185     6.6264    24.6249   12.53069 4.1485e-02     93.988 0.0000e+00
        676   7.533365    0.04688     2.8125    168.750  1025.0583  50135.339    31.3895     93.192    6.97341     6.6185     6.6264    24.6249   12.53068 4.0982e-02     94.094 0.0000e+00
        677   7.533368    0.04694     2.8167    169.000  1025.0586  50135.363    31.3895     93.260    6.97340 -9.990e-29     6.6265    24.6249   12.53067 4.0672e-02     94.162 0.0000e+00
        678   7.533371    0.04701     2.8208    169.250  1025.0587  50135.366    31.3895     93.283    6.97340 -9.990e-29     6.6265    24.6249   12.53067 4.0568e-02     94.186 0.0000e+00
