CTD-processing/allCTD/CNV--homogene/2016_08-31_t6_s17_cast100.cnv
* Sea-Bird SBE19plus Data File:
* FileName = C:\Users\Kim.Powell\Desktop\2016_08-31_T6_5028\2016_08-31_T6_5028_cast100.hex
* Software Version 1.59
* Temperature SN =  5028
* Conductivity SN =  5028
* System UpLoad Time = Aug 31 2016 22:02:26
** CookInlet LTM Transect 7
** 2016_08-30
** Station: 6-17
** Start Time: 12:29
** Depth (m): 161.8
** Comment:
** Comment:
# nquan = 17
# nvalues = 969                         
# units = specified
# name 0 = scan: Scan Count
# name 1 = timeJ: Julian Days
# name 2 = timeH: Time, Elapsed [hours]
# name 3 = timeM: Time, Elapsed [minutes]
# name 4 = timeS: Time, Elapsed [seconds]
# name 5 = density00: Density [density, kg/m^3]
# name 6 = specc: Specific Conductance [uS/cm]
# name 7 = sal00: Salinity, Practical [PSU]
# name 8 = depSM: Depth [salt water, m], lat = 59.00
# name 9 = oxsolML/L: Oxygen Saturation, Garcia & Gordon [ml/l]
# name 10 = potemp090C: Potential Temperature [ITS-90, deg C]
# name 11 = tv290C: Temperature [ITS-90, deg C]
# name 12 = sigma-é00: Density [sigma-theta, kg/m^3]
# name 13 = n2satML/L: Nitrogen Saturation [ml/l]
# name 14 = par: PAR/Irradiance, Biospherical/Licor
# name 15 = prdM: Pressure, Strain Gauge [db]
# name 16 = flag:  0.000e+00
# span 0 =          1,        969       
# span 1 = 244.520845, 244.523646       
# span 2 =    0.00000,    0.06722       
# span 3 =     0.0000,     4.0333       
# span 4 =      0.000,    242.000       
# span 5 =   999.4642,  1025.9265       
# span 6 =    838.291,  51350.369       
# span 7 =     0.4096,    32.3364       
# span 8 =     -0.063,    139.638       
# span 9 =    6.01136,    7.08539       
# span 10 =     7.2993,    14.7032      
# span 11 =     7.3122,    14.7032      
# span 12 =    -0.5355,    25.2808      
# span 13 =   10.95752,   13.12378      
# span 14 = 7.2670e-02, 1.0624e+03      
# span 15 =     -0.064,    141.004      
# span 16 = 0.0000e+00, 0.0000e+00      
# interval = seconds: 0.25
# start_time = Aug 31 2016 12:30:01 [Instrument's time stamp, header]
# bad_flag = -9.990e-29
*END*
[from data line 341]
        342 244.521832    0.02368     1.4208     85.250  1022.4907  46748.978    29.8417      6.283    6.16333    12.6335    12.6740    22.4623   11.20734 1.3741e+02      6.342 0.0000e+00
        343 244.521834    0.02375     1.4250     85.500  1022.5170  46790.537    29.8692      6.505    6.16496    12.6165    12.6531    22.4875   11.20973 1.3552e+02      6.566 0.0000e+00
        344 244.521837    0.02382     1.4292     85.750  1022.5414  46829.292    29.8949      6.723    6.16640    12.6008    12.6344    22.5109   11.21181 1.3205e+02      6.787 0.0000e+00
        345 244.521840    0.02389     1.4333     86.000  1022.5646  46866.376    29.9196      6.940    6.16764    12.5857    12.6174    22.5332   11.21358 1.2601e+02      7.005 0.0000e+00
        346 244.521843    0.02396     1.4375     86.250  1022.5876  46903.128    29.9442      7.156    6.16871    12.5708    12.6017    22.5552   11.21508 1.1869e+02      7.224 0.0000e+00
        347 244.521846    0.02403     1.4417     86.500  1022.6107  46940.456    29.9692      7.374    6.16969    12.5559    12.5867    22.5774   11.21641 1.1213e+02      7.444 0.0000e+00
        348 244.521849    0.02410     1.4458     86.750  1022.6343  46978.493    29.9947      7.597    6.17062    12.5408    12.5719    22.5999   11.21767 1.0701e+02      7.669 0.0000e+00
        349 244.521852    0.02417     1.4500     87.000  1022.6582  47017.225    30.0208      7.824    6.17155    12.5259    12.5569    22.6228   11.21890 1.0249e+02      7.898 0.0000e+00
        350 244.521855    0.02424     1.4542     87.250  1022.6819  47055.279    30.0463      8.057    6.17251    12.5121    12.5418    22.6454   11.22021 9.7823e+01      8.133 0.0000e+00
        351 244.521858    0.02431     1.4583     87.500  1022.7036  47089.931    30.0694      8.293    6.17354    12.4999    12.5269    22.6661   11.22165 9.3042e+01      8.371 0.0000e+00
        352 244.521861    0.02438     1.4625     87.750  1022.7229  47120.251    30.0895      8.532    6.17455    12.4891    12.5131    22.6843   11.22309 8.8610e+01      8.612 0.0000e+00
        353 244.521863    0.02444     1.4667     88.000  1022.7403  47147.489    30.1076      8.773    6.17542    12.4788    12.5010    22.7005   11.22433 8.4640e+01      8.855 0.0000e+00
        354 244.521866    0.02451     1.4708     88.250  1022.7566  47173.077    30.1247      9.016    6.17616    12.4690    12.4902    22.7158   11.22536 8.0635e+01      9.100 0.0000e+00
        355 244.521869    0.02458     1.4750     88.500  1022.7721  47197.320    30.1409      9.260    6.17685    12.4595    12.4800    22.7302   11.22633 7.6255e+01      9.348 0.0000e+00
        356 244.521872    0.02465     1.4792     88.750  1022.7868  47220.170    30.1561      9.506    6.17754    12.4501    12.4702    22.7438   11.22729 7.1799e+01      9.596 0.0000e+00
        357 244.521875    0.02472     1.4833     89.000  1022.8010  47242.132    30.1707      9.753    6.17820    12.4400    12.4607    22.7569   11.22821 6.7763e+01      9.845 0.0000e+00
        358 244.521878    0.02479     1.4875     89.250  1022.8153  47264.213    30.1854      9.998    6.17884    12.4276    12.4514    22.7700   11.22911 6.4390e+01     10.093 0.0000e+00
        359 244.521881    0.02486     1.4917     89.500  1022.8313  47289.398    30.2022     10.242    6.17950    12.4115    12.4413    22.7849   11.23001 6.1636e+01     10.339 0.0000e+00
        360 244.521884    0.02493     1.4958     89.750  1022.8512  47321.180    30.2235     10.487    6.18027    12.3908    12.4290    22.8037   11.23104 5.9259e+01     10.586 0.0000e+00
        361 244.521887    0.02500     1.5000     90.000  1022.8761  47361.361    30.2504     10.734    6.18132    12.3659    12.4129    22.8275   11.23246 5.6955e+01     10.835 0.0000e+00
        362 244.521889    0.02507     1.5042     90.250  1022.9059  47409.415    30.2825     10.983    6.18277    12.3396    12.3922    22.8562   11.23450 5.4535e+01     11.087 0.0000e+00
        363 244.521892    0.02514     1.5083     90.500  1022.9378  47460.337    30.3162     11.235    6.18469    12.3153    12.3673    22.8869   11.23731 5.1978e+01     11.342 0.0000e+00
        364 244.521895    0.02521     1.5125     90.750  1022.9678  47507.632    30.3472     11.492    6.18691    12.2947    12.3410    22.9158   11.24064 4.9345e+01     11.601 0.0000e+00
        365 244.521898    0.02528     1.5167     91.000  1022.9937  47547.801    30.3733     11.753    6.18905    12.2771    12.3168    22.9405   11.24389 4.6683e+01     11.864 0.0000e+00
        366 244.521901    0.02535     1.5208     91.250  1023.0152  47580.607    30.3945     12.018    6.19091    12.2610    12.2962    22.9608   11.24672 4.4027e+01     12.132 0.0000e+00
        367 244.521904    0.02542     1.5250     91.500  1023.0333  47607.785    30.4120     12.286    6.19251    12.2443    12.2787    22.9776   11.24918 4.1441e+01     12.403 0.0000e+00
        368 244.521907    0.02549     1.5292     91.750  1023.0498  47632.585    30.4280     12.558    6.19399    12.2258    12.2626    22.9929   11.25145 3.9006e+01     12.677 0.0000e+00
        369 244.521910    0.02556     1.5333     92.000  1023.0670  47658.397    30.4446     12.831    6.19552    12.2058    12.2459    23.0088   11.25379 3.6777e+01     12.951 0.0000e+00
        370 244.521913    0.02562     1.5375     92.250  1023.0853  47685.787    30.4621     13.102    6.19724    12.1845    12.2275    23.0259   11.25644 3.4767e+01     13.225 0.0000e+00
        371 244.521916    0.02569     1.5417     92.500  1023.1037  47713.334    30.4796     13.369    6.19917    12.1614    12.2075    23.0432   11.25945 3.2936e+01     13.496 0.0000e+00
        372 244.521918    0.02576     1.5458     92.750  1023.1220  47740.290    30.4966     13.633    6.20129    12.1368    12.1862    23.0602   11.26277 3.1210e+01     13.761 0.0000e+00
        373 244.521921    0.02583     1.5500     93.000  1023.1407  47767.722    30.5137     13.891    6.20363    12.1132    12.1632    23.0777   11.26646 2.9541e+01     14.022 0.0000e+00
        374 244.521924    0.02590     1.5542     93.250  1023.1604  47796.665    30.5318     14.144    6.20614    12.0932    12.1386    23.0963   11.27042 2.7938e+01     14.277 0.0000e+00
        375 244.521927    0.02597     1.5583     93.500  1023.1795  47824.858    30.5494     14.391    6.20855    12.0776    12.1150    23.1143   11.27421 2.6432e+01     14.527 0.0000e+00
        376 244.521930    0.02604     1.5625     93.750  1023.1958  47848.605    30.5642     14.634    6.21059    12.0656    12.0950    23.1294   11.27741 2.5063e+01     14.773 0.0000e+00
        377 244.521933    0.02611     1.5667     94.000  1023.2082  47866.354    30.5752     14.874    6.21219    12.0555    12.0795    23.1408   11.27995 2.3845e+01     15.015 0.0000e+00
        378 244.521936    0.02618     1.5708     94.250  1023.2174  47878.888    30.5828     15.111    6.21347    12.0456    12.0675    23.1489   11.28198 2.2748e+01     15.254 0.0000e+00
        379 244.521939    0.02625     1.5750     94.500  1023.2243  47887.680    30.5880     15.348    6.21458    12.0337    12.0575    23.1548   11.28377 2.1727e+01     15.494 0.0000e+00
        380 244.521942    0.02632     1.5792     94.750  1023.2299  47894.015    30.5914     15.586    6.21575    12.0187    12.0476    23.1592   11.28567 2.0745e+01     15.734 0.0000e+00
        381 244.521944    0.02639     1.5833     95.000  1023.2359  47900.847    30.5950     15.828    6.21717    12.0018    12.0357    23.1642   11.28798 1.9782e+01     15.978 0.0000e+00
        382 244.521947    0.02646     1.5875     95.250  1023.2444  47911.395    30.6009     16.074    6.21890    11.9850    12.0207    23.1715   11.29079 1.8841e+01     16.227 0.0000e+00
        383 244.521950    0.02653     1.5917     95.500  1023.2547  47924.992    30.6088     16.327    6.22082    11.9696    12.0038    23.1807   11.29387 1.7940e+01     16.482 0.0000e+00
        384 244.521953    0.02660     1.5958     95.750  1023.2653  47938.923    30.6169     16.585    6.22270    11.9557    11.9871    23.1901   11.29690 1.7092e+01     16.742 0.0000e+00
        385 244.521956    0.02667     1.6000     96.000  1023.2749  47951.331    30.6241     16.849    6.22445    11.9425    11.9717    23.1984   11.29972 1.6298e+01     17.009 0.0000e+00
        386 244.521959    0.02674     1.6042     96.250  1023.2828  47961.016    30.6295     17.119    6.22607    11.9291    11.9578    23.2051   11.30234 1.5546e+01     17.282 0.0000e+00
        387 244.521962    0.02681     1.6083     96.500  1023.2893  47968.199    30.6331     17.396    6.22765    11.9150    11.9446    23.2104   11.30493 1.4818e+01     17.561 0.0000e+00
        388 244.521965    0.02688     1.6125     96.750  1023.2951  47973.938    30.6358     17.678    6.22931    11.8999    11.9313    23.2149   11.30764 1.4105e+01     17.846 0.0000e+00
        389 244.521968    0.02694     1.6167     97.000  1023.3006  47979.117    30.6379     17.965    6.23108    11.8844    11.9172    23.2191   11.31057 1.3405e+01     18.136 0.0000e+00
        390 244.521970    0.02701     1.6208     97.250  1023.3067  47985.155    30.6406     18.256    6.23296    11.8695    11.9022    23.2239   11.31366 1.2721e+01     18.429 0.0000e+00
        391 244.521973    0.02708     1.6250     97.500  1023.3139  47993.065    30.6446     18.547    6.23485    11.8565    11.8867    23.2298   11.31675 1.2062e+01     18.723 0.0000e+00
        392 244.521976    0.02715     1.6292     97.750  1023.3220  48002.745    30.6498     18.837    6.23661    11.8460    11.8718    23.2366   11.31960 1.1439e+01     19.015 0.0000e+00
        393 244.521979    0.02722     1.6333     98.000  1023.3301  48012.764    30.6555     19.124    6.23811    11.8381    11.8588    23.2433   11.32201 1.0856e+01     19.305 0.0000e+00
        394 244.521982    0.02729     1.6375     98.250  1023.3371  48021.317    30.6604     19.405    6.23929    11.8321    11.8484    23.2490   11.32392 1.0311e+01     19.589 0.0000e+00
        395 244.521985    0.02736     1.6417     98.500  1023.3424  48027.302    30.6637     19.680    6.24020    11.8270    11.8406    23.2530   11.32538 9.8061e+00     19.867 0.0000e+00
        396 244.521988    0.02743     1.6458     98.750  1023.3460  48030.713    30.6654     19.947    6.24093    11.8225    11.8346    23.2554   11.32657 9.3415e+00     20.137 0.0000e+00
        397 244.521991    0.02750     1.6500     99.000  1023.3489  48033.045    30.6665     20.206    6.24155    11.8186    11.8295    23.2572   11.32760 8.9158e+00     20.397 0.0000e+00
        398 244.521994    0.02757     1.6542     99.250  1023.3517  48035.403    30.6676     20.455    6.24210    11.8152    11.8250    23.2589   11.32850 8.5242e+00     20.649 0.0000e+00
        399 244.521997    0.02764     1.6583     99.500  1023.3544  48037.676    30.6687     20.697    6.24258    11.8121    11.8211    23.2604   11.32928 8.1600e+00     20.894 0.0000e+00
        400 244.521999    0.02771     1.6625     99.750  1023.3567  48039.414    30.6695     20.935    6.24299    11.8090    11.8177    23.2617   11.32996 7.8161e+00     21.134 0.0000e+00
        401 244.522002    0.02778     1.6667    100.000  1023.3586  48040.341    30.6698     21.170    6.24338    11.8056    11.8147    23.2624   11.33060 7.4871e+00     21.371 0.0000e+00
        402 244.522005    0.02785     1.6708    100.250  1023.3602  48040.996    30.6699     21.405    6.24378    11.8022    11.8117    23.2630   11.33126 7.1700e+00     21.608 0.0000e+00
        403 244.522008    0.02792     1.6750    100.500  1023.3624  48042.478    30.6705     21.642    6.24420    11.7992    11.8083    23.2641   11.33195 6.8623e+00     21.847 0.0000e+00
        404 244.522011    0.02799     1.6792    100.750  1023.3651  48044.916    30.6718     21.882    6.24460    11.7968    11.8049    23.2657   11.33260 6.5621e+00     22.089 0.0000e+00
        405 244.522014    0.02806     1.6833    101.000  1023.3677  48047.312    30.6731     22.126    6.24494    11.7947    11.8020    23.2673   11.33315 6.2693e+00     22.336 0.0000e+00
        406 244.522017    0.02813     1.6875    101.250  1023.3700  48049.063    30.6740     22.375    6.24522    11.7927    11.7996    23.2684   11.33360 5.9850e+00     22.587 0.0000e+00
        407 244.522020    0.02819     1.6917    101.500  1023.3720  48050.380    30.6746     22.629    6.24547    11.7906    11.7975    23.2693   11.33401 5.7107e+00     22.844 0.0000e+00
        408 244.522023    0.02826     1.6958    101.750  1023.3740  48051.647    30.6752     22.888    6.24571    11.7885    11.7955    23.2701   11.33440 5.4485e+00     23.105 0.0000e+00
        409 244.522025    0.02833     1.7000    102.000  1023.3761  48053.001    30.6758     23.151    6.24596    11.7863    11.7935    23.2710   11.33480 5.1997e+00     23.370 0.0000e+00
        410 244.522028    0.02840     1.7042    102.250  1023.3782  48054.340    30.6765     23.415    6.24621    11.7840    11.7914    23.2719   11.33521 4.9640e+00     23.638 0.0000e+00
        411 244.522031    0.02847     1.7083    102.500  1023.3802  48055.585    30.6770     23.681    6.24647    11.7815    11.7893    23.2727   11.33564 4.7421e+00     23.906 0.0000e+00
        412 244.522034    0.02854     1.7125    102.750  1023.3822  48056.746    30.6775     23.945    6.24676    11.7788    11.7870    23.2735   11.33611 4.5341e+00     24.172 0.0000e+00
        413 244.522037    0.02861     1.7167    103.000  1023.3842  48057.799    30.6779     24.207    6.24707    11.7760    11.7845    23.2742   11.33662 4.3392e+00     24.436 0.0000e+00
        414 244.522040    0.02868     1.7208    103.250  1023.3861  48058.890    30.6783     24.464    6.24740    11.7733    11.7819    23.2750   11.33717 4.1565e+00     24.696 0.0000e+00
        415 244.522043    0.02875     1.7250    103.500  1023.3883  48060.373    30.6790     24.717    6.24774    11.7708    11.7791    23.2761   11.33773 3.9850e+00     24.951 0.0000e+00
        416 244.522046    0.02882     1.7292    103.750  1023.3907  48062.260    30.6799     24.965    6.24807    11.7688    11.7764    23.2773   11.33825 3.8234e+00     25.202 0.0000e+00
        417 244.522049    0.02889     1.7333    104.000  1023.3929  48064.058    30.6809     25.210    6.24835    11.7669    11.7740    23.2785   11.33871 3.6699e+00     25.449 0.0000e+00
        418 244.522052    0.02896     1.7375    104.250  1023.3949  48065.366    30.6815     25.451    6.24860    11.7651    11.7719    23.2793   11.33912 3.5232e+00     25.693 0.0000e+00
        419 244.522054    0.02903     1.7417    104.500  1023.3965  48066.169    30.6818     25.690    6.24883    11.7631    11.7701    23.2799   11.33949 3.3822e+00     25.934 0.0000e+00
        420 244.522057    0.02910     1.7458    104.750  1023.3980  48066.609    30.6818     25.927    6.24906    11.7609    11.7683    23.2802   11.33988 3.2465e+00     26.173 0.0000e+00
        421 244.522060    0.02917     1.7500    105.000  1023.3994  48066.981    30.6818     26.164    6.24932    11.7583    11.7664    23.2806   11.34031 3.1160e+00     26.413 0.0000e+00
        422 244.522063    0.02924     1.7542    105.250  1023.4009  48067.456    30.6818     26.401    6.24962    11.7553    11.7641    23.2810   11.34081 2.9907e+00     26.652 0.0000e+00
        423 244.522066    0.02931     1.7583    105.500  1023.4022  48067.668    30.6816     26.640    6.24996    11.7514    11.7616    23.2813   11.34138 2.8707e+00     26.893 0.0000e+00
        424 244.522069    0.02937     1.7625    105.750  1023.4034  48067.397    30.6810     26.880    6.25039    11.7465    11.7586    23.2814   11.34209 2.7560e+00     27.136 0.0000e+00
        425 244.522072    0.02944     1.7667    106.000  1023.4047  48067.202    30.6804     27.122    6.25092    11.7406    11.7547    23.2816   11.34298 2.6467e+00     27.380 0.0000e+00
