CTD-processing/allCTD/CNV--homogene/2016_04-10_t6_s16_cast186.cnv
* Sea-Bird SBE19plus Data File:
* FileName = C:\Users\Kris.Holderied\Documents\kasitsna\Research-KBL\Oceanography-AK\CTD-Data-ALL-to-2016-02\2016-CTD-KachemakBay-CookInlet\2016-04-CookInlet-quarterly\2016-04-10-CookInlet-Tran6-Douglas\2016-04-10-CookInlet-Tran6-cast186.hex
* Software Version 1.59
* Temperature SN =  5028
* Conductivity SN =  5028
* System UpLoad Time = Apr 11 2016 02:19:00
** Cook Inlet LTM Tran6 Douglas east to west
** Date (YYYY-MM-DD): 2016-04-10
** Station (ie. 9-01):  6-16
** Start time (AKST): 12:31
** Depth (m): 152
** Comment:  R/V Pandalus. Skipped stations.
** Comment:
# nquan = 17
# nvalues = 1047                        
# units = specified
# name 0 = scan: Scan Count
# name 1 = timeJ: Julian Days
# name 2 = timeH: Time, Elapsed [hours]
# name 3 = timeM: Time, Elapsed [minutes]
# name 4 = timeS: Time, Elapsed [seconds]
# name 5 = density00: Density [density, kg/m^3]
# name 6 = specc: Specific Conductance [uS/cm]
# name 7 = sal00: Salinity, Practical [PSU]
# name 8 = depSM: Depth [salt water, m], lat = 59.00
# name 9 = oxsolML/L: Oxygen Saturation, Garcia & Gordon [ml/l]
# name 10 = potemp090C: Potential Temperature [ITS-90, deg C]
# name 11 = tv290C: Temperature [ITS-90, deg C]
# name 12 = sigma-é00: Density [sigma-theta, kg/m^3]
# name 13 = n2satML/L: Nitrogen Saturation [ml/l]
# name 14 = par: PAR/Irradiance, Biospherical/Licor
# name 15 = prdM: Pressure, Strain Gauge [db]
# name 16 = flag:  0.000e+00
# span 0 =          1,       1047       
# span 1 = 101.521539, 101.524566       
# span 2 =    0.00000,    0.07264       
# span 3 =     0.0000,     4.3583       
# span 4 =      0.000,    261.500       
# span 5 =  1000.2607,  1025.8859       
# span 6 =   1016.069,  51193.217       
# span 7 =     0.4939,    32.0923       
# span 8 =     -0.233,    151.617       
# span 9 =    6.92370,    8.34396       
# span 10 =     6.5375,     7.6721      
# span 11 =     6.5433,     7.6730      
# span 12 =     0.2619,    25.1821      
# span 13 =   12.44115,   15.22304      
# span 14 = 3.7976e-02, 1.5614e+03      
# span 15 =     -0.235,    153.105      
# span 16 = 0.0000e+00, 0.0000e+00      
# interval = seconds: 0.25
# start_time = Apr 10 2016 12:31:01 [Instrument's time stamp, header]
# bad_flag = -9.990e-29
*END*
[from data line 171]
        172 101.522034    0.01188     0.7125     42.750  1025.1109  50950.761    32.0017      1.398    6.94308     6.6678     6.6402    25.1044   12.47287 6.4495e+02      1.412 0.0000e+00
        173 101.522037    0.01194     0.7167     43.000  1025.1092  50947.032    32.0012      1.431    6.94125     6.6831     6.6517    25.1026   12.46986 6.4579e+02      1.445 0.0000e+00
        174 101.522040    0.01201     0.7208     43.250  1025.0984  50926.699    31.9901      1.428    6.93914     6.6933     6.6679    25.0917   12.46651 6.2296e+02      1.442 0.0000e+00
        175 101.522043    0.01208     0.7250     43.500  1025.0832  50898.940    31.9736      1.391    6.93744     6.6967     6.6832    25.0768   12.46391 6.1490e+02      1.404 0.0000e+00
        176 101.522046    0.01215     0.7292     43.750  1025.0673  50870.169    31.9555      1.324    6.93663     6.6925     6.6934    25.0612   12.46280 6.3165e+02      1.337 0.0000e+00
        177 101.522049    0.01222     0.7333     44.000  1025.0538  50846.102    31.9394      1.241    6.93682     6.6812     6.6968    25.0481   12.46331 6.5324e+02      1.253 0.0000e+00
        178 101.522052    0.01229     0.7375     44.250  1025.0445  50829.871    31.9274      1.161    6.93806     6.6661     6.6926    25.0392   12.46551 6.5388e+02      1.172 0.0000e+00
        179 101.522054    0.01236     0.7417     44.500  1025.0416  50825.301    31.9221      1.103    6.94012     6.6517     6.6813    25.0365   12.46898 6.2252e+02      1.113 0.0000e+00
        180 101.522057    0.01243     0.7458     44.750  1025.0472  50836.203    31.9269      1.079    6.94232     6.6418     6.6662    25.0422   12.47256 5.8732e+02      1.089 0.0000e+00
        181 101.522060    0.01250     0.7500     45.000  1025.0611  50861.909    31.9422      1.086    6.94394     6.6390     6.6518    25.0561   12.47504 5.7372e+02      1.096 0.0000e+00
        182 101.522063    0.01257     0.7542     45.250  1025.0791  50894.973    31.9633      1.110    6.94457     6.6440     6.6419    25.0740   12.47581 5.7354e+02      1.120 0.0000e+00
        183 101.522066    0.01264     0.7583     45.500  1025.0929  50919.990    31.9802      1.134    6.94425     6.6543     6.6391    25.0877   12.47507 5.7991e+02      1.145 0.0000e+00
        184 101.522069    0.01271     0.7625     45.750  1025.0970  50927.079    31.9861      1.148    6.94317     6.6648     6.6441    25.0916   12.47320 5.9882e+02      1.158 0.0000e+00
        185 101.522072    0.01278     0.7667     46.000  1025.0939  50921.211    31.9839      1.144    6.94162     6.6723     6.6544    25.0886   12.47067 6.3160e+02      1.154 0.0000e+00
        186 101.522075    0.01285     0.7708     46.250  1025.0870  50908.322    31.9768      1.124    6.94024     6.6756     6.6649    25.0817   12.46849 6.5574e+02      1.135 0.0000e+00
        187 101.522078    0.01292     0.7750     46.500  1025.0773  50890.633    31.9659      1.097    6.93953     6.6741     6.6724    25.0721   12.46746 6.5185e+02      1.108 0.0000e+00
        188 101.522080    0.01299     0.7792     46.750  1025.0679  50873.665    31.9548      1.076    6.93951     6.6677     6.6757    25.0629   12.46756 6.4124e+02      1.086 0.0000e+00
        189 101.522083    0.01306     0.7833     47.000  1025.0619  50862.654    31.9468      1.073    6.94012     6.6579     6.6742    25.0569   12.46866 6.4209e+02      1.083 0.0000e+00
        190 101.522086    0.01313     0.7875     47.250  1025.0597  50858.681    31.9429      1.093    6.94133     6.6475     6.6678    25.0546   12.47071 6.3582e+02      1.104 0.0000e+00
        191 101.522089    0.01319     0.7917     47.500  1025.0618  50862.492    31.9437      1.139    6.94286     6.6389     6.6580    25.0565   12.47323 6.0930e+02      1.150 0.0000e+00
        192 101.522092    0.01326     0.7958     47.750  1025.0691  50875.717    31.9510      1.205    6.94422     6.6343     6.6476    25.0635   12.47538 5.8348e+02      1.216 0.0000e+00
        193 101.522095    0.01333     0.8000     48.000  1025.0820  50898.883    31.9655      1.279    6.94494     6.6357     6.6390    25.0760   12.47639 5.7617e+02      1.291 0.0000e+00
        194 101.522098    0.01340     0.8042     48.250  1025.0971  50926.041    31.9835      1.351    6.94485     6.6440     6.6344    25.0908   12.47601 5.7899e+02      1.363 0.0000e+00
        195 101.522101    0.01347     0.8083     48.500  1025.1068  50943.273    31.9957      1.407    6.94406     6.6570     6.6358    25.1002   12.47456 5.7605e+02      1.420 0.0000e+00
        196 101.522104    0.01354     0.8125     48.750  1025.1065  50942.241    31.9965      1.439    6.94269     6.6708     6.6441    25.0998   12.47230 5.7167e+02      1.452 0.0000e+00
        197 101.522106    0.01361     0.8167     49.000  1025.0984  50927.055    31.9883      1.440    6.94097     6.6817     6.6571    25.0917   12.46954 5.8615e+02      1.454 0.0000e+00
        198 101.522109    0.01368     0.8208     49.250  1025.0862  50904.582    31.9752      1.409    6.93935     6.6880     6.6709    25.0797   12.46704 6.0998e+02      1.423 0.0000e+00
        199 101.522112    0.01375     0.8250     49.500  1025.0728  50880.362    31.9604      1.349    6.93827     6.6886     6.6818    25.0666   12.46544 6.2376e+02      1.362 0.0000e+00
        200 101.522115    0.01382     0.8292     49.750  1025.0622  50861.435    31.9484      1.268    6.93781     6.6833     6.6881    25.0563   12.46483 6.4446e+02      1.280 0.0000e+00
        201 101.522118    0.01389     0.8333     50.000  1025.0569  50852.394    31.9423      1.177    6.93799     6.6737     6.6887    25.0514   12.46520 6.7374e+02      1.188 0.0000e+00
        202 101.522121    0.01396     0.8375     50.250  1025.0561  50851.735    31.9409      1.091    6.93890     6.6622     6.6835    25.0510   12.46672 6.8029e+02      1.102 0.0000e+00
        203 101.522124    0.01403     0.8417     50.500  1025.0582  50856.332    31.9424      1.024    6.94039     6.6514     6.6738    25.0534   12.46917 6.5828e+02      1.034 0.0000e+00
        204 101.522127    0.01410     0.8458     50.750  1025.0629  50865.657    31.9468      0.986    6.94204     6.6430     6.6623    25.0583   12.47183 6.3117e+02      0.996 0.0000e+00
        205 101.522130    0.01417     0.8500     51.000  1025.0713  50881.228    31.9556      0.980    6.94338     6.6385     6.6515    25.0667   12.47394 6.2169e+02      0.990 0.0000e+00
        206 101.522133    0.01424     0.8542     51.250  1025.0838  50904.180    31.9700      1.002    6.94407     6.6393     6.6431    25.0791   12.47491 6.3609e+02      1.012 0.0000e+00
        207 101.522135    0.01431     0.8583     51.500  1025.0982  50930.358    31.9874      1.041    6.94399     6.6461     6.6386    25.0934   12.47456 6.6684e+02      1.051 0.0000e+00
        208 101.522138    0.01438     0.8625     51.750  1025.1084  50948.519    32.0001      1.085    6.94328     6.6576     6.6394    25.1033   12.47322 6.9390e+02      1.095 0.0000e+00
        209 101.522141    0.01444     0.8667     52.000  1025.1092  50949.490    32.0021      1.127    6.94210     6.6704     6.6462    25.1039   12.47125 7.0377e+02      1.138 0.0000e+00
        210 101.522144    0.01451     0.8708     52.250  1025.1011  50934.099    31.9935      1.164    6.94063     6.6805     6.6577    25.0957   12.46893 7.0143e+02      1.175 0.0000e+00
        211 101.522147    0.01458     0.8750     52.500  1025.0880  50909.493    31.9787      1.196    6.93925     6.6857     6.6705    25.0824   12.46684 6.9007e+02      1.208 0.0000e+00
        212 101.522150    0.01465     0.8792     52.750  1025.0746  50884.484    31.9631      1.226    6.93834     6.6851     6.6806    25.0689   12.46552 6.7713e+02      1.238 0.0000e+00
        213 101.522153    0.01472     0.8833     53.000  1025.0652  50866.967    31.9519      1.258    6.93802     6.6797     6.6858    25.0593   12.46513 6.6572e+02      1.270 0.0000e+00
        214 101.522156    0.01479     0.8875     53.250  1025.0619  50860.630    31.9473      1.294    6.93832     6.6728     6.6852    25.0558   12.46570 6.4569e+02      1.307 0.0000e+00
        215 101.522159    0.01486     0.8917     53.500  1025.0653  50866.767    31.9506      1.337    6.93904     6.6679     6.6798    25.0591   12.46683 6.2342e+02      1.350 0.0000e+00
        216 101.522161    0.01493     0.8958     53.750  1025.0752  50884.577    31.9617      1.381    6.93965     6.6680     6.6729    25.0687   12.46771 6.1777e+02      1.394 0.0000e+00
        217 101.522164    0.01500     0.9000     54.000  1025.0869  50905.905    31.9756      1.417    6.93980     6.6740     6.6680    25.0803   12.46777 6.2257e+02      1.430 0.0000e+00
        218 101.522167    0.01507     0.9042     54.250  1025.0934  50917.484    31.9837      1.434    6.93941     6.6836     6.6681    25.0867   12.46703 6.2205e+02      1.447 0.0000e+00
        219 101.522170    0.01514     0.9083     54.500  1025.0905  50912.203    31.9811      1.422    6.93856     6.6925     6.6741    25.0839   12.46565 6.2517e+02      1.435 0.0000e+00
        220 101.522173    0.01521     0.9125     54.750  1025.0803  50893.614    31.9700      1.379    6.93753     6.6976     6.6837    25.0739   12.46410 6.4375e+02      1.392 0.0000e+00
        221 101.522176    0.01528     0.9167     55.000  1025.0671  50869.933    31.9552      1.307    6.93677     6.6970     6.6926    25.0611   12.46302 6.7244e+02      1.319 0.0000e+00
        222 101.522179    0.01535     0.9208     55.250  1025.0554  50849.189    31.9417      1.213    6.93656     6.6898     6.6977    25.0498   12.46286 7.0453e+02      1.224 0.0000e+00
        223 101.522182    0.01542     0.9250     55.500  1025.0474  50835.416    31.9321      1.108    6.93711     6.6771     6.6971    25.0423   12.46388 7.2274e+02      1.118 0.0000e+00
        224 101.522185    0.01549     0.9292     55.750  1025.0426  50827.598    31.9254      1.008    6.93857     6.6616     6.6899    25.0379   12.46638 7.1112e+02      1.017 0.0000e+00
        225 101.522188    0.01556     0.9333     56.000  1025.0409  50825.526    31.9216      0.929    6.94080     6.6463     6.6772    25.0366   12.47010 6.8936e+02      0.937 0.0000e+00
        226 101.522190    0.01563     0.9375     56.250  1025.0434  50830.884    31.9225      0.885    6.94325     6.6330     6.6617    25.0393   12.47415 6.7062e+02      0.893 0.0000e+00
        227 101.522193    0.01569     0.9417     56.500  1025.0499  50843.253    31.9283      0.885    6.94546     6.6228     6.6463    25.0458   12.47772 6.5155e+02      0.893 0.0000e+00
        228 101.522196    0.01576     0.9458     56.750  1025.0595  50860.770    31.9380      0.926    6.94715     6.6163     6.6330    25.0552   12.48040 6.2676e+02      0.935 0.0000e+00
        229 101.522199    0.01583     0.9500     57.000  1025.0716  50882.629    31.9513      1.001    6.94819     6.6142     6.6228    25.0670   12.48194 5.9061e+02      1.010 0.0000e+00
        230 101.522202    0.01590     0.9542     57.250  1025.0859  50908.163    31.9678      1.097    6.94847     6.6172     6.6164    25.0808   12.48220 5.6221e+02      1.108 0.0000e+00
        231 101.522205    0.01597     0.9583     57.500  1025.0995  50932.347    31.9842      1.201    6.94805     6.6256     6.6144    25.0940   12.48130 5.5938e+02      1.213 0.0000e+00
        232 101.522208    0.01604     0.9625     57.750  1025.1078  50946.475    31.9945      1.299    6.94709     6.6377     6.6174    25.1017   12.47959 5.8364e+02      1.312 0.0000e+00
        233 101.522211    0.01611     0.9667     58.000  1025.1090  50947.912    31.9970      1.378    6.94564     6.6511     6.6257    25.1026   12.47715 6.2898e+02      1.391 0.0000e+00
        234 101.522214    0.01618     0.9708     58.250  1025.1057  50941.000    31.9945      1.429    6.94379     6.6632     6.6379    25.0990   12.47413 6.7831e+02      1.442 0.0000e+00
        235 101.522216    0.01625     0.9750     58.500  1025.0986  50927.503    31.9876      1.446    6.94195     6.6720     6.6513    25.0919   12.47118 7.1811e+02      1.460 0.0000e+00
        236 101.522219    0.01632     0.9792     58.750  1025.0876  50907.137    31.9756      1.429    6.94055     6.6765     6.6633    25.0809   12.46902 7.5001e+02      1.442 0.0000e+00
        237 101.522222    0.01639     0.9833     59.000  1025.0754  50885.100    31.9619      1.381    6.93975     6.6760     6.6722    25.0690   12.46787 7.8150e+02      1.394 0.0000e+00
        238 101.522225    0.01646     0.9875     59.250  1025.0670  50870.100    31.9523      1.310    6.93947     6.6708     6.6767    25.0609   12.46752 7.9370e+02      1.323 0.0000e+00
        239 101.522228    0.01653     0.9917     59.500  1025.0646  50866.312    31.9496      1.231    6.93967     6.6624     6.6761    25.0588   12.46789 7.7857e+02      1.243 0.0000e+00
        240 101.522231    0.01660     0.9958     59.750  1025.0674  50872.233    31.9528      1.155    6.94037     6.6534     6.6709    25.0620   12.46901 7.6418e+02      1.166 0.0000e+00
        241 101.522234    0.01667     1.0000     60.000  1025.0740  50885.068    31.9603      1.094    6.94138     6.6456     6.6625    25.0689   12.47058 7.4065e+02      1.104 0.0000e+00
        242 101.522237    0.01674     1.0042     60.250  1025.0833  50902.678    31.9709      1.053    6.94235     6.6398     6.6535    25.0784   12.47205 6.9370e+02      1.063 0.0000e+00
        243 101.522240    0.01681     1.0083     60.500  1025.0938  50922.168    31.9830      1.035    6.94305     6.6360     6.6456    25.0890   12.47307 6.4942e+02      1.045 0.0000e+00
        244 101.522242    0.01688     1.0125     60.750  1025.1035  50939.991    31.9943      1.039    6.94347     6.6342     6.6398    25.0987   12.47362 6.2487e+02      1.049 0.0000e+00
        245 101.522245    0.01694     1.0167     61.000  1025.1116  50954.727    32.0039      1.061    6.94365     6.6350     6.6360    25.1067   12.47379 6.1121e+02      1.070 0.0000e+00
        246 101.522248    0.01701     1.0208     61.250  1025.1184  50966.869    32.0120      1.093    6.94356     6.6396     6.6343    25.1133   12.47354 5.9673e+02      1.104 0.0000e+00
        247 101.522251    0.01708     1.0250     61.500  1025.1235  50975.778    32.0183      1.132    6.94313     6.6487     6.6351    25.1182   12.47275 5.9354e+02      1.143 0.0000e+00
        248 101.522254    0.01715     1.0292     61.750  1025.1249  50977.986    32.0207      1.172    6.94229     6.6613     6.6397    25.1195   12.47132 6.0725e+02      1.183 0.0000e+00
        249 101.522257    0.01722     1.0333     62.000  1025.1205  50969.362    32.0163      1.211    6.94102     6.6743     6.6488    25.1149   12.46929 6.2142e+02      1.222 0.0000e+00
        250 101.522260    0.01729     1.0375     62.250  1025.1102  50949.948    32.0051      1.244    6.93951     6.6848     6.6614    25.1044   12.46693 6.3117e+02      1.255 0.0000e+00
        251 101.522263    0.01736     1.0417     62.500  1025.0965  50924.390    31.9897      1.268    6.93811     6.6906     6.6745    25.0906   12.46481 6.3545e+02      1.279 0.0000e+00
        252 101.522266    0.01743     1.0458     62.750  1025.0830  50899.274    31.9742      1.284    6.93714     6.6908     6.6849    25.0770   12.46340 6.2523e+02      1.296 0.0000e+00
        253 101.522269    0.01750     1.0500     63.000  1025.0736  50881.805    31.9631      1.294    6.93671     6.6863     6.6907    25.0676   12.46283 6.0659e+02      1.306 0.0000e+00
        254 101.522271    0.01757     1.0542     63.250  1025.0710  50877.048    31.9598      1.300    6.93683     6.6804     6.6909    25.0650   12.46306 5.9564e+02      1.312 0.0000e+00
        255 101.522274    0.01764     1.0583     63.500  1025.0756  50885.527    31.9649      1.302    6.93732     6.6769     6.6864    25.0695   12.46381 5.9075e+02      1.314 0.0000e+00
