CTD-processing/allCTD/CNV--homogene/2016_04-11_t4_s10_cast220.cnv
* Sea-Bird SBE19plus Data File:
* FileName = C:\Users\Kris.Holderied\Documents\kasitsna\Research-KBL\Oceanography-AK\CTD-Data-ALL-to-2016-02\2016-CTD-KachemakBay-CookInlet\2016-04-CookInlet-quarterly\2016-04-11-CookInlet-Tran4-Barabara\2016-04-11-CookInlet-Tran4-cast220.hex
* Software Version 1.59
* Temperature SN =  5028
* Conductivity SN =  5028
* System UpLoad Time = May 12 2016 11:41:34
** Cook Inlet LTM Tran4 Barabara south to north
** Date (YYYY-MM-DD): 2016-04-11
** Station (ie. 9-01): 4-10
** Start time (AKST): 15:14
** Depth (m): 14
** Comment:  R/V Pandalus.
** Comment:
# nquan = 17
# nvalues = 357                         
# units = specified
# name 0 = scan: Scan Count
# name 1 = timeJ: Julian Days
# name 2 = timeH: Time, Elapsed [hours]
# name 3 = timeM: Time, Elapsed [minutes]
# name 4 = timeS: Time, Elapsed [seconds]
# name 5 = density00: Density [density, kg/m^3]
# name 6 = specc: Specific Conductance [uS/cm]
# name 7 = sal00: Salinity, Practical [PSU]
# name 8 = depSM: Depth [salt water, m], lat = 59.00
# name 9 = oxsolML/L: Oxygen Saturation, Garcia & Gordon [ml/l]
# name 10 = potemp090C: Potential Temperature [ITS-90, deg C]
# name 11 = tv290C: Temperature [ITS-90, deg C]
# name 12 = sigma-é00: Density [sigma-theta, kg/m^3]
# name 13 = n2satML/L: Nitrogen Saturation [ml/l]
# name 14 = par: PAR/Irradiance, Biospherical/Licor
# name 15 = prdM: Pressure, Strain Gauge [db]
# name 16 = flag:  0.000e+00
# span 0 =          1,        357       
# span 1 = 102.634502, 102.635532       
# span 2 =    0.00000,    0.02472       
# span 3 =     0.0000,     1.4833       
# span 4 =      0.000,     89.000       
# span 5 =  1001.0493,  1024.3540       
# span 6 =   2768.831,  49483.144       
# span 7 =     1.3960,    30.8823       
# span 8 =     -0.175,     14.592       
# span 9 =    7.06997,    8.59761       
# span 10 =     6.1223,     6.1900      
# span 11 =     6.1234,     6.1901      
# span 12 =     1.0501,    24.2859      
# span 13 =   12.69713,   15.66399      
# span 14 = 3.6124e+00, 3.5219e+02      
# span 15 =     -0.177,     14.731      
# span 16 = 0.0000e+00, 0.0000e+00      
# interval = seconds: 0.25
# start_time = Apr 11 2016 15:13:41 [Instrument's time stamp, header]
# bad_flag = -9.990e-29
*END*
[from data line 171]
        172 102.634997    0.01188     0.7125     42.750  1024.2564  49412.263    30.8484      0.611    7.07365     6.1693     6.1685    24.2536   12.70324 2.2871e+02      0.616 0.0000e+00
        173 102.635000    0.01194     0.7167     43.000  1024.2562  49411.883    30.8482      0.608    7.07361     6.1700     6.1688    24.2534   12.70318 2.2878e+02      0.613 0.0000e+00
        174 102.635003    0.01201     0.7208     43.250  1024.2559  49411.219    30.8478      0.613    7.07354     6.1706     6.1693    24.2531   12.70307 2.2754e+02      0.618 0.0000e+00
        175 102.635006    0.01208     0.7250     43.500  1024.2555  49410.282    30.8473      0.627    7.07346     6.1710     6.1700    24.2526   12.70294 2.2543e+02      0.633 0.0000e+00
        176 102.635009    0.01215     0.7292     43.750  1024.2552  49409.466    30.8468      0.647    7.07337     6.1712     6.1707    24.2521   12.70280 2.2316e+02      0.653 0.0000e+00
        177 102.635012    0.01222     0.7333     44.000  1024.2551  49409.203    30.8467      0.669    7.07331     6.1710     6.1711    24.2520   12.70270 2.2175e+02      0.676 0.0000e+00
        178 102.635014    0.01229     0.7375     44.250  1024.2554  49409.595    30.8470      0.688    7.07327     6.1706     6.1712    24.2522   12.70264 2.2136e+02      0.694 0.0000e+00
        179 102.635017    0.01236     0.7417     44.500  1024.2559  49410.465    30.8476      0.699    7.07327     6.1702     6.1711    24.2527   12.70263 2.2156e+02      0.705 0.0000e+00
        180 102.635020    0.01243     0.7458     44.750  1024.2565  49411.480    30.8482      0.698    7.07330     6.1699     6.1707    24.2532   12.70267 2.2245e+02      0.705 0.0000e+00
        181 102.635023    0.01250     0.7500     45.000  1024.2568  49412.268    30.8487      0.686    7.07335     6.1699     6.1703    24.2536   12.70274 2.2372e+02      0.693 0.0000e+00
        182 102.635026    0.01257     0.7542     45.250  1024.2569  49412.623    30.8489      0.664    7.07338     6.1702     6.1700    24.2538   12.70279 2.2561e+02      0.671 0.0000e+00
        183 102.635029    0.01264     0.7583     45.500  1024.2568  49412.547    30.8488      0.637    7.07339     6.1709     6.1700    24.2538   12.70281 2.2890e+02      0.643 0.0000e+00
        184 102.635032    0.01271     0.7625     45.750  1024.2564  49412.071    30.8485      0.610    7.07337     6.1722     6.1702    24.2535   12.70277 2.3205e+02      0.616 0.0000e+00
        185 102.635035    0.01278     0.7667     46.000  1024.2558  49411.089    30.8480      0.591    7.07328     6.1739     6.1709    24.2530   12.70263 2.3291e+02      0.596 0.0000e+00
        186 102.635038    0.01285     0.7708     46.250  1024.2549  49409.442    30.8471      0.584    7.07311     6.1757     6.1722    24.2522   12.70236 2.3195e+02      0.590 0.0000e+00
        187 102.635041    0.01292     0.7750     46.500  1024.2538  49407.204    30.8459      0.592    7.07288     6.1772     6.1739    24.2510   12.70199 2.2970e+02      0.598 0.0000e+00
        188 102.635043    0.01299     0.7792     46.750  1024.2525  49404.724    30.8445      0.612    7.07264     6.1782     6.1757    24.2497   12.70162 2.2606e+02      0.618 0.0000e+00
        189 102.635046    0.01306     0.7833     47.000  1024.2515  49402.487    30.8432      0.639    7.07245     6.1787     6.1772    24.2485   12.70132 2.2250e+02      0.645 0.0000e+00
        190 102.635049    0.01313     0.7875     47.250  1024.2508  49401.031    30.8424      0.665    7.07232     6.1786     6.1782    24.2477   12.70112 2.2023e+02      0.672 0.0000e+00
        191 102.635052    0.01319     0.7917     47.500  1024.2508  49400.768    30.8423      0.686    7.07225     6.1779     6.1787    24.2475   12.70100 2.1886e+02      0.693 0.0000e+00
        192 102.635055    0.01326     0.7958     47.750  1024.2514  49401.754    30.8430      0.697    7.07224     6.1769     6.1786    24.2481   12.70098 2.1839e+02      0.703 0.0000e+00
        193 102.635058    0.01333     0.8000     48.000  1024.2523  49403.515    30.8441      0.696    7.07231     6.1760     6.1779    24.2490   12.70108 2.1930e+02      0.702 0.0000e+00
        194 102.635061    0.01340     0.8042     48.250  1024.2532  49405.325    30.8452      0.683    7.07242     6.1755     6.1769    24.2500   12.70124 2.2124e+02      0.689 0.0000e+00
        195 102.635064    0.01347     0.8083     48.500  1024.2538  49406.712    30.8460      0.663    7.07252     6.1753     6.1760    24.2507   12.70141 2.2363e+02      0.669 0.0000e+00
        196 102.635067    0.01354     0.8125     48.750  1024.2542  49407.592    30.8465      0.640    7.07259     6.1756     6.1755    24.2512   12.70152 2.2630e+02      0.646 0.0000e+00
        197 102.635069    0.01361     0.8167     49.000  1024.2544  49408.013    30.8467      0.620    7.07260     6.1762     6.1753    24.2514   12.70153 2.2842e+02      0.625 0.0000e+00
        198 102.635072    0.01368     0.8208     49.250  1024.2542  49407.865    30.8467      0.606    7.07256     6.1770     6.1756    24.2514   12.70147 2.2899e+02      0.612 0.0000e+00
        199 102.635075    0.01375     0.8250     49.500  1024.2538  49407.011    30.8462      0.603    7.07248     6.1778     6.1762    24.2509   12.70134 2.2820e+02      0.608 0.0000e+00
        200 102.635078    0.01382     0.8292     49.750  1024.2531  49405.705    30.8454      0.610    7.07238     6.1783     6.1771    24.2502   12.70118 2.2683e+02      0.615 0.0000e+00
        201 102.635081    0.01389     0.8333     50.000  1024.2526  49404.560    30.8448      0.626    7.07228     6.1785     6.1779    24.2496   12.70103 2.2502e+02      0.631 0.0000e+00
        202 102.635084    0.01396     0.8375     50.250  1024.2524  49404.023    30.8445      0.647    7.07221     6.1783     6.1784    24.2493   12.70092 2.2299e+02      0.652 0.0000e+00
        203 102.635087    0.01403     0.8417     50.500  1024.2526  49404.160    30.8446      0.668    7.07218     6.1779     6.1785    24.2494   12.70086 2.2169e+02      0.674 0.0000e+00
        204 102.635090    0.01410     0.8458     50.750  1024.2530  49404.813    30.8451      0.687    7.07218     6.1773     6.1784    24.2498   12.70085 2.2099e+02      0.693 0.0000e+00
        205 102.635093    0.01417     0.8500     51.000  1024.2536  49405.772    30.8456      0.699    7.07222     6.1767     6.1780    24.2503   12.70091 2.2063e+02      0.705 0.0000e+00
        206 102.635095    0.01424     0.8542     51.250  1024.2541  49406.806    30.8462      0.701    7.07229     6.1762     6.1774    24.2508   12.70102 2.2108e+02      0.708 0.0000e+00
        207 102.635098    0.01431     0.8583     51.500  1024.2546  49407.692    30.8467      0.694    7.07237     6.1758     6.1768    24.2513   12.70114 2.2251e+02      0.701 0.0000e+00
        208 102.635101    0.01438     0.8625     51.750  1024.2548  49408.298    30.8470      0.677    7.07244     6.1756     6.1763    24.2516   12.70125 2.2514e+02      0.684 0.0000e+00
        209 102.635104    0.01444     0.8667     52.000  1024.2549  49408.602    30.8472      0.654    7.07249     6.1756     6.1759    24.2518   12.70134 2.2843e+02      0.660 0.0000e+00
        210 102.635107    0.01451     0.8708     52.250  1024.2548  49408.687    30.8472      0.627    7.07252     6.1758     6.1757    24.2518   12.70139 2.3104e+02      0.633 0.0000e+00
        211 102.635110    0.01458     0.8750     52.500  1024.2546  49408.614    30.8472      0.603    7.07253     6.1763     6.1757    24.2518   12.70140 2.3297e+02      0.608 0.0000e+00
        212 102.635113    0.01465     0.8792     52.750  1024.2544  49408.302    30.8470      0.586    7.07250     6.1770     6.1759    24.2516   12.70136 2.3339e+02      0.591 0.0000e+00
        213 102.635116    0.01472     0.8833     53.000  1024.2540  49407.588    30.8466      0.580    7.07244     6.1777     6.1763    24.2513   12.70127 2.3155e+02      0.586 0.0000e+00
        214 102.635119    0.01479     0.8875     53.250  1024.2534  49406.482    30.8460      0.586    7.07236     6.1783     6.1770    24.2507   12.70114 2.2914e+02      0.592 0.0000e+00
        215 102.635122    0.01486     0.8917     53.500  1024.2529  49405.331    30.8453      0.602    7.07227     6.1785     6.1778    24.2501   12.70100 2.2687e+02      0.608 0.0000e+00
        216 102.635124    0.01493     0.8958     53.750  1024.2526  49404.564    30.8449      0.624    7.07220     6.1785     6.1783    24.2497   12.70088 2.2448e+02      0.630 0.0000e+00
        217 102.635127    0.01500     0.9000     54.000  1024.2526  49404.377    30.8448      0.647    7.07215     6.1782     6.1786    24.2496   12.70081 2.2252e+02      0.653 0.0000e+00
        218 102.635130    0.01507     0.9042     54.250  1024.2529  49404.770    30.8450      0.667    7.07215     6.1776     6.1786    24.2498   12.70080 2.2124e+02      0.673 0.0000e+00
        219 102.635133    0.01514     0.9083     54.500  1024.2534  49405.607    30.8455      0.681    7.07218     6.1770     6.1782    24.2502   12.70084 2.2073e+02      0.687 0.0000e+00
        220 102.635136    0.01521     0.9125     54.750  1024.2539  49406.642    30.8462      0.686    7.07225     6.1764     6.1776    24.2507   12.70094 2.2151e+02      0.692 0.0000e+00
        221 102.635139    0.01528     0.9167     55.000  1024.2544  49407.643    30.8467      0.683    7.07233     6.1759     6.1770    24.2513   12.70107 2.2359e+02      0.689 0.0000e+00
        222 102.635142    0.01535     0.9208     55.250  1024.2548  49408.478    30.8472      0.672    7.07240     6.1755     6.1764    24.2517   12.70119 2.2618e+02      0.678 0.0000e+00
        223 102.635145    0.01542     0.9250     55.500  1024.2551  49409.091    30.8475      0.655    7.07247     6.1753     6.1759    24.2521   12.70130 2.2875e+02      0.661 0.0000e+00
        224 102.635148    0.01549     0.9292     55.750  1024.2553  49409.520    30.8477      0.637    7.07252     6.1752     6.1756    24.2523   12.70138 2.3105e+02      0.643 0.0000e+00
        225 102.635150    0.01556     0.9333     56.000  1024.2554  49409.853    30.8479      0.620    7.07255     6.1752     6.1753    24.2525   12.70143 2.3276e+02      0.626 0.0000e+00
        226 102.635153    0.01563     0.9375     56.250  1024.2554  49410.056    30.8481      0.609    7.07256     6.1753     6.1752    24.2526   12.70145 2.3321e+02      0.615 0.0000e+00
        227 102.635156    0.01569     0.9417     56.500  1024.2554  49410.036    30.8481      0.606    7.07256     6.1755     6.1752    24.2526   12.70144 2.3225e+02      0.611 0.0000e+00
        228 102.635159    0.01576     0.9458     56.750  1024.2553  49409.800    30.8479      0.611    7.07254     6.1758     6.1754    24.2525   12.70142 2.3031e+02      0.616 0.0000e+00
        229 102.635162    0.01583     0.9500     57.000  1024.2551  49409.456    30.8477      0.622    7.07251     6.1759     6.1756    24.2523   12.70137 2.2747e+02      0.628 0.0000e+00
        230 102.635165    0.01590     0.9542     57.250  1024.2551  49409.203    30.8476      0.637    7.07248     6.1759     6.1758    24.2521   12.70133 2.2456e+02      0.643 0.0000e+00
        231 102.635168    0.01597     0.9583     57.500  1024.2552  49409.221    30.8477      0.652    7.07246     6.1757     6.1759    24.2521   12.70129 2.2257e+02      0.658 0.0000e+00
        232 102.635171    0.01604     0.9625     57.750  1024.2554  49409.481    30.8478      0.664    7.07245     6.1755     6.1759    24.2523   12.70128 2.2120e+02      0.670 0.0000e+00
        233 102.635174    0.01611     0.9667     58.000  1024.2556  49409.840    30.8481      0.671    7.07247     6.1753     6.1758    24.2525   12.70130 2.2058e+02      0.678 0.0000e+00
        234 102.635177    0.01618     0.9708     58.250  1024.2558  49410.190    30.8483      0.674    7.07250     6.1751     6.1756    24.2527   12.70134 2.2110e+02      0.680 0.0000e+00
        235 102.635179    0.01625     0.9750     58.500  1024.2560  49410.454    30.8484      0.671    7.07253     6.1750     6.1754    24.2528   12.70138 2.2229e+02      0.678 0.0000e+00
        236 102.635182    0.01632     0.9792     58.750  1024.2560  49410.602    30.8484      0.664    7.07255     6.1749     6.1752    24.2528   12.70143 2.2381e+02      0.671 0.0000e+00
        237 102.635185    0.01639     0.9833     59.000  1024.2560  49410.638    30.8484      0.654    7.07257     6.1749     6.1750    24.2528   12.70146 2.2528e+02      0.660 0.0000e+00
        238 102.635188    0.01646     0.9875     59.250  1024.2559  49410.583    30.8484      0.643    7.07258     6.1749     6.1750    24.2528   12.70149 2.2697e+02      0.649 0.0000e+00
        239 102.635191    0.01653     0.9917     59.500  1024.2557  49410.476    30.8483      0.632    7.07259     6.1749     6.1750    24.2528   12.70150 2.2908e+02      0.638 0.0000e+00
        240 102.635194    0.01660     0.9958     59.750  1024.2556  49410.368    30.8482      0.622    7.07260     6.1749     6.1750    24.2527   12.70151 2.3039e+02      0.628 0.0000e+00
        241 102.635197    0.01667     1.0000     60.000  1024.2556  49410.286    30.8482      0.617    7.07260     6.1749     6.1750    24.2527   12.70151 2.3063e+02      0.622 0.0000e+00
        242 102.635200    0.01674     1.0042     60.250  1024.2555  49410.217    30.8481      0.615    7.07260     6.1749     6.1750    24.2526   12.70151 2.3053e+02      0.621 0.0000e+00
        243 102.635203    0.01681     1.0083     60.500  1024.2555  49410.128    30.8481      0.617    7.07260     6.1749     6.1750    24.2526   12.70151 2.3027e+02      0.623 0.0000e+00
        244 102.635205    0.01688     1.0125     60.750  1024.2555  49410.061    30.8480      0.623    7.07260     6.1749     6.1750    24.2526   12.70152 2.2921e+02      0.629 0.0000e+00
        245 102.635208    0.01694     1.0167     61.000  1024.2555  49410.044    30.8480      0.631    7.07260     6.1749     6.1750    24.2525   12.70152 2.2754e+02      0.637 0.0000e+00
        246 102.635211    0.01701     1.0208     61.250  1024.2555  49410.013    30.8480      0.640    7.07260     6.1750     6.1750    24.2525   12.70151 2.2623e+02      0.647 0.0000e+00
        247 102.635214    0.01708     1.0250     61.500  1024.2556  49409.966    30.8480      0.651    7.07260     6.1750     6.1750    24.2525   12.70151 2.2525e+02      0.657 0.0000e+00
        248 102.635217    0.01715     1.0292     61.750  1024.2556  49409.943    30.8480      0.660    7.07260     6.1750     6.1751    24.2525   12.70150 2.2474e+02      0.666 0.0000e+00
        249 102.635220    0.01722     1.0333     62.000  1024.2556  49409.927    30.8479      0.667    7.07260     6.1749     6.1751    24.2525   12.70150 2.2519e+02      0.673 0.0000e+00
        250 102.635223    0.01729     1.0375     62.250  1024.2556  49409.941    30.8479      0.669    7.07260     6.1749     6.1750    24.2525   12.70151 2.2644e+02      0.675 0.0000e+00
        251 102.635226    0.01736     1.0417     62.500  1024.2556  49410.024    30.8480      0.665    7.07260     6.1750     6.1750    24.2525   12.70151 2.2862e+02      0.672 0.0000e+00
        252 102.635229    0.01743     1.0458     62.750  1024.2556  49410.102    30.8480      0.656    7.07260     6.1750     6.1750    24.2526   12.70151 2.3129e+02      0.663 0.0000e+00
        253 102.635231    0.01750     1.0500     63.000  1024.2556  49410.119    30.8481      0.644    7.07260     6.1751     6.1750    24.2526   12.70150 2.3295e+02      0.650 0.0000e+00
        254 102.635234    0.01757     1.0542     63.250  1024.2556  49410.150    30.8481      0.631    7.07259     6.1753     6.1751    24.2526   12.70149 2.3369e+02      0.637 0.0000e+00
        255 102.635237    0.01764     1.0583     63.500  1024.2556  49410.220    30.8482      0.621    7.07257     6.1756     6.1752    24.2527   12.70145 2.3437e+02      0.627 0.0000e+00
