CTD-processing/allCTD/CNV--homogene/2017_07-26_alongbay_portgraham_cast244.cnv
* Sea-Bird SBE19plus Data File:
* FileName = C:\Users\Kim.Powell\Desktop\2017_07-26\2017_07-26_TRANSECT_STATION_cast244.hex
* Software Version 1.59
* Temperature SN =  4141
* Conductivity SN =  4141
* System UpLoad Time = Aug 04 2017 16:23:32
** 2017_07-26
** Transect: AlongBay
** Station: PortGraham
** Start Time: 10:46
** Depth(m): 64
** Comment:
** Comment:
# nquan = 17
# nvalues = 564                         
# units = specified
# name 0 = scan: Scan Count
# name 1 = timeJ: Julian Days
# name 2 = timeH: Time, Elapsed [hours]
# name 3 = timeM: Time, Elapsed [minutes]
# name 4 = timeS: Time, Elapsed [seconds]
# name 5 = density00: Density [density, kg/m^3]
# name 6 = specc: Specific Conductance [uS/cm]
# name 7 = sal00: Salinity, Practical [PSU]
# name 8 = depSM: Depth [salt water, m], lat = 59.00
# name 9 = oxsolML/L: Oxygen Saturation, Garcia & Gordon [ml/l]
# name 10 = potemp090C: Potential Temperature [ITS-90, deg C]
# name 11 = tv290C: Temperature [ITS-90, deg C]
# name 12 = sigma-é00: Density [sigma-theta, kg/m^3]
# name 13 = n2satML/L: Nitrogen Saturation [ml/l]
# name 14 = par: PAR/Irradiance, Biospherical/Licor
# name 15 = prdM: Pressure, Strain Gauge [db]
# name 16 = flag:  0.000e+00
# span 0 =          1,        564       
# span 1 = 207.448935, 207.450564       
# span 2 =    0.00000,    0.03910       
# span 3 =     0.0000,     2.3458       
# span 4 =      0.000,    140.750       
# span 5 =  1024.2078,  1024.6565       
# span 6 =  49438.206,  49853.890       
# span 7 =    31.4296,    31.6925       
# span 8 =      0.673,     57.776       
# span 9 =    6.49537,    6.53082       
# span 10 =     9.4560,     9.7055      
# span 11 =     9.4584,     9.7573      
# span 12 =    24.2047,    24.4477      
# span 13 =   11.73716,   11.79585      
# span 14 = 6.9961e-02, 1.6806e+02      
# span 15 =      0.679,     58.330      
# span 16 = 0.0000e+00, 0.0000e+00      
# interval = seconds: 0.25
# start_time = Jul 26 2017 10:46:28 [Instrument's time stamp, header]
# bad_flag = -9.990e-29
*END*
[from data line 341]
        342 207.449922    0.02368     1.4208     85.250  1024.4642  49755.393    31.6072     15.918    6.53064     9.4580     9.4597    24.3912   11.79555 1.4738e+01     16.068 0.0000e+00
        343 207.449925    0.02375     1.4250     85.500  1024.4654  49755.678    31.6073     16.159    6.53063     9.4580     9.4597    24.3913   11.79554 1.4264e+01     16.312 0.0000e+00
        344 207.449928    0.02382     1.4292     85.750  1024.4665  49755.917    31.6074     16.385    6.53062     9.4581     9.4598    24.3913   11.79553 1.3845e+01     16.541 0.0000e+00
        345 207.449931    0.02389     1.4333     86.000  1024.4674  49756.043    31.6074     16.589    6.53062     9.4581     9.4598    24.3913   11.79553 1.3489e+01     16.746 0.0000e+00
        346 207.449933    0.02396     1.4375     86.250  1024.4682  49756.071    31.6074     16.767    6.53062     9.4581     9.4598    24.3913   11.79552 1.3190e+01     16.926 0.0000e+00
        347 207.449936    0.02403     1.4417     86.500  1024.4688  49756.047    31.6073     16.926    6.53062     9.4580     9.4599    24.3912   11.79552 1.2922e+01     17.087 0.0000e+00
        348 207.449939    0.02410     1.4458     86.750  1024.4695  49756.008    31.6072     17.078    6.53062     9.4579     9.4599    24.3912   11.79553 1.2655e+01     17.240 0.0000e+00
        349 207.449942    0.02417     1.4500     87.000  1024.4701  49755.994    31.6071     17.237    6.53063     9.4577     9.4599    24.3911   11.79554 1.2366e+01     17.401 0.0000e+00
        350 207.449945    0.02424     1.4542     87.250  1024.4709  49756.037    31.6071     17.417    6.53064     9.4575     9.4598    24.3911   11.79557 1.2040e+01     17.582 0.0000e+00
        351 207.449948    0.02431     1.4583     87.500  1024.4719  49756.122    31.6070     17.624    6.53067     9.4573     9.4596    24.3910   11.79561 1.1677e+01     17.790 0.0000e+00
        352 207.449951    0.02438     1.4625     87.750  1024.4729  49756.259    31.6069     17.857    6.53070     9.4570     9.4594    24.3910   11.79566 1.1286e+01     18.026 0.0000e+00
        353 207.449954    0.02444     1.4667     88.000  1024.4741  49756.506    31.6070     18.106    6.53073     9.4568     9.4592    24.3911   11.79571 1.0894e+01     18.278 0.0000e+00
        354 207.449957    0.02451     1.4708     88.250  1024.4754  49756.856    31.6071     18.353    6.53076     9.4566     9.4590    24.3912   11.79575 1.0529e+01     18.527 0.0000e+00
        355 207.449959    0.02458     1.4750     88.500  1024.4766  49757.207    31.6072     18.579    6.53078     9.4565     9.4588    24.3914   11.79579 1.0218e+01     18.755 0.0000e+00
        356 207.449962    0.02465     1.4792     88.750  1024.4775  49757.499    31.6073     18.771    6.53080     9.4564     9.4587    24.3915   11.79582 9.9695e+00     18.949 0.0000e+00
        357 207.449965    0.02472     1.4833     89.000  1024.4783  49757.750    31.6074     18.929    6.53081     9.4564     9.4586    24.3916   11.79584 9.7706e+00     19.108 0.0000e+00
        358 207.449968    0.02479     1.4875     89.250  1024.4790  49757.959    31.6075     19.065    6.53081     9.4564     9.4585    24.3916   11.79584 9.5937e+00     19.245 0.0000e+00
        359 207.449971    0.02486     1.4917     89.500  1024.4797  49758.120    31.6076     19.197    6.53081     9.4564     9.4585    24.3917   11.79585 9.4070e+00     19.379 0.0000e+00
        360 207.449974    0.02493     1.4958     89.750  1024.4804  49758.235    31.6076     19.347    6.53081     9.4563     9.4584    24.3917   11.79585 9.1868e+00     19.530 0.0000e+00
        361 207.449977    0.02500     1.5000     90.000  1024.4813  49758.339    31.6075     19.530    6.53082     9.4563     9.4584    24.3917   11.79585 8.9251e+00     19.715 0.0000e+00
        362 207.449980    0.02507     1.5042     90.250  1024.4823  49758.483    31.6075     19.748    6.53082     9.4563     9.4584    24.3917   11.79585 8.6291e+00     19.935 0.0000e+00
        363 207.449983    0.02514     1.5083     90.500  1024.4834  49758.666    31.6076     19.991    6.53082     9.4563     9.4584    24.3918   11.79585 8.3193e+00     20.181 0.0000e+00
        364 207.449986    0.02521     1.5125     90.750  1024.4845  49758.846    31.6076     20.241    6.53081     9.4563     9.4585    24.3918   11.79584 8.0212e+00     20.433 0.0000e+00
        365 207.449988    0.02528     1.5167     91.000  1024.4856  49758.997    31.6076     20.481    6.53081     9.4563     9.4585    24.3918   11.79584 7.7520e+00     20.675 0.0000e+00
        366 207.449991    0.02535     1.5208     91.250  1024.4866  49759.116    31.6076     20.700    6.53081     9.4563     9.4585    24.3918   11.79583 7.5164e+00     20.897 0.0000e+00
        367 207.449994    0.02542     1.5250     91.500  1024.4875  49759.216    31.6076     20.900    6.53080     9.4563     9.4585    24.3918   11.79582 7.3089e+00     21.098 0.0000e+00
        368 207.449997    0.02549     1.5292     91.750  1024.4884  49759.333    31.6076     21.086    6.53080     9.4563     9.4585    24.3918   11.79582 7.1190e+00     21.286 0.0000e+00
        369 207.450000    0.02556     1.5333     92.000  1024.4893  49759.479    31.6076     21.268    6.53079     9.4563     9.4585    24.3918   11.79581 6.9369e+00     21.470 0.0000e+00
        370 207.450003    0.02562     1.5375     92.250  1024.4901  49759.640    31.6077     21.450    6.53079     9.4564     9.4586    24.3918   11.79580 6.7582e+00     21.654 0.0000e+00
        371 207.450006    0.02569     1.5417     92.500  1024.4910  49759.785    31.6077     21.633    6.53078     9.4564     9.4586    24.3918   11.79578 6.5849e+00     21.839 0.0000e+00
        372 207.450009    0.02576     1.5458     92.750  1024.4918  49759.893    31.6077     21.814    6.53077     9.4564     9.4587    24.3918   11.79577 6.4221e+00     22.021 0.0000e+00
        373 207.450012    0.02583     1.5500     93.000  1024.4926  49759.965    31.6077     21.987    6.53076     9.4565     9.4588    24.3918   11.79576 6.2711e+00     22.195 0.0000e+00
        374 207.450014    0.02590     1.5542     93.250  1024.4934  49760.024    31.6076     22.153    6.53076     9.4565     9.4588    24.3917   11.79575 6.1281e+00     22.363 0.0000e+00
        375 207.450017    0.02597     1.5583     93.500  1024.4941  49760.106    31.6076     22.318    6.53075     9.4566     9.4589    24.3917   11.79574 5.9859e+00     22.529 0.0000e+00
        376 207.450020    0.02604     1.5625     93.750  1024.4949  49760.215    31.6076     22.491    6.53074     9.4566     9.4589    24.3917   11.79572 5.8358e+00     22.704 0.0000e+00
        377 207.450023    0.02611     1.5667     94.000  1024.4957  49760.305    31.6076     22.681    6.53073     9.4567     9.4590    24.3917   11.79570 5.6722e+00     22.896 0.0000e+00
        378 207.450026    0.02618     1.5708     94.250  1024.4967  49760.362    31.6076     22.892    6.53072     9.4567     9.4591    24.3917   11.79569 5.4976e+00     23.109 0.0000e+00
        379 207.450029    0.02625     1.5750     94.500  1024.4977  49760.423    31.6076     23.118    6.53072     9.4566     9.4592    24.3917   11.79568 5.3211e+00     23.337 0.0000e+00
        380 207.450032    0.02632     1.5792     94.750  1024.4987  49760.508    31.6075     23.344    6.53072     9.4566     9.4592    24.3916   11.79568 5.1533e+00     23.566 0.0000e+00
        381 207.450035    0.02639     1.5833     95.000  1024.4996  49760.579    31.6075     23.558    6.53072     9.4565     9.4592    24.3916   11.79569 5.0029e+00     23.782 0.0000e+00
        382 207.450038    0.02646     1.5875     95.250  1024.5005  49760.628    31.6074     23.752    6.53073     9.4565     9.4591    24.3916   11.79570 4.8730e+00     23.977 0.0000e+00
        383 207.450041    0.02653     1.5917     95.500  1024.5013  49760.712    31.6074     23.924    6.53073     9.4564     9.4591    24.3916   11.79571 4.7589e+00     24.151 0.0000e+00
        384 207.450043    0.02660     1.5958     95.750  1024.5020  49760.859    31.6074     24.085    6.53074     9.4564     9.4590    24.3916   11.79572 4.6514e+00     24.314 0.0000e+00
        385 207.450046    0.02667     1.6000     96.000  1024.5028  49761.047    31.6075     24.248    6.53074     9.4563     9.4590    24.3917   11.79572 4.5421e+00     24.478 0.0000e+00
        386 207.450049    0.02674     1.6042     96.250  1024.5037  49761.249    31.6076     24.423    6.53074     9.4563     9.4590    24.3917   11.79572 4.4266e+00     24.654 0.0000e+00
        387 207.450052    0.02681     1.6083     96.500  1024.5046  49761.466    31.6076     24.615    6.53074     9.4563     9.4589    24.3918   11.79572 4.3050e+00     24.849 0.0000e+00
        388 207.450055    0.02688     1.6125     96.750  1024.5056  49761.686    31.6077     24.822    6.53074     9.4563     9.4589    24.3918   11.79572 4.1806e+00     25.058 0.0000e+00
        389 207.450058    0.02694     1.6167     97.000  1024.5066  49761.854    31.6077     25.035    6.53073     9.4563     9.4589    24.3918   11.79571 4.0596e+00     25.273 0.0000e+00
        390 207.450061    0.02701     1.6208     97.250  1024.5075  49761.925    31.6077     25.242    6.53073     9.4563     9.4590    24.3918   11.79571 3.9482e+00     25.482 0.0000e+00
        391 207.450064    0.02708     1.6250     97.500  1024.5083  49761.907    31.6076     25.433    6.53073     9.4563     9.4590    24.3917   11.79571 3.8498e+00     25.675 0.0000e+00
        392 207.450067    0.02715     1.6292     97.750  1024.5091  49761.889    31.6075     25.604    6.53072     9.4563     9.4591    24.3916   11.79571 3.7641e+00     25.848 0.0000e+00
        393 207.450069    0.02722     1.6333     98.000  1024.5097  49761.943    31.6075     25.758    6.53072     9.4563     9.4591    24.3916   11.79570 3.6875e+00     26.003 0.0000e+00
        394 207.450072    0.02729     1.6375     98.250  1024.5104  49762.045    31.6075     25.902    6.53072     9.4563     9.4591    24.3916   11.79569 3.6134e+00     26.148 0.0000e+00
        395 207.450075    0.02736     1.6417     98.500  1024.5111  49762.106    31.6075     26.049    6.53072     9.4563     9.4591    24.3916   11.79569 3.5344e+00     26.297 0.0000e+00
        396 207.450078    0.02743     1.6458     98.750  1024.5118  49762.107    31.6074     26.214    6.53072     9.4563     9.4591    24.3916   11.79570 3.4453e+00     26.464 0.0000e+00
        397 207.450081    0.02750     1.6500     99.000  1024.5126  49762.125    31.6073     26.404    6.53072     9.4562     9.4591    24.3916   11.79570 3.3461e+00     26.655 0.0000e+00
        398 207.450084    0.02757     1.6542     99.250  1024.5135  49762.195    31.6073     26.616    6.53073     9.4562     9.4591    24.3915   11.79571 3.2414e+00     26.869 0.0000e+00
        399 207.450087    0.02764     1.6583     99.500  1024.5146  49762.342    31.6073     26.839    6.53073     9.4561     9.4591    24.3915   11.79572 3.1377e+00     27.094 0.0000e+00
        400 207.450090    0.02771     1.6625     99.750  1024.5156  49762.580    31.6074     27.061    6.53073     9.4561     9.4590    24.3916   11.79572 3.0410e+00     27.319 0.0000e+00
        401 207.450093    0.02778     1.6667    100.000  1024.5167  49762.829    31.6074     27.274    6.53073     9.4561     9.4590    24.3917   11.79571 2.9533e+00     27.533 0.0000e+00
        402 207.450095    0.02785     1.6708    100.250  1024.5176  49762.994    31.6075     27.473    6.53073     9.4561     9.4590    24.3917   11.79570 2.8736e+00     27.734 0.0000e+00
        403 207.450098    0.02792     1.6750    100.500  1024.5184  49763.090    31.6074     27.658    6.53073     9.4561     9.4591    24.3917   11.79570 2.8010e+00     27.921 0.0000e+00
        404 207.450101    0.02799     1.6792    100.750  1024.5192  49763.192    31.6074     27.830    6.53072     9.4561     9.4591    24.3917   11.79570 2.7353e+00     28.095 0.0000e+00
        405 207.450104    0.02806     1.6833    101.000  1024.5200  49763.315    31.6075     27.992    6.53072     9.4561     9.4591    24.3917   11.79569 2.6759e+00     28.258 0.0000e+00
        406 207.450107    0.02813     1.6875    101.250  1024.5207  49763.447    31.6075     28.145    6.53071     9.4561     9.4592    24.3917   11.79568 2.6212e+00     28.412 0.0000e+00
        407 207.450110    0.02819     1.6917    101.500  1024.5214  49763.586    31.6075     28.293    6.53071     9.4561     9.4592    24.3917   11.79567 2.5688e+00     28.562 0.0000e+00
        408 207.450113    0.02826     1.6958    101.750  1024.5221  49763.745    31.6076     28.444    6.53071     9.4561     9.4592    24.3918   11.79567 2.5152e+00     28.714 0.0000e+00
        409 207.450116    0.02833     1.7000    102.000  1024.5229  49763.930    31.6076     28.606    6.53070     9.4561     9.4592    24.3918   11.79566 2.4571e+00     28.878 0.0000e+00
        410 207.450119    0.02840     1.7042    102.250  1024.5238  49764.104    31.6077     28.788    6.53070     9.4562     9.4592    24.3919   11.79566 2.3927e+00     29.061 0.0000e+00
        411 207.450122    0.02847     1.7083    102.500  1024.5248  49764.255    31.6077     28.995    6.53070     9.4563     9.4592    24.3919   11.79564 2.3223e+00     29.270 0.0000e+00
        412 207.450124    0.02854     1.7125    102.750  1024.5258  49764.429    31.6077     29.224    6.53068     9.4565     9.4593    24.3919   11.79562 2.2473e+00     29.502 0.0000e+00
        413 207.450127    0.02861     1.7167    103.000  1024.5270  49764.604    31.6078     29.467    6.53066     9.4566     9.4594    24.3919   11.79559 2.1704e+00     29.746 0.0000e+00
        414 207.450130    0.02868     1.7208    103.250  1024.5281  49764.689    31.6078     29.710    6.53064     9.4568     9.4596    24.3919   11.79555 2.0962e+00     29.993 0.0000e+00
        415 207.450133    0.02875     1.7250    103.500  1024.5290  49764.667    31.6077     29.946    6.53061     9.4568     9.4598    24.3918   11.79551 2.0282e+00     30.230 0.0000e+00
        416 207.450136    0.02882     1.7292    103.750  1024.5299  49764.623    31.6076     30.164    6.53060     9.4568     9.4599    24.3917   11.79548 1.9684e+00     30.450 0.0000e+00
        417 207.450139    0.02889     1.7333    104.000  1024.5307  49764.645    31.6075     30.361    6.53059     9.4567     9.4600    24.3916   11.79547 1.9171e+00     30.649 0.0000e+00
        418 207.450142    0.02896     1.7375    104.250  1024.5315  49764.719    31.6075     30.536    6.53059     9.4566     9.4600    24.3916   11.79548 1.8731e+00     30.826 0.0000e+00
        419 207.450145    0.02903     1.7417    104.500  1024.5323  49764.837    31.6075     30.693    6.53060     9.4565     9.4600    24.3916   11.79549 1.8340e+00     30.985 0.0000e+00
        420 207.450148    0.02910     1.7458    104.750  1024.5330  49764.977    31.6075     30.843    6.53061     9.4565     9.4599    24.3916   11.79550 1.7964e+00     31.136 0.0000e+00
        421 207.450150    0.02917     1.7500    105.000  1024.5337  49765.068    31.6075     30.997    6.53061     9.4564     9.4598    24.3916   11.79552 1.7567e+00     31.292 0.0000e+00
        422 207.450153    0.02924     1.7542    105.250  1024.5345  49765.156    31.6075     31.168    6.53062     9.4564     9.4598    24.3916   11.79553 1.7133e+00     31.465 0.0000e+00
        423 207.450156    0.02931     1.7583    105.500  1024.5354  49765.301    31.6075     31.361    6.53062     9.4563     9.4598    24.3917   11.79553 1.6666e+00     31.660 0.0000e+00
        424 207.450159    0.02937     1.7625    105.750  1024.5364  49765.439    31.6075     31.573    6.53062     9.4563     9.4598    24.3917   11.79554 1.6180e+00     31.873 0.0000e+00
        425 207.450162    0.02944     1.7667    106.000  1024.5374  49765.532    31.6074     31.790    6.53062     9.4563     9.4598    24.3916   11.79554 1.5702e+00     32.093 0.0000e+00
