CTD-processing/allCTD/CNV--homogene/2017_09-22_alongbay_skb06_cast029.cnv
* Sea-Bird SBE19plus Data File:
* FileName = C:\Users\Kim.Powell\Desktop\Not Processed\2017\2017_09-22\2017_09-22_TRANSECT_STATION_cast029.hex
* Software Version 1.59
* Temperature SN =  4141
* Conductivity SN =  4141
* System UpLoad Time = Oct 11 2017 10:38:22
** 2017_09-22
** Station: KB06
** Start Time: 12:01
** Depth (m): 97.5
** Comment:
** Comment:
# nquan = 17
# nvalues = 790                         
# units = specified
# name 0 = scan: Scan Count
# name 1 = timeJ: Julian Days
# name 2 = timeH: Time, Elapsed [hours]
# name 3 = timeM: Time, Elapsed [minutes]
# name 4 = timeS: Time, Elapsed [seconds]
# name 5 = density00: Density [density, kg/m^3]
# name 6 = specc: Specific Conductance [uS/cm]
# name 7 = sal00: Salinity, Practical [PSU]
# name 8 = depSM: Depth [salt water, m], lat = 59.00
# name 9 = oxsolML/L: Oxygen Saturation, Garcia & Gordon [ml/l]
# name 10 = potemp090C: Potential Temperature [ITS-90, deg C]
# name 11 = tv290C: Temperature [ITS-90, deg C]
# name 12 = sigma-é00: Density [sigma-theta, kg/m^3]
# name 13 = n2satML/L: Nitrogen Saturation [ml/l]
# name 14 = par: PAR/Irradiance, Biospherical/Licor
# name 15 = prdM: Pressure, Strain Gauge [db]
# name 16 = flag:  0.000e+00
# span 0 =          1,        790       
# span 1 = 265.500949, 265.503232       
# span 2 =    0.00000,    0.05479       
# span 3 =     0.0000,     3.2875       
# span 4 =      0.000,    197.250       
# span 5 =  1019.7249,  1023.7363       
# span 6 =  41369.908,  48052.307       
# span 7 =    25.9321,    30.5334       
# span 8 =      0.735,     84.330       
# span 9 =    6.36485,    6.54326       
# span 10 =    10.6955,    11.2165      
# span 11 =    10.7053,    11.2169      
# span 12 =    19.7213,    23.3516      
# span 13 =   11.54037,   11.88522      
# span 14 = 5.0712e-02, 6.3787e+01      
# span 15 =      0.742,     85.143      
# span 16 = 0.0000e+00, 0.0000e+00      
# interval = seconds: 0.25
# start_time = Sep 22 2017 12:01:22 [Instrument's time stamp, header]
# bad_flag = -9.990e-29
*END*
[from data line 86]
         87 265.501198    0.00597     0.3583     21.500  1019.8210  41558.488    26.0678      0.870    6.52931    11.0868    11.0855    19.8170   11.86036 5.6681e+01      0.879 0.0000e+00
         88 265.501201    0.00604     0.3625     21.750  1019.8225  41561.316    26.0699      0.871    6.52912    11.0875    11.0863    19.8185   11.86001 5.7040e+01      0.880 0.0000e+00
         89 265.501204    0.00611     0.3667     22.000  1019.8234  41563.101    26.0711      0.872    6.52897    11.0881    11.0869    19.8194   11.85975 5.7347e+01      0.880 0.0000e+00
         90 265.501207    0.00618     0.3708     22.250  1019.8234  41563.295    26.0713      0.871    6.52887    11.0885    11.0876    19.8194   11.85958 5.7631e+01      0.879 0.0000e+00
         91 265.501209    0.00625     0.3750     22.500  1019.8223  41561.402    26.0701      0.869    6.52884    11.0887    11.0882    19.8183   11.85954 5.7833e+01      0.877 0.0000e+00
         92 265.501212    0.00632     0.3792     22.750  1019.8204  41557.900    26.0677      0.865    6.52887    11.0887    11.0886    19.8164   11.85963 5.8071e+01      0.873 0.0000e+00
         93 265.501215    0.00639     0.3833     23.000  1019.8187  41554.844    26.0656      0.859    6.52893    11.0886    11.0888    19.8148   11.85975 5.8618e+01      0.867 0.0000e+00
         94 265.501218    0.00646     0.3875     23.250  1019.8185  41554.490    26.0654      0.854    6.52894    11.0886    11.0888    19.8146   11.85977 5.9561e+01      0.862 0.0000e+00
         95 265.501221    0.00653     0.3917     23.500  1019.8205  41558.243    26.0680      0.851    6.52885    11.0887    11.0887    19.8166   11.85958 6.0793e+01      0.858 0.0000e+00
         96 265.501224    0.00660     0.3958     23.750  1019.8249  41566.502    26.0737      0.850    6.52862    11.0889    11.0887    19.8210   11.85913 6.1995e+01      0.858 0.0000e+00
         97 265.501227    0.00667     0.4000     24.000  1019.8311  41577.986    26.0816      0.852    6.52828    11.0893    11.0888    19.8272   11.85847 6.2791e+01      0.860 0.0000e+00
         98 265.501230    0.00674     0.4042     24.250  1019.8379  41590.674    26.0904      0.855    6.52788    11.0897    11.0890    19.8340   11.85769 6.3141e+01      0.863 0.0000e+00
         99 265.501233    0.00681     0.4083     24.500  1019.8446  41603.160    26.0991      0.860    6.52746    11.0901    11.0894    19.8406   11.85689 6.3231e+01      0.868 0.0000e+00
        100 265.501236    0.00688     0.4125     24.750  1019.8504  41613.947    26.1066      0.865    6.52709    11.0903    11.0898    19.8464   11.85619 6.3206e+01      0.873 0.0000e+00
        101 265.501238    0.00694     0.4167     25.000  1019.8545  41621.595    26.1119      0.869    6.52682    11.0903    11.0902    19.8505   11.85568 6.2986e+01      0.877 0.0000e+00
        102 265.501241    0.00701     0.4208     25.250  1019.8567  41625.730    26.1148      0.871    6.52667    11.0902    11.0904    19.8527   11.85539 6.2125e+01      0.879 0.0000e+00
        103 265.501244    0.00708     0.4250     25.500  1019.8578  41627.822    26.1162      0.871    6.52660    11.0900    11.0904    19.8538   11.85526 6.0963e+01      0.879 0.0000e+00
        104 265.501247    0.00715     0.4292     25.750  1019.8595  41631.060    26.1185      0.869    6.52653    11.0898    11.0903    19.8556   11.85511 6.0322e+01      0.877 0.0000e+00
        105 265.501250    0.00722     0.4333     26.000  1019.8624  41636.431    26.1222      0.866    6.52641    11.0897    11.0901    19.8585   11.85486 5.9920e+01      0.874 0.0000e+00
        106 265.501253    0.00729     0.4375     26.250  1019.8651  41641.400    26.1256      0.863    6.52629    11.0896    11.0899    19.8612   11.85463 5.9286e+01      0.871 0.0000e+00
        107 265.501256    0.00736     0.4417     26.500  1019.8668  41644.624    26.1278      0.860    6.52622    11.0895    11.0898    19.8629   11.85448 5.8553e+01      0.868 0.0000e+00
        108 265.501259    0.00743     0.4458     26.750  1019.8683  41647.414    26.1297      0.857    6.52615    11.0894    11.0897    19.8644   11.85435 5.8040e+01      0.865 0.0000e+00
        109 265.501262    0.00750     0.4500     27.000  1019.8702  41650.910    26.1321      0.855    6.52607    11.0893    11.0896    19.8663   11.85418 5.8119e+01      0.863 0.0000e+00
        110 265.501264    0.00757     0.4542     27.250  1019.8722  41654.578    26.1347      0.853    6.52598    11.0892    11.0895    19.8683   11.85400 5.8751e+01      0.861 0.0000e+00
        111 265.501267    0.00764     0.4583     27.500  1019.8737  41657.501    26.1367      0.852    6.52591    11.0892    11.0894    19.8698   11.85386 5.9394e+01      0.860 0.0000e+00
        112 265.501270    0.00771     0.4625     27.750  1019.8751  41660.089    26.1385      0.851    6.52584    11.0892    11.0893    19.8712   11.85373 5.9886e+01      0.859 0.0000e+00
        113 265.501273    0.00778     0.4667     28.000  1019.8770  41663.515    26.1409      0.850    6.52574    11.0893    11.0893    19.8731   11.85354 6.0640e+01      0.858 0.0000e+00
        114 265.501276    0.00785     0.4708     28.250  1019.8796  41668.308    26.1442      0.851    6.52560    11.0895    11.0893    19.8757   11.85326 6.1535e+01      0.859 0.0000e+00
        115 265.501279    0.00792     0.4750     28.500  1019.8827  41674.166    26.1482      0.854    6.52542    11.0897    11.0894    19.8788   11.85291 6.2039e+01      0.862 0.0000e+00
        116 265.501282    0.00799     0.4792     28.750  1019.8860  41680.347    26.1525      0.858    6.52522    11.0899    11.0896    19.8821   11.85252 6.2101e+01      0.866 0.0000e+00
        117 265.501285    0.00806     0.4833     29.000  1019.8890  41685.845    26.1564      0.862    6.52503    11.0900    11.0898    19.8850   11.85216 6.1928e+01      0.870 0.0000e+00
        118 265.501288    0.00813     0.4875     29.250  1019.8911  41689.749    26.1591      0.864    6.52489    11.0900    11.0900    19.8871   11.85189 6.1540e+01      0.873 0.0000e+00
        119 265.501291    0.00819     0.4917     29.500  1019.8919  41691.379    26.1602      0.865    6.52483    11.0899    11.0901    19.8880   11.85178 6.0681e+01      0.874 0.0000e+00
        120 265.501293    0.00826     0.4958     29.750  1019.8913  41690.281    26.1594      0.864    6.52486    11.0896    11.0901    19.8874   11.85184 5.9553e+01      0.873 0.0000e+00
        121 265.501296    0.00833     0.5000     30.000  1019.8894  41686.734    26.1570      0.862    6.52498    11.0893    11.0900    19.8855   11.85207 5.8696e+01      0.870 0.0000e+00
        122 265.501299    0.00840     0.5042     30.250  1019.8871  41682.437    26.1540      0.857    6.52514    11.0888    11.0897    19.8832   11.85237 5.7916e+01      0.865 0.0000e+00
        123 265.501302    0.00847     0.5083     30.500  1019.8860  41680.216    26.1524      0.853    6.52526    11.0885    11.0894    19.8820   11.85259 5.7126e+01      0.861 0.0000e+00
        124 265.501305    0.00854     0.5125     30.750  1019.8872  41682.534    26.1540      0.849    6.52525    11.0883    11.0889    19.8833   11.85256 5.6946e+01      0.857 0.0000e+00
        125 265.501308    0.00861     0.5167     31.000  1019.8909  41689.310    26.1587      0.847    6.52511    11.0883    11.0885    19.8870   11.85226 5.7318e+01      0.855 0.0000e+00
        126 265.501311    0.00868     0.5208     31.250  1019.8952  41697.380    26.1642      0.848    6.52491    11.0885    11.0883    19.8913   11.85186 5.7618e+01      0.855 0.0000e+00
        127 265.501314    0.00875     0.5250     31.500  1019.8987  41703.826    26.1687      0.849    6.52472    11.0887    11.0884    19.8948   11.85149 5.7657e+01      0.857 0.0000e+00
        128 265.501317    0.00882     0.5292     31.750  1019.9009  41707.893    26.1715      0.850    6.52458    11.0889    11.0886    19.8970   11.85122 5.7505e+01      0.859 0.0000e+00
        129 265.501319    0.00889     0.5333     32.000  1019.9018  41709.684    26.1728      0.851    6.52449    11.0890    11.0888    19.8979   11.85106 5.7390e+01      0.859 0.0000e+00
        130 265.501322    0.00896     0.5375     32.250  1019.9020  41709.950    26.1730      0.851    6.52446    11.0891    11.0890    19.8980   11.85100 5.7535e+01      0.859 0.0000e+00
        131 265.501325    0.00903     0.5417     32.500  1019.9021  41710.151    26.1731      0.850    6.52444    11.0891    11.0891    19.8981   11.85097 5.7875e+01      0.858 0.0000e+00
        132 265.501328    0.00910     0.5458     32.750  1019.9026  41711.231    26.1739      0.849    6.52440    11.0892    11.0892    19.8987   11.85090 5.8231e+01      0.857 0.0000e+00
        133 265.501331    0.00917     0.5500     33.000  1019.9034  41712.646    26.1748      0.849    6.52436    11.0894    11.0892    19.8995   11.85082 5.8389e+01      0.857 0.0000e+00
        134 265.501334    0.00924     0.5542     33.250  1019.9037  41713.290    26.1753      0.850    6.52433    11.0897    11.0893    19.8998   11.85076 5.8334e+01      0.858 0.0000e+00
        135 265.501337    0.00931     0.5583     33.500  1019.9035  41712.814    26.1750      0.850    6.52431    11.0901    11.0895    19.8996   11.85073 5.8317e+01      0.858 0.0000e+00
        136 265.501340    0.00937     0.5625     33.750  1019.9026  41711.353    26.1740      0.850    6.52430    11.0904    11.0898    19.8987   11.85073 5.8339e+01      0.859 0.0000e+00
        137 265.501343    0.00944     0.5667     34.000  1019.9013  41708.873    26.1723      0.850    6.52432    11.0906    11.0902    19.8974   11.85078 5.8377e+01      0.859 0.0000e+00
        138 265.501345    0.00951     0.5708     34.250  1019.8993  41705.284    26.1699      0.850    6.52438    11.0906    11.0905    19.8954   11.85090 5.8559e+01      0.858 0.0000e+00
        139 265.501348    0.00958     0.5750     34.500  1019.8971  41701.168    26.1670      0.848    6.52447    11.0905    11.0907    19.8932   11.85109 5.8749e+01      0.856 0.0000e+00
        140 265.501351    0.00965     0.5792     34.750  1019.8953  41697.980    26.1648      0.846    6.52455    11.0904    11.0907    19.8915   11.85126 5.8704e+01      0.854 0.0000e+00
        141 265.501354    0.00972     0.5833     35.000  1019.8948  41696.956    26.1641      0.846    6.52460    11.0905    11.0906    19.8909   11.85134 5.8650e+01      0.854 0.0000e+00
        142 265.501357    0.00979     0.5875     35.250  1019.8953  41697.840    26.1647      0.848    6.52458    11.0907    11.0905    19.8914   11.85132 5.8794e+01      0.856 0.0000e+00
        143 265.501360    0.00986     0.5917     35.500  1019.8958  41698.825    26.1654      0.851    6.52455    11.0909    11.0906    19.8919   11.85125 5.8762e+01      0.859 0.0000e+00
        144 265.501363    0.00993     0.5958     35.750  1019.8953  41697.843    26.1647      0.854    6.52455    11.0911    11.0908    19.8914   11.85126 5.8324e+01      0.862 0.0000e+00
        145 265.501366    0.01000     0.6000     36.000  1019.8933  41694.143    26.1622      0.856    6.52462    11.0911    11.0910    19.8894   11.85140 5.7758e+01      0.864 0.0000e+00
        146 265.501369    0.01007     0.6042     36.250  1019.8905  41688.908    26.1586      0.855    6.52474    11.0909    11.0912    19.8865   11.85165 5.7396e+01      0.863 0.0000e+00
        147 265.501372    0.01014     0.6083     36.500  1019.8879  41684.131    26.1553      0.853    6.52488    11.0906    11.0912    19.8840   11.85192 5.7211e+01      0.861 0.0000e+00
        148 265.501374    0.01021     0.6125     36.750  1019.8861  41680.817    26.1530      0.850    6.52500    11.0903    11.0910    19.8822   11.85215 5.6983e+01      0.858 0.0000e+00
        149 265.501377    0.01028     0.6167     37.000  1019.8852  41678.964    26.1517      0.848    6.52510    11.0900    11.0907    19.8812   11.85232 5.6807e+01      0.856 0.0000e+00
        150 265.501380    0.01035     0.6208     37.250  1019.8850  41678.646    26.1514      0.847    6.52515    11.0897    11.0904    19.8811   11.85242 5.7002e+01      0.855 0.0000e+00
        151 265.501383    0.01042     0.6250     37.500  1019.8859  41680.199    26.1525      0.848    6.52515    11.0894    11.0901    19.8820   11.85241 5.7643e+01      0.856 0.0000e+00
        152 265.501386    0.01049     0.6292     37.750  1019.8879  41683.828    26.1549      0.850    6.52509    11.0893    11.0898    19.8839   11.85228 5.8412e+01      0.858 0.0000e+00
        153 265.501389    0.01056     0.6333     38.000  1019.8905  41688.747    26.1583      0.852    6.52499    11.0892    11.0895    19.8866   11.85207 5.8857e+01      0.860 0.0000e+00
        154 265.501392    0.01063     0.6375     38.250  1019.8928  41692.940    26.1612      0.854    6.52489    11.0891    11.0894    19.8889   11.85188 5.9034e+01      0.862 0.0000e+00
        155 265.501395    0.01069     0.6417     38.500  1019.8940  41695.089    26.1627      0.855    6.52485    11.0891    11.0893    19.8900   11.85178 5.9281e+01      0.863 0.0000e+00
        156 265.501398    0.01076     0.6458     38.750  1019.8945  41695.989    26.1633      0.854    6.52483    11.0891    11.0892    19.8905   11.85174 5.9699e+01      0.862 0.0000e+00
        157 265.501400    0.01083     0.6500     39.000  1019.8952  41697.360    26.1643      0.853    6.52479    11.0892    11.0892    19.8913   11.85167 6.0039e+01      0.861 0.0000e+00
        158 265.501403    0.01090     0.6542     39.250  1019.8964  41699.709    26.1659      0.852    6.52473    11.0894    11.0892    19.8925   11.85154 5.9774e+01      0.860 0.0000e+00
        159 265.501406    0.01097     0.6583     39.500  1019.8976  41701.957    26.1675      0.851    6.52465    11.0897    11.0893    19.8937   11.85139 5.9165e+01      0.859 0.0000e+00
        160 265.501409    0.01104     0.6625     39.750  1019.8983  41703.191    26.1683      0.849    6.52458    11.0900    11.0895    19.8944   11.85127 5.8985e+01      0.857 0.0000e+00
        161 265.501412    0.01111     0.6667     40.000  1019.8985  41703.673    26.1687      0.848    6.52452    11.0904    11.0898    19.8946   11.85117 5.9074e+01      0.856 0.0000e+00
        162 265.501415    0.01118     0.6708     40.250  1019.8989  41704.421    26.1692      0.846    6.52445    11.0907    11.0901    19.8950   11.85104 5.9072e+01      0.854 0.0000e+00
        163 265.501418    0.01125     0.6750     40.500  1019.8998  41706.257    26.1705      0.845    6.52435    11.0912    11.0905    19.8959   11.85086 5.8871e+01      0.853 0.0000e+00
        164 265.501421    0.01132     0.6792     40.750  1019.9013  41709.033    26.1725      0.847    6.52422    11.0918    11.0908    19.8974   11.85061 5.8462e+01      0.855 0.0000e+00
        165 265.501424    0.01139     0.6833     41.000  1019.9028  41711.954    26.1746      0.850    6.52406    11.0925    11.0913    19.8989   11.85033 5.8337e+01      0.859 0.0000e+00
        166 265.501427    0.01146     0.6875     41.250  1019.9039  41714.056    26.1761      0.855    6.52391    11.0932    11.0919    19.9000   11.85006 5.8618e+01      0.864 0.0000e+00
        167 265.501429    0.01153     0.6917     41.500  1019.9039  41714.155    26.1762      0.860    6.52381    11.0936    11.0926    19.9000   11.84989 5.8917e+01      0.868 0.0000e+00
        168 265.501432    0.01160     0.6958     41.750  1019.9024  41711.406    26.1744      0.862    6.52380    11.0939    11.0932    19.8984   11.84989 5.9046e+01      0.871 0.0000e+00
        169 265.501435    0.01167     0.7000     42.000  1019.8997  41706.519    26.1710      0.862    6.52387    11.0939    11.0937    19.8958   11.85005 5.9023e+01      0.870 0.0000e+00
        170 265.501438    0.01174     0.7042     42.250  1019.8970  41701.609    26.1677      0.858    6.52398    11.0940    11.0939    19.8931   11.85027 5.8847e+01      0.867 0.0000e+00
