CTD-processing/allCTD/CNV--homogene/2017_11-07_alongbay_skb05_cast101.cnv
* Sea-Bird SBE19plus Data File:
* FileName = C:\Users\Kim.Powell\Desktop\Not Processed\2017\2017_11-07_AlongBay,T9_4141\2017_11-07_TRANSECT_STATION_cast101.hex
* Software Version 1.59
* Temperature SN =  4141
* Conductivity SN =  4141
* System UpLoad Time = Nov 09 2017 10:32:36
** 2017_11-07
** Station: KB05
** Start Time: 12:39
** Depth (m): 171.6
** Comment: Edgecumbe
** Comment: CTD time 1 hr off for daylight savings time
# nquan = 17
# nvalues = 1289                        
# units = specified
# name 0 = scan: Scan Count
# name 1 = timeJ: Julian Days
# name 2 = timeH: Time, Elapsed [hours]
# name 3 = timeM: Time, Elapsed [minutes]
# name 4 = timeS: Time, Elapsed [seconds]
# name 5 = density00: Density [density, kg/m^3]
# name 6 = specc: Specific Conductance [uS/cm]
# name 7 = sal00: Salinity, Practical [PSU]
# name 8 = depSM: Depth [salt water, m], lat = 59.00
# name 9 = oxsolML/L: Oxygen Saturation, Garcia & Gordon [ml/l]
# name 10 = potemp090C: Potential Temperature [ITS-90, deg C]
# name 11 = tv290C: Temperature [ITS-90, deg C]
# name 12 = sigma-é00: Density [sigma-theta, kg/m^3]
# name 13 = n2satML/L: Nitrogen Saturation [ml/l]
# name 14 = par: PAR/Irradiance, Biospherical/Licor
# name 15 = prdM: Pressure, Strain Gauge [db]
# name 16 = flag:  0.000e+00
# span 0 =          1,       1289       
# span 1 = 311.569109, 311.572836       
# span 2 =    0.00000,    0.08944       
# span 3 =     0.0000,     5.3667       
# span 4 =      0.000,    322.000       
# span 5 =  1003.2657,  1024.7117       
# span 6 =   7688.030,  49027.448       
# span 7 =     4.3248,    30.9510       
# span 8 =      0.084,    161.080       
# span 9 =    6.64275,    8.09612       
# span 10 =     7.8357,     8.8805      
# span 11 =     7.8356,     8.8918      
# span 12 =     3.2653,    23.9712      
# span 13 =   11.98922,   14.77869      
# span 14 = 5.1451e-02, 1.3579e+02      
# span 15 =      0.085,    162.664      
# span 16 = 0.0000e+00, 0.0000e+00      
# interval = seconds: 0.25
# start_time = Nov 07 2017 13:39:31 [Instrument's time stamp, header]
# bad_flag = -9.990e-29
*END*
[from data line 426]
        427 311.570341    0.02958     1.7750    106.500  1023.5917  48181.149    30.3016      1.059    6.80555     7.9965     7.9966    23.5868   12.26662 4.8457e+01      1.069 0.0000e+00
        428 311.570344    0.02965     1.7792    106.750  1023.5920  48181.653    30.3019      1.070    6.80554     7.9967     7.9965    23.5871   12.26660 4.8126e+01      1.080 0.0000e+00
        429 311.570347    0.02972     1.7833    107.000  1023.5924  48182.295    30.3024      1.077    6.80551     7.9971     7.9966    23.5874   12.26655 4.7936e+01      1.086 0.0000e+00
        430 311.570350    0.02979     1.7875    107.250  1023.5928  48183.015    30.3029      1.077    6.80545     7.9975     7.9968    23.5878   12.26645 4.7945e+01      1.087 0.0000e+00
        431 311.570353    0.02986     1.7917    107.500  1023.5929  48183.306    30.3031      1.072    6.80539     7.9978     7.9972    23.5880   12.26633 4.7863e+01      1.082 0.0000e+00
        432 311.570356    0.02993     1.7958    107.750  1023.5926  48182.719    30.3028      1.063    6.80534     7.9978     7.9976    23.5876   12.26625 4.7614e+01      1.073 0.0000e+00
        433 311.570359    0.03000     1.8000    108.000  1023.5920  48181.790    30.3022      1.054    6.80532     7.9978     7.9979    23.5871   12.26623 4.7495e+01      1.064 0.0000e+00
        434 311.570362    0.03007     1.8042    108.250  1023.5918  48181.443    30.3020      1.048    6.80532     7.9978     7.9979    23.5869   12.26624 4.7697e+01      1.058 0.0000e+00
        435 311.570365    0.03014     1.8083    108.500  1023.5920  48181.843    30.3022      1.048    6.80532     7.9980     7.9979    23.5872   12.26624 4.8077e+01      1.058 0.0000e+00
        436 311.570367    0.03021     1.8125    108.750  1023.5924  48182.527    30.3027      1.053    6.80530     7.9983     7.9979    23.5875   12.26619 4.8258e+01      1.062 0.0000e+00
        437 311.570370    0.03028     1.8167    109.000  1023.5927  48183.071    30.3031      1.060    6.80525     7.9988     7.9981    23.5878   12.26611 4.8058e+01      1.069 0.0000e+00
        438 311.570373    0.03035     1.8208    109.250  1023.5929  48183.390    30.3034      1.066    6.80518     7.9994     7.9984    23.5880   12.26600 4.7772e+01      1.076 0.0000e+00
        439 311.570376    0.03042     1.8250    109.500  1023.5930  48183.581    30.3036      1.070    6.80510     8.0000     7.9989    23.5881   12.26585 4.7713e+01      1.080 0.0000e+00
        440 311.570379    0.03049     1.8292    109.750  1023.5931  48183.790    30.3038      1.070    6.80500     8.0007     7.9995    23.5882   12.26569 4.7799e+01      1.080 0.0000e+00
        441 311.570382    0.03056     1.8333    110.000  1023.5932  48184.073    30.3041      1.067    6.80490     8.0013     8.0001    23.5883   12.26551 4.7924e+01      1.077 0.0000e+00
        442 311.570385    0.03062     1.8375    110.250  1023.5933  48184.184    30.3043      1.063    6.80479     8.0020     8.0008    23.5884   12.26533 4.8157e+01      1.073 0.0000e+00
        443 311.570388    0.03069     1.8417    110.500  1023.5931  48183.888    30.3042      1.058    6.80469     8.0025     8.0014    23.5882   12.26516 4.8398e+01      1.068 0.0000e+00
        444 311.570391    0.03076     1.8458    110.750  1023.5928  48183.389    30.3039      1.056    6.80460     8.0028     8.0021    23.5879   12.26502 4.8583e+01      1.066 0.0000e+00
        445 311.570394    0.03083     1.8500    111.000  1023.5926  48182.989    30.3037      1.056    6.80453     8.0031     8.0026    23.5877   12.26491 4.8942e+01      1.066 0.0000e+00
        446 311.570396    0.03090     1.8542    111.250  1023.5924  48182.712    30.3036      1.058    6.80448     8.0034     8.0029    23.5875   12.26482 4.9383e+01      1.068 0.0000e+00
        447 311.570399    0.03097     1.8583    111.500  1023.5923  48182.467    30.3035      1.061    6.80443     8.0035     8.0032    23.5874   12.26475 4.9533e+01      1.071 0.0000e+00
        448 311.570402    0.03104     1.8625    111.750  1023.5922  48182.189    30.3033      1.065    6.80440     8.0036     8.0035    23.5872   12.26470 4.9462e+01      1.075 0.0000e+00
        449 311.570405    0.03111     1.8667    112.000  1023.5920  48181.828    30.3031      1.069    6.80439     8.0036     8.0036    23.5870   12.26468 4.9321e+01      1.079 0.0000e+00
        450 311.570408    0.03118     1.8708    112.250  1023.5918  48181.404    30.3028      1.073    6.80439     8.0035     8.0037    23.5868   12.26470 4.8951e+01      1.083 0.0000e+00
        451 311.570411    0.03125     1.8750    112.500  1023.5916  48181.020    30.3025      1.075    6.80441     8.0033     8.0037    23.5866   12.26473 4.8425e+01      1.085 0.0000e+00
        452 311.570414    0.03132     1.8792    112.750  1023.5914  48180.731    30.3023      1.073    6.80444     8.0031     8.0036    23.5864   12.26478 4.7987e+01      1.084 0.0000e+00
        453 311.570417    0.03139     1.8833    113.000  1023.5913  48180.569    30.3022      1.068    6.80448     8.0029     8.0034    23.5863   12.26484 4.7575e+01      1.078 0.0000e+00
        454 311.570420    0.03146     1.8875    113.250  1023.5913  48180.622    30.3022      1.060    6.80451     8.0028     8.0032    23.5864   12.26489 4.7208e+01      1.070 0.0000e+00
        455 311.570422    0.03153     1.8917    113.500  1023.5914  48180.785    30.3023      1.053    6.80453     8.0027     8.0030    23.5865   12.26493 4.7148e+01      1.063 0.0000e+00
        456 311.570425    0.03160     1.8958    113.750  1023.5914  48180.871    30.3023      1.049    6.80455     8.0027     8.0029    23.5865   12.26495 4.7308e+01      1.059 0.0000e+00
        457 311.570428    0.03167     1.9000    114.000  1023.5914  48180.869    30.3023      1.051    6.80456     8.0026     8.0028    23.5865   12.26497 4.7386e+01      1.061 0.0000e+00
        458 311.570431    0.03174     1.9042    114.250  1023.5914  48180.831    30.3023      1.058    6.80457     8.0025     8.0028    23.5865   12.26499 4.7338e+01      1.068 0.0000e+00
        459 311.570434    0.03181     1.9083    114.500  1023.5914  48180.774    30.3022      1.068    6.80458     8.0023     8.0027    23.5865   12.26502 4.7233e+01      1.078 0.0000e+00
        460 311.570437    0.03188     1.9125    114.750  1023.5914  48180.647    30.3021      1.078    6.80460     8.0021     8.0025    23.5864   12.26505 4.7244e+01      1.088 0.0000e+00
        461 311.570440    0.03194     1.9167    115.000  1023.5913  48180.454    30.3019      1.086    6.80464     8.0018     8.0024    23.5863   12.26511 4.7399e+01      1.096 0.0000e+00
        462 311.570443    0.03201     1.9208    115.250  1023.5913  48180.269    30.3018      1.092    6.80468     8.0015     8.0021    23.5862   12.26518 4.7256e+01      1.102 0.0000e+00
        463 311.570446    0.03208     1.9250    115.500  1023.5912  48180.171    30.3017      1.097    6.80472     8.0013     8.0019    23.5861   12.26525 4.6775e+01      1.107 0.0000e+00
        464 311.570448    0.03215     1.9292    115.750  1023.5913  48180.301    30.3017      1.104    6.80476     8.0012     8.0016    23.5862   12.26532 4.6474e+01      1.114 0.0000e+00
        465 311.570451    0.03222     1.9333    116.000  1023.5916  48180.752    30.3020      1.120    6.80478     8.0012     8.0014    23.5865   12.26535 4.6249e+01      1.131 0.0000e+00
        466 311.570454    0.03229     1.9375    116.250  1023.5922  48181.465    30.3025      1.155    6.80479     8.0014     8.0013    23.5868   12.26535 4.5499e+01      1.166 0.0000e+00
        467 311.570457    0.03236     1.9417    116.500  1023.5929  48182.283    30.3030      1.220    6.80476     8.0018     8.0013    23.5873   12.26530 4.4006e+01      1.231 0.0000e+00
        468 311.570460    0.03243     1.9458    116.750  1023.5939  48183.235    30.3037      1.327    6.80470     8.0025     8.0015    23.5877   12.26519 4.1955e+01      1.340 0.0000e+00
        469 311.570463    0.03250     1.9500    117.000  1023.5952  48184.537    30.3046      1.478    6.80459     8.0038     8.0019    23.5884   12.26501 3.9734e+01      1.492 0.0000e+00
        470 311.570466    0.03257     1.9542    117.250  1023.5971  48186.640    30.3061      1.658    6.80441     8.0057     8.0027    23.5894   12.26469 3.7648e+01      1.674 0.0000e+00
        471 311.570469    0.03264     1.9583    117.500  1023.5994  48189.411    30.3081      1.856    6.80413     8.0084     8.0040    23.5908   12.26419 3.5749e+01      1.874 0.0000e+00
        472 311.570472    0.03271     1.9625    117.750  1023.6015  48191.602    30.3098      2.064    6.80374     8.0113     8.0060    23.5919   12.26352 3.4058e+01      2.084 0.0000e+00
        473 311.570475    0.03278     1.9667    118.000  1023.6029  48192.485    30.3107      2.277    6.80329     8.0141     8.0086    23.5923   12.26276 3.2674e+01      2.299 0.0000e+00
        474 311.570477    0.03285     1.9708    118.250  1023.6038  48192.544    30.3111      2.493    6.80282     8.0168     8.0115    23.5922   12.26198 3.1689e+01      2.517 0.0000e+00
        475 311.570480    0.03292     1.9750    118.500  1023.6049  48193.110    30.3119      2.709    6.80234     8.0198     8.0144    23.5924   12.26119 3.1120e+01      2.735 0.0000e+00
        476 311.570483    0.03299     1.9792    118.750  1023.6071  48195.582    30.3139      2.924    6.80183     8.0234     8.0171    23.5936   12.26032 3.0893e+01      2.952 0.0000e+00
        477 311.570486    0.03306     1.9833    119.000  1023.6101  48199.488    30.3170      3.139    6.80124     8.0275     8.0201    23.5956   12.25929 3.0873e+01      3.168 0.0000e+00
        478 311.570489    0.03313     1.9875    119.250  1023.6128  48202.886    30.3198      3.353    6.80056     8.0321     8.0237    23.5973   12.25813 3.0925e+01      3.385 0.0000e+00
        479 311.570492    0.03319     1.9917    119.500  1023.6154  48206.052    30.3225      3.568    6.79979     8.0376     8.0278    23.5989   12.25683 3.0955e+01      3.602 0.0000e+00
        480 311.570495    0.03326     1.9958    119.750  1023.6197  48212.497    30.3276      3.785    6.79886     8.0454     8.0324    23.6022   12.25523 3.0837e+01      3.821 0.0000e+00
        481 311.570498    0.03333     2.0000    120.000  1023.6280  48226.271    30.3379      4.004    6.79755     8.0573     8.0379    23.6095   12.25294 3.0454e+01      4.042 0.0000e+00
        482 311.570501    0.03340     2.0042    120.250  1023.6413  48249.108    30.3549      4.224    6.79560     8.0751     8.0458    23.6218   12.24949 2.9793e+01      4.264 0.0000e+00
        483 311.570503    0.03347     2.0083    120.500  1023.6589  48280.236    30.3783      4.444    6.79272     8.0994     8.0578    23.6384   12.24444 2.8894e+01      4.486 0.0000e+00
        484 311.570506    0.03354     2.0125    120.750  1023.6794  48316.782    30.4063      4.665    6.78875     8.1301     8.0755    23.6579   12.23751 2.7799e+01      4.709 0.0000e+00
        485 311.570509    0.03361     2.0167    121.000  1023.7005  48354.732    30.4363      4.890    6.78368     8.1655     8.0999    23.6779   12.22875 2.6563e+01      4.936 0.0000e+00
        486 311.570512    0.03368     2.0208    121.250  1023.7193  48388.599    30.4643      5.120    6.77773     8.2032     8.1306    23.6956   12.21855 2.5251e+01      5.168 0.0000e+00
        487 311.570515    0.03375     2.0250    121.500  1023.7326  48412.796    30.4864      5.356    6.77132     8.2416     8.1660    23.7079   12.20766 2.3931e+01      5.407 0.0000e+00
        488 311.570518    0.03382     2.0292    121.750  1023.7432  48431.976    30.5053      5.596    6.76469     8.2800     8.2038    23.7173   12.19647 2.2667e+01      5.649 0.0000e+00
        489 311.570521    0.03389     2.0333    122.000  1023.7540  48451.698    30.5246      5.835    6.75797     8.3171     8.2421    23.7270   12.18510 2.1524e+01      5.890 0.0000e+00
        490 311.570524    0.03396     2.0375    122.250  1023.7601  48462.973    30.5380      6.063    6.75150     8.3500     8.2806    23.7321   12.17422 2.0543e+01      6.120 0.0000e+00
        491 311.570527    0.03403     2.0417    122.500  1023.7578  48458.989    30.5406      6.276    6.74572     8.3768     8.3178    23.7288   12.16462 1.9724e+01      6.336 0.0000e+00
        492 311.570530    0.03410     2.0458    122.750  1023.7511  48446.831    30.5369      6.475    6.74087     8.3978     8.3507    23.7212   12.15664 1.9034e+01      6.536 0.0000e+00
        493 311.570532    0.03417     2.0500    123.000  1023.7450  48435.617    30.5329      6.663    6.73696     8.4146     8.3775    23.7142   12.15022 1.8412e+01      6.726 0.0000e+00
        494 311.570535    0.03424     2.0542    123.250  1023.7419  48429.627    30.5317      6.850    6.73381     8.4290     8.3985    23.7103   12.14502 1.7785e+01      6.914 0.0000e+00
        495 311.570538    0.03431     2.0583    123.500  1023.7426  48430.219    30.5345      7.045    6.73113     8.4425     8.4153    23.7100   12.14055 1.7103e+01      7.112 0.0000e+00
        496 311.570541    0.03438     2.0625    123.750  1023.7463  48436.242    30.5407      7.255    6.72867     8.4559     8.4297    23.7128   12.13640 1.6353e+01      7.324 0.0000e+00
        497 311.570544    0.03444     2.0667    124.000  1023.7519  48445.449    30.5490      7.481    6.72626     8.4698     8.4432    23.7174   12.13231 1.5551e+01      7.552 0.0000e+00
        498 311.570547    0.03451     2.0708    124.250  1023.7591  48457.449    30.5593      7.720    6.72378     8.4848     8.4567    23.7235   12.12807 1.4730e+01      7.793 0.0000e+00
        499 311.570550    0.03458     2.0750    124.500  1023.7683  48473.277    30.5722      7.964    6.72111     8.5020     8.4706    23.7316   12.12349 1.3933e+01      8.040 0.0000e+00
        500 311.570553    0.03465     2.0792    124.750  1023.7809  48495.285    30.5897      8.208    6.71807     8.5222     8.4857    23.7431   12.11824 1.3189e+01      8.285 0.0000e+00
        501 311.570556    0.03472     2.0833    125.000  1023.7976  48524.875    30.6128      8.444    6.71447     8.5447     8.5028    23.7586   12.11200 1.2516e+01      8.523 0.0000e+00
        502 311.570558    0.03479     2.0875    125.250  1023.8120  48550.739    30.6337      8.669    6.71051     8.5666     8.5230    23.7720   12.10518 1.1919e+01      8.750 0.0000e+00
        503 311.570561    0.03486     2.0917    125.500  1023.8168  48559.106    30.6427      8.884    6.70671     8.5854     8.5456    23.7758   12.09878 1.1395e+01      8.968 0.0000e+00
        504 311.570564    0.03493     2.0958    125.750  1023.8163  48557.985    30.6449      9.094    6.70331     8.6013     8.5675    23.7744   12.09313 1.0933e+01      9.180 0.0000e+00
        505 311.570567    0.03500     2.1000    126.000  1023.8169  48558.563    30.6480      9.302    6.70034     8.6146     8.5863    23.7740   12.08817 1.0517e+01      9.390 0.0000e+00
        506 311.570570    0.03507     2.1042    126.250  1023.8166  48557.410    30.6494      9.512    6.69788     8.6250     8.6022    23.7728   12.08408 1.0131e+01      9.602 0.0000e+00
        507 311.570573    0.03514     2.1083    126.500  1023.8142  48552.261    30.6476      9.723    6.69595     8.6326     8.6155    23.7694   12.08092 9.7652e+00      9.815 0.0000e+00
        508 311.570576    0.03521     2.1125    126.750  1023.8116  48546.392    30.6449      9.936    6.69450     8.6380     8.6260    23.7658   12.07854 9.4113e+00     10.030 0.0000e+00
        509 311.570579    0.03528     2.1167    127.000  1023.8098  48541.996    30.6428     10.148    6.69344     8.6419     8.6336    23.7630   12.07681 9.0657e+00     10.244 0.0000e+00
        510 311.570582    0.03535     2.1208    127.250  1023.8089  48538.992    30.6414     10.360    6.69268     8.6446     8.6390    23.7611   12.07557 8.7278e+00     10.458 0.0000e+00
