CTD-processing/allCTD/CNV--homogene/2017_11-07_t9_s04_cast109.cnv
* Sea-Bird SBE19plus Data File:
* FileName = C:\Users\Kim.Powell\Desktop\Not Processed\2017\2017_11-07_AlongBay,T9_4141\2017_11-07_TRANSECT_STATION_cast109.hex
* Software Version 1.59
* Temperature SN =  4141
* Conductivity SN =  4141
* System UpLoad Time = Nov 09 2017 10:42:32
** 2017_11-07
** Station: 9-04
** Start Time: 15:17
** Depth (m): 97.5
** Comment: Edgecumbe
** Comment: CTD time 1 hr off for daylight savings time
# nquan = 17
# nvalues = 684                         
# units = specified
# name 0 = scan: Scan Count
# name 1 = timeJ: Julian Days
# name 2 = timeH: Time, Elapsed [hours]
# name 3 = timeM: Time, Elapsed [minutes]
# name 4 = timeS: Time, Elapsed [seconds]
# name 5 = density00: Density [density, kg/m^3]
# name 6 = specc: Specific Conductance [uS/cm]
# name 7 = sal00: Salinity, Practical [PSU]
# name 8 = depSM: Depth [salt water, m], lat = 59.00
# name 9 = oxsolML/L: Oxygen Saturation, Garcia & Gordon [ml/l]
# name 10 = potemp090C: Potential Temperature [ITS-90, deg C]
# name 11 = tv290C: Temperature [ITS-90, deg C]
# name 12 = sigma-é00: Density [sigma-theta, kg/m^3]
# name 13 = n2satML/L: Nitrogen Saturation [ml/l]
# name 14 = par: PAR/Irradiance, Biospherical/Licor
# name 15 = prdM: Pressure, Strain Gauge [db]
# name 16 = flag:  0.000e+00
# span 0 =          1,        684       
# span 1 = 311.679514, 311.681490       
# span 2 =    0.00000,    0.04743       
# span 3 =     0.0000,     2.8458       
# span 4 =      0.000,    170.750       
# span 5 =  1023.6450,  1024.2813       
# span 6 =  48294.042,  48876.640       
# span 7 =    30.4366,    30.8845       
# span 8 =      0.695,     79.921       
# span 9 =    6.63741,    6.77313       
# span 10 =     8.1475,     8.9404      
# span 11 =     8.1476,     8.9465      
# span 12 =    23.6386,    23.9136      
# span 13 =   11.98126,   12.21044      
# span 14 = 4.6481e-02, 1.7105e+02      
# span 15 =      0.702,     80.691      
# span 16 = 0.0000e+00, 0.0000e+00      
# interval = seconds: 0.25
# start_time = Nov 07 2017 16:18:30 [Instrument's time stamp, header]
# bad_flag = -9.990e-29
*END*
[from data line 511]
        512 311.680992    0.03549     2.1292    127.750  1024.0631  48757.390    30.8141     44.007    6.64882     8.8832     8.8827    23.8606   12.00084 7.4753e-02     44.427 0.0000e+00
        513 311.680995    0.03556     2.1333    128.000  1024.0633  48756.218    30.8136     44.217    6.64842     8.8849     8.8855    23.8598   12.00019 7.3699e-02     44.640 0.0000e+00
        514 311.680998    0.03562     2.1375    128.250  1024.0635  48755.332    30.8132     44.420    6.64811     8.8862     8.8877    23.8591   11.99967 7.2641e-02     44.844 0.0000e+00
        515 311.681001    0.03569     2.1417    128.500  1024.0643  48755.371    30.8133     44.621    6.64784     8.8875     8.8894    23.8590   11.99923 7.1484e-02     45.047 0.0000e+00
        516 311.681004    0.03576     2.1458    128.750  1024.0658  48756.448    30.8142     44.828    6.64760     8.8888     8.8908    23.8595   11.99883 7.0271e-02     45.256 0.0000e+00
        517 311.681007    0.03583     2.1500    129.000  1024.0677  48758.401    30.8156     45.042    6.64736     8.8903     8.8921    23.8604   11.99840 6.9194e-02     45.472 0.0000e+00
        518 311.681010    0.03590     2.1542    129.250  1024.0699  48760.757    30.8174     45.263    6.64708     8.8919     8.8934    23.8616   11.99793 6.8334e-02     45.695 0.0000e+00
        519 311.681013    0.03597     2.1583    129.500  1024.0721  48763.037    30.8191     45.485    6.64679     8.8936     8.8948    23.8627   11.99742 6.7605e-02     45.920 0.0000e+00
        520 311.681016    0.03604     2.1625    129.750  1024.0739  48764.688    30.8204     45.705    6.64649     8.8952     8.8965    23.8635   11.99690 6.6943e-02     46.142 0.0000e+00
        521 311.681019    0.03611     2.1667    130.000  1024.0750  48765.244    30.8209     45.921    6.64621     8.8964     8.8982    23.8637   11.99643 6.6368e-02     46.360 0.0000e+00
        522 311.681021    0.03618     2.1708    130.250  1024.0757  48765.010    30.8209     46.133    6.64597     8.8973     8.8998    23.8634   11.99604 6.5868e-02     46.574 0.0000e+00
        523 311.681024    0.03625     2.1750    130.500  1024.0763  48764.607    30.8207     46.345    6.64579     8.8980     8.9011    23.8631   11.99573 6.5372e-02     46.787 0.0000e+00
        524 311.681027    0.03632     2.1792    130.750  1024.0771  48764.358    30.8206     46.559    6.64565     8.8985     8.9021    23.8628   11.99551 6.4875e-02     47.003 0.0000e+00
        525 311.681030    0.03639     2.1833    131.000  1024.0780  48764.422    30.8206     46.778    6.64555     8.8990     8.9028    23.8628   11.99534 6.4368e-02     47.225 0.0000e+00
        526 311.681033    0.03646     2.1875    131.250  1024.0792  48764.870    30.8209     47.004    6.64546     8.8994     8.9033    23.8629   11.99518 6.3811e-02     47.453 0.0000e+00
        527 311.681036    0.03653     2.1917    131.500  1024.0806  48765.724    30.8215     47.232    6.64536     8.9000     8.9038    23.8633   11.99502 6.3201e-02     47.683 0.0000e+00
        528 311.681039    0.03660     2.1958    131.750  1024.0823  48767.040    30.8224     47.457    6.64525     8.9009     8.9043    23.8639   11.99483 6.2552e-02     47.911 0.0000e+00
        529 311.681042    0.03667     2.2000    132.000  1024.0842  48768.850    30.8237     47.678    6.64511     8.9020     8.9049    23.8648   11.99457 6.1869e-02     48.133 0.0000e+00
        530 311.681045    0.03674     2.2042    132.250  1024.0861  48770.788    30.8250     47.893    6.64492     8.9032     8.9058    23.8658   11.99424 6.1181e-02     48.350 0.0000e+00
        531 311.681047    0.03681     2.2083    132.500  1024.0877  48772.113    30.8260     48.105    6.64471     8.9045     8.9069    23.8664   11.99389 6.0573e-02     48.564 0.0000e+00
        532 311.681050    0.03687     2.2125    132.750  1024.0888  48772.541    30.8264     48.319    6.64451     8.9056     8.9081    23.8665   11.99354 6.0078e-02     48.780 0.0000e+00
        533 311.681053    0.03694     2.2167    133.000  1024.0896  48772.352    30.8264     48.536    6.64432     8.9064     8.9094    23.8662   11.99323 5.9643e-02     49.000 0.0000e+00
        534 311.681056    0.03701     2.2208    133.250  1024.0903  48771.916    30.8261     48.756    6.64417     8.9070     8.9105    23.8659   11.99298 5.9227e-02     49.222 0.0000e+00
        535 311.681059    0.03708     2.2250    133.500  1024.0910  48771.511    30.8258     48.976    6.64405     8.9074     8.9114    23.8656   11.99278 5.8820e-02     49.444 0.0000e+00
        536 311.681062    0.03715     2.2292    133.750  1024.0917  48771.210    30.8256     49.192    6.64396     8.9077     8.9121    23.8653   11.99264 5.8431e-02     49.662 0.0000e+00
        537 311.681065    0.03722     2.2333    134.000  1024.0925  48771.083    30.8255     49.403    6.64390     8.9078     8.9125    23.8651   11.99255 5.8084e-02     49.875 0.0000e+00
        538 311.681068    0.03729     2.2375    134.250  1024.0934  48771.206    30.8256     49.609    6.64386     8.9079     8.9128    23.8651   11.99248 5.7756e-02     50.083 0.0000e+00
        539 311.681071    0.03736     2.2417    134.500  1024.0945  48771.480    30.8257     49.815    6.64383     8.9078     8.9129    23.8652   11.99243 5.7435e-02     50.291 0.0000e+00
        540 311.681073    0.03743     2.2458    134.750  1024.0955  48771.723    30.8258     50.024    6.64382     8.9076     8.9129    23.8653   11.99241 5.7142e-02     50.502 0.0000e+00
        541 311.681076    0.03750     2.2500    135.000  1024.0965  48771.898    30.8258     50.238    6.64382     8.9073     8.9129    23.8653   11.99242 5.6850e-02     50.719 0.0000e+00
        542 311.681079    0.03757     2.2542    135.250  1024.0975  48772.121    30.8258     50.460    6.64385     8.9068     8.9127    23.8654   11.99245 5.6526e-02     50.943 0.0000e+00
        543 311.681082    0.03764     2.2583    135.500  1024.0987  48772.516    30.8260     50.686    6.64389     8.9063     8.9124    23.8655   11.99252 5.6180e-02     51.171 0.0000e+00
        544 311.681085    0.03771     2.2625    135.750  1024.1001  48773.262    30.8263     50.911    6.64394     8.9057     8.9120    23.8659   11.99260 5.5864e-02     51.398 0.0000e+00
        545 311.681088    0.03778     2.2667    136.000  1024.1018  48774.462    30.8270     51.131    6.64399     8.9053     8.9115    23.8665   11.99268 5.5549e-02     51.620 0.0000e+00
        546 311.681091    0.03785     2.2708    136.250  1024.1035  48775.881    30.8278     51.345    6.64403     8.9051     8.9110    23.8672   11.99273 5.5188e-02     51.836 0.0000e+00
        547 311.681094    0.03792     2.2750    136.500  1024.1051  48777.199    30.8286     51.554    6.64405     8.9049     8.9106    23.8679   11.99276 5.4790e-02     52.047 0.0000e+00
        548 311.681097    0.03799     2.2792    136.750  1024.1067  48778.405    30.8293     51.761    6.64406     8.9049     8.9104    23.8685   11.99276 5.4352e-02     52.256 0.0000e+00
        549 311.681100    0.03806     2.2833    137.000  1024.1082  48779.634    30.8301     51.967    6.64404     8.9049     8.9103    23.8691   11.99272 5.3919e-02     52.464 0.0000e+00
        550 311.681102    0.03812     2.2875    137.250  1024.1098  48780.872    30.8308     52.174    6.64401     8.9050     8.9102    23.8697   11.99266 5.3548e-02     52.673 0.0000e+00
        551 311.681105    0.03819     2.2917    137.500  1024.1113  48782.067    30.8316     52.383    6.64397     8.9053     8.9103    23.8703   11.99259 5.3245e-02     52.884 0.0000e+00
        552 311.681108    0.03826     2.2958    137.750  1024.1129  48783.208    30.8323     52.594    6.64392     8.9056     8.9104    23.8709   11.99249 5.2996e-02     53.097 0.0000e+00
        553 311.681111    0.03833     2.3000    138.000  1024.1144  48784.337    30.8331     52.809    6.64385     8.9061     8.9107    23.8714   11.99237 5.2756e-02     53.314 0.0000e+00
        554 311.681114    0.03840     2.3042    138.250  1024.1159  48785.382    30.8338     53.031    6.64376     8.9067     8.9110    23.8719   11.99222 5.2496e-02     53.538 0.0000e+00
        555 311.681117    0.03847     2.3083    138.500  1024.1173  48786.173    30.8343     53.258    6.64366     8.9073     8.9115    23.8722   11.99205 5.2237e-02     53.768 0.0000e+00
        556 311.681120    0.03854     2.3125    138.750  1024.1186  48786.907    30.8348     53.490    6.64355     8.9079     8.9121    23.8725   11.99186 5.2006e-02     54.002 0.0000e+00
        557 311.681123    0.03861     2.3167    139.000  1024.1202  48787.920    30.8355     53.720    6.64343     8.9087     8.9128    23.8730   11.99165 5.1808e-02     54.234 0.0000e+00
        558 311.681126    0.03868     2.3208    139.250  1024.1217  48789.086    30.8363     53.945    6.64329     8.9096     8.9134    23.8735   11.99141 5.1654e-02     54.461 0.0000e+00
        559 311.681128    0.03875     2.3250    139.500  1024.1231  48789.945    30.8369     54.161    6.64314     8.9104     8.9142    23.8739   11.99116 5.1530e-02     54.679 0.0000e+00
        560 311.681131    0.03882     2.3292    139.750  1024.1241  48790.327    30.8372     54.367    6.64300     8.9112     8.9151    23.8740   11.99092 5.1408e-02     54.887 0.0000e+00
        561 311.681134    0.03889     2.3333    140.000  1024.1250  48790.419    30.8373     54.566    6.64287     8.9118     8.9160    23.8739   11.99070 5.1293e-02     55.088 0.0000e+00
        562 311.681137    0.03896     2.3375    140.250  1024.1258  48790.416    30.8373     54.763    6.64275     8.9123     8.9168    23.8738   11.99051 5.1164e-02     55.288 0.0000e+00
        563 311.681140    0.03903     2.3417    140.500  1024.1267  48790.467    30.8374     54.966    6.64266     8.9127     8.9174    23.8738   11.99035 5.0988e-02     55.493 0.0000e+00
        564 311.681143    0.03910     2.3458    140.750  1024.1277  48790.638    30.8375     55.179    6.64258     8.9130     8.9179    23.8738   11.99021 5.0804e-02     55.708 0.0000e+00
        565 311.681146    0.03917     2.3500    141.000  1024.1288  48790.959    30.8377     55.405    6.64251     8.9133     8.9184    23.8739   11.99009 5.0619e-02     55.935 0.0000e+00
        566 311.681149    0.03924     2.3542    141.250  1024.1301  48791.441    30.8379     55.639    6.64245     8.9136     8.9187    23.8740   11.98998 5.0365e-02     56.172 0.0000e+00
        567 311.681152    0.03931     2.3583    141.500  1024.1314  48791.998    30.8383     55.873    6.64239     8.9138     8.9190    23.8743   11.98988 5.0075e-02     56.408 0.0000e+00
        568 311.681155    0.03938     2.3625    141.750  1024.1327  48792.660    30.8387     56.097    6.64233     8.9141     8.9193    23.8746   11.98978 4.9834e-02     56.634 0.0000e+00
        569 311.681157    0.03944     2.3667    142.000  1024.1340  48793.487    30.8392     56.306    6.64226     8.9144     8.9195    23.8749   11.98967 4.9647e-02     56.845 0.0000e+00
        570 311.681160    0.03951     2.3708    142.250  1024.1354  48794.513    30.8399     56.502    6.64219     8.9149     8.9198    23.8754   11.98955 4.9492e-02     57.044 0.0000e+00
        571 311.681163    0.03958     2.3750    142.500  1024.1370  48795.941    30.8409     56.695    6.64210     8.9156     8.9202    23.8761   11.98938 4.9373e-02     57.238 0.0000e+00
        572 311.681166    0.03965     2.3792    142.750  1024.1390  48798.098    30.8424     56.893    6.64196     8.9168     8.9207    23.8772   11.98913 4.9304e-02     57.438 0.0000e+00
        573 311.681169    0.03972     2.3833    143.000  1024.1416  48801.335    30.8447     57.104    6.64175     8.9185     8.9215    23.8789   11.98875 4.9245e-02     57.651 0.0000e+00
        574 311.681172    0.03979     2.3875    143.250  1024.1448  48805.359    30.8475     57.329    6.64145     8.9208     8.9227    23.8809   11.98822 4.9137e-02     57.879 0.0000e+00
        575 311.681175    0.03986     2.3917    143.500  1024.1478  48809.237    30.8504     57.561    6.64106     8.9234     8.9244    23.8829   11.98755 4.9006e-02     58.113 0.0000e+00
        576 311.681178    0.03993     2.3958    143.750  1024.1504  48812.458    30.8528     57.790    6.64062     8.9263     8.9267    23.8845   11.98678 4.8889e-02     58.344 0.0000e+00
        577 311.681181    0.04000     2.4000    144.000  1024.1526  48814.951    30.8549     58.010    6.64014     8.9292     8.9293    23.8857   11.98596 4.8779e-02     58.566 0.0000e+00
        578 311.681183    0.04007     2.4042    144.250  1024.1543  48816.614    30.8564     58.220    6.63965     8.9320     8.9322    23.8864   11.98513 4.8679e-02     58.778 0.0000e+00
        579 311.681186    0.04014     2.4083    144.500  1024.1556  48817.584    30.8574     58.422    6.63917     8.9347     8.9352    23.8868   11.98432 4.8597e-02     58.982 0.0000e+00
        580 311.681189    0.04021     2.4125    144.750  1024.1567  48818.272    30.8582     58.620    6.63871     8.9371     8.9380    23.8870   11.98355 4.8526e-02     59.182 0.0000e+00
        581 311.681192    0.04028     2.4167    145.000  1024.1576  48818.528    30.8586     58.821    6.63829     8.9390     8.9407    23.8869   11.98286 4.8463e-02     59.384 0.0000e+00
        582 311.681195    0.04035     2.4208    145.250  1024.1579  48817.784    30.8584     59.028    6.63795     8.9401     8.9431    23.8864   11.98230 4.8383e-02     59.594 0.0000e+00
        583 311.681198    0.04042     2.4250    145.500  1024.1578  48815.980    30.8573     59.245    6.63771     8.9404     8.9450    23.8852   11.98192 4.8266e-02     59.813 0.0000e+00
        584 311.681201    0.04049     2.4292    145.750  1024.1574  48813.636    30.8557     59.469    6.63760     8.9398     8.9462    23.8838   11.98176 4.8155e-02     60.039 0.0000e+00
        585 311.681204    0.04056     2.4333    146.000  1024.1573  48811.695    30.8543     59.696    6.63762     8.9386     8.9465    23.8827   11.98179 4.8090e-02     60.268 0.0000e+00
        586 311.681207    0.04063     2.4375    146.250  1024.1578  48810.871    30.8536     59.919    6.63773     8.9372     8.9459    23.8822   11.98199 4.8040e-02     60.494 0.0000e+00
        587 311.681209    0.04069     2.4417    146.500  1024.1590  48811.210    30.8535     60.133    6.63791     8.9357     8.9448    23.8823   11.98228 4.7993e-02     60.710 0.0000e+00
        588 311.681212    0.04076     2.4458    146.750  1024.1606  48812.423    30.8541     60.337    6.63809     8.9344     8.9433    23.8830   11.98259 4.7951e-02     60.916 0.0000e+00
        589 311.681215    0.04083     2.4500    147.000  1024.1624  48814.069    30.8549     60.536    6.63827     8.9332     8.9419    23.8839   11.98287 4.7910e-02     61.116 0.0000e+00
        590 311.681218    0.04090     2.4542    147.250  1024.1643  48815.850    30.8559     60.735    6.63843     8.9322     8.9406    23.8849   11.98312 4.7879e-02     61.317 0.0000e+00
        591 311.681221    0.04097     2.4583    147.500  1024.1662  48817.646    30.8569     60.941    6.63856     8.9314     8.9394    23.8858   11.98332 4.7858e-02     61.525 0.0000e+00
        592 311.681224    0.04104     2.4625    147.750  1024.1681  48819.366    30.8579     61.155    6.63866     8.9307     8.9384    23.8867   11.98348 4.7842e-02     61.741 0.0000e+00
        593 311.681227    0.04111     2.4667    148.000  1024.1700  48821.074    30.8589     61.375    6.63874     8.9301     8.9376    23.8876   11.98360 4.7797e-02     61.963 0.0000e+00
        594 311.681230    0.04118     2.4708    148.250  1024.1719  48822.840    30.8599     61.595    6.63880     8.9297     8.9369    23.8886   11.98368 4.7690e-02     62.186 0.0000e+00
        595 311.681233    0.04125     2.4750    148.500  1024.1738  48824.577    30.8610     61.812    6.63883     8.9295     8.9364    23.8895   11.98373 4.7558e-02     62.405 0.0000e+00
