CTD-processing/allCTD/CNV--homogene/2017_10-17_t9_s01_cast055.cnv
* Sea-Bird SBE19plus Data File:
* FileName = C:\Users\Kim.Powell\Desktop\Not Processed\2017\2017_10-17\2017_10-17_TRANSECT_STATION_cast055.hex
* Software Version 1.59
* Temperature SN =  4141
* Conductivity SN =  4141
* System UpLoad Time = Oct 20 2017 08:55:02
** Transect:
** 2017_10-17
** Station: 9-01
** Start Time: 14:00
** Depth (m): 64.3
** Comment: Edgecumbe
** Comment:
# nquan = 17
# nvalues = 729                         
# units = specified
# name 0 = scan: Scan Count
# name 1 = timeJ: Julian Days
# name 2 = timeH: Time, Elapsed [hours]
# name 3 = timeM: Time, Elapsed [minutes]
# name 4 = timeS: Time, Elapsed [seconds]
# name 5 = density00: Density [density, kg/m^3]
# name 6 = specc: Specific Conductance [uS/cm]
# name 7 = sal00: Salinity, Practical [PSU]
# name 8 = depSM: Depth [salt water, m], lat = 59.00
# name 9 = oxsolML/L: Oxygen Saturation, Garcia & Gordon [ml/l]
# name 10 = potemp090C: Potential Temperature [ITS-90, deg C]
# name 11 = tv290C: Temperature [ITS-90, deg C]
# name 12 = sigma-é00: Density [sigma-theta, kg/m^3]
# name 13 = n2satML/L: Nitrogen Saturation [ml/l]
# name 14 = par: PAR/Irradiance, Biospherical/Licor
# name 15 = prdM: Pressure, Strain Gauge [db]
# name 16 = flag:  0.000e+00
# span 0 =          1,        729       
# span 1 = 290.583565, 290.585671       
# span 2 =    0.00000,    0.05056       
# span 3 =     0.0000,     3.0333       
# span 4 =      0.000,    182.000       
# span 5 =  1000.9074,  1024.1716       
# span 6 =   2354.266,  48825.999       
# span 7 =     1.1605,    30.9792       
# span 8 =     -0.228,     72.336       
# span 9 =    6.49102,    9.19691       
# span 10 =     3.5889,     9.9727      
# span 11 =     3.5889,     9.9752      
# span 12 =     0.9086,    23.8404      
# span 13 =   11.73925,   16.67350      
# span 14 = 3.6382e-02, 8.9346e+02      
# span 15 =     -0.230,     73.031      
# span 16 = 0.0000e+00, 0.0000e+00      
# interval = seconds: 0.25
# start_time = Oct 17 2017 14:00:20 [Instrument's time stamp, header]
# bad_flag = -9.990e-29
*END*
[from data line 171]
        172 290.584060    0.01188     0.7125     42.750  1022.5167  46202.016    28.9196      1.064    6.87679     7.9343     7.9350    22.5117   12.40187 3.5347e+02      1.074 0.0000e+00
        173 290.584063    0.01194     0.7167     43.000  1022.5237  46214.966    28.9285      1.062    6.87641     7.9336     7.9348    22.5187   12.40114 3.5722e+02      1.072 0.0000e+00
        174 290.584065    0.01201     0.7208     43.250  1022.5316  46229.640    28.9386      1.054    6.87603     7.9333     7.9344    22.5267   12.40038 3.5648e+02      1.064 0.0000e+00
        175 290.584068    0.01208     0.7250     43.500  1022.5359  46237.662    28.9441      1.043    6.87589     7.9337     7.9337    22.5311   12.40007 3.4397e+02      1.053 0.0000e+00
        176 290.584071    0.01215     0.7292     43.750  1022.5342  46234.550    28.9419      1.034    6.87604     7.9347     7.9334    22.5294   12.40034 3.2278e+02      1.044 0.0000e+00
        177 290.584074    0.01222     0.7333     44.000  1022.5277  46222.688    28.9337      1.030    6.87634     7.9358     7.9338    22.5230   12.40094 3.0910e+02      1.040 0.0000e+00
        178 290.584077    0.01229     0.7375     44.250  1022.5201  46208.698    28.9242      1.029    6.87661     7.9363     7.9348    22.5153   12.40150 3.0532e+02      1.039 0.0000e+00
        179 290.584080    0.01236     0.7417     44.500  1022.5140  46197.467    28.9166      1.029    6.87677     7.9358     7.9359    22.5092   12.40187 3.0648e+02      1.039 0.0000e+00
        180 290.584083    0.01243     0.7458     44.750  1022.5107  46191.393    28.9125      1.029    6.87688     7.9345     7.9364    22.5059   12.40210 3.1159e+02      1.039 0.0000e+00
        181 290.584086    0.01250     0.7500     45.000  1022.5104  46190.815    28.9120      1.028    6.87698     7.9327     7.9359    22.5056   12.40227 3.1469e+02      1.038 0.0000e+00
        182 290.584089    0.01257     0.7542     45.250  1022.5114  46192.497    28.9129      1.027    6.87715     7.9310     7.9346    22.5066   12.40254 3.1132e+02      1.037 0.0000e+00
        183 290.584091    0.01264     0.7583     45.500  1022.5111  46191.946    28.9123      1.029    6.87745     7.9297     7.9328    22.5063   12.40305 3.1074e+02      1.039 0.0000e+00
        184 290.584094    0.01271     0.7625     45.750  1022.5092  46188.245    28.9095      1.035    6.87784     7.9287     7.9311    22.5043   12.40373 3.1729e+02      1.045 0.0000e+00
        185 290.584097    0.01278     0.7667     46.000  1022.5073  46184.612    28.9068      1.043    6.87817     7.9277     7.9298    22.5024   12.40431 3.2077e+02      1.053 0.0000e+00
        186 290.584100    0.01285     0.7708     46.250  1022.5077  46185.340    28.9072      1.052    6.87831     7.9262     7.9288    22.5028   12.40454 3.1423e+02      1.062 0.0000e+00
        187 290.584103    0.01292     0.7750     46.500  1022.5124  46193.942    28.9130      1.057    6.87822     7.9240     7.9278    22.5075   12.40431 3.0130e+02      1.066 0.0000e+00
        188 290.584106    0.01299     0.7792     46.750  1022.5219  46211.296    28.9248      1.054    6.87792     7.9211     7.9263    22.5169   12.40367 2.9054e+02      1.064 0.0000e+00
        189 290.584109    0.01306     0.7833     47.000  1022.5339  46233.421    28.9398      1.044    6.87759     7.9175     7.9241    22.5290   12.40294 2.8419e+02      1.054 0.0000e+00
        190 290.584112    0.01313     0.7875     47.250  1022.5446  46253.238    28.9531      1.030    6.87746     7.9141     7.9212    22.5398   12.40255 2.7851e+02      1.040 0.0000e+00
        191 290.584115    0.01319     0.7917     47.500  1022.5505  46264.068    28.9600      1.016    6.87770     7.9118     7.9176    22.5458   12.40287 2.7450e+02      1.025 0.0000e+00
        192 290.584117    0.01326     0.7958     47.750  1022.5502  46263.452    28.9591      1.007    6.87827     7.9107     7.9142    22.5455   12.40383 2.7650e+02      1.016 0.0000e+00
        193 290.584120    0.01333     0.8000     48.000  1022.5462  46255.980    28.9536      1.005    6.87889     7.9104     7.9119    22.5415   12.40491 2.8833e+02      1.014 0.0000e+00
        194 290.584123    0.01340     0.8042     48.250  1022.5421  46248.453    28.9483      1.011    6.87930     7.9104     7.9108    22.5375   12.40567 3.0388e+02      1.020 0.0000e+00
        195 290.584126    0.01347     0.8083     48.500  1022.5402  46244.725    28.9456      1.021    6.87947     7.9103     7.9105    22.5355   12.40598 3.1190e+02      1.030 0.0000e+00
        196 290.584129    0.01354     0.8125     48.750  1022.5416  46247.371    28.9475      1.029    6.87939     7.9103     7.9105    22.5369   12.40583 3.1435e+02      1.039 0.0000e+00
        197 290.584132    0.01361     0.8167     49.000  1022.5472  46257.518    28.9545      1.033    6.87908     7.9102     7.9104    22.5424   12.40522 3.2149e+02      1.043 0.0000e+00
        198 290.584135    0.01368     0.8208     49.250  1022.5551  46272.143    28.9646      1.031    6.87863     7.9100     7.9104    22.5503   12.40435 3.3218e+02      1.041 0.0000e+00
        199 290.584138    0.01375     0.8250     49.500  1022.5619  46284.694    28.9732      1.024    6.87826     7.9101     7.9103    22.5571   12.40362 3.3513e+02      1.034 0.0000e+00
        200 290.584141    0.01382     0.8292     49.750  1022.5643  46289.138    28.9763      1.016    6.87816     7.9107     7.9101    22.5595   12.40342 3.3734e+02      1.026 0.0000e+00
        201 290.584144    0.01389     0.8333     50.000  1022.5614  46283.934    28.9727      1.010    6.87830     7.9114     7.9102    22.5567   12.40370 3.5140e+02      1.020 0.0000e+00
        202 290.584146    0.01396     0.8375     50.250  1022.5554  46272.909    28.9652      1.010    6.87854     7.9122     7.9108    22.5507   12.40420 3.6714e+02      1.020 0.0000e+00
        203 290.584149    0.01403     0.8417     50.500  1022.5498  46262.591    28.9582      1.013    6.87874     7.9131     7.9115    22.5451   12.40462 3.7414e+02      1.023 0.0000e+00
        204 290.584152    0.01410     0.8458     50.750  1022.5471  46257.628    28.9548      1.018    6.87878     7.9143     7.9123    22.5424   12.40472 3.8412e+02      1.028 0.0000e+00
        205 290.584155    0.01417     0.8500     51.000  1022.5479  46259.124    28.9560      1.021    6.87859     7.9160     7.9132    22.5432   12.40439 3.9071e+02      1.031 0.0000e+00
        206 290.584158    0.01424     0.8542     51.250  1022.5508  46264.467    28.9598      1.020    6.87822     7.9182     7.9144    22.5461   12.40373 3.6698e+02      1.030 0.0000e+00
        207 290.584161    0.01431     0.8583     51.500  1022.5526  46267.942    28.9625      1.015    6.87784     7.9210     7.9161    22.5479   12.40306 3.2792e+02      1.025 0.0000e+00
        208 290.584164    0.01438     0.8625     51.750  1022.5510  46265.143    28.9609      1.010    6.87757     7.9245     7.9183    22.5464   12.40263 3.0191e+02      1.020 0.0000e+00
        209 290.584167    0.01444     0.8667     52.000  1022.5459  46255.819    28.9548      1.009    6.87739     7.9282     7.9211    22.5412   12.40242 2.8847e+02      1.018 0.0000e+00
        210 290.584170    0.01451     0.8708     52.250  1022.5389  46243.014    28.9465      1.012    6.87722     7.9315     7.9245    22.5342   12.40224 2.8193e+02      1.022 0.0000e+00
        211 290.584172    0.01458     0.8750     52.500  1022.5324  46231.172    28.9388      1.019    6.87698     7.9339     7.9282    22.5277   12.40194 2.8048e+02      1.029 0.0000e+00
        212 290.584175    0.01465     0.8792     52.750  1022.5284  46223.767    28.9342      1.027    6.87667     7.9354     7.9315    22.5236   12.40149 2.8208e+02      1.037 0.0000e+00
        213 290.584178    0.01472     0.8833     53.000  1022.5275  46222.174    28.9334      1.032    6.87633     7.9361     7.9340    22.5226   12.40093 2.8584e+02      1.042 0.0000e+00
        214 290.584181    0.01479     0.8875     53.250  1022.5291  46225.331    28.9358      1.034    6.87598     7.9358     7.9355    22.5243   12.40032 2.8892e+02      1.044 0.0000e+00
        215 290.584184    0.01486     0.8917     53.500  1022.5318  46230.229    28.9393      1.030    6.87572     7.9347     7.9361    22.5270   12.39985 2.8885e+02      1.040 0.0000e+00
        216 290.584187    0.01493     0.8958     53.750  1022.5339  46234.137    28.9419      1.024    6.87565     7.9333     7.9359    22.5291   12.39969 2.8823e+02      1.034 0.0000e+00
        217 290.584190    0.01500     0.9000     54.000  1022.5347  46235.764    28.9429      1.018    6.87578     7.9324     7.9347    22.5300   12.39989 2.8925e+02      1.028 0.0000e+00
        218 290.584193    0.01507     0.9042     54.250  1022.5341  46234.606    28.9419      1.013    6.87604     7.9326     7.9333    22.5294   12.40035 2.8944e+02      1.023 0.0000e+00
        219 290.584196    0.01514     0.9083     54.500  1022.5321  46230.756    28.9391      1.013    6.87630     7.9337     7.9325    22.5274   12.40081 2.8894e+02      1.023 0.0000e+00
        220 290.584198    0.01521     0.9125     54.750  1022.5291  46225.229    28.9353      1.016    6.87644     7.9352     7.9327    22.5244   12.40109 2.9452e+02      1.026 0.0000e+00
        221 290.584201    0.01528     0.9167     55.000  1022.5261  46219.772    28.9317      1.023    6.87642     7.9366     7.9338    22.5214   12.40111 3.0902e+02      1.033 0.0000e+00
        222 290.584204    0.01535     0.9208     55.250  1022.5243  46216.363    28.9296      1.031    6.87628     7.9374     7.9353    22.5195   12.40089 3.2124e+02      1.041 0.0000e+00
        223 290.584207    0.01542     0.9250     55.500  1022.5246  46216.951    28.9302      1.037    6.87604     7.9374     7.9367    22.5198   12.40049 3.1722e+02      1.047 0.0000e+00
        224 290.584210    0.01549     0.9292     55.750  1022.5276  46222.522    28.9342      1.038    6.87575     7.9369     7.9375    22.5228   12.39995 3.0377e+02      1.047 0.0000e+00
        225 290.584213    0.01556     0.9333     56.000  1022.5322  46231.124    28.9401      1.032    6.87547     7.9360     7.9375    22.5275   12.39942 2.9689e+02      1.042 0.0000e+00
        226 290.584216    0.01563     0.9375     56.250  1022.5362  46238.534    28.9452      1.022    6.87533     7.9354     7.9370    22.5315   12.39912 2.9979e+02      1.032 0.0000e+00
        227 290.584219    0.01569     0.9417     56.500  1022.5379  46241.598    28.9472      1.014    6.87537     7.9356     7.9361    22.5332   12.39916 3.0913e+02      1.024 0.0000e+00
        228 290.584222    0.01576     0.9458     56.750  1022.5369  46239.878    28.9459      1.010    6.87551     7.9365     7.9355    22.5323   12.39942 3.1590e+02      1.020 0.0000e+00
        229 290.584225    0.01583     0.9500     57.000  1022.5346  46235.462    28.9429      1.012    6.87563     7.9380     7.9357    22.5299   12.39965 3.1648e+02      1.022 0.0000e+00
        230 290.584227    0.01590     0.9542     57.250  1022.5323  46231.330    28.9401      1.020    6.87560     7.9395     7.9366    22.5276   12.39964 3.1831e+02      1.030 0.0000e+00
        231 290.584230    0.01597     0.9583     57.500  1022.5314  46229.699    28.9392      1.028    6.87542     7.9408     7.9381    22.5267   12.39935 3.1677e+02      1.038 0.0000e+00
        232 290.584233    0.01604     0.9625     57.750  1022.5325  46231.645    28.9408      1.034    6.87511     7.9418     7.9396    22.5277   12.39881 3.0599e+02      1.044 0.0000e+00
        233 290.584236    0.01611     0.9667     58.000  1022.5352  46236.693    28.9445      1.036    6.87474     7.9420     7.9409    22.5304   12.39815 2.9349e+02      1.046 0.0000e+00
        234 290.584239    0.01618     0.9708     58.250  1022.5386  46243.027    28.9490      1.034    6.87439     7.9416     7.9419    22.5338   12.39752 2.8825e+02      1.044 0.0000e+00
        235 290.584242    0.01625     0.9750     58.500  1022.5417  46248.748    28.9530      1.029    6.87417     7.9408     7.9421    22.5369   12.39710 2.9121e+02      1.039 0.0000e+00
        236 290.584245    0.01632     0.9792     58.750  1022.5438  46252.636    28.9556      1.024    6.87412     7.9401     7.9417    22.5390   12.39699 2.9582e+02      1.034 0.0000e+00
        237 290.584248    0.01639     0.9833     59.000  1022.5446  46254.095    28.9565      1.020    6.87421     7.9401     7.9409    22.5398   12.39713 2.9516e+02      1.030 0.0000e+00
        238 290.584251    0.01646     0.9875     59.250  1022.5440  46253.062    28.9557      1.019    6.87435     7.9409     7.9402    22.5393   12.39737 2.8817e+02      1.028 0.0000e+00
        239 290.584253    0.01653     0.9917     59.500  1022.5424  46250.108    28.9536      1.021    6.87444     7.9422     7.9402    22.5377   12.39755 2.8276e+02      1.030 0.0000e+00
        240 290.584256    0.01660     0.9958     59.750  1022.5404  46246.450    28.9512      1.025    6.87443     7.9437     7.9409    22.5357   12.39757 2.8378e+02      1.035 0.0000e+00
        241 290.584259    0.01667     1.0000     60.000  1022.5390  46243.762    28.9496      1.031    6.87430     7.9448     7.9423    22.5342   12.39736 2.9179e+02      1.041 0.0000e+00
        242 290.584262    0.01674     1.0042     60.250  1022.5390  46243.858    28.9498      1.035    6.87405     7.9452     7.9438    22.5342   12.39695 3.0696e+02      1.045 0.0000e+00
        243 290.584265    0.01681     1.0083     60.500  1022.5412  46247.935    28.9528      1.036    6.87375     7.9450     7.9449    22.5364   12.39641 3.1895e+02      1.045 0.0000e+00
        244 290.584268    0.01688     1.0125     60.750  1022.5450  46254.962    28.9577      1.032    6.87346     7.9448     7.9453    22.5402   12.39588 3.2307e+02      1.041 0.0000e+00
        245 290.584271    0.01694     1.0167     61.000  1022.5485  46261.592    28.9623      1.023    6.87328     7.9451     7.9451    22.5438   12.39552 3.2377e+02      1.032 0.0000e+00
        246 290.584274    0.01701     1.0208     61.250  1022.5503  46264.835    28.9645      1.012    6.87321     7.9461     7.9449    22.5455   12.39537 3.1898e+02      1.022 0.0000e+00
        247 290.584277    0.01708     1.0250     61.500  1022.5496  46263.722    28.9638      1.004    6.87319     7.9480     7.9452    22.5449   12.39536 3.1514e+02      1.013 0.0000e+00
        248 290.584280    0.01715     1.0292     61.750  1022.5470  46259.086    28.9607      0.998    6.87317     7.9504     7.9462    22.5424   12.39536 3.1673e+02      1.008 0.0000e+00
        249 290.584282    0.01722     1.0333     62.000  1022.5436  46252.921    28.9567      0.996    6.87307     7.9528     7.9480    22.5390   12.39523 3.2001e+02      1.006 0.0000e+00
        250 290.584285    0.01729     1.0375     62.250  1022.5406  46247.403    28.9533      0.997    6.87285     7.9547     7.9504    22.5360   12.39491 3.2655e+02      1.007 0.0000e+00
        251 290.584288    0.01736     1.0417     62.500  1022.5387  46244.025    28.9513      0.998    6.87256     7.9559     7.9528    22.5341   12.39446 3.3627e+02      1.007 0.0000e+00
        252 290.584291    0.01743     1.0458     62.750  1022.5381  46242.988    28.9508      0.998    6.87229     7.9565     7.9547    22.5335   12.39401 3.5399e+02      1.008 0.0000e+00
        253 290.584294    0.01750     1.0500     63.000  1022.5383  46243.342    28.9512      0.998    6.87208     7.9567     7.9559    22.5336   12.39366 3.7106e+02      1.008 0.0000e+00
        254 290.584297    0.01757     1.0542     63.250  1022.5387  46244.198    28.9519      0.998    6.87195     7.9567     7.9566    22.5341   12.39344 3.7070e+02      1.007 0.0000e+00
        255 290.584300    0.01764     1.0583     63.500  1022.5396  46245.811    28.9530      0.997    6.87186     7.9566     7.9568    22.5349   12.39328 3.5527e+02      1.007 0.0000e+00
