CTD-processing/allCTD/CNV--homogene/2017_07-25_t3_s14_cast236.cnv
* Sea-Bird SBE19plus Data File:
* FileName = P:\My Documents\kasitsna\Research-KBL\Oceanography-AK\CTD-Data-ALL-to-2017-02\2017-CTD-KachemakBay-CookInlet\2017-07-25-CookInlet-Tran3-AnchorPt\2017-07-25-CookInlet-Tran3-cast236.hex
* Software Version 1.59
* Temperature SN =  4141
* Conductivity SN =  4141
* System UpLoad Time = Jul 25 2017 20:58:37
** Cook Inlet LTM Transect 3 Anchor Pt (3-16 NE to 3-12)
** Date: 2017-07-25
** Station: (eg. 9-01): 3-14
** Start time (AKDT): 12:43
** Depth (m): 24.4
** Comment: R/V Edgecumbe.  Quarterly survey.
** Comment:
# nquan = 17
# nvalues = 393                         
# units = specified
# name 0 = scan: Scan Count
# name 1 = timeJ: Julian Days
# name 2 = timeH: Time, Elapsed [hours]
# name 3 = timeM: Time, Elapsed [minutes]
# name 4 = timeS: Time, Elapsed [seconds]
# name 5 = density00: Density [density, kg/m^3]
# name 6 = specc: Specific Conductance [uS/cm]
# name 7 = sal00: Salinity, Practical [PSU]
# name 8 = depSM: Depth [salt water, m], lat = 59.00
# name 9 = oxsolML/L: Oxygen Saturation, Garcia & Gordon [ml/l]
# name 10 = potemp090C: Potential Temperature [ITS-90, deg C]
# name 11 = tv290C: Temperature [ITS-90, deg C]
# name 12 = sigma-é00: Density [sigma-theta, kg/m^3]
# name 13 = n2satML/L: Nitrogen Saturation [ml/l]
# name 14 = par: PAR/Irradiance, Biospherical/Licor
# name 15 = prdM: Pressure, Strain Gauge [db]
# name 16 = flag:  0.000e+00
# span 0 =          1,        393       
# span 1 = 206.529711, 206.530845       
# span 2 =    0.00000,    0.02722       
# span 3 =     0.0000,     1.6333       
# span 4 =      0.000,     98.000       
# span 5 =  1023.2691,  1023.9994       
# span 6 =  47825.888,  48975.043       
# span 7 =    30.3894,    31.1890       
# span 8 =      0.756,     20.993       
# span 9 =    6.38240,    6.42797       
# span 10 =    10.3644,    10.6133      
# span 11 =    10.3668,    10.6798      
# span 12 =    23.2653,    23.9035      
# span 13 =   11.55688,   11.63989      
# span 14 = 4.5586e-01, 4.6140e+02      
# span 15 =      0.763,     21.192      
# span 16 = 0.0000e+00, 0.0000e+00      
# interval = seconds: 0.25
# start_time = Jul 25 2017 12:42:47 [Instrument's time stamp, header]
# bad_flag = -9.990e-29
*END*
[from data line 86]
         87 206.529959    0.00597     0.3583     21.500  1023.3882  48042.968    30.5421      0.826    6.42157    10.5434    10.5411    23.3844   11.62761 2.1985e+02      0.834 0.0000e+00
         88 206.529962    0.00604     0.3625     21.750  1023.3688  48008.164    30.5178      0.815    6.42228    10.5414    10.5432    23.3651   11.62907 2.2919e+02      0.823 0.0000e+00
         89 206.529965    0.00611     0.3667     22.000  1023.3663  48003.498    30.5146      0.822    6.42237    10.5375    10.5435    23.3626   11.62926 2.3393e+02      0.830 0.0000e+00
         90 206.529968    0.00618     0.3708     22.250  1023.3717  48012.846    30.5209      0.848    6.42238    10.5328    10.5415    23.3679   11.62920 2.3739e+02      0.856 0.0000e+00
         91 206.529971    0.00625     0.3750     22.500  1023.3865  48038.993    30.5389      0.885    6.42218    10.5282    10.5376    23.3825   11.62866 2.4044e+02      0.893 0.0000e+00
         92 206.529974    0.00632     0.3792     22.750  1023.4115  48083.539    30.5697      0.922    6.42158    10.5246    10.5329    23.4073   11.62730 2.4011e+02      0.931 0.0000e+00
         93 206.529977    0.00639     0.3833     23.000  1023.4429  48139.881    30.6089      0.947    6.42062    10.5226    10.5283    23.4386   11.62524 2.3561e+02      0.956 0.0000e+00
         94 206.529980    0.00646     0.3875     23.250  1023.4728  48193.899    30.6466      0.954    6.41958    10.5227    10.5247    23.4685   11.62307 2.2734e+02      0.963 0.0000e+00
         95 206.529983    0.00653     0.3917     23.500  1023.4909  48226.503    30.6694      0.944    6.41893    10.5251    10.5227    23.4866   11.62172 2.1583e+02      0.953 0.0000e+00
         96 206.529986    0.00660     0.3958     23.750  1023.4935  48231.420    30.6729      0.919    6.41876    10.5290    10.5228    23.4893   11.62141 2.0303e+02      0.928 0.0000e+00
         97 206.529988    0.00667     0.4000     24.000  1023.4772  48202.315    30.6527      0.888    6.41927    10.5339    10.5252    23.4732   11.62248 1.9275e+02      0.896 0.0000e+00
         98 206.529991    0.00674     0.4042     24.250  1023.4316  48119.981    30.5952      0.855    6.42107    10.5387    10.5291    23.4277   11.62616 1.8919e+02      0.863 0.0000e+00
         99 206.529994    0.00681     0.4083     24.500  1023.3571  47985.068    30.5007      0.827    6.42427    10.5422    10.5340    23.3533   11.63259 1.9340e+02      0.835 0.0000e+00
        100 206.529997    0.00688     0.4125     24.750  1023.2898  47863.234    30.4154      0.811    6.42710    10.5436    10.5387    23.2861   11.63830 2.0264e+02      0.818 0.0000e+00
        101 206.530000    0.00694     0.4167     25.000  1023.2691  47825.888    30.3894      0.810    6.42767    10.5427    10.5423    23.2653   11.63954 2.1348e+02      0.818 0.0000e+00
        102 206.530003    0.00701     0.4208     25.250  1023.2921  47867.945    30.4192      0.826    6.42625    10.5400    10.5437    23.2883   11.63684 2.2207e+02      0.834 0.0000e+00
        103 206.530006    0.00708     0.4250     25.500  1023.3390  47953.132    30.4791      0.856    6.42392    10.5362    10.5428    23.3350   11.63226 2.2460e+02      0.864 0.0000e+00
        104 206.530009    0.00715     0.4292     25.750  1023.3946  48053.996    30.5498      0.888    6.42140    10.5325    10.5401    23.3906   11.62724 2.2270e+02      0.896 0.0000e+00
        105 206.530012    0.00722     0.4333     26.000  1023.4474  48149.516    30.6167      0.907    6.41918    10.5297    10.5363    23.4433   11.62277 2.2305e+02      0.916 0.0000e+00
        106 206.530014    0.00729     0.4375     26.250  1023.4896  48225.812    30.6701      0.906    6.41752    10.5286    10.5326    23.4854   11.61937 2.3161e+02      0.915 0.0000e+00
        107 206.530017    0.00736     0.4417     26.500  1023.5128  48267.877    30.6994      0.885    6.41670    10.5291    10.5298    23.5087   11.61766 2.5022e+02      0.893 0.0000e+00
        108 206.530020    0.00743     0.4458     26.750  1023.5129  48268.207    30.6995      0.854    6.41685    10.5301    10.5287    23.5090   11.61792 2.7363e+02      0.862 0.0000e+00
        109 206.530023    0.00750     0.4500     27.000  1023.5001  48245.161    30.6834      0.830    6.41744    10.5301    10.5292    23.4963   11.61909 2.9103e+02      0.838 0.0000e+00
        110 206.530026    0.00757     0.4542     27.250  1023.4920  48230.609    30.6732      0.823    6.41772    10.5285    10.5302    23.4883   11.61967 2.9569e+02      0.831 0.0000e+00
        111 206.530029    0.00764     0.4583     27.500  1023.4935  48233.329    30.6751      0.837    6.41764    10.5255    10.5302    23.4897   11.61952 2.9070e+02      0.845 0.0000e+00
        112 206.530032    0.00771     0.4625     27.750  1023.5031  48250.349    30.6869      0.867    6.41739    10.5221    10.5286    23.4992   11.61896 2.8325e+02      0.875 0.0000e+00
        113 206.530035    0.00778     0.4667     28.000  1023.5263  48291.847    30.7158      0.899    6.41662    10.5192    10.5256    23.5222   11.61734 2.7808e+02      0.907 0.0000e+00
        114 206.530038    0.00785     0.4708     28.250  1023.5605  48353.504    30.7589      0.916    6.41533    10.5176    10.5222    23.5563   11.61469 2.7669e+02      0.924 0.0000e+00
        115 206.530041    0.00792     0.4750     28.500  1023.5910  48408.594    30.7975      0.911    6.41415    10.5176    10.5193    23.5868   11.61228 2.7928e+02      0.920 0.0000e+00
        116 206.530043    0.00799     0.4792     28.750  1023.6082  48439.842    30.8193      0.887    6.41348    10.5188    10.5177    23.6041   11.61091 2.8547e+02      0.896 0.0000e+00
        117 206.530046    0.00806     0.4833     29.000  1023.6133  48449.515    30.8262      0.853    6.41320    10.5201    10.5177    23.6094   11.61036 2.9505e+02      0.861 0.0000e+00
        118 206.530049    0.00813     0.4875     29.250  1023.6140  48451.080    30.8274      0.820    6.41299    10.5206    10.5189    23.6102   11.60999 3.0967e+02      0.828 0.0000e+00
        119 206.530052    0.00819     0.4917     29.500  1023.6173  48457.555    30.8322      0.799    6.41261    10.5198    10.5202    23.6137   11.60931 3.2864e+02      0.807 0.0000e+00
        120 206.530055    0.00826     0.4958     29.750  1023.6272  48475.600    30.8450      0.795    6.41202    10.5180    10.5207    23.6236   11.60818 3.4622e+02      0.803 0.0000e+00
        121 206.530058    0.00833     0.5000     30.000  1023.6465  48510.498    30.8695      0.809    6.41113    10.5159    10.5199    23.6428   11.60641 3.5885e+02      0.817 0.0000e+00
        122 206.530061    0.00840     0.5042     30.250  1023.6736  48559.354    30.9038      0.836    6.40997    10.5143    10.5181    23.6698   11.60409 3.6700e+02      0.844 0.0000e+00
        123 206.530064    0.00847     0.5083     30.500  1023.7019  48610.409    30.9396      0.865    6.40879    10.5136    10.5160    23.6980   11.60171 3.7137e+02      0.873 0.0000e+00
        124 206.530067    0.00854     0.5125     30.750  1023.7270  48655.563    30.9713      0.883    6.40772    10.5140    10.5144    23.7230   11.59955 3.7248e+02      0.891 0.0000e+00
        125 206.530069    0.00861     0.5167     31.000  1023.7469  48691.796    30.9968      0.884    6.40678    10.5155    10.5137    23.7429   11.59769 3.6937e+02      0.893 0.0000e+00
        126 206.530072    0.00868     0.5208     31.250  1023.7603  48716.256    31.0141      0.872    6.40602    10.5178    10.5141    23.7564   11.59623 3.6120e+02      0.880 0.0000e+00
        127 206.530075    0.00875     0.5250     31.500  1023.7656  48726.253    31.0214      0.853    6.40551    10.5199    10.5156    23.7617   11.59529 3.4958e+02      0.861 0.0000e+00
        128 206.530078    0.00882     0.5292     31.750  1023.7670  48729.127    31.0237      0.836    6.40510    10.5213    10.5179    23.7631   11.59458 3.3795e+02      0.843 0.0000e+00
        129 206.530081    0.00889     0.5333     32.000  1023.7708  48736.557    31.0292      0.824    6.40457    10.5218    10.5200    23.7671   11.59365 3.2973e+02      0.831 0.0000e+00
        130 206.530084    0.00896     0.5375     32.250  1023.7770  48747.947    31.0374      0.817    6.40404    10.5216    10.5214    23.7732   11.59267 3.2776e+02      0.824 0.0000e+00
        131 206.530087    0.00903     0.5417     32.500  1023.7824  48757.861    31.0445      0.813    6.40369    10.5210    10.5219    23.7787   11.59200 3.3443e+02      0.821 0.0000e+00
        132 206.530090    0.00910     0.5458     32.750  1023.7859  48764.319    31.0490      0.813    6.40353    10.5201    10.5217    23.7822   11.59169 3.4913e+02      0.820 0.0000e+00
        133 206.530093    0.00917     0.5500     33.000  1023.7873  48766.733    31.0506      0.816    6.40356    10.5190    10.5211    23.7836   11.59171 3.6803e+02      0.823 0.0000e+00
        134 206.530095    0.00924     0.5542     33.250  1023.7873  48766.589    31.0504      0.824    6.40369    10.5177    10.5202    23.7836   11.59193 3.8349e+02      0.832 0.0000e+00
        135 206.530098    0.00931     0.5583     33.500  1023.7873  48766.259    31.0500      0.838    6.40385    10.5160    10.5191    23.7835   11.59221 3.8912e+02      0.846 0.0000e+00
        136 206.530101    0.00937     0.5625     33.750  1023.7883  48767.745    31.0509      0.856    6.40400    10.5141    10.5178    23.7844   11.59244 3.8683e+02      0.864 0.0000e+00
        137 206.530104    0.00944     0.5667     34.000  1023.7907  48771.648    31.0535      0.872    6.40414    10.5124    10.5161    23.7867   11.59263 3.7974e+02      0.880 0.0000e+00
        138 206.530107    0.00951     0.5708     34.250  1023.7940  48777.481    31.0574      0.879    6.40424    10.5111    10.5142    23.7900   11.59276 3.7073e+02      0.887 0.0000e+00
        139 206.530110    0.00958     0.5750     34.500  1023.7982  48784.775    31.0623      0.875    6.40427    10.5103    10.5125    23.7942   11.59275 3.6424e+02      0.883 0.0000e+00
        140 206.530113    0.00965     0.5792     34.750  1023.8027  48792.834    31.0679      0.862    6.40422    10.5099    10.5112    23.7987   11.59260 3.6154e+02      0.870 0.0000e+00
        141 206.530116    0.00972     0.5833     35.000  1023.8069  48800.518    31.0732      0.843    6.40412    10.5101    10.5104    23.8030   11.59237 3.6265e+02      0.850 0.0000e+00
        142 206.530119    0.00979     0.5875     35.250  1023.8098  48805.993    31.0770      0.820    6.40402    10.5113    10.5099    23.8061   11.59216 3.6569e+02      0.828 0.0000e+00
        143 206.530122    0.00986     0.5917     35.500  1023.8101  48806.752    31.0776      0.799    6.40397    10.5132    10.5101    23.8065   11.59207 3.6654e+02      0.806 0.0000e+00
        144 206.530124    0.00993     0.5958     35.750  1023.8066  48800.665    31.0735      0.782    6.40397    10.5152    10.5113    23.8031   11.59212 3.6428e+02      0.790 0.0000e+00
        145 206.530127    0.01000     0.6000     36.000  1023.7998  48788.645    31.0652      0.774    6.40405    10.5168    10.5133    23.7963   11.59234 3.6114e+02      0.781 0.0000e+00
        146 206.530130    0.01007     0.6042     36.250  1023.7923  48775.198    31.0559      0.775    6.40414    10.5176    10.5153    23.7887   11.59261 3.5789e+02      0.782 0.0000e+00
        147 206.530133    0.01014     0.6083     36.500  1023.7869  48765.614    31.0493      0.782    6.40419    10.5175    10.5169    23.7833   11.59277 3.5335e+02      0.790 0.0000e+00
        148 206.530136    0.01021     0.6125     36.750  1023.7857  48763.409    31.0479      0.792    6.40414    10.5169    10.5177    23.7820   11.59271 3.4797e+02      0.800 0.0000e+00
        149 206.530139    0.01028     0.6167     37.000  1023.7883  48768.189    31.0512      0.802    6.40402    10.5160    10.5176    23.7847   11.59246 3.4323e+02      0.809 0.0000e+00
        150 206.530142    0.01035     0.6208     37.250  1023.7926  48775.712    31.0564      0.810    6.40389    10.5153    10.5170    23.7889   11.59219 3.4058e+02      0.817 0.0000e+00
        151 206.530145    0.01042     0.6250     37.500  1023.7958  48781.425    31.0604      0.816    6.40385    10.5148    10.5161    23.7921   11.59208 3.4131e+02      0.824 0.0000e+00
        152 206.530148    0.01049     0.6292     37.750  1023.7970  48783.436    31.0617      0.820    6.40390    10.5144    10.5154    23.7932   11.59214 3.4632e+02      0.828 0.0000e+00
        153 206.530150    0.01056     0.6333     38.000  1023.7962  48781.990    31.0607      0.822    6.40401    10.5137    10.5149    23.7925   11.59234 3.5365e+02      0.830 0.0000e+00
        154 206.530153    0.01063     0.6375     38.250  1023.7944  48778.556    31.0582      0.824    6.40417    10.5128    10.5145    23.7906   11.59263 3.5843e+02      0.832 0.0000e+00
        155 206.530156    0.01069     0.6417     38.500  1023.7928  48775.511    31.0560      0.829    6.40434    10.5117    10.5138    23.7890   11.59295 3.6049e+02      0.837 0.0000e+00
        156 206.530159    0.01076     0.6458     38.750  1023.7925  48774.869    31.0554      0.839    6.40450    10.5107    10.5129    23.7887   11.59321 3.6363e+02      0.847 0.0000e+00
        157 206.530162    0.01083     0.6500     39.000  1023.7940  48777.271    31.0569      0.854    6.40459    10.5103    10.5118    23.7901   11.59334 3.6755e+02      0.863 0.0000e+00
        158 206.530165    0.01090     0.6542     39.250  1023.7970  48782.375    31.0604      0.871    6.40458    10.5107    10.5108    23.7930   11.59329 3.6886e+02      0.880 0.0000e+00
        159 206.530168    0.01097     0.6583     39.500  1023.8009  48789.466    31.0654      0.885    6.40444    10.5120    10.5104    23.7969   11.59299 3.6671e+02      0.894 0.0000e+00
        160 206.530171    0.01104     0.6625     39.750  1023.8053  48797.318    31.0710      0.892    6.40416    10.5148    10.5108    23.8012   11.59246 3.6284e+02      0.900 0.0000e+00
        161 206.530174    0.01111     0.6667     40.000  1023.8089  48804.136    31.0759      0.885    6.40377    10.5198    10.5121    23.8049   11.59177 3.5983e+02      0.894 0.0000e+00
        162 206.530177    0.01118     0.6708     40.250  1023.8104  48807.355    31.0786      0.864    6.40328    10.5269    10.5149    23.8064   11.59091 3.5883e+02      0.873 0.0000e+00
        163 206.530179    0.01125     0.6750     40.500  1023.8082  48804.377    31.0771      0.835    6.40264    10.5344    10.5199    23.8044   11.58987 3.6045e+02      0.843 0.0000e+00
        164 206.530182    0.01132     0.6792     40.750  1023.8024  48795.042    31.0713      0.806    6.40189    10.5402    10.5270    23.7987   11.58870 3.6608e+02      0.814 0.0000e+00
        165 206.530185    0.01139     0.6833     41.000  1023.7950  48782.791    31.0636      0.787    6.40117    10.5430    10.5345    23.7914   11.58760 3.7416e+02      0.794 0.0000e+00
        166 206.530188    0.01146     0.6875     41.250  1023.7895  48773.605    31.0578      0.784    6.40059    10.5424    10.5403    23.7859   11.58672 3.8326e+02      0.791 0.0000e+00
        167 206.530191    0.01153     0.6917     41.500  1023.7882  48771.517    31.0566      0.799    6.40025    10.5389    10.5431    23.7846   11.58616 3.9192e+02      0.806 0.0000e+00
        168 206.530194    0.01160     0.6958     41.750  1023.7907  48775.592    31.0594      0.831    6.40022    10.5340    10.5425    23.7868   11.58608 3.9633e+02      0.839 0.0000e+00
        169 206.530197    0.01167     0.7000     42.000  1023.7958  48784.192    31.0650      0.871    6.40048    10.5289    10.5390    23.7918   11.58643 3.9521e+02      0.879 0.0000e+00
        170 206.530200    0.01174     0.7042     42.250  1023.8036  48797.331    31.0737      0.905    6.40081    10.5247    10.5341    23.7994   11.58688 3.9128e+02      0.914 0.0000e+00
