CTD-processing/allCTD/CNV--homogene/2017_05-30_alongbay_skb11_cast176.cnv
* Sea-Bird SBE19plus Data File:
* FileName = C:\Users\jwschloemer\Documents\CTD Data\2017_05_30_alongbay\2017_05_30_AlongBay_cast176.hex
* Software Version 1.59
* Temperature SN =  4141
* Conductivity SN =  4141
* System UpLoad Time = Jun 22 2017 13:48:48
** Cook Inlet LTM Kbay Along Bay
** Date: 2017-05-30
** Station:KB11
** Start Time (AKST):14:27
** Depth (m):52
** Comment: R/V Edgecumbe
# nquan = 17
# nvalues = 494                         
# units = specified
# name 0 = scan: Scan Count
# name 1 = timeJ: Julian Days
# name 2 = timeH: Time, Elapsed [hours]
# name 3 = timeM: Time, Elapsed [minutes]
# name 4 = timeS: Time, Elapsed [seconds]
# name 5 = density00: Density [density, kg/m^3]
# name 6 = specc: Specific Conductance [uS/cm]
# name 7 = sal00: Salinity, Practical [PSU]
# name 8 = depSM: Depth [salt water, m], lat = 59.00
# name 9 = oxsolML/L: Oxygen Saturation, Garcia & Gordon [ml/l]
# name 10 = potemp090C: Potential Temperature [ITS-90, deg C]
# name 11 = tv290C: Temperature [ITS-90, deg C]
# name 12 = sigma-é00: Density [sigma-theta, kg/m^3]
# name 13 = n2satML/L: Nitrogen Saturation [ml/l]
# name 14 = par: PAR/Irradiance, Biospherical/Licor
# name 15 = prdM: Pressure, Strain Gauge [db]
# name 16 = flag:  0.000e+00
# span 0 =          1,        494       
# span 1 = 150.603056, 150.604482       
# span 2 =    0.00000,    0.03424       
# span 3 =     0.0000,     2.0542       
# span 4 =      0.000,    123.250       
# span 5 =  1000.4329,  1025.3617       
# span 6 =   1865.674,  51155.898       
# span 7 =     0.9365,    31.7774       
# span 8 =      0.003,     50.013       
# span 9 =    6.74434,    7.95242       
# span 10 =     4.9385,    10.0532      
# span 11 =     4.9420,    10.1070      
# span 12 =     0.4329,    25.1278      
# span 13 =   12.17774,   14.57834      
# span 14 = 4.2860e-02, 2.1500e+03      
# span 15 =      0.003,     50.491      
# span 16 = 0.0000e+00, 0.0000e+00      
# interval = seconds: 0.25
# start_time = May 30 2017 14:28:24 [Instrument's time stamp, header]
# bad_flag = -9.990e-29
*END*
[from data line 86]
         87 150.603304    0.00597     0.3583     21.500  1023.0044  47116.172    29.5967      0.855    6.79933     8.2119     8.2390    23.0004   12.26509 7.5997e+01      0.864 0.0000e+00
         88 150.603307    0.00604     0.3625     21.750  1023.0147  47134.488    29.6078      0.856    6.80061     8.1921     8.2275    23.0107   12.26708 7.4232e+01      0.864 0.0000e+00
         89 150.603310    0.00611     0.3667     22.000  1023.0292  47160.251    29.6235      0.857    6.80231     8.1694     8.2120    23.0252   12.26970 7.2757e+01      0.865 0.0000e+00
         90 150.603313    0.00618     0.3708     22.250  1023.0476  47193.216    29.6435      0.858    6.80448     8.1463     8.1922    23.0437   12.27304 7.2091e+01      0.866 0.0000e+00
         91 150.603316    0.00625     0.3750     22.500  1023.0684  47230.241    29.6660      0.856    6.80700     8.1260     8.1695    23.0644   12.27693 7.2642e+01      0.864 0.0000e+00
         92 150.603319    0.00632     0.3792     22.750  1023.0888  47266.616    29.6879      0.852    6.80959     8.1118     8.1464    23.0848   12.28096 7.4190e+01      0.860 0.0000e+00
         93 150.603322    0.00639     0.3833     23.000  1023.1060  47297.421    29.7064      0.847    6.81191     8.1059     8.1261    23.1021   12.28457 7.5868e+01      0.855 0.0000e+00
         94 150.603325    0.00646     0.3875     23.250  1023.1177  47318.201    29.7187      0.844    6.81356     8.1084     8.1119    23.1138   12.28715 7.7061e+01      0.852 0.0000e+00
         95 150.603328    0.00653     0.3917     23.500  1023.1226  47326.835    29.7239      0.843    6.81425     8.1178     8.1060    23.1187   12.28823 7.7555e+01      0.850 0.0000e+00
         96 150.603330    0.00660     0.3958     23.750  1023.1210  47324.073    29.7223      0.843    6.81392     8.1314     8.1085    23.1171   12.28770 7.6968e+01      0.851 0.0000e+00
         97 150.603333    0.00667     0.4000     24.000  1023.1142  47311.972    29.7153      0.845    6.81278     8.1469     8.1179    23.1103   12.28590 7.5667e+01      0.852 0.0000e+00
         98 150.603336    0.00674     0.4042     24.250  1023.1035  47292.918    29.7040      0.846    6.81118     8.1628     8.1315    23.0996   12.28339 7.4868e+01      0.853 0.0000e+00
         99 150.603339    0.00681     0.4083     24.500  1023.0904  47269.701    29.6902      0.846    6.80940     8.1781     8.1469    23.0865   12.28062 7.5223e+01      0.854 0.0000e+00
        100 150.603342    0.00688     0.4125     24.750  1023.0767  47245.232    29.6755      0.846    6.80761     8.1925     8.1628    23.0728   12.27782 7.6978e+01      0.854 0.0000e+00
        101 150.603345    0.00694     0.4167     25.000  1023.0634  47221.609    29.6613      0.846    6.80587     8.2059     8.1782    23.0595   12.27511 8.0436e+01      0.854 0.0000e+00
        102 150.603348    0.00701     0.4208     25.250  1023.0512  47199.783    29.6482      0.846    6.80422     8.2182     8.1926    23.0473   12.27254 8.5582e+01      0.854 0.0000e+00
        103 150.603351    0.00708     0.4250     25.500  1023.0402  47180.236    29.6365      0.847    6.80267     8.2292     8.2060    23.0363   12.27012 9.1548e+01      0.855 0.0000e+00
        104 150.603354    0.00715     0.4292     25.750  1023.0308  47163.622    29.6267      0.848    6.80120     8.2388     8.2182    23.0269   12.26782 9.5341e+01      0.856 0.0000e+00
        105 150.603356    0.00722     0.4333     26.000  1023.0233  47150.429    29.6191      0.848    6.79984     8.2469     8.2293    23.0194   12.26565 9.4068e+01      0.856 0.0000e+00
        106 150.603359    0.00729     0.4375     26.250  1023.0175  47140.195    29.6134      0.848    6.79861     8.2536     8.2389    23.0136   12.26368 8.9778e+01      0.856 0.0000e+00
        107 150.603362    0.00736     0.4417     26.500  1023.0126  47131.717    29.6087      0.848    6.79756     8.2590     8.2470    23.0087   12.26202 8.6624e+01      0.856 0.0000e+00
        108 150.603365    0.00743     0.4458     26.750  1023.0083  47124.066    29.6043      0.848    6.79673     8.2634     8.2537    23.0044   12.26069 8.6024e+01      0.856 0.0000e+00
        109 150.603368    0.00750     0.4500     27.000  1023.0043  47117.090    29.6002      0.850    6.79607     8.2669     8.2591    23.0004   12.25965 8.8291e+01      0.858 0.0000e+00
        110 150.603371    0.00757     0.4542     27.250  1023.0010  47111.231    29.5968      0.853    6.79555     8.2696     8.2635    22.9971   12.25882 9.3706e+01      0.861 0.0000e+00
        111 150.603374    0.00764     0.4583     27.500  1022.9987  47107.007    29.5943      0.857    6.79512     8.2717     8.2670    22.9947   12.25815 1.0156e+02      0.865 0.0000e+00
        112 150.603377    0.00771     0.4625     27.750  1022.9973  47104.675    29.5931      0.859    6.79476     8.2733     8.2697    22.9934   12.25757 1.1037e+02      0.867 0.0000e+00
        113 150.603380    0.00778     0.4667     28.000  1022.9971  47104.293    29.5931      0.861    6.79444     8.2746     8.2718    22.9931   12.25704 1.1886e+02      0.869 0.0000e+00
        114 150.603383    0.00785     0.4708     28.250  1022.9979  47105.799    29.5944      0.862    6.79413     8.2757     8.2734    22.9939   12.25651 1.2886e+02      0.870 0.0000e+00
        115 150.603385    0.00792     0.4750     28.500  1022.9997  47109.182    29.5970      0.863    6.79382     8.2765     8.2747    22.9957   12.25596 1.4615e+02      0.871 0.0000e+00
        116 150.603388    0.00799     0.4792     28.750  1023.0027  47114.792    29.6010      0.864    6.79348     8.2773     8.2757    22.9987   12.25534 1.7828e+02      0.872 0.0000e+00
        117 150.603391    0.00806     0.4833     29.000  1023.0075  47123.643    29.6073      0.865    6.79307     8.2782     8.2766    23.0035   12.25458 2.3544e+02      0.873 0.0000e+00
        118 150.603394    0.00813     0.4875     29.250  1023.0144  47136.353    29.6163      0.864    6.79255     8.2789     8.2774    23.0104   12.25361 3.3243e+02      0.872 0.0000e+00
        119 150.603397    0.00819     0.4917     29.500  1023.0205  47147.785    29.6243      0.861    6.79206     8.2793     8.2782    23.0166   12.25271 4.7724e+02      0.869 0.0000e+00
        120 150.603400    0.00826     0.4958     29.750  1023.0213  47149.208    29.6254      0.857    6.79190     8.2795     8.2789    23.0173   12.25243 6.3541e+02      0.865 0.0000e+00
        121 150.603403    0.00833     0.5000     30.000  1023.0167  47140.753    29.6196      0.855    6.79209     8.2796     8.2794    23.0127   12.25281 7.4775e+02      0.863 0.0000e+00
        122 150.603406    0.00840     0.5042     30.250  1023.0109  47130.179    29.6123      0.854    6.79239     8.2799     8.2796    23.0070   12.25339 8.0501e+02      0.862 0.0000e+00
        123 150.603409    0.00847     0.5083     30.500  1023.0072  47123.418    29.6076      0.853    6.79259     8.2806     8.2797    23.0033   12.25378 8.4864e+02      0.861 0.0000e+00
        124 150.603411    0.00854     0.5125     30.750  1023.0067  47122.517    29.6070      0.852    6.79257     8.2816     8.2800    23.0028   12.25375 9.1000e+02      0.860 0.0000e+00
        125 150.603414    0.00861     0.5167     31.000  1023.0075  47124.055    29.6082      0.850    6.79240     8.2824     8.2807    23.0036   12.25346 9.8547e+02      0.858 0.0000e+00
        126 150.603417    0.00868     0.5208     31.250  1023.0068  47122.761    29.6074      0.848    6.79228     8.2827     8.2817    23.0028   12.25327 1.0230e+03      0.856 0.0000e+00
        127 150.603420    0.00875     0.5250     31.500  1023.0046  47118.824    29.6048      0.848    6.79228     8.2827     8.2825    23.0007   12.25330 9.7874e+02      0.856 0.0000e+00
        128 150.603423    0.00882     0.5292     31.750  1023.0029  47115.767    29.6027      0.852    6.79232     8.2827     8.2828    22.9990   12.25340 9.0359e+02      0.860 0.0000e+00
        129 150.603426    0.00889     0.5333     32.000  1023.0030  47115.863    29.6028      0.858    6.79232     8.2831     8.2828    22.9990   12.25340 8.5333e+02      0.866 0.0000e+00
        130 150.603429    0.00896     0.5375     32.250  1023.0057  47120.658    29.6061      0.866    6.79217     8.2840     8.2828    23.0017   12.25311 8.0845e+02      0.874 0.0000e+00
        131 150.603432    0.00903     0.5417     32.500  1023.0114  47131.133    29.6134      0.873    6.79180     8.2854     8.2831    23.0074   12.25240 7.0258e+02      0.881 0.0000e+00
        132 150.603435    0.00910     0.5458     32.750  1023.0197  47146.391    29.6242      0.876    6.79119     8.2870     8.2840    23.0157   12.25125 5.2337e+02      0.884 0.0000e+00
        133 150.603438    0.00917     0.5500     33.000  1023.0291  47163.748    29.6364      0.876    6.79043     8.2884     8.2855    23.0251   12.24984 3.6058e+02      0.884 0.0000e+00
        134 150.603440    0.00924     0.5542     33.250  1023.0382  47180.573    29.6484      0.873    6.78965     8.2895     8.2871    23.0342   12.24841 2.5900e+02      0.881 0.0000e+00
        135 150.603443    0.00931     0.5583     33.500  1023.0457  47194.555    29.6583      0.868    6.78899     8.2903     8.2885    23.0417   12.24720 1.9662e+02      0.876 0.0000e+00
        136 150.603446    0.00937     0.5625     33.750  1023.0504  47203.193    29.6644      0.863    6.78855     8.2913     8.2896    23.0464   12.24640 1.5995e+02      0.871 0.0000e+00
        137 150.603449    0.00944     0.5667     34.000  1023.0511  47204.540    29.6655      0.861    6.78837     8.2925     8.2904    23.0471   12.24609 1.4157e+02      0.869 0.0000e+00
        138 150.603452    0.00951     0.5708     34.250  1023.0473  47197.594    29.6608      0.862    6.78843     8.2938     8.2914    23.0433   12.24625 1.3757e+02      0.870 0.0000e+00
        139 150.603455    0.00958     0.5750     34.500  1023.0406  47185.375    29.6525      0.868    6.78861     8.2950     8.2926    23.0366   12.24665 1.4474e+02      0.876 0.0000e+00
        140 150.603458    0.00965     0.5792     34.750  1023.0355  47175.880    29.6461      0.876    6.78870     8.2962     8.2939    23.0314   12.24687 1.6003e+02      0.884 0.0000e+00
        141 150.603461    0.00972     0.5833     35.000  1023.0351  47175.350    29.6459      0.882    6.78852     8.2974     8.2951    23.0311   12.24658 1.8178e+02      0.890 0.0000e+00
        142 150.603464    0.00979     0.5875     35.250  1023.0391  47182.655    29.6511      0.882    6.78810     8.2983     8.2963    23.0350   12.24582 2.1287e+02      0.890 0.0000e+00
        143 150.603466    0.00986     0.5917     35.500  1023.0436  47190.997    29.6571      0.877    6.78765     8.2987     8.2975    23.0395   12.24500 2.5308e+02      0.885 0.0000e+00
        144 150.603469    0.00993     0.5958     35.750  1023.0451  47194.011    29.6593      0.870    6.78742     8.2989     8.2984    23.0411   12.24459 3.0039e+02      0.879 0.0000e+00
        145 150.603472    0.01000     0.6000     36.000  1023.0426  47189.423    29.6562      0.865    6.78749     8.2989     8.2988    23.0386   12.24475 3.5787e+02      0.873 0.0000e+00
        146 150.603475    0.01007     0.6042     36.250  1023.0369  47179.032    29.6490      0.864    6.78778     8.2986     8.2990    23.0330   12.24532 4.3711e+02      0.872 0.0000e+00
        147 150.603478    0.01014     0.6083     36.500  1023.0304  47166.981    29.6406      0.866    6.78816     8.2979     8.2990    23.0264   12.24604 5.6371e+02      0.874 0.0000e+00
        148 150.603481    0.01021     0.6125     36.750  1023.0247  47156.458    29.6333      0.872    6.78853     8.2969     8.2987    23.0207   12.24675 7.1920e+02      0.880 0.0000e+00
        149 150.603484    0.01028     0.6167     37.000  1023.0205  47148.641    29.6277      0.879    6.78888     8.2958     8.2980    23.0164   12.24740 8.3227e+02      0.887 0.0000e+00
        150 150.603487    0.01035     0.6208     37.250  1023.0183  47144.506    29.6247      0.885    6.78917     8.2950     8.2970    23.0142   12.24791 8.8802e+02      0.893 0.0000e+00
        151 150.603490    0.01042     0.6250     37.500  1023.0188  47145.253    29.6251      0.887    6.78931     8.2946     8.2959    23.0146   12.24815 8.9209e+02      0.895 0.0000e+00
        152 150.603492    0.01049     0.6292     37.750  1023.0216  47150.394    29.6285      0.884    6.78928     8.2944     8.2951    23.0175   12.24805 8.1567e+02      0.892 0.0000e+00
        153 150.603495    0.01056     0.6333     38.000  1023.0247  47156.171    29.6325      0.877    6.78917     8.2936     8.2947    23.0206   12.24781 6.9085e+02      0.885 0.0000e+00
        154 150.603498    0.01063     0.6375     38.250  1023.0253  47157.249    29.6332      0.869    6.78918     8.2913     8.2945    23.0212   12.24782 5.9182e+02      0.877 0.0000e+00
        155 150.603501    0.01069     0.6417     38.500  1023.0216  47150.517    29.6284      0.864    6.78952     8.2868     8.2936    23.0176   12.24844 5.6968e+02      0.872 0.0000e+00
        156 150.603504    0.01076     0.6458     38.750  1023.0149  47138.058    29.6194      0.863    6.79026     8.2795     8.2914    23.0108   12.24979 6.4079e+02      0.871 0.0000e+00
        157 150.603507    0.01083     0.6500     39.000  1023.0088  47126.658    29.6108      0.867    6.79134     8.2700     8.2868    23.0048   12.25168 7.7701e+02      0.875 0.0000e+00
        158 150.603510    0.01090     0.6542     39.250  1023.0070  47122.862    29.6072      0.873    6.79263     8.2601     8.2795    23.0029   12.25385 9.4299e+02      0.881 0.0000e+00
        159 150.603513    0.01097     0.6583     39.500  1023.0106  47128.808    29.6099      0.878    6.79396     8.2513     8.2700    23.0064   12.25603 1.0905e+03      0.886 0.0000e+00
        160 150.603516    0.01104     0.6625     39.750  1023.0178  47141.521    29.6173      0.879    6.79516     8.2438     8.2601    23.0136   12.25793 1.1747e+03      0.887 0.0000e+00
        161 150.603519    0.01111     0.6667     40.000  1023.0252  47154.777    29.6253      0.876    6.79617     8.2363     8.2513    23.0211   12.25950 1.2372e+03      0.884 0.0000e+00
        162 150.603521    0.01118     0.6708     40.250  1023.0310  47165.094    29.6314      0.871    6.79705     8.2279     8.2438    23.0270   12.26089 1.3191e+03      0.879 0.0000e+00
        163 150.603524    0.01125     0.6750     40.500  1023.0363  47174.541    29.6369      0.866    6.79796     8.2189     8.2363    23.0323   12.26232 1.3717e+03      0.874 0.0000e+00
        164 150.603527    0.01132     0.6792     40.750  1023.0425  47185.513    29.6433      0.863    6.79896     8.2099     8.2280    23.0385   12.26390 1.3800e+03      0.871 0.0000e+00
        165 150.603530    0.01139     0.6833     41.000  1023.0495  47197.874    29.6506      0.861    6.80003     8.2013     8.2190    23.0455   12.26558 1.3538e+03      0.869 0.0000e+00
        166 150.603533    0.01146     0.6875     41.250  1023.0567  47210.631    29.6582      0.861    6.80108     8.1932     8.2100    23.0527   12.26722 1.2869e+03      0.869 0.0000e+00
        167 150.603536    0.01153     0.6917     41.500  1023.0639  47223.335    29.6658      0.862    6.80207     8.1858     8.2014    23.0599   12.26877 1.1979e+03      0.870 0.0000e+00
        168 150.603539    0.01160     0.6958     41.750  1023.0712  47236.339    29.6737      0.864    6.80298     8.1799     8.1933    23.0672   12.27017 1.0901e+03      0.872 0.0000e+00
        169 150.603542    0.01167     0.7000     42.000  1023.0787  47249.873    29.6820      0.863    6.80374     8.1759     8.1859    23.0747   12.27134 1.0052e+03      0.871 0.0000e+00
        170 150.603545    0.01174     0.7042     42.250  1023.0862  47263.377    29.6905      0.861    6.80428     8.1740     8.1800    23.0822   12.27213 9.8019e+02      0.869 0.0000e+00
