CTD-processing/allCTD/CNV--homogene/2017_04-19_t7_s22_cast120.cnv
* Sea-Bird SBE19plus Data File:
* FileName = P:\My Documents\kasitsna\Research-KBL\Oceanography-AK\CTD-Data-ALL-to-2017-02\2017-CTD-KachemakBay-CookInlet\2017-04-19-CookInlet-Tran7-Augustine\2017-04-19-CookInlet-Tran7-cast120.hex
* Software Version 1.59
* Temperature SN =  4141
* Conductivity SN =  4141
* System UpLoad Time = Apr 19 2017 16:49:11
** Cook Inlet LTM Transect 7 Augustine west to east
** Date: 2017-04-19
** Station: (eg. 9-01): 7-22
** Start time (AKDT): 15:43
** Depth (m): 74
** Comment: R/V Alaska Dreamcatcher
** Comment:
# nquan = 17
# nvalues = 530                         
# units = specified
# name 0 = scan: Scan Count
# name 1 = timeJ: Julian Days
# name 2 = timeH: Time, Elapsed [hours]
# name 3 = timeM: Time, Elapsed [minutes]
# name 4 = timeS: Time, Elapsed [seconds]
# name 5 = density00: Density [density, kg/m^3]
# name 6 = specc: Specific Conductance [uS/cm]
# name 7 = sal00: Salinity, Practical [PSU]
# name 8 = depSM: Depth [salt water, m], lat = 59.00
# name 9 = oxsolML/L: Oxygen Saturation, Garcia & Gordon [ml/l]
# name 10 = potemp090C: Potential Temperature [ITS-90, deg C]
# name 11 = tv290C: Temperature [ITS-90, deg C]
# name 12 = sigma-é00: Density [sigma-theta, kg/m^3]
# name 13 = n2satML/L: Nitrogen Saturation [ml/l]
# name 14 = par: PAR/Irradiance, Biospherical/Licor
# name 15 = prdM: Pressure, Strain Gauge [db]
# name 16 = flag:  0.000e+00
# span 0 =          1,        530       
# span 1 = 109.655255, 109.656785       
# span 2 =    0.00000,    0.03674       
# span 3 =     0.0000,     2.2042       
# span 4 =      0.000,    132.250       
# span 5 =  1000.1161,  1025.7082       
# span 6 =    476.287,  51605.010       
# span 7 =     0.2227,    32.0850       
# span 8 =     -0.053,     73.282       
# span 9 =    7.09213,    8.66572       
# span 10 =     4.9565,     6.1459      
# span 11 =     4.9613,     6.1459      
# span 12 =     0.1163,    25.3647      
# span 13 =   12.72036,   15.79723      
# span 14 = 7.0459e-02, 1.5176e+03      
# span 15 =     -0.053,     73.987      
# span 16 = 0.0000e+00, 0.0000e+00      
# interval = seconds: 0.25
# start_time = Apr 19 2017 15:43:34 [Instrument's time stamp, header]
# bad_flag = -9.990e-29
*END*
[from data line 341]
        342 109.656241    0.02368     1.4208     85.250  1025.4851  51554.321    32.0729     27.387    7.21500     4.9878     4.9895    25.3566   12.92108 1.3203e+01     27.648 0.0000e+00
        343 109.656244    0.02375     1.4250     85.500  1025.4860  51553.781    32.0725     27.651    7.21496     4.9878     4.9898    25.3563   12.92104 1.2759e+01     27.914 0.0000e+00
        344 109.656247    0.02382     1.4292     85.750  1025.4869  51553.364    32.0721     27.912    7.21496     4.9875     4.9899    25.3560   12.92104 1.2336e+01     28.178 0.0000e+00
        345 109.656250    0.02389     1.4333     86.000  1025.4879  51553.238    32.0719     28.172    7.21498     4.9873     4.9898    25.3558   12.92108 1.1926e+01     28.440 0.0000e+00
        346 109.656253    0.02396     1.4375     86.250  1025.4892  51553.554    32.0719     28.431    7.21502     4.9871     4.9896    25.3559   12.92113 1.1521e+01     28.702 0.0000e+00
        347 109.656256    0.02403     1.4417     86.500  1025.4906  51554.130    32.0721     28.689    7.21505     4.9870     4.9894    25.3561   12.92119 1.1126e+01     28.962 0.0000e+00
        348 109.656259    0.02410     1.4458     86.750  1025.4919  51554.604    32.0723     28.947    7.21507     4.9869     4.9892    25.3562   12.92122 1.0750e+01     29.222 0.0000e+00
        349 109.656262    0.02417     1.4500     87.000  1025.4932  51554.898    32.0723     29.205    7.21509     4.9869     4.9891    25.3562   12.92124 1.0396e+01     29.483 0.0000e+00
        350 109.656264    0.02424     1.4542     87.250  1025.4944  51555.064    32.0723     29.464    7.21509     4.9868     4.9891    25.3562   12.92126 1.0062e+01     29.744 0.0000e+00
        351 109.656267    0.02431     1.4583     87.500  1025.4956  51555.165    32.0722     29.725    7.21510     4.9867     4.9890    25.3562   12.92127 9.7400e+00     30.008 0.0000e+00
        352 109.656270    0.02438     1.4625     87.750  1025.4968  51555.307    32.0722     29.988    7.21511     4.9866     4.9890    25.3562   12.92129 9.4250e+00     30.273 0.0000e+00
        353 109.656273    0.02444     1.4667     88.000  1025.4980  51555.542    32.0722     30.252    7.21513     4.9864     4.9889    25.3562   12.92131 9.1125e+00     30.540 0.0000e+00
        354 109.656276    0.02451     1.4708     88.250  1025.4993  51555.818    32.0722     30.515    7.21514     4.9862     4.9888    25.3562   12.92134 8.8023e+00     30.805 0.0000e+00
        355 109.656279    0.02458     1.4750     88.500  1025.5005  51555.991    32.0722     30.776    7.21517     4.9859     4.9886    25.3562   12.92139 8.4978e+00     31.069 0.0000e+00
        356 109.656282    0.02465     1.4792     88.750  1025.5016  51556.048    32.0721     31.034    7.21522     4.9856     4.9884    25.3561   12.92146 8.2035e+00     31.330 0.0000e+00
        357 109.656285    0.02472     1.4833     89.000  1025.5028  51556.162    32.0719     31.291    7.21527     4.9852     4.9881    25.3561   12.92154 7.9224e+00     31.589 0.0000e+00
        358 109.656288    0.02479     1.4875     89.250  1025.5039  51556.294    32.0718     31.546    7.21533     4.9848     4.9878    25.3560   12.92164 7.6559e+00     31.846 0.0000e+00
        359 109.656291    0.02486     1.4917     89.500  1025.5050  51556.388    32.0717     31.800    7.21539     4.9843     4.9875    25.3559   12.92176 7.4046e+00     32.103 0.0000e+00
        360 109.656293    0.02493     1.4958     89.750  1025.5062  51556.656    32.0717     32.051    7.21547     4.9838     4.9871    25.3560   12.92188 7.1678e+00     32.357 0.0000e+00
        361 109.656296    0.02500     1.5000     90.000  1025.5076  51557.248    32.0719     32.300    7.21554     4.9835     4.9866    25.3562   12.92199 6.9433e+00     32.608 0.0000e+00
        362 109.656299    0.02507     1.5042     90.250  1025.5091  51558.042    32.0722     32.547    7.21559     4.9832     4.9862    25.3565   12.92208 6.7277e+00     32.857 0.0000e+00
        363 109.656302    0.02514     1.5083     90.500  1025.5105  51558.740    32.0725     32.791    7.21564     4.9831     4.9859    25.3567   12.92215 6.5178e+00     33.103 0.0000e+00
        364 109.656305    0.02521     1.5125     90.750  1025.5118  51559.201    32.0726     33.034    7.21567     4.9830     4.9856    25.3569   12.92219 6.3127e+00     33.348 0.0000e+00
        365 109.656308    0.02528     1.5167     91.000  1025.5130  51559.612    32.0727     33.277    7.21569     4.9831     4.9855    25.3570   12.92222 6.1126e+00     33.594 0.0000e+00
        366 109.656311    0.02535     1.5208     91.250  1025.5144  51560.180    32.0730     33.520    7.21568     4.9832     4.9854    25.3572   12.92221 5.9174e+00     33.839 0.0000e+00
        367 109.656314    0.02542     1.5250     91.500  1025.5157  51560.752    32.0733     33.763    7.21566     4.9835     4.9855    25.3574   12.92217 5.7272e+00     34.085 0.0000e+00
        368 109.656317    0.02549     1.5292     91.750  1025.5170  51561.048    32.0734     34.006    7.21562     4.9838     4.9857    25.3575   12.92210 5.5438e+00     34.331 0.0000e+00
        369 109.656319    0.02556     1.5333     92.000  1025.5181  51561.100    32.0734     34.250    7.21557     4.9841     4.9860    25.3575   12.92202 5.3684e+00     34.577 0.0000e+00
        370 109.656322    0.02562     1.5375     92.250  1025.5192  51561.137    32.0734     34.496    7.21551     4.9843     4.9863    25.3574   12.92193 5.2002e+00     34.824 0.0000e+00
        371 109.656325    0.02569     1.5417     92.500  1025.5203  51561.225    32.0734     34.743    7.21546     4.9846     4.9866    25.3574   12.92185 5.0378e+00     35.074 0.0000e+00
        372 109.656328    0.02576     1.5458     92.750  1025.5214  51561.253    32.0733     34.994    7.21542     4.9848     4.9868    25.3573   12.92178 4.8803e+00     35.327 0.0000e+00
        373 109.656331    0.02583     1.5500     93.000  1025.5225  51561.203    32.0732     35.246    7.21538     4.9851     4.9871    25.3572   12.92172 4.7275e+00     35.582 0.0000e+00
        374 109.656334    0.02590     1.5542     93.250  1025.5236  51561.194    32.0731     35.498    7.21534     4.9853     4.9874    25.3571   12.92165 4.5794e+00     35.837 0.0000e+00
        375 109.656337    0.02597     1.5583     93.500  1025.5247  51561.278    32.0731     35.749    7.21529     4.9855     4.9876    25.3571   12.92157 4.4364e+00     36.090 0.0000e+00
        376 109.656340    0.02604     1.5625     93.750  1025.5258  51561.303    32.0731     35.998    7.21525     4.9856     4.9879    25.3570   12.92150 4.2980e+00     36.341 0.0000e+00
        377 109.656343    0.02611     1.5667     94.000  1025.5268  51561.119    32.0729     36.246    7.21523     4.9855     4.9881    25.3568   12.92146 4.1636e+00     36.592 0.0000e+00
        378 109.656345    0.02618     1.5708     94.250  1025.5277  51560.728    32.0725     36.496    7.21522     4.9853     4.9883    25.3565   12.92147 4.0331e+00     36.844 0.0000e+00
        379 109.656348    0.02625     1.5750     94.500  1025.5285  51560.210    32.0720     36.747    7.21525     4.9848     4.9882    25.3561   12.92152 3.9056e+00     37.097 0.0000e+00
        380 109.656351    0.02632     1.5792     94.750  1025.5293  51559.846    32.0716     36.999    7.21532     4.9843     4.9880    25.3558   12.92163 3.7806e+00     37.351 0.0000e+00
        381 109.656354    0.02639     1.5833     95.000  1025.5305  51560.041    32.0715     37.251    7.21539     4.9839     4.9876    25.3558   12.92176 3.6587e+00     37.606 0.0000e+00
        382 109.656357    0.02646     1.5875     95.250  1025.5320  51560.841    32.0718     37.506    7.21546     4.9838     4.9871    25.3561   12.92187 3.5408e+00     37.863 0.0000e+00
        383 109.656360    0.02653     1.5917     95.500  1025.5336  51561.772    32.0723     37.764    7.21550     4.9837     4.9867    25.3565   12.92193 3.4263e+00     38.123 0.0000e+00
        384 109.656363    0.02660     1.5958     95.750  1025.5350  51562.334    32.0725     38.026    7.21552     4.9837     4.9865    25.3567   12.92196 3.3148e+00     38.388 0.0000e+00
        385 109.656366    0.02667     1.6000     96.000  1025.5362  51562.441    32.0724     38.291    7.21553     4.9836     4.9865    25.3566   12.92197 3.2059e+00     38.655 0.0000e+00
        386 109.656369    0.02674     1.6042     96.250  1025.5372  51562.272    32.0722     38.557    7.21554     4.9832     4.9865    25.3564   12.92199 3.1004e+00     38.924 0.0000e+00
        387 109.656372    0.02681     1.6083     96.500  1025.5382  51561.982    32.0718     38.824    7.21558     4.9827     4.9864    25.3562   12.92205 2.9992e+00     39.194 0.0000e+00
        388 109.656374    0.02688     1.6125     96.750  1025.5392  51561.716    32.0714     39.089    7.21565     4.9820     4.9861    25.3559   12.92218 2.9022e+00     39.462 0.0000e+00
        389 109.656377    0.02694     1.6167     97.000  1025.5404  51561.760    32.0712     39.354    7.21575     4.9813     4.9855    25.3558   12.92235 2.8086e+00     39.729 0.0000e+00
        390 109.656380    0.02701     1.6208     97.250  1025.5417  51562.275    32.0713     39.617    7.21586     4.9806     4.9849    25.3559   12.92254 2.7180e+00     39.995 0.0000e+00
        391 109.656383    0.02708     1.6250     97.500  1025.5432  51563.040    32.0715     39.880    7.21597     4.9800     4.9842    25.3562   12.92272 2.6304e+00     40.260 0.0000e+00
        392 109.656386    0.02715     1.6292     97.750  1025.5447  51563.787    32.0717     40.140    7.21607     4.9796     4.9836    25.3565   12.92288 2.5460e+00     40.523 0.0000e+00
        393 109.656389    0.02722     1.6333     98.000  1025.5461  51564.442    32.0719     40.397    7.21616     4.9792     4.9830    25.3567   12.92302 2.4647e+00     40.782 0.0000e+00
        394 109.656392    0.02729     1.6375     98.250  1025.5475  51565.001    32.0721     40.648    7.21623     4.9788     4.9826    25.3569   12.92313 2.3873e+00     41.036 0.0000e+00
        395 109.656395    0.02736     1.6417     98.500  1025.5487  51565.458    32.0722     40.894    7.21629     4.9785     4.9822    25.3570   12.92323 2.3140e+00     41.284 0.0000e+00
        396 109.656398    0.02743     1.6458     98.750  1025.5499  51565.754    32.0722     41.135    7.21635     4.9781     4.9818    25.3570   12.92333 2.2440e+00     41.527 0.0000e+00
        397 109.656400    0.02750     1.6500     99.000  1025.5510  51565.911    32.0721     41.373    7.21641     4.9778     4.9815    25.3570   12.92342 2.1771e+00     41.767 0.0000e+00
        398 109.656403    0.02757     1.6542     99.250  1025.5521  51566.093    32.0721     41.609    7.21646     4.9775     4.9812    25.3570   12.92352 2.1129e+00     42.006 0.0000e+00
        399 109.656406    0.02764     1.6583     99.500  1025.5533  51566.362    32.0721     41.844    7.21651     4.9773     4.9809    25.3570   12.92360 2.0511e+00     42.243 0.0000e+00
        400 109.656409    0.02771     1.6625     99.750  1025.5544  51566.683    32.0721     42.078    7.21656     4.9770     4.9806    25.3571   12.92368 1.9916e+00     42.480 0.0000e+00
        401 109.656412    0.02778     1.6667    100.000  1025.5556  51567.063    32.0722     42.313    7.21660     4.9767     4.9804    25.3572   12.92374 1.9338e+00     42.717 0.0000e+00
        402 109.656415    0.02785     1.6708    100.250  1025.5568  51567.443    32.0723     42.550    7.21664     4.9764     4.9801    25.3573   12.92381 1.8771e+00     42.956 0.0000e+00
        403 109.656418    0.02792     1.6750    100.500  1025.5580  51567.779    32.0724     42.790    7.21668     4.9762     4.9798    25.3574   12.92387 1.8215e+00     43.198 0.0000e+00
        404 109.656421    0.02799     1.6792    100.750  1025.5592  51568.124    32.0724     43.035    7.21672     4.9759     4.9795    25.3574   12.92394 1.7670e+00     43.446 0.0000e+00
        405 109.656424    0.02806     1.6833    101.000  1025.5605  51568.555    32.0725     43.285    7.21676     4.9757     4.9793    25.3575   12.92400 1.7141e+00     43.698 0.0000e+00
        406 109.656427    0.02813     1.6875    101.250  1025.5619  51569.052    32.0727     43.538    7.21680     4.9755     4.9790    25.3577   12.92406 1.6632e+00     43.953 0.0000e+00
        407 109.656429    0.02819     1.6917    101.500  1025.5632  51569.555    32.0728     43.793    7.21683     4.9753     4.9788    25.3578   12.92411 1.6134e+00     44.211 0.0000e+00
        408 109.656432    0.02826     1.6958    101.750  1025.5646  51570.095    32.0730     44.050    7.21685     4.9751     4.9786    25.3580   12.92414 1.5640e+00     44.470 0.0000e+00
        409 109.656435    0.02833     1.7000    102.000  1025.5660  51570.641    32.0732     44.309    7.21687     4.9750     4.9785    25.3582   12.92418 1.5150e+00     44.732 0.0000e+00
        410 109.656438    0.02840     1.7042    102.250  1025.5674  51571.115    32.0734     44.569    7.21689     4.9749     4.9783    25.3584   12.92421 1.4670e+00     44.995 0.0000e+00
        411 109.656441    0.02847     1.7083    102.500  1025.5687  51571.473    32.0735     44.831    7.21691     4.9748     4.9782    25.3585   12.92423 1.4204e+00     45.259 0.0000e+00
        412 109.656444    0.02854     1.7125    102.750  1025.5699  51571.705    32.0735     45.092    7.21692     4.9747     4.9781    25.3585   12.92425 1.3752e+00     45.523 0.0000e+00
        413 109.656447    0.02861     1.7167    103.000  1025.5711  51571.805    32.0735     45.352    7.21693     4.9746     4.9781    25.3584   12.92427 1.3315e+00     45.786 0.0000e+00
        414 109.656450    0.02868     1.7208    103.250  1025.5722  51571.793    32.0733     45.612    7.21694     4.9744     4.9780    25.3583   12.92430 1.2892e+00     46.047 0.0000e+00
        415 109.656453    0.02875     1.7250    103.500  1025.5733  51571.789    32.0732     45.871    7.21697     4.9742     4.9779    25.3582   12.92434 1.2483e+00     46.309 0.0000e+00
        416 109.656455    0.02882     1.7292    103.750  1025.5745  51571.891    32.0731     46.131    7.21700     4.9739     4.9778    25.3582   12.92439 1.2084e+00     46.572 0.0000e+00
        417 109.656458    0.02889     1.7333    104.000  1025.5757  51572.039    32.0730     46.391    7.21704     4.9735     4.9776    25.3581   12.92446 1.1698e+00     46.834 0.0000e+00
        418 109.656461    0.02896     1.7375    104.250  1025.5768  51572.111    32.0728     46.648    7.21710     4.9729     4.9773    25.3581   12.92456 1.1331e+00     47.094 0.0000e+00
        419 109.656464    0.02903     1.7417    104.500  1025.5780  51572.287    32.0727     46.903    7.21717     4.9724     4.9769    25.3580   12.92468 1.0982e+00     47.351 0.0000e+00
        420 109.656467    0.02910     1.7458    104.750  1025.5794  51572.988    32.0730     47.154    7.21725     4.9721     4.9764    25.3583   12.92480 1.0649e+00     47.604 0.0000e+00
        421 109.656470    0.02917     1.7500    105.000  1025.5811  51574.179    32.0736     47.400    7.21731     4.9721     4.9758    25.3588   12.92490 1.0336e+00     47.853 0.0000e+00
        422 109.656473    0.02924     1.7542    105.250  1025.5827  51575.330    32.0742     47.643    7.21733     4.9723     4.9755    25.3593   12.92493 1.0037e+00     48.098 0.0000e+00
        423 109.656476    0.02931     1.7583    105.500  1025.5841  51575.952    32.0745     47.884    7.21732     4.9725     4.9755    25.3596   12.92490 9.7518e-01     48.341 0.0000e+00
        424 109.656479    0.02937     1.7625    105.750  1025.5851  51575.856    32.0744     48.124    7.21729     4.9726     4.9758    25.3594   12.92485 9.4780e-01     48.584 0.0000e+00
        425 109.656481    0.02944     1.7667    106.000  1025.5859  51575.493    32.0741     48.363    7.21726     4.9727     4.9760    25.3592   12.92481 9.2123e-01     48.825 0.0000e+00
