CTD-processing/allCTD/CNV--homogene/2017_04-18_t6_s18_cast087.cnv
* Sea-Bird SBE19plus Data File:
* FileName = P:\My Documents\kasitsna\Research-KBL\Oceanography-AK\CTD-Data-ALL-to-2017-02\2017-CTD-KachemakBay-CookInlet\2017-04-18-CookInlet-Tran6-Douglas\2017-04-18-CookInlet-Tran6-cast087.hex
* Software Version 1.59
* Temperature SN =  4141
* Conductivity SN =  4141
* System UpLoad Time = Apr 18 2017 23:05:38
** Cook Inlet LTM Transect 6 Douglas east to west
** Date: (YYYY-MM-DD): 2017-04-18
** Station: (eg. 9-01): 6-18
** Start time (AKDT): 18:31
** Depth (m): 172.2
** Comment: R/V Alaska Dreamcatcher
** Comment:
# nquan = 17
# nvalues = 855                         
# units = specified
# name 0 = scan: Scan Count
# name 1 = timeJ: Julian Days
# name 2 = timeH: Time, Elapsed [hours]
# name 3 = timeM: Time, Elapsed [minutes]
# name 4 = timeS: Time, Elapsed [seconds]
# name 5 = density00: Density [density, kg/m^3]
# name 6 = specc: Specific Conductance [uS/cm]
# name 7 = sal00: Salinity, Practical [PSU]
# name 8 = depSM: Depth [salt water, m], lat = 59.00
# name 9 = oxsolML/L: Oxygen Saturation, Garcia & Gordon [ml/l]
# name 10 = potemp090C: Potential Temperature [ITS-90, deg C]
# name 11 = tv290C: Temperature [ITS-90, deg C]
# name 12 = sigma-é00: Density [sigma-theta, kg/m^3]
# name 13 = n2satML/L: Nitrogen Saturation [ml/l]
# name 14 = par: PAR/Irradiance, Biospherical/Licor
# name 15 = prdM: Pressure, Strain Gauge [db]
# name 16 = flag:  0.000e+00
# span 0 =          1,        855       
# span 1 = 108.771690, 108.774161       
# span 2 =    0.00000,    0.05931       
# span 3 =     0.0000,     3.5583       
# span 4 =      0.000,    213.500       
# span 5 =  1000.1474,  1026.4865       
# span 6 =    467.924,  52237.184       
# span 7 =     0.2162,    32.5311       
# span 8 =     -0.069,    170.263       
# span 9 =    7.10303,    9.06736       
# span 10 =     4.3704,     5.5597      
# span 11 =     4.3704,     5.5602      
# span 12 =     0.1478,    25.6909      
# span 13 =   12.73228,   16.47168      
# span 14 = 3.6382e-02, 9.0172e+01      
# span 15 =     -0.069,    171.941      
# span 16 = 0.0000e+00, 0.0000e+00      
# interval = seconds: 0.25
# start_time = Apr 18 2017 18:31:14 [Instrument's time stamp, header]
# bad_flag = -9.990e-29
*END*
[from data line 86]
         87 108.771939    0.00597     0.3583     21.500  1025.5122  51750.256    32.3404      1.417    7.10759     5.5452     5.5449    25.5057   12.74034 3.4519e+01      1.431 0.0000e+00
         88 108.771942    0.00604     0.3625     21.750  1025.5127  51751.236    32.3412      1.394    7.10753     5.5452     5.5451    25.5062   12.74022 3.4504e+01      1.407 0.0000e+00
         89 108.771944    0.00611     0.3667     22.000  1025.5130  51751.783    32.3416      1.391    7.10747     5.5450     5.5453    25.5065   12.74013 3.4360e+01      1.405 0.0000e+00
         90 108.771947    0.00618     0.3708     22.250  1025.5131  51751.730    32.3416      1.414    7.10746     5.5442     5.5453    25.5065   12.74010 3.4006e+01      1.427 0.0000e+00
         91 108.771950    0.00625     0.3750     22.500  1025.5125  51750.260    32.3405      1.459    7.10755     5.5427     5.5451    25.5057   12.74026 3.3194e+01      1.473 0.0000e+00
         92 108.771953    0.00632     0.3792     22.750  1025.5105  51746.344    32.3376      1.518    7.10781     5.5403     5.5444    25.5035   12.74074 3.2022e+01      1.533 0.0000e+00
         93 108.771956    0.00639     0.3833     23.000  1025.5070  51739.551    32.3325      1.580    7.10830     5.5366     5.5429    25.4996   12.74161 3.0958e+01      1.595 0.0000e+00
         94 108.771959    0.00646     0.3875     23.250  1025.5029  51731.835    32.3267      1.630    7.10900     5.5314     5.5404    25.4953   12.74283 3.0351e+01      1.645 0.0000e+00
         95 108.771962    0.00653     0.3917     23.500  1025.5004  51727.446    32.3228      1.658    7.10980     5.5251     5.5367    25.4927   12.74421 3.0287e+01      1.674 0.0000e+00
         96 108.771965    0.00660     0.3958     23.750  1025.5013  51729.427    32.3231      1.660    7.11065     5.5189     5.5316    25.4935   12.74561 3.0746e+01      1.675 0.0000e+00
         97 108.771968    0.00667     0.4000     24.000  1025.5053  51737.566    32.3274      1.635    7.11151     5.5139     5.5253    25.4977   12.74697 3.1654e+01      1.651 0.0000e+00
         98 108.771970    0.00674     0.4042     24.250  1025.5112  51749.397    32.3343      1.592    7.11224     5.5112     5.5190    25.5038   12.74809 3.2825e+01      1.606 0.0000e+00
         99 108.771973    0.00681     0.4083     24.500  1025.5177  51762.031    32.3421      1.539    7.11271     5.5112     5.5140    25.5105   12.74876 3.3922e+01      1.554 0.0000e+00
        100 108.771976    0.00688     0.4125     24.750  1025.5236  51773.449    32.3494      1.492    7.11281     5.5137     5.5113    25.5166   12.74884 3.4669e+01      1.506 0.0000e+00
        101 108.771979    0.00694     0.4167     25.000  1025.5280  51781.651    32.3551      1.462    7.11255     5.5176     5.5113    25.5211   12.74833 3.5095e+01      1.476 0.0000e+00
        102 108.771982    0.00701     0.4208     25.250  1025.5293  51783.885    32.3571      1.455    7.11203     5.5218     5.5138    25.5225   12.74745 3.5214e+01      1.468 0.0000e+00
        103 108.771985    0.00708     0.4250     25.500  1025.5269  51779.115    32.3547      1.467    7.11148     5.5251     5.5177    25.5201   12.74658 3.4874e+01      1.481 0.0000e+00
        104 108.771988    0.00715     0.4292     25.750  1025.5218  51769.076    32.3486      1.491    7.11108     5.5274     5.5219    25.5148   12.74599 3.4250e+01      1.505 0.0000e+00
        105 108.771991    0.00722     0.4333     26.000  1025.5154  51756.837    32.3408      1.518    7.11088     5.5287     5.5252    25.5083   12.74577 3.3755e+01      1.532 0.0000e+00
        106 108.771994    0.00729     0.4375     26.250  1025.5094  51745.591    32.3335      1.544    7.11084     5.5289     5.5275    25.5022   12.74579 3.3493e+01      1.558 0.0000e+00
        107 108.771997    0.00736     0.4417     26.500  1025.5050  51737.290    32.3280      1.567    7.11088     5.5283     5.5288    25.4977   12.74593 3.3271e+01      1.581 0.0000e+00
        108 108.771999    0.00743     0.4458     26.750  1025.5024  51732.364    32.3246      1.587    7.11101     5.5272     5.5290    25.4950   12.74618 3.3049e+01      1.601 0.0000e+00
        109 108.772002    0.00750     0.4500     27.000  1025.5013  51730.269    32.3231      1.604    7.11119     5.5257     5.5284    25.4938   12.74649 3.3024e+01      1.619 0.0000e+00
        110 108.772005    0.00757     0.4542     27.250  1025.5012  51730.029    32.3227      1.620    7.11139     5.5240     5.5273    25.4936   12.74683 3.3168e+01      1.636 0.0000e+00
        111 108.772008    0.00764     0.4583     27.500  1025.5016  51730.713    32.3228      1.636    7.11162     5.5221     5.5259    25.4939   12.74721 3.3245e+01      1.652 0.0000e+00
        112 108.772011    0.00771     0.4625     27.750  1025.5020  51731.566    32.3231      1.650    7.11190     5.5202     5.5242    25.4943   12.74767 3.3302e+01      1.666 0.0000e+00
        113 108.772014    0.00778     0.4667     28.000  1025.5024  51732.326    32.3232      1.659    7.11221     5.5184     5.5223    25.4946   12.74818 3.3533e+01      1.675 0.0000e+00
        114 108.772017    0.00785     0.4708     28.250  1025.5028  51733.353    32.3235      1.659    7.11252     5.5165     5.5204    25.4951   12.74868 3.3874e+01      1.675 0.0000e+00
        115 108.772020    0.00792     0.4750     28.500  1025.5036  51735.058    32.3243      1.648    7.11279     5.5145     5.5186    25.4959   12.74912 3.4106e+01      1.664 0.0000e+00
        116 108.772023    0.00799     0.4792     28.750  1025.5049  51737.730    32.3257      1.628    7.11304     5.5125     5.5167    25.4973   12.74951 3.4154e+01      1.643 0.0000e+00
        117 108.772025    0.00806     0.4833     29.000  1025.5069  51741.801    32.3281      1.602    7.11327     5.5113     5.5146    25.4994   12.74986 3.4075e+01      1.618 0.0000e+00
        118 108.772028    0.00813     0.4875     29.250  1025.5099  51747.617    32.3318      1.578    7.11343     5.5114     5.5126    25.5025   12.75008 3.3939e+01      1.594 0.0000e+00
        119 108.772031    0.00819     0.4917     29.500  1025.5138  51754.971    32.3366      1.564    7.11341     5.5133     5.5114    25.5065   12.74999 3.3947e+01      1.579 0.0000e+00
        120 108.772034    0.00826     0.4958     29.750  1025.5180  51762.663    32.3420      1.563    7.11313     5.5166     5.5115    25.5107   12.74945 3.4314e+01      1.578 0.0000e+00
        121 108.772037    0.00833     0.5000     30.000  1025.5212  51768.323    32.3463      1.577    7.11260     5.5204     5.5134    25.5139   12.74853 3.4897e+01      1.592 0.0000e+00
        122 108.772040    0.00840     0.5042     30.250  1025.5222  51769.524    32.3478      1.600    7.11198     5.5239     5.5167    25.5147   12.74748 3.5271e+01      1.615 0.0000e+00
        123 108.772043    0.00847     0.5083     30.500  1025.5203  51765.575    32.3458      1.625    7.11143     5.5267     5.5206    25.5127   12.74660 3.5071e+01      1.640 0.0000e+00
        124 108.772046    0.00854     0.5125     30.750  1025.5163  51757.733    32.3411      1.647    7.11106     5.5288     5.5241    25.5086   12.74605 3.4340e+01      1.663 0.0000e+00
        125 108.772049    0.00861     0.5167     31.000  1025.5114  51748.403    32.3352      1.665    7.11087     5.5305     5.5268    25.5036   12.74582 3.3592e+01      1.680 0.0000e+00
        126 108.772052    0.00868     0.5208     31.250  1025.5069  51739.929    32.3298      1.678    7.11077     5.5319     5.5290    25.4991   12.74573 3.3241e+01      1.694 0.0000e+00
        127 108.772054    0.00875     0.5250     31.500  1025.5035  51733.412    32.3256      1.688    7.11068     5.5329     5.5307    25.4956   12.74562 3.3282e+01      1.704 0.0000e+00
        128 108.772057    0.00882     0.5292     31.750  1025.5012  51729.058    32.3229      1.697    7.11057     5.5335     5.5321    25.4933   12.74548 3.3578e+01      1.713 0.0000e+00
        129 108.772060    0.00889     0.5333     32.000  1025.5000  51726.566    32.3214      1.705    7.11048     5.5337     5.5331    25.4920   12.74535 3.3947e+01      1.720 0.0000e+00
        130 108.772063    0.00896     0.5375     32.250  1025.4991  51724.890    32.3204      1.708    7.11043     5.5336     5.5336    25.4911   12.74529 3.4199e+01      1.724 0.0000e+00
        131 108.772066    0.00903     0.5417     32.500  1025.4980  51722.950    32.3191      1.704    7.11046     5.5334     5.5338    25.4901   12.74535 3.4285e+01      1.720 0.0000e+00
        132 108.772069    0.00910     0.5458     32.750  1025.4967  51720.685    32.3175      1.691    7.11055     5.5332     5.5337    25.4888   12.74551 3.4302e+01      1.707 0.0000e+00
        133 108.772072    0.00917     0.5500     33.000  1025.4957  51718.984    32.3163      1.668    7.11064     5.5331     5.5335    25.4879   12.74567 3.4412e+01      1.684 0.0000e+00
        134 108.772075    0.00924     0.5542     33.250  1025.4954  51718.839    32.3162      1.637    7.11068     5.5331     5.5333    25.4878   12.74574 3.4776e+01      1.653 0.0000e+00
        135 108.772078    0.00931     0.5583     33.500  1025.4965  51720.947    32.3176      1.606    7.11063     5.5334     5.5332    25.4890   12.74564 3.5443e+01      1.621 0.0000e+00
        136 108.772080    0.00937     0.5625     33.750  1025.4992  51726.173    32.3213      1.580    7.11045     5.5340     5.5333    25.4919   12.74530 3.6231e+01      1.595 0.0000e+00
        137 108.772083    0.00944     0.5667     34.000  1025.5040  51734.981    32.3274      1.566    7.11012     5.5352     5.5335    25.4967   12.74468 3.6800e+01      1.581 0.0000e+00
        138 108.772086    0.00951     0.5708     34.250  1025.5099  51745.759    32.3350      1.570    7.10965     5.5366     5.5341    25.5026   12.74381 3.6831e+01      1.585 0.0000e+00
        139 108.772089    0.00958     0.5750     34.500  1025.5153  51755.271    32.3418      1.591    7.10913     5.5383     5.5353    25.5079   12.74287 3.6335e+01      1.606 0.0000e+00
        140 108.772092    0.00965     0.5792     34.750  1025.5187  51761.052    32.3461      1.625    7.10868     5.5399     5.5368    25.5111   12.74207 3.5652e+01      1.640 0.0000e+00
        141 108.772095    0.00972     0.5833     35.000  1025.5197  51762.453    32.3474      1.664    7.10835     5.5413     5.5384    25.5119   12.74150 3.5028e+01      1.680 0.0000e+00
        142 108.772098    0.00979     0.5875     35.250  1025.5185  51759.893    32.3459      1.699    7.10814     5.5424     5.5400    25.5106   12.74117 3.4553e+01      1.716 0.0000e+00
        143 108.772101    0.00986     0.5917     35.500  1025.5155  51754.040    32.3422      1.723    7.10807     5.5431     5.5415    25.5074   12.74111 3.4252e+01      1.739 0.0000e+00
        144 108.772104    0.00993     0.5958     35.750  1025.5112  51746.122    32.3369      1.730    7.10814     5.5436     5.5426    25.5032   12.74129 3.4166e+01      1.747 0.0000e+00
        145 108.772106    0.01000     0.6000     36.000  1025.5072  51738.823    32.3320      1.721    7.10825     5.5438     5.5433    25.4992   12.74154 3.4284e+01      1.738 0.0000e+00
        146 108.772109    0.01007     0.6042     36.250  1025.5051  51735.005    32.3295      1.700    7.10830     5.5438     5.5437    25.4971   12.74165 3.4449e+01      1.716 0.0000e+00
        147 108.772112    0.01014     0.6083     36.500  1025.5055  51735.913    32.3302      1.675    7.10823     5.5438     5.5439    25.4976   12.74152 3.4616e+01      1.690 0.0000e+00
        148 108.772115    0.01021     0.6125     36.750  1025.5081  51740.847    32.3336      1.654    7.10807     5.5439     5.5439    25.5003   12.74121 3.4984e+01      1.669 0.0000e+00
        149 108.772118    0.01028     0.6167     37.000  1025.5115  51747.223    32.3380      1.643    7.10787     5.5441     5.5439    25.5038   12.74083 3.5707e+01      1.659 0.0000e+00
        150 108.772121    0.01035     0.6208     37.250  1025.5143  51752.300    32.3416      1.643    7.10769     5.5444     5.5440    25.5066   12.74048 3.6467e+01      1.659 0.0000e+00
        151 108.772124    0.01042     0.6250     37.500  1025.5158  51754.845    32.3434      1.649    7.10756     5.5447     5.5443    25.5080   12.74025 3.6713e+01      1.665 0.0000e+00
        152 108.772127    0.01049     0.6292     37.750  1025.5158  51754.792    32.3434      1.655    7.10750     5.5448     5.5446    25.5080   12.74015 3.6257e+01      1.670 0.0000e+00
        153 108.772130    0.01056     0.6333     38.000  1025.5146  51752.565    32.3419      1.657    7.10752     5.5448     5.5449    25.5068   12.74021 3.5386e+01      1.672 0.0000e+00
        154 108.772133    0.01063     0.6375     38.250  1025.5126  51748.992    32.3395      1.654    7.10762     5.5448     5.5450    25.5049   12.74039 3.4694e+01      1.669 0.0000e+00
        155 108.772135    0.01069     0.6417     38.500  1025.5107  51745.442    32.3370      1.650    7.10774     5.5448     5.5450    25.5029   12.74062 3.4550e+01      1.665 0.0000e+00
        156 108.772138    0.01076     0.6458     38.750  1025.5095  51743.281    32.3355      1.647    7.10781     5.5449     5.5450    25.5017   12.74077 3.4735e+01      1.662 0.0000e+00
        157 108.772141    0.01083     0.6500     39.000  1025.5093  51742.978    32.3353      1.648    7.10782     5.5451     5.5450    25.5016   12.74079 3.4887e+01      1.663 0.0000e+00
        158 108.772144    0.01090     0.6542     39.250  1025.5097  51743.763    32.3358      1.655    7.10778     5.5453     5.5450    25.5020   12.74071 3.5008e+01      1.670 0.0000e+00
        159 108.772147    0.01097     0.6583     39.500  1025.5102  51744.525    32.3364      1.665    7.10772     5.5456     5.5452    25.5024   12.74061 3.5266e+01      1.681 0.0000e+00
        160 108.772150    0.01104     0.6625     39.750  1025.5104  51744.778    32.3366      1.678    7.10767     5.5457     5.5454    25.5026   12.74052 3.5517e+01      1.694 0.0000e+00
        161 108.772153    0.01111     0.6667     40.000  1025.5103  51744.361    32.3364      1.689    7.10764     5.5456     5.5457    25.5024   12.74047 3.5517e+01      1.705 0.0000e+00
        162 108.772156    0.01118     0.6708     40.250  1025.5097  51743.145    32.3355      1.697    7.10766     5.5451     5.5458    25.5017   12.74051 3.5303e+01      1.713 0.0000e+00
        163 108.772159    0.01125     0.6750     40.500  1025.5086  51741.202    32.3342      1.700    7.10774     5.5442     5.5457    25.5006   12.74067 3.4951e+01      1.716 0.0000e+00
        164 108.772161    0.01132     0.6792     40.750  1025.5073  51738.956    32.3325      1.700    7.10790     5.5432     5.5452    25.4994   12.74096 3.4518e+01      1.716 0.0000e+00
        165 108.772164    0.01139     0.6833     41.000  1025.5062  51737.082    32.3311      1.696    7.10812     5.5422     5.5444    25.4983   12.74133 3.4172e+01      1.712 0.0000e+00
        166 108.772167    0.01146     0.6875     41.250  1025.5055  51735.921    32.3300      1.693    7.10834     5.5413     5.5433    25.4976   12.74170 3.4099e+01      1.709 0.0000e+00
        167 108.772170    0.01153     0.6917     41.500  1025.5052  51735.339    32.3294      1.690    7.10854     5.5405     5.5424    25.4973   12.74204 3.4463e+01      1.706 0.0000e+00
        168 108.772173    0.01160     0.6958     41.750  1025.5050  51735.102    32.3291      1.688    7.10871     5.5397     5.5415    25.4971   12.74232 3.5170e+01      1.703 0.0000e+00
        169 108.772176    0.01167     0.7000     42.000  1025.5049  51735.040    32.3289      1.684    7.10886     5.5390     5.5406    25.4970   12.74258 3.5806e+01      1.699 0.0000e+00
        170 108.772179    0.01174     0.7042     42.250  1025.5049  51735.147    32.3288      1.677    7.10900     5.5383     5.5398    25.4971   12.74280 3.5995e+01      1.693 0.0000e+00
