CTD-processing/allCTD/CNV--homogene/2017_04-20_alongbay_skb03_cast150.cnv
* Sea-Bird SBE19plus Data File:
* FileName = P:\My Documents\kasitsna\Research-KBL\Oceanography-AK\CTD-Data-ALL-to-2017-02\2017-CTD-KachemakBay-CookInlet\2017-04-20-CookInlet-AlongKachemakBay\2017-04-20-CookInlet-AlongKachemakBay-cast150.hex
* Software Version 1.59
* Temperature SN =  4141
* Conductivity SN =  4141
* System UpLoad Time = Apr 24 2017 17:21:53
** Cook Inlet Along Kachemak Bay Line west to east
** Date: 2017-04-20
** Station: (eg. 9-01): KB03
** Start time (AKDT): 18:15
** Depth (m): 106.7
** Comment: R/V Alaska Dreamcatcher
** Comment:same station as T4_S03
# nquan = 17
# nvalues = 667                         
# units = specified
# name 0 = scan: Scan Count
# name 1 = timeJ: Julian Days
# name 2 = timeH: Time, Elapsed [hours]
# name 3 = timeM: Time, Elapsed [minutes]
# name 4 = timeS: Time, Elapsed [seconds]
# name 5 = density00: Density [density, kg/m^3]
# name 6 = specc: Specific Conductance [uS/cm]
# name 7 = sal00: Salinity, Practical [PSU]
# name 8 = depSM: Depth [salt water, m], lat = 59.00
# name 9 = oxsolML/L: Oxygen Saturation, Garcia & Gordon [ml/l]
# name 10 = potemp090C: Potential Temperature [ITS-90, deg C]
# name 11 = tv290C: Temperature [ITS-90, deg C]
# name 12 = sigma-é00: Density [sigma-theta, kg/m^3]
# name 13 = n2satML/L: Nitrogen Saturation [ml/l]
# name 14 = par: PAR/Irradiance, Biospherical/Licor
# name 15 = prdM: Pressure, Strain Gauge [db]
# name 16 = flag:  0.000e+00
# span 0 =          1,        667       
# span 1 = 110.760370, 110.762297       
# span 2 =    0.00000,    0.04625       
# span 3 =     0.0000,     2.7750       
# span 4 =      0.000,    166.500       
# span 5 =  1000.0440,  1025.9461       
# span 6 =    393.128,  51988.441       
# span 7 =     0.1834,    32.3534       
# span 8 =      0.034,    100.938       
# span 9 =    7.01251,    8.45479       
# span 10 =     3.8612,     7.1488      
# span 11 =     3.8676,     7.1488      
# span 12 =     0.0438,    25.4702      
# span 13 =   12.58460,   15.44292      
# span 14 = 3.9232e-02, 7.5485e+02      
# span 15 =      0.035,    101.916      
# span 16 = 0.0000e+00, 0.0000e+00      
# interval = seconds: 0.25
# start_time = Apr 20 2017 18:14:56 [Instrument's time stamp, header]
# bad_flag = -9.990e-29
*END*
          1 110.760370    0.00000     0.0000      0.000  1000.0440    393.128     0.1834      0.035    8.45479     7.1390     7.1386     0.0438   15.44292 3.4042e+02      0.036 0.0000e+00
          2 110.760373    0.00007     0.0042      0.250  1000.0443    394.168     0.1839      0.036    8.45473     7.1392     7.1388     0.0441   15.44281 3.3693e+02      0.037 0.0000e+00
          3 110.760376    0.00014     0.0083      0.500  1000.0448    395.413     0.1845      0.036    8.45466     7.1394     7.1390     0.0446   15.44268 3.3310e+02      0.037 0.0000e+00
          4 110.760379    0.00021     0.0125      0.750  1000.0453    396.691     0.1851      0.036    8.45458     7.1397     7.1392     0.0451   15.44253 3.3126e+02      0.037 0.0000e+00
          5 110.760382    0.00028     0.0167      1.000  1000.0457    397.954     0.1857      0.036    8.45449     7.1399     7.1394     0.0456   15.44238 3.3115e+02      0.037 0.0000e+00
          6 110.760385    0.00035     0.0208      1.250  1000.0463    399.433     0.1864      0.035    8.45440     7.1402     7.1397     0.0461   15.44222 3.3127e+02      0.036 0.0000e+00
          7 110.760388    0.00042     0.0250      1.500  1000.0471    401.520     0.1874      0.035    8.45429     7.1404     7.1399     0.0469   15.44202 3.3242e+02      0.036 0.0000e+00
          8 110.760391    0.00049     0.0292      1.750  1000.0483    404.597     0.1889      0.035    8.45416     7.1407     7.1402     0.0481   15.44177 3.3677e+02      0.036 0.0000e+00
          9 110.760394    0.00056     0.0333      2.000  1000.0500    409.164     0.1911      0.035    8.45398     7.1410     7.1404     0.0499   15.44144 3.4604e+02      0.036 0.0000e+00
         10 110.760396    0.00063     0.0375      2.250  1000.0526    415.888     0.1944      0.035    8.45375     7.1413     7.1407     0.0524   15.44099 3.6211e+02      0.036 0.0000e+00
         11 110.760399    0.00069     0.0417      2.500  1000.0561    425.000     0.1988      0.035    8.45345     7.1415     7.1410     0.0559   15.44042 3.8775e+02      0.036 0.0000e+00
         12 110.760402    0.00076     0.0458      2.750  1000.0604    436.283     0.2042      0.035    8.45309     7.1418     7.1413     0.0602   15.43972 4.2756e+02      0.036 0.0000e+00
         13 110.760405    0.00083     0.0500      3.000  1000.0658    450.353     0.2110      0.035    8.45265     7.1421     7.1415     0.0656   15.43888 4.9136e+02      0.036 0.0000e+00
         14 110.760408    0.00090     0.0542      3.250  1000.0729    468.632     0.2199      0.035    8.45210     7.1424     7.1418     0.0727   15.43782 5.7335e+02      0.036 0.0000e+00
         15 110.760411    0.00097     0.0583      3.500  1000.0819    492.102     0.2313      0.036    8.45141     7.1427     7.1421     0.0817   15.43647 6.4634e+02      0.037 0.0000e+00
         16 110.760414    0.00104     0.0625      3.750  1000.0930    520.914     0.2453      0.036    8.45057     7.1430     7.1424     0.0928   15.43484 6.9758e+02      0.037 0.0000e+00
         17 110.760417    0.00111     0.0667      4.000  1000.1056    553.445     0.2611      0.036    8.44963     7.1433     7.1428     0.1054   15.43301 7.3030e+02      0.037 0.0000e+00
         18 110.760420    0.00118     0.0708      4.250  1000.1182    585.921     0.2770      0.036    8.44869     7.1436     7.1431     0.1180   15.43118 7.4820e+02      0.037 0.0000e+00
         19 110.760422    0.00125     0.0750      4.500  1000.1296    615.199     0.2913      0.036    8.44784     7.1438     7.1433     0.1294   15.42952 7.5485e+02      0.037 0.0000e+00
         20 110.760425    0.00132     0.0792      4.750  1000.1396    640.763     0.3038      0.036    8.44709     7.1440     7.1436     0.1394   15.42807 7.5340e+02      0.037 0.0000e+00
         21 110.760428    0.00139     0.0833      5.000  1000.1481    662.678     0.3146      0.036    8.44645     7.1442     7.1438     0.1479   15.42682 7.5045e+02      0.037 0.0000e+00
         22 110.760431    0.00146     0.0875      5.250  1000.1541    678.075     0.3222      0.036    8.44599     7.1443     7.1440     0.1539   15.42592 7.5040e+02      0.037 0.0000e+00
         23 110.760434    0.00153     0.0917      5.500  1000.1564    684.024     0.3251      0.036    8.44580     7.1445     7.1442     0.1562   15.42555 7.4931e+02      0.037 0.0000e+00
         24 110.760437    0.00160     0.0958      5.750  1000.1557    682.493     0.3243      0.036    8.44581     7.1446     7.1443     0.1555   15.42557 7.4124e+02      0.037 0.0000e+00
         25 110.760440    0.00167     0.1000      6.000  1000.1536    677.071     0.3216      0.036    8.44592     7.1448     7.1445     0.1534   15.42581 7.2140e+02      0.037 0.0000e+00
         26 110.760443    0.00174     0.1042      6.250  1000.1508    669.770     0.3180      0.036    8.44608     7.1449     7.1446     0.1506   15.42614 6.8563e+02      0.037 0.0000e+00
         27 110.760446    0.00181     0.1083      6.500  1000.1476    661.591     0.3140      0.036    8.44628     7.1451     7.1448     0.1474   15.42653 6.3052e+02      0.037 0.0000e+00
         28 110.760448    0.00187     0.1125      6.750  1000.1441    652.801     0.3097      0.036    8.44649     7.1452     7.1449     0.1439   15.42695 5.5788e+02      0.037 0.0000e+00
         29 110.760451    0.00194     0.1167      7.000  1000.1404    643.388     0.3051      0.035    8.44671     7.1454     7.1451     0.1403   15.42740 4.8619e+02      0.036 0.0000e+00
         30 110.760454    0.00201     0.1208      7.250  1000.1365    633.263     0.3001      0.035    8.44695     7.1455     7.1452     0.1363   15.42789 4.3526e+02      0.036 0.0000e+00
         31 110.760457    0.00208     0.1250      7.500  1000.1324    622.847     0.2950      0.035    8.44721     7.1456     7.1454     0.1322   15.42840 4.0478e+02      0.036 0.0000e+00
         32 110.760460    0.00215     0.1292      7.750  1000.1286    613.047     0.2902      0.036    8.44745     7.1457     7.1455     0.1284   15.42887 3.8697e+02      0.037 0.0000e+00
         33 110.760463    0.00222     0.1333      8.000  1000.1251    604.245     0.2859      0.036    8.44766     7.1459     7.1456     0.1250   15.42930 3.7806e+02      0.037 0.0000e+00
         34 110.760466    0.00229     0.1375      8.250  1000.1221    596.441     0.2821      0.036    8.44784     7.1460     7.1457     0.1219   15.42967 3.7652e+02      0.037 0.0000e+00
         35 110.760469    0.00236     0.1417      8.500  1000.1193    589.313     0.2786      0.036    8.44801     7.1461     7.1459     0.1191   15.43000 3.8273e+02      0.037 0.0000e+00
         36 110.760472    0.00243     0.1458      8.750  1000.1165    582.226     0.2751      0.036    8.44817     7.1463     7.1460     0.1164   15.43033 3.9831e+02      0.037 0.0000e+00
         37 110.760475    0.00250     0.1500      9.000  1000.1139    575.317     0.2717      0.036    8.44833     7.1464     7.1461     0.1137   15.43065 4.2768e+02      0.037 0.0000e+00
         38 110.760477    0.00257     0.1542      9.250  1000.1114    569.055     0.2686      0.035    8.44847     7.1466     7.1463     0.1112   15.43094 4.6430e+02      0.036 0.0000e+00
         39 110.760480    0.00264     0.1583      9.500  1000.1092    563.373     0.2659      0.035    8.44859     7.1468     7.1464     0.1090   15.43118 4.8367e+02      0.036 0.0000e+00
         40 110.760483    0.00271     0.1625      9.750  1000.1071    558.014     0.2633      0.035    8.44870     7.1471     7.1466     0.1069   15.43140 4.6774e+02      0.036 0.0000e+00
         41 110.760486    0.00278     0.1667     10.000  1000.1051    552.801     0.2607      0.036    8.44880     7.1473     7.1468     0.1049   15.43161 4.2802e+02      0.037 0.0000e+00
         42 110.760489    0.00285     0.1708     10.250  1000.1032    547.822     0.2583      0.036    8.44889     7.1474     7.1471     0.1030   15.43180 3.9320e+02      0.037 0.0000e+00
         43 110.760492    0.00292     0.1750     10.500  1000.1015    543.665     0.2563      0.036    8.44895     7.1476     7.1473     0.1014   15.43194 3.7402e+02      0.037 0.0000e+00
         44 110.760495    0.00299     0.1792     10.750  1000.1006    541.239     0.2551      0.036    8.44898     7.1478     7.1474     0.1004   15.43201 3.6886e+02      0.037 0.0000e+00
         45 110.760498    0.00306     0.1833     11.000  1000.1006    541.379     0.2552      0.035    8.44894     7.1480     7.1476     0.1005   15.43194 3.7711e+02      0.036 0.0000e+00
         46 110.760501    0.00313     0.1875     11.250  1000.1014    543.188     0.2562      0.035    8.44885     7.1482     7.1478     0.1012   15.43178 3.8852e+02      0.036 0.0000e+00
         47 110.760503    0.00319     0.1917     11.500  1000.1019    544.486     0.2569      0.035    8.44877     7.1484     7.1480     0.1018   15.43164 3.9851e+02      0.036 0.0000e+00
         48 110.760506    0.00326     0.1958     11.750  1000.1025    545.748     0.2577      0.034    8.44869     7.1485     7.1482     0.1024   15.43149 4.0323e+02      0.035 0.0000e+00
         49 110.760509    0.00333     0.2000     12.000  1000.1040    549.128     0.2596      0.034    8.44855     7.1487     7.1484     0.1039   15.43122 3.9187e+02      0.035 0.0000e+00
         50 110.760512    0.00340     0.2042     12.250  1000.1065    554.615     0.2627      0.035    8.44835     7.1488     7.1485     0.1063   15.43084 3.7271e+02      0.036 0.0000e+00
         51 110.760515    0.00347     0.2083     12.500  1000.1096    561.093     0.2666      0.035    8.44811     7.1488     7.1487     0.1094   15.43039 3.5807e+02      0.036 0.0000e+00
         52 110.760518    0.00354     0.2125     12.750  1000.1138    569.482     0.2720      0.036    8.44782     7.1488     7.1488     0.1136   15.42982 3.5186e+02      0.037 0.0000e+00
         53 110.760521    0.00361     0.2167     13.000  1000.1209    583.727     0.2810      0.036    8.44735     7.1486     7.1488     0.1207   15.42891 3.5571e+02      0.037 0.0000e+00
         54 110.760524    0.00368     0.2208     13.250  1000.1335    609.569     0.2970      0.037    8.44653     7.1482     7.1488     0.1333   15.42732 3.6289e+02      0.038 0.0000e+00
         55 110.760527    0.00375     0.2250     13.500  1000.1551    653.911     0.3244      0.037    8.44517     7.1472     7.1486     0.1549   15.42464 3.6974e+02      0.038 0.0000e+00
         56 110.760530    0.00382     0.2292     13.750  1000.1907    727.143     0.3697      0.037    8.44294     7.1455     7.1482     0.1905   15.42027 3.8080e+02      0.038 0.0000e+00
         57 110.760532    0.00389     0.2333     14.000  1000.2496    847.699     0.4445      0.037    8.43930     7.1427     7.1472     0.2494   15.41313 3.9946e+02      0.038 0.0000e+00
         58 110.760535    0.00396     0.2375     14.250  1000.3475   1047.733     0.5687      0.039    8.43329     7.1378     7.1455     0.3472   15.40130 4.2303e+02      0.040 0.0000e+00
         59 110.760538    0.00403     0.2417     14.500  1000.5106   1381.374     0.7759      0.041    8.42327     7.1298     7.1427     0.5104   15.38161 4.5229e+02      0.042 0.0000e+00
         60 110.760541    0.00410     0.2458     14.750  1000.7831   1938.910     1.1219      0.045    8.40653     7.1164     7.1378     0.7828   15.34873 4.8711e+02      0.046 0.0000e+00
         61 110.760544    0.00417     0.2500     15.000  1001.2382   2870.758     1.6998      0.052    8.37857     7.0940     7.1298     1.2379   15.29378 5.1303e+02      0.053 0.0000e+00
         62 110.760547    0.00424     0.2542     15.250  1001.9982   4427.649     2.6649      0.063    8.33188     7.0567     7.1164     1.9979   15.20201 5.2334e+02      0.065 0.0000e+00
         63 110.760550    0.00431     0.2583     15.500  1003.2666   7027.090     4.2756      0.082    8.25394     6.9943     7.0940     3.2662   15.04883 5.2347e+02      0.083 0.0000e+00
         64 110.760553    0.00438     0.2625     15.750  1005.3824  11363.822     6.9621      0.112    8.12394     6.8953     7.0567     5.3819   14.79332 5.1643e+02      0.114 0.0000e+00
         65 110.760556    0.00444     0.2667     16.000  1008.8595  18470.419    11.3778      0.162    7.91072     6.7627     6.9943     8.8587   14.37425 5.0386e+02      0.165 0.0000e+00
         66 110.760558    0.00451     0.2708     16.250  1013.4603  27789.478    17.2186      0.237    7.63323     6.6193     6.8953    13.4593   13.82839 4.8516e+02      0.240 0.0000e+00
         67 110.760561    0.00458     0.2750     16.500  1017.7158  36305.479    22.6143      0.333    7.38628     6.4877     6.7627    17.7143   13.34105 4.5582e+02      0.337 0.0000e+00
         68 110.760564    0.00465     0.2792     16.750  1020.6385  42105.422    26.3111      0.446    7.22700     6.3786     6.6193    20.6364   13.02425 4.0652e+02      0.451 0.0000e+00
         69 110.760567    0.00472     0.2833     17.000  1022.4362  45667.432    28.5776      0.570    7.13661     6.2948     6.4877    22.4336   12.84212 3.4545e+02      0.576 0.0000e+00
         70 110.760570    0.00479     0.2875     17.250  1023.5434  47857.830    29.9686      0.699    7.08584     6.2346     6.3787    23.5402   12.73818 2.9772e+02      0.706 0.0000e+00
         71 110.760573    0.00486     0.2917     17.500  1024.2310  49215.092    30.8296      0.826    7.05718     6.1959     6.2949    24.2271   12.67844 2.6808e+02      0.834 0.0000e+00
         72 110.760576    0.00493     0.2958     17.750  1024.6649  50068.754    31.3715      0.944    7.04042     6.1774     6.2347    24.6605   12.64301 2.4734e+02      0.953 0.0000e+00
         73 110.760579    0.00500     0.3000     18.000  1024.9416  50610.662    31.7167      1.043    7.02986     6.1761     6.1960    24.9368   12.62066 2.2936e+02      1.053 0.0000e+00
         74 110.760582    0.00507     0.3042     18.250  1025.1100  50939.826    31.9275      1.117    7.02257     6.1835     6.1775    25.1048   12.60564 2.1348e+02      1.128 0.0000e+00
         75 110.760584    0.00514     0.3083     18.500  1025.1992  51115.052    32.0405      1.168    7.01724     6.1895     6.1761    25.1938   12.59520 2.0530e+02      1.179 0.0000e+00
         76 110.760587    0.00521     0.3125     18.750  1025.2336  51184.826    32.0854      1.200    7.01374     6.1874     6.1836    25.2280   12.58875 2.0488e+02      1.211 0.0000e+00
         77 110.760590    0.00528     0.3167     19.000  1025.2353  51192.037    32.0885      1.216    7.01251     6.1764     6.1896    25.2296   12.58659 2.0612e+02      1.227 0.0000e+00
         78 110.760593    0.00535     0.3208     19.250  1025.2252  51176.379    32.0754      1.220    7.01339     6.1602     6.1875    25.2195   12.58818 2.0722e+02      1.231 0.0000e+00
         79 110.760596    0.00542     0.3250     19.500  1025.2203  51169.780    32.0676      1.214    7.01552     6.1436     6.1765    25.2146   12.59177 2.1140e+02      1.225 0.0000e+00
         80 110.760599    0.00549     0.3292     19.750  1025.2258  51181.961    32.0722      1.203    7.01793     6.1298     6.1603    25.2203   12.59568 2.2031e+02      1.214 0.0000e+00
         81 110.760602    0.00556     0.3333     20.000  1025.2371  51204.123    32.0840      1.192    7.02010     6.1199     6.1437    25.2316   12.59910 2.3210e+02      1.203 0.0000e+00
         82 110.760605    0.00562     0.3375     20.250  1025.2495  51227.946    32.0976      1.187    7.02173     6.1139     6.1299    25.2440   12.60162 2.4333e+02      1.198 0.0000e+00
         83 110.760608    0.00569     0.3417     20.500  1025.2613  51250.249    32.1110      1.190    7.02273     6.1113     6.1200    25.2557   12.60310 2.5036e+02      1.201 0.0000e+00
         84 110.760611    0.00576     0.3458     20.750  1025.2711  51268.596    32.1224      1.199    7.02318     6.1112     6.1140    25.2655   12.60369 2.4971e+02      1.210 0.0000e+00
         85 110.760613    0.00583     0.3500     21.000  1025.2768  51278.972    32.1290      1.213    7.02330     6.1130     6.1114    25.2711   12.60381 2.4283e+02      1.225 0.0000e+00
