CTD-processing/allCTD/CNV--homogene/2017_01-11_alongbay_skb05_cast024.cnv
* Sea-Bird SBE19plus Data File:
* FileName = P:\My Documents\kasitsna\Research-KBL\Oceanography-AK\CTD-Data-ALL-to-2016-05\2017-CTD-KachemakBay-CookInlet\2017-01-11-KachemakBay-AlongBay-partial\2017-01-11-KachemakBay-AlongBay-cast024.hex
* Software Version 1.59
* Temperature SN =  4141
* Conductivity SN =  4141
* System UpLoad Time = Jan 17 2017 15:07:19
** Cook Inlet LTM Kachemak Bay Along-bay Transect - partial
** Date: (YYYY-MM-DD): 2017-01-11
** Station: (eg. 9-01): KB05
** Start time (AKST): 15:35
** Depth (m): 175.3
** Comment: R/V Edgecumbe. From T4 to T9.
** Comment:
# nquan = 17
# nvalues = 1005                        
# units = specified
# name 0 = scan: Scan Count
# name 1 = timeJ: Julian Days
# name 2 = timeH: Time, Elapsed [hours]
# name 3 = timeM: Time, Elapsed [minutes]
# name 4 = timeS: Time, Elapsed [seconds]
# name 5 = density00: Density [density, kg/m^3]
# name 6 = specc: Specific Conductance [uS/cm]
# name 7 = sal00: Salinity, Practical [PSU]
# name 8 = depSM: Depth [salt water, m], lat = 59.00
# name 9 = oxsolML/L: Oxygen Saturation, Garcia & Gordon [ml/l]
# name 10 = potemp090C: Potential Temperature [ITS-90, deg C]
# name 11 = tv290C: Temperature [ITS-90, deg C]
# name 12 = sigma-é00: Density [sigma-theta, kg/m^3]
# name 13 = n2satML/L: Nitrogen Saturation [ml/l]
# name 14 = par: PAR/Irradiance, Biospherical/Licor
# name 15 = prdM: Pressure, Strain Gauge [db]
# name 16 = flag:  0.000e+00
# span 0 =          1,       1005       
# span 1 =  11.650370,  11.653275       
# span 2 =    0.00000,    0.06972       
# span 3 =     0.0000,     4.1833       
# span 4 =      0.000,    251.000       
# span 5 =  1000.5115,  1025.4126       
# span 6 =   1503.134,  50543.360       
# span 7 =     0.7186,    31.4453       
# span 8 =     -0.006,    137.106       
# span 9 =    7.13607,    9.74651       
# span 10 =     1.5619,     5.6266      
# span 11 =     1.5609,     5.6340      
# span 12 =     0.5115,    24.8302      
# span 13 =   12.79906,   17.60100      
# span 14 = 3.6382e-02, 6.8379e+01      
# span 15 =     -0.006,    138.447      
# span 16 = 0.0000e+00, 0.0000e+00      
# interval = seconds: 0.25
# start_time = Jan 11 2017 15:36:32 [Instrument's time stamp, header]
# bad_flag = -9.990e-29
*END*
[from data line 86]
         87  11.650619    0.00597     0.3583     21.500  1024.5315  49990.743    31.0512      0.932    7.23208     5.1683     5.1764    24.5271   12.96244 2.7771e+01      0.941 0.0000e+00
         88  11.650622    0.00604     0.3625     21.750  1024.5684  50059.995    31.0961      0.937    7.23217     5.1852     5.1633    24.5640   12.96202 2.7508e+01      0.945 0.0000e+00
         89  11.650625    0.00611     0.3667     22.000  1024.5785  50077.995    31.1095      0.948    7.23065     5.2052     5.1684    24.5741   12.95934 2.7209e+01      0.956 0.0000e+00
         90  11.650628    0.00618     0.3708     22.250  1024.5597  50041.537    31.0880      0.961    7.22877     5.2217     5.1853    24.5552   12.95651 2.6930e+01      0.969 0.0000e+00
         91  11.650631    0.00625     0.3750     22.500  1024.5178  49962.186    31.0377      0.970    7.22774     5.2318     5.2053    24.5132   12.95546 2.6619e+01      0.978 0.0000e+00
         92  11.650634    0.00632     0.3792     22.750  1024.4656  49864.365    30.9739      0.972    7.22797     5.2339     5.2218    24.4610   12.95666 2.6262e+01      0.981 0.0000e+00
         93  11.650637    0.00639     0.3833     23.000  1024.4192  49777.995    30.9167      0.968    7.22899     5.2261     5.2319    24.4146   12.95909 2.5981e+01      0.977 0.0000e+00
         94  11.650639    0.00646     0.3875     23.250  1024.3878  49719.993    30.8773      0.959    7.23053     5.2100     5.2340    24.3832   12.96214 2.5816e+01      0.968 0.0000e+00
         95  11.650642    0.00653     0.3917     23.500  1024.3733  49694.189    30.8580      0.949    7.23282     5.1912     5.2261    24.3688   12.96616 2.5687e+01      0.958 0.0000e+00
         96  11.650645    0.00660     0.3958     23.750  1024.3747  49698.427    30.8577      0.942    7.23561     5.1730     5.2100    24.3702   12.97079 2.5570e+01      0.950 0.0000e+00
         97  11.650648    0.00667     0.4000     24.000  1024.3868  49722.672    30.8704      0.938    7.23825     5.1559     5.1912    24.3824   12.97498 2.5506e+01      0.947 0.0000e+00
         98  11.650651    0.00674     0.4042     24.250  1024.4016  49751.764    30.8866      0.938    7.24061     5.1407     5.1731    24.3972   12.97867 2.5561e+01      0.946 0.0000e+00
         99  11.650654    0.00681     0.4083     24.500  1024.4107  49770.236    30.8958      0.939    7.24312     5.1284     5.1560    24.4062   12.98270 2.5821e+01      0.948 0.0000e+00
        100  11.650657    0.00688     0.4125     24.750  1024.4090  49768.708    30.8916      0.939    7.24597     5.1190     5.1408    24.4046   12.98745 2.6191e+01      0.948 0.0000e+00
        101  11.650660    0.00694     0.4167     25.000  1024.3982  49750.029    30.8762      0.938    7.24885     5.1120     5.1284    24.3938   12.99242 2.6441e+01      0.947 0.0000e+00
        102  11.650663    0.00701     0.4208     25.250  1024.3831  49723.154    30.8559      0.935    7.25146     5.1066     5.1191    24.3787   12.99699 2.6457e+01      0.944 0.0000e+00
        103  11.650666    0.00708     0.4250     25.500  1024.3674  49694.977    30.8351      0.931    7.25367     5.1020     5.1121    24.3630   13.00092 2.6265e+01      0.940 0.0000e+00
        104  11.650668    0.00715     0.4292     25.750  1024.3540  49671.023    30.8176      0.928    7.25547     5.0979     5.1066    24.3497   13.00412 2.6057e+01      0.937 0.0000e+00
        105  11.650671    0.00722     0.4333     26.000  1024.3456  49656.014    30.8064      0.925    7.25682     5.0943     5.1020    24.3413   13.00649 2.5982e+01      0.933 0.0000e+00
        106  11.650674    0.00729     0.4375     26.250  1024.3435  49652.550    30.8032      0.923    7.25768     5.0914     5.0980    24.3391   13.00795 2.6012e+01      0.932 0.0000e+00
        107  11.650677    0.00736     0.4417     26.500  1024.3486  49662.339    30.8091      0.925    7.25802     5.0894     5.0944    24.3442   13.00843 2.6054e+01      0.934 0.0000e+00
        108  11.650680    0.00743     0.4458     26.750  1024.3605  49684.630    30.8238      0.931    7.25781     5.0884     5.0915    24.3562   13.00790 2.6077e+01      0.940 0.0000e+00
        109  11.650683    0.00750     0.4500     27.000  1024.3734  49708.409    30.8397      0.941    7.25739     5.0875     5.0895    24.3689   13.00699 2.6139e+01      0.950 0.0000e+00
        110  11.650686    0.00757     0.4542     27.250  1024.3764  49714.054    30.8433      0.953    7.25739     5.0846     5.0885    24.3719   13.00694 2.6220e+01      0.962 0.0000e+00
        111  11.650689    0.00764     0.4583     27.500  1024.3642  49691.607    30.8277      0.965    7.25829     5.0767     5.0876    24.3597   13.00864 2.6223e+01      0.974 0.0000e+00
        112  11.650692    0.00771     0.4625     27.750  1024.3431  49652.958    30.8006      0.976    7.26012     5.0608     5.0847    24.3385   13.01202 2.6101e+01      0.985 0.0000e+00
        113  11.650694    0.00778     0.4667     28.000  1024.3258  49621.841    30.7776      0.985    7.26263     5.0330     5.0768    24.3212   13.01645 2.5848e+01      0.994 0.0000e+00
        114  11.650697    0.00785     0.4708     28.250  1024.3213  49615.429    30.7698      0.990    7.26578     4.9891     5.0609    24.3167   13.02176 2.5498e+01      1.000 0.0000e+00
        115  11.650700    0.00792     0.4750     28.500  1024.3337  49641.441    30.7818      0.992    7.27005     4.9291     5.0331    24.3291   13.02866 2.5209e+01      1.001 0.0000e+00
        116  11.650703    0.00799     0.4792     28.750  1024.3654  49704.782    30.8159      0.988    7.27607     4.8602     4.9892    24.3607   13.03815 2.5028e+01      0.998 0.0000e+00
        117  11.650706    0.00806     0.4833     29.000  1024.4147  49802.816    30.8703      0.980    7.28391     4.7932     4.9291    24.4101   13.05041 2.4789e+01      0.990 0.0000e+00
        118  11.650709    0.00813     0.4875     29.250  1024.4735  49919.306    30.9354      0.971    7.29280     4.7352     4.8602    24.4689   13.06425 2.4407e+01      0.980 0.0000e+00
        119  11.650712    0.00819     0.4917     29.500  1024.5306  50032.816    30.9987      0.964    7.30146     4.6875     4.7932    24.5261   13.07773 2.3983e+01      0.973 0.0000e+00
        120  11.650715    0.00826     0.4958     29.750  1024.5798  50130.720    31.0532      0.961    7.30898     4.6493     4.7352    24.5753   13.08945 2.3644e+01      0.970 0.0000e+00
        121  11.650718    0.00833     0.5000     30.000  1024.6203  50211.399    31.0981      0.964    7.31516     4.6195     4.6876    24.6158   13.09907 2.3454e+01      0.973 0.0000e+00
        122  11.650720    0.00840     0.5042     30.250  1024.6513  50273.353    31.1322      0.968    7.32023     4.5967     4.6493    24.6468   13.10700 2.3402e+01      0.977 0.0000e+00
        123  11.650723    0.00847     0.5083     30.500  1024.6706  50312.795    31.1527      0.970    7.32449     4.5789     4.6195    24.6661   13.11377 2.3456e+01      0.979 0.0000e+00
        124  11.650726    0.00854     0.5125     30.750  1024.6811  50335.070    31.1629      0.968    7.32801     4.5638     4.5967    24.6765   13.11944 2.3584e+01      0.977 0.0000e+00
        125  11.650729    0.00861     0.5167     31.000  1024.6895  50352.992    31.1713      0.960    7.33074     4.5504     4.5789    24.6850   13.12385 2.3765e+01      0.969 0.0000e+00
        126  11.650732    0.00868     0.5208     31.250  1024.6998  50374.010    31.1824      0.951    7.33286     4.5396     4.5639    24.6953   13.12720 2.3999e+01      0.960 0.0000e+00
        127  11.650735    0.00875     0.5250     31.500  1024.7126  50399.475    31.1968      0.947    7.33452     4.5329     4.5504    24.7081   13.12976 2.4163e+01      0.956 0.0000e+00
        128  11.650738    0.00882     0.5292     31.750  1024.7270  50427.650    31.2137      0.950    7.33561     4.5301     4.5396    24.7226   13.13133 2.4129e+01      0.959 0.0000e+00
        129  11.650741    0.00889     0.5333     32.000  1024.7405  50453.427    31.2298      0.960    7.33599     4.5299     4.5330    24.7360   13.13176 2.4022e+01      0.969 0.0000e+00
        130  11.650744    0.00896     0.5375     32.250  1024.7487  50468.813    31.2397      0.973    7.33600     4.5315     4.5301    24.7442   13.13165 2.3882e+01      0.982 0.0000e+00
        131  11.650747    0.00903     0.5417     32.500  1024.7475  50466.477    31.2381      0.983    7.33611     4.5340     4.5300    24.7429   13.13185 2.3589e+01      0.992 0.0000e+00
        132  11.650749    0.00910     0.5458     32.750  1024.7382  50449.084    31.2265      0.986    7.33639     4.5364     4.5316    24.7336   13.13247 2.3298e+01      0.996 0.0000e+00
        133  11.650752    0.00917     0.5500     33.000  1024.7277  50429.413    31.2136      0.981    7.33660     4.5382     4.5340    24.7231   13.13297 2.3201e+01      0.991 0.0000e+00
        134  11.650755    0.00924     0.5542     33.250  1024.7214  50417.502    31.2060      0.971    7.33655     4.5409     4.5364    24.7168   13.13299 2.3247e+01      0.980 0.0000e+00
        135  11.650758    0.00931     0.5583     33.500  1024.7209  50416.414    31.2057      0.960    7.33624     4.5474     4.5383    24.7164   13.13248 2.3271e+01      0.970 0.0000e+00
        136  11.650761    0.00937     0.5625     33.750  1024.7261  50425.583    31.2126      0.956    7.33543     4.5608     4.5410    24.7215   13.13105 2.3193e+01      0.966 0.0000e+00
        137  11.650764    0.00944     0.5667     34.000  1024.7342  50439.685    31.2237      0.961    7.33373     4.5843     4.5475    24.7296   13.12810 2.3092e+01      0.971 0.0000e+00
        138  11.650767    0.00951     0.5708     34.250  1024.7387  50446.059    31.2310      0.974    7.33100     4.6195     4.5609    24.7341   13.12350 2.2957e+01      0.984 0.0000e+00
        139  11.650770    0.00958     0.5750     34.500  1024.7297  50426.129    31.2225      0.991    7.32727     4.6605     4.5843    24.7250   13.11745 2.2713e+01      1.000 0.0000e+00
        140  11.650773    0.00965     0.5792     34.750  1024.7004  50367.312    31.1900      1.004    7.32264     4.6956     4.6196    24.6956   13.11023 2.2391e+01      1.013 0.0000e+00
        141  11.650775    0.00972     0.5833     35.000  1024.6565  50281.034    31.1400      1.007    7.31787     4.7170     4.6605    24.6518   13.10300 2.2074e+01      1.017 0.0000e+00
        142  11.650778    0.00979     0.5875     35.250  1024.6143  50198.547    31.0913      0.999    7.31407     4.7229     4.6956    24.6095   13.09735 2.1844e+01      1.009 0.0000e+00
        143  11.650781    0.00986     0.5917     35.500  1024.5871  50145.869    31.0599      0.982    7.31183     4.7179     4.7170    24.5825   13.09406 2.1743e+01      0.992 0.0000e+00
        144  11.650784    0.00993     0.5958     35.750  1024.5810  50133.939    31.0531      0.965    7.31111     4.7121     4.7230    24.5765   13.09296 2.1783e+01      0.974 0.0000e+00
        145  11.650787    0.01000     0.6000     36.000  1024.5937  50158.013    31.0685      0.954    7.31123     4.7149     4.7180    24.5892   13.09295 2.1924e+01      0.963 0.0000e+00
        146  11.650790    0.01007     0.6042     36.250  1024.6137  50195.568    31.0929      0.952    7.31105     4.7291     4.7122    24.6092   13.09235 2.2050e+01      0.961 0.0000e+00
        147  11.650793    0.01014     0.6083     36.500  1024.6252  50216.508    31.1078      0.958    7.30982     4.7505     4.7150    24.6207   13.09013 2.2139e+01      0.967 0.0000e+00
        148  11.650796    0.01021     0.6125     36.750  1024.6179  50201.226    31.1005      0.963    7.30768     4.7725     4.7292    24.6134   13.08669 2.2302e+01      0.972 0.0000e+00
        149  11.650799    0.01028     0.6167     37.000  1024.5925  50151.609    31.0712      0.963    7.30536     4.7904     4.7506    24.5880   13.08324 2.2515e+01      0.972 0.0000e+00
        150  11.650802    0.01035     0.6208     37.250  1024.5598  50088.613    31.0328      0.956    7.30336     4.8005     4.7726    24.5553   13.08043 2.2607e+01      0.965 0.0000e+00
        151  11.650804    0.01042     0.6250     37.500  1024.5327  50036.437    31.0010      0.944    7.30178     4.8018     4.7905    24.5282   13.07823 2.2599e+01      0.953 0.0000e+00
        152  11.650807    0.01049     0.6292     37.750  1024.5187  50009.411    30.9847      0.933    7.30080     4.7973     4.8006    24.5143   13.07683 2.2590e+01      0.942 0.0000e+00
        153  11.650810    0.01056     0.6333     38.000  1024.5198  50011.329    30.9863      0.928    7.30049     4.7911     4.8018    24.5154   13.07630 2.2561e+01      0.936 0.0000e+00
        154  11.650813    0.01063     0.6375     38.250  1024.5326  50035.490    31.0018      0.929    7.30053     4.7870     4.7973    24.5282   13.07616 2.2561e+01      0.938 0.0000e+00
        155  11.650816    0.01069     0.6417     38.500  1024.5501  50068.531    31.0231      0.937    7.30057     4.7883     4.7912    24.5457   13.07595 2.2665e+01      0.946 0.0000e+00
        156  11.650819    0.01076     0.6458     38.750  1024.5644  50095.315    31.0406      0.948    7.30044     4.7957     4.7870    24.5600   13.07551 2.2792e+01      0.957 0.0000e+00
        157  11.650822    0.01083     0.6500     39.000  1024.5684  50102.554    31.0458      0.960    7.29996     4.8061     4.7883    24.5640   13.07465 2.2799e+01      0.969 0.0000e+00
        158  11.650825    0.01090     0.6542     39.250  1024.5603  50086.607    31.0365      0.971    7.29911     4.8153     4.7957    24.5558   13.07337 2.2691e+01      0.980 0.0000e+00
        159  11.650828    0.01097     0.6583     39.500  1024.5434  50054.072    31.0165      0.979    7.29825     4.8200     4.8062    24.5389   13.07221 2.2581e+01      0.988 0.0000e+00
        160  11.650830    0.01104     0.6625     39.750  1024.5228  50014.796    30.9916      0.985    7.29786     4.8193     4.8154    24.5182   13.07189 2.2502e+01      0.994 0.0000e+00
        161  11.650833    0.01111     0.6667     40.000  1024.5032  49978.103    30.9675      0.988    7.29822     4.8142     4.8201    24.4986   13.07279 2.2379e+01      0.998 0.0000e+00
        162  11.650836    0.01118     0.6708     40.250  1024.4886  49951.306    30.9490      0.989    7.29925     4.8063     4.8194    24.4840   13.07473 2.2183e+01      0.999 0.0000e+00
        163  11.650839    0.01125     0.6750     40.500  1024.4806  49937.074    30.9382      0.988    7.30067     4.7967     4.8143    24.4760   13.07722 2.2012e+01      0.998 0.0000e+00
        164  11.650842    0.01132     0.6792     40.750  1024.4781  49933.458    30.9340      0.986    7.30226     4.7858     4.8064    24.4735   13.07989 2.1948e+01      0.996 0.0000e+00
        165  11.650845    0.01139     0.6833     41.000  1024.4793  49936.844    30.9343      0.985    7.30394     4.7733     4.7968    24.4747   13.08267 2.1906e+01      0.995 0.0000e+00
        166  11.650848    0.01146     0.6875     41.250  1024.4824  49943.964    30.9368      0.983    7.30574     4.7582     4.7858    24.4778   13.08562 2.1804e+01      0.992 0.0000e+00
        167  11.650851    0.01153     0.6917     41.500  1024.4870  49954.019    30.9409      0.979    7.30774     4.7395     4.7733    24.4824   13.08886 2.1695e+01      0.988 0.0000e+00
        168  11.650854    0.01160     0.6958     41.750  1024.4944  49969.561    30.9483      0.972    7.31003     4.7174     4.7582    24.4898   13.09255 2.1612e+01      0.981 0.0000e+00
        169  11.650856    0.01167     0.7000     42.000  1024.5065  49994.380    30.9612      0.963    7.31268     4.6937     4.7396    24.5020   13.09676 2.1597e+01      0.972 0.0000e+00
        170  11.650859    0.01174     0.7042     42.250  1024.5248  50030.900    30.9814      0.955    7.31559     4.6717     4.7175    24.5203   13.10129 2.1688e+01      0.963 0.0000e+00
