CTD-processing/allCTD/CNV--homogene/2017_05-30_alongbay_skb05_cast182.cnv
* Sea-Bird SBE19plus Data File:
* FileName = C:\Users\jwschloemer\Documents\CTD Data\2017_05_30_alongbay\2017_05_30_AlongBay_cast182.hex
* Software Version 1.59
* Temperature SN =  4141
* Conductivity SN =  4141
* System UpLoad Time = Jun 22 2017 13:58:08
** Cook Inlet LTM Kbay Along Bay
** Date: 2017-05-30
** Station:KB05
** Start Time (AKST):15:51
** Depth (m):170
** Comment: R/V Edgecumbe
# nquan = 17
# nvalues = 1082                        
# units = specified
# name 0 = scan: Scan Count
# name 1 = timeJ: Julian Days
# name 2 = timeH: Time, Elapsed [hours]
# name 3 = timeM: Time, Elapsed [minutes]
# name 4 = timeS: Time, Elapsed [seconds]
# name 5 = density00: Density [density, kg/m^3]
# name 6 = specc: Specific Conductance [uS/cm]
# name 7 = sal00: Salinity, Practical [PSU]
# name 8 = depSM: Depth [salt water, m], lat = 59.00
# name 9 = oxsolML/L: Oxygen Saturation, Garcia & Gordon [ml/l]
# name 10 = potemp090C: Potential Temperature [ITS-90, deg C]
# name 11 = tv290C: Temperature [ITS-90, deg C]
# name 12 = sigma-é00: Density [sigma-theta, kg/m^3]
# name 13 = n2satML/L: Nitrogen Saturation [ml/l]
# name 14 = par: PAR/Irradiance, Biospherical/Licor
# name 15 = prdM: Pressure, Strain Gauge [db]
# name 16 = flag:  0.000e+00
# span 0 =          1,       1082       
# span 1 = 150.661400, 150.664528       
# span 2 =    0.00000,    0.07507       
# span 3 =     0.0000,     4.5042       
# span 4 =      0.000,    270.250       
# span 5 =  1000.2046,  1025.9184       
# span 6 =    845.179,  51388.250       
# span 7 =     0.4058,    31.9451       
# span 8 =     -0.006,    146.371       
# span 9 =    6.76988,    8.37800       
# span 10 =     5.1857,     8.0802      
# span 11 =     5.1967,     8.0802      
# span 12 =     0.2046,    25.2336      
# span 13 =   12.20120,   15.31011      
# span 14 = 3.7071e-02, 1.6787e+03      
# span 15 =     -0.006,    147.806      
# span 16 = 0.0000e+00, 0.0000e+00      
# interval = seconds: 0.25
# start_time = May 30 2017 15:52:25 [Instrument's time stamp, header]
# bad_flag = -9.990e-29
*END*
[from data line 937]
        938 150.664112    0.06507     3.9042    234.250  1025.7697  51324.830    31.9325    118.699    7.17205     5.2677     5.2790    25.2142   12.85197 3.7563e-02    119.854 0.0000e+00
        939 150.664115    0.06514     3.9083    234.500  1025.7713  51326.536    31.9333    118.890    7.17224     5.2669     5.2777    25.2150   12.85227 3.7549e-02    120.047 0.0000e+00
        940 150.664117    0.06521     3.9125    234.750  1025.7727  51327.824    31.9338    119.066    7.17239     5.2663     5.2767    25.2155   12.85252 3.7554e-02    120.225 0.0000e+00
        941 150.664120    0.06528     3.9167    235.000  1025.7740  51328.831    31.9343    119.239    7.17250     5.2658     5.2759    25.2160   12.85271 3.7571e-02    120.399 0.0000e+00
        942 150.664123    0.06535     3.9208    235.250  1025.7752  51329.715    31.9347    119.421    7.17259     5.2656     5.2753    25.2163   12.85284 3.7578e-02    120.583 0.0000e+00
        943 150.664126    0.06542     3.9250    235.500  1025.7764  51330.495    31.9350    119.620    7.17265     5.2654     5.2748    25.2167   12.85293 3.7565e-02    120.784 0.0000e+00
        944 150.664129    0.06549     3.9292    235.750  1025.7776  51331.002    31.9352    119.835    7.17268     5.2653     5.2746    25.2169   12.85298 3.7541e-02    121.001 0.0000e+00
        945 150.664132    0.06556     3.9333    236.000  1025.7787  51331.120    31.9351    120.062    7.17270     5.2650     5.2745    25.2168   12.85302 3.7521e-02    121.231 0.0000e+00
        946 150.664135    0.06563     3.9375    236.250  1025.7796  51331.061    31.9349    120.293    7.17274     5.2646     5.2743    25.2167   12.85308 3.7528e-02    121.465 0.0000e+00
        947 150.664138    0.06569     3.9417    236.500  1025.7806  51331.128    31.9348    120.517    7.17278     5.2641     5.2741    25.2166   12.85316 3.7557e-02    121.691 0.0000e+00
        948 150.664141    0.06576     3.9458    236.750  1025.7816  51331.424    31.9348    120.723    7.17285     5.2637     5.2737    25.2167   12.85326 3.7572e-02    121.899 0.0000e+00
        949 150.664144    0.06583     3.9500    237.000  1025.7826  51331.877    31.9350    120.907    7.17292     5.2633     5.2733    25.2168   12.85338 3.7572e-02    122.084 0.0000e+00
        950 150.664146    0.06590     3.9542    237.250  1025.7836  51332.325    31.9351    121.074    7.17298     5.2630     5.2728    25.2170   12.85348 3.7585e-02    122.253 0.0000e+00
        951 150.664149    0.06597     3.9583    237.500  1025.7845  51332.679    31.9352    121.239    7.17304     5.2627     5.2725    25.2171   12.85358 3.7620e-02    122.419 0.0000e+00
        952 150.664152    0.06604     3.9625    237.750  1025.7853  51332.931    31.9352    121.416    7.17309     5.2624     5.2722    25.2171   12.85366 3.7661e-02    122.598 0.0000e+00
        953 150.664155    0.06611     3.9667    238.000  1025.7862  51333.063    31.9351    121.613    7.17314     5.2621     5.2719    25.2171   12.85375 3.7686e-02    122.798 0.0000e+00
        954 150.664158    0.06618     3.9708    238.250  1025.7872  51333.131    31.9350    121.826    7.17320     5.2616     5.2716    25.2171   12.85384 3.7694e-02    123.013 0.0000e+00
        955 150.664161    0.06625     3.9750    238.500  1025.7882  51333.268    31.9349    122.043    7.17327     5.2609     5.2713    25.2170   12.85396 3.7676e-02    123.232 0.0000e+00
        956 150.664164    0.06632     3.9792    238.750  1025.7892  51333.540    31.9349    122.255    7.17336     5.2602     5.2708    25.2171   12.85410 3.7633e-02    123.445 0.0000e+00
        957 150.664167    0.06639     3.9833    239.000  1025.7902  51333.884    31.9349    122.457    7.17346     5.2594     5.2701    25.2172   12.85427 3.7594e-02    123.650 0.0000e+00
        958 150.664170    0.06646     3.9875    239.250  1025.7913  51334.344    31.9350    122.656    7.17358     5.2586     5.2694    25.2173   12.85446 3.7568e-02    123.851 0.0000e+00
        959 150.664172    0.06653     3.9917    239.500  1025.7924  51334.928    31.9351    122.860    7.17370     5.2576     5.2687    25.2175   12.85466 3.7549e-02    124.057 0.0000e+00
        960 150.664175    0.06660     3.9958    239.750  1025.7936  51335.443    31.9352    123.074    7.17384     5.2566     5.2678    25.2177   12.85489 3.7536e-02    124.273 0.0000e+00
        961 150.664178    0.06667     4.0000    240.000  1025.7947  51335.934    31.9352    123.293    7.17399     5.2556     5.2669    25.2178   12.85515 3.7531e-02    124.494 0.0000e+00
        962 150.664181    0.06674     4.0042    240.250  1025.7960  51336.619    31.9354    123.503    7.17416     5.2548     5.2659    25.2180   12.85541 3.7527e-02    124.706 0.0000e+00
        963 150.664184    0.06681     4.0083    240.500  1025.7972  51337.578    31.9357    123.691    7.17431     5.2541     5.2649    25.2184   12.85566 3.7519e-02    124.895 0.0000e+00
        964 150.664187    0.06688     4.0125    240.750  1025.7984  51338.665    31.9362    123.847    7.17443     5.2536     5.2641    25.2189   12.85585 3.7504e-02    125.054 0.0000e+00
        965 150.664190    0.06694     4.0167    241.000  1025.7995  51339.660    31.9367    123.982    7.17451     5.2533     5.2634    25.2194   12.85599 3.7488e-02    125.190 0.0000e+00
        966 150.664193    0.06701     4.0208    241.250  1025.8005  51340.423    31.9370    124.118    7.17457     5.2530     5.2630    25.2197   12.85609 3.7478e-02    125.327 0.0000e+00
        967 150.664196    0.06708     4.0250    241.500  1025.8014  51340.761    31.9371    124.284    7.17462     5.2527     5.2627    25.2198   12.85616 3.7444e-02    125.495 0.0000e+00
        968 150.664198    0.06715     4.0292    241.750  1025.8023  51340.757    31.9370    124.494    7.17467     5.2522     5.2624    25.2197   12.85625 3.7383e-02    125.707 0.0000e+00
        969 150.664201    0.06722     4.0333    242.000  1025.8033  51340.801    31.9368    124.744    7.17474     5.2515     5.2621    25.2196   12.85636 3.7356e-02    125.960 0.0000e+00
        970 150.664204    0.06729     4.0375    242.250  1025.8046  51341.067    31.9368    125.014    7.17483     5.2509     5.2616    25.2196   12.85651 3.7373e-02    126.233 0.0000e+00
        971 150.664207    0.06736     4.0417    242.500  1025.8060  51341.597    31.9369    125.277    7.17492     5.2503     5.2610    25.2198   12.85667 3.7407e-02    126.498 0.0000e+00
        972 150.664210    0.06743     4.0458    242.750  1025.8074  51342.381    31.9371    125.509    7.17502     5.2499     5.2603    25.2201   12.85682 3.7449e-02    126.732 0.0000e+00
        973 150.664213    0.06750     4.0500    243.000  1025.8086  51343.247    31.9375    125.692    7.17510     5.2496     5.2597    25.2205   12.85694 3.7480e-02    126.918 0.0000e+00
        974 150.664216    0.06757     4.0542    243.250  1025.8096  51344.082    31.9379    125.829    7.17515     5.2495     5.2593    25.2208   12.85703 3.7510e-02    127.056 0.0000e+00
        975 150.664219    0.06764     4.0583    243.500  1025.8105  51344.801    31.9383    125.938    7.17518     5.2495     5.2591    25.2212   12.85707 3.7561e-02    127.165 0.0000e+00
        976 150.664222    0.06771     4.0625    243.750  1025.8112  51345.212    31.9386    126.050    7.17518     5.2494     5.2590    25.2213   12.85708 3.7632e-02    127.278 0.0000e+00
        977 150.664225    0.06778     4.0667    244.000  1025.8118  51345.245    31.9385    126.195    7.17519     5.2492     5.2590    25.2213   12.85708 3.7724e-02    127.425 0.0000e+00
        978 150.664227    0.06785     4.0708    244.250  1025.8126  51345.062    31.9383    126.389    7.17521     5.2489     5.2590    25.2211   12.85712 3.7838e-02    127.621 0.0000e+00
        979 150.664230    0.06792     4.0750    244.500  1025.8135  51344.881    31.9380    126.629    7.17525     5.2485     5.2588    25.2209   12.85719 3.7936e-02    127.864 0.0000e+00
        980 150.664233    0.06799     4.0792    244.750  1025.8146  51344.826    31.9377    126.897    7.17531     5.2480     5.2585    25.2208   12.85730 3.7985e-02    128.135 0.0000e+00
        981 150.664236    0.06806     4.0833    245.000  1025.8158  51344.926    31.9376    127.168    7.17539     5.2475     5.2581    25.2207   12.85743 3.7982e-02    128.408 0.0000e+00
        982 150.664239    0.06813     4.0875    245.250  1025.8170  51345.248    31.9376    127.416    7.17547     5.2470     5.2576    25.2208   12.85756 3.7894e-02    128.659 0.0000e+00
        983 150.664242    0.06819     4.0917    245.500  1025.8182  51345.890    31.9378    127.623    7.17554     5.2467     5.2571    25.2210   12.85768 3.7767e-02    128.867 0.0000e+00
        984 150.664245    0.06826     4.0958    245.750  1025.8193  51346.732    31.9382    127.782    7.17560     5.2465     5.2566    25.2214   12.85777 3.7677e-02    129.028 0.0000e+00
        985 150.664248    0.06833     4.1000    246.000  1025.8203  51347.519    31.9386    127.907    7.17564     5.2464     5.2563    25.2217   12.85783 3.7631e-02    129.155 0.0000e+00
        986 150.664251    0.06840     4.1042    246.250  1025.8211  51348.045    31.9389    128.029    7.17567     5.2464     5.2561    25.2219   12.85786 3.7625e-02    129.278 0.0000e+00
        987 150.664253    0.06847     4.1083    246.500  1025.8217  51348.093    31.9388    128.179    7.17568     5.2462     5.2560    25.2219   12.85788 3.7652e-02    129.429 0.0000e+00
        988 150.664256    0.06854     4.1125    246.750  1025.8224  51347.674    31.9385    128.377    7.17570     5.2459     5.2560    25.2216   12.85792 3.7676e-02    129.629 0.0000e+00
        989 150.664259    0.06861     4.1167    247.000  1025.8232  51347.307    31.9381    128.617    7.17574     5.2454     5.2559    25.2213   12.85800 3.7667e-02    129.871 0.0000e+00
        990 150.664262    0.06868     4.1208    247.250  1025.8244  51347.500    31.9380    128.876    7.17580     5.2451     5.2556    25.2213   12.85809 3.7652e-02    130.132 0.0000e+00
        991 150.664265    0.06875     4.1250    247.500  1025.8258  51348.194    31.9383    129.124    7.17586     5.2448     5.2551    25.2215   12.85818 3.7648e-02    130.383 0.0000e+00
        992 150.664268    0.06882     4.1292    247.750  1025.8272  51349.026    31.9387    129.338    7.17590     5.2446     5.2548    25.2219   12.85825 3.7627e-02    130.599 0.0000e+00
        993 150.664271    0.06889     4.1333    248.000  1025.8282  51349.695    31.9390    129.508    7.17593     5.2446     5.2545    25.2222   12.85829 3.7600e-02    130.772 0.0000e+00
        994 150.664274    0.06896     4.1375    248.250  1025.8290  51350.108    31.9392    129.648    7.17594     5.2445     5.2544    25.2223   12.85831 3.7597e-02    130.913 0.0000e+00
        995 150.664277    0.06903     4.1417    248.500  1025.8297  51350.251    31.9392    129.785    7.17595     5.2443     5.2543    25.2224   12.85833 3.7609e-02    131.051 0.0000e+00
        996 150.664280    0.06910     4.1458    248.750  1025.8303  51350.095    31.9390    129.948    7.17597     5.2440     5.2542    25.2222   12.85836 3.7615e-02    131.216 0.0000e+00
        997 150.664282    0.06917     4.1500    249.000  1025.8310  51349.739    31.9386    130.149    7.17601     5.2434     5.2541    25.2220   12.85843 3.7648e-02    131.419 0.0000e+00
        998 150.664285    0.06924     4.1542    249.250  1025.8317  51349.328    31.9382    130.381    7.17609     5.2426     5.2538    25.2216   12.85857 3.7723e-02    131.654 0.0000e+00
        999 150.664288    0.06931     4.1583    249.500  1025.8326  51349.043    31.9377    130.627    7.17620     5.2416     5.2533    25.2214   12.85876 3.7776e-02    131.902 0.0000e+00
       1000 150.664291    0.06938     4.1625    249.750  1025.8336  51349.130    31.9375    130.867    7.17635     5.2406     5.2525    25.2213   12.85900 3.7772e-02    132.144 0.0000e+00
       1001 150.664294    0.06944     4.1667    250.000  1025.8348  51349.618    31.9375    131.086    7.17651     5.2396     5.2516    25.2214   12.85927 3.7721e-02    132.366 0.0000e+00
       1002 150.664297    0.06951     4.1708    250.250  1025.8359  51350.241    31.9376    131.278    7.17668     5.2385     5.2505    25.2216   12.85955 3.7666e-02    132.560 0.0000e+00
       1003 150.664300    0.06958     4.1750    250.500  1025.8369  51350.878    31.9377    131.445    7.17685     5.2374     5.2495    25.2218   12.85983 3.7637e-02    132.728 0.0000e+00
       1004 150.664303    0.06965     4.1792    250.750  1025.8379  51351.536    31.9379    131.599    7.17702     5.2363     5.2484    25.2221   12.86011 3.7626e-02    132.884 0.0000e+00
       1005 150.664306    0.06972     4.1833    251.000  1025.8387  51351.980    31.9379    131.756    7.17720     5.2351     5.2474    25.2222   12.86041 3.7621e-02    133.042 0.0000e+00
       1006 150.664308    0.06979     4.1875    251.250  1025.8395  51352.098    31.9376    131.931    7.17740     5.2335     5.2463    25.2221   12.86074 3.7614e-02    133.218 0.0000e+00
       1007 150.664311    0.06986     4.1917    251.500  1025.8403  51352.080    31.9373    132.131    7.17763     5.2317     5.2450    25.2219   12.86113 3.7625e-02    133.421 0.0000e+00
       1008 150.664314    0.06993     4.1958    251.750  1025.8412  51352.262    31.9370    132.355    7.17791     5.2299     5.2435    25.2219   12.86159 3.7654e-02    133.647 0.0000e+00
       1009 150.664317    0.07000     4.2000    252.000  1025.8426  51353.019    31.9370    132.594    7.17821     5.2281     5.2417    25.2221   12.86209 3.7672e-02    133.888 0.0000e+00
       1010 150.664320    0.07007     4.2042    252.250  1025.8443  51354.483    31.9374    132.834    7.17851     5.2266     5.2399    25.2227   12.86257 3.7678e-02    134.130 0.0000e+00
       1011 150.664323    0.07014     4.2083    252.500  1025.8462  51356.293    31.9382    133.061    7.17876     5.2253     5.2382    25.2235   12.86299 3.7680e-02    134.361 0.0000e+00
       1012 150.664326    0.07021     4.2125    252.750  1025.8478  51357.818    31.9388    133.265    7.17899     5.2242     5.2367    25.2241   12.86335 3.7675e-02    134.567 0.0000e+00
       1013 150.664329    0.07028     4.2167    253.000  1025.8491  51358.894    31.9392    133.441    7.17919     5.2232     5.2354    25.2246   12.86367 3.7672e-02    134.744 0.0000e+00
       1014 150.664332    0.07035     4.2208    253.250  1025.8502  51359.875    31.9396    133.595    7.17936     5.2224     5.2343    25.2250   12.86396 3.7683e-02    134.900 0.0000e+00
       1015 150.664334    0.07042     4.2250    253.500  1025.8513  51360.833    31.9400    133.745    7.17951     5.2216     5.2333    25.2254   12.86420 3.7707e-02    135.051 0.0000e+00
       1016 150.664337    0.07049     4.2292    253.750  1025.8523  51361.343    31.9401    133.909    7.17964     5.2207     5.2325    25.2256   12.86442 3.7728e-02    135.217 0.0000e+00
       1017 150.664340    0.07056     4.2333    254.000  1025.8530  51361.303    31.9398    134.098    7.17979     5.2195     5.2317    25.2254   12.86467 3.7728e-02    135.408 0.0000e+00
       1018 150.664343    0.07062     4.2375    254.250  1025.8537  51361.088    31.9394    134.307    7.17997     5.2181     5.2308    25.2252   12.86497 3.7717e-02    135.619 0.0000e+00
       1019 150.664346    0.07069     4.2417    254.500  1025.8545  51360.912    31.9389    134.526    7.18019     5.2164     5.2296    25.2249   12.86534 3.7725e-02    135.840 0.0000e+00
       1020 150.664349    0.07076     4.2458    254.750  1025.8554  51360.982    31.9385    134.745    7.18045     5.2147     5.2282    25.2248   12.86577 3.7732e-02    136.061 0.0000e+00
       1021 150.664352    0.07083     4.2500    255.000  1025.8566  51361.672    31.9385    134.955    7.18073     5.2130     5.2266    25.2250   12.86623 3.7725e-02    136.273 0.0000e+00
