CTD-processing/allCTD/CNV--homogene/2017_12-14_t9_s03_cast124.cnv
* Sea-Bird SBE19plus Data File:
* FileName = C:\Users\Kim.Powell\Desktop\Not Processed\2017\2017_12-XX_4141\2017_12-14_TANSECT_STATION_cast124.hex
* Software Version 1.59
* Temperature SN =  4141
* Conductivity SN =  4141
* System UpLoad Time = Dec 18 2017 08:19:50
** 2017_12-14
** Station: 9-03
** Start Time: 11:55
** Depth (m): 96.9
** Comment:**CTD recorded date as April 18
** Comment:
# nquan = 17
# nvalues = 674                         
# units = specified
# name 0 = scan: Scan Count
# name 1 = timeJ: Julian Days
# name 2 = timeH: Time, Elapsed [hours]
# name 3 = timeM: Time, Elapsed [minutes]
# name 4 = timeS: Time, Elapsed [seconds]
# name 5 = density00: Density [density, kg/m^3]
# name 6 = specc: Specific Conductance [uS/cm]
# name 7 = sal00: Salinity, Practical [PSU]
# name 8 = depSM: Depth [salt water, m], lat = 59.00
# name 9 = oxsolML/L: Oxygen Saturation, Garcia & Gordon [ml/l]
# name 10 = potemp090C: Potential Temperature [ITS-90, deg C]
# name 11 = tv290C: Temperature [ITS-90, deg C]
# name 12 = sigma-é00: Density [sigma-theta, kg/m^3]
# name 13 = n2satML/L: Nitrogen Saturation [ml/l]
# name 14 = par: PAR/Irradiance, Biospherical/Licor
# name 15 = prdM: Pressure, Strain Gauge [db]
# name 16 = flag:  0.000e+00
# span 0 =          1,        674       
# span 1 = 108.496701, 108.498649       
# span 2 =    0.00000,    0.04674       
# span 3 =     0.0000,     2.8042       
# span 4 =      0.000,    168.250       
# span 5 =  1005.3394,  1024.9929       
# span 6 =  11559.251,  50104.544       
# span 7 =     6.7738,    31.3912       
# span 8 =     -0.041,     81.559       
# span 9 =    6.95764,    8.52215       
# span 10 =     4.6551,     6.7164      
# span 11 =     4.6552,     6.7234      
# span 12 =     5.3396,    24.6140      
# span 13 =   12.50461,   15.45998      
# span 14 = 3.6382e-02, 7.7541e+01      
# span 15 =     -0.041,     82.345      
# span 16 = 0.0000e+00, 0.0000e+00      
# interval = seconds: 0.25
# start_time = Apr 18 2017 11:55:15 [Instrument's time stamp, header]
# bad_flag = -9.990e-29
*END*
          1 108.496701    0.00000     0.0000      0.000  1005.3394  11559.251     6.7738     -0.041    8.52215     4.9576     5.1493     5.3396   15.45998 7.7541e+01     -0.041 0.0000e+00
          2 108.496704    0.00007     0.0042      0.250  1008.2471  17579.185    10.4417      0.036    8.33599     4.8187     5.0745     8.2469   15.09444 7.2175e+01      0.037 0.0000e+00
          3 108.496707    0.00014     0.0083      0.500  1012.0145  25293.093    15.1935      0.146    8.10048     4.7118     4.9576    12.0139   14.63124 6.3974e+01      0.148 0.0000e+00
          4 108.496710    0.00021     0.0125      0.750  1015.5669  32475.547    19.6713      0.271    7.88627     4.6632     4.8187    15.5657   14.20879 5.4675e+01      0.274 0.0000e+00
          5 108.496713    0.00028     0.0167      1.000  1018.0772  37511.271    22.8344      0.378    7.73771     4.6551     4.7118    18.0754   13.91552 4.8138e+01      0.383 0.0000e+00
          6 108.496716    0.00035     0.0208      1.250  1019.5791  40522.898    24.7285      0.449    7.64589     4.6640     4.6632    19.5769   13.73518 4.5453e+01      0.454 0.0000e+00
          7 108.496719    0.00042     0.0250      1.500  1020.4401  42252.169    25.8170      0.485    7.58939     4.6778     4.6552    20.4378   13.62529 4.4950e+01      0.490 0.0000e+00
          8 108.496722    0.00049     0.0292      1.750  1020.9098  43199.698    26.4124      0.501    7.55591     4.6916     4.6641    20.9074   13.56082 4.4942e+01      0.506 0.0000e+00
          9 108.496725    0.00056     0.0333      2.000  1021.1140  43620.815    26.6725      0.512    7.53920     4.7035     4.6778    21.1116   13.52906 4.4749e+01      0.517 0.0000e+00
         10 108.496727    0.00063     0.0375      2.250  1021.1800  43765.515    26.7578      0.528    7.53180     4.7144     4.6916    21.1775   13.51532 4.4533e+01      0.533 0.0000e+00
         11 108.496730    0.00069     0.0417      2.500  1021.3342  44066.610    26.9541      0.550    7.51941     4.7262     4.7035    21.3316   13.49199 4.4220e+01      0.555 0.0000e+00
         12 108.496733    0.00076     0.0458      2.750  1021.6809  44724.821    27.3933      0.579    7.49508     4.7395     4.7144    21.6782   13.44570 4.3658e+01      0.584 0.0000e+00
         13 108.496736    0.00083     0.0500      3.000  1022.0266  45377.964    27.8312      0.608    7.47073     4.7533     4.7263    22.0238   13.39944 4.3171e+01      0.614 0.0000e+00
         14 108.496739    0.00090     0.0542      3.250  1022.2482  45795.602    28.1126      0.627    7.45407     4.7666     4.7396    22.2453   13.36806 4.3176e+01      0.633 0.0000e+00
         15 108.496742    0.00097     0.0583      3.500  1022.3936  46068.742    28.2979      0.628    7.44222     4.7793     4.7533    22.3907   13.34594 4.3853e+01      0.633 0.0000e+00
         16 108.496745    0.00104     0.0625      3.750  1022.5167  46299.144    28.4552      0.610    7.43191     4.7918     4.7667    22.5139   13.32676 4.5240e+01      0.615 0.0000e+00
         17 108.496748    0.00111     0.0667      4.000  1022.6462  46540.608    28.6205      0.582    7.42135     4.8044     4.7794    22.6435   13.30710 4.6722e+01      0.588 0.0000e+00
         18 108.496751    0.00118     0.0708      4.250  1022.7674  46766.045    28.7752      0.559    7.41139     4.8165     4.7918    22.7648   13.28856 4.7464e+01      0.564 0.0000e+00
         19 108.496753    0.00125     0.0750      4.500  1022.8561  46930.521    28.8888      0.551    7.40347     4.8273     4.8044    22.8535   13.27396 4.7361e+01      0.557 0.0000e+00
         20 108.496756    0.00132     0.0792      4.750  1022.9082  47026.381    28.9560      0.562    7.39795     4.8361     4.8165    22.9055   13.26393 4.6806e+01      0.567 0.0000e+00
         21 108.496759    0.00139     0.0833      5.000  1022.9292  47064.310    28.9837      0.582    7.39463     4.8429     4.8273    22.9264   13.25807 4.6339e+01      0.588 0.0000e+00
         22 108.496762    0.00146     0.0875      5.250  1022.9285  47062.052    28.9838      0.602    7.39303     4.8477     4.8362    22.9256   13.25542 4.6450e+01      0.607 0.0000e+00
         23 108.496765    0.00153     0.0917      5.500  1022.9270  47058.515    28.9827      0.609    7.39188     4.8510     4.8429    22.9241   13.25353 4.7135e+01      0.615 0.0000e+00
         24 108.496768    0.00160     0.0958      5.750  1022.9429  47087.684    29.0034      0.601    7.39000     4.8540     4.8477    22.9400   13.25015 4.8106e+01      0.607 0.0000e+00
         25 108.496771    0.00167     0.1000      6.000  1022.9746  47146.487    29.0440      0.581    7.38738     4.8572     4.8511    22.9718   13.24530 4.9159e+01      0.587 0.0000e+00
         26 108.496774    0.00174     0.1042      6.250  1023.0089  47210.222    29.0878      0.560    7.38468     4.8605     4.8541    23.0062   13.24025 4.9849e+01      0.566 0.0000e+00
         27 108.496777    0.00181     0.1083      6.500  1023.0364  47261.181    29.1231      0.548    7.38236     4.8634     4.8573    23.0338   13.23595 4.9676e+01      0.553 0.0000e+00
         28 108.496780    0.00187     0.1125      6.750  1023.0546  47294.555    29.1464      0.550    7.38063     4.8656     4.8605    23.0520   13.23277 4.8772e+01      0.555 0.0000e+00
         29 108.496782    0.00194     0.1167      7.000  1023.0651  47313.696    29.1599      0.562    7.37944     4.8671     4.8634    23.0624   13.23064 4.7917e+01      0.568 0.0000e+00
         30 108.496785    0.00201     0.1208      7.250  1023.0711  47324.442    29.1677      0.576    7.37867     4.8680     4.8656    23.0683   13.22926 4.7746e+01      0.582 0.0000e+00
         31 108.496788    0.00208     0.1250      7.500  1023.0744  47330.397    29.1720      0.582    7.37819     4.8684     4.8671    23.0716   13.22841 4.8327e+01      0.587 0.0000e+00
         32 108.496791    0.00215     0.1292      7.750  1023.0764  47334.164    29.1747      0.575    7.37789     4.8686     4.8680    23.0737   13.22788 4.9294e+01      0.581 0.0000e+00
         33 108.496794    0.00222     0.1333      8.000  1023.0783  47337.819    29.1773      0.561    7.37768     4.8686     4.8685    23.0757   13.22749 4.9997e+01      0.566 0.0000e+00
         34 108.496797    0.00229     0.1375      8.250  1023.0798  47340.584    29.1792      0.548    7.37755     4.8682     4.8687    23.0772   13.22726 4.9993e+01      0.553 0.0000e+00
         35 108.496800    0.00236     0.1417      8.500  1023.0800  47341.051    29.1795      0.545    7.37755     4.8675     4.8686    23.0774   13.22725 4.9552e+01      0.549 0.0000e+00
         36 108.496803    0.00243     0.1458      8.750  1023.0792  47339.536    29.1784      0.553    7.37767     4.8666     4.8682    23.0766   13.22747 4.9202e+01      0.557 0.0000e+00
         37 108.496806    0.00250     0.1500      9.000  1023.0779  47337.105    29.1766      0.566    7.37788     4.8657     4.8675    23.0752   13.22784 4.9014e+01      0.571 0.0000e+00
         38 108.496808    0.00257     0.1542      9.250  1023.0763  47334.193    29.1744      0.578    7.37814     4.8648     4.8667    23.0736   13.22829 4.8851e+01      0.583 0.0000e+00
         39 108.496811    0.00264     0.1583      9.500  1023.0748  47331.433    29.1724      0.583    7.37841     4.8639     4.8658    23.0721   13.22876 4.8833e+01      0.588 0.0000e+00
         40 108.496814    0.00271     0.1625      9.750  1023.0737  47329.521    29.1709      0.579    7.37865     4.8631     4.8648    23.0710   13.22918 4.9135e+01      0.585 0.0000e+00
         41 108.496817    0.00278     0.1667     10.000  1023.0726  47327.692    29.1695      0.570    7.37888     4.8624     4.8639    23.0699   13.22958 4.9690e+01      0.575 0.0000e+00
         42 108.496820    0.00285     0.1708     10.250  1023.0714  47325.568    29.1679      0.558    7.37911     4.8617     4.8631    23.0688   13.22997 5.0382e+01      0.564 0.0000e+00
         43 108.496823    0.00292     0.1750     10.500  1023.0702  47323.380    29.1663      0.550    7.37931     4.8610     4.8624    23.0676   13.23034 5.0770e+01      0.555 0.0000e+00
         44 108.496826    0.00299     0.1792     10.750  1023.0686  47320.601    29.1643      0.549    7.37953     4.8602     4.8617    23.0660   13.23072 5.0217e+01      0.554 0.0000e+00
         45 108.496829    0.00306     0.1833     11.000  1023.0664  47316.553    29.1614      0.557    7.37979     4.8594     4.8611    23.0638   13.23120 4.9041e+01      0.563 0.0000e+00
         46 108.496832    0.00313     0.1875     11.250  1023.0634  47310.960    29.1574      0.569    7.38012     4.8587     4.8603    23.0607   13.23180 4.8104e+01      0.575 0.0000e+00
         47 108.496834    0.00319     0.1917     11.500  1023.0601  47304.781    29.1531      0.576    7.38048     4.8580     4.8595    23.0573   13.23245 4.7802e+01      0.582 0.0000e+00
         48 108.496837    0.00326     0.1958     11.750  1023.0584  47301.759    29.1509      0.574    7.38073     4.8575     4.8587    23.0557   13.23288 4.8041e+01      0.579 0.0000e+00
         49 108.496840    0.00333     0.2000     12.000  1023.0595  47303.940    29.1522      0.563    7.38078     4.8571     4.8580    23.0568   13.23295 4.8374e+01      0.568 0.0000e+00
         50 108.496843    0.00340     0.2042     12.250  1023.0616  47308.103    29.1549      0.551    7.38075     4.8569     4.8575    23.0590   13.23286 4.8248e+01      0.556 0.0000e+00
         51 108.496846    0.00347     0.2083     12.500  1023.0636  47311.851    29.1574      0.547    7.38070     4.8567     4.8571    23.0610   13.23274 4.7539e+01      0.552 0.0000e+00
         52 108.496849    0.00354     0.2125     12.750  1023.0652  47314.807    29.1594      0.553    7.38063     4.8563     4.8569    23.0626   13.23261 4.6788e+01      0.558 0.0000e+00
         53 108.496852    0.00361     0.2167     13.000  1023.0658  47315.907    29.1601      0.566    7.38063     4.8555     4.8567    23.0632   13.23259 4.6300e+01      0.571 0.0000e+00
         54 108.496855    0.00368     0.2208     13.250  1023.0650  47314.339    29.1590      0.579    7.38075     4.8542     4.8563    23.0623   13.23281 4.6108e+01      0.585 0.0000e+00
         55 108.496858    0.00375     0.2250     13.500  1023.0625  47309.638    29.1556      0.587    7.38105     4.8521     4.8555    23.0597   13.23336 4.6513e+01      0.593 0.0000e+00
         56 108.496861    0.00382     0.2292     13.750  1023.0578  47301.070    29.1495      0.587    7.38159     4.8492     4.8542    23.0551   13.23433 4.7450e+01      0.593 0.0000e+00
         57 108.496863    0.00389     0.2333     14.000  1023.0500  47286.795    29.1394      0.577    7.38246     4.8455     4.8522    23.0473   13.23590 4.8412e+01      0.583 0.0000e+00
         58 108.496866    0.00396     0.2375     14.250  1023.0376  47264.150    29.1234      0.562    7.38377     4.8417     4.8492    23.0349   13.23828 4.8862e+01      0.568 0.0000e+00
         59 108.496869    0.00403     0.2417     14.500  1023.0214  47234.632    29.1027      0.549    7.38546     4.8385     4.8455    23.0188   13.24134 4.8627e+01      0.554 0.0000e+00
         60 108.496872    0.00410     0.2458     14.750  1023.0076  47209.369    29.0848      0.546    7.38703     4.8360     4.8417    23.0050   13.24417 4.7941e+01      0.551 0.0000e+00
         61 108.496875    0.00417     0.2500     15.000  1023.0015  47198.313    29.0766      0.556    7.38801     4.8342     4.8385    22.9989   13.24589 4.6971e+01      0.561 0.0000e+00
         62 108.496878    0.00424     0.2542     15.250  1023.0018  47198.995    29.0765      0.574    7.38844     4.8329     4.8361    22.9991   13.24662 4.6101e+01      0.579 0.0000e+00
         63 108.496881    0.00431     0.2583     15.500  1023.0050  47205.022    29.0803      0.590    7.38858     4.8319     4.8343    23.0023   13.24680 4.5778e+01      0.595 0.0000e+00
         64 108.496884    0.00438     0.2625     15.750  1023.0084  47211.302    29.0843      0.596    7.38862     4.8310     4.8329    23.0056   13.24682 4.6024e+01      0.601 0.0000e+00
         65 108.496887    0.00444     0.2667     16.000  1023.0090  47212.644    29.0850      0.590    7.38877     4.8297     4.8319    23.0062   13.24704 4.6547e+01      0.596 0.0000e+00
         66 108.496889    0.00451     0.2708     16.250  1023.0059  47207.029    29.0810      0.579    7.38913     4.8275     4.8310    23.0032   13.24769 4.6670e+01      0.584 0.0000e+00
         67 108.496892    0.00458     0.2750     16.500  1023.0007  47197.555    29.0743      0.571    7.38969     4.8240     4.8297    22.9980   13.24870 4.5972e+01      0.576 0.0000e+00
         68 108.496895    0.00465     0.2792     16.750  1022.9959  47188.909    29.0680      0.571    7.39039     4.8192     4.8275    22.9932   13.24995 4.4944e+01      0.577 0.0000e+00
         69 108.496898    0.00472     0.2833     17.000  1022.9941  47185.899    29.0653      0.579    7.39116     4.8143     4.8240    22.9914   13.25126 4.4318e+01      0.584 0.0000e+00
         70 108.496901    0.00479     0.2875     17.250  1022.9971  47191.873    29.0684      0.586    7.39185     4.8104     4.8192    22.9943   13.25236 4.4333e+01      0.592 0.0000e+00
         71 108.496904    0.00486     0.2917     17.500  1023.0018  47201.200    29.0737      0.589    7.39246     4.8081     4.8143    22.9990   13.25331 4.4906e+01      0.594 0.0000e+00
         72 108.496907    0.00493     0.2958     17.750  1023.0016  47201.268    29.0730      0.584    7.39321     4.8070     4.8104    22.9988   13.25454 4.5814e+01      0.589 0.0000e+00
         73 108.496910    0.00500     0.3000     18.000  1022.9921  47183.878    29.0607      0.575    7.39423     4.8063     4.8081    22.9894   13.25639 4.6536e+01      0.580 0.0000e+00
         74 108.496913    0.00507     0.3042     18.250  1022.9736  47149.768    29.0374      0.568    7.39557     4.8055     4.8071    22.9710   13.25892 4.6765e+01      0.573 0.0000e+00
         75 108.496916    0.00514     0.3083     18.500  1022.9502  47106.347    29.0078      0.567    7.39716     4.8046     4.8064    22.9476   13.26193 4.6672e+01      0.572 0.0000e+00
         76 108.496918    0.00521     0.3125     18.750  1022.9282  47065.311    28.9798      0.572    7.39870     4.8039     4.8056    22.9255   13.26484 4.6285e+01      0.578 0.0000e+00
         77 108.496921    0.00528     0.3167     19.000  1022.9130  47037.014    28.9604      0.582    7.39982     4.8033     4.8046    22.9102   13.26695 4.5860e+01      0.587 0.0000e+00
         78 108.496924    0.00535     0.3208     19.250  1022.9057  47023.523    28.9511      0.591    7.40041     4.8028     4.8039    22.9029   13.26806 4.5761e+01      0.597 0.0000e+00
         79 108.496927    0.00542     0.3250     19.500  1022.9036  47019.606    28.9483      0.597    7.40065     4.8021     4.8033    22.9008   13.26849 4.5894e+01      0.603 0.0000e+00
         80 108.496930    0.00549     0.3292     19.750  1022.9028  47018.166    28.9472      0.598    7.40079     4.8009     4.8028    22.9000   13.26874 4.6009e+01      0.604 0.0000e+00
         81 108.496933    0.00556     0.3333     20.000  1022.9014  47015.653    28.9454      0.595    7.40101     4.7988     4.8021    22.8986   13.26912 4.5763e+01      0.601 0.0000e+00
         82 108.496936    0.00562     0.3375     20.250  1022.9005  47014.118    28.9441      0.590    7.40129     4.7952     4.8009    22.8977   13.26960 4.5120e+01      0.595 0.0000e+00
         83 108.496939    0.00569     0.3417     20.500  1022.9015  47016.292    28.9452      0.586    7.40162     4.7898     4.7988    22.8987   13.27013 4.4465e+01      0.591 0.0000e+00
         84 108.496942    0.00576     0.3458     20.750  1022.9048  47022.903    28.9489      0.585    7.40206     4.7828     4.7953    22.9021   13.27082 4.4195e+01      0.590 0.0000e+00
         85 108.496944    0.00583     0.3500     21.000  1022.9107  47034.504    28.9557      0.585    7.40270     4.7751     4.7899    22.9080   13.27178 4.4423e+01      0.590 0.0000e+00
