CTD-processing/allCTD/CNV--homogene/2017_07-25_t4_s06_cast229.cnv
* Sea-Bird SBE19plus Data File:
* FileName = P:\My Documents\kasitsna\Research-KBL\Oceanography-AK\CTD-Data-ALL-to-2017-02\2017-CTD-KachemakBay-CookInlet\2017-07-25-CookInlet-Tran4-Barabara\2017-07-25-CookInlet-Tran4-cast229.hex
* Software Version 1.59
* Temperature SN =  4141
* Conductivity SN =  4141
* System UpLoad Time = Jul 25 2017 19:45:36
** Cook Inlet LTM Transect 4 Barabara south to north
** Date: 2017-07-25
** Station: (eg. 9-01): 4-06
** Start time (AKDT): 11:15
** Depth (m): 57.9
** Comment: R/V Edgecumbe.  Quarterly survey.
** Comment:
# nquan = 17
# nvalues = 538                         
# units = specified
# name 0 = scan: Scan Count
# name 1 = timeJ: Julian Days
# name 2 = timeH: Time, Elapsed [hours]
# name 3 = timeM: Time, Elapsed [minutes]
# name 4 = timeS: Time, Elapsed [seconds]
# name 5 = density00: Density [density, kg/m^3]
# name 6 = specc: Specific Conductance [uS/cm]
# name 7 = sal00: Salinity, Practical [PSU]
# name 8 = depSM: Depth [salt water, m], lat = 59.00
# name 9 = oxsolML/L: Oxygen Saturation, Garcia & Gordon [ml/l]
# name 10 = potemp090C: Potential Temperature [ITS-90, deg C]
# name 11 = tv290C: Temperature [ITS-90, deg C]
# name 12 = sigma-é00: Density [sigma-theta, kg/m^3]
# name 13 = n2satML/L: Nitrogen Saturation [ml/l]
# name 14 = par: PAR/Irradiance, Biospherical/Licor
# name 15 = prdM: Pressure, Strain Gauge [db]
# name 16 = flag:  0.000e+00
# span 0 =          1,        538       
# span 1 = 206.469109, 206.470663       
# span 2 =    0.00000,    0.03729       
# span 3 =     0.0000,     2.2375       
# span 4 =      0.000,    134.250       
# span 5 =  1021.3656,  1024.7617       
# span 6 =  44497.836,  49970.869       
# span 7 =    28.1536,    31.6827       
# span 8 =      0.464,     53.138       
# span 9 =    6.34323,    6.59216       
# span 10 =     9.0100,    11.5179      
# span 11 =     9.0155,    11.5201      
# span 12 =    21.3634,    24.5184      
# span 13 =   11.50143,   11.89652      
# span 14 = 5.6516e-02, 2.6771e+02      
# span 15 =      0.469,     53.647      
# span 16 = 0.0000e+00, 0.0000e+00      
# interval = seconds: 0.25
# start_time = Jul 25 2017 11:15:31 [Instrument's time stamp, header]
# bad_flag = -9.990e-29
*END*
          1 206.469109    0.00000     0.0000      0.000  1021.3656  44497.836    28.1536      0.464    6.38444    11.5179    11.5129    21.3634   11.59444 2.6771e+02      0.469 0.0000e+00
          2 206.469112    0.00007     0.0042      0.250  1021.5228  44787.905    28.3574      0.556    6.37523    11.5015    11.5201    21.5203   11.57671 2.1429e+02      0.561 0.0000e+00
          3 206.469115    0.00014     0.0083      0.500  1021.6700  45057.525    28.5461      0.649    6.36792    11.4753    11.5180    21.6670   11.56232 1.7241e+02      0.655 0.0000e+00
          4 206.469117    0.00021     0.0125      0.750  1021.7870  45269.119    28.6928      0.722    6.36424    11.4461    11.5015    21.7836   11.55446 1.4992e+02      0.728 0.0000e+00
          5 206.469120    0.00028     0.0167      1.000  1021.8862  45446.468    28.8146      0.771    6.36290    11.4186    11.4753    21.8827   11.55080 1.4157e+02      0.778 0.0000e+00
          6 206.469123    0.00035     0.0208      1.250  1021.9682  45591.603    28.9136      0.800    6.36289    11.3948    11.4462    21.9646   11.54960 1.4103e+02      0.808 0.0000e+00
          7 206.469126    0.00042     0.0250      1.500  1022.0342  45707.787    28.9925      0.812    6.36347    11.3754    11.4187    22.0305   11.54962 1.4161e+02      0.820 0.0000e+00
          8 206.469129    0.00049     0.0292      1.750  1022.0925  45810.456    29.0622      0.810    6.36389    11.3600    11.3949    22.0888   11.54951 1.4130e+02      0.817 0.0000e+00
          9 206.469132    0.00056     0.0333      2.000  1022.1435  45900.725    29.1237      0.799    6.36408    11.3483    11.3755    22.1399   11.54908 1.4109e+02      0.806 0.0000e+00
         10 206.469135    0.00063     0.0375      2.250  1022.1810  45966.855    29.1686      0.785    6.36436    11.3393    11.3601    22.1774   11.54903 1.4079e+02      0.792 0.0000e+00
         11 206.469138    0.00069     0.0417      2.500  1022.2038  46006.679    29.1955      0.776    6.36487    11.3310    11.3484    22.2003   11.54955 1.4060e+02      0.783 0.0000e+00
         12 206.469141    0.00076     0.0458      2.750  1022.2220  46038.520    29.2169      0.774    6.36523    11.3214    11.3394    22.2185   11.54990 1.4103e+02      0.781 0.0000e+00
         13 206.469144    0.00083     0.0500      3.000  1022.2470  46082.794    29.2472      0.778    6.36515    11.3102    11.3311    22.2435   11.54941 1.4203e+02      0.786 0.0000e+00
         14 206.469146    0.00090     0.0542      3.250  1022.2800  46141.532    29.2876      0.786    6.36484    11.2984    11.3215    22.2764   11.54840 1.4361e+02      0.794 0.0000e+00
         15 206.469149    0.00097     0.0583      3.500  1022.3156  46204.667    29.3308      0.794    6.36462    11.2874    11.3103    22.3120   11.54753 1.4533e+02      0.801 0.0000e+00
         16 206.469152    0.00104     0.0625      3.750  1022.3482  46262.374    29.3702      0.799    6.36465    11.2781    11.2985    22.3446   11.54711 1.4596e+02      0.807 0.0000e+00
         17 206.469155    0.00111     0.0667      4.000  1022.3743  46308.157    29.4013      0.801    6.36491    11.2710    11.2875    22.3706   11.54717 1.4518e+02      0.809 0.0000e+00
         18 206.469158    0.00118     0.0708      4.250  1022.3928  46340.394    29.4230      0.799    6.36530    11.2664    11.2782    22.3891   11.54756 1.4483e+02      0.807 0.0000e+00
         19 206.469161    0.00125     0.0750      4.500  1022.4048  46361.254    29.4370      0.795    6.36570    11.2641    11.2711    22.4011   11.54806 1.4580e+02      0.802 0.0000e+00
         20 206.469164    0.00132     0.0792      4.750  1022.4115  46372.834    29.4447      0.791    6.36603    11.2644    11.2664    22.4079   11.54852 1.4711e+02      0.798 0.0000e+00
         21 206.469167    0.00139     0.0833      5.000  1022.4127  46374.705    29.4458      0.789    6.36629    11.2679    11.2642    22.4091   11.54895 1.4797e+02      0.796 0.0000e+00
         22 206.469170    0.00146     0.0875      5.250  1022.4073  46364.861    29.4389      0.790    6.36652    11.2748    11.2645    22.4037   11.54941 1.4798e+02      0.797 0.0000e+00
         23 206.469172    0.00153     0.0917      5.500  1022.3939  46340.853    29.4223      0.793    6.36672    11.2851    11.2680    22.3903   11.54993 1.4731e+02      0.800 0.0000e+00
         24 206.469175    0.00160     0.0958      5.750  1022.3718  46301.482    29.3953      0.796    6.36687    11.2985    11.2749    22.3682   11.55050 1.4665e+02      0.804 0.0000e+00
         25 206.469178    0.00167     0.1000      6.000  1022.3421  46248.882    29.3594      0.800    6.36691    11.3142    11.2852    22.3385   11.55099 1.4607e+02      0.807 0.0000e+00
         26 206.469181    0.00174     0.1042      6.250  1022.3072  46187.385    29.3175      0.802    6.36677    11.3312    11.2986    22.3036   11.55125 1.4565e+02      0.810 0.0000e+00
         27 206.469184    0.00181     0.1083      6.500  1022.2697  46121.298    29.2726      0.803    6.36643    11.3481    11.3143    22.2661   11.55122 1.4595e+02      0.811 0.0000e+00
         28 206.469187    0.00187     0.1125      6.750  1022.2321  46055.441    29.2280      0.802    6.36590    11.3635    11.3313    22.2285   11.55087 1.4696e+02      0.810 0.0000e+00
         29 206.469190    0.00194     0.1167      7.000  1022.1979  45995.740    29.1877      0.799    6.36522    11.3764    11.3482    22.1943   11.55022 1.4864e+02      0.806 0.0000e+00
         30 206.469193    0.00201     0.1208      7.250  1022.1698  45946.885    29.1549      0.793    6.36444    11.3867    11.3636    22.1662   11.54931 1.5075e+02      0.800 0.0000e+00
         31 206.469196    0.00208     0.1250      7.500  1022.1487  45910.523    29.1307      0.786    6.36365    11.3945    11.3765    22.1451   11.54828 1.5276e+02      0.794 0.0000e+00
         32 206.469198    0.00215     0.1292      7.750  1022.1338  45885.133    29.1139      0.781    6.36293    11.4008    11.3868    22.1303   11.54729 1.5475e+02      0.789 0.0000e+00
         33 206.469201    0.00222     0.1333      8.000  1022.1230  45866.662    29.1017      0.780    6.36235    11.4064    11.3946    22.1195   11.54647 1.5712e+02      0.787 0.0000e+00
         34 206.469204    0.00229     0.1375      8.250  1022.1135  45850.248    29.0907      0.785    6.36193    11.4120    11.4009    22.1099   11.54591 1.5975e+02      0.792 0.0000e+00
         35 206.469207    0.00236     0.1417      8.500  1022.1033  45832.430    29.0787      0.796    6.36165    11.4175    11.4065    22.0996   11.54558 1.6261e+02      0.803 0.0000e+00
         36 206.469210    0.00243     0.1458      8.750  1022.0920  45812.619    29.0653      0.812    6.36142    11.4220    11.4121    22.0883   11.54537 1.6626e+02      0.820 0.0000e+00
         37 206.469213    0.00250     0.1500      9.000  1022.0812  45793.741    29.0526      0.829    6.36119    11.4245    11.4176    22.0774   11.54513 1.7001e+02      0.837 0.0000e+00
         38 206.469216    0.00257     0.1542      9.250  1022.0740  45781.173    29.0442      0.842    6.36091    11.4240    11.4221    22.0701   11.54476 1.7220e+02      0.850 0.0000e+00
         39 206.469219    0.00264     0.1583      9.500  1022.0733  45780.309    29.0439      0.844    6.36058    11.4196    11.4246    22.0694   11.54422 1.7111e+02      0.852 0.0000e+00
         40 206.469222    0.00271     0.1625      9.750  1022.0816  45795.446    29.0545      0.834    6.36022    11.4116    11.4241    22.0777   11.54351 1.6605e+02      0.842 0.0000e+00
         41 206.469225    0.00278     0.1667     10.000  1022.0998  45828.244    29.0771      0.814    6.35991    11.4018    11.4197    22.0960   11.54271 1.5938e+02      0.822 0.0000e+00
         42 206.469227    0.00285     0.1708     10.250  1022.1245  45872.405    29.1074      0.789    6.35979    11.3935    11.4117    22.1209   11.54216 1.5500e+02      0.797 0.0000e+00
         43 206.469230    0.00292     0.1750     10.500  1022.1476  45913.153    29.1351      0.767    6.36001    11.3892    11.4019    22.1441   11.54219 1.5560e+02      0.775 0.0000e+00
         44 206.469233    0.00299     0.1792     10.750  1022.1612  45936.664    29.1508      0.755    6.36051    11.3899    11.3936    22.1577   11.54284 1.6042e+02      0.762 0.0000e+00
         45 206.469236    0.00306     0.1833     11.000  1022.1614  45936.201    29.1500      0.757    6.36113    11.3942    11.3893    22.1579   11.54387 1.6589e+02      0.765 0.0000e+00
         46 206.469239    0.00313     0.1875     11.250  1022.1494  45914.231    29.1346      0.774    6.36165    11.3994    11.3900    22.1458   11.54492 1.7038e+02      0.781 0.0000e+00
         47 206.469242    0.00319     0.1917     11.500  1022.1321  45883.191    29.1132      0.799    6.36192    11.4031    11.3943    22.1285   11.54562 1.7470e+02      0.807 0.0000e+00
         48 206.469245    0.00326     0.1958     11.750  1022.1175  45857.025    29.0953      0.825    6.36193    11.4037    11.3995    22.1137   11.54585 1.7871e+02      0.832 0.0000e+00
         49 206.469248    0.00333     0.2000     12.000  1022.1097  45843.216    29.0860      0.841    6.36181    11.4006    11.4032    22.1058   11.54576 1.8094e+02      0.849 0.0000e+00
         50 206.469251    0.00340     0.2042     12.250  1022.1106  45845.059    29.0874      0.843    6.36166    11.3928    11.4039    22.1067   11.54551 1.7951e+02      0.851 0.0000e+00
         51 206.469253    0.00347     0.2083     12.500  1022.1229  45867.189    29.1026      0.831    6.36148    11.3795    11.4008    22.1191   11.54501 1.7446e+02      0.839 0.0000e+00
         52 206.469256    0.00354     0.2125     12.750  1022.1500  45915.614    29.1359      0.811    6.36120    11.3616    11.3930    22.1463   11.54416 1.6774e+02      0.819 0.0000e+00
         53 206.469259    0.00361     0.2167     13.000  1022.1907  45988.032    29.1855      0.792    6.36102    11.3425    11.3796    22.1871   11.54327 1.6079e+02      0.799 0.0000e+00
         54 206.469262    0.00368     0.2208     13.250  1022.2361  46068.157    29.2400      0.778    6.36126    11.3257    11.3617    22.2325   11.54303 1.5502e+02      0.785 0.0000e+00
         55 206.469265    0.00375     0.2250     13.500  1022.2759  46137.840    29.2871      0.771    6.36197    11.3129    11.3426    22.2724   11.54365 1.5188e+02      0.778 0.0000e+00
         56 206.469268    0.00382     0.2292     13.750  1022.3059  46189.869    29.3220      0.770    6.36286    11.3040    11.3258    22.3024   11.54471 1.5148e+02      0.777 0.0000e+00
         57 206.469271    0.00389     0.2333     14.000  1022.3271  46226.409    29.3464      0.776    6.36363    11.2980    11.3130    22.3235   11.54569 1.5315e+02      0.783 0.0000e+00
         58 206.469274    0.00396     0.2375     14.250  1022.3414  46250.942    29.3627      0.787    6.36419    11.2938    11.3040    22.3378   11.54643 1.5707e+02      0.794 0.0000e+00
         59 206.469277    0.00403     0.2417     14.500  1022.3497  46265.105    29.3721      0.799    6.36464    11.2906    11.2980    22.3461   11.54707 1.6275e+02      0.806 0.0000e+00
         60 206.469280    0.00410     0.2458     14.750  1022.3538  46271.803    29.3764      0.809    6.36504    11.2882    11.2938    22.3501   11.54768 1.6769e+02      0.817 0.0000e+00
         61 206.469282    0.00417     0.2500     15.000  1022.3558  46274.867    29.3782      0.814    6.36539    11.2863    11.2907    22.3521   11.54824 1.6999e+02      0.822 0.0000e+00
         62 206.469285    0.00424     0.2542     15.250  1022.3573  46277.182    29.3796      0.812    6.36567    11.2847    11.2883    22.3536   11.54869 1.6810e+02      0.820 0.0000e+00
         63 206.469288    0.00431     0.2583     15.500  1022.3592  46280.388    29.3817      0.805    6.36585    11.2834    11.2863    22.3555   11.54897 1.6311e+02      0.813 0.0000e+00
         64 206.469291    0.00438     0.2625     15.750  1022.3619  46285.057    29.3848      0.795    6.36594    11.2823    11.2848    22.3582   11.54908 1.5960e+02      0.803 0.0000e+00
         65 206.469294    0.00444     0.2667     16.000  1022.3659  46292.269    29.3898      0.787    6.36592    11.2813    11.2835    22.3623   11.54898 1.5929e+02      0.795 0.0000e+00
         66 206.469297    0.00451     0.2708     16.250  1022.3709  46301.213    29.3959      0.783    6.36582    11.2804    11.2824    22.3673   11.54874 1.6063e+02      0.790 0.0000e+00
         67 206.469300    0.00458     0.2750     16.500  1022.3748  46308.232    29.4007      0.784    6.36577    11.2798    11.2814    22.3712   11.54859 1.6183e+02      0.792 0.0000e+00
         68 206.469303    0.00465     0.2792     16.750  1022.3759  46310.030    29.4019      0.791    6.36584    11.2795    11.2805    22.3723   11.54871 1.6202e+02      0.799 0.0000e+00
         69 206.469306    0.00472     0.2833     17.000  1022.3727  46303.968    29.3976      0.801    6.36610    11.2796    11.2798    22.3690   11.54919 1.6095e+02      0.808 0.0000e+00
         70 206.469308    0.00479     0.2875     17.250  1022.3649  46289.695    29.3875      0.809    6.36654    11.2800    11.2796    22.3613   11.55004 1.5905e+02      0.817 0.0000e+00
         71 206.469311    0.00486     0.2917     17.500  1022.3559  46273.068    29.3758      0.814    6.36699    11.2807    11.2797    22.3522   11.55094 1.5714e+02      0.822 0.0000e+00
         72 206.469314    0.00493     0.2958     17.750  1022.3505  46263.212    29.3689      0.813    6.36721    11.2813    11.2801    22.3468   11.55139 1.5590e+02      0.821 0.0000e+00
         73 206.469317    0.00500     0.3000     18.000  1022.3517  46265.548    29.3706      0.810    6.36706    11.2818    11.2807    22.3480   11.55111 1.5549e+02      0.818 0.0000e+00
         74 206.469320    0.00507     0.3042     18.250  1022.3585  46278.263    29.3797      0.807    6.36661    11.2822    11.2814    22.3548   11.55025 1.5535e+02      0.815 0.0000e+00
         75 206.469323    0.00514     0.3083     18.500  1022.3667  46293.361    29.3903      0.805    6.36611    11.2823    11.2819    22.3630   11.54930 1.5557e+02      0.813 0.0000e+00
         76 206.469326    0.00521     0.3125     18.750  1022.3726  46304.154    29.3980      0.805    6.36575    11.2821    11.2822    22.3689   11.54861 1.5611e+02      0.813 0.0000e+00
         77 206.469329    0.00528     0.3167     19.000  1022.3758  46310.073    29.4022      0.805    6.36556    11.2816    11.2824    22.3721   11.54825 1.5623e+02      0.812 0.0000e+00
         78 206.469332    0.00535     0.3208     19.250  1022.3775  46313.196    29.4043      0.805    6.36550    11.2809    11.2822    22.3738   11.54812 1.5607e+02      0.812 0.0000e+00
         79 206.469334    0.00542     0.3250     19.500  1022.3785  46314.947    29.4055      0.805    6.36553    11.2802    11.2817    22.3748   11.54815 1.5676e+02      0.813 0.0000e+00
         80 206.469337    0.00549     0.3292     19.750  1022.3790  46315.697    29.4059      0.807    6.36560    11.2796    11.2810    22.3753   11.54827 1.5884e+02      0.815 0.0000e+00
         81 206.469340    0.00556     0.3333     20.000  1022.3790  46315.463    29.4057      0.809    6.36570    11.2791    11.2803    22.3753   11.54844 1.6218e+02      0.817 0.0000e+00
         82 206.469343    0.00562     0.3375     20.250  1022.3785  46314.354    29.4049      0.812    6.36582    11.2786    11.2797    22.3747   11.54864 1.6631e+02      0.820 0.0000e+00
         83 206.469346    0.00569     0.3417     20.500  1022.3774  46312.388    29.4034      0.813    6.36595    11.2782    11.2792    22.3737   11.54888 1.6948e+02      0.821 0.0000e+00
         84 206.469349    0.00576     0.3458     20.750  1022.3760  46309.719    29.4015      0.813    6.36609    11.2778    11.2787    22.3723   11.54914 1.7046e+02      0.821 0.0000e+00
         85 206.469352    0.00583     0.3500     21.000  1022.3745  46306.903    29.3995      0.812    6.36623    11.2776    11.2783    22.3708   11.54939 1.7010e+02      0.820 0.0000e+00
