CTD-processing/allCTD/CNV--homogene/2017_09-22_t9_s06_cast040.cnv
* Sea-Bird SBE19plus Data File:
* FileName = C:\Users\Kim.Powell\Desktop\Not Processed\2017\2017_09-22\2017_09-22_TRANSECT_STATION_cast040.hex
* Software Version 1.59
* Temperature SN =  4141
* Conductivity SN =  4141
* System UpLoad Time = Oct 11 2017 10:54:40
** 2017_09-22
** Station: 9-06
** Start Time: 15:31
** Depth (m): 102.7
** Comment:
** Comment:
# nquan = 17
# nvalues = 1084                        
# units = specified
# name 0 = scan: Scan Count
# name 1 = timeJ: Julian Days
# name 2 = timeH: Time, Elapsed [hours]
# name 3 = timeM: Time, Elapsed [minutes]
# name 4 = timeS: Time, Elapsed [seconds]
# name 5 = density00: Density [density, kg/m^3]
# name 6 = specc: Specific Conductance [uS/cm]
# name 7 = sal00: Salinity, Practical [PSU]
# name 8 = depSM: Depth [salt water, m], lat = 59.00
# name 9 = oxsolML/L: Oxygen Saturation, Garcia & Gordon [ml/l]
# name 10 = potemp090C: Potential Temperature [ITS-90, deg C]
# name 11 = tv290C: Temperature [ITS-90, deg C]
# name 12 = sigma-é00: Density [sigma-theta, kg/m^3]
# name 13 = n2satML/L: Nitrogen Saturation [ml/l]
# name 14 = par: PAR/Irradiance, Biospherical/Licor
# name 15 = prdM: Pressure, Strain Gauge [db]
# name 16 = flag:  0.000e+00
# span 0 =          1,       1084       
# span 1 = 265.647118, 265.650252       
# span 2 =    0.00000,    0.07521       
# span 3 =     0.0000,     4.5125       
# span 4 =      0.000,    270.750       
# span 5 =  1021.2607,  1024.0804       
# span 6 =  44237.934,  48557.171       
# span 7 =    27.9364,    30.8269       
# span 8 =      0.728,     91.137       
# span 9 =    6.37157,    6.45711       
# span 10 =    10.1937,    11.1795      
# span 11 =    10.2039,    11.1796      
# span 12 =    21.2572,    23.6638      
# span 13 =   11.54824,   11.69564      
# span 14 = 5.2753e-02, 4.9483e+01      
# span 15 =      0.734,     92.018      
# span 16 = 0.0000e+00, 0.0000e+00      
# interval = seconds: 0.25
# start_time = Sep 22 2017 15:31:51 [Instrument's time stamp, header]
# bad_flag = -9.990e-29
*END*
[from data line 681]
        682 265.649089    0.04729     2.8375    170.250  1022.6286  46632.944    29.6028     14.271    6.38562    11.0747    11.0770    22.5635   11.57916 2.8047e+00     14.407 0.0000e+00
        683 265.649091    0.04736     2.8417    170.500  1022.6365  46645.840    29.6117     14.460    6.38531    11.0744    11.0767    22.5705   11.57853 2.7070e+00     14.597 0.0000e+00
        684 265.649094    0.04743     2.8458    170.750  1022.6456  46660.798    29.6221     14.650    6.38492    11.0743    11.0764    22.5787   11.57777 2.6108e+00     14.789 0.0000e+00
        685 265.649097    0.04750     2.8500    171.000  1022.6555  46677.409    29.6337     14.845    6.38448    11.0744    11.0762    22.5877   11.57690 2.5149e+00     14.986 0.0000e+00
        686 265.649100    0.04757     2.8542    171.250  1022.6660  46694.991    29.6460     15.049    6.38400    11.0749    11.0761    22.5973   11.57595 2.4190e+00     15.191 0.0000e+00
        687 265.649103    0.04764     2.8583    171.500  1022.6774  46714.176    29.6595     15.263    6.38344    11.0759    11.0762    22.6077   11.57486 2.3234e+00     15.407 0.0000e+00
        688 265.649106    0.04771     2.8625    171.750  1022.6894  46734.504    29.6737     15.485    6.38279    11.0773    11.0767    22.6187   11.57362 2.2288e+00     15.631 0.0000e+00
        689 265.649109    0.04778     2.8667    172.000  1022.7003  46752.933    29.6867     15.714    6.38213    11.0790    11.0777    22.6286   11.57237 2.1364e+00     15.862 0.0000e+00
        690 265.649112    0.04785     2.8708    172.250  1022.7090  46767.253    29.6968     15.946    6.38152    11.0810    11.0791    22.6363   11.57124 2.0471e+00     16.097 0.0000e+00
        691 265.649115    0.04792     2.8750    172.500  1022.7156  46777.868    29.7044     16.179    6.38097    11.0830    11.0809    22.6418   11.57024 1.9618e+00     16.331 0.0000e+00
        692 265.649117    0.04799     2.8792    172.750  1022.7214  46786.863    29.7109     16.408    6.38045    11.0854    11.0828    22.6465   11.56928 1.8808e+00     16.563 0.0000e+00
        693 265.649120    0.04806     2.8833    173.000  1022.7273  46796.245    29.7176     16.633    6.37988    11.0881    11.0850    22.6514   11.56827 1.8047e+00     16.790 0.0000e+00
        694 265.649123    0.04813     2.8875    173.250  1022.7336  46806.414    29.7249     16.849    6.37926    11.0911    11.0874    22.6567   11.56714 1.7343e+00     17.008 0.0000e+00
        695 265.649126    0.04819     2.8917    173.500  1022.7398  46816.622    29.7323     17.057    6.37858    11.0940    11.0901    22.6619   11.56593 1.6693e+00     17.218 0.0000e+00
        696 265.649129    0.04826     2.8958    173.750  1022.7456  46826.202    29.7393     17.256    6.37788    11.0966    11.0931    22.6669   11.56469 1.6092e+00     17.419 0.0000e+00
        697 265.649132    0.04833     2.9000    174.000  1022.7508  46834.609    29.7455     17.448    6.37723    11.0984    11.0961    22.6711   11.56353 1.5531e+00     17.614 0.0000e+00
        698 265.649135    0.04840     2.9042    174.250  1022.7551  46841.579    29.7506     17.637    6.37667    11.0993    11.0986    22.6747   11.56255 1.4994e+00     17.804 0.0000e+00
        699 265.649138    0.04847     2.9083    174.500  1022.7592  46847.902    29.7551     17.824    6.37623    11.0994    11.1005    22.6779   11.56176 1.4467e+00     17.993 0.0000e+00
        700 265.649141    0.04854     2.9125    174.750  1022.7637  46854.655    29.7599     18.015    6.37590    11.0988    11.1015    22.6814   11.56116 1.3944e+00     18.186 0.0000e+00
        701 265.649144    0.04861     2.9167    175.000  1022.7685  46861.984    29.7650     18.211    6.37568    11.0977    11.1015    22.6854   11.56074 1.3423e+00     18.384 0.0000e+00
        702 265.649146    0.04868     2.9208    175.250  1022.7734  46869.232    29.7700     18.411    6.37557    11.0966    11.1009    22.6894   11.56049 1.2905e+00     18.586 0.0000e+00
        703 265.649149    0.04875     2.9250    175.500  1022.7778  46875.630    29.7743     18.616    6.37553    11.0956    11.0999    22.6929   11.56038 1.2391e+00     18.792 0.0000e+00
        704 265.649152    0.04882     2.9292    175.750  1022.7817  46880.892    29.7778     18.822    6.37554    11.0946    11.0989    22.6958   11.56035 1.1894e+00     19.001 0.0000e+00
        705 265.649155    0.04889     2.9333    176.000  1022.7849  46885.046    29.7805     19.028    6.37557    11.0937    11.0978    22.6982   11.56036 1.1423e+00     19.209 0.0000e+00
        706 265.649158    0.04896     2.9375    176.250  1022.7876  46888.211    29.7826     19.232    6.37561    11.0928    11.0969    22.6999   11.56042 1.0978e+00     19.415 0.0000e+00
        707 265.649161    0.04903     2.9417    176.500  1022.7899  46890.717    29.7842     19.434    6.37567    11.0919    11.0960    22.7013   11.56049 1.0557e+00     19.618 0.0000e+00
        708 265.649164    0.04910     2.9458    176.750  1022.7921  46892.921    29.7856     19.633    6.37573    11.0909    11.0951    22.7025   11.56058 1.0159e+00     19.819 0.0000e+00
        709 265.649167    0.04917     2.9500    177.000  1022.7942  46895.136    29.7869     19.831    6.37580    11.0899    11.0942    22.7038   11.56068 9.7785e-01     20.019 0.0000e+00
        710 265.649170    0.04924     2.9542    177.250  1022.7964  46897.494    29.7884     20.029    6.37588    11.0889    11.0932    22.7051   11.56079 9.4119e-01     20.219 0.0000e+00
        711 265.649172    0.04931     2.9583    177.500  1022.7987  46899.879    29.7899     20.228    6.37595    11.0881    11.0922    22.7064   11.56090 9.0578e-01     20.420 0.0000e+00
        712 265.649175    0.04938     2.9625    177.750  1022.8010  46902.314    29.7914     20.429    6.37602    11.0873    11.0913    22.7078   11.56099 8.7161e-01     20.623 0.0000e+00
        713 265.649178    0.04944     2.9667    178.000  1022.8034  46905.042    29.7932     20.633    6.37606    11.0866    11.0905    22.7093   11.56104 8.3851e-01     20.829 0.0000e+00
        714 265.649181    0.04951     2.9708    178.250  1022.8062  46908.372    29.7953     20.840    6.37607    11.0859    11.0898    22.7111   11.56103 8.0607e-01     21.038 0.0000e+00
        715 265.649184    0.04958     2.9750    178.500  1022.8095  46912.783    29.7983     21.051    6.37604    11.0851    11.0891    22.7135   11.56094 7.7415e-01     21.251 0.0000e+00
        716 265.649187    0.04965     2.9792    178.750  1022.8140  46919.110    29.8026     21.267    6.37596    11.0838    11.0884    22.7170   11.56076 7.4276e-01     21.469 0.0000e+00
        717 265.649190    0.04972     2.9833    179.000  1022.8202  46928.634    29.8092     21.487    6.37581    11.0819    11.0876    22.7222   11.56043 7.1169e-01     21.691 0.0000e+00
        718 265.649193    0.04979     2.9875    179.250  1022.8292  46943.180    29.8192     21.709    6.37557    11.0789    11.0864    22.7302   11.55991 6.8145e-01     21.915 0.0000e+00
        719 265.649196    0.04986     2.9917    179.500  1022.8413  46963.279    29.8330     21.929    6.37527    11.0751    11.0844    22.7413   11.55926 6.5296e-01     22.137 0.0000e+00
        720 265.649198    0.04993     2.9958    179.750  1022.8554  46986.806    29.8492     22.142    6.37502    11.0707    11.0815    22.7544   11.55865 6.2651e-01     22.352 0.0000e+00
        721 265.649201    0.05000     3.0000    180.000  1022.8702  47011.707    29.8663     22.346    6.37485    11.0660    11.0777    22.7683   11.55817 6.0228e-01     22.559 0.0000e+00
        722 265.649204    0.05007     3.0042    180.250  1022.8861  47038.504    29.8846     22.541    6.37471    11.0609    11.0734    22.7833   11.55772 5.8005e-01     22.755 0.0000e+00
        723 265.649207    0.05014     3.0083    180.500  1022.9042  47069.402    29.9058     22.728    6.37450    11.0548    11.0687    22.8006   11.55711 5.5926e-01     22.944 0.0000e+00
        724 265.649210    0.05021     3.0125    180.750  1022.9261  47107.139    29.9318     22.911    6.37416    11.0477    11.0635    22.8216   11.55623 5.3942e-01     23.129 0.0000e+00
        725 265.649213    0.05028     3.0167    181.000  1022.9510  47150.292    29.9614     23.094    6.37378    11.0403    11.0575    22.8457   11.55526 5.2001e-01     23.313 0.0000e+00
        726 265.649216    0.05035     3.0208    181.250  1022.9748  47191.154    29.9894     23.281    6.37362    11.0333    11.0504    22.8687   11.55466 5.0063e-01     23.502 0.0000e+00
        727 265.649219    0.05042     3.0250    181.500  1022.9952  47225.671    30.0128     23.475    6.37369    11.0272    11.0430    22.8882   11.55450 4.8106e-01     23.698 0.0000e+00
        728 265.649222    0.05049     3.0292    181.750  1023.0130  47255.479    30.0330     23.678    6.37383    11.0219    11.0360    22.9050   11.55448 4.6116e-01     23.903 0.0000e+00
        729 265.649225    0.05056     3.0333    182.000  1023.0296  47283.171    30.0518     23.891    6.37390    11.0169    11.0300    22.9207   11.55438 4.4113e-01     24.118 0.0000e+00
        730 265.649227    0.05063     3.0375    182.250  1023.0471  47312.440    30.0717     24.111    6.37382    11.0118    11.0247    22.9371   11.55401 4.2129e-01     24.340 0.0000e+00
        731 265.649230    0.05069     3.0417    182.500  1023.0667  47345.793    30.0946     24.337    6.37357    11.0064    11.0197    22.9557   11.55334 4.0187e-01     24.568 0.0000e+00
        732 265.649233    0.05076     3.0458    182.750  1023.0900  47385.655    30.1221     24.565    6.37315    11.0003    11.0147    22.9779   11.55231 3.8302e-01     24.799 0.0000e+00
        733 265.649236    0.05083     3.0500    183.000  1023.1182  47434.559    30.1559     24.795    6.37252    10.9934    11.0093    23.0051   11.55086 3.6492e-01     25.031 0.0000e+00
        734 265.649239    0.05090     3.0542    183.250  1023.1486  47487.268    30.1923     25.023    6.37189    10.9866    11.0032    23.0345   11.54938 3.4784e-01     25.261 0.0000e+00
        735 265.649242    0.05097     3.0583    183.500  1023.1751  47532.758    30.2235     25.247    6.37157    10.9806    10.9963    23.0599   11.54847 3.3191e-01     25.487 0.0000e+00
        736 265.649245    0.05104     3.0625    183.750  1023.1948  47566.042    30.2462     25.464    6.37159    10.9759    10.9895    23.0787   11.54824 3.1713e-01     25.706 0.0000e+00
        737 265.649248    0.05111     3.0667    184.000  1023.2088  47588.893    30.2615     25.670    6.37178    10.9726    10.9836    23.0917   11.54839 3.0367e-01     25.914 0.0000e+00
        738 265.649251    0.05118     3.0708    184.250  1023.2184  47604.139    30.2717     25.865    6.37201    10.9704    10.9789    23.1004   11.54864 2.9156e-01     26.110 0.0000e+00
        739 265.649253    0.05125     3.0750    184.500  1023.2249  47614.043    30.2782     26.050    6.37220    10.9689    10.9756    23.1060   11.54887 2.8056e-01     26.297 0.0000e+00
        740 265.649256    0.05132     3.0792    184.750  1023.2293  47620.333    30.2824     26.229    6.37233    10.9680    10.9734    23.1096   11.54905 2.7028e-01     26.478 0.0000e+00
        741 265.649259    0.05139     3.0833    185.000  1023.2323  47624.247    30.2849     26.407    6.37242    10.9675    10.9720    23.1119   11.54917 2.6035e-01     26.658 0.0000e+00
        742 265.649262    0.05146     3.0875    185.250  1023.2345  47626.641    30.2864     26.589    6.37248    10.9671    10.9711    23.1132   11.54925 2.5050e-01     26.842 0.0000e+00
        743 265.649265    0.05153     3.0917    185.500  1023.2362  47628.201    30.2874     26.779    6.37252    10.9669    10.9706    23.1141   11.54930 2.4047e-01     27.033 0.0000e+00
        744 265.649268    0.05160     3.0958    185.750  1023.2377  47629.371    30.2881     26.980    6.37253    10.9667    10.9703    23.1147   11.54932 2.3019e-01     27.236 0.0000e+00
        745 265.649271    0.05167     3.1000    186.000  1023.2392  47630.309    30.2886     27.193    6.37254    10.9665    10.9700    23.1151   11.54933 2.1994e-01     27.451 0.0000e+00
        746 265.649274    0.05174     3.1042    186.250  1023.2406  47631.175    30.2891     27.416    6.37255    10.9662    10.9698    23.1156   11.54933 2.0990e-01     27.677 0.0000e+00
        747 265.649277    0.05181     3.1083    186.500  1023.2421  47632.142    30.2897     27.647    6.37255    10.9660    10.9697    23.1160   11.54932 2.0026e-01     27.910 0.0000e+00
        748 265.649280    0.05187     3.1125    186.750  1023.2437  47633.274    30.2904     27.880    6.37255    10.9656    10.9695    23.1166   11.54931 1.9135e-01     28.145 0.0000e+00
        749 265.649282    0.05194     3.1167    187.000  1023.2454  47634.549    30.2912     28.109    6.37255    10.9651    10.9692    23.1172   11.54931 1.8316e-01     28.376 0.0000e+00
        750 265.649285    0.05201     3.1208    187.250  1023.2471  47635.894    30.2920     28.329    6.37256    10.9646    10.9689    23.1179   11.54932 1.7559e-01     28.599 0.0000e+00
        751 265.649288    0.05208     3.1250    187.500  1023.2488  47637.252    30.2928     28.538    6.37259    10.9640    10.9685    23.1187   11.54936 1.6871e-01     28.809 0.0000e+00
        752 265.649291    0.05215     3.1292    187.750  1023.2505  47638.609    30.2936     28.736    6.37264    10.9635    10.9679    23.1194   11.54942 1.6248e-01     29.009 0.0000e+00
        753 265.649294    0.05222     3.1333    188.000  1023.2520  47639.849    30.2944     28.926    6.37268    10.9631    10.9673    23.1201   11.54949 1.5680e-01     29.201 0.0000e+00
        754 265.649297    0.05229     3.1375    188.250  1023.2533  47640.789    30.2949     29.112    6.37273    10.9627    10.9668    23.1206   11.54956 1.5153e-01     29.389 0.0000e+00
        755 265.649300    0.05236     3.1417    188.500  1023.2545  47641.492    30.2953     29.298    6.37277    10.9624    10.9665    23.1209   11.54961 1.4655e-01     29.577 0.0000e+00
        756 265.649303    0.05243     3.1458    188.750  1023.2557  47642.153    30.2956     29.486    6.37279    10.9620    10.9662    23.1213   11.54965 1.4183e-01     29.766 0.0000e+00
        757 265.649306    0.05250     3.1500    189.000  1023.2570  47642.896    30.2960     29.675    6.37282    10.9615    10.9659    23.1217   11.54969 1.3732e-01     29.958 0.0000e+00
        758 265.649308    0.05257     3.1542    189.250  1023.2584  47643.897    30.2966     29.868    6.37284    10.9609    10.9655    23.1222   11.54972 1.3295e-01     30.152 0.0000e+00
        759 265.649311    0.05264     3.1583    189.500  1023.2600  47645.243    30.2975     30.064    6.37287    10.9602    10.9650    23.1229   11.54977 1.2869e-01     30.350 0.0000e+00
        760 265.649314    0.05271     3.1625    189.750  1023.2618  47646.840    30.2984     30.265    6.37292    10.9595    10.9644    23.1238   11.54983 1.2454e-01     30.553 0.0000e+00
        761 265.649317    0.05278     3.1667    190.000  1023.2636  47648.444    30.2994     30.471    6.37297    10.9589    10.9637    23.1247   11.54991 1.2052e-01     30.761 0.0000e+00
        762 265.649320    0.05285     3.1708    190.250  1023.2654  47649.864    30.3002     30.683    6.37303    10.9584    10.9630    23.1254   11.55000 1.1658e-01     30.975 0.0000e+00
        763 265.649323    0.05292     3.1750    190.500  1023.2670  47651.048    30.3009     30.898    6.37308    10.9580    10.9625    23.1261   11.55007 1.1272e-01     31.192 0.0000e+00
        764 265.649326    0.05299     3.1792    190.750  1023.2684  47651.951    30.3014     31.116    6.37312    10.9576    10.9620    23.1265   11.55014 1.0903e-01     31.412 0.0000e+00
        765 265.649329    0.05306     3.1833    191.000  1023.2697  47652.610    30.3018     31.336    6.37316    10.9574    10.9616    23.1268   11.55020 1.0564e-01     31.634 0.0000e+00
