CTD-processing/allCTD/CNV--homogene/2017_04-18_t6_s15_cast084.cnv
* Sea-Bird SBE19plus Data File:
* FileName = P:\My Documents\kasitsna\Research-KBL\Oceanography-AK\CTD-Data-ALL-to-2017-02\2017-CTD-KachemakBay-CookInlet\2017-04-18-CookInlet-Tran6-Douglas\2017-04-18-CookInlet-Tran6-cast084.hex
* Software Version 1.59
* Temperature SN =  4141
* Conductivity SN =  4141
* System UpLoad Time = Apr 18 2017 23:02:12
** Cook Inlet LTM Transect 6 Douglas east to west
** Date: (YYYY-MM-DD): 2017-04-18
** Station: (eg. 9-01): 6-15
** Start time (AKDT): 17:24
** Depth (m): 152.4
** Comment: R/V Alaska Dreamcatcher
** Comment:
# nquan = 17
# nvalues = 777                         
# units = specified
# name 0 = scan: Scan Count
# name 1 = timeJ: Julian Days
# name 2 = timeH: Time, Elapsed [hours]
# name 3 = timeM: Time, Elapsed [minutes]
# name 4 = timeS: Time, Elapsed [seconds]
# name 5 = density00: Density [density, kg/m^3]
# name 6 = specc: Specific Conductance [uS/cm]
# name 7 = sal00: Salinity, Practical [PSU]
# name 8 = depSM: Depth [salt water, m], lat = 59.00
# name 9 = oxsolML/L: Oxygen Saturation, Garcia & Gordon [ml/l]
# name 10 = potemp090C: Potential Temperature [ITS-90, deg C]
# name 11 = tv290C: Temperature [ITS-90, deg C]
# name 12 = sigma-é00: Density [sigma-theta, kg/m^3]
# name 13 = n2satML/L: Nitrogen Saturation [ml/l]
# name 14 = par: PAR/Irradiance, Biospherical/Licor
# name 15 = prdM: Pressure, Strain Gauge [db]
# name 16 = flag:  0.000e+00
# span 0 =          1,        777       
# span 1 = 108.725197, 108.727442       
# span 2 =    0.00000,    0.05389       
# span 3 =     0.0000,     3.2333       
# span 4 =      0.000,    194.000       
# span 5 =  1000.1564,  1026.2921       
# span 6 =    486.677,  52072.976       
# span 7 =     0.2252,    32.4411       
# span 8 =     -0.062,    145.175       
# span 9 =    7.13748,    9.16947       
# span 10 =     3.9530,     5.4023      
# span 11 =     3.9529,     5.4028      
# span 12 =     0.1567,    25.6140      
# span 13 =   12.78891,   16.64319      
# span 14 = 3.6382e-02, 1.1161e+02      
# span 15 =     -0.062,    146.597      
# span 16 = 0.0000e+00, 0.0000e+00      
# interval = seconds: 0.25
# start_time = Apr 18 2017 17:24:17 [Instrument's time stamp, header]
# bad_flag = -9.990e-29
*END*
[from data line 596]
        597 108.726921    0.04139     2.4833    149.000  1026.0608  51998.496    32.4191    100.217    7.13845     5.3320     5.3399    25.5924   12.79029 3.6382e-02    101.188 0.0000e+00
        598 108.726924    0.04146     2.4875    149.250  1026.0622  51998.723    32.4191    100.517    7.13847     5.3319     5.3398    25.5924   12.79031 3.6382e-02    101.490 0.0000e+00
        599 108.726927    0.04153     2.4917    149.500  1026.0637  51998.995    32.4191    100.828    7.13848     5.3318     5.3398    25.5924   12.79033 3.6382e-02    101.805 0.0000e+00
        600 108.726930    0.04160     2.4958    149.750  1026.0653  51999.379    32.4192    101.150    7.13849     5.3317     5.3397    25.5924   12.79035 3.6382e-02    102.131 0.0000e+00
        601 108.726933    0.04167     2.5000    150.000  1026.0669  51999.746    32.4193    101.479    7.13850     5.3317     5.3396    25.5925   12.79036 3.6382e-02    102.463 0.0000e+00
        602 108.726936    0.04174     2.5042    150.250  1026.0684  51999.986    32.4193    101.810    7.13851     5.3316     5.3396    25.5925   12.79038 3.6382e-02    102.797 0.0000e+00
        603 108.726939    0.04181     2.5083    150.500  1026.0699  52000.132    32.4192    102.136    7.13852     5.3315     5.3395    25.5925   12.79040 3.6382e-02    103.126 0.0000e+00
        604 108.726942    0.04188     2.5125    150.750  1026.0714  52000.357    32.4192    102.452    7.13853     5.3314     5.3394    25.5925   12.79042 3.6382e-02    103.445 0.0000e+00
        605 108.726944    0.04194     2.5167    151.000  1026.0729  52000.724    32.4193    102.754    7.13854     5.3314     5.3394    25.5925   12.79043 3.6382e-02    103.749 0.0000e+00
        606 108.726947    0.04201     2.5208    151.250  1026.0743  52001.084    32.4194    103.037    7.13854     5.3314     5.3393    25.5926   12.79043 3.6382e-02    104.036 0.0000e+00
        607 108.726950    0.04208     2.5250    151.500  1026.0756  52001.407    32.4195    103.301    7.13854     5.3314     5.3393    25.5927   12.79043 3.6382e-02    104.303 0.0000e+00
        608 108.726953    0.04215     2.5292    151.750  1026.0768  52001.681    32.4196    103.546    7.13853     5.3314     5.3393    25.5927   12.79042 3.6382e-02    104.549 0.0000e+00
        609 108.726956    0.04222     2.5333    152.000  1026.0779  52001.900    32.4196    103.772    7.13853     5.3314     5.3394    25.5928   12.79041 3.6382e-02    104.778 0.0000e+00
        610 108.726959    0.04229     2.5375    152.250  1026.0790  52002.143    32.4197    103.985    7.13852     5.3314     5.3394    25.5928   12.79039 3.6382e-02    104.993 0.0000e+00
        611 108.726962    0.04236     2.5417    152.500  1026.0800  52002.362    32.4197    104.193    7.13851     5.3314     5.3394    25.5929   12.79038 3.6382e-02    105.203 0.0000e+00
        612 108.726965    0.04243     2.5458    152.750  1026.0809  52002.513    32.4197    104.404    7.13851     5.3314     5.3394    25.5929   12.79038 3.6382e-02    105.416 0.0000e+00
        613 108.726968    0.04250     2.5500    153.000  1026.0819  52002.591    32.4197    104.626    7.13851     5.3313     5.3395    25.5928   12.79038 3.6382e-02    105.640 0.0000e+00
        614 108.726970    0.04257     2.5542    153.250  1026.0830  52002.673    32.4196    104.866    7.13852     5.3313     5.3395    25.5928   12.79039 3.6382e-02    105.883 0.0000e+00
        615 108.726973    0.04264     2.5583    153.500  1026.0843  52002.895    32.4196    105.131    7.13852     5.3312     5.3394    25.5928   12.79039 3.6382e-02    106.150 0.0000e+00
        616 108.726976    0.04271     2.5625    153.750  1026.0857  52003.186    32.4197    105.419    7.13853     5.3311     5.3394    25.5929   12.79040 3.6382e-02    106.442 0.0000e+00
        617 108.726979    0.04278     2.5667    154.000  1026.0872  52003.476    32.4197    105.729    7.13853     5.3310     5.3393    25.5929   12.79041 3.6382e-02    106.754 0.0000e+00
        618 108.726982    0.04285     2.5708    154.250  1026.0887  52003.775    32.4197    106.052    7.13854     5.3310     5.3392    25.5930   12.79043 3.6382e-02    107.081 0.0000e+00
        619 108.726985    0.04292     2.5750    154.500  1026.0902  52004.096    32.4197    106.382    7.13855     5.3309     5.3391    25.5930   12.79044 3.6382e-02    107.414 0.0000e+00
        620 108.726988    0.04299     2.5792    154.750  1026.0918  52004.477    32.4198    106.708    7.13855     5.3309     5.3391    25.5931   12.79044 3.6382e-02    107.744 0.0000e+00
        621 108.726991    0.04306     2.5833    155.000  1026.0934  52004.892    32.4200    107.026    7.13855     5.3309     5.3391    25.5932   12.79043 3.6382e-02    108.064 0.0000e+00
        622 108.726994    0.04312     2.5875    155.250  1026.0949  52005.238    32.4201    107.329    7.13854     5.3310     5.3392    25.5933   12.79042 3.6382e-02    108.370 0.0000e+00
        623 108.726997    0.04319     2.5917    155.500  1026.0963  52005.455    32.4201    107.612    7.13853     5.3310     5.3392    25.5933   12.79040 3.6382e-02    108.656 0.0000e+00
        624 108.726999    0.04326     2.5958    155.750  1026.0974  52005.572    32.4200    107.874    7.13852     5.3309     5.3393    25.5932   12.79039 3.6382e-02    108.920 0.0000e+00
        625 108.727002    0.04333     2.6000    156.000  1026.0985  52005.664    32.4200    108.117    7.13852     5.3309     5.3393    25.5932   12.79039 3.6382e-02    109.166 0.0000e+00
        626 108.727005    0.04340     2.6042    156.250  1026.0996  52005.789    32.4199    108.349    7.13853     5.3308     5.3392    25.5931   12.79040 3.6382e-02    109.400 0.0000e+00
        627 108.727008    0.04347     2.6083    156.500  1026.1007  52005.962    32.4199    108.574    7.13854     5.3307     5.3392    25.5931   12.79042 3.6382e-02    109.628 0.0000e+00
        628 108.727011    0.04354     2.6125    156.750  1026.1018  52006.168    32.4200    108.798    7.13855     5.3306     5.3391    25.5932   12.79044 3.6382e-02    109.855 0.0000e+00
        629 108.727014    0.04361     2.6167    157.000  1026.1028  52006.355    32.4200    109.025    7.13857     5.3305     5.3390    25.5932   12.79047 3.6382e-02    110.083 0.0000e+00
        630 108.727017    0.04368     2.6208    157.250  1026.1039  52006.475    32.4199    109.255    7.13858     5.3303     5.3389    25.5932   12.79049 3.6382e-02    110.316 0.0000e+00
        631 108.727020    0.04375     2.6250    157.500  1026.1049  52006.543    32.4198    109.490    7.13860     5.3302     5.3389    25.5931   12.79053 3.6382e-02    110.552 0.0000e+00
        632 108.727023    0.04382     2.6292    157.750  1026.1060  52006.607    32.4197    109.729    7.13862     5.3301     5.3388    25.5930   12.79056 3.6382e-02    110.794 0.0000e+00
        633 108.727025    0.04389     2.6333    158.000  1026.1071  52006.723    32.4197    109.975    7.13864     5.3300     5.3386    25.5930   12.79060 3.6382e-02    111.043 0.0000e+00
        634 108.727028    0.04396     2.6375    158.250  1026.1083  52006.939    32.4197    110.229    7.13866     5.3299     5.3385    25.5930   12.79063 3.6382e-02    111.299 0.0000e+00
        635 108.727031    0.04403     2.6417    158.500  1026.1096  52007.275    32.4198    110.491    7.13867     5.3299     5.3384    25.5931   12.79065 3.6382e-02    111.564 0.0000e+00
        636 108.727034    0.04410     2.6458    158.750  1026.1109  52007.687    32.4199    110.764    7.13867     5.3299     5.3384    25.5932   12.79065 3.6382e-02    111.840 0.0000e+00
        637 108.727037    0.04417     2.6500    159.000  1026.1124  52008.062    32.4200    111.052    7.13867     5.3300     5.3384    25.5933   12.79063 3.6382e-02    112.130 0.0000e+00
        638 108.727040    0.04424     2.6542    159.250  1026.1139  52008.410    32.4201    111.354    7.13866     5.3300     5.3384    25.5934   12.79061 3.6382e-02    112.436 0.0000e+00
        639 108.727043    0.04431     2.6583    159.500  1026.1154  52008.740    32.4202    111.671    7.13864     5.3301     5.3385    25.5935   12.79058 3.6382e-02    112.755 0.0000e+00
        640 108.727046    0.04437     2.6625    159.750  1026.1169  52008.925    32.4202    111.997    7.13862     5.3301     5.3386    25.5934   12.79055 3.6382e-02    113.084 0.0000e+00
        641 108.727049    0.04444     2.6667    160.000  1026.1184  52008.979    32.4201    112.327    7.13861     5.3301     5.3387    25.5933   12.79054 3.6382e-02    113.417 0.0000e+00
        642 108.727052    0.04451     2.6708    160.250  1026.1198  52009.022    32.4199    112.654    7.13861     5.3301     5.3387    25.5932   12.79054 3.6382e-02    113.748 0.0000e+00
        643 108.727054    0.04458     2.6750    160.500  1026.1212  52009.084    32.4198    112.972    7.13861     5.3300     5.3387    25.5932   12.79055 3.6382e-02    114.070 0.0000e+00
        644 108.727057    0.04465     2.6792    160.750  1026.1225  52009.171    32.4197    113.275    7.13862     5.3299     5.3387    25.5931   12.79057 3.6382e-02    114.375 0.0000e+00
        645 108.727060    0.04472     2.6833    161.000  1026.1238  52009.255    32.4196    113.556    7.13864     5.3297     5.3386    25.5931   12.79060 3.6382e-02    114.658 0.0000e+00
        646 108.727063    0.04479     2.6875    161.250  1026.1249  52009.348    32.4195    113.813    7.13866     5.3296     5.3386    25.5930   12.79063 3.6382e-02    114.918 0.0000e+00
        647 108.727066    0.04486     2.6917    161.500  1026.1260  52009.551    32.4195    114.047    7.13868     5.3295     5.3385    25.5930   12.79065 3.6382e-02    115.155 0.0000e+00
        648 108.727069    0.04493     2.6958    161.750  1026.1271  52009.844    32.4196    114.263    7.13869     5.3294     5.3384    25.5930   12.79067 3.6382e-02    115.373 0.0000e+00
        649 108.727072    0.04500     2.7000    162.000  1026.1281  52010.102    32.4197    114.468    7.13870     5.3294     5.3383    25.5931   12.79069 3.6382e-02    115.580 0.0000e+00
        650 108.727075    0.04507     2.7042    162.250  1026.1291  52010.332    32.4197    114.671    7.13871     5.3293     5.3382    25.5932   12.79070 3.6382e-02    115.785 0.0000e+00
        651 108.727078    0.04514     2.7083    162.500  1026.1302  52010.605    32.4198    114.880    7.13871     5.3293     5.3382    25.5933   12.79071 3.6382e-02    115.996 0.0000e+00
        652 108.727080    0.04521     2.7125    162.750  1026.1313  52010.905    32.4199    115.103    7.13871     5.3292     5.3382    25.5933   12.79071 3.6382e-02    116.222 0.0000e+00
        653 108.727083    0.04528     2.7167    163.000  1026.1325  52011.180    32.4200    115.348    7.13872     5.3291     5.3381    25.5934   12.79071 3.6382e-02    116.470 0.0000e+00
        654 108.727086    0.04535     2.7208    163.250  1026.1338  52011.415    32.4200    115.618    7.13872     5.3290     5.3381    25.5934   12.79072 3.6382e-02    116.742 0.0000e+00
        655 108.727089    0.04542     2.7250    163.500  1026.1352  52011.668    32.4200    115.911    7.13874     5.3289     5.3380    25.5934   12.79074 3.6382e-02    117.038 0.0000e+00
        656 108.727092    0.04549     2.7292    163.750  1026.1367  52011.964    32.4200    116.222    7.13875     5.3288     5.3379    25.5934   12.79076 3.6382e-02    117.352 0.0000e+00
        657 108.727095    0.04556     2.7333    164.000  1026.1382  52012.331    32.4201    116.541    7.13876     5.3287     5.3378    25.5935   12.79078 3.6382e-02    117.674 0.0000e+00
        658 108.727098    0.04562     2.7375    164.250  1026.1398  52012.796    32.4202    116.860    7.13877     5.3286     5.3377    25.5936   12.79080 3.6382e-02    117.996 0.0000e+00
        659 108.727101    0.04569     2.7417    164.500  1026.1414  52013.189    32.4203    117.168    7.13878     5.3285     5.3377    25.5937   12.79081 3.6382e-02    118.307 0.0000e+00
        660 108.727104    0.04576     2.7458    164.750  1026.1427  52013.413    32.4203    117.456    7.13878     5.3285     5.3376    25.5937   12.79082 3.6382e-02    118.598 0.0000e+00
        661 108.727106    0.04583     2.7500    165.000  1026.1439  52013.547    32.4203    117.715    7.13879     5.3284     5.3376    25.5937   12.79084 3.6382e-02    118.860 0.0000e+00
        662 108.727109    0.04590     2.7542    165.250  1026.1449  52013.598    32.4202    117.941    7.13881     5.3284     5.3375    25.5936   12.79086 3.6382e-02    119.088 0.0000e+00
        663 108.727112    0.04597     2.7583    165.500  1026.1458  52013.665    32.4201    118.134    7.13882     5.3283     5.3375    25.5936   12.79087 3.6382e-02    119.283 0.0000e+00
        664 108.727115    0.04604     2.7625    165.750  1026.1466  52013.864    32.4201    118.301    7.13882     5.3283     5.3375    25.5936   12.79088 3.6382e-02    119.452 0.0000e+00
        665 108.727118    0.04611     2.7667    166.000  1026.1473  52014.078    32.4202    118.450    7.13882     5.3283     5.3374    25.5937   12.79088 3.6382e-02    119.603 0.0000e+00
        666 108.727121    0.04618     2.7708    166.250  1026.1480  52014.241    32.4203    118.595    7.13882     5.3283     5.3374    25.5937   12.79088 3.6382e-02    119.749 0.0000e+00
        667 108.727124    0.04625     2.7750    166.500  1026.1488  52014.401    32.4203    118.748    7.13882     5.3283     5.3374    25.5938   12.79088 3.6382e-02    119.904 0.0000e+00
        668 108.727127    0.04632     2.7792    166.750  1026.1496  52014.563    32.4203    118.923    7.13882     5.3282     5.3374    25.5938   12.79088 3.6382e-02    120.080 0.0000e+00
        669 108.727130    0.04639     2.7833    167.000  1026.1506  52014.723    32.4203    119.130    7.13882     5.3282     5.3374    25.5938   12.79088 3.6382e-02    120.290 0.0000e+00
        670 108.727133    0.04646     2.7875    167.250  1026.1518  52014.940    32.4204    119.376    7.13882     5.3281     5.3374    25.5938   12.79088 3.6382e-02    120.538 0.0000e+00
        671 108.727135    0.04653     2.7917    167.500  1026.1532  52015.266    32.4204    119.660    7.13883     5.3280     5.3374    25.5939   12.79088 3.6382e-02    120.825 0.0000e+00
        672 108.727138    0.04660     2.7958    167.750  1026.1547  52015.638    32.4205    119.974    7.13883     5.3279     5.3373    25.5939   12.79089 3.6382e-02    121.142 0.0000e+00
        673 108.727141    0.04667     2.8000    168.000  1026.1563  52016.017    32.4206    120.306    7.13883     5.3278     5.3373    25.5940   12.79089 3.6382e-02    121.477 0.0000e+00
        674 108.727144    0.04674     2.8042    168.250  1026.1580  52016.429    32.4207    120.642    7.13883     5.3278     5.3372    25.5941   12.79089 3.6382e-02    121.817 0.0000e+00
        675 108.727147    0.04681     2.8083    168.500  1026.1596  52016.832    32.4208    120.974    7.13883     5.3277     5.3372    25.5942   12.79090 3.6382e-02    122.152 0.0000e+00
        676 108.727150    0.04688     2.8125    168.750  1026.1612  52017.186    32.4209    121.291    7.13884     5.3277     5.3372    25.5942   12.79091 3.6382e-02    122.472 0.0000e+00
        677 108.727153    0.04694     2.8167    169.000  1026.1627  52017.544    32.4210    121.588    7.13884     5.3277     5.3371    25.5943   12.79091 3.6382e-02    122.772 0.0000e+00
        678 108.727156    0.04701     2.8208    169.250  1026.1640  52017.882    32.4211    121.861    7.13884     5.3277     5.3371    25.5944   12.79091 3.6382e-02    123.048 0.0000e+00
        679 108.727159    0.04708     2.8250    169.500  1026.1652  52018.132    32.4211    122.112    7.13884     5.3277     5.3371    25.5945   12.79090 3.6382e-02    123.301 0.0000e+00
        680 108.727161    0.04715     2.8292    169.750  1026.1663  52018.342    32.4212    122.346    7.13884     5.3276     5.3371    25.5945   12.79089 3.6382e-02    123.538 0.0000e+00
