CTD-processing/allCTD/CNV--homogene/2017_07-26_t6_s04_cast251.cnv
* Sea-Bird SBE19plus Data File:
* FileName = C:\Users\Kim.Powell\Desktop\2017_07-26\2017_07-26_TRANSECT_STATION_cast251.hex
* Software Version 1.59
* Temperature SN =  4141
* Conductivity SN =  4141
* System UpLoad Time = Aug 04 2017 16:30:10
** 2017_07-26
** Transect: Transect 6
** Station: 6-04
** Start Time: 12:49
** Depth(m): 102.1
** Comment:
** Comment:
# nquan = 17
# nvalues = 723                         
# units = specified
# name 0 = scan: Scan Count
# name 1 = timeJ: Julian Days
# name 2 = timeH: Time, Elapsed [hours]
# name 3 = timeM: Time, Elapsed [minutes]
# name 4 = timeS: Time, Elapsed [seconds]
# name 5 = density00: Density [density, kg/m^3]
# name 6 = specc: Specific Conductance [uS/cm]
# name 7 = sal00: Salinity, Practical [PSU]
# name 8 = depSM: Depth [salt water, m], lat = 59.00
# name 9 = oxsolML/L: Oxygen Saturation, Garcia & Gordon [ml/l]
# name 10 = potemp090C: Potential Temperature [ITS-90, deg C]
# name 11 = tv290C: Temperature [ITS-90, deg C]
# name 12 = sigma-é00: Density [sigma-theta, kg/m^3]
# name 13 = n2satML/L: Nitrogen Saturation [ml/l]
# name 14 = par: PAR/Irradiance, Biospherical/Licor
# name 15 = prdM: Pressure, Strain Gauge [db]
# name 16 = flag:  0.000e+00
# span 0 =          1,        723       
# span 1 = 207.534884, 207.536973       
# span 2 =    0.00000,    0.05014       
# span 3 =     0.0000,     3.0083       
# span 4 =      0.000,    180.500       
# span 5 =  1024.4373,  1025.0365       
# span 6 =  49799.901,  50199.983       
# span 7 =    31.6063,    31.7684       
# span 8 =      0.568,     84.346       
# span 9 =    6.57164,    6.64810       
# span 10 =     8.6027,     9.1319      
# span 11 =     8.6112,     9.1772      
# span 12 =    24.4345,    24.6489      
# span 13 =   11.86344,   11.98801      
# span 14 = 4.8003e-02, 2.0954e+02      
# span 15 =      0.574,     85.159      
# span 16 = 0.0000e+00, 0.0000e+00      
# interval = seconds: 0.25
# start_time = Jul 26 2017 12:50:14 [Instrument's time stamp, header]
# bad_flag = -9.990e-29
*END*
[from data line 596]
        597 207.536609    0.04139     2.4833    149.000  1024.8249  50012.859    31.6906     61.296    6.60794     8.8983     8.9050    24.5433   11.92250 1.0849e-01     61.884 0.0000e+00
        598 207.536612    0.04146     2.4875    149.250  1024.8259  50013.097    31.6906     61.508    6.60796     8.8981     8.9048    24.5433   11.92254 1.0657e-01     62.098 0.0000e+00
        599 207.536615    0.04153     2.4917    149.500  1024.8270  50013.333    31.6907     61.730    6.60799     8.8979     8.9046    24.5434   11.92258 1.0477e-01     62.322 0.0000e+00
        600 207.536617    0.04160     2.4958    149.750  1024.8281  50013.605    31.6908     61.955    6.60801     8.8979     8.9045    24.5434   11.92261 1.0304e-01     62.549 0.0000e+00
        601 207.536620    0.04167     2.5000    150.000  1024.8292  50013.963    31.6909     62.174    6.60802     8.8978     8.9044    24.5436   11.92263 1.0143e-01     62.770 0.0000e+00
        602 207.536623    0.04174     2.5042    150.250  1024.8303  50014.252    31.6910     62.380    6.60802     8.8976     8.9043    24.5437   11.92263 9.9848e-02     62.978 0.0000e+00
        603 207.536626    0.04181     2.5083    150.500  1024.8312  50014.426    31.6911     62.572    6.60803     8.8974     8.9042    24.5437   11.92265 9.8314e-02     63.172 0.0000e+00
        604 207.536629    0.04188     2.5125    150.750  1024.8321  50014.677    31.6911     62.756    6.60805     8.8971     8.9041    24.5438   11.92268 9.6919e-02     63.358 0.0000e+00
        605 207.536632    0.04194     2.5167    151.000  1024.8331  50015.000    31.6913     62.937    6.60808     8.8969     8.9038    24.5439   11.92272 9.5625e-02     63.541 0.0000e+00
        606 207.536635    0.04201     2.5208    151.250  1024.8340  50015.245    31.6913     63.120    6.60811     8.8968     8.9036    24.5440   11.92277 9.4337e-02     63.726 0.0000e+00
        607 207.536638    0.04208     2.5250    151.500  1024.8350  50015.485    31.6914     63.308    6.60813     8.8968     8.9034    24.5441   11.92281 9.2993e-02     63.915 0.0000e+00
        608 207.536641    0.04215     2.5292    151.750  1024.8360  50015.805    31.6915     63.497    6.60814     8.8968     8.9034    24.5442   11.92282 9.1640e-02     64.106 0.0000e+00
        609 207.536644    0.04222     2.5333    152.000  1024.8369  50016.004    31.6915     63.684    6.60814     8.8969     8.9034    24.5443   11.92282 9.0340e-02     64.294 0.0000e+00
        610 207.536646    0.04229     2.5375    152.250  1024.8376  50016.011    31.6915     63.865    6.60813     8.8970     8.9034    24.5442   11.92281 8.9122e-02     64.478 0.0000e+00
        611 207.536649    0.04236     2.5417    152.500  1024.8384  50016.101    31.6915     64.041    6.60812     8.8972     8.9035    24.5442   11.92279 8.8033e-02     64.655 0.0000e+00
        612 207.536652    0.04243     2.5458    152.750  1024.8393  50016.405    31.6916     64.212    6.60809     8.8975     8.9036    24.5443   11.92274 8.7060e-02     64.828 0.0000e+00
        613 207.536655    0.04250     2.5500    153.000  1024.8402  50016.745    31.6918     64.383    6.60805     8.8978     8.9038    24.5444   11.92267 8.6135e-02     65.000 0.0000e+00
        614 207.536658    0.04257     2.5542    153.250  1024.8410  50016.842    31.6918     64.556    6.60800     8.8981     8.9042    24.5444   11.92259 8.5206e-02     65.176 0.0000e+00
        615 207.536661    0.04264     2.5583    153.500  1024.8417  50016.609    31.6917     64.739    6.60796     8.8983     8.9045    24.5442   11.92252 8.4248e-02     65.360 0.0000e+00
        616 207.536664    0.04271     2.5625    153.750  1024.8423  50016.300    31.6914     64.935    6.60792     8.8983     8.9048    24.5439   11.92247 8.3280e-02     65.558 0.0000e+00
        617 207.536667    0.04278     2.5667    154.000  1024.8431  50016.248    31.6913     65.147    6.60791     8.8983     8.9050    24.5438   11.92244 8.2218e-02     65.772 0.0000e+00
        618 207.536670    0.04285     2.5708    154.250  1024.8442  50016.404    31.6913     65.374    6.60790     8.8982     8.9050    24.5438   11.92243 8.1075e-02     66.001 0.0000e+00
        619 207.536672    0.04292     2.5750    154.500  1024.8452  50016.399    31.6912     65.609    6.60790     8.8981     8.9050    24.5438   11.92243 7.9950e-02     66.239 0.0000e+00
        620 207.536675    0.04299     2.5792    154.750  1024.8462  50016.283    31.6910     65.845    6.60791     8.8979     8.9050    24.5436   11.92245 7.8778e-02     66.477 0.0000e+00
        621 207.536678    0.04306     2.5833    155.000  1024.8472  50016.429    31.6910     66.074    6.60793     8.8977     8.9049    24.5436   11.92248 7.7599e-02     66.708 0.0000e+00
        622 207.536681    0.04312     2.5875    155.250  1024.8484  50016.937    31.6912     66.291    6.60795     8.8976     8.9047    24.5438   11.92251 7.6510e-02     66.927 0.0000e+00
        623 207.536684    0.04319     2.5917    155.500  1024.8497  50017.656    31.6916     66.491    6.60796     8.8978     8.9045    24.5442   11.92252 7.5553e-02     67.129 0.0000e+00
        624 207.536687    0.04326     2.5958    155.750  1024.8508  50018.297    31.6920     66.672    6.60794     8.8981     8.9045    24.5445   11.92250 7.4769e-02     67.312 0.0000e+00
        625 207.536690    0.04333     2.6000    156.000  1024.8517  50018.659    31.6922     66.836    6.60791     8.8985     8.9047    24.5446   11.92244 7.4110e-02     67.478 0.0000e+00
        626 207.536693    0.04340     2.6042    156.250  1024.8524  50018.770    31.6923     66.989    6.60786     8.8990     8.9050    24.5446   11.92235 7.3511e-02     67.632 0.0000e+00
        627 207.536696    0.04347     2.6083    156.500  1024.8529  50018.667    31.6922     67.134    6.60780     8.8993     8.9054    24.5445   11.92225 7.2943e-02     67.779 0.0000e+00
        628 207.536698    0.04354     2.6125    156.750  1024.8534  50018.379    31.6920     67.277    6.60774     8.8995     8.9059    24.5443   11.92216 7.2393e-02     67.923 0.0000e+00
        629 207.536701    0.04361     2.6167    157.000  1024.8538  50018.042    31.6917     67.422    6.60770     8.8995     8.9063    24.5440   11.92209 7.1850e-02     68.069 0.0000e+00
        630 207.536704    0.04368     2.6208    157.250  1024.8543  50017.764    31.6915     67.571    6.60768     8.8993     8.9065    24.5438   11.92206 7.1304e-02     68.220 0.0000e+00
        631 207.536707    0.04375     2.6250    157.500  1024.8549  50017.628    31.6914     67.731    6.60769     8.8989     8.9065    24.5437   11.92207 7.0758e-02     68.382 0.0000e+00
        632 207.536710    0.04382     2.6292    157.750  1024.8557  50017.688    31.6913     67.907    6.60772     8.8985     8.9063    24.5437   11.92213 7.0226e-02     68.560 0.0000e+00
        633 207.536713    0.04389     2.6333    158.000  1024.8567  50017.969    31.6913     68.103    6.60777     8.8982     8.9059    24.5438   11.92220 6.9694e-02     68.757 0.0000e+00
        634 207.536716    0.04396     2.6375    158.250  1024.8578  50018.390    31.6915     68.318    6.60781     8.8979     8.9056    24.5439   11.92228 6.9118e-02     68.974 0.0000e+00
        635 207.536719    0.04403     2.6417    158.500  1024.8590  50018.695    31.6915     68.546    6.60786     8.8977     8.9053    24.5440   11.92235 6.8467e-02     69.204 0.0000e+00
        636 207.536722    0.04410     2.6458    158.750  1024.8600  50018.753    31.6914     68.779    6.60789     8.8974     8.9050    24.5440   11.92242 6.7717e-02     69.440 0.0000e+00
        637 207.536725    0.04417     2.6500    159.000  1024.8610  50018.739    31.6913     69.010    6.60793     8.8971     8.9048    24.5439   11.92248 6.6896e-02     69.673 0.0000e+00
        638 207.536727    0.04424     2.6542    159.250  1024.8622  50019.019    31.6913     69.236    6.60797     8.8969     8.9045    24.5440   11.92254 6.6109e-02     69.901 0.0000e+00
        639 207.536730    0.04431     2.6583    159.500  1024.8635  50019.622    31.6916     69.456    6.60800     8.8968     8.9043    24.5443   11.92258 6.5440e-02     70.123 0.0000e+00
        640 207.536733    0.04437     2.6625    159.750  1024.8647  50020.107    31.6918     69.674    6.60802     8.8966     8.9041    24.5445   11.92261 6.4881e-02     70.343 0.0000e+00
        641 207.536736    0.04444     2.6667    160.000  1024.8656  50020.076    31.6917     69.892    6.60804     8.8962     8.9040    24.5444   11.92265 6.4349e-02     70.564 0.0000e+00
        642 207.536739    0.04451     2.6708    160.250  1024.8663  50019.662    31.6913     70.111    6.60807     8.8953     8.9038    24.5441   11.92271 6.3778e-02     70.785 0.0000e+00
        643 207.536742    0.04458     2.6750    160.500  1024.8669  50019.183    31.6908     70.326    6.60815     8.8939     8.9034    24.5438   11.92285 6.3204e-02     71.002 0.0000e+00
        644 207.536745    0.04465     2.6792    160.750  1024.8676  50018.830    31.6904     70.529    6.60829     8.8918     8.9026    24.5436   11.92310 6.2709e-02     71.207 0.0000e+00
        645 207.536748    0.04472     2.6833    161.000  1024.8685  50018.864    31.6901     70.712    6.60852     8.8890     8.9011    24.5436   11.92346 6.2278e-02     71.391 0.0000e+00
        646 207.536751    0.04479     2.6875    161.250  1024.8692  50018.852    31.6897     70.869    6.60883     8.8852     8.8991    24.5436   11.92399 6.1882e-02     71.550 0.0000e+00
        647 207.536753    0.04486     2.6917    161.500  1024.8697  50018.563    31.6891     70.999    6.60927     8.8804     8.8963    24.5435   11.92472 6.1553e-02     71.681 0.0000e+00
        648 207.536756    0.04493     2.6958    161.750  1024.8706  50019.081    31.6888     71.109    6.60984     8.8751     8.8925    24.5439   11.92567 6.1288e-02     71.793 0.0000e+00
        649 207.536759    0.04500     2.7000    162.000  1024.8722  50020.824    31.6893     71.213    6.61052     8.8693     8.8877    24.5450   11.92680 6.1046e-02     71.898 0.0000e+00
        650 207.536762    0.04507     2.7042    162.250  1024.8742  50023.091    31.6901     71.327    6.61128     8.8634     8.8824    24.5464   11.92804 6.0783e-02     72.013 0.0000e+00
        651 207.536765    0.04514     2.7083    162.500  1024.8766  50026.123    31.6913     71.462    6.61207     8.8579     8.8767    24.5483   11.92933 6.0473e-02     72.149 0.0000e+00
        652 207.536768    0.04521     2.7125    162.750  1024.8800  50030.665    31.6936     71.624    6.61285     8.8534     8.8708    24.5509   11.93059 6.0137e-02     72.313 0.0000e+00
        653 207.536771    0.04528     2.7167    163.000  1024.8840  50036.121    31.6965     71.812    6.61353     8.8500     8.8653    24.5541   11.93168 5.9788e-02     72.503 0.0000e+00
        654 207.536774    0.04535     2.7208    163.250  1024.8880  50041.475    31.6995     72.020    6.61406     8.8478     8.8608    24.5571   11.93252 5.9330e-02     72.713 0.0000e+00
        655 207.536777    0.04542     2.7250    163.500  1024.8916  50046.035    31.7022     72.242    6.61444     8.8464     8.8575    24.5597   11.93312 5.8719e-02     72.936 0.0000e+00
        656 207.536780    0.04549     2.7292    163.750  1024.8945  50049.256    31.7040     72.471    6.61469     8.8454     8.8552    24.5614   11.93352 5.8094e-02     73.168 0.0000e+00
        657 207.536782    0.04556     2.7333    164.000  1024.8966  50051.134    31.7050     72.705    6.61486     8.8447     8.8538    24.5625   11.93377 5.7563e-02     73.404 0.0000e+00
        658 207.536785    0.04562     2.7375    164.250  1024.8980  50051.933    31.7053     72.938    6.61497     8.8440     8.8529    24.5629   11.93396 5.7125e-02     73.640 0.0000e+00
        659 207.536788    0.04569     2.7417    164.500  1024.8992  50052.174    31.7053     73.167    6.61508     8.8433     8.8522    24.5629   11.93414 5.6802e-02     73.871 0.0000e+00
        660 207.536791    0.04576     2.7458    164.750  1024.9003  50052.395    31.7052     73.389    6.61518     8.8424     8.8515    24.5630   11.93431 5.6599e-02     74.094 0.0000e+00
        661 207.536794    0.04583     2.7500    165.000  1024.9012  50052.412    31.7050     73.600    6.61530     8.8410     8.8508    24.5630   11.93451 5.6438e-02     74.308 0.0000e+00
        662 207.536797    0.04590     2.7542    165.250  1024.9017  50051.711    31.7043     73.801    6.61545     8.8388     8.8500    24.5626   11.93477 5.6248e-02     74.511 0.0000e+00
        663 207.536800    0.04597     2.7583    165.500  1024.9017  50050.210    31.7030     73.989    6.61571     8.8352     8.8487    24.5617   11.93521 5.6030e-02     74.701 0.0000e+00
        664 207.536803    0.04604     2.7625    165.750  1024.9017  50048.572    31.7015     74.162    6.61611     8.8306     8.8464    24.5608   11.93589 5.5806e-02     74.876 0.0000e+00
        665 207.536806    0.04611     2.7667    166.000  1024.9024  50048.398    31.7008     74.317    6.61666     8.8257     8.8429    24.5608   11.93681 5.5600e-02     75.032 0.0000e+00
        666 207.536808    0.04618     2.7708    166.250  1024.9044  50050.675    31.7016     74.455    6.61731     8.8211     8.8382    24.5622   11.93787 5.5436e-02     75.172 0.0000e+00
        667 207.536811    0.04625     2.7750    166.500  1024.9072  50054.417    31.7035     74.580    6.61796     8.8170     8.8333    24.5644   11.93892 5.5313e-02     75.298 0.0000e+00
        668 207.536814    0.04632     2.7792    166.750  1024.9099  50058.027    31.7053     74.700    6.61855     8.8130     8.8288    24.5665   11.93988 5.5214e-02     75.419 0.0000e+00
        669 207.536817    0.04639     2.7833    167.000  1024.9119  50060.429    31.7063     74.826    6.61911     8.8082     8.8247    24.5679   11.94079 5.5130e-02     75.546 0.0000e+00
        670 207.536820    0.04646     2.7875    167.250  1024.9130  50061.126    31.7062     74.970    6.61971     8.8022     8.8207    24.5684   11.94179 5.5055e-02     75.692 0.0000e+00
        671 207.536823    0.04653     2.7917    167.500  1024.9139  50061.147    31.7054     75.139    6.62044     8.7950     8.8159    24.5686   11.94301 5.4974e-02     75.862 0.0000e+00
        672 207.536826    0.04660     2.7958    167.750  1024.9155  50062.176    31.7051     75.332    6.62133     8.7870     8.8099    24.5693   11.94450 5.4827e-02     76.057 0.0000e+00
        673 207.536829    0.04667     2.8000    168.000  1024.9181  50064.780    31.7058     75.543    6.62237     8.7784     8.8028    24.5709   11.94620 5.4533e-02     76.270 0.0000e+00
        674 207.536832    0.04674     2.8042    168.250  1024.9218  50069.130    31.7076     75.762    6.62348     8.7697     8.7947    24.5735   11.94802 5.4131e-02     76.491 0.0000e+00
        675 207.536834    0.04681     2.8083    168.500  1024.9257  50074.017    31.7097     75.979    6.62465     8.7601     8.7862    24.5764   11.94992 5.3760e-02     76.710 0.0000e+00
        676 207.536837    0.04688     2.8125    168.750  1024.9286  50077.195    31.7105     76.188    6.62591     8.7487     8.7775    24.5784   11.95200 5.3502e-02     76.921 0.0000e+00
        677 207.536840    0.04694     2.8167    169.000  1024.9310  50079.244    31.7105     76.388    6.62734     8.7358     8.7679    24.5798   11.95436 5.3311e-02     77.124 0.0000e+00
        678 207.536843    0.04701     2.8208    169.250  1024.9347  50083.695    31.7118     76.586    6.62896     8.7230     8.7565    24.5826   11.95702 5.3100e-02     77.324 0.0000e+00
        679 207.536846    0.04708     2.8250    169.500  1024.9409  50092.563    31.7161     76.791    6.63068     8.7119     8.7437    24.5878   11.95981 5.2833e-02     77.530 0.0000e+00
        680 207.536849    0.04715     2.8292    169.750  1024.9488  50104.411    31.7224     77.010    6.63230     8.7033     8.7309    24.5947   11.96242 5.2637e-02     77.752 0.0000e+00
