CTD-processing/allCTD/CNV--homogene/2017_08-24_alongbay_skb06_cast008.cnv
* Sea-Bird SBE19plus Data File:
* FileName = C:\Users\Kim.Powell\Desktop\Not Processed\2017\2017_08\2017_08-24_TRANSECT_STATION_cast008.hex
* Software Version 1.59
* Temperature SN =  4141
* Conductivity SN =  4141
* System UpLoad Time = Sep 22 2017 08:26:52
** 2017_08-24
** Station: KB06
** Start Time: 15:35
** Depth (m): 102
** Comment: Edgecumbe
** Comment:
# nquan = 17
# nvalues = 681                         
# units = specified
# name 0 = scan: Scan Count
# name 1 = timeJ: Julian Days
# name 2 = timeH: Time, Elapsed [hours]
# name 3 = timeM: Time, Elapsed [minutes]
# name 4 = timeS: Time, Elapsed [seconds]
# name 5 = density00: Density [density, kg/m^3]
# name 6 = specc: Specific Conductance [uS/cm]
# name 7 = sal00: Salinity, Practical [PSU]
# name 8 = depSM: Depth [salt water, m], lat = 59.00
# name 9 = oxsolML/L: Oxygen Saturation, Garcia & Gordon [ml/l]
# name 10 = potemp090C: Potential Temperature [ITS-90, deg C]
# name 11 = tv290C: Temperature [ITS-90, deg C]
# name 12 = sigma-é00: Density [sigma-theta, kg/m^3]
# name 13 = n2satML/L: Nitrogen Saturation [ml/l]
# name 14 = par: PAR/Irradiance, Biospherical/Licor
# name 15 = prdM: Pressure, Strain Gauge [db]
# name 16 = flag:  0.000e+00
# span 0 =          1,        681       
# span 1 = 236.649502, 236.651470       
# span 2 =    0.00000,    0.04722       
# span 3 =     0.0000,     2.8333       
# span 4 =      0.000,    170.000       
# span 5 =  1017.8434,  1024.8017       
# span 6 =  37801.046,  49702.881       
# span 7 =    23.5526,    31.5214       
# span 8 =      0.052,    101.049       
# span 9 =    6.35241,    6.61525       
# span 10 =     9.3516,    11.4118      
# span 11 =     9.3619,    11.4118      
# span 12 =    17.8432,    24.3409      
# span 13 =   11.52748,   12.03571      
# span 14 = 4.8546e-02, 1.5310e+02      
# span 15 =      0.053,    102.027      
# span 16 = 0.0000e+00, 0.0000e+00      
# interval = seconds: 0.25
# start_time = Aug 24 2017 15:35:17 [Instrument's time stamp, header]
# bad_flag = -9.990e-29
*END*
[from data line 341]
        342 236.650489    0.02368     1.4208     85.250  1023.9455  48885.406    31.1019     19.013    6.43044    10.3124    10.3132    23.8586   11.63564 6.0521e-01     19.194 0.0000e+00
        343 236.650492    0.02375     1.4250     85.500  1023.9533  48897.608    31.1104     19.278    6.43002    10.3136    10.3136    23.8652   11.63485 5.7184e-01     19.461 0.0000e+00
        344 236.650495    0.02382     1.4292     85.750  1023.9602  48908.223    31.1179     19.546    6.42957    10.3148    10.3146    23.8709   11.63402 5.4077e-01     19.731 0.0000e+00
        345 236.650498    0.02389     1.4333     86.000  1023.9660  48916.746    31.1240     19.818    6.42915    10.3158    10.3159    23.8754   11.63325 5.1174e-01     20.006 0.0000e+00
        346 236.650501    0.02396     1.4375     86.250  1023.9707  48923.295    31.1286     20.098    6.42879    10.3165    10.3171    23.8789   11.63259 4.8403e-01     20.288 0.0000e+00
        347 236.650503    0.02403     1.4417     86.500  1023.9746  48928.198    31.1321     20.387    6.42850    10.3169    10.3181    23.8814   11.63208 4.5762e-01     20.580 0.0000e+00
        348 236.650506    0.02410     1.4458     86.750  1023.9777  48931.761    31.1346     20.682    6.42830    10.3171    10.3189    23.8832   11.63171 4.3264e-01     20.878 0.0000e+00
        349 236.650509    0.02417     1.4500     87.000  1023.9805  48934.532    31.1365     20.981    6.42816    10.3171    10.3193    23.8846   11.63146 4.0876e-01     21.179 0.0000e+00
        350 236.650512    0.02424     1.4542     87.250  1023.9831  48937.095    31.1382     21.277    6.42806    10.3170    10.3195    23.8859   11.63128 3.8626e-01     21.479 0.0000e+00
        351 236.650515    0.02431     1.4583     87.500  1023.9858  48939.641    31.1399     21.572    6.42799    10.3168    10.3195    23.8872   11.63113 3.6562e-01     21.776 0.0000e+00
        352 236.650518    0.02438     1.4625     87.750  1023.9883  48942.059    31.1415     21.866    6.42794    10.3165    10.3194    23.8885   11.63103 3.4617e-01     22.073 0.0000e+00
        353 236.650521    0.02444     1.4667     88.000  1023.9908  48944.223    31.1428     22.163    6.42791    10.3162    10.3192    23.8896   11.63096 3.2708e-01     22.373 0.0000e+00
        354 236.650524    0.02451     1.4708     88.250  1023.9932  48946.236    31.1441     22.463    6.42789    10.3159    10.3190    23.8906   11.63092 3.0879e-01     22.675 0.0000e+00
        355 236.650527    0.02458     1.4750     88.500  1023.9957  48948.332    31.1454     22.761    6.42787    10.3157    10.3188    23.8917   11.63087 2.9196e-01     22.976 0.0000e+00
        356 236.650530    0.02465     1.4792     88.750  1023.9982  48950.616    31.1469     23.052    6.42784    10.3156    10.3186    23.8929   11.63080 2.7667e-01     23.270 0.0000e+00
        357 236.650532    0.02472     1.4833     89.000  1024.0009  48953.377    31.1487     23.331    6.42779    10.3155    10.3184    23.8943   11.63070 2.6284e-01     23.552 0.0000e+00
        358 236.650535    0.02479     1.4875     89.250  1024.0040  48956.912    31.1510     23.595    6.42771    10.3154    10.3183    23.8962   11.63054 2.5028e-01     23.819 0.0000e+00
        359 236.650538    0.02486     1.4917     89.500  1024.0073  48960.927    31.1538     23.842    6.42761    10.3153    10.3182    23.8983   11.63034 2.3908e-01     24.068 0.0000e+00
        360 236.650541    0.02493     1.4958     89.750  1024.0106  48965.152    31.1567     24.073    6.42749    10.3152    10.3182    23.9006   11.63012 2.2920e-01     24.302 0.0000e+00
        361 236.650544    0.02500     1.5000     90.000  1024.0140  48969.639    31.1597     24.291    6.42737    10.3151    10.3181    23.9030   11.62988 2.2028e-01     24.522 0.0000e+00
        362 236.650547    0.02507     1.5042     90.250  1024.0175  48974.461    31.1630     24.501    6.42725    10.3150    10.3180    23.9056   11.62963 2.1211e-01     24.734 0.0000e+00
        363 236.650550    0.02514     1.5083     90.500  1024.0212  48979.533    31.1665     24.705    6.42712    10.3148    10.3179    23.9083   11.62938 2.0460e-01     24.940 0.0000e+00
        364 236.650553    0.02521     1.5125     90.750  1024.0247  48984.303    31.1698     24.909    6.42701    10.3146    10.3178    23.9109   11.62915 1.9743e-01     25.146 0.0000e+00
        365 236.650556    0.02528     1.5167     91.000  1024.0277  48988.192    31.1724     25.119    6.42691    10.3141    10.3177    23.9130   11.62896 1.9034e-01     25.358 0.0000e+00
        366 236.650558    0.02535     1.5208     91.250  1024.0303  48991.109    31.1744     25.340    6.42686    10.3133    10.3175    23.9145   11.62885 1.8332e-01     25.581 0.0000e+00
        367 236.650561    0.02542     1.5250     91.500  1024.0326  48993.466    31.1759     25.572    6.42686    10.3122    10.3170    23.9158   11.62883 1.7635e-01     25.814 0.0000e+00
        368 236.650564    0.02549     1.5292     91.750  1024.0349  48995.717    31.1773     25.811    6.42691    10.3106    10.3162    23.9170   11.62890 1.6939e-01     26.056 0.0000e+00
        369 236.650567    0.02556     1.5333     92.000  1024.0373  48997.998    31.1786     26.053    6.42701    10.3086    10.3151    23.9182   11.62905 1.6255e-01     26.300 0.0000e+00
        370 236.650570    0.02562     1.5375     92.250  1024.0398  49000.425    31.1801     26.293    6.42717    10.3061    10.3136    23.9196   11.62929 1.5610e-01     26.543 0.0000e+00
        371 236.650573    0.02569     1.5417     92.500  1024.0424  49003.210    31.1817     26.529    6.42738    10.3031    10.3116    23.9212   11.62962 1.5028e-01     26.781 0.0000e+00
        372 236.650576    0.02576     1.5458     92.750  1024.0453  49006.279    31.1835     26.761    6.42765    10.2992    10.3091    23.9230   11.63006 1.4499e-01     27.015 0.0000e+00
        373 236.650579    0.02583     1.5500     93.000  1024.0481  49009.206    31.1851     26.993    6.42801    10.2940    10.3061    23.9248   11.63064 1.4004e-01     27.249 0.0000e+00
        374 236.650582    0.02590     1.5542     93.250  1024.0507  49011.583    31.1862     27.230    6.42850    10.2867    10.3022    23.9263   11.63144 1.3533e-01     27.488 0.0000e+00
        375 236.650584    0.02597     1.5583     93.500  1024.0529  49013.080    31.1865     27.474    6.42921    10.2764    10.2971    23.9274   11.63261 1.3070e-01     27.735 0.0000e+00
        376 236.650587    0.02604     1.5625     93.750  1024.0548  49013.579    31.1858     27.725    6.43026    10.2631    10.2897    23.9281   11.63436 1.2606e-01     27.988 0.0000e+00
        377 236.650590    0.02611     1.5667     94.000  1024.0571  49014.528    31.1852     27.977    6.43173    10.2477    10.2795    23.9293   11.63679 1.2152e-01     28.243 0.0000e+00
        378 236.650593    0.02618     1.5708     94.250  1024.0610  49018.071    31.1859     28.230    6.43355    10.2314    10.2663    23.9321   11.63981 1.1721e-01     28.498 0.0000e+00
        379 236.650596    0.02625     1.5750     94.500  1024.0671  49025.158    31.1889     28.483    6.43559    10.2162    10.2508    23.9370   11.64315 1.1308e-01     28.753 0.0000e+00
        380 236.650599    0.02632     1.5792     94.750  1024.0760  49037.292    31.1954     28.737    6.43759    10.2039    10.2346    23.9447   11.64639 1.0912e-01     29.010 0.0000e+00
        381 236.650602    0.02639     1.5833     95.000  1024.0884  49055.871    31.2065     28.988    6.43927    10.1961    10.2194    23.9559   11.64903 1.0533e-01     29.264 0.0000e+00
        382 236.650605    0.02646     1.5875     95.250  1024.1028  49078.599    31.2210     29.235    6.44039    10.1925    10.2072    23.9692   11.65072 1.0169e-01     29.513 0.0000e+00
        383 236.650608    0.02653     1.5917     95.500  1024.1157  49099.160    31.2344     29.477    6.44094    10.1920    10.1994    23.9809   11.65147 9.8299e-02     29.757 0.0000e+00
        384 236.650611    0.02660     1.5958     95.750  1024.1245  49112.927    31.2436     29.717    6.44105    10.1933    10.1958    23.9887   11.65155 9.5232e-02     29.999 0.0000e+00
        385 236.650613    0.02667     1.6000     96.000  1024.1303  49121.635    31.2496     29.954    6.44087    10.1959    10.1954    23.9934   11.65118 9.2455e-02     30.239 0.0000e+00
        386 236.650616    0.02674     1.6042     96.250  1024.1354  49129.141    31.2550     30.189    6.44046    10.1999    10.1967    23.9974   11.65044 8.9866e-02     30.476 0.0000e+00
        387 236.650619    0.02681     1.6083     96.500  1024.1410  49137.898    31.2614     30.418    6.43983    10.2053    10.1993    24.0020   11.64931 8.7465e-02     30.707 0.0000e+00
        388 236.650622    0.02688     1.6125     96.750  1024.1469  49147.305    31.2684     30.639    6.43898    10.2114    10.2033    24.0068   11.64781 8.5282e-02     30.930 0.0000e+00
        389 236.650625    0.02694     1.6167     97.000  1024.1509  49153.713    31.2735     30.852    6.43801    10.2173    10.2087    24.0099   11.64615 8.3286e-02     31.146 0.0000e+00
        390 236.650628    0.02701     1.6208     97.250  1024.1527  49156.130    31.2759     31.060    6.43705    10.2225    10.2149    24.0108   11.64453 8.1443e-02     31.356 0.0000e+00
        391 236.650631    0.02708     1.6250     97.500  1024.1536  49156.895    31.2771     31.267    6.43617    10.2272    10.2208    24.0107   11.64306 7.9730e-02     31.564 0.0000e+00
        392 236.650634    0.02715     1.6292     97.750  1024.1547  49157.985    31.2784     31.477    6.43538    10.2315    10.2260    24.0109   11.64173 7.8104e-02     31.776 0.0000e+00
        393 236.650637    0.02722     1.6333     98.000  1024.1563  49159.725    31.2802     31.693    6.43466    10.2355    10.2307    24.0114   11.64051 7.6548e-02     31.995 0.0000e+00
        394 236.650639    0.02729     1.6375     98.250  1024.1578  49161.339    31.2817     31.919    6.43399    10.2394    10.2350    24.0120   11.63938 7.5063e-02     32.223 0.0000e+00
        395 236.650642    0.02736     1.6417     98.500  1024.1595  49163.172    31.2834     32.151    6.43334    10.2433    10.2391    24.0126   11.63830 7.3639e-02     32.457 0.0000e+00
        396 236.650645    0.02743     1.6458     98.750  1024.1615  49165.484    31.2854     32.390    6.43271    10.2471    10.2430    24.0135   11.63723 7.2320e-02     32.698 0.0000e+00
        397 236.650648    0.02750     1.6500     99.000  1024.1631  49167.010    31.2869     32.632    6.43210    10.2505    10.2470    24.0140   11.63620 7.1113e-02     32.943 0.0000e+00
        398 236.650651    0.02757     1.6542     99.250  1024.1643  49167.775    31.2878     32.876    6.43153    10.2535    10.2508    24.0141   11.63524 6.9978e-02     33.189 0.0000e+00
        399 236.650654    0.02764     1.6583     99.500  1024.1654  49168.391    31.2885     33.117    6.43101    10.2558    10.2543    24.0141   11.63438 6.8941e-02     33.432 0.0000e+00
        400 236.650657    0.02771     1.6625     99.750  1024.1661  49168.251    31.2887     33.355    6.43059    10.2572    10.2572    24.0138   11.63367 6.8006e-02     33.672 0.0000e+00
        401 236.650660    0.02778     1.6667    100.000  1024.1664  49167.241    31.2882     33.588    6.43028    10.2574    10.2596    24.0130   11.63317 6.7141e-02     33.908 0.0000e+00
        402 236.650663    0.02785     1.6708    100.250  1024.1666  49165.942    31.2874     33.820    6.43012    10.2561    10.2610    24.0121   11.63291 6.6339e-02     34.142 0.0000e+00
        403 236.650666    0.02792     1.6750    100.500  1024.1669  49164.773    31.2865     34.054    6.43013    10.2531    10.2612    24.0113   11.63293 6.5590e-02     34.378 0.0000e+00
        404 236.650668    0.02799     1.6792    100.750  1024.1676  49164.008    31.2857     34.292    6.43034    10.2487    10.2599    24.0110   11.63329 6.4845e-02     34.619 0.0000e+00
        405 236.650671    0.02806     1.6833    101.000  1024.1691  49164.487    31.2855     34.536    6.43075    10.2435    10.2570    24.0114   11.63398 6.4065e-02     34.864 0.0000e+00
        406 236.650674    0.02813     1.6875    101.250  1024.1718  49166.948    31.2866     34.782    6.43132    10.2381    10.2526    24.0129   11.63491 6.3279e-02     35.113 0.0000e+00
        407 236.650677    0.02819     1.6917    101.500  1024.1751  49170.366    31.2883     35.030    6.43197    10.2325    10.2475    24.0151   11.63597 6.2558e-02     35.363 0.0000e+00
        408 236.650680    0.02826     1.6958    101.750  1024.1780  49173.087    31.2894     35.276    6.43268    10.2263    10.2421    24.0169   11.63712 6.1893e-02     35.612 0.0000e+00
        409 236.650683    0.02833     1.7000    102.000  1024.1804  49174.839    31.2899     35.516    6.43345    10.2194    10.2365    24.0182   11.63839 6.1246e-02     35.854 0.0000e+00
        410 236.650686    0.02840     1.7042    102.250  1024.1828  49176.482    31.2902     35.748    6.43430    10.2116    10.2303    24.0194   11.63980 6.0646e-02     36.088 0.0000e+00
        411 236.650689    0.02847     1.7083    102.500  1024.1849  49177.716    31.2901     35.978    6.43527    10.2028    10.2234    24.0205   11.64141 6.0100e-02     36.320 0.0000e+00
        412 236.650692    0.02854     1.7125    102.750  1024.1869  49178.539    31.2896     36.209    6.43638    10.1935    10.2157    24.0214   11.64325 5.9571e-02     36.553 0.0000e+00
        413 236.650694    0.02861     1.7167    103.000  1024.1900  49181.250    31.2903     36.443    6.43758    10.1844    10.2069    24.0235   11.64524 5.9055e-02     36.789 0.0000e+00
        414 236.650697    0.02868     1.7208    103.250  1024.1945  49186.439    31.2928     36.680    6.43879    10.1760    10.1976    24.0269   11.64721 5.8551e-02     37.029 0.0000e+00
        415 236.650700    0.02875     1.7250    103.500  1024.1992  49191.976    31.2955     36.924    6.43994    10.1679    10.1885    24.0304   11.64909 5.8063e-02     37.276 0.0000e+00
        416 236.650703    0.02882     1.7292    103.750  1024.2033  49196.383    31.2974     37.179    6.44104    10.1597    10.1801    24.0334   11.65089 5.7585e-02     37.533 0.0000e+00
        417 236.650706    0.02889     1.7333    104.000  1024.2069  49199.969    31.2988     37.445    6.44212    10.1515    10.1720    24.0358   11.65266 5.7090e-02     37.801 0.0000e+00
        418 236.650709    0.02896     1.7375    104.250  1024.2108  49203.851    31.3004     37.717    6.44320    10.1436    10.1639    24.0384   11.65442 5.6615e-02     38.077 0.0000e+00
        419 236.650712    0.02903     1.7417    104.500  1024.2151  49208.525    31.3026     37.991    6.44426    10.1362    10.1557    24.0414   11.65615 5.6190e-02     38.353 0.0000e+00
        420 236.650715    0.02910     1.7458    104.750  1024.2194  49213.226    31.3048     38.261    6.44527    10.1291    10.1479    24.0445   11.65780 5.5775e-02     38.626 0.0000e+00
        421 236.650718    0.02917     1.7500    105.000  1024.2231  49217.037    31.3065     38.529    6.44623    10.1221    10.1405    24.0470   11.65939 5.5364e-02     38.896 0.0000e+00
        422 236.650720    0.02924     1.7542    105.250  1024.2263  49219.917    31.3075     38.794    6.44718    10.1149    10.1335    24.0490   11.66095 5.4987e-02     39.163 0.0000e+00
        423 236.650723    0.02931     1.7583    105.500  1024.2290  49222.025    31.3080     39.054    6.44815    10.1071    10.1265    24.0505   11.66253 5.4648e-02     39.426 0.0000e+00
        424 236.650726    0.02937     1.7625    105.750  1024.2314  49223.362    31.3080     39.311    6.44917    10.0981    10.1193    24.0516   11.66422 5.4322e-02     39.685 0.0000e+00
        425 236.650729    0.02944     1.7667    106.000  1024.2331  49223.599    31.3070     39.567    6.45030    10.0870    10.1115    24.0522   11.66611 5.4038e-02     39.944 0.0000e+00
