CTD-processing/allCTD/CNV--homogene/2017_05-30_t9_s05_cast171.cnv
* Sea-Bird SBE19plus Data File:
* FileName = C:\Users\jwschloemer\Documents\CTD Data\2017_05_30_T9\2017_05_30_T9_cast166171.hex
* Software Version 1.59
* Temperature SN =  4141
* Conductivity SN =  4141
* System UpLoad Time = Jun 21 2017 14:37:59
** Cook Inlet LTM Kbay Transect 9
** Date: 2017-05-30
** Station:9-05
** Start Time (AKST):13:22
** Depth (m):93
** Comment: R/V Edgecumbe
# nquan = 17
# nvalues = 886                         
# units = specified
# name 0 = scan: Scan Count
# name 1 = timeJ: Julian Days
# name 2 = timeH: Time, Elapsed [hours]
# name 3 = timeM: Time, Elapsed [minutes]
# name 4 = timeS: Time, Elapsed [seconds]
# name 5 = density00: Density [density, kg/m^3]
# name 6 = specc: Specific Conductance [uS/cm]
# name 7 = sal00: Salinity, Practical [PSU]
# name 8 = depSM: Depth [salt water, m], lat = 59.00
# name 9 = oxsolML/L: Oxygen Saturation, Garcia & Gordon [ml/l]
# name 10 = potemp090C: Potential Temperature [ITS-90, deg C]
# name 11 = tv290C: Temperature [ITS-90, deg C]
# name 12 = sigma-é00: Density [sigma-theta, kg/m^3]
# name 13 = n2satML/L: Nitrogen Saturation [ml/l]
# name 14 = par: PAR/Irradiance, Biospherical/Licor
# name 15 = prdM: Pressure, Strain Gauge [db]
# name 16 = flag:  0.000e+00
# span 0 =          1,        886       
# span 1 = 150.555069, 150.557630       
# span 2 =    0.00000,    0.06146       
# span 3 =     0.0000,     3.6875       
# span 4 =      0.000,    221.250       
# span 5 =  1000.6473,  1025.5130       
# span 6 =   2015.737,  51117.869       
# span 7 =     1.0110,    31.8891       
# span 8 =      0.018,     80.825       
# span 9 =    6.76774,    8.25711       
# span 10 =     5.6260,     8.1857      
# span 11 =     5.6317,     8.1858      
# span 12 =     0.6471,    25.1364      
# span 13 =   12.20160,   15.09433      
# span 14 = 3.9380e-02, 1.3318e+03      
# span 15 =      0.018,     81.604      
# span 16 = 0.0000e+00, 0.0000e+00      
# interval = seconds: 0.25
# start_time = May 30 2017 13:19:18 [Instrument's time stamp, header]
# bad_flag = -9.990e-29
*END*
[from data line 256]
        257 150.555810    0.01778     1.0667     64.000  1023.7405  48459.991    30.5129      0.843    6.77874     8.1100     8.1098    23.7366   12.21963 6.8079e+01      0.851 0.0000e+00
        258 150.555813    0.01785     1.0708     64.250  1023.7415  48461.798    30.5141      0.837    6.77873     8.1125     8.1095    23.7376   12.21959 6.8399e+01      0.845 0.0000e+00
        259 150.555816    0.01792     1.0750     64.500  1023.7420  48462.667    30.5148      0.847    6.77861     8.1170     8.1101    23.7380   12.21939 6.9612e+01      0.855 0.0000e+00
        260 150.555819    0.01799     1.0792     64.750  1023.7408  48460.441    30.5136      0.869    6.77827     8.1221     8.1126    23.7367   12.21885 7.1099e+01      0.877 0.0000e+00
        261 150.555822    0.01806     1.0833     65.000  1023.7375  48454.370    30.5100      0.889    6.77773     8.1257     8.1171    23.7333   12.21800 7.2165e+01      0.897 0.0000e+00
        262 150.555825    0.01812     1.0875     65.250  1023.7332  48446.737    30.5055      0.896    6.77715     8.1266     8.1222    23.7290   12.21709 7.1994e+01      0.905 0.0000e+00
        263 150.555828    0.01819     1.0917     65.500  1023.7301  48441.398    30.5023      0.887    6.77674     8.1251     8.1258    23.7260   12.21645 7.0331e+01      0.895 0.0000e+00
        264 150.555830    0.01826     1.0958     65.750  1023.7296  48440.602    30.5019      0.867    6.77663     8.1227     8.1267    23.7256   12.21627 6.8305e+01      0.875 0.0000e+00
        265 150.555833    0.01833     1.1000     66.000  1023.7314  48443.925    30.5040      0.848    6.77678     8.1212     8.1251    23.7275   12.21649 6.7366e+01      0.856 0.0000e+00
        266 150.555836    0.01840     1.1042     66.250  1023.7343  48449.133    30.5073      0.841    6.77699     8.1212     8.1228    23.7304   12.21680 6.7784e+01      0.849 0.0000e+00
        267 150.555839    0.01847     1.1083     66.500  1023.7367  48453.552    30.5101      0.849    6.77710     8.1227     8.1212    23.7328   12.21695 6.8941e+01      0.856 0.0000e+00
        268 150.555842    0.01854     1.1125     66.750  1023.7376  48455.040    30.5112      0.865    6.77705     8.1244     8.1213    23.7336   12.21685 7.0192e+01      0.872 0.0000e+00
        269 150.555845    0.01861     1.1167     67.000  1023.7365  48453.034    30.5100      0.880    6.77688     8.1252     8.1228    23.7325   12.21658 7.1063e+01      0.888 0.0000e+00
        270 150.555848    0.01868     1.1208     67.250  1023.7346  48449.462    30.5077      0.887    6.77671     8.1243     8.1245    23.7305   12.21632 7.1173e+01      0.895 0.0000e+00
        271 150.555851    0.01875     1.1250     67.500  1023.7334  48447.351    30.5064      0.883    6.77664     8.1220     8.1253    23.7293   12.21624 7.0652e+01      0.891 0.0000e+00
        272 150.555854    0.01882     1.1292     67.750  1023.7339  48448.269    30.5069      0.873    6.77676     8.1194     8.1244    23.7298   12.21643 7.0152e+01      0.881 0.0000e+00
        273 150.555856    0.01889     1.1333     68.000  1023.7358  48451.692    30.5089      0.865    6.77703     8.1174     8.1221    23.7318   12.21685 7.0039e+01      0.873 0.0000e+00
        274 150.555859    0.01896     1.1375     68.250  1023.7382  48455.945    30.5115      0.862    6.77732     8.1164     8.1195    23.7341   12.21729 7.0277e+01      0.870 0.0000e+00
        275 150.555862    0.01903     1.1417     68.500  1023.7401  48459.393    30.5136      0.866    6.77753     8.1160     8.1175    23.7361   12.21761 7.0614e+01      0.874 0.0000e+00
        276 150.555865    0.01910     1.1458     68.750  1023.7411  48461.128    30.5147      0.872    6.77764     8.1161     8.1165    23.7371   12.21778 7.0907e+01      0.880 0.0000e+00
        277 150.555868    0.01917     1.1500     69.000  1023.7411  48461.047    30.5146      0.875    6.77770     8.1162     8.1161    23.7370   12.21788 7.1225e+01      0.883 0.0000e+00
        278 150.555871    0.01924     1.1542     69.250  1023.7404  48459.933    30.5138      0.873    6.77772     8.1160     8.1162    23.7364   12.21793 7.1167e+01      0.881 0.0000e+00
        279 150.555874    0.01931     1.1583     69.500  1023.7399  48458.909    30.5131      0.867    6.77774     8.1153     8.1162    23.7359   12.21797 7.0469e+01      0.876 0.0000e+00
        280 150.555877    0.01938     1.1625     69.750  1023.7397  48458.646    30.5129      0.862    6.77778     8.1142     8.1160    23.7357   12.21805 6.9718e+01      0.870 0.0000e+00
        281 150.555880    0.01944     1.1667     70.000  1023.7401  48459.391    30.5133      0.862    6.77787     8.1132     8.1153    23.7361   12.21819 6.9494e+01      0.870 0.0000e+00
        282 150.555883    0.01951     1.1708     70.250  1023.7411  48461.046    30.5143      0.870    6.77799     8.1124     8.1143    23.7371   12.21837 6.9872e+01      0.878 0.0000e+00
        283 150.555885    0.01958     1.1750     70.500  1023.7422  48462.980    30.5155      0.884    6.77809     8.1118     8.1133    23.7381   12.21853 7.0367e+01      0.893 0.0000e+00
        284 150.555888    0.01965     1.1792     70.750  1023.7431  48464.357    30.5163      0.897    6.77818     8.1113     8.1125    23.7389   12.21866 7.0330e+01      0.906 0.0000e+00
        285 150.555891    0.01972     1.1833     71.000  1023.7435  48465.009    30.5167      0.901    6.77825     8.1106     8.1119    23.7393   12.21877 6.9775e+01      0.910 0.0000e+00
        286 150.555894    0.01979     1.1875     71.250  1023.7438  48465.655    30.5171      0.894    6.77831     8.1094     8.1114    23.7397   12.21886 6.9342e+01      0.902 0.0000e+00
        287 150.555897    0.01986     1.1917     71.500  1023.7445  48467.073    30.5179      0.879    6.77839     8.1080     8.1107    23.7405   12.21898 6.9286e+01      0.888 0.0000e+00
        288 150.555900    0.01993     1.1958     71.750  1023.7459  48469.587    30.5195      0.866    6.77850     8.1068     8.1095    23.7419   12.21915 6.9633e+01      0.874 0.0000e+00
        289 150.555903    0.02000     1.2000     72.000  1023.7478  48473.128    30.5218      0.860    6.77861     8.1061     8.1081    23.7438   12.21931 7.0420e+01      0.869 0.0000e+00
        290 150.555906    0.02007     1.2042     72.250  1023.7502  48477.505    30.5246      0.864    6.77866     8.1058     8.1069    23.7462   12.21936 7.1048e+01      0.873 0.0000e+00
        291 150.555909    0.02014     1.2083     72.500  1023.7532  48482.843    30.5282      0.876    6.77861     8.1057     8.1062    23.7492   12.21923 7.1419e+01      0.884 0.0000e+00
        292 150.555911    0.02021     1.2125     72.750  1023.7565  48488.707    30.5323      0.889    6.77849     8.1057     8.1059    23.7524   12.21897 7.2103e+01      0.897 0.0000e+00
        293 150.555914    0.02028     1.2167     73.000  1023.7590  48493.196    30.5354      0.897    6.77836     8.1051     8.1058    23.7548   12.21872 7.2948e+01      0.906 0.0000e+00
        294 150.555917    0.02035     1.2208     73.250  1023.7599  48494.962    30.5366      0.896    6.77831     8.1034     8.1058    23.7558   12.21863 7.3390e+01      0.904 0.0000e+00
        295 150.555920    0.02042     1.2250     73.500  1023.7598  48494.790    30.5364      0.885    6.77841     8.1005     8.1052    23.7557   12.21879 7.3484e+01      0.893 0.0000e+00
        296 150.555923    0.02049     1.2292     73.750  1023.7596  48494.502    30.5360      0.868    6.77869     8.0966     8.1035    23.7556   12.21926 7.3678e+01      0.876 0.0000e+00
        297 150.555926    0.02056     1.2333     74.000  1023.7600  48495.231    30.5360      0.856    6.77913     8.0921     8.1006    23.7561   12.21999 7.4244e+01      0.863 0.0000e+00
        298 150.555929    0.02063     1.2375     74.250  1023.7611  48496.953    30.5367      0.853    6.77970     8.0875     8.0967    23.7571   12.22093 7.5596e+01      0.861 0.0000e+00
        299 150.555932    0.02069     1.2417     74.500  1023.7627  48499.600    30.5378      0.862    6.78034     8.0831     8.0922    23.7586   12.22196 7.7590e+01      0.870 0.0000e+00
        300 150.555935    0.02076     1.2458     74.750  1023.7647  48503.107    30.5396      0.875    6.78098     8.0794     8.0876    23.7606   12.22300 7.8889e+01      0.883 0.0000e+00
        301 150.555938    0.02083     1.2500     75.000  1023.7670  48506.972    30.5416      0.883    6.78156     8.0766     8.0832    23.7628   12.22393 7.8446e+01      0.891 0.0000e+00
        302 150.555940    0.02090     1.2542     75.250  1023.7692  48510.889    30.5438      0.881    6.78203     8.0749     8.0795    23.7651   12.22470 7.6967e+01      0.888 0.0000e+00
        303 150.555943    0.02097     1.2583     75.500  1023.7714  48514.922    30.5462      0.869    6.78237     8.0747     8.0767    23.7674   12.22522 7.6244e+01      0.877 0.0000e+00
        304 150.555946    0.02104     1.2625     75.750  1023.7737  48519.165    30.5489      0.856    6.78251     8.0767     8.0750    23.7697   12.22542 7.6958e+01      0.864 0.0000e+00
        305 150.555949    0.02111     1.2667     76.000  1023.7761  48523.494    30.5519      0.850    6.78240     8.0812     8.0748    23.7721   12.22520 7.8036e+01      0.858 0.0000e+00
        306 150.555952    0.02118     1.2708     76.250  1023.7783  48527.599    30.5551      0.855    6.78196     8.0892     8.0768    23.7743   12.22444 7.8668e+01      0.862 0.0000e+00
        307 150.555955    0.02125     1.2750     76.500  1023.7805  48531.682    30.5586      0.866    6.78110     8.1014     8.0813    23.7764   12.22297 7.8951e+01      0.874 0.0000e+00
        308 150.555958    0.02132     1.2792     76.750  1023.7827  48536.053    30.5628      0.879    6.77970     8.1185     8.0893    23.7786   12.22060 7.8474e+01      0.887 0.0000e+00
        309 150.555961    0.02139     1.2833     77.000  1023.7838  48538.494    30.5663      0.887    6.77766     8.1384     8.1015    23.7796   12.21717 7.6914e+01      0.895 0.0000e+00
        310 150.555964    0.02146     1.2875     77.250  1023.7807  48533.715    30.5655      0.886    6.77507     8.1571     8.1186    23.7766   12.21291 7.5049e+01      0.895 0.0000e+00
        311 150.555966    0.02153     1.2917     77.500  1023.7716  48517.894    30.5575      0.878    6.77236     8.1702     8.1385    23.7675   12.20851 7.3546e+01      0.886 0.0000e+00
        312 150.555969    0.02160     1.2958     77.750  1023.7583  48494.566    30.5440      0.865    6.77009     8.1762     8.1572    23.7544   12.20492 7.2531e+01      0.873 0.0000e+00
        313 150.555972    0.02167     1.3000     78.000  1023.7462  48472.983    30.5309      0.854    6.76866     8.1764     8.1703    23.7423   12.20272 7.2363e+01      0.862 0.0000e+00
        314 150.555975    0.02174     1.3042     78.250  1023.7384  48458.997    30.5221      0.850    6.76813     8.1728     8.1763    23.7345   12.20195 7.3097e+01      0.858 0.0000e+00
        315 150.555978    0.02181     1.3083     78.500  1023.7346  48451.983    30.5173      0.855    6.76831     8.1662     8.1765    23.7306   12.20230 7.4401e+01      0.863 0.0000e+00
        316 150.555981    0.02187     1.3125     78.750  1023.7330  48448.856    30.5146      0.867    6.76899     8.1565     8.1729    23.7290   12.20346 7.5644e+01      0.875 0.0000e+00
        317 150.555984    0.02194     1.3167     79.000  1023.7321  48446.757    30.5121      0.881    6.77011     8.1430     8.1663    23.7280   12.20535 7.5859e+01      0.889 0.0000e+00
        318 150.555987    0.02201     1.3208     79.250  1023.7313  48444.912    30.5093      0.890    6.77172     8.1256     8.1566    23.7272   12.20805 7.4826e+01      0.898 0.0000e+00
        319 150.555990    0.02208     1.3250     79.500  1023.7321  48445.795    30.5079      0.889    6.77386     8.1061     8.1430    23.7280   12.21161 7.3209e+01      0.897 0.0000e+00
        320 150.555992    0.02215     1.3292     79.750  1023.7366  48453.238    30.5105      0.879    6.77641     8.0873     8.1257    23.7325   12.21581 7.1700e+01      0.886 0.0000e+00
        321 150.555995    0.02222     1.3333     80.000  1023.7452  48468.276    30.5181      0.864    6.77907     8.0720     8.1062    23.7412   12.22012 7.0807e+01      0.871 0.0000e+00
        322 150.555998    0.02229     1.3375     80.250  1023.7560  48487.355    30.5286      0.853    6.78149     8.0618     8.0874    23.7521   12.22399 7.0738e+01      0.860 0.0000e+00
        323 150.556001    0.02236     1.3417     80.500  1023.7672  48507.236    30.5402      0.852    6.78334     8.0582     8.0721    23.7633   12.22691 7.1114e+01      0.860 0.0000e+00
        324 150.556004    0.02243     1.3458     80.750  1023.7779  48526.395    30.5520      0.863    6.78439     8.0610     8.0619    23.7739   12.22850 7.1491e+01      0.871 0.0000e+00
        325 150.556007    0.02250     1.3500     81.000  1023.7859  48540.657    30.5613      0.879    6.78453     8.0684     8.0583    23.7818   12.22862 7.1883e+01      0.888 0.0000e+00
        326 150.556010    0.02257     1.3542     81.250  1023.7890  48546.262    30.5657      0.893    6.78390     8.0778     8.0611    23.7848   12.22752 7.1948e+01      0.901 0.0000e+00
        327 150.556013    0.02264     1.3583     81.500  1023.7876  48544.097    30.5653      0.897    6.78278     8.0872     8.0685    23.7835   12.22567 7.1058e+01      0.905 0.0000e+00
        328 150.556016    0.02271     1.3625     81.750  1023.7837  48537.334    30.5620      0.891    6.78149     8.0956     8.0779    23.7796   12.22357 6.9800e+01      0.899 0.0000e+00
        329 150.556019    0.02278     1.3667     82.000  1023.7789  48528.934    30.5575      0.879    6.78024     8.1028     8.0873    23.7748   12.22155 6.9059e+01      0.887 0.0000e+00
        330 150.556021    0.02285     1.3708     82.250  1023.7742  48520.896    30.5532      0.868    6.77912     8.1091     8.0957    23.7702   12.21976 6.8738e+01      0.877 0.0000e+00
        331 150.556024    0.02292     1.3750     82.500  1023.7707  48514.695    30.5500      0.865    6.77816     8.1153     8.1029    23.7667   12.21821 6.8603e+01      0.874 0.0000e+00
        332 150.556027    0.02299     1.3792     82.750  1023.7687  48511.279    30.5485      0.870    6.77726     8.1224     8.1092    23.7646   12.21674 6.8284e+01      0.878 0.0000e+00
        333 150.556030    0.02306     1.3833     83.000  1023.7675  48509.416    30.5482      0.878    6.77632     8.1301     8.1154    23.7635   12.21518 6.7372e+01      0.887 0.0000e+00
        334 150.556033    0.02313     1.3875     83.250  1023.7659  48506.644    30.5473      0.887    6.77528     8.1377     8.1225    23.7618   12.21347 6.6263e+01      0.896 0.0000e+00
        335 150.556036    0.02319     1.3917     83.500  1023.7629  48501.535    30.5449      0.896    6.77420     8.1436     8.1302    23.7588   12.21171 6.5604e+01      0.904 0.0000e+00
        336 150.556039    0.02326     1.3958     83.750  1023.7584  48493.527    30.5404      0.901    6.77323     8.1460     8.1378    23.7542   12.21017 6.5158e+01      0.910 0.0000e+00
        337 150.556042    0.02333     1.4000     84.000  1023.7524  48482.820    30.5339      0.903    6.77262     8.1443     8.1437    23.7482   12.20923 6.4304e+01      0.911 0.0000e+00
        338 150.556045    0.02340     1.4042     84.250  1023.7472  48473.332    30.5276      0.899    6.77252     8.1408     8.1461    23.7430   12.20915 6.3167e+01      0.907 0.0000e+00
        339 150.556047    0.02347     1.4083     84.500  1023.7466  48472.316    30.5266      0.889    6.77283     8.1392     8.1444    23.7425   12.20967 6.2363e+01      0.897 0.0000e+00
        340 150.556050    0.02354     1.4125     84.750  1023.7508  48479.947    30.5314      0.878    6.77315     8.1406     8.1409    23.7468   12.21015 6.2099e+01      0.886 0.0000e+00
