CTD-processing/allCTD/CNV--homogene/2017_04-19_t7_s02_cast100.cnv
* Sea-Bird SBE19plus Data File:
* FileName = P:\My Documents\kasitsna\Research-KBL\Oceanography-AK\CTD-Data-ALL-to-2017-02\2017-CTD-KachemakBay-CookInlet\2017-04-19-CookInlet-Tran7-Augustine\2017-04-19-CookInlet-Tran7-cast100.hex
* Software Version 1.59
* Temperature SN =  4141
* Conductivity SN =  4141
* System UpLoad Time = Apr 19 2017 16:34:41
** Cook Inlet LTM Transect 7 Augustine west to east
** Date: 2017-04-19
** Station: (eg. 9-01): 7-02
** Start time (AKDT): 08:32
** Depth (m): 44.5
** Comment: R/V Alaska Dreamcatcher
** Comment:
# nquan = 17
# nvalues = 420                         
# units = specified
# name 0 = scan: Scan Count
# name 1 = timeJ: Julian Days
# name 2 = timeH: Time, Elapsed [hours]
# name 3 = timeM: Time, Elapsed [minutes]
# name 4 = timeS: Time, Elapsed [seconds]
# name 5 = density00: Density [density, kg/m^3]
# name 6 = specc: Specific Conductance [uS/cm]
# name 7 = sal00: Salinity, Practical [PSU]
# name 8 = depSM: Depth [salt water, m], lat = 59.00
# name 9 = oxsolML/L: Oxygen Saturation, Garcia & Gordon [ml/l]
# name 10 = potemp090C: Potential Temperature [ITS-90, deg C]
# name 11 = tv290C: Temperature [ITS-90, deg C]
# name 12 = sigma-é00: Density [sigma-theta, kg/m^3]
# name 13 = n2satML/L: Nitrogen Saturation [ml/l]
# name 14 = par: PAR/Irradiance, Biospherical/Licor
# name 15 = prdM: Pressure, Strain Gauge [db]
# name 16 = flag:  0.000e+00
# span 0 =          1,        420       
# span 1 = 109.355671, 109.356884       
# span 2 =    0.00000,    0.02910       
# span 3 =     0.0000,     1.7458       
# span 4 =      0.000,    104.750       
# span 5 =  1000.2927,  1025.4573       
# span 6 =    854.594,  51633.102       
# span 7 =     0.4061,    31.7465       
# span 8 =     -0.059,     44.449       
# span 9 =    7.44660,    8.91749       
# span 10 =     3.3060,     5.0287      
# span 11 =     3.3068,     5.0287      
# span 12 =     0.2930,    25.2516      
# span 13 =   13.31134,   16.21685      
# span 14 = 7.2121e-02, 5.2191e+02      
# span 15 =     -0.059,     44.874      
# span 16 = 0.0000e+00, 0.0000e+00      
# interval = seconds: 0.25
# start_time = Apr 19 2017 08:32:10 [Instrument's time stamp, header]
# bad_flag = -9.990e-29
*END*
[from data line 171]
        172 109.356166    0.01188     0.7125     42.750  1024.9747  50995.794    31.4416      0.862    7.44822     3.8407     3.8500    24.9707   13.31426 5.7350e+01      0.870 0.0000e+00
        173 109.356169    0.01194     0.7167     43.000  1024.9773  51001.152    31.4441      0.879    7.44893     3.8367     3.8454    24.9731   13.31540 5.6166e+01      0.887 0.0000e+00
        174 109.356172    0.01201     0.7208     43.250  1024.9821  51010.762    31.4496      0.892    7.44950     3.8334     3.8407    24.9779   13.31627 5.5401e+01      0.901 0.0000e+00
        175 109.356175    0.01208     0.7250     43.500  1024.9874  51021.302    31.4558      0.901    7.44990     3.8310     3.8368    24.9832   13.31686 5.5216e+01      0.910 0.0000e+00
        176 109.356178    0.01215     0.7292     43.750  1024.9920  51030.410    31.4612      0.906    7.45023     3.8296     3.8335    24.9878   13.31733 5.5244e+01      0.914 0.0000e+00
        177 109.356181    0.01222     0.7333     44.000  1024.9955  51037.178    31.4652      0.910    7.45047     3.8290     3.8310    24.9912   13.31768 5.5501e+01      0.918 0.0000e+00
        178 109.356183    0.01229     0.7375     44.250  1024.9974  51041.015    31.4675      0.916    7.45061     3.8283     3.8297    24.9931   13.31787 5.5881e+01      0.924 0.0000e+00
        179 109.356186    0.01236     0.7417     44.500  1024.9979  51041.891    31.4679      0.926    7.45070     3.8274     3.8290    24.9935   13.31802 5.6042e+01      0.935 0.0000e+00
        180 109.356189    0.01243     0.7458     44.750  1024.9975  51041.178    31.4672      0.942    7.45085     3.8265     3.8284    24.9930   13.31828 5.6102e+01      0.951 0.0000e+00
        181 109.356192    0.01250     0.7500     45.000  1024.9973  51040.738    31.4667      0.961    7.45105     3.8259     3.8274    24.9927   13.31861 5.6197e+01      0.970 0.0000e+00
        182 109.356195    0.01257     0.7542     45.250  1024.9977  51041.579    31.4670      0.978    7.45121     3.8259     3.8265    24.9931   13.31886 5.6097e+01      0.987 0.0000e+00
        183 109.356198    0.01264     0.7583     45.500  1024.9990  51043.919    31.4685      0.992    7.45124     3.8263     3.8259    24.9943   13.31890 5.5833e+01      1.001 0.0000e+00
        184 109.356201    0.01271     0.7625     45.750  1025.0007  51047.055    31.4707      1.000    7.45113     3.8269     3.8260    24.9960   13.31868 5.5601e+01      1.009 0.0000e+00
        185 109.356204    0.01278     0.7667     46.000  1025.0022  51049.775    31.4726      1.002    7.45095     3.8276     3.8264    24.9975   13.31836 5.5246e+01      1.012 0.0000e+00
        186 109.356207    0.01285     0.7708     46.250  1025.0033  51051.706    31.4740      1.001    7.45078     3.8289     3.8269    24.9986   13.31807 5.4690e+01      1.011 0.0000e+00
        187 109.356209    0.01292     0.7750     46.500  1025.0040  51052.772    31.4749      0.999    7.45060     3.8307     3.8277    24.9993   13.31776 5.4363e+01      1.009 0.0000e+00
        188 109.356212    0.01299     0.7792     46.750  1025.0039  51052.479    31.4751      0.998    7.45035     3.8320     3.8290    24.9992   13.31734 5.4703e+01      1.008 0.0000e+00
        189 109.356215    0.01306     0.7833     47.000  1025.0032  51050.841    31.4744      0.999    7.45007     3.8324     3.8307    24.9985   13.31689 5.5486e+01      1.009 0.0000e+00
        190 109.356218    0.01313     0.7875     47.250  1025.0021  51048.550    31.4732      1.003    7.44988     3.8318     3.8321    24.9974   13.31659 5.5946e+01      1.013 0.0000e+00
        191 109.356221    0.01319     0.7917     47.500  1025.0009  51046.231    31.4717      1.009    7.44988     3.8303     3.8325    24.9962   13.31661 5.5659e+01      1.018 0.0000e+00
        192 109.356224    0.01326     0.7958     47.750  1024.9999  51044.318    31.4702      1.015    7.45007     3.8282     3.8319    24.9951   13.31695 5.5110e+01      1.025 0.0000e+00
        193 109.356227    0.01333     0.8000     48.000  1024.9990  51042.903    31.4689      1.023    7.45042     3.8261     3.8303    24.9942   13.31753 5.4977e+01      1.033 0.0000e+00
        194 109.356230    0.01340     0.8042     48.250  1024.9982  51041.638    31.4675      1.032    7.45086     3.8240     3.8283    24.9933   13.31828 5.5194e+01      1.042 0.0000e+00
        195 109.356233    0.01347     0.8083     48.500  1024.9974  51040.432    31.4661      1.042    7.45133     3.8223     3.8261    24.9924   13.31907 5.5180e+01      1.052 0.0000e+00
        196 109.356236    0.01354     0.8125     48.750  1024.9968  51039.661    31.4651      1.054    7.45175     3.8209     3.8240    24.9918   13.31979 5.4660e+01      1.064 0.0000e+00
        197 109.356238    0.01361     0.8167     49.000  1024.9967  51039.678    31.4647      1.067    7.45209     3.8201     3.8223    24.9916   13.32035 5.4003e+01      1.077 0.0000e+00
        198 109.356241    0.01368     0.8208     49.250  1024.9971  51040.593    31.4650      1.080    7.45231     3.8200     3.8210    24.9920   13.32072 5.3669e+01      1.091 0.0000e+00
        199 109.356244    0.01375     0.8250     49.500  1024.9980  51042.281    31.4659      1.092    7.45240     3.8206     3.8202    24.9928   13.32086 5.3576e+01      1.102 0.0000e+00
        200 109.356247    0.01382     0.8292     49.750  1024.9992  51044.443    31.4674      1.100    7.45236     3.8218     3.8201    24.9939   13.32076 5.3316e+01      1.111 0.0000e+00
        201 109.356250    0.01389     0.8333     50.000  1025.0004  51046.615    31.4690      1.106    7.45218     3.8235     3.8206    24.9952   13.32044 5.2806e+01      1.116 0.0000e+00
        202 109.356253    0.01396     0.8375     50.250  1025.0014  51048.195    31.4704      1.108    7.45188     3.8252     3.8219    24.9962   13.31993 5.2444e+01      1.119 0.0000e+00
        203 109.356256    0.01403     0.8417     50.500  1025.0019  51048.802    31.4712      1.108    7.45153     3.8267     3.8236    24.9967   13.31935 5.2505e+01      1.118 0.0000e+00
        204 109.356259    0.01410     0.8458     50.750  1025.0020  51048.620    31.4715      1.105    7.45120     3.8277     3.8253    24.9968   13.31880 5.2643e+01      1.115 0.0000e+00
        205 109.356262    0.01417     0.8500     51.000  1025.0018  51048.065    31.4715      1.100    7.45094     3.8284     3.8268    24.9966   13.31836 5.2374e+01      1.111 0.0000e+00
        206 109.356264    0.01424     0.8542     51.250  1025.0014  51047.275    31.4712      1.094    7.45076     3.8286     3.8278    24.9963   13.31807 5.1891e+01      1.105 0.0000e+00
        207 109.356267    0.01431     0.8583     51.500  1025.0007  51045.973    31.4704      1.087    7.45068     3.8283     3.8284    24.9956   13.31795 5.1901e+01      1.098 0.0000e+00
        208 109.356270    0.01438     0.8625     51.750  1024.9994  51043.490    31.4688      1.078    7.45072     3.8273     3.8286    24.9943   13.31804 5.2678e+01      1.088 0.0000e+00
        209 109.356273    0.01444     0.8667     52.000  1024.9972  51039.670    31.4661      1.066    7.45091     3.8256     3.8284    24.9922   13.31839 5.3728e+01      1.076 0.0000e+00
        210 109.356276    0.01451     0.8708     52.250  1024.9949  51035.636    31.4632      1.051    7.45125     3.8234     3.8274    24.9899   13.31897 5.4286e+01      1.062 0.0000e+00
        211 109.356279    0.01458     0.8750     52.500  1024.9930  51032.588    31.4607      1.036    7.45169     3.8210     3.8256    24.9881   13.31974 5.3907e+01      1.046 0.0000e+00
        212 109.356282    0.01465     0.8792     52.750  1024.9917  51030.654    31.4588      1.022    7.45218     3.8188     3.8234    24.9869   13.32058 5.3141e+01      1.032 0.0000e+00
        213 109.356285    0.01472     0.8833     53.000  1024.9907  51029.406    31.4574      1.013    7.45268     3.8167     3.8211    24.9860   13.32142 5.3000e+01      1.023 0.0000e+00
        214 109.356288    0.01479     0.8875     53.250  1024.9901  51028.705    31.4564      1.011    7.45315     3.8149     3.8188    24.9854   13.32220 5.3311e+01      1.021 0.0000e+00
        215 109.356291    0.01486     0.8917     53.500  1024.9899  51028.638    31.4559      1.019    7.45356     3.8133     3.8167    24.9851   13.32288 5.3061e+01      1.029 0.0000e+00
        216 109.356293    0.01493     0.8958     53.750  1024.9900  51029.072    31.4557      1.036    7.45389     3.8119     3.8149    24.9852   13.32344 5.2002e+01      1.047 0.0000e+00
        217 109.356296    0.01500     0.9000     54.000  1024.9904  51029.804    31.4558      1.060    7.45417     3.8106     3.8133    24.9854   13.32390 5.0937e+01      1.070 0.0000e+00
        218 109.356299    0.01507     0.9042     54.250  1024.9909  51030.854    31.4562      1.086    7.45440     3.8094     3.8120    24.9858   13.32428 5.0443e+01      1.096 0.0000e+00
        219 109.356302    0.01514     0.9083     54.500  1024.9917  51032.373    31.4569      1.109    7.45461     3.8084     3.8107    24.9865   13.32461 5.0113e+01      1.120 0.0000e+00
        220 109.356305    0.01521     0.9125     54.750  1024.9928  51034.412    31.4580      1.127    7.45477     3.8076     3.8095    24.9875   13.32487 4.9710e+01      1.138 0.0000e+00
        221 109.356308    0.01528     0.9167     55.000  1024.9940  51036.836    31.4594      1.137    7.45489     3.8070     3.8085    24.9887   13.32504 4.9884e+01      1.148 0.0000e+00
        222 109.356311    0.01535     0.9208     55.250  1024.9954  51039.409    31.4609      1.138    7.45496     3.8067     3.8077    24.9900   13.32513 5.0932e+01      1.149 0.0000e+00
        223 109.356314    0.01542     0.9250     55.500  1024.9966  51041.851    31.4625      1.131    7.45498     3.8064     3.8071    24.9912   13.32515 5.2204e+01      1.142 0.0000e+00
        224 109.356317    0.01549     0.9292     55.750  1024.9976  51043.886    31.4638      1.119    7.45498     3.8061     3.8068    24.9923   13.32512 5.3176e+01      1.129 0.0000e+00
        225 109.356319    0.01556     0.9333     56.000  1024.9982  51045.255    31.4647      1.103    7.45498     3.8058     3.8065    24.9930   13.32511 5.3807e+01      1.113 0.0000e+00
        226 109.356322    0.01563     0.9375     56.250  1024.9984  51045.726    31.4649      1.089    7.45502     3.8053     3.8062    24.9933   13.32518 5.4024e+01      1.099 0.0000e+00
        227 109.356325    0.01569     0.9417     56.500  1024.9982  51045.400    31.4646      1.079    7.45510     3.8050     3.8058    24.9931   13.32532 5.3875e+01      1.089 0.0000e+00
        228 109.356328    0.01576     0.9458     56.750  1024.9978  51044.784    31.4641      1.075    7.45521     3.8049     3.8054    24.9927   13.32550 5.3819e+01      1.085 0.0000e+00
        229 109.356331    0.01583     0.9500     57.000  1024.9975  51044.337    31.4637      1.078    7.45530     3.8051     3.8050    24.9924   13.32564 5.4157e+01      1.088 0.0000e+00
        230 109.356334    0.01590     0.9542     57.250  1024.9974  51044.197    31.4636      1.086    7.45532     3.8057     3.8049    24.9923   13.32569 5.4512e+01      1.096 0.0000e+00
        231 109.356337    0.01597     0.9583     57.500  1024.9976  51044.344    31.4637      1.098    7.45527     3.8064     3.8052    24.9924   13.32561 5.4263e+01      1.109 0.0000e+00
        232 109.356340    0.01604     0.9625     57.750  1024.9979  51044.576    31.4640      1.117    7.45516     3.8070     3.8057    24.9926   13.32541 5.3399e+01      1.128 0.0000e+00
        233 109.356343    0.01611     0.9667     58.000  1024.9979  51044.223    31.4639      1.147    7.45502     3.8068     3.8065    24.9925   13.32519 5.2356e+01      1.158 0.0000e+00
        234 109.356345    0.01618     0.9708     58.250  1024.9972  51042.432    31.4628      1.199    7.45496     3.8052     3.8071    24.9916   13.32511 5.1220e+01      1.210 0.0000e+00
        235 109.356348    0.01625     0.9750     58.500  1024.9959  51039.318    31.4606      1.287    7.45511     3.8018     3.8069    24.9898   13.32539 4.9884e+01      1.299 0.0000e+00
        236 109.356351    0.01632     0.9792     58.750  1024.9951  51036.990    31.4585      1.423    7.45550     3.7967     3.8053    24.9883   13.32607 4.8389e+01      1.436 0.0000e+00
        237 109.356354    0.01639     0.9833     59.000  1024.9960  51037.921    31.4583      1.605    7.45613     3.7901     3.8019    24.9884   13.32711 4.6711e+01      1.621 0.0000e+00
        238 109.356357    0.01646     0.9875     59.250  1024.9988  51042.226    31.4599      1.819    7.45699     3.7827     3.7968    24.9902   13.32851 4.4796e+01      1.837 0.0000e+00
        239 109.356360    0.01653     0.9917     59.500  1025.0024  51048.254    31.4623      2.050    7.45806     3.7746     3.7903    24.9927   13.33024 4.2739e+01      2.070 0.0000e+00
        240 109.356363    0.01660     0.9958     59.750  1025.0061  51054.545    31.4646      2.289    7.45930     3.7658     3.7828    24.9953   13.33225 4.0663e+01      2.311 0.0000e+00
        241 109.356366    0.01667     1.0000     60.000  1025.0096  51060.709    31.4667      2.528    7.46068     3.7566     3.7747    24.9977   13.33449 3.8663e+01      2.552 0.0000e+00
        242 109.356369    0.01674     1.0042     60.250  1025.0132  51067.087    31.4688      2.763    7.46217     3.7471     3.7660    25.0001   13.33693 3.6806e+01      2.789 0.0000e+00
        243 109.356372    0.01681     1.0083     60.500  1025.0170  51074.013    31.4712      2.993    7.46374     3.7376     3.7568    25.0028   13.33949 3.5085e+01      3.021 0.0000e+00
        244 109.356374    0.01688     1.0125     60.750  1025.0211  51081.549    31.4739      3.217    7.46533     3.7282     3.7473    25.0059   13.34209 3.3511e+01      3.247 0.0000e+00
        245 109.356377    0.01694     1.0167     61.000  1025.0252  51089.170    31.4767      3.439    7.46693     3.7187     3.7379    25.0089   13.34468 3.2163e+01      3.471 0.0000e+00
        246 109.356380    0.01701     1.0208     61.250  1025.0291  51096.353    31.4791      3.661    7.46853     3.7094     3.7284    25.0118   13.34729 3.1095e+01      3.696 0.0000e+00
        247 109.356383    0.01708     1.0250     61.500  1025.0328  51103.264    31.4814      3.886    7.47014     3.7002     3.7190    25.0145   13.34991 3.0284e+01      3.922 0.0000e+00
        248 109.356386    0.01715     1.0292     61.750  1025.0367  51110.376    31.4838      4.114    7.47173     3.6912     3.7097    25.0173   13.35251 2.9642e+01      4.152 0.0000e+00
        249 109.356389    0.01722     1.0333     62.000  1025.0407  51117.668    31.4864      4.346    7.47327     3.6823     3.7005    25.0202   13.35503 2.9073e+01      4.386 0.0000e+00
        250 109.356392    0.01729     1.0375     62.250  1025.0445  51124.510    31.4888      4.583    7.47480     3.6729     3.6915    25.0228   13.35751 2.8497e+01      4.626 0.0000e+00
        251 109.356395    0.01736     1.0417     62.500  1025.0479  51130.460    31.4905      4.827    7.47636     3.6629     3.6826    25.0250   13.36006 2.7829e+01      4.873 0.0000e+00
        252 109.356398    0.01743     1.0458     62.750  1025.0511  51136.130    31.4920      5.080    7.47800     3.6526     3.6732    25.0270   13.36276 2.7016e+01      5.128 0.0000e+00
        253 109.356400    0.01750     1.0500     63.000  1025.0549  51142.923    31.4940      5.339    7.47972     3.6424     3.6633    25.0296   13.36557 2.6076e+01      5.390 0.0000e+00
        254 109.356403    0.01757     1.0542     63.250  1025.0596  51151.459    31.4971      5.605    7.48145     3.6326     3.6530    25.0330   13.36838 2.5074e+01      5.658 0.0000e+00
        255 109.356406    0.01764     1.0583     63.500  1025.0650  51161.293    31.5011      5.873    7.48312     3.6234     3.6428    25.0371   13.37109 2.4074e+01      5.928 0.0000e+00
