CTD-processing/allCTD/CNV--homogene/2017_09-22_alongbay_skb12_cast023.cnv
* Sea-Bird SBE19plus Data File:
* FileName = C:\Users\Kim.Powell\Desktop\Not Processed\2017\2017_09-22\2017_09-22_TRANSECT_STATION_cast023.hex
* Software Version 1.59
* Temperature SN =  4141
* Conductivity SN =  4141
* System UpLoad Time = Oct 11 2017 10:31:42
** 2017_09-22
** Station: KB12
** Start Time: 10:59
** Depth (m):74.7
** Comment:
** Comment:
# nquan = 17
# nvalues = 662                         
# units = specified
# name 0 = scan: Scan Count
# name 1 = timeJ: Julian Days
# name 2 = timeH: Time, Elapsed [hours]
# name 3 = timeM: Time, Elapsed [minutes]
# name 4 = timeS: Time, Elapsed [seconds]
# name 5 = density00: Density [density, kg/m^3]
# name 6 = specc: Specific Conductance [uS/cm]
# name 7 = sal00: Salinity, Practical [PSU]
# name 8 = depSM: Depth [salt water, m], lat = 59.00
# name 9 = oxsolML/L: Oxygen Saturation, Garcia & Gordon [ml/l]
# name 10 = potemp090C: Potential Temperature [ITS-90, deg C]
# name 11 = tv290C: Temperature [ITS-90, deg C]
# name 12 = sigma-é00: Density [sigma-theta, kg/m^3]
# name 13 = n2satML/L: Nitrogen Saturation [ml/l]
# name 14 = par: PAR/Irradiance, Biospherical/Licor
# name 15 = prdM: Pressure, Strain Gauge [db]
# name 16 = flag:  0.000e+00
# span 0 =          1,        662       
# span 1 = 265.457766, 265.459679       
# span 2 =    0.00000,    0.04590       
# span 3 =     0.0000,     2.7542       
# span 4 =      0.000,    165.250       
# span 5 =  1007.8990,  1023.4292       
# span 6 =  17277.666,  47653.283       
# span 7 =    10.5722,    30.3062       
# span 8 =      0.039,     72.788       
# span 9 =    6.34137,    7.35141       
# span 10 =    10.3472,    11.2983      
# span 11 =    10.3022,    11.3019      
# span 12 =     7.8989,    23.0989      
# span 13 =   11.50163,   13.44399      
# span 14 = 4.4905e-02, 6.1216e+01      
# span 15 =      0.040,     73.488      
# span 16 = 0.0000e+00, 0.0000e+00      
# interval = seconds: 0.25
# start_time = Sep 22 2017 10:59:11 [Instrument's time stamp, header]
# bad_flag = -9.990e-29
*END*
[from data line 511]
        512 265.459245    0.03549     2.1292    127.750  1023.2421  47539.723    30.2405     43.864    6.34610    11.1688    11.1775    23.0424   11.50604 4.6489e-02     44.283 0.0000e+00
        513 265.459248    0.03556     2.1333    128.000  1023.2450  47543.011    30.2426     44.065    6.34627    11.1674    11.1757    23.0443   11.50628 4.6389e-02     44.486 0.0000e+00
        514 265.459251    0.03562     2.1375    128.250  1023.2475  47545.788    30.2443     44.266    6.34642    11.1661    11.1741    23.0459   11.50651 4.6282e-02     44.689 0.0000e+00
        515 265.459253    0.03569     2.1417    128.500  1023.2498  47548.167    30.2457     44.466    6.34655    11.1649    11.1726    23.0472   11.50672 4.6175e-02     44.890 0.0000e+00
        516 265.459256    0.03576     2.1458    128.750  1023.2519  47550.281    30.2470     44.665    6.34667    11.1637    11.1714    23.0484   11.50691 4.6079e-02     45.091 0.0000e+00
        517 265.459259    0.03583     2.1500    129.000  1023.2540  47552.279    30.2482     44.864    6.34679    11.1625    11.1702    23.0496   11.50708 4.5990e-02     45.292 0.0000e+00
        518 265.459262    0.03590     2.1542    129.250  1023.2560  47554.248    30.2493     45.061    6.34690    11.1613    11.1690    23.0507   11.50726 4.5903e-02     45.492 0.0000e+00
        519 265.459265    0.03597     2.1583    129.500  1023.2580  47556.139    30.2505     45.257    6.34702    11.1603    11.1678    23.0518   11.50744 4.5822e-02     45.690 0.0000e+00
        520 265.459268    0.03604     2.1625    129.750  1023.2598  47557.860    30.2515     45.452    6.34713    11.1595    11.1667    23.0528   11.50762 4.5747e-02     45.887 0.0000e+00
        521 265.459271    0.03611     2.1667    130.000  1023.2616  47559.359    30.2524     45.646    6.34723    11.1590    11.1657    23.0536   11.50777 4.5685e-02     46.082 0.0000e+00
        522 265.459274    0.03618     2.1708    130.250  1023.2631  47560.591    30.2531     45.837    6.34730    11.1586    11.1650    23.0543   11.50788 4.5637e-02     46.275 0.0000e+00
        523 265.459277    0.03625     2.1750    130.500  1023.2645  47561.490    30.2536     46.027    6.34736    11.1584    11.1644    23.0548   11.50796 4.5593e-02     46.467 0.0000e+00
        524 265.459280    0.03632     2.1792    130.750  1023.2656  47562.064    30.2539     46.218    6.34739    11.1583    11.1641    23.0551   11.50802 4.5544e-02     46.659 0.0000e+00
        525 265.459282    0.03639     2.1833    131.000  1023.2667  47562.416    30.2540     46.409    6.34741    11.1582    11.1639    23.0553   11.50805 4.5491e-02     46.852 0.0000e+00
        526 265.459285    0.03646     2.1875    131.250  1023.2676  47562.635    30.2541     46.602    6.34742    11.1582    11.1638    23.0553   11.50806 4.5455e-02     47.047 0.0000e+00
        527 265.459288    0.03653     2.1917    131.500  1023.2685  47562.792    30.2541     46.796    6.34742    11.1581    11.1638    23.0554   11.50806 4.5426e-02     47.243 0.0000e+00
        528 265.459291    0.03660     2.1958    131.750  1023.2695  47562.958    30.2542     46.992    6.34742    11.1580    11.1637    23.0554   11.50807 4.5383e-02     47.441 0.0000e+00
        529 265.459294    0.03667     2.2000    132.000  1023.2704  47563.156    30.2542     47.187    6.34743    11.1579    11.1637    23.0555   11.50808 4.5365e-02     47.637 0.0000e+00
        530 265.459297    0.03674     2.2042    132.250  1023.2714  47563.486    30.2544     47.381    6.34744    11.1577    11.1636    23.0556   11.50809 4.5373e-02     47.833 0.0000e+00
        531 265.459300    0.03681     2.2083    132.500  1023.2726  47564.011    30.2547     47.574    6.34745    11.1576    11.1634    23.0559   11.50809 4.5352e-02     48.029 0.0000e+00
        532 265.459303    0.03687     2.2125    132.750  1023.2737  47564.553    30.2550     47.766    6.34745    11.1575    11.1633    23.0561   11.50810 4.5300e-02     48.222 0.0000e+00
        533 265.459306    0.03694     2.2167    133.000  1023.2748  47564.997    30.2552     47.954    6.34746    11.1574    11.1632    23.0563   11.50811 4.5255e-02     48.412 0.0000e+00
        534 265.459308    0.03701     2.2208    133.250  1023.2758  47565.380    30.2554     48.139    6.34746    11.1573    11.1631    23.0565   11.50811 4.5227e-02     48.599 0.0000e+00
        535 265.459311    0.03708     2.2250    133.500  1023.2767  47565.693    30.2555     48.321    6.34746    11.1573    11.1631    23.0566   11.50811 4.5223e-02     48.782 0.0000e+00
        536 265.459314    0.03715     2.2292    133.750  1023.2776  47565.966    30.2556     48.499    6.34746    11.1572    11.1630    23.0567   11.50811 4.5244e-02     48.963 0.0000e+00
        537 265.459317    0.03722     2.2333    134.000  1023.2786  47566.292    30.2558     48.675    6.34746    11.1571    11.1630    23.0568   11.50811 4.5260e-02     49.140 0.0000e+00
        538 265.459320    0.03729     2.2375    134.250  1023.2795  47566.692    30.2560     48.848    6.34746    11.1570    11.1629    23.0570   11.50811 4.5250e-02     49.315 0.0000e+00
        539 265.459323    0.03736     2.2417    134.500  1023.2805  47567.097    30.2562     49.019    6.34746    11.1569    11.1629    23.0572   11.50811 4.5209e-02     49.487 0.0000e+00
        540 265.459326    0.03743     2.2458    134.750  1023.2814  47567.504    30.2564     49.187    6.34746    11.1568    11.1628    23.0574   11.50811 4.5153e-02     49.657 0.0000e+00
        541 265.459329    0.03750     2.2500    135.000  1023.2824  47567.928    30.2566     49.354    6.34746    11.1567    11.1627    23.0575   11.50811 4.5124e-02     49.826 0.0000e+00
        542 265.459332    0.03757     2.2542    135.250  1023.2833  47568.313    30.2568     49.520    6.34746    11.1567    11.1627    23.0577   11.50810 4.5123e-02     49.994 0.0000e+00
        543 265.459334    0.03764     2.2583    135.500  1023.2842  47568.679    30.2570     49.687    6.34746    11.1566    11.1626    23.0578   11.50810 4.5110e-02     50.162 0.0000e+00
        544 265.459337    0.03771     2.2625    135.750  1023.2851  47569.022    30.2572     49.854    6.34746    11.1566    11.1626    23.0580   11.50810 4.5089e-02     50.331 0.0000e+00
        545 265.459340    0.03778     2.2667    136.000  1023.2860  47569.270    30.2573     50.025    6.34746    11.1565    11.1625    23.0581   11.50810 4.5090e-02     50.504 0.0000e+00
        546 265.459343    0.03785     2.2708    136.250  1023.2869  47569.476    30.2574     50.200    6.34746    11.1564    11.1625    23.0582   11.50810 4.5101e-02     50.680 0.0000e+00
        547 265.459346    0.03792     2.2750    136.500  1023.2878  47569.744    30.2575     50.379    6.34747    11.1562    11.1624    23.0583   11.50811 4.5110e-02     50.860 0.0000e+00
        548 265.459349    0.03799     2.2792    136.750  1023.2888  47570.091    30.2576     50.562    6.34748    11.1561    11.1623    23.0584   11.50812 4.5119e-02     51.045 0.0000e+00
        549 265.459352    0.03806     2.2833    137.000  1023.2898  47570.494    30.2578     50.750    6.34749    11.1559    11.1622    23.0586   11.50813 4.5130e-02     51.235 0.0000e+00
        550 265.459355    0.03812     2.2875    137.250  1023.2909  47570.965    30.2581     50.944    6.34749    11.1558    11.1621    23.0588   11.50814 4.5124e-02     51.431 0.0000e+00
        551 265.459358    0.03819     2.2917    137.500  1023.2920  47571.519    30.2584     51.140    6.34750    11.1556    11.1619    23.0591   11.50815 4.5074e-02     51.629 0.0000e+00
        552 265.459361    0.03826     2.2958    137.750  1023.2932  47572.159    30.2587     51.337    6.34750    11.1555    11.1618    23.0594   11.50815 4.5010e-02     51.828 0.0000e+00
        553 265.459363    0.03833     2.3000    138.000  1023.2945  47572.879    30.2592     51.535    6.34750    11.1554    11.1617    23.0597   11.50814 4.4975e-02     52.028 0.0000e+00
        554 265.459366    0.03840     2.3042    138.250  1023.2958  47573.642    30.2596     51.734    6.34750    11.1554    11.1616    23.0601   11.50812 4.4969e-02     52.229 0.0000e+00
        555 265.459369    0.03847     2.3083    138.500  1023.2970  47574.410    30.2600     51.934    6.34749    11.1553    11.1616    23.0604   11.50810 4.4971e-02     52.431 0.0000e+00
        556 265.459372    0.03854     2.3125    138.750  1023.2983  47575.212    30.2605     52.133    6.34747    11.1552    11.1615    23.0608   11.50808 4.4964e-02     52.632 0.0000e+00
        557 265.459375    0.03861     2.3167    139.000  1023.2996  47576.084    30.2611     52.334    6.34746    11.1551    11.1615    23.0613   11.50805 4.4963e-02     52.835 0.0000e+00
        558 265.459378    0.03868     2.3208    139.250  1023.3010  47576.935    30.2616     52.536    6.34745    11.1551    11.1614    23.0617   11.50802 4.4991e-02     53.039 0.0000e+00
        559 265.459381    0.03875     2.3250    139.500  1023.3022  47577.649    30.2620     52.738    6.34744    11.1550    11.1614    23.0620   11.50800 4.5014e-02     53.243 0.0000e+00
        560 265.459384    0.03882     2.3292    139.750  1023.3034  47578.232    30.2623     52.940    6.34743    11.1550    11.1613    23.0623   11.50798 4.5022e-02     53.447 0.0000e+00
        561 265.459387    0.03889     2.3333    140.000  1023.3046  47578.773    30.2626     53.144    6.34742    11.1549    11.1613    23.0625   11.50796 4.5056e-02     53.652 0.0000e+00
        562 265.459389    0.03896     2.3375    140.250  1023.3057  47579.311    30.2629     53.347    6.34741    11.1549    11.1613    23.0627   11.50794 4.5113e-02     53.858 0.0000e+00
        563 265.459392    0.03903     2.3417    140.500  1023.3069  47579.885    30.2632     53.549    6.34740    11.1548    11.1613    23.0630   11.50792 4.5151e-02     54.061 0.0000e+00
        564 265.459395    0.03910     2.3458    140.750  1023.3082  47580.549    30.2636     53.749    6.34739    11.1548    11.1613    23.0633   11.50789 4.5162e-02     54.263 0.0000e+00
        565 265.459398    0.03917     2.3500    141.000  1023.3094  47581.269    30.2640     53.946    6.34737    11.1547    11.1612    23.0636   11.50787 4.5162e-02     54.463 0.0000e+00
        566 265.459401    0.03924     2.3542    141.250  1023.3107  47582.026    30.2645     54.143    6.34736    11.1545    11.1612    23.0640   11.50784 4.5145e-02     54.662 0.0000e+00
        567 265.459404    0.03931     2.3583    141.500  1023.3120  47582.861    30.2650     54.341    6.34735    11.1542    11.1611    23.0644   11.50782 4.5123e-02     54.861 0.0000e+00
        568 265.459407    0.03938     2.3625    141.750  1023.3134  47583.928    30.2657     54.540    6.34734    11.1538    11.1610    23.0649   11.50780 4.5113e-02     55.062 0.0000e+00
        569 265.459410    0.03944     2.3667    142.000  1023.3152  47585.519    30.2667     54.739    6.34734    11.1531    11.1607    23.0658   11.50777 4.5105e-02     55.263 0.0000e+00
        570 265.459413    0.03951     2.3708    142.250  1023.3175  47588.066    30.2684     54.940    6.34733    11.1520    11.1603    23.0672   11.50774 4.5095e-02     55.466 0.0000e+00
        571 265.459416    0.03958     2.3750    142.500  1023.3204  47591.781    30.2708     55.143    6.34732    11.1506    11.1596    23.0692   11.50771 4.5085e-02     55.671 0.0000e+00
        572 265.459418    0.03965     2.3792    142.750  1023.3238  47596.180    30.2737     55.346    6.34735    11.1491    11.1585    23.0717   11.50772 4.5070e-02     55.876 0.0000e+00
        573 265.459421    0.03972     2.3833    143.000  1023.3271  47600.471    30.2765     55.548    6.34743    11.1478    11.1571    23.0741   11.50781 4.5025e-02     56.080 0.0000e+00
        574 265.459424    0.03979     2.3875    143.250  1023.3301  47604.143    30.2789     55.749    6.34753    11.1468    11.1557    23.0761   11.50795 4.4950e-02     56.283 0.0000e+00
        575 265.459427    0.03986     2.3917    143.500  1023.3327  47607.001    30.2807     55.948    6.34763    11.1460    11.1544    23.0778   11.50810 4.4905e-02     56.484 0.0000e+00
        576 265.459430    0.03993     2.3958    143.750  1023.3347  47609.094    30.2820     56.145    6.34772    11.1454    11.1534    23.0790   11.50823 4.4913e-02     56.683 0.0000e+00
        577 265.459433    0.04000     2.4000    144.000  1023.3365  47610.596    30.2829     56.341    6.34779    11.1449    11.1526    23.0798   11.50834 4.4964e-02     56.881 0.0000e+00
        578 265.459436    0.04007     2.4042    144.250  1023.3379  47611.682    30.2835     56.539    6.34784    11.1446    11.1520    23.0804   11.50841 4.5032e-02     57.081 0.0000e+00
        579 265.459439    0.04014     2.4083    144.500  1023.3393  47612.492    30.2839     56.741    6.34788    11.1444    11.1516    23.0808   11.50847 4.5079e-02     57.285 0.0000e+00
        580 265.459442    0.04021     2.4125    144.750  1023.3405  47613.114    30.2843     56.947    6.34790    11.1442    11.1513    23.0811   11.50851 4.5094e-02     57.493 0.0000e+00
        581 265.459444    0.04028     2.4167    145.000  1023.3417  47613.555    30.2845     57.155    6.34792    11.1441    11.1511    23.0813   11.50854 4.5094e-02     57.703 0.0000e+00
        582 265.459447    0.04035     2.4208    145.250  1023.3427  47613.823    30.2846     57.364    6.34794    11.1441    11.1510    23.0815   11.50857 4.5099e-02     57.914 0.0000e+00
        583 265.459450    0.04042     2.4250    145.500  1023.3437  47613.978    30.2846     57.573    6.34795    11.1440    11.1510    23.0815   11.50858 4.5089e-02     58.125 0.0000e+00
        584 265.459453    0.04049     2.4292    145.750  1023.3446  47614.043    30.2845     57.783    6.34795    11.1440    11.1509    23.0815   11.50859 4.5063e-02     58.337 0.0000e+00
        585 265.459456    0.04056     2.4333    146.000  1023.3455  47614.060    30.2845     57.991    6.34796    11.1440    11.1509    23.0814   11.50860 4.5054e-02     58.547 0.0000e+00
        586 265.459459    0.04063     2.4375    146.250  1023.3465  47614.117    30.2844     58.199    6.34796    11.1440    11.1508    23.0813   11.50861 4.5075e-02     58.757 0.0000e+00
        587 265.459462    0.04069     2.4417    146.500  1023.3474  47614.235    30.2844     58.405    6.34796    11.1440    11.1508    23.0813   11.50861 4.5112e-02     58.965 0.0000e+00
        588 265.459465    0.04076     2.4458    146.750  1023.3484  47614.474    30.2845     58.610    6.34795    11.1440    11.1509    23.0814   11.50860 4.5145e-02     59.172 0.0000e+00
        589 265.459468    0.04083     2.4500    147.000  1023.3495  47614.850    30.2847     58.814    6.34794    11.1439    11.1509    23.0816   11.50858 4.5175e-02     59.378 0.0000e+00
        590 265.459470    0.04090     2.4542    147.250  1023.3506  47615.250    30.2849     59.019    6.34793    11.1439    11.1509    23.0817   11.50856 4.5186e-02     59.585 0.0000e+00
        591 265.459473    0.04097     2.4583    147.500  1023.3517  47615.730    30.2852     59.223    6.34792    11.1438    11.1509    23.0819   11.50854 4.5171e-02     59.791 0.0000e+00
        592 265.459476    0.04104     2.4625    147.750  1023.3529  47616.423    30.2856     59.426    6.34791    11.1437    11.1509    23.0823   11.50851 4.5151e-02     59.995 0.0000e+00
        593 265.459479    0.04111     2.4667    148.000  1023.3544  47617.527    30.2863     59.627    6.34788    11.1436    11.1509    23.0828   11.50846 4.5116e-02     60.199 0.0000e+00
        594 265.459482    0.04118     2.4708    148.250  1023.3563  47619.387    30.2875     59.828    6.34784    11.1433    11.1508    23.0838   11.50838 4.5069e-02     60.401 0.0000e+00
        595 265.459485    0.04125     2.4750    148.500  1023.3586  47621.989    30.2893     60.028    6.34780    11.1429    11.1506    23.0852   11.50828 4.5033e-02     60.603 0.0000e+00
