CTD-processing/allCTD/CNV--homogene/2017_08-24_t9_s03_cast014.cnv
* Sea-Bird SBE19plus Data File:
* FileName = C:\Users\Kim.Powell\Desktop\Not Processed\2017\2017_08\2017_08-24_TRANSECT_STATION_cast014.hex
* Software Version 1.59
* Temperature SN =  4141
* Conductivity SN =  4141
* System UpLoad Time = Sep 22 2017 08:36:05
** 2017_08-24
** Station: 9-03
** Start Time: 17:21
** Depth (m): 94
** Comment: Edgecumbe
** Comment:
# nquan = 17
# nvalues = 683                         
# units = specified
# name 0 = scan: Scan Count
# name 1 = timeJ: Julian Days
# name 2 = timeH: Time, Elapsed [hours]
# name 3 = timeM: Time, Elapsed [minutes]
# name 4 = timeS: Time, Elapsed [seconds]
# name 5 = density00: Density [density, kg/m^3]
# name 6 = specc: Specific Conductance [uS/cm]
# name 7 = sal00: Salinity, Practical [PSU]
# name 8 = depSM: Depth [salt water, m], lat = 59.00
# name 9 = oxsolML/L: Oxygen Saturation, Garcia & Gordon [ml/l]
# name 10 = potemp090C: Potential Temperature [ITS-90, deg C]
# name 11 = tv290C: Temperature [ITS-90, deg C]
# name 12 = sigma-é00: Density [sigma-theta, kg/m^3]
# name 13 = n2satML/L: Nitrogen Saturation [ml/l]
# name 14 = par: PAR/Irradiance, Biospherical/Licor
# name 15 = prdM: Pressure, Strain Gauge [db]
# name 16 = flag:  0.000e+00
# span 0 =          1,        683       
# span 1 = 236.723356, 236.725330       
# span 2 =    0.00000,    0.04736       
# span 3 =     0.0000,     2.8417       
# span 4 =      0.000,    170.500       
# span 5 =  1022.6627,  1024.7651       
# span 6 =  46786.525,  49701.137       
# span 7 =    29.7068,    31.5223       
# span 8 =      0.771,     92.470       
# span 9 =    6.39360,    6.54888       
# span 10 =     9.3488,    10.9598      
# span 11 =     9.3586,    10.9885      
# span 12 =    22.6592,    24.3419      
# span 13 =   11.59117,   11.82680      
# span 14 = 4.9687e-02, 1.8492e+02      
# span 15 =      0.778,     93.363      
# span 16 = 0.0000e+00, 0.0000e+00      
# interval = seconds: 0.25
# start_time = Aug 24 2017 17:21:38 [Instrument's time stamp, header]
# bad_flag = -9.990e-29
*END*
[from data line 596]
        597 236.725081    0.04139     2.4833    149.000  1024.5405  49474.679    31.4237     73.984    6.49602     9.7343     9.7548    24.2018   11.74044 5.0075e-02     74.695 0.0000e+00
        598 236.725084    0.04146     2.4875    149.250  1024.5434  49477.412    31.4247     74.228    6.49686     9.7284     9.7486    24.2036   11.74182 5.0145e-02     74.942 0.0000e+00
        599 236.725087    0.04153     2.4917    149.500  1024.5468  49481.145    31.4264     74.471    6.49767     9.7232     9.7424    24.2059   11.74314 5.0196e-02     75.187 0.0000e+00
        600 236.725090    0.04160     2.4958    149.750  1024.5504  49485.261    31.4284     74.709    6.49842     9.7186     9.7366    24.2085   11.74436 5.0209e-02     75.427 0.0000e+00
        601 236.725093    0.04167     2.5000    150.000  1024.5536  49488.610    31.4300     74.941    6.49909     9.7142     9.7314    24.2105   11.74545 5.0185e-02     75.662 0.0000e+00
        602 236.725095    0.04174     2.5042    150.250  1024.5559  49490.634    31.4307     75.171    6.49972     9.7095     9.7268    24.2118   11.74648 5.0110e-02     75.894 0.0000e+00
        603 236.725098    0.04181     2.5083    150.500  1024.5577  49491.605    31.4307     75.405    6.50035     9.7043     9.7224    24.2125   11.74752 5.0012e-02     76.131 0.0000e+00
        604 236.725101    0.04188     2.5125    150.750  1024.5593  49492.090    31.4303     75.648    6.50103     9.6983     9.7177    24.2130   11.74865 4.9911e-02     76.376 0.0000e+00
        605 236.725104    0.04194     2.5167    151.000  1024.5609  49492.485    31.4298     75.900    6.50179     9.6916     9.7126    24.2134   11.74992 4.9845e-02     76.631 0.0000e+00
        606 236.725107    0.04201     2.5208    151.250  1024.5628  49493.191    31.4294     76.161    6.50265     9.6842     9.7066    24.2141   11.75136 4.9816e-02     76.894 0.0000e+00
        607 236.725110    0.04208     2.5250    151.500  1024.5653  49495.011    31.4297     76.425    6.50361     9.6766     9.6999    24.2154   11.75293 4.9797e-02     77.161 0.0000e+00
        608 236.725113    0.04215     2.5292    151.750  1024.5686  49498.312    31.4310     76.687    6.50461     9.6693     9.6925    24.2175   11.75458 4.9856e-02     77.425 0.0000e+00
        609 236.725116    0.04222     2.5333    152.000  1024.5725  49502.658    31.4329     76.941    6.50560     9.6627     9.6850    24.2202   11.75620 4.9968e-02     77.682 0.0000e+00
        610 236.725119    0.04229     2.5375    152.250  1024.5769  49507.836    31.4355     77.185    6.50653     9.6570     9.6777    24.2234   11.75771 5.0041e-02     77.928 0.0000e+00
        611 236.725122    0.04236     2.5417    152.500  1024.5814  49513.609    31.4386     77.420    6.50735     9.6525     9.6711    24.2269   11.75903 5.0069e-02     78.165 0.0000e+00
        612 236.725124    0.04243     2.5458    152.750  1024.5859  49519.321    31.4418     77.648    6.50802     9.6491     9.6655    24.2303   11.76010 5.0066e-02     78.396 0.0000e+00
        613 236.725127    0.04250     2.5500    153.000  1024.5898  49524.269    31.4445     77.873    6.50855     9.6465     9.6610    24.2332   11.76094 5.0076e-02     78.623 0.0000e+00
        614 236.725130    0.04257     2.5542    153.250  1024.5931  49528.074    31.4467     78.099    6.50895     9.6443     9.6575    24.2354   11.76158 5.0107e-02     78.851 0.0000e+00
        615 236.725133    0.04264     2.5583    153.500  1024.5957  49530.812    31.4482     78.324    6.50926     9.6422     9.6549    24.2370   11.76208 5.0126e-02     79.078 0.0000e+00
        616 236.725136    0.04271     2.5625    153.750  1024.5977  49532.643    31.4491     78.548    6.50953     9.6399     9.6528    24.2381   11.76252 5.0123e-02     79.304 0.0000e+00
        617 236.725139    0.04278     2.5667    154.000  1024.5994  49533.754    31.4495     78.767    6.50981     9.6370     9.6508    24.2387   11.76297 5.0081e-02     79.526 0.0000e+00
        618 236.725142    0.04285     2.5708    154.250  1024.6008  49534.438    31.4496     78.979    6.51014     9.6334     9.6485    24.2392   11.76351 5.0007e-02     79.740 0.0000e+00
        619 236.725145    0.04292     2.5750    154.500  1024.6022  49535.132    31.4496     79.186    6.51055     9.6290     9.6456    24.2396   11.76419 4.9927e-02     79.949 0.0000e+00
        620 236.725148    0.04299     2.5792    154.750  1024.6040  49536.326    31.4499     79.389    6.51106     9.6240     9.6420    24.2404   11.76504 4.9870e-02     80.154 0.0000e+00
        621 236.725150    0.04306     2.5833    155.000  1024.6059  49537.833    31.4503     79.593    6.51167     9.6183     9.6376    24.2414   11.76603 4.9852e-02     80.360 0.0000e+00
        622 236.725153    0.04312     2.5875    155.250  1024.6077  49539.090    31.4504     79.799    6.51237     9.6115     9.6327    24.2423   11.76719 4.9852e-02     80.568 0.0000e+00
        623 236.725156    0.04319     2.5917    155.500  1024.6096  49540.276    31.4504     80.010    6.51319     9.6040     9.6269    24.2432   11.76856 4.9868e-02     80.780 0.0000e+00
        624 236.725159    0.04326     2.5958    155.750  1024.6120  49542.173    31.4507     80.227    6.51413     9.5959     9.6202    24.2446   11.77012 4.9901e-02     81.000 0.0000e+00
        625 236.725162    0.04333     2.6000    156.000  1024.6150  49545.158    31.4517     80.454    6.51517     9.5877     9.6127    24.2466   11.77183 4.9978e-02     81.229 0.0000e+00
        626 236.725165    0.04340     2.6042    156.250  1024.6186  49548.954    31.4532     80.692    6.51626     9.5795     9.6047    24.2490   11.77361 5.0089e-02     81.469 0.0000e+00
        627 236.725168    0.04347     2.6083    156.500  1024.6225  49553.270    31.4551     80.939    6.51736     9.5714     9.5965    24.2517   11.77541 5.0142e-02     81.719 0.0000e+00
        628 236.725171    0.04354     2.6125    156.750  1024.6266  49558.036    31.4572     81.190    6.51845     9.5635     9.5883    24.2547   11.77718 5.0145e-02     81.972 0.0000e+00
        629 236.725174    0.04361     2.6167    157.000  1024.6310  49563.299    31.4597     81.438    6.51951     9.5563     9.5802    24.2580   11.77891 5.0142e-02     82.222 0.0000e+00
        630 236.725177    0.04368     2.6208    157.250  1024.6356  49569.031    31.4626     81.680    6.52051     9.5499     9.5724    24.2615   11.78052 5.0123e-02     82.467 0.0000e+00
        631 236.725179    0.04375     2.6250    157.500  1024.6401  49574.607    31.4655     81.917    6.52142     9.5439     9.5652    24.2649   11.78199 5.0073e-02     82.706 0.0000e+00
        632 236.725182    0.04382     2.6292    157.750  1024.6439  49579.114    31.4677     82.151    6.52225     9.5378     9.5588    24.2676   11.78334 5.0005e-02     82.943 0.0000e+00
        633 236.725185    0.04389     2.6333    158.000  1024.6469  49582.012    31.4688     82.388    6.52306     9.5310     9.5528    24.2695   11.78467 4.9973e-02     83.182 0.0000e+00
        634 236.725188    0.04396     2.6375    158.250  1024.6492  49583.703    31.4691     82.628    6.52392     9.5233     9.5467    24.2706   11.78610 5.0015e-02     83.424 0.0000e+00
        635 236.725191    0.04403     2.6417    158.500  1024.6518  49585.878    31.4696     82.870    6.52488     9.5155     9.5399    24.2721   11.78768 5.0090e-02     83.669 0.0000e+00
        636 236.725194    0.04410     2.6458    158.750  1024.6556  49590.141    31.4714     83.111    6.52590     9.5084     9.5323    24.2748   11.78934 5.0100e-02     83.912 0.0000e+00
        637 236.725197    0.04417     2.6500    159.000  1024.6604  49596.371    31.4747     83.348    6.52689     9.5025     9.5245    24.2786   11.79094 5.0075e-02     84.152 0.0000e+00
        638 236.725200    0.04424     2.6542    159.250  1024.6655  49602.985    31.4783     83.582    6.52776     9.4977     9.5174    24.2825   11.79234 5.0098e-02     84.388 0.0000e+00
        639 236.725203    0.04431     2.6583    159.500  1024.6698  49608.576    31.4813     83.810    6.52848     9.4938     9.5115    24.2858   11.79350 5.0127e-02     84.618 0.0000e+00
        640 236.725205    0.04437     2.6625    159.750  1024.6733  49612.723    31.4835     84.033    6.52907     9.4903     9.5067    24.2883   11.79445 5.0120e-02     84.843 0.0000e+00
        641 236.725208    0.04444     2.6667    160.000  1024.6761  49615.674    31.4850     84.255    6.52958     9.4869     9.5028    24.2900   11.79527 5.0101e-02     85.067 0.0000e+00
        642 236.725211    0.04451     2.6708    160.250  1024.6784  49617.770    31.4859     84.478    6.53003     9.4833     9.4994    24.2913   11.79601 5.0133e-02     85.292 0.0000e+00
        643 236.725214    0.04458     2.6750    160.500  1024.6802  49619.036    31.4862     84.702    6.53050     9.4791     9.4961    24.2921   11.79678 5.0234e-02     85.519 0.0000e+00
        644 236.725217    0.04465     2.6792    160.750  1024.6817  49619.729    31.4861     84.927    6.53102     9.4742     9.4925    24.2926   11.79764 5.0306e-02     85.746 0.0000e+00
        645 236.725220    0.04472     2.6833    161.000  1024.6834  49620.613    31.4861     85.152    6.53162     9.4687     9.4883    24.2932   11.79864 5.0305e-02     85.974 0.0000e+00
        646 236.725223    0.04479     2.6875    161.250  1024.6854  49622.093    31.4864     85.377    6.53231     9.4627     9.4834    24.2942   11.79979 5.0254e-02     86.201 0.0000e+00
        647 236.725226    0.04486     2.6917    161.500  1024.6878  49624.166    31.4870     85.601    6.53308     9.4565     9.4779    24.2955   11.80105 5.0187e-02     86.427 0.0000e+00
        648 236.725229    0.04493     2.6958    161.750  1024.6905  49626.764    31.4879     85.823    6.53390     9.4501     9.4719    24.2972   11.80239 5.0157e-02     86.651 0.0000e+00
        649 236.725231    0.04500     2.7000    162.000  1024.6935  49629.812    31.4891     86.045    6.53475     9.4437     9.4657    24.2991   11.80378 5.0128e-02     86.875 0.0000e+00
        650 236.725234    0.04507     2.7042    162.250  1024.6968  49633.511    31.4907     86.268    6.53560     9.4375     9.4593    24.3014   11.80517 5.0049e-02     87.100 0.0000e+00
        651 236.725237    0.04514     2.7083    162.500  1024.7003  49637.517    31.4926     86.495    6.53644     9.4314     9.4530    24.3039   11.80655 4.9966e-02     87.331 0.0000e+00
        652 236.725240    0.04521     2.7125    162.750  1024.7036  49641.120    31.4942     86.730    6.53727     9.4253     9.4468    24.3061   11.80789 4.9893e-02     87.568 0.0000e+00
        653 236.725243    0.04528     2.7167    163.000  1024.7067  49644.277    31.4955     86.970    6.53808     9.4191     9.4407    24.3081   11.80922 4.9842e-02     87.810 0.0000e+00
        654 236.725246    0.04535     2.7208    163.250  1024.7097  49647.277    31.4967     87.206    6.53891     9.4128     9.4346    24.3100   11.81058 4.9862e-02     88.049 0.0000e+00
        655 236.725249    0.04542     2.7250    163.500  1024.7127  49650.519    31.4980     87.433    6.53976     9.4067     9.4284    24.3120   11.81197 4.9933e-02     88.278 0.0000e+00
        656 236.725252    0.04549     2.7292    163.750  1024.7160  49654.217    31.4997     87.646    6.54059     9.4010     9.4222    24.3143   11.81333 5.0002e-02     88.493 0.0000e+00
        657 236.725255    0.04556     2.7333    164.000  1024.7194  49658.230    31.5016     87.847    6.54139     9.3958     9.4161    24.3167   11.81462 5.0036e-02     88.695 0.0000e+00
        658 236.725258    0.04562     2.7375    164.250  1024.7227  49662.229    31.5035     88.042    6.54213     9.3911     9.4104    24.3191   11.81582 5.0015e-02     88.892 0.0000e+00
        659 236.725260    0.04569     2.7417    164.500  1024.7259  49665.924    31.5053     88.239    6.54280     9.3869     9.4052    24.3214   11.81692 4.9949e-02     89.090 0.0000e+00
        660 236.725263    0.04576     2.7458    164.750  1024.7288  49669.229    31.5069     88.445    6.54342     9.3829     9.4005    24.3234   11.81791 4.9885e-02     89.299 0.0000e+00
        661 236.725266    0.04583     2.7500    165.000  1024.7315  49672.029    31.5082     88.666    6.54397     9.3790     9.3963    24.3251   11.81882 4.9888e-02     89.522 0.0000e+00
        662 236.725269    0.04590     2.7542    165.250  1024.7338  49673.955    31.5089     88.899    6.54451     9.3745     9.3924    24.3263   11.81970 4.9953e-02     89.758 0.0000e+00
        663 236.725272    0.04597     2.7583    165.500  1024.7355  49674.938    31.5090     89.140    6.54507     9.3696     9.3885    24.3269   11.82063 4.9996e-02     90.001 0.0000e+00
        664 236.725275    0.04604     2.7625    165.750  1024.7376  49676.352    31.5093     89.381    6.54569     9.3647     9.3841    24.3278   11.82166 5.0030e-02     90.244 0.0000e+00
        665 236.725278    0.04611     2.7667    166.000  1024.7405  49679.447    31.5107     89.613    6.54634     9.3604     9.3792    24.3297   11.82272 5.0103e-02     90.479 0.0000e+00
        666 236.725281    0.04618     2.7708    166.250  1024.7440  49683.624    31.5128     89.833    6.54696     9.3569     9.3743    24.3321   11.82371 5.0162e-02     90.701 0.0000e+00
        667 236.725284    0.04625     2.7750    166.500  1024.7475  49687.969    31.5152     90.040    6.54748     9.3543     9.3700    24.3347   11.82455 5.0165e-02     90.910 0.0000e+00
        668 236.725286    0.04632     2.7792    166.750  1024.7506  49691.801    31.5173     90.240    6.54789     9.3525     9.3665    24.3369   11.82520 5.0163e-02     91.112 0.0000e+00
        669 236.725289    0.04639     2.7833    167.000  1024.7532  49694.678    31.5189     90.440    6.54820     9.3513     9.3640    24.3385   11.82569 5.0201e-02     91.314 0.0000e+00
        670 236.725292    0.04646     2.7875    167.250  1024.7553  49696.791    31.5201     90.645    6.54841     9.3505     9.3622    24.3397   11.82602 5.0256e-02     91.521 0.0000e+00
        671 236.725295    0.04653     2.7917    167.500  1024.7570  49698.211    31.5208     90.853    6.54855     9.3499     9.3610    24.3405   11.82625 5.0309e-02     91.730 0.0000e+00
        672 236.725298    0.04660     2.7958    167.750  1024.7583  49698.970    31.5212     91.057    6.54864     9.3495     9.3602    24.3409   11.82640 5.0363e-02     91.937 0.0000e+00
        673 236.725301    0.04667     2.8000    168.000  1024.7595  49699.587    31.5215     91.250    6.54871     9.3493     9.3597    24.3412   11.82651 5.0373e-02     92.132 0.0000e+00
        674 236.725304    0.04674     2.8042    168.250  1024.7607  49700.326    31.5219     91.426    6.54875     9.3491     9.3593    24.3415   11.82657 5.0304e-02     92.309 0.0000e+00
        675 236.725307    0.04681     2.8083    168.500  1024.7617  49700.911    31.5222     91.583    6.54877     9.3490     9.3591    24.3418   11.82660 5.0219e-02     92.468 0.0000e+00
        676 236.725310    0.04688     2.8125    168.750  1024.7624  49701.129    31.5223     91.726    6.54879     9.3490     9.3589    24.3419   11.82663 5.0166e-02     92.612 0.0000e+00
        677 236.725313    0.04694     2.8167    169.000  1024.7630  49701.112    31.5222     91.862    6.54881     9.3490     9.3588    24.3419   11.82666 5.0148e-02     92.750 0.0000e+00
        678 236.725315    0.04701     2.8208    169.250  1024.7636  49701.137    31.5221     91.996    6.54882     9.3489     9.3588    24.3418   11.82667 5.0159e-02     92.885 0.0000e+00
        679 236.725318    0.04708     2.8250    169.500  1024.7641  49701.096    31.5220     92.128    6.54882     9.3489     9.3588    24.3418   11.82668 5.0173e-02     93.018 0.0000e+00
        680 236.725321    0.04715     2.8292    169.750  1024.7645  49700.833    31.5218     92.253    6.54884     9.3488     9.3587    24.3416   11.82671 5.0173e-02     93.144 0.0000e+00
