CTD-processing/allCTD/CNV--homogene/2017_06-28_t9_s01_cast185.cnv
* Sea-Bird SBE19plus Data File:
* FileName = C:\Users\Kim.Powell\Desktop\2017_06-28_4141\T9\2017_06-28_T9_cast185.hex
* Software Version 1.59
* Temperature SN =  4141
* Conductivity SN =  4141
* System UpLoad Time = Jul 21 2017 10:42:51
** CookInlet LTM Transect 9
** 2017_06-28
** Station: 9-01
** Start Time: 11:19
** Depth: 55m
** Comment: Barnacle
** Comment:
# nquan = 17
# nvalues = 765                         
# units = specified
# name 0 = scan: Scan Count
# name 1 = timeJ: Julian Days
# name 2 = timeH: Time, Elapsed [hours]
# name 3 = timeM: Time, Elapsed [minutes]
# name 4 = timeS: Time, Elapsed [seconds]
# name 5 = density00: Density [density, kg/m^3]
# name 6 = specc: Specific Conductance [uS/cm]
# name 7 = sal00: Salinity, Practical [PSU]
# name 8 = depSM: Depth [salt water, m], lat = 59.00
# name 9 = oxsolML/L: Oxygen Saturation, Garcia & Gordon [ml/l]
# name 10 = potemp090C: Potential Temperature [ITS-90, deg C]
# name 11 = tv290C: Temperature [ITS-90, deg C]
# name 12 = sigma-é00: Density [sigma-theta, kg/m^3]
# name 13 = n2satML/L: Nitrogen Saturation [ml/l]
# name 14 = par: PAR/Irradiance, Biospherical/Licor
# name 15 = prdM: Pressure, Strain Gauge [db]
# name 16 = flag:  0.000e+00
# span 0 =          1,        765       
# span 1 = 179.472546, 179.474757       
# span 2 =    0.00000,    0.05306       
# span 3 =     0.0000,     3.1833       
# span 4 =      0.000,    191.000       
# span 5 =   999.1963,  1025.1472       
# span 6 =     80.482,  50973.024       
# span 7 =     0.0534,    32.2307       
# span 8 =     -0.019,     45.697       
# span 9 =    6.59193,    7.10985       
# span 10 =     6.5068,    14.6352      
# span 11 =     6.5106,    14.6361      
# span 12 =    -0.8036,    25.1194      
# span 13 =   11.98370,   13.17019      
# span 14 = 7.1045e-02, 7.9506e+02      
# span 15 =     -0.019,     46.133      
# span 16 = 0.0000e+00, 0.0000e+00      
# interval = seconds: 0.25
# start_time = Jun 28 2017 11:20:28 [Instrument's time stamp, header]
# bad_flag = -9.990e-29
*END*
[from data line 681]
        682 179.474517    0.04729     2.8375    170.250  1025.0248  50548.804    31.7239     32.348    6.94137     6.7309     6.7298    24.8745   12.47353 8.4084e-02     32.656 0.0000e+00
        683 179.474520    0.04736     2.8417    170.500  1025.0242  50546.310    31.7225     32.507    6.94108     6.7317     6.7319    24.8731   12.47308 8.3287e-02     32.816 0.0000e+00
        684 179.474523    0.04743     2.8458    170.750  1025.0233  50543.447    31.7208     32.669    6.94089     6.7315     6.7336    24.8715   12.47278 8.2538e-02     32.980 0.0000e+00
        685 179.474525    0.04750     2.8500    171.000  1025.0224  50540.412    31.7187     32.835    6.94084     6.7301     6.7345    24.8698   12.47272 8.1829e-02     33.147 0.0000e+00
        686 179.474528    0.04757     2.8542    171.250  1025.0214  50537.342    31.7165     33.001    6.94097     6.7275     6.7344    24.8680   12.47296 8.1179e-02     33.315 0.0000e+00
        687 179.474531    0.04764     2.8583    171.500  1025.0212  50535.740    31.7150     33.168    6.94127     6.7247     6.7329    24.8671   12.47347 8.0577e-02     33.483 0.0000e+00
        688 179.474534    0.04771     2.8625    171.750  1025.0225  50536.930    31.7153     33.333    6.94166     6.7222     6.7304    24.8676   12.47412 7.9991e-02     33.650 0.0000e+00
        689 179.474537    0.04778     2.8667    172.000  1025.0245  50539.270    31.7164     33.499    6.94206     6.7198     6.7276    24.8688   12.47477 7.9435e-02     33.817 0.0000e+00
        690 179.474540    0.04785     2.8708    172.250  1025.0259  50540.555    31.7167     33.666    6.94245     6.7171     6.7251    24.8694   12.47541 7.8922e-02     33.986 0.0000e+00
        691 179.474543    0.04792     2.8750    172.500  1025.0267  50540.804    31.7164     33.836    6.94285     6.7142     6.7227    24.8694   12.47608 7.8446e-02     34.158 0.0000e+00
        692 179.474546    0.04799     2.8792    172.750  1025.0278  50541.568    31.7164     34.008    6.94328     6.7115     6.7201    24.8697   12.47678 7.7990e-02     34.331 0.0000e+00
        693 179.474549    0.04806     2.8833    173.000  1025.0297  50543.618    31.7172     34.181    6.94370     6.7092     6.7172    24.8708   12.47748 7.7532e-02     34.506 0.0000e+00
        694 179.474552    0.04813     2.8875    173.250  1025.0318  50546.200    31.7184     34.355    6.94409     6.7073     6.7145    24.8721   12.47810 7.7099e-02     34.682 0.0000e+00
        695 179.474554    0.04819     2.8917    173.500  1025.0337  50548.359    31.7194     34.530    6.94441     6.7055     6.7122    24.8732   12.47862 7.6709e-02     34.859 0.0000e+00
        696 179.474557    0.04826     2.8958    173.750  1025.0351  50549.534    31.7198     34.707    6.94470     6.7035     6.7103    24.8737   12.47909 7.6350e-02     35.038 0.0000e+00
        697 179.474560    0.04833     2.9000    174.000  1025.0361  50550.084    31.7198     34.884    6.94499     6.7014     6.7085    24.8739   12.47956 7.6032e-02     35.216 0.0000e+00
        698 179.474563    0.04840     2.9042    174.250  1025.0374  50551.111    31.7200     35.058    6.94529     6.6996     6.7065    24.8744   12.48006 7.5751e-02     35.391 0.0000e+00
        699 179.474566    0.04847     2.9083    174.500  1025.0391  50553.025    31.7209     35.228    6.94558     6.6982     6.7045    24.8754   12.48053 7.5482e-02     35.563 0.0000e+00
        700 179.474569    0.04854     2.9125    174.750  1025.0410  50555.142    31.7220     35.394    6.94583     6.6970     6.7026    24.8764   12.48092 7.5226e-02     35.731 0.0000e+00
        701 179.474572    0.04861     2.9167    175.000  1025.0423  50556.363    31.7225     35.559    6.94603     6.6957     6.7012    24.8770   12.48125 7.5001e-02     35.897 0.0000e+00
        702 179.474575    0.04868     2.9208    175.250  1025.0430  50556.377    31.7222     35.723    6.94623     6.6938     6.7001    24.8769   12.48158 7.4797e-02     36.063 0.0000e+00
        703 179.474578    0.04875     2.9250    175.500  1025.0433  50555.698    31.7214     35.889    6.94648     6.6913     6.6988    24.8765   12.48200 7.4601e-02     36.231 0.0000e+00
        704 179.474580    0.04882     2.9292    175.750  1025.0435  50554.797    31.7204     36.057    6.94681     6.6877     6.6970    24.8759   12.48257 7.4412e-02     36.401 0.0000e+00
        705 179.474583    0.04889     2.9333    176.000  1025.0438  50553.942    31.7192     36.228    6.94728     6.6830     6.6944    24.8753   12.48335 7.4224e-02     36.572 0.0000e+00
        706 179.474586    0.04896     2.9375    176.250  1025.0440  50553.168    31.7180     36.399    6.94791     6.6765     6.6908    24.8748   12.48441 7.4025e-02     36.746 0.0000e+00
        707 179.474589    0.04903     2.9417    176.500  1025.0441  50552.072    31.7162     36.571    6.94876     6.6680     6.6861    24.8741   12.48584 7.3809e-02     36.919 0.0000e+00
        708 179.474592    0.04910     2.9458    176.750  1025.0442  50551.112    31.7143     36.742    6.94988     6.6581     6.6797    24.8734   12.48771 7.3606e-02     37.091 0.0000e+00
        709 179.474595    0.04917     2.9500    177.000  1025.0460  50553.489    31.7143     36.908    6.95125     6.6486     6.6712    24.8745   12.48997 7.3436e-02     37.259 0.0000e+00
        710 179.474598    0.04924     2.9542    177.250  1025.0508  50561.205    31.7178     37.069    6.95269     6.6407     6.6613    24.8784   12.49230 7.3284e-02     37.422 0.0000e+00
        711 179.474601    0.04931     2.9583    177.500  1025.0568  50571.172    31.7229     37.226    6.95399     6.6345     6.6518    24.8837   12.49440 7.3147e-02     37.580 0.0000e+00
        712 179.474604    0.04938     2.9625    177.750  1025.0620  50579.804    31.7274     37.379    6.95506     6.6299     6.6439    24.8882   12.49611 7.3024e-02     37.735 0.0000e+00
        713 179.474606    0.04944     2.9667    178.000  1025.0664  50586.676    31.7309     37.533    6.95589     6.6264     6.6378    24.8918   12.49743 7.2914e-02     37.890 0.0000e+00
        714 179.474609    0.04951     2.9708    178.250  1025.0699  50592.144    31.7338     37.687    6.95651     6.6238     6.6331    24.8947   12.49842 7.2815e-02     38.046 0.0000e+00
        715 179.474612    0.04958     2.9750    178.500  1025.0727  50596.153    31.7359     37.840    6.95697     6.6218     6.6296    24.8968   12.49916 7.2725e-02     38.201 0.0000e+00
        716 179.474615    0.04965     2.9792    178.750  1025.0748  50598.944    31.7373     37.992    6.95732     6.6202     6.6271    24.8982   12.49973 7.2635e-02     38.354 0.0000e+00
        717 179.474618    0.04972     2.9833    179.000  1025.0764  50600.769    31.7381     38.144    6.95760     6.6186     6.6251    24.8991   12.50018 7.2537e-02     38.507 0.0000e+00
        718 179.474621    0.04979     2.9875    179.250  1025.0777  50601.988    31.7386     38.295    6.95785     6.6171     6.6234    24.8997   12.50058 7.2446e-02     38.660 0.0000e+00
        719 179.474624    0.04986     2.9917    179.500  1025.0791  50603.243    31.7391     38.448    6.95807     6.6158     6.6219    24.9003   12.50095 7.2364e-02     38.815 0.0000e+00
        720 179.474627    0.04993     2.9958    179.750  1025.0805  50604.616    31.7397     38.606    6.95828     6.6146     6.6205    24.9010   12.50128 7.2268e-02     38.974 0.0000e+00
        721 179.474630    0.05000     3.0000    180.000  1025.0817  50605.650    31.7401     38.769    6.95847     6.6131     6.6192    24.9014   12.50159 7.2156e-02     39.139 0.0000e+00
        722 179.474633    0.05007     3.0042    180.250  1025.0828  50606.414    31.7403     38.939    6.95866     6.6114     6.6179    24.9017   12.50191 7.2051e-02     39.310 0.0000e+00
        723 179.474635    0.05014     3.0083    180.500  1025.0840  50607.231    31.7406     39.113    6.95888     6.6092     6.6165    24.9021   12.50227 7.1978e-02     39.486 0.0000e+00
        724 179.474638    0.05021     3.0125    180.750  1025.0851  50607.971    31.7407     39.292    6.95916     6.6066     6.6147    24.9024   12.50273 7.1932e-02     39.666 0.0000e+00
        725 179.474641    0.05028     3.0167    181.000  1025.0863  50608.750    31.7407     39.473    6.95951     6.6038     6.6125    24.9028   12.50331 7.1883e-02     39.850 0.0000e+00
        726 179.474644    0.05035     3.0208    181.250  1025.0878  50610.073    31.7411     39.658    6.95991     6.6011     6.6100    24.9034   12.50396 7.1816e-02     40.036 0.0000e+00
        727 179.474647    0.05042     3.0250    181.500  1025.0895  50611.823    31.7417     39.846    6.96032     6.5984     6.6073    24.9042   12.50463 7.1756e-02     40.226 0.0000e+00
        728 179.474650    0.05049     3.0292    181.750  1025.0911  50613.379    31.7422     40.034    6.96073     6.5955     6.6046    24.9049   12.50530 7.1720e-02     40.416 0.0000e+00
        729 179.474653    0.05056     3.0333    182.000  1025.0925  50614.571    31.7424     40.219    6.96116     6.5926     6.6019    24.9055   12.50600 7.1696e-02     40.603 0.0000e+00
        730 179.474656    0.05063     3.0375    182.250  1025.0940  50615.970    31.7428     40.401    6.96160     6.5898     6.5990    24.9061   12.50674 7.1665e-02     40.787 0.0000e+00
        731 179.474659    0.05069     3.0417    182.500  1025.0958  50618.021    31.7436     40.581    6.96204     6.5873     6.5961    24.9071   12.50746 7.1625e-02     40.968 0.0000e+00
        732 179.474661    0.05076     3.0458    182.750  1025.0979  50620.420    31.7446     40.762    6.96245     6.5851     6.5933    24.9083   12.50811 7.1589e-02     41.150 0.0000e+00
        733 179.474664    0.05083     3.0500    183.000  1025.0998  50622.581    31.7456     40.944    6.96281     6.5831     6.5908    24.9094   12.50869 7.1552e-02     41.334 0.0000e+00
        734 179.474667    0.05090     3.0542    183.250  1025.1015  50624.337    31.7463     41.128    6.96313     6.5813     6.5886    24.9102   12.50920 7.1508e-02     41.521 0.0000e+00
        735 179.474670    0.05097     3.0583    183.500  1025.1032  50626.049    31.7471     41.314    6.96341     6.5797     6.5866    24.9111   12.50966 7.1478e-02     41.709 0.0000e+00
        736 179.474673    0.05104     3.0625    183.750  1025.1049  50627.669    31.7478     41.499    6.96366     6.5780     6.5848    24.9119   12.51007 7.1452e-02     41.895 0.0000e+00
        737 179.474676    0.05111     3.0667    184.000  1025.1062  50628.838    31.7482     41.679    6.96391     6.5763     6.5832    24.9124   12.51047 7.1425e-02     42.077 0.0000e+00
        738 179.474679    0.05118     3.0708    184.250  1025.1075  50629.869    31.7485     41.851    6.96416     6.5744     6.5816    24.9128   12.51089 7.1402e-02     42.251 0.0000e+00
        739 179.474682    0.05125     3.0750    184.500  1025.1088  50631.002    31.7489     42.014    6.96443     6.5724     6.5798    24.9134   12.51133 7.1374e-02     42.415 0.0000e+00
        740 179.474685    0.05132     3.0792    184.750  1025.1099  50631.851    31.7491     42.167    6.96472     6.5703     6.5780    24.9138   12.51180 7.1351e-02     42.570 0.0000e+00
        741 179.474687    0.05139     3.0833    185.000  1025.1109  50632.622    31.7492     42.315    6.96503     6.5680     6.5760    24.9141   12.51232 7.1343e-02     42.719 0.0000e+00
        742 179.474690    0.05146     3.0875    185.250  1025.1120  50633.466    31.7493     42.461    6.96537     6.5653     6.5739    24.9145   12.51287 7.1345e-02     42.867 0.0000e+00
        743 179.474693    0.05153     3.0917    185.500  1025.1128  50633.866    31.7491     42.610    6.96575     6.5623     6.5716    24.9146   12.51350 7.1345e-02     43.017 0.0000e+00
        744 179.474696    0.05160     3.0958    185.750  1025.1137  50634.534    31.7490     42.766    6.96618     6.5593     6.5690    24.9149   12.51422 7.1331e-02     43.175 0.0000e+00
        745 179.474699    0.05167     3.1000    186.000  1025.1150  50635.716    31.7492     42.931    6.96666     6.5560     6.5660    24.9154   12.51500 7.1300e-02     43.341 0.0000e+00
        746 179.474702    0.05174     3.1042    186.250  1025.1161  50636.413    31.7491     43.104    6.96716     6.5522     6.5629    24.9157   12.51583 7.1259e-02     43.516 0.0000e+00
        747 179.474705    0.05181     3.1083    186.500  1025.1171  50637.029    31.7488     43.283    6.96771     6.5480     6.5596    24.9159   12.51674 7.1222e-02     43.696 0.0000e+00
        748 179.474708    0.05187     3.1125    186.750  1025.1185  50638.169    31.7488     43.464    6.96832     6.5435     6.5558    24.9163   12.51775 7.1215e-02     43.879 0.0000e+00
        749 179.474711    0.05194     3.1167    187.000  1025.1203  50640.155    31.7493     43.645    6.96898     6.5393     6.5516    24.9173   12.51884 7.1238e-02     44.062 0.0000e+00
        750 179.474714    0.05201     3.1208    187.250  1025.1227  50643.432    31.7506     43.823    6.96964     6.5358     6.5472    24.9189   12.51991 7.1259e-02     44.241 0.0000e+00
        751 179.474716    0.05208     3.1250    187.500  1025.1256  50647.429    31.7525     43.996    6.97022     6.5329     6.5430    24.9209   12.52084 7.1265e-02     44.416 0.0000e+00
        752 179.474719    0.05215     3.1292    187.750  1025.1283  50651.153    31.7544     44.161    6.97070     6.5304     6.5395    24.9228   12.52162 7.1263e-02     44.582 0.0000e+00
        753 179.474722    0.05222     3.1333    188.000  1025.1303  50653.770    31.7556     44.312    6.97111     6.5278     6.5367    24.9242   12.52228 7.1247e-02     44.735 0.0000e+00
        754 179.474725    0.05229     3.1375    188.250  1025.1315  50655.071    31.7560     44.446    6.97151     6.5249     6.5341    24.9248   12.52293 7.1226e-02     44.870 0.0000e+00
        755 179.474728    0.05236     3.1417    188.500  1025.1324  50655.932    31.7561     44.562    6.97192     6.5219     6.5315    24.9252   12.52362 7.1209e-02     44.987 0.0000e+00
        756 179.474731    0.05243     3.1458    188.750  1025.1336  50657.408    31.7565     44.667    6.97236     6.5190     6.5287    24.9259   12.52434 7.1199e-02     45.094 0.0000e+00
        757 179.474734    0.05250     3.1500    189.000  1025.1352  50659.435    31.7573     44.775    6.97281     6.5162     6.5257    24.9269   12.52507 7.1200e-02     45.203 0.0000e+00
        758 179.474737    0.05257     3.1542    189.250  1025.1368  50661.499    31.7581     44.898    6.97325     6.5135     6.5228    24.9279   12.52578 7.1216e-02     45.327 0.0000e+00
        759 179.474740    0.05264     3.1583    189.500  1025.1385  50663.610    31.7590     45.040    6.97366     6.5112     6.5200    24.9289   12.52645 7.1240e-02     45.470 0.0000e+00
        760 179.474742    0.05271     3.1625    189.750  1025.1403  50665.867    31.7600     45.196    6.97404     6.5092     6.5173    24.9300   12.52707 7.1221e-02     45.627 0.0000e+00
        761 179.474745    0.05278     3.1667    190.000  1025.1423  50668.355    31.7612     45.353    6.97437     6.5078     6.5150    24.9313   12.52760 7.1154e-02     45.785 0.0000e+00
        762 179.474748    0.05285     3.1708    190.250  1025.1443  50670.894    31.7626     45.495    6.97462     6.5070     6.5130    24.9326   12.52801 7.1090e-02     45.929 0.0000e+00
        763 179.474751    0.05292     3.1750    190.500  1025.1459  50673.036    31.7638     45.606    6.97480     6.5068     6.5116    24.9337   12.52828 7.1053e-02     46.041 0.0000e+00
        764 179.474754    0.05299     3.1792    190.750  1025.1469  50674.403    31.7645     45.674    6.97489 -9.990e-29     6.5108    24.9345   12.52842 7.1045e-02     46.110 0.0000e+00
        765 179.474757    0.05306     3.1833    191.000  1025.1472  50674.850    31.7648     45.697    6.97491 -9.990e-29     6.5106    24.9347   12.52846 7.1048e-02     46.133 0.0000e+00
