CTD-processing/allCTD/CNV--homogene/2017_11-07_alongbay_skb08_cast097.cnv
* Sea-Bird SBE19plus Data File:
* FileName = C:\Users\Kim.Powell\Desktop\Not Processed\2017\2017_11-07_AlongBay,T9_4141\2017_11-07_TRANSECT_STATION_cast097.hex
* Software Version 1.59
* Temperature SN =  4141
* Conductivity SN =  4141
* System UpLoad Time = Nov 09 2017 10:27:02
** 2017_11-07
** Station: KB08
** Start Time: 11:54
** Depth (m): 80.8
** Comment: Edgecumbe
** Comment: CTD time 1 hr off for daylight savings time
# nquan = 17
# nvalues = 716                         
# units = specified
# name 0 = scan: Scan Count
# name 1 = timeJ: Julian Days
# name 2 = timeH: Time, Elapsed [hours]
# name 3 = timeM: Time, Elapsed [minutes]
# name 4 = timeS: Time, Elapsed [seconds]
# name 5 = density00: Density [density, kg/m^3]
# name 6 = specc: Specific Conductance [uS/cm]
# name 7 = sal00: Salinity, Practical [PSU]
# name 8 = depSM: Depth [salt water, m], lat = 59.00
# name 9 = oxsolML/L: Oxygen Saturation, Garcia & Gordon [ml/l]
# name 10 = potemp090C: Potential Temperature [ITS-90, deg C]
# name 11 = tv290C: Temperature [ITS-90, deg C]
# name 12 = sigma-é00: Density [sigma-theta, kg/m^3]
# name 13 = n2satML/L: Nitrogen Saturation [ml/l]
# name 14 = par: PAR/Irradiance, Biospherical/Licor
# name 15 = prdM: Pressure, Strain Gauge [db]
# name 16 = flag:  0.000e+00
# span 0 =          1,        716       
# span 1 = 311.537778, 311.539847       
# span 2 =    0.00000,    0.04965       
# span 3 =     0.0000,     2.9792       
# span 4 =      0.000,    178.750       
# span 5 =  1023.4347,  1024.1854       
# span 6 =  47918.955,  49173.100       
# span 7 =    30.1950,    30.9571       
# span 8 =      0.731,     78.183       
# span 9 =    6.63118,    6.89386       
# span 10 =     7.3433,     8.9998      
# span 11 =     7.3434,     9.0077      
# span 12 =    23.4294,    24.1309      
# span 13 =   11.97188,   12.40888      
# span 14 = 3.6382e-02, 5.9435e+01      
# span 15 =      0.738,     78.936      
# span 16 = 0.0000e+00, 0.0000e+00      
# interval = seconds: 0.25
# start_time = Nov 07 2017 12:54:24 [Instrument's time stamp, header]
# bad_flag = -9.990e-29
*END*
[from data line 681]
        682 311.539748    0.04729     2.8375    170.250  1024.1570  48718.454    30.7911     72.121    6.63237     8.9943     9.0003    23.8254   11.97388 3.6382e-02     72.815 0.0000e+00
        683 311.539751    0.04736     2.8417    170.500  1024.1580  48718.764    30.7914     72.316    6.63225     8.9949     9.0011    23.8254   11.97367 3.6382e-02     73.011 0.0000e+00
        684 311.539754    0.04743     2.8458    170.750  1024.1589  48718.869    30.7915     72.518    6.63214     8.9955     9.0018    23.8254   11.97349 3.6382e-02     73.216 0.0000e+00
        685 311.539757    0.04750     2.8500    171.000  1024.1596  48718.650    30.7913     72.723    6.63205     8.9959     9.0024    23.8252   11.97334 3.6382e-02     73.423 0.0000e+00
        686 311.539760    0.04757     2.8542    171.250  1024.1604  48718.546    30.7912     72.923    6.63197     8.9962     9.0030    23.8250   11.97321 3.6382e-02     73.624 0.0000e+00
        687 311.539763    0.04764     2.8583    171.500  1024.1611  48718.525    30.7912     73.112    6.63191     8.9965     9.0034    23.8249   11.97311 3.6382e-02     73.814 0.0000e+00
        688 311.539766    0.04771     2.8625    171.750  1024.1619  48718.577    30.7912     73.291    6.63186     8.9967     9.0037    23.8249   11.97302 3.6382e-02     73.995 0.0000e+00
        689 311.539769    0.04778     2.8667    172.000  1024.1629  48718.982    30.7915     73.466    6.63180     8.9970     9.0040    23.8250   11.97293 3.6382e-02     74.173 0.0000e+00
        690 311.539771    0.04785     2.8708    172.250  1024.1640  48719.631    30.7919     73.645    6.63175     8.9972     9.0043    23.8253   11.97284 3.6382e-02     74.354 0.0000e+00
        691 311.539774    0.04792     2.8750    172.500  1024.1652  48720.332    30.7923     73.834    6.63169     8.9975     9.0045    23.8256   11.97274 3.6382e-02     74.544 0.0000e+00
        692 311.539777    0.04799     2.8792    172.750  1024.1663  48720.760    30.7926     74.031    6.63164     8.9978     9.0048    23.8258   11.97265 3.6382e-02     74.743 0.0000e+00
        693 311.539780    0.04806     2.8833    173.000  1024.1670  48720.608    30.7924     74.235    6.63160     8.9980     9.0052    23.8256   11.97259 3.6382e-02     74.949 0.0000e+00
        694 311.539783    0.04813     2.8875    173.250  1024.1676  48720.162    30.7921     74.440    6.63157     8.9982     9.0055    23.8253   11.97254 3.6382e-02     75.156 0.0000e+00
        695 311.539786    0.04819     2.8917    173.500  1024.1684  48719.928    30.7918     74.640    6.63155     8.9983     9.0057    23.8251   11.97250 3.6382e-02     75.358 0.0000e+00
        696 311.539789    0.04826     2.8958    173.750  1024.1692  48720.014    30.7918     74.833    6.63152     8.9984     9.0059    23.8251   11.97246 3.6382e-02     75.553 0.0000e+00
        697 311.539792    0.04833     2.9000    174.000  1024.1702  48720.237    30.7919     75.018    6.63149     8.9985     9.0060    23.8252   11.97242 3.6382e-02     75.740 0.0000e+00
        698 311.539795    0.04840     2.9042    174.250  1024.1711  48720.495    30.7921     75.196    6.63147     8.9986     9.0061    23.8252   11.97238 3.6382e-02     75.920 0.0000e+00
        699 311.539797    0.04847     2.9083    174.500  1024.1720  48720.868    30.7923     75.370    6.63144     8.9988     9.0062    23.8254   11.97233 3.6382e-02     76.095 0.0000e+00
        700 311.539800    0.04854     2.9125    174.750  1024.1730  48721.391    30.7926     75.546    6.63140     8.9990     9.0064    23.8256   11.97226 3.6382e-02     76.273 0.0000e+00
        701 311.539803    0.04861     2.9167    175.000  1024.1741  48721.920    30.7929     75.729    6.63137     8.9991     9.0066    23.8258   11.97219 3.6382e-02     76.458 0.0000e+00
        702 311.539806    0.04868     2.9208    175.250  1024.1751  48722.294    30.7931     75.926    6.63133     8.9993     9.0068    23.8259   11.97213 3.6382e-02     76.657 0.0000e+00
        703 311.539809    0.04875     2.9250    175.500  1024.1761  48722.458    30.7931     76.136    6.63130     8.9994     9.0069    23.8260   11.97208 3.6382e-02     76.869 0.0000e+00
        704 311.539812    0.04882     2.9292    175.750  1024.1770  48722.484    30.7931     76.355    6.63128     8.9995     9.0071    23.8259   11.97204 3.6382e-02     77.090 0.0000e+00
        705 311.539815    0.04889     2.9333    176.000  1024.1779  48722.410    30.7930     76.569    6.63126     8.9995     9.0072    23.8258   11.97202 3.6382e-02     77.306 0.0000e+00
        706 311.539818    0.04896     2.9375    176.250  1024.1787  48722.341    30.7928     76.768    6.63125     8.9996     9.0074    23.8257   11.97200 3.6382e-02     77.507 0.0000e+00
        707 311.539821    0.04903     2.9417    176.500  1024.1795  48722.338    30.7927     76.948    6.63124     8.9997     9.0075    23.8256   11.97199 3.6382e-02     77.689 0.0000e+00
        708 311.539823    0.04910     2.9458    176.750  1024.1802  48722.293    30.7926     77.114    6.63123     8.9997     9.0075    23.8255   11.97197 3.6382e-02     77.856 0.0000e+00
        709 311.539826    0.04917     2.9500    177.000  1024.1808  48722.226    30.7925     77.274    6.63123     8.9997     9.0076    23.8255   11.97197 3.6382e-02     78.018 0.0000e+00
        710 311.539829    0.04924     2.9542    177.250  1024.1815  48722.196    30.7925     77.437    6.63122     8.9997     9.0076    23.8254   11.97196 3.6382e-02     78.182 0.0000e+00
        711 311.539832    0.04931     2.9583    177.500  1024.1823  48722.324    30.7925     77.604    6.63122     8.9998     9.0076    23.8254   11.97195 3.6382e-02     78.352 0.0000e+00
        712 311.539835    0.04938     2.9625    177.750  1024.1832  48722.668    30.7926     77.772    6.63120     8.9998     9.0077    23.8256   11.97193 3.6382e-02     78.521 0.0000e+00
        713 311.539838    0.04944     2.9667    178.000  1024.1840  48722.998    30.7928     77.928    6.63119     8.9997     9.0077    23.8257   11.97191 3.6382e-02     78.679 0.0000e+00
        714 311.539841    0.04951     2.9708    178.250  1024.1847  48723.234    30.7929     78.059    6.63119     8.9997     9.0077    23.8258   11.97189 3.6382e-02     78.811 0.0000e+00
        715 311.539844    0.04958     2.9750    178.500  1024.1852  48723.438    30.7930     78.150    6.63118 -9.990e-29     9.0077    23.8259   11.97188 3.6382e-02     78.903 0.0000e+00
        716 311.539847    0.04965     2.9792    178.750  1024.1854  48723.530    30.7931     78.183    6.63118 -9.990e-29     9.0077    23.8259   11.97188 3.6382e-02     78.936 0.0000e+00
