CTD-processing/allCTD/CNV--homogene/2017_12-14_t9_s06_cast120.cnv
* Sea-Bird SBE19plus Data File:
* FileName = C:\Users\Kim.Powell\Desktop\Not Processed\2017\2017_12-XX_4141\2017_12-14_TANSECT_STATION_cast120.hex
* Software Version 1.59
* Temperature SN =  4141
* Conductivity SN =  4141
* System UpLoad Time = Dec 18 2017 08:15:15
** 2017_12-14
** Station: 9-06
** Start Time: 11:18
** Depth (m): NA
** Comment: ** CTD recorded date as April 18
** Comment:
# nquan = 17
# nvalues = 739                         
# units = specified
# name 0 = scan: Scan Count
# name 1 = timeJ: Julian Days
# name 2 = timeH: Time, Elapsed [hours]
# name 3 = timeM: Time, Elapsed [minutes]
# name 4 = timeS: Time, Elapsed [seconds]
# name 5 = density00: Density [density, kg/m^3]
# name 6 = specc: Specific Conductance [uS/cm]
# name 7 = sal00: Salinity, Practical [PSU]
# name 8 = depSM: Depth [salt water, m], lat = 59.00
# name 9 = oxsolML/L: Oxygen Saturation, Garcia & Gordon [ml/l]
# name 10 = potemp090C: Potential Temperature [ITS-90, deg C]
# name 11 = tv290C: Temperature [ITS-90, deg C]
# name 12 = sigma-é00: Density [sigma-theta, kg/m^3]
# name 13 = n2satML/L: Nitrogen Saturation [ml/l]
# name 14 = par: PAR/Irradiance, Biospherical/Licor
# name 15 = prdM: Pressure, Strain Gauge [db]
# name 16 = flag:  0.000e+00
# span 0 =          1,        739       
# span 1 = 108.471400, 108.473536       
# span 2 =    0.00000,    0.05125       
# span 3 =     0.0000,     3.0750       
# span 4 =      0.000,    184.500       
# span 5 =  1023.4249,  1025.0635       
# span 6 =  47958.994,  50135.793       
# span 7 =    29.6397,    31.4197       
# span 8 =      0.617,     93.898       
# span 9 =    6.94508,    7.31953       
# span 10 =     5.0771,     6.7852      
# span 11 =     5.0685,     6.7933      
# span 12 =    23.4214,    24.6305      
# span 13 =   12.48348,   13.12530      
# span 14 = 3.6490e-02, 3.4268e+01      
# span 15 =      0.623,     94.805      
# span 16 = 0.0000e+00, 0.0000e+00      
# interval = seconds: 0.25
# start_time = Apr 18 2017 11:18:49 [Instrument's time stamp, header]
# bad_flag = -9.990e-29
*END*
[from data line 681]
        682 108.473371    0.04729     2.8375    170.250  1025.0160  50133.699    31.4139     83.173    6.95370     6.7439     6.7414    24.6294   12.49781 3.6547e-02     83.976 0.0000e+00
        683 108.473374    0.04736     2.8417    170.500  1025.0180  50135.793    31.4162     83.371    6.95284     6.7485     6.7461    24.6305   12.49636 3.6530e-02     84.176 0.0000e+00
        684 108.473377    0.04743     2.8458    170.750  1025.0182  50134.515    31.4161     83.564    6.95203     6.7523     6.7511    24.6298   12.49502 3.6525e-02     84.370 0.0000e+00
        685 108.473380    0.04750     2.8500    171.000  1025.0177  50131.936    31.4150     83.755    6.95133     6.7553     6.7557    24.6284   12.49387 3.6526e-02     84.563 0.0000e+00
        686 108.473383    0.04757     2.8542    171.250  1025.0170  50129.110    31.4137     83.951    6.95077     6.7574     6.7596    24.6269   12.49297 3.6525e-02     84.761 0.0000e+00
        687 108.473385    0.04764     2.8583    171.500  1025.0165  50126.512    31.4123     84.156    6.95036     6.7588     6.7626    24.6254   12.49230 3.6525e-02     84.968 0.0000e+00
        688 108.473388    0.04771     2.8625    171.750  1025.0163  50124.371    31.4111     84.371    6.95007     6.7597     6.7647    24.6242   12.49184 3.6536e-02     85.184 0.0000e+00
        689 108.473391    0.04778     2.8667    172.000  1025.0163  50122.595    31.4100     84.591    6.94988     6.7601     6.7662    24.6232   12.49154 3.6560e-02     85.406 0.0000e+00
        690 108.473394    0.04785     2.8708    172.250  1025.0163  50120.907    31.4089     84.811    6.94979     6.7600     6.7671    24.6222   12.49140 3.6586e-02     85.629 0.0000e+00
        691 108.473397    0.04792     2.8750    172.500  1025.0162  50119.105    31.4077     85.024    6.94978     6.7595     6.7675    24.6211   12.49141 3.6599e-02     85.844 0.0000e+00
        692 108.473400    0.04799     2.8792    172.750  1025.0162  50117.440    31.4064     85.224    6.94985     6.7588     6.7674    24.6202   12.49153 3.6593e-02     86.047 0.0000e+00
        693 108.473403    0.04806     2.8833    173.000  1025.0167  50116.923    31.4059     85.411    6.94996     6.7583     6.7669    24.6198   12.49171 3.6581e-02     86.235 0.0000e+00
        694 108.473406    0.04813     2.8875    173.250  1025.0185  50118.770    31.4069     85.588    6.95002     6.7586     6.7662    24.6207   12.49181 3.6570e-02     86.414 0.0000e+00
        695 108.473409    0.04819     2.8917    173.500  1025.0211  50122.282    31.4092     85.763    6.94998     6.7596     6.7658    24.6226   12.49172 3.6562e-02     86.591 0.0000e+00
        696 108.473411    0.04826     2.8958    173.750  1025.0234  50125.021    31.4111     85.944    6.94985     6.7607     6.7661    24.6240   12.49147 3.6566e-02     86.773 0.0000e+00
        697 108.473414    0.04833     2.9000    174.000  1025.0246  50125.699    31.4116     86.134    6.94967     6.7618     6.7670    24.6243   12.49116 3.6588e-02     86.965 0.0000e+00
        698 108.473417    0.04840     2.9042    174.250  1025.0252  50125.118    31.4113     86.337    6.94949     6.7627     6.7682    24.6240   12.49087 3.6618e-02     87.170 0.0000e+00
        699 108.473420    0.04847     2.9083    174.500  1025.0258  50124.632    31.4111     86.548    6.94933     6.7634     6.7693    24.6236   12.49061 3.6642e-02     87.384 0.0000e+00
        700 108.473423    0.04854     2.9125    174.750  1025.0267  50124.489    31.4111     86.761    6.94919     6.7640     6.7702    24.6235   12.49038 3.6651e-02     87.598 0.0000e+00
        701 108.473426    0.04861     2.9167    175.000  1025.0276  50124.569    31.4112     86.969    6.94906     6.7647     6.7709    24.6235   12.49017 3.6635e-02     87.808 0.0000e+00
        702 108.473429    0.04868     2.9208    175.250  1025.0288  50125.153    31.4116     87.167    6.94894     6.7654     6.7716    24.6237   12.48996 3.6611e-02     88.009 0.0000e+00
        703 108.473432    0.04875     2.9250    175.500  1025.0301  50126.114    31.4123     87.356    6.94880     6.7663     6.7722    24.6242   12.48972 3.6591e-02     88.199 0.0000e+00
        704 108.473435    0.04882     2.9292    175.750  1025.0313  50126.897    31.4129     87.536    6.94865     6.7672     6.7730    24.6246   12.48946 3.6573e-02     88.381 0.0000e+00
        705 108.473438    0.04889     2.9333    176.000  1025.0323  50127.290    31.4132     87.713    6.94849     6.7681     6.7739    24.6247   12.48919 3.6560e-02     88.560 0.0000e+00
        706 108.473440    0.04896     2.9375    176.250  1025.0332  50127.412    31.4134     87.891    6.94833     6.7689     6.7748    24.6247   12.48893 3.6554e-02     88.739 0.0000e+00
        707 108.473443    0.04903     2.9417    176.500  1025.0339  50127.340    31.4134     88.073    6.94819     6.7696     6.7757    24.6246   12.48869 3.6563e-02     88.923 0.0000e+00
        708 108.473446    0.04910     2.9458    176.750  1025.0347  50127.201    31.4134     88.262    6.94806     6.7702     6.7765    24.6245   12.48848 3.6576e-02     89.114 0.0000e+00
        709 108.473449    0.04917     2.9500    177.000  1025.0355  50127.197    31.4134     88.457    6.94794     6.7707     6.7772    24.6244   12.48829 3.6580e-02     89.311 0.0000e+00
        710 108.473452    0.04924     2.9542    177.250  1025.0365  50127.491    31.4136     88.654    6.94784     6.7713     6.7778    24.6245   12.48811 3.6569e-02     89.510 0.0000e+00
        711 108.473455    0.04931     2.9583    177.500  1025.0376  50127.849    31.4139     88.850    6.94773     6.7718     6.7784    24.6247   12.48793 3.6550e-02     89.708 0.0000e+00
        712 108.473458    0.04938     2.9625    177.750  1025.0385  50128.050    31.4140     89.042    6.94763     6.7724     6.7789    24.6247   12.48777 3.6543e-02     89.902 0.0000e+00
        713 108.473461    0.04944     2.9667    178.000  1025.0396  50128.541    31.4144     89.229    6.94753     6.7730     6.7795    24.6249   12.48759 3.6549e-02     90.090 0.0000e+00
        714 108.473464    0.04951     2.9708    178.250  1025.0410  50129.686    31.4152     89.410    6.94740     6.7740     6.7801    24.6255   12.48737 3.6550e-02     90.274 0.0000e+00
        715 108.473466    0.04958     2.9750    178.500  1025.0427  50131.430    31.4165     89.590    6.94723     6.7752     6.7808    24.6264   12.48708 3.6548e-02     90.455 0.0000e+00
        716 108.473469    0.04965     2.9792    178.750  1025.0445  50133.268    31.4178     89.772    6.94702     6.7766     6.7817    24.6274   12.48671 3.6552e-02     90.639 0.0000e+00
        717 108.473472    0.04972     2.9833    179.000  1025.0459  50134.361    31.4187     89.956    6.94678     6.7780     6.7830    24.6279   12.48630 3.6560e-02     90.825 0.0000e+00
        718 108.473475    0.04979     2.9875    179.250  1025.0469  50134.574    31.4190     90.144    6.94653     6.7792     6.7844    24.6280   12.48589 3.6565e-02     91.015 0.0000e+00
        719 108.473478    0.04986     2.9917    179.500  1025.0475  50134.134    31.4189     90.336    6.94631     6.7802     6.7858    24.6277   12.48552 3.6562e-02     91.208 0.0000e+00
        720 108.473481    0.04993     2.9958    179.750  1025.0480  50133.582    31.4186     90.529    6.94612     6.7810     6.7870    24.6273   12.48522 3.6561e-02     91.403 0.0000e+00
        721 108.473484    0.05000     3.0000    180.000  1025.0488  50133.587    31.4187     90.721    6.94596     6.7818     6.7880    24.6273   12.48495 3.6566e-02     91.598 0.0000e+00
        722 108.473487    0.05007     3.0042    180.250  1025.0497  50133.738    31.4189     90.912    6.94582     6.7824     6.7888    24.6273   12.48471 3.6562e-02     91.791 0.0000e+00
        723 108.473490    0.05014     3.0083    180.500  1025.0504  50133.490    31.4188     91.100    6.94570     6.7828     6.7896    24.6271   12.48452 3.6546e-02     91.980 0.0000e+00
        724 108.473492    0.05021     3.0125    180.750  1025.0509  50132.899    31.4184     91.284    6.94562     6.7830     6.7902    24.6268   12.48438 3.6533e-02     92.167 0.0000e+00
        725 108.473495    0.05028     3.0167    181.000  1025.0512  50132.089    31.4178     91.468    6.94557     6.7830     6.7907    24.6263   12.48431 3.6529e-02     92.352 0.0000e+00
        726 108.473498    0.05035     3.0208    181.250  1025.0515  50131.153    31.4171     91.652    6.94557     6.7828     6.7909    24.6257   12.48431 3.6530e-02     92.538 0.0000e+00
        727 108.473501    0.05042     3.0250    181.500  1025.0520  50130.611    31.4167     91.841    6.94559     6.7826     6.7909    24.6253   12.48436 3.6528e-02     92.729 0.0000e+00
        728 108.473504    0.05049     3.0292    181.750  1025.0532  50131.254    31.4170     92.036    6.94561     6.7826     6.7907    24.6256   12.48439 3.6526e-02     92.926 0.0000e+00
        729 108.473507    0.05056     3.0333    182.000  1025.0549  50132.704    31.4179     92.238    6.94559     6.7829     6.7905    24.6263   12.48435 3.6540e-02     93.129 0.0000e+00
        730 108.473510    0.05063     3.0375    182.250  1025.0563  50133.763    31.4185     92.445    6.94555     6.7832     6.7906    24.6268   12.48427 3.6567e-02     93.338 0.0000e+00
        731 108.473513    0.05069     3.0417    182.500  1025.0575  50134.178    31.4188     92.656    6.94550     6.7836     6.7909    24.6269   12.48418 3.6583e-02     93.551 0.0000e+00
        732 108.473516    0.05076     3.0458    182.750  1025.0585  50134.379    31.4189     92.866    6.94543     6.7839     6.7912    24.6270   12.48408 3.6582e-02     93.764 0.0000e+00
        733 108.473519    0.05083     3.0500    183.000  1025.0595  50134.626    31.4190     93.073    6.94537     6.7842     6.7916    24.6270   12.48397 3.6587e-02     93.973 0.0000e+00
        734 108.473521    0.05090     3.0542    183.250  1025.0606  50135.047    31.4193     93.273    6.94531     6.7846     6.7919    24.6272   12.48386 3.6596e-02     94.175 0.0000e+00
        735 108.473524    0.05097     3.0583    183.500  1025.0617  50135.552    31.4196     93.463    6.94524     6.7849     6.7923    24.6274   12.48374 3.6598e-02     94.366 0.0000e+00
        736 108.473527    0.05104     3.0625    183.750  1025.0625  50135.760    31.4197     93.634    6.94518     6.7851     6.7927    24.6275   12.48363 3.6593e-02     94.539 0.0000e+00
        737 108.473530    0.05111     3.0667    184.000  1025.0631  50135.620    31.4196     93.774    6.94513     6.7852     6.7930    24.6274   12.48355 3.6583e-02     94.680 0.0000e+00
        738 108.473533    0.05118     3.0708    184.250  1025.0634  50135.468    31.4195     93.866    6.94509 -9.990e-29     6.7932    24.6272   12.48350 3.6571e-02     94.773 0.0000e+00
        739 108.473536    0.05125     3.0750    184.500  1025.0635  50135.428    31.4195     93.898    6.94508 -9.990e-29     6.7933    24.6272   12.48348 3.6564e-02     94.805 0.0000e+00
