CTD-processing/allCTD/CNV--homogene/2017_06-28_alongbay_skb04_cast200.cnv
* Sea-Bird SBE19plus Data File:
* FileName = C:\Users\Kim.Powell\Desktop\2017_06-28_4141\AlongBay\2017_06-28_AlongBay200.hex
* Software Version 1.59
* Temperature SN =  4141
* Conductivity SN =  4141
* System UpLoad Time = Jul 21 2017 10:38:14
** CookInlet LTM AlongBay
** 2017_06-28
** Station: KB04
** Start Time: 15:05
** Depth: 150m
** Comment:
** Comment:
# nquan = 17
# nvalues = 910                         
# units = specified
# name 0 = scan: Scan Count
# name 1 = timeJ: Julian Days
# name 2 = timeH: Time, Elapsed [hours]
# name 3 = timeM: Time, Elapsed [minutes]
# name 4 = timeS: Time, Elapsed [seconds]
# name 5 = density00: Density [density, kg/m^3]
# name 6 = specc: Specific Conductance [uS/cm]
# name 7 = sal00: Salinity, Practical [PSU]
# name 8 = depSM: Depth [salt water, m], lat = 59.00
# name 9 = oxsolML/L: Oxygen Saturation, Garcia & Gordon [ml/l]
# name 10 = potemp090C: Potential Temperature [ITS-90, deg C]
# name 11 = tv290C: Temperature [ITS-90, deg C]
# name 12 = sigma-é00: Density [sigma-theta, kg/m^3]
# name 13 = n2satML/L: Nitrogen Saturation [ml/l]
# name 14 = par: PAR/Irradiance, Biospherical/Licor
# name 15 = prdM: Pressure, Strain Gauge [db]
# name 16 = flag:  0.000e+00
# span 0 =          1,        910       
# span 1 = 179.628750, 179.631380       
# span 2 =    0.00000,    0.06313       
# span 3 =     0.0000,     3.7875       
# span 4 =      0.000,    227.250       
# span 5 =  1000.2093,  1025.7203       
# span 6 =   1342.911,  50910.248       
# span 7 =     0.6626,    31.8378       
# span 8 =     -0.025,    150.863       
# span 9 =    6.54574,    7.83749       
# span 10 =     6.2287,    10.1504      
# span 11 =     6.2413,    10.1515      
# span 12 =     0.2094,    25.0181      
# span 13 =   11.82406,   14.39442      
# span 14 = 4.1952e-02, 5.0377e+02      
# span 15 =     -0.025,    152.342      
# span 16 = 0.0000e+00, 0.0000e+00      
# interval = seconds: 0.25
# start_time = Jun 28 2017 15:05:24 [Instrument's time stamp, header]
# bad_flag = -9.990e-29
*END*
[from data line 426]
        427 179.629983    0.02958     1.7750    106.500  1024.9148  50367.336    31.8119     30.424    6.74146     7.9697     7.9797    24.7743   12.14192 1.0927e-01     30.714 0.0000e+00
        428 179.629986    0.02965     1.7792    106.750  1024.9161  50367.726    31.8115     30.661    6.74199     7.9655     7.9763    24.7745   12.14280 1.0562e-01     30.953 0.0000e+00
        429 179.629988    0.02972     1.7833    107.000  1024.9168  50367.214    31.8105     30.889    6.74259     7.9607     7.9727    24.7742   12.14379 1.0235e-01     31.183 0.0000e+00
        430 179.629991    0.02979     1.7875    107.250  1024.9179  50367.353    31.8098     31.115    6.74326     7.9557     7.9685    24.7743   12.14492 9.9347e-02     31.411 0.0000e+00
        431 179.629994    0.02986     1.7917    107.500  1024.9201  50369.285    31.8103     31.345    6.74397     7.9512     7.9637    24.7753   12.14610 9.6395e-02     31.644 0.0000e+00
        432 179.629997    0.02993     1.7958    107.750  1024.9231  50372.718    31.8118     31.585    6.74466     7.9474     7.9587    24.7772   12.14721 9.3481e-02     31.886 0.0000e+00
        433 179.630000    0.03000     1.8000    108.000  1024.9263  50376.560    31.8136     31.833    6.74526     7.9443     7.9542    24.7793   12.14819 9.0819e-02     32.136 0.0000e+00
        434 179.630003    0.03007     1.8042    108.250  1024.9293  50380.033    31.8154     32.089    6.74577     7.9418     7.9504    24.7812   12.14901 8.8316e-02     32.394 0.0000e+00
        435 179.630006    0.03014     1.8083    108.500  1024.9321  50382.918    31.8168     32.349    6.74618     7.9398     7.9474    24.7827   12.14967 8.5725e-02     32.658 0.0000e+00
        436 179.630009    0.03021     1.8125    108.750  1024.9346  50385.294    31.8179     32.610    6.74650     7.9382     7.9449    24.7840   12.15019 8.3125e-02     32.921 0.0000e+00
        437 179.630012    0.03028     1.8167    109.000  1024.9367  50387.115    31.8188     32.865    6.74676     7.9367     7.9430    24.7850   12.15061 8.0702e-02     33.178 0.0000e+00
        438 179.630014    0.03035     1.8208    109.250  1024.9383  50388.195    31.8191     33.112    6.74700     7.9352     7.9413    24.7855   12.15099 7.8403e-02     33.427 0.0000e+00
        439 179.630017    0.03042     1.8250    109.500  1024.9397  50388.784    31.8192     33.357    6.74722     7.9338     7.9399    24.7857   12.15136 7.6166e-02     33.674 0.0000e+00
        440 179.630020    0.03049     1.8292    109.750  1024.9411  50389.320    31.8192     33.607    6.74744     7.9324     7.9384    24.7860   12.15172 7.4054e-02     33.927 0.0000e+00
        441 179.630023    0.03056     1.8333    110.000  1024.9425  50389.812    31.8192     33.865    6.74766     7.9309     7.9370    24.7862   12.15207 7.2130e-02     34.188 0.0000e+00
        442 179.630026    0.03062     1.8375    110.250  1024.9438  50390.087    31.8191     34.132    6.74788     7.9292     7.9356    24.7862   12.15244 7.0430e-02     34.457 0.0000e+00
        443 179.630029    0.03069     1.8417    110.500  1024.9450  50390.126    31.8187     34.404    6.74811     7.9271     7.9342    24.7862   12.15284 6.9079e-02     34.732 0.0000e+00
        444 179.630032    0.03076     1.8458    110.750  1024.9462  50390.067    31.8183     34.679    6.74839     7.9248     7.9325    24.7861   12.15330 6.8100e-02     35.009 0.0000e+00
        445 179.630035    0.03083     1.8500    111.000  1024.9475  50390.280    31.8180     34.951    6.74871     7.9223     7.9305    24.7861   12.15383 6.7143e-02     35.284 0.0000e+00
        446 179.630038    0.03090     1.8542    111.250  1024.9491  50391.076    31.8181     35.213    6.74907     7.9198     7.9282    24.7865   12.15442 6.5977e-02     35.549 0.0000e+00
        447 179.630041    0.03097     1.8583    111.500  1024.9509  50392.279    31.8184     35.465    6.74943     7.9173     7.9257    24.7871   12.15502 6.4716e-02     35.803 0.0000e+00
        448 179.630043    0.03104     1.8625    111.750  1024.9527  50393.562    31.8188     35.711    6.74980     7.9149     7.9232    24.7878   12.15562 6.3480e-02     36.052 0.0000e+00
        449 179.630046    0.03111     1.8667    112.000  1024.9545  50394.928    31.8193     35.957    6.75015     7.9126     7.9207    24.7885   12.15620 6.2303e-02     36.300 0.0000e+00
        450 179.630049    0.03118     1.8708    112.250  1024.9564  50396.399    31.8198     36.204    6.75050     7.9105     7.9183    24.7892   12.15676 6.1120e-02     36.550 0.0000e+00
        451 179.630052    0.03125     1.8750    112.500  1024.9583  50397.797    31.8203     36.454    6.75082     7.9085     7.9161    24.7900   12.15729 5.9842e-02     36.802 0.0000e+00
        452 179.630055    0.03132     1.8792    112.750  1024.9601  50399.066    31.8207     36.710    6.75111     7.9066     7.9140    24.7906   12.15778 5.8494e-02     37.060 0.0000e+00
        453 179.630058    0.03139     1.8833    113.000  1024.9619  50400.248    31.8211     36.973    6.75140     7.9047     7.9121    24.7912   12.15824 5.7280e-02     37.325 0.0000e+00
        454 179.630061    0.03146     1.8875    113.250  1024.9637  50401.209    31.8213     37.242    6.75168     7.9028     7.9102    24.7916   12.15869 5.6407e-02     37.597 0.0000e+00
        455 179.630064    0.03153     1.8917    113.500  1024.9650  50401.557    31.8212     37.511    6.75197     7.9005     7.9083    24.7918   12.15918 5.5824e-02     37.868 0.0000e+00
        456 179.630067    0.03160     1.8958    113.750  1024.9659  50400.942    31.8203     37.775    6.75230     7.8976     7.9064    24.7914   12.15974 5.5325e-02     38.135 0.0000e+00
        457 179.630069    0.03167     1.9000    114.000  1024.9664  50399.778    31.8190     38.036    6.75271     7.8942     7.9041    24.7907   12.16043 5.4843e-02     38.398 0.0000e+00
        458 179.630072    0.03174     1.9042    114.250  1024.9670  50398.922    31.8178     38.293    6.75319     7.8903     7.9012    24.7902   12.16125 5.4499e-02     38.658 0.0000e+00
        459 179.630075    0.03181     1.9083    114.500  1024.9679  50398.394    31.8168     38.551    6.75376     7.8858     7.8979    24.7898   12.16219 5.4277e-02     38.918 0.0000e+00
        460 179.630078    0.03188     1.9125    114.750  1024.9685  50397.384    31.8153     38.809    6.75441     7.8803     7.8940    24.7892   12.16330 5.3963e-02     39.179 0.0000e+00
        461 179.630081    0.03194     1.9167    115.000  1024.9686  50395.335    31.8130     39.071    6.75520     7.8734     7.8895    24.7881   12.16463 5.3588e-02     39.444 0.0000e+00
        462 179.630084    0.03201     1.9208    115.250  1024.9679  50391.942    31.8097     39.339    6.75619     7.8648     7.8840    24.7862   12.16631 5.3291e-02     39.715 0.0000e+00
        463 179.630087    0.03208     1.9250    115.500  1024.9671  50388.194    31.8058     39.613    6.75742     7.8550     7.8771    24.7842   12.16838 5.2888e-02     39.991 0.0000e+00
        464 179.630090    0.03215     1.9292    115.750  1024.9677  50386.849    31.8033     39.886    6.75884     7.8448     7.8686    24.7835   12.17077 5.2285e-02     40.267 0.0000e+00
        465 179.630093    0.03222     1.9333    116.000  1024.9702  50389.124    31.8032     40.158    6.76036     7.8354     7.8588    24.7847   12.17328 5.1734e-02     40.541 0.0000e+00
        466 179.630095    0.03229     1.9375    116.250  1024.9743  50394.060    31.8049     40.431    6.76183     7.8271     7.8487    24.7875   12.17570 5.1395e-02     40.816 0.0000e+00
        467 179.630098    0.03236     1.9417    116.500  1024.9791  50400.474    31.8077     40.708    6.76316     7.8204     7.8392    24.7910   12.17786 5.1140e-02     41.096 0.0000e+00
        468 179.630101    0.03243     1.9458    116.750  1024.9840  50407.070    31.8109     40.989    6.76428     7.8150     7.8310    24.7947   12.17967 5.0800e-02     41.380 0.0000e+00
        469 179.630104    0.03250     1.9500    117.000  1024.9884  50412.693    31.8136     41.273    6.76519     7.8108     7.8243    24.7977   12.18114 5.0407e-02     41.666 0.0000e+00
        470 179.630107    0.03257     1.9542    117.250  1024.9921  50417.094    31.8156     41.556    6.76592     7.8073     7.8190    24.8001   12.18232 4.9937e-02     41.952 0.0000e+00
        471 179.630110    0.03264     1.9583    117.500  1024.9953  50420.631    31.8173     41.838    6.76650     7.8045     7.8147    24.8021   12.18326 4.9299e-02     42.237 0.0000e+00
        472 179.630113    0.03271     1.9625    117.750  1024.9981  50423.526    31.8186     42.115    6.76697     7.8022     7.8113    24.8036   12.18401 4.8597e-02     42.517 0.0000e+00
        473 179.630116    0.03278     1.9667    118.000  1025.0006  50425.920    31.8197     42.385    6.76735     7.8002     7.8085    24.8048   12.18463 4.7993e-02     42.789 0.0000e+00
        474 179.630119    0.03285     1.9708    118.250  1025.0029  50427.915    31.8206     42.648    6.76766     7.7986     7.8062    24.8059   12.18514 4.7535e-02     43.055 0.0000e+00
        475 179.630122    0.03292     1.9750    118.500  1025.0049  50429.504    31.8213     42.911    6.76792     7.7973     7.8043    24.8067   12.18556 4.7235e-02     43.320 0.0000e+00
        476 179.630124    0.03299     1.9792    118.750  1025.0068  50430.810    31.8218     43.179    6.76814     7.7961     7.8027    24.8073   12.18592 4.7081e-02     43.590 0.0000e+00
        477 179.630127    0.03306     1.9833    119.000  1025.0087  50432.078    31.8224     43.451    6.76832     7.7951     7.8014    24.8079   12.18621 4.6946e-02     43.865 0.0000e+00
        478 179.630130    0.03313     1.9875    119.250  1025.0106  50433.449    31.8230     43.726    6.76847     7.7944     7.8002    24.8086   12.18645 4.6733e-02     44.143 0.0000e+00
        479 179.630133    0.03319     1.9917    119.500  1025.0126  50434.928    31.8238     44.001    6.76858     7.7940     7.7993    24.8094   12.18663 4.6472e-02     44.421 0.0000e+00
        480 179.630136    0.03326     1.9958    119.750  1025.0146  50436.398    31.8246     44.273    6.76865     7.7938     7.7986    24.8101   12.18673 4.6194e-02     44.696 0.0000e+00
        481 179.630139    0.03333     2.0000    120.000  1025.0164  50437.592    31.8252     44.542    6.76868     7.7937     7.7982    24.8106   12.18677 4.5934e-02     44.967 0.0000e+00
        482 179.630142    0.03340     2.0042    120.250  1025.0179  50438.250    31.8255     44.806    6.76869     7.7935     7.7981    24.8109   12.18679 4.5757e-02     45.233 0.0000e+00
        483 179.630145    0.03347     2.0083    120.500  1025.0191  50438.359    31.8255     45.065    6.76871     7.7930     7.7980    24.8109   12.18681 4.5678e-02     45.495 0.0000e+00
        484 179.630148    0.03354     2.0125    120.750  1025.0200  50438.071    31.8252     45.323    6.76875     7.7921     7.7978    24.8106   12.18689 4.5651e-02     45.756 0.0000e+00
        485 179.630150    0.03361     2.0167    121.000  1025.0208  50437.453    31.8245     45.580    6.76885     7.7906     7.7974    24.8102   12.18705 4.5587e-02     46.016 0.0000e+00
        486 179.630153    0.03368     2.0208    121.250  1025.0214  50436.636    31.8237     45.835    6.76902     7.7883     7.7965    24.8097   12.18735 4.5432e-02     46.273 0.0000e+00
        487 179.630156    0.03375     2.0250    121.500  1025.0221  50435.906    31.8228     46.084    6.76930     7.7852     7.7950    24.8092   12.18782 4.5265e-02     46.524 0.0000e+00
        488 179.630159    0.03382     2.0292    121.750  1025.0229  50435.268    31.8219     46.329    6.76969     7.7811     7.7927    24.8088   12.18848 4.5219e-02     46.771 0.0000e+00
        489 179.630162    0.03389     2.0333    122.000  1025.0235  50434.370    31.8206     46.573    6.77022     7.7761     7.7896    24.8083   12.18937 4.5209e-02     47.018 0.0000e+00
        490 179.630165    0.03396     2.0375    122.250  1025.0241  50433.541    31.8193     46.817    6.77090     7.7702     7.7856    24.8078   12.19051 4.5128e-02     47.264 0.0000e+00
        491 179.630168    0.03403     2.0417    122.500  1025.0254  50433.979    31.8186     47.059    6.77170     7.7640     7.7805    24.8080   12.19185 4.5051e-02     47.509 0.0000e+00
        492 179.630171    0.03410     2.0458    122.750  1025.0277  50436.169    31.8191     47.298    6.77258     7.7578     7.7747    24.8092   12.19330 4.5012e-02     47.751 0.0000e+00
        493 179.630174    0.03417     2.0500    123.000  1025.0306  50439.366    31.8202     47.540    6.77349     7.7516     7.7685    24.8109   12.19479 4.5008e-02     47.994 0.0000e+00
        494 179.630177    0.03424     2.0542    123.250  1025.0333  50442.281    31.8211     47.785    6.77440     7.7452     7.7623    24.8125   12.19629 4.4915e-02     48.242 0.0000e+00
        495 179.630179    0.03431     2.0583    123.500  1025.0354  50443.974    31.8212     48.033    6.77535     7.7383     7.7561    24.8134   12.19785 4.4616e-02     48.492 0.0000e+00
        496 179.630182    0.03438     2.0625    123.750  1025.0368  50444.450    31.8203     48.279    6.77637     7.7305     7.7498    24.8137   12.19954 4.4262e-02     48.740 0.0000e+00
        497 179.630185    0.03444     2.0667    124.000  1025.0378  50444.305    31.8190     48.521    6.77750     7.7220     7.7428    24.8136   12.20143 4.3988e-02     48.985 0.0000e+00
        498 179.630188    0.03451     2.0708    124.250  1025.0388  50444.155    31.8175     48.761    6.77875     7.7130     7.7351    24.8135   12.20352 4.3799e-02     49.227 0.0000e+00
        499 179.630191    0.03458     2.0750    124.500  1025.0401  50444.505    31.8163     48.998    6.78011     7.7037     7.7267    24.8137   12.20578 4.3671e-02     49.466 0.0000e+00
        500 179.630194    0.03465     2.0792    124.750  1025.0418  50445.549    31.8154     49.228    6.78154     7.6944     7.7177    24.8143   12.20816 4.3567e-02     49.698 0.0000e+00
        501 179.630197    0.03472     2.0833    125.000  1025.0440  50447.761    31.8153     49.449    6.78298     7.6858     7.7084    24.8155   12.21054 4.3477e-02     49.922 0.0000e+00
        502 179.630200    0.03479     2.0875    125.250  1025.0474  50452.096    31.8167     49.663    6.78434     7.6784     7.6991    24.8179   12.21278 4.3384e-02     50.138 0.0000e+00
        503 179.630203    0.03486     2.0917    125.500  1025.0517  50457.959    31.8193     49.877    6.78555     7.6723     7.6905    24.8211   12.21475 4.3291e-02     50.354 0.0000e+00
        504 179.630205    0.03493     2.0958    125.750  1025.0558  50463.628    31.8219     50.100    6.78658     7.6673     7.6831    24.8242   12.21641 4.3207e-02     50.579 0.0000e+00
        505 179.630208    0.03500     2.1000    126.000  1025.0594  50468.181    31.8240     50.337    6.78743     7.6631     7.6770    24.8267   12.21779 4.3126e-02     50.818 0.0000e+00
        506 179.630211    0.03507     2.1042    126.250  1025.0623  50471.521    31.8254     50.585    6.78814     7.6594     7.6720    24.8285   12.21895 4.3053e-02     51.069 0.0000e+00
        507 179.630214    0.03514     2.1083    126.500  1025.0648  50474.063    31.8263     50.845    6.78875     7.6563     7.6678    24.8298   12.21994 4.3015e-02     51.331 0.0000e+00
        508 179.630217    0.03521     2.1125    126.750  1025.0673  50476.340    31.8272     51.113    6.78927     7.6536     7.6642    24.8310   12.22080 4.3054e-02     51.601 0.0000e+00
        509 179.630220    0.03528     2.1167    127.000  1025.0697  50478.577    31.8281     51.382    6.78972     7.6514     7.6611    24.8322   12.22153 4.3116e-02     51.873 0.0000e+00
        510 179.630223    0.03535     2.1208    127.250  1025.0720  50480.707    31.8290     51.647    6.79009     7.6497     7.6584    24.8333   12.22213 4.3107e-02     52.141 0.0000e+00
