CTD-processing/allCTD/CNV--homogene/2017_04-18_t6_s17_cast086.cnv
* Sea-Bird SBE19plus Data File:
* FileName = P:\My Documents\kasitsna\Research-KBL\Oceanography-AK\CTD-Data-ALL-to-2017-02\2017-CTD-KachemakBay-CookInlet\2017-04-18-CookInlet-Tran6-Douglas\2017-04-18-CookInlet-Tran6-cast086.hex
* Software Version 1.59
* Temperature SN =  4141
* Conductivity SN =  4141
* System UpLoad Time = Apr 18 2017 23:04:28
** Cook Inlet LTM Transect 6 Douglas east to west
** Date: (YYYY-MM-DD): 2017-04-18
** Station: (eg. 9-01): 6-17
** Start time (AKDT): 18:08
** Depth (m): 164.6
** Comment: R/V Alaska Dreamcatcher
** Comment:
# nquan = 17
# nvalues = 797                         
# units = specified
# name 0 = scan: Scan Count
# name 1 = timeJ: Julian Days
# name 2 = timeH: Time, Elapsed [hours]
# name 3 = timeM: Time, Elapsed [minutes]
# name 4 = timeS: Time, Elapsed [seconds]
# name 5 = density00: Density [density, kg/m^3]
# name 6 = specc: Specific Conductance [uS/cm]
# name 7 = sal00: Salinity, Practical [PSU]
# name 8 = depSM: Depth [salt water, m], lat = 59.00
# name 9 = oxsolML/L: Oxygen Saturation, Garcia & Gordon [ml/l]
# name 10 = potemp090C: Potential Temperature [ITS-90, deg C]
# name 11 = tv290C: Temperature [ITS-90, deg C]
# name 12 = sigma-é00: Density [sigma-theta, kg/m^3]
# name 13 = n2satML/L: Nitrogen Saturation [ml/l]
# name 14 = par: PAR/Irradiance, Biospherical/Licor
# name 15 = prdM: Pressure, Strain Gauge [db]
# name 16 = flag:  0.000e+00
# span 0 =          1,        797       
# span 1 = 108.755799, 108.758102       
# span 2 =    0.00000,    0.05528       
# span 3 =     0.0000,     3.3167       
# span 4 =      0.000,    199.000       
# span 5 =  1000.5437,  1026.5251       
# span 6 =   1465.646,  52379.488       
# span 7 =     0.7095,    32.6515       
# span 8 =     -0.064,    160.685       
# span 9 =    7.12706,    9.03758       
# span 10 =     4.3689,     5.4060      
# span 11 =     4.3689,     5.4061      
# span 12 =     0.5440,    25.7785      
# span 13 =   12.76856,   16.41389      
# span 14 = 3.6382e-02, 8.8571e+01      
# span 15 =     -0.065,    162.266      
# span 16 = 0.0000e+00, 0.0000e+00      
# interval = seconds: 0.25
# start_time = Apr 18 2017 18:08:21 [Instrument's time stamp, header]
# bad_flag = -9.990e-29
*END*
[from data line 426]
        427 108.757031    0.02958     1.7750    106.500  1025.8788  52063.316    32.4174     53.938    7.19269     5.0171     5.0225    25.6262   12.87985 4.2547e-02     54.454 0.0000e+00
        428 108.757034    0.02965     1.7792    106.750  1025.8800  52063.336    32.4171     54.224    7.19282     5.0162     5.0218    25.6260   12.88007 4.2157e-02     54.743 0.0000e+00
        429 108.757037    0.02972     1.7833    107.000  1025.8813  52063.338    32.4168     54.522    7.19297     5.0153     5.0211    25.6258   12.88031 4.1798e-02     55.044 0.0000e+00
        430 108.757040    0.02979     1.7875    107.250  1025.8826  52063.398    32.4165     54.832    7.19313     5.0142     5.0202    25.6257   12.88058 4.1476e-02     55.357 0.0000e+00
        431 108.757043    0.02986     1.7917    107.500  1025.8840  52063.565    32.4162     55.154    7.19330     5.0131     5.0193    25.6256   12.88087 4.1216e-02     55.682 0.0000e+00
        432 108.757046    0.02993     1.7958    107.750  1025.8856  52064.100    32.4162     55.482    7.19348     5.0121     5.0183    25.6257   12.88117 4.1041e-02     56.013 0.0000e+00
        433 108.757049    0.03000     1.8000    108.000  1025.8874  52064.859    32.4164     55.808    7.19365     5.0112     5.0172    25.6259   12.88145 4.0866e-02     56.342 0.0000e+00
        434 108.757052    0.03007     1.8042    108.250  1025.8890  52065.519    32.4165     56.125    7.19381     5.0104     5.0163    25.6261   12.88171 4.0577e-02     56.662 0.0000e+00
        435 108.757054    0.03014     1.8083    108.500  1025.8906  52066.199    32.4166     56.429    7.19396     5.0097     5.0154    25.6263   12.88195 4.0173e-02     56.969 0.0000e+00
        436 108.757057    0.03021     1.8125    108.750  1025.8922  52066.981    32.4168     56.716    7.19408     5.0090     5.0146    25.6266   12.88216 3.9773e-02     57.259 0.0000e+00
        437 108.757060    0.03028     1.8167    109.000  1025.8937  52067.699    32.4170     56.986    7.19420     5.0084     5.0138    25.6268   12.88234 3.9451e-02     57.531 0.0000e+00
        438 108.757063    0.03035     1.8208    109.250  1025.8950  52068.209    32.4171     57.240    7.19431     5.0079     5.0132    25.6269   12.88251 3.9177e-02     57.788 0.0000e+00
        439 108.757066    0.03042     1.8250    109.500  1025.8962  52068.545    32.4170     57.483    7.19441     5.0075     5.0127    25.6270   12.88267 3.8921e-02     58.034 0.0000e+00
        440 108.757069    0.03049     1.8292    109.750  1025.8975  52068.961    32.4171     57.722    7.19449     5.0071     5.0122    25.6271   12.88281 3.8675e-02     58.275 0.0000e+00
        441 108.757072    0.03056     1.8333    110.000  1025.8988  52069.453    32.4172     57.963    7.19456     5.0067     5.0117    25.6272   12.88292 3.8437e-02     58.518 0.0000e+00
        442 108.757075    0.03062     1.8375    110.250  1025.9000  52069.723    32.4172     58.211    7.19462     5.0063     5.0114    25.6272   12.88303 3.8230e-02     58.769 0.0000e+00
        443 108.757078    0.03069     1.8417    110.500  1025.9010  52069.691    32.4169     58.470    7.19469     5.0057     5.0110    25.6271   12.88315 3.8060e-02     59.030 0.0000e+00
        444 108.757080    0.03076     1.8458    110.750  1025.9021  52069.559    32.4166     58.738    7.19478     5.0051     5.0106    25.6269   12.88329 3.7902e-02     59.301 0.0000e+00
        445 108.757083    0.03083     1.8500    111.000  1025.9032  52069.473    32.4163     59.016    7.19488     5.0043     5.0101    25.6267   12.88347 3.7734e-02     59.581 0.0000e+00
        446 108.757086    0.03090     1.8542    111.250  1025.9044  52069.388    32.4160     59.301    7.19501     5.0033     5.0094    25.6265   12.88368 3.7518e-02     59.869 0.0000e+00
        447 108.757089    0.03097     1.8583    111.500  1025.9055  52069.241    32.4156     59.593    7.19516     5.0021     5.0087    25.6263   12.88394 3.7313e-02     60.164 0.0000e+00
        448 108.757092    0.03104     1.8625    111.750  1025.9065  52068.967    32.4150     59.887    7.19535     5.0006     5.0077    25.6259   12.88427 3.7176e-02     60.461 0.0000e+00
        449 108.757095    0.03111     1.8667    112.000  1025.9076  52068.745    32.4144     60.183    7.19558     4.9990     5.0065    25.6256   12.88466 3.7036e-02     60.760 0.0000e+00
        450 108.757098    0.03118     1.8708    112.250  1025.9087  52068.750    32.4140     60.479    7.19585     4.9970     5.0051    25.6254   12.88511 3.6867e-02     61.059 0.0000e+00
        451 108.757101    0.03125     1.8750    112.500  1025.9098  52068.497    32.4133     60.773    7.19617     4.9946     5.0034    25.6250   12.88564 3.6711e-02     61.355 0.0000e+00
        452 108.757104    0.03132     1.8792    112.750  1025.9104  52067.483    32.4120     61.065    7.19656     4.9917     5.0015    25.6242   12.88631 3.6593e-02     61.650 0.0000e+00
        453 108.757106    0.03139     1.8833    113.000  1025.9111  52066.761    32.4108     61.357    7.19703     4.9888     4.9991    25.6236   12.88710 3.6521e-02     61.945 0.0000e+00
        454 108.757109    0.03146     1.8875    113.250  1025.9129  52068.141    32.4110     61.646    7.19752     4.9864     4.9962    25.6240   12.88790 3.6476e-02     62.237 0.0000e+00
        455 108.757112    0.03153     1.8917    113.500  1025.9158  52071.527    32.4125     61.930    7.19794     4.9847     4.9933    25.6256   12.88858 3.6442e-02     62.524 0.0000e+00
        456 108.757115    0.03160     1.8958    113.750  1025.9189  52075.515    32.4146     62.205    7.19826     4.9839     4.9909    25.6275   12.88908 3.6418e-02     62.801 0.0000e+00
        457 108.757118    0.03167     1.9000    114.000  1025.9221  52079.497    32.4168     62.470    7.19844     4.9839     4.9892    25.6294   12.88933 3.6404e-02     63.069 0.0000e+00
        458 108.757121    0.03174     1.9042    114.250  1025.9254  52083.620    32.4194     62.727    7.19845     4.9848     4.9884    25.6315   12.88933 3.6395e-02     63.329 0.0000e+00
        459 108.757124    0.03181     1.9083    114.500  1025.9287  52087.576    32.4220     62.978    7.19831     4.9865     4.9885    25.6336   12.88907 3.6390e-02     63.582 0.0000e+00
        460 108.757127    0.03188     1.9125    114.750  1025.9315  52090.785    32.4243     63.226    7.19804     4.9887     4.9895    25.6354   12.88859 3.6387e-02     63.833 0.0000e+00
        461 108.757130    0.03194     1.9167    115.000  1025.9340  52093.126    32.4262     63.476    7.19766     4.9912     4.9912    25.6367   12.88794 3.6385e-02     64.085 0.0000e+00
        462 108.757133    0.03201     1.9208    115.250  1025.9359  52094.262    32.4273     63.730    7.19722     4.9937     4.9934    25.6373   12.88719 3.6384e-02     64.342 0.0000e+00
        463 108.757135    0.03208     1.9250    115.500  1025.9370  52093.989    32.4276     63.995    7.19677     4.9958     4.9959    25.6372   12.88645 3.6383e-02     64.609 0.0000e+00
        464 108.757138    0.03215     1.9292    115.750  1025.9377  52092.722    32.4271     64.272    7.19637     4.9975     4.9984    25.6366   12.88579 3.6383e-02     64.889 0.0000e+00
        465 108.757141    0.03222     1.9333    116.000  1025.9382  52091.151    32.4264     64.562    7.19603     4.9988     5.0006    25.6357   12.88525 3.6382e-02     65.181 0.0000e+00
        466 108.757144    0.03229     1.9375    116.250  1025.9390  52090.053    32.4259     64.862    7.19576     5.0000     5.0023    25.6351   12.88482 3.6382e-02     65.484 0.0000e+00
        467 108.757147    0.03236     1.9417    116.500  1025.9403  52089.834    32.4259     65.168    7.19553     5.0011     5.0036    25.6350   12.88443 3.6382e-02     65.793 0.0000e+00
        468 108.757150    0.03243     1.9458    116.750  1025.9420  52090.469    32.4264     65.476    7.19530     5.0024     5.0048    25.6353   12.88404 3.6382e-02     66.105 0.0000e+00
        469 108.757153    0.03250     1.9500    117.000  1025.9439  52091.415    32.4271     65.783    7.19506     5.0038     5.0060    25.6358   12.88364 3.6382e-02     66.415 0.0000e+00
        470 108.757156    0.03257     1.9542    117.250  1025.9456  52091.869    32.4276     66.084    7.19482     5.0051     5.0073    25.6360   12.88322 3.6382e-02     66.719 0.0000e+00
        471 108.757159    0.03264     1.9583    117.500  1025.9467  52091.576    32.4276     66.375    7.19458     5.0063     5.0087    25.6358   12.88284 3.6382e-02     67.012 0.0000e+00
        472 108.757161    0.03271     1.9625    117.750  1025.9475  52090.729    32.4271     66.651    7.19437     5.0072     5.0100    25.6353   12.88250 3.6382e-02     67.291 0.0000e+00
        473 108.757164    0.03278     1.9667    118.000  1025.9482  52089.722    32.4266     66.914    7.19420     5.0079     5.0112    25.6348   12.88222 3.6382e-02     67.557 0.0000e+00
        474 108.757167    0.03285     1.9708    118.250  1025.9490  52088.971    32.4261     67.166    7.19406     5.0084     5.0121    25.6343   12.88199 3.6382e-02     67.811 0.0000e+00
        475 108.757170    0.03292     1.9750    118.500  1025.9499  52088.632    32.4259     67.410    7.19395     5.0088     5.0128    25.6341   12.88181 3.6382e-02     68.058 0.0000e+00
        476 108.757173    0.03299     1.9792    118.750  1025.9509  52088.582    32.4259     67.654    7.19386     5.0091     5.0134    25.6340   12.88166 3.6382e-02     68.304 0.0000e+00
        477 108.757176    0.03306     1.9833    119.000  1025.9521  52088.706    32.4259     67.904    7.19378     5.0095     5.0138    25.6340   12.88153 3.6382e-02     68.556 0.0000e+00
        478 108.757179    0.03313     1.9875    119.250  1025.9534  52088.974    32.4261     68.163    7.19370     5.0098     5.0142    25.6341   12.88141 3.6382e-02     68.818 0.0000e+00
        479 108.757182    0.03319     1.9917    119.500  1025.9547  52089.276    32.4262     68.437    7.19363     5.0102     5.0146    25.6341   12.88130 3.6382e-02     69.095 0.0000e+00
        480 108.757185    0.03326     1.9958    119.750  1025.9561  52089.560    32.4264     68.727    7.19357     5.0105     5.0149    25.6342   12.88118 3.6382e-02     69.388 0.0000e+00
        481 108.757188    0.03333     2.0000    120.000  1025.9576  52089.806    32.4265     69.034    7.19350     5.0108     5.0153    25.6342   12.88107 3.6382e-02     69.697 0.0000e+00
        482 108.757190    0.03340     2.0042    120.250  1025.9591  52089.982    32.4265     69.354    7.19344     5.0109     5.0156    25.6342   12.88097 3.6382e-02     70.020 0.0000e+00
        483 108.757193    0.03347     2.0083    120.500  1025.9606  52090.161    32.4265     69.685    7.19339     5.0110     5.0159    25.6342   12.88089 3.6382e-02     70.354 0.0000e+00
        484 108.757196    0.03354     2.0125    120.750  1025.9622  52090.387    32.4265     70.023    7.19335     5.0110     5.0161    25.6342   12.88082 3.6382e-02     70.696 0.0000e+00
        485 108.757199    0.03361     2.0167    121.000  1025.9638  52090.558    32.4265     70.362    7.19333     5.0109     5.0162    25.6342   12.88079 3.6382e-02     71.038 0.0000e+00
        486 108.757202    0.03368     2.0208    121.250  1025.9654  52090.798    32.4265     70.696    7.19333     5.0108     5.0163    25.6342   12.88078 3.6382e-02     71.375 0.0000e+00
        487 108.757205    0.03375     2.0250    121.500  1025.9671  52091.520    32.4269     71.016    7.19332     5.0109     5.0162    25.6345   12.88077 3.6382e-02     71.699 0.0000e+00
        488 108.757208    0.03382     2.0292    121.750  1025.9693  52093.117    32.4278     71.318    7.19329     5.0113     5.0161    25.6352   12.88071 3.6382e-02     72.003 0.0000e+00
        489 108.757211    0.03389     2.0333    122.000  1025.9719  52095.773    32.4295     71.595    7.19320     5.0123     5.0162    25.6365   12.88054 3.6382e-02     72.284 0.0000e+00
        490 108.757214    0.03396     2.0375    122.250  1025.9747  52098.874    32.4316     71.847    7.19302     5.0139     5.0166    25.6382   12.88021 3.6382e-02     72.538 0.0000e+00
        491 108.757216    0.03403     2.0417    122.500  1025.9771  52101.347    32.4334     72.073    7.19275     5.0157     5.0177    25.6395   12.87974 3.6382e-02     72.766 0.0000e+00
        492 108.757219    0.03410     2.0458    122.750  1025.9789  52102.850    32.4347     72.281    7.19242     5.0178     5.0193    25.6403   12.87918 3.6382e-02     72.975 0.0000e+00
        493 108.757222    0.03417     2.0500    123.000  1025.9804  52103.850    32.4357     72.476    7.19205     5.0201     5.0211    25.6409   12.87856 3.6382e-02     73.173 0.0000e+00
        494 108.757225    0.03424     2.0542    123.250  1025.9820  52105.044    32.4369     72.669    7.19164     5.0227     5.0232    25.6416   12.87787 3.6382e-02     73.368 0.0000e+00
        495 108.757228    0.03431     2.0583    123.500  1025.9840  52106.913    32.4386     72.869    7.19117     5.0257     5.0254    25.6427   12.87706 3.6382e-02     73.569 0.0000e+00
        496 108.757231    0.03438     2.0625    123.750  1025.9863  52109.061    32.4405     73.083    7.19062     5.0289     5.0281    25.6440   12.87614 3.6382e-02     73.786 0.0000e+00
        497 108.757234    0.03444     2.0667    124.000  1025.9881  52110.122    32.4418     73.317    7.19004     5.0319     5.0311    25.6447   12.87516 3.6382e-02     74.023 0.0000e+00
        498 108.757237    0.03451     2.0708    124.250  1025.9891  52109.589    32.4420     73.574    7.18948     5.0346     5.0343    25.6445   12.87423 3.6382e-02     74.282 0.0000e+00
        499 108.757240    0.03458     2.0750    124.500  1025.9900  52108.641    32.4419     73.851    7.18896     5.0370     5.0373    25.6441   12.87339 3.6382e-02     74.561 0.0000e+00
        500 108.757242    0.03465     2.0792    124.750  1025.9913  52108.561    32.4423     74.144    7.18849     5.0394     5.0400    25.6441   12.87259 3.6382e-02     74.858 0.0000e+00
        501 108.757245    0.03472     2.0833    125.000  1025.9932  52109.341    32.4432     74.451    7.18802     5.0419     5.0425    25.6446   12.87181 3.6382e-02     75.167 0.0000e+00
        502 108.757248    0.03479     2.0875    125.250  1025.9953  52110.361    32.4443     74.764    7.18755     5.0446     5.0450    25.6452   12.87101 3.6382e-02     75.484 0.0000e+00
        503 108.757251    0.03486     2.0917    125.500  1025.9977  52112.026    32.4459     75.077    7.18704     5.0478     5.0475    25.6462   12.87015 3.6382e-02     75.800 0.0000e+00
        504 108.757254    0.03493     2.0958    125.750  1026.0006  52114.576    32.4481     75.382    7.18646     5.0515     5.0503    25.6476   12.86916 3.6382e-02     76.108 0.0000e+00
        505 108.757257    0.03500     2.1000    126.000  1026.0033  52116.815    32.4502     75.674    7.18580     5.0555     5.0535    25.6489   12.86805 3.6382e-02     76.403 0.0000e+00
        506 108.757260    0.03507     2.1042    126.250  1026.0052  52117.838    32.4516     75.949    7.18510     5.0596     5.0572    25.6496   12.86686 3.6382e-02     76.681 0.0000e+00
        507 108.757263    0.03514     2.1083    126.500  1026.0067  52118.003    32.4525     76.205    7.18436     5.0639     5.0613    25.6499   12.86564 3.6382e-02     76.939 0.0000e+00
        508 108.757266    0.03521     2.1125    126.750  1026.0081  52118.339    32.4535     76.441    7.18361     5.0685     5.0654    25.6502   12.86438 3.6382e-02     77.177 0.0000e+00
        509 108.757269    0.03528     2.1167    127.000  1026.0103  52120.081    32.4555     76.660    7.18278     5.0738     5.0696    25.6513   12.86299 3.6382e-02     77.398 0.0000e+00
        510 108.757271    0.03535     2.1208    127.250  1026.0130  52122.861    32.4584     76.864    7.18185     5.0798     5.0743    25.6531   12.86141 3.6382e-02     77.604 0.0000e+00
