CTD-processing/allCTD/CNV--homogene/2017_01-11_t9_s02_cast019.cnv
* Sea-Bird SBE19plus Data File:
* FileName = P:\My Documents\kasitsna\Research-KBL\Oceanography-AK\CTD-Data-ALL-to-2016-05\2017-CTD-KachemakBay-CookInlet\2017-01-11-CookInlet-Tran9-HomerSpit\2017-01-11-CookInlet-Tran9-cast019.hex
* Software Version 1.59
* Temperature SN =  4141
* Conductivity SN =  4141
* System UpLoad Time = Jan 17 2017 14:58:29
** Cook Inlet LTM Transect 9 Homer Spit
** Date: (YYYY-MM-DD): 2017-01-11
** Station: (eg. 9-01): 9-02
** Start time (AKST): 14:11
** Depth (m): 78.6
** Comment: R/V Edgecumbe.
** Comment:
# nquan = 17
# nvalues = 686                         
# units = specified
# name 0 = scan: Scan Count
# name 1 = timeJ: Julian Days
# name 2 = timeH: Time, Elapsed [hours]
# name 3 = timeM: Time, Elapsed [minutes]
# name 4 = timeS: Time, Elapsed [seconds]
# name 5 = density00: Density [density, kg/m^3]
# name 6 = specc: Specific Conductance [uS/cm]
# name 7 = sal00: Salinity, Practical [PSU]
# name 8 = depSM: Depth [salt water, m], lat = 59.00
# name 9 = oxsolML/L: Oxygen Saturation, Garcia & Gordon [ml/l]
# name 10 = potemp090C: Potential Temperature [ITS-90, deg C]
# name 11 = tv290C: Temperature [ITS-90, deg C]
# name 12 = sigma-é00: Density [sigma-theta, kg/m^3]
# name 13 = n2satML/L: Nitrogen Saturation [ml/l]
# name 14 = par: PAR/Irradiance, Biospherical/Licor
# name 15 = prdM: Pressure, Strain Gauge [db]
# name 16 = flag:  0.000e+00
# span 0 =          1,        686       
# span 1 =  11.591725,  11.593707       
# span 2 =    0.00000,    0.04757       
# span 3 =     0.0000,     2.8542       
# span 4 =      0.000,    171.250       
# span 5 =  1000.3349,  1025.0615       
# span 6 =    945.945,  50498.639       
# span 7 =     0.4477,    31.3760       
# span 8 =      0.000,     62.183       
# span 9 =    7.20632,    9.25587       
# span 10 =     3.5352,     5.2332      
# span 11 =     3.5352,     5.2378      
# span 12 =     0.3349,    24.7822      
# span 13 =   12.91584,   16.78423      
# span 14 = 3.6382e-02, 9.2078e+01      
# span 15 =     -0.001,     62.780      
# span 16 = 0.0000e+00, 0.0000e+00      
# interval = seconds: 0.25
# start_time = Jan 11 2017 14:12:05 [Instrument's time stamp, header]
# bad_flag = -9.990e-29
*END*
[from data line 596]
        597  11.593449    0.04139     2.4833    149.000  1024.9809  50479.105    31.3494     44.600    7.23078     5.1036     5.1005    24.7716   12.95646 3.7435e-02     45.025 0.0000e+00
        598  11.593452    0.04146     2.4875    149.250  1024.9826  50480.434    31.3508     44.792    7.23020     5.1072     5.1035    24.7725   12.95548 3.7229e-02     45.219 0.0000e+00
        599  11.593455    0.04153     2.4917    149.500  1024.9837  50480.517    31.3515     44.984    7.22957     5.1105     5.1069    24.7726   12.95443 3.7052e-02     45.413 0.0000e+00
        600  11.593458    0.04160     2.4958    149.750  1024.9839  50478.995    31.3511     45.174    7.22897     5.1130     5.1105    24.7719   12.95344 3.6893e-02     45.605 0.0000e+00
        601  11.593461    0.04167     2.5000    150.000  1024.9829  50475.354    31.3492     45.361    7.22848     5.1140     5.1138    24.7701   12.95267 3.6751e-02     45.793 0.0000e+00
        602  11.593464    0.04174     2.5042    150.250  1024.9806  50469.464    31.3456     45.543    7.22823     5.1129     5.1163    24.7670   12.95229 3.6631e-02     45.978 0.0000e+00
        603  11.593466    0.04181     2.5083    150.500  1024.9774  50462.014    31.3406     45.721    7.22830     5.1100     5.1173    24.7629   12.95247 3.6539e-02     46.157 0.0000e+00
        604  11.593469    0.04188     2.5125    150.750  1024.9750  50456.383    31.3364     45.897    7.22868     5.1064     5.1163    24.7597   12.95316 3.6477e-02     46.335 0.0000e+00
        605  11.593472    0.04194     2.5167    151.000  1024.9751  50455.351    31.3350     46.075    7.22924     5.1034     5.1134    24.7589   12.95410 3.6439e-02     46.515 0.0000e+00
        606  11.593475    0.04201     2.5208    151.250  1024.9775  50458.789    31.3366     46.260    7.22979     5.1021     5.1099    24.7605   12.95499 3.6416e-02     46.701 0.0000e+00
        607  11.593478    0.04208     2.5250    151.500  1024.9822  50466.225    31.3409     46.455    7.23010     5.1031     5.1068    24.7643   12.95545 3.6403e-02     46.898 0.0000e+00
        608  11.593481    0.04215     2.5292    151.750  1024.9877  50474.765    31.3464     46.662    7.23006     5.1056     5.1055    24.7688   12.95530 3.6394e-02     47.108 0.0000e+00
        609  11.593484    0.04222     2.5333    152.000  1024.9913  50479.562    31.3498     46.879    7.22972     5.1083     5.1065    24.7714   12.95471 3.6389e-02     47.327 0.0000e+00
        610  11.593487    0.04229     2.5375    152.250  1024.9923  50479.340    31.3501     47.102    7.22928     5.1103     5.1090    24.7713   12.95397 3.6386e-02     47.552 0.0000e+00
        611  11.593490    0.04236     2.5417    152.500  1024.9917  50476.112    31.3483     47.326    7.22889     5.1110     5.1117    24.7696   12.95334 3.6385e-02     47.778 0.0000e+00
        612  11.593492    0.04243     2.5458    152.750  1024.9900  50471.093    31.3452     47.548    7.22869     5.1100     5.1138    24.7669   12.95306 3.6384e-02     48.003 0.0000e+00
        613  11.593495    0.04250     2.5500    153.000  1024.9878  50465.112    31.3411     47.769    7.22877     5.1078     5.1144    24.7637   12.95325 3.6383e-02     48.226 0.0000e+00
        614  11.593498    0.04257     2.5542    153.250  1024.9866  50461.369    31.3383     47.989    7.22907     5.1056     5.1135    24.7615   12.95379 3.6383e-02     48.447 0.0000e+00
        615  11.593501    0.04264     2.5583    153.500  1024.9878  50462.047    31.3382     48.205    7.22945     5.1042     5.1113    24.7616   12.95441 3.6382e-02     48.666 0.0000e+00
        616  11.593504    0.04271     2.5625    153.750  1024.9909  50466.354    31.3405     48.418    7.22973     5.1043     5.1091    24.7638   12.95484 3.6382e-02     48.881 0.0000e+00
        617  11.593507    0.04278     2.5667    154.000  1024.9948  50472.059    31.3441     48.626    7.22979     5.1057     5.1077    24.7667   12.95489 3.6382e-02     49.090 0.0000e+00
        618  11.593510    0.04285     2.5708    154.250  1024.9984  50477.005    31.3474     48.828    7.22961     5.1082     5.1078    24.7694   12.95456 3.6382e-02     49.295 0.0000e+00
        619  11.593513    0.04292     2.5750    154.500  1025.0010  50480.061    31.3497     49.025    7.22924     5.1111     5.1093    24.7710   12.95391 3.6382e-02     49.494 0.0000e+00
        620  11.593516    0.04299     2.5792    154.750  1025.0024  50480.894    31.3507     49.218    7.22877     5.1139     5.1118    24.7716   12.95312 3.6382e-02     49.689 0.0000e+00
        621  11.593519    0.04306     2.5833    155.000  1025.0032  50480.546    31.3510     49.406    7.22827     5.1167     5.1146    24.7715   12.95228 3.6382e-02     49.878 0.0000e+00
        622  11.593521    0.04312     2.5875    155.250  1025.0039  50480.171    31.3512     49.591    7.22776     5.1196     5.1175    24.7714   12.95144 3.6382e-02     50.065 0.0000e+00
        623  11.593524    0.04319     2.5917    155.500  1025.0050  50480.368    31.3519     49.772    7.22724     5.1227     5.1203    24.7716   12.95058 3.6382e-02     50.248 0.0000e+00
        624  11.593527    0.04326     2.5958    155.750  1025.0065  50481.277    31.3530     49.952    7.22668     5.1261     5.1232    24.7721   12.94965 3.6382e-02     50.430 0.0000e+00
        625  11.593530    0.04333     2.6000    156.000  1025.0077  50481.858    31.3540     50.131    7.22609     5.1293     5.1264    24.7726   12.94865 3.6382e-02     50.610 0.0000e+00
        626  11.593533    0.04340     2.6042    156.250  1025.0081  50480.777    31.3539     50.310    7.22551     5.1319     5.1298    24.7721   12.94769 3.6382e-02     50.790 0.0000e+00
        627  11.593536    0.04347     2.6083    156.500  1025.0077  50478.185    31.3527     50.493    7.22501     5.1337     5.1330    24.7708   12.94689 3.6382e-02     50.975 0.0000e+00
        628  11.593539    0.04354     2.6125    156.750  1025.0070  50475.171    31.3511     50.684    7.22464     5.1346     5.1356    24.7693   12.94630 3.6382e-02     51.168 0.0000e+00
        629  11.593542    0.04361     2.6167    157.000  1025.0064  50472.340    31.3494     50.887    7.22441     5.1349     5.1374    24.7678   12.94594 3.6382e-02     51.373 0.0000e+00
        630  11.593545    0.04368     2.6208    157.250  1025.0062  50470.143    31.3480     51.104    7.22431     5.1348     5.1383    24.7665   12.94579 3.6382e-02     51.592 0.0000e+00
        631  11.593547    0.04375     2.6250    157.500  1025.0067  50469.079    31.3472     51.335    7.22430     5.1346     5.1386    24.7659   12.94578 3.6382e-02     51.826 0.0000e+00
        632  11.593550    0.04382     2.6292    157.750  1025.0078  50469.305    31.3472     51.576    7.22432     5.1346     5.1385    24.7659   12.94581 3.6382e-02     52.069 0.0000e+00
        633  11.593553    0.04389     2.6333    158.000  1025.0094  50470.239    31.3477     51.821    7.22433     5.1347     5.1384    24.7663   12.94582 3.6382e-02     52.316 0.0000e+00
        634  11.593556    0.04396     2.6375    158.250  1025.0108  50470.863    31.3480     52.060    7.22431     5.1350     5.1384    24.7666   12.94578 3.6382e-02     52.558 0.0000e+00
        635  11.593559    0.04403     2.6417    158.500  1025.0119  50471.150    31.3482     52.287    7.22428     5.1354     5.1385    24.7666   12.94572 3.6382e-02     52.787 0.0000e+00
        636  11.593562    0.04410     2.6458    158.750  1025.0133  50472.040    31.3487     52.499    7.22420     5.1361     5.1388    24.7671   12.94560 3.6382e-02     53.002 0.0000e+00
        637  11.593565    0.04417     2.6500    159.000  1025.0150  50473.515    31.3497     52.702    7.22408     5.1371     5.1392    24.7678   12.94538 3.6382e-02     53.207 0.0000e+00
        638  11.593568    0.04424     2.6542    159.250  1025.0166  50474.771    31.3507     52.903    7.22390     5.1385     5.1400    24.7684   12.94508 3.6382e-02     53.409 0.0000e+00
        639  11.593571    0.04431     2.6583    159.500  1025.0181  50475.771    31.3515     53.104    7.22368     5.1401     5.1410    24.7690   12.94470 3.6382e-02     53.612 0.0000e+00
        640  11.593573    0.04437     2.6625    159.750  1025.0196  50476.822    31.3524     53.307    7.22340     5.1420     5.1424    24.7696   12.94423 3.6382e-02     53.817 0.0000e+00
        641  11.593576    0.04444     2.6667    160.000  1025.0213  50478.141    31.3535     53.509    7.22307     5.1445     5.1440    24.7703   12.94366 3.6382e-02     54.021 0.0000e+00
        642  11.593579    0.04451     2.6708    160.250  1025.0231  50479.787    31.3550     53.703    7.22266     5.1472     5.1460    24.7712   12.94296 3.6382e-02     54.217 0.0000e+00
        643  11.593582    0.04458     2.6750    160.500  1025.0245  50480.587    31.3560     53.887    7.22219     5.1497     5.1484    24.7717   12.94217 3.6382e-02     54.402 0.0000e+00
        644  11.593585    0.04465     2.6792    160.750  1025.0244  50478.794    31.3552     54.062    7.22174     5.1512     5.1512    24.7709   12.94145 3.6382e-02     54.579 0.0000e+00
        645  11.593588    0.04472     2.6833    161.000  1025.0233  50475.103    31.3531     54.237    7.22142     5.1519     5.1536    24.7689   12.94095 3.6382e-02     54.755 0.0000e+00
        646  11.593591    0.04479     2.6875    161.250  1025.0226  50472.245    31.3514     54.417    7.22124     5.1522     5.1552    24.7674   12.94068 3.6382e-02     54.937 0.0000e+00
        647  11.593594    0.04486     2.6917    161.500  1025.0232  50471.706    31.3510     54.608    7.22114     5.1529     5.1559    24.7671   12.94052 3.6382e-02     55.131 0.0000e+00
        648  11.593597    0.04493     2.6958    161.750  1025.0250  50473.347    31.3521     54.811    7.22103     5.1542     5.1562    24.7679   12.94031 3.6382e-02     55.336 0.0000e+00
        649  11.593600    0.04500     2.7000    162.000  1025.0274  50475.993    31.3540     55.020    7.22083     5.1560     5.1569    24.7693   12.93995 3.6382e-02     55.547 0.0000e+00
        650  11.593602    0.04507     2.7042    162.250  1025.0293  50477.718    31.3554     55.229    7.22053     5.1580     5.1582    24.7703   12.93945 3.6382e-02     55.758 0.0000e+00
        651  11.593605    0.04514     2.7083    162.500  1025.0303  50477.809    31.3557     55.434    7.22019     5.1598     5.1600    24.7703   12.93889 3.6382e-02     55.964 0.0000e+00
        652  11.593608    0.04521     2.7125    162.750  1025.0309  50477.067    31.3555     55.634    7.21986     5.1615     5.1620    24.7700   12.93834 3.6382e-02     56.167 0.0000e+00
        653  11.593611    0.04528     2.7167    163.000  1025.0314  50476.257    31.3553     55.833    7.21955     5.1630     5.1639    24.7696   12.93783 3.6382e-02     56.367 0.0000e+00
        654  11.593614    0.04535     2.7208    163.250  1025.0322  50475.860    31.3552     56.035    7.21926     5.1646     5.1655    24.7694   12.93736 3.6382e-02     56.571 0.0000e+00
        655  11.593617    0.04542     2.7250    163.500  1025.0334  50476.297    31.3558     56.245    7.21897     5.1665     5.1671    24.7696   12.93687 3.6382e-02     56.783 0.0000e+00
        656  11.593620    0.04549     2.7292    163.750  1025.0351  50477.442    31.3568     56.461    7.21864     5.1686     5.1687    24.7703   12.93631 3.6382e-02     57.002 0.0000e+00
        657  11.593623    0.04556     2.7333    164.000  1025.0366  50478.338    31.3577     56.681    7.21827     5.1706     5.1706    24.7708   12.93569 3.6382e-02     57.224 0.0000e+00
        658  11.593626    0.04562     2.7375    164.250  1025.0374  50477.998    31.3578     56.899    7.21791     5.1721     5.1727    24.7706   12.93508 3.6382e-02     57.444 0.0000e+00
        659  11.593628    0.04569     2.7417    164.500  1025.0375  50476.186    31.3569     57.112    7.21760     5.1731     5.1748    24.7697   12.93459 3.6382e-02     57.659 0.0000e+00
        660  11.593631    0.04576     2.7458    164.750  1025.0371  50473.690    31.3554     57.319    7.21740     5.1735     5.1764    24.7683   12.93428 3.6382e-02     57.868 0.0000e+00
        661  11.593634    0.04583     2.7500    165.000  1025.0371  50472.045    31.3544     57.522    7.21729     5.1739     5.1773    24.7674   12.93411 3.6382e-02     58.073 0.0000e+00
        662  11.593637    0.04590     2.7542    165.250  1025.0383  50472.596    31.3548     57.726    7.21720     5.1748     5.1777    24.7676   12.93395 3.6382e-02     58.279 0.0000e+00
        663  11.593640    0.04597     2.7583    165.500  1025.0404  50474.682    31.3562     57.933    7.21705     5.1760     5.1781    24.7687   12.93369 3.6382e-02     58.488 0.0000e+00
        664  11.593643    0.04604     2.7625    165.750  1025.0420  50475.911    31.3572     58.142    7.21685     5.1772     5.1790    24.7694   12.93335 3.6382e-02     58.699 0.0000e+00
        665  11.593646    0.04611     2.7667    166.000  1025.0426  50475.338    31.3569     58.349    7.21664     5.1782     5.1803    24.7691   12.93301 3.6382e-02     58.908 0.0000e+00
        666  11.593649    0.04618     2.7708    166.250  1025.0431  50474.430    31.3565     58.549    7.21646     5.1792     5.1815    24.7686   12.93271 3.6382e-02     59.109 0.0000e+00
        667  11.593652    0.04625     2.7750    166.500  1025.0443  50475.124    31.3571     58.737    7.21626     5.1806     5.1825    24.7689   12.93238 3.6382e-02     59.299 0.0000e+00
        668  11.593655    0.04632     2.7792    166.750  1025.0463  50477.370    31.3587     58.911    7.21601     5.1829     5.1835    24.7701   12.93193 3.6382e-02     59.475 0.0000e+00
        669  11.593657    0.04639     2.7833    167.000  1025.0491  50480.936    31.3614     59.075    7.21563     5.1870     5.1850    24.7721   12.93128 3.6382e-02     59.641 0.0000e+00
        670  11.593660    0.04646     2.7875    167.250  1025.0537  50487.854    31.3666     59.237    7.21498     5.1933     5.1873    24.7759   12.93014 3.6382e-02     59.805 0.0000e+00
        671  11.593663    0.04653     2.7917    167.500  1025.0590  50495.969    31.3729     59.403    7.21397     5.2009     5.1913    24.7805   12.92839 3.6382e-02     59.972 0.0000e+00
        672  11.593666    0.04660     2.7958    167.750  1025.0615  50498.639    31.3760     59.578    7.21273     5.2080     5.1977    24.7822   12.92630 3.6382e-02     60.149 0.0000e+00
        673  11.593669    0.04667     2.8000    168.000  1025.0609  50495.173    31.3751     59.763    7.21147     5.2140     5.2053    24.7807   12.92423 3.6382e-02     60.336 0.0000e+00
        674  11.593672    0.04674     2.8042    168.250  1025.0593  50489.915    31.3729     59.959    7.21034     5.2189     5.2125    24.7782   12.92239 3.6382e-02     60.534 0.0000e+00
        675  11.593675    0.04681     2.8083    168.500  1025.0580  50485.316    31.3709     60.163    7.20940     5.2227     5.2185    24.7760   12.92087 3.6382e-02     60.740 0.0000e+00
        676  11.593678    0.04688     2.8125    168.750  1025.0571  50481.669    31.3693     60.371    7.20865     5.2257     5.2233    24.7742   12.91964 3.6382e-02     60.950 0.0000e+00
        677  11.593681    0.04694     2.8167    169.000  1025.0566  50478.597    31.3679     60.583    7.20805     5.2280     5.2272    24.7726   12.91867 3.6382e-02     61.164 0.0000e+00
        678  11.593683    0.04701     2.8208    169.250  1025.0563  50475.987    31.3666     60.799    7.20759     5.2296     5.2302    24.7713   12.91793 3.6382e-02     61.382 0.0000e+00
        679  11.593686    0.04708     2.8250    169.500  1025.0563  50474.027    31.3656     61.020    7.20725     5.2307     5.2324    24.7703   12.91738 3.6382e-02     61.605 0.0000e+00
        680  11.593689    0.04715     2.8292    169.750  1025.0567  50472.692    31.3649     61.246    7.20700     5.2315     5.2341    24.7695   12.91698 3.6382e-02     61.833 0.0000e+00
