CTD-processing/allCTD/CNV--homogene/2017_02-07_t9_s02_cast034.cnv
* Sea-Bird SBE19plus Data File:
* FileName = C:\Users\jwschloemer\Documents\CTD Data\2017_02_07_T9\2017_02_07_T9_cast034.hex
* Software Version 1.59
* Temperature SN =  4141
* Conductivity SN =  4141
* System UpLoad Time = Mar 06 2017 11:24:14
** Cook Inlet LTM Homer Along Bay
** Date: 2017-01-11
** Station:02
** Start Time (AKST):12:02
** Depth (m):79
** Comment: R/V Edgecumbe
# nquan = 17
# nvalues = 629                         
# units = specified
# name 0 = scan: Scan Count
# name 1 = timeJ: Julian Days
# name 2 = timeH: Time, Elapsed [hours]
# name 3 = timeM: Time, Elapsed [minutes]
# name 4 = timeS: Time, Elapsed [seconds]
# name 5 = density00: Density [density, kg/m^3]
# name 6 = specc: Specific Conductance [uS/cm]
# name 7 = sal00: Salinity, Practical [PSU]
# name 8 = depSM: Depth [salt water, m], lat = 59.00
# name 9 = oxsolML/L: Oxygen Saturation, Garcia & Gordon [ml/l]
# name 10 = potemp090C: Potential Temperature [ITS-90, deg C]
# name 11 = tv290C: Temperature [ITS-90, deg C]
# name 12 = sigma-é00: Density [sigma-theta, kg/m^3]
# name 13 = n2satML/L: Nitrogen Saturation [ml/l]
# name 14 = par: PAR/Irradiance, Biospherical/Licor
# name 15 = prdM: Pressure, Strain Gauge [db]
# name 16 = flag:  0.000e+00
# span 0 =          1,        629       
# span 1 =  38.501921,  38.503738       
# span 2 =    0.00000,    0.04361       
# span 3 =     0.0000,     2.6167       
# span 4 =      0.000,    157.000       
# span 5 =  1024.9361,  1025.4344       
# span 6 =  50994.432,  51374.541       
# span 7 =    31.3527,    31.6818       
# span 8 =      0.733,     74.045       
# span 9 =    7.29836,    7.52050       
# span 10 =     3.4615,     4.6163      
# span 11 =     3.4615,     4.6210      
# span 12 =    24.9326,    25.1552      
# span 13 =   13.06379,   13.43383      
# span 14 = 3.6382e-02, 7.8241e+01      
# span 15 =      0.740,     74.758      
# span 16 = 0.0000e+00, 0.0000e+00      
# interval = seconds: 0.25
# start_time = Feb 07 2017 12:02:46 [Instrument's time stamp, header]
# bad_flag = -9.990e-29
*END*
[from data line 511]
        512  38.503400    0.03549     2.1292    127.750  1025.3186  51123.818    31.6771     49.610    7.30390     4.5882     4.5901    25.0854   13.07296 8.7349e-02     50.085 0.0000e+00
        513  38.503403    0.03556     2.1333    128.000  1025.3194  51123.575    31.6770     49.809    7.30376     4.5887     4.5909    25.0852   13.07273 8.5467e-02     50.285 0.0000e+00
        514  38.503406    0.03562     2.1375    128.250  1025.3198  51122.524    31.6764     50.008    7.30365     4.5888     4.5917    25.0846   13.07256 8.3655e-02     50.487 0.0000e+00
        515  38.503409    0.03569     2.1417    128.500  1025.3200  51121.186    31.6755     50.211    7.30361     4.5885     4.5922    25.0838   13.07250 8.1888e-02     50.692 0.0000e+00
        516  38.503411    0.03576     2.1458    128.750  1025.3201  51119.713    31.6744     50.418    7.30364     4.5878     4.5923    25.0830   13.07257 8.0181e-02     50.900 0.0000e+00
        517  38.503414    0.03583     2.1500    129.000  1025.3203  51118.592    31.6735     50.627    7.30374     4.5870     4.5920    25.0823   13.07275 7.8533e-02     51.111 0.0000e+00
        518  38.503417    0.03590     2.1542    129.250  1025.3210  51118.361    31.6731     50.835    7.30388     4.5863     4.5914    25.0820   13.07298 7.6930e-02     51.321 0.0000e+00
        519  38.503420    0.03597     2.1583    129.500  1025.3221  51118.808    31.6731     51.039    7.30401     4.5856     4.5906    25.0821   13.07320 7.5393e-02     51.527 0.0000e+00
        520  38.503423    0.03604     2.1625    129.750  1025.3233  51119.546    31.6733     51.240    7.30413     4.5851     4.5898    25.0824   13.07340 7.3924e-02     51.730 0.0000e+00
        521  38.503426    0.03611     2.1667    130.000  1025.3246  51120.404    31.6737     51.439    7.30423     4.5848     4.5892    25.0827   13.07355 7.2516e-02     51.931 0.0000e+00
        522  38.503429    0.03618     2.1708    130.250  1025.3259  51121.294    31.6741     51.639    7.30429     4.5847     4.5887    25.0831   13.07365 7.1148e-02     52.133 0.0000e+00
        523  38.503432    0.03625     2.1750    130.500  1025.3272  51122.147    31.6745     51.845    7.30432     4.5847     4.5884    25.0834   13.07369 6.9776e-02     52.341 0.0000e+00
        524  38.503435    0.03632     2.1792    130.750  1025.3285  51122.804    31.6748     52.056    7.30432     4.5848     4.5883    25.0837   13.07370 6.8406e-02     52.554 0.0000e+00
        525  38.503437    0.03639     2.1833    131.000  1025.3296  51123.182    31.6749     52.272    7.30431     4.5849     4.5883    25.0838   13.07368 6.7082e-02     52.772 0.0000e+00
        526  38.503440    0.03646     2.1875    131.250  1025.3307  51123.385    31.6750     52.487    7.30429     4.5850     4.5884    25.0838   13.07364 6.5806e-02     52.989 0.0000e+00
        527  38.503443    0.03653     2.1917    131.500  1025.3317  51123.583    31.6750     52.701    7.30427     4.5851     4.5885    25.0839   13.07360 6.4567e-02     53.205 0.0000e+00
        528  38.503446    0.03660     2.1958    131.750  1025.3328  51123.880    31.6752     52.911    7.30424     4.5853     4.5886    25.0840   13.07356 6.3375e-02     53.418 0.0000e+00
        529  38.503449    0.03667     2.2000    132.000  1025.3339  51124.283    31.6754     53.120    7.30421     4.5856     4.5888    25.0841   13.07350 6.2232e-02     53.629 0.0000e+00
        530  38.503452    0.03674     2.2042    132.250  1025.3351  51124.795    31.6757     53.330    7.30416     4.5860     4.5890    25.0843   13.07341 6.1110e-02     53.841 0.0000e+00
        531  38.503455    0.03681     2.2083    132.500  1025.3365  51125.471    31.6761     53.544    7.30408     4.5867     4.5893    25.0847   13.07328 5.9990e-02     54.056 0.0000e+00
        532  38.503458    0.03687     2.2125    132.750  1025.3379  51126.308    31.6767     53.763    7.30398     4.5875     4.5897    25.0851   13.07310 5.8906e-02     54.277 0.0000e+00
        533  38.503461    0.03694     2.2167    133.000  1025.3393  51127.131    31.6773     53.985    7.30383     4.5884     4.5904    25.0855   13.07285 5.7871e-02     54.502 0.0000e+00
        534  38.503464    0.03701     2.2208    133.250  1025.3406  51127.566    31.6776     54.210    7.30367     4.5894     4.5912    25.0857   13.07257 5.6864e-02     54.729 0.0000e+00
        535  38.503466    0.03708     2.2250    133.500  1025.3415  51127.355    31.6776     54.437    7.30350     4.5901     4.5922    25.0855   13.07229 5.5877e-02     54.957 0.0000e+00
        536  38.503469    0.03715     2.2292    133.750  1025.3422  51126.703    31.6772     54.663    7.30335     4.5907     4.5931    25.0852   13.07205 5.4930e-02     55.186 0.0000e+00
        537  38.503472    0.03722     2.2333    134.000  1025.3429  51126.000    31.6768     54.889    7.30323     4.5912     4.5940    25.0848   13.07186 5.4044e-02     55.414 0.0000e+00
        538  38.503475    0.03729     2.2375    134.250  1025.3436  51125.373    31.6764     55.113    7.30314     4.5915     4.5946    25.0844   13.07172 5.3197e-02     55.641 0.0000e+00
        539  38.503478    0.03736     2.2417    134.500  1025.3443  51124.963    31.6761     55.335    7.30308     4.5918     4.5950    25.0841   13.07162 5.2374e-02     55.864 0.0000e+00
        540  38.503481    0.03743     2.2458    134.750  1025.3454  51125.180    31.6763     55.555    7.30301     4.5924     4.5954    25.0842   13.07151 5.1595e-02     56.086 0.0000e+00
        541  38.503484    0.03750     2.2500    135.000  1025.3468  51126.003    31.6768     55.775    7.30292     4.5930     4.5957    25.0846   13.07135 5.0855e-02     56.309 0.0000e+00
        542  38.503487    0.03757     2.2542    135.250  1025.3483  51126.804    31.6774     55.998    7.30280     4.5937     4.5962    25.0850   13.07115 5.0127e-02     56.535 0.0000e+00
        543  38.503490    0.03764     2.2583    135.500  1025.3494  51127.071    31.6776     56.225    7.30267     4.5944     4.5969    25.0851   13.07093 4.9422e-02     56.764 0.0000e+00
        544  38.503492    0.03771     2.2625    135.750  1025.3503  51126.827    31.6775     56.454    7.30255     4.5950     4.5977    25.0849   13.07072 4.8752e-02     56.995 0.0000e+00
        545  38.503495    0.03778     2.2667    136.000  1025.3513  51126.680    31.6774     56.681    7.30243     4.5956     4.5983    25.0848   13.07053 4.8097e-02     57.224 0.0000e+00
        546  38.503498    0.03785     2.2708    136.250  1025.3524  51126.938    31.6776     56.902    7.30232     4.5962     4.5989    25.0849   13.07034 4.7446e-02     57.447 0.0000e+00
        547  38.503501    0.03792     2.2750    136.500  1025.3535  51127.215    31.6778     57.119    7.30220     4.5969     4.5995    25.0850   13.07015 4.6817e-02     57.666 0.0000e+00
        548  38.503504    0.03799     2.2792    136.750  1025.3546  51127.293    31.6779     57.334    7.30207     4.5976     4.6002    25.0850   13.06994 4.6216e-02     57.883 0.0000e+00
        549  38.503507    0.03806     2.2833    137.000  1025.3556  51127.457    31.6780     57.551    7.30195     4.5984     4.6009    25.0850   13.06973 4.5644e-02     58.103 0.0000e+00
        550  38.503510    0.03812     2.2875    137.250  1025.3569  51128.010    31.6785     57.773    7.30180     4.5994     4.6016    25.0853   13.06949 4.5088e-02     58.327 0.0000e+00
        551  38.503513    0.03819     2.2917    137.500  1025.3584  51128.804    31.6791     58.000    7.30163     4.6005     4.6024    25.0858   13.06919 4.4544e-02     58.556 0.0000e+00
        552  38.503516    0.03826     2.2958    137.750  1025.3597  51129.204    31.6795     58.230    7.30143     4.6015     4.6035    25.0860   13.06886 4.4034e-02     58.788 0.0000e+00
        553  38.503519    0.03833     2.3000    138.000  1025.3605  51128.754    31.6793     58.460    7.30124     4.6023     4.6046    25.0857   13.06854 4.3564e-02     59.020 0.0000e+00
        554  38.503521    0.03840     2.3042    138.250  1025.3611  51127.821    31.6788     58.684    7.30108     4.6029     4.6056    25.0852   13.06828 4.3113e-02     59.246 0.0000e+00
        555  38.503524    0.03847     2.3083    138.500  1025.3617  51127.227    31.6785     58.900    7.30095     4.6035     4.6064    25.0848   13.06808 4.2675e-02     59.464 0.0000e+00
        556  38.503527    0.03854     2.3125    138.750  1025.3628  51127.387    31.6786     59.107    7.30084     4.6042     4.6070    25.0849   13.06788 4.2261e-02     59.673 0.0000e+00
        557  38.503530    0.03861     2.3167    139.000  1025.3640  51127.941    31.6791     59.310    7.30071     4.6049     4.6076    25.0852   13.06767 4.1873e-02     59.878 0.0000e+00
        558  38.503533    0.03868     2.3208    139.250  1025.3651  51128.221    31.6793     59.517    7.30058     4.6057     4.6083    25.0853   13.06745 4.1496e-02     60.088 0.0000e+00
        559  38.503536    0.03875     2.3250    139.500  1025.3660  51128.175    31.6793     59.733    7.30044     4.6064     4.6090    25.0852   13.06723 4.1132e-02     60.306 0.0000e+00
        560  38.503539    0.03882     2.3292    139.750  1025.3670  51128.116    31.6794     59.957    7.30031     4.6072     4.6098    25.0852   13.06700 4.0768e-02     60.532 0.0000e+00
        561  38.503542    0.03889     2.3333    140.000  1025.3679  51127.855    31.6792     60.186    7.30018     4.6078     4.6106    25.0850   13.06679 4.0371e-02     60.763 0.0000e+00
        562  38.503545    0.03896     2.3375    140.250  1025.3687  51127.436    31.6790     60.411    7.30006     4.6084     4.6113    25.0847   13.06660 3.9976e-02     60.990 0.0000e+00
        563  38.503547    0.03903     2.3417    140.500  1025.3696  51127.234    31.6789     60.626    7.29994     4.6090     4.6120    25.0846   13.06641 3.9616e-02     61.207 0.0000e+00
        564  38.503550    0.03910     2.3458    140.750  1025.3704  51127.100    31.6789     60.831    7.29984     4.6094     4.6126    25.0845   13.06624 3.9282e-02     61.414 0.0000e+00
        565  38.503553    0.03917     2.3500    141.000  1025.3711  51126.746    31.6787     61.031    7.29975     4.6097     4.6132    25.0842   13.06609 3.8966e-02     61.616 0.0000e+00
        566  38.503556    0.03924     2.3542    141.250  1025.3717  51126.171    31.6783     61.233    7.29969     4.6097     4.6136    25.0839   13.06600 3.8677e-02     61.820 0.0000e+00
        567  38.503559    0.03931     2.3583    141.500  1025.3723  51125.531    31.6778     61.446    7.29967     4.6095     4.6139    25.0835   13.06597 3.8424e-02     62.035 0.0000e+00
        568  38.503562    0.03938     2.3625    141.750  1025.3730  51125.021    31.6773     61.669    7.29968     4.6092     4.6139    25.0831   13.06600 3.8177e-02     62.260 0.0000e+00
        569  38.503565    0.03944     2.3667    142.000  1025.3738  51124.773    31.6770     61.898    7.29973     4.6087     4.6138    25.0829   13.06608 3.7930e-02     62.492 0.0000e+00
        570  38.503568    0.03951     2.3708    142.250  1025.3748  51124.806    31.6768     62.131    7.29980     4.6083     4.6135    25.0828   13.06619 3.7705e-02     62.726 0.0000e+00
        571  38.503571    0.03958     2.3750    142.500  1025.3760  51125.156    31.6768     62.361    7.29987     4.6081     4.6131    25.0828   13.06631 3.7484e-02     62.959 0.0000e+00
        572  38.503573    0.03965     2.3792    142.750  1025.3775  51126.199    31.6773     62.585    7.29991     4.6082     4.6127    25.0833   13.06637 3.7240e-02     63.185 0.0000e+00
        573  38.503576    0.03972     2.3833    143.000  1025.3794  51127.877    31.6783     62.803    7.29990     4.6086     4.6124    25.0841   13.06634 3.7002e-02     63.406 0.0000e+00
        574  38.503579    0.03979     2.3875    143.250  1025.3811  51129.285    31.6792     63.018    7.29983     4.6092     4.6126    25.0848   13.06622 3.6802e-02     63.623 0.0000e+00
        575  38.503582    0.03986     2.3917    143.500  1025.3824  51130.024    31.6797     63.230    7.29973     4.6098     4.6130    25.0851   13.06604 3.6649e-02     63.837 0.0000e+00
        576  38.503585    0.03993     2.3958    143.750  1025.3836  51130.294    31.6799     63.445    7.29961     4.6104     4.6136    25.0852   13.06585 3.6545e-02     64.053 0.0000e+00
        577  38.503588    0.04000     2.4000    144.000  1025.3846  51130.250    31.6799     63.666    7.29950     4.6110     4.6143    25.0852   13.06566 3.6480e-02     64.277 0.0000e+00
        578  38.503591    0.04007     2.4042    144.250  1025.3856  51130.214    31.6799     63.896    7.29939     4.6115     4.6149    25.0852   13.06549 3.6440e-02     64.509 0.0000e+00
        579  38.503594    0.04014     2.4083    144.500  1025.3866  51130.286    31.6800     64.128    7.29929     4.6120     4.6154    25.0852   13.06533 3.6417e-02     64.744 0.0000e+00
        580  38.503597    0.04021     2.4125    144.750  1025.3875  51130.015    31.6798     64.358    7.29921     4.6123     4.6160    25.0850   13.06519 3.6403e-02     64.975 0.0000e+00
        581  38.503600    0.04028     2.4167    145.000  1025.3880  51129.190    31.6792     64.579    7.29915     4.6124     4.6165    25.0845   13.06509 3.6394e-02     65.199 0.0000e+00
        582  38.503602    0.04035     2.4208    145.250  1025.3884  51128.223    31.6785     64.793    7.29912     4.6123     4.6168    25.0839   13.06506 3.6389e-02     65.415 0.0000e+00
        583  38.503605    0.04042     2.4250    145.500  1025.3890  51127.605    31.6780     65.005    7.29913     4.6122     4.6169    25.0835   13.06508 3.6386e-02     65.628 0.0000e+00
        584  38.503608    0.04049     2.4292    145.750  1025.3899  51127.608    31.6779     65.218    7.29915     4.6121     4.6168    25.0834   13.06511 3.6385e-02     65.844 0.0000e+00
        585  38.503611    0.04056     2.4333    146.000  1025.3912  51128.296    31.6783     65.438    7.29915     4.6122     4.6167    25.0836   13.06511 3.6384e-02     66.066 0.0000e+00
        586  38.503614    0.04063     2.4375    146.250  1025.3928  51129.421    31.6789     65.665    7.29913     4.6126     4.6166    25.0842   13.06506 3.6383e-02     66.295 0.0000e+00
        587  38.503617    0.04069     2.4417    146.500  1025.3945  51130.610    31.6797     65.896    7.29906     4.6133     4.6168    25.0847   13.06495 3.6383e-02     66.528 0.0000e+00
        588  38.503620    0.04076     2.4458    146.750  1025.3960  51131.577    31.6803     66.126    7.29896     4.6141     4.6172    25.0852   13.06477 3.6382e-02     66.760 0.0000e+00
        589  38.503623    0.04083     2.4500    147.000  1025.3974  51132.259    31.6808     66.350    7.29882     4.6149     4.6179    25.0856   13.06453 3.6382e-02     66.987 0.0000e+00
        590  38.503626    0.04090     2.4542    147.250  1025.3986  51132.557    31.6811     66.567    7.29867     4.6156     4.6187    25.0857   13.06427 3.6382e-02     67.206 0.0000e+00
        591  38.503628    0.04097     2.4583    147.500  1025.3994  51132.272    31.6809     66.777    7.29853     4.6161     4.6195    25.0855   13.06404 3.6382e-02     67.419 0.0000e+00
        592  38.503631    0.04104     2.4625    147.750  1025.3999  51131.544    31.6805     66.986    7.29842     4.6163     4.6202    25.0851   13.06388 3.6382e-02     67.630 0.0000e+00
        593  38.503634    0.04111     2.4667    148.000  1025.4004  51130.594    31.6799     67.197    7.29836     4.6162     4.6207    25.0846   13.06379 3.6382e-02     67.843 0.0000e+00
        594  38.503637    0.04118     2.4708    148.250  1025.4007  51129.498    31.6791     67.411    7.29836     4.6158     4.6210    25.0839   13.06380 3.6382e-02     68.059 0.0000e+00
        595  38.503640    0.04125     2.4750    148.500  1025.4011  51128.505    31.6783     67.627    7.29841     4.6152     4.6209    25.0832   13.06390 3.6382e-02     68.277 0.0000e+00
