CTD-processing/allCTD/CNV--homogene/2017_11-02_alongbay_ptgr_cast084.cnv
* Sea-Bird SBE19plus Data File:
* FileName = C:\Users\Kim.Powell\Desktop\Not Processed\2017\2017_11-02_\2017_11-02_TRANSECT_STATION_cast084.hex
* Software Version 1.59
* Temperature SN =  4141
* Conductivity SN =  4141
* System UpLoad Time = Nov 07 2017 08:21:32
** 2017_11-02
** Station: PtGr
** Start Time: 15:04
** Depth (m): 68.9
** Comment: Edgecumbe
** Comment:
# nquan = 17
# nvalues = 698                         
# units = specified
# name 0 = scan: Scan Count
# name 1 = timeJ: Julian Days
# name 2 = timeH: Time, Elapsed [hours]
# name 3 = timeM: Time, Elapsed [minutes]
# name 4 = timeS: Time, Elapsed [seconds]
# name 5 = density00: Density [density, kg/m^3]
# name 6 = specc: Specific Conductance [uS/cm]
# name 7 = sal00: Salinity, Practical [PSU]
# name 8 = depSM: Depth [salt water, m], lat = 59.00
# name 9 = oxsolML/L: Oxygen Saturation, Garcia & Gordon [ml/l]
# name 10 = potemp090C: Potential Temperature [ITS-90, deg C]
# name 11 = tv290C: Temperature [ITS-90, deg C]
# name 12 = sigma-é00: Density [sigma-theta, kg/m^3]
# name 13 = n2satML/L: Nitrogen Saturation [ml/l]
# name 14 = par: PAR/Irradiance, Biospherical/Licor
# name 15 = prdM: Pressure, Strain Gauge [db]
# name 16 = flag:  0.000e+00
# span 0 =          1,        698       
# span 1 = 306.628113, 306.630130       
# span 2 =    0.00000,    0.04840       
# span 3 =     0.0000,     2.9042       
# span 4 =      0.000,    174.250       
# span 5 =  1007.3119,  1024.3992       
# span 6 =  15621.485,  49259.537       
# span 7 =     9.4916,    31.1941       
# span 8 =      0.320,     60.812       
# span 9 =    6.59564,    7.87995       
# span 10 =     7.9757,     9.1265      
# span 11 =     7.6846,     9.1329      
# span 12 =     7.3104,    24.1200      
# span 13 =   11.90817,   14.34781      
# span 14 = 2.2364e-01, 3.5467e+02      
# span 15 =      0.323,     61.395      
# span 16 = 0.0000e+00, 0.0000e+00      
# interval = seconds: 0.25
# start_time = Nov 02 2017 15:04:29 [Instrument's time stamp, header]
# bad_flag = -9.990e-29
*END*
[from data line 596]
        597 306.629838    0.04139     2.4833    149.000  1024.2767  49179.686    31.1441     42.235    6.59965     9.1157     9.1200    24.0826   11.91541 1.2375e+00     42.638 0.0000e+00
        598 306.629841    0.04146     2.4875    149.250  1024.2782  49180.438    31.1446     42.482    6.59962     9.1158     9.1201    24.0829   11.91535 1.2097e+00     42.887 0.0000e+00
        599 306.629844    0.04153     2.4917    149.500  1024.2793  49180.584    31.1446     42.718    6.59960     9.1158     9.1202    24.0829   11.91533 1.1834e+00     43.126 0.0000e+00
        600 306.629847    0.04160     2.4958    149.750  1024.2799  49180.020    31.1441     42.933    6.59962     9.1158     9.1203    24.0826   11.91535 1.1590e+00     43.342 0.0000e+00
        601 306.629850    0.04167     2.5000    150.000  1024.2801  49178.928    31.1433     43.119    6.59965     9.1158     9.1203    24.0819   11.91541 1.1373e+00     43.531 0.0000e+00
        602 306.629852    0.04174     2.5042    150.250  1024.2802  49178.025    31.1426     43.279    6.59967     9.1158     9.1203    24.0814   11.91546 1.1187e+00     43.692 0.0000e+00
        603 306.629855    0.04181     2.5083    150.500  1024.2807  49177.693    31.1423     43.419    6.59969     9.1158     9.1203    24.0811   11.91549 1.1023e+00     43.834 0.0000e+00
        604 306.629858    0.04188     2.5125    150.750  1024.2814  49178.033    31.1424     43.552    6.59968     9.1158     9.1203    24.0813   11.91547 1.0871e+00     43.968 0.0000e+00
        605 306.629861    0.04194     2.5167    151.000  1024.2825  49178.963    31.1430     43.689    6.59965     9.1159     9.1203    24.0818   11.91541 1.0722e+00     44.106 0.0000e+00
        606 306.629864    0.04201     2.5208    151.250  1024.2839  49180.199    31.1438     43.838    6.59960     9.1160     9.1204    24.0824   11.91533 1.0569e+00     44.256 0.0000e+00
        607 306.629867    0.04208     2.5250    151.500  1024.2853  49181.482    31.1447     44.002    6.59955     9.1161     9.1205    24.0830   11.91525 1.0410e+00     44.422 0.0000e+00
        608 306.629870    0.04215     2.5292    151.750  1024.2867  49182.782    31.1455     44.178    6.59950     9.1162     9.1206    24.0837   11.91515 1.0240e+00     44.600 0.0000e+00
        609 306.629873    0.04222     2.5333    152.000  1024.2884  49184.294    31.1465     44.365    6.59945     9.1162     9.1207    24.0845   11.91504 1.0057e+00     44.789 0.0000e+00
        610 306.629876    0.04229     2.5375    152.250  1024.2900  49185.849    31.1476     44.559    6.59939     9.1163     9.1208    24.0852   11.91493 9.8635e-01     44.984 0.0000e+00
        611 306.629878    0.04236     2.5417    152.500  1024.2913  49186.619    31.1480     44.756    6.59935     9.1163     9.1209    24.0856   11.91487 9.6665e-01     45.183 0.0000e+00
        612 306.629881    0.04243     2.5458    152.750  1024.2920  49186.515    31.1479     44.954    6.59935     9.1163     9.1210    24.0855   11.91486 9.4743e-01     45.383 0.0000e+00
        613 306.629884    0.04250     2.5500    153.000  1024.2929  49186.463    31.1478     45.156    6.59935     9.1163     9.1210    24.0854   11.91486 9.2852e-01     45.587 0.0000e+00
        614 306.629887    0.04257     2.5542    153.250  1024.2939  49186.669    31.1478     45.361    6.59934     9.1164     9.1210    24.0854   11.91485 9.0962e-01     45.794 0.0000e+00
        615 306.629890    0.04264     2.5583    153.500  1024.2950  49187.141    31.1481     45.570    6.59933     9.1164     9.1211    24.0856   11.91482 8.9101e-01     46.005 0.0000e+00
        616 306.629893    0.04271     2.5625    153.750  1024.2966  49188.521    31.1489     45.782    6.59928     9.1165     9.1211    24.0863   11.91474 8.7296e-01     46.219 0.0000e+00
        617 306.629896    0.04278     2.5667    154.000  1024.2991  49191.310    31.1508     45.994    6.59919     9.1167     9.1212    24.0877   11.91457 8.5578e-01     46.433 0.0000e+00
        618 306.629899    0.04285     2.5708    154.250  1024.3024  49195.750    31.1538     46.203    6.59904     9.1171     9.1213    24.0901   11.91428 8.3953e-01     46.644 0.0000e+00
        619 306.629902    0.04292     2.5750    154.500  1024.3066  49201.798    31.1580     46.405    6.59883     9.1175     9.1216    24.0934   11.91388 8.2397e-01     46.848 0.0000e+00
        620 306.629905    0.04299     2.5792    154.750  1024.3109  49208.325    31.1626     46.599    6.59859     9.1179     9.1219    24.0969   11.91342 8.0905e-01     47.044 0.0000e+00
        621 306.629907    0.04306     2.5833    155.000  1024.3146  49213.543    31.1662     46.785    6.59837     9.1183     9.1223    24.0996   11.91302 7.9478e-01     47.231 0.0000e+00
        622 306.629910    0.04312     2.5875    155.250  1024.3171  49216.852    31.1686     46.963    6.59820     9.1186     9.1228    24.1014   11.91271 7.8138e-01     47.412 0.0000e+00
        623 306.629913    0.04319     2.5917    155.500  1024.3189  49218.828    31.1699     47.135    6.59808     9.1189     9.1232    24.1024   11.91250 7.6881e-01     47.585 0.0000e+00
        624 306.629916    0.04326     2.5958    155.750  1024.3203  49220.130    31.1708     47.302    6.59799     9.1190     9.1235    24.1030   11.91234 7.5660e-01     47.754 0.0000e+00
        625 306.629919    0.04333     2.6000    156.000  1024.3216  49221.075    31.1714     47.466    6.59793     9.1191     9.1238    24.1035   11.91223 7.4457e-01     47.920 0.0000e+00
        626 306.629922    0.04340     2.6042    156.250  1024.3226  49221.720    31.1718     47.630    6.59789     9.1191     9.1240    24.1038   11.91215 7.3288e-01     48.085 0.0000e+00
        627 306.629925    0.04347     2.6083    156.500  1024.3236  49222.254    31.1722     47.795    6.59786     9.1192     9.1241    24.1040   11.91210 7.2153e-01     48.251 0.0000e+00
        628 306.629928    0.04354     2.6125    156.750  1024.3246  49222.745    31.1725     47.961    6.59784     9.1192     9.1241    24.1042   11.91207 7.1057e-01     48.419 0.0000e+00
        629 306.629931    0.04361     2.6167    157.000  1024.3256  49223.269    31.1728     48.126    6.59782     9.1193     9.1242    24.1045   11.91203 7.0032e-01     48.586 0.0000e+00
        630 306.629933    0.04368     2.6208    157.250  1024.3266  49223.897    31.1731     48.288    6.59779     9.1194     9.1242    24.1048   11.91198 6.9074e-01     48.749 0.0000e+00
        631 306.629936    0.04375     2.6250    157.500  1024.3276  49224.490    31.1735     48.448    6.59776     9.1195     9.1243    24.1050   11.91193 6.8125e-01     48.911 0.0000e+00
        632 306.629939    0.04382     2.6292    157.750  1024.3286  49224.995    31.1738     48.612    6.59773     9.1197     9.1245    24.1053   11.91187 6.7119e-01     49.077 0.0000e+00
        633 306.629942    0.04389     2.6333    158.000  1024.3297  49225.625    31.1742     48.792    6.59769     9.1198     9.1246    24.1055   11.91181 6.6002e-01     49.259 0.0000e+00
        634 306.629945    0.04396     2.6375    158.250  1024.3311  49226.741    31.1749     48.997    6.59764     9.1201     9.1248    24.1061   11.91171 6.4784e-01     49.465 0.0000e+00
        635 306.629948    0.04403     2.6417    158.500  1024.3330  49228.427    31.1760     49.226    6.59757     9.1204     9.1250    24.1069   11.91157 6.3526e-01     49.696 0.0000e+00
        636 306.629951    0.04410     2.6458    158.750  1024.3352  49230.555    31.1774     49.468    6.59747     9.1208     9.1252    24.1080   11.91139 6.2212e-01     49.941 0.0000e+00
        637 306.629954    0.04417     2.6500    159.000  1024.3375  49232.792    31.1790     49.705    6.59735     9.1213     9.1256    24.1091   11.91118 6.0865e-01     50.181 0.0000e+00
        638 306.629957    0.04424     2.6542    159.250  1024.3394  49234.639    31.1802     49.922    6.59723     9.1217     9.1260    24.1101   11.91096 5.9625e-01     50.400 0.0000e+00
        639 306.629959    0.04431     2.6583    159.500  1024.3409  49235.983    31.1811     50.110    6.59712     9.1221     9.1265    24.1107   11.91077 5.8557e-01     50.590 0.0000e+00
        640 306.629962    0.04437     2.6625    159.750  1024.3422  49237.003    31.1818     50.273    6.59703     9.1224     9.1269    24.1112   11.91061 5.7629e-01     50.754 0.0000e+00
        641 306.629965    0.04444     2.6667    160.000  1024.3432  49237.769    31.1823     50.423    6.59695     9.1226     9.1273    24.1116   11.91047 5.6782e-01     50.906 0.0000e+00
        642 306.629968    0.04451     2.6708    160.250  1024.3442  49238.356    31.1827     50.576    6.59688     9.1228     9.1276    24.1118   11.91036 5.5948e-01     51.060 0.0000e+00
        643 306.629971    0.04458     2.6750    160.500  1024.3452  49238.909    31.1831     50.744    6.59683     9.1230     9.1279    24.1120   11.91027 5.5079e-01     51.229 0.0000e+00
        644 306.629974    0.04465     2.6792    160.750  1024.3463  49239.521    31.1835     50.932    6.59678     9.1231     9.1281    24.1123   11.91018 5.4184e-01     51.419 0.0000e+00
        645 306.629977    0.04472     2.6833    161.000  1024.3475  49240.056    31.1838     51.135    6.59675     9.1232     9.1283    24.1125   11.91012 5.3271e-01     51.625 0.0000e+00
        646 306.629980    0.04479     2.6875    161.250  1024.3485  49240.275    31.1839     51.342    6.59672     9.1233     9.1284    24.1125   11.91007 5.2298e-01     51.834 0.0000e+00
        647 306.629983    0.04486     2.6917    161.500  1024.3493  49240.283    31.1838     51.543    6.59670     9.1233     9.1286    24.1125   11.91005 5.1304e-01     52.036 0.0000e+00
        648 306.629986    0.04493     2.6958    161.750  1024.3502  49240.406    31.1838     51.732    6.59669     9.1234     9.1287    24.1125   11.91002 5.0382e-01     52.227 0.0000e+00
        649 306.629988    0.04500     2.7000    162.000  1024.3511  49240.648    31.1839     51.910    6.59667     9.1234     9.1287    24.1126   11.91000 4.9550e-01     52.406 0.0000e+00
        650 306.629991    0.04507     2.7042    162.250  1024.3519  49240.780    31.1839     52.078    6.59666     9.1235     9.1288    24.1126   11.90998 4.8786e-01     52.576 0.0000e+00
        651 306.629994    0.04514     2.7083    162.500  1024.3526  49240.885    31.1840     52.238    6.59665     9.1235     9.1288    24.1126   11.90997 4.8070e-01     52.737 0.0000e+00
        652 306.629997    0.04521     2.7125    162.750  1024.3533  49241.072    31.1840     52.394    6.59664     9.1236     9.1289    24.1127   11.90994 4.7376e-01     52.895 0.0000e+00
        653 306.630000    0.04528     2.7167    163.000  1024.3541  49241.244    31.1841     52.553    6.59663     9.1236     9.1290    24.1127   11.90992 4.6677e-01     53.055 0.0000e+00
        654 306.630003    0.04535     2.7208    163.250  1024.3550  49241.509    31.1842     52.724    6.59661     9.1237     9.1291    24.1128   11.90989 4.5940e-01     53.228 0.0000e+00
        655 306.630006    0.04542     2.7250    163.500  1024.3561  49242.076    31.1846     52.913    6.59658     9.1238     9.1291    24.1131   11.90984 4.5154e-01     53.419 0.0000e+00
        656 306.630009    0.04549     2.7292    163.750  1024.3575  49242.960    31.1851     53.122    6.59655     9.1239     9.1292    24.1135   11.90978 4.4329e-01     53.630 0.0000e+00
        657 306.630012    0.04556     2.7333    164.000  1024.3589  49243.808    31.1856     53.345    6.59651     9.1240     9.1294    24.1139   11.90971 4.3481e-01     53.855 0.0000e+00
        658 306.630014    0.04562     2.7375    164.250  1024.3601  49244.294    31.1859     53.570    6.59648     9.1241     9.1295    24.1140   11.90965 4.2621e-01     54.083 0.0000e+00
        659 306.630017    0.04569     2.7417    164.500  1024.3611  49244.484    31.1859     53.789    6.59646     9.1241     9.1296    24.1140   11.90961 4.1749e-01     54.304 0.0000e+00
        660 306.630020    0.04576     2.7458    164.750  1024.3620  49244.492    31.1859     53.996    6.59645     9.1241     9.1297    24.1140   11.90959 4.0900e-01     54.513 0.0000e+00
        661 306.630023    0.04583     2.7500    165.000  1024.3629  49244.540    31.1858     54.193    6.59644     9.1242     9.1298    24.1139   11.90958 4.0104e-01     54.712 0.0000e+00
        662 306.630026    0.04590     2.7542    165.250  1024.3638  49244.757    31.1859     54.385    6.59643     9.1242     9.1298    24.1140   11.90957 3.9359e-01     54.906 0.0000e+00
        663 306.630029    0.04597     2.7583    165.500  1024.3648  49245.074    31.1860     54.574    6.59642     9.1243     9.1299    24.1141   11.90955 3.8685e-01     55.097 0.0000e+00
        664 306.630032    0.04604     2.7625    165.750  1024.3659  49245.612    31.1863     54.757    6.59640     9.1243     9.1299    24.1144   11.90951 3.8105e-01     55.281 0.0000e+00
        665 306.630035    0.04611     2.7667    166.000  1024.3670  49246.322    31.1868     54.928    6.59637     9.1244     9.1299    24.1147   11.90946 3.7609e-01     55.454 0.0000e+00
        666 306.630038    0.04618     2.7708    166.250  1024.3681  49247.077    31.1873     55.081    6.59634     9.1246     9.1300    24.1150   11.90940 3.7169e-01     55.609 0.0000e+00
        667 306.630041    0.04625     2.7750    166.500  1024.3691  49247.854    31.1878     55.220    6.59630     9.1247     9.1302    24.1154   11.90933 3.6747e-01     55.749 0.0000e+00
        668 306.630043    0.04632     2.7792    166.750  1024.3700  49248.461    31.1881     55.353    6.59626     9.1248     9.1303    24.1157   11.90927 3.6299e-01     55.883 0.0000e+00
        669 306.630046    0.04639     2.7833    167.000  1024.3708  49248.789    31.1883     55.492    6.59624     9.1248     9.1304    24.1158   11.90923 3.5810e-01     56.023 0.0000e+00
        670 306.630049    0.04646     2.7875    167.250  1024.3715  49248.973    31.1884     55.642    6.59622     9.1249     9.1305    24.1159   11.90919 3.5279e-01     56.175 0.0000e+00
        671 306.630052    0.04653     2.7917    167.500  1024.3723  49249.165    31.1885     55.806    6.59620     9.1249     9.1306    24.1159   11.90916 3.4718e-01     56.341 0.0000e+00
        672 306.630055    0.04660     2.7958    167.750  1024.3732  49249.388    31.1886     55.983    6.59619     9.1249     9.1307    24.1160   11.90914 3.4149e-01     56.519 0.0000e+00
        673 306.630058    0.04667     2.8000    168.000  1024.3741  49249.634    31.1887     56.171    6.59617     9.1250     9.1308    24.1160   11.90911 3.3582e-01     56.709 0.0000e+00
        674 306.630061    0.04674     2.8042    168.250  1024.3751  49249.988    31.1889     56.369    6.59616     9.1250     9.1308    24.1162   11.90908 3.3000e-01     56.909 0.0000e+00
        675 306.630064    0.04681     2.8083    168.500  1024.3762  49250.423    31.1891     56.581    6.59614     9.1251     9.1309    24.1163   11.90905 3.2404e-01     57.123 0.0000e+00
        676 306.630067    0.04688     2.8125    168.750  1024.3774  49250.865    31.1893     56.811    6.59613     9.1251     9.1309    24.1165   11.90902 3.1806e-01     57.356 0.0000e+00
        677 306.630069    0.04694     2.8167    169.000  1024.3788  49251.458    31.1896     57.061    6.59610     9.1252     9.1310    24.1167   11.90898 3.1167e-01     57.607 0.0000e+00
        678 306.630072    0.04701     2.8208    169.250  1024.3804  49252.191    31.1900     57.320    6.59607     9.1253     9.1311    24.1171   11.90892 3.0453e-01     57.869 0.0000e+00
        679 306.630075    0.04708     2.8250    169.500  1024.3818  49252.820    31.1904     57.573    6.59604     9.1254     9.1312    24.1173   11.90886 2.9752e-01     58.125 0.0000e+00
        680 306.630078    0.04715     2.8292    169.750  1024.3830  49253.295    31.1906     57.799    6.59600     9.1255     9.1313    24.1175   11.90881 2.9191e-01     58.353 0.0000e+00
