CTD-processing/allCTD/CNV--homogene/2017_03-28_alongbay_skb06_cast052.cnv
* Sea-Bird SBE19plus Data File:
* FileName = C:\Users\jwschloemer\Documents\CTD Data\2017_03_28_alongbay\2017_03_28_alongbay_cast052.hex
* Software Version 1.59
* Temperature SN =  4141
* Conductivity SN =  4141
* System UpLoad Time = Apr 03 2017 15:22:02
** Cook Inlet LTM Kbay Along Bay
** Date: 2017-03-28
** Station: KB06
** Start Time (AKST): 13:28
** Depth (m): 103
** Comment: R/V Edgecumbe
# nquan = 17
# nvalues = 679                         
# units = specified
# name 0 = scan: Scan Count
# name 1 = timeJ: Julian Days
# name 2 = timeH: Time, Elapsed [hours]
# name 3 = timeM: Time, Elapsed [minutes]
# name 4 = timeS: Time, Elapsed [seconds]
# name 5 = density00: Density [density, kg/m^3]
# name 6 = specc: Specific Conductance [uS/cm]
# name 7 = sal00: Salinity, Practical [PSU]
# name 8 = depSM: Depth [salt water, m], lat = 59.00
# name 9 = oxsolML/L: Oxygen Saturation, Garcia & Gordon [ml/l]
# name 10 = potemp090C: Potential Temperature [ITS-90, deg C]
# name 11 = tv290C: Temperature [ITS-90, deg C]
# name 12 = sigma-é00: Density [sigma-theta, kg/m^3]
# name 13 = n2satML/L: Nitrogen Saturation [ml/l]
# name 14 = par: PAR/Irradiance, Biospherical/Licor
# name 15 = prdM: Pressure, Strain Gauge [db]
# name 16 = flag:  0.000e+00
# span 0 =          1,        679       
# span 1 =  87.520394,  87.522355       
# span 2 =    0.00000,    0.04708       
# span 3 =     0.0000,     2.8250       
# span 4 =      0.000,    169.500       
# span 5 =  1003.9194,  1025.9106       
# span 6 =   8682.296,  52233.366       
# span 7 =     4.9519,    32.0488       
# span 8 =     -0.121,     85.260       
# span 9 =    7.52399,    9.36344       
# span 10 =     2.0793,     3.2658      
# span 11 =     2.0379,     3.2707      
# span 12 =     3.9201,    25.5070      
# span 13 =   13.43132,   16.89567      
# span 14 = 4.3031e-02, 4.2922e+02      
# span 15 =     -0.122,     86.082      
# span 16 = 0.0000e+00, 0.0000e+00      
# interval = seconds: 0.25
# start_time = Mar 28 2017 12:29:22 [Instrument's time stamp, header]
# bad_flag = -9.990e-29
*END*
[from data line 596]
        597  87.522118    0.04139     2.4833    149.000  1025.8367  52153.638    32.0425     70.398    7.52755     3.2498     3.2532    25.5033   13.43727 4.3118e-02     71.075 0.0000e+00
        598  87.522121    0.04146     2.4875    149.250  1025.8381  52154.651    32.0431     70.604    7.52746     3.2505     3.2535    25.5038   13.43711 4.3092e-02     71.283 0.0000e+00
        599  87.522124    0.04153     2.4917    149.500  1025.8395  52155.580    32.0438     70.797    7.52734     3.2512     3.2540    25.5043   13.43690 4.3075e-02     71.478 0.0000e+00
        600  87.522127    0.04160     2.4958    149.750  1025.8407  52156.142    32.0442     70.978    7.52720     3.2519     3.2546    25.5046   13.43667 4.3087e-02     71.661 0.0000e+00
        601  87.522130    0.04167     2.5000    150.000  1025.8418  52156.601    32.0446     71.149    7.52705     3.2527     3.2553    25.5049   13.43641 4.3113e-02     71.833 0.0000e+00
        602  87.522133    0.04174     2.5042    150.250  1025.8428  52157.055    32.0450     71.315    7.52688     3.2535     3.2561    25.5052   13.43613 4.3143e-02     72.001 0.0000e+00
        603  87.522135    0.04181     2.5083    150.500  1025.8436  52157.125    32.0452     71.482    7.52673     3.2541     3.2569    25.5052   13.43587 4.3179e-02     72.169 0.0000e+00
        604  87.522138    0.04188     2.5125    150.750  1025.8443  52156.808    32.0451     71.656    7.52659     3.2547     3.2577    25.5051   13.43564 4.3223e-02     72.345 0.0000e+00
        605  87.522141    0.04194     2.5167    151.000  1025.8450  52156.465    32.0449     71.841    7.52647     3.2553     3.2584    25.5049   13.43544 4.3259e-02     72.531 0.0000e+00
        606  87.522144    0.04201     2.5208    151.250  1025.8458  52156.188    32.0448     72.036    7.52636     3.2557     3.2590    25.5047   13.43527 4.3285e-02     72.728 0.0000e+00
        607  87.522147    0.04208     2.5250    151.500  1025.8466  52155.986    32.0447     72.239    7.52627     3.2561     3.2595    25.5046   13.43512 4.3297e-02     72.933 0.0000e+00
        608  87.522150    0.04215     2.5292    151.750  1025.8476  52155.999    32.0447     72.444    7.52618     3.2564     3.2600    25.5046   13.43498 4.3281e-02     73.140 0.0000e+00
        609  87.522153    0.04222     2.5333    152.000  1025.8486  52156.184    32.0449     72.644    7.52610     3.2566     3.2604    25.5046   13.43485 4.3249e-02     73.343 0.0000e+00
        610  87.522156    0.04229     2.5375    152.250  1025.8495  52156.293    32.0449     72.834    7.52604     3.2569     3.2607    25.5046   13.43474 4.3219e-02     73.535 0.0000e+00
        611  87.522159    0.04236     2.5417    152.500  1025.8503  52156.368    32.0449     73.015    7.52598     3.2571     3.2609    25.5046   13.43465 4.3193e-02     73.717 0.0000e+00
        612  87.522161    0.04243     2.5458    152.750  1025.8513  52156.680    32.0451     73.192    7.52593     3.2572     3.2612    25.5048   13.43456 4.3190e-02     73.896 0.0000e+00
        613  87.522164    0.04250     2.5500    153.000  1025.8524  52157.320    32.0455     73.377    7.52587     3.2574     3.2614    25.5051   13.43446 4.3204e-02     74.082 0.0000e+00
        614  87.522167    0.04257     2.5542    153.250  1025.8537  52158.114    32.0460     73.573    7.52581     3.2577     3.2616    25.5054   13.43435 4.3203e-02     74.280 0.0000e+00
        615  87.522170    0.04264     2.5583    153.500  1025.8550  52158.764    32.0464     73.776    7.52576     3.2581     3.2618    25.5057   13.43425 4.3177e-02     74.486 0.0000e+00
        616  87.522173    0.04271     2.5625    153.750  1025.8562  52159.259    32.0467     73.977    7.52569     3.2585     3.2620    25.5060   13.43414 4.3139e-02     74.688 0.0000e+00
        617  87.522176    0.04278     2.5667    154.000  1025.8573  52159.746    32.0470     74.164    7.52561     3.2591     3.2624    25.5062   13.43400 4.3111e-02     74.877 0.0000e+00
        618  87.522179    0.04285     2.5708    154.250  1025.8582  52159.994    32.0473     74.332    7.52551     3.2596     3.2629    25.5063   13.43383 4.3091e-02     75.048 0.0000e+00
        619  87.522182    0.04292     2.5750    154.500  1025.8589  52159.817    32.0472     74.490    7.52541     3.2601     3.2635    25.5062   13.43367 4.3083e-02     75.207 0.0000e+00
        620  87.522185    0.04299     2.5792    154.750  1025.8595  52159.557    32.0471     74.652    7.52532     3.2605     3.2640    25.5061   13.43352 4.3086e-02     75.371 0.0000e+00
        621  87.522188    0.04306     2.5833    155.000  1025.8603  52159.558    32.0471     74.829    7.52523     3.2610     3.2645    25.5061   13.43337 4.3080e-02     75.550 0.0000e+00
        622  87.522190    0.04312     2.5875    155.250  1025.8613  52159.601    32.0472     75.023    7.52513     3.2613     3.2650    25.5061   13.43321 4.3072e-02     75.745 0.0000e+00
        623  87.522193    0.04319     2.5917    155.500  1025.8621  52159.405    32.0470     75.226    7.52505     3.2616     3.2654    25.5059   13.43309 4.3092e-02     75.950 0.0000e+00
        624  87.522196    0.04326     2.5958    155.750  1025.8629  52159.224    32.0469     75.427    7.52499     3.2618     3.2658    25.5058   13.43299 4.3126e-02     76.153 0.0000e+00
        625  87.522199    0.04333     2.6000    156.000  1025.8638  52159.247    32.0469     75.618    7.52495     3.2619     3.2660    25.5058   13.43291 4.3127e-02     76.346 0.0000e+00
        626  87.522202    0.04340     2.6042    156.250  1025.8646  52159.320    32.0469     75.800    7.52491     3.2619     3.2662    25.5058   13.43285 4.3104e-02     76.529 0.0000e+00
        627  87.522205    0.04347     2.6083    156.500  1025.8655  52159.489    32.0469     75.981    7.52489     3.2620     3.2663    25.5058   13.43281 4.3085e-02     76.711 0.0000e+00
        628  87.522208    0.04354     2.6125    156.750  1025.8665  52159.720    32.0470     76.170    7.52487     3.2620     3.2664    25.5058   13.43277 4.3078e-02     76.903 0.0000e+00
        629  87.522211    0.04361     2.6167    157.000  1025.8674  52159.800    32.0470     76.374    7.52486     3.2620     3.2665    25.5058   13.43276 4.3081e-02     77.109 0.0000e+00
        630  87.522214    0.04368     2.6208    157.250  1025.8684  52159.877    32.0469     76.588    7.52486     3.2620     3.2665    25.5058   13.43275 4.3088e-02     77.325 0.0000e+00
        631  87.522216    0.04375     2.6250    157.500  1025.8694  52160.036    32.0469     76.803    7.52486     3.2620     3.2665    25.5058   13.43275 4.3111e-02     77.542 0.0000e+00
        632  87.522219    0.04382     2.6292    157.750  1025.8703  52160.156    32.0469     77.009    7.52485     3.2620     3.2665    25.5058   13.43274 4.3154e-02     77.751 0.0000e+00
        633  87.522222    0.04389     2.6333    158.000  1025.8712  52160.263    32.0469     77.203    7.52485     3.2620     3.2666    25.5057   13.43274 4.3208e-02     77.946 0.0000e+00
        634  87.522225    0.04396     2.6375    158.250  1025.8721  52160.402    32.0469     77.387    7.52484     3.2620     3.2666    25.5057   13.43274 4.3268e-02     78.132 0.0000e+00
        635  87.522228    0.04403     2.6417    158.500  1025.8730  52160.726    32.0470     77.569    7.52483     3.2621     3.2666    25.5058   13.43272 4.3323e-02     78.316 0.0000e+00
        636  87.522231    0.04410     2.6458    158.750  1025.8741  52161.182    32.0472     77.758    7.52482     3.2621     3.2666    25.5060   13.43269 4.3368e-02     78.506 0.0000e+00
        637  87.522234    0.04417     2.6500    159.000  1025.8751  52161.453    32.0473     77.956    7.52481     3.2621     3.2667    25.5061   13.43268 4.3408e-02     78.707 0.0000e+00
        638  87.522237    0.04424     2.6542    159.250  1025.8761  52161.529    32.0472     78.164    7.52481     3.2620     3.2667    25.5060   13.43268 4.3433e-02     78.916 0.0000e+00
        639  87.522240    0.04431     2.6583    159.500  1025.8770  52161.526    32.0471     78.375    7.52481     3.2620     3.2667    25.5059   13.43269 4.3448e-02     79.130 0.0000e+00
        640  87.522242    0.04437     2.6625    159.750  1025.8779  52161.468    32.0470     78.584    7.52483     3.2621     3.2667    25.5058   13.43271 4.3451e-02     79.341 0.0000e+00
        641  87.522245    0.04444     2.6667    160.000  1025.8788  52161.634    32.0470     78.786    7.52482     3.2622     3.2667    25.5058   13.43270 4.3438e-02     79.545 0.0000e+00
        642  87.522248    0.04451     2.6708    160.250  1025.8799  52162.011    32.0472     78.980    7.52480     3.2624     3.2667    25.5060   13.43266 4.3420e-02     79.741 0.0000e+00
        643  87.522251    0.04458     2.6750    160.500  1025.8808  52162.273    32.0473     79.168    7.52476     3.2625     3.2669    25.5061   13.43260 4.3398e-02     79.930 0.0000e+00
        644  87.522254    0.04465     2.6792    160.750  1025.8818  52162.471    32.0474     79.352    7.52472     3.2626     3.2671    25.5061   13.43254 4.3379e-02     80.117 0.0000e+00
        645  87.522257    0.04472     2.6833    161.000  1025.8826  52162.588    32.0474     79.538    7.52469     3.2627     3.2673    25.5061   13.43248 4.3360e-02     80.305 0.0000e+00
        646  87.522260    0.04479     2.6875    161.250  1025.8835  52162.688    32.0474     79.730    7.52467     3.2628     3.2674    25.5061   13.43245 4.3321e-02     80.498 0.0000e+00
        647  87.522263    0.04486     2.6917    161.500  1025.8846  52163.076    32.0476     79.929    7.52465     3.2629     3.2674    25.5062   13.43240 4.3271e-02     80.699 0.0000e+00
        648  87.522266    0.04493     2.6958    161.750  1025.8859  52163.710    32.0480     80.134    7.52461     3.2631     3.2675    25.5065   13.43234 4.3245e-02     80.906 0.0000e+00
        649  87.522269    0.04500     2.7000    162.000  1025.8871  52164.322    32.0483     80.341    7.52457     3.2633     3.2677    25.5068   13.43227 4.3254e-02     81.115 0.0000e+00
        650  87.522271    0.04507     2.7042    162.250  1025.8882  52164.753    32.0485     80.544    7.52452     3.2637     3.2679    25.5069   13.43219 4.3282e-02     81.320 0.0000e+00
        651  87.522274    0.04514     2.7083    162.500  1025.8892  52164.985    32.0486     80.738    7.52447     3.2641     3.2681    25.5070   13.43210 4.3318e-02     81.516 0.0000e+00
        652  87.522277    0.04521     2.7125    162.750  1025.8901  52165.103    32.0487     80.923    7.52440     3.2645     3.2685    25.5070   13.43199 4.3349e-02     81.703 0.0000e+00
        653  87.522280    0.04528     2.7167    163.000  1025.8909  52165.070    32.0487     81.103    7.52432     3.2648     3.2689    25.5070   13.43186 4.3373e-02     81.885 0.0000e+00
        654  87.522283    0.04535     2.7208    163.250  1025.8916  52164.741    32.0485     81.285    7.52426     3.2650     3.2693    25.5068   13.43176 4.3402e-02     82.068 0.0000e+00
        655  87.522286    0.04542     2.7250    163.500  1025.8922  52164.285    32.0482     81.474    7.52421     3.2651     3.2696    25.5065   13.43168 4.3433e-02     82.259 0.0000e+00
        656  87.522289    0.04549     2.7292    163.750  1025.8929  52164.018    32.0479     81.673    7.52419     3.2651     3.2698    25.5063   13.43164 4.3461e-02     82.461 0.0000e+00
        657  87.522292    0.04556     2.7333    164.000  1025.8939  52164.168    32.0480     81.883    7.52417     3.2652     3.2699    25.5063   13.43162 4.3479e-02     82.672 0.0000e+00
        658  87.522295    0.04562     2.7375    164.250  1025.8951  52164.678    32.0482     82.097    7.52415     3.2654     3.2699    25.5065   13.43157 4.3477e-02     82.888 0.0000e+00
        659  87.522297    0.04569     2.7417    164.500  1025.8963  52165.088    32.0484     82.307    7.52412     3.2656     3.2701    25.5067   13.43152 4.3468e-02     83.100 0.0000e+00
        660  87.522300    0.04576     2.7458    164.750  1025.8972  52165.198    32.0484     82.507    7.52408     3.2657     3.2702    25.5067   13.43146 4.3455e-02     83.302 0.0000e+00
        661  87.522303    0.04583     2.7500    165.000  1025.8981  52165.226    32.0484     82.694    7.52405     3.2657     3.2704    25.5066   13.43141 4.3440e-02     83.491 0.0000e+00
        662  87.522306    0.04590     2.7542    165.250  1025.8989  52165.308    32.0484     82.870    7.52403     3.2658     3.2705    25.5066   13.43137 4.3433e-02     83.669 0.0000e+00
        663  87.522309    0.04597     2.7583    165.500  1025.8997  52165.439    32.0484     83.044    7.52401     3.2658     3.2706    25.5066   13.43135 4.3436e-02     83.845 0.0000e+00
        664  87.522312    0.04604     2.7625    165.750  1025.9006  52165.590    32.0484     83.224    7.52400     3.2658     3.2706    25.5066   13.43133 4.3428e-02     84.027 0.0000e+00
        665  87.522315    0.04611     2.7667    166.000  1025.9015  52165.713    32.0484     83.414    7.52399     3.2658     3.2707    25.5066   13.43132 4.3403e-02     84.219 0.0000e+00
        666  87.522318    0.04618     2.7708    166.250  1025.9024  52165.797    32.0484     83.614    7.52399     3.2657     3.2707    25.5065   13.43132 4.3394e-02     84.421 0.0000e+00
        667  87.522321    0.04625     2.7750    166.500  1025.9033  52165.791    32.0482     83.822    7.52400     3.2655     3.2707    25.5064   13.43134 4.3401e-02     84.630 0.0000e+00
        668  87.522323    0.04632     2.7792    166.750  1025.9041  52165.692    32.0480     84.030    7.52403     3.2654     3.2706    25.5063   13.43138 4.3406e-02     84.841 0.0000e+00
        669  87.522326    0.04639     2.7833    167.000  1025.9050  52165.671    32.0479     84.233    7.52406     3.2652     3.2705    25.5062   13.43143 4.3420e-02     85.046 0.0000e+00
        670  87.522329    0.04646     2.7875    167.250  1025.9059  52165.906    32.0479     84.425    7.52409     3.2652     3.2704    25.5063   13.43148 4.3452e-02     85.240 0.0000e+00
        671  87.522332    0.04653     2.7917    167.500  1025.9069  52166.374    32.0481     84.603    7.52410     3.2652     3.2702    25.5064   13.43150 4.3493e-02     85.419 0.0000e+00
        672  87.522335    0.04660     2.7958    167.750  1025.9079  52166.915    32.0484     84.765    7.52410     3.2653     3.2702    25.5066   13.43150 4.3513e-02     85.583 0.0000e+00
        673  87.522338    0.04667     2.8000    168.000  1025.9088  52167.313    32.0486     84.911    7.52409     3.2654     3.2702    25.5068   13.43147 4.3505e-02     85.730 0.0000e+00
        674  87.522341    0.04674     2.8042    168.250  1025.9093  52167.387    32.0486     85.034    7.52407     3.2654     3.2703    25.5068   13.43145 4.3481e-02     85.854 0.0000e+00
        675  87.522344    0.04681     2.8083    168.500  1025.9097  52167.342    32.0485     85.125    7.52406     3.2655     3.2704    25.5068   13.43143 4.3460e-02     85.946 0.0000e+00
        676  87.522347    0.04688     2.8125    168.750  1025.9100  52167.435    32.0486     85.185    7.52404     3.2655     3.2704    25.5068   13.43140 4.3462e-02     86.007 0.0000e+00
        677  87.522350    0.04694     2.8167    169.000  1025.9103  52167.609    32.0487     85.225    7.52403     3.2655     3.2705    25.5069   13.43137 4.3461e-02     86.047 0.0000e+00
        678  87.522352    0.04701     2.8208    169.250  1025.9105  52167.755    32.0488     85.251    7.52401 -9.990e-29     3.2705    25.5070   13.43135 4.3430e-02     86.073 0.0000e+00
        679  87.522355    0.04708     2.8250    169.500  1025.9106  52167.812    32.0488     85.260    7.52401 -9.990e-29     3.2705    25.5070   13.43134 4.3404e-02     86.082 0.0000e+00
