CTD-processing/allCTD/CNV--homogene/2017_09-22_alongbay_skb09_cast026.cnv
* Sea-Bird SBE19plus Data File:
* FileName = C:\Users\Kim.Powell\Desktop\Not Processed\2017\2017_09-22\2017_09-22_TRANSECT_STATION_cast026.hex
* Software Version 1.59
* Temperature SN =  4141
* Conductivity SN =  4141
* System UpLoad Time = Oct 11 2017 10:34:40
** 2017_09-22
** Station: KB09
** Start Time: 11:31
** Depth (m): 63.7
** Comment:
** Comment:
# nquan = 17
# nvalues = 569                         
# units = specified
# name 0 = scan: Scan Count
# name 1 = timeJ: Julian Days
# name 2 = timeH: Time, Elapsed [hours]
# name 3 = timeM: Time, Elapsed [minutes]
# name 4 = timeS: Time, Elapsed [seconds]
# name 5 = density00: Density [density, kg/m^3]
# name 6 = specc: Specific Conductance [uS/cm]
# name 7 = sal00: Salinity, Practical [PSU]
# name 8 = depSM: Depth [salt water, m], lat = 59.00
# name 9 = oxsolML/L: Oxygen Saturation, Garcia & Gordon [ml/l]
# name 10 = potemp090C: Potential Temperature [ITS-90, deg C]
# name 11 = tv290C: Temperature [ITS-90, deg C]
# name 12 = sigma-é00: Density [sigma-theta, kg/m^3]
# name 13 = n2satML/L: Nitrogen Saturation [ml/l]
# name 14 = par: PAR/Irradiance, Biospherical/Licor
# name 15 = prdM: Pressure, Strain Gauge [db]
# name 16 = flag:  0.000e+00
# span 0 =          1,        569       
# span 1 = 265.480116, 265.481759       
# span 2 =    0.00000,    0.03944       
# span 3 =     0.0000,     2.3667       
# span 4 =      0.000,    142.000       
# span 5 =  1019.7298,  1023.4994       
# span 6 =  41343.501,  47887.291       
# span 7 =    25.8943,    30.4536       
# span 8 =      0.483,     54.196       
# span 9 =    6.34897,    6.61278       
# span 10 =    10.7001,    11.2545      
# span 11 =    10.5537,    11.2550      
# span 12 =    19.7265,    23.2523      
# span 13 =   11.51057,   12.00123      
# span 14 = 4.7305e-02, 4.0437e+01      
# span 15 =      0.488,     54.715      
# span 16 = 0.0000e+00, 0.0000e+00      
# interval = seconds: 0.25
# start_time = Sep 22 2017 11:31:22 [Instrument's time stamp, header]
# bad_flag = -9.990e-29
*END*
[from data line 511]
        512 265.481594    0.03549     2.1292    127.750  1023.2904  47620.814    30.2927     43.771    6.35038    11.1170    11.1307    23.0910   11.51253 5.0322e-02     44.188 0.0000e+00
        513 265.481597    0.03556     2.1333    128.000  1023.2959  47628.460    30.2976     43.964    6.35080    11.1136    11.1262    23.0956   11.51316 5.0135e-02     44.383 0.0000e+00
        514 265.481600    0.03562     2.1375    128.250  1023.3006  47634.998    30.3017     44.155    6.35117    11.1107    11.1222    23.0994   11.51373 4.9977e-02     44.576 0.0000e+00
        515 265.481603    0.03569     2.1417    128.500  1023.3048  47640.600    30.3052     44.345    6.35149    11.1082    11.1189    23.1028   11.51421 4.9837e-02     44.769 0.0000e+00
        516 265.481606    0.03576     2.1458    128.750  1023.3086  47645.594    30.3083     44.537    6.35176    11.1058    11.1160    23.1057   11.51462 4.9710e-02     44.962 0.0000e+00
        517 265.481609    0.03583     2.1500    129.000  1023.3122  47650.295    30.3113     44.729    6.35199    11.1034    11.1135    23.1084   11.51496 4.9577e-02     45.156 0.0000e+00
        518 265.481612    0.03590     2.1542    129.250  1023.3157  47654.795    30.3141     44.918    6.35220    11.1013    11.1110    23.1111   11.51528 4.9413e-02     45.347 0.0000e+00
        519 265.481615    0.03597     2.1583    129.500  1023.3190  47659.043    30.3168     45.104    6.35241    11.0993    11.1087    23.1135   11.51560 4.9234e-02     45.534 0.0000e+00
        520 265.481617    0.03604     2.1625    129.750  1023.3221  47662.889    30.3192     45.285    6.35260    11.0976    11.1066    23.1158   11.51590 4.9071e-02     45.717 0.0000e+00
        521 265.481620    0.03611     2.1667    130.000  1023.3249  47666.239    30.3213     45.465    6.35278    11.0960    11.1046    23.1177   11.51617 4.8922e-02     45.899 0.0000e+00
        522 265.481623    0.03618     2.1708    130.250  1023.3274  47669.127    30.3230     45.649    6.35295    11.0943    11.1029    23.1194   11.51642 4.8777e-02     46.085 0.0000e+00
        523 265.481626    0.03625     2.1750    130.500  1023.3297  47671.652    30.3246     45.840    6.35310    11.0924    11.1014    23.1209   11.51666 4.8643e-02     46.278 0.0000e+00
        524 265.481629    0.03632     2.1792    130.750  1023.3320  47673.913    30.3259     46.038    6.35327    11.0900    11.0997    23.1222   11.51692 4.8534e-02     46.477 0.0000e+00
        525 265.481632    0.03639     2.1833    131.000  1023.3341  47675.944    30.3271     46.239    6.35348    11.0872    11.0978    23.1235   11.51726 4.8457e-02     46.681 0.0000e+00
        526 265.481635    0.03646     2.1875    131.250  1023.3362  47677.795    30.3281     46.441    6.35376    11.0837    11.0955    23.1246   11.51771 4.8407e-02     46.884 0.0000e+00
        527 265.481638    0.03653     2.1917    131.500  1023.3383  47679.590    30.3289     46.640    6.35411    11.0796    11.0927    23.1258   11.51827 4.8356e-02     47.085 0.0000e+00
        528 265.481641    0.03660     2.1958    131.750  1023.3406  47681.642    30.3299     46.836    6.35454    11.0750    11.0893    23.1272   11.51897 4.8290e-02     47.283 0.0000e+00
        529 265.481644    0.03667     2.2000    132.000  1023.3433  47684.405    30.3313     47.031    6.35504    11.0701    11.0852    23.1290   11.51979 4.8225e-02     47.480 0.0000e+00
        530 265.481646    0.03674     2.2042    132.250  1023.3465  47687.996    30.3333     47.224    6.35559    11.0651    11.0805    23.1313   11.52068 4.8169e-02     47.676 0.0000e+00
        531 265.481649    0.03681     2.2083    132.500  1023.3500  47692.154    30.3357     47.416    6.35617    11.0602    11.0756    23.1340   11.52161 4.8129e-02     47.869 0.0000e+00
        532 265.481652    0.03687     2.2125    132.750  1023.3537  47696.700    30.3383     47.605    6.35675    11.0555    11.0707    23.1368   11.52253 4.8103e-02     48.060 0.0000e+00
        533 265.481655    0.03694     2.2167    133.000  1023.3576  47701.544    30.3411     47.793    6.35730    11.0510    11.0658    23.1398   11.52342 4.8078e-02     48.249 0.0000e+00
        534 265.481658    0.03701     2.2208    133.250  1023.3615  47706.419    30.3439     47.980    6.35783    11.0466    11.0611    23.1429   11.52427 4.8060e-02     48.438 0.0000e+00
        535 265.481661    0.03708     2.2250    133.500  1023.3653  47711.116    30.3467     48.168    6.35833    11.0424    11.0566    23.1458   11.52507 4.8061e-02     48.628 0.0000e+00
        536 265.481664    0.03715     2.2292    133.750  1023.3690  47715.797    30.3494     48.358    6.35881    11.0382    11.0523    23.1487   11.52583 4.8055e-02     48.820 0.0000e+00
        537 265.481667    0.03722     2.2333    134.000  1023.3730  47720.828    30.3524     48.551    6.35926    11.0338    11.0481    23.1518   11.52655 4.8019e-02     49.015 0.0000e+00
        538 265.481670    0.03729     2.2375    134.250  1023.3773  47726.519    30.3559     48.743    6.35970    11.0292    11.0439    23.1552   11.52723 4.7973e-02     49.209 0.0000e+00
        539 265.481672    0.03736     2.2417    134.500  1023.3821  47733.066    30.3600     48.934    6.36013    11.0245    11.0395    23.1591   11.52789 4.7926e-02     49.402 0.0000e+00
        540 265.481675    0.03743     2.2458    134.750  1023.3873  47740.281    30.3645     49.122    6.36057    11.0200    11.0349    23.1634   11.52858 4.7878e-02     49.592 0.0000e+00
        541 265.481678    0.03750     2.2500    135.000  1023.3925  47747.526    30.3690     49.310    6.36103    11.0160    11.0303    23.1677   11.52928 4.7840e-02     49.781 0.0000e+00
        542 265.481681    0.03757     2.2542    135.250  1023.3973  47754.226    30.3732     49.501    6.36147    11.0124    11.0258    23.1717   11.52996 4.7819e-02     49.975 0.0000e+00
        543 265.481684    0.03764     2.2583    135.500  1023.4018  47760.217    30.3769     49.699    6.36187    11.0089    11.0218    23.1753   11.53058 4.7809e-02     50.174 0.0000e+00
        544 265.481687    0.03771     2.2625    135.750  1023.4059  47765.607    30.3802     49.900    6.36223    11.0054    11.0182    23.1785   11.53113 4.7770e-02     50.377 0.0000e+00
        545 265.481690    0.03778     2.2667    136.000  1023.4099  47770.643    30.3833     50.100    6.36257    11.0011    11.0148    23.1815   11.53166 4.7706e-02     50.579 0.0000e+00
        546 265.481693    0.03785     2.2708    136.250  1023.4138  47775.773    30.3864     50.294    6.36293    10.9959    11.0113    23.1846   11.53223 4.7667e-02     50.775 0.0000e+00
        547 265.481696    0.03792     2.2750    136.500  1023.4182  47781.574    30.3900     50.480    6.36337    10.9898    11.0070    23.1881   11.53290 4.7652e-02     50.963 0.0000e+00
        548 265.481698    0.03799     2.2792    136.750  1023.4232  47788.490    30.3942     50.659    6.36391    10.9835    11.0018    23.1923   11.53375 4.7638e-02     51.144 0.0000e+00
        549 265.481701    0.03806     2.2833    137.000  1023.4288  47796.408    30.3991     50.834    6.36454    10.9774    10.9958    23.1971   11.53475 4.7636e-02     51.321 0.0000e+00
        550 265.481704    0.03812     2.2875    137.250  1023.4346  47804.614    30.4041     51.011    6.36520    10.9718    10.9894    23.2021   11.53579 4.7651e-02     51.499 0.0000e+00
        551 265.481707    0.03819     2.2917    137.500  1023.4402  47812.421    30.4089     51.191    6.36584    10.9668    10.9834    23.2068   11.53678 4.7663e-02     51.681 0.0000e+00
        552 265.481710    0.03826     2.2958    137.750  1023.4453  47819.551    30.4132     51.375    6.36642    10.9622    10.9778    23.2111   11.53770 4.7663e-02     51.866 0.0000e+00
        553 265.481713    0.03833     2.3000    138.000  1023.4501  47825.951    30.4171     51.561    6.36696    10.9581    10.9728    23.2150   11.53855 4.7644e-02     52.054 0.0000e+00
        554 265.481716    0.03840     2.3042    138.250  1023.4544  47831.605    30.4206     51.749    6.36745    10.9542    10.9683    23.2185   11.53931 4.7601e-02     52.244 0.0000e+00
        555 265.481719    0.03847     2.3083    138.500  1023.4583  47836.563    30.4235     51.939    6.36789    10.9504    10.9642    23.2215   11.54001 4.7571e-02     52.436 0.0000e+00
        556 265.481722    0.03854     2.3125    138.750  1023.4619  47841.066    30.4262     52.133    6.36831    10.9464    10.9603    23.2242   11.54068 4.7549e-02     52.631 0.0000e+00
        557 265.481725    0.03861     2.3167    139.000  1023.4654  47845.411    30.4288     52.330    6.36873    10.9419    10.9565    23.2269   11.54134 4.7500e-02     52.830 0.0000e+00
        558 265.481727    0.03868     2.3208    139.250  1023.4691  47849.876    30.4314     52.528    6.36917    10.9372    10.9525    23.2296   11.54204 4.7438e-02     53.030 0.0000e+00
        559 265.481730    0.03875     2.3250    139.500  1023.4730  47854.833    30.4343     52.724    6.36966    10.9327    10.9481    23.2327   11.54282 4.7385e-02     53.228 0.0000e+00
        560 265.481733    0.03882     2.3292    139.750  1023.4772  47860.269    30.4376     52.915    6.37017    10.9287    10.9434    23.2360   11.54363 4.7356e-02     53.421 0.0000e+00
        561 265.481736    0.03889     2.3333    140.000  1023.4813  47865.580    30.4407     53.100    6.37066    10.9251    10.9389    23.2392   11.54440 4.7348e-02     53.608 0.0000e+00
        562 265.481739    0.03896     2.3375    140.250  1023.4850  47870.306    30.4435     53.280    6.37110    10.9219    10.9349    23.2421   11.54509 4.7332e-02     53.789 0.0000e+00
        563 265.481742    0.03903     2.3417    140.500  1023.4883  47874.498    30.4460     53.454    6.37149    10.9193    10.9313    23.2446   11.54571 4.7308e-02     53.966 0.0000e+00
        564 265.481745    0.03910     2.3458    140.750  1023.4914  47878.301    30.4483     53.625    6.37183    10.9173    10.9282    23.2469   11.54625 4.7305e-02     54.138 0.0000e+00
        565 265.481748    0.03917     2.3500    141.000  1023.4941  47881.557    30.4503     53.790    6.37211    10.9159    10.9256    23.2489   11.54669 4.7330e-02     54.305 0.0000e+00
        566 265.481751    0.03924     2.3542    141.250  1023.4963  47884.049    30.4517     53.942    6.37232    10.9150    10.9236    23.2504   11.54702 4.7372e-02     54.458 0.0000e+00
        567 265.481753    0.03931     2.3583    141.500  1023.4980  47885.801    30.4527     54.071    6.37247    10.9147    10.9222    23.2514   11.54726 4.7402e-02     54.589 0.0000e+00
        568 265.481756    0.03938     2.3625    141.750  1023.4990  47886.901    30.4534     54.162    6.37257 -9.990e-29    10.9213    23.2521   11.54741 4.7401e-02     54.681 0.0000e+00
        569 265.481759    0.03944     2.3667    142.000  1023.4994  47887.291    30.4536     54.196    6.37260 -9.990e-29    10.9210    23.2523   11.54746 4.7392e-02     54.715 0.0000e+00
