CTD-processing/allCTD/CNV--homogene/2017_12-14_alongbay_skb04_cast128.cnv
* Sea-Bird SBE19plus Data File:
* FileName = C:\Users\Kim.Powell\Desktop\Not Processed\2017\2017_12-XX_4141\2017_12-14_TANSECT_STATION_cast128.hex
* Software Version 1.59
* Temperature SN =  4141
* Conductivity SN =  4141
* System UpLoad Time = Dec 18 2017 08:26:07
** 2017_12-14
** Station: KB04
** Start Time: 13:19
** Depth (m): 155.4
** Comment:**CTD recorded date as April 18
** Comment:
# nquan = 17
# nvalues = 915                         
# units = specified
# name 0 = scan: Scan Count
# name 1 = timeJ: Julian Days
# name 2 = timeH: Time, Elapsed [hours]
# name 3 = timeM: Time, Elapsed [minutes]
# name 4 = timeS: Time, Elapsed [seconds]
# name 5 = density00: Density [density, kg/m^3]
# name 6 = specc: Specific Conductance [uS/cm]
# name 7 = sal00: Salinity, Practical [PSU]
# name 8 = depSM: Depth [salt water, m], lat = 59.00
# name 9 = oxsolML/L: Oxygen Saturation, Garcia & Gordon [ml/l]
# name 10 = potemp090C: Potential Temperature [ITS-90, deg C]
# name 11 = tv290C: Temperature [ITS-90, deg C]
# name 12 = sigma-é00: Density [sigma-theta, kg/m^3]
# name 13 = n2satML/L: Nitrogen Saturation [ml/l]
# name 14 = par: PAR/Irradiance, Biospherical/Licor
# name 15 = prdM: Pressure, Strain Gauge [db]
# name 16 = flag:  0.000e+00
# span 0 =          1,        915       
# span 1 = 108.555069, 108.557714       
# span 2 =    0.00000,    0.06347       
# span 3 =     0.0000,     3.8083       
# span 4 =      0.000,    228.500       
# span 5 =  1023.8673,  1025.2008       
# span 6 =  48708.975,  50157.427       
# span 7 =    30.3174,    31.4417       
# span 8 =      0.441,    122.907       
# span 9 =    6.92330,    7.17077       
# span 10 =     5.7042,     6.9197      
# span 11 =     5.7042,     6.9271      
# span 12 =    23.8639,    24.6307      
# span 13 =   12.44738,   12.86902      
# span 14 = 3.6382e-02, 4.7291e+01      
# span 15 =      0.445,    124.104      
# span 16 = 0.0000e+00, 0.0000e+00      
# interval = seconds: 0.25
# start_time = Apr 18 2017 13:19:18 [Instrument's time stamp, header]
# bad_flag = -9.990e-29
*END*
[from data line 852]
        853 108.557535    0.05917     3.5500    213.000  1025.1491  50149.573    31.4404    111.824    6.92667     6.8926     6.9020    24.6299   12.45279 3.6382e-02    112.910 0.0000e+00
        854 108.557538    0.05924     3.5542    213.250  1025.1498  50149.637    31.4404    111.983    6.92663     6.8928     6.9023    24.6299   12.45272 3.6382e-02    113.071 0.0000e+00
        855 108.557541    0.05931     3.5583    213.500  1025.1505  50149.762    31.4405    112.138    6.92659     6.8929     6.9025    24.6299   12.45265 3.6382e-02    113.227 0.0000e+00
        856 108.557543    0.05937     3.5625    213.750  1025.1513  50149.884    31.4405    112.301    6.92655     6.8930     6.9027    24.6299   12.45259 3.6382e-02    113.392 0.0000e+00
        857 108.557546    0.05944     3.5667    214.000  1025.1521  50149.957    31.4405    112.477    6.92653     6.8931     6.9028    24.6299   12.45255 3.6382e-02    113.570 0.0000e+00
        858 108.557549    0.05951     3.5708    214.250  1025.1529  50149.966    31.4404    112.665    6.92651     6.8932     6.9029    24.6298   12.45253 3.6382e-02    113.760 0.0000e+00
        859 108.557552    0.05958     3.5750    214.500  1025.1537  50149.965    31.4404    112.859    6.92650     6.8932     6.9030    24.6298   12.45251 3.6382e-02    113.955 0.0000e+00
        860 108.557555    0.05965     3.5792    214.750  1025.1546  50149.992    31.4403    113.052    6.92650     6.8932     6.9031    24.6297   12.45250 3.6382e-02    114.151 0.0000e+00
        861 108.557558    0.05972     3.5833    215.000  1025.1554  50150.028    31.4403    113.240    6.92649     6.8932     6.9031    24.6297   12.45249 3.6382e-02    114.341 0.0000e+00
        862 108.557561    0.05979     3.5875    215.250  1025.1562  50150.118    31.4403    113.422    6.92649     6.8932     6.9032    24.6296   12.45249 3.6382e-02    114.524 0.0000e+00
        863 108.557564    0.05986     3.5917    215.500  1025.1571  50150.271    31.4403    113.599    6.92648     6.8932     6.9032    24.6297   12.45248 3.6382e-02    114.703 0.0000e+00
        864 108.557567    0.05993     3.5958    215.750  1025.1579  50150.430    31.4403    113.778    6.92648     6.8933     6.9032    24.6297   12.45247 3.6382e-02    114.883 0.0000e+00
        865 108.557569    0.06000     3.6000    216.000  1025.1588  50150.556    31.4403    113.962    6.92648     6.8933     6.9033    24.6297   12.45246 3.6382e-02    115.069 0.0000e+00
        866 108.557572    0.06007     3.6042    216.250  1025.1597  50150.674    31.4403    114.152    6.92647     6.8933     6.9033    24.6297   12.45245 3.6382e-02    115.261 0.0000e+00
        867 108.557575    0.06014     3.6083    216.500  1025.1606  50150.816    31.4403    114.346    6.92646     6.8933     6.9033    24.6297   12.45245 3.6382e-02    115.457 0.0000e+00
        868 108.557578    0.06021     3.6125    216.750  1025.1615  50150.947    31.4403    114.537    6.92646     6.8933     6.9033    24.6297   12.45244 3.6382e-02    115.650 0.0000e+00
        869 108.557581    0.06028     3.6167    217.000  1025.1623  50151.075    31.4403    114.720    6.92645     6.8933     6.9033    24.6297   12.45243 3.6382e-02    115.835 0.0000e+00
        870 108.557584    0.06035     3.6208    217.250  1025.1632  50151.267    31.4404    114.893    6.92645     6.8934     6.9034    24.6298   12.45241 3.6382e-02    116.010 0.0000e+00
        871 108.557587    0.06042     3.6250    217.500  1025.1641  50151.536    31.4405    115.061    6.92644     6.8934     6.9034    24.6298   12.45240 3.6382e-02    116.180 0.0000e+00
        872 108.557590    0.06049     3.6292    217.750  1025.1650  50151.849    31.4406    115.233    6.92642     6.8935     6.9035    24.6299   12.45237 3.6382e-02    116.354 0.0000e+00
        873 108.557593    0.06056     3.6333    218.000  1025.1659  50152.184    31.4408    115.421    6.92640     6.8936     6.9036    24.6301   12.45234 3.6382e-02    116.543 0.0000e+00
        874 108.557595    0.06062     3.6375    218.250  1025.1670  50152.508    31.4409    115.628    6.92638     6.8936     6.9036    24.6302   12.45230 3.6382e-02    116.753 0.0000e+00
        875 108.557598    0.06069     3.6417    218.500  1025.1681  50152.819    31.4411    115.851    6.92636     6.8937     6.9037    24.6303   12.45226 3.6382e-02    116.977 0.0000e+00
        876 108.557601    0.06076     3.6458    218.750  1025.1693  50153.208    31.4413    116.075    6.92633     6.8939     6.9038    24.6304   12.45222 3.6382e-02    117.204 0.0000e+00
        877 108.557604    0.06083     3.6500    219.000  1025.1704  50153.629    31.4415    116.286    6.92630     6.8940     6.9040    24.6306   12.45217 3.6382e-02    117.417 0.0000e+00
        878 108.557607    0.06090     3.6542    219.250  1025.1714  50153.935    31.4416    116.476    6.92627     6.8942     6.9041    24.6307   12.45211 3.6382e-02    117.609 0.0000e+00
        879 108.557610    0.06097     3.6583    219.500  1025.1722  50154.104    31.4417    116.644    6.92624     6.8943     6.9043    24.6307   12.45206 3.6382e-02    117.779 0.0000e+00
        880 108.557613    0.06104     3.6625    219.750  1025.1729  50154.164    31.4417    116.802    6.92622     6.8945     6.9044    24.6307   12.45202 3.6382e-02    117.938 0.0000e+00
        881 108.557616    0.06111     3.6667    220.000  1025.1736  50154.169    31.4417    116.965    6.92619     6.8946     6.9046    24.6306   12.45198 3.6382e-02    118.102 0.0000e+00
        882 108.557619    0.06118     3.6708    220.250  1025.1744  50154.193    31.4417    117.145    6.92617     6.8948     6.9048    24.6306   12.45194 3.6382e-02    118.285 0.0000e+00
        883 108.557622    0.06125     3.6750    220.500  1025.1753  50154.246    31.4416    117.349    6.92614     6.8949     6.9049    24.6305   12.45190 3.6382e-02    118.490 0.0000e+00
        884 108.557624    0.06132     3.6792    220.750  1025.1763  50154.298    31.4416    117.568    6.92612     6.8950     6.9051    24.6305   12.45186 3.6382e-02    118.712 0.0000e+00
        885 108.557627    0.06139     3.6833    221.000  1025.1773  50154.368    31.4415    117.790    6.92610     6.8951     6.9052    24.6305   12.45183 3.6382e-02    118.937 0.0000e+00
        886 108.557630    0.06146     3.6875    221.250  1025.1782  50154.430    31.4415    117.999    6.92609     6.8951     6.9053    24.6304   12.45180 3.6382e-02    119.148 0.0000e+00
        887 108.557633    0.06153     3.6917    221.500  1025.1790  50154.455    31.4415    118.185    6.92607     6.8952     6.9054    24.6304   12.45178 3.6382e-02    119.335 0.0000e+00
        888 108.557636    0.06160     3.6958    221.750  1025.1797  50154.472    31.4414    118.346    6.92606     6.8952     6.9055    24.6303   12.45176 3.6382e-02    119.497 0.0000e+00
        889 108.557639    0.06167     3.7000    222.000  1025.1803  50154.468    31.4413    118.492    6.92606     6.8952     6.9055    24.6303   12.45176 3.6382e-02    119.644 0.0000e+00
        890 108.557642    0.06174     3.7042    222.250  1025.1810  50154.485    31.4413    118.638    6.92606     6.8952     6.9055    24.6302   12.45175 3.6382e-02    119.792 0.0000e+00
        891 108.557645    0.06181     3.7083    222.500  1025.1817  50154.560    31.4413    118.798    6.92605     6.8952     6.9056    24.6302   12.45175 3.6382e-02    119.954 0.0000e+00
        892 108.557648    0.06187     3.7125    222.750  1025.1825  50154.670    31.4413    118.975    6.92605     6.8952     6.9056    24.6302   12.45175 3.6382e-02    120.132 0.0000e+00
        893 108.557650    0.06194     3.7167    223.000  1025.1834  50154.812    31.4413    119.164    6.92604     6.8952     6.9056    24.6302   12.45174 3.6382e-02    120.323 0.0000e+00
        894 108.557653    0.06201     3.7208    223.250  1025.1843  50154.971    31.4413    119.359    6.92604     6.8952     6.9056    24.6302   12.45173 3.6382e-02    120.520 0.0000e+00
        895 108.557656    0.06208     3.7250    223.500  1025.1853  50155.133    31.4413    119.557    6.92604     6.8952     6.9057    24.6303   12.45172 3.6382e-02    120.721 0.0000e+00
        896 108.557659    0.06215     3.7292    223.750  1025.1862  50155.262    31.4413    119.759    6.92603     6.8952     6.9057    24.6303   12.45172 3.6382e-02    120.925 0.0000e+00
        897 108.557662    0.06222     3.7333    224.000  1025.1871  50155.399    31.4413    119.966    6.92603     6.8952     6.9057    24.6303   12.45171 3.6382e-02    121.134 0.0000e+00
        898 108.557665    0.06229     3.7375    224.250  1025.1881  50155.585    31.4414    120.176    6.92602     6.8952     6.9057    24.6303   12.45170 3.6382e-02    121.346 0.0000e+00
        899 108.557668    0.06236     3.7417    224.500  1025.1891  50155.767    31.4414    120.384    6.92602     6.8952     6.9058    24.6303   12.45170 3.6382e-02    121.556 0.0000e+00
        900 108.557671    0.06243     3.7458    224.750  1025.1901  50155.945    31.4414    120.578    6.92602     6.8951     6.9058    24.6304   12.45169 3.6382e-02    121.752 0.0000e+00
        901 108.557674    0.06250     3.7500    225.000  1025.1909  50156.148    31.4415    120.751    6.92601     6.8951     6.9058    24.6304   12.45168 3.6382e-02    121.926 0.0000e+00
        902 108.557677    0.06257     3.7542    225.250  1025.1917  50156.386    31.4416    120.902    6.92601     6.8951     6.9057    24.6305   12.45168 3.6382e-02    122.079 0.0000e+00
        903 108.557679    0.06264     3.7583    225.500  1025.1924  50156.601    31.4417    121.042    6.92601     6.8951     6.9057    24.6306   12.45168 3.6382e-02    122.221 0.0000e+00
        904 108.557682    0.06271     3.7625    225.750  1025.1932  50156.776    31.4417    121.191    6.92601     6.8950     6.9057    24.6306   12.45168 3.6382e-02    122.371 0.0000e+00
        905 108.557685    0.06278     3.7667    226.000  1025.1940  50156.946    31.4417    121.367    6.92601     6.8950     6.9057    24.6306   12.45167 3.6382e-02    122.549 0.0000e+00
        906 108.557688    0.06285     3.7708    226.250  1025.1949  50157.013    31.4417    121.577    6.92601     6.8950     6.9057    24.6306   12.45168 3.6382e-02    122.761 0.0000e+00
        907 108.557691    0.06292     3.7750    226.500  1025.1960  50157.033    31.4416    121.811    6.92601     6.8950     6.9057    24.6305   12.45168 3.6382e-02    122.998 0.0000e+00
        908 108.557694    0.06299     3.7792    226.750  1025.1970  50157.126    31.4416    122.051    6.92601     6.8951     6.9057    24.6305   12.45168 3.6382e-02    123.240 0.0000e+00
        909 108.557697    0.06306     3.7833    227.000  1025.1980  50157.202    31.4415    122.274    6.92601     6.8951     6.9058    24.6304   12.45168 3.6382e-02    123.465 0.0000e+00
        910 108.557700    0.06313     3.7875    227.250  1025.1989  50157.255    31.4415    122.466    6.92601     6.8951     6.9058    24.6304   12.45167 3.6382e-02    123.658 0.0000e+00
        911 108.557703    0.06319     3.7917    227.500  1025.1996  50157.334    31.4415    122.620    6.92600     6.8951     6.9058    24.6304   12.45167 3.6382e-02    123.813 0.0000e+00
        912 108.557705    0.06326     3.7958    227.750  1025.2001  50157.400    31.4415    122.738    6.92600     6.8951     6.9058    24.6304   12.45166 3.6382e-02    123.933 0.0000e+00
        913 108.557708    0.06333     3.8000    228.000  1025.2005  50157.427    31.4415    122.826    6.92600     6.8951     6.9058    24.6304   12.45166 3.6382e-02    124.022 0.0000e+00
        914 108.557711    0.06340     3.8042    228.250  1025.2007  50157.414    31.4414    122.885    6.92600 -9.990e-29     6.9059    24.6303   12.45166 3.6382e-02    124.082 0.0000e+00
        915 108.557714    0.06347     3.8083    228.500  1025.2008  50157.401    31.4414    122.907    6.92600 -9.990e-29     6.9059    24.6303   12.45166 3.6382e-02    124.104 0.0000e+00
