CTD-processing/allCTD/CNV--homogene/2017_08-24_t9_s05_cast016.cnv
* Sea-Bird SBE19plus Data File:
* FileName = C:\Users\Kim.Powell\Desktop\Not Processed\2017\2017_08\2017_08-24_TRANSECT_STATION_cast016.hex
* Software Version 1.59
* Temperature SN =  4141
* Conductivity SN =  4141
* System UpLoad Time = Sep 22 2017 08:38:19
** 2017_08-24
** Station: 9-05
** Start Time: 17:36
** Depth (m): 99
** Comment: Edgecumbe
** Comment:
# nquan = 17
# nvalues = 753                         
# units = specified
# name 0 = scan: Scan Count
# name 1 = timeJ: Julian Days
# name 2 = timeH: Time, Elapsed [hours]
# name 3 = timeM: Time, Elapsed [minutes]
# name 4 = timeS: Time, Elapsed [seconds]
# name 5 = density00: Density [density, kg/m^3]
# name 6 = specc: Specific Conductance [uS/cm]
# name 7 = sal00: Salinity, Practical [PSU]
# name 8 = depSM: Depth [salt water, m], lat = 59.00
# name 9 = oxsolML/L: Oxygen Saturation, Garcia & Gordon [ml/l]
# name 10 = potemp090C: Potential Temperature [ITS-90, deg C]
# name 11 = tv290C: Temperature [ITS-90, deg C]
# name 12 = sigma-é00: Density [sigma-theta, kg/m^3]
# name 13 = n2satML/L: Nitrogen Saturation [ml/l]
# name 14 = par: PAR/Irradiance, Biospherical/Licor
# name 15 = prdM: Pressure, Strain Gauge [db]
# name 16 = flag:  0.000e+00
# span 0 =          1,        753       
# span 1 = 236.733912, 236.736088       
# span 2 =    0.00000,    0.05222       
# span 3 =     0.0000,     3.1333       
# span 4 =      0.000,    188.000       
# span 5 =  1022.4028,  1024.7840       
# span 6 =  46350.236,  49698.325       
# span 7 =    29.4244,    31.5168       
# span 8 =      0.624,     97.039       
# span 9 =    6.37184,    6.55028       
# span 10 =     9.3399,    11.2258      
# span 11 =     9.3502,    11.2259      
# span 12 =    22.3996,    24.3391      
# span 13 =   11.55822,   11.82917      
# span 14 = 5.2099e-02, 1.8967e+02      
# span 15 =      0.630,     97.979      
# span 16 = 0.0000e+00, 0.0000e+00      
# interval = seconds: 0.25
# start_time = Aug 24 2017 17:36:50 [Instrument's time stamp, header]
# bad_flag = -9.990e-29
*END*
          1 236.733912    0.00000     0.0000      0.000  1022.5233  46554.704    29.5582      0.670    6.38076    11.1150    11.1255    22.5203   11.57163 1.3527e+02      0.676 0.0000e+00
          2 236.733915    0.00007     0.0042      0.250  1022.5284  46563.217    29.5637      0.665    6.38119    11.1094    11.1208    22.5253   11.57227 1.4112e+02      0.672 0.0000e+00
          3 236.733918    0.00014     0.0083      0.500  1022.5383  46580.549    29.5753      0.658    6.38151    11.1047    11.1151    22.5353   11.57266 1.4733e+02      0.664 0.0000e+00
          4 236.733921    0.00021     0.0125      0.750  1022.5511  46603.061    29.5905      0.652    6.38166    11.1010    11.1094    22.5482   11.57273 1.5269e+02      0.658 0.0000e+00
          5 236.733924    0.00028     0.0167      1.000  1022.5624  46622.960    29.6040      0.651    6.38176    11.0980    11.1047    22.5595   11.57274 1.5704e+02      0.657 0.0000e+00
          6 236.733927    0.00035     0.0208      1.250  1022.5708  46637.735    29.6140      0.656    6.38186    11.0951    11.1011    22.5679   11.57278 1.5972e+02      0.662 0.0000e+00
          7 236.733929    0.00042     0.0250      1.500  1022.5776  46649.591    29.6221      0.665    6.38194    11.0921    11.0981    22.5746   11.57283 1.6066e+02      0.671 0.0000e+00
          8 236.733932    0.00049     0.0292      1.750  1022.5841  46660.906    29.6297      0.677    6.38203    11.0889    11.0952    22.5810   11.57288 1.6149e+02      0.683 0.0000e+00
          9 236.733935    0.00056     0.0333      2.000  1022.5906  46672.120    29.6373      0.688    6.38214    11.0858    11.0921    22.5874   11.57298 1.6297e+02      0.694 0.0000e+00
         10 236.733938    0.00063     0.0375      2.250  1022.5966  46682.626    29.6444      0.691    6.38230    11.0831    11.0889    22.5935   11.57315 1.6442e+02      0.697 0.0000e+00
         11 236.733941    0.00069     0.0417      2.500  1022.6020  46692.048    29.6507      0.685    6.38247    11.0813    11.0858    22.5989   11.57336 1.6527e+02      0.691 0.0000e+00
         12 236.733944    0.00076     0.0458      2.750  1022.6063  46699.666    29.6557      0.669    6.38263    11.0805    11.0832    22.6033   11.57357 1.6590e+02      0.675 0.0000e+00
         13 236.733947    0.00083     0.0500      3.000  1022.6090  46704.385    29.6589      0.651    6.38276    11.0812    11.0813    22.6061   11.57374 1.6681e+02      0.657 0.0000e+00
         14 236.733950    0.00090     0.0542      3.250  1022.6096  46705.406    29.6595      0.637    6.38283    11.0832    11.0806    22.6067   11.57386 1.6748e+02      0.643 0.0000e+00
         15 236.733953    0.00097     0.0583      3.500  1022.6079  46702.380    29.6575      0.633    6.38283    11.0863    11.0812    22.6050   11.57387 1.6779e+02      0.639 0.0000e+00
         16 236.733955    0.00104     0.0625      3.750  1022.6043  46696.031    29.6532      0.641    6.38272    11.0894    11.0833    22.6014   11.57374 1.6841e+02      0.647 0.0000e+00
         17 236.733958    0.00111     0.0667      4.000  1022.6000  46688.656    29.6484      0.655    6.38249    11.0913    11.0864    22.5971   11.57342 1.6932e+02      0.661 0.0000e+00
         18 236.733961    0.00118     0.0708      4.250  1022.5970  46683.549    29.6451      0.669    6.38220    11.0911    11.0895    22.5940   11.57297 1.7017e+02      0.675 0.0000e+00
         19 236.733964    0.00125     0.0750      4.500  1022.5968  46683.386    29.6451      0.680    6.38194    11.0891    11.0913    22.5937   11.57254 1.7082e+02      0.686 0.0000e+00
         20 236.733967    0.00132     0.0792      4.750  1022.5996  46688.472    29.6487      0.685    6.38182    11.0863    11.0912    22.5965   11.57229 1.7138e+02      0.691 0.0000e+00
         21 236.733970    0.00139     0.0833      5.000  1022.6041  46696.453    29.6541      0.685    6.38187    11.0840    11.0892    22.6011   11.57232 1.7189e+02      0.691 0.0000e+00
         22 236.733973    0.00146     0.0875      5.250  1022.6083  46703.626    29.6589      0.681    6.38206    11.0828    11.0864    22.6052   11.57258 1.7192e+02      0.687 0.0000e+00
         23 236.733976    0.00153     0.0917      5.500  1022.6105  46707.373    29.6613      0.676    6.38228    11.0826    11.0841    22.6075   11.57292 1.7141e+02      0.682 0.0000e+00
         24 236.733979    0.00160     0.0958      5.750  1022.6108  46707.697    29.6614      0.672    6.38244    11.0829    11.0829    22.6078   11.57319 1.7112e+02      0.678 0.0000e+00
         25 236.733981    0.00167     0.1000      6.000  1022.6100  46706.107    29.6602      0.668    6.38252    11.0835    11.0826    22.6069   11.57333 1.7191e+02      0.674 0.0000e+00
         26 236.733984    0.00174     0.1042      6.250  1022.6087  46703.865    29.6587      0.664    6.38254    11.0843    11.0830    22.6056   11.57338 1.7372e+02      0.670 0.0000e+00
         27 236.733987    0.00181     0.1083      6.500  1022.6073  46701.416    29.6570      0.661    6.38252    11.0852    11.0836    22.6042   11.57337 1.7642e+02      0.667 0.0000e+00
         28 236.733990    0.00187     0.1125      6.750  1022.6057  46698.628    29.6551      0.655    6.38249    11.0863    11.0844    22.6026   11.57334 1.7966e+02      0.662 0.0000e+00
         29 236.733993    0.00194     0.1167      7.000  1022.6037  46695.292    29.6529      0.648    6.38246    11.0878    11.0853    22.6007   11.57331 1.8210e+02      0.654 0.0000e+00
         30 236.733996    0.00201     0.1208      7.250  1022.6016  46691.690    29.6504      0.639    6.38240    11.0896    11.0864    22.5987   11.57325 1.8307e+02      0.646 0.0000e+00
         31 236.733999    0.00208     0.1250      7.500  1022.5993  46687.725    29.6478      0.635    6.38231    11.0916    11.0878    22.5964   11.57313 1.8309e+02      0.641 0.0000e+00
         32 236.734002    0.00215     0.1292      7.750  1022.5962  46682.294    29.6442      0.638    6.38221    11.0934    11.0896    22.5932   11.57301 1.8250e+02      0.644 0.0000e+00
         33 236.734005    0.00222     0.1333      8.000  1022.5922  46675.404    29.6396      0.643    6.38212    11.0949    11.0916    22.5893   11.57292 1.8125e+02      0.649 0.0000e+00
         34 236.734008    0.00229     0.1375      8.250  1022.5888  46669.462    29.6356      0.644    6.38203    11.0960    11.0935    22.5859   11.57280 1.8037e+02      0.650 0.0000e+00
         35 236.734010    0.00236     0.1417      8.500  1022.5872  46666.684    29.6338      0.639    6.38190    11.0967    11.0950    22.5843   11.57260 1.8071e+02      0.645 0.0000e+00
         36 236.734013    0.00243     0.1458      8.750  1022.5870  46666.664    29.6339      0.631    6.38175    11.0969    11.0961    22.5842   11.57235 1.8136e+02      0.637 0.0000e+00
         37 236.734016    0.00250     0.1500      9.000  1022.5875  46667.767    29.6347      0.625    6.38162    11.0970    11.0967    22.5847   11.57214 1.8177e+02      0.631 0.0000e+00
         38 236.734019    0.00257     0.1542      9.250  1022.5880  46668.696    29.6354      0.624    6.38156    11.0970    11.0970    22.5852   11.57202 1.8173e+02      0.630 0.0000e+00
         39 236.734022    0.00264     0.1583      9.500  1022.5880  46668.724    29.6354      0.630    6.38155    11.0971    11.0971    22.5852   11.57201 1.8120e+02      0.636 0.0000e+00
         40 236.734025    0.00271     0.1625      9.750  1022.5877  46667.933    29.6349      0.643    6.38157    11.0971    11.0971    22.5847   11.57205 1.8128e+02      0.649 0.0000e+00
         41 236.734028    0.00278     0.1667     10.000  1022.5871  46666.764    29.6340      0.661    6.38159    11.0971    11.0971    22.5841   11.57210 1.8174e+02      0.667 0.0000e+00
         42 236.734031    0.00285     0.1708     10.250  1022.5864  46665.373    29.6331      0.682    6.38162    11.0969    11.0972    22.5833   11.57216 1.8149e+02      0.688 0.0000e+00
         43 236.734034    0.00292     0.1750     10.500  1022.5856  46663.823    29.6320      0.701    6.38167    11.0964    11.0972    22.5825   11.57225 1.8090e+02      0.707 0.0000e+00
         44 236.734036    0.00299     0.1792     10.750  1022.5850  46662.447    29.6310      0.712    6.38174    11.0957    11.0969    22.5817   11.57239 1.8091e+02      0.719 0.0000e+00
         45 236.734039    0.00306     0.1833     11.000  1022.5846  46661.713    29.6304      0.712    6.38183    11.0950    11.0964    22.5814   11.57254 1.8164e+02      0.719 0.0000e+00
         46 236.734042    0.00313     0.1875     11.250  1022.5849  46662.120    29.6306      0.701    6.38192    11.0946    11.0957    22.5817   11.57268 1.8276e+02      0.708 0.0000e+00
         47 236.734045    0.00319     0.1917     11.500  1022.5857  46663.733    29.6317      0.682    6.38197    11.0946    11.0951    22.5826   11.57275 1.8373e+02      0.688 0.0000e+00
         48 236.734048    0.00326     0.1958     11.750  1022.5866  46665.473    29.6329      0.663    6.38198    11.0949    11.0947    22.5836   11.57275 1.8442e+02      0.669 0.0000e+00
         49 236.734051    0.00333     0.2000     12.000  1022.5868  46665.789    29.6331      0.651    6.38197    11.0953    11.0946    22.5838   11.57273 1.8491e+02      0.658 0.0000e+00
         50 236.734054    0.00340     0.2042     12.250  1022.5858  46664.118    29.6319      0.651    6.38197    11.0958    11.0949    22.5828   11.57276 1.8485e+02      0.657 0.0000e+00
         51 236.734057    0.00347     0.2083     12.500  1022.5841  46660.906    29.6297      0.660    6.38200    11.0961    11.0954    22.5810   11.57283 1.8468e+02      0.667 0.0000e+00
         52 236.734060    0.00354     0.2125     12.750  1022.5818  46656.685    29.6268      0.676    6.38206    11.0963    11.0959    22.5787   11.57296 1.8551e+02      0.683 0.0000e+00
         53 236.734062    0.00361     0.2167     13.000  1022.5791  46651.673    29.6233      0.693    6.38215    11.0961    11.0962    22.5760   11.57315 1.8668e+02      0.700 0.0000e+00
         54 236.734065    0.00368     0.2208     13.250  1022.5761  46646.165    29.6195      0.705    6.38229    11.0957    11.0964    22.5729   11.57343 1.8698e+02      0.712 0.0000e+00
         55 236.734068    0.00375     0.2250     13.500  1022.5734  46641.248    29.6160      0.708    6.38245    11.0952    11.0962    22.5702   11.57374 1.8739e+02      0.714 0.0000e+00
         56 236.734071    0.00382     0.2292     13.750  1022.5718  46638.256    29.6138      0.699    6.38259    11.0945    11.0958    22.5686   11.57400 1.8819e+02      0.706 0.0000e+00
         57 236.734074    0.00389     0.2333     14.000  1022.5715  46637.725    29.6134      0.683    6.38269    11.0942    11.0953    22.5684   11.57417 1.8801e+02      0.689 0.0000e+00
         58 236.734077    0.00396     0.2375     14.250  1022.5724  46639.449    29.6146      0.665    6.38273    11.0947    11.0946    22.5694   11.57422 1.8703e+02      0.671 0.0000e+00
         59 236.734080    0.00403     0.2417     14.500  1022.5739  46642.236    29.6165      0.651    6.38269    11.0959    11.0943    22.5709   11.57413 1.8598e+02      0.657 0.0000e+00
         60 236.734083    0.00410     0.2458     14.750  1022.5749  46644.120    29.6179      0.646    6.38257    11.0975    11.0948    22.5719   11.57392 1.8519e+02      0.652 0.0000e+00
         61 236.734086    0.00417     0.2500     15.000  1022.5745  46643.690    29.6177      0.650    6.38242    11.0991    11.0960    22.5716   11.57366 1.8508e+02      0.656 0.0000e+00
         62 236.734089    0.00424     0.2542     15.250  1022.5728  46640.749    29.6158      0.661    6.38227    11.1004    11.0976    22.5698   11.57344 1.8540e+02      0.668 0.0000e+00
         63 236.734091    0.00431     0.2583     15.500  1022.5701  46635.944    29.6125      0.677    6.38218    11.1011    11.0992    22.5671   11.57332 1.8569e+02      0.684 0.0000e+00
         64 236.734094    0.00438     0.2625     15.750  1022.5670  46630.262    29.6087      0.693    6.38216    11.1015    11.1005    22.5638   11.57334 1.8573e+02      0.700 0.0000e+00
         65 236.734097    0.00444     0.2667     16.000  1022.5640  46624.942    29.6050      0.704    6.38221    11.1014    11.1012    22.5608   11.57346 1.8571e+02      0.711 0.0000e+00
         66 236.734100    0.00451     0.2708     16.250  1022.5618  46620.925    29.6022      0.706    6.38228    11.1010    11.1015    22.5586   11.57361 1.8614e+02      0.712 0.0000e+00
         67 236.734103    0.00458     0.2750     16.500  1022.5605  46618.553    29.6006      0.696    6.38235    11.1008    11.1014    22.5573   11.57376 1.8707e+02      0.703 0.0000e+00
         68 236.734106    0.00465     0.2792     16.750  1022.5602  46617.997    29.6002      0.680    6.38242    11.1013    11.1010    22.5571   11.57388 1.8758e+02      0.686 0.0000e+00
         69 236.734109    0.00472     0.2833     17.000  1022.5606  46618.938    29.6008      0.662    6.38243    11.1033    11.1008    22.5576   11.57389 1.8726e+02      0.669 0.0000e+00
         70 236.734112    0.00479     0.2875     17.250  1022.5611  46619.944    29.6015      0.651    6.38233    11.1071    11.1013    22.5581   11.57371 1.8675e+02      0.658 0.0000e+00
         71 236.734115    0.00486     0.2917     17.500  1022.5601  46618.410    29.6007      0.651    6.38208    11.1118    11.1034    22.5571   11.57331 1.8603e+02      0.657 0.0000e+00
         72 236.734117    0.00493     0.2958     17.750  1022.5565  46612.460    29.5969      0.660    6.38171    11.1154    11.1072    22.5535   11.57274 1.8528e+02      0.667 0.0000e+00
         73 236.734120    0.00500     0.3000     18.000  1022.5512  46603.458    29.5911      0.673    6.38131    11.1161    11.1119    22.5481   11.57214 1.8507e+02      0.679 0.0000e+00
         74 236.734123    0.00507     0.3042     18.250  1022.5463  46595.023    29.5855      0.681    6.38104    11.1132    11.1155    22.5432   11.57176 1.8593e+02      0.688 0.0000e+00
         75 236.734126    0.00514     0.3083     18.500  1022.5438  46590.508    29.5824      0.682    6.38106    11.1078    11.1162    22.5407   11.57183 1.8771e+02      0.689 0.0000e+00
         76 236.734129    0.00521     0.3125     18.750  1022.5445  46591.347    29.5827      0.678    6.38145    11.1024    11.1133    22.5414   11.57248 1.8842e+02      0.685 0.0000e+00
         77 236.734132    0.00528     0.3167     19.000  1022.5475  46595.979    29.5854      0.673    6.38208    11.0989    11.1079    22.5444   11.57349 1.8709e+02      0.679 0.0000e+00
         78 236.734135    0.00535     0.3208     19.250  1022.5507  46601.079    29.5884      0.671    6.38270    11.0975    11.1025    22.5477   11.57448 1.8509e+02      0.677 0.0000e+00
         79 236.734138    0.00542     0.3250     19.500  1022.5526  46603.927    29.5900      0.671    6.38313    11.0977    11.0989    22.5496   11.57517 1.8358e+02      0.677 0.0000e+00
         80 236.734141    0.00549     0.3292     19.750  1022.5526  46603.610    29.5896      0.673    6.38333    11.0986    11.0976    22.5495   11.57551 1.8283e+02      0.679 0.0000e+00
         81 236.734144    0.00556     0.3333     20.000  1022.5512  46601.041    29.5878      0.674    6.38337    11.0989    11.0978    22.5481   11.57559 1.8263e+02      0.680 0.0000e+00
         82 236.734146    0.00562     0.3375     20.250  1022.5493  46597.799    29.5856      0.674    6.38335    11.0982    11.0986    22.5462   11.57558 1.8258e+02      0.680 0.0000e+00
         83 236.734149    0.00569     0.3417     20.500  1022.5478  46595.172    29.5838      0.673    6.38337    11.0966    11.0990    22.5448   11.57564 1.8254e+02      0.679 0.0000e+00
         84 236.734152    0.00576     0.3458     20.750  1022.5472  46593.972    29.5829      0.671    6.38350    11.0945    11.0983    22.5442   11.57587 1.8252e+02      0.678 0.0000e+00
         85 236.734155    0.00583     0.3500     21.000  1022.5475  46594.191    29.5829      0.670    6.38373    11.0925    11.0966    22.5444   11.57625 1.8260e+02      0.676 0.0000e+00
