CTD-processing/allCTD/CNV--homogene/2017_04-18_t6_s25_cast094.cnv
* Sea-Bird SBE19plus Data File:
* FileName = P:\My Documents\kasitsna\Research-KBL\Oceanography-AK\CTD-Data-ALL-to-2017-02\2017-CTD-KachemakBay-CookInlet\2017-04-18-CookInlet-Tran6-Douglas\2017-04-18-CookInlet-Tran6-cast094.hex
* Software Version 1.59
* Temperature SN =  4141
* Conductivity SN =  4141
* System UpLoad Time = Apr 18 2017 23:14:23
** Cook Inlet LTM Transect 6 Douglas east to west
** Date: (YYYY-MM-DD): 2017-04-18
** Station: (eg. 9-01): 6-25
** Start time (AKDT): 21:08
** Depth (m): 170.7
** Comment: R/V Alaska Dreamcatcher
** Comment:
# nquan = 17
# nvalues = 916                         
# units = specified
# name 0 = scan: Scan Count
# name 1 = timeJ: Julian Days
# name 2 = timeH: Time, Elapsed [hours]
# name 3 = timeM: Time, Elapsed [minutes]
# name 4 = timeS: Time, Elapsed [seconds]
# name 5 = density00: Density [density, kg/m^3]
# name 6 = specc: Specific Conductance [uS/cm]
# name 7 = sal00: Salinity, Practical [PSU]
# name 8 = depSM: Depth [salt water, m], lat = 59.00
# name 9 = oxsolML/L: Oxygen Saturation, Garcia & Gordon [ml/l]
# name 10 = potemp090C: Potential Temperature [ITS-90, deg C]
# name 11 = tv290C: Temperature [ITS-90, deg C]
# name 12 = sigma-é00: Density [sigma-theta, kg/m^3]
# name 13 = n2satML/L: Nitrogen Saturation [ml/l]
# name 14 = par: PAR/Irradiance, Biospherical/Licor
# name 15 = prdM: Pressure, Strain Gauge [db]
# name 16 = flag:  0.000e+00
# span 0 =          1,        916       
# span 1 = 108.880683, 108.883330       
# span 2 =    0.00000,    0.06354       
# span 3 =     0.0000,     3.8125       
# span 4 =      0.000,    228.750       
# span 5 =  1000.1587,  1026.4552       
# span 6 =    497.565,  52205.657       
# span 7 =     0.2305,    32.4959       
# span 8 =     -0.077,    168.030       
# span 9 =    7.15887,    9.05509       
# span 10 =     4.1785,     5.1854      
# span 11 =     4.1809,     5.1982      
# span 12 =     0.1590,    25.6708      
# span 13 =   12.82302,   16.45121      
# span 14 = 3.6382e-02, 7.7724e+01      
# span 15 =     -0.078,    169.686      
# span 16 = 0.0000e+00, 0.0000e+00      
# interval = seconds: 0.25
# start_time = Apr 18 2017 21:08:11 [Instrument's time stamp, header]
# bad_flag = -9.990e-29
*END*
[from data line 852]
        853 108.883148    0.05917     3.5500    213.000  1026.3043  52054.266    32.3874    152.608    7.17431     5.1268     5.1383    25.5904   12.84988 3.6382e-02    154.105 0.0000e+00
        854 108.883151    0.05924     3.5542    213.250  1026.3060  52055.629    32.3882    152.842    7.17426     5.1268     5.1383    25.5910   12.84979 3.6382e-02    154.342 0.0000e+00
        855 108.883154    0.05931     3.5583    213.500  1026.3077  52056.883    32.3889    153.076    7.17421     5.1269     5.1384    25.5916   12.84971 3.6382e-02    154.577 0.0000e+00
        856 108.883157    0.05937     3.5625    213.750  1026.3092  52057.879    32.3895    153.308    7.17418     5.1270     5.1384    25.5921   12.84964 3.6382e-02    154.812 0.0000e+00
        857 108.883160    0.05944     3.5667    214.000  1026.3107  52058.717    32.3900    153.540    7.17414     5.1271     5.1385    25.5924   12.84958 3.6382e-02    155.047 0.0000e+00
        858 108.883163    0.05951     3.5708    214.250  1026.3122  52059.660    32.3906    153.773    7.17410     5.1272     5.1386    25.5929   12.84950 3.6382e-02    155.283 0.0000e+00
        859 108.883166    0.05958     3.5750    214.500  1026.3138  52060.841    32.3913    154.011    7.17404     5.1274     5.1387    25.5934   12.84940 3.6382e-02    155.523 0.0000e+00
        860 108.883168    0.05965     3.5792    214.750  1026.3156  52062.141    32.3921    154.256    7.17397     5.1275     5.1389    25.5941   12.84928 3.6382e-02    155.770 0.0000e+00
        861 108.883171    0.05972     3.5833    215.000  1026.3174  52063.456    32.3929    154.512    7.17390     5.1277     5.1391    25.5947   12.84914 3.6382e-02    156.029 0.0000e+00
        862 108.883174    0.05979     3.5875    215.250  1026.3194  52064.959    32.3938    154.781    7.17382     5.1279     5.1393    25.5954   12.84900 3.6382e-02    156.301 0.0000e+00
        863 108.883177    0.05986     3.5917    215.500  1026.3217  52066.824    32.3950    155.062    7.17373     5.1280     5.1394    25.5963   12.84883 3.6382e-02    156.585 0.0000e+00
        864 108.883180    0.05993     3.5958    215.750  1026.3241  52068.993    32.3964    155.354    7.17364     5.1282     5.1396    25.5974   12.84866 3.6382e-02    156.879 0.0000e+00
        865 108.883183    0.06000     3.6000    216.000  1026.3268  52071.507    32.3980    155.651    7.17354     5.1285     5.1397    25.5987   12.84847 3.6382e-02    157.179 0.0000e+00
        866 108.883186    0.06007     3.6042    216.250  1026.3297  52074.414    32.3999    155.947    7.17341     5.1289     5.1399    25.6002   12.84824 3.6382e-02    157.479 0.0000e+00
        867 108.883189    0.06014     3.6083    216.500  1026.3325  52077.405    32.4019    156.236    7.17326     5.1293     5.1402    25.6017   12.84797 3.6382e-02    157.771 0.0000e+00
        868 108.883192    0.06021     3.6125    216.750  1026.3352  52080.192    32.4038    156.511    7.17310     5.1298     5.1406    25.6031   12.84768 3.6382e-02    158.049 0.0000e+00
        869 108.883194    0.06028     3.6167    217.000  1026.3377  52082.705    32.4055    156.767    7.17294     5.1304     5.1411    25.6044   12.84739 3.6382e-02    158.307 0.0000e+00
        870 108.883197    0.06035     3.6208    217.250  1026.3400  52084.951    32.4070    157.001    7.17277     5.1309     5.1417    25.6056   12.84710 3.6382e-02    158.544 0.0000e+00
        871 108.883200    0.06042     3.6250    217.500  1026.3422  52087.141    32.4085    157.219    7.17261     5.1315     5.1422    25.6068   12.84681 3.6382e-02    158.763 0.0000e+00
        872 108.883203    0.06049     3.6292    217.750  1026.3444  52089.552    32.4102    157.426    7.17243     5.1322     5.1428    25.6080   12.84649 3.6382e-02    158.972 0.0000e+00
        873 108.883206    0.06056     3.6333    218.000  1026.3466  52092.036    32.4120    157.633    7.17224     5.1329     5.1434    25.6094   12.84616 3.6382e-02    159.181 0.0000e+00
        874 108.883209    0.06062     3.6375    218.250  1026.3488  52094.180    32.4135    157.848    7.17205     5.1336     5.1441    25.6105   12.84582 3.6382e-02    159.399 0.0000e+00
        875 108.883212    0.06069     3.6417    218.500  1026.3508  52095.959    32.4148    158.077    7.17186     5.1342     5.1449    25.6114   12.84549 3.6382e-02    159.630 0.0000e+00
        876 108.883215    0.06076     3.6458    218.750  1026.3528  52097.528    32.4159    158.323    7.17168     5.1347     5.1456    25.6122   12.84519 3.6382e-02    159.879 0.0000e+00
        877 108.883218    0.06083     3.6500    219.000  1026.3547  52098.960    32.4169    158.586    7.17153     5.1351     5.1462    25.6129   12.84492 3.6382e-02    160.145 0.0000e+00
        878 108.883220    0.06090     3.6542    219.250  1026.3568  52100.514    32.4180    158.863    7.17139     5.1354     5.1467    25.6137   12.84468 3.6382e-02    160.424 0.0000e+00
        879 108.883223    0.06097     3.6583    219.500  1026.3591  52102.575    32.4194    159.148    7.17125     5.1356     5.1471    25.6147   12.84443 3.6382e-02    160.713 0.0000e+00
        880 108.883226    0.06104     3.6625    219.750  1026.3619  52105.313    32.4212    159.437    7.17111     5.1356     5.1474    25.6161   12.84418 3.6382e-02    161.005 0.0000e+00
        881 108.883229    0.06111     3.6667    220.000  1026.3649  52108.521    32.4233    159.723    7.17098     5.1355     5.1476    25.6178   12.84393 3.6382e-02    161.293 0.0000e+00
        882 108.883232    0.06118     3.6708    220.250  1026.3680  52112.006    32.4255    160.000    7.17085     5.1352     5.1477    25.6196   12.84370 3.6382e-02    161.574 0.0000e+00
        883 108.883235    0.06125     3.6750    220.500  1026.3711  52115.592    32.4278    160.268    7.17076     5.1349     5.1476    25.6214   12.84351 3.6382e-02    161.845 0.0000e+00
        884 108.883238    0.06132     3.6792    220.750  1026.3740  52118.927    32.4299    160.529    7.17070     5.1346     5.1474    25.6231   12.84339 3.6382e-02    162.108 0.0000e+00
        885 108.883241    0.06139     3.6833    221.000  1026.3767  52121.887    32.4318    160.785    7.17067     5.1345     5.1471    25.6246   12.84330 3.6382e-02    162.366 0.0000e+00
        886 108.883244    0.06146     3.6875    221.250  1026.3792  52124.578    32.4334    161.037    7.17063     5.1346     5.1468    25.6260   12.84322 3.6382e-02    162.621 0.0000e+00
        887 108.883247    0.06153     3.6917    221.500  1026.3817  52127.221    32.4351    161.289    7.17056     5.1349     5.1467    25.6273   12.84310 3.6382e-02    162.875 0.0000e+00
        888 108.883249    0.06160     3.6958    221.750  1026.3844  52130.121    32.4370    161.540    7.17046     5.1354     5.1468    25.6288   12.84290 3.6382e-02    163.129 0.0000e+00
        889 108.883252    0.06167     3.7000    222.000  1026.3872  52133.383    32.4392    161.793    7.17030     5.1362     5.1471    25.6305   12.84261 3.6382e-02    163.385 0.0000e+00
        890 108.883255    0.06174     3.7042    222.250  1026.3902  52136.724    32.4415    162.048    7.17010     5.1372     5.1477    25.6323   12.84224 3.6382e-02    163.642 0.0000e+00
        891 108.883258    0.06181     3.7083    222.500  1026.3929  52139.624    32.4436    162.304    7.16986     5.1383     5.1485    25.6338   12.84182 3.6382e-02    163.901 0.0000e+00
        892 108.883261    0.06187     3.7125    222.750  1026.3954  52142.132    32.4454    162.560    7.16959     5.1396     5.1495    25.6352   12.84136 3.6382e-02    164.160 0.0000e+00
        893 108.883264    0.06194     3.7167    223.000  1026.3980  52144.673    32.4473    162.814    7.16931     5.1409     5.1507    25.6365   12.84087 3.6382e-02    164.417 0.0000e+00
        894 108.883267    0.06201     3.7208    223.250  1026.4006  52147.316    32.4492    163.065    7.16900     5.1424     5.1519    25.6379   12.84034 3.6382e-02    164.669 0.0000e+00
        895 108.883270    0.06208     3.7250    223.500  1026.4032  52150.160    32.4514    163.310    7.16866     5.1441     5.1533    25.6395   12.83976 3.6382e-02    164.917 0.0000e+00
        896 108.883273    0.06215     3.7292    223.750  1026.4062  52153.480    32.4539    163.550    7.16829     5.1460     5.1548    25.6413   12.83910 3.6382e-02    165.160 0.0000e+00
        897 108.883275    0.06222     3.7333    224.000  1026.4094  52157.440    32.4569    163.787    7.16786     5.1481     5.1565    25.6435   12.83836 3.6382e-02    165.399 0.0000e+00
        898 108.883278    0.06229     3.7375    224.250  1026.4130  52161.898    32.4602    164.021    7.16737     5.1506     5.1584    25.6459   12.83751 3.6382e-02    165.635 0.0000e+00
        899 108.883281    0.06236     3.7417    224.500  1026.4166  52166.450    32.4638    164.251    7.16683     5.1532     5.1606    25.6485   12.83657 3.6382e-02    165.868 0.0000e+00
        900 108.883284    0.06243     3.7458    224.750  1026.4200  52170.547    32.4670    164.479    7.16625     5.1559     5.1630    25.6508   12.83557 3.6382e-02    166.098 0.0000e+00
        901 108.883287    0.06250     3.7500    225.000  1026.4229  52173.881    32.4698    164.707    7.16566     5.1586     5.1657    25.6527   12.83456 3.6382e-02    166.328 0.0000e+00
        902 108.883290    0.06257     3.7542    225.250  1026.4258  52177.032    32.4725    164.941    7.16506     5.1612     5.1684    25.6545   12.83354 3.6382e-02    166.564 0.0000e+00
        903 108.883293    0.06264     3.7583    225.500  1026.4291  52180.960    32.4757    165.183    7.16446     5.1640     5.1711    25.6567   12.83250 3.6382e-02    166.810 0.0000e+00
        904 108.883296    0.06271     3.7625    225.750  1026.4332  52186.183    32.4797    165.436    7.16381     5.1671     5.1738    25.6596   12.83137 3.6382e-02    167.065 0.0000e+00
        905 108.883299    0.06278     3.7667    226.000  1026.4380  52192.538    32.4846    165.698    7.16309     5.1704     5.1766    25.6632   12.83013 3.6382e-02    167.330 0.0000e+00
        906 108.883302    0.06285     3.7708    226.250  1026.4427  52198.810    32.4895    165.968    7.16234     5.1737     5.1797    25.6667   12.82882 3.6382e-02    167.603 0.0000e+00
        907 108.883304    0.06292     3.7750    226.500  1026.4466  52203.345    32.4932    166.244    7.16159     5.1768     5.1830    25.6693   12.82754 3.6382e-02    167.881 0.0000e+00
        908 108.883307    0.06299     3.7792    226.750  1026.4491  52205.456    32.4952    166.521    7.16092     5.1795     5.1864    25.6705   12.82640 3.6382e-02    168.161 0.0000e+00
        909 108.883310    0.06306     3.7833    227.000  1026.4506  52205.657    32.4959    166.795    7.16035     5.1815     5.1896    25.6708   12.82545 3.6382e-02    168.438 0.0000e+00
        910 108.883313    0.06313     3.7875    227.250  1026.4515  52205.017    32.4959    167.060    7.15989     5.1830     5.1922    25.6705   12.82470 3.6382e-02    168.705 0.0000e+00
        911 108.883316    0.06319     3.7917    227.500  1026.4523  52204.328    32.4958    167.307    7.15955     5.1841     5.1943    25.6701   12.82413 3.6382e-02    168.955 0.0000e+00
        912 108.883319    0.06326     3.7958    227.750  1026.4530  52203.816    32.4957    167.530    7.15929     5.1848     5.1958    25.6699   12.82372 3.6382e-02    169.180 0.0000e+00
        913 108.883322    0.06333     3.8000    228.000  1026.4538  52203.537    32.4956    167.724    7.15911     5.1853     5.1969    25.6697   12.82341 3.6382e-02    169.376 0.0000e+00
        914 108.883325    0.06340     3.8042    228.250  1026.4544  52203.488    32.4957    167.881    7.15898     5.1854     5.1976    25.6697   12.82320 3.6382e-02    169.535 0.0000e+00
        915 108.883328    0.06347     3.8083    228.500  1026.4550  52203.571    32.4958    167.990    7.15890 -9.990e-29     5.1980    25.6697   12.82307 3.6382e-02    169.645 0.0000e+00
        916 108.883330    0.06354     3.8125    228.750  1026.4552  52203.631    32.4958    168.030    7.15887 -9.990e-29     5.1982    25.6697   12.82302 3.6382e-02    169.686 0.0000e+00
