CTD-processing/allCTD/CNV--homogene/2017_06-28_t9_s07_cast191.cnv
* Sea-Bird SBE19plus Data File:
* FileName = C:\Users\Kim.Powell\Desktop\2017_06-28_4141\T9\2017_06-28_T9_cast191.hex
* Software Version 1.59
* Temperature SN =  4141
* Conductivity SN =  4141
* System UpLoad Time = Jul 21 2017 10:51:26
** CookInlet LTM Transect 9
** 2017_06-28
** Station: 9-07
** Start Time: 12:41
** Depth: 94m
** Comment: Barnacle
** Comment:
# nquan = 17
# nvalues = 749                         
# units = specified
# name 0 = scan: Scan Count
# name 1 = timeJ: Julian Days
# name 2 = timeH: Time, Elapsed [hours]
# name 3 = timeM: Time, Elapsed [minutes]
# name 4 = timeS: Time, Elapsed [seconds]
# name 5 = density00: Density [density, kg/m^3]
# name 6 = specc: Specific Conductance [uS/cm]
# name 7 = sal00: Salinity, Practical [PSU]
# name 8 = depSM: Depth [salt water, m], lat = 59.00
# name 9 = oxsolML/L: Oxygen Saturation, Garcia & Gordon [ml/l]
# name 10 = potemp090C: Potential Temperature [ITS-90, deg C]
# name 11 = tv290C: Temperature [ITS-90, deg C]
# name 12 = sigma-é00: Density [sigma-theta, kg/m^3]
# name 13 = n2satML/L: Nitrogen Saturation [ml/l]
# name 14 = par: PAR/Irradiance, Biospherical/Licor
# name 15 = prdM: Pressure, Strain Gauge [db]
# name 16 = flag:  0.000e+00
# span 0 =          1,        749       
# span 1 = 179.529282, 179.531447       
# span 2 =    0.00000,    0.05194       
# span 3 =     0.0000,     3.1167       
# span 4 =      0.000,    187.000       
# span 5 =  1000.1152,  1025.3412       
# span 6 =   1353.391,  50641.247       
# span 7 =     0.6803,    31.7317       
# span 8 =     -0.017,     95.246       
# span 9 =    6.40084,    7.64143       
# span 10 =     6.5011,    11.2387      
# span 11 =     6.5091,    11.2387      
# span 12 =     0.1153,    24.9037      
# span 13 =   11.61311,   14.06280      
# span 14 = 4.2982e-02, 7.3113e+02      
# span 15 =     -0.017,     96.168      
# span 16 = 0.0000e+00, 0.0000e+00      
# interval = seconds: 0.25
# start_time = Jun 28 2017 12:42:10 [Instrument's time stamp, header]
# bad_flag = -9.990e-29
*END*
[from data line 86]
         87 179.529531    0.00597     0.3583     21.500  1022.0396  45664.352    28.9316      0.991    6.40743    11.1159    11.1164    22.0351   11.62335 3.7410e+02      1.000 0.0000e+00
         88 179.529534    0.00604     0.3625     21.750  1022.0374  45660.321    28.9288      0.977    6.40759    11.1155    11.1162    22.0329   11.62364 3.7065e+02      0.986 0.0000e+00
         89 179.529537    0.00611     0.3667     22.000  1022.0354  45656.668    28.9262      0.971    6.40772    11.1150    11.1160    22.0310   11.62389 3.6774e+02      0.980 0.0000e+00
         90 179.529540    0.00618     0.3708     22.250  1022.0346  45655.047    28.9250      0.973    6.40782    11.1145    11.1156    22.0301   11.62406 3.6604e+02      0.983 0.0000e+00
         91 179.529543    0.00625     0.3750     22.500  1022.0354  45656.413    28.9259      0.985    6.40785    11.1142    11.1151    22.0309   11.62411 3.6511e+02      0.994 0.0000e+00
         92 179.529546    0.00632     0.3792     22.750  1022.0375  45660.058    28.9284      1.001    6.40782    11.1142    11.1146    22.0329   11.62402 3.6551e+02      1.010 0.0000e+00
         93 179.529549    0.00639     0.3833     23.000  1022.0404  45665.195    28.9320      1.016    6.40771    11.1147    11.1143    22.0358   11.62381 3.6708e+02      1.025 0.0000e+00
         94 179.529552    0.00646     0.3875     23.250  1022.0436  45671.092    28.9361      1.024    6.40754    11.1156    11.1143    22.0390   11.62347 3.6897e+02      1.034 0.0000e+00
         95 179.529554    0.00653     0.3917     23.500  1022.0464  45676.247    28.9398      1.022    6.40734    11.1172    11.1148    22.0418   11.62309 3.7047e+02      1.032 0.0000e+00
         96 179.529557    0.00660     0.3958     23.750  1022.0476  45678.625    28.9416      1.012    6.40714    11.1194    11.1157    22.0430   11.62273 3.7107e+02      1.021 0.0000e+00
         97 179.529560    0.00667     0.4000     24.000  1022.0461  45676.394    28.9402      0.996    6.40697    11.1215    11.1173    22.0416   11.62247 3.7042e+02      1.005 0.0000e+00
         98 179.529563    0.00674     0.4042     24.250  1022.0423  45669.877    28.9358      0.981    6.40685    11.1230    11.1195    22.0379   11.62233 3.6832e+02      0.990 0.0000e+00
         99 179.529566    0.00681     0.4083     24.500  1022.0379  45662.168    28.9306      0.971    6.40677    11.1240    11.1216    22.0335   11.62226 3.6583e+02      0.981 0.0000e+00
        100 179.529569    0.00688     0.4125     24.750  1022.0344  45656.010    28.9265      0.971    6.40672    11.1245    11.1231    22.0300   11.62223 3.6447e+02      0.980 0.0000e+00
        101 179.529572    0.00694     0.4167     25.000  1022.0324  45652.443    28.9240      0.978    6.40669    11.1248    11.1241    22.0279   11.62220 3.6459e+02      0.988 0.0000e+00
        102 179.529575    0.00701     0.4208     25.250  1022.0324  45652.459    28.9241      0.991    6.40662    11.1250    11.1246    22.0279   11.62208 3.6586e+02      1.000 0.0000e+00
        103 179.529578    0.00708     0.4250     25.500  1022.0346  45656.427    28.9269      1.003    6.40646    11.1253    11.1249    22.0301   11.62179 3.6775e+02      1.013 0.0000e+00
        104 179.529580    0.00715     0.4292     25.750  1022.0379  45662.346    28.9311      1.011    6.40626    11.1256    11.1251    22.0333   11.62140 3.6946e+02      1.020 0.0000e+00
        105 179.529583    0.00722     0.4333     26.000  1022.0404  45666.988    28.9344      1.013    6.40609    11.1261    11.1254    22.0358   11.62108 3.7039e+02      1.022 0.0000e+00
        106 179.529586    0.00729     0.4375     26.250  1022.0411  45668.286    28.9353      1.009    6.40600    11.1267    11.1257    22.0364   11.62093 3.7039e+02      1.019 0.0000e+00
        107 179.529589    0.00736     0.4417     26.500  1022.0398  45666.091    28.9338      1.004    6.40600    11.1274    11.1262    22.0352   11.62094 3.7008e+02      1.013 0.0000e+00
        108 179.529592    0.00743     0.4458     26.750  1022.0375  45662.049    28.9311      0.998    6.40603    11.1280    11.1268    22.0329   11.62102 3.7019e+02      1.008 0.0000e+00
        109 179.529595    0.00750     0.4500     27.000  1022.0353  45658.110    28.9284      0.995    6.40604    11.1284    11.1275    22.0307   11.62108 3.7049e+02      1.004 0.0000e+00
        110 179.529598    0.00757     0.4542     27.250  1022.0337  45655.346    28.9265      0.994    6.40604    11.1288    11.1281    22.0292   11.62109 3.7088e+02      1.003 0.0000e+00
        111 179.529601    0.00764     0.4583     27.500  1022.0333  45654.578    28.9260      0.996    6.40599    11.1291    11.1286    22.0287   11.62102 3.7201e+02      1.006 0.0000e+00
        112 179.529604    0.00771     0.4625     27.750  1022.0340  45655.955    28.9270      1.001    6.40590    11.1294    11.1289    22.0294   11.62086 3.7377e+02      1.011 0.0000e+00
        113 179.529606    0.00778     0.4667     28.000  1022.0355  45658.719    28.9290      1.007    6.40578    11.1297    11.1292    22.0309   11.62063 3.7502e+02      1.017 0.0000e+00
        114 179.529609    0.00785     0.4708     28.250  1022.0373  45662.107    28.9314      1.012    6.40564    11.1300    11.1295    22.0327   11.62038 3.7502e+02      1.021 0.0000e+00
        115 179.529612    0.00792     0.4750     28.500  1022.0389  45665.068    28.9335      1.012    6.40551    11.1304    11.1298    22.0343   11.62014 3.7429e+02      1.022 0.0000e+00
        116 179.529615    0.00799     0.4792     28.750  1022.0395  45666.154    28.9343      1.008    6.40543    11.1308    11.1302    22.0349   11.61999 3.7372e+02      1.017 0.0000e+00
        117 179.529618    0.00806     0.4833     29.000  1022.0386  45664.579    28.9332      1.001    6.40543    11.1313    11.1306    22.0340   11.61999 3.7355e+02      1.010 0.0000e+00
        118 179.529621    0.00813     0.4875     29.250  1022.0366  45661.042    28.9308      0.995    6.40547    11.1318    11.1310    22.0320   11.62008 3.7380e+02      1.004 0.0000e+00
        119 179.529624    0.00819     0.4917     29.500  1022.0344  45657.194    28.9281      0.993    6.40551    11.1323    11.1314    22.0298   11.62018 3.7445e+02      1.002 0.0000e+00
        120 179.529627    0.00826     0.4958     29.750  1022.0329  45654.428    28.9262      0.996    6.40551    11.1328    11.1320    22.0283   11.62021 3.7530e+02      1.005 0.0000e+00
        121 179.529630    0.00833     0.5000     30.000  1022.0324  45653.620    28.9257      1.004    6.40546    11.1332    11.1325    22.0278   11.62014 3.7649e+02      1.014 0.0000e+00
        122 179.529633    0.00840     0.5042     30.250  1022.0332  45655.074    28.9268      1.015    6.40536    11.1337    11.1329    22.0286   11.61996 3.7851e+02      1.024 0.0000e+00
        123 179.529635    0.00847     0.5083     30.500  1022.0349  45658.225    28.9290      1.025    6.40521    11.1343    11.1333    22.0302   11.61968 3.8134e+02      1.034 0.0000e+00
        124 179.529638    0.00854     0.5125     30.750  1022.0369  45661.876    28.9316      1.030    6.40504    11.1350    11.1338    22.0322   11.61937 3.8416e+02      1.040 0.0000e+00
        125 179.529641    0.00861     0.5167     31.000  1022.0384  45664.710    28.9337      1.030    6.40487    11.1356    11.1344    22.0337   11.61907 3.8603e+02      1.040 0.0000e+00
        126 179.529644    0.00868     0.5208     31.250  1022.0388  45665.602    28.9343      1.022    6.40475    11.1361    11.1351    22.0341   11.61887 3.8676e+02      1.032 0.0000e+00
        127 179.529647    0.00875     0.5250     31.500  1022.0377  45663.842    28.9332      1.010    6.40471    11.1365    11.1357    22.0331   11.61882 3.8702e+02      1.020 0.0000e+00
        128 179.529650    0.00882     0.5292     31.750  1022.0354  45659.755    28.9304      0.998    6.40476    11.1369    11.1362    22.0308   11.61892 3.8720e+02      1.007 0.0000e+00
        129 179.529653    0.00889     0.5333     32.000  1022.0327  45654.828    28.9270      0.990    6.40484    11.1372    11.1366    22.0281   11.61909 3.8680e+02      0.999 0.0000e+00
        130 179.529656    0.00896     0.5375     32.250  1022.0304  45650.721    28.9241      0.989    6.40490    11.1374    11.1370    22.0258   11.61923 3.8620e+02      0.999 0.0000e+00
        131 179.529659    0.00903     0.5417     32.500  1022.0292  45648.705    28.9227      0.995    6.40491    11.1375    11.1373    22.0247   11.61927 3.8649e+02      1.005 0.0000e+00
        132 179.529661    0.00910     0.5458     32.750  1022.0298  45649.635    28.9234      1.007    6.40486    11.1375    11.1375    22.0252   11.61917 3.8767e+02      1.017 0.0000e+00
        133 179.529664    0.00917     0.5500     33.000  1022.0319  45653.505    28.9261      1.018    6.40474    11.1376    11.1376    22.0273   11.61894 3.8962e+02      1.028 0.0000e+00
        134 179.529667    0.00924     0.5542     33.250  1022.0350  45659.084    28.9300      1.026    6.40457    11.1378    11.1376    22.0303   11.61862 3.9238e+02      1.036 0.0000e+00
        135 179.529670    0.00931     0.5583     33.500  1022.0378  45664.342    28.9337      1.026    6.40441    11.1381    11.1378    22.0331   11.61830 3.9489e+02      1.036 0.0000e+00
        136 179.529673    0.00937     0.5625     33.750  1022.0394  45667.246    28.9358      1.019    6.40429    11.1386    11.1380    22.0347   11.61809 3.9578e+02      1.029 0.0000e+00
        137 179.529676    0.00944     0.5667     34.000  1022.0388  45666.381    28.9352      1.006    6.40427    11.1393    11.1383    22.0342   11.61806 3.9529e+02      1.016 0.0000e+00
        138 179.529679    0.00951     0.5708     34.250  1022.0364  45662.069    28.9323      0.994    6.40433    11.1400    11.1388    22.0318   11.61819 3.9477e+02      1.004 0.0000e+00
        139 179.529682    0.00958     0.5750     34.500  1022.0333  45656.571    28.9285      0.986    6.40439    11.1405    11.1395    22.0288   11.61833 3.9455e+02      0.996 0.0000e+00
        140 179.529685    0.00965     0.5792     34.750  1022.0309  45652.247    28.9255      0.986    6.40441    11.1408    11.1402    22.0264   11.61840 3.9450e+02      0.995 0.0000e+00
        141 179.529687    0.00972     0.5833     35.000  1022.0297  45650.179    28.9241      0.993    6.40440    11.1410    11.1407    22.0252   11.61840 3.9524e+02      1.002 0.0000e+00
        142 179.529690    0.00979     0.5875     35.250  1022.0300  45650.533    28.9244      1.006    6.40435    11.1412    11.1410    22.0253   11.61831 3.9703e+02      1.015 0.0000e+00
        143 179.529693    0.00986     0.5917     35.500  1022.0315  45653.252    28.9263      1.021    6.40424    11.1415    11.1412    22.0268   11.61811 3.9906e+02      1.030 0.0000e+00
        144 179.529696    0.00993     0.5958     35.750  1022.0340  45657.928    28.9296      1.032    6.40408    11.1419    11.1414    22.0294   11.61780 4.0025e+02      1.042 0.0000e+00
        145 179.529699    0.01000     0.6000     36.000  1022.0370  45663.331    28.9334      1.037    6.40389    11.1424    11.1416    22.0323   11.61744 4.0020e+02      1.047 0.0000e+00
        146 179.529702    0.01007     0.6042     36.250  1022.0393  45667.673    28.9365      1.032    6.40371    11.1431    11.1420    22.0346   11.61711 3.9969e+02      1.042 0.0000e+00
        147 179.529705    0.01014     0.6083     36.500  1022.0401  45669.371    28.9378      1.019    6.40358    11.1438    11.1425    22.0355   11.61688 3.9943e+02      1.029 0.0000e+00
        148 179.529708    0.01021     0.6125     36.750  1022.0390  45667.641    28.9366      1.003    6.40354    11.1445    11.1432    22.0345   11.61681 3.9903e+02      1.012 0.0000e+00
        149 179.529711    0.01028     0.6167     37.000  1022.0364  45663.051    28.9335      0.989    6.40357    11.1450    11.1439    22.0319   11.61690 3.9834e+02      0.998 0.0000e+00
        150 179.529714    0.01035     0.6208     37.250  1022.0333  45657.490    28.9297      0.983    6.40363    11.1453    11.1446    22.0288   11.61705 3.9805e+02      0.992 0.0000e+00
        151 179.529716    0.01042     0.6250     37.500  1022.0308  45653.013    28.9266      0.986    6.40368    11.1452    11.1451    22.0263   11.61717 3.9839e+02      0.996 0.0000e+00
        152 179.529719    0.01049     0.6292     37.750  1022.0297  45650.853    28.9251      1.000    6.40370    11.1448    11.1454    22.0251   11.61723 3.9883e+02      1.009 0.0000e+00
        153 179.529722    0.01056     0.6333     38.000  1022.0302  45651.690    28.9257      1.018    6.40369    11.1444    11.1453    22.0256   11.61720 3.9876e+02      1.028 0.0000e+00
        154 179.529725    0.01063     0.6375     38.250  1022.0326  45655.936    28.9286      1.034    6.40363    11.1445    11.1449    22.0279   11.61706 3.9794e+02      1.044 0.0000e+00
        155 179.529728    0.01069     0.6417     38.500  1022.0365  45662.836    28.9334      1.041    6.40348    11.1454    11.1446    22.0317   11.61676 3.9669e+02      1.050 0.0000e+00
        156 179.529731    0.01076     0.6458     38.750  1022.0402  45669.734    28.9382      1.035    6.40327    11.1473    11.1446    22.0355   11.61636 3.9574e+02      1.045 0.0000e+00
        157 179.529734    0.01083     0.6500     39.000  1022.0418  45672.956    28.9406      1.020    6.40305    11.1495    11.1456    22.0371   11.61596 3.9543e+02      1.030 0.0000e+00
        158 179.529737    0.01090     0.6542     39.250  1022.0400  45669.986    28.9387      1.001    6.40286    11.1510    11.1474    22.0354   11.61568 3.9518e+02      1.011 0.0000e+00
        159 179.529740    0.01097     0.6583     39.500  1022.0353  45661.879    28.9333      0.986    6.40278    11.1512    11.1497    22.0308   11.61560 3.9455e+02      0.995 0.0000e+00
        160 179.529742    0.01104     0.6625     39.750  1022.0301  45652.602    28.9269      0.980    6.40283    11.1500    11.1511    22.0256   11.61577 3.9418e+02      0.990 0.0000e+00
        161 179.529745    0.01111     0.6667     40.000  1022.0262  45645.532    28.9219      0.987    6.40302    11.1480    11.1513    22.0217   11.61613 3.9453e+02      0.996 0.0000e+00
        162 179.529748    0.01118     0.6708     40.250  1022.0244  45641.940    28.9193      1.003    6.40328    11.1454    11.1501    22.0198   11.61660 3.9493e+02      1.013 0.0000e+00
        163 179.529751    0.01125     0.6750     40.500  1022.0247  45641.916    28.9191      1.023    6.40358    11.1428    11.1481    22.0200   11.61709 3.9529e+02      1.033 0.0000e+00
        164 179.529754    0.01132     0.6792     40.750  1022.0269  45645.335    28.9212      1.039    6.40384    11.1405    11.1455    22.0221   11.61751 3.9618e+02      1.049 0.0000e+00
        165 179.529757    0.01139     0.6833     41.000  1022.0305  45651.585    28.9253      1.046    6.40403    11.1386    11.1429    22.0257   11.61777 3.9754e+02      1.056 0.0000e+00
        166 179.529760    0.01146     0.6875     41.250  1022.0346  45658.747    28.9301      1.041    6.40416    11.1372    11.1406    22.0299   11.61793 3.9880e+02      1.051 0.0000e+00
        167 179.529763    0.01153     0.6917     41.500  1022.0378  45664.318    28.9338      1.027    6.40428    11.1362    11.1387    22.0331   11.61808 3.9964e+02      1.037 0.0000e+00
        168 179.529766    0.01160     0.6958     41.750  1022.0390  45666.419    28.9352      1.011    6.40441    11.1354    11.1373    22.0344   11.61829 4.0012e+02      1.021 0.0000e+00
        169 179.529769    0.01167     0.7000     42.000  1022.0379  45664.481    28.9337      0.999    6.40460    11.1343    11.1363    22.0334   11.61862 4.0043e+02      1.009 0.0000e+00
        170 179.529771    0.01174     0.7042     42.250  1022.0355  45659.960    28.9305      0.997    6.40485    11.1327    11.1355    22.0310   11.61907 4.0091e+02      1.006 0.0000e+00
