CTD-processing/allCTD/CNV--homogene/2017_12-14_t9_s01_cast126.cnv
* Sea-Bird SBE19plus Data File:
* FileName = C:\Users\Kim.Powell\Desktop\Not Processed\2017\2017_12-XX_4141\2017_12-14_TANSECT_STATION_cast126.hex
* Software Version 1.59
* Temperature SN =  4141
* Conductivity SN =  4141
* System UpLoad Time = Dec 18 2017 08:21:45
** 2017_12-14
** Station: 9-01
** Start Time: 12:07
** Depth (m): 64.3
** Comment:**CTD recorded date as April 18
** Comment:
# nquan = 17
# nvalues = 495                         
# units = specified
# name 0 = scan: Scan Count
# name 1 = timeJ: Julian Days
# name 2 = timeH: Time, Elapsed [hours]
# name 3 = timeM: Time, Elapsed [minutes]
# name 4 = timeS: Time, Elapsed [seconds]
# name 5 = density00: Density [density, kg/m^3]
# name 6 = specc: Specific Conductance [uS/cm]
# name 7 = sal00: Salinity, Practical [PSU]
# name 8 = depSM: Depth [salt water, m], lat = 59.00
# name 9 = oxsolML/L: Oxygen Saturation, Garcia & Gordon [ml/l]
# name 10 = potemp090C: Potential Temperature [ITS-90, deg C]
# name 11 = tv290C: Temperature [ITS-90, deg C]
# name 12 = sigma-é00: Density [sigma-theta, kg/m^3]
# name 13 = n2satML/L: Nitrogen Saturation [ml/l]
# name 14 = par: PAR/Irradiance, Biospherical/Licor
# name 15 = prdM: Pressure, Strain Gauge [db]
# name 16 = flag:  0.000e+00
# span 0 =          1,        495       
# span 1 = 108.505486, 108.506916       
# span 2 =    0.00000,    0.03431       
# span 3 =     0.0000,     2.0583       
# span 4 =      0.000,    123.500       
# span 5 =  1004.4256,  1024.8071       
# span 6 =   9619.968,  50007.178       
# span 7 =     5.6267,    31.3125       
# span 8 =     -0.084,     51.122       
# span 9 =    6.98396,    8.57199       
# span 10 =     4.7478,     6.5789      
# span 11 =     4.7479,     6.5833      
# span 12 =     4.4260,    24.5692      
# span 13 =   12.54910,   15.56104      
# span 14 = 3.6566e-02, 9.6093e+01      
# span 15 =     -0.085,     51.611      
# span 16 = 0.0000e+00, 0.0000e+00      
# interval = seconds: 0.25
# start_time = Apr 18 2017 12:07:54 [Instrument's time stamp, header]
# bad_flag = -9.990e-29
*END*
[from data line 86]
         87 108.505735    0.00597     0.3583     21.500  1023.2284  47599.831    29.3861      0.648    7.34002     5.0229     5.0228    23.2253   13.16250 5.5397e+01      0.654 0.0000e+00
         88 108.505738    0.00604     0.3625     21.750  1023.2339  47610.068    29.3931      0.645    7.33966     5.0227     5.0229    23.2309   13.16181 5.4800e+01      0.651 0.0000e+00
         89 108.505741    0.00611     0.3667     22.000  1023.2372  47616.065    29.3972      0.644    7.33945     5.0224     5.0230    23.2341   13.16141 5.4606e+01      0.651 0.0000e+00
         90 108.505744    0.00618     0.3708     22.250  1023.2380  47617.527    29.3981      0.649    7.33943     5.0219     5.0228    23.2349   13.16136 5.4542e+01      0.656 0.0000e+00
         91 108.505747    0.00625     0.3750     22.500  1023.2353  47612.518    29.3947      0.661    7.33966     5.0212     5.0225    23.2322   13.16178 5.4683e+01      0.668 0.0000e+00
         92 108.505749    0.00632     0.3792     22.750  1023.2279  47598.729    29.3852      0.677    7.34022     5.0203     5.0219    23.2247   13.16284 5.4816e+01      0.683 0.0000e+00
         93 108.505752    0.00639     0.3833     23.000  1023.2159  47576.415    29.3698      0.689    7.34109     5.0189     5.0212    23.2127   13.16449 5.4467e+01      0.695 0.0000e+00
         94 108.505755    0.00646     0.3875     23.250  1023.2029  47552.482    29.3533      0.691    7.34207     5.0172     5.0203    23.1997   13.16631 5.3776e+01      0.698 0.0000e+00
         95 108.505758    0.00653     0.3917     23.500  1023.1950  47537.890    29.3431      0.684    7.34281     5.0156     5.0190    23.1918   13.16767 5.3370e+01      0.690 0.0000e+00
         96 108.505761    0.00660     0.3958     23.750  1023.1953  47538.854    29.3435      0.670    7.34309     5.0144     5.0173    23.1922   13.16813 5.3393e+01      0.676 0.0000e+00
         97 108.505764    0.00667     0.4000     24.000  1023.2019  47551.300    29.3516      0.657    7.34298     5.0139     5.0156    23.1988   13.16784 5.3607e+01      0.663 0.0000e+00
         98 108.505767    0.00674     0.4042     24.250  1023.2091  47564.804    29.3606      0.649    7.34275     5.0140     5.0145    23.2060   13.16733 5.4178e+01      0.656 0.0000e+00
         99 108.505770    0.00681     0.4083     24.500  1023.2124  47570.969    29.3647      0.649    7.34263     5.0145     5.0139    23.2093   13.16709 5.4970e+01      0.656 0.0000e+00
        100 108.505773    0.00688     0.4125     24.750  1023.2105  47567.446    29.3623      0.654    7.34273     5.0149     5.0140    23.2074   13.16729 5.5352e+01      0.661 0.0000e+00
        101 108.505775    0.00694     0.4167     25.000  1023.2056  47558.222    29.3561      0.661    7.34296     5.0152     5.0145    23.2025   13.16774 5.5179e+01      0.667 0.0000e+00
        102 108.505778    0.00701     0.4208     25.250  1023.2012  47549.992    29.3506      0.668    7.34315     5.0153     5.0150    23.1981   13.16813 5.4807e+01      0.675 0.0000e+00
        103 108.505781    0.00708     0.4250     25.500  1023.1993  47546.445    29.3482      0.676    7.34322     5.0152     5.0152    23.1962   13.16828 5.4464e+01      0.682 0.0000e+00
        104 108.505784    0.00715     0.4292     25.750  1023.1995  47546.599    29.3483      0.684    7.34321     5.0152     5.0153    23.1962   13.16825 5.4329e+01      0.690 0.0000e+00
        105 108.505787    0.00722     0.4333     26.000  1023.1995  47546.604    29.3483      0.688    7.34321     5.0151     5.0152    23.1962   13.16826 5.4202e+01      0.694 0.0000e+00
        106 108.505790    0.00729     0.4375     26.250  1023.1986  47544.897    29.3472      0.688    7.34328     5.0152     5.0152    23.1953   13.16839 5.3810e+01      0.694 0.0000e+00
        107 108.505793    0.00736     0.4417     26.500  1023.1984  47544.715    29.3470      0.680    7.34329     5.0155     5.0152    23.1952   13.16842 5.3746e+01      0.686 0.0000e+00
        108 108.505796    0.00743     0.4458     26.750  1023.2014  47550.237    29.3508      0.666    7.34309     5.0161     5.0153    23.1982   13.16803 5.4258e+01      0.672 0.0000e+00
        109 108.505799    0.00750     0.4500     27.000  1023.2078  47562.345    29.3591      0.651    7.34263     5.0171     5.0155    23.2047   13.16717 5.4714e+01      0.657 0.0000e+00
        110 108.505802    0.00757     0.4542     27.250  1023.2160  47577.435    29.3695      0.644    7.34202     5.0188     5.0161    23.2129   13.16602 5.4798e+01      0.650 0.0000e+00
        111 108.505804    0.00764     0.4583     27.500  1023.2228  47590.050    29.3783      0.649    7.34140     5.0206     5.0171    23.2198   13.16488 5.4531e+01      0.656 0.0000e+00
        112 108.505807    0.00771     0.4625     27.750  1023.2260  47595.543    29.3824      0.665    7.34091     5.0223     5.0188    23.2228   13.16402 5.4095e+01      0.672 0.0000e+00
        113 108.505810    0.00778     0.4667     28.000  1023.2236  47590.819    29.3795      0.684    7.34072     5.0234     5.0207    23.2204   13.16374 5.3894e+01      0.690 0.0000e+00
        114 108.505813    0.00785     0.4708     28.250  1023.2168  47578.019    29.3711      0.694    7.34083     5.0238     5.0223    23.2136   13.16404 5.4237e+01      0.701 0.0000e+00
        115 108.505816    0.00792     0.4750     28.500  1023.2101  47565.403    29.3627      0.692    7.34105     5.0235     5.0235    23.2068   13.16450 5.5083e+01      0.699 0.0000e+00
        116 108.505819    0.00799     0.4792     28.750  1023.2078  47561.205    29.3600      0.679    7.34112     5.0230     5.0239    23.2046   13.16465 5.5788e+01      0.685 0.0000e+00
        117 108.505822    0.00806     0.4833     29.000  1023.2114  47568.115    29.3646      0.663    7.34094     5.0229     5.0236    23.2083   13.16429 5.5777e+01      0.669 0.0000e+00
        118 108.505825    0.00813     0.4875     29.250  1023.2186  47581.701    29.3738      0.654    7.34058     5.0233     5.0231    23.2156   13.16358 5.5499e+01      0.660 0.0000e+00
        119 108.505828    0.00819     0.4917     29.500  1023.2252  47593.985    29.3821      0.655    7.34020     5.0242     5.0229    23.2222   13.16285 5.5477e+01      0.662 0.0000e+00
        120 108.505830    0.00826     0.4958     29.750  1023.2281  47599.160    29.3857      0.667    7.33995     5.0254     5.0233    23.2250   13.16239 5.5494e+01      0.673 0.0000e+00
        121 108.505833    0.00833     0.5000     30.000  1023.2265  47595.844    29.3836      0.681    7.33989     5.0264     5.0242    23.2233   13.16230 5.5338e+01      0.687 0.0000e+00
        122 108.505836    0.00840     0.5042     30.250  1023.2222  47587.781    29.3784      0.690    7.33994     5.0270     5.0254    23.2190   13.16246 5.5194e+01      0.697 0.0000e+00
        123 108.505839    0.00847     0.5083     30.500  1023.2192  47581.989    29.3746      0.692    7.33995     5.0273     5.0264    23.2159   13.16252 5.5307e+01      0.699 0.0000e+00
        124 108.505842    0.00854     0.5125     30.750  1023.2197  47582.946    29.3754      0.689    7.33980     5.0274     5.0270    23.2164   13.16226 5.5339e+01      0.696 0.0000e+00
        125 108.505845    0.00861     0.5167     31.000  1023.2232  47589.493    29.3799      0.685    7.33953     5.0276     5.0273    23.2200   13.16176 5.4866e+01      0.691 0.0000e+00
        126 108.505848    0.00868     0.5208     31.250  1023.2270  47596.516    29.3847      0.683    7.33927     5.0280     5.0274    23.2238   13.16127 5.4304e+01      0.689 0.0000e+00
        127 108.505851    0.00875     0.5250     31.500  1023.2285  47599.322    29.3867      0.682    7.33914     5.0286     5.0276    23.2253   13.16102 5.4126e+01      0.689 0.0000e+00
        128 108.505854    0.00882     0.5292     31.750  1023.2271  47596.659    29.3849      0.682    7.33915     5.0293     5.0280    23.2239   13.16107 5.4118e+01      0.688 0.0000e+00
        129 108.505856    0.00889     0.5333     32.000  1023.2241  47591.100    29.3813      0.679    7.33922     5.0299     5.0286    23.2210   13.16124 5.4164e+01      0.685 0.0000e+00
        130 108.505859    0.00896     0.5375     32.250  1023.2222  47587.455    29.3789      0.676    7.33922     5.0304     5.0293    23.2190   13.16127 5.4351e+01      0.682 0.0000e+00
        131 108.505862    0.00903     0.5417     32.500  1023.2230  47588.815    29.3799      0.674    7.33907     5.0309     5.0299    23.2198   13.16101 5.4357e+01      0.680 0.0000e+00
        132 108.505865    0.00910     0.5458     32.750  1023.2258  47594.050    29.3836      0.678    7.33880     5.0314     5.0304    23.2227   13.16051 5.4087e+01      0.684 0.0000e+00
        133 108.505868    0.00917     0.5500     33.000  1023.2285  47598.913    29.3870      0.688    7.33855     5.0321     5.0309    23.2253   13.16005 5.3902e+01      0.695 0.0000e+00
        134 108.505871    0.00924     0.5542     33.250  1023.2290  47599.546    29.3875      0.702    7.33842     5.0328     5.0315    23.2256   13.15983 5.3754e+01      0.708 0.0000e+00
        135 108.505874    0.00931     0.5583     33.500  1023.2265  47594.782    29.3844      0.713    7.33845     5.0332     5.0321    23.2231   13.15992 5.3356e+01      0.719 0.0000e+00
        136 108.505877    0.00937     0.5625     33.750  1023.2222  47586.679    29.3791      0.716    7.33860     5.0334     5.0328    23.2188   13.16023 5.2976e+01      0.723 0.0000e+00
        137 108.505880    0.00944     0.5667     34.000  1023.2183  47579.600    29.3743      0.710    7.33875     5.0332     5.0333    23.2150   13.16054 5.3185e+01      0.717 0.0000e+00
        138 108.505883    0.00951     0.5708     34.250  1023.2171  47577.451    29.3729      0.698    7.33879     5.0329     5.0334    23.2138   13.16063 5.4011e+01      0.704 0.0000e+00
        139 108.505885    0.00958     0.5750     34.500  1023.2194  47581.818    29.3759      0.683    7.33868     5.0326     5.0332    23.2162   13.16041 5.4594e+01      0.689 0.0000e+00
        140 108.505888    0.00965     0.5792     34.750  1023.2245  47591.453    29.3824      0.670    7.33842     5.0326     5.0329    23.2214   13.15989 5.4190e+01      0.676 0.0000e+00
        141 108.505891    0.00972     0.5833     35.000  1023.2309  47603.324    29.3904      0.665    7.33807     5.0328     5.0327    23.2278   13.15921 5.3169e+01      0.671 0.0000e+00
        142 108.505894    0.00979     0.5875     35.250  1023.2369  47614.364    29.3979      0.670    7.33771     5.0334     5.0326    23.2337   13.15852 5.2346e+01      0.676 0.0000e+00
        143 108.505897    0.00986     0.5917     35.500  1023.2410  47621.940    29.4031      0.683    7.33741     5.0338     5.0329    23.2378   13.15795 5.1865e+01      0.689 0.0000e+00
        144 108.505900    0.00993     0.5958     35.750  1023.2419  47623.341    29.4042      0.700    7.33726     5.0338     5.0334    23.2386   13.15770 5.1464e+01      0.706 0.0000e+00
        145 108.505903    0.01000     0.6000     36.000  1023.2381  47616.259    29.3994      0.713    7.33742     5.0333     5.0338    23.2348   13.15803 5.1283e+01      0.719 0.0000e+00
        146 108.505906    0.01007     0.6042     36.250  1023.2309  47602.789    29.3902      0.714    7.33787     5.0324     5.0338    23.2275   13.15888 5.1633e+01      0.721 0.0000e+00
        147 108.505909    0.01014     0.6083     36.500  1023.2243  47590.616    29.3818      0.704    7.33836     5.0309     5.0334    23.2210   13.15980 5.2606e+01      0.711 0.0000e+00
        148 108.505911    0.01021     0.6125     36.750  1023.2224  47587.283    29.3794      0.687    7.33865     5.0295     5.0324    23.2191   13.16032 5.3473e+01      0.693 0.0000e+00
        149 108.505914    0.01028     0.6167     37.000  1023.2262  47594.617    29.3841      0.672    7.33867     5.0283     5.0310    23.2230   13.16029 5.3384e+01      0.679 0.0000e+00
        150 108.505917    0.01035     0.6208     37.250  1023.2329  47607.274    29.3924      0.668    7.33852     5.0275     5.0295    23.2297   13.15993 5.2672e+01      0.675 0.0000e+00
        151 108.505920    0.01042     0.6250     37.500  1023.2381  47616.975    29.3988      0.676    7.33842     5.0269     5.0283    23.2349   13.15967 5.2118e+01      0.683 0.0000e+00
        152 108.505923    0.01049     0.6292     37.750  1023.2393  47619.308    29.4003      0.690    7.33849     5.0264     5.0276    23.2361   13.15977 5.2025e+01      0.697 0.0000e+00
        153 108.505926    0.01056     0.6333     38.000  1023.2371  47615.175    29.3973      0.700    7.33873     5.0260     5.0270    23.2338   13.16021 5.2149e+01      0.707 0.0000e+00
        154 108.505929    0.01063     0.6375     38.250  1023.2332  47608.048    29.3924      0.700    7.33906     5.0255     5.0265    23.2300   13.16082 5.2113e+01      0.707 0.0000e+00
        155 108.505932    0.01069     0.6417     38.500  1023.2300  47602.191    29.3883      0.692    7.33934     5.0250     5.0260    23.2268   13.16134 5.1877e+01      0.698 0.0000e+00
        156 108.505935    0.01076     0.6458     38.750  1023.2292  47600.710    29.3872      0.682    7.33949     5.0246     5.0255    23.2259   13.16159 5.1820e+01      0.688 0.0000e+00
        157 108.505938    0.01083     0.6500     39.000  1023.2303  47603.004    29.3887      0.678    7.33951     5.0244     5.0250    23.2271   13.16160 5.2041e+01      0.684 0.0000e+00
        158 108.505940    0.01090     0.6542     39.250  1023.2316  47605.412    29.3902      0.683    7.33950     5.0244     5.0246    23.2284   13.16158 5.2131e+01      0.689 0.0000e+00
        159 108.505943    0.01097     0.6583     39.500  1023.2316  47605.263    29.3901      0.692    7.33954     5.0247     5.0244    23.2283   13.16165 5.1955e+01      0.699 0.0000e+00
        160 108.505946    0.01104     0.6625     39.750  1023.2302  47602.565    29.3882      0.699    7.33962     5.0250     5.0245    23.2269   13.16179 5.1777e+01      0.706 0.0000e+00
        161 108.505949    0.01111     0.6667     40.000  1023.2282  47598.855    29.3858      0.700    7.33969     5.0252     5.0248    23.2249   13.16195 5.1710e+01      0.706 0.0000e+00
        162 108.505952    0.01118     0.6708     40.250  1023.2268  47596.170    29.3840      0.695    7.33973     5.0252     5.0250    23.2235   13.16204 5.1669e+01      0.702 0.0000e+00
        163 108.505955    0.01125     0.6750     40.500  1023.2264  47595.578    29.3836      0.689    7.33972     5.0252     5.0252    23.2232   13.16203 5.1752e+01      0.695 0.0000e+00
        164 108.505958    0.01132     0.6792     40.750  1023.2268  47596.322    29.3842      0.684    7.33969     5.0252     5.0252    23.2236   13.16197 5.2086e+01      0.690 0.0000e+00
        165 108.505961    0.01139     0.6833     41.000  1023.2269  47596.677    29.3844      0.679    7.33968     5.0253     5.0252    23.2238   13.16194 5.2409e+01      0.686 0.0000e+00
        166 108.505964    0.01146     0.6875     41.250  1023.2265  47595.902    29.3839      0.674    7.33970     5.0254     5.0253    23.2233   13.16199 5.2269e+01      0.680 0.0000e+00
        167 108.505966    0.01153     0.6917     41.500  1023.2261  47595.131    29.3834      0.668    7.33971     5.0256     5.0253    23.2229   13.16202 5.1762e+01      0.674 0.0000e+00
        168 108.505969    0.01160     0.6958     41.750  1023.2264  47595.771    29.3838      0.665    7.33967     5.0260     5.0255    23.2233   13.16193 5.1427e+01      0.671 0.0000e+00
        169 108.505972    0.01167     0.7000     42.000  1023.2272  47597.186    29.3848      0.670    7.33957     5.0265     5.0257    23.2241   13.16176 5.1435e+01      0.676 0.0000e+00
        170 108.505975    0.01174     0.7042     42.250  1023.2273  47597.268    29.3850      0.682    7.33950     5.0272     5.0261    23.2241   13.16164 5.1346e+01      0.689 0.0000e+00
