CTD-processing/allCTD/CNV--homogene/2017_04-20_alongbay_skb07_cast154.cnv
* Sea-Bird SBE19plus Data File:
* FileName = P:\My Documents\kasitsna\Research-KBL\Oceanography-AK\CTD-Data-ALL-to-2017-02\2017-CTD-KachemakBay-CookInlet\2017-04-20-CookInlet-AlongKachemakBay\2017-04-20-CookInlet-AlongKachemakBay-cast154.hex
* Software Version 1.59
* Temperature SN =  4141
* Conductivity SN =  4141
* System UpLoad Time = Apr 24 2017 17:26:00
** Cook Inlet Along Kachemak Bay Line west to east
** Date: 2017-04-20
** Station: (eg. 9-01): KB07
** Start time (AKDT): 19:57
** Depth (m): 146.3
** Comment: R/V Alaska Dreamcatcher
** Comment:
# nquan = 17
# nvalues = 745                         
# units = specified
# name 0 = scan: Scan Count
# name 1 = timeJ: Julian Days
# name 2 = timeH: Time, Elapsed [hours]
# name 3 = timeM: Time, Elapsed [minutes]
# name 4 = timeS: Time, Elapsed [seconds]
# name 5 = density00: Density [density, kg/m^3]
# name 6 = specc: Specific Conductance [uS/cm]
# name 7 = sal00: Salinity, Practical [PSU]
# name 8 = depSM: Depth [salt water, m], lat = 59.00
# name 9 = oxsolML/L: Oxygen Saturation, Garcia & Gordon [ml/l]
# name 10 = potemp090C: Potential Temperature [ITS-90, deg C]
# name 11 = tv290C: Temperature [ITS-90, deg C]
# name 12 = sigma-é00: Density [sigma-theta, kg/m^3]
# name 13 = n2satML/L: Nitrogen Saturation [ml/l]
# name 14 = par: PAR/Irradiance, Biospherical/Licor
# name 15 = prdM: Pressure, Strain Gauge [db]
# name 16 = flag:  0.000e+00
# span 0 =          1,        745       
# span 1 = 110.832106, 110.834259       
# span 2 =    0.00000,    0.05167       
# span 3 =     0.0000,     3.1000       
# span 4 =      0.000,    186.000       
# span 5 =  1000.4461,  1026.1012       
# span 6 =   1241.963,  52007.329       
# span 7 =     0.5989,    31.9935       
# span 8 =      0.034,    142.186       
# span 9 =    7.08222,    8.88531       
# span 10 =     3.4134,     6.0778      
# span 11 =     3.4181,     6.0779      
# span 12 =     0.4459,    25.4427      
# span 13 =   12.71564,   16.16015      
# span 14 = 3.6382e-02, 1.0524e+02      
# span 15 =      0.034,    143.577      
# span 16 = 0.0000e+00, 0.0000e+00      
# interval = seconds: 0.25
# start_time = Apr 20 2017 19:58:14 [Instrument's time stamp, header]
# bad_flag = -9.990e-29
*END*
[from data line 596]
        597 110.833831    0.04139     2.4833    149.000  1025.9334  51981.313    31.9746    107.358    7.48214     3.5181     3.5175    25.4259   13.36325 3.6382e-02    108.399 0.0000e+00
        598 110.833834    0.04146     2.4875    149.250  1025.9358  51982.753    31.9762    107.654    7.48145     3.5222     3.5208    25.4270   13.36208 3.6382e-02    108.699 0.0000e+00
        599 110.833837    0.04153     2.4917    149.500  1025.9374  51982.605    31.9770    107.950    7.48069     3.5262     3.5247    25.4272   13.36082 3.6382e-02    108.998 0.0000e+00
        600 110.833840    0.04160     2.4958    149.750  1025.9384  51981.297    31.9770    108.247    7.47993     3.5298     3.5288    25.4269   13.35957 3.6382e-02    109.298 0.0000e+00
        601 110.833843    0.04167     2.5000    150.000  1025.9392  51979.527    31.9766    108.545    7.47921     3.5334     3.5328    25.4262   13.35839 3.6382e-02    109.598 0.0000e+00
        602 110.833845    0.04174     2.5042    150.250  1025.9405  51978.703    31.9769    108.843    7.47852     3.5374     3.5365    25.4261   13.35724 3.6382e-02    109.899 0.0000e+00
        603 110.833848    0.04181     2.5083    150.500  1025.9428  51979.988    31.9785    109.140    7.47778     3.5422     3.5401    25.4270   13.35599 3.6382e-02    110.200 0.0000e+00
        604 110.833851    0.04188     2.5125    150.750  1025.9458  51982.201    31.9809    109.437    7.47692     3.5474     3.5441    25.4286   13.35455 3.6382e-02    110.500 0.0000e+00
        605 110.833854    0.04194     2.5167    151.000  1025.9478  51982.572    31.9822    109.734    7.47597     3.5524     3.5489    25.4292   13.35297 3.6382e-02    110.799 0.0000e+00
        606 110.833857    0.04201     2.5208    151.250  1025.9484  51980.422    31.9819    110.030    7.47503     3.5568     3.5541    25.4285   13.35142 3.6382e-02    111.098 0.0000e+00
        607 110.833860    0.04208     2.5250    151.500  1025.9486  51977.324    31.9809    110.324    7.47416     3.5604     3.5591    25.4272   13.34999 3.6382e-02    111.395 0.0000e+00
        608 110.833863    0.04215     2.5292    151.750  1025.9484  51973.767    31.9795    110.617    7.47342     3.5631     3.5636    25.4257   13.34879 3.6382e-02    111.691 0.0000e+00
        609 110.833866    0.04222     2.5333    152.000  1025.9477  51969.453    31.9774    110.908    7.47285     3.5646     3.5673    25.4237   13.34788 3.6382e-02    111.985 0.0000e+00
        610 110.833869    0.04229     2.5375    152.250  1025.9469  51965.163    31.9750    111.201    7.47248     3.5652     3.5699    25.4216   13.34730 3.6382e-02    112.281 0.0000e+00
        611 110.833872    0.04236     2.5417    152.500  1025.9466  51961.870    31.9730    111.495    7.47230     3.5651     3.5715    25.4198   13.34703 3.6382e-02    112.578 0.0000e+00
        612 110.833874    0.04243     2.5458    152.750  1025.9468  51959.838    31.9716    111.791    7.47226     3.5647     3.5721    25.4187   13.34698 3.6382e-02    112.877 0.0000e+00
        613 110.833877    0.04250     2.5500    153.000  1025.9478  51959.365    31.9711    112.087    7.47230     3.5642     3.5720    25.4183   13.34706 3.6382e-02    113.176 0.0000e+00
        614 110.833880    0.04257     2.5542    153.250  1025.9494  51960.031    31.9713    112.384    7.47236     3.5635     3.5716    25.4185   13.34716 3.6382e-02    113.476 0.0000e+00
        615 110.833883    0.04264     2.5583    153.500  1025.9505  51959.716    31.9708    112.682    7.47247     3.5620     3.5712    25.4181   13.34733 3.6382e-02    113.777 0.0000e+00
        616 110.833886    0.04271     2.5625    153.750  1025.9501  51956.765    31.9685    112.981    7.47270     3.5588     3.5705    25.4163   13.34776 3.6382e-02    114.079 0.0000e+00
        617 110.833889    0.04278     2.5667    154.000  1025.9483  51951.325    31.9642    113.280    7.47320     3.5537     3.5690    25.4131   13.34864 3.6382e-02    114.381 0.0000e+00
        618 110.833892    0.04285     2.5708    154.250  1025.9462  51945.721    31.9594    113.577    7.47403     3.5475     3.5658    25.4096   13.35006 3.6382e-02    114.681 0.0000e+00
        619 110.833895    0.04292     2.5750    154.500  1025.9460  51943.898    31.9568    113.873    7.47510     3.5415     3.5607    25.4079   13.35185 3.6382e-02    114.980 0.0000e+00
        620 110.833898    0.04299     2.5792    154.750  1025.9484  51947.192    31.9573    114.167    7.47621     3.5362     3.5545    25.4089   13.35368 3.6382e-02    115.277 0.0000e+00
        621 110.833900    0.04306     2.5833    155.000  1025.9519  51952.679    31.9593    114.461    7.47722     3.5318     3.5485    25.4110   13.35532 3.6382e-02    115.573 0.0000e+00
        622 110.833903    0.04312     2.5875    155.250  1025.9550  51957.096    31.9609    114.755    7.47809     3.5278     3.5433    25.4127   13.35675 3.6382e-02    115.870 0.0000e+00
        623 110.833906    0.04319     2.5917    155.500  1025.9572  51959.583    31.9613    115.049    7.47888     3.5238     3.5388    25.4134   13.35805 3.6382e-02    116.167 0.0000e+00
        624 110.833909    0.04326     2.5958    155.750  1025.9588  51961.163    31.9612    115.344    7.47963     3.5202     3.5348    25.4137   13.35928 3.6382e-02    116.465 0.0000e+00
        625 110.833912    0.04333     2.6000    156.000  1025.9609  51963.486    31.9616    115.638    7.48033     3.5172     3.5309    25.4144   13.36042 3.6382e-02    116.763 0.0000e+00
        626 110.833915    0.04340     2.6042    156.250  1025.9640  51967.563    31.9633    115.934    7.48091     3.5155     3.5273    25.4161   13.36136 3.6382e-02    117.061 0.0000e+00
        627 110.833918    0.04347     2.6083    156.500  1025.9680  51973.057    31.9661    116.231    7.48130     3.5153     3.5244    25.4187   13.36197 3.6382e-02    117.362 0.0000e+00
        628 110.833921    0.04354     2.6125    156.750  1025.9725  51979.376    31.9698    116.530    7.48143     3.5167     3.5226    25.4218   13.36214 3.6382e-02    117.663 0.0000e+00
        629 110.833924    0.04361     2.6167    157.000  1025.9772  51985.888    31.9740    116.828    7.48125     3.5194     3.5224    25.4251   13.36179 3.6382e-02    117.964 0.0000e+00
        630 110.833927    0.04368     2.6208    157.250  1025.9812  51990.614    31.9775    117.125    7.48082     3.5229     3.5238    25.4277   13.36103 3.6382e-02    118.264 0.0000e+00
        631 110.833929    0.04375     2.6250    157.500  1025.9837  51992.268    31.9791    117.420    7.48022     3.5263     3.5266    25.4288   13.36002 3.6382e-02    118.562 0.0000e+00
        632 110.833932    0.04382     2.6292    157.750  1025.9850  51991.657    31.9794    117.716    7.47957     3.5294     3.5301    25.4287   13.35894 3.6382e-02    118.861 0.0000e+00
        633 110.833935    0.04389     2.6333    158.000  1025.9856  51989.673    31.9788    118.010    7.47896     3.5319     3.5336    25.4279   13.35794 3.6382e-02    119.158 0.0000e+00
        634 110.833938    0.04396     2.6375    158.250  1025.9858  51987.096    31.9777    118.304    7.47844     3.5338     3.5367    25.4268   13.35710 3.6382e-02    119.455 0.0000e+00
        635 110.833941    0.04403     2.6417    158.500  1025.9861  51984.751    31.9766    118.596    7.47803     3.5352     3.5392    25.4257   13.35644 3.6382e-02    119.750 0.0000e+00
        636 110.833944    0.04410     2.6458    158.750  1025.9865  51982.885    31.9757    118.887    7.47773     3.5362     3.5411    25.4247   13.35595 3.6382e-02    120.044 0.0000e+00
        637 110.833947    0.04417     2.6500    159.000  1025.9872  51981.502    31.9750    119.178    7.47751     3.5369     3.5425    25.4240   13.35559 3.6382e-02    120.338 0.0000e+00
        638 110.833950    0.04424     2.6542    159.250  1025.9882  51980.744    31.9746    119.471    7.47735     3.5375     3.5435    25.4236   13.35534 3.6382e-02    120.634 0.0000e+00
        639 110.833953    0.04431     2.6583    159.500  1025.9894  51980.601    31.9745    119.766    7.47722     3.5380     3.5442    25.4235   13.35513 3.6382e-02    120.932 0.0000e+00
        640 110.833955    0.04437     2.6625    159.750  1025.9909  51980.720    31.9746    120.061    7.47711     3.5386     3.5448    25.4235   13.35494 3.6382e-02    121.230 0.0000e+00
        641 110.833958    0.04444     2.6667    160.000  1025.9923  51980.826    31.9747    120.358    7.47699     3.5391     3.5454    25.4235   13.35475 3.6382e-02    121.529 0.0000e+00
        642 110.833961    0.04451     2.6708    160.250  1025.9936  51980.814    31.9747    120.655    7.47688     3.5396     3.5460    25.4234   13.35457 3.6382e-02    121.829 0.0000e+00
        643 110.833964    0.04458     2.6750    160.500  1025.9949  51980.750    31.9746    120.950    7.47679     3.5402     3.5466    25.4233   13.35441 3.6382e-02    122.128 0.0000e+00
        644 110.833967    0.04465     2.6792    160.750  1025.9964  51981.143    31.9748    121.244    7.47668     3.5409     3.5471    25.4235   13.35424 3.6382e-02    122.424 0.0000e+00
        645 110.833970    0.04472     2.6833    161.000  1025.9983  51982.076    31.9754    121.535    7.47655     3.5416     3.5476    25.4240   13.35402 3.6382e-02    122.718 0.0000e+00
        646 110.833973    0.04479     2.6875    161.250  1025.9998  51982.419    31.9757    121.825    7.47641     3.5421     3.5483    25.4241   13.35377 3.6382e-02    123.012 0.0000e+00
        647 110.833976    0.04486     2.6917    161.500  1026.0004  51981.201    31.9749    122.116    7.47631     3.5420     3.5491    25.4234   13.35361 3.6382e-02    123.306 0.0000e+00
        648 110.833979    0.04493     2.6958    161.750  1026.0006  51979.105    31.9735    122.409    7.47629     3.5414     3.5496    25.4222   13.35361 3.6382e-02    123.601 0.0000e+00
        649 110.833981    0.04500     2.7000    162.000  1026.0011  51977.602    31.9723    122.703    7.47636     3.5407     3.5495    25.4213   13.35374 3.6382e-02    123.898 0.0000e+00
        650 110.833984    0.04507     2.7042    162.250  1026.0022  51977.402    31.9719    122.998    7.47649     3.5400     3.5489    25.4210   13.35395 3.6382e-02    124.196 0.0000e+00
        651 110.833987    0.04514     2.7083    162.500  1026.0038  51978.283    31.9721    123.293    7.47661     3.5396     3.5482    25.4213   13.35415 3.6382e-02    124.494 0.0000e+00
        652 110.833990    0.04521     2.7125    162.750  1026.0057  51979.513    31.9726    123.587    7.47670     3.5394     3.5476    25.4217   13.35429 3.6382e-02    124.790 0.0000e+00
        653 110.833993    0.04528     2.7167    163.000  1026.0075  51980.640    31.9731    123.879    7.47675     3.5394     3.5472    25.4222   13.35437 3.6382e-02    125.086 0.0000e+00
        654 110.833996    0.04535     2.7208    163.250  1026.0094  51981.839    31.9737    124.171    7.47676     3.5397     3.5470    25.4227   13.35437 3.6382e-02    125.380 0.0000e+00
        655 110.833999    0.04542     2.7250    163.500  1026.0115  51983.344    31.9746    124.462    7.47671     3.5406     3.5470    25.4234   13.35428 3.6382e-02    125.674 0.0000e+00
        656 110.834002    0.04549     2.7292    163.750  1026.0139  51985.393    31.9759    124.751    7.47657     3.5421     3.5474    25.4244   13.35404 3.6382e-02    125.967 0.0000e+00
        657 110.834005    0.04556     2.7333    164.000  1026.0168  51988.315    31.9780    125.041    7.47631     3.5446     3.5483    25.4260   13.35357 3.6382e-02    126.259 0.0000e+00
        658 110.834008    0.04562     2.7375    164.250  1026.0200  51991.689    31.9806    125.331    7.47589     3.5478     3.5499    25.4279   13.35284 3.6382e-02    126.552 0.0000e+00
        659 110.834010    0.04569     2.7417    164.500  1026.0231  51994.528    31.9830    125.621    7.47531     3.5516     3.5523    25.4296   13.35186 3.6382e-02    126.845 0.0000e+00
        660 110.834013    0.04576     2.7458    164.750  1026.0254  51995.864    31.9846    125.910    7.47463     3.5552     3.5556    25.4305   13.35071 3.6382e-02    127.137 0.0000e+00
        661 110.834016    0.04583     2.7500    165.000  1026.0265  51994.887    31.9847    126.197    7.47393     3.5584     3.5593    25.4303   13.34956 3.6382e-02    127.427 0.0000e+00
        662 110.834019    0.04590     2.7542    165.250  1026.0267  51992.190    31.9837    126.484    7.47330     3.5608     3.5630    25.4292   13.34854 3.6382e-02    127.717 0.0000e+00
        663 110.834022    0.04597     2.7583    165.500  1026.0267  51989.303    31.9824    126.772    7.47279     3.5626     3.5662    25.4278   13.34772 3.6382e-02    128.008 0.0000e+00
        664 110.834025    0.04604     2.7625    165.750  1026.0270  51987.099    31.9814    127.061    7.47239     3.5640     3.5686    25.4268   13.34708 3.6382e-02    128.300 0.0000e+00
        665 110.834028    0.04611     2.7667    166.000  1026.0278  51985.764    31.9808    127.351    7.47208     3.5652     3.5705    25.4262   13.34658 3.6382e-02    128.592 0.0000e+00
        666 110.834031    0.04618     2.7708    166.250  1026.0289  51985.148    31.9806    127.641    7.47183     3.5663     3.5719    25.4259   13.34616 3.6382e-02    128.886 0.0000e+00
        667 110.834034    0.04625     2.7750    166.500  1026.0301  51984.818    31.9805    127.932    7.47161     3.5672     3.5732    25.4257   13.34580 3.6382e-02    129.180 0.0000e+00
        668 110.834036    0.04632     2.7792    166.750  1026.0312  51984.413    31.9803    128.223    7.47142     3.5680     3.5742    25.4255   13.34549 3.6382e-02    129.473 0.0000e+00
        669 110.834039    0.04639     2.7833    167.000  1026.0323  51983.942    31.9801    128.513    7.47126     3.5686     3.5752    25.4253   13.34523 3.6382e-02    129.766 0.0000e+00
        670 110.834042    0.04646     2.7875    167.250  1026.0334  51983.459    31.9798    128.802    7.47113     3.5691     3.5760    25.4250   13.34501 3.6382e-02    130.058 0.0000e+00
        671 110.834045    0.04653     2.7917    167.500  1026.0345  51983.035    31.9795    129.091    7.47102     3.5695     3.5766    25.4247   13.34484 3.6382e-02    130.350 0.0000e+00
        672 110.834048    0.04660     2.7958    167.750  1026.0357  51982.854    31.9794    129.378    7.47094     3.5698     3.5771    25.4245   13.34470 3.6382e-02    130.640 0.0000e+00
        673 110.834051    0.04667     2.8000    168.000  1026.0370  51982.972    31.9794    129.664    7.47087     3.5700     3.5775    25.4245   13.34459 3.6382e-02    130.929 0.0000e+00
        674 110.834054    0.04674     2.8042    168.250  1026.0384  51983.257    31.9796    129.949    7.47081     3.5703     3.5778    25.4246   13.34448 3.6382e-02    131.217 0.0000e+00
        675 110.834057    0.04681     2.8083    168.500  1026.0398  51983.591    31.9797    130.233    7.47075     3.5705     3.5781    25.4247   13.34439 3.6382e-02    131.504 0.0000e+00
        676 110.834060    0.04688     2.8125    168.750  1026.0413  51983.940    31.9799    130.517    7.47069     3.5707     3.5783    25.4248   13.34429 3.6382e-02    131.790 0.0000e+00
        677 110.834063    0.04694     2.8167    169.000  1026.0427  51984.264    31.9800    130.800    7.47064     3.5707     3.5786    25.4248   13.34420 3.6382e-02    132.076 0.0000e+00
        678 110.834065    0.04701     2.8208    169.250  1026.0441  51984.492    31.9801    131.081    7.47060     3.5707     3.5788    25.4249   13.34414 3.6382e-02    132.361 0.0000e+00
        679 110.834068    0.04708     2.8250    169.500  1026.0453  51984.453    31.9799    131.363    7.47059     3.5703     3.5789    25.4247   13.34412 3.6382e-02    132.646 0.0000e+00
        680 110.834071    0.04715     2.8292    169.750  1026.0463  51984.085    31.9795    131.647    7.47062     3.5697     3.5788    25.4244   13.34417 3.6382e-02    132.933 0.0000e+00
