CTD-processing/allCTD/CNV--homogene/2017_12-14_alongbay_skb03_cast127.cnv
* Sea-Bird SBE19plus Data File:
* FileName = C:\Users\Kim.Powell\Desktop\Not Processed\2017\2017_12-XX_4141\2017_12-14_TANSECT_STATION_cast127.hex
* Software Version 1.59
* Temperature SN =  4141
* Conductivity SN =  4141
* System UpLoad Time = Dec 18 2017 08:22:30
** 2017_12-14
** Station: KB03
** Start Time: 12:54
** Depth (m): 111.3
** Comment:**CTD recorded date as April 18
** Comment:
# nquan = 17
# nvalues = 747                         
# units = specified
# name 0 = scan: Scan Count
# name 1 = timeJ: Julian Days
# name 2 = timeH: Time, Elapsed [hours]
# name 3 = timeM: Time, Elapsed [minutes]
# name 4 = timeS: Time, Elapsed [seconds]
# name 5 = density00: Density [density, kg/m^3]
# name 6 = specc: Specific Conductance [uS/cm]
# name 7 = sal00: Salinity, Practical [PSU]
# name 8 = depSM: Depth [salt water, m], lat = 59.00
# name 9 = oxsolML/L: Oxygen Saturation, Garcia & Gordon [ml/l]
# name 10 = potemp090C: Potential Temperature [ITS-90, deg C]
# name 11 = tv290C: Temperature [ITS-90, deg C]
# name 12 = sigma-é00: Density [sigma-theta, kg/m^3]
# name 13 = n2satML/L: Nitrogen Saturation [ml/l]
# name 14 = par: PAR/Irradiance, Biospherical/Licor
# name 15 = prdM: Pressure, Strain Gauge [db]
# name 16 = flag:  0.000e+00
# span 0 =          1,        747       
# span 1 = 108.537141, 108.539300       
# span 2 =    0.00000,    0.05181       
# span 3 =     0.0000,     3.1083       
# span 4 =      0.000,    186.500       
# span 5 =  1023.9822,  1025.0517       
# span 6 =  48900.745,  50145.905       
# span 7 =    30.5193,    31.4452       
# span 8 =      0.648,     91.063       
# span 9 =    6.92586,    7.13465       
# span 10 =     5.8370,     6.9068      
# span 11 =     5.8371,     6.9123      
# span 12 =    23.9787,    24.6372      
# span 13 =   12.45167,   12.80556      
# span 14 = 3.6382e-02, 5.3108e+01      
# span 15 =      0.654,     91.943      
# span 16 = 0.0000e+00, 0.0000e+00      
# interval = seconds: 0.25
# start_time = Apr 18 2017 12:53:29 [Instrument's time stamp, header]
# bad_flag = -9.990e-29
*END*
[from data line 86]
         87 108.537390    0.00597     0.3583     21.500  1024.0632  49056.795    30.6013      0.708    7.08682     6.1473     6.1590    24.0599   12.72817 4.7597e+01      0.715 0.0000e+00
         88 108.537393    0.00604     0.3625     21.750  1024.0816  49091.168    30.6230      0.722    7.08762     6.1532     6.1481    24.0783   12.72921 4.7461e+01      0.729 0.0000e+00
         89 108.537396    0.00611     0.3667     22.000  1024.0844  49096.198    30.6263      0.746    7.08760     6.1587     6.1473    24.0810   12.72914 4.7452e+01      0.753 0.0000e+00
         90 108.537399    0.00618     0.3708     22.250  1024.0717  49072.340    30.6109      0.767    7.08734     6.1565     6.1532    24.0681   12.72890 4.7565e+01      0.774 0.0000e+00
         91 108.537402    0.00625     0.3750     22.500  1024.0530  49037.667    30.5880      0.774    7.08749     6.1430     6.1587    24.0494   12.72945 4.7832e+01      0.781 0.0000e+00
         92 108.537405    0.00632     0.3792     22.750  1024.0425  49018.507    30.5744      0.764    7.08850     6.1219     6.1565    24.0389   12.73129 4.8113e+01      0.771 0.0000e+00
         93 108.537407    0.00639     0.3833     23.000  1024.0472  49027.993    30.5785      0.743    7.09056     6.1008     6.1431    24.0437   12.73464 4.8350e+01      0.750 0.0000e+00
         94 108.537410    0.00646     0.3875     23.250  1024.0643  49060.699    30.5971      0.722    7.09320     6.0857     6.1219    24.0610   12.73877 4.8390e+01      0.728 0.0000e+00
         95 108.537413    0.00653     0.3917     23.500  1024.0862  49102.139    30.6218      0.712    7.09556     6.0786     6.1008    24.0829   12.74236 4.8198e+01      0.718 0.0000e+00
         96 108.537416    0.00660     0.3958     23.750  1024.1038  49135.262    30.6418      0.718    7.09714     6.0779     6.0857    24.1005   12.74472 4.8237e+01      0.725 0.0000e+00
         97 108.537419    0.00667     0.4000     24.000  1024.1104  49147.472    30.6489      0.737    7.09799     6.0787     6.0786    24.1069   12.74603 4.8598e+01      0.744 0.0000e+00
         98 108.537422    0.00674     0.4042     24.250  1024.1057  49138.853    30.6428      0.756    7.09839     6.0753     6.0779    24.1022   12.74677 4.9052e+01      0.763 0.0000e+00
         99 108.537425    0.00681     0.4083     24.500  1024.0972  49122.995    30.6321      0.765    7.09877     6.0653     6.0787    24.0936   12.74753 4.9573e+01      0.772 0.0000e+00
        100 108.537428    0.00688     0.4125     24.750  1024.0935  49116.456    30.6269      0.758    7.09957     6.0513     6.0753    24.0899   12.74892 5.0052e+01      0.766 0.0000e+00
        101 108.537431    0.00694     0.4167     25.000  1024.0984  49126.104    30.6317      0.742    7.10102     6.0381     6.0653    24.0949   12.75125 5.0325e+01      0.750 0.0000e+00
        102 108.537433    0.00701     0.4208     25.250  1024.1097  49147.766    30.6440      0.728    7.10280     6.0295     6.0513    24.1063   12.75403 5.0494e+01      0.735 0.0000e+00
        103 108.537436    0.00708     0.4250     25.500  1024.1222  49171.472    30.6579      0.727    7.10434     6.0266     6.0381    24.1188   12.75640 5.0690e+01      0.734 0.0000e+00
        104 108.537439    0.00715     0.4292     25.750  1024.1302  49186.524    30.6667      0.738    7.10536     6.0277     6.0295    24.1267   12.75798 5.0684e+01      0.745 0.0000e+00
        105 108.537442    0.00722     0.4333     26.000  1024.1304  49187.066    30.6665      0.753    7.10585     6.0281     6.0267    24.1269   12.75879 5.0217e+01      0.760 0.0000e+00
        106 108.537445    0.00729     0.4375     26.250  1024.1253  49177.502    30.6601      0.761    7.10597     6.0237     6.0277    24.1217   12.75908 4.9532e+01      0.768 0.0000e+00
        107 108.537448    0.00736     0.4417     26.500  1024.1213  49170.135    30.6551      0.756    7.10615     6.0149     6.0281    24.1177   12.75943 4.9297e+01      0.763 0.0000e+00
        108 108.537451    0.00743     0.4458     26.750  1024.1228  49173.224    30.6564      0.743    7.10681     6.0050     6.0238    24.1193   12.76051 4.9699e+01      0.750 0.0000e+00
        109 108.537454    0.00750     0.4500     27.000  1024.1293  49185.861    30.6634      0.731    7.10796     5.9975     6.0149    24.1259   12.76232 5.0142e+01      0.738 0.0000e+00
        110 108.537457    0.00757     0.4542     27.250  1024.1375  49201.497    30.6724      0.729    7.10919     5.9934     6.0051    24.1341   12.76423 5.0311e+01      0.736 0.0000e+00
        111 108.537459    0.00764     0.4583     27.500  1024.1432  49212.255    30.6784      0.739    7.11016     5.9915     5.9976    24.1397   12.76576 5.0252e+01      0.746 0.0000e+00
        112 108.537462    0.00771     0.4625     27.750  1024.1439  49213.793    30.6787      0.752    7.11084     5.9893     5.9935    24.1404   12.76688 4.9777e+01      0.759 0.0000e+00
        113 108.537465    0.00778     0.4667     28.000  1024.1413  49208.990    30.6750      0.761    7.11133     5.9843     5.9916    24.1378   12.76773 4.8953e+01      0.768 0.0000e+00
        114 108.537468    0.00785     0.4708     28.250  1024.1393  49205.396    30.6721      0.760    7.11184     5.9762     5.9893    24.1357   12.76861 4.8245e+01      0.767 0.0000e+00
        115 108.537471    0.00792     0.4750     28.500  1024.1404  49207.876    30.6729      0.751    7.11264     5.9669     5.9844    24.1369   12.76992 4.7785e+01      0.758 0.0000e+00
        116 108.537474    0.00799     0.4792     28.750  1024.1445  49215.994    30.6769      0.739    7.11380     5.9585     5.9763    24.1411   12.77180 4.7335e+01      0.746 0.0000e+00
        117 108.537477    0.00806     0.4833     29.000  1024.1499  49226.608    30.6825      0.728    7.11509     5.9522     5.9670    24.1466   12.77387 4.6966e+01      0.735 0.0000e+00
        118 108.537480    0.00813     0.4875     29.250  1024.1552  49236.877    30.6880      0.722    7.11624     5.9483     5.9586    24.1519   12.77569 4.6644e+01      0.729 0.0000e+00
        119 108.537483    0.00819     0.4917     29.500  1024.1596  49245.349    30.6926      0.724    7.11708     5.9468     5.9523    24.1563   12.77702 4.6190e+01      0.730 0.0000e+00
        120 108.537486    0.00826     0.4958     29.750  1024.1627  49251.117    30.6959      0.734    7.11757     5.9473     5.9484    24.1593   12.77780 4.5932e+01      0.741 0.0000e+00
        121 108.537488    0.00833     0.5000     30.000  1024.1636  49252.716    30.6967      0.752    7.11780     5.9488     5.9468    24.1601   12.77817 4.6053e+01      0.758 0.0000e+00
        122 108.537491    0.00840     0.5042     30.250  1024.1616  49248.934    30.6942      0.769    7.11784     5.9487     5.9473    24.1581   12.77825 4.6345e+01      0.776 0.0000e+00
        123 108.537494    0.00847     0.5083     30.500  1024.1585  49242.982    30.6904      0.775    7.11777     5.9455     5.9488    24.1549   12.77819 4.6681e+01      0.783 0.0000e+00
        124 108.537497    0.00854     0.5125     30.750  1024.1578  49241.825    30.6896      0.764    7.11781     5.9409     5.9488    24.1542   12.77827 4.7015e+01      0.771 0.0000e+00
        125 108.537500    0.00861     0.5167     31.000  1024.1611  49248.215    30.6934      0.738    7.11817     5.9384     5.9456    24.1576   12.77881 4.7290e+01      0.745 0.0000e+00
        126 108.537503    0.00868     0.5208     31.250  1024.1661  49258.008    30.6992      0.712    7.11868     5.9415     5.9409    24.1628   12.77958 4.7530e+01      0.718 0.0000e+00
        127 108.537506    0.00875     0.5250     31.500  1024.1699  49265.169    30.7037      0.699    7.11887     5.9521     5.9385    24.1666   12.77984 4.7621e+01      0.705 0.0000e+00
        128 108.537509    0.00882     0.5292     31.750  1024.1700  49265.235    30.7043      0.707    7.11834     5.9706     5.9415    24.1667   12.77895 4.7378e+01      0.714 0.0000e+00
        129 108.537512    0.00889     0.5333     32.000  1024.1641  49253.526    30.6982      0.733    7.11683     5.9920     5.9522    24.1607   12.77654 4.7080e+01      0.739 0.0000e+00
        130 108.537514    0.00896     0.5375     32.250  1024.1495  49225.302    30.6822      0.761    7.11450     6.0078     5.9706    24.1459   12.77288 4.7050e+01      0.767 0.0000e+00
        131 108.537517    0.00903     0.5417     32.500  1024.1289  49186.088    30.6592      0.777    7.11199     6.0116     5.9920    24.1252   12.76903 4.7114e+01      0.784 0.0000e+00
        132 108.537520    0.00910     0.5458     32.750  1024.1121  49154.361    30.6404      0.773    7.11023     6.0042     6.0079    24.1085   12.76636 4.7064e+01      0.780 0.0000e+00
        133 108.537523    0.00917     0.5500     33.000  1024.1069  49144.755    30.6345      0.751    7.10988     5.9928     6.0116    24.1034   12.76586 4.7188e+01      0.758 0.0000e+00
        134 108.537526    0.00924     0.5542     33.250  1024.1133  49157.070    30.6416      0.722    7.11078     5.9844     6.0042    24.1099   12.76726 4.7797e+01      0.728 0.0000e+00
        135 108.537529    0.00931     0.5583     33.500  1024.1258  49181.005    30.6560      0.699    7.11201     5.9828     5.9928    24.1226   12.76911 4.8432e+01      0.705 0.0000e+00
        136 108.537532    0.00937     0.5625     33.750  1024.1383  49204.478    30.6706      0.694    7.11273     5.9897     5.9844    24.1351   12.77011 4.8324e+01      0.701 0.0000e+00
        137 108.537535    0.00944     0.5667     34.000  1024.1454  49217.417    30.6792      0.711    7.11258     6.0029     5.9829    24.1421   12.76976 4.7734e+01      0.718 0.0000e+00
        138 108.537538    0.00951     0.5708     34.250  1024.1432  49212.874    30.6774      0.741    7.11152     6.0157     5.9898    24.1398   12.76802 4.7508e+01      0.747 0.0000e+00
        139 108.537541    0.00958     0.5750     34.500  1024.1310  49189.371    30.6636      0.769    7.10997     6.0207     6.0029    24.1274   12.76563 4.7638e+01      0.776 0.0000e+00
        140 108.537543    0.00965     0.5792     34.750  1024.1140  49157.134    30.6438      0.781    7.10876     6.0143     6.0157    24.1103   12.76389 4.7786e+01      0.788 0.0000e+00
        141 108.537546    0.00972     0.5833     35.000  1024.1029  49136.575    30.6306      0.770    7.10855     5.9993     6.0207    24.0993   12.76371 4.7853e+01      0.777 0.0000e+00
        142 108.537549    0.00979     0.5875     35.250  1024.1048  49140.594    30.6321      0.741    7.10954     5.9822     6.0143    24.1013   12.76533 4.7824e+01      0.748 0.0000e+00
        143 108.537552    0.00986     0.5917     35.500  1024.1180  49166.055    30.6469      0.710    7.11135     5.9682     5.9993    24.1147   12.76814 4.7946e+01      0.717 0.0000e+00
        144 108.537555    0.00993     0.5958     35.750  1024.1357  49199.756    30.6669      0.692    7.11328     5.9597     5.9822    24.1325   12.77106 4.8143e+01      0.698 0.0000e+00
        145 108.537558    0.01000     0.6000     36.000  1024.1498  49226.555    30.6827      0.691    7.11487     5.9564     5.9682    24.1466   12.77349 4.8064e+01      0.698 0.0000e+00
        146 108.537561    0.01007     0.6042     36.250  1024.1557  49237.741    30.6888      0.705    7.11602     5.9560     5.9597    24.1524   12.77531 4.7773e+01      0.711 0.0000e+00
        147 108.537564    0.01014     0.6083     36.500  1024.1538  49234.380    30.6859      0.723    7.11671     5.9551     5.9564    24.1504   12.77650 4.7325e+01      0.730 0.0000e+00
        148 108.537567    0.01021     0.6125     36.750  1024.1481  49223.843    30.6786      0.739    7.11712     5.9510     5.9560    24.1447   12.77727 4.6968e+01      0.746 0.0000e+00
        149 108.537569    0.01028     0.6167     37.000  1024.1432  49214.758    30.6721      0.749    7.11758     5.9436     5.9551    24.1397   12.77810 4.7126e+01      0.756 0.0000e+00
        150 108.537572    0.01035     0.6208     37.250  1024.1422  49213.070    30.6702      0.754    7.11836     5.9347     5.9510    24.1387   12.77941 4.7479e+01      0.761 0.0000e+00
        151 108.537575    0.01042     0.6250     37.500  1024.1452  49219.099    30.6729      0.753    7.11946     5.9256     5.9436    24.1417   12.78121 4.7584e+01      0.760 0.0000e+00
        152 108.537578    0.01049     0.6292     37.750  1024.1507  49229.759    30.6786      0.746    7.12069     5.9168     5.9347    24.1472   12.78317 4.7356e+01      0.753 0.0000e+00
        153 108.537581    0.01056     0.6333     38.000  1024.1572  49242.337    30.6855      0.732    7.12190     5.9087     5.9256    24.1537   12.78507 4.6896e+01      0.739 0.0000e+00
        154 108.537584    0.01063     0.6375     38.250  1024.1639  49255.307    30.6928      0.716    7.12302     5.9017     5.9168    24.1605   12.78684 4.6635e+01      0.723 0.0000e+00
        155 108.537587    0.01069     0.6417     38.500  1024.1705  49268.122    30.7001      0.703    7.12403     5.8963     5.9088    24.1672   12.78842 4.6698e+01      0.710 0.0000e+00
        156 108.537590    0.01076     0.6458     38.750  1024.1768  49280.235    30.7071      0.698    7.12488     5.8924     5.9018    24.1736   12.78973 4.6919e+01      0.705 0.0000e+00
        157 108.537593    0.01083     0.6500     39.000  1024.1822  49290.346    30.7131      0.704    7.12552     5.8896     5.8963    24.1789   12.79071 4.7255e+01      0.711 0.0000e+00
        158 108.537595    0.01090     0.6542     39.250  1024.1856  49296.772    30.7167      0.719    7.12600     5.8873     5.8924    24.1822   12.79146 4.7714e+01      0.726 0.0000e+00
        159 108.537598    0.01097     0.6583     39.500  1024.1868  49298.899    30.7177      0.738    7.12642     5.8847     5.8897    24.1833   12.79214 4.8369e+01      0.745 0.0000e+00
        160 108.537601    0.01104     0.6625     39.750  1024.1864  49298.351    30.7168      0.751    7.12684     5.8812     5.8874    24.1829   12.79285 4.9110e+01      0.758 0.0000e+00
        161 108.537604    0.01111     0.6667     40.000  1024.1862  49298.013    30.7161      0.751    7.12732     5.8772     5.8848    24.1827   12.79364 4.9735e+01      0.759 0.0000e+00
        162 108.537607    0.01118     0.6708     40.250  1024.1871  49300.070    30.7169      0.739    7.12786     5.8736     5.8813    24.1837   12.79453 4.9859e+01      0.746 0.0000e+00
        163 108.537610    0.01125     0.6750     40.500  1024.1896  49305.063    30.7195      0.721    7.12842     5.8714     5.8773    24.1862   12.79542 4.9179e+01      0.728 0.0000e+00
        164 108.537613    0.01132     0.6792     40.750  1024.1930  49311.727    30.7234      0.705    7.12884     5.8711     5.8737    24.1897   12.79606 4.8560e+01      0.712 0.0000e+00
        165 108.537616    0.01139     0.6833     41.000  1024.1961  49317.485    30.7270      0.700    7.12903     5.8725     5.8715    24.1928   12.79634 4.8919e+01      0.707 0.0000e+00
        166 108.537619    0.01146     0.6875     41.250  1024.1971  49319.415    30.7283      0.708    7.12902     5.8752     5.8712    24.1939   12.79631 4.9482e+01      0.715 0.0000e+00
        167 108.537622    0.01153     0.6917     41.500  1024.1953  49315.734    30.7260      0.725    7.12889     5.8778     5.8726    24.1919   12.79611 4.9323e+01      0.732 0.0000e+00
        168 108.537624    0.01160     0.6958     41.750  1024.1910  49307.595    30.7209      0.743    7.12869     5.8788     5.8753    24.1875   12.79585 4.8991e+01      0.750 0.0000e+00
        169 108.537627    0.01167     0.7000     42.000  1024.1862  49298.490    30.7151      0.756    7.12852     5.8770     5.8779    24.1827   12.79564 4.9165e+01      0.763 0.0000e+00
        170 108.537630    0.01174     0.7042     42.250  1024.1828  49292.201    30.7110      0.758    7.12855     5.8729     5.8789    24.1793   12.79574 4.9257e+01      0.765 0.0000e+00
