CTD-processing/allCTD/CNV--homogene/2017_02-07_alongbay_skb01_cast036.cnv
* Sea-Bird SBE19plus Data File:
* FileName = C:\Users\jwschloemer\Documents\CTD Data\2017_02_07_alongbay\2017_02_07_alongbay_cast036.hex
* Software Version 1.59
* Temperature SN =  4141
* Conductivity SN =  4141
* System UpLoad Time = Mar 06 2017 12:37:58
** Cook Inlet LTM Kbay Along Bay
** Date: 2017-02-07
** Station:KB01
** Start Time (AKST):13:01
** Depth (m):74
** Comment: R/V Edgecumbe
# nquan = 17
# nvalues = 715                         
# units = specified
# name 0 = scan: Scan Count
# name 1 = timeJ: Julian Days
# name 2 = timeH: Time, Elapsed [hours]
# name 3 = timeM: Time, Elapsed [minutes]
# name 4 = timeS: Time, Elapsed [seconds]
# name 5 = density00: Density [density, kg/m^3]
# name 6 = specc: Specific Conductance [uS/cm]
# name 7 = sal00: Salinity, Practical [PSU]
# name 8 = depSM: Depth [salt water, m], lat = 59.00
# name 9 = oxsolML/L: Oxygen Saturation, Garcia & Gordon [ml/l]
# name 10 = potemp090C: Potential Temperature [ITS-90, deg C]
# name 11 = tv290C: Temperature [ITS-90, deg C]
# name 12 = sigma-é00: Density [sigma-theta, kg/m^3]
# name 13 = n2satML/L: Nitrogen Saturation [ml/l]
# name 14 = par: PAR/Irradiance, Biospherical/Licor
# name 15 = prdM: Pressure, Strain Gauge [db]
# name 16 = flag:  0.000e+00
# span 0 =          1,        715       
# span 1 =  38.543090,  38.545156       
# span 2 =    0.00000,    0.04958       
# span 3 =     0.0000,     2.9750       
# span 4 =      0.000,    178.500       
# span 5 =  1006.7351,  1025.4566       
# span 6 =  14210.999,  51203.571       
# span 7 =     8.5027,    31.9070       
# span 8 =      0.118,     59.855       
# span 9 =    7.14997,    9.10851       
# span 10 =     2.8201,     5.4118      
# span 11 =     2.2949,     5.4163      
# span 12 =     6.7345,    25.1783      
# span 13 =   12.81586,   16.41983      
# span 14 = 2.1616e-01, 1.8312e+02      
# span 15 =      0.119,     60.429      
# span 16 = 0.0000e+00, 0.0000e+00      
# interval = seconds: 0.25
# start_time = Feb 07 2017 13:02:03 [Instrument's time stamp, header]
# bad_flag = -9.990e-29
*END*
[from data line 171]
        172  38.543585    0.01188     0.7125     42.750  1024.8393  50562.135    31.4340      0.888    7.22162     5.1249     5.1299    24.8352   12.94024 6.3358e+01      0.896 0.0000e+00
        173  38.543588    0.01194     0.7167     43.000  1024.8448  50572.451    31.4407      0.889    7.22162     5.1195     5.1280    24.8407   12.94016 6.1592e+01      0.898 0.0000e+00
        174  38.543591    0.01201     0.7208     43.250  1024.8429  50569.362    31.4380      0.889    7.22227     5.1094     5.1250    24.8388   12.94126 6.0408e+01      0.898 0.0000e+00
        175  38.543594    0.01208     0.7250     43.500  1024.8357  50556.725    31.4281      0.887    7.22368     5.0919     5.1196    24.8316   12.94373 6.0363e+01      0.896 0.0000e+00
        176  38.543597    0.01215     0.7292     43.750  1024.8307  50548.582    31.4204      0.882    7.22580     5.0657     5.1095    24.8266   12.94733 6.0402e+01      0.891 0.0000e+00
        177  38.543600    0.01222     0.7333     44.000  1024.8367  50561.594    31.4256      0.876    7.22857     5.0341     5.0920    24.8326   12.95183 6.0216e+01      0.884 0.0000e+00
        178  38.543602    0.01229     0.7375     44.250  1024.8591  50605.788    31.4503      0.873    7.23190     5.0036     5.0658    24.8550   12.95701 6.0492e+01      0.881 0.0000e+00
        179  38.543605    0.01236     0.7417     44.500  1024.8954  50675.959    31.4918      0.876    7.23537     4.9784     5.0342    24.8913   12.96220 6.1448e+01      0.884 0.0000e+00
        180  38.543608    0.01243     0.7458     44.750  1024.9351  50752.371    31.5377      0.885    7.23844     4.9596     5.0036    24.9309   12.96669 6.2339e+01      0.893 0.0000e+00
        181  38.543611    0.01250     0.7500     45.000  1024.9667  50813.218    31.5741      0.897    7.24105     4.9464     4.9784    24.9625   12.97052 6.2335e+01      0.905 0.0000e+00
        182  38.543614    0.01257     0.7542     45.250  1024.9830  50845.317    31.5921      0.906    7.24342     4.9361     4.9597    24.9788   12.97421 6.2020e+01      0.914 0.0000e+00
        183  38.543617    0.01264     0.7583     45.500  1024.9846  50849.781    31.5923      0.909    7.24571     4.9249     4.9465    24.9804   12.97798 6.3060e+01      0.917 0.0000e+00
        184  38.543620    0.01271     0.7625     45.750  1024.9789  50840.600    31.5838      0.905    7.24792     4.9092     4.9361    24.9747   12.98174 6.5833e+01      0.914 0.0000e+00
        185  38.543623    0.01278     0.7667     46.000  1024.9754  50835.467    31.5779      0.896    7.25015     4.8886     4.9249    24.9712   12.98550 6.8922e+01      0.904 0.0000e+00
        186  38.543626    0.01285     0.7708     46.250  1024.9821  50849.763    31.5843      0.884    7.25256     4.8678     4.9093    24.9779   12.98940 7.1271e+01      0.892 0.0000e+00
        187  38.543628    0.01292     0.7750     46.500  1025.0032  50891.099    31.6082      0.875    7.25499     4.8537     4.8886    24.9990   12.99311 7.2888e+01      0.883 0.0000e+00
        188  38.543631    0.01299     0.7792     46.750  1025.0346  50951.350    31.6450      0.873    7.25681     4.8503     4.8679    25.0304   12.99564 7.3855e+01      0.881 0.0000e+00
        189  38.543634    0.01306     0.7833     47.000  1025.0646  51008.228    31.6810      0.878    7.25752     4.8581     4.8538    25.0604   12.99635 7.3669e+01      0.887 0.0000e+00
        190  38.543637    0.01313     0.7875     47.250  1025.0805  51037.867    31.7006      0.889    7.25717     4.8738     4.8503    25.0763   12.99550 7.2229e+01      0.897 0.0000e+00
        191  38.543640    0.01319     0.7917     47.500  1025.0757  51027.928    31.6954      0.899    7.25606     4.8908     4.8581    25.0714   12.99374 7.0627e+01      0.907 0.0000e+00
        192  38.543643    0.01326     0.7958     47.750  1025.0543  50986.647    31.6705      0.902    7.25454     4.9025     4.8738    25.0500   12.99155 7.0005e+01      0.911 0.0000e+00
        193  38.543646    0.01333     0.8000     48.000  1025.0304  50940.624    31.6427      0.898    7.25293     4.9068     4.8908    25.0261   12.98926 7.0355e+01      0.907 0.0000e+00
        194  38.543649    0.01340     0.8042     48.250  1025.0196  50919.439    31.6307      0.889    7.25147     4.9082     4.9026    25.0154   12.98700 7.0515e+01      0.897 0.0000e+00
        195  38.543652    0.01347     0.8083     48.500  1025.0302  50938.511    31.6447      0.880    7.25005     4.9141     4.9068    25.0261   12.98447 7.0015e+01      0.888 0.0000e+00
        196  38.543655    0.01354     0.8125     48.750  1025.0569  50987.366    31.6786      0.879    7.24816     4.9293     4.9082    25.0527   12.98092 6.9292e+01      0.887 0.0000e+00
        197  38.543657    0.01361     0.8167     49.000  1025.0834  51035.315    31.7128      0.890    7.24547     4.9519     4.9142    25.0792   12.97603 6.8384e+01      0.898 0.0000e+00
        198  38.543660    0.01368     0.8208     49.250  1025.0909  51047.103    31.7242      0.905    7.24228     4.9736     4.9294    25.0866   12.97061 6.6970e+01      0.914 0.0000e+00
        199  38.543663    0.01375     0.8250     49.500  1025.0683  51002.834    31.6987      0.914    7.23959     4.9846     4.9520    25.0640   12.96651 6.5065e+01      0.922 0.0000e+00
        200  38.543666    0.01382     0.8292     49.750  1025.0269  50924.315    31.6494      0.908    7.23822     4.9796     4.9737    25.0226   12.96488 6.3606e+01      0.917 0.0000e+00
        201  38.543669    0.01389     0.8333     50.000  1024.9954  50865.243    31.6112      0.888    7.23816     4.9622     4.9847    24.9912   12.96526 6.3922e+01      0.897 0.0000e+00
        202  38.543672    0.01396     0.8375     50.250  1024.9943  50864.094    31.6094      0.861    7.23913     4.9445     4.9797    24.9903   12.96689 6.5701e+01      0.869 0.0000e+00
        203  38.543675    0.01403     0.8417     50.500  1025.0231  50919.247    31.6435      0.839    7.24049     4.9377     4.9623    25.0192   12.96870 6.6966e+01      0.847 0.0000e+00
        204  38.543678    0.01410     0.8458     50.750  1025.0648  50998.001    31.6938      0.834    7.24113     4.9462     4.9446    25.0609   12.96910 6.7289e+01      0.841 0.0000e+00
        205  38.543681    0.01417     0.8500     51.000  1025.0988  51061.171    31.7357      0.845    7.24026     4.9663     4.9378    25.0948   12.96713 6.7656e+01      0.853 0.0000e+00
        206  38.543683    0.01424     0.8542     51.250  1025.1127  51085.385    31.7542      0.867    7.23790     4.9902     4.9463    25.1086   12.96300 6.7934e+01      0.875 0.0000e+00
        207  38.543686    0.01431     0.8583     51.500  1025.1025  51064.231    31.7440      0.889    7.23490     5.0104     4.9664    25.0984   12.95818 6.7600e+01      0.897 0.0000e+00
        208  38.543689    0.01438     0.8625     51.750  1025.0726  51006.413    31.7094      0.902    7.23245     5.0223     4.9902    25.0684   12.95457 6.7098e+01      0.910 0.0000e+00
        209  38.543692    0.01444     0.8667     52.000  1025.0372  50938.911    31.6674      0.903    7.23098     5.0244     5.0104    25.0329   12.95269 6.7311e+01      0.911 0.0000e+00
        210  38.543695    0.01451     0.8708     52.250  1025.0139  50894.812    31.6397      0.894    7.23025     5.0204     5.0224    25.0097   12.95184 6.8338e+01      0.902 0.0000e+00
        211  38.543698    0.01458     0.8750     52.500  1025.0131  50893.224    31.6391      0.882    7.22993     5.0186     5.0245    25.0090   12.95131 6.9332e+01      0.890 0.0000e+00
        212  38.543701    0.01465     0.8792     52.750  1025.0311  50926.784    31.6613      0.874    7.22954     5.0243     5.0205    25.0270   12.95038 6.9893e+01      0.882 0.0000e+00
        213  38.543704    0.01472     0.8833     53.000  1025.0531  50967.313    31.6888      0.877    7.22852     5.0367     5.0187    25.0490   12.94835 7.0071e+01      0.885 0.0000e+00
        214  38.543707    0.01479     0.8875     53.250  1025.0644  50987.358    31.7038      0.887    7.22681     5.0513     5.0244    25.0602   12.94533 6.9637e+01      0.895 0.0000e+00
        215  38.543709    0.01486     0.8917     53.500  1025.0575  50973.128    31.6967      0.895    7.22501     5.0627     5.0368    25.0532   12.94245 6.9239e+01      0.903 0.0000e+00
        216  38.543712    0.01493     0.8958     53.750  1025.0345  50929.339    31.6697      0.896    7.22379     5.0670     5.0514    25.0303   12.94079 7.0126e+01      0.904 0.0000e+00
        217  38.543715    0.01500     0.9000     54.000  1025.0087  50880.792    31.6388      0.887    7.22332     5.0635     5.0628    25.0046   12.94040 7.1689e+01      0.895 0.0000e+00
        218  38.543718    0.01507     0.9042     54.250  1024.9967  50858.331    31.6243      0.870    7.22327     5.0562     5.0671    24.9926   12.94051 7.2387e+01      0.878 0.0000e+00
        219  38.543721    0.01514     0.9083     54.500  1025.0066  50877.110    31.6364      0.854    7.22329     5.0521     5.0636    25.0026   12.94038 7.2513e+01      0.862 0.0000e+00
        220  38.543724    0.01521     0.9125     54.750  1025.0325  50925.408    31.6681      0.848    7.22301     5.0556     5.0563    25.0285   12.93952 7.2570e+01      0.855 0.0000e+00
        221  38.543727    0.01528     0.9167     55.000  1025.0586  50973.721    31.7004      0.855    7.22217     5.0667     5.0522    25.0545   12.93771 7.2171e+01      0.863 0.0000e+00
        222  38.543730    0.01535     0.9208     55.250  1025.0704  50994.881    31.7157      0.873    7.22082     5.0811     5.0557    25.0663   12.93529 7.1740e+01      0.881 0.0000e+00
        223  38.543733    0.01542     0.9250     55.500  1025.0599  50974.262    31.7039      0.892    7.21948     5.0931     5.0668    25.0557   12.93322 7.2266e+01      0.901 0.0000e+00
        224  38.543736    0.01549     0.9292     55.750  1025.0306  50918.718    31.6688      0.906    7.21869     5.0979     5.0812    25.0264   12.93237 7.4105e+01      0.914 0.0000e+00
        225  38.543738    0.01556     0.9333     56.000  1024.9990  50859.422    31.6306      0.908    7.21847     5.0945     5.0931    24.9948   12.93250 7.6513e+01      0.916 0.0000e+00
        226  38.543741    0.01563     0.9375     56.250  1024.9829  50829.236    31.6109      0.898    7.21858     5.0874     5.0980    24.9787   12.93295 7.8211e+01      0.907 0.0000e+00
        227  38.543744    0.01569     0.9417     56.500  1024.9896  50842.142    31.6190      0.885    7.21878     5.0834     5.0946    24.9855   12.93317 7.8165e+01      0.894 0.0000e+00
        228  38.543747    0.01576     0.9458     56.750  1025.0125  50884.976    31.6470      0.877    7.21865     5.0858     5.0875    25.0084   12.93260 7.6403e+01      0.886 0.0000e+00
        229  38.543750    0.01583     0.9500     57.000  1025.0339  50924.766    31.6735      0.876    7.21806     5.0933     5.0835    25.0298   12.93127 7.4263e+01      0.885 0.0000e+00
        230  38.543753    0.01590     0.9542     57.250  1025.0404  50936.353    31.6819      0.879    7.21724     5.1029     5.0859    25.0363   12.92982 7.2576e+01      0.888 0.0000e+00
        231  38.543756    0.01597     0.9583     57.500  1025.0297  50915.905    31.6695      0.882    7.21655     5.1121     5.0933    25.0256   12.92884 7.1369e+01      0.891 0.0000e+00
        232  38.543759    0.01604     0.9625     57.750  1025.0090  50876.874    31.6447      0.882    7.21609     5.1193     5.1029    25.0049   12.92840 7.0924e+01      0.891 0.0000e+00
        233  38.543762    0.01611     0.9667     58.000  1024.9888  50838.751    31.6205      0.881    7.21568     5.1236     5.1121    24.9847   12.92802 7.1333e+01      0.889 0.0000e+00
        234  38.543764    0.01618     0.9708     58.250  1024.9751  50812.843    31.6042      0.880    7.21522     5.1250     5.1194    24.9710   12.92747 7.2226e+01      0.889 0.0000e+00
        235  38.543767    0.01625     0.9750     58.500  1024.9674  50798.280    31.5951      0.883    7.21491     5.1235     5.1237    24.9633   12.92709 7.3004e+01      0.892 0.0000e+00
        236  38.543770    0.01632     0.9792     58.750  1024.9618  50787.784    31.5881      0.886    7.21502     5.1193     5.1250    24.9577   12.92735 7.2928e+01      0.895 0.0000e+00
        237  38.543773    0.01639     0.9833     59.000  1024.9577  50780.302    31.5827      0.889    7.21554     5.1126     5.1235    24.9536   12.92828 7.1652e+01      0.897 0.0000e+00
        238  38.543776    0.01646     0.9875     59.250  1024.9594  50783.824    31.5842      0.889    7.21619     5.1047     5.1193    24.9552   12.92933 6.9874e+01      0.897 0.0000e+00
        239  38.543779    0.01653     0.9917     59.500  1024.9721  50807.954    31.5994      0.888    7.21661     5.0988     5.1127    24.9680   12.92983 6.8426e+01      0.896 0.0000e+00
        240  38.543782    0.01660     0.9958     59.750  1024.9995  50859.071    31.6329      0.891    7.21636     5.0996     5.1047    24.9953   12.92898 6.7271e+01      0.899 0.0000e+00
        241  38.543785    0.01667     1.0000     60.000  1025.0403  50934.597    31.6836      0.900    7.21493     5.1111     5.0989    25.0361   12.92597 6.6097e+01      0.909 0.0000e+00
        242  38.543788    0.01674     1.0042     60.250  1025.0901  51025.860    31.7465      0.915    7.21177     5.1341     5.0996    25.0858   12.91994 6.4747e+01      0.924 0.0000e+00
        243  38.543791    0.01681     1.0083     60.500  1025.1376  51111.606    31.8079      0.932    7.20683     5.1636     5.1111    25.1332   12.91100 6.3757e+01      0.941 0.0000e+00
        244  38.543793    0.01688     1.0125     60.750  1025.1656  51160.332    31.8464      0.944    7.20102     5.1922     5.1341    25.1611   12.90091 6.3717e+01      0.953 0.0000e+00
        245  38.543796    0.01694     1.0167     61.000  1025.1709  51166.791    31.8572      0.946    7.19542     5.2151     5.1637    25.1664   12.89153 6.3846e+01      0.954 0.0000e+00
        246  38.543799    0.01701     1.0208     61.250  1025.1655  51153.938    31.8544      0.934    7.19065     5.2317     5.1922    25.1611   12.88370 6.3543e+01      0.943 0.0000e+00
        247  38.543802    0.01708     1.0250     61.500  1025.1591  51140.008    31.8497      0.915    7.18694     5.2431     5.2152    25.1548   12.87764 6.3753e+01      0.924 0.0000e+00
        248  38.543805    0.01715     1.0292     61.750  1025.1542  51129.288    31.8459      0.897    7.18429     5.2507     5.2317    25.1500   12.87330 6.5218e+01      0.906 0.0000e+00
        249  38.543808    0.01722     1.0333     62.000  1025.1506  51121.559    31.8430      0.889    7.18248     5.2560     5.2431    25.1464   12.87035 6.7612e+01      0.897 0.0000e+00
        250  38.543811    0.01729     1.0375     62.250  1025.1481  51116.172    31.8409      0.892    7.18127     5.2595     5.2508    25.1439   12.86837 7.0477e+01      0.900 0.0000e+00
        251  38.543814    0.01736     1.0417     62.500  1025.1461  51111.850    31.8390      0.903    7.18046     5.2618     5.2560    25.1419   12.86707 7.3592e+01      0.911 0.0000e+00
        252  38.543817    0.01743     1.0458     62.750  1025.1442  51107.968    31.8371      0.916    7.17995     5.2632     5.2595    25.1400   12.86625 7.6675e+01      0.925 0.0000e+00
        253  38.543819    0.01750     1.0500     63.000  1025.1426  51104.753    31.8354      0.926    7.17964     5.2640     5.2618    25.1383   12.86576 7.9110e+01      0.935 0.0000e+00
        254  38.543822    0.01757     1.0542     63.250  1025.1417  51102.937    31.8344      0.931    7.17945     5.2644     5.2632    25.1374   12.86545 8.0713e+01      0.940 0.0000e+00
        255  38.543825    0.01764     1.0583     63.500  1025.1416  51102.572    31.8343      0.931    7.17932     5.2645     5.2640    25.1372   12.86524 8.1855e+01      0.940 0.0000e+00
