CTD-processing/allCTD/CNV--homogene/2017_08-24_t9_s09_cast020.cnv
* Sea-Bird SBE19plus Data File:
* FileName = C:\Users\Kim.Powell\Desktop\Not Processed\2017\2017_08\2017_08-24_TRANSECT_STATION_cast020.hex
* Software Version 1.59
* Temperature SN =  4141
* Conductivity SN =  4141
* System UpLoad Time = Sep 22 2017 08:42:53
** 2017_08-24
** Station: 9-09
** Start Time: 18:25
** Depth (m): 84
** Comment: Edgecumbe
** Comment:
# nquan = 17
# nvalues = 686                         
# units = specified
# name 0 = scan: Scan Count
# name 1 = timeJ: Julian Days
# name 2 = timeH: Time, Elapsed [hours]
# name 3 = timeM: Time, Elapsed [minutes]
# name 4 = timeS: Time, Elapsed [seconds]
# name 5 = density00: Density [density, kg/m^3]
# name 6 = specc: Specific Conductance [uS/cm]
# name 7 = sal00: Salinity, Practical [PSU]
# name 8 = depSM: Depth [salt water, m], lat = 59.00
# name 9 = oxsolML/L: Oxygen Saturation, Garcia & Gordon [ml/l]
# name 10 = potemp090C: Potential Temperature [ITS-90, deg C]
# name 11 = tv290C: Temperature [ITS-90, deg C]
# name 12 = sigma-é00: Density [sigma-theta, kg/m^3]
# name 13 = n2satML/L: Nitrogen Saturation [ml/l]
# name 14 = par: PAR/Irradiance, Biospherical/Licor
# name 15 = prdM: Pressure, Strain Gauge [db]
# name 16 = flag:  0.000e+00
# span 0 =          1,        686       
# span 1 = 236.767847, 236.769829       
# span 2 =    0.00000,    0.04757       
# span 3 =     0.0000,     2.8542       
# span 4 =      0.000,    171.250       
# span 5 =  1022.2048,  1024.6196       
# span 6 =  46031.058,  49540.287       
# span 7 =    29.2253,    31.4521       
# span 8 =      0.530,     82.911       
# span 9 =    6.34624,    6.51307       
# span 10 =     9.6195,    11.4763      
# span 11 =     9.6277,    11.4764      
# span 12 =    22.2012,    24.2443      
# span 13 =   11.51826,   11.76836      
# span 14 = 5.1252e-02, 1.8616e+02      
# span 15 =      0.535,     83.711      
# span 16 = 0.0000e+00, 0.0000e+00      
# interval = seconds: 0.25
# start_time = Aug 24 2017 18:25:42 [Instrument's time stamp, header]
# bad_flag = -9.990e-29
*END*
[from data line 256]
        257 236.768588    0.01778     1.0667     64.000  1022.4937  46520.498    29.5474      0.902    6.36337    11.2546    11.2556    22.4896   11.54287 1.6236e+02      0.911 0.0000e+00
        258 236.768591    0.01785     1.0708     64.250  1022.4944  46521.697    29.5482      0.906    6.36339    11.2541    11.2552    22.4903   11.54290 1.6248e+02      0.915 0.0000e+00
        259 236.768594    0.01792     1.0750     64.500  1022.4951  46522.923    29.5490      0.909    6.36342    11.2538    11.2547    22.4910   11.54295 1.6238e+02      0.918 0.0000e+00
        260 236.768597    0.01799     1.0792     64.750  1022.4956  46523.603    29.5495      0.907    6.36348    11.2539    11.2542    22.4914   11.54304 1.6166e+02      0.916 0.0000e+00
        261 236.768600    0.01806     1.0833     65.000  1022.4955  46523.421    29.5493      0.901    6.36353    11.2544    11.2539    22.4913   11.54312 1.6028e+02      0.909 0.0000e+00
        262 236.768602    0.01812     1.0875     65.250  1022.4949  46522.456    29.5487      0.892    6.36354    11.2550    11.2540    22.4908   11.54315 1.5835e+02      0.900 0.0000e+00
        263 236.768605    0.01819     1.0917     65.500  1022.4941  46521.147    29.5478      0.887    6.36351    11.2555    11.2545    22.4900   11.54312 1.5683e+02      0.895 0.0000e+00
        264 236.768608    0.01826     1.0958     65.750  1022.4936  46520.241    29.5472      0.891    6.36345    11.2554    11.2551    22.4895   11.54302 1.5632e+02      0.900 0.0000e+00
        265 236.768611    0.01833     1.1000     66.000  1022.4937  46520.405    29.5474      0.906    6.36338    11.2548    11.2556    22.4895   11.54290 1.5625e+02      0.915 0.0000e+00
        266 236.768614    0.01840     1.1042     66.250  1022.4945  46521.773    29.5483      0.927    6.36334    11.2539    11.2556    22.4902   11.54283 1.5655e+02      0.936 0.0000e+00
        267 236.768617    0.01847     1.1083     66.500  1022.4957  46523.736    29.5496      0.944    6.36337    11.2531    11.2550    22.4914   11.54286 1.5724e+02      0.953 0.0000e+00
        268 236.768620    0.01854     1.1125     66.750  1022.4966  46525.287    29.5506      0.950    6.36346    11.2528    11.2540    22.4923   11.54299 1.5783e+02      0.959 0.0000e+00
        269 236.768623    0.01861     1.1167     67.000  1022.4969  46525.635    29.5508      0.940    6.36356    11.2532    11.2532    22.4926   11.54317 1.5826e+02      0.949 0.0000e+00
        270 236.768626    0.01868     1.1208     67.250  1022.4962  46524.568    29.5500      0.920    6.36363    11.2541    11.2529    22.4920   11.54329 1.5805e+02      0.929 0.0000e+00
        271 236.768628    0.01875     1.1250     67.500  1022.4950  46522.586    29.5487      0.897    6.36363    11.2551    11.2533    22.4909   11.54331 1.5688e+02      0.905 0.0000e+00
        272 236.768631    0.01882     1.1292     67.750  1022.4938  46520.517    29.5473      0.881    6.36356    11.2558    11.2542    22.4897   11.54321 1.5627e+02      0.889 0.0000e+00
        273 236.768634    0.01889     1.1333     68.000  1022.4928  46518.994    29.5464      0.878    6.36346    11.2561    11.2552    22.4888   11.54306 1.5693e+02      0.886 0.0000e+00
        274 236.768637    0.01896     1.1375     68.250  1022.4925  46518.410    29.5460      0.888    6.36338    11.2559    11.2559    22.4884   11.54292 1.5767e+02      0.896 0.0000e+00
        275 236.768640    0.01903     1.1417     68.500  1022.4928  46518.967    29.5464      0.905    6.36332    11.2553    11.2562    22.4887   11.54282 1.5785e+02      0.914 0.0000e+00
        276 236.768643    0.01910     1.1458     68.750  1022.4937  46520.442    29.5474      0.922    6.36331    11.2546    11.2560    22.4895   11.54279 1.5792e+02      0.931 0.0000e+00
        277 236.768646    0.01917     1.1500     69.000  1022.4946  46521.976    29.5484      0.931    6.36335    11.2544    11.2554    22.4904   11.54284 1.5813e+02      0.940 0.0000e+00
        278 236.768649    0.01924     1.1542     69.250  1022.4950  46522.519    29.5488      0.929    6.36343    11.2548    11.2548    22.4908   11.54297 1.5717e+02      0.938 0.0000e+00
        279 236.768652    0.01931     1.1583     69.500  1022.4945  46521.617    29.5481      0.920    6.36349    11.2559    11.2545    22.4903   11.54308 1.5413e+02      0.929 0.0000e+00
        280 236.768655    0.01938     1.1625     69.750  1022.4932  46519.445    29.5466      0.907    6.36349    11.2574    11.2549    22.4890   11.54310 1.5063e+02      0.916 0.0000e+00
        281 236.768657    0.01944     1.1667     70.000  1022.4915  46516.499    29.5447      0.896    6.36342    11.2588    11.2560    22.4873   11.54301 1.4893e+02      0.905 0.0000e+00
        282 236.768660    0.01951     1.1708     70.250  1022.4897  46513.477    29.5427      0.892    6.36330    11.2600    11.2575    22.4856   11.54283 1.4965e+02      0.900 0.0000e+00
        283 236.768663    0.01958     1.1750     70.500  1022.4881  46510.890    29.5410      0.895    6.36317    11.2609    11.2589    22.4840   11.54263 1.5157e+02      0.904 0.0000e+00
        284 236.768666    0.01965     1.1792     70.750  1022.4870  46508.971    29.5398      0.905    6.36305    11.2615    11.2602    22.4828   11.54245 1.5315e+02      0.914 0.0000e+00
        285 236.768669    0.01972     1.1833     71.000  1022.4862  46507.577    29.5389      0.919    6.36296    11.2621    11.2611    22.4820   11.54231 1.5425e+02      0.928 0.0000e+00
        286 236.768672    0.01979     1.1875     71.250  1022.4855  46506.309    29.5381      0.931    6.36291    11.2626    11.2617    22.4812   11.54224 1.5521e+02      0.940 0.0000e+00
        287 236.768675    0.01986     1.1917     71.500  1022.4848  46505.123    29.5373      0.937    6.36287    11.2632    11.2622    22.4805   11.54218 1.5550e+02      0.946 0.0000e+00
        288 236.768678    0.01993     1.1958     71.750  1022.4841  46503.986    29.5365      0.934    6.36283    11.2640    11.2628    22.4799   11.54212 1.5415e+02      0.943 0.0000e+00
        289 236.768681    0.02000     1.2000     72.000  1022.4832  46502.464    29.5355      0.923    6.36279    11.2650    11.2633    22.4790   11.54206 1.5204e+02      0.932 0.0000e+00
        290 236.768683    0.02007     1.2042     72.250  1022.4820  46500.412    29.5341      0.908    6.36274    11.2659    11.2641    22.4778   11.54200 1.5120e+02      0.917 0.0000e+00
        291 236.768686    0.02014     1.2083     72.500  1022.4808  46498.486    29.5329      0.897    6.36266    11.2665    11.2651    22.4767   11.54187 1.5166e+02      0.906 0.0000e+00
        292 236.768689    0.02021     1.2125     72.750  1022.4800  46497.318    29.5322      0.894    6.36256    11.2668    11.2660    22.4760   11.54172 1.5232e+02      0.903 0.0000e+00
        293 236.768692    0.02028     1.2167     73.000  1022.4798  46496.919    29.5320      0.899    6.36248    11.2668    11.2666    22.4757   11.54160 1.5307e+02      0.907 0.0000e+00
        294 236.768695    0.02035     1.2208     73.250  1022.4799  46497.129    29.5321      0.907    6.36244    11.2666    11.2669    22.4758   11.54153 1.5397e+02      0.915 0.0000e+00
        295 236.768698    0.02042     1.2250     73.500  1022.4802  46497.624    29.5325      0.912    6.36243    11.2665    11.2669    22.4760   11.54150 1.5468e+02      0.921 0.0000e+00
        296 236.768701    0.02049     1.2292     73.750  1022.4803  46497.858    29.5326      0.913    6.36245    11.2669    11.2667    22.4762   11.54153 1.5496e+02      0.921 0.0000e+00
        297 236.768704    0.02056     1.2333     74.000  1022.4800  46497.217    29.5322      0.908    6.36247    11.2678    11.2666    22.4758   11.54158 1.5481e+02      0.916 0.0000e+00
        298 236.768707    0.02063     1.2375     74.250  1022.4790  46495.468    29.5310      0.901    6.36247    11.2690    11.2670    22.4748   11.54159 1.5432e+02      0.909 0.0000e+00
        299 236.768709    0.02069     1.2417     74.500  1022.4776  46493.172    29.5295      0.896    6.36241    11.2701    11.2679    22.4735   11.54150 1.5421e+02      0.904 0.0000e+00
        300 236.768712    0.02076     1.2458     74.750  1022.4763  46491.069    29.5281      0.896    6.36230    11.2709    11.2691    22.4722   11.54134 1.5493e+02      0.904 0.0000e+00
        301 236.768715    0.02083     1.2500     75.000  1022.4754  46489.637    29.5272      0.904    6.36219    11.2712    11.2702    22.4714   11.54116 1.5593e+02      0.912 0.0000e+00
        302 236.768718    0.02090     1.2542     75.250  1022.4752  46489.220    29.5270      0.916    6.36210    11.2714    11.2710    22.4711   11.54102 1.5652e+02      0.924 0.0000e+00
        303 236.768721    0.02097     1.2583     75.500  1022.4753  46489.259    29.5270      0.927    6.36205    11.2718    11.2713    22.4711   11.54093 1.5678e+02      0.936 0.0000e+00
        304 236.768724    0.02104     1.2625     75.750  1022.4749  46488.518    29.5265      0.933    6.36204    11.2725    11.2715    22.4706   11.54093 1.5724e+02      0.941 0.0000e+00
        305 236.768727    0.02111     1.2667     76.000  1022.4738  46486.704    29.5253      0.928    6.36204    11.2734    11.2719    22.4696   11.54094 1.5792e+02      0.936 0.0000e+00
        306 236.768730    0.02118     1.2708     76.250  1022.4724  46484.408    29.5238      0.914    6.36200    11.2742    11.2726    22.4683   11.54089 1.5826e+02      0.922 0.0000e+00
        307 236.768733    0.02125     1.2750     76.500  1022.4711  46482.404    29.5225      0.894    6.36193    11.2745    11.2735    22.4671   11.54079 1.5834e+02      0.902 0.0000e+00
        308 236.768736    0.02132     1.2792     76.750  1022.4703  46481.225    29.5217      0.870    6.36186    11.2744    11.2743    22.4664   11.54068 1.5941e+02      0.879 0.0000e+00
        309 236.768738    0.02139     1.2833     77.000  1022.4701  46480.940    29.5216      0.848    6.36182    11.2742    11.2746    22.4662   11.54062 1.6162e+02      0.856 0.0000e+00
        310 236.768741    0.02146     1.2875     77.250  1022.4702  46481.264    29.5218      0.833    6.36182    11.2741    11.2745    22.4664   11.54061 1.6295e+02      0.841 0.0000e+00
        311 236.768744    0.02153     1.2917     77.500  1022.4704  46481.594    29.5220      0.828    6.36184    11.2744    11.2743    22.4666   11.54064 1.6203e+02      0.836 0.0000e+00
        312 236.768747    0.02160     1.2958     77.750  1022.4703  46481.459    29.5219      0.832    6.36185    11.2749    11.2742    22.4665   11.54067 1.5985e+02      0.841 0.0000e+00
        313 236.768750    0.02167     1.3000     78.000  1022.4701  46481.064    29.5216      0.839    6.36182    11.2751    11.2745    22.4663   11.54063 1.5791e+02      0.848 0.0000e+00
        314 236.768753    0.02174     1.3042     78.250  1022.4700  46480.876    29.5215      0.844    6.36177    11.2750    11.2750    22.4661   11.54053 1.5603e+02      0.853 0.0000e+00
        315 236.768756    0.02181     1.3083     78.500  1022.4701  46480.989    29.5216      0.848    6.36173    11.2747    11.2752    22.4662   11.54048 1.5350e+02      0.856 0.0000e+00
        316 236.768759    0.02187     1.3125     78.750  1022.4703  46481.396    29.5219      0.853    6.36174    11.2743    11.2751    22.4664   11.54048 1.5104e+02      0.862 0.0000e+00
        317 236.768762    0.02194     1.3167     79.000  1022.4708  46482.145    29.5224      0.861    6.36176    11.2739    11.2748    22.4668   11.54051 1.4965e+02      0.870 0.0000e+00
        318 236.768764    0.02201     1.3208     79.250  1022.4713  46482.948    29.5229      0.870    6.36179    11.2738    11.2744    22.4673   11.54055 1.4961e+02      0.879 0.0000e+00
        319 236.768767    0.02208     1.3250     79.500  1022.4715  46483.261    29.5231      0.875    6.36182    11.2739    11.2740    22.4675   11.54061 1.5049e+02      0.883 0.0000e+00
        320 236.768770    0.02215     1.3292     79.750  1022.4714  46482.965    29.5229      0.875    6.36185    11.2741    11.2739    22.4674   11.54065 1.5197e+02      0.884 0.0000e+00
        321 236.768773    0.02222     1.3333     80.000  1022.4711  46482.434    29.5225      0.875    6.36185    11.2743    11.2740    22.4671   11.54066 1.5385e+02      0.883 0.0000e+00
        322 236.768776    0.02229     1.3375     80.250  1022.4708  46482.020    29.5223      0.875    6.36183    11.2743    11.2742    22.4668   11.54063 1.5552e+02      0.883 0.0000e+00
        323 236.768779    0.02236     1.3417     80.500  1022.4707  46481.853    29.5222      0.877    6.36182    11.2743    11.2744    22.4667   11.54060 1.5651e+02      0.886 0.0000e+00
        324 236.768782    0.02243     1.3458     80.750  1022.4708  46481.890    29.5222      0.883    6.36181    11.2741    11.2744    22.4667   11.54060 1.5632e+02      0.892 0.0000e+00
        325 236.768785    0.02250     1.3500     81.000  1022.4710  46482.238    29.5224      0.898    6.36182    11.2737    11.2744    22.4669   11.54060 1.5407e+02      0.906 0.0000e+00
        326 236.768788    0.02257     1.3542     81.250  1022.4717  46483.306    29.5231      0.928    6.36181    11.2728    11.2742    22.4675   11.54057 1.4965e+02      0.936 0.0000e+00
        327 236.768791    0.02264     1.3583     81.500  1022.4733  46485.655    29.5247      0.975    6.36179    11.2711    11.2739    22.4688   11.54053 1.4471e+02      0.984 0.0000e+00
        328 236.768793    0.02271     1.3625     81.750  1022.4758  46489.702    29.5274      1.039    6.36180    11.2684    11.2730    22.4711   11.54052 1.4066e+02      1.049 0.0000e+00
        329 236.768796    0.02278     1.3667     82.000  1022.4794  46495.449    29.5313      1.116    6.36189    11.2650    11.2712    22.4744   11.54062 1.3672e+02      1.126 0.0000e+00
        330 236.768799    0.02285     1.3708     82.250  1022.4842  46503.015    29.5363      1.206    6.36205    11.2606    11.2686    22.4788   11.54082 1.3102e+02      1.217 0.0000e+00
        331 236.768802    0.02292     1.3750     82.500  1022.4906  46513.216    29.5431      1.314    6.36223    11.2550    11.2652    22.4846   11.54105 1.2273e+02      1.326 0.0000e+00
        332 236.768805    0.02299     1.3792     82.750  1022.4988  46526.383    29.5519      1.448    6.36247    11.2485    11.2609    22.4922   11.54135 1.1261e+02      1.462 0.0000e+00
        333 236.768808    0.02306     1.3833     83.000  1022.5084  46541.716    29.5620      1.616    6.36283    11.2418    11.2553    22.5010   11.54181 1.0189e+02      1.631 0.0000e+00
        334 236.768811    0.02313     1.3875     83.250  1022.5190  46558.319    29.5730      1.825    6.36327    11.2351    11.2488    22.5106   11.54242 9.1539e+01      1.842 0.0000e+00
        335 236.768814    0.02319     1.3917     83.500  1022.5301  46575.613    29.5844      2.075    6.36373    11.2283    11.2420    22.5206   11.54305 8.2088e+01      2.094 0.0000e+00
        336 236.768817    0.02326     1.3958     83.750  1022.5419  46593.879    29.5964      2.363    6.36416    11.2210    11.2354    22.5312   11.54362 7.3626e+01      2.385 0.0000e+00
        337 236.768819    0.02333     1.4000     84.000  1022.5551  46614.315    29.6100      2.682    6.36454    11.2126    11.2286    22.5429   11.54407 6.6074e+01      2.707 0.0000e+00
        338 236.768822    0.02340     1.4042     84.250  1022.5703  46638.218    29.6259      3.025    6.36488    11.2024    11.2214    22.5565   11.54446 5.9274e+01      3.053 0.0000e+00
        339 236.768825    0.02347     1.4083     84.500  1022.5878  46665.930    29.6444      3.385    6.36529    11.1900    11.2130    22.5723   11.54491 5.3068e+01      3.416 0.0000e+00
        340 236.768828    0.02354     1.4125     84.750  1022.6071  46696.669    29.6648      3.758    6.36585    11.1754    11.2028    22.5900   11.54561 4.7410e+01      3.793 0.0000e+00
