CTD-processing/allCTD/CNV--homogene/2017_12-14_alongbay_skb10_cast134.cnv
* Sea-Bird SBE19plus Data File:
* FileName = C:\Users\Kim.Powell\Desktop\Not Processed\2017\2017_12-XX_4141\2017_12-14_TANSECT_STATION_cast134.hex
* Software Version 1.59
* Temperature SN =  4141
* Conductivity SN =  4141
* System UpLoad Time = Dec 18 2017 08:33:40
** 2017_12-14
** Station: KB10
** Start Time: 14:34
** Depth (m): 64.6
** Comment:**CTD recorded date as April 18
** Comment:
# nquan = 17
# nvalues = 537                         
# units = specified
# name 0 = scan: Scan Count
# name 1 = timeJ: Julian Days
# name 2 = timeH: Time, Elapsed [hours]
# name 3 = timeM: Time, Elapsed [minutes]
# name 4 = timeS: Time, Elapsed [seconds]
# name 5 = density00: Density [density, kg/m^3]
# name 6 = specc: Specific Conductance [uS/cm]
# name 7 = sal00: Salinity, Practical [PSU]
# name 8 = depSM: Depth [salt water, m], lat = 59.00
# name 9 = oxsolML/L: Oxygen Saturation, Garcia & Gordon [ml/l]
# name 10 = potemp090C: Potential Temperature [ITS-90, deg C]
# name 11 = tv290C: Temperature [ITS-90, deg C]
# name 12 = sigma-é00: Density [sigma-theta, kg/m^3]
# name 13 = n2satML/L: Nitrogen Saturation [ml/l]
# name 14 = par: PAR/Irradiance, Biospherical/Licor
# name 15 = prdM: Pressure, Strain Gauge [db]
# name 16 = flag:  0.000e+00
# span 0 =          1,        537       
# span 1 = 108.606898, 108.608449       
# span 2 =    0.00000,    0.03722       
# span 3 =     0.0000,     2.2333       
# span 4 =      0.000,    134.000       
# span 5 =  1022.2276,  1024.8165       
# span 6 =  45782.828,  49994.153       
# span 7 =    28.0679,    31.2783       
# span 8 =      0.530,     55.865       
# span 9 =    7.00680,    7.54381       
# span 10 =     4.3817,     6.4492      
# span 11 =     4.2111,     6.4537      
# span 12 =    22.2245,    24.5604      
# span 13 =   12.58732,   13.51454      
# span 14 = 3.6382e-02, 2.9228e+01      
# span 15 =      0.535,     56.400      
# span 16 = 0.0000e+00, 0.0000e+00      
# interval = seconds: 0.25
# start_time = Apr 18 2017 14:33:56 [Instrument's time stamp, header]
# bad_flag = -9.990e-29
*END*
          1 108.606898    0.00000     0.0000      0.000  1022.4011  46156.673    28.2450      0.532    7.54381     4.3817     4.2111    22.3985   13.51454 1.9885e+01      0.538 0.0000e+00
          2 108.606901    0.00007     0.0042      0.250  1022.3408  46032.513    28.1783      0.548    7.53184     4.4560     4.2944    22.3382   13.49564 2.0315e+01      0.554 0.0000e+00
          3 108.606904    0.00014     0.0083      0.500  1022.3088  45960.935    28.1478      0.564    7.51733     4.5139     4.3818    22.3061   13.47206 2.0613e+01      0.570 0.0000e+00
          4 108.606907    0.00021     0.0125      0.750  1022.3062  45946.422    28.1530      0.581    7.50342     4.5555     4.4561    22.3035   13.44900 2.0435e+01      0.587 0.0000e+00
          5 108.606910    0.00028     0.0167      1.000  1022.3004  45928.032    28.1523      0.604    7.49287     4.5812     4.5139    22.2976   13.43155 1.9810e+01      0.610 0.0000e+00
          6 108.606913    0.00035     0.0208      1.250  1022.2647  45855.738    28.1119      0.631    7.48730     4.5944     4.5555    22.2617   13.42289 1.9264e+01      0.638 0.0000e+00
          7 108.606916    0.00042     0.0250      1.500  1022.2276  45782.828    28.0679      0.656    7.48482     4.6054     4.5812    22.2245   13.41938 1.9065e+01      0.662 0.0000e+00
          8 108.606918    0.00049     0.0292      1.750  1022.2440  45811.501    28.0901      0.674    7.48133     4.6288     4.5944    22.2408   13.41332 1.9084e+01      0.680 0.0000e+00
          9 108.606921    0.00056     0.0333      2.000  1022.3233  45958.213    28.1915      0.687    7.47430     4.6742     4.6054    22.3201   13.40034 1.9227e+01      0.693 0.0000e+00
         10 108.606924    0.00063     0.0375      2.250  1022.4586  46208.073    28.3652      0.696    7.46142     4.7416     4.6288    22.4554   13.37674 1.9445e+01      0.703 0.0000e+00
         11 108.606927    0.00069     0.0417      2.500  1022.6433  46547.259    28.6037      0.702    7.44134     4.8240     4.6743    22.6400   13.34037 1.9737e+01      0.709 0.0000e+00
         12 108.606930    0.00076     0.0458      2.750  1022.8458  46917.247    28.8677      0.704    7.41610     4.9123     4.7417    22.8425   13.29514 2.0122e+01      0.711 0.0000e+00
         13 108.606933    0.00083     0.0500      3.000  1023.0302  47251.470    29.1107      0.704    7.38930     4.9983     4.8241    23.0268   13.24762 2.0551e+01      0.711 0.0000e+00
         14 108.606936    0.00090     0.0542      3.250  1023.1786  47518.190    29.3093      0.704    7.36373     5.0750     4.9124    23.1753   13.20272 2.0911e+01      0.711 0.0000e+00
         15 108.606939    0.00097     0.0583      3.500  1023.2840  47705.271    29.4534      0.704    7.34136     5.1385     4.9983    23.2807   13.16384 2.1085e+01      0.711 0.0000e+00
         16 108.606942    0.00104     0.0625      3.750  1023.3466  47813.662    29.5423      0.705    7.32340     5.1878     5.0751    23.3433   13.13298 2.1059e+01      0.712 0.0000e+00
         17 108.606944    0.00111     0.0667      4.000  1023.3760  47861.949    29.5876      0.707    7.30996     5.2242     5.1386    23.3726   13.11016 2.0909e+01      0.714 0.0000e+00
         18 108.606947    0.00118     0.0708      4.250  1023.3863  47876.334    29.6070      0.709    7.30032     5.2501     5.1879    23.3829   13.09396 2.0755e+01      0.716 0.0000e+00
         19 108.606950    0.00125     0.0750      4.500  1023.3921  47883.796    29.6192      0.710    7.29332     5.2681     5.2243    23.3888   13.08223 2.0689e+01      0.717 0.0000e+00
         20 108.606953    0.00132     0.0792      4.750  1023.4047  47904.696    29.6385      0.710    7.28781     5.2802     5.2502    23.4014   13.07288 2.0731e+01      0.717 0.0000e+00
         21 108.606956    0.00139     0.0833      5.000  1023.4252  47940.931    29.6668      0.708    7.28328     5.2884     5.2682    23.4218   13.06502 2.0844e+01      0.715 0.0000e+00
         22 108.606959    0.00146     0.0875      5.250  1023.4464  47979.111    29.6952      0.706    7.27978     5.2948     5.2803    23.4431   13.05887 2.0944e+01      0.713 0.0000e+00
         23 108.606962    0.00153     0.0917      5.500  1023.4659  48014.593    29.7210      0.706    7.27710     5.3007     5.2885    23.4626   13.05409 2.0947e+01      0.712 0.0000e+00
         24 108.606965    0.00160     0.0958      5.750  1023.4856  48050.416    29.7467      0.706    7.27473     5.3057     5.2949    23.4823   13.04984 2.0845e+01      0.713 0.0000e+00
         25 108.606968    0.00167     0.1000      6.000  1023.5027  48081.637    29.7692      0.707    7.27262     5.3091     5.3007    23.4994   13.04606 2.0710e+01      0.714 0.0000e+00
         26 108.606970    0.00174     0.1042      6.250  1023.5141  48102.108    29.7842      0.709    7.27101     5.3106     5.3058    23.5107   13.04321 2.0630e+01      0.715 0.0000e+00
         27 108.606973    0.00181     0.1083      6.500  1023.5201  48113.000    29.7923      0.709    7.27002     5.3106     5.3092    23.5168   13.04146 2.0657e+01      0.716 0.0000e+00
         28 108.606976    0.00187     0.1125      6.750  1023.5235  48119.050    29.7967      0.708    7.26954     5.3096     5.3107    23.5201   13.04061 2.0777e+01      0.715 0.0000e+00
         29 108.606979    0.00194     0.1167      7.000  1023.5261  48123.956    29.8000      0.707    7.26939     5.3082     5.3106    23.5228   13.04032 2.0928e+01      0.714 0.0000e+00
         30 108.606982    0.00201     0.1208      7.250  1023.5289  48129.316    29.8035      0.705    7.26939     5.3065     5.3096    23.5256   13.04027 2.1058e+01      0.712 0.0000e+00
         31 108.606985    0.00208     0.1250      7.500  1023.5315  48134.137    29.8065      0.703    7.26948     5.3041     5.3083    23.5282   13.04038 2.1143e+01      0.710 0.0000e+00
         32 108.606988    0.00215     0.1292      7.750  1023.5329  48136.850    29.8080      0.702    7.26972     5.3007     5.3065    23.5296   13.04075 2.1189e+01      0.709 0.0000e+00
         33 108.606991    0.00222     0.1333      8.000  1023.5327  48136.710    29.8075      0.700    7.27015     5.2951     5.3042    23.5294   13.04148 2.1214e+01      0.707 0.0000e+00
         34 108.606994    0.00229     0.1375      8.250  1023.5292  48130.602    29.8027      0.699    7.27098     5.2861     5.3008    23.5259   13.04291 2.1234e+01      0.706 0.0000e+00
         35 108.606997    0.00236     0.1417      8.500  1023.5187  48111.719    29.7887      0.700    7.27264     5.2731     5.2952    23.5154   13.04583 2.1261e+01      0.706 0.0000e+00
         36 108.606999    0.00243     0.1458      8.750  1023.4992  48076.470    29.7628      0.701    7.27546     5.2569     5.2861    23.4959   13.05084 2.1296e+01      0.707 0.0000e+00
         37 108.607002    0.00250     0.1500      9.000  1023.4730  48029.046    29.7279      0.702    7.27942     5.2390     5.2732    23.4697   13.05783 2.1339e+01      0.709 0.0000e+00
         38 108.607005    0.00257     0.1542      9.250  1023.4439  47976.566    29.6889      0.702    7.28415     5.2214     5.2570    23.4406   13.06616 2.1402e+01      0.709 0.0000e+00
         39 108.607008    0.00264     0.1583      9.500  1023.4156  47925.891    29.6508      0.700    7.28911     5.2049     5.2391    23.4124   13.07487 2.1487e+01      0.707 0.0000e+00
         40 108.607011    0.00271     0.1625      9.750  1023.3915  47882.875    29.6180      0.696    7.29379     5.1892     5.2215    23.3883   13.08302 2.1571e+01      0.703 0.0000e+00
         41 108.607014    0.00278     0.1667     10.000  1023.3719  47848.009    29.5910      0.693    7.29799     5.1735     5.2050    23.3686   13.09033 2.1637e+01      0.699 0.0000e+00
         42 108.607017    0.00285     0.1708     10.250  1023.3537  47815.751    29.5659      0.691    7.30197     5.1573     5.1892    23.3504   13.09723 2.1671e+01      0.698 0.0000e+00
         43 108.607020    0.00292     0.1750     10.500  1023.3338  47780.362    29.5387      0.692    7.30604     5.1404     5.1736    23.3306   13.10431 2.1658e+01      0.698 0.0000e+00
         44 108.607023    0.00299     0.1792     10.750  1023.3111  47739.930    29.5080      0.694    7.31039     5.1239     5.1573    23.3079   13.11190 2.1629e+01      0.700 0.0000e+00
         45 108.607025    0.00306     0.1833     11.000  1023.2871  47696.868    29.4753      0.696    7.31494     5.1093     5.1405    23.2838   13.11986 2.1627e+01      0.703 0.0000e+00
         46 108.607028    0.00313     0.1875     11.250  1023.2642  47656.077    29.4443      0.697    7.31936     5.0980     5.1239    23.2610   13.12758 2.1679e+01      0.704 0.0000e+00
         47 108.607031    0.00319     0.1917     11.500  1023.2453  47622.396    29.4185      0.696    7.32320     5.0908     5.1093    23.2421   13.13425 2.1797e+01      0.703 0.0000e+00
         48 108.607034    0.00326     0.1958     11.750  1023.2332  47600.957    29.4016      0.692    7.32600     5.0869     5.0981    23.2300   13.13910 2.1955e+01      0.699 0.0000e+00
         49 108.607037    0.00333     0.2000     12.000  1023.2300  47595.696    29.3966      0.687    7.32751     5.0844     5.0909    23.2268   13.14167 2.2084e+01      0.694 0.0000e+00
         50 108.607040    0.00340     0.2042     12.250  1023.2336  47602.836    29.4007      0.684    7.32799     5.0809     5.0870    23.2304   13.14241 2.2121e+01      0.691 0.0000e+00
         51 108.607043    0.00347     0.2083     12.500  1023.2379  47611.117    29.4059      0.684    7.32819     5.0754     5.0844    23.2347   13.14267 2.2066e+01      0.690 0.0000e+00
         52 108.607046    0.00354     0.2125     12.750  1023.2378  47611.111    29.4052      0.686    7.32883     5.0683     5.0810    23.2345   13.14373 2.1980e+01      0.692 0.0000e+00
         53 108.607049    0.00361     0.2167     13.000  1023.2314  47599.925    29.3965      0.689    7.33022     5.0609     5.0755    23.2282   13.14616 2.1929e+01      0.696 0.0000e+00
         54 108.607052    0.00368     0.2208     13.250  1023.2202  47579.716    29.3813      0.692    7.33223     5.0553     5.0683    23.2169   13.14968 2.1955e+01      0.698 0.0000e+00
         55 108.607054    0.00375     0.2250     13.500  1023.2069  47555.768    29.3636      0.693    7.33439     5.0529     5.0610    23.2036   13.15348 2.2043e+01      0.699 0.0000e+00
         56 108.607057    0.00382     0.2292     13.750  1023.1956  47535.299    29.3485      0.691    7.33613     5.0549     5.0553    23.1923   13.15656 2.2130e+01      0.698 0.0000e+00
         57 108.607060    0.00389     0.2333     14.000  1023.1909  47526.856    29.3423      0.689    7.33686     5.0615     5.0529    23.1876   13.15784 2.2158e+01      0.695 0.0000e+00
         58 108.607063    0.00396     0.2375     14.250  1023.1961  47536.451    29.3493      0.686    7.33616     5.0716     5.0549    23.1929   13.15659 2.2085e+01      0.693 0.0000e+00
         59 108.607066    0.00403     0.2417     14.500  1023.2096  47560.863    29.3672      0.686    7.33411     5.0830     5.0616    23.2064   13.15297 2.1933e+01      0.692 0.0000e+00
         60 108.607069    0.00410     0.2458     14.750  1023.2252  47588.767    29.3881      0.687    7.33131     5.0939     5.0716    23.2220   13.14806 2.1795e+01      0.694 0.0000e+00
         61 108.607072    0.00417     0.2500     15.000  1023.2374  47610.310    29.4050      0.689    7.32847     5.1030     5.0831    23.2342   13.14314 2.1748e+01      0.696 0.0000e+00
         62 108.607075    0.00424     0.2542     15.250  1023.2447  47622.731    29.4156      0.690    7.32604     5.1104     5.0939    23.2415   13.13898 2.1800e+01      0.697 0.0000e+00
         63 108.607078    0.00431     0.2583     15.500  1023.2483  47628.517    29.4214      0.690    7.32414     5.1162     5.1031    23.2451   13.13578 2.1890e+01      0.697 0.0000e+00
         64 108.607080    0.00438     0.2625     15.750  1023.2506  47632.035    29.4252      0.688    7.32267     5.1211     5.1104    23.2473   13.13328 2.1965e+01      0.695 0.0000e+00
         65 108.607083    0.00444     0.2667     16.000  1023.2538  47637.574    29.4301      0.686    7.32139     5.1250     5.1162    23.2506   13.13111 2.1992e+01      0.693 0.0000e+00
         66 108.607086    0.00451     0.2708     16.250  1023.2589  47646.484    29.4372      0.685    7.32020     5.1284     5.1211    23.2557   13.12905 2.1959e+01      0.691 0.0000e+00
         67 108.607089    0.00458     0.2750     16.500  1023.2642  47655.913    29.4444      0.684    7.31915     5.1316     5.1251    23.2610   13.12722 2.1903e+01      0.691 0.0000e+00
         68 108.607092    0.00465     0.2792     16.750  1023.2674  47661.463    29.4488      0.685    7.31835     5.1357     5.1284    23.2642   13.12583 2.1848e+01      0.692 0.0000e+00
         69 108.607095    0.00472     0.2833     17.000  1023.2668  47660.118    29.4485      0.687    7.31779     5.1409     5.1317    23.2636   13.12491 2.1809e+01      0.694 0.0000e+00
         70 108.607098    0.00479     0.2875     17.250  1023.2626  47651.923    29.4437      0.688    7.31731     5.1467     5.1357    23.2594   13.12418 2.1826e+01      0.695 0.0000e+00
         71 108.607101    0.00486     0.2917     17.500  1023.2562  47639.455    29.4363      0.689    7.31675     5.1521     5.1410    23.2529   13.12336 2.1918e+01      0.695 0.0000e+00
         72 108.607104    0.00493     0.2958     17.750  1023.2495  47626.631    29.4287      0.688    7.31611     5.1565     5.1468    23.2463   13.12239 2.2057e+01      0.694 0.0000e+00
         73 108.607106    0.00500     0.3000     18.000  1023.2448  47617.475    29.4235      0.685    7.31542     5.1602     5.1521    23.2416   13.12132 2.2172e+01      0.692 0.0000e+00
         74 108.607109    0.00507     0.3042     18.250  1023.2436  47614.699    29.4225      0.683    7.31468     5.1632     5.1566    23.2404   13.12012 2.2182e+01      0.689 0.0000e+00
         75 108.607112    0.00514     0.3083     18.500  1023.2454  47617.744    29.4253      0.683    7.31391     5.1654     5.1602    23.2422   13.11880 2.2052e+01      0.689 0.0000e+00
         76 108.607115    0.00521     0.3125     18.750  1023.2464  47619.298    29.4269      0.685    7.31331     5.1666     5.1632    23.2432   13.11778 2.1834e+01      0.692 0.0000e+00
         77 108.607118    0.00528     0.3167     19.000  1023.2403  47607.659    29.4194      0.689    7.31328     5.1669     5.1654    23.2370   13.11785 2.1630e+01      0.695 0.0000e+00
         78 108.607121    0.00535     0.3208     19.250  1023.2237  47576.860    29.3986      0.692    7.31407     5.1664     5.1667    23.2205   13.11943 2.1521e+01      0.698 0.0000e+00
         79 108.607124    0.00542     0.3250     19.500  1023.2006  47533.930    29.3694      0.692    7.31546     5.1658     5.1669    23.1974   13.12210 2.1536e+01      0.698 0.0000e+00
         80 108.607127    0.00549     0.3292     19.750  1023.1784  47492.868    29.3414      0.689    7.31692     5.1653     5.1664    23.1752   13.12488 2.1629e+01      0.695 0.0000e+00
         81 108.607130    0.00556     0.3333     20.000  1023.1616  47461.830    29.3201      0.685    7.31807     5.1646     5.1658    23.1585   13.12705 2.1725e+01      0.691 0.0000e+00
         82 108.607133    0.00562     0.3375     20.250  1023.1501  47440.547    29.3055      0.680    7.31887     5.1633     5.1653    23.1470   13.12857 2.1765e+01      0.686 0.0000e+00
         83 108.607135    0.00569     0.3417     20.500  1023.1421  47425.671    29.2952      0.678    7.31950     5.1615     5.1646    23.1389   13.12974 2.1716e+01      0.684 0.0000e+00
         84 108.607138    0.00576     0.3458     20.750  1023.1355  47413.584    29.2868      0.678    7.32013     5.1592     5.1634    23.1324   13.13089 2.1599e+01      0.684 0.0000e+00
         85 108.607141    0.00583     0.3500     21.000  1023.1287  47401.018    29.2779      0.680    7.32088     5.1563     5.1616    23.1255   13.13226 2.1487e+01      0.686 0.0000e+00
