CTD-processing/allCTD/CNV--homogene/2017_01-11_t9_s04_cast017.cnv
* Sea-Bird SBE19plus Data File:
* FileName = P:\My Documents\kasitsna\Research-KBL\Oceanography-AK\CTD-Data-ALL-to-2016-05\2017-CTD-KachemakBay-CookInlet\2017-01-11-CookInlet-Tran9-HomerSpit\2017-01-11-CookInlet-Tran9-cast017.hex
* Software Version 1.59
* Temperature SN =  4141
* Conductivity SN =  4141
* System UpLoad Time = Jan 17 2017 14:56:32
** Cook Inlet LTM Transect 9 Homer Spit
** Date: (YYYY-MM-DD): 2017-01-11
** Station: (eg. 9-01): 9-04
** Start time (AKST): 13:57
** Depth (m): 97.5
** Comment: R/V Edgecumbe.
** Comment:
# nquan = 17
# nvalues = 694                         
# units = specified
# name 0 = scan: Scan Count
# name 1 = timeJ: Julian Days
# name 2 = timeH: Time, Elapsed [hours]
# name 3 = timeM: Time, Elapsed [minutes]
# name 4 = timeS: Time, Elapsed [seconds]
# name 5 = density00: Density [density, kg/m^3]
# name 6 = specc: Specific Conductance [uS/cm]
# name 7 = sal00: Salinity, Practical [PSU]
# name 8 = depSM: Depth [salt water, m], lat = 59.00
# name 9 = oxsolML/L: Oxygen Saturation, Garcia & Gordon [ml/l]
# name 10 = potemp090C: Potential Temperature [ITS-90, deg C]
# name 11 = tv290C: Temperature [ITS-90, deg C]
# name 12 = sigma-é00: Density [sigma-theta, kg/m^3]
# name 13 = n2satML/L: Nitrogen Saturation [ml/l]
# name 14 = par: PAR/Irradiance, Biospherical/Licor
# name 15 = prdM: Pressure, Strain Gauge [db]
# name 16 = flag:  0.000e+00
# span 0 =          1,        694       
# span 1 =  11.581065,  11.583070       
# span 2 =    0.00000,    0.04813       
# span 3 =     0.0000,     2.8875       
# span 4 =      0.000,    173.250       
# span 5 =  1000.8789,  1025.1363       
# span 6 =   2264.033,  50534.942       
# span 7 =     1.1252,    31.3120       
# span 8 =      0.000,     78.755       
# span 9 =    7.28461,    9.24252       
# span 10 =     3.4235,     4.8036      
# span 11 =     3.4235,     4.8058      
# span 12 =     0.8789,    24.7806      
# span 13 =   13.04602,   16.75069      
# span 14 = 3.6382e-02, 8.2903e+01      
# span 15 =      0.000,     79.514      
# span 16 = 0.0000e+00, 0.0000e+00      
# interval = seconds: 0.25
# start_time = Jan 11 2017 13:56:44 [Instrument's time stamp, header]
# bad_flag = -9.990e-29
*END*
[from data line 341]
        342  11.582052    0.02368     1.4208     85.250  1024.8094  50482.748    31.2860     10.107    7.30081     4.7147     4.7166    24.7618   13.07293 5.2645e+00     10.202 0.0000e+00
        343  11.582054    0.02375     1.4250     85.500  1024.8094  50481.112    31.2847     10.323    7.30093     4.7135     4.7162    24.7609   13.07314 5.0581e+00     10.420 0.0000e+00
        344  11.582057    0.02382     1.4292     85.750  1024.8100  50480.579    31.2840     10.549    7.30111     4.7124     4.7154    24.7604   13.07345 4.8534e+00     10.649 0.0000e+00
        345  11.582060    0.02389     1.4333     86.000  1024.8115  50481.553    31.2843     10.779    7.30130     4.7115     4.7142    24.7608   13.07376 4.6563e+00     10.881 0.0000e+00
        346  11.582063    0.02396     1.4375     86.250  1024.8133  50483.212    31.2851     11.009    7.30146     4.7110     4.7131    24.7615   13.07401 4.4684e+00     11.113 0.0000e+00
        347  11.582066    0.02403     1.4417     86.500  1024.8150  50484.696    31.2858     11.238    7.30157     4.7107     4.7123    24.7622   13.07419 4.2886e+00     11.344 0.0000e+00
        348  11.582069    0.02410     1.4458     86.750  1024.8165  50485.727    31.2863     11.467    7.30164     4.7106     4.7118    24.7626   13.07430 4.1151e+00     11.576 0.0000e+00
        349  11.582072    0.02417     1.4500     87.000  1024.8179  50486.526    31.2867     11.698    7.30167     4.7108     4.7115    24.7629   13.07434 3.9479e+00     11.809 0.0000e+00
        350  11.582075    0.02424     1.4542     87.250  1024.8195  50487.600    31.2873     11.928    7.30165     4.7115     4.7114    24.7634   13.07430 3.7896e+00     12.041 0.0000e+00
        351  11.582078    0.02431     1.4583     87.500  1024.8215  50489.563    31.2885     12.151    7.30155     4.7130     4.7116    24.7644   13.07413 3.6429e+00     12.266 0.0000e+00
        352  11.582080    0.02438     1.4625     87.750  1024.8243  50492.939    31.2909     12.363    7.30132     4.7158     4.7123    24.7662   13.07371 3.5084e+00     12.480 0.0000e+00
        353  11.582083    0.02444     1.4667     88.000  1024.8281  50498.081    31.2946     12.563    7.30087     4.7206     4.7138    24.7690   13.07292 3.3846e+00     12.682 0.0000e+00
        354  11.582086    0.02451     1.4708     88.250  1024.8330  50505.269    31.3001     12.754    7.30009     4.7278     4.7167    24.7730   13.07157 3.2682e+00     12.875 0.0000e+00
        355  11.582089    0.02458     1.4750     88.500  1024.8385  50513.278    31.3066     12.940    7.29893     4.7368     4.7216    24.7776   13.06956 3.1553e+00     13.063 0.0000e+00
        356  11.582092    0.02465     1.4792     88.750  1024.8424  50518.026    31.3113     13.126    7.29744     4.7461     4.7287    24.7806   13.06704 3.0444e+00     13.251 0.0000e+00
        357  11.582095    0.02472     1.4833     89.000  1024.8430  50516.386    31.3120     13.313    7.29582     4.7544     4.7377    24.7803   13.06436 2.9361e+00     13.440 0.0000e+00
        358  11.582098    0.02479     1.4875     89.250  1024.8411  50510.293    31.3098     13.500    7.29429     4.7612     4.7471    24.7776   13.06185 2.8315e+00     13.628 0.0000e+00
        359  11.582101    0.02486     1.4917     89.500  1024.8389  50503.660    31.3070     13.688    7.29296     4.7664     4.7554    24.7745   13.05970 2.7299e+00     13.818 0.0000e+00
        360  11.582104    0.02493     1.4958     89.750  1024.8367  50497.246    31.3040     13.879    7.29192     4.7695     4.7622    24.7714   13.05801 2.6295e+00     14.010 0.0000e+00
        361  11.582106    0.02500     1.5000     90.000  1024.8335  50489.134    31.2995     14.077    7.29123     4.7702     4.7673    24.7673   13.05694 2.5286e+00     14.210 0.0000e+00
        362  11.582109    0.02507     1.5042     90.250  1024.8298  50480.271    31.2940     14.285    7.29095     4.7690     4.7705    24.7626   13.05655 2.4275e+00     14.421 0.0000e+00
        363  11.582112    0.02514     1.5083     90.500  1024.8272  50473.758    31.2896     14.503    7.29104     4.7665     4.7712    24.7591   13.05675 2.3275e+00     14.640 0.0000e+00
        364  11.582115    0.02521     1.5125     90.750  1024.8262  50470.144    31.2867     14.726    7.29139     4.7634     4.7700    24.7569   13.05737 2.2311e+00     14.865 0.0000e+00
        365  11.582118    0.02528     1.5167     91.000  1024.8262  50468.678    31.2851     14.948    7.29190     4.7598     4.7676    24.7559   13.05822 2.1409e+00     15.090 0.0000e+00
        366  11.582121    0.02535     1.5208     91.250  1024.8266  50468.052    31.2839     15.168    7.29251     4.7560     4.7644    24.7553   13.05925 2.0568e+00     15.312 0.0000e+00
        367  11.582124    0.02542     1.5250     91.500  1024.8273  50468.133    31.2831     15.386    7.29318     4.7525     4.7608    24.7550   13.06036 1.9764e+00     15.532 0.0000e+00
        368  11.582127    0.02549     1.5292     91.750  1024.8292  50470.415    31.2837     15.607    7.29381     4.7500     4.7571    24.7558   13.06140 1.8979e+00     15.755 0.0000e+00
        369  11.582130    0.02556     1.5333     92.000  1024.8323  50474.761    31.2858     15.834    7.29430     4.7487     4.7536    24.7579   13.06219 1.8206e+00     15.984 0.0000e+00
        370  11.582133    0.02562     1.5375     92.250  1024.8359  50479.778    31.2886     16.065    7.29461     4.7486     4.7511    24.7603   13.06266 1.7452e+00     16.217 0.0000e+00
        371  11.582135    0.02569     1.5417     92.500  1024.8391  50483.931    31.2910     16.295    7.29471     4.7492     4.7499    24.7624   13.06280 1.6738e+00     16.450 0.0000e+00
        372  11.582138    0.02576     1.5458     92.750  1024.8411  50486.007    31.2923     16.516    7.29466     4.7499     4.7498    24.7635   13.06270 1.6089e+00     16.673 0.0000e+00
        373  11.582141    0.02583     1.5500     93.000  1024.8420  50485.835    31.2923     16.721    7.29456     4.7502     4.7504    24.7634   13.06253 1.5511e+00     16.879 0.0000e+00
        374  11.582144    0.02590     1.5542     93.250  1024.8421  50484.442    31.2914     16.910    7.29448     4.7502     4.7511    24.7626   13.06241 1.4987e+00     17.070 0.0000e+00
        375  11.582147    0.02597     1.5583     93.500  1024.8421  50483.002    31.2903     17.090    7.29447     4.7497     4.7514    24.7617   13.06241 1.4488e+00     17.252 0.0000e+00
        376  11.582150    0.02604     1.5625     93.750  1024.8421  50481.664    31.2893     17.270    7.29454     4.7487     4.7514    24.7609   13.06252 1.3989e+00     17.434 0.0000e+00
        377  11.582153    0.02611     1.5667     94.000  1024.8423  50480.496    31.2883     17.455    7.29467     4.7475     4.7509    24.7602   13.06276 1.3481e+00     17.621 0.0000e+00
        378  11.582156    0.02618     1.5708     94.250  1024.8428  50480.154    31.2878     17.650    7.29486     4.7465     4.7499    24.7599   13.06308 1.2965e+00     17.817 0.0000e+00
        379  11.582159    0.02625     1.5750     94.500  1024.8442  50481.216    31.2881     17.852    7.29505     4.7458     4.7488    24.7603   13.06339 1.2450e+00     18.021 0.0000e+00
        380  11.582161    0.02632     1.5792     94.750  1024.8462  50483.375    31.2893     18.057    7.29518     4.7459     4.7477    24.7613   13.06359 1.1952e+00     18.228 0.0000e+00
        381  11.582164    0.02639     1.5833     95.000  1024.8484  50485.879    31.2908     18.261    7.29521     4.7466     4.7471    24.7626   13.06362 1.1486e+00     18.434 0.0000e+00
        382  11.582167    0.02646     1.5875     95.250  1024.8506  50488.340    31.2924     18.456    7.29513     4.7478     4.7472    24.7638   13.06346 1.1060e+00     18.631 0.0000e+00
        383  11.582170    0.02653     1.5917     95.500  1024.8523  50489.996    31.2936     18.642    7.29494     4.7493     4.7479    24.7647   13.06314 1.0670e+00     18.818 0.0000e+00
        384  11.582173    0.02660     1.5958     95.750  1024.8535  50490.530    31.2941     18.821    7.29470     4.7508     4.7491    24.7650   13.06273 1.0302e+00     18.999 0.0000e+00
        385  11.582176    0.02667     1.6000     96.000  1024.8546  50490.982    31.2947     19.002    7.29441     4.7526     4.7506    24.7653   13.06226 9.9364e-01     19.182 0.0000e+00
        386  11.582179    0.02674     1.6042     96.250  1024.8558  50491.435    31.2952     19.193    7.29410     4.7543     4.7522    24.7656   13.06174 9.5607e-01     19.375 0.0000e+00
        387  11.582182    0.02681     1.6083     96.500  1024.8565  50490.904    31.2952     19.399    7.29380     4.7557     4.7539    24.7653   13.06124 9.1755e-01     19.583 0.0000e+00
        388  11.582185    0.02688     1.6125     96.750  1024.8569  50489.701    31.2946     19.618    7.29353     4.7569     4.7556    24.7647   13.06080 8.7913e-01     19.804 0.0000e+00
        389  11.582188    0.02694     1.6167     97.000  1024.8576  50489.020    31.2943     19.844    7.29329     4.7580     4.7570    24.7643   13.06041 8.4205e-01     20.032 0.0000e+00
        390  11.582190    0.02701     1.6208     97.250  1024.8588  50489.185    31.2946     20.067    7.29307     4.7594     4.7582    24.7644   13.06004 8.0763e-01     20.257 0.0000e+00
        391  11.582193    0.02708     1.6250     97.500  1024.8602  50490.005    31.2953     20.280    7.29283     4.7611     4.7594    24.7649   13.05963 7.7670e-01     20.473 0.0000e+00
        392  11.582196    0.02715     1.6292     97.750  1024.8618  50491.144    31.2963     20.483    7.29254     4.7628     4.7608    24.7655   13.05914 7.4883e-01     20.677 0.0000e+00
        393  11.582199    0.02722     1.6333     98.000  1024.8628  50491.245    31.2966     20.679    7.29222     4.7643     4.7625    24.7656   13.05862 7.2261e-01     20.874 0.0000e+00
        394  11.582202    0.02729     1.6375     98.250  1024.8631  50489.840    31.2960     20.877    7.29194     4.7655     4.7643    24.7649   13.05816 6.9649e-01     21.074 0.0000e+00
        395  11.582205    0.02736     1.6417     98.500  1024.8633  50488.497    31.2953     21.086    7.29171     4.7663     4.7658    24.7642   13.05779 6.6953e-01     21.286 0.0000e+00
        396  11.582208    0.02743     1.6458     98.750  1024.8639  50487.722    31.2949     21.311    7.29153     4.7670     4.7669    24.7637   13.05749 6.4158e-01     21.513 0.0000e+00
        397  11.582211    0.02750     1.6500     99.000  1024.8645  50486.707    31.2942     21.550    7.29140     4.7673     4.7678    24.7632   13.05729 6.1360e-01     21.755 0.0000e+00
        398  11.582214    0.02757     1.6542     99.250  1024.8650  50485.589    31.2935     21.793    7.29133     4.7673     4.7685    24.7625   13.05717 5.8694e-01     22.000 0.0000e+00
        399  11.582216    0.02764     1.6583     99.500  1024.8655  50484.679    31.2928     22.027    7.29131     4.7669     4.7688    24.7619   13.05714 5.6240e-01     22.237 0.0000e+00
        400  11.582219    0.02771     1.6625     99.750  1024.8659  50483.646    31.2920     22.242    7.29135     4.7662     4.7688    24.7613   13.05722 5.4069e-01     22.454 0.0000e+00
        401  11.582222    0.02778     1.6667    100.000  1024.8662  50482.783    31.2912     22.437    7.29144     4.7654     4.7684    24.7607   13.05739 5.2172e-01     22.651 0.0000e+00
        402  11.582225    0.02785     1.6708    100.250  1024.8670  50482.856    31.2911     22.620    7.29157     4.7648     4.7678    24.7607   13.05760 5.0418e-01     22.836 0.0000e+00
        403  11.582228    0.02792     1.6750    100.500  1024.8682  50483.797    31.2915     22.804    7.29168     4.7645     4.7670    24.7611   13.05779 4.8656e-01     23.021 0.0000e+00
        404  11.582231    0.02799     1.6792    100.750  1024.8697  50485.019    31.2921     23.000    7.29176     4.7645     4.7664    24.7616   13.05791 4.6807e-01     23.219 0.0000e+00
        405  11.582234    0.02806     1.6833    101.000  1024.8713  50486.391    31.2928     23.212    7.29178     4.7648     4.7661    24.7622   13.05793 4.4876e-01     23.433 0.0000e+00
        406  11.582237    0.02813     1.6875    101.250  1024.8731  50487.778    31.2937     23.435    7.29174     4.7653     4.7661    24.7629   13.05784 4.2948e-01     23.657 0.0000e+00
        407  11.582240    0.02819     1.6917    101.500  1024.8744  50488.438    31.2941     23.654    7.29165     4.7658     4.7665    24.7632   13.05770 4.1161e-01     23.879 0.0000e+00
        408  11.582242    0.02826     1.6958    101.750  1024.8752  50488.259    31.2940     23.857    7.29156     4.7662     4.7670    24.7631   13.05755 3.9604e-01     24.084 0.0000e+00
        409  11.582245    0.02833     1.7000    102.000  1024.8759  50487.885    31.2938     24.040    7.29148     4.7665     4.7675    24.7628   13.05742 3.8264e-01     24.268 0.0000e+00
        410  11.582248    0.02840     1.7042    102.250  1024.8764  50487.575    31.2935     24.208    7.29142     4.7667     4.7679    24.7626   13.05732 3.7051e-01     24.437 0.0000e+00
        411  11.582251    0.02847     1.7083    102.500  1024.8770  50487.363    31.2934     24.372    7.29137     4.7668     4.7682    24.7625   13.05725 3.5853e-01     24.604 0.0000e+00
        412  11.582254    0.02854     1.7125    102.750  1024.8777  50487.229    31.2932     24.546    7.29135     4.7668     4.7684    24.7624   13.05721 3.4592e-01     24.780 0.0000e+00
        413  11.582257    0.02861     1.7167    103.000  1024.8785  50487.115    31.2931     24.738    7.29134     4.7668     4.7685    24.7622   13.05720 3.3243e-01     24.973 0.0000e+00
        414  11.582260    0.02868     1.7208    103.250  1024.8792  50486.750    31.2927     24.946    7.29134     4.7664     4.7686    24.7619   13.05721 3.1873e-01     25.183 0.0000e+00
        415  11.582263    0.02875     1.7250    103.500  1024.8797  50485.933    31.2921     25.161    7.29139     4.7657     4.7685    24.7614   13.05730 3.0592e-01     25.401 0.0000e+00
        416  11.582266    0.02882     1.7292    103.750  1024.8800  50484.845    31.2912     25.373    7.29149     4.7645     4.7682    24.7607   13.05748 2.9438e-01     25.615 0.0000e+00
        417  11.582269    0.02889     1.7333    104.000  1024.8801  50483.373    31.2899     25.575    7.29168     4.7630     4.7675    24.7598   13.05780 2.8386e-01     25.819 0.0000e+00
        418  11.582271    0.02896     1.7375    104.250  1024.8803  50482.471    31.2889     25.770    7.29193     4.7616     4.7663    24.7591   13.05823 2.7406e-01     26.015 0.0000e+00
        419  11.582274    0.02903     1.7417    104.500  1024.8819  50483.943    31.2895     25.963    7.29217     4.7612     4.7648    24.7598   13.05862 2.6454e-01     26.210 0.0000e+00
        420  11.582277    0.02910     1.7458    104.750  1024.8846  50487.654    31.2917     26.165    7.29230     4.7619     4.7635    24.7616   13.05880 2.5491e-01     26.413 0.0000e+00
        421  11.582280    0.02917     1.7500    105.000  1024.8881  50492.408    31.2947     26.378    7.29223     4.7640     4.7630    24.7641   13.05864 2.4516e-01     26.629 0.0000e+00
        422  11.582283    0.02924     1.7542    105.250  1024.8917  50497.261    31.2981     26.602    7.29192     4.7672     4.7638    24.7667   13.05810 2.3566e-01     26.855 0.0000e+00
        423  11.582286    0.02931     1.7583    105.500  1024.8949  50500.970    31.3010     26.828    7.29141     4.7710     4.7659    24.7687   13.05722 2.2675e-01     27.083 0.0000e+00
        424  11.582289    0.02937     1.7625    105.750  1024.8968  50502.352    31.3025     27.048    7.29077     4.7747     4.7691    24.7696   13.05614 2.1844e-01     27.305 0.0000e+00
        425  11.582292    0.02944     1.7667    106.000  1024.8975  50501.459    31.3026     27.257    7.29010     4.7781     4.7729    24.7693   13.05503 2.1064e-01     27.516 0.0000e+00
