CTD-processing/allCTD/CNV--homogene/2017_09-22_alongbay_skb08_cast027.cnv
* Sea-Bird SBE19plus Data File:
* FileName = C:\Users\Kim.Powell\Desktop\Not Processed\2017\2017_09-22\2017_09-22_TRANSECT_STATION_cast027.hex
* Software Version 1.59
* Temperature SN =  4141
* Conductivity SN =  4141
* System UpLoad Time = Oct 11 2017 10:35:37
** 2017_09-22
** Station: KB08
** Start Time: 11:40
** Depth (m): 77.1
** Comment:
** Comment:
# nquan = 17
# nvalues = 638                         
# units = specified
# name 0 = scan: Scan Count
# name 1 = timeJ: Julian Days
# name 2 = timeH: Time, Elapsed [hours]
# name 3 = timeM: Time, Elapsed [minutes]
# name 4 = timeS: Time, Elapsed [seconds]
# name 5 = density00: Density [density, kg/m^3]
# name 6 = specc: Specific Conductance [uS/cm]
# name 7 = sal00: Salinity, Practical [PSU]
# name 8 = depSM: Depth [salt water, m], lat = 59.00
# name 9 = oxsolML/L: Oxygen Saturation, Garcia & Gordon [ml/l]
# name 10 = potemp090C: Potential Temperature [ITS-90, deg C]
# name 11 = tv290C: Temperature [ITS-90, deg C]
# name 12 = sigma-é00: Density [sigma-theta, kg/m^3]
# name 13 = n2satML/L: Nitrogen Saturation [ml/l]
# name 14 = par: PAR/Irradiance, Biospherical/Licor
# name 15 = prdM: Pressure, Strain Gauge [db]
# name 16 = flag:  0.000e+00
# span 0 =          1,        638       
# span 1 = 265.486319, 265.488163       
# span 2 =    0.00000,    0.04424       
# span 3 =     0.0000,     2.6542       
# span 4 =      0.000,    159.250       
# span 5 =  1019.8911,  1023.6085       
# span 6 =  41655.359,  47991.578       
# span 7 =    26.1157,    30.5170       
# span 8 =      0.570,     65.360       
# span 9 =    6.36033,    6.55750       
# span 10 =    10.8628,    11.2577      
# span 11 =    10.8704,    11.2583      
# span 12 =    19.8885,    23.3105      
# span 13 =   11.52907,   11.90666      
# span 14 = 4.8201e-02, 3.7655e+01      
# span 15 =      0.575,     65.988      
# span 16 = 0.0000e+00, 0.0000e+00      
# interval = seconds: 0.25
# start_time = Sep 22 2017 11:40:18 [Instrument's time stamp, header]
# bad_flag = -9.990e-29
*END*
[from data line 171]
        172 265.486814    0.01188     0.7125     42.750  1020.0418  41977.482    26.3617      0.735    6.51139    11.1260    11.1262    20.0384   11.82697 3.5718e+01      0.742 0.0000e+00
        173 265.486817    0.01194     0.7167     43.000  1020.0412  41976.439    26.3610      0.733    6.51142    11.1259    11.1262    20.0378   11.82703 3.5714e+01      0.740 0.0000e+00
        174 265.486820    0.01201     0.7208     43.250  1020.0413  41976.600    26.3611      0.732    6.51143    11.1260    11.1261    20.0379   11.82705 3.5880e+01      0.739 0.0000e+00
        175 265.486823    0.01208     0.7250     43.500  1020.0421  41978.059    26.3621      0.732    6.51140    11.1263    11.1260    20.0387   11.82698 3.6018e+01      0.739 0.0000e+00
        176 265.486826    0.01215     0.7292     43.750  1020.0431  41979.865    26.3634      0.734    6.51133    11.1267    11.1261    20.0397   11.82686 3.6152e+01      0.741 0.0000e+00
        177 265.486829    0.01222     0.7333     44.000  1020.0435  41980.781    26.3640      0.737    6.51126    11.1271    11.1264    20.0401   11.82674 3.6231e+01      0.744 0.0000e+00
        178 265.486832    0.01229     0.7375     44.250  1020.0432  41980.144    26.3636      0.739    6.51122    11.1272    11.1268    20.0398   11.82668 3.6174e+01      0.746 0.0000e+00
        179 265.486834    0.01236     0.7417     44.500  1020.0421  41978.155    26.3623      0.740    6.51122    11.1271    11.1272    20.0387   11.82670 3.6097e+01      0.747 0.0000e+00
        180 265.486837    0.01243     0.7458     44.750  1020.0408  41975.819    26.3607      0.739    6.51127    11.1269    11.1273    20.0374   11.82679 3.5925e+01      0.746 0.0000e+00
        181 265.486840    0.01250     0.7500     45.000  1020.0400  41974.311    26.3596      0.738    6.51133    11.1266    11.1272    20.0366   11.82690 3.5780e+01      0.745 0.0000e+00
        182 265.486843    0.01257     0.7542     45.250  1020.0399  41974.203    26.3595      0.736    6.51137    11.1264    11.1270    20.0366   11.82698 3.5816e+01      0.743 0.0000e+00
        183 265.486846    0.01264     0.7583     45.500  1020.0406  41975.432    26.3603      0.735    6.51138    11.1264    11.1267    20.0373   11.82698 3.5829e+01      0.742 0.0000e+00
        184 265.486849    0.01271     0.7625     45.750  1020.0417  41977.514    26.3617      0.735    6.51135    11.1267    11.1265    20.0384   11.82691 3.5870e+01      0.742 0.0000e+00
        185 265.486852    0.01278     0.7667     46.000  1020.0429  41979.590    26.3632      0.737    6.51129    11.1271    11.1265    20.0395   11.82679 3.6012e+01      0.744 0.0000e+00
        186 265.486855    0.01285     0.7708     46.250  1020.0435  41980.758    26.3640      0.740    6.51121    11.1275    11.1267    20.0401   11.82666 3.6163e+01      0.747 0.0000e+00
        187 265.486858    0.01292     0.7750     46.500  1020.0434  41980.539    26.3639      0.742    6.51115    11.1278    11.1272    20.0400   11.82656 3.6300e+01      0.749 0.0000e+00
        188 265.486861    0.01299     0.7792     46.750  1020.0426  41979.103    26.3629      0.744    6.51113    11.1279    11.1276    20.0392   11.82653 3.6337e+01      0.751 0.0000e+00
        189 265.486863    0.01306     0.7833     47.000  1020.0415  41977.121    26.3616      0.745    6.51114    11.1277    11.1279    20.0381   11.82657 3.6366e+01      0.752 0.0000e+00
        190 265.486866    0.01313     0.7875     47.250  1020.0405  41975.289    26.3603      0.745    6.51119    11.1273    11.1279    20.0371   11.82667 3.6463e+01      0.752 0.0000e+00
        191 265.486869    0.01319     0.7917     47.500  1020.0398  41973.953    26.3594      0.745    6.51127    11.1268    11.1277    20.0364   11.82681 3.6495e+01      0.752 0.0000e+00
        192 265.486872    0.01326     0.7958     47.750  1020.0394  41973.148    26.3588      0.744    6.51135    11.1263    11.1273    20.0360   11.82695 3.6538e+01      0.751 0.0000e+00
        193 265.486875    0.01333     0.8000     48.000  1020.0392  41972.731    26.3585      0.744    6.51143    11.1258    11.1268    20.0358   11.82709 3.6658e+01      0.751 0.0000e+00
        194 265.486878    0.01340     0.8042     48.250  1020.0391  41972.532    26.3583      0.744    6.51151    11.1254    11.1264    20.0357   11.82722 3.6752e+01      0.751 0.0000e+00
        195 265.486881    0.01347     0.8083     48.500  1020.0392  41972.566    26.3583      0.744    6.51158    11.1250    11.1259    20.0358   11.82733 3.6875e+01      0.751 0.0000e+00
        196 265.486884    0.01354     0.8125     48.750  1020.0394  41972.987    26.3585      0.745    6.51163    11.1247    11.1255    20.0360   11.82741 3.7008e+01      0.752 0.0000e+00
        197 265.486887    0.01361     0.8167     49.000  1020.0399  41973.788    26.3590      0.745    6.51166    11.1245    11.1251    20.0365   11.82746 3.6995e+01      0.752 0.0000e+00
        198 265.486889    0.01368     0.8208     49.250  1020.0404  41974.582    26.3596      0.745    6.51168    11.1244    11.1248    20.0370   11.82749 3.6923e+01      0.752 0.0000e+00
        199 265.486892    0.01375     0.8250     49.500  1020.0405  41974.761    26.3597      0.746    6.51170    11.1242    11.1246    20.0371   11.82752 3.6895e+01      0.753 0.0000e+00
        200 265.486895    0.01382     0.8292     49.750  1020.0401  41973.927    26.3591      0.746    6.51174    11.1240    11.1245    20.0367   11.82760 3.6842e+01      0.753 0.0000e+00
        201 265.486898    0.01389     0.8333     50.000  1020.0392  41972.231    26.3579      0.745    6.51181    11.1238    11.1243    20.0358   11.82772 3.6762e+01      0.752 0.0000e+00
        202 265.486901    0.01396     0.8375     50.250  1020.0382  41970.374    26.3566      0.743    6.51189    11.1234    11.1241    20.0348   11.82788 3.6749e+01      0.750 0.0000e+00
        203 265.486904    0.01403     0.8417     50.500  1020.0376  41969.197    26.3558      0.741    6.51197    11.1231    11.1239    20.0342   11.82801 3.6870e+01      0.748 0.0000e+00
        204 265.486907    0.01410     0.8458     50.750  1020.0376  41969.214    26.3557      0.739    6.51202    11.1228    11.1235    20.0342   11.82809 3.7014e+01      0.746 0.0000e+00
        205 265.486910    0.01417     0.8500     51.000  1020.0383  41970.405    26.3565      0.739    6.51204    11.1226    11.1232    20.0349   11.82811 3.6973e+01      0.746 0.0000e+00
        206 265.486913    0.01424     0.8542     51.250  1020.0393  41972.255    26.3578      0.741    6.51202    11.1226    11.1229    20.0359   11.82808 3.6821e+01      0.748 0.0000e+00
        207 265.486916    0.01431     0.8583     51.500  1020.0402  41973.889    26.3589      0.743    6.51200    11.1227    11.1227    20.0368   11.82802 3.6729e+01      0.750 0.0000e+00
        208 265.486918    0.01438     0.8625     51.750  1020.0405  41974.434    26.3593      0.744    6.51198    11.1228    11.1227    20.0371   11.82799 3.6649e+01      0.751 0.0000e+00
        209 265.486921    0.01444     0.8667     52.000  1020.0400  41973.478    26.3586      0.744    6.51200    11.1228    11.1228    20.0365   11.82802 3.6617e+01      0.751 0.0000e+00
        210 265.486924    0.01451     0.8708     52.250  1020.0389  41971.379    26.3572      0.743    6.51204    11.1228    11.1229    20.0354   11.82812 3.6664e+01      0.750 0.0000e+00
        211 265.486927    0.01458     0.8750     52.500  1020.0377  41969.293    26.3557      0.741    6.51210    11.1228    11.1229    20.0343   11.82823 3.6633e+01      0.748 0.0000e+00
        212 265.486930    0.01465     0.8792     52.750  1020.0374  41968.686    26.3553      0.738    6.51213    11.1229    11.1229    20.0339   11.82828 3.6603e+01      0.745 0.0000e+00
        213 265.486933    0.01472     0.8833     53.000  1020.0384  41970.582    26.3566      0.736    6.51208    11.1233    11.1228    20.0350   11.82818 3.6757e+01      0.743 0.0000e+00
        214 265.486936    0.01479     0.8875     53.250  1020.0406  41974.764    26.3595      0.737    6.51194    11.1240    11.1230    20.0372   11.82792 3.6928e+01      0.744 0.0000e+00
        215 265.486939    0.01486     0.8917     53.500  1020.0432  41979.519    26.3629      0.739    6.51174    11.1249    11.1234    20.0397   11.82755 3.7020e+01      0.746 0.0000e+00
        216 265.486942    0.01493     0.8958     53.750  1020.0449  41982.803    26.3652      0.743    6.51155    11.1257    11.1241    20.0414   11.82720 3.7149e+01      0.750 0.0000e+00
        217 265.486944    0.01500     0.9000     54.000  1020.0452  41983.614    26.3658      0.746    6.51139    11.1262    11.1250    20.0418   11.82694 3.7236e+01      0.753 0.0000e+00
        218 265.486947    0.01507     0.9042     54.250  1020.0445  41982.310    26.3650      0.746    6.51132    11.1263    11.1258    20.0410   11.82682 3.7167e+01      0.753 0.0000e+00
        219 265.486950    0.01514     0.9083     54.500  1020.0433  41980.327    26.3637      0.744    6.51130    11.1264    11.1262    20.0399   11.82681 3.7045e+01      0.751 0.0000e+00
        220 265.486953    0.01521     0.9125     54.750  1020.0427  41979.326    26.3630      0.741    6.51131    11.1266    11.1264    20.0394   11.82683 3.7008e+01      0.748 0.0000e+00
        221 265.486956    0.01528     0.9167     55.000  1020.0431  41980.118    26.3635      0.739    6.51128    11.1270    11.1265    20.0398   11.82677 3.7042e+01      0.746 0.0000e+00
        222 265.486959    0.01535     0.9208     55.250  1020.0443  41982.239    26.3650      0.738    6.51119    11.1278    11.1267    20.0410   11.82660 3.7058e+01      0.745 0.0000e+00
        223 265.486962    0.01542     0.9250     55.500  1020.0454  41984.372    26.3665      0.739    6.51106    11.1286    11.1271    20.0421   11.82637 3.6968e+01      0.746 0.0000e+00
        224 265.486965    0.01549     0.9292     55.750  1020.0459  41985.462    26.3674      0.740    6.51092    11.1294    11.1279    20.0426   11.82613 3.6811e+01      0.747 0.0000e+00
        225 265.486968    0.01556     0.9333     56.000  1020.0458  41985.399    26.3674      0.741    6.51080    11.1301    11.1287    20.0424   11.82592 3.6741e+01      0.748 0.0000e+00
        226 265.486970    0.01563     0.9375     56.250  1020.0453  41984.548    26.3669      0.742    6.51070    11.1305    11.1295    20.0419   11.82577 3.6790e+01      0.749 0.0000e+00
        227 265.486973    0.01569     0.9417     56.500  1020.0444  41983.157    26.3660      0.741    6.51065    11.1306    11.1302    20.0411   11.82569 3.6803e+01      0.748 0.0000e+00
        228 265.486976    0.01576     0.9458     56.750  1020.0435  41981.432    26.3648      0.739    6.51064    11.1305    11.1306    20.0401   11.82569 3.6676e+01      0.746 0.0000e+00
        229 265.486979    0.01583     0.9500     57.000  1020.0426  41979.852    26.3637      0.736    6.51066    11.1303    11.1307    20.0392   11.82575 3.6576e+01      0.743 0.0000e+00
        230 265.486982    0.01590     0.9542     57.250  1020.0421  41979.004    26.3631      0.733    6.51070    11.1300    11.1306    20.0388   11.82582 3.6556e+01      0.740 0.0000e+00
        231 265.486985    0.01597     0.9583     57.500  1020.0422  41979.078    26.3632      0.732    6.51074    11.1298    11.1304    20.0388   11.82587 3.6494e+01      0.739 0.0000e+00
        232 265.486988    0.01604     0.9625     57.750  1020.0426  41979.743    26.3636      0.731    6.51076    11.1297    11.1301    20.0392   11.82591 3.6484e+01      0.738 0.0000e+00
        233 265.486991    0.01611     0.9667     58.000  1020.0431  41980.543    26.3642      0.731    6.51077    11.1297    11.1299    20.0397   11.82592 3.6611e+01      0.738 0.0000e+00
        234 265.486994    0.01618     0.9708     58.250  1020.0435  41981.413    26.3648      0.732    6.51076    11.1298    11.1298    20.0402   11.82589 3.6753e+01      0.739 0.0000e+00
        235 265.486997    0.01625     0.9750     58.500  1020.0442  41982.621    26.3656      0.734    6.51072    11.1301    11.1298    20.0408   11.82582 3.6804e+01      0.741 0.0000e+00
        236 265.486999    0.01632     0.9792     58.750  1020.0451  41984.362    26.3668      0.735    6.51065    11.1306    11.1299    20.0417   11.82569 3.6738e+01      0.742 0.0000e+00
        237 265.487002    0.01639     0.9833     59.000  1020.0464  41986.823    26.3686      0.736    6.51053    11.1314    11.1302    20.0430   11.82548 3.6583e+01      0.743 0.0000e+00
        238 265.487005    0.01646     0.9875     59.250  1020.0484  41990.640    26.3712      0.737    6.51035    11.1325    11.1307    20.0450   11.82514 3.6511e+01      0.744 0.0000e+00
        239 265.487008    0.01653     0.9917     59.500  1020.0517  41996.928    26.3757      0.739    6.51006    11.1342    11.1315    20.0483   11.82461 3.6625e+01      0.746 0.0000e+00
        240 265.487011    0.01660     0.9958     59.750  1020.0571  42007.031    26.3828      0.742    6.50961    11.1367    11.1326    20.0537   11.82377 3.6874e+01      0.749 0.0000e+00
        241 265.487014    0.01667     1.0000     60.000  1020.0655  42022.930    26.3939      0.746    6.50891    11.1401    11.1343    20.0621   11.82247 3.7153e+01      0.753 0.0000e+00
        242 265.487017    0.01674     1.0042     60.250  1020.0760  42042.873    26.4080      0.748    6.50798    11.1441    11.1368    20.0726   11.82075 3.7268e+01      0.755 0.0000e+00
        243 265.487020    0.01681     1.0083     60.500  1020.0846  42059.448    26.4198      0.750    6.50701    11.1479    11.1402    20.0812   11.81900 3.7249e+01      0.757 0.0000e+00
        244 265.487023    0.01688     1.0125     60.750  1020.0892  42068.759    26.4266      0.751    6.50617    11.1510    11.1442    20.0858   11.81752 3.7275e+01      0.758 0.0000e+00
        245 265.487025    0.01694     1.0167     61.000  1020.0911  42072.946    26.4299      0.751    6.50550    11.1533    11.1480    20.0877   11.81637 3.7309e+01      0.758 0.0000e+00
        246 265.487028    0.01701     1.0208     61.250  1020.0917  42074.625    26.4313      0.751    6.50501    11.1550    11.1511    20.0883   11.81552 3.7242e+01      0.759 0.0000e+00
        247 265.487031    0.01708     1.0250     61.500  1020.0918  42075.092    26.4318      0.751    6.50466    11.1560    11.1534    20.0883   11.81493 3.7121e+01      0.758 0.0000e+00
        248 265.487034    0.01715     1.0292     61.750  1020.0914  42074.737    26.4317      0.749    6.50443    11.1567    11.1550    20.0880   11.81456 3.7082e+01      0.756 0.0000e+00
        249 265.487037    0.01722     1.0333     62.000  1020.0908  42073.798    26.4312      0.745    6.50430    11.1570    11.1561    20.0874   11.81435 3.7082e+01      0.753 0.0000e+00
        250 265.487040    0.01729     1.0375     62.250  1020.0901  42072.593    26.4304      0.741    6.50424    11.1571    11.1567    20.0867   11.81426 3.7027e+01      0.749 0.0000e+00
        251 265.487043    0.01736     1.0417     62.500  1020.0894  42071.367    26.4296      0.738    6.50423    11.1571    11.1571    20.0860   11.81425 3.7054e+01      0.745 0.0000e+00
        252 265.487046    0.01743     1.0458     62.750  1020.0888  42070.280    26.4289      0.735    6.50424    11.1571    11.1572    20.0854   11.81428 3.7122e+01      0.742 0.0000e+00
        253 265.487049    0.01750     1.0500     63.000  1020.0884  42069.610    26.4284      0.734    6.50426    11.1571    11.1572    20.0850   11.81432 3.7108e+01      0.741 0.0000e+00
        254 265.487052    0.01757     1.0542     63.250  1020.0884  42069.671    26.4284      0.735    6.50426    11.1572    11.1572    20.0851   11.81432 3.7121e+01      0.742 0.0000e+00
        255 265.487054    0.01764     1.0583     63.500  1020.0888  42070.323    26.4289      0.737    6.50424    11.1574    11.1572    20.0854   11.81427 3.7109e+01      0.744 0.0000e+00
