CTD-processing/allCTD/CNV--homogene/2017_11-02_t7_s21_cast081.cnv
* Sea-Bird SBE19plus Data File:
* FileName = C:\Users\Kim.Powell\Desktop\Not Processed\2017\2017_11-02_\2017_11-02_TRANSECT_STATION_cast081.hex
* Software Version 1.59
* Temperature SN =  4141
* Conductivity SN =  4141
* System UpLoad Time = Nov 07 2017 08:18:15
** 2017_11-02
** Station: 7-21
** Start Time: 14:02
** Depth (m): 79.2
** Comment: Edgecumbe
** Comment:
# nquan = 17
# nvalues = 608                         
# units = specified
# name 0 = scan: Scan Count
# name 1 = timeJ: Julian Days
# name 2 = timeH: Time, Elapsed [hours]
# name 3 = timeM: Time, Elapsed [minutes]
# name 4 = timeS: Time, Elapsed [seconds]
# name 5 = density00: Density [density, kg/m^3]
# name 6 = specc: Specific Conductance [uS/cm]
# name 7 = sal00: Salinity, Practical [PSU]
# name 8 = depSM: Depth [salt water, m], lat = 59.00
# name 9 = oxsolML/L: Oxygen Saturation, Garcia & Gordon [ml/l]
# name 10 = potemp090C: Potential Temperature [ITS-90, deg C]
# name 11 = tv290C: Temperature [ITS-90, deg C]
# name 12 = sigma-é00: Density [sigma-theta, kg/m^3]
# name 13 = n2satML/L: Nitrogen Saturation [ml/l]
# name 14 = par: PAR/Irradiance, Biospherical/Licor
# name 15 = prdM: Pressure, Strain Gauge [db]
# name 16 = flag:  0.000e+00
# span 0 =          1,        608       
# span 1 = 306.583970, 306.585726       
# span 2 =    0.00000,    0.04215       
# span 3 =     0.0000,     2.5292       
# span 4 =      0.000,    151.750       
# span 5 =  1023.3354,  1024.5505       
# span 6 =  47812.504,  49502.495       
# span 7 =    30.2450,    31.3758       
# span 8 =      0.960,     66.101       
# span 9 =    6.56294,    6.63111       
# span 10 =     9.1057,     9.5725      
# span 11 =     9.1058,     9.5727      
# span 12 =    23.3309,    24.2473      
# span 13 =   11.86298,   11.97586      
# span 14 = 2.0674e-01, 3.8515e+02      
# span 15 =      0.970,     66.736      
# span 16 = 0.0000e+00, 0.0000e+00      
# interval = seconds: 0.25
# start_time = Nov 02 2017 14:00:55 [Instrument's time stamp, header]
# bad_flag = -9.990e-29
*END*
          1 306.583970    0.00000     0.0000      0.000  1023.4408  47993.407    30.3573      1.123    6.60309     9.3242     9.3250    23.4356   11.93067 1.6510e+02      1.133 0.0000e+00
          2 306.583973    0.00007     0.0042      0.250  1023.4365  47985.531    30.3516      1.103    6.60351     9.3289     9.3238    23.4314   11.93142 1.7959e+02      1.113 0.0000e+00
          3 306.583976    0.00014     0.0083      0.500  1023.4359  47984.790    30.3512      1.084    6.60346     9.3392     9.3243    23.4309   11.93135 1.9153e+02      1.094 0.0000e+00
          4 306.583979    0.00021     0.0125      0.750  1023.4393  47991.548    30.3565      1.073    6.60253     9.3540     9.3290    23.4344   11.92975 2.0229e+02      1.083 0.0000e+00
          5 306.583981    0.00028     0.0167      1.000  1023.4445  48001.959    30.3652      1.073    6.60067     9.3714     9.3393    23.4396   11.92655 2.1173e+02      1.083 0.0000e+00
          6 306.583984    0.00035     0.0208      1.250  1023.4478  48009.247    30.3722      1.086    6.59820     9.3893     9.3541    23.4428   11.92238 2.2005e+02      1.096 0.0000e+00
          7 306.583987    0.00042     0.0250      1.500  1023.4467  48008.796    30.3741      1.109    6.59557     9.4060     9.3715    23.4416   11.91800 2.2620e+02      1.119 0.0000e+00
          8 306.583990    0.00049     0.0292      1.750  1023.4412  48000.336    30.3705      1.132    6.59311     9.4202     9.3894    23.4360   11.91396 2.2507e+02      1.142 0.0000e+00
          9 306.583993    0.00056     0.0333      2.000  1023.4331  47986.954    30.3633      1.147    6.59098     9.4318     9.4061    23.4278   11.91052 2.2027e+02      1.157 0.0000e+00
         10 306.583996    0.00063     0.0375      2.250  1023.4272  47977.560    30.3586      1.147    6.58911     9.4414     9.4203    23.4219   11.90748 2.1819e+02      1.158 0.0000e+00
         11 306.583999    0.00069     0.0417      2.500  1023.4266  47977.798    30.3603      1.134    6.58734     9.4499     9.4319    23.4214   11.90454 2.1760e+02      1.145 0.0000e+00
         12 306.584002    0.00076     0.0458      2.750  1023.4287  47982.661    30.3650      1.115    6.58573     9.4573     9.4415    23.4236   11.90181 2.0943e+02      1.126 0.0000e+00
         13 306.584005    0.00083     0.0500      3.000  1023.4288  47983.809    30.3669      1.098    6.58441     9.4634     9.4500    23.4238   11.89960 1.9359e+02      1.108 0.0000e+00
         14 306.584008    0.00090     0.0542      3.250  1023.4254  47978.378    30.3640      1.087    6.58346     9.4683     9.4574    23.4204   11.89805 1.8144e+02      1.097 0.0000e+00
         15 306.584010    0.00097     0.0583      3.500  1023.4207  47970.459    30.3592      1.083    6.58277     9.4724     9.4635    23.4157   11.89696 1.7389e+02      1.093 0.0000e+00
         16 306.584013    0.00104     0.0625      3.750  1023.4183  47966.512    30.3571      1.083    6.58214     9.4762     9.4684    23.4133   11.89596 1.6827e+02      1.093 0.0000e+00
         17 306.584016    0.00111     0.0667      4.000  1023.4193  47968.782    30.3592      1.085    6.58145     9.4801     9.4725    23.4143   11.89479 1.7042e+02      1.095 0.0000e+00
         18 306.584019    0.00118     0.0708      4.250  1023.4221  47974.190    30.3635      1.089    6.58072     9.4841     9.4763    23.4171   11.89352 1.8265e+02      1.099 0.0000e+00
         19 306.584022    0.00125     0.0750      4.500  1023.4244  47978.720    30.3672      1.094    6.58000     9.4878     9.4802    23.4193   11.89227 2.0074e+02      1.104 0.0000e+00
         20 306.584025    0.00132     0.0792      4.750  1023.4252  47980.611    30.3690      1.096    6.57934     9.4908     9.4842    23.4201   11.89116 2.1615e+02      1.106 0.0000e+00
         21 306.584028    0.00139     0.0833      5.000  1023.4251  47980.914    30.3697      1.094    6.57877     9.4930     9.4879    23.4201   11.89021 2.1832e+02      1.104 0.0000e+00
         22 306.584031    0.00146     0.0875      5.250  1023.4255  47981.875    30.3708      1.087    6.57828     9.4943     9.4910    23.4204   11.88939 2.1022e+02      1.097 0.0000e+00
         23 306.584034    0.00153     0.0917      5.500  1023.4264  47983.915    30.3725      1.080    6.57789     9.4949     9.4931    23.4214   11.88873 2.0122e+02      1.090 0.0000e+00
         24 306.584036    0.00160     0.0958      5.750  1023.4271  47985.341    30.3737      1.076    6.57766     9.4951     9.4944    23.4222   11.88832 1.9159e+02      1.086 0.0000e+00
         25 306.584039    0.00167     0.1000      6.000  1023.4269  47985.057    30.3736      1.078    6.57758     9.4951     9.4950    23.4220   11.88819 1.8283e+02      1.088 0.0000e+00
         26 306.584042    0.00174     0.1042      6.250  1023.4263  47983.928    30.3728      1.084    6.57758     9.4950     9.4952    23.4213   11.88821 1.7653e+02      1.095 0.0000e+00
         27 306.584045    0.00181     0.1083      6.500  1023.4262  47983.574    30.3725      1.095    6.57759     9.4950     9.4952    23.4211   11.88822 1.6771e+02      1.105 0.0000e+00
         28 306.584048    0.00187     0.1125      6.750  1023.4269  47984.695    30.3733      1.107    6.57757     9.4949     9.4952    23.4217   11.88818 1.5770e+02      1.117 0.0000e+00
         29 306.584051    0.00194     0.1167      7.000  1023.4280  47986.685    30.3747      1.118    6.57752     9.4948     9.4951    23.4228   11.88808 1.5424e+02      1.129 0.0000e+00
         30 306.584054    0.00201     0.1208      7.250  1023.4290  47988.530    30.3760      1.127    6.57747     9.4947     9.4950    23.4238   11.88799 1.5949e+02      1.137 0.0000e+00
         31 306.584057    0.00208     0.1250      7.500  1023.4297  47989.694    30.3768      1.131    6.57745     9.4944     9.4949    23.4245   11.88794 1.7161e+02      1.142 0.0000e+00
         32 306.584060    0.00215     0.1292      7.750  1023.4300  47990.183    30.3771      1.130    6.57746     9.4940     9.4948    23.4248   11.88796 1.9181e+02      1.141 0.0000e+00
         33 306.584063    0.00222     0.1333      8.000  1023.4300  47990.342    30.3772      1.123    6.57750     9.4936     9.4945    23.4249   11.88801 2.1667e+02      1.134 0.0000e+00
         34 306.584065    0.00229     0.1375      8.250  1023.4301  47990.455    30.3772      1.112    6.57754     9.4930     9.4942    23.4250   11.88809 2.3035e+02      1.122 0.0000e+00
         35 306.584068    0.00236     0.1417      8.500  1023.4299  47990.250    30.3770      1.099    6.57761     9.4922     9.4938    23.4249   11.88821 2.2693e+02      1.109 0.0000e+00
         36 306.584071    0.00243     0.1458      8.750  1023.4294  47989.426    30.3764      1.088    6.57773     9.4912     9.4931    23.4245   11.88841 2.2304e+02      1.098 0.0000e+00
         37 306.584074    0.00250     0.1500      9.000  1023.4289  47988.352    30.3755      1.082    6.57789     9.4902     9.4923    23.4239   11.88868 2.2418e+02      1.093 0.0000e+00
         38 306.584077    0.00257     0.1542      9.250  1023.4284  47987.411    30.3747      1.083    6.57807     9.4895     9.4913    23.4235   11.88899 2.1898e+02      1.093 0.0000e+00
         39 306.584080    0.00264     0.1583      9.500  1023.4278  47986.123    30.3737      1.090    6.57826     9.4893     9.4903    23.4228   11.88931 2.0989e+02      1.100 0.0000e+00
         40 306.584083    0.00271     0.1625      9.750  1023.4265  47983.567    30.3718      1.098    6.57843     9.4895     9.4896    23.4215   11.88963 2.0820e+02      1.109 0.0000e+00
         41 306.584086    0.00278     0.1667     10.000  1023.4245  47979.845    30.3692      1.105    6.57858     9.4903     9.4894    23.4194   11.88991 2.0593e+02      1.116 0.0000e+00
         42 306.584089    0.00285     0.1708     10.250  1023.4229  47976.907    30.3671      1.107    6.57863     9.4914     9.4896    23.4178   11.89001 1.8905e+02      1.118 0.0000e+00
         43 306.584091    0.00292     0.1750     10.500  1023.4227  47976.710    30.3671      1.106    6.57852     9.4926     9.4904    23.4177   11.88984 1.7106e+02      1.116 0.0000e+00
         44 306.584094    0.00299     0.1792     10.750  1023.4233  47977.922    30.3681      1.103    6.57831     9.4936     9.4915    23.4183   11.88948 1.6800e+02      1.113 0.0000e+00
         45 306.584097    0.00306     0.1833     11.000  1023.4226  47976.766    30.3674      1.100    6.57816     9.4943     9.4927    23.4176   11.88924 1.7249e+02      1.110 0.0000e+00
         46 306.584100    0.00313     0.1875     11.250  1023.4198  47971.718    30.3640      1.097    6.57816     9.4947     9.4938    23.4148   11.88927 1.7609e+02      1.107 0.0000e+00
         47 306.584103    0.00319     0.1917     11.500  1023.4162  47965.178    30.3595      1.094    6.57825     9.4948     9.4945    23.4111   11.88947 1.7916e+02      1.104 0.0000e+00
         48 306.584106    0.00326     0.1958     11.750  1023.4143  47961.721    30.3572      1.093    6.57829     9.4944     9.4948    23.4092   11.88958 1.7981e+02      1.103 0.0000e+00
         49 306.584109    0.00333     0.2000     12.000  1023.4145  47962.065    30.3574      1.099    6.57827     9.4935     9.4949    23.4094   11.88954 1.7747e+02      1.109 0.0000e+00
         50 306.584112    0.00340     0.2042     12.250  1023.4134  47959.946    30.3559      1.112    6.57839     9.4918     9.4946    23.4083   11.88975 1.7448e+02      1.123 0.0000e+00
         51 306.584115    0.00347     0.2083     12.500  1023.4075  47949.017    30.3481      1.132    6.57886     9.4891     9.4936    23.4023   11.89062 1.7243e+02      1.143 0.0000e+00
         52 306.584117    0.00354     0.2125     12.750  1023.3952  47926.219    30.3319      1.150    6.57980     9.4852     9.4919    23.3899   11.89237 1.7361e+02      1.161 0.0000e+00
         53 306.584120    0.00361     0.2167     13.000  1023.3769  47892.292    30.3077      1.161    6.58121     9.4800     9.4892    23.3715   11.89501 1.7859e+02      1.172 0.0000e+00
         54 306.584123    0.00368     0.2208     13.250  1023.3589  47859.144    30.2840      1.158    6.58278     9.4732     9.4853    23.3536   11.89789 1.8498e+02      1.170 0.0000e+00
         55 306.584126    0.00375     0.2250     13.500  1023.3516  47845.281    30.2737      1.143    6.58398     9.4659     9.4801    23.3463   11.90001 1.8958e+02      1.154 0.0000e+00
         56 306.584129    0.00382     0.2292     13.750  1023.3594  47859.193    30.2825      1.119    6.58460     9.4606     9.4733    23.3543   11.90093 1.9196e+02      1.129 0.0000e+00
         57 306.584132    0.00389     0.2333     14.000  1023.3790  47894.386    30.3063      1.094    6.58465     9.4590     9.4660    23.3740   11.90073 1.9155e+02      1.105 0.0000e+00
         58 306.584135    0.00396     0.2375     14.250  1023.4011  47934.317    30.3336      1.076    6.58426     9.4607     9.4607    23.3961   11.89976 1.9042e+02      1.086 0.0000e+00
         59 306.584138    0.00403     0.2417     14.500  1023.4172  47963.809    30.3540      1.065    6.58363     9.4641     9.4591    23.4123   11.89846 1.9370e+02      1.075 0.0000e+00
         60 306.584141    0.00410     0.2458     14.750  1023.4246  47977.410    30.3638      1.061    6.58297     9.4680     9.4608    23.4197   11.89725 1.9351e+02      1.071 0.0000e+00
         61 306.584144    0.00417     0.2500     15.000  1023.4242  47977.160    30.3641      1.062    6.58246     9.4712     9.4643    23.4194   11.89639 1.8393e+02      1.072 0.0000e+00
         62 306.584146    0.00424     0.2542     15.250  1023.4190  47967.960    30.3581      1.066    6.58215     9.4731     9.4681    23.4141   11.89596 1.7810e+02      1.076 0.0000e+00
         63 306.584149    0.00431     0.2583     15.500  1023.4107  47952.996    30.3481      1.073    6.58211     9.4728     9.4713    23.4057   11.89600 1.8249e+02      1.083 0.0000e+00
         64 306.584152    0.00438     0.2625     15.750  1023.3985  47930.774    30.3327      1.078    6.58248     9.4691     9.4732    23.3935   11.89681 1.8822e+02      1.089 0.0000e+00
         65 306.584155    0.00444     0.2667     16.000  1023.3815  47899.682    30.3109      1.079    6.58346     9.4616     9.4729    23.3765   11.89870 1.8808e+02      1.089 0.0000e+00
         66 306.584158    0.00451     0.2708     16.250  1023.3667  47872.417    30.2913      1.071    6.58483     9.4525     9.4692    23.3618   11.90121 1.8674e+02      1.081 0.0000e+00
         67 306.584161    0.00458     0.2750     16.500  1023.3613  47861.943    30.2830      1.057    6.58628     9.4455     9.4617    23.3564   11.90371 1.9182e+02      1.067 0.0000e+00
         68 306.584164    0.00465     0.2792     16.750  1023.3618  47862.077    30.2819      1.041    6.58765     9.4420     9.4526    23.3570   11.90599 2.0006e+02      1.051 0.0000e+00
         69 306.584167    0.00472     0.2833     17.000  1023.3645  47866.447    30.2841      1.024    6.58857     9.4410     9.4456    23.3598   11.90749 2.0678e+02      1.034 0.0000e+00
         70 306.584170    0.00479     0.2875     17.250  1023.3691  47874.503    30.2893      1.010    6.58887     9.4415     9.4421    23.3644   11.90792 2.1954e+02      1.019 0.0000e+00
         71 306.584172    0.00486     0.2917     17.500  1023.3721  47880.026    30.2930      1.001    6.58885     9.4421     9.4411    23.3675   11.90785 2.4723e+02      1.010 0.0000e+00
         72 306.584175    0.00493     0.2958     17.750  1023.3678  47872.263    30.2876      0.997    6.58901     9.4408     9.4416    23.3632   11.90817 2.7001e+02      1.006 0.0000e+00
         73 306.584178    0.00500     0.3000     18.000  1023.3555  47849.822    30.2720      0.994    6.58959     9.4355     9.4422    23.3509   11.90932 2.6172e+02      1.003 0.0000e+00
         74 306.584181    0.00507     0.3042     18.250  1023.3421  47825.276    30.2546      0.992    6.59052     9.4258     9.4409    23.3376   11.91107 2.3974e+02      1.001 0.0000e+00
         75 306.584184    0.00514     0.3083     18.500  1023.3354  47812.504    30.2450      0.992    6.59169     9.4134     9.4356    23.3309   11.91313 2.2395e+02      1.001 0.0000e+00
         76 306.584187    0.00521     0.3125     18.750  1023.3373  47814.967    30.2454      0.996    6.59308     9.4002     9.4259    23.3327   11.91544 2.0998e+02      1.006 0.0000e+00
         77 306.584190    0.00528     0.3167     19.000  1023.3425  47823.234    30.2496      1.003    6.59472     9.3867     9.4135    23.3379   11.91811 2.0062e+02      1.013 0.0000e+00
         78 306.584193    0.00535     0.3208     19.250  1023.3453  47826.969    30.2505      1.009    6.59662     9.3722     9.4003    23.3406   11.92124 1.9716e+02      1.019 0.0000e+00
         79 306.584196    0.00542     0.3250     19.500  1023.3463  47827.557    30.2492      1.009    6.59864     9.3554     9.3868    23.3417   11.92460 1.9201e+02      1.019 0.0000e+00
         80 306.584198    0.00549     0.3292     19.750  1023.3513  47835.349    30.2528      1.004    6.60062     9.3376     9.3723    23.3467   11.92784 1.8283e+02      1.014 0.0000e+00
         81 306.584201    0.00556     0.3333     20.000  1023.3646  47858.037    30.2665      0.997    6.60249     9.3220     9.3555    23.3600   11.93078 1.7378e+02      1.006 0.0000e+00
         82 306.584204    0.00562     0.3375     20.250  1023.3844  47892.514    30.2883      0.992    6.60417     9.3111     9.3377    23.3798   11.93330 1.7011e+02      1.002 0.0000e+00
         83 306.584207    0.00569     0.3417     20.500  1023.4029  47924.873    30.3089      0.992    6.60557     9.3045     9.3221    23.3983   11.93536 1.7543e+02      1.001 0.0000e+00
         84 306.584210    0.00576     0.3458     20.750  1023.4119  47940.339    30.3183      0.993    6.60678     9.3000     9.3112    23.4073   11.93724 1.8670e+02      1.002 0.0000e+00
         85 306.584213    0.00583     0.3500     21.000  1023.4102  47936.587    30.3149      0.992    6.60789     9.2950     9.3046    23.4056   11.93913 2.0315e+02      1.002 0.0000e+00
