CTD-processing/allCTD/CNV--homogene/2017_10-17_t9_s08_cast062.cnv
* Sea-Bird SBE19plus Data File:
* FileName = C:\Users\Kim.Powell\Desktop\Not Processed\2017\2017_10-17\2017_10-17_TRANSECT_STATION_cast062.hex
* Software Version 1.59
* Temperature SN =  4141
* Conductivity SN =  4141
* System UpLoad Time = Oct 20 2017 09:04:16
** Transect:
** 2017_10-17
** Station:9-08
** Start Time: 15:15
** Depth (m): 96.3
** Comment: Edgecumbe
** Comment:
# nquan = 17
# nvalues = 738                         
# units = specified
# name 0 = scan: Scan Count
# name 1 = timeJ: Julian Days
# name 2 = timeH: Time, Elapsed [hours]
# name 3 = timeM: Time, Elapsed [minutes]
# name 4 = timeS: Time, Elapsed [seconds]
# name 5 = density00: Density [density, kg/m^3]
# name 6 = specc: Specific Conductance [uS/cm]
# name 7 = sal00: Salinity, Practical [PSU]
# name 8 = depSM: Depth [salt water, m], lat = 59.00
# name 9 = oxsolML/L: Oxygen Saturation, Garcia & Gordon [ml/l]
# name 10 = potemp090C: Potential Temperature [ITS-90, deg C]
# name 11 = tv290C: Temperature [ITS-90, deg C]
# name 12 = sigma-é00: Density [sigma-theta, kg/m^3]
# name 13 = n2satML/L: Nitrogen Saturation [ml/l]
# name 14 = par: PAR/Irradiance, Biospherical/Licor
# name 15 = prdM: Pressure, Strain Gauge [db]
# name 16 = flag:  0.000e+00
# span 0 =          1,        738       
# span 1 = 290.635718, 290.637850       
# span 2 =    0.00000,    0.05118       
# span 3 =     0.0000,     3.0708       
# span 4 =      0.000,    184.250       
# span 5 =  1001.0185,  1024.4396       
# span 6 =   2888.704,  49121.790       
# span 7 =     1.4702,    31.1560       
# span 8 =     -0.229,     94.743       
# span 9 =    6.49382,    8.22752       
# span 10 =     7.8990,    10.0739      
# span 11 =     7.8990,    10.0748      
# span 12 =     1.0196,    24.0057      
# span 13 =   11.74613,   15.04020      
# span 14 = 4.2537e-02, 6.4037e+02      
# span 15 =     -0.231,     95.660      
# span 16 = 0.0000e+00, 0.0000e+00      
# interval = seconds: 0.25
# start_time = Oct 17 2017 15:15:26 [Instrument's time stamp, header]
# bad_flag = -9.990e-29
*END*
[from data line 86]
         87 290.635966    0.00597     0.3583     21.500  1021.4840  44338.670    27.7336      1.041    6.81230     8.6724     8.6890    21.4791   12.30984 2.6572e+02      1.051 0.0000e+00
         88 290.635969    0.00604     0.3625     21.750  1021.4851  44340.169    27.7337      1.034    6.81342     8.6633     8.6818    21.4803   12.31168 2.6272e+02      1.043 0.0000e+00
         89 290.635972    0.00611     0.3667     22.000  1021.4916  44351.705    27.7405      1.024    6.81454     8.6567     8.6725    21.4869   12.31346 2.6024e+02      1.034 0.0000e+00
         90 290.635975    0.00618     0.3708     22.250  1021.5009  44368.170    27.7508      1.017    6.81549     8.6532     8.6634    21.4961   12.31491 2.5873e+02      1.027 0.0000e+00
         91 290.635978    0.00625     0.3750     22.500  1021.5084  44381.577    27.7592      1.016    6.81614     8.6520     8.6568    21.5036   12.31588 2.5667e+02      1.026 0.0000e+00
         92 290.635981    0.00632     0.3792     22.750  1021.5110  44386.112    27.7619      1.020    6.81655     8.6514     8.6533    21.5062   12.31652 2.5595e+02      1.030 0.0000e+00
         93 290.635984    0.00639     0.3833     23.000  1021.5083  44381.061    27.7583      1.029    6.81689     8.6499     8.6521    21.5036   12.31713 2.5661e+02      1.038 0.0000e+00
         94 290.635987    0.00646     0.3875     23.250  1021.5030  44371.093    27.7513      1.037    6.81729     8.6462     8.6515    21.4982   12.31789 2.5722e+02      1.047 0.0000e+00
         95 290.635990    0.00653     0.3917     23.500  1021.4986  44362.782    27.7453      1.043    6.81780     8.6399     8.6500    21.4938   12.31880 2.5869e+02      1.053 0.0000e+00
         96 290.635992    0.00660     0.3958     23.750  1021.4972  44359.831    27.7428      1.044    6.81847     8.6316     8.6463    21.4923   12.31994 2.6045e+02      1.054 0.0000e+00
         97 290.635995    0.00667     0.4000     24.000  1021.4992  44363.152    27.7443      1.039    6.81937     8.6229     8.6400    21.4944   12.32142 2.6691e+02      1.049 0.0000e+00
         98 290.635998    0.00674     0.4042     24.250  1021.5043  44371.919    27.7493      1.032    6.82043     8.6154     8.6317    21.4995   12.32312 2.7274e+02      1.041 0.0000e+00
         99 290.636001    0.00681     0.4083     24.500  1021.5112  44384.118    27.7566      1.024    6.82146     8.6101     8.6230    21.5064   12.32473 2.6747e+02      1.033 0.0000e+00
        100 290.636004    0.00688     0.4125     24.750  1021.5183  44396.832    27.7645      1.020    6.82227     8.6072     8.6155    21.5136   12.32599 2.6145e+02      1.029 0.0000e+00
        101 290.636007    0.00694     0.4167     25.000  1021.5236  44406.211    27.7703      1.020    6.82284     8.6061     8.6102    21.5189   12.32685 2.6465e+02      1.029 0.0000e+00
        102 290.636010    0.00701     0.4208     25.250  1021.5254  44409.342    27.7721      1.025    6.82321     8.6058     8.6073    21.5207   12.32744 2.7252e+02      1.035 0.0000e+00
        103 290.636013    0.00708     0.4250     25.500  1021.5237  44405.979    27.7696      1.033    6.82347     8.6050     8.6062    21.5189   12.32792 2.8050e+02      1.043 0.0000e+00
        104 290.636016    0.00715     0.4292     25.750  1021.5202  44399.382    27.7650      1.040    6.82373     8.6025     8.6059    21.5153   12.32839 2.8365e+02      1.050 0.0000e+00
        105 290.636019    0.00722     0.4333     26.000  1021.5175  44394.267    27.7613      1.045    6.82402     8.5979     8.6051    21.5126   12.32892 2.8155e+02      1.055 0.0000e+00
        106 290.636021    0.00729     0.4375     26.250  1021.5170  44393.168    27.7603      1.044    6.82444     8.5917     8.6026    21.5121   12.32963 2.8136e+02      1.054 0.0000e+00
        107 290.636024    0.00736     0.4417     26.500  1021.5189  44396.551    27.7620      1.039    6.82507     8.5852     8.5980    21.5141   12.33066 2.8727e+02      1.049 0.0000e+00
        108 290.636027    0.00743     0.4458     26.750  1021.5230  44403.763    27.7662      1.031    6.82586     8.5800     8.5918    21.5183   12.33191 2.9646e+02      1.041 0.0000e+00
        109 290.636030    0.00750     0.4500     27.000  1021.5283  44413.182    27.7719      1.023    6.82661     8.5771     8.5853    21.5236   12.33308 3.0037e+02      1.033 0.0000e+00
        110 290.636033    0.00757     0.4542     27.250  1021.5334  44422.284    27.7775      1.019    6.82716     8.5769     8.5801    21.5288   12.33393 2.9056e+02      1.029 0.0000e+00
        111 290.636036    0.00764     0.4583     27.500  1021.5366  44427.897    27.7810      1.020    6.82745     8.5790     8.5772    21.5319   12.33437 2.7269e+02      1.030 0.0000e+00
        112 290.636039    0.00771     0.4625     27.750  1021.5365  44427.649    27.7808      1.025    6.82748     8.5818     8.5770    21.5318   12.33443 2.6281e+02      1.035 0.0000e+00
        113 290.636042    0.00778     0.4667     28.000  1021.5331  44421.424    27.7768      1.030    6.82734     8.5837     8.5791    21.5283   12.33424 2.6200e+02      1.040 0.0000e+00
        114 290.636045    0.00785     0.4708     28.250  1021.5282  44412.484    27.7710      1.034    6.82717     8.5841     8.5819    21.5234   12.33403 2.6264e+02      1.044 0.0000e+00
        115 290.636047    0.00792     0.4750     28.500  1021.5243  44405.436    27.7663      1.034    6.82708     8.5831     8.5838    21.5195   12.33393 2.6538e+02      1.044 0.0000e+00
        116 290.636050    0.00799     0.4792     28.750  1021.5226  44402.409    27.7643      1.029    6.82711     8.5815     8.5842    21.5178   12.33401 2.7004e+02      1.039 0.0000e+00
        117 290.636053    0.00806     0.4833     29.000  1021.5231  44403.281    27.7648      1.023    6.82724     8.5804     8.5832    21.5184   12.33422 2.6746e+02      1.033 0.0000e+00
        118 290.636056    0.00813     0.4875     29.250  1021.5254  44407.415    27.7675      1.020    6.82737     8.5812     8.5816    21.5207   12.33441 2.5502e+02      1.029 0.0000e+00
        119 290.636059    0.00819     0.4917     29.500  1021.5285  44413.043    27.7712      1.022    6.82737     8.5845     8.5805    21.5237   12.33436 2.4650e+02      1.032 0.0000e+00
        120 290.636062    0.00826     0.4958     29.750  1021.5302  44416.257    27.7735      1.030    6.82715     8.5897     8.5812    21.5254   12.33397 2.4797e+02      1.040 0.0000e+00
        121 290.636065    0.00833     0.5000     30.000  1021.5283  44412.779    27.7716      1.041    6.82673     8.5945     8.5846    21.5234   12.33328 2.5213e+02      1.051 0.0000e+00
        122 290.636068    0.00840     0.5042     30.250  1021.5227  44402.776    27.7653      1.050    6.82620     8.5968     8.5898    21.5178   12.33249 2.5355e+02      1.060 0.0000e+00
        123 290.636071    0.00847     0.5083     30.500  1021.5166  44391.815    27.7583      1.052    6.82577     8.5955     8.5946    21.5117   12.33186 2.5113e+02      1.062 0.0000e+00
        124 290.636073    0.00854     0.5125     30.750  1021.5130  44385.393    27.7542      1.046    6.82560     8.5916     8.5969    21.5082   12.33164 2.4943e+02      1.056 0.0000e+00
        125 290.636076    0.00861     0.5167     31.000  1021.5131  44385.619    27.7542      1.035    6.82579     8.5871     8.5956    21.5084   12.33196 2.5253e+02      1.045 0.0000e+00
        126 290.636079    0.00868     0.5208     31.250  1021.5165  44391.669    27.7579      1.022    6.82624     8.5840     8.5917    21.5118   12.33264 2.5642e+02      1.032 0.0000e+00
        127 290.636082    0.00875     0.5250     31.500  1021.5214  44400.419    27.7633      1.011    6.82669     8.5831     8.5872    21.5167   12.33332 2.5540e+02      1.021 0.0000e+00
        128 290.636085    0.00882     0.5292     31.750  1021.5255  44407.922    27.7681      1.006    6.82696     8.5841     8.5841    21.5209   12.33372 2.4789e+02      1.016 0.0000e+00
        129 290.636088    0.00889     0.5333     32.000  1021.5273  44411.215    27.7703      1.008    6.82700     8.5857     8.5832    21.5227   12.33375 2.3908e+02      1.018 0.0000e+00
        130 290.636091    0.00896     0.5375     32.250  1021.5263  44409.275    27.7691      1.015    6.82689     8.5866     8.5842    21.5216   12.33359 2.3803e+02      1.024 0.0000e+00
        131 290.636094    0.00903     0.5417     32.500  1021.5231  44403.432    27.7653      1.025    6.82681     8.5861     8.5858    21.5184   12.33350 2.4589e+02      1.035 0.0000e+00
        132 290.636097    0.00910     0.5458     32.750  1021.5195  44396.695    27.7607      1.037    6.82688     8.5840     8.5867    21.5147   12.33367 2.5636e+02      1.046 0.0000e+00
        133 290.636100    0.00917     0.5500     33.000  1021.5169  44391.879    27.7573      1.046    6.82711     8.5800     8.5862    21.5121   12.33409 2.6661e+02      1.056 0.0000e+00
        134 290.636102    0.00924     0.5542     33.250  1021.5162  44390.356    27.7560      1.051    6.82749     8.5742     8.5841    21.5114   12.33474 2.7936e+02      1.061 0.0000e+00
        135 290.636105    0.00931     0.5583     33.500  1021.5175  44392.575    27.7570      1.050    6.82806     8.5677     8.5801    21.5127   12.33568 2.9279e+02      1.060 0.0000e+00
        136 290.636108    0.00937     0.5625     33.750  1021.5209  44398.511    27.7604      1.042    6.82881     8.5618     8.5743    21.5162   12.33688 2.9363e+02      1.052 0.0000e+00
        137 290.636111    0.00944     0.5667     34.000  1021.5259  44407.249    27.7656      1.030    6.82959     8.5573     8.5678    21.5212   12.33811 2.7911e+02      1.040 0.0000e+00
        138 290.636114    0.00951     0.5708     34.250  1021.5315  44417.354    27.7718      1.017    6.83024     8.5546     8.5619    21.5269   12.33910 2.6948e+02      1.027 0.0000e+00
        139 290.636117    0.00958     0.5750     34.500  1021.5369  44427.146    27.7780      1.007    6.83065     8.5535     8.5574    21.5323   12.33971 2.6915e+02      1.017 0.0000e+00
        140 290.636120    0.00965     0.5792     34.750  1021.5410  44434.555    27.7828      1.003    6.83086     8.5535     8.5547    21.5364   12.33999 2.6499e+02      1.013 0.0000e+00
        141 290.636123    0.00972     0.5833     35.000  1021.5429  44438.003    27.7850      1.006    6.83093     8.5541     8.5536    21.5383   12.34008 2.6497e+02      1.016 0.0000e+00
        142 290.636126    0.00979     0.5875     35.250  1021.5425  44437.049    27.7844      1.016    6.83096     8.5546     8.5536    21.5378   12.34014 2.7857e+02      1.025 0.0000e+00
        143 290.636128    0.00986     0.5917     35.500  1021.5401  44432.574    27.7813      1.029    6.83100     8.5545     8.5541    21.5354   12.34025 2.9752e+02      1.038 0.0000e+00
        144 290.636131    0.00993     0.5958     35.750  1021.5372  44427.067    27.7776      1.041    6.83108     8.5533     8.5547    21.5324   12.34043 3.1246e+02      1.050 0.0000e+00
        145 290.636134    0.01000     0.6000     36.000  1021.5350  44423.027    27.7748      1.050    6.83122     8.5506     8.5546    21.5302   12.34069 3.2285e+02      1.060 0.0000e+00
        146 290.636137    0.01007     0.6042     36.250  1021.5343  44421.492    27.7736      1.053    6.83146     8.5466     8.5534    21.5294   12.34112 3.2935e+02      1.063 0.0000e+00
        147 290.636140    0.01014     0.6083     36.500  1021.5351  44422.844    27.7742      1.048    6.83186     8.5419     8.5507    21.5302   12.34177 3.2470e+02      1.058 0.0000e+00
        148 290.636143    0.01021     0.6125     36.750  1021.5375  44427.147    27.7766      1.037    6.83237     8.5376     8.5467    21.5327   12.34258 3.1035e+02      1.047 0.0000e+00
        149 290.636146    0.01028     0.6167     37.000  1021.5413  44433.826    27.7806      1.022    6.83291     8.5343     8.5420    21.5365   12.34343 2.9409e+02      1.032 0.0000e+00
        150 290.636149    0.01035     0.6208     37.250  1021.5456  44441.755    27.7856      1.009    6.83336     8.5323     8.5377    21.5409   12.34411 2.7549e+02      1.019 0.0000e+00
        151 290.636152    0.01042     0.6250     37.500  1021.5499  44449.474    27.7905      1.001    6.83365     8.5315     8.5344    21.5452   12.34454 2.5500e+02      1.011 0.0000e+00
        152 290.636155    0.01049     0.6292     37.750  1021.5532  44455.445    27.7943      1.001    6.83380     8.5320     8.5323    21.5485   12.34473 2.3881e+02      1.011 0.0000e+00
        153 290.636157    0.01056     0.6333     38.000  1021.5548  44458.335    27.7962      1.009    6.83383     8.5336     8.5316    21.5501   12.34477 2.3267e+02      1.019 0.0000e+00
        154 290.636160    0.01063     0.6375     38.250  1021.5543  44457.306    27.7956      1.022    6.83378     8.5354     8.5321    21.5496   12.34468 2.3595e+02      1.032 0.0000e+00
        155 290.636163    0.01069     0.6417     38.500  1021.5518  44452.607    27.7925      1.037    6.83366     8.5362     8.5337    21.5470   12.34453 2.4721e+02      1.047 0.0000e+00
        156 290.636166    0.01076     0.6458     38.750  1021.5484  44446.455    27.7885      1.047    6.83357     8.5352     8.5355    21.5436   12.34442 2.6584e+02      1.056 0.0000e+00
        157 290.636169    0.01083     0.6500     39.000  1021.5460  44441.999    27.7855      1.048    6.83358     8.5325     8.5363    21.5411   12.34447 2.8798e+02      1.058 0.0000e+00
        158 290.636172    0.01090     0.6542     39.250  1021.5456  44441.248    27.7849      1.041    6.83376     8.5289     8.5353    21.5408   12.34478 3.0808e+02      1.051 0.0000e+00
        159 290.636175    0.01097     0.6583     39.500  1021.5475  44444.688    27.7869      1.030    6.83409     8.5260     8.5325    21.5428   12.34531 3.1801e+02      1.039 0.0000e+00
        160 290.636178    0.01104     0.6625     39.750  1021.5511  44451.100    27.7909      1.020    6.83447     8.5246     8.5290    21.5464   12.34588 3.1361e+02      1.030 0.0000e+00
        161 290.636181    0.01111     0.6667     40.000  1021.5547  44457.643    27.7950      1.016    6.83474     8.5247     8.5261    21.5500   12.34627 2.9985e+02      1.026 0.0000e+00
        162 290.636183    0.01118     0.6708     40.250  1021.5568  44461.396    27.7974      1.018    6.83484     8.5254     8.5247    21.5521   12.34642 2.8018e+02      1.028 0.0000e+00
        163 290.636186    0.01125     0.6750     40.500  1021.5567  44461.141    27.7973      1.025    6.83484     8.5260     8.5248    21.5519   12.34642 2.5734e+02      1.035 0.0000e+00
        164 290.636189    0.01132     0.6792     40.750  1021.5550  44458.032    27.7952      1.032    6.83482     8.5261     8.5255    21.5502   12.34641 2.4079e+02      1.042 0.0000e+00
        165 290.636192    0.01139     0.6833     41.000  1021.5531  44454.480    27.7928      1.037    6.83483     8.5253     8.5261    21.5483   12.34646 2.3814e+02      1.046 0.0000e+00
        166 290.636195    0.01146     0.6875     41.250  1021.5519  44452.285    27.7913      1.036    6.83489     8.5237     8.5262    21.5471   12.34658 2.5011e+02      1.046 0.0000e+00
        167 290.636198    0.01153     0.6917     41.500  1021.5518  44452.161    27.7911      1.030    6.83502     8.5218     8.5254    21.5471   12.34679 2.6731e+02      1.040 0.0000e+00
        168 290.636201    0.01160     0.6958     41.750  1021.5530  44454.225    27.7923      1.021    6.83520     8.5202     8.5238    21.5482   12.34709 2.7500e+02      1.030 0.0000e+00
        169 290.636204    0.01167     0.7000     42.000  1021.5551  44458.082    27.7948      1.012    6.83539     8.5196     8.5219    21.5504   12.34737 2.6821e+02      1.021 0.0000e+00
        170 290.636207    0.01174     0.7042     42.250  1021.5577  44462.738    27.7978      1.007    6.83550     8.5207     8.5203    21.5529   12.34751 2.5335e+02      1.016 0.0000e+00
