CTD-processing/allCTD/CNV--homogene/2017_09-22_alongbay_skb04_cast031.cnv
* Sea-Bird SBE19plus Data File:
* FileName = C:\Users\Kim.Powell\Desktop\Not Processed\2017\2017_09-22\2017_09-22_TRANSECT_STATION_cast031.hex
* Software Version 1.59
* Temperature SN =  4141
* Conductivity SN =  4141
* System UpLoad Time = Oct 11 2017 10:41:16
** 2017_09-22
** Station: KB04
** Start Time: 12:28
** Depth (m): NA
** Comment:
** Comment:
# nquan = 17
# nvalues = 953                         
# units = specified
# name 0 = scan: Scan Count
# name 1 = timeJ: Julian Days
# name 2 = timeH: Time, Elapsed [hours]
# name 3 = timeM: Time, Elapsed [minutes]
# name 4 = timeS: Time, Elapsed [seconds]
# name 5 = density00: Density [density, kg/m^3]
# name 6 = specc: Specific Conductance [uS/cm]
# name 7 = sal00: Salinity, Practical [PSU]
# name 8 = depSM: Depth [salt water, m], lat = 59.00
# name 9 = oxsolML/L: Oxygen Saturation, Garcia & Gordon [ml/l]
# name 10 = potemp090C: Potential Temperature [ITS-90, deg C]
# name 11 = tv290C: Temperature [ITS-90, deg C]
# name 12 = sigma-é00: Density [sigma-theta, kg/m^3]
# name 13 = n2satML/L: Nitrogen Saturation [ml/l]
# name 14 = par: PAR/Irradiance, Biospherical/Licor
# name 15 = prdM: Pressure, Strain Gauge [db]
# name 16 = flag:  0.000e+00
# span 0 =          1,        953       
# span 1 = 265.519838, 265.522593       
# span 2 =    0.00000,    0.06611       
# span 3 =     0.0000,     3.9667       
# span 4 =      0.000,    238.000       
# span 5 =  1021.5449,  1024.1820       
# span 6 =  44730.217,  48489.340       
# span 7 =    28.2618,    30.7744       
# span 8 =      0.773,    124.993       
# span 9 =    6.38468,    6.45667       
# span 10 =    10.2657,    10.9825      
# span 11 =    10.2797,    10.9826      
# span 12 =    21.5412,    23.6110      
# span 13 =   11.57088,   11.71300      
# span 14 = 4.9281e-02, 4.7328e+01      
# span 15 =      0.780,    126.211      
# span 16 = 0.0000e+00, 0.0000e+00      
# interval = seconds: 0.25
# start_time = Sep 22 2017 12:28:34 [Instrument's time stamp, header]
# bad_flag = -9.990e-29
*END*
[from data line 256]
        257 265.520579    0.01778     1.0667     64.000  1021.6208  44873.600    28.3643      0.825    6.44922    10.9823    10.9823    21.6171   11.69951 4.6288e+01      0.832 0.0000e+00
        258 265.520582    0.01785     1.0708     64.250  1021.6201  44872.361    28.3634      0.823    6.44925    10.9823    10.9824    21.6164   11.69957 4.6492e+01      0.831 0.0000e+00
        259 265.520584    0.01792     1.0750     64.500  1021.6195  44871.196    28.3626      0.822    6.44928    10.9823    10.9824    21.6158   11.69963 4.6583e+01      0.829 0.0000e+00
        260 265.520587    0.01799     1.0792     64.750  1021.6189  44870.005    28.3618      0.821    6.44931    10.9824    10.9824    21.6151   11.69970 4.6556e+01      0.828 0.0000e+00
        261 265.520590    0.01806     1.0833     65.000  1021.6182  44868.726    28.3609      0.820    6.44935    10.9824    10.9824    21.6144   11.69976 4.6363e+01      0.828 0.0000e+00
        262 265.520593    0.01812     1.0875     65.250  1021.6174  44867.355    28.3599      0.820    6.44938    10.9824    10.9825    21.6137   11.69983 4.6121e+01      0.828 0.0000e+00
        263 265.520596    0.01819     1.0917     65.500  1021.6167  44866.004    28.3590      0.820    6.44941    10.9825    10.9825    21.6129   11.69990 4.5959e+01      0.828 0.0000e+00
        264 265.520599    0.01826     1.0958     65.750  1021.6162  44865.194    28.3584      0.819    6.44943    10.9825    10.9825    21.6125   11.69993 4.5982e+01      0.826 0.0000e+00
        265 265.520602    0.01833     1.1000     66.000  1021.6163  44865.331    28.3585      0.819    6.44943    10.9825    10.9826    21.6125   11.69992 4.6294e+01      0.826 0.0000e+00
        266 265.520605    0.01840     1.1042     66.250  1021.6168  44866.310    28.3592      0.821    6.44940    10.9825    10.9826    21.6131   11.69986 4.6792e+01      0.829 0.0000e+00
        267 265.520608    0.01847     1.1083     66.500  1021.6179  44868.230    28.3605      0.828    6.44934    10.9824    10.9826    21.6141   11.69975 4.7139e+01      0.835 0.0000e+00
        268 265.520611    0.01854     1.1125     66.750  1021.6200  44872.071    28.3632      0.836    6.44923    10.9823    10.9826    21.6162   11.69954 4.7117e+01      0.844 0.0000e+00
        269 265.520613    0.01861     1.1167     67.000  1021.6237  44878.767    28.3679      0.842    6.44904    10.9822    10.9825    21.6199   11.69918 4.6915e+01      0.850 0.0000e+00
        270 265.520616    0.01868     1.1208     67.250  1021.6276  44885.946    28.3729      0.843    6.44885    10.9821    10.9824    21.6238   11.69880 4.6654e+01      0.851 0.0000e+00
        271 265.520619    0.01875     1.1250     67.500  1021.6293  44889.158    28.3752      0.838    6.44878    10.9820    10.9823    21.6255   11.69865 4.6230e+01      0.847 0.0000e+00
        272 265.520622    0.01882     1.1292     67.750  1021.6285  44887.569    28.3740      0.830    6.44884    10.9820    10.9822    21.6246   11.69877 4.5853e+01      0.838 0.0000e+00
        273 265.520625    0.01889     1.1333     68.000  1021.6263  44883.735    28.3714      0.820    6.44896    10.9821    10.9821    21.6226   11.69901 4.5947e+01      0.828 0.0000e+00
        274 265.520628    0.01896     1.1375     68.250  1021.6242  44879.792    28.3686      0.814    6.44908    10.9822    10.9821    21.6204   11.69923 4.6422e+01      0.822 0.0000e+00
        275 265.520631    0.01903     1.1417     68.500  1021.6220  44875.848    28.3659      0.812    6.44918    10.9822    10.9822    21.6183   11.69944 4.6651e+01      0.820 0.0000e+00
        276 265.520634    0.01910     1.1458     68.750  1021.6196  44871.491    28.3628      0.816    6.44930    10.9823    10.9823    21.6159   11.69966 4.6403e+01      0.824 0.0000e+00
        277 265.520637    0.01917     1.1500     69.000  1021.6175  44867.463    28.3600      0.823    6.44940    10.9823    10.9823    21.6137   11.69987 4.6159e+01      0.831 0.0000e+00
        278 265.520639    0.01924     1.1542     69.250  1021.6159  44864.631    28.3580      0.828    6.44948    10.9824    10.9824    21.6122   11.70001 4.6240e+01      0.836 0.0000e+00
        279 265.520642    0.01931     1.1583     69.500  1021.6151  44863.039    28.3569      0.832    6.44951    10.9824    10.9824    21.6113   11.70008 4.6489e+01      0.840 0.0000e+00
        280 265.520645    0.01938     1.1625     69.750  1021.6147  44862.208    28.3564      0.834    6.44953    10.9824    10.9825    21.6108   11.70012 4.6754e+01      0.842 0.0000e+00
        281 265.520648    0.01944     1.1667     70.000  1021.6144  44861.709    28.3560      0.835    6.44954    10.9824    10.9825    21.6106   11.70015 4.6945e+01      0.843 0.0000e+00
        282 265.520651    0.01951     1.1708     70.250  1021.6144  44861.599    28.3559      0.835    6.44954    10.9823    10.9825    21.6105   11.70015 4.7043e+01      0.843 0.0000e+00
        283 265.520654    0.01958     1.1750     70.500  1021.6147  44862.258    28.3564      0.834    6.44952    10.9823    10.9825    21.6109   11.70012 4.7035e+01      0.842 0.0000e+00
        284 265.520657    0.01965     1.1792     70.750  1021.6157  44864.163    28.3577      0.831    6.44947    10.9823    10.9824    21.6119   11.70002 4.6769e+01      0.839 0.0000e+00
        285 265.520660    0.01972     1.1833     71.000  1021.6178  44867.948    28.3603      0.828    6.44937    10.9822    10.9824    21.6140   11.69982 4.6181e+01      0.836 0.0000e+00
        286 265.520663    0.01979     1.1875     71.250  1021.6209  44873.702    28.3644      0.825    6.44922    10.9820    10.9823    21.6171   11.69951 4.5852e+01      0.833 0.0000e+00
        287 265.520666    0.01986     1.1917     71.500  1021.6247  44880.745    28.3693      0.825    6.44903    10.9819    10.9822    21.6210   11.69914 4.6333e+01      0.833 0.0000e+00
        288 265.520668    0.01993     1.1958     71.750  1021.6286  44887.731    28.3742      0.829    6.44885    10.9818    10.9821    21.6248   11.69878 4.6978e+01      0.837 0.0000e+00
        289 265.520671    0.02000     1.2000     72.000  1021.6319  44893.729    28.3783      0.837    6.44870    10.9816    10.9820    21.6280   11.69848 4.7172e+01      0.845 0.0000e+00
        290 265.520674    0.02007     1.2042     72.250  1021.6350  44899.461    28.3823      0.846    6.44855    10.9815    10.9818    21.6311   11.69819 4.7234e+01      0.855 0.0000e+00
        291 265.520677    0.02014     1.2083     72.500  1021.6376  44904.115    28.3856      0.855    6.44843    10.9814    10.9817    21.6337   11.69796 4.7328e+01      0.864 0.0000e+00
        292 265.520680    0.02021     1.2125     72.750  1021.6384  44905.559    28.3866      0.861    6.44841    10.9814    10.9816    21.6345   11.69790 4.7297e+01      0.869 0.0000e+00
        293 265.520683    0.02028     1.2167     73.000  1021.6380  44904.786    28.3860      0.865    6.44844    10.9813    10.9815    21.6341   11.69797 4.7071e+01      0.873 0.0000e+00
        294 265.520686    0.02035     1.2208     73.250  1021.6378  44904.428    28.3857      0.871    6.44846    10.9813    10.9815    21.6339   11.69800 4.6467e+01      0.879 0.0000e+00
        295 265.520689    0.02042     1.2250     73.500  1021.6390  44906.526    28.3872      0.885    6.44841    10.9812    10.9814    21.6350   11.69789 4.5464e+01      0.893 0.0000e+00
        296 265.520692    0.02049     1.2292     73.750  1021.6427  44912.976    28.3917      0.916    6.44823    10.9810    10.9814    21.6385   11.69754 4.4267e+01      0.924 0.0000e+00
        297 265.520694    0.02056     1.2333     74.000  1021.6493  44924.668    28.3998      0.972    6.44790    10.9808    10.9813    21.6449   11.69690 4.2670e+01      0.981 0.0000e+00
        298 265.520697    0.02063     1.2375     74.250  1021.6586  44941.017    28.4112      1.062    6.44746    10.9804    10.9812    21.6538   11.69603 4.0459e+01      1.072 0.0000e+00
        299 265.520700    0.02069     1.2417     74.500  1021.6699  44960.923    28.4251      1.187    6.44693    10.9800    10.9809    21.6646   11.69497 3.7910e+01      1.198 0.0000e+00
        300 265.520703    0.02076     1.2458     74.750  1021.6845  44986.538    28.4429      1.336    6.44624    10.9794    10.9806    21.6785   11.69363 3.5248e+01      1.349 0.0000e+00
        301 265.520706    0.02083     1.2500     75.000  1021.7056  45023.937    28.4690      1.504    6.44524    10.9785    10.9801    21.6988   11.69164 3.2513e+01      1.518 0.0000e+00
        302 265.520709    0.02090     1.2542     75.250  1021.7332  45073.009    28.5032      1.686    6.44392    10.9774    10.9795    21.7254   11.68905 2.9903e+01      1.701 0.0000e+00
        303 265.520712    0.02097     1.2583     75.500  1021.7622  45124.753    28.5393      1.879    6.44257    10.9763    10.9787    21.7536   11.68637 2.7652e+01      1.897 0.0000e+00
        304 265.520715    0.02104     1.2625     75.750  1021.7900  45174.103    28.5736      2.080    6.44131    10.9752    10.9776    21.7805   11.68387 2.5764e+01      2.099 0.0000e+00
        305 265.520718    0.02111     1.2667     76.000  1021.8167  45221.553    28.6067      2.280    6.44011    10.9741    10.9765    21.8063   11.68148 2.4107e+01      2.302 0.0000e+00
        306 265.520720    0.02118     1.2708     76.250  1021.8408  45264.083    28.6362      2.475    6.43905    10.9731    10.9754    21.8295   11.67937 2.2603e+01      2.499 0.0000e+00
        307 265.520723    0.02125     1.2750     76.500  1021.8609  45299.306    28.6607      2.662    6.43820    10.9722    10.9744    21.8487   11.67766 2.1244e+01      2.687 0.0000e+00
        308 265.520726    0.02132     1.2792     76.750  1021.8795  45331.977    28.6834      2.841    6.43740    10.9714    10.9734    21.8665   11.67607 2.0008e+01      2.868 0.0000e+00
        309 265.520729    0.02139     1.2833     77.000  1021.9011  45370.214    28.7100      3.019    6.43643    10.9705    10.9726    21.8873   11.67414 1.8842e+01      3.047 0.0000e+00
        310 265.520732    0.02146     1.2875     77.250  1021.9278  45417.578    28.7431      3.201    6.43520    10.9694    10.9718    21.9131   11.67169 1.7719e+01      3.231 0.0000e+00
        311 265.520735    0.02153     1.2917     77.500  1021.9575  45470.621    28.7801      3.389    6.43381    10.9683    10.9709    21.9420   11.66894 1.6653e+01      3.421 0.0000e+00
        312 265.520738    0.02160     1.2958     77.750  1021.9878  45524.473    28.8176      3.581    6.43242    10.9673    10.9698    21.9714   11.66618 1.5674e+01      3.615 0.0000e+00
        313 265.520741    0.02167     1.3000     78.000  1022.0154  45573.477    28.8518      3.775    6.43117    10.9663    10.9688    21.9981   11.66370 1.4807e+01      3.810 0.0000e+00
        314 265.520744    0.02174     1.3042     78.250  1022.0379  45613.141    28.8794      3.965    6.43019    10.9655    10.9677    22.0197   11.66174 1.4040e+01      4.003 0.0000e+00
        315 265.520747    0.02181     1.3083     78.500  1022.0557  45644.306    28.9010      4.152    6.42943    10.9649    10.9668    22.0367   11.66023 1.3336e+01      4.192 0.0000e+00
        316 265.520749    0.02187     1.3125     78.750  1022.0704  45669.751    28.9187      4.338    6.42881    10.9644    10.9660    22.0506   11.65899 1.2668e+01      4.379 0.0000e+00
        317 265.520752    0.02194     1.3167     79.000  1022.0845  45694.009    28.9356      4.524    6.42821    10.9640    10.9654    22.0638   11.65778 1.2031e+01      4.567 0.0000e+00
        318 265.520755    0.02201     1.3208     79.250  1022.1017  45724.068    28.9566      4.711    6.42742    10.9636    10.9650    22.0802   11.65622 1.1434e+01      4.756 0.0000e+00
        319 265.520758    0.02208     1.3250     79.500  1022.1243  45764.085    28.9845      4.897    6.42633    10.9631    10.9646    22.1020   11.65409 1.0884e+01      4.943 0.0000e+00
        320 265.520761    0.02215     1.3292     79.750  1022.1515  45812.490    29.0183      5.079    6.42501    10.9626    10.9641    22.1284   11.65149 1.0380e+01      5.127 0.0000e+00
        321 265.520764    0.02222     1.3333     80.000  1022.1814  45865.836    29.0556      5.258    6.42355    10.9623    10.9637    22.1574   11.64862 9.9136e+00      5.307 0.0000e+00
        322 265.520767    0.02229     1.3375     80.250  1022.2132  45922.632    29.0954      5.433    6.42199    10.9620    10.9633    22.1884   11.64555 9.4767e+00      5.484 0.0000e+00
        323 265.520770    0.02236     1.3417     80.500  1022.2474  45984.049    29.1384      5.604    6.42028    10.9618    10.9629    22.2219   11.64221 9.0641e+00      5.657 0.0000e+00
        324 265.520773    0.02243     1.3458     80.750  1022.2846  46050.824    29.1851      5.773    6.41841    10.9617    10.9626    22.2583   11.63855 8.6768e+00      5.828 0.0000e+00
        325 265.520775    0.02250     1.3500     81.000  1022.3234  46120.595    29.2340      5.939    6.41645    10.9617    10.9625    22.2963   11.63470 8.3149e+00      5.995 0.0000e+00
        326 265.520778    0.02257     1.3542     81.250  1022.3626  46191.235    29.2836      6.105    6.41444    10.9619    10.9624    22.3348   11.63078 7.9712e+00      6.162 0.0000e+00
        327 265.520781    0.02264     1.3583     81.500  1022.4016  46261.356    29.3327      6.273    6.41243    10.9622    10.9625    22.3730   11.62685 7.6370e+00      6.332 0.0000e+00
        328 265.520784    0.02271     1.3625     81.750  1022.4384  46327.400    29.3791      6.445    6.41051    10.9625    10.9627    22.4090   11.62311 7.3100e+00      6.506 0.0000e+00
        329 265.520787    0.02278     1.3667     82.000  1022.4713  46386.313    29.4204      6.623    6.40878    10.9626    10.9630    22.4411   11.61975 6.9943e+00      6.686 0.0000e+00
        330 265.520790    0.02285     1.3708     82.250  1022.5007  46438.743    29.4572      6.804    6.40724    10.9626    10.9633    22.4696   11.61676 6.6962e+00      6.869 0.0000e+00
        331 265.520793    0.02292     1.3750     82.500  1022.5277  46486.934    29.4910      6.987    6.40584    10.9625    10.9635    22.4959   11.61403 6.4186e+00      7.053 0.0000e+00
        332 265.520796    0.02299     1.3792     82.750  1022.5540  46533.631    29.5238      7.170    6.40450    10.9621    10.9635    22.5213   11.61142 6.1599e+00      7.238 0.0000e+00
        333 265.520799    0.02306     1.3833     83.000  1022.5797  46579.119    29.5557      7.353    6.40322    10.9616    10.9633    22.5461   11.60892 5.9170e+00      7.422 0.0000e+00
        334 265.520802    0.02313     1.3875     83.250  1022.6029  46620.195    29.5844      7.534    6.40209    10.9610    10.9630    22.5686   11.60671 5.6888e+00      7.605 0.0000e+00
        335 265.520804    0.02319     1.3917     83.500  1022.6233  46655.927    29.6094      7.713    6.40115    10.9605    10.9625    22.5881   11.60484 5.4742e+00      7.786 0.0000e+00
        336 265.520807    0.02326     1.3958     83.750  1022.6417  46688.152    29.6320      7.889    6.40031    10.9600    10.9619    22.6057   11.60318 5.2714e+00      7.964 0.0000e+00
        337 265.520810    0.02333     1.4000     84.000  1022.6592  46718.847    29.6534      8.062    6.39951    10.9595    10.9614    22.6224   11.60160 5.0787e+00      8.138 0.0000e+00
        338 265.520813    0.02340     1.4042     84.250  1022.6762  46748.523    29.6742      8.232    6.39873    10.9591    10.9609    22.6387   11.60007 4.8960e+00      8.310 0.0000e+00
        339 265.520816    0.02347     1.4083     84.500  1022.6921  46776.166    29.6935      8.399    6.39800    10.9588    10.9605    22.6538   11.59863 4.7227e+00      8.478 0.0000e+00
        340 265.520819    0.02354     1.4125     84.750  1022.7067  46801.474    29.7112      8.564    6.39733    10.9583    10.9601    22.6676   11.59730 4.5567e+00      8.644 0.0000e+00
