CTD-processing/allCTD/CNV--homogene/2017_09-22_t9_s07_cast041.cnv
* Sea-Bird SBE19plus Data File:
* FileName = C:\Users\Kim.Powell\Desktop\Not Processed\2017\2017_09-22\2017_09-22_TRANSECT_STATION_cast041.hex
* Software Version 1.59
* Temperature SN =  4141
* Conductivity SN =  4141
* System UpLoad Time = Oct 11 2017 10:56:35
** 2017_09-22
** Station: 9-07
** Start Time: 15:50
** Depth (m): 102.7
** Comment:
** Comment:
# nquan = 17
# nvalues = 883                         
# units = specified
# name 0 = scan: Scan Count
# name 1 = timeJ: Julian Days
# name 2 = timeH: Time, Elapsed [hours]
# name 3 = timeM: Time, Elapsed [minutes]
# name 4 = timeS: Time, Elapsed [seconds]
# name 5 = density00: Density [density, kg/m^3]
# name 6 = specc: Specific Conductance [uS/cm]
# name 7 = sal00: Salinity, Practical [PSU]
# name 8 = depSM: Depth [salt water, m], lat = 59.00
# name 9 = oxsolML/L: Oxygen Saturation, Garcia & Gordon [ml/l]
# name 10 = potemp090C: Potential Temperature [ITS-90, deg C]
# name 11 = tv290C: Temperature [ITS-90, deg C]
# name 12 = sigma-é00: Density [sigma-theta, kg/m^3]
# name 13 = n2satML/L: Nitrogen Saturation [ml/l]
# name 14 = par: PAR/Irradiance, Biospherical/Licor
# name 15 = prdM: Pressure, Strain Gauge [db]
# name 16 = flag:  0.000e+00
# span 0 =          1,        883       
# span 1 = 265.660208, 265.662760       
# span 2 =    0.00000,    0.06125       
# span 3 =     0.0000,     3.6750       
# span 4 =      0.000,    220.500       
# span 5 =  1020.0796,  1024.0485       
# span 6 =  42045.211,  48507.701       
# span 7 =    26.4078,    30.7960       
# span 8 =      0.716,     90.520       
# span 9 =    6.36806,    6.51094       
# span 10 =    10.2238,    11.2019      
# span 11 =    10.2340,    11.2020      
# span 12 =    20.0756,    23.6347      
# span 13 =   11.54295,   11.82563      
# span 14 = 4.8722e-02, 5.7497e+01      
# span 15 =      0.723,     91.395      
# span 16 = 0.0000e+00, 0.0000e+00      
# interval = seconds: 0.25
# start_time = Sep 22 2017 15:50:42 [Instrument's time stamp, header]
# bad_flag = -9.990e-29
*END*
          1 265.660208    0.00000     0.0000      0.000  1020.0826  42050.424    26.4112      0.870    6.51094    11.1195    11.1149    20.0787   11.82563 5.3759e+01      0.878 0.0000e+00
          2 265.660211    0.00007     0.0042      0.250  1020.0796  42045.211    26.4078      0.875    6.51071    11.1209    11.1175    20.0756   11.82529 5.4458e+01      0.883 0.0000e+00
          3 265.660214    0.00014     0.0083      0.500  1020.0844  42054.368    26.4144      0.874    6.51015    11.1223    11.1196    20.0804   11.82428 5.5426e+01      0.883 0.0000e+00
          4 265.660217    0.00021     0.0125      0.750  1020.1012  42085.867    26.4364      0.865    6.50904    11.1242    11.1210    20.0972   11.82217 5.6391e+01      0.874 0.0000e+00
          5 265.660220    0.00028     0.0167      1.000  1020.1328  42144.957    26.4775      0.847    6.50715    11.1272    11.1224    20.1289   11.81853 5.7127e+01      0.855 0.0000e+00
          6 265.660223    0.00035     0.0208      1.250  1020.1841  42240.715    26.5442      0.821    6.50413    11.1317    11.1243    20.1803   11.81271 5.7497e+01      0.829 0.0000e+00
          7 265.660226    0.00042     0.0250      1.500  1020.2563  42375.518    26.6380      0.792    6.49983    11.1372    11.1273    20.2526   11.80442 5.7305e+01      0.799 0.0000e+00
          8 265.660229    0.00049     0.0292      1.750  1020.3360  42524.545    26.7419      0.763    6.49493    11.1428    11.1318    20.3325   11.79501 5.6647e+01      0.771 0.0000e+00
          9 265.660231    0.00056     0.0333      2.000  1020.3976  42640.089    26.8226      0.740    6.49083    11.1476    11.1373    20.3943   11.78722 5.5912e+01      0.747 0.0000e+00
         10 265.660234    0.00063     0.0375      2.250  1020.4256  42693.193    26.8600      0.725    6.48850    11.1512    11.1429    20.4223   11.78290 5.5448e+01      0.732 0.0000e+00
         11 265.660237    0.00069     0.0417      2.500  1020.4233  42689.777    26.8581      0.717    6.48790    11.1532    11.1477    20.4200   11.78192 5.5430e+01      0.724 0.0000e+00
         12 265.660240    0.00076     0.0458      2.750  1020.4018  42650.530    26.8311      0.716    6.48851    11.1539    11.1512    20.3985   11.78326 5.5748e+01      0.723 0.0000e+00
         13 265.660243    0.00083     0.0500      3.000  1020.3717  42595.016    26.7927      0.719    6.48980    11.1536    11.1533    20.3684   11.78587 5.6137e+01      0.726 0.0000e+00
         14 265.660246    0.00090     0.0542      3.250  1020.3399  42536.101    26.7519      0.724    6.49138    11.1526    11.1540    20.3366   11.78899 5.6431e+01      0.731 0.0000e+00
         15 265.660249    0.00097     0.0583      3.500  1020.3089  42478.514    26.7118      0.727    6.49308    11.1511    11.1537    20.3055   11.79229 5.6657e+01      0.734 0.0000e+00
         16 265.660252    0.00104     0.0625      3.750  1020.2784  42421.673    26.6723      0.728    6.49485    11.1493    11.1526    20.2750   11.79573 5.6856e+01      0.735 0.0000e+00
         17 265.660255    0.00111     0.0667      4.000  1020.2490  42366.899    26.6341      0.727    6.49664    11.1477    11.1511    20.2456   11.79915 5.7050e+01      0.734 0.0000e+00
         18 265.660258    0.00118     0.0708      4.250  1020.2241  42320.376    26.6016      0.726    6.49821    11.1463    11.1494    20.2207   11.80217 5.7262e+01      0.732 0.0000e+00
         19 265.660260    0.00125     0.0750      4.500  1020.2064  42287.104    26.5784      0.725    6.49940    11.1452    11.1478    20.2030   11.80442 5.7332e+01      0.732 0.0000e+00
         20 265.660263    0.00132     0.0792      4.750  1020.1948  42265.416    26.5632      0.727    6.50022    11.1444    11.1464    20.1914   11.80597 5.7188e+01      0.734 0.0000e+00
         21 265.660266    0.00139     0.0833      5.000  1020.1864  42249.602    26.5522      0.733    6.50083    11.1437    11.1453    20.1830   11.80712 5.6952e+01      0.740 0.0000e+00
         22 265.660269    0.00146     0.0875      5.250  1020.1782  42234.164    26.5414      0.743    6.50140    11.1431    11.1445    20.1748   11.80819 5.6719e+01      0.750 0.0000e+00
         23 265.660272    0.00153     0.0917      5.500  1020.1693  42217.391    26.5297      0.754    6.50198    11.1426    11.1437    20.1658   11.80930 5.6572e+01      0.762 0.0000e+00
         24 265.660275    0.00160     0.0958      5.750  1020.1612  42202.137    26.5190      0.766    6.50250    11.1424    11.1431    20.1577   11.81030 5.6520e+01      0.774 0.0000e+00
         25 265.660278    0.00167     0.1000      6.000  1020.1557  42191.849    26.5118      0.777    6.50286    11.1425    11.1427    20.1522   11.81098 5.6543e+01      0.785 0.0000e+00
         26 265.660281    0.00174     0.1042      6.250  1020.1537  42187.990    26.5091      0.786    6.50300    11.1427    11.1425    20.1501   11.81125 5.6613e+01      0.793 0.0000e+00
         27 265.660284    0.00181     0.1083      6.500  1020.1548  42190.055    26.5106      0.792    6.50294    11.1432    11.1425    20.1512   11.81113 5.6718e+01      0.799 0.0000e+00
         28 265.660286    0.00187     0.1125      6.750  1020.1584  42196.630    26.5151      0.795    6.50271    11.1439    11.1428    20.1547   11.81070 5.6841e+01      0.803 0.0000e+00
         29 265.660289    0.00194     0.1167      7.000  1020.1638  42206.749    26.5222      0.797    6.50235    11.1448    11.1433    20.1601   11.81001 5.6804e+01      0.805 0.0000e+00
         30 265.660292    0.00201     0.1208      7.250  1020.1708  42219.802    26.5313      0.798    6.50188    11.1458    11.1440    20.1671   11.80911 5.6527e+01      0.806 0.0000e+00
         31 265.660295    0.00208     0.1250      7.500  1020.1789  42235.030    26.5420      0.799    6.50132    11.1470    11.1449    20.1752   11.80804 5.6150e+01      0.807 0.0000e+00
         32 265.660298    0.00215     0.1292      7.750  1020.1876  42251.356    26.5534      0.802    6.50070    11.1482    11.1459    20.1839   11.80688 5.5724e+01      0.810 0.0000e+00
         33 265.660301    0.00222     0.1333      8.000  1020.1961  42267.465    26.5647      0.806    6.50007    11.1495    11.1471    20.1925   11.80569 5.5286e+01      0.814 0.0000e+00
         34 265.660304    0.00229     0.1375      8.250  1020.2045  42283.109    26.5757      0.813    6.49944    11.1509    11.1483    20.2008   11.80452 5.4921e+01      0.821 0.0000e+00
         35 265.660307    0.00236     0.1417      8.500  1020.2134  42299.727    26.5873      0.822    6.49878    11.1524    11.1496    20.2096   11.80328 5.4642e+01      0.830 0.0000e+00
         36 265.660310    0.00243     0.1458      8.750  1020.2235  42318.756    26.6006      0.832    6.49803    11.1540    11.1510    20.2197   11.80187 5.4473e+01      0.840 0.0000e+00
         37 265.660312    0.00250     0.1500      9.000  1020.2350  42340.215    26.6157      0.841    6.49720    11.1556    11.1525    20.2311   11.80030 5.4438e+01      0.849 0.0000e+00
         38 265.660315    0.00257     0.1542      9.250  1020.2474  42363.579    26.6320      0.849    6.49630    11.1572    11.1541    20.2435   11.79862 5.4408e+01      0.857 0.0000e+00
         39 265.660318    0.00264     0.1583      9.500  1020.2612  42389.371    26.6501      0.853    6.49534    11.1589    11.1557    20.2573   11.79679 5.4283e+01      0.861 0.0000e+00
         40 265.660321    0.00271     0.1625      9.750  1020.2771  42419.221    26.6710      0.855    6.49425    11.1607    11.1573    20.2732   11.79473 5.4098e+01      0.863 0.0000e+00
         41 265.660324    0.00278     0.1667     10.000  1020.2960  42454.635    26.6957      0.857    6.49299    11.1625    11.1590    20.2921   11.79235 5.3890e+01      0.866 0.0000e+00
         42 265.660327    0.00285     0.1708     10.250  1020.3180  42495.598    26.7243      0.862    6.49157    11.1643    11.1608    20.3140   11.78963 5.3712e+01      0.870 0.0000e+00
         43 265.660330    0.00292     0.1750     10.500  1020.3414  42539.341    26.7549      0.869    6.49005    11.1662    11.1626    20.3374   11.78674 5.3528e+01      0.878 0.0000e+00
         44 265.660333    0.00299     0.1792     10.750  1020.3640  42581.496    26.7843      0.879    6.48858    11.1678    11.1644    20.3600   11.78394 5.3252e+01      0.888 0.0000e+00
         45 265.660336    0.00306     0.1833     11.000  1020.3842  42619.214    26.8106      0.891    6.48724    11.1693    11.1663    20.3802   11.78139 5.2912e+01      0.900 0.0000e+00
         46 265.660339    0.00313     0.1875     11.250  1020.4017  42651.845    26.8335      0.903    6.48606    11.1706    11.1679    20.3976   11.77916 5.2561e+01      0.912 0.0000e+00
         47 265.660341    0.00319     0.1917     11.500  1020.4167  42679.723    26.8530      0.914    6.48506    11.1717    11.1694    20.4125   11.77725 5.2206e+01      0.923 0.0000e+00
         48 265.660344    0.00326     0.1958     11.750  1020.4295  42703.685    26.8697      0.924    6.48419    11.1726    11.1707    20.4253   11.77561 5.1812e+01      0.933 0.0000e+00
         49 265.660347    0.00333     0.2000     12.000  1020.4411  42725.435    26.8849      0.931    6.48341    11.1735    11.1718    20.4369   11.77412 5.1351e+01      0.940 0.0000e+00
         50 265.660350    0.00340     0.2042     12.250  1020.4529  42747.362    26.9003      0.935    6.48264    11.1743    11.1728    20.4486   11.77266 5.0856e+01      0.944 0.0000e+00
         51 265.660353    0.00347     0.2083     12.500  1020.4657  42771.269    26.9170      0.939    6.48183    11.1750    11.1736    20.4614   11.77111 5.0436e+01      0.948 0.0000e+00
         52 265.660356    0.00354     0.2125     12.750  1020.4797  42797.208    26.9351      0.942    6.48098    11.1756    11.1744    20.4754   11.76947 5.0146e+01      0.951 0.0000e+00
         53 265.660359    0.00361     0.2167     13.000  1020.4935  42823.016    26.9531      0.946    6.48014    11.1761    11.1751    20.4892   11.76786 4.9894e+01      0.955 0.0000e+00
         54 265.660362    0.00368     0.2208     13.250  1020.5056  42845.487    26.9687      0.950    6.47941    11.1765    11.1757    20.5013   11.76646 4.9693e+01      0.959 0.0000e+00
         55 265.660365    0.00375     0.2250     13.500  1020.5149  42862.635    26.9807      0.953    6.47885    11.1767    11.1762    20.5105   11.76538 4.9643e+01      0.962 0.0000e+00
         56 265.660367    0.00382     0.2292     13.750  1020.5212  42874.502    26.9890      0.954    6.47846    11.1768    11.1766    20.5168   11.76463 4.9628e+01      0.963 0.0000e+00
         57 265.660370    0.00389     0.2333     14.000  1020.5255  42882.449    26.9945      0.953    6.47820    11.1769    11.1768    20.5211   11.76414 4.9493e+01      0.962 0.0000e+00
         58 265.660373    0.00396     0.2375     14.250  1020.5284  42888.018    26.9984      0.951    6.47803    11.1769    11.1769    20.5241   11.76380 4.9169e+01      0.959 0.0000e+00
         59 265.660376    0.00403     0.2417     14.500  1020.5309  42892.516    27.0016      0.948    6.47789    11.1768    11.1770    20.5265   11.76354 4.8698e+01      0.957 0.0000e+00
         60 265.660379    0.00410     0.2458     14.750  1020.5344  42899.036    27.0061      0.948    6.47771    11.1767    11.1770    20.5301   11.76318 4.8263e+01      0.957 0.0000e+00
         61 265.660382    0.00417     0.2500     15.000  1020.5394  42908.186    27.0124      0.953    6.47745    11.1764    11.1769    20.5350   11.76268 4.8007e+01      0.961 0.0000e+00
         62 265.660385    0.00424     0.2542     15.250  1020.5422  42913.311    27.0160      0.962    6.47732    11.1760    11.1768    20.5377   11.76242 4.8031e+01      0.970 0.0000e+00
         63 265.660388    0.00431     0.2583     15.500  1020.5394  42908.022    27.0123      0.974    6.47751    11.1753    11.1765    20.5349   11.76278 4.8343e+01      0.983 0.0000e+00
         64 265.660391    0.00438     0.2625     15.750  1020.5295  42889.585    26.9994      0.987    6.47811    11.1745    11.1761    20.5250   11.76393 4.8781e+01      0.996 0.0000e+00
         65 265.660394    0.00444     0.2667     16.000  1020.5121  42857.167    26.9768      0.995    6.47913    11.1734    11.1754    20.5076   11.76590 4.9181e+01      1.004 0.0000e+00
         66 265.660396    0.00451     0.2708     16.250  1020.4918  42819.311    26.9504      0.995    6.48033    11.1721    11.1746    20.4873   11.76821 4.9423e+01      1.004 0.0000e+00
         67 265.660399    0.00458     0.2750     16.500  1020.4779  42793.306    26.9323      0.989    6.48122    11.1707    11.1736    20.4733   11.76990 4.9352e+01      0.998 0.0000e+00
         68 265.660402    0.00465     0.2792     16.750  1020.4764  42790.514    26.9302      0.978    6.48148    11.1693    11.1723    20.4719   11.77037 4.9000e+01      0.987 0.0000e+00
         69 265.660405    0.00472     0.2833     17.000  1020.4868  42809.644    26.9434      0.967    6.48115    11.1685    11.1708    20.4824   11.76966 4.8538e+01      0.976 0.0000e+00
         70 265.660408    0.00479     0.2875     17.250  1020.5019  42837.369    26.9625      0.960    6.48055    11.1681    11.1695    20.4975   11.76843 4.8074e+01      0.969 0.0000e+00
         71 265.660411    0.00486     0.2917     17.500  1020.5128  42857.476    26.9764      0.958    6.48010    11.1680    11.1686    20.5084   11.76752 4.7793e+01      0.967 0.0000e+00
         72 265.660414    0.00493     0.2958     17.750  1020.5157  42862.823    26.9801      0.961    6.48000    11.1680    11.1682    20.5113   11.76731 4.7810e+01      0.970 0.0000e+00
         73 265.660417    0.00500     0.3000     18.000  1020.5100  42852.117    26.9727      0.967    6.48031    11.1677    11.1682    20.5055   11.76792 4.8012e+01      0.976 0.0000e+00
         74 265.660420    0.00507     0.3042     18.250  1020.4957  42825.463    26.9541      0.972    6.48108    11.1671    11.1681    20.4912   11.76942 4.8295e+01      0.981 0.0000e+00
         75 265.660422    0.00514     0.3083     18.500  1020.4757  42788.349    26.9283      0.973    6.48218    11.1660    11.1679    20.4712   11.77155 4.8649e+01      0.983 0.0000e+00
         76 265.660425    0.00521     0.3125     18.750  1020.4553  42750.454    26.9019      0.970    6.48335    11.1641    11.1673    20.4508   11.77382 4.8987e+01      0.979 0.0000e+00
         77 265.660428    0.00528     0.3167     19.000  1020.4390  42720.157    26.8807      0.963    6.48438    11.1619    11.1661    20.4346   11.77579 4.9151e+01      0.972 0.0000e+00
         78 265.660431    0.00535     0.3208     19.250  1020.4302  42703.693    26.8691      0.956    6.48511    11.1595    11.1643    20.4259   11.77715 4.9146e+01      0.965 0.0000e+00
         79 265.660434    0.00542     0.3250     19.500  1020.4302  42703.186    26.8685      0.952    6.48546    11.1573    11.1620    20.4258   11.77773 4.9164e+01      0.961 0.0000e+00
         80 265.660437    0.00549     0.3292     19.750  1020.4362  42713.883    26.8757      0.954    6.48550    11.1555    11.1596    20.4318   11.77770 4.9335e+01      0.963 0.0000e+00
         81 265.660440    0.00556     0.3333     20.000  1020.4430  42726.074    26.8840      0.962    6.48546    11.1540    11.1574    20.4386   11.77755 4.9594e+01      0.971 0.0000e+00
         82 265.660443    0.00562     0.3375     20.250  1020.4457  42730.648    26.8870      0.974    6.48559    11.1525    11.1556    20.4412   11.77772 4.9846e+01      0.983 0.0000e+00
         83 265.660446    0.00569     0.3417     20.500  1020.4418  42723.172    26.8817      0.985    6.48603    11.1509    11.1541    20.4373   11.77851 5.0128e+01      0.995 0.0000e+00
         84 265.660448    0.00576     0.3458     20.750  1020.4320  42704.706    26.8687      0.992    6.48676    11.1488    11.1526    20.4275   11.77989 5.0475e+01      1.001 0.0000e+00
         85 265.660451    0.00583     0.3500     21.000  1020.4199  42681.893    26.8527      0.990    6.48765    11.1459    11.1510    20.4154   11.78156 5.0790e+01      1.000 0.0000e+00
