CTD-processing/allCTD/CNV--homogene/2017_07-24_alongbay_skb12_cast222.cnv
* Sea-Bird SBE19plus Data File:
* FileName = P:\My Documents\kasitsna\Research-KBL\Oceanography-AK\CTD-Data-ALL-to-2017-02\2017-CTD-KachemakBay-CookInlet\2017-07-24-CookInlet-AlongBay-KB03toKB13\2017-07-24-KachemakBay-AlongBay-cast222.hex
* Software Version 1.59
* Temperature SN =  4141
* Conductivity SN =  4141
* System UpLoad Time = Jul 24 2017 20:09:56
** Cook Inlet Along Kachemak Bay Transect (KB03 to KB13)
** Date: 2017-07-24
** Station: (eg. 9-01): KB12
** Start time (AKDT): 14:46
** Depth (m): 79.2
** Comment: R/V Edgecumbe.  Quarterly survey.
** Comment:
# nquan = 17
# nvalues = 624                         
# units = specified
# name 0 = scan: Scan Count
# name 1 = timeJ: Julian Days
# name 2 = timeH: Time, Elapsed [hours]
# name 3 = timeM: Time, Elapsed [minutes]
# name 4 = timeS: Time, Elapsed [seconds]
# name 5 = density00: Density [density, kg/m^3]
# name 6 = specc: Specific Conductance [uS/cm]
# name 7 = sal00: Salinity, Practical [PSU]
# name 8 = depSM: Depth [salt water, m], lat = 59.00
# name 9 = oxsolML/L: Oxygen Saturation, Garcia & Gordon [ml/l]
# name 10 = potemp090C: Potential Temperature [ITS-90, deg C]
# name 11 = tv290C: Temperature [ITS-90, deg C]
# name 12 = sigma-é00: Density [sigma-theta, kg/m^3]
# name 13 = n2satML/L: Nitrogen Saturation [ml/l]
# name 14 = par: PAR/Irradiance, Biospherical/Licor
# name 15 = prdM: Pressure, Strain Gauge [db]
# name 16 = flag:  0.000e+00
# span 0 =          1,        624       
# span 1 = 205.616007, 205.617810       
# span 2 =    0.00000,    0.04326       
# span 3 =     0.0000,     2.5958       
# span 4 =      0.000,    155.750       
# span 5 =  1015.7581,  1024.9796       
# span 6 =  34505.951,  50229.372       
# span 7 =    21.4058,    31.6089       
# span 8 =      0.711,     61.837       
# span 9 =    6.32634,    6.84054       
# span 10 =     7.3929,    13.8028      
# span 11 =     7.3986,    13.8029      
# span 12 =    15.7543,    24.6932      
# span 13 =   11.54557,   12.30831      
# span 14 = 5.4648e-02, 7.8886e+02      
# span 15 =      0.718,     62.430      
# span 16 = 0.0000e+00, 0.0000e+00      
# interval = seconds: 0.25
# start_time = Jul 24 2017 14:47:03 [Instrument's time stamp, header]
# bad_flag = -9.990e-29
*END*
[from data line 86]
         87 205.616256    0.00597     0.3583     21.500  1015.7589  34506.853    21.4063      0.800    6.35063    13.7520    13.7545    15.7552   11.61867 5.3376e+02      0.808 0.0000e+00
         88 205.616259    0.00604     0.3625     21.750  1015.7598  34508.301    21.4073      0.796    6.35077    13.7511    13.7532    15.7561   11.61888 5.3156e+02      0.804 0.0000e+00
         89 205.616262    0.00611     0.3667     22.000  1015.7611  34510.570    21.4087      0.795    6.35086    13.7502    13.7521    15.7575   11.61901 5.2985e+02      0.803 0.0000e+00
         90 205.616264    0.00618     0.3708     22.250  1015.7622  34512.428    21.4099      0.797    6.35092    13.7486    13.7512    15.7586   11.61911 5.2980e+02      0.805 0.0000e+00
         91 205.616267    0.00625     0.3750     22.500  1015.7625  34512.674    21.4101      0.801    6.35104    13.7458    13.7503    15.7589   11.61930 5.3358e+02      0.809 0.0000e+00
         92 205.616270    0.00632     0.3792     22.750  1015.7624  34512.048    21.4096      0.804    6.35127    13.7411    13.7487    15.7587   11.61969 5.4030e+02      0.812 0.0000e+00
         93 205.616273    0.00639     0.3833     23.000  1015.7631  34512.558    21.4098      0.806    6.35164    13.7339    13.7459    15.7594   11.62030 5.4611e+02      0.813 0.0000e+00
         94 205.616276    0.00646     0.3875     23.250  1015.7654  34515.513    21.4116      0.805    6.35220    13.7252    13.7412    15.7616   11.62122 5.4845e+02      0.813 0.0000e+00
         95 205.616279    0.00653     0.3917     23.500  1015.7693  34521.017    21.4149      0.803    6.35302    13.7170    13.7340    15.7655   11.62255 5.4770e+02      0.811 0.0000e+00
         96 205.616282    0.00660     0.3958     23.750  1015.7742  34528.184    21.4194      0.800    6.35401    13.7105    13.7253    15.7705   11.62414 5.4588e+02      0.807 0.0000e+00
         97 205.616285    0.00667     0.4000     24.000  1015.7792  34535.549    21.4240      0.797    6.35493    13.7060    13.7171    15.7756   11.62562 5.4360e+02      0.804 0.0000e+00
         98 205.616288    0.00674     0.4042     24.250  1015.7834  34541.816    21.4279      0.795    6.35564    13.7030    13.7106    15.7798   11.62676 5.4005e+02      0.802 0.0000e+00
         99 205.616291    0.00681     0.4083     24.500  1015.7864  34546.250    21.4307      0.796    6.35612    13.7003    13.7061    15.7827   11.62754 5.3384e+02      0.804 0.0000e+00
        100 205.616293    0.00688     0.4125     24.750  1015.7881  34548.736    21.4322      0.800    6.35647    13.6973    13.7031    15.7845   11.62811 5.2743e+02      0.807 0.0000e+00
        101 205.616296    0.00694     0.4167     25.000  1015.7891  34549.927    21.4329      0.804    6.35680    13.6937    13.7004    15.7855   11.62865 5.2530e+02      0.812 0.0000e+00
        102 205.616299    0.00701     0.4208     25.250  1015.7902  34551.082    21.4336      0.806    6.35717    13.6891    13.6974    15.7865   11.62926 5.2830e+02      0.813 0.0000e+00
        103 205.616302    0.00708     0.4250     25.500  1015.7918  34553.202    21.4348      0.804    6.35761    13.6840    13.6938    15.7881   11.62998 5.3429e+02      0.811 0.0000e+00
        104 205.616305    0.00715     0.4292     25.750  1015.7943  34556.700    21.4370      0.798    6.35814    13.6796    13.6892    15.7906   11.63084 5.3900e+02      0.805 0.0000e+00
        105 205.616308    0.00722     0.4333     26.000  1015.7974  34561.274    21.4398      0.792    6.35871    13.6769    13.6841    15.7937   11.63176 5.3745e+02      0.799 0.0000e+00
        106 205.616311    0.00729     0.4375     26.250  1015.8002  34565.613    21.4426      0.788    6.35918    13.6759    13.6797    15.7966   11.63252 5.3185e+02      0.795 0.0000e+00
        107 205.616314    0.00736     0.4417     26.500  1015.8020  34568.279    21.4442      0.788    6.35947    13.6757    13.6770    15.7984   11.63298 5.2997e+02      0.795 0.0000e+00
        108 205.616317    0.00743     0.4458     26.750  1015.8024  34568.752    21.4445      0.791    6.35960    13.6757    13.6760    15.7988   11.63319 5.3012e+02      0.798 0.0000e+00
        109 205.616319    0.00750     0.4500     27.000  1015.8019  34567.706    21.4438      0.794    6.35965    13.6749    13.6758    15.7983   11.63328 5.3033e+02      0.801 0.0000e+00
        110 205.616322    0.00757     0.4542     27.250  1015.8013  34566.476    21.4430      0.796    6.35968    13.6726    13.6758    15.7976   11.63336 5.3658e+02      0.803 0.0000e+00
        111 205.616325    0.00764     0.4583     27.500  1015.8012  34566.141    21.4427      0.796    6.35980    13.6691    13.6750    15.7976   11.63355 5.4728e+02      0.803 0.0000e+00
        112 205.616328    0.00771     0.4625     27.750  1015.8021  34567.191    21.4433      0.796    6.36008    13.6657    13.6727    15.7985   11.63402 5.5197e+02      0.803 0.0000e+00
        113 205.616331    0.00778     0.4667     28.000  1015.8036  34569.201    21.4445      0.795    6.36050    13.6631    13.6692    15.8000   11.63471 5.4895e+02      0.803 0.0000e+00
        114 205.616334    0.00785     0.4708     28.250  1015.8051  34571.134    21.4456      0.795    6.36091    13.6613    13.6658    15.8015   11.63538 5.4636e+02      0.803 0.0000e+00
        115 205.616337    0.00792     0.4750     28.500  1015.8061  34572.304    21.4462      0.794    6.36123    13.6602    13.6632    15.8025   11.63591 5.5009e+02      0.802 0.0000e+00
        116 205.616340    0.00799     0.4792     28.750  1015.8066  34572.706    21.4464      0.793    6.36146    13.6595    13.6614    15.8030   11.63628 5.5874e+02      0.801 0.0000e+00
        117 205.616343    0.00806     0.4833     29.000  1015.8067  34572.621    21.4463      0.792    6.36162    13.6592    13.6603    15.8031   11.63655 5.6769e+02      0.800 0.0000e+00
        118 205.616345    0.00813     0.4875     29.250  1015.8065  34572.147    21.4460      0.790    6.36172    13.6590    13.6596    15.8029   11.63673 5.7324e+02      0.797 0.0000e+00
        119 205.616348    0.00819     0.4917     29.500  1015.8061  34571.326    21.4454      0.788    6.36179    13.6589    13.6593    15.8025   11.63686 5.7157e+02      0.796 0.0000e+00
        120 205.616351    0.00826     0.4958     29.750  1015.8057  34570.518    21.4448      0.788    6.36184    13.6590    13.6591    15.8021   11.63694 5.6407e+02      0.796 0.0000e+00
        121 205.616354    0.00833     0.5000     30.000  1015.8054  34569.942    21.4444      0.791    6.36187    13.6591    13.6590    15.8018   11.63698 5.5468e+02      0.799 0.0000e+00
        122 205.616357    0.00840     0.5042     30.250  1015.8051  34569.335    21.4440      0.794    6.36187    13.6590    13.6591    15.8015   11.63700 5.4734e+02      0.802 0.0000e+00
        123 205.616360    0.00847     0.5083     30.500  1015.8048  34568.663    21.4436      0.796    6.36188    13.6585    13.6592    15.8011   11.63701 5.4664e+02      0.803 0.0000e+00
        124 205.616363    0.00854     0.5125     30.750  1015.8045  34568.192    21.4432      0.795    6.36190    13.6574    13.6591    15.8009   11.63705 5.5148e+02      0.802 0.0000e+00
        125 205.616366    0.00861     0.5167     31.000  1015.8044  34567.945    21.4430      0.793    6.36198    13.6557    13.6586    15.8008   11.63718 5.5702e+02      0.800 0.0000e+00
        126 205.616369    0.00868     0.5208     31.250  1015.8046  34567.888    21.4429      0.792    6.36214    13.6537    13.6575    15.8010   11.63745 5.5584e+02      0.799 0.0000e+00
        127 205.616372    0.00875     0.5250     31.500  1015.8049  34568.076    21.4430      0.792    6.36236    13.6518    13.6558    15.8013   11.63783 5.4611e+02      0.800 0.0000e+00
        128 205.616374    0.00882     0.5292     31.750  1015.8054  34568.508    21.4432      0.794    6.36262    13.6500    13.6538    15.8018   11.63825 5.3579e+02      0.802 0.0000e+00
        129 205.616377    0.00889     0.5333     32.000  1015.8060  34569.061    21.4435      0.796    6.36286    13.6485    13.6519    15.8024   11.63866 5.2834e+02      0.804 0.0000e+00
        130 205.616380    0.00896     0.5375     32.250  1015.8066  34569.608    21.4437      0.798    6.36308    13.6469    13.6501    15.8029   11.63902 5.2247e+02      0.805 0.0000e+00
        131 205.616383    0.00903     0.5417     32.500  1015.8071  34570.198    21.4441      0.799    6.36327    13.6454    13.6486    15.8034   11.63935 5.2129e+02      0.806 0.0000e+00
        132 205.616386    0.00910     0.5458     32.750  1015.8077  34570.970    21.4445      0.800    6.36346    13.6439    13.6470    15.8041   11.63965 5.2739e+02      0.807 0.0000e+00
        133 205.616389    0.00917     0.5500     33.000  1015.8085  34572.011    21.4451      0.799    6.36364    13.6425    13.6455    15.8048   11.63995 5.3559e+02      0.806 0.0000e+00
        134 205.616392    0.00924     0.5542     33.250  1015.8093  34573.222    21.4459      0.798    6.36382    13.6413    13.6440    15.8057   11.64023 5.4322e+02      0.805 0.0000e+00
        135 205.616395    0.00931     0.5583     33.500  1015.8101  34574.246    21.4465      0.796    6.36398    13.6404    13.6426    15.8064   11.64049 5.5528e+02      0.803 0.0000e+00
        136 205.616398    0.00937     0.5625     33.750  1015.8104  34574.690    21.4468      0.794    6.36412    13.6399    13.6414    15.8068   11.64074 5.6843e+02      0.801 0.0000e+00
        137 205.616400    0.00944     0.5667     34.000  1015.8104  34574.489    21.4466      0.793    6.36425    13.6398    13.6405    15.8068   11.64096 5.7360e+02      0.800 0.0000e+00
        138 205.616403    0.00951     0.5708     34.250  1015.8103  34574.040    21.4463      0.794    6.36434    13.6404    13.6400    15.8067   11.64110 5.7136e+02      0.801 0.0000e+00
        139 205.616406    0.00958     0.5750     34.500  1015.8101  34573.690    21.4460      0.797    6.36436    13.6412    13.6399    15.8065   11.64113 5.6482e+02      0.804 0.0000e+00
        140 205.616409    0.00965     0.5792     34.750  1015.8099  34573.399    21.4458      0.801    6.36430    13.6416    13.6405    15.8063   11.64103 5.5606e+02      0.809 0.0000e+00
        141 205.616412    0.00972     0.5833     35.000  1015.8098  34573.345    21.4458      0.805    6.36419    13.6411    13.6413    15.8061   11.64085 5.5161e+02      0.813 0.0000e+00
        142 205.616415    0.00979     0.5875     35.250  1015.8102  34574.229    21.4464      0.808    6.36410    13.6393    13.6417    15.8065   11.64070 5.5069e+02      0.816 0.0000e+00
        143 205.616418    0.00986     0.5917     35.500  1015.8114  34576.464    21.4479      0.808    6.36411    13.6363    13.6412    15.8078   11.64069 5.4713e+02      0.815 0.0000e+00
        144 205.616421    0.00993     0.5958     35.750  1015.8133  34579.604    21.4500      0.805    6.36427    13.6332    13.6394    15.8097   11.64094 5.4355e+02      0.812 0.0000e+00
        145 205.616424    0.01000     0.6000     36.000  1015.8154  34582.723    21.4519      0.800    6.36459    13.6316    13.6364    15.8117   11.64145 5.4365e+02      0.808 0.0000e+00
        146 205.616427    0.01007     0.6042     36.250  1015.8170  34584.944    21.4533      0.798    6.36495    13.6325    13.6333    15.8133   11.64204 5.4484e+02      0.806 0.0000e+00
        147 205.616429    0.01014     0.6083     36.500  1015.8177  34585.811    21.4538      0.800    6.36515    13.6357    13.6317    15.8140   11.64236 5.4346e+02      0.808 0.0000e+00
        148 205.616432    0.01021     0.6125     36.750  1015.8172  34585.176    21.4534      0.807    6.36504    13.6398    13.6326    15.8136   11.64220 5.4172e+02      0.814 0.0000e+00
        149 205.616435    0.01028     0.6167     37.000  1015.8158  34583.277    21.4523      0.813    6.36466    13.6431    13.6358    15.8121   11.64157 5.4398e+02      0.821 0.0000e+00
        150 205.616438    0.01035     0.6208     37.250  1015.8142  34581.177    21.4511      0.816    6.36416    13.6442    13.6399    15.8104   11.64074 5.5025e+02      0.824 0.0000e+00
        151 205.616441    0.01042     0.6250     37.500  1015.8131  34579.995    21.4505      0.814    6.36375    13.6435    13.6432    15.8094   11.64006 5.5716e+02      0.822 0.0000e+00
        152 205.616444    0.01049     0.6292     37.750  1015.8128  34579.900    21.4505      0.809    6.36359    13.6421    13.6443    15.8091   11.63979 5.6176e+02      0.816 0.0000e+00
        153 205.616447    0.01056     0.6333     38.000  1015.8131  34580.359    21.4507      0.803    6.36368    13.6416    13.6436    15.8095   11.63994 5.6229e+02      0.811 0.0000e+00
        154 205.616450    0.01063     0.6375     38.250  1015.8136  34580.870    21.4510      0.801    6.36384    13.6422    13.6422    15.8099   11.64022 5.5801e+02      0.808 0.0000e+00
        155 205.616453    0.01069     0.6417     38.500  1015.8138  34581.120    21.4511      0.803    6.36391    13.6436    13.6417    15.8101   11.64033 5.5221e+02      0.811 0.0000e+00
        156 205.616455    0.01076     0.6458     38.750  1015.8136  34580.866    21.4510      0.808    6.36383    13.6450    13.6423    15.8099   11.64020 5.4879e+02      0.816 0.0000e+00
        157 205.616458    0.01083     0.6500     39.000  1015.8132  34580.394    21.4508      0.812    6.36365    13.6454    13.6437    15.8094   11.63991 5.5257e+02      0.820 0.0000e+00
        158 205.616461    0.01090     0.6542     39.250  1015.8130  34580.412    21.4509      0.814    6.36347    13.6445    13.6451    15.8093   11.63960 5.6286e+02      0.822 0.0000e+00
        159 205.616464    0.01097     0.6583     39.500  1015.8133  34581.195    21.4514      0.813    6.36339    13.6427    13.6455    15.8096   11.63945 5.6918e+02      0.821 0.0000e+00
        160 205.616467    0.01104     0.6625     39.750  1015.8141  34582.510    21.4522      0.810    6.36348    13.6414    13.6446    15.8104   11.63959 5.6734e+02      0.818 0.0000e+00
        161 205.616470    0.01111     0.6667     40.000  1015.8151  34583.861    21.4531      0.807    6.36368    13.6412    13.6428    15.8114   11.63992 5.6495e+02      0.815 0.0000e+00
        162 205.616473    0.01118     0.6708     40.250  1015.8156  34584.601    21.4535      0.806    6.36385    13.6423    13.6415    15.8120   11.64020 5.6578e+02      0.813 0.0000e+00
        163 205.616476    0.01125     0.6750     40.500  1015.8155  34584.285    21.4533      0.806    6.36388    13.6441    13.6413    15.8118   11.64026 5.6845e+02      0.813 0.0000e+00
        164 205.616479    0.01132     0.6792     40.750  1015.8146  34582.920    21.4524      0.806    6.36377    13.6459    13.6424    15.8110   11.64009 5.7616e+02      0.814 0.0000e+00
        165 205.616481    0.01139     0.6833     41.000  1015.8134  34580.970    21.4512      0.807    6.36358    13.6473    13.6442    15.8097   11.63978 5.8379e+02      0.815 0.0000e+00
        166 205.616484    0.01146     0.6875     41.250  1015.8121  34579.002    21.4499      0.807    6.36339    13.6480    13.6460    15.8084   11.63947 5.8389e+02      0.815 0.0000e+00
        167 205.616487    0.01153     0.6917     41.500  1015.8110  34577.258    21.4488      0.808    6.36325    13.6482    13.6474    15.8073   11.63926 5.7969e+02      0.816 0.0000e+00
        168 205.616490    0.01160     0.6958     41.750  1015.8102  34575.867    21.4479      0.810    6.36318    13.6478    13.6481    15.8065   11.63915 5.7658e+02      0.818 0.0000e+00
        169 205.616493    0.01167     0.7000     42.000  1015.8097  34575.041    21.4473      0.811    6.36318    13.6468    13.6483    15.8060   11.63915 5.7658e+02      0.819 0.0000e+00
        170 205.616496    0.01174     0.7042     42.250  1015.8097  34574.887    21.4472      0.811    6.36324    13.6454    13.6479    15.8060   11.63926 5.7800e+02      0.819 0.0000e+00
