CTD-processing/allCTD/CNV--homogene/2017_10-17_t9_s02_cast056.cnv
* Sea-Bird SBE19plus Data File:
* FileName = C:\Users\Kim.Powell\Desktop\Not Processed\2017\2017_10-17\2017_10-17_TRANSECT_STATION_cast056.hex
* Software Version 1.59
* Temperature SN =  4141
* Conductivity SN =  4141
* System UpLoad Time = Oct 20 2017 08:56:02
** Transect:
** 2017_10-17
** Station: 9-02
** Start Time: 14:15
** Depth (m): 93
** Comment: Edgecumbe
** Comment:
# nquan = 17
# nvalues = 670                         
# units = specified
# name 0 = scan: Scan Count
# name 1 = timeJ: Julian Days
# name 2 = timeH: Time, Elapsed [hours]
# name 3 = timeM: Time, Elapsed [minutes]
# name 4 = timeS: Time, Elapsed [seconds]
# name 5 = density00: Density [density, kg/m^3]
# name 6 = specc: Specific Conductance [uS/cm]
# name 7 = sal00: Salinity, Practical [PSU]
# name 8 = depSM: Depth [salt water, m], lat = 59.00
# name 9 = oxsolML/L: Oxygen Saturation, Garcia & Gordon [ml/l]
# name 10 = potemp090C: Potential Temperature [ITS-90, deg C]
# name 11 = tv290C: Temperature [ITS-90, deg C]
# name 12 = sigma-é00: Density [sigma-theta, kg/m^3]
# name 13 = n2satML/L: Nitrogen Saturation [ml/l]
# name 14 = par: PAR/Irradiance, Biospherical/Licor
# name 15 = prdM: Pressure, Strain Gauge [db]
# name 16 = flag:  0.000e+00
# span 0 =          1,        670       
# span 1 = 290.593796, 290.595732       
# span 2 =    0.00000,    0.04646       
# span 3 =     0.0000,     2.7875       
# span 4 =      0.000,    167.250       
# span 5 =  1000.6484,  1024.2173       
# span 6 =   1883.413,  48889.734       
# span 7 =     0.9358,    31.0188       
# span 8 =     -0.220,     74.336       
# span 9 =    6.49293,    8.44899       
# span 10 =     6.9673,     9.9970      
# span 11 =     6.9669,     9.9990      
# span 12 =     0.6495,    23.8769      
# span 13 =   11.74264,   15.42134      
# span 14 = 3.6382e-02, 6.2044e+02      
# span 15 =     -0.222,     75.052      
# span 16 = 0.0000e+00, 0.0000e+00      
# interval = seconds: 0.25
# start_time = Oct 17 2017 14:15:04 [Instrument's time stamp, header]
# bad_flag = -9.990e-29
*END*
[from data line 256]
        257 290.594537    0.01778     1.0667     64.000  1022.4538  46146.344    29.0104      0.870    6.72708     8.9014     8.8812    22.4497   12.15265 7.7590e+01      0.879 0.0000e+00
        258 290.594540    0.01785     1.0708     64.250  1022.4739  46184.069    29.0375      0.865    6.72490     8.9278     8.8879    22.4699   12.14869 7.7918e+01      0.873 0.0000e+00
        259 290.594543    0.01792     1.0750     64.500  1022.5038  46240.386    29.0784      0.862    6.72109     8.9739     8.9015    22.4998   12.14187 7.7937e+01      0.870 0.0000e+00
        260 290.594546    0.01799     1.0792     64.750  1022.5438  46316.141    29.1345      0.863    6.71471     9.0440     8.9279    22.5398   12.13060 7.7720e+01      0.871 0.0000e+00
        261 290.594549    0.01806     1.0833     65.000  1022.5846  46395.365    29.1955      0.867    6.70515     9.1300     8.9740    22.5807   12.11401 7.7203e+01      0.876 0.0000e+00
        262 290.594552    0.01812     1.0875     65.250  1022.6013  46432.124    29.2301      0.873    6.69316     9.2143     9.0441    22.5973   12.09371 7.6513e+01      0.882 0.0000e+00
        263 290.594554    0.01819     1.0917     65.500  1022.5837  46407.491    29.2239      0.879    6.68057     9.2839     9.1301    22.5796   12.07292 7.6062e+01      0.887 0.0000e+00
        264 290.594557    0.01826     1.0958     65.750  1022.5485  46350.451    29.1949      0.882    6.66925     9.3357     9.2144    22.5444   12.05451 7.6085e+01      0.890 0.0000e+00
        265 290.594560    0.01833     1.1000     66.000  1022.5130  46291.770    29.1629      0.882    6.66027     9.3720     9.2840    22.5089   12.04000 7.6394e+01      0.890 0.0000e+00
        266 290.594563    0.01840     1.1042     66.250  1022.4843  46244.039    29.1361      0.879    6.65371     9.3965     9.3358    22.4803   12.02946 7.6619e+01      0.887 0.0000e+00
        267 290.594566    0.01847     1.1083     66.500  1022.4636  46209.492    29.1166      0.873    6.64916     9.4126     9.3721    22.4596   12.02215 7.6686e+01      0.881 0.0000e+00
        268 290.594569    0.01854     1.1125     66.750  1022.4497  46186.463    29.1037      0.866    6.64609     9.4231     9.3966    22.4458   12.01722 7.6727e+01      0.874 0.0000e+00
        269 290.594572    0.01861     1.1167     67.000  1022.4412  46172.431    29.0959      0.861    6.64404     9.4303     9.4127    22.4373   12.01391 7.6569e+01      0.869 0.0000e+00
        270 290.594575    0.01868     1.1208     67.250  1022.4366  46165.001    29.0920      0.859    6.64264     9.4355     9.4232    22.4327   12.01163 7.6085e+01      0.867 0.0000e+00
        271 290.594578    0.01875     1.1250     67.500  1022.4348  46162.272    29.0910      0.862    6.64162     9.4396     9.4304    22.4308   12.00996 7.5748e+01      0.870 0.0000e+00
        272 290.594580    0.01882     1.1292     67.750  1022.4350  46163.062    29.0922      0.868    6.64080     9.4433     9.4356    22.4310   12.00859 7.6054e+01      0.876 0.0000e+00
        273 290.594583    0.01889     1.1333     68.000  1022.4360  46165.320    29.0943      0.875    6.64009     9.4465     9.4397    22.4320   12.00739 7.6571e+01      0.884 0.0000e+00
        274 290.594586    0.01896     1.1375     68.250  1022.4365  46166.683    29.0957      0.882    6.63949     9.4492     9.4434    22.4325   12.00638 7.6398e+01      0.890 0.0000e+00
        275 290.594589    0.01903     1.1417     68.500  1022.4366  46167.032    29.0964      0.886    6.63899     9.4513     9.4466    22.4325   12.00554 7.5760e+01      0.894 0.0000e+00
        276 290.594592    0.01910     1.1458     68.750  1022.4363  46166.773    29.0965      0.886    6.63858     9.4529     9.4493    22.4322   12.00486 7.5413e+01      0.895 0.0000e+00
        277 290.594595    0.01917     1.1500     69.000  1022.4356  46165.786    29.0961      0.884    6.63828     9.4540     9.4514    22.4315   12.00437 7.5219e+01      0.893 0.0000e+00
        278 290.594598    0.01924     1.1542     69.250  1022.4347  46164.288    29.0952      0.881    6.63808     9.4546     9.4530    22.4306   12.00405 7.5105e+01      0.889 0.0000e+00
        279 290.594601    0.01931     1.1583     69.500  1022.4338  46162.712    29.0943      0.877    6.63797     9.4548     9.4541    22.4297   12.00387 7.5465e+01      0.885 0.0000e+00
        280 290.594604    0.01938     1.1625     69.750  1022.4331  46161.483    29.0935      0.873    6.63791     9.4549     9.4547    22.4290   12.00380 7.6044e+01      0.881 0.0000e+00
        281 290.594606    0.01944     1.1667     70.000  1022.4326  46160.766    29.0930      0.869    6.63790     9.4549     9.4549    22.4286   12.00378 7.6128e+01      0.877 0.0000e+00
        282 290.594609    0.01951     1.1708     70.250  1022.4325  46160.537    29.0929      0.865    6.63790     9.4549     9.4549    22.4285   12.00378 7.5582e+01      0.874 0.0000e+00
        283 290.594612    0.01958     1.1750     70.500  1022.4326  46160.721    29.0930      0.864    6.63790     9.4550     9.4549    22.4286   12.00377 7.4961e+01      0.872 0.0000e+00
        284 290.594615    0.01965     1.1792     70.750  1022.4329  46161.255    29.0934      0.866    6.63788     9.4553     9.4550    22.4289   12.00373 7.4853e+01      0.874 0.0000e+00
        285 290.594618    0.01972     1.1833     71.000  1022.4333  46161.952    29.0939      0.873    6.63783     9.4557     9.4551    22.4292   12.00365 7.5287e+01      0.881 0.0000e+00
        286 290.594621    0.01979     1.1875     71.250  1022.4336  46162.462    29.0943      0.883    6.63777     9.4561     9.4554    22.4295   12.00355 7.5754e+01      0.891 0.0000e+00
        287 290.594624    0.01986     1.1917     71.500  1022.4337  46162.558    29.0944      0.892    6.63770     9.4564     9.4558    22.4295   12.00344 7.5718e+01      0.900 0.0000e+00
        288 290.594627    0.01993     1.1958     71.750  1022.4335  46162.328    29.0942      0.896    6.63765     9.4565     9.4562    22.4294   12.00335 7.5138e+01      0.904 0.0000e+00
        289 290.594630    0.02000     1.2000     72.000  1022.4333  46162.013    29.0941      0.894    6.63761     9.4565     9.4565    22.4292   12.00329 7.4515e+01      0.902 0.0000e+00
        290 290.594633    0.02007     1.2042     72.250  1022.4332  46161.818    29.0939      0.886    6.63760     9.4562     9.4566    22.4291   12.00327 7.4352e+01      0.894 0.0000e+00
        291 290.594635    0.02014     1.2083     72.500  1022.4333  46161.973    29.0940      0.876    6.63761     9.4560     9.4566    22.4292   12.00328 7.4605e+01      0.884 0.0000e+00
        292 290.594638    0.02021     1.2125     72.750  1022.4335  46162.540    29.0944      0.866    6.63763     9.4558     9.4563    22.4295   12.00331 7.4967e+01      0.874 0.0000e+00
        293 290.594641    0.02028     1.2167     73.000  1022.4339  46163.357    29.0950      0.858    6.63764     9.4558     9.4561    22.4300   12.00333 7.5398e+01      0.866 0.0000e+00
        294 290.594644    0.02035     1.2208     73.250  1022.4343  46164.147    29.0955      0.853    6.63765     9.4558     9.4559    22.4304   12.00333 7.5779e+01      0.861 0.0000e+00
        295 290.594647    0.02042     1.2250     73.500  1022.4345  46164.505    29.0958      0.852    6.63764     9.4560     9.4559    22.4306   12.00332 7.5702e+01      0.859 0.0000e+00
        296 290.594650    0.02049     1.2292     73.750  1022.4344  46164.254    29.0956      0.854    6.63764     9.4561     9.4559    22.4305   12.00332 7.5107e+01      0.862 0.0000e+00
        297 290.594653    0.02056     1.2333     74.000  1022.4341  46163.634    29.0952      0.861    6.63764     9.4562     9.4561    22.4301   12.00332 7.4441e+01      0.869 0.0000e+00
        298 290.594656    0.02063     1.2375     74.250  1022.4337  46162.920    29.0947      0.872    6.63764     9.4563     9.4562    22.4297   12.00333 7.4060e+01      0.880 0.0000e+00
        299 290.594659    0.02069     1.2417     74.500  1022.4334  46162.180    29.0942      0.884    6.63764     9.4564     9.4563    22.4293   12.00334 7.3826e+01      0.893 0.0000e+00
        300 290.594661    0.02076     1.2458     74.750  1022.4330  46161.450    29.0937      0.893    6.63765     9.4564     9.4564    22.4289   12.00335 7.3388e+01      0.902 0.0000e+00
        301 290.594664    0.02083     1.2500     75.000  1022.4326  46160.821    29.0933      0.894    6.63765     9.4562     9.4565    22.4286   12.00337 7.2723e+01      0.902 0.0000e+00
        302 290.594667    0.02090     1.2542     75.250  1022.4323  46160.209    29.0929      0.882    6.63768     9.4557     9.4565    22.4282   12.00341 7.2104e+01      0.890 0.0000e+00
        303 290.594670    0.02097     1.2583     75.500  1022.4318  46159.533    29.0924      0.862    6.63773     9.4551     9.4562    22.4279   12.00351 7.1859e+01      0.869 0.0000e+00
        304 290.594673    0.02104     1.2625     75.750  1022.4316  46159.141    29.0920      0.840    6.63782     9.4545     9.4558    22.4277   12.00365 7.1971e+01      0.847 0.0000e+00
        305 290.594676    0.02111     1.2667     76.000  1022.4317  46159.385    29.0921      0.828    6.63791     9.4541     9.4551    22.4279   12.00380 7.2127e+01      0.835 0.0000e+00
        306 290.594679    0.02118     1.2708     76.250  1022.4322  46160.159    29.0925      0.834    6.63798     9.4540     9.4545    22.4283   12.00391 7.2275e+01      0.842 0.0000e+00
        307 290.594682    0.02125     1.2750     76.500  1022.4329  46161.164    29.0932      0.861    6.63801     9.4542     9.4541    22.4289   12.00396 7.1902e+01      0.869 0.0000e+00
        308 290.594685    0.02132     1.2792     76.750  1022.4337  46162.313    29.0940      0.905    6.63799     9.4548     9.4540    22.4295   12.00391 7.0356e+01      0.914 0.0000e+00
        309 290.594688    0.02139     1.2833     77.000  1022.4346  46163.568    29.0949      0.960    6.63791     9.4556     9.4543    22.4302   12.00378 6.8137e+01      0.969 0.0000e+00
        310 290.594690    0.02146     1.2875     77.250  1022.4354  46164.684    29.0957      1.017    6.63779     9.4565     9.4549    22.4307   12.00356 6.6014e+01      1.027 0.0000e+00
        311 290.594693    0.02153     1.2917     77.500  1022.4362  46165.850    29.0966      1.071    6.63763     9.4575     9.4557    22.4313   12.00329 6.3985e+01      1.081 0.0000e+00
        312 290.594696    0.02160     1.2958     77.750  1022.4377  46168.191    29.0983      1.121    6.63742     9.4587     9.4566    22.4325   12.00292 6.1761e+01      1.132 0.0000e+00
        313 290.594699    0.02167     1.3000     78.000  1022.4406  46173.231    29.1019      1.175    6.63712     9.4605     9.4576    22.4352   12.00238 5.9373e+01      1.186 0.0000e+00
        314 290.594702    0.02174     1.3042     78.250  1022.4458  46182.454    29.1085      1.244    6.63666     9.4632     9.4588    22.4401   12.00153 5.7063e+01      1.256 0.0000e+00
        315 290.594705    0.02181     1.3083     78.500  1022.4548  46198.278    29.1197      1.343    6.63593     9.4677     9.4606    22.4486   12.00018 5.4934e+01      1.356 0.0000e+00
        316 290.594708    0.02187     1.3125     78.750  1022.4698  46225.137    29.1387      1.479    6.63471     9.4752     9.4633    22.4630   11.99793 5.2875e+01      1.493 0.0000e+00
        317 290.594711    0.02194     1.3167     79.000  1022.4947  46270.076    29.1706      1.649    6.63269     9.4868     9.4678    22.4872   11.99418 5.0676e+01      1.664 0.0000e+00
        318 290.594714    0.02201     1.3208     79.250  1022.5301  46334.217    29.2162      1.845    6.62964     9.5022     9.4754    22.5216   11.98857 4.8319e+01      1.862 0.0000e+00
        319 290.594716    0.02208     1.3250     79.500  1022.5680  46403.447    29.2658      2.058    6.62581     9.5196     9.4870    22.5586   11.98162 4.6043e+01      2.077 0.0000e+00
        320 290.594719    0.02215     1.3292     79.750  1022.6005  46462.986    29.3091      2.277    6.62170     9.5372     9.5024    22.5900   11.97427 4.4057e+01      2.298 0.0000e+00
        321 290.594722    0.02222     1.3333     80.000  1022.6263  46510.425    29.3443      2.491    6.61764     9.5537     9.5199    22.6148   11.96712 4.2448e+01      2.515 0.0000e+00
        322 290.594725    0.02229     1.3375     80.250  1022.6466  46548.092    29.3727      2.696    6.61385     9.5686     9.5375    22.6343   11.96049 4.1243e+01      2.722 0.0000e+00
        323 290.594728    0.02236     1.3417     80.500  1022.6629  46578.146    29.3956      2.891    6.61045     9.5816     9.5540    22.6496   11.95458 4.0437e+01      2.919 0.0000e+00
        324 290.594731    0.02243     1.3458     80.750  1022.6761  46602.389    29.4143      3.085    6.60748     9.5927     9.5689    22.6619   11.94942 4.0009e+01      3.114 0.0000e+00
        325 290.594734    0.02250     1.3500     81.000  1022.6866  46621.402    29.4291      3.288    6.60495     9.6019     9.5819    22.6714   11.94504 3.9922e+01      3.319 0.0000e+00
        326 290.594737    0.02257     1.3542     81.250  1022.6945  46635.402    29.4401      3.507    6.60285     9.6094     9.5930    22.6783   11.94143 4.0111e+01      3.540 0.0000e+00
        327 290.594740    0.02264     1.3583     81.500  1022.7006  46645.828    29.4485      3.741    6.60114     9.6156     9.6023    22.6834   11.93849 4.0401e+01      3.776 0.0000e+00
        328 290.594742    0.02271     1.3625     81.750  1022.7066  46655.727    29.4562      3.985    6.59971     9.6210     9.6098    22.6882   11.93602 4.0531e+01      4.023 0.0000e+00
        329 290.594745    0.02278     1.3667     82.000  1022.7143  46668.508    29.4658      4.234    6.59840     9.6263     9.6160    22.6948   11.93373 4.0336e+01      4.274 0.0000e+00
        330 290.594748    0.02285     1.3708     82.250  1022.7237  46684.481    29.4776      4.481    6.59710     9.6315     9.6215    22.7031   11.93143 3.9845e+01      4.523 0.0000e+00
        331 290.594751    0.02292     1.3750     82.500  1022.7319  46698.280    29.4878      4.722    6.59589     9.6359     9.6268    22.7102   11.92930 3.9179e+01      4.767 0.0000e+00
        332 290.594754    0.02299     1.3792     82.750  1022.7363  46704.941    29.4930      4.960    6.59491     9.6393     9.6320    22.7135   11.92762 3.8439e+01      5.007 0.0000e+00
        333 290.594757    0.02306     1.3833     83.000  1022.7376  46706.009    29.4942      5.196    6.59421     9.6415     9.6365    22.7137   11.92643 3.7723e+01      5.245 0.0000e+00
        334 290.594760    0.02313     1.3875     83.250  1022.7381  46705.430    29.4941      5.427    6.59372     9.6429     9.6399    22.7131   11.92563 3.7110e+01      5.478 0.0000e+00
        335 290.594763    0.02319     1.3917     83.500  1022.7386  46705.006    29.4939      5.649    6.59340     9.6439     9.6421    22.7127   11.92510 3.6578e+01      5.702 0.0000e+00
        336 290.594766    0.02326     1.3958     83.750  1022.7396  46705.301    29.4942      5.862    6.59318     9.6445     9.6436    22.7127   11.92472 3.6020e+01      5.917 0.0000e+00
        337 290.594769    0.02333     1.4000     84.000  1022.7412  46706.528    29.4951      6.072    6.59300     9.6451     9.6445    22.7133   11.92442 3.5319e+01      6.129 0.0000e+00
        338 290.594771    0.02340     1.4042     84.250  1022.7430  46708.218    29.4963      6.287    6.59285     9.6455     9.6452    22.7141   11.92416 3.4408e+01      6.346 0.0000e+00
        339 290.594774    0.02347     1.4083     84.500  1022.7450  46710.255    29.4977      6.512    6.59272     9.6459     9.6457    22.7151   11.92392 3.3297e+01      6.574 0.0000e+00
        340 290.594777    0.02354     1.4125     84.750  1022.7477  46713.464    29.4999      6.745    6.59256     9.6465     9.6462    22.7167   11.92363 3.2062e+01      6.809 0.0000e+00
