CTD-processing/allCTD/CNV--homogene/2017_04-19_t7_s09_cast107.cnv
* Sea-Bird SBE19plus Data File:
* FileName = P:\My Documents\kasitsna\Research-KBL\Oceanography-AK\CTD-Data-ALL-to-2017-02\2017-CTD-KachemakBay-CookInlet\2017-04-19-CookInlet-Tran7-Augustine\2017-04-19-CookInlet-Tran7-cast107.hex
* Software Version 1.59
* Temperature SN =  4141
* Conductivity SN =  4141
* System UpLoad Time = Apr 19 2017 16:39:19
** Cook Inlet LTM Transect 7 Augustine west to east
** Date: 2017-04-19
** Station: (eg. 9-01): 7-09
** Start time (AKDT): 10:49
** Depth (m): 77.7
** Comment: R/V Alaska Dreamcatcher
** Comment:
# nquan = 17
# nvalues = 549                         
# units = specified
# name 0 = scan: Scan Count
# name 1 = timeJ: Julian Days
# name 2 = timeH: Time, Elapsed [hours]
# name 3 = timeM: Time, Elapsed [minutes]
# name 4 = timeS: Time, Elapsed [seconds]
# name 5 = density00: Density [density, kg/m^3]
# name 6 = specc: Specific Conductance [uS/cm]
# name 7 = sal00: Salinity, Practical [PSU]
# name 8 = depSM: Depth [salt water, m], lat = 59.00
# name 9 = oxsolML/L: Oxygen Saturation, Garcia & Gordon [ml/l]
# name 10 = potemp090C: Potential Temperature [ITS-90, deg C]
# name 11 = tv290C: Temperature [ITS-90, deg C]
# name 12 = sigma-é00: Density [sigma-theta, kg/m^3]
# name 13 = n2satML/L: Nitrogen Saturation [ml/l]
# name 14 = par: PAR/Irradiance, Biospherical/Licor
# name 15 = prdM: Pressure, Strain Gauge [db]
# name 16 = flag:  0.000e+00
# span 0 =          1,        549       
# span 1 = 109.451597, 109.453183       
# span 2 =    0.00000,    0.03806       
# span 3 =     0.0000,     2.2833       
# span 4 =      0.000,    137.000       
# span 5 =  1000.2251,  1025.7833       
# span 6 =    693.592,  51800.105       
# span 7 =     0.3283,    32.2534       
# span 8 =     -0.064,     76.751       
# span 9 =    7.20734,    8.85759       
# span 10 =     4.6701,     5.2586      
# span 11 =     4.6722,     5.2586      
# span 12 =     0.2254,    25.5004      
# span 13 =   12.90647,   16.11803      
# span 14 = 4.6199e-02, 1.3971e+03      
# span 15 =     -0.064,     77.490      
# span 16 = 0.0000e+00, 0.0000e+00      
# interval = seconds: 0.25
# start_time = Apr 19 2017 10:50:18 [Instrument's time stamp, header]
# bad_flag = -9.990e-29
*END*
          1 109.451597    0.00000     0.0000      0.000  1000.2251    693.592     0.3283     -0.064    8.85759     5.2581     5.2577     0.2254   16.11803 1.3971e+03     -0.064 0.0000e+00
          2 109.451600    0.00007     0.0042      0.250  1000.2285    700.324     0.3326     -0.064    8.85731     5.2584     5.2579     0.2288   16.11751 1.3493e+03     -0.064 0.0000e+00
          3 109.451603    0.00014     0.0083      0.500  1000.2336    710.234     0.3392     -0.063    8.85691     5.2586     5.2581     0.2339   16.11674 1.2888e+03     -0.063 0.0000e+00
          4 109.451606    0.00021     0.0125      0.750  1000.2425    727.332     0.3504     -0.063    8.85626     5.2586     5.2584     0.2428   16.11550 1.2331e+03     -0.063 0.0000e+00
          5 109.451609    0.00028     0.0167      1.000  1000.2580    757.826     0.3700     -0.062    8.85517     5.2583     5.2586     0.2583   16.11341 1.1967e+03     -0.062 0.0000e+00
          6 109.451612    0.00035     0.0208      1.250  1000.2852    812.050     0.4044     -0.062    8.85333     5.2577     5.2586     0.2855   16.10983 1.1794e+03     -0.062 0.0000e+00
          7 109.451615    0.00042     0.0250      1.500  1000.3330    908.855     0.4649     -0.061    8.85014     5.2566     5.2583     0.3333   16.10362 1.1733e+03     -0.061 0.0000e+00
          8 109.451617    0.00049     0.0292      1.750  1000.4158   1078.059     0.5695     -0.060    8.84463     5.2550     5.2577     0.4161   16.09290 1.1739e+03     -0.060 0.0000e+00
          9 109.451620    0.00056     0.0333      2.000  1000.5562   1366.190     0.7468     -0.058    8.83527     5.2527     5.2566     0.5564   16.07468 1.1811e+03     -0.058 0.0000e+00
         10 109.451623    0.00063     0.0375      2.250  1000.7913   1849.428     1.0439     -0.055    8.81955     5.2493     5.2550     0.7915   16.04408 1.1925e+03     -0.055 0.0000e+00
         11 109.451626    0.00069     0.0417      2.500  1001.1833   2655.457     1.5392     -0.050    8.79325     5.2438     5.2527     1.1836   15.99292 1.2048e+03     -0.050 0.0000e+00
         12 109.451629    0.00076     0.0458      2.750  1001.8369   3999.104     2.3649     -0.041    8.74933     5.2350     5.2493     1.8371   15.90750 1.2183e+03     -0.041 0.0000e+00
         13 109.451632    0.00083     0.0500      3.000  1002.9267   6239.933     3.7418     -0.026    8.67600     5.2203     5.2438     2.9268   15.76492 1.2316e+03     -0.026 0.0000e+00
         14 109.451635    0.00090     0.0542      3.250  1004.7438   9976.527     6.0375     -0.001    8.55369     5.1959     5.2350     4.7438   15.52710 1.2390e+03     -0.001 0.0000e+00
         15 109.451638    0.00097     0.0583      3.500  1007.7725  16204.870     9.8640      0.039    8.34982     5.1597     5.2203     7.7724   15.13067 1.2363e+03      0.040 0.0000e+00
         16 109.451641    0.00104     0.0625      3.750  1012.1579  25143.544    15.4053      0.102    8.05729     5.1159     5.1960    12.1575   14.56212 1.2220e+03      0.103 0.0000e+00
         17 109.451644    0.00111     0.0667      4.000  1016.7675  34411.824    21.2302      0.185    7.75515     5.0727     5.1597    16.7667   13.97502 1.1955e+03      0.186 0.0000e+00
         18 109.451646    0.00118     0.0708      4.250  1020.1808  41215.753    25.5415      0.278    7.53616     5.0359     5.1159    20.1795   13.54894 1.1566e+03      0.280 0.0000e+00
         19 109.451649    0.00125     0.0750      4.500  1022.2608  45358.541    28.1661      0.374    7.40584     5.0075     5.0727    22.2590   13.29458 1.0997e+03      0.378 0.0000e+00
         20 109.451652    0.00132     0.0792      4.750  1023.5196  47865.021    29.7529      0.473    7.32894     4.9868     5.0360    23.5174   13.14393 1.0288e+03      0.477 0.0000e+00
         21 109.451655    0.00139     0.0833      5.000  1024.2830  49384.212    30.7140      0.571    7.28345     4.9726     5.0076    24.2803   13.05452 9.9288e+02      0.576 0.0000e+00
         22 109.451658    0.00146     0.0875      5.250  1024.7474  50307.609    31.2981      0.667    7.25643     4.9633     4.9869    24.7443   13.00122 9.5746e+02      0.673 0.0000e+00
         23 109.451661    0.00153     0.0917      5.500  1025.0311  50870.873    31.6544      0.759    7.24024     4.9576     4.9727    25.0276   12.96921 8.3157e+02      0.766 0.0000e+00
         24 109.451664    0.00160     0.0958      5.750  1025.2053  51215.920    31.8730      0.840    7.23043     4.9545     4.9634    25.2014   12.94978 6.8519e+02      0.848 0.0000e+00
         25 109.451667    0.00167     0.1000      6.000  1025.3127  51428.070    32.0076      0.906    7.22440     4.9530     4.9577    25.3084   12.93784 5.9519e+02      0.915 0.0000e+00
         26 109.451670    0.00174     0.1042      6.250  1025.3762  51553.727    32.0873      0.951    7.22078     4.9524     4.9546    25.3718   12.93069 5.2759e+02      0.960 0.0000e+00
         27 109.451672    0.00181     0.1083      6.500  1025.4078  51616.978    32.1268      0.976    7.21894     4.9520     4.9531    25.4032   12.92705 4.6417e+02      0.986 0.0000e+00
         28 109.451675    0.00187     0.1125      6.750  1025.4193  51641.351    32.1413      0.991    7.21824     4.9516     4.9525    25.4147   12.92565 4.2576e+02      1.000 0.0000e+00
         29 109.451678    0.00194     0.1167      7.000  1025.4233  51650.623    32.1463      1.003    7.21801     4.9514     4.9521    25.4186   12.92517 4.2878e+02      1.012 0.0000e+00
         30 109.451681    0.00201     0.1208      7.250  1025.4261  51656.751    32.1496      1.018    7.21788     4.9514     4.9517    25.4213   12.92489 4.5706e+02      1.028 0.0000e+00
         31 109.451684    0.00208     0.1250      7.500  1025.4284  51661.643    32.1524      1.037    7.21775     4.9512     4.9514    25.4235   12.92463 4.8409e+02      1.047 0.0000e+00
         32 109.451687    0.00215     0.1292      7.750  1025.4301  51665.076    32.1545      1.057    7.21764     4.9508     4.9514    25.4252   12.92442 4.9455e+02      1.067 0.0000e+00
         33 109.451690    0.00222     0.1333      8.000  1025.4314  51667.536    32.1559      1.074    7.21759     4.9499     4.9513    25.4263   12.92430 4.8734e+02      1.085 0.0000e+00
         34 109.451693    0.00229     0.1375      8.250  1025.4323  51669.294    32.1569      1.086    7.21762     4.9489     4.9508    25.4272   12.92433 4.7736e+02      1.096 0.0000e+00
         35 109.451696    0.00236     0.1417      8.500  1025.4321  51669.177    32.1566      1.089    7.21777     4.9477     4.9500    25.4270   12.92459 4.6338e+02      1.100 0.0000e+00
         36 109.451698    0.00243     0.1458      8.750  1025.4307  51666.722    32.1546      1.086    7.21804     4.9467     4.9489    25.4256   12.92507 4.4243e+02      1.096 0.0000e+00
         37 109.451701    0.00250     0.1500      9.000  1025.4290  51663.775    32.1523      1.079    7.21835     4.9458     4.9478    25.4239   12.92560 4.3430e+02      1.089 0.0000e+00
         38 109.451704    0.00257     0.1542      9.250  1025.4279  51661.950    32.1508      1.072    7.21861     4.9453     4.9467    25.4228   12.92604 4.4618e+02      1.082 0.0000e+00
         39 109.451707    0.00264     0.1583      9.500  1025.4275  51661.408    32.1503      1.067    7.21878     4.9449     4.9459    25.4224   12.92634 4.6672e+02      1.077 0.0000e+00
         40 109.451710    0.00271     0.1625      9.750  1025.4275  51661.588    32.1503      1.067    7.21888     4.9445     4.9453    25.4225   12.92650 5.0901e+02      1.077 0.0000e+00
         41 109.451713    0.00278     0.1667     10.000  1025.4275  51661.631    32.1502      1.070    7.21894     4.9438     4.9450    25.4225   12.92660 5.7909e+02      1.080 0.0000e+00
         42 109.451716    0.00285     0.1708     10.250  1025.4272  51661.078    32.1498      1.075    7.21903     4.9427     4.9446    25.4222   12.92676 6.0777e+02      1.086 0.0000e+00
         43 109.451719    0.00292     0.1750     10.500  1025.4267  51660.211    32.1490      1.080    7.21920     4.9415     4.9438    25.4217   12.92704 5.6454e+02      1.090 0.0000e+00
         44 109.451722    0.00299     0.1792     10.750  1025.4263  51659.567    32.1483      1.080    7.21942     4.9402     4.9428    25.4212   12.92741 5.0711e+02      1.090 0.0000e+00
         45 109.451725    0.00306     0.1833     11.000  1025.4260  51659.288    32.1478      1.075    7.21965     4.9392     4.9415    25.4210   12.92781 4.6224e+02      1.085 0.0000e+00
         46 109.451727    0.00313     0.1875     11.250  1025.4259  51659.238    32.1475      1.066    7.21988     4.9384     4.9403    25.4209   12.92818 4.3652e+02      1.076 0.0000e+00
         47 109.451730    0.00319     0.1917     11.500  1025.4258  51659.314    32.1474      1.053    7.22007     4.9379     4.9392    25.4209   12.92850 4.4104e+02      1.063 0.0000e+00
         48 109.451733    0.00326     0.1958     11.750  1025.4258  51659.393    32.1473      1.040    7.22021     4.9377     4.9384    25.4209   12.92874 4.4611e+02      1.050 0.0000e+00
         49 109.451736    0.00333     0.2000     12.000  1025.4257  51659.430    32.1472      1.031    7.22030     4.9377     4.9380    25.4209   12.92889 4.2254e+02      1.042 0.0000e+00
         50 109.451739    0.00340     0.2042     12.250  1025.4257  51659.559    32.1472      1.030    7.22033     4.9378     4.9378    25.4210   12.92894 3.8667e+02      1.040 0.0000e+00
         51 109.451742    0.00347     0.2083     12.500  1025.4259  51659.871    32.1475      1.036    7.22032     4.9378     4.9378    25.4211   12.92891 3.5911e+02      1.046 0.0000e+00
         52 109.451745    0.00354     0.2125     12.750  1025.4263  51660.358    32.1478      1.048    7.22029     4.9377     4.9379    25.4214   12.92886 3.4356e+02      1.058 0.0000e+00
         53 109.451748    0.00361     0.2167     13.000  1025.4267  51661.015    32.1483      1.062    7.22026     4.9376     4.9379    25.4217   12.92881 3.4583e+02      1.072 0.0000e+00
         54 109.451751    0.00368     0.2208     13.250  1025.4271  51661.653    32.1487      1.074    7.22026     4.9375     4.9378    25.4221   12.92880 3.6047e+02      1.085 0.0000e+00
         55 109.451753    0.00375     0.2250     13.500  1025.4272  51661.819    32.1488      1.082    7.22027     4.9375     4.9377    25.4221   12.92882 3.7677e+02      1.093 0.0000e+00
         56 109.451756    0.00382     0.2292     13.750  1025.4269  51661.274    32.1484      1.087    7.22031     4.9375     4.9376    25.4218   12.92888 3.9167e+02      1.097 0.0000e+00
         57 109.451759    0.00389     0.2333     14.000  1025.4264  51660.285    32.1477      1.088    7.22034     4.9376     4.9376    25.4213   12.92895 4.0259e+02      1.098 0.0000e+00
         58 109.451762    0.00396     0.2375     14.250  1025.4259  51659.331    32.1470      1.088    7.22037     4.9376     4.9376    25.4208   12.92900 4.3015e+02      1.098 0.0000e+00
         59 109.451765    0.00403     0.2417     14.500  1025.4256  51658.805    32.1466      1.088    7.22038     4.9377     4.9376    25.4205   12.92903 4.7933e+02      1.099 0.0000e+00
         60 109.451768    0.00410     0.2458     14.750  1025.4257  51658.885    32.1467      1.089    7.22037     4.9378     4.9377    25.4205   12.92901 5.2252e+02      1.100 0.0000e+00
         61 109.451771    0.00417     0.2500     15.000  1025.4260  51659.563    32.1472      1.090    7.22034     4.9378     4.9377    25.4209   12.92895 5.5993e+02      1.101 0.0000e+00
         62 109.451774    0.00424     0.2542     15.250  1025.4266  51660.654    32.1479      1.089    7.22029     4.9379     4.9378    25.4215   12.92886 5.7705e+02      1.100 0.0000e+00
         63 109.451777    0.00431     0.2583     15.500  1025.4272  51661.765    32.1487      1.085    7.22023     4.9379     4.9379    25.4221   12.92876 5.5472e+02      1.096 0.0000e+00
         64 109.451780    0.00438     0.2625     15.750  1025.4275  51662.409    32.1492      1.078    7.22020     4.9379     4.9380    25.4224   12.92869 5.2277e+02      1.088 0.0000e+00
         65 109.451782    0.00444     0.2667     16.000  1025.4274  51662.255    32.1491      1.067    7.22020     4.9378     4.9380    25.4224   12.92869 4.9302e+02      1.077 0.0000e+00
         66 109.451785    0.00451     0.2708     16.250  1025.4269  51661.413    32.1485      1.055    7.22023     4.9376     4.9380    25.4219   12.92876 4.5846e+02      1.065 0.0000e+00
         67 109.451788    0.00458     0.2750     16.500  1025.4263  51660.485    32.1479      1.046    7.22028     4.9374     4.9379    25.4214   12.92885 4.2139e+02      1.056 0.0000e+00
         68 109.451791    0.00465     0.2792     16.750  1025.4261  51660.210    32.1476      1.040    7.22032     4.9373     4.9377    25.4213   12.92892 3.8352e+02      1.050 0.0000e+00
         69 109.451794    0.00472     0.2833     17.000  1025.4266  51661.038    32.1482      1.038    7.22033     4.9371     4.9375    25.4217   12.92892 3.5789e+02      1.048 0.0000e+00
         70 109.451797    0.00479     0.2875     17.250  1025.4276  51662.980    32.1495      1.039    7.22029     4.9370     4.9373    25.4227   12.92885 3.6340e+02      1.049 0.0000e+00
         71 109.451800    0.00486     0.2917     17.500  1025.4291  51665.609    32.1513      1.040    7.22023     4.9369     4.9372    25.4242   12.92873 3.9979e+02      1.050 0.0000e+00
         72 109.451803    0.00493     0.2958     17.750  1025.4305  51668.200    32.1530      1.042    7.22017     4.9368     4.9371    25.4256   12.92860 4.5250e+02      1.052 0.0000e+00
         73 109.451806    0.00500     0.3000     18.000  1025.4314  51669.938    32.1542      1.043    7.22013     4.9367     4.9369    25.4265   12.92852 4.9217e+02      1.053 0.0000e+00
         74 109.451808    0.00507     0.3042     18.250  1025.4317  51670.422    32.1545      1.045    7.22014     4.9366     4.9368    25.4268   12.92853 4.8683e+02      1.056 0.0000e+00
         75 109.451811    0.00514     0.3083     18.500  1025.4317  51670.433    32.1545      1.051    7.22017     4.9366     4.9367    25.4268   12.92857 4.4357e+02      1.061 0.0000e+00
         76 109.451814    0.00521     0.3125     18.750  1025.4324  51671.609    32.1552      1.061    7.22014     4.9368     4.9366    25.4274   12.92852 3.9425e+02      1.071 0.0000e+00
         77 109.451817    0.00528     0.3167     19.000  1025.4344  51675.233    32.1577      1.073    7.22001     4.9372     4.9367    25.4294   12.92827 3.5077e+02      1.083 0.0000e+00
         78 109.451820    0.00535     0.3208     19.250  1025.4381  51681.874    32.1624      1.086    7.21975     4.9377     4.9369    25.4330   12.92778 3.0940e+02      1.097 0.0000e+00
         79 109.451823    0.00542     0.3250     19.500  1025.4431  51690.834    32.1686      1.096    7.21938     4.9383     4.9373    25.4379   12.92709 2.8681e+02      1.107 0.0000e+00
         80 109.451826    0.00549     0.3292     19.750  1025.4475  51698.871    32.1743      1.101    7.21902     4.9386     4.9378    25.4423   12.92642 2.9723e+02      1.112 0.0000e+00
         81 109.451829    0.00556     0.3333     20.000  1025.4492  51701.810    32.1764      1.099    7.21882     4.9388     4.9384    25.4440   12.92606 3.2906e+02      1.110 0.0000e+00
         82 109.451832    0.00562     0.3375     20.250  1025.4477  51699.233    32.1747      1.090    7.21884     4.9388     4.9387    25.4426   12.92611 3.7593e+02      1.101 0.0000e+00
         83 109.451834    0.00569     0.3417     20.500  1025.4450  51694.397    32.1714      1.076    7.21897     4.9386     4.9389    25.4400   12.92638 4.0842e+02      1.086 0.0000e+00
         84 109.451837    0.00576     0.3458     20.750  1025.4423  51689.541    32.1681      1.058    7.21914     4.9383     4.9388    25.4373   12.92670 4.0009e+02      1.068 0.0000e+00
         85 109.451840    0.00583     0.3500     21.000  1025.4399  51685.356    32.1651      1.040    7.21931     4.9381     4.9386    25.4350   12.92702 3.9092e+02      1.050 0.0000e+00
