CTD-processing/allCTD/CNV--homogene/2017_06-28_alongbay_skb08_cast196.cnv
* Sea-Bird SBE19plus Data File:
* FileName = C:\Users\Kim.Powell\Desktop\2017_06-28_4141\AlongBay\2017_06-28_AlongBay196.hex
* Software Version 1.59
* Temperature SN =  4141
* Conductivity SN =  4141
* System UpLoad Time = Jul 21 2017 10:31:54
** CookInlet LTM AlongBay
** 2017_06-28
** Station:KB08
** Start Time: 14:08
** Depth: 77m
** Comment:
** Comment:
# nquan = 17
# nvalues = 613                         
# units = specified
# name 0 = scan: Scan Count
# name 1 = timeJ: Julian Days
# name 2 = timeH: Time, Elapsed [hours]
# name 3 = timeM: Time, Elapsed [minutes]
# name 4 = timeS: Time, Elapsed [seconds]
# name 5 = density00: Density [density, kg/m^3]
# name 6 = specc: Specific Conductance [uS/cm]
# name 7 = sal00: Salinity, Practical [PSU]
# name 8 = depSM: Depth [salt water, m], lat = 59.00
# name 9 = oxsolML/L: Oxygen Saturation, Garcia & Gordon [ml/l]
# name 10 = potemp090C: Potential Temperature [ITS-90, deg C]
# name 11 = tv290C: Temperature [ITS-90, deg C]
# name 12 = sigma-é00: Density [sigma-theta, kg/m^3]
# name 13 = n2satML/L: Nitrogen Saturation [ml/l]
# name 14 = par: PAR/Irradiance, Biospherical/Licor
# name 15 = prdM: Pressure, Strain Gauge [db]
# name 16 = flag:  0.000e+00
# span 0 =          1,        613       
# span 1 = 179.589155, 179.590926       
# span 2 =    0.00000,    0.04250       
# span 3 =     0.0000,     2.5500       
# span 4 =      0.000,    153.000       
# span 5 =  1000.1896,  1025.2416       
# span 6 =   1540.704,  50612.554       
# span 7 =     0.7695,    31.6892       
# span 8 =     -0.018,     76.414       
# span 9 =    6.40879,    7.64431       
# span 10 =     6.3543,    11.3527      
# span 11 =     6.3607,    11.3528      
# span 12 =     0.1897,    24.8859      
# span 13 =   11.63165,   14.06629      
# span 14 = 4.5751e-02, 4.4236e+02      
# span 15 =     -0.018,     77.149      
# span 16 = 0.0000e+00, 0.0000e+00      
# interval = seconds: 0.25
# start_time = Jun 28 2017 14:08:23 [Instrument's time stamp, header]
# bad_flag = -9.990e-29
*END*
[from data line 256]
        257 179.589896    0.01778     1.0667     64.000  1022.1052  45746.202    28.9652      1.111    6.43811    10.8647    10.8856    22.1002   11.67387 1.8726e+02      1.121 0.0000e+00
        258 179.589899    0.01785     1.0708     64.250  1022.1049  45744.090    28.9627      1.119    6.43952    10.8539    10.8763    22.0998   11.67624 1.8684e+02      1.130 0.0000e+00
        259 179.589902    0.01792     1.0750     64.500  1022.1094  45750.425    28.9660      1.122    6.44097    10.8456    10.8649    22.1042   11.67861 1.8749e+02      1.132 0.0000e+00
        260 179.589905    0.01799     1.0792     64.750  1022.1153  45759.551    28.9713      1.118    6.44227    10.8405    10.8540    22.1101   11.68070 1.8852e+02      1.128 0.0000e+00
        261 179.589907    0.01806     1.0833     65.000  1022.1204  45767.657    28.9761      1.108    6.44323    10.8381    10.8458    22.1153   11.68223 1.8953e+02      1.118 0.0000e+00
        262 179.589910    0.01812     1.0875     65.250  1022.1239  45773.394    28.9796      1.096    6.44380    10.8375    10.8407    22.1188   11.68314 1.9035e+02      1.106 0.0000e+00
        263 179.589913    0.01819     1.0917     65.500  1022.1260  45777.057    28.9819      1.087    6.44404    10.8382    10.8382    22.1210   11.68352 1.9067e+02      1.097 0.0000e+00
        264 179.589916    0.01826     1.0958     65.750  1022.1273  45779.386    28.9835      1.082    6.44406    10.8397    10.8376    22.1224   11.68353 1.9034e+02      1.092 0.0000e+00
        265 179.589919    0.01833     1.1000     66.000  1022.1280  45780.734    28.9845      1.085    6.44393    10.8416    10.8383    22.1231   11.68329 1.8947e+02      1.095 0.0000e+00
        266 179.589922    0.01840     1.1042     66.250  1022.1281  45780.948    28.9848      1.093    6.44370    10.8433    10.8399    22.1230   11.68291 1.8834e+02      1.103 0.0000e+00
        267 179.589925    0.01847     1.1083     66.500  1022.1273  45779.711    28.9841      1.103    6.44346    10.8446    10.8418    22.1222   11.68252 1.8760e+02      1.113 0.0000e+00
        268 179.589928    0.01854     1.1125     66.750  1022.1259  45777.369    28.9827      1.111    6.44328    10.8456    10.8435    22.1208   11.68224 1.8753e+02      1.121 0.0000e+00
        269 179.589931    0.01861     1.1167     67.000  1022.1244  45774.763    28.9810      1.115    6.44317    10.8473    10.8447    22.1193   11.68208 1.8816e+02      1.125 0.0000e+00
        270 179.589933    0.01868     1.1208     67.250  1022.1226  45771.632    28.9789      1.113    6.44311    10.8500    10.8458    22.1175   11.68199 1.8932e+02      1.124 0.0000e+00
        271 179.589936    0.01875     1.1250     67.500  1022.1195  45766.340    28.9754      1.108    6.44302    10.8543    10.8474    22.1144   11.68190 1.9039e+02      1.118 0.0000e+00
        272 179.589939    0.01882     1.1292     67.750  1022.1143  45757.121    28.9692      1.101    6.44289    10.8608    10.8502    22.1092   11.68176 1.9099e+02      1.112 0.0000e+00
        273 179.589942    0.01889     1.1333     68.000  1022.1058  45742.299    28.9592      1.096    6.44270    10.8701    10.8544    22.1007   11.68157 1.9097e+02      1.106 0.0000e+00
        274 179.589945    0.01896     1.1375     68.250  1022.0935  45720.815    28.9448      1.093    6.44239    10.8820    10.8609    22.0885   11.68122 1.9054e+02      1.103 0.0000e+00
        275 179.589948    0.01903     1.1417     68.500  1022.0777  45693.267    28.9265      1.094    6.44184    10.8951    10.8702    22.0727   11.68053 1.9014e+02      1.104 0.0000e+00
        276 179.589951    0.01910     1.1458     68.750  1022.0600  45662.722    28.9063      1.097    6.44100    10.9074    10.8822    22.0550   11.67938 1.8977e+02      1.107 0.0000e+00
        277 179.589954    0.01917     1.1500     69.000  1022.0433  45634.050    28.8876      1.103    6.43995    10.9174    10.8952    22.0383   11.67785 1.8935e+02      1.113 0.0000e+00
        278 179.589957    0.01924     1.1542     69.250  1022.0295  45610.706    28.8725      1.108    6.43886    10.9244    10.9075    22.0245   11.67621 1.8902e+02      1.118 0.0000e+00
        279 179.589959    0.01931     1.1583     69.500  1022.0198  45594.356    28.8621      1.110    6.43789    10.9284    10.9175    22.0147   11.67473 1.8899e+02      1.121 0.0000e+00
        280 179.589962    0.01938     1.1625     69.750  1022.0143  45585.343    28.8565      1.109    6.43713    10.9299    10.9246    22.0092   11.67355 1.8930e+02      1.119 0.0000e+00
        281 179.589965    0.01944     1.1667     70.000  1022.0118  45581.460    28.8542      1.104    6.43668    10.9304    10.9285    22.0067   11.67282 1.8968e+02      1.114 0.0000e+00
        282 179.589968    0.01951     1.1708     70.250  1022.0102  45578.983    28.8526      1.097    6.43653    10.9308    10.9300    22.0052   11.67260 1.8999e+02      1.107 0.0000e+00
        283 179.589971    0.01958     1.1750     70.500  1022.0090  45576.774    28.8511      1.090    6.43652    10.9309    10.9305    22.0040   11.67260 1.9043e+02      1.100 0.0000e+00
        284 179.589974    0.01965     1.1792     70.750  1022.0087  45576.354    28.8509      1.084    6.43647    10.9302    10.9309    22.0037   11.67252 1.9112e+02      1.095 0.0000e+00
        285 179.589977    0.01972     1.1833     71.000  1022.0093  45577.574    28.8518      1.083    6.43643    10.9288    10.9310    22.0044   11.67244 1.9167e+02      1.093 0.0000e+00
        286 179.589980    0.01979     1.1875     71.250  1022.0107  45580.011    28.8534      1.085    6.43646    10.9269    10.9303    22.0058   11.67246 1.9150e+02      1.096 0.0000e+00
        287 179.589983    0.01986     1.1917     71.500  1022.0132  45584.254    28.8562      1.091    6.43654    10.9242    10.9289    22.0082   11.67255 1.9064e+02      1.102 0.0000e+00
        288 179.589986    0.01993     1.1958     71.750  1022.0168  45590.435    28.8604      1.099    6.43664    10.9207    10.9270    22.0117   11.67268 1.8942e+02      1.109 0.0000e+00
        289 179.589988    0.02000     1.2000     72.000  1022.0212  45598.072    28.8654      1.105    6.43681    10.9171    10.9243    22.0161   11.67290 1.8841e+02      1.115 0.0000e+00
        290 179.589991    0.02007     1.2042     72.250  1022.0256  45605.663    28.8704      1.108    6.43708    10.9141    10.9208    22.0206   11.67330 1.8803e+02      1.118 0.0000e+00
        291 179.589994    0.02014     1.2083     72.500  1022.0294  45612.004    28.8744      1.107    6.43742    10.9123    10.9172    22.0243   11.67382 1.8803e+02      1.118 0.0000e+00
        292 179.589997    0.02021     1.2125     72.750  1022.0321  45616.420    28.8772      1.104    6.43772    10.9117    10.9142    22.0270   11.67428 1.8803e+02      1.114 0.0000e+00
        293 179.590000    0.02028     1.2167     73.000  1022.0330  45617.837    28.8780      1.098    6.43795    10.9122    10.9124    22.0280   11.67465 1.8789e+02      1.108 0.0000e+00
        294 179.590003    0.02035     1.2208     73.250  1022.0323  45616.517    28.8771      1.092    6.43807    10.9133    10.9118    22.0273   11.67486 1.8745e+02      1.103 0.0000e+00
        295 179.590006    0.02042     1.2250     73.500  1022.0308  45613.921    28.8753      1.089    6.43806    10.9143    10.9123    22.0258   11.67487 1.8678e+02      1.099 0.0000e+00
        296 179.590009    0.02049     1.2292     73.750  1022.0290  45610.825    28.8733      1.088    6.43800    10.9146    10.9134    22.0240   11.67478 1.8648e+02      1.099 0.0000e+00
        297 179.590012    0.02056     1.2333     74.000  1022.0277  45608.595    28.8718      1.092    6.43792    10.9132    10.9144    22.0227   11.67466 1.8644e+02      1.103 0.0000e+00
        298 179.590014    0.02063     1.2375     74.250  1022.0285  45610.048    28.8728      1.097    6.43783    10.9095    10.9147    22.0235   11.67451 1.8612e+02      1.108 0.0000e+00
        299 179.590017    0.02069     1.2417     74.500  1022.0322  45616.614    28.8773      1.102    6.43784    10.9046    10.9133    22.0272   11.67448 1.8591e+02      1.112 0.0000e+00
        300 179.590020    0.02076     1.2458     74.750  1022.0378  45626.248    28.8836      1.104    6.43810    10.9004    10.9096    22.0328   11.67483 1.8596e+02      1.114 0.0000e+00
        301 179.590023    0.02083     1.2500     75.000  1022.0432  45635.428    28.8896      1.102    6.43854    10.8975    10.9047    22.0382   11.67548 1.8598e+02      1.113 0.0000e+00
        302 179.590026    0.02090     1.2542     75.250  1022.0474  45642.536    28.8941      1.099    6.43894    10.8950    10.9005    22.0424   11.67611 1.8595e+02      1.109 0.0000e+00
        303 179.590029    0.02097     1.2583     75.500  1022.0514  45649.334    28.8986      1.094    6.43916    10.8912    10.8976    22.0464   11.67642 1.8588e+02      1.105 0.0000e+00
        304 179.590032    0.02104     1.2625     75.750  1022.0567  45658.796    28.9049      1.090    6.43925    10.8854    10.8951    22.0517   11.67649 1.8570e+02      1.101 0.0000e+00
        305 179.590035    0.02111     1.2667     76.000  1022.0641  45671.788    28.9136      1.089    6.43943    10.8780    10.8913    22.0591   11.67668 1.8526e+02      1.099 0.0000e+00
        306 179.590038    0.02118     1.2708     76.250  1022.0732  45687.406    28.9240      1.090    6.43981    10.8696    10.8855    22.0682   11.67719 1.8455e+02      1.100 0.0000e+00
        307 179.590041    0.02125     1.2750     76.500  1022.0833  45704.829    28.9354      1.094    6.44037    10.8608    10.8781    22.0783   11.67798 1.8377e+02      1.104 0.0000e+00
        308 179.590043    0.02132     1.2792     76.750  1022.0938  45722.820    28.9472      1.098    6.44106    10.8528    10.8697    22.0888   11.67899 1.8314e+02      1.109 0.0000e+00
        309 179.590046    0.02139     1.2833     77.000  1022.1035  45739.224    28.9577      1.102    6.44186    10.8468    10.8609    22.0985   11.68019 1.8280e+02      1.113 0.0000e+00
        310 179.590049    0.02146     1.2875     77.250  1022.1112  45752.163    28.9660      1.103    6.44264    10.8431    10.8529    22.1063   11.68138 1.8281e+02      1.114 0.0000e+00
        311 179.590052    0.02153     1.2917     77.500  1022.1165  45760.967    28.9715      1.100    6.44325    10.8415    10.8469    22.1116   11.68233 1.8335e+02      1.111 0.0000e+00
        312 179.590055    0.02160     1.2958     77.750  1022.1196  45765.966    28.9746      1.093    6.44364    10.8418    10.8432    22.1146   11.68294 1.8440e+02      1.104 0.0000e+00
        313 179.590058    0.02167     1.3000     78.000  1022.1207  45767.759    28.9757      1.084    6.44382    10.8437    10.8416    22.1157   11.68321 1.8548e+02      1.095 0.0000e+00
        314 179.590061    0.02174     1.3042     78.250  1022.1200  45766.732    28.9751      1.075    6.44380    10.8473    10.8419    22.1151   11.68320 1.8616e+02      1.086 0.0000e+00
        315 179.590064    0.02181     1.3083     78.500  1022.1178  45762.966    28.9726      1.069    6.44363    10.8523    10.8439    22.1129   11.68294 1.8637e+02      1.079 0.0000e+00
        316 179.590067    0.02187     1.3125     78.750  1022.1138  45756.158    28.9682      1.068    6.44332    10.8588    10.8474    22.1089   11.68248 1.8587e+02      1.078 0.0000e+00
        317 179.590069    0.02194     1.3167     79.000  1022.1076  45745.615    28.9614      1.073    6.44290    10.8671    10.8524    22.1027   11.68187 1.8443e+02      1.083 0.0000e+00
        318 179.590072    0.02201     1.3208     79.250  1022.0981  45729.078    28.9504      1.085    6.44244    10.8781    10.8589    22.0931   11.68124 1.8236e+02      1.095 0.0000e+00
        319 179.590075    0.02208     1.3250     79.500  1022.0833  45703.112    28.9331      1.103    6.44199    10.8912    10.8673    22.0783   11.68069 1.8015e+02      1.113 0.0000e+00
        320 179.590078    0.02215     1.3292     79.750  1022.0645  45670.064    28.9111      1.122    6.44136    10.9036    10.8782    22.0593   11.67991 1.7835e+02      1.133 0.0000e+00
        321 179.590081    0.02222     1.3333     80.000  1022.0472  45640.375    28.8916      1.141    6.44032    10.9115    10.8914    22.0420   11.67842 1.7695e+02      1.151 0.0000e+00
        322 179.590084    0.02229     1.3375     80.250  1022.0368  45623.038    28.8808      1.159    6.43904    10.9125    10.9038    22.0315   11.67642 1.7505e+02      1.170 0.0000e+00
        323 179.590087    0.02236     1.3417     80.500  1022.0350  45620.775    28.8800      1.184    6.43797    10.9062    10.9117    22.0296   11.67465 1.7190e+02      1.195 0.0000e+00
        324 179.590090    0.02243     1.3458     80.750  1022.0420  45633.467    28.8890      1.222    6.43746    10.8932    10.9127    22.0364   11.67370 1.6735e+02      1.233 0.0000e+00
        325 179.590093    0.02250     1.3500     81.000  1022.0568  45659.185    28.9063      1.279    6.43764    10.8754    10.9064    22.0509   11.67378 1.6154e+02      1.291 0.0000e+00
        326 179.590095    0.02257     1.3542     81.250  1022.0772  45693.928    28.9293      1.360    6.43851    10.8552    10.8933    22.0710   11.67496 1.5435e+02      1.373 0.0000e+00
        327 179.590098    0.02264     1.3583     81.500  1022.1010  45733.934    28.9554      1.474    6.43992    10.8334    10.8756    22.0943   11.67699 1.4507e+02      1.488 0.0000e+00
        328 179.590101    0.02271     1.3625     81.750  1022.1267  45776.772    28.9832      1.630    6.44159    10.8093    10.8554    22.1193   11.67943 1.3363e+02      1.645 0.0000e+00
        329 179.590104    0.02278     1.3667     82.000  1022.1523  45818.797    29.0103      1.832    6.44352    10.7821    10.8337    22.1440   11.68230 1.2098e+02      1.849 0.0000e+00
        330 179.590107    0.02285     1.3708     82.250  1022.1765  45857.466    29.0348      2.080    6.44588    10.7519    10.8096    22.1670   11.68593 1.0797e+02      2.100 0.0000e+00
        331 179.590110    0.02292     1.3750     82.500  1022.2008  45895.617    29.0585      2.373    6.44871    10.7189    10.7824    22.1900   11.69034 9.5105e+01      2.395 0.0000e+00
        332 179.590113    0.02299     1.3792     82.750  1022.2280  45938.317    29.0851      2.704    6.45184    10.6835    10.7522    22.2157   11.69523 8.2879e+01      2.730 0.0000e+00
        333 179.590116    0.02306     1.3833     83.000  1022.2590  45987.280    29.1158      3.067    6.45520    10.6468    10.7193    22.2450   11.70044 7.1655e+01      3.096 0.0000e+00
        334 179.590119    0.02313     1.3875     83.250  1022.2921  46039.570    29.1485      3.454    6.45883    10.6105    10.6838    22.2763   11.70606 6.1627e+01      3.487 0.0000e+00
        335 179.590122    0.02319     1.3917     83.500  1022.3253  46091.794    29.1810      3.858    6.46264    10.5749    10.6472    22.3076   11.71199 5.2904e+01      3.894 0.0000e+00
        336 179.590124    0.02326     1.3958     83.750  1022.3579  46143.001    29.2128      4.271    6.46642    10.5383    10.6109    22.3384   11.71789 4.5495e+01      4.311 0.0000e+00
        337 179.590127    0.02333     1.4000     84.000  1022.3904  46194.159    29.2446      4.688    6.47012    10.4987    10.5754    22.3690   11.72364 3.9278e+01      4.733 0.0000e+00
        338 179.590130    0.02340     1.4042     84.250  1022.4242  46247.576    29.2779      5.107    6.47390    10.4541    10.5389    22.4009   11.72951 3.4039e+01      5.156 0.0000e+00
        339 179.590133    0.02347     1.4083     84.500  1022.4601  46304.383    29.3131      5.524    6.47803    10.4036    10.4993    22.4348   11.73594 2.9584e+01      5.577 0.0000e+00
        340 179.590136    0.02354     1.4125     84.750  1022.4970  46362.520    29.3487      5.933    6.48286    10.3481    10.4548    22.4698   11.74353 2.5800e+01      5.989 0.0000e+00
