CTD-processing/allCTD/CNV--homogene/2017_02-07_t9_s04_cast032.cnv
* Sea-Bird SBE19plus Data File:
* FileName = C:\Users\jwschloemer\Documents\CTD Data\2017_02_07_T9\2017_02_07_T9_cast032.hex
* Software Version 1.59
* Temperature SN =  4141
* Conductivity SN =  4141
* System UpLoad Time = Mar 06 2017 11:15:35
** Cook Inlet LTM Homer Along Bay
** Date: 2017-01-11
** Station:04
** Start Time (AKST):11:45
** Depth (m):95
** Comment: R/V Edgecumbe
# nquan = 17
# nvalues = 741                         
# units = specified
# name 0 = scan: Scan Count
# name 1 = timeJ: Julian Days
# name 2 = timeH: Time, Elapsed [hours]
# name 3 = timeM: Time, Elapsed [minutes]
# name 4 = timeS: Time, Elapsed [seconds]
# name 5 = density00: Density [density, kg/m^3]
# name 6 = specc: Specific Conductance [uS/cm]
# name 7 = sal00: Salinity, Practical [PSU]
# name 8 = depSM: Depth [salt water, m], lat = 59.00
# name 9 = oxsolML/L: Oxygen Saturation, Garcia & Gordon [ml/l]
# name 10 = potemp090C: Potential Temperature [ITS-90, deg C]
# name 11 = tv290C: Temperature [ITS-90, deg C]
# name 12 = sigma-é00: Density [sigma-theta, kg/m^3]
# name 13 = n2satML/L: Nitrogen Saturation [ml/l]
# name 14 = par: PAR/Irradiance, Biospherical/Licor
# name 15 = prdM: Pressure, Strain Gauge [db]
# name 16 = flag:  0.000e+00
# span 0 =          1,        741       
# span 1 =  38.490035,  38.492176       
# span 2 =    0.00000,    0.05139       
# span 3 =     0.0000,     3.0833       
# span 4 =      0.000,    185.000       
# span 5 =  1011.2633,  1025.5145       
# span 6 =  23632.793,  51228.201       
# span 7 =    14.1579,    31.6823       
# span 8 =      0.184,     90.073       
# span 9 =    7.30302,    8.52117       
# span 10 =     3.3350,     4.5902      
# span 11 =     3.3171,     4.5945      
# span 12 =    11.2624,    25.0915      
# span 13 =   13.07150,   15.35275      
# span 14 = 3.6382e-02, 1.1166e+02      
# span 15 =      0.186,     90.944      
# span 16 = 0.0000e+00, 0.0000e+00      
# interval = seconds: 0.25
# start_time = Feb 07 2017 11:45:39 [Instrument's time stamp, header]
# bad_flag = -9.990e-29
*END*
[from data line 511]
        512  38.491513    0.03549     2.1292    127.750  1025.2816  51111.223    31.6677     42.932    7.30756     4.5689     4.5719    25.0797   13.07913 1.6007e-01     43.341 0.0000e+00
        513  38.491516    0.03556     2.1333    128.000  1025.2827  51111.522    31.6678     43.149    7.30755     4.5689     4.5719    25.0798   13.07912 1.5618e-01     43.561 0.0000e+00
        514  38.491519    0.03562     2.1375    128.250  1025.2838  51111.807    31.6679     43.363    7.30755     4.5690     4.5719    25.0799   13.07910 1.5243e-01     43.777 0.0000e+00
        515  38.491522    0.03569     2.1417    128.500  1025.2849  51112.082    31.6680     43.577    7.30754     4.5690     4.5720    25.0800   13.07908 1.4877e-01     43.993 0.0000e+00
        516  38.491525    0.03576     2.1458    128.750  1025.2860  51112.353    31.6681     43.792    7.30753     4.5690     4.5720    25.0800   13.07907 1.4515e-01     44.210 0.0000e+00
        517  38.491528    0.03583     2.1500    129.000  1025.2871  51112.600    31.6681     44.012    7.30752     4.5690     4.5720    25.0801   13.07905 1.4158e-01     44.432 0.0000e+00
        518  38.491531    0.03590     2.1542    129.250  1025.2882  51112.856    31.6682     44.234    7.30750     4.5691     4.5721    25.0801   13.07903 1.3811e-01     44.656 0.0000e+00
        519  38.491534    0.03597     2.1583    129.500  1025.2893  51113.095    31.6683     44.456    7.30749     4.5691     4.5722    25.0802   13.07901 1.3474e-01     44.880 0.0000e+00
        520  38.491536    0.03604     2.1625    129.750  1025.2903  51113.289    31.6683     44.675    7.30748     4.5692     4.5722    25.0802   13.07899 1.3149e-01     45.101 0.0000e+00
        521  38.491539    0.03611     2.1667    130.000  1025.2914  51113.494    31.6684     44.890    7.30747     4.5692     4.5723    25.0802   13.07897 1.2839e-01     45.319 0.0000e+00
        522  38.491542    0.03618     2.1708    130.250  1025.2924  51113.733    31.6684     45.105    7.30746     4.5693     4.5723    25.0803   13.07894 1.2533e-01     45.536 0.0000e+00
        523  38.491545    0.03625     2.1750    130.500  1025.2935  51113.954    31.6685     45.322    7.30744     4.5693     4.5724    25.0803   13.07892 1.2224e-01     45.754 0.0000e+00
        524  38.491548    0.03632     2.1792    130.750  1025.2945  51114.092    31.6685     45.542    7.30743     4.5694     4.5724    25.0803   13.07890 1.1923e-01     45.977 0.0000e+00
        525  38.491551    0.03639     2.1833    131.000  1025.2955  51114.139    31.6684     45.764    7.30742     4.5694     4.5725    25.0803   13.07889 1.1633e-01     46.201 0.0000e+00
        526  38.491554    0.03646     2.1875    131.250  1025.2964  51114.115    31.6683     45.988    7.30742     4.5694     4.5725    25.0802   13.07889 1.1355e-01     46.427 0.0000e+00
        527  38.491557    0.03653     2.1917    131.500  1025.2973  51114.042    31.6682     46.210    7.30742     4.5694     4.5725    25.0800   13.07890 1.1090e-01     46.651 0.0000e+00
        528  38.491560    0.03660     2.1958    131.750  1025.2983  51114.033    31.6681     46.428    7.30742     4.5694     4.5725    25.0799   13.07890 1.0835e-01     46.871 0.0000e+00
        529  38.491563    0.03667     2.2000    132.000  1025.2993  51114.222    31.6681     46.645    7.30742     4.5694     4.5725    25.0800   13.07889 1.0587e-01     47.090 0.0000e+00
        530  38.491565    0.03674     2.2042    132.250  1025.3005  51114.583    31.6682     46.861    7.30741     4.5695     4.5726    25.0801   13.07887 1.0341e-01     47.309 0.0000e+00
        531  38.491568    0.03681     2.2083    132.500  1025.3016  51114.929    31.6684     47.081    7.30740     4.5695     4.5726    25.0802   13.07885 1.0095e-01     47.530 0.0000e+00
        532  38.491571    0.03687     2.2125    132.750  1025.3027  51115.198    31.6684     47.302    7.30738     4.5696     4.5727    25.0802   13.07883 9.8565e-02     47.754 0.0000e+00
        533  38.491574    0.03694     2.2167    133.000  1025.3038  51115.484    31.6685     47.526    7.30737     4.5696     4.5728    25.0803   13.07880 9.6295e-02     47.979 0.0000e+00
        534  38.491577    0.03701     2.2208    133.250  1025.3050  51115.805    31.6687     47.749    7.30735     4.5697     4.5728    25.0804   13.07876 9.4151e-02     48.205 0.0000e+00
        535  38.491580    0.03708     2.2250    133.500  1025.3062  51116.202    31.6688     47.969    7.30732     4.5698     4.5729    25.0806   13.07872 9.2117e-02     48.427 0.0000e+00
        536  38.491583    0.03715     2.2292    133.750  1025.3074  51116.663    31.6691     48.187    7.30729     4.5699     4.5730    25.0807   13.07867 9.0144e-02     48.648 0.0000e+00
        537  38.491586    0.03722     2.2333    134.000  1025.3085  51116.993    31.6692     48.405    7.30726     4.5700     4.5731    25.0808   13.07862 8.8216e-02     48.867 0.0000e+00
        538  38.491589    0.03729     2.2375    134.250  1025.3095  51117.152    31.6693     48.623    7.30724     4.5701     4.5732    25.0808   13.07859 8.6320e-02     49.087 0.0000e+00
        539  38.491591    0.03736     2.2417    134.500  1025.3105  51117.244    31.6692     48.842    7.30722     4.5702     4.5733    25.0808   13.07856 8.4464e-02     49.309 0.0000e+00
        540  38.491594    0.03743     2.2458    134.750  1025.3115  51117.344    31.6692     49.062    7.30721     4.5703     4.5734    25.0808   13.07852 8.2682e-02     49.530 0.0000e+00
        541  38.491597    0.03750     2.2500    135.000  1025.3126  51117.499    31.6692     49.279    7.30719     4.5704     4.5736    25.0808   13.07849 8.0958e-02     49.749 0.0000e+00
        542  38.491600    0.03757     2.2542    135.250  1025.3136  51117.723    31.6693     49.491    7.30717     4.5706     4.5737    25.0808   13.07845 7.9288e-02     49.964 0.0000e+00
        543  38.491603    0.03764     2.2583    135.500  1025.3147  51118.022    31.6694     49.702    7.30714     4.5707     4.5738    25.0809   13.07840 7.7668e-02     50.177 0.0000e+00
        544  38.491606    0.03771     2.2625    135.750  1025.3158  51118.405    31.6696     49.916    7.30710     4.5708     4.5740    25.0811   13.07835 7.6097e-02     50.393 0.0000e+00
        545  38.491609    0.03778     2.2667    136.000  1025.3170  51118.851    31.6698     50.134    7.30707     4.5709     4.5741    25.0812   13.07829 7.4586e-02     50.614 0.0000e+00
        546  38.491612    0.03785     2.2708    136.250  1025.3182  51119.309    31.6700     50.359    7.30704     4.5710     4.5742    25.0814   13.07823 7.3111e-02     50.840 0.0000e+00
        547  38.491615    0.03792     2.2750    136.500  1025.3195  51119.770    31.6703     50.587    7.30700     4.5711     4.5744    25.0816   13.07817 7.1655e-02     51.071 0.0000e+00
        548  38.491617    0.03799     2.2792    136.750  1025.3207  51120.149    31.6705     50.814    7.30697     4.5712     4.5745    25.0817   13.07811 7.0222e-02     51.300 0.0000e+00
        549  38.491620    0.03806     2.2833    137.000  1025.3217  51120.365    31.6705     51.034    7.30694     4.5713     4.5747    25.0817   13.07806 6.8844e-02     51.522 0.0000e+00
        550  38.491623    0.03812     2.2875    137.250  1025.3227  51120.519    31.6706     51.245    7.30691     4.5713     4.5748    25.0818   13.07803 6.7545e-02     51.735 0.0000e+00
        551  38.491626    0.03819     2.2917    137.500  1025.3237  51120.669    31.6706     51.451    7.30690     4.5714     4.5748    25.0818   13.07800 6.6320e-02     51.944 0.0000e+00
        552  38.491629    0.03826     2.2958    137.750  1025.3247  51120.806    31.6706     51.658    7.30689     4.5714     4.5749    25.0818   13.07798 6.5150e-02     52.152 0.0000e+00
        553  38.491632    0.03833     2.3000    138.000  1025.3257  51121.018    31.6706     51.870    7.30688     4.5714     4.5749    25.0818   13.07796 6.4003e-02     52.367 0.0000e+00
        554  38.491635    0.03840     2.3042    138.250  1025.3268  51121.212    31.6707     52.090    7.30687     4.5715     4.5750    25.0818   13.07795 6.2861e-02     52.589 0.0000e+00
        555  38.491638    0.03847     2.3083    138.500  1025.3278  51121.313    31.6707     52.315    7.30686     4.5715     4.5750    25.0818   13.07794 6.1729e-02     52.816 0.0000e+00
        556  38.491641    0.03854     2.3125    138.750  1025.3289  51121.561    31.6707     52.540    7.30685     4.5715     4.5751    25.0818   13.07792 6.0644e-02     53.042 0.0000e+00
        557  38.491644    0.03861     2.3167    139.000  1025.3300  51121.905    31.6709     52.759    7.30684     4.5714     4.5751    25.0819   13.07790 5.9636e-02     53.263 0.0000e+00
        558  38.491646    0.03868     2.3208    139.250  1025.3310  51122.066    31.6709     52.970    7.30684     4.5714     4.5751    25.0819   13.07790 5.8684e-02     53.477 0.0000e+00
        559  38.491649    0.03875     2.3250    139.500  1025.3319  51122.083    31.6708     53.176    7.30684     4.5714     4.5751    25.0819   13.07791 5.7763e-02     53.685 0.0000e+00
        560  38.491652    0.03882     2.3292    139.750  1025.3328  51122.059    31.6706     53.379    7.30685     4.5713     4.5751    25.0818   13.07793 5.6865e-02     53.890 0.0000e+00
        561  38.491655    0.03889     2.3333    140.000  1025.3337  51122.026    31.6705     53.586    7.30687     4.5711     4.5751    25.0817   13.07795 5.5954e-02     54.099 0.0000e+00
        562  38.491658    0.03896     2.3375    140.250  1025.3346  51122.030    31.6704     53.798    7.30689     4.5710     4.5750    25.0816   13.07799 5.5035e-02     54.313 0.0000e+00
        563  38.491661    0.03903     2.3417    140.500  1025.3356  51122.124    31.6703     54.016    7.30692     4.5708     4.5749    25.0816   13.07803 5.4176e-02     54.533 0.0000e+00
        564  38.491664    0.03910     2.3458    140.750  1025.3366  51122.288    31.6703     54.239    7.30694     4.5707     4.5747    25.0816   13.07807 5.3401e-02     54.758 0.0000e+00
        565  38.491667    0.03917     2.3500    141.000  1025.3377  51122.504    31.6703     54.463    7.30696     4.5706     4.5746    25.0816   13.07810 5.2668e-02     54.984 0.0000e+00
        566  38.491670    0.03924     2.3542    141.250  1025.3389  51122.896    31.6704     54.684    7.30697     4.5705     4.5745    25.0817   13.07812 5.1950e-02     55.208 0.0000e+00
        567  38.491672    0.03931     2.3583    141.500  1025.3400  51123.348    31.6706     54.901    7.30698     4.5705     4.5744    25.0818   13.07813 5.1253e-02     55.427 0.0000e+00
        568  38.491675    0.03938     2.3625    141.750  1025.3411  51123.649    31.6707     55.111    7.30698     4.5704     4.5743    25.0819   13.07814 5.0587e-02     55.639 0.0000e+00
        569  38.491678    0.03944     2.3667    142.000  1025.3421  51123.841    31.6707     55.315    7.30699     4.5703     4.5743    25.0819   13.07816 4.9947e-02     55.845 0.0000e+00
        570  38.491681    0.03951     2.3708    142.250  1025.3430  51124.028    31.6707     55.517    7.30700     4.5702     4.5742    25.0820   13.07818 4.9324e-02     56.049 0.0000e+00
        571  38.491684    0.03958     2.3750    142.500  1025.3440  51124.265    31.6708     55.721    7.30702     4.5701     4.5741    25.0820   13.07820 4.8709e-02     56.255 0.0000e+00
        572  38.491687    0.03965     2.3792    142.750  1025.3451  51124.503    31.6708     55.931    7.30703     4.5699     4.5740    25.0820   13.07822 4.8115e-02     56.467 0.0000e+00
        573  38.491690    0.03972     2.3833    143.000  1025.3461  51124.730    31.6708     56.148    7.30705     4.5697     4.5739    25.0821   13.07825 4.7543e-02     56.686 0.0000e+00
        574  38.491693    0.03979     2.3875    143.250  1025.3472  51124.981    31.6708     56.370    7.30708     4.5694     4.5738    25.0821   13.07829 4.6965e-02     56.910 0.0000e+00
        575  38.491696    0.03986     2.3917    143.500  1025.3483  51125.329    31.6709     56.591    7.30711     4.5691     4.5736    25.0822   13.07834 4.6399e-02     57.133 0.0000e+00
        576  38.491698    0.03993     2.3958    143.750  1025.3496  51125.965    31.6712     56.806    7.30714     4.5688     4.5733    25.0824   13.07839 4.5857e-02     57.350 0.0000e+00
        577  38.491701    0.04000     2.4000    144.000  1025.3509  51126.876    31.6716     57.012    7.30717     4.5685     4.5730    25.0828   13.07843 4.5326e-02     57.558 0.0000e+00
        578  38.491704    0.04007     2.4042    144.250  1025.3522  51127.750    31.6721     57.214    7.30721     4.5683     4.5727    25.0832   13.07848 4.4819e-02     57.762 0.0000e+00
        579  38.491707    0.04014     2.4083    144.500  1025.3535  51128.408    31.6724     57.418    7.30724     4.5681     4.5725    25.0834   13.07853 4.4346e-02     57.968 0.0000e+00
        580  38.491710    0.04021     2.4125    144.750  1025.3546  51128.933    31.6726     57.627    7.30726     4.5680     4.5723    25.0836   13.07857 4.3891e-02     58.179 0.0000e+00
        581  38.491713    0.04028     2.4167    145.000  1025.3558  51129.423    31.6728     57.844    7.30728     4.5678     4.5721    25.0838   13.07859 4.3442e-02     58.398 0.0000e+00
        582  38.491716    0.04035     2.4208    145.250  1025.3570  51129.856    31.6729     58.065    7.30730     4.5677     4.5720    25.0839   13.07862 4.3032e-02     58.621 0.0000e+00
        583  38.491719    0.04042     2.4250    145.500  1025.3581  51130.177    31.6730     58.286    7.30731     4.5677     4.5719    25.0840   13.07864 4.2665e-02     58.844 0.0000e+00
        584  38.491722    0.04049     2.4292    145.750  1025.3592  51130.472    31.6731     58.501    7.30732     4.5676     4.5718    25.0841   13.07866 4.2298e-02     59.062 0.0000e+00
        585  38.491725    0.04056     2.4333    146.000  1025.3603  51130.850    31.6732     58.708    7.30732     4.5677     4.5717    25.0842   13.07866 4.1935e-02     59.270 0.0000e+00
        586  38.491727    0.04063     2.4375    146.250  1025.3614  51131.307    31.6734     58.907    7.30731     4.5678     4.5717    25.0844   13.07865 4.1582e-02     59.471 0.0000e+00
        587  38.491730    0.04069     2.4417    146.500  1025.3626  51131.862    31.6738     59.104    7.30729     4.5682     4.5718    25.0846   13.07860 4.1231e-02     59.670 0.0000e+00
        588  38.491733    0.04076     2.4458    146.750  1025.3639  51132.679    31.6743     59.305    7.30723     4.5687     4.5719    25.0850   13.07850 4.0893e-02     59.873 0.0000e+00
        589  38.491736    0.04083     2.4500    147.000  1025.3653  51133.643    31.6749     59.514    7.30714     4.5693     4.5723    25.0855   13.07834 4.0568e-02     60.084 0.0000e+00
        590  38.491739    0.04090     2.4542    147.250  1025.3667  51134.341    31.6754     59.730    7.30703     4.5701     4.5728    25.0858   13.07815 4.0267e-02     60.302 0.0000e+00
        591  38.491742    0.04097     2.4583    147.500  1025.3680  51135.019    31.6759     59.947    7.30689     4.5711     4.5734    25.0861   13.07791 4.0004e-02     60.522 0.0000e+00
        592  38.491745    0.04104     2.4625    147.750  1025.3697  51136.380    31.6769     60.160    7.30670     4.5725     4.5742    25.0868   13.07760 3.9742e-02     60.737 0.0000e+00
        593  38.491748    0.04111     2.4667    148.000  1025.3719  51138.608    31.6785     60.366    7.30645     4.5746     4.5752    25.0880   13.07715 3.9463e-02     60.944 0.0000e+00
        594  38.491751    0.04118     2.4708    148.250  1025.3743  51141.246    31.6805     60.563    7.30609     4.5772     4.5767    25.0895   13.07653 3.9188e-02     61.144 0.0000e+00
        595  38.491753    0.04125     2.4750    148.500  1025.3761  51142.924    31.6821     60.754    7.30564     4.5798     4.5788    25.0905   13.07577 3.8934e-02     61.337 0.0000e+00
