CTD-processing/allCTD/CNV--homogene/2017_02-07_subbays_sadied_cast042.cnv
* Sea-Bird SBE19plus Data File:
* FileName = C:\Users\jwschloemer\Documents\CTD Data\2017_02_07_alongbay\2017_02_07_alongbay_cast042.hex
* Software Version 1.59
* Temperature SN =  4141
* Conductivity SN =  4141
* System UpLoad Time = Mar 06 2017 12:50:29
** Cook Inlet LTM Kbay Along Bay
** Date: 2017-02-07
** Station:SadieD
** Start Time (AKST):14:57
** Depth (m):91
** Comment: R/V Edgecumbe
** Comment: Sadie Cove middle past SADB
# nquan = 17
# nvalues = 759                         
# units = specified
# name 0 = scan: Scan Count
# name 1 = timeJ: Julian Days
# name 2 = timeH: Time, Elapsed [hours]
# name 3 = timeM: Time, Elapsed [minutes]
# name 4 = timeS: Time, Elapsed [seconds]
# name 5 = density00: Density [density, kg/m^3]
# name 6 = specc: Specific Conductance [uS/cm]
# name 7 = sal00: Salinity, Practical [PSU]
# name 8 = depSM: Depth [salt water, m], lat = 59.00
# name 9 = oxsolML/L: Oxygen Saturation, Garcia & Gordon [ml/l]
# name 10 = potemp090C: Potential Temperature [ITS-90, deg C]
# name 11 = tv290C: Temperature [ITS-90, deg C]
# name 12 = sigma-é00: Density [sigma-theta, kg/m^3]
# name 13 = n2satML/L: Nitrogen Saturation [ml/l]
# name 14 = par: PAR/Irradiance, Biospherical/Licor
# name 15 = prdM: Pressure, Strain Gauge [db]
# name 16 = flag:  0.000e+00
# span 0 =          1,        759       
# span 1 =  38.624005,  38.626198       
# span 2 =    0.00000,    0.05264       
# span 3 =     0.0000,     3.1583       
# span 4 =      0.000,    189.500       
# span 5 =  1024.4321,  1025.3999       
# span 6 =  50207.444,  51115.964       
# span 7 =    30.6523,    31.5818       
# span 8 =      0.547,     80.301       
# span 9 =    7.33216,    7.68060       
# span 10 =     2.9896,     4.4517      
# span 11 =     2.8255,     4.4572      
# span 12 =    24.4295,    25.0566      
# span 13 =   13.12088,   13.70827      
# span 14 = 3.6382e-02, 7.6698e+01      
# span 15 =      0.552,     81.074      
# span 16 = 0.0000e+00, 0.0000e+00      
# interval = seconds: 0.25
# start_time = Feb 07 2017 14:58:34 [Instrument's time stamp, header]
# bad_flag = -9.990e-29
*END*
[from data line 256]
        257  38.624745    0.01778     1.0667     64.000  1024.6936  50537.573    31.0510      0.870    7.52802     3.4915     3.5237    24.6895   13.45113 5.8831e+01      0.878 0.0000e+00
        258  38.624748    0.01785     1.0708     64.250  1024.6898  50533.945    31.0443      0.869    7.53158     3.4792     3.5064    24.6857   13.45708 5.9271e+01      0.877 0.0000e+00
        259  38.624751    0.01792     1.0750     64.500  1024.6873  50532.207    31.0394      0.869    7.53457     3.4694     3.4915    24.6832   13.46209 5.9880e+01      0.877 0.0000e+00
        260  38.624754    0.01799     1.0792     64.750  1024.6869  50534.048    31.0377      0.868    7.53695     3.4623     3.4792    24.6828   13.46603 6.0502e+01      0.876 0.0000e+00
        261  38.624757    0.01806     1.0833     65.000  1024.6896  50540.996    31.0400      0.868    7.53865     3.4578     3.4695    24.6855   13.46881 6.1144e+01      0.876 0.0000e+00
        262  38.624760    0.01812     1.0875     65.250  1024.6947  50551.884    31.0456      0.868    7.53969     3.4560     3.4623    24.6906   13.47045 6.1709e+01      0.876 0.0000e+00
        263  38.624763    0.01819     1.0917     65.500  1024.7009  50564.266    31.0529      0.869    7.54014     3.4567     3.4579    24.6968   13.47110 6.2081e+01      0.877 0.0000e+00
        264  38.624766    0.01826     1.0958     65.750  1024.7083  50578.327    31.0620      0.870    7.54002     3.4601     3.4560    24.7042   13.47077 6.2386e+01      0.878 0.0000e+00
        265  38.624769    0.01833     1.1000     66.000  1024.7178  50595.733    31.0740      0.870    7.53927     3.4660     3.4567    24.7137   13.46938 6.2699e+01      0.878 0.0000e+00
        266  38.624771    0.01840     1.1042     66.250  1024.7282  50614.361    31.0874      0.869    7.53795     3.4738     3.4601    24.7241   13.46703 6.2966e+01      0.877 0.0000e+00
        267  38.624774    0.01847     1.1083     66.500  1024.7376  50630.564    31.0999      0.868    7.53621     3.4825     3.4660    24.7335   13.46400 6.3191e+01      0.876 0.0000e+00
        268  38.624777    0.01854     1.1125     66.750  1024.7445  50641.761    31.1094      0.866    7.53428     3.4905     3.4738    24.7404   13.46068 6.3421e+01      0.874 0.0000e+00
        269  38.624780    0.01861     1.1167     67.000  1024.7459  50642.692    31.1122      0.865    7.53252     3.4961     3.4825    24.7418   13.45775 6.3631e+01      0.873 0.0000e+00
        270  38.624783    0.01868     1.1208     67.250  1024.7397  50629.488    31.1052      0.865    7.53138     3.4980     3.4906    24.7355   13.45595 6.3759e+01      0.873 0.0000e+00
        271  38.624786    0.01875     1.1250     67.500  1024.7288  50608.145    31.0921      0.866    7.53102     3.4971     3.4961    24.7246   13.45553 6.3815e+01      0.874 0.0000e+00
        272  38.624789    0.01882     1.1292     67.750  1024.7191  50589.768    31.0801      0.867    7.53128     3.4942     3.4981    24.7149   13.45611 6.3805e+01      0.875 0.0000e+00
        273  38.624792    0.01889     1.1333     68.000  1024.7102  50573.505    31.0689      0.867    7.53203     3.4889     3.4971    24.7060   13.45750 6.3808e+01      0.875 0.0000e+00
        274  38.624795    0.01896     1.1375     68.250  1024.6967  50549.138    31.0516      0.868    7.53345     3.4807     3.4942    24.6926   13.46007 6.3856e+01      0.876 0.0000e+00
        275  38.624797    0.01903     1.1417     68.500  1024.6796  50518.513    31.0296      0.868    7.53555     3.4708     3.4890    24.6755   13.46384 6.3848e+01      0.876 0.0000e+00
        276  38.624800    0.01910     1.1458     68.750  1024.6670  50496.669    31.0128      0.868    7.53793     3.4611     3.4808    24.6629   13.46799 6.3728e+01      0.877 0.0000e+00
        277  38.624803    0.01917     1.1500     69.000  1024.6617  50488.958    31.0051      0.868    7.54017     3.4524     3.4709    24.6576   13.47178 6.3468e+01      0.877 0.0000e+00
        278  38.624806    0.01924     1.1542     69.250  1024.6586  50485.063    31.0001      0.868    7.54223     3.4443     3.4612    24.6545   13.47525 6.3130e+01      0.876 0.0000e+00
        279  38.624809    0.01931     1.1583     69.500  1024.6559  50481.806    30.9957      0.868    7.54408     3.4369     3.4524    24.6518   13.47836 6.2810e+01      0.876 0.0000e+00
        280  38.624812    0.01938     1.1625     69.750  1024.6543  50480.576    30.9929      0.867    7.54572     3.4298     3.4444    24.6502   13.48110 6.2483e+01      0.875 0.0000e+00
        281  38.624815    0.01944     1.1667     70.000  1024.6510  50475.953    30.9879      0.866    7.54735     3.4229     3.4369    24.6469   13.48387 6.2195e+01      0.874 0.0000e+00
        282  38.624818    0.01951     1.1708     70.250  1024.6472  50470.297    30.9823      0.866    7.54897     3.4173     3.4298    24.6431   13.48661 6.1979e+01      0.874 0.0000e+00
        283  38.624821    0.01958     1.1750     70.500  1024.6479  50473.129    30.9826      0.866    7.55024     3.4138     3.4230    24.6438   13.48870 6.1778e+01      0.875 0.0000e+00
        284  38.624823    0.01965     1.1792     70.750  1024.6535  50484.642    30.9890      0.868    7.55096     3.4125     3.4173    24.6494   13.48981 6.1585e+01      0.876 0.0000e+00
        285  38.624826    0.01972     1.1833     71.000  1024.6596  50496.637    30.9962      0.870    7.55123     3.4125     3.4139    24.6555   13.49015 6.1428e+01      0.878 0.0000e+00
        286  38.624829    0.01979     1.1875     71.250  1024.6638  50504.746    31.0014      0.872    7.55120     3.4129     3.4126    24.6597   13.49005 6.1342e+01      0.880 0.0000e+00
        287  38.624832    0.01986     1.1917     71.500  1024.6664  50509.563    31.0046      0.873    7.55104     3.4132     3.4126    24.6623   13.48974 6.1282e+01      0.881 0.0000e+00
        288  38.624835    0.01993     1.1958     71.750  1024.6677  50511.797    31.0062      0.873    7.55088     3.4130     3.4130    24.6636   13.48945 6.1210e+01      0.881 0.0000e+00
        289  38.624838    0.02000     1.2000     72.000  1024.6677  50511.737    31.0063      0.872    7.55082     3.4124     3.4133    24.6636   13.48935 6.1072e+01      0.881 0.0000e+00
        290  38.624841    0.02007     1.2042     72.250  1024.6672  50510.827    31.0056      0.871    7.55089     3.4115     3.4131    24.6631   13.48947 6.0872e+01      0.879 0.0000e+00
        291  38.624844    0.02014     1.2083     72.500  1024.6671  50510.850    31.0055      0.869    7.55102     3.4106     3.4124    24.6630   13.48969 6.0617e+01      0.878 0.0000e+00
        292  38.624847    0.02021     1.2125     72.750  1024.6674  50511.558    31.0058      0.868    7.55117     3.4099     3.4115    24.6633   13.48994 6.0307e+01      0.876 0.0000e+00
        293  38.624850    0.02028     1.2167     73.000  1024.6675  50511.815    31.0057      0.868    7.55134     3.4092     3.4107    24.6633   13.49021 6.0128e+01      0.876 0.0000e+00
        294  38.624852    0.02035     1.2208     73.250  1024.6674  50511.908    31.0056      0.868    7.55149     3.4088     3.4099    24.6633   13.49046 6.0018e+01      0.876 0.0000e+00
        295  38.624855    0.02042     1.2250     73.500  1024.6679  50512.981    31.0062      0.869    7.55158     3.4087     3.4093    24.6638   13.49060 5.9861e+01      0.877 0.0000e+00
        296  38.624858    0.02049     1.2292     73.750  1024.6692  50515.393    31.0077      0.871    7.55158     3.4087     3.4089    24.6651   13.49057 5.9795e+01      0.879 0.0000e+00
        297  38.624861    0.02056     1.2333     74.000  1024.6702  50517.279    31.0090      0.873    7.55153     3.4083     3.4088    24.6661   13.49048 5.9722e+01      0.881 0.0000e+00
        298  38.624864    0.02063     1.2375     74.250  1024.6691  50515.179    31.0076      0.874    7.55160     3.4068     3.4088    24.6649   13.49061 5.9575e+01      0.882 0.0000e+00
        299  38.624867    0.02069     1.2417     74.500  1024.6652  50508.031    31.0026      0.874    7.55193     3.4041     3.4084    24.6610   13.49123 5.9491e+01      0.882 0.0000e+00
        300  38.624870    0.02076     1.2458     74.750  1024.6603  50499.299    30.9963      0.873    7.55253     3.4007     3.4069    24.6562   13.49231 5.9368e+01      0.881 0.0000e+00
        301  38.624873    0.02083     1.2500     75.000  1024.6572  50494.190    30.9922      0.872    7.55325     3.3975     3.4042    24.6531   13.49354 5.9108e+01      0.880 0.0000e+00
        302  38.624876    0.02090     1.2542     75.250  1024.6574  50495.176    30.9920      0.871    7.55389     3.3951     3.4008    24.6533   13.49460 5.8880e+01      0.879 0.0000e+00
        303  38.624878    0.02097     1.2583     75.500  1024.6606  50501.704    30.9956      0.870    7.55431     3.3938     3.3976    24.6564   13.49524 5.8700e+01      0.878 0.0000e+00
        304  38.624881    0.02104     1.2625     75.750  1024.6649  50510.137    31.0008      0.870    7.55449     3.3931     3.3952    24.6607   13.49548 5.8340e+01      0.878 0.0000e+00
        305  38.624884    0.02111     1.2667     76.000  1024.6673  50514.871    31.0036      0.870    7.55460     3.3925     3.3938    24.6631   13.49562 5.7792e+01      0.879 0.0000e+00
        306  38.624887    0.02118     1.2708     76.250  1024.6667  50514.025    31.0029      0.872    7.55476     3.3914     3.3931    24.6626   13.49590 5.7254e+01      0.880 0.0000e+00
        307  38.624890    0.02125     1.2750     76.500  1024.6638  50508.689    30.9991      0.873    7.55507     3.3895     3.3925    24.6597   13.49646 5.6903e+01      0.881 0.0000e+00
        308  38.624893    0.02132     1.2792     76.750  1024.6585  50499.078    30.9923      0.874    7.55561     3.3863     3.3915    24.6544   13.49745 5.6888e+01      0.882 0.0000e+00
        309  38.624896    0.02139     1.2833     77.000  1024.6507  50485.016    30.9823      0.874    7.55649     3.3817     3.3895    24.6466   13.49903 5.6991e+01      0.882 0.0000e+00
        310  38.624899    0.02146     1.2875     77.250  1024.6405  50466.751    30.9691      0.873    7.55775     3.3758     3.3864    24.6364   13.50128 5.6820e+01      0.881 0.0000e+00
        311  38.624902    0.02153     1.2917     77.500  1024.6292  50446.863    30.9545      0.872    7.55936     3.3689     3.3818    24.6251   13.50412 5.6392e+01      0.880 0.0000e+00
        312  38.624905    0.02160     1.2958     77.750  1024.6193  50429.718    30.9414      0.871    7.56115     3.3617     3.3758    24.6152   13.50725 5.5906e+01      0.879 0.0000e+00
        313  38.624907    0.02167     1.3000     78.000  1024.6114  50416.323    30.9307      0.870    7.56299     3.3547     3.3689    24.6072   13.51044 5.5368e+01      0.878 0.0000e+00
        314  38.624910    0.02174     1.3042     78.250  1024.6045  50405.016    30.9213      0.870    7.56481     3.3477     3.3618    24.6003   13.51357 5.4759e+01      0.878 0.0000e+00
        315  38.624913    0.02181     1.3083     78.500  1024.5969  50392.415    30.9110      0.869    7.56665     3.3405     3.3548    24.5928   13.51675 5.4198e+01      0.877 0.0000e+00
        316  38.624916    0.02187     1.3125     78.750  1024.5882  50377.673    30.8993      0.869    7.56856     3.3333     3.3478    24.5840   13.52005 5.3703e+01      0.877 0.0000e+00
        317  38.624919    0.02194     1.3167     79.000  1024.5814  50366.555    30.8900      0.868    7.57039     3.3270     3.3406    24.5772   13.52320 5.3246e+01      0.876 0.0000e+00
        318  38.624922    0.02201     1.3208     79.250  1024.5776  50360.972    30.8844      0.868    7.57202     3.3218     3.3334    24.5734   13.52595 5.2905e+01      0.876 0.0000e+00
        319  38.624925    0.02208     1.3250     79.500  1024.5750  50357.551    30.8805      0.868    7.57341     3.3175     3.3270    24.5709   13.52830 5.2709e+01      0.876 0.0000e+00
        320  38.624928    0.02215     1.3292     79.750  1024.5716  50352.331    30.8757      0.869    7.57463     3.3133     3.3218    24.5675   13.53038 5.2720e+01      0.877 0.0000e+00
        321  38.624931    0.02222     1.3333     80.000  1024.5656  50342.039    30.8677      0.869    7.57585     3.3086     3.3175    24.5614   13.53250 5.2971e+01      0.877 0.0000e+00
        322  38.624933    0.02229     1.3375     80.250  1024.5574  50327.693    30.8569      0.870    7.57719     3.3031     3.3133    24.5532   13.53486 5.3338e+01      0.878 0.0000e+00
        323  38.624936    0.02236     1.3417     80.500  1024.5486  50312.305    30.8454      0.872    7.57867     3.2971     3.3086    24.5444   13.53746 5.3716e+01      0.880 0.0000e+00
        324  38.624939    0.02243     1.3458     80.750  1024.5410  50299.455    30.8353      0.874    7.58022     3.2910     3.3031    24.5369   13.54014 5.4004e+01      0.882 0.0000e+00
        325  38.624942    0.02250     1.3500     81.000  1024.5354  50290.231    30.8276      0.877    7.58174     3.2852     3.2971    24.5312   13.54275 5.4226e+01      0.885 0.0000e+00
        326  38.624945    0.02257     1.3542     81.250  1024.5312  50283.661    30.8217      0.879    7.58319     3.2799     3.2910    24.5270   13.54522 5.4511e+01      0.887 0.0000e+00
        327  38.624948    0.02264     1.3583     81.500  1024.5286  50280.090    30.8178      0.881    7.58449     3.2752     3.2852    24.5244   13.54742 5.4713e+01      0.889 0.0000e+00
        328  38.624951    0.02271     1.3625     81.750  1024.5260  50276.387    30.8139      0.881    7.58569     3.2708     3.2799    24.5218   13.54945 5.4735e+01      0.889 0.0000e+00
        329  38.624954    0.02278     1.3667     82.000  1024.5214  50268.928    30.8077      0.879    7.58687     3.2664     3.2752    24.5172   13.55149 5.4615e+01      0.888 0.0000e+00
        330  38.624957    0.02285     1.3708     82.250  1024.5169  50261.466    30.8016      0.877    7.58801     3.2625     3.2708    24.5127   13.55345 5.4252e+01      0.886 0.0000e+00
        331  38.624959    0.02292     1.3750     82.500  1024.5158  50260.388    30.7998      0.875    7.58894     3.2599     3.2664    24.5117   13.55500 5.3690e+01      0.883 0.0000e+00
        332  38.624962    0.02299     1.3792     82.750  1024.5182  50265.653    30.8024      0.873    7.58954     3.2588     3.2625    24.5140   13.55596 5.3087e+01      0.881 0.0000e+00
        333  38.624965    0.02306     1.3833     83.000  1024.5227  50274.679    30.8078      0.873    7.58976     3.2594     3.2599    24.5186   13.55626 5.2501e+01      0.881 0.0000e+00
        334  38.624968    0.02313     1.3875     83.250  1024.5288  50286.266    30.8154      0.874    7.58957     3.2616     3.2588    24.5247   13.55584 5.1973e+01      0.882 0.0000e+00
        335  38.624971    0.02319     1.3917     83.500  1024.5353  50298.167    30.8236      0.877    7.58902     3.2650     3.2595    24.5312   13.55483 5.1559e+01      0.885 0.0000e+00
        336  38.624974    0.02326     1.3958     83.750  1024.5422  50310.418    30.8324      0.880    7.58817     3.2700     3.2616    24.5381   13.55330 5.1285e+01      0.888 0.0000e+00
        337  38.624977    0.02333     1.4000     84.000  1024.5519  50327.608    30.8449      0.885    7.58688     3.2771     3.2650    24.5477   13.55101 5.1153e+01      0.893 0.0000e+00
        338  38.624980    0.02340     1.4042     84.250  1024.5656  50351.928    30.8626      0.889    7.58503     3.2862     3.2700    24.5614   13.54772 5.1234e+01      0.897 0.0000e+00
        339  38.624983    0.02347     1.4083     84.500  1024.5807  50378.483    30.8823      0.892    7.58268     3.2968     3.2771    24.5765   13.54357 5.1604e+01      0.901 0.0000e+00
        340  38.624986    0.02354     1.4125     84.750  1024.5949  50402.984    30.9011      0.896    7.57999     3.3082     3.2863    24.5907   13.53888 5.2240e+01      0.905 0.0000e+00
