CTD-processing/allCTD/CNV--homogene/2017_04-19_t3_s11_cast127.cnv
* Sea-Bird SBE19plus Data File:
* FileName = P:\My Documents\kasitsna\Research-KBL\Oceanography-AK\CTD-Data-ALL-to-2017-02\2017-CTD-KachemakBay-CookInlet\2017-04-19-CookInlet-Tran3-AnchorPt\2017-04-19-CookInlet-Tran3-cast127.hex
* Software Version 1.59
* Temperature SN =  4141
* Conductivity SN =  4141
* System UpLoad Time = Apr 20 2017 00:34:57
** Cook Inlet LTM Transect 3 Anchor Pt east to west
** Date: 2017-04-19
** Station: (eg. 9-01): 3-11
** Start time (AKDT): 21:00
** Depth (m): 39.3
** Comment: R/V Alaska Dreamcatcher
** Comment:
# nquan = 17
# nvalues = 388                         
# units = specified
# name 0 = scan: Scan Count
# name 1 = timeJ: Julian Days
# name 2 = timeH: Time, Elapsed [hours]
# name 3 = timeM: Time, Elapsed [minutes]
# name 4 = timeS: Time, Elapsed [seconds]
# name 5 = density00: Density [density, kg/m^3]
# name 6 = specc: Specific Conductance [uS/cm]
# name 7 = sal00: Salinity, Practical [PSU]
# name 8 = depSM: Depth [salt water, m], lat = 59.00
# name 9 = oxsolML/L: Oxygen Saturation, Garcia & Gordon [ml/l]
# name 10 = potemp090C: Potential Temperature [ITS-90, deg C]
# name 11 = tv290C: Temperature [ITS-90, deg C]
# name 12 = sigma-é00: Density [sigma-theta, kg/m^3]
# name 13 = n2satML/L: Nitrogen Saturation [ml/l]
# name 14 = par: PAR/Irradiance, Biospherical/Licor
# name 15 = prdM: Pressure, Strain Gauge [db]
# name 16 = flag:  0.000e+00
# span 0 =          1,        388       
# span 1 = 109.875463, 109.876583       
# span 2 =    0.00000,    0.02688       
# span 3 =     0.0000,     1.6125       
# span 4 =      0.000,     96.750       
# span 5 =  1000.4389,  1025.4109       
# span 6 =   1198.645,  51454.135       
# span 7 =     0.5766,    31.7909       
# span 8 =     -0.047,     39.342       
# span 9 =    7.38670,    9.12949       
# span 10 =     4.0285,     4.0947      
# span 11 =     4.0285,     4.0952      
# span 12 =     0.4391,    25.2266      
# span 13 =   13.20824,   16.57029      
# span 14 = 3.6866e-02, 4.1992e+01      
# span 15 =     -0.047,     39.716      
# span 16 = 0.0000e+00, 0.0000e+00      
# interval = seconds: 0.25
# start_time = Apr 19 2017 21:00:40 [Instrument's time stamp, header]
# bad_flag = -9.990e-29
*END*
          1 109.875463    0.00000     0.0000      0.000  1000.5431   1461.828     0.7061     -0.047    9.11983     4.0356     4.0367     0.5434   16.55189 4.1992e+01     -0.047 0.0000e+00
          2 109.875466    0.00007     0.0042      0.250  1000.5366   1445.717     0.6979     -0.046    9.12045     4.0348     4.0363     0.5369   16.55305 4.1322e+01     -0.046 0.0000e+00
          3 109.875469    0.00014     0.0083      0.500  1000.5281   1424.773     0.6874     -0.046    9.12125     4.0339     4.0356     0.5284   16.55458 4.0093e+01     -0.046 0.0000e+00
          4 109.875472    0.00021     0.0125      0.750  1000.5174   1398.217     0.6741     -0.046    9.12227     4.0330     4.0348     0.5176   16.55651 3.8767e+01     -0.046 0.0000e+00
          5 109.875475    0.00028     0.0167      1.000  1000.5049   1367.149     0.6585     -0.046    9.12345     4.0322     4.0339     0.5051   16.55875 3.7844e+01     -0.046 0.0000e+00
          6 109.875477    0.00035     0.0208      1.250  1000.4919   1335.071     0.6424     -0.046    9.12465     4.0316     4.0330     0.4922   16.56105 3.7389e+01     -0.046 0.0000e+00
          7 109.875480    0.00042     0.0250      1.500  1000.4791   1303.022     0.6264     -0.046    9.12582     4.0312     4.0322     0.4794   16.56328 3.7307e+01     -0.046 0.0000e+00
          8 109.875483    0.00049     0.0292      1.750  1000.4660   1270.276     0.6101     -0.045    9.12697     4.0308     4.0316     0.4663   16.56547 3.7384e+01     -0.045 0.0000e+00
          9 109.875486    0.00056     0.0333      2.000  1000.4537   1239.159     0.5947     -0.045    9.12802     4.0304     4.0312     0.4539   16.56750 3.7506e+01     -0.045 0.0000e+00
         10 109.875489    0.00063     0.0375      2.250  1000.4442   1214.922     0.5830     -0.045    9.12885     4.0299     4.0308     0.4444   16.56909 3.7798e+01     -0.045 0.0000e+00
         11 109.875492    0.00069     0.0417      2.500  1000.4392   1201.203     0.5768     -0.045    9.12935     4.0295     4.0304     0.4394   16.57003 3.8309e+01     -0.045 0.0000e+00
         12 109.875495    0.00076     0.0458      2.750  1000.4389   1198.645     0.5766     -0.045    9.12949     4.0290     4.0299     0.4391   16.57029 3.8919e+01     -0.045 0.0000e+00
         13 109.875498    0.00083     0.0500      3.000  1000.4443   1208.578     0.5833     -0.045    9.12923     4.0287     4.0295     0.4445   16.56977 3.9441e+01     -0.045 0.0000e+00
         14 109.875501    0.00090     0.0542      3.250  1000.4569   1234.466     0.5992     -0.045    9.12844     4.0286     4.0290     0.4571   16.56822 3.9689e+01     -0.045 0.0000e+00
         15 109.875503    0.00097     0.0583      3.500  1000.4791   1280.334     0.6271     -0.044    9.12695     4.0285     4.0287     0.4793   16.56531 3.9649e+01     -0.044 0.0000e+00
         16 109.875506    0.00104     0.0625      3.750  1000.5153   1354.710     0.6726     -0.044    9.12443     4.0286     4.0286     0.5155   16.56044 3.9414e+01     -0.044 0.0000e+00
         17 109.875509    0.00111     0.0667      4.000  1000.5747   1476.577     0.7474     -0.043    9.12025     4.0287     4.0285     0.5749   16.55235 3.9071e+01     -0.043 0.0000e+00
         18 109.875512    0.00118     0.0708      4.250  1000.6734   1678.920     0.8717     -0.042    9.11328     4.0289     4.0286     0.6736   16.53887 3.8683e+01     -0.042 0.0000e+00
         19 109.875515    0.00125     0.0750      4.500  1000.8377   2015.649     1.0785     -0.040    9.10166     4.0290     4.0287     0.8380   16.51643 3.8298e+01     -0.040 0.0000e+00
         20 109.875518    0.00132     0.0792      4.750  1001.1110   2575.437     1.4226     -0.036    9.08235     4.0292     4.0289     1.1112   16.47911 3.7949e+01     -0.036 0.0000e+00
         21 109.875521    0.00139     0.0833      5.000  1001.5655   3505.672     1.9946     -0.029    9.05027     4.0294     4.0290     1.5656   16.41711 3.7623e+01     -0.029 0.0000e+00
         22 109.875524    0.00146     0.0875      5.250  1002.3214   5052.453     2.9461     -0.017    8.99693     4.0296     4.0292     2.3214   16.31403 3.7274e+01     -0.017 0.0000e+00
         23 109.875527    0.00153     0.0917      5.500  1003.5799   7627.200     4.5305      0.001    8.90815     4.0297     4.0294     3.5799   16.14247 3.6824e+01      0.001 0.0000e+00
         24 109.875530    0.00160     0.0958      5.750  1005.6770  11917.264     7.1704      0.032    8.76027     4.0299     4.0296     5.6769   15.85666 3.6213e+01      0.032 0.0000e+00
         25 109.875532    0.00167     0.1000      6.000  1009.1727  19068.767    11.5710      0.083    8.51379     4.0303     4.0298     9.1724   15.38029 3.5371e+01      0.083 0.0000e+00
         26 109.875535    0.00174     0.1042      6.250  1013.8365  28562.234    17.4423      0.160    8.18661     4.0313     4.0299    13.8358   14.74825 3.4146e+01      0.161 0.0000e+00
         27 109.875538    0.00181     0.1083      6.500  1018.0956  37151.128    22.8044      0.260    7.89055     4.0329     4.0304    18.0944   14.17685 3.2229e+01      0.263 0.0000e+00
         28 109.875541    0.00187     0.1125      6.750  1020.9433  42854.299    26.3896      0.374    7.69383     4.0349     4.0313    20.9415   13.79744 2.9090e+01      0.378 0.0000e+00
         29 109.875544    0.00194     0.1167      7.000  1022.6504  46272.870    28.5387      0.491    7.57571     4.0370     4.0329    22.6481   13.56969 2.5481e+01      0.496 0.0000e+00
         30 109.875547    0.00201     0.1208      7.250  1023.6734  48321.059    29.8263      0.607    7.50475     4.0389     4.0349    23.6705   13.43291 2.3178e+01      0.613 0.0000e+00
         31 109.875550    0.00208     0.1250      7.500  1024.2859  49547.197    30.5972      0.718    7.46209     4.0405     4.0370    24.2825   13.35073 2.2046e+01      0.725 0.0000e+00
         32 109.875553    0.00215     0.1292      7.750  1024.6523  50280.390    31.0582      0.821    7.43645     4.0417     4.0389    24.6484   13.30137 2.0970e+01      0.828 0.0000e+00
         33 109.875556    0.00222     0.1333      8.000  1024.8714  50718.565    31.3337      0.912    7.42104     4.0427     4.0405    24.8671   13.27173 1.9867e+01      0.920 0.0000e+00
         34 109.875558    0.00229     0.1375      8.250  1025.0025  50980.618    31.4984      0.987    7.41177     4.0434     4.0418    24.9978   13.25391 1.9120e+01      0.996 0.0000e+00
         35 109.875561    0.00236     0.1417      8.500  1025.0814  51138.252    31.5976      1.043    7.40616     4.0439     4.0427    25.0765   13.24314 1.8851e+01      1.053 0.0000e+00
         36 109.875564    0.00243     0.1458      8.750  1025.1296  51234.313    31.6581      1.082    7.40272     4.0444     4.0434    25.1245   13.23653 1.8802e+01      1.093 0.0000e+00
         37 109.875567    0.00250     0.1500      9.000  1025.1592  51293.140    31.6953      1.108    7.40059     4.0451     4.0439    25.1539   13.23245 1.8701e+01      1.118 0.0000e+00
         38 109.875570    0.00257     0.1542      9.250  1025.1773  51329.075    31.7181      1.124    7.39924     4.0458     4.0445    25.1720   13.22989 1.8535e+01      1.134 0.0000e+00
         39 109.875573    0.00264     0.1583      9.500  1025.1884  51350.973    31.7321      1.131    7.39837     4.0465     4.0451    25.1831   13.22823 1.8441e+01      1.141 0.0000e+00
         40 109.875576    0.00271     0.1625      9.750  1025.1950  51364.032    31.7405      1.131    7.39778     4.0472     4.0459    25.1897   13.22713 1.8402e+01      1.141 0.0000e+00
         41 109.875579    0.00278     0.1667     10.000  1025.1988  51371.468    31.7453      1.127    7.39738     4.0477     4.0466    25.1934   13.22640 1.8309e+01      1.138 0.0000e+00
         42 109.875582    0.00285     0.1708     10.250  1025.2007  51375.371    31.7479      1.123    7.39712     4.0480     4.0473    25.1954   13.22593 1.8186e+01      1.134 0.0000e+00
         43 109.875584    0.00292     0.1750     10.500  1025.2016  51377.144    31.7491      1.121    7.39696     4.0483     4.0478    25.1963   13.22565 1.8142e+01      1.132 0.0000e+00
         44 109.875587    0.00299     0.1792     10.750  1025.2019  51377.734    31.7495      1.123    7.39687     4.0484     4.0481    25.1966   13.22549 1.8153e+01      1.133 0.0000e+00
         45 109.875590    0.00306     0.1833     11.000  1025.2021  51378.038    31.7497      1.128    7.39681     4.0484     4.0484    25.1968   13.22539 1.8105e+01      1.138 0.0000e+00
         46 109.875593    0.00313     0.1875     11.250  1025.2023  51378.444    31.7500      1.134    7.39678     4.0482     4.0485    25.1970   13.22533 1.8016e+01      1.145 0.0000e+00
         47 109.875596    0.00319     0.1917     11.500  1025.2026  51378.981    31.7503      1.141    7.39677     4.0479     4.0485    25.1973   13.22531 1.7890e+01      1.152 0.0000e+00
         48 109.875599    0.00326     0.1958     11.750  1025.2031  51379.928    31.7509      1.147    7.39677     4.0475     4.0483    25.1977   13.22530 1.7731e+01      1.157 0.0000e+00
         49 109.875602    0.00333     0.2000     12.000  1025.2037  51380.995    31.7516      1.151    7.39679     4.0471     4.0480    25.1983   13.22533 1.7650e+01      1.162 0.0000e+00
         50 109.875605    0.00340     0.2042     12.250  1025.2041  51381.770    31.7520      1.153    7.39684     4.0467     4.0476    25.1986   13.22541 1.7687e+01      1.164 0.0000e+00
         51 109.875608    0.00347     0.2083     12.500  1025.2044  51382.390    31.7523      1.154    7.39690     4.0463     4.0471    25.1989   13.22550 1.7700e+01      1.165 0.0000e+00
         52 109.875611    0.00354     0.2125     12.750  1025.2047  51383.058    31.7527      1.153    7.39696     4.0460     4.0467    25.1993   13.22559 1.7608e+01      1.164 0.0000e+00
         53 109.875613    0.00361     0.2167     13.000  1025.2050  51383.809    31.7531      1.152    7.39700     4.0459     4.0464    25.1996   13.22565 1.7543e+01      1.163 0.0000e+00
         54 109.875616    0.00368     0.2208     13.250  1025.2054  51384.524    31.7535      1.151    7.39703     4.0458     4.0461    25.2000   13.22569 1.7562e+01      1.162 0.0000e+00
         55 109.875619    0.00375     0.2250     13.500  1025.2057  51385.070    31.7538      1.150    7.39704     4.0458     4.0459    25.2003   13.22572 1.7628e+01      1.160 0.0000e+00
         56 109.875622    0.00382     0.2292     13.750  1025.2058  51385.382    31.7540      1.148    7.39705     4.0459     4.0459    25.2004   13.22572 1.7707e+01      1.159 0.0000e+00
         57 109.875625    0.00389     0.2333     14.000  1025.2059  51385.503    31.7541      1.146    7.39704     4.0461     4.0459    25.2005   13.22571 1.7743e+01      1.157 0.0000e+00
         58 109.875628    0.00396     0.2375     14.250  1025.2059  51385.556    31.7542      1.143    7.39702     4.0463     4.0460    25.2005   13.22567 1.7723e+01      1.154 0.0000e+00
         59 109.875631    0.00403     0.2417     14.500  1025.2060  51385.667    31.7543      1.139    7.39698     4.0466     4.0462    25.2006   13.22560 1.7682e+01      1.149 0.0000e+00
         60 109.875634    0.00410     0.2458     14.750  1025.2061  51385.877    31.7545      1.133    7.39693     4.0469     4.0464    25.2007   13.22552 1.7673e+01      1.144 0.0000e+00
         61 109.875637    0.00417     0.2500     15.000  1025.2062  51386.101    31.7547      1.129    7.39687     4.0472     4.0466    25.2009   13.22542 1.7664e+01      1.140 0.0000e+00
         62 109.875639    0.00424     0.2542     15.250  1025.2063  51386.227    31.7549      1.126    7.39681     4.0474     4.0469    25.2010   13.22532 1.7598e+01      1.137 0.0000e+00
         63 109.875642    0.00431     0.2583     15.500  1025.2063  51386.203    31.7549      1.124    7.39675     4.0477     4.0472    25.2010   13.22522 1.7557e+01      1.135 0.0000e+00
         64 109.875645    0.00438     0.2625     15.750  1025.2062  51386.055    31.7549      1.125    7.39670     4.0479     4.0475    25.2009   13.22514 1.7595e+01      1.136 0.0000e+00
         65 109.875648    0.00444     0.2667     16.000  1025.2062  51385.910    31.7549      1.126    7.39666     4.0481     4.0478    25.2009   13.22506 1.7582e+01      1.137 0.0000e+00
         66 109.875651    0.00451     0.2708     16.250  1025.2062  51385.858    31.7549      1.127    7.39661     4.0483     4.0480    25.2009   13.22499 1.7439e+01      1.137 0.0000e+00
         67 109.875654    0.00458     0.2750     16.500  1025.2062  51385.827    31.7549      1.127    7.39658     4.0484     4.0482    25.2009   13.22493 1.7251e+01      1.138 0.0000e+00
         68 109.875657    0.00465     0.2792     16.750  1025.2062  51385.785    31.7549      1.128    7.39655     4.0484     4.0483    25.2009   13.22489 1.7138e+01      1.139 0.0000e+00
         69 109.875660    0.00472     0.2833     17.000  1025.2062  51385.779    31.7550      1.130    7.39653     4.0484     4.0484    25.2009   13.22486 1.7160e+01      1.140 0.0000e+00
         70 109.875663    0.00479     0.2875     17.250  1025.2062  51385.780    31.7550      1.132    7.39653     4.0484     4.0485    25.2009   13.22485 1.7208e+01      1.143 0.0000e+00
         71 109.875666    0.00486     0.2917     17.500  1025.2062  51385.720    31.7549      1.136    7.39653     4.0483     4.0485    25.2008   13.22486 1.7168e+01      1.146 0.0000e+00
         72 109.875668    0.00493     0.2958     17.750  1025.2062  51385.609    31.7548      1.138    7.39654     4.0482     4.0484    25.2008   13.22488 1.7115e+01      1.149 0.0000e+00
         73 109.875671    0.00500     0.3000     18.000  1025.2061  51385.511    31.7547      1.139    7.39656     4.0481     4.0484    25.2007   13.22490 1.7141e+01      1.150 0.0000e+00
         74 109.875674    0.00507     0.3042     18.250  1025.2061  51385.464    31.7547      1.137    7.39658     4.0480     4.0483    25.2007   13.22493 1.7173e+01      1.148 0.0000e+00
         75 109.875677    0.00514     0.3083     18.500  1025.2060  51385.447    31.7546      1.133    7.39660     4.0478     4.0482    25.2007   13.22497 1.7128e+01      1.144 0.0000e+00
         76 109.875680    0.00521     0.3125     18.750  1025.2060  51385.401    31.7546      1.129    7.39663     4.0477     4.0481    25.2007   13.22502 1.7110e+01      1.140 0.0000e+00
         77 109.875683    0.00528     0.3167     19.000  1025.2059  51385.265    31.7545      1.126    7.39666     4.0477     4.0479    25.2006   13.22507 1.7243e+01      1.137 0.0000e+00
         78 109.875686    0.00535     0.3208     19.250  1025.2057  51384.994    31.7543      1.124    7.39669     4.0476     4.0478    25.2004   13.22512 1.7426e+01      1.135 0.0000e+00
         79 109.875689    0.00542     0.3250     19.500  1025.2055  51384.588    31.7540      1.124    7.39671     4.0477     4.0478    25.2002   13.22517 1.7467e+01      1.135 0.0000e+00
         80 109.875692    0.00549     0.3292     19.750  1025.2052  51384.102    31.7536      1.125    7.39673     4.0477     4.0477    25.1999   13.22521 1.7372e+01      1.136 0.0000e+00
         81 109.875694    0.00556     0.3333     20.000  1025.2049  51383.561    31.7533      1.127    7.39675     4.0478     4.0478    25.1996   13.22524 1.7319e+01      1.137 0.0000e+00
         82 109.875697    0.00562     0.3375     20.250  1025.2046  51382.973    31.7529      1.127    7.39676     4.0479     4.0478    25.1993   13.22526 1.7408e+01      1.138 0.0000e+00
         83 109.875700    0.00569     0.3417     20.500  1025.2043  51382.406    31.7525      1.127    7.39676     4.0479     4.0479    25.1990   13.22527 1.7517e+01      1.138 0.0000e+00
         84 109.875703    0.00576     0.3458     20.750  1025.2041  51382.023    31.7522      1.126    7.39676     4.0480     4.0480    25.1988   13.22527 1.7502e+01      1.137 0.0000e+00
         85 109.875706    0.00583     0.3500     21.000  1025.2041  51381.961    31.7522      1.125    7.39675     4.0480     4.0480    25.1988   13.22525 1.7416e+01      1.136 0.0000e+00
