CTD-processing/allCTD/CNV--homogene/2017_04-19_t3_s12_cast126.cnv
* Sea-Bird SBE19plus Data File:
* FileName = P:\My Documents\kasitsna\Research-KBL\Oceanography-AK\CTD-Data-ALL-to-2017-02\2017-CTD-KachemakBay-CookInlet\2017-04-19-CookInlet-Tran3-AnchorPt\2017-04-19-CookInlet-Tran3-cast126.hex
* Software Version 1.59
* Temperature SN =  4141
* Conductivity SN =  4141
* System UpLoad Time = Apr 20 2017 00:34:25
** Cook Inlet LTM Transect 3 Anchor Pt east to west
** Date: 2017-04-19
** Station: (eg. 9-01): 3-12
** Start time (AKDT): 20:41
** Depth (m): N/A
** Comment: R/V Alaska Dreamcatcher
** Comment:
# nquan = 17
# nvalues = 384                         
# units = specified
# name 0 = scan: Scan Count
# name 1 = timeJ: Julian Days
# name 2 = timeH: Time, Elapsed [hours]
# name 3 = timeM: Time, Elapsed [minutes]
# name 4 = timeS: Time, Elapsed [seconds]
# name 5 = density00: Density [density, kg/m^3]
# name 6 = specc: Specific Conductance [uS/cm]
# name 7 = sal00: Salinity, Practical [PSU]
# name 8 = depSM: Depth [salt water, m], lat = 59.00
# name 9 = oxsolML/L: Oxygen Saturation, Garcia & Gordon [ml/l]
# name 10 = potemp090C: Potential Temperature [ITS-90, deg C]
# name 11 = tv290C: Temperature [ITS-90, deg C]
# name 12 = sigma-é00: Density [sigma-theta, kg/m^3]
# name 13 = n2satML/L: Nitrogen Saturation [ml/l]
# name 14 = par: PAR/Irradiance, Biospherical/Licor
# name 15 = prdM: Pressure, Strain Gauge [db]
# name 16 = flag:  0.000e+00
# span 0 =          1,        384       
# span 1 = 109.862002, 109.863111       
# span 2 =    0.00000,    0.02660       
# span 3 =     0.0000,     1.5958       
# span 4 =      0.000,     95.750       
# span 5 =  1000.4088,  1025.5133       
# span 6 =   1128.720,  51548.247       
# span 7 =     0.5435,    32.0905       
# span 8 =     -0.045,     35.862       
# span 9 =    7.19734,    9.00712       
# span 10 =     4.5518,     5.0934      
# span 11 =     4.5505,     5.0940      
# span 12 =     0.4091,    25.3660      
# span 13 =   12.89203,   16.36554      
# span 14 = 2.8788e-01, 1.4067e+02      
# span 15 =     -0.045,     36.203      
# span 16 = 0.0000e+00, 0.0000e+00      
# interval = seconds: 0.25
# start_time = Apr 19 2017 20:41:17 [Instrument's time stamp, header]
# bad_flag = -9.990e-29
*END*
[from data line 256]
        257 109.862743    0.01778     1.0667     64.000  1025.3683  51501.078    32.0686      5.534    7.19835     5.0901     5.0873    25.3423   12.89365 1.1097e+01      5.586 0.0000e+00
        258 109.862746    0.01785     1.0708     64.250  1025.3691  51500.481    32.0685      5.778    7.19807     5.0914     5.0890    25.3420   12.89319 1.0692e+01      5.833 0.0000e+00
        259 109.862749    0.01792     1.0750     64.500  1025.3698  51499.548    32.0681      6.023    7.19782     5.0923     5.0905    25.3415   12.89279 1.0323e+01      6.080 0.0000e+00
        260 109.862752    0.01799     1.0792     64.750  1025.3704  51498.643    32.0676      6.266    7.19763     5.0930     5.0918    25.3410   12.89248 9.9888e+00      6.325 0.0000e+00
        261 109.862755    0.01806     1.0833     65.000  1025.3711  51497.817    32.0671      6.510    7.19748     5.0933     5.0928    25.3405   12.89224 9.6747e+00      6.571 0.0000e+00
        262 109.862758    0.01812     1.0875     65.250  1025.3718  51497.063    32.0666      6.754    7.19739     5.0934     5.0935    25.3401   12.89210 9.3674e+00      6.818 0.0000e+00
        263 109.862760    0.01819     1.0917     65.500  1025.3725  51496.456    32.0661      7.001    7.19734     5.0932     5.0939    25.3397   12.89203 9.0610e+00      7.067 0.0000e+00
        264 109.862763    0.01826     1.0958     65.750  1025.3734  51496.166    32.0658      7.250    7.19735     5.0928     5.0940    25.3394   12.89204 8.7557e+00      7.318 0.0000e+00
        265 109.862766    0.01833     1.1000     66.000  1025.3747  51496.485    32.0659      7.500    7.19738     5.0924     5.0938    25.3395   12.89209 8.4585e+00      7.570 0.0000e+00
        266 109.862769    0.01840     1.1042     66.250  1025.3762  51497.421    32.0664      7.749    7.19742     5.0919     5.0934    25.3399   12.89214 8.1757e+00      7.822 0.0000e+00
        267 109.862772    0.01847     1.1083     66.500  1025.3777  51498.188    32.0667      7.998    7.19747     5.0911     5.0930    25.3401   12.89222 7.9085e+00      8.073 0.0000e+00
        268 109.862775    0.01854     1.1125     66.750  1025.3786  51498.110    32.0664      8.246    7.19756     5.0898     5.0925    25.3400   12.89238 7.6581e+00      8.324 0.0000e+00
        269 109.862778    0.01861     1.1167     67.000  1025.3794  51497.595    32.0657      8.495    7.19773     5.0883     5.0917    25.3396   12.89267 7.4273e+00      8.575 0.0000e+00
        270 109.862781    0.01868     1.1208     67.250  1025.3804  51497.557    32.0653      8.745    7.19796     5.0868     5.0905    25.3394   12.89306 7.2151e+00      8.828 0.0000e+00
        271 109.862784    0.01875     1.1250     67.500  1025.3819  51498.521    32.0655      8.996    7.19821     5.0856     5.0890    25.3397   12.89347 7.0168e+00      9.080 0.0000e+00
        272 109.862786    0.01882     1.1292     67.750  1025.3838  51500.334    32.0663      9.245    7.19843     5.0847     5.0875    25.3405   12.89382 6.8272e+00      9.332 0.0000e+00
        273 109.862789    0.01889     1.1333     68.000  1025.3860  51502.536    32.0675      9.493    7.19859     5.0844     5.0862    25.3415   12.89406 6.6438e+00      9.583 0.0000e+00
        274 109.862792    0.01896     1.1375     68.250  1025.3882  51504.629    32.0686      9.739    7.19867     5.0845     5.0854    25.3425   12.89418 6.4660e+00      9.831 0.0000e+00
        275 109.862795    0.01903     1.1417     68.500  1025.3902  51506.332    32.0696      9.985    7.19868     5.0849     5.0851    25.3434   12.89419 6.2926e+00     10.080 0.0000e+00
        276 109.862798    0.01910     1.1458     68.750  1025.3918  51507.447    32.0702     10.231    7.19863     5.0854     5.0852    25.3439   12.89409 6.1253e+00     10.328 0.0000e+00
        277 109.862801    0.01917     1.1500     69.000  1025.3929  51507.464    32.0702     10.477    7.19856     5.0855     5.0856    25.3438   12.89398 5.9659e+00     10.577 0.0000e+00
        278 109.862804    0.01924     1.1542     69.250  1025.3933  51506.169    32.0693     10.722    7.19852     5.0850     5.0861    25.3431   12.89393 5.8127e+00     10.824 0.0000e+00
        279 109.862807    0.01931     1.1583     69.500  1025.3934  51504.333    32.0679     10.965    7.19856     5.0841     5.0862    25.3420   12.89402 5.6637e+00     11.069 0.0000e+00
        280 109.862810    0.01938     1.1625     69.750  1025.3938  51503.298    32.0670     11.206    7.19868     5.0830     5.0858    25.3413   12.89423 5.5184e+00     11.312 0.0000e+00
        281 109.862813    0.01944     1.1667     70.000  1025.3949  51503.584    32.0669     11.445    7.19885     5.0820     5.0849    25.3413   12.89450 5.3767e+00     11.553 0.0000e+00
        282 109.862815    0.01951     1.1708     70.250  1025.3965  51504.670    32.0673     11.686    7.19901     5.0813     5.0839    25.3417   12.89477 5.2390e+00     11.796 0.0000e+00
        283 109.862818    0.01958     1.1750     70.500  1025.3982  51506.072    32.0679     11.928    7.19914     5.0810     5.0829    25.3423   12.89498 5.1065e+00     12.040 0.0000e+00
        284 109.862821    0.01965     1.1792     70.750  1025.4000  51507.469    32.0686     12.171    7.19923     5.0809     5.0822    25.3430   12.89510 4.9805e+00     12.285 0.0000e+00
        285 109.862824    0.01972     1.1833     71.000  1025.4016  51508.595    32.0692     12.413    7.19926     5.0810     5.0819    25.3435   12.89515 4.8598e+00     12.530 0.0000e+00
        286 109.862827    0.01979     1.1875     71.250  1025.4031  51509.439    32.0696     12.655    7.19925     5.0812     5.0818    25.3438   12.89513 4.7432e+00     12.774 0.0000e+00
        287 109.862830    0.01986     1.1917     71.500  1025.4044  51509.795    32.0698     12.895    7.19922     5.0814     5.0819    25.3439   12.89507 4.6300e+00     13.017 0.0000e+00
        288 109.862833    0.01993     1.1958     71.750  1025.4052  51509.479    32.0695     13.134    7.19918     5.0815     5.0822    25.3437   12.89502 4.5188e+00     13.258 0.0000e+00
        289 109.862836    0.02000     1.2000     72.000  1025.4060  51508.897    32.0690     13.373    7.19917     5.0813     5.0824    25.3433   12.89501 4.4085e+00     13.499 0.0000e+00
        290 109.862839    0.02007     1.2042     72.250  1025.4068  51508.460    32.0686     13.613    7.19919     5.0810     5.0825    25.3430   12.89504 4.2984e+00     13.742 0.0000e+00
        291 109.862841    0.02014     1.2083     72.500  1025.4077  51508.257    32.0683     13.853    7.19923     5.0805     5.0823    25.3428   12.89511 4.1897e+00     13.984 0.0000e+00
        292 109.862844    0.02021     1.2125     72.750  1025.4087  51508.296    32.0682     14.094    7.19930     5.0800     5.0820    25.3427   12.89522 4.0837e+00     14.227 0.0000e+00
        293 109.862847    0.02028     1.2167     73.000  1025.4099  51508.636    32.0682     14.333    7.19937     5.0795     5.0815    25.3427   12.89535 3.9808e+00     14.469 0.0000e+00
        294 109.862850    0.02035     1.2208     73.250  1025.4112  51509.193    32.0683     14.573    7.19944     5.0791     5.0810    25.3429   12.89546 3.8803e+00     14.711 0.0000e+00
        295 109.862853    0.02042     1.2250     73.500  1025.4124  51509.568    32.0684     14.815    7.19951     5.0785     5.0806    25.3430   12.89558 3.7820e+00     14.956 0.0000e+00
        296 109.862856    0.02049     1.2292     73.750  1025.4134  51509.501    32.0681     15.059    7.19960     5.0778     5.0801    25.3428   12.89573 3.6859e+00     15.202 0.0000e+00
        297 109.862859    0.02056     1.2333     74.000  1025.4142  51509.082    32.0676     15.304    7.19972     5.0767     5.0796    25.3425   12.89593 3.5918e+00     15.449 0.0000e+00
        298 109.862862    0.02063     1.2375     74.250  1025.4148  51508.430    32.0669     15.547    7.19988     5.0754     5.0789    25.3420   12.89620 3.4993e+00     15.694 0.0000e+00
        299 109.862865    0.02069     1.2417     74.500  1025.4155  51507.801    32.0661     15.788    7.20009     5.0740     5.0779    25.3415   12.89656 3.4087e+00     15.937 0.0000e+00
        300 109.862867    0.02076     1.2458     74.750  1025.4164  51507.848    32.0657     16.026    7.20033     5.0727     5.0766    25.3413   12.89696 3.3200e+00     16.178 0.0000e+00
        301 109.862870    0.02083     1.2500     75.000  1025.4180  51509.031    32.0661     16.262    7.20056     5.0717     5.0752    25.3418   12.89733 3.2333e+00     16.416 0.0000e+00
        302 109.862873    0.02090     1.2542     75.250  1025.4201  51511.057    32.0671     16.498    7.20073     5.0713     5.0739    25.3427   12.89761 3.1485e+00     16.654 0.0000e+00
        303 109.862876    0.02097     1.2583     75.500  1025.4223  51513.362    32.0684     16.735    7.20083     5.0714     5.0730    25.3438   12.89775 3.0655e+00     16.894 0.0000e+00
        304 109.862879    0.02104     1.2625     75.750  1025.4244  51515.489    32.0696     16.975    7.20084     5.0720     5.0726    25.3449   12.89775 2.9849e+00     17.136 0.0000e+00
        305 109.862882    0.02111     1.2667     76.000  1025.4262  51516.916    32.0705     17.215    7.20077     5.0728     5.0727    25.3455   12.89763 2.9062e+00     17.378 0.0000e+00
        306 109.862885    0.02118     1.2708     76.250  1025.4275  51517.249    32.0708     17.455    7.20065     5.0734     5.0733    25.3456   12.89743 2.8288e+00     17.621 0.0000e+00
        307 109.862888    0.02125     1.2750     76.500  1025.4282  51516.501    32.0703     17.694    7.20054     5.0737     5.0741    25.3452   12.89725 2.7530e+00     17.862 0.0000e+00
        308 109.862891    0.02132     1.2792     76.750  1025.4285  51515.096    32.0694     17.934    7.20047     5.0736     5.0748    25.3444   12.89715 2.6785e+00     18.104 0.0000e+00
        309 109.862894    0.02139     1.2833     77.000  1025.4288  51513.758    32.0684     18.173    7.20046     5.0731     5.0751    25.3436   12.89715 2.6048e+00     18.345 0.0000e+00
        310 109.862896    0.02146     1.2875     77.250  1025.4294  51512.959    32.0677     18.412    7.20052     5.0724     5.0750    25.3431   12.89725 2.5322e+00     18.587 0.0000e+00
        311 109.862899    0.02153     1.2917     77.500  1025.4302  51512.597    32.0672     18.650    7.20062     5.0715     5.0745    25.3428   12.89743 2.4617e+00     18.827 0.0000e+00
        312 109.862902    0.02160     1.2958     77.750  1025.4310  51512.367    32.0668     18.888    7.20076     5.0704     5.0738    25.3425   12.89767 2.3935e+00     19.067 0.0000e+00
        313 109.862905    0.02167     1.3000     78.000  1025.4317  51511.898    32.0662     19.125    7.20094     5.0690     5.0729    25.3421   12.89797 2.3271e+00     19.307 0.0000e+00
        314 109.862908    0.02174     1.3042     78.250  1025.4324  51511.362    32.0654     19.363    7.20117     5.0676     5.0718    25.3417   12.89835 2.2622e+00     19.547 0.0000e+00
        315 109.862911    0.02181     1.3083     78.500  1025.4335  51511.659    32.0652     19.602    7.20141     5.0662     5.0705    25.3416   12.89876 2.1984e+00     19.788 0.0000e+00
        316 109.862914    0.02187     1.3125     78.750  1025.4351  51512.947    32.0657     19.845    7.20164     5.0652     5.0690    25.3421   12.89913 2.1353e+00     20.033 0.0000e+00
        317 109.862917    0.02194     1.3167     79.000  1025.4370  51514.525    32.0663     20.092    7.20183     5.0645     5.0677    25.3428   12.89944 2.0728e+00     20.282 0.0000e+00
        318 109.862920    0.02201     1.3208     79.250  1025.4387  51515.813    32.0669     20.341    7.20198     5.0640     5.0667    25.3434   12.89966 2.0114e+00     20.534 0.0000e+00
        319 109.862922    0.02208     1.3250     79.500  1025.4402  51516.596    32.0671     20.591    7.20208     5.0636     5.0660    25.3437   12.89984 1.9517e+00     20.786 0.0000e+00
        320 109.862925    0.02215     1.3292     79.750  1025.4415  51517.062    32.0672     20.840    7.20217     5.0632     5.0655    25.3438   12.89997 1.8939e+00     21.038 0.0000e+00
        321 109.862928    0.02222     1.3333     80.000  1025.4428  51517.531    32.0673     21.088    7.20223     5.0629     5.0651    25.3439   12.90007 1.8378e+00     21.288 0.0000e+00
        322 109.862931    0.02229     1.3375     80.250  1025.4441  51518.155    32.0676     21.336    7.20228     5.0627     5.0647    25.3441   12.90015 1.7832e+00     21.538 0.0000e+00
        323 109.862934    0.02236     1.3417     80.500  1025.4456  51518.899    32.0679     21.583    7.20231     5.0626     5.0645    25.3444   12.90020 1.7299e+00     21.788 0.0000e+00
        324 109.862937    0.02243     1.3458     80.750  1025.4470  51519.615    32.0682     21.828    7.20232     5.0627     5.0643    25.3447   12.90022 1.6785e+00     22.036 0.0000e+00
        325 109.862940    0.02250     1.3500     81.000  1025.4484  51520.269    32.0686     22.072    7.20232     5.0628     5.0643    25.3450   12.90020 1.6293e+00     22.282 0.0000e+00
        326 109.862943    0.02257     1.3542     81.250  1025.4498  51520.862    32.0689     22.314    7.20229     5.0631     5.0643    25.3452   12.90016 1.5821e+00     22.526 0.0000e+00
        327 109.862946    0.02264     1.3583     81.500  1025.4512  51521.413    32.0692     22.554    7.20225     5.0635     5.0645    25.3454   12.90009 1.5368e+00     22.769 0.0000e+00
        328 109.862948    0.02271     1.3625     81.750  1025.4525  51522.042    32.0695     22.794    7.20219     5.0640     5.0648    25.3457   12.89998 1.4930e+00     23.011 0.0000e+00
        329 109.862951    0.02278     1.3667     82.000  1025.4538  51522.519    32.0698     23.036    7.20211     5.0645     5.0652    25.3459   12.89984 1.4501e+00     23.255 0.0000e+00
        330 109.862954    0.02285     1.3708     82.250  1025.4549  51522.544    32.0698     23.279    7.20202     5.0649     5.0657    25.3459   12.89969 1.4077e+00     23.500 0.0000e+00
        331 109.862957    0.02292     1.3750     82.500  1025.4558  51522.239    32.0696     23.522    7.20194     5.0652     5.0662    25.3456   12.89957 1.3663e+00     23.746 0.0000e+00
        332 109.862960    0.02299     1.3792     82.750  1025.4566  51521.734    32.0692     23.766    7.20188     5.0653     5.0666    25.3453   12.89947 1.3259e+00     23.991 0.0000e+00
        333 109.862963    0.02306     1.3833     83.000  1025.4574  51521.265    32.0688     24.009    7.20185     5.0653     5.0669    25.3449   12.89942 1.2868e+00     24.237 0.0000e+00
        334 109.862966    0.02313     1.3875     83.250  1025.4584  51521.166    32.0687     24.253    7.20183     5.0652     5.0670    25.3448   12.89939 1.2485e+00     24.483 0.0000e+00
        335 109.862969    0.02319     1.3917     83.500  1025.4595  51521.175    32.0686     24.498    7.20183     5.0650     5.0671    25.3447   12.89940 1.2105e+00     24.731 0.0000e+00
        336 109.862972    0.02326     1.3958     83.750  1025.4604  51520.912    32.0683     24.745    7.20186     5.0647     5.0670    25.3445   12.89945 1.1731e+00     24.980 0.0000e+00
        337 109.862975    0.02333     1.4000     84.000  1025.4612  51520.556    32.0679     24.991    7.20191     5.0644     5.0668    25.3442   12.89953 1.1374e+00     25.229 0.0000e+00
        338 109.862977    0.02340     1.4042     84.250  1025.4622  51520.352    32.0675     25.237    7.20197     5.0640     5.0666    25.3439   12.89964 1.1031e+00     25.477 0.0000e+00
        339 109.862980    0.02347     1.4083     84.500  1025.4632  51520.243    32.0673     25.481    7.20204     5.0637     5.0662    25.3437   12.89977 1.0698e+00     25.723 0.0000e+00
        340 109.862983    0.02354     1.4125     84.750  1025.4642  51520.190    32.0670     25.723    7.20212     5.0635     5.0659    25.3436   12.89989 1.0376e+00     25.968 0.0000e+00
