CTD-processing/allCTD/CNV--homogene/2017_04-20_alongbay_skb04_cast151.cnv
* Sea-Bird SBE19plus Data File:
* FileName = P:\My Documents\kasitsna\Research-KBL\Oceanography-AK\CTD-Data-ALL-to-2017-02\2017-CTD-KachemakBay-CookInlet\2017-04-20-CookInlet-AlongKachemakBay\2017-04-20-CookInlet-AlongKachemakBay-cast151.hex
* Software Version 1.59
* Temperature SN =  4141
* Conductivity SN =  4141
* System UpLoad Time = Apr 24 2017 17:22:51
** Cook Inlet Along Kachemak Bay Line west to east
** Date: 2017-04-20
** Station: (eg. 9-01): KB04
** Start time (AKDT): 18:53
** Depth (m): 154.5
** Comment: R/V Alaska Dreamcatcher
** Comment:
# nquan = 17
# nvalues = 827                         
# units = specified
# name 0 = scan: Scan Count
# name 1 = timeJ: Julian Days
# name 2 = timeH: Time, Elapsed [hours]
# name 3 = timeM: Time, Elapsed [minutes]
# name 4 = timeS: Time, Elapsed [seconds]
# name 5 = density00: Density [density, kg/m^3]
# name 6 = specc: Specific Conductance [uS/cm]
# name 7 = sal00: Salinity, Practical [PSU]
# name 8 = depSM: Depth [salt water, m], lat = 59.00
# name 9 = oxsolML/L: Oxygen Saturation, Garcia & Gordon [ml/l]
# name 10 = potemp090C: Potential Temperature [ITS-90, deg C]
# name 11 = tv290C: Temperature [ITS-90, deg C]
# name 12 = sigma-é00: Density [sigma-theta, kg/m^3]
# name 13 = n2satML/L: Nitrogen Saturation [ml/l]
# name 14 = par: PAR/Irradiance, Biospherical/Licor
# name 15 = prdM: Pressure, Strain Gauge [db]
# name 16 = flag:  0.000e+00
# span 0 =          1,        827       
# span 1 = 110.786863, 110.789253       
# span 2 =    0.00000,    0.05736       
# span 3 =     0.0000,     3.4417       
# span 4 =      0.000,    206.500       
# span 5 =  1000.0202,  1026.1936       
# span 6 =    303.920,  52066.617       
# span 7 =     0.1408,    32.1089       
# span 8 =      0.036,    151.995       
# span 9 =    7.00459,    8.50282       
# span 10 =     3.7114,     6.9234      
# span 11 =     3.7210,     6.9234      
# span 12 =     0.0200,    25.4766      
# span 13 =   12.57544,   15.52446      
# span 14 = 3.6382e-02, 8.1597e+02      
# span 15 =      0.036,    153.486      
# span 16 = 0.0000e+00, 0.0000e+00      
# interval = seconds: 0.25
# start_time = Apr 20 2017 18:53:05 [Instrument's time stamp, header]
# bad_flag = -9.990e-29
*END*
[from data line 511]
        512 110.788342    0.03549     2.1292    127.750  1025.7593  51877.003    31.9936     73.088    7.42873     3.8004     3.8044    25.4144   13.27487 3.6382e-02     73.791 0.0000e+00
        513 110.788345    0.03556     2.1333    128.000  1025.7608  51877.643    31.9939     73.354    7.42866     3.8007     3.8047    25.4146   13.27475 3.6382e-02     74.059 0.0000e+00
        514 110.788348    0.03562     2.1375    128.250  1025.7620  51877.646    31.9939     73.621    7.42859     3.8009     3.8051    25.4146   13.27463 3.6382e-02     74.328 0.0000e+00
        515 110.788351    0.03569     2.1417    128.500  1025.7629  51877.110    31.9935     73.888    7.42855     3.8007     3.8054    25.4142   13.27458 3.6382e-02     74.598 0.0000e+00
        516 110.788354    0.03576     2.1458    128.750  1025.7636  51876.220    31.9928     74.155    7.42856     3.8003     3.8056    25.4136   13.27460 3.6382e-02     74.868 0.0000e+00
        517 110.788356    0.03583     2.1500    129.000  1025.7643  51875.360    31.9920     74.423    7.42862     3.7996     3.8055    25.4131   13.27470 3.6382e-02     75.139 0.0000e+00
        518 110.788359    0.03590     2.1542    129.250  1025.7652  51874.853    31.9914     74.692    7.42872     3.7987     3.8050    25.4127   13.27488 3.6382e-02     75.411 0.0000e+00
        519 110.788362    0.03597     2.1583    129.500  1025.7661  51874.646    31.9910     74.960    7.42887     3.7976     3.8043    25.4124   13.27513 3.6382e-02     75.682 0.0000e+00
        520 110.788365    0.03604     2.1625    129.750  1025.7672  51874.627    31.9906     75.226    7.42906     3.7964     3.8034    25.4121   13.27545 3.6382e-02     75.950 0.0000e+00
        521 110.788368    0.03611     2.1667    130.000  1025.7683  51874.845    31.9904     75.489    7.42927     3.7952     3.8023    25.4120   13.27580 3.6382e-02     76.216 0.0000e+00
        522 110.788371    0.03618     2.1708    130.250  1025.7696  51875.326    31.9903     75.751    7.42949     3.7940     3.8011    25.4120   13.27616 3.6382e-02     76.480 0.0000e+00
        523 110.788374    0.03625     2.1750    130.500  1025.7710  51876.062    31.9903     76.013    7.42970     3.7929     3.8000    25.4122   13.27651 3.6382e-02     76.745 0.0000e+00
        524 110.788377    0.03632     2.1792    130.750  1025.7727  51877.241    31.9907     76.276    7.42989     3.7920     3.7988    25.4126   13.27682 3.6382e-02     77.010 0.0000e+00
        525 110.788380    0.03639     2.1833    131.000  1025.7747  51879.056    31.9915     76.541    7.43004     3.7916     3.7977    25.4134   13.27706 3.6382e-02     77.277 0.0000e+00
        526 110.788383    0.03646     2.1875    131.250  1025.7770  51881.426    31.9928     76.807    7.43013     3.7918     3.7969    25.4145   13.27719 3.6382e-02     77.547 0.0000e+00
        527 110.788385    0.03653     2.1917    131.500  1025.7797  51884.189    31.9944     77.076    7.43012     3.7928     3.7965    25.4159   13.27715 3.6382e-02     77.818 0.0000e+00
        528 110.788388    0.03660     2.1958    131.750  1025.7826  51887.378    31.9965     77.345    7.42997     3.7944     3.7967    25.4175   13.27688 3.6382e-02     78.090 0.0000e+00
        529 110.788391    0.03667     2.2000    132.000  1025.7854  51890.377    31.9987     77.613    7.42969     3.7966     3.7977    25.4191   13.27639 3.6382e-02     78.361 0.0000e+00
        530 110.788394    0.03674     2.2042    132.250  1025.7875  51891.808    32.0000     77.880    7.42932     3.7987     3.7994    25.4200   13.27576 3.6382e-02     78.630 0.0000e+00
        531 110.788397    0.03681     2.2083    132.500  1025.7888  51891.685    32.0003     78.143    7.42892     3.8008     3.8016    25.4200   13.27509 3.6382e-02     78.895 0.0000e+00
        532 110.788400    0.03687     2.2125    132.750  1025.7900  51891.368    32.0005     78.402    7.42851     3.8030     3.8037    25.4200   13.27442 3.6382e-02     79.157 0.0000e+00
        533 110.788403    0.03694     2.2167    133.000  1025.7915  51891.807    32.0012     78.659    7.42810     3.8055     3.8058    25.4203   13.27372 3.6382e-02     79.416 0.0000e+00
        534 110.788406    0.03701     2.2208    133.250  1025.7938  51893.536    32.0028     78.915    7.42763     3.8089     3.8080    25.4213   13.27293 3.6382e-02     79.675 0.0000e+00
        535 110.788409    0.03708     2.2250    133.500  1025.7971  51897.164    32.0057     79.172    7.42701     3.8140     3.8105    25.4235   13.27188 3.6382e-02     79.935 0.0000e+00
        536 110.788411    0.03715     2.2292    133.750  1025.8021  51903.669    32.0109     79.432    7.42613     3.8219     3.8140    25.4273   13.27035 3.6382e-02     80.197 0.0000e+00
        537 110.788414    0.03722     2.2333    134.000  1025.8097  51914.628    32.0195     79.693    7.42477     3.8341     3.8191    25.4336   13.26800 3.6382e-02     80.461 0.0000e+00
        538 110.788417    0.03729     2.2375    134.250  1025.8205  51931.074    32.0325     79.957    7.42268     3.8513     3.8270    25.4432   13.26438 3.6382e-02     80.727 0.0000e+00
        539 110.788420    0.03736     2.2417    134.500  1025.8326  51948.980    32.0476     80.222    7.41970     3.8723     3.8392    25.4540   13.25927 3.6382e-02     80.995 0.0000e+00
        540 110.788423    0.03743     2.2458    134.750  1025.8417  51960.519    32.0596     80.490    7.41598     3.8946     3.8564    25.4619   13.25298 3.6382e-02     81.266 0.0000e+00
        541 110.788426    0.03750     2.2500    135.000  1025.8450  51960.655    32.0647     80.759    7.41191     3.9150     3.8775    25.4640   13.24620 3.6382e-02     81.537 0.0000e+00
        542 110.788429    0.03757     2.2542    135.250  1025.8419  51948.790    32.0620     81.028    7.40802     3.9315     3.8998    25.4597   13.23981 3.6382e-02     81.809 0.0000e+00
        543 110.788432    0.03764     2.2583    135.500  1025.8347  51929.579    32.0538     81.295    7.40473     3.9432     3.9203    25.4513   13.23448 3.6382e-02     82.078 0.0000e+00
        544 110.788435    0.03771     2.2625    135.750  1025.8266  51909.683    32.0441     81.559    7.40224     3.9506     3.9367    25.4420   13.23050 3.6382e-02     82.345 0.0000e+00
        545 110.788438    0.03778     2.2667    136.000  1025.8199  51893.077    32.0355     81.819    7.40055     3.9546     3.9484    25.4341   13.22782 3.6382e-02     82.608 0.0000e+00
        546 110.788440    0.03785     2.2708    136.250  1025.8152  51881.009    32.0290     82.078    7.39954     3.9564     3.9559    25.4282   13.22623 3.6382e-02     82.870 0.0000e+00
        547 110.788443    0.03792     2.2750    136.500  1025.8124  51873.037    32.0244     82.338    7.39902     3.9566     3.9600    25.4241   13.22545 3.6382e-02     83.132 0.0000e+00
        548 110.788446    0.03799     2.2792    136.750  1025.8111  51868.279    32.0215     82.599    7.39886     3.9558     3.9617    25.4216   13.22521 3.6382e-02     83.396 0.0000e+00
        549 110.788449    0.03806     2.2833    137.000  1025.8108  51865.619    32.0196     82.863    7.39891     3.9543     3.9620    25.4201   13.22532 3.6382e-02     83.662 0.0000e+00
        550 110.788452    0.03812     2.2875    137.250  1025.8108  51863.673    32.0179     83.129    7.39913     3.9519     3.9612    25.4189   13.22570 3.6382e-02     83.931 0.0000e+00
        551 110.788455    0.03819     2.2917    137.500  1025.8109  51861.873    32.0162     83.397    7.39949     3.9488     3.9597    25.4176   13.22633 3.6382e-02     84.201 0.0000e+00
        552 110.788458    0.03826     2.2958    137.750  1025.8113  51861.018    32.0149     83.665    7.39998     3.9454     3.9573    25.4168   13.22716 3.6382e-02     84.472 0.0000e+00
        553 110.788461    0.03833     2.3000    138.000  1025.8129  51862.302    32.0149     83.932    7.40054     3.9423     3.9542    25.4171   13.22808 3.6382e-02     84.741 0.0000e+00
        554 110.788464    0.03840     2.3042    138.250  1025.8156  51865.812    32.0163     84.195    7.40108     3.9399     3.9508    25.4186   13.22894 3.6382e-02     85.007 0.0000e+00
        555 110.788466    0.03847     2.3083    138.500  1025.8189  51870.321    32.0185     84.456    7.40152     3.9381     3.9477    25.4206   13.22965 3.6382e-02     85.270 0.0000e+00
        556 110.788469    0.03854     2.3125    138.750  1025.8220  51874.514    32.0207     84.713    7.40186     3.9369     3.9453    25.4226   13.23017 3.6382e-02     85.530 0.0000e+00
        557 110.788472    0.03861     2.3167    139.000  1025.8246  51877.606    32.0222     84.967    7.40209     3.9361     3.9436    25.4240   13.23053 3.6382e-02     85.787 0.0000e+00
        558 110.788475    0.03868     2.3208    139.250  1025.8266  51879.509    32.0231     85.220    7.40225     3.9353     3.9425    25.4248   13.23079 3.6382e-02     86.043 0.0000e+00
        559 110.788478    0.03875     2.3250    139.500  1025.8283  51880.627    32.0235     85.474    7.40238     3.9346     3.9416    25.4252   13.23100 3.6382e-02     86.299 0.0000e+00
        560 110.788481    0.03882     2.3292    139.750  1025.8297  51881.325    32.0237     85.732    7.40250     3.9337     3.9409    25.4254   13.23121 3.6382e-02     86.559 0.0000e+00
        561 110.788484    0.03889     2.3333    140.000  1025.8310  51881.875    32.0238     85.993    7.40264     3.9326     3.9402    25.4255   13.23143 3.6382e-02     86.823 0.0000e+00
        562 110.788487    0.03896     2.3375    140.250  1025.8324  51882.500    32.0238     86.258    7.40279     3.9315     3.9393    25.4257   13.23168 3.6382e-02     87.090 0.0000e+00
        563 110.788490    0.03903     2.3417    140.500  1025.8339  51883.398    32.0240     86.528    7.40296     3.9304     3.9382    25.4259   13.23196 3.6382e-02     87.362 0.0000e+00
        564 110.788492    0.03910     2.3458    140.750  1025.8357  51884.641    32.0245     86.801    7.40314     3.9293     3.9371    25.4264   13.23225 3.6382e-02     87.638 0.0000e+00
        565 110.788495    0.03917     2.3500    141.000  1025.8375  51885.943    32.0249     87.076    7.40332     3.9281     3.9360    25.4269   13.23254 3.6382e-02     87.916 0.0000e+00
        566 110.788498    0.03924     2.3542    141.250  1025.8392  51887.095    32.0253     87.351    7.40350     3.9269     3.9349    25.4273   13.23283 3.6382e-02     88.194 0.0000e+00
        567 110.788501    0.03931     2.3583    141.500  1025.8410  51888.368    32.0258     87.623    7.40369     3.9256     3.9338    25.4277   13.23313 3.6382e-02     88.469 0.0000e+00
        568 110.788504    0.03938     2.3625    141.750  1025.8429  51889.993    32.0265     87.890    7.40388     3.9245     3.9325    25.4284   13.23344 3.6382e-02     88.739 0.0000e+00
        569 110.788507    0.03944     2.3667    142.000  1025.8449  51891.820    32.0273     88.152    7.40406     3.9235     3.9313    25.4292   13.23372 3.6382e-02     89.003 0.0000e+00
        570 110.788510    0.03951     2.3708    142.250  1025.8469  51893.628    32.0281     88.410    7.40421     3.9227     3.9302    25.4299   13.23397 3.6382e-02     89.264 0.0000e+00
        571 110.788513    0.03958     2.3750    142.500  1025.8487  51895.241    32.0288     88.666    7.40435     3.9220     3.9293    25.4306   13.23418 3.6382e-02     89.522 0.0000e+00
        572 110.788516    0.03965     2.3792    142.750  1025.8505  51896.594    32.0294     88.920    7.40446     3.9213     3.9285    25.4312   13.23436 3.6382e-02     89.778 0.0000e+00
        573 110.788519    0.03972     2.3833    143.000  1025.8522  51897.808    32.0299     89.175    7.40457     3.9206     3.9277    25.4317   13.23453 3.6382e-02     90.036 0.0000e+00
        574 110.788521    0.03979     2.3875    143.250  1025.8539  51899.013    32.0305     89.431    7.40466     3.9200     3.9271    25.4321   13.23467 3.6382e-02     90.295 0.0000e+00
        575 110.788524    0.03986     2.3917    143.500  1025.8556  51900.238    32.0310     89.690    7.40475     3.9193     3.9264    25.4326   13.23482 3.6382e-02     90.556 0.0000e+00
        576 110.788527    0.03993     2.3958    143.750  1025.8574  51901.601    32.0316     89.953    7.40484     3.9187     3.9258    25.4332   13.23495 3.6382e-02     90.821 0.0000e+00
        577 110.788530    0.04000     2.4000    144.000  1025.8593  51903.232    32.0325     90.219    7.40491     3.9182     3.9251    25.4339   13.23506 3.6382e-02     91.090 0.0000e+00
        578 110.788533    0.04007     2.4042    144.250  1025.8614  51905.052    32.0334     90.487    7.40497     3.9179     3.9245    25.4347   13.23515 3.6382e-02     91.361 0.0000e+00
        579 110.788536    0.04014     2.4083    144.500  1025.8636  51906.971    32.0345     90.757    7.40500     3.9179     3.9240    25.4356   13.23518 3.6382e-02     91.634 0.0000e+00
        580 110.788539    0.04021     2.4125    144.750  1025.8659  51909.086    32.0357     91.027    7.40499     3.9182     3.9238    25.4366   13.23515 3.6382e-02     91.906 0.0000e+00
        581 110.788542    0.04028     2.4167    145.000  1025.8684  51911.571    32.0373     91.295    7.40492     3.9192     3.9237    25.4379   13.23501 3.6382e-02     92.177 0.0000e+00
        582 110.788545    0.04035     2.4208    145.250  1025.8712  51914.658    32.0393     91.562    7.40475     3.9209     3.9241    25.4395   13.23470 3.6382e-02     92.446 0.0000e+00
        583 110.788547    0.04042     2.4250    145.500  1025.8744  51918.146    32.0418     91.826    7.40445     3.9234     3.9251    25.4413   13.23417 3.6382e-02     92.713 0.0000e+00
        584 110.788550    0.04049     2.4292    145.750  1025.8774  51921.415    32.0443     92.088    7.40401     3.9265     3.9268    25.4432   13.23341 3.6382e-02     92.978 0.0000e+00
        585 110.788553    0.04056     2.4333    146.000  1025.8802  51924.054    32.0466     92.348    7.40344     3.9299     3.9293    25.4448   13.23245 3.6382e-02     93.241 0.0000e+00
        586 110.788556    0.04063     2.4375    146.250  1025.8825  51925.621    32.0483     92.608    7.40279     3.9335     3.9325    25.4458   13.23136 3.6382e-02     93.503 0.0000e+00
        587 110.788559    0.04069     2.4417    146.500  1025.8841  51926.014    32.0493     92.868    7.40211     3.9368     3.9360    25.4463   13.23023 3.6382e-02     93.766 0.0000e+00
        588 110.788562    0.04076     2.4458    146.750  1025.8854  51925.672    32.0498     93.131    7.40145     3.9399     3.9395    25.4463   13.22912 3.6382e-02     94.032 0.0000e+00
        589 110.788565    0.04083     2.4500    147.000  1025.8865  51924.884    32.0499     93.397    7.40082     3.9427     3.9429    25.4461   13.22809 3.6382e-02     94.300 0.0000e+00
        590 110.788568    0.04090     2.4542    147.250  1025.8873  51923.750    32.0498     93.664    7.40027     3.9450     3.9460    25.4457   13.22718 3.6382e-02     94.570 0.0000e+00
        591 110.788571    0.04097     2.4583    147.500  1025.8881  51922.540    32.0495     93.932    7.39979     3.9470     3.9488    25.4452   13.22639 3.6382e-02     94.840 0.0000e+00
        592 110.788573    0.04104     2.4625    147.750  1025.8891  51921.746    32.0494     94.200    7.39937     3.9488     3.9511    25.4449   13.22570 3.6382e-02     95.110 0.0000e+00
        593 110.788576    0.04111     2.4667    148.000  1025.8903  51921.540    32.0496     94.467    7.39899     3.9505     3.9531    25.4449   13.22507 3.6382e-02     95.380 0.0000e+00
        594 110.788579    0.04118     2.4708    148.250  1025.8916  51921.535    32.0500     94.733    7.39865     3.9519     3.9550    25.4450   13.22450 3.6382e-02     95.649 0.0000e+00
        595 110.788582    0.04125     2.4750    148.500  1025.8929  51921.533    32.0502     94.999    7.39834     3.9532     3.9566    25.4451   13.22399 3.6382e-02     95.918 0.0000e+00
