CTD-processing/allCTD/CNV--homogene/2017_07-24_alongbay_skb07_cast217.cnv
* Sea-Bird SBE19plus Data File:
* FileName = P:\My Documents\kasitsna\Research-KBL\Oceanography-AK\CTD-Data-ALL-to-2017-02\2017-CTD-KachemakBay-CookInlet\2017-07-24-CookInlet-AlongBay-KB03toKB13\2017-07-24-KachemakBay-AlongBay-cast217.hex
* Software Version 1.59
* Temperature SN =  4141
* Conductivity SN =  4141
* System UpLoad Time = Jul 24 2017 20:03:42
** Cook Inlet Along Kachemak Bay Transect (KB03 to KB13)
** Date: 2017-07-24
** Station: (eg. 9-01): KB07
** Start time (AKDT): 13:27
** Depth (m): 146.3
** Comment: R/V Edgecumbe.  Quarterly survey.
** Comment:
# nquan = 17
# nvalues = 884                         
# units = specified
# name 0 = scan: Scan Count
# name 1 = timeJ: Julian Days
# name 2 = timeH: Time, Elapsed [hours]
# name 3 = timeM: Time, Elapsed [minutes]
# name 4 = timeS: Time, Elapsed [seconds]
# name 5 = density00: Density [density, kg/m^3]
# name 6 = specc: Specific Conductance [uS/cm]
# name 7 = sal00: Salinity, Practical [PSU]
# name 8 = depSM: Depth [salt water, m], lat = 59.00
# name 9 = oxsolML/L: Oxygen Saturation, Garcia & Gordon [ml/l]
# name 10 = potemp090C: Potential Temperature [ITS-90, deg C]
# name 11 = tv290C: Temperature [ITS-90, deg C]
# name 12 = sigma-é00: Density [sigma-theta, kg/m^3]
# name 13 = n2satML/L: Nitrogen Saturation [ml/l]
# name 14 = par: PAR/Irradiance, Biospherical/Licor
# name 15 = prdM: Pressure, Strain Gauge [db]
# name 16 = flag:  0.000e+00
# span 0 =          1,        884       
# span 1 = 205.560880, 205.563435       
# span 2 =    0.00000,    0.06132       
# span 3 =     0.0000,     3.6792       
# span 4 =      0.000,    220.750       
# span 5 =  1002.0357,  1025.2320       
# span 6 =   5496.114,  50196.821       
# span 7 =     3.2376,    31.6704       
# span 8 =      0.092,    128.356       
# span 9 =    6.25556,    7.43735       
# span 10 =     8.0632,    12.8394      
# span 11 =     8.0750,    12.8395      
# span 12 =     2.0352,    24.6484      
# span 13 =   11.39473,   13.68462      
# span 14 = 5.0703e-02, 1.2910e+03      
# span 15 =      0.093,    129.608      
# span 16 = 0.0000e+00, 0.0000e+00      
# interval = seconds: 0.25
# start_time = Jul 24 2017 13:27:40 [Instrument's time stamp, header]
# bad_flag = -9.990e-29
*END*
[from data line 86]
         87 205.561128    0.00597     0.3583     21.500  1020.1513  42518.711    26.8769      0.697    6.26342    12.7853    12.7909    20.1482   11.40827 6.9924e+02      0.704 0.0000e+00
         88 205.561131    0.00604     0.3625     21.750  1020.1532  42521.470    26.8786      0.698    6.26373    12.7836    12.7880    20.1500   11.40878 6.9542e+02      0.705 0.0000e+00
         89 205.561134    0.00611     0.3667     22.000  1020.1549  42523.852    26.8801      0.708    6.26402    12.7824    12.7854    20.1516   11.40924 6.9685e+02      0.715 0.0000e+00
         90 205.561137    0.00618     0.3708     22.250  1020.1553  42524.220    26.8802      0.722    6.26424    12.7807    12.7837    20.1520   11.40960 7.0242e+02      0.729 0.0000e+00
         91 205.561140    0.00625     0.3750     22.500  1020.1550  42523.233    26.8794      0.734    6.26443    12.7776    12.7825    20.1517   11.40992 7.2040e+02      0.741 0.0000e+00
         92 205.561143    0.00632     0.3792     22.750  1020.1551  42523.046    26.8792      0.738    6.26466    12.7730    12.7808    20.1518   11.41031 7.4775e+02      0.745 0.0000e+00
         93 205.561146    0.00639     0.3833     23.000  1020.1566  42525.195    26.8804      0.732    6.26501    12.7679    12.7777    20.1533   11.41089 7.7140e+02      0.739 0.0000e+00
         94 205.561149    0.00646     0.3875     23.250  1020.1596  42529.729    26.8833      0.720    6.26551    12.7640    12.7731    20.1563   11.41169 7.7764e+02      0.727 0.0000e+00
         95 205.561152    0.00653     0.3917     23.500  1020.1634  42535.637    26.8870      0.709    6.26604    12.7625    12.7680    20.1602   11.41252 7.6716e+02      0.716 0.0000e+00
         96 205.561155    0.00660     0.3958     23.750  1020.1672  42541.789    26.8910      0.709    6.26640    12.7639    12.7641    20.1640   11.41306 7.4775e+02      0.715 0.0000e+00
         97 205.561157    0.00667     0.4000     24.000  1020.1704  42547.291    26.8947      0.726    6.26646    12.7683    12.7626    20.1671   11.41312 7.2236e+02      0.733 0.0000e+00
         98 205.561160    0.00674     0.4042     24.250  1020.1722  42550.741    26.8972      0.763    6.26617    12.7742    12.7640    20.1688   11.41260 7.0870e+02      0.770 0.0000e+00
         99 205.561163    0.00681     0.4083     24.500  1020.1710  42549.140    26.8964      0.810    6.26562    12.7796    12.7684    20.1674   11.41171 7.1424e+02      0.818 0.0000e+00
        100 205.561166    0.00688     0.4125     24.750  1020.1665  42541.686    26.8916      0.851    6.26502    12.7827    12.7744    20.1626   11.41077 7.2723e+02      0.859 0.0000e+00
        101 205.561169    0.00694     0.4167     25.000  1020.1612  42532.862    26.8859      0.879    6.26454    12.7833    12.7797    20.1571   11.41004 7.3548e+02      0.887 0.0000e+00
        102 205.561172    0.00701     0.4208     25.250  1020.1575  42526.688    26.8818      0.893    6.26429    12.7820    12.7829    20.1534   11.40966 7.3282e+02      0.901 0.0000e+00
        103 205.561175    0.00708     0.4250     25.500  1020.1559  42523.947    26.8799      0.894    6.26428    12.7799    12.7834    20.1518   11.40968 7.2681e+02      0.902 0.0000e+00
        104 205.561178    0.00715     0.4292     25.750  1020.1563  42524.302    26.8801      0.886    6.26445    12.7781    12.7821    20.1522   11.40995 7.2207e+02      0.894 0.0000e+00
        105 205.561181    0.00722     0.4333     26.000  1020.1578  42526.756    26.8816      0.875    6.26466    12.7773    12.7800    20.1538   11.41029 7.1814e+02      0.883 0.0000e+00
        106 205.561183    0.00729     0.4375     26.250  1020.1597  42529.805    26.8836      0.865    6.26482    12.7777    12.7782    20.1557   11.41053 7.1643e+02      0.873 0.0000e+00
        107 205.561186    0.00736     0.4417     26.500  1020.1607  42531.651    26.8849      0.860    6.26488    12.7791    12.7774    20.1568   11.41062 7.1624e+02      0.868 0.0000e+00
        108 205.561189    0.00743     0.4458     26.750  1020.1602  42530.885    26.8844      0.858    6.26484    12.7810    12.7778    20.1563   11.41057 7.1447e+02      0.866 0.0000e+00
        109 205.561192    0.00750     0.4500     27.000  1020.1582  42527.400    26.8821      0.861    6.26475    12.7828    12.7792    20.1543   11.41044 7.1021e+02      0.869 0.0000e+00
        110 205.561195    0.00757     0.4542     27.250  1020.1552  42522.259    26.8786      0.867    6.26464    12.7845    12.7811    20.1513   11.41030 7.0643e+02      0.875 0.0000e+00
        111 205.561198    0.00764     0.4583     27.500  1020.1521  42516.772    26.8749      0.875    6.26455    12.7858    12.7829    20.1481   11.41019 7.0437e+02      0.883 0.0000e+00
        112 205.561201    0.00771     0.4625     27.750  1020.1492  42511.814    26.8716      0.883    6.26446    12.7864    12.7846    20.1452   11.41008 7.0316e+02      0.891 0.0000e+00
        113 205.561204    0.00778     0.4667     28.000  1020.1469  42507.739    26.8688      0.888    6.26439    12.7862    12.7859    20.1428   11.41000 7.0336e+02      0.896 0.0000e+00
        114 205.561207    0.00785     0.4708     28.250  1020.1452  42504.767    26.8668      0.889    6.26438    12.7853    12.7865    20.1411   11.41001 7.0641e+02      0.897 0.0000e+00
        115 205.561209    0.00792     0.4750     28.500  1020.1443  42503.088    26.8656      0.885    6.26446    12.7840    12.7864    20.1403   11.41014 7.0792e+02      0.894 0.0000e+00
        116 205.561212    0.00799     0.4792     28.750  1020.1441  42502.632    26.8652      0.878    6.26459    12.7829    12.7854    20.1401   11.41037 7.0919e+02      0.887 0.0000e+00
        117 205.561215    0.00806     0.4833     29.000  1020.1446  42503.166    26.8655      0.872    6.26475    12.7823    12.7841    20.1406   11.41063 7.1710e+02      0.880 0.0000e+00
        118 205.561218    0.00813     0.4875     29.250  1020.1454  42504.476    26.8663      0.870    6.26487    12.7821    12.7830    20.1414   11.41081 7.2550e+02      0.878 0.0000e+00
        119 205.561221    0.00819     0.4917     29.500  1020.1463  42506.056    26.8673      0.874    6.26491    12.7821    12.7824    20.1423   11.41088 7.3263e+02      0.882 0.0000e+00
        120 205.561224    0.00826     0.4958     29.750  1020.1470  42507.117    26.8681      0.882    6.26490    12.7818    12.7822    20.1429   11.41085 7.3700e+02      0.890 0.0000e+00
        121 205.561227    0.00833     0.5000     30.000  1020.1471  42507.238    26.8682      0.893    6.26490    12.7808    12.7822    20.1430   11.41084 7.3251e+02      0.901 0.0000e+00
        122 205.561230    0.00840     0.5042     30.250  1020.1468  42506.660    26.8677      0.901    6.26495    12.7786    12.7819    20.1427   11.41094 7.3055e+02      0.909 0.0000e+00
        123 205.561233    0.00847     0.5083     30.500  1020.1469  42506.502    26.8675      0.902    6.26510    12.7751    12.7809    20.1428   11.41119 7.3388e+02      0.911 0.0000e+00
        124 205.561236    0.00854     0.5125     30.750  1020.1480  42508.111    26.8685      0.894    6.26535    12.7702    12.7787    20.1439   11.41159 7.3022e+02      0.903 0.0000e+00
        125 205.561238    0.00861     0.5167     31.000  1020.1504  42511.979    26.8709      0.880    6.26571    12.7648    12.7752    20.1464   11.41217 7.1913e+02      0.889 0.0000e+00
        126 205.561241    0.00868     0.5208     31.250  1020.1541  42517.743    26.8746      0.864    6.26622    12.7605    12.7703    20.1502   11.41297 7.1063e+02      0.872 0.0000e+00
        127 205.561244    0.00875     0.5250     31.500  1020.1583  42524.454    26.8789      0.852    6.26676    12.7583    12.7649    20.1545   11.41382 7.0396e+02      0.860 0.0000e+00
        128 205.561247    0.00882     0.5292     31.750  1020.1624  42530.929    26.8831      0.850    6.26716    12.7582    12.7606    20.1585   11.41444 6.9376e+02      0.858 0.0000e+00
        129 205.561250    0.00889     0.5333     32.000  1020.1655  42536.072    26.8865      0.859    6.26733    12.7600    12.7584    20.1615   11.41468 6.8731e+02      0.867 0.0000e+00
        130 205.561253    0.00896     0.5375     32.250  1020.1670  42538.838    26.8884      0.876    6.26726    12.7629    12.7583    20.1630   11.41455 6.8658e+02      0.885 0.0000e+00
        131 205.561256    0.00903     0.5417     32.500  1020.1665  42538.218    26.8881      0.897    6.26703    12.7657    12.7601    20.1625   11.41417 6.8898e+02      0.905 0.0000e+00
        132 205.561259    0.00910     0.5458     32.750  1020.1641  42534.293    26.8856      0.912    6.26674    12.7674    12.7630    20.1600   11.41372 6.9684e+02      0.920 0.0000e+00
        133 205.561262    0.00917     0.5500     33.000  1020.1611  42529.245    26.8823      0.916    6.26651    12.7676    12.7658    20.1569   11.41336 7.0918e+02      0.924 0.0000e+00
        134 205.561264    0.00924     0.5542     33.250  1020.1589  42525.591    26.8799      0.907    6.26638    12.7662    12.7676    20.1547   11.41317 7.1652e+02      0.915 0.0000e+00
        135 205.561267    0.00931     0.5583     33.500  1020.1581  42524.303    26.8790      0.891    6.26639    12.7641    12.7677    20.1540   11.41320 7.1142e+02      0.899 0.0000e+00
        136 205.561270    0.00937     0.5625     33.750  1020.1587  42525.257    26.8795      0.876    6.26655    12.7624    12.7663    20.1547   11.41347 6.9975e+02      0.884 0.0000e+00
        137 205.561273    0.00944     0.5667     34.000  1020.1602  42527.576    26.8810      0.867    6.26677    12.7614    12.7642    20.1563   11.41382 6.9311e+02      0.875 0.0000e+00
        138 205.561276    0.00951     0.5708     34.250  1020.1617  42529.947    26.8825      0.866    6.26694    12.7613    12.7625    20.1578   11.41409 6.8783e+02      0.874 0.0000e+00
        139 205.561279    0.00958     0.5750     34.500  1020.1626  42531.356    26.8834      0.872    6.26703    12.7617    12.7615    20.1586   11.41422 6.7323e+02      0.880 0.0000e+00
        140 205.561282    0.00965     0.5792     34.750  1020.1626  42531.258    26.8834      0.881    6.26705    12.7620    12.7614    20.1586   11.41425 6.5857e+02      0.889 0.0000e+00
        141 205.561285    0.00972     0.5833     35.000  1020.1617  42529.745    26.8823      0.889    6.26704    12.7618    12.7618    20.1577   11.41424 6.5173e+02      0.897 0.0000e+00
        142 205.561288    0.00979     0.5875     35.250  1020.1607  42527.865    26.8810      0.892    6.26705    12.7609    12.7621    20.1566   11.41427 6.5081e+02      0.900 0.0000e+00
        143 205.561291    0.00986     0.5917     35.500  1020.1601  42526.787    26.8802      0.889    6.26710    12.7594    12.7619    20.1561   11.41437 6.5572e+02      0.897 0.0000e+00
        144 205.561293    0.00993     0.5958     35.750  1020.1602  42526.872    26.8802      0.883    6.26722    12.7576    12.7610    20.1562   11.41457 6.6559e+02      0.891 0.0000e+00
        145 205.561296    0.01000     0.6000     36.000  1020.1610  42527.972    26.8809      0.876    6.26740    12.7562    12.7595    20.1570   11.41486 6.7804e+02      0.885 0.0000e+00
        146 205.561299    0.01007     0.6042     36.250  1020.1621  42529.501    26.8819      0.872    6.26760    12.7554    12.7577    20.1581   11.41517 6.8422e+02      0.880 0.0000e+00
        147 205.561302    0.01014     0.6083     36.500  1020.1628  42530.628    26.8825      0.870    6.26775    12.7549    12.7563    20.1588   11.41543 6.8376e+02      0.878 0.0000e+00
        148 205.561305    0.01021     0.6125     36.750  1020.1631  42530.914    26.8827      0.870    6.26786    12.7545    12.7555    20.1591   11.41561 6.9006e+02      0.878 0.0000e+00
        149 205.561308    0.01028     0.6167     37.000  1020.1629  42530.438    26.8823      0.872    6.26794    12.7542    12.7550    20.1589   11.41575 6.9889e+02      0.880 0.0000e+00
        150 205.561311    0.01035     0.6208     37.250  1020.1624  42529.442    26.8816      0.875    6.26801    12.7537    12.7547    20.1584   11.41587 6.9743e+02      0.883 0.0000e+00
        151 205.561314    0.01042     0.6250     37.500  1020.1618  42528.273    26.8808      0.879    6.26809    12.7532    12.7543    20.1578   11.41601 6.9278e+02      0.887 0.0000e+00
        152 205.561317    0.01049     0.6292     37.750  1020.1614  42527.347    26.8801      0.884    6.26818    12.7527    12.7538    20.1574   11.41617 6.9469e+02      0.892 0.0000e+00
        153 205.561319    0.01056     0.6333     38.000  1020.1611  42526.670    26.8795      0.889    6.26827    12.7522    12.7533    20.1571   11.41632 7.0770e+02      0.897 0.0000e+00
        154 205.561322    0.01063     0.6375     38.250  1020.1608  42525.973    26.8790      0.893    6.26836    12.7514    12.7528    20.1568   11.41647 7.2336e+02      0.902 0.0000e+00
        155 205.561325    0.01069     0.6417     38.500  1020.1606  42525.345    26.8785      0.897    6.26845    12.7501    12.7523    20.1565   11.41663 7.2618e+02      0.905 0.0000e+00
        156 205.561328    0.01076     0.6458     38.750  1020.1606  42525.223    26.8784      0.898    6.26856    12.7485    12.7515    20.1565   11.41682 7.2057e+02      0.906 0.0000e+00
        157 205.561331    0.01083     0.6500     39.000  1020.1611  42525.947    26.8788      0.896    6.26871    12.7465    12.7502    20.1571   11.41706 7.2179e+02      0.904 0.0000e+00
        158 205.561334    0.01090     0.6542     39.250  1020.1622  42527.550    26.8798      0.892    6.26889    12.7443    12.7486    20.1581   11.41734 7.2525e+02      0.900 0.0000e+00
        159 205.561337    0.01097     0.6583     39.500  1020.1636  42529.723    26.8812      0.886    6.26910    12.7420    12.7466    20.1595   11.41768 7.1173e+02      0.894 0.0000e+00
        160 205.561340    0.01104     0.6625     39.750  1020.1650  42531.928    26.8825      0.880    6.26933    12.7398    12.7444    20.1610   11.41805 6.8961e+02      0.888 0.0000e+00
        161 205.561343    0.01111     0.6667     40.000  1020.1662  42533.754    26.8836      0.876    6.26958    12.7375    12.7421    20.1623   11.41846 6.7692e+02      0.884 0.0000e+00
        162 205.561345    0.01118     0.6708     40.250  1020.1672  42535.131    26.8844      0.873    6.26985    12.7353    12.7399    20.1633   11.41889 6.7243e+02      0.881 0.0000e+00
        163 205.561348    0.01125     0.6750     40.500  1020.1681  42536.270    26.8851      0.871    6.27012    12.7333    12.7377    20.1642   11.41934 6.7309e+02      0.879 0.0000e+00
        164 205.561351    0.01132     0.6792     40.750  1020.1691  42537.504    26.8857      0.869    6.27038    12.7313    12.7355    20.1651   11.41976 6.7493e+02      0.877 0.0000e+00
        165 205.561354    0.01139     0.6833     41.000  1020.1702  42539.122    26.8867      0.868    6.27062    12.7292    12.7334    20.1663   11.42014 6.7292e+02      0.876 0.0000e+00
        166 205.561357    0.01146     0.6875     41.250  1020.1716  42541.243    26.8880      0.866    6.27083    12.7272    12.7314    20.1677   11.42049 6.6978e+02      0.874 0.0000e+00
        167 205.561360    0.01153     0.6917     41.500  1020.1732  42543.710    26.8896      0.865    6.27105    12.7255    12.7293    20.1692   11.42082 6.7351e+02      0.873 0.0000e+00
        168 205.561363    0.01160     0.6958     41.750  1020.1746  42545.973    26.8910      0.864    6.27126    12.7248    12.7273    20.1707   11.42115 6.8358e+02      0.872 0.0000e+00
        169 205.561366    0.01167     0.7000     42.000  1020.1756  42547.472    26.8919      0.865    6.27144    12.7253    12.7256    20.1717   11.42144 6.9020e+02      0.873 0.0000e+00
        170 205.561369    0.01174     0.7042     42.250  1020.1762  42548.301    26.8925      0.870    6.27152    12.7273    12.7249    20.1723   11.42157 6.8977e+02      0.878 0.0000e+00
