CTD-processing/allCTD/CNV--homogene/2017_07-24_t9_s03_cast209.cnv
* Sea-Bird SBE19plus Data File:
* FileName = P:\My Documents\kasitsna\Research-KBL\Oceanography-AK\CTD-Data-ALL-to-2017-02\2017-CTD-KachemakBay-CookInlet\2017-07-24-CookInlet-Tran9-HomerSpit\2017-07-24-CookInlet-Tran9-cast209.hex
* Software Version 1.59
* Temperature SN =  4141
* Conductivity SN =  4141
* System UpLoad Time = Jul 24 2017 19:47:28
** Cook Inlet LTM Transect 9 Homer Spit north to south
** Date: 2017-07-24
** Station: (eg. 9-01): 9-03
** Start time (AKDT): 10:39
** Depth (m): 88.1
** Comment: R/V Edgecumbe.  Quarterly survey.
** Comment:
# nquan = 17
# nvalues = 637                         
# units = specified
# name 0 = scan: Scan Count
# name 1 = timeJ: Julian Days
# name 2 = timeH: Time, Elapsed [hours]
# name 3 = timeM: Time, Elapsed [minutes]
# name 4 = timeS: Time, Elapsed [seconds]
# name 5 = density00: Density [density, kg/m^3]
# name 6 = specc: Specific Conductance [uS/cm]
# name 7 = sal00: Salinity, Practical [PSU]
# name 8 = depSM: Depth [salt water, m], lat = 59.00
# name 9 = oxsolML/L: Oxygen Saturation, Garcia & Gordon [ml/l]
# name 10 = potemp090C: Potential Temperature [ITS-90, deg C]
# name 11 = tv290C: Temperature [ITS-90, deg C]
# name 12 = sigma-é00: Density [sigma-theta, kg/m^3]
# name 13 = n2satML/L: Nitrogen Saturation [ml/l]
# name 14 = par: PAR/Irradiance, Biospherical/Licor
# name 15 = prdM: Pressure, Strain Gauge [db]
# name 16 = flag:  0.000e+00
# span 0 =          1,        637       
# span 1 = 205.444525, 205.446366       
# span 2 =    0.00000,    0.04417       
# span 3 =     0.0000,     2.6500       
# span 4 =      0.000,    159.000       
# span 5 =  1019.7092,  1024.9839       
# span 6 =  41670.925,  50155.968       
# span 7 =    26.2766,    31.6604       
# span 8 =      0.669,     74.233       
# span 9 =    6.28390,    6.73263       
# span 10 =     8.0740,    12.6951      
# span 11 =     8.0812,    12.6952      
# span 12 =    19.7053,    24.6414      
# span 13 =   11.43813,   12.12917      
# span 14 = 5.0972e-02, 3.4506e+02      
# span 15 =      0.676,     74.947      
# span 16 = 0.0000e+00, 0.0000e+00      
# interval = seconds: 0.25
# start_time = Jul 24 2017 10:40:07 [Instrument's time stamp, header]
# bad_flag = -9.990e-29
*END*
[from data line 171]
        172 205.445020    0.01188     0.7125     42.750  1019.7971  41786.416    26.3407      0.811    6.32846    12.4501    12.4608    19.7934   11.52287 2.9015e+02      0.818 0.0000e+00
        173 205.445023    0.01194     0.7167     43.000  1019.8011  41792.904    26.3448      0.807    6.32894    12.4460    12.4561    19.7974   11.52361 2.8725e+02      0.814 0.0000e+00
        174 205.445026    0.01201     0.7208     43.250  1019.8069  41802.334    26.3510      0.803    6.32948    12.4447    12.4502    19.8032   11.52445 2.8282e+02      0.810 0.0000e+00
        175 205.445029    0.01208     0.7250     43.500  1019.8116  41810.228    26.3562      0.799    6.32982    12.4458    12.4461    19.8079   11.52496 2.7803e+02      0.807 0.0000e+00
        176 205.445032    0.01215     0.7292     43.750  1019.8140  41814.441    26.3590      0.796    6.32989    12.4483    12.4448    19.8103   11.52503 2.7455e+02      0.804 0.0000e+00
        177 205.445035    0.01222     0.7333     44.000  1019.8140  41814.673    26.3593      0.795    6.32973    12.4508    12.4459    19.8103   11.52477 2.7535e+02      0.803 0.0000e+00
        178 205.445038    0.01229     0.7375     44.250  1019.8121  41811.693    26.3574      0.796    6.32947    12.4523    12.4484    19.8084   11.52437 2.7958e+02      0.803 0.0000e+00
        179 205.445041    0.01236     0.7417     44.500  1019.8093  41807.064    26.3543      0.798    6.32925    12.4525    12.4509    19.8056   11.52404 2.8300e+02      0.806 0.0000e+00
        180 205.445043    0.01243     0.7458     44.750  1019.8067  41802.654    26.3514      0.802    6.32917    12.4514    12.4524    19.8031   11.52393 2.8479e+02      0.809 0.0000e+00
        181 205.445046    0.01250     0.7500     45.000  1019.8052  41799.828    26.3494      0.804    6.32922    12.4490    12.4526    19.8015   11.52404 2.8518e+02      0.812 0.0000e+00
        182 205.445049    0.01257     0.7542     45.250  1019.8049  41799.089    26.3488      0.805    6.32939    12.4453    12.4515    19.8013   11.52432 2.8442e+02      0.812 0.0000e+00
        183 205.445052    0.01264     0.7583     45.500  1019.8062  41800.860    26.3499      0.803    6.32967    12.4410    12.4491    19.8025   11.52477 2.8401e+02      0.811 0.0000e+00
        184 205.445055    0.01271     0.7625     45.750  1019.8091  41805.510    26.3528      0.801    6.33006    12.4375    12.4454    19.8055   11.52538 2.8282e+02      0.809 0.0000e+00
        185 205.445058    0.01278     0.7667     46.000  1019.8132  41812.133    26.3571      0.801    6.33046    12.4356    12.4411    19.8096   11.52601 2.8060e+02      0.808 0.0000e+00
        186 205.445061    0.01285     0.7708     46.250  1019.8170  41818.401    26.3612      0.803    6.33077    12.4350    12.4376    19.8133   11.52648 2.8035e+02      0.810 0.0000e+00
        187 205.445064    0.01292     0.7750     46.500  1019.8190  41821.746    26.3633      0.807    6.33095    12.4348    12.4356    19.8154   11.52674 2.8285e+02      0.814 0.0000e+00
        188 205.445067    0.01299     0.7792     46.750  1019.8189  41821.309    26.3630      0.809    6.33103    12.4336    12.4351    19.8152   11.52689 2.8628e+02      0.816 0.0000e+00
        189 205.445069    0.01306     0.7833     47.000  1019.8177  41819.002    26.3613      0.807    6.33113    12.4309    12.4349    19.8140   11.52707 2.8965e+02      0.815 0.0000e+00
        190 205.445072    0.01313     0.7875     47.250  1019.8173  41818.103    26.3606      0.802    6.33132    12.4275    12.4337    19.8136   11.52739 2.9374e+02      0.809 0.0000e+00
        191 205.445075    0.01319     0.7917     47.500  1019.8192  41821.141    26.3626      0.796    6.33160    12.4254    12.4310    19.8156   11.52784 2.9708e+02      0.803 0.0000e+00
        192 205.445078    0.01326     0.7958     47.750  1019.8232  41827.832    26.3670      0.793    6.33188    12.4262    12.4276    19.8196   11.52825 2.9592e+02      0.801 0.0000e+00
        193 205.445081    0.01333     0.8000     48.000  1019.8271  41834.625    26.3715      0.796    6.33198    12.4301    12.4255    19.8235   11.52836 2.9129e+02      0.803 0.0000e+00
        194 205.445084    0.01340     0.8042     48.250  1019.8285  41837.250    26.3734      0.803    6.33179    12.4358    12.4263    19.8248   11.52803 2.8738e+02      0.810 0.0000e+00
        195 205.445087    0.01347     0.8083     48.500  1019.8260  41833.486    26.3711      0.809    6.33137    12.4418    12.4302    19.8224   11.52735 2.8661e+02      0.817 0.0000e+00
        196 205.445090    0.01354     0.8125     48.750  1019.8207  41824.794    26.3655      0.812    6.33082    12.4464    12.4359    19.8170   11.52650 2.8850e+02      0.820 0.0000e+00
        197 205.445093    0.01361     0.8167     49.000  1019.8150  41815.515    26.3595      0.809    6.33025    12.4485    12.4419    19.8113   11.52563 2.9167e+02      0.817 0.0000e+00
        198 205.445095    0.01368     0.8208     49.250  1019.8112  41809.639    26.3558      0.805    6.32979    12.4487    12.4465    19.8076   11.52491 2.9452e+02      0.813 0.0000e+00
        199 205.445098    0.01375     0.8250     49.500  1019.8102  41808.263    26.3550      0.803    6.32954    12.4482    12.4486    19.8066   11.52449 2.9415e+02      0.811 0.0000e+00
        200 205.445101    0.01382     0.8292     49.750  1019.8107  41809.144    26.3556      0.803    6.32948    12.4476    12.4488    19.8070   11.52439 2.9056e+02      0.810 0.0000e+00
        201 205.445104    0.01389     0.8333     50.000  1019.8108  41809.308    26.3557      0.803    6.32955    12.4470    12.4483    19.8072   11.52450 2.8641e+02      0.810 0.0000e+00
        202 205.445107    0.01396     0.8375     50.250  1019.8103  41808.137    26.3548      0.801    6.32966    12.4460    12.4477    19.8066   11.52469 2.8419e+02      0.809 0.0000e+00
        203 205.445110    0.01403     0.8417     50.500  1019.8098  41807.151    26.3541      0.798    6.32977    12.4445    12.4471    19.8061   11.52489 2.8528e+02      0.806 0.0000e+00
        204 205.445113    0.01410     0.8458     50.750  1019.8104  41808.166    26.3547      0.794    6.32988    12.4426    12.4461    19.8068   11.52506 2.8861e+02      0.802 0.0000e+00
        205 205.445116    0.01417     0.8500     51.000  1019.8126  41811.784    26.3571      0.794    6.33000    12.4411    12.4446    19.8089   11.52523 2.9237e+02      0.801 0.0000e+00
        206 205.445119    0.01424     0.8542     51.250  1019.8153  41816.489    26.3602      0.798    6.33012    12.4404    12.4427    19.8117   11.52540 2.9423e+02      0.805 0.0000e+00
        207 205.445122    0.01431     0.8583     51.500  1019.8172  41819.540    26.3622      0.804    6.33024    12.4400    12.4412    19.8135   11.52558 2.9415e+02      0.812 0.0000e+00
        208 205.445124    0.01438     0.8625     51.750  1019.8173  41819.471    26.3621      0.810    6.33035    12.4390    12.4405    19.8136   11.52576 2.9535e+02      0.817 0.0000e+00
        209 205.445127    0.01444     0.8667     52.000  1019.8164  41817.751    26.3609      0.811    6.33045    12.4370    12.4401    19.8127   11.52594 2.9786e+02      0.818 0.0000e+00
        210 205.445130    0.01451     0.8708     52.250  1019.8165  41817.687    26.3608      0.807    6.33057    12.4345    12.4391    19.8128   11.52615 2.9963e+02      0.815 0.0000e+00
        211 205.445133    0.01458     0.8750     52.500  1019.8187  41821.464    26.3633      0.802    6.33074    12.4328    12.4371    19.8151   11.52641 3.0120e+02      0.809 0.0000e+00
        212 205.445136    0.01465     0.8792     52.750  1019.8224  41827.728    26.3675      0.797    6.33092    12.4327    12.4346    19.8187   11.52665 3.0448e+02      0.804 0.0000e+00
        213 205.445139    0.01472     0.8833     53.000  1019.8251  41832.518    26.3707      0.792    6.33102    12.4340    12.4329    19.8215   11.52678 3.0901e+02      0.800 0.0000e+00
        214 205.445142    0.01479     0.8875     53.250  1019.8253  41833.015    26.3710      0.783    6.33102    12.4357    12.4328    19.8218   11.52677 3.1473e+02      0.791 0.0000e+00
        215 205.445145    0.01486     0.8917     53.500  1019.8234  41829.948    26.3690      0.765    6.33093    12.4366    12.4341    19.8200   11.52664 3.2315e+02      0.773 0.0000e+00
        216 205.445148    0.01493     0.8958     53.750  1019.8218  41827.476    26.3674      0.738    6.33077    12.4381    12.4357    19.8185   11.52640 3.3384e+02      0.745 0.0000e+00
        217 205.445150    0.01500     0.9000     54.000  1019.8223  41828.854    26.3684      0.710    6.33061    12.4439    12.4367    19.8191   11.52611 3.4258e+02      0.716 0.0000e+00
        218 205.445153    0.01507     0.9042     54.250  1019.8232  41831.074    26.3701      0.688    6.33033    12.4552    12.4382    19.8201   11.52563 3.4506e+02      0.694 0.0000e+00
        219 205.445156    0.01514     0.9083     54.500  1019.8208  41827.990    26.3684      0.675    6.32963    12.4693    12.4440    19.8178   11.52448 3.4285e+02      0.681 0.0000e+00
        220 205.445159    0.01521     0.9125     54.750  1019.8137  41817.304    26.3618      0.669    6.32837    12.4821    12.4553    19.8107   11.52247 3.3811e+02      0.676 0.0000e+00
        221 205.445162    0.01528     0.9167     55.000  1019.8037  41801.766    26.3521      0.669    6.32687    12.4907    12.4693    19.8007   11.52009 3.3407e+02      0.676 0.0000e+00
        222 205.445165    0.01535     0.9208     55.250  1019.7939  41786.444    26.3424      0.673    6.32553    12.4936    12.4822    19.7909   11.51798 3.3417e+02      0.679 0.0000e+00
        223 205.445168    0.01542     0.9250     55.500  1019.7874  41776.264    26.3360      0.678    6.32463    12.4915    12.4908    19.7844   11.51656 3.3524e+02      0.684 0.0000e+00
        224 205.445171    0.01549     0.9292     55.750  1019.7863  41774.807    26.3352      0.685    6.32428    12.4887    12.4937    19.7833   11.51599 3.3220e+02      0.691 0.0000e+00
        225 205.445174    0.01556     0.9333     56.000  1019.7908  41782.464    26.3403      0.699    6.32436    12.4905    12.4916    19.7876   11.51605 3.2244e+02      0.705 0.0000e+00
        226 205.445177    0.01563     0.9375     56.250  1019.7979  41794.920    26.3488      0.725    6.32439    12.4993    12.4888    19.7946   11.51600 3.0832e+02      0.732 0.0000e+00
        227 205.445179    0.01569     0.9417     56.500  1019.8027  41803.902    26.3552      0.765    6.32390    12.5114    12.4906    19.7992   11.51510 2.9579e+02      0.772 0.0000e+00
        228 205.445182    0.01576     0.9458     56.750  1019.7994  41799.392    26.3527      0.808    6.32282    12.5189    12.4994    19.7957   11.51333 2.8830e+02      0.815 0.0000e+00
        229 205.445185    0.01583     0.9500     57.000  1019.7893  41783.124    26.3423      0.836    6.32161    12.5188    12.5115    19.7855   11.51145 2.8501e+02      0.844 0.0000e+00
        230 205.445188    0.01590     0.9542     57.250  1019.7821  41771.219    26.3346      0.848    6.32091    12.5151    12.5190    19.7782   11.51037 2.8425e+02      0.856 0.0000e+00
        231 205.445191    0.01597     0.9583     57.500  1019.7821  41771.256    26.3346      0.850    6.32092    12.5132    12.5189    19.7783   11.51039 2.8606e+02      0.858 0.0000e+00
        232 205.445194    0.01604     0.9625     57.750  1019.7861  41777.735    26.3388      0.851    6.32125    12.5167    12.5152    19.7822   11.51090 2.8824e+02      0.859 0.0000e+00
        233 205.445197    0.01611     0.9667     58.000  1019.7894  41783.588    26.3427      0.852    6.32136    12.5259    12.5133    19.7856   11.51103 2.8845e+02      0.860 0.0000e+00
        234 205.445200    0.01618     0.9708     58.250  1019.7889  41783.297    26.3428      0.855    6.32088    12.5378    12.5168    19.7850   11.51023 2.8708e+02      0.863 0.0000e+00
        235 205.445203    0.01625     0.9750     58.500  1019.7837  41775.682    26.3382      0.855    6.31984    12.5497    12.5260    19.7798   11.50855 2.8471e+02      0.863 0.0000e+00
        236 205.445205    0.01632     0.9792     58.750  1019.7767  41765.436    26.3320      0.853    6.31848    12.5600    12.5379    19.7728   11.50636 2.8131e+02      0.861 0.0000e+00
        237 205.445208    0.01639     0.9833     59.000  1019.7719  41759.091    26.3285      0.848    6.31703    12.5689    12.5498    19.7680   11.50399 2.7782e+02      0.856 0.0000e+00
        238 205.445211    0.01646     0.9875     59.250  1019.7718  41761.252    26.3308      0.845    6.31557    12.5786    12.5601    19.7679   11.50152 2.7539e+02      0.853 0.0000e+00
        239 205.445214    0.01653     0.9917     59.500  1019.7777  41774.148    26.3404      0.847    6.31400    12.5918    12.5690    19.7738   11.49879 2.7226e+02      0.855 0.0000e+00
        240 205.445217    0.01660     0.9958     59.750  1019.7894  41797.950    26.3578      0.857    6.31202    12.6099    12.5787    19.7855   11.49529 2.6765e+02      0.865 0.0000e+00
        241 205.445220    0.01667     1.0000     60.000  1019.8069  41833.400    26.3835      0.874    6.30924    12.6312    12.5919    19.8030   11.49036 2.6319e+02      0.882 0.0000e+00
        242 205.445223    0.01674     1.0042     60.250  1019.8285  41877.229    26.4154      0.896    6.30557    12.6512    12.6100    19.8244   11.48388 2.6027e+02      0.904 0.0000e+00
        243 205.445226    0.01681     1.0083     60.500  1019.8497  41921.306    26.4478      0.918    6.30145    12.6636    12.6313    19.8456   11.47664 2.5936e+02      0.927 0.0000e+00
        244 205.445229    0.01688     1.0125     60.750  1019.8735  41969.565    26.4830      0.943    6.29741    12.6633    12.6513    19.8692   11.46950 2.5930e+02      0.952 0.0000e+00
        245 205.445231    0.01694     1.0167     61.000  1019.9114  42042.392    26.5347      0.979    6.29371    12.6448    12.6637    19.9070   11.46273 2.5609e+02      0.988 0.0000e+00
        246 205.445234    0.01701     1.0208     61.250  1019.9797  42168.399    26.6227      1.041    6.29029    12.6008    12.6634    19.9750   11.45601 2.4568e+02      1.050 0.0000e+00
        247 205.445237    0.01708     1.0250     61.500  1020.1001  42386.596    26.7736      1.144    6.28681    12.5248    12.6450    20.0950   11.44842 2.2855e+02      1.154 0.0000e+00
        248 205.445240    0.01715     1.0292     61.750  1020.2807  42710.150    26.9961      1.289    6.28390    12.4224    12.6010    20.2749   11.44096 2.0803e+02      1.300 0.0000e+00
        249 205.445243    0.01722     1.0333     62.000  1020.4914  43081.884    27.2498      1.460    6.28400    12.3103    12.5251    20.4847   11.43813 1.8708e+02      1.473 0.0000e+00
        250 205.445246    0.01729     1.0375     62.250  1020.6925  43430.180    27.4850      1.640    6.28835    12.2036    12.4226    20.6851   11.44260 1.6743e+02      1.656 0.0000e+00
        251 205.445249    0.01736     1.0417     62.500  1020.8677  43728.388    27.6843      1.820    6.29541    12.1085    12.3105    20.8595   11.45199 1.4986e+02      1.837 0.0000e+00
        252 205.445252    0.01743     1.0458     62.750  1021.0158  43977.777    27.8499      1.995    6.30310    12.0234    12.2039    21.0067   11.46283 1.3486e+02      2.014 0.0000e+00
        253 205.445255    0.01750     1.0500     63.000  1021.1429  44191.219    27.9912      2.169    6.31023    11.9428    12.1088    21.1331   11.47301 1.2225e+02      2.189 0.0000e+00
        254 205.445258    0.01757     1.0542     63.250  1021.2585  44385.439    28.1198      2.345    6.31652    11.8609    12.0237    21.2479   11.48195 1.1127e+02      2.367 0.0000e+00
        255 205.445260    0.01764     1.0583     63.500  1021.3695  44572.283    28.2436      2.529    6.32244    11.7759    11.9431    21.3580   11.49033 1.0124e+02      2.553 0.0000e+00
