CTD-processing/allCTD/CNV--homogene/2017_04-18_t6_s28_cast097.cnv
* Sea-Bird SBE19plus Data File:
* FileName = P:\My Documents\kasitsna\Research-KBL\Oceanography-AK\CTD-Data-ALL-to-2017-02\2017-CTD-KachemakBay-CookInlet\2017-04-18-CookInlet-Tran6-Douglas\2017-04-18-CookInlet-Tran6-cast097.hex
* Software Version 1.59
* Temperature SN =  4141
* Conductivity SN =  4141
* System UpLoad Time = Apr 18 2017 23:18:10
** Cook Inlet LTM Transect 6 Douglas east to west
** Date: (YYYY-MM-DD): 2017-04-18
** Station: (eg. 9-01): 6-28
** Start time (AKST): 22:02
** Depth (m): 115.8
** Comment: R/V Alaska Dreamcatcher
** Comment:
# nquan = 17
# nvalues = 627                         
# units = specified
# name 0 = scan: Scan Count
# name 1 = timeJ: Julian Days
# name 2 = timeH: Time, Elapsed [hours]
# name 3 = timeM: Time, Elapsed [minutes]
# name 4 = timeS: Time, Elapsed [seconds]
# name 5 = density00: Density [density, kg/m^3]
# name 6 = specc: Specific Conductance [uS/cm]
# name 7 = sal00: Salinity, Practical [PSU]
# name 8 = depSM: Depth [salt water, m], lat = 59.00
# name 9 = oxsolML/L: Oxygen Saturation, Garcia & Gordon [ml/l]
# name 10 = potemp090C: Potential Temperature [ITS-90, deg C]
# name 11 = tv290C: Temperature [ITS-90, deg C]
# name 12 = sigma-é00: Density [sigma-theta, kg/m^3]
# name 13 = n2satML/L: Nitrogen Saturation [ml/l]
# name 14 = par: PAR/Irradiance, Biospherical/Licor
# name 15 = prdM: Pressure, Strain Gauge [db]
# name 16 = flag:  0.000e+00
# span 0 =          1,        627       
# span 1 = 108.918322, 108.920133       
# span 2 =    0.00000,    0.04347       
# span 3 =     0.0000,     2.6083       
# span 4 =      0.000,    156.500       
# span 5 =  1000.1438,  1025.9802       
# span 6 =    472.450,  51993.463       
# span 7 =     0.2165,    32.1767       
# span 8 =     -0.073,    107.228       
# span 9 =    7.28369,    9.37834       
# span 10 =     2.5475,     4.5612      
# span 11 =     2.5488,     4.5687      
# span 12 =     0.1442,    25.5016      
# span 13 =   13.03328,   16.99344      
# span 14 = 3.6382e-02, 7.7062e-01      
# span 15 =     -0.073,    108.269      
# span 16 = 0.0000e+00, 0.0000e+00      
# interval = seconds: 0.25
# start_time = Apr 18 2017 22:02:23 [Instrument's time stamp, header]
# bad_flag = -9.990e-29
*END*
[from data line 86]
         87 108.918571    0.00597     0.3583     21.500  1024.6608  50676.004    30.9158      1.181    7.70393     2.6319     2.6311    24.6552   13.74323 2.9029e-01      1.192 0.0000e+00
         88 108.918573    0.00604     0.3625     21.750  1024.6609  50675.963    30.9159      1.180    7.70384     2.6322     2.6316    24.6553   13.74307 2.8743e-01      1.191 0.0000e+00
         89 108.918576    0.00611     0.3667     22.000  1024.6609  50675.893    30.9160      1.188    7.70376     2.6323     2.6320    24.6553   13.74293 2.8181e-01      1.199 0.0000e+00
         90 108.918579    0.00618     0.3708     22.250  1024.6609  50675.728    30.9160      1.206    7.70371     2.6324     2.6322    24.6553   13.74286 2.7662e-01      1.217 0.0000e+00
         91 108.918582    0.00625     0.3750     22.500  1024.6612  50675.879    30.9161      1.237    7.70368     2.6326     2.6323    24.6554   13.74281 2.7245e-01      1.249 0.0000e+00
         92 108.918585    0.00632     0.3792     22.750  1024.6618  50676.716    30.9166      1.280    7.70364     2.6331     2.6324    24.6558   13.74272 2.6783e-01      1.292 0.0000e+00
         93 108.918588    0.00639     0.3833     23.000  1024.6632  50678.826    30.9180      1.328    7.70352     2.6340     2.6326    24.6569   13.74251 2.6268e-01      1.341 0.0000e+00
         94 108.918591    0.00646     0.3875     23.250  1024.6657  50683.071    30.9210      1.371    7.70327     2.6355     2.6331    24.6592   13.74207 2.5803e-01      1.384 0.0000e+00
         95 108.918594    0.00653     0.3917     23.500  1024.6693  50689.225    30.9254      1.401    7.70287     2.6378     2.6340    24.6627   13.74134 2.5454e-01      1.414 0.0000e+00
         96 108.918597    0.00660     0.3958     23.750  1024.6727  50695.174    30.9298      1.411    7.70235     2.6412     2.6355    24.6661   13.74043 2.5273e-01      1.424 0.0000e+00
         97 108.918600    0.00667     0.4000     24.000  1024.6744  50697.751    30.9322      1.399    7.70177     2.6452     2.6378    24.6678   13.73944 2.5363e-01      1.413 0.0000e+00
         98 108.918602    0.00674     0.4042     24.250  1024.6732  50694.856    30.9311      1.368    7.70117     2.6489     2.6412    24.6667   13.73846 2.5793e-01      1.381 0.0000e+00
         99 108.918605    0.00681     0.4083     24.500  1024.6695  50687.316    30.9272      1.321    7.70061     2.6514     2.6453    24.6632   13.73758 2.6499e-01      1.334 0.0000e+00
        100 108.918608    0.00688     0.4125     24.750  1024.6649  50678.234    30.9221      1.266    7.70017     2.6524     2.6489    24.6589   13.73692 2.7323e-01      1.278 0.0000e+00
        101 108.918611    0.00694     0.4167     25.000  1024.6608  50670.414    30.9175      1.211    7.69992     2.6520     2.6514    24.6550   13.73658 2.8082e-01      1.222 0.0000e+00
        102 108.918614    0.00701     0.4208     25.250  1024.6578  50664.940    30.9141      1.164    7.69990     2.6504     2.6525    24.6522   13.73659 2.8514e-01      1.175 0.0000e+00
        103 108.918617    0.00708     0.4250     25.500  1024.6558  50661.600    30.9118      1.132    7.70011     2.6480     2.6521    24.6504   13.73696 2.8544e-01      1.143 0.0000e+00
        104 108.918620    0.00715     0.4292     25.750  1024.6544  50659.573    30.9100      1.123    7.70051     2.6451     2.6504    24.6491   13.73765 2.8447e-01      1.134 0.0000e+00
        105 108.918623    0.00722     0.4333     26.000  1024.6536  50658.520    30.9086      1.137    7.70106     2.6421     2.6480    24.6482   13.73857 2.8285e-01      1.148 0.0000e+00
        106 108.918626    0.00729     0.4375     26.250  1024.6535  50658.853    30.9080      1.173    7.70164     2.6393     2.6451    24.6479   13.73954 2.7884e-01      1.185 0.0000e+00
        107 108.918628    0.00736     0.4417     26.500  1024.6544  50660.782    30.9085      1.223    7.70219     2.6369     2.6422    24.6485   13.74044 2.7236e-01      1.235 0.0000e+00
        108 108.918631    0.00743     0.4458     26.750  1024.6561  50664.312    30.9101      1.278    7.70264     2.6352     2.6394    24.6500   13.74117 2.6471e-01      1.290 0.0000e+00
        109 108.918634    0.00750     0.4500     27.000  1024.6588  50669.421    30.9129      1.327    7.70296     2.6342     2.6370    24.6524   13.74165 2.5812e-01      1.340 0.0000e+00
        110 108.918637    0.00757     0.4542     27.250  1024.6622  50676.046    30.9169      1.363    7.70309     2.6339     2.6352    24.6557   13.74181 2.5512e-01      1.376 0.0000e+00
        111 108.918640    0.00764     0.4583     27.500  1024.6663  50683.716    30.9217      1.380    7.70302     2.6345     2.6342    24.6597   13.74165 2.5646e-01      1.393 0.0000e+00
        112 108.918643    0.00771     0.4625     27.750  1024.6703  50691.298    30.9268      1.377    7.70280     2.6362     2.6340    24.6638   13.74122 2.6048e-01      1.390 0.0000e+00
        113 108.918646    0.00778     0.4667     28.000  1024.6735  50697.249    30.9310      1.355    7.70246     2.6390     2.6346    24.6670   13.74060 2.6468e-01      1.368 0.0000e+00
        114 108.918649    0.00785     0.4708     28.250  1024.6748  50699.569    30.9330      1.320    7.70203     2.6424     2.6363    24.6685   13.73986 2.6791e-01      1.332 0.0000e+00
        115 108.918652    0.00792     0.4750     28.500  1024.6735  50696.836    30.9319      1.279    7.70156     2.6455     2.6391    24.6675   13.73908 2.7101e-01      1.291 0.0000e+00
        116 108.918655    0.00799     0.4792     28.750  1024.6699  50689.508    30.9279      1.241    7.70111     2.6475     2.6424    24.6640   13.73841 2.7503e-01      1.253 0.0000e+00
        117 108.918657    0.00806     0.4833     29.000  1024.6650  50679.850    30.9222      1.217    7.70081     2.6480     2.6455    24.6592   13.73799 2.7947e-01      1.228 0.0000e+00
        118 108.918660    0.00813     0.4875     29.250  1024.6604  50670.750    30.9167      1.209    7.70072     2.6472     2.6475    24.6546   13.73792 2.8215e-01      1.221 0.0000e+00
        119 108.918663    0.00819     0.4917     29.500  1024.6570  50664.189    30.9124      1.217    7.70085     2.6455     2.6480    24.6512   13.73818 2.8140e-01      1.229 0.0000e+00
        120 108.918666    0.00826     0.4958     29.750  1024.6552  50661.003    30.9100      1.235    7.70113     2.6436     2.6472    24.6493   13.73867 2.7746e-01      1.246 0.0000e+00
        121 108.918669    0.00833     0.5000     30.000  1024.6552  50661.246    30.9097      1.255    7.70147     2.6418     2.6456    24.6492   13.73923 2.7081e-01      1.267 0.0000e+00
        122 108.918672    0.00840     0.5042     30.250  1024.6567  50664.340    30.9113      1.271    7.70176     2.6404     2.6436    24.6506   13.73970 2.6293e-01      1.283 0.0000e+00
        123 108.918675    0.00847     0.5083     30.500  1024.6593  50669.546    30.9143      1.279    7.70194     2.6394     2.6418    24.6532   13.73996 2.5712e-01      1.291 0.0000e+00
        124 108.918678    0.00854     0.5125     30.750  1024.6625  50675.844    30.9182      1.277    7.70201     2.6387     2.6404    24.6563   13.74002 2.5533e-01      1.290 0.0000e+00
        125 108.918681    0.00861     0.5167     31.000  1024.6655  50681.857    30.9219      1.267    7.70201     2.6384     2.6394    24.6594   13.73996 2.5689e-01      1.279 0.0000e+00
        126 108.918683    0.00868     0.5208     31.250  1024.6679  50686.512    30.9249      1.252    7.70198     2.6385     2.6388    24.6619   13.73987 2.6073e-01      1.264 0.0000e+00
        127 108.918686    0.00875     0.5250     31.500  1024.6692  50689.082    30.9266      1.236    7.70193     2.6388     2.6385    24.6632   13.73978 2.6574e-01      1.247 0.0000e+00
        128 108.918689    0.00882     0.5292     31.750  1024.6692  50689.152    30.9266      1.223    7.70191     2.6390     2.6386    24.6633   13.73975 2.6983e-01      1.234 0.0000e+00
        129 108.918692    0.00889     0.5333     32.000  1024.6680  50686.991    30.9252      1.217    7.70194     2.6391     2.6389    24.6621   13.73982 2.7172e-01      1.229 0.0000e+00
        130 108.918695    0.00896     0.5375     32.250  1024.6661  50683.436    30.9229      1.222    7.70203     2.6390     2.6391    24.6603   13.73999 2.7231e-01      1.234 0.0000e+00
        131 108.918698    0.00903     0.5417     32.500  1024.6641  50679.535    30.9203      1.236    7.70215     2.6387     2.6392    24.6582   13.74022 2.7209e-01      1.248 0.0000e+00
        132 108.918701    0.00910     0.5458     32.750  1024.6624  50676.268    30.9181      1.257    7.70228     2.6383     2.6391    24.6564   13.74048 2.6996e-01      1.269 0.0000e+00
        133 108.918704    0.00917     0.5500     33.000  1024.6614  50674.307    30.9166      1.280    7.70242     2.6379     2.6388    24.6553   13.74071 2.6544e-01      1.292 0.0000e+00
        134 108.918707    0.00924     0.5542     33.250  1024.6613  50674.028    30.9163      1.301    7.70251     2.6378     2.6384    24.6551   13.74087 2.6094e-01      1.313 0.0000e+00
        135 108.918709    0.00931     0.5583     33.500  1024.6622  50675.625    30.9173      1.315    7.70252     2.6379     2.6380    24.6559   13.74087 2.5973e-01      1.328 0.0000e+00
        136 108.918712    0.00937     0.5625     33.750  1024.6639  50678.856    30.9195      1.321    7.70243     2.6381     2.6379    24.6576   13.74069 2.6161e-01      1.334 0.0000e+00
        137 108.918715    0.00944     0.5667     34.000  1024.6661  50682.867    30.9222      1.318    7.70227     2.6385     2.6380    24.6598   13.74040 2.6369e-01      1.330 0.0000e+00
        138 108.918718    0.00951     0.5708     34.250  1024.6681  50686.723    30.9249      1.306    7.70209     2.6391     2.6382    24.6619   13.74007 2.6474e-01      1.318 0.0000e+00
        139 108.918721    0.00958     0.5750     34.500  1024.6696  50689.526    30.9269      1.288    7.70192     2.6399     2.6386    24.6634   13.73975 2.6608e-01      1.301 0.0000e+00
        140 108.918724    0.00965     0.5792     34.750  1024.6700  50690.330    30.9276      1.270    7.70176     2.6407     2.6392    24.6640   13.73948 2.6962e-01      1.283 0.0000e+00
        141 108.918727    0.00972     0.5833     35.000  1024.6693  50688.938    30.9268      1.254    7.70165     2.6413     2.6400    24.6633   13.73930 2.7508e-01      1.266 0.0000e+00
        142 108.918730    0.00979     0.5875     35.250  1024.6679  50686.089    30.9251      1.241    7.70158     2.6417     2.6408    24.6619   13.73921 2.7850e-01      1.253 0.0000e+00
        143 108.918733    0.00986     0.5917     35.500  1024.6661  50682.789    30.9231      1.233    7.70156     2.6417     2.6414    24.6602   13.73922 2.7712e-01      1.245 0.0000e+00
        144 108.918736    0.00993     0.5958     35.750  1024.6645  50679.798    30.9212      1.230    7.70160     2.6415     2.6417    24.6587   13.73930 2.7357e-01      1.242 0.0000e+00
        145 108.918738    0.01000     0.6000     36.000  1024.6633  50677.546    30.9197      1.230    7.70167     2.6410     2.6418    24.6575   13.73943 2.7109e-01      1.242 0.0000e+00
        146 108.918741    0.01007     0.6042     36.250  1024.6626  50676.265    30.9188      1.234    7.70176     2.6404     2.6415    24.6568   13.73960 2.6920e-01      1.246 0.0000e+00
        147 108.918744    0.01014     0.6083     36.500  1024.6624  50675.924    30.9184      1.241    7.70187     2.6398     2.6410    24.6565   13.73979 2.6648e-01      1.253 0.0000e+00
        148 108.918747    0.01021     0.6125     36.750  1024.6626  50676.288    30.9185      1.250    7.70199     2.6393     2.6404    24.6566   13.73998 2.6414e-01      1.262 0.0000e+00
        149 108.918750    0.01028     0.6167     37.000  1024.6630  50677.142    30.9189      1.262    7.70208     2.6391     2.6398    24.6570   13.74014 2.6397e-01      1.274 0.0000e+00
        150 108.918753    0.01035     0.6208     37.250  1024.6637  50678.410    30.9196      1.274    7.70214     2.6391     2.6394    24.6576   13.74021 2.6524e-01      1.286 0.0000e+00
        151 108.918756    0.01042     0.6250     37.500  1024.6646  50680.024    30.9206      1.284    7.70214     2.6393     2.6391    24.6584   13.74019 2.6599e-01      1.297 0.0000e+00
        152 108.918759    0.01049     0.6292     37.750  1024.6655  50681.753    30.9218      1.290    7.70208     2.6397     2.6391    24.6594   13.74008 2.6544e-01      1.303 0.0000e+00
        153 108.918762    0.01056     0.6333     38.000  1024.6664  50683.287    30.9229      1.291    7.70197     2.6401     2.6394    24.6602   13.73989 2.6424e-01      1.304 0.0000e+00
        154 108.918764    0.01063     0.6375     38.250  1024.6671  50684.526    30.9238      1.287    7.70185     2.6406     2.6397    24.6609   13.73968 2.6436e-01      1.300 0.0000e+00
        155 108.918767    0.01069     0.6417     38.500  1024.6677  50685.559    30.9246      1.279    7.70173     2.6413     2.6401    24.6616   13.73947 2.6671e-01      1.292 0.0000e+00
        156 108.918770    0.01076     0.6458     38.750  1024.6680  50686.225    30.9252      1.269    7.70161     2.6422     2.6406    24.6620   13.73926 2.6870e-01      1.281 0.0000e+00
        157 108.918773    0.01083     0.6500     39.000  1024.6680  50686.100    30.9253      1.257    7.70146     2.6432     2.6413    24.6620   13.73902 2.6835e-01      1.269 0.0000e+00
        158 108.918776    0.01090     0.6542     39.250  1024.6675  50684.982    30.9248      1.247    7.70131     2.6442     2.6423    24.6616   13.73877 2.6762e-01      1.259 0.0000e+00
        159 108.918779    0.01097     0.6583     39.500  1024.6665  50682.994    30.9238      1.240    7.70116     2.6448     2.6433    24.6606   13.73855 2.6852e-01      1.252 0.0000e+00
        160 108.918782    0.01104     0.6625     39.750  1024.6653  50680.414    30.9223      1.240    7.70106     2.6450     2.6442    24.6594   13.73840 2.7008e-01      1.252 0.0000e+00
        161 108.918785    0.01111     0.6667     40.000  1024.6639  50677.664    30.9206      1.247    7.70103     2.6447     2.6449    24.6580   13.73837 2.7009e-01      1.259 0.0000e+00
        162 108.918788    0.01118     0.6708     40.250  1024.6627  50675.270    30.9190      1.261    7.70108     2.6440     2.6450    24.6567   13.73847 2.6787e-01      1.273 0.0000e+00
        163 108.918791    0.01125     0.6750     40.500  1024.6619  50673.670    30.9179      1.280    7.70120     2.6433     2.6447    24.6558   13.73869 2.6468e-01      1.292 0.0000e+00
        164 108.918793    0.01132     0.6792     40.750  1024.6616  50673.125    30.9173      1.300    7.70136     2.6426     2.6441    24.6554   13.73896 2.6118e-01      1.312 0.0000e+00
        165 108.918796    0.01139     0.6833     41.000  1024.6619  50673.834    30.9176      1.315    7.70149     2.6424     2.6433    24.6557   13.73918 2.5733e-01      1.327 0.0000e+00
        166 108.918799    0.01146     0.6875     41.250  1024.6630  50675.866    30.9188      1.321    7.70155     2.6424     2.6427    24.6567   13.73925 2.5442e-01      1.333 0.0000e+00
        167 108.918802    0.01153     0.6917     41.500  1024.6645  50678.834    30.9207      1.315    7.70150     2.6427     2.6424    24.6582   13.73914 2.5413e-01      1.327 0.0000e+00
        168 108.918805    0.01160     0.6958     41.750  1024.6661  50681.953    30.9228      1.298    7.70137     2.6433     2.6425    24.6599   13.73891 2.5663e-01      1.310 0.0000e+00
        169 108.918808    0.01167     0.7000     42.000  1024.6673  50684.329    30.9245      1.271    7.70123     2.6442     2.6428    24.6613   13.73864 2.6066e-01      1.283 0.0000e+00
        170 108.918811    0.01174     0.7042     42.250  1024.6676  50684.902    30.9250      1.239    7.70108     2.6452     2.6434    24.6617   13.73840 2.6483e-01      1.251 0.0000e+00
