CTD-processing/allCTD/CNV--homogene/2017_09-22_t9_s04_cast038.cnv
* Sea-Bird SBE19plus Data File:
* FileName = C:\Users\Kim.Powell\Desktop\Not Processed\2017\2017_09-22\2017_09-22_TRANSECT_STATION_cast038.hex
* Software Version 1.59
* Temperature SN =  4141
* Conductivity SN =  4141
* System UpLoad Time = Oct 11 2017 10:51:08
** 2017_09-22
** Station: 9-04
** Start Time: 15:15
** Depth (m): 96
** Comment:
** Comment:
# nquan = 17
# nvalues = 728                         
# units = specified
# name 0 = scan: Scan Count
# name 1 = timeJ: Julian Days
# name 2 = timeH: Time, Elapsed [hours]
# name 3 = timeM: Time, Elapsed [minutes]
# name 4 = timeS: Time, Elapsed [seconds]
# name 5 = density00: Density [density, kg/m^3]
# name 6 = specc: Specific Conductance [uS/cm]
# name 7 = sal00: Salinity, Practical [PSU]
# name 8 = depSM: Depth [salt water, m], lat = 59.00
# name 9 = oxsolML/L: Oxygen Saturation, Garcia & Gordon [ml/l]
# name 10 = potemp090C: Potential Temperature [ITS-90, deg C]
# name 11 = tv290C: Temperature [ITS-90, deg C]
# name 12 = sigma-é00: Density [sigma-theta, kg/m^3]
# name 13 = n2satML/L: Nitrogen Saturation [ml/l]
# name 14 = par: PAR/Irradiance, Biospherical/Licor
# name 15 = prdM: Pressure, Strain Gauge [db]
# name 16 = flag:  0.000e+00
# span 0 =          1,        728       
# span 1 = 265.636181, 265.638284       
# span 2 =    0.00000,    0.05049       
# span 3 =     0.0000,     3.0292       
# span 4 =      0.000,    181.750       
# span 5 =  1010.7569,  1024.0916       
# span 6 =  23575.442,  48586.919       
# span 7 =    14.3619,    30.8449       
# span 8 =      0.102,     89.656       
# span 9 =    6.37452,    7.05668       
# span 10 =    10.1617,    11.2265      
# span 11 =    10.1716,    11.2267      
# span 12 =    10.7564,    23.6831      
# span 13 =   11.55480,   12.89630      
# span 14 = 5.0700e-02, 8.6061e+01      
# span 15 =      0.103,     90.522      
# span 16 = 0.0000e+00, 0.0000e+00      
# interval = seconds: 0.25
# start_time = Sep 22 2017 15:16:06 [Instrument's time stamp, header]
# bad_flag = -9.990e-29
*END*
[from data line 511]
        512 265.637659    0.03549     2.1292    127.750  1023.5243  47963.007    30.4872     46.277    6.39954    10.7056    10.7158    23.3131   11.59174 5.1171e-02     46.719 0.0000e+00
        513 265.637662    0.03556     2.1333    128.000  1023.5275  47966.928    30.4896     46.470    6.39978    10.7029    10.7134    23.3154   11.59211 5.1140e-02     46.914 0.0000e+00
        514 265.637665    0.03562     2.1375    128.250  1023.5307  47970.855    30.4920     46.668    6.40002    10.6997    10.7110    23.3177   11.59247 5.1107e-02     47.115 0.0000e+00
        515 265.637668    0.03569     2.1417    128.500  1023.5341  47975.051    30.4945     46.870    6.40028    10.6958    10.7083    23.3201   11.59288 5.1070e-02     47.318 0.0000e+00
        516 265.637671    0.03576     2.1458    128.750  1023.5379  47979.944    30.4975     47.074    6.40060    10.6912    10.7051    23.3230   11.59336 5.1029e-02     47.524 0.0000e+00
        517 265.637674    0.03583     2.1500    129.000  1023.5424  47985.970    30.5013     47.280    6.40098    10.6859    10.7013    23.3266   11.59395 5.1018e-02     47.732 0.0000e+00
        518 265.637677    0.03590     2.1542    129.250  1023.5478  47993.684    30.5061     47.487    6.40142    10.6800    10.6967    23.3311   11.59463 5.1050e-02     47.941 0.0000e+00
        519 265.637679    0.03597     2.1583    129.500  1023.5543  48003.149    30.5121     47.696    6.40192    10.6744    10.6913    23.3367   11.59538 5.1109e-02     48.152 0.0000e+00
        520 265.637682    0.03604     2.1625    129.750  1023.5613  48013.317    30.5185     47.908    6.40246    10.6696    10.6855    23.3426   11.59621 5.1161e-02     48.366 0.0000e+00
        521 265.637685    0.03611     2.1667    130.000  1023.5679  48022.851    30.5245     48.122    6.40300    10.6659    10.6799    23.3482   11.59703 5.1174e-02     48.582 0.0000e+00
        522 265.637688    0.03618     2.1708    130.250  1023.5738  48031.126    30.5297     48.337    6.40344    10.6632    10.6751    23.3531   11.59771 5.1183e-02     48.799 0.0000e+00
        523 265.637691    0.03625     2.1750    130.500  1023.5789  48038.288    30.5343     48.551    6.40376    10.6612    10.6715    23.3573   11.59818 5.1199e-02     49.015 0.0000e+00
        524 265.637694    0.03632     2.1792    130.750  1023.5834  48044.562    30.5383     48.762    6.40397    10.6596    10.6688    23.3609   11.59847 5.1206e-02     49.228 0.0000e+00
        525 265.637697    0.03639     2.1833    131.000  1023.5873  48049.721    30.5416     48.970    6.40411    10.6584    10.6668    23.3638   11.59867 5.1220e-02     49.438 0.0000e+00
        526 265.637700    0.03646     2.1875    131.250  1023.5904  48053.547    30.5441     49.174    6.40423    10.6574    10.6653    23.3660   11.59884 5.1231e-02     49.644 0.0000e+00
        527 265.637703    0.03653     2.1917    131.500  1023.5927  48056.108    30.5456     49.376    6.40433    10.6567    10.6641    23.3674   11.59899 5.1238e-02     49.848 0.0000e+00
        528 265.637705    0.03660     2.1958    131.750  1023.5945  48057.556    30.5465     49.579    6.40442    10.6561    10.6632    23.3682   11.59913 5.1249e-02     50.053 0.0000e+00
        529 265.637708    0.03667     2.2000    132.000  1023.5957  48058.010    30.5466     49.784    6.40451    10.6556    10.6625    23.3685   11.59927 5.1239e-02     50.260 0.0000e+00
        530 265.637711    0.03674     2.2042    132.250  1023.5964  48057.696    30.5462     49.990    6.40461    10.6551    10.6619    23.3683   11.59944 5.1211e-02     50.468 0.0000e+00
        531 265.637714    0.03681     2.2083    132.500  1023.5970  48057.124    30.5457     50.195    6.40470    10.6547    10.6613    23.3680   11.59960 5.1188e-02     50.675 0.0000e+00
        532 265.637717    0.03687     2.2125    132.750  1023.5978  48056.820    30.5454     50.398    6.40477    10.6544    10.6609    23.3678   11.59973 5.1162e-02     50.880 0.0000e+00
        533 265.637720    0.03694     2.2167    133.000  1023.5987  48056.905    30.5453     50.597    6.40483    10.6542    10.6605    23.3678   11.59982 5.1133e-02     51.081 0.0000e+00
        534 265.637723    0.03701     2.2208    133.250  1023.5997  48057.155    30.5454     50.791    6.40486    10.6540    10.6603    23.3679   11.59987 5.1118e-02     51.277 0.0000e+00
        535 265.637726    0.03708     2.2250    133.500  1023.6008  48057.631    30.5456     50.980    6.40488    10.6537    10.6601    23.3681   11.59990 5.1124e-02     51.468 0.0000e+00
        536 265.637729    0.03715     2.2292    133.750  1023.6021  48058.606    30.5462     51.167    6.40489    10.6531    10.6599    23.3686   11.59990 5.1148e-02     51.656 0.0000e+00
        537 265.637731    0.03722     2.2333    134.000  1023.6038  48060.212    30.5472     51.352    6.40489    10.6524    10.6596    23.3694   11.59990 5.1158e-02     51.843 0.0000e+00
        538 265.637734    0.03729     2.2375    134.250  1023.6059  48062.402    30.5486     51.540    6.40490    10.6516    10.6590    23.3706   11.59990 5.1119e-02     52.033 0.0000e+00
        539 265.637737    0.03736     2.2417    134.500  1023.6080  48064.789    30.5502     51.733    6.40494    10.6507    10.6583    23.3719   11.59994 5.1051e-02     52.228 0.0000e+00
        540 265.637740    0.03743     2.2458    134.750  1023.6102  48067.142    30.5516     51.933    6.40499    10.6499    10.6575    23.3732   11.60001 5.0998e-02     52.430 0.0000e+00
        541 265.637743    0.03750     2.2500    135.000  1023.6125  48069.576    30.5532     52.141    6.40504    10.6490    10.6567    23.3746   11.60008 5.0979e-02     52.639 0.0000e+00
        542 265.637746    0.03757     2.2542    135.250  1023.6149  48072.144    30.5548     52.356    6.40509    10.6481    10.6559    23.3760   11.60014 5.0992e-02     52.856 0.0000e+00
        543 265.637749    0.03764     2.2583    135.500  1023.6174  48074.845    30.5565     52.577    6.40514    10.6469    10.6550    23.3775   11.60019 5.1016e-02     53.080 0.0000e+00
        544 265.637752    0.03771     2.2625    135.750  1023.6200  48077.766    30.5583     52.802    6.40519    10.6454    10.6541    23.3791   11.60026 5.0991e-02     53.307 0.0000e+00
        545 265.637755    0.03778     2.2667    136.000  1023.6229  48081.164    30.5605     53.026    6.40526    10.6433    10.6530    23.3809   11.60035 5.0890e-02     53.534 0.0000e+00
        546 265.637758    0.03785     2.2708    136.250  1023.6262  48085.251    30.5631     53.247    6.40536    10.6407    10.6515    23.3832   11.60049 5.0818e-02     53.757 0.0000e+00
        547 265.637760    0.03792     2.2750    136.500  1023.6299  48089.878    30.5661     53.463    6.40552    10.6374    10.6494    23.3859   11.60072 5.0852e-02     53.974 0.0000e+00
        548 265.637763    0.03799     2.2792    136.750  1023.6337  48094.881    30.5693     53.670    6.40576    10.6334    10.6468    23.3888   11.60107 5.0930e-02     54.183 0.0000e+00
        549 265.637766    0.03806     2.2833    137.000  1023.6379  48100.433    30.5727     53.867    6.40606    10.6286    10.6436    23.3920   11.60154 5.0986e-02     54.383 0.0000e+00
        550 265.637769    0.03812     2.2875    137.250  1023.6425  48106.774    30.5767     54.057    6.40646    10.6235    10.6396    23.3957   11.60215 5.1015e-02     54.575 0.0000e+00
        551 265.637772    0.03819     2.2917    137.500  1023.6475  48113.831    30.5810     54.242    6.40694    10.6188    10.6349    23.3999   11.60289 5.1024e-02     54.761 0.0000e+00
        552 265.637775    0.03826     2.2958    137.750  1023.6527  48121.168    30.5855     54.424    6.40746    10.6146    10.6298    23.4043   11.60370 5.1027e-02     54.945 0.0000e+00
        553 265.637778    0.03833     2.3000    138.000  1023.6577  48128.172    30.5898     54.607    6.40794    10.6111    10.6251    23.4084   11.60445 5.1041e-02     55.130 0.0000e+00
        554 265.637781    0.03840     2.3042    138.250  1023.6621  48134.084    30.5934     54.795    6.40836    10.6076    10.6209    23.4119   11.60511 5.1069e-02     55.319 0.0000e+00
        555 265.637784    0.03847     2.3083    138.500  1023.6656  48138.511    30.5960     54.989    6.40875    10.6040    10.6174    23.4146   11.60571 5.1111e-02     55.515 0.0000e+00
        556 265.637786    0.03854     2.3125    138.750  1023.6686  48142.021    30.5980     55.189    6.40914    10.6001    10.6140    23.4167   11.60634 5.1140e-02     55.718 0.0000e+00
        557 265.637789    0.03861     2.3167    139.000  1023.6717  48145.409    30.5999     55.394    6.40957    10.5963    10.6103    23.4188   11.60702 5.1122e-02     55.925 0.0000e+00
        558 265.637792    0.03868     2.3208    139.250  1023.6747  48148.831    30.6018     55.600    6.41002    10.5925    10.6065    23.4209   11.60776 5.1080e-02     56.132 0.0000e+00
        559 265.637795    0.03875     2.3250    139.500  1023.6777  48152.045    30.6036     55.803    6.41049    10.5884    10.6027    23.4229   11.60850 5.1050e-02     56.337 0.0000e+00
        560 265.637798    0.03882     2.3292    139.750  1023.6803  48154.692    30.6049     56.002    6.41096    10.5836    10.5989    23.4246   11.60927 5.1044e-02     56.539 0.0000e+00
        561 265.637801    0.03889     2.3333    140.000  1023.6825  48156.633    30.6057     56.198    6.41149    10.5774    10.5949    23.4260   11.61014 5.1059e-02     56.736 0.0000e+00
        562 265.637804    0.03896     2.3375    140.250  1023.6847  48158.497    30.6064     56.391    6.41213    10.5698    10.5900    23.4273   11.61120 5.1082e-02     56.931 0.0000e+00
        563 265.637807    0.03903     2.3417    140.500  1023.6874  48161.098    30.6074     56.583    6.41294    10.5611    10.5839    23.4291   11.61253 5.1103e-02     57.125 0.0000e+00
        564 265.637810    0.03910     2.3458    140.750  1023.6911  48165.088    30.6093     56.778    6.41392    10.5520    10.5763    23.4318   11.61413 5.1100e-02     57.322 0.0000e+00
        565 265.637813    0.03917     2.3500    141.000  1023.6958  48170.930    30.6123     56.978    6.41500    10.5435    10.5676    23.4356   11.61589 5.1074e-02     57.523 0.0000e+00
        566 265.637815    0.03924     2.3542    141.250  1023.7013  48178.163    30.6163     57.182    6.41610    10.5361    10.5586    23.4402   11.61767 5.1038e-02     57.730 0.0000e+00
        567 265.637818    0.03931     2.3583    141.500  1023.7070  48185.638    30.6205     57.393    6.41712    10.5299    10.5501    23.4449   11.61929 5.0978e-02     57.942 0.0000e+00
        568 265.637821    0.03938     2.3625    141.750  1023.7121  48192.330    30.6242     57.608    6.41799    10.5249    10.5427    23.4491   11.62070 5.0918e-02     58.160 0.0000e+00
        569 265.637824    0.03944     2.3667    142.000  1023.7166  48197.849    30.6273     57.826    6.41872    10.5210    10.5366    23.4526   11.62187 5.0914e-02     58.380 0.0000e+00
        570 265.637827    0.03951     2.3708    142.250  1023.7204  48202.376    30.6299     58.044    6.41930    10.5180    10.5316    23.4554   11.62281 5.0948e-02     58.600 0.0000e+00
        571 265.637830    0.03958     2.3750    142.500  1023.7237  48206.114    30.6320     58.261    6.41976    10.5158    10.5277    23.4577   11.62355 5.0985e-02     58.819 0.0000e+00
        572 265.637833    0.03965     2.3792    142.750  1023.7265  48209.058    30.6336     58.476    6.42011    10.5139    10.5247    23.4594   11.62410 5.1045e-02     59.036 0.0000e+00
        573 265.637836    0.03972     2.3833    143.000  1023.7287  48211.136    30.6347     58.687    6.42038    10.5123    10.5224    23.4607   11.62454 5.1093e-02     59.250 0.0000e+00
        574 265.637839    0.03979     2.3875    143.250  1023.7304  48212.467    30.6353     58.896    6.42061    10.5108    10.5206    23.4615   11.62490 5.1088e-02     59.460 0.0000e+00
        575 265.637841    0.03986     2.3917    143.500  1023.7318  48213.198    30.6356     59.100    6.42082    10.5089    10.5190    23.4620   11.62525 5.1091e-02     59.666 0.0000e+00
        576 265.637844    0.03993     2.3958    143.750  1023.7329  48213.411    30.6355     59.298    6.42104    10.5066    10.5175    23.4621   11.62562 5.1132e-02     59.866 0.0000e+00
        577 265.637847    0.04000     2.4000    144.000  1023.7339  48213.488    30.6352     59.490    6.42130    10.5039    10.5157    23.4622   11.62605 5.1171e-02     60.060 0.0000e+00
        578 265.637850    0.04007     2.4042    144.250  1023.7352  48214.046    30.6353     59.678    6.42161    10.5010    10.5134    23.4627   11.62658 5.1184e-02     60.250 0.0000e+00
        579 265.637853    0.04014     2.4083    144.500  1023.7370  48215.415    30.6359     59.864    6.42197    10.4979    10.5107    23.4636   11.62716 5.1174e-02     60.438 0.0000e+00
        580 265.637856    0.04021     2.4125    144.750  1023.7390  48217.252    30.6367     60.051    6.42234    10.4947    10.5078    23.4647   11.62776 5.1167e-02     60.626 0.0000e+00
        581 265.637859    0.04028     2.4167    145.000  1023.7409  48218.947    30.6375     60.239    6.42272    10.4909    10.5048    23.4658   11.62839 5.1182e-02     60.816 0.0000e+00
        582 265.637862    0.04035     2.4208    145.250  1023.7429  48220.524    30.6382     60.430    6.42315    10.4867    10.5015    23.4669   11.62909 5.1202e-02     61.009 0.0000e+00
        583 265.637865    0.04042     2.4250    145.500  1023.7451  48222.602    30.6391     60.623    6.42363    10.4822    10.4978    23.4682   11.62988 5.1173e-02     61.204 0.0000e+00
        584 265.637867    0.04049     2.4292    145.750  1023.7478  48225.348    30.6405     60.817    6.42416    10.4777    10.4936    23.4700   11.63074 5.1090e-02     61.400 0.0000e+00
        585 265.637870    0.04056     2.4333    146.000  1023.7506  48228.342    30.6420     61.013    6.42471    10.4732    10.4892    23.4719   11.63164 5.1007e-02     61.598 0.0000e+00
        586 265.637873    0.04063     2.4375    146.250  1023.7535  48231.448    30.6436     61.212    6.42528    10.4687    10.4847    23.4739   11.63255 5.0931e-02     61.799 0.0000e+00
        587 265.637876    0.04069     2.4417    146.500  1023.7564  48234.648    30.6452     61.413    6.42584    10.4643    10.4802    23.4759   11.63346 5.0856e-02     62.002 0.0000e+00
        588 265.637879    0.04076     2.4458    146.750  1023.7594  48237.837    30.6468     61.618    6.42640    10.4598    10.4757    23.4779   11.63437 5.0760e-02     62.209 0.0000e+00
        589 265.637882    0.04083     2.4500    147.000  1023.7624  48241.091    30.6485     61.828    6.42696    10.4556    10.4713    23.4800   11.63527 5.0700e-02     62.421 0.0000e+00
        590 265.637885    0.04090     2.4542    147.250  1023.7655  48244.423    30.6502     62.042    6.42750    10.4517    10.4669    23.4821   11.63615 5.0771e-02     62.637 0.0000e+00
        591 265.637888    0.04097     2.4583    147.500  1023.7686  48247.793    30.6520     62.257    6.42801    10.4484    10.4626    23.4842   11.63698 5.0913e-02     62.854 0.0000e+00
        592 265.637891    0.04104     2.4625    147.750  1023.7716  48251.200    30.6539     62.469    6.42847    10.4457    10.4588    23.4863   11.63772 5.1062e-02     63.068 0.0000e+00
        593 265.637894    0.04111     2.4667    148.000  1023.7746  48254.462    30.6557     62.675    6.42886    10.4437    10.4555    23.4883   11.63834 5.1147e-02     63.276 0.0000e+00
        594 265.637896    0.04118     2.4708    148.250  1023.7772  48257.286    30.6573     62.872    6.42916    10.4424    10.4528    23.4900   11.63883 5.1147e-02     63.475 0.0000e+00
        595 265.637899    0.04125     2.4750    148.500  1023.7793  48259.538    30.6586     63.058    6.42939    10.4414    10.4509    23.4913   11.63918 5.1140e-02     63.663 0.0000e+00
