CTD-processing/allCTD/CNV--homogene/2017_04-19_t7_s13_cast111.cnv
* Sea-Bird SBE19plus Data File:
* FileName = P:\My Documents\kasitsna\Research-KBL\Oceanography-AK\CTD-Data-ALL-to-2017-02\2017-CTD-KachemakBay-CookInlet\2017-04-19-CookInlet-Tran7-Augustine\2017-04-19-CookInlet-Tran7-cast111.hex
* Software Version 1.59
* Temperature SN =  4141
* Conductivity SN =  4141
* System UpLoad Time = Apr 19 2017 16:42:29
** Cook Inlet LTM Transect 7 Augustine west to east
** Date: 2017-04-19
** Station: (eg. 9-01): 7-13
** Start time (AKDT): 12:33
** Depth (m): 70.7
** Comment: R/V Alaska Dreamcatcher
** Comment:
# nquan = 17
# nvalues = 524                         
# units = specified
# name 0 = scan: Scan Count
# name 1 = timeJ: Julian Days
# name 2 = timeH: Time, Elapsed [hours]
# name 3 = timeM: Time, Elapsed [minutes]
# name 4 = timeS: Time, Elapsed [seconds]
# name 5 = density00: Density [density, kg/m^3]
# name 6 = specc: Specific Conductance [uS/cm]
# name 7 = sal00: Salinity, Practical [PSU]
# name 8 = depSM: Depth [salt water, m], lat = 59.00
# name 9 = oxsolML/L: Oxygen Saturation, Garcia & Gordon [ml/l]
# name 10 = potemp090C: Potential Temperature [ITS-90, deg C]
# name 11 = tv290C: Temperature [ITS-90, deg C]
# name 12 = sigma-é00: Density [sigma-theta, kg/m^3]
# name 13 = n2satML/L: Nitrogen Saturation [ml/l]
# name 14 = par: PAR/Irradiance, Biospherical/Licor
# name 15 = prdM: Pressure, Strain Gauge [db]
# name 16 = flag:  0.000e+00
# span 0 =          1,        524       
# span 1 = 109.523530, 109.525043       
# span 2 =    0.00000,    0.03632       
# span 3 =     0.0000,     2.1792       
# span 4 =      0.000,    130.750       
# span 5 =  1000.0437,  1025.7485       
# span 6 =    285.832,  51826.646       
# span 7 =     0.1313,    32.2929       
# span 8 =     -0.063,     70.326       
# span 9 =    7.17335,    8.67491       
# span 10 =     4.7886,     6.1352      
# span 11 =     4.7914,     6.1352      
# span 12 =     0.0440,    25.5209      
# span 13 =   12.85045,   15.81416      
# span 14 = 1.0891e-01, 1.8286e+03      
# span 15 =     -0.063,     71.003      
# span 16 = 0.0000e+00, 0.0000e+00      
# interval = seconds: 0.25
# start_time = Apr 19 2017 12:33:53 [Instrument's time stamp, header]
# bad_flag = -9.990e-29
*END*
[from data line 256]
        257 109.524271    0.01778     1.0667     64.000  1025.3851  51561.620    32.0938      2.965    7.21115     4.9689     5.0060    25.3712   12.91446 5.2332e+02      2.994 0.0000e+00
        258 109.524274    0.01785     1.0708     64.250  1025.3907  51571.918    32.0966      3.242    7.21429     4.9521     4.9870    25.3755   12.91962 4.9686e+02      3.273 0.0000e+00
        259 109.524277    0.01792     1.0750     64.500  1025.3962  51582.019    32.0995      3.517    7.21723     4.9362     4.9691    25.3797   12.92443 4.8800e+02      3.551 0.0000e+00
        260 109.524280    0.01799     1.0792     64.750  1025.4012  51591.040    32.1018      3.794    7.22001     4.9213     4.9523    25.3834   12.92899 4.9911e+02      3.830 0.0000e+00
        261 109.524282    0.01806     1.0833     65.000  1025.4062  51599.848    32.1043      4.071    7.22263     4.9076     4.9365    25.3871   12.93329 5.1945e+02      4.110 0.0000e+00
        262 109.524285    0.01812     1.0875     65.250  1025.4116  51609.463    32.1075      4.349    7.22506     4.8954     4.9216    25.3912   12.93725 5.2423e+02      4.390 0.0000e+00
        263 109.524288    0.01819     1.0917     65.500  1025.4177  51620.074    32.1116      4.628    7.22723     4.8849     4.9079    25.3959   12.94078 4.8909e+02      4.671 0.0000e+00
        264 109.524291    0.01826     1.0958     65.750  1025.4238  51630.683    32.1160      4.907    7.22912     4.8760     4.8957    25.4008   12.94385 4.4505e+02      4.953 0.0000e+00
        265 109.524294    0.01833     1.1000     66.000  1025.4294  51640.072    32.1200      5.187    7.23074     4.8685     4.8852    25.4051   12.94647 4.3044e+02      5.236 0.0000e+00
        266 109.524297    0.01840     1.1042     66.250  1025.4342  51647.760    32.1232      5.469    7.23212     4.8622     4.8764    25.4086   12.94871 4.3680e+02      5.520 0.0000e+00
        267 109.524300    0.01847     1.1083     66.500  1025.4381  51653.558    32.1254      5.749    7.23330     4.8568     4.8689    25.4111   12.95063 4.3519e+02      5.804 0.0000e+00
        268 109.524303    0.01854     1.1125     66.750  1025.4408  51657.135    32.1264      6.028    7.23434     4.8519     4.8627    25.4125   12.95233 4.1078e+02      6.085 0.0000e+00
        269 109.524306    0.01861     1.1167     67.000  1025.4420  51657.799    32.1255      6.305    7.23532     4.8470     4.8573    25.4124   12.95395 3.7496e+02      6.365 0.0000e+00
        270 109.524308    0.01868     1.1208     67.250  1025.4416  51655.507    32.1227      6.582    7.23630     4.8417     4.8524    25.4107   12.95562 3.4468e+02      6.644 0.0000e+00
        271 109.524311    0.01875     1.1250     67.500  1025.4404  51651.664    32.1188      6.858    7.23734     4.8357     4.8475    25.4082   12.95738 3.2738e+02      6.923 0.0000e+00
        272 109.524314    0.01882     1.1292     67.750  1025.4393  51648.301    32.1152      7.136    7.23844     4.8293     4.8422    25.4058   12.95924 3.2090e+02      7.203 0.0000e+00
        273 109.524317    0.01889     1.1333     68.000  1025.4395  51647.256    32.1130      7.414    7.23957     4.8229     4.8363    25.4047   12.96114 3.1777e+02      7.484 0.0000e+00
        274 109.524320    0.01896     1.1375     68.250  1025.4413  51649.185    32.1127      7.692    7.24069     4.8172     4.8299    25.4052   12.96300 3.1243e+02      7.764 0.0000e+00
        275 109.524323    0.01903     1.1417     68.500  1025.4444  51653.464    32.1141      7.970    7.24173     4.8124     4.8235    25.4070   12.96469 3.0395e+02      8.045 0.0000e+00
        276 109.524326    0.01910     1.1458     68.750  1025.4481  51658.796    32.1163      8.248    7.24262     4.8087     4.8178    25.4094   12.96613 2.9157e+02      8.326 0.0000e+00
        277 109.524329    0.01917     1.1500     69.000  1025.4518  51663.839    32.1186      8.528    7.24333     4.8060     4.8130    25.4117   12.96728 2.7654e+02      8.608 0.0000e+00
        278 109.524332    0.01924     1.1542     69.250  1025.4550  51667.950    32.1205      8.808    7.24388     4.8041     4.8094    25.4136   12.96816 2.6294e+02      8.890 0.0000e+00
        279 109.524334    0.01931     1.1583     69.500  1025.4577  51671.145    32.1219      9.086    7.24428     4.8027     4.8067    25.4150   12.96879 2.5235e+02      9.172 0.0000e+00
        280 109.524337    0.01938     1.1625     69.750  1025.4601  51673.556    32.1230      9.365    7.24456     4.8017     4.8047    25.4161   12.96925 2.4331e+02      9.453 0.0000e+00
        281 109.524340    0.01944     1.1667     70.000  1025.4621  51675.312    32.1237      9.646    7.24477     4.8010     4.8033    25.4169   12.96958 2.3759e+02      9.737 0.0000e+00
        282 109.524343    0.01951     1.1708     70.250  1025.4640  51676.561    32.1242      9.931    7.24491     4.8006     4.8024    25.4174   12.96981 2.3706e+02     10.025 0.0000e+00
        283 109.524346    0.01958     1.1750     70.500  1025.4656  51677.446    32.1246     10.220    7.24501     4.8003     4.8017    25.4177   12.96997 2.3773e+02     10.317 0.0000e+00
        284 109.524349    0.01965     1.1792     70.750  1025.4672  51678.185    32.1249     10.509    7.24508     4.8001     4.8013    25.4179   12.97007 2.3439e+02     10.609 0.0000e+00
        285 109.524352    0.01972     1.1833     71.000  1025.4688  51678.793    32.1251     10.796    7.24511     4.8000     4.8010    25.4181   12.97013 2.2518e+02     10.898 0.0000e+00
        286 109.524355    0.01979     1.1875     71.250  1025.4702  51679.174    32.1251     11.079    7.24513     4.8000     4.8009    25.4182   12.97016 2.1296e+02     11.184 0.0000e+00
        287 109.524358    0.01986     1.1917     71.500  1025.4716  51679.426    32.1252     11.358    7.24513     4.8000     4.8008    25.4182   12.97016 2.0315e+02     11.466 0.0000e+00
        288 109.524361    0.01993     1.1958     71.750  1025.4729  51679.624    32.1252     11.635    7.24513     4.8000     4.8009    25.4182   12.97015 1.9783e+02     11.745 0.0000e+00
        289 109.524363    0.02000     1.2000     72.000  1025.4741  51679.616    32.1250     11.908    7.24513     4.7999     4.8009    25.4181   12.97016 1.9495e+02     12.021 0.0000e+00
        290 109.524366    0.02007     1.2042     72.250  1025.4751  51679.346    32.1247     12.178    7.24514     4.7997     4.8009    25.4179   12.97019 1.9206e+02     12.293 0.0000e+00
        291 109.524369    0.02014     1.2083     72.500  1025.4761  51679.149    32.1244     12.444    7.24518     4.7994     4.8008    25.4177   12.97024 1.8825e+02     12.561 0.0000e+00
        292 109.524372    0.02021     1.2125     72.750  1025.4773  51679.336    32.1244     12.706    7.24522     4.7992     4.8006    25.4177   12.97031 1.8352e+02     12.826 0.0000e+00
        293 109.524375    0.02028     1.2167     73.000  1025.4787  51679.819    32.1245     12.967    7.24525     4.7991     4.8003    25.4178   12.97037 1.7795e+02     13.090 0.0000e+00
        294 109.524378    0.02035     1.2208     73.250  1025.4800  51680.239    32.1246     13.230    7.24528     4.7990     4.8001    25.4179   12.97041 1.7215e+02     13.355 0.0000e+00
        295 109.524381    0.02042     1.2250     73.500  1025.4812  51680.333    32.1245     13.494    7.24531     4.7988     4.8000    25.4179   12.97046 1.6700e+02     13.622 0.0000e+00
        296 109.524384    0.02049     1.2292     73.750  1025.4823  51680.260    32.1243     13.761    7.24534     4.7985     4.7999    25.4177   12.97051 1.6335e+02     13.891 0.0000e+00
        297 109.524387    0.02056     1.2333     74.000  1025.4834  51680.270    32.1241     14.028    7.24537     4.7982     4.7997    25.4176   12.97057 1.6099e+02     14.161 0.0000e+00
        298 109.524389    0.02063     1.2375     74.250  1025.4846  51680.332    32.1240     14.295    7.24542     4.7979     4.7995    25.4175   12.97065 1.5875e+02     14.430 0.0000e+00
        299 109.524392    0.02069     1.2417     74.500  1025.4857  51680.326    32.1238     14.560    7.24548     4.7974     4.7992    25.4174   12.97075 1.5636e+02     14.697 0.0000e+00
        300 109.524395    0.02076     1.2458     74.750  1025.4867  51680.217    32.1235     14.824    7.24556     4.7967     4.7989    25.4172   12.97088 1.5408e+02     14.964 0.0000e+00
        301 109.524398    0.02083     1.2500     75.000  1025.4877  51679.948    32.1231     15.089    7.24566     4.7959     4.7984    25.4169   12.97105 1.5160e+02     15.232 0.0000e+00
        302 109.524401    0.02090     1.2542     75.250  1025.4887  51679.774    32.1227     15.353    7.24579     4.7950     4.7978    25.4166   12.97127 1.4869e+02     15.499 0.0000e+00
        303 109.524404    0.02097     1.2583     75.500  1025.4900  51680.108    32.1226     15.616    7.24593     4.7942     4.7970    25.4167   12.97151 1.4550e+02     15.764 0.0000e+00
        304 109.524407    0.02104     1.2625     75.750  1025.4914  51680.815    32.1228     15.876    7.24607     4.7935     4.7961    25.4169   12.97175 1.4222e+02     16.027 0.0000e+00
        305 109.524410    0.02111     1.2667     76.000  1025.4929  51681.641    32.1230     16.134    7.24620     4.7929     4.7953    25.4172   12.97196 1.3888e+02     16.287 0.0000e+00
        306 109.524413    0.02118     1.2708     76.250  1025.4944  51682.518    32.1233     16.389    7.24631     4.7924     4.7946    25.4175   12.97212 1.3531e+02     16.545 0.0000e+00
        307 109.524416    0.02125     1.2750     76.500  1025.4959  51683.326    32.1236     16.645    7.24639     4.7921     4.7941    25.4178   12.97225 1.3158e+02     16.803 0.0000e+00
        308 109.524418    0.02132     1.2792     76.750  1025.4974  51683.965    32.1239     16.901    7.24645     4.7918     4.7936    25.4181   12.97235 1.2812e+02     17.061 0.0000e+00
        309 109.524421    0.02139     1.2833     77.000  1025.4987  51684.438    32.1240     17.156    7.24650     4.7916     4.7933    25.4182   12.97243 1.2501e+02     17.319 0.0000e+00
        310 109.524424    0.02146     1.2875     77.250  1025.5000  51684.836    32.1241     17.410    7.24654     4.7915     4.7930    25.4183   12.97250 1.2209e+02     17.575 0.0000e+00
        311 109.524427    0.02153     1.2917     77.500  1025.5013  51685.172    32.1241     17.665    7.24657     4.7913     4.7928    25.4183   12.97255 1.1924e+02     17.832 0.0000e+00
        312 109.524430    0.02160     1.2958     77.750  1025.5025  51685.398    32.1241     17.922    7.24660     4.7912     4.7927    25.4183   12.97260 1.1634e+02     18.092 0.0000e+00
        313 109.524433    0.02167     1.3000     78.000  1025.5037  51685.544    32.1240     18.182    7.24663     4.7911     4.7925    25.4183   12.97264 1.1334e+02     18.355 0.0000e+00
        314 109.524436    0.02174     1.3042     78.250  1025.5049  51685.713    32.1240     18.447    7.24665     4.7910     4.7924    25.4183   12.97268 1.1027e+02     18.622 0.0000e+00
        315 109.524439    0.02181     1.3083     78.500  1025.5062  51685.980    32.1240     18.715    7.24666     4.7909     4.7923    25.4183   12.97270 1.0716e+02     18.893 0.0000e+00
        316 109.524442    0.02187     1.3125     78.750  1025.5075  51686.244    32.1241     18.984    7.24667     4.7908     4.7923    25.4183   12.97272 1.0406e+02     19.164 0.0000e+00
        317 109.524444    0.02194     1.3167     79.000  1025.5087  51686.400    32.1240     19.252    7.24668     4.7908     4.7922    25.4183   12.97274 1.0102e+02     19.435 0.0000e+00
        318 109.524447    0.02201     1.3208     79.250  1025.5099  51686.511    32.1239     19.519    7.24669     4.7907     4.7922    25.4183   12.97275 9.8149e+01     19.704 0.0000e+00
        319 109.524450    0.02208     1.3250     79.500  1025.5112  51686.680    32.1239     19.785    7.24670     4.7907     4.7922    25.4183   12.97277 9.5495e+01     19.973 0.0000e+00
        320 109.524453    0.02215     1.3292     79.750  1025.5124  51686.911    32.1239     20.048    7.24671     4.7906     4.7921    25.4183   12.97278 9.2959e+01     20.238 0.0000e+00
        321 109.524456    0.02222     1.3333     80.000  1025.5137  51687.151    32.1239     20.308    7.24672     4.7906     4.7921    25.4183   12.97279 9.0454e+01     20.501 0.0000e+00
        322 109.524459    0.02229     1.3375     80.250  1025.5149  51687.384    32.1240     20.567    7.24672     4.7905     4.7920    25.4183   12.97280 8.7999e+01     20.762 0.0000e+00
        323 109.524462    0.02236     1.3417     80.500  1025.5161  51687.585    32.1240     20.827    7.24673     4.7905     4.7920    25.4183   12.97281 8.5559e+01     21.025 0.0000e+00
        324 109.524465    0.02243     1.3458     80.750  1025.5173  51687.735    32.1239     21.090    7.24673     4.7905     4.7920    25.4183   12.97281 8.3175e+01     21.290 0.0000e+00
        325 109.524468    0.02250     1.3500     81.000  1025.5185  51687.860    32.1239     21.356    7.24673     4.7905     4.7920    25.4183   12.97281 8.1025e+01     21.559 0.0000e+00
        326 109.524470    0.02257     1.3542     81.250  1025.5198  51688.037    32.1239     21.626    7.24672     4.7905     4.7920    25.4183   12.97281 7.9301e+01     21.831 0.0000e+00
        327 109.524473    0.02264     1.3583     81.500  1025.5211  51688.290    32.1239     21.898    7.24672     4.7905     4.7921    25.4183   12.97280 7.7927e+01     22.105 0.0000e+00
        328 109.524476    0.02271     1.3625     81.750  1025.5224  51688.543    32.1240     22.170    7.24671     4.7905     4.7921    25.4184   12.97279 7.6496e+01     22.380 0.0000e+00
        329 109.524479    0.02278     1.3667     82.000  1025.5237  51688.753    32.1240     22.442    7.24671     4.7904     4.7921    25.4184   12.97279 7.4861e+01     22.655 0.0000e+00
        330 109.524482    0.02285     1.3708     82.250  1025.5250  51688.945    32.1240     22.713    7.24672     4.7904     4.7920    25.4184   12.97280 7.3136e+01     22.928 0.0000e+00
        331 109.524485    0.02292     1.3750     82.500  1025.5263  51689.159    32.1240     22.983    7.24672     4.7904     4.7920    25.4184   12.97280 7.1292e+01     23.202 0.0000e+00
        332 109.524488    0.02299     1.3792     82.750  1025.5276  51689.432    32.1240     23.255    7.24672     4.7903     4.7920    25.4184   12.97280 6.9317e+01     23.476 0.0000e+00
        333 109.524491    0.02306     1.3833     83.000  1025.5289  51689.715    32.1241     23.527    7.24672     4.7903     4.7920    25.4184   12.97280 6.7291e+01     23.750 0.0000e+00
        334 109.524494    0.02313     1.3875     83.250  1025.5301  51689.840    32.1240     23.796    7.24673     4.7902     4.7920    25.4184   12.97281 6.5248e+01     24.022 0.0000e+00
        335 109.524497    0.02319     1.3917     83.500  1025.5312  51689.791    32.1239     24.062    7.24674     4.7902     4.7920    25.4182   12.97283 6.3271e+01     24.291 0.0000e+00
        336 109.524499    0.02326     1.3958     83.750  1025.5323  51689.737    32.1237     24.323    7.24675     4.7901     4.7919    25.4181   12.97285 6.1439e+01     24.554 0.0000e+00
        337 109.524502    0.02333     1.4000     84.000  1025.5334  51689.752    32.1236     24.579    7.24676     4.7900     4.7919    25.4180   12.97288 5.9698e+01     24.812 0.0000e+00
        338 109.524505    0.02340     1.4042     84.250  1025.5346  51689.836    32.1235     24.830    7.24678     4.7899     4.7918    25.4180   12.97291 5.8002e+01     25.066 0.0000e+00
        339 109.524508    0.02347     1.4083     84.500  1025.5357  51690.001    32.1234     25.079    7.24679     4.7898     4.7917    25.4180   12.97293 5.6361e+01     25.317 0.0000e+00
        340 109.524511    0.02354     1.4125     84.750  1025.5369  51690.253    32.1235     25.324    7.24680     4.7897     4.7917    25.4180   12.97295 5.4826e+01     25.564 0.0000e+00
