CTD-processing/allCTD/CNV--homogene/2017_02-07_t9_s06_cast030.cnv
* Sea-Bird SBE19plus Data File:
* FileName = C:\Users\jwschloemer\Documents\CTD Data\2017_02_07_T9\2017_02_07_T9_cast030.hex
* Software Version 1.59
* Temperature SN =  4141
* Conductivity SN =  4141
* System UpLoad Time = Mar 06 2017 11:08:31
** Cook Inlet LTM Homer Along Bay
** Date: 2017-01-11
** Station:06
** Start Time (AKST):11:17
** Depth (m):104
** Comment: R/V Edgecumbe
# nquan = 17
# nvalues = 1033                        
# units = specified
# name 0 = scan: Scan Count
# name 1 = timeJ: Julian Days
# name 2 = timeH: Time, Elapsed [hours]
# name 3 = timeM: Time, Elapsed [minutes]
# name 4 = timeS: Time, Elapsed [seconds]
# name 5 = density00: Density [density, kg/m^3]
# name 6 = specc: Specific Conductance [uS/cm]
# name 7 = sal00: Salinity, Practical [PSU]
# name 8 = depSM: Depth [salt water, m], lat = 59.00
# name 9 = oxsolML/L: Oxygen Saturation, Garcia & Gordon [ml/l]
# name 10 = potemp090C: Potential Temperature [ITS-90, deg C]
# name 11 = tv290C: Temperature [ITS-90, deg C]
# name 12 = sigma-é00: Density [sigma-theta, kg/m^3]
# name 13 = n2satML/L: Nitrogen Saturation [ml/l]
# name 14 = par: PAR/Irradiance, Biospherical/Licor
# name 15 = prdM: Pressure, Strain Gauge [db]
# name 16 = flag:  0.000e+00
# span 0 =          1,       1033       
# span 1 =  38.471192,  38.474178       
# span 2 =    0.00000,    0.07167       
# span 3 =     0.0000,     4.3000       
# span 4 =      0.000,    258.000       
# span 5 =  1000.8237,  1025.5296       
# span 6 =   2147.851,  51234.959       
# span 7 =     1.0609,    31.6905       
# span 8 =      0.046,     93.195       
# span 9 =    7.29339,    9.35558       
# span 10 =     2.4781,     4.6424      
# span 11 =     2.4782,     4.6482      
# span 12 =     0.8235,    25.0971      
# span 13 =   13.05553,   16.94110      
# span 14 = 3.6382e-02, 1.1251e+02      
# span 15 =      0.046,     94.096      
# span 16 = 0.0000e+00, 0.0000e+00      
# interval = seconds: 0.25
# start_time = Feb 07 2017 11:18:31 [Instrument's time stamp, header]
# bad_flag = -9.990e-29
*END*
          1  38.471192    0.00000     0.0000      0.000  1001.0601   2735.897     1.3540      0.046    9.33771     2.9814     2.9805     1.0599   16.90604 1.0955e+02      0.046 0.0000e+00
          2  38.471195    0.00007     0.0042      0.250  1001.0228   2646.307     1.3076      0.046    9.34055     2.9820     2.9809     1.0226   16.91159 1.0942e+02      0.046 0.0000e+00
          3  38.471198    0.00014     0.0083      0.500  1000.9852   2555.826     1.2609      0.046    9.34339     2.9826     2.9814     0.9850   16.91715 1.0919e+02      0.046 0.0000e+00
          4  38.471201    0.00021     0.0125      0.750  1000.9558   2484.882     1.2245      0.046    9.34557     2.9831     2.9820     0.9556   16.92142 1.0894e+02      0.046 0.0000e+00
          5  38.471204    0.00028     0.0167      1.000  1000.9291   2419.603     1.1913      0.046    9.34754     2.9837     2.9826     0.9289   16.92530 1.0868e+02      0.046 0.0000e+00
          6  38.471207    0.00035     0.0208      1.250  1000.8982   2343.452     1.1530      0.046    9.34986     2.9842     2.9831     0.8980   16.92985 1.0845e+02      0.046 0.0000e+00
          7  38.471209    0.00042     0.0250      1.500  1000.8639   2257.728     1.1104      0.046    9.35247     2.9847     2.9837     0.8637   16.93496 1.0852e+02      0.046 0.0000e+00
          8  38.471212    0.00049     0.0292      1.750  1000.8357   2184.919     1.0756      0.046    9.35463     2.9851     2.9842     0.8355   16.93920 1.0910e+02      0.046 0.0000e+00
          9  38.471215    0.00056     0.0333      2.000  1000.8237   2147.851     1.0609      0.046    9.35558     2.9852     2.9847     0.8235   16.94110 1.1004e+02      0.046 0.0000e+00
         10  38.471218    0.00063     0.0375      2.250  1000.8319   2154.388     1.0715      0.047    9.35504     2.9850     2.9851     0.8317   16.94012 1.1112e+02      0.047 0.0000e+00
         11  38.471221    0.00069     0.0417      2.500  1000.8664   2215.764     1.1151      0.048    9.35261     2.9843     2.9852     0.8662   16.93550 1.1205e+02      0.048 0.0000e+00
         12  38.471224    0.00076     0.0458      2.750  1000.9418   2361.168     1.2098      0.050    9.34728     2.9826     2.9850     0.9416   16.92526 1.1251e+02      0.050 0.0000e+00
         13  38.471227    0.00083     0.0500      3.000  1001.0861   2649.077     1.3909      0.053    9.33704     2.9793     2.9843     1.0859   16.90551 1.1231e+02      0.053 0.0000e+00
         14  38.471230    0.00090     0.0542      3.250  1001.3448   3173.235     1.7153      0.057    9.31862     2.9735     2.9826     1.3446   16.86998 1.1142e+02      0.058 0.0000e+00
         15  38.471233    0.00097     0.0583      3.500  1001.7899   4080.794     2.2733      0.065    9.28693     2.9635     2.9793     1.7896   16.80878 1.0976e+02      0.065 0.0000e+00
         16  38.471236    0.00104     0.0625      3.750  1002.5438   5622.829     3.2181      0.078    9.23326     2.9464     2.9735     2.5435   16.70510 1.0724e+02      0.078 0.0000e+00
         17  38.471238    0.00111     0.0667      4.000  1003.8103   8217.287     4.8053      0.099    9.14312     2.9175     2.9635     3.8098   16.53095 1.0405e+02      0.099 0.0000e+00
         18  38.471241    0.00118     0.0708      4.250  1005.9261  12553.671     7.4567      0.134    8.99258     2.8702     2.9464     5.9255   16.24008 1.0019e+02      0.134 0.0000e+00
         19  38.471244    0.00125     0.0750      4.500  1009.4558  19789.037    11.8800      0.192    8.74152     2.8038     2.9175     9.4548   15.75494 9.5335e+01      0.193 0.0000e+00
         20  38.471247    0.00132     0.0792      4.750  1014.0704  29219.008    17.6621      0.281    8.41635     2.7304     2.8702    14.0691   15.12632 8.8838e+01      0.283 0.0000e+00
         21  38.471250    0.00139     0.0833      5.000  1018.1321  37467.074    22.7488      0.393    8.13721     2.6663     2.8038    18.1302   14.58568 7.9863e+01      0.396 0.0000e+00
         22  38.471253    0.00146     0.0875      5.250  1020.7923  42844.132    26.0774      0.508    7.96149     2.6198     2.7304    20.7899   14.24389 6.9540e+01      0.513 0.0000e+00
         23  38.471256    0.00153     0.0917      5.500  1022.4111  46117.465    28.1009      0.608    7.85852     2.5902     2.6664    22.4082   14.04254 6.0897e+01      0.614 0.0000e+00
         24  38.471259    0.00160     0.0958      5.750  1023.3945  48106.021    29.3293      0.688    7.79755     2.5729     2.6199    23.3913   13.92286 5.5080e+01      0.694 0.0000e+00
         25  38.471262    0.00167     0.1000      6.000  1023.9896  49308.663    30.0722      0.752    7.76098     2.5635     2.5903    23.9860   13.85099 5.1338e+01      0.759 0.0000e+00
         26  38.471264    0.00174     0.1042      6.250  1024.3481  50032.867    30.5199      0.806    7.73884     2.5588     2.5730    24.3443   13.80754 4.9015e+01      0.814 0.0000e+00
         27  38.471267    0.00181     0.1083      6.500  1024.5638  50468.094    30.7892      0.845    7.72535     2.5572     2.5635    24.5597   13.78111 4.8014e+01      0.853 0.0000e+00
         28  38.471270    0.00187     0.1125      6.750  1024.6935  50729.638    30.9514      0.866    7.71703     2.5575     2.5588    24.6894   13.76486 4.8147e+01      0.874 0.0000e+00
         29  38.471273    0.00194     0.1167      7.000  1024.7713  50886.113    31.0487      0.874    7.71181     2.5590     2.5572    24.7671   13.75474 4.8804e+01      0.882 0.0000e+00
         30  38.471276    0.00201     0.1208      7.250  1024.8177  50979.275    31.1069      0.877    7.70844     2.5614     2.5575    24.8135   13.74829 4.9666e+01      0.886 0.0000e+00
         31  38.471279    0.00208     0.1250      7.500  1024.8459  51035.389    31.1424      0.883    7.70614     2.5643     2.5590    24.8417   13.74394 5.0567e+01      0.891 0.0000e+00
         32  38.471282    0.00215     0.1292      7.750  1024.8635  51069.856    31.1646      0.891    7.70442     2.5670     2.5614    24.8592   13.74077 5.1318e+01      0.900 0.0000e+00
         33  38.471285    0.00222     0.1333      8.000  1024.8745  51090.946    31.1785      0.902    7.70308     2.5687     2.5643    24.8702   13.73834 5.1845e+01      0.911 0.0000e+00
         34  38.471288    0.00229     0.1375      8.250  1024.8806  51102.485    31.1864      0.912    7.70211     2.5688     2.5670    24.8763   13.73661 5.2189e+01      0.921 0.0000e+00
         35  38.471291    0.00236     0.1417      8.500  1024.8828  51106.607    31.1893      0.917    7.70161     2.5676     2.5687    24.8784   13.73574 5.2398e+01      0.926 0.0000e+00
         36  38.471293    0.00243     0.1458      8.750  1024.8826  51106.498    31.1891      0.916    7.70159     2.5659     2.5688    24.8782   13.73570 5.2486e+01      0.924 0.0000e+00
         37  38.471296    0.00250     0.1500      9.000  1024.8820  51105.937    31.1882      0.909    7.70185     2.5641     2.5676    24.8777   13.73614 5.2471e+01      0.917 0.0000e+00
         38  38.471299    0.00257     0.1542      9.250  1024.8822  51106.940    31.1884      0.900    7.70218     2.5626     2.5659    24.8779   13.73667 5.2183e+01      0.908 0.0000e+00
         39  38.471302    0.00264     0.1583      9.500  1024.8829  51108.878    31.1892      0.893    7.70247     2.5613     2.5641    24.8787   13.73714 5.1418e+01      0.901 0.0000e+00
         40  38.471305    0.00271     0.1625      9.750  1024.8834  51110.274    31.1897      0.892    7.70273     2.5600     2.5626    24.8792   13.73757 5.0317e+01      0.900 0.0000e+00
         41  38.471308    0.00278     0.1667     10.000  1024.8834  51110.693    31.1896      0.895    7.70299     2.5587     2.5613    24.8792   13.73800 4.9177e+01      0.903 0.0000e+00
         42  38.471311    0.00285     0.1708     10.250  1024.8833  51110.838    31.1893      0.901    7.70326     2.5575     2.5600    24.8791   13.73845 4.8277e+01      0.909 0.0000e+00
         43  38.471314    0.00292     0.1750     10.500  1024.8836  51111.578    31.1894      0.906    7.70351     2.5566     2.5587    24.8793   13.73885 4.7842e+01      0.914 0.0000e+00
         44  38.471317    0.00299     0.1792     10.750  1024.8841  51112.885    31.1900      0.907    7.70370     2.5559     2.5575    24.8798   13.73916 4.7739e+01      0.915 0.0000e+00
         45  38.471319    0.00306     0.1833     11.000  1024.8845  51113.862    31.1904      0.904    7.70385     2.5552     2.5566    24.8802   13.73941 4.7602e+01      0.912 0.0000e+00
         46  38.471322    0.00313     0.1875     11.250  1024.8845  51113.979    31.1903      0.899    7.70400     2.5547     2.5559    24.8802   13.73966 4.7254e+01      0.907 0.0000e+00
         47  38.471325    0.00319     0.1917     11.500  1024.8842  51113.614    31.1899      0.895    7.70414     2.5544     2.5553    24.8799   13.73990 4.6559e+01      0.903 0.0000e+00
         48  38.471328    0.00326     0.1958     11.750  1024.8840  51113.358    31.1896      0.894    7.70426     2.5544     2.5548    24.8797   13.74009 4.5491e+01      0.903 0.0000e+00
         49  38.471331    0.00333     0.2000     12.000  1024.8840  51113.505    31.1896      0.896    7.70431     2.5546     2.5545    24.8797   13.74019 4.4354e+01      0.904 0.0000e+00
         50  38.471334    0.00340     0.2042     12.250  1024.8842  51113.871    31.1898      0.898    7.70431     2.5550     2.5544    24.8799   13.74017 4.3546e+01      0.906 0.0000e+00
         51  38.471337    0.00347     0.2083     12.500  1024.8843  51114.015    31.1900      0.899    7.70425     2.5555     2.5547    24.8800   13.74008 4.3253e+01      0.907 0.0000e+00
         52  38.471340    0.00354     0.2125     12.750  1024.8842  51113.749    31.1899      0.898    7.70418     2.5561     2.5550    24.8799   13.73997 4.3324e+01      0.906 0.0000e+00
         53  38.471343    0.00361     0.2167     13.000  1024.8840  51113.243    31.1897      0.897    7.70410     2.5568     2.5555    24.8797   13.73983 4.3454e+01      0.905 0.0000e+00
         54  38.471345    0.00368     0.2208     13.250  1024.8839  51112.799    31.1896      0.897    7.70399     2.5576     2.5561    24.8796   13.73965 4.3393e+01      0.905 0.0000e+00
         55  38.471348    0.00375     0.2250     13.500  1024.8839  51112.595    31.1896      0.899    7.70385     2.5584     2.5569    24.8796   13.73941 4.3041e+01      0.907 0.0000e+00
         56  38.471351    0.00382     0.2292     13.750  1024.8840  51112.641    31.1899      0.903    7.70368     2.5591     2.5577    24.8797   13.73914 4.2433e+01      0.911 0.0000e+00
         57  38.471354    0.00389     0.2333     14.000  1024.8842  51112.847    31.1902      0.906    7.70352     2.5597     2.5584    24.8799   13.73886 4.1649e+01      0.914 0.0000e+00
         58  38.471357    0.00396     0.2375     14.250  1024.8844  51113.049    31.1905      0.904    7.70336     2.5605     2.5591    24.8801   13.73861 4.0833e+01      0.912 0.0000e+00
         59  38.471360    0.00403     0.2417     14.500  1024.8845  51113.111    31.1908      0.898    7.70322     2.5614     2.5598    24.8803   13.73837 4.0214e+01      0.906 0.0000e+00
         60  38.471363    0.00410     0.2458     14.750  1024.8845  51113.017    31.1909      0.889    7.70308     2.5626     2.5605    24.8803   13.73812 3.9972e+01      0.897 0.0000e+00
         61  38.471366    0.00417     0.2500     15.000  1024.8846  51112.955    31.1911      0.880    7.70289     2.5642     2.5614    24.8804   13.73781 4.0094e+01      0.889 0.0000e+00
         62  38.471369    0.00424     0.2542     15.250  1024.8848  51113.131    31.1916      0.876    7.70263     2.5659     2.5626    24.8807   13.73737 4.0396e+01      0.885 0.0000e+00
         63  38.471372    0.00431     0.2583     15.500  1024.8852  51113.401    31.1922      0.877    7.70229     2.5676     2.5642    24.8810   13.73682 4.0653e+01      0.886 0.0000e+00
         64  38.471374    0.00438     0.2625     15.750  1024.8855  51113.363    31.1926      0.883    7.70194     2.5691     2.5659    24.8812   13.73622 4.0725e+01      0.892 0.0000e+00
         65  38.471377    0.00444     0.2667     16.000  1024.8855  51112.873    31.1927      0.891    7.70161     2.5705     2.5676    24.8812   13.73568 4.0554e+01      0.899 0.0000e+00
         66  38.471380    0.00451     0.2708     16.250  1024.8854  51112.255    31.1927      0.896    7.70132     2.5720     2.5691    24.8811   13.73520 4.0174e+01      0.905 0.0000e+00
         67  38.471383    0.00458     0.2750     16.500  1024.8854  51112.006    31.1929      0.898    7.70104     2.5740     2.5705    24.8811   13.73474 3.9767e+01      0.906 0.0000e+00
         68  38.471386    0.00465     0.2792     16.750  1024.8859  51112.421    31.1936      0.894    7.70072     2.5767     2.5720    24.8816   13.73419 3.9540e+01      0.902 0.0000e+00
         69  38.471389    0.00472     0.2833     17.000  1024.8867  51113.530    31.1949      0.887    7.70025     2.5795     2.5740    24.8824   13.73341 3.9632e+01      0.895 0.0000e+00
         70  38.471392    0.00479     0.2875     17.250  1024.8878  51115.031    31.1966      0.879    7.69965     2.5816     2.5767    24.8836   13.73239 4.0201e+01      0.887 0.0000e+00
         71  38.471395    0.00486     0.2917     17.500  1024.8888  51116.099    31.1981      0.874    7.69902     2.5822     2.5795    24.8846   13.73134 4.1290e+01      0.882 0.0000e+00
         72  38.471398    0.00493     0.2958     17.750  1024.8891  51116.041    31.1987      0.873    7.69859     2.5809     2.5816    24.8849   13.73062 4.2546e+01      0.881 0.0000e+00
         73  38.471400    0.00500     0.3000     18.000  1024.8888  51115.411    31.1984      0.877    7.69849     2.5777     2.5822    24.8846   13.73046 4.3566e+01      0.885 0.0000e+00
         74  38.471403    0.00507     0.3042     18.250  1024.8888  51115.711    31.1982      0.886    7.69875     2.5735     2.5809    24.8846   13.73090 4.4161e+01      0.894 0.0000e+00
         75  38.471406    0.00514     0.3083     18.500  1024.8897  51118.131    31.1990      0.897    7.69932     2.5693     2.5777    24.8854   13.73181 4.4231e+01      0.906 0.0000e+00
         76  38.471409    0.00521     0.3125     18.750  1024.8917  51122.755    31.2010      0.906    7.70003     2.5659     2.5735    24.8873   13.73297 4.3881e+01      0.915 0.0000e+00
         77  38.471412    0.00528     0.3167     19.000  1024.8940  51128.189    31.2035      0.910    7.70072     2.5634     2.5693    24.8897   13.73406 4.3308e+01      0.919 0.0000e+00
         78  38.471415    0.00535     0.3208     19.250  1024.8956  51131.959    31.2051      0.906    7.70128     2.5611     2.5659    24.8912   13.73497 4.2693e+01      0.915 0.0000e+00
         79  38.471418    0.00542     0.3250     19.500  1024.8953  51132.195    31.2046      0.897    7.70179     2.5585     2.5634    24.8910   13.73582 4.2292e+01      0.906 0.0000e+00
         80  38.471421    0.00549     0.3292     19.750  1024.8934  51129.393    31.2021      0.888    7.70237     2.5554     2.5611    24.8892   13.73680 4.2311e+01      0.897 0.0000e+00
         81  38.471424    0.00556     0.3333     20.000  1024.8913  51126.172    31.1992      0.883    7.70302     2.5521     2.5585    24.8871   13.73792 4.2669e+01      0.892 0.0000e+00
         82  38.471427    0.00562     0.3375     20.250  1024.8902  51124.980    31.1976      0.885    7.70370     2.5489     2.5554    24.8860   13.73907 4.3017e+01      0.893 0.0000e+00
         83  38.471429    0.00569     0.3417     20.500  1024.8906  51126.474    31.1977      0.892    7.70434     2.5463     2.5521    24.8863   13.74012 4.3125e+01      0.900 0.0000e+00
         84  38.471432    0.00576     0.3458     20.750  1024.8922  51130.302    31.1994      0.902    7.70487     2.5444     2.5489    24.8880   13.74097 4.2930e+01      0.910 0.0000e+00
         85  38.471435    0.00583     0.3500     21.000  1024.8948  51135.754    31.2023      0.910    7.70522     2.5433     2.5463    24.8905   13.74151 4.2401e+01      0.918 0.0000e+00
