CTD-processing/allCTD/CNV--homogene/2017_04-18_t6_s12_cast081.cnv
* Sea-Bird SBE19plus Data File:
* FileName = P:\My Documents\kasitsna\Research-KBL\Oceanography-AK\CTD-Data-ALL-to-2017-02\2017-CTD-KachemakBay-CookInlet\2017-04-18-CookInlet-Tran6-Douglas\2017-04-18-CookInlet-Tran6-cast081.hex
* Software Version 1.59
* Temperature SN =  4141
* Conductivity SN =  4141
* System UpLoad Time = Apr 18 2017 22:59:51
** Cook Inlet LTM Transect 6 Douglas east to west
** Date: (YYYY-MM-DD): 2017-04-18
** Station: (eg. 9-01): 6-12
** Start time (AKDT): 16:16
** Depth (m): 140.2
** Comment: R/V Alaska Dreamcatcher
** Comment:
# nquan = 17
# nvalues = 756                         
# units = specified
# name 0 = scan: Scan Count
# name 1 = timeJ: Julian Days
# name 2 = timeH: Time, Elapsed [hours]
# name 3 = timeM: Time, Elapsed [minutes]
# name 4 = timeS: Time, Elapsed [seconds]
# name 5 = density00: Density [density, kg/m^3]
# name 6 = specc: Specific Conductance [uS/cm]
# name 7 = sal00: Salinity, Practical [PSU]
# name 8 = depSM: Depth [salt water, m], lat = 59.00
# name 9 = oxsolML/L: Oxygen Saturation, Garcia & Gordon [ml/l]
# name 10 = potemp090C: Potential Temperature [ITS-90, deg C]
# name 11 = tv290C: Temperature [ITS-90, deg C]
# name 12 = sigma-é00: Density [sigma-theta, kg/m^3]
# name 13 = n2satML/L: Nitrogen Saturation [ml/l]
# name 14 = par: PAR/Irradiance, Biospherical/Licor
# name 15 = prdM: Pressure, Strain Gauge [db]
# name 16 = flag:  0.000e+00
# span 0 =          1,        756       
# span 1 = 108.677778, 108.679962       
# span 2 =    0.00000,    0.05243       
# span 3 =     0.0000,     3.1458       
# span 4 =      0.000,    188.750       
# span 5 =  1000.0842,  1026.1683       
# span 6 =    299.042,  51907.015       
# span 7 =     0.1356,    32.3262       
# span 8 =     -0.057,    137.588       
# span 9 =    7.15014,    9.16081       
# span 10 =     4.0138,     5.2896      
# span 11 =     4.0121,     5.2984      
# span 12 =     0.0845,    25.5250      
# span 13 =   12.81081,   16.63017      
# span 14 = 3.6382e-02, 1.1896e+02      
# span 15 =     -0.058,    138.933      
# span 16 = 0.0000e+00, 0.0000e+00      
# interval = seconds: 0.25
# start_time = Apr 18 2017 16:16:00 [Instrument's time stamp, header]
# bad_flag = -9.990e-29
*END*
[from data line 426]
        427 108.679010    0.02958     1.7750    106.500  1025.6252  51658.346    32.1808     43.877    7.17487     5.1881     5.1929    25.4198   12.85345 1.7253e+00     44.296 0.0000e+00
        428 108.679013    0.02965     1.7792    106.750  1025.6270  51659.606    32.1814     44.140    7.17496     5.1872     5.1922    25.4203   12.85359 1.6728e+00     44.562 0.0000e+00
        429 108.679016    0.02972     1.7833    107.000  1025.6291  51661.429    32.1823     44.414    7.17505     5.1865     5.1914    25.4212   12.85373 1.6194e+00     44.838 0.0000e+00
        430 108.679019    0.02979     1.7875    107.250  1025.6315  51663.657    32.1835     44.699    7.17513     5.1859     5.1906    25.4222   12.85385 1.5648e+00     45.126 0.0000e+00
        431 108.679022    0.02986     1.7917    107.500  1025.6341  51666.237    32.1850     44.998    7.17518     5.1854     5.1899    25.4235   12.85391 1.5090e+00     45.428 0.0000e+00
        432 108.679025    0.02993     1.7958    107.750  1025.6372  51669.344    32.1868     45.311    7.17519     5.1851     5.1893    25.4250   12.85390 1.4527e+00     45.744 0.0000e+00
        433 108.679028    0.03000     1.8000    108.000  1025.6407  51673.311    32.1893     45.634    7.17515     5.1848     5.1889    25.4270   12.85380 1.3978e+00     46.070 0.0000e+00
        434 108.679031    0.03007     1.8042    108.250  1025.6449  51678.551    32.1927     45.963    7.17505     5.1847     5.1885    25.4297   12.85360 1.3464e+00     46.402 0.0000e+00
        435 108.679034    0.03014     1.8083    108.500  1025.6497  51684.761    32.1967     46.293    7.17490     5.1849     5.1883    25.4329   12.85329 1.2988e+00     46.735 0.0000e+00
        436 108.679036    0.03021     1.8125    108.750  1025.6545  51690.991    32.2009     46.620    7.17471     5.1855     5.1882    25.4362   12.85292 1.2539e+00     47.065 0.0000e+00
        437 108.679039    0.03028     1.8167    109.000  1025.6590  51696.632    32.2047     46.942    7.17449     5.1864     5.1884    25.4392   12.85251 1.2105e+00     47.390 0.0000e+00
        438 108.679042    0.03035     1.8208    109.250  1025.6629  51701.254    32.2078     47.255    7.17423     5.1876     5.1890    25.4416   12.85206 1.1686e+00     47.707 0.0000e+00
        439 108.679045    0.03042     1.8250    109.500  1025.6660  51704.425    32.2101     47.557    7.17396     5.1888     5.1900    25.4433   12.85158 1.1294e+00     48.012 0.0000e+00
        440 108.679048    0.03049     1.8292    109.750  1025.6683  51706.273    32.2115     47.847    7.17369     5.1900     5.1912    25.4443   12.85112 1.0938e+00     48.304 0.0000e+00
        441 108.679051    0.03056     1.8333    110.000  1025.6702  51707.325    32.2123     48.126    7.17344     5.1910     5.1924    25.4448   12.85068 1.0601e+00     48.586 0.0000e+00
        442 108.679054    0.03062     1.8375    110.250  1025.6718  51708.004    32.2129     48.399    7.17321     5.1920     5.1936    25.4452   12.85030 1.0272e+00     48.861 0.0000e+00
        443 108.679057    0.03069     1.8417    110.500  1025.6732  51708.492    32.2133     48.668    7.17301     5.1928     5.1947    25.4454   12.84996 9.9511e-01     49.134 0.0000e+00
        444 108.679060    0.03076     1.8458    110.750  1025.6746  51708.727    32.2135     48.939    7.17283     5.1935     5.1956    25.4455   12.84967 9.6355e-01     49.407 0.0000e+00
        445 108.679063    0.03083     1.8500    111.000  1025.6759  51708.927    32.2137     49.212    7.17268     5.1942     5.1965    25.4455   12.84941 9.3229e-01     49.683 0.0000e+00
        446 108.679065    0.03090     1.8542    111.250  1025.6775  51709.512    32.2142     49.492    7.17253     5.1949     5.1972    25.4458   12.84917 9.0130e-01     49.965 0.0000e+00
        447 108.679068    0.03097     1.8583    111.500  1025.6794  51710.642    32.2149     49.780    7.17237     5.1958     5.1979    25.4463   12.84889 8.7030e-01     50.256 0.0000e+00
        448 108.679071    0.03104     1.8625    111.750  1025.6816  51712.206    32.2160     50.081    7.17218     5.1969     5.1987    25.4471   12.84857 8.3910e-01     50.560 0.0000e+00
        449 108.679074    0.03111     1.8667    112.000  1025.6839  51713.899    32.2172     50.395    7.17197     5.1980     5.1997    25.4480   12.84820 8.0762e-01     50.877 0.0000e+00
        450 108.679077    0.03118     1.8708    112.250  1025.6863  51715.529    32.2184     50.720    7.17173     5.1991     5.2007    25.4488   12.84780 7.7657e-01     51.205 0.0000e+00
        451 108.679080    0.03125     1.8750    112.500  1025.6885  51716.948    32.2195     51.052    7.17149     5.2003     5.2018    25.4495   12.84738 7.4836e-01     51.540 0.0000e+00
        452 108.679083    0.03132     1.8792    112.750  1025.6907  51718.154    32.2204     51.389    7.17124     5.2015     5.2030    25.4501   12.84696 7.2158e-01     51.880 0.0000e+00
        453 108.679086    0.03139     1.8833    113.000  1025.6929  51719.435    32.2214     51.726    7.17099     5.2027     5.2042    25.4507   12.84653 6.9469e-01     52.221 0.0000e+00
        454 108.679089    0.03146     1.8875    113.250  1025.6952  51720.847    32.2225     52.057    7.17074     5.2040     5.2054    25.4514   12.84609 6.7026e-01     52.556 0.0000e+00
        455 108.679091    0.03153     1.8917    113.500  1025.6973  51722.036    32.2234     52.376    7.17048     5.2052     5.2067    25.4520   12.84565 6.4782e-01     52.877 0.0000e+00
        456 108.679094    0.03160     1.8958    113.750  1025.6990  51722.752    32.2240     52.676    7.17023     5.2063     5.2079    25.4524   12.84523 6.2656e-01     53.180 0.0000e+00
        457 108.679097    0.03167     1.9000    114.000  1025.7005  51723.212    32.2245     52.954    7.17000     5.2073     5.2091    25.4526   12.84485 6.0771e-01     53.460 0.0000e+00
        458 108.679100    0.03174     1.9042    114.250  1025.7020  51723.701    32.2249     53.211    7.16978     5.2083     5.2103    25.4528   12.84449 5.9136e-01     53.720 0.0000e+00
        459 108.679103    0.03181     1.9083    114.500  1025.7034  51724.298    32.2254     53.451    7.16958     5.2093     5.2113    25.4531   12.84415 5.7661e-01     53.962 0.0000e+00
        460 108.679106    0.03188     1.9125    114.750  1025.7049  51725.123    32.2261     53.678    7.16938     5.2103     5.2123    25.4536   12.84381 5.6255e-01     54.192 0.0000e+00
        461 108.679109    0.03194     1.9167    115.000  1025.7065  51726.332    32.2271     53.902    7.16916     5.2115     5.2133    25.4542   12.84343 5.4869e-01     54.418 0.0000e+00
        462 108.679112    0.03201     1.9208    115.250  1025.7085  51727.920    32.2283     54.130    7.16892     5.2129     5.2144    25.4551   12.84302 5.3468e-01     54.648 0.0000e+00
        463 108.679115    0.03208     1.9250    115.500  1025.7106  51729.815    32.2297     54.372    7.16864     5.2145     5.2156    25.4561   12.84255 5.1995e-01     54.893 0.0000e+00
        464 108.679117    0.03215     1.9292    115.750  1025.7131  51732.214    32.2315     54.636    7.16832     5.2166     5.2170    25.4574   12.84199 5.0330e-01     55.159 0.0000e+00
        465 108.679120    0.03222     1.9333    116.000  1025.7163  51735.725    32.2342     54.927    7.16791     5.2194     5.2186    25.4593   12.84128 4.8496e-01     55.453 0.0000e+00
        466 108.679123    0.03229     1.9375    116.250  1025.7209  51741.325    32.2383     55.243    7.16736     5.2235     5.2207    25.4623   12.84032 4.6692e-01     55.772 0.0000e+00
        467 108.679126    0.03236     1.9417    116.500  1025.7273  51750.204    32.2449     55.578    7.16657     5.2293     5.2236    25.4672   12.83892 4.4933e-01     56.110 0.0000e+00
        468 108.679129    0.03243     1.9458    116.750  1025.7352  51761.399    32.2533     55.923    7.16546     5.2363     5.2277    25.4734   12.83698 4.3109e-01     56.458 0.0000e+00
        469 108.679132    0.03250     1.9500    117.000  1025.7416  51769.899    32.2603     56.270    7.16413     5.2432     5.2335    25.4783   12.83470 4.1270e-01     56.808 0.0000e+00
        470 108.679135    0.03257     1.9542    117.250  1025.7446  51771.861    32.2630     56.611    7.16280     5.2490     5.2405    25.4796   12.83248 3.9525e-01     57.153 0.0000e+00
        471 108.679138    0.03264     1.9583    117.500  1025.7449  51769.094    32.2624     56.940    7.16165     5.2534     5.2475    25.4784   12.83058 3.8028e-01     57.485 0.0000e+00
        472 108.679141    0.03271     1.9625    117.750  1025.7444  51765.221    32.2609     57.248    7.16073     5.2565     5.2533    25.4765   12.82909 3.6824e-01     57.797 0.0000e+00
        473 108.679144    0.03278     1.9667    118.000  1025.7442  51762.072    32.2595     57.534    7.16005     5.2586     5.2577    25.4749   12.82798 3.5761e-01     58.085 0.0000e+00
        474 108.679146    0.03285     1.9708    118.250  1025.7444  51760.065    32.2586     57.798    7.15955     5.2601     5.2608    25.4739   12.82717 3.4768e-01     58.352 0.0000e+00
        475 108.679149    0.03292     1.9750    118.500  1025.7450  51758.990    32.2582     58.044    7.15920     5.2611     5.2630    25.4733   12.82660 3.3846e-01     58.600 0.0000e+00
        476 108.679152    0.03299     1.9792    118.750  1025.7458  51758.488    32.2581     58.279    7.15895     5.2619     5.2645    25.4731   12.82619 3.2941e-01     58.837 0.0000e+00
        477 108.679155    0.03306     1.9833    119.000  1025.7468  51758.368    32.2581     58.510    7.15877     5.2624     5.2656    25.4730   12.82589 3.2028e-01     59.071 0.0000e+00
        478 108.679158    0.03313     1.9875    119.250  1025.7480  51758.612    32.2583     58.745    7.15864     5.2628     5.2663    25.4731   12.82566 3.1112e-01     59.308 0.0000e+00
        479 108.679161    0.03319     1.9917    119.500  1025.7495  51759.285    32.2588     58.991    7.15852     5.2632     5.2669    25.4734   12.82546 3.0173e-01     59.557 0.0000e+00
        480 108.679164    0.03326     1.9958    119.750  1025.7512  51760.283    32.2594     59.255    7.15841     5.2636     5.2673    25.4739   12.82527 2.9181e-01     59.823 0.0000e+00
        481 108.679167    0.03333     2.0000    120.000  1025.7530  51761.292    32.2601     59.542    7.15831     5.2639     5.2677    25.4743   12.82510 2.8126e-01     60.112 0.0000e+00
        482 108.679170    0.03340     2.0042    120.250  1025.7548  51762.104    32.2606     59.850    7.15823     5.2642     5.2681    25.4747   12.82495 2.7057e-01     60.424 0.0000e+00
        483 108.679172    0.03347     2.0083    120.500  1025.7565  51762.738    32.2609     60.177    7.15815     5.2644     5.2684    25.4749   12.82482 2.6070e-01     60.754 0.0000e+00
        484 108.679175    0.03354     2.0125    120.750  1025.7583  51763.277    32.2612     60.515    7.15808     5.2645     5.2687    25.4751   12.82471 2.5142e-01     61.095 0.0000e+00
        485 108.679178    0.03361     2.0167    121.000  1025.7600  51763.699    32.2614     60.857    7.15803     5.2646     5.2689    25.4752   12.82463 2.4226e-01     61.441 0.0000e+00
        486 108.679181    0.03368     2.0208    121.250  1025.7616  51763.988    32.2614     61.199    7.15800     5.2646     5.2691    25.4752   12.82457 2.3380e-01     61.786 0.0000e+00
        487 108.679184    0.03375     2.0250    121.500  1025.7632  51764.223    32.2615     61.533    7.15798     5.2647     5.2693    25.4752   12.82454 2.2570e-01     62.123 0.0000e+00
        488 108.679187    0.03382     2.0292    121.750  1025.7647  51764.431    32.2615     61.855    7.15797     5.2647     5.2693    25.4752   12.82452 2.1778e-01     62.449 0.0000e+00
        489 108.679190    0.03389     2.0333    122.000  1025.7661  51764.607    32.2614     62.162    7.15796     5.2648     5.2694    25.4752   12.82450 2.1052e-01     62.758 0.0000e+00
        490 108.679193    0.03396     2.0375    122.250  1025.7675  51764.885    32.2615     62.453    7.15795     5.2649     5.2694    25.4753   12.82448 2.0378e-01     63.052 0.0000e+00
        491 108.679196    0.03403     2.0417    122.500  1025.7690  51765.365    32.2617     62.731    7.15792     5.2650     5.2695    25.4754   12.82444 1.9750e-01     63.333 0.0000e+00
        492 108.679198    0.03410     2.0458    122.750  1025.7705  51765.967    32.2620     63.003    7.15789     5.2651     5.2696    25.4756   12.82438 1.9162e-01     63.607 0.0000e+00
        493 108.679201    0.03417     2.0500    123.000  1025.7720  51766.620    32.2623     63.272    7.15786     5.2652     5.2697    25.4759   12.82432 1.8589e-01     63.879 0.0000e+00
        494 108.679204    0.03424     2.0542    123.250  1025.7735  51767.290    32.2627     63.541    7.15782     5.2653     5.2698    25.4761   12.82426 1.8026e-01     64.150 0.0000e+00
        495 108.679207    0.03431     2.0583    123.500  1025.7751  51767.994    32.2631     63.812    7.15778     5.2655     5.2699    25.4764   12.82419 1.7472e-01     64.424 0.0000e+00
        496 108.679210    0.03438     2.0625    123.750  1025.7768  51769.038    32.2637     64.087    7.15773     5.2659     5.2701    25.4769   12.82409 1.6907e-01     64.701 0.0000e+00
        497 108.679213    0.03444     2.0667    124.000  1025.7790  51770.727    32.2648     64.368    7.15763     5.2664     5.2703    25.4777   12.82392 1.6338e-01     64.985 0.0000e+00
        498 108.679216    0.03451     2.0708    124.250  1025.7814  51772.778    32.2661     64.656    7.15751     5.2670     5.2707    25.4788   12.82369 1.5784e-01     65.276 0.0000e+00
        499 108.679219    0.03458     2.0750    124.500  1025.7836  51774.551    32.2673     64.949    7.15736     5.2676     5.2712    25.4797   12.82344 1.5234e-01     65.573 0.0000e+00
        500 108.679222    0.03465     2.0792    124.750  1025.7855  51775.669    32.2681     65.246    7.15721     5.2682     5.2719    25.4802   12.82318 1.4712e-01     65.873 0.0000e+00
        501 108.679225    0.03472     2.0833    125.000  1025.7871  51776.178    32.2684     65.547    7.15708     5.2687     5.2725    25.4804   12.82296 1.4246e-01     66.176 0.0000e+00
        502 108.679227    0.03479     2.0875    125.250  1025.7885  51776.353    32.2685     65.851    7.15697     5.2691     5.2731    25.4804   12.82278 1.3844e-01     66.483 0.0000e+00
        503 108.679230    0.03486     2.0917    125.500  1025.7900  51776.499    32.2686     66.159    7.15688     5.2694     5.2737    25.4804   12.82263 1.3498e-01     66.794 0.0000e+00
        504 108.679233    0.03493     2.0958    125.750  1025.7915  51776.814    32.2688     66.470    7.15680     5.2697     5.2741    25.4805   12.82250 1.3131e-01     67.108 0.0000e+00
        505 108.679236    0.03500     2.1000    126.000  1025.7931  51777.274    32.2690     66.783    7.15673     5.2700     5.2745    25.4807   12.82237 1.2708e-01     67.424 0.0000e+00
        506 108.679239    0.03507     2.1042    126.250  1025.7948  51777.826    32.2693     67.095    7.15666     5.2703     5.2748    25.4809   12.82226 1.2280e-01     67.739 0.0000e+00
        507 108.679242    0.03514     2.1083    126.500  1025.7966  51778.580    32.2697     67.407    7.15659     5.2706     5.2751    25.4812   12.82214 1.1871e-01     68.054 0.0000e+00
        508 108.679245    0.03521     2.1125    126.750  1025.7985  51779.660    32.2704     67.720    7.15651     5.2710     5.2754    25.4816   12.82199 1.1471e-01     68.370 0.0000e+00
        509 108.679248    0.03528     2.1167    127.000  1025.8006  51781.005    32.2712     68.030    7.15641     5.2715     5.2757    25.4823   12.82182 1.1083e-01     68.683 0.0000e+00
        510 108.679251    0.03535     2.1208    127.250  1025.8026  51782.303    32.2720     68.335    7.15629     5.2720     5.2762    25.4829   12.82162 1.0736e-01     68.992 0.0000e+00
