CTD-processing/allCTD/CNV--homogene/2017_12-14_t9_s04south_cast123.cnv
* Sea-Bird SBE19plus Data File:
* FileName = C:\Users\Kim.Powell\Desktop\Not Processed\2017\2017_12-XX_4141\2017_12-14_TANSECT_STATION_cast123.hex
* Software Version 1.59
* Temperature SN =  4141
* Conductivity SN =  4141
* System UpLoad Time = Dec 18 2017 08:18:46
** 2017_12-14
** Station: 9-04south
** Start Time: 11:48
** Depth (m):97.5
** Comment: This cast was done on the other side of a convergence
** Comment:**CTD recorded date as April 18
# nquan = 17
# nvalues = 716                         
# units = specified
# name 0 = scan: Scan Count
# name 1 = timeJ: Julian Days
# name 2 = timeH: Time, Elapsed [hours]
# name 3 = timeM: Time, Elapsed [minutes]
# name 4 = timeS: Time, Elapsed [seconds]
# name 5 = density00: Density [density, kg/m^3]
# name 6 = specc: Specific Conductance [uS/cm]
# name 7 = sal00: Salinity, Practical [PSU]
# name 8 = depSM: Depth [salt water, m], lat = 59.00
# name 9 = oxsolML/L: Oxygen Saturation, Garcia & Gordon [ml/l]
# name 10 = potemp090C: Potential Temperature [ITS-90, deg C]
# name 11 = tv290C: Temperature [ITS-90, deg C]
# name 12 = sigma-é00: Density [sigma-theta, kg/m^3]
# name 13 = n2satML/L: Nitrogen Saturation [ml/l]
# name 14 = par: PAR/Irradiance, Biospherical/Licor
# name 15 = prdM: Pressure, Strain Gauge [db]
# name 16 = flag:  0.000e+00
# span 0 =          1,        716       
# span 1 = 108.492130, 108.494198       
# span 2 =    0.00000,    0.04965       
# span 3 =     0.0000,     2.9792       
# span 4 =      0.000,    178.750       
# span 5 =  1002.6421,  1025.0209       
# span 6 =   6275.151,  50120.102       
# span 7 =     3.3689,    31.4024       
# span 8 =     -0.148,     86.194       
# span 9 =    6.95449,    8.66177       
# span 10 =     4.4684,     6.7324      
# span 11 =     4.4684,     6.7398      
# span 12 =     2.6428,    24.6210      
# span 13 =   12.49925,   15.74125      
# span 14 = 3.6382e-02, 9.1852e+01      
# span 15 =     -0.149,     87.026      
# span 16 = 0.0000e+00, 0.0000e+00      
# interval = seconds: 0.25
# start_time = Apr 18 2017 11:48:40 [Instrument's time stamp, header]
# bad_flag = -9.990e-29
*END*
[from data line 86]
         87 108.492378    0.00597     0.3583     21.500  1022.5536  46375.772    28.4976      0.562    7.43630     4.7297     4.7297    22.5509   13.33341 4.9067e+01      0.568 0.0000e+00
         88 108.492381    0.00604     0.3625     21.750  1022.5645  46395.990    28.5113      0.569    7.43552     4.7292     4.7302    22.5618   13.33193 4.8572e+01      0.574 0.0000e+00
         89 108.492384    0.00611     0.3667     22.000  1022.5526  46373.849    28.4963      0.580    7.43635     4.7299     4.7298    22.5499   13.33351 4.8730e+01      0.586 0.0000e+00
         90 108.492387    0.00618     0.3708     22.250  1022.5282  46328.309    28.4654      0.584    7.43798     4.7324     4.7293    22.5255   13.33661 4.9383e+01      0.590 0.0000e+00
         91 108.492390    0.00625     0.3750     22.500  1022.5111  46296.409    28.4439      0.576    7.43893     4.7359     4.7300    22.5084   13.33846 5.0340e+01      0.582 0.0000e+00
         92 108.492393    0.00632     0.3792     22.750  1022.5086  46291.639    28.4412      0.558    7.43863     4.7391     4.7324    22.5060   13.33800 5.1401e+01      0.564 0.0000e+00
         93 108.492396    0.00639     0.3833     23.000  1022.5158  46304.830    28.4508      0.540    7.43752     4.7413     4.7359    22.5133   13.33604 5.1992e+01      0.545 0.0000e+00
         94 108.492399    0.00646     0.3875     23.250  1022.5241  46320.086    28.4617      0.530    7.43638     4.7421     4.7391    22.5217   13.33401 5.1928e+01      0.535 0.0000e+00
         95 108.492402    0.00653     0.3917     23.500  1022.5282  46327.400    28.4671      0.531    7.43572     4.7419     4.7413    22.5257   13.33285 5.1255e+01      0.537 0.0000e+00
         96 108.492405    0.00660     0.3958     23.750  1022.5280  46326.781    28.4668      0.542    7.43559     4.7414     4.7422    22.5254   13.33263 5.0175e+01      0.547 0.0000e+00
         97 108.492407    0.00667     0.4000     24.000  1022.5246  46320.347    28.4624      0.555    7.43585     4.7417     4.7419    22.5219   13.33312 4.9377e+01      0.560 0.0000e+00
         98 108.492410    0.00674     0.4042     24.250  1022.5190  46309.977    28.4553      0.565    7.43628     4.7432     4.7415    22.5164   13.33393 4.9097e+01      0.570 0.0000e+00
         99 108.492413    0.00681     0.4083     24.500  1022.5136  46299.723    28.4484      0.567    7.43658     4.7458     4.7418    22.5109   13.33451 4.9230e+01      0.573 0.0000e+00
        100 108.492416    0.00688     0.4125     24.750  1022.5101  46293.133    28.4443      0.561    7.43652     4.7484     4.7432    22.5074   13.33447 4.9877e+01      0.566 0.0000e+00
        101 108.492419    0.00694     0.4167     25.000  1022.5098  46292.330    28.4442      0.549    7.43607     4.7502     4.7458    22.5071   13.33372 5.0854e+01      0.554 0.0000e+00
        102 108.492422    0.00701     0.4208     25.250  1022.5127  46297.631    28.4483      0.538    7.43539     4.7508     4.7484    22.5101   13.33254 5.1687e+01      0.543 0.0000e+00
        103 108.492425    0.00708     0.4250     25.500  1022.5172  46305.841    28.4543      0.533    7.43476     4.7501     4.7502    22.5146   13.33143 5.1908e+01      0.539 0.0000e+00
        104 108.492428    0.00715     0.4292     25.750  1022.5207  46312.342    28.4588      0.538    7.43443     4.7488     4.7508    22.5181   13.33082 5.1531e+01      0.543 0.0000e+00
        105 108.492431    0.00722     0.4333     26.000  1022.5218  46314.286    28.4600      0.548    7.43449     4.7478     4.7502    22.5191   13.33090 5.1089e+01      0.553 0.0000e+00
        106 108.492433    0.00729     0.4375     26.250  1022.5202  46311.423    28.4578      0.558    7.43483     4.7478     4.7489    22.5175   13.33150 5.0984e+01      0.563 0.0000e+00
        107 108.492436    0.00736     0.4417     26.500  1022.5175  46306.518    28.4543      0.562    7.43519     4.7491     4.7478    22.5149   13.33215 5.1161e+01      0.568 0.0000e+00
        108 108.492439    0.00743     0.4458     26.750  1022.5156  46303.031    28.4519      0.560    7.43531     4.7513     4.7478    22.5130   13.33237 5.1609e+01      0.565 0.0000e+00
        109 108.492442    0.00750     0.4500     27.000  1022.5156  46302.830    28.4520      0.552    7.43506     4.7534     4.7492    22.5130   13.33195 5.2087e+01      0.558 0.0000e+00
        110 108.492445    0.00757     0.4542     27.250  1022.5177  46306.615    28.4550      0.544    7.43451     4.7546     4.7514    22.5151   13.33101 5.2068e+01      0.550 0.0000e+00
        111 108.492448    0.00764     0.4583     27.500  1022.5213  46313.191    28.4598      0.539    7.43390     4.7550     4.7535    22.5188   13.32993 5.1817e+01      0.544 0.0000e+00
        112 108.492451    0.00771     0.4625     27.750  1022.5249  46319.769    28.4645      0.536    7.43344     4.7548     4.7547    22.5224   13.32911 5.1774e+01      0.541 0.0000e+00
        113 108.492454    0.00778     0.4667     28.000  1022.5272  46324.027    28.4675      0.536    7.43324     4.7545     4.7550    22.5247   13.32874 5.2012e+01      0.541 0.0000e+00
        114 108.492457    0.00785     0.4708     28.250  1022.5277  46324.951    28.4681      0.536    7.43325     4.7543     4.7548    22.5252   13.32874 5.2437e+01      0.541 0.0000e+00
        115 108.492459    0.00792     0.4750     28.500  1022.5269  46323.400    28.4670      0.536    7.43335     4.7541     4.7546    22.5243   13.32892 5.2689e+01      0.541 0.0000e+00
        116 108.492462    0.00799     0.4792     28.750  1022.5259  46321.592    28.4657      0.536    7.43344     4.7539     4.7544    22.5233   13.32909 5.2679e+01      0.541 0.0000e+00
        117 108.492465    0.00806     0.4833     29.000  1022.5256  46321.018    28.4653      0.538    7.43350     4.7540     4.7542    22.5230   13.32920 5.2536e+01      0.543 0.0000e+00
        118 108.492468    0.00813     0.4875     29.250  1022.5259  46321.687    28.4657      0.541    7.43352     4.7545     4.7540    22.5234   13.32922 5.2232e+01      0.546 0.0000e+00
        119 108.492471    0.00819     0.4917     29.500  1022.5266  46322.836    28.4665      0.544    7.43346     4.7554     4.7541    22.5240   13.32912 5.1788e+01      0.549 0.0000e+00
        120 108.492474    0.00826     0.4958     29.750  1022.5271  46323.776    28.4672      0.545    7.43333     4.7566     4.7546    22.5246   13.32889 5.1442e+01      0.551 0.0000e+00
        121 108.492477    0.00833     0.5000     30.000  1022.5275  46324.382    28.4678      0.545    7.43313     4.7578     4.7555    22.5249   13.32856 5.1467e+01      0.550 0.0000e+00
        122 108.492480    0.00840     0.5042     30.250  1022.5278  46324.853    28.4683      0.543    7.43290     4.7589     4.7566    22.5252   13.32816 5.1515e+01      0.548 0.0000e+00
        123 108.492483    0.00847     0.5083     30.500  1022.5282  46325.441    28.4690      0.541    7.43265     4.7598     4.7578    22.5256   13.32775 5.1184e+01      0.546 0.0000e+00
        124 108.492486    0.00854     0.5125     30.750  1022.5287  46326.402    28.4698      0.540    7.43241     4.7604     4.7589    22.5262   13.32734 5.1045e+01      0.545 0.0000e+00
        125 108.492488    0.00861     0.5167     31.000  1022.5296  46327.892    28.4710      0.542    7.43220     4.7608     4.7598    22.5270   13.32697 5.1190e+01      0.547 0.0000e+00
        126 108.492491    0.00868     0.5208     31.250  1022.5304  46329.215    28.4721      0.547    7.43203     4.7614     4.7604    22.5278   13.32668 5.1113e+01      0.552 0.0000e+00
        127 108.492494    0.00875     0.5250     31.500  1022.5300  46328.470    28.4717      0.553    7.43197     4.7622     4.7609    22.5274   13.32659 5.0950e+01      0.558 0.0000e+00
        128 108.492497    0.00882     0.5292     31.750  1022.5280  46324.607    28.4691      0.557    7.43200     4.7635     4.7614    22.5254   13.32667 5.0792e+01      0.562 0.0000e+00
        129 108.492500    0.00889     0.5333     32.000  1022.5249  46318.673    28.4653      0.557    7.43204     4.7655     4.7623    22.5222   13.32678 5.0746e+01      0.563 0.0000e+00
        130 108.492503    0.00896     0.5375     32.250  1022.5216  46312.410    28.4613      0.552    7.43200     4.7680     4.7636    22.5189   13.32678 5.1251e+01      0.558 0.0000e+00
        131 108.492506    0.00903     0.5417     32.500  1022.5191  46307.592    28.4584      0.542    7.43180     4.7705     4.7655    22.5165   13.32648 5.2100e+01      0.548 0.0000e+00
        132 108.492509    0.00910     0.5458     32.750  1022.5184  46306.111    28.4579      0.532    7.43138     4.7722     4.7680    22.5158   13.32578 5.2677e+01      0.537 0.0000e+00
        133 108.492512    0.00917     0.5500     33.000  1022.5198  46308.529    28.4600      0.525    7.43082     4.7725     4.7705    22.5173   13.32483 5.2883e+01      0.530 0.0000e+00
        134 108.492514    0.00924     0.5542     33.250  1022.5222  46312.860    28.4633      0.524    7.43035     4.7716     4.7722    22.5197   13.32401 5.2689e+01      0.529 0.0000e+00
        135 108.492517    0.00931     0.5583     33.500  1022.5238  46315.692    28.4653      0.530    7.43018     4.7701     4.7726    22.5213   13.32371 5.2288e+01      0.535 0.0000e+00
        136 108.492520    0.00937     0.5625     33.750  1022.5231  46314.545    28.4643      0.537    7.43039     4.7692     4.7717    22.5206   13.32407 5.2186e+01      0.542 0.0000e+00
        137 108.492523    0.00944     0.5667     34.000  1022.5209  46310.588    28.4614      0.538    7.43080     4.7696     4.7702    22.5184   13.32478 5.2441e+01      0.543 0.0000e+00
        138 108.492526    0.00951     0.5708     34.250  1022.5192  46307.456    28.4591      0.533    7.43107     4.7709     4.7693    22.5167   13.32527 5.2776e+01      0.538 0.0000e+00
        139 108.492529    0.00958     0.5750     34.500  1022.5190  46307.224    28.4590      0.526    7.43101     4.7720     4.7697    22.5166   13.32517 5.2950e+01      0.531 0.0000e+00
        140 108.492532    0.00965     0.5792     34.750  1022.5205  46309.935    28.4611      0.521    7.43068     4.7720     4.7710    22.5181   13.32459 5.2805e+01      0.526 0.0000e+00
        141 108.492535    0.00972     0.5833     35.000  1022.5231  46314.555    28.4644      0.521    7.43032     4.7711     4.7721    22.5206   13.32396 5.2302e+01      0.526 0.0000e+00
        142 108.492538    0.00979     0.5875     35.250  1022.5257  46319.377    28.4677      0.526    7.43015     4.7698     4.7721    22.5232   13.32364 5.1649e+01      0.531 0.0000e+00
        143 108.492541    0.00986     0.5917     35.500  1022.5272  46322.253    28.4694      0.532    7.43023     4.7690     4.7711    22.5247   13.32374 5.1206e+01      0.537 0.0000e+00
        144 108.492543    0.00993     0.5958     35.750  1022.5268  46321.686    28.4688      0.535    7.43049     4.7689     4.7699    22.5243   13.32418 5.1102e+01      0.540 0.0000e+00
        145 108.492546    0.01000     0.6000     36.000  1022.5250  46318.403    28.4664      0.533    7.43077     4.7698     4.7690    22.5225   13.32467 5.1213e+01      0.538 0.0000e+00
        146 108.492549    0.01007     0.6042     36.250  1022.5230  46314.754    28.4639      0.525    7.43090     4.7714     4.7690    22.5206   13.32491 5.1414e+01      0.530 0.0000e+00
        147 108.492552    0.01014     0.6083     36.500  1022.5222  46313.221    28.4631      0.514    7.43078     4.7730     4.7699    22.5198   13.32473 5.1622e+01      0.518 0.0000e+00
        148 108.492555    0.01021     0.6125     36.750  1022.5233  46315.220    28.4648      0.503    7.43042     4.7743     4.7714    22.5210   13.32411 5.1898e+01      0.507 0.0000e+00
        149 108.492558    0.01028     0.6167     37.000  1022.5260  46320.090    28.4684      0.497    7.42994     4.7750     4.7731    22.5237   13.32326 5.2276e+01      0.501 0.0000e+00
        150 108.492561    0.01035     0.6208     37.250  1022.5291  46325.742    28.4725      0.498    7.42950     4.7750     4.7744    22.5268   13.32248 5.2624e+01      0.502 0.0000e+00
        151 108.492564    0.01042     0.6250     37.500  1022.5314  46329.868    28.4754      0.505    7.42923     4.7744     4.7751    22.5290   13.32200 5.2910e+01      0.509 0.0000e+00
        152 108.492567    0.01049     0.6292     37.750  1022.5317  46330.386    28.4757      0.516    7.42922     4.7739     4.7750    22.5293   13.32198 5.2977e+01      0.521 0.0000e+00
        153 108.492569    0.01056     0.6333     38.000  1022.5298  46326.703    28.4731      0.527    7.42945     4.7740     4.7745    22.5273   13.32240 5.2643e+01      0.532 0.0000e+00
        154 108.492572    0.01063     0.6375     38.250  1022.5264  46320.443    28.4688      0.535    7.42976     4.7750     4.7739    22.5239   13.32297 5.2241e+01      0.541 0.0000e+00
        155 108.492575    0.01069     0.6417     38.500  1022.5229  46313.865    28.4643      0.538    7.42997     4.7769     4.7740    22.5204   13.32337 5.2088e+01      0.544 0.0000e+00
        156 108.492578    0.01076     0.6458     38.750  1022.5201  46308.513    28.4609      0.535    7.42996     4.7791     4.7751    22.5176   13.32339 5.1984e+01      0.540 0.0000e+00
        157 108.492581    0.01083     0.6500     39.000  1022.5187  46305.718    28.4594      0.526    7.42968     4.7806     4.7770    22.5162   13.32296 5.1868e+01      0.531 0.0000e+00
        158 108.492584    0.01090     0.6542     39.250  1022.5193  46306.680    28.4605      0.514    7.42924     4.7807     4.7792    22.5168   13.32221 5.1995e+01      0.519 0.0000e+00
        159 108.492587    0.01097     0.6583     39.500  1022.5218  46311.375    28.4639      0.505    7.42880     4.7788     4.7806    22.5194   13.32143 5.2166e+01      0.509 0.0000e+00
        160 108.492590    0.01104     0.6625     39.750  1022.5255  46318.191    28.4686      0.500    7.42856     4.7752     4.7807    22.5231   13.32097 5.2160e+01      0.505 0.0000e+00
        161 108.492593    0.01111     0.6667     40.000  1022.5289  46324.859    28.4727      0.502    7.42868     4.7711     4.7788    22.5265   13.32113 5.1998e+01      0.507 0.0000e+00
        162 108.492595    0.01118     0.6708     40.250  1022.5310  46329.071    28.4749      0.509    7.42922     4.7680     4.7752    22.5286   13.32199 5.1683e+01      0.514 0.0000e+00
        163 108.492598    0.01125     0.6750     40.500  1022.5311  46329.729    28.4745      0.517    7.42998     4.7669     4.7711    22.5287   13.32325 5.1628e+01      0.521 0.0000e+00
        164 108.492601    0.01132     0.6792     40.750  1022.5301  46328.069    28.4728      0.523    7.43062     4.7678     4.7680    22.5276   13.32434 5.1835e+01      0.528 0.0000e+00
        165 108.492604    0.01139     0.6833     41.000  1022.5288  46325.792    28.4710      0.527    7.43092     4.7699     4.7669    22.5263   13.32485 5.1829e+01      0.532 0.0000e+00
        166 108.492607    0.01146     0.6875     41.250  1022.5279  46323.923    28.4699      0.528    7.43080     4.7720     4.7678    22.5254   13.32468 5.1712e+01      0.533 0.0000e+00
        167 108.492610    0.01153     0.6917     41.500  1022.5277  46323.322    28.4699      0.526    7.43042     4.7735     4.7699    22.5252   13.32405 5.1934e+01      0.531 0.0000e+00
        168 108.492613    0.01160     0.6958     41.750  1022.5282  46324.150    28.4709      0.520    7.42999     4.7741     4.7720    22.5258   13.32333 5.2522e+01      0.525 0.0000e+00
        169 108.492616    0.01167     0.7000     42.000  1022.5293  46326.103    28.4725      0.512    7.42965     4.7739     4.7735    22.5269   13.32274 5.3108e+01      0.517 0.0000e+00
        170 108.492619    0.01174     0.7042     42.250  1022.5310  46329.241    28.4748      0.505    7.42943     4.7729     4.7742    22.5286   13.32234 5.3335e+01      0.510 0.0000e+00
