CTD-processing/allCTD/CNV--homogene/2017_07-25_t3_s16_cast234.cnv
* Sea-Bird SBE19plus Data File:
* FileName = P:\My Documents\kasitsna\Research-KBL\Oceanography-AK\CTD-Data-ALL-to-2017-02\2017-CTD-KachemakBay-CookInlet\2017-07-25-CookInlet-Tran3-AnchorPt\2017-07-25-CookInlet-Tran3-cast234.hex
* Software Version 1.59
* Temperature SN =  4141
* Conductivity SN =  4141
* System UpLoad Time = Jul 25 2017 20:57:38
** Cook Inlet LTM Transect 3 Anchor Pt (3-16 NE to 3-12)
** Date: 2017-07-25
** Station: (eg. 9-01): 3-16
** Start time (AKDT): 12:29
** Depth (m): 9.8
** Comment: R/V Edgecumbe.  Quarterly survey.
** Comment:
# nquan = 17
# nvalues = 314                         
# units = specified
# name 0 = scan: Scan Count
# name 1 = timeJ: Julian Days
# name 2 = timeH: Time, Elapsed [hours]
# name 3 = timeM: Time, Elapsed [minutes]
# name 4 = timeS: Time, Elapsed [seconds]
# name 5 = density00: Density [density, kg/m^3]
# name 6 = specc: Specific Conductance [uS/cm]
# name 7 = sal00: Salinity, Practical [PSU]
# name 8 = depSM: Depth [salt water, m], lat = 59.00
# name 9 = oxsolML/L: Oxygen Saturation, Garcia & Gordon [ml/l]
# name 10 = potemp090C: Potential Temperature [ITS-90, deg C]
# name 11 = tv290C: Temperature [ITS-90, deg C]
# name 12 = sigma-é00: Density [sigma-theta, kg/m^3]
# name 13 = n2satML/L: Nitrogen Saturation [ml/l]
# name 14 = par: PAR/Irradiance, Biospherical/Licor
# name 15 = prdM: Pressure, Strain Gauge [db]
# name 16 = flag:  0.000e+00
# span 0 =          1,        314       
# span 1 = 206.520370, 206.521276       
# span 2 =    0.00000,    0.02174       
# span 3 =     0.0000,     1.3042       
# span 4 =      0.000,     78.250       
# span 5 =  1003.2772,  1023.5295       
# span 6 =   7998.741,  48393.579       
# span 7 =     4.9093,    30.8609       
# span 8 =      0.058,      8.773       
# span 9 =    6.28966,    7.28735       
# span 10 =    11.0694,    12.1174      
# span 11 =    11.0705,    12.2258      
# span 12 =     3.2769,    23.5253      
# span 13 =   11.40662,   13.41134      
# span 14 = 1.3283e+01, 6.2871e+02      
# span 15 =      0.058,      8.856      
# span 16 = 0.0000e+00, 0.0000e+00      
# interval = seconds: 0.25
# start_time = Jul 25 2017 12:29:20 [Instrument's time stamp, header]
# bad_flag = -9.990e-29
*END*
[from data line 256]
        257 206.521111    0.01778     1.0667     64.000  1023.4420  48228.647    30.7387      0.896    6.33340    11.1222    11.1236    23.4380   11.47910 3.3127e+02      0.904 0.0000e+00
        258 206.521114    0.01785     1.0708     64.250  1023.4426  48229.435    30.7391      0.900    6.33349    11.1219    11.1228    23.4385   11.47924 3.3437e+02      0.908 0.0000e+00
        259 206.521117    0.01792     1.0750     64.500  1023.4429  48229.825    30.7394      0.909    6.33354    11.1217    11.1223    23.4387   11.47934 3.3769e+02      0.917 0.0000e+00
        260 206.521120    0.01799     1.0792     64.750  1023.4430  48229.981    30.7394      0.922    6.33358    11.1216    11.1220    23.4388   11.47940 3.3651e+02      0.930 0.0000e+00
        261 206.521123    0.01806     1.0833     65.000  1023.4431  48229.984    30.7394      0.936    6.33361    11.1215    11.1218    23.4388   11.47944 3.3228e+02      0.945 0.0000e+00
        262 206.521126    0.01812     1.0875     65.250  1023.4431  48229.929    30.7394      0.947    6.33363    11.1213    11.1217    23.4388   11.47947 3.2752e+02      0.956 0.0000e+00
        263 206.521128    0.01819     1.0917     65.500  1023.4431  48229.845    30.7393      0.949    6.33365    11.1212    11.1216    23.4388   11.47951 3.2087e+02      0.958 0.0000e+00
        264 206.521131    0.01826     1.0958     65.750  1023.4430  48229.724    30.7392      0.939    6.33367    11.1211    11.1214    23.4387   11.47954 3.1484e+02      0.948 0.0000e+00
        265 206.521134    0.01833     1.1000     66.000  1023.4429  48229.706    30.7392      0.920    6.33369    11.1210    11.1213    23.4387   11.47957 3.1500e+02      0.929 0.0000e+00
        266 206.521137    0.01840     1.1042     66.250  1023.4429  48229.875    30.7393      0.900    6.33370    11.1210    11.1212    23.4388   11.47959 3.2121e+02      0.908 0.0000e+00
        267 206.521140    0.01847     1.1083     66.500  1023.4430  48230.016    30.7394      0.887    6.33371    11.1210    11.1211    23.4389   11.47959 3.2596e+02      0.895 0.0000e+00
        268 206.521143    0.01854     1.1125     66.750  1023.4429  48229.859    30.7393      0.890    6.33371    11.1210    11.1211    23.4389   11.47960 3.2487e+02      0.899 0.0000e+00
        269 206.521146    0.01861     1.1167     67.000  1023.4429  48229.616    30.7391      0.913    6.33371    11.1208    11.1211    23.4387   11.47961 3.2068e+02      0.922 0.0000e+00
        270 206.521149    0.01868     1.1208     67.250  1023.4430  48229.602    30.7391      0.955    6.33373    11.1205    11.1211    23.4387   11.47963 3.1508e+02      0.964 0.0000e+00
        271 206.521152    0.01875     1.1250     67.500  1023.4433  48229.617    30.7390      1.013    6.33375    11.1202    11.1209    23.4387   11.47967 3.0763e+02      1.023 0.0000e+00
        272 206.521155    0.01882     1.1292     67.750  1023.4435  48229.373    30.7388      1.085    6.33379    11.1196    11.1207    23.4386   11.47974 2.9757e+02      1.095 0.0000e+00
        273 206.521157    0.01889     1.1333     68.000  1023.4436  48228.810    30.7383      1.174    6.33386    11.1187    11.1203    23.4383   11.47986 2.8320e+02      1.185 0.0000e+00
        274 206.521160    0.01896     1.1375     68.250  1023.4437  48228.174    30.7378      1.282    6.33396    11.1176    11.1197    23.4379   11.48004 2.6454e+02      1.294 0.0000e+00
        275 206.521163    0.01903     1.1417     68.500  1023.4442  48227.975    30.7375      1.406    6.33409    11.1166    11.1188    23.4379   11.48026 2.4405e+02      1.420 0.0000e+00
        276 206.521166    0.01910     1.1458     68.750  1023.4450  48228.165    30.7375      1.549    6.33423    11.1155    11.1178    23.4380   11.48049 2.2361e+02      1.564 0.0000e+00
        277 206.521169    0.01917     1.1500     69.000  1023.4459  48228.202    30.7373      1.716    6.33437    11.1141    11.1168    23.4381   11.48073 2.0345e+02      1.732 0.0000e+00
        278 206.521172    0.01924     1.1542     69.250  1023.4465  48227.708    30.7368      1.908    6.33454    11.1120    11.1158    23.4378   11.48102 1.8354e+02      1.926 0.0000e+00
        279 206.521175    0.01931     1.1583     69.500  1023.4468  48226.290    30.7355      2.119    6.33477    11.1091    11.1144    23.4371   11.48142 1.6503e+02      2.139 0.0000e+00
        280 206.521178    0.01938     1.1625     69.750  1023.4471  48224.851    30.7342      2.338    6.33511    11.1057    11.1123    23.4364   11.48199 1.4945e+02      2.360 0.0000e+00
        281 206.521181    0.01944     1.1667     70.000  1023.4487  48225.492    30.7342      2.552    6.33551    11.1026    11.1094    23.4370   11.48265 1.3718e+02      2.576 0.0000e+00
        282 206.521183    0.01951     1.1708     70.250  1023.4510  48227.707    30.7353      2.754    6.33592    11.0997    11.1060    23.4384   11.48332 1.2750e+02      2.780 0.0000e+00
        283 206.521186    0.01958     1.1750     70.500  1023.4528  48229.061    30.7359      2.942    6.33632    11.0966    11.1029    23.4394   11.48397 1.1925e+02      2.969 0.0000e+00
        284 206.521189    0.01965     1.1792     70.750  1023.4541  48229.522    30.7358      3.117    6.33672    11.0934    11.1000    23.4398   11.48464 1.1141e+02      3.146 0.0000e+00
        285 206.521192    0.01972     1.1833     71.000  1023.4557  48230.746    30.7363      3.287    6.33712    11.0907    11.0969    23.4407   11.48530 1.0338e+02      3.317 0.0000e+00
        286 206.521195    0.01979     1.1875     71.250  1023.4581  48233.215    30.7376      3.458    6.33750    11.0888    11.0938    23.4423   11.48591 9.5151e+01      3.490 0.0000e+00
        287 206.521198    0.01986     1.1917     71.500  1023.4608  48236.200    30.7394      3.637    6.33779    11.0879    11.0911    23.4442   11.48638 8.7115e+01      3.671 0.0000e+00
        288 206.521201    0.01993     1.1958     71.750  1023.4631  48238.739    30.7409      3.828    6.33797    11.0875    11.0893    23.4457   11.48666 7.9651e+01      3.864 0.0000e+00
        289 206.521204    0.02000     1.2000     72.000  1023.4649  48240.193    30.7417      4.031    6.33807    11.0872    11.0884    23.4465   11.48680 7.2948e+01      4.069 0.0000e+00
        290 206.521207    0.02007     1.2042     72.250  1023.4660  48240.512    30.7418      4.245    6.33812    11.0867    11.0880    23.4466   11.48688 6.7033e+01      4.286 0.0000e+00
        291 206.521209    0.02014     1.2083     72.500  1023.4667  48240.028    30.7413      4.467    6.33817    11.0858    11.0877    23.4463   11.48698 6.1837e+01      4.509 0.0000e+00
        292 206.521212    0.02021     1.2125     72.750  1023.4673  48239.367    30.7407      4.691    6.33827    11.0846    11.0872    23.4459   11.48714 5.7237e+01      4.735 0.0000e+00
        293 206.521215    0.02028     1.2167     73.000  1023.4682  48239.116    30.7404      4.912    6.33840    11.0833    11.0864    23.4458   11.48736 5.3103e+01      4.958 0.0000e+00
        294 206.521218    0.02035     1.2208     73.250  1023.4694  48239.537    30.7405      5.126    6.33855    11.0819    11.0852    23.4461   11.48761 4.9318e+01      5.175 0.0000e+00
        295 206.521221    0.02042     1.2250     73.500  1023.4710  48240.508    30.7409      5.333    6.33871    11.0805    11.0839    23.4467   11.48788 4.5814e+01      5.384 0.0000e+00
        296 206.521224    0.02049     1.2292     73.750  1023.4725  48241.518    30.7414      5.532    6.33888    11.0792    11.0825    23.4473   11.48816 4.2573e+01      5.584 0.0000e+00
        297 206.521227    0.02056     1.2333     74.000  1023.4739  48242.431    30.7418      5.725    6.33905    11.0780    11.0811    23.4478   11.48843 3.9597e+01      5.779 0.0000e+00
        298 206.521230    0.02063     1.2375     74.250  1023.4753  48243.295    30.7422      5.913    6.33921    11.0768    11.0798    23.4484   11.48869 3.6881e+01      5.969 0.0000e+00
        299 206.521233    0.02069     1.2417     74.500  1023.4766  48244.063    30.7426      6.100    6.33936    11.0758    11.0787    23.4489   11.48893 3.4406e+01      6.157 0.0000e+00
        300 206.521236    0.02076     1.2458     74.750  1023.4779  48244.830    30.7429      6.286    6.33949    11.0748    11.0776    23.4493   11.48915 3.2152e+01      6.345 0.0000e+00
        301 206.521238    0.02083     1.2500     75.000  1023.4792  48245.536    30.7432      6.470    6.33962    11.0738    11.0765    23.4497   11.48935 3.0101e+01      6.531 0.0000e+00
        302 206.521241    0.02090     1.2542     75.250  1023.4804  48246.144    30.7435      6.654    6.33974    11.0728    11.0756    23.4501   11.48956 2.8227e+01      6.717 0.0000e+00
        303 206.521244    0.02097     1.2583     75.500  1023.4816  48246.802    30.7437      6.839    6.33986    11.0721    11.0746    23.4505   11.48975 2.6481e+01      6.903 0.0000e+00
        304 206.521247    0.02104     1.2625     75.750  1023.4829  48247.541    30.7441      7.027    6.33997    11.0715    11.0737    23.4510   11.48993 2.4801e+01      7.093 0.0000e+00
        305 206.521250    0.02111     1.2667     76.000  1023.4842  48248.219    30.7444      7.223    6.34006    11.0711    11.0730    23.4513   11.49008 2.3138e+01      7.292 0.0000e+00
        306 206.521253    0.02118     1.2708     76.250  1023.4854  48248.712    30.7446      7.431    6.34013    11.0708    11.0724    23.4516   11.49018 2.1486e+01      7.501 0.0000e+00
        307 206.521256    0.02125     1.2750     76.500  1023.4865  48248.989    30.7447      7.648    6.34017    11.0705    11.0721    23.4517   11.49026 1.9866e+01      7.720 0.0000e+00
        308 206.521259    0.02132     1.2792     76.750  1023.4876  48249.148    30.7447      7.871    6.34021    11.0703    11.0718    23.4517   11.49032 1.8322e+01      7.946 0.0000e+00
        309 206.521262    0.02139     1.2833     77.000  1023.4886  48249.308    30.7447      8.092    6.34025    11.0700    11.0715    23.4518   11.49038 1.6909e+01      8.168 0.0000e+00
        310 206.521264    0.02146     1.2875     77.250  1023.4896  48249.412    30.7446      8.299    6.34028    11.0698    11.0713    23.4518   11.49044 1.5673e+01      8.377 0.0000e+00
        311 206.521267    0.02153     1.2917     77.500  1023.4904  48249.303    30.7444      8.484    6.34032    11.0695    11.0711    23.4517   11.49051 1.4646e+01      8.564 0.0000e+00
        312 206.521270    0.02160     1.2958     77.750  1023.4908  48248.958    30.7441      8.634    6.34037    11.0694    11.0708    23.4515   11.49059 1.3877e+01      8.716 0.0000e+00
        313 206.521273    0.02167     1.3000     78.000  1023.4911  48248.611    30.7438      8.736    6.34041 -9.990e-29    11.0706    23.4513   11.49067 1.3423e+01      8.819 0.0000e+00
        314 206.521276    0.02174     1.3042     78.250  1023.4912  48248.483    30.7437      8.773    6.34043 -9.990e-29    11.0705    23.4512   11.49070 1.3283e+01      8.856 0.0000e+00
