CTD-processing/allCTD/CNV--homogene/2017_07-24_t9_s01_cast211.cnv
* Sea-Bird SBE19plus Data File:
* FileName = P:\My Documents\kasitsna\Research-KBL\Oceanography-AK\CTD-Data-ALL-to-2017-02\2017-CTD-KachemakBay-CookInlet\2017-07-24-CookInlet-Tran9-HomerSpit\2017-07-24-CookInlet-Tran9-cast211.hex
* Software Version 1.59
* Temperature SN =  4141
* Conductivity SN =  4141
* System UpLoad Time = Jul 24 2017 19:49:19
** Cook Inlet LTM Transect 9 Homer Spit north to south
** Date: 2017-07-24
** Station: (eg. 9-01): 9-01
** Start time (AKDT): 10:53
** Depth (m): 56.1
** Comment: R/V Edgecumbe.  Quarterly survey.
** Comment:
# nquan = 17
# nvalues = 544                         
# units = specified
# name 0 = scan: Scan Count
# name 1 = timeJ: Julian Days
# name 2 = timeH: Time, Elapsed [hours]
# name 3 = timeM: Time, Elapsed [minutes]
# name 4 = timeS: Time, Elapsed [seconds]
# name 5 = density00: Density [density, kg/m^3]
# name 6 = specc: Specific Conductance [uS/cm]
# name 7 = sal00: Salinity, Practical [PSU]
# name 8 = depSM: Depth [salt water, m], lat = 59.00
# name 9 = oxsolML/L: Oxygen Saturation, Garcia & Gordon [ml/l]
# name 10 = potemp090C: Potential Temperature [ITS-90, deg C]
# name 11 = tv290C: Temperature [ITS-90, deg C]
# name 12 = sigma-é00: Density [sigma-theta, kg/m^3]
# name 13 = n2satML/L: Nitrogen Saturation [ml/l]
# name 14 = par: PAR/Irradiance, Biospherical/Licor
# name 15 = prdM: Pressure, Strain Gauge [db]
# name 16 = flag:  0.000e+00
# span 0 =          1,        544       
# span 1 = 205.454387, 205.455958       
# span 2 =    0.00000,    0.03771       
# span 3 =     0.0000,     2.2625       
# span 4 =      0.000,    135.750       
# span 5 =  1002.8096,  1024.7747       
# span 6 =   7001.462,  49984.447       
# span 7 =     4.2038,    31.6263       
# span 8 =      0.120,     49.835       
# span 9 =    6.27860,    7.43746       
# span 10 =     8.4981,    13.0468      
# span 11 =     8.5031,    13.0469      
# span 12 =     2.8091,    24.5452      
# span 13 =   11.44431,   13.67279      
# span 14 = 5.1702e-02, 4.7253e+02      
# span 15 =      0.121,     50.312      
# span 16 = 0.0000e+00, 0.0000e+00      
# interval = seconds: 0.25
# start_time = Jul 24 2017 10:54:19 [Instrument's time stamp, header]
# bad_flag = -9.990e-29
*END*
[from data line 86]
         87 205.454635    0.00597     0.3583     21.500  1019.1323  40661.489    25.5943      0.844    6.29261    12.9281    12.9508    19.1285   11.47201 2.9783e+02      0.851 0.0000e+00
         88 205.454638    0.00604     0.3625     21.750  1019.1368  40667.606    25.5979      0.845    6.29371    12.9104    12.9415    19.1330   11.47379 2.9847e+02      0.853 0.0000e+00
         89 205.454641    0.00611     0.3667     22.000  1019.1447  40679.239    25.6051      0.831    6.29519    12.8918    12.9282    19.1409   11.47618 3.0062e+02      0.839 0.0000e+00
         90 205.454644    0.00618     0.3708     22.250  1019.1564  40697.071    25.6162      0.806    6.29711    12.8775    12.9105    19.1527   11.47923 3.0263e+02      0.814 0.0000e+00
         91 205.454647    0.00625     0.3750     22.500  1019.1698  40717.774    25.6293      0.781    6.29906    12.8711    12.8919    19.1662   11.48233 3.0434e+02      0.789 0.0000e+00
         92 205.454650    0.00632     0.3792     22.750  1019.1813  40736.004    25.6409      0.765    6.30050    12.8733    12.8776    19.1778   11.48458 3.0454e+02      0.773 0.0000e+00
         93 205.454653    0.00639     0.3833     23.000  1019.1878  40746.673    25.6479      0.764    6.30107    12.8808    12.8712    19.1843   11.48546 3.0262e+02      0.772 0.0000e+00
         94 205.454656    0.00646     0.3875     23.250  1019.1874  40746.411    25.6479      0.776    6.30078    12.8882    12.8734    19.1839   11.48498 3.0013e+02      0.783 0.0000e+00
         95 205.454659    0.00653     0.3917     23.500  1019.1811  40736.266    25.6414      0.792    6.30004    12.8905    12.8809    19.1775   11.48384 2.9925e+02      0.799 0.0000e+00
         96 205.454661    0.00660     0.3958     23.750  1019.1732  40723.140    25.6328      0.804    6.29941    12.8854    12.8883    19.1695   11.48288 3.0123e+02      0.811 0.0000e+00
         97 205.454664    0.00667     0.4000     24.000  1019.1689  40715.690    25.6278      0.806    6.29929    12.8744    12.8906    19.1652   11.48274 3.0531e+02      0.814 0.0000e+00
         98 205.454667    0.00674     0.4042     24.250  1019.1708  40718.114    25.6291      0.800    6.29992    12.8624    12.8855    19.1672   11.48377 3.1075e+02      0.808 0.0000e+00
         99 205.454670    0.00681     0.4083     24.500  1019.1777  40728.381    25.6354      0.793    6.30113    12.8534    12.8745    19.1741   11.48570 3.1567e+02      0.800 0.0000e+00
        100 205.454673    0.00688     0.4125     24.750  1019.1860  40741.043    25.6433      0.792    6.30241    12.8496    12.8625    19.1824   11.48774 3.1568e+02      0.799 0.0000e+00
        101 205.454676    0.00694     0.4167     25.000  1019.1924  40750.738    25.6494      0.802    6.30337    12.8510    12.8535    19.1887   11.48926 3.1013e+02      0.809 0.0000e+00
        102 205.454679    0.00701     0.4208     25.250  1019.1946  40753.811    25.6513      0.820    6.30380    12.8549    12.8497    19.1909   11.48996 3.0218e+02      0.827 0.0000e+00
        103 205.454682    0.00708     0.4250     25.500  1019.1922  40749.597    25.6485      0.837    6.30372    12.8569    12.8511    19.1884   11.48987 2.9363e+02      0.844 0.0000e+00
        104 205.454685    0.00715     0.4292     25.750  1019.1877  40742.067    25.6435      0.841    6.30340    12.8538    12.8550    19.1839   11.48939 2.8615e+02      0.849 0.0000e+00
        105 205.454688    0.00722     0.4333     26.000  1019.1851  40737.783    25.6407      0.828    6.30325    12.8466    12.8570    19.1814   11.48917 2.8197e+02      0.835 0.0000e+00
        106 205.454690    0.00729     0.4375     26.250  1019.1869  40740.619    25.6425      0.797    6.30359    12.8395    12.8539    19.1833   11.48972 2.8200e+02      0.805 0.0000e+00
        107 205.454693    0.00736     0.4417     26.500  1019.1923  40749.369    25.6480      0.760    6.30432    12.8365    12.8467    19.1889   11.49088 2.8593e+02      0.767 0.0000e+00
        108 205.454696    0.00743     0.4458     26.750  1019.1988  40759.997    25.6549      0.729    6.30500    12.8405    12.8396    19.1955   11.49193 2.9065e+02      0.736 0.0000e+00
        109 205.454699    0.00750     0.4500     27.000  1019.2037  40768.496    25.6606      0.717    6.30517    12.8518    12.8366    19.2004   11.49215 2.8827e+02      0.724 0.0000e+00
        110 205.454702    0.00757     0.4542     27.250  1019.2042  40770.392    25.6622      0.731    6.30458    12.8657    12.8406    19.2009   11.49114 2.8116e+02      0.738 0.0000e+00
        111 205.454705    0.00764     0.4583     27.500  1019.1980  40761.085    25.6565      0.764    6.30331    12.8751    12.8519    19.1945   11.48909 2.8096e+02      0.771 0.0000e+00
        112 205.454708    0.00771     0.4625     27.750  1019.1866  40742.946    25.6449      0.802    6.30191    12.8747    12.8658    19.1830   11.48690 2.8644e+02      0.810 0.0000e+00
        113 205.454711    0.00778     0.4667     28.000  1019.1772  40727.243    25.6346      0.833    6.30107    12.8653    12.8752    19.1734   11.48562 2.9236e+02      0.841 0.0000e+00
        114 205.454714    0.00785     0.4708     28.250  1019.1752  40723.405    25.6319      0.847    6.30122    12.8522    12.8748    19.1714   11.48590 2.9706e+02      0.855 0.0000e+00
        115 205.454716    0.00792     0.4750     28.500  1019.1806  40731.304    25.6367      0.845    6.30228    12.8410    12.8654    19.1768   11.48762 2.9843e+02      0.853 0.0000e+00
        116 205.454719    0.00799     0.4792     28.750  1019.1893  40744.555    25.6450      0.830    6.30369    12.8347    12.8523    19.1855   11.48986 2.9780e+02      0.838 0.0000e+00
        117 205.454722    0.00806     0.4833     29.000  1019.1973  40756.942    25.6529      0.810    6.30487    12.8346    12.8411    19.1936   11.49174 2.9729e+02      0.818 0.0000e+00
        118 205.454725    0.00813     0.4875     29.250  1019.2023  40764.828    25.6579      0.791    6.30552    12.8410    12.8348    19.1986   11.49276 2.9678e+02      0.799 0.0000e+00
        119 205.454728    0.00819     0.4917     29.500  1019.2030  40766.405    25.6590      0.776    6.30549    12.8517    12.8347    19.1995   11.49269 2.9579e+02      0.783 0.0000e+00
        120 205.454731    0.00826     0.4958     29.750  1019.1991  40760.746    25.6555      0.766    6.30477    12.8629    12.8411    19.1957   11.49154 2.9582e+02      0.774 0.0000e+00
        121 205.454734    0.00833     0.5000     30.000  1019.1911  40748.213    25.6476      0.762    6.30366    12.8717    12.8518    19.1876   11.48979 2.9749e+02      0.770 0.0000e+00
        122 205.454737    0.00840     0.5042     30.250  1019.1809  40731.837    25.6370      0.764    6.30259    12.8768    12.8630    19.1774   11.48812 2.9853e+02      0.771 0.0000e+00
        123 205.454740    0.00847     0.5083     30.500  1019.1715  40716.402    25.6269      0.770    6.30182    12.8773    12.8718    19.1680   11.48696 2.9834e+02      0.777 0.0000e+00
        124 205.454742    0.00854     0.5125     30.750  1019.1651  40705.484    25.6197      0.779    6.30144    12.8728    12.8769    19.1615   11.48640 2.9827e+02      0.786 0.0000e+00
        125 205.454745    0.00861     0.5167     31.000  1019.1625  40700.697    25.6164      0.790    6.30149    12.8642    12.8774    19.1588   11.48653 2.9934e+02      0.797 0.0000e+00
        126 205.454748    0.00868     0.5208     31.250  1019.1641  40702.642    25.6175      0.800    6.30204    12.8541    12.8729    19.1605   11.48745 3.0136e+02      0.807 0.0000e+00
        127 205.454751    0.00875     0.5250     31.500  1019.1692  40710.094    25.6220      0.807    6.30300    12.8449    12.8643    19.1656   11.48899 3.0301e+02      0.814 0.0000e+00
        128 205.454754    0.00882     0.5292     31.750  1019.1760  40720.232    25.6283      0.810    6.30410    12.8382    12.8542    19.1723   11.49075 3.0276e+02      0.818 0.0000e+00
        129 205.454757    0.00889     0.5333     32.000  1019.1827  40730.635    25.6349      0.812    6.30507    12.8345    12.8450    19.1790   11.49227 2.9904e+02      0.820 0.0000e+00
        130 205.454760    0.00896     0.5375     32.250  1019.1883  40739.457    25.6405      0.817    6.30573    12.8334    12.8383    19.1846   11.49331 2.9184e+02      0.825 0.0000e+00
        131 205.454763    0.00903     0.5417     32.500  1019.1916  40744.752    25.6439      0.824    6.30609    12.8336    12.8346    19.1879   11.49387 2.8415e+02      0.832 0.0000e+00
        132 205.454766    0.00910     0.5458     32.750  1019.1922  40745.500    25.6444      0.830    6.30622    12.8336    12.8335    19.1884   11.49409 2.7824e+02      0.838 0.0000e+00
        133 205.454769    0.00917     0.5500     33.000  1019.1910  40743.323    25.6429      0.831    6.30625    12.8318    12.8337    19.1872   11.49415 2.7353e+02      0.839 0.0000e+00
        134 205.454771    0.00924     0.5542     33.250  1019.1901  40741.658    25.6417      0.823    6.30629    12.8280    12.8337    19.1863   11.49424 2.7101e+02      0.830 0.0000e+00
        135 205.454774    0.00931     0.5583     33.500  1019.1911  40743.227    25.6427      0.806    6.30650    12.8250    12.8319    19.1874   11.49458 2.7145e+02      0.814 0.0000e+00
        136 205.454777    0.00937     0.5625     33.750  1019.1943  40748.405    25.6461      0.787    6.30687    12.8257    12.8281    19.1907   11.49515 2.7345e+02      0.795 0.0000e+00
        137 205.454780    0.00944     0.5667     34.000  1019.1978  40754.284    25.6499      0.774    6.30713    12.8316    12.8251    19.1942   11.49553 2.7648e+02      0.782 0.0000e+00
        138 205.454783    0.00951     0.5708     34.250  1019.1988  40756.495    25.6515      0.773    6.30697    12.8412    12.8258    19.1953   11.49524 2.7989e+02      0.780 0.0000e+00
        139 205.454786    0.00958     0.5750     34.500  1019.1958  40752.215    25.6489      0.783    6.30629    12.8512    12.8317    19.1923   11.49415 2.8221e+02      0.791 0.0000e+00
        140 205.454789    0.00965     0.5792     34.750  1019.1888  40741.253    25.6420      0.802    6.30528    12.8573    12.8413    19.1852   11.49254 2.8293e+02      0.810 0.0000e+00
        141 205.454792    0.00972     0.5833     35.000  1019.1802  40727.315    25.6330      0.820    6.30430    12.8563    12.8513    19.1764   11.49102 2.8413e+02      0.828 0.0000e+00
        142 205.454795    0.00979     0.5875     35.250  1019.1739  40716.897    25.6262      0.830    6.30376    12.8481    12.8574    19.1701   11.49020 2.8714e+02      0.838 0.0000e+00
        143 205.454797    0.00986     0.5917     35.500  1019.1731  40715.262    25.6250      0.826    6.30394    12.8367    12.8564    19.1693   11.49052 2.9128e+02      0.834 0.0000e+00
        144 205.454800    0.00993     0.5958     35.750  1019.1784  40723.389    25.6301      0.810    6.30483    12.8278    12.8482    19.1747   11.49195 2.9590e+02      0.818 0.0000e+00
        145 205.454803    0.01000     0.6000     36.000  1019.1872  40737.283    25.6389      0.787    6.30600    12.8254    12.8368    19.1836   11.49379 3.0004e+02      0.795 0.0000e+00
        146 205.454806    0.01007     0.6042     36.250  1019.1955  40750.805    25.6477      0.769    6.30684    12.8315    12.8279    19.1920   11.49509 3.0231e+02      0.777 0.0000e+00
        147 205.454809    0.01014     0.6083     36.500  1019.2000  40758.720    25.6530      0.766    6.30695    12.8450    12.8255    19.1965   11.49521 3.0163e+02      0.773 0.0000e+00
        148 205.454812    0.01021     0.6125     36.750  1019.1987  40757.487    25.6526      0.780    6.30616    12.8614    12.8316    19.1951   11.49389 2.9848e+02      0.788 0.0000e+00
        149 205.454815    0.01028     0.6167     37.000  1019.1909  40746.022    25.6456      0.811    6.30463    12.8744    12.8451    19.1872   11.49142 2.9423e+02      0.818 0.0000e+00
        150 205.454818    0.01035     0.6208     37.250  1019.1790  40727.367    25.6338      0.847    6.30292    12.8793    12.8615    19.1752   11.48871 2.8971e+02      0.855 0.0000e+00
        151 205.454821    0.01042     0.6250     37.500  1019.1677  40709.007    25.6220      0.875    6.30166    12.8741    12.8745    19.1637   11.48675 2.8555e+02      0.883 0.0000e+00
        152 205.454823    0.01049     0.6292     37.750  1019.1620  40699.595    25.6158      0.884    6.30125    12.8614    12.8794    19.1580   11.48613 2.8334e+02      0.892 0.0000e+00
        153 205.454826    0.01056     0.6333     38.000  1019.1648  40703.578    25.6182      0.870    6.30184    12.8474    12.8742    19.1608   11.48710 2.8350e+02      0.878 0.0000e+00
        154 205.454829    0.01063     0.6375     38.250  1019.1741  40718.302    25.6275      0.837    6.30316    12.8376    12.8615    19.1703   11.48919 2.8418e+02      0.845 0.0000e+00
        155 205.454832    0.01069     0.6417     38.500  1019.1857  40736.991    25.6395      0.797    6.30456    12.8357    12.8475    19.1821   11.49137 2.8473e+02      0.804 0.0000e+00
        156 205.454835    0.01076     0.6458     38.750  1019.1958  40753.641    25.6504      0.762    6.30543    12.8431    12.8377    19.1923   11.49270 2.8521e+02      0.769 0.0000e+00
        157 205.454838    0.01083     0.6500     39.000  1019.2017  40764.452    25.6577      0.743    6.30539    12.8575    12.8358    19.1983   11.49255 2.8359e+02      0.750 0.0000e+00
        158 205.454841    0.01090     0.6542     39.250  1019.2014  40765.500    25.6590      0.744    6.30435    12.8725    12.8432    19.1980   11.49080 2.8151e+02      0.751 0.0000e+00
        159 205.454844    0.01097     0.6583     39.500  1019.1931  40753.425    25.6516      0.760    6.30273    12.8816    12.8576    19.1897   11.48819 2.8295e+02      0.767 0.0000e+00
        160 205.454847    0.01104     0.6625     39.750  1019.1802  40732.603    25.6382      0.778    6.30127    12.8809    12.8726    19.1766   11.48591 2.8772e+02      0.785 0.0000e+00
        161 205.454850    0.01111     0.6667     40.000  1019.1698  40715.389    25.6269      0.788    6.30051    12.8716    12.8817    19.1662   11.48478 2.9592e+02      0.795 0.0000e+00
        162 205.454852    0.01118     0.6708     40.250  1019.1677  40711.322    25.6240      0.785    6.30072    12.8592    12.8810    19.1641   11.48516 3.0596e+02      0.792 0.0000e+00
        163 205.454855    0.01125     0.6750     40.500  1019.1736  40720.188    25.6295      0.774    6.30174    12.8496    12.8717    19.1701   11.48679 3.1393e+02      0.781 0.0000e+00
        164 205.454858    0.01132     0.6792     40.750  1019.1831  40735.096    25.6390      0.764    6.30301    12.8467    12.8593    19.1796   11.48880 3.1672e+02      0.771 0.0000e+00
        165 205.454861    0.01139     0.6833     41.000  1019.1914  40748.257    25.6474      0.765    6.30395    12.8511    12.8497    19.1879   11.49026 3.1335e+02      0.772 0.0000e+00
        166 205.454864    0.01146     0.6875     41.250  1019.1950  40754.200    25.6514      0.781    6.30418    12.8600    12.8468    19.1915   11.49061 3.0751e+02      0.788 0.0000e+00
        167 205.454867    0.01153     0.6917     41.500  1019.1927  40750.725    25.6493      0.806    6.30367    12.8681    12.8512    19.1890   11.48978 3.0268e+02      0.814 0.0000e+00
        168 205.454870    0.01160     0.6958     41.750  1019.1856  40739.442    25.6421      0.831    6.30278    12.8710    12.8601    19.1819   11.48838 2.9954e+02      0.839 0.0000e+00
        169 205.454873    0.01167     0.7000     42.000  1019.1777  40726.476    25.6336      0.844    6.30204    12.8671    12.8681    19.1739   11.48725 2.9697e+02      0.852 0.0000e+00
        170 205.454876    0.01174     0.7042     42.250  1019.1736  40719.610    25.6290      0.841    6.30184    12.8589    12.8710    19.1699   11.48696 2.9441e+02      0.849 0.0000e+00
