CTD-processing/allCTD/CNV--homogene/2017_11-07_alongbay_skb10_cast095.cnv
* Sea-Bird SBE19plus Data File:
* FileName = C:\Users\Kim.Powell\Desktop\Not Processed\2017\2017_11-07_AlongBay,T9_4141\2017_11-07_TRANSECT_STATION_cast095.hex
* Software Version 1.59
* Temperature SN =  4141
* Conductivity SN =  4141
* System UpLoad Time = Nov 09 2017 10:25:15
** 2017_11-07
** Station: KB10
** Start Time: 11:20
** Depth (m): 60
** Comment: Edgecumbe
** Comment: CTD time 1 hr off for daylight savings time
# nquan = 17
# nvalues = 679                         
# units = specified
# name 0 = scan: Scan Count
# name 1 = timeJ: Julian Days
# name 2 = timeH: Time, Elapsed [hours]
# name 3 = timeM: Time, Elapsed [minutes]
# name 4 = timeS: Time, Elapsed [seconds]
# name 5 = density00: Density [density, kg/m^3]
# name 6 = specc: Specific Conductance [uS/cm]
# name 7 = sal00: Salinity, Practical [PSU]
# name 8 = depSM: Depth [salt water, m], lat = 59.00
# name 9 = oxsolML/L: Oxygen Saturation, Garcia & Gordon [ml/l]
# name 10 = potemp090C: Potential Temperature [ITS-90, deg C]
# name 11 = tv290C: Temperature [ITS-90, deg C]
# name 12 = sigma-é00: Density [sigma-theta, kg/m^3]
# name 13 = n2satML/L: Nitrogen Saturation [ml/l]
# name 14 = par: PAR/Irradiance, Biospherical/Licor
# name 15 = prdM: Pressure, Strain Gauge [db]
# name 16 = flag:  0.000e+00
# span 0 =          1,        679       
# span 1 = 311.514780, 311.516742       
# span 2 =    0.00000,    0.04708       
# span 3 =     0.0000,     2.8250       
# span 4 =      0.000,    169.500       
# span 5 =  1017.0356,  1024.0539       
# span 6 =  35713.952,  48768.984       
# span 7 =    21.5558,    30.8088       
# span 8 =      0.312,     54.536       
# span 9 =    6.59579,    7.84349       
# span 10 =     5.7928,     9.2408      
# span 11 =     4.6152,     9.2465      
# span 12 =    17.0342,    23.9110      
# span 13 =   11.91321,   14.10800      
# span 14 = 3.6382e-02, 9.2458e+01      
# span 15 =      0.315,     55.058      
# span 16 = 0.0000e+00, 0.0000e+00      
# interval = seconds: 0.25
# start_time = Nov 07 2017 12:21:17 [Instrument's time stamp, header]
# bad_flag = -9.990e-29
*END*
[from data line 171]
        172 311.515275    0.01188     0.7125     42.750  1023.6331  48247.821    30.3013      1.003    6.85304     7.7058     7.6917    23.6285   12.34524 4.9382e+01      1.012 0.0000e+00
        173 311.515278    0.01194     0.7167     43.000  1023.6136  48212.259    30.2780      0.999    6.85266     7.7051     7.7007    23.6089   12.34490 4.9537e+01      1.008 0.0000e+00
        174 311.515281    0.01201     0.7208     43.250  1023.5982  48184.249    30.2593      0.988    6.85270     7.6990     7.7058    23.5936   12.34520 4.9647e+01      0.997 0.0000e+00
        175 311.515284    0.01208     0.7250     43.500  1023.5913  48171.626    30.2504      0.975    6.85320     7.6892     7.7052    23.5867   12.34613 4.9395e+01      0.984 0.0000e+00
        176 311.515286    0.01215     0.7292     43.750  1023.5944  48177.284    30.2534      0.965    6.85402     7.6786     7.6991    23.5899   12.34745 4.9339e+01      0.974 0.0000e+00
        177 311.515289    0.01222     0.7333     44.000  1023.6068  48199.837    30.2676      0.962    6.85491     7.6694     7.6893    23.6023   12.34876 4.9961e+01      0.971 0.0000e+00
        178 311.515292    0.01229     0.7375     44.250  1023.6244  48231.665    30.2880      0.967    6.85567     7.6630     7.6787    23.6198   12.34976 5.0410e+01      0.976 0.0000e+00
        179 311.515295    0.01236     0.7417     44.500  1023.6406  48261.141    30.3071      0.978    6.85625     7.6594     7.6695    23.6360   12.35048 5.0348e+01      0.987 0.0000e+00
        180 311.515298    0.01243     0.7458     44.750  1023.6496  48277.358    30.3174      0.989    6.85680     7.6583     7.6631    23.6450   12.35126 5.0397e+01      0.998 0.0000e+00
        181 311.515301    0.01250     0.7500     45.000  1023.6485  48275.236    30.3153      0.995    6.85745     7.6586     7.6595    23.6439   12.35236 5.0594e+01      1.005 0.0000e+00
        182 311.515304    0.01257     0.7542     45.250  1023.6397  48259.096    30.3039      0.995    6.85814     7.6586     7.6584    23.6351   12.35365 5.0325e+01      1.005 0.0000e+00
        183 311.515307    0.01264     0.7583     45.500  1023.6286  48238.828    30.2899      0.988    6.85872     7.6566     7.6587    23.6240   12.35479 4.9607e+01      0.998 0.0000e+00
        184 311.515310    0.01271     0.7625     45.750  1023.6199  48223.013    30.2789      0.978    6.85922     7.6528     7.6587    23.6154   12.35574 4.9108e+01      0.988 0.0000e+00
        185 311.515312    0.01278     0.7667     46.000  1023.6166  48216.885    30.2743      0.969    6.85973     7.6484     7.6567    23.6121   12.35665 4.9128e+01      0.978 0.0000e+00
        186 311.515315    0.01285     0.7708     46.250  1023.6187  48220.752    30.2764      0.963    6.86024     7.6446     7.6529    23.6143   12.35746 4.9596e+01      0.972 0.0000e+00
        187 311.515318    0.01292     0.7750     46.500  1023.6242  48230.663    30.2826      0.963    6.86064     7.6420     7.6485    23.6197   12.35805 5.0035e+01      0.972 0.0000e+00
        188 311.515321    0.01299     0.7792     46.750  1023.6304  48241.882    30.2898      0.967    6.86091     7.6407     7.6447    23.6259   12.35840 5.0107e+01      0.976 0.0000e+00
        189 311.515324    0.01306     0.7833     47.000  1023.6351  48250.509    30.2954      0.975    6.86106     7.6401     7.6421    23.6306   12.35859 5.0026e+01      0.984 0.0000e+00
        190 311.515327    0.01313     0.7875     47.250  1023.6370  48253.807    30.2975      0.985    6.86118     7.6389     7.6408    23.6324   12.35875 4.9997e+01      0.994 0.0000e+00
        191 311.515330    0.01319     0.7917     47.500  1023.6352  48250.482    30.2951      0.993    6.86139     7.6358     7.6402    23.6306   12.35914 4.9935e+01      1.002 0.0000e+00
        192 311.515333    0.01326     0.7958     47.750  1023.6303  48241.387    30.2886      0.995    6.86187     7.6292     7.6390    23.6257   12.36001 4.9983e+01      1.004 0.0000e+00
        193 311.515336    0.01333     0.8000     48.000  1023.6248  48231.288    30.2811      0.989    6.86270     7.6180     7.6359    23.6202   12.36147 5.0506e+01      0.999 0.0000e+00
        194 311.515339    0.01340     0.8042     48.250  1023.6233  48228.559    30.2782      0.977    6.86385     7.6027     7.6293    23.6188   12.36342 5.0978e+01      0.986 0.0000e+00
        195 311.515341    0.01347     0.8083     48.500  1023.6303  48241.262    30.2852      0.963    6.86530     7.5872     7.6181    23.6259   12.36573 5.0886e+01      0.972 0.0000e+00
        196 311.515344    0.01354     0.8125     48.750  1023.6475  48272.421    30.3045      0.955    6.86685     7.5770     7.6028    23.6430   12.36805 5.0449e+01      0.964 0.0000e+00
        197 311.515347    0.01361     0.8167     49.000  1023.6708  48314.825    30.3315      0.958    6.86807     7.5756     7.5873    23.6663   12.36973 5.0015e+01      0.967 0.0000e+00
        198 311.515350    0.01368     0.8208     49.250  1023.6908  48351.341    30.3552      0.970    6.86860     7.5839     7.5771    23.6863   12.37032 5.0078e+01      0.979 0.0000e+00
        199 311.515353    0.01375     0.8250     49.500  1023.6981  48364.585    30.3642      0.986    6.86842     7.5979     7.5757    23.6936   12.36990 5.0424e+01      0.995 0.0000e+00
        200 311.515356    0.01382     0.8292     49.750  1023.6886  48347.167    30.3534      0.996    6.86761     7.6096     7.5840    23.6840   12.36869 5.0435e+01      1.005 0.0000e+00
        201 311.515359    0.01389     0.8333     50.000  1023.6679  48309.506    30.3294      0.994    6.86649     7.6134     7.5979    23.6633   12.36714 5.0181e+01      1.003 0.0000e+00
        202 311.515362    0.01396     0.8375     50.250  1023.6489  48275.036    30.3073      0.983    6.86564     7.6096     7.6097    23.6443   12.36601 5.0275e+01      0.993 0.0000e+00
        203 311.515365    0.01403     0.8417     50.500  1023.6414  48261.376    30.2985      0.970    6.86543     7.6029     7.6135    23.6368   12.36577 5.1080e+01      0.979 0.0000e+00
        204 311.515367    0.01410     0.8458     50.750  1023.6463  48270.338    30.3041      0.961    6.86578     7.5992     7.6096    23.6418   12.36629 5.2110e+01      0.970 0.0000e+00
        205 311.515370    0.01417     0.8500     51.000  1023.6570  48289.975    30.3167      0.960    6.86626     7.6007     7.6030    23.6526   12.36692 5.2502e+01      0.969 0.0000e+00
        206 311.515373    0.01424     0.8542     51.250  1023.6652  48304.744    30.3264      0.966    6.86640     7.6058     7.5993    23.6607   12.36704 5.1862e+01      0.975 0.0000e+00
        207 311.515376    0.01431     0.8583     51.500  1023.6661  48306.435    30.3278      0.975    6.86611     7.6109     7.6008    23.6616   12.36654 5.0703e+01      0.984 0.0000e+00
        208 311.515379    0.01438     0.8625     51.750  1023.6597  48294.773    30.3205      0.983    6.86564     7.6125     7.6059    23.6552   12.36585 4.9917e+01      0.993 0.0000e+00
        209 311.515382    0.01444     0.8667     52.000  1023.6490  48275.102    30.3076      0.987    6.86541     7.6084     7.6110    23.6444   12.36563 5.0024e+01      0.997 0.0000e+00
        210 311.515385    0.01451     0.8708     52.250  1023.6387  48256.266    30.2948      0.984    6.86574     7.5976     7.6126    23.6341   12.36634 5.0470e+01      0.994 0.0000e+00
        211 311.515388    0.01458     0.8750     52.500  1023.6334  48246.693    30.2875      0.976    6.86671     7.5805     7.6085    23.6289   12.36803 5.0336e+01      0.986 0.0000e+00
        212 311.515391    0.01465     0.8792     52.750  1023.6370  48253.142    30.2903      0.966    6.86828     7.5605     7.5977    23.6326   12.37060 4.9847e+01      0.975 0.0000e+00
        213 311.515394    0.01472     0.8833     53.000  1023.6512  48278.879    30.3055      0.958    6.87030     7.5424     7.5806    23.6468   12.37374 4.9822e+01      0.968 0.0000e+00
        214 311.515396    0.01479     0.8875     53.250  1023.6731  48318.705    30.3300      0.958    6.87234     7.5286     7.5606    23.6687   12.37682 5.0417e+01      0.967 0.0000e+00
        215 311.515399    0.01486     0.8917     53.500  1023.6958  48359.807    30.3556      0.966    6.87403     7.5188     7.5425    23.6913   12.37930 5.0953e+01      0.975 0.0000e+00
        216 311.515402    0.01493     0.8958     53.750  1023.7123  48389.803    30.3743      0.977    6.87537     7.5121     7.5287    23.7078   12.38128 5.1058e+01      0.986 0.0000e+00
        217 311.515405    0.01500     0.9000     54.000  1023.7198  48403.316    30.3821      0.986    6.87655     7.5068     7.5189    23.7152   12.38315 5.1058e+01      0.995 0.0000e+00
        218 311.515408    0.01507     0.9042     54.250  1023.7202  48403.984    30.3815      0.987    6.87765     7.5013     7.5122    23.7157   12.38497 5.1120e+01      0.997 0.0000e+00
        219 311.515411    0.01514     0.9083     54.500  1023.7188  48401.313    30.3788      0.981    6.87860     7.4946     7.5069    23.7143   12.38657 5.1259e+01      0.991 0.0000e+00
        220 311.515414    0.01521     0.9125     54.750  1023.7204  48404.242    30.3800      0.972    6.87942     7.4878     7.5014    23.7159   12.38790 5.1354e+01      0.981 0.0000e+00
        221 311.515417    0.01528     0.9167     55.000  1023.7274  48416.898    30.3877      0.964    6.88012     7.4827     7.4947    23.7229   12.38898 5.1111e+01      0.974 0.0000e+00
        222 311.515420    0.01535     0.9208     55.250  1023.7380  48436.304    30.4001      0.963    6.88065     7.4802     7.4879    23.7335   12.38969 5.0804e+01      0.972 0.0000e+00
        223 311.515422    0.01542     0.9250     55.500  1023.7476  48453.802    30.4114      0.968    6.88095     7.4798     7.4827    23.7431   12.39004 5.0926e+01      0.977 0.0000e+00
        224 311.515425    0.01549     0.9292     55.750  1023.7520  48461.720    30.4165      0.975    6.88110     7.4804     7.4803    23.7475   12.39024 5.1240e+01      0.984 0.0000e+00
        225 311.515428    0.01556     0.9333     56.000  1023.7504  48458.825    30.4145      0.979    6.88126     7.4810     7.4799    23.7459   12.39052 5.1307e+01      0.988 0.0000e+00
        226 311.515431    0.01563     0.9375     56.250  1023.7458  48450.444    30.4087      0.976    6.88143     7.4810     7.4805    23.7413   12.39087 5.1227e+01      0.985 0.0000e+00
        227 311.515434    0.01569     0.9417     56.500  1023.7422  48443.888    30.4043      0.970    6.88153     7.4803     7.4811    23.7378   12.39110 5.1421e+01      0.979 0.0000e+00
        228 311.515437    0.01576     0.9458     56.750  1023.7422  48443.779    30.4042      0.966    6.88154     7.4795     7.4811    23.7377   12.39111 5.1751e+01      0.975 0.0000e+00
        229 311.515440    0.01583     0.9500     57.000  1023.7455  48449.876    30.4083      0.968    6.88146     7.4793     7.4804    23.7410   12.39093 5.1684e+01      0.977 0.0000e+00
        230 311.515443    0.01590     0.9542     57.250  1023.7495  48457.181    30.4133      0.976    6.88136     7.4798     7.4796    23.7450   12.39071 5.1370e+01      0.986 0.0000e+00
        231 311.515446    0.01597     0.9583     57.500  1023.7510  48459.752    30.4150      0.984    6.88131     7.4805     7.4794    23.7464   12.39060 5.1208e+01      0.994 0.0000e+00
        232 311.515448    0.01604     0.9625     57.750  1023.7488  48455.783    30.4123      0.987    6.88136     7.4810     7.4799    23.7442   12.39072 5.1211e+01      0.997 0.0000e+00
        233 311.515451    0.01611     0.9667     58.000  1023.7450  48448.807    30.4076      0.982    6.88146     7.4810     7.4806    23.7404   12.39094 5.1434e+01      0.992 0.0000e+00
        234 311.515454    0.01618     0.9708     58.250  1023.7428  48445.004    30.4051      0.971    6.88150     7.4812     7.4811    23.7383   12.39103 5.1940e+01      0.980 0.0000e+00
        235 311.515457    0.01625     0.9750     58.500  1023.7455  48450.041    30.4086      0.961    6.88134     7.4839     7.4811    23.7411   12.39074 5.2521e+01      0.970 0.0000e+00
        236 311.515460    0.01632     0.9792     58.750  1023.7540  48465.750    30.4195      0.958    6.88083     7.4922     7.4813    23.7496   12.38976 5.2934e+01      0.967 0.0000e+00
        237 311.515463    0.01639     0.9833     59.000  1023.7665  48488.612    30.4358      0.964    6.87968     7.5088     7.4840    23.7620   12.38766 5.2882e+01      0.973 0.0000e+00
        238 311.515466    0.01646     0.9875     59.250  1023.7802  48513.848    30.4546      0.978    6.87755     7.5375     7.4923    23.7757   12.38389 5.2443e+01      0.987 0.0000e+00
        239 311.515469    0.01653     0.9917     59.500  1023.7950  48541.197    30.4762      0.992    6.87399     7.5838     7.5089    23.7903   12.37772 5.2088e+01      1.002 0.0000e+00
        240 311.515472    0.01660     0.9958     59.750  1023.8145  48577.650    30.5060      1.000    6.86817     7.6560     7.5376    23.8098   12.36773 5.1683e+01      1.009 0.0000e+00
        241 311.515475    0.01667     1.0000     60.000  1023.8477  48639.700    30.5564      0.996    6.85870     7.7608     7.5838    23.8430   12.35142 5.0960e+01      1.006 0.0000e+00
        242 311.515477    0.01674     1.0042     60.250  1023.8923  48723.468    30.6259      0.984    6.84433     7.8894     7.6560    23.8877   12.32677 5.0406e+01      0.993 0.0000e+00
        243 311.515480    0.01681     1.0083     60.500  1023.9154  48768.984    30.6738      0.967    6.82587     8.0174     7.7608    23.9110   12.29564 5.0503e+01      0.976 0.0000e+00
        244 311.515483    0.01688     1.0125     60.750  1023.8911  48728.574    30.6656      0.953    6.80626     8.1244     7.8895    23.8867   12.26329 5.0680e+01      0.962 0.0000e+00
        245 311.515486    0.01694     1.0167     61.000  1023.8364  48632.984    30.6186      0.948    6.78854     8.2046     8.0175    23.8321   12.23453 5.0281e+01      0.957 0.0000e+00
        246 311.515489    0.01701     1.0208     61.250  1023.7798  48533.222    30.5654      0.955    6.77437     8.2611     8.1245    23.7754   12.21174 4.9712e+01      0.964 0.0000e+00
        247 311.515492    0.01708     1.0250     61.500  1023.7338  48452.121    30.5210      0.970    6.76397     8.2997     8.2047    23.7293   12.19508 4.9541e+01      0.979 0.0000e+00
        248 311.515495    0.01715     1.0292     61.750  1023.7010  48394.444    30.4893      0.988    6.75668     8.3263     8.2612    23.6965   12.18340 4.9850e+01      0.998 0.0000e+00
        249 311.515498    0.01722     1.0333     62.000  1023.6799  48357.254    30.4692      1.003    6.75162     8.3453     8.2998    23.6752   12.17528 5.0305e+01      1.013 0.0000e+00
        250 311.515501    0.01729     1.0375     62.250  1023.6670  48334.832    30.4575      1.008    6.74806     8.3594     8.3264    23.6623   12.16952 5.0321e+01      1.017 0.0000e+00
        251 311.515503    0.01736     1.0417     62.500  1023.6592  48321.426    30.4510      0.998    6.74544     8.3698     8.3454    23.6545   12.16527 4.9980e+01      1.007 0.0000e+00
        252 311.515506    0.01743     1.0458     62.750  1023.6529  48310.787    30.4457      0.978    6.74352     8.3766     8.3595    23.6484   12.16215 5.0212e+01      0.987 0.0000e+00
        253 311.515509    0.01750     1.0500     63.000  1023.6465  48299.763    30.4395      0.957    6.74220     8.3809     8.3699    23.6421   12.16005 5.1347e+01      0.966 0.0000e+00
        254 311.515512    0.01757     1.0542     63.250  1023.6425  48292.873    30.4357      0.945    6.74133     8.3848     8.3767    23.6381   12.15864 5.2204e+01      0.954 0.0000e+00
        255 311.515515    0.01764     1.0583     63.500  1023.6429  48293.675    30.4369      0.948    6.74061     8.3899     8.3810    23.6384   12.15744 5.1836e+01      0.957 0.0000e+00
