CTD-processing/allCTD/CNV--homogene/2017_06-28_t9_s02_cast186.cnv
* Sea-Bird SBE19plus Data File:
* FileName = C:\Users\Kim.Powell\Desktop\2017_06-28_4141\T9\2017_06-28_T9_cast186.hex
* Software Version 1.59
* Temperature SN =  4141
* Conductivity SN =  4141
* System UpLoad Time = Jul 21 2017 10:45:02
** CookInlet LTM Transect 9
** 2017_06-28
** Station: 9-02
** Start Time: 11:37
** Depth: 71m
** Comment: Barnacle
** Comment:
# nquan = 17
# nvalues = 627                         
# units = specified
# name 0 = scan: Scan Count
# name 1 = timeJ: Julian Days
# name 2 = timeH: Time, Elapsed [hours]
# name 3 = timeM: Time, Elapsed [minutes]
# name 4 = timeS: Time, Elapsed [seconds]
# name 5 = density00: Density [density, kg/m^3]
# name 6 = specc: Specific Conductance [uS/cm]
# name 7 = sal00: Salinity, Practical [PSU]
# name 8 = depSM: Depth [salt water, m], lat = 59.00
# name 9 = oxsolML/L: Oxygen Saturation, Garcia & Gordon [ml/l]
# name 10 = potemp090C: Potential Temperature [ITS-90, deg C]
# name 11 = tv290C: Temperature [ITS-90, deg C]
# name 12 = sigma-é00: Density [sigma-theta, kg/m^3]
# name 13 = n2satML/L: Nitrogen Saturation [ml/l]
# name 14 = par: PAR/Irradiance, Biospherical/Licor
# name 15 = prdM: Pressure, Strain Gauge [db]
# name 16 = flag:  0.000e+00
# span 0 =          1,        627       
# span 1 = 179.485046, 179.486858       
# span 2 =    0.00000,    0.04347       
# span 3 =     0.0000,     2.6083       
# span 4 =      0.000,    156.500       
# span 5 =  1000.3218,  1025.2344       
# span 6 =   1380.477,  50684.878       
# span 7 =     0.7683,    31.7660       
# span 8 =      0.000,     64.683       
# span 9 =    6.72432,    7.89995       
# span 10 =     6.5196,     9.7744      
# span 11 =     6.5250,     9.7929      
# span 12 =     0.3218,    24.9338      
# span 13 =   12.12601,   14.49917      
# span 14 = 5.1188e-02, 5.8367e+02      
# span 15 =      0.000,     65.304      
# span 16 = 0.0000e+00, 0.0000e+00      
# interval = seconds: 0.25
# start_time = Jun 28 2017 11:38:28 [Instrument's time stamp, header]
# bad_flag = -9.990e-29
*END*
[from data line 86]
         87 179.485295    0.00597     0.3583     21.500  1024.0677  49056.232    30.9222      0.879    6.76726     8.0786     8.0670    24.0636   12.19557 2.6127e+02      0.887 0.0000e+00
         88 179.485298    0.00604     0.3625     21.750  1024.0665  49054.401    30.9220      0.876    6.76618     8.0820     8.0741    24.0625   12.19378 2.6253e+02      0.884 0.0000e+00
         89 179.485301    0.00611     0.3667     22.000  1024.0678  49056.846    30.9245      0.874    6.76536     8.0848     8.0787    24.0637   12.19239 2.6434e+02      0.883 0.0000e+00
         90 179.485304    0.00618     0.3708     22.250  1024.0700  49061.143    30.9280      0.874    6.76468     8.0872     8.0821    24.0660   12.19122 2.6460e+02      0.883 0.0000e+00
         91 179.485307    0.00625     0.3750     22.500  1024.0716  49064.172    30.9305      0.876    6.76415     8.0891     8.0849    24.0676   12.19031 2.6248e+02      0.885 0.0000e+00
         92 179.485310    0.00632     0.3792     22.750  1024.0707  49062.547    30.9298      0.880    6.76382     8.0903     8.0873    24.0667   12.18977 2.5939e+02      0.889 0.0000e+00
         93 179.485312    0.00639     0.3833     23.000  1024.0670  49055.703    30.9253      0.887    6.76372     8.0907     8.0892    24.0629   12.18967 2.5717e+02      0.895 0.0000e+00
         94 179.485315    0.00646     0.3875     23.250  1024.0637  49049.630    30.9212      0.895    6.76371     8.0907     8.0904    24.0595   12.18971 2.5577e+02      0.903 0.0000e+00
         95 179.485318    0.00653     0.3917     23.500  1024.0658  49053.397    30.9239      0.902    6.76353     8.0908     8.0908    24.0616   12.18937 2.5413e+02      0.910 0.0000e+00
         96 179.485321    0.00660     0.3958     23.750  1024.0733  49067.093    30.9335      0.905    6.76312     8.0916     8.0908    24.0691   12.18857 2.5258e+02      0.914 0.0000e+00
         97 179.485324    0.00667     0.4000     24.000  1024.0804  49080.181    30.9427      0.904    6.76269     8.0930     8.0909    24.0762   12.18776 2.5205e+02      0.913 0.0000e+00
         98 179.485327    0.00674     0.4042     24.250  1024.0823  49083.757    30.9453      0.901    6.76247     8.0950     8.0917    24.0782   12.18735 2.5233e+02      0.909 0.0000e+00
         99 179.485330    0.00681     0.4083     24.500  1024.0785  49076.894    30.9407      0.898    6.76244     8.0969     8.0931    24.0744   12.18737 2.5270e+02      0.906 0.0000e+00
        100 179.485333    0.00688     0.4125     24.750  1024.0723  49065.615    30.9331      0.898    6.76247     8.0985     8.0951    24.0682   12.18751 2.5289e+02      0.906 0.0000e+00
        101 179.485336    0.00694     0.4167     25.000  1024.0686  49058.843    30.9287      0.901    6.76237     8.1001     8.0970    24.0644   12.18740 2.5332e+02      0.910 0.0000e+00
        102 179.485339    0.00701     0.4208     25.250  1024.0698  49061.104    30.9305      0.907    6.76205     8.1021     8.0986    24.0656   12.18684 2.5420e+02      0.916 0.0000e+00
        103 179.485341    0.00708     0.4250     25.500  1024.0751  49070.804    30.9375      0.915    6.76149     8.1046     8.1002    24.0709   12.18583 2.5499e+02      0.924 0.0000e+00
        104 179.485344    0.00715     0.4292     25.750  1024.0822  49083.690    30.9468      0.924    6.76077     8.1077     8.1022    24.0779   12.18453 2.5536e+02      0.933 0.0000e+00
        105 179.485347    0.00722     0.4333     26.000  1024.0880  49094.353    30.9546      0.929    6.76005     8.1122     8.1047    24.0837   12.18324 2.5583e+02      0.938 0.0000e+00
        106 179.485350    0.00729     0.4375     26.250  1024.0898  49097.770    30.9575      0.930    6.75944     8.1177     8.1078    24.0855   12.18219 2.5674e+02      0.939 0.0000e+00
        107 179.485353    0.00736     0.4417     26.500  1024.0858  49090.656    30.9532      0.928    6.75895     8.1225     8.1123    24.0815   12.18143 2.5734e+02      0.937 0.0000e+00
        108 179.485356    0.00743     0.4458     26.750  1024.0757  49072.480    30.9414      0.926    6.75862     8.1245     8.1178    24.0715   12.18104 2.5724e+02      0.935 0.0000e+00
        109 179.485359    0.00750     0.4500     27.000  1024.0630  49049.507    30.9261      0.929    6.75856     8.1232     8.1226    24.0588   12.18113 2.5684e+02      0.938 0.0000e+00
        110 179.485362    0.00757     0.4542     27.250  1024.0551  49035.070    30.9163      0.936    6.75869     8.1202     8.1246    24.0508   12.18146 2.5636e+02      0.945 0.0000e+00
        111 179.485365    0.00764     0.4583     27.500  1024.0576  49039.484    30.9191      0.944    6.75877     8.1187     8.1232    24.0532   12.18156 2.5679e+02      0.953 0.0000e+00
        112 179.485367    0.00771     0.4625     27.750  1024.0678  49057.956    30.9316      0.948    6.75867     8.1216     8.1203    24.0634   12.18125 2.5805e+02      0.958 0.0000e+00
        113 179.485370    0.00778     0.4667     28.000  1024.0768  49074.315    30.9428      0.946    6.75840     8.1290     8.1188    24.0724   12.18066 2.5860e+02      0.956 0.0000e+00
        114 179.485373    0.00785     0.4708     28.250  1024.0772  49075.273    30.9439      0.941    6.75791     8.1374     8.1217    24.0728   12.17983 2.5841e+02      0.950 0.0000e+00
        115 179.485376    0.00792     0.4750     28.500  1024.0678  49058.346    30.9332      0.936    6.75725     8.1426     8.1291    24.0634   12.17886 2.5772e+02      0.945 0.0000e+00
        116 179.485379    0.00799     0.4792     28.750  1024.0540  49033.508    30.9172      0.935    6.75667     8.1437     8.1375    24.0496   12.17811 2.5666e+02      0.944 0.0000e+00
        117 179.485382    0.00806     0.4833     29.000  1024.0446  49016.504    30.9061      0.939    6.75636     8.1416     8.1427    24.0402   12.17773 2.5560e+02      0.948 0.0000e+00
        118 179.485385    0.00813     0.4875     29.250  1024.0447  49016.852    30.9065      0.945    6.75619     8.1375     8.1438    24.0403   12.17744 2.5420e+02      0.954 0.0000e+00
        119 179.485388    0.00819     0.4917     29.500  1024.0528  49031.496    30.9164      0.949    6.75607     8.1328     8.1417    24.0484   12.17711 2.5357e+02      0.958 0.0000e+00
        120 179.485391    0.00826     0.4958     29.750  1024.0630  49049.985    30.9287      0.950    6.75615     8.1291     8.1376    24.0586   12.17710 2.5462e+02      0.959 0.0000e+00
        121 179.485394    0.00833     0.5000     30.000  1024.0709  49064.203    30.9379      0.950    6.75647     8.1274     8.1329    24.0665   12.17752 2.5592e+02      0.959 0.0000e+00
        122 179.485396    0.00840     0.5042     30.250  1024.0755  49072.333    30.9430      0.950    6.75681     8.1275     8.1292    24.0710   12.17801 2.5681e+02      0.959 0.0000e+00
        123 179.485399    0.00847     0.5083     30.500  1024.0782  49077.258    30.9462      0.951    6.75693     8.1290     8.1275    24.0738   12.17817 2.5701e+02      0.960 0.0000e+00
        124 179.485402    0.00854     0.5125     30.750  1024.0803  49081.027    30.9488      0.952    6.75680     8.1315     8.1276    24.0758   12.17794 2.5670e+02      0.961 0.0000e+00
        125 179.485405    0.00861     0.5167     31.000  1024.0806  49081.603    30.9494      0.953    6.75654     8.1342     8.1291    24.0761   12.17750 2.5702e+02      0.962 0.0000e+00
        126 179.485408    0.00868     0.5208     31.250  1024.0780  49076.984    30.9466      0.956    6.75629     8.1369     8.1316    24.0736   12.17711 2.5755e+02      0.965 0.0000e+00
        127 179.485411    0.00875     0.5250     31.500  1024.0744  49070.398    30.9424      0.962    6.75606     8.1402     8.1343    24.0699   12.17679 2.5711e+02      0.971 0.0000e+00
        128 179.485414    0.00882     0.5292     31.750  1024.0735  49068.896    30.9418      0.970    6.75568     8.1455     8.1370    24.0690   12.17616 2.5642e+02      0.980 0.0000e+00
        129 179.485417    0.00889     0.5333     32.000  1024.0768  49074.975    30.9465      0.977    6.75495     8.1536     8.1403    24.0722   12.17490 2.5652e+02      0.986 0.0000e+00
        130 179.485420    0.00896     0.5375     32.250  1024.0807  49082.325    30.9525      0.978    6.75390     8.1651     8.1455    24.0761   12.17308 2.5719e+02      0.988 0.0000e+00
        131 179.485422    0.00903     0.5417     32.500  1024.0803  49082.130    30.9536      0.973    6.75261     8.1785     8.1537    24.0758   12.17093 2.5798e+02      0.982 0.0000e+00
        132 179.485425    0.00910     0.5458     32.750  1024.0733  49069.780    30.9467      0.963    6.75116     8.1915     8.1651    24.0688   12.16862 2.5853e+02      0.973 0.0000e+00
        133 179.485428    0.00917     0.5500     33.000  1024.0603  49046.837    30.9327      0.954    6.74972     8.2021     8.1786    24.0559   12.16641 2.5876e+02      0.963 0.0000e+00
        134 179.485431    0.00924     0.5542     33.250  1024.0455  49020.331    30.9161      0.949    6.74847     8.2101     8.1915    24.0411   12.16454 2.5881e+02      0.958 0.0000e+00
        135 179.485434    0.00931     0.5583     33.500  1024.0332  48998.348    30.9024      0.948    6.74744     8.2161     8.2022    24.0288   12.16302 2.5851e+02      0.957 0.0000e+00
        136 179.485437    0.00937     0.5625     33.750  1024.0262  48985.926    30.8949      0.952    6.74655     8.2208     8.2102    24.0218   12.16163 2.5784e+02      0.961 0.0000e+00
        137 179.485440    0.00944     0.5667     34.000  1024.0250  48983.881    30.8944      0.957    6.74566     8.2249     8.2162    24.0205   12.16017 2.5795e+02      0.966 0.0000e+00
        138 179.485443    0.00951     0.5708     34.250  1024.0272  48988.120    30.8981      0.961    6.74478     8.2289     8.2209    24.0227   12.15866 2.5861e+02      0.970 0.0000e+00
        139 179.485446    0.00958     0.5750     34.500  1024.0294  48992.351    30.9016      0.962    6.74400     8.2334     8.2250    24.0249   12.15732 2.5801e+02      0.971 0.0000e+00
        140 179.485448    0.00965     0.5792     34.750  1024.0291  48992.013    30.9020      0.959    6.74336     8.2380     8.2290    24.0246   12.15627 2.5683e+02      0.968 0.0000e+00
        141 179.485451    0.00972     0.5833     35.000  1024.0255  48985.572    30.8982      0.954    6.74285     8.2420     8.2335    24.0210   12.15546 2.5702e+02      0.963 0.0000e+00
        142 179.485454    0.00979     0.5875     35.250  1024.0200  48975.800    30.8921      0.950    6.74242     8.2453     8.2381    24.0155   12.15483 2.5834e+02      0.958 0.0000e+00
        143 179.485457    0.00986     0.5917     35.500  1024.0154  48967.643    30.8870      0.946    6.74204     8.2482     8.2421    24.0110   12.15426 2.5852e+02      0.955 0.0000e+00
        144 179.485460    0.00993     0.5958     35.750  1024.0126  48962.715    30.8840      0.944    6.74166     8.2503     8.2454    24.0082   12.15367 2.5606e+02      0.953 0.0000e+00
        145 179.485463    0.01000     0.6000     36.000  1024.0099  48957.873    30.8811      0.944    6.74135     8.2508     8.2483    24.0055   12.15319 2.5270e+02      0.953 0.0000e+00
        146 179.485466    0.01007     0.6042     36.250  1024.0049  48948.843    30.8751      0.947    6.74129     8.2492     8.2504    24.0005   12.15317 2.5048e+02      0.956 0.0000e+00
        147 179.485469    0.01014     0.6083     36.500  1023.9976  48935.494    30.8659      0.955    6.74162     8.2452     8.2509    23.9932   12.15382 2.4905e+02      0.964 0.0000e+00
        148 179.485472    0.01021     0.6125     36.750  1023.9917  48924.693    30.8581      0.965    6.74221     8.2397     8.2493    23.9873   12.15490 2.4900e+02      0.974 0.0000e+00
        149 179.485475    0.01028     0.6167     37.000  1023.9922  48925.341    30.8579      0.974    6.74283     8.2342     8.2453    23.9878   12.15592 2.5123e+02      0.983 0.0000e+00
        150 179.485477    0.01035     0.6208     37.250  1024.0000  48939.338    30.8668      0.977    6.74328     8.2307     8.2397    23.9956   12.15656 2.5328e+02      0.986 0.0000e+00
        151 179.485480    0.01042     0.6250     37.500  1024.0111  48959.317    30.8799      0.974    6.74353     8.2302     8.2343    24.0066   12.15681 2.5347e+02      0.983 0.0000e+00
        152 179.485483    0.01049     0.6292     37.750  1024.0197  48974.851    30.8903      0.966    6.74361     8.2324     8.2308    24.0152   12.15683 2.5407e+02      0.975 0.0000e+00
        153 179.485486    0.01056     0.6333     38.000  1024.0218  48978.806    30.8930      0.959    6.74357     8.2357     8.2303    24.0174   12.15673 2.5567e+02      0.968 0.0000e+00
        154 179.485489    0.01063     0.6375     38.250  1024.0171  48970.302    30.8873      0.957    6.74348     8.2387     8.2325    24.0127   12.15665 2.5642e+02      0.966 0.0000e+00
        155 179.485492    0.01069     0.6417     38.500  1024.0087  48955.029    30.8772      0.960    6.74342     8.2407     8.2358    24.0043   12.15666 2.5616e+02      0.969 0.0000e+00
        156 179.485495    0.01076     0.6458     38.750  1024.0008  48940.756    30.8677      0.966    6.74338     8.2419     8.2388    23.9964   12.15672 2.5636e+02      0.975 0.0000e+00
        157 179.485498    0.01083     0.6500     39.000  1023.9964  48932.755    30.8624      0.972    6.74332     8.2429     8.2408    23.9919   12.15668 2.5728e+02      0.981 0.0000e+00
        158 179.485501    0.01090     0.6542     39.250  1023.9965  48932.811    30.8626      0.976    6.74312     8.2437     8.2420    23.9919   12.15635 2.5742e+02      0.985 0.0000e+00
        159 179.485503    0.01097     0.6583     39.500  1024.0003  48939.818    30.8676      0.977    6.74274     8.2442     8.2430    23.9958   12.15567 2.5671e+02      0.985 0.0000e+00
        160 179.485506    0.01104     0.6625     39.750  1024.0062  48950.699    30.8753      0.974    6.74228     8.2447     8.2438    24.0017   12.15480 2.5582e+02      0.983 0.0000e+00
        161 179.485509    0.01111     0.6667     40.000  1024.0121  48961.586    30.8830      0.969    6.74186     8.2461     8.2443    24.0076   12.15402 2.5463e+02      0.978 0.0000e+00
        162 179.485512    0.01118     0.6708     40.250  1024.0162  48969.134    30.8884      0.962    6.74155     8.2488     8.2448    24.0118   12.15344 2.5415e+02      0.971 0.0000e+00
        163 179.485515    0.01125     0.6750     40.500  1024.0170  48970.711    30.8897      0.957    6.74128     8.2519     8.2462    24.0126   12.15297 2.5493e+02      0.965 0.0000e+00
        164 179.485518    0.01132     0.6792     40.750  1024.0145  48966.225    30.8870      0.953    6.74100     8.2549     8.2489    24.0101   12.15253 2.5600e+02      0.962 0.0000e+00
        165 179.485521    0.01139     0.6833     41.000  1024.0107  48959.488    30.8827      0.953    6.74071     8.2580     8.2520    24.0063   12.15211 2.5735e+02      0.962 0.0000e+00
        166 179.485524    0.01146     0.6875     41.250  1024.0079  48954.525    30.8797      0.953    6.74039     8.2614     8.2550    24.0035   12.15161 2.5857e+02      0.962 0.0000e+00
        167 179.485527    0.01153     0.6917     41.500  1024.0068  48952.700    30.8789      0.954    6.73996     8.2653     8.2581    24.0024   12.15091 2.5855e+02      0.963 0.0000e+00
        168 179.485530    0.01160     0.6958     41.750  1024.0072  48953.588    30.8800      0.954    6.73938     8.2694     8.2615    24.0028   12.14994 2.5856e+02      0.963 0.0000e+00
        169 179.485532    0.01167     0.7000     42.000  1024.0085  48956.068    30.8824      0.953    6.73869     8.2738     8.2654    24.0041   12.14877 2.6036e+02      0.962 0.0000e+00
        170 179.485535    0.01174     0.7042     42.250  1024.0099  48958.940    30.8850      0.949    6.73794     8.2788     8.2695    24.0055   12.14750 2.6330e+02      0.958 0.0000e+00
