CTD-processing/allCTD/CNV--homogene/2017_07-25_t4_s10_cast233.cnv
* Sea-Bird SBE19plus Data File:
* FileName = P:\My Documents\kasitsna\Research-KBL\Oceanography-AK\CTD-Data-ALL-to-2017-02\2017-CTD-KachemakBay-CookInlet\2017-07-25-CookInlet-Tran4-Barabara\2017-07-25-CookInlet-Tran4-cast233.hex
* Software Version 1.59
* Temperature SN =  4141
* Conductivity SN =  4141
* System UpLoad Time = Jul 25 2017 19:48:03
** Cook Inlet LTM Transect 4 Barabara south to north
** Date: 2017-07-25
** Station: (eg. 9-01): 9-10
** Start time (AKDT): 11:52
** Depth (m): 14.3
** Comment: R/V Edgecumbe.  Quarterly survey.
** Comment:
# nquan = 17
# nvalues = 502                         
# units = specified
# name 0 = scan: Scan Count
# name 1 = timeJ: Julian Days
# name 2 = timeH: Time, Elapsed [hours]
# name 3 = timeM: Time, Elapsed [minutes]
# name 4 = timeS: Time, Elapsed [seconds]
# name 5 = density00: Density [density, kg/m^3]
# name 6 = specc: Specific Conductance [uS/cm]
# name 7 = sal00: Salinity, Practical [PSU]
# name 8 = depSM: Depth [salt water, m], lat = 59.00
# name 9 = oxsolML/L: Oxygen Saturation, Garcia & Gordon [ml/l]
# name 10 = potemp090C: Potential Temperature [ITS-90, deg C]
# name 11 = tv290C: Temperature [ITS-90, deg C]
# name 12 = sigma-é00: Density [sigma-theta, kg/m^3]
# name 13 = n2satML/L: Nitrogen Saturation [ml/l]
# name 14 = par: PAR/Irradiance, Biospherical/Licor
# name 15 = prdM: Pressure, Strain Gauge [db]
# name 16 = flag:  0.000e+00
# span 0 =          1,        502       
# span 1 = 206.495243, 206.496693       
# span 2 =    0.00000,    0.03479       
# span 3 =     0.0000,     2.0875       
# span 4 =      0.000,    125.250       
# span 5 =  1021.8033,  1023.8383       
# span 6 =  45353.182,  48773.367       
# span 7 =    28.7806,    31.0584       
# span 8 =      0.753,     13.191       
# span 9 =    6.30362,    6.39353       
# span 10 =    10.5896,    11.8072      
# span 11 =    10.5911,    11.8227      
# span 12 =    21.7999,    23.7781      
# span 13 =   11.44728,   11.57500      
# span 14 = 3.2025e+00, 2.1637e+02      
# span 15 =      0.761,     13.316      
# span 16 = 0.0000e+00, 0.0000e+00      
# interval = seconds: 0.25
# start_time = Jul 25 2017 11:53:09 [Instrument's time stamp, header]
# bad_flag = -9.990e-29
*END*
[from data line 256]
        257 206.495984    0.01778     1.0667     64.000  1022.1741  46024.810    29.2474      0.787    6.30854    11.7483    11.7487    22.1705   11.45541 2.0032e+02      0.795 0.0000e+00
        258 206.495987    0.01785     1.0708     64.250  1022.1741  46024.753    29.2473      0.789    6.30855    11.7482    11.7487    22.1705   11.45542 2.0401e+02      0.796 0.0000e+00
        259 206.495990    0.01792     1.0750     64.500  1022.1746  46025.653    29.2479      0.792    6.30856    11.7481    11.7484    22.1710   11.45543 2.0726e+02      0.799 0.0000e+00
        260 206.495992    0.01799     1.0792     64.750  1022.1750  46026.289    29.2484      0.797    6.30855    11.7475    11.7483    22.1713   11.45541 2.0932e+02      0.804 0.0000e+00
        261 206.495995    0.01806     1.0833     65.000  1022.1749  46026.140    29.2482      0.805    6.30857    11.7460    11.7482    22.1713   11.45544 2.0999e+02      0.813 0.0000e+00
        262 206.495998    0.01812     1.0875     65.250  1022.1749  46025.986    29.2480      0.814    6.30865    11.7435    11.7476    22.1712   11.45559 2.0950e+02      0.821 0.0000e+00
        263 206.496001    0.01819     1.0917     65.500  1022.1755  46026.720    29.2484      0.820    6.30884    11.7401    11.7461    22.1718   11.45589 2.0808e+02      0.828 0.0000e+00
        264 206.496004    0.01826     1.0958     65.750  1022.1769  46028.716    29.2496      0.822    6.30914    11.7368    11.7436    22.1731   11.45637 2.0594e+02      0.829 0.0000e+00
        265 206.496007    0.01833     1.1000     66.000  1022.1792  46032.314    29.2518      0.818    6.30950    11.7351    11.7402    22.1755   11.45695 2.0385e+02      0.826 0.0000e+00
        266 206.496010    0.01840     1.1042     66.250  1022.1820  46036.865    29.2547      0.810    6.30983    11.7357    11.7369    22.1783   11.45746 2.0216e+02      0.818 0.0000e+00
        267 206.496013    0.01847     1.1083     66.500  1022.1840  46040.282    29.2569      0.800    6.30997    11.7380    11.7352    22.1803   11.45767 2.0066e+02      0.808 0.0000e+00
        268 206.496016    0.01854     1.1125     66.750  1022.1842  46040.870    29.2574      0.790    6.30987    11.7407    11.7358    22.1806   11.45750 1.9950e+02      0.798 0.0000e+00
        269 206.496019    0.01861     1.1167     67.000  1022.1829  46038.897    29.2563      0.782    6.30961    11.7428    11.7381    22.1793   11.45708 1.9942e+02      0.789 0.0000e+00
        270 206.496021    0.01868     1.1208     67.250  1022.1807  46035.399    29.2541      0.778    6.30933    11.7433    11.7408    22.1771   11.45664 2.0044e+02      0.785 0.0000e+00
        271 206.496024    0.01875     1.1250     67.500  1022.1783  46031.490    29.2515      0.781    6.30916    11.7419    11.7429    22.1747   11.45638 2.0201e+02      0.788 0.0000e+00
        272 206.496027    0.01882     1.1292     67.750  1022.1767  46028.558    29.2495      0.789    6.30917    11.7387    11.7434    22.1731   11.45642 2.0381e+02      0.797 0.0000e+00
        273 206.496030    0.01889     1.1333     68.000  1022.1763  46027.511    29.2486      0.802    6.30939    11.7342    11.7420    22.1727   11.45680 2.0542e+02      0.810 0.0000e+00
        274 206.496033    0.01896     1.1375     68.250  1022.1776  46029.106    29.2494      0.812    6.30979    11.7301    11.7388    22.1739   11.45746 2.0645e+02      0.820 0.0000e+00
        275 206.496036    0.01903     1.1417     68.500  1022.1805  46033.606    29.2521      0.816    6.31028    11.7279    11.7343    22.1768   11.45824 2.0581e+02      0.824 0.0000e+00
        276 206.496039    0.01910     1.1458     68.750  1022.1844  46040.054    29.2563      0.812    6.31067    11.7289    11.7302    22.1807   11.45885 2.0311e+02      0.820 0.0000e+00
        277 206.496042    0.01917     1.1500     69.000  1022.1882  46046.698    29.2608      0.802    6.31079    11.7331    11.7280    22.1846   11.45899 2.0050e+02      0.810 0.0000e+00
        278 206.496045    0.01924     1.1542     69.250  1022.1904  46050.955    29.2639      0.790    6.31053    11.7393    11.7290    22.1868   11.45852 1.9986e+02      0.798 0.0000e+00
        279 206.496047    0.01931     1.1583     69.500  1022.1899  46050.902    29.2642      0.782    6.30995    11.7456    11.7332    22.1863   11.45754 2.0095e+02      0.789 0.0000e+00
        280 206.496050    0.01938     1.1625     69.750  1022.1872  46047.058    29.2621      0.779    6.30920    11.7508    11.7394    22.1836   11.45633 2.0262e+02      0.786 0.0000e+00
        281 206.496053    0.01944     1.1667     70.000  1022.1834  46041.262    29.2587      0.780    6.30848    11.7541    11.7457    22.1798   11.45518 2.0409e+02      0.788 0.0000e+00
        282 206.496056    0.01951     1.1708     70.250  1022.1794  46034.945    29.2547      0.786    6.30795    11.7552    11.7509    22.1758   11.45434 2.0563e+02      0.793 0.0000e+00
        283 206.496059    0.01958     1.1750     70.500  1022.1758  46028.998    29.2508      0.793    6.30766    11.7542    11.7542    22.1722   11.45391 2.0728e+02      0.801 0.0000e+00
        284 206.496062    0.01965     1.1792     70.750  1022.1732  46024.397    29.2477      0.800    6.30764    11.7519    11.7553    22.1696   11.45392 2.0777e+02      0.807 0.0000e+00
        285 206.496065    0.01972     1.1833     71.000  1022.1721  46022.166    29.2460      0.802    6.30783    11.7495    11.7543    22.1685   11.45425 2.0702e+02      0.810 0.0000e+00
        286 206.496068    0.01979     1.1875     71.250  1022.1728  46022.959    29.2464      0.799    6.30813    11.7483    11.7520    22.1691   11.45474 2.0666e+02      0.806 0.0000e+00
        287 206.496071    0.01986     1.1917     71.500  1022.1748  46026.296    29.2485      0.791    6.30838    11.7490    11.7496    22.1712   11.45512 2.0705e+02      0.798 0.0000e+00
        288 206.496073    0.01993     1.1958     71.750  1022.1768  46029.876    29.2509      0.781    6.30844    11.7507    11.7484    22.1733   11.45519 2.0744e+02      0.789 0.0000e+00
        289 206.496076    0.02000     1.2000     72.000  1022.1773  46030.945    29.2517      0.776    6.30832    11.7522    11.7490    22.1739   11.45498 2.0785e+02      0.784 0.0000e+00
        290 206.496079    0.02007     1.2042     72.250  1022.1761  46028.978    29.2505      0.778    6.30814    11.7524    11.7508    22.1726   11.45469 2.0816e+02      0.786 0.0000e+00
        291 206.496082    0.02014     1.2083     72.500  1022.1742  46025.676    29.2483      0.787    6.30803    11.7514    11.7522    22.1706   11.45454 2.0783e+02      0.795 0.0000e+00
        292 206.496085    0.02021     1.2125     72.750  1022.1729  46023.212    29.2466      0.798    6.30806    11.7494    11.7525    22.1692   11.45461 2.0739e+02      0.806 0.0000e+00
        293 206.496088    0.02028     1.2167     73.000  1022.1728  46022.783    29.2462      0.806    6.30821    11.7472    11.7515    22.1691   11.45488 2.0799e+02      0.814 0.0000e+00
        294 206.496091    0.02035     1.2208     73.250  1022.1737  46024.029    29.2469      0.808    6.30845    11.7455    11.7495    22.1700   11.45526 2.0875e+02      0.816 0.0000e+00
        295 206.496094    0.02042     1.2250     73.500  1022.1754  46026.745    29.2486      0.803    6.30868    11.7456    11.7473    22.1717   11.45563 2.0821e+02      0.810 0.0000e+00
        296 206.496097    0.02049     1.2292     73.750  1022.1777  46030.865    29.2513      0.793    6.30879    11.7479    11.7456    22.1741   11.45579 2.0626e+02      0.801 0.0000e+00
        297 206.496100    0.02056     1.2333     74.000  1022.1798  46034.735    29.2541      0.783    6.30867    11.7518    11.7457    22.1762   11.45555 2.0413e+02      0.790 0.0000e+00
        298 206.496102    0.02063     1.2375     74.250  1022.1804  46036.439    29.2555      0.775    6.30831    11.7561    11.7480    22.1769   11.45493 2.0330e+02      0.782 0.0000e+00
        299 206.496105    0.02069     1.2417     74.500  1022.1794  46035.320    29.2550      0.772    6.30781    11.7599    11.7519    22.1759   11.45410 2.0238e+02      0.779 0.0000e+00
        300 206.496108    0.02076     1.2458     74.750  1022.1772  46032.024    29.2531      0.774    6.30730    11.7627    11.7562    22.1737   11.45328 1.9990e+02      0.781 0.0000e+00
        301 206.496111    0.02083     1.2500     75.000  1022.1749  46028.384    29.2509      0.780    6.30688    11.7647    11.7600    22.1713   11.45261 1.9753e+02      0.787 0.0000e+00
        302 206.496114    0.02090     1.2542     75.250  1022.1731  46025.621    29.2493      0.787    6.30656    11.7661    11.7628    22.1695   11.45211 1.9707e+02      0.795 0.0000e+00
        303 206.496117    0.02097     1.2583     75.500  1022.1718  46023.585    29.2480      0.793    6.30634    11.7671    11.7648    22.1682   11.45175 1.9775e+02      0.801 0.0000e+00
        304 206.496120    0.02104     1.2625     75.750  1022.1708  46021.946    29.2470      0.796    6.30620    11.7678    11.7662    22.1671   11.45152 1.9869e+02      0.804 0.0000e+00
        305 206.496123    0.02111     1.2667     76.000  1022.1701  46020.978    29.2464      0.794    6.30609    11.7688    11.7672    22.1665   11.45136 2.0013e+02      0.802 0.0000e+00
        306 206.496126    0.02118     1.2708     76.250  1022.1703  46021.507    29.2469      0.789    6.30598    11.7709    11.7679    22.1667   11.45117 2.0187e+02      0.797 0.0000e+00
        307 206.496128    0.02125     1.2750     76.500  1022.1713  46023.512    29.2484      0.783    6.30578    11.7739    11.7689    22.1677   11.45082 2.0287e+02      0.790 0.0000e+00
        308 206.496131    0.02132     1.2792     76.750  1022.1718  46024.958    29.2496      0.779    6.30546    11.7770    11.7710    22.1683   11.45027 2.0268e+02      0.786 0.0000e+00
        309 206.496134    0.02139     1.2833     77.000  1022.1710  46023.974    29.2492      0.778    6.30507    11.7793    11.7740    22.1674   11.44963 2.0232e+02      0.786 0.0000e+00
        310 206.496137    0.02146     1.2875     77.250  1022.1692  46021.163    29.2475      0.781    6.30472    11.7805    11.7771    22.1656   11.44907 2.0203e+02      0.789 0.0000e+00
        311 206.496140    0.02153     1.2917     77.500  1022.1673  46018.068    29.2455      0.786    6.30449    11.7807    11.7794    22.1636   11.44870 2.0148e+02      0.794 0.0000e+00
        312 206.496143    0.02160     1.2958     77.750  1022.1657  46015.480    29.2438      0.792    6.30439    11.7800    11.7806    22.1621   11.44856 2.0057e+02      0.799 0.0000e+00
        313 206.496146    0.02167     1.3000     78.000  1022.1647  46013.676    29.2426      0.797    6.30442    11.7788    11.7808    22.1611   11.44862 1.9923e+02      0.804 0.0000e+00
        314 206.496149    0.02174     1.3042     78.250  1022.1645  46013.001    29.2420      0.799    6.30453    11.7778    11.7801    22.1608   11.44882 1.9778e+02      0.807 0.0000e+00
        315 206.496152    0.02181     1.3083     78.500  1022.1651  46013.919    29.2425      0.799    6.30467    11.7777    11.7789    22.1615   11.44903 1.9620e+02      0.806 0.0000e+00
        316 206.496155    0.02187     1.3125     78.750  1022.1665  46016.440    29.2442      0.795    6.30474    11.7789    11.7779    22.1630   11.44912 1.9427e+02      0.802 0.0000e+00
        317 206.496157    0.02194     1.3167     79.000  1022.1682  46019.601    29.2464      0.789    6.30466    11.7814    11.7778    22.1647   11.44898 1.9323e+02      0.796 0.0000e+00
        318 206.496160    0.02201     1.3208     79.250  1022.1693  46021.761    29.2481      0.784    6.30443    11.7843    11.7790    22.1658   11.44857 1.9459e+02      0.791 0.0000e+00
        319 206.496163    0.02208     1.3250     79.500  1022.1688  46021.438    29.2481      0.780    6.30409    11.7864    11.7815    22.1653   11.44802 1.9737e+02      0.788 0.0000e+00
        320 206.496166    0.02215     1.3292     79.750  1022.1669  46018.376    29.2462      0.780    6.30378    11.7868    11.7844    22.1633   11.44752 2.0002e+02      0.787 0.0000e+00
        321 206.496169    0.02222     1.3333     80.000  1022.1642  46013.901    29.2433      0.782    6.30362    11.7853    11.7865    22.1607   11.44728 2.0224e+02      0.789 0.0000e+00
        322 206.496172    0.02229     1.3375     80.250  1022.1618  46009.630    29.2403      0.786    6.30369    11.7821    11.7869    22.1583   11.44743 2.0383e+02      0.794 0.0000e+00
        323 206.496175    0.02236     1.3417     80.500  1022.1604  46006.747    29.2381      0.791    6.30398    11.7778    11.7854    22.1569   11.44793 2.0451e+02      0.799 0.0000e+00
        324 206.496178    0.02243     1.3458     80.750  1022.1602  46005.741    29.2371      0.794    6.30444    11.7729    11.7822    22.1566   11.44872 2.0433e+02      0.802 0.0000e+00
        325 206.496181    0.02250     1.3500     81.000  1022.1612  46006.664    29.2373      0.795    6.30502    11.7684    11.7779    22.1576   11.44967 2.0382e+02      0.802 0.0000e+00
        326 206.496183    0.02257     1.3542     81.250  1022.1634  46009.799    29.2391      0.792    6.30560    11.7653    11.7730    22.1598   11.45063 2.0327e+02      0.799 0.0000e+00
        327 206.496186    0.02264     1.3583     81.500  1022.1663  46014.303    29.2418      0.786    6.30609    11.7637    11.7685    22.1627   11.45141 2.0331e+02      0.793 0.0000e+00
        328 206.496189    0.02271     1.3625     81.750  1022.1687  46018.176    29.2443      0.780    6.30641    11.7629    11.7654    22.1652   11.45191 2.0420e+02      0.787 0.0000e+00
        329 206.496192    0.02278     1.3667     82.000  1022.1700  46020.279    29.2456      0.777    6.30658    11.7621    11.7638    22.1665   11.45216 2.0437e+02      0.784 0.0000e+00
        330 206.496195    0.02285     1.3708     82.250  1022.1702  46020.533    29.2457      0.778    6.30668    11.7603    11.7630    22.1667   11.45233 2.0336e+02      0.785 0.0000e+00
        331 206.496198    0.02292     1.3750     82.500  1022.1698  46019.495    29.2449      0.781    6.30682    11.7571    11.7622    22.1662   11.45258 2.0214e+02      0.788 0.0000e+00
        332 206.496201    0.02299     1.3792     82.750  1022.1693  46018.311    29.2439      0.787    6.30710    11.7522    11.7604    22.1657   11.45306 2.0135e+02      0.794 0.0000e+00
        333 206.496204    0.02306     1.3833     83.000  1022.1695  46018.062    29.2434      0.794    6.30756    11.7459    11.7572    22.1659   11.45382 2.0117e+02      0.801 0.0000e+00
        334 206.496207    0.02313     1.3875     83.250  1022.1710  46019.718    29.2441      0.798    6.30819    11.7397    11.7523    22.1673   11.45487 2.0169e+02      0.805 0.0000e+00
        335 206.496209    0.02319     1.3917     83.500  1022.1740  46024.026    29.2466      0.799    6.30893    11.7352    11.7460    22.1703   11.45607 2.0243e+02      0.807 0.0000e+00
        336 206.496212    0.02326     1.3958     83.750  1022.1779  46030.034    29.2502      0.797    6.30962    11.7332    11.7398    22.1742   11.45717 2.0269e+02      0.804 0.0000e+00
        337 206.496215    0.02333     1.4000     84.000  1022.1810  46035.027    29.2533      0.792    6.31010    11.7331    11.7353    22.1774   11.45793 2.0263e+02      0.799 0.0000e+00
        338 206.496218    0.02340     1.4042     84.250  1022.1822  46036.884    29.2544      0.787    6.31032    11.7338    11.7333    22.1787   11.45829 2.0199e+02      0.794 0.0000e+00
        339 206.496221    0.02347     1.4083     84.500  1022.1818  46036.082    29.2538      0.784    6.31037    11.7348    11.7332    22.1782   11.45836 2.0087e+02      0.792 0.0000e+00
        340 206.496224    0.02354     1.4125     84.750  1022.1811  46034.876    29.2530      0.784    6.31031    11.7364    11.7339    22.1775   11.45828 2.0025e+02      0.792 0.0000e+00
