CTD-processing/allCTD/CNV--homogene/2017_03-28_alongbay_skb02_cast048.cnv
* Sea-Bird SBE19plus Data File:
* FileName = C:\Users\jwschloemer\Documents\CTD Data\2017_03_28_alongbay\2017_03_28_alongbay_cast048.hex
* Software Version 1.59
* Temperature SN =  4141
* Conductivity SN =  4141
* System UpLoad Time = Apr 03 2017 15:15:29
** Cook Inlet LTM Kbay Along Bay
** Date: 2017-03-28
** Station:KB02
** Start Time (AKST):12:19
** Depth (m):120
** Comment: R/V Edgecumbe
# nquan = 17
# nvalues = 733                         
# units = specified
# name 0 = scan: Scan Count
# name 1 = timeJ: Julian Days
# name 2 = timeH: Time, Elapsed [hours]
# name 3 = timeM: Time, Elapsed [minutes]
# name 4 = timeS: Time, Elapsed [seconds]
# name 5 = density00: Density [density, kg/m^3]
# name 6 = specc: Specific Conductance [uS/cm]
# name 7 = sal00: Salinity, Practical [PSU]
# name 8 = depSM: Depth [salt water, m], lat = 59.00
# name 9 = oxsolML/L: Oxygen Saturation, Garcia & Gordon [ml/l]
# name 10 = potemp090C: Potential Temperature [ITS-90, deg C]
# name 11 = tv290C: Temperature [ITS-90, deg C]
# name 12 = sigma-é00: Density [sigma-theta, kg/m^3]
# name 13 = n2satML/L: Nitrogen Saturation [ml/l]
# name 14 = par: PAR/Irradiance, Biospherical/Licor
# name 15 = prdM: Pressure, Strain Gauge [db]
# name 16 = flag:  0.000e+00
# span 0 =          1,        733       
# span 1 =  87.471979,  87.474097       
# span 2 =    0.00000,    0.05083       
# span 3 =     0.0000,     3.0500       
# span 4 =      0.000,    183.000       
# span 5 =  1011.5089,  1025.9462       
# span 6 =  24623.139,  52204.717       
# span 7 =    14.4406,    32.0810       
# span 8 =     -0.021,     89.886       
# span 9 =    7.52087,    8.88813       
# span 10 =     2.1562,     3.2857      
# span 11 =     1.6572,     3.2858      
# span 12 =    11.5090,    25.5369      
# span 13 =   13.42609,   15.95601      
# span 14 = 3.6382e-02, 1.2504e+03      
# span 15 =     -0.022,     90.754      
# span 16 = 0.0000e+00, 0.0000e+00      
# interval = seconds: 0.25
# start_time = Mar 28 2017 11:19:39 [Instrument's time stamp, header]
# bad_flag = -9.990e-29
*END*
[from data line 256]
        257  87.472720    0.01778     1.0667     64.000  1025.5131  52103.964    32.0534      0.861    7.52132     3.2832     3.2838    25.5090   13.42684 6.0778e+02      0.869 0.0000e+00
        258  87.472723    0.01785     1.0708     64.250  1025.5139  52104.831    32.0539      0.942    7.52135     3.2831     3.2835    25.5094   13.42689 5.9235e+02      0.952 0.0000e+00
        259  87.472726    0.01792     1.0750     64.500  1025.5147  52105.506    32.0542      1.051    7.52136     3.2831     3.2833    25.5097   13.42691 5.5864e+02      1.061 0.0000e+00
        260  87.472729    0.01799     1.0792     64.750  1025.5153  52105.693    32.0543      1.175    7.52137     3.2831     3.2832    25.5097   13.42692 5.2781e+02      1.186 0.0000e+00
        261  87.472731    0.01806     1.0833     65.000  1025.5160  52105.950    32.0544      1.305    7.52137     3.2832     3.2832    25.5098   13.42692 5.0018e+02      1.317 0.0000e+00
        262  87.472734    0.01812     1.0875     65.250  1025.5169  52106.587    32.0547      1.446    7.52135     3.2835     3.2832    25.5101   13.42688 4.7526e+02      1.459 0.0000e+00
        263  87.472737    0.01819     1.0917     65.500  1025.5181  52107.457    32.0552      1.606    7.52130     3.2839     3.2833    25.5105   13.42679 4.5698e+02      1.620 0.0000e+00
        264  87.472740    0.01826     1.0958     65.750  1025.5194  52108.382    32.0558      1.785    7.52123     3.2846     3.2836    25.5110   13.42665 4.4955e+02      1.802 0.0000e+00
        265  87.472743    0.01833     1.1000     66.000  1025.5207  52109.094    32.0564      1.974    7.52112     3.2852     3.2840    25.5113   13.42647 4.4018e+02      1.992 0.0000e+00
        266  87.472746    0.01840     1.1042     66.250  1025.5216  52109.126    32.0565      2.156    7.52099     3.2857     3.2847    25.5114   13.42626 4.2458e+02      2.177 0.0000e+00
        267  87.472749    0.01847     1.1083     66.500  1025.5219  52108.130    32.0559      2.324    7.52089     3.2856     3.2854    25.5108   13.42610 4.1629e+02      2.347 0.0000e+00
        268  87.472752    0.01854     1.1125     66.750  1025.5216  52106.286    32.0546      2.478    7.52087     3.2847     3.2858    25.5098   13.42609 4.0936e+02      2.502 0.0000e+00
        269  87.472755    0.01861     1.1167     67.000  1025.5210  52104.124    32.0530      2.625    7.52097     3.2831     3.2858    25.5086   13.42628 3.9049e+02      2.650 0.0000e+00
        270  87.472758    0.01868     1.1208     67.250  1025.5205  52102.109    32.0514      2.778    7.52121     3.2806     3.2849    25.5073   13.42669 3.6464e+02      2.804 0.0000e+00
        271  87.472760    0.01875     1.1250     67.500  1025.5201  52100.429    32.0497      2.946    7.52161     3.2775     3.2833    25.5061   13.42736 3.3788e+02      2.974 0.0000e+00
        272  87.472763    0.01882     1.1292     67.750  1025.5202  52099.596    32.0484      3.129    7.52213     3.2742     3.2808    25.5053   13.42824 3.1311e+02      3.159 0.0000e+00
        273  87.472766    0.01889     1.1333     68.000  1025.5211  52100.360    32.0481      3.322    7.52272     3.2710     3.2777    25.5053   13.42921 2.9601e+02      3.354 0.0000e+00
        274  87.472769    0.01896     1.1375     68.250  1025.5226  52102.372    32.0485      3.516    7.52331     3.2680     3.2744    25.5059   13.43018 2.8710e+02      3.550 0.0000e+00
        275  87.472772    0.01903     1.1417     68.500  1025.5241  52104.423    32.0489      3.704    7.52388     3.2651     3.2712    25.5066   13.43111 2.8054e+02      3.739 0.0000e+00
        276  87.472775    0.01910     1.1458     68.750  1025.5253  52105.885    32.0490      3.882    7.52443     3.2622     3.2682    25.5069   13.43202 2.7195e+02      3.919 0.0000e+00
        277  87.472778    0.01917     1.1500     69.000  1025.5264  52107.181    32.0491      4.051    7.52496     3.2595     3.2653    25.5072   13.43291 2.6195e+02      4.090 0.0000e+00
        278  87.472781    0.01924     1.1542     69.250  1025.5278  52109.060    32.0495      4.217    7.52547     3.2572     3.2625    25.5078   13.43374 2.5232e+02      4.258 0.0000e+00
        279  87.472784    0.01931     1.1583     69.500  1025.5296  52111.678    32.0505      4.388    7.52593     3.2554     3.2598    25.5088   13.43447 2.4182e+02      4.429 0.0000e+00
        280  87.472786    0.01938     1.1625     69.750  1025.5316  52114.523    32.0517      4.571    7.52630     3.2541     3.2574    25.5100   13.43507 2.3125e+02      4.614 0.0000e+00
        281  87.472789    0.01944     1.1667     70.000  1025.5336  52116.912    32.0528      4.769    7.52658     3.2531     3.2556    25.5110   13.43552 2.2327e+02      4.814 0.0000e+00
        282  87.472792    0.01951     1.1708     70.250  1025.5352  52118.465    32.0534      4.977    7.52679     3.2522     3.2543    25.5116   13.43586 2.1643e+02      5.024 0.0000e+00
        283  87.472795    0.01958     1.1750     70.500  1025.5364  52119.257    32.0535      5.184    7.52697     3.2514     3.2533    25.5118   13.43615 2.0803e+02      5.233 0.0000e+00
        284  87.472798    0.01965     1.1792     70.750  1025.5374  52119.730    32.0535      5.378    7.52713     3.2506     3.2525    25.5119   13.43642 1.9945e+02      5.429 0.0000e+00
        285  87.472801    0.01972     1.1833     71.000  1025.5384  52120.395    32.0537      5.556    7.52727     3.2499     3.2517    25.5121   13.43665 1.9310e+02      5.609 0.0000e+00
        286  87.472804    0.01979     1.1875     71.250  1025.5394  52121.167    32.0539      5.720    7.52739     3.2494     3.2509    25.5123   13.43685 1.8751e+02      5.774 0.0000e+00
        287  87.472807    0.01986     1.1917     71.500  1025.5404  52121.731    32.0541      5.882    7.52750     3.2488     3.2503    25.5125   13.43703 1.8063e+02      5.938 0.0000e+00
        288  87.472810    0.01993     1.1958     71.750  1025.5412  52122.040    32.0540      6.055    7.52761     3.2480     3.2497    25.5125   13.43721 1.7284e+02      6.112 0.0000e+00
        289  87.472813    0.02000     1.2000     72.000  1025.5420  52122.109    32.0538      6.250    7.52774     3.2470     3.2491    25.5124   13.43742 1.6497e+02      6.309 0.0000e+00
        290  87.472815    0.02007     1.2042     72.250  1025.5427  52121.830    32.0533      6.467    7.52790     3.2456     3.2484    25.5121   13.43770 1.5756e+02      6.528 0.0000e+00
        291  87.472818    0.02014     1.2083     72.500  1025.5431  52120.843    32.0522      6.699    7.52813     3.2437     3.2474    25.5113   13.43810 1.5111e+02      6.763 0.0000e+00
        292  87.472821    0.02021     1.2125     72.750  1025.5433  52119.746    32.0510      6.933    7.52845     3.2416     3.2460    25.5105   13.43864 1.4539e+02      6.999 0.0000e+00
        293  87.472824    0.02028     1.2167     73.000  1025.5442  52120.002    32.0506      7.156    7.52883     3.2396     3.2441    25.5103   13.43927 1.3964e+02      7.224 0.0000e+00
        294  87.472827    0.02035     1.2208     73.250  1025.5457  52121.723    32.0511      7.360    7.52920     3.2379     3.2420    25.5109   13.43988 1.3382e+02      7.430 0.0000e+00
        295  87.472830    0.02042     1.2250     73.500  1025.5475  52123.957    32.0520      7.550    7.52953     3.2367     3.2400    25.5118   13.44040 1.2867e+02      7.622 0.0000e+00
        296  87.472833    0.02049     1.2292     73.750  1025.5493  52126.216    32.0530      7.735    7.52978     3.2361     3.2383    25.5127   13.44080 1.2445e+02      7.808 0.0000e+00
        297  87.472836    0.02056     1.2333     74.000  1025.5513  52128.606    32.0542      7.925    7.52994     3.2361     3.2372    25.5138   13.44104 1.2090e+02      8.000 0.0000e+00
        298  87.472839    0.02063     1.2375     74.250  1025.5535  52131.089    32.0556      8.126    7.52997     3.2367     3.2366    25.5150   13.44109 1.1776e+02      8.202 0.0000e+00
        299  87.472841    0.02069     1.2417     74.500  1025.5554  52132.988    32.0568      8.334    7.52990     3.2375     3.2366    25.5159   13.44096 1.1457e+02      8.413 0.0000e+00
        300  87.472844    0.02076     1.2458     74.750  1025.5565  52133.239    32.0570      8.543    7.52978     3.2379     3.2373    25.5160   13.44075 1.1090e+02      8.623 0.0000e+00
        301  87.472847    0.02083     1.2500     75.000  1025.5565  52131.496    32.0559      8.743    7.52969     3.2377     3.2380    25.5151   13.44062 1.0672e+02      8.826 0.0000e+00
        302  87.472850    0.02090     1.2542     75.250  1025.5562  52129.249    32.0544      8.932    7.52969     3.2370     3.2384    25.5139   13.44064 1.0228e+02      9.016 0.0000e+00
        303  87.472853    0.02097     1.2583     75.500  1025.5563  52127.988    32.0534      9.114    7.52979     3.2359     3.2382    25.5131   13.44080 9.8004e+01      9.200 0.0000e+00
        304  87.472856    0.02104     1.2625     75.750  1025.5565  52127.168    32.0526      9.297    7.52996     3.2343     3.2375    25.5124   13.44110 9.4180e+01      9.385 0.0000e+00
        305  87.472859    0.02111     1.2667     76.000  1025.5567  52126.141    32.0515      9.491    7.53022     3.2324     3.2364    25.5117   13.44155 9.0789e+01      9.581 0.0000e+00
        306  87.472862    0.02118     1.2708     76.250  1025.5573  52125.900    32.0508      9.704    7.53054     3.2304     3.2348    25.5113   13.44209 8.7645e+01      9.796 0.0000e+00
        307  87.472865    0.02125     1.2750     76.500  1025.5587  52127.158    32.0510      9.933    7.53089     3.2287     3.2329    25.5116   13.44266 8.4579e+01     10.028 0.0000e+00
        308  87.472867    0.02132     1.2792     76.750  1025.5606  52129.150    32.0518     10.168    7.53121     3.2274     3.2310    25.5124   13.44319 8.1552e+01     10.265 0.0000e+00
        309  87.472870    0.02139     1.2833     77.000  1025.5623  52131.022    32.0525     10.394    7.53149     3.2264     3.2293    25.5131   13.44363 7.8574e+01     10.493 0.0000e+00
        310  87.472873    0.02146     1.2875     77.250  1025.5639  52132.488    32.0530     10.600    7.53171     3.2256     3.2280    25.5136   13.44398 7.5747e+01     10.700 0.0000e+00
        311  87.472876    0.02153     1.2917     77.500  1025.5651  52133.557    32.0534     10.783    7.53188     3.2249     3.2270    25.5140   13.44425 7.3205e+01     10.885 0.0000e+00
        312  87.472879    0.02160     1.2958     77.750  1025.5661  52134.282    32.0536     10.949    7.53201     3.2244     3.2262    25.5143   13.44447 7.0948e+01     11.053 0.0000e+00
        313  87.472882    0.02167     1.3000     78.000  1025.5670  52134.777    32.0537     11.112    7.53212     3.2238     3.2256    25.5144   13.44466 6.8869e+01     11.217 0.0000e+00
        314  87.472885    0.02174     1.3042     78.250  1025.5680  52135.318    32.0538     11.283    7.53222     3.2234     3.2250    25.5145   13.44482 6.6860e+01     11.390 0.0000e+00
        315  87.472888    0.02181     1.3083     78.500  1025.5692  52136.100    32.0541     11.472    7.53230     3.2231     3.2245    25.5148   13.44494 6.4822e+01     11.581 0.0000e+00
        316  87.472891    0.02187     1.3125     78.750  1025.5705  52137.019    32.0545     11.680    7.53236     3.2230     3.2241    25.5152   13.44503 6.2695e+01     11.790 0.0000e+00
        317  87.472894    0.02194     1.3167     79.000  1025.5719  52137.848    32.0549     11.899    7.53239     3.2229     3.2238    25.5155   13.44508 6.0498e+01     12.011 0.0000e+00
        318  87.472896    0.02201     1.3208     79.250  1025.5731  52138.409    32.0551     12.119    7.53240     3.2228     3.2236    25.5157   13.44511 5.8303e+01     12.234 0.0000e+00
        319  87.472899    0.02208     1.3250     79.500  1025.5742  52138.669    32.0551     12.331    7.53242     3.2227     3.2236    25.5157   13.44513 5.6181e+01     12.448 0.0000e+00
        320  87.472902    0.02215     1.3292     79.750  1025.5751  52138.778    32.0551     12.527    7.53243     3.2225     3.2235    25.5157   13.44516 5.4182e+01     12.645 0.0000e+00
        321  87.472905    0.02222     1.3333     80.000  1025.5758  52138.801    32.0550     12.707    7.53246     3.2223     3.2234    25.5156   13.44520 5.2346e+01     12.827 0.0000e+00
        322  87.472908    0.02229     1.3375     80.250  1025.5766  52138.791    32.0548     12.879    7.53250     3.2220     3.2232    25.5155   13.44527 5.0685e+01     13.001 0.0000e+00
        323  87.472911    0.02236     1.3417     80.500  1025.5774  52138.937    32.0548     13.054    7.53255     3.2216     3.2230    25.5155   13.44534 4.9166e+01     13.177 0.0000e+00
        324  87.472914    0.02243     1.3458     80.750  1025.5783  52139.276    32.0549     13.240    7.53260     3.2213     3.2227    25.5156   13.44543 4.7729e+01     13.365 0.0000e+00
        325  87.472917    0.02250     1.3500     81.000  1025.5793  52139.572    32.0549     13.441    7.53266     3.2209     3.2224    25.5156   13.44552 4.6300e+01     13.568 0.0000e+00
        326  87.472920    0.02257     1.3542     81.250  1025.5803  52139.794    32.0548     13.652    7.53272     3.2206     3.2220    25.5156   13.44563 4.4834e+01     13.781 0.0000e+00
        327  87.472922    0.02264     1.3583     81.500  1025.5813  52140.133    32.0548     13.862    7.53278     3.2203     3.2217    25.5157   13.44573 4.3361e+01     13.994 0.0000e+00
        328  87.472925    0.02271     1.3625     81.750  1025.5824  52140.566    32.0549     14.062    7.53284     3.2201     3.2214    25.5158   13.44582 4.1953e+01     14.195 0.0000e+00
        329  87.472928    0.02278     1.3667     82.000  1025.5834  52140.999    32.0551     14.248    7.53288     3.2199     3.2211    25.5159   13.44590 4.0639e+01     14.383 0.0000e+00
        330  87.472931    0.02285     1.3708     82.250  1025.5843  52141.384    32.0552     14.425    7.53292     3.2197     3.2209    25.5160   13.44595 3.9371e+01     14.562 0.0000e+00
        331  87.472934    0.02292     1.3750     82.500  1025.5853  52141.709    32.0552     14.606    7.53295     3.2195     3.2207    25.5161   13.44600 3.8087e+01     14.744 0.0000e+00
        332  87.472937    0.02299     1.3792     82.750  1025.5863  52142.014    32.0553     14.801    7.53297     3.2193     3.2205    25.5162   13.44604 3.6760e+01     14.941 0.0000e+00
        333  87.472940    0.02306     1.3833     83.000  1025.5873  52142.317    32.0553     15.015    7.53300     3.2190     3.2203    25.5162   13.44609 3.5407e+01     15.157 0.0000e+00
        334  87.472943    0.02313     1.3875     83.250  1025.5885  52142.674    32.0554     15.243    7.53303     3.2187     3.2201    25.5163   13.44614 3.4072e+01     15.388 0.0000e+00
        335  87.472946    0.02319     1.3917     83.500  1025.5898  52143.235    32.0556     15.475    7.53307     3.2185     3.2199    25.5165   13.44620 3.2809e+01     15.622 0.0000e+00
        336  87.472948    0.02326     1.3958     83.750  1025.5910  52143.821    32.0558     15.697    7.53311     3.2183     3.2196    25.5167   13.44626 3.1671e+01     15.847 0.0000e+00
        337  87.472951    0.02333     1.4000     84.000  1025.5920  52144.000    32.0558     15.899    7.53315     3.2180     3.2194    25.5167   13.44633 3.0696e+01     16.050 0.0000e+00
        338  87.472954    0.02340     1.4042     84.250  1025.5927  52143.903    32.0556     16.077    7.53320     3.2177     3.2192    25.5165   13.44641 2.9873e+01     16.229 0.0000e+00
        339  87.472957    0.02347     1.4083     84.500  1025.5934  52144.040    32.0555     16.234    7.53325     3.2174     3.2190    25.5165   13.44649 2.9143e+01     16.388 0.0000e+00
        340  87.472960    0.02354     1.4125     84.750  1025.5943  52144.574    32.0557     16.384    7.53330     3.2173     3.2187    25.5167   13.44657 2.8424e+01     16.540 0.0000e+00
