CTD-processing/allCTD/CNV--homogene/2017_07-26_t6_s01_cast248.cnv
* Sea-Bird SBE19plus Data File:
* FileName = C:\Users\Kim.Powell\Desktop\2017_07-26\2017_07-26_TRANSECT_STATION_cast248.hex
* Software Version 1.59
* Temperature SN =  4141
* Conductivity SN =  4141
* System UpLoad Time = Aug 04 2017 16:27:25
** 2017_07-26
** Transect: Transect 6
** Station: 6-01
** Start Time: 12:24
** Depth(m): 31.1
** Comment:
** Comment:
# nquan = 17
# nvalues = 415                         
# units = specified
# name 0 = scan: Scan Count
# name 1 = timeJ: Julian Days
# name 2 = timeH: Time, Elapsed [hours]
# name 3 = timeM: Time, Elapsed [minutes]
# name 4 = timeS: Time, Elapsed [seconds]
# name 5 = density00: Density [density, kg/m^3]
# name 6 = specc: Specific Conductance [uS/cm]
# name 7 = sal00: Salinity, Practical [PSU]
# name 8 = depSM: Depth [salt water, m], lat = 59.00
# name 9 = oxsolML/L: Oxygen Saturation, Garcia & Gordon [ml/l]
# name 10 = potemp090C: Potential Temperature [ITS-90, deg C]
# name 11 = tv290C: Temperature [ITS-90, deg C]
# name 12 = sigma-é00: Density [sigma-theta, kg/m^3]
# name 13 = n2satML/L: Nitrogen Saturation [ml/l]
# name 14 = par: PAR/Irradiance, Biospherical/Licor
# name 15 = prdM: Pressure, Strain Gauge [db]
# name 16 = flag:  0.000e+00
# span 0 =          1,        415       
# span 1 = 207.517188, 207.518385       
# span 2 =    0.00000,    0.02875       
# span 3 =     0.0000,     1.7250       
# span 4 =      0.000,    103.500       
# span 5 =  1024.2414,  1024.5737       
# span 6 =  49485.717,  49901.992       
# span 7 =    31.4455,    31.7139       
# span 8 =      0.574,     25.546       
# span 9 =    6.51297,    6.57980       
# span 10 =     9.1141,     9.5888      
# span 11 =     9.1167,     9.6220      
# span 12 =    24.2388,    24.4781      
# span 13 =   11.76652,   11.87676      
# span 14 = 4.3881e+00, 1.1332e+02      
# span 15 =      0.579,     25.789      
# span 16 = 0.0000e+00, 0.0000e+00      
# interval = seconds: 0.25
# start_time = Jul 26 2017 12:24:45 [Instrument's time stamp, header]
# bad_flag = -9.990e-29
*END*
[from data line 341]
        342 207.518174    0.02368     1.4208     85.250  1024.4884  49805.306    31.6093     12.224    6.56707     9.2056     9.2077    24.4323   11.85584 2.3521e+01     12.339 0.0000e+00
        343 207.518177    0.02375     1.4250     85.500  1024.4893  49805.434    31.6093     12.413    6.56712     9.2051     9.2073    24.4323   11.85593 2.2946e+01     12.530 0.0000e+00
        344 207.518180    0.02382     1.4292     85.750  1024.4903  49805.621    31.6093     12.628    6.56718     9.2046     9.2069    24.4324   11.85602 2.2323e+01     12.747 0.0000e+00
        345 207.518183    0.02389     1.4333     86.000  1024.4915  49805.918    31.6093     12.859    6.56725     9.2038     9.2065    24.4325   11.85613 2.1689e+01     12.980 0.0000e+00
        346 207.518186    0.02396     1.4375     86.250  1024.4925  49805.844    31.6091     13.094    6.56734     9.2027     9.2059    24.4324   11.85628 2.1074e+01     13.218 0.0000e+00
        347 207.518189    0.02403     1.4417     86.500  1024.4932  49805.241    31.6084     13.323    6.56747     9.2011     9.2052    24.4320   11.85650 2.0502e+01     13.449 0.0000e+00
        348 207.518192    0.02410     1.4458     86.750  1024.4939  49804.830    31.6079     13.539    6.56765     9.1993     9.2041    24.4318   11.85682 1.9980e+01     13.667 0.0000e+00
        349 207.518194    0.02417     1.4500     87.000  1024.4951  49805.292    31.6079     13.741    6.56788     9.1975     9.2026    24.4320   11.85719 1.9502e+01     13.871 0.0000e+00
        350 207.518197    0.02424     1.4542     87.250  1024.4966  49806.371    31.6083     13.932    6.56812     9.1958     9.2008    24.4327   11.85759 1.9053e+01     14.064 0.0000e+00
        351 207.518200    0.02431     1.4583     87.500  1024.4981  49807.499    31.6088     14.119    6.56836     9.1941     9.1990    24.4333   11.85798 1.8618e+01     14.253 0.0000e+00
        352 207.518203    0.02438     1.4625     87.750  1024.4992  49808.023    31.6089     14.307    6.56860     9.1919     9.1973    24.4336   11.85837 1.8187e+01     14.443 0.0000e+00
        353 207.518206    0.02444     1.4667     88.000  1024.4999  49807.515    31.6082     14.500    6.56888     9.1891     9.1956    24.4333   11.85884 1.7755e+01     14.638 0.0000e+00
        354 207.518209    0.02451     1.4708     88.250  1024.5005  49807.001    31.6074     14.699    6.56922     9.1859     9.1934    24.4331   11.85942 1.7326e+01     14.838 0.0000e+00
        355 207.518212    0.02458     1.4750     88.500  1024.5019  49807.776    31.6075     14.899    6.56963     9.1828     9.1906    24.4336   11.86009 1.6908e+01     15.040 0.0000e+00
        356 207.518215    0.02465     1.4792     88.750  1024.5040  49809.778    31.6084     15.095    6.57005     9.1801     9.1875    24.4348   11.86078 1.6511e+01     15.238 0.0000e+00
        357 207.518218    0.02472     1.4833     89.000  1024.5064  49812.331    31.6097     15.282    6.57044     9.1780     9.1844    24.4363   11.86142 1.6144e+01     15.427 0.0000e+00
        358 207.518220    0.02479     1.4875     89.250  1024.5087  49814.992    31.6111     15.456    6.57077     9.1765     9.1818    24.4378   11.86194 1.5808e+01     15.603 0.0000e+00
        359 207.518223    0.02486     1.4917     89.500  1024.5108  49817.382    31.6124     15.621    6.57102     9.1754     9.1797    24.4391   11.86234 1.5494e+01     15.769 0.0000e+00
        360 207.518226    0.02493     1.4958     89.750  1024.5125  49819.062    31.6133     15.780    6.57120     9.1745     9.1782    24.4401   11.86262 1.5189e+01     15.930 0.0000e+00
        361 207.518229    0.02500     1.5000     90.000  1024.5137  49819.885    31.6137     15.942    6.57134     9.1735     9.1771    24.4405   11.86285 1.4880e+01     16.092 0.0000e+00
        362 207.518232    0.02507     1.5042     90.250  1024.5146  49820.209    31.6137     16.110    6.57147     9.1725     9.1762    24.4407   11.86307 1.4562e+01     16.262 0.0000e+00
        363 207.518235    0.02514     1.5083     90.500  1024.5156  49820.399    31.6136     16.286    6.57161     9.1712     9.1753    24.4408   11.86331 1.4236e+01     16.440 0.0000e+00
        364 207.518238    0.02521     1.5125     90.750  1024.5164  49820.334    31.6134     16.469    6.57177     9.1697     9.1742    24.4407   11.86358 1.3910e+01     16.625 0.0000e+00
        365 207.518241    0.02528     1.5167     91.000  1024.5170  49820.028    31.6129     16.654    6.57197     9.1678     9.1730    24.4406   11.86391 1.3588e+01     16.812 0.0000e+00
        366 207.518244    0.02535     1.5208     91.250  1024.5179  49820.029    31.6126     16.838    6.57221     9.1657     9.1715    24.4406   11.86431 1.3272e+01     16.998 0.0000e+00
        367 207.518247    0.02542     1.5250     91.500  1024.5190  49820.590    31.6126     17.024    6.57248     9.1637     9.1696    24.4409   11.86476 1.2959e+01     17.185 0.0000e+00
        368 207.518249    0.02549     1.5292     91.750  1024.5206  49821.842    31.6132     17.213    6.57276     9.1618     9.1675    24.4416   11.86521 1.2645e+01     17.376 0.0000e+00
        369 207.518252    0.02556     1.5333     92.000  1024.5224  49823.464    31.6139     17.410    6.57302     9.1601     9.1655    24.4425   11.86564 1.2327e+01     17.575 0.0000e+00
        370 207.518255    0.02562     1.5375     92.250  1024.5238  49824.271    31.6142     17.615    6.57327     9.1582     9.1637    24.4430   11.86606 1.2006e+01     17.783 0.0000e+00
        371 207.518258    0.02569     1.5417     92.500  1024.5250  49824.572    31.6140     17.828    6.57353     9.1563     9.1620    24.4432   11.86648 1.1683e+01     17.997 0.0000e+00
        372 207.518261    0.02576     1.5458     92.750  1024.5265  49825.506    31.6143     18.044    6.57379     9.1546     9.1601    24.4437   11.86691 1.1364e+01     18.215 0.0000e+00
        373 207.518264    0.02583     1.5500     93.000  1024.5283  49826.851    31.6149     18.260    6.57404     9.1530     9.1582    24.4444   11.86731 1.1056e+01     18.433 0.0000e+00
        374 207.518267    0.02590     1.5542     93.250  1024.5297  49827.617    31.6151     18.471    6.57427     9.1510     9.1566    24.4449   11.86770 1.0765e+01     18.647 0.0000e+00
        375 207.518270    0.02597     1.5583     93.500  1024.5304  49827.163    31.6145     18.675    6.57453     9.1483     9.1550    24.4446   11.86813 1.0495e+01     18.853 0.0000e+00
        376 207.518273    0.02604     1.5625     93.750  1024.5309  49826.388    31.6136     18.869    6.57486     9.1452     9.1530    24.4442   11.86869 1.0247e+01     19.048 0.0000e+00
        377 207.518275    0.02611     1.5667     94.000  1024.5319  49826.680    31.6133     19.052    6.57526     9.1422     9.1503    24.4444   11.86935 1.0020e+01     19.233 0.0000e+00
        378 207.518278    0.02618     1.5708     94.250  1024.5338  49828.503    31.6141     19.225    6.57567     9.1398     9.1473    24.4455   11.87003 9.8092e+00     19.407 0.0000e+00
        379 207.518281    0.02625     1.5750     94.500  1024.5363  49831.508    31.6157     19.390    6.57604     9.1384     9.1443    24.4473   11.87061 9.6077e+00     19.574 0.0000e+00
        380 207.518284    0.02632     1.5792     94.750  1024.5389  49834.847    31.6177     19.554    6.57630     9.1379     9.1419    24.4492   11.87103 9.4098e+00     19.739 0.0000e+00
        381 207.518287    0.02639     1.5833     95.000  1024.5414  49837.921    31.6196     19.720    6.57644     9.1383     9.1404    24.4509   11.87122 9.2111e+00     19.907 0.0000e+00
        382 207.518290    0.02646     1.5875     95.250  1024.5434  49840.185    31.6210     19.891    6.57644     9.1391     9.1400    24.4521   11.87121 9.0107e+00     20.079 0.0000e+00
        383 207.518293    0.02653     1.5917     95.500  1024.5446  49841.030    31.6216     20.067    6.57636     9.1400     9.1404    24.4525   11.87107 8.8104e+00     20.257 0.0000e+00
        384 207.518296    0.02660     1.5958     95.750  1024.5451  49840.645    31.6214     20.246    6.57624     9.1406     9.1413    24.4522   11.87088 8.6125e+00     20.437 0.0000e+00
        385 207.518299    0.02667     1.6000     96.000  1024.5454  49839.844    31.6209     20.426    6.57614     9.1410     9.1421    24.4516   11.87071 8.4178e+00     20.619 0.0000e+00
        386 207.518302    0.02674     1.6042     96.250  1024.5458  49839.160    31.6204     20.606    6.57606     9.1412     9.1428    24.4512   11.87060 8.2268e+00     20.801 0.0000e+00
        387 207.518304    0.02681     1.6083     96.500  1024.5463  49838.725    31.6201     20.788    6.57602     9.1413     9.1432    24.4508   11.87052 8.0384e+00     20.985 0.0000e+00
        388 207.518307    0.02688     1.6125     96.750  1024.5470  49838.583    31.6199     20.972    6.57599     9.1414     9.1434    24.4507   11.87048 7.8515e+00     21.171 0.0000e+00
        389 207.518310    0.02694     1.6167     97.000  1024.5478  49838.581    31.6198     21.158    6.57597     9.1414     9.1436    24.4506   11.87045 7.6657e+00     21.359 0.0000e+00
        390 207.518313    0.02701     1.6208     97.250  1024.5485  49838.396    31.6196     21.348    6.57596     9.1412     9.1437    24.4505   11.87044 7.4808e+00     21.551 0.0000e+00
        391 207.518316    0.02708     1.6250     97.500  1024.5490  49837.934    31.6192     21.542    6.57598     9.1407     9.1437    24.4501   11.87046 7.2956e+00     21.747 0.0000e+00
        392 207.518319    0.02715     1.6292     97.750  1024.5495  49837.300    31.6187     21.742    6.57603     9.1398     9.1435    24.4497   11.87055 7.1090e+00     21.949 0.0000e+00
        393 207.518322    0.02722     1.6333     98.000  1024.5500  49836.529    31.6180     21.947    6.57613     9.1384     9.1430    24.4493   11.87073 6.9213e+00     22.156 0.0000e+00
        394 207.518325    0.02729     1.6375     98.250  1024.5505  49835.719    31.6172     22.158    6.57629     9.1364     9.1421    24.4488   11.87102 6.7336e+00     22.369 0.0000e+00
        395 207.518328    0.02736     1.6417     98.500  1024.5511  49834.990    31.6164     22.373    6.57653     9.1341     9.1407    24.4484   11.87142 6.5493e+00     22.586 0.0000e+00
        396 207.518330    0.02743     1.6458     98.750  1024.5519  49834.661    31.6158     22.588    6.57684     9.1315     9.1388    24.4482   11.87193 6.3725e+00     22.803 0.0000e+00
        397 207.518333    0.02750     1.6500     99.000  1024.5533  49835.285    31.6158     22.799    6.57718     9.1290     9.1365    24.4486   11.87250 6.2078e+00     23.015 0.0000e+00
        398 207.518336    0.02757     1.6542     99.250  1024.5551  49836.853    31.6164     22.998    6.57753     9.1269     9.1339    24.4495   11.87307 6.0589e+00     23.217 0.0000e+00
        399 207.518339    0.02764     1.6583     99.500  1024.5570  49838.746    31.6173     23.182    6.57785     9.1250     9.1314    24.4506   11.87358 5.9265e+00     23.403 0.0000e+00
        400 207.518342    0.02771     1.6625     99.750  1024.5587  49840.263    31.6180     23.350    6.57813     9.1233     9.1293    24.4515   11.87404 5.8080e+00     23.572 0.0000e+00
        401 207.518345    0.02778     1.6667    100.000  1024.5600  49841.374    31.6185     23.505    6.57838     9.1219     9.1274    24.4521   11.87445 5.6994e+00     23.729 0.0000e+00
        402 207.518348    0.02785     1.6708    100.250  1024.5615  49842.754    31.6192     23.652    6.57859     9.1209     9.1258    24.4529   11.87479 5.5953e+00     23.877 0.0000e+00
        403 207.518351    0.02792     1.6750    100.500  1024.5631  49844.343    31.6200     23.797    6.57875     9.1201     9.1244    24.4537   11.87506 5.4897e+00     24.024 0.0000e+00
        404 207.518354    0.02799     1.6792    100.750  1024.5643  49845.357    31.6205     23.949    6.57888     9.1192     9.1234    24.4543   11.87526 5.3776e+00     24.177 0.0000e+00
        405 207.518356    0.02806     1.6833    101.000  1024.5651  49845.583    31.6205     24.112    6.57900     9.1182     9.1226    24.4544   11.87546 5.2580e+00     24.341 0.0000e+00
        406 207.518359    0.02813     1.6875    101.250  1024.5659  49845.517    31.6202     24.287    6.57914     9.1171     9.1218    24.4544   11.87568 5.1330e+00     24.518 0.0000e+00
        407 207.518362    0.02819     1.6917    101.500  1024.5669  49845.823    31.6202     24.473    6.57928     9.1161     9.1208    24.4545   11.87592 5.0067e+00     24.705 0.0000e+00
        408 207.518365    0.02826     1.6958    101.750  1024.5682  49846.657    31.6206     24.663    6.57943     9.1153     9.1197    24.4550   11.87616 4.8828e+00     24.897 0.0000e+00
        409 207.518368    0.02833     1.7000    102.000  1024.5696  49847.649    31.6210     24.851    6.57955     9.1148     9.1187    24.4555   11.87636 4.7651e+00     25.087 0.0000e+00
        410 207.518371    0.02840     1.7042    102.250  1024.5709  49848.519    31.6215     25.029    6.57965     9.1145     9.1179    24.4560   11.87651 4.6581e+00     25.267 0.0000e+00
        411 207.518374    0.02847     1.7083    102.500  1024.5720  49849.123    31.6218     25.192    6.57971     9.1143     9.1174    24.4563   11.87660 4.5652e+00     25.431 0.0000e+00
        412 207.518377    0.02854     1.7125    102.750  1024.5727  49849.386    31.6219     25.333    6.57975     9.1142     9.1171    24.4564   11.87667 4.4884e+00     25.573 0.0000e+00
        413 207.518380    0.02861     1.7167    103.000  1024.5732  49849.443    31.6218     25.445    6.57977     9.1141     9.1169    24.4564   11.87672 4.4310e+00     25.687 0.0000e+00
        414 207.518383    0.02868     1.7208    103.250  1024.5736  49849.471    31.6218     25.520    6.57979 -9.990e-29     9.1168    24.4564   11.87675 4.3980e+00     25.762 0.0000e+00
        415 207.518385    0.02875     1.7250    103.500  1024.5737  49849.491    31.6218     25.546    6.57980 -9.990e-29     9.1167    24.4564   11.87676 4.3881e+00     25.789 0.0000e+00
