CTD-processing/allCTD/CNV--homogene/2017_04-18_t6_s24_cast093.cnv
* Sea-Bird SBE19plus Data File:
* FileName = P:\My Documents\kasitsna\Research-KBL\Oceanography-AK\CTD-Data-ALL-to-2017-02\2017-CTD-KachemakBay-CookInlet\2017-04-18-CookInlet-Tran6-Douglas\2017-04-18-CookInlet-Tran6-cast093.hex
* Software Version 1.59
* Temperature SN =  4141
* Conductivity SN =  4141
* System UpLoad Time = Apr 18 2017 23:13:14
** Cook Inlet LTM Transect 6 Douglas east to west
** Date: (YYYY-MM-DD): 2017-04-18
** Station: (eg. 9-01): 6-24
** Start time (AKDT): 20:46
** Depth (m): 167.6
** Comment: R/V Alaska Dreamcatcher
** Comment:
# nquan = 17
# nvalues = 821                         
# units = specified
# name 0 = scan: Scan Count
# name 1 = timeJ: Julian Days
# name 2 = timeH: Time, Elapsed [hours]
# name 3 = timeM: Time, Elapsed [minutes]
# name 4 = timeS: Time, Elapsed [seconds]
# name 5 = density00: Density [density, kg/m^3]
# name 6 = specc: Specific Conductance [uS/cm]
# name 7 = sal00: Salinity, Practical [PSU]
# name 8 = depSM: Depth [salt water, m], lat = 59.00
# name 9 = oxsolML/L: Oxygen Saturation, Garcia & Gordon [ml/l]
# name 10 = potemp090C: Potential Temperature [ITS-90, deg C]
# name 11 = tv290C: Temperature [ITS-90, deg C]
# name 12 = sigma-é00: Density [sigma-theta, kg/m^3]
# name 13 = n2satML/L: Nitrogen Saturation [ml/l]
# name 14 = par: PAR/Irradiance, Biospherical/Licor
# name 15 = prdM: Pressure, Strain Gauge [db]
# name 16 = flag:  0.000e+00
# span 0 =          1,        821       
# span 1 = 108.865822, 108.868194       
# span 2 =    0.00000,    0.05694       
# span 3 =     0.0000,     3.4167       
# span 4 =      0.000,    205.000       
# span 5 =  1000.1707,  1026.4483       
# span 6 =    532.221,  52214.172       
# span 7 =     0.2474,    32.5034       
# span 8 =     -0.076,    165.142       
# span 9 =    7.15300,    9.01872       
# span 10 =     4.5919,     5.3244      
# span 11 =     4.5809,     5.3256      
# span 12 =     0.1711,    25.6763      
# span 13 =   12.81753,   16.38989      
# span 14 = 3.6382e-02, 1.6283e+02      
# span 15 =     -0.077,    166.768      
# span 16 = 0.0000e+00, 0.0000e+00      
# interval = seconds: 0.25
# start_time = Apr 18 2017 20:46:47 [Instrument's time stamp, header]
# bad_flag = -9.990e-29
*END*
[from data line 426]
        427 108.867054    0.02958     1.7750    106.500  1025.7370  51778.889    32.2186     57.121    7.20332     5.0086     5.0164    25.4693   12.89995 4.5959e-02     57.668 0.0000e+00
        428 108.867057    0.02965     1.7792    106.750  1025.7383  51779.289    32.2183     57.398    7.20363     5.0066     5.0148    25.4693   12.90045 4.5592e-02     57.948 0.0000e+00
        429 108.867060    0.02972     1.7833    107.000  1025.7396  51779.882    32.2182     57.652    7.20396     5.0045     5.0129    25.4694   12.90100 4.5271e-02     58.204 0.0000e+00
        430 108.867063    0.02979     1.7875    107.250  1025.7410  51780.850    32.2183     57.887    7.20430     5.0023     5.0108    25.4697   12.90157 4.4938e-02     58.441 0.0000e+00
        431 108.867066    0.02986     1.7917    107.500  1025.7424  51781.840    32.2184     58.109    7.20466     5.0001     5.0087    25.4700   12.90215 4.4604e-02     58.665 0.0000e+00
        432 108.867069    0.02993     1.7958    107.750  1025.7434  51782.331    32.2182     58.326    7.20503     4.9976     5.0066    25.4701   12.90277 4.4267e-02     58.884 0.0000e+00
        433 108.867072    0.03000     1.8000    108.000  1025.7441  51782.052    32.2174     58.545    7.20544     4.9946     5.0044    25.4697   12.90347 4.3912e-02     59.106 0.0000e+00
        434 108.867075    0.03007     1.8042    108.250  1025.7445  51781.332    32.2162     58.777    7.20593     4.9910     5.0019    25.4690   12.90429 4.3551e-02     59.340 0.0000e+00
        435 108.867078    0.03014     1.8083    108.500  1025.7453  51781.041    32.2152     59.029    7.20651     4.9870     4.9988    25.4686   12.90524 4.3182e-02     59.595 0.0000e+00
        436 108.867080    0.03021     1.8125    108.750  1025.7467  51781.946    32.2149     59.309    7.20714     4.9832     4.9953    25.4687   12.90629 4.2826e-02     59.878 0.0000e+00
        437 108.867083    0.03028     1.8167    109.000  1025.7492  51784.467    32.2156     59.620    7.20778     4.9798     4.9914    25.4697   12.90734 4.2497e-02     60.191 0.0000e+00
        438 108.867086    0.03035     1.8208    109.250  1025.7526  51788.524    32.2173     59.956    7.20836     4.9772     4.9875    25.4715   12.90827 4.2125e-02     60.530 0.0000e+00
        439 108.867089    0.03042     1.8250    109.500  1025.7566  51793.424    32.2198     60.311    7.20881     4.9756     4.9842    25.4739   12.90899 4.1706e-02     60.889 0.0000e+00
        440 108.867092    0.03049     1.8292    109.750  1025.7605  51798.130    32.2223     60.677    7.20912     4.9746     4.9817    25.4761   12.90947 4.1287e-02     61.259 0.0000e+00
        441 108.867095    0.03056     1.8333    110.000  1025.7641  51801.873    32.2243     61.046    7.20931     4.9741     4.9800    25.4779   12.90975 4.0946e-02     61.632 0.0000e+00
        442 108.867098    0.03062     1.8375    110.250  1025.7670  51804.572    32.2258     61.410    7.20940     4.9738     4.9791    25.4792   12.90989 4.0714e-02     61.999 0.0000e+00
        443 108.867101    0.03069     1.8417    110.500  1025.7696  51806.686    32.2269     61.760    7.20944     4.9738     4.9786    25.4802   12.90993 4.0480e-02     62.353 0.0000e+00
        444 108.867104    0.03076     1.8458    110.750  1025.7722  51808.865    32.2282     62.093    7.20942     4.9741     4.9783    25.4812   12.90989 4.0178e-02     62.689 0.0000e+00
        445 108.867106    0.03083     1.8500    111.000  1025.7748  51811.189    32.2297     62.405    7.20934     4.9747     4.9784    25.4824   12.90974 3.9869e-02     63.004 0.0000e+00
        446 108.867109    0.03090     1.8542    111.250  1025.7772  51813.141    32.2310     62.696    7.20922     4.9756     4.9787    25.4833   12.90952 3.9650e-02     63.297 0.0000e+00
        447 108.867112    0.03097     1.8583    111.500  1025.7791  51814.452    32.2319     62.966    7.20906     4.9766     4.9794    25.4840   12.90925 3.9504e-02     63.570 0.0000e+00
        448 108.867115    0.03104     1.8625    111.750  1025.7807  51815.215    32.2325     63.218    7.20888     4.9777     4.9803    25.4843   12.90894 3.9344e-02     63.824 0.0000e+00
        449 108.867118    0.03111     1.8667    112.000  1025.7821  51815.830    32.2330     63.456    7.20868     4.9788     4.9813    25.4847   12.90860 3.9150e-02     64.065 0.0000e+00
        450 108.867121    0.03118     1.8708    112.250  1025.7836  51816.605    32.2337     63.684    7.20846     4.9799     4.9824    25.4851   12.90823 3.8945e-02     64.295 0.0000e+00
        451 108.867124    0.03125     1.8750    112.500  1025.7849  51817.269    32.2343     63.907    7.20823     4.9810     4.9835    25.4854   12.90785 3.8763e-02     64.520 0.0000e+00
        452 108.867127    0.03132     1.8792    112.750  1025.7861  51817.575    32.2346     64.132    7.20802     4.9819     4.9846    25.4856   12.90750 3.8613e-02     64.748 0.0000e+00
        453 108.867130    0.03139     1.8833    113.000  1025.7872  51817.638    32.2348     64.367    7.20783     4.9827     4.9857    25.4856   12.90718 3.8468e-02     64.985 0.0000e+00
        454 108.867133    0.03146     1.8875    113.250  1025.7883  51817.577    32.2348     64.617    7.20767     4.9834     4.9866    25.4855   12.90691 3.8307e-02     65.237 0.0000e+00
        455 108.867135    0.03153     1.8917    113.500  1025.7895  51817.504    32.2348     64.887    7.20753     4.9839     4.9874    25.4854   12.90667 3.8133e-02     65.510 0.0000e+00
        456 108.867138    0.03160     1.8958    113.750  1025.7909  51817.607    32.2349     65.182    7.20741     4.9843     4.9881    25.4854   12.90647 3.7961e-02     65.807 0.0000e+00
        457 108.867141    0.03167     1.9000    114.000  1025.7925  51818.095    32.2352     65.502    7.20730     4.9847     4.9887    25.4856   12.90629 3.7749e-02     66.130 0.0000e+00
        458 108.867144    0.03174     1.9042    114.250  1025.7945  51819.004    32.2357     65.843    7.20719     4.9849     4.9891    25.4859   12.90611 3.7500e-02     66.475 0.0000e+00
        459 108.867147    0.03181     1.9083    114.500  1025.7966  51819.880    32.2362     66.196    7.20710     4.9847     4.9895    25.4863   12.90595 3.7328e-02     66.832 0.0000e+00
        460 108.867150    0.03188     1.9125    114.750  1025.7983  51820.162    32.2363     66.548    7.20706     4.9842     4.9898    25.4864   12.90588 3.7231e-02     67.187 0.0000e+00
        461 108.867153    0.03194     1.9167    115.000  1025.7997  51820.182    32.2361     66.886    7.20708     4.9834     4.9897    25.4862   12.90592 3.7117e-02     67.528 0.0000e+00
        462 108.867156    0.03201     1.9208    115.250  1025.8013  51820.770    32.2363     67.202    7.20716     4.9825     4.9892    25.4864   12.90605 3.6959e-02     67.848 0.0000e+00
        463 108.867159    0.03208     1.9250    115.500  1025.8032  51822.032    32.2368     67.494    7.20728     4.9817     4.9884    25.4869   12.90623 3.6792e-02     68.143 0.0000e+00
        464 108.867161    0.03215     1.9292    115.750  1025.8052  51823.592    32.2376     67.762    7.20739     4.9810     4.9875    25.4876   12.90641 3.6671e-02     68.412 0.0000e+00
        465 108.867164    0.03222     1.9333    116.000  1025.8071  51825.218    32.2384     68.007    7.20749     4.9804     4.9867    25.4883   12.90656 3.6592e-02     68.660 0.0000e+00
        466 108.867167    0.03229     1.9375    116.250  1025.8089  51826.806    32.2392     68.236    7.20757     4.9800     4.9860    25.4891   12.90669 3.6529e-02     68.891 0.0000e+00
        467 108.867170    0.03236     1.9417    116.500  1025.8106  51828.343    32.2400     68.460    7.20763     4.9798     4.9854    25.4898   12.90678 3.6478e-02     69.117 0.0000e+00
        468 108.867173    0.03243     1.9458    116.750  1025.8124  51829.841    32.2408     68.689    7.20766     4.9799     4.9850    25.4905   12.90682 3.6444e-02     69.349 0.0000e+00
        469 108.867176    0.03250     1.9500    117.000  1025.8143  51831.413    32.2417     68.933    7.20765     4.9802     4.9848    25.4912   12.90678 3.6425e-02     69.595 0.0000e+00
        470 108.867179    0.03257     1.9542    117.250  1025.8163  51832.897    32.2427     69.197    7.20758     4.9807     4.9850    25.4920   12.90666 3.6413e-02     69.862 0.0000e+00
        471 108.867182    0.03264     1.9583    117.500  1025.8180  51833.729    32.2432     69.484    7.20749     4.9810     4.9853    25.4923   12.90651 3.6408e-02     70.152 0.0000e+00
        472 108.867185    0.03271     1.9625    117.750  1025.8195  51833.935    32.2433     69.791    7.20741     4.9812     4.9858    25.4924   12.90637 3.6406e-02     70.461 0.0000e+00
        473 108.867188    0.03278     1.9667    118.000  1025.8210  51834.169    32.2434     70.113    7.20734     4.9813     4.9862    25.4924   12.90625 3.6399e-02     70.786 0.0000e+00
        474 108.867190    0.03285     1.9708    118.250  1025.8227  51834.660    32.2436     70.442    7.20729     4.9813     4.9864    25.4926   12.90617 3.6392e-02     71.118 0.0000e+00
        475 108.867193    0.03292     1.9750    118.500  1025.8244  51835.215    32.2438     70.770    7.20726     4.9813     4.9865    25.4927   12.90612 3.6388e-02     71.450 0.0000e+00
        476 108.867196    0.03299     1.9792    118.750  1025.8262  51835.992    32.2442     71.090    7.20724     4.9814     4.9865    25.4930   12.90608 3.6386e-02     71.773 0.0000e+00
        477 108.867199    0.03306     1.9833    119.000  1025.8282  51837.245    32.2449     71.398    7.20720     4.9817     4.9865    25.4936   12.90601 3.6384e-02     72.084 0.0000e+00
        478 108.867202    0.03313     1.9875    119.250  1025.8302  51838.634    32.2457     71.691    7.20713     4.9821     4.9867    25.4942   12.90589 3.6384e-02     72.380 0.0000e+00
        479 108.867205    0.03319     1.9917    119.500  1025.8319  51839.617    32.2463     71.969    7.20705     4.9824     4.9870    25.4947   12.90574 3.6383e-02     72.661 0.0000e+00
        480 108.867208    0.03326     1.9958    119.750  1025.8334  51840.210    32.2467     72.234    7.20696     4.9826     4.9874    25.4949   12.90559 3.6383e-02     72.928 0.0000e+00
        481 108.867211    0.03333     2.0000    120.000  1025.8349  51840.768    32.2470     72.489    7.20689     4.9827     4.9877    25.4951   12.90547 3.6382e-02     73.185 0.0000e+00
        482 108.867214    0.03340     2.0042    120.250  1025.8363  51841.423    32.2474     72.738    7.20683     4.9828     4.9879    25.4954   12.90537 3.6382e-02     73.437 0.0000e+00
        483 108.867216    0.03347     2.0083    120.500  1025.8378  51842.205    32.2479     72.986    7.20679     4.9828     4.9880    25.4958   12.90529 3.6382e-02     73.687 0.0000e+00
        484 108.867219    0.03354     2.0125    120.750  1025.8394  51843.152    32.2484     73.235    7.20675     4.9829     4.9881    25.4962   12.90522 3.6382e-02     73.939 0.0000e+00
        485 108.867222    0.03361     2.0167    121.000  1025.8411  51844.233    32.2490     73.489    7.20671     4.9831     4.9882    25.4967   12.90514 3.6382e-02     74.195 0.0000e+00
        486 108.867225    0.03368     2.0208    121.250  1025.8429  51845.459    32.2498     73.750    7.20665     4.9833     4.9883    25.4973   12.90504 3.6382e-02     74.459 0.0000e+00
        487 108.867228    0.03375     2.0250    121.500  1025.8448  51846.695    32.2505     74.018    7.20658     4.9836     4.9885    25.4979   12.90491 3.6382e-02     74.730 0.0000e+00
        488 108.867231    0.03382     2.0292    121.750  1025.8465  51847.665    32.2511     74.294    7.20650     4.9840     4.9888    25.4983   12.90478 3.6382e-02     75.009 0.0000e+00
        489 108.867234    0.03389     2.0333    122.000  1025.8481  51848.323    32.2515     74.579    7.20643     4.9843     4.9891    25.4986   12.90465 3.6382e-02     75.296 0.0000e+00
        490 108.867237    0.03396     2.0375    122.250  1025.8496  51848.852    32.2518     74.873    7.20635     4.9845     4.9895    25.4988   12.90452 3.6382e-02     75.593 0.0000e+00
        491 108.867240    0.03403     2.0417    122.500  1025.8513  51849.476    32.2522     75.176    7.20628     4.9848     4.9898    25.4990   12.90440 3.6382e-02     75.899 0.0000e+00
        492 108.867242    0.03410     2.0458    122.750  1025.8531  51850.263    32.2526     75.486    7.20621     4.9851     4.9901    25.4993   12.90427 3.6382e-02     76.213 0.0000e+00
        493 108.867245    0.03417     2.0500    123.000  1025.8549  51851.064    32.2531     75.801    7.20614     4.9853     4.9904    25.4997   12.90415 3.6382e-02     76.531 0.0000e+00
        494 108.867248    0.03424     2.0542    123.250  1025.8567  51851.773    32.2535     76.116    7.20607     4.9855     4.9906    25.5000   12.90404 3.6382e-02     76.849 0.0000e+00
        495 108.867251    0.03431     2.0583    123.500  1025.8584  51852.456    32.2538     76.428    7.20601     4.9858     4.9909    25.5002   12.90393 3.6382e-02     77.163 0.0000e+00
        496 108.867254    0.03438     2.0625    123.750  1025.8601  51853.170    32.2542     76.733    7.20594     4.9861     4.9912    25.5005   12.90381 3.6382e-02     77.471 0.0000e+00
        497 108.867257    0.03444     2.0667    124.000  1025.8618  51853.898    32.2546     77.028    7.20588     4.9864     4.9915    25.5008   12.90369 3.6382e-02     77.769 0.0000e+00
        498 108.867260    0.03451     2.0708    124.250  1025.8634  51854.638    32.2551     77.311    7.20581     4.9867     4.9918    25.5011   12.90357 3.6382e-02     78.055 0.0000e+00
        499 108.867263    0.03458     2.0750    124.500  1025.8650  51855.456    32.2555     77.580    7.20573     4.9870     4.9921    25.5015   12.90344 3.6382e-02     78.327 0.0000e+00
        500 108.867266    0.03465     2.0792    124.750  1025.8667  51856.512    32.2562     77.835    7.20564     4.9875     4.9924    25.5020   12.90328 3.6382e-02     78.585 0.0000e+00
        501 108.867269    0.03472     2.0833    125.000  1025.8686  51857.975    32.2572     78.080    7.20553     4.9880     4.9928    25.5027   12.90308 3.6382e-02     78.832 0.0000e+00
        502 108.867271    0.03479     2.0875    125.250  1025.8706  51859.767    32.2584     78.320    7.20539     4.9886     4.9932    25.5036   12.90284 3.6382e-02     79.074 0.0000e+00
        503 108.867274    0.03486     2.0917    125.500  1025.8727  51861.715    32.2598     78.558    7.20523     4.9893     4.9938    25.5046   12.90257 3.6382e-02     79.315 0.0000e+00
        504 108.867277    0.03493     2.0958    125.750  1025.8749  51863.679    32.2611     78.800    7.20506     4.9901     4.9944    25.5056   12.90226 3.6382e-02     79.559 0.0000e+00
        505 108.867280    0.03500     2.1000    126.000  1025.8770  51865.437    32.2624     79.050    7.20487     4.9908     4.9951    25.5065   12.90195 3.6382e-02     79.811 0.0000e+00
        506 108.867283    0.03507     2.1042    126.250  1025.8789  51866.897    32.2634     79.313    7.20470     4.9914     4.9959    25.5073   12.90164 3.6382e-02     80.076 0.0000e+00
        507 108.867286    0.03514     2.1083    126.500  1025.8808  51868.112    32.2643     79.591    7.20453     4.9920     4.9966    25.5079   12.90135 3.6382e-02     80.357 0.0000e+00
        508 108.867289    0.03521     2.1125    126.750  1025.8826  51868.998    32.2649     79.885    7.20438     4.9925     4.9973    25.5083   12.90110 3.6382e-02     80.655 0.0000e+00
        509 108.867292    0.03528     2.1167    127.000  1025.8843  51869.610    32.2653     80.193    7.20426     4.9929     4.9979    25.5086   12.90090 3.6382e-02     80.966 0.0000e+00
        510 108.867295    0.03535     2.1208    127.250  1025.8860  51870.210    32.2656     80.508    7.20416     4.9932     4.9984    25.5088   12.90072 3.6382e-02     81.284 0.0000e+00
