CTD-processing/allCTD/CNV--homogene/2017_07-24_t9_s10_cast202.cnv
* Sea-Bird SBE19plus Data File:
* FileName = P:\My Documents\kasitsna\Research-KBL\Oceanography-AK\CTD-Data-ALL-to-2017-02\2017-CTD-KachemakBay-CookInlet\2017-07-24-CookInlet-Tran9-HomerSpit\2017-07-24-CookInlet-Tran9-cast202.hex
* Software Version 1.59
* Temperature SN =  4141
* Conductivity SN =  4141
* System UpLoad Time = Jul 24 2017 19:39:25
** Cook Inlet LTM Transect 9 Homer Spit north to south
** Date: 2017-07-24
** Station: (eg. 9-01): 9-10
** Start time (AKDT): 9:04
** Depth (m): 59.4
** Comment: R/V Edgecumbe.  Quarterly survey.
** Comment:
# nquan = 17
# nvalues = 580                         
# units = specified
# name 0 = scan: Scan Count
# name 1 = timeJ: Julian Days
# name 2 = timeH: Time, Elapsed [hours]
# name 3 = timeM: Time, Elapsed [minutes]
# name 4 = timeS: Time, Elapsed [seconds]
# name 5 = density00: Density [density, kg/m^3]
# name 6 = specc: Specific Conductance [uS/cm]
# name 7 = sal00: Salinity, Practical [PSU]
# name 8 = depSM: Depth [salt water, m], lat = 59.00
# name 9 = oxsolML/L: Oxygen Saturation, Garcia & Gordon [ml/l]
# name 10 = potemp090C: Potential Temperature [ITS-90, deg C]
# name 11 = tv290C: Temperature [ITS-90, deg C]
# name 12 = sigma-é00: Density [sigma-theta, kg/m^3]
# name 13 = n2satML/L: Nitrogen Saturation [ml/l]
# name 14 = par: PAR/Irradiance, Biospherical/Licor
# name 15 = prdM: Pressure, Strain Gauge [db]
# name 16 = flag:  0.000e+00
# span 0 =          1,        580       
# span 1 = 205.377257, 205.378932       
# span 2 =    0.00000,    0.04021       
# span 3 =     0.0000,     2.4125       
# span 4 =      0.000,    144.750       
# span 5 =  1003.2906,  1024.5774       
# span 6 =   8192.376,  49656.600       
# span 7 =     5.0932,    31.4490       
# span 8 =      0.132,     49.442       
# span 9 =    6.33225,    7.12722       
# span 10 =     8.9230,    12.9807      
# span 11 =     8.9281,    13.1619      
# span 12 =     3.2900,    24.3504      
# span 13 =   11.51738,   13.13746      
# span 14 = 5.2136e-02, 2.2139e+02      
# span 15 =      0.132,     49.915      
# span 16 = 0.0000e+00, 0.0000e+00      
# interval = seconds: 0.25
# start_time = Jul 24 2017 09:03:15 [Instrument's time stamp, header]
# bad_flag = -9.990e-29
*END*
[from data line 341]
        342 205.378244    0.02368     1.4208     85.250  1023.1364  47492.846    30.1179      7.341    6.48045    10.2640    10.2463    23.1028   11.73030 1.2458e+00      7.410 0.0000e+00
        343 205.378247    0.02375     1.4250     85.500  1023.1346  47489.413    30.1166      7.516    6.47903    10.2700    10.2568    23.1001   11.72795 1.1358e+00      7.588 0.0000e+00
        344 205.378249    0.02382     1.4292     85.750  1023.1331  47486.426    30.1154      7.693    6.47794    10.2743    10.2649    23.0979   11.72616 1.0352e+00      7.766 0.0000e+00
        345 205.378252    0.02389     1.4333     86.000  1023.1322  47484.074    30.1143      7.873    6.47713    10.2773    10.2709    23.0961   11.72483 9.4237e-01      7.947 0.0000e+00
        346 205.378255    0.02396     1.4375     86.250  1023.1314  47481.817    30.1132      8.058    6.47656    10.2800    10.2752    23.0945   11.72390 8.5658e-01      8.134 0.0000e+00
        347 205.378258    0.02403     1.4417     86.500  1023.1325  47482.728    30.1141      8.249    6.47609    10.2845    10.2783    23.0947   11.72311 7.7788e-01      8.327 0.0000e+00
        348 205.378261    0.02410     1.4458     86.750  1023.1385  47492.577    30.1213      8.443    6.47542    10.2938    10.2809    23.0999   11.72192 7.0669e-01      8.523 0.0000e+00
        349 205.378264    0.02417     1.4500     87.000  1023.1519  47516.100    30.1383      8.639    6.47408    10.3087    10.2854    23.1124   11.71949 6.4330e-01      8.721 0.0000e+00
        350 205.378267    0.02424     1.4542     87.250  1023.1679  47545.025    30.1596      8.834    6.47188    10.3271    10.2948    23.1275   11.71558 5.8740e-01      8.917 0.0000e+00
        351 205.378270    0.02431     1.4583     87.500  1023.1792  47566.093    30.1761      9.025    6.46909    10.3464    10.3097    23.1379   11.71076 5.3861e-01      9.110 0.0000e+00
        352 205.378273    0.02438     1.4625     87.750  1023.1866  47580.737    30.1884      9.213    6.46599    10.3648    10.3281    23.1445   11.70548 4.9665e-01      9.300 0.0000e+00
        353 205.378275    0.02444     1.4667     88.000  1023.1921  47591.845    30.1984      9.397    6.46285    10.3803    10.3474    23.1491   11.70016 4.6109e-01      9.486 0.0000e+00
        354 205.378278    0.02451     1.4708     88.250  1023.1948  47597.973    30.2048      9.578    6.45999    10.3911    10.3658    23.1510   11.69533 4.3087e-01      9.668 0.0000e+00
        355 205.378281    0.02458     1.4750     88.500  1023.1969  47602.426    30.2097      9.758    6.45761    10.3967    10.3813    23.1522   11.69133 4.0463e-01      9.849 0.0000e+00
        356 205.378284    0.02465     1.4792     88.750  1023.2015  47610.910    30.2168      9.937    6.45578    10.3970    10.3922    23.1560   11.68821 3.8135e-01     10.031 0.0000e+00
        357 205.378287    0.02472     1.4833     89.000  1023.2108  47627.221    30.2289     10.118    6.45450    10.3927    10.3978    23.1645   11.68594 3.6026e-01     10.214 0.0000e+00
        358 205.378290    0.02479     1.4875     89.250  1023.2244  47650.750    30.2454     10.302    6.45377    10.3844    10.3982    23.1773   11.68453 3.4086e-01     10.399 0.0000e+00
        359 205.378293    0.02486     1.4917     89.500  1023.2408  47678.515    30.2644     10.490    6.45359    10.3722    10.3939    23.1928   11.68401 3.2284e-01     10.589 0.0000e+00
        360 205.378296    0.02493     1.4958     89.750  1023.2588  47708.799    30.2846     10.684    6.45392    10.3560    10.3856    23.2099   11.68432 3.0601e-01     10.784 0.0000e+00
        361 205.378299    0.02500     1.5000     90.000  1023.2786  47741.763    30.3063     10.882    6.45474    10.3365    10.3734    23.2288   11.68541 2.9021e-01     10.984 0.0000e+00
        362 205.378302    0.02507     1.5042     90.250  1023.3002  47777.356    30.3294     11.084    6.45605    10.3145    10.3573    23.2495   11.68732 2.7526e-01     11.189 0.0000e+00
        363 205.378304    0.02514     1.5083     90.500  1023.3223  47813.581    30.3525     11.289    6.45784    10.2905    10.3378    23.2707   11.69001 2.6117e-01     11.396 0.0000e+00
        364 205.378307    0.02521     1.5125     90.750  1023.3444  47849.368    30.3750     11.493    6.46001    10.2657    10.3158    23.2918   11.69334 2.4803e-01     11.602 0.0000e+00
        365 205.378310    0.02528     1.5167     91.000  1023.3669  47885.534    30.3975     11.695    6.46246    10.2417    10.2919    23.3133   11.69712 2.3575e-01     11.806 0.0000e+00
        366 205.378313    0.02535     1.5208     91.250  1023.3892  47921.551    30.4199     11.891    6.46503    10.2198    10.2671    23.3348   11.70112 2.2431e-01     12.004 0.0000e+00
        367 205.378316    0.02542     1.5250     91.500  1023.4104  47955.522    30.4409     12.081    6.46755    10.2007    10.2431    23.3551   11.70503 2.1384e-01     12.196 0.0000e+00
        368 205.378319    0.02549     1.5292     91.750  1023.4294  47985.957    30.4596     12.263    6.46986    10.1846    10.2212    23.3733   11.70865 2.0432e-01     12.379 0.0000e+00
        369 205.378322    0.02556     1.5333     92.000  1023.4458  48011.955    30.4755     12.437    6.47191    10.1713    10.2020    23.3888   11.71185 1.9553e-01     12.556 0.0000e+00
        370 205.378325    0.02562     1.5375     92.250  1023.4593  48033.237    30.4885     12.608    6.47364    10.1603    10.1860    23.4016   11.71457 1.8727e-01     12.728 0.0000e+00
        371 205.378328    0.02569     1.5417     92.500  1023.4704  48050.392    30.4989     12.779    6.47508    10.1514    10.1727    23.4119   11.71684 1.7942e-01     12.901 0.0000e+00
        372 205.378330    0.02576     1.5458     92.750  1023.4794  48064.144    30.5072     12.954    6.47629    10.1438    10.1617    23.4201   11.71873 1.7184e-01     13.077 0.0000e+00
        373 205.378333    0.02583     1.5500     93.000  1023.4866  48074.788    30.5136     13.136    6.47729    10.1366    10.1528    23.4265   11.72032 1.6447e-01     13.261 0.0000e+00
        374 205.378336    0.02590     1.5542     93.250  1023.4922  48082.595    30.5181     13.327    6.47817    10.1282    10.1453    23.4312   11.72172 1.5728e-01     13.453 0.0000e+00
        375 205.378339    0.02597     1.5583     93.500  1023.4967  48088.282    30.5211     13.527    6.47906    10.1176    10.1381    23.4348   11.72315 1.5021e-01     13.655 0.0000e+00
        376 205.378342    0.02604     1.5625     93.750  1023.5015  48094.306    30.5242     13.734    6.48012    10.1055    10.1297    23.4386   11.72487 1.4334e-01     13.864 0.0000e+00
        377 205.378345    0.02611     1.5667     94.000  1023.5083  48103.816    30.5296     13.945    6.48140    10.0938    10.1191    23.4445   11.72694 1.3680e-01     14.077 0.0000e+00
        378 205.378348    0.02618     1.5708     94.250  1023.5172  48116.826    30.5372     14.156    6.48279    10.0836    10.1071    23.4524   11.72915 1.3064e-01     14.290 0.0000e+00
        379 205.378351    0.02625     1.5750     94.500  1023.5265  48130.833    30.5455     14.362    6.48411    10.0756    10.0954    23.4608   11.73123 1.2493e-01     14.497 0.0000e+00
        380 205.378354    0.02632     1.5792     94.750  1023.5350  48143.544    30.5531     14.557    6.48523    10.0696    10.0852    23.4684   11.73300 1.1980e-01     14.695 0.0000e+00
        381 205.378356    0.02639     1.5833     95.000  1023.5418  48153.530    30.5591     14.740    6.48612    10.0649    10.0772    23.4743   11.73440 1.1526e-01     14.880 0.0000e+00
        382 205.378359    0.02646     1.5875     95.250  1023.5468  48160.563    30.5633     14.911    6.48679    10.0606    10.0712    23.4785   11.73547 1.1121e-01     15.052 0.0000e+00
        383 205.378362    0.02653     1.5917     95.500  1023.5506  48165.550    30.5661     15.073    6.48734    10.0559    10.0665    23.4816   11.73634 1.0751e-01     15.216 0.0000e+00
        384 205.378365    0.02660     1.5958     95.750  1023.5539  48169.841    30.5686     15.232    6.48786    10.0502    10.0622    23.4842   11.73716 1.0404e-01     15.376 0.0000e+00
        385 205.378368    0.02667     1.6000     96.000  1023.5576  48174.664    30.5713     15.391    6.48841    10.0439    10.0575    23.4871   11.73804 1.0070e-01     15.537 0.0000e+00
        386 205.378371    0.02674     1.6042     96.250  1023.5621  48180.923    30.5750     15.556    6.48905    10.0377    10.0519    23.4908   11.73907 9.7462e-02     15.703 0.0000e+00
        387 205.378374    0.02681     1.6083     96.500  1023.5674  48188.480    30.5794     15.729    6.48977    10.0324    10.0456    23.4953   11.74021 9.4300e-02     15.878 0.0000e+00
        388 205.378377    0.02688     1.6125     96.750  1023.5727  48196.089    30.5839     15.910    6.49046    10.0283    10.0394    23.4998   11.74130 9.1238e-02     16.061 0.0000e+00
        389 205.378380    0.02694     1.6167     97.000  1023.5775  48202.588    30.5878     16.100    6.49105    10.0254    10.0341    23.5037   11.74222 8.8328e-02     16.253 0.0000e+00
        390 205.378383    0.02701     1.6208     97.250  1023.5812  48207.390    30.5906     16.298    6.49150    10.0233    10.0301    23.5066   11.74294 8.5619e-02     16.453 0.0000e+00
        391 205.378385    0.02708     1.6250     97.500  1023.5840  48210.446    30.5923     16.500    6.49184    10.0219    10.0272    23.5084   11.74349 8.3127e-02     16.657 0.0000e+00
        392 205.378388    0.02715     1.6292     97.750  1023.5858  48212.028    30.5931     16.704    6.49210    10.0209    10.0251    23.5093   11.74391 8.0839e-02     16.862 0.0000e+00
        393 205.378391    0.02722     1.6333     98.000  1023.5869  48212.219    30.5930     16.906    6.49231    10.0200    10.0237    23.5094   11.74425 7.8730e-02     17.067 0.0000e+00
        394 205.378394    0.02729     1.6375     98.250  1023.5874  48211.459    30.5923     17.104    6.49248    10.0192    10.0227    23.5090   11.74455 7.6793e-02     17.267 0.0000e+00
        395 205.378397    0.02736     1.6417     98.500  1023.5879  48210.828    30.5916     17.298    6.49262    10.0183    10.0219    23.5087   11.74478 7.5036e-02     17.462 0.0000e+00
        396 205.378400    0.02743     1.6458     98.750  1023.5888  48210.948    30.5915     17.485    6.49273    10.0172    10.0212    23.5087   11.74498 7.3463e-02     17.652 0.0000e+00
        397 205.378403    0.02750     1.6500     99.000  1023.5901  48211.708    30.5919     17.668    6.49285    10.0159    10.0202    23.5092   11.74517 7.2048e-02     17.835 0.0000e+00
        398 205.378406    0.02757     1.6542     99.250  1023.5915  48212.701    30.5923     17.846    6.49299    10.0143    10.0191    23.5097   11.74540 7.0745e-02     18.015 0.0000e+00
        399 205.378409    0.02764     1.6583     99.500  1023.5927  48213.488    30.5927     18.021    6.49316    10.0124    10.0179    23.5102   11.74567 6.9528e-02     18.192 0.0000e+00
        400 205.378411    0.02771     1.6625     99.750  1023.5939  48214.009    30.5928     18.195    6.49337    10.0098    10.0164    23.5105   11.74602 6.8383e-02     18.367 0.0000e+00
        401 205.378414    0.02778     1.6667    100.000  1023.5952  48214.779    30.5930     18.369    6.49364    10.0067    10.0144    23.5110   11.74646 6.7292e-02     18.543 0.0000e+00
        402 205.378417    0.02785     1.6708    100.250  1023.5969  48216.382    30.5938     18.543    6.49397    10.0030    10.0119    23.5120   11.74700 6.6244e-02     18.719 0.0000e+00
        403 205.378420    0.02792     1.6750    100.500  1023.5995  48219.273    30.5953     18.719    6.49434     9.9986    10.0088    23.5138   11.74760 6.5235e-02     18.897 0.0000e+00
        404 205.378423    0.02799     1.6792    100.750  1023.6032  48224.194    30.5983     18.897    6.49474     9.9931    10.0051    23.5166   11.74822 6.4281e-02     19.076 0.0000e+00
        405 205.378426    0.02806     1.6833    101.000  1023.6084  48231.770    30.6030     19.077    6.49517     9.9868    10.0007    23.5210   11.74888 6.3394e-02     19.258 0.0000e+00
        406 205.378429    0.02813     1.6875    101.250  1023.6150  48241.625    30.6092     19.261    6.49570     9.9807     9.9952    23.5267   11.74967 6.2574e-02     19.443 0.0000e+00
        407 205.378432    0.02819     1.6917    101.500  1023.6221  48252.386    30.6159     19.446    6.49631     9.9752     9.9890    23.5330   11.75061 6.1834e-02     19.631 0.0000e+00
        408 205.378435    0.02826     1.6958    101.750  1023.6288  48262.511    30.6221     19.633    6.49692     9.9700     9.9828    23.5389   11.75154 6.1168e-02     19.820 0.0000e+00
        409 205.378437    0.02833     1.7000    102.000  1023.6347  48271.228    30.6275     19.820    6.49747     9.9641     9.9774    23.5440   11.75239 6.0548e-02     20.009 0.0000e+00
        410 205.378440    0.02840     1.7042    102.250  1023.6402  48279.178    30.6324     20.006    6.49800     9.9567     9.9722    23.5486   11.75321 5.9963e-02     20.196 0.0000e+00
        411 205.378443    0.02847     1.7083    102.500  1023.6461  48287.716    30.6376     20.190    6.49862     9.9472     9.9664    23.5536   11.75417 5.9420e-02     20.382 0.0000e+00
        412 205.378446    0.02854     1.7125    102.750  1023.6531  48298.231    30.6440     20.373    6.49940     9.9366     9.9590    23.5598   11.75540 5.8914e-02     20.567 0.0000e+00
        413 205.378449    0.02861     1.7167    103.000  1023.6618  48311.663    30.6522     20.555    6.50041     9.9268     9.9495    23.5677   11.75697 5.8446e-02     20.750 0.0000e+00
        414 205.378452    0.02868     1.7208    103.250  1023.6717  48326.923    30.6616     20.735    6.50154     9.9187     9.9389    23.5767   11.75873 5.8018e-02     20.932 0.0000e+00
        415 205.378455    0.02875     1.7250    103.500  1023.6810  48341.471    30.6705     20.914    6.50256     9.9114     9.9291    23.5853   11.76032 5.7630e-02     21.112 0.0000e+00
        416 205.378458    0.02882     1.7292    103.750  1023.6895  48354.615    30.6787     21.092    6.50337     9.9034     9.9210    23.5929   11.76155 5.7280e-02     21.292 0.0000e+00
        417 205.378461    0.02889     1.7333    104.000  1023.6984  48368.533    30.6875     21.269    6.50405     9.8938     9.9137    23.6010   11.76257 5.6951e-02     21.471 0.0000e+00
        418 205.378464    0.02896     1.7375    104.250  1023.7091  48385.727    30.6985     21.447    6.50473     9.8827     9.9057    23.6109   11.76357 5.6632e-02     21.650 0.0000e+00
        419 205.378466    0.02903     1.7417    104.500  1023.7219  48406.592    30.7119     21.627    6.50554     9.8711     9.8961    23.6229   11.76474 5.6328e-02     21.833 0.0000e+00
        420 205.378469    0.02910     1.7458    104.750  1023.7360  48429.489    30.7265     21.812    6.50651     9.8600     9.8851    23.6361   11.76617 5.6043e-02     22.019 0.0000e+00
        421 205.378472    0.02917     1.7500    105.000  1023.7501  48452.480    30.7412     22.000    6.50755     9.8502     9.8735    23.6493   11.76772 5.5774e-02     22.209 0.0000e+00
        422 205.378475    0.02924     1.7542    105.250  1023.7634  48473.929    30.7548     22.190    6.50856     9.8421     9.8624    23.6617   11.76924 5.5523e-02     22.400 0.0000e+00
        423 205.378478    0.02931     1.7583    105.500  1023.7751  48492.670    30.7667     22.381    6.50946     9.8356     9.8526    23.6726   11.77059 5.5295e-02     22.593 0.0000e+00
        424 205.378481    0.02937     1.7625    105.750  1023.7850  48508.400    30.7766     22.572    6.51021     9.8305     9.8445    23.6816   11.77171 5.5088e-02     22.786 0.0000e+00
        425 205.378484    0.02944     1.7667    106.000  1023.7933  48521.226    30.7847     22.764    6.51080     9.8266     9.8380    23.6890   11.77258 5.4886e-02     22.980 0.0000e+00
