CTD-processing/allCTD/CNV--homogene/2017_05-30_alongbay_skb09_cast178.cnv
* Sea-Bird SBE19plus Data File:
* FileName = C:\Users\jwschloemer\Documents\CTD Data\2017_05_30_alongbay\2017_05_30_AlongBay_cast178.hex
* Software Version 1.59
* Temperature SN =  4141
* Conductivity SN =  4141
* System UpLoad Time = Jun 22 2017 13:51:00
** Cook Inlet LTM Kbay Along Bay
** Date: 2017-05-30
** Station:KB09
** Start Time (AKST):14:52
** Depth (m):65
** Comment: R/V Edgecumbe
# nquan = 17
# nvalues = 599                         
# units = specified
# name 0 = scan: Scan Count
# name 1 = timeJ: Julian Days
# name 2 = timeH: Time, Elapsed [hours]
# name 3 = timeM: Time, Elapsed [minutes]
# name 4 = timeS: Time, Elapsed [seconds]
# name 5 = density00: Density [density, kg/m^3]
# name 6 = specc: Specific Conductance [uS/cm]
# name 7 = sal00: Salinity, Practical [PSU]
# name 8 = depSM: Depth [salt water, m], lat = 59.00
# name 9 = oxsolML/L: Oxygen Saturation, Garcia & Gordon [ml/l]
# name 10 = potemp090C: Potential Temperature [ITS-90, deg C]
# name 11 = tv290C: Temperature [ITS-90, deg C]
# name 12 = sigma-é00: Density [sigma-theta, kg/m^3]
# name 13 = n2satML/L: Nitrogen Saturation [ml/l]
# name 14 = par: PAR/Irradiance, Biospherical/Licor
# name 15 = prdM: Pressure, Strain Gauge [db]
# name 16 = flag:  0.000e+00
# span 0 =          1,        599       
# span 1 = 150.620498, 150.622228       
# span 2 =    0.00000,    0.04153       
# span 3 =     0.0000,     2.4917       
# span 4 =      0.000,    149.500       
# span 5 =  1000.5934,  1025.3654       
# span 6 =   1899.177,  51069.142       
# span 7 =     0.9461,    31.7844       
# span 8 =      0.005,     57.161       
# span 9 =    6.68527,    8.21593       
# span 10 =     5.2639,     8.8059      
# span 11 =     5.2682,     8.8060      
# span 12 =     0.5933,    25.0977      
# span 13 =   12.06825,   15.02868      
# span 14 = 4.1626e-02, 2.1347e+03      
# span 15 =      0.005,     57.709      
# span 16 = 0.0000e+00, 0.0000e+00      
# interval = seconds: 0.25
# start_time = May 30 2017 14:53:31 [Instrument's time stamp, header]
# bad_flag = -9.990e-29
*END*
[from data line 511]
        512 150.621976    0.03549     2.1292    127.750  1025.2207  50904.779    31.7425     40.768    7.13142     5.5616     5.5717    25.0300   12.78731 8.0990e-02     41.157 0.0000e+00
        513 150.621979    0.03556     2.1333    128.000  1025.2223  50906.408    31.7428     40.964    7.13201     5.5583     5.5681    25.0307   12.78828 7.9103e-02     41.355 0.0000e+00
        514 150.621982    0.03562     2.1375    128.250  1025.2235  50907.248    31.7426     41.177    7.13259     5.5547     5.5648    25.0309   12.78923 7.7207e-02     41.570 0.0000e+00
        515 150.621985    0.03569     2.1417    128.500  1025.2247  50907.932    31.7422     41.405    7.13317     5.5511     5.5615    25.0310   12.79019 7.5230e-02     41.800 0.0000e+00
        516 150.621988    0.03576     2.1458    128.750  1025.2262  50909.076    31.7422     41.639    7.13377     5.5476     5.5579    25.0314   12.79118 7.3172e-02     42.036 0.0000e+00
        517 150.621991    0.03583     2.1500    129.000  1025.2280  50910.991    31.7427     41.862    7.13436     5.5445     5.5543    25.0322   12.79215 7.1262e-02     42.262 0.0000e+00
        518 150.621994    0.03590     2.1542    129.250  1025.2303  50913.837    31.7438     42.063    7.13489     5.5420     5.5508    25.0335   12.79302 6.9701e-02     42.465 0.0000e+00
        519 150.621997    0.03597     2.1583    129.500  1025.2326  50917.038    31.7453     42.240    7.13535     5.5400     5.5477    25.0351   12.79375 6.8442e-02     42.643 0.0000e+00
        520 150.621999    0.03604     2.1625    129.750  1025.2345  50919.481    31.7464     42.403    7.13572     5.5383     5.5452    25.0362   12.79435 6.7328e-02     42.808 0.0000e+00
        521 150.622002    0.03611     2.1667    130.000  1025.2358  50920.657    31.7467     42.568    7.13603     5.5365     5.5433    25.0367   12.79486 6.6226e-02     42.975 0.0000e+00
        522 150.622005    0.03618     2.1708    130.250  1025.2365  50920.593    31.7462     42.750    7.13634     5.5342     5.5416    25.0365   12.79538 6.5057e-02     43.159 0.0000e+00
        523 150.622008    0.03625     2.1750    130.500  1025.2367  50919.640    31.7451     42.956    7.13670     5.5313     5.5398    25.0358   12.79600 6.3790e-02     43.366 0.0000e+00
        524 150.622011    0.03632     2.1792    130.750  1025.2372  50918.910    31.7440     43.180    7.13714     5.5283     5.5375    25.0352   12.79673 6.2525e-02     43.592 0.0000e+00
        525 150.622014    0.03639     2.1833    131.000  1025.2383  50919.419    31.7437     43.407    7.13763     5.5255     5.5347    25.0353   12.79754 6.1358e-02     43.822 0.0000e+00
        526 150.622017    0.03646     2.1875    131.250  1025.2399  50920.962    31.7440     43.625    7.13812     5.5228     5.5317    25.0359   12.79834 6.0261e-02     44.042 0.0000e+00
        527 150.622020    0.03653     2.1917    131.500  1025.2416  50922.683    31.7445     43.824    7.13858     5.5203     5.5288    25.0366   12.79910 5.9280e-02     44.242 0.0000e+00
        528 150.622023    0.03660     2.1958    131.750  1025.2431  50924.211    31.7449     44.002    7.13900     5.5180     5.5262    25.0373   12.79980 5.8470e-02     44.422 0.0000e+00
        529 150.622025    0.03667     2.2000    132.000  1025.2445  50925.751    31.7454     44.167    7.13940     5.5158     5.5237    25.0379   12.80045 5.7773e-02     44.588 0.0000e+00
        530 150.622028    0.03674     2.2042    132.250  1025.2460  50927.405    31.7460     44.328    7.13977     5.5138     5.5214    25.0386   12.80105 5.7124e-02     44.751 0.0000e+00
        531 150.622031    0.03681     2.2083    132.500  1025.2476  50929.196    31.7467     44.497    7.14011     5.5119     5.5192    25.0394   12.80160 5.6484e-02     44.922 0.0000e+00
        532 150.622034    0.03687     2.2125    132.750  1025.2494  50931.250    31.7476     44.678    7.14040     5.5102     5.5172    25.0404   12.80207 5.5821e-02     45.105 0.0000e+00
        533 150.622037    0.03694     2.2167    133.000  1025.2514  50933.621    31.7488     44.873    7.14066     5.5086     5.5153    25.0415   12.80248 5.5121e-02     45.302 0.0000e+00
        534 150.622040    0.03701     2.2208    133.250  1025.2537  50936.233    31.7501     45.078    7.14088     5.5070     5.5136    25.0428   12.80283 5.4420e-02     45.509 0.0000e+00
        535 150.622043    0.03708     2.2250    133.500  1025.2558  50938.562    31.7513     45.286    7.14109     5.5051     5.5121    25.0439   12.80316 5.3756e-02     45.718 0.0000e+00
        536 150.622046    0.03715     2.2292    133.750  1025.2570  50939.438    31.7515     45.488    7.14134     5.5019     5.5105    25.0442   12.80358 5.3134e-02     45.923 0.0000e+00
        537 150.622049    0.03722     2.2333    134.000  1025.2568  50937.647    31.7497     45.681    7.14176     5.4963     5.5086    25.0431   12.80429 5.2568e-02     46.117 0.0000e+00
        538 150.622052    0.03729     2.2375    134.250  1025.2548  50932.771    31.7456     45.865    7.14249     5.4870     5.5054    25.0402   12.80555 5.2058e-02     46.303 0.0000e+00
        539 150.622054    0.03736     2.2417    134.500  1025.2510  50924.919    31.7390     46.045    7.14375     5.4724     5.4998    25.0356   12.80772 5.1574e-02     46.485 0.0000e+00
        540 150.622057    0.03743     2.2458    134.750  1025.2456  50914.523    31.7298     46.224    7.14578     5.4527     5.4905    25.0294   12.81119 5.1102e-02     46.665 0.0000e+00
        541 150.622060    0.03750     2.2500    135.000  1025.2415  50906.974    31.7215     46.402    7.14864     5.4306     5.4759    25.0245   12.81602 5.0645e-02     46.845 0.0000e+00
        542 150.622063    0.03757     2.2542    135.250  1025.2436  50911.092    31.7201     46.576    7.15205     5.4101     5.4562    25.0256   12.82167 5.0228e-02     47.021 0.0000e+00
        543 150.622066    0.03764     2.2583    135.500  1025.2519  50927.139    31.7265     46.746    7.15549     5.3931     5.4341    25.0332   12.82727 4.9869e-02     47.192 0.0000e+00
        544 150.622069    0.03771     2.2625    135.750  1025.2626  50947.220    31.7360     46.914    7.15853     5.3799     5.4136    25.0430   12.83217 4.9531e-02     47.362 0.0000e+00
        545 150.622072    0.03778     2.2667    136.000  1025.2721  50964.919    31.7445     47.088    7.16100     5.3696     5.3967    25.0517   12.83613 4.9196e-02     47.538 0.0000e+00
        546 150.622075    0.03785     2.2708    136.250  1025.2793  50977.844    31.7506     47.277    7.16295     5.3609     5.3835    25.0580   12.83927 4.8887e-02     47.729 0.0000e+00
        547 150.622078    0.03792     2.2750    136.500  1025.2845  50986.714    31.7545     47.482    7.16453     5.3535     5.3731    25.0622   12.84183 4.8556e-02     47.936 0.0000e+00
        548 150.622080    0.03799     2.2792    136.750  1025.2888  50993.745    31.7574     47.696    7.16586     5.3472     5.3645    25.0655   12.84398 4.8141e-02     48.152 0.0000e+00
        549 150.622083    0.03806     2.2833    137.000  1025.2929  51000.430    31.7603     47.904    7.16698     5.3420     5.3571    25.0687   12.84580 4.7701e-02     48.362 0.0000e+00
        550 150.622086    0.03812     2.2875    137.250  1025.2969  51006.908    31.7634     48.090    7.16791     5.3380     5.3508    25.0718   12.84730 4.7323e-02     48.550 0.0000e+00
        551 150.622089    0.03819     2.2917    137.500  1025.3006  51012.867    31.7664     48.249    7.16865     5.3350     5.3456    25.0747   12.84848 4.7034e-02     48.710 0.0000e+00
        552 150.622092    0.03826     2.2958    137.750  1025.3037  51017.814    31.7689     48.385    7.16921     5.3328     5.3416    25.0772   12.84938 4.6811e-02     48.848 0.0000e+00
        553 150.622095    0.03833     2.3000    138.000  1025.3058  51020.993    31.7704     48.514    7.16964     5.3307     5.3387    25.0787   12.85006 4.6619e-02     48.978 0.0000e+00
        554 150.622098    0.03840     2.3042    138.250  1025.3068  51021.877    31.7705     48.656    7.17001     5.3279     5.3365    25.0790   12.85067 4.6445e-02     49.121 0.0000e+00
        555 150.622101    0.03847     2.3083    138.500  1025.3069  51020.982    31.7693     48.827    7.17042     5.3242     5.3344    25.0783   12.85138 4.6287e-02     49.294 0.0000e+00
        556 150.622104    0.03854     2.3125    138.750  1025.3070  51019.728    31.7678     49.034    7.17096     5.3197     5.3316    25.0774   12.85229 4.6127e-02     49.502 0.0000e+00
        557 150.622106    0.03861     2.3167    139.000  1025.3075  51019.251    31.7666     49.266    7.17164     5.3145     5.3280    25.0769   12.85343 4.5883e-02     49.736 0.0000e+00
        558 150.622109    0.03868     2.3208    139.250  1025.3088  51020.189    31.7661     49.499    7.17244     5.3091     5.3234    25.0770   12.85476 4.5518e-02     49.972 0.0000e+00
        559 150.622112    0.03875     2.3250    139.500  1025.3110  51022.983    31.7668     49.710    7.17329     5.3043     5.3182    25.0782   12.85615 4.5150e-02     50.185 0.0000e+00
        560 150.622115    0.03882     2.3292    139.750  1025.3139  51027.588    31.7688     49.884    7.17411     5.3004     5.3129    25.0803   12.85747 4.4882e-02     50.361 0.0000e+00
        561 150.622118    0.03889     2.3333    140.000  1025.3173  51033.086    31.7715     50.024    7.17481     5.2977     5.3081    25.0830   12.85859 4.4703e-02     50.503 0.0000e+00
        562 150.622121    0.03896     2.3375    140.250  1025.3202  51037.870    31.7739     50.147    7.17535     5.2955     5.3042    25.0853   12.85945 4.4581e-02     50.626 0.0000e+00
        563 150.622124    0.03903     2.3417    140.500  1025.3220  51040.452    31.7751     50.275    7.17576     5.2933     5.3015    25.0865   12.86012 4.4471e-02     50.755 0.0000e+00
        564 150.622127    0.03910     2.3458    140.750  1025.3227  51040.747    31.7748     50.432    7.17614     5.2906     5.2993    25.0865   12.86075 4.4339e-02     50.913 0.0000e+00
        565 150.622130    0.03917     2.3500    141.000  1025.3233  51040.536    31.7740     50.627    7.17656     5.2878     5.2971    25.0862   12.86145 4.4185e-02     51.110 0.0000e+00
        566 150.622133    0.03924     2.3542    141.250  1025.3247  51041.525    31.7740     50.855    7.17702     5.2851     5.2944    25.0865   12.86220 4.3988e-02     51.341 0.0000e+00
        567 150.622135    0.03931     2.3583    141.500  1025.3268  51043.732    31.7748     51.097    7.17747     5.2829     5.2916    25.0875   12.86293 4.3751e-02     51.586 0.0000e+00
        568 150.622138    0.03938     2.3625    141.750  1025.3291  51046.335    31.7760     51.329    7.17786     5.2812     5.2890    25.0887   12.86356 4.3534e-02     51.821 0.0000e+00
        569 150.622141    0.03944     2.3667    142.000  1025.3311  51048.698    31.7770     51.535    7.17817     5.2799     5.2868    25.0898   12.86408 4.3374e-02     52.028 0.0000e+00
        570 150.622144    0.03951     2.3708    142.250  1025.3328  51050.637    31.7779     51.713    7.17842     5.2790     5.2851    25.0907   12.86447 4.3255e-02     52.208 0.0000e+00
        571 150.622147    0.03958     2.3750    142.500  1025.3343  51052.229    31.7787     51.873    7.17861     5.2783     5.2838    25.0914   12.86477 4.3149e-02     52.369 0.0000e+00
        572 150.622150    0.03965     2.3792    142.750  1025.3355  51053.195    31.7791     52.032    7.17875     5.2776     5.2829    25.0918   12.86500 4.3052e-02     52.530 0.0000e+00
        573 150.622153    0.03972     2.3833    143.000  1025.3363  51053.421    31.7790     52.206    7.17887     5.2768     5.2822    25.0918   12.86521 4.2969e-02     52.705 0.0000e+00
        574 150.622156    0.03979     2.3875    143.250  1025.3372  51053.588    31.7788     52.401    7.17900     5.2761     5.2815    25.0918   12.86541 4.2877e-02     52.902 0.0000e+00
        575 150.622159    0.03986     2.3917    143.500  1025.3384  51054.188    31.7790     52.615    7.17911     5.2756     5.2807    25.0920   12.86560 4.2759e-02     53.118 0.0000e+00
        576 150.622161    0.03993     2.3958    143.750  1025.3398  51055.009    31.7793     52.838    7.17921     5.2751     5.2801    25.0923   12.86576 4.2652e-02     53.344 0.0000e+00
        577 150.622164    0.04000     2.4000    144.000  1025.3411  51055.707    31.7796     53.060    7.17930     5.2746     5.2795    25.0926   12.86589 4.2579e-02     53.567 0.0000e+00
        578 150.622167    0.04007     2.4042    144.250  1025.3422  51056.173    31.7797     53.270    7.17937     5.2743     5.2791    25.0927   12.86602 4.2515e-02     53.780 0.0000e+00
        579 150.622170    0.04014     2.4083    144.500  1025.3432  51056.477    31.7797     53.469    7.17944     5.2739     5.2787    25.0928   12.86613 4.2444e-02     53.981 0.0000e+00
        580 150.622173    0.04021     2.4125    144.750  1025.3441  51056.684    31.7797     53.659    7.17951     5.2734     5.2783    25.0928   12.86624 4.2372e-02     54.172 0.0000e+00
        581 150.622176    0.04028     2.4167    145.000  1025.3449  51056.763    31.7796     53.844    7.17958     5.2727     5.2779    25.0928   12.86636 4.2304e-02     54.359 0.0000e+00
        582 150.622179    0.04035     2.4208    145.250  1025.3457  51056.758    31.7794     54.031    7.17968     5.2718     5.2774    25.0927   12.86652 4.2228e-02     54.547 0.0000e+00
        583 150.622182    0.04042     2.4250    145.500  1025.3466  51056.864    31.7792     54.222    7.17979     5.2707     5.2767    25.0926   12.86672 4.2146e-02     54.741 0.0000e+00
        584 150.622185    0.04049     2.4292    145.750  1025.3476  51057.345    31.7793     54.423    7.17994     5.2695     5.2758    25.0927   12.86696 4.2070e-02     54.944 0.0000e+00
        585 150.622188    0.04056     2.4333    146.000  1025.3491  51058.464    31.7797     54.633    7.18010     5.2684     5.2748    25.0932   12.86723 4.2004e-02     55.156 0.0000e+00
        586 150.622190    0.04063     2.4375    146.250  1025.3509  51060.222    31.7806     54.851    7.18026     5.2675     5.2736    25.0940   12.86749 4.1959e-02     55.376 0.0000e+00
        587 150.622193    0.04069     2.4417    146.500  1025.3529  51062.259    31.7816     55.072    7.18040     5.2668     5.2725    25.0950   12.86769 4.1917e-02     55.599 0.0000e+00
        588 150.622196    0.04076     2.4458    146.750  1025.3548  51064.095    31.7826     55.284    7.18050     5.2664     5.2717    25.0959   12.86785 4.1859e-02     55.813 0.0000e+00
        589 150.622199    0.04083     2.4500    147.000  1025.3563  51065.467    31.7833     55.479    7.18058     5.2660     5.2710    25.0965   12.86797 4.1807e-02     56.010 0.0000e+00
        590 150.622202    0.04090     2.4542    147.250  1025.3575  51066.350    31.7837     55.658    7.18063     5.2658     5.2705    25.0969   12.86806 4.1772e-02     56.191 0.0000e+00
        591 150.622205    0.04097     2.4583    147.500  1025.3585  51066.850    31.7839     55.830    7.18068     5.2655     5.2702    25.0971   12.86813 4.1736e-02     56.364 0.0000e+00
        592 150.622208    0.04104     2.4625    147.750  1025.3594  51067.075    31.7839     56.008    7.18072     5.2652     5.2699    25.0971   12.86820 4.1675e-02     56.544 0.0000e+00
        593 150.622211    0.04111     2.4667    148.000  1025.3603  51067.149    31.7838     56.204    7.18077     5.2649     5.2697    25.0971   12.86828 4.1626e-02     56.743 0.0000e+00
        594 150.622214    0.04118     2.4708    148.250  1025.3613  51067.350    31.7838     56.420    7.18081     5.2646     5.2695    25.0971   12.86835 4.1657e-02     56.961 0.0000e+00
        595 150.622216    0.04125     2.4750    148.500  1025.3625  51067.801    31.7839     56.643    7.18085     5.2643     5.2692    25.0972   12.86842 4.1718e-02     57.186 0.0000e+00
