CTD-processing/allCTD/CNV--homogene/2017_07-26_alongbay_skb03_cast240.cnv
* Sea-Bird SBE19plus Data File:
* FileName = C:\Users\Kim.Powell\Desktop\2017_07-26\2017_07-26_TRANSECT_STATION_cast240.hex
* Software Version 1.59
* Temperature SN =  4141
* Conductivity SN =  4141
* System UpLoad Time = Aug 04 2017 16:18:40
** 2017_07-26
** Transect: AlongBay
** Station: KB03
** Start Time: 09:37
** Depth (m): 106.07
** Comment:
** Comment:
# nquan = 17
# nvalues = 745                         
# units = specified
# name 0 = scan: Scan Count
# name 1 = timeJ: Julian Days
# name 2 = timeH: Time, Elapsed [hours]
# name 3 = timeM: Time, Elapsed [minutes]
# name 4 = timeS: Time, Elapsed [seconds]
# name 5 = density00: Density [density, kg/m^3]
# name 6 = specc: Specific Conductance [uS/cm]
# name 7 = sal00: Salinity, Practical [PSU]
# name 8 = depSM: Depth [salt water, m], lat = 59.00
# name 9 = oxsolML/L: Oxygen Saturation, Garcia & Gordon [ml/l]
# name 10 = potemp090C: Potential Temperature [ITS-90, deg C]
# name 11 = tv290C: Temperature [ITS-90, deg C]
# name 12 = sigma-é00: Density [sigma-theta, kg/m^3]
# name 13 = n2satML/L: Nitrogen Saturation [ml/l]
# name 14 = par: PAR/Irradiance, Biospherical/Licor
# name 15 = prdM: Pressure, Strain Gauge [db]
# name 16 = flag:  0.000e+00
# span 0 =          1,        745       
# span 1 = 207.401447, 207.403600       
# span 2 =    0.00000,    0.05167       
# span 3 =     0.0000,     3.1000       
# span 4 =      0.000,    186.000       
# span 5 =  1000.0292,  1025.1139       
# span 6 =   1063.591,  50272.593       
# span 7 =     0.5212,    31.7078       
# span 8 =     -0.027,     89.166       
# span 9 =    6.40724,    7.71448       
# span 10 =     7.8871,    10.8680      
# span 11 =     7.8956,    10.8684      
# span 12 =     0.0294,    24.7036      
# span 13 =   11.59271,   14.18856      
# span 14 = 4.5375e-02, 1.5347e+02      
# span 15 =     -0.027,     90.027      
# span 16 = 0.0000e+00, 0.0000e+00      
# interval = seconds: 0.25
# start_time = Jul 26 2017 09:38:05 [Instrument's time stamp, header]
# bad_flag = -9.990e-29
*END*
[from data line 341]
        342 207.402433    0.02368     1.4208     85.250  1024.3862  49692.716    31.6147     10.632    6.47729     9.8220     9.8305    24.3375   11.70714 5.6615e+00     10.733 0.0000e+00
        343 207.402436    0.02375     1.4250     85.500  1024.3870  49692.174    31.6138     10.838    6.47779     9.8172     9.8272    24.3374   11.70799 5.4711e+00     10.941 0.0000e+00
        344 207.402439    0.02382     1.4292     85.750  1024.3878  49691.760    31.6129     11.030    6.47840     9.8116     9.8232    24.3373   11.70900 5.3003e+00     11.134 0.0000e+00
        345 207.402442    0.02389     1.4333     86.000  1024.3889  49691.800    31.6122     11.209    6.47911     9.8055     9.8184    24.3376   11.71018 5.1436e+00     11.315 0.0000e+00
        346 207.402445    0.02396     1.4375     86.250  1024.3901  49692.125    31.6117     11.386    6.47991     9.7990     9.8129    24.3380   11.71152 4.9931e+00     11.493 0.0000e+00
        347 207.402448    0.02403     1.4417     86.500  1024.3918  49693.092    31.6115     11.567    6.48079     9.7925     9.8068    24.3388   11.71297 4.8416e+00     11.677 0.0000e+00
        348 207.402451    0.02410     1.4458     86.750  1024.3942  49695.210    31.6120     11.762    6.48169     9.7863     9.8004    24.3403   11.71445 4.6857e+00     11.873 0.0000e+00
        349 207.402454    0.02417     1.4500     87.000  1024.3975  49698.844    31.6137     11.971    6.48255     9.7811     9.7938    24.3427   11.71586 4.5255e+00     12.085 0.0000e+00
        350 207.402457    0.02424     1.4542     87.250  1024.4015  49703.665    31.6162     12.192    6.48331     9.7771     9.7877    24.3456   11.71709 4.3638e+00     12.308 0.0000e+00
        351 207.402459    0.02431     1.4583     87.500  1024.4054  49708.521    31.6188     12.418    6.48394     9.7741     9.7825    24.3485   11.71810 4.2054e+00     12.536 0.0000e+00
        352 207.402462    0.02438     1.4625     87.750  1024.4088  49712.552    31.6210     12.642    6.48442     9.7719     9.7784    24.3509   11.71888 4.0539e+00     12.762 0.0000e+00
        353 207.402465    0.02444     1.4667     88.000  1024.4116  49715.591    31.6227     12.859    6.48478     9.7703     9.7755    24.3527   11.71944 3.9112e+00     12.981 0.0000e+00
        354 207.402468    0.02451     1.4708     88.250  1024.4139  49717.869    31.6239     13.067    6.48503     9.7692     9.7733    24.3540   11.71985 3.7779e+00     13.191 0.0000e+00
        355 207.402471    0.02458     1.4750     88.500  1024.4159  49719.735    31.6249     13.267    6.48522     9.7684     9.7718    24.3551   11.72014 3.6527e+00     13.393 0.0000e+00
        356 207.402474    0.02465     1.4792     88.750  1024.4176  49721.254    31.6258     13.464    6.48534     9.7680     9.7706    24.3560   11.72033 3.5325e+00     13.592 0.0000e+00
        357 207.402477    0.02472     1.4833     89.000  1024.4191  49722.366    31.6264     13.662    6.48542     9.7678     9.7699    24.3566   11.72046 3.4145e+00     13.791 0.0000e+00
        358 207.402480    0.02479     1.4875     89.250  1024.4205  49723.365    31.6269     13.863    6.48546     9.7679     9.7694    24.3571   11.72051 3.2986e+00     13.995 0.0000e+00
        359 207.402483    0.02486     1.4917     89.500  1024.4219  49724.340    31.6275     14.068    6.48545     9.7681     9.7693    24.3575   11.72050 3.1861e+00     14.201 0.0000e+00
        360 207.402486    0.02493     1.4958     89.750  1024.4232  49725.003    31.6279     14.273    6.48542     9.7684     9.7694    24.3578   11.72045 3.0785e+00     14.408 0.0000e+00
        361 207.402488    0.02500     1.5000     90.000  1024.4242  49725.311    31.6281     14.474    6.48538     9.7688     9.7697    24.3579   11.72037 2.9772e+00     14.612 0.0000e+00
        362 207.402491    0.02507     1.5042     90.250  1024.4250  49725.395    31.6281     14.669    6.48533     9.7691     9.7700    24.3579   11.72028 2.8832e+00     14.808 0.0000e+00
        363 207.402494    0.02514     1.5083     90.500  1024.4258  49725.378    31.6281     14.856    6.48528     9.7695     9.7704    24.3578   11.72020 2.7955e+00     14.996 0.0000e+00
        364 207.402497    0.02521     1.5125     90.750  1024.4266  49725.464    31.6281     15.039    6.48522     9.7699     9.7708    24.3578   11.72011 2.7116e+00     15.182 0.0000e+00
        365 207.402500    0.02528     1.5167     91.000  1024.4275  49725.690    31.6282     15.226    6.48516     9.7704     9.7712    24.3578   11.72000 2.6278e+00     15.370 0.0000e+00
        366 207.402503    0.02535     1.5208     91.250  1024.4283  49725.793    31.6283     15.423    6.48509     9.7708     9.7716    24.3577   11.71989 2.5410e+00     15.569 0.0000e+00
        367 207.402506    0.02542     1.5250     91.500  1024.4292  49725.809    31.6283     15.636    6.48503     9.7712     9.7721    24.3576   11.71978 2.4500e+00     15.784 0.0000e+00
        368 207.402509    0.02549     1.5292     91.750  1024.4303  49726.057    31.6284     15.865    6.48496     9.7716     9.7725    24.3577   11.71967 2.3565e+00     16.015 0.0000e+00
        369 207.402512    0.02556     1.5333     92.000  1024.4315  49726.455    31.6286     16.103    6.48489     9.7720     9.7729    24.3578   11.71956 2.2644e+00     16.256 0.0000e+00
        370 207.402514    0.02562     1.5375     92.250  1024.4326  49726.685    31.6287     16.339    6.48483     9.7722     9.7733    24.3578   11.71945 2.1776e+00     16.495 0.0000e+00
        371 207.402517    0.02569     1.5417     92.500  1024.4334  49726.524    31.6286     16.562    6.48477     9.7723     9.7738    24.3576   11.71936 2.0997e+00     16.720 0.0000e+00
        372 207.402520    0.02576     1.5458     92.750  1024.4340  49725.924    31.6281     16.767    6.48476     9.7721     9.7741    24.3572   11.71933 2.0315e+00     16.926 0.0000e+00
        373 207.402523    0.02583     1.5500     93.000  1024.4344  49725.263    31.6276     16.953    6.48477     9.7718     9.7741    24.3568   11.71937 1.9712e+00     17.114 0.0000e+00
        374 207.402526    0.02590     1.5542     93.250  1024.4350  49724.995    31.6273     17.129    6.48481     9.7714     9.7739    24.3566   11.71944 1.9147e+00     17.291 0.0000e+00
        375 207.402529    0.02597     1.5583     93.500  1024.4358  49725.069    31.6272     17.306    6.48485     9.7711     9.7736    24.3566   11.71951 1.8576e+00     17.470 0.0000e+00
        376 207.402532    0.02604     1.5625     93.750  1024.4367  49725.226    31.6272     17.494    6.48490     9.7707     9.7733    24.3567   11.71958 1.7970e+00     17.660 0.0000e+00
        377 207.402535    0.02611     1.5667     94.000  1024.4377  49725.300    31.6271     17.700    6.48494     9.7701     9.7730    24.3567   11.71966 1.7331e+00     17.868 0.0000e+00
        378 207.402538    0.02618     1.5708     94.250  1024.4385  49725.139    31.6268     17.921    6.48501     9.7694     9.7726    24.3565   11.71977 1.6682e+00     18.091 0.0000e+00
        379 207.402541    0.02625     1.5750     94.500  1024.4394  49724.885    31.6265     18.147    6.48509     9.7685     9.7721    24.3564   11.71992 1.6054e+00     18.319 0.0000e+00
        380 207.402543    0.02632     1.5792     94.750  1024.4404  49724.870    31.6263     18.366    6.48521     9.7674     9.7714    24.3563   11.72011 1.5480e+00     18.540 0.0000e+00
        381 207.402546    0.02639     1.5833     95.000  1024.4415  49725.238    31.6264     18.568    6.48534     9.7664     9.7705    24.3565   11.72032 1.4976e+00     18.743 0.0000e+00
        382 207.402549    0.02646     1.5875     95.250  1024.4427  49725.957    31.6267     18.750    6.48547     9.7655     9.7695    24.3569   11.72053 1.4529e+00     18.928 0.0000e+00
        383 207.402552    0.02653     1.5917     95.500  1024.4439  49726.662    31.6270     18.921    6.48559     9.7646     9.7685    24.3573   11.72073 1.4114e+00     19.100 0.0000e+00
        384 207.402555    0.02660     1.5958     95.750  1024.4447  49726.707    31.6268     19.090    6.48572     9.7631     9.7676    24.3573   11.72095 1.3703e+00     19.271 0.0000e+00
        385 207.402558    0.02667     1.6000     96.000  1024.4450  49725.691    31.6259     19.269    6.48590     9.7609     9.7667    24.3568   11.72125 1.3275e+00     19.452 0.0000e+00
        386 207.402561    0.02674     1.6042     96.250  1024.4450  49724.046    31.6244     19.463    6.48616     9.7578     9.7653    24.3559   11.72170 1.2829e+00     19.648 0.0000e+00
        387 207.402564    0.02681     1.6083     96.500  1024.4453  49722.808    31.6232     19.671    6.48653     9.7539     9.7630    24.3552   11.72233 1.2377e+00     19.858 0.0000e+00
        388 207.402567    0.02688     1.6125     96.750  1024.4463  49722.576    31.6225     19.884    6.48700     9.7496     9.7599    24.3552   11.72312 1.1941e+00     20.073 0.0000e+00
        389 207.402569    0.02694     1.6167     97.000  1024.4478  49723.366    31.6225     20.093    6.48755     9.7452     9.7561    24.3558   11.72403 1.1540e+00     20.283 0.0000e+00
        390 207.402572    0.02701     1.6208     97.250  1024.4498  49725.016    31.6230     20.290    6.48814     9.7409     9.7518    24.3569   11.72499 1.1177e+00     20.483 0.0000e+00
        391 207.402575    0.02708     1.6250     97.500  1024.4520  49727.117    31.6238     20.478    6.48872     9.7369     9.7475    24.3583   11.72596 1.0838e+00     20.672 0.0000e+00
        392 207.402578    0.02715     1.6292     97.750  1024.4543  49729.374    31.6248     20.661    6.48929     9.7331     9.7432    24.3597   11.72689 1.0508e+00     20.857 0.0000e+00
        393 207.402581    0.02722     1.6333     98.000  1024.4566  49731.745    31.6258     20.850    6.48982     9.7297     9.7392    24.3612   11.72775 1.0178e+00     21.047 0.0000e+00
        394 207.402584    0.02729     1.6375     98.250  1024.4590  49734.229    31.6270     21.050    6.49030     9.7268     9.7354    24.3627   11.72854 9.8392e-01     21.249 0.0000e+00
        395 207.402587    0.02736     1.6417     98.500  1024.4616  49736.978    31.6284     21.261    6.49073     9.7244     9.7320    24.3644   11.72922 9.4957e-01     21.462 0.0000e+00
        396 207.402590    0.02743     1.6458     98.750  1024.4643  49739.819    31.6300     21.477    6.49108     9.7225     9.7291    24.3660   11.72979 9.1587e-01     21.680 0.0000e+00
        397 207.402593    0.02750     1.6500     99.000  1024.4667  49742.256    31.6313     21.690    6.49136     9.7208     9.7268    24.3674   11.73024 8.8400e-01     21.896 0.0000e+00
        398 207.402595    0.02757     1.6542     99.250  1024.4687  49744.049    31.6322     21.896    6.49159     9.7192     9.7249    24.3685   11.73062 8.5467e-01     22.103 0.0000e+00
        399 207.402598    0.02764     1.6583     99.500  1024.4702  49745.159    31.6327     22.092    6.49180     9.7175     9.7232    24.3691   11.73096 8.2765e-01     22.301 0.0000e+00
        400 207.402601    0.02771     1.6625     99.750  1024.4713  49745.615    31.6327     22.279    6.49202     9.7154     9.7217    24.3694   11.73133 8.0226e-01     22.490 0.0000e+00
        401 207.402604    0.02778     1.6667    100.000  1024.4722  49745.600    31.6324     22.464    6.49229     9.7129     9.7199    24.3694   11.73176 7.7783e-01     22.677 0.0000e+00
        402 207.402607    0.02785     1.6708    100.250  1024.4729  49745.225    31.6317     22.652    6.49261     9.7099     9.7178    24.3693   11.73230 7.5346e-01     22.867 0.0000e+00
        403 207.402610    0.02792     1.6750    100.500  1024.4735  49744.464    31.6308     22.850    6.49300     9.7063     9.7154    24.3689   11.73296 7.2855e-01     23.067 0.0000e+00
        404 207.402613    0.02799     1.6792    100.750  1024.4740  49743.469    31.6296     23.062    6.49347     9.7021     9.7124    24.3685   11.73376 7.0304e-01     23.281 0.0000e+00
        405 207.402616    0.02806     1.6833    101.000  1024.4745  49742.157    31.6281     23.286    6.49404     9.6971     9.7089    24.3679   11.73472 6.7712e-01     23.507 0.0000e+00
        406 207.402619    0.02813     1.6875    101.250  1024.4749  49740.664    31.6264     23.517    6.49471     9.6917     9.7047    24.3673   11.73585 6.5176e-01     23.741 0.0000e+00
        407 207.402622    0.02819     1.6917    101.500  1024.4761  49740.419    31.6255     23.746    6.49546     9.6864     9.6997    24.3673   11.73709 6.2814e-01     23.972 0.0000e+00
        408 207.402624    0.02826     1.6958    101.750  1024.4784  49742.412    31.6261     23.965    6.49620     9.6819     9.6943    24.3686   11.73832 6.0668e-01     24.193 0.0000e+00
        409 207.402627    0.02833     1.7000    102.000  1024.4812  49745.454    31.6274     24.168    6.49689     9.6780     9.6891    24.3705   11.73944 5.8759e-01     24.397 0.0000e+00
        410 207.402630    0.02840     1.7042    102.250  1024.4836  49747.826    31.6284     24.352    6.49749     9.6746     9.6846    24.3720   11.74043 5.7053e-01     24.583 0.0000e+00
        411 207.402633    0.02847     1.7083    102.500  1024.4852  49748.989    31.6286     24.526    6.49804     9.6712     9.6807    24.3728   11.74133 5.5451e-01     24.759 0.0000e+00
        412 207.402636    0.02854     1.7125    102.750  1024.4863  49749.270    31.6283     24.700    6.49855     9.6676     9.6772    24.3731   11.74218 5.3846e-01     24.935 0.0000e+00
        413 207.402639    0.02861     1.7167    103.000  1024.4871  49748.906    31.6275     24.886    6.49907     9.6639     9.6738    24.3731   11.74305 5.2163e-01     25.122 0.0000e+00
        414 207.402642    0.02868     1.7208    103.250  1024.4877  49748.104    31.6264     25.088    6.49961     9.6599     9.6704    24.3728   11.74396 5.0396e-01     25.327 0.0000e+00
        415 207.402645    0.02875     1.7250    103.500  1024.4886  49747.719    31.6255     25.306    6.50018     9.6559     9.6666    24.3727   11.74492 4.8614e-01     25.547 0.0000e+00
        416 207.402648    0.02882     1.7292    103.750  1024.4900  49748.110    31.6252     25.531    6.50076     9.6518     9.6627    24.3730   11.74588 4.6902e-01     25.773 0.0000e+00
        417 207.402650    0.02889     1.7333    104.000  1024.4914  49748.522    31.6249     25.751    6.50134     9.6475     9.6587    24.3734   11.74685 4.5299e-01     25.996 0.0000e+00
        418 207.402653    0.02896     1.7375    104.250  1024.4923  49748.247    31.6240     25.960    6.50196     9.6423     9.6547    24.3735   11.74787 4.3827e-01     26.206 0.0000e+00
        419 207.402656    0.02903     1.7417    104.500  1024.4926  49746.782    31.6223     26.155    6.50265     9.6361     9.6503    24.3728   11.74904 4.2500e-01     26.404 0.0000e+00
        420 207.402659    0.02910     1.7458    104.750  1024.4926  49744.775    31.6202     26.340    6.50347     9.6289     9.6452    24.3719   11.75042 4.1274e-01     26.590 0.0000e+00
        421 207.402662    0.02917     1.7500    105.000  1024.4934  49744.265    31.6189     26.521    6.50442     9.6214     9.6389    24.3720   11.75201 4.0090e-01     26.773 0.0000e+00
        422 207.402665    0.02924     1.7542    105.250  1024.4953  49745.596    31.6188     26.706    6.50544     9.6136     9.6318    24.3730   11.75371 3.8906e-01     26.960 0.0000e+00
        423 207.402668    0.02931     1.7583    105.500  1024.4973  49746.867    31.6186     26.900    6.50652     9.6051     9.6243    24.3741   11.75550 3.7703e-01     27.156 0.0000e+00
        424 207.402671    0.02937     1.7625    105.750  1024.4984  49746.502    31.6172     27.104    6.50769     9.5949     9.6166    24.3743   11.75745 3.6482e-01     27.361 0.0000e+00
        425 207.402674    0.02944     1.7667    106.000  1024.4984  49744.012    31.6142     27.315    6.50904     9.5822     9.6080    24.3733   11.75972 3.5268e-01     27.575 0.0000e+00
