CTD-processing/allCTD/CNV--homogene/2017_03-28_alongbay_skb03_cast049.cnv
* Sea-Bird SBE19plus Data File:
* FileName = C:\Users\jwschloemer\Documents\CTD Data\2017_03_28_alongbay\2017_03_28_alongbay_cast049.hex
* Software Version 1.59
* Temperature SN =  4141
* Conductivity SN =  4141
* System UpLoad Time = Apr 03 2017 15:16:56
** Cook Inlet LTM Kbay Along Bay
** Date: 2017-03-28
** Station:KB03
** Start Time (AKST):12:32
** Depth (m):109
** Comment: R/V Edgecumbe
# nquan = 17
# nvalues = 751                         
# units = specified
# name 0 = scan: Scan Count
# name 1 = timeJ: Julian Days
# name 2 = timeH: Time, Elapsed [hours]
# name 3 = timeM: Time, Elapsed [minutes]
# name 4 = timeS: Time, Elapsed [seconds]
# name 5 = density00: Density [density, kg/m^3]
# name 6 = specc: Specific Conductance [uS/cm]
# name 7 = sal00: Salinity, Practical [PSU]
# name 8 = depSM: Depth [salt water, m], lat = 59.00
# name 9 = oxsolML/L: Oxygen Saturation, Garcia & Gordon [ml/l]
# name 10 = potemp090C: Potential Temperature [ITS-90, deg C]
# name 11 = tv290C: Temperature [ITS-90, deg C]
# name 12 = sigma-é00: Density [sigma-theta, kg/m^3]
# name 13 = n2satML/L: Nitrogen Saturation [ml/l]
# name 14 = par: PAR/Irradiance, Biospherical/Licor
# name 15 = prdM: Pressure, Strain Gauge [db]
# name 16 = flag:  0.000e+00
# span 0 =          1,        751       
# span 1 =  87.481539,  87.483709       
# span 2 =    0.00000,    0.05208       
# span 3 =     0.0000,     3.1250       
# span 4 =      0.000,    187.500       
# span 5 =  1000.4398,  1025.9266       
# span 6 =   1296.396,  52300.941       
# span 7 =     0.6151,    32.1338       
# span 8 =     -0.172,     85.008       
# span 9 =    7.52591,    9.65409       
# span 10 =     1.9084,     3.2580      
# span 11 =     1.9058,     3.2580      
# span 12 =     0.4406,    25.5886      
# span 13 =   13.43436,   17.44815      
# span 14 = 3.6382e-02, 1.5534e+03      
# span 15 =     -0.174,     85.829      
# span 16 = 0.0000e+00, 0.0000e+00      
# interval = seconds: 0.25
# start_time = Mar 28 2017 11:33:25 [Instrument's time stamp, header]
# bad_flag = -9.990e-29
*END*
[from data line 681]
        682  87.483510    0.04729     2.8375    170.250  1025.8663  52205.654    32.0622     72.303    7.53680     3.1939     3.1981    25.5239   13.45227 3.9549e-02     72.998 0.0000e+00
        683  87.483513    0.04736     2.8417    170.500  1025.8672  52205.757    32.0622     72.491    7.53680     3.1939     3.1981    25.5239   13.45226 3.9338e-02     73.188 0.0000e+00
        684  87.483516    0.04743     2.8458    170.750  1025.8681  52205.807    32.0621     72.697    7.53680     3.1938     3.1982    25.5238   13.45227 3.9143e-02     73.396 0.0000e+00
        685  87.483519    0.04750     2.8500    171.000  1025.8691  52205.832    32.0620     72.911    7.53680     3.1938     3.1982    25.5238   13.45228 3.8979e-02     73.612 0.0000e+00
        686  87.483521    0.04757     2.8542    171.250  1025.8701  52206.005    32.0620     73.125    7.53681     3.1938     3.1981    25.5238   13.45228 3.8812e-02     73.828 0.0000e+00
        687  87.483524    0.04764     2.8583    171.500  1025.8711  52206.238    32.0621     73.329    7.53681     3.1938     3.1981    25.5238   13.45227 3.8623e-02     74.034 0.0000e+00
        688  87.483527    0.04771     2.8625    171.750  1025.8720  52206.373    32.0621     73.517    7.53681     3.1938     3.1981    25.5238   13.45228 3.8447e-02     74.225 0.0000e+00
        689  87.483530    0.04778     2.8667    172.000  1025.8728  52206.483    32.0621     73.689    7.53681     3.1937     3.1981    25.5238   13.45228 3.8295e-02     74.398 0.0000e+00
        690  87.483533    0.04785     2.8708    172.250  1025.8735  52206.668    32.0621     73.848    7.53682     3.1937     3.1981    25.5238   13.45229 3.8160e-02     74.558 0.0000e+00
        691  87.483536    0.04792     2.8750    172.500  1025.8744  52206.952    32.0622     74.003    7.53681     3.1938     3.1981    25.5239   13.45228 3.8039e-02     74.715 0.0000e+00
        692  87.483539    0.04799     2.8792    172.750  1025.8753  52207.371    32.0624     74.165    7.53680     3.1938     3.1981    25.5241   13.45226 3.7922e-02     74.878 0.0000e+00
        693  87.483542    0.04806     2.8833    173.000  1025.8763  52207.810    32.0627     74.342    7.53678     3.1939     3.1981    25.5242   13.45222 3.7797e-02     75.057 0.0000e+00
        694  87.483545    0.04813     2.8875    173.250  1025.8773  52208.049    32.0627     74.538    7.53677     3.1940     3.1982    25.5243   13.45220 3.7665e-02     75.255 0.0000e+00
        695  87.483547    0.04819     2.8917    173.500  1025.8783  52208.087    32.0626     74.750    7.53675     3.1940     3.1983    25.5242   13.45218 3.7537e-02     75.469 0.0000e+00
        696  87.483550    0.04826     2.8958    173.750  1025.8792  52208.170    32.0626     74.966    7.53674     3.1941     3.1984    25.5242   13.45215 3.7400e-02     75.687 0.0000e+00
        697  87.483553    0.04833     2.9000    174.000  1025.8802  52208.407    32.0627     75.171    7.53672     3.1941     3.1984    25.5242   13.45212 3.7258e-02     75.894 0.0000e+00
        698  87.483556    0.04840     2.9042    174.250  1025.8811  52208.570    32.0627     75.357    7.53671     3.1941     3.1985    25.5243   13.45211 3.7118e-02     76.082 0.0000e+00
        699  87.483559    0.04847     2.9083    174.500  1025.8818  52208.551    32.0626     75.523    7.53671     3.1942     3.1985    25.5242   13.45210 3.6995e-02     76.250 0.0000e+00
        700  87.483562    0.04854     2.9125    174.750  1025.8825  52208.479    32.0625     75.681    7.53671     3.1942     3.1986    25.5241   13.45210 3.6894e-02     76.410 0.0000e+00
        701  87.483565    0.04861     2.9167    175.000  1025.8832  52208.452    32.0624     75.850    7.53670     3.1942     3.1986    25.5240   13.45209 3.6794e-02     76.579 0.0000e+00
        702  87.483568    0.04868     2.9208    175.250  1025.8841  52208.542    32.0624     76.042    7.53670     3.1942     3.1986    25.5240   13.45209 3.6711e-02     76.774 0.0000e+00
        703  87.483571    0.04875     2.9250    175.500  1025.8852  52208.772    32.0624     76.261    7.53669     3.1942     3.1986    25.5240   13.45207 3.6687e-02     76.995 0.0000e+00
        704  87.483573    0.04882     2.9292    175.750  1025.8863  52209.049    32.0625     76.493    7.53668     3.1942     3.1987    25.5241   13.45206 3.6679e-02     77.229 0.0000e+00
        705  87.483576    0.04889     2.9333    176.000  1025.8874  52209.235    32.0625     76.716    7.53668     3.1941     3.1987    25.5241   13.45205 3.6614e-02     77.455 0.0000e+00
        706  87.483579    0.04896     2.9375    176.250  1025.8883  52209.363    32.0625     76.912    7.53668     3.1941     3.1987    25.5241   13.45206 3.6527e-02     77.653 0.0000e+00
        707  87.483582    0.04903     2.9417    176.500  1025.8891  52209.511    32.0625     77.075    7.53669     3.1941     3.1987    25.5241   13.45207 3.6469e-02     77.817 0.0000e+00
        708  87.483585    0.04910     2.9458    176.750  1025.8898  52209.642    32.0625     77.217    7.53669     3.1941     3.1987    25.5241   13.45207 3.6434e-02     77.960 0.0000e+00
        709  87.483588    0.04917     2.9500    177.000  1025.8904  52209.632    32.0624     77.363    7.53670     3.1941     3.1986    25.5240   13.45209 3.6414e-02     78.108 0.0000e+00
        710  87.483591    0.04924     2.9542    177.250  1025.8910  52209.472    32.0622     77.538    7.53671     3.1941     3.1986    25.5239   13.45210 3.6401e-02     78.284 0.0000e+00
        711  87.483594    0.04931     2.9583    177.500  1025.8918  52209.275    32.0620     77.748    7.53672     3.1940     3.1986    25.5237   13.45212 3.6394e-02     78.497 0.0000e+00
        712  87.483597    0.04938     2.9625    177.750  1025.8928  52209.152    32.0618     77.985    7.53673     3.1939     3.1986    25.5235   13.45215 3.6389e-02     78.736 0.0000e+00
        713  87.483600    0.04944     2.9667    178.000  1025.8939  52209.244    32.0617     78.228    7.53674     3.1939     3.1986    25.5234   13.45217 3.6386e-02     78.982 0.0000e+00
        714  87.483602    0.04951     2.9708    178.250  1025.8950  52209.546    32.0617     78.454    7.53675     3.1938     3.1985    25.5235   13.45218 3.6385e-02     79.210 0.0000e+00
        715  87.483605    0.04958     2.9750    178.500  1025.8961  52209.948    32.0619     78.651    7.53675     3.1938     3.1985    25.5237   13.45219 3.6384e-02     79.409 0.0000e+00
        716  87.483608    0.04965     2.9792    178.750  1025.8970  52210.256    32.0620     78.819    7.53676     3.1938     3.1984    25.5238   13.45219 3.6383e-02     79.579 0.0000e+00
        717  87.483611    0.04972     2.9833    179.000  1025.8978  52210.406    32.0620     78.973    7.53676     3.1938     3.1984    25.5238   13.45219 3.6383e-02     79.735 0.0000e+00
        718  87.483614    0.04979     2.9875    179.250  1025.8985  52210.570    32.0621     79.129    7.53676     3.1938     3.1984    25.5238   13.45218 3.6382e-02     79.892 0.0000e+00
        719  87.483617    0.04986     2.9917    179.500  1025.8994  52210.815    32.0622     79.299    7.53675     3.1939     3.1985    25.5238   13.45217 3.6382e-02     80.063 0.0000e+00
        720  87.483620    0.04993     2.9958    179.750  1025.9004  52211.128    32.0623     79.490    7.53673     3.1939     3.1985    25.5239   13.45214 3.6382e-02     80.256 0.0000e+00
        721  87.483623    0.05000     3.0000    180.000  1025.9015  52211.406    32.0624     79.698    7.53671     3.1940     3.1986    25.5240   13.45211 3.6382e-02     80.466 0.0000e+00
        722  87.483626    0.05007     3.0042    180.250  1025.9024  52211.480    32.0623     79.916    7.53670     3.1941     3.1986    25.5240   13.45209 3.6382e-02     80.686 0.0000e+00
        723  87.483628    0.05014     3.0083    180.500  1025.9034  52211.523    32.0622     80.131    7.53669     3.1942     3.1987    25.5239   13.45208 3.6382e-02     80.903 0.0000e+00
        724  87.483631    0.05021     3.0125    180.750  1025.9043  52211.643    32.0622     80.334    7.53668     3.1943     3.1988    25.5239   13.45206 3.6382e-02     81.109 0.0000e+00
        725  87.483634    0.05028     3.0167    181.000  1025.9052  52211.693    32.0622     80.524    7.53666     3.1943     3.1989    25.5239   13.45203 3.6382e-02     81.300 0.0000e+00
        726  87.483637    0.05035     3.0208    181.250  1025.9060  52211.743    32.0622     80.703    7.53664     3.1943     3.1990    25.5238   13.45200 3.6382e-02     81.481 0.0000e+00
        727  87.483640    0.05042     3.0250    181.500  1025.9068  52211.818    32.0622     80.876    7.53663     3.1943     3.1990    25.5238   13.45198 3.6382e-02     81.656 0.0000e+00
        728  87.483643    0.05049     3.0292    181.750  1025.9076  52211.841    32.0621     81.046    7.53663     3.1942     3.1991    25.5237   13.45198 3.6382e-02     81.828 0.0000e+00
        729  87.483646    0.05056     3.0333    182.000  1025.9083  52211.869    32.0620     81.215    7.53664     3.1941     3.1990    25.5237   13.45199 3.6382e-02     81.998 0.0000e+00
        730  87.483649    0.05063     3.0375    182.250  1025.9092  52212.109    32.0621     81.381    7.53664     3.1941     3.1990    25.5237   13.45200 3.6382e-02     82.165 0.0000e+00
        731  87.483652    0.05069     3.0417    182.500  1025.9101  52212.580    32.0623     81.546    7.53664     3.1941     3.1989    25.5239   13.45200 3.6382e-02     82.332 0.0000e+00
        732  87.483655    0.05076     3.0458    182.750  1025.9111  52212.972    32.0625     81.718    7.53664     3.1941     3.1989    25.5241   13.45200 3.6382e-02     82.506 0.0000e+00
        733  87.483657    0.05083     3.0500    183.000  1025.9120  52213.135    32.0625     81.907    7.53664     3.1941     3.1989    25.5241   13.45200 3.6382e-02     82.696 0.0000e+00
        734  87.483660    0.05090     3.0542    183.250  1025.9129  52213.206    32.0624     82.116    7.53664     3.1941     3.1989    25.5240   13.45199 3.6382e-02     82.908 0.0000e+00
        735  87.483663    0.05097     3.0583    183.500  1025.9139  52213.241    32.0623     82.341    7.53664     3.1941     3.1990    25.5239   13.45199 3.6382e-02     83.135 0.0000e+00
        736  87.483666    0.05104     3.0625    183.750  1025.9149  52213.309    32.0622     82.569    7.53664     3.1941     3.1990    25.5239   13.45200 3.6382e-02     83.365 0.0000e+00
        737  87.483669    0.05111     3.0667    184.000  1025.9160  52213.620    32.0623     82.783    7.53664     3.1941     3.1989    25.5240   13.45200 3.6382e-02     83.582 0.0000e+00
        738  87.483672    0.05118     3.0708    184.250  1025.9170  52214.010    32.0625     82.971    7.53663     3.1941     3.1989    25.5241   13.45198 3.6382e-02     83.771 0.0000e+00
        739  87.483675    0.05125     3.0750    184.500  1025.9178  52214.133    32.0625     83.130    7.53663     3.1941     3.1989    25.5241   13.45198 3.6382e-02     83.932 0.0000e+00
        740  87.483678    0.05132     3.0792    184.750  1025.9183  52214.012    32.0623     83.272    7.53664     3.1941     3.1989    25.5240   13.45200 3.6382e-02     84.076 0.0000e+00
        741  87.483681    0.05139     3.0833    185.000  1025.9189  52213.929    32.0622     83.417    7.53665     3.1940     3.1989    25.5239   13.45201 3.6382e-02     84.222 0.0000e+00
        742  87.483683    0.05146     3.0875    185.250  1025.9197  52214.106    32.0622     83.579    7.53664     3.1940     3.1989    25.5239   13.45200 3.6382e-02     84.385 0.0000e+00
        743  87.483686    0.05153     3.0917    185.500  1025.9207  52214.455    32.0624     83.763    7.53664     3.1941     3.1989    25.5240   13.45199 3.6382e-02     84.571 0.0000e+00
        744  87.483689    0.05160     3.0958    185.750  1025.9218  52214.811    32.0625     83.964    7.53663     3.1941     3.1989    25.5241   13.45198 3.6382e-02     84.774 0.0000e+00
        745  87.483692    0.05167     3.1000    186.000  1025.9229  52215.205    32.0627     84.173    7.53662     3.1941     3.1990    25.5243   13.45195 3.6382e-02     84.985 0.0000e+00
        746  87.483695    0.05174     3.1042    186.250  1025.9240  52215.639    32.0629     84.379    7.53660     3.1941     3.1990    25.5244   13.45192 3.6382e-02     85.193 0.0000e+00
        747  87.483698    0.05181     3.1083    186.500  1025.9250  52215.989    32.0630     84.572    7.53658     3.1942     3.1991    25.5245   13.45189 3.6382e-02     85.388 0.0000e+00
        748  87.483701    0.05187     3.1125    186.750  1025.9258  52215.955    32.0629     84.744    7.53658     3.1942     3.1991    25.5245   13.45188 3.6382e-02     85.561 0.0000e+00
        749  87.483704    0.05194     3.1167    187.000  1025.9262  52215.558    32.0626     84.883    7.53659     3.1942     3.1991    25.5242   13.45190 3.6382e-02     85.702 0.0000e+00
        750  87.483707    0.05201     3.1208    187.250  1025.9265  52215.326    32.0624     84.975    7.53659 -9.990e-29     3.1992    25.5240   13.45191 3.6382e-02     85.796 0.0000e+00
        751  87.483709    0.05208     3.1250    187.500  1025.9266  52215.325    32.0624     85.008    7.53659 -9.990e-29     3.1992    25.5240   13.45191 3.6382e-02     85.829 0.0000e+00
