CTD-processing/allCTD/CNV--homogene/2017_10-20_alongbay_skb10_cast073.cnv
* Sea-Bird SBE19plus Data File:
* FileName = C:\Users\Kim.Powell\Desktop\Not Processed\2017\2017_10-20_AlongBay\2017_10-20_AlongBay_STATION_cast073.hex
* Software Version 1.59
* Temperature SN =  4141
* Conductivity SN =  4141
* System UpLoad Time = Oct 20 2017 16:04:31
** 2017_10-20
** Station: KB10
** Start Time: 13:17
** Depth (m): 64.9
** Comment: Edgecumbe
** Comment:
# nquan = 17
# nvalues = 652                         
# units = specified
# name 0 = scan: Scan Count
# name 1 = timeJ: Julian Days
# name 2 = timeH: Time, Elapsed [hours]
# name 3 = timeM: Time, Elapsed [minutes]
# name 4 = timeS: Time, Elapsed [seconds]
# name 5 = density00: Density [density, kg/m^3]
# name 6 = specc: Specific Conductance [uS/cm]
# name 7 = sal00: Salinity, Practical [PSU]
# name 8 = depSM: Depth [salt water, m], lat = 59.00
# name 9 = oxsolML/L: Oxygen Saturation, Garcia & Gordon [ml/l]
# name 10 = potemp090C: Potential Temperature [ITS-90, deg C]
# name 11 = tv290C: Temperature [ITS-90, deg C]
# name 12 = sigma-é00: Density [sigma-theta, kg/m^3]
# name 13 = n2satML/L: Nitrogen Saturation [ml/l]
# name 14 = par: PAR/Irradiance, Biospherical/Licor
# name 15 = prdM: Pressure, Strain Gauge [db]
# name 16 = flag:  0.000e+00
# span 0 =          1,        652       
# span 1 = 293.553924, 293.555807       
# span 2 =    0.00000,    0.04521       
# span 3 =     0.0000,     2.7125       
# span 4 =      0.000,    162.750       
# span 5 =  1000.8755,  1024.1190       
# span 6 =   2358.415,  48906.388       
# span 7 =     1.1569,    30.9734       
# span 8 =     -0.240,     63.351       
# span 9 =    6.48019,    9.64064       
# span 10 =     1.8057,    10.0594      
# span 11 =     1.8057,    10.0628      
# span 12 =     0.8767,    23.9679      
# span 13 =   11.72227,   17.41421      
# span 14 = 3.6382e-02, 1.0075e+03      
# span 15 =     -0.242,     63.959      
# span 16 = 0.0000e+00, 0.0000e+00      
# interval = seconds: 0.25
# start_time = Oct 20 2017 13:17:39 [Instrument's time stamp, header]
# bad_flag = -9.990e-29
*END*
[from data line 171]
        172 293.554418    0.01188     0.7125     42.750  1023.4603  47960.678    30.2066      0.897    6.74863     8.3919     8.3946    23.4561   12.17356 2.5238e+02      0.905 0.0000e+00
        173 293.554421    0.01194     0.7167     43.000  1023.4564  47953.293    30.2010      0.909    6.74938     8.3927     8.3913    23.4522   12.17488 2.6676e+02      0.918 0.0000e+00
        174 293.554424    0.01201     0.7208     43.250  1023.4430  47928.681    30.1840      0.917    6.75001     8.3915     8.3920    23.4388   12.17614 2.8535e+02      0.926 0.0000e+00
        175 293.554427    0.01208     0.7250     43.500  1023.4289  47902.785    30.1660      0.921    6.75068     8.3862     8.3928    23.4246   12.17747 2.9668e+02      0.929 0.0000e+00
        176 293.554430    0.01215     0.7292     43.750  1023.4189  47884.356    30.1530      0.923    6.75144     8.3764     8.3916    23.4146   12.17888 3.0482e+02      0.932 0.0000e+00
        177 293.554433    0.01222     0.7333     44.000  1023.4144  47875.862    30.1463      0.926    6.75254     8.3647     8.3863    23.4101   12.18078 3.0275e+02      0.935 0.0000e+00
        178 293.554436    0.01229     0.7375     44.250  1023.4152  47876.812    30.1456      0.932    6.75407     8.3539     8.3765    23.4109   12.18332 2.8083e+02      0.941 0.0000e+00
        179 293.554439    0.01236     0.7417     44.500  1023.4194  47883.802    30.1488      0.942    6.75573     8.3452     8.3648    23.4151   12.18603 2.4302e+02      0.951 0.0000e+00
        180 293.554442    0.01243     0.7458     44.750  1023.4241  47891.740    30.1527      0.954    6.75720     8.3372     8.3540    23.4197   12.18841 2.0293e+02      0.963 0.0000e+00
        181 293.554444    0.01250     0.7500     45.000  1023.4270  47896.375    30.1547      0.967    6.75843     8.3271     8.3453    23.4225   12.19043 1.7253e+02      0.976 0.0000e+00
        182 293.554447    0.01257     0.7542     45.250  1023.4290  47899.528    30.1557      0.976    6.75961     8.3130     8.3373    23.4245   12.19238 1.5040e+02      0.985 0.0000e+00
        183 293.554450    0.01264     0.7583     45.500  1023.4345  47909.152    30.1610      0.979    6.76092     8.2936     8.3272    23.4300   12.19448 1.3168e+02      0.988 0.0000e+00
        184 293.554453    0.01271     0.7625     45.750  1023.4464  47930.239    30.1736      0.978    6.76252     8.2689     8.3131    23.4419   12.19697 1.1682e+02      0.987 0.0000e+00
        185 293.554456    0.01278     0.7667     46.000  1023.4640  47961.351    30.1925      0.974    6.76466     8.2422     8.2937    23.4594   12.20028 1.0656e+02      0.983 0.0000e+00
        186 293.554459    0.01285     0.7708     46.250  1023.4852  47998.999    30.2151      0.970    6.76745     8.2183     8.2690    23.4807   12.20461 9.9089e+01      0.980 0.0000e+00
        187 293.554462    0.01292     0.7750     46.500  1023.5074  48038.249    30.2386      0.970    6.77050     8.1999     8.2423    23.5028   12.20939 9.2825e+01      0.980 0.0000e+00
        188 293.554465    0.01299     0.7792     46.750  1023.5276  48074.045    30.2600      0.975    6.77322     8.1865     8.2184    23.5230   12.21362 8.7682e+01      0.984 0.0000e+00
        189 293.554468    0.01306     0.7833     47.000  1023.5439  48102.960    30.2774      0.983    6.77528     8.1765     8.2000    23.5393   12.21682 8.4025e+01      0.992 0.0000e+00
        190 293.554470    0.01313     0.7875     47.250  1023.5546  48121.902    30.2886      0.992    6.77684     8.1688     8.1865    23.5500   12.21927 8.1489e+01      1.001 0.0000e+00
        191 293.554473    0.01319     0.7917     47.500  1023.5589  48129.179    30.2922      0.998    6.77822     8.1631     8.1766    23.5542   12.22150 7.9496e+01      1.007 0.0000e+00
        192 293.554476    0.01326     0.7958     47.750  1023.5581  48127.449    30.2899      0.999    6.77950     8.1590     8.1689    23.5535   12.22365 7.7936e+01      1.009 0.0000e+00
        193 293.554479    0.01333     0.8000     48.000  1023.5560  48123.357    30.2862      0.996    6.78054     8.1561     8.1632    23.5514   12.22542 7.6881e+01      1.005 0.0000e+00
        194 293.554482    0.01340     0.8042     48.250  1023.5554  48122.179    30.2848      0.991    6.78123     8.1542     8.1591    23.5509   12.22658 7.6036e+01      1.000 0.0000e+00
        195 293.554485    0.01347     0.8083     48.500  1023.5574  48125.567    30.2867      0.988    6.78160     8.1541     8.1561    23.5528   12.22716 7.4875e+01      0.998 0.0000e+00
        196 293.554488    0.01354     0.8125     48.750  1023.5614  48132.830    30.2915      0.990    6.78167     8.1557     8.1543    23.5568   12.22722 7.3439e+01      1.000 0.0000e+00
        197 293.554491    0.01361     0.8167     49.000  1023.5654  48140.229    30.2966      0.995    6.78147     8.1586     8.1541    23.5608   12.22682 7.2362e+01      1.005 0.0000e+00
        198 293.554494    0.01368     0.8208     49.250  1023.5663  48141.906    30.2980      1.002    6.78115     8.1619     8.1558    23.5617   12.22628 7.2021e+01      1.011 0.0000e+00
        199 293.554497    0.01375     0.8250     49.500  1023.5619  48133.928    30.2929      1.007    6.78094     8.1651     8.1586    23.5573   12.22600 7.2099e+01      1.016 0.0000e+00
        200 293.554499    0.01382     0.8292     49.750  1023.5528  48117.386    30.2819      1.009    6.78092     8.1683     8.1620    23.5482   12.22609 7.2000e+01      1.018 0.0000e+00
        201 293.554502    0.01389     0.8333     50.000  1023.5423  48098.203    30.2690      1.008    6.78099     8.1713     8.1652    23.5376   12.22636 7.1567e+01      1.017 0.0000e+00
        202 293.554505    0.01396     0.8375     50.250  1023.5336  48082.420    30.2585      1.005    6.78097     8.1737     8.1684    23.5289   12.22646 7.0989e+01      1.015 0.0000e+00
        203 293.554508    0.01403     0.8417     50.500  1023.5280  48072.252    30.2519      1.005    6.78080     8.1753     8.1714    23.5233   12.22627 7.0454e+01      1.015 0.0000e+00
        204 293.554511    0.01410     0.8458     50.750  1023.5249  48066.733    30.2484      1.008    6.78058     8.1762     8.1738    23.5202   12.22596 7.0045e+01      1.018 0.0000e+00
        205 293.554514    0.01417     0.8500     51.000  1023.5225  48062.370    30.2456      1.013    6.78046     8.1761     8.1754    23.5178   12.22578 6.9708e+01      1.023 0.0000e+00
        206 293.554517    0.01424     0.8542     51.250  1023.5189  48055.788    30.2411      1.016    6.78052     8.1753     8.1763    23.5142   12.22595 6.9382e+01      1.026 0.0000e+00
        207 293.554520    0.01431     0.8583     51.500  1023.5144  48047.577    30.2354      1.017    6.78078     8.1741     8.1762    23.5097   12.22644 6.9042e+01      1.027 0.0000e+00
        208 293.554523    0.01438     0.8625     51.750  1023.5109  48041.068    30.2307      1.017    6.78112     8.1734     8.1753    23.5062   12.22707 6.8720e+01      1.027 0.0000e+00
        209 293.554525    0.01444     0.8667     52.000  1023.5096  48038.702    30.2289      1.016    6.78138     8.1737     8.1742    23.5049   12.22752 6.8477e+01      1.026 0.0000e+00
        210 293.554528    0.01451     0.8708     52.250  1023.5108  48040.826    30.2303      1.017    6.78143     8.1753     8.1735    23.5061   12.22758 6.8359e+01      1.027 0.0000e+00
        211 293.554531    0.01458     0.8750     52.500  1023.5131  48044.953    30.2332      1.019    6.78125     8.1781     8.1738    23.5083   12.22724 6.8393e+01      1.029 0.0000e+00
        212 293.554534    0.01465     0.8792     52.750  1023.5133  48045.404    30.2337      1.022    6.78097     8.1815     8.1754    23.5085   12.22678 6.8388e+01      1.032 0.0000e+00
        213 293.554537    0.01472     0.8833     53.000  1023.5090  48037.577    30.2287      1.023    6.78077     8.1851     8.1782    23.5042   12.22651 6.7997e+01      1.033 0.0000e+00
        214 293.554540    0.01479     0.8875     53.250  1023.5012  48023.594    30.2194      1.022    6.78066     8.1892     8.1816    23.4965   12.22644 6.7214e+01      1.031 0.0000e+00
        215 293.554543    0.01486     0.8917     53.500  1023.4940  48010.469    30.2108      1.019    6.78048     8.1943     8.1852    23.4892   12.22625 6.6399e+01      1.028 0.0000e+00
        216 293.554546    0.01493     0.8958     53.750  1023.4899  48003.336    30.2065      1.016    6.78004     8.2010     8.1893    23.4852   12.22559 6.5827e+01      1.026 0.0000e+00
        217 293.554549    0.01500     0.9000     54.000  1023.4896  48003.047    30.2070      1.016    6.77924     8.2103     8.1944    23.4849   12.22424 6.5668e+01      1.025 0.0000e+00
        218 293.554552    0.01507     0.9042     54.250  1023.4910  48005.862    30.2100      1.018    6.77807     8.2225     8.2011    23.4863   12.22227 6.6078e+01      1.027 0.0000e+00
        219 293.554554    0.01514     0.9083     54.500  1023.4895  48003.474    30.2097      1.021    6.77667     8.2366     8.2104    23.4847   12.21996 6.6788e+01      1.030 0.0000e+00
        220 293.554557    0.01521     0.9125     54.750  1023.4807  47987.936    30.2006      1.024    6.77520     8.2498     8.2226    23.4759   12.21763 6.7013e+01      1.033 0.0000e+00
        221 293.554560    0.01528     0.9167     55.000  1023.4648  47959.496    30.1829      1.024    6.77381     8.2602     8.2367    23.4600   12.21555 6.6390e+01      1.034 0.0000e+00
        222 293.554563    0.01535     0.9208     55.250  1023.4471  47927.747    30.1627      1.023    6.77267     8.2675     8.2499    23.4424   12.21392 6.5418e+01      1.033 0.0000e+00
        223 293.554566    0.01542     0.9250     55.500  1023.4330  47902.420    30.1466      1.021    6.77180     8.2723     8.2603    23.4283   12.21267 6.4725e+01      1.031 0.0000e+00
        224 293.554569    0.01549     0.9292     55.750  1023.4244  47887.073    30.1370      1.020    6.77110     8.2754     8.2676    23.4197   12.21163 6.4586e+01      1.030 0.0000e+00
        225 293.554572    0.01556     0.9333     56.000  1023.4210  47881.043    30.1335      1.021    6.77052     8.2774     8.2724    23.4163   12.21071 6.4913e+01      1.031 0.0000e+00
        226 293.554575    0.01563     0.9375     56.250  1023.4208  47880.848    30.1338      1.024    6.77003     8.2782     8.2755    23.4161   12.20990 6.5328e+01      1.034 0.0000e+00
        227 293.554578    0.01569     0.9417     56.500  1023.4210  47881.180    30.1343      1.028    6.76970     8.2770     8.2775    23.4162   12.20934 6.5485e+01      1.038 0.0000e+00
        228 293.554580    0.01576     0.9458     56.750  1023.4193  47878.169    30.1323      1.032    6.76966     8.2728     8.2783    23.4145   12.20930 6.5256e+01      1.041 0.0000e+00
        229 293.554583    0.01583     0.9500     57.000  1023.4162  47872.415    30.1281      1.033    6.77002     8.2655     8.2771    23.4114   12.20996 6.4618e+01      1.043 0.0000e+00
        230 293.554586    0.01590     0.9542     57.250  1023.4143  47868.715    30.1249      1.033    6.77080     8.2557     8.2729    23.4095   12.21129 6.3771e+01      1.043 0.0000e+00
        231 293.554589    0.01597     0.9583     57.500  1023.4162  47871.893    30.1261      1.031    6.77187     8.2441     8.2656    23.4115   12.21305 6.3150e+01      1.040 0.0000e+00
        232 293.554592    0.01604     0.9625     57.750  1023.4231  47884.130    30.1332      1.028    6.77307     8.2321     8.2558    23.4184   12.21495 6.3077e+01      1.038 0.0000e+00
        233 293.554595    0.01611     0.9667     58.000  1023.4350  47905.232    30.1462      1.027    6.77428     8.2212     8.2442    23.4302   12.21679 6.3412e+01      1.036 0.0000e+00
        234 293.554598    0.01618     0.9708     58.250  1023.4497  47931.628    30.1628      1.027    6.77539     8.2122     8.2322    23.4449   12.21842 6.3779e+01      1.037 0.0000e+00
        235 293.554601    0.01625     0.9750     58.500  1023.4636  47956.671    30.1787      1.030    6.77635     8.2049     8.2213    23.4589   12.21982 6.4037e+01      1.039 0.0000e+00
        236 293.554604    0.01632     0.9792     58.750  1023.4737  47974.623    30.1899      1.032    6.77724     8.1988     8.2123    23.4689   12.22115 6.4074e+01      1.042 0.0000e+00
        237 293.554606    0.01639     0.9833     59.000  1023.4789  47983.768    30.1952      1.033    6.77813     8.1936     8.2050    23.4741   12.22256 6.3662e+01      1.043 0.0000e+00
        238 293.554609    0.01646     0.9875     59.250  1023.4810  47987.396    30.1968      1.033    6.77900     8.1898     8.1989    23.4763   12.22397 6.2963e+01      1.043 0.0000e+00
        239 293.554612    0.01653     0.9917     59.500  1023.4833  47991.231    30.1987      1.032    6.77971     8.1880     8.1937    23.4785   12.22513 6.2520e+01      1.042 0.0000e+00
        240 293.554615    0.01660     0.9958     59.750  1023.4871  47997.980    30.2028      1.033    6.78012     8.1884     8.1899    23.4823   12.22575 6.2544e+01      1.043 0.0000e+00
        241 293.554618    0.01667     1.0000     60.000  1023.4916  48006.150    30.2083      1.035    6.78015     8.1905     8.1881    23.4868   12.22573 6.2830e+01      1.045 0.0000e+00
        242 293.554621    0.01674     1.0042     60.250  1023.4947  48011.860    30.2123      1.038    6.77991     8.1935     8.1885    23.4899   12.22528 6.3241e+01      1.048 0.0000e+00
        243 293.554624    0.01681     1.0083     60.500  1023.4941  48010.930    30.2120      1.041    6.77960     8.1964     8.1906    23.4894   12.22477 6.3617e+01      1.051 0.0000e+00
        244 293.554627    0.01688     1.0125     60.750  1023.4893  48002.309    30.2064      1.043    6.77939     8.1987     8.1936    23.4846   12.22449 6.3655e+01      1.053 0.0000e+00
        245 293.554630    0.01694     1.0167     61.000  1023.4821  47989.243    30.1977      1.043    6.77932     8.2004     8.1965    23.4773   12.22449 6.3206e+01      1.053 0.0000e+00
        246 293.554633    0.01701     1.0208     61.250  1023.4751  47976.458    30.1892      1.043    6.77935     8.2016     8.1988    23.4703   12.22464 6.2570e+01      1.052 0.0000e+00
        247 293.554635    0.01708     1.0250     61.500  1023.4700  47967.124    30.1829      1.042    6.77936     8.2022     8.2005    23.4652   12.22475 6.2319e+01      1.052 0.0000e+00
        248 293.554638    0.01715     1.0292     61.750  1023.4675  47962.644    30.1800      1.042    6.77931     8.2022     8.2017    23.4627   12.22470 6.2613e+01      1.052 0.0000e+00
        249 293.554641    0.01722     1.0333     62.000  1023.4675  47962.633    30.1800      1.043    6.77922     8.2017     8.2023    23.4627   12.22454 6.3166e+01      1.053 0.0000e+00
        250 293.554644    0.01729     1.0375     62.250  1023.4686  47964.626    30.1814      1.045    6.77916     8.2005     8.2023    23.4638   12.22442 6.3714e+01      1.055 0.0000e+00
        251 293.554647    0.01736     1.0417     62.500  1023.4691  47965.573    30.1820      1.046    6.77921     8.1980     8.2018    23.4643   12.22450 6.3990e+01      1.056 0.0000e+00
        252 293.554650    0.01743     1.0458     62.750  1023.4686  47964.624    30.1811      1.045    6.77942     8.1937     8.2006    23.4638   12.22487 6.3788e+01      1.055 0.0000e+00
        253 293.554653    0.01750     1.0500     63.000  1023.4690  47965.140    30.1811      1.043    6.77980     8.1877     8.1981    23.4642   12.22550 6.3190e+01      1.053 0.0000e+00
        254 293.554656    0.01757     1.0542     63.250  1023.4727  47971.741    30.1851      1.040    6.78029     8.1806     8.1938    23.4679   12.22625 6.2424e+01      1.050 0.0000e+00
        255 293.554659    0.01764     1.0583     63.500  1023.4809  47986.386    30.1944      1.040    6.78080     8.1739     8.1878    23.4760   12.22699 6.1773e+01      1.050 0.0000e+00
