CTD-processing/allCTD/CNV--homogene/2017_04-19_t3_s03_cast135.cnv
* Sea-Bird SBE19plus Data File:
* FileName = P:\My Documents\kasitsna\Research-KBL\Oceanography-AK\CTD-Data-ALL-to-2017-02\2017-CTD-KachemakBay-CookInlet\2017-04-19-CookInlet-Tran3-AnchorPt\2017-04-19-CookInlet-Tran3-cast135.hex
* Software Version 1.59
* Temperature SN =  4141
* Conductivity SN =  4141
* System UpLoad Time = Apr 20 2017 00:40:28
** Cook Inlet LTM Transect 3 Anchor Pt east to west
** Date: 2017-04-19
** Station: (eg. 9-01): 3-03
** Start time (AKDT): 23:48
** Depth (m): 32.9
** Comment: R/V Alaska Dreamcatcher
** Comment:
# nquan = 17
# nvalues = 386                         
# units = specified
# name 0 = scan: Scan Count
# name 1 = timeJ: Julian Days
# name 2 = timeH: Time, Elapsed [hours]
# name 3 = timeM: Time, Elapsed [minutes]
# name 4 = timeS: Time, Elapsed [seconds]
# name 5 = density00: Density [density, kg/m^3]
# name 6 = specc: Specific Conductance [uS/cm]
# name 7 = sal00: Salinity, Practical [PSU]
# name 8 = depSM: Depth [salt water, m], lat = 59.00
# name 9 = oxsolML/L: Oxygen Saturation, Garcia & Gordon [ml/l]
# name 10 = potemp090C: Potential Temperature [ITS-90, deg C]
# name 11 = tv290C: Temperature [ITS-90, deg C]
# name 12 = sigma-é00: Density [sigma-theta, kg/m^3]
# name 13 = n2satML/L: Nitrogen Saturation [ml/l]
# name 14 = par: PAR/Irradiance, Biospherical/Licor
# name 15 = prdM: Pressure, Strain Gauge [db]
# name 16 = flag:  0.000e+00
# span 0 =          1,        386       
# span 1 = 109.991678, 109.992792       
# span 2 =    0.00000,    0.02674       
# span 3 =     0.0000,     1.6042       
# span 4 =      0.000,     96.250       
# span 5 =  1000.2268,  1024.6976       
# span 6 =    641.993,  50539.876       
# span 7 =     0.3316,    30.7519       
# span 8 =     -0.032,     33.050       
# span 9 =    7.75290,    9.49657       
# span 10 =     2.3773,     2.6135      
# span 11 =     2.3774,     2.6144      
# span 12 =     0.2270,    24.5399      
# span 13 =   13.82624,   17.18988      
# span 14 = 3.6382e-02, 5.0794e-02      
# span 15 =     -0.032,     33.364      
# span 16 = 0.0000e+00, 0.0000e+00      
# interval = seconds: 0.25
# start_time = Apr 19 2017 23:48:01 [Instrument's time stamp, header]
# bad_flag = -9.990e-29
*END*
[from data line 256]
        257 109.992419    0.01778     1.0667     64.000  1024.5418  50488.644    30.7233      4.698    7.76091     2.3942     2.3903    24.5194   13.83981 3.6382e-02      4.742 0.0000e+00
        258 109.992422    0.01785     1.0708     64.250  1024.5430  50488.335    30.7236      4.924    7.76048     2.3960     2.3924    24.5194   13.83910 3.6382e-02      4.970 0.0000e+00
        259 109.992425    0.01792     1.0750     64.500  1024.5436  50487.019    30.7232      5.153    7.76010     2.3974     2.3945    24.5189   13.83848 3.6382e-02      5.201 0.0000e+00
        260 109.992428    0.01799     1.0792     64.750  1024.5443  50486.068    30.7229      5.385    7.75977     2.3985     2.3962    24.5186   13.83795 3.6382e-02      5.436 0.0000e+00
        261 109.992431    0.01806     1.0833     65.000  1024.5453  50485.526    30.7228      5.619    7.75950     2.3992     2.3977    24.5184   13.83750 3.6382e-02      5.672 0.0000e+00
        262 109.992433    0.01812     1.0875     65.250  1024.5461  50484.822    30.7225      5.852    7.75930     2.3997     2.3988    24.5181   13.83717 3.6382e-02      5.907 0.0000e+00
        263 109.992436    0.01819     1.0917     65.500  1024.5467  50483.929    30.7220      6.083    7.75918     2.4000     2.3995    24.5176   13.83698 3.6382e-02      6.141 0.0000e+00
        264 109.992439    0.01826     1.0958     65.750  1024.5473  50483.057    30.7214      6.311    7.75911     2.4000     2.4000    24.5171   13.83688 3.6382e-02      6.371 0.0000e+00
        265 109.992442    0.01833     1.1000     66.000  1024.5479  50482.342    30.7209      6.538    7.75908     2.3999     2.4003    24.5167   13.83684 3.6382e-02      6.600 0.0000e+00
        266 109.992445    0.01840     1.1042     66.250  1024.5487  50481.915    30.7205      6.764    7.75909     2.3998     2.4004    24.5164   13.83685 3.6382e-02      6.828 0.0000e+00
        267 109.992448    0.01847     1.1083     66.500  1024.5496  50481.787    30.7203      6.990    7.75912     2.3995     2.4003    24.5162   13.83690 3.6382e-02      7.057 0.0000e+00
        268 109.992451    0.01854     1.1125     66.750  1024.5505  50481.643    30.7200      7.216    7.75916     2.3992     2.4001    24.5160   13.83698 3.6382e-02      7.285 0.0000e+00
        269 109.992454    0.01861     1.1167     67.000  1024.5512  50481.257    30.7195      7.441    7.75923     2.3986     2.3999    24.5157   13.83710 3.6382e-02      7.511 0.0000e+00
        270 109.992457    0.01868     1.1208     67.250  1024.5519  50480.769    30.7190      7.664    7.75933     2.3978     2.3995    24.5153   13.83727 3.6382e-02      7.736 0.0000e+00
        271 109.992459    0.01875     1.1250     67.500  1024.5527  50480.569    30.7186      7.885    7.75946     2.3970     2.3989    24.5150   13.83750 3.6382e-02      7.959 0.0000e+00
        272 109.992462    0.01882     1.1292     67.750  1024.5537  50480.990    30.7186      8.105    7.75961     2.3964     2.3982    24.5150   13.83774 3.6382e-02      8.182 0.0000e+00
        273 109.992465    0.01889     1.1333     68.000  1024.5551  50481.890    30.7189      8.326    7.75974     2.3961     2.3975    24.5153   13.83795 3.6382e-02      8.405 0.0000e+00
        274 109.992468    0.01896     1.1375     68.250  1024.5564  50482.724    30.7192      8.549    7.75984     2.3959     2.3969    24.5156   13.83811 3.6382e-02      8.630 0.0000e+00
        275 109.992471    0.01903     1.1417     68.500  1024.5577  50483.257    30.7193      8.775    7.75991     2.3958     2.3965    24.5158   13.83822 3.6382e-02      8.858 0.0000e+00
        276 109.992474    0.01910     1.1458     68.750  1024.5588  50483.646    30.7194      9.003    7.75994     2.3959     2.3963    24.5158   13.83827 3.6382e-02      9.088 0.0000e+00
        277 109.992477    0.01917     1.1500     69.000  1024.5600  50484.030    30.7195      9.232    7.75995     2.3961     2.3963    24.5159   13.83828 3.6382e-02      9.320 0.0000e+00
        278 109.992480    0.01924     1.1542     69.250  1024.5613  50484.605    30.7198      9.462    7.75992     2.3963     2.3964    24.5162   13.83822 3.6382e-02      9.552 0.0000e+00
        279 109.992483    0.01931     1.1583     69.500  1024.5626  50485.174    30.7201      9.694    7.75986     2.3967     2.3966    24.5164   13.83813 3.6382e-02      9.786 0.0000e+00
        280 109.992486    0.01938     1.1625     69.750  1024.5638  50485.283    30.7201      9.927    7.75981     2.3970     2.3968    24.5164   13.83804 3.6382e-02     10.022 0.0000e+00
        281 109.992488    0.01944     1.1667     70.000  1024.5647  50485.108    30.7200     10.163    7.75975     2.3972     2.3971    24.5162   13.83795 3.6382e-02     10.259 0.0000e+00
        282 109.992491    0.01951     1.1708     70.250  1024.5658  50485.150    30.7200     10.399    7.75969     2.3974     2.3974    24.5162   13.83786 3.6382e-02     10.498 0.0000e+00
        283 109.992494    0.01958     1.1750     70.500  1024.5672  50485.616    30.7202     10.635    7.75963     2.3976     2.3977    24.5164   13.83775 3.6382e-02     10.736 0.0000e+00
        284 109.992497    0.01965     1.1792     70.750  1024.5685  50486.234    30.7206     10.869    7.75957     2.3977     2.3979    24.5167   13.83765 3.6382e-02     10.973 0.0000e+00
        285 109.992500    0.01972     1.1833     71.000  1024.5699  50486.780    30.7209     11.101    7.75952     2.3979     2.3981    24.5169   13.83756 3.6382e-02     11.206 0.0000e+00
        286 109.992503    0.01979     1.1875     71.250  1024.5713  50487.423    30.7213     11.330    7.75946     2.3982     2.3983    24.5172   13.83746 3.6382e-02     11.437 0.0000e+00
        287 109.992506    0.01986     1.1917     71.500  1024.5728  50488.331    30.7218     11.557    7.75939     2.3987     2.3985    24.5176   13.83733 3.6382e-02     11.666 0.0000e+00
        288 109.992509    0.01993     1.1958     71.750  1024.5744  50489.502    30.7225     11.784    7.75929     2.3993     2.3988    24.5182   13.83715 3.6382e-02     11.896 0.0000e+00
        289 109.992512    0.02000     1.2000     72.000  1024.5762  50490.773    30.7234     12.011    7.75915     2.4002     2.3993    24.5189   13.83691 3.6382e-02     12.125 0.0000e+00
        290 109.992514    0.02007     1.2042     72.250  1024.5780  50492.196    30.7244     12.236    7.75896     2.4013     2.3999    24.5196   13.83659 3.6382e-02     12.352 0.0000e+00
        291 109.992517    0.02014     1.2083     72.500  1024.5802  50494.161    30.7259     12.461    7.75871     2.4026     2.4008    24.5207   13.83616 3.6382e-02     12.579 0.0000e+00
        292 109.992520    0.02021     1.2125     72.750  1024.5827  50496.743    30.7278     12.684    7.75839     2.4041     2.4020    24.5222   13.83561 3.6382e-02     12.804 0.0000e+00
        293 109.992523    0.02028     1.2167     73.000  1024.5850  50498.950    30.7295     12.906    7.75804     2.4054     2.4033    24.5235   13.83500 3.6382e-02     13.029 0.0000e+00
        294 109.992526    0.02035     1.2208     73.250  1024.5867  50499.803    30.7304     13.128    7.75771     2.4066     2.4048    24.5240   13.83444 3.6382e-02     13.253 0.0000e+00
        295 109.992529    0.02042     1.2250     73.500  1024.5877  50499.611    30.7305     13.352    7.75743     2.4074     2.4061    24.5240   13.83399 3.6382e-02     13.478 0.0000e+00
        296 109.992532    0.02049     1.2292     73.750  1024.5887  50499.349    30.7305     13.576    7.75721     2.4082     2.4072    24.5240   13.83363 3.6382e-02     13.705 0.0000e+00
        297 109.992535    0.02056     1.2333     74.000  1024.5902  50499.929    30.7310     13.802    7.75702     2.4090     2.4081    24.5243   13.83330 3.6382e-02     13.933 0.0000e+00
        298 109.992538    0.02063     1.2375     74.250  1024.5922  50501.651    30.7322     14.029    7.75680     2.4100     2.4089    24.5252   13.83293 3.6382e-02     14.162 0.0000e+00
        299 109.992541    0.02069     1.2417     74.500  1024.5944  50503.753    30.7337     14.257    7.75656     2.4110     2.4097    24.5264   13.83251 3.6382e-02     14.392 0.0000e+00
        300 109.992543    0.02076     1.2458     74.750  1024.5962  50505.028    30.7347     14.484    7.75631     2.4119     2.4106    24.5271   13.83209 3.6382e-02     14.622 0.0000e+00
        301 109.992546    0.02083     1.2500     75.000  1024.5974  50505.163    30.7350     14.712    7.75610     2.4127     2.4117    24.5272   13.83173 3.6382e-02     14.852 0.0000e+00
        302 109.992549    0.02090     1.2542     75.250  1024.5984  50504.900    30.7350     14.942    7.75592     2.4133     2.4126    24.5271   13.83143 3.6382e-02     15.084 0.0000e+00
        303 109.992552    0.02097     1.2583     75.500  1024.5994  50504.694    30.7349     15.174    7.75578     2.4138     2.4134    24.5270   13.83119 3.6382e-02     15.318 0.0000e+00
        304 109.992555    0.02104     1.2625     75.750  1024.6003  50504.211    30.7346     15.407    7.75567     2.4140     2.4140    24.5267   13.83102 3.6382e-02     15.553 0.0000e+00
        305 109.992558    0.02111     1.2667     76.000  1024.6008  50503.262    30.7340     15.639    7.75561     2.4141     2.4145    24.5262   13.83093 3.6382e-02     15.788 0.0000e+00
        306 109.992561    0.02118     1.2708     76.250  1024.6014  50502.321    30.7333     15.870    7.75559     2.4142     2.4148    24.5256   13.83091 3.6382e-02     16.020 0.0000e+00
        307 109.992564    0.02125     1.2750     76.500  1024.6024  50502.328    30.7332     16.098    7.75558     2.4144     2.4149    24.5255   13.83089 3.6382e-02     16.251 0.0000e+00
        308 109.992567    0.02132     1.2792     76.750  1024.6042  50503.847    30.7342     16.324    7.75552     2.4149     2.4150    24.5263   13.83077 3.6382e-02     16.479 0.0000e+00
        309 109.992569    0.02139     1.2833     77.000  1024.6066  50506.490    30.7359     16.548    7.75538     2.4157     2.4152    24.5276   13.83052 3.6382e-02     16.705 0.0000e+00
        310 109.992572    0.02146     1.2875     77.250  1024.6092  50509.290    30.7378     16.772    7.75518     2.4167     2.4157    24.5291   13.83016 3.6382e-02     16.931 0.0000e+00
        311 109.992575    0.02153     1.2917     77.500  1024.6113  50511.231    30.7392     16.996    7.75494     2.4177     2.4165    24.5302   13.82975 3.6382e-02     17.157 0.0000e+00
        312 109.992578    0.02160     1.2958     77.750  1024.6128  50511.993    30.7398     17.219    7.75471     2.4185     2.4175    24.5307   13.82936 3.6382e-02     17.382 0.0000e+00
        313 109.992581    0.02167     1.3000     78.000  1024.6140  50512.049    30.7400     17.442    7.75451     2.4192     2.4185    24.5308   13.82903 3.6382e-02     17.607 0.0000e+00
        314 109.992584    0.02174     1.3042     78.250  1024.6150  50511.948    30.7401     17.666    7.75434     2.4197     2.4194    24.5307   13.82875 3.6382e-02     17.833 0.0000e+00
        315 109.992587    0.02181     1.3083     78.500  1024.6161  50511.940    30.7401     17.892    7.75420     2.4200     2.4201    24.5307   13.82852 3.6382e-02     18.061 0.0000e+00
        316 109.992590    0.02187     1.3125     78.750  1024.6172  50511.988    30.7402     18.120    7.75410     2.4202     2.4206    24.5307   13.82835 3.6382e-02     18.292 0.0000e+00
        317 109.992593    0.02194     1.3167     79.000  1024.6181  50511.757    30.7400     18.353    7.75404     2.4203     2.4209    24.5305   13.82825 3.6382e-02     18.527 0.0000e+00
        318 109.992595    0.02201     1.3208     79.250  1024.6188  50511.113    30.7395     18.588    7.75402     2.4203     2.4212    24.5301   13.82823 3.6382e-02     18.764 0.0000e+00
        319 109.992598    0.02208     1.3250     79.500  1024.6195  50510.409    30.7390     18.825    7.75403     2.4202     2.4213    24.5297   13.82826 3.6382e-02     19.003 0.0000e+00
        320 109.992601    0.02215     1.3292     79.750  1024.6203  50510.016    30.7386     19.061    7.75406     2.4200     2.4212    24.5294   13.82831 3.6382e-02     19.241 0.0000e+00
        321 109.992604    0.02222     1.3333     80.000  1024.6213  50510.047    30.7384     19.294    7.75408     2.4199     2.4211    24.5293   13.82836 3.6382e-02     19.477 0.0000e+00
        322 109.992607    0.02229     1.3375     80.250  1024.6225  50510.465    30.7386     19.526    7.75410     2.4198     2.4210    24.5294   13.82839 3.6382e-02     19.711 0.0000e+00
        323 109.992610    0.02236     1.3417     80.500  1024.6239  50511.153    30.7389     19.755    7.75411     2.4198     2.4209    24.5296   13.82839 3.6382e-02     19.942 0.0000e+00
        324 109.992613    0.02243     1.3458     80.750  1024.6253  50511.928    30.7393     19.983    7.75411     2.4198     2.4208    24.5300   13.82838 3.6382e-02     20.172 0.0000e+00
        325 109.992616    0.02250     1.3500     81.000  1024.6266  50512.526    30.7395     20.209    7.75410     2.4197     2.4208    24.5302   13.82836 3.6382e-02     20.401 0.0000e+00
        326 109.992619    0.02257     1.3542     81.250  1024.6276  50512.637    30.7395     20.434    7.75410     2.4197     2.4208    24.5301   13.82836 3.6382e-02     20.628 0.0000e+00
        327 109.992622    0.02264     1.3583     81.500  1024.6285  50512.443    30.7392     20.658    7.75411     2.4198     2.4207    24.5299   13.82839 3.6382e-02     20.854 0.0000e+00
        328 109.992624    0.02271     1.3625     81.750  1024.6295  50512.448    30.7391     20.880    7.75411     2.4198     2.4207    24.5299   13.82840 3.6382e-02     21.078 0.0000e+00
        329 109.992627    0.02278     1.3667     82.000  1024.6306  50512.798    30.7393     21.100    7.75410     2.4198     2.4208    24.5300   13.82838 3.6382e-02     21.300 0.0000e+00
        330 109.992630    0.02285     1.3708     82.250  1024.6319  50513.374    30.7395     21.319    7.75408     2.4199     2.4208    24.5302   13.82834 3.6382e-02     21.521 0.0000e+00
        331 109.992633    0.02292     1.3750     82.500  1024.6331  50513.894    30.7398     21.539    7.75406     2.4199     2.4209    24.5304   13.82829 3.6382e-02     21.744 0.0000e+00
        332 109.992636    0.02299     1.3792     82.750  1024.6342  50514.147    30.7398     21.760    7.75404     2.4199     2.4209    24.5305   13.82826 3.6382e-02     21.967 0.0000e+00
        333 109.992639    0.02306     1.3833     83.000  1024.6353  50514.326    30.7399     21.982    7.75403     2.4199     2.4210    24.5305   13.82825 3.6382e-02     22.191 0.0000e+00
        334 109.992642    0.02313     1.3875     83.250  1024.6364  50514.600    30.7399     22.204    7.75402     2.4198     2.4210    24.5305   13.82823 3.6382e-02     22.415 0.0000e+00
        335 109.992645    0.02319     1.3917     83.500  1024.6374  50514.690    30.7399     22.428    7.75403     2.4197     2.4210    24.5304   13.82825 3.6382e-02     22.641 0.0000e+00
        336 109.992648    0.02326     1.3958     83.750  1024.6384  50514.575    30.7396     22.651    7.75406     2.4195     2.4209    24.5303   13.82830 3.6382e-02     22.866 0.0000e+00
        337 109.992650    0.02333     1.4000     84.000  1024.6394  50514.692    30.7396     22.875    7.75409     2.4194     2.4208    24.5302   13.82835 3.6382e-02     23.092 0.0000e+00
        338 109.992653    0.02340     1.4042     84.250  1024.6406  50515.176    30.7397     23.100    7.75411     2.4194     2.4207    24.5304   13.82837 3.6382e-02     23.319 0.0000e+00
        339 109.992656    0.02347     1.4083     84.500  1024.6420  50515.929    30.7401     23.327    7.75410     2.4195     2.4206    24.5307   13.82836 3.6382e-02     23.548 0.0000e+00
        340 109.992659    0.02354     1.4125     84.750  1024.6435  50516.899    30.7406     23.554    7.75408     2.4196     2.4206    24.5311   13.82831 3.6382e-02     23.778 0.0000e+00
