CTD-processing/allCTD/CNV--homogene/2017_04-19_t3_s14_cast124.cnv
* Sea-Bird SBE19plus Data File:
* FileName = P:\My Documents\kasitsna\Research-KBL\Oceanography-AK\CTD-Data-ALL-to-2017-02\2017-CTD-KachemakBay-CookInlet\2017-04-19-CookInlet-Tran3-AnchorPt\2017-04-19-CookInlet-Tran3-cast124.hex
* Software Version 1.59
* Temperature SN =  4141
* Conductivity SN =  4141
* System UpLoad Time = Apr 20 2017 00:33:22
** Cook Inlet LTM Transect 3 Anchor Pt east to west
** Date: 2017-04-19
** Station: (eg. 9-01): 3-14
** Start time (AKDT): 19:59
** Depth (m): 27.7
** Comment: R/V Alaska Dreamcatcher
** Comment:
# nquan = 17
# nvalues = 354                         
# units = specified
# name 0 = scan: Scan Count
# name 1 = timeJ: Julian Days
# name 2 = timeH: Time, Elapsed [hours]
# name 3 = timeM: Time, Elapsed [minutes]
# name 4 = timeS: Time, Elapsed [seconds]
# name 5 = density00: Density [density, kg/m^3]
# name 6 = specc: Specific Conductance [uS/cm]
# name 7 = sal00: Salinity, Practical [PSU]
# name 8 = depSM: Depth [salt water, m], lat = 59.00
# name 9 = oxsolML/L: Oxygen Saturation, Garcia & Gordon [ml/l]
# name 10 = potemp090C: Potential Temperature [ITS-90, deg C]
# name 11 = tv290C: Temperature [ITS-90, deg C]
# name 12 = sigma-é00: Density [sigma-theta, kg/m^3]
# name 13 = n2satML/L: Nitrogen Saturation [ml/l]
# name 14 = par: PAR/Irradiance, Biospherical/Licor
# name 15 = prdM: Pressure, Strain Gauge [db]
# name 16 = flag:  0.000e+00
# span 0 =          1,        354       
# span 1 = 109.833218, 109.834239       
# span 2 =    0.00000,    0.02451       
# span 3 =     0.0000,     1.4708       
# span 4 =      0.000,     88.250       
# span 5 =  1000.2570,  1025.3597       
# span 6 =    765.855,  51299.295       
# span 7 =     0.3619,    31.9319       
# span 8 =     -0.039,     28.246       
# span 9 =    7.19417,    8.91360       
# span 10 =     5.0015,     5.1579      
# span 11 =     5.0015,     5.1580      
# span 12 =     0.2572,    25.2274      
# span 13 =   12.88851,   16.21153      
# span 14 = 1.2011e+00, 1.8440e+02      
# span 15 =     -0.039,     28.514      
# span 16 = 0.0000e+00, 0.0000e+00      
# interval = seconds: 0.25
# start_time = Apr 19 2017 19:59:50 [Instrument's time stamp, header]
# bad_flag = -9.990e-29
*END*
[from data line 341]
        342 109.834204    0.02368     1.4208     85.250  1025.3461  51292.818    31.9286     25.893    7.19433     5.1481     5.1500    25.2247   12.88881 1.6386e+00     26.139 0.0000e+00
        343 109.834207    0.02375     1.4250     85.500  1025.3474  51293.359    31.9289     26.136    7.19431     5.1481     5.1500    25.2249   12.88877 1.5844e+00     26.385 0.0000e+00
        344 109.834210    0.02382     1.4292     85.750  1025.3488  51293.999    31.9292     26.381    7.19429     5.1481     5.1501    25.2252   12.88873 1.5318e+00     26.631 0.0000e+00
        345 109.834213    0.02389     1.4333     86.000  1025.3502  51294.666    31.9295     26.624    7.19427     5.1481     5.1501    25.2255   12.88870 1.4812e+00     26.877 0.0000e+00
        346 109.834216    0.02396     1.4375     86.250  1025.3517  51295.462    31.9300     26.866    7.19425     5.1480     5.1501    25.2258   12.88866 1.4323e+00     27.121 0.0000e+00
        347 109.834219    0.02403     1.4417     86.500  1025.3533  51296.444    31.9305     27.103    7.19422     5.1480     5.1501    25.2262   12.88861 1.3857e+00     27.361 0.0000e+00
        348 109.834222    0.02410     1.4458     86.750  1025.3547  51297.316    31.9310     27.336    7.19420     5.1479     5.1500    25.2266   12.88858 1.3426e+00     27.595 0.0000e+00
        349 109.834225    0.02417     1.4500     87.000  1025.3560  51297.866    31.9313     27.560    7.19420     5.1479     5.1500    25.2269   12.88856 1.3039e+00     27.821 0.0000e+00
        350 109.834227    0.02424     1.4542     87.250  1025.3571  51298.212    31.9314     27.772    7.19420     5.1479     5.1500    25.2270   12.88856 1.2715e+00     28.035 0.0000e+00
        351 109.834230    0.02431     1.4583     87.500  1025.3581  51298.510    31.9315     27.963    7.19419     5.1479     5.1499    25.2271   12.88855 1.2494e+00     28.228 0.0000e+00
        352 109.834233    0.02438     1.4625     87.750  1025.3589  51298.841    31.9317     28.116    7.19418     5.1479     5.1499    25.2272   12.88854 1.2317e+00     28.383 0.0000e+00
        353 109.834236    0.02444     1.4667     88.000  1025.3595  51299.159    31.9318     28.213    7.19417 -9.990e-29     5.1500    25.2273   12.88852 1.2116e+00     28.481 0.0000e+00
        354 109.834239    0.02451     1.4708     88.250  1025.3597  51299.295    31.9319     28.246    7.19417 -9.990e-29     5.1500    25.2274   12.88851 1.2011e+00     28.514 0.0000e+00
