CTD-processing/allCTD/CNV--homogene/2017_03-28_alongbay_skb04_cast050.cnv
* Sea-Bird SBE19plus Data File:
* FileName = C:\Users\jwschloemer\Documents\CTD Data\2017_03_28_alongbay\2017_03_28_alongbay_cast050.hex
* Software Version 1.59
* Temperature SN =  4141
* Conductivity SN =  4141
* System UpLoad Time = Apr 03 2017 15:18:27
** Cook Inlet LTM Kbay Along Bay
** Date: 2017-03-28
** Station:KB04
** Start Time (AKST):12:57
** Depth (m):155
** Comment: R/V Edgecumbe
# nquan = 17
# nvalues = 929                         
# units = specified
# name 0 = scan: Scan Count
# name 1 = timeJ: Julian Days
# name 2 = timeH: Time, Elapsed [hours]
# name 3 = timeM: Time, Elapsed [minutes]
# name 4 = timeS: Time, Elapsed [seconds]
# name 5 = density00: Density [density, kg/m^3]
# name 6 = specc: Specific Conductance [uS/cm]
# name 7 = sal00: Salinity, Practical [PSU]
# name 8 = depSM: Depth [salt water, m], lat = 59.00
# name 9 = oxsolML/L: Oxygen Saturation, Garcia & Gordon [ml/l]
# name 10 = potemp090C: Potential Temperature [ITS-90, deg C]
# name 11 = tv290C: Temperature [ITS-90, deg C]
# name 12 = sigma-é00: Density [sigma-theta, kg/m^3]
# name 13 = n2satML/L: Nitrogen Saturation [ml/l]
# name 14 = par: PAR/Irradiance, Biospherical/Licor
# name 15 = prdM: Pressure, Strain Gauge [db]
# name 16 = flag:  0.000e+00
# span 0 =          1,        929       
# span 1 =  87.498912,  87.501597       
# span 2 =    0.00000,    0.06444       
# span 3 =     0.0000,     3.8667       
# span 4 =      0.000,    232.000       
# span 5 =  1023.2550,  1026.0960       
# span 6 =  48118.767,  52245.867       
# span 7 =    29.1344,    32.0771       
# span 8 =      0.160,    119.423       
# span 9 =    7.51781,    7.87225       
# span 10 =     2.6343,     3.3014      
# span 11 =     2.2767,     3.3015      
# span 12 =    23.2542,    25.5340      
# span 13 =   13.42099,   14.04585      
# span 14 = 3.6382e-02, 4.9618e+02      
# span 15 =      0.161,    120.585      
# span 16 = 0.0000e+00, 0.0000e+00      
# interval = seconds: 0.25
# start_time = Mar 28 2017 11:58:26 [Instrument's time stamp, header]
# bad_flag = -9.990e-29
*END*
[from data line 766]
        767  87.501128    0.05319     3.1917    191.500  1025.9482  52225.877    32.0676     88.706    7.53632     3.1924     3.1992    25.5282   13.45139 3.6382e-02     89.563 0.0000e+00
        768  87.501131    0.05326     3.1958    191.750  1025.9495  52227.065    32.0681     88.883    7.53646     3.1919     3.1983    25.5286   13.45162 3.6382e-02     89.741 0.0000e+00
        769  87.501134    0.05333     3.2000    192.000  1025.9509  52228.297    32.0686     89.072    7.53656     3.1917     3.1976    25.5291   13.45178 3.6382e-02     89.932 0.0000e+00
        770  87.501137    0.05340     3.2042    192.250  1025.9523  52229.377    32.0691     89.274    7.53662     3.1916     3.1972    25.5296   13.45187 3.6382e-02     90.136 0.0000e+00
        771  87.501140    0.05347     3.2083    192.500  1025.9537  52230.221    32.0695     89.485    7.53665     3.1916     3.1969    25.5299   13.45191 3.6382e-02     90.350 0.0000e+00
        772  87.501143    0.05354     3.2125    192.750  1025.9549  52230.830    32.0698     89.700    7.53665     3.1917     3.1968    25.5301   13.45191 3.6382e-02     90.567 0.0000e+00
        773  87.501146    0.05361     3.2167    193.000  1025.9559  52231.009    32.0698     89.911    7.53664     3.1917     3.1969    25.5302   13.45190 3.6382e-02     90.779 0.0000e+00
        774  87.501149    0.05368     3.2208    193.250  1025.9568  52231.069    32.0698     90.111    7.53663     3.1918     3.1969    25.5301   13.45188 3.6382e-02     90.981 0.0000e+00
        775  87.501152    0.05375     3.2250    193.500  1025.9580  52231.673    32.0701     90.299    7.53661     3.1921     3.1970    25.5304   13.45183 3.6382e-02     91.171 0.0000e+00
        776  87.501155    0.05382     3.2292    193.750  1025.9593  52232.640    32.0707     90.478    7.53655     3.1926     3.1971    25.5309   13.45173 3.6382e-02     91.352 0.0000e+00
        777  87.501157    0.05389     3.2333    194.000  1025.9605  52233.388    32.0712     90.654    7.53647     3.1932     3.1974    25.5312   13.45159 3.6382e-02     91.530 0.0000e+00
        778  87.501160    0.05396     3.2375    194.250  1025.9615  52233.773    32.0715     90.833    7.53636     3.1938     3.1979    25.5314   13.45141 3.6382e-02     91.711 0.0000e+00
        779  87.501163    0.05403     3.2417    194.500  1025.9623  52233.687    32.0715     91.020    7.53625     3.1942     3.1985    25.5313   13.45123 3.6382e-02     91.900 0.0000e+00
        780  87.501166    0.05410     3.2458    194.750  1025.9629  52233.083    32.0711     91.219    7.53616     3.1945     3.1991    25.5310   13.45108 3.6382e-02     92.100 0.0000e+00
        781  87.501169    0.05417     3.2500    195.000  1025.9636  52232.480    32.0708     91.428    7.53609     3.1946     3.1996    25.5307   13.45098 3.6382e-02     92.312 0.0000e+00
        782  87.501172    0.05424     3.2542    195.250  1025.9644  52232.298    32.0706     91.642    7.53605     3.1947     3.1999    25.5305   13.45091 3.6382e-02     92.528 0.0000e+00
        783  87.501175    0.05431     3.2583    195.500  1025.9654  52232.413    32.0706     91.852    7.53602     3.1948     3.2000    25.5305   13.45087 3.6382e-02     92.739 0.0000e+00
        784  87.501178    0.05438     3.2625    195.750  1025.9664  52232.577    32.0706     92.048    7.53600     3.1950     3.2001    25.5305   13.45083 3.6382e-02     92.938 0.0000e+00
        785  87.501181    0.05444     3.2667    196.000  1025.9672  52232.587    32.0706     92.228    7.53598     3.1951     3.2002    25.5305   13.45080 3.6382e-02     93.120 0.0000e+00
        786  87.501183    0.05451     3.2708    196.250  1025.9679  52232.604    32.0705     92.393    7.53596     3.1953     3.2004    25.5304   13.45075 3.6382e-02     93.286 0.0000e+00
        787  87.501186    0.05458     3.2750    196.500  1025.9688  52232.960    32.0707     92.550    7.53592     3.1957     3.2005    25.5306   13.45068 3.6382e-02     93.445 0.0000e+00
        788  87.501189    0.05465     3.2792    196.750  1025.9699  52233.774    32.0713     92.711    7.53584     3.1963     3.2008    25.5310   13.45056 3.6382e-02     93.607 0.0000e+00
        789  87.501192    0.05472     3.2833    197.000  1025.9712  52234.608    32.0718     92.886    7.53573     3.1970     3.2012    25.5314   13.45037 3.6382e-02     93.784 0.0000e+00
        790  87.501195    0.05479     3.2875    197.250  1025.9722  52234.621    32.0719     93.080    7.53561     3.1976     3.2018    25.5314   13.45017 3.6382e-02     93.980 0.0000e+00
        791  87.501198    0.05486     3.2917    197.500  1025.9729  52234.014    32.0716     93.296    7.53550     3.1980     3.2025    25.5311   13.45000 3.6382e-02     94.198 0.0000e+00
        792  87.501201    0.05493     3.2958    197.750  1025.9738  52233.743    32.0714     93.528    7.53540     3.1986     3.2031    25.5309   13.44984 3.6382e-02     94.433 0.0000e+00
        793  87.501204    0.05500     3.3000    198.000  1025.9751  52234.201    32.0717     93.765    7.53530     3.1995     3.2035    25.5311   13.44966 3.6382e-02     94.672 0.0000e+00
        794  87.501207    0.05507     3.3042    198.250  1025.9767  52235.266    32.0725     93.994    7.53515     3.2007     3.2041    25.5317   13.44941 3.6382e-02     94.903 0.0000e+00
        795  87.501209    0.05514     3.3083    198.500  1025.9784  52236.533    32.0735     94.205    7.53494     3.2022     3.2050    25.5324   13.44904 3.6382e-02     95.115 0.0000e+00
        796  87.501212    0.05521     3.3125    198.750  1025.9800  52237.635    32.0744     94.393    7.53466     3.2040     3.2062    25.5331   13.44857 3.6382e-02     95.305 0.0000e+00
        797  87.501215    0.05528     3.3167    199.000  1025.9812  52238.106    32.0751     94.561    7.53434     3.2057     3.2078    25.5334   13.44803 3.6382e-02     95.476 0.0000e+00
        798  87.501218    0.05535     3.3208    199.250  1025.9819  52237.775    32.0752     94.719    7.53400     3.2074     3.2095    25.5334   13.44748 3.6382e-02     95.635 0.0000e+00
        799  87.501221    0.05542     3.3250    199.500  1025.9825  52237.195    32.0752     94.874    7.53368     3.2089     3.2113    25.5333   13.44694 3.6382e-02     95.791 0.0000e+00
        800  87.501224    0.05549     3.3292    199.750  1025.9828  52236.147    32.0749     95.035    7.53338     3.2102     3.2130    25.5328   13.44645 3.6382e-02     95.954 0.0000e+00
        801  87.501227    0.05556     3.3333    200.000  1025.9832  52235.078    32.0744     95.207    7.53312     3.2117     3.2145    25.5323   13.44603 3.6382e-02     96.128 0.0000e+00
        802  87.501230    0.05563     3.3375    200.250  1025.9845  52235.830    32.0752     95.396    7.53284     3.2135     3.2158    25.5328   13.44555 3.6382e-02     96.319 0.0000e+00
        803  87.501233    0.05569     3.3417    200.500  1025.9865  52237.499    32.0766     95.601    7.53250     3.2156     3.2172    25.5338   13.44497 3.6382e-02     96.526 0.0000e+00
        804  87.501236    0.05576     3.3458    200.750  1025.9877  52237.610    32.0771     95.822    7.53212     3.2174     3.2191    25.5340   13.44434 3.6382e-02     96.749 0.0000e+00
        805  87.501238    0.05583     3.3500    201.000  1025.9881  52236.112    32.0765     96.052    7.53177     3.2188     3.2212    25.5334   13.44377 3.6382e-02     96.982 0.0000e+00
        806  87.501241    0.05590     3.3542    201.250  1025.9884  52234.342    32.0757     96.284    7.53147     3.2199     3.2230    25.5326   13.44329 3.6382e-02     97.215 0.0000e+00
        807  87.501244    0.05597     3.3583    201.500  1025.9888  52233.065    32.0751     96.506    7.53123     3.2207     3.2245    25.5320   13.44290 3.6382e-02     97.439 0.0000e+00
        808  87.501247    0.05604     3.3625    201.750  1025.9894  52232.201    32.0747     96.710    7.53105     3.2213     3.2256    25.5315   13.44261 3.6382e-02     97.646 0.0000e+00
        809  87.501250    0.05611     3.3667    202.000  1025.9899  52231.544    32.0743     96.896    7.53091     3.2217     3.2264    25.5312   13.44239 3.6382e-02     97.834 0.0000e+00
        810  87.501253    0.05618     3.3708    202.250  1025.9905  52231.046    32.0741     97.067    7.53081     3.2221     3.2270    25.5310   13.44222 3.6382e-02     98.007 0.0000e+00
        811  87.501256    0.05625     3.3750    202.500  1025.9910  52230.632    32.0738     97.234    7.53074     3.2223     3.2275    25.5307   13.44210 3.6382e-02     98.176 0.0000e+00
        812  87.501259    0.05632     3.3792    202.750  1025.9916  52230.296    32.0736     97.407    7.53068     3.2225     3.2279    25.5305   13.44202 3.6382e-02     98.350 0.0000e+00
        813  87.501262    0.05639     3.3833    203.000  1025.9924  52230.095    32.0734     97.594    7.53064     3.2227     3.2281    25.5304   13.44196 3.6382e-02     98.539 0.0000e+00
        814  87.501264    0.05646     3.3875    203.250  1025.9933  52230.127    32.0734     97.799    7.53061     3.2229     3.2283    25.5303   13.44191 3.6382e-02     98.746 0.0000e+00
        815  87.501267    0.05653     3.3917    203.500  1025.9944  52230.447    32.0735     98.016    7.53057     3.2232     3.2285    25.5304   13.44183 3.6382e-02     98.965 0.0000e+00
        816  87.501270    0.05660     3.3958    203.750  1025.9957  52230.977    32.0738     98.236    7.53051     3.2235     3.2287    25.5306   13.44173 3.6382e-02     99.187 0.0000e+00
        817  87.501273    0.05667     3.4000    204.000  1025.9969  52231.407    32.0741     98.447    7.53045     3.2239     3.2290    25.5308   13.44162 3.6382e-02     99.400 0.0000e+00
        818  87.501276    0.05674     3.4042    204.250  1025.9979  52231.628    32.0742     98.644    7.53037     3.2243     3.2293    25.5308   13.44149 3.6382e-02     99.599 0.0000e+00
        819  87.501279    0.05681     3.4083    204.500  1025.9989  52231.905    32.0744     98.827    7.53029     3.2247     3.2297    25.5310   13.44135 3.6382e-02     99.784 0.0000e+00
        820  87.501282    0.05688     3.4125    204.750  1025.9998  52232.087    32.0746     99.003    7.53020     3.2251     3.2301    25.5311   13.44121 3.6382e-02     99.962 0.0000e+00
        821  87.501285    0.05694     3.4167    205.000  1026.0004  52231.823    32.0744     99.183    7.53012     3.2253     3.2306    25.5309   13.44109 3.6382e-02    100.144 0.0000e+00
        822  87.501288    0.05701     3.4208    205.250  1026.0010  52231.189    32.0740     99.373    7.53008     3.2253     3.2310    25.5305   13.44102 3.6382e-02    100.335 0.0000e+00
        823  87.501291    0.05708     3.4250    205.500  1026.0016  52230.600    32.0735     99.574    7.53006     3.2252     3.2312    25.5302   13.44100 3.6382e-02    100.539 0.0000e+00
        824  87.501293    0.05715     3.4292    205.750  1026.0024  52230.412    32.0733     99.784    7.53007     3.2250     3.2312    25.5300   13.44101 3.6382e-02    100.751 0.0000e+00
        825  87.501296    0.05722     3.4333    206.000  1026.0033  52230.540    32.0732     99.992    7.53009     3.2248     3.2311    25.5300   13.44105 3.6382e-02    100.961 0.0000e+00
        826  87.501299    0.05729     3.4375    206.250  1026.0043  52230.764    32.0732    100.190    7.53012     3.2247     3.2309    25.5300   13.44110 3.6382e-02    101.160 0.0000e+00
        827  87.501302    0.05736     3.4417    206.500  1026.0052  52231.103    32.0733    100.373    7.53015     3.2246     3.2307    25.5301   13.44114 3.6382e-02    101.345 0.0000e+00
        828  87.501305    0.05743     3.4458    206.750  1026.0062  52231.611    32.0736    100.549    7.53017     3.2245     3.2306    25.5303   13.44117 3.6382e-02    101.522 0.0000e+00
        829  87.501308    0.05750     3.4500    207.000  1026.0073  52232.136    32.0738    100.727    7.53018     3.2245     3.2305    25.5305   13.44119 3.6382e-02    101.703 0.0000e+00
        830  87.501311    0.05757     3.4542    207.250  1026.0083  52232.464    32.0739    100.919    7.53018     3.2245     3.2304    25.5306   13.44119 3.6382e-02    101.896 0.0000e+00
        831  87.501314    0.05764     3.4583    207.500  1026.0092  52232.517    32.0738    101.127    7.53018     3.2245     3.2304    25.5305   13.44119 3.6382e-02    102.106 0.0000e+00
        832  87.501317    0.05771     3.4625    207.750  1026.0102  52232.541    32.0737    101.345    7.53019     3.2244     3.2304    25.5304   13.44120 3.6382e-02    102.327 0.0000e+00
        833  87.501319    0.05778     3.4667    208.000  1026.0112  52232.761    32.0737    101.561    7.53019     3.2244     3.2304    25.5304   13.44121 3.6382e-02    102.545 0.0000e+00
        834  87.501322    0.05785     3.4708    208.250  1026.0122  52233.031    32.0738    101.764    7.53020     3.2244     3.2304    25.5305   13.44121 3.6382e-02    102.750 0.0000e+00
        835  87.501325    0.05792     3.4750    208.500  1026.0131  52233.256    32.0739    101.951    7.53019     3.2244     3.2304    25.5305   13.44121 3.6382e-02    102.939 0.0000e+00
        836  87.501328    0.05799     3.4792    208.750  1026.0140  52233.455    32.0739    102.125    7.53018     3.2245     3.2304    25.5306   13.44119 3.6382e-02    103.115 0.0000e+00
        837  87.501331    0.05806     3.4833    209.000  1026.0149  52233.622    32.0740    102.300    7.53017     3.2245     3.2305    25.5306   13.44117 3.6382e-02    103.291 0.0000e+00
        838  87.501334    0.05813     3.4875    209.250  1026.0158  52233.823    32.0740    102.484    7.53016     3.2246     3.2305    25.5307   13.44115 3.6382e-02    103.477 0.0000e+00
        839  87.501337    0.05819     3.4917    209.500  1026.0168  52234.125    32.0741    102.681    7.53015     3.2247     3.2306    25.5308   13.44112 3.6382e-02    103.676 0.0000e+00
        840  87.501340    0.05826     3.4958    209.750  1026.0179  52234.516    32.0743    102.885    7.53012     3.2248     3.2306    25.5309   13.44108 3.6382e-02    103.883 0.0000e+00
        841  87.501343    0.05833     3.5000    210.000  1026.0190  52234.912    32.0745    103.092    7.53009     3.2249     3.2307    25.5310   13.44103 3.6382e-02    104.091 0.0000e+00
        842  87.501345    0.05840     3.5042    210.250  1026.0200  52235.188    32.0746    103.293    7.53006     3.2250     3.2308    25.5311   13.44099 3.6382e-02    104.294 0.0000e+00
        843  87.501348    0.05847     3.5083    210.500  1026.0209  52235.246    32.0746    103.486    7.53005     3.2250     3.2309    25.5310   13.44096 3.6382e-02    104.489 0.0000e+00
        844  87.501351    0.05854     3.5125    210.750  1026.0217  52235.248    32.0745    103.668    7.53003     3.2251     3.2310    25.5310   13.44094 3.6382e-02    104.673 0.0000e+00
        845  87.501354    0.05861     3.5167    211.000  1026.0226  52235.476    32.0746    103.843    7.53001     3.2253     3.2311    25.5310   13.44090 3.6382e-02    104.850 0.0000e+00
        846  87.501357    0.05868     3.5208    211.250  1026.0236  52235.894    32.0748    104.020    7.52998     3.2255     3.2313    25.5312   13.44084 3.6382e-02    105.028 0.0000e+00
        847  87.501360    0.05875     3.5250    211.500  1026.0246  52236.243    32.0750    104.205    7.52994     3.2257     3.2314    25.5314   13.44078 3.6382e-02    105.215 0.0000e+00
        848  87.501363    0.05882     3.5292    211.750  1026.0255  52236.365    32.0750    104.400    7.52990     3.2260     3.2316    25.5314   13.44071 3.6382e-02    105.412 0.0000e+00
        849  87.501366    0.05889     3.5333    212.000  1026.0264  52236.344    32.0750    104.603    7.52985     3.2263     3.2319    25.5313   13.44063 3.6382e-02    105.617 0.0000e+00
        850  87.501369    0.05896     3.5375    212.250  1026.0274  52236.410    32.0750    104.807    7.52979     3.2266     3.2322    25.5313   13.44054 3.6382e-02    105.823 0.0000e+00
        851  87.501372    0.05903     3.5417    212.500  1026.0283  52236.425    32.0750    105.006    7.52974     3.2269     3.2325    25.5312   13.44045 3.6382e-02    106.024 0.0000e+00
