CTD-processing/allCTD/CNV--homogene/2017_08-24_alongbay_skb03_cast011.cnv
* Sea-Bird SBE19plus Data File:
* FileName = C:\Users\Kim.Powell\Desktop\Not Processed\2017\2017_08\2017_08-24_TRANSECT_STATION_cast011.hex
* Software Version 1.59
* Temperature SN =  4141
* Conductivity SN =  4141
* System UpLoad Time = Sep 22 2017 08:32:05
** 2017_08-24
** Station: KB03
** Start Time: 16:22
** Depth (m): 110
** Comment:Edgecumbe
** Comment:
# nquan = 17
# nvalues = 747                         
# units = specified
# name 0 = scan: Scan Count
# name 1 = timeJ: Julian Days
# name 2 = timeH: Time, Elapsed [hours]
# name 3 = timeM: Time, Elapsed [minutes]
# name 4 = timeS: Time, Elapsed [seconds]
# name 5 = density00: Density [density, kg/m^3]
# name 6 = specc: Specific Conductance [uS/cm]
# name 7 = sal00: Salinity, Practical [PSU]
# name 8 = depSM: Depth [salt water, m], lat = 59.00
# name 9 = oxsolML/L: Oxygen Saturation, Garcia & Gordon [ml/l]
# name 10 = potemp090C: Potential Temperature [ITS-90, deg C]
# name 11 = tv290C: Temperature [ITS-90, deg C]
# name 12 = sigma-é00: Density [sigma-theta, kg/m^3]
# name 13 = n2satML/L: Nitrogen Saturation [ml/l]
# name 14 = par: PAR/Irradiance, Biospherical/Licor
# name 15 = prdM: Pressure, Strain Gauge [db]
# name 16 = flag:  0.000e+00
# span 0 =          1,        747       
# span 1 = 236.682037, 236.684196       
# span 2 =    0.00000,    0.05181       
# span 3 =     0.0000,     3.1083       
# span 4 =      0.000,    186.500       
# span 5 =  1023.7609,  1024.7678       
# span 6 =  48819.741,  49618.119       
# span 7 =    31.1646,    31.5073       
# span 8 =      0.151,    108.459       
# span 9 =    6.30357,    6.49692       
# span 10 =     9.7125,    11.2028      
# span 11 =     9.7243,    11.2029      
# span 12 =    23.7574,    24.2720      
# span 13 =   11.42404,   11.74095      
# span 14 = 4.7065e-02, 2.5202e+02      
# span 15 =      0.152,    109.511      
# span 16 = 0.0000e+00, 0.0000e+00      
# interval = seconds: 0.25
# start_time = Aug 24 2017 16:22:08 [Instrument's time stamp, header]
# bad_flag = -9.990e-29
*END*
[from data line 256]
        257 236.682778    0.01778     1.0667     64.000  1023.8172  48919.992    31.2334      0.607    6.30732    11.1724    11.1696    23.8145   11.43004 1.6070e+02      0.613 0.0000e+00
        258 236.682781    0.01785     1.0708     64.250  1023.8157  48917.559    31.2319      0.607    6.30713    11.1719    11.1714    23.8130   11.42975 1.6084e+02      0.613 0.0000e+00
        259 236.682784    0.01792     1.0750     64.500  1023.8138  48914.071    31.2295      0.624    6.30709    11.1697    11.1725    23.8110   11.42970 1.6181e+02      0.630 0.0000e+00
        260 236.682786    0.01799     1.0792     64.750  1023.8124  48911.242    31.2275      0.656    6.30724    11.1663    11.1720    23.8094   11.42997 1.6081e+02      0.662 0.0000e+00
        261 236.682789    0.01806     1.0833     65.000  1023.8123  48910.388    31.2266      0.696    6.30756    11.1625    11.1698    23.8091   11.43052 1.5802e+02      0.703 0.0000e+00
        262 236.682792    0.01812     1.0875     65.250  1023.8136  48912.000    31.2273      0.734    6.30799    11.1592    11.1664    23.8103   11.43123 1.5533e+02      0.741 0.0000e+00
        263 236.682795    0.01819     1.0917     65.500  1023.8159  48915.321    31.2293      0.762    6.30842    11.1570    11.1626    23.8125   11.43193 1.5262e+02      0.769 0.0000e+00
        264 236.682798    0.01826     1.0958     65.750  1023.8184  48919.131    31.2316      0.775    6.30877    11.1558    11.1593    23.8149   11.43248 1.4949e+02      0.782 0.0000e+00
        265 236.682801    0.01833     1.1000     66.000  1023.8204  48922.360    31.2337      0.777    6.30900    11.1555    11.1571    23.8169   11.43282 1.4633e+02      0.785 0.0000e+00
        266 236.682804    0.01840     1.1042     66.250  1023.8216  48924.319    31.2349      0.778    6.30911    11.1554    11.1559    23.8180   11.43298 1.4359e+02      0.786 0.0000e+00
        267 236.682807    0.01847     1.1083     66.500  1023.8220  48924.858    31.2353      0.792    6.30914    11.1549    11.1556    23.8183   11.43304 1.4122e+02      0.799 0.0000e+00
        268 236.682810    0.01854     1.1125     66.750  1023.8218  48924.267    31.2348      0.829    6.30917    11.1536    11.1555    23.8180   11.43309 1.3912e+02      0.837 0.0000e+00
        269 236.682813    0.01861     1.1167     67.000  1023.8215  48923.104    31.2339      0.893    6.30926    11.1511    11.1550    23.8174   11.43326 1.3749e+02      0.901 0.0000e+00
        270 236.682815    0.01868     1.1208     67.250  1023.8215  48922.234    31.2331      0.984    6.30948    11.1474    11.1537    23.8170   11.43363 1.3556e+02      0.993 0.0000e+00
        271 236.682818    0.01875     1.1250     67.500  1023.8223  48922.346    31.2329      1.101    6.30983    11.1426    11.1512    23.8173   11.43421 1.3129e+02      1.111 0.0000e+00
        272 236.682821    0.01882     1.1292     67.750  1023.8240  48923.833    31.2334      1.247    6.31031    11.1370    11.1475    23.8184   11.43499 1.2403e+02      1.258 0.0000e+00
        273 236.682824    0.01889     1.1333     68.000  1023.8269  48926.892    31.2350      1.421    6.31089    11.1309    11.1427    23.8204   11.43593 1.1503e+02      1.434 0.0000e+00
        274 236.682827    0.01896     1.1375     68.250  1023.8308  48931.592    31.2377      1.617    6.31153    11.1247    11.1372    23.8235   11.43698 1.0572e+02      1.633 0.0000e+00
        275 236.682830    0.01903     1.1417     68.500  1023.8357  48937.941    31.2414      1.829    6.31221    11.1188    11.1311    23.8274   11.43805 9.7038e+01      1.846 0.0000e+00
        276 236.682833    0.01910     1.1458     68.750  1023.8411  48944.971    31.2456      2.055    6.31288    11.1135    11.1249    23.8318   11.43911 8.9233e+01      2.074 0.0000e+00
        277 236.682836    0.01917     1.1500     69.000  1023.8461  48951.335    31.2493      2.298    6.31351    11.1085    11.1191    23.8357   11.44013 8.2187e+01      2.320 0.0000e+00
        278 236.682839    0.01924     1.1542     69.250  1023.8506  48956.567    31.2523      2.559    6.31411    11.1040    11.1138    23.8390   11.44108 7.5841e+01      2.583 0.0000e+00
        279 236.682841    0.01931     1.1583     69.500  1023.8546  48961.002    31.2548      2.832    6.31467    11.0998    11.1089    23.8418   11.44198 7.0312e+01      2.859 0.0000e+00
        280 236.682844    0.01938     1.1625     69.750  1023.8585  48965.211    31.2572      3.107    6.31519    11.0960    11.1043    23.8444   11.44282 6.5735e+01      3.136 0.0000e+00
        281 236.682847    0.01944     1.1667     70.000  1023.8624  48969.419    31.2596      3.374    6.31566    11.0928    11.1002    23.8470   11.44356 6.1960e+01      3.405 0.0000e+00
        282 236.682850    0.01951     1.1708     70.250  1023.8661  48973.578    31.2620      3.629    6.31606    11.0902    11.0964    23.8496   11.44421 5.8612e+01      3.663 0.0000e+00
        283 236.682853    0.01958     1.1750     70.500  1023.8696  48977.650    31.2645      3.879    6.31639    11.0883    11.0933    23.8520   11.44473 5.5454e+01      3.915 0.0000e+00
        284 236.682856    0.01965     1.1792     70.750  1023.8731  48981.649    31.2669      4.128    6.31664    11.0869    11.0907    23.8544   11.44512 5.2439e+01      4.167 0.0000e+00
        285 236.682859    0.01972     1.1833     71.000  1023.8765  48985.552    31.2693      4.381    6.31681    11.0860    11.0888    23.8566   11.44536 4.9530e+01      4.423 0.0000e+00
        286 236.682862    0.01979     1.1875     71.250  1023.8796  48988.952    31.2715      4.643    6.31691    11.0854    11.0875    23.8585   11.44550 4.6688e+01      4.686 0.0000e+00
        287 236.682865    0.01986     1.1917     71.500  1023.8822  48991.384    31.2730      4.913    6.31697    11.0849    11.0866    23.8598   11.44557 4.3951e+01      4.959 0.0000e+00
        288 236.682867    0.01993     1.1958     71.750  1023.8843  48992.962    31.2740      5.182    6.31701    11.0844    11.0860    23.8606   11.44563 4.1392e+01      5.230 0.0000e+00
        289 236.682870    0.02000     1.2000     72.000  1023.8859  48993.911    31.2745      5.440    6.31705    11.0837    11.0855    23.8611   11.44569 3.9074e+01      5.491 0.0000e+00
        290 236.682873    0.02007     1.2042     72.250  1023.8871  48994.170    31.2745      5.684    6.31711    11.0824    11.0851    23.8613   11.44579 3.7024e+01      5.738 0.0000e+00
        291 236.682876    0.02014     1.2083     72.500  1023.8880  48993.884    31.2741      5.918    6.31721    11.0802    11.0844    23.8611   11.44597 3.5200e+01      5.973 0.0000e+00
        292 236.682879    0.02021     1.2125     72.750  1023.8889  48993.358    31.2735      6.150    6.31741    11.0767    11.0832    23.8609   11.44630 3.3513e+01      6.208 0.0000e+00
        293 236.682882    0.02028     1.2167     73.000  1023.8898  48992.863    31.2728      6.390    6.31773    11.0715    11.0810    23.8607   11.44685 3.1927e+01      6.450 0.0000e+00
        294 236.682885    0.02035     1.2208     73.250  1023.8913  48993.043    31.2724      6.635    6.31823    11.0651    11.0774    23.8611   11.44767 3.0459e+01      6.698 0.0000e+00
        295 236.682888    0.02042     1.2250     73.500  1023.8937  48994.861    31.2731      6.879    6.31890    11.0582    11.0723    23.8624   11.44877 2.9132e+01      6.944 0.0000e+00
        296 236.682891    0.02049     1.2292     73.750  1023.8973  48998.463    31.2748      7.114    6.31969    11.0512    11.0660    23.8649   11.45007 2.7963e+01      7.181 0.0000e+00
        297 236.682894    0.02056     1.2333     74.000  1023.9011  49002.659    31.2769      7.334    6.32055    11.0443    11.0590    23.8677   11.45146 2.6940e+01      7.404 0.0000e+00
        298 236.682896    0.02063     1.2375     74.250  1023.9046  49006.287    31.2786      7.542    6.32142    11.0371    11.0521    23.8703   11.45289 2.6004e+01      7.614 0.0000e+00
        299 236.682899    0.02069     1.2417     74.500  1023.9076  49009.118    31.2797      7.746    6.32231    11.0294    11.0452    23.8724   11.45435 2.5097e+01      7.820 0.0000e+00
        300 236.682902    0.02076     1.2458     74.750  1023.9104  49011.394    31.2805      7.954    6.32325    11.0213    11.0381    23.8742   11.45590 2.4193e+01      8.029 0.0000e+00
        301 236.682905    0.02083     1.2500     75.000  1023.9133  49013.867    31.2813      8.170    6.32426    11.0129    11.0304    23.8761   11.45755 2.3274e+01      8.247 0.0000e+00
        302 236.682908    0.02090     1.2542     75.250  1023.9169  49017.399    31.2828      8.400    6.32530    11.0049    11.0223    23.8787   11.45927 2.2332e+01      8.480 0.0000e+00
        303 236.682911    0.02097     1.2583     75.500  1023.9212  49022.079    31.2850      8.643    6.32634    10.9976    11.0140    23.8819   11.46096 2.1393e+01      8.725 0.0000e+00
        304 236.682914    0.02104     1.2625     75.750  1023.9259  49027.339    31.2878      8.893    6.32731    10.9911    11.0060    23.8854   11.46254 2.0480e+01      8.977 0.0000e+00
        305 236.682917    0.02111     1.2667     76.000  1023.9302  49032.149    31.2902      9.142    6.32820    10.9849    10.9988    23.8886   11.46399 1.9615e+01      9.229 0.0000e+00
        306 236.682920    0.02118     1.2708     76.250  1023.9337  49035.637    31.2919      9.381    6.32902    10.9786    10.9922    23.8911   11.46534 1.8821e+01      9.469 0.0000e+00
        307 236.682922    0.02125     1.2750     76.500  1023.9366  49038.130    31.2928      9.601    6.32983    10.9724    10.9860    23.8929   11.46666 1.8113e+01      9.692 0.0000e+00
        308 236.682925    0.02132     1.2792     76.750  1023.9394  49040.694    31.2939      9.805    6.33063    10.9662    10.9798    23.8948   11.46798 1.7484e+01      9.897 0.0000e+00
        309 236.682928    0.02139     1.2833     77.000  1023.9424  49043.704    31.2952      9.996    6.33143    10.9603    10.9735    23.8969   11.46929 1.6913e+01     10.091 0.0000e+00
        310 236.682931    0.02146     1.2875     77.250  1023.9454  49046.810    31.2966     10.183    6.33221    10.9545    10.9674    23.8991   11.47056 1.6381e+01     10.279 0.0000e+00
        311 236.682934    0.02153     1.2917     77.500  1023.9483  49049.689    31.2979     10.374    6.33296    10.9488    10.9615    23.9011   11.47179 1.5867e+01     10.471 0.0000e+00
        312 236.682937    0.02160     1.2958     77.750  1023.9510  49052.135    31.2989     10.573    6.33370    10.9431    10.9558    23.9029   11.47301 1.5356e+01     10.672 0.0000e+00
        313 236.682940    0.02167     1.3000     78.000  1023.9536  49054.345    31.2998     10.780    6.33444    10.9373    10.9501    23.9045   11.47422 1.4852e+01     10.881 0.0000e+00
        314 236.682943    0.02174     1.3042     78.250  1023.9563  49056.801    31.3008     10.991    6.33519    10.9316    10.9443    23.9063   11.47544 1.4362e+01     11.094 0.0000e+00
        315 236.682946    0.02181     1.3083     78.500  1023.9592  49059.519    31.3019     11.202    6.33593    10.9260    10.9386    23.9082   11.47665 1.3888e+01     11.308 0.0000e+00
        316 236.682948    0.02187     1.3125     78.750  1023.9620  49062.173    31.3031     11.412    6.33665    10.9204    10.9329    23.9100   11.47784 1.3427e+01     11.520 0.0000e+00
        317 236.682951    0.02194     1.3167     79.000  1023.9646  49064.378    31.3039     11.624    6.33738    10.9145    10.9273    23.9117   11.47904 1.2972e+01     11.734 0.0000e+00
        318 236.682954    0.02201     1.3208     79.250  1023.9668  49065.733    31.3042     11.842    6.33813    10.9078    10.9217    23.9128   11.48028 1.2518e+01     11.954 0.0000e+00
        319 236.682957    0.02208     1.3250     79.500  1023.9685  49066.196    31.3037     12.068    6.33895    10.8998    10.9159    23.9135   11.48165 1.2071e+01     12.182 0.0000e+00
        320 236.682960    0.02215     1.3292     79.750  1023.9697  49065.735    31.3025     12.296    6.33990    10.8896    10.9092    23.9137   11.48324 1.1645e+01     12.412 0.0000e+00
        321 236.682963    0.02222     1.3333     80.000  1023.9702  49063.620    31.3000     12.522    6.34109    10.8756    10.9013    23.9132   11.48524 1.1245e+01     12.641 0.0000e+00
        322 236.682966    0.02229     1.3375     80.250  1023.9693  49058.796    31.2954     12.744    6.34267    10.8561    10.8911    23.9113   11.48792 1.0874e+01     12.865 0.0000e+00
        323 236.682969    0.02236     1.3417     80.500  1023.9676  49051.919    31.2888     12.956    6.34485    10.8301    10.8771    23.9086   11.49160 1.0534e+01     13.079 0.0000e+00
        324 236.682972    0.02243     1.3458     80.750  1023.9665  49045.455    31.2819     13.160    6.34779    10.7972    10.8577    23.9066   11.49656 1.0216e+01     13.285 0.0000e+00
        325 236.682975    0.02250     1.3500     81.000  1023.9674  49041.635    31.2761     13.362    6.35159    10.7588    10.8316    23.9065   11.50292 9.9069e+00     13.489 0.0000e+00
        326 236.682977    0.02257     1.3542     81.250  1023.9722  49043.913    31.2738     13.568    6.35619    10.7173    10.7988    23.9104   11.51056 9.6011e+00     13.697 0.0000e+00
        327 236.682980    0.02264     1.3583     81.500  1023.9822  49054.843    31.2769     13.780    6.36133    10.6751    10.7604    23.9194   11.51905 9.2984e+00     13.911 0.0000e+00
        328 236.682983    0.02271     1.3625     81.750  1023.9960  49072.070    31.2842     13.998    6.36674    10.6342    10.7189    23.9322   11.52793 9.0009e+00     14.130 0.0000e+00
        329 236.682986    0.02278     1.3667     82.000  1024.0120  49093.367    31.2942     14.218    6.37213    10.5967    10.6767    23.9472   11.53675 8.7141e+00     14.353 0.0000e+00
        330 236.682989    0.02285     1.3708     82.250  1024.0299  49118.429    31.3071     14.437    6.37724    10.5637    10.6359    23.9641   11.54506 8.4451e+00     14.573 0.0000e+00
        331 236.682992    0.02292     1.3750     82.500  1024.0480  49144.192    31.3208     14.649    6.38186    10.5353    10.5984    23.9811   11.55255 8.1971e+00     14.787 0.0000e+00
        332 236.682995    0.02299     1.3792     82.750  1024.0644  49167.790    31.3335     14.853    6.38590    10.5114    10.5654    23.9966   11.55909 7.9704e+00     14.993 0.0000e+00
        333 236.682998    0.02306     1.3833     83.000  1024.0793  49189.362    31.3453     15.045    6.38934    10.4917    10.5370    24.0106   11.56465 7.7618e+00     15.188 0.0000e+00
        334 236.683001    0.02313     1.3875     83.250  1024.0924  49208.360    31.3558     15.232    6.39221    10.4756    10.5132    24.0228   11.56928 7.5610e+00     15.377 0.0000e+00
        335 236.683003    0.02319     1.3917     83.500  1024.1033  49223.961    31.3644     15.425    6.39458    10.4626    10.4935    24.0329   11.57311 7.3581e+00     15.571 0.0000e+00
        336 236.683006    0.02326     1.3958     83.750  1024.1124  49236.678    31.3714     15.627    6.39652    10.4521    10.4774    24.0410   11.57625 7.1537e+00     15.775 0.0000e+00
        337 236.683009    0.02333     1.4000     84.000  1024.1199  49247.015    31.3771     15.836    6.39809    10.4437    10.4644    24.0477   11.57878 6.9558e+00     15.986 0.0000e+00
        338 236.683012    0.02340     1.4042     84.250  1024.1262  49255.290    31.3816     16.047    6.39935    10.4367    10.4540    24.0529   11.58082 6.7709e+00     16.199 0.0000e+00
        339 236.683015    0.02347     1.4083     84.500  1024.1312  49261.656    31.3850     16.254    6.40038    10.4309    10.4455    24.0570   11.58249 6.5996e+00     16.408 0.0000e+00
        340 236.683018    0.02354     1.4125     84.750  1024.1352  49266.400    31.3874     16.457    6.40125    10.4258    10.4386    24.0600   11.58389 6.4365e+00     16.613 0.0000e+00
