CTD-processing/allCTD/CNV--homogene/2017_06-28_alongbay_skb07_cast197.cnv
* Sea-Bird SBE19plus Data File:
* FileName = C:\Users\Kim.Powell\Desktop\2017_06-28_4141\AlongBay\2017_06-28_AlongBay197.hex
* Software Version 1.59
* Temperature SN =  4141
* Conductivity SN =  4141
* System UpLoad Time = Jul 21 2017 10:33:16
** CookInlet LTM AlongBay
** 2017_06-28
** Station: KB07
** Start Time: 14:20
** Depth: 139m
** Comment:
** Comment:
# nquan = 17
# nvalues = 880                         
# units = specified
# name 0 = scan: Scan Count
# name 1 = timeJ: Julian Days
# name 2 = timeH: Time, Elapsed [hours]
# name 3 = timeM: Time, Elapsed [minutes]
# name 4 = timeS: Time, Elapsed [seconds]
# name 5 = density00: Density [density, kg/m^3]
# name 6 = specc: Specific Conductance [uS/cm]
# name 7 = sal00: Salinity, Practical [PSU]
# name 8 = depSM: Depth [salt water, m], lat = 59.00
# name 9 = oxsolML/L: Oxygen Saturation, Garcia & Gordon [ml/l]
# name 10 = potemp090C: Potential Temperature [ITS-90, deg C]
# name 11 = tv290C: Temperature [ITS-90, deg C]
# name 12 = sigma-é00: Density [sigma-theta, kg/m^3]
# name 13 = n2satML/L: Nitrogen Saturation [ml/l]
# name 14 = par: PAR/Irradiance, Biospherical/Licor
# name 15 = prdM: Pressure, Strain Gauge [db]
# name 16 = flag:  0.000e+00
# span 0 =          1,        880       
# span 1 = 179.596887, 179.599430       
# span 2 =    0.00000,    0.06104       
# span 3 =     0.0000,     3.6625       
# span 4 =      0.000,    219.750       
# span 5 =  1000.5546,  1025.5817       
# span 6 =   2174.735,  50730.617       
# span 7 =     1.1092,    31.7628       
# span 8 =     -0.020,    139.977       
# span 9 =    6.41109,    7.80697       
# span 10 =     6.5105,    11.0659      
# span 11 =     6.5224,    11.0661      
# span 12 =     0.5547,    24.9324      
# span 13 =   11.62842,   14.33644      
# span 14 = 4.5702e-02, 4.4131e+02      
# span 15 =     -0.021,    141.347      
# span 16 = 0.0000e+00, 0.0000e+00      
# interval = seconds: 0.25
# start_time = Jun 28 2017 14:19:31 [Instrument's time stamp, header]
# bad_flag = -9.990e-29
*END*
[from data line 596]
        597 179.598611    0.04139     2.4833    149.000  1025.1715  50531.353    31.6993     68.736    6.93836     6.7470     6.7555    24.8522   12.46885 4.5876e-02     69.397 0.0000e+00
        598 179.598614    0.04146     2.4875    149.250  1025.1735  50532.891    31.7000     68.996    6.93857     6.7462     6.7540    24.8529   12.46919 4.5839e-02     69.659 0.0000e+00
        599 179.598617    0.04153     2.4917    149.500  1025.1753  50534.163    31.7006     69.266    6.93871     6.7457     6.7530    24.8535   12.46942 4.5915e-02     69.932 0.0000e+00
        600 179.598620    0.04160     2.4958    149.750  1025.1769  50534.821    31.7008     69.547    6.93882     6.7452     6.7522    24.8538   12.46960 4.6054e-02     70.215 0.0000e+00
        601 179.598623    0.04167     2.5000    150.000  1025.1782  50534.857    31.7006     69.837    6.93891     6.7448     6.7517    24.8537   12.46975 4.6109e-02     70.508 0.0000e+00
        602 179.598626    0.04174     2.5042    150.250  1025.1797  50535.278    31.7006     70.134    6.93898     6.7446     6.7513    24.8538   12.46987 4.6161e-02     70.808 0.0000e+00
        603 179.598628    0.04181     2.5083    150.500  1025.1814  50536.178    31.7010     70.436    6.93902     6.7447     6.7509    24.8542   12.46994 4.6254e-02     71.113 0.0000e+00
        604 179.598631    0.04188     2.5125    150.750  1025.1831  50536.875    31.7014     70.740    6.93903     6.7450     6.7508    24.8544   12.46995 4.6263e-02     71.420 0.0000e+00
        605 179.598634    0.04194     2.5167    151.000  1025.1847  50537.486    31.7017     71.044    6.93900     6.7454     6.7508    24.8546   12.46990 4.6225e-02     71.727 0.0000e+00
        606 179.598637    0.04201     2.5208    151.250  1025.1863  50537.951    31.7019     71.346    6.93894     6.7458     6.7511    24.8548   12.46980 4.6199e-02     72.032 0.0000e+00
        607 179.598640    0.04208     2.5250    151.500  1025.1875  50537.876    31.7018     71.648    6.93887     6.7461     6.7516    24.8547   12.46969 4.6131e-02     72.337 0.0000e+00
        608 179.598643    0.04215     2.5292    151.750  1025.1885  50537.381    31.7014     71.949    6.93882     6.7464     6.7520    24.8543   12.46960 4.6080e-02     72.640 0.0000e+00
        609 179.598646    0.04222     2.5333    152.000  1025.1895  50536.708    31.7008     72.249    6.93879     6.7467     6.7523    24.8538   12.46955 4.6029e-02     72.943 0.0000e+00
        610 179.598649    0.04229     2.5375    152.250  1025.1904  50535.968    31.7002     72.546    6.93877     6.7471     6.7527    24.8533   12.46952 4.5919e-02     73.244 0.0000e+00
        611 179.598652    0.04236     2.5417    152.500  1025.1912  50535.231    31.6997     72.841    6.93874     6.7475     6.7530    24.8528   12.46948 4.5888e-02     73.541 0.0000e+00
        612 179.598655    0.04243     2.5458    152.750  1025.1921  50534.489    31.6991     73.136    6.93870     6.7480     6.7534    24.8523   12.46943 4.5918e-02     73.838 0.0000e+00
        613 179.598657    0.04250     2.5500    153.000  1025.1929  50533.808    31.6985     73.430    6.93866     6.7487     6.7539    24.8518   12.46936 4.5875e-02     74.136 0.0000e+00
        614 179.598660    0.04257     2.5542    153.250  1025.1939  50533.195    31.6981     73.726    6.93859     6.7496     6.7544    24.8514   12.46926 4.5840e-02     74.435 0.0000e+00
        615 179.598663    0.04264     2.5583    153.500  1025.1948  50532.446    31.6975     74.024    6.93851     6.7508     6.7551    24.8509   12.46913 4.5916e-02     74.736 0.0000e+00
        616 179.598666    0.04271     2.5625    153.750  1025.1955  50531.501    31.6969     74.321    6.93838     6.7523     6.7560    24.8503   12.46894 4.6018e-02     75.036 0.0000e+00
        617 179.598669    0.04278     2.5667    154.000  1025.1962  50530.369    31.6962     74.615    6.93822     6.7540     6.7572    24.8496   12.46867 4.6055e-02     75.333 0.0000e+00
        618 179.598672    0.04285     2.5708    154.250  1025.1967  50528.900    31.6953     74.911    6.93802     6.7558     6.7587    24.8487   12.46835 4.6070e-02     75.632 0.0000e+00
        619 179.598675    0.04292     2.5750    154.500  1025.1970  50526.964    31.6942     75.212    6.93779     6.7574     6.7605    24.8476   12.46799 4.6099e-02     75.935 0.0000e+00
        620 179.598678    0.04299     2.5792    154.750  1025.1970  50524.685    31.6928     75.516    6.93756     6.7586     6.7623    24.8462   12.46762 4.6139e-02     76.242 0.0000e+00
        621 179.598681    0.04306     2.5833    155.000  1025.1971  50522.466    31.6914     75.824    6.93736     6.7593     6.7640    24.8449   12.46730 4.6176e-02     76.553 0.0000e+00
        622 179.598683    0.04312     2.5875    155.250  1025.1975  50520.716    31.6902     76.136    6.93722     6.7597     6.7652    24.8439   12.46709 4.6153e-02     76.868 0.0000e+00
        623 179.598686    0.04319     2.5917    155.500  1025.1983  50519.628    31.6895     76.452    6.93713     6.7599     6.7660    24.8432   12.46696 4.6079e-02     77.187 0.0000e+00
        624 179.598689    0.04326     2.5958    155.750  1025.1994  50519.138    31.6890     76.771    6.93709     6.7599     6.7664    24.8428   12.46689 4.6036e-02     77.510 0.0000e+00
        625 179.598692    0.04333     2.6000    156.000  1025.2008  50519.058    31.6889     77.093    6.93706     6.7599     6.7666    24.8427   12.46685 4.6019e-02     77.835 0.0000e+00
        626 179.598695    0.04340     2.6042    156.250  1025.2022  50519.181    31.6888     77.414    6.93705     6.7598     6.7666    24.8426   12.46683 4.5975e-02     78.159 0.0000e+00
        627 179.598698    0.04347     2.6083    156.500  1025.2036  50519.236    31.6887     77.734    6.93706     6.7594     6.7666    24.8425   12.46684 4.5941e-02     78.482 0.0000e+00
        628 179.598701    0.04354     2.6125    156.750  1025.2049  50519.124    31.6885     78.050    6.93708     6.7588     6.7665    24.8423   12.46688 4.5965e-02     78.802 0.0000e+00
        629 179.598704    0.04361     2.6167    157.000  1025.2061  50519.010    31.6882     78.362    6.93714     6.7580     6.7662    24.8421   12.46699 4.6013e-02     79.116 0.0000e+00
        630 179.598707    0.04368     2.6208    157.250  1025.2074  50519.010    31.6879     78.667    6.93724     6.7571     6.7657    24.8420   12.46716 4.6042e-02     79.425 0.0000e+00
        631 179.598709    0.04375     2.6250    157.500  1025.2088  50519.195    31.6878     78.969    6.93737     6.7562     6.7649    24.8420   12.46738 4.6066e-02     79.730 0.0000e+00
        632 179.598712    0.04382     2.6292    157.750  1025.2104  50519.711    31.6879     79.270    6.93752     6.7554     6.7640    24.8422   12.46761 4.6060e-02     80.034 0.0000e+00
        633 179.598715    0.04389     2.6333    158.000  1025.2121  50520.513    31.6881     79.572    6.93765     6.7548     6.7631    24.8425   12.46782 4.6050e-02     80.338 0.0000e+00
        634 179.598718    0.04396     2.6375    158.250  1025.2139  50521.358    31.6884     79.873    6.93776     6.7543     6.7624    24.8428   12.46800 4.6113e-02     80.642 0.0000e+00
        635 179.598721    0.04403     2.6417    158.500  1025.2155  50521.969    31.6886     80.170    6.93785     6.7538     6.7618    24.8430   12.46815 4.6172e-02     80.943 0.0000e+00
        636 179.598724    0.04410     2.6458    158.750  1025.2170  50522.402    31.6887     80.465    6.93792     6.7536     6.7613    24.8432   12.46827 4.6187e-02     81.240 0.0000e+00
        637 179.598727    0.04417     2.6500    159.000  1025.2186  50523.118    31.6889     80.760    6.93798     6.7538     6.7608    24.8435   12.46836 4.6192e-02     81.539 0.0000e+00
        638 179.598730    0.04424     2.6542    159.250  1025.2204  50524.103    31.6894     81.063    6.93799     6.7545     6.7606    24.8439   12.46837 4.6200e-02     81.844 0.0000e+00
        639 179.598733    0.04431     2.6583    159.500  1025.2223  50525.076    31.6900     81.375    6.93793     6.7557     6.7608    24.8443   12.46827 4.6187e-02     82.160 0.0000e+00
        640 179.598736    0.04437     2.6625    159.750  1025.2241  50525.823    31.6905     81.696    6.93779     6.7573     6.7615    24.8446   12.46804 4.6138e-02     82.484 0.0000e+00
        641 179.598738    0.04444     2.6667    160.000  1025.2256  50525.892    31.6906     82.020    6.93759     6.7591     6.7628    24.8446   12.46770 4.6094e-02     82.811 0.0000e+00
        642 179.598741    0.04451     2.6708    160.250  1025.2265  50525.126    31.6903     82.342    6.93734     6.7609     6.7645    24.8440   12.46729 4.6026e-02     83.136 0.0000e+00
        643 179.598744    0.04458     2.6750    160.500  1025.2272  50523.734    31.6895     82.661    6.93707     6.7625     6.7663    24.8432   12.46686 4.5981e-02     83.458 0.0000e+00
        644 179.598747    0.04465     2.6792    160.750  1025.2276  50521.983    31.6884     82.974    6.93683     6.7637     6.7681    24.8421   12.46647 4.6022e-02     83.774 0.0000e+00
        645 179.598750    0.04472     2.6833    161.000  1025.2279  50520.148    31.6873     83.284    6.93662     6.7646     6.7697    24.8410   12.46614 4.6078e-02     84.087 0.0000e+00
        646 179.598753    0.04479     2.6875    161.250  1025.2284  50518.597    31.6863     83.592    6.93646     6.7652     6.7710    24.8401   12.46588 4.6155e-02     84.398 0.0000e+00
        647 179.598756    0.04486     2.6917    161.500  1025.2292  50517.571    31.6856     83.896    6.93634     6.7655     6.7720    24.8394   12.46570 4.6275e-02     84.705 0.0000e+00
        648 179.598759    0.04493     2.6958    161.750  1025.2300  50516.706    31.6850     84.194    6.93627     6.7652     6.7726    24.8389   12.46558 4.6362e-02     85.006 0.0000e+00
        649 179.598762    0.04500     2.7000    162.000  1025.2307  50515.677    31.6842     84.489    6.93626     6.7643     6.7729    24.8382   12.46558 4.6392e-02     85.304 0.0000e+00
        650 179.598764    0.04507     2.7042    162.250  1025.2314  50514.783    31.6834     84.783    6.93634     6.7627     6.7726    24.8376   12.46571 4.6361e-02     85.601 0.0000e+00
        651 179.598767    0.04514     2.7083    162.500  1025.2325  50514.417    31.6828     85.078    6.93651     6.7604     6.7717    24.8373   12.46601 4.6281e-02     85.899 0.0000e+00
        652 179.598770    0.04521     2.7125    162.750  1025.2340  50514.890    31.6827     85.374    6.93678     6.7579     6.7700    24.8374   12.46646 4.6188e-02     86.198 0.0000e+00
        653 179.598773    0.04528     2.7167    163.000  1025.2362  50516.550    31.6833     85.674    6.93711     6.7554     6.7678    24.8382   12.46700 4.6116e-02     86.501 0.0000e+00
        654 179.598776    0.04535     2.7208    163.250  1025.2389  50519.170    31.6845     85.978    6.93746     6.7533     6.7653    24.8395   12.46756 4.6114e-02     86.808 0.0000e+00
        655 179.598779    0.04542     2.7250    163.500  1025.2416  50521.900    31.6859     86.284    6.93779     6.7515     6.7629    24.8408   12.46808 4.6138e-02     87.117 0.0000e+00
        656 179.598782    0.04549     2.7292    163.750  1025.2442  50524.209    31.6870     86.590    6.93807     6.7500     6.7608    24.8420   12.46854 4.6123e-02     87.426 0.0000e+00
        657 179.598785    0.04556     2.7333    164.000  1025.2465  50526.195    31.6879     86.893    6.93831     6.7487     6.7591    24.8429   12.46893 4.6072e-02     87.732 0.0000e+00
        658 179.598788    0.04562     2.7375    164.250  1025.2488  50528.058    31.6887     87.194    6.93851     6.7477     6.7576    24.8438   12.46925 4.6036e-02     88.036 0.0000e+00
        659 179.598791    0.04569     2.7417    164.500  1025.2510  50529.730    31.6895     87.496    6.93868     6.7469     6.7563    24.8446   12.46951 4.6055e-02     88.341 0.0000e+00
        660 179.598793    0.04576     2.7458    164.750  1025.2531  50531.168    31.6902     87.799    6.93881     6.7462     6.7553    24.8452   12.46972 4.6097e-02     88.646 0.0000e+00
        661 179.598796    0.04583     2.7500    165.000  1025.2550  50532.393    31.6907     88.100    6.93891     6.7457     6.7545    24.8458   12.46988 4.6133e-02     88.950 0.0000e+00
        662 179.598799    0.04590     2.7542    165.250  1025.2568  50533.341    31.6911     88.398    6.93900     6.7452     6.7538    24.8462   12.47002 4.6138e-02     89.252 0.0000e+00
        663 179.598802    0.04597     2.7583    165.500  1025.2584  50533.994    31.6914     88.695    6.93907     6.7447     6.7533    24.8464   12.47014 4.6093e-02     89.551 0.0000e+00
        664 179.598805    0.04604     2.7625    165.750  1025.2599  50534.359    31.6914     88.992    6.93915     6.7441     6.7528    24.8465   12.47026 4.6049e-02     89.852 0.0000e+00
        665 179.598808    0.04611     2.7667    166.000  1025.2612  50534.432    31.6912     89.290    6.93923     6.7431     6.7524    24.8465   12.47040 4.6047e-02     90.152 0.0000e+00
        666 179.598811    0.04618     2.7708    166.250  1025.2623  50534.185    31.6908     89.584    6.93934     6.7415     6.7518    24.8462   12.47059 4.6048e-02     90.449 0.0000e+00
        667 179.598814    0.04625     2.7750    166.500  1025.2633  50533.640    31.6901     89.874    6.93952     6.7392     6.7508    24.8458   12.47090 4.6081e-02     90.742 0.0000e+00
        668 179.598817    0.04632     2.7792    166.750  1025.2643  50533.386    31.6895     90.165    6.93980     6.7363     6.7493    24.8455   12.47136 4.6192e-02     91.036 0.0000e+00
        669 179.598819    0.04639     2.7833    167.000  1025.2659  50533.958    31.6893     90.460    6.94017     6.7325     6.7471    24.8457   12.47198 4.6252e-02     91.334 0.0000e+00
        670 179.598822    0.04646     2.7875    167.250  1025.2676  50534.779    31.6892     90.761    6.94065     6.7274     6.7441    24.8460   12.47277 4.6223e-02     91.638 0.0000e+00
        671 179.598825    0.04653     2.7917    167.500  1025.2689  50534.846    31.6885     91.065    6.94129     6.7203     6.7403    24.8459   12.47384 4.6242e-02     91.945 0.0000e+00
        672 179.598828    0.04660     2.7958    167.750  1025.2699  50534.544    31.6872     91.366    6.94217     6.7107     6.7353    24.8455   12.47530 4.6282e-02     92.249 0.0000e+00
        673 179.598831    0.04667     2.8000    168.000  1025.2716  50535.470    31.6864     91.661    6.94334     6.6988     6.7282    24.8458   12.47725 4.6270e-02     92.547 0.0000e+00
        674 179.598834    0.04674     2.8042    168.250  1025.2744  50538.610    31.6867     91.948    6.94486     6.6852     6.7187    24.8473   12.47976 4.6242e-02     92.837 0.0000e+00
        675 179.598837    0.04681     2.8083    168.500  1025.2789  50544.790    31.6887     92.231    6.94668     6.6712     6.7068    24.8503   12.48275 4.6235e-02     93.122 0.0000e+00
        676 179.598840    0.04688     2.8125    168.750  1025.2853  50554.744    31.6930     92.514    6.94868     6.6581     6.6932    24.8555   12.48600 4.6224e-02     93.408 0.0000e+00
        677 179.598843    0.04694     2.8167    169.000  1025.2934  50567.735    31.6993     92.798    6.95066     6.6467     6.6791    24.8622   12.48919 4.6183e-02     93.695 0.0000e+00
        678 179.598845    0.04701     2.8208    169.250  1025.3019  50581.367    31.7062     93.085    6.95245     6.6373     6.6660    24.8693   12.49207 4.6154e-02     93.985 0.0000e+00
        679 179.598848    0.04708     2.8250    169.500  1025.3096  50593.430    31.7124     93.379    6.95399     6.6295     6.6547    24.8756   12.49453 4.6152e-02     94.281 0.0000e+00
        680 179.598851    0.04715     2.8292    169.750  1025.3161  50603.335    31.7174     93.676    6.95528     6.6229     6.6454    24.8808   12.49659 4.6166e-02     94.581 0.0000e+00
