CTD-processing/allCTD/CNV--homogene/2017_04-20_t4_s02_cast146.cnv
* Sea-Bird SBE19plus Data File:
* FileName = P:\My Documents\kasitsna\Research-KBL\Oceanography-AK\CTD-Data-ALL-to-2017-02\2017-CTD-KachemakBay-CookInlet\2017-04-20-CookInlet-Tran4-Barabara\2017-04-20-CookInlet-Tran4-cast146.hex
* Software Version 1.59
* Temperature SN =  4141
* Conductivity SN =  4141
* System UpLoad Time = Apr 24 2017 16:29:09
** Cook Inlet LTM Transect 4 Barabara north to south
** Date: 2017-04-20
** Station: (eg. 9-01): 4-02
** Start time (AKDT): 15:29
** Depth (m): 97.5
** Comment: R/V Alaska Dreamcatcher
** Comment: crossed a front
** Comment: still lots of plankton
# nquan = 17
# nvalues = 974                         
# units = specified
# name 0 = scan: Scan Count
# name 1 = timeJ: Julian Days
# name 2 = timeH: Time, Elapsed [hours]
# name 3 = timeM: Time, Elapsed [minutes]
# name 4 = timeS: Time, Elapsed [seconds]
# name 5 = density00: Density [density, kg/m^3]
# name 6 = specc: Specific Conductance [uS/cm]
# name 7 = sal00: Salinity, Practical [PSU]
# name 8 = depSM: Depth [salt water, m], lat = 59.00
# name 9 = oxsolML/L: Oxygen Saturation, Garcia & Gordon [ml/l]
# name 10 = potemp090C: Potential Temperature [ITS-90, deg C]
# name 11 = tv290C: Temperature [ITS-90, deg C]
# name 12 = sigma-é00: Density [sigma-theta, kg/m^3]
# name 13 = n2satML/L: Nitrogen Saturation [ml/l]
# name 14 = par: PAR/Irradiance, Biospherical/Licor
# name 15 = prdM: Pressure, Strain Gauge [db]
# name 16 = flag:  0.000e+00
# span 0 =          1,        974       
# span 1 = 110.645301, 110.648116       
# span 2 =    0.00000,    0.06757       
# span 3 =     0.0000,     4.0542       
# span 4 =      0.000,    243.250       
# span 5 =  1000.0974,  1025.9210       
# span 6 =    368.112,  51972.064       
# span 7 =     0.1696,    32.0723       
# span 8 =      0.042,     96.480       
# span 9 =    7.06815,    8.85515       
# span 10 =     3.8946,     5.8840      
# span 11 =     3.9008,     5.8841      
# span 12 =     0.0972,    25.4664      
# span 13 =   12.67986,   16.11651      
# span 14 = 3.6400e-02, 2.0194e+03      
# span 15 =      0.043,     97.413      
# span 16 = 0.0000e+00, 0.0000e+00      
# interval = seconds: 0.25
# start_time = Apr 20 2017 15:29:14 [Instrument's time stamp, header]
# bad_flag = -9.990e-29
*END*
[from data line 426]
        427 110.646534    0.02958     1.7750    106.500  1025.2073  51178.237    31.9840      1.201    7.09261     5.7351     5.7346    25.2016   12.72013 1.1036e+03      1.212 0.0000e+00
        428 110.646536    0.02965     1.7792    106.750  1025.2071  51177.811    31.9838      1.202    7.09255     5.7353     5.7350    25.2014   12.72004 1.0726e+03      1.213 0.0000e+00
        429 110.646539    0.02972     1.7833    107.000  1025.2070  51177.555    31.9836      1.204    7.09252     5.7354     5.7352    25.2013   12.71998 9.5188e+02      1.215 0.0000e+00
        430 110.646542    0.02979     1.7875    107.250  1025.2070  51177.535    31.9836      1.206    7.09250     5.7356     5.7354    25.2013   12.71994 8.2490e+02      1.218 0.0000e+00
        431 110.646545    0.02986     1.7917    107.500  1025.2071  51177.777    31.9838      1.209    7.09247     5.7360     5.7355    25.2015   12.71990 7.6911e+02      1.220 0.0000e+00
        432 110.646548    0.02993     1.7958    107.750  1025.2074  51178.323    31.9843      1.212    7.09242     5.7367     5.7357    25.2018   12.71980 7.5533e+02      1.224 0.0000e+00
        433 110.646551    0.03000     1.8000    108.000  1025.2078  51178.994    31.9848      1.215    7.09232     5.7377     5.7361    25.2021   12.71964 7.5166e+02      1.227 0.0000e+00
        434 110.646554    0.03007     1.8042    108.250  1025.2082  51179.558    31.9854      1.218    7.09218     5.7389     5.7368    25.2025   12.71940 7.6511e+02      1.229 0.0000e+00
        435 110.646557    0.03014     1.8083    108.500  1025.2084  51179.923    31.9858      1.220    7.09200     5.7406     5.7378    25.2027   12.71909 8.1288e+02      1.231 0.0000e+00
        436 110.646560    0.03021     1.8125    108.750  1025.2087  51180.329    31.9863      1.220    7.09176     5.7428     5.7390    25.2030   12.71869 9.2356e+02      1.231 0.0000e+00
        437 110.646563    0.03028     1.8167    109.000  1025.2093  51181.308    31.9873      1.218    7.09143     5.7459     5.7407    25.2036   12.71814 1.0805e+03      1.230 0.0000e+00
        438 110.646565    0.03035     1.8208    109.250  1025.2104  51183.175    31.9891      1.217    7.09098     5.7503     5.7429    25.2047   12.71736 1.2649e+03      1.228 0.0000e+00
        439 110.646568    0.03042     1.8250    109.500  1025.2120  51185.930    31.9916      1.215    7.09034     5.7561     5.7460    25.2064   12.71628 1.4276e+03      1.226 0.0000e+00
        440 110.646571    0.03049     1.8292    109.750  1025.2135  51188.340    31.9942      1.214    7.08949     5.7629     5.7504    25.2079   12.71484 1.3805e+03      1.225 0.0000e+00
        441 110.646574    0.03056     1.8333    110.000  1025.2135  51187.872    31.9950      1.211    7.08847     5.7695     5.7562    25.2079   12.71315 1.1615e+03      1.223 0.0000e+00
        442 110.646577    0.03062     1.8375    110.250  1025.2115  51183.589    31.9935      1.207    7.08741     5.7749     5.7630    25.2058   12.71142 9.7607e+02      1.219 0.0000e+00
        443 110.646580    0.03069     1.8417    110.500  1025.2079  51176.702    31.9900      1.201    7.08647     5.7783     5.7696    25.2023   12.70990 8.6158e+02      1.213 0.0000e+00
        444 110.646583    0.03076     1.8458    110.750  1025.2039  51168.907    31.9857      1.195    7.08578     5.7795     5.7750    25.1983   12.70882 8.0081e+02      1.206 0.0000e+00
        445 110.646586    0.03083     1.8500    111.000  1025.2001  51161.829    31.9815      1.190    7.08541     5.7788     5.7784    25.1945   12.70826 7.7550e+02      1.201 0.0000e+00
        446 110.646589    0.03090     1.8542    111.250  1025.1972  51156.345    31.9780      1.189    7.08536     5.7766     5.7796    25.1916   12.70824 7.8847e+02      1.200 0.0000e+00
        447 110.646591    0.03097     1.8583    111.500  1025.1952  51152.826    31.9754      1.193    7.08560     5.7734     5.7789    25.1897   12.70866 8.5727e+02      1.204 0.0000e+00
        448 110.646594    0.03104     1.8625    111.750  1025.1945  51151.525    31.9740      1.201    7.08604     5.7700     5.7767    25.1889   12.70940 9.1725e+02      1.212 0.0000e+00
        449 110.646597    0.03111     1.8667    112.000  1025.1949  51152.473    31.9740      1.211    7.08657     5.7670     5.7735    25.1892   12.71028 9.0552e+02      1.222 0.0000e+00
        450 110.646600    0.03118     1.8708    112.250  1025.1965  51155.555    31.9755      1.219    7.08708     5.7648     5.7701    25.1908   12.71110 8.9120e+02      1.231 0.0000e+00
        451 110.646603    0.03125     1.8750    112.500  1025.1986  51159.675    31.9777      1.224    7.08748     5.7636     5.7671    25.1929   12.71173 9.0169e+02      1.236 0.0000e+00
        452 110.646606    0.03132     1.8792    112.750  1025.2004  51163.131    31.9797      1.224    7.08774     5.7630     5.7649    25.1947   12.71214 8.8791e+02      1.236 0.0000e+00
        453 110.646609    0.03139     1.8833    113.000  1025.2014  51165.101    31.9808      1.220    7.08789     5.7627     5.7637    25.1957   12.71238 9.1701e+02      1.232 0.0000e+00
        454 110.646612    0.03146     1.8875    113.250  1025.2017  51165.794    31.9811      1.215    7.08798     5.7624     5.7631    25.1961   12.71251 9.5453e+02      1.226 0.0000e+00
        455 110.646615    0.03153     1.8917    113.500  1025.2018  51166.009    31.9812      1.210    7.08803     5.7622     5.7628    25.1962   12.71260 8.8854e+02      1.222 0.0000e+00
        456 110.646617    0.03160     1.8958    113.750  1025.2021  51166.499    31.9815      1.209    7.08806     5.7623     5.7625    25.1964   12.71264 8.2248e+02      1.221 0.0000e+00
        457 110.646620    0.03167     1.9000    114.000  1025.2027  51167.554    31.9822      1.211    7.08805     5.7629     5.7623    25.1970   12.71263 8.5925e+02      1.223 0.0000e+00
        458 110.646623    0.03174     1.9042    114.250  1025.2037  51169.451    31.9835      1.213    7.08798     5.7644     5.7624    25.1980   12.71249 9.5636e+02      1.225 0.0000e+00
        459 110.646626    0.03181     1.9083    114.500  1025.2052  51172.214    31.9855      1.214    7.08779     5.7671     5.7630    25.1996   12.71214 1.0516e+03      1.225 0.0000e+00
        460 110.646629    0.03188     1.9125    114.750  1025.2070  51175.324    31.9880      1.211    7.08742     5.7713     5.7645    25.2013   12.71150 1.1001e+03      1.222 0.0000e+00
        461 110.646632    0.03194     1.9167    115.000  1025.2088  51178.456    31.9907      1.205    7.08684     5.7771     5.7672    25.2032   12.71051 1.1179e+03      1.217 0.0000e+00
        462 110.646635    0.03201     1.9208    115.250  1025.2107  51181.663    31.9938      1.199    7.08600     5.7847     5.7714    25.2051   12.70908 1.1189e+03      1.210 0.0000e+00
        463 110.646638    0.03208     1.9250    115.500  1025.2126  51184.637    31.9970      1.195    7.08487     5.7937     5.7772    25.2070   12.70718 1.0602e+03      1.206 0.0000e+00
        464 110.646641    0.03215     1.9292    115.750  1025.2136  51185.905    31.9994      1.195    7.08349     5.8032     5.7848    25.2080   12.70487 9.8384e+02      1.206 0.0000e+00
        465 110.646644    0.03222     1.9333    116.000  1025.2127  51183.596    31.9997      1.199    7.08198     5.8121     5.7938    25.2071   12.70237 9.7305e+02      1.210 0.0000e+00
        466 110.646646    0.03229     1.9375    116.250  1025.2095  51176.927    31.9970      1.207    7.08052     5.8191     5.8033    25.2038   12.69999 9.9997e+02      1.218 0.0000e+00
        467 110.646649    0.03236     1.9417    116.500  1025.2046  51167.213    31.9920      1.216    7.07927     5.8240     5.8122    25.1989   12.69800 1.0285e+03      1.227 0.0000e+00
        468 110.646652    0.03243     1.9458    116.750  1025.1998  51157.995    31.9871      1.224    7.07833     5.8275     5.8192    25.1941   12.69651 1.1358e+03      1.235 0.0000e+00
        469 110.646655    0.03250     1.9500    117.000  1025.1971  51152.646    31.9843      1.228    7.07764     5.8308     5.8241    25.1914   12.69540 1.2759e+03      1.239 0.0000e+00
        470 110.646658    0.03257     1.9542    117.250  1025.1964  51151.025    31.9839      1.228    7.07708     5.8339     5.8276    25.1907   12.69447 1.3041e+03      1.239 0.0000e+00
        471 110.646661    0.03264     1.9583    117.500  1025.1957  51149.552    31.9836      1.223    7.07656     5.8362     5.8308    25.1900   12.69362 1.2798e+03      1.234 0.0000e+00
        472 110.646664    0.03271     1.9625    117.750  1025.1935  51145.426    31.9813      1.214    7.07614     5.8369     5.8339    25.1878   12.69295 1.3020e+03      1.226 0.0000e+00
        473 110.646667    0.03278     1.9667    118.000  1025.1902  51139.213    31.9775      1.206    7.07593     5.8355     5.8363    25.1845   12.69265 1.3238e+03      1.217 0.0000e+00
        474 110.646670    0.03285     1.9708    118.250  1025.1867  51132.721    31.9732      1.200    7.07602     5.8318     5.8370    25.1810   12.69285 1.2961e+03      1.212 0.0000e+00
        475 110.646672    0.03292     1.9750    118.500  1025.1833  51126.656    31.9687      1.199    7.07646     5.8254     5.8356    25.1777   12.69364 1.1907e+03      1.211 0.0000e+00
        476 110.646675    0.03299     1.9792    118.750  1025.1796  51120.309    31.9636      1.203    7.07732     5.8162     5.8319    25.1740   12.69513 9.9860e+02      1.215 0.0000e+00
        477 110.646678    0.03306     1.9833    119.000  1025.1761  51114.320    31.9581      1.210    7.07863     5.8051     5.8255    25.1705   12.69737 8.3250e+02      1.222 0.0000e+00
        478 110.646681    0.03313     1.9875    119.250  1025.1749  51112.588    31.9551      1.217    7.08031     5.7938     5.8163    25.1692   12.70018 7.6861e+02      1.229 0.0000e+00
        479 110.646684    0.03319     1.9917    119.500  1025.1773  51117.732    31.9564      1.221    7.08211     5.7843     5.8052    25.1715   12.70313 7.4811e+02      1.233 0.0000e+00
        480 110.646687    0.03326     1.9958    119.750  1025.1824  51128.060    31.9613      1.221    7.08375     5.7773     5.7939    25.1767   12.70579 7.3268e+02      1.232 0.0000e+00
        481 110.646690    0.03333     2.0000    120.000  1025.1885  51139.896    31.9675      1.216    7.08505     5.7729     5.7844    25.1828   12.70785 7.2284e+02      1.227 0.0000e+00
        482 110.646693    0.03340     2.0042    120.250  1025.1937  51150.006    31.9731      1.209    7.08596     5.7702     5.7774    25.1881   12.70928 6.9800e+02      1.220 0.0000e+00
        483 110.646696    0.03347     2.0083    120.500  1025.1971  51156.658    31.9768      1.202    7.08653     5.7684     5.7730    25.1915   12.71017 6.5859e+02      1.213 0.0000e+00
        484 110.646698    0.03354     2.0125    120.750  1025.1987  51159.794    31.9785      1.199    7.08689     5.7665     5.7703    25.1931   12.71076 6.1850e+02      1.210 0.0000e+00
        485 110.646701    0.03361     2.0167    121.000  1025.1986  51159.814    31.9781      1.201    7.08721     5.7635     5.7685    25.1931   12.71129 5.9542e+02      1.212 0.0000e+00
        486 110.646704    0.03368     2.0208    121.250  1025.1971  51157.076    31.9758      1.206    7.08765     5.7590     5.7666    25.1915   12.71204 6.0958e+02      1.217 0.0000e+00
        487 110.646707    0.03375     2.0250    121.500  1025.1950  51153.488    31.9727      1.213    7.08829     5.7535     5.7636    25.1894   12.71315 6.6162e+02      1.225 0.0000e+00
        488 110.646710    0.03382     2.0292    121.750  1025.1943  51152.398    31.9710      1.219    7.08912     5.7483     5.7591    25.1886   12.71454 7.2538e+02      1.231 0.0000e+00
        489 110.646713    0.03389     2.0333    122.000  1025.1960  51155.906    31.9724      1.222    7.08998     5.7444     5.7536    25.1903   12.71594 7.8663e+02      1.234 0.0000e+00
        490 110.646716    0.03396     2.0375    122.250  1025.1993  51162.462    31.9758      1.222    7.09070     5.7422     5.7484    25.1936   12.71707 8.5351e+02      1.234 0.0000e+00
        491 110.646719    0.03403     2.0417    122.500  1025.2027  51168.894    31.9795      1.220    7.09117     5.7414     5.7445    25.1970   12.71781 8.9509e+02      1.232 0.0000e+00
        492 110.646722    0.03410     2.0458    122.750  1025.2050  51173.372    31.9821      1.216    7.09142     5.7413     5.7423    25.1993   12.71818 8.9423e+02      1.228 0.0000e+00
        493 110.646725    0.03417     2.0500    123.000  1025.2060  51175.341    31.9833      1.211    7.09150     5.7416     5.7415    25.2004   12.71830 8.7885e+02      1.223 0.0000e+00
        494 110.646727    0.03424     2.0542    123.250  1025.2065  51176.275    31.9840      1.207    7.09148     5.7425     5.7414    25.2009   12.71826 9.0049e+02      1.219 0.0000e+00
        495 110.646730    0.03431     2.0583    123.500  1025.2074  51177.914    31.9852      1.204    7.09136     5.7441     5.7417    25.2018   12.71805 9.5905e+02      1.215 0.0000e+00
        496 110.646733    0.03438     2.0625    123.750  1025.2084  51179.749    31.9866      1.200    7.09114     5.7464     5.7426    25.2029   12.71767 1.0091e+03      1.212 0.0000e+00
        497 110.646736    0.03444     2.0667    124.000  1025.2094  51181.416    31.9881      1.197    7.09081     5.7497     5.7442    25.2039   12.71709 1.0359e+03      1.209 0.0000e+00
        498 110.646739    0.03451     2.0708    124.250  1025.2107  51183.607    31.9901      1.197    7.09033     5.7541     5.7465    25.2052   12.71627 1.0041e+03      1.208 0.0000e+00
        499 110.646742    0.03458     2.0750    124.500  1025.2116  51184.964    31.9917      1.198    7.08970     5.7588     5.7498    25.2060   12.71521 9.2747e+02      1.210 0.0000e+00
        500 110.646745    0.03465     2.0792    124.750  1025.2110  51183.519    31.9916      1.202    7.08898     5.7633     5.7542    25.2054   12.71403 8.6353e+02      1.213 0.0000e+00
        501 110.646748    0.03472     2.0833    125.000  1025.2097  51180.643    31.9905      1.207    7.08825     5.7676     5.7589    25.2040   12.71283 8.2485e+02      1.218 0.0000e+00
        502 110.646751    0.03479     2.0875    125.250  1025.2086  51178.253    31.9898      1.212    7.08752     5.7716     5.7634    25.2029   12.71165 8.1703e+02      1.223 0.0000e+00
        503 110.646753    0.03486     2.0917    125.500  1025.2075  51176.021    31.9891      1.215    7.08684     5.7753     5.7677    25.2019   12.71052 8.1734e+02      1.226 0.0000e+00
        504 110.646756    0.03493     2.0958    125.750  1025.2062  51173.325    31.9881      1.216    7.08621     5.7784     5.7717    25.2005   12.70950 8.1054e+02      1.227 0.0000e+00
        505 110.646759    0.03500     2.1000    126.000  1025.2047  51170.311    31.9867      1.215    7.08566     5.7810     5.7754    25.1990   12.70862 8.1911e+02      1.226 0.0000e+00
        506 110.646762    0.03507     2.1042    126.250  1025.2033  51167.477    31.9854      1.213    7.08520     5.7833     5.7785    25.1976   12.70787 8.3016e+02      1.224 0.0000e+00
        507 110.646765    0.03514     2.1083    126.500  1025.2025  51165.736    31.9847      1.211    7.08479     5.7859     5.7811    25.1968   12.70721 8.3116e+02      1.222 0.0000e+00
        508 110.646768    0.03521     2.1125    126.750  1025.2027  51166.061    31.9854      1.211    7.08438     5.7895     5.7834    25.1971   12.70651 8.4664e+02      1.222 0.0000e+00
        509 110.646771    0.03528     2.1167    127.000  1025.2041  51168.484    31.9876      1.213    7.08384     5.7945     5.7860    25.1985   12.70560 9.0664e+02      1.224 0.0000e+00
        510 110.646774    0.03535     2.1208    127.250  1025.2059  51171.376    31.9903      1.217    7.08312     5.8003     5.7896    25.2002   12.70437 1.0390e+03      1.228 0.0000e+00
