CTD-processing/allCTD/CNV--homogene/2017_08-24_alongbay_skb04_cast010.cnv
* Sea-Bird SBE19plus Data File:
* FileName = C:\Users\Kim.Powell\Desktop\Not Processed\2017\2017_08\2017_08-24_TRANSECT_STATION_cast010.hex
* Software Version 1.59
* Temperature SN =  4141
* Conductivity SN =  4141
* System UpLoad Time = Sep 22 2017 08:30:36
** 2017_08-24
** Station: KB04
** Start Time: 16:02
** Depth (m): 155
** Comment: Edgecumbe
** Comment:
# nquan = 17
# nvalues = 909                         
# units = specified
# name 0 = scan: Scan Count
# name 1 = timeJ: Julian Days
# name 2 = timeH: Time, Elapsed [hours]
# name 3 = timeM: Time, Elapsed [minutes]
# name 4 = timeS: Time, Elapsed [seconds]
# name 5 = density00: Density [density, kg/m^3]
# name 6 = specc: Specific Conductance [uS/cm]
# name 7 = sal00: Salinity, Practical [PSU]
# name 8 = depSM: Depth [salt water, m], lat = 59.00
# name 9 = oxsolML/L: Oxygen Saturation, Garcia & Gordon [ml/l]
# name 10 = potemp090C: Potential Temperature [ITS-90, deg C]
# name 11 = tv290C: Temperature [ITS-90, deg C]
# name 12 = sigma-é00: Density [sigma-theta, kg/m^3]
# name 13 = n2satML/L: Nitrogen Saturation [ml/l]
# name 14 = par: PAR/Irradiance, Biospherical/Licor
# name 15 = prdM: Pressure, Strain Gauge [db]
# name 16 = flag:  0.000e+00
# span 0 =          1,        909       
# span 1 = 236.668553, 236.671181       
# span 2 =    0.00000,    0.06306       
# span 3 =     0.0000,     3.7833       
# span 4 =      0.000,    227.000       
# span 5 =  1023.7054,  1025.0130       
# span 6 =  48639.300,  49721.041       
# span 7 =    30.9821,    31.5180       
# span 8 =      0.740,    148.576       
# span 9 =    6.36798,    6.54225       
# span 10 =     9.3894,    10.7864      
# span 11 =     9.4053,    10.7865      
# span 12 =    23.6975,    24.3323      
# span 13 =   11.53305,   11.81586      
# span 14 = 4.8844e-02, 1.2890e+02      
# span 15 =      0.747,    150.032      
# span 16 = 0.0000e+00, 0.0000e+00      
# interval = seconds: 0.25
# start_time = Aug 24 2017 16:02:43 [Instrument's time stamp, header]
# bad_flag = -9.990e-29
*END*
[from data line 171]
        172 236.669048    0.01188     0.7125     42.750  1023.7467  48720.613    31.0419      0.989    6.37560    10.7232    10.7258    23.7422   11.54547 1.1691e+02      0.998 0.0000e+00
        173 236.669051    0.01194     0.7167     43.000  1023.7505  48727.350    31.0464      0.980    6.37564    10.7234    10.7241    23.7460   11.54549 1.1735e+02      0.989 0.0000e+00
        174 236.669054    0.01201     0.7208     43.250  1023.7526  48731.272    31.0491      0.967    6.37564    10.7243    10.7233    23.7482   11.54546 1.1740e+02      0.976 0.0000e+00
        175 236.669057    0.01208     0.7250     43.500  1023.7523  48730.751    31.0488      0.957    6.37563    10.7252    10.7235    23.7479   11.54544 1.1757e+02      0.965 0.0000e+00
        176 236.669060    0.01215     0.7292     43.750  1023.7499  48726.521    31.0459      0.953    6.37563    10.7259    10.7244    23.7455   11.54547 1.1762e+02      0.962 0.0000e+00
        177 236.669063    0.01222     0.7333     44.000  1023.7470  48721.428    31.0424      0.957    6.37563    10.7260    10.7253    23.7427   11.54553 1.1738e+02      0.966 0.0000e+00
        178 236.669065    0.01229     0.7375     44.250  1023.7453  48718.392    31.0403      0.964    6.37563    10.7258    10.7260    23.7410   11.54555 1.1719e+02      0.973 0.0000e+00
        179 236.669068    0.01236     0.7417     44.500  1023.7456  48718.783    31.0406      0.968    6.37560    10.7255    10.7261    23.7412   11.54550 1.1740e+02      0.977 0.0000e+00
        180 236.669071    0.01243     0.7458     44.750  1023.7472  48721.718    31.0427      0.967    6.37554    10.7255    10.7259    23.7428   11.54538 1.1795e+02      0.976 0.0000e+00
        181 236.669074    0.01250     0.7500     45.000  1023.7489  48724.785    31.0448      0.962    6.37549    10.7259    10.7257    23.7445   11.54527 1.1845e+02      0.971 0.0000e+00
        182 236.669077    0.01257     0.7542     45.250  1023.7494  48725.755    31.0455      0.957    6.37547    10.7264    10.7256    23.7450   11.54522 1.1862e+02      0.966 0.0000e+00
        183 236.669080    0.01264     0.7583     45.500  1023.7483  48723.929    31.0442      0.956    6.37547    10.7268    10.7260    23.7440   11.54524 1.1837e+02      0.965 0.0000e+00
        184 236.669083    0.01271     0.7625     45.750  1023.7465  48720.609    31.0419      0.960    6.37549    10.7269    10.7265    23.7421   11.54530 1.1794e+02      0.969 0.0000e+00
        185 236.669086    0.01278     0.7667     46.000  1023.7450  48717.944    31.0401      0.966    6.37550    10.7267    10.7269    23.7406   11.54535 1.1784e+02      0.975 0.0000e+00
        186 236.669089    0.01285     0.7708     46.250  1023.7447  48717.456    31.0398      0.970    6.37550    10.7260    10.7271    23.7403   11.54534 1.1816e+02      0.979 0.0000e+00
        187 236.669091    0.01292     0.7750     46.500  1023.7456  48719.042    31.0409      0.970    6.37550    10.7252    10.7268    23.7412   11.54532 1.1838e+02      0.979 0.0000e+00
        188 236.669094    0.01299     0.7792     46.750  1023.7467  48721.002    31.0422      0.968    6.37553    10.7241    10.7262    23.7423   11.54536 1.1837e+02      0.977 0.0000e+00
        189 236.669097    0.01306     0.7833     47.000  1023.7472  48721.715    31.0426      0.968    6.37563    10.7227    10.7253    23.7428   11.54553 1.1896e+02      0.977 0.0000e+00
        190 236.669100    0.01313     0.7875     47.250  1023.7471  48721.209    31.0421      0.973    6.37580    10.7211    10.7242    23.7426   11.54581 1.2041e+02      0.982 0.0000e+00
        191 236.669103    0.01319     0.7917     47.500  1023.7472  48721.225    31.0420      0.982    6.37600    10.7194    10.7228    23.7427   11.54613 1.2121e+02      0.991 0.0000e+00
        192 236.669106    0.01326     0.7958     47.750  1023.7487  48723.647    31.0435      0.990    6.37616    10.7181    10.7212    23.7442   11.54639 1.2049e+02      1.000 0.0000e+00
        193 236.669109    0.01333     0.8000     48.000  1023.7517  48728.739    31.0469      0.993    6.37625    10.7175    10.7195    23.7471   11.54650 1.1956e+02      1.003 0.0000e+00
        194 236.669112    0.01340     0.8042     48.250  1023.7552  48734.946    31.0511      0.991    6.37627    10.7179    10.7182    23.7507   11.54647 1.1909e+02      1.000 0.0000e+00
        195 236.669115    0.01347     0.8083     48.500  1023.7581  48740.198    31.0548      0.985    6.37620    10.7193    10.7176    23.7536   11.54632 1.1789e+02      0.994 0.0000e+00
        196 236.669117    0.01354     0.8125     48.750  1023.7597  48743.217    31.0570      0.979    6.37605    10.7212    10.7180    23.7552   11.54605 1.1598e+02      0.988 0.0000e+00
        197 236.669120    0.01361     0.8167     49.000  1023.7600  48743.958    31.0577      0.974    6.37584    10.7232    10.7194    23.7555   11.54568 1.1518e+02      0.984 0.0000e+00
        198 236.669123    0.01368     0.8208     49.250  1023.7594  48743.148    31.0573      0.972    6.37559    10.7251    10.7213    23.7549   11.54528 1.1569e+02      0.981 0.0000e+00
        199 236.669126    0.01375     0.8250     49.500  1023.7582  48741.393    31.0563      0.970    6.37536    10.7267    10.7233    23.7538   11.54491 1.1610e+02      0.979 0.0000e+00
        200 236.669129    0.01382     0.8292     49.750  1023.7567  48738.974    31.0548      0.969    6.37515    10.7280    10.7252    23.7523   11.54459 1.1638e+02      0.978 0.0000e+00
        201 236.669132    0.01389     0.8333     50.000  1023.7550  48736.102    31.0530      0.971    6.37500    10.7289    10.7269    23.7506   11.54435 1.1686e+02      0.980 0.0000e+00
        202 236.669135    0.01396     0.8375     50.250  1023.7533  48733.023    31.0509      0.975    6.37491    10.7294    10.7281    23.7488   11.54422 1.1671e+02      0.984 0.0000e+00
        203 236.669138    0.01403     0.8417     50.500  1023.7516  48730.032    31.0489      0.981    6.37487    10.7296    10.7290    23.7471   11.54418 1.1575e+02      0.991 0.0000e+00
        204 236.669141    0.01410     0.8458     50.750  1023.7501  48727.465    31.0471      0.987    6.37487    10.7298    10.7295    23.7456   11.54421 1.1467e+02      0.997 0.0000e+00
        205 236.669144    0.01417     0.8500     51.000  1023.7492  48725.768    31.0459      0.991    6.37488    10.7300    10.7297    23.7446   11.54424 1.1428e+02      1.000 0.0000e+00
        206 236.669146    0.01424     0.8542     51.250  1023.7489  48725.214    31.0456      0.990    6.37487    10.7301    10.7299    23.7443   11.54423 1.1515e+02      1.000 0.0000e+00
        207 236.669149    0.01431     0.8583     51.500  1023.7490  48725.528    31.0458      0.985    6.37485    10.7301    10.7301    23.7445   11.54418 1.1680e+02      0.995 0.0000e+00
        208 236.669152    0.01438     0.8625     51.750  1023.7492  48725.874    31.0461      0.978    6.37482    10.7301    10.7302    23.7447   11.54413 1.1805e+02      0.987 0.0000e+00
        209 236.669155    0.01444     0.8667     52.000  1023.7488  48725.191    31.0456      0.973    6.37484    10.7299    10.7302    23.7443   11.54416 1.1899e+02      0.982 0.0000e+00
        210 236.669158    0.01451     0.8708     52.250  1023.7475  48722.813    31.0439      0.975    6.37491    10.7295    10.7302    23.7430   11.54431 1.2015e+02      0.984 0.0000e+00
        211 236.669161    0.01458     0.8750     52.500  1023.7455  48719.058    31.0413      0.987    6.37504    10.7288    10.7300    23.7410   11.54457 1.2057e+02      0.996 0.0000e+00
        212 236.669164    0.01465     0.8792     52.750  1023.7436  48715.539    31.0387      1.005    6.37520    10.7279    10.7296    23.7391   11.54486 1.1971e+02      1.015 0.0000e+00
        213 236.669167    0.01472     0.8833     53.000  1023.7432  48714.417    31.0378      1.023    6.37533    10.7273    10.7289    23.7385   11.54509 1.1861e+02      1.033 0.0000e+00
        214 236.669170    0.01479     0.8875     53.250  1023.7445  48716.611    31.0393      1.032    6.37539    10.7272    10.7280    23.7398   11.54517 1.1809e+02      1.041 0.0000e+00
        215 236.669172    0.01486     0.8917     53.500  1023.7467  48720.640    31.0420      1.027    6.37537    10.7281    10.7274    23.7420   11.54510 1.1790e+02      1.037 0.0000e+00
        216 236.669175    0.01493     0.8958     53.750  1023.7483  48723.548    31.0441      1.012    6.37529    10.7297    10.7273    23.7436   11.54495 1.1783e+02      1.021 0.0000e+00
        217 236.669178    0.01500     0.9000     54.000  1023.7477  48722.827    31.0437      0.994    6.37519    10.7314    10.7282    23.7432   11.54479 1.1832e+02      1.004 0.0000e+00
        218 236.669181    0.01507     0.9042     54.250  1023.7448  48717.879    31.0404      0.985    6.37510    10.7324    10.7298    23.7403   11.54467 1.1895e+02      0.994 0.0000e+00
        219 236.669184    0.01514     0.9083     54.500  1023.7408  48710.769    31.0356      0.989    6.37506    10.7325    10.7315    23.7363   11.54466 1.1885e+02      0.998 0.0000e+00
        220 236.669187    0.01521     0.9125     54.750  1023.7377  48705.072    31.0317      1.003    6.37508    10.7318    10.7325    23.7330   11.54474 1.1822e+02      1.013 0.0000e+00
        221 236.669190    0.01528     0.9167     55.000  1023.7368  48703.482    31.0305      1.018    6.37512    10.7311    10.7326    23.7322   11.54483 1.1764e+02      1.028 0.0000e+00
        222 236.669193    0.01535     0.9208     55.250  1023.7385  48706.302    31.0324      1.023    6.37514    10.7310    10.7319    23.7338   11.54482 1.1751e+02      1.033 0.0000e+00
        223 236.669196    0.01542     0.9250     55.500  1023.7412  48711.191    31.0358      1.014    6.37510    10.7320    10.7312    23.7366   11.54471 1.1802e+02      1.023 0.0000e+00
        224 236.669198    0.01549     0.9292     55.750  1023.7429  48714.502    31.0382      0.993    6.37501    10.7338    10.7311    23.7384   11.54455 1.1872e+02      1.003 0.0000e+00
        225 236.669201    0.01556     0.9333     56.000  1023.7422  48713.544    31.0376      0.972    6.37490    10.7357    10.7321    23.7378   11.54437 1.1889e+02      0.982 0.0000e+00
        226 236.669204    0.01563     0.9375     56.250  1023.7390  48708.158    31.0340      0.961    6.37480    10.7368    10.7339    23.7347   11.54424 1.1845e+02      0.970 0.0000e+00
        227 236.669207    0.01569     0.9417     56.500  1023.7348  48700.757    31.0290      0.964    6.37475    10.7372    10.7358    23.7304   11.54421 1.1768e+02      0.973 0.0000e+00
        228 236.669210    0.01576     0.9458     56.750  1023.7313  48694.313    31.0246      0.980    6.37476    10.7372    10.7370    23.7268   11.54429 1.1712e+02      0.989 0.0000e+00
        229 236.669213    0.01583     0.9500     57.000  1023.7292  48690.408    31.0218      1.004    6.37482    10.7373    10.7374    23.7246   11.54442 1.1722e+02      1.013 0.0000e+00
        230 236.669216    0.01590     0.9542     57.250  1023.7287  48689.420    31.0211      1.026    6.37484    10.7376    10.7374    23.7241   11.54447 1.1753e+02      1.036 0.0000e+00
        231 236.669219    0.01597     0.9583     57.500  1023.7298  48691.308    31.0225      1.039    6.37478    10.7381    10.7375    23.7251   11.54434 1.1770e+02      1.049 0.0000e+00
        232 236.669222    0.01604     0.9625     57.750  1023.7320  48695.207    31.0253      1.038    6.37462    10.7387    10.7378    23.7272   11.54405 1.1799e+02      1.048 0.0000e+00
        233 236.669225    0.01611     0.9667     58.000  1023.7340  48699.097    31.0281      1.023    6.37445    10.7396    10.7383    23.7293   11.54373 1.1807e+02      1.033 0.0000e+00
        234 236.669227    0.01618     0.9708     58.250  1023.7348  48700.782    31.0293      1.003    6.37431    10.7407    10.7389    23.7302   11.54348 1.1769e+02      1.013 0.0000e+00
        235 236.669230    0.01625     0.9750     58.500  1023.7336  48698.951    31.0282      0.987    6.37423    10.7416    10.7398    23.7291   11.54337 1.1741e+02      0.997 0.0000e+00
        236 236.669233    0.01632     0.9792     58.750  1023.7310  48694.270    31.0250      0.983    6.37422    10.7422    10.7408    23.7265   11.54339 1.1775e+02      0.992 0.0000e+00
        237 236.669236    0.01639     0.9833     59.000  1023.7281  48689.154    31.0214      0.990    6.37424    10.7427    10.7417    23.7236   11.54347 1.1853e+02      0.999 0.0000e+00
        238 236.669239    0.01646     0.9875     59.250  1023.7261  48685.492    31.0189      1.004    6.37426    10.7435    10.7423    23.7215   11.54353 1.1898e+02      1.013 0.0000e+00
        239 236.669242    0.01653     0.9917     59.500  1023.7251  48683.651    31.0176      1.019    6.37423    10.7445    10.7428    23.7204   11.54350 1.1906e+02      1.028 0.0000e+00
        240 236.669245    0.01660     0.9958     59.750  1023.7248  48683.186    31.0174      1.029    6.37414    10.7461    10.7436    23.7201   11.54335 1.1916e+02      1.038 0.0000e+00
        241 236.669248    0.01667     1.0000     60.000  1023.7247  48683.162    31.0175      1.030    6.37399    10.7484    10.7446    23.7200   11.54310 1.1901e+02      1.040 0.0000e+00
        242 236.669251    0.01674     1.0042     60.250  1023.7244  48682.821    31.0175      1.024    6.37377    10.7511    10.7462    23.7197   11.54274 1.1842e+02      1.034 0.0000e+00
        243 236.669253    0.01681     1.0083     60.500  1023.7236  48681.717    31.0170      1.013    6.37348    10.7538    10.7485    23.7189   11.54226 1.1776e+02      1.023 0.0000e+00
        244 236.669256    0.01688     1.0125     60.750  1023.7220  48679.456    31.0157      1.002    6.37315    10.7559    10.7512    23.7175   11.54173 1.1711e+02      1.012 0.0000e+00
        245 236.669259    0.01694     1.0167     61.000  1023.7202  48676.585    31.0140      0.993    6.37286    10.7573    10.7539    23.7157   11.54127 1.1625e+02      1.002 0.0000e+00
        246 236.669262    0.01701     1.0208     61.250  1023.7186  48674.044    31.0124      0.989    6.37263    10.7583    10.7560    23.7141   11.54091 1.1537e+02      0.998 0.0000e+00
        247 236.669265    0.01708     1.0250     61.500  1023.7176  48672.390    31.0114      0.993    6.37247    10.7592    10.7574    23.7131   11.54066 1.1529e+02      1.002 0.0000e+00
        248 236.669268    0.01715     1.0292     61.750  1023.7173  48671.875    31.0111      1.006    6.37234    10.7602    10.7584    23.7127   11.54044 1.1624e+02      1.016 0.0000e+00
        249 236.669271    0.01722     1.0333     62.000  1023.7173  48671.933    31.0113      1.026    6.37222    10.7610    10.7593    23.7126   11.54023 1.1694e+02      1.036 0.0000e+00
        250 236.669274    0.01729     1.0375     62.250  1023.7170  48671.394    31.0110      1.044    6.37210    10.7615    10.7603    23.7123   11.54003 1.1619e+02      1.054 0.0000e+00
        251 236.669277    0.01736     1.0417     62.500  1023.7164  48670.261    31.0103      1.051    6.37201    10.7617    10.7611    23.7116   11.53990 1.1432e+02      1.061 0.0000e+00
        252 236.669280    0.01743     1.0458     62.750  1023.7160  48669.709    31.0100      1.045    6.37196    10.7619    10.7616    23.7112   11.53982 1.1234e+02      1.055 0.0000e+00
        253 236.669282    0.01750     1.0500     63.000  1023.7159  48669.612    31.0099      1.027    6.37193    10.7621    10.7618    23.7112   11.53977 1.1083e+02      1.036 0.0000e+00
        254 236.669285    0.01757     1.0542     63.250  1023.7154  48669.027    31.0095      1.005    6.37191    10.7619    10.7620    23.7108   11.53975 1.1004e+02      1.015 0.0000e+00
        255 236.669288    0.01764     1.0583     63.500  1023.7148  48667.990    31.0088      0.988    6.37192    10.7614    10.7622    23.7103   11.53978 1.1015e+02      0.997 0.0000e+00
