CTD-processing/allCTD/CNV--homogene/2017_04-18_t6_s06_cast075.cnv
* Sea-Bird SBE19plus Data File:
* FileName = P:\My Documents\kasitsna\Research-KBL\Oceanography-AK\CTD-Data-ALL-to-2017-02\2017-CTD-KachemakBay-CookInlet\2017-04-18-CookInlet-Tran6-Douglas\2017-04-18-CookInlet-Tran6-cast075.hex
* Software Version 1.59
* Temperature SN =  4141
* Conductivity SN =  4141
* System UpLoad Time = Apr 18 2017 22:52:59
** Cook Inlet LTM Transect 6 Douglas east to west
** Date: (YYYY-MM-DD): 2017-04-18
** Station: (eg. 9-01): 6-06
** Start time (AKDT): 13:55
** Depth (m): 140.2
** Comment: R/V Alaska Dreamcatcher
** Comment:
# nquan = 17
# nvalues = 967                         
# units = specified
# name 0 = scan: Scan Count
# name 1 = timeJ: Julian Days
# name 2 = timeH: Time, Elapsed [hours]
# name 3 = timeM: Time, Elapsed [minutes]
# name 4 = timeS: Time, Elapsed [seconds]
# name 5 = density00: Density [density, kg/m^3]
# name 6 = specc: Specific Conductance [uS/cm]
# name 7 = sal00: Salinity, Practical [PSU]
# name 8 = depSM: Depth [salt water, m], lat = 59.00
# name 9 = oxsolML/L: Oxygen Saturation, Garcia & Gordon [ml/l]
# name 10 = potemp090C: Potential Temperature [ITS-90, deg C]
# name 11 = tv290C: Temperature [ITS-90, deg C]
# name 12 = sigma-é00: Density [sigma-theta, kg/m^3]
# name 13 = n2satML/L: Nitrogen Saturation [ml/l]
# name 14 = par: PAR/Irradiance, Biospherical/Licor
# name 15 = prdM: Pressure, Strain Gauge [db]
# name 16 = flag:  0.000e+00
# span 0 =          1,        967       
# span 1 = 108.580023, 108.582818       
# span 2 =    0.00000,    0.06708       
# span 3 =     0.0000,     4.0250       
# span 4 =      0.000,    241.500       
# span 5 =  1000.1728,  1026.0768       
# span 6 =    530.135,  51820.048       
# span 7 =     0.2455,    32.2294       
# span 8 =     -0.046,    129.820       
# span 9 =    7.17676,    9.17181       
# span 10 =     3.9385,     5.1865      
# span 11 =     3.9382,     5.1866      
# span 12 =     0.1730,    25.4691      
# span 13 =   12.85679,   16.64677      
# span 14 = 3.6382e-02, 1.2040e+03      
# span 15 =     -0.047,    131.087      
# span 16 = 0.0000e+00, 0.0000e+00      
# interval = seconds: 0.25
# start_time = Apr 18 2017 13:55:14 [Instrument's time stamp, header]
# bad_flag = -9.990e-29
*END*
[from data line 171]
        172 108.580518    0.01188     0.7125     42.750  1025.3962  51581.044    32.1353      1.248    7.18771     5.1422     5.1306    25.3903   12.87524 6.3703e+01      1.259 0.0000e+00
        173 108.580521    0.01194     0.7167     43.000  1025.4007  51588.109    32.1413      1.321    7.18652     5.1479     5.1359    25.3945   12.87319 6.4244e+01      1.334 0.0000e+00
        174 108.580524    0.01201     0.7208     43.250  1025.3979  51581.733    32.1382      1.393    7.18557     5.1519     5.1423    25.3914   12.87166 6.4495e+01      1.406 0.0000e+00
        175 108.580527    0.01208     0.7250     43.500  1025.3893  51565.021    32.1279      1.445    7.18509     5.1538     5.1480    25.3826   12.87101 6.3777e+01      1.458 0.0000e+00
        176 108.580530    0.01215     0.7292     43.750  1025.3767  51541.143    32.1123      1.468    7.18515     5.1537     5.1520    25.3698   12.87131 6.2506e+01      1.482 0.0000e+00
        177 108.580532    0.01222     0.7333     44.000  1025.3616  51513.462    32.0937      1.457    7.18571     5.1517     5.1539    25.3548   12.87247 6.1473e+01      1.471 0.0000e+00
        178 108.580535    0.01229     0.7375     44.250  1025.3443  51482.160    32.0721      1.413    7.18677     5.1489     5.1538    25.3377   12.87449 6.1289e+01      1.427 0.0000e+00
        179 108.580538    0.01236     0.7417     44.500  1025.3227  51443.269    32.0450      1.343    7.18842     5.1467     5.1518    25.3164   12.87757 6.2405e+01      1.355 0.0000e+00
        180 108.580541    0.01243     0.7458     44.750  1025.3067  51414.943    32.0249      1.259    7.18987     5.1460     5.1490    25.3008   12.88022 6.4346e+01      1.271 0.0000e+00
        181 108.580544    0.01250     0.7500     45.000  1025.3159  51432.509    32.0365      1.180    7.18969     5.1469     5.1468    25.3103   12.87978 6.6017e+01      1.191 0.0000e+00
        182 108.580547    0.01257     0.7542     45.250  1025.3443  51485.132    32.0727      1.119    7.18808     5.1493     5.1461    25.3390   12.87665 6.6981e+01      1.130 0.0000e+00
        183 108.580550    0.01264     0.7583     45.500  1025.3695  51531.567    32.1049      1.089    7.18637     5.1526     5.1470    25.3644   12.87341 6.7438e+01      1.099 0.0000e+00
        184 108.580553    0.01271     0.7625     45.750  1025.3848  51559.327    32.1245      1.092    7.18501     5.1560     5.1494    25.3797   12.87092 6.7213e+01      1.102 0.0000e+00
        185 108.580556    0.01278     0.7667     46.000  1025.3932  51574.152    32.1354      1.126    7.18393     5.1592     5.1526    25.3880   12.86899 6.5699e+01      1.136 0.0000e+00
        186 108.580558    0.01285     0.7708     46.250  1025.3972  51580.530    32.1405      1.179    7.18309     5.1617     5.1561    25.3916   12.86754 6.3291e+01      1.190 0.0000e+00
        187 108.580561    0.01292     0.7750     46.500  1025.3984  51581.943    32.1422      1.241    7.18247     5.1635     5.1593    25.3926   12.86650 6.0942e+01      1.252 0.0000e+00
        188 108.580564    0.01299     0.7792     46.750  1025.3980  51580.389    32.1416      1.301    7.18207     5.1646     5.1618    25.3919   12.86584 5.8952e+01      1.313 0.0000e+00
        189 108.580567    0.01306     0.7833     47.000  1025.3962  51576.577    32.1393      1.351    7.18186     5.1650     5.1636    25.3899   12.86553 5.7450e+01      1.363 0.0000e+00
        190 108.580570    0.01313     0.7875     47.250  1025.3931  51570.528    32.1354      1.382    7.18186     5.1648     5.1647    25.3866   12.86558 5.6605e+01      1.395 0.0000e+00
        191 108.580573    0.01319     0.7917     47.500  1025.3886  51562.270    32.1298      1.390    7.18206     5.1638     5.1651    25.3821   12.86598 5.6487e+01      1.403 0.0000e+00
        192 108.580576    0.01326     0.7958     47.750  1025.3836  51553.167    32.1235      1.375    7.18241     5.1621     5.1649    25.3772   12.86664 5.7118e+01      1.388 0.0000e+00
        193 108.580579    0.01333     0.8000     48.000  1025.3794  51545.863    32.1182      1.339    7.18283     5.1597     5.1639    25.3731   12.86739 5.8320e+01      1.352 0.0000e+00
        194 108.580582    0.01340     0.8042     48.250  1025.3772  51542.376    32.1155      1.287    7.18325     5.1567     5.1622    25.3711   12.86812 5.9723e+01      1.299 0.0000e+00
        195 108.580584    0.01347     0.8083     48.500  1025.3776  51543.848    32.1160      1.228    7.18365     5.1539     5.1598    25.3718   12.86878 6.0875e+01      1.239 0.0000e+00
        196 108.580587    0.01354     0.8125     48.750  1025.3809  51550.621    32.1200      1.171    7.18397     5.1523     5.1568    25.3754   12.86925 6.1512e+01      1.182 0.0000e+00
        197 108.580590    0.01361     0.8167     49.000  1025.3864  51561.467    32.1269      1.129    7.18410     5.1522     5.1540    25.3811   12.86939 6.1759e+01      1.139 0.0000e+00
        198 108.580593    0.01368     0.8208     49.250  1025.3929  51573.639    32.1350      1.107    7.18399     5.1534     5.1524    25.3877   12.86911 6.1813e+01      1.118 0.0000e+00
        199 108.580596    0.01375     0.8250     49.500  1025.3985  51584.040    32.1421      1.110    7.18367     5.1556     5.1523    25.3934   12.86848 6.1812e+01      1.121 0.0000e+00
        200 108.580599    0.01382     0.8292     49.750  1025.4023  51590.525    32.1469      1.136    7.18323     5.1581     5.1535    25.3970   12.86769 6.1799e+01      1.147 0.0000e+00
        201 108.580602    0.01389     0.8333     50.000  1025.4036  51592.497    32.1487      1.179    7.18277     5.1605     5.1557    25.3982   12.86691 6.1692e+01      1.190 0.0000e+00
        202 108.580605    0.01396     0.8375     50.250  1025.4030  51590.720    32.1480      1.230    7.18237     5.1623     5.1582    25.3973   12.86626 6.1299e+01      1.242 0.0000e+00
        203 108.580608    0.01403     0.8417     50.500  1025.4010  51586.254    32.1454      1.281    7.18210     5.1636     5.1606    25.3950   12.86584 6.0430e+01      1.293 0.0000e+00
        204 108.580611    0.01410     0.8458     50.750  1025.3976  51579.624    32.1412      1.324    7.18198     5.1643     5.1624    25.3915   12.86570 5.9327e+01      1.337 0.0000e+00
        205 108.580613    0.01417     0.8500     51.000  1025.3932  51571.094    32.1355      1.353    7.18203     5.1647     5.1637    25.3869   12.86586 5.8466e+01      1.366 0.0000e+00
        206 108.580616    0.01424     0.8542     51.250  1025.3882  51561.807    32.1293      1.367    7.18221     5.1647     5.1644    25.3818   12.86623 5.8037e+01      1.380 0.0000e+00
        207 108.580619    0.01431     0.8583     51.500  1025.3839  51553.916    32.1239      1.366    7.18240     5.1644     5.1648    25.3776   12.86662 5.8027e+01      1.379 0.0000e+00
        208 108.580622    0.01438     0.8625     51.750  1025.3812  51549.095    32.1206      1.353    7.18255     5.1638     5.1648    25.3749   12.86691 5.8400e+01      1.366 0.0000e+00
        209 108.580625    0.01444     0.8667     52.000  1025.3805  51547.959    32.1198      1.332    7.18265     5.1631     5.1645    25.3743   12.86708 5.9075e+01      1.344 0.0000e+00
        210 108.580628    0.01451     0.8708     52.250  1025.3816  51550.101    32.1212      1.308    7.18269     5.1627     5.1639    25.3754   12.86714 5.9970e+01      1.321 0.0000e+00
        211 108.580631    0.01458     0.8750     52.500  1025.3832  51553.385    32.1233      1.287    7.18270     5.1623     5.1632    25.3772   12.86712 6.0853e+01      1.299 0.0000e+00
        212 108.580634    0.01465     0.8792     52.750  1025.3840  51555.005    32.1243      1.267    7.18273     5.1620     5.1628    25.3781   12.86715 6.1361e+01      1.278 0.0000e+00
        213 108.580637    0.01472     0.8833     53.000  1025.3833  51553.950    32.1235      1.244    7.18283     5.1618     5.1624    25.3775   12.86732 6.1348e+01      1.255 0.0000e+00
        214 108.580639    0.01479     0.8875     53.250  1025.3818  51551.552    32.1218      1.216    7.18296     5.1618     5.1621    25.3762   12.86757 6.0860e+01      1.227 0.0000e+00
        215 108.580642    0.01486     0.8917     53.500  1025.3810  51550.235    32.1209      1.183    7.18304     5.1620     5.1619    25.3754   12.86772 6.0149e+01      1.193 0.0000e+00
        216 108.580645    0.01493     0.8958     53.750  1025.3818  51552.068    32.1221      1.147    7.18298     5.1624     5.1619    25.3764   12.86760 5.9714e+01      1.158 0.0000e+00
        217 108.580648    0.01500     0.9000     54.000  1025.3849  51557.952    32.1263      1.116    7.18274     5.1630     5.1621    25.3797   12.86716 5.9963e+01      1.126 0.0000e+00
        218 108.580651    0.01507     0.9042     54.250  1025.3897  51566.697    32.1324      1.098    7.18239     5.1637     5.1625    25.3845   12.86649 6.0619e+01      1.109 0.0000e+00
        219 108.580654    0.01514     0.9083     54.500  1025.3944  51575.226    32.1384      1.101    7.18201     5.1646     5.1630    25.3892   12.86578 6.1190e+01      1.111 0.0000e+00
        220 108.580657    0.01521     0.9125     54.750  1025.3977  51581.135    32.1426      1.125    7.18168     5.1656     5.1638    25.3924   12.86519 6.1656e+01      1.135 0.0000e+00
        221 108.580660    0.01528     0.9167     55.000  1025.3994  51583.842    32.1447      1.162    7.18143     5.1666     5.1647    25.3939   12.86475 6.1589e+01      1.172 0.0000e+00
        222 108.580663    0.01535     0.9208     55.250  1025.3995  51583.610    32.1447      1.202    7.18126     5.1674     5.1657    25.3939   12.86446 6.0362e+01      1.213 0.0000e+00
        223 108.580666    0.01542     0.9250     55.500  1025.3982  51580.913    32.1430      1.238    7.18117     5.1679     5.1667    25.3924   12.86434 5.8281e+01      1.249 0.0000e+00
        224 108.580668    0.01549     0.9292     55.750  1025.3958  51576.251    32.1400      1.261    7.18118     5.1682     5.1675    25.3899   12.86439 5.6321e+01      1.273 0.0000e+00
        225 108.580671    0.01556     0.9333     56.000  1025.3928  51570.475    32.1361      1.269    7.18127     5.1684     5.1680    25.3868   12.86460 5.5215e+01      1.280 0.0000e+00
        226 108.580674    0.01563     0.9375     56.250  1025.3898  51565.185    32.1325      1.259    7.18139     5.1685     5.1683    25.3840   12.86484 5.5154e+01      1.271 0.0000e+00
        227 108.580677    0.01569     0.9417     56.500  1025.3881  51562.137    32.1305      1.234    7.18147     5.1685     5.1685    25.3823   12.86499 5.6114e+01      1.246 0.0000e+00
        228 108.580680    0.01576     0.9458     56.750  1025.3880  51562.285    32.1306      1.199    7.18144     5.1686     5.1686    25.3824   12.86494 5.7819e+01      1.210 0.0000e+00
        229 108.580683    0.01583     0.9500     57.000  1025.3894  51565.079    32.1326      1.158    7.18134     5.1687     5.1686    25.3840   12.86474 5.9669e+01      1.169 0.0000e+00
        230 108.580686    0.01590     0.9542     57.250  1025.3913  51568.846    32.1352      1.117    7.18119     5.1689     5.1687    25.3860   12.86448 6.1075e+01      1.128 0.0000e+00
        231 108.580689    0.01597     0.9583     57.500  1025.3930  51572.213    32.1376      1.079    7.18105     5.1691     5.1688    25.3879   12.86422 6.1736e+01      1.090 0.0000e+00
        232 108.580692    0.01604     0.9625     57.750  1025.3942  51574.659    32.1393      1.047    7.18093     5.1693     5.1690    25.3893   12.86400 6.1751e+01      1.057 0.0000e+00
        233 108.580694    0.01611     0.9667     58.000  1025.3949  51576.232    32.1405      1.021    7.18085     5.1694     5.1692    25.3901   12.86384 6.1762e+01      1.031 0.0000e+00
        234 108.580697    0.01618     0.9708     58.250  1025.3954  51577.152    32.1411      1.001    7.18079     5.1695     5.1694    25.3907   12.86373 6.2570e+01      1.011 0.0000e+00
        235 108.580700    0.01625     0.9750     58.500  1025.3955  51577.576    32.1415      0.986    7.18075     5.1697     5.1695    25.3909   12.86367 6.4347e+01      0.996 0.0000e+00
        236 108.580703    0.01632     0.9792     58.750  1025.3955  51577.577    32.1415      0.976    7.18073     5.1698     5.1696    25.3909   12.86363 6.6325e+01      0.986 0.0000e+00
        237 108.580706    0.01639     0.9833     59.000  1025.3953  51577.239    32.1413      0.970    7.18072     5.1699     5.1697    25.3907   12.86362 6.7101e+01      0.979 0.0000e+00
        238 108.580709    0.01646     0.9875     59.250  1025.3950  51576.748    32.1410      0.966    7.18072     5.1700     5.1699    25.3905   12.86361 6.6103e+01      0.975 0.0000e+00
        239 108.580712    0.01653     0.9917     59.500  1025.3948  51576.376    32.1407      0.965    7.18071     5.1700     5.1700    25.3903   12.86361 6.4254e+01      0.974 0.0000e+00
        240 108.580715    0.01660     0.9958     59.750  1025.3949  51576.486    32.1408      0.968    7.18070     5.1701     5.1701    25.3904   12.86358 6.2794e+01      0.977 0.0000e+00
        241 108.580718    0.01667     1.0000     60.000  1025.3953  51577.242    32.1414      0.976    7.18066     5.1700     5.1701    25.3908   12.86351 6.2254e+01      0.985 0.0000e+00
        242 108.580720    0.01674     1.0042     60.250  1025.3960  51578.301    32.1421      0.990    7.18062     5.1699     5.1702    25.3913   12.86343 6.2165e+01      0.999 0.0000e+00
        243 108.580723    0.01681     1.0083     60.500  1025.3965  51579.171    32.1427      1.008    7.18059     5.1696     5.1701    25.3918   12.86338 6.2017e+01      1.017 0.0000e+00
        244 108.580726    0.01688     1.0125     60.750  1025.3968  51579.610    32.1430      1.024    7.18060     5.1693     5.1700    25.3920   12.86340 6.1842e+01      1.034 0.0000e+00
        245 108.580729    0.01694     1.0167     61.000  1025.3968  51579.498    32.1428      1.035    7.18065     5.1688     5.1697    25.3920   12.86348 6.1609e+01      1.045 0.0000e+00
        246 108.580732    0.01701     1.0208     61.250  1025.3964  51578.739    32.1422      1.041    7.18074     5.1683     5.1694    25.3915   12.86364 6.1297e+01      1.051 0.0000e+00
        247 108.580735    0.01708     1.0250     61.500  1025.3956  51577.320    32.1412      1.041    7.18087     5.1677     5.1689    25.3907   12.86387 6.1056e+01      1.051 0.0000e+00
        248 108.580738    0.01715     1.0292     61.750  1025.3944  51575.285    32.1396      1.033    7.18104     5.1671     5.1684    25.3896   12.86416 6.1044e+01      1.042 0.0000e+00
        249 108.580741    0.01722     1.0333     62.000  1025.3928  51572.654    32.1377      1.016    7.18123     5.1665     5.1678    25.3881   12.86450 6.1543e+01      1.025 0.0000e+00
        250 108.580744    0.01729     1.0375     62.250  1025.3908  51569.234    32.1352      0.992    7.18145     5.1659     5.1672    25.3862   12.86490 6.2751e+01      1.001 0.0000e+00
        251 108.580747    0.01736     1.0417     62.500  1025.3884  51565.089    32.1322      0.961    7.18170     5.1653     5.1665    25.3839   12.86535 6.4431e+01      0.969 0.0000e+00
        252 108.580749    0.01743     1.0458     62.750  1025.3861  51561.259    32.1295      0.922    7.18193     5.1647     5.1659    25.3818   12.86577 6.6077e+01      0.931 0.0000e+00
        253 108.580752    0.01750     1.0500     63.000  1025.3847  51559.037    32.1279      0.878    7.18211     5.1639     5.1654    25.3806   12.86609 6.7540e+01      0.885 0.0000e+00
        254 108.580755    0.01757     1.0542     63.250  1025.3846  51559.438    32.1280      0.828    7.18222     5.1632     5.1647    25.3808   12.86627 6.8944e+01      0.836 0.0000e+00
        255 108.580758    0.01764     1.0583     63.500  1025.3865  51563.381    32.1306      0.777    7.18224     5.1631     5.1639    25.3829   12.86626 7.0826e+01      0.784 0.0000e+00
