CTD-processing/allCTD/CNV--homogene/2017_08-24_alongbay_skb09_cast005.cnv
* Sea-Bird SBE19plus Data File:
* FileName = C:\Users\Kim.Powell\Desktop\Not Processed\2017\2017_08\2017_08-24_TRANSECT_STATION_cast005.hex
* Software Version 1.59
* Temperature SN =  4141
* Conductivity SN =  4141
* System UpLoad Time = Sep 22 2017 08:22:40
** 2017_08-24
** Station: KB09
** Start Time: 14:55
** Depth (m): 68
** Comment: Edgecumbe
** Comment:
# nquan = 17
# nvalues = 616                         
# units = specified
# name 0 = scan: Scan Count
# name 1 = timeJ: Julian Days
# name 2 = timeH: Time, Elapsed [hours]
# name 3 = timeM: Time, Elapsed [minutes]
# name 4 = timeS: Time, Elapsed [seconds]
# name 5 = density00: Density [density, kg/m^3]
# name 6 = specc: Specific Conductance [uS/cm]
# name 7 = sal00: Salinity, Practical [PSU]
# name 8 = depSM: Depth [salt water, m], lat = 59.00
# name 9 = oxsolML/L: Oxygen Saturation, Garcia & Gordon [ml/l]
# name 10 = potemp090C: Potential Temperature [ITS-90, deg C]
# name 11 = tv290C: Temperature [ITS-90, deg C]
# name 12 = sigma-é00: Density [sigma-theta, kg/m^3]
# name 13 = n2satML/L: Nitrogen Saturation [ml/l]
# name 14 = par: PAR/Irradiance, Biospherical/Licor
# name 15 = prdM: Pressure, Strain Gauge [db]
# name 16 = flag:  0.000e+00
# span 0 =          1,        616       
# span 1 = 236.622083, 236.623863       
# span 2 =    0.00000,    0.04271       
# span 3 =     0.0000,     2.5625       
# span 4 =      0.000,    153.750       
# span 5 =  1021.7466,  1024.4712       
# span 6 =  45175.579,  49438.961       
# span 7 =    28.6152,    31.3939       
# span 8 =      0.482,     61.276       
# span 9 =    6.37346,    6.50810       
# span 10 =     9.6723,    11.3539      
# span 11 =     9.6789,    11.3806      
# span 12 =    21.7444,    24.1906      
# span 13 =   11.56028,   11.76080      
# span 14 = 5.1135e-02, 1.2099e+02      
# span 15 =      0.486,     61.864      
# span 16 = 0.0000e+00, 0.0000e+00      
# interval = seconds: 0.25
# start_time = Aug 24 2017 14:55:48 [Instrument's time stamp, header]
# bad_flag = -9.990e-29
*END*
[from data line 256]
        257 236.622824    0.01778     1.0667     64.000  1021.7845  45231.274    28.6472      0.657    6.39247    11.3089    11.3087    21.7815   11.60189 1.1728e+02      0.663 0.0000e+00
        258 236.622827    0.01785     1.0708     64.250  1021.7845  45231.111    28.6471      0.666    6.39246    11.3090    11.3088    21.7814   11.60187 1.1712e+02      0.673 0.0000e+00
        259 236.622830    0.01792     1.0750     64.500  1021.7844  45230.978    28.6470      0.672    6.39245    11.3090    11.3090    21.7813   11.60185 1.1590e+02      0.678 0.0000e+00
        260 236.622833    0.01799     1.0792     64.750  1021.7844  45230.957    28.6470      0.671    6.39243    11.3091    11.3091    21.7813   11.60183 1.1422e+02      0.678 0.0000e+00
        261 236.622836    0.01806     1.0833     65.000  1021.7843  45230.946    28.6470      0.664    6.39242    11.3092    11.3091    21.7813   11.60181 1.1287e+02      0.671 0.0000e+00
        262 236.622839    0.01812     1.0875     65.250  1021.7842  45230.846    28.6469      0.654    6.39242    11.3092    11.3092    21.7812   11.60180 1.1235e+02      0.660 0.0000e+00
        263 236.622841    0.01819     1.0917     65.500  1021.7840  45230.687    28.6468      0.644    6.39241    11.3092    11.3093    21.7811   11.60179 1.1277e+02      0.650 0.0000e+00
        264 236.622844    0.01826     1.0958     65.750  1021.7839  45230.543    28.6467      0.638    6.39241    11.3091    11.3093    21.7811   11.60179 1.1357e+02      0.644 0.0000e+00
        265 236.622847    0.01833     1.1000     66.000  1021.7839  45230.387    28.6466      0.641    6.39242    11.3090    11.3093    21.7810   11.60181 1.1411e+02      0.647 0.0000e+00
        266 236.622850    0.01840     1.1042     66.250  1021.7838  45230.211    28.6465      0.650    6.39243    11.3088    11.3092    21.7809   11.60184 1.1437e+02      0.656 0.0000e+00
        267 236.622853    0.01847     1.1083     66.500  1021.7838  45230.078    28.6464      0.662    6.39246    11.3086    11.3090    21.7808   11.60188 1.1372e+02      0.668 0.0000e+00
        268 236.622856    0.01854     1.1125     66.750  1021.7839  45230.068    28.6464      0.670    6.39249    11.3084    11.3088    21.7808   11.60192 1.1228e+02      0.677 0.0000e+00
        269 236.622859    0.01861     1.1167     67.000  1021.7840  45230.233    28.6465      0.671    6.39251    11.3084    11.3087    21.7809   11.60196 1.1164e+02      0.677 0.0000e+00
        270 236.622862    0.01868     1.1208     67.250  1021.7841  45230.490    28.6466      0.665    6.39251    11.3085    11.3085    21.7811   11.60197 1.1211e+02      0.671 0.0000e+00
        271 236.622865    0.01875     1.1250     67.500  1021.7842  45230.672    28.6467      0.656    6.39251    11.3085    11.3085    21.7812   11.60197 1.1288e+02      0.662 0.0000e+00
        272 236.622867    0.01882     1.1292     67.750  1021.7842  45230.670    28.6467      0.649    6.39251    11.3086    11.3085    21.7812   11.60196 1.1321e+02      0.655 0.0000e+00
        273 236.622870    0.01889     1.1333     68.000  1021.7841  45230.509    28.6466      0.646    6.39250    11.3086    11.3086    21.7811   11.60196 1.1285e+02      0.652 0.0000e+00
        274 236.622873    0.01896     1.1375     68.250  1021.7840  45230.334    28.6465      0.648    6.39250    11.3085    11.3086    21.7810   11.60196 1.1231e+02      0.654 0.0000e+00
        275 236.622876    0.01903     1.1417     68.500  1021.7839  45230.269    28.6465      0.653    6.39251    11.3083    11.3086    21.7810   11.60196 1.1222e+02      0.659 0.0000e+00
        276 236.622879    0.01910     1.1458     68.750  1021.7840  45230.333    28.6465      0.659    6.39252    11.3082    11.3086    21.7810   11.60198 1.1267e+02      0.665 0.0000e+00
        277 236.622882    0.01917     1.1500     69.000  1021.7842  45230.517    28.6466      0.666    6.39253    11.3081    11.3084    21.7811   11.60200 1.1309e+02      0.672 0.0000e+00
        278 236.622885    0.01924     1.1542     69.250  1021.7843  45230.766    28.6468      0.672    6.39254    11.3080    11.3083    21.7813   11.60202 1.1345e+02      0.678 0.0000e+00
        279 236.622888    0.01931     1.1583     69.500  1021.7845  45231.010    28.6469      0.674    6.39255    11.3080    11.3082    21.7814   11.60203 1.1382e+02      0.681 0.0000e+00
        280 236.622891    0.01938     1.1625     69.750  1021.7846  45231.259    28.6471      0.674    6.39255    11.3080    11.3081    21.7815   11.60203 1.1375e+02      0.681 0.0000e+00
        281 236.622894    0.01944     1.1667     70.000  1021.7848  45231.474    28.6473      0.672    6.39255    11.3081    11.3081    21.7817   11.60202 1.1330e+02      0.679 0.0000e+00
        282 236.622896    0.01951     1.1708     70.250  1021.7848  45231.569    28.6473      0.671    6.39255    11.3081    11.3081    21.7817   11.60202 1.1251e+02      0.677 0.0000e+00
        283 236.622899    0.01958     1.1750     70.500  1021.7848  45231.545    28.6473      0.670    6.39255    11.3082    11.3081    21.7817   11.60201 1.1141e+02      0.677 0.0000e+00
        284 236.622902    0.01965     1.1792     70.750  1021.7847  45231.435    28.6473      0.672    6.39254    11.3082    11.3082    21.7816   11.60201 1.1068e+02      0.678 0.0000e+00
        285 236.622905    0.01972     1.1833     71.000  1021.7846  45231.271    28.6472      0.676    6.39254    11.3081    11.3082    21.7815   11.60201 1.1056e+02      0.683 0.0000e+00
        286 236.622908    0.01979     1.1875     71.250  1021.7846  45231.139    28.6471      0.684    6.39254    11.3081    11.3083    21.7815   11.60201 1.1099e+02      0.691 0.0000e+00
        287 236.622911    0.01986     1.1917     71.500  1021.7846  45231.083    28.6471      0.699    6.39254    11.3081    11.3083    21.7814   11.60201 1.1158e+02      0.706 0.0000e+00
        288 236.622914    0.01993     1.1958     71.750  1021.7847  45231.065    28.6470      0.724    6.39255    11.3080    11.3082    21.7814   11.60202 1.1055e+02      0.731 0.0000e+00
        289 236.622917    0.02000     1.2000     72.000  1021.7849  45231.022    28.6470      0.765    6.39256    11.3078    11.3082    21.7814   11.60204 1.0705e+02      0.773 0.0000e+00
        290 236.622920    0.02007     1.2042     72.250  1021.7851  45230.935    28.6469      0.832    6.39258    11.3074    11.3081    21.7813   11.60207 1.0150e+02      0.840 0.0000e+00
        291 236.622922    0.02014     1.2083     72.500  1021.7855  45230.814    28.6467      0.932    6.39261    11.3069    11.3079    21.7813   11.60212 9.4172e+01      0.940 0.0000e+00
        292 236.622925    0.02021     1.2125     72.750  1021.7861  45230.777    28.6466      1.062    6.39266    11.3063    11.3075    21.7812   11.60221 8.6491e+01      1.071 0.0000e+00
        293 236.622928    0.02028     1.2167     73.000  1021.7869  45231.079    28.6467      1.212    6.39272    11.3056    11.3070    21.7814   11.60231 7.9501e+01      1.223 0.0000e+00
        294 236.622931    0.02035     1.2208     73.250  1021.7882  45231.929    28.6472      1.375    6.39279    11.3050    11.3064    21.7819   11.60241 7.2879e+01      1.388 0.0000e+00
        295 236.622934    0.02042     1.2250     73.500  1021.7899  45233.568    28.6482      1.551    6.39283    11.3044    11.3058    21.7828   11.60248 6.6348e+01      1.566 0.0000e+00
        296 236.622937    0.02049     1.2292     73.750  1021.7921  45236.143    28.6499      1.741    6.39285    11.3035    11.3052    21.7842   11.60249 5.9938e+01      1.757 0.0000e+00
        297 236.622940    0.02056     1.2333     74.000  1021.7950  45239.740    28.6522      1.944    6.39283    11.3022    11.3046    21.7862   11.60244 5.3936e+01      1.962 0.0000e+00
        298 236.622943    0.02063     1.2375     74.250  1021.7989  45245.107    28.6558      2.152    6.39280    11.3001    11.3038    21.7891   11.60234 4.8630e+01      2.172 0.0000e+00
        299 236.622946    0.02069     1.2417     74.500  1021.8046  45253.768    28.6617      2.356    6.39274    11.2967    11.3025    21.7939   11.60217 4.4091e+01      2.379 0.0000e+00
        300 236.622948    0.02076     1.2458     74.750  1021.8134  45267.982    28.6714      2.551    6.39264    11.2922    11.3003    21.8018   11.60189 4.0252e+01      2.575 0.0000e+00
        301 236.622951    0.02083     1.2500     75.000  1021.8265  45289.903    28.6864      2.737    6.39250    11.2872    11.2970    21.8140   11.60146 3.6965e+01      2.763 0.0000e+00
        302 236.622954    0.02090     1.2542     75.250  1021.8430  45317.997    28.7056      2.922    6.39234    11.2826    11.2925    21.8296   11.60097 3.4009e+01      2.949 0.0000e+00
        303 236.622957    0.02097     1.2583     75.500  1021.8609  45348.615    28.7265      3.114    6.39216    11.2787    11.2876    21.8467   11.60043 3.1191e+01      3.143 0.0000e+00
        304 236.622960    0.02104     1.2625     75.750  1021.8800  45381.248    28.7488      3.320    6.39189    11.2753    11.2831    21.8648   11.59971 2.8461e+01      3.351 0.0000e+00
        305 236.622963    0.02111     1.2667     76.000  1021.9010  45417.324    28.7737      3.537    6.39142    11.2728    11.2791    21.8848   11.59865 2.5896e+01      3.571 0.0000e+00
        306 236.622966    0.02118     1.2708     76.250  1021.9238  45457.039    28.8011      3.755    6.39077    11.2713    11.2758    21.9067   11.59723 2.3611e+01      3.791 0.0000e+00
        307 236.622969    0.02125     1.2750     76.500  1021.9477  45498.729    28.8300      3.962    6.38994    11.2710    11.2732    21.9296   11.59552 2.1678e+01      3.999 0.0000e+00
        308 236.622972    0.02132     1.2792     76.750  1021.9723  45542.176    28.8603      4.152    6.38891    11.2711    11.2718    21.9533   11.59345 2.0075e+01      4.191 0.0000e+00
        309 236.622975    0.02139     1.2833     77.000  1022.0000  45591.561    28.8949      4.328    6.38756    11.2707    11.2715    21.9802   11.59079 1.8698e+01      4.369 0.0000e+00
        310 236.622977    0.02146     1.2875     77.250  1022.0348  45654.084    28.9387      4.504    6.38577    11.2679    11.2717    22.0143   11.58729 1.7424e+01      4.547 0.0000e+00
        311 236.622980    0.02153     1.2917     77.500  1022.0810  45737.243    28.9970      4.692    6.38346    11.2595    11.2713    22.0596   11.58277 1.6189e+01      4.736 0.0000e+00
        312 236.622983    0.02160     1.2958     77.750  1022.1430  45848.797    29.0750      4.897    6.38070    11.2415    11.2684    22.1206   11.57725 1.4989e+01      4.944 0.0000e+00
        313 236.622986    0.02167     1.3000     78.000  1022.2254  45996.676    29.1780      5.117    6.37767    11.2097    11.2601    22.2020   11.57101 1.3868e+01      5.165 0.0000e+00
        314 236.622989    0.02174     1.3042     78.250  1022.3296  46182.955    29.3070      5.339    6.37493    11.1640    11.2421    22.3053   11.56493 1.2880e+01      5.389 0.0000e+00
        315 236.622992    0.02181     1.3083     78.500  1022.4479  46392.487    29.4510      5.552    6.37346    11.1106    11.2104    22.4226   11.56078 1.2051e+01      5.604 0.0000e+00
        316 236.622995    0.02187     1.3125     78.750  1022.5639  46595.681    29.5891      5.748    6.37415    11.0582    11.1647    22.5377   11.56028 1.1369e+01      5.802 0.0000e+00
        317 236.622998    0.02194     1.3167     79.000  1022.6659  46771.944    29.7075      5.929    6.37669    11.0127    11.1112    22.6388   11.56310 1.0789e+01      5.985 0.0000e+00
        318 236.623001    0.02201     1.3208     79.250  1022.7511  46917.875    29.8046      6.104    6.37995    10.9753    11.0589    22.7232   11.56734 1.0261e+01      6.161 0.0000e+00
        319 236.623003    0.02208     1.3250     79.500  1022.8215  47037.726    29.8841      6.284    6.38298    10.9449    11.0134    22.7927   11.57143 9.7541e+00      6.343 0.0000e+00
        320 236.623006    0.02215     1.3292     79.750  1022.8794  47136.128    29.9493      6.476    6.38548    10.9199    10.9761    22.8498   11.57480 9.2575e+00      6.537 0.0000e+00
        321 236.623009    0.02222     1.3333     80.000  1022.9265  47215.710    30.0020      6.683    6.38752    10.8989    10.9457    22.8960   11.57756 8.7758e+00      6.746 0.0000e+00
        322 236.623012    0.02229     1.3375     80.250  1022.9648  47280.046    30.0445      6.899    6.38924    10.8808    10.9207    22.9333   11.57991 8.3215e+00      6.964 0.0000e+00
        323 236.623015    0.02236     1.3417     80.500  1022.9972  47334.182    30.0803      7.115    6.39068    10.8645    10.8997    22.9647   11.58187 7.9058e+00      7.182 0.0000e+00
        324 236.623018    0.02243     1.3458     80.750  1023.0259  47382.134    30.1120      7.322    6.39188    10.8490    10.8816    22.9925   11.58350 7.5315e+00      7.391 0.0000e+00
        325 236.623021    0.02250     1.3500     81.000  1023.0528  47427.256    30.1419      7.517    6.39291    10.8337    10.8653    23.0185   11.58486 7.1933e+00      7.588 0.0000e+00
        326 236.623024    0.02257     1.3542     81.250  1023.0792  47471.657    30.1714      7.703    6.39385    10.8185    10.8498    23.0441   11.58606 6.8824e+00      7.776 0.0000e+00
        327 236.623027    0.02264     1.3583     81.500  1023.1050  47515.006    30.2002      7.884    6.39479    10.8034    10.8346    23.0691   11.58727 6.5880e+00      7.959 0.0000e+00
        328 236.623030    0.02271     1.3625     81.750  1023.1301  47556.908    30.2280      8.068    6.39576    10.7884    10.8194    23.0933   11.58854 6.2986e+00      8.144 0.0000e+00
        329 236.623032    0.02278     1.3667     82.000  1023.1545  47597.657    30.2550      8.261    6.39674    10.7737    10.8044    23.1168   11.58986 6.0104e+00      8.339 0.0000e+00
        330 236.623035    0.02285     1.3708     82.250  1023.1784  47637.399    30.2813      8.463    6.39774    10.7594    10.7894    23.1398   11.59120 5.7262e+00      8.543 0.0000e+00
        331 236.623038    0.02292     1.3750     82.500  1023.2019  47676.351    30.3070      8.672    6.39873    10.7456    10.7748    23.1623   11.59252 5.4515e+00      8.754 0.0000e+00
        332 236.623041    0.02299     1.3792     82.750  1023.2249  47714.615    30.3323      8.881    6.39967    10.7321    10.7605    23.1844   11.59379 5.1919e+00      8.965 0.0000e+00
        333 236.623044    0.02306     1.3833     83.000  1023.2474  47752.075    30.3571      9.085    6.40058    10.7191    10.7466    23.2060   11.59501 4.9517e+00      9.170 0.0000e+00
        334 236.623047    0.02313     1.3875     83.250  1023.2695  47788.833    30.3814      9.280    6.40145    10.7066    10.7332    23.2272   11.59616 4.7302e+00      9.368 0.0000e+00
        335 236.623050    0.02319     1.3917     83.500  1023.2914  47825.308    30.4056      9.470    6.40226    10.6943    10.7202    23.2482   11.59722 4.5218e+00      9.559 0.0000e+00
        336 236.623053    0.02326     1.3958     83.750  1023.3135  47862.275    30.4302      9.658    6.40300    10.6820    10.7077    23.2694   11.59815 4.3213e+00      9.749 0.0000e+00
        337 236.623056    0.02333     1.4000     84.000  1023.3364  47900.677    30.4558      9.848    6.40364    10.6691    10.6955    23.2914   11.59891 4.1263e+00      9.941 0.0000e+00
        338 236.623058    0.02340     1.4042     84.250  1023.3605  47941.426    30.4830     10.042    6.40423    10.6547    10.6832    23.3147   11.59957 3.9373e+00     10.137 0.0000e+00
        339 236.623061    0.02347     1.4083     84.500  1023.3868  47985.938    30.5129     10.240    6.40481    10.6385    10.6702    23.3401   11.60018 3.7563e+00     10.337 0.0000e+00
        340 236.623064    0.02354     1.4125     84.750  1023.4156  48034.671    30.5455     10.438    6.40547    10.6206    10.6559    23.3679   11.60088 3.5860e+00     10.537 0.0000e+00
