CTD-processing/allCTD/CNV--homogene/2017_04-20_t4_s07_cast141.cnv
* Sea-Bird SBE19plus Data File:
* FileName = P:\My Documents\kasitsna\Research-KBL\Oceanography-AK\CTD-Data-ALL-to-2017-02\2017-CTD-KachemakBay-CookInlet\2017-04-20-CookInlet-Tran4-Barabara\2017-04-20-CookInlet-Tran4-cast141.hex
* Software Version 1.59
* Temperature SN =  4141
* Conductivity SN =  4141
* System UpLoad Time = Apr 24 2017 16:25:37
** Cook Inlet LTM Transect 4 Barabara north to south
** Date: 2017-04-20
** Station: (eg. 9-01): 4-07
** Start time (AKDT): 14:06
** Depth (m): 34.7
** Comment: R/V Alaska Dreamcatcher
** Comment: lots of diatoms in the water
# nquan = 17
# nvalues = 357                         
# units = specified
# name 0 = scan: Scan Count
# name 1 = timeJ: Julian Days
# name 2 = timeH: Time, Elapsed [hours]
# name 3 = timeM: Time, Elapsed [minutes]
# name 4 = timeS: Time, Elapsed [seconds]
# name 5 = density00: Density [density, kg/m^3]
# name 6 = specc: Specific Conductance [uS/cm]
# name 7 = sal00: Salinity, Practical [PSU]
# name 8 = depSM: Depth [salt water, m], lat = 59.00
# name 9 = oxsolML/L: Oxygen Saturation, Garcia & Gordon [ml/l]
# name 10 = potemp090C: Potential Temperature [ITS-90, deg C]
# name 11 = tv290C: Temperature [ITS-90, deg C]
# name 12 = sigma-é00: Density [sigma-theta, kg/m^3]
# name 13 = n2satML/L: Nitrogen Saturation [ml/l]
# name 14 = par: PAR/Irradiance, Biospherical/Licor
# name 15 = prdM: Pressure, Strain Gauge [db]
# name 16 = flag:  0.000e+00
# span 0 =          1,        357       
# span 1 = 110.587859, 110.588889       
# span 2 =    0.00000,    0.02472       
# span 3 =     0.0000,     1.4833       
# span 4 =      0.000,     89.000       
# span 5 =  1000.2114,  1025.5434       
# span 6 =    676.646,  51680.691       
# span 7 =     0.3191,    32.0262       
# span 8 =      0.048,     34.727       
# span 9 =    7.05352,    8.79103       
# span 10 =     4.4139,     5.9881      
# span 11 =     4.4162,     5.9882      
# span 12 =     0.2111,    25.3800      
# span 13 =   12.65639,   16.00633      
# span 14 = 1.5286e-01, 2.5338e+03      
# span 15 =      0.049,     35.057      
# span 16 = 0.0000e+00, 0.0000e+00      
# interval = seconds: 0.25
# start_time = Apr 20 2017 14:06:31 [Instrument's time stamp, header]
# bad_flag = -9.990e-29
*END*
[from data line 171]
        172 110.588354    0.01188     0.7125     42.750  1025.0859  50942.567    31.8578      1.221    7.06792     5.9169     5.9182    25.0803   12.68095 9.0572e+02      1.232 0.0000e+00
        173 110.588356    0.01194     0.7167     43.000  1025.0507  50878.065    31.8131      1.224    7.07012     5.9163     5.9176    25.0451   12.68514 9.0176e+02      1.235 0.0000e+00
        174 110.588359    0.01201     0.7208     43.250  1024.9918  50770.280    31.7384      1.226    7.07372     5.9158     5.9170    24.9862   12.69205 9.0442e+02      1.238 0.0000e+00
        175 110.588362    0.01208     0.7250     43.500  1024.9043  50610.007    31.6275      1.228    7.07904     5.9154     5.9164    24.8986   12.70225 8.6869e+02      1.239 0.0000e+00
        176 110.588365    0.01215     0.7292     43.750  1024.8127  50442.207    31.5114      1.228    7.08459     5.9152     5.9159    24.8070   12.71290 7.9854e+02      1.240 0.0000e+00
        177 110.588368    0.01222     0.7333     44.000  1024.7435  50315.419    31.4237      1.228    7.08878     5.9149     5.9155    24.7377   12.72093 7.2217e+02      1.240 0.0000e+00
        178 110.588371    0.01229     0.7375     44.250  1024.6923  50221.681    31.3588      1.228    7.09187     5.9146     5.9153    24.6866   12.72686 6.6328e+02      1.240 0.0000e+00
        179 110.588374    0.01236     0.7417     44.500  1024.6583  50159.378    31.3157      1.229    7.09394     5.9141     5.9150    24.6526   12.73082 6.3693e+02      1.240 0.0000e+00
        180 110.588377    0.01243     0.7458     44.750  1024.6447  50134.404    31.2984      1.231    7.09480     5.9134     5.9147    24.6389   12.73247 6.2853e+02      1.242 0.0000e+00
        181 110.588380    0.01250     0.7500     45.000  1024.6471  50138.800    31.3014      1.234    7.09475     5.9122     5.9142    24.6413   12.73234 6.2528e+02      1.245 0.0000e+00
        182 110.588383    0.01257     0.7542     45.250  1024.6644  50170.599    31.3232      1.239    7.09385     5.9108     5.9135    24.6587   12.73058 6.4126e+02      1.250 0.0000e+00
        183 110.588385    0.01264     0.7583     45.500  1024.6993  50234.427    31.3671      1.245    7.09198     5.9094     5.9123    24.6935   12.72693 6.9155e+02      1.257 0.0000e+00
        184 110.588388    0.01271     0.7625     45.750  1024.7603  50346.230    31.4441      1.252    7.08859     5.9082     5.9109    24.7544   12.72036 7.6798e+02      1.264 0.0000e+00
        185 110.588391    0.01278     0.7667     46.000  1024.8541  50518.066    31.5626      1.258    7.08325     5.9072     5.9095    24.8482   12.71004 8.4035e+02      1.270 0.0000e+00
        186 110.588394    0.01285     0.7708     46.250  1024.9585  50709.329    31.6946      1.263    7.07725     5.9065     5.9083    24.9526   12.69843 9.0765e+02      1.275 0.0000e+00
        187 110.588397    0.01292     0.7750     46.500  1025.0372  50853.620    31.7942      1.267    7.07273     5.9059     5.9073    25.0313   12.68970 9.6017e+02      1.279 0.0000e+00
        188 110.588400    0.01299     0.7792     46.750  1025.0844  50940.079    31.8538      1.268    7.07005     5.9056     5.9066    25.0785   12.68451 9.6633e+02      1.280 0.0000e+00
        189 110.588403    0.01306     0.7833     47.000  1025.1126  50991.723    31.8894      1.266    7.06846     5.9056     5.9060    25.1067   12.68144 9.2175e+02      1.278 0.0000e+00
        190 110.588406    0.01313     0.7875     47.250  1025.1293  51022.459    31.9106      1.263    7.06751     5.9059     5.9057    25.1234   12.67961 8.3816e+02      1.275 0.0000e+00
        191 110.588409    0.01319     0.7917     47.500  1025.1392  51040.625    31.9231      1.259    7.06693     5.9068     5.9057    25.1334   12.67849 7.6491e+02      1.271 0.0000e+00
        192 110.588411    0.01326     0.7958     47.750  1025.1449  51050.948    31.9303      1.256    7.06654     5.9087     5.9060    25.1390   12.67776 7.1312e+02      1.268 0.0000e+00
        193 110.588414    0.01333     0.8000     48.000  1025.1476  51055.908    31.9340      1.253    7.06623     5.9119     5.9069    25.1417   12.67719 6.5630e+02      1.265 0.0000e+00
        194 110.588417    0.01340     0.8042     48.250  1025.1481  51056.674    31.9349      1.251    7.06588     5.9167     5.9088    25.1422   12.67660 6.1526e+02      1.262 0.0000e+00
        195 110.588420    0.01347     0.8083     48.500  1025.1465  51053.662    31.9334      1.248    7.06540     5.9226     5.9120    25.1407   12.67583 6.1429e+02      1.260 0.0000e+00
        196 110.588423    0.01354     0.8125     48.750  1025.1432  51047.291    31.9300      1.246    7.06477     5.9289     5.9168    25.1374   12.67482 6.6840e+02      1.257 0.0000e+00
        197 110.588426    0.01361     0.8167     49.000  1025.1387  51038.648    31.9251      1.243    7.06401     5.9347     5.9227    25.1329   12.67363 7.7796e+02      1.255 0.0000e+00
        198 110.588429    0.01368     0.8208     49.250  1025.1337  51029.157    31.9198      1.240    7.06322     5.9396     5.9290    25.1279   12.67240 8.6381e+02      1.252 0.0000e+00
        199 110.588432    0.01375     0.8250     49.500  1025.1289  51019.901    31.9145      1.236    7.06250     5.9434     5.9348    25.1231   12.67127 8.6162e+02      1.248 0.0000e+00
        200 110.588435    0.01382     0.8292     49.750  1025.1245  51011.713    31.9098      1.231    7.06191     5.9465     5.9397    25.1188   12.67035 8.3626e+02      1.243 0.0000e+00
        201 110.588438    0.01389     0.8333     50.000  1025.1212  51005.332    31.9062      1.225    7.06144     5.9492     5.9435    25.1155   12.66963 8.4141e+02      1.236 0.0000e+00
        202 110.588440    0.01396     0.8375     50.250  1025.1189  51000.992    31.9038      1.220    7.06105     5.9518     5.9466    25.1132   12.66901 8.7934e+02      1.231 0.0000e+00
        203 110.588443    0.01403     0.8417     50.500  1025.1176  50998.540    31.9026      1.218    7.06065     5.9546     5.9493    25.1120   12.66837 9.5066e+02      1.229 0.0000e+00
        204 110.588446    0.01410     0.8458     50.750  1025.1175  50998.003    31.9028      1.221    7.06020     5.9576     5.9519    25.1118   12.66762 1.0158e+03      1.232 0.0000e+00
        205 110.588449    0.01417     0.8500     51.000  1025.1183  50999.256    31.9042      1.226    7.05968     5.9609     5.9547    25.1125   12.66674 1.0280e+03      1.237 0.0000e+00
        206 110.588452    0.01424     0.8542     51.250  1025.1194  51001.147    31.9061      1.231    7.05908     5.9642     5.9577    25.1137   12.66574 9.6866e+02      1.242 0.0000e+00
        207 110.588455    0.01431     0.8583     51.500  1025.1201  51002.152    31.9075      1.235    7.05847     5.9672     5.9610    25.1144   12.66471 8.7790e+02      1.246 0.0000e+00
        208 110.588458    0.01438     0.8625     51.750  1025.1202  51001.980    31.9080      1.238    7.05790     5.9697     5.9643    25.1144   12.66375 8.1902e+02      1.249 0.0000e+00
        209 110.588461    0.01444     0.8667     52.000  1025.1200  51001.397    31.9082      1.241    7.05741     5.9718     5.9673    25.1142   12.66293 7.9177e+02      1.252 0.0000e+00
        210 110.588464    0.01451     0.8708     52.250  1025.1198  51000.990    31.9084      1.244    7.05698     5.9738     5.9698    25.1140   12.66223 7.8754e+02      1.256 0.0000e+00
        211 110.588466    0.01458     0.8750     52.500  1025.1197  51000.545    31.9085      1.249    7.05662     5.9754     5.9719    25.1139   12.66163 8.1332e+02      1.260 0.0000e+00
        212 110.588469    0.01465     0.8792     52.750  1025.1189  50998.909    31.9078      1.254    7.05633     5.9766     5.9739    25.1130   12.66116 8.2164e+02      1.266 0.0000e+00
        213 110.588472    0.01472     0.8833     53.000  1025.1168  50994.878    31.9053      1.258    7.05618     5.9771     5.9755    25.1109   12.66094 7.9168e+02      1.270 0.0000e+00
        214 110.588475    0.01479     0.8875     53.250  1025.1136  50988.983    31.9014      1.259    7.05617     5.9771     5.9767    25.1077   12.66097 7.7075e+02      1.271 0.0000e+00
        215 110.588478    0.01486     0.8917     53.500  1025.1105  50983.417    31.8977      1.257    7.05625     5.9764     5.9772    25.1047   12.66116 7.5796e+02      1.269 0.0000e+00
        216 110.588481    0.01493     0.8958     53.750  1025.1086  50979.861    31.8952      1.252    7.05637     5.9752     5.9772    25.1027   12.66138 7.2992e+02      1.264 0.0000e+00
        217 110.588484    0.01500     0.9000     54.000  1025.1081  50978.983    31.8945      1.249    7.05651     5.9737     5.9765    25.1022   12.66163 7.1072e+02      1.260 0.0000e+00
        218 110.588487    0.01507     0.9042     54.250  1025.1089  50980.657    31.8954      1.248    7.05668     5.9724     5.9753    25.1031   12.66190 7.1281e+02      1.260 0.0000e+00
        219 110.588490    0.01514     0.9083     54.500  1025.1104  50983.354    31.8970      1.251    7.05685     5.9713     5.9738    25.1045   12.66216 7.1650e+02      1.263 0.0000e+00
        220 110.588492    0.01521     0.9125     54.750  1025.1113  50985.077    31.8979      1.257    7.05702     5.9699     5.9725    25.1054   12.66243 7.1145e+02      1.268 0.0000e+00
        221 110.588495    0.01528     0.9167     55.000  1025.1113  50985.070    31.8977      1.261    7.05722     5.9683     5.9714    25.1054   12.66277 7.1539e+02      1.273 0.0000e+00
        222 110.588498    0.01535     0.9208     55.250  1025.1108  50984.245    31.8968      1.263    7.05748     5.9661     5.9700    25.1049   12.66320 7.4243e+02      1.275 0.0000e+00
        223 110.588501    0.01542     0.9250     55.500  1025.1106  50984.116    31.8964      1.263    7.05778     5.9635     5.9684    25.1047   12.66370 7.9292e+02      1.275 0.0000e+00
        224 110.588504    0.01549     0.9292     55.750  1025.1114  50985.660    31.8971      1.263    7.05810     5.9608     5.9662    25.1055   12.66424 8.2726e+02      1.275 0.0000e+00
        225 110.588507    0.01556     0.9333     56.000  1025.1131  50988.994    31.8989      1.266    7.05845     5.9582     5.9636    25.1072   12.66479 8.0714e+02      1.278 0.0000e+00
        226 110.588510    0.01563     0.9375     56.250  1025.1153  50993.155    31.9012      1.271    7.05880     5.9559     5.9609    25.1094   12.66533 7.7499e+02      1.283 0.0000e+00
        227 110.588513    0.01569     0.9417     56.500  1025.1172  50996.777    31.9032      1.278    7.05913     5.9538     5.9583    25.1113   12.66585 7.5194e+02      1.290 0.0000e+00
        228 110.588516    0.01576     0.9458     56.750  1025.1186  50999.364    31.9045      1.284    7.05944     5.9518     5.9560    25.1126   12.66636 7.3270e+02      1.296 0.0000e+00
        229 110.588519    0.01583     0.9500     57.000  1025.1197  51001.544    31.9056      1.288    7.05974     5.9496     5.9539    25.1137   12.66683 7.3000e+02      1.300 0.0000e+00
        230 110.588521    0.01590     0.9542     57.250  1025.1211  51004.203    31.9071      1.289    7.06001     5.9474     5.9519    25.1151   12.66726 7.5280e+02      1.301 0.0000e+00
        231 110.588524    0.01597     0.9583     57.500  1025.1230  51007.815    31.9091      1.292    7.06027     5.9453     5.9497    25.1170   12.66766 7.8158e+02      1.305 0.0000e+00
        232 110.588527    0.01604     0.9625     57.750  1025.1255  51012.403    31.9119      1.300    7.06052     5.9437     5.9475    25.1195   12.66804 7.7829e+02      1.312 0.0000e+00
        233 110.588530    0.01611     0.9667     58.000  1025.1283  51017.486    31.9150      1.314    7.06072     5.9427     5.9454    25.1222   12.66833 7.7041e+02      1.327 0.0000e+00
        234 110.588533    0.01618     0.9708     58.250  1025.1311  51022.589    31.9182      1.336    7.06084     5.9424     5.9438    25.1249   12.66847 7.6616e+02      1.349 0.0000e+00
        235 110.588536    0.01625     0.9750     58.500  1025.1342  51028.088    31.9218      1.368    7.06083     5.9429     5.9428    25.1278   12.66842 7.3884e+02      1.382 0.0000e+00
        236 110.588539    0.01632     0.9792     58.750  1025.1384  51035.286    31.9266      1.420    7.06066     5.9450     5.9425    25.1317   12.66808 7.2369e+02      1.434 0.0000e+00
        237 110.588542    0.01639     0.9833     59.000  1025.1446  51045.972    31.9341      1.505    7.06022     5.9492     5.9430    25.1375   12.66726 7.1598e+02      1.519 0.0000e+00
        238 110.588545    0.01646     0.9875     59.250  1025.1532  51060.452    31.9445      1.638    7.05939     5.9554     5.9451    25.1455   12.66576 6.8016e+02      1.653 0.0000e+00
        239 110.588547    0.01653     0.9917     59.500  1025.1614  51073.747    31.9544      1.821    7.05822     5.9623     5.9493    25.1528   12.66371 6.3921e+02      1.838 0.0000e+00
        240 110.588550    0.01660     0.9958     59.750  1025.1655  51079.137    31.9593      2.042    7.05695     5.9678     5.9556    25.1559   12.66155 6.1315e+02      2.061 0.0000e+00
        241 110.588553    0.01667     1.0000     60.000  1025.1653  51076.384    31.9586      2.289    7.05585     5.9708     5.9624    25.1546   12.65973 5.9343e+02      2.311 0.0000e+00
        242 110.588556    0.01674     1.0042     60.250  1025.1628  51069.428    31.9548      2.556    7.05511     5.9706     5.9680    25.1509   12.65855 5.6149e+02      2.580 0.0000e+00
        243 110.588559    0.01681     1.0083     60.500  1025.1595  51061.005    31.9494      2.835    7.05486     5.9665     5.9710    25.1463   12.65821 5.0888e+02      2.862 0.0000e+00
        244 110.588562    0.01688     1.0125     60.750  1025.1559  51052.207    31.9431      3.120    7.05519     5.9579     5.9708    25.1413   12.65884 4.4606e+02      3.149 0.0000e+00
        245 110.588565    0.01694     1.0167     61.000  1025.1519  51042.895    31.9357      3.409    7.05621     5.9437     5.9668    25.1360   12.66062 3.8892e+02      3.441 0.0000e+00
        246 110.588568    0.01701     1.0208     61.250  1025.1471  51032.402    31.9266      3.705    7.05806     5.9220     5.9582    25.1298   12.66380 3.4597e+02      3.740 0.0000e+00
        247 110.588571    0.01708     1.0250     61.500  1025.1403  51018.654    31.9141      4.005    7.06100     5.8908     5.9440    25.1216   12.66881 3.1196e+02      4.043 0.0000e+00
        248 110.588573    0.01715     1.0292     61.750  1025.1311  51001.021    31.8975      4.305    7.06539     5.8508     5.9224    25.1111   12.67627 2.8322e+02      4.346 0.0000e+00
        249 110.588576    0.01722     1.0333     62.000  1025.1246  50989.033    31.8828      4.602    7.07129     5.8059     5.8911    25.1032   12.68620 2.6062e+02      4.646 0.0000e+00
        250 110.588579    0.01729     1.0375     62.250  1025.1268  50993.647    31.8778      4.895    7.07818     5.7565     5.8512    25.1040   12.69765 2.4193e+02      4.942 0.0000e+00
        251 110.588582    0.01736     1.0417     62.500  1025.1331  51006.225    31.8773      5.185    7.08570     5.6994     5.8063    25.1089   12.71008 2.2649e+02      5.234 0.0000e+00
        252 110.588585    0.01743     1.0458     62.750  1025.1352  51011.631    31.8710      5.475    7.09427     5.6353     5.7569    25.1097   12.72431 2.1285e+02      5.526 0.0000e+00
        253 110.588588    0.01750     1.0500     63.000  1025.1375  51018.134    31.8637      5.763    7.10419     5.5697     5.6999    25.1106   12.74078 1.9790e+02      5.818 0.0000e+00
        254 110.588591    0.01757     1.0542     63.250  1025.1494  51042.920    31.8676      6.050    7.11479     5.5087     5.6357    25.1211   12.75824 1.8240e+02      6.107 0.0000e+00
        255 110.588594    0.01764     1.0583     63.500  1025.1708  51085.386    31.8834      6.334    7.12508     5.4553     5.5701    25.1411   12.77503 1.6673e+02      6.394 0.0000e+00
