CTD-processing/allCTD/CNV--homogene/2017_02-07_alongbay_skb02_cast037.cnv
* Sea-Bird SBE19plus Data File:
* FileName = C:\Users\jwschloemer\Documents\CTD Data\2017_02_07_alongbay\2017_02_07_alongbay_cast037.hex
* Software Version 1.59
* Temperature SN =  4141
* Conductivity SN =  4141
* System UpLoad Time = Mar 06 2017 12:40:23
** Cook Inlet LTM Kbay Along Bay
** Date: 2017-02-07
** Station:KB02
** Start Time (AKST):13:30
** Depth (m):123
** Comment: R/V Edgecumbe
# nquan = 17
# nvalues = 832                         
# units = specified
# name 0 = scan: Scan Count
# name 1 = timeJ: Julian Days
# name 2 = timeH: Time, Elapsed [hours]
# name 3 = timeM: Time, Elapsed [minutes]
# name 4 = timeS: Time, Elapsed [seconds]
# name 5 = density00: Density [density, kg/m^3]
# name 6 = specc: Specific Conductance [uS/cm]
# name 7 = sal00: Salinity, Practical [PSU]
# name 8 = depSM: Depth [salt water, m], lat = 59.00
# name 9 = oxsolML/L: Oxygen Saturation, Garcia & Gordon [ml/l]
# name 10 = potemp090C: Potential Temperature [ITS-90, deg C]
# name 11 = tv290C: Temperature [ITS-90, deg C]
# name 12 = sigma-é00: Density [sigma-theta, kg/m^3]
# name 13 = n2satML/L: Nitrogen Saturation [ml/l]
# name 14 = par: PAR/Irradiance, Biospherical/Licor
# name 15 = prdM: Pressure, Strain Gauge [db]
# name 16 = flag:  0.000e+00
# span 0 =          1,        832       
# span 1 =  38.563194,  38.565599       
# span 2 =    0.00000,    0.05771       
# span 3 =     0.0000,     3.4625       
# span 4 =      0.000,    207.750       
# span 5 =  1007.5200,  1025.6613       
# span 6 =  15696.356,  51527.764       
# span 7 =     9.4857,    31.9496       
# span 8 =      0.153,    108.124       
# span 9 =    7.16185,    9.00156       
# span 10 =     2.9922,     5.3484      
# span 11 =     2.4951,     5.3566      
# span 12 =     7.5193,    25.3138      
# span 13 =   12.83594,   16.22701      
# span 14 = 3.6382e-02, 1.5438e+02      
# span 15 =      0.154,    109.173      
# span 16 = 0.0000e+00, 0.0000e+00      
# interval = seconds: 0.25
# start_time = Feb 07 2017 13:31:00 [Instrument's time stamp, header]
# bad_flag = -9.990e-29
*END*
[from data line 766]
        767  38.565411    0.05319     3.1917    191.500  1025.6042  51191.910    31.8657     96.231    7.16422     5.3363     5.3437    25.1539   12.83991 3.6382e-02     97.162 0.0000e+00
        768  38.565414    0.05326     3.1958    191.750  1025.6052  51192.118    31.8658     96.423    7.16423     5.3363     5.3437    25.1540   12.83991 3.6382e-02     97.356 0.0000e+00
        769  38.565417    0.05333     3.2000    192.000  1025.6061  51192.466    31.8659     96.609    7.16423     5.3362     5.3436    25.1541   12.83991 3.6382e-02     97.543 0.0000e+00
        770  38.565420    0.05340     3.2042    192.250  1025.6070  51192.683    31.8659     96.791    7.16423     5.3362     5.3436    25.1542   12.83991 3.6382e-02     97.727 0.0000e+00
        771  38.565422    0.05347     3.2083    192.500  1025.6078  51192.704    31.8659     96.975    7.16423     5.3362     5.3436    25.1541   12.83992 3.6382e-02     97.913 0.0000e+00
        772  38.565425    0.05354     3.2125    192.750  1025.6086  51192.659    31.8658     97.164    7.16424     5.3362     5.3436    25.1540   12.83993 3.6382e-02     98.104 0.0000e+00
        773  38.565428    0.05361     3.2167    193.000  1025.6094  51192.560    31.8656     97.355    7.16424     5.3362     5.3436    25.1538   12.83994 3.6382e-02     98.297 0.0000e+00
        774  38.565431    0.05368     3.2208    193.250  1025.6102  51192.469    31.8654     97.546    7.16425     5.3362     5.3436    25.1537   12.83995 3.6382e-02     98.491 0.0000e+00
        775  38.565434    0.05375     3.2250    193.500  1025.6110  51192.481    31.8653     97.734    7.16425     5.3362     5.3436    25.1537   12.83996 3.6382e-02     98.681 0.0000e+00
        776  38.565437    0.05382     3.2292    193.750  1025.6119  51192.590    31.8653     97.918    7.16425     5.3363     5.3437    25.1537   12.83995 3.6382e-02     98.866 0.0000e+00
        777  38.565440    0.05389     3.2333    194.000  1025.6127  51192.724    31.8654     98.098    7.16425     5.3363     5.3437    25.1537   12.83994 3.6382e-02     99.048 0.0000e+00
        778  38.565443    0.05396     3.2375    194.250  1025.6136  51192.831    31.8654     98.280    7.16424     5.3364     5.3437    25.1536   12.83992 3.6382e-02     99.231 0.0000e+00
        779  38.565446    0.05403     3.2417    194.500  1025.6145  51193.068    31.8655     98.469    7.16422     5.3365     5.3438    25.1537   12.83990 3.6382e-02     99.422 0.0000e+00
        780  38.565448    0.05410     3.2458    194.750  1025.6156  51193.526    31.8657     98.666    7.16419     5.3365     5.3439    25.1539   12.83986 3.6382e-02     99.621 0.0000e+00
        781  38.565451    0.05417     3.2500    195.000  1025.6168  51194.031    31.8659     98.870    7.16417     5.3366     5.3440    25.1541   12.83981 3.6382e-02     99.827 0.0000e+00
        782  38.565454    0.05424     3.2542    195.250  1025.6178  51194.390    31.8661     99.074    7.16414     5.3367     5.3440    25.1542   12.83977 3.6382e-02    100.033 0.0000e+00
        783  38.565457    0.05431     3.2583    195.500  1025.6188  51194.609    31.8662     99.273    7.16412     5.3369     5.3441    25.1543   12.83974 3.6382e-02    100.234 0.0000e+00
        784  38.565460    0.05438     3.2625    195.750  1025.6198  51194.840    31.8663     99.463    7.16410     5.3371     5.3443    25.1544   12.83969 3.6382e-02    100.426 0.0000e+00
        785  38.565463    0.05444     3.2667    196.000  1025.6207  51195.213    31.8665     99.645    7.16406     5.3374     5.3444    25.1545   12.83962 3.6382e-02    100.609 0.0000e+00
        786  38.565466    0.05451     3.2708    196.250  1025.6218  51195.855    31.8669     99.823    7.16400     5.3380     5.3447    25.1548   12.83952 3.6382e-02    100.790 0.0000e+00
        787  38.565469    0.05458     3.2750    196.500  1025.6232  51196.867    31.8676    100.006    7.16391     5.3388     5.3450    25.1553   12.83937 3.6382e-02    100.974 0.0000e+00
        788  38.565472    0.05465     3.2792    196.750  1025.6249  51198.341    31.8686    100.196    7.16377     5.3400     5.3455    25.1560   12.83912 3.6382e-02    101.166 0.0000e+00
        789  38.565475    0.05472     3.2833    197.000  1025.6267  51200.057    31.8699    100.394    7.16357     5.3414     5.3464    25.1570   12.83877 3.6382e-02    101.366 0.0000e+00
        790  38.565477    0.05479     3.2875    197.250  1025.6283  51201.167    31.8708    100.597    7.16332     5.3428     5.3476    25.1576   12.83835 3.6382e-02    101.571 0.0000e+00
        791  38.565480    0.05486     3.2917    197.500  1025.6291  51200.986    31.8708    100.801    7.16307     5.3438     5.3490    25.1575   12.83794 3.6382e-02    101.776 0.0000e+00
        792  38.565483    0.05493     3.2958    197.750  1025.6293  51199.606    31.8701    101.001    7.16286     5.3444     5.3504    25.1567   12.83761 3.6382e-02    101.979 0.0000e+00
        793  38.565486    0.05500     3.3000    198.000  1025.6291  51197.630    31.8689    101.199    7.16274     5.3445     5.3515    25.1556   12.83742 3.6382e-02    102.179 0.0000e+00
        794  38.565489    0.05507     3.3042    198.250  1025.6290  51195.905    31.8677    101.398    7.16269     5.3442     5.3521    25.1546   12.83736 3.6382e-02    102.380 0.0000e+00
        795  38.565492    0.05514     3.3083    198.500  1025.6294  51195.035    31.8670    101.600    7.16271     5.3439     5.3522    25.1541   12.83740 3.6382e-02    102.584 0.0000e+00
        796  38.565495    0.05521     3.3125    198.750  1025.6303  51195.016    31.8668    101.803    7.16276     5.3436     5.3520    25.1540   12.83748 3.6382e-02    102.789 0.0000e+00
        797  38.565498    0.05528     3.3167    199.000  1025.6314  51195.470    31.8670    102.005    7.16280     5.3435     5.3517    25.1541   12.83755 3.6382e-02    102.993 0.0000e+00
        798  38.565501    0.05535     3.3208    199.250  1025.6325  51195.975    31.8672    102.205    7.16283     5.3434     5.3514    25.1543   12.83760 3.6382e-02    103.195 0.0000e+00
        799  38.565503    0.05542     3.3250    199.500  1025.6334  51196.224    31.8672    102.396    7.16286     5.3432     5.3513    25.1543   12.83763 3.6382e-02    103.388 0.0000e+00
        800  38.565506    0.05549     3.3292    199.750  1025.6342  51196.143    31.8671    102.577    7.16288     5.3430     5.3512    25.1542   12.83768 3.6382e-02    103.571 0.0000e+00
        801  38.565509    0.05556     3.3333    200.000  1025.6347  51195.859    31.8668    102.747    7.16292     5.3427     5.3510    25.1540   12.83775 3.6382e-02    103.743 0.0000e+00
        802  38.565512    0.05563     3.3375    200.250  1025.6352  51195.534    31.8664    102.914    7.16298     5.3423     5.3508    25.1538   12.83784 3.6382e-02    103.912 0.0000e+00
        803  38.565515    0.05569     3.3417    200.500  1025.6358  51195.260    31.8661    103.086    7.16305     5.3418     5.3505    25.1536   12.83796 3.6382e-02    104.085 0.0000e+00
        804  38.565518    0.05576     3.3458    200.750  1025.6365  51195.083    31.8658    103.269    7.16313     5.3413     5.3501    25.1534   12.83810 3.6382e-02    104.269 0.0000e+00
        805  38.565521    0.05583     3.3500    201.000  1025.6373  51195.054    31.8656    103.467    7.16322     5.3407     5.3496    25.1533   12.83825 3.6382e-02    104.469 0.0000e+00
        806  38.565524    0.05590     3.3542    201.250  1025.6383  51195.227    31.8655    103.676    7.16331     5.3402     5.3491    25.1533   12.83840 3.6382e-02    104.680 0.0000e+00
        807  38.565527    0.05597     3.3583    201.500  1025.6394  51195.721    31.8656    103.887    7.16340     5.3399     5.3486    25.1534   12.83854 3.6382e-02    104.893 0.0000e+00
        808  38.565530    0.05604     3.3625    201.750  1025.6407  51196.449    31.8659    104.091    7.16346     5.3396     5.3481    25.1537   12.83864 3.6382e-02    105.099 0.0000e+00
        809  38.565532    0.05611     3.3667    202.000  1025.6419  51197.137    31.8662    104.281    7.16351     5.3395     5.3478    25.1540   12.83872 3.6382e-02    105.291 0.0000e+00
        810  38.565535    0.05618     3.3708    202.250  1025.6430  51197.795    31.8665    104.456    7.16353     5.3395     5.3475    25.1543   12.83875 3.6382e-02    105.469 0.0000e+00
        811  38.565538    0.05625     3.3750    202.500  1025.6440  51198.408    31.8669    104.624    7.16353     5.3397     5.3474    25.1545   12.83875 3.6382e-02    105.639 0.0000e+00
        812  38.565541    0.05632     3.3792    202.750  1025.6449  51198.748    31.8670    104.795    7.16351     5.3399     5.3475    25.1546   12.83872 3.6382e-02    105.812 0.0000e+00
        813  38.565544    0.05639     3.3833    203.000  1025.6458  51198.900    31.8671    104.978    7.16348     5.3402     5.3476    25.1547   12.83867 3.6382e-02    105.996 0.0000e+00
        814  38.565547    0.05646     3.3875    203.250  1025.6468  51199.213    31.8672    105.174    7.16344     5.3406     5.3479    25.1548   12.83859 3.6382e-02    106.194 0.0000e+00
        815  38.565550    0.05653     3.3917    203.500  1025.6482  51200.101    31.8678    105.379    7.16336     5.3413     5.3481    25.1552   12.83846 3.6382e-02    106.401 0.0000e+00
        816  38.565553    0.05660     3.3958    203.750  1025.6500  51201.800    31.8690    105.586    7.16324     5.3424     5.3486    25.1561   12.83824 3.6382e-02    106.610 0.0000e+00
        817  38.565556    0.05667     3.4000    204.000  1025.6519  51203.576    31.8702    105.785    7.16305     5.3438     5.3493    25.1570   12.83791 3.6382e-02    106.811 0.0000e+00
        818  38.565558    0.05674     3.4042    204.250  1025.6532  51204.310    31.8709    105.971    7.16282     5.3451     5.3504    25.1574   12.83753 3.6382e-02    106.999 0.0000e+00
        819  38.565561    0.05681     3.4083    204.500  1025.6538  51203.919    31.8708    106.144    7.16259     5.3462     5.3518    25.1572   12.83715 3.6382e-02    107.174 0.0000e+00
        820  38.565564    0.05688     3.4125    204.750  1025.6540  51203.019    31.8704    106.310    7.16239     5.3470     5.3531    25.1567   12.83682 3.6382e-02    107.341 0.0000e+00
        821  38.565567    0.05694     3.4167    205.000  1025.6543  51202.052    31.8699    106.478    7.16222     5.3475     5.3542    25.1562   12.83656 3.6382e-02    107.511 0.0000e+00
        822  38.565570    0.05701     3.4208    205.250  1025.6547  51201.260    31.8694    106.659    7.16210     5.3479     5.3550    25.1557   12.83637 3.6382e-02    107.693 0.0000e+00
        823  38.565573    0.05708     3.4250    205.500  1025.6553  51200.754    31.8691    106.856    7.16202     5.3481     5.3556    25.1554   12.83624 3.6382e-02    107.892 0.0000e+00
        824  38.565576    0.05715     3.4292    205.750  1025.6561  51200.469    31.8689    107.065    7.16197     5.3482     5.3560    25.1552   12.83616 3.6382e-02    108.104 0.0000e+00
        825  38.565579    0.05722     3.4333    206.000  1025.6569  51200.325    31.8688    107.277    7.16195     5.3482     5.3562    25.1550   12.83611 3.6382e-02    108.318 0.0000e+00
        826  38.565582    0.05729     3.4375    206.250  1025.6578  51200.350    31.8687    107.477    7.16193     5.3482     5.3563    25.1550   12.83609 3.6382e-02    108.520 0.0000e+00
        827  38.565584    0.05736     3.4417    206.500  1025.6586  51200.571    31.8688    107.654    7.16192     5.3482     5.3564    25.1550   12.83607 3.6382e-02    108.698 0.0000e+00
        828  38.565587    0.05743     3.4458    206.750  1025.6595  51200.953    31.8689    107.804    7.16191     5.3483     5.3564    25.1552   12.83605 3.6382e-02    108.850 0.0000e+00
        829  38.565590    0.05750     3.4500    207.000  1025.6603  51201.312    31.8691    107.929    7.16190     5.3484     5.3564    25.1553   12.83602 3.6382e-02    108.976 0.0000e+00
        830  38.565593    0.05757     3.4542    207.250  1025.6608  51201.528    31.8693    108.030    7.16188     5.3484     5.3565    25.1554   12.83599 3.6382e-02    109.078 0.0000e+00
        831  38.565596    0.05764     3.4583    207.500  1025.6612  51201.661    31.8694    108.099    7.16186 -9.990e-29     5.3566    25.1555   12.83595 3.6382e-02    109.148 0.0000e+00
        832  38.565599    0.05771     3.4625    207.750  1025.6613  51201.715    31.8694    108.124    7.16185 -9.990e-29     5.3566    25.1555   12.83594 3.6382e-02    109.173 0.0000e+00
