CTD-processing/allCTD/CNV--homogene/2017_11-02_alongbay_skb03_cast088.cnv
* Sea-Bird SBE19plus Data File:
* FileName = C:\Users\Kim.Powell\Desktop\Not Processed\2017\2017_11-02_\2017_11-02_TRANSECT_STATION_cast088.hex
* Software Version 1.59
* Temperature SN =  4141
* Conductivity SN =  4141
* System UpLoad Time = Nov 07 2017 08:25:59
** 2017_11-02
** Station: KB03
** Start Time: 16:11
** Depth (m): 109.1
** Comment: Edgecumbe
** Comment:
# nquan = 17
# nvalues = 775                         
# units = specified
# name 0 = scan: Scan Count
# name 1 = timeJ: Julian Days
# name 2 = timeH: Time, Elapsed [hours]
# name 3 = timeM: Time, Elapsed [minutes]
# name 4 = timeS: Time, Elapsed [seconds]
# name 5 = density00: Density [density, kg/m^3]
# name 6 = specc: Specific Conductance [uS/cm]
# name 7 = sal00: Salinity, Practical [PSU]
# name 8 = depSM: Depth [salt water, m], lat = 59.00
# name 9 = oxsolML/L: Oxygen Saturation, Garcia & Gordon [ml/l]
# name 10 = potemp090C: Potential Temperature [ITS-90, deg C]
# name 11 = tv290C: Temperature [ITS-90, deg C]
# name 12 = sigma-é00: Density [sigma-theta, kg/m^3]
# name 13 = n2satML/L: Nitrogen Saturation [ml/l]
# name 14 = par: PAR/Irradiance, Biospherical/Licor
# name 15 = prdM: Pressure, Strain Gauge [db]
# name 16 = flag:  0.000e+00
# span 0 =          1,        775       
# span 1 = 306.674965, 306.677205       
# span 2 =    0.00000,    0.05375       
# span 3 =     0.0000,     3.2250       
# span 4 =      0.000,    193.500       
# span 5 =  1023.6606,  1024.3791       
# span 6 =  48347.624,  48868.095       
# span 7 =    30.5287,    30.9074       
# span 8 =      1.053,    106.993       
# span 9 =    6.59944,    6.71222       
# span 10 =     8.4886,     9.1791      
# span 11 =     8.4887,     9.1903      
# span 12 =    23.6542,    23.8882      
# span 13 =   11.91793,   12.10709      
# span 14 = 3.9346e-02, 1.9726e+02      
# span 15 =      1.063,    108.032      
# span 16 = 0.0000e+00, 0.0000e+00      
# interval = seconds: 0.25
# start_time = Nov 02 2017 16:11:57 [Instrument's time stamp, header]
# bad_flag = -9.990e-29
*END*
[from data line 341]
        342 306.675952    0.02368     1.4208     85.250  1023.8917  48639.904    30.7405     18.837    6.65427     8.8658     8.8673    23.8050   12.01075 1.0358e+01     19.015 0.0000e+00
        343 306.675955    0.02375     1.4250     85.500  1023.8931  48640.558    30.7409     19.067    6.65422     8.8661     8.8675    23.8053   12.01067 1.0073e+01     19.248 0.0000e+00
        344 306.675958    0.02382     1.4292     85.750  1023.8944  48641.184    30.7413     19.296    6.65417     8.8665     8.8677    23.8055   12.01057 9.7806e+00     19.479 0.0000e+00
        345 306.675961    0.02389     1.4333     86.000  1023.8955  48641.527    30.7415     19.519    6.65411     8.8669     8.8681    23.8056   12.01047 9.4903e+00     19.704 0.0000e+00
        346 306.675964    0.02396     1.4375     86.250  1023.8964  48641.484    30.7415     19.731    6.65405     8.8671     8.8685    23.8055   12.01038 9.2183e+00     19.917 0.0000e+00
        347 306.675966    0.02403     1.4417     86.500  1023.8970  48641.160    30.7412     19.928    6.65400     8.8673     8.8689    23.8053   12.01031 8.9803e+00     20.117 0.0000e+00
        348 306.675969    0.02410     1.4458     86.750  1023.8975  48640.696    30.7408     20.112    6.65398     8.8673     8.8692    23.8049   12.01027 8.7813e+00     20.302 0.0000e+00
        349 306.675972    0.02417     1.4500     87.000  1023.8980  48640.247    30.7405     20.285    6.65397     8.8672     8.8693    23.8046   12.01026 8.6161e+00     20.477 0.0000e+00
        350 306.675975    0.02424     1.4542     87.250  1023.8985  48639.902    30.7401     20.453    6.65398     8.8671     8.8693    23.8044   12.01028 8.4739e+00     20.647 0.0000e+00
        351 306.675978    0.02431     1.4583     87.500  1023.8992  48639.833    30.7400     20.623    6.65400     8.8670     8.8693    23.8043   12.01031 8.3404e+00     20.819 0.0000e+00
        352 306.675981    0.02438     1.4625     87.750  1023.9002  48640.186    30.7401     20.800    6.65400     8.8671     8.8692    23.8044   12.01032 8.2000e+00     20.998 0.0000e+00
        353 306.675984    0.02444     1.4667     88.000  1023.9014  48640.904    30.7406     20.989    6.65399     8.8673     8.8692    23.8048   12.01029 8.0377e+00     21.189 0.0000e+00
        354 306.675987    0.02451     1.4708     88.250  1023.9028  48641.801    30.7411     21.192    6.65395     8.8677     8.8693    23.8052   12.01022 7.8441e+00     21.394 0.0000e+00
        355 306.675990    0.02458     1.4750     88.500  1023.9042  48642.681    30.7417     21.410    6.65389     8.8682     8.8695    23.8056   12.01011 7.6236e+00     21.613 0.0000e+00
        356 306.675992    0.02465     1.4792     88.750  1023.9055  48643.422    30.7422     21.641    6.65381     8.8686     8.8699    23.8059   12.00998 7.3891e+00     21.847 0.0000e+00
        357 306.675995    0.02472     1.4833     89.000  1023.9068  48643.931    30.7425     21.882    6.65373     8.8691     8.8703    23.8061   12.00984 7.1540e+00     22.090 0.0000e+00
        358 306.675998    0.02479     1.4875     89.250  1023.9080  48644.225    30.7427     22.128    6.65365     8.8695     8.8708    23.8062   12.00971 6.9253e+00     22.338 0.0000e+00
        359 306.676001    0.02486     1.4917     89.500  1023.9092  48644.467    30.7428     22.376    6.65358     8.8698     8.8713    23.8062   12.00958 6.7087e+00     22.588 0.0000e+00
        360 306.676004    0.02493     1.4958     89.750  1023.9103  48644.634    30.7429     22.622    6.65351     8.8701     8.8717    23.8062   12.00947 6.5158e+00     22.837 0.0000e+00
        361 306.676007    0.02500     1.5000     90.000  1023.9113  48644.620    30.7428     22.863    6.65346     8.8703     8.8721    23.8061   12.00938 6.3538e+00     23.080 0.0000e+00
        362 306.676010    0.02507     1.5042     90.250  1023.9123  48644.519    30.7427     23.092    6.65341     8.8705     8.8724    23.8059   12.00932 6.2219e+00     23.311 0.0000e+00
        363 306.676013    0.02514     1.5083     90.500  1023.9131  48644.432    30.7426     23.303    6.65338     8.8706     8.8727    23.8058   12.00927 6.1131e+00     23.524 0.0000e+00
        364 306.676016    0.02521     1.5125     90.750  1023.9139  48644.457    30.7425     23.495    6.65335     8.8708     8.8729    23.8058   12.00922 6.0143e+00     23.718 0.0000e+00
        365 306.676019    0.02528     1.5167     91.000  1023.9148  48644.707    30.7426     23.675    6.65332     8.8709     8.8730    23.8059   12.00918 5.9096e+00     23.900 0.0000e+00
        366 306.676021    0.02535     1.5208     91.250  1023.9157  48645.027    30.7428     23.849    6.65330     8.8711     8.8732    23.8060   12.00913 5.7875e+00     24.076 0.0000e+00
        367 306.676024    0.02542     1.5250     91.500  1023.9166  48645.143    30.7428     24.028    6.65327     8.8712     8.8733    23.8060   12.00908 5.6473e+00     24.257 0.0000e+00
        368 306.676027    0.02549     1.5292     91.750  1023.9174  48645.071    30.7427     24.218    6.65325     8.8712     8.8735    23.8059   12.00905 5.4952e+00     24.448 0.0000e+00
        369 306.676030    0.02556     1.5333     92.000  1023.9182  48644.961    30.7426     24.421    6.65324     8.8713     8.8736    23.8057   12.00903 5.3392e+00     24.653 0.0000e+00
        370 306.676033    0.02562     1.5375     92.250  1023.9191  48644.909    30.7425     24.636    6.65323     8.8714     8.8737    23.8056   12.00902 5.1859e+00     24.870 0.0000e+00
        371 306.676036    0.02569     1.5417     92.500  1023.9200  48644.977    30.7424     24.860    6.65321     8.8715     8.8738    23.8056   12.00899 5.0393e+00     25.096 0.0000e+00
        372 306.676039    0.02576     1.5458     92.750  1023.9211  48645.149    30.7425     25.088    6.65319     8.8716     8.8740    23.8056   12.00896 4.9029e+00     25.326 0.0000e+00
        373 306.676042    0.02583     1.5500     93.000  1023.9222  48645.373    30.7426     25.320    6.65317     8.8718     8.8741    23.8056   12.00892 4.7778e+00     25.560 0.0000e+00
        374 306.676045    0.02590     1.5542     93.250  1023.9234  48645.681    30.7427     25.554    6.65314     8.8720     8.8743    23.8057   12.00887 4.6620e+00     25.796 0.0000e+00
        375 306.676047    0.02597     1.5583     93.500  1023.9246  48646.109    30.7429     25.790    6.65310     8.8722     8.8744    23.8058   12.00880 4.5524e+00     26.035 0.0000e+00
        376 306.676050    0.02604     1.5625     93.750  1023.9258  48646.487    30.7431     26.025    6.65306     8.8724     8.8746    23.8060   12.00873 4.4476e+00     26.272 0.0000e+00
        377 306.676053    0.02611     1.5667     94.000  1023.9269  48646.658    30.7431     26.255    6.65303     8.8726     8.8749    23.8060   12.00867 4.3472e+00     26.504 0.0000e+00
        378 306.676056    0.02618     1.5708     94.250  1023.9278  48646.691    30.7431     26.474    6.65300     8.8727     8.8751    23.8059   12.00862 4.2501e+00     26.725 0.0000e+00
        379 306.676059    0.02625     1.5750     94.500  1023.9287  48646.671    30.7430     26.679    6.65297     8.8728     8.8753    23.8058   12.00858 4.1564e+00     26.932 0.0000e+00
        380 306.676062    0.02632     1.5792     94.750  1023.9295  48646.695    30.7430     26.872    6.65295     8.8728     8.8754    23.8058   12.00854 4.0647e+00     27.127 0.0000e+00
        381 306.676065    0.02639     1.5833     95.000  1023.9303  48646.829    30.7430     27.059    6.65294     8.8728     8.8755    23.8058   12.00852 3.9735e+00     27.316 0.0000e+00
        382 306.676068    0.02646     1.5875     95.250  1023.9312  48647.020    30.7430     27.246    6.65293     8.8728     8.8756    23.8058   12.00850 3.8832e+00     27.505 0.0000e+00
        383 306.676071    0.02653     1.5917     95.500  1023.9322  48647.255    30.7431     27.439    6.65292     8.8728     8.8756    23.8059   12.00849 3.7930e+00     27.700 0.0000e+00
        384 306.676073    0.02660     1.5958     95.750  1023.9332  48647.530    30.7433     27.644    6.65291     8.8728     8.8756    23.8060   12.00848 3.7020e+00     27.907 0.0000e+00
        385 306.676076    0.02667     1.6000     96.000  1023.9343  48647.792    30.7434     27.866    6.65291     8.8728     8.8756    23.8061   12.00847 3.6101e+00     28.131 0.0000e+00
        386 306.676079    0.02674     1.6042     96.250  1023.9355  48647.993    30.7434     28.105    6.65290     8.8728     8.8756    23.8061   12.00846 3.5178e+00     28.372 0.0000e+00
        387 306.676082    0.02681     1.6083     96.500  1023.9366  48648.079    30.7434     28.355    6.65290     8.8728     8.8756    23.8061   12.00846 3.4267e+00     28.625 0.0000e+00
        388 306.676085    0.02688     1.6125     96.750  1023.9377  48648.085    30.7433     28.608    6.65290     8.8728     8.8757    23.8060   12.00846 3.3391e+00     28.879 0.0000e+00
        389 306.676088    0.02694     1.6167     97.000  1023.9387  48648.121    30.7432     28.850    6.65290     8.8729     8.8757    23.8059   12.00846 3.2581e+00     29.124 0.0000e+00
        390 306.676091    0.02701     1.6208     97.250  1023.9397  48648.238    30.7431     29.073    6.65290     8.8729     8.8758    23.8059   12.00845 3.1859e+00     29.350 0.0000e+00
        391 306.676094    0.02708     1.6250     97.500  1023.9407  48648.363    30.7431     29.275    6.65289     8.8730     8.8758    23.8059   12.00844 3.1214e+00     29.553 0.0000e+00
        392 306.676097    0.02715     1.6292     97.750  1023.9415  48648.431    30.7431     29.459    6.65288     8.8730     8.8759    23.8059   12.00842 3.0620e+00     29.739 0.0000e+00
        393 306.676100    0.02722     1.6333     98.000  1023.9423  48648.548    30.7431     29.633    6.65287     8.8729     8.8759    23.8059   12.00841 3.0037e+00     29.915 0.0000e+00
        394 306.676102    0.02729     1.6375     98.250  1023.9432  48648.764    30.7432     29.810    6.65286     8.8729     8.8760    23.8060   12.00839 2.9435e+00     30.094 0.0000e+00
        395 306.676105    0.02736     1.6417     98.500  1023.9441  48648.961    30.7433     29.997    6.65286     8.8728     8.8760    23.8060   12.00838 2.8805e+00     30.283 0.0000e+00
        396 306.676108    0.02743     1.6458     98.750  1023.9450  48649.078    30.7433     30.199    6.65286     8.8727     8.8760    23.8060   12.00839 2.8149e+00     30.487 0.0000e+00
        397 306.676111    0.02750     1.6500     99.000  1023.9460  48649.220    30.7433     30.414    6.65287     8.8726     8.8759    23.8060   12.00840 2.7486e+00     30.703 0.0000e+00
        398 306.676114    0.02757     1.6542     99.250  1023.9471  48649.483    30.7433     30.635    6.65288     8.8725     8.8758    23.8061   12.00841 2.6838e+00     30.926 0.0000e+00
        399 306.676117    0.02764     1.6583     99.500  1023.9481  48649.605    30.7433     30.856    6.65289     8.8723     8.8757    23.8061   12.00844 2.6211e+00     31.150 0.0000e+00
        400 306.676120    0.02771     1.6625     99.750  1023.9489  48649.320    30.7430     31.073    6.65292     8.8720     8.8756    23.8059   12.00849 2.5605e+00     31.369 0.0000e+00
        401 306.676123    0.02778     1.6667    100.000  1023.9496  48648.787    30.7425     31.288    6.65297     8.8717     8.8755    23.8055   12.00858 2.5020e+00     31.586 0.0000e+00
        402 306.676126    0.02785     1.6708    100.250  1023.9501  48648.135    30.7419     31.504    6.65303     8.8712     8.8752    23.8051   12.00868 2.4443e+00     31.804 0.0000e+00
        403 306.676128    0.02792     1.6750    100.500  1023.9508  48647.597    30.7414     31.726    6.65310     8.8707     8.8749    23.8047   12.00881 2.3867e+00     32.027 0.0000e+00
        404 306.676131    0.02799     1.6792    100.750  1023.9519  48647.761    30.7414     31.954    6.65317     8.8703     8.8744    23.8048   12.00893 2.3303e+00     32.257 0.0000e+00
        405 306.676134    0.02806     1.6833    101.000  1023.9533  48648.575    30.7418     32.182    6.65323     8.8701     8.8740    23.8052   12.00901 2.2765e+00     32.488 0.0000e+00
        406 306.676137    0.02813     1.6875    101.250  1023.9547  48649.276    30.7421     32.403    6.65326     8.8700     8.8736    23.8055   12.00906 2.2255e+00     32.711 0.0000e+00
        407 306.676140    0.02819     1.6917    101.500  1023.9557  48649.622    30.7422     32.609    6.65328     8.8700     8.8734    23.8056   12.00909 2.1780e+00     32.920 0.0000e+00
        408 306.676143    0.02826     1.6958    101.750  1023.9567  48649.895    30.7423     32.800    6.65329     8.8699     8.8733    23.8057   12.00911 2.1340e+00     33.112 0.0000e+00
        409 306.676146    0.02833     1.7000    102.000  1023.9576  48650.103    30.7424     32.977    6.65329     8.8698     8.8733    23.8058   12.00912 2.0928e+00     33.291 0.0000e+00
        410 306.676149    0.02840     1.7042    102.250  1023.9583  48650.104    30.7423     33.146    6.65330     8.8697     8.8732    23.8057   12.00914 2.0529e+00     33.462 0.0000e+00
        411 306.676152    0.02847     1.7083    102.500  1023.9589  48649.894    30.7421     33.316    6.65332     8.8696     8.8732    23.8055   12.00917 2.0128e+00     33.633 0.0000e+00
        412 306.676155    0.02854     1.7125    102.750  1023.9595  48649.633    30.7418     33.495    6.65334     8.8696     8.8731    23.8053   12.00921 1.9711e+00     33.813 0.0000e+00
        413 306.676157    0.02861     1.7167    103.000  1023.9604  48649.605    30.7417     33.691    6.65336     8.8696     8.8730    23.8053   12.00924 1.9267e+00     34.011 0.0000e+00
        414 306.676160    0.02868     1.7208    103.250  1023.9615  48649.882    30.7418     33.910    6.65337     8.8697     8.8729    23.8054   12.00925 1.8790e+00     34.233 0.0000e+00
        415 306.676163    0.02875     1.7250    103.500  1023.9628  48650.542    30.7422     34.151    6.65335     8.8700     8.8730    23.8056   12.00921 1.8287e+00     34.476 0.0000e+00
        416 306.676166    0.02882     1.7292    103.750  1023.9645  48651.593    30.7428     34.406    6.65330     8.8705     8.8731    23.8061   12.00912 1.7788e+00     34.734 0.0000e+00
        417 306.676169    0.02889     1.7333    104.000  1023.9663  48652.945    30.7437     34.665    6.65321     8.8714     8.8734    23.8068   12.00897 1.7321e+00     34.995 0.0000e+00
        418 306.676172    0.02896     1.7375    104.250  1023.9684  48654.908    30.7450     34.912    6.65307     8.8728     8.8740    23.8078   12.00872 1.6901e+00     35.245 0.0000e+00
        419 306.676175    0.02903     1.7417    104.500  1023.9711  48658.044    30.7473     35.139    6.65284     8.8752     8.8749    23.8094   12.00831 1.6532e+00     35.474 0.0000e+00
        420 306.676178    0.02910     1.7458    104.750  1023.9748  48663.299    30.7511     35.342    6.65246     8.8789     8.8763    23.8121   12.00764 1.6207e+00     35.679 0.0000e+00
        421 306.676181    0.02917     1.7500    105.000  1023.9798  48671.293    30.7569     35.524    6.65186     8.8841     8.8787    23.8163   12.00657 1.5910e+00     35.862 0.0000e+00
        422 306.676183    0.02924     1.7542    105.250  1023.9851  48679.857    30.7634     35.694    6.65102     8.8901     8.8825    23.8208   12.00510 1.5622e+00     36.034 0.0000e+00
        423 306.676186    0.02931     1.7583    105.500  1023.9881  48684.445    30.7672     35.865    6.65007     8.8951     8.8877    23.8231   12.00349 1.5334e+00     36.206 0.0000e+00
        424 306.676189    0.02937     1.7625    105.750  1023.9869  48681.299    30.7658     36.043    6.64925     8.8978     8.8937    23.8211   12.00214 1.5038e+00     36.387 0.0000e+00
        425 306.676192    0.02944     1.7667    106.000  1023.9820  48671.117    30.7593     36.234    6.64877     8.8979     8.8988    23.8152   12.00143 1.4738e+00     36.579 0.0000e+00
