CTD-processing/allCTD/CNV--homogene/2017_05-30_alongbay_skb06_cast181.cnv
* Sea-Bird SBE19plus Data File:
* FileName = C:\Users\jwschloemer\Documents\CTD Data\2017_05_30_alongbay\2017_05_30_AlongBay_cast181.hex
* Software Version 1.59
* Temperature SN =  4141
* Conductivity SN =  4141
* System UpLoad Time = Jun 22 2017 13:56:16
** Cook Inlet LTM Kbay Along Bay
** Date: 2017-05-30
** Station:KB06
** Start Time (AKST):15:35
** Depth (m):100
** Comment: R/V Edgecumbe
# nquan = 17
# nvalues = 873                         
# units = specified
# name 0 = scan: Scan Count
# name 1 = timeJ: Julian Days
# name 2 = timeH: Time, Elapsed [hours]
# name 3 = timeM: Time, Elapsed [minutes]
# name 4 = timeS: Time, Elapsed [seconds]
# name 5 = density00: Density [density, kg/m^3]
# name 6 = specc: Specific Conductance [uS/cm]
# name 7 = sal00: Salinity, Practical [PSU]
# name 8 = depSM: Depth [salt water, m], lat = 59.00
# name 9 = oxsolML/L: Oxygen Saturation, Garcia & Gordon [ml/l]
# name 10 = potemp090C: Potential Temperature [ITS-90, deg C]
# name 11 = tv290C: Temperature [ITS-90, deg C]
# name 12 = sigma-é00: Density [sigma-theta, kg/m^3]
# name 13 = n2satML/L: Nitrogen Saturation [ml/l]
# name 14 = par: PAR/Irradiance, Biospherical/Licor
# name 15 = prdM: Pressure, Strain Gauge [db]
# name 16 = flag:  0.000e+00
# span 0 =          1,        873       
# span 1 = 150.650174, 150.652697       
# span 2 =    0.00000,    0.06056       
# span 3 =     0.0000,     3.6333       
# span 4 =      0.000,    218.000       
# span 5 =  1000.1714,  1025.5287       
# span 6 =    806.401,  51120.647       
# span 7 =     0.3865,    31.8713       
# span 8 =      0.002,     84.989       
# span 9 =    6.78212,    8.31352       
# span 10 =     5.5724,     8.0358      
# span 11 =     5.5790,     8.0359      
# span 12 =     0.1714,    25.1315      
# span 13 =   12.22299,   15.20179      
# span 14 = 3.8556e-02, 1.6379e+03      
# span 15 =      0.002,     85.809      
# span 16 = 0.0000e+00, 0.0000e+00      
# interval = seconds: 0.25
# start_time = May 30 2017 15:36:15 [Instrument's time stamp, header]
# bad_flag = -9.990e-29
*END*
[from data line 681]
        682 150.652144    0.04729     2.8375    170.250  1025.2333  50862.666    31.7433     47.387    7.10396     5.7307     5.7347    25.0119   12.74193 4.2507e-02     47.840 0.0000e+00
        683 150.652147    0.04736     2.8417    170.500  1025.2345  50863.021    31.7435     47.606    7.10396     5.7301     5.7346    25.0120   12.74193 4.2299e-02     48.061 0.0000e+00
        684 150.652150    0.04743     2.8458    170.750  1025.2359  50863.853    31.7439     47.829    7.10397     5.7288     5.7345    25.0124   12.74194 4.2112e-02     48.286 0.0000e+00
        685 150.652153    0.04750     2.8500    171.000  1025.2378  50865.666    31.7449     48.044    7.10403     5.7267     5.7338    25.0133   12.74202 4.1937e-02     48.503 0.0000e+00
        686 150.652156    0.04757     2.8542    171.250  1025.2403  50868.834    31.7467     48.243    7.10416     5.7238     5.7326    25.0149   12.74221 4.1776e-02     48.704 0.0000e+00
        687 150.652159    0.04764     2.8583    171.500  1025.2437  50873.722    31.7496     48.427    7.10436     5.7202     5.7305    25.0174   12.74251 4.1629e-02     48.890 0.0000e+00
        688 150.652161    0.04771     2.8625    171.750  1025.2479  50880.407    31.7536     48.607    7.10465     5.7165     5.7277    25.0208   12.74294 4.1492e-02     49.071 0.0000e+00
        689 150.652164    0.04778     2.8667    172.000  1025.2530  50888.511    31.7583     48.793    7.10503     5.7133     5.7241    25.0250   12.74350 4.1339e-02     49.260 0.0000e+00
        690 150.652167    0.04785     2.8708    172.250  1025.2586  50897.400    31.7636     48.997    7.10541     5.7113     5.7203    25.0297   12.74407 4.1160e-02     49.465 0.0000e+00
        691 150.652170    0.04792     2.8750    172.500  1025.2642  50906.190    31.7689     49.218    7.10569     5.7104     5.7171    25.0342   12.74446 4.1022e-02     49.688 0.0000e+00
        692 150.652173    0.04799     2.8792    172.750  1025.2693  50913.840    31.7737     49.448    7.10580     5.7104     5.7151    25.0382   12.74459 4.0954e-02     49.921 0.0000e+00
        693 150.652176    0.04806     2.8833    173.000  1025.2733  50919.535    31.7773     49.675    7.10577     5.7110     5.7143    25.0412   12.74449 4.0888e-02     50.149 0.0000e+00
        694 150.652179    0.04813     2.8875    173.250  1025.2763  50923.237    31.7798     49.887    7.10564     5.7117     5.7143    25.0432   12.74425 4.0790e-02     50.364 0.0000e+00
        695 150.652182    0.04819     2.8917    173.500  1025.2783  50925.364    31.7813     50.082    7.10547     5.7124     5.7149    25.0443   12.74395 4.0685e-02     50.561 0.0000e+00
        696 150.652185    0.04826     2.8958    173.750  1025.2795  50926.192    31.7819     50.263    7.10532     5.7128     5.7157    25.0447   12.74369 4.0595e-02     50.744 0.0000e+00
        697 150.652188    0.04833     2.9000    174.000  1025.2802  50926.012    31.7819     50.440    7.10521     5.7128     5.7164    25.0446   12.74350 4.0519e-02     50.923 0.0000e+00
        698 150.652190    0.04840     2.9042    174.250  1025.2806  50925.241    31.7813     50.622    7.10516     5.7122     5.7168    25.0441   12.74343 4.0454e-02     51.106 0.0000e+00
        699 150.652193    0.04847     2.9083    174.500  1025.2810  50924.446    31.7807     50.812    7.10520     5.7111     5.7168    25.0436   12.74350 4.0395e-02     51.298 0.0000e+00
        700 150.652196    0.04854     2.9125    174.750  1025.2816  50924.019    31.7802     51.011    7.10532     5.7096     5.7162    25.0433   12.74370 4.0312e-02     51.499 0.0000e+00
        701 150.652199    0.04861     2.9167    175.000  1025.2825  50924.113    31.7799     51.215    7.10551     5.7079     5.7151    25.0432   12.74403 4.0210e-02     51.704 0.0000e+00
        702 150.652202    0.04868     2.9208    175.250  1025.2837  50924.838    31.7800     51.416    7.10575     5.7063     5.7136    25.0435   12.74443 4.0121e-02     51.907 0.0000e+00
        703 150.652205    0.04875     2.9250    175.500  1025.2850  50925.823    31.7803     51.610    7.10601     5.7046     5.7120    25.0439   12.74486 4.0036e-02     52.103 0.0000e+00
        704 150.652208    0.04882     2.9292    175.750  1025.2862  50926.743    31.7805     51.796    7.10629     5.7029     5.7103    25.0442   12.74530 3.9954e-02     52.292 0.0000e+00
        705 150.652211    0.04889     2.9333    176.000  1025.2873  50927.454    31.7806     51.979    7.10657     5.7010     5.7086    25.0445   12.74576 3.9884e-02     52.477 0.0000e+00
        706 150.652214    0.04896     2.9375    176.250  1025.2880  50927.441    31.7801     52.164    7.10687     5.6987     5.7069    25.0443   12.74628 3.9820e-02     52.663 0.0000e+00
        707 150.652216    0.04903     2.9417    176.500  1025.2886  50927.077    31.7794     52.354    7.10723     5.6961     5.7050    25.0439   12.74687 3.9754e-02     52.854 0.0000e+00
        708 150.652219    0.04910     2.9458    176.750  1025.2892  50926.872    31.7787     52.549    7.10763     5.6931     5.7028    25.0437   12.74755 3.9683e-02     53.051 0.0000e+00
        709 150.652222    0.04917     2.9500    177.000  1025.2898  50926.613    31.7779     52.746    7.10811     5.6899     5.7002    25.0434   12.74834 3.9629e-02     53.250 0.0000e+00
        710 150.652225    0.04924     2.9542    177.250  1025.2909  50927.319    31.7777     52.940    7.10862     5.6871     5.6972    25.0435   12.74919 3.9603e-02     53.446 0.0000e+00
        711 150.652228    0.04931     2.9583    177.500  1025.2932  50930.305    31.7790     53.126    7.10909     5.6851     5.6941    25.0449   12.74995 3.9584e-02     53.633 0.0000e+00
        712 150.652231    0.04938     2.9625    177.750  1025.2963  50934.833    31.7815     53.303    7.10944     5.6840     5.6913    25.0472   12.75050 3.9562e-02     53.812 0.0000e+00
        713 150.652234    0.04944     2.9667    178.000  1025.2991  50938.738    31.7837     53.476    7.10966     5.6833     5.6893    25.0492   12.75084 3.9547e-02     53.987 0.0000e+00
        714 150.652237    0.04951     2.9708    178.250  1025.3007  50940.352    31.7845     53.654    7.10980     5.6824     5.6882    25.0500   12.75106 3.9538e-02     54.167 0.0000e+00
        715 150.652240    0.04958     2.9750    178.500  1025.3011  50939.663    31.7838     53.844    7.10995     5.6809     5.6876    25.0495   12.75132 3.9517e-02     54.359 0.0000e+00
        716 150.652242    0.04965     2.9792    178.750  1025.3012  50938.261    31.7826     54.048    7.11017     5.6791     5.6866    25.0486   12.75169 3.9485e-02     54.566 0.0000e+00
        717 150.652245    0.04972     2.9833    179.000  1025.3020  50938.240    31.7822     54.264    7.11043     5.6777     5.6852    25.0484   12.75213 3.9454e-02     54.784 0.0000e+00
        718 150.652248    0.04979     2.9875    179.250  1025.3044  50940.905    31.7836     54.482    7.11066     5.6774     5.6834    25.0497   12.75249 3.9406e-02     55.004 0.0000e+00
        719 150.652251    0.04986     2.9917    179.500  1025.3081  50946.199    31.7868     54.694    7.11074     5.6787     5.6820    25.0525   12.75258 3.9335e-02     55.217 0.0000e+00
        720 150.652254    0.04993     2.9958    179.750  1025.3126  50953.021    31.7914     54.893    7.11058     5.6819     5.6817    25.0561   12.75225 3.9256e-02     55.419 0.0000e+00
        721 150.652257    0.05000     3.0000    180.000  1025.3176  50960.503    31.7967     55.079    7.11010     5.6867     5.6830    25.0602   12.75140 3.9194e-02     55.607 0.0000e+00
        722 150.652260    0.05007     3.0042    180.250  1025.3218  50966.624    31.8015     55.255    7.10934     5.6922     5.6862    25.0636   12.75008 3.9163e-02     55.784 0.0000e+00
        723 150.652263    0.05014     3.0083    180.500  1025.3239  50968.761    31.8039     55.427    7.10843     5.6977     5.6910    25.0649   12.74854 3.9141e-02     55.958 0.0000e+00
        724 150.652266    0.05021     3.0125    180.750  1025.3242  50967.525    31.8041     55.603    7.10748     5.7025     5.6966    25.0644   12.74697 3.9118e-02     56.136 0.0000e+00
        725 150.652269    0.05028     3.0167    181.000  1025.3234  50964.250    31.8028     55.792    7.10661     5.7059     5.7021    25.0628   12.74556 3.9102e-02     56.326 0.0000e+00
        726 150.652271    0.05035     3.0208    181.250  1025.3216  50958.947    31.8000     55.994    7.10594     5.7078     5.7069    25.0601   12.74449 3.9089e-02     56.530 0.0000e+00
        727 150.652274    0.05042     3.0250    181.500  1025.3197  50953.391    31.7968     56.207    7.10552     5.7086     5.7103    25.0571   12.74382 3.9080e-02     56.745 0.0000e+00
        728 150.652277    0.05049     3.0292    181.750  1025.3193  50950.918    31.7953     56.425    7.10527     5.7095     5.7122    25.0558   12.74343 3.9083e-02     56.965 0.0000e+00
        729 150.652280    0.05056     3.0333    182.000  1025.3214  50953.001    31.7968     56.638    7.10506     5.7113     5.7130    25.0568   12.74307 3.9071e-02     57.180 0.0000e+00
        730 150.652283    0.05063     3.0375    182.250  1025.3253  50958.374    31.8006     56.838    7.10473     5.7145     5.7139    25.0597   12.74248 3.9038e-02     57.382 0.0000e+00
        731 150.652286    0.05069     3.0417    182.500  1025.3291  50963.841    31.8047     57.022    7.10423     5.7182     5.7158    25.0627   12.74160 3.9007e-02     57.568 0.0000e+00
        732 150.652289    0.05076     3.0458    182.750  1025.3310  50965.739    31.8066     57.194    7.10361     5.7214     5.7189    25.0639   12.74056 3.8989e-02     57.741 0.0000e+00
        733 150.652292    0.05083     3.0500    183.000  1025.3304  50962.927    31.8053     57.362    7.10305     5.7230     5.7227    25.0624   12.73963 3.8970e-02     57.911 0.0000e+00
        734 150.652295    0.05090     3.0542    183.250  1025.3280  50956.936    31.8017     57.538    7.10268     5.7225     5.7258    25.0592   12.73907 3.8941e-02     58.089 0.0000e+00
        735 150.652297    0.05097     3.0583    183.500  1025.3247  50949.329    31.7967     57.730    7.10264     5.7199     5.7275    25.0551   12.73907 3.8896e-02     58.283 0.0000e+00
        736 150.652300    0.05104     3.0625    183.750  1025.3220  50942.736    31.7919     57.942    7.10295     5.7162     5.7270    25.0514   12.73964 3.8847e-02     58.498 0.0000e+00
        737 150.652303    0.05111     3.0667    184.000  1025.3216  50940.469    31.7897     58.169    7.10348     5.7126     5.7244    25.0499   12.74056 3.8819e-02     58.727 0.0000e+00
        738 150.652306    0.05118     3.0708    184.250  1025.3236  50942.566    31.7903     58.398    7.10407     5.7100     5.7208    25.0508   12.74152 3.8817e-02     58.958 0.0000e+00
        739 150.652309    0.05125     3.0750    184.500  1025.3268  50947.059    31.7926     58.616    7.10456     5.7086     5.7172    25.0530   12.74230 3.8829e-02     59.178 0.0000e+00
        740 150.652312    0.05132     3.0792    184.750  1025.3307  50952.661    31.7959     58.816    7.10485     5.7089     5.7146    25.0559   12.74274 3.8839e-02     59.379 0.0000e+00
        741 150.652315    0.05139     3.0833    185.000  1025.3347  50958.703    31.7997     58.997    7.10489     5.7107     5.7133    25.0590   12.74275 3.8842e-02     59.562 0.0000e+00
        742 150.652318    0.05146     3.0875    185.250  1025.3386  50964.536    31.8036     59.169    7.10466     5.7138     5.7135    25.0622   12.74232 3.8842e-02     59.736 0.0000e+00
        743 150.652321    0.05153     3.0917    185.500  1025.3420  50969.232    31.8072     59.343    7.10419     5.7178     5.7153    25.0648   12.74150 3.8835e-02     59.912 0.0000e+00
        744 150.652323    0.05160     3.0958    185.750  1025.3445  50972.107    31.8097     59.531    7.10353     5.7221     5.7185    25.0664   12.74038 3.8835e-02     60.102 0.0000e+00
        745 150.652326    0.05167     3.1000    186.000  1025.3460  50972.961    31.8110     59.739    7.10279     5.7262     5.7226    25.0670   12.73915 3.8853e-02     60.312 0.0000e+00
        746 150.652329    0.05174     3.1042    186.250  1025.3468  50972.303    31.8113     59.966    7.10206     5.7300     5.7268    25.0667   12.73794 3.8879e-02     60.540 0.0000e+00
        747 150.652332    0.05181     3.1083    186.500  1025.3473  50970.943    31.8111     60.202    7.10138     5.7332     5.7309    25.0660   12.73681 3.8890e-02     60.779 0.0000e+00
        748 150.652335    0.05187     3.1125    186.750  1025.3474  50968.965    31.8104     60.434    7.10079     5.7357     5.7347    25.0650   12.73583 3.8872e-02     61.014 0.0000e+00
        749 150.652338    0.05194     3.1167    187.000  1025.3471  50966.510    31.8093     60.651    7.10030     5.7375     5.7379    25.0638   12.73504 3.8837e-02     61.233 0.0000e+00
        750 150.652341    0.05201     3.1208    187.250  1025.3469  50964.337    31.8082     60.847    7.09992     5.7389     5.7405    25.0626   12.73444 3.8800e-02     61.430 0.0000e+00
        751 150.652344    0.05208     3.1250    187.500  1025.3468  50962.758    31.8074     61.025    7.09965     5.7397     5.7423    25.0618   12.73400 3.8771e-02     61.610 0.0000e+00
        752 150.652347    0.05215     3.1292    187.750  1025.3470  50961.581    31.8068     61.195    7.09945     5.7402     5.7437    25.0611   12.73369 3.8754e-02     61.781 0.0000e+00
        753 150.652350    0.05222     3.1333    188.000  1025.3472  50960.591    31.8062     61.370    7.09933     5.7400     5.7445    25.0606   12.73350 3.8747e-02     61.958 0.0000e+00
        754 150.652352    0.05229     3.1375    188.250  1025.3474  50959.448    31.8054     61.559    7.09930     5.7392     5.7450    25.0599   12.73345 3.8747e-02     62.149 0.0000e+00
        755 150.652355    0.05236     3.1417    188.500  1025.3474  50957.835    31.8041     61.767    7.09937     5.7373     5.7449    25.0589   12.73359 3.8745e-02     62.359 0.0000e+00
        756 150.652358    0.05243     3.1458    188.750  1025.3472  50955.716    31.8024     61.989    7.09960     5.7344     5.7440    25.0577   12.73399 3.8737e-02     62.584 0.0000e+00
        757 150.652361    0.05250     3.1500    189.000  1025.3469  50953.594    31.8004     62.215    7.10000     5.7305     5.7422    25.0563   12.73467 3.8726e-02     62.812 0.0000e+00
        758 150.652364    0.05257     3.1542    189.250  1025.3470  50952.325    31.7989     62.432    7.10056     5.7262     5.7393    25.0554   12.73562 3.8731e-02     63.030 0.0000e+00
        759 150.652367    0.05264     3.1583    189.500  1025.3477  50952.207    31.7979     62.630    7.10125     5.7216     5.7355    25.0551   12.73676 3.8746e-02     63.231 0.0000e+00
        760 150.652370    0.05271     3.1625    189.750  1025.3486  50952.836    31.7974     62.814    7.10200     5.7167     5.7311    25.0552   12.73801 3.8762e-02     63.416 0.0000e+00
        761 150.652373    0.05278     3.1667    190.000  1025.3496  50953.542    31.7969     62.992    7.10280     5.7118     5.7265    25.0553   12.73934 3.8796e-02     63.597 0.0000e+00
        762 150.652376    0.05285     3.1708    190.250  1025.3507  50954.547    31.7965     63.180    7.10363     5.7070     5.7217    25.0556   12.74071 3.8852e-02     63.786 0.0000e+00
        763 150.652378    0.05292     3.1750    190.500  1025.3525  50956.661    31.7968     63.383    7.10444     5.7022     5.7168    25.0565   12.74204 3.8896e-02     63.991 0.0000e+00
        764 150.652381    0.05299     3.1792    190.750  1025.3540  50957.938    31.7966     63.601    7.10525     5.6967     5.7120    25.0569   12.74339 3.8888e-02     64.211 0.0000e+00
        765 150.652384    0.05306     3.1833    191.000  1025.3540  50956.643    31.7947     63.826    7.10615     5.6903     5.7072    25.0559   12.74489 3.8843e-02     64.437 0.0000e+00
