CTD-processing/allCTD/CNV--homogene/2017_03-28_alongbay_skb08_cast054.cnv
* Sea-Bird SBE19plus Data File:
* FileName = C:\Users\jwschloemer\Documents\CTD Data\2017_03_28_alongbay\2017_03_28_alongbay_cast054.hex
* Software Version 1.59
* Temperature SN =  4141
* Conductivity SN =  4141
* System UpLoad Time = Apr 03 2017 16:20:30
** Cook Inlet LTM Kbay Along Bay
** Date: 2017-03-28
** Station:KB08
** Start Time (AKST):13:51
** Depth (m):85
** Comment: R/V Edgecumbe
# nquan = 17
# nvalues = 688                         
# units = specified
# name 0 = scan: Scan Count
# name 1 = timeJ: Julian Days
# name 2 = timeH: Time, Elapsed [hours]
# name 3 = timeM: Time, Elapsed [minutes]
# name 4 = timeS: Time, Elapsed [seconds]
# name 5 = density00: Density [density, kg/m^3]
# name 6 = specc: Specific Conductance [uS/cm]
# name 7 = sal00: Salinity, Practical [PSU]
# name 8 = depSM: Depth [salt water, m], lat = 59.00
# name 9 = oxsolML/L: Oxygen Saturation, Garcia & Gordon [ml/l]
# name 10 = potemp090C: Potential Temperature [ITS-90, deg C]
# name 11 = tv290C: Temperature [ITS-90, deg C]
# name 12 = sigma-é00: Density [sigma-theta, kg/m^3]
# name 13 = n2satML/L: Nitrogen Saturation [ml/l]
# name 14 = par: PAR/Irradiance, Biospherical/Licor
# name 15 = prdM: Pressure, Strain Gauge [db]
# name 16 = flag:  0.000e+00
# span 0 =          1,        688       
# span 1 =  87.535995,  87.537983       
# span 2 =    0.00000,    0.04771       
# span 3 =     0.0000,     2.8625       
# span 4 =      0.000,    171.750       
# span 5 =  1024.7468,  1025.8196       
# span 6 =  51112.287,  52286.414       
# span 7 =    30.9496,    31.9879       
# span 8 =      0.194,     73.435       
# span 9 =    7.55993,    7.88826       
# span 10 =     2.0706,     3.0918      
# span 11 =     1.6955,     3.0954      
# span 12 =    24.7458,    25.5015      
# span 13 =   13.49142,   14.04696      
# span 14 = 4.3397e-02, 5.9223e+02      
# span 15 =      0.195,     74.141      
# span 16 = 0.0000e+00, 0.0000e+00      
# interval = seconds: 0.25
# start_time = Mar 28 2017 12:51:50 [Instrument's time stamp, header]
# bad_flag = -9.990e-29
*END*
[from data line 86]
         87  87.536244    0.00597     0.3583     21.500  1025.3972  52070.724    31.8304      0.942    7.67336     2.5593     2.5401    25.3927   13.68056 2.4102e+02      0.951 0.0000e+00
         88  87.536247    0.00604     0.3625     21.750  1025.3927  52059.553    31.8257      0.955    7.67165     2.5682     2.5503    25.3882   13.67782 2.3935e+02      0.964 0.0000e+00
         89  87.536250    0.00611     0.3667     22.000  1025.3932  52057.930    31.8271      0.957    7.66984     2.5780     2.5593    25.3886   13.67482 2.4239e+02      0.966 0.0000e+00
         90  87.536253    0.00618     0.3708     22.250  1025.3972  52062.958    31.8330      0.953    7.66782     2.5881     2.5683    25.3926   13.67140 2.4718e+02      0.962 0.0000e+00
         91  87.536256    0.00625     0.3750     22.500  1025.4009  52067.336    31.8386      0.947    7.66565     2.5976     2.5780    25.3964   13.66775 2.5001e+02      0.956 0.0000e+00
         92  87.536259    0.00632     0.3792     22.750  1025.4010  52064.872    31.8398      0.944    7.66365     2.6057     2.5882    25.3965   13.66443 2.4866e+02      0.953 0.0000e+00
         93  87.536262    0.00639     0.3833     23.000  1025.3967  52054.316    31.8353      0.943    7.66206     2.6124     2.5977    25.3922   13.66186 2.4375e+02      0.952 0.0000e+00
         94  87.536264    0.00646     0.3875     23.250  1025.3901  52039.932    31.8278      0.943    7.66089     2.6179     2.6058    25.3856   13.66003 2.3851e+02      0.952 0.0000e+00
         95  87.536267    0.00653     0.3917     23.500  1025.3852  52029.201    31.8224      0.941    7.65991     2.6227     2.6124    25.3808   13.65848 2.3710e+02      0.950 0.0000e+00
         96  87.536270    0.00660     0.3958     23.750  1025.3846  52026.655    31.8222      0.935    7.65886     2.6270     2.6180    25.3802   13.65675 2.4018e+02      0.944 0.0000e+00
         97  87.536273    0.00667     0.4000     24.000  1025.3867  52029.460    31.8255      0.926    7.65776     2.6307     2.6228    25.3824   13.65490 2.4362e+02      0.935 0.0000e+00
         98  87.536276    0.00674     0.4042     24.250  1025.3885  52031.596    31.8281      0.918    7.65680     2.6336     2.6271    25.3841   13.65328 2.4504e+02      0.927 0.0000e+00
         99  87.536279    0.00681     0.4083     24.500  1025.3877  52029.153    31.8275      0.914    7.65614     2.6359     2.6307    25.3833   13.65219 2.4593e+02      0.923 0.0000e+00
        100  87.536282    0.00688     0.4125     24.750  1025.3832  52020.132    31.8222      0.914    7.65585     2.6376     2.6337    25.3789   13.65179 2.4655e+02      0.923 0.0000e+00
        101  87.536285    0.00694     0.4167     25.000  1025.3752  52004.636    31.8124      0.918    7.65593     2.6390     2.6359    25.3708   13.65205 2.4626e+02      0.926 0.0000e+00
        102  87.536288    0.00701     0.4208     25.250  1025.3668  51988.560    31.8020      0.921    7.65614     2.6402     2.6377    25.3624   13.65255 2.4616e+02      0.929 0.0000e+00
        103  87.536291    0.00708     0.4250     25.500  1025.3633  51981.687    31.7978      0.921    7.65610     2.6413     2.6390    25.3589   13.65254 2.4753e+02      0.929 0.0000e+00
        104  87.536293    0.00715     0.4292     25.750  1025.3663  51986.987    31.8017      0.920    7.65567     2.6422     2.6402    25.3619   13.65177 2.4895e+02      0.928 0.0000e+00
        105  87.536296    0.00722     0.4333     26.000  1025.3723  51997.929    31.8093      0.918    7.65506     2.6429     2.6413    25.3680   13.65067 2.4802e+02      0.926 0.0000e+00
        106  87.536299    0.00729     0.4375     26.250  1025.3775  52007.253    31.8159      0.918    7.65454     2.6432     2.6422    25.3731   13.64972 2.4636e+02      0.926 0.0000e+00
        107  87.536302    0.00736     0.4417     26.500  1025.3801  52011.940    31.8192      0.919    7.65423     2.6429     2.6429    25.3758   13.64917 2.4685e+02      0.927 0.0000e+00
        108  87.536305    0.00743     0.4458     26.750  1025.3803  52012.118    31.8194      0.919    7.65416     2.6423     2.6432    25.3759   13.64906 2.4935e+02      0.928 0.0000e+00
        109  87.536308    0.00750     0.4500     27.000  1025.3788  52009.481    31.8176      0.918    7.65430     2.6414     2.6430    25.3745   13.64931 2.5264e+02      0.927 0.0000e+00
        110  87.536311    0.00757     0.4542     27.250  1025.3772  52006.577    31.8155      0.916    7.65454     2.6408     2.6423    25.3728   13.64973 2.5553e+02      0.925 0.0000e+00
        111  87.536314    0.00764     0.4583     27.500  1025.3763  52005.227    31.8143      0.913    7.65476     2.6406     2.6415    25.3719   13.65011 2.5703e+02      0.922 0.0000e+00
        112  87.536317    0.00771     0.4625     27.750  1025.3762  52005.326    31.8142      0.910    7.65489     2.6406     2.6408    25.3719   13.65033 2.5722e+02      0.919 0.0000e+00
        113  87.536319    0.00778     0.4667     28.000  1025.3764  52005.761    31.8144      0.909    7.65493     2.6407     2.6406    25.3721   13.65038 2.5678e+02      0.918 0.0000e+00
        114  87.536322    0.00785     0.4708     28.250  1025.3759  52004.826    31.8138      0.909    7.65495     2.6404     2.6407    25.3716   13.65042 2.5600e+02      0.918 0.0000e+00
        115  87.536325    0.00792     0.4750     28.500  1025.3741  52001.419    31.8115      0.911    7.65506     2.6397     2.6407    25.3698   13.65063 2.5526e+02      0.920 0.0000e+00
        116  87.536328    0.00799     0.4792     28.750  1025.3713  51996.306    31.8080      0.914    7.65529     2.6386     2.6404    25.3670   13.65107 2.5543e+02      0.923 0.0000e+00
        117  87.536331    0.00806     0.4833     29.000  1025.3683  51990.898    31.8041      0.916    7.65563     2.6374     2.6397    25.3640   13.65168 2.5688e+02      0.924 0.0000e+00
        118  87.536334    0.00813     0.4875     29.250  1025.3657  51986.341    31.8008      0.916    7.65601     2.6362     2.6387    25.3614   13.65235 2.5857e+02      0.924 0.0000e+00
        119  87.536337    0.00819     0.4917     29.500  1025.3644  51984.334    31.7991      0.912    7.65634     2.6354     2.6374    25.3601   13.65291 2.5881e+02      0.921 0.0000e+00
        120  87.536340    0.00826     0.4958     29.750  1025.3653  51986.351    31.8001      0.906    7.65651     2.6349     2.6363    25.3610   13.65317 2.5774e+02      0.914 0.0000e+00
        121  87.536343    0.00833     0.5000     30.000  1025.3679  51991.387    31.8033      0.899    7.65651     2.6346     2.6354    25.3636   13.65313 2.5780e+02      0.907 0.0000e+00
        122  87.536345    0.00840     0.5042     30.250  1025.3702  51995.838    31.8061      0.894    7.65646     2.6341     2.6349    25.3660   13.65300 2.5989e+02      0.902 0.0000e+00
        123  87.536348    0.00847     0.5083     30.500  1025.3699  51995.413    31.8058      0.893    7.65653     2.6333     2.6346    25.3657   13.65313 2.6278e+02      0.901 0.0000e+00
        124  87.536351    0.00854     0.5125     30.750  1025.3656  51987.512    31.8004      0.895    7.65690     2.6321     2.6342    25.3614   13.65381 2.6530e+02      0.903 0.0000e+00
        125  87.536354    0.00861     0.5167     31.000  1025.3577  51972.954    31.7903      0.899    7.65759     2.6310     2.6333    25.3534   13.65509 2.6610e+02      0.907 0.0000e+00
        126  87.536357    0.00868     0.5208     31.250  1025.3484  51955.995    31.7785      0.903    7.65843     2.6303     2.6321    25.3441   13.65663 2.6444e+02      0.912 0.0000e+00
        127  87.536360    0.00875     0.5250     31.500  1025.3402  51941.025    31.7681      0.907    7.65917     2.6298     2.6311    25.3359   13.65800 2.6185e+02      0.916 0.0000e+00
        128  87.536363    0.00882     0.5292     31.750  1025.3339  51929.561    31.7602      0.910    7.65973     2.6289     2.6304    25.3296   13.65901 2.6105e+02      0.918 0.0000e+00
        129  87.536366    0.00889     0.5333     32.000  1025.3293  51921.183    31.7544      0.910    7.66014     2.6274     2.6298    25.3250   13.65978 2.6294e+02      0.918 0.0000e+00
        130  87.536369    0.00896     0.5375     32.250  1025.3262  51915.575    31.7504      0.907    7.66052     2.6253     2.6290    25.3219   13.66045 2.6630e+02      0.915 0.0000e+00
        131  87.536372    0.00903     0.5417     32.500  1025.3252  51914.154    31.7490      0.901    7.66088     2.6232     2.6275    25.3209   13.66106 2.6929e+02      0.910 0.0000e+00
        132  87.536374    0.00910     0.5458     32.750  1025.3275  51919.099    31.7517      0.894    7.66113     2.6219     2.6254    25.3233   13.66145 2.7050e+02      0.903 0.0000e+00
        133  87.536377    0.00917     0.5500     33.000  1025.3332  51930.312    31.7587      0.889    7.66116     2.6214     2.6233    25.3290   13.66140 2.6930e+02      0.898 0.0000e+00
        134  87.536380    0.00924     0.5542     33.250  1025.3407  51944.578    31.7680      0.886    7.66093     2.6215     2.6220    25.3365   13.66090 2.6718e+02      0.894 0.0000e+00
        135  87.536383    0.00931     0.5583     33.500  1025.3475  51957.180    31.7764      0.886    7.66058     2.6218     2.6215    25.3432   13.66021 2.6639e+02      0.894 0.0000e+00
        136  87.536386    0.00937     0.5625     33.750  1025.3513  51964.251    31.7812      0.889    7.66030     2.6217     2.6216    25.3471   13.65969 2.6686e+02      0.897 0.0000e+00
        137  87.536389    0.00944     0.5667     34.000  1025.3512  51964.087    31.7811      0.894    7.66026     2.6211     2.6219    25.3470   13.65961 2.6779e+02      0.902 0.0000e+00
        138  87.536392    0.00951     0.5708     34.250  1025.3479  51957.850    31.7769      0.898    7.66049     2.6202     2.6218    25.3436   13.66006 2.6832e+02      0.906 0.0000e+00
        139  87.536395    0.00958     0.5750     34.500  1025.3432  51949.301    31.7710      0.900    7.66092     2.6195     2.6212    25.3389   13.66084 2.6768e+02      0.909 0.0000e+00
        140  87.536398    0.00965     0.5792     34.750  1025.3392  51942.138    31.7659      0.900    7.66135     2.6190     2.6203    25.3349   13.66163 2.6705e+02      0.908 0.0000e+00
        141  87.536400    0.00972     0.5833     35.000  1025.3368  51937.860    31.7628      0.897    7.66166     2.6187     2.6196    25.3325   13.66218 2.6811e+02      0.905 0.0000e+00
        142  87.536403    0.00979     0.5875     35.250  1025.3356  51935.740    31.7612      0.892    7.66183     2.6186     2.6191    25.3313   13.66248 2.7049e+02      0.900 0.0000e+00
        143  87.536406    0.00986     0.5917     35.500  1025.3342  51933.167    31.7594      0.887    7.66198     2.6185     2.6188    25.3299   13.66275 2.7250e+02      0.895 0.0000e+00
        144  87.536409    0.00993     0.5958     35.750  1025.3309  51927.235    31.7554      0.882    7.66223     2.6184     2.6187    25.3267   13.66320 2.7305e+02      0.891 0.0000e+00
        145  87.536412    0.01000     0.6000     36.000  1025.3259  51918.041    31.7492      0.879    7.66258     2.6183     2.6185    25.3217   13.66386 2.7168e+02      0.888 0.0000e+00
        146  87.536415    0.01007     0.6042     36.250  1025.3210  51908.862    31.7429      0.878    7.66292     2.6182     2.6184    25.3167   13.66451 2.6976e+02      0.886 0.0000e+00
        147  87.536418    0.01014     0.6083     36.500  1025.3176  51902.574    31.7387      0.878    7.66315     2.6179     2.6184    25.3133   13.66496 2.6998e+02      0.887 0.0000e+00
        148  87.536421    0.01021     0.6125     36.750  1025.3161  51899.788    31.7368      0.880    7.66327     2.6174     2.6183    25.3118   13.66518 2.7225e+02      0.889 0.0000e+00
        149  87.536424    0.01028     0.6167     37.000  1025.3157  51899.092    31.7362      0.883    7.66336     2.6167     2.6180    25.3114   13.66533 2.7392e+02      0.892 0.0000e+00
        150  87.536427    0.01035     0.6208     37.250  1025.3149  51897.850    31.7352      0.886    7.66351     2.6159     2.6174    25.3107   13.66559 2.7331e+02      0.895 0.0000e+00
        151  87.536429    0.01042     0.6250     37.500  1025.3130  51894.391    31.7327      0.888    7.66378     2.6151     2.6167    25.3087   13.66606 2.7217e+02      0.897 0.0000e+00
        152  87.536432    0.01049     0.6292     37.750  1025.3102  51889.355    31.7291      0.889    7.66412     2.6144     2.6159    25.3059   13.66667 2.7323e+02      0.898 0.0000e+00
        153  87.536435    0.01056     0.6333     38.000  1025.3073  51884.331    31.7255      0.889    7.66446     2.6137     2.6151    25.3031   13.66729 2.7573e+02      0.898 0.0000e+00
        154  87.536438    0.01063     0.6375     38.250  1025.3051  51880.498    31.7227      0.889    7.66476     2.6130     2.6144    25.3009   13.66781 2.7721e+02      0.898 0.0000e+00
        155  87.536441    0.01069     0.6417     38.500  1025.3040  51878.620    31.7212      0.890    7.66497     2.6123     2.6137    25.2998   13.66818 2.7570e+02      0.899 0.0000e+00
        156  87.536444    0.01076     0.6458     38.750  1025.3043  51879.243    31.7215      0.892    7.66508     2.6114     2.6130    25.3001   13.66836 2.7187e+02      0.900 0.0000e+00
        157  87.536447    0.01083     0.6500     39.000  1025.3060  51882.585    31.7235      0.896    7.66511     2.6105     2.6123    25.3018   13.66838 2.6909e+02      0.905 0.0000e+00
        158  87.536450    0.01090     0.6542     39.250  1025.3086  51887.519    31.7266      0.904    7.66511     2.6095     2.6115    25.3043   13.66833 2.6848e+02      0.912 0.0000e+00
        159  87.536453    0.01097     0.6583     39.500  1025.3103  51890.867    31.7286      0.913    7.66518     2.6086     2.6106    25.3060   13.66843 2.7004e+02      0.922 0.0000e+00
        160  87.536455    0.01104     0.6625     39.750  1025.3096  51889.724    31.7275      0.923    7.66542     2.6076     2.6096    25.3052   13.66883 2.7364e+02      0.932 0.0000e+00
        161  87.536458    0.01111     0.6667     40.000  1025.3069  51884.975    31.7241      0.931    7.66578     2.6064     2.6087    25.3025   13.66948 2.7694e+02      0.940 0.0000e+00
        162  87.536461    0.01118     0.6708     40.250  1025.3044  51880.528    31.7208      0.937    7.66615     2.6047     2.6077    25.2999   13.67012 2.7779e+02      0.946 0.0000e+00
        163  87.536464    0.01125     0.6750     40.500  1025.3035  51879.226    31.7196      0.943    7.66644     2.6021     2.6064    25.2991   13.67063 2.7621e+02      0.952 0.0000e+00
        164  87.536467    0.01132     0.6792     40.750  1025.3044  51881.189    31.7204      0.951    7.66672     2.5981     2.6047    25.2999   13.67109 2.7393e+02      0.960 0.0000e+00
        165  87.536470    0.01139     0.6833     41.000  1025.3060  51884.817    31.7222      0.961    7.66713     2.5920     2.6021    25.3014   13.67174 2.7243e+02      0.970 0.0000e+00
        166  87.536473    0.01146     0.6875     41.250  1025.3080  51889.501    31.7242      0.972    7.66780     2.5827     2.5981    25.3034   13.67280 2.7192e+02      0.981 0.0000e+00
        167  87.536476    0.01153     0.6917     41.500  1025.3117  51897.788    31.7281      0.982    7.66877     2.5695     2.5920    25.3070   13.67435 2.7242e+02      0.991 0.0000e+00
        168  87.536479    0.01160     0.6958     41.750  1025.3187  51913.251    31.7359      0.991    7.67014     2.5534     2.5828    25.3140   13.67651 2.7362e+02      1.000 0.0000e+00
        169  87.536481    0.01167     0.7000     42.000  1025.3297  51937.044    31.7483      0.999    7.67201     2.5369     2.5696    25.3249   13.67944 2.7404e+02      1.008 0.0000e+00
        170  87.536484    0.01174     0.7042     42.250  1025.3433  51966.572    31.7638      1.008    7.67429     2.5220     2.5535    25.3385   13.68298 2.7299e+02      1.017 0.0000e+00
