CTD-processing/allCTD/CNV--homogene/2017_01-11_alongbay_skb06_cast025.cnv
* Sea-Bird SBE19plus Data File:
* FileName = P:\My Documents\kasitsna\Research-KBL\Oceanography-AK\CTD-Data-ALL-to-2016-05\2017-CTD-KachemakBay-CookInlet\2017-01-11-KachemakBay-AlongBay-partial\2017-01-11-KachemakBay-AlongBay-cast025.hex
* Software Version 1.59
* Temperature SN =  4141
* Conductivity SN =  4141
* System UpLoad Time = Jan 17 2017 15:08:48
** Cook Inlet LTM Kachemak Bay Along-bay Transect - partial
** Date: (YYYY-MM-DD): 2017-01-11
** Station: (eg. 9-01): KB06
** Start time (AKST): 15:52
** Depth (m): 103
** Comment: R/V Edgecumbe. From T4 to T9.
** Comment:
# nquan = 17
# nvalues = 689                         
# units = specified
# name 0 = scan: Scan Count
# name 1 = timeJ: Julian Days
# name 2 = timeH: Time, Elapsed [hours]
# name 3 = timeM: Time, Elapsed [minutes]
# name 4 = timeS: Time, Elapsed [seconds]
# name 5 = density00: Density [density, kg/m^3]
# name 6 = specc: Specific Conductance [uS/cm]
# name 7 = sal00: Salinity, Practical [PSU]
# name 8 = depSM: Depth [salt water, m], lat = 59.00
# name 9 = oxsolML/L: Oxygen Saturation, Garcia & Gordon [ml/l]
# name 10 = potemp090C: Potential Temperature [ITS-90, deg C]
# name 11 = tv290C: Temperature [ITS-90, deg C]
# name 12 = sigma-é00: Density [sigma-theta, kg/m^3]
# name 13 = n2satML/L: Nitrogen Saturation [ml/l]
# name 14 = par: PAR/Irradiance, Biospherical/Licor
# name 15 = prdM: Pressure, Strain Gauge [db]
# name 16 = flag:  0.000e+00
# span 0 =          1,        689       
# span 1 =  11.661389,  11.663380       
# span 2 =    0.00000,    0.04778       
# span 3 =     0.0000,     2.8667       
# span 4 =      0.000,    172.000       
# span 5 =  1001.4224,  1025.1509       
# span 6 =   3556.268,  50571.788       
# span 7 =     1.8691,    31.3055       
# span 8 =      0.004,     82.659       
# span 9 =    7.29253,    9.77340       
# span 10 =     1.2368,     4.7566      
# span 11 =     1.1949,     4.7620      
# span 12 =     1.4223,    24.7908      
# span 13 =   13.05920,   17.62756      
# span 14 = 3.6382e-02, 4.2293e+01      
# span 15 =      0.004,     83.456      
# span 16 = 0.0000e+00, 0.0000e+00      
# interval = seconds: 0.25
# start_time = Jan 11 2017 15:52:24 [Instrument's time stamp, header]
# bad_flag = -9.990e-29
*END*
[from data line 341]
        342  11.662376    0.02368     1.4208     85.250  1024.8362  50525.980    31.2515     15.632    7.35127     4.4433     4.4409    24.7626   13.15670 6.9672e-01     15.780 0.0000e+00
        343  11.662378    0.02375     1.4250     85.500  1024.8362  50523.844    31.2503     15.861    7.35097     4.4444     4.4429    24.7615   13.15622 6.6533e-01     16.011 0.0000e+00
        344  11.662381    0.02382     1.4292     85.750  1024.8366  50522.510    31.2496     16.081    7.35075     4.4450     4.4444    24.7608   13.15586 6.3641e-01     16.233 0.0000e+00
        345  11.662384    0.02389     1.4333     86.000  1024.8366  50520.787    31.2486     16.289    7.35061     4.4449     4.4455    24.7599   13.15564 6.0994e-01     16.443 0.0000e+00
        346  11.662387    0.02396     1.4375     86.250  1024.8364  50518.847    31.2473     16.487    7.35056     4.4443     4.4461    24.7588   13.15559 5.8543e-01     16.643 0.0000e+00
        347  11.662390    0.02403     1.4417     86.500  1024.8363  50517.101    31.2460     16.681    7.35063     4.4432     4.4460    24.7578   13.15572 5.6197e-01     16.838 0.0000e+00
        348  11.662393    0.02410     1.4458     86.750  1024.8363  50515.592    31.2447     16.873    7.35081     4.4419     4.4454    24.7568   13.15603 5.3912e-01     17.033 0.0000e+00
        349  11.662396    0.02417     1.4500     87.000  1024.8369  50515.389    31.2443     17.065    7.35103     4.4410     4.4443    24.7565   13.15640 5.1727e-01     17.227 0.0000e+00
        350  11.662399    0.02424     1.4542     87.250  1024.8388  50517.470    31.2453     17.255    7.35120     4.4415     4.4430    24.7575   13.15667 4.9684e-01     17.418 0.0000e+00
        351  11.662402    0.02431     1.4583     87.500  1024.8427  50523.343    31.2491     17.440    7.35117     4.4442     4.4422    24.7605   13.15657 4.7787e-01     17.605 0.0000e+00
        352  11.662405    0.02438     1.4625     87.750  1024.8479  50531.571    31.2547     17.617    7.35081     4.4491     4.4427    24.7650   13.15589 4.6035e-01     17.784 0.0000e+00
        353  11.662407    0.02444     1.4667     88.000  1024.8526  50538.347    31.2598     17.789    7.35007     4.4559     4.4454    24.7688   13.15461 4.4395e-01     17.957 0.0000e+00
        354  11.662410    0.02451     1.4708     88.250  1024.8571  50544.707    31.2652     17.961    7.34894     4.4646     4.4503    24.7726   13.15267 4.2804e-01     18.131 0.0000e+00
        355  11.662413    0.02458     1.4750     88.500  1024.8621  50551.375    31.2712     18.142    7.34742     4.4750     4.4571    24.7766   13.15010 4.1202e-01     18.314 0.0000e+00
        356  11.662416    0.02465     1.4792     88.750  1024.8662  50556.219    31.2764     18.337    7.34561     4.4870     4.4658    24.7799   13.14704 3.9556e-01     18.511 0.0000e+00
        357  11.662419    0.02472     1.4833     89.000  1024.8703  50560.533    31.2816     18.549    7.34351     4.5012     4.4762    24.7829   13.14349 3.7846e-01     18.725 0.0000e+00
        358  11.662422    0.02479     1.4875     89.250  1024.8757  50567.067    31.2886     18.780    7.34102     4.5173     4.4883    24.7873   13.13929 3.6103e-01     18.958 0.0000e+00
        359  11.662425    0.02486     1.4917     89.500  1024.8804  50571.788    31.2949     19.023    7.33819     4.5335     4.5025    24.7908   13.13454 3.4403e-01     19.204 0.0000e+00
        360  11.662428    0.02493     1.4958     89.750  1024.8809  50568.315    31.2960     19.274    7.33527     4.5477     4.5186    24.7901   13.12971 3.2773e-01     19.457 0.0000e+00
        361  11.662431    0.02500     1.5000     90.000  1024.8775  50557.738    31.2923     19.525    7.33258     4.5588     4.5348    24.7855   13.12531 3.1225e-01     19.711 0.0000e+00
        362  11.662433    0.02507     1.5042     90.250  1024.8724  50544.391    31.2862     19.773    7.33037     4.5666     4.5490    24.7793   13.12173 2.9800e-01     19.961 0.0000e+00
        363  11.662436    0.02514     1.5083     90.500  1024.8672  50531.470    31.2798     20.012    7.32872     4.5717     4.5601    24.7730   13.11910 2.8507e-01     20.202 0.0000e+00
        364  11.662439    0.02521     1.5125     90.750  1024.8632  50521.148    31.2743     20.242    7.32759     4.5749     4.5680    24.7679   13.11730 2.7318e-01     20.434 0.0000e+00
        365  11.662442    0.02528     1.5167     91.000  1024.8607  50514.042    31.2705     20.464    7.32687     4.5768     4.5731    24.7644   13.11616 2.6206e-01     20.658 0.0000e+00
        366  11.662445    0.02535     1.5208     91.250  1024.8598  50510.122    31.2684     20.680    7.32642     4.5781     4.5763    24.7624   13.11545 2.5155e-01     20.877 0.0000e+00
        367  11.662448    0.02542     1.5250     91.500  1024.8602  50508.882    31.2679     20.890    7.32611     4.5795     4.5782    24.7618   13.11494 2.4165e-01     21.088 0.0000e+00
        368  11.662451    0.02549     1.5292     91.750  1024.8613  50509.148    31.2683     21.092    7.32584     4.5808     4.5796    24.7620   13.11449 2.3240e-01     21.292 0.0000e+00
        369  11.662454    0.02556     1.5333     92.000  1024.8622  50509.219    31.2686     21.282    7.32559     4.5819     4.5809    24.7620   13.11408 2.2378e-01     21.484 0.0000e+00
        370  11.662457    0.02562     1.5375     92.250  1024.8626  50508.262    31.2681     21.461    7.32537     4.5827     4.5823    24.7616   13.11372 2.1573e-01     21.664 0.0000e+00
        371  11.662459    0.02569     1.5417     92.500  1024.8628  50507.065    31.2675     21.633    7.32520     4.5832     4.5834    24.7609   13.11345 2.0802e-01     21.839 0.0000e+00
        372  11.662462    0.02576     1.5458     92.750  1024.8631  50506.270    31.2670     21.807    7.32508     4.5836     4.5842    24.7605   13.11326 2.0036e-01     22.014 0.0000e+00
        373  11.662465    0.02583     1.5500     93.000  1024.8636  50505.706    31.2667     21.985    7.32500     4.5836     4.5847    24.7602   13.11313 1.9267e-01     22.194 0.0000e+00
        374  11.662468    0.02590     1.5542     93.250  1024.8640  50504.985    31.2662     22.170    7.32497     4.5833     4.5851    24.7597   13.11309 1.8510e-01     22.381 0.0000e+00
        375  11.662471    0.02597     1.5583     93.500  1024.8644  50504.215    31.2655     22.358    7.32499     4.5828     4.5851    24.7592   13.11313 1.7787e-01     22.570 0.0000e+00
        376  11.662474    0.02604     1.5625     93.750  1024.8652  50504.103    31.2653     22.545    7.32505     4.5823     4.5848    24.7591   13.11324 1.7116e-01     22.759 0.0000e+00
        377  11.662477    0.02611     1.5667     94.000  1024.8662  50504.657    31.2655     22.726    7.32513     4.5819     4.5844    24.7592   13.11336 1.6499e-01     22.941 0.0000e+00
        378  11.662480    0.02618     1.5708     94.250  1024.8673  50505.440    31.2658     22.900    7.32520     4.5817     4.5839    24.7596   13.11347 1.5929e-01     23.118 0.0000e+00
        379  11.662483    0.02625     1.5750     94.500  1024.8684  50506.153    31.2661     23.071    7.32525     4.5815     4.5835    24.7599   13.11355 1.5397e-01     23.290 0.0000e+00
        380  11.662486    0.02632     1.5792     94.750  1024.8691  50506.018    31.2659     23.242    7.32530     4.5810     4.5833    24.7597   13.11364 1.4891e-01     23.463 0.0000e+00
        381  11.662488    0.02639     1.5833     95.000  1024.8693  50505.026    31.2651     23.417    7.32538     4.5802     4.5831    24.7591   13.11378 1.4401e-01     23.640 0.0000e+00
        382  11.662491    0.02646     1.5875     95.250  1024.8697  50504.333    31.2644     23.601    7.32550     4.5793     4.5826    24.7586   13.11398 1.3920e-01     23.825 0.0000e+00
        383  11.662494    0.02653     1.5917     95.500  1024.8707  50504.674    31.2644     23.795    7.32564     4.5787     4.5818    24.7587   13.11421 1.3440e-01     24.020 0.0000e+00
        384  11.662497    0.02660     1.5958     95.750  1024.8722  50505.934    31.2650     24.000    7.32576     4.5785     4.5810    24.7592   13.11440 1.2961e-01     24.228 0.0000e+00
        385  11.662500    0.02667     1.6000     96.000  1024.8740  50507.626    31.2659     24.215    7.32582     4.5786     4.5804    24.7600   13.11449 1.2490e-01     24.445 0.0000e+00
        386  11.662503    0.02674     1.6042     96.250  1024.8757  50509.006    31.2667     24.439    7.32582     4.5788     4.5801    24.7607   13.11448 1.2028e-01     24.671 0.0000e+00
        387  11.662506    0.02681     1.6083     96.500  1024.8768  50509.239    31.2667     24.667    7.32579     4.5787     4.5803    24.7607   13.11443 1.1578e-01     24.902 0.0000e+00
        388  11.662509    0.02688     1.6125     96.750  1024.8774  50508.377    31.2661     24.898    7.32579     4.5782     4.5805    24.7601   13.11444 1.1149e-01     25.135 0.0000e+00
        389  11.662512    0.02694     1.6167     97.000  1024.8776  50507.009    31.2650     25.127    7.32585     4.5773     4.5804    24.7593   13.11456 1.0743e-01     25.365 0.0000e+00
        390  11.662514    0.02701     1.6208     97.250  1024.8779  50505.709    31.2639     25.352    7.32599     4.5761     4.5799    24.7585   13.11480 1.0358e-01     25.593 0.0000e+00
        391  11.662517    0.02708     1.6250     97.500  1024.8784  50505.058    31.2632     25.574    7.32618     4.5748     4.5790    24.7580   13.11513 9.9922e-02     25.817 0.0000e+00
        392  11.662520    0.02715     1.6292     97.750  1024.8792  50504.896    31.2627     25.793    7.32642     4.5733     4.5779    24.7578   13.11552 9.6467e-02     26.038 0.0000e+00
        393  11.662523    0.02722     1.6333     98.000  1024.8799  50504.741    31.2622     26.007    7.32668     4.5717     4.5765    24.7575   13.11596 9.3192e-02     26.255 0.0000e+00
        394  11.662526    0.02729     1.6375     98.250  1024.8806  50504.518    31.2616     26.216    7.32696     4.5700     4.5751    24.7572   13.11644 9.0110e-02     26.466 0.0000e+00
        395  11.662529    0.02736     1.6417     98.500  1024.8814  50504.726    31.2613     26.417    7.32726     4.5685     4.5735    24.7571   13.11693 8.7247e-02     26.668 0.0000e+00
        396  11.662532    0.02743     1.6458     98.750  1024.8828  50505.959    31.2617     26.608    7.32754     4.5675     4.5719    24.7576   13.11737 8.4610e-02     26.860 0.0000e+00
        397  11.662535    0.02750     1.6500     99.000  1024.8846  50508.058    31.2627     26.788    7.32775     4.5670     4.5704    24.7585   13.11771 8.2173e-02     27.042 0.0000e+00
        398  11.662538    0.02757     1.6542     99.250  1024.8865  50510.364    31.2639     26.960    7.32788     4.5670     4.5693    24.7596   13.11790 7.9883e-02     27.216 0.0000e+00
        399  11.662541    0.02764     1.6583     99.500  1024.8882  50512.202    31.2650     27.129    7.32791     4.5672     4.5688    24.7605   13.11795 7.7706e-02     27.386 0.0000e+00
        400  11.662543    0.02771     1.6625     99.750  1024.8895  50513.198    31.2656     27.298    7.32788     4.5676     4.5688    24.7610   13.11790 7.5612e-02     27.557 0.0000e+00
        401  11.662546    0.02778     1.6667    100.000  1024.8903  50513.393    31.2657     27.470    7.32783     4.5678     4.5691    24.7610   13.11781 7.3578e-02     27.731 0.0000e+00
        402  11.662549    0.02785     1.6708    100.250  1024.8910  50513.216    31.2656     27.644    7.32777     4.5680     4.5694    24.7609   13.11771 7.1638e-02     27.907 0.0000e+00
        403  11.662552    0.02792     1.6750    100.500  1024.8917  50513.130    31.2655     27.817    7.32772     4.5682     4.5697    24.7608   13.11763 6.9809e-02     28.082 0.0000e+00
        404  11.662555    0.02799     1.6792    100.750  1024.8927  50513.416    31.2657     27.991    7.32768     4.5686     4.5699    24.7609   13.11756 6.8060e-02     28.258 0.0000e+00
        405  11.662558    0.02806     1.6833    101.000  1024.8941  50514.499    31.2664     28.171    7.32761     4.5695     4.5701    24.7614   13.11743 6.6368e-02     28.439 0.0000e+00
        406  11.662561    0.02813     1.6875    101.250  1024.8959  50516.282    31.2676     28.362    7.32747     4.5707     4.5706    24.7624   13.11720 6.4718e-02     28.633 0.0000e+00
        407  11.662564    0.02819     1.6917    101.500  1024.8977  50517.946    31.2688     28.569    7.32726     4.5723     4.5714    24.7632   13.11684 6.3073e-02     28.842 0.0000e+00
        408  11.662567    0.02826     1.6958    101.750  1024.8994  50519.102    31.2697     28.792    7.32699     4.5742     4.5727    24.7639   13.11637 6.1411e-02     29.066 0.0000e+00
        409  11.662569    0.02833     1.7000    102.000  1024.9010  50519.931    31.2705     29.025    7.32666     4.5761     4.5744    24.7644   13.11581 5.9784e-02     29.302 0.0000e+00
        410  11.662572    0.02840     1.7042    102.250  1024.9021  50519.785    31.2707     29.264    7.32632     4.5775     4.5762    24.7643   13.11525 5.8238e-02     29.543 0.0000e+00
        411  11.662575    0.02847     1.7083    102.500  1024.9022  50517.922    31.2698     29.505    7.32603     4.5784     4.5781    24.7634   13.11479 5.6778e-02     29.786 0.0000e+00
        412  11.662578    0.02854     1.7125    102.750  1024.9022  50515.631    31.2684     29.746    7.32584     4.5788     4.5796    24.7622   13.11448 5.5411e-02     30.029 0.0000e+00
        413  11.662581    0.02861     1.7167    103.000  1024.9027  50514.455    31.2677     29.987    7.32572     4.5791     4.5804    24.7615   13.11430 5.4153e-02     30.272 0.0000e+00
        414  11.662584    0.02868     1.7208    103.250  1024.9036  50514.134    31.2675     30.230    7.32565     4.5792     4.5809    24.7612   13.11420 5.2979e-02     30.518 0.0000e+00
        415  11.662587    0.02875     1.7250    103.500  1024.9045  50513.842    31.2672     30.475    7.32562     4.5793     4.5812    24.7610   13.11414 5.1819e-02     30.765 0.0000e+00
        416  11.662590    0.02882     1.7292    103.750  1024.9053  50513.512    31.2669     30.719    7.32560     4.5792     4.5813    24.7607   13.11412 5.0665e-02     31.012 0.0000e+00
        417  11.662593    0.02889     1.7333    104.000  1024.9063  50513.472    31.2668     30.960    7.32560     4.5792     4.5814    24.7606   13.11411 4.9578e-02     31.255 0.0000e+00
        418  11.662595    0.02896     1.7375    104.250  1024.9074  50513.617    31.2668     31.194    7.32560     4.5791     4.5814    24.7606   13.11411 4.8595e-02     31.492 0.0000e+00
        419  11.662598    0.02903     1.7417    104.500  1024.9084  50513.701    31.2667     31.418    7.32561     4.5791     4.5814    24.7606   13.11413 4.7720e-02     31.718 0.0000e+00
        420  11.662601    0.02910     1.7458    104.750  1024.9094  50513.739    31.2666     31.628    7.32562     4.5790     4.5813    24.7605   13.11415 4.6937e-02     31.930 0.0000e+00
        421  11.662604    0.02917     1.7500    105.000  1024.9103  50513.883    31.2666     31.824    7.32563     4.5791     4.5813    24.7605   13.11417 4.6213e-02     32.127 0.0000e+00
        422  11.662607    0.02924     1.7542    105.250  1024.9113  50514.389    31.2668     32.004    7.32563     4.5793     4.5812    24.7607   13.11416 4.5542e-02     32.308 0.0000e+00
        423  11.662610    0.02931     1.7583    105.500  1024.9125  50515.227    31.2673     32.172    7.32560     4.5797     4.5813    24.7611   13.11410 4.4919e-02     32.478 0.0000e+00
        424  11.662613    0.02937     1.7625    105.750  1024.9137  50516.013    31.2678     32.332    7.32553     4.5802     4.5815    24.7615   13.11398 4.4334e-02     32.640 0.0000e+00
        425  11.662616    0.02944     1.7667    106.000  1024.9146  50516.434    31.2681     32.492    7.32544     4.5808     4.5819    24.7617   13.11383 4.3774e-02     32.801 0.0000e+00
