CTD-processing/allCTD/CNV--homogene/2017_04-19_t7_s15_cast113.cnv
* Sea-Bird SBE19plus Data File:
* FileName = P:\My Documents\kasitsna\Research-KBL\Oceanography-AK\CTD-Data-ALL-to-2017-02\2017-CTD-KachemakBay-CookInlet\2017-04-19-CookInlet-Tran7-Augustine\2017-04-19-CookInlet-Tran7-cast113.hex
* Software Version 1.59
* Temperature SN =  4141
* Conductivity SN =  4141
* System UpLoad Time = Apr 19 2017 16:43:54
** Cook Inlet LTM Transect 7 Augustine west to east
** Date: 2017-04-19
** Station: (eg. 9-01): 7-15
** Start time (AKDT): 13:15
** Depth (m): 71.6
** Comment: R/V Alaska Dreamcatcher
** Comment: Crossed a convergence just past the station (kelp, birds)
# nquan = 17
# nvalues = 520                         
# units = specified
# name 0 = scan: Scan Count
# name 1 = timeJ: Julian Days
# name 2 = timeH: Time, Elapsed [hours]
# name 3 = timeM: Time, Elapsed [minutes]
# name 4 = timeS: Time, Elapsed [seconds]
# name 5 = density00: Density [density, kg/m^3]
# name 6 = specc: Specific Conductance [uS/cm]
# name 7 = sal00: Salinity, Practical [PSU]
# name 8 = depSM: Depth [salt water, m], lat = 59.00
# name 9 = oxsolML/L: Oxygen Saturation, Garcia & Gordon [ml/l]
# name 10 = potemp090C: Potential Temperature [ITS-90, deg C]
# name 11 = tv290C: Temperature [ITS-90, deg C]
# name 12 = sigma-é00: Density [sigma-theta, kg/m^3]
# name 13 = n2satML/L: Nitrogen Saturation [ml/l]
# name 14 = par: PAR/Irradiance, Biospherical/Licor
# name 15 = prdM: Pressure, Strain Gauge [db]
# name 16 = flag:  0.000e+00
# span 0 =          1,        520       
# span 1 = 109.552801, 109.554303       
# span 2 =    0.00000,    0.03604       
# span 3 =     0.0000,     2.1625       
# span 4 =      0.000,    129.750       
# span 5 =  1000.1814,  1025.7392       
# span 6 =    670.620,  51815.380       
# span 7 =     0.3182,    32.3457       
# span 8 =     -0.060,     71.442       
# span 9 =    7.13815,    8.59574       
# span 10 =     4.8285,     6.4462      
# span 11 =     4.8335,     6.4462      
# span 12 =     0.1817,    25.5316      
# span 13 =   12.79073,   15.67731      
# span 14 = 2.6813e-01, 2.7142e+03      
# span 15 =     -0.060,     72.129      
# span 16 = 0.0000e+00, 0.0000e+00      
# interval = seconds: 0.25
# start_time = Apr 19 2017 13:16:02 [Instrument's time stamp, header]
# bad_flag = -9.990e-29
*END*
[from data line 86]
         87 109.553050    0.00597     0.3583     21.500  1025.4032  51575.566    32.1730      0.963    7.15311     5.3154     5.3228    25.3987   12.81762 8.8425e+02      0.972 0.0000e+00
         88 109.553053    0.00604     0.3625     21.750  1025.4060  51581.119    32.1760      0.965    7.15360     5.3123     5.3190    25.4015   12.81840 1.0347e+03      0.974 0.0000e+00
         89 109.553056    0.00611     0.3667     22.000  1025.4092  51587.383    32.1796      0.964    7.15402     5.3096     5.3155    25.4047   12.81905 1.1655e+03      0.973 0.0000e+00
         90 109.553058    0.00618     0.3708     22.250  1025.4122  51593.208    32.1830      0.959    7.15440     5.3074     5.3124    25.4077   12.81963 1.2297e+03      0.968 0.0000e+00
         91 109.553061    0.00625     0.3750     22.500  1025.4143  51597.267    32.1852      0.950    7.15475     5.3060     5.3097    25.4098   12.82018 1.2774e+03      0.960 0.0000e+00
         92 109.553064    0.00632     0.3792     22.750  1025.4150  51598.879    32.1858      0.940    7.15509     5.3055     5.3075    25.4105   12.82073 1.3544e+03      0.949 0.0000e+00
         93 109.553067    0.00639     0.3833     23.000  1025.4149  51598.919    32.1856      0.930    7.15534     5.3058     5.3061    25.4105   12.82115 1.4549e+03      0.938 0.0000e+00
         94 109.553070    0.00646     0.3875     23.250  1025.4151  51599.472    32.1858      0.924    7.15542     5.3068     5.3055    25.4108   12.82128 1.5998e+03      0.933 0.0000e+00
         95 109.553073    0.00653     0.3917     23.500  1025.4168  51602.497    32.1880      0.925    7.15527     5.3084     5.3058    25.4124   12.82099 1.7913e+03      0.934 0.0000e+00
         96 109.553076    0.00660     0.3958     23.750  1025.4206  51609.443    32.1930      0.932    7.15485     5.3103     5.3069    25.4163   12.82025 1.7855e+03      0.941 0.0000e+00
         97 109.553079    0.00667     0.4000     24.000  1025.4275  51621.844    32.2019      0.943    7.15416     5.3126     5.3084    25.4232   12.81899 1.4938e+03      0.952 0.0000e+00
         98 109.553082    0.00674     0.4042     24.250  1025.4382  51641.049    32.2156      0.954    7.15317     5.3150     5.3104    25.4338   12.81718 1.1900e+03      0.963 0.0000e+00
         99 109.553084    0.00681     0.4083     24.500  1025.4514  51664.977    32.2326      0.961    7.15197     5.3171     5.3127    25.4470   12.81498 9.6864e+02      0.970 0.0000e+00
        100 109.553087    0.00688     0.4125     24.750  1025.4626  51685.164    32.2470      0.964    7.15088     5.3187     5.3151    25.4581   12.81299 7.9767e+02      0.973 0.0000e+00
        101 109.553090    0.00694     0.4167     25.000  1025.4660  51691.172    32.2516      0.963    7.15031     5.3200     5.3172    25.4615   12.81199 7.0397e+02      0.972 0.0000e+00
        102 109.553093    0.00701     0.4208     25.250  1025.4604  51680.683    32.2447      0.960    7.15036     5.3211     5.3188    25.4559   12.81217 6.6693e+02      0.969 0.0000e+00
        103 109.553096    0.00708     0.4250     25.500  1025.4506  51662.685    32.2326      0.957    7.15071     5.3221     5.3201    25.4461   12.81291 6.7315e+02      0.966 0.0000e+00
        104 109.553099    0.00715     0.4292     25.750  1025.4432  51649.081    32.2234      0.956    7.15096     5.3232     5.3212    25.4387   12.81343 7.3655e+02      0.965 0.0000e+00
        105 109.553102    0.00722     0.4333     26.000  1025.4422  51647.023    32.2222      0.958    7.15085     5.3243     5.3222    25.4377   12.81327 8.0252e+02      0.967 0.0000e+00
        106 109.553105    0.00729     0.4375     26.250  1025.4485  51658.536    32.2303      0.961    7.15029     5.3253     5.3232    25.4440   12.81224 8.0459e+02      0.970 0.0000e+00
        107 109.553108    0.00736     0.4417     26.500  1025.4600  51679.506    32.2451      0.963    7.14940     5.3260     5.3243    25.4555   12.81058 7.8574e+02      0.972 0.0000e+00
        108 109.553111    0.00743     0.4458     26.750  1025.4704  51698.345    32.2583      0.963    7.14858     5.3261     5.3254    25.4659   12.80906 7.8587e+02      0.972 0.0000e+00
        109 109.553113    0.00750     0.4500     27.000  1025.4735  51704.042    32.2624      0.963    7.14828     5.3261     5.3261    25.4690   12.80850 7.9859e+02      0.972 0.0000e+00
        110 109.553116    0.00757     0.4542     27.250  1025.4700  51697.501    32.2579      0.963    7.14846     5.3261     5.3262    25.4655   12.80887 8.2972e+02      0.972 0.0000e+00
        111 109.553119    0.00764     0.4583     27.500  1025.4654  51689.200    32.2522      0.963    7.14874     5.3264     5.3262    25.4609   12.80940 8.8024e+02      0.972 0.0000e+00
        112 109.553122    0.00771     0.4625     27.750  1025.4638  51686.336    32.2502      0.962    7.14883     5.3271     5.3262    25.4593   12.80957 9.7693e+02      0.972 0.0000e+00
        113 109.553125    0.00778     0.4667     28.000  1025.4648  51688.022    32.2514      0.961    7.14872     5.3280     5.3265    25.4603   12.80938 1.0983e+03      0.970 0.0000e+00
        114 109.553128    0.00785     0.4708     28.250  1025.4652  51688.763    32.2521      0.958    7.14858     5.3290     5.3272    25.4607   12.80913 1.2045e+03      0.967 0.0000e+00
        115 109.553131    0.00792     0.4750     28.500  1025.4633  51685.202    32.2498      0.955    7.14853     5.3297     5.3281    25.4589   12.80907 1.3111e+03      0.964 0.0000e+00
        116 109.553134    0.00799     0.4792     28.750  1025.4609  51680.660    32.2469      0.953    7.14851     5.3303     5.3290    25.4564   12.80909 1.3589e+03      0.961 0.0000e+00
        117 109.553137    0.00806     0.4833     29.000  1025.4607  51680.323    32.2468      0.951    7.14840     5.3313     5.3297    25.4563   12.80890 1.3178e+03      0.959 0.0000e+00
        118 109.553139    0.00813     0.4875     29.250  1025.4640  51686.218    32.2510      0.949    7.14808     5.3326     5.3304    25.4595   12.80833 1.2412e+03      0.957 0.0000e+00
        119 109.553142    0.00819     0.4917     29.500  1025.4695  51696.298    32.2582      0.946    7.14758     5.3343     5.3313    25.4651   12.80741 1.1516e+03      0.955 0.0000e+00
        120 109.553145    0.00826     0.4958     29.750  1025.4747  51705.705    32.2650      0.944    7.14703     5.3359     5.3327    25.4703   12.80641 1.0631e+03      0.953 0.0000e+00
        121 109.553148    0.00833     0.5000     30.000  1025.4773  51710.159    32.2684      0.942    7.14658     5.3372     5.3343    25.4728   12.80564 9.8374e+02      0.951 0.0000e+00
        122 109.553151    0.00840     0.5042     30.250  1025.4764  51708.388    32.2675      0.942    7.14635     5.3382     5.3360    25.4720   12.80526 9.4516e+02      0.951 0.0000e+00
        123 109.553154    0.00847     0.5083     30.500  1025.4737  51703.276    32.2643      0.944    7.14627     5.3386     5.3373    25.4692   12.80518 9.5016e+02      0.953 0.0000e+00
        124 109.553157    0.00854     0.5125     30.750  1025.4720  51700.081    32.2623      0.948    7.14621     5.3389     5.3382    25.4675   12.80510 9.6499e+02      0.957 0.0000e+00
        125 109.553160    0.00861     0.5167     31.000  1025.4735  51702.701    32.2642      0.952    7.14604     5.3391     5.3387    25.4690   12.80479 9.4631e+02      0.961 0.0000e+00
        126 109.553163    0.00868     0.5208     31.250  1025.4791  51713.040    32.2714      0.956    7.14566     5.3397     5.3389    25.4747   12.80407 8.6329e+02      0.965 0.0000e+00
        127 109.553166    0.00875     0.5250     31.500  1025.4886  51730.324    32.2834      0.958    7.14504     5.3404     5.3392    25.4841   12.80290 7.8834e+02      0.967 0.0000e+00
        128 109.553168    0.00882     0.5292     31.750  1025.4990  51749.318    32.2966      0.956    7.14432     5.3412     5.3398    25.4945   12.80154 7.8193e+02      0.965 0.0000e+00
        129 109.553171    0.00889     0.5333     32.000  1025.5065  51762.861    32.3062      0.953    7.14373     5.3418     5.3405    25.5020   12.80045 8.3572e+02      0.962 0.0000e+00
        130 109.553174    0.00896     0.5375     32.250  1025.5083  51766.177    32.3086      0.949    7.14349     5.3423     5.3413    25.5038   12.80001 9.6535e+02      0.958 0.0000e+00
        131 109.553177    0.00903     0.5417     32.500  1025.5044  51759.065    32.3038      0.946    7.14361     5.3426     5.3419    25.5000   12.80028 1.1645e+03      0.955 0.0000e+00
        132 109.553180    0.00910     0.5458     32.750  1025.4976  51746.539    32.2952      0.946    7.14394     5.3427     5.3424    25.4932   12.80092 1.2771e+03      0.954 0.0000e+00
        133 109.553183    0.00917     0.5500     33.000  1025.4917  51735.689    32.2878      0.948    7.14424     5.3429     5.3427    25.4873   12.80152 1.2314e+03      0.956 0.0000e+00
        134 109.553186    0.00924     0.5542     33.250  1025.4891  51730.877    32.2845      0.951    7.14438     5.3433     5.3428    25.4846   12.80179 1.1477e+03      0.960 0.0000e+00
        135 109.553189    0.00931     0.5583     33.500  1025.4902  51732.805    32.2859      0.955    7.14429     5.3443     5.3429    25.4857   12.80163 1.0675e+03      0.964 0.0000e+00
        136 109.553192    0.00937     0.5625     33.750  1025.4944  51740.465    32.2913      0.957    7.14396     5.3460     5.3434    25.4899   12.80101 9.9809e+02      0.966 0.0000e+00
        137 109.553194    0.00944     0.5667     34.000  1025.5010  51752.471    32.2998      0.959    7.14338     5.3481     5.3444    25.4965   12.79995 9.5249e+02      0.968 0.0000e+00
        138 109.553197    0.00951     0.5708     34.250  1025.5090  51766.937    32.3101      0.960    7.14261     5.3504     5.3460    25.5045   12.79855 9.2105e+02      0.969 0.0000e+00
        139 109.553200    0.00958     0.5750     34.500  1025.5173  51781.913    32.3209      0.959    7.14174     5.3525     5.3481    25.5128   12.79697 9.1620e+02      0.968 0.0000e+00
        140 109.553203    0.00965     0.5792     34.750  1025.5250  51795.713    32.3309      0.956    7.14088     5.3542     5.3504    25.5205   12.79542 9.1159e+02      0.965 0.0000e+00
        141 109.553206    0.00972     0.5833     35.000  1025.5311  51806.647    32.3389      0.953    7.14014     5.3557     5.3525    25.5266   12.79410 8.7628e+02      0.962 0.0000e+00
        142 109.553209    0.00979     0.5875     35.250  1025.5349  51813.446    32.3440      0.950    7.13960     5.3571     5.3543    25.5304   12.79314 8.4796e+02      0.959 0.0000e+00
        143 109.553212    0.00986     0.5917     35.500  1025.5360  51815.380    32.3457      0.948    7.13927     5.3586     5.3557    25.5316   12.79258 8.4339e+02      0.957 0.0000e+00
        144 109.553215    0.00993     0.5958     35.750  1025.5344  51812.259    32.3438      0.947    7.13912     5.3603     5.3572    25.5299   12.79234 8.4174e+02      0.956 0.0000e+00
        145 109.553218    0.01000     0.6000     36.000  1025.5304  51804.872    32.3390      0.948    7.13908     5.3618     5.3587    25.5260   12.79235 8.6527e+02      0.957 0.0000e+00
        146 109.553220    0.01007     0.6042     36.250  1025.5255  51795.587    32.3330      0.951    7.13910     5.3631     5.3604    25.5210   12.79245 9.1096e+02      0.960 0.0000e+00
        147 109.553223    0.01014     0.6083     36.500  1025.5215  51788.102    32.3281      0.954    7.13907     5.3643     5.3619    25.5170   12.79246 9.3584e+02      0.963 0.0000e+00
        148 109.553226    0.01021     0.6125     36.750  1025.5197  51784.687    32.3261      0.958    7.13894     5.3653     5.3632    25.5152   12.79228 9.5811e+02      0.967 0.0000e+00
        149 109.553229    0.01028     0.6167     37.000  1025.5191  51783.549    32.3255      0.960    7.13878     5.3660     5.3643    25.5146   12.79201 1.0437e+03      0.969 0.0000e+00
        150 109.553232    0.01035     0.6208     37.250  1025.5173  51780.089    32.3233      0.962    7.13871     5.3663     5.3653    25.5128   12.79193 1.2455e+03      0.971 0.0000e+00
        151 109.553235    0.01042     0.6250     37.500  1025.5127  51771.515    32.3176      0.965    7.13885     5.3659     5.3661    25.5081   12.79224 1.6151e+03      0.974 0.0000e+00
        152 109.553238    0.01049     0.6292     37.750  1025.5075  51762.000    32.3111      0.967    7.13912     5.3650     5.3664    25.5029   12.79276 2.2241e+03      0.976 0.0000e+00
        153 109.553241    0.01056     0.6333     38.000  1025.5067  51760.692    32.3101      0.969    7.13924     5.3641     5.3659    25.5022   12.79297 2.6235e+03      0.978 0.0000e+00
        154 109.553244    0.01063     0.6375     38.250  1025.5130  51772.190    32.3178      0.968    7.13902     5.3633     5.3650    25.5084   12.79251 2.3475e+03      0.977 0.0000e+00
        155 109.553247    0.01069     0.6417     38.500  1025.5234  51791.318    32.3308      0.963    7.13855     5.3626     5.3641    25.5188   12.79157 1.8615e+03      0.972 0.0000e+00
        156 109.553249    0.01076     0.6458     38.750  1025.5320  51807.216    32.3416      0.957    7.13816     5.3620     5.3634    25.5275   12.79079 1.5575e+03      0.966 0.0000e+00
        157 109.553252    0.01083     0.6500     39.000  1025.5343  51811.524    32.3445      0.951    7.13815     5.3617     5.3627    25.5298   12.79073 1.3501e+03      0.960 0.0000e+00
        158 109.553255    0.01090     0.6542     39.250  1025.5292  51802.363    32.3380      0.948    7.13855     5.3615     5.3621    25.5248   12.79149 1.1916e+03      0.957 0.0000e+00
        159 109.553258    0.01097     0.6583     39.500  1025.5196  51784.841    32.3259      0.950    7.13919     5.3614     5.3618    25.5152   12.79270 1.0817e+03      0.959 0.0000e+00
        160 109.553261    0.01104     0.6625     39.750  1025.5110  51769.057    32.3149      0.953    7.13975     5.3615     5.3616    25.5065   12.79376 1.0194e+03      0.962 0.0000e+00
        161 109.553264    0.01111     0.6667     40.000  1025.5077  51762.963    32.3106      0.955    7.13997     5.3623     5.3615    25.5032   12.79418 9.8431e+02      0.964 0.0000e+00
        162 109.553267    0.01118     0.6708     40.250  1025.5099  51767.008    32.3135      0.955    7.13981     5.3635     5.3616    25.5054   12.79387 9.6015e+02      0.964 0.0000e+00
        163 109.553270    0.01125     0.6750     40.500  1025.5143  51775.071    32.3192      0.953    7.13941     5.3647     5.3624    25.5099   12.79314 9.3240e+02      0.962 0.0000e+00
        164 109.553273    0.01132     0.6792     40.750  1025.5170  51779.770    32.3227      0.949    7.13904     5.3657     5.3635    25.5125   12.79249 9.0384e+02      0.958 0.0000e+00
        165 109.553275    0.01139     0.6833     41.000  1025.5158  51777.534    32.3214      0.946    7.13890     5.3664     5.3648    25.5114   12.79227 8.9366e+02      0.954 0.0000e+00
        166 109.553278    0.01146     0.6875     41.250  1025.5114  51769.414    32.3160      0.943    7.13899     5.3668     5.3657    25.5070   12.79248 8.9657e+02      0.952 0.0000e+00
        167 109.553281    0.01153     0.6917     41.500  1025.5061  51759.691    32.3094      0.941    7.13919     5.3669     5.3664    25.5017   12.79289 9.0960e+02      0.950 0.0000e+00
        168 109.553284    0.01160     0.6958     41.750  1025.5025  51753.115    32.3050      0.939    7.13934     5.3669     5.3668    25.4982   12.79320 9.0302e+02      0.948 0.0000e+00
        169 109.553287    0.01167     0.7000     42.000  1025.5015  51751.151    32.3037      0.937    7.13938     5.3669     5.3669    25.4971   12.79328 8.3331e+02      0.945 0.0000e+00
        170 109.553290    0.01174     0.7042     42.250  1025.5011  51750.467    32.3032      0.934    7.13939     5.3668     5.3670    25.4967   12.79330 7.4792e+02      0.943 0.0000e+00
