CTD-processing/allCTD/CNV--homogene/2017_08-24_alongbay_skb07_cast007.cnv
* Sea-Bird SBE19plus Data File:
* FileName = C:\Users\Kim.Powell\Desktop\Not Processed\2017\2017_08\2017_08-24_TRANSECT_STATION_cast007.hex
* Software Version 1.59
* Temperature SN =  4141
* Conductivity SN =  4141
* System UpLoad Time = Sep 22 2017 08:24:42
** 2017_08-24
** Station: KB07
** Start Time: 15:16
** Depth (m): 146
** Comment: Edgecumbe
** Comment:
# nquan = 17
# nvalues = 963                         
# units = specified
# name 0 = scan: Scan Count
# name 1 = timeJ: Julian Days
# name 2 = timeH: Time, Elapsed [hours]
# name 3 = timeM: Time, Elapsed [minutes]
# name 4 = timeS: Time, Elapsed [seconds]
# name 5 = density00: Density [density, kg/m^3]
# name 6 = specc: Specific Conductance [uS/cm]
# name 7 = sal00: Salinity, Practical [PSU]
# name 8 = depSM: Depth [salt water, m], lat = 59.00
# name 9 = oxsolML/L: Oxygen Saturation, Garcia & Gordon [ml/l]
# name 10 = potemp090C: Potential Temperature [ITS-90, deg C]
# name 11 = tv290C: Temperature [ITS-90, deg C]
# name 12 = sigma-é00: Density [sigma-theta, kg/m^3]
# name 13 = n2satML/L: Nitrogen Saturation [ml/l]
# name 14 = par: PAR/Irradiance, Biospherical/Licor
# name 15 = prdM: Pressure, Strain Gauge [db]
# name 16 = flag:  0.000e+00
# span 0 =          1,        963       
# span 1 = 236.636238, 236.639022       
# span 2 =    0.00000,    0.06681       
# span 3 =     0.0000,     4.0083       
# span 4 =      0.000,    240.500       
# span 5 =  1022.1218,  1024.8076       
# span 6 =  45875.286,  49567.092       
# span 7 =    29.1130,    31.4499       
# span 8 =      0.580,    123.445       
# span 9 =    6.35370,    6.51514       
# span 10 =     9.6008,    11.4461      
# span 11 =     9.6139,    11.4474      
# span 12 =    22.1191,    24.2455      
# span 13 =   11.53155,   11.77181      
# span 14 = 5.0605e-02, 1.4803e+02      
# span 15 =      0.585,    124.647      
# span 16 = 0.0000e+00, 0.0000e+00      
# interval = seconds: 0.25
# start_time = Aug 24 2017 15:16:11 [Instrument's time stamp, header]
# bad_flag = -9.990e-29
*END*
[from data line 681]
        682 236.638209    0.04729     2.8375    170.250  1024.5257  49452.461    31.4111     73.723    6.49326     9.7695     9.7778    24.1883   11.73601 5.0817e-02     74.432 0.0000e+00
        683 236.638212    0.04736     2.8417    170.500  1024.5266  49452.720    31.4112     73.900    6.49327     9.7693     9.7777    24.1884   11.73603 5.0905e-02     74.611 0.0000e+00
        684 236.638215    0.04743     2.8458    170.750  1024.5274  49452.753    31.4112     74.075    6.49329     9.7689     9.7776    24.1884   11.73607 5.0998e-02     74.787 0.0000e+00
        685 236.638218    0.04750     2.8500    171.000  1024.5282  49452.777    31.4111     74.251    6.49332     9.7685     9.7774    24.1884   11.73612 5.1076e-02     74.965 0.0000e+00
        686 236.638220    0.04757     2.8542    171.250  1024.5290  49452.927    31.4111     74.432    6.49337     9.7679     9.7771    24.1884   11.73620 5.1092e-02     75.147 0.0000e+00
        687 236.638223    0.04764     2.8583    171.500  1024.5299  49453.078    31.4110     74.620    6.49343     9.7672     9.7767    24.1885   11.73630 5.1077e-02     75.337 0.0000e+00
        688 236.638226    0.04771     2.8625    171.750  1024.5310  49453.345    31.4111     74.817    6.49351     9.7666     9.7761    24.1886   11.73643 5.1121e-02     75.536 0.0000e+00
        689 236.638229    0.04778     2.8667    172.000  1024.5323  49454.064    31.4114     75.020    6.49359     9.7664     9.7754    24.1889   11.73656 5.1226e-02     75.741 0.0000e+00
        690 236.638232    0.04785     2.8708    172.250  1024.5338  49455.227    31.4121     75.227    6.49364     9.7668     9.7749    24.1896   11.73663 5.1314e-02     75.950 0.0000e+00
        691 236.638235    0.04792     2.8750    172.500  1024.5354  49456.540    31.4129     75.432    6.49363     9.7677     9.7747    24.1902   11.73660 5.1339e-02     76.157 0.0000e+00
        692 236.638238    0.04799     2.8792    172.750  1024.5368  49457.646    31.4136     75.628    6.49354     9.7690     9.7751    24.1908   11.73645 5.1308e-02     76.356 0.0000e+00
        693 236.638241    0.04806     2.8833    173.000  1024.5377  49458.062    31.4140     75.807    6.49339     9.7703     9.7760    24.1909   11.73621 5.1243e-02     76.537 0.0000e+00
        694 236.638244    0.04813     2.8875    173.250  1024.5381  49457.655    31.4138     75.969    6.49322     9.7714     9.7773    24.1905   11.73593 5.1159e-02     76.700 0.0000e+00
        695 236.638247    0.04819     2.8917    173.500  1024.5381  49456.614    31.4131     76.118    6.49306     9.7723     9.7786    24.1898   11.73567 5.1081e-02     76.851 0.0000e+00
        696 236.638249    0.04826     2.8958    173.750  1024.5380  49455.378    31.4123     76.269    6.49293     9.7730     9.7798    24.1890   11.73546 5.1052e-02     77.003 0.0000e+00
        697 236.638252    0.04833     2.9000    174.000  1024.5382  49454.445    31.4117     76.432    6.49283     9.7735     9.7807    24.1884   11.73529 5.1083e-02     77.168 0.0000e+00
        698 236.638255    0.04840     2.9042    174.250  1024.5386  49453.857    31.4113     76.616    6.49274     9.7739     9.7814    24.1880   11.73516 5.1157e-02     77.354 0.0000e+00
        699 236.638258    0.04847     2.9083    174.500  1024.5392  49453.395    31.4110     76.819    6.49268     9.7741     9.7819    24.1876   11.73506 5.1232e-02     77.558 0.0000e+00
        700 236.638261    0.04854     2.9125    174.750  1024.5398  49452.906    31.4106     77.031    6.49264     9.7741     9.7823    24.1873   11.73499 5.1282e-02     77.773 0.0000e+00
        701 236.638264    0.04861     2.9167    175.000  1024.5404  49452.509    31.4103     77.238    6.49262     9.7741     9.7825    24.1870   11.73496 5.1299e-02     77.982 0.0000e+00
        702 236.638267    0.04868     2.9208    175.250  1024.5412  49452.377    31.4101     77.427    6.49261     9.7740     9.7826    24.1868   11.73496 5.1245e-02     78.172 0.0000e+00
        703 236.638270    0.04875     2.9250    175.500  1024.5419  49452.388    31.4101     77.592    6.49262     9.7739     9.7826    24.1868   11.73497 5.1136e-02     78.339 0.0000e+00
        704 236.638273    0.04882     2.9292    175.750  1024.5425  49452.456    31.4100     77.737    6.49263     9.7738     9.7825    24.1868   11.73499 5.1012e-02     78.486 0.0000e+00
        705 236.638275    0.04889     2.9333    176.000  1024.5432  49452.606    31.4101     77.874    6.49264     9.7738     9.7824    24.1868   11.73501 5.0878e-02     78.624 0.0000e+00
        706 236.638278    0.04896     2.9375    176.250  1024.5439  49452.723    31.4101     78.021    6.49265     9.7737     9.7824    24.1868   11.73502 5.0763e-02     78.773 0.0000e+00
        707 236.638281    0.04903     2.9417    176.500  1024.5447  49452.873    31.4101     78.196    6.49265     9.7737     9.7824    24.1868   11.73502 5.0705e-02     78.949 0.0000e+00
        708 236.638284    0.04910     2.9458    176.750  1024.5458  49453.265    31.4103     78.403    6.49265     9.7736     9.7823    24.1870   11.73502 5.0726e-02     79.158 0.0000e+00
        709 236.638287    0.04917     2.9500    177.000  1024.5471  49453.786    31.4106     78.637    6.49265     9.7735     9.7823    24.1872   11.73501 5.0828e-02     79.395 0.0000e+00
        710 236.638290    0.04924     2.9542    177.250  1024.5484  49454.149    31.4107     78.880    6.49265     9.7733     9.7822    24.1873   11.73502 5.1016e-02     79.640 0.0000e+00
        711 236.638293    0.04931     2.9583    177.500  1024.5495  49454.435    31.4108     79.109    6.49266     9.7732     9.7821    24.1874   11.73503 5.1207e-02     79.871 0.0000e+00
        712 236.638296    0.04938     2.9625    177.750  1024.5505  49454.713    31.4109     79.305    6.49267     9.7733     9.7820    24.1875   11.73504 5.1263e-02     80.069 0.0000e+00
        713 236.638299    0.04944     2.9667    178.000  1024.5512  49454.781    31.4109     79.465    6.49268     9.7733     9.7820    24.1875   11.73506 5.1195e-02     80.231 0.0000e+00
        714 236.638302    0.04951     2.9708    178.250  1024.5517  49454.636    31.4107     79.597    6.49268     9.7734     9.7820    24.1874   11.73507 5.1089e-02     80.364 0.0000e+00
        715 236.638304    0.04958     2.9750    178.500  1024.5520  49454.399    31.4105     79.718    6.49267     9.7734     9.7821    24.1872   11.73506 5.0991e-02     80.486 0.0000e+00
        716 236.638307    0.04965     2.9792    178.750  1024.5525  49454.191    31.4103     79.852    6.49267     9.7733     9.7821    24.1871   11.73506 5.0934e-02     80.621 0.0000e+00
        717 236.638310    0.04972     2.9833    179.000  1024.5531  49454.062    31.4101     80.015    6.49268     9.7731     9.7822    24.1870   11.73507 5.0928e-02     80.786 0.0000e+00
        718 236.638313    0.04979     2.9875    179.250  1024.5540  49454.034    31.4100     80.210    6.49270     9.7728     9.7821    24.1869   11.73510 5.0982e-02     80.983 0.0000e+00
        719 236.638316    0.04986     2.9917    179.500  1024.5550  49454.175    31.4100     80.430    6.49272     9.7722     9.7819    24.1869   11.73513 5.1121e-02     81.205 0.0000e+00
        720 236.638319    0.04993     2.9958    179.750  1024.5561  49454.382    31.4100     80.655    6.49276     9.7714     9.7816    24.1870   11.73521 5.1282e-02     81.432 0.0000e+00
        721 236.638322    0.05000     3.0000    180.000  1024.5571  49454.581    31.4100     80.866    6.49285     9.7706     9.7810    24.1870   11.73535 5.1345e-02     81.646 0.0000e+00
        722 236.638325    0.05007     3.0042    180.250  1024.5581  49454.932    31.4100     81.049    6.49296     9.7698     9.7802    24.1872   11.73553 5.1307e-02     81.830 0.0000e+00
        723 236.638328    0.05014     3.0083    180.500  1024.5592  49455.582    31.4103     81.200    6.49307     9.7693     9.7794    24.1876   11.73570 5.1244e-02     81.983 0.0000e+00
        724 236.638330    0.05021     3.0125    180.750  1024.5602  49456.383    31.4107     81.331    6.49315     9.7690     9.7787    24.1880   11.73584 5.1177e-02     82.115 0.0000e+00
        725 236.638333    0.05028     3.0167    181.000  1024.5612  49457.096    31.4111     81.461    6.49321     9.7689     9.7782    24.1884   11.73592 5.1110e-02     82.247 0.0000e+00
        726 236.638336    0.05035     3.0208    181.250  1024.5621  49457.597    31.4114     81.610    6.49323     9.7688     9.7779    24.1887   11.73597 5.1113e-02     82.397 0.0000e+00
        727 236.638339    0.05042     3.0250    181.500  1024.5630  49457.811    31.4114     81.790    6.49325     9.7687     9.7778    24.1887   11.73599 5.1205e-02     82.579 0.0000e+00
        728 236.638342    0.05049     3.0292    181.750  1024.5637  49457.583    31.4112     81.999    6.49326     9.7682     9.7777    24.1885   11.73603 5.1306e-02     82.790 0.0000e+00
        729 236.638345    0.05056     3.0333    182.000  1024.5643  49456.916    31.4106     82.222    6.49330     9.7675     9.7776    24.1881   11.73610 5.1348e-02     83.015 0.0000e+00
        730 236.638348    0.05063     3.0375    182.250  1024.5651  49456.520    31.4102     82.439    6.49338     9.7665     9.7772    24.1879   11.73623 5.1330e-02     83.234 0.0000e+00
        731 236.638351    0.05069     3.0417    182.500  1024.5661  49456.753    31.4102     82.634    6.49349     9.7652     9.7765    24.1880   11.73641 5.1287e-02     83.431 0.0000e+00
        732 236.638354    0.05076     3.0458    182.750  1024.5670  49456.955    31.4101     82.806    6.49363     9.7635     9.7755    24.1881   11.73664 5.1226e-02     83.604 0.0000e+00
        733 236.638356    0.05083     3.0500    183.000  1024.5675  49456.526    31.4096     82.962    6.49382     9.7607     9.7743    24.1879   11.73697 5.1174e-02     83.762 0.0000e+00
        734 236.638359    0.05090     3.0542    183.250  1024.5675  49455.170    31.4084     83.118    6.49412     9.7563     9.7726    24.1872   11.73747 5.1192e-02     83.919 0.0000e+00
        735 236.638362    0.05097     3.0583    183.500  1024.5670  49452.715    31.4062     83.288    6.49460     9.7495     9.7699    24.1859   11.73829 5.1269e-02     84.091 0.0000e+00
        736 236.638365    0.05104     3.0625    183.750  1024.5665  49449.738    31.4034     83.476    6.49534     9.7406     9.7654    24.1845   11.73956 5.1367e-02     84.281 0.0000e+00
        737 236.638368    0.05111     3.0667    184.000  1024.5672  49448.734    31.4017     83.676    6.49638     9.7308     9.7586    24.1842   11.74130 5.1463e-02     84.483 0.0000e+00
        738 236.638371    0.05118     3.0708    184.250  1024.5700  49451.289    31.4023     83.877    6.49762     9.7207     9.7498    24.1861   11.74335 5.1473e-02     84.686 0.0000e+00
        739 236.638374    0.05125     3.0750    184.500  1024.5739  49455.839    31.4041     84.068    6.49896     9.7111     9.7399    24.1891   11.74554 5.1386e-02     84.879 0.0000e+00
        740 236.638377    0.05132     3.0792    184.750  1024.5785  49461.860    31.4070     84.245    6.50027     9.7029     9.7299    24.1930   11.74768 5.1270e-02     85.058 0.0000e+00
        741 236.638380    0.05139     3.0833    185.000  1024.5842  49469.784    31.4112     84.411    6.50146     9.6968     9.7203    24.1978   11.74960 5.1166e-02     85.226 0.0000e+00
        742 236.638383    0.05146     3.0875    185.250  1024.5901  49478.450    31.4161     84.575    6.50243     9.6933     9.7121    24.2030   11.75114 5.1105e-02     85.391 0.0000e+00
        743 236.638385    0.05153     3.0917    185.500  1024.5957  49486.683    31.4211     84.746    6.50309     9.6926     9.7060    24.2078   11.75217 5.1108e-02     85.564 0.0000e+00
        744 236.638388    0.05160     3.0958    185.750  1024.6009  49494.221    31.4258     84.932    6.50338     9.6939     9.7026    24.2121   11.75261 5.1201e-02     85.752 0.0000e+00
        745 236.638391    0.05167     3.1000    186.000  1024.6044  49498.989    31.4290     85.133    6.50336     9.6957     9.7018    24.2147   11.75252 5.1336e-02     85.955 0.0000e+00
        746 236.638394    0.05174     3.1042    186.250  1024.6050  49498.513    31.4288     85.342    6.50317     9.6966     9.7032    24.2143   11.75222 5.1429e-02     86.165 0.0000e+00
        747 236.638397    0.05181     3.1083    186.500  1024.6039  49495.119    31.4265     85.548    6.50301     9.6966     9.7050    24.2123   11.75198 5.1452e-02     86.373 0.0000e+00
        748 236.638400    0.05187     3.1125    186.750  1024.6031  49492.289    31.4246     85.747    6.50296     9.6963     9.7059    24.2106   11.75192 5.1394e-02     86.574 0.0000e+00
        749 236.638403    0.05194     3.1167    187.000  1024.6034  49491.299    31.4238     85.937    6.50299     9.6964     9.7059    24.2100   11.75199 5.1291e-02     86.766 0.0000e+00
        750 236.638406    0.05201     3.1208    187.250  1024.6048  49492.397    31.4245     86.121    6.50301     9.6970     9.7056    24.2106   11.75201 5.1226e-02     86.952 0.0000e+00
        751 236.638409    0.05208     3.1250    187.500  1024.6060  49493.265    31.4250     86.304    6.50296     9.6972     9.7058    24.2110   11.75193 5.1228e-02     87.137 0.0000e+00
        752 236.638411    0.05215     3.1292    187.750  1024.6059  49491.601    31.4238     86.491    6.50292     9.6964     9.7064    24.2100   11.75188 5.1242e-02     87.326 0.0000e+00
        753 236.638414    0.05222     3.1333    188.000  1024.6051  49488.716    31.4218     86.681    6.50297     9.6942     9.7066    24.2083   11.75198 5.1219e-02     87.518 0.0000e+00
        754 236.638417    0.05229     3.1375    188.250  1024.6046  49486.271    31.4199     86.871    6.50317     9.6908     9.7058    24.2070   11.75233 5.1176e-02     87.710 0.0000e+00
        755 236.638420    0.05236     3.1417    188.500  1024.6047  49484.847    31.4185     87.056    6.50353     9.6866     9.7037    24.2062   11.75294 5.1159e-02     87.897 0.0000e+00
        756 236.638423    0.05243     3.1458    188.750  1024.6060  49485.322    31.4183     87.235    6.50403     9.6822     9.7003    24.2066   11.75377 5.1162e-02     88.077 0.0000e+00
        757 236.638426    0.05250     3.1500    189.000  1024.6081  49487.388    31.4191     87.407    6.50459     9.6778     9.6961    24.2079   11.75469 5.1131e-02     88.251 0.0000e+00
        758 236.638429    0.05257     3.1542    189.250  1024.6103  49489.598    31.4200     87.575    6.50518     9.6732     9.6918    24.2093   11.75565 5.1068e-02     88.420 0.0000e+00
        759 236.638432    0.05264     3.1583    189.500  1024.6123  49491.528    31.4207     87.746    6.50578     9.6685     9.6874    24.2106   11.75664 5.1030e-02     88.593 0.0000e+00
        760 236.638435    0.05271     3.1625    189.750  1024.6145  49493.783    31.4216     87.925    6.50640     9.6639     9.6828    24.2120   11.75765 5.1040e-02     88.773 0.0000e+00
        761 236.638438    0.05278     3.1667    190.000  1024.6171  49496.553    31.4229     88.115    6.50701     9.6597     9.6781    24.2137   11.75865 5.1106e-02     88.966 0.0000e+00
        762 236.638440    0.05285     3.1708    190.250  1024.6200  49499.657    31.4244     88.317    6.50760     9.6561     9.6736    24.2156   11.75960 5.1187e-02     89.170 0.0000e+00
        763 236.638443    0.05292     3.1750    190.500  1024.6230  49503.094    31.4262     88.526    6.50812     9.6531     9.6694    24.2177   11.76045 5.1215e-02     89.380 0.0000e+00
        764 236.638446    0.05299     3.1792    190.750  1024.6260  49506.595    31.4281     88.731    6.50856     9.6508     9.6658    24.2198   11.76115 5.1235e-02     89.588 0.0000e+00
        765 236.638449    0.05306     3.1833    191.000  1024.6286  49509.496    31.4296     88.926    6.50891     9.6490     9.6628    24.2215   11.76172 5.1262e-02     89.785 0.0000e+00
