CTD-processing/allCTD/CNV--homogene/2017_04-19_t7_s04_cast102.cnv
* Sea-Bird SBE19plus Data File:
* FileName = P:\My Documents\kasitsna\Research-KBL\Oceanography-AK\CTD-Data-ALL-to-2017-02\2017-CTD-KachemakBay-CookInlet\2017-04-19-CookInlet-Tran7-Augustine\2017-04-19-CookInlet-Tran7-cast102.hex
* Software Version 1.59
* Temperature SN =  4141
* Conductivity SN =  4141
* System UpLoad Time = Apr 19 2017 16:35:49
** Cook Inlet LTM Transect 7 Augustine west to east
** Date: 2017-04-19
** Station: (eg. 9-01): 7-04
** Start time (AKDT): 09:02
** Depth (m): 54.9
** Comment: R/V Alaska Dreamcatcher
** Comment:
# nquan = 17
# nvalues = 492                         
# units = specified
# name 0 = scan: Scan Count
# name 1 = timeJ: Julian Days
# name 2 = timeH: Time, Elapsed [hours]
# name 3 = timeM: Time, Elapsed [minutes]
# name 4 = timeS: Time, Elapsed [seconds]
# name 5 = density00: Density [density, kg/m^3]
# name 6 = specc: Specific Conductance [uS/cm]
# name 7 = sal00: Salinity, Practical [PSU]
# name 8 = depSM: Depth [salt water, m], lat = 59.00
# name 9 = oxsolML/L: Oxygen Saturation, Garcia & Gordon [ml/l]
# name 10 = potemp090C: Potential Temperature [ITS-90, deg C]
# name 11 = tv290C: Temperature [ITS-90, deg C]
# name 12 = sigma-é00: Density [sigma-theta, kg/m^3]
# name 13 = n2satML/L: Nitrogen Saturation [ml/l]
# name 14 = par: PAR/Irradiance, Biospherical/Licor
# name 15 = prdM: Pressure, Strain Gauge [db]
# name 16 = flag:  0.000e+00
# span 0 =          1,        492       
# span 1 = 109.377049, 109.378469       
# span 2 =    0.00000,    0.03410       
# span 3 =     0.0000,     2.0458       
# span 4 =      0.000,    122.750       
# span 5 =  1000.3334,  1025.4534       
# span 6 =    950.037,  51555.241       
# span 7 =     0.4536,    31.6874       
# span 8 =     -0.066,     52.433       
# span 9 =    7.46036,    8.95308       
# span 10 =     3.3478,     4.8156      
# span 11 =     3.3493,     4.8156      
# span 12 =     0.3338,    25.2071      
# span 13 =   13.33179,   16.27632      
# span 14 = 4.3872e-02, 1.3598e+02      
# span 15 =     -0.067,     52.935      
# span 16 = 0.0000e+00, 0.0000e+00      
# interval = seconds: 0.25
# start_time = Apr 19 2017 09:02:57 [Instrument's time stamp, header]
# bad_flag = -9.990e-29
*END*
[from data line 171]
        172 109.377543    0.01188     0.7125     42.750  1025.1385  51327.637    31.6279      0.984    7.46843     3.6901     3.6878    25.1339   13.34517 5.6195e+01      0.994 0.0000e+00
        173 109.377546    0.01194     0.7167     43.000  1025.1394  51329.012    31.6291      0.986    7.46816     3.6910     3.6890    25.1347   13.34471 5.6104e+01      0.995 0.0000e+00
        174 109.377549    0.01201     0.7208     43.250  1025.1384  51326.868    31.6280      0.990    7.46799     3.6912     3.6902    25.1337   13.34445 5.6406e+01      0.999 0.0000e+00
        175 109.377552    0.01208     0.7250     43.500  1025.1363  51322.745    31.6254      0.999    7.46797     3.6908     3.6911    25.1316   13.34444 5.6867e+01      1.008 0.0000e+00
        176 109.377555    0.01215     0.7292     43.750  1025.1349  51320.014    31.6235      1.012    7.46803     3.6902     3.6912    25.1301   13.34457 5.7042e+01      1.021 0.0000e+00
        177 109.377558    0.01222     0.7333     44.000  1025.1355  51321.099    31.6242      1.025    7.46808     3.6899     3.6908    25.1306   13.34463 5.6797e+01      1.035 0.0000e+00
        178 109.377561    0.01229     0.7375     44.250  1025.1384  51326.643    31.6278      1.035    7.46800     3.6899     3.6902    25.1336   13.34446 5.6302e+01      1.045 0.0000e+00
        179 109.377564    0.01236     0.7417     44.500  1025.1433  51335.659    31.6339      1.037    7.46775     3.6902     3.6899    25.1384   13.34397 5.5843e+01      1.047 0.0000e+00
        180 109.377567    0.01243     0.7458     44.750  1025.1487  51345.616    31.6407      1.030    7.46739     3.6903     3.6900    25.1438   13.34329 5.5673e+01      1.040 0.0000e+00
        181 109.377569    0.01250     0.7500     45.000  1025.1532  51354.016    31.6465      1.018    7.46705     3.6903     3.6903    25.1484   13.34265 5.5844e+01      1.028 0.0000e+00
        182 109.377572    0.01257     0.7542     45.250  1025.1564  51359.961    31.6505      1.003    7.46682     3.6904     3.6904    25.1516   13.34221 5.6277e+01      1.013 0.0000e+00
        183 109.377575    0.01264     0.7583     45.500  1025.1582  51363.520    31.6529      0.989    7.46670     3.6907     3.6904    25.1536   13.34199 5.6775e+01      0.999 0.0000e+00
        184 109.377578    0.01271     0.7625     45.750  1025.1587  51364.387    31.6535      0.979    7.46666     3.6912     3.6904    25.1540   13.34191 5.7017e+01      0.988 0.0000e+00
        185 109.377581    0.01278     0.7667     46.000  1025.1573  51361.875    31.6519      0.974    7.46669     3.6915     3.6907    25.1527   13.34198 5.6903e+01      0.983 0.0000e+00
        186 109.377584    0.01285     0.7708     46.250  1025.1541  51355.857    31.6479      0.974    7.46680     3.6914     3.6912    25.1495   13.34222 5.6782e+01      0.983 0.0000e+00
        187 109.377587    0.01292     0.7750     46.500  1025.1498  51347.730    31.6425      0.977    7.46702     3.6907     3.6915    25.1451   13.34265 5.6796e+01      0.987 0.0000e+00
        188 109.377590    0.01299     0.7792     46.750  1025.1455  51339.809    31.6370      0.981    7.46732     3.6897     3.6914    25.1408   13.34322 5.6701e+01      0.990 0.0000e+00
        189 109.377593    0.01306     0.7833     47.000  1025.1420  51333.548    31.6326      0.983    7.46766     3.6886     3.6907    25.1374   13.34384 5.6556e+01      0.992 0.0000e+00
        190 109.377595    0.01313     0.7875     47.250  1025.1396  51329.223    31.6294      0.982    7.46801     3.6875     3.6897    25.1349   13.34446 5.6650e+01      0.991 0.0000e+00
        191 109.377598    0.01319     0.7917     47.500  1025.1380  51326.543    31.6273      0.979    7.46832     3.6867     3.6886    25.1334   13.34500 5.6829e+01      0.989 0.0000e+00
        192 109.377601    0.01326     0.7958     47.750  1025.1369  51324.756    31.6259      0.976    7.46858     3.6860     3.6876    25.1323   13.34544 5.6782e+01      0.986 0.0000e+00
        193 109.377604    0.01333     0.8000     48.000  1025.1358  51322.835    31.6244      0.977    7.46881     3.6853     3.6868    25.1312   13.34584 5.6593e+01      0.986 0.0000e+00
        194 109.377607    0.01340     0.8042     48.250  1025.1342  51319.996    31.6222      0.982    7.46905     3.6845     3.6861    25.1295   13.34626 5.6509e+01      0.991 0.0000e+00
        195 109.377610    0.01347     0.8083     48.500  1025.1322  51316.347    31.6196      0.992    7.46931     3.6838     3.6854    25.1275   13.34672 5.6661e+01      1.001 0.0000e+00
        196 109.377613    0.01354     0.8125     48.750  1025.1305  51313.308    31.6173      1.004    7.46956     3.6833     3.6846    25.1257   13.34717 5.6842e+01      1.013 0.0000e+00
        197 109.377616    0.01361     0.8167     49.000  1025.1301  51312.699    31.6168      1.014    7.46972     3.6833     3.6839    25.1253   13.34745 5.6751e+01      1.024 0.0000e+00
        198 109.377619    0.01368     0.8208     49.250  1025.1316  51315.404    31.6185      1.020    7.46972     3.6838     3.6834    25.1268   13.34742 5.6555e+01      1.030 0.0000e+00
        199 109.377622    0.01375     0.8250     49.500  1025.1348  51321.282    31.6225      1.019    7.46952     3.6846     3.6834    25.1300   13.34705 5.6519e+01      1.029 0.0000e+00
        200 109.377624    0.01382     0.8292     49.750  1025.1390  51328.981    31.6278      1.012    7.46916     3.6853     3.6838    25.1342   13.34638 5.6540e+01      1.022 0.0000e+00
        201 109.377627    0.01389     0.8333     50.000  1025.1429  51336.081    31.6329      1.002    7.46876     3.6858     3.6846    25.1381   13.34565 5.6465e+01      1.012 0.0000e+00
        202 109.377630    0.01396     0.8375     50.250  1025.1454  51340.779    31.6362      0.992    7.46846     3.6860     3.6854    25.1407   13.34511 5.6498e+01      1.002 0.0000e+00
        203 109.377633    0.01403     0.8417     50.500  1025.1464  51342.503    31.6375      0.985    7.46832     3.6863     3.6858    25.1417   13.34486 5.6732e+01      0.995 0.0000e+00
        204 109.377636    0.01410     0.8458     50.750  1025.1455  51340.921    31.6365      0.984    7.46832     3.6865     3.6861    25.1409   13.34487 5.6847e+01      0.994 0.0000e+00
        205 109.377639    0.01417     0.8500     51.000  1025.1432  51336.442    31.6335      0.988    7.46842     3.6866     3.6863    25.1385   13.34508 5.6750e+01      0.998 0.0000e+00
        206 109.377642    0.01424     0.8542     51.250  1025.1406  51331.495    31.6302      0.996    7.46855     3.6866     3.6866    25.1358   13.34533 5.6720e+01      1.005 0.0000e+00
        207 109.377645    0.01431     0.8583     51.500  1025.1393  51329.103    31.6286      1.004    7.46862     3.6866     3.6867    25.1345   13.34547 5.6844e+01      1.013 0.0000e+00
        208 109.377648    0.01438     0.8625     51.750  1025.1402  51330.761    31.6297      1.008    7.46856     3.6870     3.6866    25.1354   13.34537 5.6875e+01      1.018 0.0000e+00
        209 109.377650    0.01444     0.8667     52.000  1025.1431  51336.062    31.6334      1.008    7.46837     3.6874     3.6867    25.1383   13.34499 5.6703e+01      1.018 0.0000e+00
        210 109.377653    0.01451     0.8708     52.250  1025.1468  51342.936    31.6381      1.003    7.46807     3.6878     3.6870    25.1420   13.34444 5.6442e+01      1.013 0.0000e+00
        211 109.377656    0.01458     0.8750     52.500  1025.1500  51348.859    31.6423      0.996    7.46777     3.6881     3.6875    25.1453   13.34390 5.6312e+01      1.005 0.0000e+00
        212 109.377659    0.01465     0.8792     52.750  1025.1519  51352.393    31.6448      0.990    7.46758     3.6885     3.6879    25.1473   13.34354 5.6466e+01      0.999 0.0000e+00
        213 109.377662    0.01472     0.8833     53.000  1025.1524  51353.142    31.6453      0.988    7.46749     3.6890     3.6882    25.1477   13.34339 5.6719e+01      0.997 0.0000e+00
        214 109.377665    0.01479     0.8875     53.250  1025.1514  51351.299    31.6442      0.991    7.46747     3.6896     3.6886    25.1468   13.34338 5.6853e+01      1.000 0.0000e+00
        215 109.377668    0.01486     0.8917     53.500  1025.1499  51348.254    31.6422      0.999    7.46747     3.6900     3.6891    25.1452   13.34341 5.6823e+01      1.008 0.0000e+00
        216 109.377671    0.01493     0.8958     53.750  1025.1490  51346.411    31.6411      1.007    7.46744     3.6906     3.6896    25.1442   13.34336 5.6689e+01      1.016 0.0000e+00
        217 109.377674    0.01500     0.9000     54.000  1025.1496  51347.393    31.6419      1.013    7.46731     3.6913     3.6901    25.1448   13.34314 5.6618e+01      1.022 0.0000e+00
        218 109.377677    0.01507     0.9042     54.250  1025.1516  51350.969    31.6445      1.015    7.46708     3.6922     3.6907    25.1468   13.34273 5.6615e+01      1.024 0.0000e+00
        219 109.377679    0.01514     0.9083     54.500  1025.1541  51355.503    31.6477      1.013    7.46677     3.6930     3.6914    25.1493   13.34218 5.6562e+01      1.022 0.0000e+00
        220 109.377682    0.01521     0.9125     54.750  1025.1562  51359.293    31.6505      1.009    7.46647     3.6938     3.6922    25.1514   13.34165 5.6454e+01      1.018 0.0000e+00
        221 109.377685    0.01528     0.9167     55.000  1025.1576  51361.636    31.6523      1.005    7.46623     3.6946     3.6931    25.1528   13.34123 5.6405e+01      1.015 0.0000e+00
        222 109.377688    0.01535     0.9208     55.250  1025.1582  51362.611    31.6532      1.004    7.46605     3.6956     3.6939    25.1534   13.34091 5.6546e+01      1.014 0.0000e+00
        223 109.377691    0.01542     0.9250     55.500  1025.1583  51362.723    31.6535      1.005    7.46588     3.6967     3.6947    25.1536   13.34063 5.6719e+01      1.015 0.0000e+00
        224 109.377694    0.01549     0.9292     55.750  1025.1584  51362.815    31.6538      1.007    7.46569     3.6978     3.6957    25.1537   13.34030 5.6620e+01      1.016 0.0000e+00
        225 109.377697    0.01556     0.9333     56.000  1025.1589  51363.471    31.6545      1.007    7.46545     3.6987     3.6967    25.1542   13.33991 5.6359e+01      1.017 0.0000e+00
        226 109.377700    0.01563     0.9375     56.250  1025.1596  51364.568    31.6555      1.005    7.46521     3.6995     3.6978    25.1549   13.33950 5.6252e+01      1.015 0.0000e+00
        227 109.377703    0.01569     0.9417     56.500  1025.1603  51365.628    31.6565      1.001    7.46499     3.7002     3.6988    25.1556   13.33912 5.6408e+01      1.010 0.0000e+00
        228 109.377705    0.01576     0.9458     56.750  1025.1607  51366.348    31.6572      0.995    7.46480     3.7010     3.6996    25.1560   13.33881 5.6762e+01      1.005 0.0000e+00
        229 109.377708    0.01583     0.9500     57.000  1025.1610  51366.659    31.6575      0.990    7.46465     3.7018     3.7003    25.1563   13.33855 5.7065e+01      0.999 0.0000e+00
        230 109.377711    0.01590     0.9542     57.250  1025.1609  51366.488    31.6576      0.986    7.46451     3.7029     3.7010    25.1563   13.33832 5.7116e+01      0.996 0.0000e+00
        231 109.377714    0.01597     0.9583     57.500  1025.1605  51365.648    31.6572      0.985    7.46437     3.7041     3.7019    25.1559   13.33809 5.6969e+01      0.994 0.0000e+00
        232 109.377717    0.01604     0.9625     57.750  1025.1597  51363.954    31.6564      0.987    7.46423     3.7053     3.7029    25.1551   13.33786 5.6865e+01      0.996 0.0000e+00
        233 109.377720    0.01611     0.9667     58.000  1025.1585  51361.423    31.6549      0.992    7.46408     3.7065     3.7041    25.1539   13.33764 5.6911e+01      1.002 0.0000e+00
        234 109.377723    0.01618     0.9708     58.250  1025.1571  51358.463    31.6532      0.999    7.46394     3.7075     3.7054    25.1524   13.33743 5.6911e+01      1.009 0.0000e+00
        235 109.377726    0.01625     0.9750     58.500  1025.1558  51355.762    31.6516      1.007    7.46381     3.7084     3.7066    25.1511   13.33723 5.6748e+01      1.016 0.0000e+00
        236 109.377729    0.01632     0.9792     58.750  1025.1549  51353.726    31.6505      1.012    7.46367     3.7093     3.7076    25.1501   13.33702 5.6475e+01      1.022 0.0000e+00
        237 109.377731    0.01639     0.9833     59.000  1025.1542  51352.226    31.6497      1.016    7.46354     3.7102     3.7085    25.1493   13.33682 5.6290e+01      1.026 0.0000e+00
        238 109.377734    0.01646     0.9875     59.250  1025.1536  51351.080    31.6491      1.020    7.46341     3.7110     3.7094    25.1488   13.33661 5.6524e+01      1.029 0.0000e+00
        239 109.377737    0.01653     0.9917     59.500  1025.1534  51350.488    31.6490      1.022    7.46327     3.7120     3.7103    25.1485   13.33637 5.7147e+01      1.031 0.0000e+00
        240 109.377740    0.01660     0.9958     59.750  1025.1536  51350.750    31.6494      1.022    7.46309     3.7132     3.7111    25.1488   13.33608 5.7568e+01      1.031 0.0000e+00
        241 109.377743    0.01667     1.0000     60.000  1025.1541  51351.432    31.6501      1.019    7.46288     3.7148     3.7121    25.1492   13.33572 5.7382e+01      1.028 0.0000e+00
        242 109.377746    0.01674     1.0042     60.250  1025.1541  51351.337    31.6503      1.012    7.46265     3.7170     3.7132    25.1493   13.33534 5.6991e+01      1.022 0.0000e+00
        243 109.377749    0.01681     1.0083     60.500  1025.1533  51349.668    31.6495      1.002    7.46241     3.7201     3.7148    25.1486   13.33495 5.6923e+01      1.012 0.0000e+00
        244 109.377752    0.01688     1.0125     60.750  1025.1516  51346.176    31.6477      0.992    7.46210     3.7237     3.7170    25.1469   13.33446 5.7211e+01      1.002 0.0000e+00
        245 109.377755    0.01694     1.0167     61.000  1025.1489  51340.610    31.6447      0.984    7.46168     3.7271     3.7201    25.1442   13.33381 5.7492e+01      0.994 0.0000e+00
        246 109.377758    0.01701     1.0208     61.250  1025.1455  51333.582    31.6408      0.980    7.46120     3.7293     3.7238    25.1408   13.33307 5.7462e+01      0.990 0.0000e+00
        247 109.377760    0.01708     1.0250     61.500  1025.1422  51326.853    31.6370      0.980    7.46078     3.7304     3.7272    25.1375   13.33242 5.7245e+01      0.990 0.0000e+00
        248 109.377763    0.01715     1.0292     61.750  1025.1398  51321.961    31.6342      0.984    7.46050     3.7306     3.7294    25.1351   13.33200 5.7031e+01      0.993 0.0000e+00
        249 109.377766    0.01722     1.0333     62.000  1025.1385  51319.426    31.6328      0.990    7.46038     3.7304     3.7305    25.1338   13.33182 5.6967e+01      0.999 0.0000e+00
        250 109.377769    0.01729     1.0375     62.250  1025.1383  51318.941    31.6325      0.996    7.46036     3.7303     3.7307    25.1336   13.33179 5.6972e+01      1.005 0.0000e+00
        251 109.377772    0.01736     1.0417     62.500  1025.1387  51319.669    31.6329      1.001    7.46037     3.7304     3.7305    25.1340   13.33180 5.6890e+01      1.011 0.0000e+00
        252 109.377775    0.01743     1.0458     62.750  1025.1391  51320.437    31.6334      1.006    7.46037     3.7305     3.7304    25.1343   13.33179 5.6772e+01      1.016 0.0000e+00
        253 109.377778    0.01750     1.0500     63.000  1025.1390  51320.190    31.6333      1.011    7.46036     3.7303     3.7304    25.1342   13.33179 5.6564e+01      1.021 0.0000e+00
        254 109.377781    0.01757     1.0542     63.250  1025.1382  51318.553    31.6322      1.019    7.46039     3.7295     3.7306    25.1333   13.33186 5.6293e+01      1.029 0.0000e+00
        255 109.377784    0.01764     1.0583     63.500  1025.1368  51315.901    31.6303      1.030    7.46052     3.7279     3.7304    25.1319   13.33209 5.6067e+01      1.040 0.0000e+00
