CTD-processing/allCTD/CNV--homogene/2017_05-30_alongbay_skb04_cast183.cnv
* Sea-Bird SBE19plus Data File:
* FileName = C:\Users\jwschloemer\Documents\CTD Data\2017_05_30_alongbay\2017_05_30_AlongBay_cast183.hex
* Software Version 1.59
* Temperature SN =  4141
* Conductivity SN =  4141
* System UpLoad Time = Jun 22 2017 14:00:35
** Cook Inlet LTM Kbay Along Bay
** Date: 2017-05-30
** Station:KB04
** Start Time (AKST):16:10
** Depth (m):153
** Comment: R/V Edgecumbe
# nquan = 17
# nvalues = 1077                        
# units = specified
# name 0 = scan: Scan Count
# name 1 = timeJ: Julian Days
# name 2 = timeH: Time, Elapsed [hours]
# name 3 = timeM: Time, Elapsed [minutes]
# name 4 = timeS: Time, Elapsed [seconds]
# name 5 = density00: Density [density, kg/m^3]
# name 6 = specc: Specific Conductance [uS/cm]
# name 7 = sal00: Salinity, Practical [PSU]
# name 8 = depSM: Depth [salt water, m], lat = 59.00
# name 9 = oxsolML/L: Oxygen Saturation, Garcia & Gordon [ml/l]
# name 10 = potemp090C: Potential Temperature [ITS-90, deg C]
# name 11 = tv290C: Temperature [ITS-90, deg C]
# name 12 = sigma-é00: Density [sigma-theta, kg/m^3]
# name 13 = n2satML/L: Nitrogen Saturation [ml/l]
# name 14 = par: PAR/Irradiance, Biospherical/Licor
# name 15 = prdM: Pressure, Strain Gauge [db]
# name 16 = flag:  0.000e+00
# span 0 =          1,       1077       
# span 1 = 150.674688, 150.677801       
# span 2 =    0.00000,    0.07472       
# span 3 =     0.0000,     4.4833       
# span 4 =      0.000,    269.000       
# span 5 =  1000.3755,  1025.8149       
# span 6 =   1221.372,  51307.216       
# span 7 =     0.5942,    31.9537       
# span 8 =      0.000,    130.702       
# span 9 =    6.88954,    8.45470       
# span 10 =     5.3311,     7.0874      
# span 11 =     5.3410,     7.0875      
# span 12 =     0.3755,    25.2038      
# span 13 =   12.38933,   15.43631      
# span 14 = 3.6558e-02, 1.4368e+03      
# span 15 =      0.000,    131.978      
# span 16 = 0.0000e+00, 0.0000e+00      
# interval = seconds: 0.25
# start_time = May 30 2017 16:11:33 [Instrument's time stamp, header]
# bad_flag = -9.990e-29
*END*
[from data line 511]
        512 150.676166    0.03549     2.1292    127.750  1025.0483  50714.376    31.7739     18.460    7.00160     6.3338     6.3443    24.9624   12.57243 1.0397e+01     18.634 0.0000e+00
        513 150.676169    0.03556     2.1333    128.000  1025.0499  50715.930    31.7740     18.641    7.00233     6.3294     6.3397    24.9630   12.57364 9.9993e+00     18.818 0.0000e+00
        514 150.676172    0.03562     2.1375    128.250  1025.0511  50716.889    31.7738     18.840    7.00306     6.3250     6.3354    24.9634   12.57484 9.5865e+00     19.019 0.0000e+00
        515 150.676175    0.03569     2.1417    128.500  1025.0526  50718.189    31.7737     19.052    7.00378     6.3207     6.3310    24.9639   12.57603 9.1681e+00     19.233 0.0000e+00
        516 150.676178    0.03576     2.1458    128.750  1025.0546  50720.241    31.7742     19.273    7.00447     6.3169     6.3266    24.9648   12.57718 8.7534e+00     19.456 0.0000e+00
        517 150.676181    0.03583     2.1500    129.000  1025.0567  50722.631    31.7750     19.495    7.00512     6.3134     6.3224    24.9660   12.57824 8.3546e+00     19.680 0.0000e+00
        518 150.676183    0.03590     2.1542    129.250  1025.0589  50724.996    31.7758     19.712    7.00572     6.3102     6.3185    24.9671   12.57921 7.9840e+00     19.899 0.0000e+00
        519 150.676186    0.03597     2.1583    129.500  1025.0608  50727.162    31.7765     19.918    7.00625     6.3073     6.3150    24.9681   12.58009 7.6483e+00     20.108 0.0000e+00
        520 150.676189    0.03604     2.1625    129.750  1025.0626  50728.992    31.7771     20.112    7.00674     6.3045     6.3119    24.9689   12.58089 7.3464e+00     20.303 0.0000e+00
        521 150.676192    0.03611     2.1667    130.000  1025.0643  50730.743    31.7777     20.294    7.00719     6.3019     6.3090    24.9697   12.58163 7.0719e+00     20.487 0.0000e+00
        522 150.676195    0.03618     2.1708    130.250  1025.0659  50732.538    31.7783     20.472    7.00761     6.2995     6.3062    24.9706   12.58232 6.8157e+00     20.666 0.0000e+00
        523 150.676198    0.03625     2.1750    130.500  1025.0675  50734.178    31.7789     20.651    7.00801     6.2973     6.3036    24.9713   12.58297 6.5670e+00     20.848 0.0000e+00
        524 150.676201    0.03632     2.1792    130.750  1025.0692  50735.780    31.7794     20.841    7.00837     6.2953     6.3012    24.9721   12.58356 6.3160e+00     21.039 0.0000e+00
        525 150.676204    0.03639     2.1833    131.000  1025.0709  50737.423    31.7801     21.044    7.00870     6.2935     6.2990    24.9728   12.58410 6.0576e+00     21.244 0.0000e+00
        526 150.676207    0.03646     2.1875    131.250  1025.0726  50738.893    31.7806     21.263    7.00900     6.2919     6.2971    24.9735   12.58459 5.7936e+00     21.465 0.0000e+00
        527 150.676209    0.03653     2.1917    131.500  1025.0742  50740.141    31.7810     21.491    7.00927     6.2903     6.2953    24.9741   12.58502 5.5347e+00     21.694 0.0000e+00
        528 150.676212    0.03660     2.1958    131.750  1025.0758  50741.330    31.7814     21.717    7.00951     6.2890     6.2937    24.9746   12.58543 5.2927e+00     21.923 0.0000e+00
        529 150.676215    0.03667     2.2000    132.000  1025.0773  50742.614    31.7819     21.931    7.00974     6.2878     6.2922    24.9752   12.58580 5.0739e+00     22.139 0.0000e+00
        530 150.676218    0.03674     2.2042    132.250  1025.0788  50743.857    31.7824     22.130    7.00995     6.2867     6.2908    24.9758   12.58612 4.8769e+00     22.340 0.0000e+00
        531 150.676221    0.03681     2.2083    132.500  1025.0801  50744.782    31.7828     22.317    7.01013     6.2856     6.2896    24.9762   12.58641 4.6931e+00     22.529 0.0000e+00
        532 150.676224    0.03687     2.2125    132.750  1025.0812  50745.356    31.7829     22.501    7.01029     6.2845     6.2886    24.9764   12.58669 4.5142e+00     22.715 0.0000e+00
        533 150.676227    0.03694     2.2167    133.000  1025.0822  50745.752    31.7829     22.690    7.01047     6.2832     6.2875    24.9765   12.58698 4.3363e+00     22.906 0.0000e+00
        534 150.676230    0.03701     2.2208    133.250  1025.0832  50746.220    31.7829     22.890    7.01065     6.2817     6.2864    24.9766   12.58728 4.1585e+00     23.108 0.0000e+00
        535 150.676233    0.03708     2.2250    133.500  1025.0845  50746.910    31.7830     23.102    7.01086     6.2802     6.2851    24.9769   12.58762 3.9812e+00     23.322 0.0000e+00
        536 150.676236    0.03715     2.2292    133.750  1025.0859  50747.829    31.7833     23.324    7.01107     6.2787     6.2837    24.9773   12.58798 3.8067e+00     23.546 0.0000e+00
        537 150.676238    0.03722     2.2333    134.000  1025.0875  50748.989    31.7837     23.551    7.01130     6.2772     6.2822    24.9778   12.58834 3.6383e+00     23.775 0.0000e+00
        538 150.676241    0.03729     2.2375    134.250  1025.0892  50750.361    31.7842     23.776    7.01152     6.2758     6.2807    24.9784   12.58869 3.4799e+00     24.001 0.0000e+00
        539 150.676244    0.03736     2.2417    134.500  1025.0909  50751.908    31.7849     23.993    7.01173     6.2746     6.2792    24.9792   12.58903 3.3333e+00     24.221 0.0000e+00
        540 150.676247    0.03743     2.2458    134.750  1025.0927  50753.536    31.7857     24.202    7.01192     6.2735     6.2778    24.9799   12.58934 3.1970e+00     24.432 0.0000e+00
        541 150.676250    0.03750     2.2500    135.000  1025.0943  50755.034    31.7864     24.404    7.01209     6.2725     6.2766    24.9806   12.58961 3.0676e+00     24.636 0.0000e+00
        542 150.676253    0.03757     2.2542    135.250  1025.0959  50756.291    31.7869     24.606    7.01224     6.2717     6.2755    24.9812   12.58985 2.9421e+00     24.840 0.0000e+00
        543 150.676256    0.03764     2.2583    135.500  1025.0973  50757.358    31.7874     24.812    7.01237     6.2709     6.2746    24.9817   12.59006 2.8197e+00     25.048 0.0000e+00
        544 150.676259    0.03771     2.2625    135.750  1025.0987  50758.258    31.7877     25.025    7.01249     6.2702     6.2738    24.9821   12.59025 2.7022e+00     25.263 0.0000e+00
        545 150.676262    0.03778     2.2667    136.000  1025.1000  50758.970    31.7880     25.240    7.01259     6.2693     6.2731    24.9824   12.59042 2.5913e+00     25.480 0.0000e+00
        546 150.676264    0.03785     2.2708    136.250  1025.1012  50759.639    31.7882     25.452    7.01271     6.2682     6.2723    24.9827   12.59061 2.4867e+00     25.694 0.0000e+00
        547 150.676267    0.03792     2.2750    136.500  1025.1025  50760.408    31.7885     25.661    7.01284     6.2669     6.2714    24.9830   12.59082 2.3877e+00     25.905 0.0000e+00
        548 150.676270    0.03799     2.2792    136.750  1025.1038  50761.156    31.7888     25.866    7.01300     6.2650     6.2704    24.9833   12.59108 2.2928e+00     26.112 0.0000e+00
        549 150.676273    0.03806     2.2833    137.000  1025.1050  50761.853    31.7889     26.073    7.01322     6.2624     6.2690    24.9835   12.59144 2.1996e+00     26.321 0.0000e+00
        550 150.676276    0.03812     2.2875    137.250  1025.1064  50762.802    31.7891     26.285    7.01352     6.2589     6.2671    24.9839   12.59193 2.1077e+00     26.535 0.0000e+00
        551 150.676279    0.03819     2.2917    137.500  1025.1081  50764.282    31.7895     26.504    7.01392     6.2548     6.2645    24.9846   12.59260 2.0178e+00     26.756 0.0000e+00
        552 150.676282    0.03826     2.2958    137.750  1025.1102  50766.475    31.7903     26.728    7.01444     6.2501     6.2612    24.9856   12.59345 1.9313e+00     26.982 0.0000e+00
        553 150.676285    0.03833     2.3000    138.000  1025.1128  50769.768    31.7916     26.953    7.01506     6.2454     6.2570    24.9872   12.59445 1.8497e+00     27.209 0.0000e+00
        554 150.676288    0.03840     2.3042    138.250  1025.1159  50773.905    31.7935     27.174    7.01573     6.2408     6.2524    24.9893   12.59553 1.7744e+00     27.432 0.0000e+00
        555 150.676291    0.03847     2.3083    138.500  1025.1190  50778.101    31.7954     27.384    7.01641     6.2364     6.2477    24.9913   12.59664 1.7063e+00     27.645 0.0000e+00
        556 150.676293    0.03854     2.3125    138.750  1025.1220  50782.304    31.7973     27.584    7.01709     6.2324     6.2431    24.9934   12.59773 1.6442e+00     27.846 0.0000e+00
        557 150.676296    0.03861     2.3167    139.000  1025.1251  50786.709    31.7994     27.777    7.01771     6.2292     6.2387    24.9956   12.59873 1.5853e+00     28.041 0.0000e+00
        558 150.676299    0.03868     2.3208    139.250  1025.1283  50791.225    31.8017     27.972    7.01825     6.2267     6.2347    24.9979   12.59959 1.5272e+00     28.238 0.0000e+00
        559 150.676302    0.03875     2.3250    139.500  1025.1315  50795.663    31.8041     28.177    7.01867     6.2251     6.2315    25.0002   12.60025 1.4686e+00     28.445 0.0000e+00
        560 150.676305    0.03882     2.3292    139.750  1025.1346  50799.812    31.8064     28.395    7.01896     6.2243     6.2291    25.0023   12.60070 1.4091e+00     28.664 0.0000e+00
        561 150.676308    0.03889     2.3333    140.000  1025.1376  50803.595    31.8086     28.624    7.01911     6.2243     6.2275    25.0042   12.60093 1.3499e+00     28.895 0.0000e+00
        562 150.676311    0.03896     2.3375    140.250  1025.1405  50807.119    31.8108     28.856    7.01914     6.2248     6.2267    25.0061   12.60095 1.2934e+00     29.130 0.0000e+00
        563 150.676314    0.03903     2.3417    140.500  1025.1433  50810.320    31.8129     29.082    7.01905     6.2259     6.2266    25.0077   12.60078 1.2415e+00     29.358 0.0000e+00
        564 150.676317    0.03910     2.3458    140.750  1025.1455  50812.654    31.8145     29.296    7.01888     6.2270     6.2272    25.0090   12.60047 1.1948e+00     29.574 0.0000e+00
        565 150.676319    0.03917     2.3500    141.000  1025.1469  50813.693    31.8154     29.495    7.01867     6.2281     6.2283    25.0095   12.60011 1.1526e+00     29.776 0.0000e+00
        566 150.676322    0.03924     2.3542    141.250  1025.1477  50813.655    31.8155     29.683    7.01847     6.2288     6.2295    25.0094   12.59978 1.1135e+00     29.965 0.0000e+00
        567 150.676325    0.03931     2.3583    141.500  1025.1482  50813.020    31.8151     29.867    7.01831     6.2291     6.2305    25.0090   12.59952 1.0759e+00     30.151 0.0000e+00
        568 150.676328    0.03938     2.3625    141.750  1025.1485  50812.118    31.8146     30.056    7.01822     6.2289     6.2313    25.0085   12.59937 1.0386e+00     30.341 0.0000e+00
        569 150.676331    0.03944     2.3667    142.000  1025.1487  50810.935    31.8137     30.253    7.01820     6.2280     6.2316    25.0078   12.59937 1.0011e+00     30.540 0.0000e+00
        570 150.676334    0.03951     2.3708    142.250  1025.1487  50809.316    31.8124     30.459    7.01830     6.2262     6.2314    25.0068   12.59954 9.6405e-01     30.748 0.0000e+00
        571 150.676337    0.03958     2.3750    142.500  1025.1486  50807.499    31.8109     30.670    7.01852     6.2237     6.2305    25.0057   12.59992 9.2799e-01     30.961 0.0000e+00
        572 150.676340    0.03965     2.3792    142.750  1025.1487  50806.023    31.8094     30.880    7.01887     6.2205     6.2288    25.0048   12.60052 8.9366e-01     31.174 0.0000e+00
        573 150.676343    0.03972     2.3833    143.000  1025.1490  50805.163    31.8083     31.087    7.01934     6.2167     6.2262    25.0042   12.60131 8.6108e-01     31.383 0.0000e+00
        574 150.676345    0.03979     2.3875    143.250  1025.1497  50804.964    31.8074     31.292    7.01991     6.2125     6.2230    25.0039   12.60226 8.2953e-01     31.590 0.0000e+00
        575 150.676348    0.03986     2.3917    143.500  1025.1509  50805.630    31.8070     31.501    7.02055     6.2084     6.2192    25.0041   12.60332 7.9826e-01     31.800 0.0000e+00
        576 150.676351    0.03993     2.3958    143.750  1025.1526  50807.315    31.8073     31.716    7.02120     6.2044     6.2151    25.0048   12.60440 7.6730e-01     32.018 0.0000e+00
        577 150.676354    0.04000     2.4000    144.000  1025.1548  50809.750    31.8081     31.937    7.02185     6.2007     6.2110    25.0059   12.60546 7.3752e-01     32.241 0.0000e+00
        578 150.676357    0.04007     2.4042    144.250  1025.1570  50812.466    31.8091     32.154    7.02245     6.1974     6.2070    25.0072   12.60645 7.1019e-01     32.460 0.0000e+00
        579 150.676360    0.04014     2.4083    144.500  1025.1593  50815.179    31.8102     32.356    7.02300     6.1945     6.2034    25.0085   12.60734 6.8658e-01     32.664 0.0000e+00
        580 150.676363    0.04021     2.4125    144.750  1025.1614  50817.858    31.8113     32.535    7.02349     6.1920     6.2001    25.0098   12.60814 6.6667e-01     32.844 0.0000e+00
        581 150.676366    0.04028     2.4167    145.000  1025.1634  50820.420    31.8125     32.696    7.02392     6.1899     6.1972    25.0110   12.60883 6.4853e-01     33.007 0.0000e+00
        582 150.676369    0.04035     2.4208    145.250  1025.1652  50822.469    31.8133     32.855    7.02429     6.1878     6.1947    25.0120   12.60942 6.2993e-01     33.167 0.0000e+00
        583 150.676372    0.04042     2.4250    145.500  1025.1664  50823.546    31.8136     33.029    7.02462     6.1855     6.1926    25.0125   12.60997 6.0955e-01     33.343 0.0000e+00
        584 150.676374    0.04049     2.4292    145.750  1025.1672  50823.473    31.8130     33.229    7.02498     6.1825     6.1905    25.0123   12.61058 5.8727e-01     33.545 0.0000e+00
        585 150.676377    0.04056     2.4333    146.000  1025.1677  50822.688    31.8119     33.453    7.02542     6.1790     6.1882    25.0117   12.61131 5.6381e-01     33.772 0.0000e+00
        586 150.676380    0.04063     2.4375    146.250  1025.1683  50822.203    31.8109     33.692    7.02594     6.1749     6.1853    25.0113   12.61219 5.4043e-01     34.012 0.0000e+00
        587 150.676383    0.04069     2.4417    146.500  1025.1695  50822.732    31.8105     33.927    7.02655     6.1707     6.1817    25.0114   12.61320 5.1897e-01     34.250 0.0000e+00
        588 150.676386    0.04076     2.4458    146.750  1025.1711  50824.253    31.8107     34.146    7.02720     6.1665     6.1777    25.0120   12.61427 5.0037e-01     34.471 0.0000e+00
        589 150.676389    0.04083     2.4500    147.000  1025.1730  50826.422    31.8113     34.341    7.02786     6.1625     6.1735    25.0130   12.61535 4.8452e-01     34.669 0.0000e+00
        590 150.676392    0.04090     2.4542    147.250  1025.1751  50829.005    31.8122     34.515    7.02851     6.1587     6.1694    25.0143   12.61641 4.7081e-01     34.844 0.0000e+00
        591 150.676395    0.04097     2.4583    147.500  1025.1771  50831.597    31.8131     34.675    7.02912     6.1550     6.1654    25.0155   12.61741 4.5808e-01     35.005 0.0000e+00
        592 150.676398    0.04104     2.4625    147.750  1025.1786  50833.441    31.8136     34.834    7.02972     6.1508     6.1616    25.0163   12.61840 4.4523e-01     35.165 0.0000e+00
        593 150.676400    0.04111     2.4667    148.000  1025.1797  50834.280    31.8134     35.004    7.03034     6.1460     6.1578    25.0166   12.61943 4.3177e-01     35.337 0.0000e+00
        594 150.676403    0.04118     2.4708    148.250  1025.1806  50834.694    31.8128     35.192    7.03105     6.1402     6.1537    25.0166   12.62060 4.1762e-01     35.527 0.0000e+00
        595 150.676406    0.04125     2.4750    148.500  1025.1819  50835.633    31.8124     35.396    7.03186     6.1334     6.1489    25.0169   12.62196 4.0305e-01     35.733 0.0000e+00
