CTD-processing/allCTD/CNV--homogene/2017_10-17_t4_s02_cast053.cnv
* Sea-Bird SBE19plus Data File:
* FileName = C:\Users\Kim.Powell\Desktop\Not Processed\2017\2017_10-17\2017_10-17_TRANSECT_STATION_cast053.hex
* Software Version 1.59
* Temperature SN =  4141
* Conductivity SN =  4141
* System UpLoad Time = Oct 20 2017 08:53:08
** Transect:
** 2017_10-17
** Station: 4-02
** Start Time: 13:13
** Depth (m): 103.3
** Comment: Edgecumbe
** Comment: Larval flatfish
# nquan = 17
# nvalues = 817                         
# units = specified
# name 0 = scan: Scan Count
# name 1 = timeJ: Julian Days
# name 2 = timeH: Time, Elapsed [hours]
# name 3 = timeM: Time, Elapsed [minutes]
# name 4 = timeS: Time, Elapsed [seconds]
# name 5 = density00: Density [density, kg/m^3]
# name 6 = specc: Specific Conductance [uS/cm]
# name 7 = sal00: Salinity, Practical [PSU]
# name 8 = depSM: Depth [salt water, m], lat = 59.00
# name 9 = oxsolML/L: Oxygen Saturation, Garcia & Gordon [ml/l]
# name 10 = potemp090C: Potential Temperature [ITS-90, deg C]
# name 11 = tv290C: Temperature [ITS-90, deg C]
# name 12 = sigma-é00: Density [sigma-theta, kg/m^3]
# name 13 = n2satML/L: Nitrogen Saturation [ml/l]
# name 14 = par: PAR/Irradiance, Biospherical/Licor
# name 15 = prdM: Pressure, Strain Gauge [db]
# name 16 = flag:  0.000e+00
# span 0 =          1,        817       
# span 1 = 290.551065, 290.553426       
# span 2 =    0.00000,    0.05667       
# span 3 =     0.0000,     3.4000       
# span 4 =      0.000,    204.000       
# span 5 =  1001.1696,  1024.3591       
# span 6 =   3046.566,  48928.569       
# span 7 =     1.5418,    31.0272       
# span 8 =     -0.219,    101.679       
# span 9 =    6.48867,    8.61667       
# span 10 =     6.0346,     9.9720      
# span 11 =     6.0246,     9.9770      
# span 12 =     1.1707,    23.8939      
# span 13 =   11.73516,   15.69369      
# span 14 = 3.7565e-02, 6.4992e+02      
# span 15 =     -0.221,    102.664      
# span 16 = 0.0000e+00, 0.0000e+00      
# interval = seconds: 0.25
# start_time = Oct 17 2017 13:13:32 [Instrument's time stamp, header]
# bad_flag = -9.990e-29
*END*
[from data line 171]
        172 290.551560    0.01188     0.7125     42.750  1023.6416  48341.905    30.5780      1.429    6.61947     9.1389     9.1495    23.6350   11.95510 5.4001e+01      1.443 0.0000e+00
        173 290.551562    0.01194     0.7167     43.000  1023.6455  48348.521    30.5819      1.426    6.62013     9.1347     9.1438    23.6389   11.95616 5.4327e+01      1.440 0.0000e+00
        174 290.551565    0.01201     0.7208     43.250  1023.6493  48355.168    30.5859      1.426    6.62067     9.1309     9.1390    23.6428   11.95701 5.4822e+01      1.439 0.0000e+00
        175 290.551568    0.01208     0.7250     43.500  1023.6520  48359.645    30.5885      1.429    6.62118     9.1271     9.1348    23.6454   11.95782 5.5336e+01      1.442 0.0000e+00
        176 290.551571    0.01215     0.7292     43.750  1023.6526  48360.440    30.5886      1.433    6.62173     9.1229     9.1310    23.6460   11.95873 5.5512e+01      1.447 0.0000e+00
        177 290.551574    0.01222     0.7333     44.000  1023.6516  48358.270    30.5865      1.438    6.62238     9.1181     9.1272    23.6450   11.95983 5.5200e+01      1.452 0.0000e+00
        178 290.551577    0.01229     0.7375     44.250  1023.6505  48355.798    30.5842      1.442    6.62311     9.1133     9.1230    23.6438   11.96106 5.4720e+01      1.456 0.0000e+00
        179 290.551580    0.01236     0.7417     44.500  1023.6504  48355.246    30.5832      1.444    6.62385     9.1089     9.1183    23.6438   11.96230 5.4475e+01      1.457 0.0000e+00
        180 290.551583    0.01243     0.7458     44.750  1023.6515  48356.817    30.5837      1.443    6.62453     9.1048     9.1135    23.6449   11.96342 5.4543e+01      1.456 0.0000e+00
        181 290.551586    0.01250     0.7500     45.000  1023.6534  48359.788    30.5851      1.440    6.62512     9.1012     9.1091    23.6467   11.96439 5.4821e+01      1.453 0.0000e+00
        182 290.551589    0.01257     0.7542     45.250  1023.6557  48363.676    30.5873      1.436    6.62563     9.0980     9.1050    23.6490   11.96519 5.5194e+01      1.449 0.0000e+00
        183 290.551591    0.01264     0.7583     45.500  1023.6584  48368.386    30.5901      1.432    6.62604     9.0953     9.1014    23.6518   11.96584 5.5428e+01      1.445 0.0000e+00
        184 290.551594    0.01271     0.7625     45.750  1023.6617  48374.266    30.5938      1.429    6.62635     9.0928     9.0982    23.6551   11.96631 5.5335e+01      1.442 0.0000e+00
        185 290.551597    0.01278     0.7667     46.000  1023.6657  48381.301    30.5984      1.428    6.62657     9.0904     9.0954    23.6591   11.96661 5.4988e+01      1.442 0.0000e+00
        186 290.551600    0.01285     0.7708     46.250  1023.6694  48387.870    30.6026      1.431    6.62675     9.0874     9.0930    23.6628   11.96686 5.4603e+01      1.444 0.0000e+00
        187 290.551603    0.01292     0.7750     46.500  1023.6715  48391.368    30.6047      1.435    6.62701     9.0829     9.0906    23.6648   11.96728 5.4346e+01      1.449 0.0000e+00
        188 290.551606    0.01299     0.7792     46.750  1023.6720  48391.983    30.6048      1.439    6.62745     9.0760     9.0876    23.6653   11.96801 5.4302e+01      1.453 0.0000e+00
        189 290.551609    0.01306     0.7833     47.000  1023.6735  48394.463    30.6059      1.440    6.62806     9.0657     9.0831    23.6669   11.96901 5.4374e+01      1.454 0.0000e+00
        190 290.551612    0.01313     0.7875     47.250  1023.6788  48403.607    30.6113      1.436    6.62886     9.0526     9.0761    23.6722   11.97026 5.4121e+01      1.450 0.0000e+00
        191 290.551615    0.01319     0.7917     47.500  1023.6886  48420.567    30.6218      1.430    6.62994     9.0393     9.0658    23.6819   11.97191 5.3288e+01      1.444 0.0000e+00
        192 290.551617    0.01326     0.7958     47.750  1023.7017  48443.529    30.6362      1.424    6.63125     9.0279     9.0528    23.6951   11.97390 5.2386e+01      1.437 0.0000e+00
        193 290.551620    0.01333     0.8000     48.000  1023.7162  48468.972    30.6522      1.421    6.63254     9.0193     9.0394    23.7097   11.97585 5.2203e+01      1.434 0.0000e+00
        194 290.551623    0.01340     0.8042     48.250  1023.7297  48492.758    30.6673      1.423    6.63358     9.0131     9.0280    23.7232   11.97738 5.2817e+01      1.436 0.0000e+00
        195 290.551626    0.01347     0.8083     48.500  1023.7401  48510.921    30.6788      1.430    6.63435     9.0087     9.0194    23.7335   11.97853 5.3623e+01      1.443 0.0000e+00
        196 290.551629    0.01354     0.8125     48.750  1023.7458  48520.635    30.6848      1.440    6.63501     9.0054     9.0133    23.7391   11.97954 5.4213e+01      1.453 0.0000e+00
        197 290.551632    0.01361     0.8167     49.000  1023.7472  48522.759    30.6857      1.449    6.63562     9.0023     9.0089    23.7405   11.98055 5.4440e+01      1.463 0.0000e+00
        198 290.551635    0.01368     0.8208     49.250  1023.7468  48521.831    30.6845      1.455    6.63616     8.9988     9.0055    23.7401   11.98146 5.4222e+01      1.469 0.0000e+00
        199 290.551638    0.01375     0.8250     49.500  1023.7470  48521.910    30.6842      1.458    6.63662     8.9949     9.0025    23.7403   11.98223 5.3712e+01      1.471 0.0000e+00
        200 290.551641    0.01382     0.8292     49.750  1023.7486  48524.619    30.6856      1.457    6.63708     8.9919     8.9990    23.7419   11.98298 5.3235e+01      1.470 0.0000e+00
        201 290.551644    0.01389     0.8333     50.000  1023.7515  48529.553    30.6885      1.453    6.63753     8.9905     8.9951    23.7448   11.98368 5.3167e+01      1.467 0.0000e+00
        202 290.551646    0.01396     0.8375     50.250  1023.7545  48534.892    30.6918      1.448    6.63783     8.9905     8.9921    23.7478   11.98414 5.3724e+01      1.462 0.0000e+00
        203 290.551649    0.01403     0.8417     50.500  1023.7568  48538.967    30.6945      1.444    6.63793     8.9911     8.9907    23.7501   11.98427 5.4728e+01      1.458 0.0000e+00
        204 290.551652    0.01410     0.8458     50.750  1023.7578  48540.905    30.6959      1.441    6.63788     8.9917     8.9906    23.7512   11.98417 5.5621e+01      1.455 0.0000e+00
        205 290.551655    0.01417     0.8500     51.000  1023.7575  48540.306    30.6955      1.441    6.63781     8.9920     8.9912    23.7509   11.98405 5.5853e+01      1.455 0.0000e+00
        206 290.551658    0.01424     0.8542     51.250  1023.7559  48537.393    30.6936      1.443    6.63779     8.9917     8.9919    23.7492   11.98405 5.5418e+01      1.456 0.0000e+00
        207 290.551661    0.01431     0.8583     51.500  1023.7538  48533.553    30.6909      1.444    6.63786     8.9907     8.9922    23.7471   11.98420 5.4754e+01      1.458 0.0000e+00
        208 290.551664    0.01438     0.8625     51.750  1023.7524  48531.040    30.6891      1.443    6.63799     8.9889     8.9919    23.7458   11.98443 5.4294e+01      1.457 0.0000e+00
        209 290.551667    0.01444     0.8667     52.000  1023.7527  48531.450    30.6892      1.440    6.63814     8.9867     8.9908    23.7460   11.98467 5.4435e+01      1.454 0.0000e+00
        210 290.551670    0.01451     0.8708     52.250  1023.7547  48535.125    30.6916      1.434    6.63829     8.9846     8.9891    23.7481   11.98490 5.5206e+01      1.448 0.0000e+00
        211 290.551672    0.01458     0.8750     52.500  1023.7583  48541.535    30.6958      1.430    6.63844     8.9831     8.9869    23.7517   11.98509 5.6023e+01      1.444 0.0000e+00
        212 290.551675    0.01465     0.8792     52.750  1023.7625  48549.080    30.7008      1.430    6.63854     8.9821     8.9848    23.7559   11.98519 5.6424e+01      1.444 0.0000e+00
        213 290.551678    0.01472     0.8833     53.000  1023.7661  48555.381    30.7050      1.435    6.63859     8.9813     8.9832    23.7595   11.98522 5.6420e+01      1.449 0.0000e+00
        214 290.551681    0.01479     0.8875     53.250  1023.7678  48558.433    30.7070      1.444    6.63865     8.9804     8.9822    23.7612   11.98530 5.6103e+01      1.458 0.0000e+00
        215 290.551684    0.01486     0.8917     53.500  1023.7675  48557.831    30.7064      1.453    6.63879     8.9790     8.9814    23.7609   11.98554 5.5672e+01      1.467 0.0000e+00
        216 290.551687    0.01493     0.8958     53.750  1023.7663  48555.462    30.7047      1.459    6.63901     8.9768     8.9805    23.7596   11.98592 5.5474e+01      1.473 0.0000e+00
        217 290.551690    0.01500     0.9000     54.000  1023.7656  48554.005    30.7035      1.459    6.63926     8.9732     8.9791    23.7589   11.98635 5.5572e+01      1.473 0.0000e+00
        218 290.551693    0.01507     0.9042     54.250  1023.7663  48555.242    30.7040      1.452    6.63956     8.9682     8.9769    23.7597   11.98684 5.5742e+01      1.466 0.0000e+00
        219 290.551696    0.01514     0.9083     54.500  1023.7694  48560.715    30.7074      1.439    6.63995     8.9630     8.9734    23.7628   11.98745 5.5953e+01      1.453 0.0000e+00
        220 290.551698    0.01521     0.9125     54.750  1023.7755  48571.518    30.7143      1.425    6.64039     8.9590     8.9684    23.7690   11.98810 5.6316e+01      1.438 0.0000e+00
        221 290.551701    0.01528     0.9167     55.000  1023.7838  48586.409    30.7240      1.414    6.64075     8.9572     8.9631    23.7773   11.98858 5.6622e+01      1.428 0.0000e+00
        222 290.551704    0.01535     0.9208     55.250  1023.7921  48601.189    30.7338      1.413    6.64091     8.9573     8.9592    23.7856   11.98873 5.6515e+01      1.426 0.0000e+00
        223 290.551707    0.01542     0.9250     55.500  1023.7977  48611.275    30.7406      1.420    6.64090     8.9589     8.9573    23.7912   11.98861 5.6001e+01      1.433 0.0000e+00
        224 290.551710    0.01549     0.9292     55.750  1023.7997  48614.822    30.7431      1.433    6.64077     8.9613     8.9575    23.7931   11.98838 5.5464e+01      1.446 0.0000e+00
        225 290.551713    0.01556     0.9333     56.000  1023.7986  48612.792    30.7419      1.448    6.64059     8.9637     8.9591    23.7920   11.98809 5.5274e+01      1.461 0.0000e+00
        226 290.551716    0.01563     0.9375     56.250  1023.7958  48607.694    30.7386      1.460    6.64038     8.9660     8.9614    23.7891   11.98778 5.5442e+01      1.474 0.0000e+00
        227 290.551719    0.01569     0.9417     56.500  1023.7929  48602.563    30.7354      1.465    6.64016     8.9681     8.9638    23.7862   11.98746 5.5768e+01      1.479 0.0000e+00
        228 290.551722    0.01576     0.9458     56.750  1023.7913  48599.857    30.7338      1.462    6.63989     8.9706     8.9661    23.7846   11.98704 5.6105e+01      1.476 0.0000e+00
        229 290.551725    0.01583     0.9500     57.000  1023.7914  48600.447    30.7345      1.449    6.63955     8.9751     8.9682    23.7848   11.98646 5.6300e+01      1.462 0.0000e+00
        230 290.551727    0.01590     0.9542     57.250  1023.7929  48603.570    30.7370      1.430    6.63907     8.9843     8.9707    23.7864   11.98563 5.6165e+01      1.443 0.0000e+00
        231 290.551730    0.01597     0.9583     57.500  1023.7949  48607.691    30.7405      1.411    6.63826     9.0018     8.9752    23.7884   11.98424 5.5977e+01      1.425 0.0000e+00
        232 290.551733    0.01604     0.9625     57.750  1023.7959  48610.362    30.7436      1.401    6.63678     9.0332     8.9844    23.7895   11.98176 5.6316e+01      1.414 0.0000e+00
        233 290.551736    0.01611     0.9667     58.000  1023.7935  48607.450    30.7439      1.404    6.63417     9.0841     9.0019    23.7870   11.97744 5.6942e+01      1.417 0.0000e+00
        234 290.551739    0.01618     0.9708     58.250  1023.7839  48592.370    30.7376      1.420    6.62982     9.1531     9.0333    23.7773   11.97031 5.7038e+01      1.434 0.0000e+00
        235 290.551742    0.01625     0.9750     58.500  1023.7605  48553.910    30.7175      1.444    6.62317     9.2262     9.0842    23.7539   11.95954 5.6563e+01      1.458 0.0000e+00
        236 290.551745    0.01632     0.9792     58.750  1023.7164  48479.051    30.6744      1.465    6.61487     9.2867     9.1532    23.7096   11.94631 5.6162e+01      1.479 0.0000e+00
        237 290.551748    0.01639     0.9833     59.000  1023.6561  48375.365    30.6115      1.474    6.60680     9.3237     9.2263    23.6493   11.93371 5.6159e+01      1.488 0.0000e+00
        238 290.551751    0.01646     0.9875     59.250  1023.6013  48280.830    30.5533      1.468    6.60039     9.3366     9.2868    23.5946   11.92380 5.6446e+01      1.481 0.0000e+00
        239 290.551753    0.01653     0.9917     59.500  1023.5728  48232.259    30.5243      1.450    6.59619     9.3363     9.3239    23.5662   11.91719 5.6759e+01      1.463 0.0000e+00
        240 290.551756    0.01660     0.9958     59.750  1023.5762  48239.682    30.5313      1.431    6.59399     9.3368     9.3368    23.5697   11.91347 5.6770e+01      1.444 0.0000e+00
        241 290.551759    0.01667     1.0000     60.000  1023.6019  48286.408    30.5640      1.421    6.59264     9.3462     9.3365    23.5953   11.91083 5.6386e+01      1.434 0.0000e+00
        242 290.551762    0.01674     1.0042     60.250  1023.6314  48340.239    30.6019      1.423    6.59095     9.3655     9.3370    23.6248   11.90758 5.5817e+01      1.436 0.0000e+00
        243 290.551765    0.01681     1.0083     60.500  1023.6487  48372.578    30.6258      1.435    6.58857     9.3913     9.3463    23.6420   11.90335 5.5264e+01      1.448 0.0000e+00
        244 290.551768    0.01688     1.0125     60.750  1023.6457  48368.822    30.6257      1.450    6.58575     9.4168     9.3657    23.6390   11.89868 5.4836e+01      1.463 0.0000e+00
        245 290.551771    0.01694     1.0167     61.000  1023.6216  48327.307    30.6000      1.460    6.58309     9.4357     9.3914    23.6149   11.89457 5.4681e+01      1.473 0.0000e+00
        246 290.551774    0.01701     1.0208     61.250  1023.5852  48263.360    30.5585      1.461    6.58113     9.4448     9.4169    23.5785   11.89183 5.4889e+01      1.474 0.0000e+00
        247 290.551777    0.01708     1.0250     61.500  1023.5516  48203.881    30.5192      1.453    6.58003     9.4442     9.4359    23.5449   11.89048 5.5276e+01      1.466 0.0000e+00
        248 290.551780    0.01715     1.0292     61.750  1023.5319  48168.956    30.4959      1.440    6.57969     9.4381     9.4450    23.5253   11.89021 5.5446e+01      1.453 0.0000e+00
        249 290.551782    0.01722     1.0333     62.000  1023.5305  48166.281    30.4940      1.427    6.57985     9.4325     9.4444    23.5239   11.89051 5.5219e+01      1.441 0.0000e+00
        250 290.551785    0.01729     1.0375     62.250  1023.5443  48190.945    30.5105      1.419    6.58003     9.4317     9.4383    23.5377   11.89061 5.4793e+01      1.433 0.0000e+00
        251 290.551788    0.01736     1.0417     62.500  1023.5647  48227.801    30.5356      1.417    6.57979     9.4369     9.4327    23.5582   11.88989 5.4496e+01      1.431 0.0000e+00
        252 290.551791    0.01743     1.0458     62.750  1023.5827  48260.445    30.5584      1.420    6.57895     9.4470     9.4319    23.5762   11.88822 5.4507e+01      1.434 0.0000e+00
        253 290.551794    0.01750     1.0500     63.000  1023.5916  48277.240    30.5708      1.427    6.57766     9.4596     9.4371    23.5851   11.88593 5.4786e+01      1.441 0.0000e+00
        254 290.551797    0.01757     1.0542     63.250  1023.5888  48273.081    30.5692      1.434    6.57625     9.4723     9.4472    23.5822   11.88362 5.5192e+01      1.447 0.0000e+00
        255 290.551800    0.01764     1.0583     63.500  1023.5759  48250.705    30.5552      1.437    6.57502     9.4848     9.4598    23.5693   11.88176 5.5619e+01      1.451 0.0000e+00
