CTD-processing/allCTD/CNV--homogene/2018_12-06_t9_s08_cast042.cnv
* Sea-Bird SBE19plus Data File:
* FileName = C:\Users\Kim.Powell\Desktop\Not Processed\2018\2018_12-06_AlongBay, T9_4141\2018_12-06_TRANSECT_STATION_cast042.hex
* Software Version 1.59
* Temperature SN =  4141
* Conductivity SN =  4141
* System UpLoad Time = Jan 10 2019 10:05:01
** 2018_12-06
** Station: 9-08
** Start Time: 15:35
** Depth (m): 94
** Comment:
** Comment:
# nquan = 17
# nvalues = 733                         
# units = specified
# name 0 = scan: Scan Count
# name 1 = timeJ: Julian Days
# name 2 = timeH: Time, Elapsed [hours]
# name 3 = timeM: Time, Elapsed [minutes]
# name 4 = timeS: Time, Elapsed [seconds]
# name 5 = density00: Density [density, kg/m^3]
# name 6 = specc: Specific Conductance [uS/cm]
# name 7 = sal00: Salinity, Practical [PSU]
# name 8 = depSM: Depth [salt water, m], lat = 59.00
# name 9 = oxsolML/L: Oxygen Saturation, Garcia & Gordon [ml/l]
# name 10 = potemp090C: Potential Temperature [ITS-90, deg C]
# name 11 = tv290C: Temperature [ITS-90, deg C]
# name 12 = sigma-é00: Density [sigma-theta, kg/m^3]
# name 13 = n2satML/L: Nitrogen Saturation [ml/l]
# name 14 = par: PAR/Irradiance, Biospherical/Licor
# name 15 = prdM: Pressure, Strain Gauge [db]
# name 16 = flag:  0.000e+00
# span 0 =          1,        733       
# span 1 = 340.648241, 340.650359       
# span 2 =    0.00000,    0.05083       
# span 3 =     0.0000,     3.0500       
# span 4 =      0.000,    183.000       
# span 5 =  1023.7945,  1024.7002       
# span 6 =  48541.961,  49498.249       
# span 7 =    30.3703,    31.1709       
# span 8 =      0.531,     91.555       
# span 9 =    6.77550,    6.99538       
# span 10 =     6.7704,     7.9333      
# span 11 =     6.7558,     7.9420      
# span 12 =    23.7916,    24.2777      
# span 13 =   12.20613,   12.57880      
# span 14 = 3.8502e-02, 8.7684e+00      
# span 15 =      0.536,     92.439      
# span 16 = 0.0000e+00, 0.0000e+00      
# interval = seconds: 0.25
# start_time = Dec 06 2018 15:33:28 [Instrument's time stamp, header]
# bad_flag = -9.990e-29
*END*
[from data line 86]
         87 340.648490    0.00597     0.3583     21.500  1023.8040  48559.559    30.3823      0.619    6.98185     6.8618     6.8601    23.8012   12.55735 8.0290e+00      0.625 0.0000e+00
         88 340.648492    0.00604     0.3625     21.750  1023.8005  48552.973    30.3779      0.620    6.98189     6.8623     6.8611    23.7976   12.55748 7.9928e+00      0.626 0.0000e+00
         89 340.648495    0.00611     0.3667     22.000  1023.7981  48548.514    30.3749      0.620    6.98191     6.8627     6.8618    23.7952   12.55755 7.9558e+00      0.626 0.0000e+00
         90 340.648498    0.00618     0.3708     22.250  1023.7975  48547.493    30.3743      0.622    6.98185     6.8629     6.8624    23.7946   12.55745 7.9425e+00      0.628 0.0000e+00
         91 340.648501    0.00625     0.3750     22.500  1023.7977  48547.735    30.3745      0.625    6.98177     6.8626     6.8628    23.7947   12.55732 7.9648e+00      0.631 0.0000e+00
         92 340.648504    0.00632     0.3792     22.750  1023.7967  48546.018    30.3734      0.627    6.98180     6.8616     6.8629    23.7938   12.55738 8.0133e+00      0.633 0.0000e+00
         93 340.648507    0.00639     0.3833     23.000  1023.7949  48542.754    30.3710      0.625    6.98195     6.8597     6.8627    23.7920   12.55766 8.0672e+00      0.631 0.0000e+00
         94 340.648510    0.00646     0.3875     23.250  1023.7945  48541.961    30.3703      0.619    6.98214     6.8568     6.8617    23.7916   12.55799 8.0775e+00      0.625 0.0000e+00
         95 340.648513    0.00653     0.3917     23.500  1023.7973  48547.328    30.3737      0.610    6.98231     6.8539     6.8597    23.7945   12.55822 8.0259e+00      0.616 0.0000e+00
         96 340.648516    0.00660     0.3958     23.750  1023.8040  48559.677    30.3817      0.604    6.98240     6.8519     6.8568    23.8012   12.55828 7.9830e+00      0.610 0.0000e+00
         97 340.648519    0.00667     0.4000     24.000  1023.8125  48575.313    30.3920      0.604    6.98241     6.8511     6.8539    23.8097   12.55815 7.9834e+00      0.609 0.0000e+00
         98 340.648521    0.00674     0.4042     24.250  1023.8195  48588.200    30.4006      0.607    6.98234     6.8511     6.8519    23.8167   12.55793 8.0125e+00      0.613 0.0000e+00
         99 340.648524    0.00681     0.4083     24.500  1023.8231  48594.797    30.4051      0.613    6.98226     6.8514     6.8511    23.8203   12.55774 8.0563e+00      0.618 0.0000e+00
        100 340.648527    0.00688     0.4125     24.750  1023.8232  48594.942    30.4052      0.617    6.98224     6.8517     6.8512    23.8204   12.55771 8.0703e+00      0.623 0.0000e+00
        101 340.648530    0.00694     0.4167     25.000  1023.8209  48590.612    30.4022      0.619    6.98233     6.8521     6.8515    23.8180   12.55789 8.0816e+00      0.625 0.0000e+00
        102 340.648533    0.00701     0.4208     25.250  1023.8180  48585.258    30.3986      0.619    6.98245     6.8524     6.8518    23.8151   12.55814 8.0864e+00      0.625 0.0000e+00
        103 340.648536    0.00708     0.4250     25.500  1023.8162  48582.074    30.3964      0.617    6.98249     6.8527     6.8521    23.8134   12.55824 8.0173e+00      0.623 0.0000e+00
        104 340.648539    0.00715     0.4292     25.750  1023.8164  48582.363    30.3967      0.614    6.98242     6.8530     6.8525    23.8135   12.55812 7.9431e+00      0.620 0.0000e+00
        105 340.648542    0.00722     0.4333     26.000  1023.8180  48585.347    30.3988      0.612    6.98227     6.8531     6.8528    23.8152   12.55784 7.9471e+00      0.618 0.0000e+00
        106 340.648545    0.00729     0.4375     26.250  1023.8201  48589.188    30.4015      0.611    6.98211     6.8532     6.8531    23.8173   12.55754 7.9663e+00      0.616 0.0000e+00
        107 340.648547    0.00736     0.4417     26.500  1023.8221  48592.914    30.4041      0.611    6.98197     6.8533     6.8532    23.8193   12.55727 7.9321e+00      0.616 0.0000e+00
        108 340.648550    0.00743     0.4458     26.750  1023.8243  48596.887    30.4069      0.613    6.98182     6.8535     6.8533    23.8214   12.55700 7.9158e+00      0.619 0.0000e+00
        109 340.648553    0.00750     0.4500     27.000  1023.8268  48601.355    30.4100      0.620    6.98166     6.8535     6.8534    23.8239   12.55669 7.9426e+00      0.625 0.0000e+00
        110 340.648556    0.00757     0.4542     27.250  1023.8289  48605.238    30.4127      0.629    6.98152     6.8533     6.8535    23.8260   12.55642 7.9689e+00      0.635 0.0000e+00
        111 340.648559    0.00764     0.4583     27.500  1023.8296  48606.319    30.4134      0.640    6.98148     6.8527     6.8536    23.8266   12.55634 8.0204e+00      0.645 0.0000e+00
        112 340.648562    0.00771     0.4625     27.750  1023.8278  48603.038    30.4111      0.646    6.98161     6.8517     6.8534    23.8248   12.55660 8.0791e+00      0.652 0.0000e+00
        113 340.648565    0.00778     0.4667     28.000  1023.8245  48596.988    30.4068      0.645    6.98190     6.8500     6.8528    23.8215   12.55713 8.1120e+00      0.651 0.0000e+00
        114 340.648568    0.00785     0.4708     28.250  1023.8219  48592.276    30.4034      0.637    6.98223     6.8478     6.8518    23.8189   12.55772 8.0885e+00      0.643 0.0000e+00
        115 340.648571    0.00792     0.4750     28.500  1023.8217  48592.046    30.4030      0.625    6.98252     6.8456     6.8501    23.8188   12.55820 8.0031e+00      0.631 0.0000e+00
        116 340.648573    0.00799     0.4792     28.750  1023.8243  48596.933    30.4060      0.615    6.98273     6.8438     6.8479    23.8214   12.55852 7.9612e+00      0.621 0.0000e+00
        117 340.648576    0.00806     0.4833     29.000  1023.8286  48604.856    30.4111      0.609    6.98286     6.8427     6.8457    23.8257   12.55867 7.9943e+00      0.615 0.0000e+00
        118 340.648579    0.00813     0.4875     29.250  1023.8326  48612.245    30.4159      0.606    6.98293     6.8424     6.8439    23.8297   12.55872 8.0144e+00      0.612 0.0000e+00
        119 340.648582    0.00819     0.4917     29.500  1023.8350  48616.725    30.4188      0.606    6.98298     6.8426     6.8428    23.8322   12.55876 8.0019e+00      0.612 0.0000e+00
        120 340.648585    0.00826     0.4958     29.750  1023.8360  48618.518    30.4200      0.606    6.98299     6.8433     6.8424    23.8331   12.55875 7.9967e+00      0.612 0.0000e+00
        121 340.648588    0.00833     0.5000     30.000  1023.8364  48619.272    30.4205      0.607    6.98293     6.8445     6.8426    23.8336   12.55865 7.9971e+00      0.613 0.0000e+00
        122 340.648591    0.00840     0.5042     30.250  1023.8367  48619.824    30.4210      0.611    6.98279     6.8460     6.8433    23.8339   12.55842 8.0140e+00      0.616 0.0000e+00
        123 340.648594    0.00847     0.5083     30.500  1023.8367  48619.792    30.4212      0.617    6.98259     6.8477     6.8445    23.8339   12.55809 8.0536e+00      0.623 0.0000e+00
        124 340.648597    0.00854     0.5125     30.750  1023.8360  48618.397    30.4205      0.625    6.98237     6.8492     6.8460    23.8331   12.55773 8.0669e+00      0.630 0.0000e+00
        125 340.648600    0.00861     0.5167     31.000  1023.8342  48615.057    30.4185      0.631    6.98219     6.8503     6.8477    23.8313   12.55746 8.0415e+00      0.637 0.0000e+00
        126 340.648602    0.00868     0.5208     31.250  1023.8314  48609.876    30.4152      0.635    6.98210     6.8510     6.8492    23.8285   12.55736 8.0172e+00      0.641 0.0000e+00
        127 340.648605    0.00875     0.5250     31.500  1023.8280  48603.591    30.4110      0.637    6.98212     6.8516     6.8503    23.8251   12.55743 8.0534e+00      0.643 0.0000e+00
        128 340.648608    0.00882     0.5292     31.750  1023.8246  48597.273    30.4068      0.635    6.98219     6.8521     6.8510    23.8216   12.55761 8.1274e+00      0.640 0.0000e+00
        129 340.648611    0.00889     0.5333     32.000  1023.8219  48592.297    30.4034      0.629    6.98226     6.8528     6.8516    23.8189   12.55776 8.1705e+00      0.634 0.0000e+00
        130 340.648614    0.00896     0.5375     32.250  1023.8206  48589.950    30.4019      0.620    6.98223     6.8533     6.8521    23.8177   12.55774 8.2075e+00      0.626 0.0000e+00
        131 340.648617    0.00903     0.5417     32.500  1023.8211  48591.032    30.4028      0.613    6.98209     6.8538     6.8528    23.8183   12.55749 8.2212e+00      0.618 0.0000e+00
        132 340.648620    0.00910     0.5458     32.750  1023.8235  48595.330    30.4058      0.609    6.98185     6.8542     6.8534    23.8206   12.55706 8.1885e+00      0.615 0.0000e+00
        133 340.648623    0.00917     0.5500     33.000  1023.8265  48600.896    30.4098      0.611    6.98160     6.8543     6.8538    23.8236   12.55659 8.1529e+00      0.617 0.0000e+00
        134 340.648626    0.00924     0.5542     33.250  1023.8288  48605.062    30.4127      0.616    6.98141     6.8542     6.8542    23.8259   12.55624 8.1200e+00      0.622 0.0000e+00
        135 340.648628    0.00931     0.5583     33.500  1023.8295  48606.354    30.4136      0.621    6.98134     6.8539     6.8544    23.8266   12.55611 8.1134e+00      0.627 0.0000e+00
        136 340.648631    0.00937     0.5625     33.750  1023.8287  48604.784    30.4125      0.625    6.98140     6.8534     6.8543    23.8258   12.55623 8.1294e+00      0.631 0.0000e+00
        137 340.648634    0.00944     0.5667     34.000  1023.8268  48601.390    30.4101      0.626    6.98156     6.8531     6.8540    23.8239   12.55654 8.1385e+00      0.632 0.0000e+00
        138 340.648637    0.00951     0.5708     34.250  1023.8248  48597.627    30.4074      0.626    6.98176     6.8529     6.8535    23.8219   12.55689 8.1483e+00      0.632 0.0000e+00
        139 340.648640    0.00958     0.5750     34.500  1023.8229  48594.274    30.4050      0.624    6.98193     6.8529     6.8532    23.8201   12.55720 8.1338e+00      0.630 0.0000e+00
        140 340.648643    0.00965     0.5792     34.750  1023.8214  48591.457    30.4031      0.621    6.98205     6.8529     6.8530    23.8185   12.55742 8.1117e+00      0.627 0.0000e+00
        141 340.648646    0.00972     0.5833     35.000  1023.8205  48589.794    30.4019      0.616    6.98211     6.8529     6.8530    23.8176   12.55753 8.1045e+00      0.622 0.0000e+00
        142 340.648649    0.00979     0.5875     35.250  1023.8208  48590.485    30.4024      0.612    6.98208     6.8528     6.8530    23.8180   12.55748 8.1087e+00      0.617 0.0000e+00
        143 340.648652    0.00986     0.5917     35.500  1023.8229  48594.426    30.4051      0.609    6.98196     6.8526     6.8530    23.8201   12.55724 8.1400e+00      0.615 0.0000e+00
        144 340.648655    0.00993     0.5958     35.750  1023.8265  48601.003    30.4097      0.612    6.98177     6.8523     6.8529    23.8237   12.55686 8.1778e+00      0.618 0.0000e+00
        145 340.648657    0.01000     0.6000     36.000  1023.8304  48607.971    30.4145      0.618    6.98158     6.8520     6.8527    23.8275   12.55649 8.2016e+00      0.624 0.0000e+00
        146 340.648660    0.01007     0.6042     36.250  1023.8333  48613.308    30.4181      0.628    6.98145     6.8516     6.8524    23.8304   12.55624 8.1946e+00      0.634 0.0000e+00
        147 340.648663    0.01014     0.6083     36.500  1023.8349  48616.177    30.4200      0.637    6.98142     6.8510     6.8521    23.8320   12.55616 8.1751e+00      0.643 0.0000e+00
        148 340.648666    0.01021     0.6125     36.750  1023.8351  48616.444    30.4201      0.643    6.98149     6.8502     6.8516    23.8321   12.55627 8.1803e+00      0.650 0.0000e+00
        149 340.648669    0.01028     0.6167     37.000  1023.8341  48614.569    30.4187      0.646    6.98165     6.8494     6.8510    23.8311   12.55656 8.1928e+00      0.653 0.0000e+00
        150 340.648672    0.01035     0.6208     37.250  1023.8325  48611.651    30.4166      0.645    6.98187     6.8486     6.8503    23.8295   12.55696 8.1856e+00      0.651 0.0000e+00
        151 340.648675    0.01042     0.6250     37.500  1023.8310  48608.978    30.4146      0.640    6.98210     6.8481     6.8495    23.8280   12.55735 8.1842e+00      0.646 0.0000e+00
        152 340.648678    0.01049     0.6292     37.750  1023.8301  48607.426    30.4134      0.632    6.98227     6.8477     6.8487    23.8271   12.55765 8.2007e+00      0.638 0.0000e+00
        153 340.648681    0.01056     0.6333     38.000  1023.8300  48607.429    30.4133      0.624    6.98236     6.8474     6.8482    23.8271   12.55780 8.1979e+00      0.630 0.0000e+00
        154 340.648683    0.01063     0.6375     38.250  1023.8310  48609.242    30.4145      0.617    6.98237     6.8471     6.8478    23.8281   12.55780 8.1573e+00      0.622 0.0000e+00
        155 340.648686    0.01069     0.6417     38.500  1023.8329  48612.705    30.4168      0.611    6.98231     6.8467     6.8475    23.8300   12.55768 8.0968e+00      0.617 0.0000e+00
        156 340.648689    0.01076     0.6458     38.750  1023.8351  48616.880    30.4197      0.608    6.98223     6.8464     6.8472    23.8323   12.55751 8.0817e+00      0.613 0.0000e+00
        157 340.648692    0.01083     0.6500     39.000  1023.8372  48620.737    30.4223      0.607    6.98216     6.8460     6.8468    23.8344   12.55737 8.1203e+00      0.613 0.0000e+00
        158 340.648695    0.01090     0.6542     39.250  1023.8390  48624.026    30.4245      0.609    6.98212     6.8454     6.8465    23.8362   12.55727 8.1578e+00      0.614 0.0000e+00
        159 340.648698    0.01097     0.6583     39.500  1023.8406  48626.989    30.4265      0.613    6.98210     6.8448     6.8460    23.8378   12.55721 8.1870e+00      0.619 0.0000e+00
        160 340.648701    0.01104     0.6625     39.750  1023.8421  48629.616    30.4282      0.620    6.98211     6.8442     6.8455    23.8392   12.55720 8.2153e+00      0.626 0.0000e+00
        161 340.648704    0.01111     0.6667     40.000  1023.8431  48631.293    30.4293      0.628    6.98216     6.8439     6.8449    23.8402   12.55727 8.2496e+00      0.634 0.0000e+00
        162 340.648707    0.01118     0.6708     40.250  1023.8430  48631.192    30.4291      0.636    6.98226     6.8436     6.8443    23.8401   12.55744 8.2789e+00      0.642 0.0000e+00
        163 340.648709    0.01125     0.6750     40.500  1023.8418  48628.951    30.4275      0.641    6.98239     6.8434     6.8439    23.8388   12.55769 8.2779e+00      0.647 0.0000e+00
        164 340.648712    0.01132     0.6792     40.750  1023.8398  48625.164    30.4248      0.642    6.98255     6.8432     6.8437    23.8368   12.55798 8.2712e+00      0.648 0.0000e+00
        165 340.648715    0.01139     0.6833     41.000  1023.8376  48621.227    30.4221      0.640    6.98271     6.8430     6.8435    23.8346   12.55828 8.2739e+00      0.646 0.0000e+00
        166 340.648718    0.01146     0.6875     41.250  1023.8360  48618.354    30.4200      0.634    6.98284     6.8430     6.8432    23.8331   12.55852 8.2707e+00      0.640 0.0000e+00
        167 340.648721    0.01153     0.6917     41.500  1023.8353  48617.134    30.4191      0.626    6.98291     6.8433     6.8431    23.8324   12.55864 8.2831e+00      0.632 0.0000e+00
        168 340.648724    0.01160     0.6958     41.750  1023.8356  48617.752    30.4196      0.619    6.98289     6.8440     6.8430    23.8327   12.55861 8.2968e+00      0.625 0.0000e+00
        169 340.648727    0.01167     0.7000     42.000  1023.8367  48619.717    30.4210      0.615    6.98279     6.8452     6.8433    23.8338   12.55842 8.2780e+00      0.621 0.0000e+00
        170 340.648730    0.01174     0.7042     42.250  1023.8376  48621.520    30.4224      0.615    6.98261     6.8469     6.8440    23.8348   12.55811 8.2531e+00      0.621 0.0000e+00
