CTD-processing/allCTD/CNV--homogene/2018_05-24_t9_s05_cast099.cnv
* Sea-Bird SBE19plus Data File:
* FileName = C:\Users\Kim.Powell\Desktop\Not Processed\2018\2018_05-24_AlongBay, T9_5028\2018_05-24_TRANSECT_STATION_cast099.hex
* Software Version 1.59
* Temperature SN =  5028
* Conductivity SN =  5028
* System UpLoad Time = May 25 2018 13:36:40
** 2018_05-24
** Station: 9-05
** Start Time: 14:43
** Depth (m): 95
** Comment:
** Comment:
# nquan = 17
# nvalues = 689                         
# units = specified
# name 0 = scan: Scan Count
# name 1 = timeJ: Julian Days
# name 2 = timeH: Time, Elapsed [hours]
# name 3 = timeM: Time, Elapsed [minutes]
# name 4 = timeS: Time, Elapsed [seconds]
# name 5 = density00: Density [density, kg/m^3]
# name 6 = specc: Specific Conductance [uS/cm]
# name 7 = sal00: Salinity, Practical [PSU]
# name 8 = depSM: Depth [salt water, m], lat = 59.00
# name 9 = oxsolML/L: Oxygen Saturation, Garcia & Gordon [ml/l]
# name 10 = potemp090C: Potential Temperature [ITS-90, deg C]
# name 11 = tv290C: Temperature [ITS-90, deg C]
# name 12 = sigma-é00: Density [sigma-theta, kg/m^3]
# name 13 = n2satML/L: Nitrogen Saturation [ml/l]
# name 14 = par: PAR/Irradiance, Biospherical/Licor
# name 15 = prdM: Pressure, Strain Gauge [db]
# name 16 = flag:  0.000e+00
# span 0 =          1,        689       
# span 1 = 144.612616, 144.614606       
# span 2 =    0.00000,    0.04778       
# span 3 =     0.0000,     2.8667       
# span 4 =      0.000,    172.000       
# span 5 =  1023.7607,  1025.5839       
# span 6 =  48486.125,  51153.365       
# span 7 =    30.4888,    31.8875       
# span 8 =      0.618,     93.812       
# span 9 =    6.82119,    7.12533       
# span 10 =     5.5603,     7.8335      
# span 11 =     5.5673,     7.8336      
# span 12 =    23.7564,    25.1456      
# span 13 =   12.28979,   12.77540      
# span 14 = 4.3164e-02, 3.0896e+02      
# span 15 =      0.624,     94.719      
# span 16 = 0.0000e+00, 0.0000e+00      
# interval = seconds: 0.25
# start_time = May 24 2018 14:42:10 [Instrument's time stamp, header]
# bad_flag = -9.990e-29
*END*
[from data line 86]
         87 144.612865    0.00597     0.3583     21.500  1023.8022  48558.893    30.5220      0.942    6.83867     7.7175     7.7204    23.7978   12.31870 2.6571e+02      0.951 0.0000e+00
         88 144.612867    0.00604     0.3625     21.750  1023.8026  48559.469    30.5223      0.942    6.83879     7.7154     7.7196    23.7982   12.31889 2.6695e+02      0.951 0.0000e+00
         89 144.612870    0.00611     0.3667     22.000  1023.8039  48561.916    30.5237      0.932    6.83903     7.7141     7.7176    23.7995   12.31928 2.6700e+02      0.941 0.0000e+00
         90 144.612873    0.00618     0.3708     22.250  1023.8055  48564.930    30.5254      0.917    6.83928     7.7143     7.7155    23.8012   12.31967 2.6489e+02      0.926 0.0000e+00
         91 144.612876    0.00625     0.3750     22.500  1023.8067  48567.274    30.5269      0.905    6.83941     7.7161     7.7142    23.8025   12.31987 2.6273e+02      0.914 0.0000e+00
         92 144.612879    0.00632     0.3792     22.750  1023.8069  48567.591    30.5271      0.901    6.83938     7.7188     7.7144    23.8027   12.31981 2.6133e+02      0.910 0.0000e+00
         93 144.612882    0.00639     0.3833     23.000  1023.8054  48564.850    30.5255      0.907    6.83917     7.7211     7.7161    23.8012   12.31949 2.5999e+02      0.916 0.0000e+00
         94 144.612885    0.00646     0.3875     23.250  1023.8026  48559.704    30.5224      0.918    6.83889     7.7217     7.7189    23.7983   12.31906 2.5901e+02      0.927 0.0000e+00
         95 144.612888    0.00653     0.3917     23.500  1023.7998  48554.673    30.5192      0.928    6.83867     7.7201     7.7212    23.7955   12.31874 2.5859e+02      0.937 0.0000e+00
         96 144.612891    0.00660     0.3958     23.750  1023.7986  48552.389    30.5177      0.931    6.83864     7.7170     7.7218    23.7943   12.31871 2.5835e+02      0.940 0.0000e+00
         97 144.612894    0.00667     0.4000     24.000  1023.7994  48553.958    30.5186      0.926    6.83885     7.7138     7.7202    23.7951   12.31905 2.5803e+02      0.935 0.0000e+00
         98 144.612896    0.00674     0.4042     24.250  1023.8020  48558.661    30.5214      0.916    6.83922     7.7116     7.7171    23.7978   12.31961 2.5733e+02      0.925 0.0000e+00
         99 144.612899    0.00681     0.4083     24.500  1023.8051  48564.407    30.5249      0.906    6.83956     7.7105     7.7139    23.8010   12.32014 2.5636e+02      0.914 0.0000e+00
        100 144.612902    0.00688     0.4125     24.750  1023.8075  48568.815    30.5276      0.900    6.83979     7.7102     7.7117    23.8034   12.32048 2.5579e+02      0.908 0.0000e+00
        101 144.612905    0.00694     0.4167     25.000  1023.8085  48570.524    30.5286      0.901    6.83991     7.7098     7.7106    23.8043   12.32067 2.5622e+02      0.909 0.0000e+00
        102 144.612908    0.00701     0.4208     25.250  1023.8081  48569.734    30.5280      0.908    6.83999     7.7090     7.7102    23.8039   12.32081 2.5767e+02      0.916 0.0000e+00
        103 144.612911    0.00708     0.4250     25.500  1023.8072  48568.088    30.5268      0.916    6.84009     7.7074     7.7099    23.8030   12.32100 2.5925e+02      0.924 0.0000e+00
        104 144.612914    0.00715     0.4292     25.750  1023.8070  48567.518    30.5263      0.922    6.84025     7.7050     7.7091    23.8027   12.32126 2.5974e+02      0.930 0.0000e+00
        105 144.612917    0.00722     0.4333     26.000  1023.8077  48568.776    30.5269      0.922    6.84048     7.7025     7.7074    23.8034   12.32164 2.5882e+02      0.931 0.0000e+00
        106 144.612920    0.00729     0.4375     26.250  1023.8092  48571.584    30.5285      0.919    6.84078     7.7006     7.7050    23.8050   12.32212 2.5735e+02      0.928 0.0000e+00
        107 144.612922    0.00736     0.4417     26.500  1023.8111  48574.964    30.5304      0.914    6.84108     7.6994     7.7026    23.8069   12.32258 2.5647e+02      0.923 0.0000e+00
        108 144.612925    0.00743     0.4458     26.750  1023.8125  48577.453    30.5319      0.910    6.84131     7.6987     7.7007    23.8083   12.32295 2.5728e+02      0.919 0.0000e+00
        109 144.612928    0.00750     0.4500     27.000  1023.8128  48578.109    30.5321      0.908    6.84148     7.6981     7.6995    23.8086   12.32324 2.5959e+02      0.917 0.0000e+00
        110 144.612931    0.00757     0.4542     27.250  1023.8124  48577.342    30.5315      0.908    6.84163     7.6976     7.6987    23.8082   12.32348 2.6202e+02      0.917 0.0000e+00
        111 144.612934    0.00764     0.4583     27.500  1023.8118  48576.198    30.5306      0.909    6.84175     7.6970     7.6982    23.8076   12.32370 2.6394e+02      0.918 0.0000e+00
        112 144.612937    0.00771     0.4625     27.750  1023.8112  48575.134    30.5298      0.911    6.84187     7.6964     7.6977    23.8070   12.32391 2.6587e+02      0.920 0.0000e+00
        113 144.612940    0.00778     0.4667     28.000  1023.8107  48574.197    30.5290      0.914    6.84200     7.6958     7.6971    23.8065   12.32413 2.6816e+02      0.923 0.0000e+00
        114 144.612943    0.00785     0.4708     28.250  1023.8103  48573.328    30.5283      0.917    6.84213     7.6954     7.6965    23.8060   12.32435 2.6911e+02      0.926 0.0000e+00
        115 144.612946    0.00792     0.4750     28.500  1023.8098  48572.420    30.5276      0.919    6.84224     7.6949     7.6959    23.8056   12.32454 2.6667e+02      0.928 0.0000e+00
        116 144.612948    0.00799     0.4792     28.750  1023.8094  48571.591    30.5269      0.919    6.84235     7.6944     7.6955    23.8051   12.32472 2.6237e+02      0.928 0.0000e+00
        117 144.612951    0.00806     0.4833     29.000  1023.8090  48570.971    30.5264      0.917    6.84244     7.6940     7.6950    23.8048   12.32489 2.5965e+02      0.926 0.0000e+00
        118 144.612954    0.00813     0.4875     29.250  1023.8087  48570.387    30.5260      0.913    6.84254     7.6938     7.6945    23.8045   12.32505 2.5970e+02      0.922 0.0000e+00
        119 144.612957    0.00819     0.4917     29.500  1023.8083  48569.711    30.5254      0.908    6.84262     7.6936     7.6941    23.8041   12.32519 2.6140e+02      0.917 0.0000e+00
        120 144.612960    0.00826     0.4958     29.750  1023.8081  48569.216    30.5251      0.904    6.84268     7.6935     7.6939    23.8039   12.32530 2.6326e+02      0.913 0.0000e+00
        121 144.612963    0.00833     0.5000     30.000  1023.8081  48569.258    30.5251      0.901    6.84271     7.6936     7.6937    23.8039   12.32534 2.6486e+02      0.910 0.0000e+00
        122 144.612966    0.00840     0.5042     30.250  1023.8084  48569.794    30.5254      0.901    6.84270     7.6936     7.6936    23.8042   12.32533 2.6654e+02      0.910 0.0000e+00
        123 144.612969    0.00847     0.5083     30.500  1023.8087  48570.358    30.5258      0.905    6.84267     7.6933     7.6937    23.8045   12.32527 2.6755e+02      0.913 0.0000e+00
        124 144.612972    0.00854     0.5125     30.750  1023.8089  48570.627    30.5260      0.910    6.84265     7.6923     7.6937    23.8046   12.32524 2.6623e+02      0.919 0.0000e+00
        125 144.612975    0.00861     0.5167     31.000  1023.8092  48571.210    30.5264      0.916    6.84269     7.6902     7.6934    23.8049   12.32529 2.6254e+02      0.925 0.0000e+00
        126 144.612977    0.00868     0.5208     31.250  1023.8103  48573.244    30.5276      0.920    6.84279     7.6870     7.6924    23.8061   12.32546 2.5886e+02      0.929 0.0000e+00
        127 144.612980    0.00875     0.5250     31.500  1023.8125  48577.138    30.5300      0.920    6.84302     7.6838     7.6903    23.8082   12.32580 2.5815e+02      0.929 0.0000e+00
        128 144.612983    0.00882     0.5292     31.750  1023.8153  48582.218    30.5331      0.916    6.84338     7.6817     7.6871    23.8111   12.32635 2.5945e+02      0.925 0.0000e+00
        129 144.612986    0.00889     0.5333     32.000  1023.8180  48587.121    30.5360      0.910    6.84375     7.6811     7.6839    23.8138   12.32693 2.5924e+02      0.919 0.0000e+00
        130 144.612989    0.00896     0.5375     32.250  1023.8199  48590.592    30.5381      0.907    6.84398     7.6816     7.6818    23.8157   12.32730 2.5787e+02      0.915 0.0000e+00
        131 144.612992    0.00903     0.5417     32.500  1023.8207  48592.015    30.5390      0.908    6.84404     7.6826     7.6812    23.8165   12.32738 2.5872e+02      0.916 0.0000e+00
        132 144.612995    0.00910     0.5458     32.750  1023.8204  48591.469    30.5387      0.912    6.84398     7.6835     7.6817    23.8162   12.32728 2.6214e+02      0.920 0.0000e+00
        133 144.612998    0.00917     0.5500     33.000  1023.8195  48589.850    30.5377      0.916    6.84386     7.6838     7.6827    23.8153   12.32710 2.6477e+02      0.924 0.0000e+00
        134 144.613001    0.00924     0.5542     33.250  1023.8186  48588.317    30.5368      0.918    6.84376     7.6835     7.6836    23.8144   12.32695 2.6432e+02      0.926 0.0000e+00
        135 144.613003    0.00931     0.5583     33.500  1023.8182  48587.612    30.5363      0.916    6.84373     7.6829     7.6839    23.8140   12.32690 2.6119e+02      0.925 0.0000e+00
        136 144.613006    0.00937     0.5625     33.750  1023.8184  48587.951    30.5365      0.913    6.84378     7.6825     7.6836    23.8142   12.32697 2.5752e+02      0.921 0.0000e+00
        137 144.613009    0.00944     0.5667     34.000  1023.8189  48588.809    30.5370      0.911    6.84385     7.6823     7.6830    23.8147   12.32708 2.5627e+02      0.919 0.0000e+00
        138 144.613012    0.00951     0.5708     34.250  1023.8192  48589.332    30.5373      0.910    6.84390     7.6820     7.6826    23.8150   12.32717 2.5752e+02      0.918 0.0000e+00
        139 144.613015    0.00958     0.5750     34.500  1023.8192  48589.408    30.5373      0.909    6.84393     7.6817     7.6824    23.8151   12.32722 2.5876e+02      0.917 0.0000e+00
        140 144.613018    0.00965     0.5792     34.750  1023.8193  48589.540    30.5374      0.907    6.84396     7.6812     7.6821    23.8151   12.32727 2.5929e+02      0.915 0.0000e+00
        141 144.613021    0.00972     0.5833     35.000  1023.8195  48589.978    30.5376      0.905    6.84401     7.6810     7.6817    23.8154   12.32735 2.5949e+02      0.914 0.0000e+00
        142 144.613024    0.00979     0.5875     35.250  1023.8199  48590.657    30.5380      0.906    6.84407     7.6811     7.6813    23.8157   12.32743 2.5907e+02      0.915 0.0000e+00
        143 144.613027    0.00986     0.5917     35.500  1023.8202  48591.135    30.5383      0.911    6.84409     7.6813     7.6811    23.8160   12.32746 2.5850e+02      0.920 0.0000e+00
        144 144.613030    0.00993     0.5958     35.750  1023.8201  48590.912    30.5381      0.918    6.84408     7.6814     7.6812    23.8159   12.32745 2.5784e+02      0.927 0.0000e+00
        145 144.613032    0.01000     0.6000     36.000  1023.8198  48590.243    30.5377      0.923    6.84406     7.6810     7.6814    23.8155   12.32743 2.5617e+02      0.932 0.0000e+00
        146 144.613035    0.01007     0.6042     36.250  1023.8195  48589.826    30.5374      0.923    6.84407     7.6803     7.6815    23.8153   12.32745 2.5444e+02      0.932 0.0000e+00
        147 144.613038    0.01014     0.6083     36.500  1023.8197  48590.095    30.5376      0.918    6.84412     7.6797     7.6811    23.8154   12.32754 2.5444e+02      0.927 0.0000e+00
        148 144.613041    0.01021     0.6125     36.750  1023.8201  48590.938    30.5381      0.909    6.84421     7.6797     7.6803    23.8159   12.32768 2.5586e+02      0.918 0.0000e+00
        149 144.613044    0.01028     0.6167     37.000  1023.8205  48591.711    30.5385      0.902    6.84428     7.6801     7.6798    23.8163   12.32778 2.5739e+02      0.911 0.0000e+00
        150 144.613047    0.01035     0.6208     37.250  1023.8205  48591.803    30.5386      0.898    6.84428     7.6806     7.6798    23.8164   12.32778 2.5869e+02      0.907 0.0000e+00
        151 144.613050    0.01042     0.6250     37.500  1023.8201  48591.061    30.5381      0.900    6.84424     7.6808     7.6802    23.8160   12.32772 2.5970e+02      0.909 0.0000e+00
        152 144.613053    0.01049     0.6292     37.750  1023.8195  48589.877    30.5374      0.908    6.84420     7.6805     7.6807    23.8153   12.32765 2.6004e+02      0.916 0.0000e+00
        153 144.613056    0.01056     0.6333     38.000  1023.8191  48589.021    30.5368      0.918    6.84419     7.6798     7.6809    23.8148   12.32765 2.5992e+02      0.926 0.0000e+00
        154 144.613058    0.01063     0.6375     38.250  1023.8192  48589.049    30.5368      0.926    6.84423     7.6785     7.6806    23.8148   12.32771 2.5915e+02      0.934 0.0000e+00
        155 144.613061    0.01069     0.6417     38.500  1023.8197  48590.060    30.5374      0.927    6.84432     7.6768     7.6799    23.8154   12.32786 2.5668e+02      0.936 0.0000e+00
        156 144.613064    0.01076     0.6458     38.750  1023.8208  48592.046    30.5385      0.921    6.84447     7.6756     7.6786    23.8165   12.32810 2.5281e+02      0.930 0.0000e+00
        157 144.613067    0.01083     0.6500     39.000  1023.8222  48594.712    30.5401      0.909    6.84466     7.6754     7.6769    23.8180   12.32838 2.4955e+02      0.917 0.0000e+00
        158 144.613070    0.01090     0.6542     39.250  1023.8236  48597.276    30.5417      0.897    6.84478     7.6764     7.6757    23.8194   12.32856 2.4829e+02      0.906 0.0000e+00
        159 144.613073    0.01097     0.6583     39.500  1023.8245  48598.986    30.5429      0.892    6.84476     7.6785     7.6755    23.8204   12.32852 2.4953e+02      0.901 0.0000e+00
        160 144.613076    0.01104     0.6625     39.750  1023.8246  48599.076    30.5431      0.898    6.84460     7.6813     7.6765    23.8204   12.32825 2.5390e+02      0.907 0.0000e+00
        161 144.613079    0.01111     0.6667     40.000  1023.8233  48596.767    30.5418      0.910    6.84432     7.6837     7.6786    23.8191   12.32781 2.5987e+02      0.919 0.0000e+00
        162 144.613082    0.01118     0.6708     40.250  1023.8210  48592.555    30.5393      0.923    6.84400     7.6852     7.6814    23.8167   12.32731 2.6342e+02      0.932 0.0000e+00
        163 144.613084    0.01125     0.6750     40.500  1023.8187  48588.334    30.5368      0.929    6.84373     7.6855     7.6838    23.8144   12.32689 2.6283e+02      0.938 0.0000e+00
        164 144.613087    0.01132     0.6792     40.750  1023.8172  48585.749    30.5352      0.927    6.84356     7.6852     7.6853    23.8130   12.32664 2.5933e+02      0.936 0.0000e+00
        165 144.613090    0.01139     0.6833     41.000  1023.8170  48585.346    30.5350      0.919    6.84352     7.6848     7.6856    23.8128   12.32657 2.5488e+02      0.927 0.0000e+00
        166 144.613093    0.01146     0.6875     41.250  1023.8176  48586.510    30.5357      0.909    6.84355     7.6849     7.6852    23.8134   12.32660 2.5257e+02      0.917 0.0000e+00
        167 144.613096    0.01153     0.6917     41.500  1023.8184  48588.001    30.5367      0.902    6.84356     7.6853     7.6849    23.8142   12.32661 2.5347e+02      0.910 0.0000e+00
        168 144.613099    0.01160     0.6958     41.750  1023.8189  48588.906    30.5374      0.900    6.84352     7.6860     7.6850    23.8147   12.32654 2.5488e+02      0.908 0.0000e+00
        169 144.613102    0.01167     0.7000     42.000  1023.8189  48588.882    30.5374      0.903    6.84345     7.6867     7.6854    23.8147   12.32642 2.5473e+02      0.911 0.0000e+00
        170 144.613105    0.01174     0.7042     42.250  1023.8183  48587.839    30.5368      0.910    6.84337     7.6872     7.6861    23.8141   12.32630 2.5369e+02      0.918 0.0000e+00
