CTD-processing/allCTD/CNV--homogene/2018_09-17_alongbay_skb07_cast045.cnv
* Sea-Bird SBE19plus Data File:
* FileName = C:\Users\Kim.Powell\Desktop\Not Processed\2018\2018_09-17_AlongBay, T6, T7_5028\2018_09-17_TRANSECT_STATION_cast045.hex
* Software Version 1.59
* Temperature SN =  5028
* Conductivity SN =  5028
* System UpLoad Time = Sep 18 2018 16:26:31
** 2018_09-17
** Station: KB07
** Start Time: 16:21
** Depth (m): 145.4
** Comment:
** Comment:
# nquan = 17
# nvalues = 923                         
# units = specified
# name 0 = scan: Scan Count
# name 1 = timeJ: Julian Days
# name 2 = timeH: Time, Elapsed [hours]
# name 3 = timeM: Time, Elapsed [minutes]
# name 4 = timeS: Time, Elapsed [seconds]
# name 5 = density00: Density [density, kg/m^3]
# name 6 = specc: Specific Conductance [uS/cm]
# name 7 = sal00: Salinity, Practical [PSU]
# name 8 = depSM: Depth [salt water, m], lat = 59.00
# name 9 = oxsolML/L: Oxygen Saturation, Garcia & Gordon [ml/l]
# name 10 = potemp090C: Potential Temperature [ITS-90, deg C]
# name 11 = tv290C: Temperature [ITS-90, deg C]
# name 12 = sigma-é00: Density [sigma-theta, kg/m^3]
# name 13 = n2satML/L: Nitrogen Saturation [ml/l]
# name 14 = par: PAR/Irradiance, Biospherical/Licor
# name 15 = prdM: Pressure, Strain Gauge [db]
# name 16 = flag:  0.000e+00
# span 0 =          1,        923       
# span 1 = 260.682234, 260.684902       
# span 2 =    0.00000,    0.06403       
# span 3 =     0.0000,     3.8417       
# span 4 =      0.000,    230.500       
# span 5 =  1008.1286,  1024.7223       
# span 6 =  17749.082,  49243.587       
# span 7 =    10.9776,    31.1503       
# span 8 =      0.089,    138.671       
# span 9 =    6.38096,    7.22684       
# span 10 =     9.1270,    11.4530      
# span 11 =     9.1415,    11.4531      
# span 12 =     8.1282,    24.0857      
# span 13 =   11.57728,   13.23081      
# span 14 = 5.2221e-02, 3.3941e+02      
# span 15 =      0.089,    140.028      
# span 16 = 0.0000e+00, 0.0000e+00      
# interval = seconds: 0.25
# start_time = Sep 17 2018 16:22:25 [Instrument's time stamp, header]
# bad_flag = -9.990e-29
*END*
[from data line 511]
        512 260.683712    0.03549     2.1292    127.750  1024.1775  48969.382    31.0630     52.480    6.52640     9.6382     9.6480    23.9370   11.79509 5.5996e-02     52.982 0.0000e+00
        513 260.683715    0.03556     2.1333    128.000  1024.1790  48970.113    31.0632     52.697    6.52665     9.6355     9.6462    23.9375   11.79550 5.5916e-02     53.202 0.0000e+00
        514 260.683718    0.03562     2.1375    128.250  1024.1804  48970.846    31.0633     52.913    6.52697     9.6321     9.6440    23.9379   11.79602 5.5844e-02     53.419 0.0000e+00
        515 260.683721    0.03569     2.1417    128.500  1024.1819  48971.642    31.0634     53.127    6.52736     9.6280     9.6412    23.9384   11.79666 5.5773e-02     53.635 0.0000e+00
        516 260.683724    0.03576     2.1458    128.750  1024.1836  48972.553    31.0636     53.343    6.52784     9.6233     9.6379    23.9390   11.79745 5.5696e-02     53.853 0.0000e+00
        517 260.683727    0.03583     2.1500    129.000  1024.1853  48973.674    31.0637     53.560    6.52841     9.6181     9.6338    23.9398   11.79840 5.5617e-02     54.073 0.0000e+00
        518 260.683730    0.03590     2.1542    129.250  1024.1873  48975.146    31.0641     53.779    6.52907     9.6126     9.6291    23.9408   11.79949 5.5544e-02     54.294 0.0000e+00
        519 260.683733    0.03597     2.1583    129.500  1024.1897  48977.166    31.0647     54.001    6.52979     9.6070     9.6239    23.9421   11.80069 5.5472e-02     54.518 0.0000e+00
        520 260.683736    0.03604     2.1625    129.750  1024.1924  48979.700    31.0657     54.225    6.53055     9.6017     9.6184    23.9438   11.80192 5.5401e-02     54.745 0.0000e+00
        521 260.683738    0.03611     2.1667    130.000  1024.1952  48982.469    31.0668     54.451    6.53129     9.5968     9.6129    23.9455   11.80314 5.5334e-02     54.973 0.0000e+00
        522 260.683741    0.03618     2.1708    130.250  1024.1980  48985.320    31.0680     54.678    6.53200     9.5923     9.6076    23.9473   11.80430 5.5269e-02     55.201 0.0000e+00
        523 260.683744    0.03625     2.1750    130.500  1024.2007  48987.918    31.0691     54.901    6.53265     9.5880     9.6028    23.9490   11.80537 5.5206e-02     55.427 0.0000e+00
        524 260.683747    0.03632     2.1792    130.750  1024.2028  48989.644    31.0696     55.120    6.53328     9.5837     9.5983    23.9501   11.80640 5.5148e-02     55.647 0.0000e+00
        525 260.683750    0.03639     2.1833    131.000  1024.2044  48990.555    31.0696     55.334    6.53390     9.5793     9.5940    23.9508   11.80743 5.5097e-02     55.863 0.0000e+00
        526 260.683753    0.03646     2.1875    131.250  1024.2062  48991.732    31.0698     55.544    6.53451     9.5752     9.5896    23.9516   11.80844 5.5051e-02     56.076 0.0000e+00
        527 260.683756    0.03653     2.1917    131.500  1024.2087  48994.074    31.0708     55.754    6.53510     9.5716     9.5853    23.9531   11.80940 5.5008e-02     56.287 0.0000e+00
        528 260.683759    0.03660     2.1958    131.750  1024.2116  48997.335    31.0724     55.964    6.53562     9.5686     9.5812    23.9550   11.81024 5.4969e-02     56.500 0.0000e+00
        529 260.683762    0.03667     2.2000    132.000  1024.2145  49000.757    31.0743     56.177    6.53605     9.5661     9.5776    23.9570   11.81094 5.4930e-02     56.715 0.0000e+00
        530 260.683764    0.03674     2.2042    132.250  1024.2173  49003.796    31.0760     56.392    6.53641     9.5637     9.5747    23.9588   11.81151 5.4890e-02     56.932 0.0000e+00
        531 260.683767    0.03681     2.2083    132.500  1024.2196  49006.120    31.0772     56.611    6.53672     9.5612     9.5722    23.9601   11.81201 5.4855e-02     57.153 0.0000e+00
        532 260.683770    0.03687     2.2125    132.750  1024.2216  49007.716    31.0779     56.831    6.53703     9.5584     9.5698    23.9610   11.81251 5.4827e-02     57.376 0.0000e+00
        533 260.683773    0.03694     2.2167    133.000  1024.2236  49009.394    31.0786     57.052    6.53736     9.5558     9.5673    23.9620   11.81305 5.4796e-02     57.598 0.0000e+00
        534 260.683776    0.03701     2.2208    133.250  1024.2262  49012.101    31.0801     57.269    6.53769     9.5536     9.5646    23.9636   11.81358 5.4754e-02     57.818 0.0000e+00
        535 260.683779    0.03708     2.2250    133.500  1024.2290  49015.402    31.0819     57.484    6.53798     9.5517     9.5620    23.9655   11.81405 5.4718e-02     58.034 0.0000e+00
        536 260.683782    0.03715     2.2292    133.750  1024.2316  49018.264    31.0836     57.694    6.53823     9.5500     9.5598    23.9671   11.81444 5.4703e-02     58.246 0.0000e+00
        537 260.683785    0.03722     2.2333    134.000  1024.2338  49020.513    31.0848     57.900    6.53845     9.5484     9.5580    23.9684   11.81478 5.4689e-02     58.455 0.0000e+00
        538 260.683788    0.03729     2.2375    134.250  1024.2358  49022.331    31.0858     58.105    6.53865     9.5467     9.5563    23.9694   11.81510 5.4670e-02     58.662 0.0000e+00
        539 260.683791    0.03736     2.2417    134.500  1024.2375  49023.586    31.0864     58.308    6.53886     9.5446     9.5547    23.9702   11.81544 5.4653e-02     58.867 0.0000e+00
        540 260.683793    0.03743     2.2458    134.750  1024.2387  49024.148    31.0864     58.512    6.53910     9.5422     9.5530    23.9705   11.81584 5.4635e-02     59.072 0.0000e+00
        541 260.683796    0.03750     2.2500    135.000  1024.2398  49024.317    31.0862     58.716    6.53940     9.5393     9.5510    23.9706   11.81634 5.4607e-02     59.279 0.0000e+00
        542 260.683799    0.03757     2.2542    135.250  1024.2411  49024.752    31.0861     58.922    6.53976     9.5361     9.5485    23.9709   11.81693 5.4568e-02     59.487 0.0000e+00
        543 260.683802    0.03764     2.2583    135.500  1024.2428  49026.085    31.0866     59.129    6.54015     9.5329     9.5456    23.9718   11.81759 5.4525e-02     59.696 0.0000e+00
        544 260.683805    0.03771     2.2625    135.750  1024.2452  49028.488    31.0878     59.337    6.54056     9.5301     9.5424    23.9732   11.81824 5.4485e-02     59.905 0.0000e+00
        545 260.683808    0.03778     2.2667    136.000  1024.2480  49031.512    31.0894     59.544    6.54094     9.5276     9.5393    23.9749   11.81886 5.4451e-02     60.114 0.0000e+00
        546 260.683811    0.03785     2.2708    136.250  1024.2506  49034.495    31.0911     59.751    6.54129     9.5254     9.5365    23.9767   11.81940 5.4422e-02     60.323 0.0000e+00
        547 260.683814    0.03792     2.2750    136.500  1024.2531  49037.192    31.0926     59.956    6.54158     9.5234     9.5340    23.9782   11.81988 5.4396e-02     60.531 0.0000e+00
        548 260.683817    0.03799     2.2792    136.750  1024.2555  49039.675    31.0939     60.158    6.54184     9.5215     9.5318    23.9796   11.82029 5.4373e-02     60.735 0.0000e+00
        549 260.683819    0.03806     2.2833    137.000  1024.2576  49041.772    31.0950     60.358    6.54208     9.5196     9.5298    23.9808   11.82067 5.4353e-02     60.937 0.0000e+00
        550 260.683822    0.03812     2.2875    137.250  1024.2594  49043.384    31.0958     60.556    6.54231     9.5176     9.5280    23.9818   11.82105 5.4331e-02     61.137 0.0000e+00
        551 260.683825    0.03819     2.2917    137.500  1024.2611  49044.703    31.0964     60.756    6.54256     9.5155     9.5261    23.9825   11.82145 5.4304e-02     61.339 0.0000e+00
        552 260.683828    0.03826     2.2958    137.750  1024.2626  49045.684    31.0967     60.959    6.54282     9.5131     9.5242    23.9831   11.82188 5.4280e-02     61.543 0.0000e+00
        553 260.683831    0.03833     2.3000    138.000  1024.2639  49046.141    31.0967     61.163    6.54313     9.5103     9.5221    23.9834   11.82239 5.4254e-02     61.750 0.0000e+00
        554 260.683834    0.03840     2.3042    138.250  1024.2650  49046.340    31.0964     61.370    6.54349     9.5071     9.5197    23.9836   11.82298 5.4225e-02     61.959 0.0000e+00
        555 260.683837    0.03847     2.3083    138.500  1024.2662  49046.741    31.0962     61.579    6.54390     9.5035     9.5169    23.9839   11.82367 5.4201e-02     62.170 0.0000e+00
        556 260.683840    0.03854     2.3125    138.750  1024.2676  49047.277    31.0961     61.788    6.54437     9.4994     9.5137    23.9843   11.82444 5.4182e-02     62.381 0.0000e+00
        557 260.683843    0.03861     2.3167    139.000  1024.2690  49047.875    31.0960     61.995    6.54489     9.4951     9.5101    23.9847   11.82531 5.4165e-02     62.590 0.0000e+00
        558 260.683845    0.03868     2.3208    139.250  1024.2708  49049.215    31.0963     62.198    6.54546     9.4910     9.5061    23.9856   11.82625 5.4150e-02     62.795 0.0000e+00
        559 260.683848    0.03875     2.3250    139.500  1024.2733  49051.769    31.0974     62.398    6.54603     9.4875     9.5018    23.9872   11.82718 5.4137e-02     62.997 0.0000e+00
        560 260.683851    0.03882     2.3292    139.750  1024.2761  49054.944    31.0990     62.597    6.54655     9.4845     9.4977    23.9891   11.82802 5.4121e-02     63.197 0.0000e+00
        561 260.683854    0.03889     2.3333    140.000  1024.2788  49057.843    31.1005     62.796    6.54699     9.4820     9.4942    23.9908   11.82874 5.4097e-02     63.398 0.0000e+00
        562 260.683857    0.03896     2.3375    140.250  1024.2810  49060.072    31.1016     62.998    6.54737     9.4797     9.4913    23.9921   11.82935 5.4076e-02     63.602 0.0000e+00
        563 260.683860    0.03903     2.3417    140.500  1024.2829  49061.676    31.1023     63.204    6.54770     9.4775     9.4888    23.9931   11.82989 5.4070e-02     63.810 0.0000e+00
        564 260.683863    0.03910     2.3458    140.750  1024.2845  49062.814    31.1027     63.413    6.54801     9.4751     9.4865    23.9937   11.83040 5.4065e-02     64.021 0.0000e+00
        565 260.683866    0.03917     2.3500    141.000  1024.2860  49063.686    31.1029     63.621    6.54833     9.4726     9.4842    23.9942   11.83092 5.4054e-02     64.231 0.0000e+00
        566 260.683869    0.03924     2.3542    141.250  1024.2874  49064.372    31.1030     63.827    6.54866     9.4697     9.4819    23.9947   11.83147 5.4043e-02     64.439 0.0000e+00
        567 260.683872    0.03931     2.3583    141.500  1024.2886  49064.750    31.1029     64.030    6.54904     9.4662     9.4794    23.9949   11.83209 5.4034e-02     64.644 0.0000e+00
        568 260.683874    0.03938     2.3625    141.750  1024.2897  49064.874    31.1025     64.231    6.54947     9.4621     9.4765    23.9951   11.83282 5.4027e-02     64.847 0.0000e+00
        569 260.683877    0.03944     2.3667    142.000  1024.2908  49065.069    31.1021     64.429    6.54998     9.4574     9.4731    23.9954   11.83367 5.4018e-02     65.048 0.0000e+00
        570 260.683880    0.03951     2.3708    142.250  1024.2922  49065.651    31.1019     64.628    6.55059     9.4524     9.4690    23.9958   11.83467 5.3999e-02     65.248 0.0000e+00
        571 260.683883    0.03958     2.3750    142.500  1024.2941  49067.075    31.1022     64.827    6.55125     9.4475     9.4643    23.9968   11.83577 5.3977e-02     65.449 0.0000e+00
        572 260.683886    0.03965     2.3792    142.750  1024.2966  49069.550    31.1032     65.026    6.55193     9.4430     9.4593    23.9983   11.83688 5.3964e-02     65.650 0.0000e+00
        573 260.683889    0.03972     2.3833    143.000  1024.2993  49072.453    31.1045     65.225    6.55258     9.4388     9.4545    24.0001   11.83794 5.3957e-02     65.852 0.0000e+00
        574 260.683892    0.03979     2.3875    143.250  1024.3019  49075.251    31.1057     65.426    6.55318     9.4351     9.4500    24.0018   11.83892 5.3948e-02     66.054 0.0000e+00
        575 260.683895    0.03986     2.3917    143.500  1024.3045  49077.921    31.1070     65.627    6.55373     9.4319     9.4458    24.0034   11.83980 5.3933e-02     66.257 0.0000e+00
        576 260.683898    0.03993     2.3958    143.750  1024.3069  49080.411    31.1081     65.829    6.55421     9.4291     9.4421    24.0049   11.84060 5.3918e-02     66.461 0.0000e+00
        577 260.683900    0.04000     2.4000    144.000  1024.3092  49082.754    31.1093     66.033    6.55463     9.4269     9.4389    24.0063   11.84128 5.3904e-02     66.666 0.0000e+00
        578 260.683903    0.04007     2.4042    144.250  1024.3115  49084.994    31.1104     66.239    6.55498     9.4252     9.4362    24.0076   11.84184 5.3890e-02     66.874 0.0000e+00
        579 260.683906    0.04014     2.4083    144.500  1024.3135  49086.912    31.1114     66.445    6.55526     9.4237     9.4340    24.0087   11.84229 5.3876e-02     67.083 0.0000e+00
        580 260.683909    0.04021     2.4125    144.750  1024.3153  49088.373    31.1121     66.650    6.55548     9.4226     9.4323    24.0096   11.84265 5.3863e-02     67.290 0.0000e+00
        581 260.683912    0.04028     2.4167    145.000  1024.3168  49089.481    31.1126     66.854    6.55566     9.4216     9.4309    24.0102   11.84294 5.3850e-02     67.496 0.0000e+00
        582 260.683915    0.04035     2.4208    145.250  1024.3182  49090.305    31.1129     67.057    6.55581     9.4206     9.4297    24.0106   11.84319 5.3835e-02     67.700 0.0000e+00
        583 260.683918    0.04042     2.4250    145.500  1024.3194  49090.894    31.1131     67.257    6.55594     9.4198     9.4287    24.0109   11.84341 5.3818e-02     67.902 0.0000e+00
        584 260.683921    0.04049     2.4292    145.750  1024.3206  49091.408    31.1132     67.456    6.55606     9.4191     9.4278    24.0112   11.84361 5.3807e-02     68.103 0.0000e+00
        585 260.683924    0.04056     2.4333    146.000  1024.3218  49091.964    31.1134     67.656    6.55617     9.4184     9.4270    24.0115   11.84379 5.3799e-02     68.306 0.0000e+00
        586 260.683927    0.04063     2.4375    146.250  1024.3230  49092.459    31.1136     67.859    6.55627     9.4178     9.4263    24.0117   11.84395 5.3790e-02     68.511 0.0000e+00
        587 260.683929    0.04069     2.4417    146.500  1024.3241  49092.728    31.1136     68.064    6.55636     9.4170     9.4257    24.0118   11.84410 5.3773e-02     68.718 0.0000e+00
        588 260.683932    0.04076     2.4458    146.750  1024.3249  49092.656    31.1134     68.272    6.55646     9.4159     9.4250    24.0118   11.84427 5.3750e-02     68.928 0.0000e+00
        589 260.683935    0.04083     2.4500    147.000  1024.3256  49092.113    31.1128     68.481    6.55660     9.4145     9.4243    24.0115   11.84450 5.3733e-02     69.139 0.0000e+00
        590 260.683938    0.04090     2.4542    147.250  1024.3262  49091.534    31.1122     68.689    6.55678     9.4129     9.4233    24.0111   11.84481 5.3728e-02     69.349 0.0000e+00
        591 260.683941    0.04097     2.4583    147.500  1024.3273  49091.800    31.1121     68.895    6.55699     9.4115     9.4218    24.0113   11.84516 5.3722e-02     69.557 0.0000e+00
        592 260.683944    0.04104     2.4625    147.750  1024.3288  49092.848    31.1125     69.100    6.55720     9.4103     9.4203    24.0119   11.84549 5.3712e-02     69.764 0.0000e+00
        593 260.683947    0.04111     2.4667    148.000  1024.3304  49093.954    31.1130     69.306    6.55738     9.4094     9.4189    24.0125   11.84579 5.3701e-02     69.971 0.0000e+00
        594 260.683950    0.04118     2.4708    148.250  1024.3318  49094.803    31.1134     69.514    6.55753     9.4085     9.4177    24.0129   11.84603 5.3690e-02     70.182 0.0000e+00
        595 260.683953    0.04125     2.4750    148.500  1024.3331  49095.416    31.1136     69.725    6.55766     9.4077     9.4168    24.0132   11.84624 5.3684e-02     70.395 0.0000e+00
