CTD-processing/allCTD/CNV--homogene/2018_07-18_alongbay_ptgrm_cast153.cnv
* Sea-Bird SBE19plus Data File:
* FileName = C:\Users\Kim.Powell\Desktop\Not Processed\2018\2018_07-18_AlongBay,T6,T7_5028\2018_07-18_TRANSECT_STATION_cast153.hex
* Software Version 1.59
* Temperature SN =  5028
* Conductivity SN =  5028
* System UpLoad Time = Jul 19 2018 13:18:09
** 2018_07-18
** Station: PTGRM
** Start Time: 13:18
** Depth (m): 65.5
** Comment:
** Comment:
# nquan = 17
# nvalues = 632                         
# units = specified
# name 0 = scan: Scan Count
# name 1 = timeJ: Julian Days
# name 2 = timeH: Time, Elapsed [hours]
# name 3 = timeM: Time, Elapsed [minutes]
# name 4 = timeS: Time, Elapsed [seconds]
# name 5 = density00: Density [density, kg/m^3]
# name 6 = specc: Specific Conductance [uS/cm]
# name 7 = sal00: Salinity, Practical [PSU]
# name 8 = depSM: Depth [salt water, m], lat = 59.00
# name 9 = oxsolML/L: Oxygen Saturation, Garcia & Gordon [ml/l]
# name 10 = potemp090C: Potential Temperature [ITS-90, deg C]
# name 11 = tv290C: Temperature [ITS-90, deg C]
# name 12 = sigma-é00: Density [sigma-theta, kg/m^3]
# name 13 = n2satML/L: Nitrogen Saturation [ml/l]
# name 14 = par: PAR/Irradiance, Biospherical/Licor
# name 15 = prdM: Pressure, Strain Gauge [db]
# name 16 = flag:  0.000e+00
# span 0 =          1,        632       
# span 1 = 199.555093, 199.556918       
# span 2 =    0.00000,    0.04382       
# span 3 =     0.0000,     2.6292       
# span 4 =      0.000,    157.750       
# span 5 =  1000.2485,  1024.8040       
# span 6 =   1705.977,  50413.013       
# span 7 =     0.8533,    32.0114       
# span 8 =     -0.008,     60.709       
# span 9 =    6.55405,    7.62971       
# span 10 =     8.6095,    11.2972      
# span 11 =     8.6107,    11.2972      
# span 12 =     0.2486,    24.7804      
# span 13 =   11.83274,   14.04020      
# span 14 = 9.2027e-02, 1.8833e+03      
# span 15 =     -0.008,     61.291      
# span 16 = 0.0000e+00, 0.0000e+00      
# interval = seconds: 0.25
# start_time = Jul 18 2018 13:19:20 [Instrument's time stamp, header]
# bad_flag = -9.990e-29
*END*
[from data line 511]
        512 199.556571    0.03549     2.1292    127.750  1024.6872  49944.853    31.6118     35.268    6.65424     8.6117     8.6153    24.5248   12.00008 2.4287e+00     35.604 0.0000e+00
        513 199.556574    0.03556     2.1333    128.000  1024.6880  49945.024    31.6118     35.438    6.65424     8.6117     8.6153    24.5248   12.00008 2.3691e+00     35.776 0.0000e+00
        514 199.556577    0.03562     2.1375    128.250  1024.6887  49945.191    31.6119     35.592    6.65424     8.6117     8.6153    24.5249   12.00008 2.3154e+00     35.931 0.0000e+00
        515 199.556580    0.03569     2.1417    128.500  1024.6894  49945.300    31.6119     35.743    6.65424     8.6117     8.6153    24.5249   12.00008 2.2613e+00     36.083 0.0000e+00
        516 199.556583    0.03576     2.1458    128.750  1024.6902  49945.383    31.6119     35.907    6.65424     8.6117     8.6153    24.5249   12.00007 2.2013e+00     36.249 0.0000e+00
        517 199.556586    0.03583     2.1500    129.000  1024.6911  49945.515    31.6119     36.098    6.65423     8.6117     8.6153    24.5249   12.00007 2.1331e+00     36.442 0.0000e+00
        518 199.556589    0.03590     2.1542    129.250  1024.6921  49945.705    31.6120     36.321    6.65423     8.6118     8.6153    24.5249   12.00006 2.0573e+00     36.667 0.0000e+00
        519 199.556591    0.03597     2.1583    129.500  1024.6933  49945.894    31.6120     36.571    6.65423     8.6118     8.6154    24.5250   12.00005 1.9772e+00     36.920 0.0000e+00
        520 199.556594    0.03604     2.1625    129.750  1024.6945  49946.045    31.6120     36.835    6.65422     8.6117     8.6154    24.5250   12.00004 1.8976e+00     37.186 0.0000e+00
        521 199.556597    0.03611     2.1667    130.000  1024.6957  49946.162    31.6119     37.099    6.65422     8.6117     8.6154    24.5249   12.00004 1.8225e+00     37.453 0.0000e+00
        522 199.556600    0.03618     2.1708    130.250  1024.6968  49946.253    31.6119     37.355    6.65422     8.6116     8.6155    24.5249   12.00004 1.7532e+00     37.711 0.0000e+00
        523 199.556603    0.03625     2.1750    130.500  1024.6979  49946.327    31.6118     37.602    6.65422     8.6115     8.6155    24.5248   12.00005 1.6889e+00     37.960 0.0000e+00
        524 199.556606    0.03632     2.1792    130.750  1024.6990  49946.404    31.6118     37.843    6.65423     8.6114     8.6154    24.5248   12.00006 1.6284e+00     38.203 0.0000e+00
        525 199.556609    0.03639     2.1833    131.000  1024.7001  49946.549    31.6117     38.079    6.65424     8.6113     8.6154    24.5248   12.00008 1.5709e+00     38.441 0.0000e+00
        526 199.556612    0.03646     2.1875    131.250  1024.7012  49946.806    31.6118     38.311    6.65426     8.6112     8.6153    24.5249   12.00010 1.5162e+00     38.676 0.0000e+00
        527 199.556615    0.03653     2.1917    131.500  1024.7023  49947.112    31.6119     38.539    6.65427     8.6111     8.6151    24.5249   12.00013 1.4649e+00     38.906 0.0000e+00
        528 199.556617    0.03660     2.1958    131.750  1024.7034  49947.372    31.6120     38.760    6.65428     8.6111     8.6150    24.5250   12.00014 1.4172e+00     39.130 0.0000e+00
        529 199.556620    0.03667     2.2000    132.000  1024.7044  49947.535    31.6120     38.974    6.65428     8.6110     8.6150    24.5250   12.00015 1.3730e+00     39.345 0.0000e+00
        530 199.556623    0.03674     2.2042    132.250  1024.7054  49947.643    31.6120     39.179    6.65428     8.6110     8.6150    24.5250   12.00015 1.3314e+00     39.553 0.0000e+00
        531 199.556626    0.03681     2.2083    132.500  1024.7063  49947.744    31.6120     39.381    6.65428     8.6110     8.6150    24.5250   12.00015 1.2914e+00     39.757 0.0000e+00
        532 199.556629    0.03687     2.2125    132.750  1024.7072  49947.831    31.6119     39.583    6.65428     8.6110     8.6150    24.5250   12.00015 1.2526e+00     39.960 0.0000e+00
        533 199.556632    0.03694     2.2167    133.000  1024.7081  49947.948    31.6119     39.786    6.65428     8.6110     8.6150    24.5250   12.00015 1.2151e+00     40.165 0.0000e+00
        534 199.556635    0.03701     2.2208    133.250  1024.7091  49948.113    31.6120     39.990    6.65428     8.6110     8.6150    24.5250   12.00015 1.1786e+00     40.371 0.0000e+00
        535 199.556638    0.03708     2.2250    133.500  1024.7101  49948.273    31.6120     40.196    6.65428     8.6110     8.6150    24.5250   12.00015 1.1429e+00     40.580 0.0000e+00
        536 199.556641    0.03715     2.2292    133.750  1024.7111  49948.420    31.6120     40.407    6.65428     8.6110     8.6150    24.5251   12.00014 1.1074e+00     40.793 0.0000e+00
        537 199.556644    0.03722     2.2333    134.000  1024.7121  49948.569    31.6120     40.626    6.65427     8.6110     8.6151    24.5251   12.00012 1.0715e+00     41.014 0.0000e+00
        538 199.556646    0.03729     2.2375    134.250  1024.7131  49948.711    31.6120     40.854    6.65426     8.6110     8.6152    24.5251   12.00011 1.0355e+00     41.244 0.0000e+00
        539 199.556649    0.03736     2.2417    134.500  1024.7142  49948.854    31.6120     41.089    6.65425     8.6110     8.6152    24.5251   12.00010 9.9987e-01     41.481 0.0000e+00
        540 199.556652    0.03743     2.2458    134.750  1024.7153  49949.001    31.6120     41.324    6.65425     8.6111     8.6152    24.5251   12.00009 9.6552e-01     41.719 0.0000e+00
        541 199.556655    0.03750     2.2500    135.000  1024.7164  49949.154    31.6120     41.557    6.65424     8.6111     8.6153    24.5251   12.00009 9.3275e-01     41.953 0.0000e+00
        542 199.556658    0.03757     2.2542    135.250  1024.7174  49949.297    31.6120     41.786    6.65424     8.6112     8.6153    24.5251   12.00008 9.0124e-01     42.185 0.0000e+00
        543 199.556661    0.03764     2.2583    135.500  1024.7185  49949.416    31.6120     42.015    6.65424     8.6112     8.6153    24.5251   12.00007 8.7055e-01     42.416 0.0000e+00
        544 199.556664    0.03771     2.2625    135.750  1024.7195  49949.554    31.6120     42.245    6.65423     8.6112     8.6154    24.5251   12.00006 8.4056e-01     42.648 0.0000e+00
        545 199.556667    0.03778     2.2667    136.000  1024.7206  49949.703    31.6120     42.476    6.65421     8.6113     8.6155    24.5251   12.00004 8.1143e-01     42.882 0.0000e+00
        546 199.556670    0.03785     2.2708    136.250  1024.7216  49949.789    31.6120     42.707    6.65420     8.6113     8.6156    24.5250   12.00002 7.8345e-01     43.115 0.0000e+00
        547 199.556672    0.03792     2.2750    136.500  1024.7226  49949.831    31.6119     42.936    6.65419     8.6114     8.6156    24.5250   12.00000 7.5697e-01     43.345 0.0000e+00
        548 199.556675    0.03799     2.2792    136.750  1024.7236  49949.866    31.6119     43.156    6.65419     8.6114     8.6157    24.5249   11.99999 7.3261e-01     43.568 0.0000e+00
        549 199.556678    0.03806     2.2833    137.000  1024.7245  49949.895    31.6118     43.363    6.65418     8.6114     8.6157    24.5249   11.99998 7.1091e-01     43.777 0.0000e+00
        550 199.556681    0.03812     2.2875    137.250  1024.7253  49949.958    31.6118     43.553    6.65418     8.6114     8.6158    24.5248   11.99997 6.9181e-01     43.969 0.0000e+00
        551 199.556684    0.03819     2.2917    137.500  1024.7261  49950.051    31.6118     43.729    6.65418     8.6114     8.6158    24.5248   11.99997 6.7459e-01     44.146 0.0000e+00
        552 199.556687    0.03826     2.2958    137.750  1024.7269  49950.149    31.6117     43.898    6.65418     8.6114     8.6158    24.5248   11.99997 6.5800e-01     44.317 0.0000e+00
        553 199.556690    0.03833     2.3000    138.000  1024.7277  49950.264    31.6117     44.074    6.65417     8.6114     8.6158    24.5248   11.99996 6.4075e-01     44.494 0.0000e+00
        554 199.556693    0.03840     2.3042    138.250  1024.7285  49950.396    31.6118     44.265    6.65417     8.6115     8.6158    24.5248   11.99996 6.2233e-01     44.687 0.0000e+00
        555 199.556696    0.03847     2.3083    138.500  1024.7295  49950.522    31.6118     44.472    6.65416     8.6115     8.6159    24.5248   11.99995 6.0311e-01     44.897 0.0000e+00
        556 199.556698    0.03854     2.3125    138.750  1024.7305  49950.636    31.6117     44.692    6.65415     8.6114     8.6159    24.5248   11.99994 5.8380e-01     45.118 0.0000e+00
        557 199.556701    0.03861     2.3167    139.000  1024.7315  49950.750    31.6117     44.914    6.65415     8.6114     8.6160    24.5248   11.99993 5.6509e-01     45.343 0.0000e+00
        558 199.556704    0.03868     2.3208    139.250  1024.7325  49950.897    31.6117     45.134    6.65415     8.6113     8.6160    24.5248   11.99993 5.4732e-01     45.565 0.0000e+00
        559 199.556707    0.03875     2.3250    139.500  1024.7336  49951.080    31.6117     45.350    6.65415     8.6113     8.6160    24.5248   11.99993 5.3028e-01     45.783 0.0000e+00
        560 199.556710    0.03882     2.3292    139.750  1024.7346  49951.252    31.6118     45.569    6.65415     8.6112     8.6159    24.5249   11.99994 5.1349e-01     46.004 0.0000e+00
        561 199.556713    0.03889     2.3333    140.000  1024.7357  49951.420    31.6118     45.796    6.65415     8.6112     8.6159    24.5249   11.99994 4.9661e-01     46.233 0.0000e+00
        562 199.556716    0.03896     2.3375    140.250  1024.7368  49951.604    31.6118     46.034    6.65416     8.6111     8.6159    24.5249   11.99994 4.7956e-01     46.473 0.0000e+00
        563 199.556719    0.03903     2.3417    140.500  1024.7379  49951.789    31.6118     46.281    6.65416     8.6111     8.6159    24.5249   11.99994 4.6267e-01     46.723 0.0000e+00
        564 199.556722    0.03910     2.3458    140.750  1024.7391  49951.998    31.6119     46.530    6.65416     8.6110     8.6159    24.5250   11.99995 4.4652e-01     46.974 0.0000e+00
        565 199.556725    0.03917     2.3500    141.000  1024.7403  49952.235    31.6119     46.771    6.65417     8.6110     8.6158    24.5250   11.99996 4.3168e-01     47.218 0.0000e+00
        566 199.556727    0.03924     2.3542    141.250  1024.7413  49952.436    31.6120     46.997    6.65417     8.6109     8.6158    24.5250   11.99997 4.1848e-01     47.446 0.0000e+00
        567 199.556730    0.03931     2.3583    141.500  1024.7423  49952.593    31.6120     47.204    6.65418     8.6109     8.6157    24.5251   11.99997 4.0693e-01     47.655 0.0000e+00
        568 199.556733    0.03938     2.3625    141.750  1024.7432  49952.721    31.6120     47.392    6.65418     8.6109     8.6157    24.5251   11.99997 3.9674e-01     47.845 0.0000e+00
        569 199.556736    0.03944     2.3667    142.000  1024.7440  49952.816    31.6120     47.568    6.65417     8.6110     8.6157    24.5251   11.99997 3.8727e-01     48.022 0.0000e+00
        570 199.556739    0.03951     2.3708    142.250  1024.7448  49952.910    31.6120     47.742    6.65417     8.6110     8.6158    24.5251   11.99996 3.7778e-01     48.198 0.0000e+00
        571 199.556742    0.03958     2.3750    142.500  1024.7457  49953.014    31.6120     47.929    6.65417     8.6110     8.6158    24.5251   11.99995 3.6771e-01     48.387 0.0000e+00
        572 199.556745    0.03965     2.3792    142.750  1024.7466  49953.117    31.6119     48.134    6.65416     8.6110     8.6158    24.5250   11.99995 3.5692e-01     48.594 0.0000e+00
        573 199.556748    0.03972     2.3833    143.000  1024.7476  49953.213    31.6119     48.359    6.65416     8.6110     8.6158    24.5250   11.99994 3.4558e-01     48.822 0.0000e+00
        574 199.556751    0.03979     2.3875    143.250  1024.7487  49953.323    31.6119     48.599    6.65416     8.6111     8.6159    24.5250   11.99994 3.3408e-01     49.064 0.0000e+00
        575 199.556753    0.03986     2.3917    143.500  1024.7498  49953.450    31.6119     48.845    6.65415     8.6111     8.6159    24.5250   11.99993 3.2288e-01     49.312 0.0000e+00
        576 199.556756    0.03993     2.3958    143.750  1024.7509  49953.549    31.6119     49.090    6.65414     8.6112     8.6160    24.5249   11.99991 3.1227e-01     49.559 0.0000e+00
        577 199.556759    0.04000     2.4000    144.000  1024.7519  49953.616    31.6118     49.327    6.65413     8.6112     8.6161    24.5249   11.99989 3.0245e-01     49.799 0.0000e+00
        578 199.556762    0.04007     2.4042    144.250  1024.7529  49953.665    31.6118     49.555    6.65412     8.6112     8.6162    24.5248   11.99988 2.9347e-01     50.029 0.0000e+00
        579 199.556765    0.04014     2.4083    144.500  1024.7539  49953.735    31.6117     49.774    6.65412     8.6111     8.6162    24.5248   11.99987 2.8515e-01     50.249 0.0000e+00
        580 199.556768    0.04021     2.4125    144.750  1024.7549  49953.861    31.6117     49.987    6.65412     8.6110     8.6162    24.5248   11.99987 2.7719e-01     50.465 0.0000e+00
        581 199.556771    0.04028     2.4167    145.000  1024.7559  49954.053    31.6117     50.202    6.65412     8.6109     8.6162    24.5248   11.99988 2.6933e-01     50.682 0.0000e+00
        582 199.556774    0.04035     2.4208    145.250  1024.7570  49954.291    31.6118     50.423    6.65412     8.6109     8.6161    24.5249   11.99989 2.6144e-01     50.905 0.0000e+00
        583 199.556777    0.04042     2.4250    145.500  1024.7581  49954.513    31.6118     50.653    6.65413     8.6108     8.6161    24.5250   11.99990 2.5356e-01     51.137 0.0000e+00
        584 199.556780    0.04049     2.4292    145.750  1024.7592  49954.708    31.6119     50.887    6.65414     8.6108     8.6160    24.5250   11.99991 2.4591e-01     51.374 0.0000e+00
        585 199.556782    0.04056     2.4333    146.000  1024.7603  49954.883    31.6119     51.118    6.65414     8.6107     8.6160    24.5250   11.99992 2.3885e-01     51.606 0.0000e+00
        586 199.556785    0.04063     2.4375    146.250  1024.7613  49955.020    31.6119     51.334    6.65414     8.6107     8.6159    24.5250   11.99993 2.3261e-01     51.825 0.0000e+00
        587 199.556788    0.04069     2.4417    146.500  1024.7622  49955.151    31.6119     51.532    6.65415     8.6107     8.6159    24.5250   11.99993 2.2716e-01     52.025 0.0000e+00
        588 199.556791    0.04076     2.4458    146.750  1024.7630  49955.309    31.6119     51.713    6.65415     8.6107     8.6159    24.5251   11.99994 2.2227e-01     52.208 0.0000e+00
        589 199.556794    0.04083     2.4500    147.000  1024.7638  49955.468    31.6119     51.886    6.65415     8.6107     8.6159    24.5251   11.99993 2.1758e-01     52.383 0.0000e+00
        590 199.556797    0.04090     2.4542    147.250  1024.7647  49955.580    31.6119     52.064    6.65415     8.6107     8.6159    24.5251   11.99993 2.1276e-01     52.562 0.0000e+00
        591 199.556800    0.04097     2.4583    147.500  1024.7656  49955.675    31.6119     52.256    6.65415     8.6107     8.6160    24.5250   11.99992 2.0764e-01     52.756 0.0000e+00
        592 199.556803    0.04104     2.4625    147.750  1024.7665  49955.797    31.6119     52.468    6.65414     8.6108     8.6160    24.5250   11.99991 2.0223e-01     52.970 0.0000e+00
        593 199.556806    0.04111     2.4667    148.000  1024.7676  49955.938    31.6119     52.696    6.65413     8.6108     8.6161    24.5250   11.99990 1.9666e-01     53.200 0.0000e+00
        594 199.556808    0.04118     2.4708    148.250  1024.7687  49956.092    31.6120     52.934    6.65412     8.6109     8.6161    24.5251   11.99988 1.9110e-01     53.441 0.0000e+00
        595 199.556811    0.04125     2.4750    148.500  1024.7698  49956.229    31.6120     53.176    6.65410     8.6110     8.6162    24.5251   11.99986 1.8572e-01     53.684 0.0000e+00
