CTD-processing/allCTD/CNV--homogene/2018_04-23_alongbay_skb11_cast079.cnv
* Sea-Bird SBE19plus Data File:
* FileName = C:\Users\Kim.Powell\Desktop\Not Processed\2018\2018_04-23_AlongBay, T4, T9_5028\2018_04-23_TRANSECT_STATION_cast079.hex
* Software Version 1.59
* Temperature SN =  5028
* Conductivity SN =  5028
* System UpLoad Time = Apr 24 2018 10:14:35
** 2018_04-24
** Station: KB11
** Start Time: 18:10
** Depth (m): 54
** Comment:
** Comment:
# nquan = 17
# nvalues = 480                         
# units = specified
# name 0 = scan: Scan Count
# name 1 = timeJ: Julian Days
# name 2 = timeH: Time, Elapsed [hours]
# name 3 = timeM: Time, Elapsed [minutes]
# name 4 = timeS: Time, Elapsed [seconds]
# name 5 = density00: Density [density, kg/m^3]
# name 6 = specc: Specific Conductance [uS/cm]
# name 7 = sal00: Salinity, Practical [PSU]
# name 8 = depSM: Depth [salt water, m], lat = 59.00
# name 9 = oxsolML/L: Oxygen Saturation, Garcia & Gordon [ml/l]
# name 10 = potemp090C: Potential Temperature [ITS-90, deg C]
# name 11 = tv290C: Temperature [ITS-90, deg C]
# name 12 = sigma-é00: Density [sigma-theta, kg/m^3]
# name 13 = n2satML/L: Nitrogen Saturation [ml/l]
# name 14 = par: PAR/Irradiance, Biospherical/Licor
# name 15 = prdM: Pressure, Strain Gauge [db]
# name 16 = flag:  0.000e+00
# span 0 =          1,        480       
# span 1 = 113.757118, 113.758504       
# span 2 =    0.00000,    0.03326       
# span 3 =     0.0000,     1.9958       
# span 4 =      0.000,    119.750       
# span 5 =  1009.0741,  1025.3493       
# span 6 =  18869.739,  51278.785       
# span 7 =    11.5814,    31.6335       
# span 8 =     -0.057,     50.483       
# span 9 =    7.17548,    8.06790       
# span 10 =     3.9176,     6.0448      
# span 11 =     3.9209,     6.1502      
# span 12 =     9.0744,    25.1110      
# span 13 =   12.86785,   14.63460      
# span 14 = 3.7976e-02, 6.0625e+02      
# span 15 =     -0.058,     50.965      
# span 16 = 0.0000e+00, 0.0000e+00      
# interval = seconds: 0.25
# start_time = Apr 23 2018 18:10:15 [Instrument's time stamp, header]
# bad_flag = -9.990e-29
*END*
[from data line 86]
         87 113.757367    0.00597     0.3583     21.500  1024.5936  50082.929    31.1639      0.797    7.18554     5.4123     5.4157    24.5899   12.88410 2.4216e+02      0.804 0.0000e+00
         88 113.757370    0.00604     0.3625     21.750  1024.5980  50091.086    31.1691      0.802    7.18560     5.4119     5.4138    24.5942   12.88415 2.4445e+02      0.810 0.0000e+00
         89 113.757373    0.00611     0.3667     22.000  1024.6067  50107.109    31.1799      0.803    7.18534     5.4128     5.4124    24.6029   12.88357 2.4341e+02      0.811 0.0000e+00
         90 113.757376    0.00618     0.3708     22.250  1024.6147  50122.007    31.1900      0.800    7.18491     5.4150     5.4120    24.6110   12.88274 2.3886e+02      0.808 0.0000e+00
         91 113.757378    0.00625     0.3750     22.500  1024.6182  50128.426    31.1946      0.793    7.18453     5.4176     5.4129    24.6145   12.88206 2.3466e+02      0.801 0.0000e+00
         92 113.757381    0.00632     0.3792     22.750  1024.6156  50123.473    31.1917      0.787    7.18430     5.4195     5.4151    24.6120   12.88171 2.3249e+02      0.794 0.0000e+00
         93 113.757384    0.00639     0.3833     23.000  1024.6082  50109.646    31.1827      0.783    7.18428     5.4200     5.4177    24.6046   12.88179 2.3131e+02      0.790 0.0000e+00
         94 113.757387    0.00646     0.3875     23.250  1024.5999  50094.078    31.1723      0.783    7.18446     5.4195     5.4196    24.5962   12.88222 2.3000e+02      0.790 0.0000e+00
         95 113.757390    0.00653     0.3917     23.500  1024.5943  50083.856    31.1654      0.785    7.18470     5.4185     5.4201    24.5906   12.88271 2.2831e+02      0.793 0.0000e+00
         96 113.757393    0.00660     0.3958     23.750  1024.5936  50082.533    31.1644      0.788    7.18485     5.4178     5.4195    24.5899   12.88297 2.2989e+02      0.796 0.0000e+00
         97 113.757396    0.00667     0.4000     24.000  1024.5974  50089.581    31.1690      0.791    7.18479     5.4174     5.4185    24.5937   12.88281 2.3523e+02      0.799 0.0000e+00
         98 113.757399    0.00674     0.4042     24.250  1024.6039  50101.753    31.1773      0.792    7.18452     5.4171     5.4179    24.6002   12.88225 2.3938e+02      0.799 0.0000e+00
         99 113.757402    0.00681     0.4083     24.500  1024.6111  50114.904    31.1863      0.791    7.18415     5.4163     5.4175    24.6074   12.88152 2.4382e+02      0.798 0.0000e+00
        100 113.757405    0.00688     0.4125     24.750  1024.6170  50125.813    31.1937      0.789    7.18385     5.4154     5.4172    24.6133   12.88095 2.4740e+02      0.796 0.0000e+00
        101 113.757407    0.00694     0.4167     25.000  1024.6207  50132.713    31.1983      0.787    7.18376     5.4146     5.4164    24.6170   12.88073 2.4442e+02      0.794 0.0000e+00
        102 113.757410    0.00701     0.4208     25.250  1024.6218  50134.745    31.1995      0.786    7.18387     5.4141     5.4155    24.6181   12.88089 2.3988e+02      0.793 0.0000e+00
        103 113.757413    0.00708     0.4250     25.500  1024.6205  50132.573    31.1978      0.786    7.18408     5.4140     5.4147    24.6168   12.88126 2.4010e+02      0.793 0.0000e+00
        104 113.757416    0.00715     0.4292     25.750  1024.6186  50129.120    31.1954      0.786    7.18428     5.4141     5.4142    24.6149   12.88162 2.4238e+02      0.794 0.0000e+00
        105 113.757419    0.00722     0.4333     26.000  1024.6179  50127.821    31.1945      0.787    7.18435     5.4144     5.4141    24.6142   12.88174 2.4129e+02      0.795 0.0000e+00
        106 113.757422    0.00729     0.4375     26.250  1024.6191  50129.941    31.1959      0.788    7.18426     5.4149     5.4142    24.6154   12.88158 2.3756e+02      0.796 0.0000e+00
        107 113.757425    0.00736     0.4417     26.500  1024.6215  50134.360    31.1990      0.788    7.18406     5.4156     5.4145    24.6178   12.88121 2.3572e+02      0.796 0.0000e+00
        108 113.757428    0.00743     0.4458     26.750  1024.6241  50139.046    31.2024      0.789    7.18381     5.4165     5.4150    24.6204   12.88075 2.3877e+02      0.797 0.0000e+00
        109 113.757431    0.00750     0.4500     27.000  1024.6260  50142.521    31.2049      0.789    7.18356     5.4174     5.4157    24.6223   12.88032 2.4563e+02      0.797 0.0000e+00
        110 113.757433    0.00757     0.4542     27.250  1024.6271  50144.498    31.2064      0.789    7.18334     5.4183     5.4166    24.6234   12.87993 2.4824e+02      0.797 0.0000e+00
        111 113.757436    0.00764     0.4583     27.500  1024.6276  50145.346    31.2072      0.789    7.18315     5.4191     5.4175    24.6239   12.87961 2.4215e+02      0.797 0.0000e+00
        112 113.757439    0.00771     0.4625     27.750  1024.6275  50145.095    31.2072      0.789    7.18300     5.4198     5.4183    24.6238   12.87936 2.3438e+02      0.797 0.0000e+00
        113 113.757442    0.00778     0.4667     28.000  1024.6265  50143.075    31.2060      0.789    7.18292     5.4203     5.4191    24.6228   12.87925 2.3008e+02      0.797 0.0000e+00
        114 113.757445    0.00785     0.4708     28.250  1024.6245  50139.414    31.2036      0.790    7.18292     5.4205     5.4198    24.6208   12.87927 2.2618e+02      0.798 0.0000e+00
        115 113.757448    0.00792     0.4750     28.500  1024.6229  50136.492    31.2017      0.791    7.18293     5.4207     5.4203    24.6193   12.87931 2.2263e+02      0.799 0.0000e+00
        116 113.757451    0.00799     0.4792     28.750  1024.6233  50137.052    31.2021      0.792    7.18286     5.4210     5.4206    24.6196   12.87920 2.2154e+02      0.800 0.0000e+00
        117 113.757454    0.00806     0.4833     29.000  1024.6255  50141.163    31.2050      0.793    7.18270     5.4215     5.4208    24.6218   12.87889 2.2076e+02      0.800 0.0000e+00
        118 113.757457    0.00813     0.4875     29.250  1024.6281  50145.837    31.2083      0.792    7.18249     5.4220     5.4210    24.6244   12.87850 2.1890e+02      0.799 0.0000e+00
        119 113.757459    0.00819     0.4917     29.500  1024.6289  50147.261    31.2094      0.790    7.18236     5.4225     5.4215    24.6252   12.87827 2.1708e+02      0.797 0.0000e+00
        120 113.757462    0.00826     0.4958     29.750  1024.6268  50143.410    31.2068      0.788    7.18239     5.4227     5.4221    24.6231   12.87835 2.1648e+02      0.796 0.0000e+00
        121 113.757465    0.00833     0.5000     30.000  1024.6224  50135.328    31.2014      0.788    7.18257     5.4226     5.4225    24.6188   12.87873 2.1741e+02      0.795 0.0000e+00
        122 113.757468    0.00840     0.5042     30.250  1024.6176  50126.374    31.1952      0.788    7.18283     5.4223     5.4227    24.6139   12.87924 2.1842e+02      0.796 0.0000e+00
        123 113.757471    0.00847     0.5083     30.500  1024.6140  50119.716    31.1906      0.790    7.18307     5.4222     5.4226    24.6103   12.87968 2.1800e+02      0.797 0.0000e+00
        124 113.757474    0.00854     0.5125     30.750  1024.6123  50116.671    31.1885      0.792    7.18321     5.4223     5.4224    24.6086   12.87994 2.1624e+02      0.800 0.0000e+00
        125 113.757477    0.00861     0.5167     31.000  1024.6126  50117.178    31.1888      0.795    7.18322     5.4227     5.4223    24.6088   12.87995 2.1545e+02      0.802 0.0000e+00
        126 113.757480    0.00868     0.5208     31.250  1024.6145  50120.673    31.1912      0.796    7.18308     5.4234     5.4224    24.6107   12.87970 2.1700e+02      0.804 0.0000e+00
        127 113.757483    0.00875     0.5250     31.500  1024.6176  50126.329    31.1952      0.796    7.18282     5.4244     5.4228    24.6138   12.87922 2.1948e+02      0.804 0.0000e+00
        128 113.757486    0.00882     0.5292     31.750  1024.6209  50132.290    31.1994      0.794    7.18249     5.4253     5.4235    24.6171   12.87863 2.2186e+02      0.802 0.0000e+00
        129 113.757488    0.00889     0.5333     32.000  1024.6224  50135.137    31.2016      0.790    7.18223     5.4261     5.4245    24.6187   12.87816 2.2171e+02      0.798 0.0000e+00
        130 113.757491    0.00896     0.5375     32.250  1024.6205  50131.500    31.1993      0.787    7.18217     5.4265     5.4254    24.6168   12.87810 2.1825e+02      0.795 0.0000e+00
        131 113.757494    0.00903     0.5417     32.500  1024.6144  50120.250    31.1917      0.785    7.18240     5.4266     5.4262    24.6107   12.87858 2.1614e+02      0.793 0.0000e+00
        132 113.757497    0.00910     0.5458     32.750  1024.6056  50104.037    31.1807      0.786    7.18286     5.4264     5.4266    24.6019   12.87947 2.1691e+02      0.794 0.0000e+00
        133 113.757500    0.00917     0.5500     33.000  1024.5974  50088.967    31.1703      0.789    7.18334     5.4263     5.4267    24.5937   12.88040 2.1733e+02      0.797 0.0000e+00
        134 113.757503    0.00924     0.5542     33.250  1024.5932  50081.219    31.1649      0.793    7.18363     5.4265     5.4265    24.5895   12.88094 2.1679e+02      0.801 0.0000e+00
        135 113.757506    0.00931     0.5583     33.500  1024.5945  50083.612    31.1665      0.797    7.18358     5.4270     5.4264    24.5908   12.88083 2.1591e+02      0.804 0.0000e+00
        136 113.757509    0.00937     0.5625     33.750  1024.5998  50093.305    31.1732      0.798    7.18323     5.4276     5.4265    24.5961   12.88017 2.1422e+02      0.805 0.0000e+00
        137 113.757512    0.00944     0.5667     34.000  1024.6053  50103.461    31.1803      0.796    7.18280     5.4279     5.4271    24.6016   12.87937 2.1388e+02      0.803 0.0000e+00
        138 113.757514    0.00951     0.5708     34.250  1024.6085  50109.164    31.1844      0.792    7.18250     5.4280     5.4277    24.6048   12.87883 2.1608e+02      0.799 0.0000e+00
        139 113.757517    0.00958     0.5750     34.500  1024.6085  50109.249    31.1845      0.787    7.18244     5.4279     5.4280    24.6048   12.87873 2.1702e+02      0.794 0.0000e+00
        140 113.757520    0.00965     0.5792     34.750  1024.6056  50103.810    31.1808      0.784    7.18260     5.4273     5.4281    24.6019   12.87905 2.1611e+02      0.791 0.0000e+00
        141 113.757523    0.00972     0.5833     35.000  1024.5996  50092.964    31.1733      0.782    7.18299     5.4261     5.4279    24.5960   12.87978 2.1761e+02      0.789 0.0000e+00
        142 113.757526    0.00979     0.5875     35.250  1024.5920  50079.010    31.1636      0.783    7.18355     5.4243     5.4274    24.5883   12.88083 2.2179e+02      0.790 0.0000e+00
        143 113.757529    0.00986     0.5917     35.500  1024.5860  50068.105    31.1559      0.788    7.18412     5.4225     5.4262    24.5823   12.88188 2.2370e+02      0.795 0.0000e+00
        144 113.757532    0.00993     0.5958     35.750  1024.5853  50066.903    31.1547      0.794    7.18448     5.4218     5.4244    24.5816   12.88249 2.2112e+02      0.801 0.0000e+00
        145 113.757535    0.01000     0.6000     36.000  1024.5912  50077.906    31.1619      0.799    7.18444     5.4227     5.4226    24.5875   12.88233 2.1833e+02      0.806 0.0000e+00
        146 113.757538    0.01007     0.6042     36.250  1024.6016  50096.948    31.1748      0.801    7.18394     5.4253     5.4219    24.5978   12.88135 2.1992e+02      0.808 0.0000e+00
        147 113.757541    0.01014     0.6083     36.500  1024.6119  50115.895    31.1880      0.799    7.18317     5.4301     5.4227    24.6082   12.87989 2.2450e+02      0.806 0.0000e+00
        148 113.757543    0.01021     0.6125     36.750  1024.6182  50127.247    31.1963      0.793    7.18231     5.4368     5.4254    24.6145   12.87837 2.2802e+02      0.800 0.0000e+00
        149 113.757546    0.01028     0.6167     37.000  1024.6170  50124.719    31.1956      0.786    7.18153     5.4438     5.4302    24.6134   12.87708 2.3190e+02      0.793 0.0000e+00
        150 113.757549    0.01035     0.6208     37.250  1024.6072  50106.080    31.1841      0.781    7.18094     5.4491     5.4369    24.6036   12.87626 2.3744e+02      0.788 0.0000e+00
        151 113.757552    0.01042     0.6250     37.500  1024.5920  50077.586    31.1659      0.780    7.18062     5.4516     5.4438    24.5884   12.87597 2.4059e+02      0.787 0.0000e+00
        152 113.757555    0.01049     0.6292     37.750  1024.5781  50051.487    31.1490      0.784    7.18053     5.4516     5.4492    24.5744   12.87602 2.3857e+02      0.791 0.0000e+00
        153 113.757558    0.01056     0.6333     38.000  1024.5711  50038.413    31.1406      0.790    7.18051     5.4508     5.4517    24.5674   12.87610 2.3222e+02      0.798 0.0000e+00
        154 113.757561    0.01063     0.6375     38.250  1024.5733  50042.401    31.1433      0.797    7.18037     5.4511     5.4517    24.5696   12.87583 2.2640e+02      0.805 0.0000e+00
        155 113.757564    0.01069     0.6417     38.500  1024.5828  50059.866    31.1552      0.802    7.17993     5.4535     5.4509    24.5791   12.87496 2.2402e+02      0.810 0.0000e+00
        156 113.757567    0.01076     0.6458     38.750  1024.5947  50081.676    31.1702      0.802    7.17917     5.4588     5.4512    24.5910   12.87351 2.2355e+02      0.810 0.0000e+00
        157 113.757569    0.01083     0.6500     39.000  1024.6035  50097.572    31.1816      0.797    7.17822     5.4671     5.4535    24.5997   12.87178 2.2464e+02      0.805 0.0000e+00
        158 113.757572    0.01090     0.6542     39.250  1024.6045  50099.081    31.1838      0.790    7.17720     5.4760     5.4589    24.6008   12.87007 2.2803e+02      0.798 0.0000e+00
        159 113.757575    0.01097     0.6583     39.500  1024.5958  50082.506    31.1740      0.783    7.17626     5.4826     5.4672    24.5922   12.86865 2.3063e+02      0.790 0.0000e+00
        160 113.757578    0.01104     0.6625     39.750  1024.5800  50052.753    31.1554      0.778    7.17563     5.4852     5.4761    24.5764   12.86785 2.2753e+02      0.786 0.0000e+00
        161 113.757581    0.01111     0.6667     40.000  1024.5631  50021.082    31.1349      0.778    7.17548     5.4837     5.4827    24.5595   12.86787 2.2029e+02      0.786 0.0000e+00
        162 113.757584    0.01118     0.6708     40.250  1024.5508  49998.184    31.1197      0.784    7.17577     5.4789     5.4853    24.5472   12.86854 2.1585e+02      0.791 0.0000e+00
        163 113.757587    0.01125     0.6750     40.500  1024.5469  49991.112    31.1145      0.792    7.17628     5.4729     5.4838    24.5432   12.86944 2.1634e+02      0.800 0.0000e+00
        164 113.757590    0.01132     0.6792     40.750  1024.5529  50002.430    31.1213      0.799    7.17676     5.4680     5.4790    24.5492   12.87016 2.1762e+02      0.807 0.0000e+00
        165 113.757593    0.01139     0.6833     41.000  1024.5660  50027.070    31.1371      0.802    7.17704     5.4657     5.4729    24.5623   12.87042 2.1753e+02      0.810 0.0000e+00
        166 113.757595    0.01146     0.6875     41.250  1024.5802  50053.554    31.1543      0.801    7.17706     5.4666     5.4680    24.5765   12.87022 2.1743e+02      0.808 0.0000e+00
        167 113.757598    0.01153     0.6917     41.500  1024.5895  50070.844    31.1658      0.795    7.17690     5.4699     5.4658    24.5858   12.86981 2.1866e+02      0.803 0.0000e+00
        168 113.757601    0.01160     0.6958     41.750  1024.5904  50072.531    31.1671      0.789    7.17668     5.4738     5.4666    24.5867   12.86944 2.2264e+02      0.796 0.0000e+00
        169 113.757604    0.01167     0.7000     42.000  1024.5833  50059.311    31.1587      0.784    7.17653     5.4768     5.4699    24.5797   12.86929 2.2657e+02      0.792 0.0000e+00
        170 113.757607    0.01174     0.7042     42.250  1024.5724  50038.890    31.1454      0.782    7.17648     5.4780     5.4738    24.5688   12.86939 2.2507e+02      0.790 0.0000e+00
