CTD-processing/allCTD/CNV--homogene/2018_03-27_alongbay_skb05_cast038.cnv
* Sea-Bird SBE19plus Data File:
* FileName = P:\My Documents\kasitsna\Research-KBL\Oceanography-AK\CTD-Data-ALL-to-2017-02\2018-CTD-KachemakBay-CookInlet\2018-03-27-CookInlet-AlongBay\2018-03-27-CookInlet-AlongBay-cast038.hex
* Software Version 1.59
* Temperature SN =  5028
* Conductivity SN =  5028
* System UpLoad Time = Mar 28 2018 11:52:12
** Cook Inlet LTM Along-Bay (T7-22 to KB12)
** Date: 2018_03-27
** Station: (eg. 9-01): KB05
** Start time (AKDT): 15:04
** Depth (m): 174.3
** Comment:  Extended to T7-22 due to calm seas.
** Comment:
# nquan = 17
# nvalues = 1129                        
# units = specified
# name 0 = scan: Scan Count
# name 1 = timeJ: Julian Days
# name 2 = timeH: Time, Elapsed [hours]
# name 3 = timeM: Time, Elapsed [minutes]
# name 4 = timeS: Time, Elapsed [seconds]
# name 5 = density00: Density [density, kg/m^3]
# name 6 = specc: Specific Conductance [uS/cm]
# name 7 = sal00: Salinity, Practical [PSU]
# name 8 = depSM: Depth [salt water, m], lat = 59.00
# name 9 = oxsolML/L: Oxygen Saturation, Garcia & Gordon [ml/l]
# name 10 = potemp090C: Potential Temperature [ITS-90, deg C]
# name 11 = tv290C: Temperature [ITS-90, deg C]
# name 12 = sigma-é00: Density [sigma-theta, kg/m^3]
# name 13 = n2satML/L: Nitrogen Saturation [ml/l]
# name 14 = par: PAR/Irradiance, Biospherical/Licor
# name 15 = prdM: Pressure, Strain Gauge [db]
# name 16 = flag:  0.000e+00
# span 0 =          1,       1129       
# span 1 =  86.628299,  86.631563       
# span 2 =    0.00000,    0.07833       
# span 3 =     0.0000,     4.7000       
# span 4 =      0.000,    282.000       
# span 5 =  1025.0321,  1026.0136       
# span 6 =  51089.701,  51539.073       
# span 7 =    31.5247,    31.7856       
# span 8 =      0.573,    168.113       
# span 9 =    7.38633,    7.46317       
# span 10 =     3.7012,     4.0885      
# span 11 =     3.7012,     4.0978      
# span 12 =    25.0293,    25.2276      
# span 13 =   13.20767,   13.33581      
# span 14 = 3.7976e-02, 2.5917e+02      
# span 15 =      0.578,    169.769      
# span 16 = 0.0000e+00, 0.0000e+00      
# interval = seconds: 0.25
# start_time = Mar 27 2018 15:04:45 [Instrument's time stamp, header]
# bad_flag = -9.990e-29
*END*
[from data line 852]
        853  86.630764    0.05917     3.5500    213.000  1025.7569  51485.534    31.7720    115.576    7.39015     4.0736     4.0792    25.2122   13.21410 3.7976e-02    116.700 0.0000e+00
        854  86.630767    0.05924     3.5542    213.250  1025.7578  51485.466    31.7721    115.778    7.38995     4.0743     4.0803    25.2122   13.21377 3.7976e-02    116.903 0.0000e+00
        855  86.630770    0.05931     3.5583    213.500  1025.7586  51485.255    31.7720    115.981    7.38979     4.0749     4.0812    25.2121   13.21350 3.7976e-02    117.108 0.0000e+00
        856  86.630773    0.05937     3.5625    213.750  1025.7595  51485.055    31.7720    116.183    7.38965     4.0754     4.0819    25.2120   13.21328 3.7976e-02    117.313 0.0000e+00
        857  86.630775    0.05944     3.5667    214.000  1025.7603  51484.930    31.7719    116.384    7.38955     4.0757     4.0825    25.2119   13.21311 3.7976e-02    117.515 0.0000e+00
        858  86.630778    0.05951     3.5708    214.250  1025.7612  51484.948    31.7720    116.583    7.38947     4.0760     4.0830    25.2119   13.21297 3.7976e-02    117.717 0.0000e+00
        859  86.630781    0.05958     3.5750    214.500  1025.7622  51485.103    31.7721    116.782    7.38940     4.0762     4.0834    25.2119   13.21285 3.7976e-02    117.918 0.0000e+00
        860  86.630784    0.05965     3.5792    214.750  1025.7632  51485.271    31.7722    116.981    7.38934     4.0763     4.0837    25.2119   13.21276 3.7976e-02    118.119 0.0000e+00
        861  86.630787    0.05972     3.5833    215.000  1025.7641  51485.428    31.7722    117.179    7.38930     4.0764     4.0839    25.2119   13.21269 3.7976e-02    118.319 0.0000e+00
        862  86.630790    0.05979     3.5875    215.250  1025.7651  51485.652    31.7723    117.378    7.38927     4.0764     4.0840    25.2120   13.21264 3.7976e-02    118.519 0.0000e+00
        863  86.630793    0.05986     3.5917    215.500  1025.7661  51485.907    31.7724    117.579    7.38925     4.0764     4.0841    25.2121   13.21261 3.7976e-02    118.722 0.0000e+00
        864  86.630796    0.05993     3.5958    215.750  1025.7672  51486.147    31.7725    117.782    7.38924     4.0764     4.0841    25.2121   13.21259 3.7976e-02    118.928 0.0000e+00
        865  86.630799    0.06000     3.6000    216.000  1025.7682  51486.421    31.7726    117.988    7.38924     4.0763     4.0841    25.2122   13.21258 3.7976e-02    119.135 0.0000e+00
        866  86.630802    0.06007     3.6042    216.250  1025.7692  51486.703    31.7726    118.193    7.38924     4.0763     4.0841    25.2123   13.21258 3.7976e-02    119.343 0.0000e+00
        867  86.630804    0.06014     3.6083    216.500  1025.7702  51486.912    31.7727    118.395    7.38924     4.0762     4.0841    25.2123   13.21258 3.7976e-02    119.547 0.0000e+00
        868  86.630807    0.06021     3.6125    216.750  1025.7711  51487.041    31.7727    118.594    7.38925     4.0762     4.0841    25.2123   13.21259 3.7976e-02    119.748 0.0000e+00
        869  86.630810    0.06028     3.6167    217.000  1025.7720  51487.159    31.7726    118.790    7.38925     4.0761     4.0840    25.2122   13.21261 3.7976e-02    119.946 0.0000e+00
        870  86.630813    0.06035     3.6208    217.250  1025.7730  51487.327    31.7726    118.985    7.38926     4.0761     4.0840    25.2122   13.21262 3.7976e-02    120.143 0.0000e+00
        871  86.630816    0.06042     3.6250    217.500  1025.7739  51487.534    31.7727    119.180    7.38926     4.0760     4.0839    25.2123   13.21263 3.7976e-02    120.339 0.0000e+00
        872  86.630819    0.06049     3.6292    217.750  1025.7749  51487.767    31.7727    119.377    7.38927     4.0760     4.0839    25.2123   13.21263 3.7976e-02    120.538 0.0000e+00
        873  86.630822    0.06056     3.6333    218.000  1025.7759  51488.015    31.7728    119.578    7.38927     4.0760     4.0839    25.2124   13.21264 3.7976e-02    120.741 0.0000e+00
        874  86.630825    0.06062     3.6375    218.250  1025.7769  51488.246    31.7728    119.781    7.38927     4.0760     4.0839    25.2124   13.21264 3.7976e-02    120.946 0.0000e+00
        875  86.630828    0.06069     3.6417    218.500  1025.7779  51488.462    31.7729    119.983    7.38927     4.0759     4.0838    25.2124   13.21263 3.7976e-02    121.151 0.0000e+00
        876  86.630830    0.06076     3.6458    218.750  1025.7788  51488.680    31.7729    120.183    7.38927     4.0759     4.0838    25.2125   13.21263 3.7976e-02    121.352 0.0000e+00
        877  86.630833    0.06083     3.6500    219.000  1025.7798  51488.894    31.7730    120.378    7.38927     4.0760     4.0838    25.2125   13.21262 3.7976e-02    121.550 0.0000e+00
        878  86.630836    0.06090     3.6542    219.250  1025.7807  51489.090    31.7730    120.571    7.38926     4.0760     4.0838    25.2126   13.21262 3.7976e-02    121.744 0.0000e+00
        879  86.630839    0.06097     3.6583    219.500  1025.7817  51489.278    31.7730    120.763    7.38926     4.0760     4.0839    25.2126   13.21261 3.7976e-02    121.939 0.0000e+00
        880  86.630842    0.06104     3.6625    219.750  1025.7826  51489.474    31.7731    120.959    7.38925     4.0760     4.0839    25.2127   13.21260 3.7976e-02    122.136 0.0000e+00
        881  86.630845    0.06111     3.6667    220.000  1025.7836  51489.706    31.7731    121.159    7.38924     4.0760     4.0839    25.2127   13.21258 3.7976e-02    122.339 0.0000e+00
        882  86.630848    0.06118     3.6708    220.250  1025.7846  51489.990    31.7732    121.363    7.38923     4.0761     4.0839    25.2127   13.21256 3.7976e-02    122.545 0.0000e+00
        883  86.630851    0.06125     3.6750    220.500  1025.7857  51490.267    31.7733    121.570    7.38922     4.0761     4.0840    25.2128   13.21254 3.7976e-02    122.753 0.0000e+00
        884  86.630854    0.06132     3.6792    220.750  1025.7867  51490.491    31.7734    121.776    7.38920     4.0762     4.0840    25.2129   13.21252 3.7976e-02    122.961 0.0000e+00
        885  86.630856    0.06139     3.6833    221.000  1025.7877  51490.636    31.7734    121.980    7.38919     4.0762     4.0841    25.2129   13.21251 3.7976e-02    123.168 0.0000e+00
        886  86.630859    0.06146     3.6875    221.250  1025.7886  51490.716    31.7733    122.182    7.38918     4.0763     4.0842    25.2128   13.21249 3.7976e-02    123.372 0.0000e+00
        887  86.630862    0.06153     3.6917    221.500  1025.7895  51490.827    31.7733    122.379    7.38917     4.0763     4.0842    25.2128   13.21247 3.7976e-02    123.571 0.0000e+00
        888  86.630865    0.06160     3.6958    221.750  1025.7905  51491.029    31.7734    122.572    7.38916     4.0764     4.0843    25.2129   13.21245 3.7976e-02    123.766 0.0000e+00
        889  86.630868    0.06167     3.7000    222.000  1025.7915  51491.370    31.7736    122.764    7.38914     4.0765     4.0843    25.2130   13.21242 3.7976e-02    123.960 0.0000e+00
        890  86.630871    0.06174     3.7042    222.250  1025.7926  51491.835    31.7738    122.955    7.38911     4.0767     4.0844    25.2132   13.21237 3.7976e-02    124.153 0.0000e+00
        891  86.630874    0.06181     3.7083    222.500  1025.7936  51492.278    31.7740    123.148    7.38908     4.0769     4.0846    25.2133   13.21230 3.7976e-02    124.348 0.0000e+00
        892  86.630877    0.06187     3.7125    222.750  1025.7947  51492.580    31.7742    123.343    7.38903     4.0771     4.0848    25.2135   13.21223 3.7976e-02    124.545 0.0000e+00
        893  86.630880    0.06194     3.7167    223.000  1025.7956  51492.698    31.7742    123.539    7.38899     4.0772     4.0850    25.2135   13.21216 3.7976e-02    124.743 0.0000e+00
        894  86.630883    0.06201     3.7208    223.250  1025.7965  51492.719    31.7742    123.735    7.38896     4.0773     4.0852    25.2134   13.21211 3.7976e-02    124.941 0.0000e+00
        895  86.630885    0.06208     3.7250    223.500  1025.7974  51492.798    31.7741    123.930    7.38893     4.0773     4.0853    25.2134   13.21207 3.7976e-02    125.138 0.0000e+00
        896  86.630888    0.06215     3.7292    223.750  1025.7983  51492.909    31.7741    124.124    7.38892     4.0773     4.0854    25.2134   13.21204 3.7976e-02    125.333 0.0000e+00
        897  86.630891    0.06222     3.7333    224.000  1025.7991  51492.977    31.7741    124.316    7.38891     4.0773     4.0855    25.2133   13.21203 3.7976e-02    125.528 0.0000e+00
        898  86.630894    0.06229     3.7375    224.250  1025.8000  51493.061    31.7741    124.510    7.38891     4.0773     4.0855    25.2133   13.21202 3.7976e-02    125.723 0.0000e+00
        899  86.630897    0.06236     3.7417    224.500  1025.8009  51493.188    31.7741    124.707    7.38890     4.0773     4.0855    25.2133   13.21201 3.7976e-02    125.922 0.0000e+00
        900  86.630900    0.06243     3.7458    224.750  1025.8019  51493.326    31.7741    124.907    7.38890     4.0772     4.0855    25.2133   13.21201 3.7976e-02    126.124 0.0000e+00
        901  86.630903    0.06250     3.7500    225.000  1025.8028  51493.483    31.7741    125.108    7.38891     4.0771     4.0855    25.2133   13.21202 3.7976e-02    126.327 0.0000e+00
        902  86.630906    0.06257     3.7542    225.250  1025.8038  51493.685    31.7741    125.310    7.38892     4.0770     4.0854    25.2133   13.21204 3.7976e-02    126.531 0.0000e+00
        903  86.630909    0.06264     3.7583    225.500  1025.8048  51493.949    31.7741    125.512    7.38893     4.0769     4.0853    25.2134   13.21207 3.7976e-02    126.735 0.0000e+00
        904  86.630911    0.06271     3.7625    225.750  1025.8058  51494.264    31.7742    125.712    7.38895     4.0767     4.0852    25.2135   13.21209 3.7976e-02    126.937 0.0000e+00
        905  86.630914    0.06278     3.7667    226.000  1025.8069  51494.603    31.7743    125.910    7.38897     4.0766     4.0851    25.2136   13.21212 3.7976e-02    127.137 0.0000e+00
        906  86.630917    0.06285     3.7708    226.250  1025.8079  51494.919    31.7744    126.108    7.38898     4.0765     4.0850    25.2136   13.21214 3.7976e-02    127.337 0.0000e+00
        907  86.630920    0.06292     3.7750    226.500  1025.8089  51495.238    31.7745    126.306    7.38900     4.0764     4.0849    25.2137   13.21216 3.7976e-02    127.537 0.0000e+00
        908  86.630923    0.06299     3.7792    226.750  1025.8100  51495.620    31.7747    126.503    7.38901     4.0764     4.0848    25.2138   13.21217 3.7976e-02    127.737 0.0000e+00
        909  86.630926    0.06306     3.7833    227.000  1025.8110  51496.046    31.7748    126.700    7.38901     4.0765     4.0847    25.2140   13.21217 3.7976e-02    127.935 0.0000e+00
        910  86.630929    0.06313     3.7875    227.250  1025.8121  51496.488    31.7750    126.897    7.38899     4.0766     4.0847    25.2141   13.21215 3.7976e-02    128.134 0.0000e+00
        911  86.630932    0.06319     3.7917    227.500  1025.8132  51496.902    31.7752    127.094    7.38897     4.0768     4.0848    25.2143   13.21211 3.7976e-02    128.333 0.0000e+00
        912  86.630935    0.06326     3.7958    227.750  1025.8142  51497.232    31.7754    127.291    7.38894     4.0770     4.0849    25.2144   13.21206 3.7976e-02    128.532 0.0000e+00
        913  86.630938    0.06333     3.8000    228.000  1025.8153  51497.524    31.7755    127.487    7.38890     4.0772     4.0851    25.2145   13.21199 3.7976e-02    128.730 0.0000e+00
        914  86.630940    0.06340     3.8042    228.250  1025.8163  51497.796    31.7757    127.682    7.38885     4.0774     4.0854    25.2146   13.21191 3.7976e-02    128.927 0.0000e+00
        915  86.630943    0.06347     3.8083    228.500  1025.8172  51498.019    31.7758    127.876    7.38880     4.0777     4.0856    25.2147   13.21183 3.7976e-02    129.123 0.0000e+00
        916  86.630946    0.06354     3.8125    228.750  1025.8182  51498.228    31.7759    128.066    7.38875     4.0779     4.0859    25.2147   13.21175 3.7976e-02    129.315 0.0000e+00
        917  86.630949    0.06361     3.8167    229.000  1025.8191  51498.434    31.7760    128.254    7.38871     4.0782     4.0861    25.2148   13.21166 3.7976e-02    129.505 0.0000e+00
        918  86.630952    0.06368     3.8208    229.250  1025.8201  51498.626    31.7761    128.440    7.38866     4.0784     4.0864    25.2148   13.21158 3.7976e-02    129.693 0.0000e+00
        919  86.630955    0.06375     3.8250    229.500  1025.8210  51498.756    31.7762    128.627    7.38860     4.0787     4.0866    25.2149   13.21149 3.7976e-02    129.882 0.0000e+00
        920  86.630958    0.06382     3.8292    229.750  1025.8218  51498.756    31.7761    128.816    7.38855     4.0789     4.0869    25.2148   13.21141 3.7976e-02    130.073 0.0000e+00
        921  86.630961    0.06389     3.8333    230.000  1025.8226  51498.717    31.7761    129.007    7.38850     4.0791     4.0872    25.2148   13.21133 3.7976e-02    130.266 0.0000e+00
        922  86.630964    0.06396     3.8375    230.250  1025.8235  51498.735    31.7760    129.199    7.38846     4.0793     4.0874    25.2147   13.21127 3.7976e-02    130.460 0.0000e+00
        923  86.630966    0.06403     3.8417    230.500  1025.8243  51498.737    31.7760    129.393    7.38843     4.0794     4.0876    25.2146   13.21121 3.7976e-02    130.655 0.0000e+00
        924  86.630969    0.06410     3.8458    230.750  1025.8252  51498.709    31.7759    129.588    7.38840     4.0796     4.0878    25.2146   13.21117 3.7976e-02    130.852 0.0000e+00
        925  86.630972    0.06417     3.8500    231.000  1025.8261  51498.783    31.7759    129.784    7.38838     4.0797     4.0879    25.2145   13.21112 3.7976e-02    131.051 0.0000e+00
        926  86.630975    0.06424     3.8542    231.250  1025.8271  51499.073    31.7760    129.983    7.38835     4.0799     4.0881    25.2146   13.21107 3.7976e-02    131.252 0.0000e+00
        927  86.630978    0.06431     3.8583    231.500  1025.8282  51499.593    31.7763    130.184    7.38831     4.0802     4.0882    25.2149   13.21100 3.7976e-02    131.454 0.0000e+00
        928  86.630981    0.06438     3.8625    231.750  1025.8294  51500.160    31.7767    130.383    7.38825     4.0805     4.0885    25.2151   13.21091 3.7976e-02    131.655 0.0000e+00
        929  86.630984    0.06444     3.8667    232.000  1025.8306  51500.651    31.7770    130.579    7.38818     4.0810     4.0888    25.2153   13.21079 3.7976e-02    131.853 0.0000e+00
        930  86.630987    0.06451     3.8708    232.250  1025.8318  51501.220    31.7774    130.772    7.38809     4.0816     4.0891    25.2156   13.21064 3.7976e-02    132.048 0.0000e+00
        931  86.630990    0.06458     3.8750    232.500  1025.8329  51501.726    31.7777    130.962    7.38798     4.0822     4.0896    25.2158   13.21045 3.7976e-02    132.240 0.0000e+00
        932  86.630992    0.06465     3.8792    232.750  1025.8338  51501.876    31.7779    131.148    7.38787     4.0828     4.0902    25.2159   13.21026 3.7976e-02    132.429 0.0000e+00
        933  86.630995    0.06472     3.8833    233.000  1025.8347  51501.810    31.7779    131.335    7.38776     4.0833     4.0908    25.2158   13.21008 3.7976e-02    132.617 0.0000e+00
        934  86.630998    0.06479     3.8875    233.250  1025.8355  51501.732    31.7779    131.525    7.38766     4.0837     4.0914    25.2158   13.20991 3.7976e-02    132.809 0.0000e+00
        935  86.631001    0.06486     3.8917    233.500  1025.8363  51501.696    31.7779    131.718    7.38757     4.0841     4.0919    25.2157   13.20976 3.7976e-02    133.004 0.0000e+00
        936  86.631004    0.06493     3.8958    233.750  1025.8372  51501.728    31.7779    131.915    7.38749     4.0844     4.0924    25.2157   13.20962 3.7976e-02    133.202 0.0000e+00
