CTD-processing/allCTD/CNV--homogene/2018_06-25_t4_s01_cast142.cnv
* Sea-Bird SBE19plus Data File:
* FileName = C:\Users\Kim.Powell\Desktop\Not Processed\2018\2018_06-XX\2018_06-XX_TRANSECT_STATION_cast142.hex
* Software Version 1.59
* Temperature SN =  5028
* Conductivity SN =  5028
* System UpLoad Time = Jul 05 2018 09:59:38
** 2018_06-25
** Station: 4-01
** Start Time: 14:33
** Depth (m): 20
** Comment:
** Comment:
# nquan = 17
# nvalues = 495                         
# units = specified
# name 0 = scan: Scan Count
# name 1 = timeJ: Julian Days
# name 2 = timeH: Time, Elapsed [hours]
# name 3 = timeM: Time, Elapsed [minutes]
# name 4 = timeS: Time, Elapsed [seconds]
# name 5 = density00: Density [density, kg/m^3]
# name 6 = specc: Specific Conductance [uS/cm]
# name 7 = sal00: Salinity, Practical [PSU]
# name 8 = depSM: Depth [salt water, m], lat = 59.00
# name 9 = oxsolML/L: Oxygen Saturation, Garcia & Gordon [ml/l]
# name 10 = potemp090C: Potential Temperature [ITS-90, deg C]
# name 11 = tv290C: Temperature [ITS-90, deg C]
# name 12 = sigma-é00: Density [sigma-theta, kg/m^3]
# name 13 = n2satML/L: Nitrogen Saturation [ml/l]
# name 14 = par: PAR/Irradiance, Biospherical/Licor
# name 15 = prdM: Pressure, Strain Gauge [db]
# name 16 = flag:  0.000e+00
# span 0 =          1,        495       
# span 1 = 176.606007, 176.607436       
# span 2 =    0.00000,    0.03431       
# span 3 =     0.0000,     2.0583       
# span 4 =      0.000,    123.500       
# span 5 =  1024.3413,  1024.7135       
# span 6 =  49582.154,  50096.081       
# span 7 =    31.3643,    31.6979       
# span 8 =      0.537,     19.138       
# span 9 =    6.66767,    6.73356       
# span 10 =     8.0792,     8.5252      
# span 11 =     8.0811,     8.5588      
# span 12 =    24.3389,    24.6278      
# span 13 =   12.02228,   12.13097      
# span 14 = 7.0305e+00, 1.5930e+02      
# span 15 =      0.542,     19.319      
# span 16 = 0.0000e+00, 0.0000e+00      
# interval = seconds: 0.25
# start_time = Jun 25 2018 14:32:39 [Instrument's time stamp, header]
# bad_flag = -9.990e-29
*END*
[from data line 256]
        257 176.606748    0.01778     1.0667     64.000  1024.4875  49834.079    31.5060      0.761    6.70221     8.3262     8.3263    24.4840   12.08074 1.4089e+02      0.769 0.0000e+00
        258 176.606751    0.01785     1.0708     64.250  1024.4874  49833.699    31.5057      0.769    6.70221     8.3261     8.3263    24.4838   12.08074 1.4189e+02      0.776 0.0000e+00
        259 176.606753    0.01792     1.0750     64.500  1024.4873  49833.594    31.5057      0.775    6.70222     8.3260     8.3263    24.4838   12.08075 1.4223e+02      0.782 0.0000e+00
        260 176.606756    0.01799     1.0792     64.750  1024.4875  49833.811    31.5058      0.777    6.70223     8.3258     8.3262    24.4839   12.08077 1.4185e+02      0.784 0.0000e+00
        261 176.606759    0.01806     1.0833     65.000  1024.4877  49834.306    31.5061      0.774    6.70224     8.3258     8.3260    24.4842   12.08078 1.4175e+02      0.781 0.0000e+00
        262 176.606762    0.01812     1.0875     65.250  1024.4880  49834.940    31.5066      0.767    6.70224     8.3259     8.3259    24.4845   12.08078 1.4193e+02      0.774 0.0000e+00
        263 176.606765    0.01819     1.0917     65.500  1024.4883  49835.528    31.5070      0.760    6.70222     8.3260     8.3259    24.4848   12.08075 1.4184e+02      0.767 0.0000e+00
        264 176.606768    0.01826     1.0958     65.750  1024.4886  49835.958    31.5073      0.757    6.70220     8.3262     8.3259    24.4851   12.08071 1.4161e+02      0.764 0.0000e+00
        265 176.606771    0.01833     1.1000     66.000  1024.4887  49836.275    31.5075      0.759    6.70216     8.3263     8.3261    24.4852   12.08065 1.4147e+02      0.766 0.0000e+00
        266 176.606774    0.01840     1.1042     66.250  1024.4890  49836.691    31.5079      0.765    6.70212     8.3263     8.3263    24.4855   12.08058 1.4143e+02      0.772 0.0000e+00
        267 176.606777    0.01847     1.1083     66.500  1024.4895  49837.467    31.5084      0.772    6.70208     8.3263     8.3264    24.4859   12.08050 1.4191e+02      0.779 0.0000e+00
        268 176.606780    0.01854     1.1125     66.750  1024.4901  49838.539    31.5092      0.778    6.70204     8.3262     8.3264    24.4865   12.08043 1.4334e+02      0.785 0.0000e+00
        269 176.606782    0.01861     1.1167     67.000  1024.4905  49839.397    31.5098      0.778    6.70203     8.3261     8.3264    24.4869   12.08040 1.4460e+02      0.786 0.0000e+00
        270 176.606785    0.01868     1.1208     67.250  1024.4906  49839.583    31.5099      0.775    6.70204     8.3260     8.3262    24.4870   12.08042 1.4442e+02      0.782 0.0000e+00
        271 176.606788    0.01875     1.1250     67.500  1024.4904  49839.175    31.5096      0.769    6.70207     8.3260     8.3261    24.4868   12.08047 1.4333e+02      0.776 0.0000e+00
        272 176.606791    0.01882     1.1292     67.750  1024.4900  49838.560    31.5091      0.764    6.70209     8.3261     8.3261    24.4865   12.08051 1.4214e+02      0.771 0.0000e+00
        273 176.606794    0.01889     1.1333     68.000  1024.4897  49837.926    31.5087      0.763    6.70211     8.3261     8.3261    24.4861   12.08055 1.4143e+02      0.770 0.0000e+00
        274 176.606797    0.01896     1.1375     68.250  1024.4893  49837.313    31.5083      0.765    6.70212     8.3260     8.3261    24.4858   12.08058 1.4124e+02      0.773 0.0000e+00
        275 176.606800    0.01903     1.1417     68.500  1024.4891  49836.877    31.5079      0.769    6.70214     8.3260     8.3261    24.4856   12.08060 1.4089e+02      0.777 0.0000e+00
        276 176.606803    0.01910     1.1458     68.750  1024.4891  49836.795    31.5079      0.771    6.70214     8.3260     8.3261    24.4855   12.08061 1.4051e+02      0.779 0.0000e+00
        277 176.606806    0.01917     1.1500     69.000  1024.4892  49837.051    31.5081      0.771    6.70214     8.3259     8.3261    24.4856   12.08061 1.4049e+02      0.778 0.0000e+00
        278 176.606808    0.01924     1.1542     69.250  1024.4894  49837.403    31.5083      0.768    6.70214     8.3259     8.3260    24.4858   12.08060 1.4054e+02      0.775 0.0000e+00
        279 176.606811    0.01931     1.1583     69.500  1024.4895  49837.568    31.5084      0.764    6.70214     8.3259     8.3260    24.4859   12.08059 1.4016e+02      0.771 0.0000e+00
        280 176.606814    0.01938     1.1625     69.750  1024.4894  49837.468    31.5083      0.761    6.70214     8.3259     8.3260    24.4859   12.08060 1.3931e+02      0.768 0.0000e+00
        281 176.606817    0.01944     1.1667     70.000  1024.4893  49837.244    31.5082      0.760    6.70215     8.3259     8.3260    24.4858   12.08061 1.3863e+02      0.767 0.0000e+00
        282 176.606820    0.01951     1.1708     70.250  1024.4892  49837.064    31.5080      0.761    6.70215     8.3259     8.3260    24.4857   12.08062 1.3842e+02      0.768 0.0000e+00
        283 176.606823    0.01958     1.1750     70.500  1024.4892  49837.002    31.5080      0.762    6.70216     8.3258     8.3260    24.4857   12.08063 1.3850e+02      0.769 0.0000e+00
        284 176.606826    0.01965     1.1792     70.750  1024.4892  49837.112    31.5081      0.763    6.70216     8.3256     8.3260    24.4857   12.08063 1.3875e+02      0.770 0.0000e+00
        285 176.606829    0.01972     1.1833     71.000  1024.4893  49837.351    31.5082      0.764    6.70217     8.3254     8.3259    24.4858   12.08065 1.3904e+02      0.771 0.0000e+00
        286 176.606832    0.01979     1.1875     71.250  1024.4895  49837.599    31.5084      0.766    6.70219     8.3251     8.3257    24.4859   12.08068 1.3928e+02      0.773 0.0000e+00
        287 176.606834    0.01986     1.1917     71.500  1024.4896  49837.893    31.5085      0.768    6.70222     8.3249     8.3254    24.4861   12.08073 1.3945e+02      0.775 0.0000e+00
        288 176.606837    0.01993     1.1958     71.750  1024.4899  49838.249    31.5088      0.770    6.70225     8.3247     8.3252    24.4863   12.08078 1.3942e+02      0.777 0.0000e+00
        289 176.606840    0.02000     1.2000     72.000  1024.4901  49838.570    31.5090      0.773    6.70227     8.3246     8.3250    24.4865   12.08081 1.3928e+02      0.780 0.0000e+00
        290 176.606843    0.02007     1.2042     72.250  1024.4903  49838.867    31.5092      0.775    6.70229     8.3245     8.3248    24.4867   12.08083 1.3943e+02      0.782 0.0000e+00
        291 176.606846    0.02014     1.2083     72.500  1024.4905  49839.200    31.5094      0.776    6.70230     8.3245     8.3247    24.4869   12.08085 1.4026e+02      0.784 0.0000e+00
        292 176.606849    0.02021     1.2125     72.750  1024.4907  49839.557    31.5096      0.776    6.70230     8.3245     8.3246    24.4871   12.08085 1.4125e+02      0.784 0.0000e+00
        293 176.606852    0.02028     1.2167     73.000  1024.4908  49839.848    31.5098      0.775    6.70230     8.3244     8.3245    24.4872   12.08085 1.4152e+02      0.782 0.0000e+00
        294 176.606855    0.02035     1.2208     73.250  1024.4908  49839.979    31.5099      0.772    6.70230     8.3244     8.3245    24.4873   12.08085 1.4123e+02      0.780 0.0000e+00
        295 176.606858    0.02042     1.2250     73.500  1024.4908  49839.972    31.5099      0.769    6.70230     8.3244     8.3245    24.4873   12.08086 1.4085e+02      0.777 0.0000e+00
        296 176.606861    0.02049     1.2292     73.750  1024.4908  49839.908    31.5098      0.767    6.70231     8.3244     8.3245    24.4873   12.08086 1.4071e+02      0.774 0.0000e+00
        297 176.606863    0.02056     1.2333     74.000  1024.4908  49839.886    31.5098      0.766    6.70231     8.3244     8.3245    24.4873   12.08086 1.4062e+02      0.773 0.0000e+00
        298 176.606866    0.02063     1.2375     74.250  1024.4908  49839.943    31.5099      0.768    6.70230     8.3245     8.3245    24.4873   12.08086 1.4003e+02      0.775 0.0000e+00
        299 176.606869    0.02069     1.2417     74.500  1024.4909  49840.045    31.5099      0.771    6.70230     8.3245     8.3245    24.4873   12.08084 1.3956e+02      0.778 0.0000e+00
        300 176.606872    0.02076     1.2458     74.750  1024.4910  49840.166    31.5100      0.774    6.70229     8.3246     8.3246    24.4874   12.08083 1.3983e+02      0.781 0.0000e+00
        301 176.606875    0.02083     1.2500     75.000  1024.4911  49840.307    31.5101      0.774    6.70228     8.3248     8.3246    24.4875   12.08080 1.4016e+02      0.781 0.0000e+00
        302 176.606878    0.02090     1.2542     75.250  1024.4911  49840.422    31.5102      0.769    6.70226     8.3250     8.3247    24.4875   12.08077 1.4005e+02      0.777 0.0000e+00
        303 176.606881    0.02097     1.2583     75.500  1024.4910  49840.364    31.5102      0.762    6.70223     8.3252     8.3249    24.4875   12.08073 1.3973e+02      0.769 0.0000e+00
        304 176.606884    0.02104     1.2625     75.750  1024.4909  49840.101    31.5101      0.755    6.70221     8.3254     8.3251    24.4874   12.08069 1.3930e+02      0.762 0.0000e+00
        305 176.606887    0.02111     1.2667     76.000  1024.4907  49839.798    31.5099      0.754    6.70218     8.3255     8.3253    24.4872   12.08065 1.3881e+02      0.761 0.0000e+00
        306 176.606889    0.02118     1.2708     76.250  1024.4906  49839.605    31.5098      0.759    6.70216     8.3254     8.3255    24.4871   12.08062 1.3844e+02      0.766 0.0000e+00
        307 176.606892    0.02125     1.2750     76.500  1024.4906  49839.654    31.5098      0.770    6.70214     8.3253     8.3256    24.4871   12.08059 1.3831e+02      0.777 0.0000e+00
        308 176.606895    0.02132     1.2792     76.750  1024.4909  49840.083    31.5101      0.782    6.70214     8.3252     8.3255    24.4874   12.08058 1.3884e+02      0.789 0.0000e+00
        309 176.606898    0.02139     1.2833     77.000  1024.4913  49840.689    31.5105      0.790    6.70214     8.3252     8.3254    24.4877   12.08057 1.4029e+02      0.797 0.0000e+00
        310 176.606901    0.02146     1.2875     77.250  1024.4915  49840.952    31.5107      0.789    6.70214     8.3253     8.3253    24.4878   12.08058 1.4188e+02      0.797 0.0000e+00
        311 176.606904    0.02153     1.2917     77.500  1024.4913  49840.715    31.5105      0.782    6.70216     8.3254     8.3253    24.4877   12.08060 1.4223e+02      0.789 0.0000e+00
        312 176.606907    0.02160     1.2958     77.750  1024.4910  49840.218    31.5102      0.771    6.70216     8.3255     8.3254    24.4874   12.08061 1.4140e+02      0.778 0.0000e+00
        313 176.606910    0.02167     1.3000     78.000  1024.4906  49839.664    31.5098      0.762    6.70216     8.3256     8.3255    24.4871   12.08062 1.4091e+02      0.769 0.0000e+00
        314 176.606913    0.02174     1.3042     78.250  1024.4903  49839.129    31.5095      0.758    6.70216     8.3257     8.3256    24.4868   12.08061 1.4054e+02      0.766 0.0000e+00
        315 176.606916    0.02181     1.3083     78.500  1024.4901  49838.670    31.5092      0.760    6.70215     8.3258     8.3257    24.4866   12.08061 1.3931e+02      0.768 0.0000e+00
        316 176.606918    0.02187     1.3125     78.750  1024.4900  49838.389    31.5090      0.765    6.70215     8.3257     8.3258    24.4864   12.08060 1.3860e+02      0.773 0.0000e+00
        317 176.606921    0.02194     1.3167     79.000  1024.4899  49838.317    31.5089      0.770    6.70215     8.3257     8.3258    24.4864   12.08060 1.3912e+02      0.778 0.0000e+00
        318 176.606924    0.02201     1.3208     79.250  1024.4900  49838.467    31.5090      0.773    6.70215     8.3256     8.3258    24.4864   12.08060 1.3945e+02      0.781 0.0000e+00
        319 176.606927    0.02208     1.3250     79.500  1024.4903  49838.901    31.5093      0.775    6.70214     8.3256     8.3258    24.4867   12.08059 1.3976e+02      0.782 0.0000e+00
        320 176.606930    0.02215     1.3292     79.750  1024.4907  49839.619    31.5098      0.775    6.70213     8.3256     8.3257    24.4871   12.08056 1.4055e+02      0.782 0.0000e+00
        321 176.606933    0.02222     1.3333     80.000  1024.4912  49840.541    31.5104      0.774    6.70210     8.3257     8.3257    24.4876   12.08051 1.4090e+02      0.781 0.0000e+00
        322 176.606936    0.02229     1.3375     80.250  1024.4917  49841.533    31.5111      0.771    6.70207     8.3258     8.3257    24.4882   12.08044 1.4056e+02      0.778 0.0000e+00
        323 176.606939    0.02236     1.3417     80.500  1024.4921  49842.297    31.5117      0.767    6.70203     8.3259     8.3258    24.4886   12.08038 1.4045e+02      0.774 0.0000e+00
        324 176.606942    0.02243     1.3458     80.750  1024.4922  49842.537    31.5119      0.762    6.70201     8.3259     8.3259    24.4887   12.08034 1.4061e+02      0.769 0.0000e+00
        325 176.606944    0.02250     1.3500     81.000  1024.4921  49842.422    31.5118      0.758    6.70200     8.3259     8.3260    24.4886   12.08033 1.4040e+02      0.765 0.0000e+00
        326 176.606947    0.02257     1.3542     81.250  1024.4921  49842.387    31.5118      0.758    6.70199     8.3259     8.3260    24.4886   12.08032 1.4064e+02      0.765 0.0000e+00
        327 176.606950    0.02264     1.3583     81.500  1024.4923  49842.646    31.5120      0.762    6.70199     8.3258     8.3260    24.4888   12.08030 1.4167e+02      0.769 0.0000e+00
        328 176.606953    0.02271     1.3625     81.750  1024.4926  49843.167    31.5123      0.768    6.70198     8.3257     8.3259    24.4890   12.08029 1.4207e+02      0.776 0.0000e+00
        329 176.606956    0.02278     1.3667     82.000  1024.4930  49843.832    31.5128      0.775    6.70197     8.3256     8.3258    24.4894   12.08027 1.4174e+02      0.783 0.0000e+00
        330 176.606959    0.02285     1.3708     82.250  1024.4933  49844.385    31.5132      0.779    6.70198     8.3256     8.3257    24.4897   12.08027 1.4184e+02      0.786 0.0000e+00
        331 176.606962    0.02292     1.3750     82.500  1024.4933  49844.453    31.5132      0.779    6.70199     8.3257     8.3256    24.4897   12.08028 1.4239e+02      0.786 0.0000e+00
        332 176.606965    0.02299     1.3792     82.750  1024.4931  49844.004    31.5129      0.774    6.70200     8.3259     8.3257    24.4895   12.08031 1.4318e+02      0.781 0.0000e+00
        333 176.606968    0.02306     1.3833     83.000  1024.4927  49843.258    31.5124      0.768    6.70201     8.3260     8.3258    24.4891   12.08033 1.4433e+02      0.775 0.0000e+00
        334 176.606970    0.02313     1.3875     83.250  1024.4921  49842.341    31.5118      0.761    6.70201     8.3262     8.3259    24.4886   12.08034 1.4478e+02      0.768 0.0000e+00
        335 176.606973    0.02319     1.3917     83.500  1024.4916  49841.491    31.5112      0.757    6.70201     8.3262     8.3261    24.4881   12.08034 1.4390e+02      0.764 0.0000e+00
        336 176.606976    0.02326     1.3958     83.750  1024.4913  49840.983    31.5109      0.756    6.70200     8.3262     8.3262    24.4878   12.08034 1.4314e+02      0.763 0.0000e+00
        337 176.606979    0.02333     1.4000     84.000  1024.4913  49840.846    31.5108      0.759    6.70200     8.3261     8.3262    24.4877   12.08034 1.4316e+02      0.766 0.0000e+00
        338 176.606982    0.02340     1.4042     84.250  1024.4913  49840.924    31.5108      0.766    6.70200     8.3261     8.3262    24.4878   12.08034 1.4349e+02      0.773 0.0000e+00
        339 176.606985    0.02347     1.4083     84.500  1024.4915  49841.101    31.5109      0.775    6.70200     8.3260     8.3262    24.4879   12.08034 1.4431e+02      0.782 0.0000e+00
        340 176.606988    0.02354     1.4125     84.750  1024.4916  49841.339    31.5111      0.782    6.70200     8.3260     8.3262    24.4880   12.08034 1.4533e+02      0.790 0.0000e+00
