CTD-processing/allCTD/CNV--homogene/2018_05-24_t9_s04_cast098.cnv
* Sea-Bird SBE19plus Data File:
* FileName = C:\Users\Kim.Powell\Desktop\Not Processed\2018\2018_05-24_AlongBay, T9_5028\2018_05-24_TRANSECT_STATION_cast098.hex
* Software Version 1.59
* Temperature SN =  5028
* Conductivity SN =  5028
* System UpLoad Time = May 25 2018 13:35:36
** 2018_05-24
** Station: 9-04
** Start Time: 14:35
** Depth (m): 95
** Comment:
** Comment:
# nquan = 17
# nvalues = 685                         
# units = specified
# name 0 = scan: Scan Count
# name 1 = timeJ: Julian Days
# name 2 = timeH: Time, Elapsed [hours]
# name 3 = timeM: Time, Elapsed [minutes]
# name 4 = timeS: Time, Elapsed [seconds]
# name 5 = density00: Density [density, kg/m^3]
# name 6 = specc: Specific Conductance [uS/cm]
# name 7 = sal00: Salinity, Practical [PSU]
# name 8 = depSM: Depth [salt water, m], lat = 59.00
# name 9 = oxsolML/L: Oxygen Saturation, Garcia & Gordon [ml/l]
# name 10 = potemp090C: Potential Temperature [ITS-90, deg C]
# name 11 = tv290C: Temperature [ITS-90, deg C]
# name 12 = sigma-é00: Density [sigma-theta, kg/m^3]
# name 13 = n2satML/L: Nitrogen Saturation [ml/l]
# name 14 = par: PAR/Irradiance, Biospherical/Licor
# name 15 = prdM: Pressure, Strain Gauge [db]
# name 16 = flag:  0.000e+00
# span 0 =          1,        685       
# span 1 = 144.607558, 144.609537       
# span 2 =    0.00000,    0.04750       
# span 3 =     0.0000,     2.8500       
# span 4 =      0.000,    171.000       
# span 5 =  1004.9369,  1025.5680       
# span 6 =  10638.947,  51144.643       
# span 7 =     6.3924,    31.8862       
# span 8 =     -0.072,     91.105       
# span 9 =    6.82469,    8.18496       
# span 10 =     5.5763,     7.7861      
# span 11 =     5.5833,     7.7862      
# span 12 =     4.9372,    25.1428      
# span 13 =   12.29453,   14.90276      
# span 14 = 4.3320e-02, 1.0635e+03      
# span 15 =     -0.072,     91.985      
# span 16 = 0.0000e+00, 0.0000e+00      
# interval = seconds: 0.25
# start_time = May 24 2018 14:34:53 [Instrument's time stamp, header]
# bad_flag = -9.990e-29
*END*
[from data line 171]
        172 144.608053    0.01188     0.7125     42.750  1023.8516  48646.970    30.5721      1.037    6.84756     7.6617     7.6493    23.8468   12.33279 2.1012e+02      1.047 0.0000e+00
        173 144.608056    0.01194     0.7167     43.000  1023.8432  48631.694    30.5628      1.037    6.84659     7.6617     7.6581    23.8384   12.33130 2.1055e+02      1.047 0.0000e+00
        174 144.608058    0.01201     0.7208     43.250  1023.8413  48628.465    30.5612      1.027    6.84607     7.6610     7.6618    23.8366   12.33047 2.1044e+02      1.037 0.0000e+00
        175 144.608061    0.01208     0.7250     43.500  1023.8457  48636.574    30.5668      1.012    6.84583     7.6628     7.6618    23.8410   12.32999 2.0948e+02      1.022 0.0000e+00
        176 144.608064    0.01215     0.7292     43.750  1023.8527  48649.456    30.5757      1.001    6.84553     7.6683     7.6611    23.8480   12.32939 2.0881e+02      1.011 0.0000e+00
        177 144.608067    0.01222     0.7333     44.000  1023.8579  48659.126    30.5827      1.000    6.84494     7.6761     7.6629    23.8533   12.32832 2.0801e+02      1.010 0.0000e+00
        178 144.608070    0.01229     0.7375     44.250  1023.8583  48659.887    30.5841      1.010    6.84403     7.6838     7.6684    23.8536   12.32680 2.0539e+02      1.020 0.0000e+00
        179 144.608073    0.01236     0.7417     44.500  1023.8525  48649.424    30.5780      1.024    6.84307     7.6894     7.6762    23.8478   12.32530 2.0177e+02      1.034 0.0000e+00
        180 144.608076    0.01243     0.7458     44.750  1023.8427  48631.557    30.5668      1.034    6.84237     7.6916     7.6839    23.8380   12.32427 1.9903e+02      1.044 0.0000e+00
        181 144.608079    0.01250     0.7500     45.000  1023.8337  48615.149    30.5563      1.036    6.84197     7.6904     7.6895    23.8289   12.32373 1.9736e+02      1.046 0.0000e+00
        182 144.608082    0.01257     0.7542     45.250  1023.8296  48607.638    30.5514      1.031    6.84183     7.6872     7.6917    23.8248   12.32357 1.9601e+02      1.041 0.0000e+00
        183 144.608084    0.01264     0.7583     45.500  1023.8317  48611.507    30.5539      1.021    6.84191     7.6846     7.6905    23.8269   12.32367 1.9495e+02      1.031 0.0000e+00
        184 144.608087    0.01271     0.7625     45.750  1023.8379  48622.813    30.5613      1.014    6.84208     7.6837     7.6873    23.8331   12.32385 1.9441e+02      1.023 0.0000e+00
        185 144.608090    0.01278     0.7667     46.000  1023.8438  48633.601    30.5684      1.011    6.84218     7.6844     7.6846    23.8391   12.32393 1.9366e+02      1.020 0.0000e+00
        186 144.608093    0.01285     0.7708     46.250  1023.8463  48638.185    30.5714      1.013    6.84218     7.6859     7.6838    23.8416   12.32390 1.9243e+02      1.023 0.0000e+00
        187 144.608096    0.01292     0.7750     46.500  1023.8449  48635.572    30.5697      1.018    6.84214     7.6874     7.6845    23.8402   12.32385 1.9230e+02      1.028 0.0000e+00
        188 144.608099    0.01299     0.7792     46.750  1023.8409  48628.233    30.5648      1.023    6.84213     7.6886     7.6860    23.8361   12.32389 1.9391e+02      1.032 0.0000e+00
        189 144.608102    0.01306     0.7833     47.000  1023.8363  48619.937    30.5593      1.026    6.84214     7.6889     7.6875    23.8316   12.32398 1.9548e+02      1.035 0.0000e+00
        190 144.608105    0.01313     0.7875     47.250  1023.8326  48613.162    30.5548      1.026    6.84217     7.6883     7.6886    23.8278   12.32408 1.9594e+02      1.035 0.0000e+00
        191 144.608108    0.01319     0.7917     47.500  1023.8302  48608.832    30.5518      1.023    6.84224     7.6868     7.6890    23.8255   12.32424 1.9631e+02      1.033 0.0000e+00
        192 144.608111    0.01326     0.7958     47.750  1023.8294  48607.357    30.5507      1.020    6.84239     7.6853     7.6884    23.8247   12.32451 1.9756e+02      1.030 0.0000e+00
        193 144.608113    0.01333     0.8000     48.000  1023.8299  48608.321    30.5511      1.016    6.84260     7.6843     7.6869    23.8252   12.32485 1.9928e+02      1.026 0.0000e+00
        194 144.608116    0.01340     0.8042     48.250  1023.8311  48610.512    30.5524      1.015    6.84278     7.6840     7.6854    23.8265   12.32513 2.0082e+02      1.024 0.0000e+00
        195 144.608119    0.01347     0.8083     48.500  1023.8324  48612.699    30.5538      1.015    6.84287     7.6843     7.6844    23.8277   12.32526 2.0176e+02      1.025 0.0000e+00
        196 144.608122    0.01354     0.8125     48.750  1023.8331  48613.990    30.5546      1.019    6.84288     7.6847     7.6841    23.8284   12.32526 2.0190e+02      1.028 0.0000e+00
        197 144.608125    0.01361     0.8167     49.000  1023.8330  48613.870    30.5546      1.024    6.84284     7.6847     7.6844    23.8283   12.32520 2.0231e+02      1.034 0.0000e+00
        198 144.608128    0.01368     0.8208     49.250  1023.8321  48612.179    30.5535      1.030    6.84283     7.6839     7.6848    23.8273   12.32519 2.0396e+02      1.040 0.0000e+00
        199 144.608131    0.01375     0.8250     49.500  1023.8307  48609.509    30.5516      1.034    6.84290     7.6817     7.6848    23.8259   12.32534 2.0557e+02      1.044 0.0000e+00
        200 144.608134    0.01382     0.8292     49.750  1023.8296  48607.506    30.5501      1.035    6.84310     7.6780     7.6840    23.8248   12.32569 2.0576e+02      1.045 0.0000e+00
        201 144.608137    0.01389     0.8333     50.000  1023.8300  48608.184    30.5502      1.031    6.84344     7.6730     7.6818    23.8252   12.32624 2.0546e+02      1.041 0.0000e+00
        202 144.608139    0.01396     0.8375     50.250  1023.8327  48613.029    30.5530      1.025    6.84390     7.6678     7.6781    23.8279   12.32697 2.0586e+02      1.035 0.0000e+00
        203 144.608142    0.01403     0.8417     50.500  1023.8376  48621.975    30.5584      1.018    6.84444     7.6633     7.6731    23.8329   12.32779 2.0685e+02      1.027 0.0000e+00
        204 144.608145    0.01410     0.8458     50.750  1023.8435  48632.787    30.5651      1.013    6.84495     7.6599     7.6679    23.8389   12.32856 2.0830e+02      1.022 0.0000e+00
        205 144.608148    0.01417     0.8500     51.000  1023.8489  48642.532    30.5712      1.011    6.84538     7.6576     7.6634    23.8442   12.32919 2.0985e+02      1.021 0.0000e+00
        206 144.608151    0.01424     0.8542     51.250  1023.8528  48649.544    30.5756      1.013    6.84571     7.6561     7.6600    23.8481   12.32969 2.1107e+02      1.023 0.0000e+00
        207 144.608154    0.01431     0.8583     51.500  1023.8551  48653.673    30.5781      1.018    6.84597     7.6552     7.6577    23.8504   12.33008 2.1180e+02      1.028 0.0000e+00
        208 144.608157    0.01438     0.8625     51.750  1023.8561  48655.490    30.5791      1.024    6.84615     7.6548     7.6562    23.8514   12.33038 2.1195e+02      1.033 0.0000e+00
        209 144.608160    0.01444     0.8667     52.000  1023.8562  48655.564    30.5790      1.029    6.84629     7.6545     7.6553    23.8515   12.33061 2.1197e+02      1.038 0.0000e+00
        210 144.608163    0.01451     0.8708     52.250  1023.8555  48654.231    30.5780      1.033    6.84641     7.6542     7.6549    23.8507   12.33082 2.1207e+02      1.042 0.0000e+00
        211 144.608166    0.01458     0.8750     52.500  1023.8543  48651.999    30.5764      1.033    6.84653     7.6536     7.6546    23.8495   12.33103 2.1171e+02      1.043 0.0000e+00
        212 144.608168    0.01465     0.8792     52.750  1023.8532  48649.990    30.5749      1.030    6.84665     7.6527     7.6542    23.8484   12.33125 2.1045e+02      1.040 0.0000e+00
        213 144.608171    0.01472     0.8833     53.000  1023.8529  48649.537    30.5745      1.025    6.84675     7.6518     7.6536    23.8482   12.33143 2.0919e+02      1.035 0.0000e+00
        214 144.608174    0.01479     0.8875     53.250  1023.8540  48651.456    30.5757      1.018    6.84684     7.6515     7.6527    23.8492   12.33155 2.0930e+02      1.028 0.0000e+00
        215 144.608177    0.01486     0.8917     53.500  1023.8560  48655.199    30.5782      1.015    6.84687     7.6524     7.6518    23.8513   12.33158 2.1047e+02      1.024 0.0000e+00
        216 144.608180    0.01493     0.8958     53.750  1023.8578  48658.541    30.5805      1.015    6.84681     7.6547     7.6516    23.8531   12.33146 2.1129e+02      1.025 0.0000e+00
        217 144.608183    0.01500     0.9000     54.000  1023.8580  48658.882    30.5809      1.019    6.84665     7.6576     7.6525    23.8533   12.33118 2.1107e+02      1.029 0.0000e+00
        218 144.608186    0.01507     0.9042     54.250  1023.8559  48655.070    30.5786      1.024    6.84639     7.6600     7.6548    23.8512   12.33078 2.0984e+02      1.034 0.0000e+00
        219 144.608189    0.01514     0.9083     54.500  1023.8524  48648.662    30.5746      1.028    6.84612     7.6613     7.6577    23.8476   12.33037 2.0819e+02      1.037 0.0000e+00
        220 144.608192    0.01521     0.9125     54.750  1023.8492  48642.798    30.5709      1.028    6.84591     7.6615     7.6601    23.8444   12.33007 2.0719e+02      1.038 0.0000e+00
        221 144.608194    0.01528     0.9167     55.000  1023.8473  48639.473    30.5688      1.025    6.84580     7.6611     7.6614    23.8426   12.32992 2.0754e+02      1.035 0.0000e+00
        222 144.608197    0.01535     0.9208     55.250  1023.8470  48639.007    30.5685      1.022    6.84578     7.6605     7.6616    23.8423   12.32989 2.0883e+02      1.032 0.0000e+00
        223 144.608200    0.01542     0.9250     55.500  1023.8479  48640.603    30.5695      1.021    6.84580     7.6600     7.6612    23.8432   12.32992 2.0966e+02      1.030 0.0000e+00
        224 144.608203    0.01549     0.9292     55.750  1023.8491  48642.712    30.5709      1.021    6.84583     7.6598     7.6606    23.8444   12.32995 2.0922e+02      1.031 0.0000e+00
        225 144.608206    0.01556     0.9333     56.000  1023.8499  48644.108    30.5718      1.024    6.84586     7.6595     7.6601    23.8451   12.32998 2.0826e+02      1.034 0.0000e+00
        226 144.608209    0.01563     0.9375     56.250  1023.8500  48644.368    30.5720      1.027    6.84590     7.6591     7.6599    23.8453   12.33004 2.0792e+02      1.037 0.0000e+00
        227 144.608212    0.01569     0.9417     56.500  1023.8497  48643.678    30.5714      1.029    6.84596     7.6585     7.6596    23.8449   12.33016 2.0843e+02      1.038 0.0000e+00
        228 144.608215    0.01576     0.9458     56.750  1023.8492  48642.811    30.5708      1.027    6.84606     7.6577     7.6592    23.8445   12.33032 2.0901e+02      1.036 0.0000e+00
        229 144.608218    0.01583     0.9500     57.000  1023.8491  48642.731    30.5706      1.022    6.84616     7.6571     7.6586    23.8444   12.33050 2.0856e+02      1.031 0.0000e+00
        230 144.608220    0.01590     0.9542     57.250  1023.8498  48644.026    30.5714      1.016    6.84625     7.6569     7.6578    23.8452   12.33063 2.0708e+02      1.025 0.0000e+00
        231 144.608223    0.01597     0.9583     57.500  1023.8512  48646.566    30.5730      1.012    6.84627     7.6574     7.6572    23.8466   12.33065 2.0561e+02      1.022 0.0000e+00
        232 144.608226    0.01604     0.9625     57.750  1023.8527  48649.251    30.5749      1.013    6.84622     7.6586     7.6570    23.8480   12.33054 2.0523e+02      1.023 0.0000e+00
        233 144.608229    0.01611     0.9667     58.000  1023.8533  48650.358    30.5757      1.019    6.84610     7.6601     7.6575    23.8486   12.33033 2.0597e+02      1.028 0.0000e+00
        234 144.608232    0.01618     0.9708     58.250  1023.8525  48648.814    30.5749      1.025    6.84595     7.6613     7.6587    23.8477   12.33009 2.0702e+02      1.035 0.0000e+00
        235 144.608235    0.01625     0.9750     58.500  1023.8506  48645.475    30.5728      1.029    6.84581     7.6618     7.6602    23.8459   12.32988 2.0777e+02      1.038 0.0000e+00
        236 144.608238    0.01632     0.9792     58.750  1023.8491  48642.713    30.5710      1.027    6.84570     7.6617     7.6614    23.8444   12.32973 2.0773e+02      1.037 0.0000e+00
        237 144.608241    0.01639     0.9833     59.000  1023.8491  48642.783    30.5712      1.021    6.84562     7.6617     7.6619    23.8444   12.32959 2.0707e+02      1.031 0.0000e+00
        238 144.608244    0.01646     0.9875     59.250  1023.8511  48646.532    30.5738      1.015    6.84551     7.6628     7.6618    23.8464   12.32939 2.0705e+02      1.025 0.0000e+00
        239 144.608247    0.01653     0.9917     59.500  1023.8546  48652.869    30.5782      1.013    6.84531     7.6657     7.6618    23.8499   12.32900 2.0838e+02      1.022 0.0000e+00
        240 144.608249    0.01660     0.9958     59.750  1023.8583  48659.761    30.5831      1.015    6.84492     7.6707     7.6629    23.8537   12.32830 2.0996e+02      1.024 0.0000e+00
        241 144.608252    0.01667     1.0000     60.000  1023.8617  48666.005    30.5879      1.020    6.84427     7.6782     7.6658    23.8570   12.32715 2.1051e+02      1.030 0.0000e+00
        242 144.608255    0.01674     1.0042     60.250  1023.8654  48672.813    30.5935      1.026    6.84324     7.6892     7.6708    23.8607   12.32538 2.1002e+02      1.035 0.0000e+00
        243 144.608258    0.01681     1.0083     60.500  1023.8718  48684.563    30.6028      1.029    6.84165     7.7044     7.6783    23.8670   12.32263 2.0933e+02      1.038 0.0000e+00
        244 144.608261    0.01688     1.0125     60.750  1023.8807  48701.268    30.6161      1.028    6.83933     7.7224     7.6893    23.8760   12.31863 2.0916e+02      1.037 0.0000e+00
        245 144.608264    0.01694     1.0167     61.000  1023.8865  48712.296    30.6262      1.023    6.83650     7.7394     7.7045    23.8818   12.31381 2.0952e+02      1.032 0.0000e+00
        246 144.608267    0.01701     1.0208     61.250  1023.8851  48710.152    30.6275      1.017    6.83364     7.7531     7.7225    23.8804   12.30906 2.0967e+02      1.026 0.0000e+00
        247 144.608270    0.01708     1.0250     61.500  1023.8793  48700.019    30.6231      1.012    6.83117     7.7631     7.7395    23.8746   12.30504 2.0926e+02      1.021 0.0000e+00
        248 144.608273    0.01715     1.0292     61.750  1023.8732  48689.191    30.6178      1.012    6.82927     7.7701     7.7532    23.8685   12.30197 2.0921e+02      1.021 0.0000e+00
        249 144.608275    0.01722     1.0333     62.000  1023.8682  48680.413    30.6132      1.015    6.82792     7.7747     7.7632    23.8635   12.29978 2.1020e+02      1.025 0.0000e+00
        250 144.608278    0.01729     1.0375     62.250  1023.8646  48673.944    30.6098      1.021    6.82699     7.7774     7.7702    23.8599   12.29828 2.1143e+02      1.030 0.0000e+00
        251 144.608281    0.01736     1.0417     62.500  1023.8621  48669.393    30.6074      1.026    6.82638     7.7789     7.7748    23.8574   12.29731 2.1221e+02      1.035 0.0000e+00
        252 144.608284    0.01743     1.0458     62.750  1023.8605  48666.544    30.6058      1.028    6.82602     7.7795     7.7775    23.8558   12.29674 2.1317e+02      1.038 0.0000e+00
        253 144.608287    0.01750     1.0500     63.000  1023.8598  48665.348    30.6052      1.026    6.82583     7.7799     7.7790    23.8551   12.29642 2.1515e+02      1.036 0.0000e+00
        254 144.608290    0.01757     1.0542     63.250  1023.8598  48665.327    30.6053      1.022    6.82573     7.7802     7.7796    23.8551   12.29625 2.1716e+02      1.032 0.0000e+00
        255 144.608293    0.01764     1.0583     63.500  1023.8601  48665.818    30.6057      1.018    6.82566     7.7807     7.7800    23.8553   12.29612 2.1753e+02      1.028 0.0000e+00
