CTD-processing/allCTD/CNV--homogene/2018_09-17_t7_s23_cast036.cnv
* Sea-Bird SBE19plus Data File:
* FileName = C:\Users\Kim.Powell\Desktop\Not Processed\2018\2018_09-17_AlongBay, T6, T7_5028\2018_09-17_TRANSECT_STATION_cast036.hex
* Software Version 1.59
* Temperature SN =  5028
* Conductivity SN =  5028
* System UpLoad Time = Sep 18 2018 16:14:16
** 2018_09-17
** Station: 7-23
** Start Time: 13:46
** Depth (m): 52.4
** Comment:
** Comment:
# nquan = 17
# nvalues = 513                         
# units = specified
# name 0 = scan: Scan Count
# name 1 = timeJ: Julian Days
# name 2 = timeH: Time, Elapsed [hours]
# name 3 = timeM: Time, Elapsed [minutes]
# name 4 = timeS: Time, Elapsed [seconds]
# name 5 = density00: Density [density, kg/m^3]
# name 6 = specc: Specific Conductance [uS/cm]
# name 7 = sal00: Salinity, Practical [PSU]
# name 8 = depSM: Depth [salt water, m], lat = 59.00
# name 9 = oxsolML/L: Oxygen Saturation, Garcia & Gordon [ml/l]
# name 10 = potemp090C: Potential Temperature [ITS-90, deg C]
# name 11 = tv290C: Temperature [ITS-90, deg C]
# name 12 = sigma-é00: Density [sigma-theta, kg/m^3]
# name 13 = n2satML/L: Nitrogen Saturation [ml/l]
# name 14 = par: PAR/Irradiance, Biospherical/Licor
# name 15 = prdM: Pressure, Strain Gauge [db]
# name 16 = flag:  0.000e+00
# span 0 =          1,        513       
# span 1 = 260.574838, 260.576319       
# span 2 =    0.00000,    0.03556       
# span 3 =     0.0000,     2.1333       
# span 4 =      0.000,    128.000       
# span 5 =  1021.9045,  1024.5790       
# span 6 =  45408.400,  49660.853       
# span 7 =    28.7461,    31.3965       
# span 8 =      0.282,     45.882       
# span 9 =    6.40893,    6.67494       
# span 10 =     8.5345,    10.9058      
# span 11 =     8.5391,    11.0453      
# span 12 =    21.9032,    24.3677      
# span 13 =   11.61496,   12.03697      
# span 14 = 8.4230e-01, 2.7753e+02      
# span 15 =      0.285,     46.321      
# span 16 = 0.0000e+00, 0.0000e+00      
# interval = seconds: 0.25
# start_time = Sep 17 2018 13:47:46 [Instrument's time stamp, header]
# bad_flag = -9.990e-29
*END*
[from data line 86]
         87 260.575087    0.00597     0.3583     21.500  1022.8160  47037.990    29.8635      0.698    6.41323    10.8090    10.8005    22.8129   11.62186 1.9609e+02      0.705 0.0000e+00
         88 260.575090    0.00604     0.3625     21.750  1022.8068  47022.168    29.8531      0.694    6.41277    10.8064    10.8069    22.8037   11.62123 1.9542e+02      0.701 0.0000e+00
         89 260.575093    0.00611     0.3667     22.000  1022.8017  47013.196    29.8470      0.698    6.41272    10.8002    10.8091    22.7986   11.62120 1.9613e+02      0.705 0.0000e+00
         90 260.575095    0.00618     0.3708     22.250  1022.8025  47014.088    29.8473      0.708    6.41307    10.7931    10.8065    22.7993   11.62177 1.9687e+02      0.715 0.0000e+00
         91 260.575098    0.00625     0.3750     22.500  1022.8086  47024.201    29.8538      0.719    6.41366    10.7879    10.8003    22.8053   11.62269 1.9621e+02      0.725 0.0000e+00
         92 260.575101    0.00632     0.3792     22.750  1022.8174  47039.256    29.8636      0.724    6.41424    10.7861    10.7932    22.8141   11.62353 1.9445e+02      0.730 0.0000e+00
         93 260.575104    0.00639     0.3833     23.000  1022.8247  47051.756    29.8718      0.720    6.41464    10.7879    10.7880    22.8214   11.62409 1.9357e+02      0.727 0.0000e+00
         94 260.575107    0.00646     0.3875     23.250  1022.8267  47055.289    29.8741      0.709    6.41478    10.7907    10.7862    22.8235   11.62431 1.9469e+02      0.716 0.0000e+00
         95 260.575110    0.00653     0.3917     23.500  1022.8228  47048.461    29.8695      0.696    6.41473    10.7914    10.7880    22.8196   11.62427 1.9616e+02      0.703 0.0000e+00
         96 260.575113    0.00660     0.3958     23.750  1022.8160  47036.550    29.8614      0.689    6.41466    10.7883    10.7908    22.8128   11.62426 1.9656e+02      0.696 0.0000e+00
         97 260.575116    0.00667     0.4000     24.000  1022.8115  47028.370    29.8558      0.690    6.41480    10.7825    10.7915    22.8083   11.62456 1.9655e+02      0.696 0.0000e+00
         98 260.575119    0.00674     0.4042     24.250  1022.8128  47030.338    29.8568      0.696    6.41518    10.7766    10.7884    22.8096   11.62518 1.9676e+02      0.702 0.0000e+00
         99 260.575122    0.00681     0.4083     24.500  1022.8203  47043.147    29.8652      0.701    6.41564    10.7726    10.7826    22.8171   11.62585 1.9771e+02      0.708 0.0000e+00
        100 260.575124    0.00688     0.4125     24.750  1022.8307  47061.082    29.8772      0.703    6.41598    10.7719    10.7767    22.8274   11.62627 1.9834e+02      0.710 0.0000e+00
        101 260.575127    0.00694     0.4167     25.000  1022.8394  47076.466    29.8875      0.702    6.41611    10.7742    10.7727    22.8362   11.62636 1.9680e+02      0.708 0.0000e+00
        102 260.575130    0.00701     0.4208     25.250  1022.8442  47085.117    29.8935      0.700    6.41598    10.7783    10.7719    22.8410   11.62606 1.9447e+02      0.706 0.0000e+00
        103 260.575133    0.00708     0.4250     25.500  1022.8450  47086.887    29.8950      0.699    6.41559    10.7828    10.7743    22.8418   11.62540 1.9375e+02      0.705 0.0000e+00
        104 260.575136    0.00715     0.4292     25.750  1022.8434  47084.675    29.8939      0.699    6.41506    10.7868    10.7784    22.8402   11.62453 1.9466e+02      0.705 0.0000e+00
        105 260.575139    0.00722     0.4333     26.000  1022.8417  47082.152    29.8926      0.700    6.41449    10.7904    10.7829    22.8385   11.62361 1.9582e+02      0.706 0.0000e+00
        106 260.575142    0.00729     0.4375     26.250  1022.8403  47080.268    29.8918      0.701    6.41397    10.7937    10.7869    22.8371   11.62275 1.9632e+02      0.707 0.0000e+00
        107 260.575145    0.00736     0.4417     26.500  1022.8387  47077.834    29.8904      0.703    6.41352    10.7969    10.7905    22.8355   11.62203 1.9609e+02      0.709 0.0000e+00
        108 260.575148    0.00743     0.4458     26.750  1022.8364  47074.061    29.8881      0.707    6.41317    10.8002    10.7937    22.8331   11.62146 1.9591e+02      0.713 0.0000e+00
        109 260.575150    0.00750     0.4500     27.000  1022.8336  47069.432    29.8852      0.716    6.41284    10.8040    10.7969    22.8303   11.62096 1.9589e+02      0.722 0.0000e+00
        110 260.575153    0.00757     0.4542     27.250  1022.8313  47065.652    29.8829      0.725    6.41247    10.8085    10.8003    22.8280   11.62037 1.9441e+02      0.732 0.0000e+00
        111 260.575156    0.00764     0.4583     27.500  1022.8296  47063.107    29.8816      0.732    6.41200    10.8136    10.8041    22.8263   11.61961 1.9181e+02      0.739 0.0000e+00
        112 260.575159    0.00771     0.4625     27.750  1022.8273  47059.696    29.8797      0.734    6.41145    10.8188    10.8086    22.8240   11.61873 1.9090e+02      0.741 0.0000e+00
        113 260.575162    0.00778     0.4667     28.000  1022.8237  47053.791    29.8761      0.731    6.41089    10.8234    10.8137    22.8204   11.61784 1.9192e+02      0.738 0.0000e+00
        114 260.575165    0.00785     0.4708     28.250  1022.8186  47045.345    29.8707      0.726    6.41039    10.8264    10.8189    22.8153   11.61706 1.9208e+02      0.733 0.0000e+00
        115 260.575168    0.00792     0.4750     28.500  1022.8126  47035.069    29.8640      0.722    6.41003    10.8275    10.8235    22.8093   11.61655 1.9094e+02      0.729 0.0000e+00
        116 260.575171    0.00799     0.4792     28.750  1022.8067  47024.888    29.8571      0.721    6.40988    10.8262    10.8265    22.8035   11.61639 1.9056e+02      0.728 0.0000e+00
        117 260.575174    0.00806     0.4833     29.000  1022.8031  47018.360    29.8526      0.723    6.40992    10.8232    10.8276    22.7999   11.61650 1.9181e+02      0.730 0.0000e+00
        118 260.575177    0.00813     0.4875     29.250  1022.8035  47018.837    29.8528      0.726    6.41008    10.8197    10.8263    22.8002   11.61677 1.9280e+02      0.733 0.0000e+00
        119 260.575179    0.00819     0.4917     29.500  1022.8076  47025.890    29.8575      0.727    6.41032    10.8172    10.8233    22.8043   11.61711 1.9189e+02      0.734 0.0000e+00
        120 260.575182    0.00826     0.4958     29.750  1022.8129  47035.104    29.8636      0.725    6.41056    10.8165    10.8198    22.8096   11.61742 1.9085e+02      0.732 0.0000e+00
        121 260.575185    0.00833     0.5000     30.000  1022.8171  47042.355    29.8684      0.721    6.41070    10.8173    10.8173    22.8138   11.61760 1.9082e+02      0.728 0.0000e+00
        122 260.575188    0.00840     0.5042     30.250  1022.8192  47046.105    29.8710      0.718    6.41070    10.8189    10.8166    22.8159   11.61757 1.9141e+02      0.725 0.0000e+00
        123 260.575191    0.00847     0.5083     30.500  1022.8194  47046.503    29.8713      0.717    6.41058    10.8208    10.8174    22.8161   11.61737 1.9361e+02      0.724 0.0000e+00
        124 260.575194    0.00854     0.5125     30.750  1022.8181  47044.391    29.8700      0.717    6.41041    10.8225    10.8190    22.8148   11.61710 1.9609e+02      0.724 0.0000e+00
        125 260.575197    0.00861     0.5167     31.000  1022.8159  47040.772    29.8677      0.720    6.41024    10.8238    10.8209    22.8127   11.61685 1.9619e+02      0.727 0.0000e+00
        126 260.575200    0.00868     0.5208     31.250  1022.8136  47036.686    29.8650      0.725    6.41012    10.8250    10.8225    22.8103   11.61668 1.9512e+02      0.732 0.0000e+00
        127 260.575203    0.00875     0.5250     31.500  1022.8117  47033.405    29.8628      0.732    6.41001    10.8262    10.8239    22.8084   11.61653 1.9527e+02      0.739 0.0000e+00
        128 260.575205    0.00882     0.5292     31.750  1022.8109  47032.184    29.8621      0.736    6.40988    10.8278    10.8251    22.8076   11.61632 1.9518e+02      0.744 0.0000e+00
        129 260.575208    0.00889     0.5333     32.000  1022.8110  47032.485    29.8624      0.737    6.40970    10.8302    10.8263    22.8076   11.61602 1.9319e+02      0.744 0.0000e+00
        130 260.575211    0.00896     0.5375     32.250  1022.8102  47031.419    29.8619      0.732    6.40950    10.8328    10.8279    22.8069   11.61569 1.9124e+02      0.739 0.0000e+00
        131 260.575214    0.00903     0.5417     32.500  1022.8072  47026.316    29.8585      0.724    6.40931    10.8339    10.8303    22.8039   11.61541 1.9054e+02      0.731 0.0000e+00
        132 260.575217    0.00910     0.5458     32.750  1022.8021  47017.385    29.8525      0.719    6.40919    10.8315    10.8329    22.7988   11.61529 1.9077e+02      0.726 0.0000e+00
        133 260.575220    0.00917     0.5500     33.000  1022.7973  47008.752    29.8466      0.722    6.40928    10.8249    10.8340    22.7940   11.61550 1.9127e+02      0.729 0.0000e+00
        134 260.575223    0.00924     0.5542     33.250  1022.7963  47006.567    29.8448      0.732    6.40969    10.8162    10.8316    22.7930   11.61621 1.9119e+02      0.739 0.0000e+00
        135 260.575226    0.00931     0.5583     33.500  1022.8015  47014.875    29.8499      0.743    6.41040    10.8093    10.8250    22.7981   11.61732 1.9122e+02      0.750 0.0000e+00
        136 260.575229    0.00937     0.5625     33.750  1022.8113  47031.337    29.8605      0.750    6.41116    10.8070    10.8163    22.8078   11.61846 1.9236e+02      0.757 0.0000e+00
        137 260.575231    0.00944     0.5667     34.000  1022.8206  47047.376    29.8710      0.747    6.41169    10.8097    10.8094    22.8172   11.61922 1.9262e+02      0.754 0.0000e+00
        138 260.575234    0.00951     0.5708     34.250  1022.8247  47054.585    29.8759      0.738    6.41181    10.8149    10.8071    22.8214   11.61937 1.9015e+02      0.745 0.0000e+00
        139 260.575237    0.00958     0.5750     34.500  1022.8219  47049.953    29.8729      0.726    6.41156    10.8192    10.8098    22.8186   11.61899 1.8705e+02      0.733 0.0000e+00
        140 260.575240    0.00965     0.5792     34.750  1022.8144  47037.108    29.8645      0.717    6.41119    10.8203    10.8149    22.8111   11.61847 1.8691e+02      0.724 0.0000e+00
        141 260.575243    0.00972     0.5833     35.000  1022.8068  47023.915    29.8556      0.716    6.41095    10.8177    10.8192    22.8035   11.61818 1.8927e+02      0.723 0.0000e+00
        142 260.575246    0.00979     0.5875     35.250  1022.8032  47017.510    29.8512      0.723    6.41097    10.8128    10.8204    22.7999   11.61826 1.9030e+02      0.730 0.0000e+00
        143 260.575249    0.00986     0.5917     35.500  1022.8053  47020.817    29.8533      0.732    6.41126    10.8083    10.8178    22.8020   11.61871 1.9009e+02      0.739 0.0000e+00
        144 260.575252    0.00993     0.5958     35.750  1022.8115  47031.317    29.8601      0.739    6.41166    10.8065    10.8129    22.8081   11.61929 1.9062e+02      0.746 0.0000e+00
        145 260.575255    0.01000     0.6000     36.000  1022.8182  47042.846    29.8677      0.740    6.41197    10.8083    10.8084    22.8148   11.61971 1.9166e+02      0.747 0.0000e+00
        146 260.575258    0.01007     0.6042     36.250  1022.8220  47049.612    29.8723      0.735    6.41204    10.8129    10.8066    22.8187   11.61978 1.9285e+02      0.742 0.0000e+00
        147 260.575260    0.01014     0.6083     36.500  1022.8212  47048.436    29.8717      0.728    6.41182    10.8179    10.8084    22.8179   11.61942 1.9351e+02      0.735 0.0000e+00
        148 260.575263    0.01021     0.6125     36.750  1022.8162  47040.000    29.8663      0.724    6.41139    10.8212    10.8130    22.8129   11.61878 1.9314e+02      0.731 0.0000e+00
        149 260.575266    0.01028     0.6167     37.000  1022.8096  47028.786    29.8589      0.725    6.41099    10.8220    10.8180    22.8063   11.61821 1.9271e+02      0.733 0.0000e+00
        150 260.575269    0.01035     0.6208     37.250  1022.8045  47019.903    29.8530      0.733    6.41077    10.8208    10.8213    22.8012   11.61791 1.9305e+02      0.740 0.0000e+00
        151 260.575272    0.01042     0.6250     37.500  1022.8027  47016.585    29.8508      0.744    6.41075    10.8188    10.8221    22.7993   11.61790 1.9306e+02      0.751 0.0000e+00
        152 260.575275    0.01049     0.6292     37.750  1022.8044  47019.442    29.8527      0.754    6.41085    10.8176    10.8208    22.8010   11.61804 1.9122e+02      0.762 0.0000e+00
        153 260.575278    0.01056     0.6333     38.000  1022.8082  47026.089    29.8571      0.760    6.41094    10.8180    10.8189    22.8048   11.61814 1.8924e+02      0.768 0.0000e+00
        154 260.575281    0.01063     0.6375     38.250  1022.8120  47032.820    29.8617      0.761    6.41092    10.8204    10.8177    22.8085   11.61805 1.8960e+02      0.768 0.0000e+00
        155 260.575284    0.01069     0.6417     38.500  1022.8143  47036.998    29.8647      0.755    6.41075    10.8248    10.8181    22.8108   11.61773 1.9097e+02      0.762 0.0000e+00
        156 260.575286    0.01076     0.6458     38.750  1022.8140  47036.984    29.8649      0.744    6.41041    10.8303    10.8204    22.8106   11.61716 1.9104e+02      0.751 0.0000e+00
        157 260.575289    0.01083     0.6500     39.000  1022.8107  47031.729    29.8617      0.732    6.40992    10.8351    10.8249    22.8074   11.61640 1.8970e+02      0.739 0.0000e+00
        158 260.575292    0.01090     0.6542     39.250  1022.8049  47021.981    29.8555      0.724    6.40942    10.8375    10.8304    22.8016   11.61563 1.8794e+02      0.731 0.0000e+00
        159 260.575295    0.01097     0.6583     39.500  1022.7985  47010.945    29.8483      0.723    6.40905    10.8367    10.8352    22.7951   11.61511 1.8743e+02      0.730 0.0000e+00
        160 260.575298    0.01104     0.6625     39.750  1022.7941  47003.318    29.8432      0.729    6.40893    10.8331    10.8376    22.7907   11.61496 1.8900e+02      0.736 0.0000e+00
        161 260.575301    0.01111     0.6667     40.000  1022.7941  47003.074    29.8429      0.739    6.40905    10.8289    10.8368    22.7907   11.61517 1.9095e+02      0.746 0.0000e+00
        162 260.575304    0.01118     0.6708     40.250  1022.7984  47010.333    29.8476      0.745    6.40936    10.8265    10.8332    22.7949   11.61562 1.9245e+02      0.753 0.0000e+00
        163 260.575307    0.01125     0.6750     40.500  1022.8042  47020.380    29.8542      0.745    6.40967    10.8273    10.8289    22.8008   11.61607 1.9395e+02      0.753 0.0000e+00
        164 260.575310    0.01132     0.6792     40.750  1022.8079  47026.914    29.8586      0.739    6.40982    10.8302    10.8266    22.8046   11.61627 1.9467e+02      0.746 0.0000e+00
        165 260.575313    0.01139     0.6833     41.000  1022.8074  47026.203    29.8581      0.730    6.40973    10.8330    10.8274    22.8041   11.61612 1.9432e+02      0.738 0.0000e+00
        166 260.575315    0.01146     0.6875     41.250  1022.8035  47019.495    29.8537      0.725    6.40950    10.8339    10.8303    22.8002   11.61579 1.9330e+02      0.732 0.0000e+00
        167 260.575318    0.01153     0.6917     41.500  1022.7990  47011.624    29.8485      0.724    6.40933    10.8327    10.8331    22.7957   11.61556 1.9183e+02      0.731 0.0000e+00
        168 260.575321    0.01160     0.6958     41.750  1022.7964  47007.079    29.8454      0.729    6.40932    10.8298    10.8340    22.7931   11.61559 1.9049e+02      0.736 0.0000e+00
        169 260.575324    0.01167     0.7000     42.000  1022.7970  47007.977    29.8459      0.735    6.40947    10.8264    10.8328    22.7937   11.61584 1.9001e+02      0.742 0.0000e+00
        170 260.575327    0.01174     0.7042     42.250  1022.8003  47013.482    29.8495      0.741    6.40972    10.8232    10.8299    22.7969   11.61621 1.9077e+02      0.748 0.0000e+00
