CTD-processing/allCTD/CNV--homogene/2018_05-24_alongbay_skb09_cast086.cnv
* Sea-Bird SBE19plus Data File:
* FileName = C:\Users\Kim.Powell\Desktop\Not Processed\2018\2018_05-24_AlongBay, T9_5028\2018_05-24_TRANSECT_STATION_cast086.hex
* Software Version 1.59
* Temperature SN =  5028
* Conductivity SN =  5028
* System UpLoad Time = May 25 2018 13:19:08
** 2018_05-24
** Station: KB09
** Start Time: 11:23
** Depth (m): 69
** Comment:
** Comment:
# nquan = 17
# nvalues = 597                         
# units = specified
# name 0 = scan: Scan Count
# name 1 = timeJ: Julian Days
# name 2 = timeH: Time, Elapsed [hours]
# name 3 = timeM: Time, Elapsed [minutes]
# name 4 = timeS: Time, Elapsed [seconds]
# name 5 = density00: Density [density, kg/m^3]
# name 6 = specc: Specific Conductance [uS/cm]
# name 7 = sal00: Salinity, Practical [PSU]
# name 8 = depSM: Depth [salt water, m], lat = 59.00
# name 9 = oxsolML/L: Oxygen Saturation, Garcia & Gordon [ml/l]
# name 10 = potemp090C: Potential Temperature [ITS-90, deg C]
# name 11 = tv290C: Temperature [ITS-90, deg C]
# name 12 = sigma-é00: Density [sigma-theta, kg/m^3]
# name 13 = n2satML/L: Nitrogen Saturation [ml/l]
# name 14 = par: PAR/Irradiance, Biospherical/Licor
# name 15 = prdM: Pressure, Strain Gauge [db]
# name 16 = flag:  0.000e+00
# span 0 =          1,        597       
# span 1 = 144.474410, 144.476134       
# span 2 =    0.00000,    0.04139       
# span 3 =     0.0000,     2.4833       
# span 4 =      0.000,    149.000       
# span 5 =  1023.8458,  1025.3837       
# span 6 =  48634.636,  51072.369       
# span 7 =    30.5227,    31.7920       
# span 8 =      0.715,     67.344       
# span 9 =    6.86912,    7.21992       
# span 10 =     5.0653,     7.5081      
# span 11 =     5.0678,     7.5082      
# span 12 =    23.8424,    25.0946      
# span 13 =   12.36822,   12.93413      
# span 14 = 4.2591e-02, 1.0576e+03      
# span 15 =      0.721,     67.990      
# span 16 = 0.0000e+00, 0.0000e+00      
# interval = seconds: 0.25
# start_time = May 24 2018 11:23:09 [Instrument's time stamp, header]
# bad_flag = -9.990e-29
*END*
[from data line 426]
        427 144.475642    0.02958     1.7750    106.500  1025.2054  50978.034    31.6903     34.196    7.21992     5.0653     5.0680    25.0451   12.93413 5.8149e-02     34.522 0.0000e+00
        428 144.475645    0.02965     1.7792    106.750  1025.2074  50980.000    31.6915     34.418    7.21990     5.0656     5.0678    25.0460   12.93409 5.7262e-02     34.745 0.0000e+00
        429 144.475648    0.02972     1.7833    107.000  1025.2094  50981.826    31.6926     34.637    7.21984     5.0662     5.0678    25.0469   12.93398 5.6440e-02     34.967 0.0000e+00
        430 144.475651    0.02979     1.7875    107.250  1025.2111  50983.306    31.6936     34.853    7.21974     5.0669     5.0681    25.0477   12.93379 5.5682e-02     35.185 0.0000e+00
        431 144.475654    0.02986     1.7917    107.500  1025.2126  50984.344    31.6943     35.063    7.21960     5.0677     5.0687    25.0482   12.93355 5.4988e-02     35.397 0.0000e+00
        432 144.475657    0.02993     1.7958    107.750  1025.2138  50984.796    31.6947     35.269    7.21945     5.0685     5.0695    25.0484   12.93330 5.4348e-02     35.604 0.0000e+00
        433 144.475660    0.03000     1.8000    108.000  1025.2147  50984.781    31.6947     35.475    7.21930     5.0692     5.0704    25.0484   12.93305 5.3746e-02     35.812 0.0000e+00
        434 144.475663    0.03007     1.8042    108.250  1025.2156  50984.624    31.6947     35.686    7.21917     5.0698     5.0711    25.0482   12.93283 5.3162e-02     36.026 0.0000e+00
        435 144.475666    0.03014     1.8083    108.500  1025.2166  50984.516    31.6947     35.906    7.21905     5.0703     5.0718    25.0481   12.93264 5.2591e-02     36.248 0.0000e+00
        436 144.475668    0.03021     1.8125    108.750  1025.2176  50984.573    31.6947     36.133    7.21895     5.0708     5.0724    25.0481   12.93246 5.2041e-02     36.477 0.0000e+00
        437 144.475671    0.03028     1.8167    109.000  1025.2188  50984.884    31.6949     36.359    7.21884     5.0714     5.0730    25.0482   12.93228 5.1522e-02     36.706 0.0000e+00
        438 144.475674    0.03035     1.8208    109.250  1025.2199  50985.269    31.6952     36.578    7.21873     5.0720     5.0736    25.0484   12.93209 5.1055e-02     36.927 0.0000e+00
        439 144.475677    0.03042     1.8250    109.500  1025.2210  50985.468    31.6954     36.785    7.21861     5.0726     5.0742    25.0485   12.93190 5.0653e-02     37.136 0.0000e+00
        440 144.475680    0.03049     1.8292    109.750  1025.2219  50985.464    31.6954     36.982    7.21850     5.0730     5.0748    25.0484   12.93173 5.0301e-02     37.335 0.0000e+00
        441 144.475683    0.03056     1.8333    110.000  1025.2227  50985.354    31.6954     37.177    7.21841     5.0734     5.0753    25.0483   12.93158 4.9964e-02     37.531 0.0000e+00
        442 144.475686    0.03062     1.8375    110.250  1025.2235  50985.260    31.6953     37.376    7.21834     5.0737     5.0758    25.0482   12.93145 4.9625e-02     37.732 0.0000e+00
        443 144.475689    0.03069     1.8417    110.500  1025.2244  50985.232    31.6953     37.583    7.21827     5.0740     5.0762    25.0482   12.93135 4.9287e-02     37.941 0.0000e+00
        444 144.475692    0.03076     1.8458    110.750  1025.2254  50985.246    31.6952     37.797    7.21822     5.0743     5.0765    25.0481   12.93126 4.8964e-02     38.157 0.0000e+00
        445 144.475694    0.03083     1.8500    111.000  1025.2264  50985.353    31.6953     38.011    7.21817     5.0745     5.0768    25.0481   12.93117 4.8669e-02     38.373 0.0000e+00
        446 144.475697    0.03090     1.8542    111.250  1025.2274  50985.602    31.6954     38.218    7.21811     5.0748     5.0770    25.0482   12.93108 4.8398e-02     38.582 0.0000e+00
        447 144.475700    0.03097     1.8583    111.500  1025.2285  50985.960    31.6956     38.419    7.21806     5.0752     5.0773    25.0483   12.93098 4.8148e-02     38.785 0.0000e+00
        448 144.475703    0.03104     1.8625    111.750  1025.2296  50986.329    31.6958     38.615    7.21799     5.0755     5.0776    25.0485   12.93087 4.7913e-02     38.983 0.0000e+00
        449 144.475706    0.03111     1.8667    112.000  1025.2305  50986.476    31.6959     38.810    7.21792     5.0758     5.0780    25.0485   12.93076 4.7687e-02     39.180 0.0000e+00
        450 144.475709    0.03118     1.8708    112.250  1025.2313  50986.299    31.6958     39.006    7.21786     5.0760     5.0784    25.0483   12.93066 4.7467e-02     39.378 0.0000e+00
        451 144.475712    0.03125     1.8750    112.500  1025.2321  50986.146    31.6957     39.206    7.21781     5.0762     5.0787    25.0482   12.93059 4.7254e-02     39.580 0.0000e+00
        452 144.475715    0.03132     1.8792    112.750  1025.2331  50986.442    31.6958     39.410    7.21777     5.0766     5.0789    25.0483   12.93052 4.7050e-02     39.786 0.0000e+00
        453 144.475718    0.03139     1.8833    113.000  1025.2344  50987.242    31.6963     39.617    7.21772     5.0771     5.0791    25.0487   12.93042 4.6864e-02     39.995 0.0000e+00
        454 144.475720    0.03146     1.8875    113.250  1025.2359  50988.288    31.6970     39.826    7.21763     5.0778     5.0794    25.0492   12.93026 4.6696e-02     40.206 0.0000e+00
        455 144.475723    0.03153     1.8917    113.500  1025.2374  50989.204    31.6976     40.035    7.21750     5.0785     5.0799    25.0496   12.93004 4.6537e-02     40.417 0.0000e+00
        456 144.475726    0.03160     1.8958    113.750  1025.2386  50989.743    31.6980     40.243    7.21735     5.0791     5.0807    25.0499   12.92980 4.6382e-02     40.626 0.0000e+00
        457 144.475729    0.03167     1.9000    114.000  1025.2396  50989.817    31.6981     40.450    7.21722     5.0794     5.0814    25.0499   12.92958 4.6233e-02     40.836 0.0000e+00
        458 144.475732    0.03174     1.9042    114.250  1025.2403  50989.480    31.6979     40.659    7.21712     5.0794     5.0821    25.0497   12.92942 4.6091e-02     41.047 0.0000e+00
        459 144.475735    0.03181     1.9083    114.500  1025.2410  50989.122    31.6977     40.872    7.21708     5.0791     5.0824    25.0494   12.92935 4.5956e-02     41.261 0.0000e+00
        460 144.475738    0.03188     1.9125    114.750  1025.2420  50989.118    31.6976     41.087    7.21709     5.0787     5.0824    25.0493   12.92936 4.5825e-02     41.479 0.0000e+00
        461 144.475741    0.03194     1.9167    115.000  1025.2431  50989.433    31.6976     41.302    7.21713     5.0782     5.0821    25.0494   12.92943 4.5703e-02     41.696 0.0000e+00
        462 144.475744    0.03201     1.9208    115.250  1025.2442  50989.898    31.6977     41.511    7.21720     5.0778     5.0817    25.0495   12.92954 4.5588e-02     41.907 0.0000e+00
        463 144.475747    0.03208     1.9250    115.500  1025.2454  50990.497    31.6980     41.712    7.21727     5.0774     5.0812    25.0497   12.92966 4.5478e-02     42.110 0.0000e+00
        464 144.475749    0.03215     1.9292    115.750  1025.2465  50991.083    31.6982     41.906    7.21733     5.0770     5.0808    25.0500   12.92977 4.5377e-02     42.306 0.0000e+00
        465 144.475752    0.03222     1.9333    116.000  1025.2475  50991.405    31.6982     42.098    7.21739     5.0765     5.0804    25.0501   12.92987 4.5283e-02     42.500 0.0000e+00
        466 144.475755    0.03229     1.9375    116.250  1025.2483  50991.522    31.6981     42.294    7.21746     5.0758     5.0800    25.0500   12.92998 4.5191e-02     42.698 0.0000e+00
        467 144.475758    0.03236     1.9417    116.500  1025.2492  50991.495    31.6979     42.499    7.21756     5.0748     5.0796    25.0499   12.93013 4.5104e-02     42.904 0.0000e+00
        468 144.475761    0.03243     1.9458    116.750  1025.2500  50991.387    31.6976     42.710    7.21769     5.0736     5.0789    25.0497   12.93035 4.5021e-02     43.117 0.0000e+00
        469 144.475764    0.03250     1.9500    117.000  1025.2511  50991.755    31.6975     42.923    7.21786     5.0723     5.0779    25.0498   12.93064 4.4937e-02     43.332 0.0000e+00
        470 144.475767    0.03257     1.9542    117.250  1025.2526  50993.017    31.6980     43.132    7.21805     5.0713     5.0767    25.0503   12.93094 4.4859e-02     43.543 0.0000e+00
        471 144.475770    0.03264     1.9583    117.500  1025.2543  50994.780    31.6989     43.332    7.21821     5.0706     5.0755    25.0511   12.93121 4.4784e-02     43.746 0.0000e+00
        472 144.475773    0.03271     1.9625    117.750  1025.2560  50996.475    31.6997     43.524    7.21834     5.0702     5.0745    25.0519   12.93140 4.4710e-02     43.940 0.0000e+00
        473 144.475775    0.03278     1.9667    118.000  1025.2575  50997.862    31.7004     43.711    7.21842     5.0699     5.0739    25.0525   12.93153 4.4643e-02     44.128 0.0000e+00
        474 144.475778    0.03285     1.9708    118.250  1025.2589  50998.913    31.7010     43.899    7.21847     5.0697     5.0735    25.0530   12.93160 4.4582e-02     44.318 0.0000e+00
        475 144.475781    0.03292     1.9750    118.500  1025.2601  50999.740    31.7014     44.091    7.21850     5.0696     5.0732    25.0534   12.93164 4.4525e-02     44.511 0.0000e+00
        476 144.475784    0.03299     1.9792    118.750  1025.2614  51000.469    31.7018     44.288    7.21851     5.0696     5.0730    25.0537   12.93165 4.4475e-02     44.711 0.0000e+00
        477 144.475787    0.03306     1.9833    119.000  1025.2626  51001.231    31.7022     44.489    7.21850     5.0696     5.0729    25.0540   12.93164 4.4425e-02     44.914 0.0000e+00
        478 144.475790    0.03313     1.9875    119.250  1025.2640  51002.088    31.7026     44.693    7.21849     5.0697     5.0728    25.0544   12.93161 4.4368e-02     45.119 0.0000e+00
        479 144.475793    0.03319     1.9917    119.500  1025.2653  51002.921    31.7031     44.895    7.21846     5.0699     5.0729    25.0548   12.93156 4.4312e-02     45.324 0.0000e+00
        480 144.475796    0.03326     1.9958    119.750  1025.2666  51003.634    31.7035     45.096    7.21843     5.0701     5.0730    25.0551   12.93149 4.4257e-02     45.527 0.0000e+00
        481 144.475799    0.03333     2.0000    120.000  1025.2677  51004.213    31.7039     45.291    7.21838     5.0703     5.0731    25.0553   12.93141 4.4201e-02     45.724 0.0000e+00
        482 144.475802    0.03340     2.0042    120.250  1025.2688  51004.681    31.7041     45.481    7.21833     5.0706     5.0734    25.0555   12.93132 4.4147e-02     45.916 0.0000e+00
        483 144.475804    0.03347     2.0083    120.500  1025.2699  51005.140    31.7044     45.668    7.21827     5.0709     5.0736    25.0557   12.93122 4.4096e-02     46.104 0.0000e+00
        484 144.475807    0.03354     2.0125    120.750  1025.2710  51005.649    31.7048     45.856    7.21820     5.0713     5.0739    25.0560   12.93111 4.4050e-02     46.294 0.0000e+00
        485 144.475810    0.03361     2.0167    121.000  1025.2721  51006.171    31.7051     46.049    7.21813     5.0717     5.0742    25.0562   12.93099 4.4009e-02     46.489 0.0000e+00
        486 144.475813    0.03368     2.0208    121.250  1025.2733  51006.711    31.7055     46.251    7.21805     5.0722     5.0746    25.0564   12.93084 4.3971e-02     46.693 0.0000e+00
        487 144.475816    0.03375     2.0250    121.500  1025.2746  51007.368    31.7059     46.459    7.21795     5.0728     5.0751    25.0567   12.93067 4.3933e-02     46.903 0.0000e+00
        488 144.475819    0.03382     2.0292    121.750  1025.2760  51008.138    31.7064     46.668    7.21783     5.0734     5.0756    25.0571   12.93048 4.3899e-02     47.114 0.0000e+00
        489 144.475822    0.03389     2.0333    122.000  1025.2773  51008.814    31.7069     46.874    7.21771     5.0741     5.0762    25.0574   12.93026 4.3870e-02     47.321 0.0000e+00
        490 144.475825    0.03396     2.0375    122.250  1025.2784  51009.170    31.7072     47.076    7.21758     5.0747     5.0768    25.0576   12.93005 4.3839e-02     47.526 0.0000e+00
        491 144.475828    0.03403     2.0417    122.500  1025.2793  51009.252    31.7073     47.279    7.21746     5.0752     5.0775    25.0576   12.92985 4.3802e-02     47.731 0.0000e+00
        492 144.475830    0.03410     2.0458    122.750  1025.2803  51009.336    31.7074     47.485    7.21735     5.0757     5.0781    25.0576   12.92967 4.3759e-02     47.939 0.0000e+00
        493 144.475833    0.03417     2.0500    123.000  1025.2813  51009.590    31.7076     47.696    7.21725     5.0762     5.0786    25.0577   12.92950 4.3720e-02     48.151 0.0000e+00
        494 144.475836    0.03424     2.0542    123.250  1025.2825  51009.995    31.7079     47.908    7.21715     5.0767     5.0792    25.0579   12.92933 4.3693e-02     48.365 0.0000e+00
        495 144.475839    0.03431     2.0583    123.500  1025.2837  51010.426    31.7082     48.117    7.21704     5.0773     5.0797    25.0580   12.92915 4.3674e-02     48.577 0.0000e+00
        496 144.475842    0.03438     2.0625    123.750  1025.2848  51010.757    31.7084     48.322    7.21693     5.0778     5.0803    25.0582   12.92896 4.3656e-02     48.784 0.0000e+00
        497 144.475845    0.03444     2.0667    124.000  1025.2858  51010.972    31.7086     48.525    7.21682     5.0784     5.0808    25.0583   12.92878 4.3640e-02     48.989 0.0000e+00
        498 144.475848    0.03451     2.0708    124.250  1025.2868  51011.170    31.7087     48.732    7.21672     5.0789     5.0814    25.0583   12.92861 4.3625e-02     49.197 0.0000e+00
        499 144.475851    0.03458     2.0750    124.500  1025.2880  51011.482    31.7089     48.945    7.21661     5.0795     5.0819    25.0584   12.92844 4.3611e-02     49.412 0.0000e+00
        500 144.475854    0.03465     2.0792    124.750  1025.2892  51011.981    31.7093     49.164    7.21650     5.0803     5.0825    25.0587   12.92824 4.3596e-02     49.633 0.0000e+00
        501 144.475856    0.03472     2.0833    125.000  1025.2905  51012.585    31.7097     49.384    7.21637     5.0811     5.0831    25.0590   12.92801 4.3587e-02     49.855 0.0000e+00
        502 144.475859    0.03479     2.0875    125.250  1025.2917  51013.089    31.7101     49.599    7.21622     5.0819     5.0839    25.0592   12.92777 4.3578e-02     50.073 0.0000e+00
        503 144.475862    0.03486     2.0917    125.500  1025.2929  51013.408    31.7104     49.809    7.21607     5.0828     5.0847    25.0593   12.92751 4.3557e-02     50.285 0.0000e+00
        504 144.475865    0.03493     2.0958    125.750  1025.2940  51013.694    31.7107     50.013    7.21591     5.0837     5.0855    25.0595   12.92724 4.3527e-02     50.491 0.0000e+00
        505 144.475868    0.03500     2.1000    126.000  1025.2951  51014.148    31.7111     50.216    7.21574     5.0848     5.0864    25.0597   12.92696 4.3496e-02     50.696 0.0000e+00
        506 144.475871    0.03507     2.1042    126.250  1025.2965  51014.890    31.7117     50.422    7.21554     5.0861     5.0873    25.0601   12.92663 4.3464e-02     50.904 0.0000e+00
        507 144.475874    0.03514     2.1083    126.500  1025.2980  51015.863    31.7125     50.634    7.21531     5.0878     5.0884    25.0606   12.92623 4.3431e-02     51.118 0.0000e+00
        508 144.475877    0.03521     2.1125    126.750  1025.2997  51017.102    31.7136     50.851    7.21503     5.0899     5.0898    25.0613   12.92575 4.3402e-02     51.337 0.0000e+00
        509 144.475880    0.03528     2.1167    127.000  1025.3016  51018.746    31.7149     51.071    7.21468     5.0924     5.0915    25.0622   12.92515 4.3380e-02     51.560 0.0000e+00
        510 144.475883    0.03535     2.1208    127.250  1025.3036  51020.418    31.7164     51.292    7.21425     5.0952     5.0936    25.0631   12.92442 4.3360e-02     51.782 0.0000e+00
