CTD-processing/allCTD/CNV--homogene/2018_09-17_t7_s19_cast032.cnv
* Sea-Bird SBE19plus Data File:
* FileName = C:\Users\Kim.Powell\Desktop\Not Processed\2018\2018_09-17_AlongBay, T6, T7_5028\2018_09-17_TRANSECT_STATION_cast032.hex
* Software Version 1.59
* Temperature SN =  5028
* Conductivity SN =  5028
* System UpLoad Time = Sep 18 2018 16:09:33
** 2018_09-17
** Station: 7-19
** Start Time: 12:55
** Depth (m): 81.6
** Comment:
** Comment:
# nquan = 17
# nvalues = 632                         
# units = specified
# name 0 = scan: Scan Count
# name 1 = timeJ: Julian Days
# name 2 = timeH: Time, Elapsed [hours]
# name 3 = timeM: Time, Elapsed [minutes]
# name 4 = timeS: Time, Elapsed [seconds]
# name 5 = density00: Density [density, kg/m^3]
# name 6 = specc: Specific Conductance [uS/cm]
# name 7 = sal00: Salinity, Practical [PSU]
# name 8 = depSM: Depth [salt water, m], lat = 59.00
# name 9 = oxsolML/L: Oxygen Saturation, Garcia & Gordon [ml/l]
# name 10 = potemp090C: Potential Temperature [ITS-90, deg C]
# name 11 = tv290C: Temperature [ITS-90, deg C]
# name 12 = sigma-é00: Density [sigma-theta, kg/m^3]
# name 13 = n2satML/L: Nitrogen Saturation [ml/l]
# name 14 = par: PAR/Irradiance, Biospherical/Licor
# name 15 = prdM: Pressure, Strain Gauge [db]
# name 16 = flag:  0.000e+00
# span 0 =          1,        632       
# span 1 = 260.539826, 260.541652       
# span 2 =    0.00000,    0.04382       
# span 3 =     0.0000,     2.6292       
# span 4 =      0.000,    157.750       
# span 5 =  1000.3000,  1024.9543       
# span 6 =   1813.222,  50092.693       
# span 7 =     0.9102,    31.6523       
# span 8 =     -0.040,     76.783       
# span 9 =    6.32755,    7.63836       
# span 10 =     8.3137,    11.5835      
# span 11 =     8.3213,    11.5836      
# span 12 =     0.3002,    24.6005      
# span 13 =   11.48567,   14.05418      
# span 14 = 7.5267e-02, 4.6318e+02      
# span 15 =     -0.040,     77.522      
# span 16 = 0.0000e+00, 0.0000e+00      
# interval = seconds: 0.25
# start_time = Sep 17 2018 12:57:21 [Instrument's time stamp, header]
# bad_flag = -9.990e-29
*END*
[from data line 341]
        342 260.540813    0.02368     1.4208     85.250  1023.9186  48781.304    30.9739     19.203    6.49774     9.8197     9.8743    23.8306   11.74869 1.3241e+01     19.386 0.0000e+00
        343 260.540816    0.02375     1.4250     85.500  1023.9399  48815.393    30.9944     19.411    6.50068     9.7951     9.8477    23.8509   11.75330 1.2896e+01     19.595 0.0000e+00
        344 260.540819    0.02382     1.4292     85.750  1023.9598  48847.138    31.0134     19.627    6.50358     9.7710     9.8218    23.8699   11.75788 1.2550e+01     19.813 0.0000e+00
        345 260.540822    0.02389     1.4333     86.000  1023.9778  48875.440    31.0301     19.847    6.50639     9.7465     9.7972    23.8869   11.76233 1.2209e+01     20.035 0.0000e+00
        346 260.540825    0.02396     1.4375     86.250  1023.9949  48902.195    31.0457     20.069    6.50918     9.7224     9.7731    23.9030   11.76677 1.1876e+01     20.259 0.0000e+00
        347 260.540828    0.02403     1.4417     86.500  1024.0124  48929.640    31.0618     20.289    6.51200     9.6995     9.7487    23.9194   11.77125 1.1554e+01     20.481 0.0000e+00
        348 260.540830    0.02410     1.4458     86.750  1024.0300  48957.397    31.0781     20.506    6.51477     9.6783     9.7246    23.9360   11.77564 1.1240e+01     20.700 0.0000e+00
        349 260.540833    0.02417     1.4500     87.000  1024.0470  48984.166    31.0939     20.721    6.51739     9.6594     9.7017    23.9520   11.77979 1.0934e+01     20.918 0.0000e+00
        350 260.540836    0.02424     1.4542     87.250  1024.0632  49009.672    31.1090     20.936    6.51980     9.6440     9.6805    23.9672   11.78360 1.0635e+01     21.135 0.0000e+00
        351 260.540839    0.02431     1.4583     87.500  1024.0781  49033.171    31.1230     21.151    6.52191     9.6324     9.6617    23.9811   11.78693 1.0348e+01     21.352 0.0000e+00
        352 260.540842    0.02438     1.4625     87.750  1024.0908  49052.936    31.1349     21.365    6.52363     9.6238     9.6463    23.9928   11.78962 1.0071e+01     21.568 0.0000e+00
        353 260.540845    0.02444     1.4667     88.000  1024.1006  49067.908    31.1438     21.577    6.52492     9.6174     9.6347    24.0016   11.79167 9.8010e+00     21.782 0.0000e+00
        354 260.540848    0.02451     1.4708     88.250  1024.1077  49078.401    31.1500     21.788    6.52589     9.6119     9.6261    24.0078   11.79320 9.5354e+00     21.995 0.0000e+00
        355 260.540851    0.02458     1.4750     88.500  1024.1129  49085.433    31.1540     22.000    6.52665     9.6062     9.6197    24.0120   11.79440 9.2742e+00     22.208 0.0000e+00
        356 260.540854    0.02465     1.4792     88.750  1024.1166  49089.987    31.1564     22.212    6.52734     9.5994     9.6142    24.0148   11.79551 9.0193e+00     22.422 0.0000e+00
        357 260.540856    0.02472     1.4833     89.000  1024.1194  49092.920    31.1577     22.423    6.52809     9.5905     9.6086    24.0166   11.79675 8.7727e+00     22.635 0.0000e+00
        358 260.540859    0.02479     1.4875     89.250  1024.1220  49095.200    31.1583     22.631    6.52905     9.5794     9.6018    24.0182   11.79832 8.5364e+00     22.846 0.0000e+00
        359 260.540862    0.02486     1.4917     89.500  1024.1250  49098.300    31.1592     22.835    6.53028     9.5666     9.5930    24.0203   11.80035 8.3113e+00     23.052 0.0000e+00
        360 260.540865    0.02493     1.4958     89.750  1024.1296  49103.961    31.1616     23.034    6.53178     9.5533     9.5819    24.0240   11.80281 8.0966e+00     23.253 0.0000e+00
        361 260.540868    0.02500     1.5000     90.000  1024.1358  49112.530    31.1659     23.228    6.53344     9.5403     9.5691    24.0293   11.80551 7.8924e+00     23.449 0.0000e+00
        362 260.540871    0.02507     1.5042     90.250  1024.1431  49122.884    31.1713     23.418    6.53513     9.5283     9.5557    24.0357   11.80825 7.6993e+00     23.640 0.0000e+00
        363 260.540874    0.02514     1.5083     90.500  1024.1506  49133.855    31.1773     23.604    6.53674     9.5174     9.5428    24.0424   11.81085 7.5168e+00     23.828 0.0000e+00
        364 260.540877    0.02521     1.5125     90.750  1024.1579  49144.482    31.1831     23.787    6.53823     9.5075     9.5308    24.0488   11.81324 7.3436e+00     24.013 0.0000e+00
        365 260.540880    0.02528     1.5167     91.000  1024.1647  49154.319    31.1885     23.968    6.53958     9.4986     9.5199    24.0548   11.81541 7.1753e+00     24.196 0.0000e+00
        366 260.540883    0.02535     1.5208     91.250  1024.1710  49163.401    31.1935     24.153    6.54079     9.4907     9.5101    24.0602   11.81736 7.0057e+00     24.382 0.0000e+00
        367 260.540885    0.02542     1.5250     91.500  1024.1767  49171.491    31.1979     24.346    6.54188     9.4833     9.5013    24.0651   11.81910 6.8309e+00     24.577 0.0000e+00
        368 260.540888    0.02549     1.5292     91.750  1024.1818  49178.287    31.2015     24.551    6.54287     9.4757     9.4934    24.0692   11.82069 6.6509e+00     24.784 0.0000e+00
        369 260.540891    0.02556     1.5333     92.000  1024.1862  49184.005    31.2045     24.767    6.54382     9.4675     9.4859    24.0727   11.82223 6.4694e+00     25.002 0.0000e+00
        370 260.540894    0.02562     1.5375     92.250  1024.1903  49188.981    31.2069     24.990    6.54480     9.4579     9.4784    24.0757   11.82383 6.2909e+00     25.227 0.0000e+00
        371 260.540897    0.02569     1.5417     92.500  1024.1943  49193.790    31.2091     25.214    6.54590     9.4467     9.4702    24.0787   11.82562 6.1192e+00     25.453 0.0000e+00
        372 260.540900    0.02576     1.5458     92.750  1024.1989  49199.483    31.2117     25.434    6.54717     9.4337     9.4606    24.0823   11.82769 5.9573e+00     25.676 0.0000e+00
        373 260.540903    0.02583     1.5500     93.000  1024.2042  49206.366    31.2150     25.648    6.54865     9.4188     9.4494    24.0866   11.83011 5.8059e+00     25.892 0.0000e+00
        374 260.540906    0.02590     1.5542     93.250  1024.2099  49213.923    31.2185     25.857    6.55039     9.4020     9.4364    24.0913   11.83293 5.6620e+00     26.103 0.0000e+00
        375 260.540909    0.02597     1.5583     93.500  1024.2161  49222.208    31.2222     26.065    6.55239     9.3844     9.4215    24.0966   11.83621 5.5209e+00     26.312 0.0000e+00
        376 260.540911    0.02604     1.5625     93.750  1024.2234  49232.185    31.2269     26.274    6.55461     9.3675     9.4048    24.1028   11.83984 5.3806e+00     26.523 0.0000e+00
        377 260.540914    0.02611     1.5667     94.000  1024.2316  49243.796    31.2326     26.485    6.55692     9.3521     9.3873    24.1101   11.84358 5.2427e+00     26.736 0.0000e+00
        378 260.540917    0.02618     1.5708     94.250  1024.2396  49255.207    31.2382     26.696    6.55913     9.3382     9.3704    24.1171   11.84718 5.1102e+00     26.949 0.0000e+00
        379 260.540920    0.02625     1.5750     94.500  1024.2467  49264.983    31.2429     26.903    6.56117     9.3251     9.3550    24.1232   11.85050 4.9857e+00     27.159 0.0000e+00
        380 260.540923    0.02632     1.5792     94.750  1024.2525  49272.668    31.2464     27.102    6.56305     9.3120     9.3410    24.1281   11.85357 4.8711e+00     27.359 0.0000e+00
        381 260.540926    0.02639     1.5833     95.000  1024.2568  49277.955    31.2482     27.289    6.56486     9.2975     9.3280    24.1316   11.85655 4.7662e+00     27.548 0.0000e+00
        382 260.540929    0.02646     1.5875     95.250  1024.2596  49280.465    31.2481     27.467    6.56676     9.2796     9.3150    24.1335   11.85970 4.6685e+00     27.728 0.0000e+00
        383 260.540932    0.02653     1.5917     95.500  1024.2605  49279.539    31.2454     27.641    6.56899     9.2559     9.3005    24.1337   11.86341 4.5734e+00     27.903 0.0000e+00
        384 260.540935    0.02660     1.5958     95.750  1024.2600  49275.648    31.2402     27.818    6.57182     9.2254     9.2826    24.1323   11.86817 4.4763e+00     28.083 0.0000e+00
        385 260.540937    0.02667     1.6000     96.000  1024.2606  49273.070    31.2350     28.006    6.57550     9.1894     9.2589    24.1320   11.87431 4.3750e+00     28.272 0.0000e+00
        386 260.540940    0.02674     1.6042     96.250  1024.2655  49277.823    31.2340     28.205    6.58000     9.1505     9.2283    24.1360   11.88177 4.2702e+00     28.474 0.0000e+00
        387 260.540943    0.02681     1.6083     96.500  1024.2750  49290.363    31.2378     28.417    6.58510     9.1102     9.1923    24.1445   11.89018 4.1641e+00     28.687 0.0000e+00
        388 260.540946    0.02688     1.6125     96.750  1024.2864  49306.109    31.2434     28.635    6.59055     9.0700     9.1534    24.1549   11.89914 4.0603e+00     28.907 0.0000e+00
        389 260.540949    0.02694     1.6167     97.000  1024.2995  49324.948    31.2509     28.853    6.59613     9.0327     9.1132    24.1670   11.90828 3.9619e+00     29.127 0.0000e+00
        390 260.540952    0.02701     1.6208     97.250  1024.3156  49349.271    31.2623     29.065    6.60153     9.0006     9.0730    24.1820   11.91709 3.8706e+00     29.342 0.0000e+00
        391 260.540955    0.02708     1.6250     97.500  1024.3329  49376.206    31.2759     29.269    6.60643     8.9743     9.0357    24.1984   11.92503 3.7863e+00     29.548 0.0000e+00
        392 260.540958    0.02715     1.6292     97.750  1024.3487  49400.888    31.2887     29.465    6.61060     8.9533     9.0036    24.2132   11.93179 3.7073e+00     29.746 0.0000e+00
        393 260.540961    0.02722     1.6333     98.000  1024.3618  49421.115    31.2991     29.657    6.61402     8.9367     8.9774    24.2254   11.93732 3.6312e+00     29.939 0.0000e+00
        394 260.540964    0.02729     1.6375     98.250  1024.3724  49437.303    31.3074     29.847    6.61675     8.9239     8.9564    24.2351   11.94174 3.5569e+00     30.131 0.0000e+00
        395 260.540966    0.02736     1.6417     98.500  1024.3812  49450.658    31.3144     30.039    6.61890     8.9145     8.9398    24.2431   11.94521 3.4843e+00     30.324 0.0000e+00
        396 260.540969    0.02743     1.6458     98.750  1024.3889  49462.094    31.3205     30.234    6.62052     8.9082     8.9270    24.2498   11.94782 3.4134e+00     30.520 0.0000e+00
        397 260.540972    0.02750     1.6500     99.000  1024.3955  49471.884    31.3260     30.429    6.62167     8.9043     8.9176    24.2555   11.94966 3.3446e+00     30.717 0.0000e+00
        398 260.540975    0.02757     1.6542     99.250  1024.4005  49479.012    31.3300     30.622    6.62242     8.9018     8.9114    24.2596   11.95085 3.2782e+00     30.913 0.0000e+00
        399 260.540978    0.02764     1.6583     99.500  1024.4035  49482.683    31.3319     30.812    6.62291     8.8996     8.9075    24.2617   11.95164 3.2144e+00     31.105 0.0000e+00
        400 260.540981    0.02771     1.6625     99.750  1024.4049  49483.634    31.3322     31.000    6.62328     8.8971     8.9049    24.2623   11.95225 3.1533e+00     31.295 0.0000e+00
        401 260.540984    0.02778     1.6667    100.000  1024.4052  49482.669    31.3311     31.186    6.62364     8.8938     8.9028    24.2618   11.95286 3.0941e+00     31.483 0.0000e+00
        402 260.540987    0.02785     1.6708    100.250  1024.4045  49479.749    31.3286     31.372    6.62411     8.8892     8.9004    24.2603   11.95366 3.0360e+00     31.670 0.0000e+00
        403 260.540990    0.02792     1.6750    100.500  1024.4031  49475.503    31.3251     31.559    6.62475     8.8835     8.8971    24.2580   11.95476 2.9781e+00     31.859 0.0000e+00
        404 260.540992    0.02799     1.6792    100.750  1024.4026  49472.799    31.3224     31.753    6.62555     8.8779     8.8924    24.2566   11.95611 2.9194e+00     32.055 0.0000e+00
        405 260.540995    0.02806     1.6833    101.000  1024.4040  49473.353    31.3219     31.955    6.62640     8.8729     8.8868    24.2571   11.95753 2.8592e+00     32.259 0.0000e+00
        406 260.540998    0.02813     1.6875    101.250  1024.4063  49475.399    31.3225     32.166    6.62720     8.8686     8.8812    24.2584   11.95885 2.7978e+00     32.472 0.0000e+00
        407 260.541001    0.02819     1.6917    101.500  1024.4086  49477.568    31.3232     32.386    6.62791     8.8649     8.8763    24.2597   11.96001 2.7363e+00     32.694 0.0000e+00
        408 260.541004    0.02826     1.6958    101.750  1024.4109  49479.579    31.3239     32.610    6.62851     8.8617     8.8720    24.2609   11.96100 2.6763e+00     32.920 0.0000e+00
        409 260.541007    0.02833     1.7000    102.000  1024.4128  49481.164    31.3244     32.831    6.62904     8.8590     8.8683    24.2618   11.96187 2.6191e+00     33.143 0.0000e+00
        410 260.541010    0.02840     1.7042    102.250  1024.4148  49482.827    31.3250     33.044    6.62948     8.8569     8.8651    24.2628   11.96260 2.5655e+00     33.358 0.0000e+00
        411 260.541013    0.02847     1.7083    102.500  1024.4169  49484.921    31.3260     33.250    6.62984     8.8555     8.8624    24.2640   11.96317 2.5145e+00     33.566 0.0000e+00
        412 260.541016    0.02854     1.7125    102.750  1024.4190  49486.942    31.3270     33.451    6.63010     8.8546     8.8603    24.2651   11.96359 2.4647e+00     33.769 0.0000e+00
        413 260.541019    0.02861     1.7167    103.000  1024.4208  49488.596    31.3279     33.654    6.63027     8.8541     8.8589    24.2660   11.96387 2.4143e+00     33.974 0.0000e+00
        414 260.541021    0.02868     1.7208    103.250  1024.4223  49489.612    31.3284     33.863    6.63037     8.8537     8.8581    24.2665   11.96403 2.3625e+00     34.185 0.0000e+00
        415 260.541024    0.02875     1.7250    103.500  1024.4231  49489.446    31.3281     34.080    6.63045     8.8530     8.8576    24.2664   11.96416 2.3095e+00     34.404 0.0000e+00
        416 260.541027    0.02882     1.7292    103.750  1024.4234  49488.104    31.3270     34.302    6.63055     8.8514     8.8572    24.2656   11.96435 2.2564e+00     34.629 0.0000e+00
        417 260.541030    0.02889     1.7333    104.000  1024.4230  49485.661    31.3251     34.524    6.63075     8.8487     8.8565    24.2642   11.96469 2.2051e+00     34.852 0.0000e+00
        418 260.541033    0.02896     1.7375    104.250  1024.4221  49482.201    31.3224     34.737    6.63109     8.8445     8.8550    24.2623   11.96529 2.1572e+00     35.068 0.0000e+00
        419 260.541036    0.02903     1.7417    104.500  1024.4209  49478.274    31.3191     34.938    6.63162     8.8392     8.8523    24.2602   11.96622 2.1137e+00     35.271 0.0000e+00
        420 260.541039    0.02910     1.7458    104.750  1024.4205  49475.726    31.3166     35.125    6.63234     8.8338     8.8481    24.2589   11.96744 2.0744e+00     35.459 0.0000e+00
        421 260.541042    0.02917     1.7500    105.000  1024.4220  49476.747    31.3165     35.299    6.63314     8.8295     8.8428    24.2596   11.96876 2.0379e+00     35.635 0.0000e+00
        422 260.541045    0.02924     1.7542    105.250  1024.4252  49481.023    31.3187     35.468    6.63385     8.8268     8.8374    24.2621   11.96990 2.0027e+00     35.805 0.0000e+00
        423 260.541047    0.02931     1.7583    105.500  1024.4291  49486.429    31.3218     35.637    6.63435     8.8255     8.8331    24.2651   11.97071 1.9676e+00     35.976 0.0000e+00
        424 260.541050    0.02937     1.7625    105.750  1024.4324  49490.884    31.3244     35.811    6.63464     8.8250     8.8304    24.2676   11.97115 1.9321e+00     36.152 0.0000e+00
        425 260.541053    0.02944     1.7667    106.000  1024.4344  49493.039    31.3257     35.990    6.63477     8.8243     8.8291    24.2688   11.97135 1.8966e+00     36.333 0.0000e+00
