CTD-processing/allCTD/CNV--homogene/2018_07-18_alongbay_skb10_cast164.cnv
* Sea-Bird SBE19plus Data File:
* FileName = C:\Users\Kim.Powell\Desktop\Not Processed\2018\2018_07-18_AlongBay,T6,T7_5028\2018_07-18_TRANSECT_STATION_cast164.hex
* Software Version 1.59
* Temperature SN =  5028
* Conductivity SN =  5028
* System UpLoad Time = Jul 19 2018 13:36:38
** 2018_07-18
** Station: KB10
** Start Time: 15:55
** Depth (m): 63.2
** Comment:
** Comment:
# nquan = 17
# nvalues = 841                         
# units = specified
# name 0 = scan: Scan Count
# name 1 = timeJ: Julian Days
# name 2 = timeH: Time, Elapsed [hours]
# name 3 = timeM: Time, Elapsed [minutes]
# name 4 = timeS: Time, Elapsed [seconds]
# name 5 = density00: Density [density, kg/m^3]
# name 6 = specc: Specific Conductance [uS/cm]
# name 7 = sal00: Salinity, Practical [PSU]
# name 8 = depSM: Depth [salt water, m], lat = 59.00
# name 9 = oxsolML/L: Oxygen Saturation, Garcia & Gordon [ml/l]
# name 10 = potemp090C: Potential Temperature [ITS-90, deg C]
# name 11 = tv290C: Temperature [ITS-90, deg C]
# name 12 = sigma-é00: Density [sigma-theta, kg/m^3]
# name 13 = n2satML/L: Nitrogen Saturation [ml/l]
# name 14 = par: PAR/Irradiance, Biospherical/Licor
# name 15 = prdM: Pressure, Strain Gauge [db]
# name 16 = flag:  0.000e+00
# span 0 =          1,        841       
# span 1 = 199.663935, 199.666366       
# span 2 =    0.00000,    0.05833       
# span 3 =     0.0000,     3.5000       
# span 4 =      0.000,    210.000       
# span 5 =  1000.5992,  1024.8089       
# span 6 =   2732.976,  49962.341       
# span 7 =     1.4152,    31.4841       
# span 8 =     -0.016,     56.912       
# span 9 =    6.35811,    7.46965       
# span 10 =     7.7724,    12.1189      
# span 11 =     7.7778,    12.1190      
# span 12 =     0.5993,    24.5458      
# span 13 =   11.56731,   13.76165      
# span 14 = 6.1939e-02, 1.8883e+03      
# span 15 =     -0.016,     57.457      
# span 16 = 0.0000e+00, 0.0000e+00      
# interval = seconds: 0.25
# start_time = Jul 18 2018 15:56:04 [Instrument's time stamp, header]
# bad_flag = -9.990e-29
*END*
[from data line 511]
        512 199.665414    0.03549     2.1292    127.750  1020.0046  42067.290    26.4966      0.755    6.38928    11.9617    11.9655    20.0011   11.62224 8.1798e+02      0.762 0.0000e+00
        513 199.665417    0.03556     2.1333    128.000  1020.0049  42067.507    26.4967      0.758    6.38951    11.9594    11.9638    20.0014   11.62262 8.1387e+02      0.765 0.0000e+00
        514 199.665420    0.03562     2.1375    128.250  1020.0052  42067.651    26.4966      0.761    6.38979    11.9567    11.9618    20.0017   11.62309 7.9763e+02      0.768 0.0000e+00
        515 199.665422    0.03569     2.1417    128.500  1020.0055  42067.702    26.4965      0.763    6.39011    11.9538    11.9595    20.0020   11.62362 7.9616e+02      0.770 0.0000e+00
        516 199.665425    0.03576     2.1458    128.750  1020.0059  42067.851    26.4963      0.765    6.39048    11.9505    11.9568    20.0024   11.62423 8.0752e+02      0.772 0.0000e+00
        517 199.665428    0.03583     2.1500    129.000  1020.0065  42068.309    26.4964      0.767    6.39088    11.9472    11.9539    20.0030   11.62491 8.0608e+02      0.774 0.0000e+00
        518 199.665431    0.03590     2.1542    129.250  1020.0074  42069.401    26.4969      0.767    6.39130    11.9442    11.9506    20.0039   11.62560 7.9531e+02      0.774 0.0000e+00
        519 199.665434    0.03597     2.1583    129.500  1020.0087  42071.198    26.4978      0.764    6.39172    11.9417    11.9473    20.0052   11.62628 7.8924e+02      0.771 0.0000e+00
        520 199.665437    0.03604     2.1625    129.750  1020.0102  42073.418    26.4991      0.759    6.39208    11.9400    11.9443    20.0068   11.62687 7.9348e+02      0.766 0.0000e+00
        521 199.665440    0.03611     2.1667    130.000  1020.0116  42075.653    26.5005      0.753    6.39237    11.9391    11.9418    20.0082   11.62732 8.0610e+02      0.760 0.0000e+00
        522 199.665443    0.03618     2.1708    130.250  1020.0129  42077.576    26.5017      0.752    6.39255    11.9390    11.9400    20.0095   11.62762 8.1516e+02      0.759 0.0000e+00
        523 199.665446    0.03625     2.1750    130.500  1020.0138  42079.162    26.5027      0.757    6.39264    11.9397    11.9391    20.0104   11.62775 8.0965e+02      0.764 0.0000e+00
        524 199.665448    0.03632     2.1792    130.750  1020.0145  42080.309    26.5035      0.765    6.39261    11.9411    11.9390    20.0111   11.62771 7.8462e+02      0.772 0.0000e+00
        525 199.665451    0.03639     2.1833    131.000  1020.0147  42080.779    26.5039      0.773    6.39250    11.9429    11.9398    20.0112   11.62751 7.5257e+02      0.780 0.0000e+00
        526 199.665454    0.03646     2.1875    131.250  1020.0145  42080.542    26.5038      0.776    6.39231    11.9448    11.9412    20.0109   11.62719 7.3764e+02      0.783 0.0000e+00
        527 199.665457    0.03653     2.1917    131.500  1020.0138  42079.701    26.5034      0.773    6.39208    11.9465    11.9430    20.0103   11.62682 7.4535e+02      0.780 0.0000e+00
        528 199.665460    0.03660     2.1958    131.750  1020.0129  42078.398    26.5026      0.767    6.39185    11.9480    11.9449    20.0094   11.62645 7.4420e+02      0.774 0.0000e+00
        529 199.665463    0.03667     2.2000    132.000  1020.0118  42076.896    26.5017      0.763    6.39165    11.9491    11.9466    20.0084   11.62612 7.2309e+02      0.770 0.0000e+00
        530 199.665466    0.03674     2.2042    132.250  1020.0109  42075.455    26.5008      0.764    6.39149    11.9500    11.9481    20.0075   11.62586 7.2362e+02      0.771 0.0000e+00
        531 199.665469    0.03681     2.2083    132.500  1020.0101  42074.147    26.5000      0.769    6.39136    11.9506    11.9492    20.0066   11.62566 7.5997e+02      0.776 0.0000e+00
        532 199.665472    0.03687     2.2125    132.750  1020.0094  42072.912    26.4992      0.773    6.39128    11.9510    11.9501    20.0059   11.62553 8.0053e+02      0.780 0.0000e+00
        533 199.665475    0.03694     2.2167    133.000  1020.0087  42071.749    26.4985      0.774    6.39122    11.9512    11.9507    20.0052   11.62544 7.9383e+02      0.782 0.0000e+00
        534 199.665477    0.03701     2.2208    133.250  1020.0080  42070.647    26.4978      0.771    6.39120    11.9510    11.9511    20.0045   11.62541 7.2834e+02      0.778 0.0000e+00
        535 199.665480    0.03708     2.2250    133.500  1020.0075  42069.628    26.4971      0.765    6.39121    11.9507    11.9513    20.0040   11.62544 6.5915e+02      0.773 0.0000e+00
        536 199.665483    0.03715     2.2292    133.750  1020.0071  42068.937    26.4966      0.761    6.39125    11.9503    11.9511    20.0036   11.62552 6.1613e+02      0.769 0.0000e+00
        537 199.665486    0.03722     2.2333    134.000  1020.0071  42068.732    26.4964      0.762    6.39131    11.9501    11.9508    20.0035   11.62562 6.0305e+02      0.770 0.0000e+00
        538 199.665489    0.03729     2.2375    134.250  1020.0072  42068.831    26.4965      0.768    6.39135    11.9500    11.9504    20.0036   11.62569 6.1156e+02      0.775 0.0000e+00
        539 199.665492    0.03736     2.2417    134.500  1020.0073  42068.970    26.4965      0.776    6.39138    11.9502    11.9502    20.0037   11.62573 6.1850e+02      0.783 0.0000e+00
        540 199.665495    0.03743     2.2458    134.750  1020.0074  42069.212    26.4967      0.782    6.39138    11.9507    11.9501    20.0038   11.62573 6.2844e+02      0.790 0.0000e+00
        541 199.665498    0.03750     2.2500    135.000  1020.0077  42069.640    26.4970      0.785    6.39135    11.9515    11.9503    20.0041   11.62567 6.3955e+02      0.792 0.0000e+00
        542 199.665501    0.03757     2.2542    135.250  1020.0078  42069.971    26.4973      0.782    6.39127    11.9526    11.9508    20.0042   11.62554 6.3666e+02      0.790 0.0000e+00
        543 199.665503    0.03764     2.2583    135.500  1020.0079  42070.304    26.4976      0.775    6.39114    11.9537    11.9516    20.0043   11.62533 6.3048e+02      0.783 0.0000e+00
        544 199.665506    0.03771     2.2625    135.750  1020.0080  42070.830    26.4980      0.766    6.39098    11.9549    11.9527    20.0045   11.62505 6.2851e+02      0.774 0.0000e+00
        545 199.665509    0.03778     2.2667    136.000  1020.0080  42071.231    26.4984      0.759    6.39081    11.9561    11.9538    20.0045   11.62476 6.1751e+02      0.766 0.0000e+00
        546 199.665512    0.03785     2.2708    136.250  1020.0081  42071.546    26.4987      0.756    6.39063    11.9572    11.9550    20.0046   11.62446 5.9787e+02      0.764 0.0000e+00
        547 199.665515    0.03792     2.2750    136.500  1020.0082  42071.914    26.4991      0.760    6.39046    11.9584    11.9562    20.0046   11.62417 5.8666e+02      0.768 0.0000e+00
        548 199.665518    0.03799     2.2792    136.750  1020.0082  42072.101    26.4993      0.770    6.39029    11.9594    11.9573    20.0046   11.62389 5.9313e+02      0.777 0.0000e+00
        549 199.665521    0.03806     2.2833    137.000  1020.0081  42072.100    26.4994      0.782    6.39013    11.9604    11.9585    20.0045   11.62362 6.1398e+02      0.790 0.0000e+00
        550 199.665524    0.03812     2.2875    137.250  1020.0080  42071.981    26.4994      0.793    6.38998    11.9612    11.9595    20.0043   11.62338 6.3785e+02      0.801 0.0000e+00
        551 199.665527    0.03819     2.2917    137.500  1020.0077  42071.642    26.4993      0.799    6.38986    11.9617    11.9605    20.0040   11.62317 6.6311e+02      0.807 0.0000e+00
        552 199.665530    0.03826     2.2958    137.750  1020.0073  42071.099    26.4989      0.799    6.38976    11.9620    11.9613    20.0037   11.62302 7.0508e+02      0.807 0.0000e+00
        553 199.665532    0.03833     2.3000    138.000  1020.0069  42070.507    26.4985      0.790    6.38970    11.9621    11.9618    20.0033   11.62292 7.6544e+02      0.798 0.0000e+00
        554 199.665535    0.03840     2.3042    138.250  1020.0065  42069.983    26.4982      0.774    6.38968    11.9620    11.9621    20.0030   11.62288 8.0973e+02      0.781 0.0000e+00
        555 199.665538    0.03847     2.3083    138.500  1020.0062  42069.593    26.4979      0.756    6.38968    11.9618    11.9622    20.0028   11.62288 8.3582e+02      0.763 0.0000e+00
        556 199.665541    0.03854     2.3125    138.750  1020.0060  42069.342    26.4978      0.744    6.38970    11.9617    11.9621    20.0026   11.62292 8.5201e+02      0.751 0.0000e+00
        557 199.665544    0.03861     2.3167    139.000  1020.0059  42069.171    26.4977      0.743    6.38973    11.9615    11.9619    20.0026   11.62296 8.3052e+02      0.751 0.0000e+00
        558 199.665547    0.03868     2.3208    139.250  1020.0060  42069.081    26.4976      0.756    6.38975    11.9614    11.9618    20.0025   11.62301 7.9561e+02      0.764 0.0000e+00
        559 199.665550    0.03875     2.3250    139.500  1020.0061  42069.085    26.4975      0.776    6.38978    11.9613    11.9616    20.0025   11.62305 7.7992e+02      0.784 0.0000e+00
        560 199.665553    0.03882     2.3292    139.750  1020.0062  42069.060    26.4975      0.794    6.38979    11.9613    11.9615    20.0025   11.62308 7.8459e+02      0.802 0.0000e+00
        561 199.665556    0.03889     2.3333    140.000  1020.0062  42068.992    26.4975      0.803    6.38980    11.9612    11.9614    20.0025   11.62309 8.0383e+02      0.811 0.0000e+00
        562 199.665558    0.03896     2.3375    140.250  1020.0061  42068.961    26.4974      0.799    6.38981    11.9610    11.9614    20.0025   11.62310 8.2578e+02      0.807 0.0000e+00
        563 199.665561    0.03903     2.3417    140.500  1020.0061  42068.922    26.4974      0.786    6.38982    11.9607    11.9613    20.0025   11.62313 8.5754e+02      0.794 0.0000e+00
        564 199.665564    0.03910     2.3458    140.750  1020.0059  42068.825    26.4973      0.769    6.38985    11.9601    11.9611    20.0024   11.62318 8.8692e+02      0.777 0.0000e+00
        565 199.665567    0.03917     2.3500    141.000  1020.0058  42068.610    26.4972      0.757    6.38990    11.9592    11.9608    20.0024   11.62327 8.9856e+02      0.764 0.0000e+00
        566 199.665570    0.03924     2.3542    141.250  1020.0056  42068.153    26.4968      0.755    6.38999    11.9579    11.9602    20.0022   11.62342 9.2272e+02      0.762 0.0000e+00
        567 199.665573    0.03931     2.3583    141.500  1020.0054  42067.546    26.4963      0.764    6.39014    11.9562    11.9593    20.0020   11.62366 9.3721e+02      0.771 0.0000e+00
        568 199.665576    0.03938     2.3625    141.750  1020.0055  42067.291    26.4960      0.781    6.39034    11.9545    11.9580    20.0020   11.62400 9.0168e+02      0.788 0.0000e+00
        569 199.665579    0.03944     2.3667    142.000  1020.0060  42067.679    26.4961      0.799    6.39056    11.9532    11.9563    20.0024   11.62438 8.5569e+02      0.806 0.0000e+00
        570 199.665582    0.03951     2.3708    142.250  1020.0067  42068.529    26.4966      0.812    6.39077    11.9525    11.9546    20.0030   11.62472 8.3348e+02      0.819 0.0000e+00
        571 199.665584    0.03958     2.3750    142.500  1020.0075  42069.700    26.4973      0.816    6.39092    11.9523    11.9533    20.0038   11.62495 8.3717e+02      0.823 0.0000e+00
        572 199.665587    0.03965     2.3792    142.750  1020.0080  42070.612    26.4979      0.809    6.39099    11.9523    11.9526    20.0043   11.62507 8.5922e+02      0.817 0.0000e+00
        573 199.665590    0.03972     2.3833    143.000  1020.0079  42070.491    26.4978      0.795    6.39102    11.9519    11.9524    20.0043   11.62512 8.8989e+02      0.803 0.0000e+00
        574 199.665593    0.03979     2.3875    143.250  1020.0073  42069.388    26.4970      0.780    6.39106    11.9508    11.9524    20.0037   11.62519 9.0621e+02      0.788 0.0000e+00
        575 199.665596    0.03986     2.3917    143.500  1020.0064  42067.742    26.4958      0.772    6.39116    11.9487    11.9520    20.0029   11.62537 9.0813e+02      0.779 0.0000e+00
        576 199.665599    0.03993     2.3958    143.750  1020.0054  42065.684    26.4943      0.775    6.39137    11.9455    11.9509    20.0019   11.62574 9.1712e+02      0.782 0.0000e+00
        577 199.665602    0.04000     2.4000    144.000  1020.0046  42063.717    26.4928      0.786    6.39172    11.9418    11.9488    20.0010   11.62634 9.1322e+02      0.793 0.0000e+00
        578 199.665605    0.04007     2.4042    144.250  1020.0049  42063.550    26.4924      0.800    6.39217    11.9385    11.9456    20.0013   11.62709 8.8979e+02      0.808 0.0000e+00
        579 199.665608    0.04014     2.4083    144.500  1020.0066  42065.740    26.4936      0.810    6.39264    11.9365    11.9419    20.0029   11.62785 8.6236e+02      0.818 0.0000e+00
        580 199.665611    0.04021     2.4125    144.750  1020.0084  42068.514    26.4953      0.811    6.39301    11.9355    11.9386    20.0047   11.62846 8.3522e+02      0.819 0.0000e+00
        581 199.665613    0.04028     2.4167    145.000  1020.0097  42070.524    26.4965      0.804    6.39325    11.9354    11.9365    20.0061   11.62884 8.1731e+02      0.811 0.0000e+00
        582 199.665616    0.04035     2.4208    145.250  1020.0104  42071.643    26.4972      0.792    6.39335    11.9358    11.9356    20.0068   11.62900 8.2151e+02      0.800 0.0000e+00
        583 199.665619    0.04042     2.4250    145.500  1020.0106  42072.131    26.4975      0.782    6.39335    11.9366    11.9355    20.0070   11.62900 8.2015e+02      0.789 0.0000e+00
        584 199.665622    0.04049     2.4292    145.750  1020.0106  42072.326    26.4977      0.775    6.39329    11.9376    11.9359    20.0071   11.62889 7.8893e+02      0.782 0.0000e+00
        585 199.665625    0.04056     2.4333    146.000  1020.0106  42072.403    26.4978      0.774    6.39318    11.9388    11.9366    20.0070   11.62871 7.5740e+02      0.781 0.0000e+00
        586 199.665628    0.04063     2.4375    146.250  1020.0105  42072.341    26.4978      0.777    6.39304    11.9401    11.9377    20.0069   11.62847 7.4920e+02      0.784 0.0000e+00
        587 199.665631    0.04069     2.4417    146.500  1020.0102  42071.997    26.4977      0.783    6.39288    11.9412    11.9389    20.0066   11.62820 7.5303e+02      0.790 0.0000e+00
        588 199.665634    0.04076     2.4458    146.750  1020.0097  42071.338    26.4973      0.788    6.39272    11.9421    11.9402    20.0061   11.62794 7.5972e+02      0.796 0.0000e+00
        589 199.665637    0.04083     2.4500    147.000  1020.0092  42070.587    26.4969      0.794    6.39258    11.9427    11.9413    20.0055   11.62772 7.7579e+02      0.801 0.0000e+00
        590 199.665639    0.04090     2.4542    147.250  1020.0088  42070.053    26.4966      0.798    6.39248    11.9431    11.9421    20.0052   11.62755 7.9077e+02      0.805 0.0000e+00
        591 199.665642    0.04097     2.4583    147.500  1020.0087  42069.837    26.4965      0.800    6.39240    11.9434    11.9427    20.0050   11.62742 7.9666e+02      0.808 0.0000e+00
        592 199.665645    0.04104     2.4625    147.750  1020.0087  42069.924    26.4966      0.801    6.39234    11.9435    11.9432    20.0050   11.62731 7.9428e+02      0.808 0.0000e+00
        593 199.665648    0.04111     2.4667    148.000  1020.0088  42070.343    26.4969      0.799    6.39229    11.9434    11.9434    20.0052   11.62723 7.8578e+02      0.807 0.0000e+00
        594 199.665651    0.04118     2.4708    148.250  1020.0091  42070.979    26.4974      0.799    6.39225    11.9428    11.9436    20.0055   11.62716 7.8068e+02      0.807 0.0000e+00
        595 199.665654    0.04125     2.4750    148.500  1020.0096  42071.756    26.4979      0.804    6.39224    11.9414    11.9435    20.0060   11.62714 7.8358e+02      0.812 0.0000e+00
