CTD-processing/allCTD/CNV--homogene/2018_07-18_t6_s04_cast146.cnv
* Sea-Bird SBE19plus Data File:
* FileName = C:\Users\Kim.Powell\Desktop\Not Processed\2018\2018_07-18_AlongBay,T6,T7_5028\2018_07-18_TRANSECT_STATION_cast146.hex
* Software Version 1.59
* Temperature SN =  5028
* Conductivity SN =  5028
* System UpLoad Time = Jul 19 2018 13:07:15
** 2018_07-18
** Station: 6-04
** Start Time: 11:21
** Depth (m): 107.3
** Comment: Near convergence
** Comment:
# nquan = 17
# nvalues = 768                         
# units = specified
# name 0 = scan: Scan Count
# name 1 = timeJ: Julian Days
# name 2 = timeH: Time, Elapsed [hours]
# name 3 = timeM: Time, Elapsed [minutes]
# name 4 = timeS: Time, Elapsed [seconds]
# name 5 = density00: Density [density, kg/m^3]
# name 6 = specc: Specific Conductance [uS/cm]
# name 7 = sal00: Salinity, Practical [PSU]
# name 8 = depSM: Depth [salt water, m], lat = 59.00
# name 9 = oxsolML/L: Oxygen Saturation, Garcia & Gordon [ml/l]
# name 10 = potemp090C: Potential Temperature [ITS-90, deg C]
# name 11 = tv290C: Temperature [ITS-90, deg C]
# name 12 = sigma-é00: Density [sigma-theta, kg/m^3]
# name 13 = n2satML/L: Nitrogen Saturation [ml/l]
# name 14 = par: PAR/Irradiance, Biospherical/Licor
# name 15 = prdM: Pressure, Strain Gauge [db]
# name 16 = flag:  0.000e+00
# span 0 =          1,        768       
# span 1 = 199.472593, 199.474812       
# span 2 =    0.00000,    0.05326       
# span 3 =     0.0000,     3.1958       
# span 4 =      0.000,    191.750       
# span 5 =  1000.0116,  1025.2881       
# span 6 =   1223.974,  50474.446       
# span 7 =     0.6039,    31.9263       
# span 8 =      0.009,    103.544       
# span 9 =    6.50788,    7.57374       
# span 10 =     7.8255,    11.6459      
# span 11 =     7.8354,    11.6459      
# span 12 =     0.0116,    24.8100      
# span 13 =   11.75628,   13.94924      
# span 14 = 5.6389e-02, 1.8344e+03      
# span 15 =      0.009,    104.548      
# span 16 = 0.0000e+00, 0.0000e+00      
# interval = seconds: 0.25
# start_time = Jul 18 2018 11:20:32 [Instrument's time stamp, header]
# bad_flag = -9.990e-29
*END*
          1 199.472593    0.00000     0.0000      0.000  1000.4987   2409.849     1.2270      0.010    7.54554    11.6370    11.6371     0.4986   13.89261 2.3057e+02      0.010 0.0000e+00
          2 199.472595    0.00007     0.0042      0.250  1000.4773   2358.421     1.1995      0.010    7.54684    11.6370    11.6371     0.4772   13.89521 2.5361e+02      0.010 0.0000e+00
          3 199.472598    0.00014     0.0083      0.500  1000.4559   2307.070     1.1721      0.009    7.54815    11.6369    11.6370     0.4558   13.89781 2.8998e+02      0.009 0.0000e+00
          4 199.472601    0.00021     0.0125      0.750  1000.4380   2264.023     1.1491      0.009    7.54925    11.6369    11.6370     0.4379   13.90000 3.5040e+02      0.009 0.0000e+00
          5 199.472604    0.00028     0.0167      1.000  1000.4267   2236.859     1.1346      0.009    7.54994    11.6368    11.6369     0.4266   13.90138 4.5092e+02      0.009 0.0000e+00
          6 199.472607    0.00035     0.0208      1.250  1000.4271   2237.659     1.1351      0.009    7.54993    11.6368    11.6369     0.4270   13.90135 6.1802e+02      0.009 0.0000e+00
          7 199.472610    0.00042     0.0250      1.500  1000.4410   2270.904     1.1529      0.009    7.54909    11.6368    11.6368     0.4409   13.89968 8.9738e+02      0.009 0.0000e+00
          8 199.472613    0.00049     0.0292      1.750  1000.4702   2340.872     1.1904      0.009    7.54732    11.6368    11.6368     0.4701   13.89615 1.2448e+03      0.009 0.0000e+00
          9 199.472616    0.00056     0.0333      2.000  1000.5117   2440.425     1.2437      0.009    7.54479    11.6368    11.6368     0.5116   13.89111 1.5158e+03      0.009 0.0000e+00
         10 199.472619    0.00063     0.0375      2.250  1000.5517   2536.265     1.2951      0.010    7.54235    11.6369    11.6368     0.5517   13.88626 1.6673e+03      0.010 0.0000e+00
         11 199.472622    0.00069     0.0417      2.500  1000.5800   2603.923     1.3314      0.010    7.54063    11.6373    11.6368     0.5800   13.88282 1.7431e+03      0.010 0.0000e+00
         12 199.472624    0.00076     0.0458      2.750  1000.5958   2641.706     1.3517      0.009    7.53964    11.6378    11.6369     0.5958   13.88086 1.7688e+03      0.009 0.0000e+00
         13 199.472627    0.00083     0.0500      3.000  1000.5966   2643.798     1.3528      0.009    7.53953    11.6385    11.6373     0.5966   13.88066 1.7652e+03      0.009 0.0000e+00
         14 199.472630    0.00090     0.0542      3.250  1000.5824   2610.079     1.3346      0.009    7.54030    11.6393    11.6378     0.5824   13.88222 1.7488e+03      0.009 0.0000e+00
         15 199.472633    0.00097     0.0583      3.500  1000.5629   2563.622     1.3096      0.009    7.54137    11.6401    11.6385     0.5629   13.88438 1.7191e+03      0.009 0.0000e+00
         16 199.472636    0.00104     0.0625      3.750  1000.5465   2524.507     1.2886      0.009    7.54223    11.6408    11.6393     0.5464   13.88613 1.6567e+03      0.009 0.0000e+00
         17 199.472639    0.00111     0.0667      4.000  1000.5307   2486.921     1.2685      0.009    7.54305    11.6414    11.6401     0.5306   13.88780 1.5260e+03      0.009 0.0000e+00
         18 199.472642    0.00118     0.0708      4.250  1000.5077   2431.916     1.2391      0.009    7.54432    11.6419    11.6408     0.5077   13.89038 1.2759e+03      0.009 0.0000e+00
         19 199.472645    0.00125     0.0750      4.500  1000.4743   2351.801     1.1963      0.009    7.54625    11.6423    11.6414     0.4743   13.89425 9.4911e+02      0.009 0.0000e+00
         20 199.472648    0.00132     0.0792      4.750  1000.4324   2250.973     1.1426      0.009    7.54871    11.6426    11.6419     0.4323   13.89918 6.9346e+02      0.009 0.0000e+00
         21 199.472650    0.00139     0.0833      5.000  1000.3830   2132.022     1.0794      0.009    7.55164    11.6428    11.6423     0.3830   13.90504 5.5737e+02      0.009 0.0000e+00
         22 199.472653    0.00146     0.0875      5.250  1000.3294   2002.426     1.0107      0.009    7.55485    11.6429    11.6426     0.3294   13.91145 5.0101e+02      0.009 0.0000e+00
         23 199.472656    0.00153     0.0917      5.500  1000.2804   1883.732     0.9479      0.009    7.55780    11.6429    11.6428     0.2804   13.91734 5.0987e+02      0.009 0.0000e+00
         24 199.472659    0.00160     0.0958      5.750  1000.2430   1793.008     0.9000      0.010    7.56006    11.6429    11.6429     0.2430   13.92185 5.8859e+02      0.010 0.0000e+00
         25 199.472662    0.00167     0.1000      6.000  1000.2161   1727.475     0.8654      0.010    7.56170    11.6428    11.6429     0.2160   13.92512 7.5854e+02      0.010 0.0000e+00
         26 199.472665    0.00174     0.1042      6.250  1000.1945   1674.763     0.8377      0.010    7.56302    11.6428    11.6429     0.1944   13.92775 1.0538e+03      0.010 0.0000e+00
         27 199.472668    0.00181     0.1083      6.500  1000.1752   1627.645     0.8130      0.010    7.56421    11.6429    11.6428     0.1752   13.93011 1.4123e+03      0.010 0.0000e+00
         28 199.472671    0.00187     0.1125      6.750  1000.1575   1584.211     0.7903      0.009    7.56529    11.6430    11.6428     0.1574   13.93227 1.6810e+03      0.009 0.0000e+00
         29 199.472674    0.00194     0.1167      7.000  1000.1398   1540.662     0.7676      0.009    7.56637    11.6432    11.6429     0.1397   13.93441 1.8095e+03      0.009 0.0000e+00
         30 199.472677    0.00201     0.1208      7.250  1000.1210   1494.445     0.7435      0.010    7.56749    11.6435    11.6430     0.1209   13.93666 1.8344e+03      0.010 0.0000e+00
         31 199.472679    0.00208     0.1250      7.500  1000.1012   1445.772     0.7182      0.010    7.56866    11.6439    11.6432     0.1012   13.93899 1.7899e+03      0.010 0.0000e+00
         32 199.472682    0.00215     0.1292      7.750  1000.0809   1395.707     0.6923      0.009    7.56984    11.6443    11.6435     0.0809   13.94137 1.7044e+03      0.009 0.0000e+00
         33 199.472685    0.00222     0.1333      8.000  1000.0606   1345.475     0.6663      0.009    7.57102    11.6447    11.6439     0.0606   13.94374 1.5786e+03      0.009 0.0000e+00
         34 199.472688    0.00229     0.1375      8.250  1000.0412   1297.426     0.6415      0.009    7.57214    11.6450    11.6443     0.0411   13.94598 1.4510e+03      0.009 0.0000e+00
         35 199.472691    0.00236     0.1417      8.500  1000.0247   1256.595     0.6205      0.010    7.57308    11.6454    11.6447     0.0246   13.94787 1.4149e+03      0.010 0.0000e+00
         36 199.472694    0.00243     0.1458      8.750  1000.0140   1229.992     0.6069      0.010    7.57366    11.6457    11.6450     0.0139   13.94905 1.4727e+03      0.010 0.0000e+00
         37 199.472697    0.00250     0.1500      9.000  1000.0116   1223.974     0.6039      0.010    7.57374    11.6458    11.6454     0.0116   13.94924 1.5419e+03      0.010 0.0000e+00
         38 199.472700    0.00257     0.1542      9.250  1000.0158   1234.363     0.6094      0.009    7.57343    11.6459    11.6457     0.0158   13.94863 1.5878e+03      0.009 0.0000e+00
         39 199.472703    0.00264     0.1583      9.500  1000.0229   1251.422     0.6184      0.009    7.57297    11.6459    11.6458     0.0229   13.94772 1.6135e+03      0.009 0.0000e+00
         40 199.472705    0.00271     0.1625      9.750  1000.0322   1273.509     0.6303      0.009    7.57240    11.6458    11.6459     0.0321   13.94658 1.6214e+03      0.009 0.0000e+00
         41 199.472708    0.00278     0.1667     10.000  1000.0461   1306.385     0.6481      0.009    7.57156    11.6457    11.6459     0.0460   13.94492 1.6188e+03      0.009 0.0000e+00
         42 199.472711    0.00285     0.1708     10.250  1000.0710   1365.615     0.6801      0.009    7.57006    11.6454    11.6458     0.0709   13.94194 1.6167e+03      0.009 0.0000e+00
         43 199.472714    0.00292     0.1750     10.500  1000.1158   1472.475     0.7375      0.009    7.56737    11.6449    11.6457     0.1157   13.93659 1.6173e+03      0.009 0.0000e+00
         44 199.472717    0.00299     0.1792     10.750  1000.1870   1641.825     0.8288      0.009    7.56311    11.6439    11.6454     0.1869   13.92810 1.6108e+03      0.009 0.0000e+00
         45 199.472720    0.00306     0.1833     11.000  1000.2876   1879.541     0.9578      0.010    7.55713    11.6422    11.6449     0.2875   13.91617 1.5864e+03      0.010 0.0000e+00
         46 199.472723    0.00313     0.1875     11.250  1000.4086   2160.893     1.1130      0.010    7.55003    11.6391    11.6439     0.4085   13.90201 1.5358e+03      0.010 0.0000e+00
         47 199.472726    0.00319     0.1917     11.500  1000.5400   2458.253     1.2815      0.011    7.54250    11.6337    11.6422     0.5399   13.88698 1.4902e+03      0.011 0.0000e+00
         48 199.472729    0.00326     0.1958     11.750  1000.7015   2813.838     1.4889      0.012    7.53347    11.6246    11.6391     0.7014   13.86894 1.4896e+03      0.012 0.0000e+00
         49 199.472731    0.00333     0.2000     12.000  1000.9218   3287.606     1.7715      0.014    7.52145    11.6091    11.6337     0.9217   13.84488 1.5151e+03      0.014 0.0000e+00
         50 199.472734    0.00340     0.2042     12.250  1001.2189   3908.994     2.1527      0.018    7.50571    11.5832    11.6246     1.2188   13.81334 1.5431e+03      0.018 0.0000e+00
         51 199.472737    0.00347     0.2083     12.500  1001.6416   4771.273     2.6951      0.023    7.48394    11.5397    11.6091     1.6415   13.76964 1.5655e+03      0.023 0.0000e+00
         52 199.472740    0.00354     0.2125     12.750  1002.2993   6096.582     3.5390      0.033    7.45053    11.4671    11.5832     2.2992   13.70252 1.5716e+03      0.033 0.0000e+00
         53 199.472743    0.00361     0.2167     13.000  1003.3835   8276.192     4.9300      0.048    7.39562    11.3460    11.5397     3.3833   13.59218 1.5573e+03      0.049 0.0000e+00
         54 199.472746    0.00368     0.2208     13.250  1005.2066  11946.718     7.2689      0.074    7.30315    11.1454    11.4671     5.2062   13.40639 1.5229e+03      0.075 0.0000e+00
         55 199.472749    0.00375     0.2250     13.500  1008.2668  18115.725    11.1950      0.117    7.14773    10.8474    11.3460     8.2662   13.09411 1.4674e+03      0.119 0.0000e+00
         56 199.472752    0.00382     0.2292     13.750  1012.4812  26554.277    16.5942      0.185    6.93993    10.4910    11.1454    12.4804   12.67518 1.3762e+03      0.187 0.0000e+00
         57 199.472755    0.00389     0.2333     14.000  1016.5795  34645.612    21.8211      0.278    6.75537    10.1508    10.8474    16.5782   12.29836 1.2227e+03      0.281 0.0000e+00
         58 199.472758    0.00396     0.2375     14.250  1019.5295  40389.945    25.5520      0.383    6.64493     9.8759    10.4911    19.5278   12.06540 1.0502e+03      0.387 0.0000e+00
         59 199.472760    0.00403     0.2417     14.500  1021.4141  44029.087    27.9106      0.480    6.59155     9.6766    10.1509    21.4118   11.94553 9.6000e+02      0.484 0.0000e+00
         60 199.472763    0.00410     0.2458     14.750  1022.6114  46325.881    29.3964      0.557    6.56668     9.5434     9.8759    22.6088   11.88463 9.4685e+02      0.562 0.0000e+00
         61 199.472766    0.00417     0.2500     15.000  1023.3623  47759.573    30.3225      0.616    6.55525     9.4608     9.6766    23.3595   11.85343 9.2922e+02      0.622 0.0000e+00
         62 199.472769    0.00424     0.2542     15.250  1023.8298  48649.134    30.8970      0.667    6.54956     9.4147     9.5434    23.8268   11.83644 8.8716e+02      0.674 0.0000e+00
         63 199.472772    0.00431     0.2583     15.500  1024.1237  49206.746    31.2582      0.714    6.54584     9.3946     9.4608    24.1204   11.82553 8.4729e+02      0.721 0.0000e+00
         64 199.472775    0.00438     0.2625     15.750  1024.3109  49561.289    31.4894      0.751    6.54249     9.3915     9.4148    24.3074   11.81696 8.2680e+02      0.758 0.0000e+00
         65 199.472778    0.00444     0.2667     16.000  1024.4264  49780.491    31.6338      0.772    6.53915     9.3960     9.3947    24.4228   11.80955 8.1928e+02      0.780 0.0000e+00
         66 199.472781    0.00451     0.2708     16.250  1024.4908  49904.002    31.7161      0.778    6.53605     9.4000     9.3915    24.4872   11.80334 8.1059e+02      0.786 0.0000e+00
         67 199.472784    0.00458     0.2750     16.500  1024.5192  49960.242    31.7537      0.774    6.53376     9.3982     9.3960    24.5157   11.79905 8.0340e+02      0.782 0.0000e+00
         68 199.472786    0.00465     0.2792     16.750  1024.5231  49970.116    31.7596      0.768    6.53290     9.3892     9.4001    24.5195   11.79751 7.9907e+02      0.775 0.0000e+00
         69 199.472789    0.00472     0.2833     17.000  1024.5168  49960.183    31.7513      0.765    6.53348     9.3751     9.3983    24.5133   11.79854 7.9280e+02      0.773 0.0000e+00
         70 199.472792    0.00479     0.2875     17.250  1024.5146  49956.235    31.7467      0.769    6.53496     9.3592     9.3893    24.5111   11.80105 7.9648e+02      0.777 0.0000e+00
         71 199.472795    0.00486     0.2917     17.500  1024.5210  49967.017    31.7520      0.778    6.53677     9.3438     9.3752    24.5174   11.80397 8.3462e+02      0.786 0.0000e+00
         72 199.472798    0.00493     0.2958     17.750  1024.5338  49989.079    31.7651      0.788    6.53851     9.3299     9.3593    24.5302   11.80669 8.9782e+02      0.796 0.0000e+00
         73 199.472801    0.00500     0.3000     18.000  1024.5499  50016.957    31.7825      0.795    6.54000     9.3177     9.3438    24.5462   11.80895 9.4960e+02      0.802 0.0000e+00
         74 199.472804    0.00507     0.3042     18.250  1024.5657  50044.595    31.8000      0.795    6.54127     9.3073     9.3299    24.5621   11.81084 9.8008e+02      0.802 0.0000e+00
         75 199.472807    0.00514     0.3083     18.500  1024.5781  50066.100    31.8135      0.789    6.54246     9.2988     9.3178    24.5745   11.81265 9.7170e+02      0.797 0.0000e+00
         76 199.472810    0.00521     0.3125     18.750  1024.5856  50078.805    31.8210      0.781    6.54365     9.2926     9.3073    24.5820   11.81453 9.1810e+02      0.788 0.0000e+00
         77 199.472813    0.00528     0.3167     19.000  1024.5900  50086.074    31.8249      0.773    6.54471     9.2887     9.2989    24.5864   11.81623 8.6841e+02      0.780 0.0000e+00
         78 199.472815    0.00535     0.3208     19.250  1024.5944  50093.592    31.8293      0.769    6.54542     9.2867     9.2927    24.5908   11.81735 8.3746e+02      0.776 0.0000e+00
         79 199.472818    0.00542     0.3250     19.500  1024.5998  50103.195    31.8356      0.768    6.54573     9.2860     9.2887    24.5963   11.81779 7.9411e+02      0.776 0.0000e+00
         80 199.472821    0.00549     0.3292     19.750  1024.6047  50111.761    31.8413      0.771    6.54578     9.2855     9.2868    24.6011   11.81780 7.5120e+02      0.779 0.0000e+00
         81 199.472824    0.00556     0.3333     20.000  1024.6060  50114.016    31.8428      0.776    6.54582     9.2846     9.2860    24.6024   11.81785 7.6190e+02      0.784 0.0000e+00
         82 199.472827    0.00562     0.3375     20.250  1024.6023  50107.320    31.8380      0.783    6.54610     9.2838     9.2855    24.5988   11.81837 8.0014e+02      0.791 0.0000e+00
         83 199.472830    0.00569     0.3417     20.500  1024.5959  50095.476    31.8295      0.792    6.54658     9.2839     9.2847    24.5923   11.81927 8.1513e+02      0.800 0.0000e+00
         84 199.472833    0.00576     0.3458     20.750  1024.5909  50086.257    31.8229      0.802    6.54698     9.2852     9.2839    24.5872   11.82000 8.3309e+02      0.809 0.0000e+00
         85 199.472836    0.00583     0.3500     21.000  1024.5897  50084.147    31.8214      0.808    6.54703     9.2873     9.2840    24.5860   11.82010 8.4373e+02      0.815 0.0000e+00
