CTD-processing/allCTD/CNV--homogene/2018_09-17_alongbay_skb02_cast040.cnv
* Sea-Bird SBE19plus Data File:
* FileName = C:\Users\Kim.Powell\Desktop\Not Processed\2018\2018_09-17_AlongBay, T6, T7_5028\2018_09-17_TRANSECT_STATION_cast040.hex
* Software Version 1.59
* Temperature SN =  5028
* Conductivity SN =  5028
* System UpLoad Time = Sep 18 2018 16:18:15
** 2018_09-17
** Station: KB02
** Start Time: 15:00
** Depth (m): 123
** Comment: traveled through large convergence east of KB02
** Comment:
# nquan = 17
# nvalues = 804                         
# units = specified
# name 0 = scan: Scan Count
# name 1 = timeJ: Julian Days
# name 2 = timeH: Time, Elapsed [hours]
# name 3 = timeM: Time, Elapsed [minutes]
# name 4 = timeS: Time, Elapsed [seconds]
# name 5 = density00: Density [density, kg/m^3]
# name 6 = specc: Specific Conductance [uS/cm]
# name 7 = sal00: Salinity, Practical [PSU]
# name 8 = depSM: Depth [salt water, m], lat = 59.00
# name 9 = oxsolML/L: Oxygen Saturation, Garcia & Gordon [ml/l]
# name 10 = potemp090C: Potential Temperature [ITS-90, deg C]
# name 11 = tv290C: Temperature [ITS-90, deg C]
# name 12 = sigma-é00: Density [sigma-theta, kg/m^3]
# name 13 = n2satML/L: Nitrogen Saturation [ml/l]
# name 14 = par: PAR/Irradiance, Biospherical/Licor
# name 15 = prdM: Pressure, Strain Gauge [db]
# name 16 = flag:  0.000e+00
# span 0 =          1,        804       
# span 1 = 260.626238, 260.628562       
# span 2 =    0.00000,    0.05576       
# span 3 =     0.0000,     3.3458       
# span 4 =      0.000,    200.750       
# span 5 =  1012.4958,  1024.6971       
# span 6 =  26816.605,  49345.498       
# span 7 =    16.5093,    31.2018       
# span 8 =      0.150,    117.509       
# span 9 =    6.43304,    7.04228       
# span 10 =     8.9234,    10.4547      
# span 11 =     8.9355,    10.5242      
# span 12 =    12.4951,    24.1571      
# span 13 =   11.64387,   12.84590      
# span 14 = 5.0578e-02, 3.6796e+02      
# span 15 =      0.151,    118.652      
# span 16 = 0.0000e+00, 0.0000e+00      
# interval = seconds: 0.25
# start_time = Sep 17 2018 15:01:47 [Instrument's time stamp, header]
# bad_flag = -9.990e-29
*END*
[from data line 426]
        427 260.627471    0.02958     1.7750    106.500  1024.1617  49021.296    31.0864     40.252    6.54548     9.5278     9.5088    23.9770   11.82641 7.3707e-01     40.636 0.0000e+00
        428 260.627474    0.02965     1.7792    106.750  1024.1577  49013.553    31.0827     40.482    6.54370     9.5349     9.5222    23.9720   11.82351 7.1872e-01     40.868 0.0000e+00
        429 260.627477    0.02972     1.7833    107.000  1024.1548  49007.491    31.0796     40.714    6.54239     9.5398     9.5321    23.9681   11.82138 7.0079e-01     41.102 0.0000e+00
        430 260.627480    0.02979     1.7875    107.250  1024.1532  49003.439    31.0776     40.945    6.54145     9.5429     9.5393    23.9654   11.81984 6.8352e-01     41.335 0.0000e+00
        431 260.627483    0.02986     1.7917    107.500  1024.1524  49000.691    31.0762     41.171    6.54079     9.5442     9.5442    23.9636   11.81877 6.6706e-01     41.564 0.0000e+00
        432 260.627486    0.02993     1.7958    107.750  1024.1517  48998.123    31.0747     41.393    6.54040     9.5439     9.5473    23.9619   11.81814 6.5132e-01     41.788 0.0000e+00
        433 260.627488    0.03000     1.8000    108.000  1024.1515  48996.058    31.0734     41.613    6.54027     9.5423     9.5487    23.9606   11.81793 6.3608e-01     42.010 0.0000e+00
        434 260.627491    0.03007     1.8042    108.250  1024.1521  48995.503    31.0729     41.833    6.54034     9.5401     9.5483    23.9603   11.81805 6.2111e-01     42.233 0.0000e+00
        435 260.627494    0.03014     1.8083    108.500  1024.1537  48996.554    31.0733     42.056    6.54055     9.5379     9.5468    23.9609   11.81839 6.0636e-01     42.458 0.0000e+00
        436 260.627497    0.03021     1.8125    108.750  1024.1559  48998.521    31.0743     42.280    6.54081     9.5358     9.5447    23.9620   11.81881 5.9186e-01     42.684 0.0000e+00
        437 260.627500    0.03028     1.8167    109.000  1024.1582  49000.688    31.0754     42.506    6.54109     9.5337     9.5424    23.9632   11.81925 5.7769e-01     42.912 0.0000e+00
        438 260.627503    0.03035     1.8208    109.250  1024.1603  49002.672    31.0765     42.732    6.54135     9.5318     9.5403    23.9644   11.81968 5.6402e-01     43.140 0.0000e+00
        439 260.627506    0.03042     1.8250    109.500  1024.1623  49004.387    31.0773     42.955    6.54160     9.5298     9.5383    23.9654   11.82009 5.5093e-01     43.365 0.0000e+00
        440 260.627509    0.03049     1.8292    109.750  1024.1642  49005.914    31.0780     43.174    6.54185     9.5279     9.5364    23.9662   11.82049 5.3834e-01     43.586 0.0000e+00
        441 260.627512    0.03056     1.8333    110.000  1024.1660  49007.326    31.0787     43.389    6.54210     9.5260     9.5345    23.9670   11.82090 5.2618e-01     43.803 0.0000e+00
        442 260.627514    0.03062     1.8375    110.250  1024.1677  49008.640    31.0793     43.601    6.54234     9.5241     9.5326    23.9678   11.82130 5.1439e-01     44.017 0.0000e+00
        443 260.627517    0.03069     1.8417    110.500  1024.1694  49009.874    31.0798     43.814    6.54259     9.5222     9.5307    23.9685   11.82170 5.0280e-01     44.232 0.0000e+00
        444 260.627520    0.03076     1.8458    110.750  1024.1711  49011.071    31.0803     44.028    6.54284     9.5201     9.5289    23.9692   11.82210 4.9129e-01     44.448 0.0000e+00
        445 260.627523    0.03083     1.8500    111.000  1024.1728  49012.316    31.0808     44.244    6.54310     9.5181     9.5269    23.9699   11.82253 4.7990e-01     44.667 0.0000e+00
        446 260.627526    0.03090     1.8542    111.250  1024.1746  49013.699    31.0814     44.464    6.54337     9.5161     9.5249    23.9707   11.82297 4.6869e-01     44.888 0.0000e+00
        447 260.627529    0.03097     1.8583    111.500  1024.1766  49015.264    31.0821     44.686    6.54363     9.5142     9.5228    23.9716   11.82340 4.5767e-01     45.113 0.0000e+00
        448 260.627532    0.03104     1.8625    111.750  1024.1785  49016.930    31.0830     44.909    6.54388     9.5126     9.5208    23.9726   11.82380 4.4690e-01     45.338 0.0000e+00
        449 260.627535    0.03111     1.8667    112.000  1024.1804  49018.546    31.0838     45.130    6.54411     9.5112     9.5190    23.9735   11.82417 4.3645e-01     45.561 0.0000e+00
        450 260.627538    0.03118     1.8708    112.250  1024.1823  49020.005    31.0845     45.351    6.54431     9.5100     9.5174    23.9743   11.82449 4.2629e-01     45.784 0.0000e+00
        451 260.627541    0.03125     1.8750    112.500  1024.1840  49021.255    31.0851     45.572    6.54448     9.5088     9.5161    23.9750   11.82477 4.1638e-01     46.008 0.0000e+00
        452 260.627543    0.03132     1.8792    112.750  1024.1856  49022.342    31.0856     45.793    6.54464     9.5077     9.5149    23.9756   11.82502 4.0672e-01     46.231 0.0000e+00
        453 260.627546    0.03139     1.8833    113.000  1024.1871  49023.354    31.0861     46.014    6.54478     9.5068     9.5137    23.9761   11.82525 3.9732e-01     46.453 0.0000e+00
        454 260.627549    0.03146     1.8875    113.250  1024.1887  49024.342    31.0865     46.232    6.54491     9.5059     9.5127    23.9767   11.82546 3.8823e-01     46.674 0.0000e+00
        455 260.627552    0.03153     1.8917    113.500  1024.1902  49025.300    31.0870     46.447    6.54503     9.5050     9.5117    23.9772   11.82566 3.7953e-01     46.891 0.0000e+00
        456 260.627555    0.03160     1.8958    113.750  1024.1916  49026.183    31.0874     46.659    6.54514     9.5043     9.5108    23.9777   11.82584 3.7118e-01     47.105 0.0000e+00
        457 260.627558    0.03167     1.9000    114.000  1024.1930  49026.968    31.0878     46.868    6.54525     9.5035     9.5100    23.9781   11.82600 3.6310e-01     47.316 0.0000e+00
        458 260.627561    0.03174     1.9042    114.250  1024.1943  49027.675    31.0881     47.077    6.54534     9.5026     9.5093    23.9784   11.82616 3.5521e-01     47.527 0.0000e+00
        459 260.627564    0.03181     1.9083    114.500  1024.1956  49028.346    31.0883     47.288    6.54544     9.5017     9.5085    23.9788   11.82632 3.4743e-01     47.740 0.0000e+00
        460 260.627567    0.03188     1.9125    114.750  1024.1969  49029.094    31.0887     47.500    6.54555     9.5009     9.5077    23.9791   11.82649 3.3971e-01     47.954 0.0000e+00
        461 260.627569    0.03194     1.9167    115.000  1024.1984  49029.977    31.0891     47.715    6.54566     9.5001     9.5068    23.9796   11.82666 3.3210e-01     48.171 0.0000e+00
        462 260.627572    0.03201     1.9208    115.250  1024.1999  49030.870    31.0895     47.930    6.54576     9.4993     9.5060    23.9801   11.82683 3.2466e-01     48.388 0.0000e+00
        463 260.627575    0.03208     1.9250    115.500  1024.2013  49031.698    31.0899     48.145    6.54585     9.4986     9.5052    23.9805   11.82699 3.1744e-01     48.605 0.0000e+00
        464 260.627578    0.03215     1.9292    115.750  1024.2027  49032.504    31.0902     48.359    6.54594     9.4978     9.5044    23.9809   11.82713 3.1044e-01     48.821 0.0000e+00
        465 260.627581    0.03222     1.9333    116.000  1024.2040  49033.294    31.0906     48.571    6.54603     9.4971     9.5037    23.9813   11.82727 3.0367e-01     49.035 0.0000e+00
        466 260.627584    0.03229     1.9375    116.250  1024.2054  49034.025    31.0909     48.783    6.54612     9.4963     9.5031    23.9817   11.82741 2.9709e-01     49.249 0.0000e+00
        467 260.627587    0.03236     1.9417    116.500  1024.2067  49034.671    31.0912     48.996    6.54621     9.4954     9.5024    23.9820   11.82755 2.9062e-01     49.464 0.0000e+00
        468 260.627590    0.03243     1.9458    116.750  1024.2080  49035.269    31.0915     49.212    6.54631     9.4944     9.5016    23.9823   11.82772 2.8421e-01     49.682 0.0000e+00
        469 260.627593    0.03250     1.9500    117.000  1024.2093  49035.901    31.0917     49.430    6.54643     9.4933     9.5007    23.9827   11.82791 2.7789e-01     49.902 0.0000e+00
        470 260.627595    0.03257     1.9542    117.250  1024.2107  49036.652    31.0920     49.651    6.54656     9.4921     9.4997    23.9830   11.82812 2.7165e-01     50.125 0.0000e+00
        471 260.627598    0.03264     1.9583    117.500  1024.2122  49037.515    31.0924     49.872    6.54670     9.4909     9.4986    23.9835   11.82835 2.6555e-01     50.349 0.0000e+00
        472 260.627601    0.03271     1.9625    117.750  1024.2137  49038.364    31.0927     50.091    6.54685     9.4897     9.4975    23.9840   11.82860 2.5970e-01     50.569 0.0000e+00
        473 260.627604    0.03278     1.9667    118.000  1024.2150  49039.108    31.0930     50.304    6.54701     9.4884     9.4963    23.9844   11.82885 2.5416e-01     50.785 0.0000e+00
        474 260.627607    0.03285     1.9708    118.250  1024.2163  49039.675    31.0931     50.513    6.54718     9.4868     9.4951    23.9847   11.82913 2.4886e-01     50.996 0.0000e+00
        475 260.627610    0.03292     1.9750    118.500  1024.2174  49039.942    31.0931     50.720    6.54737     9.4849     9.4938    23.9848   11.82946 2.4373e-01     51.205 0.0000e+00
        476 260.627613    0.03299     1.9792    118.750  1024.2184  49039.984    31.0928     50.927    6.54760     9.4826     9.4922    23.9848   11.82984 2.3872e-01     51.414 0.0000e+00
        477 260.627616    0.03306     1.9833    119.000  1024.2195  49040.296    31.0927     51.136    6.54788     9.4802     9.4903    23.9850   11.83030 2.3376e-01     51.625 0.0000e+00
        478 260.627619    0.03313     1.9875    119.250  1024.2211  49041.243    31.0929     51.350    6.54819     9.4777     9.4881    23.9856   11.83082 2.2880e-01     51.840 0.0000e+00
        479 260.627622    0.03319     1.9917    119.500  1024.2229  49042.539    31.0934     51.566    6.54852     9.4752     9.4857    23.9864   11.83136 2.2393e-01     52.059 0.0000e+00
        480 260.627624    0.03326     1.9958    119.750  1024.2246  49043.696    31.0938     51.783    6.54886     9.4725     9.4832    23.9871   11.83191 2.1918e-01     52.278 0.0000e+00
        481 260.627627    0.03333     2.0000    120.000  1024.2260  49044.422    31.0939     51.998    6.54922     9.4692     9.4807    23.9875   11.83250 2.1459e-01     52.496 0.0000e+00
        482 260.627630    0.03340     2.0042    120.250  1024.2271  49044.509    31.0935     52.211    6.54963     9.4651     9.4780    23.9877   11.83319 2.1019e-01     52.710 0.0000e+00
        483 260.627633    0.03347     2.0083    120.500  1024.2280  49044.037    31.0927     52.420    6.55013     9.4601     9.4748    23.9875   11.83404 2.0597e-01     52.921 0.0000e+00
        484 260.627636    0.03354     2.0125    120.750  1024.2289  49043.675    31.0918     52.628    6.55076     9.4545     9.4707    23.9875   11.83508 2.0183e-01     53.132 0.0000e+00
        485 260.627639    0.03361     2.0167    121.000  1024.2303  49044.257    31.0914     52.838    6.55149     9.4488     9.4657    23.9880   11.83630 1.9775e-01     53.343 0.0000e+00
        486 260.627642    0.03368     2.0208    121.250  1024.2325  49046.041    31.0918     53.051    6.55228     9.4432     9.4601    23.9892   11.83760 1.9371e-01     53.558 0.0000e+00
        487 260.627645    0.03375     2.0250    121.500  1024.2351  49048.492    31.0927     53.268    6.55308     9.4378     9.4544    23.9908   11.83891 1.8971e-01     53.777 0.0000e+00
        488 260.627648    0.03382     2.0292    121.750  1024.2377  49050.884    31.0936     53.489    6.55385     9.4326     9.4489    23.9923   11.84018 1.8577e-01     54.000 0.0000e+00
        489 260.627650    0.03389     2.0333    122.000  1024.2400  49052.937    31.0942     53.710    6.55460     9.4275     9.4435    23.9936   11.84141 1.8194e-01     54.224 0.0000e+00
        490 260.627653    0.03396     2.0375    122.250  1024.2422  49054.742    31.0947     53.928    6.55533     9.4225     9.4384    23.9948   11.84261 1.7830e-01     54.444 0.0000e+00
        491 260.627656    0.03403     2.0417    122.500  1024.2445  49056.694    31.0953     54.140    6.55604     9.4179     9.4333    23.9961   11.84379 1.7488e-01     54.658 0.0000e+00
        492 260.627659    0.03410     2.0458    122.750  1024.2470  49059.247    31.0963     54.345    6.55672     9.4139     9.4283    23.9977   11.84490 1.7168e-01     54.865 0.0000e+00
        493 260.627662    0.03417     2.0500    123.000  1024.2498  49062.320    31.0978     54.546    6.55732     9.4106     9.4237    23.9996   11.84588 1.6860e-01     55.068 0.0000e+00
        494 260.627665    0.03424     2.0542    123.250  1024.2525  49065.396    31.0993     54.747    6.55783     9.4081     9.4197    24.0014   11.84671 1.6557e-01     55.271 0.0000e+00
        495 260.627668    0.03431     2.0583    123.500  1024.2550  49068.057    31.1007     54.950    6.55824     9.4061     9.4165    24.0030   11.84737 1.6254e-01     55.476 0.0000e+00
        496 260.627671    0.03438     2.0625    123.750  1024.2572  49070.147    31.1017     55.158    6.55856     9.4044     9.4139    24.0042   11.84789 1.5953e-01     55.686 0.0000e+00
        497 260.627674    0.03444     2.0667    124.000  1024.2591  49071.649    31.1024     55.370    6.55882     9.4029     9.4119    24.0051   11.84832 1.5656e-01     55.900 0.0000e+00
        498 260.627677    0.03451     2.0708    124.250  1024.2606  49072.620    31.1028     55.583    6.55905     9.4015     9.4103    24.0056   11.84868 1.5365e-01     56.115 0.0000e+00
        499 260.627679    0.03458     2.0750    124.500  1024.2619  49073.298    31.1030     55.794    6.55925     9.4001     9.4088    24.0060   11.84901 1.5085e-01     56.328 0.0000e+00
        500 260.627682    0.03465     2.0792    124.750  1024.2633  49073.976    31.1032     56.002    6.55945     9.3988     9.4074    24.0063   11.84934 1.4817e-01     56.538 0.0000e+00
        501 260.627685    0.03472     2.0833    125.000  1024.2647  49074.773    31.1035     56.208    6.55964     9.3976     9.4060    24.0068   11.84964 1.4560e-01     56.746 0.0000e+00
        502 260.627688    0.03479     2.0875    125.250  1024.2661  49075.634    31.1038     56.411    6.55981     9.3965     9.4047    24.0073   11.84992 1.4315e-01     56.951 0.0000e+00
        503 260.627691    0.03486     2.0917    125.500  1024.2674  49076.391    31.1041     56.615    6.55996     9.3954     9.4036    24.0077   11.85018 1.4077e-01     57.157 0.0000e+00
        504 260.627694    0.03493     2.0958    125.750  1024.2686  49076.907    31.1042     56.822    6.56011     9.3942     9.4025    24.0079   11.85043 1.3837e-01     57.366 0.0000e+00
        505 260.627697    0.03500     2.1000    126.000  1024.2697  49077.143    31.1041     57.033    6.56027     9.3927     9.4014    24.0081   11.85069 1.3596e-01     57.579 0.0000e+00
        506 260.627700    0.03507     2.1042    126.250  1024.2707  49077.054    31.1038     57.248    6.56046     9.3908     9.4003    24.0080   11.85100 1.3357e-01     57.797 0.0000e+00
        507 260.627703    0.03514     2.1083    126.500  1024.2714  49076.537    31.1032     57.466    6.56070     9.3880     9.3988    24.0077   11.85140 1.3123e-01     58.017 0.0000e+00
        508 260.627705    0.03521     2.1125    126.750  1024.2719  49075.568    31.1021     57.685    6.56103     9.3843     9.3969    24.0072   11.85196 1.2897e-01     58.238 0.0000e+00
        509 260.627708    0.03528     2.1167    127.000  1024.2723  49074.407    31.1009     57.901    6.56148     9.3794     9.3941    24.0067   11.85272 1.2682e-01     58.455 0.0000e+00
        510 260.627711    0.03535     2.1208    127.250  1024.2729  49073.576    31.0997     58.112    6.56207     9.3736     9.3904    24.0063   11.85372 1.2476e-01     58.669 0.0000e+00
