CTD-processing/allCTD/CNV--homogene/2018_03-27_t9_s04_cast027.cnv
* Sea-Bird SBE19plus Data File:
* FileName = P:\My Documents\kasitsna\Research-KBL\Oceanography-AK\CTD-Data-ALL-to-2017-02\2018-CTD-KachemakBay-CookInlet\2018-03-27-CookInlet-Tran9-HomerSpit\2018-03-27-CookInlet-Tran9-cast027.hex
* Software Version 1.59
* Temperature SN =  5028
* Conductivity SN =  5028
* System UpLoad Time = Mar 28 2018 11:13:55
** Cook Inlet LTM Transect 9 Homer Spit Line north to south
** Date: 2018_03-27
** Station: (eg. 9-01): 9-04
** Start time (AKDT): 11:09
** Depth (m): 97.5
** Comment:
** Comment:
# nquan = 17
# nvalues = 794                         
# units = specified
# name 0 = scan: Scan Count
# name 1 = timeJ: Julian Days
# name 2 = timeH: Time, Elapsed [hours]
# name 3 = timeM: Time, Elapsed [minutes]
# name 4 = timeS: Time, Elapsed [seconds]
# name 5 = density00: Density [density, kg/m^3]
# name 6 = specc: Specific Conductance [uS/cm]
# name 7 = sal00: Salinity, Practical [PSU]
# name 8 = depSM: Depth [salt water, m], lat = 59.00
# name 9 = oxsolML/L: Oxygen Saturation, Garcia & Gordon [ml/l]
# name 10 = potemp090C: Potential Temperature [ITS-90, deg C]
# name 11 = tv290C: Temperature [ITS-90, deg C]
# name 12 = sigma-é00: Density [sigma-theta, kg/m^3]
# name 13 = n2satML/L: Nitrogen Saturation [ml/l]
# name 14 = par: PAR/Irradiance, Biospherical/Licor
# name 15 = prdM: Pressure, Strain Gauge [db]
# name 16 = flag:  0.000e+00
# span 0 =          1,        794       
# span 1 =  86.464954,  86.467248       
# span 2 =    0.00000,    0.05507       
# span 3 =     0.0000,     3.3042       
# span 4 =      0.000,    198.250       
# span 5 =  1024.6695,  1025.6527       
# span 6 =  50587.276,  51468.231       
# span 7 =    30.9761,    31.7569       
# span 8 =      0.548,     94.865       
# span 9 =    7.40134,    7.61321       
# span 10 =     3.1158,     4.0152      
# span 11 =     3.0894,     4.0213      
# span 12 =    24.6669,    25.2061      
# span 13 =   13.23277,   13.59271      
# span 14 = 3.7976e-02, 2.2254e+02      
# span 15 =      0.553,     95.783      
# span 16 = 0.0000e+00, 0.0000e+00      
# interval = seconds: 0.25
# start_time = Mar 27 2018 11:09:32 [Instrument's time stamp, header]
# bad_flag = -9.990e-29
*END*
[from data line 426]
        427  86.466186    0.02958     1.7750    106.500  1025.2461  51389.866    31.6391     20.172    7.48360     3.6200     3.6021    25.1507   13.37006 2.0413e+00     20.363 0.0000e+00
        428  86.466189    0.02965     1.7792    106.750  1025.2479  51389.637    31.6412     20.379    7.48175     3.6288     3.6116    25.1515   13.36698 1.9609e+00     20.572 0.0000e+00
        429  86.466192    0.02972     1.7833    107.000  1025.2478  51385.976    31.6410     20.583    7.47999     3.6365     3.6212    25.1505   13.36408 1.8849e+00     20.778 0.0000e+00
        430  86.466195    0.02979     1.7875    107.250  1025.2473  51381.648    31.6401     20.787    7.47841     3.6432     3.6301    25.1490   13.36148 1.8120e+00     20.984 0.0000e+00
        431  86.466198    0.02986     1.7917    107.500  1025.2471  51378.116    31.6395     20.993    7.47702     3.6489     3.6378    25.1478   13.35920 1.7417e+00     21.192 0.0000e+00
        432  86.466201    0.02993     1.7958    107.750  1025.2470  51375.034    31.6390     21.202    7.47582     3.6539     3.6445    25.1468   13.35722 1.6738e+00     21.403 0.0000e+00
        433  86.466204    0.03000     1.8000    108.000  1025.2472  51372.574    31.6386     21.412    7.47478     3.6582     3.6502    25.1460   13.35552 1.6083e+00     21.615 0.0000e+00
        434  86.466207    0.03007     1.8042    108.250  1025.2477  51370.901    31.6386     21.624    7.47388     3.6619     3.6552    25.1455   13.35402 1.5454e+00     21.829 0.0000e+00
        435  86.466209    0.03014     1.8083    108.500  1025.2484  51369.584    31.6387     21.835    7.47308     3.6652     3.6595    25.1452   13.35271 1.4853e+00     22.042 0.0000e+00
        436  86.466212    0.03021     1.8125    108.750  1025.2490  51368.184    31.6386     22.045    7.47239     3.6680     3.6633    25.1447   13.35157 1.4277e+00     22.254 0.0000e+00
        437  86.466215    0.03028     1.8167    109.000  1025.2495  51366.874    31.6384     22.254    7.47180     3.6704     3.6666    25.1443   13.35059 1.3725e+00     22.465 0.0000e+00
        438  86.466218    0.03035     1.8208    109.250  1025.2504  51366.238    31.6385     22.463    7.47128     3.6726     3.6693    25.1441   13.34974 1.3198e+00     22.676 0.0000e+00
        439  86.466221    0.03042     1.8250    109.500  1025.2516  51366.363    31.6391     22.670    7.47081     3.6749     3.6717    25.1444   13.34895 1.2701e+00     22.885 0.0000e+00
        440  86.466224    0.03049     1.8292    109.750  1025.2529  51366.867    31.6399     22.872    7.47035     3.6772     3.6740    25.1448   13.34818 1.2236e+00     23.089 0.0000e+00
        441  86.466227    0.03056     1.8333    110.000  1025.2544  51367.545    31.6408     23.069    7.46989     3.6795     3.6763    25.1454   13.34741 1.1801e+00     23.288 0.0000e+00
        442  86.466230    0.03062     1.8375    110.250  1025.2559  51368.368    31.6419     23.263    7.46941     3.6819     3.6786    25.1460   13.34662 1.1390e+00     23.484 0.0000e+00
        443  86.466233    0.03069     1.8417    110.500  1025.2575  51369.293    31.6430     23.457    7.46893     3.6844     3.6809    25.1466   13.34581 1.0993e+00     23.680 0.0000e+00
        444  86.466236    0.03076     1.8458    110.750  1025.2592  51370.456    31.6442     23.654    7.46843     3.6873     3.6833    25.1474   13.34496 1.0598e+00     23.879 0.0000e+00
        445  86.466238    0.03083     1.8500    111.000  1025.2614  51372.313    31.6460     23.858    7.46787     3.6907     3.6859    25.1486   13.34401 1.0201e+00     24.085 0.0000e+00
        446  86.466241    0.03090     1.8542    111.250  1025.2640  51374.969    31.6484     24.070    7.46721     3.6947     3.6888    25.1503   13.34290 9.8064e-01     24.299 0.0000e+00
        447  86.466244    0.03097     1.8583    111.500  1025.2667  51377.451    31.6508     24.289    7.46646     3.6989     3.6922    25.1519   13.34162 9.4191e-01     24.520 0.0000e+00
        448  86.466247    0.03104     1.8625    111.750  1025.2689  51378.958    31.6527     24.509    7.46564     3.7033     3.6962    25.1530   13.34024 9.0481e-01     24.742 0.0000e+00
        449  86.466250    0.03111     1.8667    112.000  1025.2705  51379.444    31.6540     24.726    7.46479     3.7073     3.7004    25.1536   13.33883 8.7003e-01     24.961 0.0000e+00
        450  86.466253    0.03118     1.8708    112.250  1025.2715  51378.696    31.6545     24.937    7.46398     3.7109     3.7048    25.1536   13.33748 8.3769e-01     25.174 0.0000e+00
        451  86.466256    0.03125     1.8750    112.500  1025.2720  51377.184    31.6544     25.142    7.46324     3.7140     3.7089    25.1531   13.33627 8.0734e-01     25.381 0.0000e+00
        452  86.466259    0.03132     1.8792    112.750  1025.2725  51375.903    31.6543     25.344    7.46259     3.7169     3.7125    25.1527   13.33519 7.7844e-01     25.585 0.0000e+00
        453  86.466262    0.03139     1.8833    113.000  1025.2733  51375.084    31.6544     25.545    7.46201     3.7196     3.7156    25.1525   13.33423 7.5071e-01     25.788 0.0000e+00
        454  86.466264    0.03146     1.8875    113.250  1025.2743  51374.771    31.6548     25.748    7.46147     3.7223     3.7185    25.1526   13.33334 7.2383e-01     25.992 0.0000e+00
        455  86.466267    0.03153     1.8917    113.500  1025.2756  51375.081    31.6555     25.954    7.46094     3.7251     3.7212    25.1529   13.33245 6.9741e-01     26.200 0.0000e+00
        456  86.466270    0.03160     1.8958    113.750  1025.2772  51375.893    31.6566     26.166    7.46038     3.7282     3.7239    25.1536   13.33152 6.7111e-01     26.414 0.0000e+00
        457  86.466273    0.03167     1.9000    114.000  1025.2792  51377.209    31.6581     26.385    7.45979     3.7316     3.7267    25.1545   13.33051 6.4486e-01     26.636 0.0000e+00
        458  86.466276    0.03174     1.9042    114.250  1025.2814  51378.940    31.6599     26.613    7.45913     3.7351     3.7298    25.1556   13.32941 6.1888e-01     26.866 0.0000e+00
        459  86.466279    0.03181     1.9083    114.500  1025.2833  51379.838    31.6613     26.845    7.45844     3.7383     3.7332    25.1564   13.32826 5.9361e-01     27.100 0.0000e+00
        460  86.466282    0.03188     1.9125    114.750  1025.2840  51378.670    31.6612     27.074    7.45780     3.7409     3.7367    25.1560   13.32719 5.6970e-01     27.331 0.0000e+00
        461  86.466285    0.03194     1.9167    115.000  1025.2841  51376.504    31.6604     27.296    7.45725     3.7431     3.7400    25.1551   13.32629 5.4768e-01     27.555 0.0000e+00
        462  86.466288    0.03201     1.9208    115.250  1025.2846  51375.276    31.6601     27.507    7.45678     3.7452     3.7426    25.1546   13.32553 5.2768e-01     27.768 0.0000e+00
        463  86.466291    0.03208     1.9250    115.500  1025.2859  51375.728    31.6609     27.707    7.45635     3.7478     3.7447    25.1550   13.32481 5.0936e-01     27.970 0.0000e+00
        464  86.466293    0.03215     1.9292    115.750  1025.2882  51377.935    31.6628     27.902    7.45586     3.7511     3.7469    25.1563   13.32397 4.9200e-01     28.167 0.0000e+00
        465  86.466296    0.03222     1.9333    116.000  1025.2911  51381.161    31.6655     28.098    7.45525     3.7548     3.7495    25.1582   13.32293 4.7485e-01     28.365 0.0000e+00
        466  86.466299    0.03229     1.9375    116.250  1025.2933  51383.066    31.6675     28.302    7.45455     3.7583     3.7528    25.1595   13.32174 4.5749e-01     28.571 0.0000e+00
        467  86.466302    0.03236     1.9417    116.500  1025.2944  51382.670    31.6680     28.517    7.45384     3.7614     3.7565    25.1596   13.32057 4.3995e-01     28.788 0.0000e+00
        468  86.466305    0.03243     1.9458    116.750  1025.2952  51381.554    31.6680     28.741    7.45320     3.7641     3.7600    25.1593   13.31951 4.2260e-01     29.014 0.0000e+00
        469  86.466308    0.03250     1.9500    117.000  1025.2960  51380.645    31.6681     28.969    7.45262     3.7666     3.7632    25.1590   13.31856 4.0583e-01     29.245 0.0000e+00
        470  86.466311    0.03257     1.9542    117.250  1025.2970  51380.161    31.6683     29.196    7.45210     3.7690     3.7659    25.1590   13.31770 3.8999e-01     29.474 0.0000e+00
        471  86.466314    0.03264     1.9583    117.500  1025.2983  51380.459    31.6690     29.418    7.45161     3.7716     3.7684    25.1593   13.31688 3.7525e-01     29.697 0.0000e+00
        472  86.466317    0.03271     1.9625    117.750  1025.3001  51381.633    31.6703     29.631    7.45110     3.7745     3.7709    25.1601   13.31602 3.6162e-01     29.912 0.0000e+00
        473  86.466319    0.03278     1.9667    118.000  1025.3025  51383.895    31.6724     29.837    7.45054     3.7782     3.7734    25.1615   13.31506 3.4898e-01     30.120 0.0000e+00
        474  86.466322    0.03285     1.9708    118.250  1025.3060  51388.153    31.6759     30.038    7.44983     3.7834     3.7764    25.1640   13.31385 3.3712e-01     30.323 0.0000e+00
        475  86.466325    0.03292     1.9750    118.500  1025.3113  51395.754    31.6819     30.235    7.44885     3.7905     3.7801    25.1684   13.31215 3.2585e-01     30.522 0.0000e+00
        476  86.466328    0.03299     1.9792    118.750  1025.3174  51404.556    31.6891     30.432    7.44752     3.7985     3.7854    25.1737   13.30987 3.1499e-01     30.721 0.0000e+00
        477  86.466331    0.03306     1.9833    119.000  1025.3215  51409.238    31.6939     30.631    7.44599     3.8063     3.7924    25.1768   13.30728 3.0438e-01     30.922 0.0000e+00
        478  86.466334    0.03313     1.9875    119.250  1025.3230  51408.767    31.6954     30.835    7.44445     3.8130     3.8005    25.1773   13.30471 2.9393e-01     31.128 0.0000e+00
        479  86.466337    0.03319     1.9917    119.500  1025.3230  51405.699    31.6951     31.046    7.44304     3.8185     3.8083    25.1764   13.30240 2.8362e-01     31.341 0.0000e+00
        480  86.466340    0.03326     1.9958    119.750  1025.3223  51401.480    31.6938     31.263    7.44188     3.8226     3.8150    25.1747   13.30049 2.7351e-01     31.561 0.0000e+00
        481  86.466343    0.03333     2.0000    120.000  1025.3215  51397.090    31.6920     31.485    7.44098     3.8255     3.8205    25.1727   13.29902 2.6367e-01     31.785 0.0000e+00
        482  86.466345    0.03340     2.0042    120.250  1025.3208  51393.297    31.6903     31.707    7.44032     3.8275     3.8246    25.1710   13.29796 2.5430e-01     32.009 0.0000e+00
        483  86.466348    0.03347     2.0083    120.500  1025.3205  51390.457    31.6890     31.923    7.43985     3.8289     3.8275    25.1696   13.29721 2.4561e-01     32.227 0.0000e+00
        484  86.466351    0.03354     2.0125    120.750  1025.3206  51388.604    31.6881     32.129    7.43953     3.8298     3.8295    25.1688   13.29669 2.3765e-01     32.435 0.0000e+00
        485  86.466354    0.03361     2.0167    121.000  1025.3209  51387.383    31.6875     32.325    7.43931     3.8305     3.8309    25.1682   13.29633 2.3036e-01     32.633 0.0000e+00
        486  86.466357    0.03368     2.0208    121.250  1025.3214  51386.561    31.6871     32.514    7.43915     3.8309     3.8318    25.1678   13.29608 2.2351e-01     32.823 0.0000e+00
        487  86.466360    0.03375     2.0250    121.500  1025.3220  51386.100    31.6868     32.701    7.43905     3.8312     3.8325    25.1675   13.29591 2.1686e-01     33.012 0.0000e+00
        488  86.466363    0.03382     2.0292    121.750  1025.3227  51385.878    31.6867     32.891    7.43897     3.8314     3.8329    25.1673   13.29579 2.1022e-01     33.204 0.0000e+00
        489  86.466366    0.03389     2.0333    122.000  1025.3235  51385.767    31.6866     33.088    7.43892     3.8316     3.8333    25.1672   13.29570 2.0359e-01     33.403 0.0000e+00
        490  86.466369    0.03396     2.0375    122.250  1025.3245  51385.907    31.6866     33.292    7.43887     3.8319     3.8335    25.1673   13.29562 1.9703e-01     33.608 0.0000e+00
        491  86.466372    0.03403     2.0417    122.500  1025.3257  51386.433    31.6869     33.500    7.43882     3.8322     3.8337    25.1675   13.29553 1.9058e-01     33.819 0.0000e+00
        492  86.466374    0.03410     2.0458    122.750  1025.3270  51387.092    31.6873     33.711    7.43875     3.8326     3.8340    25.1678   13.29542 1.8432e-01     34.032 0.0000e+00
        493  86.466377    0.03417     2.0500    123.000  1025.3282  51387.580    31.6876     33.923    7.43868     3.8330     3.8343    25.1680   13.29528 1.7831e-01     34.246 0.0000e+00
        494  86.466380    0.03424     2.0542    123.250  1025.3294  51387.969    31.6879     34.135    7.43859     3.8335     3.8347    25.1682   13.29514 1.7256e-01     34.460 0.0000e+00
        495  86.466383    0.03431     2.0583    123.500  1025.3305  51388.341    31.6882     34.345    7.43850     3.8339     3.8351    25.1684   13.29498 1.6710e-01     34.672 0.0000e+00
        496  86.466386    0.03438     2.0625    123.750  1025.3316  51388.504    31.6883     34.553    7.43841     3.8342     3.8356    25.1684   13.29483 1.6192e-01     34.882 0.0000e+00
        497  86.466389    0.03444     2.0667    124.000  1025.3324  51388.341    31.6882     34.757    7.43834     3.8343     3.8360    25.1683   13.29472 1.5698e-01     35.088 0.0000e+00
        498  86.466392    0.03451     2.0708    124.250  1025.3331  51387.968    31.6879     34.960    7.43830     3.8343     3.8363    25.1680   13.29466 1.5223e-01     35.293 0.0000e+00
        499  86.466395    0.03458     2.0750    124.500  1025.3339  51387.747    31.6877     35.163    7.43828     3.8343     3.8365    25.1678   13.29463 1.4761e-01     35.498 0.0000e+00
        500  86.466398    0.03465     2.0792    124.750  1025.3347  51387.729    31.6876     35.370    7.43827     3.8343     3.8365    25.1677   13.29462 1.4310e-01     35.707 0.0000e+00
        501  86.466400    0.03472     2.0833    125.000  1025.3356  51387.755    31.6875     35.578    7.43828     3.8342     3.8365    25.1677   13.29464 1.3873e-01     35.917 0.0000e+00
        502  86.466403    0.03479     2.0875    125.250  1025.3366  51387.939    31.6875     35.787    7.43829     3.8342     3.8365    25.1677   13.29465 1.3455e-01     36.128 0.0000e+00
        503  86.466406    0.03486     2.0917    125.500  1025.3378  51388.430    31.6877     35.991    7.43829     3.8344     3.8365    25.1678   13.29464 1.3061e-01     36.334 0.0000e+00
        504  86.466409    0.03493     2.0958    125.750  1025.3392  51389.292    31.6882     36.190    7.43826     3.8348     3.8365    25.1682   13.29460 1.2693e-01     36.535 0.0000e+00
        505  86.466412    0.03500     2.1000    126.000  1025.3407  51390.592    31.6890     36.385    7.43819     3.8356     3.8366    25.1689   13.29447 1.2347e-01     36.732 0.0000e+00
        506  86.466415    0.03507     2.1042    126.250  1025.3425  51392.313    31.6902     36.580    7.43805     3.8368     3.8371    25.1698   13.29423 1.2011e-01     36.928 0.0000e+00
        507  86.466418    0.03514     2.1083    126.500  1025.3445  51394.166    31.6916     36.778    7.43784     3.8383     3.8379    25.1708   13.29385 1.1678e-01     37.128 0.0000e+00
        508  86.466421    0.03521     2.1125    126.750  1025.3465  51395.967    31.6930     36.982    7.43755     3.8402     3.8391    25.1718   13.29335 1.1347e-01     37.335 0.0000e+00
        509  86.466424    0.03528     2.1167    127.000  1025.3486  51397.815    31.6945     37.192    7.43719     3.8423     3.8406    25.1729   13.29273 1.1021e-01     37.547 0.0000e+00
        510  86.466427    0.03535     2.1208    127.250  1025.3506  51399.498    31.6960     37.406    7.43677     3.8443     3.8425    25.1739   13.29203 1.0704e-01     37.763 0.0000e+00
