CTD-processing/allCTD/CNV--homogene/2018_03-27_alongbay_skb02_cast035.cnv
* Sea-Bird SBE19plus Data File:
* FileName = P:\My Documents\kasitsna\Research-KBL\Oceanography-AK\CTD-Data-ALL-to-2017-02\2018-CTD-KachemakBay-CookInlet\2018-03-27-CookInlet-AlongBay\2018-03-27-CookInlet-AlongBay-cast035.hex
* Software Version 1.59
* Temperature SN =  5028
* Conductivity SN =  5028
* System UpLoad Time = Mar 28 2018 11:47:49
** Cook Inlet LTM Along-Bay (T7-22 to KB12)
** Date: 2018_03-27
** Station: (eg. 9-01): KB02
** Start time (AKDT): 14:08
** Depth (m): 125.3
** Comment:  Extended to T7-22 due to calm seas.
** Comment:
# nquan = 17
# nvalues = 904                         
# units = specified
# name 0 = scan: Scan Count
# name 1 = timeJ: Julian Days
# name 2 = timeH: Time, Elapsed [hours]
# name 3 = timeM: Time, Elapsed [minutes]
# name 4 = timeS: Time, Elapsed [seconds]
# name 5 = density00: Density [density, kg/m^3]
# name 6 = specc: Specific Conductance [uS/cm]
# name 7 = sal00: Salinity, Practical [PSU]
# name 8 = depSM: Depth [salt water, m], lat = 59.00
# name 9 = oxsolML/L: Oxygen Saturation, Garcia & Gordon [ml/l]
# name 10 = potemp090C: Potential Temperature [ITS-90, deg C]
# name 11 = tv290C: Temperature [ITS-90, deg C]
# name 12 = sigma-é00: Density [sigma-theta, kg/m^3]
# name 13 = n2satML/L: Nitrogen Saturation [ml/l]
# name 14 = par: PAR/Irradiance, Biospherical/Licor
# name 15 = prdM: Pressure, Strain Gauge [db]
# name 16 = flag:  0.000e+00
# span 0 =          1,        904       
# span 1 =  86.589583,  86.592196       
# span 2 =    0.00000,    0.06271       
# span 3 =     0.0000,     3.7625       
# span 4 =      0.000,    225.750       
# span 5 =  1025.0142,  1025.7825       
# span 6 =  51004.242,  51973.109       
# span 7 =    31.5401,    32.0880       
# span 8 =      0.282,    121.037       
# span 9 =    7.35640,    7.42978       
# span 10 =     3.9902,     4.2792      
# span 11 =     3.7733,     4.2793      
# span 12 =    25.0114,    25.4917      
# span 13 =   13.15894,   13.27537      
# span 14 = 3.7976e-02, 2.5700e+02      
# span 15 =      0.285,    122.215      
# span 16 = 0.0000e+00, 0.0000e+00      
# interval = seconds: 0.25
# start_time = Mar 27 2018 14:09:00 [Instrument's time stamp, header]
# bad_flag = -9.990e-29
*END*
[from data line 596]
        597  86.591308    0.04139     2.4833    149.000  1025.5066  51448.519    31.7641     63.019    7.39761     4.0358     4.0400    25.2094   13.22651 1.0551e-01     63.623 0.0000e+00
        598  86.591311    0.04146     2.4875    149.250  1025.5076  51448.794    31.7642     63.216    7.39761     4.0357     4.0399    25.2094   13.22652 1.0344e-01     63.822 0.0000e+00
        599  86.591314    0.04153     2.4917    149.500  1025.5085  51449.051    31.7642     63.414    7.39762     4.0357     4.0399    25.2095   13.22652 1.0140e-01     64.023 0.0000e+00
        600  86.591317    0.04160     2.4958    149.750  1025.5095  51449.270    31.7643     63.611    7.39762     4.0356     4.0398    25.2095   13.22653 9.9427e-02     64.222 0.0000e+00
        601  86.591319    0.04167     2.5000    150.000  1025.5104  51449.448    31.7643     63.805    7.39763     4.0356     4.0398    25.2095   13.22655 9.7552e-02     64.417 0.0000e+00
        602  86.591322    0.04174     2.5042    150.250  1025.5113  51449.611    31.7643     63.994    7.39763     4.0356     4.0398    25.2096   13.22656 9.5765e-02     64.609 0.0000e+00
        603  86.591325    0.04181     2.5083    150.500  1025.5122  51449.729    31.7643     64.181    7.39764     4.0355     4.0397    25.2096   13.22656 9.4048e-02     64.797 0.0000e+00
        604  86.591328    0.04188     2.5125    150.750  1025.5130  51449.806    31.7642     64.366    7.39764     4.0355     4.0397    25.2095   13.22657 9.2388e-02     64.984 0.0000e+00
        605  86.591331    0.04194     2.5167    151.000  1025.5139  51449.925    31.7642     64.552    7.39765     4.0355     4.0397    25.2095   13.22657 9.0773e-02     65.171 0.0000e+00
        606  86.591334    0.04201     2.5208    151.250  1025.5148  51450.087    31.7642     64.738    7.39765     4.0355     4.0397    25.2095   13.22657 8.9202e-02     65.359 0.0000e+00
        607  86.591337    0.04208     2.5250    151.500  1025.5157  51450.253    31.7642     64.924    7.39764     4.0355     4.0397    25.2095   13.22657 8.7673e-02     65.547 0.0000e+00
        608  86.591340    0.04215     2.5292    151.750  1025.5166  51450.403    31.7642     65.109    7.39764     4.0355     4.0397    25.2095   13.22656 8.6187e-02     65.734 0.0000e+00
        609  86.591343    0.04222     2.5333    152.000  1025.5175  51450.547    31.7642     65.294    7.39764     4.0355     4.0397    25.2095   13.22656 8.4753e-02     65.920 0.0000e+00
        610  86.591345    0.04229     2.5375    152.250  1025.5183  51450.701    31.7643     65.478    7.39764     4.0355     4.0398    25.2095   13.22656 8.3371e-02     66.106 0.0000e+00
        611  86.591348    0.04236     2.5417    152.500  1025.5192  51450.869    31.7643     65.665    7.39763     4.0355     4.0398    25.2095   13.22655 8.2012e-02     66.295 0.0000e+00
        612  86.591351    0.04243     2.5458    152.750  1025.5201  51451.054    31.7643     65.853    7.39763     4.0354     4.0397    25.2096   13.22655 8.0655e-02     66.485 0.0000e+00
        613  86.591354    0.04250     2.5500    153.000  1025.5210  51451.211    31.7643     66.045    7.39763     4.0352     4.0397    25.2096   13.22656 7.9308e-02     66.679 0.0000e+00
        614  86.591357    0.04257     2.5542    153.250  1025.5219  51451.323    31.7643     66.239    7.39765     4.0351     4.0396    25.2095   13.22658 7.7975e-02     66.875 0.0000e+00
        615  86.591360    0.04264     2.5583    153.500  1025.5228  51451.473    31.7643     66.437    7.39767     4.0350     4.0395    25.2095   13.22661 7.6655e-02     67.075 0.0000e+00
        616  86.591363    0.04271     2.5625    153.750  1025.5238  51451.706    31.7643     66.639    7.39769     4.0349     4.0394    25.2096   13.22665 7.5357e-02     67.279 0.0000e+00
        617  86.591366    0.04278     2.5667    154.000  1025.5248  51451.966    31.7643     66.843    7.39771     4.0348     4.0393    25.2096   13.22668 7.4094e-02     67.485 0.0000e+00
        618  86.591369    0.04285     2.5708    154.250  1025.5259  51452.215    31.7644     67.048    7.39773     4.0347     4.0392    25.2097   13.22671 7.2886e-02     67.692 0.0000e+00
        619  86.591372    0.04292     2.5750    154.500  1025.5269  51452.468    31.7644     67.251    7.39774     4.0347     4.0391    25.2097   13.22673 7.1741e-02     67.897 0.0000e+00
        620  86.591374    0.04299     2.5792    154.750  1025.5279  51452.719    31.7645     67.450    7.39775     4.0346     4.0391    25.2098   13.22674 7.0656e-02     68.098 0.0000e+00
        621  86.591377    0.04306     2.5833    155.000  1025.5288  51452.944    31.7645     67.643    7.39775     4.0346     4.0391    25.2099   13.22675 6.9626e-02     68.293 0.0000e+00
        622  86.591380    0.04312     2.5875    155.250  1025.5297  51453.111    31.7645     67.832    7.39775     4.0346     4.0390    25.2099   13.22675 6.8643e-02     68.483 0.0000e+00
        623  86.591383    0.04319     2.5917    155.500  1025.5306  51453.221    31.7645     68.019    7.39775     4.0346     4.0390    25.2098   13.22675 6.7684e-02     68.672 0.0000e+00
        624  86.591386    0.04326     2.5958    155.750  1025.5314  51453.326    31.7645     68.208    7.39775     4.0346     4.0390    25.2098   13.22675 6.6726e-02     68.863 0.0000e+00
        625  86.591389    0.04333     2.6000    156.000  1025.5323  51453.437    31.7645     68.400    7.39775     4.0346     4.0390    25.2098   13.22675 6.5768e-02     69.057 0.0000e+00
        626  86.591392    0.04340     2.6042    156.250  1025.5333  51453.547    31.7645     68.596    7.39775     4.0346     4.0391    25.2098   13.22674 6.4826e-02     69.255 0.0000e+00
        627  86.591395    0.04347     2.6083    156.500  1025.5342  51453.691    31.7645     68.794    7.39775     4.0346     4.0391    25.2098   13.22673 6.3913e-02     69.455 0.0000e+00
        628  86.591398    0.04354     2.6125    156.750  1025.5352  51453.886    31.7645     68.991    7.39774     4.0346     4.0391    25.2098   13.22673 6.3024e-02     69.654 0.0000e+00
        629  86.591400    0.04361     2.6167    157.000  1025.5361  51454.119    31.7645     69.187    7.39774     4.0346     4.0391    25.2099   13.22673 6.2159e-02     69.852 0.0000e+00
        630  86.591403    0.04368     2.6208    157.250  1025.5371  51454.368    31.7646     69.381    7.39773     4.0346     4.0391    25.2099   13.22672 6.1330e-02     70.048 0.0000e+00
        631  86.591406    0.04375     2.6250    157.500  1025.5380  51454.615    31.7647     69.571    7.39773     4.0346     4.0391    25.2100   13.22670 6.0551e-02     70.240 0.0000e+00
        632  86.591409    0.04382     2.6292    157.750  1025.5390  51454.871    31.7648     69.758    7.39772     4.0345     4.0391    25.2101   13.22670 5.9804e-02     70.428 0.0000e+00
        633  86.591412    0.04389     2.6333    158.000  1025.5399  51455.161    31.7649     69.943    7.39773     4.0343     4.0391    25.2101   13.22670 5.9074e-02     70.615 0.0000e+00
        634  86.591415    0.04396     2.6375    158.250  1025.5409  51455.511    31.7650     70.128    7.39774     4.0342     4.0390    25.2102   13.22671 5.8366e-02     70.802 0.0000e+00
        635  86.591418    0.04403     2.6417    158.500  1025.5419  51455.903    31.7651     70.312    7.39775     4.0341     4.0389    25.2103   13.22673 5.7684e-02     70.988 0.0000e+00
        636  86.591421    0.04410     2.6458    158.750  1025.5429  51456.273    31.7652     70.497    7.39776     4.0341     4.0388    25.2104   13.22674 5.7017e-02     71.175 0.0000e+00
        637  86.591424    0.04417     2.6500    159.000  1025.5439  51456.563    31.7653     70.684    7.39777     4.0342     4.0387    25.2105   13.22675 5.6352e-02     71.364 0.0000e+00
        638  86.591427    0.04424     2.6542    159.250  1025.5448  51456.735    31.7654     70.873    7.39777     4.0342     4.0387    25.2106   13.22676 5.5697e-02     71.555 0.0000e+00
        639  86.591429    0.04431     2.6583    159.500  1025.5456  51456.791    31.7653     71.062    7.39776     4.0342     4.0388    25.2105   13.22675 5.5069e-02     71.745 0.0000e+00
        640  86.591432    0.04437     2.6625    159.750  1025.5464  51456.808    31.7653     71.247    7.39776     4.0343     4.0388    25.2105   13.22674 5.4473e-02     71.932 0.0000e+00
        641  86.591435    0.04444     2.6667    160.000  1025.5473  51456.882    31.7652     71.428    7.39775     4.0343     4.0389    25.2104   13.22673 5.3905e-02     72.115 0.0000e+00
        642  86.591438    0.04451     2.6708    160.250  1025.5481  51457.027    31.7652     71.606    7.39774     4.0343     4.0389    25.2105   13.22671 5.3358e-02     72.294 0.0000e+00
        643  86.591441    0.04458     2.6750    160.500  1025.5489  51457.171    31.7652     71.782    7.39773     4.0343     4.0389    25.2105   13.22670 5.2829e-02     72.472 0.0000e+00
        644  86.591444    0.04465     2.6792    160.750  1025.5498  51457.279    31.7652     71.959    7.39772     4.0343     4.0390    25.2105   13.22669 5.2321e-02     72.650 0.0000e+00
        645  86.591447    0.04472     2.6833    161.000  1025.5506  51457.437    31.7652     72.138    7.39772     4.0342     4.0390    25.2105   13.22669 5.1818e-02     72.832 0.0000e+00
        646  86.591450    0.04479     2.6875    161.250  1025.5516  51457.681    31.7653     72.323    7.39773     4.0342     4.0390    25.2105   13.22669 5.1299e-02     73.018 0.0000e+00
        647  86.591453    0.04486     2.6917    161.500  1025.5526  51457.982    31.7654     72.514    7.39773     4.0342     4.0389    25.2106   13.22669 5.0766e-02     73.211 0.0000e+00
        648  86.591455    0.04493     2.6958    161.750  1025.5536  51458.317    31.7655     72.712    7.39772     4.0342     4.0389    25.2107   13.22668 5.0236e-02     73.411 0.0000e+00
        649  86.591458    0.04500     2.7000    162.000  1025.5546  51458.607    31.7656     72.914    7.39772     4.0342     4.0389    25.2108   13.22667 4.9725e-02     73.616 0.0000e+00
        650  86.591461    0.04507     2.7042    162.250  1025.5557  51458.865    31.7657     73.120    7.39771     4.0342     4.0389    25.2108   13.22666 4.9240e-02     73.823 0.0000e+00
        651  86.591464    0.04514     2.7083    162.500  1025.5567  51459.189    31.7658     73.324    7.39770     4.0343     4.0390    25.2109   13.22664 4.8773e-02     74.029 0.0000e+00
        652  86.591467    0.04521     2.7125    162.750  1025.5577  51459.531    31.7660     73.521    7.39768     4.0344     4.0390    25.2110   13.22661 4.8323e-02     74.229 0.0000e+00
        653  86.591470    0.04528     2.7167    163.000  1025.5587  51459.781    31.7661     73.711    7.39766     4.0345     4.0391    25.2111   13.22657 4.7899e-02     74.420 0.0000e+00
        654  86.591473    0.04535     2.7208    163.250  1025.5596  51459.950    31.7661     73.893    7.39764     4.0346     4.0392    25.2112   13.22653 4.7507e-02     74.604 0.0000e+00
        655  86.591476    0.04542     2.7250    163.500  1025.5604  51460.067    31.7662     74.071    7.39762     4.0346     4.0393    25.2112   13.22651 4.7139e-02     74.784 0.0000e+00
        656  86.591479    0.04549     2.7292    163.750  1025.5612  51460.154    31.7661     74.248    7.39761     4.0347     4.0394    25.2111   13.22649 4.6781e-02     74.962 0.0000e+00
        657  86.591481    0.04556     2.7333    164.000  1025.5621  51460.261    31.7661     74.428    7.39760     4.0347     4.0394    25.2111   13.22647 4.6420e-02     75.144 0.0000e+00
        658  86.591484    0.04562     2.7375    164.250  1025.5630  51460.380    31.7661     74.614    7.39759     4.0348     4.0395    25.2111   13.22645 4.6054e-02     75.333 0.0000e+00
        659  86.591487    0.04569     2.7417    164.500  1025.5639  51460.498    31.7661     74.808    7.39758     4.0348     4.0395    25.2111   13.22643 4.5688e-02     75.528 0.0000e+00
        660  86.591490    0.04576     2.7458    164.750  1025.5648  51460.600    31.7661     75.005    7.39756     4.0348     4.0396    25.2111   13.22641 4.5324e-02     75.727 0.0000e+00
        661  86.591493    0.04583     2.7500    165.000  1025.5657  51460.644    31.7661     75.203    7.39756     4.0348     4.0396    25.2111   13.22640 4.4970e-02     75.926 0.0000e+00
        662  86.591496    0.04590     2.7542    165.250  1025.5665  51460.677    31.7660     75.398    7.39756     4.0348     4.0397    25.2110   13.22640 4.4636e-02     76.123 0.0000e+00
        663  86.591499    0.04597     2.7583    165.500  1025.5674  51460.767    31.7660     75.588    7.39756     4.0348     4.0397    25.2109   13.22640 4.4319e-02     76.315 0.0000e+00
        664  86.591502    0.04604     2.7625    165.750  1025.5683  51460.905    31.7660     75.773    7.39756     4.0348     4.0397    25.2109   13.22641 4.4013e-02     76.502 0.0000e+00
        665  86.591505    0.04611     2.7667    166.000  1025.5692  51461.065    31.7660     75.958    7.39756     4.0347     4.0397    25.2110   13.22641 4.3714e-02     76.689 0.0000e+00
        666  86.591508    0.04618     2.7708    166.250  1025.5701  51461.257    31.7660     76.147    7.39756     4.0347     4.0397    25.2110   13.22640 4.3418e-02     76.880 0.0000e+00
        667  86.591510    0.04625     2.7750    166.500  1025.5710  51461.495    31.7661     76.344    7.39756     4.0348     4.0397    25.2110   13.22640 4.3120e-02     77.079 0.0000e+00
        668  86.591513    0.04632     2.7792    166.750  1025.5721  51461.758    31.7662     76.549    7.39755     4.0348     4.0397    25.2111   13.22639 4.2817e-02     77.285 0.0000e+00
        669  86.591516    0.04639     2.7833    167.000  1025.5731  51461.999    31.7662     76.757    7.39754     4.0349     4.0397    25.2112   13.22638 4.2517e-02     77.495 0.0000e+00
        670  86.591519    0.04646     2.7875    167.250  1025.5741  51462.155    31.7662     76.962    7.39753     4.0349     4.0397    25.2112   13.22636 4.2230e-02     77.702 0.0000e+00
        671  86.591522    0.04653     2.7917    167.500  1025.5749  51462.182    31.7662     77.158    7.39753     4.0348     4.0398    25.2111   13.22635 4.1969e-02     77.901 0.0000e+00
        672  86.591525    0.04660     2.7958    167.750  1025.5757  51462.160    31.7661     77.345    7.39753     4.0348     4.0398    25.2110   13.22635 4.1736e-02     78.090 0.0000e+00
        673  86.591528    0.04667     2.8000    168.000  1025.5765  51462.202    31.7660     77.522    7.39753     4.0348     4.0398    25.2110   13.22636 4.1519e-02     78.269 0.0000e+00
        674  86.591531    0.04674     2.8042    168.250  1025.5774  51462.334    31.7660     77.694    7.39754     4.0348     4.0398    25.2110   13.22637 4.1309e-02     78.442 0.0000e+00
        675  86.591534    0.04681     2.8083    168.500  1025.5782  51462.525    31.7660     77.864    7.39754     4.0348     4.0398    25.2110   13.22638 4.1112e-02     78.614 0.0000e+00
        676  86.591536    0.04688     2.8125    168.750  1025.5791  51462.754    31.7661     78.037    7.39754     4.0348     4.0398    25.2111   13.22637 4.0919e-02     78.789 0.0000e+00
        677  86.591539    0.04694     2.8167    169.000  1025.5799  51462.968    31.7662     78.215    7.39753     4.0349     4.0399    25.2112   13.22635 4.0723e-02     78.968 0.0000e+00
        678  86.591542    0.04701     2.8208    169.250  1025.5808  51463.116    31.7662     78.398    7.39751     4.0350     4.0399    25.2112   13.22632 4.0523e-02     79.153 0.0000e+00
        679  86.591545    0.04708     2.8250    169.500  1025.5817  51463.216    31.7662     78.587    7.39750     4.0350     4.0400    25.2111   13.22630 4.0319e-02     79.343 0.0000e+00
        680  86.591548    0.04715     2.8292    169.750  1025.5826  51463.312    31.7661     78.780    7.39749     4.0350     4.0400    25.2111   13.22629 4.0113e-02     79.538 0.0000e+00
