CTD-processing/allCTD/CNV--homogene/2018_09-13_t3_s12_cast002.cnv
* Sea-Bird SBE19plus Data File:
* FileName = C:\Users\Kim.Powell\Desktop\Not Processed\2018\2018_09-13_T3, T4, T9_5028\2018_09-13_TRANSECT_STATION_cast002.hex
* Software Version 1.59
* Temperature SN =  5028
* Conductivity SN =  5028
* System UpLoad Time = Sep 14 2018 15:51:15
** 2018_09-13
** Station: 3-12
** Start Time: 10:55
** Depth (m): 25
** Comment: ** lots of kelp extending ~3km offshore of Anchor Point
** Comment:
# nquan = 17
# nvalues = 383                         
# units = specified
# name 0 = scan: Scan Count
# name 1 = timeJ: Julian Days
# name 2 = timeH: Time, Elapsed [hours]
# name 3 = timeM: Time, Elapsed [minutes]
# name 4 = timeS: Time, Elapsed [seconds]
# name 5 = density00: Density [density, kg/m^3]
# name 6 = specc: Specific Conductance [uS/cm]
# name 7 = sal00: Salinity, Practical [PSU]
# name 8 = depSM: Depth [salt water, m], lat = 59.00
# name 9 = oxsolML/L: Oxygen Saturation, Garcia & Gordon [ml/l]
# name 10 = potemp090C: Potential Temperature [ITS-90, deg C]
# name 11 = tv290C: Temperature [ITS-90, deg C]
# name 12 = sigma-é00: Density [sigma-theta, kg/m^3]
# name 13 = n2satML/L: Nitrogen Saturation [ml/l]
# name 14 = par: PAR/Irradiance, Biospherical/Licor
# name 15 = prdM: Pressure, Strain Gauge [db]
# name 16 = flag:  0.000e+00
# span 0 =          1,        383       
# span 1 = 256.455463, 256.456568       
# span 2 =    0.00000,    0.02653       
# span 3 =     0.0000,     1.5917       
# span 4 =      0.000,     95.500       
# span 5 =  1023.3130,  1023.4454       
# span 6 =  47930.884,  47976.959       
# span 7 =    30.4818,    30.5032       
# span 8 =      0.537,     25.526       
# span 9 =    6.39915,    6.40285       
# span 10 =    10.6881,    10.7166      
# span 11 =    10.6895,    10.7174      
# span 12 =    23.3100,    23.3294      
# span 13 =   11.59105,   11.59714      
# span 14 = 1.5310e-01, 6.9860e+02      
# span 15 =      0.542,     25.768      
# span 16 = 0.0000e+00, 0.0000e+00      
# interval = seconds: 0.25
# start_time = Sep 13 2018 10:55:52 [Instrument's time stamp, header]
# bad_flag = -9.990e-29
*END*
[from data line 256]
        257 256.456204    0.01778     1.0667     64.000  1023.3305  47951.540    30.4958      2.098    6.40078    10.7036    10.7043    23.3209   11.59371 2.2463e+02      2.118 0.0000e+00
        258 256.456207    0.01785     1.0708     64.250  1023.3316  47951.921    30.4960      2.289    6.40081    10.7035    10.7040    23.3211   11.59375 2.0999e+02      2.311 0.0000e+00
        259 256.456209    0.01792     1.0750     64.500  1023.3326  47952.204    30.4961      2.483    6.40083    10.7035    10.7038    23.3212   11.59378 2.0432e+02      2.506 0.0000e+00
        260 256.456212    0.01799     1.0792     64.750  1023.3335  47952.424    30.4961      2.682    6.40084    10.7036    10.7038    23.3213   11.59379 2.0261e+02      2.707 0.0000e+00
        261 256.456215    0.01806     1.0833     65.000  1023.3345  47952.608    30.4962      2.887    6.40083    10.7038    10.7038    23.3213   11.59378 1.9736e+02      2.915 0.0000e+00
        262 256.456218    0.01812     1.0875     65.250  1023.3355  47952.739    30.4962      3.099    6.40081    10.7040    10.7040    23.3213   11.59375 1.8647e+02      3.129 0.0000e+00
        263 256.456221    0.01819     1.0917     65.500  1023.3364  47952.802    30.4962      3.313    6.40078    10.7043    10.7042    23.3213   11.59370 1.7274e+02      3.344 0.0000e+00
        264 256.456224    0.01826     1.0958     65.750  1023.3372  47952.791    30.4961      3.522    6.40075    10.7045    10.7044    23.3212   11.59365 1.5876e+02      3.555 0.0000e+00
        265 256.456227    0.01833     1.1000     66.000  1023.3380  47952.719    30.4960      3.724    6.40071    10.7049    10.7047    23.3211   11.59359 1.4682e+02      3.758 0.0000e+00
        266 256.456230    0.01840     1.1042     66.250  1023.3388  47952.681    30.4959      3.918    6.40067    10.7054    10.7050    23.3210   11.59352 1.3792e+02      3.955 0.0000e+00
        267 256.456233    0.01847     1.1083     66.500  1023.3397  47952.741    30.4959      4.107    6.40062    10.7061    10.7054    23.3209   11.59344 1.3130e+02      4.146 0.0000e+00
        268 256.456236    0.01854     1.1125     66.750  1023.3405  47952.877    30.4960      4.294    6.40055    10.7072    10.7058    23.3209   11.59332 1.2517e+02      4.335 0.0000e+00
        269 256.456238    0.01861     1.1167     67.000  1023.3414  47953.106    30.4962      4.485    6.40045    10.7088    10.7066    23.3209   11.59314 1.1846e+02      4.527 0.0000e+00
        270 256.456241    0.01868     1.1208     67.250  1023.3422  47953.146    30.4963      4.681    6.40028    10.7106    10.7077    23.3207   11.59287 1.1162e+02      4.725 0.0000e+00
        271 256.456244    0.01875     1.1250     67.500  1023.3425  47952.364    30.4958      4.883    6.40008    10.7121    10.7093    23.3201   11.59253 1.0476e+02      4.929 0.0000e+00
        272 256.456247    0.01882     1.1292     67.750  1023.3423  47950.768    30.4948      5.087    6.39987    10.7131    10.7111    23.3191   11.59220 9.8045e+01      5.135 0.0000e+00
        273 256.456250    0.01889     1.1333     68.000  1023.3421  47949.156    30.4938      5.287    6.39970    10.7137    10.7127    23.3180   11.59194 9.2021e+01      5.337 0.0000e+00
        274 256.456253    0.01896     1.1375     68.250  1023.3423  47948.100    30.4931      5.482    6.39959    10.7142    10.7137    23.3173   11.59176 8.6856e+01      5.534 0.0000e+00
        275 256.456256    0.01903     1.1417     68.500  1023.3428  47947.608    30.4927      5.670    6.39951    10.7148    10.7144    23.3169   11.59163 8.2246e+01      5.723 0.0000e+00
        276 256.456259    0.01910     1.1458     68.750  1023.3434  47947.452    30.4926      5.853    6.39944    10.7154    10.7149    23.3167   11.59152 7.7910e+01      5.909 0.0000e+00
        277 256.456262    0.01917     1.1500     69.000  1023.3441  47947.331    30.4925      6.037    6.39937    10.7159    10.7155    23.3165   11.59140 7.3750e+01      6.094 0.0000e+00
        278 256.456264    0.01924     1.1542     69.250  1023.3447  47947.035    30.4923      6.224    6.39930    10.7164    10.7161    23.3162   11.59127 6.9527e+01      6.283 0.0000e+00
        279 256.456267    0.01931     1.1583     69.500  1023.3452  47946.606    30.4920      6.418    6.39923    10.7166    10.7167    23.3159   11.59116 6.5201e+01      6.479 0.0000e+00
        280 256.456270    0.01938     1.1625     69.750  1023.3458  47946.164    30.4916      6.619    6.39918    10.7166    10.7171    23.3156   11.59108 6.1100e+01      6.682 0.0000e+00
        281 256.456273    0.01944     1.1667     70.000  1023.3465  47945.791    30.4913      6.824    6.39915    10.7164    10.7174    23.3153   11.59105 5.7348e+01      6.889 0.0000e+00
        282 256.456276    0.01951     1.1708     70.250  1023.3472  47945.598    30.4911      7.032    6.39916    10.7162    10.7174    23.3152   11.59106 5.3824e+01      7.099 0.0000e+00
        283 256.456279    0.01958     1.1750     70.500  1023.3482  47945.624    30.4910      7.241    6.39918    10.7158    10.7173    23.3151   11.59110 5.0513e+01      7.310 0.0000e+00
        284 256.456282    0.01965     1.1792     70.750  1023.3492  47945.809    30.4910      7.449    6.39922    10.7154    10.7170    23.3152   11.59116 4.7432e+01      7.520 0.0000e+00
        285 256.456285    0.01972     1.1833     71.000  1023.3502  47946.088    30.4911      7.655    6.39926    10.7150    10.7167    23.3153   11.59123 4.4521e+01      7.727 0.0000e+00
        286 256.456288    0.01979     1.1875     71.250  1023.3513  47946.427    30.4912      7.857    6.39931    10.7147    10.7163    23.3155   11.59130 4.1761e+01      7.931 0.0000e+00
        287 256.456291    0.01986     1.1917     71.500  1023.3524  47946.843    30.4914      8.053    6.39935    10.7144    10.7160    23.3157   11.59137 3.9214e+01      8.130 0.0000e+00
        288 256.456293    0.01993     1.1958     71.750  1023.3535  47947.279    30.4916      8.243    6.39939    10.7141    10.7156    23.3159   11.59143 3.6977e+01      8.321 0.0000e+00
        289 256.456296    0.02000     1.2000     72.000  1023.3545  47947.632    30.4917      8.425    6.39942    10.7137    10.7154    23.3160   11.59149 3.5066e+01      8.505 0.0000e+00
        290 256.456299    0.02007     1.2042     72.250  1023.3554  47947.852    30.4918      8.601    6.39945    10.7131    10.7151    23.3161   11.59155 3.3348e+01      8.682 0.0000e+00
        291 256.456302    0.02014     1.2083     72.500  1023.3562  47947.968    30.4918      8.775    6.39951    10.7122    10.7147    23.3161   11.59163 3.1675e+01      8.858 0.0000e+00
        292 256.456305    0.02021     1.2125     72.750  1023.3570  47948.058    30.4917      8.951    6.39959    10.7108    10.7141    23.3162   11.59177 3.0013e+01      9.036 0.0000e+00
        293 256.456308    0.02028     1.2167     73.000  1023.3579  47948.139    30.4916      9.136    6.39972    10.7087    10.7132    23.3162   11.59198 2.8360e+01      9.222 0.0000e+00
        294 256.456311    0.02035     1.2208     73.250  1023.3590  47948.464    30.4916      9.331    6.39991    10.7061    10.7118    23.3165   11.59231 2.6682e+01      9.419 0.0000e+00
        295 256.456314    0.02042     1.2250     73.500  1023.3607  47949.626    30.4921      9.536    6.40018    10.7036    10.7097    23.3172   11.59275 2.4946e+01      9.627 0.0000e+00
        296 256.456317    0.02049     1.2292     73.750  1023.3630  47951.734    30.4932      9.748    6.40048    10.7014    10.7073    23.3185   11.59323 2.3184e+01      9.841 0.0000e+00
        297 256.456319    0.02056     1.2333     74.000  1023.3654  47954.082    30.4944      9.961    6.40077    10.6995    10.7048    23.3199   11.59370 2.1491e+01     10.055 0.0000e+00
        298 256.456322    0.02063     1.2375     74.250  1023.3676  47956.216    30.4956     10.169    6.40103    10.6979    10.7026    23.3212   11.59411 1.9962e+01     10.265 0.0000e+00
        299 256.456325    0.02069     1.2417     74.500  1023.3696  47958.084    30.4966     10.369    6.40125    10.6964    10.7007    23.3224   11.59446 1.8628e+01     10.467 0.0000e+00
        300 256.456328    0.02076     1.2458     74.750  1023.3714  47959.599    30.4974     10.562    6.40144    10.6951    10.6991    23.3233   11.59477 1.7462e+01     10.662 0.0000e+00
        301 256.456331    0.02083     1.2500     75.000  1023.3731  47960.930    30.4981     10.750    6.40161    10.6940    10.6976    23.3240   11.59505 1.6415e+01     10.852 0.0000e+00
        302 256.456334    0.02090     1.2542     75.250  1023.3747  47962.239    30.4988     10.935    6.40176    10.6932    10.6963    23.3248   11.59529 1.5437e+01     11.038 0.0000e+00
        303 256.456337    0.02097     1.2583     75.500  1023.3762  47963.405    30.4994     11.122    6.40188    10.6927    10.6953    23.3255   11.59548 1.4498e+01     11.226 0.0000e+00
        304 256.456340    0.02104     1.2625     75.750  1023.3776  47964.303    30.4999     11.311    6.40197    10.6924    10.6945    23.3260   11.59562 1.3592e+01     11.418 0.0000e+00
        305 256.456343    0.02111     1.2667     76.000  1023.3788  47964.968    30.5003     11.503    6.40203    10.6923    10.6940    23.3263   11.59571 1.2728e+01     11.612 0.0000e+00
        306 256.456345    0.02118     1.2708     76.250  1023.3800  47965.475    30.5005     11.696    6.40206    10.6923    10.6937    23.3266   11.59576 1.1916e+01     11.806 0.0000e+00
        307 256.456348    0.02125     1.2750     76.500  1023.3810  47965.801    30.5006     11.888    6.40207    10.6924    10.6936    23.3267   11.59577 1.1161e+01     12.001 0.0000e+00
        308 256.456351    0.02132     1.2792     76.750  1023.3818  47965.917    30.5006     12.080    6.40206    10.6926    10.6936    23.3267   11.59576 1.0456e+01     12.194 0.0000e+00
        309 256.456354    0.02139     1.2833     77.000  1023.3826  47965.874    30.5006     12.271    6.40204    10.6926    10.6938    23.3266   11.59573 9.7963e+00     12.387 0.0000e+00
        310 256.456357    0.02146     1.2875     77.250  1023.3834  47965.760    30.5004     12.463    6.40202    10.6926    10.6940    23.3264   11.59570 9.1788e+00     12.581 0.0000e+00
        311 256.456360    0.02153     1.2917     77.500  1023.3841  47965.685    30.5003     12.658    6.40202    10.6924    10.6941    23.3263   11.59569 8.6100e+00     12.778 0.0000e+00
        312 256.456363    0.02160     1.2958     77.750  1023.3850  47965.761    30.5003     12.856    6.40202    10.6922    10.6941    23.3263   11.59570 8.0917e+00     12.978 0.0000e+00
        313 256.456366    0.02167     1.3000     78.000  1023.3861  47966.027    30.5004     13.055    6.40204    10.6920    10.6939    23.3264   11.59572 7.6130e+00     13.179 0.0000e+00
        314 256.456369    0.02174     1.3042     78.250  1023.3871  47966.390    30.5005     13.254    6.40206    10.6918    10.6937    23.3266   11.59575 7.1667e+00     13.380 0.0000e+00
        315 256.456372    0.02181     1.3083     78.500  1023.3882  47966.740    30.5006     13.452    6.40207    10.6917    10.6936    23.3267   11.59578 6.7538e+00     13.579 0.0000e+00
        316 256.456374    0.02187     1.3125     78.750  1023.3892  47967.063    30.5008     13.647    6.40209    10.6915    10.6934    23.3269   11.59581 6.3703e+00     13.776 0.0000e+00
        317 256.456377    0.02194     1.3167     79.000  1023.3902  47967.390    30.5009     13.839    6.40210    10.6914    10.6933    23.3270   11.59583 6.0100e+00     13.970 0.0000e+00
        318 256.456380    0.02201     1.3208     79.250  1023.3912  47967.682    30.5010     14.029    6.40211    10.6914    10.6932    23.3271   11.59585 5.6705e+00     14.162 0.0000e+00
        319 256.456383    0.02208     1.3250     79.500  1023.3921  47967.883    30.5011     14.219    6.40212    10.6915    10.6931    23.3272   11.59586 5.3480e+00     14.354 0.0000e+00
        320 256.456386    0.02215     1.3292     79.750  1023.3930  47968.028    30.5011     14.411    6.40212    10.6915    10.6931    23.3272   11.59585 5.0390e+00     14.547 0.0000e+00
        321 256.456389    0.02222     1.3333     80.000  1023.3939  47968.138    30.5011     14.607    6.40211    10.6916    10.6931    23.3272   11.59584 4.7430e+00     14.745 0.0000e+00
        322 256.456392    0.02229     1.3375     80.250  1023.3947  47968.186    30.5011     14.807    6.40210    10.6917    10.6932    23.3272   11.59582 4.4614e+00     14.947 0.0000e+00
        323 256.456395    0.02236     1.3417     80.500  1023.3956  47968.205    30.5011     15.011    6.40209    10.6917    10.6933    23.3271   11.59581 4.1967e+00     15.153 0.0000e+00
        324 256.456398    0.02243     1.3458     80.750  1023.3965  47968.240    30.5010     15.214    6.40208    10.6917    10.6934    23.3270   11.59579 3.9523e+00     15.358 0.0000e+00
        325 256.456400    0.02250     1.3500     81.000  1023.3973  47968.288    30.5010     15.414    6.40207    10.6917    10.6935    23.3270   11.59578 3.7309e+00     15.560 0.0000e+00
        326 256.456403    0.02257     1.3542     81.250  1023.3982  47968.338    30.5009     15.607    6.40207    10.6915    10.6935    23.3270   11.59577 3.5318e+00     15.755 0.0000e+00
        327 256.456406    0.02264     1.3583     81.500  1023.3991  47968.433    30.5009     15.793    6.40207    10.6913    10.6935    23.3270   11.59578 3.3504e+00     15.942 0.0000e+00
        328 256.456409    0.02271     1.3625     81.750  1023.4000  47968.640    30.5009     15.973    6.40209    10.6910    10.6933    23.3271   11.59581 3.1795e+00     16.125 0.0000e+00
        329 256.456412    0.02278     1.3667     82.000  1023.4009  47968.948    30.5010     16.154    6.40212    10.6907    10.6931    23.3272   11.59585 3.0133e+00     16.307 0.0000e+00
        330 256.456415    0.02285     1.3708     82.250  1023.4019  47969.299    30.5012     16.341    6.40215    10.6903    10.6929    23.3274   11.59590 2.8487e+00     16.496 0.0000e+00
        331 256.456418    0.02292     1.3750     82.500  1023.4030  47969.674    30.5013     16.536    6.40218    10.6899    10.6926    23.3275   11.59595 2.6849e+00     16.693 0.0000e+00
        332 256.456421    0.02299     1.3792     82.750  1023.4041  47970.092    30.5015     16.737    6.40222    10.6895    10.6922    23.3277   11.59601 2.5248e+00     16.896 0.0000e+00
        333 256.456424    0.02306     1.3833     83.000  1023.4053  47970.594    30.5017     16.940    6.40226    10.6891    10.6919    23.3280   11.59608 2.3731e+00     17.101 0.0000e+00
        334 256.456427    0.02313     1.3875     83.250  1023.4065  47971.185    30.5020     17.139    6.40231    10.6887    10.6914    23.3283   11.59615 2.2327e+00     17.302 0.0000e+00
        335 256.456429    0.02319     1.3917     83.500  1023.4077  47971.801    30.5023     17.331    6.40235    10.6885    10.6910    23.3286   11.59622 2.1044e+00     17.495 0.0000e+00
        336 256.456432    0.02326     1.3958     83.750  1023.4088  47972.344    30.5026     17.514    6.40238    10.6884    10.6907    23.3289   11.59627 1.9872e+00     17.680 0.0000e+00
        337 256.456435    0.02333     1.4000     84.000  1023.4098  47972.749    30.5028     17.694    6.40240    10.6884    10.6906    23.3290   11.59630 1.8779e+00     17.862 0.0000e+00
        338 256.456438    0.02340     1.4042     84.250  1023.4107  47972.978    30.5029     17.877    6.40241    10.6885    10.6905    23.3291   11.59631 1.7726e+00     18.047 0.0000e+00
        339 256.456441    0.02347     1.4083     84.500  1023.4116  47973.086    30.5029     18.070    6.40240    10.6885    10.6905    23.3291   11.59630 1.6682e+00     18.242 0.0000e+00
        340 256.456444    0.02354     1.4125     84.750  1023.4125  47973.161    30.5029     18.275    6.40239    10.6886    10.6906    23.3291   11.59628 1.5643e+00     18.448 0.0000e+00
