CTD-processing/allCTD/CNV--homogene/2018_07-18_alongbay_skb04_cast158.cnv
* Sea-Bird SBE19plus Data File:
* FileName = C:\Users\Kim.Powell\Desktop\Not Processed\2018\2018_07-18_AlongBay,T6,T7_5028\2018_07-18_TRANSECT_STATION_cast158.hex
* Software Version 1.59
* Temperature SN =  5028
* Conductivity SN =  5028
* System UpLoad Time = Jul 19 2018 13:26:35
** 2018_07-18
** Station: KB04
** Start Time: 14:35
** Depth (m): 152.3
** Comment:
** Comment:
# nquan = 17
# nvalues = 1136                        
# units = specified
# name 0 = scan: Scan Count
# name 1 = timeJ: Julian Days
# name 2 = timeH: Time, Elapsed [hours]
# name 3 = timeM: Time, Elapsed [minutes]
# name 4 = timeS: Time, Elapsed [seconds]
# name 5 = density00: Density [density, kg/m^3]
# name 6 = specc: Specific Conductance [uS/cm]
# name 7 = sal00: Salinity, Practical [PSU]
# name 8 = depSM: Depth [salt water, m], lat = 59.00
# name 9 = oxsolML/L: Oxygen Saturation, Garcia & Gordon [ml/l]
# name 10 = potemp090C: Potential Temperature [ITS-90, deg C]
# name 11 = tv290C: Temperature [ITS-90, deg C]
# name 12 = sigma-é00: Density [sigma-theta, kg/m^3]
# name 13 = n2satML/L: Nitrogen Saturation [ml/l]
# name 14 = par: PAR/Irradiance, Biospherical/Licor
# name 15 = prdM: Pressure, Strain Gauge [db]
# name 16 = flag:  0.000e+00
# span 0 =          1,       1136       
# span 1 = 199.608808, 199.612092       
# span 2 =    0.00000,    0.07882       
# span 3 =     0.0000,     4.7292       
# span 4 =      0.000,    283.750       
# span 5 =   999.7908,  1025.4068       
# span 6 =    561.943,  50320.134       
# span 7 =     0.2689,    31.6081       
# span 8 =     -0.008,    150.026       
# span 9 =    6.43260,    7.65691       
# span 10 =     7.2676,    11.2646      
# span 11 =     7.2811,    11.2659      
# span 12 =    -0.2093,    24.7123      
# span 13 =   11.65538,   14.09461      
# span 14 = 5.4538e-02, 1.9731e+03      
# span 15 =     -0.008,    151.497      
# span 16 = 0.0000e+00, 0.0000e+00      
# interval = seconds: 0.25
# start_time = Jul 18 2018 14:36:41 [Instrument's time stamp, header]
# bad_flag = -9.990e-29
*END*
[from data line 937]
        938 199.611519    0.06507     3.9042    234.250  1025.1473  50162.468    31.5801    110.070    6.80108     7.6485     7.6588    24.6384   12.24338 5.5802e-02    111.138 0.0000e+00
        939 199.611522    0.06514     3.9083    234.500  1025.1485  50162.870    31.5803    110.296    6.80107     7.6485     7.6589    24.6386   12.24335 5.5786e-02    111.367 0.0000e+00
        940 199.611525    0.06521     3.9125    234.750  1025.1496  50163.292    31.5805    110.511    6.80105     7.6485     7.6589    24.6387   12.24333 5.5770e-02    111.584 0.0000e+00
        941 199.611528    0.06528     3.9167    235.000  1025.1507  50163.684    31.5807    110.710    6.80104     7.6485     7.6589    24.6389   12.24331 5.5757e-02    111.785 0.0000e+00
        942 199.611531    0.06535     3.9208    235.250  1025.1517  50164.067    31.5809    110.893    6.80104     7.6485     7.6589    24.6390   12.24330 5.5737e-02    111.970 0.0000e+00
        943 199.611534    0.06542     3.9250    235.500  1025.1526  50164.450    31.5811    111.068    6.80103     7.6484     7.6589    24.6392   12.24328 5.5715e-02    112.146 0.0000e+00
        944 199.611536    0.06549     3.9292    235.750  1025.1536  50164.819    31.5812    111.248    6.80103     7.6483     7.6589    24.6393   12.24327 5.5706e-02    112.328 0.0000e+00
        945 199.611539    0.06556     3.9333    236.000  1025.1547  50165.198    31.5814    111.444    6.80103     7.6481     7.6588    24.6395   12.24327 5.5703e-02    112.527 0.0000e+00
        946 199.611542    0.06563     3.9375    236.250  1025.1558  50165.612    31.5816    111.661    6.80103     7.6478     7.6587    24.6396   12.24328 5.5700e-02    112.745 0.0000e+00
        947 199.611545    0.06569     3.9417    236.500  1025.1571  50166.026    31.5817    111.894    6.80105     7.6473     7.6586    24.6398   12.24331 5.5701e-02    112.981 0.0000e+00
        948 199.611548    0.06576     3.9458    236.750  1025.1583  50166.383    31.5818    112.136    6.80109     7.6465     7.6583    24.6399   12.24338 5.5710e-02    113.225 0.0000e+00
        949 199.611551    0.06583     3.9500    237.000  1025.1594  50166.536    31.5818    112.373    6.80117     7.6452     7.6578    24.6399   12.24351 5.5716e-02    113.464 0.0000e+00
        950 199.611554    0.06590     3.9542    237.250  1025.1603  50166.358    31.5814    112.594    6.80131     7.6434     7.6570    24.6397   12.24374 5.5713e-02    113.688 0.0000e+00
        951 199.611557    0.06597     3.9583    237.500  1025.1609  50165.987    31.5809    112.794    6.80153     7.6410     7.6557    24.6395   12.24411 5.5705e-02    113.890 0.0000e+00
        952 199.611560    0.06604     3.9625    237.750  1025.1617  50165.840    31.5804    112.977    6.80184     7.6382     7.6539    24.6393   12.24462 5.5695e-02    114.075 0.0000e+00
        953 199.611562    0.06611     3.9667    238.000  1025.1628  50166.439    31.5803    113.152    6.80221     7.6354     7.6515    24.6396   12.24524 5.5685e-02    114.252 0.0000e+00
        954 199.611565    0.06618     3.9708    238.250  1025.1643  50167.882    31.5808    113.331    6.80261     7.6329     7.6488    24.6404   12.24590 5.5676e-02    114.432 0.0000e+00
        955 199.611568    0.06625     3.9750    238.500  1025.1661  50169.622    31.5814    113.522    6.80301     7.6304     7.6461    24.6413   12.24654 5.5665e-02    114.624 0.0000e+00
        956 199.611571    0.06632     3.9792    238.750  1025.1678  50170.998    31.5819    113.725    6.80338     7.6279     7.6435    24.6420   12.24716 5.5651e-02    114.830 0.0000e+00
        957 199.611574    0.06639     3.9833    239.000  1025.1691  50171.760    31.5819    113.938    6.80376     7.6252     7.6411    24.6423   12.24779 5.5639e-02    115.045 0.0000e+00
        958 199.611577    0.06646     3.9875    239.250  1025.1703  50172.149    31.5817    114.152    6.80416     7.6222     7.6386    24.6425   12.24845 5.5630e-02    115.262 0.0000e+00
        959 199.611580    0.06653     3.9917    239.500  1025.1715  50172.671    31.5815    114.362    6.80459     7.6193     7.6359    24.6427   12.24916 5.5621e-02    115.474 0.0000e+00
        960 199.611583    0.06660     3.9958    239.750  1025.1729  50173.635    31.5816    114.564    6.80503     7.6164     7.6330    24.6432   12.24989 5.5615e-02    115.678 0.0000e+00
        961 199.611586    0.06667     4.0000    240.000  1025.1745  50174.914    31.5819    114.760    6.80547     7.6135     7.6300    24.6439   12.25063 5.5610e-02    115.876 0.0000e+00
        962 199.611589    0.06674     4.0042    240.250  1025.1760  50176.136    31.5821    114.954    6.80591     7.6104     7.6271    24.6445   12.25135 5.5601e-02    116.071 0.0000e+00
        963 199.611591    0.06681     4.0083    240.500  1025.1773  50176.864    31.5821    115.151    6.80637     7.6068     7.6242    24.6448   12.25210 5.5584e-02    116.270 0.0000e+00
        964 199.611594    0.06688     4.0125    240.750  1025.1781  50176.783    31.5814    115.358    6.80688     7.6023     7.6211    24.6447   12.25295 5.5565e-02    116.479 0.0000e+00
        965 199.611597    0.06694     4.0167    241.000  1025.1786  50175.800    31.5800    115.576    6.80749     7.5966     7.6176    24.6441   12.25399 5.5551e-02    116.700 0.0000e+00
        966 199.611600    0.06701     4.0208    241.250  1025.1789  50174.541    31.5783    115.801    6.80827     7.5899     7.6131    24.6434   12.25529 5.5545e-02    116.927 0.0000e+00
        967 199.611603    0.06708     4.0250    241.500  1025.1797  50174.195    31.5771    116.025    6.80920     7.5827     7.6074    24.6432   12.25685 5.5542e-02    117.154 0.0000e+00
        968 199.611606    0.06715     4.0292    241.750  1025.1814  50175.419    31.5767    116.243    6.81025     7.5752     7.6008    24.6438   12.25859 5.5535e-02    117.374 0.0000e+00
        969 199.611609    0.06722     4.0333    242.000  1025.1837  50177.750    31.5770    116.451    6.81136     7.5677     7.5935    24.6451   12.26043 5.5526e-02    117.583 0.0000e+00
        970 199.611612    0.06729     4.0375    242.250  1025.1860  50180.289    31.5775    116.649    6.81251     7.5604     7.5861    24.6465   12.26231 5.5518e-02    117.783 0.0000e+00
        971 199.611615    0.06736     4.0417    242.500  1025.1884  50183.197    31.5782    116.844    6.81364     7.5535     7.5786    24.6480   12.26417 5.5512e-02    117.980 0.0000e+00
        972 199.611617    0.06743     4.0458    242.750  1025.1914  50186.981    31.5795    117.043    6.81471     7.5473     7.5713    24.6501   12.26594 5.5506e-02    118.181 0.0000e+00
        973 199.611620    0.06750     4.0500    243.000  1025.1946  50190.991    31.5810    117.251    6.81571     7.5417     7.5644    24.6523   12.26757 5.5498e-02    118.391 0.0000e+00
        974 199.611623    0.06757     4.0542    243.250  1025.1974  50194.480    31.5823    117.468    6.81662     7.5368     7.5582    24.6541   12.26906 5.5488e-02    118.611 0.0000e+00
        975 199.611626    0.06764     4.0583    243.500  1025.2003  50197.881    31.5837    117.693    6.81743     7.5328     7.5527    24.6560   12.27037 5.5478e-02    118.837 0.0000e+00
        976 199.611629    0.06771     4.0625    243.750  1025.2034  50201.757    31.5855    117.920    6.81811     7.5298     7.5478    24.6580   12.27148 5.5469e-02    119.066 0.0000e+00
        977 199.611632    0.06778     4.0667    244.000  1025.2066  50205.740    31.5875    118.144    6.81864     7.5278     7.5438    24.6602   12.27233 5.5465e-02    119.293 0.0000e+00
        978 199.611635    0.06785     4.0708    244.250  1025.2095  50209.183    31.5893    118.364    6.81902     7.5266     7.5408    24.6620   12.27294 5.5467e-02    119.516 0.0000e+00
        979 199.611638    0.06792     4.0750    244.500  1025.2119  50211.846    31.5907    118.578    6.81927     7.5259     7.5388    24.6634   12.27333 5.5469e-02    119.732 0.0000e+00
        980 199.611641    0.06799     4.0792    244.750  1025.2139  50213.804    31.5918    118.787    6.81942     7.5255     7.5376    24.6644   12.27356 5.5470e-02    119.943 0.0000e+00
        981 199.611644    0.06806     4.0833    245.000  1025.2154  50215.093    31.5924    118.992    6.81949     7.5254     7.5369    24.6650   12.27368 5.5465e-02    120.150 0.0000e+00
        982 199.611646    0.06813     4.0875    245.250  1025.2167  50215.793    31.5928    119.195    6.81953     7.5254     7.5366    24.6653   12.27373 5.5455e-02    120.355 0.0000e+00
        983 199.611649    0.06819     4.0917    245.500  1025.2177  50216.125    31.5929    119.399    6.81954     7.5253     7.5365    24.6654   12.27374 5.5448e-02    120.560 0.0000e+00
        984 199.611652    0.06826     4.0958    245.750  1025.2186  50216.251    31.5929    119.605    6.81954     7.5253     7.5365    24.6654   12.27375 5.5447e-02    120.769 0.0000e+00
        985 199.611655    0.06833     4.1000    246.000  1025.2196  50216.300    31.5928    119.816    6.81955     7.5252     7.5364    24.6654   12.27375 5.5445e-02    120.982 0.0000e+00
        986 199.611658    0.06840     4.1042    246.250  1025.2205  50216.349    31.5928    120.032    6.81955     7.5252     7.5364    24.6653   12.27376 5.5439e-02    121.199 0.0000e+00
        987 199.611661    0.06847     4.1083    246.500  1025.2215  50216.435    31.5927    120.248    6.81955     7.5252     7.5364    24.6653   12.27377 5.5436e-02    121.418 0.0000e+00
        988 199.611664    0.06854     4.1125    246.750  1025.2225  50216.569    31.5927    120.460    6.81956     7.5252     7.5364    24.6653   12.27378 5.5433e-02    121.633 0.0000e+00
        989 199.611667    0.06861     4.1167    247.000  1025.2235  50216.722    31.5927    120.668    6.81956     7.5252     7.5364    24.6653   12.27378 5.5425e-02    121.842 0.0000e+00
        990 199.611670    0.06868     4.1208    247.250  1025.2245  50216.903    31.5927    120.871    6.81956     7.5252     7.5364    24.6653   12.27378 5.5414e-02    122.047 0.0000e+00
        991 199.611672    0.06875     4.1250    247.500  1025.2254  50217.096    31.5928    121.074    6.81955     7.5253     7.5364    24.6654   12.27376 5.5403e-02    122.252 0.0000e+00
        992 199.611675    0.06882     4.1292    247.750  1025.2264  50217.267    31.5928    121.280    6.81953     7.5253     7.5365    24.6654   12.27374 5.5398e-02    122.461 0.0000e+00
        993 199.611678    0.06889     4.1333    248.000  1025.2274  50217.413    31.5928    121.490    6.81952     7.5254     7.5366    24.6654   12.27372 5.5393e-02    122.673 0.0000e+00
        994 199.611681    0.06896     4.1375    248.250  1025.2284  50217.520    31.5928    121.703    6.81951     7.5254     7.5367    24.6654   12.27369 5.5382e-02    122.888 0.0000e+00
        995 199.611684    0.06903     4.1417    248.500  1025.2293  50217.573    31.5928    121.913    6.81950     7.5255     7.5367    24.6653   12.27368 5.5366e-02    123.101 0.0000e+00
        996 199.611687    0.06910     4.1458    248.750  1025.2302  50217.604    31.5927    122.121    6.81949     7.5255     7.5368    24.6653   12.27367 5.5353e-02    123.310 0.0000e+00
        997 199.611690    0.06917     4.1500    249.000  1025.2310  50217.635    31.5926    122.325    6.81949     7.5255     7.5368    24.6653   12.27367 5.5347e-02    123.516 0.0000e+00
        998 199.611693    0.06924     4.1542    249.250  1025.2319  50217.661    31.5926    122.528    6.81949     7.5255     7.5369    24.6652   12.27366 5.5345e-02    123.722 0.0000e+00
        999 199.611696    0.06931     4.1583    249.500  1025.2328  50217.693    31.5925    122.733    6.81949     7.5255     7.5369    24.6652   12.27366 5.5339e-02    123.929 0.0000e+00
       1000 199.611698    0.06938     4.1625    249.750  1025.2338  50217.741    31.5925    122.941    6.81949     7.5255     7.5369    24.6651   12.27366 5.5333e-02    124.138 0.0000e+00
       1001 199.611701    0.06944     4.1667    250.000  1025.2347  50217.784    31.5924    123.149    6.81949     7.5255     7.5369    24.6651   12.27366 5.5329e-02    124.349 0.0000e+00
       1002 199.611704    0.06951     4.1708    250.250  1025.2355  50217.759    31.5923    123.356    6.81949     7.5254     7.5370    24.6650   12.27367 5.5319e-02    124.557 0.0000e+00
       1003 199.611707    0.06958     4.1750    250.500  1025.2363  50217.609    31.5921    123.558    6.81950     7.5253     7.5370    24.6648   12.27369 5.5303e-02    124.761 0.0000e+00
       1004 199.611710    0.06965     4.1792    250.750  1025.2370  50217.285    31.5918    123.756    6.81952     7.5249     7.5369    24.6646   12.27373 5.5288e-02    124.961 0.0000e+00
       1005 199.611713    0.06972     4.1833    251.000  1025.2376  50216.788    31.5913    123.953    6.81956     7.5244     7.5367    24.6642   12.27381 5.5274e-02    125.160 0.0000e+00
       1006 199.611716    0.06979     4.1875    251.250  1025.2382  50216.331    31.5909    124.154    6.81963     7.5238     7.5364    24.6639   12.27392 5.5261e-02    125.364 0.0000e+00
       1007 199.611719    0.06986     4.1917    251.500  1025.2390  50216.186    31.5906    124.364    6.81972     7.5231     7.5360    24.6637   12.27407 5.5251e-02    125.575 0.0000e+00
       1008 199.611722    0.06993     4.1958    251.750  1025.2400  50216.290    31.5905    124.580    6.81982     7.5223     7.5354    24.6637   12.27424 5.5244e-02    125.793 0.0000e+00
       1009 199.611725    0.07000     4.2000    252.000  1025.2409  50216.196    31.5902    124.799    6.81994     7.5213     7.5347    24.6636   12.27444 5.5241e-02    126.014 0.0000e+00
       1010 199.611727    0.07007     4.2042    252.250  1025.2415  50215.580    31.5895    125.017    6.82008     7.5200     7.5340    24.6632   12.27469 5.5239e-02    126.235 0.0000e+00
       1011 199.611730    0.07014     4.2083    252.500  1025.2419  50214.730    31.5887    125.229    6.82028     7.5185     7.5330    24.6627   12.27502 5.5234e-02    126.450 0.0000e+00
       1012 199.611733    0.07021     4.2125    252.750  1025.2427  50214.573    31.5882    125.434    6.82050     7.5171     7.5317    24.6625   12.27539 5.5230e-02    126.656 0.0000e+00
       1013 199.611736    0.07028     4.2167    253.000  1025.2441  50215.592    31.5886    125.632    6.82072     7.5160     7.5302    24.6630   12.27575 5.5229e-02    126.856 0.0000e+00
       1014 199.611739    0.07035     4.2208    253.250  1025.2457  50216.858    31.5892    125.827    6.82090     7.5149     7.5288    24.6637   12.27605 5.5227e-02    127.053 0.0000e+00
       1015 199.611742    0.07042     4.2250    253.500  1025.2468  50217.379    31.5893    126.022    6.82107     7.5136     7.5277    24.6639   12.27632 5.5223e-02    127.250 0.0000e+00
       1016 199.611745    0.07049     4.2292    253.750  1025.2475  50217.058    31.5888    126.220    6.82125     7.5118     7.5266    24.6636   12.27663 5.5215e-02    127.450 0.0000e+00
       1017 199.611748    0.07056     4.2333    254.000  1025.2479  50216.107    31.5878    126.424    6.82150     7.5093     7.5254    24.6631   12.27704 5.5208e-02    127.656 0.0000e+00
       1018 199.611751    0.07062     4.2375    254.250  1025.2481  50214.955    31.5866    126.633    6.82183     7.5061     7.5236    24.6624   12.27761 5.5200e-02    127.867 0.0000e+00
       1019 199.611753    0.07069     4.2417    254.500  1025.2485  50213.974    31.5854    126.845    6.82227     7.5021     7.5211    24.6618   12.27835 5.5188e-02    128.081 0.0000e+00
       1020 199.611756    0.07076     4.2458    254.750  1025.2489  50212.964    31.5841    127.057    6.82283     7.4971     7.5179    24.6612   12.27929 5.5178e-02    128.296 0.0000e+00
       1021 199.611759    0.07083     4.2500    255.000  1025.2491  50211.579    31.5823    127.266    6.82353     7.4909     7.5138    24.6604   12.28048 5.5165e-02    128.507 0.0000e+00
