CTD-processing/allCTD/CNV--homogene/2018_09-13_t9_s07_cast022.cnv
* Sea-Bird SBE19plus Data File:
* FileName = C:\Users\Kim.Powell\Desktop\Not Processed\2018\2018_09-13_T3, T4, T9_5028\2018_09-13_TRANSECT_STATION_cast022.hex
* Software Version 1.59
* Temperature SN =  5028
* Conductivity SN =  5028
* System UpLoad Time = Sep 14 2018 16:08:43
** 2018_09-13
** Station: 9-07
** Start Time: 15:11
** Depth (m): 101
** Comment:
** Comment:
# nquan = 17
# nvalues = 696                         
# units = specified
# name 0 = scan: Scan Count
# name 1 = timeJ: Julian Days
# name 2 = timeH: Time, Elapsed [hours]
# name 3 = timeM: Time, Elapsed [minutes]
# name 4 = timeS: Time, Elapsed [seconds]
# name 5 = density00: Density [density, kg/m^3]
# name 6 = specc: Specific Conductance [uS/cm]
# name 7 = sal00: Salinity, Practical [PSU]
# name 8 = depSM: Depth [salt water, m], lat = 59.00
# name 9 = oxsolML/L: Oxygen Saturation, Garcia & Gordon [ml/l]
# name 10 = potemp090C: Potential Temperature [ITS-90, deg C]
# name 11 = tv290C: Temperature [ITS-90, deg C]
# name 12 = sigma-é00: Density [sigma-theta, kg/m^3]
# name 13 = n2satML/L: Nitrogen Saturation [ml/l]
# name 14 = par: PAR/Irradiance, Biospherical/Licor
# name 15 = prdM: Pressure, Strain Gauge [db]
# name 16 = flag:  0.000e+00
# span 0 =          1,        696       
# span 1 = 256.633588, 256.635599       
# span 2 =    0.00000,    0.04826       
# span 3 =     0.0000,     2.8958       
# span 4 =      0.000,    173.750       
# span 5 =  1022.5237,  1024.4357       
# span 6 =  46588.406,  49082.290       
# span 7 =    29.6020,    31.1137       
# span 8 =      0.638,     97.332       
# span 9 =    6.34612,    6.53777       
# span 10 =     9.5447,    11.3428      
# span 11 =     9.5543,    11.3429      
# span 12 =    22.5206,    23.9920      
# span 13 =   11.51251,   11.81331      
# span 14 = 5.7110e-02, 1.0336e+03      
# span 15 =      0.644,     98.274      
# span 16 = 0.0000e+00, 0.0000e+00      
# interval = seconds: 0.25
# start_time = Sep 13 2018 15:12:22 [Instrument's time stamp, header]
# bad_flag = -9.990e-29
*END*
[from data line 681]
        682 256.635558    0.04729     2.8375    170.250  1024.4243  49081.834    31.1122     94.662    6.53738     9.5473     9.5574    23.9905   11.81269 5.7196e-02     95.577 0.0000e+00
        683 256.635561    0.04736     2.8417    170.500  1024.4252  49081.845    31.1121     94.873    6.53738     9.5473     9.5575    23.9904   11.81267 5.7184e-02     95.790 0.0000e+00
        684 256.635564    0.04743     2.8458    170.750  1024.4262  49081.897    31.1121     95.087    6.53737     9.5474     9.5575    23.9904   11.81266 5.7188e-02     96.006 0.0000e+00
        685 256.635567    0.04750     2.8500    171.000  1024.4271  49081.992    31.1121     95.302    6.53736     9.5474     9.5576    23.9903   11.81264 5.7191e-02     96.224 0.0000e+00
        686 256.635570    0.04757     2.8542    171.250  1024.4281  49082.074    31.1120     95.520    6.53735     9.5475     9.5576    23.9903   11.81263 5.7188e-02     96.444 0.0000e+00
        687 256.635573    0.04764     2.8583    171.500  1024.4290  49082.139    31.1120     95.741    6.53734     9.5476     9.5577    23.9903   11.81261 5.7189e-02     96.667 0.0000e+00
        688 256.635576    0.04771     2.8625    171.750  1024.4300  49082.217    31.1119     95.966    6.53732     9.5478     9.5578    23.9902   11.81259 5.7192e-02     96.895 0.0000e+00
        689 256.635579    0.04778     2.8667    172.000  1024.4310  49082.284    31.1119     96.194    6.53731     9.5479     9.5579    23.9902   11.81257 5.7189e-02     97.125 0.0000e+00
        690 256.635582    0.04785     2.8708    172.250  1024.4320  49082.290    31.1118     96.422    6.53728     9.5481     9.5581    23.9901   11.81253 5.7172e-02     97.355 0.0000e+00
        691 256.635584    0.04792     2.8750    172.500  1024.4329  49082.240    31.1117     96.643    6.53726     9.5482     9.5583    23.9900   11.81250 5.7150e-02     97.578 0.0000e+00
        692 256.635587    0.04799     2.8792    172.750  1024.4337  49082.139    31.1116     96.850    6.53724     9.5483     9.5585    23.9899   11.81246 5.7135e-02     97.787 0.0000e+00
        693 256.635590    0.04806     2.8833    173.000  1024.4344  49082.013    31.1115     97.035    6.53722     9.5484     9.5587    23.9898   11.81243 5.7126e-02     97.974 0.0000e+00
        694 256.635593    0.04813     2.8875    173.250  1024.4351  49081.947    31.1114     97.188    6.53721     9.5484     9.5588    23.9897   11.81241 5.7117e-02     98.128 0.0000e+00
        695 256.635596    0.04819     2.8917    173.500  1024.4355  49081.941    31.1113     97.293    6.53720 -9.990e-29     9.5589    23.9896   11.81240 5.7112e-02     98.235 0.0000e+00
        696 256.635599    0.04826     2.8958    173.750  1024.4357  49081.943    31.1113     97.332    6.53720 -9.990e-29     9.5589    23.9896   11.81240 5.7110e-02     98.274 0.0000e+00
