CTD-processing/allCTD/CNV--homogene/2018_03-27_alongbay_skb06_cast039.cnv
* Sea-Bird SBE19plus Data File:
* FileName = P:\My Documents\kasitsna\Research-KBL\Oceanography-AK\CTD-Data-ALL-to-2017-02\2018-CTD-KachemakBay-CookInlet\2018-03-27-CookInlet-AlongBay\2018-03-27-CookInlet-AlongBay-cast039.hex
* Software Version 1.59
* Temperature SN =  5028
* Conductivity SN =  5028
* System UpLoad Time = Mar 28 2018 11:53:54
** Cook Inlet LTM Along-Bay (T7-22 to KB12)
** Date: 2018_03-27
** Station: (eg. 9-01): KB06
** Start time (AKDT): 15:19
** Depth (m): 102.1
** Comment:  Extended to T7-22 due to calm seas.
** Comment:
# nquan = 17
# nvalues = 757                         
# units = specified
# name 0 = scan: Scan Count
# name 1 = timeJ: Julian Days
# name 2 = timeH: Time, Elapsed [hours]
# name 3 = timeM: Time, Elapsed [minutes]
# name 4 = timeS: Time, Elapsed [seconds]
# name 5 = density00: Density [density, kg/m^3]
# name 6 = specc: Specific Conductance [uS/cm]
# name 7 = sal00: Salinity, Practical [PSU]
# name 8 = depSM: Depth [salt water, m], lat = 59.00
# name 9 = oxsolML/L: Oxygen Saturation, Garcia & Gordon [ml/l]
# name 10 = potemp090C: Potential Temperature [ITS-90, deg C]
# name 11 = tv290C: Temperature [ITS-90, deg C]
# name 12 = sigma-é00: Density [sigma-theta, kg/m^3]
# name 13 = n2satML/L: Nitrogen Saturation [ml/l]
# name 14 = par: PAR/Irradiance, Biospherical/Licor
# name 15 = prdM: Pressure, Strain Gauge [db]
# name 16 = flag:  0.000e+00
# span 0 =          1,        757       
# span 1 =  86.638970,  86.641157       
# span 2 =    0.00000,    0.05250       
# span 3 =     0.0000,     3.1500       
# span 4 =      0.000,    189.000       
# span 5 =  1024.8176,  1025.6695       
# span 6 =  50775.168,  51472.683       
# span 7 =    31.2038,    31.7629       
# span 8 =      0.549,     97.772       
# span 9 =    7.39776,    7.54052       
# span 10 =     3.3365,     4.0332      
# span 11 =     3.3368,     4.0395      
# span 12 =    24.8142,    25.2091      
# span 13 =   13.22678,   13.46607      
# span 14 = 3.7976e-02, 2.8891e+02      
# span 15 =      0.554,     98.718      
# span 16 = 0.0000e+00, 0.0000e+00      
# interval = seconds: 0.25
# start_time = Mar 27 2018 15:20:07 [Instrument's time stamp, header]
# bad_flag = -9.990e-29
*END*
[from data line 86]
         87  86.639219    0.00597     0.3583     21.500  1024.9211  50968.266    31.3348      0.560    7.51989     3.4825     3.4893    24.9185   13.43396 2.5950e+02      0.565 0.0000e+00
         88  86.639222    0.00604     0.3625     21.750  1024.9240  50974.309    31.3380      0.562    7.52037     3.4793     3.4858    24.9214   13.43470 2.6053e+02      0.568 0.0000e+00
         89  86.639225    0.00611     0.3667     22.000  1024.9270  50980.420    31.3413      0.565    7.52081     3.4762     3.4825    24.9243   13.43540 2.6282e+02      0.570 0.0000e+00
         90  86.639227    0.00618     0.3708     22.250  1024.9301  50986.792    31.3449      0.567    7.52122     3.4732     3.4794    24.9274   13.43603 2.6363e+02      0.573 0.0000e+00
         91  86.639230    0.00625     0.3750     22.500  1024.9334  50993.607    31.3487      0.568    7.52160     3.4702     3.4763    24.9307   13.43660 2.6364e+02      0.574 0.0000e+00
         92  86.639233    0.00632     0.3792     22.750  1024.9369  51000.695    31.3528      0.568    7.52197     3.4675     3.4732    24.9342   13.43715 2.6288e+02      0.573 0.0000e+00
         93  86.639236    0.00639     0.3833     23.000  1024.9403  51007.501    31.3567      0.567    7.52232     3.4652     3.4702    24.9376   13.43768 2.6135e+02      0.572 0.0000e+00
         94  86.639239    0.00646     0.3875     23.250  1024.9432  51013.428    31.3600      0.566    7.52265     3.4633     3.4675    24.9405   13.43818 2.6129e+02      0.571 0.0000e+00
         95  86.639242    0.00653     0.3917     23.500  1024.9455  51018.226    31.3627      0.565    7.52293     3.4619     3.4652    24.9428   13.43862 2.6296e+02      0.570 0.0000e+00
         96  86.639245    0.00660     0.3958     23.750  1024.9474  51022.040    31.3648      0.565    7.52316     3.4606     3.4634    24.9447   13.43897 2.6337e+02      0.570 0.0000e+00
         97  86.639248    0.00667     0.4000     24.000  1024.9489  51025.173    31.3666      0.566    7.52335     3.4596     3.4620    24.9462   13.43925 2.6168e+02      0.571 0.0000e+00
         98  86.639251    0.00674     0.4042     24.250  1024.9502  51027.947    31.3681      0.566    7.52350     3.4587     3.4607    24.9476   13.43947 2.6136e+02      0.571 0.0000e+00
         99  86.639253    0.00681     0.4083     24.500  1024.9516  51030.696    31.3697      0.566    7.52361     3.4580     3.4596    24.9489   13.43964 2.6276e+02      0.571 0.0000e+00
        100  86.639256    0.00688     0.4125     24.750  1024.9531  51033.631    31.3715      0.565    7.52369     3.4575     3.4587    24.9504   13.43975 2.6341e+02      0.571 0.0000e+00
        101  86.639259    0.00694     0.4167     25.000  1024.9546  51036.628    31.3734      0.564    7.52374     3.4572     3.4580    24.9519   13.43979 2.6325e+02      0.569 0.0000e+00
        102  86.639262    0.00701     0.4208     25.250  1024.9559  51039.180    31.3750      0.563    7.52375     3.4572     3.4575    24.9533   13.43979 2.6296e+02      0.568 0.0000e+00
        103  86.639265    0.00708     0.4250     25.500  1024.9567  51040.729    31.3760      0.562    7.52374     3.4573     3.4572    24.9541   13.43976 2.6287e+02      0.568 0.0000e+00
        104  86.639268    0.00715     0.4292     25.750  1024.9571  51041.315    31.3764      0.564    7.52371     3.4574     3.4572    24.9544   13.43972 2.6343e+02      0.569 0.0000e+00
        105  86.639271    0.00722     0.4333     26.000  1024.9573  51041.721    31.3767      0.567    7.52368     3.4575     3.4574    24.9547   13.43965 2.6454e+02      0.572 0.0000e+00
        106  86.639274    0.00729     0.4375     26.250  1024.9578  51042.636    31.3773      0.570    7.52363     3.4575     3.4575    24.9552   13.43956 2.6575e+02      0.575 0.0000e+00
        107  86.639277    0.00736     0.4417     26.500  1024.9587  51044.192    31.3784      0.571    7.52356     3.4578     3.4575    24.9560   13.43944 2.6710e+02      0.576 0.0000e+00
        108  86.639280    0.00743     0.4458     26.750  1024.9598  51046.159    31.3797      0.571    7.52348     3.4585     3.4576    24.9571   13.43929 2.6912e+02      0.576 0.0000e+00
        109  86.639282    0.00750     0.4500     27.000  1024.9607  51047.795    31.3809      0.568    7.52337     3.4596     3.4579    24.9580   13.43908 2.7087e+02      0.573 0.0000e+00
        110  86.639285    0.00757     0.4542     27.250  1024.9609  51048.145    31.3813      0.564    7.52322     3.4608     3.4586    24.9583   13.43883 2.7135e+02      0.570 0.0000e+00
        111  86.639288    0.00764     0.4583     27.500  1024.9603  51046.770    31.3807      0.561    7.52305     3.4618     3.4596    24.9576   13.43856 2.7204e+02      0.566 0.0000e+00
        112  86.639291    0.00771     0.4625     27.750  1024.9589  51043.925    31.3790      0.559    7.52291     3.4625     3.4608    24.9562   13.43835 2.7247e+02      0.564 0.0000e+00
        113  86.639294    0.00778     0.4667     28.000  1024.9571  51040.408    31.3769      0.559    7.52283     3.4629     3.4619    24.9544   13.43825 2.7108e+02      0.564 0.0000e+00
        114  86.639297    0.00785     0.4708     28.250  1024.9555  51037.430    31.3750      0.562    7.52280     3.4630     3.4626    24.9529   13.43822 2.6952e+02      0.567 0.0000e+00
        115  86.639300    0.00792     0.4750     28.500  1024.9549  51036.169    31.3743      0.565    7.52277     3.4630     3.4629    24.9523   13.43819 2.6918e+02      0.570 0.0000e+00
        116  86.639303    0.00799     0.4792     28.750  1024.9555  51037.279    31.3751      0.568    7.52271     3.4630     3.4630    24.9529   13.43808 2.6946e+02      0.573 0.0000e+00
        117  86.639306    0.00806     0.4833     29.000  1024.9574  51040.709    31.3774      0.569    7.52259     3.4629     3.4630    24.9547   13.43785 2.6939e+02      0.574 0.0000e+00
        118  86.639308    0.00813     0.4875     29.250  1024.9601  51045.696    31.3808      0.568    7.52243     3.4630     3.4630    24.9574   13.43753 2.6880e+02      0.573 0.0000e+00
        119  86.639311    0.00819     0.4917     29.500  1024.9630  51051.121    31.3845      0.565    7.52224     3.4633     3.4629    24.9603   13.43718 2.6784e+02      0.570 0.0000e+00
        120  86.639314    0.00826     0.4958     29.750  1024.9656  51055.792    31.3877      0.561    7.52206     3.4637     3.4630    24.9629   13.43684 2.6667e+02      0.566 0.0000e+00
        121  86.639317    0.00833     0.5000     30.000  1024.9672  51058.847    31.3898      0.558    7.52191     3.4641     3.4633    24.9645   13.43656 2.6627e+02      0.563 0.0000e+00
        122  86.639320    0.00840     0.5042     30.250  1024.9680  51060.190    31.3908      0.557    7.52179     3.4646     3.4637    24.9653   13.43635 2.6583e+02      0.562 0.0000e+00
        123  86.639323    0.00847     0.5083     30.500  1024.9681  51060.211    31.3909      0.558    7.52169     3.4651     3.4641    24.9654   13.43619 2.6406e+02      0.563 0.0000e+00
        124  86.639326    0.00854     0.5125     30.750  1024.9677  51059.365    31.3905      0.559    7.52162     3.4656     3.4647    24.9650   13.43607 2.6239e+02      0.564 0.0000e+00
        125  86.639329    0.00861     0.5167     31.000  1024.9671  51058.238    31.3898      0.562    7.52156     3.4660     3.4652    24.9644   13.43598 2.6280e+02      0.567 0.0000e+00
        126  86.639332    0.00868     0.5208     31.250  1024.9670  51057.832    31.3897      0.565    7.52149     3.4665     3.4656    24.9643   13.43586 2.6378e+02      0.570 0.0000e+00
        127  86.639334    0.00875     0.5250     31.500  1024.9676  51059.014    31.3906      0.567    7.52137     3.4672     3.4661    24.9649   13.43565 2.6367e+02      0.572 0.0000e+00
        128  86.639337    0.00882     0.5292     31.750  1024.9691  51061.699    31.3925      0.568    7.52117     3.4685     3.4666    24.9664   13.43531 2.6369e+02      0.573 0.0000e+00
        129  86.639340    0.00889     0.5333     32.000  1024.9710  51064.948    31.3949      0.567    7.52090     3.4702     3.4673    24.9683   13.43483 2.6287e+02      0.572 0.0000e+00
        130  86.639343    0.00896     0.5375     32.250  1024.9724  51067.320    31.3968      0.564    7.52058     3.4722     3.4685    24.9697   13.43427 2.6106e+02      0.569 0.0000e+00
        131  86.639346    0.00903     0.5417     32.500  1024.9727  51067.633    31.3975      0.561    7.52023     3.4743     3.4703    24.9701   13.43368 2.6085e+02      0.566 0.0000e+00
        132  86.639349    0.00910     0.5458     32.750  1024.9720  51065.886    31.3968      0.557    7.51988     3.4760     3.4723    24.9693   13.43312 2.6282e+02      0.562 0.0000e+00
        133  86.639352    0.00917     0.5500     33.000  1024.9706  51062.861    31.3953      0.555    7.51959     3.4773     3.4743    24.9679   13.43265 2.6596e+02      0.560 0.0000e+00
        134  86.639355    0.00924     0.5542     33.250  1024.9689  51059.438    31.3934      0.555    7.51936     3.4783     3.4761    24.9663   13.43231 2.6911e+02      0.560 0.0000e+00
        135  86.639358    0.00931     0.5583     33.500  1024.9675  51056.660    31.3918      0.556    7.51920     3.4791     3.4774    24.9649   13.43206 2.7103e+02      0.562 0.0000e+00
        136  86.639361    0.00937     0.5625     33.750  1024.9670  51055.498    31.3913      0.558    7.51905     3.4800     3.4783    24.9644   13.43183 2.7123e+02      0.564 0.0000e+00
        137  86.639363    0.00944     0.5667     34.000  1024.9675  51056.123    31.3919      0.561    7.51887     3.4812     3.4791    24.9648   13.43152 2.7062e+02      0.566 0.0000e+00
        138  86.639366    0.00951     0.5708     34.250  1024.9685  51057.894    31.3933      0.563    7.51863     3.4827     3.4800    24.9659   13.43110 2.7027e+02      0.568 0.0000e+00
        139  86.639369    0.00958     0.5750     34.500  1024.9698  51060.021    31.3950      0.564    7.51832     3.4847     3.4812    24.9672   13.43057 2.7052e+02      0.569 0.0000e+00
        140  86.639372    0.00965     0.5792     34.750  1024.9709  51061.671    31.3965      0.564    7.51796     3.4871     3.4828    24.9682   13.42995 2.7082e+02      0.569 0.0000e+00
        141  86.639375    0.00972     0.5833     35.000  1024.9714  51062.224    31.3974      0.563    7.51755     3.4897     3.4848    24.9687   13.42926 2.7132e+02      0.568 0.0000e+00
        142  86.639378    0.00979     0.5875     35.250  1024.9713  51061.641    31.3976      0.560    7.51710     3.4924     3.4871    24.9687   13.42852 2.7233e+02      0.566 0.0000e+00
        143  86.639381    0.00986     0.5917     35.500  1024.9707  51059.919    31.3971      0.558    7.51665     3.4951     3.4897    24.9680   13.42778 2.7216e+02      0.563 0.0000e+00
        144  86.639384    0.00993     0.5958     35.750  1024.9692  51056.687    31.3956      0.556    7.51621     3.4972     3.4925    24.9666   13.42708 2.7206e+02      0.561 0.0000e+00
        145  86.639387    0.01000     0.6000     36.000  1024.9669  51051.996    31.3931      0.555    7.51585     3.4986     3.4951    24.9643   13.42652 2.7331e+02      0.561 0.0000e+00
        146  86.639389    0.01007     0.6042     36.250  1024.9645  51047.056    31.3902      0.557    7.51560     3.4994     3.4973    24.9619   13.42615 2.7379e+02      0.563 0.0000e+00
        147  86.639392    0.01014     0.6083     36.500  1024.9630  51043.923    31.3885      0.560    7.51543     3.5001     3.4987    24.9603   13.42590 2.7478e+02      0.566 0.0000e+00
        148  86.639395    0.01021     0.6125     36.750  1024.9633  51044.176    31.3888      0.563    7.51526     3.5009     3.4995    24.9606   13.42560 2.7714e+02      0.568 0.0000e+00
        149  86.639398    0.01028     0.6167     37.000  1024.9650  51047.273    31.3911      0.564    7.51502     3.5020     3.5001    24.9623   13.42518 2.7856e+02      0.569 0.0000e+00
        150  86.639401    0.01035     0.6208     37.250  1024.9671  51051.045    31.3939      0.563    7.51473     3.5034     3.5009    24.9645   13.42467 2.7848e+02      0.568 0.0000e+00
        151  86.639404    0.01042     0.6250     37.500  1024.9686  51053.608    31.3959      0.561    7.51442     3.5050     3.5020    24.9660   13.42414 2.7797e+02      0.566 0.0000e+00
        152  86.639407    0.01049     0.6292     37.750  1024.9691  51054.181    31.3966      0.560    7.51412     3.5068     3.5035    24.9664   13.42362 2.7784e+02      0.565 0.0000e+00
        153  86.639410    0.01056     0.6333     38.000  1024.9687  51053.146    31.3963      0.560    7.51383     3.5085     3.5051    24.9660   13.42314 2.7775e+02      0.565 0.0000e+00
        154  86.639413    0.01063     0.6375     38.250  1024.9679  51051.412    31.3956      0.562    7.51355     3.5102     3.5068    24.9653   13.42269 2.7720e+02      0.567 0.0000e+00
        155  86.639416    0.01069     0.6417     38.500  1024.9672  51049.747    31.3949      0.565    7.51327     3.5121     3.5085    24.9646   13.42224 2.7663e+02      0.570 0.0000e+00
        156  86.639418    0.01076     0.6458     38.750  1024.9669  51048.722    31.3946      0.568    7.51296     3.5142     3.5103    24.9642   13.42174 2.7695e+02      0.573 0.0000e+00
        157  86.639421    0.01083     0.6500     39.000  1024.9671  51048.638    31.3950      0.570    7.51260     3.5169     3.5121    24.9644   13.42113 2.7757e+02      0.575 0.0000e+00
        158  86.639424    0.01090     0.6542     39.250  1024.9675  51049.019    31.3958      0.572    7.51216     3.5200     3.5143    24.9648   13.42039 2.7663e+02      0.577 0.0000e+00
        159  86.639427    0.01097     0.6583     39.500  1024.9675  51048.484    31.3961      0.571    7.51165     3.5232     3.5170    24.9648   13.41955 2.7412e+02      0.576 0.0000e+00
        160  86.639430    0.01104     0.6625     39.750  1024.9666  51046.032    31.3952      0.569    7.51112     3.5263     3.5201    24.9639   13.41869 2.7182e+02      0.574 0.0000e+00
        161  86.639433    0.01111     0.6667     40.000  1024.9646  51041.822    31.3932      0.567    7.51063     3.5291     3.5233    24.9619   13.41791 2.7015e+02      0.572 0.0000e+00
        162  86.639436    0.01118     0.6708     40.250  1024.9621  51036.465    31.3903      0.565    7.51021     3.5313     3.5263    24.9594   13.41725 2.6941e+02      0.570 0.0000e+00
        163  86.639439    0.01125     0.6750     40.500  1024.9592  51030.647    31.3870      0.566    7.50987     3.5331     3.5291    24.9565   13.41674 2.7022e+02      0.571 0.0000e+00
        164  86.639442    0.01132     0.6792     40.750  1024.9567  51025.532    31.3841      0.569    7.50960     3.5344     3.5313    24.9540   13.41633 2.7101e+02      0.574 0.0000e+00
        165  86.639444    0.01139     0.6833     41.000  1024.9553  51022.689    31.3826      0.573    7.50936     3.5353     3.5331    24.9526   13.41594 2.7087e+02      0.578 0.0000e+00
        166  86.639447    0.01146     0.6875     41.250  1024.9555  51022.763    31.3829      0.576    7.50910     3.5360     3.5344    24.9528   13.41551 2.7009e+02      0.582 0.0000e+00
        167  86.639450    0.01153     0.6917     41.500  1024.9568  51024.970    31.3847      0.578    7.50884     3.5365     3.5354    24.9541   13.41506 2.6999e+02      0.583 0.0000e+00
        168  86.639453    0.01160     0.6958     41.750  1024.9585  51027.942    31.3868      0.578    7.50860     3.5371     3.5360    24.9558   13.41464 2.7127e+02      0.583 0.0000e+00
        169  86.639456    0.01167     0.7000     42.000  1024.9598  51030.322    31.3886      0.577    7.50841     3.5378     3.5366    24.9571   13.41430 2.7314e+02      0.582 0.0000e+00
        170  86.639459    0.01174     0.7042     42.250  1024.9606  51031.541    31.3896      0.576    7.50826     3.5388     3.5371    24.9579   13.41403 2.7474e+02      0.582 0.0000e+00
