CTD-processing/allCTD/CNV--homogene/2018_07-18_t7_s22_cast151.cnv
* Sea-Bird SBE19plus Data File:
* FileName = C:\Users\Kim.Powell\Desktop\Not Processed\2018\2018_07-18_AlongBay,T6,T7_5028\2018_07-18_TRANSECT_STATION_cast151.hex
* Software Version 1.59
* Temperature SN =  5028
* Conductivity SN =  5028
* System UpLoad Time = Jul 19 2018 13:16:08
** 2018_07-18
** Station: 7-22
** Start Time: 12:44
** Depth (m): 73.3
** Comment:
** Comment:
# nquan = 17
# nvalues = 619                         
# units = specified
# name 0 = scan: Scan Count
# name 1 = timeJ: Julian Days
# name 2 = timeH: Time, Elapsed [hours]
# name 3 = timeM: Time, Elapsed [minutes]
# name 4 = timeS: Time, Elapsed [seconds]
# name 5 = density00: Density [density, kg/m^3]
# name 6 = specc: Specific Conductance [uS/cm]
# name 7 = sal00: Salinity, Practical [PSU]
# name 8 = depSM: Depth [salt water, m], lat = 59.00
# name 9 = oxsolML/L: Oxygen Saturation, Garcia & Gordon [ml/l]
# name 10 = potemp090C: Potential Temperature [ITS-90, deg C]
# name 11 = tv290C: Temperature [ITS-90, deg C]
# name 12 = sigma-é00: Density [sigma-theta, kg/m^3]
# name 13 = n2satML/L: Nitrogen Saturation [ml/l]
# name 14 = par: PAR/Irradiance, Biospherical/Licor
# name 15 = prdM: Pressure, Strain Gauge [db]
# name 16 = flag:  0.000e+00
# span 0 =          1,        619       
# span 1 = 199.531516, 199.533304       
# span 2 =    0.00000,    0.04292       
# span 3 =     0.0000,     2.5750       
# span 4 =      0.000,    154.500       
# span 5 =  1000.1947,  1024.8695       
# span 6 =   1252.211,  50186.584       
# span 7 =     0.6157,    31.8092       
# span 8 =      0.008,     68.598       
# span 9 =    6.62114,    7.88512       
# span 10 =     8.5317,     9.9181      
# span 11 =     8.5383,     9.9181      
# span 12 =     0.1947,    24.6666      
# span 13 =   11.94396,   14.47558      
# span 14 = 8.5472e-02, 1.8146e+03      
# span 15 =      0.008,     69.256      
# span 16 = 0.0000e+00, 0.0000e+00      
# interval = seconds: 0.25
# start_time = Jul 18 2018 12:45:23 [Instrument's time stamp, header]
# bad_flag = -9.990e-29
*END*
[from data line 511]
        512 199.532995    0.03549     2.1292    127.750  1024.7610  49990.277    31.6296     46.256    6.66268     8.5463     8.5537    24.5480   12.01383 8.7473e-01     46.698 0.0000e+00
        513 199.532998    0.03556     2.1333    128.000  1024.7624  49991.428    31.6301     46.431    6.66287     8.5453     8.5522    24.5486   12.01414 8.5454e-01     46.875 0.0000e+00
        514 199.533001    0.03562     2.1375    128.250  1024.7638  49992.536    31.6306     46.612    6.66304     8.5445     8.5510    24.5492   12.01440 8.3355e-01     47.057 0.0000e+00
        515 199.533003    0.03569     2.1417    128.500  1024.7653  49993.623    31.6311     46.811    6.66317     8.5439     8.5500    24.5498   12.01461 8.1065e-01     47.259 0.0000e+00
        516 199.533006    0.03576     2.1458    128.750  1024.7669  49994.735    31.6317     47.038    6.66326     8.5437     8.5492    24.5504   12.01476 7.8581e-01     47.487 0.0000e+00
        517 199.533009    0.03583     2.1500    129.000  1024.7686  49995.777    31.6322     47.287    6.66332     8.5437     8.5487    24.5509   12.01484 7.5999e-01     47.739 0.0000e+00
        518 199.533012    0.03590     2.1542    129.250  1024.7701  49996.623    31.6326     47.544    6.66333     8.5439     8.5484    24.5512   12.01486 7.3458e-01     47.999 0.0000e+00
        519 199.533015    0.03597     2.1583    129.500  1024.7716  49997.301    31.6330     47.795    6.66331     8.5444     8.5485    24.5515   12.01482 7.1083e-01     48.252 0.0000e+00
        520 199.533018    0.03604     2.1625    129.750  1024.7728  49997.660    31.6332     48.030    6.66325     8.5448     8.5488    24.5516   12.01473 6.8934e-01     48.488 0.0000e+00
        521 199.533021    0.03611     2.1667    130.000  1024.7736  49997.425    31.6330     48.248    6.66319     8.5449     8.5493    24.5514   12.01463 6.7000e-01     48.709 0.0000e+00
        522 199.533024    0.03618     2.1708    130.250  1024.7740  49996.588    31.6324     48.455    6.66315     8.5445     8.5497    24.5509   12.01457 6.5209e-01     48.918 0.0000e+00
        523 199.533027    0.03625     2.1750    130.500  1024.7742  49995.408    31.6315     48.658    6.66317     8.5437     8.5498    24.5502   12.01461 6.3485e-01     49.123 0.0000e+00
        524 199.533030    0.03632     2.1792    130.750  1024.7747  49994.633    31.6308     48.864    6.66326     8.5427     8.5495    24.5497   12.01476 6.1793e-01     49.331 0.0000e+00
        525 199.533032    0.03639     2.1833    131.000  1024.7758  49995.021    31.6309     49.074    6.66338     8.5420     8.5486    24.5499   12.01497 6.0125e-01     49.543 0.0000e+00
        526 199.533035    0.03646     2.1875    131.250  1024.7775  49996.370    31.6316     49.288    6.66349     8.5417     8.5477    24.5506   12.01516 5.8482e-01     49.759 0.0000e+00
        527 199.533038    0.03653     2.1917    131.500  1024.7792  49997.853    31.6324     49.504    6.66356     8.5419     8.5470    24.5513   12.01525 5.6873e-01     49.977 0.0000e+00
        528 199.533041    0.03660     2.1958    131.750  1024.7807  49998.763    31.6329     49.722    6.66357     8.5420     8.5467    24.5517   12.01526 5.5298e-01     50.197 0.0000e+00
        529 199.533044    0.03667     2.2000    132.000  1024.7817  49998.919    31.6330     49.941    6.66355     8.5421     8.5469    24.5517   12.01523 5.3753e-01     50.419 0.0000e+00
        530 199.533047    0.03674     2.2042    132.250  1024.7825  49998.642    31.6327     50.162    6.66353     8.5419     8.5470    24.5515   12.01520 5.2248e-01     50.642 0.0000e+00
        531 199.533050    0.03681     2.2083    132.500  1024.7833  49998.355    31.6324     50.383    6.66354     8.5417     8.5471    24.5513   12.01521 5.0800e-01     50.864 0.0000e+00
        532 199.533053    0.03687     2.2125    132.750  1024.7843  49998.464    31.6324     50.601    6.66356     8.5415     8.5469    24.5513   12.01525 4.9420e-01     51.085 0.0000e+00
        533 199.533056    0.03694     2.2167    133.000  1024.7855  49999.022    31.6326     50.816    6.66358     8.5416     8.5467    24.5515   12.01528 4.8110e-01     51.302 0.0000e+00
        534 199.533058    0.03701     2.2208    133.250  1024.7867  49999.641    31.6330     51.026    6.66358     8.5418     8.5466    24.5518   12.01528 4.6851e-01     51.514 0.0000e+00
        535 199.533061    0.03708     2.2250    133.500  1024.7878  50000.074    31.6332     51.236    6.66356     8.5421     8.5467    24.5520   12.01524 4.5618e-01     51.726 0.0000e+00
        536 199.533064    0.03715     2.2292    133.750  1024.7889  50000.307    31.6333     51.449    6.66352     8.5424     8.5469    24.5520   12.01518 4.4395e-01     51.941 0.0000e+00
        537 199.533067    0.03722     2.2333    134.000  1024.7899  50000.423    31.6333     51.667    6.66347     8.5429     8.5472    24.5520   12.01510 4.3182e-01     52.161 0.0000e+00
        538 199.533070    0.03729     2.2375    134.250  1024.7909  50000.540    31.6333     51.889    6.66341     8.5434     8.5476    24.5520   12.01500 4.1988e-01     52.385 0.0000e+00
        539 199.533073    0.03736     2.2417    134.500  1024.7918  50000.615    31.6334     52.113    6.66334     8.5439     8.5481    24.5519   12.01488 4.0820e-01     52.611 0.0000e+00
        540 199.533076    0.03743     2.2458    134.750  1024.7927  50000.556    31.6333     52.337    6.66327     8.5444     8.5486    24.5518   12.01476 3.9683e-01     52.838 0.0000e+00
        541 199.533079    0.03750     2.2500    135.000  1024.7936  50000.387    31.6332     52.562    6.66319     8.5449     8.5492    24.5516   12.01464 3.8568e-01     53.065 0.0000e+00
        542 199.533082    0.03757     2.2542    135.250  1024.7944  50000.159    31.6330     52.791    6.66312     8.5453     8.5497    24.5514   12.01452 3.7464e-01     53.297 0.0000e+00
        543 199.533084    0.03764     2.2583    135.500  1024.7953  49999.916    31.6328     53.027    6.66306     8.5456     8.5502    24.5512   12.01442 3.6373e-01     53.535 0.0000e+00
        544 199.533087    0.03771     2.2625    135.750  1024.7962  49999.690    31.6326     53.266    6.66301     8.5457     8.5506    24.5510   12.01433 3.5318e-01     53.776 0.0000e+00
        545 199.533090    0.03778     2.2667    136.000  1024.7971  49999.461    31.6324     53.502    6.66297     8.5458     8.5510    24.5507   12.01427 3.4326e-01     54.014 0.0000e+00
        546 199.533093    0.03785     2.2708    136.250  1024.7979  49999.229    31.6321     53.726    6.66295     8.5457     8.5512    24.5505   12.01424 3.3425e-01     54.240 0.0000e+00
        547 199.533096    0.03792     2.2750    136.500  1024.7987  49999.056    31.6319     53.934    6.66294     8.5455     8.5512    24.5504   12.01424 3.2623e-01     54.451 0.0000e+00
        548 199.533099    0.03799     2.2792    136.750  1024.7995  49998.979    31.6318     54.128    6.66296     8.5452     8.5512    24.5503   12.01426 3.1898e-01     54.647 0.0000e+00
        549 199.533102    0.03806     2.2833    137.000  1024.8003  49998.965    31.6317     54.315    6.66299     8.5448     8.5510    24.5502   12.01432 3.1206e-01     54.835 0.0000e+00
        550 199.533105    0.03812     2.2875    137.250  1024.8011  49998.968    31.6315     54.504    6.66304     8.5443     8.5507    24.5502   12.01439 3.0501e-01     55.026 0.0000e+00
        551 199.533108    0.03819     2.2917    137.500  1024.8019  49998.927    31.6314     54.706    6.66310     8.5436     8.5503    24.5501   12.01450 2.9754e-01     55.230 0.0000e+00
        552 199.533111    0.03826     2.2958    137.750  1024.8028  49998.761    31.6311     54.929    6.66319     8.5426     8.5498    24.5499   12.01465 2.8952e-01     55.455 0.0000e+00
        553 199.533113    0.03833     2.3000    138.000  1024.8038  49998.588    31.6307     55.173    6.66331     8.5414     8.5491    24.5498   12.01486 2.8108e-01     55.701 0.0000e+00
        554 199.533116    0.03840     2.3042    138.250  1024.8051  49998.932    31.6307     55.431    6.66346     8.5403     8.5481    24.5499   12.01511 2.7249e-01     55.962 0.0000e+00
        555 199.533119    0.03847     2.3083    138.500  1024.8069  50000.113    31.6312     55.692    6.66362     8.5397     8.5469    24.5505   12.01535 2.6416e-01     56.225 0.0000e+00
        556 199.533122    0.03854     2.3125    138.750  1024.8089  50001.691    31.6321     55.944    6.66373     8.5395     8.5459    24.5513   12.01553 2.5636e-01     56.480 0.0000e+00
        557 199.533125    0.03861     2.3167    139.000  1024.8107  50003.105    31.6329     56.185    6.66378     8.5397     8.5453    24.5520   12.01561 2.4915e-01     56.723 0.0000e+00
        558 199.533128    0.03868     2.3208    139.250  1024.8123  50004.143    31.6335     56.417    6.66378     8.5402     8.5451    24.5525   12.01560 2.4245e-01     56.957 0.0000e+00
        559 199.533131    0.03875     2.3250    139.500  1024.8136  50004.811    31.6339     56.642    6.66374     8.5408     8.5453    24.5528   12.01552 2.3612e-01     57.185 0.0000e+00
        560 199.533134    0.03882     2.3292    139.750  1024.8147  50005.177    31.6341     56.867    6.66365     8.5416     8.5458    24.5529   12.01538 2.3005e-01     57.411 0.0000e+00
        561 199.533137    0.03889     2.3333    140.000  1024.8157  50005.231    31.6342     57.091    6.66355     8.5424     8.5465    24.5528   12.01521 2.2422e-01     57.637 0.0000e+00
        562 199.533139    0.03896     2.3375    140.250  1024.8165  50004.926    31.6340     57.312    6.66343     8.5431     8.5474    24.5526   12.01502 2.1869e-01     57.860 0.0000e+00
        563 199.533142    0.03903     2.3417    140.500  1024.8170  50004.337    31.6336     57.528    6.66333     8.5436     8.5482    24.5521   12.01484 2.1353e-01     58.078 0.0000e+00
        564 199.533145    0.03910     2.3458    140.750  1024.8175  50003.637    31.6331     57.736    6.66324     8.5438     8.5489    24.5517   12.01471 2.0871e-01     58.288 0.0000e+00
        565 199.533148    0.03917     2.3500    141.000  1024.8180  50002.956    31.6326     57.939    6.66319     8.5437     8.5494    24.5512   12.01463 2.0410e-01     58.494 0.0000e+00
        566 199.533151    0.03924     2.3542    141.250  1024.8185  50002.329    31.6321     58.145    6.66318     8.5433     8.5496    24.5508   12.01462 1.9956e-01     58.701 0.0000e+00
        567 199.533154    0.03931     2.3583    141.500  1024.8192  50001.881    31.6317     58.357    6.66321     8.5428     8.5495    24.5505   12.01468 1.9498e-01     58.916 0.0000e+00
        568 199.533157    0.03938     2.3625    141.750  1024.8201  50001.846    31.6315     58.578    6.66327     8.5422     8.5492    24.5504   12.01478 1.9038e-01     59.139 0.0000e+00
        569 199.533160    0.03944     2.3667    142.000  1024.8213  50002.199    31.6316     58.803    6.66334     8.5417     8.5487    24.5506   12.01490 1.8586e-01     59.367 0.0000e+00
        570 199.533163    0.03951     2.3708    142.250  1024.8226  50002.742    31.6318     59.028    6.66342     8.5413     8.5481    24.5508   12.01502 1.8155e-01     59.593 0.0000e+00
        571 199.533166    0.03958     2.3750    142.500  1024.8238  50003.295    31.6320     59.246    6.66348     8.5410     8.5476    24.5510   12.01512 1.7750e-01     59.813 0.0000e+00
        572 199.533168    0.03965     2.3792    142.750  1024.8249  50003.754    31.6322     59.456    6.66353     8.5407     8.5472    24.5512   12.01520 1.7369e-01     60.025 0.0000e+00
        573 199.533171    0.03972     2.3833    143.000  1024.8260  50004.147    31.6323     59.660    6.66357     8.5404     8.5469    24.5514   12.01526 1.7006e-01     60.232 0.0000e+00
        574 199.533174    0.03979     2.3875    143.250  1024.8271  50004.473    31.6324     59.866    6.66360     8.5402     8.5467    24.5515   12.01532 1.6650e-01     60.440 0.0000e+00
        575 199.533177    0.03986     2.3917    143.500  1024.8281  50004.690    31.6324     60.078    6.66363     8.5399     8.5465    24.5515   12.01537 1.6290e-01     60.654 0.0000e+00
        576 199.533180    0.03993     2.3958    143.750  1024.8291  50004.723    31.6323     60.301    6.66367     8.5393     8.5462    24.5515   12.01543 1.5924e-01     60.879 0.0000e+00
        577 199.533183    0.04000     2.4000    144.000  1024.8300  50004.459    31.6320     60.533    6.66373     8.5385     8.5459    24.5513   12.01554 1.5562e-01     61.113 0.0000e+00
        578 199.533186    0.04007     2.4042    144.250  1024.8309  50004.248    31.6316     60.767    6.66382     8.5376     8.5454    24.5511   12.01570 1.5215e-01     61.349 0.0000e+00
        579 199.533189    0.04014     2.4083    144.500  1024.8321  50004.609    31.6317     60.994    6.66394     8.5367     8.5446    24.5513   12.01589 1.4892e-01     61.578 0.0000e+00
        580 199.533192    0.04021     2.4125    144.750  1024.8334  50005.382    31.6320     61.210    6.66406     8.5360     8.5437    24.5516   12.01609 1.4596e-01     61.797 0.0000e+00
        581 199.533194    0.04028     2.4167    145.000  1024.8348  50006.222    31.6324     61.416    6.66417     8.5355     8.5429    24.5521   12.01627 1.4320e-01     62.005 0.0000e+00
        582 199.533197    0.04035     2.4208    145.250  1024.8361  50007.048    31.6327     61.618    6.66426     8.5351     8.5422    24.5525   12.01640 1.4058e-01     62.209 0.0000e+00
        583 199.533200    0.04042     2.4250    145.500  1024.8374  50007.754    31.6330     61.821    6.66432     8.5347     8.5416    24.5528   12.01650 1.3801e-01     62.414 0.0000e+00
        584 199.533203    0.04049     2.4292    145.750  1024.8386  50008.238    31.6332     62.033    6.66437     8.5344     8.5413    24.5530   12.01658 1.3540e-01     62.628 0.0000e+00
        585 199.533206    0.04056     2.4333    146.000  1024.8397  50008.623    31.6334     62.255    6.66441     8.5341     8.5409    24.5531   12.01665 1.3274e-01     62.852 0.0000e+00
        586 199.533209    0.04063     2.4375    146.250  1024.8410  50009.069    31.6335     62.487    6.66445     8.5340     8.5406    24.5533   12.01671 1.3006e-01     63.086 0.0000e+00
        587 199.533212    0.04069     2.4417    146.500  1024.8422  50009.520    31.6337     62.722    6.66448     8.5339     8.5404    24.5535   12.01676 1.2742e-01     63.323 0.0000e+00
        588 199.533215    0.04076     2.4458    146.750  1024.8434  50009.868    31.6338     62.956    6.66450     8.5338     8.5402    24.5536   12.01679 1.2488e-01     63.560 0.0000e+00
        589 199.533218    0.04083     2.4500    147.000  1024.8445  50010.055    31.6338     63.185    6.66451     8.5337     8.5402    24.5537   12.01681 1.2250e-01     63.792 0.0000e+00
        590 199.533220    0.04090     2.4542    147.250  1024.8455  50010.078    31.6337     63.410    6.66452     8.5336     8.5402    24.5536   12.01682 1.2025e-01     64.019 0.0000e+00
        591 199.533223    0.04097     2.4583    147.500  1024.8464  50009.973    31.6335     63.631    6.66453     8.5334     8.5401    24.5535   12.01684 1.1812e-01     64.241 0.0000e+00
        592 199.533226    0.04104     2.4625    147.750  1024.8472  50009.837    31.6333     63.845    6.66456     8.5330     8.5400    24.5533   12.01689 1.1613e-01     64.458 0.0000e+00
        593 199.533229    0.04111     2.4667    148.000  1024.8481  50009.844    31.6332     64.052    6.66460     8.5326     8.5398    24.5533   12.01696 1.1429e-01     64.666 0.0000e+00
        594 199.533232    0.04118     2.4708    148.250  1024.8491  50010.050    31.6332     64.250    6.66465     8.5322     8.5394    24.5533   12.01705 1.1258e-01     64.866 0.0000e+00
        595 199.533235    0.04125     2.4750    148.500  1024.8501  50010.412    31.6334     64.440    6.66470     8.5319     8.5390    24.5535   12.01713 1.1099e-01     65.058 0.0000e+00
