CTD-processing/allCTD/CNV--homogene/2018_06-25_t3_s12_cast132.cnv
* Sea-Bird SBE19plus Data File:
* FileName = C:\Users\Kim.Powell\Desktop\Not Processed\2018\2018_06-XX\2018_06-XX_TRANSECT_STATION_cast132.hex
* Software Version 1.59
* Temperature SN =  5028
* Conductivity SN =  5028
* System UpLoad Time = Jul 05 2018 09:49:38
** 2018_06-25
** Station: 3-12
** Start Time: 11:17
** Depth (m): 36
** Comment:
** Comment:
# nquan = 17
# nvalues = 578                         
# units = specified
# name 0 = scan: Scan Count
# name 1 = timeJ: Julian Days
# name 2 = timeH: Time, Elapsed [hours]
# name 3 = timeM: Time, Elapsed [minutes]
# name 4 = timeS: Time, Elapsed [seconds]
# name 5 = density00: Density [density, kg/m^3]
# name 6 = specc: Specific Conductance [uS/cm]
# name 7 = sal00: Salinity, Practical [PSU]
# name 8 = depSM: Depth [salt water, m], lat = 59.00
# name 9 = oxsolML/L: Oxygen Saturation, Garcia & Gordon [ml/l]
# name 10 = potemp090C: Potential Temperature [ITS-90, deg C]
# name 11 = tv290C: Temperature [ITS-90, deg C]
# name 12 = sigma-é00: Density [sigma-theta, kg/m^3]
# name 13 = n2satML/L: Nitrogen Saturation [ml/l]
# name 14 = par: PAR/Irradiance, Biospherical/Licor
# name 15 = prdM: Pressure, Strain Gauge [db]
# name 16 = flag:  0.000e+00
# span 0 =          1,        578       
# span 1 = 176.470625, 176.472295       
# span 2 =    0.00000,    0.04007       
# span 3 =     0.0000,     2.4042       
# span 4 =      0.000,    144.250       
# span 5 =  1024.1218,  1024.4911       
# span 6 =  49201.102,  49581.786       
# span 7 =    31.1355,    31.3761       
# span 8 =      0.280,     36.189       
# span 9 =    6.64350,    6.66243       
# span 10 =     8.6302,     8.7825      
# span 11 =     8.6333,     8.8221      
# span 12 =    24.1205,    24.3254      
# span 13 =   11.98533,   12.01670      
# span 14 = 1.0864e-01, 2.6824e+02      
# span 15 =      0.283,     36.534      
# span 16 = 0.0000e+00, 0.0000e+00      
# interval = seconds: 0.25
# start_time = Jun 25 2018 11:17:42 [Instrument's time stamp, header]
# bad_flag = -9.990e-29
*END*
[from data line 426]
        427 176.471858    0.02958     1.7750    106.500  1024.3312  49523.647    31.3419      6.798    6.65266     8.7010     8.7041    24.2999   12.00075 3.0181e+01      6.863 0.0000e+00
        428 176.471861    0.02965     1.7792    106.750  1024.3319  49523.081    31.3413      7.037    6.65282     8.6994     8.7032    24.2995   12.00103 2.8801e+01      7.104 0.0000e+00
        429 176.471863    0.02972     1.7833    107.000  1024.3332  49523.571    31.3413      7.266    6.65303     8.6979     8.7017    24.2997   12.00138 2.7587e+01      7.335 0.0000e+00
        430 176.471866    0.02979     1.7875    107.250  1024.3350  49524.967    31.3420      7.486    6.65324     8.6968     8.7001    24.3005   12.00172 2.6505e+01      7.557 0.0000e+00
        431 176.471869    0.02986     1.7917    107.500  1024.3368  49526.684    31.3429      7.698    6.65342     8.6962     8.6987    24.3014   12.00200 2.5512e+01      7.771 0.0000e+00
        432 176.471872    0.02993     1.7958    107.750  1024.3386  49528.177    31.3437      7.906    6.65354     8.6957     8.6976    24.3022   12.00219 2.4566e+01      7.981 0.0000e+00
        433 176.471875    0.03000     1.8000    108.000  1024.3399  49528.984    31.3441      8.113    6.65362     8.6953     8.6970    24.3026   12.00232 2.3631e+01      8.190 0.0000e+00
        434 176.471878    0.03007     1.8042    108.250  1024.3409  49529.084    31.3440      8.323    6.65369     8.6946     8.6966    24.3026   12.00243 2.2686e+01      8.402 0.0000e+00
        435 176.471881    0.03014     1.8083    108.500  1024.3419  49529.097    31.3438      8.538    6.65376     8.6940     8.6961    24.3025   12.00256 2.1731e+01      8.619 0.0000e+00
        436 176.471884    0.03021     1.8125    108.750  1024.3430  49529.520    31.3439      8.755    6.65385     8.6935     8.6955    24.3027   12.00269 2.0781e+01      8.838 0.0000e+00
        437 176.471887    0.03028     1.8167    109.000  1024.3444  49530.241    31.3443      8.972    6.65392     8.6931     8.6949    24.3031   12.00281 1.9857e+01      9.057 0.0000e+00
        438 176.471889    0.03035     1.8208    109.250  1024.3457  49530.903    31.3446      9.184    6.65398     8.6929     8.6944    24.3034   12.00291 1.8980e+01      9.272 0.0000e+00
        439 176.471892    0.03042     1.8250    109.500  1024.3468  49531.281    31.3447      9.391    6.65402     8.6925     8.6941    24.3035   12.00298 1.8157e+01      9.480 0.0000e+00
        440 176.471895    0.03049     1.8292    109.750  1024.3477  49531.425    31.3447      9.593    6.65407     8.6921     8.6938    24.3036   12.00305 1.7390e+01      9.684 0.0000e+00
        441 176.471898    0.03056     1.8333    110.000  1024.3487  49531.600    31.3447      9.793    6.65411     8.6918     8.6935    24.3036   12.00313 1.6675e+01      9.885 0.0000e+00
        442 176.471901    0.03062     1.8375    110.250  1024.3498  49531.976    31.3448      9.992    6.65416     8.6915     8.6932    24.3038   12.00321 1.6007e+01     10.087 0.0000e+00
        443 176.471904    0.03069     1.8417    110.500  1024.3509  49532.418    31.3450     10.193    6.65420     8.6913     8.6928    24.3040   12.00327 1.5376e+01     10.290 0.0000e+00
        444 176.471907    0.03076     1.8458    110.750  1024.3519  49532.719    31.3450     10.399    6.65424     8.6911     8.6926    24.3041   12.00332 1.4763e+01     10.497 0.0000e+00
        445 176.471910    0.03083     1.8500    111.000  1024.3530  49532.920    31.3451     10.612    6.65426     8.6909     8.6924    24.3041   12.00337 1.4147e+01     10.713 0.0000e+00
        446 176.471913    0.03090     1.8542    111.250  1024.3541  49533.202    31.3451     10.837    6.65429     8.6907     8.6922    24.3042   12.00341 1.3516e+01     10.940 0.0000e+00
        447 176.471916    0.03097     1.8583    111.500  1024.3553  49533.585    31.3453     11.075    6.65431     8.6905     8.6920    24.3043   12.00345 1.2869e+01     11.180 0.0000e+00
        448 176.471918    0.03104     1.8625    111.750  1024.3566  49533.931    31.3454     11.325    6.65434     8.6902     8.6918    24.3044   12.00349 1.2217e+01     11.432 0.0000e+00
        449 176.471921    0.03111     1.8667    112.000  1024.3578  49534.144    31.3454     11.580    6.65436     8.6898     8.6916    24.3045   12.00353 1.1580e+01     11.689 0.0000e+00
        450 176.471924    0.03118     1.8708    112.250  1024.3590  49534.374    31.3454     11.830    6.65440     8.6895     8.6914    24.3045   12.00359 1.0983e+01     11.942 0.0000e+00
        451 176.471927    0.03125     1.8750    112.500  1024.3602  49534.779    31.3455     12.069    6.65444     8.6892     8.6911    24.3047   12.00365 1.0443e+01     12.183 0.0000e+00
        452 176.471930    0.03132     1.8792    112.750  1024.3614  49535.174    31.3457     12.292    6.65447     8.6889     8.6908    24.3048   12.00372 9.9659e+00     12.408 0.0000e+00
        453 176.471933    0.03139     1.8833    113.000  1024.3624  49535.337    31.3456     12.498    6.65452     8.6884     8.6905    24.3048   12.00379 9.5441e+00     12.617 0.0000e+00
        454 176.471936    0.03146     1.8875    113.250  1024.3632  49535.293    31.3455     12.693    6.65457     8.6876     8.6901    24.3048   12.00388 9.1614e+00     12.813 0.0000e+00
        455 176.471939    0.03153     1.8917    113.500  1024.3639  49535.124    31.3452     12.882    6.65466     8.6864     8.6897    24.3046   12.00402 8.8009e+00     13.005 0.0000e+00
        456 176.471942    0.03160     1.8958    113.750  1024.3646  49534.773    31.3448     13.073    6.65478     8.6845     8.6890    24.3044   12.00424 8.4524e+00     13.197 0.0000e+00
        457 176.471944    0.03167     1.9000    114.000  1024.3651  49534.058    31.3440     13.268    6.65499     8.6813     8.6878    24.3040   12.00458 8.1131e+00     13.393 0.0000e+00
        458 176.471947    0.03174     1.9042    114.250  1024.3652  49532.592    31.3426     13.466    6.65533     8.6762     8.6859    24.3032   12.00517 7.7821e+00     13.594 0.0000e+00
        459 176.471950    0.03181     1.9083    114.500  1024.3652  49530.931    31.3409     13.668    6.65589     8.6698     8.6827    24.3023   12.00611 7.4608e+00     13.797 0.0000e+00
        460 176.471953    0.03188     1.9125    114.750  1024.3667  49531.752    31.3406     13.870    6.65666     8.6639     8.6776    24.3029   12.00738 7.1529e+00     14.002 0.0000e+00
        461 176.471956    0.03194     1.9167    115.000  1024.3707  49537.033    31.3433     14.070    6.65749     8.6599     8.6713    24.3060   12.00873 6.8619e+00     14.204 0.0000e+00
        462 176.471959    0.03201     1.9208    115.250  1024.3759  49544.556    31.3476     14.267    6.65818     8.6574     8.6654    24.3102   12.00982 6.5903e+00     14.402 0.0000e+00
        463 176.471962    0.03208     1.9250    115.500  1024.3798  49549.803    31.3507     14.458    6.65865     8.6549     8.6614    24.3132   12.01055 6.3369e+00     14.595 0.0000e+00
        464 176.471965    0.03215     1.9292    115.750  1024.3813  49550.915    31.3510     14.647    6.65900     8.6516     8.6589    24.3138   12.01114 6.0959e+00     14.786 0.0000e+00
        465 176.471968    0.03222     1.9333    116.000  1024.3820  49550.572    31.3504     14.837    6.65940     8.6479     8.6564    24.3136   12.01180 5.8596e+00     14.978 0.0000e+00
        466 176.471970    0.03229     1.9375    116.250  1024.3837  49552.010    31.3508     15.036    6.65987     8.6446     8.6531    24.3145   12.01258 5.6207e+00     15.179 0.0000e+00
        467 176.471973    0.03236     1.9417    116.500  1024.3864  49555.015    31.3523     15.249    6.66035     8.6419     8.6495    24.3162   12.01336 5.3734e+00     15.394 0.0000e+00
        468 176.471976    0.03243     1.9458    116.750  1024.3892  49558.096    31.3538     15.479    6.66078     8.6396     8.6462    24.3179   12.01405 5.1165e+00     15.626 0.0000e+00
        469 176.471979    0.03250     1.9500    117.000  1024.3918  49560.714    31.3551     15.723    6.66113     8.6378     8.6434    24.3194   12.01461 4.8563e+00     15.873 0.0000e+00
        470 176.471982    0.03257     1.9542    117.250  1024.3940  49562.731    31.3561     15.975    6.66142     8.6361     8.6412    24.3205   12.01507 4.6056e+00     16.126 0.0000e+00
        471 176.471985    0.03264     1.9583    117.500  1024.3959  49564.292    31.3568     16.219    6.66166     8.6347     8.6394    24.3213   12.01547 4.3780e+00     16.372 0.0000e+00
        472 176.471988    0.03271     1.9625    117.750  1024.3977  49565.724    31.3575     16.444    6.66187     8.6336     8.6378    24.3220   12.01581 4.1824e+00     16.600 0.0000e+00
        473 176.471991    0.03278     1.9667    118.000  1024.3994  49567.156    31.3582     16.644    6.66204     8.6329     8.6364    24.3228   12.01609 4.0217e+00     16.802 0.0000e+00
        474 176.471994    0.03285     1.9708    118.250  1024.4010  49568.500    31.3589     16.817    6.66218     8.6324     8.6353    24.3235   12.01630 3.8924e+00     16.976 0.0000e+00
        475 176.471997    0.03292     1.9750    118.500  1024.4023  49569.681    31.3595     16.966    6.66226     8.6324     8.6345    24.3241   12.01643 3.7851e+00     17.127 0.0000e+00
        476 176.471999    0.03299     1.9792    118.750  1024.4035  49570.684    31.3601     17.103    6.66230     8.6327     8.6341    24.3246   12.01648 3.6877e+00     17.265 0.0000e+00
        477 176.472002    0.03306     1.9833    119.000  1024.4045  49571.585    31.3607     17.240    6.66228     8.6334     8.6341    24.3251   12.01645 3.5881e+00     17.404 0.0000e+00
        478 176.472005    0.03313     1.9875    119.250  1024.4055  49572.294    31.3612     17.392    6.66221     8.6343     8.6345    24.3254   12.01632 3.4759e+00     17.557 0.0000e+00
        479 176.472008    0.03319     1.9917    119.500  1024.4062  49572.221    31.3612     17.569    6.66210     8.6348     8.6352    24.3253   12.01614 3.3455e+00     17.736 0.0000e+00
        480 176.472011    0.03326     1.9958    119.750  1024.4064  49571.053    31.3604     17.778    6.66200     8.6347     8.6361    24.3246   12.01599 3.1982e+00     17.946 0.0000e+00
        481 176.472014    0.03333     2.0000    120.000  1024.4067  49569.654    31.3594     18.013    6.66196     8.6342     8.6366    24.3237   12.01594 3.0407e+00     18.184 0.0000e+00
        482 176.472017    0.03340     2.0042    120.250  1024.4074  49569.037    31.3588     18.266    6.66199     8.6336     8.6365    24.3233   12.01600 2.8828e+00     18.439 0.0000e+00
        483 176.472020    0.03347     2.0083    120.500  1024.4086  49569.297    31.3588     18.520    6.66206     8.6332     8.6361    24.3234   12.01612 2.7346e+00     18.696 0.0000e+00
        484 176.472023    0.03354     2.0125    120.750  1024.4101  49570.052    31.3592     18.760    6.66214     8.6329     8.6355    24.3237   12.01623 2.6041e+00     18.938 0.0000e+00
        485 176.472025    0.03361     2.0167    121.000  1024.4115  49570.889    31.3596     18.975    6.66218     8.6329     8.6351    24.3242   12.01631 2.4944e+00     19.156 0.0000e+00
        486 176.472028    0.03368     2.0208    121.250  1024.4127  49571.535    31.3599     19.164    6.66220     8.6331     8.6349    24.3245   12.01633 2.4032e+00     19.346 0.0000e+00
        487 176.472031    0.03375     2.0250    121.500  1024.4136  49571.886    31.3601     19.332    6.66219     8.6332     8.6349    24.3246   12.01631 2.3241e+00     19.515 0.0000e+00
        488 176.472034    0.03382     2.0292    121.750  1024.4143  49571.935    31.3601     19.490    6.66217     8.6334     8.6350    24.3245   12.01627 2.2489e+00     19.675 0.0000e+00
        489 176.472037    0.03389     2.0333    122.000  1024.4150  49571.881    31.3600     19.655    6.66215     8.6335     8.6352    24.3244   12.01624 2.1709e+00     19.841 0.0000e+00
        490 176.472040    0.03396     2.0375    122.250  1024.4158  49571.986    31.3600     19.837    6.66213     8.6336     8.6353    24.3244   12.01620 2.0867e+00     20.025 0.0000e+00
        491 176.472043    0.03403     2.0417    122.500  1024.4168  49572.264    31.3601     20.042    6.66211     8.6339     8.6355    24.3245   12.01616 1.9962e+00     20.232 0.0000e+00
        492 176.472046    0.03410     2.0458    122.750  1024.4179  49572.563    31.3603     20.267    6.66207     8.6344     8.6357    24.3246   12.01610 1.9033e+00     20.459 0.0000e+00
        493 176.472049    0.03417     2.0500    123.000  1024.4191  49572.821    31.3604     20.501    6.66202     8.6350     8.6360    24.3246   12.01601 1.8137e+00     20.695 0.0000e+00
        494 176.472052    0.03424     2.0542    123.250  1024.4202  49573.048    31.3605     20.731    6.66194     8.6359     8.6365    24.3247   12.01588 1.7320e+00     20.927 0.0000e+00
        495 176.472054    0.03431     2.0583    123.500  1024.4212  49573.289    31.3607     20.945    6.66183     8.6370     8.6371    24.3247   12.01571 1.6603e+00     21.144 0.0000e+00
        496 176.472057    0.03438     2.0625    123.750  1024.4221  49573.495    31.3609     21.141    6.66169     8.6384     8.6380    24.3248   12.01547 1.5981e+00     21.342 0.0000e+00
        497 176.472060    0.03444     2.0667    124.000  1024.4227  49573.340    31.3609     21.322    6.66151     8.6398     8.6392    24.3246   12.01518 1.5429e+00     21.524 0.0000e+00
        498 176.472063    0.03451     2.0708    124.250  1024.4230  49572.580    31.3605     21.495    6.66132     8.6410     8.6406    24.3240   12.01487 1.4917e+00     21.699 0.0000e+00
        499 176.472066    0.03458     2.0750    124.500  1024.4231  49571.462    31.3598     21.669    6.66114     8.6419     8.6420    24.3233   12.01457 1.4422e+00     21.874 0.0000e+00
        500 176.472069    0.03465     2.0792    124.750  1024.4231  49570.125    31.3590     21.850    6.66099     8.6421     8.6432    24.3225   12.01434 1.3925e+00     22.058 0.0000e+00
        501 176.472072    0.03472     2.0833    125.000  1024.4229  49568.413    31.3578     22.044    6.66091     8.6415     8.6441    24.3215   12.01423 1.3412e+00     22.253 0.0000e+00
        502 176.472075    0.03479     2.0875    125.250  1024.4230  49566.901    31.3567     22.255    6.66093     8.6403     8.6443    24.3206   12.01427 1.2871e+00     22.465 0.0000e+00
        503 176.472078    0.03486     2.0917    125.500  1024.4237  49566.328    31.3561     22.484    6.66104     8.6387     8.6437    24.3202   12.01446 1.2299e+00     22.697 0.0000e+00
        504 176.472080    0.03493     2.0958    125.750  1024.4250  49566.577    31.3560     22.732    6.66122     8.6370     8.6425    24.3203   12.01475 1.1708e+00     22.947 0.0000e+00
        505 176.472083    0.03500     2.1000    126.000  1024.4265  49567.327    31.3562     22.991    6.66144     8.6352     8.6410    24.3206   12.01511 1.1117e+00     23.210 0.0000e+00
        506 176.472086    0.03507     2.1042    126.250  1024.4284  49568.535    31.3567     23.253    6.66167     8.6337     8.6393    24.3213   12.01550 1.0554e+00     23.474 0.0000e+00
        507 176.472089    0.03514     2.1083    126.500  1024.4304  49570.195    31.3575     23.503    6.66190     8.6327     8.6376    24.3222   12.01585 1.0043e+00     23.727 0.0000e+00
        508 176.472092    0.03521     2.1125    126.750  1024.4325  49572.054    31.3585     23.735    6.66208     8.6321     8.6361    24.3231   12.01614 9.5940e-01     23.961 0.0000e+00
        509 176.472095    0.03528     2.1167    127.000  1024.4343  49573.701    31.3594     23.946    6.66220     8.6318     8.6351    24.3240   12.01632 9.2013e-01     24.173 0.0000e+00
        510 176.472098    0.03535     2.1208    127.250  1024.4358  49574.829    31.3600     24.137    6.66226     8.6318     8.6345    24.3246   12.01642 8.8520e-01     24.367 0.0000e+00
