CTD-processing/allCTD/CNV--homogene/2018_09-17_alongbay_skb13_cast051.cnv
* Sea-Bird SBE19plus Data File:
* FileName = C:\Users\Kim.Powell\Desktop\Not Processed\2018\2018_09-17_AlongBay, T6, T7_5028\2018_09-17_TRANSECT_STATION_cast051.hex
* Software Version 1.59
* Temperature SN =  5028
* Conductivity SN =  5028
* System UpLoad Time = Sep 18 2018 16:32:17
** 2018_09-17
** Station: KB13
** Start Time: 17:34
** Depth (m): 26.9
** Comment: 1 otter
** Comment:
# nquan = 17
# nvalues = 352                         
# units = specified
# name 0 = scan: Scan Count
# name 1 = timeJ: Julian Days
# name 2 = timeH: Time, Elapsed [hours]
# name 3 = timeM: Time, Elapsed [minutes]
# name 4 = timeS: Time, Elapsed [seconds]
# name 5 = density00: Density [density, kg/m^3]
# name 6 = specc: Specific Conductance [uS/cm]
# name 7 = sal00: Salinity, Practical [PSU]
# name 8 = depSM: Depth [salt water, m], lat = 59.00
# name 9 = oxsolML/L: Oxygen Saturation, Garcia & Gordon [ml/l]
# name 10 = potemp090C: Potential Temperature [ITS-90, deg C]
# name 11 = tv290C: Temperature [ITS-90, deg C]
# name 12 = sigma-é00: Density [sigma-theta, kg/m^3]
# name 13 = n2satML/L: Nitrogen Saturation [ml/l]
# name 14 = par: PAR/Irradiance, Biospherical/Licor
# name 15 = prdM: Pressure, Strain Gauge [db]
# name 16 = flag:  0.000e+00
# span 0 =          1,        352       
# span 1 = 260.733067, 260.734083       
# span 2 =    0.00000,    0.02438       
# span 3 =     0.0000,     1.4625       
# span 4 =      0.000,     87.750       
# span 5 =  1019.2407,  1023.8917       
# span 6 =  40507.775,  48738.759       
# span 7 =    25.3564,    30.9599       
# span 8 =      0.298,     20.317       
# span 9 =    6.42324,    6.55304       
# span 10 =    10.0026,    11.2534      
# span 11 =    10.0048,    11.2535      
# span 12 =    19.2378,    23.7987      
# span 13 =   11.63790,   11.90665      
# span 14 = 2.1324e+00, 3.2444e+02      
# span 15 =      0.301,     20.510      
# span 16 = 0.0000e+00, 0.0000e+00      
# interval = seconds: 0.25
# start_time = Sep 17 2018 17:35:37 [Instrument's time stamp, header]
# bad_flag = -9.990e-29
*END*
[from data line 171]
        172 260.733562    0.01188     0.7125     42.750  1019.3608  40730.107    25.5091      0.678    6.52998    11.2427    11.2439    19.3577   11.86826 2.1432e+02      0.684 0.0000e+00
        173 260.733565    0.01194     0.7167     43.000  1019.3596  40727.762    25.5074      0.678    6.53014    11.2423    11.2433    19.3565   11.86855 2.1480e+02      0.684 0.0000e+00
        174 260.733568    0.01201     0.7208     43.250  1019.3583  40725.262    25.5056      0.677    6.53029    11.2421    11.2428    19.3552   11.86881 2.1437e+02      0.683 0.0000e+00
        175 260.733571    0.01208     0.7250     43.500  1019.3567  40722.234    25.5035      0.676    6.53043    11.2420    11.2424    19.3536   11.86907 2.1382e+02      0.682 0.0000e+00
        176 260.733573    0.01215     0.7292     43.750  1019.3549  40718.689    25.5010      0.675    6.53056    11.2422    11.2421    19.3518   11.86932 2.1391e+02      0.681 0.0000e+00
        177 260.733576    0.01222     0.7333     44.000  1019.3529  40715.051    25.4985      0.675    6.53067    11.2426    11.2421    19.3498   11.86954 2.1236e+02      0.681 0.0000e+00
        178 260.733579    0.01229     0.7375     44.250  1019.3511  40711.603    25.4962      0.676    6.53075    11.2432    11.2422    19.3480   11.86970 2.0868e+02      0.682 0.0000e+00
        179 260.733582    0.01236     0.7417     44.500  1019.3492  40708.268    25.4939      0.677    6.53078    11.2440    11.2427    19.3461   11.86978 2.0643e+02      0.683 0.0000e+00
        180 260.733585    0.01243     0.7458     44.750  1019.3474  40704.884    25.4916      0.678    6.53078    11.2448    11.2433    19.3443   11.86982 2.0682e+02      0.684 0.0000e+00
        181 260.733588    0.01250     0.7500     45.000  1019.3455  40701.514    25.4894      0.679    6.53077    11.2457    11.2441    19.3424   11.86982 2.0712e+02      0.685 0.0000e+00
        182 260.733591    0.01257     0.7542     45.250  1019.3437  40698.424    25.4873      0.680    6.53073    11.2464    11.2449    19.3406   11.86978 2.0660e+02      0.686 0.0000e+00
        183 260.733594    0.01264     0.7583     45.500  1019.3423  40695.896    25.4856      0.680    6.53068    11.2469    11.2458    19.3392   11.86972 2.0742e+02      0.686 0.0000e+00
        184 260.733597    0.01271     0.7625     45.750  1019.3413  40694.223    25.4845      0.680    6.53063    11.2473    11.2465    19.3382   11.86964 2.0955e+02      0.686 0.0000e+00
        185 260.733600    0.01278     0.7667     46.000  1019.3410  40693.601    25.4841      0.679    6.53057    11.2477    11.2470    19.3379   11.86955 2.1070e+02      0.685 0.0000e+00
        186 260.733602    0.01285     0.7708     46.250  1019.3411  40693.992    25.4844      0.679    6.53050    11.2483    11.2474    19.3380   11.86944 2.1173e+02      0.685 0.0000e+00
        187 260.733605    0.01292     0.7750     46.500  1019.3417  40695.188    25.4853      0.679    6.53040    11.2489    11.2478    19.3386   11.86926 2.1418e+02      0.685 0.0000e+00
        188 260.733608    0.01299     0.7792     46.750  1019.3425  40696.807    25.4865      0.679    6.53027    11.2493    11.2484    19.3394   11.86903 2.1542e+02      0.685 0.0000e+00
        189 260.733611    0.01306     0.7833     47.000  1019.3433  40698.313    25.4876      0.680    6.53015    11.2496    11.2490    19.3402   11.86881 2.1382e+02      0.686 0.0000e+00
        190 260.733614    0.01313     0.7875     47.250  1019.3438  40699.299    25.4883      0.680    6.53006    11.2498    11.2494    19.3406   11.86864 2.1117e+02      0.687 0.0000e+00
        191 260.733617    0.01319     0.7917     47.500  1019.3440  40699.715    25.4886      0.681    6.53000    11.2501    11.2497    19.3408   11.86855 2.1042e+02      0.687 0.0000e+00
        192 260.733620    0.01326     0.7958     47.750  1019.3440  40699.781    25.4887      0.682    6.52997    11.2504    11.2499    19.3409   11.86850 2.1121e+02      0.688 0.0000e+00
        193 260.733623    0.01333     0.8000     48.000  1019.3439  40699.709    25.4886      0.683    6.52993    11.2508    11.2502    19.3408   11.86844 2.1130e+02      0.689 0.0000e+00
        194 260.733626    0.01340     0.8042     48.250  1019.3438  40699.556    25.4886      0.683    6.52989    11.2511    11.2505    19.3407   11.86836 2.1247e+02      0.690 0.0000e+00
        195 260.733628    0.01347     0.8083     48.500  1019.3436  40699.310    25.4884      0.684    6.52984    11.2511    11.2509    19.3405   11.86829 2.1471e+02      0.690 0.0000e+00
        196 260.733631    0.01354     0.8125     48.750  1019.3434  40698.944    25.4882      0.684    6.52982    11.2512    11.2511    19.3403   11.86825 2.1401e+02      0.691 0.0000e+00
        197 260.733634    0.01361     0.8167     49.000  1019.3431  40698.396    25.4878      0.685    6.52982    11.2513    11.2512    19.3400   11.86826 2.1143e+02      0.692 0.0000e+00
        198 260.733637    0.01368     0.8208     49.250  1019.3427  40697.592    25.4873      0.687    6.52984    11.2513    11.2512    19.3396   11.86829 2.1068e+02      0.693 0.0000e+00
        199 260.733640    0.01375     0.8250     49.500  1019.3422  40696.520    25.4865      0.689    6.52986    11.2512    11.2513    19.3390   11.86833 2.0996e+02      0.696 0.0000e+00
        200 260.733643    0.01382     0.8292     49.750  1019.3415  40695.267    25.4857      0.691    6.52989    11.2510    11.2514    19.3383   11.86839 2.0808e+02      0.698 0.0000e+00
        201 260.733646    0.01389     0.8333     50.000  1019.3408  40693.886    25.4847      0.692    6.52994    11.2508    11.2513    19.3376   11.86849 2.0804e+02      0.699 0.0000e+00
        202 260.733649    0.01396     0.8375     50.250  1019.3400  40692.473    25.4837      0.692    6.53001    11.2508    11.2511    19.3368   11.86863 2.1086e+02      0.698 0.0000e+00
        203 260.733652    0.01403     0.8417     50.500  1019.3393  40691.017    25.4827      0.690    6.53008    11.2510    11.2509    19.3361   11.86876 2.1282e+02      0.697 0.0000e+00
        204 260.733655    0.01410     0.8458     50.750  1019.3384  40689.312    25.4815      0.689    6.53013    11.2514    11.2509    19.3352   11.86885 2.1045e+02      0.696 0.0000e+00
        205 260.733657    0.01417     0.8500     51.000  1019.3373  40687.380    25.4802      0.689    6.53015    11.2519    11.2511    19.3341   11.86890 2.0668e+02      0.695 0.0000e+00
        206 260.733660    0.01424     0.8542     51.250  1019.3363  40685.585    25.4790      0.690    6.53014    11.2523    11.2515    19.3331   11.86891 2.0714e+02      0.697 0.0000e+00
        207 260.733663    0.01431     0.8583     51.500  1019.3356  40684.327    25.4782      0.692    6.53011    11.2526    11.2520    19.3324   11.86887 2.1070e+02      0.699 0.0000e+00
        208 260.733666    0.01438     0.8625     51.750  1019.3352  40683.608    25.4777      0.694    6.53008    11.2526    11.2524    19.3320   11.86881 2.1228e+02      0.700 0.0000e+00
        209 260.733669    0.01444     0.8667     52.000  1019.3349  40683.188    25.4774      0.694    6.53005    11.2526    11.2526    19.3317   11.86877 2.1173e+02      0.700 0.0000e+00
        210 260.733672    0.01451     0.8708     52.250  1019.3348  40682.983    25.4773      0.692    6.53005    11.2526    11.2527    19.3316   11.86876 2.1172e+02      0.699 0.0000e+00
        211 260.733675    0.01458     0.8750     52.500  1019.3346  40682.696    25.4771      0.690    6.53006    11.2528    11.2527    19.3315   11.86878 2.1289e+02      0.697 0.0000e+00
        212 260.733678    0.01465     0.8792     52.750  1019.3342  40681.880    25.4765      0.690    6.53008    11.2529    11.2527    19.3310   11.86882 2.1291e+02      0.696 0.0000e+00
        213 260.733681    0.01472     0.8833     53.000  1019.3333  40680.232    25.4754      0.690    6.53011    11.2530    11.2528    19.3301   11.86888 2.1084e+02      0.696 0.0000e+00
        214 260.733683    0.01479     0.8875     53.250  1019.3317  40677.304    25.4734      0.690    6.53017    11.2529    11.2530    19.3285   11.86902 2.0918e+02      0.696 0.0000e+00
        215 260.733686    0.01486     0.8917     53.500  1019.3295  40673.247    25.4706      0.688    6.53028    11.2528    11.2530    19.3263   11.86923 2.0979e+02      0.695 0.0000e+00
        216 260.733689    0.01493     0.8958     53.750  1019.3274  40669.259    25.4678      0.686    6.53040    11.2529    11.2529    19.3242   11.86946 2.1106e+02      0.692 0.0000e+00
        217 260.733692    0.01500     0.9000     54.000  1019.3258  40666.250    25.4657      0.683    6.53049    11.2531    11.2529    19.3226   11.86964 2.1120e+02      0.689 0.0000e+00
        218 260.733695    0.01507     0.9042     54.250  1019.3247  40664.207    25.4643      0.681    6.53054    11.2533    11.2530    19.3215   11.86974 2.1181e+02      0.688 0.0000e+00
        219 260.733698    0.01514     0.9083     54.500  1019.3238  40662.720    25.4633      0.681    6.53055    11.2534    11.2532    19.3207   11.86978 2.1249e+02      0.688 0.0000e+00
        220 260.733701    0.01521     0.9125     54.750  1019.3232  40661.562    25.4626      0.683    6.53055    11.2534    11.2534    19.3200   11.86979 2.1140e+02      0.689 0.0000e+00
        221 260.733704    0.01528     0.9167     55.000  1019.3229  40661.004    25.4622      0.684    6.53055    11.2532    11.2535    19.3197   11.86979 2.1150e+02      0.691 0.0000e+00
        222 260.733707    0.01535     0.9208     55.250  1019.3230  40661.174    25.4623      0.685    6.53055    11.2529    11.2535    19.3198   11.86978 2.1339e+02      0.692 0.0000e+00
        223 260.733709    0.01542     0.9250     55.500  1019.3232  40661.548    25.4626      0.685    6.53057    11.2524    11.2533    19.3201   11.86981 2.1330e+02      0.691 0.0000e+00
        224 260.733712    0.01549     0.9292     55.750  1019.3233  40661.800    25.4627      0.683    6.53061    11.2519    11.2530    19.3202   11.86988 2.1267e+02      0.690 0.0000e+00
        225 260.733715    0.01556     0.9333     56.000  1019.3236  40662.164    25.4629      0.681    6.53067    11.2514    11.2525    19.3205   11.86997 2.1382e+02      0.688 0.0000e+00
        226 260.733718    0.01563     0.9375     56.250  1019.3240  40662.945    25.4634      0.680    6.53071    11.2509    11.2520    19.3209   11.87005 2.1426e+02      0.686 0.0000e+00
        227 260.733721    0.01569     0.9417     56.500  1019.3249  40664.405    25.4644      0.679    6.53075    11.2504    11.2515    19.3218   11.87009 2.1253e+02      0.685 0.0000e+00
        228 260.733724    0.01576     0.9458     56.750  1019.3260  40666.378    25.4657      0.678    6.53076    11.2500    11.2510    19.3229   11.87010 2.1164e+02      0.684 0.0000e+00
        229 260.733727    0.01583     0.9500     57.000  1019.3270  40668.179    25.4669      0.678    6.53078    11.2497    11.2505    19.3239   11.87012 2.1314e+02      0.684 0.0000e+00
        230 260.733730    0.01590     0.9542     57.250  1019.3277  40669.450    25.4677      0.677    6.53080    11.2496    11.2501    19.3246   11.87014 2.1295e+02      0.683 0.0000e+00
        231 260.733733    0.01597     0.9583     57.500  1019.3282  40670.316    25.4683      0.677    6.53082    11.2496    11.2498    19.3251   11.87016 2.0945e+02      0.683 0.0000e+00
        232 260.733736    0.01604     0.9625     57.750  1019.3285  40670.838    25.4686      0.676    6.53082    11.2497    11.2497    19.3254   11.87017 2.0571e+02      0.682 0.0000e+00
        233 260.733738    0.01611     0.9667     58.000  1019.3286  40670.974    25.4687      0.676    6.53082    11.2498    11.2497    19.3255   11.87016 2.0477e+02      0.682 0.0000e+00
        234 260.733741    0.01618     0.9708     58.250  1019.3284  40670.737    25.4686      0.676    6.53082    11.2498    11.2498    19.3253   11.87016 2.0710e+02      0.682 0.0000e+00
        235 260.733744    0.01625     0.9750     58.500  1019.3282  40670.251    25.4682      0.676    6.53083    11.2497    11.2498    19.3251   11.87017 2.0891e+02      0.682 0.0000e+00
        236 260.733747    0.01632     0.9792     58.750  1019.3278  40669.598    25.4678      0.677    6.53084    11.2497    11.2498    19.3247   11.87021 2.0864e+02      0.683 0.0000e+00
        237 260.733750    0.01639     0.9833     59.000  1019.3273  40668.688    25.4672      0.677    6.53087    11.2496    11.2498    19.3242   11.87026 2.0881e+02      0.683 0.0000e+00
        238 260.733753    0.01646     0.9875     59.250  1019.3266  40667.405    25.4663      0.678    6.53092    11.2495    11.2497    19.3235   11.87035 2.0912e+02      0.684 0.0000e+00
        239 260.733756    0.01653     0.9917     59.500  1019.3257  40665.629    25.4650      0.678    6.53098    11.2493    11.2497    19.3226   11.87047 2.0881e+02      0.684 0.0000e+00
        240 260.733759    0.01660     0.9958     59.750  1019.3244  40663.203    25.4634      0.678    6.53107    11.2492    11.2496    19.3213   11.87063 2.0930e+02      0.684 0.0000e+00
        241 260.733762    0.01667     1.0000     60.000  1019.3226  40659.849    25.4610      0.678    6.53118    11.2492    11.2494    19.3195   11.87085 2.1040e+02      0.684 0.0000e+00
        242 260.733764    0.01674     1.0042     60.250  1019.3201  40655.069    25.4577      0.678    6.53133    11.2493    11.2493    19.3170   11.87115 2.1130e+02      0.684 0.0000e+00
        243 260.733767    0.01681     1.0083     60.500  1019.3171  40649.447    25.4539      0.678    6.53150    11.2494    11.2493    19.3140   11.87147 2.1196e+02      0.684 0.0000e+00
        244 260.733770    0.01688     1.0125     60.750  1019.3145  40644.545    25.4505      0.678    6.53163    11.2496    11.2494    19.3114   11.87173 2.1157e+02      0.684 0.0000e+00
        245 260.733773    0.01694     1.0167     61.000  1019.3125  40640.946    25.4480      0.678    6.53171    11.2497    11.2495    19.3094   11.87190 2.1006e+02      0.685 0.0000e+00
        246 260.733776    0.01701     1.0208     61.250  1019.3111  40638.367    25.4463      0.679    6.53176    11.2499    11.2497    19.3080   11.87200 2.0971e+02      0.685 0.0000e+00
        247 260.733779    0.01708     1.0250     61.500  1019.3101  40636.433    25.4449      0.680    6.53179    11.2500    11.2498    19.3069   11.87207 2.1028e+02      0.687 0.0000e+00
        248 260.733782    0.01715     1.0292     61.750  1019.3094  40635.128    25.4440      0.682    6.53181    11.2501    11.2500    19.3062   11.87210 2.0964e+02      0.689 0.0000e+00
        249 260.733785    0.01722     1.0333     62.000  1019.3091  40634.567    25.4437      0.684    6.53180    11.2501    11.2501    19.3059   11.87210 2.0987e+02      0.691 0.0000e+00
        250 260.733788    0.01729     1.0375     62.250  1019.3092  40634.658    25.4437      0.687    6.53179    11.2500    11.2502    19.3059   11.87208 2.1229e+02      0.694 0.0000e+00
        251 260.733791    0.01736     1.0417     62.500  1019.3096  40635.501    25.4443      0.689    6.53177    11.2499    11.2502    19.3064   11.87204 2.1280e+02      0.696 0.0000e+00
        252 260.733793    0.01743     1.0458     62.750  1019.3107  40637.514    25.4457      0.692    6.53172    11.2497    11.2501    19.3075   11.87194 2.0982e+02      0.699 0.0000e+00
        253 260.733796    0.01750     1.0500     63.000  1019.3129  40641.510    25.4485      0.698    6.53162    11.2492    11.2500    19.3097   11.87174 2.0738e+02      0.705 0.0000e+00
        254 260.733799    0.01757     1.0542     63.250  1019.3171  40649.133    25.4538      0.706    6.53144    11.2483    11.2498    19.3138   11.87137 2.0621e+02      0.713 0.0000e+00
        255 260.733802    0.01764     1.0583     63.500  1019.3242  40662.134    25.4628      0.718    6.53114    11.2468    11.2493    19.3209   11.87076 2.0325e+02      0.725 0.0000e+00
