CTD-processing/allCTD/CNV--homogene/2018_10-17_alongbay_skb03_cast062.cnv
* Sea-Bird SBE19plus Data File:
* FileName = C:\Users\Kim.Powell\Desktop\Not Processed\2018\2018_10-17_AlongBay, T9_5028\2018_10-17_TRANSECT_STATION_cast062.hex
* Software Version 1.59
* Temperature SN =  5028
* Conductivity SN =  5028
* System UpLoad Time = Oct 25 2018 17:04:51
** 2018_10-17
** Station: KB03
** Start Time: 12:44
** Depth (m): 109
** Comment:
** Comment:
# nquan = 17
# nvalues = 740                         
# units = specified
# name 0 = scan: Scan Count
# name 1 = timeJ: Julian Days
# name 2 = timeH: Time, Elapsed [hours]
# name 3 = timeM: Time, Elapsed [minutes]
# name 4 = timeS: Time, Elapsed [seconds]
# name 5 = density00: Density [density, kg/m^3]
# name 6 = specc: Specific Conductance [uS/cm]
# name 7 = sal00: Salinity, Practical [PSU]
# name 8 = depSM: Depth [salt water, m], lat = 59.00
# name 9 = oxsolML/L: Oxygen Saturation, Garcia & Gordon [ml/l]
# name 10 = potemp090C: Potential Temperature [ITS-90, deg C]
# name 11 = tv290C: Temperature [ITS-90, deg C]
# name 12 = sigma-é00: Density [sigma-theta, kg/m^3]
# name 13 = n2satML/L: Nitrogen Saturation [ml/l]
# name 14 = par: PAR/Irradiance, Biospherical/Licor
# name 15 = prdM: Pressure, Strain Gauge [db]
# name 16 = flag:  0.000e+00
# span 0 =          1,        740       
# span 1 = 290.532431, 290.534569       
# span 2 =    0.00000,    0.05132       
# span 3 =     0.0000,     3.0792       
# span 4 =      0.000,    184.750       
# span 5 =  1021.4760,  1024.3629       
# span 6 =  44394.270,  48903.037       
# span 7 =    27.8769,    30.9446       
# span 8 =      0.029,     99.550       
# span 9 =    6.53315,    6.68745       
# span 10 =     9.2508,     9.8676      
# span 11 =     9.2612,     9.8678      
# span 12 =    21.4759,    23.9059      
# span 13 =   11.81698,   12.10117      
# span 14 = 5.0440e-02, 1.7020e+02      
# span 15 =      0.030,    100.514      
# span 16 = 0.0000e+00, 0.0000e+00      
# interval = seconds: 0.25
# start_time = Oct 17 2018 12:46:42 [Instrument's time stamp, header]
# bad_flag = -9.990e-29
*END*
[from data line 596]
        597 290.534155    0.04139     2.4833    149.000  1024.0764  48620.384    30.7774     70.388    6.57441     9.3918     9.3993    23.7534   11.87805 1.0785e-01     71.065 0.0000e+00
        598 290.534158    0.04146     2.4875    149.250  1024.0775  48620.629    30.7775     70.605    6.57441     9.3918     9.3993    23.7534   11.87804 1.0642e-01     71.284 0.0000e+00
        599 290.534161    0.04153     2.4917    149.500  1024.0786  48620.875    30.7775     70.819    6.57441     9.3918     9.3993    23.7535   11.87804 1.0505e-01     71.500 0.0000e+00
        600 290.534164    0.04160     2.4958    149.750  1024.0796  48621.131    30.7776     71.035    6.57440     9.3918     9.3993    23.7536   11.87803 1.0370e-01     71.718 0.0000e+00
        601 290.534167    0.04167     2.5000    150.000  1024.0807  48621.376    30.7777     71.254    6.57440     9.3918     9.3993    23.7536   11.87803 1.0236e-01     71.939 0.0000e+00
        602 290.534170    0.04174     2.5042    150.250  1024.0817  48621.584    30.7778     71.477    6.57439     9.3918     9.3993    23.7537   11.87802 1.0102e-01     72.164 0.0000e+00
        603 290.534172    0.04181     2.5083    150.500  1024.0828  48621.765    30.7778     71.702    6.57439     9.3918     9.3993    23.7537   11.87802 9.9682e-02     72.391 0.0000e+00
        604 290.534175    0.04188     2.5125    150.750  1024.0838  48621.930    30.7778     71.925    6.57439     9.3918     9.3994    23.7537   11.87801 9.8390e-02     72.616 0.0000e+00
        605 290.534178    0.04194     2.5167    151.000  1024.0848  48622.092    30.7778     72.144    6.57438     9.3918     9.3994    23.7537   11.87800 9.7176e-02     72.837 0.0000e+00
        606 290.534181    0.04201     2.5208    151.250  1024.0858  48622.255    30.7779     72.361    6.57438     9.3918     9.3994    23.7538   11.87799 9.6017e-02     73.057 0.0000e+00
        607 290.534184    0.04208     2.5250    151.500  1024.0869  48622.401    30.7779     72.580    6.57437     9.3918     9.3994    23.7538   11.87798 9.4874e-02     73.279 0.0000e+00
        608 290.534187    0.04215     2.5292    151.750  1024.0879  48622.538    30.7779     72.806    6.57437     9.3918     9.3994    23.7538   11.87798 9.3726e-02     73.507 0.0000e+00
        609 290.534190    0.04222     2.5333    152.000  1024.0890  48622.701    30.7779     73.040    6.57437     9.3918     9.3994    23.7538   11.87798 9.2568e-02     73.743 0.0000e+00
        610 290.534193    0.04229     2.5375    152.250  1024.0901  48622.909    30.7779     73.280    6.57436     9.3918     9.3995    23.7538   11.87797 9.1427e-02     73.985 0.0000e+00
        611 290.534196    0.04236     2.5417    152.500  1024.0913  48623.142    30.7780     73.518    6.57435     9.3918     9.3995    23.7539   11.87795 9.0338e-02     74.226 0.0000e+00
        612 290.534198    0.04243     2.5458    152.750  1024.0924  48623.392    30.7781     73.748    6.57434     9.3918     9.3996    23.7540   11.87794 8.9322e-02     74.458 0.0000e+00
        613 290.534201    0.04250     2.5500    153.000  1024.0935  48623.652    30.7782     73.964    6.57433     9.3917     9.3996    23.7540   11.87792 8.8388e-02     74.676 0.0000e+00
        614 290.534204    0.04257     2.5542    153.250  1024.0945  48623.884    30.7783     74.169    6.57433     9.3917     9.3996    23.7541   11.87791 8.7518e-02     74.882 0.0000e+00
        615 290.534207    0.04264     2.5583    153.500  1024.0955  48624.111    30.7783     74.368    6.57432     9.3916     9.3996    23.7541   11.87790 8.6662e-02     75.083 0.0000e+00
        616 290.534210    0.04271     2.5625    153.750  1024.0965  48624.383    30.7784     74.571    6.57432     9.3915     9.3996    23.7542   11.87790 8.5779e-02     75.289 0.0000e+00
        617 290.534213    0.04278     2.5667    154.000  1024.0976  48624.715    30.7786     74.789    6.57433     9.3914     9.3996    23.7543   11.87790 8.4857e-02     75.508 0.0000e+00
        618 290.534216    0.04285     2.5708    154.250  1024.0988  48625.139    30.7788     75.023    6.57433     9.3912     9.3995    23.7545   11.87790 8.3906e-02     75.745 0.0000e+00
        619 290.534219    0.04292     2.5750    154.500  1024.1002  48625.700    30.7790     75.272    6.57433     9.3910     9.3994    23.7547   11.87791 8.2953e-02     75.996 0.0000e+00
        620 290.534222    0.04299     2.5792    154.750  1024.1017  48626.401    30.7794     75.525    6.57434     9.3908     9.3992    23.7550   11.87791 8.2034e-02     76.252 0.0000e+00
        621 290.534225    0.04306     2.5833    155.000  1024.1032  48627.153    30.7798     75.772    6.57436     9.3905     9.3990    23.7554   11.87792 8.1171e-02     76.501 0.0000e+00
        622 290.534227    0.04312     2.5875    155.250  1024.1046  48627.874    30.7802     76.003    6.57437     9.3903     9.3988    23.7557   11.87794 8.0382e-02     76.734 0.0000e+00
        623 290.534230    0.04319     2.5917    155.500  1024.1059  48628.590    30.7806     76.217    6.57438     9.3902     9.3986    23.7560   11.87796 7.9678e-02     76.950 0.0000e+00
        624 290.534233    0.04326     2.5958    155.750  1024.1071  48629.343    30.7810     76.416    6.57439     9.3900     9.3984    23.7564   11.87797 7.9049e-02     77.152 0.0000e+00
        625 290.534236    0.04333     2.6000    156.000  1024.1084  48630.130    30.7814     76.609    6.57439     9.3899     9.3983    23.7568   11.87797 7.8464e-02     77.346 0.0000e+00
        626 290.534239    0.04340     2.6042    156.250  1024.1097  48631.001    30.7819     76.803    6.57439     9.3898     9.3981    23.7572   11.87797 7.7898e-02     77.542 0.0000e+00
        627 290.534242    0.04347     2.6083    156.500  1024.1112  48632.021    30.7825     77.009    6.57438     9.3898     9.3980    23.7577   11.87794 7.7346e-02     77.750 0.0000e+00
        628 290.534245    0.04354     2.6125    156.750  1024.1128  48633.222    30.7833     77.230    6.57435     9.3900     9.3980    23.7583   11.87789 7.6833e-02     77.973 0.0000e+00
        629 290.534248    0.04361     2.6167    157.000  1024.1146  48634.650    30.7842     77.465    6.57431     9.3903     9.3980    23.7590   11.87781 7.6229e-02     78.210 0.0000e+00
        630 290.534251    0.04368     2.6208    157.250  1024.1165  48636.350    30.7853     77.706    6.57424     9.3907     9.3982    23.7599   11.87768 7.5396e-02     78.453 0.0000e+00
        631 290.534253    0.04375     2.6250    157.500  1024.1185  48638.234    30.7865     77.942    6.57414     9.3913     9.3985    23.7608   11.87750 7.4532e-02     78.692 0.0000e+00
        632 290.534256    0.04382     2.6292    157.750  1024.1204  48639.925    30.7877     78.164    6.57402     9.3918     9.3990    23.7616   11.87729 7.3811e-02     78.917 0.0000e+00
        633 290.534259    0.04389     2.6333    158.000  1024.1218  48641.071    30.7885     78.369    6.57391     9.3923     9.3995    23.7622   11.87708 7.3209e-02     79.124 0.0000e+00
        634 290.534262    0.04396     2.6375    158.250  1024.1230  48641.803    30.7890     78.557    6.57380     9.3927     9.4001    23.7625   11.87690 7.2686e-02     79.314 0.0000e+00
        635 290.534265    0.04403     2.6417    158.500  1024.1241  48642.467    30.7895     78.738    6.57371     9.3931     9.4006    23.7628   11.87674 7.2190e-02     79.497 0.0000e+00
        636 290.534268    0.04410     2.6458    158.750  1024.1254  48643.271    30.7900     78.927    6.57362     9.3934     9.4010    23.7631   11.87659 7.1678e-02     79.687 0.0000e+00
        637 290.534271    0.04417     2.6500    159.000  1024.1268  48644.365    30.7907     79.134    6.57354     9.3937     9.4014    23.7637   11.87644 7.1124e-02     79.896 0.0000e+00
        638 290.534274    0.04424     2.6542    159.250  1024.1286  48645.814    30.7917     79.364    6.57345     9.3940     9.4018    23.7644   11.87628 7.0532e-02     80.128 0.0000e+00
        639 290.534277    0.04431     2.6583    159.500  1024.1306  48647.593    30.7929     79.613    6.57335     9.3942     9.4021    23.7652   11.87610 6.9930e-02     80.380 0.0000e+00
        640 290.534280    0.04437     2.6625    159.750  1024.1329  48649.830    30.7944     79.870    6.57324     9.3945     9.4024    23.7664   11.87590 6.9351e-02     80.639 0.0000e+00
        641 290.534282    0.04444     2.6667    160.000  1024.1355  48652.604    30.7963     80.122    6.57311     9.3947     9.4027    23.7678   11.87567 6.8816e-02     80.893 0.0000e+00
        642 290.534285    0.04451     2.6708    160.250  1024.1380  48655.494    30.7983     80.357    6.57299     9.3948     9.4030    23.7693   11.87544 6.8332e-02     81.131 0.0000e+00
        643 290.534288    0.04458     2.6750    160.500  1024.1403  48658.059    30.8000     80.570    6.57288     9.3947     9.4032    23.7706   11.87525 6.7902e-02     81.346 0.0000e+00
        644 290.534291    0.04465     2.6792    160.750  1024.1424  48660.347    30.8016     80.760    6.57280     9.3946     9.4033    23.7718   11.87510 6.7521e-02     81.538 0.0000e+00
        645 290.534294    0.04472     2.6833    161.000  1024.1444  48662.562    30.8030     80.935    6.57274     9.3943     9.4033    23.7729   11.87498 6.7174e-02     81.715 0.0000e+00
        646 290.534297    0.04479     2.6875    161.250  1024.1463  48664.771    30.8045     81.103    6.57270     9.3939     9.4032    23.7741   11.87489 6.6841e-02     81.884 0.0000e+00
        647 290.534300    0.04486     2.6917    161.500  1024.1482  48666.905    30.8059     81.275    6.57269     9.3934     9.4029    23.7752   11.87485 6.6502e-02     82.058 0.0000e+00
        648 290.534303    0.04493     2.6958    161.750  1024.1501  48668.820    30.8071     81.460    6.57269     9.3930     9.4025    23.7762   11.87484 6.6140e-02     82.245 0.0000e+00
        649 290.534306    0.04500     2.7000    162.000  1024.1519  48670.410    30.8081     81.663    6.57270     9.3927     9.4021    23.7771   11.87485 6.5749e-02     82.451 0.0000e+00
        650 290.534308    0.04507     2.7042    162.250  1024.1535  48671.680    30.8088     81.886    6.57273     9.3924     9.4018    23.7777   11.87488 6.5315e-02     82.675 0.0000e+00
        651 290.534311    0.04514     2.7083    162.500  1024.1551  48672.703    30.8094     82.123    6.57275     9.3922     9.4014    23.7782   11.87491 6.4836e-02     82.914 0.0000e+00
        652 290.534314    0.04521     2.7125    162.750  1024.1566  48673.518    30.8098     82.367    6.57277     9.3921     9.4012    23.7786   11.87493 6.4362e-02     83.161 0.0000e+00
        653 290.534317    0.04528     2.7167    163.000  1024.1580  48674.150    30.8101     82.607    6.57278     9.3920     9.4010    23.7789   11.87495 6.3933e-02     83.404 0.0000e+00
        654 290.534320    0.04535     2.7208    163.250  1024.1593  48674.640    30.8103     82.836    6.57279     9.3919     9.4009    23.7791   11.87497 6.3545e-02     83.635 0.0000e+00
        655 290.534323    0.04542     2.7250    163.500  1024.1604  48675.025    30.8105     83.048    6.57279     9.3919     9.4008    23.7792   11.87497 6.3193e-02     83.849 0.0000e+00
        656 290.534326    0.04549     2.7292    163.750  1024.1614  48675.387    30.8107     83.243    6.57279     9.3918     9.4007    23.7794   11.87496 6.2869e-02     84.045 0.0000e+00
        657 290.534329    0.04556     2.7333    164.000  1024.1624  48675.779    30.8109     83.425    6.57278     9.3918     9.4007    23.7795   11.87495 6.2551e-02     84.229 0.0000e+00
        658 290.534332    0.04562     2.7375    164.250  1024.1634  48676.225    30.8111     83.606    6.57278     9.3917     9.4007    23.7797   11.87494 6.2237e-02     84.412 0.0000e+00
        659 290.534334    0.04569     2.7417    164.500  1024.1645  48676.788    30.8114     83.796    6.57277     9.3916     9.4007    23.7800   11.87492 6.1939e-02     84.604 0.0000e+00
        660 290.534337    0.04576     2.7458    164.750  1024.1658  48677.524    30.8118     84.004    6.57276     9.3914     9.4006    23.7803   11.87491 6.1637e-02     84.814 0.0000e+00
        661 290.534340    0.04583     2.7500    165.000  1024.1673  48678.529    30.8124     84.232    6.57275     9.3911     9.4005    23.7808   11.87489 6.1312e-02     85.045 0.0000e+00
        662 290.534343    0.04590     2.7542    165.250  1024.1691  48679.879    30.8133     84.478    6.57274     9.3907     9.4003    23.7815   11.87486 6.0971e-02     85.293 0.0000e+00
        663 290.534346    0.04597     2.7583    165.500  1024.1711  48681.524    30.8143     84.733    6.57274     9.3903     9.4001    23.7823   11.87484 6.0627e-02     85.550 0.0000e+00
        664 290.534349    0.04604     2.7625    165.750  1024.1732  48683.343    30.8154     84.987    6.57274     9.3898     9.3997    23.7833   11.87483 6.0296e-02     85.807 0.0000e+00
        665 290.534352    0.04611     2.7667    166.000  1024.1753  48685.207    30.8166     85.233    6.57275     9.3893     9.3993    23.7842   11.87483 5.9997e-02     86.055 0.0000e+00
        666 290.534355    0.04618     2.7708    166.250  1024.1774  48687.051    30.8177     85.463    6.57277     9.3888     9.3989    23.7852   11.87485 5.9748e-02     86.288 0.0000e+00
        667 290.534358    0.04625     2.7750    166.500  1024.1793  48688.860    30.8188     85.678    6.57279     9.3883     9.3984    23.7861   11.87487 5.9527e-02     86.505 0.0000e+00
        668 290.534361    0.04632     2.7792    166.750  1024.1812  48690.633    30.8199     85.879    6.57281     9.3877     9.3979    23.7870   11.87489 5.9290e-02     86.708 0.0000e+00
        669 290.534363    0.04639     2.7833    167.000  1024.1830  48692.423    30.8210     86.072    6.57284     9.3869     9.3974    23.7880   11.87493 5.9041e-02     86.903 0.0000e+00
        670 290.534366    0.04646     2.7875    167.250  1024.1849  48694.300    30.8222     86.265    6.57288     9.3861     9.3968    23.7890   11.87498 5.8799e-02     87.098 0.0000e+00
        671 290.534369    0.04653     2.7917    167.500  1024.1868  48696.245    30.8234     86.465    6.57294     9.3852     9.3961    23.7900   11.87506 5.8558e-02     87.299 0.0000e+00
        672 290.534372    0.04660     2.7958    167.750  1024.1888  48698.164    30.8245     86.677    6.57301     9.3843     9.3953    23.7910   11.87516 5.8307e-02     87.513 0.0000e+00
        673 290.534375    0.04667     2.8000    168.000  1024.1908  48699.992    30.8256     86.902    6.57309     9.3835     9.3944    23.7920   11.87528 5.8044e-02     87.741 0.0000e+00
        674 290.534378    0.04674     2.8042    168.250  1024.1928  48701.714    30.8266     87.138    6.57317     9.3826     9.3936    23.7929   11.87540 5.7783e-02     87.979 0.0000e+00
        675 290.534381    0.04681     2.8083    168.500  1024.1948  48703.358    30.8275     87.378    6.57325     9.3817     9.3927    23.7938   11.87552 5.7532e-02     88.222 0.0000e+00
        676 290.534384    0.04688     2.8125    168.750  1024.1967  48704.957    30.8284     87.616    6.57333     9.3808     9.3919    23.7947   11.87565 5.7294e-02     88.461 0.0000e+00
        677 290.534387    0.04694     2.8167    169.000  1024.1986  48706.493    30.8293     87.843    6.57343     9.3800     9.3910    23.7955   11.87579 5.7073e-02     88.691 0.0000e+00
        678 290.534389    0.04701     2.8208    169.250  1024.2003  48707.913    30.8301     88.056    6.57352     9.3793     9.3901    23.7962   11.87594 5.6867e-02     88.906 0.0000e+00
        679 290.534392    0.04708     2.8250    169.500  1024.2019  48709.183    30.8308     88.254    6.57360     9.3787     9.3893    23.7969   11.87607 5.6677e-02     89.106 0.0000e+00
        680 290.534395    0.04715     2.8292    169.750  1024.2034  48710.326    30.8314     88.442    6.57368     9.3781     9.3887    23.7975   11.87618 5.6499e-02     89.296 0.0000e+00
