CTD-processing/allCTD/CNV--homogene/2018_09-17_alongbay_skb11_cast049.cnv
* Sea-Bird SBE19plus Data File:
* FileName = C:\Users\Kim.Powell\Desktop\Not Processed\2018\2018_09-17_AlongBay, T6, T7_5028\2018_09-17_TRANSECT_STATION_cast049.hex
* Software Version 1.59
* Temperature SN =  5028
* Conductivity SN =  5028
* System UpLoad Time = Sep 18 2018 16:30:38
** 2018_09-17
** Station: KB11
** Start Time: 17:13
** Depth (m): 55.1
** Comment:
** Comment:
# nquan = 17
# nvalues = 476                         
# units = specified
# name 0 = scan: Scan Count
# name 1 = timeJ: Julian Days
# name 2 = timeH: Time, Elapsed [hours]
# name 3 = timeM: Time, Elapsed [minutes]
# name 4 = timeS: Time, Elapsed [seconds]
# name 5 = density00: Density [density, kg/m^3]
# name 6 = specc: Specific Conductance [uS/cm]
# name 7 = sal00: Salinity, Practical [PSU]
# name 8 = depSM: Depth [salt water, m], lat = 59.00
# name 9 = oxsolML/L: Oxygen Saturation, Garcia & Gordon [ml/l]
# name 10 = potemp090C: Potential Temperature [ITS-90, deg C]
# name 11 = tv290C: Temperature [ITS-90, deg C]
# name 12 = sigma-é00: Density [sigma-theta, kg/m^3]
# name 13 = n2satML/L: Nitrogen Saturation [ml/l]
# name 14 = par: PAR/Irradiance, Biospherical/Licor
# name 15 = prdM: Pressure, Strain Gauge [db]
# name 16 = flag:  0.000e+00
# span 0 =          1,        476       
# span 1 = 260.718345, 260.719719       
# span 2 =    0.00000,    0.03299       
# span 3 =     0.0000,     1.9792       
# span 4 =      0.000,    118.750       
# span 5 =  1012.3265,  1024.1407       
# span 6 =  26950.571,  48913.663       
# span 7 =    16.3804,    31.0407       
# span 8 =      0.308,     52.816       
# span 9 =    6.38195,    6.96612       
# span 10 =     9.7679,    11.3388      
# span 11 =     9.7732,    11.3389      
# span 12 =    12.3250,    23.8989      
# span 13 =   11.57543,   12.71494      
# span 14 = 5.6007e-02, 1.7555e+02      
# span 15 =      0.312,     53.321      
# span 16 = 0.0000e+00, 0.0000e+00      
# interval = seconds: 0.25
# start_time = Sep 17 2018 17:14:25 [Instrument's time stamp, header]
# bad_flag = -9.990e-29
*END*
[from data line 256]
        257 260.719086    0.01778     1.0667     64.000  1023.2625  47799.535    30.3828      4.959    6.41098    10.6011    10.6641    23.2399   11.61194 3.4156e+01      5.006 0.0000e+00
        258 260.719089    0.01785     1.0708     64.250  1023.2902  47843.681    30.4102      5.189    6.41429    10.5729    10.6322    23.2665   11.61711 3.2679e+01      5.238 0.0000e+00
        259 260.719091    0.01792     1.0750     64.500  1023.3159  47884.386    30.4353      5.418    6.41750    10.5475    10.6018    23.2912   11.62213 3.1315e+01      5.469 0.0000e+00
        260 260.719094    0.01799     1.0792     64.750  1023.3398  47922.045    30.4586      5.646    6.42048    10.5249    10.5735    23.3140   11.62679 3.0045e+01      5.699 0.0000e+00
        261 260.719097    0.01806     1.0833     65.000  1023.3614  47956.102    30.4796      5.873    6.42314    10.5039    10.5482    23.3346   11.63097 2.8853e+01      5.928 0.0000e+00
        262 260.719100    0.01812     1.0875     65.250  1023.3809  47986.624    30.4984      6.100    6.42553    10.4831    10.5256    23.3530   11.63470 2.7728e+01      6.157 0.0000e+00
        263 260.719103    0.01819     1.0917     65.500  1023.3991  48015.136    30.5160      6.328    6.42774    10.4613    10.5046    23.3702   11.63815 2.6662e+01      6.387 0.0000e+00
        264 260.719106    0.01826     1.0958     65.750  1023.4173  48043.475    30.5334      6.558    6.42993    10.4383    10.4838    23.3873   11.64157 2.5649e+01      6.619 0.0000e+00
        265 260.719109    0.01833     1.1000     66.000  1023.4360  48072.881    30.5515      6.789    6.43222    10.4149    10.4621    23.4050   11.64515 2.4686e+01      6.853 0.0000e+00
        266 260.719112    0.01840     1.1042     66.250  1023.4558  48103.895    30.5706      7.021    6.43464    10.3928    10.4391    23.4236   11.64895 2.3765e+01      7.088 0.0000e+00
        267 260.719115    0.01847     1.1083     66.500  1023.4758  48135.368    30.5900      7.254    6.43712    10.3736    10.4158    23.4426   11.65282 2.2880e+01      7.322 0.0000e+00
        268 260.719117    0.01854     1.1125     66.750  1023.4946  48164.759    30.6080      7.485    6.43948    10.3579    10.3937    23.4603   11.65651 2.2039e+01      7.556 0.0000e+00
        269 260.719120    0.01861     1.1167     67.000  1023.5110  48190.388    30.6237      7.715    6.44152    10.3454    10.3745    23.4757   11.65972 2.1237e+01      7.787 0.0000e+00
        270 260.719123    0.01868     1.1208     67.250  1023.5250  48212.042    30.6370      7.943    6.44317    10.3353    10.3588    23.4887   11.66229 2.0467e+01      8.017 0.0000e+00
        271 260.719126    0.01875     1.1250     67.500  1023.5370  48230.335    30.6483      8.169    6.44446    10.3268    10.3463    23.4996   11.66428 1.9724e+01      8.246 0.0000e+00
        272 260.719129    0.01882     1.1292     67.750  1023.5476  48246.554    30.6585      8.395    6.44545    10.3189    10.3362    23.5092   11.66580 1.9005e+01      8.475 0.0000e+00
        273 260.719132    0.01889     1.1333     68.000  1023.5576  48261.904    30.6682      8.623    6.44624    10.3106    10.3278    23.5182   11.66699 1.8305e+01      8.704 0.0000e+00
        274 260.719135    0.01896     1.1375     68.250  1023.5670  48276.197    30.6772      8.852    6.44697    10.3014    10.3199    23.5265   11.66810 1.7624e+01      8.935 0.0000e+00
        275 260.719138    0.01903     1.1417     68.500  1023.5756  48288.989    30.6852      9.082    6.44782    10.2919    10.3115    23.5341   11.66941 1.6962e+01      9.167 0.0000e+00
        276 260.719141    0.01910     1.1458     68.750  1023.5838  48300.981    30.6924      9.312    6.44881    10.2829    10.3024    23.5413   11.67096 1.6324e+01      9.400 0.0000e+00
        277 260.719144    0.01917     1.1500     69.000  1023.5916  48312.168    30.6991      9.541    6.44985    10.2745    10.2930    23.5480   11.67261 1.5713e+01      9.632 0.0000e+00
        278 260.719146    0.01924     1.1542     69.250  1023.5986  48321.947    30.7048      9.768    6.45087    10.2668    10.2840    23.5539   11.67424 1.5131e+01      9.860 0.0000e+00
        279 260.719149    0.01931     1.1583     69.500  1023.6050  48330.785    30.7099      9.992    6.45184    10.2599    10.2757    23.5593   11.67578 1.4575e+01     10.086 0.0000e+00
        280 260.719152    0.01938     1.1625     69.750  1023.6113  48339.372    30.7150     10.215    6.45271    10.2540    10.2680    23.5645   11.67717 1.4043e+01     10.311 0.0000e+00
        281 260.719155    0.01944     1.1667     70.000  1023.6173  48347.796    30.7200     10.438    6.45347    10.2490    10.2611    23.5696   11.67837 1.3530e+01     10.537 0.0000e+00
        282 260.719158    0.01951     1.1708     70.250  1023.6231  48355.760    30.7248     10.662    6.45411    10.2446    10.2552    23.5743   11.67937 1.3033e+01     10.763 0.0000e+00
        283 260.719161    0.01958     1.1750     70.500  1023.6283  48362.986    30.7292     10.887    6.45463    10.2403    10.2502    23.5785   11.68018 1.2551e+01     10.991 0.0000e+00
        284 260.719164    0.01965     1.1792     70.750  1023.6332  48369.605    30.7332     11.113    6.45508    10.2357    10.2458    23.5824   11.68088 1.2088e+01     11.219 0.0000e+00
        285 260.719167    0.01972     1.1833     71.000  1023.6382  48376.420    30.7374     11.339    6.45551    10.2309    10.2415    23.5864   11.68153 1.1643e+01     11.446 0.0000e+00
        286 260.719170    0.01979     1.1875     71.250  1023.6439  48384.395    30.7424     11.563    6.45594    10.2257    10.2370    23.5910   11.68219 1.1215e+01     11.673 0.0000e+00
        287 260.719172    0.01986     1.1917     71.500  1023.6501  48393.413    30.7481     11.786    6.45639    10.2196    10.2322    23.5963   11.68286 1.0806e+01     11.898 0.0000e+00
        288 260.719175    0.01993     1.1958     71.750  1023.6563  48402.298    30.7536     12.008    6.45689    10.2116    10.2270    23.6014   11.68362 1.0414e+01     12.122 0.0000e+00
        289 260.719178    0.02000     1.2000     72.000  1023.6621  48410.368    30.7585     12.228    6.45754    10.2006    10.2209    23.6062   11.68465 1.0037e+01     12.344 0.0000e+00
        290 260.719181    0.02007     1.2042     72.250  1023.6679  48418.065    30.7629     12.449    6.45849    10.1861    10.2130    23.6109   11.68617 9.6719e+00     12.567 0.0000e+00
        291 260.719184    0.02014     1.2083     72.500  1023.6738  48425.830    30.7669     12.671    6.45987    10.1682    10.2020    23.6158   11.68840 9.3184e+00     12.791 0.0000e+00
        292 260.719187    0.02021     1.2125     72.750  1023.6802  48433.890    30.7707     12.894    6.46175    10.1484    10.1875    23.6212   11.69148 8.9765e+00     13.016 0.0000e+00
        293 260.719190    0.02028     1.2167     73.000  1023.6881  48444.206    30.7757     13.117    6.46406    10.1289    10.1697    23.6280   11.69525 8.6455e+00     13.241 0.0000e+00
        294 260.719193    0.02035     1.2208     73.250  1023.6984  48458.831    30.7835     13.340    6.46654    10.1118    10.1499    23.6374   11.69925 8.3271e+00     13.467 0.0000e+00
        295 260.719196    0.02042     1.2250     73.500  1023.7101  48475.848    30.7931     13.563    6.46889    10.0977    10.1304    23.6480   11.70304 8.0221e+00     13.692 0.0000e+00
        296 260.719198    0.02049     1.2292     73.750  1023.7209  48491.790    30.8021     13.786    6.47093    10.0867    10.1133    23.6579   11.70632 7.7287e+00     13.917 0.0000e+00
        297 260.719201    0.02056     1.2333     74.000  1023.7303  48505.478    30.8099     14.008    6.47259    10.0784    10.0993    23.6663   11.70898 7.4468e+00     14.141 0.0000e+00
        298 260.719204    0.02063     1.2375     74.250  1023.7383  48516.837    30.8165     14.231    6.47387    10.0724    10.0883    23.6732   11.71102 7.1760e+00     14.366 0.0000e+00
        299 260.719207    0.02069     1.2417     74.500  1023.7447  48525.730    30.8217     14.454    6.47483    10.0682    10.0801    23.6785   11.71254 6.9143e+00     14.591 0.0000e+00
        300 260.719210    0.02076     1.2458     74.750  1023.7498  48532.557    30.8256     14.678    6.47551    10.0653    10.0741    23.6826   11.71362 6.6606e+00     14.818 0.0000e+00
        301 260.719213    0.02083     1.2500     75.000  1023.7541  48538.143    30.8289     14.904    6.47597    10.0635    10.0698    23.6859   11.71435 6.4149e+00     15.046 0.0000e+00
        302 260.719216    0.02090     1.2542     75.250  1023.7578  48542.804    30.8318     15.132    6.47626    10.0624    10.0669    23.6886   11.71480 6.1771e+00     15.275 0.0000e+00
        303 260.719219    0.02097     1.2583     75.500  1023.7607  48546.204    30.8338     15.360    6.47643    10.0616    10.0652    23.6905   11.71505 5.9469e+00     15.505 0.0000e+00
        304 260.719222    0.02104     1.2625     75.750  1023.7629  48548.262    30.8351     15.588    6.47652    10.0609    10.0641    23.6916   11.71519 5.7239e+00     15.736 0.0000e+00
        305 260.719225    0.02111     1.2667     76.000  1023.7648  48549.824    30.8360     15.817    6.47659    10.0601    10.0634    23.6924   11.71529 5.5079e+00     15.967 0.0000e+00
        306 260.719227    0.02118     1.2708     76.250  1023.7672  48552.167    30.8374     16.047    6.47663    10.0597    10.0626    23.6937   11.71535 5.2993e+00     16.199 0.0000e+00
        307 260.719230    0.02125     1.2750     76.500  1023.7702  48555.795    30.8398     16.278    6.47663    10.0596    10.0619    23.6957   11.71532 5.0980e+00     16.432 0.0000e+00
        308 260.719233    0.02132     1.2792     76.750  1023.7737  48560.321    30.8428     16.509    6.47657    10.0597    10.0615    23.6981   11.71517 4.9044e+00     16.665 0.0000e+00
        309 260.719236    0.02139     1.2833     77.000  1023.7773  48565.055    30.8461     16.740    6.47644    10.0596    10.0614    23.7006   11.71492 4.7195e+00     16.898 0.0000e+00
        310 260.719239    0.02146     1.2875     77.250  1023.7807  48569.494    30.8491     16.969    6.47630    10.0591    10.0616    23.7030   11.71464 4.5432e+00     17.129 0.0000e+00
        311 260.719242    0.02153     1.2917     77.500  1023.7840  48573.821    30.8521     17.196    6.47618    10.0580    10.0615    23.7053   11.71442 4.3743e+00     17.359 0.0000e+00
        312 260.719245    0.02160     1.2958     77.750  1023.7876  48578.531    30.8552     17.422    6.47612    10.0563    10.0610    23.7079   11.71428 4.2114e+00     17.587 0.0000e+00
        313 260.719248    0.02167     1.3000     78.000  1023.7916  48583.894    30.8588     17.649    6.47612    10.0539    10.0600    23.7108   11.71424 4.0540e+00     17.817 0.0000e+00
        314 260.719251    0.02174     1.3042     78.250  1023.7961  48590.152    30.8629     17.878    6.47619    10.0510    10.0583    23.7142   11.71432 3.9018e+00     18.047 0.0000e+00
        315 260.719253    0.02181     1.3083     78.500  1023.8013  48597.519    30.8677     18.108    6.47633    10.0481    10.0559    23.7184   11.71449 3.7547e+00     18.279 0.0000e+00
        316 260.719256    0.02187     1.3125     78.750  1023.8069  48605.633    30.8729     18.339    6.47652    10.0453    10.0530    23.7230   11.71473 3.6129e+00     18.512 0.0000e+00
        317 260.719259    0.02194     1.3167     79.000  1023.8125  48613.601    30.8781     18.569    6.47672    10.0428    10.0501    23.7275   11.71500 3.4763e+00     18.745 0.0000e+00
        318 260.719262    0.02201     1.3208     79.250  1023.8176  48620.907    30.8828     18.798    6.47691    10.0405    10.0474    23.7316   11.71526 3.3451e+00     18.977 0.0000e+00
        319 260.719265    0.02208     1.3250     79.500  1023.8225  48627.639    30.8871     19.026    6.47708    10.0381    10.0449    23.7354   11.71549 3.2196e+00     19.207 0.0000e+00
        320 260.719268    0.02215     1.3292     79.750  1023.8271  48634.158    30.8914     19.252    6.47723    10.0355    10.0426    23.7390   11.71569 3.0997e+00     19.435 0.0000e+00
        321 260.719271    0.02222     1.3333     80.000  1023.8320  48641.072    30.8959     19.476    6.47738    10.0326    10.0403    23.7429   11.71588 2.9845e+00     19.661 0.0000e+00
        322 260.719274    0.02229     1.3375     80.250  1023.8374  48648.737    30.9009     19.700    6.47754    10.0294    10.0377    23.7472   11.71608 2.8734e+00     19.887 0.0000e+00
        323 260.719277    0.02236     1.3417     80.500  1023.8434  48657.589    30.9066     19.925    6.47771    10.0270    10.0348    23.7522   11.71630 2.7656e+00     20.114 0.0000e+00
        324 260.719280    0.02243     1.3458     80.750  1023.8507  48668.785    30.9140     20.150    6.47784    10.0259    10.0317    23.7585   11.71643 2.6607e+00     20.341 0.0000e+00
        325 260.719282    0.02250     1.3500     81.000  1023.8586  48681.124    30.9223     20.377    6.47784    10.0260    10.0293    23.7654   11.71633 2.5589e+00     20.570 0.0000e+00
        326 260.719285    0.02257     1.3542     81.250  1023.8651  48691.016    30.9290     20.605    6.47771    10.0264    10.0282    23.7708   11.71604 2.4602e+00     20.800 0.0000e+00
        327 260.719288    0.02264     1.3583     81.500  1023.8696  48697.387    30.9334     20.834    6.47752    10.0265    10.0283    23.7742   11.71566 2.3650e+00     21.031 0.0000e+00
        328 260.719291    0.02271     1.3625     81.750  1023.8728  48701.460    30.9363     21.062    6.47733    10.0255    10.0288    23.7764   11.71532 2.2733e+00     21.262 0.0000e+00
        329 260.719294    0.02278     1.3667     82.000  1023.8753  48704.332    30.9382     21.291    6.47724    10.0229    10.0288    23.7779   11.71515 2.1854e+00     21.493 0.0000e+00
        330 260.719297    0.02285     1.3708     82.250  1023.8778  48706.965    30.9399     21.518    6.47731    10.0183    10.0279    23.7793   11.71524 2.1014e+00     21.722 0.0000e+00
        331 260.719300    0.02292     1.3750     82.500  1023.8808  48710.336    30.9418     21.743    6.47760    10.0120    10.0253    23.7812   11.71570 2.0213e+00     21.950 0.0000e+00
        332 260.719303    0.02299     1.3792     82.750  1023.8846  48715.058    30.9445     21.967    6.47813    10.0044    10.0207    23.7841   11.71655 1.9447e+00     22.175 0.0000e+00
        333 260.719306    0.02306     1.3833     83.000  1023.8892  48720.936    30.9478     22.189    6.47889     9.9958    10.0144    23.7877   11.71776 1.8709e+00     22.400 0.0000e+00
        334 260.719308    0.02313     1.3875     83.250  1023.8942  48727.439    30.9513     22.410    6.47982     9.9866    10.0068    23.7917   11.71925 1.7992e+00     22.623 0.0000e+00
        335 260.719311    0.02319     1.3917     83.500  1023.8995  48734.307    30.9550     22.632    6.48088     9.9773     9.9983    23.7959   11.72097 1.7297e+00     22.847 0.0000e+00
        336 260.719314    0.02326     1.3958     83.750  1023.9050  48741.555    30.9589     22.854    6.48202     9.9684     9.9891    23.8004   11.72281 1.6623e+00     23.072 0.0000e+00
        337 260.719317    0.02333     1.4000     84.000  1023.9107  48749.127    30.9629     23.078    6.48317     9.9607     9.9798    23.8051   11.72468 1.5966e+00     23.297 0.0000e+00
        338 260.719320    0.02340     1.4042     84.250  1023.9165  48756.823    30.9671     23.301    6.48425     9.9545     9.9710    23.8098   11.72641 1.5329e+00     23.523 0.0000e+00
        339 260.719323    0.02347     1.4083     84.500  1023.9219  48764.059    30.9712     23.524    6.48517     9.9498     9.9633    23.8142   11.72789 1.4715e+00     23.748 0.0000e+00
        340 260.719326    0.02354     1.4125     84.750  1023.9265  48769.898    30.9744     23.746    6.48591     9.9463     9.9572    23.8178   11.72908 1.4123e+00     23.972 0.0000e+00
