CTD-processing/allCTD/CNV--homogene/2018_03-02_alongbay_skb02_cast002.cnv
* Sea-Bird SBE19plus Data File:
* FileName = C:\Users\Kim.Powell\Desktop\Not Processed\2018\2018_03-02_AlongBay,T9_5028\2018_03-02_TRANSECT_STATION_cast002.hex
* Software Version 1.59
* Temperature SN =  5028
* Conductivity SN =  5028
* System UpLoad Time = Mar 05 2018 11:18:14
** 2018_03-02
** Station: KB02
** Start Time: 11:00
** Depth (m): 122.8
** Comment:**CTD time 1 hour off
** Comment:
# nquan = 17
# nvalues = 883                         
# units = specified
# name 0 = scan: Scan Count
# name 1 = timeJ: Julian Days
# name 2 = timeH: Time, Elapsed [hours]
# name 3 = timeM: Time, Elapsed [minutes]
# name 4 = timeS: Time, Elapsed [seconds]
# name 5 = density00: Density [density, kg/m^3]
# name 6 = specc: Specific Conductance [uS/cm]
# name 7 = sal00: Salinity, Practical [PSU]
# name 8 = depSM: Depth [salt water, m], lat = 59.00
# name 9 = oxsolML/L: Oxygen Saturation, Garcia & Gordon [ml/l]
# name 10 = potemp090C: Potential Temperature [ITS-90, deg C]
# name 11 = tv290C: Temperature [ITS-90, deg C]
# name 12 = sigma-é00: Density [sigma-theta, kg/m^3]
# name 13 = n2satML/L: Nitrogen Saturation [ml/l]
# name 14 = par: PAR/Irradiance, Biospherical/Licor
# name 15 = prdM: Pressure, Strain Gauge [db]
# name 16 = flag:  0.000e+00
# span 0 =          1,        883       
# span 1 =  61.500104,  61.502656       
# span 2 =    0.00000,    0.06125       
# span 3 =     0.0000,     3.6750       
# span 4 =      0.000,    220.500       
# span 5 =  1015.5075,  1025.7330       
# span 6 =  33226.197,  51521.904       
# span 7 =    19.4434,    31.7205       
# span 8 =      0.286,    118.123       
# span 9 =    7.43474,    8.99920       
# span 10 =     1.2826,     3.8454      
# span 11 =     0.0043,     3.8529      
# span 12 =    15.5061,    25.2219      
# span 13 =   13.28865,   16.06252      
# span 14 = 3.7976e-02, 2.1478e+02      
# span 15 =      0.288,    119.272      
# span 16 = 0.0000e+00, 0.0000e+00      
# interval = seconds: 0.25
# start_time = Mar 02 2018 12:00:09 [Instrument's time stamp, header]
# bad_flag = -9.990e-29
*END*
[from data line 766]
        767  61.502321    0.05319     3.1917    191.500  1025.6258  51444.467    31.6858     96.503    7.44515     3.7922     3.7993    25.1701   13.30600 3.7976e-02     97.437 0.0000e+00
        768  61.502323    0.05326     3.1958    191.750  1025.6257  51443.164    31.6847     96.660    7.44526     3.7914     3.7990    25.1693   13.30619 3.7976e-02     97.595 0.0000e+00
        769  61.502326    0.05333     3.2000    192.000  1025.6264  51443.099    31.6844     96.835    7.44540     3.7907     3.7983    25.1691   13.30642 3.7976e-02     97.772 0.0000e+00
        770  61.502329    0.05340     3.2042    192.250  1025.6278  51444.367    31.6850     97.026    7.44552     3.7906     3.7975    25.1697   13.30662 3.7976e-02     97.965 0.0000e+00
        771  61.502332    0.05347     3.2083    192.500  1025.6297  51446.425    31.6861     97.224    7.44558     3.7908     3.7968    25.1707   13.30670 3.7976e-02     98.165 0.0000e+00
        772  61.502335    0.05354     3.2125    192.750  1025.6315  51448.275    31.6872     97.421    7.44555     3.7914     3.7967    25.1716   13.30664 3.7976e-02     98.364 0.0000e+00
        773  61.502338    0.05361     3.2167    193.000  1025.6331  51449.631    31.6881     97.609    7.44546     3.7923     3.7969    25.1722   13.30647 3.7976e-02     98.553 0.0000e+00
        774  61.502341    0.05368     3.2208    193.250  1025.6344  51450.552    31.6888     97.782    7.44530     3.7933     3.7976    25.1727   13.30621 3.7976e-02     98.728 0.0000e+00
        775  61.502344    0.05375     3.2250    193.500  1025.6353  51450.756    31.6891     97.944    7.44513     3.7941     3.7985    25.1728   13.30591 3.7976e-02     98.892 0.0000e+00
        776  61.502347    0.05382     3.2292    193.750  1025.6359  51450.420    31.6890     98.103    7.44496     3.7949     3.7994    25.1727   13.30563 3.7976e-02     99.052 0.0000e+00
        777  61.502350    0.05389     3.2333    194.000  1025.6366  51450.253    31.6890     98.271    7.44480     3.7957     3.8003    25.1727   13.30537 3.7976e-02     99.222 0.0000e+00
        778  61.502352    0.05396     3.2375    194.250  1025.6377  51450.501    31.6893     98.458    7.44464     3.7965     3.8011    25.1728   13.30511 3.7976e-02     99.410 0.0000e+00
        779  61.502355    0.05403     3.2417    194.500  1025.6387  51450.729    31.6895     98.661    7.44448     3.7973     3.8019    25.1729   13.30484 3.7976e-02     99.615 0.0000e+00
        780  61.502358    0.05410     3.2458    194.750  1025.6397  51450.724    31.6896     98.867    7.44433     3.7981     3.8027    25.1729   13.30458 3.7976e-02     99.823 0.0000e+00
        781  61.502361    0.05417     3.2500    195.000  1025.6405  51450.536    31.6896     99.057    7.44417     3.7988     3.8036    25.1728   13.30433 3.7976e-02    100.016 0.0000e+00
        782  61.502364    0.05424     3.2542    195.250  1025.6410  51450.067    31.6894     99.218    7.44404     3.7992     3.8044    25.1726   13.30411 3.7976e-02    100.179 0.0000e+00
        783  61.502367    0.05431     3.2583    195.500  1025.6413  51449.475    31.6891     99.345    7.44393     3.7996     3.8050    25.1723   13.30394 3.7976e-02    100.307 0.0000e+00
        784  61.502370    0.05438     3.2625    195.750  1025.6416  51449.092    31.6889     99.448    7.44385     3.7999     3.8055    25.1721   13.30382 3.7976e-02    100.411 0.0000e+00
        785  61.502373    0.05444     3.2667    196.000  1025.6421  51449.150    31.6890     99.552    7.44378     3.8004     3.8059    25.1721   13.30371 3.7976e-02    100.515 0.0000e+00
        786  61.502376    0.05451     3.2708    196.250  1025.6431  51449.874    31.6895     99.682    7.44370     3.8011     3.8062    25.1725   13.30356 3.7976e-02    100.647 0.0000e+00
        787  61.502378    0.05458     3.2750    196.500  1025.6445  51451.051    31.6903     99.856    7.44357     3.8020     3.8067    25.1731   13.30334 3.7976e-02    100.823 0.0000e+00
        788  61.502381    0.05465     3.2792    196.750  1025.6459  51451.762    31.6909    100.068    7.44341     3.8028     3.8074    25.1735   13.30306 3.7976e-02    101.036 0.0000e+00
        789  61.502384    0.05472     3.2833    197.000  1025.6465  51450.921    31.6904    100.298    7.44326     3.8029     3.8083    25.1730   13.30282 3.7976e-02    101.269 0.0000e+00
        790  61.502387    0.05479     3.2875    197.250  1025.6463  51448.677    31.6890    100.522    7.44320     3.8025     3.8091    25.1718   13.30274 3.7976e-02    101.496 0.0000e+00
        791  61.502390    0.05486     3.2917    197.500  1025.6461  51446.668    31.6876    100.721    7.44324     3.8018     3.8093    25.1706   13.30282 3.7976e-02    101.697 0.0000e+00
        792  61.502393    0.05493     3.2958    197.750  1025.6465  51446.019    31.6869    100.886    7.44334     3.8012     3.8089    25.1702   13.30300 3.7976e-02    101.863 0.0000e+00
        793  61.502396    0.05500     3.3000    198.000  1025.6473  51446.664    31.6871    101.022    7.44346     3.8008     3.8082    25.1704   13.30319 3.7976e-02    102.000 0.0000e+00
        794  61.502399    0.05507     3.3042    198.250  1025.6485  51447.869    31.6877    101.145    7.44354     3.8006     3.8076    25.1709   13.30332 3.7976e-02    102.125 0.0000e+00
        795  61.502402    0.05514     3.3083    198.500  1025.6495  51448.780    31.6882    101.277    7.44359     3.8006     3.8072    25.1713   13.30339 3.7976e-02    102.258 0.0000e+00
        796  61.502405    0.05521     3.3125    198.750  1025.6504  51449.253    31.6884    101.431    7.44361     3.8006     3.8070    25.1715   13.30342 3.7976e-02    102.413 0.0000e+00
        797  61.502407    0.05528     3.3167    199.000  1025.6513  51449.536    31.6885    101.611    7.44361     3.8006     3.8070    25.1716   13.30343 3.7976e-02    102.596 0.0000e+00
        798  61.502410    0.05535     3.3208    199.250  1025.6524  51449.900    31.6886    101.812    7.44360     3.8009     3.8070    25.1717   13.30341 3.7976e-02    102.799 0.0000e+00
        799  61.502413    0.05542     3.3250    199.500  1025.6537  51450.699    31.6891    102.021    7.44356     3.8014     3.8071    25.1721   13.30334 3.7976e-02    103.009 0.0000e+00
        800  61.502416    0.05549     3.3292    199.750  1025.6552  51451.783    31.6898    102.225    7.44348     3.8021     3.8073    25.1726   13.30320 3.7976e-02    103.215 0.0000e+00
        801  61.502419    0.05556     3.3333    200.000  1025.6565  51452.612    31.6904    102.415    7.44336     3.8029     3.8078    25.1731   13.30299 3.7976e-02    103.407 0.0000e+00
        802  61.502422    0.05563     3.3375    200.250  1025.6576  51453.034    31.6907    102.584    7.44321     3.8037     3.8085    25.1733   13.30274 3.7976e-02    103.578 0.0000e+00
        803  61.502425    0.05569     3.3417    200.500  1025.6584  51453.186    31.6910    102.735    7.44305     3.8046     3.8093    25.1734   13.30247 3.7976e-02    103.731 0.0000e+00
        804  61.502428    0.05576     3.3458    200.750  1025.6591  51453.279    31.6912    102.880    7.44289     3.8054     3.8102    25.1734   13.30220 3.7976e-02    103.877 0.0000e+00
        805  61.502431    0.05583     3.3500    201.000  1025.6601  51453.624    31.6915    103.033    7.44272     3.8065     3.8110    25.1736   13.30191 3.7976e-02    104.032 0.0000e+00
        806  61.502433    0.05590     3.3542    201.250  1025.6614  51454.487    31.6922    103.205    7.44252     3.8080     3.8119    25.1741   13.30157 3.7976e-02    104.206 0.0000e+00
        807  61.502436    0.05597     3.3583    201.500  1025.6634  51456.457    31.6937    103.400    7.44225     3.8102     3.8130    25.1752   13.30111 3.7976e-02    104.402 0.0000e+00
        808  61.502439    0.05604     3.3625    201.750  1025.6661  51459.592    31.6961    103.613    7.44185     3.8133     3.8145    25.1770   13.30042 3.7976e-02    104.618 0.0000e+00
        809  61.502442    0.05611     3.3667    202.000  1025.6689  51462.551    31.6986    103.836    7.44131     3.8168     3.8168    25.1787   13.29949 3.7976e-02    104.843 0.0000e+00
        810  61.502445    0.05618     3.3708    202.250  1025.6710  51463.970    31.7002    104.055    7.44067     3.8202     3.8199    25.1797   13.29841 3.7976e-02    105.063 0.0000e+00
        811  61.502448    0.05625     3.3750    202.500  1025.6719  51463.372    31.7005    104.261    7.44001     3.8232     3.8234    25.1797   13.29732 3.7976e-02    105.271 0.0000e+00
        812  61.502451    0.05632     3.3792    202.750  1025.6720  51461.446    31.7000    104.451    7.43941     3.8256     3.8268    25.1789   13.29635 3.7976e-02    105.464 0.0000e+00
        813  61.502454    0.05639     3.3833    203.000  1025.6719  51459.266    31.6991    104.628    7.43892     3.8274     3.8298    25.1780   13.29553 3.7976e-02    105.643 0.0000e+00
        814  61.502457    0.05646     3.3875    203.250  1025.6717  51457.173    31.6982    104.796    7.43852     3.8287     3.8322    25.1770   13.29490 3.7976e-02    105.812 0.0000e+00
        815  61.502459    0.05653     3.3917    203.500  1025.6714  51454.938    31.6970    104.961    7.43824     3.8292     3.8341    25.1759   13.29445 3.7976e-02    105.979 0.0000e+00
        816  61.502462    0.05660     3.3958    203.750  1025.6709  51452.345    31.6955    105.130    7.43810     3.8290     3.8353    25.1746   13.29423 3.7976e-02    106.149 0.0000e+00
        817  61.502465    0.05667     3.4000    204.000  1025.6704  51449.895    31.6939    105.309    7.43808     3.8282     3.8358    25.1732   13.29423 3.7976e-02    106.330 0.0000e+00
        818  61.502468    0.05674     3.4042    204.250  1025.6704  51448.434    31.6927    105.504    7.43818     3.8272     3.8356    25.1723   13.29440 3.7976e-02    106.528 0.0000e+00
        819  61.502471    0.05681     3.4083    204.500  1025.6709  51447.806    31.6920    105.722    7.43835     3.8258     3.8349    25.1718   13.29469 3.7976e-02    106.747 0.0000e+00
        820  61.502474    0.05688     3.4125    204.750  1025.6714  51447.043    31.6912    105.957    7.43858     3.8242     3.8339    25.1712   13.29508 3.7976e-02    106.985 0.0000e+00
        821  61.502477    0.05694     3.4167    205.000  1025.6719  51446.275    31.6902    106.201    7.43886     3.8227     3.8326    25.1706   13.29557 3.7976e-02    107.230 0.0000e+00
        822  61.502480    0.05701     3.4208    205.250  1025.6731  51446.920    31.6901    106.438    7.43916     3.8218     3.8310    25.1707   13.29605 3.7976e-02    107.470 0.0000e+00
        823  61.502483    0.05708     3.4250    205.500  1025.6754  51449.604    31.6914    106.659    7.43937     3.8218     3.8294    25.1719   13.29639 3.7976e-02    107.694 0.0000e+00
        824  61.502486    0.05715     3.4292    205.750  1025.6783  51453.499    31.6938    106.863    7.43942     3.8229     3.8285    25.1738   13.29644 3.7976e-02    107.900 0.0000e+00
        825  61.502488    0.05722     3.4333    206.000  1025.6813  51457.529    31.6964    107.053    7.43928     3.8248     3.8285    25.1759   13.29618 3.7976e-02    108.091 0.0000e+00
        826  61.502491    0.05729     3.4375    206.250  1025.6839  51460.704    31.6988    107.234    7.43896     3.8273     3.8296    25.1777   13.29562 3.7976e-02    108.275 0.0000e+00
        827  61.502494    0.05736     3.4417    206.500  1025.6855  51461.987    31.7000    107.413    7.43854     3.8296     3.8316    25.1785   13.29491 3.7976e-02    108.455 0.0000e+00
        828  61.502497    0.05743     3.4458    206.750  1025.6861  51461.205    31.7000    107.593    7.43810     3.8315     3.8340    25.1783   13.29417 3.7976e-02    108.637 0.0000e+00
        829  61.502500    0.05750     3.4500    207.000  1025.6861  51459.309    31.6992    107.781    7.43771     3.8329     3.8364    25.1774   13.29354 3.7976e-02    108.827 0.0000e+00
        830  61.502503    0.05757     3.4542    207.250  1025.6861  51457.306    31.6982    107.980    7.43741     3.8338     3.8383    25.1764   13.29306 3.7976e-02    109.028 0.0000e+00
        831  61.502506    0.05764     3.4583    207.500  1025.6863  51455.628    31.6973    108.194    7.43720     3.8343     3.8397    25.1756   13.29273 3.7976e-02    109.243 0.0000e+00
        832  61.502509    0.05771     3.4625    207.750  1025.6866  51454.329    31.6965    108.419    7.43708     3.8345     3.8406    25.1749   13.29254 3.7976e-02    109.471 0.0000e+00
        833  61.502512    0.05778     3.4667    208.000  1025.6872  51453.393    31.6959    108.651    7.43701     3.8345     3.8412    25.1744   13.29244 3.7976e-02    109.705 0.0000e+00
        834  61.502514    0.05785     3.4708    208.250  1025.6879  51452.824    31.6955    108.881    7.43699     3.8343     3.8414    25.1740   13.29241 3.7976e-02    109.938 0.0000e+00
        835  61.502517    0.05792     3.4750    208.500  1025.6887  51452.542    31.6952    109.106    7.43701     3.8340     3.8414    25.1737   13.29244 3.7976e-02    110.164 0.0000e+00
        836  61.502520    0.05799     3.4792    208.750  1025.6895  51452.433    31.6949    109.324    7.43704     3.8337     3.8413    25.1736   13.29251 3.7976e-02    110.385 0.0000e+00
        837  61.502523    0.05806     3.4833    209.000  1025.6904  51452.418    31.6947    109.539    7.43710     3.8334     3.8410    25.1735   13.29259 3.7976e-02    110.602 0.0000e+00
        838  61.502526    0.05813     3.4875    209.250  1025.6914  51452.437    31.6946    109.755    7.43716     3.8329     3.8407    25.1734   13.29270 3.7976e-02    110.820 0.0000e+00
        839  61.502529    0.05819     3.4917    209.500  1025.6923  51452.462    31.6944    109.970    7.43724     3.8325     3.8404    25.1733   13.29283 3.7976e-02    111.038 0.0000e+00
        840  61.502532    0.05826     3.4958    209.750  1025.6933  51452.784    31.6944    110.182    7.43731     3.8322     3.8399    25.1733   13.29296 3.7976e-02    111.252 0.0000e+00
        841  61.502535    0.05833     3.5000    210.000  1025.6946  51453.579    31.6947    110.388    7.43737     3.8320     3.8395    25.1736   13.29305 3.7976e-02    111.460 0.0000e+00
        842  61.502538    0.05840     3.5042    210.250  1025.6958  51454.250    31.6950    110.586    7.43741     3.8318     3.8392    25.1738   13.29311 3.7976e-02    111.660 0.0000e+00
        843  61.502541    0.05847     3.5083    210.500  1025.6966  51454.243    31.6949    110.774    7.43745     3.8313     3.8390    25.1737   13.29318 3.7976e-02    111.850 0.0000e+00
        844  61.502543    0.05854     3.5125    210.750  1025.6970  51453.577    31.6943    110.950    7.43752     3.8306     3.8388    25.1733   13.29330 3.7976e-02    112.028 0.0000e+00
        845  61.502546    0.05861     3.5167    211.000  1025.6971  51452.536    31.6934    111.121    7.43765     3.8294     3.8384    25.1726   13.29351 3.7976e-02    112.200 0.0000e+00
        846  61.502549    0.05868     3.5208    211.250  1025.6972  51451.534    31.6924    111.295    7.43784     3.8280     3.8376    25.1719   13.29383 3.7976e-02    112.376 0.0000e+00
        847  61.502552    0.05875     3.5250    211.500  1025.6976  51450.947    31.6916    111.483    7.43808     3.8266     3.8365    25.1714   13.29425 3.7976e-02    112.565 0.0000e+00
        848  61.502555    0.05882     3.5292    211.750  1025.6984  51451.062    31.6913    111.689    7.43835     3.8252     3.8351    25.1713   13.29470 3.7976e-02    112.773 0.0000e+00
        849  61.502558    0.05889     3.5333    212.000  1025.6997  51451.960    31.6914    111.913    7.43861     3.8241     3.8337    25.1715   13.29513 3.7976e-02    113.000 0.0000e+00
        850  61.502561    0.05896     3.5375    212.250  1025.7014  51453.411    31.6919    112.152    7.43883     3.8234     3.8323    25.1721   13.29548 3.7976e-02    113.242 0.0000e+00
        851  61.502564    0.05903     3.5417    212.500  1025.7033  51455.081    31.6927    112.394    7.43898     3.8232     3.8312    25.1728   13.29572 3.7976e-02    113.486 0.0000e+00
